[{"mapping": [9, 3, 0, 8, 2, 7, 4, 12, 5, 11, 1, 6, 13], "R": [[0.13639719799907501, 0.5641442938138561, 0.8143322541415554], [0.57981120663199, 0.6210535783570091, -0.527362700116258], [-0.803252618446997, 0.5440897614982476, -0.24238721581556882]], "T": [-0.1758225258336048, 0.003223846775335784, -0.11705184463340154], "aligned_model": [[0.37730404537953344, -0.5453008118441365, -0.31181541820418907, 0.2930336382929981, -0.20086408956098645, 0.554225136069572, 0.34791128781941616, -0.08258657138584745, -0.5665688424717336, 0.16000742590785688, -0.6289363566042513, -0.26563110905312964, -0.015655626611442208], [-0.2540095343356337, -0.29152390829052127, -0.49612855867440947, 0.17509008321848207, -0.7615978809616432, -0.11225476899509308, -0.5404471034847405, 0.20112378162778743, 0.5152522683747381, 0.5876989218041728, 0.097750173518848, -0.2372263849196104, 0.020036550851735134], [-0.5227921009852237, 0.10612938855633072, -0.6893852640463016, 0.4839598239339038, -0.041693432513627754, 0.041345071766254404, 0.4690616400185459, -0.6530205755843935, 0.279868137163632, 0.06369375289705986, -0.4617208791283798, 0.6031317351888557, -0.09248032391130828]], "inverted": false, "swapped": false, "error_lsq": 0.04189822628589927, "error_max": 0.2469993845851432, "target": "495.xyz", "model": "0.xyz", "model_rescale": 3.8414455957264533, "target_rescale": 3.9546758410280245},
{"mapping": [13, 6, 8, 4, 9, 0, 7, 12, 5, 1, 10, 2, 14], "R": [[-0.878510226375443, 0.3603222730433543, 0.3136680438021032], [-0.3659782959110197, -0.08560828113092084, -0.926677456898502], [-0.30704994557210685, -0.9288913185893598, 0.20707788190312987]], "T": [-0.03544903607243039, -0.061621491507620085, -0.01845231934207523], "aligned_model": [[0.3950287001182526, -0.7567110613580437, -0.33207467246436695, 0.14375302770357692, -0.02271034868219688, 0.6743922281483892, 0.30845409685558717, -0.11765150575612532, -0.5522640446426907, 0.31091852692289634, -0.5644660678721154, -0.3378212262530508, -0.03372494498645236], [-0.4358179498097158, -0.32255309660294884, -0.417711651956598, 0.12022863736809553, -0.7437624992786288, -0.013595128178160276, -0.4653477360420122, 0.15826293798594837, 0.23755100936104778, 0.7295750841007335, 0.2605369310002017, -0.2290594658002813, 0.025456567586430237], [-0.5179650117510293, 0.12893479721467574, -0.6583862432491226, 0.46179177048568737, -0.024024693536956056, 0.12060240924311871, 0.34443989161259936, -0.7445261003803811, 0.26033226886717664, -0.06880488848243477, -0.3095472029857297, 0.6335755259134592, -0.04032554959571608]], "inverted": false, "swapped": false, "error_lsq": 0.03649328961932667, "error_max": 0.22750896576312185, "target": "495.xyz", "model": "1.xyz", "model_rescale": 4.316132596720782, "target_rescale": 3.9546758410280245},
{"mapping": [10, 2, 7, 3, 9, 8, 5, 11, 0, 1, 4, 12], "R": [[-0.05968890205076688, -0.8422011432064435, -0.5358492972410561], [0.4377893872151849, -0.5045123606085167, 0.7441825921337957], [-0.8970940237309171, -0.19016969362908942, 0.39882051127204]], "T": [-0.11869346372411649, 0.0807294089940541, -0.12480816301654946], "aligned_model": [[-0.0722250107207239, 0.6428028396801683, 0.11257347855292035, -0.46470278694596845, -0.6162915437164533, -0.4872044941716228, -0.058597147072557094, -0.3673932339845891, 0.4647266586515081, 0.15689325601772103, 0.39008735698761576, -0.10286081864623808], [-0.6505411142917678, -0.42284365364668874, -0.537603574455491, 0.4834488248408266, -0.2145643949636118, -0.12187347313139262, 0.5110127872182376, 0.5360904305577515, -0.004518405987995869, -0.015597350393404888, 0.3975284591815133, 0.052237892813004116], [0.24809985090358655, 0.009138603894451425, -0.41514129355397433, -0.1309499873041692, -0.36521277964278337, 0.40207085134002357, -0.692280037838036, 0.5201925284734386, -0.6451168683118049, 0.5833023832263384, 0.009019116431831786, -0.07386390640948129]], "inverted": false, "swapped": true, "error_lsq": 0.045514683603659005, "error_max": 0.24731779924151176, "target": "495.xyz", "model": "2.xyz", "model_rescale": 3.795458400668931, "target_rescale": 3.9546758410280245},
{"mapping": [10, 8, 1, 6, 7, 0, 4, 9, 3, 5, 2, 12], "R": [[-0.8137542459621223, -0.5782470772469301, -0.058603283474567974], [-0.33279985662976425, 0.3809163868569475, 0.8626395316996878], [-0.47649583692391917, 0.7214797459937674, -0.5024128715657499]], "T": [0.13625512468288994, -0.09086589553929106, 0.06861474204241308], "aligned_model": [[-0.2736841388712622, -0.10696920503265678, -0.6086596195581829, 0.21421569240228977, 0.17535919981766085, 0.2211402268403896, -0.22723912930150916, 0.5827662378810671, 0.3809959509082522, 0.6121107742812034, -0.4593283042074614, 0.08259614058377462], [-0.04564545570246345, -0.6109014846942923, -0.2549803424630305, -0.1415990236231667, 0.43919617445881787, 0.676971731439938, 0.12479305511377192, -0.24376447586443356, -0.4738966346802769, 0.14770031307494394, 0.5670598483229439, -0.09916466009304291], [-0.6426385139886237, -0.28473312426359426, -0.0007819617390251998, 0.9030419006782533, -0.41884651483511653, 0.2155408322532556, 0.5141396535477969, -0.3435096438996658, 0.34308237677122166, 0.5455080701749313, -0.1840080611171882, 0.041976417056855356]], "inverted": true, "swapped": true, "error_lsq": 0.058051648940337965, "error_max": 0.37074338384599054, "target": "495.xyz", "model": "3.xyz", "model_rescale": 3.7530521520055578, "target_rescale": 3.9546758410280245},
{"mapping": [9, 10, 8, 1, 3, 2, 5, 7, 0, 4, 12], "R": [[-0.35524153008975556, -0.4931538842040532, 0.7941049690021748], [-0.4294433963571401, -0.6684614558731028, -0.6072377222614358], [0.8302902050637079, -0.5567391925367458, 0.02568359143108223]], "T": [0.006337583093326944, -0.20027900349501437, 0.06397093168742746], "aligned_model": [[-0.3764935989529356, -0.22160064425472764, 0.247834328403573, 0.4597987062294085, 0.27360362036009506, -0.23216673502797897, -0.1123683706571087, -0.6259058357793685, -0.42495942951018845, 0.32629338407427505, 0.024164177560161516], [-0.6306673560496023, 0.16427269435667574, -0.33342018347828584, 0.27208772046873464, -0.6400757930870542, 0.6843287001730431, -0.4289052787889282, 0.11979409963035437, 0.21818361237137007, 0.20502522654993682, -0.163420083831898], [-0.1826113296402366, -0.6368303998638085, -0.5511734020860333, -0.3333829638118814, 0.19470253020225964, -0.045523756449922015, 0.7306182180045206, -0.06995020797061655, 0.5711585734922862, 0.39636537955719053, 0.019458135811557524]], "inverted": false, "swapped": true, "error_lsq": 0.040218733056016115, "error_max": 0.19642269113683614, "target": "495.xyz", "model": "4.xyz", "model_rescale": 3.7855080009869324, "target_rescale": 3.9546758410280245},
{"mapping": [2, 10, 9, 6, 5, 1, 4, 14, 8, 13, 15, 7, 16], "R": [[-0.5547099603701315, -0.8097091488674999, 0.19148878323921753], [0.2737316863970687, 0.039737880025395356, 0.9609848410632209], [-0.7857275760264393, 0.5854844106646702, 0.19960005295655583]], "T": [0.021230296746016813, -0.06320665652724054, -0.049766234792393234], "aligned_model": [[0.2942784337196016, -0.6565604674804871, -0.3439881557457505, 0.13241485966177946, -0.12405545897703615, 0.7623643135944062, 0.3847047071591454, 0.027793337028165232, -0.5161052093762692, 0.010814870334606652, -0.6203096094246595, -0.2534766645114982, 0.01724775175165664], [-0.38469135278327876, -0.3248621720321714, -0.2978715007620134, 0.20476127883848316, -0.8183852613937915, -0.21600902925684584, -0.36273116604015954, 0.17291105527417278, 0.3202990949198714, 0.6590779924083622, 0.323820588383949, -0.3134560127494361, -0.05909987507303031], [-0.6562957003149751, 0.005914508821402049, -0.6140905317075899, 0.5349629731765816, 0.20262348083622417, -0.02795470234407782, 0.5204724915680862, -0.6837242390866752, 0.19416770386910728, 0.00558756977459076, -0.39321137913545967, 0.6008341164394112, -0.1031893185412785]], "inverted": false, "swapped": false, "error_lsq": 0.043341363629791636, "error_max": 0.2985363182618431, "target": "495.xyz", "model": "5.xyz", "model_rescale": 4.2253639853439635, "target_rescale": 3.9546758410280245},
{"mapping": [0, 8, 1, 11, 9, 7, 12, 4, 5, 6, 10, 11, 13], "R": [[-0.8299299309696216, 0.5429564613539795, -0.12811943940996515], [0.5358879528937637, 0.7120922010977092, -0.4535954134238472], [-0.15504970694616074, -0.44511007426229326, -0.8819504578864538]], "T": [-0.08690759202571305, -0.03813141255742864, -0.13665948657605062], "aligned_model": [[0.4542849812109704, -0.7015958987536641, -0.39181840945146573, -0.10098876843320223, -0.11926442505041047, 0.6945836426230625, 0.4777990877540982, -0.03898475736141107, -0.4740224096548131, 0.24158375008175745, -0.7813843976283249, -0.10098876843320223, -0.04408091916973499], [-0.4938854934436105, -0.383201227507756, -0.35474468888412874, 0.0005146537354910261, -0.6474021737661976, -0.02493571538566091, -0.3857576888949053, 0.2090014713835466, 0.34785905268999756, 0.4031018491300636, 0.23175754576619084, 0.0005146537354910261, 0.0009414011755901897], [-0.5141001650351272, 0.08458694612007728, -0.7244444886207596, 0.6404260884054007, -0.11825833503376473, -0.0006869166577210539, 0.5203078659467619, -0.7981275899637198, 0.18255007650242125, 0.1966941020714378, -0.3676884697018108, 0.6404260884054007, -0.15558822908324899]], "inverted": true, "swapped": false, "error_lsq": 0.05565305775273052, "error_max": 0.35338175675842615, "target": "495.xyz", "model": "6.xyz", "model_rescale": 3.89814844738969, "target_rescale": 3.9546758410280245},
{"mapping": [2, 7, 4, 6, 0, 5, 1, 10, 8, 9, 11, 3, 12], "R": [[0.2555640880052724, -0.6976398669152002, 0.6693172738041171], [0.6435838967064638, -0.39385562810353936, -0.6562602472428833], [0.7214476868229307, 0.5984783707885428, 0.34833442964503847]], "T": [-0.15700252734520104, -0.13559560095693646, -0.04537382332698759], "aligned_model": [[0.262811462796967, -0.7457765928153233, -0.3649845214400253, 0.11144771343359328, -0.040249415472935035, 0.5727035412883728, 0.5759780094708205, 0.19899142104320733, -0.47463963221287975, 0.21732576472940862, -0.6480895966670012, -0.4516597084236904, -0.09873573799685426], [-0.4806759983884379, -0.41269075578391184, -0.40327084081114817, 0.06364448807719711, -0.632693411411044, 0.11213032989403035, -0.5132127349278133, 0.12984661861101243, 0.37077818175955346, 0.6750513097651042, 0.3934055584664409, -0.27500671311591485, -0.1235423924009563], [-0.49949228530623263, 0.0431589646509973, -0.5936340211214333, 0.5425153721641834, 0.2550806077905833, 0.04810088238629224, 0.14155248518617589, -0.6299355393448931, 0.2714526814092896, -0.07136987925729335, -0.41188662378102087, 0.6936279521210735, -0.20307362354237432]], "inverted": true, "swapped": false, "error_lsq": 0.056105401160924204, "error_max": 0.3524954955760222, "target": "495.xyz", "model": "7.xyz", "model_rescale": 3.7474275329858107, "target_rescale": 3.9546758410280245},
{"mapping": [8, 11, 9, 0, 7, 3, 6, 4, 12, 1, 13, 10, 14], "R": [[0.19539678353552986, 0.7530315557197499, 0.6283021351820018], [-0.5327065132466534, -0.45640869390100497, 0.7126814680319474], [0.8234341914983626, -0.47395630623705387, 0.31196402364626247]], "T": [-0.052399336985261113, -0.035883018875898634, -0.04281942790003587], "aligned_model": [[0.25670891081651187, -0.598063992522555, -0.2773221742801496, 0.31143842762770857, -0.16117300096286644, 0.6526325740778429, 0.38486434603567765, -0.05279475391283152, -0.5607171375380083, 0.1955603857873771, -0.6582021422322731, -0.32431007914750826, -0.053498656015265336], [-0.20361074402366625, -0.3336801787831723, -0.6615558967414628, 0.1150987769583388, -0.6748017404980075, -0.1638404599847056, -0.4932624359245187, 0.23221659862684074, 0.2634748236095674, 0.644954231626176, 0.4373011479307967, -0.2712701847166174, 0.012739701654542746], [-0.627224952526726, -0.03597173935608439, -0.41468446693306793, 0.48542276654780203, 0.16653383600973523, -0.016524283249250205, 0.47345824813193516, -0.7779032901809757, 0.13784743287697512, 0.15662588856827367, -0.5088790100683169, 0.6249535800469102, -0.0775570365118626]], "inverted": true, "swapped": false, "error_lsq": 0.05214229773616144, "error_max": 0.4156493071001387, "target": "495.xyz", "model": "8.xyz", "model_rescale": 4.019505241142653, "target_rescale": 3.9546758410280245},
{"mapping": [11, 4, 8, 2, 5, 6, 6, 9, 0, 1, 7, 3, 12], "R": [[0.04934205129420046, -0.9986433412407781, 0.016638478582354677], [0.9866717231467738, 0.05132331071905558, 0.1544177079204693], [-0.15506215759061456, 0.00879742986844792, 0.987865543741178]], "T": [0.019424766346487626, -0.013385023995698436, -0.05430916097542638], "aligned_model": [[0.21470011847362386, -0.7598954319473818, -0.3125370673029856, 0.07762930623852746, -0.034441847368745455, 0.6560757995422103, 0.6560757995422103, 0.09304195938102838, -0.5030803080327447, 0.16691514306803157, -0.7728978684632709, -0.3835166231567503, 0.017053727759906833], [-0.45014825536423697, -0.2731323451101152, -0.22401466848575188, 0.08361298483644335, -0.6485310289423345, -0.2722540419924683, -0.2722540419924683, 0.1484204877960761, 0.30341920274982104, 0.6450199270624569, 0.24622869460223903, -0.3299517010807945, -0.05265157434475444], [-0.4522475237517799, 0.05876616324789396, -0.603466174267777, 0.5263592297909506, 0.1559589047624285, 0.1817504319647973, 0.1817504319647973, -0.7144148696872658, 0.16765842052064772, -0.0867870206216779, -0.40702654013269046, 0.6355347223244601, -0.057739202759436614]], "inverted": true, "swapped": false, "error_lsq": 0.053514609695386246, "error_max": 0.44386230997204357, "target": "495.xyz", "model": "9.xyz", "model_rescale": 3.877068213659057, "target_rescale": 3.9546758410280245},
{"mapping": [12, 4, 5, 9, 6, 10, 14, 0, 7, 8, 1, 2, 15], "R": [[0.34388651299212597, 0.9221657651697053, 0.17706599823537122], [-0.6394742001457969, 0.3680708884672221, -0.6749789392350276], [-0.6876153092609338, 0.11888701616207661, 0.7162758294526408]], "T": [-0.04788307347896095, -0.2086442033880238, 0.004878365436832809], "aligned_model": [[0.24035688712061912, -0.7102916709731579, -0.4454043881766674, 0.26884345116828323, 0.2312658688510684, 0.6498786476239856, 0.382390157990925, 0.054771135132577004, -0.6435639677744714, 0.006317120119650979, -0.6266161709263646, -0.2592631093925015, -0.03356125303028628], [-0.38994461146291165, -0.2941469068254119, -0.2582524095637858, 0.1464200112297115, -0.7466120220795094, -0.28110384774906005, -0.3811253460409969, 0.22146831281881346, 0.315063984623863, 0.5585536472579801, 0.24838039502309223, -0.07125690075762878, -0.1636806667400434], [-0.6601352455960254, 0.11439921923025367, -0.6663229996419039, 0.4623267406470006, -0.10901223634048102, 0.11018249623142254, 0.6330795659675005, -0.65711209710047, 0.1977010181450026, 0.06646353236948607, -0.45239959004487057, 0.618717568683611, -0.07179099919517826]], "inverted": false, "swapped": false, "error_lsq": 0.04575011697146825, "error_max": 0.30405162389900564, "target": "495.xyz", "model": "10.xyz", "model_rescale": 4.260839863003843, "target_rescale": 3.9546758410280245},
{"mapping": [10, 8, 3, 9, 5, 0, 2, 1, 11, 6, 4, 12], "R": [[-0.9539697031627601, -0.29647649998423725, 0.04520498207778027], [0.19149715472568582, -0.7181818213452711, -0.6689870785158384], [0.23080434393555638, -0.6295367792641556, 0.7418981051156497]], "T": [-0.10427945892073406, -0.031823085955899125, -0.10799549933445388], "aligned_model": [[0.4271516920402595, 0.3292514181569849, -0.3021154364912824, -0.3992104478303742, -0.716043077515715, -0.4035275893942818, 0.35342234518845006, 0.6548218686935743, 0.318724877901123, -0.3474657983682696, 0.08962907103706541, -0.04574027432340402], [-0.06242241343171058, -0.5312659083360546, -0.3801473976286425, -0.41761817003082435, 0.17453290477291306, 0.6850837967147742, 0.678615677031108, 0.021622338457838078, -0.48689733654030887, 0.12654678779143552, 0.3956939402594344, -0.030665713527028297], [-0.7345901810413851, -0.2386004340403934, 0.24053599355880642, -0.5039431277494482, 0.19850435648674933, -0.22990717205504277, -0.4783871953028809, -0.02106914317024594, 0.4390016534868816, 0.6798495177017331, 0.2879312322131121, -0.12314742269238163]], "inverted": false, "swapped": true, "error_lsq": 0.047113099542540726, "error_max": 0.28260568353304605, "target": "495.xyz", "model": "11.xyz", "model_rescale": 3.890672605050136, "target_rescale": 3.9546758410280245},
{"mapping": [4, 5, 7, 11, 12, 2, 10, 3, 6, 0, 8, 9, 13], "R": [[0.6557522206083783, 0.7362639448899234, -0.16704618709299895], [0.03023232626480432, -0.24669090039490715, -0.968622530251578], [-0.7543706195337938, 0.6301261803142911, -0.18402707753676462]], "T": [-0.08037976455252253, 0.0656363826340325, 0.06322040846288185], "aligned_model": [[0.45535861663214655, -0.7091117552041338, -0.3795208436941704, 0.21568244181130958, -0.10190382021601788, 0.6158645722179582, 0.4697884205887006, -0.05304988523629882, -0.3387994255715257, 0.08603944417752386, -0.6061986549898234, -0.47742411378772637, -0.06160228899428207], [-0.1170405428779439, -0.39150941245173276, -0.4739308521305432, 0.036238317471570955, -0.6762569801719424, -0.022872738725498706, -0.6015500917743182, 0.16291766182131723, 0.48615428460894494, 0.47601797256926104, 0.3382914838925193, -0.25488868998876424, -0.05780677250875778], [-0.3499025413187343, 0.037029039622639565, -0.5252912602531099, 0.5260865744579086, -0.0020720106783166242, 0.1771242829267718, 0.29063562534057985, -0.8548496250412523, 0.36061293839428227, -0.32740234734521884, -0.3471023133734103, 0.6509617449213159, -0.04973313429810795]], "inverted": false, "swapped": false, "error_lsq": 0.05487028026805209, "error_max": 0.33508723025403875, "target": "495.xyz", "model": "12.xyz", "model_rescale": 4.124412569039231, "target_rescale": 3.9546758410280245},
{"mapping": [10, 9, 11, 0, 7, 4, 5, 2, 6, 1, 8, 3, 12], "R": [[0.5735823231208568, -0.4709844611339747, 0.6702066516930584], [-0.3040722709239058, 0.6372967241638292, 0.7080910530611377], [-0.7606203866965834, -0.6099397697645168, 0.22232882089632133]], "T": [-0.07708603773241168, -0.11577113218970332, 0.11220890536592976], "aligned_model": [[0.13396186759812928, -0.663737848317216, -0.32808876862390857, 0.26648497610726674, -0.10441732043612217, 0.6569227523756573, 0.4959957686887339, 0.17165528986269607, -0.5847750456999798, -0.02038531931458054, -0.48906565521183204, -0.3913562742884311, -0.02807171500675254], [-0.5172125279494829, -0.3661716172739831, -0.25109163397931844, 0.07016903407257723, -0.741111948486915, 0.0559880549177323, -0.553146176241366, 0.22038474754243226, 0.3108282811522063, 0.687390186082213, 0.1739600590844635, -0.04453217012121222, -0.14169064906523485], [-0.46995366619251566, 0.07001267084766664, -0.8413312627533333, 0.5413389630565515, 0.14797954939914482, -0.1114116067473562, 0.3446442578020322, -0.641131980366856, 0.200964899582234, -0.008543834857023147, -0.39889260361521683, 0.7485363403114573, 0.003885246888561872]], "inverted": false, "swapped": false, "error_lsq": 0.05107069657509136, "error_max": 0.3301723548581442, "target": "495.xyz", "model": "13.xyz", "model_rescale": 3.9028299243045295, "target_rescale": 3.9546758410280245},
{"mapping": [12, 10, 14, 3, 5, 2, 0, 11, 7, 6, 9, 4, 15], "R": [[-0.18503885356264177, -0.013074117577977995, 0.9826442337498249], [0.9420038568663611, -0.287235383098318, 0.1735643060806652], [0.27998099278544525, 0.9577707983363868, 0.06546557517471852]], "T": [0.05774317728130968, -0.15145319060378795, -0.04863274781335135], "aligned_model": [[0.2811041814849366, -0.6598755955101634, -0.5646882638195843, 0.11416310124476728, 0.003234944476013149, 0.7747335358008369, 0.43110593029766103, -0.006999173591106869, -0.6776171307062451, 0.1015987113264207, -0.4270529624087791, -0.2298192689812672, -0.0247653018798297], [-0.5206448814712765, -0.34038878182053667, -0.21117380175255812, 0.18173369048758783, -0.6561893173185571, -0.027130948065335586, -0.3449126930740178, 0.07347482365574273, 0.28702033257376247, 0.513567838022044, 0.3910359706581389, -0.36879691928452096, -0.07383167287636111], [-0.5945701491300575, 0.019772232691082234, -0.6747822527369234, 0.4752877992991952, 0.0174893256611606, 0.0636996845293794, 0.6657831568309608, -0.7493984038944006, 0.2473641149164501, -0.03340166550460948, -0.3160718424098246, 0.5253296350876075, -0.06040466198467304]], "inverted": true, "swapped": false, "error_lsq": 0.053493665485152185, "error_max": 0.3328162867346489, "target": "495.xyz", "model": "14.xyz", "model_rescale": 3.942246331269136, "target_rescale": 3.9546758410280245},
{"mapping": [11, 0, 8, 5, 6, 10, 9, 13, 1, 3, 12, 2, 14], "R": [[0.9366690896715595, 0.23754197531303375, 0.2573418473902649], [0.27730810785954774, -0.9518452868066773, -0.13073164612775146], [0.21389537107943626, 0.19381527274262023, -0.9574363740126517]], "T": [0.02635491798314657, -0.09184875451864231, -0.05288222047467757], "aligned_model": [[0.3026772740465834, -0.650195769218726, -0.3874763395650641, -0.0526363390057127, 0.1629086988451727, 0.735654589433849, 0.3971700984363754, -0.03785311004826308, -0.49341912849788305, 0.05182709034837181, -0.48043909075728064, -0.366412233104923, -0.0666830331788393], [-0.38444531886888517, -0.31262774213086425, -0.6251742256980852, 0.1625585450364217, -0.628378682923546, -0.15644603541554636, -0.539014249316475, 0.2205713442006768, 0.46625127362398616, 0.6150473295544293, 0.44847466979169043, -0.27797637292172256, -0.08507689519796771], [-0.6462996374136613, 0.13219422087822386, -0.431232003552563, 0.5231532519066109, -0.1321166208102358, -0.011389047255291843, 0.5045237611401687, -0.8006795576977014, 0.22098040014477166, 0.07438531371138128, -0.39826127022887475, 0.5746035509442808, -0.023765388411761776]], "inverted": false, "swapped": false, "error_lsq": 0.05245808071833561, "error_max": 0.36608429070171755, "target": "495.xyz", "model": "15.xyz", "model_rescale": 4.355366556412066, "target_rescale": 3.9546758410280245},
{"mapping": [10, 2, 7, 3, 9, 8, 5, 11, 0, 1, 4, 12], "R": [[-0.05968890205076688, -0.8422011432064435, -0.5358492972410561], [0.4377893872151849, -0.5045123606085167, 0.7441825921337957], [-0.8970940237309171, -0.19016969362908942, 0.39882051127204]], "T": [-0.11869346372411649, 0.0807294089940541, -0.12480816301654946], "aligned_model": [[-0.0722250107207239, 0.6428028396801683, 0.11257347855292035, -0.46470278694596845, -0.6162915437164533, -0.4872044941716228, -0.058597147072557094, -0.3673932339845891, 0.4647266586515081, 0.15689325601772103, 0.39008735698761576, -0.10286081864623808], [-0.6505411142917678, -0.42284365364668874, -0.537603574455491, 0.4834488248408266, -0.2145643949636118, -0.12187347313139262, 0.5110127872182376, 0.5360904305577515, -0.004518405987995869, -0.015597350393404888, 0.3975284591815133, 0.052237892813004116], [0.24809985090358655, 0.009138603894451425, -0.41514129355397433, -0.1309499873041692, -0.36521277964278337, 0.40207085134002357, -0.692280037838036, 0.5201925284734386, -0.6451168683118049, 0.5833023832263384, 0.009019116431831786, -0.07386390640948129]], "inverted": false, "swapped": true, "error_lsq": 0.045514683603659005, "error_max": 0.24731779924151176, "target": "495.xyz", "model": "16.xyz", "model_rescale": 3.795458400668931, "target_rescale": 3.9546758410280245},
{"mapping": [2, 7, 4, 6, 0, 5, 1, 10, 8, 9, 11, 3, 12], "R": [[0.2555640880052724, -0.6976398669152002, 0.6693172738041171], [0.6435838967064638, -0.39385562810353936, -0.6562602472428833], [0.7214476868229307, 0.5984783707885428, 0.34833442964503847]], "T": [-0.15700252734520104, -0.13559560095693646, -0.04537382332698759], "aligned_model": [[0.262811462796967, -0.7457765928153233, -0.3649845214400253, 0.11144771343359328, -0.040249415472935035, 0.5727035412883728, 0.5759780094708205, 0.19899142104320733, -0.47463963221287975, 0.21732576472940862, -0.6480895966670012, -0.4516597084236904, -0.09873573799685426], [-0.4806759983884379, -0.41269075578391184, -0.40327084081114817, 0.06364448807719711, -0.632693411411044, 0.11213032989403035, -0.5132127349278133, 0.12984661861101243, 0.37077818175955346, 0.6750513097651042, 0.3934055584664409, -0.27500671311591485, -0.1235423924009563], [-0.49949228530623263, 0.0431589646509973, -0.5936340211214333, 0.5425153721641834, 0.2550806077905833, 0.04810088238629224, 0.14155248518617589, -0.6299355393448931, 0.2714526814092896, -0.07136987925729335, -0.41188662378102087, 0.6936279521210735, -0.20307362354237432]], "inverted": true, "swapped": false, "error_lsq": 0.056105401160924204, "error_max": 0.3524954955760222, "target": "495.xyz", "model": "17.xyz", "model_rescale": 3.7474275329858107, "target_rescale": 3.9546758410280245},
{"mapping": [0, 11, 1, 5, 3, 4, 8, 2, 12, 9, 7, 10, 13], "R": [[0.4215947007400531, -0.9011263184255528, 0.10113983660612827], [0.3992559556204306, 0.2846128034376815, 0.8715447401143332], [-0.8141575954380834, -0.3270579617745957, 0.4797712990898114]], "T": [-0.08724312120096521, -0.07004979060953792, -0.05879417960615506], "aligned_model": [[0.5063788542194864, -0.7625389537229315, -0.3409711278769285, 0.13576746309373167, -0.22616754019093377, 0.7075033746674454, 0.3664213727347301, 0.039054333287278295, -0.4343829562477253, 0.08693630533991846, -0.6799420980182344, -0.2548295740158039, -0.02810674553637319], [-0.41222857368828164, -0.3061351773579182, -0.4700971992441311, 0.17803492527816192, -0.7284143886014762, 0.08748759329324154, -0.5276722920833297, 0.10802885862759437, 0.45476344221914106, 0.5759720946451021, 0.3058360431371, -0.29775669107051417, -0.06405499542057813], [-0.5380321387554068, 0.041085200389851154, -0.5628800713772558, 0.5830314896419289, 0.02977919804451125, 0.12227432123967501, 0.2599919937226749, -0.7341975194597207, 0.3453121540303257, -0.052358575671413096, -0.33235778263962557, 0.5708912329443117, -0.1464425287545093]], "inverted": false, "swapped": false, "error_lsq": 0.04852252501226184, "error_max": 0.2549477954813236, "target": "495.xyz", "model": "18.xyz", "model_rescale": 3.922800546911778, "target_rescale": 3.9546758410280245},
{"mapping": [8, 11, 4, 3, 13, 5, 12, 6, 9, 2, 10, 7, 14], "R": [[0.9455836595893743, -0.2123061356998862, 0.2465717896713815], [-0.29250666712344164, -0.222729581511471, 0.9299631085199355], [-0.14251804238728016, -0.9514818118408289, -0.2727104129478574]], "T": [0.06594725447776242, -0.04519756184615402, -0.09593634023699782], "aligned_model": [[0.38176512532770945, -0.6059976590200912, -0.4043239314772298, 0.18909506727362438, -0.16843583577381238, 0.8151577979553112, 0.3958958095735975, 0.005677047330465451, -0.47605126480618276, -0.1515538828453899, -0.595966078341275, -0.29039058093988424, 0.020251093476817153], [-0.4174596987838612, -0.26037398051245525, -0.3201837718145081, 0.13379131551056805, -0.6894868039484444, -0.09190416754403645, -0.5064921892282949, 0.051760614454842466, 0.4059647174177419, 0.6323726739370756, 0.289009340454855, -0.2669566905241543, -0.056277719685216734], [-0.46481386445878703, 0.0011860302196146782, -0.572480918508423, 0.5056838402517229, -0.053868700232313216, 0.042033854776177826, 0.44899967647051964, -0.7761821679286628, 0.31079869486374323, -0.013955893595252455, -0.41339048425478203, 0.5838115946304026, -0.011724688878612305]], "inverted": true, "swapped": false, "error_lsq": 0.041714891896629344, "error_max": 0.27056758512017653, "target": "495.xyz", "model": "19.xyz", "model_rescale": 3.9282355846067225, "target_rescale": 3.9546758410280245},
{"mapping": [8, 5, 6, 10, 7, 9, 12, 4, 1, 0, 3, 2, 13], "R": [[-0.0998077304723416, 0.3668500695306338, 0.9249105056292364], [-0.7918131036942595, -0.5921988941167183, 0.14944055214365226], [0.6025532555351636, -0.7174409357517209, 0.34958271975552624]], "T": [-0.02175496900584771, -0.14447629441082077, -0.10264756717396847], "aligned_model": [[0.4142773857242149, -0.7079086239918905, -0.39153803613540883, 0.2470743376987823, -0.08523937216022424, 0.6586818233296258, 0.5435209502885191, 0.08042967249872421, -0.5113324863302334, -0.06847215291129724, -0.5570136213929815, -0.4352613646686354, -0.07209580421553502], [-0.30232263149998717, -0.2667802200001954, -0.4937886973541216, 0.1693739649070639, -0.6984944945863909, -0.2682360535019665, -0.5395981330471128, 0.24591979943371928, 0.3251160080520648, 0.6538256269396753, 0.2795783631081131, -0.1766867784786333, -0.02414311423811691], [-0.7056250946360421, -0.05877201836469084, -0.5126297405319034, 0.6533042616976003, 0.17507773021533488, -0.09196492219727759, 0.39448039720356465, -0.5889777368029142, 0.21562546075128478, -0.07565617423308452, -0.41892417336349697, 0.6091748515668047, -0.009015867949832529]], "inverted": false, "swapped": false, "error_lsq": 0.043172087843759914, "error_max": 0.2314669305938843, "target": "495.xyz", "model": "20.xyz", "model_rescale": 4.067790424073018, "target_rescale": 3.9546758410280245},
{"mapping": [0, 11, 3, 1, 12, 7, 9, 2, 13, 5, 6, 10, 14], "R": [[0.187965767825021, 0.603584877963475, -0.7748252481816578], [-0.9402044433473208, 0.33872607754491685, 0.03578056876280278], [0.28405012732949975, 0.721768619077369, 0.6311620914465974]], "T": [-0.04650074384067701, 0.033543522357679836, -0.11550640376257643], "aligned_model": [[0.42836980773269906, -0.6097533171262204, -0.4239121517637019, 0.3619425664017434, -0.1463616003845412, 0.659994751623181, 0.23944290141676736, -0.019603357254518866, -0.43931464173577295, -0.010286848852705324, -0.6010133166390328, -0.26042435233703987, -0.06395773334719745], [-0.27260875033387444, -0.2623711053514841, -0.4997681523408421, 0.19633871078370663, -0.7165892945309627, -0.11768135178995513, -0.43007085379753823, 0.0674558457653031, 0.25387808745606416, 0.593232010361732, 0.32479788584305713, -0.2263779790470999, -0.006471413283994559], [-0.5458862066055452, -0.0005571724728080651, -0.660377309070098, 0.5772972410188055, 0.004253494595444149, 0.07066316823321467, 0.4388832078175679, -0.8583714093018491, 0.42047253810040824, 0.06862254850572913, -0.509516054728955, 0.6314636922848147, -0.05085076502138125]], "inverted": false, "swapped": false, "error_lsq": 0.04348756870121562, "error_max": 0.23301649138406394, "target": "495.xyz", "model": "21.xyz", "model_rescale": 4.186013935880536, "target_rescale": 3.9546758410280245},
{"mapping": [1, 8, 2, 4, 9, 7, 10, 0, 3, 6, 5, 11, 12], "R": [[-0.9632122491632142, -0.2665749550906267, -0.03405813236765384], [0.2644755331295572, -0.9627701223326681, 0.05591407621857036], [-0.04769544462292756, 0.04484958039904026, 0.9978545283257734]], "T": [-0.07332217577107913, -0.1215857177601504, -0.037861042781485874], "aligned_model": [[0.3518921189044866, -0.6107667378288834, -0.534903387949101, 0.20321130957667904, 0.030924673160193816, 0.6579903124413827, 0.4583626574764589, 0.059607594382472484, -0.4194606742309537, 0.13632818342039715, -0.6690613884205536, -0.4647423058345393, -0.08425964736437902], [-0.3476110752973146, -0.6682198857598506, -0.29830296344801516, 0.1697422893974123, -0.7265396272165592, -0.07163672351577142, -0.45087068260406027, 0.21288624559119115, 0.683405604693675, 0.394057527333155, 0.27494516703185023, -0.18003234718723796, -0.08805988928436173], [-0.5885229874318351, -0.03431706290192646, -0.5905028820460807, 0.5673441889337482, 0.05495125252274481, -0.006066665301714902, 0.5145718333764674, -0.6641569975386552, 0.2528549103318119, -0.034452275009228685, -0.33179440943575556, 0.4544196210695087, -0.008231553213736885]], "inverted": false, "swapped": false, "error_lsq": 0.05764706889808402, "error_max": 0.389938696256492, "target": "495.xyz", "model": "22.xyz", "model_rescale": 4.166573947596378, "target_rescale": 3.9546758410280245},
{"mapping": [7, 3, 8, 12, 9, 13, 14, 0, 2, 1, 4, 11, 15], "R": [[0.266337998031138, -0.8337567760057791, -0.4836462646079416], [0.14963950333962556, -0.4599205094867395, 0.8752606148992017], [-0.9521933048730369, -0.3054877467557535, 0.002268642117393027]], "T": [-0.030395711111596307, -0.09557073563549201, 0.021319199240859524], "aligned_model": [[0.38595579921588974, -0.6251945103768975, -0.3792571877228492, 0.13063410458218525, -0.21204705389391026, 0.8126313484715472, 0.49950246367613726, -0.033638430916006434, -0.4245799233294998, -0.014942032922819787, -0.5621169504676474, -0.4516858842259812, -0.010139034356487744], [-0.13207082107160406, -0.15604423337320403, -0.491190929358295, -0.06748834448562299, -0.6566136721315924, -0.15411884629918687, -0.5390987294327432, 0.26161324498371963, 0.4266451323543148, 0.5779066944327589, 0.13182919768052676, -0.26371677482599, -0.03388827873896986], [-0.5589469562958853, 0.08443810670912387, -0.5917545913231591, 0.6558758420980197, 0.13393704576311022, -0.030552126595824965, 0.4066354411708618, -0.712959257201449, 0.1785408047755167, -0.21167950437408228, -0.43190845581797427, 0.6665593304851919, -0.0020887060381015767]], "inverted": true, "swapped": false, "error_lsq": 0.04801195233770274, "error_max": 0.24449832012927275, "target": "495.xyz", "model": "23.xyz", "model_rescale": 4.274766983524099, "target_rescale": 3.9546758410280245},
{"mapping": [1, 3, 6, 4, 5, 0, 2, 7, 10, 9, 12], "R": [[-0.7805643373978423, 0.6147671160201085, 0.11305179451466507], [0.529085045202436, 0.5534929633440777, 0.6432064633317421], [0.33284880971066105, 0.5618780406715588, -0.7573009555555085]], "T": [0.030094390222275932, 0.22787980567106594, 0.0021934199615992536], "aligned_model": [[0.3832305352354794, -0.018420048919898298, -0.5942499619549488, -0.3362104891781047, -0.6027635093979016, -0.5587079019294604, -0.004750039801976469, 0.0757271078536174, 0.6549049745647332, 0.31126831343462347, 0.0698657240519116], [-0.27477792632386155, 0.6949332316378382, 0.4660476608568438, -0.1074352933617829, 0.5462321823359843, -0.13208235552103217, -0.6739788993736714, -0.13958289460968634, -0.24706507782924, 0.5975085921153475, 0.18578731131674425], [-0.4552751559247516, -0.2456987907861584, -0.5061279214495163, -0.3590735479947841, 0.09665147798021725, 0.37916355302893245, 0.1941333264766136, 0.6210651535893382, 0.2471737733118757, 0.42280303076496595, -0.015248464975155234]], "inverted": false, "swapped": true, "error_lsq": 0.04426297246989616, "error_max": 0.22962574465348903, "target": "495.xyz", "model": "24.xyz", "model_rescale": 3.7841303162186577, "target_rescale": 3.9546758410280245},
{"mapping": [13, 2, 5, 7, 9, 11, 10, 3, 1, 6, 4, 0, 15], "R": [[0.6046558685238554, 0.7257234741400516, 0.3282022543215632], [0.7935373239388237, -0.584324606179956, -0.16989193662045782], [0.06848208653124105, 0.3631668950974652, -0.9292039658382837]], "T": [-0.07155470326265544, -0.18999107384340624, 0.05254195384864362], "aligned_model": [[0.459474299802178, -0.7242572743608278, -0.46316921533166566, 0.2952977523184988, -0.20038506045691412, 0.6418212410108611, 0.39632419907639177, 0.06237433730603216, -0.6132311620667514, 0.059069082904606315, -0.543988933703923, -0.198545341197278, -0.05566121756754815], [-0.36784970783117177, -0.45824482567898533, -0.23231052496180243, 0.12713010924991203, -0.7605020269878315, 0.06562894099251715, -0.5611201129895023, 0.17014319031494868, 0.21173600925547298, 0.49512324996247775, 0.2618132753093351, 0.0819854932877101, -0.12976943018896864], [-0.4936947178340764, -0.21356386389157928, -0.7311581695644332, 0.4857382040261245, 0.04475093764004886, -0.07066818903674124, 0.5511476841864552, -0.6555316380220194, 0.36597194361593494, -0.1360906044395918, -0.30715662948522243, 0.7242800532297373, 0.02207196293071041]], "inverted": false, "swapped": false, "error_lsq": 0.05320397434441821, "error_max": 0.31154917840263624, "target": "495.xyz", "model": "25.xyz", "model_rescale": 4.19342608120988, "target_rescale": 3.9546758410280245},
{"mapping": [10, 2, 7, 3, 9, 8, 5, 11, 0, 1, 4, 12], "R": [[-0.05968890205076688, -0.8422011432064435, -0.5358492972410561], [0.4377893872151849, -0.5045123606085167, 0.7441825921337957], [-0.8970940237309171, -0.19016969362908942, 0.39882051127204]], "T": [-0.11869346372411649, 0.0807294089940541, -0.12480816301654946], "aligned_model": [[-0.0722250107207239, 0.6428028396801683, 0.11257347855292035, -0.46470278694596845, -0.6162915437164533, -0.4872044941716228, -0.058597147072557094, -0.3673932339845891, 0.4647266586515081, 0.15689325601772103, 0.39008735698761576, -0.10286081864623808], [-0.6505411142917678, -0.42284365364668874, -0.537603574455491, 0.4834488248408266, -0.2145643949636118, -0.12187347313139262, 0.5110127872182376, 0.5360904305577515, -0.004518405987995869, -0.015597350393404888, 0.3975284591815133, 0.052237892813004116], [0.24809985090358655, 0.009138603894451425, -0.41514129355397433, -0.1309499873041692, -0.36521277964278337, 0.40207085134002357, -0.692280037838036, 0.5201925284734386, -0.6451168683118049, 0.5833023832263384, 0.009019116431831786, -0.07386390640948129]], "inverted": false, "swapped": true, "error_lsq": 0.045514683603659005, "error_max": 0.24731779924151176, "target": "495.xyz", "model": "26.xyz", "model_rescale": 3.795458400668931, "target_rescale": 3.9546758410280245},
{"mapping": [4, 8, 11, 0, 9, 3, 2, 10, 6, 7, 5, 1, 12], "R": [[-0.0821555007916703, -0.03763737168001974, 0.9959085811171076], [0.8224822767838706, 0.5617719666806641, 0.08907952530273056], [-0.5628262414512057, 0.8264355302773226, -0.015196586101828113]], "T": [-0.11153581957985725, -0.2093913826532554, -0.030538307065936], "aligned_model": [[0.32565870691210197, -0.8391531697868991, -0.3444934946623687, 0.3237614353475722, 0.12069374443647746, 0.5973436557753989, 0.38158667328090806, -0.005715342526392317, -0.6415273691710603, 0.16536577614322023, -0.5022866358782987, -0.38234336165585303, -0.08376791048114635], [-0.40127145607956394, -0.21174110554158482, -0.5551060888608264, 0.17814514134210752, -0.5633579711549259, -0.0031090509810340894, -0.5270718361999401, 0.13742262076372597, 0.28298745329226227, 0.5426696540298332, 0.40396662819547147, -0.333739831152733, -0.046030517918680625], [-0.7167643383879571, -0.06685883275325927, -0.6117324702036077, 0.5624245370610382, 0.04123476543817583, -0.026790253199492006, 0.625772785609146, -0.6438966869543136, 0.36677642831486834, -0.1644703869369942, -0.2253875256171773, 0.48088510759334596, -0.03509615660842542]], "inverted": true, "swapped": false, "error_lsq": 0.05239300512445784, "error_max": 0.31380531522904725, "target": "495.xyz", "model": "27.xyz", "model_rescale": 3.6321398670334006, "target_rescale": 3.9546758410280245},
{"mapping": [13, 7, 6, 0, 1, 2, 5, 9, 8, 10, 12, 3, 14], "R": [[0.6971025409984006, 0.30385289721851705, 0.6494008501576563], [0.1678547613687866, -0.9497488751512475, 0.2642004035477009], [0.6970457850237681, -0.07516974791000464, -0.713075509732136]], "T": [-0.09599462755445272, -0.04980592868497887, -0.043394725939473036], "aligned_model": [[0.3594189366327868, -0.8197042435387498, -0.31509225507600175, 0.23003525337364777, 0.1015255906523569, 0.6146116726670479, 0.3966902770669148, 0.006905200028934286, -0.45210995235029366, 0.12522159801388727, -0.8023162642929573, -0.2712789775008027, -0.05878412794311035], [-0.31730582990219974, -0.22796472621355462, -0.3519516934121464, 0.19003814186007942, -0.6742974062564767, -0.3886000704304703, -0.4097056427028355, 0.30015668161712766, 0.28769480310881634, 0.6939531625091333, 0.15049032285777206, -0.2521372439855754, -0.09660685931555771], [-0.6659054650573634, 0.16965742401187095, -0.7250189652477815, 0.4315695177528624, 0.0917472512045902, 0.07365602944835832, 0.5888260441850947, -0.6033143256089919, 0.11879265728982923, 0.007176301418215167, -0.42352745006739184, 0.5889797797728217, -0.0665418257467663]], "inverted": true, "swapped": false, "error_lsq": 0.044088318612535274, "error_max": 0.24245052455067675, "target": "495.xyz", "model": "28.xyz", "model_rescale": 4.156811204709835, "target_rescale": 3.9546758410280245},
