[{"mapping": [11, 5, 1, 3, 2, 4, 0, 10, 6, 13, 8, 7, 12, 14], "R": [[-0.3224725990801457, -0.05460419362684232, -0.9450025422615844], [0.927805722595878, -0.21607426736289093, -0.304119141294872], [-0.18758455149834707, -0.9748488565013307, 0.12034011391556743]], "T": [0.03182613143447615, 0.0474366751607331, 0.16589704074072997], "aligned_model": [[0.16660186588516432, 0.19718594158736216, -0.5852688503269967, -0.35760963705942417, -0.7180578141213864, -0.06770452031107554, -0.6559702505056916, -0.09317930927418588, -0.3873376856263016, 0.26693663161813097, 0.7631237639097515, 0.1595548521774179, 0.6518089398407674, 0.03140817333477082], [-0.622104608789008, -0.2668823033411147, -0.3759257250278191, -0.395806684346598, 0.34157989878334666, 0.3404822248923105, 0.016714074075211936, 0.6271765763259518, 0.6096486509568935, -0.0009402990061724917, 0.31615040538402994, 0.8009650411176342, -0.22780007038903302, 0.07201615117440163], [0.24936662226416678, -0.37960220022649416, 0.4161313376139313, -0.19700109144005268, 0.5089858809751947, -0.5502939806431955, -0.1666589855568293, 0.7012129824412742, 0.055769305208133335, 0.6860866600427449, 0.42164676336122126, 0.04656737067426345, -0.009674342921871942, 0.1150517653873468]], "inverted": true, "swapped": true, "error_lsq": 0.04128685116138918, "error_max": 0.23533111012575225, "target": "496.xyz", "model": "0.xyz", "model_rescale": 3.8414455957264533, "target_rescale": 4.038152917296178},
{"mapping": [4, 1, 0, 3, 2, 5, 7, 9, 8, 6, 13, 10, 10, 12, 14], "R": [[0.22379092539302464, 0.17644084174250446, -0.9585333854785292], [-0.16665570639428157, 0.975920296778352, 0.14073183670469486], [0.9602830297563094, 0.1282505504910228, 0.24780697944326124]], "T": [-0.14853716873764974, -0.009943300899905645, -0.035713262370570445], "aligned_model": [[-0.28940064595520887, 0.34898370397220524, -0.47833303747630274, 0.2964042906344464, -0.43097562228494257, 0.19213372762528766, -0.7735728462026289, -0.6913994210536152, -0.02577245755382683, -0.10573341461629068, -0.41597086364355806, 0.461288352378765, 0.461288352378765, 0.37410600172686814, -0.07095534846500517], [-0.3373799062283173, 0.09843079313115957, 0.2526961039769919, -0.42219813414869867, -0.6869880251358262, -0.5662574149147925, -0.0615479420460417, 0.10591294584437783, 0.4124168920001191, -0.4828684950749466, 0.693402901600694, -0.10554940924019796, -0.10554940924019796, 0.5117408249591207, -0.004256738977716197], [-0.44651733382723824, -0.7351601353564406, -0.6254357373331525, -0.5311423009168544, 0.044559329219278784, 0.057992297238227644, -0.17579311475197085, 0.36100777953949287, 0.6206731258505578, 0.5843970287319565, 0.05718635493913175, 0.25984317260168266, 0.25984317260168266, 0.15658684959136687, -0.08057664659508748]], "inverted": false, "swapped": false, "error_lsq": 0.04437825672504382, "error_max": 0.412617908483363, "target": "496.xyz", "model": "1.xyz", "model_rescale": 4.316132596720782, "target_rescale": 4.038152917296178},
{"mapping": [4, 6, 0, 12, 3, 9, 11, 8, 2, 7, 13, 14], "R": [[0.5565147749541527, -0.7175338752420413, 0.4188513377534658], [-0.6058732397878204, -0.6954445711328271, -0.3863605386046678], [0.5685146634579794, -0.03875546880141301, -0.8217597526474776]], "T": [-0.020217318670703352, 0.09568901242398166, -0.12715096917847102], "aligned_model": [[-0.269743250801497, 0.43924937864320324, 0.11713025305880757, -0.6156467108378691, -0.28681570381578886, -0.4137784250369691, -0.40281936893578835, -0.1009974839873425, 0.7632688318062213, 0.24419828883341804, 0.16320535515913698, -0.039442609453751394], [-0.5837807987492003, -0.4027183160706588, -0.5546794771379021, 0.41692599918442874, -0.2772979945764117, -0.032029951350654104, 0.4356312239494045, 0.6448058348051084, -0.1840353405013896, -0.13859652825924723, 0.6382336234090296, 0.05031815303847304], [0.1640005529948922, 0.0835365206195898, -0.5049839007491177, 0.055139724116297834, -0.6464061487549507, 0.4595491912281501, -0.5870119965613602, 0.476468527660714, -0.4000243069934599, 0.5610015331765459, -0.11245448075693722, -0.09955675477094303]], "inverted": true, "swapped": true, "error_lsq": 0.05685673686738161, "error_max": 0.34200971267754204, "target": "496.xyz", "model": "2.xyz", "model_rescale": 3.795458400668931, "target_rescale": 4.038152917296178},
{"mapping": [10, 13, 8, 5, 6, 4, 12, 1, 11, 3, 7, 14], "R": [[-0.20346512396912858, 0.3201741931979637, 0.9252515492222966], [0.8254222088575667, 0.5643477983917141, -0.01377459890961541], [-0.5265739458546375, 0.7609205270331837, -0.3791039845301274]], "T": [0.08240741866642534, -0.0265135716549357, 0.031453275708019576], "aligned_model": [[-0.21403549087912352, -0.17034535221028566, -0.7083335772548542, 0.2040107587358881, 0.14341770620243763, 0.12305037795716928, -0.25284774314308456, 0.7799210529941688, 0.31859111575608856, 0.7022447503188943, -0.4101336578720479, 0.07776388513831428], [0.00642249821782127, -0.49222204953971255, -0.24076078452752722, 0.10830060977925193, 0.5346979835007312, 0.697762324304485, -0.256881199228277, -0.302474211401413, -0.5576860855318394, 0.05326061489542118, 0.5098850647015423, 0.025464280119225694], [-0.7097111374487854, -0.18636814058550782, 0.06663886708672632, 0.6565512465287875, -0.3989280256628138, 0.31865390307083774, 0.6019740835912107, -0.2134540475345647, 0.39954324063539554, 0.33021356309618094, -0.22938956088081686, 0.05304743874245062]], "inverted": true, "swapped": true, "error_lsq": 0.03895620909431862, "error_max": 0.1841346950876549, "target": "496.xyz", "model": "3.xyz", "model_rescale": 3.7530521520055578, "target_rescale": 4.038152917296178},
{"mapping": [1, 10, 13, 8, 11, 7, 3, 6, 4, 9, 14], "R": [[0.6517295267117338, 0.08292215643981335, 0.7539048613608157], [-0.7512849839040285, -0.06574065617084442, 0.6566955452007806], [0.10401681100871718, -0.994385278500038, 0.019453044234229278]], "T": [-0.025336182429543136, -0.1495550476450625, 0.027240482899024497], "aligned_model": [[-0.41800326688315403, -0.28832960866244994, 0.2683885582349089, 0.5853519851335901, 0.34834862504942343, -0.1896974717274363, -0.26872057105255676, -0.6273140279991994, -0.3028491463819152, 0.27124826389839674, -0.04022373716440251], [-0.8255113020376279, 0.16320239835271505, -0.25190616609379124, 0.2889878043895466, -0.713668045440174, 0.5972328015699819, -0.5835925249880167, 0.22083994953523345, 0.27520708376045583, 0.40998800801957674, -0.11357664875355354], [-0.08025298050458962, -0.6592761653913057, -0.4538671393952225, -0.3000993185652241, 0.15195371767187604, -0.08960329916737486, 0.5091071195387147, -0.03863021545953937, 0.619925315274156, 0.36542503521756015, 0.06814870802626517]], "inverted": false, "swapped": true, "error_lsq": 0.042423151301917254, "error_max": 0.22153452214241248, "target": "496.xyz", "model": "4.xyz", "model_rescale": 3.7855080009869324, "target_rescale": 4.038152917296178},
{"mapping": [4, 1, 11, 0, 7, 5, 6, 8, 15, 10, 13, 2, 9, 14, 16], "R": [[-0.36464100710514735, 0.6942767694821294, 0.6204971420520827], [-0.4981006926991721, 0.4175821412409667, -0.7599479293012217], [-0.7867227185418947, -0.5861782345618678, 0.19355216727276214]], "T": [-0.05780066750370323, -0.004394481167559222, -0.010746190532779335], "aligned_model": [[-0.2790048829066139, 0.18312894331221874, -0.4033652938534083, 0.3332120050388517, -0.5243203729229376, 0.09677232865186351, -0.6490640833874051, -0.5875766574505406, -0.13474369800378228, -0.12955696757177115, -0.4840503194757693, 0.6719449511343408, 0.4381011302801926, 0.3378881208752678, -0.017274432255548935], [-0.45973716863803427, 0.008822060586517792, 0.43002761513746146, -0.48397737010654873, -0.5890804109113151, -0.7986584919810773, -0.03666563047379792, 0.09208717831387034, 0.35786833468426715, -0.39430729669916387, 0.5806235954004745, 0.07260669881598289, -0.006364970389553276, 0.5046240448882076, 0.024136797878436474], [-0.5499423662615174, -0.7282991047109055, -0.5802185424148355, -0.4857022157272968, 0.03251117752330219, 0.00809829420993169, -0.2854154717182693, 0.4423967933290237, 0.7255713557707335, 0.6006320097320348, 0.01979432612508486, -0.09634898218359017, 0.5001271238769368, 0.19426093474843104, 0.009998509233569213]], "inverted": true, "swapped": false, "error_lsq": 0.03567355308489695, "error_max": 0.2801961781145612, "target": "496.xyz", "model": "5.xyz", "model_rescale": 4.2253639853439635, "target_rescale": 4.038152917296178},
{"mapping": [1, 10, 4, 0, 6, 9, 5, 3, 8, 13, 7, 12, 11, 14], "R": [[0.7555689576795961, 0.12684030570104207, -0.6426718346408492], [0.42264129994264954, 0.655175726338237, 0.6261941385863901], [0.5004896420244441, -0.7447525122259273, 0.4414224889597424]], "T": [0.09540425288140539, 0.00986726525353511, -0.01226069963162852], "aligned_model": [[0.7692425527823097, -0.18036581417725114, -0.3692179347739323, 0.25350124438142196, -0.2813998775029084, -0.4778718363923171, 0.12262031972412663, 0.49516867310486157, -0.31136436391172073, 0.2318518037239444, -0.6459236312549967, 0.053251099914674666, 0.657803487252477, 0.05676642988709395], [-0.27522197700339185, 0.22353460521874974, -0.5440157142137395, -0.7273464362630684, -0.4148720842899811, 0.07467494468399279, -0.1954789609713548, -0.4941482296123507, 0.7166415343001343, 0.5266434712596554, -0.014560500709166077, 0.38714543911534605, 0.20670716359003016, -0.024604108469865993], [-0.3077690942268753, -0.7309991837795268, 0.28108464592570287, -0.1392353090190966, -0.4383168715970081, 0.4150261437498715, 0.6048308025273869, 0.24459867264935525, 0.07388244693716298, -0.21851039716042936, -0.23179531424717026, 0.5766735503520518, 0.3318008590336764, 0.010287257786347138]], "inverted": false, "swapped": true, "error_lsq": 0.042531440701476526, "error_max": 0.2519648166048979, "target": "496.xyz", "model": "6.xyz", "model_rescale": 3.89814844738969, "target_rescale": 4.038152917296178},
{"mapping": [1, 2, 10, 3, 13, 6, 0, 11, 5, 4, 7, 12, 14], "R": [[0.33459980396176786, 0.8935842082334282, 0.29924945110155854], [-0.8706226507792703, 0.17160170701328228, 0.46105211646863176], [0.36063717381715343, -0.4148012981488428, 0.8353925495928316]], "T": [0.04317146383671745, 0.07134110972908589, 0.07310844845874274], "aligned_model": [[0.0078021877175327575, 0.013903976278743693, 0.4535948597182354, -0.4421304903488277, 0.6148331344645022, -0.2547415158793305, -0.5568844168230164, 0.19499371274557542, -0.3656553583112166, -0.6513359069508938, -0.027695218482873388, 0.16525898630760472, -0.003312149531813434], [-0.4599845421664488, 0.22020087401918734, 0.5943052845996875, -0.4105769032851284, 0.03552227670872107, 0.5619534969989296, -0.05480603598705344, -0.5703529274971297, -0.183011613789159, 0.380547879206489, 0.8407479577039518, -0.0888684035991967, 0.0981039225576352], [-0.5092155229564997, -0.7891793833274308, -0.37000437979559575, -0.03669587689414834, 0.06151256592059065, -0.34457093979163755, -0.38364212851693086, 0.26956701374431474, 0.5111438699572034, 0.24850032283254314, 0.10985365479744362, 0.7442170896469004, 0.0907887452195425]], "inverted": false, "swapped": true, "error_lsq": 0.050493537860048406, "error_max": 0.32259139566230577, "target": "496.xyz", "model": "7.xyz", "model_rescale": 3.7474275329858107, "target_rescale": 4.038152917296178},
{"mapping": [9, 13, 4, 11, 5, 7, 8, 3, 0, 6, 2, 12, 10, 1, 14], "R": [[-0.16999360484942694, 0.9803986593707192, 0.09960242474153452], [0.5504967117584789, 0.17830906125788737, -0.8155729575068271], [-0.8173466490133785, -0.08381137976090797, -0.5700176382965476]], "T": [-0.014005044033806244, -0.016555430773232065, -0.021786142936413788], "aligned_model": [[-0.23353080667019044, 0.31900500711475044, -0.35866994768217236, 0.32364762146101284, -0.5322313158250493, 0.006892437854243927, -0.6344431539257943, -0.5767160038645198, 0.052854181836474015, -0.18431589175962382, -0.491785259604959, 0.5654158550624536, 0.5104372249856778, 0.10471426510716562, -0.019183442624510678], [-0.6329587495225485, 0.3251254136023839, 0.32367078568913465, -0.44964711724639483, -0.4820812831785154, -0.6806583103472122, -0.026410362793243512, 0.04889931545369964, 0.16580664771624937, -0.39447644043386665, 0.672717887541736, 0.11138871752473589, -0.3914979376892172, 0.6785293775248394, 0.03359704266394717], [-0.41190898033784146, -0.7836721810768762, -0.6363413248934866, -0.3131660052844186, 0.14479319548696448, 0.1279078533236343, -0.30492877124423784, 0.41776657161256614, 0.6078861161571439, 0.6818529861643947, -0.09402085839720398, -0.19073683221037013, 0.37776583448518986, 0.23814587694604666, -0.053879639198871954]], "inverted": false, "swapped": false, "error_lsq": 0.05087788650065562, "error_max": 0.3368926681546925, "target": "496.xyz", "model": "8.xyz", "model_rescale": 4.019505241142653, "target_rescale": 4.038152917296178},
{"mapping": [13, 10, 1, 11, 12, 5, 0, 8, 9, 7, 2, 4, 14], "R": [[-0.3721309607141005, 0.9281773134917972, 0.002328690007483314], [0.5740687272958884, 0.22818650550214048, 0.786368879755297], [0.7293583785896203, 0.29396903480787223, -0.6177528325756576]], "T": [0.028778943154202107, -0.07732152251937367, -0.05268648821379676], "aligned_model": [[-0.3632276411098898, -0.7433088005472142, 0.009857641649996602, 0.33407253986209406, 0.3673739393666085, 0.6670155623411494, 0.2770054134174724, -0.2824829584794632, 0.27942137057321415, -0.27486287522537267, -0.4687024092764362, 0.4597785797964108, 0.057760409372606514], [-0.43280832463438107, 0.055757957215422385, 0.34087819332090835, -0.3872439319227236, -0.6863974797646801, -0.18115663729010015, 0.6405060016431436, -0.759872614751182, -0.35758959193757106, 0.014614612442874278, 0.6191183633635705, 0.2565243112042427, -0.058952630775465115], [-0.2721733679387003, 0.10370481188994085, -0.7215737161982488, -0.5857541391815418, 0.020383111668875104, 0.022026267226134738, -0.14048464804426694, 0.27844981571478233, 0.5589079355795882, 0.6527981592320755, -0.2371855652686585, 0.5054334778194881, -0.007828648455589213]], "inverted": true, "swapped": true, "error_lsq": 0.050958724484727505, "error_max": 0.3852916919111922, "target": "496.xyz", "model": "9.xyz", "model_rescale": 3.877068213659057, "target_rescale": 4.038152917296178},
{"mapping": [0, 8, 1, 11, 12, 10, 5, 3, 13, 6, 4, 9, 14, 2, 15], "R": [[-0.5899565140696417, 0.7333984103775072, 0.3377544717136142], [-0.7415239653150539, -0.657652012681311, 0.13280074954479598], [0.3195207667276661, -0.17210636790068706, 0.9318185862912363]], "T": [-0.07205199616592495, 0.0021667438894513932, 0.027546178907319127], "aligned_model": [[-0.32341491743695533, 0.3237317313055488, -0.525058061472637, 0.15588053345787728, -0.4829952763653346, 0.34702191980523234, -0.7980094069049176, -0.6301167992049682, 0.047662420817403656, -0.23241355515282708, -0.38064718997592234, 0.5818163702556929, 0.5466684933445035, 0.32386468565788074, -0.10190017666561799], [-0.37131676440096595, 0.0985082550256555, 0.3113325615858238, -0.5799382201150716, -0.6155382309350513, -0.5373707437475257, -0.025400370926555747, 0.0815431956951447, 0.25106362912258307, -0.3683982084278974, 0.6027466618652398, 0.028349669211503968, -0.052008341891747946, 0.5222503505309314, -0.043818456086338546], [-0.6290303866804011, -0.6277373399674324, -0.644844044227208, -0.3646984502264547, -0.06055263067340118, 0.21856223018798088, -0.2609349023031968, 0.319135611562135, 0.7495969353304798, 0.49366886837671115, 0.07405906127915679, -0.058569543898438006, 0.5005911689232383, 0.14208168041633934, -0.0438644165668749]], "inverted": false, "swapped": false, "error_lsq": 0.03256831738214062, "error_max": 0.19216095967615907, "target": "496.xyz", "model": "10.xyz", "model_rescale": 4.260839863003843, "target_rescale": 4.038152917296178},
{"mapping": [1, 6, 7, 10, 8, 13, 11, 3, 4, 9, 12, 14], "R": [[0.2542251335263134, -0.7021696152731718, -0.6650769977007583], [0.9570911365353105, 0.0837569645179144, 0.2774190463185482], [-0.13909039452484173, -0.7070661937059862, 0.693333440610687]], "T": [0.05871478375000697, 0.047472278324731484, -0.10942890551525655], "aligned_model": [[0.530024776513756, 0.03356098288758858, -0.394020129404592, -0.5081929040912586, -0.6698918721696676, -0.33989042441502376, 0.32834744919147146, 0.7499858406834875, 0.34283641776725127, -0.1428490771814947, -0.043783207135870604, 0.07277079644848294], [0.08198071639277323, -0.6604231116043042, -0.49813776904907997, -0.3579087619065339, 0.3154174429303728, 0.33924934453951044, 0.6699765208621944, 0.08891391574694239, -0.40313959098104996, 0.0004052642640453713, 0.58040323246145, 0.016341301876613524], [-0.7413586485748542, -0.15590613235285727, 0.19992521063341015, -0.5000306929357095, 0.15467135273703128, -0.3995918780161223, -0.2243371049584597, -0.1251408246824269, 0.4606022026616988, 0.5780129193156583, 0.33378438351008977, -0.06445270994195376]], "inverted": false, "swapped": true, "error_lsq": 0.04635716077731577, "error_max": 0.2478887984506803, "target": "496.xyz", "model": "11.xyz", "model_rescale": 3.890672605050136, "target_rescale": 4.038152917296178},
{"mapping": [12, 11, 3, 9, 5, 10, 13, 7, 8, 2, 0, 1, 6, 14], "R": [[-0.11616806336073432, 0.9027906054208877, -0.41409431753986115], [-0.19269663601052012, 0.3885098029511009, 0.9010705518887663], [0.9743577307771749, 0.1844702029453094, 0.12883228128101604]], "T": [0.09668478180174263, -0.014302366312673898, 0.044106512171511764], "aligned_model": [[0.5400939027363367, 0.19048269842424154, 0.3568740503116428, 0.6364661236258055, 0.7104264062948675, -0.5394527797040017, -0.2779328885746002, 0.12021007150794911, 0.09440844515506842, -0.5514915853979856, 0.14311420818790999, -0.28983751821106585, -0.061836816826073324, 0.1383515172635989], [-0.3280049327023469, 0.2162911862908186, 0.6242623158075555, -0.4543973038728914, 0.1481063738805718, -0.34950603494465704, -0.3007190333021179, -0.4943635392084823, -0.8112056008650165, 0.3553229801527246, 0.6375786701689404, 0.6545599954814171, 0.04947866365667375, -0.015251220715424925], [-0.39854268402557047, -0.5973338707827166, -0.02189832985582879, 0.21838245808930934, -0.09960962620356473, 0.39232393566687596, -0.28122656771460863, 0.6501981105166937, -0.14915825374924566, 0.5021464889781851, 0.4409650190670751, -0.11677479285883938, 0.733099699641208, 0.08221884858788805]], "inverted": true, "swapped": true, "error_lsq": 0.051277696878927255, "error_max": 0.34647884874120466, "target": "496.xyz", "model": "12.xyz", "model_rescale": 4.124412569039231, "target_rescale": 4.038152917296178},
{"mapping": [13, 11, 3, 8, 1, 10, 12, 7, 5, 9, 6, 4, 14], "R": [[0.48726991482390863, 0.23985819872127895, 0.8396642630323647], [-0.5131664745603767, 0.8566456124734252, 0.05308920810583491], [-0.7065608250496025, -0.4567563235864544, 0.5405048208564018]], "T": [0.14616868541680056, 0.08028604007194574, 0.08963108558888291], "aligned_model": [[-0.20403903435150678, -0.0994500610030509, 0.5386003492380813, -0.5769893029322772, 0.6234246586303556, 0.23063672457524426, -0.45184025937328903, 0.1590179545761941, 0.0635547991077536, -0.17853996221781904, 0.6562796297758438, 0.4451108816545662, 0.16153192982966194], [-0.2518440160663036, 0.48190854041097614, 0.6196367844370193, -0.238934048277755, 0.14147892879662988, -0.7130675982042652, 0.43780971539865104, -0.3339694671052481, 0.7040777695811308, 0.2485999343798359, -0.24860067512659517, 0.3995397709343801, 0.10084973735002085], [0.39827116364099724, 0.5914158992072848, 0.2764949709530248, -0.1284337574643799, 0.7150439957064633, 0.047881526990119175, 0.015325075648180697, -0.5635047851286218, -0.07700784425920756, -0.5281506586438756, -0.27851166173361985, -0.556451140295938, 0.0393252963474115]], "inverted": true, "swapped": true, "error_lsq": 0.04569062660027724, "error_max": 0.2970692426234494, "target": "496.xyz", "model": "13.xyz", "model_rescale": 3.9028299243045295, "target_rescale": 4.038152917296178},
{"mapping": [10, 14, 9, 13, 4, 5, 7, 3, 2, 0, 6, 12, 8, 1, 15], "R": [[-0.8102104752806532, -0.5155042397214306, 0.27895226217890434], [0.5851542646926758, -0.683799860262204, 0.4359039316378834], [-0.033962806972809075, 0.51640403748869, 0.8556713141200349]], "T": [-0.040081344465461514, -0.009708671800792504, 0.03581429664856898], "aligned_model": [[-0.29017641073780637, 0.1653941803217486, -0.368537683421428, 0.4444363516671783, -0.44388214051448527, 0.17605066881396209, -0.8132347120343841, -0.5725638042828225, 0.11942671430394036, -0.2713535803010956, -0.4087768413412853, 0.6487905890840852, 0.4314170272014548, 0.14644717383438932, -0.11134676112849304], [-0.43299605394170937, 0.02597122517962701, 0.40112149236001715, -0.4453537566960386, -0.548742557444999, -0.47376950054314637, -0.027569345122364988, 0.04081991245318532, 0.27657571455610536, -0.3766005389260866, 0.5451774931103173, 0.012353038814020022, -0.3378843579184665, 0.6104064720949699, 0.0324957485302982], [-0.5242150347221148, -0.8241609393017694, -0.5335541834053482, -0.4203735089054229, 0.11164741026123617, 0.041842042321332464, -0.4359301494263212, 0.3561246733120363, 0.6951686769871361, 0.7422984932259808, 0.05975666125541628, -0.06014938946937528, 0.5520479299138417, 0.08932201492178846, -0.04236085543578263]], "inverted": true, "swapped": false, "error_lsq": 0.03947426146898332, "error_max": 0.262659365591528, "target": "496.xyz", "model": "14.xyz", "model_rescale": 3.942246331269136, "target_rescale": 4.038152917296178},
{"mapping": [4, 12, 13, 3, 10, 5, 11, 6, 7, 9, 8, 1, 2, 0, 14], "R": [[-0.33444508939931283, -0.5167128193671867, -0.788133456007483], [-0.940537868564609, 0.13024555825498985, 0.31372697102861385], [-0.059455865754593606, 0.8461938057303773, -0.5295479611620769]], "T": [-0.1270493414247282, -0.09934628693728839, -0.04328938116593932], "aligned_model": [[-0.36480970989602524, 0.2666877298036925, -0.36505363286660386, 0.2858101017268352, -0.5884168088081387, 0.3869290224642651, -0.7963953806292658, -0.5298719881116389, -0.12417911842644236, -0.2635517757378254, -0.35101891476532066, 0.6448644819389704, 0.39616601658561934, 0.3021724910681094, -0.04724174288127289], [-0.4394493281024847, 0.22496295038908534, 0.17319929265720838, -0.4805612895304, -0.6372672718232211, -0.4212762409838626, 0.09531744499920905, 0.06180081934123702, 0.2605924492397691, -0.4597042647819548, 0.6263176067716852, -0.06756988955207638, -0.01681231423684701, 0.42697936151723836, -0.044524339398858005], [-0.45737138451453035, -0.6819370895999396, -0.7713022318794873, -0.49136318367972354, 0.039061029292829896, 0.1437050153561984, -0.21119690311270384, 0.3096340025770919, 0.7322203712861121, 0.6635850909736785, 0.10533924956366013, -0.2877903947627599, 0.506330261070283, 0.2386102697005878, -0.030060260738663323]], "inverted": false, "swapped": false, "error_lsq": 0.04351914066156153, "error_max": 0.2310180125234392, "target": "496.xyz", "model": "15.xyz", "model_rescale": 4.355366556412066, "target_rescale": 4.038152917296178},
{"mapping": [4, 6, 0, 12, 3, 9, 11, 8, 2, 7, 13, 14], "R": [[0.5565147749541527, -0.7175338752420413, 0.4188513377534658], [-0.6058732397878204, -0.6954445711328271, -0.3863605386046678], [0.5685146634579794, -0.03875546880141301, -0.8217597526474776]], "T": [-0.020217318670703352, 0.09568901242398166, -0.12715096917847102], "aligned_model": [[-0.269743250801497, 0.43924937864320324, 0.11713025305880757, -0.6156467108378691, -0.28681570381578886, -0.4137784250369691, -0.40281936893578835, -0.1009974839873425, 0.7632688318062213, 0.24419828883341804, 0.16320535515913698, -0.039442609453751394], [-0.5837807987492003, -0.4027183160706588, -0.5546794771379021, 0.41692599918442874, -0.2772979945764117, -0.032029951350654104, 0.4356312239494045, 0.6448058348051084, -0.1840353405013896, -0.13859652825924723, 0.6382336234090296, 0.05031815303847304], [0.1640005529948922, 0.0835365206195898, -0.5049839007491177, 0.055139724116297834, -0.6464061487549507, 0.4595491912281501, -0.5870119965613602, 0.476468527660714, -0.4000243069934599, 0.5610015331765459, -0.11245448075693722, -0.09955675477094303]], "inverted": true, "swapped": true, "error_lsq": 0.05685673686738161, "error_max": 0.34200971267754204, "target": "496.xyz", "model": "16.xyz", "model_rescale": 3.795458400668931, "target_rescale": 4.038152917296178},
{"mapping": [1, 2, 10, 3, 13, 6, 0, 11, 5, 4, 7, 12, 14], "R": [[0.33459980396176786, 0.8935842082334282, 0.29924945110155854], [-0.8706226507792703, 0.17160170701328228, 0.46105211646863176], [0.36063717381715343, -0.4148012981488428, 0.8353925495928316]], "T": [0.04317146383671745, 0.07134110972908589, 0.07310844845874274], "aligned_model": [[0.0078021877175327575, 0.013903976278743693, 0.4535948597182354, -0.4421304903488277, 0.6148331344645022, -0.2547415158793305, -0.5568844168230164, 0.19499371274557542, -0.3656553583112166, -0.6513359069508938, -0.027695218482873388, 0.16525898630760472, -0.003312149531813434], [-0.4599845421664488, 0.22020087401918734, 0.5943052845996875, -0.4105769032851284, 0.03552227670872107, 0.5619534969989296, -0.05480603598705344, -0.5703529274971297, -0.183011613789159, 0.380547879206489, 0.8407479577039518, -0.0888684035991967, 0.0981039225576352], [-0.5092155229564997, -0.7891793833274308, -0.37000437979559575, -0.03669587689414834, 0.06151256592059065, -0.34457093979163755, -0.38364212851693086, 0.26956701374431474, 0.5111438699572034, 0.24850032283254314, 0.10985365479744362, 0.7442170896469004, 0.0907887452195425]], "inverted": false, "swapped": true, "error_lsq": 0.050493537860048406, "error_max": 0.32259139566230577, "target": "496.xyz", "model": "17.xyz", "model_rescale": 3.7474275329858107, "target_rescale": 4.038152917296178},
{"mapping": [1, 6, 0, 10, 11, 12, 3, 4, 13, 5, 8, 7, 9, 14], "R": [[-0.1565867756770402, 0.5362012968974175, 0.8294388168446156], [0.834675882841724, 0.5208046212224079, -0.17910532408550278], [-0.528012075889801, 0.6642670515078343, -0.5291054072636484]], "T": [0.02474808193293739, -0.13250762019402526, -0.01823772040443171], "aligned_model": [[0.6142240873251038, 0.09910925324809083, 0.6959080196962643, -0.3882158947376548, 0.23285534175047942, -0.23765852688420444, 0.6921008429117698, 0.2320448234180995, -0.3344210493808163, 0.2746806430773532, -0.7715429648902449, -0.41255274459410096, -0.31414115293468814, 0.032456969877425634], [-0.5282035798116745, 0.3995610690929178, 0.16183558024831415, -0.06830166833017519, -0.6866797913141874, -0.28883273345111427, -0.1511582795493319, 0.581377266515929, -0.5541000002328472, -0.004773429352042752, -0.20927183475498481, 0.47273234169400513, 0.3161983754759454, -0.07997507471952021], [-0.36262396918534967, -0.4822226937346401, -0.23620026340014005, -0.6991387560669078, 0.3324783666470293, 0.6123687259594041, 0.1664576861156618, 0.2186336655037791, -0.16477071723536463, 0.5690674816207146, 0.16187069363277956, -0.22025695269438567, 0.42812152091775296, 0.0010099305813212195]], "inverted": true, "swapped": true, "error_lsq": 0.037108135117157555, "error_max": 0.2022913082402942, "target": "496.xyz", "model": "18.xyz", "model_rescale": 3.922800546911778, "target_rescale": 4.038152917296178},
{"mapping": [8, 1, 6, 5, 13, 12, 4, 11, 9, 7, 10, 0, 3, 2, 14], "R": [[0.396309920293486, -0.7256438545201473, 0.5624761714722804], [-0.6209994865764166, 0.2393780026668506, 0.7463630547602528], [-0.676238186402393, -0.6450884964377931, -0.35575658393743]], "T": [-0.08443444262765332, -0.08331057939037861, -0.09175007577387943], "aligned_model": [[-0.2626324330712804, 0.2541802900744271, -0.3964170764043937, 0.45539625391982974, -0.5871270950915515, 0.13530423160391802, -0.783753870709452, -0.6086682813979474, 0.005859230005015467, -0.12175870162661243, -0.4887233191228111, 0.747342721169242, 0.38868753307638687, 0.19517084857055356, -0.08076955953036596], [-0.40639492360132085, 0.30304388829272905, 0.2569812788118206, -0.5091581941499023, -0.521198737295054, -0.79928864911688, 0.06739667120368165, 0.011490873992234085, 0.3943704040387738, -0.33693204813963656, 0.6008777336594298, -0.0049654134517109205, -0.19825129014968706, 0.5445784789288601, -0.10054508651760943], [-0.5798613712273416, -0.624716596330515, -0.6042303772256856, -0.4230661608865686, 0.07368210110185981, 0.1484672493385646, -0.20178098605771833, 0.38093922968321503, 0.5612515449497186, 0.6648833026454863, 0.04622638559416116, -0.07050341869768222, 0.32309142733442314, 0.11000515802373871, 0.0030763532869777094]], "inverted": true, "swapped": false, "error_lsq": 0.03941317846829067, "error_max": 0.2435682022369949, "target": "496.xyz", "model": "19.xyz", "model_rescale": 3.9282355846067225, "target_rescale": 4.038152917296178},
{"mapping": [11, 12, 8, 5, 3, 9, 4, 7, 0, 2, 13, 1, 10, 14], "R": [[0.6848087734852503, -0.4577898981959725, -0.5669791467658651], [0.7270882371555631, 0.37715451506199027, 0.5736699113238996], [-0.04878154515431976, -0.80509805668507, 0.5911323709409603]], "T": [-0.03464973629118685, -0.14771659269713333, 0.0715331005981389], "aligned_model": [[-0.5750816179011154, -0.11726074007940591, 0.5214420374295046, -0.39958054898281414, -0.6595129360384533, 0.27608098900297096, 0.01847121644227096, 0.6622258591719354, -0.3793323209718097, 0.06275264599246015, 0.13124682280041583, -0.5658527106995698, 0.5821196342257553, -0.025195511307468648], [-0.5717645807909801, -0.6808015445083637, -0.72945534572151, -0.17381926807360987, 0.1350439384684214, -0.2195931425761074, 0.36586764026484986, 0.11782842794979326, 0.5323888286083907, 0.4239638541108749, -0.581689223668914, 0.05812509180644668, -0.03823801476153392, -0.11497457368292188], [0.11069795324181694, -0.37563031001022107, -0.08579833022462728, -0.4668476765870053, -0.025484482790966698, -0.571661842097093, -0.5133780242737244, -0.13391626304171234, 0.1285575127651155, 0.7274678250653127, 0.40673543681423135, 0.6175292019034921, 0.5674139887294508, 0.026498167749613104]], "inverted": true, "swapped": true, "error_lsq": 0.034593942305561946, "error_max": 0.23366127772470424, "target": "496.xyz", "model": "20.xyz", "model_rescale": 4.067790424073018, "target_rescale": 4.038152917296178},
{"mapping": [13, 4, 6, 5, 10, 1, 11, 12, 0, 9, 3, 8, 7, 0, 14], "R": [[0.42664791160110527, -0.5714029929091303, 0.7010493415023684], [0.07654748832745284, 0.7951716608602402, 0.6015334668956718], [-0.9011725925466076, -0.20297943112358988, 0.38299779240038695]], "T": [-0.07320764080013867, 0.002384683134422215, -0.10040510502020443], "aligned_model": [[-0.34611732578658083, 0.4549188854908519, -0.29569978213210835, 0.2469999263516304, -0.5070601802697694, 0.24471357112535222, -0.7141901780518128, -0.599273529769164, 0.20114127675972357, -0.1901215841762753, -0.5994793358691448, 0.4917350314358141, 0.3832649811664296, 0.20114127675972357, -0.11988226156971138], [-0.5575066571931656, 0.30032596194124644, 0.33859207730125446, -0.3007415648990562, -0.6632223808054699, -0.7205109303377483, -0.029037789619429412, 0.05260297919499953, 0.4757476742522274, -0.44492875472503185, 0.661224326669632, -0.06880835653852582, -0.16605534016745985, 0.4757476742522274, -0.05142393281997242], [-0.42003848241370517, -0.6246053161485906, -0.7209038865245961, -0.49289422913675546, 0.09965996435158204, 0.12242473209623873, -0.1790579442797482, 0.4543440906544615, 0.35249464061308206, 0.5243282121828149, 0.012348802789736851, -0.06975832845103706, 0.4652137252478607, 0.35249464061308206, -0.0685867800617927]], "inverted": true, "swapped": false, "error_lsq": 0.05173251547586564, "error_max": 0.44272137853549887, "target": "496.xyz", "model": "21.xyz", "model_rescale": 4.186013935880536, "target_rescale": 4.038152917296178},
{"mapping": [8, 7, 9, 11, 1, 12, 13, 10, 4, 6, 2, 3, 14], "R": [[0.6216333394215319, -0.7322536501416357, 0.2781664666595992], [-0.7219884425070939, -0.6733618140490611, -0.15911177287284095], [0.30381685306417006, -0.1019237913090411, -0.9472628254921522]], "T": [0.06704846536771257, -0.08283150031848574, 0.058374548865580383], "aligned_model": [[0.04057054279143367, -0.2936969612374427, 0.36916565387246547, 0.5069169701228594, -0.07667152481984264, 0.619256106908515, -0.13004041444946424, -0.7005483078915165, 0.28602512007482583, -0.4065956792487768, -0.6581020590515642, 0.41934083463282257, 0.08295375371891066], [-0.45965922785497404, 0.3144005831913776, 0.19528485478315694, -0.522616868609009, -0.21855303649209076, -0.3385348242679251, -0.6065497739091056, -0.16803604187980148, 0.6518599240299572, 0.44589538872095946, 0.10698022015654662, 0.1501533313940523, -0.031667869717050594], [-0.6694379270309592, -0.498786651844192, -0.5305193752056578, 0.35252031020088903, 0.8223008350865716, -0.28896072191257205, -0.06446543776499633, -0.14613278701240473, -0.08650250124058798, 0.0541519344733393, 0.5107950919488018, 0.6073992319350546, 0.040517559702059454]], "inverted": false, "swapped": true, "error_lsq": 0.0451402710961094, "error_max": 0.2890002613826002, "target": "496.xyz", "model": "22.xyz", "model_rescale": 4.166573947596378, "target_rescale": 4.038152917296178},
{"mapping": [7, 5, 13, 0, 8, 4, 10, 9, 11, 3, 14, 1, 2, 12, 15], "R": [[0.021935560967679096, 0.3357830990647977, -0.9416838862099497], [0.6464809008687069, 0.7137237411761409, 0.26955679567304225], [0.7626147624961233, -0.6146935266162914, -0.20142142974124744]], "T": [-0.06762741075971111, -0.00406292187873817, 0.07245567983266894], "aligned_model": [[-0.25160441857600496, 0.20626113060905304, -0.28410853088828797, 0.1891210745220498, -0.46724952844916223, 0.19365901016355225, -0.6195996505828903, -0.5677694011666375, -0.07419979905374516, -0.010833108581552772, -0.5479178106553433, 0.5571952787811489, 0.5329479688478921, 0.01026580294636821, -0.014077246451481555], [-0.25691127767275296, 0.10005511288589194, 0.4193998329460771, -0.6190859130984739, -0.7060158234432639, -0.6767842400075965, 0.10200770879586182, -0.008275754667324393, 0.30107978749898834, -0.2802962564000276, 0.6120340359303971, -0.19257390474442254, -0.09348978360098695, 0.6134882474259499, -0.012626785342588591], [-0.5706693602780721, -0.7054945004134618, -0.6279930040834331, -0.39933102877055643, 0.11299488628429599, 0.21040113188048432, -0.4225361391673564, 0.40455417087679774, 0.7997369583296042, 0.6033946632906646, -0.052937436272914265, -0.2141787159419502, 0.36249238268385076, 0.2772593804295294, 0.029770452685150724]], "inverted": false, "swapped": false, "error_lsq": 0.04282273421244791, "error_max": 0.26760612853164006, "target": "496.xyz", "model": "23.xyz", "model_rescale": 4.274766983524099, "target_rescale": 4.038152917296178},
{"mapping": [10, 7, 8, 13, 12, 11, 1, 3, 0, 4, 14], "R": [[0.8424025938302937, 0.1800784563449949, 0.5078677184744044], [0.37251762858979687, 0.48638147629356565, -0.7903566763862538], [-0.38934366091902306, 0.8549881923622661, 0.34264661770295846]], "T": [-0.06558749003297823, 0.07926974226150062, 0.02730900759797626], "aligned_model": [[0.22476178426961543, 0.31291199771682243, -0.5340293041827193, -0.4147898560883819, -0.6517209951854595, -0.5847900124994092, 0.08707262644538483, 0.0690841218296332, 0.5306496848065733, 0.3777026781778723, -0.03695802133185654], [-0.05910776845753653, 0.5945670205091323, 0.48396019508218424, -0.13535338808684055, 0.43124110574010144, -0.21516305814038794, -0.6546390680352888, -0.1356811255134382, -0.13577317445510068, 0.618199657915806, 0.12333613468485205], [-0.7040163878914221, -0.40808282439499866, -0.5104633613898786, -0.3729523300509601, 0.18068088575711094, 0.3695885238730302, 0.27374741520887075, 0.6718861009477226, 0.4549291979113371, 0.3762502587359955, 0.04799895531477007]], "inverted": true, "swapped": true, "error_lsq": 0.045496476466919115, "error_max": 0.20914650766075393, "target": "496.xyz", "model": "24.xyz", "model_rescale": 3.7841303162186577, "target_rescale": 4.038152917296178},
{"mapping": [9, 14, 10, 12, 2, 5, 8, 1, 6, 4, 7, 13, 3, 11, 15], "R": [[-0.26996522167009385, -0.19731619894905372, -0.9424357255117798], [-0.7744791864087041, -0.5370553152170641, 0.33429564492648123], [-0.5721020616186671, 0.8201450518227843, -0.007831032005644223]], "T": [-0.19281457729853488, 0.040814985683145046, -0.0450721458924254], "aligned_model": [[-0.23111584332206175, 0.1825021752484072, -0.27370436267676723, 0.2861577670650107, -0.3692548340208089, 0.18429100411426028, -0.7309243828975848, -0.7971468223679089, -0.00611644551878468, -0.22878661674845305, -0.32663517363940653, 0.5741505777560343, 0.42385801962373904, 0.3275921726839953, -0.16277646383471311], [-0.26393614267997145, -0.035048872779143043, 0.5368177534355417, -0.4837162141394968, -0.6922137179225167, -0.7052328589225498, -0.20369788188848115, -0.045781728411816346, 0.2781421778582448, -0.3521421343713862, 0.670760945053706, 0.06941891929366933, -0.12579910459463664, 0.5972163852894041, 0.05721746128516003], [-0.5428677578744174, -0.7398246000423858, -0.6389519336278089, -0.3108247003028102, -0.06325959830343383, 0.22052668593896294, -0.05551620395987482, 0.37956880889240135, 0.6113165070314832, 0.5881695591733554, 0.04473707617266338, -0.19655238613901954, 0.4458010971746591, 0.049911359262429254, 0.015229928136429122]], "inverted": true, "swapped": false, "error_lsq": 0.04399692363725211, "error_max": 0.2555521962473725, "target": "496.xyz", "model": "25.xyz", "model_rescale": 4.19342608120988, "target_rescale": 4.038152917296178},
{"mapping": [4, 6, 0, 12, 3, 9, 11, 8, 2, 7, 13, 14], "R": [[0.5565147749541527, -0.7175338752420413, 0.4188513377534658], [-0.6058732397878204, -0.6954445711328271, -0.3863605386046678], [0.5685146634579794, -0.03875546880141301, -0.8217597526474776]], "T": [-0.020217318670703352, 0.09568901242398166, -0.12715096917847102], "aligned_model": [[-0.269743250801497, 0.43924937864320324, 0.11713025305880757, -0.6156467108378691, -0.28681570381578886, -0.4137784250369691, -0.40281936893578835, -0.1009974839873425, 0.7632688318062213, 0.24419828883341804, 0.16320535515913698, -0.039442609453751394], [-0.5837807987492003, -0.4027183160706588, -0.5546794771379021, 0.41692599918442874, -0.2772979945764117, -0.032029951350654104, 0.4356312239494045, 0.6448058348051084, -0.1840353405013896, -0.13859652825924723, 0.6382336234090296, 0.05031815303847304], [0.1640005529948922, 0.0835365206195898, -0.5049839007491177, 0.055139724116297834, -0.6464061487549507, 0.4595491912281501, -0.5870119965613602, 0.476468527660714, -0.4000243069934599, 0.5610015331765459, -0.11245448075693722, -0.09955675477094303]], "inverted": true, "swapped": true, "error_lsq": 0.05685673686738161, "error_max": 0.34200971267754204, "target": "496.xyz", "model": "26.xyz", "model_rescale": 3.795458400668931, "target_rescale": 4.038152917296178},
