[{"mapping": [0, 12, 6, 2, 9, 5, 11, 4, 1, 8, 13], "R": [[0.3816931311919391, 0.3408736848280878, 0.8591364761157652], [-0.6534091305830172, -0.557913618321987, 0.5116531076438546], [0.6537330201784508, -0.7566620946516283, 0.009778182130206703]], "T": [0.010958881324002974, 0.11561807469817931, -0.042147772073759554], "aligned_model": [[-0.05919721292404017, -0.24961764666626307, 0.3281217629288265, 0.044072138783156474, -0.6499868594884352, 0.5208273638539568, -0.2347992104411213, -0.3012974241885339, 0.32706394189681953, -0.23022880574006424, -0.1318059116906488], [-0.3239095475671818, 0.36350945050812006, -0.1925824202087908, -0.6525239178154163, -0.10797775303744747, 0.5915609470818238, 0.6753953982722279, -0.48914422493117116, 0.24901220487479506, 0.22219298568252127, 0.1279110338586979], [-0.6724699327870286, -0.4957660552515859, 0.5815239730445171, -0.05308563874833086, -0.26552817695597775, 0.2509627415408252, 0.294473898630193, 0.6287939446392209, -0.5061819412225969, 0.6934128437697378, 0.035356803829606764]], "inverted": true, "swapped": false, "error_lsq": 0.06613696386617736, "error_max": 0.4224747138522802, "target": "497.xyz", "model": "0.xyz", "model_rescale": 3.8414455957264533, "target_rescale": 3.7394275553545286},
{"mapping": [1, 4, 8, 11, 0, 6, 7, 13, 10, 9, 14], "R": [[-0.8518363359008493, -0.039497091714068344, 0.5223167971501071], [-0.2270434366015599, 0.9264541688264228, -0.3002231685934575], [-0.47204463214315784, -0.37432960450687386, -0.7981548799916958]], "T": [-0.013822136036801894, 0.14933610688399818, -0.005372543445613581], "aligned_model": [[-0.17075843133279595, -0.33919850585350125, 0.45246700213121066, -0.11469082013728278, -0.699625275900707, 0.5298684973824868, -0.5382939875652772, -0.2605607592375936, 0.6339182956966462, -0.13819910602206398, 0.008225227162530612], [-0.2688204362062839, 0.42902948232855564, -0.1658815150052766, -0.6795965646180737, -0.057288436351613015, 0.6653567851756887, 0.4217297063667577, -0.36027157517007363, 0.0424749112614982, 0.33134652407156306, 0.10536527486543579], [-0.746327330094769, -0.33961656889038805, 0.5491675254200848, -0.17555343783229072, -0.11716574982529962, 0.21405928763447132, 0.24698832129026546, 0.4988764653305897, -0.1987486494625825, 0.6403148866364154, -0.08050228971791605]], "inverted": true, "swapped": false, "error_lsq": 0.04006395331228666, "error_max": 0.20138630522153747, "target": "497.xyz", "model": "1.xyz", "model_rescale": 4.316132596720782, "target_rescale": 3.7394275553545286},
{"mapping": [8, 10, 4, 2, 1, 3, 9, 0, 6, 5, 11], "R": [[0.6608292591015216, -0.3587468167214902, 0.6592460935094964], [0.11478513177623623, -0.8197254533367083, -0.5611368413097114], [0.7417068584275368, 0.4464872928137211, -0.5005197633634743]], "T": [-0.1152317896794482, 0.145468525478692, 0.055490368111482766], "aligned_model": [[-0.14705511463510312, -0.1344149523947564, 0.47495285777908, -0.07593039959425973, -0.5749299469662144, 0.3867776914635484, -0.7485634864513426, -0.29820974925601734, 0.5993521657086129, -0.1245646828417577, 0.0057377535118626755], [-0.1894729985169188, 0.44496731511582494, -0.24688088715793027, -0.6789873288463724, -0.0988986369857453, 0.5244802163204902, 0.4784604977382835, -0.30357102804387853, 0.09407677201854192, 0.330953529489722, 0.10831670558616088], [-0.632868235601114, -0.4987372745259264, 0.35892693717443114, -0.08398488686767809, -0.09800086128302736, 0.24351597245007223, 0.2503205852409441, 0.5739463491435188, -0.3480249616812706, 0.6729594704228837, 0.053439366015746975]], "inverted": true, "swapped": false, "error_lsq": 0.03237386579520886, "error_max": 0.16726323763469816, "target": "497.xyz", "model": "2.xyz", "model_rescale": 3.795458400668931, "target_rescale": 3.7394275553545286},
{"mapping": [8, 6, 4, 7, 1, 5, 2, 0, 9, 10, 11], "R": [[-0.6921611665151718, -0.6923296016248283, -0.20394274265676526], [0.6041860800022333, -0.40123842975406177, -0.6884525424602845], [0.39480640863579164, -0.5997394811103416, 0.6960175676644998]], "T": [-0.08295052823824892, 0.0668505108414883, 0.051345888759050745], "aligned_model": [[-0.14130985419559555, -0.2894779832677137, 0.2941276872638643, 0.1453717143024944, -0.6371944699611786, 0.4798988137413175, -0.6603514735719492, -0.38245468054942733, 0.6497213351932214, -0.021861226560041275, -0.0733177260713392], [-0.00025818986777254027, 0.43212288861627957, -0.10214985191388298, -0.6415750383320831, -0.1638596079171923, 0.48402709817318706, 0.5367532018493262, -0.44123770334559287, -0.049531943101009834, 0.45955068577394026, -0.05039738321702103], [-0.7249617489685799, -0.3624400425807017, 0.5414536627291148, -0.11983965810534325, -0.13800916431700713, 0.10601698500442411, 0.2344440065164974, 0.5654972026038042, -0.40054094193803036, 0.6686508419456046, 0.12122131759879799]], "inverted": true, "swapped": false, "error_lsq": 0.05319294448556657, "error_max": 0.2608408760681827, "target": "497.xyz", "model": "3.xyz", "model_rescale": 3.7530521520055578, "target_rescale": 3.7394275553545286},
{"mapping": [8, 5, 4, 6, 7, 3, 1, 0, 9, 2, 10], "R": [[-0.9023635405031329, 0.029553249379813712, -0.42996121478773586], [-0.33596427356244274, -0.6731101329584779, 0.6588252847290248], [-0.2699408225154379, 0.7389515236872546, 0.6173188786842454]], "T": [-0.008665710873361022, 0.1005068661910122, 0.030339518661178642], "aligned_model": [[-0.11076425424736361, -0.26292432245142355, 0.32652990515970054, 0.07590009420478183, -0.5030007409723928, 0.3570009559396389, -0.5298042341109421, -0.4422080941297702, 0.4225437889921888, 0.09200144896371967, -0.062122411024484944], [-0.40750702749706624, 0.5444594607747048, -0.35020350551135193, -0.6320787616790255, -0.07827088799555434, 0.7571590674325683, 0.5725958529215842, -0.44634491258684916, 0.13367838734236473, 0.3228312731851324, 0.047125210331671524], [-0.7266130976331867, -0.47544541012863256, 0.5038529442825684, -0.01968512616181676, -0.2574491767012416, 0.15348804882289144, 0.3915492901447403, 0.4699012546412003, -0.3018077171445912, 0.6642117171460613, 0.08948973322058737]], "inverted": true, "swapped": false, "error_lsq": 0.05703890839928539, "error_max": 0.2563168598108805, "target": "497.xyz", "model": "4.xyz", "model_rescale": 3.7855080009869324, "target_rescale": 3.7394275553545286},
{"mapping": [5, 4, 14, 10, 7, 12, 6, 8, 2, 13, 16], "R": [[-0.5657428978572651, 0.7994109491410231, 0.20218087920847874], [0.6357678099144368, 0.5790245277507665, -0.5104212849593979], [-0.5251040519750968, -0.16022712210000872, -0.8358187626171624]], "T": [0.027106349952689117, 0.05417134589954643, 0.034767181882176354], "aligned_model": [[-0.2024563955013433, -0.38782401799841354, 0.6163395730778773, -0.20710352272229463, -0.6560154125644607, 0.402778326757942, -0.5163994036575756, -0.3910280263796655, 0.708449504759086, -0.08013638822397623, 0.07654789877647641], [-0.23477342552077535, 0.4500303057629194, -0.03685986003321462, -0.6310628915232411, -0.10106830923277353, 0.5314855456287254, 0.38845672547143195, -0.263215764555942, 0.051665081720988895, 0.2710899232473532, 0.037696825752705936], [-0.6855904442923294, -0.43227591839144835, 0.35447787429767696, -0.04625163987834775, -0.230967232384719, 0.3415357976013859, 0.1723602371719743, 0.5035303837330564, -0.2508040204772798, 0.71763830060457, 0.0478391225040413]], "inverted": true, "swapped": false, "error_lsq": 0.04713170378095765, "error_max": 0.22197107217911388, "target": "497.xyz", "model": "5.xyz", "model_rescale": 4.2253639853439635, "target_rescale": 3.7394275553545286},
{"mapping": [10, 2, 9, 1, 4, 11, 3, 0, 8, 7, 13], "R": [[0.023527950641664963, 0.949125142847622, 0.314018946487445], [-0.037793950676045185, -0.3130369182183243, 0.9489886749190799], [0.9990085349139417, -0.03419577527788534, 0.0285060716733177]], "T": [0.014653526791931208, 0.11063659243111204, 0.04483465328243205], "aligned_model": [[0.021243200922180044, -0.37880686546387676, 0.3750150579802141, -0.08680411080634523, -0.6071755279250457, 0.5463060262725135, -0.6043963872419732, -0.24840681432203038, 0.6386606080958034, -0.25298258498959203, -0.039500466198195305], [-0.0480692856173503, 0.4114316180458576, -0.29547064096722164, -0.5885826778633189, -0.16800130146466194, 0.6705664609793437, 0.37499826870387754, -0.3166603175981797, -0.1286906745517509, 0.4169173051112255, 0.1350054019403575], [-0.7188940255406582, -0.40780525252411837, 0.32378430699537497, -0.15392284162069625, -0.14647886689229137, 0.14167447420749366, 0.268216793909679, 0.670357839854301, -0.27012962621577896, 0.725976527444887, 0.05871313087038847]], "inverted": false, "swapped": false, "error_lsq": 0.04610798837385473, "error_max": 0.2348551844503767, "target": "497.xyz", "model": "6.xyz", "model_rescale": 3.89814844738969, "target_rescale": 3.7394275553545286},
{"mapping": [3, 0, 11, 8, 6, 4, 5, 9, 7, 10, 12], "R": [[0.7020736435708967, -0.35740273413325696, 0.6159187321693976], [0.7092208587384833, 0.273184109770974, -0.6499047743315085], [0.06401853273337466, 0.8931034250313417, 0.44527283733004985]], "T": [-0.013412865594776308, 0.1579955720338685, -0.0018950959450336133], "aligned_model": [[-0.11412808492330817, -0.17032494747431495, 0.4858083852298283, -0.002361863881104792, -0.5748719376303657, 0.4899873277391219, -0.7211809716497946, -0.46777220653666995, 0.4890571536415671, -0.0663527173637356, 0.015291999172429415], [-0.1964814866990851, 0.4604622120991973, -0.30588807138432184, -0.5179421310325459, -0.14103769916231962, 0.519173370773915, 0.24819769563474423, -0.29255339330308694, 0.07150400636385684, 0.3726982522810671, 0.24531140114675773], [-0.7206331540006449, -0.48656293857143357, 0.4350608255358322, -0.027834819327483155, -0.23150054922178015, 0.17596617424317346, 0.30388994125268926, 0.621409884114697, -0.4158006025314221, 0.698107614222203, 0.13939008477274945]], "inverted": false, "swapped": false, "error_lsq": 0.046187788167982, "error_max": 0.2827125062875627, "target": "497.xyz", "model": "7.xyz", "model_rescale": 3.7474275329858107, "target_rescale": 3.7394275553545286},
{"mapping": [10, 7, 1, 12, 11, 3, 9, 13, 0, 4, 14], "R": [[0.21877043719081266, 0.13907560720512332, 0.9658144083062059], [0.21062269465248, 0.9597271915585082, -0.18590803715963117], [-0.9527736228027457, 0.24409361577834204, 0.18066745813119267]], "T": [-0.0004983753812386402, 0.10423510301745617, 0.07068099713600257], "aligned_model": [[-0.047770625977783136, -0.3203181811903863, 0.6154832685266463, -0.1566856208402878, -0.5606180471127868, 0.47719149359260543, -0.6427081412336152, -0.4105941780609281, 0.5701870446898417, -0.16996792344809009, 0.008953047378436423], [-0.13766504430421855, 0.3989949588719792, -0.2678416930972741, -0.4903756163821341, -0.047850997569405834, 0.638862276318073, 0.5120807881221504, -0.45260923678787834, 0.057277106664339064, 0.17045255192641617, 0.08211906295613174], [-0.6466146272320481, -0.45344642164003984, 0.2873080781101723, 0.018851897873407006, -0.15206488259579487, 0.05969411254773127, 0.031070974746250424, 0.6450133421626698, -0.25539619544844744, 0.83168110724344, 0.12539507472124]], "inverted": true, "swapped": false, "error_lsq": 0.044932514098284554, "error_max": 0.2349319122963882, "target": "497.xyz", "model": "8.xyz", "model_rescale": 4.019505241142653, "target_rescale": 3.7394275553545286},
{"mapping": [10, 9, 2, 6, 11, 0, 8, 5, 1, 4, 12], "R": [[0.6246833564595594, 0.10629140074751176, 0.7736102651138694], [0.45070078814842496, 0.7599450181448725, -0.46835069014487274], [-0.6376829178555814, 0.641237637326383, 0.42681938656915597]], "T": [-0.012932956617651169, 0.04564691453328602, 0.06950597154754777], "aligned_model": [[0.09368626980253644, -0.3387328680872331, 0.44339069369679157, -0.08682856012500992, -0.6148281353518762, 0.4028761749826482, -0.5153329028733975, -0.33986392101422425, 0.44420818187249544, -0.08123845838495686, -0.04418433819412119], [-0.3222573218456242, 0.4045328496106512, -0.2631372230156421, -0.6589480774206499, -0.07013955180258717, 0.44823486708483534, 0.49491858959984736, -0.2861076491633046, 0.22377543109564013, 0.45950969032949146, 0.03306255224552111], [-0.7620339082115655, -0.4125680525613029, 0.2848968830979778, -0.09219490990525571, -0.0380357042016078, 0.3656001873121358, 0.11293623025287107, 0.5528068851895241, -0.39481882130524026, 0.7848007586680033, 0.09010291215304093]], "inverted": true, "swapped": false, "error_lsq": 0.05090739124330792, "error_max": 0.2676253879667783, "target": "497.xyz", "model": "9.xyz", "model_rescale": 3.877068213659057, "target_rescale": 3.7394275553545286},
{"mapping": [12, 5, 9, 6, 3, 8, 4, 13, 11, 2, 15], "R": [[-0.23500978954256413, 0.9319712905642596, -0.27604331613561683], [-0.5858176733877283, -0.3624290021498573, -0.7248881789264106], [-0.775621075245992, -0.00864476515858803, 0.6311396166218726]], "T": [-0.03183301169393012, 0.04422478686785723, 0.07141502751657745], "aligned_model": [[0.0056296975986928136, -0.4057550568498925, 0.4747679844609724, -0.20225523912452512, -0.6200133446391237, 0.5337341379743498, -0.5651500257142672, -0.4186357132968786, 0.6042521920852822, -0.04687447412490437, 0.0034519779539468956], [-0.17355086527380992, 0.37900149555287554, 0.02032527683347085, -0.5159587554565823, -0.05126725346298708, 0.5588501157639106, 0.40415499830765433, -0.4098815171136664, -0.015064624732495271, 0.18704666199797543, 0.07978862430183259], [-0.6422834567611027, -0.5278364236380598, 0.4938242461832987, -0.12211853141128722, -0.14695738122170315, 0.1744563099368981, 0.2814480849011365, 0.563156454163318, -0.2980922869833469, 0.7192815448963226, -0.003386099576893606]], "inverted": false, "swapped": false, "error_lsq": 0.044597449644559715, "error_max": 0.24471440147547663, "target": "497.xyz", "model": "10.xyz", "model_rescale": 4.260839863003843, "target_rescale": 3.7394275553545286},
{"mapping": [2, 4, 7, 1, 3, 10, 5, 0, 8, 6, 11], "R": [[-0.6554113032899612, 0.043076465862236735, -0.7540427319512962], [0.40528984356424846, -0.8223949082964402, -0.39925775823615106], [-0.6373195165875761, -0.5672839085474833, 0.5215484645549914]], "T": [0.013300978583105812, 0.0881232648617262, -0.031670585195247763], "aligned_model": [[-0.1520564147446134, -0.2392260166327696, 0.38491562339655805, -0.031405056259267476, -0.6326172978674937, 0.33521191441799253, -0.521268451594438, -0.2516718681725549, 0.6340961032787769, -0.1866371036204055, 0.02381070412186781], [-0.14690270343706277, 0.6389408858504092, -0.17551379931363711, -0.6266424070454105, -0.19069302363689936, 0.5817348851789946, 0.45618612242354273, -0.3542850608147706, -0.07517022075874655, 0.3222586592636617, 0.0335308190080975], [-0.6543878989408413, -0.44268509065318185, 0.4395020831922686, -0.13351383658238467, -0.12592624193639543, 0.18293302549168614, 0.1564149258123357, 0.6783283819232601, -0.35348117819483504, 0.7483683337230712, -0.004060043346403152]], "inverted": true, "swapped": false, "error_lsq": 0.03625381810872053, "error_max": 0.187315514569736, "target": "497.xyz", "model": "11.xyz", "model_rescale": 3.890672605050136, "target_rescale": 3.7394275553545286},
{"mapping": [3, 0, 12, 7, 8, 11, 6, 5, 4, 9, 13], "R": [[0.4486456528317107, 0.7848581398316651, 0.4274514926107833], [-0.1823926350072188, 0.5486322986343564, -0.8159261777822218], [-0.8748999970798557, 0.2880977286185378, 0.3892938400161345]], "T": [-0.03219431820193356, 0.24497729876728508, 0.06142084485673016], "aligned_model": [[-0.13921280342129083, -0.17300855361427364, 0.38626881397508855, 0.003267398504354667, -0.646958682051098, 0.25816560160638596, -0.4658934250843348, -0.2660357375170433, 0.47327933613194756, -0.11414808333620002, 0.047428271130115836], [-0.26189890161712787, 0.3340673429722349, -0.2872717834499345, -0.604076002344655, -0.05903746050666259, 0.6436205675348088, 0.5977745559615159, -0.3329793785037766, 0.08998934138946207, 0.24210314788401757, 0.10115272739829567], [-0.7032272554529806, -0.505084984659625, 0.37243799588315873, -0.007970284227334534, -0.15955618771197053, 0.3054225356920644, 0.2010543793217454, 0.5264546626007178, -0.39850541191422606, 0.8354335938850771, 0.025033417071953633]], "inverted": false, "swapped": false, "error_lsq": 0.043148880067491374, "error_max": 0.1886846121212637, "target": "497.xyz", "model": "12.xyz", "model_rescale": 4.124412569039231, "target_rescale": 3.7394275553545286},
{"mapping": [3, 9, 4, 0, 6, 10, 8, 1, 5, 2, 12], "R": [[0.623103596832942, -0.7730496052929461, 0.11889581729510507], [0.4706273796697549, 0.24916082763297734, -0.8464211430951085], [0.6247013503419303, 0.5833636856453017, 0.5190713179817383]], "T": [-0.02105398849621863, 0.058494325225227184, -0.0913548675174877], "aligned_model": [[-0.30016448320983424, -0.34235586079973723, 0.45895005719469284, 0.15332715472915798, -0.6807555490346594, 0.37409860937810524, -0.5366338856182353, -0.4587682768782263, 0.7051915442995906, -0.040850825567187485, 0.03111365182998542], [-0.2969984697753001, 0.47737635754812874, -0.1900211798699064, -0.4920915136294571, -0.04192621099167908, 0.6117034179271998, 0.4170448454487076, -0.34948999545200865, -0.08614515446170515, 0.28507153252202605, 0.12892052745217294], [-0.6431479267429193, -0.45183263639052273, 0.47970766460766845, -0.1480456457280543, -0.13954596330430957, 0.1957405807963862, 0.2557978582813526, 0.4607495562435432, -0.2507058200789237, 0.7397085283943344, -0.00693373558997433]], "inverted": false, "swapped": false, "error_lsq": 0.04369529179906292, "error_max": 0.23734912192526011, "target": "497.xyz", "model": "13.xyz", "model_rescale": 3.9028299243045295, "target_rescale": 3.7394275553545286},
{"mapping": [0, 2, 10, 4, 3, 11, 6, 7, 5, 9, 15], "R": [[0.870250306673488, 0.27150131140748207, 0.41103703195541635], [-0.006028096819696488, 0.8402138282483956, -0.5422217119121183], [-0.4925729040288684, 0.4693908400514367, 0.7328329778963104]], "T": [0.07848512341718186, 0.15978691855476407, -0.05616786059612247], "aligned_model": [[-0.2326283911836083, -0.25380171343379354, 0.3675628035349626, 0.019492005497061357, -0.4839350163760139, 0.28290758061258425, -0.4808444721609322, -0.25911987012497883, 0.46686493008311514, -0.10470638370473931, 0.041360663579995176], [-0.2519390386375906, 0.5050730183266542, -0.3466062080865591, -0.5109531681006914, -0.09806970673122029, 0.7392527726313058, 0.39875315831566605, -0.3168950174976502, -0.09272509654334116, 0.287027904810782, 0.15052553823082312], [-0.7049409537893532, -0.615196247098699, 0.40789323257709453, -0.1335682615912309, -0.13286852805916988, 0.35406069922323513, 0.21669437939724043, 0.6362374802367528, -0.2741142798380528, 0.6861905835524286, 0.05110435587833473]], "inverted": false, "swapped": false, "error_lsq": 0.04384992350537756, "error_max": 0.2148994972854615, "target": "497.xyz", "model": "14.xyz", "model_rescale": 3.942246331269136, "target_rescale": 3.7394275553545286},
{"mapping": [7, 8, 5, 9, 6, 12, 11, 10, 2, 4, 14], "R": [[0.2332754775278288, 0.5736034450869546, 0.785214390703928], [0.5939395460210654, 0.5553188561261526, -0.5821140641687266], [-0.7699469899002491, 0.6021628150385232, -0.21114349842802893]], "T": [0.009168927915517787, 0.13053996785060334, 0.15805353533834493], "aligned_model": [[-0.06776416458687942, -0.29533202234576494, 0.5419906112466488, -0.12915775816976252, -0.42697720266885647, 0.4028603927512931, -0.6661000576882575, -0.398997383040007, 0.48985373642678093, -0.1693532130083518, 0.0821291974068093], [-0.20470159116692238, 0.49954013675377335, -0.20994132820987305, -0.6392711981833052, -0.034629648790167306, 0.8324481753201589, 0.3675482845462874, -0.3028233522650479, -0.2085166237848053, 0.20426852419881386, 0.15952277829926623], [-0.624681352420311, -0.45018899271045826, 0.21239595886060272, -0.03278357504257656, -0.15062905220659545, 0.3009106561447138, 0.20221097588098302, 0.551241799942541, -0.32839344139658794, 0.7115496257503473, 0.09985985768592197]], "inverted": true, "swapped": false, "error_lsq": 0.04668014533701125, "error_max": 0.23700076205519893, "target": "497.xyz", "model": "15.xyz", "model_rescale": 4.355366556412066, "target_rescale": 3.7394275553545286},
{"mapping": [8, 10, 4, 2, 1, 3, 9, 0, 6, 5, 11], "R": [[0.6608292591015216, -0.3587468167214902, 0.6592460935094964], [0.11478513177623623, -0.8197254533367083, -0.5611368413097114], [0.7417068584275368, 0.4464872928137211, -0.5005197633634743]], "T": [-0.1152317896794482, 0.145468525478692, 0.055490368111482766], "aligned_model": [[-0.14705511463510312, -0.1344149523947564, 0.47495285777908, -0.07593039959425973, -0.5749299469662144, 0.3867776914635484, -0.7485634864513426, -0.29820974925601734, 0.5993521657086129, -0.1245646828417577, 0.0057377535118626755], [-0.1894729985169188, 0.44496731511582494, -0.24688088715793027, -0.6789873288463724, -0.0988986369857453, 0.5244802163204902, 0.4784604977382835, -0.30357102804387853, 0.09407677201854192, 0.330953529489722, 0.10831670558616088], [-0.632868235601114, -0.4987372745259264, 0.35892693717443114, -0.08398488686767809, -0.09800086128302736, 0.24351597245007223, 0.2503205852409441, 0.5739463491435188, -0.3480249616812706, 0.6729594704228837, 0.053439366015746975]], "inverted": true, "swapped": false, "error_lsq": 0.03237386579520886, "error_max": 0.16726323763469816, "target": "497.xyz", "model": "16.xyz", "model_rescale": 3.795458400668931, "target_rescale": 3.7394275553545286},
{"mapping": [3, 0, 11, 8, 6, 4, 5, 9, 7, 10, 12], "R": [[0.7020736435708967, -0.35740273413325696, 0.6159187321693976], [0.7092208587384833, 0.273184109770974, -0.6499047743315085], [0.06401853273337466, 0.8931034250313417, 0.44527283733004985]], "T": [-0.013412865594776308, 0.1579955720338685, -0.0018950959450336133], "aligned_model": [[-0.11412808492330817, -0.17032494747431495, 0.4858083852298283, -0.002361863881104792, -0.5748719376303657, 0.4899873277391219, -0.7211809716497946, -0.46777220653666995, 0.4890571536415671, -0.0663527173637356, 0.015291999172429415], [-0.1964814866990851, 0.4604622120991973, -0.30588807138432184, -0.5179421310325459, -0.14103769916231962, 0.519173370773915, 0.24819769563474423, -0.29255339330308694, 0.07150400636385684, 0.3726982522810671, 0.24531140114675773], [-0.7206331540006449, -0.48656293857143357, 0.4350608255358322, -0.027834819327483155, -0.23150054922178015, 0.17596617424317346, 0.30388994125268926, 0.621409884114697, -0.4158006025314221, 0.698107614222203, 0.13939008477274945]], "inverted": false, "swapped": false, "error_lsq": 0.046187788167982, "error_max": 0.2827125062875627, "target": "497.xyz", "model": "17.xyz", "model_rescale": 3.7474275329858107, "target_rescale": 3.7394275553545286},
{"mapping": [5, 10, 2, 4, 8, 7, 3, 0, 9, 1, 13], "R": [[-0.5720917079219672, -0.5765821462041216, -0.5833216148965985], [0.5911190738737881, -0.7828820228693414, 0.19409785874811472], [-0.5685853658242723, -0.23377075725303412, 0.7887090178410676]], "T": [0.001086827605927966, 0.1487541374207917, 0.02074905357733546], "aligned_model": [[-0.06469356710810828, -0.40309872053004864, 0.3867410613431635, -0.09915076264567557, -0.630096244605359, 0.5721998138828281, -0.5947284818238723, -0.25794694847655825, 0.5424684070814727, -0.11487954753722615, 0.026337126743035684], [-0.02898761928182106, 0.4367377142405305, -0.09598988570432718, -0.630392350989482, -0.1677007471721781, 0.6215516691465488, 0.41586663181811573, -0.4305296692361609, -0.1379071530796322, 0.4023301141844327, 0.07846545279215181], [-0.6773202440327432, -0.4589788616241736, 0.5640757499164345, -0.2477821310532335, -0.1145974890082493, 0.1538344883033414, 0.20580097519703994, 0.5652434658299754, -0.24842645754741582, 0.6538125896100146, 0.09583037489759004]], "inverted": true, "swapped": false, "error_lsq": 0.04707748395401699, "error_max": 0.21505487696628536, "target": "497.xyz", "model": "18.xyz", "model_rescale": 3.922800546911778, "target_rescale": 3.7394275553545286},
{"mapping": [7, 9, 8, 12, 3, 6, 2, 5, 13, 1, 14], "R": [[0.11033031654870029, 0.8143362013241342, -0.5698102951537843], [-0.6796136922743519, 0.4801463908224073, 0.5546031668260095], [0.725225792786968, 0.3260613356305764, 0.6064087358237169]], "T": [0.025755018097220438, 0.10986716591736412, 0.07056752366275312], "aligned_model": [[-0.16660582755616085, -0.4547371835139257, 0.47082101777209184, -0.04634791902455641, -0.5152011216003896, 0.3983246256963784, -0.4846528681322578, -0.18377976894523204, 0.5270982084759822, -0.17182639261754207, -0.00994063423073547], [-0.15580034322297348, 0.5054961594877632, -0.11969847377446222, -0.6495618394900678, -0.16380120458352232, 0.5531817638896102, 0.6118550212057442, -0.4444332495460458, -0.16065279001078514, 0.3990016206829834, 0.0878574920799342], [-0.6578754038925496, -0.4541687239439187, 0.4221447229062604, -0.12096001161822117, -0.13344551880256272, 0.4453098706576276, 0.045648743485654536, 0.5515872141348587, -0.3132132806066398, 0.7227529858920165, -0.01628813772394508]], "inverted": true, "swapped": false, "error_lsq": 0.04803589617261861, "error_max": 0.2359040018239811, "target": "497.xyz", "model": "19.xyz", "model_rescale": 3.9282355846067225, "target_rescale": 3.7394275553545286},
{"mapping": [11, 0, 7, 9, 4, 2, 3, 6, 10, 5, 13], "R": [[0.8174578160988635, -0.3768283533290266, 0.4356180793151394], [-0.15356922976146198, -0.8715090401807417, -0.4657128778053209], [0.5551389110568166, 0.3138030991092611, -0.7702911166695845]], "T": [-0.061168075285318445, -0.09533489201326883, 0.11143428540002516], "aligned_model": [[-0.15862979271217217, -0.33162289324278116, 0.38028521458729564, 0.11761469111888426, -0.6277078132995642, 0.5261502724132624, -0.6008619348379772, -0.3786736371409033, 0.5672173519059281, -0.10272474364368087, -0.027894578824638992], [-0.15552579001432187, 0.40251487811485326, -0.2606726746779773, -0.6619006285171072, -0.1285684366890667, 0.45366192454759724, 0.4220617826096613, -0.1736037040635865, 0.16498177458779528, 0.3558246476252668, 0.04467038319506428], [-0.595843199580226, -0.4535407459277409, 0.5187181997199821, -0.24277584135316121, -0.1665874793933873, 0.29136722908328, 0.19737780285099787, 0.6770386217589905, -0.4173391414803829, 0.6428646809897861, 0.04021233382044247]], "inverted": false, "swapped": false, "error_lsq": 0.04715983701829976, "error_max": 0.2384476871193042, "target": "497.xyz", "model": "20.xyz", "model_rescale": 4.067790424073018, "target_rescale": 3.7394275553545286},
{"mapping": [10, 13, 0, 12, 11, 8, 6, 3, 7, 2, 14], "R": [[-0.22901442493901775, -0.6462768026914352, 0.7279276663740615], [0.9422295234908822, -0.33496657787520295, -0.0009574804023048666], [0.24445023671904312, 0.6856556613997375, 0.6856532620490421]], "T": [-0.010135501095585746, 0.17678652890979407, 0.01237905246539002], "aligned_model": [[-0.16377529977698674, -0.3681462730284461, 0.4392357381739189, -0.08423547360136038, -0.5568512076967495, 0.45713714562960356, -0.5980036372119614, -0.4137651057398854, 0.7111577095317033, -0.037617288625913174, -0.021984171330271064], [-0.10705442822861222, 0.3738845798286501, -0.10674806272981852, -0.5783404986187242, -0.13555553976570972, 0.5015637764219489, 0.46432497884574725, -0.3516124436543152, 0.03814108088508675, 0.23010295783087029, 0.13473775590305526], [-0.7406919567133995, -0.556043458156087, 0.48368750155378326, -0.09395172044760684, -0.13451077791862626, 0.04903842842732277, 0.3577623135578457, 0.5430603925355869, -0.11868391428644103, 0.7540825250878215, -0.052256873151618685]], "inverted": true, "swapped": false, "error_lsq": 0.047020449247551416, "error_max": 0.27174334928748445, "target": "497.xyz", "model": "21.xyz", "model_rescale": 4.186013935880536, "target_rescale": 3.7394275553545286},
{"mapping": [3, 4, 2, 5, 6, 9, 7, 0, 11, 1, 12], "R": [[-0.49893097887822074, -0.8581680457704866, -0.12089451407770486], [0.7906833428734323, -0.39363958019308715, -0.4689005568432436], [0.35480660875766434, -0.3295382923483613, 0.874938160247918]], "T": [0.03780471610655033, 0.13002452136564407, 0.0631225667114507], "aligned_model": [[-0.22933223813107206, -0.2778794385803641, 0.41383092269758437, 0.15044722218122508, -0.4658178240490364, 0.39189687898455006, -0.5139949671539935, -0.3717407827369649, 0.42386840125907965, -0.18469473400222292, 0.026568695854867035], [-0.3919338230710761, 0.4601853861234158, -0.3555882817089839, -0.6282682952365559, -0.023601599869511602, 0.5852927873805672, 0.5871415395089271, -0.30045881752615494, 0.16967642578382505, 0.24131548255827828, 0.11968335277544745], [-0.649994526822362, -0.5016370871506804, 0.4784341368750459, -0.04100450099706904, -0.11747699291888211, 0.29290573926000174, 0.22087199193452414, 0.47390842372207864, -0.4352232331046201, 0.7510408413563817, 0.01966766833416206]], "inverted": true, "swapped": false, "error_lsq": 0.046273161359593334, "error_max": 0.24802605511833667, "target": "497.xyz", "model": "22.xyz", "model_rescale": 4.166573947596378, "target_rescale": 3.7394275553545286},
{"mapping": [14, 13, 3, 9, 10, 1, 7, 8, 12, 0, 15], "R": [[-0.7008053652175694, -0.021009333988819157, 0.7130430898393275], [0.4830344704664174, -0.7495174239743726, 0.4526602826624489], [0.5249281288171713, 0.6616511460310234, 0.5354140645634334]], "T": [0.12905832481495394, 0.010198985915664517, 0.06824300262541913], "aligned_model": [[-0.11766689532031996, -0.3702497692070151, 0.44542454561245126, 0.0017496408008523257, -0.5539345364480047, 0.3199598448067916, -0.49612466300222635, -0.3149013228305778, 0.48968253367792164, -0.17624890821635986, 0.13546166645013902], [-0.15577430008008977, 0.4252300712785521, -0.3714939325305134, -0.569052302735819, 0.017784300910635244, 0.6197070441268292, 0.3365451076550444, -0.3570577258449594, -0.026786173657699135, 0.4677706362729314, 0.07657143132326674], [-0.6649399877018374, -0.47512958071164624, 0.40831591004736123, -0.02508228790339373, -0.23901006499855484, 0.38471669427703625, 0.1867085597290131, 0.6357828506981471, -0.47761744948895446, 0.6717091914762151, 0.08603862506519477]], "inverted": true, "swapped": false, "error_lsq": 0.0454698418969637, "error_max": 0.185097238974982, "target": "497.xyz", "model": "23.xyz", "model_rescale": 4.274766983524099, "target_rescale": 3.7394275553545286},
{"mapping": [9, 1, 6, 7, 4, 0, 2, 5, 8, 3, 10], "R": [[-0.751327065153694, 0.6597227799765123, 0.016537676608258167], [-0.1655144876116356, -0.2126370125072381, 0.9630111397604154], [0.6388369084188816, 0.7207991082764039, 0.26895362044364873]], "T": [0.03994222428393598, 0.06699269878220504, 0.07794418474274176], "aligned_model": [[-0.19776817272697814, -0.20209244890263123, 0.47838626652884303, 0.05026228440974036, -0.6428437779285223, 0.42144766672406087, -0.736673041501911, -0.33123769016317894, 0.6153474158784781, -0.14093748043879092, 0.04926111444454271], [-0.18577108964879768, 0.45927117050282645, -0.18411710993070962, -0.5358182418594167, -0.07398866136811638, 0.6948785223896259, 0.6246961803806158, -0.5164058218515905, -0.15937509840250072, 0.24363510897963647, 0.09643919752660551], [-0.701330921014011, -0.3830549455208788, 0.5248510451788037, -0.11582098933031199, 0.03784258647767889, 0.1578336838126632, 0.1975563761411218, 0.5116636630298507, -0.32538894504967775, 0.580034092160707, 0.007306814602635103]], "inverted": true, "swapped": false, "error_lsq": 0.042058797451859205, "error_max": 0.20955639395715614, "target": "497.xyz", "model": "24.xyz", "model_rescale": 3.7841303162186577, "target_rescale": 3.7394275553545286},
{"mapping": [10, 9, 6, 7, 8, 3, 2, 1, 11, 4, 15], "R": [[0.8132425273001948, 0.128983987725113, 0.5674501940266825], [-0.5450470734675724, -0.17277949783027471, 0.8204090033842587], [0.20386338438970958, -0.9764785589248982, -0.07020929044740101]], "T": [-0.0842371341627602, 0.07614026119105591, -0.07064839546602428], "aligned_model": [[-0.11076474540019388, -0.45050427945748156, 0.4211151606384715, 0.16499862527460785, -0.632205337806222, 0.4903946506803109, -0.6018566624533235, -0.44506531254564746, 0.639572410938926, -0.08201900029167371, -0.030513373254121734], [-0.2659627636982981, 0.3754570981882215, -0.10808465051029384, -0.5149156842551671, -0.0477180933568577, 0.4923131278851648, 0.5531649848347496, -0.2827630101578972, -0.07045507701513723, 0.26130255313524203, 0.0711056716684517], [-0.7688725081123782, -0.4147392524991502, 0.41174842489122865, -0.1771376703748571, 0.11332915599964724, 0.3109277365297086, 0.20011065773835904, 0.4715949643855377, -0.2804986239590799, 0.6521339703831024, -0.027104394493537715]], "inverted": false, "swapped": false, "error_lsq": 0.04746620799106007, "error_max": 0.2395023907977164, "target": "497.xyz", "model": "25.xyz", "model_rescale": 4.19342608120988, "target_rescale": 3.7394275553545286},
{"mapping": [8, 10, 4, 2, 1, 3, 9, 0, 6, 5, 11], "R": [[0.6608292591015216, -0.3587468167214902, 0.6592460935094964], [0.11478513177623623, -0.8197254533367083, -0.5611368413097114], [0.7417068584275368, 0.4464872928137211, -0.5005197633634743]], "T": [-0.1152317896794482, 0.145468525478692, 0.055490368111482766], "aligned_model": [[-0.14705511463510312, -0.1344149523947564, 0.47495285777908, -0.07593039959425973, -0.5749299469662144, 0.3867776914635484, -0.7485634864513426, -0.29820974925601734, 0.5993521657086129, -0.1245646828417577, 0.0057377535118626755], [-0.1894729985169188, 0.44496731511582494, -0.24688088715793027, -0.6789873288463724, -0.0988986369857453, 0.5244802163204902, 0.4784604977382835, -0.30357102804387853, 0.09407677201854192, 0.330953529489722, 0.10831670558616088], [-0.632868235601114, -0.4987372745259264, 0.35892693717443114, -0.08398488686767809, -0.09800086128302736, 0.24351597245007223, 0.2503205852409441, 0.5739463491435188, -0.3480249616812706, 0.6729594704228837, 0.053439366015746975]], "inverted": true, "swapped": false, "error_lsq": 0.03237386579520886, "error_max": 0.16726323763469816, "target": "497.xyz", "model": "26.xyz", "model_rescale": 3.795458400668931, "target_rescale": 3.7394275553545286},
{"mapping": [2, 9, 7, 0, 1, 10, 8, 6, 3, 5, 12], "R": [[0.5685381629405839, -0.17107551857954678, 0.8046723085970372], [0.0987104329008276, -0.956885062466122, -0.273179844911255], [0.8167132959103075, 0.23474271910316036, -0.5271387370620542]], "T": [-0.11618761262317032, 0.24042810502774264, -0.055129741440334334], "aligned_model": [[-0.1924873235648499, -0.13030034433444584, 0.4912988494858378, 0.10604594696926736, -0.6196214472170941, 0.40854302553581345, -0.6538246994818065, -0.4895217914849138, 0.5129944582080816, -0.04947936779484255, -0.020495169997395507], [-0.2800140541800688, 0.2934308154921656, -0.07589505753756903, -0.551539770223118, -0.06440373437860819, 0.5644544540293939, 0.4498000503576647, -0.2014785203139478, -0.034966087321227746, 0.20509632402932704, 0.15895973676416703], [-0.7609294488138424, -0.4810004185272622, 0.3820292157004019, -0.17625910061648975, -0.11825734571475383, 0.3017331328393499, 0.3896864694255645, 0.5335357705854787, -0.3259885965896774, 0.6939778230680201, 0.052964959131791306]], "inverted": true, "swapped": false, "error_lsq": 0.04621878300300904, "error_max": 0.24585855929957126, "target": "497.xyz", "model": "27.xyz", "model_rescale": 3.6321398670334006, "target_rescale": 3.7394275553545286},
{"mapping": [3, 0, 6, 7, 8, 13, 10, 12, 1, 9, 14], "R": [[0.22036666696020066, -0.9560297270805052, -0.19350889651699918], [-0.6391846406699884, 0.008320826921930702, -0.7690082957750931], [0.7368049451682785, 0.2931517094913655, -0.6092458846786412]], "T": [-0.037324907415259886, 0.10132108835385362, -0.028736341864181794], "aligned_model": [[-0.13233022606438216, -0.3387434748713905, 0.4229680328850138, -0.1455144715432798, -0.4914430909727763, 0.5476000918944819, -0.6624383928450625, -0.26363551368842625, 0.5236169678884522, -0.11961819071581689, 0.022690404356838854], [-0.1929149936667675, 0.4364050986619569, -0.13170047258310036, -0.6592267129071505, -0.14342369399249266, 0.5089772227538908, 0.5414238140932235, -0.4617323522174856, 0.07484563099583559, 0.3669350105515223, 0.12385560502874583], [-0.6418914588026169, -0.4603348212966044, 0.5524166486546663, -0.13241586836145014, 0.0013681872174112347, 0.3689526738032958, 0.11344085084684043, 0.5327474632531152, -0.39193113647823324, 0.5789224613129087, -0.02978253966075245]], "inverted": false, "swapped": false, "error_lsq": 0.04194910263491552, "error_max": 0.21714261435533944, "target": "497.xyz", "model": "28.xyz", "model_rescale": 4.156811204709835, "target_rescale": 3.7394275553545286},
{"mapping": [0, 8, 3, 2, 5, 1, 4, 6, 9, 10], "R": [[-0.6579759227141421, 0.3274287447861768, -0.6781283818099799], [0.7517755560204089, 0.33775677260119236, -0.5663513714402317], [0.04360273499080303, -0.8824459074922242, -0.46838875077391284]], "T": [-0.08195865065516508, 0.011701660309585912, -0.09525595777858262], "aligned_model": [[-0.5906391325040348, 0.06203946059634477, 0.023957300452570815, 0.6006490739473154, 0.1539544778837531, -0.7342128825669985, -0.47836076868884636, -0.4956870225234762, 0.21107723730384484, -0.10985236978988491], [-0.22499882531629262, -0.6381548591313269, 0.18437701818246804, -0.05226268727793043, -0.3923635445602011, -0.20562271497688103, 0.40499290260812665, 0.40564121394074315, 0.43891401366235056, -0.0018021865048526119], [-0.6289626857748302, -0.287014728222329, -0.7102579889373304, -0.10695975605564986, 0.558016043538146, 0.09826335304819198, -0.1480235142292916, 0.43859378830156004, 0.5203017153449622, 0.02483049996167014]], "inverted": true, "swapped": true, "error_lsq": 0.059842449285962086, "error_max": 0.24952242342009406, "target": "497.xyz", "model": "29.xyz", "model_rescale": 4.117894457231895, "target_rescale": 3.7394275553545286},
{"mapping": [2, 11, 8, 0, 3, 6, 12, 4, 5, 7, 14], "R": [[0.5816495541988094, 0.6930503438804908, -0.42586971827949893], [-0.021012607566889552, -0.5105659293544451, -0.8595818181567544], [-0.8131680431642443, 0.5089240145931072, -0.28240765029805526]], "T": [-0.0602737177382599, 0.15215447700448503, 0.10301442717731837], "aligned_model": [[-0.08794518443996546, -0.3828213240859849, 0.5306996908024904, -0.025384200432413018, -0.4229002453488548, 0.5038728540141046, -0.8052295513558476, -0.5110161903335916, 0.6229449456240559, -0.004394737432781598, -0.05467392068755906], [-0.20344038194908742, 0.5988236137767116, -0.13793448864932967, -0.5721897322064392, -0.1846389453559557, 0.4503590672742742, 0.3333073723213146, -0.22412391355084632, -0.0758001447329043, 0.2876773204205173, 0.1914043893699234], [-0.657608632727734, -0.3681048297028985, 0.3645263945149013, -0.158501613224427, -0.1311402080312132, 0.17085328891341492, 0.10147906440344623, 0.6077657405549519, -0.3179377316150186, 0.7398148349398718, 0.1403461524632855]], "inverted": true, "swapped": false, "error_lsq": 0.051468021168715315, "error_max": 0.2712411623990732, "target": "497.xyz", "model": "30.xyz", "model_rescale": 4.100398675895297, "target_rescale": 3.7394275553545286},
