[{"mapping": [3, 0, 5, 7, 8, 10, 13, 12, 11, 2, 6, 9, 4, 14], "R": [[0.9608495992689002, 0.17095886888738496, 0.2180392458561995], [0.2382547697135257, -0.9115068031253534, -0.3352461969433115], [0.1414309453180213, 0.37407006429938316, -0.9165527124511207]], "T": [0.05759899919105648, 0.1559952343877874, 0.04462690571626732], "aligned_model": [[0.11643350752227818, 0.249126302199604, -0.4442943307498115, -0.40972944278690515, -0.6839869113029527, -0.21783177174313018, -0.7814102053804687, -0.060991384939325884, -0.17265925247394232, 0.18469551720469016, 0.6826006624358829, 0.2549658103380669, 0.6369243935897633, 0.01764920721455456], [-0.46653040832017667, -0.29537464885747355, -0.39356921226032215, -0.478054542119837, 0.13582420902055384, 0.06624998568535977, 0.33170917383937537, 0.5018139253304364, 0.6520606829840967, -0.06500708601650745, 0.3998887847358834, 0.8790135100826911, -0.16808808690217047, 0.1353370446081251], [0.15654692752515706, -0.419751996758254, 0.45369958224050155, -0.18038254583232416, 0.5506269084771789, -0.5374208766760151, -0.07777556965898126, 0.5623880376599719, -0.10127974564648087, 0.621160834136766, 0.6179204327748784, 0.06048997966417821, 0.11636876640701074, 0.07499735286624606]], "inverted": true, "swapped": true, "error_lsq": 0.052637061503305896, "error_max": 0.32106928391754047, "target": "498.xyz", "model": "0.xyz", "model_rescale": 3.8414455957264533, "target_rescale": 4.108559741367891},
{"mapping": [10, 11, 13, 8, 12, 9, 11, 6, 7, 1, 5, 4, 0, 2, 14], "R": [[-0.33071300485156996, 0.7799425033422602, -0.5313366163763366], [0.6722139614269134, 0.5898525263001658, 0.44743981414269407], [0.6623875742228126, -0.20919772632015113, -0.7193601412489418]], "T": [0.1411502489144365, -0.03266478912224387, 0.06625426750557953], "aligned_model": [[-0.03411714909765867, -0.6986619257982493, -0.1947246785613031, -0.013140434403898477, -0.4779501282785412, 0.5047948382784666, -0.6986619257982493, 0.6838564250116063, 0.4885839324797109, -0.46850255402742125, 0.3912087000181049, 0.3211859115505138, -0.0705970136568867, 0.8330232411236245, 0.07681934369289213], [-0.12189607052774933, -0.0588992248333073, -0.5269703803537451, -0.7798099507002592, -0.3762436302895405, -0.5184250229477226, -0.0588992248333073, -0.2921218417434083, 0.002070629372367336, 0.5789925578021929, 0.24172247232120309, 0.45700346429022026, 0.26219794255121104, 0.2078191374545254, 0.015197452106993636], [-0.5892611160081802, 0.20870660240131, 0.5328343958970195, -0.1393445896709475, -0.21827665652329156, 0.37819863410565724, 0.20870660240131, -0.4319216231743779, 0.6057339134250439, 0.014325075452962605, -0.47826863079319115, 0.21997283055951314, 0.6937384790765052, -0.02365664022065031, 0.025822354796935433]], "inverted": true, "swapped": false, "error_lsq": 0.05143061037260429, "error_max": 0.41614570188172884, "target": "498.xyz", "model": "1.xyz", "model_rescale": 4.316132596720782, "target_rescale": 4.108559741367891},
{"mapping": [2, 12, 6, 0, 4, 3, 1, 7, 9, 8, 11, 14], "R": [[-0.18158622380976047, -0.7936503850469852, -0.5806423250481175], [-0.3939625367183598, -0.48229141267414677, 0.7824247650242232], [-0.9010105232376293, 0.3708288817979907, -0.22509104255724016]], "T": [-0.008076998846319114, 0.1438998863075868, -0.015237591857316945], "aligned_model": [[-0.1360665442967704, 0.45478154615804794, 0.05248493501957742, -0.5839387028107094, -0.5295769949288448, -0.5549051845042444, -0.1384927301251137, -0.4058083079383048, 0.5415512265957666, 0.4042443005560337, 0.4958690633749064, -0.002334052468563823], [-0.46103742134732373, -0.28636858575598256, -0.5637433069758809, 0.49329324420182785, -0.11976274808791551, -0.03182007896764119, 0.01793784515324684, 0.4411938585040537, 0.13179576885053854, -0.12478404570296706, 0.3912457442404753, 0.12482615362854883], [0.1074671399090671, 0.0333612273631852, -0.5390218740704245, -0.06394923039088447, -0.3382152623214939, 0.2561057250955369, -0.8013576514107889, 0.6362762951172716, -0.5248678758713442, 0.7358899781600133, -0.08767332611834322, 0.035243315747626125]], "inverted": true, "swapped": true, "error_lsq": 0.05951633317442729, "error_max": 0.3904171173893847, "target": "498.xyz", "model": "2.xyz", "model_rescale": 3.795458400668931, "target_rescale": 4.108559741367891},
{"mapping": [13, 12, 5, 4, 10, 0, 2, 9, 6, 1, 7, 14], "R": [[-0.6937182673920153, 0.6606379410880177, -0.2869015097234685], [0.23161209551957102, -0.17256127064035587, -0.9573810344288313], [-0.6819903244882977, -0.7306025723127253, -0.033302832227538326]], "T": [0.0927213943283639, 0.033234195861163336, -0.0024892412601940916], "aligned_model": [[-0.25587447860320683, 0.038485585126121394, -0.753966997680069, 0.20258126330511994, 0.10255209416552483, 0.0990530853879446, -0.2148343647652612, 0.6931424213818813, 0.4053691804736153, 0.7632275794396987, -0.5281578611185543, 0.04172631863075066], [0.029843163683034933, -0.5909679235558607, -0.02744359916322702, 0.1545358722824486, 0.5690182769711398, 0.6697408095243733, -0.33445350772720844, -0.36276283340764065, -0.5718846857607128, -0.022206798443774427, 0.5544078812497806, 0.01794238963735649], [-0.7951200620886368, -0.09820249572674353, 0.023881620815748128, 0.6448217495276288, -0.37063963987424475, 0.22308665464477295, 0.4069031485243486, -0.21377498457604013, 0.5586338397573877, 0.4427154292982236, -0.12051968170350617, -0.013014147959838029]], "inverted": false, "swapped": true, "error_lsq": 0.045266513153385285, "error_max": 0.21990742565204888, "target": "498.xyz", "model": "3.xyz", "model_rescale": 3.7530521520055578, "target_rescale": 4.108559741367891},
{"mapping": [12, 1, 4, 0, 2, 10, 8, 11, 13, 7, 14], "R": [[0.004888679178697897, -0.9362935067133683, -0.3511845242921042], [0.3303998486599534, 0.33297820305021664, -0.8831542652894391], [0.9438283958545471, -0.11171385580953025, 0.3109790565276057]], "T": [-0.08177938568746748, -0.061488875933083324, -0.09434332673998955], "aligned_model": [[-0.4312116156723802, -0.15063043983445035, 0.3696936086627488, 0.3886782490538039, 0.1785402036446956, -0.07450551377533379, -0.2201711607777381, -0.6215653630680439, -0.4506209062672272, 0.4201109619050658, -0.0701184214259355], [-0.5723671357926411, -0.14124735284347373, -0.21408555929705245, 0.3912970055033359, -0.6342770067732258, 0.5658287976121322, -0.4214662349159025, 0.08811515417613314, 0.19858661817350454, 0.2893570307746462, -0.08253795830311], [0.042153399285752374, -0.8941917902084697, -0.5619769374949087, -0.2667376533505332, -0.055172039885523064, 0.07628951732896155, 0.7166169394313899, -0.01286771406265945, 0.6446498193127682, 0.4497683105156315, -0.045701073627093164]], "inverted": false, "swapped": true, "error_lsq": 0.053896916816245796, "error_max": 0.25616061585967403, "target": "498.xyz", "model": "4.xyz", "model_rescale": 3.7855080009869324, "target_rescale": 4.108559741367891},
{"mapping": [10, 5, 2, 9, 3, 14, 0, 15, 12, 4, 8, 6, 1, 13, 16], "R": [[0.5173041670385694, 0.016523282151770347, 0.8556420863371935], [-0.8019703750465635, 0.35835960893984764, 0.4779350460346615], [-0.29873050783642185, -0.9334373957729639, 0.19863210178715074]], "T": [0.08184004384539768, 0.012363424963451053, 0.05880780736989388], "aligned_model": [[-0.09060570119834403, -0.6837538956434052, -0.12842976382659033, 0.03288627400682888, -0.3952834176730553, 0.45195850314969194, -0.6078343143062283, 0.6203152470026466, 0.472277683045512, -0.3855401700818527, 0.46994859346809964, 0.1929760600606253, -0.1716251629948633, 0.7674083653981587, 0.0984182821254865], [-0.16889868001521058, 0.020843932739312065, -0.5693782805631176, -0.6649990951810361, -0.4892142680034393, -0.5190121260245426, 0.017760704684229134, -0.36852360812285895, -0.030267509471736953, 0.5591422653955898, 0.20563759563992848, 0.6547241251855285, 0.17642910355005786, 0.24503689095491638, -0.03754274109794603], [-0.6255683964751099, -0.2036750404986526, 0.46272473399134173, -0.15496207818731983, 0.0023310352781614474, 0.2546387253253868, 0.42321696257907904, -0.43544681354661685, 0.6145112501657588, 0.23082355999258677, -0.4955627569845845, 0.025662901622952497, 0.7530280757434915, 0.08576654588353934, 0.06982092683560447]], "inverted": false, "swapped": false, "error_lsq": 0.03619511692712306, "error_max": 0.20719988207866316, "target": "498.xyz", "model": "5.xyz", "model_rescale": 4.2253639853439635, "target_rescale": 4.108559741367891},
{"mapping": [10, 1, 2, 3, 4, 12, 5, 7, 9, 11, 6, 8, 13, 14], "R": [[0.749049227758743, 0.18617923286910343, -0.6358164417835568], [0.004703585766828403, 0.9581835215294046, 0.28611573768397175], [0.6624976457882434, -0.21730538952769068, 0.7168509168629511]], "T": [0.07485741522525559, -0.025327403811368818, -0.0913510983395917], "aligned_model": [[0.7049816035844433, -0.38892188966324703, -0.39120855465672116, 0.09207129552777865, -0.2627081467371661, -0.32183895302660764, 0.1942178135347596, 0.6726321295946216, -0.21859152234983936, 0.21654955215853988, -0.7970949085812865, 0.15014519846403218, 0.6429319117787818, 0.08089662312969431], [0.007700885938393756, 0.048840251438740725, -0.3244613816380844, -0.652463817223973, -0.4797082339875451, 0.2867043789785873, -0.4812359554819799, -0.5095956915680998, 0.6276195530462935, 0.5222131322196161, 0.011086073353282197, 0.0772298371268185, 0.3502230510204041, -0.03905293658746342], [-0.24803096159813376, -0.7472987807662795, 0.2097938769842273, 0.008295114725171832, -0.44544481313035245, 0.29205337986822616, 0.6151607120121381, 0.1900629407396665, -0.31385663717540246, -0.06874042835944516, -0.22230839984146128, 0.7975843873553904, 0.44348291525007716, -0.03919509713237404]], "inverted": false, "swapped": true, "error_lsq": 0.05382533440736946, "error_max": 0.28754499846097936, "target": "498.xyz", "model": "6.xyz", "model_rescale": 3.89814844738969, "target_rescale": 4.108559741367891},
{"mapping": [5, 8, 11, 3, 10, 12, 2, 0, 4, 6, 9, 1, 14], "R": [[-0.4958981436044025, -0.6042274543967361, 0.6236940071244453], [0.2584213969363108, -0.7883699457976363, -0.5582931220859859], [0.829037642556231, -0.11568064624764188, 0.5470964954270269]], "T": [0.06321521046954325, 0.062329668147187905, -0.021410873921645014], "aligned_model": [[-0.19188145722001854, -0.0512940289301715, 0.40289948529394104, -0.19916468479233562, 0.6704948483908203, -0.25617606485597155, -0.5429070845430989, 0.2803197857283112, -0.32858065579752, -0.6571494616449356, 0.12346571290138521, -0.15136606023536125, 0.049971466609177645], [-0.36153053319891226, 0.1770960210833222, 0.5071177593355007, -0.5119924697570537, -0.16968554004366232, 0.5290009034537372, -0.006433694028673331, -0.4935196135249369, -0.23774663216413913, 0.43837280051697214, 0.7641339930248592, 0.27860003301617775, 0.05036823775729381], [-0.7117199859765277, -0.9046485848621786, -0.10606717927954529, -0.0909568224500058, -0.030147278456329397, -0.30765903085633306, -0.1803897550540903, 0.29475747336869035, 0.42830572514539506, 0.32274448764405966, 0.23510674493903824, 0.7256108488891493, -0.07266161221502689]], "inverted": true, "swapped": true, "error_lsq": 0.059512295680376796, "error_max": 0.3405259569966017, "target": "498.xyz", "model": "7.xyz", "model_rescale": 3.7474275329858107, "target_rescale": 4.108559741367891},
{"mapping": [9, 4, 3, 5, 8, 6, 2, 7, 0, 1, 11, 12, 1, 10, 14], "R": [[-0.8954158918743322, 0.38324895352170196, 0.2266067523341139], [0.3627237305373814, 0.9230794858489824, -0.12788963253455532], [-0.25818961226962484, -0.03231876280581923, -0.9655535312383059]], "T": [0.03727329462084694, 0.0254458178250795, 0.0059170056339115235], "aligned_model": [[0.06946208797999909, -0.7104562957188196, -0.061602177935713154, 0.13071608231366147, -0.45984014812794405, 0.5752975358560093, -0.687014584812645, 0.5388944466848984, 0.32222420881347186, -0.17264387388089214, 0.3208311847146269, 0.18188913796238967, -0.17264387388089214, 0.7824550908254347, -0.014452238260874634], [-0.3283185127728642, 0.08353503171495666, -0.5435415096746552, -0.6732497459468985, -0.4092919421167815, -0.5048470161596792, -0.02667796831538896, -0.31342734900569635, -0.023062671587426184, 0.3715289261229452, 0.19064658379353283, 0.6175001311132338, 0.3715289261229452, 0.1651124287575889, 0.054302997623861635], [-0.6679933148591563, -0.21713444315236302, 0.4309012395250511, -0.1210255743597262, -0.16464565433509176, 0.3161709733208461, 0.4316865142579607, -0.30620288884260544, 0.5980851748077245, 0.6391334651238342, -0.522082601826991, -0.09000257928419542, 0.6391334651238342, 0.027380651274698034, 0.013905204951798828]], "inverted": false, "swapped": false, "error_lsq": 0.053105784376210295, "error_max": 0.528130198947764, "target": "498.xyz", "model": "8.xyz", "model_rescale": 4.019505241142653, "target_rescale": 4.108559741367891},
{"mapping": [10, 1, 11, 13, 7, 8, 12, 0, 3, 4, 9, 2, 14], "R": [[0.6687565239534474, -0.37221294215470596, 0.6436009923564757], [-0.5542465639123204, 0.3274036460698576, 0.7652565575880745], [-0.49555570631472795, -0.8684839539293179, 0.01265558004242167]], "T": [-0.038294466707223196, -0.04308987797834442, 0.024790398868337463], "aligned_model": [[-0.18413656372666684, -0.7075587427134524, -0.10556986467349266, 0.43781146292280154, 0.3344003215787679, 0.821892299590042, 0.2777341752149566, -0.3430565816913101, 0.16648365620902705, -0.3177982180759005, -0.3746905553824319, 0.2986346292677033, 0.015554753221131985], [-0.5726418610292862, 0.3138401378179091, 0.13050109395255954, -0.2626827703705853, -0.7713446155768398, 0.04596941347715615, 0.49810036523636003, -0.5991183315633983, -0.37899611489345997, -0.03916042556775946, 0.5252020142638693, 0.22340233730762044, -0.04969301494008666], [-0.3230611789829367, 0.29964625107936343, -0.5097456036191791, -0.6643368065395377, 0.06707369352382245, -0.21715940045816523, -0.06991891481905611, 0.2572073871378037, 0.5235475410303984, 0.6311376745144865, -0.3299527744021766, 0.4861444978126766, 0.02612112776637928]], "inverted": false, "swapped": true, "error_lsq": 0.06319743030156533, "error_max": 0.5142649799220914, "target": "498.xyz", "model": "9.xyz", "model_rescale": 3.877068213659057, "target_rescale": 4.108559741367891},
{"mapping": [4, 1, 9, 2, 7, 14, 8, 13, 10, 0, 3, 12, 11, 6, 15], "R": [[0.5470535078878698, 0.11346143755558641, 0.8293726313879644], [0.8367173913348275, -0.04425506299075649, -0.5458438388747513], [-0.025228288594705328, 0.9925562913948529, -0.11914504549950157]], "T": [0.08815941267495864, -0.04455354390740643, 0.0181067032939103], "aligned_model": [[-0.10349370297848981, -0.6687039744031261, 0.02509136325144916, 0.018034137417683394, -0.5836029364987513, 0.5723600978375611, -0.5395946930620737, 0.671025246166848, 0.48215299572538006, -0.3931718569558691, 0.3067448620859944, 0.21834292402677435, -0.05117142036378142, 0.6514110529842578, 0.037692487298853786], [-0.2348650299520546, 0.22916087072132693, -0.5063498536342645, -0.6978401844207613, -0.4172054042570438, -0.5586899339688154, -0.23657533388721694, -0.4635452630180056, -0.028754426233541686, 0.5353726471906592, 0.2310946957410047, 0.6780354022284062, 0.2715845382860248, 0.2064513290307106, 0.0238642558432461], [-0.6024908323801969, -0.30615375178591236, 0.4854522856676208, -0.07492215806841544, -0.25785073296643296, 0.3508754150762447, 0.4235390043151118, -0.26886342655974016, 0.6077932504150874, 0.27456694853253444, -0.5100976056744403, 0.1563553344190593, 0.670256155655479, 0.011126834022105743, 0.04772291105751332]], "inverted": false, "swapped": false, "error_lsq": 0.03927102202043195, "error_max": 0.24744275312026232, "target": "498.xyz", "model": "10.xyz", "model_rescale": 4.260839863003843, "target_rescale": 4.108559741367891},
{"mapping": [1, 10, 7, 0, 5, 2, 6, 9, 13, 8, 12, 14], "R": [[-0.3623795531996841, 0.9304382284875118, 0.054458813720262456], [-0.5055643932663508, -0.24531810080834646, 0.8271781390226731], [0.782997895069983, 0.2722200073190928, 0.5592947022198308]], "T": [0.055979210495183576, -0.03954416774645575, -0.1469736546973297], "aligned_model": [[0.44923368227225907, 0.06535644750574081, -0.5753614348881696, -0.22544355832257507, -0.6575433469772933, -0.2743773415226382, 0.25758174256054384, 0.7758634460770641, 0.10488479210636609, -0.21960762805727224, 0.2365927293510513, 0.02171911898905366], [0.19690703305616722, -0.687156349000536, -0.5196219462299168, -0.47951209740377365, 0.0673417141431924, 0.4973456178897627, 0.7482715670169359, 0.169543746134437, -0.4131600426141141, 0.16558966500013161, 0.4565641644260456, -0.029034566885398225], [-0.8105256096152816, -0.09034795075278818, 0.05791304850820089, -0.5751029464142234, 0.301043553195497, -0.14606384502665384, -0.4897263326614175, -0.14386658600219218, 0.6326503713469387, 0.6827037168037822, 0.20372010846452854, -0.10621945045088617]], "inverted": false, "swapped": true, "error_lsq": 0.052683458783659404, "error_max": 0.2685469800108267, "target": "498.xyz", "model": "11.xyz", "model_rescale": 3.890672605050136, "target_rescale": 4.108559741367891},
{"mapping": [2, 5, 3, 6, 4, 11, 8, 9, 12, 13, 0, 7, 10, 14], "R": [[0.8615239399137676, 0.49935839623391076, 0.0917479867144558], [-0.3848349666567261, 0.5243871220443542, 0.7595526279806794], [0.33117751945712703, -0.6896806060378503, 0.6439426311881269]], "T": [0.14262933430739305, -0.022031742966027657, 0.23786290872436458], "aligned_model": [[0.4527197191133589, -0.07962188902348072, 0.3973843369982215, 0.7861421145507221, 0.7903063156858314, -0.24423183044386543, -0.4301126594626133, 0.12744243385383142, 0.051168279199185984, -0.7171103969873396, 0.34376430654115453, -0.1660376602759958, -0.21990433262443126, 0.11796709766911372], [-0.17406472076742785, 0.26164312907137205, 0.4223313833523235, -0.612499578365454, 0.13899910713512678, -0.3236798056645716, -0.20103404407055464, -0.6494168531728916, -0.5805809856019978, -0.002936428621189608, 0.5855751467893494, 0.678887686605342, 0.4061955458445749, -0.017267062706236267], [-0.28950494016952877, -0.5311568641293452, -0.13785915218478648, 0.11130996269102342, 0.21841041744096137, 0.520237532478492, -0.4302069382776378, 0.6478848639799132, -0.0474237101598429, 0.13648656407404422, 0.4533248191130235, -0.05279304728087428, 0.5663239713919516, 0.189756956389467]], "inverted": true, "swapped": true, "error_lsq": 0.05728688185678325, "error_max": 0.40099189353805453, "target": "498.xyz", "model": "12.xyz", "model_rescale": 4.124412569039231, "target_rescale": 4.108559741367891},
{"mapping": [7, 13, 11, 5, 10, 0, 8, 4, 12, 2, 1, 9, 14], "R": [[-0.5682890340732082, 0.6438070122782666, -0.5124061911154781], [0.15288312080031308, 0.694509801199838, 0.7030525495378838], [0.8085012833177799, 0.3211987966644544, -0.4931095293084585]], "T": [0.20051264274816072, 0.06619468233623665, -0.053961828288733894], "aligned_model": [[-0.2626768991317876, -0.0851652417024481, 0.4393953891542524, -0.6346399406125987, 0.3670086323111334, 0.34956209435829455, -0.535589314546034, 0.2942130761014166, -0.00032614089682039826, -0.21480273040845788, 0.8055946068011743, 0.6966004449195957, 0.14812433116203677], [-0.3474344526121238, 0.51949756144702, 0.52258161573927, -0.03248462048205264, -0.1043819228931614, -0.558279407412587, 0.5437348622090831, -0.42019966545915505, 0.5916373106997697, 0.03826890376034969, -0.07326877882396898, 0.5910541623149432, 0.07675980802109073], [0.48027653805351017, 0.6262578759076581, 0.18063259438842205, 0.06453293125202642, 0.5509172070875099, 0.1555175658508945, 0.13709266858663718, -0.5016621449415423, -0.34603144883755416, -0.527375191900234, -0.569020277969999, -0.2549099336777754, -0.04453030283171465]], "inverted": false, "swapped": true, "error_lsq": 0.049557017239203346, "error_max": 0.32824294509291607, "target": "498.xyz", "model": "13.xyz", "model_rescale": 3.9028299243045295, "target_rescale": 4.108559741367891},
{"mapping": [7, 14, 5, 4, 10, 0, 13, 3, 2, 11, 6, 1, 12, 2, 15], "R": [[-0.388179414248947, -0.40614585002298964, -0.8272619239771934], [-0.20783230468903424, 0.9131079097038671, -0.35077012182322354], [0.8978432354709751, 0.035770011816294106, -0.4388599215850923]], "T": [0.06383131078867568, -0.07318623738700306, 0.09305909488961908], "aligned_model": [[-0.1417399842408528, -0.7631092422698588, -0.13793998589072978, 0.08365799949797573, -0.5005941215736122, 0.6568280507471593, -0.6258320364151777, 0.5252665890562307, 0.7021649813004726, -0.28220615584901143, 0.36558448685778233, 0.2498048409260237, -0.21803550323289375, 0.7021649813004726, 0.027101682318729753], [-0.3144533986533703, 0.1945719932964811, -0.40491592260842324, -0.7328449723214339, -0.45382403373668034, -0.6216036558650334, -0.18949172003379028, -0.29800879296922067, 0.13032509607372691, 0.5789229808928881, 0.2737866632270912, 0.5493297419656429, 0.2394361834799855, 0.13032509607372691, -0.04981694915191575], [-0.7555624670515807, -0.07284902544042371, 0.42674396633925715, -0.06127991418533743, -0.2100768504248229, 0.2796324336956557, 0.47185832142672424, -0.2608077553659195, 0.39844906165302907, 0.06359169840999851, -0.38960340543631833, 0.08376085410573089, 0.6471877894051437, 0.39844906165302907, -0.012184137058547165]], "inverted": false, "swapped": false, "error_lsq": 0.04558337473178657, "error_max": 0.35573774496361776, "target": "498.xyz", "model": "14.xyz", "model_rescale": 3.942246331269136, "target_rescale": 4.108559741367891},
{"mapping": [0, 12, 5, 2, 1, 9, 3, 7, 10, 13, 8, 11, 4, 6, 14], "R": [[0.16678670258644185, 0.9797850507124822, 0.11046922757347782], [-0.06592610267118137, -0.1007062432423092, 0.9927295712119238], [0.98378653417646, -0.17285689738150425, 0.04779694760870684]], "T": [0.052218484574692484, -0.029310358157520346, 0.13743873358527198], "aligned_model": [[-0.009119088688106153, -0.6874118558289699, -0.14090860679630574, 0.1311190703587159, -0.6346544684116746, 0.6765780428809246, -0.5586703081179942, 0.6422084818641061, 0.41143471303138457, -0.3455975271585111, 0.3145768380313583, 0.3600283021458731, -0.11026587260655181, 0.5830254207167326, 0.010773441111728968], [-0.3147940595504012, 0.1963146227163657, -0.6228782478874026, -0.7037900649966312, -0.41621010285816995, -0.491542356940208, -0.18713298596378425, -0.3723754045643586, 0.05366643209713761, 0.6793806609641139, 0.3005970286974519, 0.6168631542562628, 0.267894315087534, 0.09986059607967257, -0.07411527746790858], [-0.5374347665712456, -0.1273566321649044, 0.2521498710101391, -0.21112939643331075, -0.050059452504564256, 0.3488128743531764, 0.48161141061737434, -0.37753474647108093, 0.7482407223963319, 0.11671901519086628, -0.5115374884427946, 0.18014625889617095, 0.6159073248170299, 0.017654550725538093, 0.06112008630689196]], "inverted": false, "swapped": false, "error_lsq": 0.04898636865132784, "error_max": 0.33799895998580654, "target": "498.xyz", "model": "15.xyz", "model_rescale": 4.355366556412066, "target_rescale": 4.108559741367891},
{"mapping": [2, 12, 6, 0, 4, 3, 1, 7, 9, 8, 11, 14], "R": [[-0.18158622380976047, -0.7936503850469852, -0.5806423250481175], [-0.3939625367183598, -0.48229141267414677, 0.7824247650242232], [-0.9010105232376293, 0.3708288817979907, -0.22509104255724016]], "T": [-0.008076998846319114, 0.1438998863075868, -0.015237591857316945], "aligned_model": [[-0.1360665442967704, 0.45478154615804794, 0.05248493501957742, -0.5839387028107094, -0.5295769949288448, -0.5549051845042444, -0.1384927301251137, -0.4058083079383048, 0.5415512265957666, 0.4042443005560337, 0.4958690633749064, -0.002334052468563823], [-0.46103742134732373, -0.28636858575598256, -0.5637433069758809, 0.49329324420182785, -0.11976274808791551, -0.03182007896764119, 0.01793784515324684, 0.4411938585040537, 0.13179576885053854, -0.12478404570296706, 0.3912457442404753, 0.12482615362854883], [0.1074671399090671, 0.0333612273631852, -0.5390218740704245, -0.06394923039088447, -0.3382152623214939, 0.2561057250955369, -0.8013576514107889, 0.6362762951172716, -0.5248678758713442, 0.7358899781600133, -0.08767332611834322, 0.035243315747626125]], "inverted": true, "swapped": true, "error_lsq": 0.05951633317442729, "error_max": 0.3904171173893847, "target": "498.xyz", "model": "16.xyz", "model_rescale": 3.795458400668931, "target_rescale": 4.108559741367891},
{"mapping": [5, 8, 11, 3, 10, 12, 2, 0, 4, 6, 9, 1, 14], "R": [[-0.4958981436044025, -0.6042274543967361, 0.6236940071244453], [0.2584213969363108, -0.7883699457976363, -0.5582931220859859], [0.829037642556231, -0.11568064624764188, 0.5470964954270269]], "T": [0.06321521046954325, 0.062329668147187905, -0.021410873921645014], "aligned_model": [[-0.19188145722001854, -0.0512940289301715, 0.40289948529394104, -0.19916468479233562, 0.6704948483908203, -0.25617606485597155, -0.5429070845430989, 0.2803197857283112, -0.32858065579752, -0.6571494616449356, 0.12346571290138521, -0.15136606023536125, 0.049971466609177645], [-0.36153053319891226, 0.1770960210833222, 0.5071177593355007, -0.5119924697570537, -0.16968554004366232, 0.5290009034537372, -0.006433694028673331, -0.4935196135249369, -0.23774663216413913, 0.43837280051697214, 0.7641339930248592, 0.27860003301617775, 0.05036823775729381], [-0.7117199859765277, -0.9046485848621786, -0.10606717927954529, -0.0909568224500058, -0.030147278456329397, -0.30765903085633306, -0.1803897550540903, 0.29475747336869035, 0.42830572514539506, 0.32274448764405966, 0.23510674493903824, 0.7256108488891493, -0.07266161221502689]], "inverted": true, "swapped": true, "error_lsq": 0.059512295680376796, "error_max": 0.3405259569966017, "target": "498.xyz", "model": "17.xyz", "model_rescale": 3.7474275329858107, "target_rescale": 4.108559741367891},
{"mapping": [1, 10, 11, 0, 6, 2, 9, 13, 4, 12, 3, 7, 8, 14], "R": [[0.3016924972811128, -0.9431261157008799, -0.13962366191751452], [-0.9468066774246395, -0.3135743647182307, 0.07230652374214067], [-0.11197657196217621, 0.11038227971250059, -0.9875611371743376]], "T": [0.05142500482854885, -0.03900823135702265, -0.030541749000293723], "aligned_model": [[0.38573522743274763, 0.04259698594421163, 0.5407182485892954, -0.28677756978453284, 0.2469877587445104, -0.2573303911139244, 0.7752849894045764, 0.16323923140082824, -0.22182038091590617, 0.28379991405641863, -0.5722343889424302, -0.5738061723692179, -0.13330454145515824, 0.02175873689145809], [-0.7279908156406087, 0.4035418390715429, 0.24336264092185894, -0.08931615630644008, -0.8044760347592487, -0.3504369687588767, -0.20503439408146257, 0.8012079111684811, -0.622410923087162, -0.07856194121453092, -0.15270409525558643, 0.4524313895102575, 0.5023340929467294, -0.01153830300372044], [-0.284311566798524, -0.5067428005279904, 0.004776160922580333, -0.6129105115334296, 0.36263869604100896, 0.4223038848882741, 0.07155016187828331, 0.1464571561571477, -0.20596428107730316, 0.5578188900323939, -0.071137039057354, -0.22705464719996413, 0.6617125527912251, 0.005658062145306973]], "inverted": true, "swapped": true, "error_lsq": 0.04728142587071955, "error_max": 0.33382540928191584, "target": "498.xyz", "model": "18.xyz", "model_rescale": 3.922800546911778, "target_rescale": 4.108559741367891},
{"mapping": [9, 10, 13, 7, 11, 12, 4, 3, 5, 6, 2, 1, 8, 0, 14], "R": [[-0.5655695422589926, 0.7832293067116818, -0.2582304125715877], [-0.21925150148770145, -0.4446507778435642, -0.8684552175319704], [-0.7950219317505287, -0.43455441416588103, 0.42320513839579715]], "T": [0.04574320294311032, -0.030577488679158854, 0.14765348450867788], "aligned_model": [[-0.014655532855885986, -0.5658160070010673, -0.2690358362332228, 0.12188816390758807, -0.46402975190392826, 0.5069374157615916, -0.6655762904894194, 0.5420015949986396, 0.6890467957185576, -0.3803940584949498, 0.09694573851869528, 0.21312379267961457, -0.02467591765173431, 0.7992813784332456, 0.058075097144986154], [-0.1982034457876491, 0.1877359816135538, -0.5515290688316469, -0.759850308726605, -0.45614072296183295, -0.5965915769918505, -0.03223109402340893, -0.29076638265262134, 0.0889953708670919, 0.4823562083998476, 0.27829415528519086, 0.6905056804760411, 0.08775742581161508, 0.21227330459520619, -0.1108672174032576], [-0.6466995334451342, -0.3308182583189547, 0.46598877072752565, -0.1694807424653575, -0.10977821692336004, 0.44012911505045005, 0.2814031871043099, -0.16085679303881667, 0.5405867345243124, 0.32393118794290143, -0.49663338536620727, 0.15006704544621374, 0.7438318550394518, -0.12001486618278484, 0.09565353163106939]], "inverted": false, "swapped": false, "error_lsq": 0.04984855569690286, "error_max": 0.28772584145427066, "target": "498.xyz", "model": "19.xyz", "model_rescale": 3.9282355846067225, "target_rescale": 4.108559741367891},
{"mapping": [10, 0, 4, 7, 13, 3, 5, 2, 8, 12, 9, 11, 6, 14], "R": [[-0.7764235502411508, -0.5368953664086433, 0.3300149029359975], [0.48527225142587926, -0.17522536670820665, 0.8566253048200438], [-0.4020911745201398, 0.825251135346631, 0.3965895245491381]], "T": [-0.023768323494823322, -0.23966920270427317, 0.10203743368945747], "aligned_model": [[-0.5741866057685886, -0.07434925538224746, 0.5266933902473119, -0.39677948700589866, -0.775423714355715, 0.2105323682497786, -0.05085096187722781, 0.46987718695834996, -0.27756862128905735, 0.13585342566905717, -0.0029802293892922313, -0.38569003826956716, 0.7591359506572372, -0.03174058935946398], [-0.5243065684876508, -0.7275248995277398, -0.5483759968460076, -0.13195807320475528, 0.18946877429594006, -0.19617341509969216, 0.38646761156193854, 0.1294022560892446, 0.617891064682103, 0.24323772974052293, -0.3416791240906843, -0.20442877421523464, -0.17786856847599403, -0.19126992899715384], [-0.09472949637891531, -0.3621862545991723, -0.11587728188459864, -0.6192844289593654, 0.1275123220553045, -0.4868064070611281, -0.4710922818691444, -0.030202081769031608, 0.020992184961344973, 0.48026042050507367, 0.8444137219210027, 0.5358107929880525, 0.5045522660260047, 0.07881968130825556]], "inverted": false, "swapped": true, "error_lsq": 0.054954677409073685, "error_max": 0.4443331266259396, "target": "498.xyz", "model": "20.xyz", "model_rescale": 4.067790424073018, "target_rescale": 4.108559741367891},
{"mapping": [8, 2, 12, 7, 0, 9, 3, 1, 10, 6, 5, 13, 11, 13, 14], "R": [[0.08309988868936624, 0.8003401706314547, 0.5937592271059281], [-0.7625960160401913, -0.3324826739449771, 0.5548897078213167], [0.6415151789470325, -0.4989096940329104, 0.5827069524045038]], "T": [-0.04728194468510903, -0.02169787937217932, -0.011581266591512207], "aligned_model": [[0.027378950899283036, -0.7640319682699771, -0.09493760782951306, 0.1293243787960346, -0.5145776801804006, 0.405551276388581, -0.7079101819742027, 0.679562532894458, 0.6178357804453781, -0.3908776353289782, 0.2537222755697067, 0.5078681127618234, -0.02023719353337393, 0.5078681127618234, 0.006577429132067991], [-0.1938399736581733, 0.05766890488786519, -0.42540263479151313, -0.6827025262073099, -0.5345632923307428, -0.5913785327832135, -0.004547779277250905, -0.30988804954132193, -0.09783104681639071, 0.6311947987553082, 0.28006306812702614, 0.3628563678544303, 0.21729506158805292, 0.3628563678544303, -0.04004242399152226], [-0.550061300362888, -0.19513575110835152, 0.6378533145017418, -0.3091497806813333, -0.16344236529593875, 0.26128486632001996, 0.5241623500889472, -0.2604760887730631, 0.4607628601697146, 0.04525230547510427, -0.4199963872849776, 0.1729450180777482, 0.5885713886433601, 0.1729450180777482, 0.04179418387778658]], "inverted": false, "swapped": false, "error_lsq": 0.04882641287642077, "error_max": 0.4350927182340743, "target": "498.xyz", "model": "21.xyz", "model_rescale": 4.186013935880536, "target_rescale": 4.108559741367891},
{"mapping": [2, 5, 4, 9, 11, 1, 12, 8, 0, 7, 13, 10, 14], "R": [[0.8409722176898204, -0.16760014254406647, 0.5144666376871041], [-0.39928417236980157, 0.44944442741293283, 0.799106911722345], [-0.36515459571095105, -0.877445097363174, 0.31105019264501726]], "T": [0.11820349976477477, -0.045501158367323505, 0.003752635270831535], "aligned_model": [[-0.04783681602819555, -0.5984380735087109, 0.546369029354392, 0.41820328964312753, 0.06312586743584317, 0.8761318834579819, -0.14007322247302573, -0.7567526274175738, 0.40027036722017334, -0.31955604334057836, -0.5472538041421966, 0.09814337571691865, 0.06624080950506935], [-0.24947841782036706, 0.1917475736843418, 0.08357663859453222, -0.6401917916719657, -0.30770921107947763, -0.29162536498755876, -0.6184039946594705, -0.2457065305158055, 0.5661531083685012, 0.6460666842401308, 0.005943375180240629, 0.42167974993288504, -0.04309515971989338], [-0.5691442248118902, -0.3853441970645871, -0.49203765095070573, 0.3477059736452633, 0.5023526093710207, -0.12205232058094367, -0.07874773371996047, -0.023853888787628223, -0.04505909108430397, -0.03008146806558249, 0.5553994756463262, 0.455455558188994, -0.011713480450656271]], "inverted": true, "swapped": true, "error_lsq": 0.05593535868382685, "error_max": 0.3417410015327874, "target": "498.xyz", "model": "22.xyz", "model_rescale": 4.166573947596378, "target_rescale": 4.108559741367891},
{"mapping": [8, 0, 2, 3, 4, 11, 1, 9, 12, 5, 10, 13, 6, 14, 15], "R": [[-0.7141586876015291, -0.032077357528690426, -0.6992484623202531], [0.4485050166817107, -0.7879238246392534, -0.4219233302120064], [-0.5374203372915842, -0.6149366550302786, 0.5770895003078569]], "T": [0.09126504959449788, -0.10357335503296135, 0.03910726326093368], "aligned_model": [[-0.11305472007984593, -0.6661608098154014, -0.2371165769395011, 0.07336023097109548, -0.47368628998106543, 0.5801263261302918, -0.5406125130578334, 0.5320844411172883, 0.5363482003812221, -0.31054774905071086, 0.3214138489796561, 0.24409036098185993, -0.09973275328029177, 0.7613431500891786, 0.03526143608676835], [-0.3545924222270501, 0.05229578780897477, -0.4880636644472434, -0.7022093900640153, -0.5263120227902583, -0.6476174184218417, -0.004230823930309727, -0.3365461394026627, -0.06286551942798695, 0.6065655331745685, 0.467200116381382, 0.729166260872485, 0.05747504677711045, 0.31708735267780935, -0.07561438731128733], [-0.7020553368791561, -0.22312667932642521, 0.4831139619834715, -0.013246982492645984, -0.1657720086509803, 0.33427507455056904, 0.3536877270501036, -0.2953342295036448, 0.5182995172001407, 0.19820225218775028, -0.3877304196763494, 0.03759227258446553, 0.7579193969497637, 0.043311005160705865, 0.0681740805878501]], "inverted": true, "swapped": false, "error_lsq": 0.04180338926474728, "error_max": 0.31043748390947823, "target": "498.xyz", "model": "23.xyz", "model_rescale": 4.274766983524099, "target_rescale": 4.108559741367891},
{"mapping": [12, 2, 1, 11, 0, 10, 13, 7, 5, 3, 14], "R": [[0.2904386286131202, -0.5750866455362269, 0.7648011199882099], [-0.7123051908893152, -0.6636301517368723, -0.22850894235857006], [0.6389575244423267, -0.4784039839211062, -0.602381034003352]], "T": [-0.1411161021189489, 0.12409304547716343, -0.10775590293667753], "aligned_model": [[0.23660971626344737, 0.3936762515539769, -0.559180919838409, -0.35594421032910095, -0.4619068099771556, -0.5244647999171763, -0.015873875355070288, 0.03806819872837411, 0.5764469671720622, 0.1461607138587829, -0.09369652820165617], [-0.08117418565700718, 0.4253940118757797, 0.6315997657282186, -0.3453428068492182, 0.45265894126005674, -0.1446790201250885, -0.6941424491536923, 0.021048417929786373, 0.03699174247453749, 0.5081934014729643, 0.10503871228714635], [-0.5735019774396896, -0.25128912987552043, -0.5752151887512997, -0.33984943394566713, 0.38742388082092377, 0.34335527280400024, 0.14640794148803976, 0.6849098753839169, 0.3380860589089798, 0.3087350501545489, -0.08949591552665458]], "inverted": false, "swapped": true, "error_lsq": 0.05372803284589158, "error_max": 0.2630455389981333, "target": "498.xyz", "model": "24.xyz", "model_rescale": 3.7841303162186577, "target_rescale": 4.108559741367891},
{"mapping": [9, 0, 4, 2, 8, 5, 1, 12, 3, 7, 14, 11, 6, 13, 15], "R": [[0.06584098361453267, -0.15487833305276022, -0.9857371185196737], [-0.7337982989752903, -0.676942611658153, 0.05734768471708357], [-0.6761693732325074, 0.7195563928367517, -0.15822002474440727]], "T": [-0.04857069930983049, 0.014490815708248131, -0.0172053019555434], "aligned_model": [[0.08411277335102413, -0.7637689583723511, -0.06500647235278206, 0.006076580474429216, -0.48100794263119645, 0.4867193685366067, -0.6586257186527417, 0.6001960083021125, 0.5046870875459579, -0.3760069016171064, 0.43650834931854776, 0.26118640642557156, -0.046343673235697797, 0.6890139340558953, -0.03462425861555872], [-0.21835562868827535, 0.18628184428321054, -0.45522810424043686, -0.7291613173788892, -0.3660244944847531, -0.6264121713656464, -0.29332399325583514, -0.3152856937192083, -0.03943830443632105, 0.5642424916799207, 0.14090890195410083, 0.675226002628215, 0.20287111610615383, 0.27519911858993723, 0.030238541997502484], [-0.5371267748153173, 0.0003799784428258207, 0.5622757973609716, -0.1302902598162295, -0.15011095622278983, 0.2512097681660861, 0.27625561632852547, -0.2305620908148113, 0.5658893378046064, 0.09839828053732402, -0.6320351535098455, 0.2213468252094634, 0.6803148447211594, -0.017499754562673317, 0.04886417289632346]], "inverted": true, "swapped": false, "error_lsq": 0.040797097666005484, "error_max": 0.28678452692148726, "target": "498.xyz", "model": "25.xyz", "model_rescale": 4.19342608120988, "target_rescale": 4.108559741367891},
{"mapping": [2, 12, 6, 0, 4, 3, 1, 7, 9, 8, 11, 14], "R": [[-0.18158622380976047, -0.7936503850469852, -0.5806423250481175], [-0.3939625367183598, -0.48229141267414677, 0.7824247650242232], [-0.9010105232376293, 0.3708288817979907, -0.22509104255724016]], "T": [-0.008076998846319114, 0.1438998863075868, -0.015237591857316945], "aligned_model": [[-0.1360665442967704, 0.45478154615804794, 0.05248493501957742, -0.5839387028107094, -0.5295769949288448, -0.5549051845042444, -0.1384927301251137, -0.4058083079383048, 0.5415512265957666, 0.4042443005560337, 0.4958690633749064, -0.002334052468563823], [-0.46103742134732373, -0.28636858575598256, -0.5637433069758809, 0.49329324420182785, -0.11976274808791551, -0.03182007896764119, 0.01793784515324684, 0.4411938585040537, 0.13179576885053854, -0.12478404570296706, 0.3912457442404753, 0.12482615362854883], [0.1074671399090671, 0.0333612273631852, -0.5390218740704245, -0.06394923039088447, -0.3382152623214939, 0.2561057250955369, -0.8013576514107889, 0.6362762951172716, -0.5248678758713442, 0.7358899781600133, -0.08767332611834322, 0.035243315747626125]], "inverted": true, "swapped": true, "error_lsq": 0.05951633317442729, "error_max": 0.3904171173893847, "target": "498.xyz", "model": "26.xyz", "model_rescale": 3.795458400668931, "target_rescale": 4.108559741367891},
