[{"mapping": [10, 7, 5, 11, 9, 12, 6, 0, 3, 2, 4, 8, 13], "R": [[-0.2268875548552261, -0.6606273343896696, -0.7156071286041079], [-0.6121774761093344, -0.4747309713777575, 0.632352150750779], [-0.7574699830331377, 0.5815513991659982, -0.29671062490555944]], "T": [0.1238795192011031, -0.11849863603248618, -0.11112792760066015], "aligned_model": [[-0.7087986907019375, -0.5778248197058937, 0.4236148601123322, -0.30416979129482413, -0.37789280519429247, 0.0013722434290970031, 0.2493149183160159, 0.34227929740501173, 0.5359623570395374, 0.27407501151711444, -0.30550316108941256, -0.3691005701393567, -0.03696232691268242], [-0.5573279371816624, 0.12720111668014616, -0.6540746139025388, -0.6237489110900271, 0.1924106655530255, -0.34079434911587825, 0.16096306625078066, 0.30436224273439644, 0.12874853269557412, 0.6354631462107259, 0.548753471332541, -0.16259066228833324, -0.10685226728514763], [-0.47099563641491105, 0.02538996408945754, 0.3312727480079598, 0.1092303901037576, -0.5450669929343515, -0.631412841182895, 0.5893814597693268, -0.7185014935957648, 0.09443685078492065, -0.09559762128386078, 0.4216096867035517, 0.4935254080861826, -0.0880167855018896]], "inverted": false, "swapped": false, "error_lsq": 0.051612791462297615, "error_max": 0.28389269746131085, "target": "499.xyz", "model": "0.xyz", "model_rescale": 3.8414455957264533, "target_rescale": 3.9483692239662957},
{"mapping": [6, 2, 3, 5, 8, 10, 0, 12, 1, 13, 7, 4, 14], "R": [[0.5564317322988127, -0.5386021957629816, 0.6326858636086613], [0.20156507541733948, -0.6512081219184022, -0.7316416488415008], [0.8060739715825992, 0.5346360039006003, -0.25378947115720285]], "T": [-0.10416340331621056, 0.058201611753798274, -0.03325377620842203], "aligned_model": [[-0.715532533751035, -0.6754287381303296, 0.2425082457938329, -0.2603710339365438, -0.2180655370103326, 0.013225330023695234, 0.21141122096441, 0.3539023169481396, 0.675334149707273, 0.05605107149564041, -0.4049629091412663, -0.10321993731517462, -0.028485122867600104], [-0.28977599988848046, -0.2804503621039806, -0.5763860134241998, -0.5797796712915433, 0.3535488495451819, -0.37966372529540354, 0.42722526509948155, 0.1446346702209546, -0.22216018387195208, 0.7767522048709795, 0.4030931191407912, -0.1349257926879231, 0.010401140279696089], [-0.37261573920773156, 0.2885776788427795, 0.26756875571750877, -0.08712253897772078, -0.7572003975621635, -0.545967275451451, 0.5050319929595144, -0.6374016605792838, 0.21630327048160508, -0.21453633971368502, 0.41788312935667554, 0.47519302570275096, -0.04045876493731473]], "inverted": true, "swapped": false, "error_lsq": 0.051327970987312045, "error_max": 0.3897593053985206, "target": "499.xyz", "model": "1.xyz", "model_rescale": 4.316132596720782, "target_rescale": 3.9483692239662957},
{"mapping": [10, 11, 6, 4, 9, 1, 7, 0, 8, 3, 5, 12], "R": [[-0.5408142990056758, 0.7293200963231137, -0.41906096345310395], [-0.09049331638946681, 0.44486516500194717, 0.8910139980138505], [0.8362600395091442, 0.5197953270923417, -0.1745908481368084]], "T": [0.06406932900378248, -0.02301455140542564, -0.10537479230290486], "aligned_model": [[-0.36268191953696516, 0.28460366639071294, 0.2757099670309112, -0.6466994657662611, -0.49555196492850406, -0.2783438391227247, -0.13666419931819204, -0.19936656506834383, 0.573891965537784, 0.3442580297668694, 0.22356278207524902, 0.015090097571244944], [-0.6584454592895539, -0.4357650320552183, -0.7018621486770471, 0.39065457030737794, -0.1361822576353564, -0.09712337974815177, 0.45266574908027735, 0.5014053165530759, -0.05426301386206559, 0.11130891677447524, 0.6230086534437952, 0.017374512849372158], [0.09289287556264603, 0.15468747004208366, -0.39862733220498187, 0.0325854872489762, -0.5738258980944857, 0.4409243444372645, -0.6307207300985129, 0.566519400009063, -0.5645621936201275, 0.5308847724199375, -0.06723063960768733, -0.13426909488475416]], "inverted": true, "swapped": true, "error_lsq": 0.051150111165873646, "error_max": 0.2535286019927171, "target": "499.xyz", "model": "2.xyz", "model_rescale": 3.795458400668931, "target_rescale": 3.9483692239662957},
{"mapping": [7, 5, 0, 11, 9, 10, 3, 8, 2, 6, 4, 12], "R": [[0.7363361439933285, 0.2588713656615332, 0.6251357445303933], [-0.44849425514922797, 0.8785222628748495, 0.1644735137686099], [-0.5066181857643639, -0.4014775830277286, 0.7629900157793925]], "T": [0.09566970183362877, 0.03172589511191699, 0.06912455648630389], "aligned_model": [[0.049849371492275085, -0.24479304962837856, -0.7768746061685095, 0.2828138898395818, 0.20076027429528787, 0.15215166940892008, -0.2615497922213436, 0.6493418867555885, 0.2587525515373973, 0.794529850354968, -0.5783292103340423, 0.06665099041182043], [-0.05195017403986749, -0.4735490637181336, -0.09236592884411424, 0.07693412684400922, 0.5776315023103666, 0.7360196981770272, -0.3077239053841272, -0.34110761596303923, -0.7193077170674893, 0.2672280391863393, 0.3641631668103131, 0.04979691697842535], [-0.6612540198696977, -0.20110025733982262, 0.2074145548885014, 0.5686883684448674, -0.4170568916193581, 0.42405998899380476, 0.5775955997628998, -0.09271159930130901, 0.27935759858312814, 0.2876562591980267, -0.29220408532618614, 0.008325914224245862]], "inverted": false, "swapped": true, "error_lsq": 0.05522377339298035, "error_max": 0.28815024418307716, "target": "499.xyz", "model": "3.xyz", "model_rescale": 3.7530521520055578, "target_rescale": 3.9483692239662957},
{"mapping": [9, 6, 8, 2, 7, 3, 4, 1, 0, 5, 12], "R": [[0.7976638266981532, -0.509511086796742, -0.3226931545732904], [-0.37028062691152874, -0.8360743898502226, 0.4048109089075824], [-0.4760511284633866, -0.20341599511292285, -0.8555683818497242]], "T": [-0.11607764347007082, -0.06052493401167981, -0.12625588895488038], "aligned_model": [[-0.34131744100368233, -0.2383382367675105, 0.41659795899087887, 0.4763022622088597, 0.2697049240033694, -0.14197460311079935, -0.41139654816111154, -0.6386882185489244, -0.29258258227478234, 0.35174340922975544, -0.1118513221208476], [-0.7638600473511384, -0.16181741764145802, -0.1387624947783344, 0.4528372789648446, -0.615481071336522, 0.6172545495896874, -0.3689512904210952, 0.18800222600520328, 0.32276834046897573, 0.04855014251986968, -0.11333685770568643], [-0.12224181073765059, -0.8788613979911033, -0.5527347785672467, -0.2690519677375313, 0.1665743490674183, 0.07701500156049784, 0.5899894515644365, 0.16750265219330446, 0.6597394966379272, 0.3357887079095538, -0.0808889266542894]], "inverted": false, "swapped": true, "error_lsq": 0.05640655957656853, "error_max": 0.25921142804799563, "target": "499.xyz", "model": "4.xyz", "model_rescale": 3.7855080009869324, "target_rescale": 3.9483692239662957},
{"mapping": [15, 8, 12, 13, 10, 14, 4, 3, 1, 5, 7, 6, 16], "R": [[0.3298683410252137, 0.8836086097960483, 0.33229911568279674], [0.44468224504599585, -0.4559425786136633, 0.7709565914809839], [0.8327331976870662, -0.10654665504566041, -0.543326082356125]], "T": [0.002755508095011683, -0.06300275700577325, -0.06263941951144393], "aligned_model": [[-0.5934986993707543, -0.695533449023526, 0.3048300556756517, -0.3451313448953093, -0.464772753275964, 0.10892911248425677, 0.25437025908349653, 0.2841738308487921, 0.6823461310254098, 0.1354335028128628, -0.32638399897070647, -0.2133351669071538, 0.014939043293653718], [-0.37536543566277486, -0.12890012199488526, -0.6616766647286144, -0.6445471440015859, 0.3668100935520521, -0.5573554743952633, 0.3554658979373893, 0.30706921513938856, -0.1240872078264571, 0.7307013650604731, 0.5234169695000443, -0.048916754584811664, -0.09010123740135281], [-0.5382743464748138, -0.004674398874709981, 0.05314392525786128, 0.19358021741272674, -0.4199103424663828, -0.5121279678344156, 0.49285566217732424, -0.5786501446425016, 0.2652770547352444, -0.14943550785649778, 0.2677369736059924, 0.5531393335970631, -0.10740532200540688]], "inverted": true, "swapped": false, "error_lsq": 0.039622438880871386, "error_max": 0.24563897463262876, "target": "499.xyz", "model": "5.xyz", "model_rescale": 4.2253639853439635, "target_rescale": 3.9483692239662957},
{"mapping": [4, 2, 7, 3, 1, 0, 11, 9, 12, 8, 5, 6, 13], "R": [[0.7960099257003146, 0.5606117651388007, 0.22821622855208606], [-0.5911457647469407, 0.8010560544031138, 0.09410569868966828], [-0.1300572297426582, -0.20981812717702453, 0.9690518409763182]], "T": [-0.11870982178151124, 0.05929689469152698, -0.08410115825750387], "aligned_model": [[-0.6585660681441213, -0.7145401669778833, 0.25109109278018815, -0.3263416932190944, -0.34509439820929505, 0.20234676964010223, 0.29417575238528726, 0.3194365017874276, 0.7273031123732732, 0.020615009328094708, -0.36342246465418987, -0.11934583141640681, -0.14129109289267328], [-0.2667366031877296, -0.009355586876651473, -0.6100677051882749, -0.5952682413353448, 0.2001314282554032, -0.4702463711388336, 0.33435375325736955, 0.2237831627849402, -0.1546678953134623, 0.7705736298556183, 0.44254976288840786, -0.21788317986376882, 0.005347346455928902], [-0.40530001213219546, 0.21663900958665966, 0.1270611775033872, 0.09322047426315556, -0.7679296745316682, -0.5935805435569003, 0.515417828943095, -0.47597932074822963, 0.24729731541122763, -0.22741505517361632, 0.3563238953984139, 0.49632004215162506, -0.0668200004834701]], "inverted": false, "swapped": false, "error_lsq": 0.03766731754276704, "error_max": 0.20948811603235, "target": "499.xyz", "model": "6.xyz", "model_rescale": 3.89814844738969, "target_rescale": 3.9483692239662957},
{"mapping": [1, 2, 9, 5, 0, 6, 11, 3, 8, 7, 4, 10, 12], "R": [[-0.6204824505603557, -0.40381231179710264, 0.6722627056350035], [0.7093018430752056, -0.6546254167807566, 0.26145068199325305], [0.33450324954584865, 0.6390627360014822, 0.6926083998173626]], "T": [-0.05579462299834087, 0.0762532084904272, -0.04156988247458751], "aligned_model": [[-0.648120650271466, -0.7382414546397966, 0.2702759523042793, -0.2626268871300568, -0.3247113303960834, 0.19370801479570968, 0.41932760670829883, 0.35442300036890645, 0.615523039114727, 0.13309542229110494, -0.3685509639124285, -0.3449853243935475, -0.15274990205893826], [-0.35412487530660247, 0.01807890855655954, -0.6625477842623717, -0.6711438231182537, 0.18773329823679497, -0.37417669273612764, 0.2657151502127353, 0.2355195303645919, -0.007207993547881764, 0.6866116200660711, 0.5063052717852438, -0.23386943186443787, 0.05562032220728079], [-0.4643241780599481, 0.138513202046722, 0.34026378820403536, -0.0761342525904811, -0.5575799420090964, -0.4800184984407292, 0.5858880114915445, -0.7188716445168203, -0.03424891231353225, -0.19341796364574954, 0.32275755604490686, 0.5576766020524405, 0.09475136836819151]], "inverted": false, "swapped": false, "error_lsq": 0.04762274722039708, "error_max": 0.24764008571781915, "target": "499.xyz", "model": "7.xyz", "model_rescale": 3.7474275329858107, "target_rescale": 3.9483692239662957},
{"mapping": [2, 4, 5, 8, 1, 3, 11, 0, 7, 12, 13, 9, 14], "R": [[0.9630059261309949, -0.10036594251917352, -0.2500925105212532], [-0.09635329247010946, -0.9949456797973475, 0.02826901630343484], [-0.2516657093581776, -0.003125993415263221, -0.9678091748368649]], "T": [0.026977677854978246, 0.05150756593392497, -0.072958704466126], "aligned_model": [[-0.6497634397838502, -0.7065607293140204, 0.3176192794316571, -0.32415672592652295, -0.27141756800345856, 0.09821056493892731, 0.248711944198657, 0.31611885395293815, 0.6038352024501509, -0.0058313545806175995, -0.6068239678530284, 0.1572684428766586, -0.03084397960678152], [-0.22008612603633193, -0.1020862175078682, -0.5863840098360242, -0.5029368595626622, 0.3032831424124274, -0.5341776926442405, 0.307145864340714, 0.06972160370427347, -0.11872246001309361, 0.6626838833830515, 0.5678224914259178, -0.2577063234906686, 0.0639562044181072], [-0.4934914880023931, 0.1518883563141512, 0.07415778344927439, 0.11280007829607215, -0.7151200209496507, -0.48043040982310553, 0.4485419485599072, -0.6648023212600814, 0.24662659949515509, 0.0046924074339629585, 0.3009747124740949, 0.6109649222827818, -0.08154743163868505]], "inverted": true, "swapped": false, "error_lsq": 0.051327535912449686, "error_max": 0.34346465867295506, "target": "499.xyz", "model": "8.xyz", "model_rescale": 4.019505241142653, "target_rescale": 3.9483692239662957},
{"mapping": [7, 8, 3, 4, 9, 0, 6, 1, 2, 10, 11, 5, 12], "R": [[-0.2542826975388453, 0.3737613168050048, -0.8919881096699425], [-0.22526773568118574, 0.8740465657550014, 0.43046143631335854], [0.9405289772215633, 0.3103950369320957, -0.13805855299286376]], "T": [-0.020357592318699526, 0.03593221329383221, -0.03617804038913586], "aligned_model": [[-0.5376161158256229, -0.6916114324617907, 0.2796487841353737, -0.3337422486890739, -0.48454779344185495, 0.07345587931982611, 0.3369960965466389, 0.2547498285595035, 0.5256569064176583, 0.29949591042827, -0.4371340734021723, -0.10029476833041764, -0.03869045047562879], [-0.4649651749358765, -0.02157534112498695, -0.6752397046029788, -0.7291048119207216, 0.42726641100890417, -0.49091186726963554, 0.4549964824884588, 0.2534892883630348, -0.1739430122725289, 0.8766554377573202, 0.3448783886760437, -0.18013456843157688, 0.031101972858145477], [-0.5849306407472483, -0.08359211703333254, 0.34156722433781656, 0.02787723609617454, -0.3503834895945694, -0.40533982793688794, 0.4378950734926847, -0.6134908916540573, 0.05209833855682747, -0.20664198040578044, 0.30747752776795206, 0.5942582473260095, -0.0015395635741049934]], "inverted": false, "swapped": false, "error_lsq": 0.05425862493532753, "error_max": 0.33591992163095996, "target": "499.xyz", "model": "9.xyz", "model_rescale": 3.877068213659057, "target_rescale": 3.9483692239662957},
{"mapping": [6, 13, 5, 3, 10, 12, 7, 11, 1, 9, 2, 4, 15], "R": [[0.1514738214796918, -0.07963076906219813, 0.9852485077506594], [0.7816986721704284, -0.6004043629471593, -0.16870621470771344], [0.6049817082634215, 0.7957220253157372, -0.028698276848855786]], "T": [-0.09218962721359358, 0.023505136727459814, -0.07165527441670873], "aligned_model": [[-0.4931349220495146, -0.839719406790817, 0.32683503591604524, -0.28037933227738177, -0.31870358581327596, 0.11397946249315227, 0.29920341809093465, 0.29137532510211045, 0.6287648360458139, -0.13060799150355687, -0.314570968771182, -0.12326276028834035, -0.013412587373278828], [-0.29829127934530786, 0.048371063278830326, -0.6215129177107346, -0.5520672406001106, 0.2759717064015099, -0.48110510195695555, 0.294623261893435, 0.19820580542470248, -0.21491624364637438, 0.6725231774137798, 0.4883069832103885, -0.1569531377533204, -0.0006425760162408201], [-0.4122349453844668, 0.12384257801558966, 0.06750464574850572, 0.11824579481071419, -0.6946824304993289, -0.5825936554157085, 0.591362836731503, -0.6774711540166841, 0.3482096056225838, -0.18543100139143393, 0.3465087369264628, 0.57992737676218, -0.107933251278433]], "inverted": true, "swapped": false, "error_lsq": 0.04108722482856835, "error_max": 0.2239603165830518, "target": "499.xyz", "model": "10.xyz", "model_rescale": 4.260839863003843, "target_rescale": 3.9483692239662957},
{"mapping": [0, 4, 7, 5, 8, 2, 3, 1, 9, 6, 11, 12], "R": [[-0.9548043967391597, 0.27134859613423473, 0.12131983903529237], [-0.06744089277083815, -0.595288892429779, 0.8006765017983227], [0.28948279732972315, 0.7563075260274138, 0.5866844433973439]], "T": [-0.007091114838319966, 0.03108758520743217, 0.06648614489560295], "aligned_model": [[0.45832337049486155, 0.4276805916520477, -0.38035951391137396, -0.29065541611704465, -0.6470782489765565, -0.5153044673202748, 0.19644814013245981, 0.6141555282791982, 0.081960275207845, -0.13251875602631027, 0.15318280633409043, -0.006935660654811988], [-0.06079672172177057, -0.6083966654945913, -0.5980061288042243, -0.1264256481521805, 0.18693278731822177, 0.5364976645857213, 0.49715407744926654, 0.08994007593176744, -0.5646357236972136, 0.34665988561602423, 0.5119537544316695, -0.03779885192975688], [-0.6890289805915937, -0.24557301127684644, -0.019919024310667555, -0.5157680843875028, 0.2611073096578731, -0.2815444205751871, -0.4261887299821572, -0.11175704767728228, 0.4938185097261778, 0.7566346087683042, 0.23885415534692847, 0.05554279269745756]], "inverted": false, "swapped": true, "error_lsq": 0.051656872906578825, "error_max": 0.30024818265918873, "target": "499.xyz", "model": "11.xyz", "model_rescale": 3.890672605050136, "target_rescale": 3.9483692239662957},
{"mapping": [5, 12, 6, 9, 7, 8, 2, 3, 1, 4, 10, 11, 13], "R": [[-0.40956340853883033, 0.13790239436622098, 0.9017986161078971], [-0.8791898056611291, -0.32349045741758753, -0.3498273997006323], [0.24348121078966478, -0.9361286522630441, 0.25373223367277464]], "T": [0.029494057986158423, -0.13027971005422767, -0.0003884272792731361], "aligned_model": [[-0.584751176229813, -0.6448033123591806, 0.26586342128434, -0.5266154241407445, -0.4265868035904278, 0.20760202805566555, 0.14307132049868243, 0.3387328635371746, 0.7710290899433552, 0.12662134275819928, -0.46175847933608904, -0.00991021385919498, -0.05212813378125797], [-0.41281659703119344, 0.17851702190013707, -0.6463539624661184, -0.6127252941512313, 0.16328568975037544, -0.41992431829069543, 0.3713096584083607, 0.33310781422167984, -0.14723404966988518, 0.5628871837548574, 0.4282665309444299, -0.13728798154552901, -0.008518195231585063], [-0.3848983511764222, -0.07180118121536858, 0.09888510410285092, 0.25221584484463616, -0.658243862779751, -0.6356636414623825, 0.4906028603747452, -0.7370746016363471, 0.23442349136770357, -0.03419658761101736, 0.49583485480580325, 0.5483923589972635, -0.08322115198023011]], "inverted": true, "swapped": false, "error_lsq": 0.044992490526171686, "error_max": 0.23343036524184577, "target": "499.xyz", "model": "12.xyz", "model_rescale": 4.124412569039231, "target_rescale": 3.9483692239662957},
{"mapping": [11, 2, 6, 8, 10, 9, 0, 7, 3, 5, 4, 1, 12], "R": [[-0.823822421401345, -0.5433788738708776, -0.16141876417331918], [0.4604006045789041, -0.8075364974517527, 0.3686679923545506], [-0.3306779419613657, 0.22939966153892274, 0.9154386347462201]], "T": [0.0767058288937415, 0.009919963538920638, -0.022884978421476916], "aligned_model": [[-0.692654356472328, -0.7694046570793673, 0.23382072932873665, -0.32167247819616684, -0.4443462864209718, 0.2809404082420789, 0.3217777553945358, 0.2499475170076394, 0.7506047245024883, 0.1968044862898913, -0.40399174454566766, -0.22180009804397666, -0.03365947722618276], [-0.3744904955860163, -0.06962587724713937, -0.5906770302320864, -0.5860454518858333, 0.22547706740616305, -0.42399104092117745, 0.33929396980629234, 0.23970309319994504, -0.15554651819987736, 0.7451066135293702, 0.5465224356919507, -0.2827313532595775, 0.03951808829158878], [-0.5237505945555224, 0.11911860740968827, 0.22653629957743393, -0.05476081497867797, -0.49896217845939156, -0.4455559483345152, 0.38726122506039856, -0.5798990763926827, 0.142143799930125, -0.16008111991122437, 0.2921767385773472, 0.6757663775980268, -0.06473817888952192]], "inverted": false, "swapped": false, "error_lsq": 0.04575536968653891, "error_max": 0.2591591712354155, "target": "499.xyz", "model": "13.xyz", "model_rescale": 3.9028299243045295, "target_rescale": 3.9483692239662957},
{"mapping": [0, 5, 7, 4, 2, 3, 14, 6, 9, 1, 12, 10, 15], "R": [[0.8105581635341197, -0.4903093890904756, -0.3203001194160254], [-0.32171789045658017, -0.8297691778379416, 0.45604902200346253], [-0.48938028412305645, -0.26660797902514355, -0.8303174832747805]], "T": [-0.16729102863258544, 0.056488828226217216, -0.045281079363946736], "aligned_model": [[-0.6909582554027163, -0.5881561480322239, 0.46387393092254287, -0.3712907142686858, -0.4199896568734201, -0.04846540763704499, 0.2323615371222189, 0.3730574056136829, 0.5858635976107349, 0.12645497279994583, -0.43910076997527875, -0.016795705499188823, -0.06048826359985804], [-0.36349860244701415, -0.03559038616258553, -0.5715381484992174, -0.5864610091529125, 0.3340134687022913, -0.3573725611867244, 0.2682135286598463, 0.07580521596810992, 0.041592352393193185, 0.5655493491886416, 0.6337237914191224, -0.37681534618490214, 0.024891847895753834], [-0.5316961314831292, 0.231297667479374, 0.12157474514348263, 0.020771238969563288, -0.6787424016004434, -0.4961565248989246, 0.7153115387272655, -0.4352281386187232, 0.13742540776692283, -0.3223540451738045, 0.2324950008513765, 0.5420444285120922, -0.021487649043568223]], "inverted": true, "swapped": false, "error_lsq": 0.04867053029974056, "error_max": 0.29214657234363717, "target": "499.xyz", "model": "14.xyz", "model_rescale": 3.942246331269136, "target_rescale": 3.9483692239662957},
{"mapping": [9, 6, 3, 10, 7, 5, 13, 0, 12, 8, 11, 4, 14], "R": [[0.49970610996374765, 0.8483091956971218, 0.17511513972413023], [0.760212022940935, -0.33260865756302893, -0.558076304003468], [-0.4151764490441991, 0.4119987735537842, -0.8111014281513917]], "T": [-0.04387055059522618, -0.09053969408744311, -0.041390377225130996], "aligned_model": [[-0.675975932854865, -0.504405105103802, 0.4137527060754498, -0.5997467085252383, -0.3938436815052321, 0.1288735299251532, 0.2956410671311296, 0.2677032822761287, 0.7278803640797946, -0.07786527741251245, -0.3822510170138368, -0.07768113147579658, 0.024284427184336807], [-0.35610967165511265, 0.21485082002638678, -0.6078933289515539, -0.4251619841856923, 0.26854131552969973, -0.568936367411444, 0.22627560870363161, 0.25608619605062577, 0.0515561219012271, 0.6714882814085078, 0.3251956902433727, -0.3358952706811106, -0.06748391038493606], [-0.46338288766277497, -0.1276107189740433, 0.15729052761391923, 0.25530835222535625, -0.7338924669710178, -0.4209633791454626, 0.6259099838204395, -0.6101519457440507, 0.18726998868800981, -0.17176924590388498, 0.4348173241176575, 0.48994893298776115, -0.10751932842042519]], "inverted": true, "swapped": false, "error_lsq": 0.05038568409311914, "error_max": 0.3221346013768976, "target": "499.xyz", "model": "15.xyz", "model_rescale": 4.355366556412066, "target_rescale": 3.9483692239662957},
{"mapping": [10, 11, 6, 4, 9, 1, 7, 0, 8, 3, 5, 12], "R": [[-0.5408142990056758, 0.7293200963231137, -0.41906096345310395], [-0.09049331638946681, 0.44486516500194717, 0.8910139980138505], [0.8362600395091442, 0.5197953270923417, -0.1745908481368084]], "T": [0.06406932900378248, -0.02301455140542564, -0.10537479230290486], "aligned_model": [[-0.36268191953696516, 0.28460366639071294, 0.2757099670309112, -0.6466994657662611, -0.49555196492850406, -0.2783438391227247, -0.13666419931819204, -0.19936656506834383, 0.573891965537784, 0.3442580297668694, 0.22356278207524902, 0.015090097571244944], [-0.6584454592895539, -0.4357650320552183, -0.7018621486770471, 0.39065457030737794, -0.1361822576353564, -0.09712337974815177, 0.45266574908027735, 0.5014053165530759, -0.05426301386206559, 0.11130891677447524, 0.6230086534437952, 0.017374512849372158], [0.09289287556264603, 0.15468747004208366, -0.39862733220498187, 0.0325854872489762, -0.5738258980944857, 0.4409243444372645, -0.6307207300985129, 0.566519400009063, -0.5645621936201275, 0.5308847724199375, -0.06723063960768733, -0.13426909488475416]], "inverted": true, "swapped": true, "error_lsq": 0.051150111165873646, "error_max": 0.2535286019927171, "target": "499.xyz", "model": "16.xyz", "model_rescale": 3.795458400668931, "target_rescale": 3.9483692239662957},
{"mapping": [1, 2, 9, 5, 0, 6, 11, 3, 8, 7, 4, 10, 12], "R": [[-0.6204824505603557, -0.40381231179710264, 0.6722627056350035], [0.7093018430752056, -0.6546254167807566, 0.26145068199325305], [0.33450324954584865, 0.6390627360014822, 0.6926083998173626]], "T": [-0.05579462299834087, 0.0762532084904272, -0.04156988247458751], "aligned_model": [[-0.648120650271466, -0.7382414546397966, 0.2702759523042793, -0.2626268871300568, -0.3247113303960834, 0.19370801479570968, 0.41932760670829883, 0.35442300036890645, 0.615523039114727, 0.13309542229110494, -0.3685509639124285, -0.3449853243935475, -0.15274990205893826], [-0.35412487530660247, 0.01807890855655954, -0.6625477842623717, -0.6711438231182537, 0.18773329823679497, -0.37417669273612764, 0.2657151502127353, 0.2355195303645919, -0.007207993547881764, 0.6866116200660711, 0.5063052717852438, -0.23386943186443787, 0.05562032220728079], [-0.4643241780599481, 0.138513202046722, 0.34026378820403536, -0.0761342525904811, -0.5575799420090964, -0.4800184984407292, 0.5858880114915445, -0.7188716445168203, -0.03424891231353225, -0.19341796364574954, 0.32275755604490686, 0.5576766020524405, 0.09475136836819151]], "inverted": false, "swapped": false, "error_lsq": 0.04762274722039708, "error_max": 0.24764008571781915, "target": "499.xyz", "model": "17.xyz", "model_rescale": 3.7474275329858107, "target_rescale": 3.9483692239662957},
{"mapping": [4, 8, 12, 5, 0, 9, 11, 2, 7, 1, 3, 10, 13], "R": [[0.2532140084016019, 0.9480305156883299, 0.1926676082607377], [0.1111652975682898, 0.16932488516319658, -0.979270830710802], [-0.9610020512807178, 0.2693830443591243, -0.06251266148599843]], "T": [-0.03258749274391428, -0.017069253044765465, -0.04781052435152379], "aligned_model": [[-0.6030531204449284, -0.7445597515855589, 0.3316859499960391, -0.3332675151036068, -0.44606396178508895, 0.1859736520179104, 0.2895265932280696, 0.2576392665274678, 0.7174023309242271, 0.15020189478034282, -0.3237299101776349, -0.3001207606133582, -0.03526814498317134], [-0.41115785853826164, 0.041964625736053904, -0.5941336971627034, -0.646680443100409, 0.41681787869769604, -0.548256582385165, 0.23934532761192312, 0.23742293149744953, -0.013284846001833429, 0.6496525630969096, 0.45779278699699305, -0.19719579597522569, 0.02022661012017506], [-0.5044164382997396, 0.032594419617846745, 0.25802997257904475, 0.14298048744092123, -0.6308384458427777, -0.39102359666184516, 0.5456797790664363, -0.6434907070162192, 0.0223337889879118, -0.07206905891011076, 0.33991530275761117, 0.5624515091869178, -0.1468918762745135]], "inverted": false, "swapped": false, "error_lsq": 0.03984683564338422, "error_max": 0.19365676164001272, "target": "499.xyz", "model": "18.xyz", "model_rescale": 3.922800546911778, "target_rescale": 3.9483692239662957},
{"mapping": [6, 10, 13, 4, 1, 8, 7, 5, 12, 0, 9, 11, 14], "R": [[0.6040042016103425, -0.5415092147912788, -0.5847620838710267], [-0.09717348535782597, -0.7782848452840453, 0.6203466880258186], [-0.7910349159047693, -0.3178686362278017, -0.522707654355867]], "T": [-0.054557667970031316, -0.00018500179309785883, -0.09613809459630338], "aligned_model": [[-0.5457915658633515, -0.8006023875266965, 0.22967964230209365, -0.42495495941856143, -0.39480230195122185, 0.12276828614556895, 0.2854810618886496, 0.4606825693016771, 0.721727904921441, 0.12723295730250028, -0.37950074261517747, -0.23244856993723906, -0.023105371768973253], [-0.3364046154290489, -0.07551836516450819, -0.5302991240972572, -0.5996081018813093, 0.24139798270694612, -0.43444845317833103, 0.144282286314505, 0.21373887891573426, 0.03418419287192395, 0.7615473987823981, 0.4664830834485736, -0.2629678945552417, 0.030126231859217385], [-0.44458235252020506, 0.20108708611366613, 0.23552727230706202, 0.06928540028999083, -0.7075743337765658, -0.4890266472541738, 0.6121795487824179, -0.6170006401343582, 0.025572678736009963, -0.387957480781307, 0.48642184427008894, 0.5414696147655407, -0.010146854166682928]], "inverted": true, "swapped": false, "error_lsq": 0.042650393829358375, "error_max": 0.24925331553786803, "target": "499.xyz", "model": "19.xyz", "model_rescale": 3.9282355846067225, "target_rescale": 3.9483692239662957},
{"mapping": [2, 1, 6, 5, 10, 7, 4, 12, 8, 11, 0, 3, 13], "R": [[0.02332896131483518, -0.9622227830440224, -0.2712620049969905], [0.5762047381292252, 0.23467573107468176, -0.7828891371081828], [0.8169723736586214, -0.13803846216029803, 0.559912067777627]], "T": [0.07032031827106783, -0.06923528309576661, -0.058646661140039864], "aligned_model": [[-0.5978020091480818, -0.6603524757749646, 0.27449930292728486, -0.30990500732850607, -0.38783495482638547, 0.14554544430091035, 0.22929535277135996, 0.31180056185848926, 0.7828343401715467, 0.09724926095455869, -0.3822399218298228, -0.277983379610506, -0.07873999168517401], [-0.312257668127888, -0.045105196665260125, -0.6141027998521458, -0.6294147441210144, 0.4129774735821981, -0.48162693420616076, 0.23375131640528057, 0.08966961884137208, 0.06441741091370802, 0.6439736878052951, 0.46939607426414826, -0.16950118727822122, -0.009663550967709635], [-0.4749024554987439, 0.1057790159193332, 0.23846339501013064, 0.11257782737358649, -0.6061856570312014, -0.5194851175299771, 0.4726667151909492, -0.8581658099819381, 0.1717493134502283, 0.004368949609617805, 0.32248648901260507, 0.6008882898989881, -0.05498581879209456]], "inverted": true, "swapped": false, "error_lsq": 0.046316960085501076, "error_max": 0.2909120645574884, "target": "499.xyz", "model": "20.xyz", "model_rescale": 4.067790424073018, "target_rescale": 3.9483692239662957},
{"mapping": [9, 10, 3, 12, 1, 0, 6, 8, 2, 5, 13, 11, 14], "R": [[0.5577153093336982, 0.4865926630938393, 0.6724442088069934], [0.8094608338386993, -0.49809597652141047, -0.31092371516875417], [0.18364855625889212, 0.7177241659554374, -0.6716734544312412]], "T": [0.030683323602510026, 0.024621714882127107, -0.06987946626721972], "aligned_model": [[-0.607651614440597, -0.7804266383180415, 0.3144698666956814, -0.3450684518705097, -0.5117806744981277, 0.3881387513041424, 0.4284931833290663, 0.20443659868659414, 0.7392265423288448, 0.05090086168579956, -0.44414567439674846, -0.24495531437174106, -0.04527091335365366], [-0.2573861192711634, 0.04321394147710697, -0.6198251384110779, -0.6329296611280346, 0.36578130604886416, -0.4475535665394194, 0.22153258616425353, 0.2715703630730612, -0.18800058126753122, 0.6078807300721634, 0.44287427452144124, -0.16429606521858484, 0.009651431072523257], [-0.41200515635576507, 0.04432114816699098, 0.40750765954424795, 0.04609750573025889, -0.582371461715378, -0.46196893353468593, 0.522176550483411, -0.5536087927291146, 0.010620210228433152, -0.15857159224966377, 0.2296630584122991, 0.483623620984032, -0.06022868033358189]], "inverted": true, "swapped": false, "error_lsq": 0.048654685274338506, "error_max": 0.28324916562077945, "target": "499.xyz", "model": "21.xyz", "model_rescale": 4.186013935880536, "target_rescale": 3.9483692239662957},
{"mapping": [3, 6, 10, 4, 5, 11, 1, 8, 9, 2, 0, 7, 12], "R": [[-0.2622340341914622, 0.964377661014813, 0.03477122729023585], [0.31392355329891136, 0.11932375578794341, -0.941920295985199], [-0.9125159253382138, -0.2360880518795, -0.33403161192301245]], "T": [-0.029072551439108064, -0.016274617214919875, -0.039269129434160804], "aligned_model": [[-0.8024890454574372, -0.5434752168937106, 0.34581008084580334, -0.266026776745028, -0.44717794360374585, 0.07588498876082034, 0.14379833588343457, 0.5186830103873491, 0.5811952418870566, 0.09954764523922441, -0.41957463350733454, -0.08009101253364441, -0.05971815148207822], [-0.25578582858618837, -0.12643109665898636, -0.6736128240459782, -0.6990950733129223, 0.4092802444002886, -0.3605156752863543, 0.397235707414263, 0.1889273651444091, -0.0847627261811028, 0.6628521912063167, 0.509977155190678, -0.27161806459455945, -0.04393787409626125], [-0.4828905458969499, 0.1426877248662026, 0.31239680080237775, 0.033015506639162695, -0.5318437094861274, -0.5583529255643223, 0.5388728113327502, -0.5347730362074575, 0.05201810733737175, -0.3074907280331618, 0.2646315730110924, 0.646675897801025, -0.059692339970479916]], "inverted": false, "swapped": false, "error_lsq": 0.04652121953815226, "error_max": 0.21984747359463905, "target": "499.xyz", "model": "22.xyz", "model_rescale": 4.166573947596378, "target_rescale": 3.9483692239662957},
{"mapping": [6, 1, 11, 2, 5, 12, 8, 14, 9, 10, 0, 4, 15], "R": [[0.4599037884275614, -0.44014505975557083, 0.7712073857029265], [-0.8306916481982097, 0.09361594085277547, 0.5488054675675087], [-0.3137513203218738, -0.8930332479762526, -0.32257049927925263]], "T": [0.01411167375492485, -0.032960279486482905, -0.030662867027271862], "aligned_model": [[-0.5223930749391095, -0.6952700638024705, 0.41696458850923995, -0.38669312648598614, -0.5651010958340612, 0.1602342792695891, 0.24413374286598044, 0.4883389012159247, 0.600138709898883, 0.2806082993646289, -0.5450374495802317, -0.27587957290459486, -0.05367761479708305], [-0.39152265994360963, -0.0570995402080149, -0.7109677534459475, -0.5390716558784334, 0.4191503226155055, -0.4353757581809372, 0.36201182370928947, 0.11086812566349612, -0.04594176810405158, 0.6075999785683895, 0.41412809262569145, -0.05831391522427777, -0.022951791603498], [-0.43402784557217955, 0.03486504594888089, -0.04108983952471808, 0.15911602004813677, -0.4194694413201707, -0.526738790544969, 0.6365447660526886, -0.6474283733803045, 0.09915608437695972, -0.3128035011858331, 0.3620456867802899, 0.6439598300266643, -0.038874505073961396]], "inverted": false, "swapped": false, "error_lsq": 0.04380161903956972, "error_max": 0.29109243715243915, "target": "499.xyz", "model": "23.xyz", "model_rescale": 4.274766983524099, "target_rescale": 3.9483692239662957},
{"mapping": [10, 9, 6, 11, 8, 2, 3, 5, 4, 7, 12], "R": [[-0.5905676390105258, 0.4937034718722322, -0.6383468850200789], [0.7460420123970875, 0.6355822378640236, -0.19863669009088936], [0.3076543181755096, -0.5935419957956338, -0.7436778332953716]], "T": [-0.03654534403251476, 0.049262378994982016, 0.02138865999561848], "aligned_model": [[0.20461426941028443, 0.4010023120154108, -0.47458691849866047, -0.33471983993561666, -0.5863309577962185, -0.678680614128827, -0.18211600598418037, 0.008249212447190332, 0.7762027587574982, 0.22811597652986082, 0.018144511141333523], [-0.061348501262070386, 0.597061289254041, 0.3349048727142836, -0.22374153872419297, 0.43150091841568755, -0.16306345053217117, -0.6252513715716279, -0.0360268259600826, -0.0011311740061242179, 0.57937069346036, 0.08331161945538038], [-0.723464620160453, -0.21077025859055046, -0.5426599345120199, -0.32959789878154344, 0.17428775919781234, 0.4426076903040518, 0.18018135036895963, 0.6809023584045858, 0.20096725515299077, 0.45898849129581465, 0.04812424134192915]], "inverted": false, "swapped": true, "error_lsq": 0.047170508683823845, "error_max": 0.22992004636789096, "target": "499.xyz", "model": "24.xyz", "model_rescale": 3.7841303162186577, "target_rescale": 3.9483692239662957},
{"mapping": [5, 12, 8, 2, 3, 4, 10, 6, 0, 11, 14, 9, 15], "R": [[-0.523126654150677, 0.0007329176606281074, 0.8522546371530171], [-0.6250285485242407, -0.6801463147828463, -0.3830669706683084], [0.5793770941682101, -0.7330760215141513, 0.35626076044687366]], "T": [0.06471256669235967, 0.004372121173647905, 0.015660357112268833], "aligned_model": [[-0.6216192368291252, -0.6920919516029013, 0.24930896243711298, -0.3293387383752452, -0.31457390739790714, 0.0031946237559057206, 0.2862142826822123, 0.2972317183578954, 0.7683794778634552, 0.1317230279496078, -0.4398178789065622, -0.26606104423339194, 0.07381718707965207], [-0.3357497700779412, -0.0035338982664889253, -0.5272137913089439, -0.6379155527934708, 0.1968191937828566, -0.42784760803098526, 0.42556287733389203, 0.17004796382188564, -0.1575911589752061, 0.7324916691982407, 0.3358780940535823, -0.142687662203279, 0.024253144059459986], [-0.4116621206607491, 0.06420232217988835, 0.19676356516491417, 0.047015432804214205, -0.6685236696301498, -0.5894065740957555, 0.6311198943817073, -0.6480510346195326, 0.15690738666668674, -0.21838897749315095, 0.5302978817053003, 0.4751197644100131, -0.05013873418190251]], "inverted": true, "swapped": false, "error_lsq": 0.03542306060792536, "error_max": 0.2100551817648085, "target": "499.xyz", "model": "25.xyz", "model_rescale": 4.19342608120988, "target_rescale": 3.9483692239662957},
{"mapping": [10, 11, 6, 4, 9, 1, 7, 0, 8, 3, 5, 12], "R": [[-0.5408142990056758, 0.7293200963231137, -0.41906096345310395], [-0.09049331638946681, 0.44486516500194717, 0.8910139980138505], [0.8362600395091442, 0.5197953270923417, -0.1745908481368084]], "T": [0.06406932900378248, -0.02301455140542564, -0.10537479230290486], "aligned_model": [[-0.36268191953696516, 0.28460366639071294, 0.2757099670309112, -0.6466994657662611, -0.49555196492850406, -0.2783438391227247, -0.13666419931819204, -0.19936656506834383, 0.573891965537784, 0.3442580297668694, 0.22356278207524902, 0.015090097571244944], [-0.6584454592895539, -0.4357650320552183, -0.7018621486770471, 0.39065457030737794, -0.1361822576353564, -0.09712337974815177, 0.45266574908027735, 0.5014053165530759, -0.05426301386206559, 0.11130891677447524, 0.6230086534437952, 0.017374512849372158], [0.09289287556264603, 0.15468747004208366, -0.39862733220498187, 0.0325854872489762, -0.5738258980944857, 0.4409243444372645, -0.6307207300985129, 0.566519400009063, -0.5645621936201275, 0.5308847724199375, -0.06723063960768733, -0.13426909488475416]], "inverted": true, "swapped": true, "error_lsq": 0.051150111165873646, "error_max": 0.2535286019927171, "target": "499.xyz", "model": "26.xyz", "model_rescale": 3.795458400668931, "target_rescale": 3.9483692239662957},
{"mapping": [4, 11, 2, 9, 10, 3, 6, 7, 0, 5, 8, 1, 12], "R": [[0.09613753259832819, 0.9255346371505178, 0.366255662427989], [0.751334541973242, 0.173875795999078, -0.636603183783702], [-0.6528812915559491, 0.33638198970864464, -0.6786701526779335]], "T": [-0.15774087856490157, -0.07896308051906402, 0.04224881320996429], "aligned_model": [[-0.6220925649086787, -0.8609948294377827, 0.2632416852689219, -0.2559198048729583, -0.3371563503919538, 0.20347419142782133, 0.2627879004083219, 0.31200590536905115, 0.6453870278434973, -0.033564270876441565, -0.41914943960919593, 0.03717557941769303, -0.04882850685758661], [-0.3274891808437926, 0.01346575771528756, -0.811472291062156, -0.49463258107263613, 0.24054823407887044, -0.441871775993032, 0.5106004628209407, 0.25822738356321967, -0.28910276698609344, 0.6521206293648065, 0.4402601374930553, -0.10854852887136311, 0.010408020386495395], [-0.606962609582071, -0.049758698318528, 0.2893092335865173, 0.08645350587883574, -0.5688232257692447, -0.48963229268438146, 0.43817473316915867, -0.528582728091932, -0.003577709814530622, -0.0879711818969984, 0.4813667064870012, 0.6003576253644958, -0.04509822169683865]], "inverted": true, "swapped": false, "error_lsq": 0.049127247168808896, "error_max": 0.2954137586328086, "target": "499.xyz", "model": "27.xyz", "model_rescale": 3.6321398670334006, "target_rescale": 3.9483692239662957},
{"mapping": [5, 3, 10, 0, 1, 11, 12, 13, 9, 6, 7, 8, 14], "R": [[-0.4152055244073331, -0.34297998866673823, 0.8425966412678109], [-0.8459483909992191, 0.4862532299899877, -0.218927193583019], [-0.3346276920212433, -0.8036930531605138, -0.4920383969103099]], "T": [-0.07922652622773409, -0.015959617903598258, -0.02381929385141798], "aligned_model": [[-0.7223938948217493, -0.7496554219516407, 0.2670303533406899, -0.324959886348824, -0.4646503812751538, 0.23176113812498633, 0.23682261341256344, 0.4007909809435031, 0.5881202145172972, 0.3317536318845421, -0.45979096081665444, -0.11255616148783733, -0.07590570274101344], [-0.3628343144393921, -0.07697849175216334, -0.6610657457690449, -0.5883821027628447, 0.2183293374391343, -0.41615123043966323, 0.4428024865087017, 0.18765546778665995, -0.04440088318408991, 0.6323741067420808, 0.4245073232067765, -0.10749454264463286, 0.004152089902079641], [-0.5116543094538791, 0.11168669411564255, 0.23812705588187114, -0.06068809870065146, -0.5176050100392208, -0.4183559617226526, 0.5870489437807045, -0.6519923763712837, -0.00353177881241409, -0.14492308514564486, 0.4880859404632371, 0.48366480320054367, -0.0846076805647684]], "inverted": true, "swapped": false, "error_lsq": 0.04069008088992672, "error_max": 0.27162534007749084, "target": "499.xyz", "model": "28.xyz", "model_rescale": 4.156811204709835, "target_rescale": 3.9483692239662957},
