[{"mapping": [2, 1, 14, 12, 15, 6, 13, 10, 8, 3, 5, 7, 0, 16], "R": [[-0.6594950501699917, -0.09045622760811409, -0.7462465743225825], [-0.18660142320727102, 0.9813603798546028, 0.04595338625880784], [0.7281800516756153, 0.16955670360837788, -0.6640815737566881]], "T": [-0.06603586325790697, 0.08967098090720049, 0.08654194402254026], "aligned_model": [[0.11274400714285299, 0.2980803058126458, -0.4773964470795691, -0.38105423741476707, -0.7134738987430841, -0.08967883269346735, -0.7025734614490635, -0.013352253772000056, -0.4936660432776723, 0.3244499017152592, 0.6513634432627344, 0.28390716381477177, 0.6599553023245535, -0.08781284851489074], [-0.5499303408425364, -0.40498157446049166, -0.37025106356652365, -0.42163981596113653, 0.2889746735773142, 0.4494687164463041, 0.16037592825916386, 0.5844059611428031, 0.6467612910064735, -0.10516961926497082, 0.34891085905296515, 0.7442511662197607, -0.18940473385383805, 0.05350188405474717], [0.4101676456195683, -0.35599867996464474, 0.3639434249448318, -0.23344236177945962, 0.5560311717807578, -0.45757538483601123, -0.25211471896283244, 0.6189196395518507, 0.13228786726581246, 0.6268886968369803, 0.35716375615522, -0.015605648583910378, 0.027149551855281923, 0.11977312729638895]], "inverted": false, "swapped": true, "error_lsq": 0.04137463882473065, "error_max": 0.2648653036148319, "target": "5.xyz", "model": "0.xyz", "model_rescale": 3.8414455957264533, "target_rescale": 4.2253639853439635},
{"mapping": [2, 1, 15, 12, 14, 13, 8, 9, 7, 10, 6, 0, 4, 5, 16], "R": [[0.22699503369470786, -0.9000331194419058, -0.37203983467581897], [0.7746403516053548, -0.06467071336568399, 0.629086658972757], [-0.5902589095834732, -0.4309966156948867, 0.6825220413414379]], "T": [-0.006883514184669596, -0.0006618197159892064, -0.08465754424972663], "aligned_model": [[-0.7313315655451889, -0.43447321775626296, 0.19458965293562344, -0.3398379118358138, -0.4263962156876118, 0.28099328944424923, 0.5959312619827857, -0.3303717723385351, 0.5634705560667814, 0.3101936571052665, 0.47858652106788235, -0.40652656910684437, 0.14524349557717925, 0.017026433362394063, -0.04505346176736043], [0.015196668892298607, 0.3254621148643337, -0.6594219972145848, -0.3559090407833646, -0.5214427746422282, -0.5624520684198536, -0.3237904950695637, -0.19744274780731347, 0.4714134378139669, 0.06723091050074527, 0.11438536756549332, 0.6648532754476093, 0.6335911929531712, 0.7082294830645124, -0.03285879912220748], [0.05924942847118986, -0.6174935074530149, 0.367848475774751, -0.5600584740119894, 0.0177811632620683, -0.4401660550747776, 0.0812101101077318, 0.5182907391255042, 0.030280080797674136, 0.5678889435231942, -0.5055614022000523, -0.1611361038750966, -0.43334260657153, 0.30522023130277043, -0.06482923583888767]], "inverted": true, "swapped": true, "error_lsq": 0.03542662703248533, "error_max": 0.26482377906441756, "target": "5.xyz", "model": "1.xyz", "model_rescale": 4.316132596720782, "target_rescale": 4.2253639853439635},
{"mapping": [13, 14, 12, 7, 6, 8, 0, 10, 2, 15, 3, 16], "R": [[0.6818895397181856, -0.6468677979019779, -0.34145088616134467], [-0.15788713674399912, 0.3256387165814111, -0.9322183640724921], [0.714211668676523, 0.6895806539489473, 0.11991753010147994]], "T": [-0.07235902245772846, 0.006010341781410007, -0.13636587248273146], "aligned_model": [[-0.24833909780190358, 0.5116606305913816, 0.17192722959066736, -0.6918590009309855, -0.6828398234071511, -0.41924041627678854, 0.009233557974438478, -0.13764909021689303, 0.5992833603916565, 0.14901624188631418, 0.3574827721160046, -0.02086780928496014], [-0.652102291973361, -0.2965452436207918, -0.5721899946962112, 0.41887846849404897, -0.20636725072268777, -0.1272448796835543, 0.4465966059179416, 0.49584415643787433, 0.12889770071025827, -0.16911682373600548, 0.5493792681694495, -0.0032532875559805694], [0.11018313532223961, 0.021996247758182236, -0.3991849375588141, -0.05193152821252897, -0.2273934394131808, 0.46131817326225066, -0.7748799897841021, 0.39913792315777097, -0.4184667306072404, 0.6379993998018004, -0.18538471450069877, -0.1241350780162577]], "inverted": false, "swapped": true, "error_lsq": 0.04604425073311736, "error_max": 0.25909815774520834, "target": "5.xyz", "model": "2.xyz", "model_rescale": 3.795458400668931, "target_rescale": 4.2253639853439635},
{"mapping": [14, 8, 10, 4, 2, 0, 7, 12, 6, 1, 3, 16], "R": [[0.4046510695565246, 0.7248707145083544, -0.5575122950706185], [0.08322688204604817, 0.5779332101469106, 0.811829101913808], [0.910676011549472, -0.3749075244075991, 0.1735325621631616]], "T": [0.028044643167597687, -0.09089468738194448, -0.01480085677233655], "aligned_model": [[0.12455954390998536, -0.31219497386195016, -0.6976695891359331, 0.2458532005013982, 0.1484500838087686, 0.1844365890653653, -0.32018667679328305, 0.6184836960277567, 0.23911668420666937, 0.6480875476675249, -0.3113896539205483, 0.025757374267811425], [-0.0077677191001830626, -0.7064743097857598, -0.14211686572943363, 0.03878602143906801, 0.5364057291948648, 0.5684875163290424, -0.2657647694929318, -0.13613166808967672, -0.5266997951777896, 0.29163822205907597, 0.5078815655326343, -0.07247488188920136], [-0.6792345853050167, -0.03947078681648102, 0.026179816132329732, 0.6799963294462004, -0.3859913803653539, 0.37150284759518, 0.6251404483929948, -0.35006284901750495, 0.42292002412965407, 0.19091571709387373, -0.10790274883201886, -0.06522140181475689]], "inverted": true, "swapped": true, "error_lsq": 0.044008115518235254, "error_max": 0.26264136480037786, "target": "5.xyz", "model": "3.xyz", "model_rescale": 3.7530521520055578, "target_rescale": 4.2253639853439635},
{"mapping": [7, 0, 3, 2, 10, 12, 8, 6, 13, 14, 16], "R": [[-0.809950549590807, 0.24837062005121163, 0.531311718591757], [-0.042142588821355936, 0.8789174875793085, -0.4751084636529961], [-0.5849821445351847, -0.4072052125435685, -0.7014127211937089]], "T": [-0.0927990868303096, -0.03568414452994316, -0.0049375690515434684], "aligned_model": [[-0.49956026204753123, -0.11290341829523662, 0.4305000490518337, 0.44621504181325167, 0.1731040548753678, -0.1302679098667773, -0.23592539798968729, -0.7309203844055182, -0.35407891812796377, 0.39723651768602775, -0.04519977024856142], [-0.6527976252765008, 0.007040115369538261, -0.22303203321580922, 0.31251353391142866, -0.7024258268020253, 0.6324211534307165, -0.39875641640726167, -0.09777107329612593, 0.24401150516012116, 0.3588147664728715, -0.01281474103260703], [-0.12776171200675132, -0.7835545074704963, -0.4214413366085619, -0.3710083728987676, 0.12042320003643348, 0.11874210246852898, 0.5807272313346258, 0.11763278186692894, 0.6101809822675666, 0.24392607645894543, 0.004964331796864374]], "inverted": true, "swapped": true, "error_lsq": 0.04765817158637922, "error_max": 0.2544596321957604, "target": "5.xyz", "model": "4.xyz", "model_rescale": 3.7855080009869324, "target_rescale": 4.2253639853439635},
{"mapping": [0, 1, 2, 3, 4, 5, 6, 7, 8, 9, 10, 11, 12, 13, 14, 15, 16], "R": [[1.0, 0.0, 0.0], [0.0, 1.0, 0.0], [0.0, 0.0, 1.0]], "T": [0.0, 0.0, 0.0], "aligned_model": [[-0.4699600098092716, -0.47007919480771165, 0.23710385743689977, 0.17230383051620995, -0.7316645171216731, -0.32443441671650325, -0.4477617328500951, -0.4273131276412427, 0.211377411058068, 0.5817602716656611, 0.260603986738049, -0.3576379230858105, 0.07015819253163703, 0.15999672509751112, 0.559110601641505, 0.7316645171216731, 0.04530930368698805], [-0.34961464979679086, -0.5934047241129902, -0.5889782415508072, -0.13491130041749455, 0.02765486012691697, 0.23540025272379703, 0.2629711555866235, 0.5934047241129902, 0.5931446991769584, -0.04400743951171344, 0.5710159546890704, -0.2753017146060858, -0.5275402681832018, 0.0695443164232108, -0.3671038649877942, 0.33375859568349137, -0.02789048479817758], [-0.5151515011606294, -0.0005683297364036732, -0.37771957765907865, -0.6591865717748974, -0.10441756060077911, -0.7031587835522629, 0.3955157013210454, -0.1632292750144824, 0.3143387184173851, -0.40808375467318153, -0.3701224333393597, 0.6547826434826728, 0.42408060139087017, 0.7031587835522629, 0.10162423911630009, 0.18052795040754327, -0.007479308317489872]], "inverted": false, "swapped": false, "error_lsq": 0.0, "error_max": 0.0, "target": "5.xyz", "model": "5.xyz", "model_rescale": 4.2253639853439635, "target_rescale": 4.2253639853439635},
{"mapping": [5, 9, 8, 7, 10, 13, 6, 4, 14, 2, 15, 11, 1, 16], "R": [[-0.7586163180352657, -0.39845849659967353, -0.5154921032354858], [0.4093644502334883, -0.9070206895095546, 0.09866212893834217], [-0.5068747664814757, -0.1361774404559734, 0.8511954392589339]], "T": [0.058650970990419764, 0.009223453928713043, 0.02930189010454378], "aligned_model": [[0.5734477830861668, -0.15478277310002928, -0.5000860544877201, 0.23051393057136582, -0.1757784331172021, -0.45290847951166097, 0.08966201608148044, 0.6565107269452829, -0.2716102936241423, 0.3081749598486322, -0.7224513521371128, 0.10212196065383605, 0.6520008426767844, 0.0392473188721026], [-0.40647650481048375, 0.24702867381506732, -0.4112273352613358, -0.720038259446879, -0.4385348904957483, 0.08101743407072415, -0.37357213941548795, -0.3256795780061791, 0.5811007225152075, 0.6032341772606109, 0.023826217069080096, 0.17712580276509424, 0.3549640321815122, 0.05233079439380805], [-0.43683224421688693, -0.6069439220839357, 0.10895077078045659, 0.02614778096210798, -0.49559771321241, 0.5372587700587149, 0.5571114361205133, 0.30751845193319544, -0.11760381197032435, -0.3321877046692114, -0.23334621439898004, 0.8054174115401411, 0.3478977490050707, 0.0037674490829967162]], "inverted": false, "swapped": true, "error_lsq": 0.03808971066361085, "error_max": 0.2781043887750184, "target": "5.xyz", "model": "6.xyz", "model_rescale": 3.89814844738969, "target_rescale": 4.2253639853439635},
{"mapping": [5, 3, 2, 7, 12, 9, 10, 6, 8, 15, 14, 13, 16], "R": [[-0.4718258137735599, -0.855050410894179, 0.21510275750583477], [0.8672165501145295, -0.49408280867433263, -0.06178700008850641], [0.15910957439567278, 0.15738796968694563, 0.9746348907839536]], "T": [0.07407286174327053, -0.013819320209201236, -0.022005591714341938], "aligned_model": [[-0.12538108169593148, -0.03366141974969333, 0.3845587059865968, -0.2668117944119276, 0.5832648452963297, -0.25056801354315195, -0.6167486090821308, 0.1455613290752775, -0.4652139508710835, -0.517693708895996, 0.14602201179634589, 0.09036977369655176, 0.07493371330303523], [-0.36803536201935044, 0.24299192826336513, 0.5061432524678187, -0.6674979621214863, 0.2814689347174514, 0.5376504058810079, -0.04707964175327192, -0.5564929612698672, -0.14299397636160244, 0.4446335933079601, 0.6461512986959028, 0.04712576475219087, 0.03971599091036714], [-0.7219001300486583, -0.6582900506227746, -0.4451168668161707, -0.1556893834827222, 0.31945250732245967, -0.3341008697117792, -0.25140419792566765, 0.33362312816559503, 0.4113459006238981, 0.3228876651744007, 0.10822305537040447, 0.6997199420969776, -0.02647566930966703]], "inverted": false, "swapped": true, "error_lsq": 0.045321094257536956, "error_max": 0.30042819523289227, "target": "5.xyz", "model": "7.xyz", "model_rescale": 3.7474275329858107, "target_rescale": 4.2253639853439635},
{"mapping": [6, 13, 12, 1, 14, 0, 4, 5, 2, 3, 7, 10, 8, 15, 16], "R": [[-0.9118145803132469, 0.34042028705409483, -0.22958266330493032], [-0.2490199561696575, -0.9030436318337123, -0.35000180061514097], [-0.32647087551179693, -0.2619660801832685, 0.9081797951264794]], "T": [0.026736229276545696, -0.04798510495379718, -0.026696643559619652], "aligned_model": [[-0.3802566154260384, 0.31038234611724, 0.3676544556061085, -0.20001230658375582, 0.6848421944314514, -0.4010340940315545, -0.6737928824142239, -0.5106558901000107, 0.3567132589719814, 0.0784341090370857, -0.6023757290749527, -0.01500036513061425, 0.08972146602384556, 0.621706494592137, 0.0758272803200476], [0.21641892299980112, 0.30076566495512713, -0.3584772205505592, -0.7011134790824424, -0.20469754826096057, -0.6610357620885723, -0.24175695983757872, -0.162305890391842, -0.6530170953965462, -0.3576252903977457, 0.3243452157723651, 0.403019291841929, 0.6503067494799544, 0.4987976431364761, -0.0645062801998122], [-0.4631876542686302, -0.5948387206534801, -0.5271311269025492, -0.33509957380291633, -0.03262515712529604, 0.19613810598366205, -0.16348924494576106, 0.5676464498368669, 0.23945582776641244, 0.5928732800048979, 0.1374915046210699, 0.5441074952064723, -0.0877803561758243, 0.13565210594895985, -0.012418279797622668]], "inverted": true, "swapped": true, "error_lsq": 0.03575199411565618, "error_max": 0.2103092474480289, "target": "5.xyz", "model": "8.xyz", "model_rescale": 4.019505241142653, "target_rescale": 4.2253639853439635},
{"mapping": [8, 13, 6, 7, 10, 5, 1, 15, 9, 14, 12, 2, 16], "R": [[0.38393764197148494, -0.0036765775608374462, 0.9233517043114262], [0.4671529776327521, 0.8633424377848264, -0.1908086229933199], [-0.7964671886312894, 0.5046051108512404, 0.3331871839320626]], "T": [0.06583237000135597, 0.003210545044471755, -0.03707506469262374], "aligned_model": [[-0.3033878236567543, -0.6446035714770282, -0.12648830917005155, 0.38279369238270444, 0.3096292539184613, 0.8405232834113954, 0.24465653733323353, -0.38054488073757153, 0.21911573672002102, -0.24401583621404013, -0.35461908977633727, 0.3214018656712848, 0.05523991333585891], [-0.5476434944674836, 0.002595798064051566, 0.06081741962545202, -0.34062588930281007, -0.6821362415228862, -0.18262873841686095, 0.7350124795164328, -0.5922903827571037, -0.30843290731900314, 0.07834748950892238, 0.506802073250503, 0.32886453040655955, 0.004696091528285199], [-0.27275737143636075, -0.17901883531067703, -0.6581799450719543, -0.6224651042436253, 0.005669942131454539, -0.1799771081412777, -0.1118533026400797, 0.3171058236908063, 0.584452559259368, 0.5596207767664205, 0.14370492783993993, 0.574823131316728, 0.015577999883136288]], "inverted": true, "swapped": true, "error_lsq": 0.044220788235480785, "error_max": 0.3075204735527988, "target": "5.xyz", "model": "9.xyz", "model_rescale": 3.877068213659057, "target_rescale": 4.2253639853439635},
{"mapping": [0, 5, 8, 9, 10, 3, 14, 7, 4, 6, 12, 1, 2, 15, 13, 16], "R": [[-0.5302381339868671, 0.7985319959486501, 0.2849459119067863], [0.4993785417800502, 0.5657410239840126, -0.656169311832816], [-0.6851777822403143, -0.2056301175114816, -0.6987472085786521]], "T": [-0.04155217220592007, 0.06823628483357953, -0.018307165443445406], "aligned_model": [[0.13522590752784708, -0.20119208478658057, -0.49268636148670564, 0.41834245478934595, -0.2538796362997434, 0.34537339817530077, 0.5190963604430857, -0.6954710317669235, -0.4218385340992748, -0.6016639818369675, 0.2960661264962649, 0.18320851469949728, 0.6621169550195144, 0.028446637027380692, -0.2126113898410832, 0.006875191256136143], [0.16268897319670783, -0.3643149243780166, -0.16662792740255744, -0.4651575338781662, -0.6278138873409131, -0.3740216927184818, 0.06339687142523777, -0.16119214591532016, 0.34945275669699394, 0.40259058076423687, 0.6099206368442659, 0.6383242233823982, 0.03519286439723292, -0.36750530349878424, 0.41038449589195375, 0.05648088966676072], [-0.7721652976587401, -0.6835272751365666, 0.4681356565164301, 0.08610540788960092, 0.019048956968143904, -0.38859501249755474, 0.36030503912641376, -0.30312674368630865, -0.5869022434875291, 0.00533672534276225, 0.21761063841704692, -0.4628139875871928, -0.24089103578079366, 0.6777873264104728, 0.5969496789776454, 0.0017764932962113789]], "inverted": true, "swapped": true, "error_lsq": 0.03262727887861918, "error_max": 0.23100293686049544, "target": "5.xyz", "model": "10.xyz", "model_rescale": 4.260839863003843, "target_rescale": 4.2253639853439635},
{"mapping": [5, 9, 14, 2, 12, 1, 4, 7, 8, 13, 6, 16], "R": [[-0.23909968062010958, 0.9100286883059574, -0.33864307048498776], [-0.9355291454859975, -0.12250497456282913, 0.33132725386481515], [0.26003184549897085, 0.3960307029353903, 0.8806492614309627]], "T": [0.018615384593134124, -0.03594836129031623, -0.02936269666190932], "aligned_model": [[0.5485283827259767, -0.022336607316573345, -0.48355717478760113, -0.44615105103229197, -0.6218481521055209, -0.4088116918543031, 0.25408313637897595, 0.7160776025399812, 0.4014051769093044, -0.1944723077248225, 0.23104771617191333, -0.01506638081090838], [0.005756120589414604, -0.7100201906441445, -0.48036969496140436, -0.3107619563272117, 0.1035523730125468, 0.4763311536409601, 0.610560877649442, 0.2370381857930269, -0.20221228196064567, 0.03882618326953158, 0.48177564647748405, -0.07739791100606619], [-0.6397365126307044, -0.25489345394182683, 0.06013477434080964, -0.5336000771461664, 0.153424792785715, -0.38710524639669075, -0.30062184526302743, -0.04921896831816553, 0.5373278340031917, 0.6590194949612279, 0.30666025545269354, -0.03521297045155149]], "inverted": false, "swapped": true, "error_lsq": 0.042884109502435146, "error_max": 0.22796769493649244, "target": "5.xyz", "model": "11.xyz", "model_rescale": 3.890672605050136, "target_rescale": 4.2253639853439635},
{"mapping": [6, 7, 8, 11, 13, 2, 5, 12, 1, 3, 15, 10, 14, 16], "R": [[0.12326121185996453, -0.20057983447529554, -0.9718921769685547], [-0.6461743132687601, -0.7595156752462073, 0.07479770001105884], [-0.7531702533441291, 0.6187921048762348, -0.22322835935512247]], "T": [0.05386216233698484, -0.029436493768869802, 0.07266966935346891], "aligned_model": [[0.5461991429941029, 0.06691706219433391, 0.4522837334191367, 0.6791032026127687, 0.7314844804858748, -0.4606034072818963, -0.5423256354638459, 0.35156105772829754, -0.007772683005051587, -0.6350949751978885, 0.20607525388379197, -0.22344501269268766, 0.010079682527919902, 0.035413932588837085], [-0.14862157397273534, 0.15735410350134713, 0.5341410432141575, -0.518605136522854, 0.07417461889169266, -0.29531172269494466, -0.007692838538481239, -0.4164974285016353, -0.7838472746275107, 0.02874020760051877, 0.6833381328169245, 0.6003389835349976, 0.04542401603514277, -0.020782610908854696], [-0.3390053021971385, -0.6528014287869457, -0.06499109291448646, 0.11982800691344433, 0.3071059510062102, 0.5313866059264705, -0.47431348196832596, 0.5466153028355627, 0.085687294071089, 0.13877669966622014, 0.45750939332060425, -0.16701314800737815, 0.7436215283318321, 0.12238410715970233]], "inverted": true, "swapped": true, "error_lsq": 0.03963877387543619, "error_max": 0.20039004621568418, "target": "5.xyz", "model": "12.xyz", "model_rescale": 4.124412569039231, "target_rescale": 4.2253639853439635},
{"mapping": [10, 14, 13, 3, 8, 7, 2, 4, 12, 1, 6, 11, 16], "R": [[-0.2802567592293997, 0.48238198973742574, 0.8299179265946702], [0.4388568256981459, -0.7045362926807353, 0.55770359406573], [0.8537334686214321, 0.5205153487387739, -0.01424557064392351]], "T": [0.04628933520575409, 0.06729828252486025, 0.060378764257840174], "aligned_model": [[-0.05847012362815888, -0.20314970507504462, 0.6185601769862905, -0.6141495123574569, 0.5340470446368895, 0.3168275775923095, -0.6177493682766667, 0.1780254626774783, 0.12410319671594897, -0.1086872116499416, 0.6268757074126865, 0.557135045486825, 0.013930016988598332], [-0.42705395418690073, 0.6279819858420571, 0.4806716233394117, -0.12966581816101355, -0.08252143219987698, -0.6293397179690431, 0.37565390952277034, -0.331515586394177, 0.7062702245508521, 0.27875902411400144, -0.09389720512562735, 0.4694811218295115, 0.10266120134651176], [0.5853602838537105, 0.3451793059553182, 0.2231553093342462, 0.14664739743133484, 0.5451017201139773, 0.006768806692493523, -0.038389120982266774, -0.5483854549123821, -0.1603589155128719, -0.6498117479856175, -0.1906442371497547, -0.39757522071949036, 0.08464995484914194]], "inverted": false, "swapped": true, "error_lsq": 0.04446027844368628, "error_max": 0.2584626500098735, "target": "5.xyz", "model": "13.xyz", "model_rescale": 3.9028299243045295, "target_rescale": 4.2253639853439635},
{"mapping": [7, 3, 5, 10, 8, 6, 9, 15, 4, 14, 13, 2, 1, 11, 12, 16], "R": [[-0.8868415181471554, -0.24573365184262025, 0.3913145717227237], [0.17149437659023276, -0.9614203570078477, -0.21508271880565027], [0.42907085718838583, -0.12363603634455818, 0.8947694284164112]], "T": [0.006682727262589772, 0.03277519109778944, 0.06285823015159628], "aligned_model": [[0.17594824638230813, -0.37092052786801266, -0.038597404062679155, -0.5095838452646921, -0.2035258288886401, 0.4939266170720518, -0.6581214461265672, -0.6535602448294603, 0.6078973556241701, -0.3591829485538984, 0.12285788807779081, -0.20666621823612277, 0.5691655882048028, 0.6477277713135889, 0.24004684479124927, -0.029572576055292715], [-0.5759101927839322, 0.3338104397655774, -0.09794477903637909, -0.39191211442039003, -0.5688449861906686, -0.3819078427956117, 0.2626252178739351, -0.20145920927576172, -0.09683069181033886, 0.45974302646112575, -0.15788489471709855, 0.7209337942867381, 0.5227928722479405, 0.09529053998761432, 0.46078247082152607, 0.06896863170682427], [-0.33990815295628163, -0.4363513111970607, -0.7346160601766826, -0.22709658132240887, 0.3614807329269897, 0.1921193662725185, -0.047225353930714725, 0.4970604528204299, -0.3479264696912767, 0.4390738244022342, 0.7520749613486997, -0.10056040982045275, -0.06598136894690257, 0.5293229243688287, 0.5376384110392467, 0.07905514448716544]], "inverted": false, "swapped": true, "error_lsq": 0.041636963556525505, "error_max": 0.24796152915550942, "target": "5.xyz", "model": "14.xyz", "model_rescale": 3.942246331269136, "target_rescale": 4.2253639853439635},
{"mapping": [1, 2, 12, 9, 10, 14, 6, 11, 4, 13, 8, 7, 3, 5, 16], "R": [[-0.7026693091133999, -0.6682423806626628, -0.24435212852847066], [0.4768877820614027, -0.18744439230286547, -0.8587448067468972], [0.528047237802314, -0.7199421646774875, 0.45038804843028435]], "T": [-0.03433432737052251, 0.005932136129733321, -0.05174218379574903], "aligned_model": [[-0.761321608533172, -0.3536055287575052, -0.2339360857843415, 0.24532699057195373, 0.43992095249807806, 0.13805327125113698, -0.07658918030067242, -0.30960626020837406, -0.555487031739645, 0.2963812659368417, 0.5873678527994786, 0.022058617204506727, -0.16448880430396884, -0.27681835498305973, -0.02296205911904673], [0.11838872262412753, -0.5419051908500194, 0.2377671004015039, -0.6301909823157907, -0.32915369997090055, -0.24224315191804313, 0.608403758749007, 0.6871727240956477, 0.27036971546452737, 0.5465012985849315, 0.2862472210776654, 0.18077064148954772, -0.6675988673563564, -0.3990585508321668, -0.027326049362030952], [-0.2304792761161107, -0.43085410752182224, -0.6595883406392148, -0.20682585371254464, 0.388443783763167, -0.6570428865681233, 0.19588564058857455, -0.35600005567404336, 0.4015495646727759, -0.40285443909487983, 0.12209603491958766, 0.6746329291600931, 0.05703467438852798, 0.6057433935717199, -0.09237858137719114]], "inverted": true, "swapped": true, "error_lsq": 0.03001153791351492, "error_max": 0.247586834563987, "target": "5.xyz", "model": "15.xyz", "model_rescale": 4.355366556412066, "target_rescale": 4.2253639853439635},
{"mapping": [13, 14, 12, 7, 6, 8, 0, 10, 2, 15, 3, 16], "R": [[0.6818895397181856, -0.6468677979019779, -0.34145088616134467], [-0.15788713674399912, 0.3256387165814111, -0.9322183640724921], [0.714211668676523, 0.6895806539489473, 0.11991753010147994]], "T": [-0.07235902245772846, 0.006010341781410007, -0.13636587248273146], "aligned_model": [[-0.24833909780190358, 0.5116606305913816, 0.17192722959066736, -0.6918590009309855, -0.6828398234071511, -0.41924041627678854, 0.009233557974438478, -0.13764909021689303, 0.5992833603916565, 0.14901624188631418, 0.3574827721160046, -0.02086780928496014], [-0.652102291973361, -0.2965452436207918, -0.5721899946962112, 0.41887846849404897, -0.20636725072268777, -0.1272448796835543, 0.4465966059179416, 0.49584415643787433, 0.12889770071025827, -0.16911682373600548, 0.5493792681694495, -0.0032532875559805694], [0.11018313532223961, 0.021996247758182236, -0.3991849375588141, -0.05193152821252897, -0.2273934394131808, 0.46131817326225066, -0.7748799897841021, 0.39913792315777097, -0.4184667306072404, 0.6379993998018004, -0.18538471450069877, -0.1241350780162577]], "inverted": false, "swapped": true, "error_lsq": 0.04604425073311736, "error_max": 0.25909815774520834, "target": "5.xyz", "model": "16.xyz", "model_rescale": 3.795458400668931, "target_rescale": 4.2253639853439635},
{"mapping": [5, 3, 2, 7, 12, 9, 10, 6, 8, 15, 14, 13, 16], "R": [[-0.4718258137735599, -0.855050410894179, 0.21510275750583477], [0.8672165501145295, -0.49408280867433263, -0.06178700008850641], [0.15910957439567278, 0.15738796968694563, 0.9746348907839536]], "T": [0.07407286174327053, -0.013819320209201236, -0.022005591714341938], "aligned_model": [[-0.12538108169593148, -0.03366141974969333, 0.3845587059865968, -0.2668117944119276, 0.5832648452963297, -0.25056801354315195, -0.6167486090821308, 0.1455613290752775, -0.4652139508710835, -0.517693708895996, 0.14602201179634589, 0.09036977369655176, 0.07493371330303523], [-0.36803536201935044, 0.24299192826336513, 0.5061432524678187, -0.6674979621214863, 0.2814689347174514, 0.5376504058810079, -0.04707964175327192, -0.5564929612698672, -0.14299397636160244, 0.4446335933079601, 0.6461512986959028, 0.04712576475219087, 0.03971599091036714], [-0.7219001300486583, -0.6582900506227746, -0.4451168668161707, -0.1556893834827222, 0.31945250732245967, -0.3341008697117792, -0.25140419792566765, 0.33362312816559503, 0.4113459006238981, 0.3228876651744007, 0.10822305537040447, 0.6997199420969776, -0.02647566930966703]], "inverted": false, "swapped": true, "error_lsq": 0.045321094257536956, "error_max": 0.30042819523289227, "target": "5.xyz", "model": "17.xyz", "model_rescale": 3.7474275329858107, "target_rescale": 4.2253639853439635},
{"mapping": [5, 10, 7, 9, 1, 12, 4, 8, 2, 6, 14, 15, 13, 16], "R": [[0.8526234366851911, -0.4693216282628758, 0.2297182719328546], [-0.3402873703918279, -0.8323463629623443, -0.4374974715528907], [0.39653219385940014, 0.29485037104952133, -0.8693822392509584]], "T": [0.03910368795075196, -0.08826335106573607, 0.04840509925681129], "aligned_model": [[0.5877309258643912, 0.16992064457335054, 0.7194352937056967, -0.38382810244365756, 0.1615371109272541, -0.3657199518269246, 0.6999036486044456, 0.0650446421135976, -0.3527077565093921, 0.45343670292581906, -0.633241842961907, -0.46956106836843375, -0.22620303849212775, -0.010899560229235682], [-0.3103599313040537, 0.3137723186229267, 0.18883325717319116, -0.10546272109437996, -0.7423922708455657, -0.31795143691303446, -0.35990354210976666, 0.6148899398925638, -0.6630651603094186, 0.15128919050457346, -0.15910229386509786, 0.5174961185471041, 0.3316966625328835, -0.09933188932069215], [-0.5036678193735078, -0.5450749073417884, -0.09902572448534007, -0.5240867361377552, 0.40927814096995996, 0.5448187039324999, 0.23960081697817487, 0.06297871498023515, -0.20033645267799494, 0.4922742247835125, 0.023290765148324497, -0.18318448889207306, 0.575769837135453, 0.03215964364195414]], "inverted": true, "swapped": true, "error_lsq": 0.03150341951824185, "error_max": 0.20142968091983246, "target": "5.xyz", "model": "18.xyz", "model_rescale": 3.922800546911778, "target_rescale": 4.2253639853439635},
{"mapping": [13, 15, 12, 6, 3, 8, 9, 4, 10, 1, 2, 0, 7, 5, 16], "R": [[-0.343650023771778, -0.9218188102957894, -0.1793174340283524], [-0.6702914856640885, 0.10703403700163733, 0.7343385044850649], [-0.6577339776899822, 0.3725503937831608, -0.6546695492262691]], "T": [0.07429003116796418, 0.0901500079275193, -0.08821514214344128], "aligned_model": [[-0.17088873502436966, -0.5171832579702929, 0.4604316637738315, -0.08517125715779242, 0.2576452347580338, -0.6014881744978818, -0.01188848272791411, 0.31895767864313423, -0.4752703780582359, 0.7829463058740042, 0.6034722122879635, 0.6504488055723401, -0.29660558441196244, 0.09487417405688416, 0.08577063176987608], [0.5067057438271215, -0.23198633326163426, 0.29807751884590517, 0.7088701580690162, -0.5238499650294446, 0.2427832250969843, -0.6041808568879987, 0.5068606801452482, -0.29520763686519524, 0.3413082401886176, -0.409193437602753, -0.01055604920291138, 0.3202233205932759, -0.18354509506008626, 0.05130199217843276], [-0.6278783059530016, -0.5633000109901486, -0.6085285599811067, 0.04533088513305983, 0.17974289174345726, -0.21205694335437708, -0.2200936208891236, 0.47168729739773674, 0.19541686642616346, 0.0002708210179998283, -0.2163089756005129, 0.4278984500575428, 0.5207776205545246, 0.6732114979745915, -0.12351074637347625]], "inverted": false, "swapped": true, "error_lsq": 0.03808716128403496, "error_max": 0.28578510088020387, "target": "5.xyz", "model": "19.xyz", "model_rescale": 3.9282355846067225, "target_rescale": 4.2253639853439635},
{"mapping": [9, 10, 7, 15, 14, 8, 13, 6, 12, 1, 5, 2, 4, 16], "R": [[0.8533350931913501, -0.4710021593186958, -0.22355353865514146], [0.1365168399480135, 0.6156855417354832, -0.7760763275016792], [0.5031723076031892, 0.63173434259585, 0.5896858055322944]], "T": [-0.02345801373144451, -0.07654387888423418, 0.06944566852362474], "aligned_model": [[-0.6318506358292569, -0.05963297308528181, 0.5841876982317152, -0.4502543412364055, -0.6507549659233749, 0.14581019044408694, 0.029960323450387967, 0.5709117030415339, -0.23699434781948808, 0.09805510124627967, 0.20707365252933616, -0.5876376277805612, 0.5905795788367751, -0.07693053702107024], [-0.44557335018302624, -0.7509302378259065, -0.510237526358252, -0.24181527969234723, 0.15201681686496532, -0.2266402323376211, 0.40450133006156247, 0.1296259724964391, 0.5677961778706692, 0.3525394890954843, -0.7228905360564292, -0.03942638317652607, -0.07472204560129073, -0.07136210773288575], [0.04516221862611297, -0.2041574843518986, 0.0058376442705808385, -0.6160091918348515, -0.039897555602180834, -0.5969845481523651, -0.4696365395656622, -0.10461093213214781, 0.11733500236197039, 0.681185780990481, 0.49862441244352196, 0.5449552290820532, 0.4817020204478396, 0.06867710066022895]], "inverted": true, "swapped": true, "error_lsq": 0.03367431563383628, "error_max": 0.2256264979229127, "target": "5.xyz", "model": "20.xyz", "model_rescale": 4.067790424073018, "target_rescale": 4.2253639853439635},
{"mapping": [10, 2, 8, 7, 13, 12, 6, 9, 14, 3, 0, 4, 5, 1, 16], "R": [[-0.06284968336813346, 0.22300713481396164, -0.9727886384629465], [0.5450633300175692, -0.80884156473708, -0.220638367977627], [-0.8360358147655422, -0.5440984662501263, -0.0707175752806638]], "T": [-0.0358797344926403, 0.014959321537444708, -0.039575858899420086], "aligned_model": [[0.43513291743745697, 0.1853133266978509, -0.22267437186070854, 0.2820978317867981, -0.7144514749318889, -0.570475189211031, -0.33384678799137285, 0.314722083728379, -0.25174534508841334, 0.5644540494061281, 0.41682406939558003, 0.11784859646919386, 0.721031677441201, -0.13811602854006166, -0.03767140083159647], [-0.2231932302719008, 0.7039254532919588, -0.4189418713223385, -0.6619091595034732, -0.10922647083542548, 0.3863280237840201, -0.52906711943867, 0.4576894923474555, 0.5942166662284586, 0.3634395378929738, 0.1552464004896621, -0.38317405679907096, -0.19713568433087564, 0.2388321911630152, 0.0638649672320579], [-0.5419648693910496, 0.1093703950148455, -0.5612533380462673, 0.006345798216525936, -0.26090349143853586, 0.1588132783946473, 0.16371687243917946, -0.47314520763580914, -0.31445831617252307, -0.06360692458180076, 0.5799826006059793, 0.5644590715304265, 0.15330770076635222, 0.6763379748923508, -0.06175197097318026]], "inverted": false, "swapped": true, "error_lsq": 0.037714867385292526, "error_max": 0.23109339986722713, "target": "5.xyz", "model": "21.xyz", "model_rescale": 4.186013935880536, "target_rescale": 4.2253639853439635},
{"mapping": [6, 13, 1, 5, 10, 0, 7, 8, 2, 14, 15, 3, 16], "R": [[0.514746056314777, 0.5169663831518226, 0.6839460915885894], [-0.6122538285832685, 0.7800917340450477, -0.12884927574387112], [-0.6001514366337167, -0.3524239565715038, 0.7180637909969926]], "T": [-0.020268193378019484, -0.0014471957961195367, -0.08010283305080947], "aligned_model": [[-0.1962432724820832, -0.6195006521520732, 0.5288622191767204, 0.5059618276926964, -0.19646532893721913, 0.7547167450941022, 0.004559284595939638, -0.6507004898299122, 0.4205053112153761, -0.18779331444722916, -0.6929029782719204, 0.41163177579209503, -0.02405709202326719], [-0.42977074413152205, 0.13286196530770686, 0.17358190879442525, -0.47431870089057804, -0.33502624090480676, -0.08282741049826084, -0.7470133882880001, -0.29423552731404307, 0.554508712442003, 0.6403393108815112, 0.2094157800525159, 0.12435396204866747, 0.04708703204647462], [-0.5401558490638022, -0.4644843472662914, -0.5709434808613417, 0.3130609358965833, 0.5433102436161737, -0.11545094639379207, -0.010216347758436495, 0.030078773767040143, 0.12585209726714053, 0.05309931479275652, 0.34700061841364455, 0.4490975927946401, -0.05736904386896924]], "inverted": true, "swapped": true, "error_lsq": 0.045808457083929, "error_max": 0.21571542682893122, "target": "5.xyz", "model": "22.xyz", "model_rescale": 4.166573947596378, "target_rescale": 4.2253639853439635},
{"mapping": [12, 1, 4, 6, 11, 2, 0, 14, 13, 8, 9, 7, 5, 9, 10, 16], "R": [[0.5172940158305168, -0.7482967807439105, 0.41528162626612464], [-0.13591472271732563, 0.4072592418415232, 0.9031429001455643], [-0.8449462049945012, -0.5236333047686786, 0.10896821923121713]], "T": [-0.08298653144264986, 0.019489334435839313, 0.022797861739369853], "aligned_model": [[-0.6901485108085368, -0.2836242048369827, 0.35955588204184463, 0.18116799897419264, -0.3759091618056347, -0.48950945962295245, 0.1124384055429106, -0.6891164195164885, -0.40572101494644186, 0.1209783734619164, -0.2473885786451646, 0.6498889558862204, 0.5529996253106754, -0.2473885786451646, 0.36319903239816864, -0.12418910376780667], [-0.13913486885433546, 0.19778149203217466, 0.003086635607732445, -0.5056727083225039, -0.5083620527453431, 0.6327168263984971, 0.5632540679998631, 0.15320592851770196, -0.6221401836579739, -0.47723780562014073, 0.48503950259598894, -0.13283900804319043, 0.5145778552344797, 0.48503950259598894, 0.15663117610132907, 0.04376107778141036], [-0.2403712017031416, -0.685058316833596, -0.5695600938954145, -0.2609349015663579, -0.4948945894055851, -0.04411132704358147, -0.5012277978010286, 0.2919146203844077, 0.11778024717814597, 0.47773779168913616, 0.5357783945578395, -0.009745463628067254, -0.05144639467722124, 0.5357783945578395, 0.5823287652281166, 0.047292406122601556]], "inverted": true, "swapped": true, "error_lsq": 0.039209976311862835, "error_max": 0.319953979135894, "target": "5.xyz", "model": "23.xyz", "model_rescale": 4.274766983524099, "target_rescale": 4.2253639853439635},
{"mapping": [1, 3, 5, 6, 10, 8, 13, 15, 14, 9, 16], "R": [[0.3881078029901737, -0.9216064782714626, -0.0037192023624297854], [0.2227773705129921, 0.0977305486871926, -0.9699582377817187], [0.8942832752799625, 0.3756198065349755, 0.24324305641306593]], "T": [-0.033459482742221935, 0.00529861232365858, -0.10645873251376972], "aligned_model": [[0.3309868654422872, 0.16019975507803322, -0.37370621951650257, -0.4510662286596417, -0.45719248480818464, -0.4992373467527282, -0.03807118763054648, -0.05776027841659483, 0.5214830435504187, 0.23440150557148876, 0.00985728010004553], [-0.15686690780000162, 0.6698824967296236, 0.6380624164985301, -0.4523859664810025, 0.4781642890005947, -0.19453835633620797, -0.6342957883414017, 0.025810747583251303, -0.004592728056310599, 0.5264249642546067, 0.019921364191801325], [-0.7498755044177727, -0.16338821164362807, -0.47921249957709744, -0.3119009388775694, 0.25105024479353455, 0.3818301587363445, 0.23378437717593978, 0.7171351178290677, 0.2803724353492898, 0.2980061429844447, -0.07823488833097561]], "inverted": false, "swapped": true, "error_lsq": 0.05048464108554915, "error_max": 0.24869011443165862, "target": "5.xyz", "model": "24.xyz", "model_rescale": 3.7841303162186577, "target_rescale": 4.2253639853439635},
{"mapping": [1, 11, 14, 8, 13, 15, 6, 4, 12, 2, 0, 7, 9, 10, 3, 16], "R": [[0.7318899228566502, -0.6552789607288909, -0.1869401627445305], [0.3227336521054755, 0.09171858199118539, 0.9420353982288502], [-0.600150090077098, -0.7497980963856811, 0.27860847804196537]], "T": [0.017345071251913972, -0.03790410588279815, 0.10551845159347235], "aligned_model": [[-0.02756057768554397, 0.22110241569078753, -0.613420131181393, 0.31007784739536726, 0.07726462528588873, -0.26569990559828066, 0.5913146064731816, 0.5514447704760161, -0.3004113449047491, -0.6127448620113188, 0.03590643673743884, 0.6884227669493923, -0.5135638018381093, 0.13159563292647575, -0.32039534770726774, -0.03549058253510706], [0.16876789600836828, -0.5140604582570242, -0.2804112969069143, -0.4566433002333353, -0.7583194040680867, -0.47471245238653226, -0.29010545926173315, 0.2940572295705033, -0.41166020845501816, 0.2954199621759004, 0.6311249138932232, 0.19934573564183372, 0.16280791928602162, 0.17428587794983463, 0.539838607440898, -0.042923094029977404], [-0.6213750105570504, -0.49796667745382256, 0.1375015757956427, 0.589537958276447, 0.057778698134015524, 0.7445819196390199, -0.07622454843315361, -0.2837628951445038, -0.3660772426102074, -0.08856253467727614, -0.29514291381297947, 0.3394772319583227, 0.535360830467351, 0.7931858813823484, 0.2914253422723555, 0.11388240058074396]], "inverted": true, "swapped": true, "error_lsq": 0.04076683594236965, "error_max": 0.29045474172099117, "target": "5.xyz", "model": "25.xyz", "model_rescale": 4.19342608120988, "target_rescale": 4.2253639853439635},
{"mapping": [13, 14, 12, 7, 6, 8, 0, 10, 2, 15, 3, 16], "R": [[0.6818895397181856, -0.6468677979019779, -0.34145088616134467], [-0.15788713674399912, 0.3256387165814111, -0.9322183640724921], [0.714211668676523, 0.6895806539489473, 0.11991753010147994]], "T": [-0.07235902245772846, 0.006010341781410007, -0.13636587248273146], "aligned_model": [[-0.24833909780190358, 0.5116606305913816, 0.17192722959066736, -0.6918590009309855, -0.6828398234071511, -0.41924041627678854, 0.009233557974438478, -0.13764909021689303, 0.5992833603916565, 0.14901624188631418, 0.3574827721160046, -0.02086780928496014], [-0.652102291973361, -0.2965452436207918, -0.5721899946962112, 0.41887846849404897, -0.20636725072268777, -0.1272448796835543, 0.4465966059179416, 0.49584415643787433, 0.12889770071025827, -0.16911682373600548, 0.5493792681694495, -0.0032532875559805694], [0.11018313532223961, 0.021996247758182236, -0.3991849375588141, -0.05193152821252897, -0.2273934394131808, 0.46131817326225066, -0.7748799897841021, 0.39913792315777097, -0.4184667306072404, 0.6379993998018004, -0.18538471450069877, -0.1241350780162577]], "inverted": false, "swapped": true, "error_lsq": 0.04604425073311736, "error_max": 0.25909815774520834, "target": "5.xyz", "model": "26.xyz", "model_rescale": 3.795458400668931, "target_rescale": 4.2253639853439635},
