[{"mapping": [10, 2, 7, 4, 8, 9, 0, 12, 11, 5, 3, 1, 6, 13], "R": [[0.18953784989131553, -0.48337828090361473, 0.8546466176199632], [0.925208649990394, 0.3793431710463998, 0.00936549856734803], [-0.3287314366493266, 0.7889513268454069, 0.5191256557205989]], "T": [0.09011198728937328, 0.030166271789333038, 0.1250106735038187], "aligned_model": [[-0.1461954327128393, -0.34200118796170376, -0.21320658757268765, -0.12881223543795825, 0.36377835797951075, -0.5757351442393316, -0.5251257103992182, -0.1584941222029985, 0.42643758708421453, 0.8408683363126283, 0.2060240278457705, 0.13968587885535957, 0.4245592869443612, 0.04424786258020253], [-0.8576712970165522, 0.6661928871470477, -0.04979644076714758, 0.5809917294045278, 0.05922209952924222, -0.18361642483280852, 0.15200524564347428, -0.44298641983074205, -0.4375642262665794, -0.012739013459687955, 0.5050874046880224, -0.07053343561076199, 0.6340680974085661, -0.02519581767232585], [-0.28891224119211645, 0.12244284548280793, -0.5627380373053888, -0.6247010888137574, -0.6063179858897106, -0.09336452615078414, 0.5745107006157621, 0.3473647620863113, -0.268912051093645, 0.20822906894959978, 0.30998262320974057, 0.69109027181797, -0.20361353886480402, -0.02117887253316758]], "inverted": true, "swapped": false, "error_lsq": 0.05072591134628252, "error_max": 0.3393455176892865, "target": "500.xyz", "model": "0.xyz", "model_rescale": 3.8414455957264533, "target_rescale": 3.904453611554964},
{"mapping": [11, 9, 12, 8, 10, 13, 7, 0, 1, 5, 2, 4, 6, 14], "R": [[0.1641557256450046, -0.6494456404999593, -0.742477782680101], [0.7885730818163998, -0.3657987908706078, 0.4943113788212717], [-0.5926258451776698, -0.666642036353243, 0.45208738424584877]], "T": [0.045326859973641595, 0.054072943507340626, 0.020194418984549937], "aligned_model": [[-0.2211437378467198, -0.43096480124659464, -0.04391741423109803, -0.2722132041657851, 0.4726516037054025, -0.672889314881181, -0.29597355352637, -0.3001400191872819, 0.35438935802957866, 0.676926986647259, 0.37588774272949377, 0.2517891738294879, 0.3665617744838464, 0.0950663227352718], [-0.6457229943646433, 0.5324007341356243, -0.19341235243189614, 0.37940363851024195, 0.1195824979430394, -0.06637144325392952, 0.1852122480080268, -0.4277262044160668, -0.7538846649446239, 0.24184152530059339, 0.5067125562266112, -0.09993734308213231, 0.7531140885665263, -0.013747897833096878], [-0.3866771430164126, 0.1194841876325522, -0.6960988391734548, -0.6260490676795935, -0.5103556371671867, -0.19076926631208585, 0.5486558770824125, 0.4373749386283335, 0.006675306264128326, 0.008069046424733693, 0.5002481778568776, 0.499226129239841, -0.11462687383526574, -0.011274905626061971]], "inverted": false, "swapped": false, "error_lsq": 0.04326155825343866, "error_max": 0.21705438623819728, "target": "500.xyz", "model": "1.xyz", "model_rescale": 4.316132596720782, "target_rescale": 3.904453611554964},
{"mapping": [9, 10, 11, 2, 8, 4, 0, 3, 6, 12, 1, 13], "R": [[0.38892363413043224, -0.5993812523539744, -0.6996288452753784], [0.8279505625968105, -0.10564047006749737, 0.5507612522495964], [-0.40402508920907765, -0.793462163817847, 0.45517196956655565]], "T": [-0.005351363258000223, 0.04024794544107375, -0.1905002832440392], "aligned_model": [[-0.1394969862381198, 0.49457910242063896, 0.22450529291725674, -0.44371867985397073, -0.4609183055732389, -0.54644698563822, -0.6307931786385879, -0.04216544946127181, 0.663424552872948, 0.08069599954708448, 0.42774908291136843, -0.029605890634106836], [-0.5017387029484983, -0.3135583370319126, -0.6035504627908768, 0.5656854363389092, -0.38595382401253275, -0.06560961076746108, 0.34221015687580036, 0.6385180002153704, -0.010602588637781456, -0.20924138423905414, 0.4669159752009469, 0.08970176953807082], [0.07711779857561099, 0.145832232103301, -0.5475902320693777, -0.010687212004642038, -0.4852867083716478, 0.41303187296951593, -0.6388997059573998, 0.433827411409753, -0.42959844523567464, 0.6583714960517665, 0.01984221007312653, -0.18670225633491058]], "inverted": true, "swapped": true, "error_lsq": 0.05783803651997014, "error_max": 0.47092279803925585, "target": "500.xyz", "model": "2.xyz", "model_rescale": 3.795458400668931, "target_rescale": 3.904453611554964},
{"mapping": [0, 8, 4, 10, 5, 1, 9, 7, 11, 6, 2, 13], "R": [[0.5433605639331611, 0.1138599526766591, -0.8317422730261497], [0.714976298259588, -0.5820000950927795, 0.38740777255885384], [-0.4399638513437827, -0.8051781172439205, -0.3976430673635356]], "T": [0.01718096599169082, 0.05936133432894152, 0.08938615464318447], "aligned_model": [[-0.13366636002105986, -0.10152417007335389, -0.7884737162211761, 0.1552368595432942, 0.3419514468361532, 0.17772497544884636, -0.25334598422185284, 0.5241056009032447, 0.4427003981449905, 0.6676766609760837, -0.4350626015872371, -0.004019283984367749], [-0.05807805160641245, -0.575158207150022, -0.014165242268182589, 0.04805482150031567, 0.41458578908864857, 0.6567966851886747, -0.36471090687169794, -0.1662579069138608, -0.5416137023310169, 0.16977181621875287, 0.4216201339393831, 0.0949238164951273], [-0.7148984707952981, -0.15429861264533787, 0.20667099557181767, 0.7742523094020606, -0.31653454803735426, 0.2659143143137826, 0.45041512351596136, -0.23482445685542183, 0.31870236112157835, 0.35711700862961504, -0.31660340110596874, 0.052858807523665285]], "inverted": true, "swapped": true, "error_lsq": 0.0450995589058488, "error_max": 0.22555169545133913, "target": "500.xyz", "model": "3.xyz", "model_rescale": 3.7530521520055578, "target_rescale": 3.904453611554964},
{"mapping": [5, 0, 2, 4, 1, 8, 6, 7, 11, 9, 13], "R": [[-0.42935884576217476, -0.7236768182040334, 0.5403173552273329], [-0.8701317647521454, 0.49172298031174677, -0.0328515235971045], [-0.24191257415663753, -0.4842523860833525, -0.840819798195481]], "T": [0.029347208596218387, -0.09113619374501318, 0.06540586195809782], "aligned_model": [[-0.3302029597626705, -0.34100934599484606, 0.2665273424266919, 0.6872624512794142, 0.19807829385937015, -0.22078092136434233, -0.2835705269110274, -0.6119934357040046, -0.3629769039658673, 0.3001290187143754, 0.03673658986811121], [-0.544788421185251, 0.0758100297892756, -0.24863295494264426, 0.2903695349887097, -0.703929510449287, 0.5395196810718463, -0.4461947575609673, -0.08076093839654759, 0.29664096018297, 0.4048017339350654, -0.11563199911882369], [-0.182294013543571, -0.6545841829521536, -0.5823005190646032, -0.23433114065873994, 0.1648027454839639, -0.0602814875118103, 0.5974122913803762, 0.10494925777231028, 0.6044182681010657, 0.3185595625268204, 0.01647999571165825]], "inverted": true, "swapped": true, "error_lsq": 0.04698849950997901, "error_max": 0.20346235321303432, "target": "500.xyz", "model": "4.xyz", "model_rescale": 3.7855080009869324, "target_rescale": 3.904453611554964},
{"mapping": [2, 6, 0, 4, 5, 12, 13, 14, 9, 10, 8, 15, 7, 16], "R": [[0.30416718739994186, 0.6933155556045147, -0.6532961521898104], [-0.665323974558125, 0.6454246486029837, 0.375194658615891], [0.6817817326589124, 0.32053168849977737, 0.6575964611219358]], "T": [-0.04792738622797335, 0.03679638621750374, -0.04492524041648095], "aligned_model": [[-0.1373932028780464, -0.26018870609450306, -0.09672058227040467, -0.18308658924561536, 0.4759678944234308, -0.6693896653787491, -0.41041640365492826, -0.19877383158366083, 0.36511350366896134, 0.6690336008673794, 0.22224685781083228, 0.28808276290538404, 0.3401517648867528, -0.04859648638152276], [-0.6428139371755471, 0.6528264461939537, -0.06945995627779132, 0.5022625481685132, 0.1407620874784284, -0.19125625703705668, 0.23905376489678598, -0.5340023128424112, -0.5317770011711687, 0.09309011785429862, 0.39693034414392175, -0.1668484112960117, 0.6428533381054377, -0.014156382677078486], [-0.32044540949203193, -0.005820696423577729, -0.816159768313152, -0.6035611019430935, -0.6530601863715825, 0.1126878634406676, 0.5488434888797198, 0.2854254726263876, 0.06924807378417534, 0.07238730297060396, 0.4960177179164039, 0.6796050093391206, -0.2533935003849679, -0.027892335709855817]], "inverted": false, "swapped": false, "error_lsq": 0.03581062182683885, "error_max": 0.2539660527209238, "target": "500.xyz", "model": "5.xyz", "model_rescale": 4.2253639853439635, "target_rescale": 3.904453611554964},
{"mapping": [3, 11, 7, 12, 0, 6, 5, 2, 4, 1, 8, 10, 9, 13], "R": [[-0.009991130093556566, -0.2181066060428556, 0.9758738062474679], [-0.2642993459077032, -0.9406398625212774, -0.21293779558526707], [0.9643889428400836, -0.2600502978971939, -0.048247378077640624]], "T": [0.06667874710563779, 0.06001066449884056, 0.004726715671602145], "aligned_model": [[-0.14053647796929944, -0.5454974832387336, -0.22867382049209958, -0.3570244047089154, 0.5020027369590003, -0.5308022428360213, -0.3184138023528785, -0.18205602494428183, 0.4103758767975466, 0.7773164520882675, 0.2508159600364134, 0.243215984915816, 0.4278493272463717, 0.047458835574124184], [-0.5118214043404153, 0.5392408934462771, -0.0677725868492315, 0.5847474446452955, -0.0014918360805805941, -0.1263305863371585, 0.09299106403470021, -0.45851454602994873, -0.5575929866173858, -0.013698917175542988, 0.6122767967880901, -0.09910078779373428, 0.516019216827101, 0.008512623846808176], [-0.3600737890463897, 0.03837845377725073, -0.7204143171732171, -0.6406187074724505, -0.6659245466154582, -0.14363558755371003, 0.5060821664734061, 0.35031929553491753, 0.04145988019599016, 0.1728538455010114, 0.4596558107392296, 0.7477143493539128, -0.18022852142557513, -0.021686401970099745]], "inverted": true, "swapped": false, "error_lsq": 0.03804472992785427, "error_max": 0.21031563016915114, "target": "500.xyz", "model": "6.xyz", "model_rescale": 3.89814844738969, "target_rescale": 3.904453611554964},
{"mapping": [2, 3, 12, 0, 9, 1, 5, 8, 7, 6, 10, 11, 13], "R": [[0.9580644266787215, 0.17660184227674952, -0.2256642276419346], [-0.06735261244313263, 0.904233464805068, 0.42169356969689153], [0.2785250077279561, -0.3888105328191098, 0.8782085114817904]], "T": [-0.05376665716558556, 0.04135177273242058, -0.02750540947586054], "aligned_model": [[-0.09603312458827695, -0.03390117497435601, 0.6066590046075271, -0.2669969661561846, 0.5242233292923998, -0.38263634420114784, -0.6584789798856902, 0.23114673165772717, -0.4650333220736861, -0.4553043326665809, 0.1758809605520528, 0.04233984021129487, -0.07323382087085695], [-0.2899861191709556, 0.2722500840953838, 0.5588375732527544, -0.7464269161696155, 0.10279755832401322, 0.48547906339040636, -0.07184982395444428, -0.46428653453391083, -0.1880349202162462, 0.5036119397961659, 0.6691408421987419, 0.11394472232297956, 0.018303796135212894], [-0.6512136335756733, -0.8613871385726086, -0.3212378787164124, -0.1592561456800774, 0.18583939102662372, -0.35683996160801734, -0.16144681685213563, 0.3456466865244313, 0.40979382850761964, 0.3359474306287775, 0.1758951137439878, 0.7342803276010661, -0.07374617219128543]], "inverted": false, "swapped": true, "error_lsq": 0.03996422059976876, "error_max": 0.226479131775147, "target": "500.xyz", "model": "7.xyz", "model_rescale": 3.7474275329858107, "target_rescale": 3.904453611554964},
{"mapping": [6, 2, 0, 1, 12, 3, 8, 5, 7, 11, 4, 9, 13, 14], "R": [[-0.07686991047271235, -0.6997093188226393, -0.7102801461512742], [-0.9204076236324215, -0.2240892507531897, 0.32036512615481894], [-0.3833286099722224, 0.6783736999984834, -0.6267920707277109]], "T": [0.0909319554561216, 0.03339440864703343, -0.11335219741702889], "aligned_model": [[-0.25029996635554713, -0.5104808785515826, -0.26594205006341787, -0.2441105790944042, 0.5580185075806126, -0.5858777728383782, -0.21737768578157796, -0.19024512351297845, 0.301428073716277, 0.6739234626612369, 0.017839714325855988, 0.38709999568265846, 0.5987550953854275, 0.0833001239211279], [-0.6913334202755081, 0.6178129669482789, -0.18771402039828405, 0.4457263973220102, 0.2543335691695423, -0.1900089031666945, 0.1726156401827535, -0.4569713236023147, -0.5905816186371172, -0.13446689752050267, 0.6591143466172259, -0.24191491598491704, 0.7682154756723779, 0.09263709203742454], [-0.2723127205656366, -0.040228687833848184, -0.6212549877386742, -0.6448883215018847, -0.4504851963527899, -0.03490419590522649, 0.47890866543487615, 0.3265368373631674, 0.06049524575114863, 0.022380775763049296, 0.3507145320073713, 0.5322713057235171, -0.012033459265374524, -0.11131786256087833]], "inverted": true, "swapped": false, "error_lsq": 0.04394721873058812, "error_max": 0.25583665550612794, "target": "500.xyz", "model": "8.xyz", "model_rescale": 4.019505241142653, "target_rescale": 3.904453611554964},
{"mapping": [5, 1, 2, 0, 7, 8, 4, 6, 11, 10, 12, 9, 13], "R": [[0.5778555944942354, -0.8158125501949265, -0.02308234945070721], [0.6677943482080544, 0.488892159810592, -0.5612799342370209], [0.46918399419960377, 0.30892448756967356, 0.8273040798682918]], "T": [-0.0022016368023725606, -0.09173031242562067, -0.021272720461560778], "aligned_model": [[-0.22532405932099586, -0.6386306739288327, -0.04476707621256032, 0.46849530999317535, 0.20782532923023508, 0.6844275362591076, 0.20772339006411455, -0.36582048342339735, 0.32937746635041937, -0.30747686037137145, -0.26969618203906925, 0.28689173102752097, -0.013324655887169615], [-0.5590110898772888, -0.13726356613357105, 0.12906551322237492, -0.33445466696824167, -0.6965916408248061, -0.11532708893888913, 0.6742107879891086, -0.5406475986509737, -0.37674222686331815, 0.10372048700404603, 0.7004703026528232, 0.30499567167027036, -0.08904665616747577], [-0.37945836359305524, -0.1034333685554889, -0.6921084592481483, -0.656056113313018, 0.03368721998419325, 0.04253789381574453, -0.21494014709764123, 0.39498385713299466, 0.6140596424502424, 0.5760839065110428, 0.28055044911414334, 0.35608325356565884, -0.07528627672278893]], "inverted": false, "swapped": true, "error_lsq": 0.048716169308689085, "error_max": 0.2868308782629959, "target": "500.xyz", "model": "9.xyz", "model_rescale": 3.877068213659057, "target_rescale": 3.904453611554964},
{"mapping": [12, 9, 0, 8, 1, 10, 14, 6, 3, 4, 2, 13, 7, 15], "R": [[0.19514031897282336, 0.9753686368865291, 0.10284103310108741], [0.9767852732168629, -0.20272382409229728, 0.06923569290513248], [0.08837865091662836, 0.08694293141773812, -0.9922853121651289]], "T": [0.01661618888635042, -0.021069949329271788, -0.02594092675648512], "aligned_model": [[-0.20048624439363819, -0.37916188571579823, -0.11865717526424852, -0.16660845118675122, 0.5365664136979398, -0.6644132992318933, -0.4135048998747558, -0.16330829663703703, 0.43509895623915573, 0.6769537556116618, 0.1681035452884497, 0.13987047810347905, 0.506225046656542, -0.0006470262177959256], [-0.632491931876533, 0.4883240837879557, -0.14451799252618924, 0.5822990029262722, 0.1176868826514639, -0.11957122874791853, 0.18681490665888467, -0.5409777851298142, -0.4863930541223265, 0.09270700918792815, 0.5121356828486249, -0.08940722688691563, 0.5902339145288314, -0.03937787493598911], [-0.3963797320069809, 0.11378286716721997, -0.8006845832106838, -0.47057288077264353, -0.7066059805828749, 0.14641659041689153, 0.5915550507950529, 0.25267636794574305, 0.07945321113891535, 0.0694518477436892, 0.3388860083971269, 0.7341754410775863, -0.25589162112797476, -0.11238065666224953]], "inverted": true, "swapped": false, "error_lsq": 0.03687254131010711, "error_max": 0.20980817873934812, "target": "500.xyz", "model": "10.xyz", "model_rescale": 4.260839863003843, "target_rescale": 3.904453611554964},
{"mapping": [11, 8, 4, 9, 12, 10, 6, 7, 2, 3, 1, 13], "R": [[-0.6701163555114864, -0.7003714111525294, 0.24581284855804048], [-0.5168713715448963, 0.6779857875361608, 0.5226655308859292], [-0.5327176131434942, 0.22319309653120284, -0.8163312969055592]], "T": [0.14085596463279457, -0.014052265436168906, -0.013821065509341295], "aligned_model": [[0.2564749233332635, 0.26439965041840463, -0.46896927930127796, -0.2992120342019743, -0.7407661343663546, -0.2905589759527605, 0.35621572551779873, 0.7215808166215645, 0.14802515038942982, -0.23877981304033055, 0.09642339242799947, 0.15406522724836733], [0.040744536843698255, -0.5744693758033572, -0.5079282423268409, -0.23491176812431572, 0.0942978265798581, 0.42819370091791775, 0.6041349620694813, 0.012194456715880856, -0.3129732862415658, 0.13373446993423257, 0.5168987953931187, -0.026837570425173818], [-0.774382220993282, -0.39691092933446714, 0.21517904291922915, -0.38922118456635685, 0.02132298194153247, -0.3402082147569589, -0.29396327764650504, -0.2877898665914805, 0.6274105835733875, 0.7497908535001915, 0.34670949646520205, 0.03824081288501226]], "inverted": false, "swapped": true, "error_lsq": 0.04799696587795587, "error_max": 0.2761247733597711, "target": "500.xyz", "model": "11.xyz", "model_rescale": 3.890672605050136, "target_rescale": 3.904453611554964},
{"mapping": [3, 10, 7, 12, 5, 4, 2, 0, 8, 6, 11, 1, 9, 13], "R": [[-0.8408571200415788, -0.39747305705443087, -0.3673887213717747], [-0.526495929840923, 0.7580846679902504, 0.3848501942562249], [0.12554417364547116, 0.5170326924614316, -0.8467088374345451]], "T": [0.13172362911020036, 0.0488929902323445, 0.04387010487604588], "aligned_model": [[-0.26246260114323844, -0.482089179293736, -0.13104381317171704, -0.19880374268791473, 0.41610378447381535, -0.5523697777887837, -0.3997060568074194, 0.0009640795277195413, 0.4748480187437391, 0.6484329673967766, 0.09637813392463793, 0.1621595964708081, 0.5704819724669459, 0.013137534963676256], [-0.7412150196438488, 0.6976073691095257, -0.1581181413746891, 0.4203078375199622, 0.19757795060066785, -0.09848912237295668, 0.2949013640933818, -0.47670963245593734, -0.516134171068184, 0.007510050044451766, 0.48197845654303884, -0.2706660615918619, 0.6469822789453993, 0.03193123001532489], [-0.22707214839962803, -0.0002206574197872041, -0.7403899495343493, -0.5110486409342025, -0.6646444621094861, 0.08063649369084218, 0.44713986890806, 0.2791111790178763, -0.24283707339023153, 0.2955787776118322, 0.3814346746042506, 0.7525688805757621, -0.19192797586881055, -0.07444703643331009]], "inverted": false, "swapped": false, "error_lsq": 0.05047407963534135, "error_max": 0.30204361101411425, "target": "500.xyz", "model": "12.xyz", "model_rescale": 4.124412569039231, "target_rescale": 3.904453611554964},
{"mapping": [2, 1, 6, 4, 5, 0, 12, 8, 10, 9, 7, 11, 13], "R": [[-0.5337795199615404, -0.5202600413420826, 0.666640017889987], [0.014742321877501074, 0.7824961739293451, 0.6224808444696079], [-0.8454951732655176, 0.34209534806639885, -0.4100105911022809]], "T": [0.11697471579756438, 0.09344311195779038, 0.04186385603081626], "aligned_model": [[-0.19893953311048965, 0.0862680432680843, 0.5809908154966583, -0.64352343121379, 0.5045177069403328, 0.3143114924305257, -0.6478735091185551, 0.21824757001206876, -0.02241023675018869, -0.19174613391924425, 0.7415919837041355, 0.5202320542239751, 0.1056314855462447], [-0.3819081665255431, 0.4387442081922855, 0.6262493078135268, -0.156737950595561, -0.056438486178126565, -0.7049695504594624, 0.5303261441788912, -0.30118416554345334, 0.7546741822063371, 0.2124290555931006, -0.025909468266024818, 0.352732423467723, 0.059477842624784324], [0.4599817234680135, 0.5837954216252029, 0.130303387680702, -0.12334317372650315, 0.514915472567824, 0.12562602488225505, -0.07802267763637126, -0.5150035828687484, -0.13582751588157127, -0.4814886017655155, -0.05085819277279201, -0.5622688084759946, 0.08388860387133759]], "inverted": false, "swapped": true, "error_lsq": 0.0444710855833235, "error_max": 0.2931336049151333, "target": "500.xyz", "model": "13.xyz", "model_rescale": 3.9028299243045295, "target_rescale": 3.904453611554964},
{"mapping": [2, 9, 1, 11, 12, 6, 7, 3, 0, 5, 10, 4, 13, 15], "R": [[0.9301252258991957, -0.359178521710055, 0.07653661664948123], [0.15302795983160916, 0.5685210136110999, 0.8083107698109575], [-0.33384054225894355, -0.7401179950688856, 0.5837600926060872]], "T": [0.08245503859120942, -0.007911454811707803, -0.07972797204118956], "aligned_model": [[0.03398607321846737, -0.5217551292194709, -0.3178873549364193, -0.20185393921646003, 0.4266211273926891, -0.5724270764138664, -0.39733255102747034, -0.2019043571985689, 0.3650563397591574, 0.5836435791104465, 0.20920634293925328, 0.3167867390788556, 0.6370186426193886, -0.0031275190306922496], [-0.638757114694145, 0.46533554137845523, -0.05756652098178961, 0.46263050873545813, 0.216938192366614, -0.13149500838902084, 0.3072443866663856, -0.4265254203460566, -0.7251043771018044, 0.0522460771520268, 0.51551710609788, -0.1309485863478849, 0.5551420607179491, 0.0528075431102066], [-0.45633689700045366, 0.02895878048569106, -0.5890992492948447, -0.5733020333704512, -0.6411837836984937, -0.09600012558394404, 0.6210634521838094, 0.2844032228924911, 0.22521009714647808, 0.005670809304810384, 0.4353538180845745, 0.5442221800484034, -0.16962402052055733, -0.03545432035869557]], "inverted": false, "swapped": false, "error_lsq": 0.03885377757199569, "error_max": 0.2504206357646818, "target": "500.xyz", "model": "14.xyz", "model_rescale": 3.942246331269136, "target_rescale": 3.904453611554964},
{"mapping": [9, 0, 6, 8, 11, 2, 1, 5, 4, 4, 12, 3, 13, 14], "R": [[0.545740250715636, -0.38251355401944354, 0.7455541293160739], [-0.8345653003815026, -0.3280550192339803, 0.4425840753512551], [0.0752883666177403, -0.8637495501282806, -0.4982653675555081]], "T": [0.03653864933015382, -0.03658740289331582, -0.0987761686762489], "aligned_model": [[-0.29750153531664036, -0.5941362390231213, -0.05093242622500272, -0.18575217962048196, 0.4817193443095325, -0.7028841448696004, -0.2322130591556537, -0.29213496593120014, 0.5955622804440663, 0.5955622804440663, 0.1839543311101872, 0.2621642171583697, 0.6297536711461938, -0.037130657395405574], [-0.6945318665129053, 0.33964416638970785, -0.09798619181288917, 0.5116955009216891, 0.1457470882868288, -0.165762461238918, 0.18149975125388462, -0.35538367528739023, -0.16852088308257077, -0.16852088308257077, 0.5837262431511594, -0.12408794856069874, 0.516382118724298, 0.013563429214649897], [-0.42078322444650357, -0.06114009098907677, -0.6477464675074832, -0.5975883287489726, -0.6304521102048319, 0.0398443722212838, 0.633925645271658, 0.3406804839389878, 0.018484709642022187, 0.018484709642022187, 0.4126491489010938, 0.5779694911921776, -0.041763077555886555, -0.05868333103767317]], "inverted": false, "swapped": false, "error_lsq": 0.04843189561697958, "error_max": 0.42676637377610066, "target": "500.xyz", "model": "15.xyz", "model_rescale": 4.355366556412066, "target_rescale": 3.904453611554964},
{"mapping": [9, 10, 11, 2, 8, 4, 0, 3, 6, 12, 1, 13], "R": [[0.38892363413043224, -0.5993812523539744, -0.6996288452753784], [0.8279505625968105, -0.10564047006749737, 0.5507612522495964], [-0.40402508920907765, -0.793462163817847, 0.45517196956655565]], "T": [-0.005351363258000223, 0.04024794544107375, -0.1905002832440392], "aligned_model": [[-0.1394969862381198, 0.49457910242063896, 0.22450529291725674, -0.44371867985397073, -0.4609183055732389, -0.54644698563822, -0.6307931786385879, -0.04216544946127181, 0.663424552872948, 0.08069599954708448, 0.42774908291136843, -0.029605890634106836], [-0.5017387029484983, -0.3135583370319126, -0.6035504627908768, 0.5656854363389092, -0.38595382401253275, -0.06560961076746108, 0.34221015687580036, 0.6385180002153704, -0.010602588637781456, -0.20924138423905414, 0.4669159752009469, 0.08970176953807082], [0.07711779857561099, 0.145832232103301, -0.5475902320693777, -0.010687212004642038, -0.4852867083716478, 0.41303187296951593, -0.6388997059573998, 0.433827411409753, -0.42959844523567464, 0.6583714960517665, 0.01984221007312653, -0.18670225633491058]], "inverted": true, "swapped": true, "error_lsq": 0.05783803651997014, "error_max": 0.47092279803925585, "target": "500.xyz", "model": "16.xyz", "model_rescale": 3.795458400668931, "target_rescale": 3.904453611554964},
{"mapping": [2, 3, 12, 0, 9, 1, 5, 8, 7, 6, 10, 11, 13], "R": [[0.9580644266787215, 0.17660184227674952, -0.2256642276419346], [-0.06735261244313263, 0.904233464805068, 0.42169356969689153], [0.2785250077279561, -0.3888105328191098, 0.8782085114817904]], "T": [-0.05376665716558556, 0.04135177273242058, -0.02750540947586054], "aligned_model": [[-0.09603312458827695, -0.03390117497435601, 0.6066590046075271, -0.2669969661561846, 0.5242233292923998, -0.38263634420114784, -0.6584789798856902, 0.23114673165772717, -0.4650333220736861, -0.4553043326665809, 0.1758809605520528, 0.04233984021129487, -0.07323382087085695], [-0.2899861191709556, 0.2722500840953838, 0.5588375732527544, -0.7464269161696155, 0.10279755832401322, 0.48547906339040636, -0.07184982395444428, -0.46428653453391083, -0.1880349202162462, 0.5036119397961659, 0.6691408421987419, 0.11394472232297956, 0.018303796135212894], [-0.6512136335756733, -0.8613871385726086, -0.3212378787164124, -0.1592561456800774, 0.18583939102662372, -0.35683996160801734, -0.16144681685213563, 0.3456466865244313, 0.40979382850761964, 0.3359474306287775, 0.1758951137439878, 0.7342803276010661, -0.07374617219128543]], "inverted": false, "swapped": true, "error_lsq": 0.03996422059976876, "error_max": 0.226479131775147, "target": "500.xyz", "model": "17.xyz", "model_rescale": 3.7474275329858107, "target_rescale": 3.904453611554964},
{"mapping": [1, 9, 2, 6, 0, 7, 12, 11, 3, 8, 5, 10, 4, 13], "R": [[-0.3037742937667808, -0.8684076042482429, -0.3919048498428164], [0.32247845231933236, -0.4807821135019025, 0.8153871516809496], [-0.8965092449251273, 0.12131278671463563, 0.42609198718505337]], "T": [0.0038509462208875488, -0.013475196930605754, -0.007500363331322018], "aligned_model": [[-0.04117483643595851, -0.3455270251402863, -0.2768096596101448, -0.0993745704064305, 0.4472518206586182, -0.721362770957131, -0.44346872815180605, -0.2094344838593699, 0.41628645838521516, 0.717140096160754, 0.1851730864770873, 0.27866621591821045, 0.442802410748569, 0.005862903287982906], [-0.6039950282119452, 0.5557418303486505, 0.0008458067496595889, 0.5603958988913806, -0.004043392030396525, -0.21384621964730235, 0.24454982906439024, -0.5908538052387788, -0.5412265839366454, 0.05179528980068754, 0.4896430475484089, -0.10264034082265149, 0.6668824128240488, 0.004215643024768373], [-0.3649600457701581, -0.04813501404954791, -0.65931111577242, -0.5124907291378664, -0.7163368017182388, 0.029048230466565846, 0.5333925264286459, 0.37049425275421316, 0.10188246497451565, 0.05424753832227626, 0.47954609255924197, 0.6193692523937944, -0.19096958870316053, -0.11189513242904377]], "inverted": false, "swapped": false, "error_lsq": 0.03632771865952898, "error_max": 0.21313161061692595, "target": "500.xyz", "model": "18.xyz", "model_rescale": 3.922800546911778, "target_rescale": 3.904453611554964},
{"mapping": [7, 8, 12, 5, 0, 13, 4, 11, 9, 2, 6, 10, 1, 14], "R": [[-0.30973182553908385, -0.28597518048660286, 0.9067989812488111], [0.738479286270944, 0.5283859601570768, 0.41887542403158623], [-0.5989278253654473, 0.7993913142226021, 0.04752879914827782]], "T": [-0.0015489121224014461, 0.09588701787069251, -0.07124910584337579], "aligned_model": [[-0.172849630939732, -0.4010523690618239, -0.4269842693715192, -0.04505198093116222, 0.5574537121787545, -0.6393714767152604, -0.30469669146783285, -0.20374890732837023, 0.4812130773044699, 0.6819007738871372, 0.04878929704816591, 0.31563610941251835, 0.4711975460010442, -0.006404272941079179], [-0.6530875892201973, 0.5592370017009671, -0.09597471580546696, 0.5101365974293155, 0.19382882609916746, -0.13205646854047118, 0.10050156347250415, -0.44951018336491666, -0.5463271362921226, -0.07542976680551008, 0.5510437285045883, -0.11249736641159705, 0.6646544256027695, 0.0029454719952443087], [-0.2901192059584172, -0.06153136950438837, -0.7043429981844782, -0.7108102749471914, -0.6847359466983653, 0.04293447405801472, 0.5859778480614282, 0.33972615812256574, 0.06007121883080779, 0.057886670645778626, 0.44456695185117084, 0.6404883863294686, -0.039666734663932404, -0.09656324762364424]], "inverted": true, "swapped": false, "error_lsq": 0.03685529854437623, "error_max": 0.23864327597195298, "target": "500.xyz", "model": "19.xyz", "model_rescale": 3.9282355846067225, "target_rescale": 3.904453611554964},
{"mapping": [0, 8, 11, 9, 10, 4, 6, 3, 1, 2, 7, 5, 12, 13], "R": [[-0.7178928446837537, 0.6916540357501733, -0.07902251819808052], [-0.614781560367375, -0.6831380547096259, -0.3941649797227096], [-0.32660908833669, -0.23438663152587483, 0.9156360687401027]], "T": [-0.025899776874883016, 0.11796200218856295, 0.0328707631278779], "aligned_model": [[-0.10567342657682352, -0.6893970588412228, -0.22459238830422115, -0.16915757943755885, 0.5831332684577922, -0.5742141026685631, -0.27335817995607464, -0.25569697849196965, 0.33297488305512507, 0.7639593830406471, 0.3371954444832311, 0.20715961259518853, 0.3650390317288029, 0.05865900799095658], [-0.5719612679735158, 0.4799154340532185, -0.04835753306719523, 0.5980155394390485, 0.019280540825374892, -0.15924097946132237, 0.1965229610397058, -0.5372049666721661, -0.538314940720138, -0.07133265608899095, 0.5490235803325465, -0.1594353825981023, 0.7689453058785651, -0.008391246622754006], [-0.36441884697907406, -0.053051580374049265, -0.6351279117822248, -0.4440470794991251, -0.5684403608898791, -0.11504053472880194, 0.6324010530598878, 0.32322323545135817, 0.07770767842256879, 0.17073392066097215, 0.29828657361124605, 0.6298834632791797, -0.3494666945086273, -0.018760985404613705]], "inverted": true, "swapped": false, "error_lsq": 0.04120512839802324, "error_max": 0.25408107977638217, "target": "500.xyz", "model": "20.xyz", "model_rescale": 4.067790424073018, "target_rescale": 3.904453611554964},
{"mapping": [4, 7, 5, 1, 13, 8, 0, 2, 6, 11, 12, 3, 10, 14], "R": [[-0.10693690125528477, 0.4749809581120018, -0.8734744349898984], [-0.828581028941546, -0.528153841388089, -0.18576059405905898], [-0.5495616231398319, 0.7038796837940489, 0.45003934618420127]], "T": [0.023893797075248562, 0.028518599427773336, -0.03246347124951418], "aligned_model": [[-0.33800253819831627, -0.5633248109413824, -0.09511767788380063, -0.2334173615370743, 0.4717710473826464, -0.500305383022163, -0.45641814512923035, -0.18672210576985404, 0.38585973662384426, 0.6508243972693533, 0.319369389366609, 0.3725488228371307, 0.463949421870262, 0.06501612420728567], [-0.6552106067827214, 0.48844815762421956, -0.1565629787088283, 0.5753173091814383, 0.16119453596465533, -0.007914617342274194, 0.051391920151047626, -0.5278363966219018, -0.6167864612993851, 0.10228105240223456, 0.5285814976045474, -0.1795690811059662, 0.6601894156296169, 0.09394064166759186], [-0.24226792741431763, -0.015054706071645663, -0.5802291137650178, -0.5875375563445853, -0.5539292607298439, -0.25394876878874506, 0.49025564921176223, 0.4145622454360477, -0.021557514070411413, 0.10735561561132162, 0.4671815418595955, 0.715122113731824, -0.3128736147872182, -0.04319677355994844]], "inverted": true, "swapped": false, "error_lsq": 0.041078680108657055, "error_max": 0.2910617060569885, "target": "500.xyz", "model": "21.xyz", "model_rescale": 4.186013935880536, "target_rescale": 3.904453611554964},
{"mapping": [9, 4, 8, 6, 1, 11, 10, 12, 0, 2, 3, 5, 13], "R": [[0.24878359264940453, 0.6974487485001875, -0.6720654486312904], [0.22980924494706273, 0.6315612810225374, 0.7404850162224976], [0.9409008635160859, -0.3386673759438512, -0.0031580858110549018]], "T": [0.1093047173517143, -0.02451960461792098, 0.027254304496625574], "aligned_model": [[-0.038627488303660515, -0.5253774043278204, 0.42577535214073337, 0.4504821145636767, -0.12957152664534377, 0.6394008255026362, -0.05491447709006676, -0.6333049639968489, 0.37472808973524885, -0.2535366272635017, -0.6377153989223147, 0.3509505310904827, 0.09028500894000406], [-0.27299186046343904, 0.20095957035799467, 0.19248926919678766, -0.5299690448568876, -0.2014496411441985, -0.4604269131040471, -0.702497000246163, -0.44464683988853, 0.7560178819940876, 0.5623554153356266, 0.16270560490622998, 0.23604766532174348, 0.020362552136888368], [-0.5202323286909712, -0.4359725345593687, -0.546192911607231, 0.39485977354524876, 0.5977799137507833, -0.32460737132751666, -0.012840883555348515, -0.2222578982230731, -0.033838651208188776, 0.1838016496719888, 0.4221911000663906, 0.5470079902850529, 0.05318171318757922]], "inverted": true, "swapped": true, "error_lsq": 0.04553022628412052, "error_max": 0.3138724429706227, "target": "500.xyz", "model": "22.xyz", "model_rescale": 4.166573947596378, "target_rescale": 3.904453611554964},
{"mapping": [11, 10, 12, 13, 6, 9, 8, 3, 2, 1, 0, 4, 5, 15], "R": [[0.23215430502147955, -0.3996825338511413, 0.8867684313248444], [0.7784598495288092, -0.47026335641284456, -0.4157555030145841], [0.5831849117831992, 0.7868330494772429, 0.20196314247596028]], "T": [-0.07100199042935934, 0.012472187917550642, -0.06237908907080984], "aligned_model": [[-0.2865678233339386, -0.49337923537210926, -0.11003052837851635, -0.15271699565148306, 0.5387134482011446, -0.6338556039248056, -0.393300444009907, -0.11716325613091358, 0.44654048063770674, 0.6209819381974659, 0.3555892494968208, 0.2171136600690169, 0.372167177102622, -0.008061149827793684], [-0.7057304955896299, 0.6233452053153143, -0.23929763793864486, 0.7201816488194674, -0.06091596392135895, -0.18288317637266963, 0.1124638192072714, -0.4995589849060831, -0.413425267125364, 0.14333883559851268, 0.4382460518954133, -0.1489771013194624, 0.6898992711634839, 0.04077818353802416], [-0.30693911138362295, -0.1591925833471876, -0.6660926662273197, -0.5198538050576182, -0.5117885850009082, 0.011656427407757783, 0.672606979309261, 0.24926151743249697, -0.002626368472871954, 0.04776274636910452, 0.48852225746014516, 0.5939569622834904, -0.2514706463526289, -0.06192119410128081]], "inverted": true, "swapped": false, "error_lsq": 0.04348575424213762, "error_max": 0.23198710078973697, "target": "500.xyz", "model": "23.xyz", "model_rescale": 4.274766983524099, "target_rescale": 3.904453611554964},
{"mapping": [6, 9, 11, 7, 8, 0, 5, 2, 3, 4, 13], "R": [[-0.07062811306056277, 0.9707817209058043, -0.22933495154613798], [0.9973905752817429, 0.07217575236306478, -0.0016435053937936955], [0.014956937676484497, -0.2288525969395817, -0.9733461762853701]], "T": [0.03588898854513804, 0.08706707512474406, -0.0424523002381862], "aligned_model": [[0.11917499280548986, 0.04637826293147321, -0.34806413851184254, -0.47007556529718414, -0.5405016153788804, -0.5375028707068223, -0.06695422584608893, 0.14223519363431408, 0.7195323597758153, 0.2732472395933858, 0.0424250709584151], [-0.2128573516046196, 0.6997670941810414, 0.36911993262969606, -0.20214360167801126, 0.457025992020258, -0.15014479940477304, -0.5316682543361494, -0.10787402691468441, -0.10133767627330191, 0.6389107850369653, 0.056788437587062326], [-0.6828613208071341, -0.1310676188088259, -0.6489585954887827, -0.31327734115191386, 0.041168840467735425, 0.5037829843934117, 0.012518243533331808, 0.629315258585469, 0.4537359667707538, 0.5119581423392389, 0.0032518741882930358]], "inverted": false, "swapped": true, "error_lsq": 0.05040729394001662, "error_max": 0.2959692175008884, "target": "500.xyz", "model": "24.xyz", "model_rescale": 3.7841303162186577, "target_rescale": 3.904453611554964},
{"mapping": [1, 3, 4, 5, 2, 6, 11, 7, 0, 9, 14, 10, 12, 15], "R": [[-0.8743942080514636, 0.39123886720721796, -0.28699637229844394], [-0.2539067759658355, 0.13509752802407254, 0.9577473607587861], [0.41348049294336625, 0.9103190686282465, -0.018790296621208902]], "T": [0.07801466952452571, -0.02733731523101971, 0.021969024619831166], "aligned_model": [[0.019981048371442184, -0.5290731455194729, -0.2820862754593214, -0.02568437948959157, 0.4407987440747858, -0.6306691692972523, -0.43012316036570386, -0.17227631655302303, 0.11778804438911808, 0.6174309145319609, 0.5170680429623592, 0.41763469441917955, 0.2858617123738303, 0.00938016263699891], [-0.6145791272389624, 0.45545774096237573, -0.04112226227480526, 0.5626704029757456, 0.15097298273758838, -0.13522861983597248, 0.14979365302912687, -0.44470389638981106, -0.7572636475227558, 0.19881703597719402, 0.5020987328046653, -0.1697014159543069, 0.6840112027292241, -0.02375839363503152], [-0.4305964920169231, -0.1956434892057094, -0.6313621528966682, -0.6187150981221776, -0.6147304184600882, -0.06832568855042417, 0.5695529315056683, 0.45320575696114, 0.10536912911981403, 0.016965767901015352, 0.41722662242634484, 0.7072761140279324, -0.13913590765320596, 0.012794855282098958]], "inverted": false, "swapped": false, "error_lsq": 0.050247468101065076, "error_max": 0.36211990704423264, "target": "500.xyz", "model": "25.xyz", "model_rescale": 4.19342608120988, "target_rescale": 3.904453611554964},
{"mapping": [9, 10, 11, 2, 8, 4, 0, 3, 6, 12, 1, 13], "R": [[0.38892363413043224, -0.5993812523539744, -0.6996288452753784], [0.8279505625968105, -0.10564047006749737, 0.5507612522495964], [-0.40402508920907765, -0.793462163817847, 0.45517196956655565]], "T": [-0.005351363258000223, 0.04024794544107375, -0.1905002832440392], "aligned_model": [[-0.1394969862381198, 0.49457910242063896, 0.22450529291725674, -0.44371867985397073, -0.4609183055732389, -0.54644698563822, -0.6307931786385879, -0.04216544946127181, 0.663424552872948, 0.08069599954708448, 0.42774908291136843, -0.029605890634106836], [-0.5017387029484983, -0.3135583370319126, -0.6035504627908768, 0.5656854363389092, -0.38595382401253275, -0.06560961076746108, 0.34221015687580036, 0.6385180002153704, -0.010602588637781456, -0.20924138423905414, 0.4669159752009469, 0.08970176953807082], [0.07711779857561099, 0.145832232103301, -0.5475902320693777, -0.010687212004642038, -0.4852867083716478, 0.41303187296951593, -0.6388997059573998, 0.433827411409753, -0.42959844523567464, 0.6583714960517665, 0.01984221007312653, -0.18670225633491058]], "inverted": true, "swapped": true, "error_lsq": 0.05783803651997014, "error_max": 0.47092279803925585, "target": "500.xyz", "model": "26.xyz", "model_rescale": 3.795458400668931, "target_rescale": 3.904453611554964},
{"mapping": [8, 2, 0, 7, 6, 12, 4, 9, 3, 5, 10, 1, 13], "R": [[-0.704843460168139, -0.5487596630542056, -0.4495092088743457], [-0.708375302620763, 0.5110782640121232, 0.4868299895151257], [-0.03741827488203933, 0.6615601561906442, -0.7489579644051212]], "T": [-0.10392315302686467, -0.0522292251857143, -0.15452056287592822], "aligned_model": [[-0.11323355086320466, 0.37150124020334774, 0.5916978167857427, 0.15317792881029718, -0.26692547449994103, -0.7662678539045642, -0.2971317673227086, -0.6114191603717709, 0.050342360737190284, 0.42454035438079335, -0.7354998362960548, -0.04241743788948954, -0.05868823694838103], [-0.6010136853487587, -0.2793307249582884, -0.47086051297821946, 0.08468961439383121, 0.5701911001003986, -0.1525721589050154, -0.652496320343478, -0.40515540876433426, 0.07273499154142601, 0.28484708774111045, 0.24278243626467652, 0.4846411794714271, -0.05657609495786135], [-0.5726558955506991, 0.31768676109505933, -0.3103409565634909, -0.7273568511763832, -0.45954206334071435, 0.42982793316612644, 0.3656632548097082, -0.18994547484087373, 0.6878887803149133, -0.21399976893981465, -0.10647964625422349, 0.19455361863120826, -0.12316302925139014]], "inverted": false, "swapped": true, "error_lsq": 0.04998587574385489, "error_max": 0.31660365470494967, "target": "500.xyz", "model": "27.xyz", "model_rescale": 3.6321398670334006, "target_rescale": 3.904453611554964},
