[{"mapping": [2, 3, 5, 1, 11, 12, 0, 9, 10, 4, 6, 8, 13], "R": [[-0.6033660969062035, -0.7463888852037925, 0.2808077369810423], [-0.4701288633424703, 0.04849199498334883, -0.8812646471264192], [0.6441492101652313, -0.6637410326827589, -0.3801573839566108]], "T": [-0.009671066441350337, -0.05826163087384059, -0.10894184658877451], "aligned_model": [[-0.752696110043502, -0.3968988993057662, 0.3711304038209196, -0.03964072139809412, 0.6426421262724974, 0.21183774839836317, -0.521139072944728, -0.10079588126915258, 0.7213611819848111, -0.3946753161678126, -0.2730815340441162, 0.27806365891023727, 0.05023365542938582], [0.04630533847576468, -0.40932630063712305, -0.7120034346133656, -0.2082304916845361, -0.046455814620298394, 0.2991149466911358, 0.30362473206588947, 0.6667941849763239, 0.633048328100756, 0.09569606107772369, -0.5173700688839862, -0.11395257621873012, 0.043656866250957285], [0.05909915707034202, -0.10602484524186512, -0.11256879173359804, -0.6654086236670542, 0.1388684884607048, -0.506855951302161, -0.5593318700377199, -0.056658925967622426, -0.05316266565934227, 0.7521464086978668, 0.44276518788951646, 0.6154105386879907, 0.003146986471488644]], "inverted": true, "swapped": false, "error_lsq": 0.044254797512496724, "error_max": 0.32065496941229604, "target": "501.xyz", "model": "0.xyz", "model_rescale": 3.8414455957264533, "target_rescale": 3.8095667902532298},
{"mapping": [6, 9, 0, 7, 11, 4, 2, 3, 1, 10, 8, 12, 14], "R": [[0.8062249069625038, -0.5277308287386626, 0.2673977782108644], [0.13431797379881472, 0.6034606607058235, 0.7859986723239882], [-0.5761597706434243, -0.5977753786994708, 0.55740875066043]], "T": [-0.058082770032906454, -0.039405140742548736, -0.033803486438285936], "aligned_model": [[-0.8193750116401581, -0.3855296560452856, 0.5025822256922474, -0.08702969617682835, 0.6860302590208878, 0.03526448027108738, -0.5820322496251714, 0.14777290602515775, 0.6328174124817812, -0.24191308376940243, -0.28620121192724385, 0.20077798607804248, -0.006823120742071649], [0.05848581589168987, -0.611880681325992, -0.18412653227611536, -0.33383388252425433, -0.1534269053122692, 0.2602224790262595, 0.21263233665173253, 0.7129720536137181, 0.4747003309772979, 0.28295611271327215, -0.5129919830575828, -0.14740665155336485, 0.02259927815612036], [0.11069100225066755, -0.2086175941868649, -0.46995466539836667, -0.6042671519024255, 0.36564643448643824, -0.47801831642548137, -0.4882908684877248, -0.10400946971126449, 0.04896361401610457, 0.541236458637118, 0.5560947054171784, 0.6758558166609704, 0.006095128312196919]], "inverted": true, "swapped": false, "error_lsq": 0.05363254515463211, "error_max": 0.3852100703102264, "target": "501.xyz", "model": "1.xyz", "model_rescale": 4.316132596720782, "target_rescale": 3.8095667902532298},
{"mapping": [10, 2, 1, 7, 0, 11, 6, 8, 3, 4, 5, 12], "R": [[0.47954774227604774, -0.5166761418159913, -0.7092811342169529], [0.2799357992891506, 0.8561253736800589, -0.4343792039422746], [0.8316669472537008, 0.009752385314446665, 0.5551891387864039]], "T": [-0.08594296048557556, -0.009441627672609922, -0.023738600213929185], "aligned_model": [[-0.21539593953863598, 0.45986827925433826, 0.14022018455785082, -0.42002025791722675, -0.4863090022904496, -0.4019112317020628, -0.08073922011678217, -0.08808415926405908, 0.43001250558327553, 0.16655912422920657, 0.19275182097600088, -0.09914354913967509], [-0.8262699606499294, -0.1841580594511995, -0.6244146244673939, 0.49384153459181823, -0.2281925547187618, -0.2715140953783487, 0.49767695669082157, 0.7383449306323133, 0.005055872741445087, 0.021925321037680176, 0.412370849540668, -0.02188974282813263], [0.05312852751361393, 0.0855465384490254, -0.425529982764052, -0.075139494300033, -0.5808689414150973, 0.5285041958785471, -0.7641581598579037, 0.5874102712787188, -0.5141903330652466, 0.619576876655719, -0.09555175905153826, 0.030530721887667818]], "inverted": false, "swapped": true, "error_lsq": 0.044380996095156465, "error_max": 0.20998665978614464, "target": "501.xyz", "model": "2.xyz", "model_rescale": 3.795458400668931, "target_rescale": 3.8095667902532298},
{"mapping": [9, 7, 8, 3, 11, 2, 5, 0, 6, 1, 4, 12], "R": [[0.8279901755876907, 0.5606930682637393, 0.0074533436294667715], [-0.5327655214018111, 0.7907559014814699, -0.30143988368775054], [-0.17490902874271969, 0.2456183777188139, 0.9534560525745571]], "T": [0.08399997705689613, 0.06658718133398035, 0.02890800045723551], "aligned_model": [[0.17554043836235655, -0.20262057413542992, -0.8723558814104472, 0.36350231315974857, -0.08363599598991972, 0.0757788566348395, -0.193190956433152, 0.6688672600752174, 0.24111412906523955, 0.7772033004778849, -0.413175060198507, 0.056275996135734724], [-0.1604822257229918, -0.4463659314776308, -0.058651194587667474, -0.006265813083093277, 0.42982546457996196, 0.4933060939217029, -0.12909935997811994, -0.3053639578381483, -0.7114236117458747, 0.33138042578784527, 0.5473552132449881, 0.10155394218873728], [-0.6729162010341461, -0.12032804640160935, -0.01999072971203411, 0.6797029052152206, -0.5309546279670118, 0.4266797507254052, 0.41051727821287, -0.1663399545238746, 0.4477538084987247, 0.22923663082224843, 0.012322679862432372, -0.006912063059124944]], "inverted": true, "swapped": true, "error_lsq": 0.056586297609586715, "error_max": 0.30043599291112716, "target": "501.xyz", "model": "3.xyz", "model_rescale": 3.7530521520055578, "target_rescale": 3.8095667902532298},
{"mapping": [2, 11, 10, 9, 1, 7, 3, 5, 6, 0, 12], "R": [[-0.7863066403555969, -0.28541061259283496, 0.5479622701902719], [-0.16694936085840711, 0.9520640708163057, 0.25632384978704914], [-0.5948527366009703, 0.11006719438627963, -0.7962634202814227]], "T": [-0.17423377084438546, -0.026562198504645015, -0.08916536470917544], "aligned_model": [[-0.42747812073711067, 0.010552043905745379, 0.4525170026983654, 0.3200059681388755, 0.2595810626591942, -0.3031154129489385, -0.33052862848513515, -0.6175441017658099, -0.2726924829867299, 0.42336020041271744, -0.17645792844596844], [-0.5513781644318544, 0.04646196649283428, -0.4646678676896363, 0.4667850734236201, -0.6062028302481808, 0.5552633465750054, -0.4122030699711881, 0.0395840924235072, 0.293258992918746, 0.12440051355341424, -0.024098694731921427], [-0.11770452460827832, -0.7479610132789718, -0.41339066470415664, -0.3437884806412004, 0.1689030338181264, 0.02224465015560656, 0.4886028920088826, 0.15548601097414025, 0.7435637325029775, 0.2831662854177286, -0.14629114439953833]], "inverted": false, "swapped": true, "error_lsq": 0.056562876623540155, "error_max": 0.2927136150136078, "target": "501.xyz", "model": "4.xyz", "model_rescale": 3.7855080009869324, "target_rescale": 3.8095667902532298},
{"mapping": [4, 0, 3, 5, 14, 10, 7, 8, 15, 11, 1, 12, 16], "R": [[0.9802521455428004, -0.1742084267873262, -0.09357967297988033], [0.19375964597854725, 0.7515116281405785, 0.6306246683723726], [-0.03953391896845758, -0.6363031485116051, 0.7704254489859571]], "T": [0.034370666926785004, 0.05370164885114307, 0.048142609089794154], "aligned_model": [[-0.6778913943006282, -0.31719511387146193, 0.28846101569653027, -0.2588642048220947, 0.6368826575053343, 0.2249884292013338, -0.4726051045214408, 0.10882730826046524, 0.6765490732092079, -0.3295191415621822, -0.32299618481173764, 0.1553600218752182, 0.08434387778449812], [-0.13313074952755613, -0.6249643555451123, -0.42999954619966835, -0.2756838963767055, -0.049761350094311214, 0.2999129780829262, 0.3139197514571834, 0.738642949845606, 0.5601375511694179, 0.19043549911426708, -0.48368968263268947, -0.06172148183823369, 0.03680410352538809], [-0.020974645756500924, -0.10770295410997807, -0.38067886188353084, -0.6305485704644079, 0.3379220210416377, -0.6106510795090315, -0.43830531013331964, -0.09545925968962113, -0.054071274671160956, 0.7419179976489619, 0.44387412048849517, 0.7077670021356987, 0.05833590857130445]], "inverted": false, "swapped": false, "error_lsq": 0.045103148515334854, "error_max": 0.2342613209273512, "target": "501.xyz", "model": "5.xyz", "model_rescale": 4.2253639853439635, "target_rescale": 3.8095667902532298},
{"mapping": [9, 8, 5, 11, 2, 6, 12, 7, 3, 0, 1, 4, 13], "R": [[0.5723831854943134, 0.7709216949823843, -0.2793872387366154], [-0.8186923490936555, 0.5564184977735896, -0.14192002279768035], [0.04604700314781248, 0.30996482952243143, 0.9496322856559983]], "T": [-0.017440958934454714, -0.09926520629986621, 0.03196971597434622], "aligned_model": [[-0.6187509251628392, -0.3847828431276108, 0.31055827736751573, -0.1233223187890504, 0.6433711594726971, 0.34741810867121736, -0.49248849749814894, -0.04584864873414457, 0.40908686207380973, -0.4063610790056834, -0.21316325343791107, 0.3470530988376125, 0.023571298975578227], [-0.14485597885215856, -0.7203648526678266, -0.4764264113116068, -0.10904986084926832, -0.21364080051064943, 0.24027239046241236, 0.4606138553914354, 0.6829233209719273, 0.44947412446030144, 0.43015141941161084, -0.41363183935994996, -0.04888486477337503, -0.05567873139234084], [0.12654367358365531, -0.12664946633885213, -0.3564980341286717, -0.7389045844040482, 0.05239469216565067, -0.3746136694386896, -0.5444060614948972, -0.09751127487581279, 0.17328014545910614, 0.4918847363320798, 0.6656669507884454, 0.6365499135023938, 0.043688072518186946]], "inverted": true, "swapped": false, "error_lsq": 0.05195310073870188, "error_max": 0.39800682255211667, "target": "501.xyz", "model": "6.xyz", "model_rescale": 3.89814844738969, "target_rescale": 3.8095667902532298},
{"mapping": [8, 11, 4, 7, 2, 0, 3, 6, 1, 9, 11, 10, 12], "R": [[0.6504926038126455, 0.3981749735355973, -0.6467735792647775], [-0.7007083704568816, -0.013927665687814669, -0.7133118530489665], [-0.29303097439811115, 0.9172037454014322, 0.26994469334454174]], "T": [0.026537112723286183, 0.02774547554737506, -0.06351186672220908], "aligned_model": [[-0.6467139227439602, -0.4270991817126841, 0.3614298190323524, -0.14654931342632768, 0.7109415985591698, 0.28633779730106435, -0.394632812420305, -0.24758226600356503, 0.594593005659645, -0.3134534243325931, -0.4270991817126841, 0.32012230501115024, 0.12604681643177984], [0.05236334889798689, -0.5812655292479199, -0.5186712568038643, -0.2793040339824312, -0.03909871006358336, 0.3435599165515329, 0.4036838013373497, 0.6450322654911994, 0.6528795516621159, 0.2316878786500076, -0.5812655292479199, -0.19363955602583785, -0.05506037623812434], [-0.0017560907275072785, 0.21695217309686876, -0.13258732004578574, -0.6176204908440647, 0.10581089943371559, -0.4922020002854369, -0.641152071370989, -0.028994679770888904, -0.027228242119830978, 0.7369628736436518, 0.21695217309686876, 0.5718620906578145, 0.04442577890413006]], "inverted": false, "swapped": false, "error_lsq": 0.050775693422895944, "error_max": 0.34180972445774166, "target": "501.xyz", "model": "7.xyz", "model_rescale": 3.7474275329858107, "target_rescale": 3.8095667902532298},
{"mapping": [0, 5, 9, 7, 4, 11, 10, 12, 13, 1, 3, 2, 14], "R": [[-0.8687865365918037, 0.07845288724677268, -0.48893261122517073], [-0.18979921849502623, -0.9647202432208257, 0.18245851303413668], [-0.4573687904694592, 0.25131652711788793, 0.8530262555759394]], "T": [-0.038971502441871864, 0.015472324075808005, -0.0011290542775749916], "aligned_model": [[-0.6572645378908738, -0.14193052568710068, 0.34244864425503874, -0.2331893433421937, 0.6475778044202787, 0.15946039386192923, -0.5482374112984628, 0.03343563287767304, 0.6731791176242633, -0.26962788874839166, -0.36743945189465044, 0.16118063704740804, -0.003251831581875461], [0.06979150202065756, -0.6685116432300191, -0.3917586814208277, -0.2680234020149631, -0.06731933201333323, 0.17205562629316068, 0.2728429756995155, 0.6109842292469413, 0.5595158138760283, 0.38309087289242777, -0.5185379139283764, -0.10963013012439327, 0.03640185368369346], [0.2201770388369541, -0.18710441829888108, -0.5198023810877213, -0.589165817999284, 0.364960329308789, -0.5690959613996833, -0.5008008880320112, -0.14523108880040858, 0.06936920270786688, 0.6124310927918322, 0.3468313010412651, 0.8068796046245412, 0.041977079975287046]], "inverted": true, "swapped": false, "error_lsq": 0.050903835259883214, "error_max": 0.2747548492415788, "target": "501.xyz", "model": "8.xyz", "model_rescale": 4.019505241142653, "target_rescale": 3.8095667902532298},
{"mapping": [7, 4, 5, 3, 6, 2, 0, 1, 10, 9, 8, 11, 12], "R": [[0.35595077548505444, 0.9030614192064981, -0.2403728740360146], [-0.9341922975115118, 0.3372086207272585, -0.11651221986290886], [-0.024161885310366518, 0.2660271024688372, 0.9636626920506384]], "T": [0.043911170408704354, 0.05507606320299757, 0.0029256829513814647], "aligned_model": [[-0.8538822211144542, -0.5225217080293514, 0.2848575344008567, -0.0035055784963408873, 0.769944195304733, 0.22597074849213064, -0.47120807213569954, -0.07163724215533418, 0.5901873246682197, -0.13695340478555082, -0.3313909435916673, 0.26149900679756727, 0.05498160028793388], [0.0012199287542329837, -0.4880926131711211, -0.5584074211367205, -0.41455480833128805, 0.05353682605688709, 0.1479427915520659, 0.13898844834209367, 0.7202208269175261, 0.7163533074219475, 0.2542590876500683, -0.24897630051668634, -0.2596437906656495, 0.018055488107155973], [0.1061271024923783, -0.26487322383034395, -0.12398997117890084, -0.7151685338245162, -0.027660514527676365, -0.5522339724726085, -0.3847042380452275, -0.020232681145227853, 0.32304211143235445, 0.6313794916297616, 0.47498226295999313, 0.49369698511716636, 0.011060275061393898]], "inverted": false, "swapped": false, "error_lsq": 0.0686536092204448, "error_max": 0.3969870328839059, "target": "501.xyz", "model": "9.xyz", "model_rescale": 3.877068213659057, "target_rescale": 3.8095667902532298},
{"mapping": [8, 0, 3, 5, 6, 4, 7, 2, 13, 9, 11, 10, 15], "R": [[-0.6194857455434715, 0.2946040418823951, -0.7276303110611909], [0.7835585295160795, 0.17575680532694493, -0.5959409167055623], [-0.047680623853392334, -0.9393178396516393, -0.33971834542916424]], "T": [0.04927748687091637, -0.0012740662909682945, 0.007560988306497479], "aligned_model": [[-0.7071216430853112, -0.4116323300030946, 0.49345074242499043, 0.030367460199148648, 0.5976807019532112, 0.09450657176562882, -0.5023959420908911, -0.06541163057449323, 0.6361169872376646, -0.25449747661012095, -0.2923656139333034, 0.17674630241355246, 0.0008971099460607715], [0.06542073920249161, -0.6454773712801727, -0.14032607121230012, -0.5074879200131721, -0.2182370656347533, 0.3152304361143623, 0.3929663041095681, 0.6522512208284676, 0.4978415175969928, 0.3397609984276832, -0.46245997123162635, -0.13173901247150507, -0.0768420334555239], [0.14443719124093507, -0.07200205703455265, -0.4238738291411422, -0.5877417812431814, 0.18779845868377176, -0.5889873413212973, -0.4468810074870008, 0.01787909785025856, 0.07191571379854164, 0.48407033773638297, 0.4715036884545311, 0.6930836927752447, 0.00022292935605482903]], "inverted": true, "swapped": false, "error_lsq": 0.05289512886751732, "error_max": 0.38761518780857657, "target": "501.xyz", "model": "10.xyz", "model_rescale": 4.260839863003843, "target_rescale": 3.8095667902532298},
{"mapping": [11, 4, 5, 2, 3, 1, 10, 9, 7, 6, 0, 12], "R": [[0.08342641396318123, -0.4613599124745441, -0.8832819847674493], [0.8588400983573504, 0.4828316051428046, -0.17107696083564122], [0.5054045101765323, -0.7443256493207149, 0.436515301972927]], "T": [0.016705092521875742, -0.07330572546180966, -0.046295169713450504], "aligned_model": [[0.5407575364330841, 0.06157794454854204, -0.27111938659853047, -0.42857937044106825, -0.6590348989761412, -0.3514973834546112, 0.1763952656466023, 0.712046237961881, 0.2910669532859563, -0.3091673297283786, 0.14456121198389882, 0.051891868432895574], [-0.1374404626628718, -0.5692133641270962, -0.41468854974637237, -0.16915135816790539, 0.07578791452548136, 0.5610019543332702, 0.5101889803814875, 0.15862135088005946, -0.3128831351696733, 0.01800646599088976, 0.5472095411839032, -0.0943608318882389], [-0.4875952989857948, -0.5265638779395229, 0.20143152128191993, -0.41086936549178055, 0.12136422652499713, -0.2762050957540568, -0.6154244445935432, 0.07702516191897289, 0.4383406400516876, 0.7849007818724744, 0.2959806973538837, -0.08620686884373299]], "inverted": true, "swapped": true, "error_lsq": 0.056716010469975923, "error_max": 0.33052301480841906, "target": "501.xyz", "model": "11.xyz", "model_rescale": 3.890672605050136, "target_rescale": 3.8095667902532298},
{"mapping": [8, 5, 12, 7, 10, 4, 3, 0, 4, 6, 9, 11, 13], "R": [[0.3718003541096637, 0.8743921979979534, 0.31177360498322637], [0.6771972602447855, -0.025754181109078234, -0.7353506598027618], [-0.6349554058364137, 0.4845358668207226, -0.6017114145197898]], "T": [-0.06635513684767361, 0.06931078975966683, 0.18744804146049074], "aligned_model": [[-0.7312215867849274, -0.3657263686096862, 0.2774813722603129, -0.16845236696578142, 0.7796852849906857, 0.3857304462396637, -0.2884551546434796, -0.21840219797493496, 0.3857304462396637, -0.43185877298333997, -0.11049502552984818, 0.2945465683650502, -0.012221404960335608], [0.14345785165639224, -0.6028198510020936, -0.46524042779313174, -0.26284321601953103, -0.21143757718016482, 0.38969676543616494, 0.515851786022175, 0.6168456810045994, 0.38969676543616494, 0.12200930927484484, -0.615405187278701, 0.028476413112859242, 0.0326134583109329], [-0.08021940668748531, -0.06472144356404633, -0.20134958914227805, -0.5911494426886966, 0.11718807050439864, -0.24153738484154805, -0.5899423860301135, 0.026881003064752274, -0.24153738484154805, 0.6298147467560771, 0.5549206486530812, 0.6007816558129494, 0.032296006673003586]], "inverted": false, "swapped": false, "error_lsq": 0.05819531685126168, "error_max": 0.49206359093248053, "target": "501.xyz", "model": "12.xyz", "model_rescale": 4.124412569039231, "target_rescale": 3.8095667902532298},
{"mapping": [4, 2, 8, 1, 9, 6, 1, 0, 3, 5, 10, 7, 12], "R": [[0.6323031097966131, -0.10954756478603367, 0.7669368346813068], [0.6634986156594789, 0.5876401714448075, -0.46308597033625687], [-0.3999529526825467, 0.801672227256107, 0.4442513654303671]], "T": [0.06328325485925371, 0.06066291001199691, 0.0911856150435951], "aligned_model": [[-0.7208198169379942, -0.4455952390793323, 0.23979543675556877, -0.24444083166504263, 0.6679381768303526, 0.4363162337768517, -0.24444083166504263, -0.20335055193359905, 0.4900146756629258, -0.28917834928012576, -0.16165315099862268, 0.2730773790972951, -0.0013218909201925116], [0.022901381329177954, -0.5635668608255698, -0.473233490256504, 0.08033797714630148, -0.14013212304458256, 0.10772690828719013, 0.08033797714630148, 0.575043883496526, 0.6215260510757064, 0.3357225121102909, -0.5204292242786828, -0.0074526037731742, -0.03788061743246927], [0.13627103950852895, -0.21504205394762485, -0.354565665740859, -0.6623282051447149, 0.14329177625629244, -0.46220772742656435, -0.6623282051447149, 0.05823078859457331, -0.018751672811598438, 0.7026256464229905, 0.486590745362809, 0.6780624136419207, 0.12157621409750827]], "inverted": true, "swapped": false, "error_lsq": 0.0560415056561175, "error_max": 0.4129106600431568, "target": "501.xyz", "model": "13.xyz", "model_rescale": 3.9028299243045295, "target_rescale": 3.8095667902532298},
{"mapping": [3, 6, 11, 1, 14, 12, 2, 5, 13, 4, 7, 10, 15], "R": [[-0.5095495334571567, -0.6530161036646431, -0.5602938883373997], [-0.8470745114038414, 0.4950382053051933, 0.19339583092237772], [0.15107628895209746, 0.5731554271250179, -0.8053997835072971]], "T": [-0.12063758813955769, 0.08656494859908247, -0.05455845611301611], "aligned_model": [[-0.6973768790001472, -0.4116737142714736, 0.38466653080330915, -0.11221223890206203, 0.6852399701009538, 0.36258004997614013, -0.5805154280476053, 0.047237456093951385, 0.5731824822142402, -0.36910499989187207, -0.20045914645659815, 0.21924528828215548, -0.10446813125794921], [-0.06550735784870211, -0.4975988347732425, -0.31431271365359825, -0.2638927755410018, -0.22741800379506183, 0.36099412080224835, 0.2458973012570274, 0.5421016257664056, 0.4430301455041401, 0.3290206821314976, -0.48730359999598427, 0.030712805454316552, -0.01482162432753352], [0.12692225698737555, -0.19042202640136066, -0.4148660131030479, -0.601648167973498, 0.13259581050444683, -0.4734016637918059, -0.6070757348598234, 0.10794120214540623, 0.10099740255172082, 0.5275432845278044, 0.6418116779381229, 0.6062840141250986, -0.005256948981893238]], "inverted": true, "swapped": false, "error_lsq": 0.04793633920545156, "error_max": 0.2636266545878887, "target": "501.xyz", "model": "14.xyz", "model_rescale": 3.942246331269136, "target_rescale": 3.8095667902532298},
{"mapping": [13, 12, 0, 8, 2, 6, 11, 10, 9, 3, 1, 5, 14], "R": [[-0.10196747710847814, 0.6579403397013139, -0.7461348021677127], [0.8781726719496195, 0.41190361094700795, 0.2432039751518922], [0.4673493252942581, -0.6304362970852294, -0.6197859981190817]], "T": [-0.04112470807436051, 0.09966328897285404, -0.009721772842182695], "aligned_model": [[-0.8199709502139035, -0.5588117590495462, 0.3224113070154736, -3.8236040183582676e-05, 0.6286823561379858, 0.17481798455944744, -0.4010666483757328, -0.06420026506588242, 0.6163993178583606, -0.33383161299336217, -0.059178870476318014, 0.2999372507802333, -0.008808634493529817], [-0.0458306031033173, -0.5079757592099148, -0.519119075030772, -0.2241221484423188, -0.23100841357338298, 0.3278922960176962, 0.40338975951140016, 0.8099905523203186, 0.5642191350559357, 0.0016527019076752053, -0.5023800654238468, -0.003807255036157614, 0.008000645987195937], [-0.19182038617835273, 0.165923217234115, -0.1699323673699649, -0.71137397915343, 0.14732166225109625, -0.4723984020118513, -0.5503723581214656, 0.052753931699620206, -0.006210743987266863, 0.6393271645550865, 0.5323661189496843, 0.5153973992834033, 0.00044383651787225503]], "inverted": false, "swapped": false, "error_lsq": 0.055982556506457774, "error_max": 0.35353708544609813, "target": "501.xyz", "model": "15.xyz", "model_rescale": 4.355366556412066, "target_rescale": 3.8095667902532298},
{"mapping": [10, 2, 1, 7, 0, 11, 6, 8, 3, 4, 5, 12], "R": [[0.47954774227604774, -0.5166761418159913, -0.7092811342169529], [0.2799357992891506, 0.8561253736800589, -0.4343792039422746], [0.8316669472537008, 0.009752385314446665, 0.5551891387864039]], "T": [-0.08594296048557556, -0.009441627672609922, -0.023738600213929185], "aligned_model": [[-0.21539593953863598, 0.45986827925433826, 0.14022018455785082, -0.42002025791722675, -0.4863090022904496, -0.4019112317020628, -0.08073922011678217, -0.08808415926405908, 0.43001250558327553, 0.16655912422920657, 0.19275182097600088, -0.09914354913967509], [-0.8262699606499294, -0.1841580594511995, -0.6244146244673939, 0.49384153459181823, -0.2281925547187618, -0.2715140953783487, 0.49767695669082157, 0.7383449306323133, 0.005055872741445087, 0.021925321037680176, 0.412370849540668, -0.02188974282813263], [0.05312852751361393, 0.0855465384490254, -0.425529982764052, -0.075139494300033, -0.5808689414150973, 0.5285041958785471, -0.7641581598579037, 0.5874102712787188, -0.5141903330652466, 0.619576876655719, -0.09555175905153826, 0.030530721887667818]], "inverted": false, "swapped": true, "error_lsq": 0.044380996095156465, "error_max": 0.20998665978614464, "target": "501.xyz", "model": "16.xyz", "model_rescale": 3.795458400668931, "target_rescale": 3.8095667902532298},
{"mapping": [8, 11, 4, 7, 2, 0, 3, 6, 1, 9, 11, 10, 12], "R": [[0.6504926038126455, 0.3981749735355973, -0.6467735792647775], [-0.7007083704568816, -0.013927665687814669, -0.7133118530489665], [-0.29303097439811115, 0.9172037454014322, 0.26994469334454174]], "T": [0.026537112723286183, 0.02774547554737506, -0.06351186672220908], "aligned_model": [[-0.6467139227439602, -0.4270991817126841, 0.3614298190323524, -0.14654931342632768, 0.7109415985591698, 0.28633779730106435, -0.394632812420305, -0.24758226600356503, 0.594593005659645, -0.3134534243325931, -0.4270991817126841, 0.32012230501115024, 0.12604681643177984], [0.05236334889798689, -0.5812655292479199, -0.5186712568038643, -0.2793040339824312, -0.03909871006358336, 0.3435599165515329, 0.4036838013373497, 0.6450322654911994, 0.6528795516621159, 0.2316878786500076, -0.5812655292479199, -0.19363955602583785, -0.05506037623812434], [-0.0017560907275072785, 0.21695217309686876, -0.13258732004578574, -0.6176204908440647, 0.10581089943371559, -0.4922020002854369, -0.641152071370989, -0.028994679770888904, -0.027228242119830978, 0.7369628736436518, 0.21695217309686876, 0.5718620906578145, 0.04442577890413006]], "inverted": false, "swapped": false, "error_lsq": 0.050775693422895944, "error_max": 0.34180972445774166, "target": "501.xyz", "model": "17.xyz", "model_rescale": 3.7474275329858107, "target_rescale": 3.8095667902532298},
{"mapping": [0, 8, 10, 3, 12, 11, 1, 2, 7, 6, 4, 9, 13], "R": [[0.48754422922195273, -0.6045407097051194, -0.6299453586316853], [-0.6335110940786863, -0.7414323867395949, 0.22122773237741655], [-0.6008030611037182, 0.2912190690920814, -0.7444643279335443]], "T": [0.03692124961474739, -0.01675380561963833, -0.03213347979698884], "aligned_model": [[-0.7911063810458758, -0.3556171849349576, 0.3478686839341748, -0.1698614899897794, 0.7541837798414771, 0.4263817683003175, -0.2522387614659661, -0.2947280972874528, 0.5045689702336086, -0.2542516694475886, -0.3350236294823256, 0.26064231631794094, -0.04447706533053016], [0.05337544349743439, -0.6084848822278434, -0.5518418318917985, -0.21300660647130726, -0.07678243062658502, 0.11882632377605232, 0.4179435027369711, 0.5618790904556236, 0.5725932669323452, 0.1587676319752302, -0.4670624784688657, 0.07909834648765973, 0.03559639480559522], [0.06057316538931411, -0.1444827637113133, -0.33779974828892784, -0.6480189545962863, 0.17076538719350182, -0.6251555659828821, -0.48594308184282164, 0.21081796820977194, -0.0694821010658903, 0.660260459813751, 0.557870696536397, 0.591152502000821, 0.010867130013110557]], "inverted": true, "swapped": false, "error_lsq": 0.05371127527582072, "error_max": 0.3259344961206704, "target": "501.xyz", "model": "18.xyz", "model_rescale": 3.922800546911778, "target_rescale": 3.8095667902532298},
{"mapping": [8, 1, 2, 0, 9, 3, 5, 12, 7, 13, 6, 11, 14], "R": [[0.8550714513397988, 0.5175548620222966, -0.031460735858077474], [-0.2651721886595729, 0.48862829524636425, 0.8312196457291682], [0.4455743747851104, -0.7024096766714661, 0.555053261095856]], "T": [-0.09149326481823034, -0.05106007611348019, 0.08674449062473956], "aligned_model": [[-0.680044245396876, -0.38687238433353377, 0.3758375113608738, 0.00661721454994256, 0.7073958493847992, 0.2584785500279937, -0.5439862145181978, -0.17142155801923442, 0.4789276421884752, -0.1583417827234949, -0.42363173907285084, 0.3466674230389443, -0.013285026843798314], [0.03110690143954198, -0.6322608228990191, -0.5325608087597952, -0.11911474739279705, -0.2008183575912615, 0.22793729036433263, 0.18581681321434473, 0.696720112932816, 0.5045718817506933, 0.419290563724291, -0.5767418866356254, 0.07157057941483767, 0.005384251418152908], [0.23250794654334334, -0.2638833628412133, -0.16403021480761493, -0.740410592314421, 0.04100800353068955, -0.37023411051188987, -0.480417911126215, -0.14358201975210172, 0.15080801619372552, 0.5828445793953968, 0.3852582087669446, 0.6346683418212605, 0.08688820877064116]], "inverted": false, "swapped": false, "error_lsq": 0.05488902146982565, "error_max": 0.308240995495234, "target": "501.xyz", "model": "19.xyz", "model_rescale": 3.9282355846067225, "target_rescale": 3.8095667902532298},
{"mapping": [1, 2, 7, 5, 9, 6, 3, 4, 8, 0, 10, 11, 13], "R": [[0.26995739393556434, 0.8543802289728583, 0.4440241320016343], [-0.8803054310953294, 0.40583304078918064, -0.24568657062988514], [-0.39010941214431744, -0.32455194860621844, 0.8616731858496711]], "T": [0.11593070006498155, -0.01858446231770359, -0.05850163160848203], "aligned_model": [[-0.6261178579504776, -0.36135255094961805, 0.35169541428266876, -0.2954716885878641, 0.6680174749478196, 0.20733545815932222, -0.4409694409977698, 0.07560651843424851, 0.7009765426432818, -0.4461850989637667, -0.12477502688514469, 0.11299703340387524, -0.02541553789353268], [-0.11484022295460122, -0.682006611857208, -0.5038988641280352, -0.11628738857699439, -0.07379011431770796, 0.20324504687935635, 0.4414414539709177, 0.5876831286771012, 0.46645562318488065, 0.29175462974248795, -0.5702275313075468, 0.204865876683457, -0.05349325501559559], [-0.01850710200751575, -0.1623667372079841, -0.3699220986702264, -0.6142824922538414, 0.3545084823409291, -0.666186494925128, -0.2696732640988783, 0.11522635527037385, -0.02565263366823964, 0.41890015370276545, 0.5579276234081368, 0.6222512684412663, 0.009202033336888862]], "inverted": false, "swapped": false, "error_lsq": 0.05755759517462321, "error_max": 0.36703419765154127, "target": "501.xyz", "model": "20.xyz", "model_rescale": 4.067790424073018, "target_rescale": 3.8095667902532298},
{"mapping": [8, 1, 13, 5, 11, 6, 4, 2, 3, 0, 9, 12, 14], "R": [[0.2176282312133746, -0.6668286444776649, 0.7127254112791392], [-0.25174705566801414, -0.7438696463768293, -0.6190972210902718], [0.9430065603915085, -0.044693490614306386, -0.3297591832766529]], "T": [-0.0329665325629063, -0.01839212724959241, -0.00829235183041022], "aligned_model": [[-0.5955020828987188, -0.45110126674276607, 0.253037681765223, -0.2871338521380379, 0.6050759544964718, 0.34383886599649893, -0.4105961463077231, -0.09383815103413809, 0.5113567107746302, -0.3559940301632051, -0.08967512023578864, 0.3657178427859046, 0.0011548333446916859], [-0.026955640351574772, -0.7234942050117824, -0.5556407055501968, -0.2239152762281781, -0.11281096054118808, 0.37360042070389277, 0.40977809898628614, 0.7221336651355119, 0.5522526087721273, 0.41519423203627726, -0.5597167922630008, -0.1083178054778999, -0.0812058692297629], [-0.1012886828160477, 0.02775629983091193, -0.3542534183938697, -0.4998463465774826, 0.03664229633873875, -0.5102051297717514, -0.5709100079027519, -0.04876615096069037, 0.3108029453208118, 0.4522661508120582, 0.5465063887964575, 0.6397647507042312, 0.02295599828793082]], "inverted": false, "swapped": false, "error_lsq": 0.05291418563041444, "error_max": 0.3715541536162503, "target": "501.xyz", "model": "21.xyz", "model_rescale": 4.186013935880536, "target_rescale": 3.8095667902532298},
{"mapping": [9, 1, 0, 2, 6, 5, 8, 11, 3, 10, 7, 4, 12], "R": [[0.36530599355821847, -0.9308199424837205, 0.011214532760946638], [0.6063652308517149, 0.24707796168416407, 0.7558264930949068], [-0.7063092367260881, -0.26930784527117335, 0.6546759095848942]], "T": [-0.05184420671295863, 0.006652355573465161, -0.015700387690331545], "aligned_model": [[-0.6681166331386514, -0.29423030131683636, 0.2966321255715468, -0.15282278891728038, 0.4384080124572873, 0.4182012032764707, -0.5390880444760021, -0.09277200988887409, 0.769929955669064, -0.46082072573610466, -0.07989124205741757, 0.17973395017608515, -0.01882226197624482], [0.025884266533401493, -0.678171349790826, -0.556136184784866, -0.08219043512269186, -0.1506670060909128, 0.17875290330117313, 0.3916630372578756, 0.635679966445945, 0.4262239955949187, 0.06581085092489064, -0.4658184639328332, 0.25519139311884725, 0.03467879752558967], [0.05702643175442516, -0.1016579914618913, -0.3048746356538205, -0.7448159391239265, 0.19585629280299738, -0.605596556634111, -0.4651760246880029, 0.024488645628630686, 0.015692599864549496, 0.7092395490998353, 0.54493178085183, 0.6263401506219733, -2.9209393942863232e-05]], "inverted": false, "swapped": false, "error_lsq": 0.057127539045546856, "error_max": 0.31621257129246416, "target": "501.xyz", "model": "22.xyz", "model_rescale": 4.166573947596378, "target_rescale": 3.8095667902532298},
{"mapping": [7, 5, 6, 1, 12, 2, 4, 3, 11, 10, 13, 14, 15], "R": [[-0.9609813776792256, -0.21379492474942807, 0.1755178677660031], [-0.23475523190835645, 0.9659578859275614, -0.1086984070996917], [-0.1463037007235003, -0.1456608827576673, -0.9784570171391617]], "T": [-0.03508199158091874, 0.16029694815238865, 0.0179673338088143], "aligned_model": [[-0.6758165764304088, -0.38412556351218885, 0.3403008903178927, -0.19327016301019057, 0.5641161041908126, 0.23967870244622264, -0.3685432762375718, 0.11698480928190677, 0.648045910806699, -0.41571751796947515, -0.22934743565125099, 0.20869694184552226, -0.05466158643492729], [-0.1165304640809336, -0.5922578953406177, -0.39384776927375104, -0.22250723928445038, -0.03269194930104238, 0.17036721624086693, 0.49571778589258064, 0.6754640844779021, 0.5540614210411832, -0.03262477380422224, -0.48968317988084537, -0.04458881232223266, 0.11002334661607405], [0.17358039002251954, -0.035807880091483724, -0.3441361819058369, -0.5621503416397331, 0.1998966682012017, -0.596210482387311, -0.5443047947992078, -0.2520422248026911, 0.03743875636873617, 0.6334663495288082, 0.5245242499572386, 0.7422403624329988, -0.025069777216692863]], "inverted": true, "swapped": false, "error_lsq": 0.050056561670572805, "error_max": 0.3484500220729946, "target": "501.xyz", "model": "23.xyz", "model_rescale": 4.274766983524099, "target_rescale": 3.8095667902532298},
{"mapping": [11, 4, 8, 7, 5, 6, 0, 3, 1, 2, 12], "R": [[0.011236110837481926, 0.893157470679105, -0.4496036948061605], [-0.93221194441294, 0.172015941306026, 0.3184201730896576], [0.36173835918671043, 0.41554813019276743, 0.8345448525910404]], "T": [0.02393653597591612, 0.027697254251646916, -0.024992873006098766], "aligned_model": [[0.36086797874698723, 0.17733381365852913, -0.5550318302524151, -0.518509084379982, -0.36070555394076165, -0.6352063248819179, 0.050680163583635765, -0.0328113108320021, 0.5542046088840649, 0.2923913237493747, 0.046680919622562225], [0.050553589673041535, 0.6118987342452419, 0.5792651899456515, -0.13063796570708291, 0.3034371801724691, -0.28244485696391247, -0.6649263426945182, 0.13167235246354358, -0.1947977670345708, 0.4646724421802404, 0.046893974963380027], [-0.6245300473199661, -0.3622967375104716, -0.5665283823326982, -0.24459783895244241, 0.16676643666793872, 0.4991826907651239, 0.17019033307659318, 0.6770982774693451, 0.4849969370993129, 0.25315042558066037, -0.07386566052181834]], "inverted": true, "swapped": true, "error_lsq": 0.0492972555057057, "error_max": 0.2859974563365708, "target": "501.xyz", "model": "24.xyz", "model_rescale": 3.7841303162186577, "target_rescale": 3.8095667902532298},
{"mapping": [3, 4, 8, 2, 0, 9, 12, 14, 10, 11, 6, 7, 15], "R": [[-0.17511088890173085, 0.3821541204678569, -0.9073557212017153], [-0.15268337977398905, 0.8999053872580511, 0.4084826551087931], [0.9726376314583135, 0.21006789900738304, -0.09923464958262507]], "T": [0.02669919254550334, -0.011635498012984342, -0.005763110963109001], "aligned_model": [[-0.7519370022461404, -0.3565131347766083, 0.3849167753869005, -0.0931124059216521, 0.6376700750278022, 0.15414612191401417, -0.45322359351017777, -0.01968972170262607, 0.528425720262615, -0.23612784537043352, -0.3153376842363339, 0.3345184663416537, -0.017394531525971105], [-0.13182330535448647, -0.6408312060113248, -0.3394431931068967, -0.2561560259957345, -0.337171027559938, 0.3080532206647214, 0.3367104053564815, 0.7379170375264615, 0.5478202021659282, 0.3086995398919321, -0.39976460295349825, -0.011300345616645153, -0.04180892802648925], [0.1624107715513377, -0.12393847253730997, -0.34292785114118063, -0.7090752182064042, 0.24337771088866794, -0.4787294013801622, -0.4785222012600588, -0.2613370286695703, 0.19556973831750865, 0.6405610962220131, 0.4986107831496128, 0.566995775875621, 0.038429390858471274]], "inverted": false, "swapped": false, "error_lsq": 0.05032595179543729, "error_max": 0.2882256742723798, "target": "501.xyz", "model": "25.xyz", "model_rescale": 4.19342608120988, "target_rescale": 3.8095667902532298},
{"mapping": [10, 2, 1, 7, 0, 11, 6, 8, 3, 4, 5, 12], "R": [[0.47954774227604774, -0.5166761418159913, -0.7092811342169529], [0.2799357992891506, 0.8561253736800589, -0.4343792039422746], [0.8316669472537008, 0.009752385314446665, 0.5551891387864039]], "T": [-0.08594296048557556, -0.009441627672609922, -0.023738600213929185], "aligned_model": [[-0.21539593953863598, 0.45986827925433826, 0.14022018455785082, -0.42002025791722675, -0.4863090022904496, -0.4019112317020628, -0.08073922011678217, -0.08808415926405908, 0.43001250558327553, 0.16655912422920657, 0.19275182097600088, -0.09914354913967509], [-0.8262699606499294, -0.1841580594511995, -0.6244146244673939, 0.49384153459181823, -0.2281925547187618, -0.2715140953783487, 0.49767695669082157, 0.7383449306323133, 0.005055872741445087, 0.021925321037680176, 0.412370849540668, -0.02188974282813263], [0.05312852751361393, 0.0855465384490254, -0.425529982764052, -0.075139494300033, -0.5808689414150973, 0.5285041958785471, -0.7641581598579037, 0.5874102712787188, -0.5141903330652466, 0.619576876655719, -0.09555175905153826, 0.030530721887667818]], "inverted": false, "swapped": true, "error_lsq": 0.044380996095156465, "error_max": 0.20998665978614464, "target": "501.xyz", "model": "26.xyz", "model_rescale": 3.795458400668931, "target_rescale": 3.8095667902532298},
{"mapping": [10, 5, 6, 8, 0, 1, 11, 9, 2, 3, 7, 0, 12], "R": [[-0.6122836196969539, 0.7902462590303684, -0.024892150154300546], [-0.731844786205419, -0.5545583233701501, 0.3960659981427752], [0.2991855243068099, 0.2607219132896127, 0.9178845820558613]], "T": [-0.10189898022413788, 0.13968773181445046, -0.12552520768428307], "aligned_model": [[-0.7359823659672623, -0.33266946938422304, 0.26642891050359474, -0.13492593290818364, 0.46410340835211283, 0.41737934676895716, -0.6595989480518939, -0.00934605442036461, 0.5707179945885983, -0.1139201683366718, -0.2832759575550684, 0.46410340835211283, -0.11667293229866563], [-0.08241220129969401, -0.5745178744081639, -0.565520638338927, -0.20228508107164653, -0.0247670121152814, 0.09332407678224566, 0.3629991706040746, 0.5571845002515113, 0.6187143841755137, 0.29536912675296095, -0.3820876057115944, -0.0247670121152814, 0.009667937474794247], [0.11174322288426242, -0.18481940009161246, -0.34507629343323265, -0.7679546012750097, 0.46087834399143734, -0.4057993612527776, -0.5136969981636562, -0.0867348173126884, 0.1793596647195778, 0.5960670269983108, 0.4703447343947691, 0.46087834399143734, -0.023764771782271862]], "inverted": true, "swapped": false, "error_lsq": 0.06006966408440946, "error_max": 0.36531715959788996, "target": "501.xyz", "model": "27.xyz", "model_rescale": 3.6321398670334006, "target_rescale": 3.8095667902532298},
{"mapping": [6, 12, 8, 7, 0, 3, 4, 1, 5, 13, 9, 11, 14], "R": [[0.9095793226947563, -0.3384891477322884, -0.24101981784413007], [0.3305197238281476, 0.9408897821832324, -0.07404815962436012], [0.25183758235559994, -0.012309128753033638, 0.9676912304359423]], "T": [0.05754899088166172, -0.07098334417729663, 0.03649379803581615], "aligned_model": [[-0.7152248941563661, -0.4409076643393151, 0.19748032553242253, -0.10963980416527411, 0.6730146814320447, 0.4345275689514771, -0.49038060691779367, -0.01243362423751259, 0.6200097166203726, -0.3991209810960574, -0.22571872957116185, 0.23169710815982855, 0.03303814343037834], [-0.05923877816053463, -0.6542479380044759, -0.49273386515836376, -0.21176108674315924, -0.02313285323423503, 0.15484084653487068, 0.38298737213815065, 0.5858326318560727, 0.6027042813481192, 0.23941887546447382, -0.4419271748119643, 0.016497484451205455, -0.01833802469964793], [0.11767276645176233, -0.2714885185238873, -0.22727757158116552, -0.7072245075158692, 0.1277298023964554, -0.49119045085541974, -0.3879481849752874, -0.06820769839436225, -0.005365929438357286, 0.63780929812656, 0.5147533868406504, 0.6484949208204509, 0.06366778031701627]], "inverted": true, "swapped": false, "error_lsq": 0.03976173134983022, "error_max": 0.25994285020523245, "target": "501.xyz", "model": "28.xyz", "model_rescale": 4.156811204709835, "target_rescale": 3.8095667902532298},
