[{"mapping": [12, 11, 5, 1, 3, 0, 2, 8, 7, 6, 13], "R": [[-0.26325775639157606, 0.3835671251884528, -0.8851958055562279], [0.5372115053001998, 0.8204221268759058, 0.19573280845455798], [0.8013108961400481, -0.42400919118231517, -0.42203916112151485]], "T": [0.11462066861522213, 0.05507495072654131, -0.022360003164234227], "aligned_model": [[0.39587181476890965, -0.14149257167862284, -0.6312986638315017, 0.03632591240373484, -0.06387187239105471, 0.6802449633206924, 0.47574164512183625, -0.10843713143921446, 0.47236460357129495, -0.2581982726516862, 0.17628584782746104], [-0.1692804246762384, -0.5921349991227455, -0.027756329994534507, 0.29113892044986467, 0.5308838984330467, 0.48944148637044127, 0.623924008843707, -0.3747997558596551, -0.36462592511094516, 0.3135896104883009, -0.06758892909077857], [-0.47588207130284277, 0.02850383276613592, -0.11798734683714837, -0.5431169971366834, 0.09989613731665468, -0.3169907967556077, 0.34812702065148127, 0.5908545482735204, 0.4946167219393828, 0.5930443288879023, 0.06533743417736532]], "inverted": true, "swapped": false, "error_lsq": 0.043122972272964084, "error_max": 0.23004228684106878, "target": "503.xyz", "model": "0.xyz", "model_rescale": 3.8414455957264533, "target_rescale": 3.6936156884472373},
{"mapping": [2, 3, 10, 6, 8, 9, 13, 1, 0, 11, 14], "R": [[-0.40229707107808993, -0.17715467583251782, 0.8982055930758089], [0.5890853381073791, 0.7009290219960574, 0.40209074914820553], [-0.70081062422662, 0.69087967617692, -0.17762247047254207]], "T": [0.15805235280291763, 0.03110191398548488, 0.013765542534422845], "aligned_model": [[0.4065878146188322, -0.1950908394256854, -0.49802206360762313, -0.009340297945778647, -0.07623652722461405, 0.6196882259539747, 0.41787914325197195, -0.1979908020749641, 0.5973523607854537, -0.12162056878566924, 0.0903298294759512], [-0.3065583324419193, -0.6657203224361901, 0.11366559483997805, 0.19002625019765926, 0.7822229585356679, 0.4756734309113368, 0.5878792311620886, -0.49214522185390575, -0.2026897424793906, 0.1796431834536805, -0.009205469158541608], [-0.5935403193020697, 0.06949290251982823, -0.16267396309205406, -0.7323912302811075, -0.05854140477949471, -0.22023908765854894, 0.4579907767139961, 0.6036329834643496, 0.5409034124139449, 0.8049570176685111, 0.056811724312805886]], "inverted": false, "swapped": false, "error_lsq": 0.04651139596426476, "error_max": 0.2140352731133682, "target": "503.xyz", "model": "1.xyz", "model_rescale": 4.316132596720782, "target_rescale": 3.6936156884472373},
{"mapping": [1, 9, 5, 0, 4, 2, 6, 7, 10, 3, 11], "R": [[0.7789262813271444, 0.054647486856731264, -0.6247299420054314], [-0.5970317481651285, -0.24022540663106762, -0.7654050206863219], [-0.19190346516088996, 0.9691776958789247, -0.1544915980565334]], "T": [0.16061706640066195, 0.003658705644633359, 0.05291753407333162], "aligned_model": [[0.43588617833552523, -0.0964624136958204, -0.47677977966151375, -0.1209922355064533, -0.011080117397037154, 0.6107413296980235, 0.49055928620816436, -0.3133415338804443, 0.5508818591502698, -0.20297646492777785, 0.1671001666989134], [-0.25935221765157324, -0.6644445746096069, -0.004302959362834341, 0.19199177987910265, 0.753000894056116, 0.4722710129422725, 0.5458688352270246, -0.4647753952725455, -0.27156701395066773, 0.23171677670835455, 0.12238442276482067], [-0.33392795658964086, -0.14073073743679287, -0.044148188183797496, -0.5708940663439946, -0.004841386271253065, -0.4748286689307188, 0.5756433417069842, 0.6499048522780365, 0.4642324905271951, 0.5497135375173214, 0.09627959370682092]], "inverted": false, "swapped": false, "error_lsq": 0.041118684588350114, "error_max": 0.2136311013766051, "target": "503.xyz", "model": "2.xyz", "model_rescale": 3.795458400668931, "target_rescale": 3.6936156884472373},
{"mapping": [8, 1, 0, 7, 4, 9, 5, 2, 6, 10, 11], "R": [[0.33885272141014877, 0.00990123627382758, 0.9407873291627532], [0.4778918473133422, 0.8595322444989514, -0.1811731297351692], [-0.8104308825954115, 0.5109856027197294, 0.2865231200946577]], "T": [0.08893394842810962, 0.03839601580288657, 0.09829358899899066], "aligned_model": [[0.6412314394875219, -0.10611211195720416, -0.6703091157240594, 0.005218642356748321, -0.2068052596201926, 0.708026401208045, 0.47645595184328804, -0.09451979542998576, 0.48655314585802834, -0.19222105573183876, -0.013981967268501566], [-0.36048281733415055, -0.5242152916026038, 0.03988212865952681, 0.2124092827177426, 0.6071552426292528, 0.49298814498979937, 0.5348663979541834, -0.42416130638423166, -0.3576531903617882, 0.3453545469592595, 0.0866484225034734], [-0.2843630389013368, -0.10589846047234613, -0.09079820135993491, -0.640633624658058, 0.10074227159044592, -0.30744668975024314, 0.410012167310993, 0.6814837457836447, 0.2781276701750074, 0.7030572281062906, 0.02211974415569802]], "inverted": false, "swapped": false, "error_lsq": 0.04847055635617395, "error_max": 0.252845203958829, "target": "503.xyz", "model": "3.xyz", "model_rescale": 3.7530521520055578, "target_rescale": 3.6936156884472373},
{"mapping": [4, 2, 1, 0, 7, 6, 8, 3, 9, 5, 10], "R": [[-0.30334099287487526, 0.24498484785491476, -0.9208510554716162], [0.9188461719545593, -0.18077414516253876, -0.3507740308591931], [-0.2524003849563975, -0.9525246100559597, -0.17026718095864718]], "T": [0.0925706401175944, 0.009859275487572622, 0.12955794233638906], "aligned_model": [[0.47661125287666956, -0.18184735258195317, -0.686693840403191, 0.031013675730723986, -0.03438803525834476, 0.6556880288991369, 0.5949437407305387, -0.13727913560847294, 0.4637250343973593, -0.22229838187881412, 0.07406128811819718], [-0.31408485419073673, -0.5310751822568787, -0.047309685041246524, 0.2719747200173014, 0.5947075080383654, 0.2882746778853573, 0.7448454425369291, -0.5883509596119287, -0.10013335474490928, 0.3005992591964721, 0.03334398890173832], [-0.4064307823679346, -0.1761227092176102, 0.009539401433423939, -0.6500102840840986, 0.09817354840552059, -0.2599535630128825, 0.3506825544462407, 0.5411200643974177, 0.5136279955097227, 0.7073879371013587, 0.03838864936900198]], "inverted": true, "swapped": false, "error_lsq": 0.052245169077730295, "error_max": 0.2882913049310894, "target": "503.xyz", "model": "4.xyz", "model_rescale": 3.7855080009869324, "target_rescale": 3.6936156884472373},
{"mapping": [14, 3, 10, 15, 8, 13, 6, 5, 1, 7, 16], "R": [[-0.2240584771162744, -0.7409667008159366, 0.6330609347561121], [-0.09842388446472072, 0.6634588505337282, 0.741710922540136], [-0.9695929753248068, 0.10387830346328608, -0.2215824006332141]], "T": [0.21901217740390103, -0.015017545587805214, 0.09246350218799806], "aligned_model": [[0.4300847829661699, -0.13693444259621654, -0.49679221667830076, -0.07794227254034766, -0.06885363135881442, 0.5767758889319217, 0.3748696594014829, -0.3278616466920484, 0.7636707592369774, -0.22827191205983408, 0.22479130641085907], [-0.23822988299066977, -0.6104103344715917, 0.06365453517993708, 0.2683038374010549, 0.5908534296713254, 0.5369152975025097, 0.49688175978892457, -0.3484476189937903, -0.3628716777631656, 0.2996709523221541, -0.043528736916225115], [-0.5102984791488924, 0.05744870453159001, -0.018887506763742082, -0.6222848138544004, -0.12052361349639729, -0.21125166422180683, 0.4662878118939848, 0.5872934237635384, 0.48673304317928356, 0.6045939196323044, 0.0472919864646982]], "inverted": false, "swapped": false, "error_lsq": 0.04256664550132381, "error_max": 0.22864387628837107, "target": "503.xyz", "model": "5.xyz", "model_rescale": 4.2253639853439635, "target_rescale": 3.6936156884472373},
{"mapping": [2, 7, 0, 4, 1, 10, 8, 12, 11, 9, 13], "R": [[0.803428270694941, -0.15177939772149324, -0.575730864445739], [0.4417338804362821, -0.4963986000210369, 0.7473015514314549], [-0.3992169744923698, -0.8547230219927715, -0.33177456646449444]], "T": [0.1579131044012992, 0.028177461901914665, 0.03495585908060453], "aligned_model": [[0.5549446561878661, -0.3009432667343304, -0.6437458687960176, -0.028384091372263998, -0.08586546536594084, 0.6803623524757603, 0.4714354739443909, -0.13026023770330547, 0.5402523903612587, -0.16751738175244718, 0.14325771377687863], [-0.0987409724524588, -0.6186766970259115, 0.031014591782607456, 0.21559107465494923, 0.6934101390404375, 0.5304942072307993, 0.5232242834288021, -0.5595258261953795, -0.37281758140002963, 0.3202017540878446, -0.011383412421197708], [-0.49080955433512974, 0.0554922602484795, 0.015018689951974501, -0.6216115820922642, -0.15672949807434242, -0.2535526242223409, 0.4849527967267425, 0.7004667414325938, 0.5813745945501059, 0.4608821894951799, -0.009081201700838717]], "inverted": true, "swapped": false, "error_lsq": 0.04666694088645585, "error_max": 0.2110630817007039, "target": "503.xyz", "model": "6.xyz", "model_rescale": 3.89814844738969, "target_rescale": 3.6936156884472373},
{"mapping": [6, 8, 11, 9, 10, 5, 2, 7, 0, 4, 12], "R": [[-0.2320945032833301, 0.013746204766617198, -0.9725961049686446], [0.4010203791660406, 0.9123192142577476, -0.08280281873010886], [0.8861798897736223, -0.40924893787356426, -0.21725678311659272]], "T": [0.13295456859895133, -0.03914853249644619, 0.16591105888831675], "aligned_model": [[0.5226483598445375, -0.18275122767422924, -0.6588615831468971, -0.0024596184886557793, -0.03022623377088593, 0.5850335725786475, 0.3758595645456039, -0.11282972761894425, 0.6069726747181095, -0.16038614579413468, 0.09053663982869826], [-0.345698091531105, -0.45813362221011594, -0.008208513268778042, 0.24046022365782366, 0.654557848287054, 0.3271752304643633, 0.558346045836955, -0.4705679880978922, -0.23595248101177912, 0.26787247757667315, 0.12294043102726436], [-0.2940258584689184, -0.26125181064961367, 0.0003505978247014818, -0.6716018188943944, -0.010290944648305878, -0.34790610594348065, 0.45839223149146774, 0.5957273133589704, 0.46185941314677437, 0.6508699365648775, 0.18427985819808204]], "inverted": false, "swapped": false, "error_lsq": 0.04801438296342941, "error_max": 0.2772532980051423, "target": "503.xyz", "model": "7.xyz", "model_rescale": 3.7474275329858107, "target_rescale": 3.6936156884472373},
{"mapping": [5, 4, 2, 3, 0, 6, 10, 13, 11, 12, 14], "R": [[0.6711582804331512, 0.08377684861488777, -0.7365650020481384], [0.7169320847272275, -0.3260836705146062, 0.6161800270313811], [-0.1885601985963299, -0.9416214098351205, -0.2789160663092621]], "T": [0.10436253658700138, 0.03244262532863003, 0.10310655817919959], "aligned_model": [[0.5309968370318079, -0.35052241806038276, -0.6347874091137373, 0.04027828703127852, 0.01722250541337532, 0.5542355953092916, 0.5831984799809266, -0.3005796400397108, 0.5270261743268515, 0.016413707635351063, 0.05005415550679815], [-0.09029921183055024, -0.6012891097926386, -0.10050185423623063, 0.22931325807224678, 0.661066779346728, 0.5451826149255856, 0.5331326077745366, -0.47745473896456564, -0.1762062863462825, 0.12024904232193352, 0.009598459459700698], [-0.45897802541711963, 0.04236438352962732, -0.27712050421072243, -0.5833843011238359, -0.07423922152545481, -0.34594804039619576, 0.41179578779473036, 0.7228955062641436, 0.5084472008234554, 0.7074224155089464, 0.11314761073258575]], "inverted": true, "swapped": false, "error_lsq": 0.04687663727369306, "error_max": 0.2556409676153564, "target": "503.xyz", "model": "8.xyz", "model_rescale": 4.019505241142653, "target_rescale": 3.6936156884472373},
{"mapping": [1, 2, 6, 10, 11, 9, 8, 3, 0, 5, 12], "R": [[0.6440448348037575, 0.6393250265254935, -0.4200830408630867], [-0.3710498782614363, -0.219143256832861, -0.9023847410206248], [-0.6689755142042002, 0.737047992632002, 0.09608339061649654]], "T": [0.150256540464825, 0.04443258234847717, 0.09420600972436227], "aligned_model": [[0.4735696844316372, -0.12262537381486188, -0.5168472940483604, -0.042467002296688955, -0.03048147939895532, 0.5388585937641635, 0.5065223864931692, -0.14477670308211893, 0.5490306351973866, -0.30701179200409445, 0.12976461978057274], [-0.24125369910126163, -0.48022583899178245, 0.0989977402724126, 0.15048249652689216, 0.6389420044800653, 0.526220168482489, 0.5506775797771278, -0.44334383752427214, -0.4017221507932596, 0.18686861672379282, 0.06714848087825945], [-0.4255605356594981, 0.1097354653638348, -0.18873736886124387, -0.7944957456390387, 0.12799712047074352, -0.1959822523558658, 0.36425708066886964, 0.7372381684536593, 0.3483147532507144, 0.5644637766719003, 0.11917234961608472]], "inverted": true, "swapped": false, "error_lsq": 0.04570973819509479, "error_max": 0.20691277419192536, "target": "503.xyz", "model": "9.xyz", "model_rescale": 3.877068213659057, "target_rescale": 3.6936156884472373},
{"mapping": [8, 2, 4, 1, 5, 0, 12, 13, 10, 6, 15], "R": [[-0.14861919514093141, -0.9140390876216278, 0.37741870798290333], [-0.7558028813114606, 0.35111007373338826, 0.5527058175234172], [-0.6377102315605073, -0.20311145320428645, -0.7430150726198542]], "T": [0.08448306128817408, -0.0469450357835111, 0.13245837020178036], "aligned_model": [[0.4937058237080212, -0.18417009430900388, -0.5347650790978605, -0.046823471225748356, -0.09184554943828828, 0.5574670162857313, 0.4084286576446748, -0.38377851859612616, 0.5979185660438536, 0.07853078780428979, 0.13886813620230598], [-0.29840118008014366, -0.6333084015602403, -0.024180672871355238, 0.37497445236532195, 0.6717929720248981, 0.4671923917359703, 0.5864947876742759, -0.4076574887997209, -0.2432569100098172, 0.1457729244616791, 0.013368685789595096], [-0.47138720113334037, -0.023614828048813125, -0.1397625036389532, -0.614300727662338, -0.11917497300496688, -0.24926786621943942, 0.36051199629119113, 0.6307114334206221, 0.5808515123816242, 0.7182304533229837, 0.09360551627159]], "inverted": true, "swapped": false, "error_lsq": 0.042629205857184056, "error_max": 0.26200570999837125, "target": "503.xyz", "model": "10.xyz", "model_rescale": 4.260839863003843, "target_rescale": 3.6936156884472373},
{"mapping": [3, 2, 8, 1, 7, 0, 6, 9, 5, 10, 11], "R": [[0.3253906483578518, -0.39312213272777163, 0.859985996816707], [-0.9308440469109707, -0.29310761774271155, 0.21821385096184667], [0.16628375233817488, -0.8715175920087674, -0.461309874734517]], "T": [0.057158743208560236, -0.005140720781207864, 0.11397104160642502], "aligned_model": [[0.5497770077264967, -0.11286828426682352, -0.6559434156585009, -0.030758324250527547, -0.08014806299589611, 0.5700617049137484, 0.621080758789254, -0.4667400457781106, 0.6553257031530322, -0.07088594957452424, 0.0546351829637011], [-0.3048165905618759, -0.5680745852716775, 0.019034599581051248, 0.0461947557606437, 0.6261059468440981, 0.5990162457300071, 0.53724296656348, -0.394519644092574, -0.1545056780434687, 0.21139892298684282, 0.035714621233936455], [-0.2999790640190031, -0.2389501964611635, 0.03326000169699361, -0.6021964675971876, 0.003155361921086508, -0.26280366713215353, 0.4157445174123929, 0.5718437030925547, 0.39055249402275966, 0.6884698939717642, 0.06730623507211658]], "inverted": true, "swapped": false, "error_lsq": 0.04310901928625193, "error_max": 0.22155837616697965, "target": "503.xyz", "model": "11.xyz", "model_rescale": 3.890672605050136, "target_rescale": 3.6936156884472373},
{"mapping": [6, 0, 4, 11, 12, 9, 5, 3, 8, 7, 13], "R": [[0.8803165038073592, 0.42249511440016485, 0.215733009603027], [0.38648846781917745, -0.37505032762498614, -0.8425935651256634], [-0.2750809287594704, 0.825127341721496, -0.4934524825922402]], "T": [0.10362058851081513, 0.0012525064656523366, -0.12684467727004245], "aligned_model": [[0.5745090123665382, -0.0915342306518721, -0.5861062347941679, 0.04539388997048514, -0.11921232381225552, 0.6073391879650193, 0.49702178480068937, -0.2935053149380727, 0.4503713651290586, -0.05355762154472321, 0.002816760531149806], [-0.24439239387065143, -0.5417273784349586, -0.047888634578055506, 0.16592508707486225, 0.6622607100456795, 0.5622494351403469, 0.4864529207983297, -0.43378691107000694, -0.34059058077515214, 0.31375318636138083, 0.07053612003868875], [-0.35040902854053857, -0.0012183229564907139, -0.013182452693533575, -0.648625049330787, 0.13496784101469683, -0.32015901870092567, 0.3366078429778831, 0.5845587792876091, 0.4042845428435319, 0.6507172209894119, -0.011139542910696631]], "inverted": true, "swapped": false, "error_lsq": 0.0400632720532479, "error_max": 0.23156135467992495, "target": "503.xyz", "model": "12.xyz", "model_rescale": 4.124412569039231, "target_rescale": 3.6936156884472373},
{"mapping": [10, 7, 9, 11, 8, 2, 1, 3, 0, 6, 12], "R": [[0.5517677537018596, -0.16069396222475596, 0.8183702074729462], [-0.010405500912313306, 0.9798589967172867, 0.19941933733456407], [-0.8339328938982851, -0.11854871174627557, 0.538982496392722]], "T": [0.15284464031947723, -0.11718562712470013, 0.17008748510245064], "aligned_model": [[0.3085452909581533, -0.07127638349863233, -0.47053829631685695, 0.008119508614440746, -0.0736566301363204, 0.5960534435906484, 0.47146475755354433, -0.20964933966341295, 0.4735732125133205, -0.20516781230628614, 0.20606852371325096], [-0.17876389019848551, -0.6083535177118551, -0.09085460881794041, 0.382628324336863, 0.5218504365477284, 0.4691031651161791, 0.5472419563227064, -0.30456215539618453, -0.32296700750537355, 0.33186381533003373, -0.09439495729320903], [-0.5486441040217647, -0.14866248659155773, 0.031013174800434473, -0.6783189690890725, -0.06491507808867736, -0.279608993029843, 0.5163265732434659, 0.7551016104832116, 0.6077569949625147, 0.5132995140001247, 0.0630545753113242]], "inverted": false, "swapped": false, "error_lsq": 0.051076113945243494, "error_max": 0.24430155355652672, "target": "503.xyz", "model": "13.xyz", "model_rescale": 3.9028299243045295, "target_rescale": 3.6936156884472373},
{"mapping": [9, 1, 12, 14, 13, 10, 4, 2, 3, 8, 15], "R": [[0.7139726587178258, 0.5250504234382461, -0.46321171773900316], [-0.6861140223842216, 0.3927364348629895, -0.6123770415510801], [-0.1396087063586776, 0.7550365193673931, 0.6406475345542425]], "T": [0.13136221679730642, 0.00026925123528605266, 0.1528257097913478], "aligned_model": [[0.4789938590045069, -0.1479015523079238, -0.5314090674977509, 0.05376592413164677, -0.2121120145516887, 0.5203465419531021, 0.5922539322787284, -0.16422886374658235, 0.5972055965975274, -0.3601052632759336, 0.20672718243621724], [-0.2750451074772687, -0.5626379369928592, 0.13398242245525122, 0.2605309531345143, 0.6328268970511987, 0.5180287345571595, 0.4090000810958881, -0.4352516739833374, -0.23972842768969654, 0.2400881017444807, -0.02900248316486729], [-0.48294130860979745, -0.012540551728438293, -0.011780795295986995, -0.6893698225359234, -0.18562314737067853, -0.21591391957106748, 0.435458349811506, 0.667701623342754, 0.49058376646073254, 0.6982189573921335, 0.0726096600849265]], "inverted": true, "swapped": false, "error_lsq": 0.04595800396418164, "error_max": 0.24691675812906533, "target": "503.xyz", "model": "14.xyz", "model_rescale": 3.942246331269136, "target_rescale": 3.6936156884472373},
{"mapping": [0, 12, 13, 8, 6, 7, 9, 3, 5, 4, 14], "R": [[-0.13675290582438604, 0.4234763860265506, -0.8955257635749396], [0.3591439746755535, 0.8637082777895819, 0.3535867875529288], [0.9232086699131634, -0.27326866149569096, -0.2702036092311157]], "T": [0.05610854040780895, 0.1042864488617194, 0.16208927336877388], "aligned_model": [[0.47060876924200284, -0.3025659063329888, -0.7092026948820209, -0.008766759045849545, 0.12256175319968969, 0.6746303507653684, 0.6126766630804433, -0.06360592237295425, 0.5184010357667547, -0.38561867494618673, 0.10441766054759091], [-0.17140414787547464, -0.5990877408541277, -0.10597068394509979, 0.28819193126191867, 0.6105943064409225, 0.46572227620997125, 0.6300331595813915, -0.43502951739686463, -0.19558566367607444, 0.1278452466844171, 0.0374823942994839], [-0.3791146974549334, -0.0493194508114414, -0.014037095322362914, -0.586783810238682, -0.06600218460722146, -0.3045737966829831, 0.41105639393786964, 0.621822529116419, 0.4769573775743827, 0.546778793869864, 0.10961875259924947]], "inverted": false, "swapped": false, "error_lsq": 0.04557097813804057, "error_max": 0.24930483112653928, "target": "503.xyz", "model": "15.xyz", "model_rescale": 4.355366556412066, "target_rescale": 3.6936156884472373},
{"mapping": [1, 9, 5, 0, 4, 2, 6, 7, 10, 3, 11], "R": [[0.7789262813271444, 0.054647486856731264, -0.6247299420054314], [-0.5970317481651285, -0.24022540663106762, -0.7654050206863219], [-0.19190346516088996, 0.9691776958789247, -0.1544915980565334]], "T": [0.16061706640066195, 0.003658705644633359, 0.05291753407333162], "aligned_model": [[0.43588617833552523, -0.0964624136958204, -0.47677977966151375, -0.1209922355064533, -0.011080117397037154, 0.6107413296980235, 0.49055928620816436, -0.3133415338804443, 0.5508818591502698, -0.20297646492777785, 0.1671001666989134], [-0.25935221765157324, -0.6644445746096069, -0.004302959362834341, 0.19199177987910265, 0.753000894056116, 0.4722710129422725, 0.5458688352270246, -0.4647753952725455, -0.27156701395066773, 0.23171677670835455, 0.12238442276482067], [-0.33392795658964086, -0.14073073743679287, -0.044148188183797496, -0.5708940663439946, -0.004841386271253065, -0.4748286689307188, 0.5756433417069842, 0.6499048522780365, 0.4642324905271951, 0.5497135375173214, 0.09627959370682092]], "inverted": false, "swapped": false, "error_lsq": 0.041118684588350114, "error_max": 0.2136311013766051, "target": "503.xyz", "model": "16.xyz", "model_rescale": 3.795458400668931, "target_rescale": 3.6936156884472373},
{"mapping": [6, 8, 11, 9, 10, 5, 2, 7, 0, 4, 12], "R": [[-0.2320945032833301, 0.013746204766617198, -0.9725961049686446], [0.4010203791660406, 0.9123192142577476, -0.08280281873010886], [0.8861798897736223, -0.40924893787356426, -0.21725678311659272]], "T": [0.13295456859895133, -0.03914853249644619, 0.16591105888831675], "aligned_model": [[0.5226483598445375, -0.18275122767422924, -0.6588615831468971, -0.0024596184886557793, -0.03022623377088593, 0.5850335725786475, 0.3758595645456039, -0.11282972761894425, 0.6069726747181095, -0.16038614579413468, 0.09053663982869826], [-0.345698091531105, -0.45813362221011594, -0.008208513268778042, 0.24046022365782366, 0.654557848287054, 0.3271752304643633, 0.558346045836955, -0.4705679880978922, -0.23595248101177912, 0.26787247757667315, 0.12294043102726436], [-0.2940258584689184, -0.26125181064961367, 0.0003505978247014818, -0.6716018188943944, -0.010290944648305878, -0.34790610594348065, 0.45839223149146774, 0.5957273133589704, 0.46185941314677437, 0.6508699365648775, 0.18427985819808204]], "inverted": false, "swapped": false, "error_lsq": 0.04801438296342941, "error_max": 0.2772532980051423, "target": "503.xyz", "model": "17.xyz", "model_rescale": 3.7474275329858107, "target_rescale": 3.6936156884472373},
{"mapping": [9, 2, 0, 4, 8, 5, 10, 1, 7, 3, 13], "R": [[0.39240226470139095, -0.4792194658557039, -0.7850918202364573], [0.7582626835628206, 0.6516782859121257, -0.018791338077527364], [0.5206324666915517, -0.5879320668373242, 0.619094273443926]], "T": [0.1899893609498597, 0.01956570209496298, 0.13761150863572236], "aligned_model": [[0.5321952201153537, -0.12149674435347296, -0.6031287934723906, -0.019314915197139404, -0.1768383608820891, 0.5854257861007202, 0.46524558417206696, -0.21613939992505432, 0.5989417121490361, -0.12742034898088456, 0.11606653529570332], [-0.23291485102552825, -0.5974253887656663, -0.06133928176914851, 0.31139664736620737, 0.6253571176450912, 0.5014142223476146, 0.6104673138560689, -0.28322592913300154, -0.5471598959197844, 0.367129837462089, -0.04090823133347871], [-0.3789859033833973, -0.0240397326563091, -0.11450030682055623, -0.6108884856122927, 0.013883441649874526, -0.2293652942613158, 0.36456671844380395, 0.6086689090214843, 0.41867974419390436, 0.6265280957519883, 0.09185562565297639]], "inverted": true, "swapped": false, "error_lsq": 0.04466726770497121, "error_max": 0.28711989327116616, "target": "503.xyz", "model": "18.xyz", "model_rescale": 3.922800546911778, "target_rescale": 3.6936156884472373},
{"mapping": [3, 2, 1, 5, 8, 12, 13, 10, 11, 4, 14], "R": [[0.24250576000722768, 0.5980842304352022, 0.763862690323365], [-0.7330355159449976, -0.40279803637530287, 0.5480991463735837], [0.6354918478836435, -0.6928556813629606, 0.3407361384950236]], "T": [0.0656969339292253, 0.05370838438083707, 0.030629419441651443], "aligned_model": [[0.4277730067399778, -0.14751525349074762, -0.6206375332512926, -0.01641581925415128, -0.137165660479529, 0.6457594358610595, 0.49413488802396965, -0.1688341802605982, 0.4488014857973428, -0.04532784233319519, 0.15296374766901338], [-0.23727549645460694, -0.6282246314226492, -0.049199981526730566, 0.399041505554791, 0.6306650129457124, 0.40069958553518475, 0.45308802025753925, -0.42364774745302064, -0.12150668660105503, 0.21650165867158627, 0.012650321223712083], [-0.40911885193299774, -0.02072121717113641, -0.22693201269079083, -0.6450452444096848, 0.049562738390541684, -0.3715380142729111, 0.38944771992016347, 0.6370343395575775, 0.6048891115736554, 0.7270768244865273, 0.03174741852921579]], "inverted": false, "swapped": false, "error_lsq": 0.04685358692362637, "error_max": 0.2448289235425895, "target": "503.xyz", "model": "19.xyz", "model_rescale": 3.9282355846067225, "target_rescale": 3.6936156884472373},
{"mapping": [9, 7, 6, 8, 4, 11, 0, 2, 10, 1, 13], "R": [[-0.20772495253352768, -0.30002283886285175, 0.9310406222370853], [-0.9749864817918037, -0.013431492191179284, -0.22185796208556424], [0.07906772045648591, -0.9538374553235964, -0.2897281560422138]], "T": [-0.031677715272911494, 0.01141991267818477, 0.002120917005270548], "aligned_model": [[0.43835753148639356, -0.2319057978230965, -0.6555672767950486, -0.021690905117620896, 0.032982194119831804, 0.5981543028930656, 0.3276954951095, -0.0705195695428617, 0.6409992143628429, -0.051262606648607434, 0.026293692977450586], [-0.16476954715774506, -0.5771844599808607, 0.06097156422955698, 0.23954136250347302, 0.6101844441604285, 0.34701469358344045, 0.5951772285890033, -0.43251572588529325, -0.2799754537402977, 0.2087491974126859, 0.04559825701607174], [-0.4737456255089381, -0.037266693033302815, -0.18536375679317918, -0.7234701847047191, -0.18936792574015848, -0.061526103726891115, 0.4147651705419877, 0.6950340930453763, 0.45470111736440905, 0.7247400294861024, 0.1479026910494735]], "inverted": false, "swapped": false, "error_lsq": 0.05111789538247666, "error_max": 0.32760519872017946, "target": "503.xyz", "model": "20.xyz", "model_rescale": 4.067790424073018, "target_rescale": 3.6936156884472373},
{"mapping": [9, 0, 3, 12, 11, 10, 13, 2, 8, 6, 14], "R": [[0.07174563640137702, -0.9788847207850316, -0.19140863896640747], [0.06286154733697169, 0.19595933353317443, -0.9785950978150442], [0.9954400984106294, 0.05817768485291597, 0.07559343530619386]], "T": [0.19628352887539013, -0.01383067017506509, 0.20461206018986094], "aligned_model": [[0.5781651880644711, -0.07153439519065774, -0.6217912178326008, -0.0543825245688232, -0.07272372146427025, 0.6017781035625805, 0.5496901649196378, -0.3778734339786224, 0.5188448773625555, -0.2413636942493228, 0.2247269283969014], [-0.0265957533647235, -0.6414357570106946, 0.05689574532501325, 0.10896283252683746, 0.5310048858335569, 0.5113749867799047, 0.5869023520518015, -0.3772826403426155, -0.43348103813677175, 0.3062435329309049, 0.030202414137249875], [-0.4721843275775725, 0.007524658136980805, -0.017866027719907918, -0.5089018865852446, -0.016343976506625224, -0.27603332817397414, 0.2705445308189936, 0.5078749476761378, 0.41678095955260747, 0.7081736902736848, 0.14683357208508008]], "inverted": true, "swapped": false, "error_lsq": 0.048868184787348695, "error_max": 0.257833946521437, "target": "503.xyz", "model": "21.xyz", "model_rescale": 4.186013935880536, "target_rescale": 3.6936156884472373},
{"mapping": [2, 9, 7, 0, 6, 5, 3, 10, 11, 4, 12], "R": [[-0.9723776736084615, -0.22356868650600717, -0.06707236600698575], [-0.226362516958149, 0.9733272102967427, 0.0373383531014996], [0.05693567233438175, 0.051489650512886946, -0.9970492189986876]], "T": [0.10338780427831473, -0.04983196711939482, 0.002200931354691668], "aligned_model": [[0.5393012667025909, -0.02549484322335041, -0.6235655101596845, -0.03321448342298833, -0.08228930818053812, 0.707350287212134, 0.49466047286024784, -0.42564141268622613, 0.5065993327558038, -0.14091555898123015, 0.11674603214509031], [-0.19467102064775504, -0.6557426102584355, 0.02817289584323747, 0.34603676539489725, 0.4718057171337188, 0.3461819791901534, 0.7095882132911461, -0.4053866440173912, -0.1698389520900615, 0.19630764907578668, -0.01966243218483332], [-0.5797787115154686, 0.04358107081951055, 0.06366522881786603, -0.5863703919517279, 0.059393459653290286, -0.2751815656627128, 0.35223713397176715, 0.5407252037618987, 0.47335352401757463, 0.6404385867839443, 0.0343392732842182]], "inverted": true, "swapped": false, "error_lsq": 0.045903395990032896, "error_max": 0.23641557385178644, "target": "503.xyz", "model": "22.xyz", "model_rescale": 4.166573947596378, "target_rescale": 3.6936156884472373},
{"mapping": [9, 3, 4, 8, 7, 10, 13, 2, 12, 1, 15], "R": [[-0.4888050599905803, -0.4278691479731218, -0.7602615375910846], [0.8490677830153992, -0.433497466515368, -0.3019335131615446], [-0.2003834154138519, -0.7931002072484363, 0.5751856640160352]], "T": [0.16109772908760703, -0.014211622597436177, 0.12167026675614159], "aligned_model": [[0.4240590453467544, -0.12207804032433897, -0.5474871766443062, -0.19629540157585443, 0.08336711639570973, 0.5801646093644839, 0.6629529240337487, -0.26261917480152486, 0.618768659507921, -0.33309870344007597, 0.12580241715933183], [-0.2585564952950798, -0.49702929789051276, -0.08343300936611127, 0.12016039728768287, 0.6816403891492734, 0.5384069644172194, 0.6356964217130693, -0.3773222136407898, -0.3237604107743907, 0.19666518242590797, 0.020323632704194988], [-0.3595740533347278, -0.09770436272184996, -0.059904357977908135, -0.5912767513649453, -0.02371741239451919, -0.1610608426835695, 0.3280050339230166, 0.4977339890424667, 0.4739460428401635, 0.5900717185549155, 0.1698838080971175]], "inverted": true, "swapped": false, "error_lsq": 0.045264111127361055, "error_max": 0.21679236739524102, "target": "503.xyz", "model": "23.xyz", "model_rescale": 4.274766983524099, "target_rescale": 3.6936156884472373},
{"mapping": [0, 1, 9, 8, 7, 6, 5, 2, 3, 4, 10], "R": [[-0.24415530616009185, -0.8849561553318013, -0.396535987792065], [-0.15208234335372783, -0.3689083360954379, 0.9169392566573502], [-0.9577364707026199, 0.28418170718688496, -0.044515278123774205]], "T": [0.16753636036595543, 0.04983751219190465, -0.006435553078564291], "aligned_model": [[0.4909720600363938, -0.28595847490263715, -0.669680465501331, 0.003793366285691213, -0.09515027007380761, 0.7099072608138093, 0.3176270094674976, 0.044695474800193674, 0.5731372587186097, -0.1680401975024874, 0.112233252879917], [-0.5168830080388055, -0.41846270662745344, 0.18138993298845482, 0.29177946795340787, 0.6232056822147629, 0.3995950661728092, 0.633651765910142, -0.5749801077873513, -0.08658718281131414, 0.10646204846495783, 0.013620602290853039], [-0.3534031917545288, -0.0018836367499367977, -0.10353036812319218, -0.6844203977736988, -0.06368197021221426, -0.20269689898597154, 0.543904944086605, 0.7167411745382821, 0.35810593652271266, 0.6033698606490834, -0.04610264021697988]], "inverted": false, "swapped": false, "error_lsq": 0.06300929888481255, "error_max": 0.37227038963654396, "target": "503.xyz", "model": "24.xyz", "model_rescale": 3.7841303162186577, "target_rescale": 3.6936156884472373},
{"mapping": [5, 14, 11, 3, 6, 4, 1, 10, 8, 7, 15], "R": [[0.68137968862858, 0.6797704868780838, 0.27135549578726526], [-0.7318886739653878, 0.6288406104895116, 0.26248515295224806], [0.007790304590069963, -0.37745406577318974, 0.9259955396143562]], "T": [0.12612870001511028, -0.055910998152426075, 0.15265024438252048], "aligned_model": [[0.552101589935079, -0.1434124756743379, -0.6030377847530104, -0.012817079403541848, -0.06267953909402701, 0.566795064695534, 0.6126663192448751, -0.3236141492609324, 0.6292921183168134, -0.28747819511866385, 0.10572040613406113], [-0.11022572246208596, -0.79299308518314, 0.11846803780415231, 0.24176452065928594, 0.5988433497272124, 0.416266471641246, 0.41766142391451894, -0.4384176569567676, -0.049563024085973476, 0.2506981011015179, 0.0002891445704970713], [-0.6121606820692916, 0.037079859348297245, -0.012685046685183554, -0.5829347225078264, -0.08750521572664585, -0.22093500012927883, 0.45604223494107754, 0.6592814028919478, 0.4628825143788251, 0.5497972658402467, 0.11754020169799247]], "inverted": true, "swapped": false, "error_lsq": 0.049223981375515355, "error_max": 0.26500702303415913, "target": "503.xyz", "model": "25.xyz", "model_rescale": 4.19342608120988, "target_rescale": 3.6936156884472373},
{"mapping": [1, 9, 5, 0, 4, 2, 6, 7, 10, 3, 11], "R": [[0.7789262813271444, 0.054647486856731264, -0.6247299420054314], [-0.5970317481651285, -0.24022540663106762, -0.7654050206863219], [-0.19190346516088996, 0.9691776958789247, -0.1544915980565334]], "T": [0.16061706640066195, 0.003658705644633359, 0.05291753407333162], "aligned_model": [[0.43588617833552523, -0.0964624136958204, -0.47677977966151375, -0.1209922355064533, -0.011080117397037154, 0.6107413296980235, 0.49055928620816436, -0.3133415338804443, 0.5508818591502698, -0.20297646492777785, 0.1671001666989134], [-0.25935221765157324, -0.6644445746096069, -0.004302959362834341, 0.19199177987910265, 0.753000894056116, 0.4722710129422725, 0.5458688352270246, -0.4647753952725455, -0.27156701395066773, 0.23171677670835455, 0.12238442276482067], [-0.33392795658964086, -0.14073073743679287, -0.044148188183797496, -0.5708940663439946, -0.004841386271253065, -0.4748286689307188, 0.5756433417069842, 0.6499048522780365, 0.4642324905271951, 0.5497135375173214, 0.09627959370682092]], "inverted": false, "swapped": false, "error_lsq": 0.041118684588350114, "error_max": 0.2136311013766051, "target": "503.xyz", "model": "26.xyz", "model_rescale": 3.795458400668931, "target_rescale": 3.6936156884472373},
{"mapping": [1, 9, 11, 8, 5, 6, 7, 4, 3, 10, 12], "R": [[0.11491933743624344, -0.9271423531766074, -0.3566519351263329], [-0.8472538781679624, -0.2789181265095283, 0.45206807522071557], [-0.5186081486175883, 0.2502233715114516, -0.8175780406400844]], "T": [0.13506891699300044, -0.1007780529255975, -0.01411552115426562], "aligned_model": [[0.41098130020797047, 0.10874155120324416, -0.5798820074695528, -0.13591311229052788, 0.1263540145106884, 0.5138424712634866, 0.4603299764764896, -0.3751381740286602, 0.4664045909064198, -0.1774815887778517, 0.21529725302014283], [-0.18076661946729386, -0.5289931163111073, -0.11921079344268606, 0.29188105214428484, 0.6519337694563545, 0.48557679266091747, 0.39607707207124176, -0.32434581114932204, -0.3098474076324784, 0.27204268398883, 0.018443938411723093], [-0.5316359135664577, 0.003576833570993032, -0.023059872472524667, -0.5646963754502285, 0.00035620304843464456, -0.45446259939866984, 0.5404548770617492, 0.6092378011202036, 0.611650597265904, 0.5064642594540477, 0.06851700134670888]], "inverted": false, "swapped": false, "error_lsq": 0.054462129304441435, "error_max": 0.22996491825290954, "target": "503.xyz", "model": "27.xyz", "model_rescale": 3.6321398670334006, "target_rescale": 3.6936156884472373},
{"mapping": [4, 1, 3, 7, 8, 12, 9, 2, 13, 11, 14], "R": [[-0.8531966369010383, 0.11099906163292698, 0.5096417438724655], [-0.12419633521461991, -0.9922238943722111, 0.008186193016363712], [0.506587375582945, -0.05631120451076389, 0.8603477663982928]], "T": [0.02182085939884737, 0.16327242272332168, 0.11531610071948713], "aligned_model": [[0.3196474344968053, -0.08305129166620481, -0.5259607324601074, 0.0027277451893170657, -0.0914659238660008, 0.5288860237499693, 0.4994026229562488, -0.21618130767559937, 0.5491728193793997, 0.009393525507219336, 0.04096535941080272], [-0.39577097220142066, -0.4915672417926519, 0.03220290669889736, 0.2719146423600955, 0.6084279715385909, 0.6254026375742631, 0.457119869528236, -0.4237365714530319, -0.24702716056502397, 0.10961194424179359, 0.10621353480071562], [-0.41875979848910866, 0.028979307555154613, -0.2775148929048012, -0.651964620468028, -0.12139523802676515, -0.34601925938565603, 0.478828821740175, 0.5972072429459742, 0.5843912484006768, 0.7552316817457602, 0.13741831886677905]], "inverted": true, "swapped": false, "error_lsq": 0.04850852248536505, "error_max": 0.2578366750948452, "target": "503.xyz", "model": "28.xyz", "model_rescale": 4.156811204709835, "target_rescale": 3.6936156884472373},
{"mapping": [7, 9, 2, 3, 6, 9, 1, 8, 0, 10], "R": [[0.04478429736280991, -0.5550361912945192, 0.8306197644307493], [-0.23284812582807732, 0.8027538001866952, 0.548970023393055], [-0.9714814033259057, -0.21799349219436231, -0.0932883720129963]], "T": [0.02705187033580253, 0.056524983940355586, -0.05590011127783574], "aligned_model": [[-0.7758751824349628, -0.37603211320941493, 0.10929068824922583, 0.7344072153144969, -0.03749483718805302, -0.37603211320941493, -0.2715783475969699, -0.5106341953374671, 0.19594121183865165, -0.04906695231550391], [-0.023736330840828004, -0.4806431246715593, -0.08145905165056723, 0.21536942013803223, -0.5230172265246521, -0.4806431246715593, 0.518719812787381, 0.15673547406195237, 0.5967802298737491, 0.020614252124254828], [-0.38795141508837844, -0.11152078727564385, -0.6873507425309998, -0.11236423150249376, 0.6253617463777466, -0.11152078727564385, -0.29303684839903443, 0.47484827105389277, 0.3237497111092828, 0.03857181050637172]], "inverted": true, "swapped": true, "error_lsq": 0.07018114426316774, "error_max": 0.38170932054751255, "target": "503.xyz", "model": "29.xyz", "model_rescale": 4.117894457231895, "target_rescale": 3.6936156884472373},
{"mapping": [9, 10, 13, 11, 3, 2, 0, 7, 8, 4, 14], "R": [[-0.8861386893190957, -0.4420141523272846, -0.13921821875827606], [-0.007991663347292094, 0.3149455810628741, -0.9490760845611441], [0.463351223812756, -0.8399004525009858, -0.2826178927100347]], "T": [0.13527783662158818, 0.020872335451726585, 0.06047820999007781], "aligned_model": [[0.4427689401629733, -0.17906400453341934, -0.6348006558269673, -0.021205694409767467, 0.10662683090155992, 0.650494891623727, 0.5654139377518173, -0.21209463973122003, 0.5515666005808971, -0.3414613892856371, 0.10529145778788604], [-0.20999343294404818, -0.5895188771155782, -0.09134423645568432, 0.13234434656039318, 0.5673770839693482, 0.6016703958194097, 0.5875996014985028, -0.37932752509643364, -0.26788374873348075, 0.326402958199374, -0.02453500497133962], [-0.4314305527254197, -0.14672395991421683, 0.19254962585067986, -0.6385142975264254, 0.04411114608911152, -0.2604358787486676, 0.35727037910219095, 0.4428080350676557, 0.5555673691365913, 0.5885869499305604, 0.06261399571810045]], "inverted": false, "swapped": false, "error_lsq": 0.04829927711967148, "error_max": 0.2680972905651469, "target": "503.xyz", "model": "30.xyz", "model_rescale": 4.100398675895297, "target_rescale": 3.6936156884472373},
