[{"mapping": [8, 11, 0, 2, 5, 4, 3, 7, 6, 1, 13, 12, 9, 14], "R": [[-0.11825531835322547, 0.12044271555630626, 0.9856516788148845], [0.7165680178594604, 0.6975168324250135, 0.0007377430037789345], [-0.6874197811105972, 0.706373711822006, -0.1687904730269466]], "T": [-0.06700142399523086, 0.03840405550299584, 0.07831555704604583], "aligned_model": [[0.11688638029280392, 0.4169353087982453, -0.48911427883950565, -0.41817433649172386, -0.7080123505938908, -0.06371506218066832, -0.5720999585835661, 0.038645247186989654, -0.44194952366240736, 0.125942888592864, 0.6088512836006862, 0.09176883387496625, 0.6715521092828869, -0.006024440149376503], [-0.7023928984676252, -0.398869438854192, -0.38180514927531845, -0.20954678133998753, 0.2025423253685028, 0.1322887799972645, 0.36478166722198396, 0.4524202319165384, 0.7196286354258347, -0.0866812714824233, 0.48431365113796976, 0.7624630395387731, -0.19026315361300977, 0.0863936942357237], [0.16242375211279592, -0.4253134891879568, 0.5051091084459409, -0.1645448544018771, 0.54438723681495, -0.6360436242050354, -0.1819135699094695, 0.5043813325041728, 0.30544942571913647, 0.7568256342211064, 0.31888330463033643, -0.08218705320785495, 0.18156172166029683, 0.10856916198329167]], "inverted": false, "swapped": true, "error_lsq": 0.04296741636568334, "error_max": 0.24209755436796618, "target": "504.xyz", "model": "0.xyz", "model_rescale": 3.8414455957264533, "target_rescale": 4.082523544764816},
{"mapping": [5, 4, 10, 8, 12, 6, 9, 7, 3, 1, 11, 1, 13, 0, 14], "R": [[-0.2772062290724066, -0.9108205772426632, -0.3058800134608308], [0.245991368162461, 0.24046638928183267, -0.9389697345576793], [0.9287868180336201, -0.33553210233463454, 0.15739521895497094]], "T": [-0.00342800938879562, 0.17355097818307072, -0.036966822397139054], "aligned_model": [[-0.47718488555260835, -0.4720069967696559, 0.0045293494392319965, 0.6631788228644845, 0.5100537909876209, -0.14081910308508183, 0.3194561582426496, -0.06936977314674336, -0.6272326660551423, -0.26340180770597216, 0.4345878959406789, -0.26340180770597216, 0.6810169355653758, -0.018132945020818556, -0.024440879094470732], [-0.13525990523297257, 0.3483362428273439, -0.43903495534339476, 0.002535489405489727, -0.38650604683025613, 0.1386380318971781, 0.694294936713378, 0.8050231969419167, -0.22788282463050144, -0.3053557808031322, -0.21939616758049682, -0.3053557808031322, 0.3938437671855242, 0.5066378969309945, 0.09735451699918196], [-0.375364584732829, 0.17681128381710753, -0.34201838344277735, -0.4251567646831075, 0.03347544674922198, -0.805037097396907, -0.33710216510201885, 0.06227794000064568, 0.2142214223916475, 0.6350151948880056, 0.5794745855603731, 0.6350151948880056, 0.20356010973215785, 0.6067367110204109, 0.005654271877561547]], "inverted": true, "swapped": false, "error_lsq": 0.05108534834997238, "error_max": 0.38832442835872866, "target": "504.xyz", "model": "1.xyz", "model_rescale": 4.316132596720782, "target_rescale": 4.082523544764816},
{"mapping": [13, 7, 12, 11, 10, 9, 4, 8, 3, 1, 2, 14], "R": [[0.004758518312867832, 0.3925379074739976, -0.919723516987253], [-0.2776798910128199, -0.8830446339370762, -0.3783200399160004], [-0.960661873205435, 0.2571889687970129, 0.10479789930411071]], "T": [0.15411457739242124, 0.09575591241697097, -0.02444997844821239], "aligned_model": [[-0.20041933603240153, 0.3606553825867933, 0.14893294546464378, -0.5990820608197807, -0.5333475929543676, -0.49981802828364547, -0.12938603936301785, -0.17274585140077375, 0.5669554573192814, 0.24487766759746687, 0.2832431202062679, 0.1279428903113145], [-0.65822934394985, -0.44613628723191473, -0.5061408208681969, 0.42203325415677945, -0.1559420667530368, -0.08563421206267556, 0.28136742730803554, 0.5865220994033197, 0.1512060823826047, -0.13879153866444222, 0.544271773454314, 0.018250060566043433], [0.11446376613811998, 0.14227254021696908, -0.48588683024552526, -0.09713427439845716, -0.3134839950246645, 0.36010112937104255, -0.6603036938137719, 0.46746449567856185, -0.530269867443003, 0.6463699126275453, -0.18551690006703248, -0.008817821830363087]], "inverted": false, "swapped": true, "error_lsq": 0.03995920841922728, "error_max": 0.22243054542566323, "target": "504.xyz", "model": "2.xyz", "model_rescale": 3.795458400668931, "target_rescale": 4.082523544764816},
{"mapping": [0, 2, 3, 10, 1, 13, 4, 8, 11, 9, 7, 14], "R": [[0.6884047230748771, 0.26899544438133144, -0.6736025446435694], [0.09712949351098872, -0.9545118686181517, -0.2819094786582801], [-0.7187939890806689, 0.12864114259899323, -0.6832178698572842]], "T": [-0.0952189485765284, -0.008240935937324344, -0.013324684863972917], "aligned_model": [[-0.037896275061606144, -0.21804379216973704, -0.7215137321316354, 0.17021370517917783, 0.24246763452552844, 0.12400132614956577, -0.2778509572474729, 0.554194319669957, 0.461959788145715, 0.6044217541248516, -0.2293795874969058, -0.07927035794387308], [-0.1335682510725969, -0.46650822867820824, -0.1982592548624707, 0.03848391418023174, 0.46566619904952494, 0.697771201250923, -0.4462758019328015, -0.31737797240687804, -0.4225965527733506, 0.22558451109454922, 0.5768368209101904, 0.06601246053059638], [-0.7329877648561506, -0.15003005275896275, 0.018517993340396728, 0.7261745144704111, -0.4312117157905885, 0.395300356358119, 0.5288055458797079, -0.2823334946893239, 0.43041664132255925, 0.24012813519118364, -0.07486816451426179, 0.020859436686010202]], "inverted": true, "swapped": true, "error_lsq": 0.04605829575707287, "error_max": 0.2214479229733723, "target": "504.xyz", "model": "3.xyz", "model_rescale": 3.7530521520055578, "target_rescale": 4.082523544764816},
{"mapping": [3, 0, 2, 8, 4, 1, 12, 7, 13, 9, 14], "R": [[0.15671210605285935, 0.8816030410988, -0.44521612026276086], [0.8719621482143158, -0.33519787343003343, -0.35682544434143], [-0.46381389360168274, -0.33229273776796725, -0.8212540462784437]], "T": [-0.03508467247690952, -0.11917736404023391, -0.054834158079945405], "aligned_model": [[-0.29613008583601763, -0.12974887797065116, 0.16515374723433757, 0.5183399216411018, 0.31941263950819976, -0.27683371399755985, -0.41092356658218554, -0.5503800776794102, -0.2638459451462073, 0.3295646762756149, -0.06640911500201745], [-0.6987552341923304, 0.16716341171363738, -0.3846359619051435, 0.32661315368676624, -0.7085427060874492, 0.5517343571238743, -0.448024275718679, 0.10196671560163892, 0.22792850576022375, 0.41601414412003923, -0.08425875178823165], [-0.2139280240359777, -0.7226330962796492, -0.41982665047149903, -0.34579991720878034, 0.15990831767638264, -0.12327855115716554, 0.515985716663987, 0.1680303745340365, 0.6804691033698105, 0.3799194348868524, 0.013984069267319155]], "inverted": true, "swapped": true, "error_lsq": 0.04667813320636203, "error_max": 0.2303622124355677, "target": "504.xyz", "model": "4.xyz", "model_rescale": 3.7855080009869324, "target_rescale": 4.082523544764816},
{"mapping": [12, 6, 14, 2, 9, 1, 0, 4, 13, 8, 10, 15, 5, 7, 16], "R": [[0.21869194373803189, -0.03660884934407643, -0.9751069817685567], [-0.9660298356161865, 0.1328898573176763, -0.22164530791661605], [0.13769600736203436, 0.9904544805147737, -0.006303299514083621]], "T": [-0.01671046246646467, 0.05410468205194643, 0.04530710326938628], "aligned_model": [[-0.39557874402056714, -0.5099295393289082, 0.019907266778801332, 0.4250210540221068, 0.5100522021849133, -0.09723494885074248, 0.39563988500237635, -0.07591371812690861, -0.6699214441995415, -0.2987121494802422, 0.3802862617392603, -0.04495391004640813, 0.5893756510724626, 0.027281740615420155, 0.001512481541553267], [-0.17777045159145718, 0.4339378751717539, -0.5573217565527833, -0.1694941807583076, -0.42329139045058195, 0.42948370783904244, 0.5758207452449682, 0.7877331480408607, -0.2470670388011091, -0.14094099119682782, -0.03972841496843705, -0.6483651121460083, 0.5546521593925482, 0.5819383845444559, 0.008285933909004194], [-0.4702101230579674, 0.24162000577539183, -0.24194583511928577, -0.5030199008708071, 0.08439807841177768, -0.6071577104033886, -0.3624347558390627, -0.027391124187027965, 0.13178627288333222, 0.6599143826209538, 0.6490895350672744, 0.4754891607684619, 0.23821923487997673, 0.5752370424660311, 0.023968902171837586]], "inverted": false, "swapped": false, "error_lsq": 0.037505869618746995, "error_max": 0.2059820915588912, "target": "504.xyz", "model": "5.xyz", "model_rescale": 4.2253639853439635, "target_rescale": 4.082523544764816},
{"mapping": [1, 13, 11, 8, 9, 4, 2, 0, 12, 7, 10, 3, 5, 14], "R": [[-0.6084542118847267, 0.42859931917579897, -0.6678967701986422], [0.7021164566356733, 0.6830061977407769, -0.20133309506649386], [0.3698864060236643, -0.5914432833752775, -0.7165046330549221]], "T": [0.07079462575874328, -0.033719877897837494, 0.11803646630537472], "aligned_model": [[0.5505309067650309, -0.15136570890091244, -0.547744607535368, 0.14447429748532284, -0.20660725100812927, -0.5394717936204024, 0.09019799704769839, 0.7101476972126883, -0.24750937816742002, 0.3125910408356754, -0.6566084886562892, 0.07903584436121601, 0.7795801347892669, 0.05681146214940655], [-0.17173345957996317, 0.27648489852868186, -0.575397917673951, -0.7930272834402938, -0.4013090878585315, 0.03343408344532052, -0.21480599222539304, -0.34675045695775125, 0.6383522993144538, 0.36510851221896723, -0.015642715805522803, 0.3777529777164965, 0.27047826994669333, 0.002155019005783819], [-0.39582647609539395, -0.6355568413931081, 0.06290748549689794, 0.030328941439723422, -0.5115158794425684, 0.4951298557450921, 0.5769640638536483, 0.29166618760205776, -0.03106767430483874, -0.26481215570271194, -0.18205468062251962, 0.6279268908077729, 0.3632828309516646, 0.044185660595732465]], "inverted": false, "swapped": true, "error_lsq": 0.03216844407815458, "error_max": 0.16799218497430435, "target": "504.xyz", "model": "6.xyz", "model_rescale": 3.89814844738969, "target_rescale": 4.082523544764816},
{"mapping": [2, 3, 4, 0, 11, 12, 7, 8, 1, 13, 10, 9, 14], "R": [[0.12427045483806683, -0.9651172765626806, 0.23044629859161142], [0.7896197922570997, 0.23683161863262808, 0.5660489096285799], [-0.6008805519653593, 0.11162180296019036, 0.7915068763906741]], "T": [-0.09994355604458867, -0.01296019110326764, -0.15122048138570426], "aligned_model": [[0.20682704313648975, -0.12936989879526317, 0.42136091155092875, -0.2391833072451648, 0.6079194395598954, -0.3781219998020054, -0.6749850832127822, 0.28255219873045095, -0.5552535466951852, -0.489232477506702, 0.22118713880126373, 0.02141927948847118, -0.14648789710617427], [-0.25307297333154083, 0.09929159724569046, 0.3938306754108497, -0.7294883022456665, 0.14305846839024072, 0.6705275339211962, 0.141255268668048, -0.5037486591589616, -0.3289288145795318, 0.5331165980199519, 0.6246697707556169, 0.13531413761513456, 0.03795596475945785], [-0.45456988834035716, -0.7961233422535132, -0.43739704312810773, -0.21531050518074918, 0.24074028676391024, -0.3264111723912229, -0.052998831632188034, 0.2987714266060166, 0.30276896012975285, 0.3623351310162987, 0.18014016757876944, 0.604885047058924, -0.10455520539123805]], "inverted": false, "swapped": true, "error_lsq": 0.049705898421757766, "error_max": 0.30803537106350526, "target": "504.xyz", "model": "7.xyz", "model_rescale": 3.7474275329858107, "target_rescale": 4.082523544764816},
{"mapping": [1, 3, 12, 13, 11, 2, 4, 8, 0, 6, 7, 10, 9, 5, 14], "R": [[-0.38129081410014676, -0.19078323745410022, -0.9045546259841802], [-0.3780245775302804, 0.9251042287182027, -0.03577128444370847], [0.8436318710586393, 0.32830461817378087, -0.42485449723389723]], "T": [0.02314112592656229, 0.0066968351661392325, 0.019011160276464746], "aligned_model": [[-0.5140810441896607, -0.4993096690524033, 0.22545221367604337, 0.567579730207089, 0.554404172200048, -0.35776234955522224, 0.30017587924663586, 0.13503431075882497, -0.5836861387657964, -0.4197403048918969, 0.22929121910183456, -0.01727834780134261, 0.6098891460342721, 0.002524760319136711, 0.024338511616013716], [-0.16393151623329566, 0.4414358854695869, -0.5096561616553462, -0.11890458046785571, -0.25271182365253186, 0.49685244323554445, 0.49973789249874745, 0.6782430486689218, -0.21402505423553717, -0.010978727741040192, -0.06050226244647484, -0.6066495021347713, 0.3087583024281002, 0.4597138865879382, 0.020490787355135327], [-0.47806038958751584, 0.2474442181987269, -0.25134494793351886, -0.6852066464086384, 0.2112263495409493, -0.5495392052091759, -0.5217180761096915, -0.02241243414377915, 0.15037232650113622, 0.7049278542778962, 0.664661260785939, 0.4633487530495489, 0.3995713670554086, 0.5734225423855696, -0.03912980683535739]], "inverted": true, "swapped": false, "error_lsq": 0.04942961458017032, "error_max": 0.31003267134708595, "target": "504.xyz", "model": "8.xyz", "model_rescale": 4.019505241142653, "target_rescale": 4.082523544764816},
{"mapping": [7, 9, 12, 6, 5, 3, 4, 1, 0, 8, 11, 2, 14], "R": [[0.46745187933640664, -0.1916081555064153, -0.8630035082479625], [0.44897664925806513, -0.7894911017170523, 0.41847791904782206], [-0.7615173727012813, -0.5830867131508182, -0.2830215115872176]], "T": [0.007940285555518532, -0.01976871872114612, 0.017861613844913065], "aligned_model": [[-0.1396338117728388, -0.7561580746445363, 0.05566533113238253, 0.42232072267092013, 0.4914075835889664, 0.6235964188741079, 0.24590463469612037, -0.40742943696970774, 0.18300873289291694, -0.3377053415887134, -0.37273897857879723, 0.3599479970962589, -0.048485005655903614], [-0.485713730897304, 0.1309736054911077, 0.007017426887995032, -0.48743997389029603, -0.6633969406968602, 0.015931937628558532, 0.6289490542648076, -0.5759016901693997, -0.43513023326602945, 0.11941126177566956, 0.6799884171075555, 0.17166107989356977, -0.042971986015315836], [-0.33600247010058915, 0.06075954130910262, -0.7386007563186654, -0.4977111263751655, 0.10189300050811623, -0.20363119017839518, -0.18627657722988386, 0.19515764677487088, 0.5955584413449394, 0.6892981883032816, 0.22873677866929176, 0.30635496667863066, -0.038832949341655223]], "inverted": false, "swapped": true, "error_lsq": 0.04667184689343333, "error_max": 0.2919920248143158, "target": "504.xyz", "model": "9.xyz", "model_rescale": 3.877068213659057, "target_rescale": 4.082523544764816},
{"mapping": [2, 9, 4, 3, 5, 13, 6, 10, 7, 8, 0, 1, 12, 11, 15], "R": [[-0.9390317862233649, 0.2604262836289584, 0.22449377554258815], [-0.33786940718394926, -0.8199683174177902, -0.4620565139895822], [0.06374612263756431, -0.5097353325268394, 0.8579663878162298]], "T": [-0.004172915104620329, 0.12904403180592344, -0.029862636810646007], "aligned_model": [[-0.6021773721622277, -0.5670846832429961, -0.07780132077634228, 0.44940948174380024, 0.5678552030643309, -0.14257449455099583, 0.39630451184423016, -0.022869747962334753, -0.4765987084443986, -0.47139589974868806, 0.32029776552963235, 0.10488935939420882, 0.6639182193646525, 0.07850636736212449, 0.03615340748857976], [0.016674022357676926, 0.44067216644083884, -0.46217914910307084, -0.12435646103064729, -0.3706685248962755, 0.3014860095028241, 0.4947088798301919, 0.8318508629992531, -0.519935118648027, 0.019350184127029713, -9.923400963862683e-05, -0.6161824621633543, 0.31464374571667064, 0.5244024812628281, 0.11750521529082153], [-0.29466257688870245, 0.11732279349732853, -0.35099296546096503, -0.3942971881743306, 0.1547088532433965, -0.7706374089906938, -0.3234807979462689, 0.06460304970546037, 0.1182133621904017, 0.5742837678048136, 0.685544121570225, 0.40100799710495827, 0.24834986821624666, 0.5878032186140493, 0.049797071081578895]], "inverted": true, "swapped": false, "error_lsq": 0.03748418655807154, "error_max": 0.2320468526549294, "target": "504.xyz", "model": "10.xyz", "model_rescale": 4.260839863003843, "target_rescale": 4.082523544764816},
{"mapping": [12, 3, 2, 4, 11, 10, 13, 7, 0, 8, 9, 14], "R": [[0.18987392246522655, -0.9342134060308975, 0.3019821278814684], [0.22258711538555923, -0.2586089210650611, -0.9399874477938], [0.9562441475020935, 0.24569643452381518, 0.15884077697581217]], "T": [0.0853910389183653, -0.11558373556792123, 0.023403973673950217], "aligned_model": [[0.29765942248635086, 0.11680067001267175, -0.18960509434737993, -0.46782096213356894, -0.6424353602968901, -0.3044330620844046, 0.4076582808859427, 0.6400588710710561, 0.29660784411590635, -0.25552377405836696, -0.06572647272229207, 0.12565828616510527], [0.02785281471800996, -0.6516095679837252, -0.5094699883417846, -0.23678314886696034, 0.2620049907102192, 0.4316168323966527, 0.6016434976701598, 0.07272739229053471, -0.4644447791842724, 0.06426006534925063, 0.6244734349105197, -0.04919303813566964], [-0.6904577667386546, -0.3521700079171185, 0.13748270953525174, -0.4220187082958164, 0.10550496524986716, -0.38660270896808924, -0.2851637039562839, -0.12145862874786201, 0.6321660018678877, 0.6875593302134547, 0.2180540870801032, -0.00671749192723534]], "inverted": true, "swapped": true, "error_lsq": 0.045873337984089164, "error_max": 0.2643073869273277, "target": "504.xyz", "model": "11.xyz", "model_rescale": 3.890672605050136, "target_rescale": 4.082523544764816},
{"mapping": [0, 5, 6, 1, 7, 11, 2, 9, 8, 4, 12, 3, 10, 14], "R": [[0.4332827855101035, -0.9003701751427085, -0.03999469332416891], [-0.8600877674727958, -0.4263419354695734, 0.2801456519450551], [-0.2692862046675757, -0.08698334193135385, -0.9591239952176078]], "T": [0.06530128652590808, -0.02357717675759097, 0.07418145127959681], "aligned_model": [[0.24348721019407038, 0.42189361667013603, 0.417563690185192, 0.6930355219847595, 0.6128205823990285, -0.4441252926392565, -0.3085156882818181, 0.23544831472575883, -0.05536961978385217, -0.5665071263343701, 0.17805564442772398, -0.17287191486071182, -0.16576933520919207, 0.12073023131622529], [-0.3732430373812008, 0.22248036438309965, 0.6659790983040378, -0.365575810883522, 0.2166801568276949, -0.45873831749210364, -0.07645734144312072, -0.49865690451470845, -0.7807425604164401, 0.23455767041683162, 0.6249736499170476, 0.5026549975289374, 0.025233577330634468, -0.006993022749422709], [-0.5446006881221606, -0.6094535294418623, -0.16386506208448315, 0.026890484868061407, 0.15543225303440994, 0.5539360015023718, -0.2440130944616694, 0.6689579014010102, 0.03165905465687223, 0.3050898998436757, 0.45087598938600276, -0.23520390467253183, 0.8249947763949631, 0.1340903530522014]], "inverted": true, "swapped": true, "error_lsq": 0.04541403007851028, "error_max": 0.2973282442389798, "target": "504.xyz", "model": "12.xyz", "model_rescale": 4.124412569039231, "target_rescale": 4.082523544764816},
{"mapping": [2, 11, 10, 0, 4, 3, 8, 6, 9, 1, 12, 13, 14], "R": [[0.8686524648005418, 0.2958806618492277, 0.3973632209196096], [-0.383213200880666, -0.1070558973301626, 0.9174348355701499], [0.31399130253358576, -0.9492068630127454, 0.020391006418653018]], "T": [0.03173725531425023, 0.0061519017621795985, -0.015700313621356016], "aligned_model": [[-0.1772772705557726, 0.055508384492534174, 0.5717681131283511, -0.6479510403038389, 0.43582060716460314, 0.2568576196016224, -0.5610752426224349, 0.37146671650982144, 0.034862962607929066, -0.3182051255896403, 0.7566649248269381, 0.5113107958517779, 0.07754686239786682], [-0.2443582017230702, 0.5952879461707048, 0.526913404951544, -0.22869201615768497, -0.04703750240510643, -0.5893196663090243, 0.4394080572094987, -0.5750464466225935, 0.7810650516417894, 0.25284446329464844, -0.10282110058059636, 0.4917047080343992, 0.04753667900396876], [0.3548949203444879, 0.5599721114790711, 0.22235619336599705, -0.15634144749607598, 0.5784559903482046, 0.13954306560187002, 0.20909178168559142, -0.4662945579965574, -0.10463638418681025, -0.590098156363748, -0.21021317638552092, -0.5134279324645641, -0.07160432696410644]], "inverted": false, "swapped": true, "error_lsq": 0.04362396493516573, "error_max": 0.28021434806656337, "target": "504.xyz", "model": "13.xyz", "model_rescale": 3.9028299243045295, "target_rescale": 4.082523544764816},
{"mapping": [1, 6, 12, 8, 13, 2, 0, 3, 11, 9, 10, 14, 4, 7, 15], "R": [[-0.6349695309005376, 0.7024466822181374, -0.3215312635945102], [0.6608930854604733, 0.7094438461676678, 0.24476470073391363], [0.4000425282622924, -0.05707966166295695, -0.9147173813839745]], "T": [0.05390153998710849, 0.08404995455754628, -0.019200639175444068], "aligned_model": [[-0.5437516051819182, -0.5170560409636255, 0.0646971778819625, 0.4653730244316319, 0.4666278188954438, -0.14811912224032142, 0.48052343686284216, 0.0053869686203670275, -0.45726107337623373, -0.436406511602721, 0.39700474113719597, -0.0625186373619054, 0.5716279981334427, -0.028328291757163435, -0.0009677945754211145], [-0.03655480095211233, 0.4089931986156118, -0.5426342831121477, -0.025729102841645354, -0.575556412378729, 0.31842614831719024, 0.6645670155196459, 0.7052216822406808, -0.43630768559299093, 0.04597223946300691, -0.021051268784750846, -0.5626647344329276, 0.4578661664149005, 0.4668251489454105, 0.10049930625597825], [-0.24384250250646206, 0.09405831696111777, -0.32150943729366604, -0.6635196095644813, 0.14580787936478457, -0.6873362701574453, -0.42933489558766513, 0.002741701866529167, 0.09826168403693042, 0.5799600726732439, 0.6339352794980657, 0.5734688354332382, 0.20792053590644524, 0.7977138980742071, 0.07923767686265595]], "inverted": true, "swapped": false, "error_lsq": 0.03823755138516571, "error_max": 0.24463529640721512, "target": "504.xyz", "model": "14.xyz", "model_rescale": 3.942246331269136, "target_rescale": 4.082523544764816},
{"mapping": [12, 3, 0, 8, 7, 13, 11, 4, 1, 5, 9, 2, 6, 10, 14], "R": [[-0.11758630589401592, 0.9415631048999791, 0.31564597281972456], [0.7409778201617976, -0.12842919498699723, 0.6591341380199199], [0.6611545437297319, 0.31139181326120824, -0.682575862406097]], "T": [0.01534973661746383, 0.14198746550119895, 0.07413313043755902], "aligned_model": [[-0.5574775097065494, -0.6838834817204288, 0.07095538350304054, 0.5069449480606821, 0.6266227188474996, -0.19189646497138196, 0.4389800658504673, -0.1957779616473769, -0.6669616384990106, -0.33028493371770345, 0.440606104990338, 0.028514095956451182, 0.5739075021885205, 0.21014026790131526, -0.013557008132286986], [0.022079825778791903, 0.27065083543139157, -0.5670935953698109, -0.14340887326835722, -0.43159291518168824, 0.5359712034873048, 0.5967446595107566, 0.688802866133936, -0.29250030456939585, -0.14893769665227097, 0.06562588372769973, -0.542373746828505, 0.1655758830857278, 0.6967064663674174, 0.05162212602412364], [-0.49645197449228234, 0.1793309161161849, -0.11249362010141757, -0.45096115080231675, 0.24244948799175425, -0.6061283432876603, -0.2834200310741814, 0.06507832072922075, 0.026039463220695433, 0.5198671126258052, 0.7534623850113078, 0.4119560860538079, 0.08982384152875723, 0.4782915091003071, 0.05071916294751576]], "inverted": false, "swapped": false, "error_lsq": 0.05029748866691307, "error_max": 0.2670266323780027, "target": "504.xyz", "model": "15.xyz", "model_rescale": 4.355366556412066, "target_rescale": 4.082523544764816},
{"mapping": [13, 7, 12, 11, 10, 9, 4, 8, 3, 1, 2, 14], "R": [[0.004758518312867832, 0.3925379074739976, -0.919723516987253], [-0.2776798910128199, -0.8830446339370762, -0.3783200399160004], [-0.960661873205435, 0.2571889687970129, 0.10479789930411071]], "T": [0.15411457739242124, 0.09575591241697097, -0.02444997844821239], "aligned_model": [[-0.20041933603240153, 0.3606553825867933, 0.14893294546464378, -0.5990820608197807, -0.5333475929543676, -0.49981802828364547, -0.12938603936301785, -0.17274585140077375, 0.5669554573192814, 0.24487766759746687, 0.2832431202062679, 0.1279428903113145], [-0.65822934394985, -0.44613628723191473, -0.5061408208681969, 0.42203325415677945, -0.1559420667530368, -0.08563421206267556, 0.28136742730803554, 0.5865220994033197, 0.1512060823826047, -0.13879153866444222, 0.544271773454314, 0.018250060566043433], [0.11446376613811998, 0.14227254021696908, -0.48588683024552526, -0.09713427439845716, -0.3134839950246645, 0.36010112937104255, -0.6603036938137719, 0.46746449567856185, -0.530269867443003, 0.6463699126275453, -0.18551690006703248, -0.008817821830363087]], "inverted": false, "swapped": true, "error_lsq": 0.03995920841922728, "error_max": 0.22243054542566323, "target": "504.xyz", "model": "16.xyz", "model_rescale": 3.795458400668931, "target_rescale": 4.082523544764816},
{"mapping": [2, 3, 4, 0, 11, 12, 7, 8, 1, 13, 10, 9, 14], "R": [[0.12427045483806683, -0.9651172765626806, 0.23044629859161142], [0.7896197922570997, 0.23683161863262808, 0.5660489096285799], [-0.6008805519653593, 0.11162180296019036, 0.7915068763906741]], "T": [-0.09994355604458867, -0.01296019110326764, -0.15122048138570426], "aligned_model": [[0.20682704313648975, -0.12936989879526317, 0.42136091155092875, -0.2391833072451648, 0.6079194395598954, -0.3781219998020054, -0.6749850832127822, 0.28255219873045095, -0.5552535466951852, -0.489232477506702, 0.22118713880126373, 0.02141927948847118, -0.14648789710617427], [-0.25307297333154083, 0.09929159724569046, 0.3938306754108497, -0.7294883022456665, 0.14305846839024072, 0.6705275339211962, 0.141255268668048, -0.5037486591589616, -0.3289288145795318, 0.5331165980199519, 0.6246697707556169, 0.13531413761513456, 0.03795596475945785], [-0.45456988834035716, -0.7961233422535132, -0.43739704312810773, -0.21531050518074918, 0.24074028676391024, -0.3264111723912229, -0.052998831632188034, 0.2987714266060166, 0.30276896012975285, 0.3623351310162987, 0.18014016757876944, 0.604885047058924, -0.10455520539123805]], "inverted": false, "swapped": true, "error_lsq": 0.049705898421757766, "error_max": 0.30803537106350526, "target": "504.xyz", "model": "17.xyz", "model_rescale": 3.7474275329858107, "target_rescale": 4.082523544764816},
{"mapping": [1, 9, 8, 13, 5, 3, 0, 11, 7, 2, 12, 10, 4, 14], "R": [[0.8773984380355438, 0.3760840504878571, 0.2978804590795361], [-0.11271144163905016, 0.7650976182653736, -0.6339730005672954], [-0.4663347637228381, 0.5226723844754952, 0.713684430718693]], "T": [0.05940834244742217, -0.08183202563234945, 0.10626589368360023], "aligned_model": [[0.38862401587896334, 0.12957771087723935, 0.7090250202844163, -0.40365358060157835, 0.24457558541729646, -0.21361485418220577, 0.698677679077081, 0.1400476439938777, -0.16921705538306347, 0.26880132277200414, -0.6854881390010502, -0.40449424053793265, -0.302043325537993, 0.014029864825821872], [-0.4168989300928789, 0.3303812736448536, 0.28786869442765606, -0.10693677884302163, -0.8269043666686887, -0.303194835729496, -0.42035579703377346, 0.732459012199945, -0.5231443345107166, 0.02400905558723282, -0.2106033208858822, 0.4922723182958595, 0.3952610515527527, -0.09380480043260848], [-0.4346564496499909, -0.5521915766083021, -0.0697698683607984, -0.5997287931308615, 0.36246794107879005, 0.6592784740095257, 0.22307404820619514, 0.008939149276700808, -0.2358985872024289, 0.5407028358606194, 0.04480305540045684, -0.16703863774018807, 0.507350758665648, 0.03746236885628876]], "inverted": true, "swapped": true, "error_lsq": 0.0338647650675507, "error_max": 0.18884080575199538, "target": "504.xyz", "model": "18.xyz", "model_rescale": 3.922800546911778, "target_rescale": 4.082523544764816},
{"mapping": [6, 10, 8, 5, 12, 1, 0, 2, 4, 11, 7, 13, 3, 9, 14], "R": [[0.4787222971531655, -0.8640099642888486, -0.15592223644490005], [-0.4586828671485187, -0.39755798191807945, 0.7947060326923652], [-0.748622060583851, -0.30892463906721157, -0.5866264380202979]], "T": [0.011363552226158636, 0.008951439317021692, -0.009400993140743802], "aligned_model": [[-0.5753724612101793, -0.6679960999144747, -0.059184964254348466, 0.5733391267350147, 0.6852512108215483, -0.1356016231811144, 0.575245677526526, -0.1160770984367341, -0.6237506653501445, -0.2929612890498095, 0.3602682714414666, -0.035560684954673405, 0.547512597496304, -0.03042346876466753, 0.05214355999886204], [-0.0429124087577995, 0.35985973765574086, -0.4812164376777156, -0.11956584304407003, -0.36165362512243615, 0.34757073829904495, 0.5368752408509404, 0.7125735197820436, -0.29153126578561217, -0.07290460985447833, 0.004567267290056465, -0.5652097209880179, 0.2987262596281088, 0.6182816312540823, 0.02441213414723358], [-0.3683143026081098, 0.2473761017561499, -0.36877407672727314, -0.5096014349395049, 0.15534534026659566, -0.6510560652085009, -0.32842457254765023, 0.03307030573837008, 0.16440123256079694, 0.629292666578213, 0.7092486398540699, 0.364699026616477, 0.18482567432460226, 0.5288496436314208, 0.07662498627184083]], "inverted": true, "swapped": false, "error_lsq": 0.03857359405610415, "error_max": 0.22060899295388733, "target": "504.xyz", "model": "19.xyz", "model_rescale": 3.9282355846067225, "target_rescale": 4.082523544764816},
{"mapping": [13, 10, 4, 9, 1, 11, 8, 2, 0, 5, 12, 7, 3, 14], "R": [[0.54642065008071, -0.7129025570820255, -0.43953886889703364], [-0.7344647757050604, -0.15568821720996703, -0.6605472521103221], [0.4024748022098894, 0.6837624756652646, -0.6086730735445909]], "T": [0.030520947388914484, -0.047425778397678725, 0.06987525677548995], "aligned_model": [[-0.6049252131549612, -0.000880070180622243, 0.5937107216818207, -0.45944888238180087, -0.6150440784798258, 0.19983276670614084, -0.06597160743473998, 0.45730160615148047, -0.022099301145511445, 0.01209210668229866, -0.009727734618256677, -0.4180334769201787, 0.5002311814579381, -0.03451519927910537], [-0.6029209559957337, -0.7418455608125761, -0.4707492737957, -0.2804036647392928, 0.263171716649626, -0.3067520690652895, 0.35865155504834056, 0.19185255721846292, 0.6817736257269068, 0.4579939525671938, -0.6813129863688965, -0.15630827746704473, -0.09212431535883095, -0.0981442161823293], [0.1033173819652754, -0.29930208949719755, -0.08095139166888377, -0.49053589134729497, 0.07485170738614734, -0.6937532322378586, -0.5746861647976493, 0.0036381159705085597, 0.11893758438299804, 0.701753776522386, 0.48435993226126245, 0.4585218678630645, 0.524562413395357, 0.08146914704556776]], "inverted": false, "swapped": true, "error_lsq": 0.043552292893807784, "error_max": 0.26455916529082296, "target": "504.xyz", "model": "20.xyz", "model_rescale": 4.067790424073018, "target_rescale": 4.082523544764816},
{"mapping": [5, 8, 13, 10, 11, 1, 9, 7, 4, 2, 3, 6, 12, 0, 14], "R": [[-0.7904492584392526, 0.34760979241356654, -0.5043385787851583], [-0.6125221202678072, -0.4520356629422921, 0.648444609516459], [-0.0025733277028098245, 0.8214810963415532, 0.5702299416358407]], "T": [-0.017702398285977482, 0.025705681854094796, 0.08699307245631314], "aligned_model": [[-0.45206629123599834, -0.5002061193545044, 0.13061727050685115, 0.5161563415737264, 0.5198738858356016, -0.1372737387438765, 0.40567673874162624, -0.1552270541392963, -0.7486617744065833, -0.27532586505991014, 0.44333362416991656, -0.12758331830673367, 0.6946739418394701, -0.09994816535320238, 0.04279261283648865], [-0.17490815725780104, 0.3093065979828974, -0.37356088201169113, 0.019105127162889833, -0.33338763103554264, 0.37981278321928025, 0.5375126638647345, 0.7391546652221167, -0.20830060165056724, -0.03305371641127961, -0.12206823344887704, -0.6337762773093704, 0.2822298523650251, 0.5459163672655777, 0.03389005971972898], [-0.25876438142715, -0.022224949183811307, -0.46862459456408667, -0.5344874985246679, 0.09679028466838845, -0.6434971441671995, -0.31655818694428994, -0.08254003455334648, 0.31810331558281224, 0.7826218628480018, 0.7865312576934728, 0.40411549621200016, 0.20416460001672043, 0.5635164256135305, 0.038416712297123914]], "inverted": true, "swapped": false, "error_lsq": 0.04487583140198929, "error_max": 0.3058823539050843, "target": "504.xyz", "model": "21.xyz", "model_rescale": 4.186013935880536, "target_rescale": 4.082523544764816},
{"mapping": [8, 1, 9, 4, 3, 11, 2, 5, 13, 7, 6, 12, 14], "R": [[-0.35563186599191315, 0.4539102001585369, -0.8170015337091768], [0.015602816588292823, -0.8711428109856787, -0.49078177939129153], [-0.934495868372687, -0.18728516508257467, 0.3027238658156484]], "T": [-0.009865659958702928, -0.13719911186709008, -0.02591826694066848], "aligned_model": [[0.10661720778626571, -0.34249553728726545, 0.4548450540108293, 0.48891470273139176, -0.20477913462065794, 0.7138301860583062, -0.07279152514966442, -0.8017456458903057, 0.2726152203676783, -0.25986043344624293, -0.4768841221221089, 0.17117224180654522, 0.009135821178453879], [-0.42504232216226356, 0.27067577505103013, 0.21853704533178445, -0.4672939696895716, -0.38204213953344157, -0.3859943725857623, -0.6244822642536185, -0.164572124897674, 0.6587099531393183, 0.4037339807167545, 0.17134637361204744, 0.30149642260045484, -0.05611569778296489], [-0.7282337714429459, -0.5119688949056619, -0.5415785459358158, 0.37581512243461046, 0.5497784438273207, -0.3315492979672882, 0.022853408253812216, 0.13911505204224064, -0.040696748341494865, 0.06893246345873441, 0.5596893144843424, 0.5656914026963974, -0.024968387268905864]], "inverted": true, "swapped": true, "error_lsq": 0.04308365040277276, "error_max": 0.22543313791452715, "target": "504.xyz", "model": "22.xyz", "model_rescale": 4.166573947596378, "target_rescale": 4.082523544764816},
{"mapping": [5, 6, 7, 10, 8, 13, 14, 12, 1, 2, 3, 4, 9, 11, 15], "R": [[-0.08770582997989912, 0.6716850195356254, -0.7356268904267731], [-0.8666905083862497, -0.4155019288801894, -0.2760538168003225], [-0.49107560523886856, 0.6133493145249845, 0.6185849725874453]], "T": [0.05852853227607821, 0.0650806516777801, 0.11204604565156576], "aligned_model": [[-0.4737767978501277, -0.6573197269279278, 0.07059793474148657, 0.3763857173569045, 0.5956838638539357, -0.07039237735934226, 0.31880556089746703, -0.08351763377528806, -0.5667682899369956, -0.3755629356380167, 0.2445300985725258, 0.015803651751074593, 0.6278985735625617, 0.2372387693525928, -0.0027743196972745895], [-0.13797423847976714, 0.32028395924492603, -0.37678423386603027, 0.04662640638631707, -0.5339050122581069, 0.23627721247057945, 0.6436634318404952, 0.7039531615427755, -0.27415121643244883, 0.022382753736670147, -0.01212850618426238, -0.5396292078090972, 0.22809960859212733, 0.6044217573444997, 0.03673674154844346], [-0.4933312980801622, 0.15129109079419065, -0.4500921936612381, -0.5658680225217496, 0.19426200747135147, -0.7070292106754931, -0.360686011746121, 0.14439041267467917, 0.15704254169089385, 0.6244430852455591, 0.6784988815466353, 0.5272015391574074, 0.21049269137441576, 0.6590991969345651, 0.09784845536256373]], "inverted": true, "swapped": false, "error_lsq": 0.03589922069050831, "error_max": 0.18541373550541806, "target": "504.xyz", "model": "23.xyz", "model_rescale": 4.274766983524099, "target_rescale": 4.082523544764816},
{"mapping": [0, 3, 6, 7, 12, 13, 9, 10, 11, 4, 14], "R": [[-0.25157416931764465, -0.9538033082161407, -0.1642245005109858], [0.8540970839342775, -0.13897961409913687, -0.5012013947305203], [0.45522369066987367, -0.2663529915371718, 0.8496043051633498]], "T": [0.09080852085496904, 0.05100061864862862, -0.1316698685930512], "aligned_model": [[0.348524065355714, 0.06266409531746105, -0.5001355344480062, -0.48697847513498405, -0.4848016913533625, -0.56703301350143, 0.05292436086060004, 0.005994972228757431, 0.5793326687767872, 0.34855250192668297, 0.02085075392985504], [-0.16343024608052395, 0.6843030010152831, 0.49456869526638925, -0.056467572432329846, 0.422965367027777, -0.2774475874063942, -0.5805264903124442, 0.012557278653622078, -0.16758792079952808, 0.5264266722661228, 0.02022533404550946], [-0.783214092645367, -0.29750731126082575, -0.4637470959682125, -0.26847423128445547, 0.19320796169107707, 0.28408412433631686, 0.32456262216011544, 0.649883419861394, 0.4949147575700268, 0.34443126485241277, -0.09857498529090455]], "inverted": false, "swapped": true, "error_lsq": 0.04791593286819822, "error_max": 0.23202405544302432, "target": "504.xyz", "model": "24.xyz", "model_rescale": 3.7841303162186577, "target_rescale": 4.082523544764816},
{"mapping": [14, 11, 9, 8, 2, 10, 0, 7, 13, 3, 4, 5, 1, 6, 15], "R": [[-0.3645912863679073, -0.6287833551773522, -0.6868076049058472], [0.8152259231314724, 0.1408859165247357, -0.5617453629353999], [0.449977652955159, -0.764710828206909, 0.4612347136372864]], "T": [0.026562695431018402, 0.08118123576462177, -0.016071971391501738], "aligned_model": [[-0.47988267656223715, -0.6146651432207035, 0.028669234878818544, 0.5869153839083011, 0.46075767416375196, -0.275945051905299, 0.45263473918518565, -0.07591672184511546, -0.6973943265037931, -0.2966308103692158, 0.4023543586193291, 0.07001196056943897, 0.7141320826903795, -0.030435604641018448, 0.012226989935753552], [-0.33306029517150915, 0.4654628843756348, -0.353195326957251, 0.010258486509187786, -0.5313816747721548, 0.3420435346149934, 0.6310264370471655, 0.7136627871110153, -0.161624496130631, -0.07145850875595067, -0.040936347014140784, -0.6005530009376142, 0.3209433886722489, 0.4683912207059699, 0.1082935283801573], [-0.46464303771752413, 0.15880525022849407, -0.4078030944537489, -0.19052142479619188, 0.0548817389076495, -0.6836759176929033, -0.25578600416659625, -0.12684478548170466, 0.15402095680108963, 0.705903758002776, 0.6168358139238554, 0.5341001265111766, 0.13492088122109697, 0.5912550192763327, 0.046113885003696266]], "inverted": false, "swapped": false, "error_lsq": 0.04584485822607364, "error_max": 0.2986538993828218, "target": "504.xyz", "model": "25.xyz", "model_rescale": 4.19342608120988, "target_rescale": 4.082523544764816},
{"mapping": [13, 7, 12, 11, 10, 9, 4, 8, 3, 1, 2, 14], "R": [[0.004758518312867832, 0.3925379074739976, -0.919723516987253], [-0.2776798910128199, -0.8830446339370762, -0.3783200399160004], [-0.960661873205435, 0.2571889687970129, 0.10479789930411071]], "T": [0.15411457739242124, 0.09575591241697097, -0.02444997844821239], "aligned_model": [[-0.20041933603240153, 0.3606553825867933, 0.14893294546464378, -0.5990820608197807, -0.5333475929543676, -0.49981802828364547, -0.12938603936301785, -0.17274585140077375, 0.5669554573192814, 0.24487766759746687, 0.2832431202062679, 0.1279428903113145], [-0.65822934394985, -0.44613628723191473, -0.5061408208681969, 0.42203325415677945, -0.1559420667530368, -0.08563421206267556, 0.28136742730803554, 0.5865220994033197, 0.1512060823826047, -0.13879153866444222, 0.544271773454314, 0.018250060566043433], [0.11446376613811998, 0.14227254021696908, -0.48588683024552526, -0.09713427439845716, -0.3134839950246645, 0.36010112937104255, -0.6603036938137719, 0.46746449567856185, -0.530269867443003, 0.6463699126275453, -0.18551690006703248, -0.008817821830363087]], "inverted": false, "swapped": true, "error_lsq": 0.03995920841922728, "error_max": 0.22243054542566323, "target": "504.xyz", "model": "26.xyz", "model_rescale": 3.795458400668931, "target_rescale": 4.082523544764816},
