[{"mapping": [6, 2, 3, 8, 11, 5, 1, 4, 9, 7, 0, 10, 12, 13], "R": [[-0.6652790751799791, 0.43774919399001744, 0.6047969868383619], [-0.4130972162313745, 0.4589426226348376, -0.786589066203533], [-0.6218958450332023, -0.7731411981586204, -0.12449195010237468]], "T": [0.1909098297306825, -0.03647984702833973, -0.1077928766632234], "aligned_model": [[-0.30571209265776356, -0.17104571148871095, 0.16332055858189426, -0.4150718846986009, 0.11288168495513917, 0.41754997666037386, 0.7415166816868916, -0.7510435145065422, -0.02526811865199763, -0.4318170979007768, 0.4212638911929435, 0.17915252199512907, 0.5515794177794864, 0.07890268683347462], [-0.5212444952247551, 0.24643000864192666, -0.23496115952068025, -0.37433792773583097, -0.2980120959927164, -0.7498159565147382, -0.012299033781085322, -0.009417123243353864, 0.6374973983028516, 0.21411263122708207, 0.5757716503733085, 0.3475441278338737, 0.3271247592046587, 0.006956953591337037], [-0.4285984038130264, -0.7244033251271693, -0.5905395043122716, 0.2516750783768561, 0.5345266172164211, 0.002602318631201306, -0.2789404628937818, -0.2671532634371214, 0.08132332881124363, 0.23978310915852158, -0.5170575158368357, 0.8237736948105832, 0.16207551080825883, 0.0022412387161902664]], "inverted": true, "swapped": false, "error_lsq": 0.05098309388627126, "error_max": 0.3035037390536906, "target": "506.xyz", "model": "0.xyz", "model_rescale": 3.8414455957264533, "target_rescale": 4.065093456463059},
{"mapping": [2, 7, 4, 6, 10, 5, 3, 9, 13, 8, 0, 12, 11, 14], "R": [[-0.6190620004190764, -0.008650658653245796, -0.7852944707191031], [-0.45029000939374975, 0.8231581036553565, 0.34590409628493], [0.6434292090644534, 0.5677463363962663, -0.5134812074762906]], "T": [0.04930110760730862, 0.01622220293856854, -0.08851494983906502], "aligned_model": [[-0.1764798342318707, -0.22213203830990075, 0.2927801698103919, -0.4070102333220876, 0.19088434713079316, 0.19275630289472862, 0.7198904207118546, -0.5986035646359857, -0.19905836121066067, -0.4008206997767942, 0.30909065119695234, 0.20931668458471292, 0.5234018230741057, 0.13219333186470084], [-0.5497078897262813, 0.18160057830785928, -0.14783801104585678, -0.584016095687056, -0.3187508088927992, -0.619912488058594, -0.37424532623536216, 0.1838231275805917, 0.7226447138280485, 0.21426398636911054, 0.4965792992999472, 0.30344053377389135, 0.6374299423819076, 0.01003817526647163], [-0.5048691549781485, -0.6470210307306006, -0.5463570921810325, 0.11525236546413645, 0.49125100987316905, 0.006753338890638061, -0.19444872089831958, -0.22132739555816652, 0.030362344024769283, 0.5299284251222081, -0.5652578811174601, 0.6000997388104234, 0.2514774885761757, -0.05453501418872283]], "inverted": false, "swapped": false, "error_lsq": 0.03813886002719989, "error_max": 0.2492522902928234, "target": "506.xyz", "model": "1.xyz", "model_rescale": 4.316132596720782, "target_rescale": 4.065093456463059},
{"mapping": [4, 5, 6, 8, 12, 9, 10, 7, 2, 3, 1, 13], "R": [[-0.01013310907886894, 0.7536895909071171, 0.6571524333506336], [0.5711227331071966, -0.5350852731245539, 0.6224970475539525], [0.8208021343957155, 0.3816225242873966, -0.4250271816342501]], "T": [-0.0556792778176819, -0.04158635203621903, 0.039772338370744224], "aligned_model": [[-0.19688026540906317, 0.3624893781159903, 0.35020674535436935, -0.6011541614081969, -0.6361932844506705, -0.3860153927741995, -0.2392162107373848, -0.08846897090137273, 0.4954133448462362, 0.24666772875044857, 0.3308514259388394, -0.039891782693215576], [-0.7422979621754922, -0.5445565816240613, -0.4545111931438983, 0.2167715931174342, -0.10204824638390517, 0.08507752168693733, 0.3386433335468971, 0.7091821951069412, 0.1164890597934698, -0.13711120961319231, 0.5285212983768339, -0.0013833809469839947], [0.23131414878585707, 0.07410524072234217, -0.583012367781984, -0.1688174271398726, -0.5414237064223539, 0.48390921630058814, -0.5927889614685774, 0.4320878644163738, -0.3631777068515675, 0.6375694001606185, -0.11034265366563203, -0.05016458584637092]], "inverted": true, "swapped": true, "error_lsq": 0.05296774480773133, "error_max": 0.2618767236861726, "target": "506.xyz", "model": "2.xyz", "model_rescale": 3.795458400668931, "target_rescale": 4.065093456463059},
{"mapping": [10, 8, 7, 3, 2, 0, 9, 6, 4, 5, 1, 13], "R": [[-0.7752755381310432, 0.6027074859881617, -0.18892201118305796], [0.21639509469429993, 0.5344549104806977, 0.8170257717203997], [0.5933978454358143, 0.5925382983376681, -0.5447727618330731]], "T": [0.04447104822143552, -0.13668136008373202, 0.08104990723523539], "aligned_model": [[-0.14701166515718908, -0.29996731416347133, -0.7573618199295814, 0.03608103819105385, 0.22253590549951094, 0.17761747392052105, -0.323806559478406, 0.7492628554945719, 0.5529445370247816, 0.6186639313026112, -0.27929011389869296, 0.04363555693785539], [-0.1988244863350778, -0.5657946576483521, 0.10596141365621042, 0.1342231143094861, 0.4208824960022173, 0.6128785226140177, -0.3872874173486315, 0.07951889905221035, -0.5050781319251728, 0.08241195130604204, 0.41792553893268114, -0.11104819732592133], [-0.6523441341473543, -0.24302625526163715, 0.21077493655854715, 0.7010824961899137, -0.3042747695160595, 0.3310093094739145, 0.43317411801520145, -0.3427863049720067, 0.4726635871531002, 0.3075967650022232, -0.20973029550578123, -0.015368022350960728]], "inverted": true, "swapped": true, "error_lsq": 0.05855251104752928, "error_max": 0.3235127547928917, "target": "506.xyz", "model": "3.xyz", "model_rescale": 3.7530521520055578, "target_rescale": 4.065093456463059},
{"mapping": [6, 0, 1, 7, 10, 3, 12, 5, 4, 9, 13], "R": [[-0.6036785717562072, 0.7724470189602508, -0.19722521365638712], [-0.7445456047364902, -0.45782368592055467, 0.48584906614883105], [0.2849982885386502, 0.44013983631289166, 0.851500381691342]], "T": [-0.027816762656610483, -0.030522896927365005, 0.0973725581359776], "aligned_model": [[-0.650526791644388, -0.2995502110734515, 0.27952792502147816, 0.6944127916139969, 0.3173633718591987, -0.1807697468189117, 0.1172663438157962, -0.6586678137876342, -0.5578959522821371, 0.28719729359356994, -0.010157607852312747], [-0.5906810250709214, 0.1926184359058018, -0.24209933037133816, 0.26645490727274523, -0.7080446307638171, 0.5798801267956183, -0.6104649709896771, 0.07262913331606233, 0.24259487082879314, 0.3887111056062825, -0.12439526421520317], [-0.04948202878834314, -0.6226389485684318, -0.500739375039804, -0.23251939702357688, 0.11183604711735444, -0.15145181998261154, 0.6639933113712936, -0.045489034968839756, 0.5356025003805611, 0.31516201511867, 0.06855750762904492]], "inverted": false, "swapped": true, "error_lsq": 0.056966454033776516, "error_max": 0.35555622554986893, "target": "506.xyz", "model": "4.xyz", "model_rescale": 3.7855080009869324, "target_rescale": 4.065093456463059},
{"mapping": [3, 14, 2, 10, 7, 5, 0, 15, 13, 8, 12, 6, 11, 16], "R": [[-0.8233415728341916, -0.5647712293520208, -0.056054553241702554], [0.11312546959311416, -0.26009381224143674, 0.9589336978973333], [-0.5561576058746811, 0.7831887814121979, 0.2780360589884332]], "T": [0.08073440268641552, 0.016413059571621542, -0.05517798312476509], "aligned_model": [[0.052013925637882784, -0.17797139965052966, 0.23932780749782964, -0.43557802870514506, 0.10657089383756749, 0.25432270697673076, 0.6940008991465146, -0.7202920776262167, -0.1296894331544729, -0.4459125847610149, 0.2971381632452973, 0.2787062533037672, 0.49397151203499645, 0.059600361997733185], [-0.5611216111248721, 0.2725950600818429, -0.1657828904141224, -0.4575465822334342, -0.34279388784746045, -0.755797537825893, -0.43981491413225937, 0.1854887411940942, 0.6907073703741623, 0.18748195208349858, 0.5682248768084781, 0.2766359669553144, 0.6754525156805646, 0.021620677561964084], [-0.4399447225147981, -0.6253880224827613, -0.7533459108741045, 0.1441910345405757, 0.601839761328739, 0.11411802539253611, -0.2108511139152766, -0.1505095015628367, 0.10580844675282429, 0.3792046346109429, -0.38945091619575894, 0.5097717959732372, 0.11016503925355421, -0.10430012919780364]], "inverted": false, "swapped": false, "error_lsq": 0.039544196319232325, "error_max": 0.26827443521407246, "target": "506.xyz", "model": "5.xyz", "model_rescale": 4.2253639853439635, "target_rescale": 4.065093456463059},
{"mapping": [10, 4, 2, 8, 11, 5, 6, 1, 0, 9, 3, 12, 7, 13], "R": [[0.16408238461486252, -0.5675058790377784, 0.8068544158128274], [0.8028599338582253, -0.39840884798789195, -0.4434933104908426], [0.5731429993154121, 0.7205605228587806, 0.39025585867891116]], "T": [-0.01361116642818401, -0.011208162616329493, -0.050519384840075954], "aligned_model": [[-0.32177318732258237, -0.13922175805697795, 0.2856079085459951, -0.4784801786624312, 0.3814945200366235, 0.19232428084598785, 0.628785696186719, -0.6813388822462375, -0.2109615732129389, -0.43804565713732174, 0.45442793265573483, 0.37679117864241246, 0.4892700329061675, 0.02732868659978971], [-0.5759852068991473, 0.2361241417416494, -0.27676111127813835, -0.4970764773905237, -0.3812936431492301, -0.6068312607978384, -0.04136028397990717, 0.10805150083946473, 0.7617661541044908, 0.16574798175625202, 0.39047064414112637, 0.284319226516227, 0.5692009147365144, 0.01897715682093795], [-0.49162655267866784, -0.7016415106338185, -0.5891483746520316, 0.25557481268991783, 0.5084815296807268, -0.1102268627581072, -0.03889662256449847, -0.33091662476779354, 0.030881917105729795, 0.35090098528412206, -0.40066651195803754, 0.7442090818105813, 0.14854597706243167, -0.08416282251148532]], "inverted": false, "swapped": false, "error_lsq": 0.05002304172868998, "error_max": 0.36310233529833263, "target": "506.xyz", "model": "6.xyz", "model_rescale": 3.89814844738969, "target_rescale": 4.065093456463059},
{"mapping": [5, 6, 2, 4, 0, 10, 11, 3, 9, 8, 1, 7, 13], "R": [[0.2275357272911016, 0.7130231091104638, 0.6631934398654418], [-0.17577242161353984, -0.6397964720526228, 0.7481741309007748], [0.9577742680852424, -0.2868074619382579, -0.020246757032013063]], "T": [-0.1352316981794104, 0.045838638014298064, -0.014359136572000542], "aligned_model": [[0.1957414875001573, 0.08203200696465485, 0.3540025277611055, -0.35141975062133124, 0.659559406419101, -0.36407297555339346, -0.8584319447849247, 0.248721768750421, -0.356924448168388, -0.660095935109871, 0.30542104138011283, 0.023437114880595966, -0.1293384985140176], [-0.32966504119298484, 0.1981287742481943, 0.4485564555903246, -0.5869484698941116, -0.05551902606742824, 0.7597224140819745, -0.21507474358349343, -0.44066754771383354, -0.18198564179370336, 0.3699011769198483, 0.5596898765202111, 0.29964148224103054, 0.1380015561144575], [-0.4368240015061361, -0.8222671605827161, -0.3135712437795312, -0.3313227727578142, -0.005336100675013564, -0.1424053846069134, -0.11943414078856077, 0.25728678068287797, 0.45614237694382276, 0.15087515283964675, 0.1824791133813843, 0.7787665604981316, -0.05211414881288248]], "inverted": true, "swapped": true, "error_lsq": 0.059213561596041075, "error_max": 0.30458277130235634, "target": "506.xyz", "model": "7.xyz", "model_rescale": 3.7474275329858107, "target_rescale": 4.065093456463059},
{"mapping": [2, 4, 8, 1, 0, 3, 5, 13, 11, 12, 9, 10, 7, 14], "R": [[-0.6713046599122506, -0.6872229703937576, 0.2776232024584371], [-0.029876527281805065, 0.399353864033862, 0.9163099281350188], [-0.7405791292614701, 0.606828707498586, -0.2886199457035471]], "T": [0.025818288528718245, 0.012683350471152292, 0.01623333592214158], "aligned_model": [[-0.24762497324218757, -0.3106247296070768, 0.23610373875501145, -0.4203056993211698, 0.1413367297796087, 0.47507627663421736, 0.7106248240304381, -0.7381909436579815, 0.026825417561571377, -0.4500490097836208, 0.41070595781805863, 0.19523774780080938, 0.5589346902498721, -0.021841027236610258], [-0.6593895442754405, -0.06454224070160475, -0.13273390279596484, -0.5489005668774269, -0.41557891788357326, -0.5407407499284645, -0.006255923474560334, 0.343354920774179, 0.6321834530716737, 0.29653206268197574, 0.5397740048845635, 0.31590508109189525, 0.40326518520282273, -0.007523124608196758], [-0.4105409634315907, -0.6859547795150402, -0.6160989878854404, 0.2407299089253606, 0.5035321732505218, -0.061378275354046795, -0.19281875533367088, -0.32296871952473893, 0.06818104192463623, 0.28756862992667764, -0.37667551374589514, 0.6904862473638171, 0.1808855892245138, -0.013639174716034631]], "inverted": false, "swapped": false, "error_lsq": 0.0418680909819268, "error_max": 0.2972323244728382, "target": "506.xyz", "model": "8.xyz", "model_rescale": 4.019505241142653, "target_rescale": 4.065093456463059},
{"mapping": [8, 1, 9, 11, 12, 4, 3, 10, 6, 2, 0, 5, 13], "R": [[0.45111060895136884, -0.36177061065307026, 0.8158561415833246], [-0.5324565987214005, -0.8427364770495042, -0.0792792578688025], [0.7162326360684513, -0.3986442718990143, -0.5727945142130308]], "T": [0.002465111582285861, -0.028580270826284726, -0.08163777433371432], "aligned_model": [[-0.1279881141902029, -0.6615882672985142, 0.017385374079925364, 0.5349795030576475, 0.14417792327361825, 0.73300643638371, 0.08427822799053579, -0.38714738825275086, 0.22206936936111152, -0.33798225855691283, -0.23152966782849344, 0.38052224613712726, -0.05048261241562485], [-0.5769246274051636, 0.07057720563593864, 0.055805422809734245, -0.4671837397260141, -0.839857877786679, 0.08230859894411915, 0.6202666327137258, -0.6493721349540316, -0.16305576079174158, 0.03966035203828866, 0.647611903283903, 0.3304768753382225, -0.08693462198624363], [-0.3818073750955588, 0.13322062950174357, -0.6429573736396353, -0.43687088911741606, -0.06795864806447294, -0.12208250126165286, -0.25543175475457675, 0.12137399627013414, 0.7287951291147611, 0.5270480716334337, 0.2789981613056256, 0.31481347568485607, -0.020437427533362806]], "inverted": false, "swapped": true, "error_lsq": 0.05459525192583214, "error_max": 0.3089887120757291, "target": "506.xyz", "model": "9.xyz", "model_rescale": 3.877068213659057, "target_rescale": 4.065093456463059},
{"mapping": [10, 6, 12, 9, 8, 11, 0, 13, 4, 2, 3, 7, 1, 15], "R": [[0.2794490493527115, -0.11391423827505073, -0.9533791350423404], [-0.03605463550555078, -0.9934818994164866, 0.10813777688843206], [-0.9594833464289143, 0.0041547382619609025, -0.2817347086809627]], "T": [-0.02506558775449539, 0.03696045056643833, -0.10547088122470048], "aligned_model": [[-0.2733126546142892, -0.20098318636910398, 0.4379451950319765, -0.3376956306627805, 0.23501056577500254, 0.3013793172526992, 0.7268040651936728, -0.7206198797217643, -0.040791234039021344, -0.47483655900155597, 0.04542316585984297, 0.1309512696576581, 0.6774049649282927, 0.05952960049031058], [-0.5691442045461057, 0.00849033853109183, -0.13926741380392987, -0.4058965114751999, -0.3321589180784157, -0.6222650011565158, -0.22464971595339633, 0.31740118580432664, 0.6731569689790606, 0.16235382174631424, 0.5423273184470271, 0.3579608988900262, 0.3805757328826503, 0.006465236894944177], [-0.3779067825047837, -0.6958495955625501, -0.6647203519946314, 0.27107323483883333, 0.5201761613357382, -0.16472291966402172, -0.10120691794439561, -0.293076096794032, 0.1249577926715031, 0.3660563542952923, -0.4828261610217186, 0.6286299441365709, 0.2705214997828444, -0.10979774046557988]], "inverted": false, "swapped": false, "error_lsq": 0.04488077219619068, "error_max": 0.31604175224629305, "target": "506.xyz", "model": "10.xyz", "model_rescale": 4.260839863003843, "target_rescale": 4.065093456463059},
{"mapping": [12, 6, 5, 4, 3, 9, 8, 10, 2, 0, 1, 13], "R": [[-0.466133474634584, -0.6720559444661564, 0.5753784765984838], [0.8222770828276716, -0.569085494593411, 0.0014487580154468327], [0.32646589849707747, 0.47379584986687595, 0.8178860004715942]], "T": [-0.07429156758174373, 0.11039353397575363, -0.10294986836264089], "aligned_model": [[0.4837684834487267, 0.23935475009446416, -0.3834718265394893, -0.5424910775730326, -0.683052380912284, -0.368688231378799, 0.2941558495916946, 0.6790536976112007, 0.2849832961659009, -0.334076944836932, 0.2679826317565935, 0.02138040166608654], [0.05112322497944183, -0.6714189628005374, -0.4461743052467107, -0.2835149205340646, 0.17772057673799296, 0.5557163717279214, 0.4532629625472416, 0.1959938382225492, -0.1917339603252584, -0.07642861674199686, 0.3149814850264644, 0.09355081193989082], [-0.7058569963381585, 0.013267108540657963, 0.05087676345045972, -0.5191806852508865, 0.184760714248509, -0.29644774072797264, -0.4960000209604505, -0.16242857819100634, 0.41733870828582587, 0.6316634537050967, 0.4783894229227984, -0.08020407228936832]], "inverted": true, "swapped": true, "error_lsq": 0.053339253298242656, "error_max": 0.28402181976878293, "target": "506.xyz", "model": "11.xyz", "model_rescale": 3.890672605050136, "target_rescale": 4.065093456463059},
{"mapping": [9, 12, 5, 11, 1, 6, 8, 10, 4, 2, 7, 0, 3, 13], "R": [[-0.013869226491291728, 0.970091452432565, 0.24234318326251744], [-0.8776371847488644, 0.10432460977558865, -0.467834744050994], [-0.47912484438048214, -0.21917789512733266, 0.8499414296202599]], "T": [0.05799535171254763, -0.11052703448880564, -0.008714997328518291], "aligned_model": [[-0.16939450726430585, -0.24202211519940572, 0.27410592390817934, -0.4198765106729644, 0.13042415208872501, 0.2576431588310696, 0.7736719437117924, -0.7554950005677863, -0.14633491607537452, -0.5125086963535529, 0.34047169946509115, 0.36754226535203394, 0.6158466559582663, 0.052134946599172505], [-0.6273708480857689, 0.23097710012867556, -0.17036103717385415, -0.3509569294856959, -0.2624303247800036, -0.6298323184963641, -0.1070050892652995, 0.2032210200555482, 0.524250500324671, 0.1250561956229848, 0.4589607702307943, 0.11287069627921063, 0.6091810613861561, 0.038788940420823495], [-0.5444264312203437, -0.5990509968508015, -0.7534889862291929, 0.12010314047528162, 0.7508755171363573, 0.14135538301401238, -0.0922952426280039, -0.2070483264968995, 0.2066072420871608, 0.34425781535962036, -0.5769182387064924, 0.4418054815525035, 0.14583381400765147, -0.08630175039178409]], "inverted": true, "swapped": false, "error_lsq": 0.047724317712782696, "error_max": 0.34293005264246024, "target": "506.xyz", "model": "12.xyz", "model_rescale": 4.124412569039231, "target_rescale": 4.065093456463059},
{"mapping": [1, 10, 6, 7, 2, 0, 8, 3, 11, 9, 5, 4, 13], "R": [[-0.6423745412711359, 0.7655074065131888, -0.03678803202333039], [-0.6451206396349112, -0.5660182301430527, -0.5132667176651625], [-0.413732170665687, -0.30597675356009985, 0.857440328674294]], "T": [0.07690752946109905, 0.15595960346491244, -0.05263525485753115], "aligned_model": [[-0.12969774678641488, -0.1908513588039226, 0.7706977864746666, -0.6276958782683109, 0.3472082440113837, 0.4086251876624004, -0.3889147511185148, 0.191156722766392, -0.0013361934402171954, -0.306583541960056, 0.7053166255934016, 0.5160332389265406, 0.07333997245240904], [-0.27715525058202806, 0.4821368736101672, 0.33600553460069527, -0.31520951406708275, -0.10978408099674797, -0.5653068900684984, 0.5795950066514935, -0.35150072426581813, 0.8230584924726279, 0.12314259643563791, 0.014834313229816931, 0.431717685941795, 0.17595133354641868], [0.46378415983431676, 0.5800635548412767, 0.40491225129069575, -0.039453910895057676, 0.5367521147108466, 0.055926855186843955, 0.05387303031516488, -0.48545297109489394, -0.441212323158525, -0.4701048876193471, -0.17183460550654892, -0.5806019544257884, 0.04504676748885546]], "inverted": true, "swapped": true, "error_lsq": 0.05126591726939362, "error_max": 0.3185632955143186, "target": "506.xyz", "model": "13.xyz", "model_rescale": 3.9028299243045295, "target_rescale": 4.065093456463059},
{"mapping": [9, 14, 11, 7, 3, 6, 1, 10, 5, 4, 12, 0, 8, 15], "R": [[0.07156016112759606, 0.34285315175874925, -0.9366594149788304], [0.9716306341715463, -0.23618751096041496, -0.01222171860757626], [-0.22541751058600445, -0.9092123932258162, -0.3500282416117201]], "T": [0.12855413090080767, 0.07252660127948114, -0.00763993564326379], "aligned_model": [[-0.14441899450391713, -0.2871677931946395, 0.31255641313697236, -0.5613791386216267, 0.09558855181510537, 0.2940983138865665, 0.627218587229211, -0.6008873416977188, -0.039301807896057084, -0.348082017230785, 0.42333858717616046, 0.23625164862775622, 0.48883301881205854, 0.06956097224185408], [-0.5391003328665086, 0.041844883732362496, -0.1287937426052722, -0.5097136560389764, -0.26727191569556924, -0.5722687487377583, -0.24327372960478993, 0.11936989712417045, 0.5544093008165114, 0.20563219856423737, 0.5014348934235803, 0.300601828987352, 0.7111392039468992, -0.018660343884360497], [-0.3978240238601153, -0.7882067596997894, -0.6942766427948213, 0.0673021900337584, 0.5140301552142166, 0.027606941168168322, -0.2793063979658865, -0.15280689378689333, 0.03377601964790524, 0.4554628133751968, -0.46957076404656806, 0.7820431301661692, 0.23501254466015797, -0.04193389100242936]], "inverted": false, "swapped": false, "error_lsq": 0.038231625042825276, "error_max": 0.25153734713436593, "target": "506.xyz", "model": "14.xyz", "model_rescale": 3.942246331269136, "target_rescale": 4.065093456463059},
{"mapping": [5, 9, 2, 3, 12, 1, 0, 10, 11, 4, 6, 13, 8, 14], "R": [[0.9890071498867103, -0.14088829553601326, 0.044892601327207717], [-0.05972763513525146, -0.6583605206690077, -0.7503292839984214], [0.13526813029726145, 0.7393996977314709, -0.6595381868553882]], "T": [0.00036578023931397446, 0.0577827545424222, -0.07498660608334837], "aligned_model": [[-0.11195593802484843, -0.23377625621623904, 0.3418865694612294, -0.3251719437342807, 0.2900493608281846, 0.20716271182033252, 0.6749968774020906, -0.621027281430903, -0.047963970756136474, -0.4707550039027787, 0.10400135166107133, 0.03832265100926159, 0.6427637081988428, 0.07767616346511405], [-0.48736812157887566, 0.2026067065863995, -0.3323389219256745, -0.5060670127233834, -0.33069861288989555, -0.7064822465193125, -0.16713206660327895, 0.3671133092289962, 0.7200286405010249, 0.12921327912756284, 0.5389068846552391, 0.2427390494523825, 0.4863917061281785, -0.001562856277484724], [-0.37990284385936735, -0.8315352402181091, -0.635179918002054, 0.22939236941436128, 0.5832245366800329, 0.09756910382333903, -0.2620793339970842, -0.23986773565423733, 0.1955788136512758, 0.26649086583747406, -0.3406341716616763, 0.7157600609598012, -0.02538625264051153, -0.0821218332241751]], "inverted": true, "swapped": false, "error_lsq": 0.0447263487471238, "error_max": 0.2784801924569241, "target": "506.xyz", "model": "15.xyz", "model_rescale": 4.355366556412066, "target_rescale": 4.065093456463059},
{"mapping": [4, 5, 6, 8, 12, 9, 10, 7, 2, 3, 1, 13], "R": [[-0.01013310907886894, 0.7536895909071171, 0.6571524333506336], [0.5711227331071966, -0.5350852731245539, 0.6224970475539525], [0.8208021343957155, 0.3816225242873966, -0.4250271816342501]], "T": [-0.0556792778176819, -0.04158635203621903, 0.039772338370744224], "aligned_model": [[-0.19688026540906317, 0.3624893781159903, 0.35020674535436935, -0.6011541614081969, -0.6361932844506705, -0.3860153927741995, -0.2392162107373848, -0.08846897090137273, 0.4954133448462362, 0.24666772875044857, 0.3308514259388394, -0.039891782693215576], [-0.7422979621754922, -0.5445565816240613, -0.4545111931438983, 0.2167715931174342, -0.10204824638390517, 0.08507752168693733, 0.3386433335468971, 0.7091821951069412, 0.1164890597934698, -0.13711120961319231, 0.5285212983768339, -0.0013833809469839947], [0.23131414878585707, 0.07410524072234217, -0.583012367781984, -0.1688174271398726, -0.5414237064223539, 0.48390921630058814, -0.5927889614685774, 0.4320878644163738, -0.3631777068515675, 0.6375694001606185, -0.11034265366563203, -0.05016458584637092]], "inverted": true, "swapped": true, "error_lsq": 0.05296774480773133, "error_max": 0.2618767236861726, "target": "506.xyz", "model": "16.xyz", "model_rescale": 3.795458400668931, "target_rescale": 4.065093456463059},
{"mapping": [5, 6, 2, 4, 0, 10, 11, 3, 9, 8, 1, 7, 13], "R": [[0.2275357272911016, 0.7130231091104638, 0.6631934398654418], [-0.17577242161353984, -0.6397964720526228, 0.7481741309007748], [0.9577742680852424, -0.2868074619382579, -0.020246757032013063]], "T": [-0.1352316981794104, 0.045838638014298064, -0.014359136572000542], "aligned_model": [[0.1957414875001573, 0.08203200696465485, 0.3540025277611055, -0.35141975062133124, 0.659559406419101, -0.36407297555339346, -0.8584319447849247, 0.248721768750421, -0.356924448168388, -0.660095935109871, 0.30542104138011283, 0.023437114880595966, -0.1293384985140176], [-0.32966504119298484, 0.1981287742481943, 0.4485564555903246, -0.5869484698941116, -0.05551902606742824, 0.7597224140819745, -0.21507474358349343, -0.44066754771383354, -0.18198564179370336, 0.3699011769198483, 0.5596898765202111, 0.29964148224103054, 0.1380015561144575], [-0.4368240015061361, -0.8222671605827161, -0.3135712437795312, -0.3313227727578142, -0.005336100675013564, -0.1424053846069134, -0.11943414078856077, 0.25728678068287797, 0.45614237694382276, 0.15087515283964675, 0.1824791133813843, 0.7787665604981316, -0.05211414881288248]], "inverted": true, "swapped": true, "error_lsq": 0.059213561596041075, "error_max": 0.30458277130235634, "target": "506.xyz", "model": "17.xyz", "model_rescale": 3.7474275329858107, "target_rescale": 4.065093456463059},
{"mapping": [6, 2, 2, 4, 5, 9, 7, 0, 3, 8, 1, 10, 11, 13], "R": [[-0.28436058281321897, 0.909088178354697, 0.3044630403150189], [-0.4418046499425761, 0.1575847774625692, -0.8831623232459537], [-0.8508511680847857, -0.3856497399037252, 0.35682848524318356]], "T": [0.13041087437605034, 0.03476629788674759, 0.020764199882922406], "aligned_model": [[-0.19562050417551227, 0.03459776090365721, 0.03459776090365721, -0.5122419476197896, 0.08121931930072673, 0.23795100115020054, 0.8011226033436218, -0.5877221713020535, -0.00659295002308144, -0.44394457075720173, 0.15616863895626537, 0.23968183336004104, 0.6548682717101888, 0.07212395403021982], [-0.5588238193528592, -0.10042158731159839, -0.10042158731159839, -0.4600167392751905, -0.35611608047842985, -0.620945196313796, -0.02488702261332209, 0.15064668517499155, 0.6759007280626935, 0.2209189675943529, 0.5595167761607056, 0.23720689098161568, 0.5179946394575763, 0.014797082386736327], [-0.3484960394816338, -0.6694363556022261, -0.6694363556022261, 0.1980010993654989, 0.6274033791840513, -0.05798682146134524, -0.316884345227143, -0.39154521709404416, 0.196165955439163, 0.4110428918777773, -0.42922678883213955, 0.6715460636848984, 0.13553122515700658, -0.06537027029856796]], "inverted": false, "swapped": false, "error_lsq": 0.046612463315389305, "error_max": 0.289349647627179, "target": "506.xyz", "model": "18.xyz", "model_rescale": 3.922800546911778, "target_rescale": 4.065093456463059},
{"mapping": [4, 11, 13, 10, 1, 6, 8, 9, 3, 2, 12, 0, 5, 14], "R": [[-0.9560846749991837, -0.20086567210918566, 0.2134363511678145], [-0.16383238450749826, 0.9700979518934735, 0.17907795374829258], [-0.24302478066710148, 0.13624590085655233, -0.9604040870807944]], "T": [0.10109235322645471, 0.012897856690234489, -0.07673067521174878], "aligned_model": [[-0.0071963477781477325, -0.35599664782887414, 0.23709418466486937, -0.523556267814161, 0.2402047387730869, 0.18475226061838138, 0.650464527465322, -0.68265762638609, -0.05483849329551774, -0.45117958160410987, 0.4624732615745672, 0.1250573171740087, 0.6943275465398069, 0.04726012767779851], [-0.5885003743494381, -0.10814459521980858, -0.022472213369963266, -0.4973152858468288, -0.24996074491293727, -0.6512599838011881, -0.23756335528864655, 0.227758948068704, 0.6228371243494522, 0.022862890535608728, 0.6335371347568524, 0.5443074909019088, 0.38097930225043275, 0.07828339908772972], [-0.4646235264339047, -0.6093299455066408, -0.7490893643126774, -0.06686676737470482, 0.6011602626879963, 0.08959176681594652, -0.1759780907335072, -0.028628006013746238, 0.03644575544138491, 0.3793673086543843, -0.3973936917399318, 0.567840590706059, 0.23168750686333514, -0.1228753779449238]], "inverted": false, "swapped": false, "error_lsq": 0.05175905140364103, "error_max": 0.31566661535674145, "target": "506.xyz", "model": "19.xyz", "model_rescale": 3.9282355846067225, "target_rescale": 4.065093456463059},
{"mapping": [2, 12, 7, 1, 3, 5, 6, 10, 11, 0, 9, 4, 8, 13], "R": [[-0.03999817059117383, -0.8897569007109377, 0.45467879210122186], [0.3780288374414563, -0.43469475327131424, -0.8173950510867143], [0.9249293726615133, 0.13918738849356288, 0.3537407616777033]], "T": [0.14904243055344188, 0.0202720582583761, -0.08577608252305804], "aligned_model": [[-0.34058005965349836, -0.043244007680307034, 0.2876457722858372, -0.3432207455513344, 0.18042285400403887, 0.2590720797866961, 0.7211776151709729, -0.6584707766397251, -0.22876064262174226, -0.3674045572026732, 0.15155628545359526, 0.2704483746425793, 0.6713729213181626, 0.006193886468338433], [-0.5599067660397058, 0.3680578722799994, -0.2016466920599901, -0.45017254149094243, -0.34007300854192113, -0.6649847204980158, -0.28542128786004484, 0.13607423833860768, 0.5711468274895097, 0.09985227078314163, 0.6458591091438962, 0.30520297028748844, 0.5631072536481624, -0.03174578831830768], [-0.40574257964350324, -0.8373512939984372, -0.6511422986143365, 0.2270491727306602, 0.574164650420672, -0.008272690941706518, -0.00794959141205398, -0.3628078934920087, 0.1733860247570886, 0.5201500572076743, -0.3808342929420926, 0.4650803570779469, 0.019686651140565503, -0.03410785118139881]], "inverted": true, "swapped": false, "error_lsq": 0.05348031732478388, "error_max": 0.37341145631014505, "target": "506.xyz", "model": "20.xyz", "model_rescale": 4.067790424073018, "target_rescale": 4.065093456463059},
{"mapping": [10, 9, 12, 13, 6, 11, 3, 1, 8, 5, 0, 4, 2, 14], "R": [[-0.1402511323069201, 0.9257328898146406, 0.35120967612248605], [0.14584927827723876, -0.33152982112574, 0.9321029802174992], [0.9793148665841009, 0.18195217618860643, -0.08852004105057232]], "T": [0.045801721395789745, 0.055300481658626846, -0.02430182197630598], "aligned_model": [[-0.41439829949254886, -0.2875143079002161, 0.3135586042008312, -0.4084545426509141, 0.3916367571314975, 0.23022211668029335, 0.8514263985169104, -0.7239450289646462, -0.2121869187331043, -0.3764706268932697, 0.4282467836590858, 0.10567085628983511, 0.6547021626236904, 0.013715045313495808], [-0.4839576209372856, -0.0054421771480226006, -0.24291073307585143, -0.45789563888246215, -0.22416431653318858, -0.5575805777327761, -0.18493927521411757, 0.1854915414876402, 0.5536687384409137, 0.1367502456690887, 0.5821557177874835, 0.4716371971637077, 0.37674949623399584, 0.005787139902752585], [-0.4350370908694186, -0.72377351796145, -0.6772874190722922, 0.11854247617068042, 0.5671831375321006, -0.11594339999374806, -0.15468109748447395, -0.2769781555118508, 0.0768853260281819, 0.3800719168730031, -0.308233792763305, 0.6580118307859397, 0.25789086970780567, -0.07534266233210332]], "inverted": true, "swapped": false, "error_lsq": 0.046777345190911555, "error_max": 0.3036028595488566, "target": "506.xyz", "model": "21.xyz", "model_rescale": 4.186013935880536, "target_rescale": 4.065093456463059},
{"mapping": [2, 6, 5, 7, 8, 3, 1, 10, 4, 11, 12, 9, 13], "R": [[-0.7530982901974284, -0.6062750044370765, 0.25548695523750886], [0.4568763218035209, -0.2025107486810493, 0.8661717054048387], [-0.4733993999541991, 0.7690383707354685, 0.4295031926069241]], "T": [0.09095606953537015, -0.03480597506699393, -0.0018050778590635273], "aligned_model": [[-0.14845496252635265, -0.36948717734593217, 0.26835769330314835, 0.41756280941772017, -0.2761807152284419, 0.7538874308665603, 0.025499432340650177, -0.5870330134637884, 0.272110070405325, -0.09550825828413016, -0.626031156505471, 0.41676596586616305, 0.007085916577774576], [-0.4338130574641955, 0.1292663303024027, 0.2522881086092028, -0.675729820333017, -0.05950259250620486, -0.030474948726571388, -0.7225405749724009, -0.3491779960626602, 0.6734346119224287, 0.5835591543503795, 0.2183333816962443, 0.017481066046141747, -0.08416700331565638], [-0.5257662972717199, -0.6976380128658367, -0.5631681295854711, 0.44673110726012044, 0.5201163962040656, -0.13746380501964903, -0.1421609739952544, 0.13924545687115014, -0.11670174242135362, 0.42830045229561636, 0.3148821160722519, 0.4602958081744319, -0.02379281438300552]], "inverted": false, "swapped": true, "error_lsq": 0.06049261804370135, "error_max": 0.41043897845494376, "target": "506.xyz", "model": "22.xyz", "model_rescale": 4.166573947596378, "target_rescale": 4.065093456463059},
{"mapping": [0, 2, 1, 8, 10, 7, 5, 3, 12, 9, 6, 14, 12, 15], "R": [[0.20144720591021426, -0.9762534807694825, -0.07967536957201898], [-0.9651807592436479, -0.21170226183685253, 0.15364977812875888], [-0.16686858666874307, 0.04594881520377666, -0.9849079049152494]], "T": [-0.05682347405638174, 0.046982570880734, -0.025350926034123998], "aligned_model": [[0.00846484447383846, -0.18351050141255623, 0.20815315277602706, -0.6000429071104729, 0.24949021749870612, 0.24386309472640852, 0.6712674351244968, -0.613850600528403, 0.16800290575191357, -0.4391567447439178, 0.41853412494110703, 0.28269259541140684, 0.16800290575191357, -0.015701522879527544], [-0.6438638049346183, 0.3083970820978458, -0.12581951382194018, -0.5368764298887053, -0.3212361362439059, -0.5917044502457731, -0.30719293907962936, 0.1959241641570385, 0.6489407517176804, 0.1368905461009352, 0.4114278767388363, 0.3053188399940276, 0.6489407517176804, 0.02620299885240551], [-0.45572806683542694, -0.6323287589192025, -0.6641199669417668, 0.10918700539820447, 0.5504338768162396, 0.08891247164158425, -0.2137794730057118, -0.1955385700706497, 0.10302665259620938, 0.42872725269644335, -0.4947360600980407, 0.6409590422644252, 0.10302665259620938, -0.07673363702944822]], "inverted": true, "swapped": false, "error_lsq": 0.04548973360627705, "error_max": 0.3453839519792498, "target": "506.xyz", "model": "23.xyz", "model_rescale": 4.274766983524099, "target_rescale": 4.065093456463059},
{"mapping": [4, 2, 0, 3, 1, 7, 9, 8, 12, 10, 13], "R": [[0.8612267798648197, 0.2817849745927141, 0.4229487696370056], [0.46216166222186716, -0.08804615389023325, -0.8824140030379494], [-0.21141199496715918, 0.9554292767541305, -0.20605791784128333]], "T": [0.021960427605492633, 0.02402601782436912, -0.06288055978901894], "aligned_model": [[0.3918866780980955, -0.08323905905308479, -0.5245914110854265, -0.44531775669505935, -0.4134739111075071, -0.6649813688578493, -0.17738321619933273, 0.2608984427464752, 0.7069398085729129, 0.2820167071860019, 0.047139790352849396], [-0.37288227786949973, 0.7108478359197625, 0.3816404159179977, -0.23281470125642797, 0.5196502631349814, -0.10123500964493659, -0.48095206132858365, -0.1191357957747978, 0.050673716232222145, 0.4510879629904764, 0.10870618292228898], [-0.5661112411109404, -0.15381191697285435, -0.5270364830449128, -0.47951466950551225, 0.18554804760140095, 0.41780716690834874, 0.10350003805219338, 0.5117625353364361, 0.3937748276393904, 0.5101665971189475, -0.016518468000920355]], "inverted": false, "swapped": true, "error_lsq": 0.0625085858180744, "error_max": 0.3091773715033179, "target": "506.xyz", "model": "24.xyz", "model_rescale": 3.7841303162186577, "target_rescale": 4.065093456463059},
{"mapping": [13, 14, 12, 11, 6, 3, 5, 10, 8, 7, 9, 1, 8, 15], "R": [[-0.47772827002095364, -0.8457345792521751, 0.23771563154309694], [-0.5994472355686493, 0.11600672330697914, -0.7919630369636468], [0.6422139143555607, -0.5208411097491485, -0.5623929467937735]], "T": [0.024326651555240195, 0.09209798355168472, 0.01636670487092478], "aligned_model": [[-0.12055315634181227, -0.22738012750193862, 0.351734395553896, -0.47574671551938613, 0.07356712913256312, 0.3378387352856399, 0.7835511267380656, -0.6688066755683219, 0.2795195174679692, -0.49740713310713897, 0.09231195653647098, 0.32525514341941725, 0.2795195174679692, 0.03280528621754722], [-0.5235307658106015, 0.07890487611777894, -0.14190235827526723, -0.48716812173894697, -0.39737801453514465, -0.6490799750313966, -0.2573982034361946, 0.3595099056110561, 0.6066834165211616, 0.08423661820872344, 0.38898603105836893, 0.4503402015240723, 0.6066834165211616, 0.036462710427105804], [-0.44407990603351116, -0.735809206471269, -0.6264551332947649, 0.07805119211654366, 0.5455312113411608, 0.053343653079102875, -0.24965840110213916, -0.2145275567475325, 0.1561387228206096, 0.40435847923872503, -0.4830090995894051, 0.5944159673475583, 0.1561387228206096, 0.0568697755833808]], "inverted": false, "swapped": false, "error_lsq": 0.04417969114016478, "error_max": 0.30090668168126333, "target": "506.xyz", "model": "25.xyz", "model_rescale": 4.19342608120988, "target_rescale": 4.065093456463059},
{"mapping": [4, 5, 6, 8, 12, 9, 10, 7, 2, 3, 1, 13], "R": [[-0.01013310907886894, 0.7536895909071171, 0.6571524333506336], [0.5711227331071966, -0.5350852731245539, 0.6224970475539525], [0.8208021343957155, 0.3816225242873966, -0.4250271816342501]], "T": [-0.0556792778176819, -0.04158635203621903, 0.039772338370744224], "aligned_model": [[-0.19688026540906317, 0.3624893781159903, 0.35020674535436935, -0.6011541614081969, -0.6361932844506705, -0.3860153927741995, -0.2392162107373848, -0.08846897090137273, 0.4954133448462362, 0.24666772875044857, 0.3308514259388394, -0.039891782693215576], [-0.7422979621754922, -0.5445565816240613, -0.4545111931438983, 0.2167715931174342, -0.10204824638390517, 0.08507752168693733, 0.3386433335468971, 0.7091821951069412, 0.1164890597934698, -0.13711120961319231, 0.5285212983768339, -0.0013833809469839947], [0.23131414878585707, 0.07410524072234217, -0.583012367781984, -0.1688174271398726, -0.5414237064223539, 0.48390921630058814, -0.5927889614685774, 0.4320878644163738, -0.3631777068515675, 0.6375694001606185, -0.11034265366563203, -0.05016458584637092]], "inverted": true, "swapped": true, "error_lsq": 0.05296774480773133, "error_max": 0.2618767236861726, "target": "506.xyz", "model": "26.xyz", "model_rescale": 3.795458400668931, "target_rescale": 4.065093456463059},
{"mapping": [12, 5, 11, 8, 7, 2, 6, 10, 0, 9, 1, 3, 13], "R": [[-0.06449149098500506, -0.2672586297855732, 0.9614643375579093], [-0.9837750708205467, -0.1446078097593153, -0.10618470411807074], [0.16741403054272236, -0.9527126566608379, -0.25359640418525037]], "T": [0.009360349461448605, -0.04822478619585652, -0.0479435945937775], "aligned_model": [[-0.025349097112988897, 0.2028912746542274, 0.5568490889971169, -0.055127848046550396, -0.28445962141888337, -0.5666748487577158, -0.22560281430503376, -0.5359626331715103, -0.2428757457545152, 0.31279913282322674, -0.643600370063634, 0.2832512857687792, -0.0764614207912618], [-0.6546550744631161, -0.2264939106165392, -0.38149827789332186, -0.1685850011948835, 0.6803304979044993, -0.19759463594007606, -0.7162093704879597, -0.38700305111626965, 0.2945645379008195, 0.32885197007207606, 0.20818583820392522, 0.4389398773132849, -0.09695189642552439], [-0.6042515622150599, 0.5518803171613434, -0.48534501858735124, -0.6717673339268003, -0.3665610298508014, 0.3220993109244632, 0.422906790612517, -0.45567677870861856, 0.6309673883409305, -0.3448632415064875, 0.02176378874748195, 0.33357230745636707, -0.06258827634855844]], "inverted": false, "swapped": true, "error_lsq": 0.0613749466359447, "error_max": 0.42061811647433767, "target": "506.xyz", "model": "27.xyz", "model_rescale": 3.6321398670334006, "target_rescale": 4.065093456463059},
