[{"mapping": [1, 12, 11, 5, 2, 7, 0, 6, 3, 4, 9, 8, 10, 13], "R": [[-0.8411163515142435, -0.41175928943016693, 0.3506815803308347], [0.3800709471393613, 0.011310877832279465, 0.9248881765831218], [-0.38479781490538184, 0.9112224490269252, 0.14698397883244368]], "T": [-0.07519309808010982, -0.08171738934378274, -0.1164574949142266], "aligned_model": [[-0.26145809436329437, -0.46112544312269443, -0.572165538479501, -0.38101606119770315, 0.6639935509590118, 0.04522013247096636, 0.1869226935821287, 0.4175622900726338, 0.30295586924128887, 0.612207947216965, -0.019120140255863227, -0.043227138151660426, -0.7663562059446183, -0.09163504448129736], [-0.29360691121228116, 0.22289151891036868, -0.05598926966913326, -0.7397907623761524, 0.05765468217824481, 0.45780787426066455, 0.23746323852285472, -0.46887038266869047, -0.4215629879097587, 0.17805779636742192, 0.646387382977261, -0.06056123026103627, 0.5952228114924137, 0.031004007769315584], [-0.6198979532654959, -0.4220543634121732, 0.37284639653234775, 0.09758224760424161, -0.27594658222642154, 0.39910785139628124, -0.7682484684145995, 0.3215504632254129, -0.23773664995261531, 0.4946078718218355, -0.17529995992367278, 0.6639973250218273, 0.16545463228243937, 4.5645163488095e-06]], "inverted": false, "swapped": false, "error_lsq": 0.04621120823837982, "error_max": 0.31282492092945063, "target": "507.xyz", "model": "0.xyz", "model_rescale": 3.8414455957264533, "target_rescale": 4.01312671458358},
{"mapping": [5, 10, 1, 3, 9, 13, 6, 4, 2, 7, 8, 0, 12, 14], "R": [[0.024312423760302137, -0.3381399206595288, 0.9407817494548177], [0.43356645702017294, 0.8515178163317534, 0.29485171835445895], [-0.9007935575912355, 0.4007228500172784, 0.16730858936753895]], "T": [-0.001368463778331372, 0.05263881957366846, 0.03183392314747831], "aligned_model": [[-0.19489556507050398, -0.5020906115316782, -0.6479088328075051, -0.44917902773759144, 0.5787868539852704, 0.13226314616692275, 0.18523080249358553, 0.11177643124681635, 0.4222744542624262, 0.576713725739636, -0.0640159215558809, 0.13527475560053326, -0.5652277183450218, -0.08624367490064606], [-0.3485029549886085, 0.1314958961453871, -0.2969273555708112, -0.5895736451413593, 0.4020309682675869, 0.6805597634428753, 0.04387678327230362, -0.45032861842654437, -0.43112945055873186, -0.05041477687089925, 0.7792195390750846, -0.07854359517002503, 0.5667547140552018, 0.02759050085003263], [-0.45391840340276085, -0.4279923403849864, 0.48821855432957767, 0.05197668887601738, -0.05095867129853876, 0.43520085500131017, -0.7265400705589768, 0.2051521965332967, -0.3302429560169438, 0.292900850499594, -0.2722353972111957, 0.7315747138456912, 0.025740324209091073, 0.047091030784580656]], "inverted": false, "swapped": false, "error_lsq": 0.041744848407196146, "error_max": 0.2878386456763684, "target": "507.xyz", "model": "1.xyz", "model_rescale": 4.316132596720782, "target_rescale": 4.01312671458358},
{"mapping": [5, 9, 11, 1, 2, 10, 3, 6, 7, 4, 8, 13], "R": [[0.8575721462346636, -0.4905107164625938, 0.15482006019190792], [-0.13606320012929132, -0.5066026789507257, -0.85137566987231], [0.49604114705642066, 0.7090507476304507, -0.501188804455616]], "T": [-0.06240094564497669, 0.05226197048100656, -0.04443575761572382], "aligned_model": [[-0.22278953542238425, 0.4964832304358594, 0.1480536349417673, -0.7121048579529595, -0.4610055294222968, -0.41134541066170255, -0.06405844460730196, -0.192731233368676, 0.3621769149406274, 0.2863784444345357, 0.45907353279717655, -0.09032219148286444], [-0.6149271677073785, -0.31404412904370405, -0.5225365072608319, 0.43596957088580734, -0.2934879887533396, -0.08421623826644553, 0.3928307522580601, 0.5814648863690531, 0.0024495347255657496, 0.01407225027670872, 0.3866838263291893, 0.028517637928295946], [0.1053762732623251, 0.1002420601747612, -0.4869478095571417, -0.011955830361560858, -0.5968244884994767, 0.5684915477660593, -0.7540856032788067, 0.5002808914854523, -0.5556444589313624, 0.6200399712769744, 0.07229702005355479, -0.11201111218135773]], "inverted": false, "swapped": true, "error_lsq": 0.04127526158673673, "error_max": 0.21333459929077167, "target": "507.xyz", "model": "2.xyz", "model_rescale": 3.795458400668931, "target_rescale": 4.01312671458358},
{"mapping": [0, 1, 10, 11, 8, 9, 5, 3, 2, 7, 4, 13], "R": [[-0.1501111637021146, -0.9129432963490686, 0.37947486897460514], [0.987473219178335, -0.15731882623620277, 0.01214200631029455], [0.04861357770801025, 0.376543921160547, 0.9251223678516626]], "T": [0.0010548825829581679, -0.013201948842102348, 0.012375103350118016], "aligned_model": [[0.07155531708204085, -0.21270696284627527, -0.7115749630456668, 0.39224883388871246, 0.1450820295484544, 0.02172104484933956, -0.30281803882783487, 0.7020495232286115, 0.29894706320087255, 0.6197182238246971, -0.47925511307429136, 0.0483368679149048], [-0.07567723771824726, -0.627598537019035, -0.09928200787466755, 0.05431293294025971, 0.49132929406668857, 0.5819129742743144, -0.06257662814062703, -0.30100092790759064, -0.5653835249351615, 0.19287291983458063, 0.5595212118601597, -0.06266142409096469], [-0.6708917445159085, -0.3713231476575951, 0.04096442596482611, 0.6549561253367511, -0.3370595208412084, 0.34834309260579055, 0.6436697089983754, -0.20062960858951878, 0.44817059928404157, 0.14974610996962173, -0.06459243024649275, 0.04741782033041752]], "inverted": false, "swapped": true, "error_lsq": 0.050367603316115304, "error_max": 0.2708028696556152, "target": "507.xyz", "model": "3.xyz", "model_rescale": 3.7530521520055578, "target_rescale": 4.01312671458358},
{"mapping": [3, 9, 8, 4, 0, 5, 1, 2, 12, 10, 13], "R": [[-0.5878548657649105, -0.25557940577537047, 0.7675322951772309], [-0.26815193707831647, -0.8335787377929673, -0.4829503354803992], [0.7632307615902715, -0.4897199763568891, 0.4214892042737776]], "T": [-0.07220300453751989, -0.08459936005318483, -0.08621580166520065], "aligned_model": [[-0.5299457857529034, 0.034492609633452395, 0.3119259450598418, 0.5712869086551604, 0.25129958049681306, -0.28165912660089154, -0.042867241081259125, -0.8029974233341066, -0.32746944727051325, 0.30208235518191223, -0.14794877254230104], [-0.7227665562220398, 0.24559845470405858, -0.3735742571599485, 0.2325857883864935, -0.6655303964973046, 0.5847384553961643, -0.33508417752744646, -0.00855896064421624, 0.23749001089022212, 0.36591228946745047, -0.09360729247908732], [-0.13919619287498186, -0.6753242813439428, -0.4940621080616257, -0.3097059025412298, 0.09706613074920312, -0.04847309133833183, 0.6256819516312042, 0.12287588549545464, 0.6608928126713649, 0.32973869819889157, -0.07666312534069014]], "inverted": true, "swapped": true, "error_lsq": 0.050156000881321244, "error_max": 0.3175433997931966, "target": "507.xyz", "model": "4.xyz", "model_rescale": 3.7855080009869324, "target_rescale": 4.01312671458358},
{"mapping": [13, 15, 2, 12, 7, 3, 8, 1, 6, 4, 10, 0, 9, 16], "R": [[-0.8815413574962054, 0.47136786303413325, -0.026404028525625706], [0.3373818695345707, 0.5898683842026735, -0.733640759109992], [-0.33023977521356407, -0.6556429112075888, -0.6790243470230893]], "T": [-0.03839188707863391, -0.009208750794125874, -0.020528609090670096], "aligned_model": [[-0.16522088607642085, -0.5308280078695122, -0.5150608400213532, -0.36010220053671177, 0.6223241346913756, -0.23647251006578635, 0.046559723866468845, 0.09630545391795178, 0.46984154252136173, 0.6223933011458234, 0.010806214291432269, 0.2247022625090854, -0.5612062643211472, -0.09128310650620518], [-0.4300727067424207, 0.30207257283650657, 0.00047662591219914743, -0.607840788557926, 0.3164058823469683, 0.45294966379750085, 0.18137176463052349, -0.51741868429918, -0.2953235100484311, -0.16314138737076023, 0.6870754709648339, 0.003944772288856358, 0.460494895602592, -0.004886802979769518], [-0.5964240635545593, -0.6035626657160519, 0.5438104648331898, 0.01421934894456402, -0.15763776683263686, 0.4586271818775869, -0.6926685981568818, 0.524157749105134, -0.3136398399243585, 0.2738664694773695, -0.2296508303522691, 0.7136936573952583, 0.09330298037021935, -0.012126712260808071]], "inverted": false, "swapped": false, "error_lsq": 0.040153208829120476, "error_max": 0.27329358697666495, "target": "507.xyz", "model": "5.xyz", "model_rescale": 4.2253639853439635, "target_rescale": 4.01312671458358},
{"mapping": [1, 8, 12, 9, 2, 6, 10, 0, 4, 3, 5, 7, 11, 13], "R": [[0.26777921369153773, 0.9349494996469991, 0.23273101603475066], [0.4907011442754303, 0.07553568226203194, -0.8680476644240178], [-0.8291602256027026, 0.3466464969028751, -0.4385539037147429]], "T": [-0.04829522624568285, 0.008457905594302928, -0.049524872433381134], "aligned_model": [[0.040634460947513974, -0.5948965555687061, -0.5841172190289865, -0.4975101241435802, 0.46635349759214917, 0.1251681012201056, 0.11728777367905655, 0.019524954185838377, 0.5763696195262126, 0.5177439312243273, -0.0872256720533833, 0.07058482427372709, -0.5398534210875255, 0.0026946467796136325], [-0.524245168149737, 0.06515619429606916, 0.04834552402266684, -0.4041034307653848, 0.40395509417630093, 0.45681490290564997, 0.22579302047586347, -0.7009192596519102, -0.26201485069074826, 0.016769172238215377, 0.5907834533978423, -0.09228312763837809, 0.549173939639119, 0.012882304125923796], [-0.5465406950362821, -0.5433640835530387, 0.7137886505798521, -0.07392869863078677, -0.21949627271313074, 0.3777975411018305, -0.7801822424533389, 0.31823470919581576, -0.24330214347120704, 0.37772220801978784, -0.2947240633276541, 0.728363290375789, 0.21796438047944625, -0.016365205361326518]], "inverted": true, "swapped": false, "error_lsq": 0.047329828962746026, "error_max": 0.3198605609330738, "target": "507.xyz", "model": "6.xyz", "model_rescale": 3.89814844738969, "target_rescale": 4.01312671458358},
{"mapping": [10, 6, 4, 12, 9, 0, 1, 5, 2, 3, 8, 11, 13], "R": [[-0.9078555065322605, -0.3406575920280941, -0.24443973542096942], [-0.41323559019771805, 0.8256328067392497, 0.3841442638252102], [0.07095580492811351, 0.4497586835509569, -0.8903271310689763]], "T": [-0.04951313601504512, 0.13841119383419997, 0.022851526984933996], "aligned_model": [[0.14171199833838105, -0.09082441108643088, 0.5745353418233589, -0.4221923964399058, 0.580441454881134, -0.3996637905686793, -0.6463432905576095, 0.2680505929481095, -0.44850678958448886, -0.6263598601362024, 0.18692366011602687, 0.12500461944294977, -0.094145328272421], [-0.3150289742267251, 0.30950955853416134, 0.2313431432299634, -0.6074779724856194, 0.24996289377118108, 0.5850964642921042, -0.0580016951290547, -0.4617484177815486, -0.27502453445039843, 0.5052812790519902, 0.7118978406066334, -0.027233467070600703, 0.11520514712839885], [-0.5004967172957647, -0.7273328943672707, -0.38526691421820025, -0.1555674229393469, 0.26405016593875597, -0.3690589814849257, -0.396215753566712, 0.20249341818907632, 0.5262767165764921, 0.4130398703737835, -0.0894465501438746, 0.7388171238967676, 0.0809829698775152]], "inverted": true, "swapped": true, "error_lsq": 0.04315142478516438, "error_max": 0.24024669171025712, "target": "507.xyz", "model": "7.xyz", "model_rescale": 3.7474275329858107, "target_rescale": 4.01312671458358},
{"mapping": [12, 13, 2, 1, 7, 8, 11, 0, 10, 6, 9, 3, 4, 14], "R": [[0.9364532961671637, 0.13909685993893187, -0.32203615892129855], [-0.3400523241253864, 0.5853776298376093, -0.7360009832484099], [0.08613733774953715, 0.7987396910388468, 0.5954790214647282]], "T": [-0.02230611685956488, 0.009931920486401975, -0.02290317315577465], "aligned_model": [[-0.19350417798877373, -0.7305596611938543, -0.6448650411091623, -0.4196453514838747, 0.600932745580986, -0.21649748324458604, 0.17105181782797033, 0.20864421547812362, 0.5446814282726818, 0.6894089784636989, 0.2290530123953937, 0.15511946692350523, -0.6791528326419768, -0.08190829973376906], [-0.27027226035872776, 0.14119457888734147, -0.03309602519328901, -0.5845712576172546, 0.2448345496787863, 0.5450789120309332, 0.23442045648888518, -0.5300520143086259, -0.3479813342549776, -0.15566214635035344, 0.7044299113430537, 0.005270498359369841, 0.4248315554420619, 0.007682344234289425], [-0.5452243958740031, -0.5607310825654703, 0.5420379543766577, 0.20837441742029508, -0.16528191829117264, 0.35275322106490214, -0.5694354795080155, 0.2759153868155762, -0.37742621251091063, 0.34175876140170885, -0.20953534863648254, 0.6718147338738361, 0.07002976355153717, -0.019082425912701803]], "inverted": true, "swapped": false, "error_lsq": 0.04478033458586288, "error_max": 0.2708471540131642, "target": "507.xyz", "model": "8.xyz", "model_rescale": 4.019505241142653, "target_rescale": 4.01312671458358},
{"mapping": [1, 3, 2, 12, 10, 5, 11, 6, 4, 8, 7, 9, 13], "R": [[0.29996287911869973, 0.8159964198566354, 0.4941377479326733], [0.20443679041196128, -0.5609434925373559, 0.802214433244659], [0.9317874596048588, -0.13961461585789342, -0.33508191410754573]], "T": [-0.03682141255575147, -0.07620429385917958, 0.055883519173256256], "aligned_model": [[-0.31373106450800825, -0.6751072591903059, 0.027194187481695303, 0.2555055678825966, 0.3998259708192651, 0.6294359745004604, 0.2397878884832589, -0.22983895179492211, 0.29215500089013013, -0.3080915951331151, -0.26671780425933567, 0.3158905939443505, -0.046607737374893356], [-0.6359512162461435, 0.2731592744460773, 0.22801932141419046, -0.49569722007648964, -0.6465677397976032, 0.011639269380804021, 0.599007034468539, -0.7572971433698348, -0.32354223768114215, -0.0007283385956136507, 0.546060551448228, 0.3002025181479813, -0.03492584542493439], [-0.3688588374208881, -0.24433143881615135, -0.6419072470224937, -0.6264979156838296, 0.06552846294157477, -0.1483077956113916, -0.13925308245316653, 0.3602101492634902, 0.6845582943179328, 0.6199012661806884, 0.11925611681908901, 0.5046323399276477, -0.008226818398622306]], "inverted": false, "swapped": true, "error_lsq": 0.046624335646560336, "error_max": 0.30430830279399085, "target": "507.xyz", "model": "9.xyz", "model_rescale": 3.877068213659057, "target_rescale": 4.01312671458358},
{"mapping": [8, 1, 12, 11, 2, 3, 7, 10, 9, 13, 4, 6, 5, 15], "R": [[-0.49104255104095273, 0.052887569974241225, 0.8695286757832733], [0.009288872956705118, -0.9977807552021744, 0.06593391682110744], [0.8710860634325331, 0.040453300117521455, 0.4894615414955646]], "T": [0.01973413214774067, 0.004924790789592324, 0.054053514303250325], "aligned_model": [[-0.11332919855233459, -0.5577735669505762, -0.5674616134056724, -0.3500814506883261, 0.5711892561075871, -0.1043143751676581, 0.05324243082575858, 0.16353651684592807, 0.38271759096777164, 0.670104784509194, 0.12484677262659985, 0.05542636983158655, -0.6300477162152698, -0.06529698318822616], [-0.3693873034339379, 0.37349347598624616, -0.12854861676440035, -0.6337241685778692, 0.09114367178939178, 0.5250185158220768, 0.31041478282530044, -0.604648872442615, -0.4656835394210796, 0.2536189293355683, 0.6317657591673963, -0.014207952350732755, 0.4377106994018252, -0.020857612955677913], [-0.6073900146159577, -0.47843929501722515, 0.4962991718211359, 0.04966971980729572, -0.3048599972382874, 0.3959245831916264, -0.7021472712706183, 0.3871474991013253, -0.23302855072175777, 0.3899221433287722, -0.17856723481365444, 0.6694107905533113, 0.09246378750148725, 0.039562043578302966]], "inverted": false, "swapped": false, "error_lsq": 0.04068249138382464, "error_max": 0.25749019682016927, "target": "507.xyz", "model": "10.xyz", "model_rescale": 4.260839863003843, "target_rescale": 4.01312671458358},
{"mapping": [2, 7, 8, 3, 6, 1, 12, 5, 9, 4, 10, 13], "R": [[-0.014779516336707377, -0.43456336432867704, -0.9005199877183155], [0.4684045725243835, -0.7986936292746023, 0.37773753188479203], [-0.8833904699141276, -0.41622490187338174, 0.2153557724450199]], "T": [-0.02375494058042197, -0.05597795806976461, -0.048919341084987716], "aligned_model": [[0.41753220591648693, 0.06903375911841697, -0.4021500529955648, -0.2640012776649713, -0.6131064189217599, -0.3679203926330009, 0.24713612538051652, 0.6254290677936755, 0.2846783211833083, -0.0975730213313179, 0.049229268893746674, 0.010611064354594198], [0.0012227959080152381, -0.684239249568249, -0.4456098139418174, -0.432484385104749, 0.32988828107407603, 0.5071247599076296, 0.6816818044397045, 0.17192859487408096, -0.44933957101452, -0.004670646698445295, 0.5646697311025661, -0.06709379544535783], [-0.6698506469531933, -0.2508103551718349, 0.2710873877628214, -0.6970839450185574, 0.2633786229756748, -0.4161619210931623, -0.37990258300699153, 0.09224799522106111, 0.41755564890104124, 0.6971047622220721, 0.3053943249000721, -0.11678121334349845]], "inverted": true, "swapped": true, "error_lsq": 0.045779029506934986, "error_max": 0.2543828876570566, "target": "507.xyz", "model": "11.xyz", "model_rescale": 3.890672605050136, "target_rescale": 4.01312671458358},
{"mapping": [11, 0, 8, 6, 10, 7, 2, 9, 11, 12, 4, 5, 3, 13], "R": [[0.20075667736239264, -0.6932386727721205, -0.6921827064204659], [-0.8870381702972063, 0.17123512672994998, -0.42876778774712343], [0.4157644055594424, 0.7000704778427145, -0.5805525687850126]], "T": [-0.12916128087655532, -0.08112950070631858, -0.03981286123486002], "aligned_model": [[0.18699040941921607, -0.6132242891032522, -0.687724985297266, -0.41650362880130665, 0.6858934407265201, -0.02180634023160377, 0.18155717250392023, 0.30890919936823336, 0.18699040941921607, 0.4638730510281892, -0.023768183403304888, 0.08078021344461894, -0.6275520180813463, -0.07165563344547168], [-0.3534636121853064, 0.17503290982263509, -0.0262211277557568, -0.5805197001412714, 0.16648164727441922, 0.4945768780622996, 0.11936321384722054, -0.6256860142711522, -0.3534636121853064, 0.22337753515863695, 0.5414523135349654, -0.14184168890995016, 0.6815118586067412, 0.06550716752331764], [-0.3984831894519135, -0.26062582110300775, 0.4120529424301967, -0.049919677695374164, -0.3116860387106016, 0.5798654847162021, -0.6471190836683917, 0.3027843861177926, -0.3984831894519135, 0.29293012221648895, -0.3436898485276898, 0.706652664426425, 0.11200277081806193, 0.01968585308948099]], "inverted": true, "swapped": false, "error_lsq": 0.05265926830008922, "error_max": 0.3610950811648309, "target": "507.xyz", "model": "12.xyz", "model_rescale": 4.124412569039231, "target_rescale": 4.01312671458358},
{"mapping": [1, 6, 8, 12, 0, 3, 10, 2, 4, 5, 7, 9, 13], "R": [[-0.4511571919548063, 0.8837089333649472, -0.12456206982240377], [-0.8713554702035246, -0.40602119965047, 0.27547491715360944], [0.19286480418637542, 0.2328203309966302, 0.9532039974636964]], "T": [0.16105301844675948, 0.09948463185713452, -0.05393961304524151], "aligned_model": [[-0.2920479472461437, -0.053486941402391686, 0.638326210204207, -0.6233186273593772, 0.3135144048654235, 0.58525831426282, -0.45534076385436684, -0.013546134069009813, 0.13406918334381226, -0.23029762177907595, 0.7414212175061851, 0.46035445677559317, 0.16239255626208154], [-0.23545575642086458, 0.4535973471150958, 0.43323478806905535, -0.23187584052003124, 0.04792904104322507, -0.5409176113833327, 0.46136117669024934, -0.5450178339396561, 0.8494407873291202, 0.20684238767900792, -0.12015670114791618, 0.5389932738501324, 0.029510318144391798], [0.44896802573099226, 0.5959332425281586, 0.18735125784717507, -0.09905235933200038, 0.6167500358122763, 0.11789629626285289, 0.01798044153937161, -0.4250105847593297, -0.015584046645860807, -0.6272008790513015, -0.29686431971881894, -0.48372345919460663, -0.08574557005106989]], "inverted": true, "swapped": true, "error_lsq": 0.04990482747937542, "error_max": 0.33560151270200717, "target": "507.xyz", "model": "13.xyz", "model_rescale": 3.9028299243045295, "target_rescale": 4.01312671458358},
{"mapping": [12, 5, 3, 2, 14, 7, 13, 1, 11, 9, 10, 6, 4, 15], "R": [[0.23646929399857816, -0.8703970187031393, -0.43184638799983155], [0.0799233215699795, 0.4603696638358461, -0.8841221834615912], [0.9683462891264858, 0.1745531507946992, 0.17842831020498776]], "T": [-0.18778058378775675, -0.049771112936004835, -0.013145564889431319], "aligned_model": [[-0.0022590155011993907, -0.41628825595433744, -0.4978900280605878, -0.555176701507963, 0.5709738967371272, 0.08698210359798614, 0.018143318029068017, 0.13160597226257192, 0.48887055420556425, 0.4622498558833724, 0.01038500210194132, 0.044622404490591294, -0.5996092532192661, -0.10985103551850649], [-0.39212970266935904, 0.13172191788755735, 0.0423475934344599, -0.6682099858013482, 0.2626426109632187, 0.6321453908469434, 0.2069331516679836, -0.585223401203492, -0.32361042555139813, 0.15893081204910914, 0.656096993330944, -0.2225286607584144, 0.48446833417346596, 0.0025231400118219047], [-0.5898713512881071, -0.4337954872460634, 0.5198044531681526, 0.14402702422504632, -0.34441578115673477, 0.5161211951911305, -0.7372654575797882, 0.1698348453905439, -0.12721552875634368, 0.35393670173772207, -0.146686641615203, 0.5873142114144596, 0.05279860899384721, 0.051380582727094504]], "inverted": true, "swapped": false, "error_lsq": 0.038125939212827364, "error_max": 0.20250543537553267, "target": "507.xyz", "model": "14.xyz", "model_rescale": 3.942246331269136, "target_rescale": 4.01312671458358},
{"mapping": [5, 2, 6, 10, 12, 8, 1, 4, 3, 13, 0, 11, 7, 14], "R": [[0.1834724435911551, 0.8778696779435089, -0.4423603632673824], [0.9824195764635368, -0.1795343249594678, 0.051178139303351994], [-0.03449113254005287, -0.4439732590018326, -0.8953759585042453]], "T": [-0.07033349140039494, -0.06249171049598745, 0.03460069586652524], "aligned_model": [[-0.22893784882834953, -0.49808527355916077, -0.44657904304437657, -0.3326113157037712, 0.6761020647490169, -0.10823060090227538, 0.3005527677019133, 0.22320028666560868, 0.3561605185409258, 0.6471712405322337, -0.16762166349515087, 0.01891514283115786, -0.7482366053333425, -0.059040852608067296], [-0.17598992909306155, 0.289349358080939, 0.060152453726112776, -0.6713199405435916, 0.19663524615972827, 0.5867850618545739, 0.12220089159486766, -0.5432100928108625, -0.4099121294480742, -0.04723661761273809, 0.6131458448444823, -0.1058906747417204, 0.4576541292882449, 0.013744167082592268], [-0.5693383493766768, -0.49064609751933874, 0.4298058112038642, 0.29830326547658964, -0.17459643368599403, 0.45393875550961443, -0.6617996640720829, 0.1971175717947573, -0.42794642873806654, 0.41654845184988787, -0.23883373549183973, 0.7447149372719135, 0.06418416429414324, -0.025484873311014712]], "inverted": true, "swapped": false, "error_lsq": 0.04652692209391578, "error_max": 0.24236310217545906, "target": "507.xyz", "model": "15.xyz", "model_rescale": 4.355366556412066, "target_rescale": 4.01312671458358},
{"mapping": [5, 9, 11, 1, 2, 10, 3, 6, 7, 4, 8, 13], "R": [[0.8575721462346636, -0.4905107164625938, 0.15482006019190792], [-0.13606320012929132, -0.5066026789507257, -0.85137566987231], [0.49604114705642066, 0.7090507476304507, -0.501188804455616]], "T": [-0.06240094564497669, 0.05226197048100656, -0.04443575761572382], "aligned_model": [[-0.22278953542238425, 0.4964832304358594, 0.1480536349417673, -0.7121048579529595, -0.4610055294222968, -0.41134541066170255, -0.06405844460730196, -0.192731233368676, 0.3621769149406274, 0.2863784444345357, 0.45907353279717655, -0.09032219148286444], [-0.6149271677073785, -0.31404412904370405, -0.5225365072608319, 0.43596957088580734, -0.2934879887533396, -0.08421623826644553, 0.3928307522580601, 0.5814648863690531, 0.0024495347255657496, 0.01407225027670872, 0.3866838263291893, 0.028517637928295946], [0.1053762732623251, 0.1002420601747612, -0.4869478095571417, -0.011955830361560858, -0.5968244884994767, 0.5684915477660593, -0.7540856032788067, 0.5002808914854523, -0.5556444589313624, 0.6200399712769744, 0.07229702005355479, -0.11201111218135773]], "inverted": false, "swapped": true, "error_lsq": 0.04127526158673673, "error_max": 0.21333459929077167, "target": "507.xyz", "model": "16.xyz", "model_rescale": 3.795458400668931, "target_rescale": 4.01312671458358},
{"mapping": [10, 6, 4, 12, 9, 0, 1, 5, 2, 3, 8, 11, 13], "R": [[-0.9078555065322605, -0.3406575920280941, -0.24443973542096942], [-0.41323559019771805, 0.8256328067392497, 0.3841442638252102], [0.07095580492811351, 0.4497586835509569, -0.8903271310689763]], "T": [-0.04951313601504512, 0.13841119383419997, 0.022851526984933996], "aligned_model": [[0.14171199833838105, -0.09082441108643088, 0.5745353418233589, -0.4221923964399058, 0.580441454881134, -0.3996637905686793, -0.6463432905576095, 0.2680505929481095, -0.44850678958448886, -0.6263598601362024, 0.18692366011602687, 0.12500461944294977, -0.094145328272421], [-0.3150289742267251, 0.30950955853416134, 0.2313431432299634, -0.6074779724856194, 0.24996289377118108, 0.5850964642921042, -0.0580016951290547, -0.4617484177815486, -0.27502453445039843, 0.5052812790519902, 0.7118978406066334, -0.027233467070600703, 0.11520514712839885], [-0.5004967172957647, -0.7273328943672707, -0.38526691421820025, -0.1555674229393469, 0.26405016593875597, -0.3690589814849257, -0.396215753566712, 0.20249341818907632, 0.5262767165764921, 0.4130398703737835, -0.0894465501438746, 0.7388171238967676, 0.0809829698775152]], "inverted": true, "swapped": true, "error_lsq": 0.04315142478516438, "error_max": 0.24024669171025712, "target": "507.xyz", "model": "17.xyz", "model_rescale": 3.7474275329858107, "target_rescale": 4.01312671458358},
{"mapping": [12, 9, 2, 7, 8, 0, 5, 11, 10, 3, 4, 1, 6, 13], "R": [[0.7869967297194459, 0.416727860458245, 0.4549439940572805], [-0.4777054644239241, 0.878247085502396, 0.021898540272585955], [-0.39042750501267254, -0.23456331154816285, 0.8902507602946145]], "T": [-0.011394981340222547, -0.026191020535196143, 0.020940924944337195], "aligned_model": [[-0.22004231441289998, -0.5439574781494808, -0.5367593612273766, -0.474630825947231, 0.5452130483371379, 0.003245958244148913, 0.1409830178011918, 0.24174630860695495, 0.5296759372761563, 0.5844107985186794, -0.042683501489209186, 0.03928740999385871, -0.5682538339811234, -0.06547634602444424], [-0.4565080507052256, 0.09503227238785761, 0.16074924932307003, -0.6120618604643225, 0.4232807290789387, 0.642415644423223, 0.10328197346748991, -0.6878516552374985, -0.24501574147236094, -0.12218385310678348, 0.7284273768090439, -0.1896448113668575, 0.5044330297163712, 0.0417534655285466], [-0.5539768667970603, -0.3655901425020653, 0.4601200770688286, 0.11885513856150676, -0.04989055687127206, 0.5228305156335008, -0.6742120264785372, 0.1618712396934344, -0.3475660261405187, 0.3314083629967729, -0.3237298236217441, 0.6911890657706249, -0.036896320757833584, 0.08155473865011899]], "inverted": true, "swapped": false, "error_lsq": 0.04181719846256883, "error_max": 0.27703810012969177, "target": "507.xyz", "model": "18.xyz", "model_rescale": 3.922800546911778, "target_rescale": 4.01312671458358},
{"mapping": [13, 11, 3, 12, 6, 2, 4, 5, 8, 1, 10, 0, 9, 14], "R": [[0.5175302998894422, 0.6940877329097369, 0.5004044441454992], [-0.8156272340768468, 0.22336400034707848, 0.5337234662080199], [0.25867857222525614, -0.6843615582228244, 0.6817144958839667]], "T": [-0.008828888443960223, -0.0321200496500646, -0.021139729651808613], "aligned_model": [[-0.25722367722361844, -0.4404020287468112, -0.44678025021614737, -0.4032352098971766, 0.5708207984426737, -0.07343479808885521, 0.1433775999382058, 0.21228387547207617, 0.3999765205761637, 0.5897427588531632, 0.01277355927074561, -0.026678789575734815, -0.5432823234088542, -0.10517921784946782], [-0.32270485093051576, 0.2586290605373443, -0.13958683366631325, -0.706666780803594, 0.24023096335239202, 0.5617419159310213, 0.21782037572483523, -0.6122440498122517, -0.41496167537095496, 0.15947947964581283, 0.7284175589661128, -0.10639308604748293, 0.551026838582757, -0.028681147727671295], [-0.5918184912963043, -0.5074042587542, 0.43251072900573223, 0.0685508810850116, -0.2772626261719648, 0.3741867241340607, -0.6831292369326634, 0.42281861327571124, -0.26751562375042737, 0.3699927637074776, -0.2889391459999882, 0.8110907268749709, 0.1713243410564323, -0.01843802102809201]], "inverted": true, "swapped": false, "error_lsq": 0.03470819077096784, "error_max": 0.199581392185768, "target": "507.xyz", "model": "19.xyz", "model_rescale": 3.9282355846067225, "target_rescale": 4.01312671458358},
{"mapping": [6, 7, 9, 8, 1, 10, 5, 4, 3, 0, 2, 11, 12, 13], "R": [[-0.597043865210166, -0.6928740758002202, -0.40430698497416], [0.6487987481434528, -0.7134710472888526, 0.26461150596305566], [-0.471803780635969, -0.10432918941762317, 0.8755093447891165]], "T": [-0.10736812460042988, -0.03382449227714282, -0.05139763189542018], "aligned_model": [[-0.18285548798409443, -0.5281449479061835, -0.5960762358748279, -0.48271347682951266, 0.5560133829212386, -0.005038950848127055, 0.18194893953751357, 0.15763594609875786, 0.5470574125659248, 0.575804965653946, 0.09838610639231066, 0.04665112210545294, -0.7557803493675928, 0.019870391081556527], [-0.393607294180763, 0.27641329053689645, -0.07242339387564234, -0.6614659556818071, 0.2987173292012387, 0.6803915127335304, 0.07225757553019277, -0.5463992637855282, -0.3267707832507356, -0.04438626386701226, 0.710129825671351, -0.09919194438772869, 0.43517667753084055, 0.057266456206660044], [-0.5914921120383179, -0.39021492700145555, 0.43655659957284426, 0.15789555744303577, -0.15552115830867144, 0.4194086843082075, -0.6780812710124093, 0.20629945979518938, -0.2800124959154572, 0.36496755148331544, -0.3393444665615697, 0.6452861838880937, 0.23564563097414565, -0.015425861421193773]], "inverted": false, "swapped": false, "error_lsq": 0.038101068656084466, "error_max": 0.26911146091365806, "target": "507.xyz", "model": "20.xyz", "model_rescale": 4.067790424073018, "target_rescale": 4.01312671458358},
{"mapping": [7, 8, 5, 1, 3, 6, 0, 10, 12, 11, 2, 13, 4, 14], "R": [[-0.6362118468140453, 0.7026924977758596, -0.31852431546584553], [0.6171299158496467, 0.7112780283375145, 0.3365029470416358], [0.46301744344772794, 0.01751627739622441, -0.8861760700274571]], "T": [-0.031014591624014, 0.03477225343296483, 0.003698216319684952], "aligned_model": [[-0.3191614688538898, -0.5505612802856822, -0.535702308415073, -0.4773765369233222, 0.6852827134953804, 0.08390966443099594, 0.013658336241365185, 0.2076246997877313, 0.6277266621927308, 0.5091849366020631, 0.019358668589758557, -0.06339234609057785, -0.5712978227616287, 0.0035048995365110983], [-0.38352585374847553, 0.011626753250667247, 0.04171817394195239, -0.6524472543176514, 0.4586089140846903, 0.6429210743898627, 0.18723879539526847, -0.6624763990282163, -0.29020809739703685, -0.00535180028518998, 0.7075831446111223, -0.2642824092406722, 0.6263164807076727, -0.03161375398250133], [-0.5428015804596745, -0.2301894080794276, 0.3098161406011561, 0.04607112316399811, -0.17244284197481724, 0.40928954960271896, -0.6885562980165891, 0.36172395113386785, -0.21415861509039408, 0.3566950774908494, -0.31016476478261257, 0.6358702615938, 0.0290349893136255, 0.025779790709255776]], "inverted": true, "swapped": false, "error_lsq": 0.04238437162639291, "error_max": 0.2564360670124952, "target": "507.xyz", "model": "21.xyz", "model_rescale": 4.186013935880536, "target_rescale": 4.01312671458358},
{"mapping": [0, 3, 1, 4, 9, 6, 8, 7, 12, 2, 11, 5, 13], "R": [[0.015774268883514908, 0.7938359450597161, -0.6079273515580117], [-0.8297129934951595, 0.34968041696920676, 0.4350861459682934], [0.5579673116469208, 0.49754205683478603, 0.6641719512401278]], "T": [0.034819215093920566, -0.06290001491369386, 0.022397447133334025], "aligned_model": [[0.15409711197219544, -0.5470399866392993, 0.4120594177868103, 0.4482447374096828, -0.14268623851116402, 0.6328482564555057, -0.07019646204200732, -0.617867136175017, 0.45436962333788744, -0.3005591916200755, -0.516562976148119, 0.16576900351793827, -0.013902123921112688], [-0.3481180576720822, 0.061281368020425775, 0.28787759705043386, -0.5844237515093224, -0.4147794494925773, -0.39453545663676065, -0.678188563990155, -0.1924524011765923, 0.6779865272177341, 0.6233734734296674, 0.18418677869712136, 0.3007592068945751, -0.004010611286374449], [-0.5941660206287959, -0.4929777553788781, -0.5299127359776749, 0.3712897537642978, 0.5810888013210262, -0.33276045770880347, -0.06587406383656744, 0.05843466174531764, -0.023845259394678006, 0.03297960349304646, 0.47563814722759346, 0.608838930785932, 0.014145955923529907]], "inverted": false, "swapped": true, "error_lsq": 0.03691070986535319, "error_max": 0.2349455492501421, "target": "507.xyz", "model": "22.xyz", "model_rescale": 4.166573947596378, "target_rescale": 4.01312671458358},
{"mapping": [2, 4, 9, 11, 5, 10, 1, 12, 6, 13, 0, 14, 8, 15], "R": [[-0.18433095932306137, 0.9828288799877958, -0.008336072035149134], [-0.9489121084233061, -0.1757470487375799, 0.26206637584334813], [0.2561013625943372, 0.05621714615636425, 0.9650138468205305]], "T": [-0.12101028189994784, -0.005346965620801562, 0.029136189288320926], "aligned_model": [[-0.18790320762191276, -0.5264999008822473, -0.5371734273479347, -0.48659879235168074, 0.6088570724321845, 0.1240502446248416, 0.19120255655947804, 0.1110299541698577, 0.403371734572367, 0.5728112484410475, -0.04149546472492968, 0.16919854883261837, -0.6917068123205494, -0.07638493683677758], [-0.33560590217790226, 0.26665357256032446, -0.061157450245978504, -0.6932327166907325, 0.3556107277164664, 0.434909450360103, 0.10813977153912688, -0.5803570261020321, -0.3987524496458466, 0.2505673196857677, 0.6371298277758559, -0.17636935180170998, 0.5671550719025268, 0.011416923505523462], [-0.5533272091339494, -0.5199060581675204, 0.4582545790816677, 0.152633403536433, -0.13839043516939994, 0.5832669136044525, -0.6015324755881285, 0.24103737951446746, -0.3573392405986422, 0.4413651323612832, -0.46851502053075195, 0.7450327888123521, 0.05415672922476539, -0.02076911174127261]], "inverted": false, "swapped": false, "error_lsq": 0.04060491124821795, "error_max": 0.26472898737351014, "target": "507.xyz", "model": "23.xyz", "model_rescale": 4.274766983524099, "target_rescale": 4.01312671458358},
{"mapping": [4, 8, 6, 10, 1, 12, 5, 2, 11, 3, 13], "R": [[-0.5739339989693898, 0.5659531148274298, -0.5918587978936655], [0.1685774728037477, 0.7889214927583165, 0.5909183648585408], [0.801362215536836, 0.23937407980213699, -0.5481958130346983]], "T": [0.06167640859111492, 0.15272892147477732, -0.006733920040044208], "aligned_model": [[0.09882121094824281, 0.36390620771854754, -0.43194450309528143, -0.4518942197497601, -0.6247161607554939, -0.6025893138006571, 0.058609147762619745, 0.04866005334057219, 0.5955479262309891, 0.25293503453934674, 0.07255932081894889], [-0.060455285529408126, 0.5005166898651833, 0.43401042748701035, -0.23886290821936898, 0.39860769841438676, -0.21101555947002296, -0.5410559485897981, -0.03589650064884739, -0.19411713201033057, 0.7138819940482077, 0.14997305589647156], [-0.7263214890702826, -0.4369675395948818, -0.5272884779990998, -0.32132805767398886, 0.19026991176935926, 0.38507573261506145, 0.10263991789042755, 0.7334099735042325, 0.3996899405444253, 0.5110692404518037, 0.06931728158452045]], "inverted": true, "swapped": true, "error_lsq": 0.048032813544126966, "error_max": 0.28291921322789265, "target": "507.xyz", "model": "24.xyz", "model_rescale": 3.7841303162186577, "target_rescale": 4.01312671458358},
{"mapping": [8, 1, 3, 5, 10, 11, 0, 12, 9, 14, 7, 13, 6, 15], "R": [[0.3795878771033078, -0.9214865570723412, 0.0823138426461015], [-0.8815556681755308, -0.3332727273067071, 0.3343484606531675], [-0.28066465303596294, -0.1994788569460742, -0.9388479845894597]], "T": [-0.03131877195696574, 0.015634537559641372, -0.0942917780735899], "aligned_model": [[-0.0779575105067764, -0.4655846485250066, -0.5461785431816975, -0.45964141732237496, 0.6600142384672513, 0.004227001254683407, -0.04951460142782658, 0.1084414081222551, 0.38363501263078836, 0.628401021596525, 0.024903711875266923, 0.12405015679510269, -0.6158105123462182, -0.08622649988560996], [-0.21867607551383245, 0.035176529525136786, -0.041455317874943685, -0.6542668333697073, 0.363777401731713, 0.5730786708875023, 0.4144599237765522, -0.561131111601997, -0.39429829454275606, -0.22115416720811418, 0.6509199018853608, 0.00017713077496798318, 0.39446624581006884, 0.04503376410154126], [-0.6350145797996483, -0.6976719673421931, 0.5226863836258548, 0.2759927208429058, -0.17246031458959943, 0.4324150715000814, -0.7123024353040236, 0.37791621046484364, -0.13798546579768808, 0.27719155344844476, -0.22100838426840347, 0.6722730018536961, 0.0977561182539528, -0.06382053768246682]], "inverted": true, "swapped": false, "error_lsq": 0.04542121800522259, "error_max": 0.30571394802169904, "target": "507.xyz", "model": "25.xyz", "model_rescale": 4.19342608120988, "target_rescale": 4.01312671458358},
{"mapping": [5, 9, 11, 1, 2, 10, 3, 6, 7, 4, 8, 13], "R": [[0.8575721462346636, -0.4905107164625938, 0.15482006019190792], [-0.13606320012929132, -0.5066026789507257, -0.85137566987231], [0.49604114705642066, 0.7090507476304507, -0.501188804455616]], "T": [-0.06240094564497669, 0.05226197048100656, -0.04443575761572382], "aligned_model": [[-0.22278953542238425, 0.4964832304358594, 0.1480536349417673, -0.7121048579529595, -0.4610055294222968, -0.41134541066170255, -0.06405844460730196, -0.192731233368676, 0.3621769149406274, 0.2863784444345357, 0.45907353279717655, -0.09032219148286444], [-0.6149271677073785, -0.31404412904370405, -0.5225365072608319, 0.43596957088580734, -0.2934879887533396, -0.08421623826644553, 0.3928307522580601, 0.5814648863690531, 0.0024495347255657496, 0.01407225027670872, 0.3866838263291893, 0.028517637928295946], [0.1053762732623251, 0.1002420601747612, -0.4869478095571417, -0.011955830361560858, -0.5968244884994767, 0.5684915477660593, -0.7540856032788067, 0.5002808914854523, -0.5556444589313624, 0.6200399712769744, 0.07229702005355479, -0.11201111218135773]], "inverted": false, "swapped": true, "error_lsq": 0.04127526158673673, "error_max": 0.21333459929077167, "target": "507.xyz", "model": "26.xyz", "model_rescale": 3.795458400668931, "target_rescale": 4.01312671458358},
{"mapping": [1, 10, 12, 2, 11, 8, 6, 3, 4, 5, 7, 9, 13], "R": [[-0.16130608258440815, 0.9754140810152627, 0.15015897668278888], [0.5280296476730817, -0.04324223056951837, 0.8481242837424321], [0.8337655779051527, 0.21609599730796225, -0.5080723187184712]], "T": [-0.1628245459219103, -0.09517899476479419, -0.02495253838706734], "aligned_model": [[0.009977566036373287, 0.45491966091178637, 0.5000490345052412, -0.015045797715050768, -0.1801733147262936, -0.6103957198599816, -0.11085614485324868, -0.7468136789086524, 0.009466726550904053, 0.41306374446922767, -0.6591214206082581, -0.19714579798678608, -0.16824847499400478], [-0.7909927585929697, -0.31983620946149327, -0.4234861580931561, 0.037508900784680166, 0.5617305055715012, -0.060310159996485396, -0.6881936534478564, -0.221570208597616, 0.01665436109200366, 0.293774075457937, 0.29936689948811757, 0.4978893177203416, -0.08065340866808973], [-0.262406277294606, 0.26485714678481187, -0.4490832071144679, -0.7625956244925842, -0.39733710467113276, 0.417613117012717, 0.4643232915574991, -0.5373729707400453, 0.6978493223662837, -0.12682342037909816, -0.23014738301259352, 0.3135077697229256, -0.10024799764028347]], "inverted": false, "swapped": true, "error_lsq": 0.044689819423888597, "error_max": 0.22415908481450023, "target": "507.xyz", "model": "27.xyz", "model_rescale": 3.6321398670334006, "target_rescale": 4.01312671458358},
