[{"mapping": [9, 14, 7, 13, 6, 12, 11, 5, 10, 0, 2, 3, 4, 15], "R": [[0.7978232036095206, -0.5059752464910413, 0.3278218810887576], [0.5197542241952836, 0.8527753200311828, 0.05128157541332809], [-0.3055056173188972, 0.12947317669712105, 0.9433467094883811]], "T": [-0.088113127584792, 0.08751577689287188, 0.19451666617400715], "aligned_model": [[0.1547013467644982, 0.21155358173016653, -0.5183250438194615, -0.46283948763599275, -0.6243238950164223, -0.09707006319641856, -0.6592787342844533, -0.12013122356031891, -0.3662928497175617, 0.3977185057702624, 0.632499081853225, 0.20554220244659188, 0.6676203815252013, -0.04988170173101204], [-0.585676204756822, -0.3280887818552303, -0.5097694974351541, -0.321068121206331, 0.22773459295354728, 0.21507007777316817, 0.30635505225201287, 0.445461160709115, 0.7210070375360034, 0.14530726901168037, 0.3966556284050621, 0.6950887121035887, -0.22672595286133806, 0.05392235918073227], [0.2766899278954897, -0.40984759737747606, 0.3782343436553891, -0.2697021887142408, 0.404496291131872, -0.619178473595108, -0.2220410277908848, 0.6652326488726512, 0.23562650837077403, 0.8324177070703447, 0.2789554051949697, 0.07381091351720091, 0.11540911909732718, 0.15748450985152454]], "inverted": true, "swapped": true, "error_lsq": 0.04157406570406235, "error_max": 0.29795031489979656, "target": "508.xyz", "model": "0.xyz", "model_rescale": 3.8414455957264533, "target_rescale": 4.09762343094353},
{"mapping": [12, 11, 2, 10, 3, 5, 0, 1, 9, 4, 8, 13, 7, 14, 15], "R": [[-0.2598067184135047, -0.4427181472337558, 0.8581964292498055], [-0.6172993690191229, -0.6072777516232886, -0.5001551973057525], [0.7425913802864929, -0.6597077947798358, -0.1155147931259346]], "T": [0.00931583723847435, 0.03230907295676111, -0.16435657457438924], "aligned_model": [[-0.7298138881455225, -0.6098878054881133, 0.14947119888872745, -0.33624220233918645, -0.28822708290498233, 0.2235129018324428, 0.6575408636809041, -0.37163770527307577, 0.465461089369472, 0.3160244573531304, 0.5826682136181965, -0.29698490620800533, 0.31373878844703396, -0.2092345566626689, 0.005654787336192088], [0.21962507800755293, 0.19333213078787764, -0.517085759775837, -0.43299639045302, -0.5517184499826793, -0.4362378096541544, -0.4181206888241556, -0.21274846523927576, 0.49966869323996155, 0.06865939317733331, 0.051041230159330375, 0.6843061630746646, 0.6323271754195422, 0.5055958783333314, 0.061396349772543005], [0.14717202789748784, -0.5362430018589782, 0.3838232291387508, -0.5444429085128573, 0.03646241432501421, -0.45643024498671186, -0.012017100694219573, 0.450715644195557, 0.1396257478392705, 0.5977113240293617, -0.6228179275780581, -0.22712154074850888, -0.5149120199935111, 0.4323165136104917, -0.1086603693235534]], "inverted": true, "swapped": true, "error_lsq": 0.03779171908519312, "error_max": 0.26382825352916767, "target": "508.xyz", "model": "1.xyz", "model_rescale": 4.316132596720782, "target_rescale": 4.09762343094353},
{"mapping": [11, 13, 12, 5, 3, 6, 2, 8, 14, 7, 9, 15], "R": [[-0.2219067046505261, -0.8769876990286025, -0.42620416490651686], [0.051211174119217884, -0.44698112137722984, 0.8930763084852746], [-0.97372215240102, 0.1763532049180605, 0.1440996774411839]], "T": [-0.09750826019936407, 0.0633477214719106, -0.07442766153669733], "aligned_model": [[-0.1771789924724932, 0.42441805934300236, 0.15284195369014938, -0.629171036138186, -0.543911348763504, -0.3837265838691032, -0.3174322039448806, -0.24729070514666548, 0.5790199673380368, 0.29423317374886226, 0.492344359349985, -0.04633808850342286], [-0.6442705093020402, -0.37723321983522434, -0.6067514372549758, 0.2968688148154814, -0.05267914055654033, -0.11864425600888164, 0.4362189762306454, 0.49941261149837674, -0.10531450656210205, 0.14820918230998897, 0.47031476722595733, 0.06664514518029502], [0.1269925584340439, 0.16293523165176316, -0.4827681992395876, 0.04187446345616344, -0.5815866632206663, 0.4116101329945884, -0.7336543229920992, 0.4971344823142627, -0.4507866114258853, 0.5697162340419064, -0.0012807618491130074, -0.11092808295595548]], "inverted": true, "swapped": true, "error_lsq": 0.043324582400290725, "error_max": 0.23827249523627397, "target": "508.xyz", "model": "2.xyz", "model_rescale": 3.795458400668931, "target_rescale": 4.09762343094353},
{"mapping": [7, 9, 0, 1, 6, 3, 4, 13, 14, 12, 5, 15], "R": [[-0.10218639814333802, 0.12107265242792668, -0.9873699169351667], [0.15980959367875103, 0.981671664016621, 0.10383466586391732], [0.9818446077678097, -0.14718069472898038, -0.11966206289535114]], "T": [0.022760061197861947, 0.1244913872090505, -0.037243629469487484], "aligned_model": [[0.06123225450988651, -0.16285526939725814, -0.768141280316881, 0.2117622220517555, 0.08708040363967039, -0.007754430368451543, -0.2596352683930237, 0.6083805368762667, 0.4177652453420199, 0.7466189288828802, -0.3788489209522663, 0.03769940386896675], [-0.25174780688752263, -0.5654702047557003, 0.1275637066753643, 0.1222017070544516, 0.4709907118975824, 0.56712534487295, -0.4335839579716855, -0.2098808815039372, -0.46710774035356906, 0.10215189214674733, 0.5494665645619498, 0.07405970955307874], [-0.6949275474619286, -0.12888809855760078, 0.10682440775482518, 0.7028682360202739, -0.5137684010428875, 0.48533865927372605, 0.496557637334713, -0.2982103635925299, 0.31170454110656604, 0.35515845192995743, -0.13121126604408503, -0.0026748260819297112]], "inverted": true, "swapped": true, "error_lsq": 0.04532192887168338, "error_max": 0.23385909840927926, "target": "508.xyz", "model": "3.xyz", "model_rescale": 3.7530521520055578, "target_rescale": 4.09762343094353},
{"mapping": [14, 12, 1, 3, 4, 11, 9, 13, 7, 5, 15], "R": [[0.6310873786238852, 0.3449025481254489, 0.6948172082196912], [-0.4094980731855476, 0.9088652801287929, -0.07921635332262582], [-0.6588171587010748, -0.23453386721960545, 0.7148103360528998]], "T": [0.059235165895774954, 0.0837832564644032, 0.15639465161969357], "aligned_model": [[-0.3538919504610447, -0.2746452065058278, 0.2835941033210992, 0.5611365865916118, 0.23316811065070878, -0.32614534308234233, -0.20669100958160805, -0.6536523315859414, -0.47996218518390443, 0.5156512564497734, 0.03963757183268017], [-0.4932432801894263, 0.02551569112690953, -0.26416073991636807, 0.16401347551345227, -0.7189701204011072, 0.6000222795725269, -0.4754508313074737, 0.08219750949328039, 0.13084185621816066, 0.38869242588632974, 0.02774509231806186], [-0.19595433831780118, -0.594324266889158, -0.485548239501739, -0.3036121733684744, 0.1180103817294296, -0.20777594773971686, 0.5244153878871489, 0.03536286539096117, 0.6880297535424666, 0.3787419999714134, 0.13548535454078595]], "inverted": true, "swapped": true, "error_lsq": 0.049200436623045934, "error_max": 0.2449883101231377, "target": "508.xyz", "model": "4.xyz", "model_rescale": 3.7855080009869324, "target_rescale": 4.09762343094353},
{"mapping": [6, 12, 11, 1, 13, 4, 5, 10, 7, 8, 0, 3, 2, 9, 14, 16], "R": [[0.18814782430070393, 0.7497155123193102, -0.6344501925279131], [0.6757850477738967, 0.3699319359339364, 0.6375460234221545], [0.7126815315525887, -0.5487048508660776, -0.437044644424219]], "T": [-0.05053178447012531, 0.10915960243502462, 0.022859067717910273], "aligned_model": [[-0.1885586385261071, -0.7018948148182541, -0.7396455218159469, -0.5835003120626117, -0.41440952153409344, -0.10121185242996349, 0.5110290325697396, 0.661424056742001, 0.41751575197924534, 0.2344959371308148, -0.07422729501840976, 0.29896275902440916, -0.20784307490189374, 0.28484090156888364, -0.2850353215143809, -0.058171618058131216], [0.15600980966880143, 0.23178836826185242, 0.18308441580478593, -0.42839458343251835, 0.6913057468444586, -0.44162892281424626, -0.4713023404438864, 0.2605388320753176, -0.06415903675052839, 0.6718338630553286, -0.6661987605008596, -0.24456982129913016, -0.1893046317647019, 0.22585256310642585, 0.4159848731443553, 0.12469296808044807], [-0.6134040175766268, 0.17698126435955122, -0.3671327363880991, 0.013694743326549075, -0.20858530549914328, -0.46812394118429934, -0.030212829309261027, 0.05702751912750342, -0.5359446767312942, -0.28933758235699286, 0.10490670708526292, 0.5077772713888903, 0.6800941446766452, 0.6399667841157571, 0.5783442096440904, 0.07372260760905737]], "inverted": false, "swapped": false, "error_lsq": 0.034615625421187936, "error_max": 0.2233955663514344, "target": "508.xyz", "model": "5.xyz", "model_rescale": 4.2253639853439635, "target_rescale": 4.09762343094353},
{"mapping": [10, 2, 14, 12, 1, 9, 13, 11, 0, 5, 4, 7, 6, 15], "R": [[0.3454881947005537, -0.9244488806924577, 0.1613448924168795], [0.30136795968177454, -0.0535259137820881, -0.9520043746911233], [0.8887155113982184, 0.37753045379181605, 0.260106701682115]], "T": [0.09384178045601574, 0.041209617549467045, 0.049314529541963574], "aligned_model": [[0.6987671529245381, -0.28815985422771584, -0.4384890531331471, 0.11814206748580044, -0.18760395087748952, -0.4977593604256946, 0.11296763716395683, 0.64963934301141, -0.21172220000543748, 0.3686639282259244, -0.7024142080202638, 0.09115618164234353, 0.620353235469938, 0.04052123352362064], [0.030416403620274313, 0.1382966159060352, -0.5221899552206987, -0.7784307819280157, -0.4387795736440529, 0.17581684846112672, -0.41294715274737304, -0.4131880765852528, 0.6953005356631622, 0.48686547768494776, 0.01555127729757956, 0.24234992604675726, 0.21795923591954675, 0.008078366160953712], [-0.2888185130898241, -0.6337873447642327, 0.21359555094933344, -0.028462192214317096, -0.47403173206016636, 0.4376285024384651, 0.6116628393426141, 0.22890544284268388, -0.3043600315903362, -0.2274294569423772, -0.15429552891854773, 0.7808331832174468, 0.25624448515418213, 0.05387300456652402]], "inverted": false, "swapped": true, "error_lsq": 0.04115942937785579, "error_max": 0.2763740167888926, "target": "508.xyz", "model": "6.xyz", "model_rescale": 3.89814844738969, "target_rescale": 4.09762343094353},
{"mapping": [13, 7, 6, 14, 10, 8, 9, 12, 4, 0, 5, 2, 15], "R": [[0.018336545934056064, 0.8889359703702275, -0.45766430018644744], [-0.29861451951543105, 0.4417181356553672, 0.8459990882783002], [0.9541976419053743, 0.12115250395715749, 0.27354877255643917]], "T": [0.030836352850179258, 0.07665457007134938, -0.02093316113818047], "aligned_model": [[0.0956749230979864, -0.22106709446848932, 0.38129287812985785, -0.25903132574337695, 0.651770547052304, -0.19038741737826698, -0.6386722704266428, 0.39320285524517123, -0.619748423889915, -0.4160200936807059, 0.16424261133263524, -0.18802514061591413, -0.004600247750420977], [-0.4018423388668084, 0.17167423852387953, 0.4114159338346659, -0.6607081424188314, 0.3346510264310185, 0.6958529071041629, -0.06864956688268228, -0.658063081021021, -0.22081086358314603, 0.6061393030644252, 0.6228935132373776, 0.10557200247066037, 0.02565633357678429], [-0.5591677381413368, -0.7302286515049998, -0.36209265405130414, -0.028443694933667826, 0.14718497952172505, -0.34792569364221304, -0.2435172333332271, 0.06468575013626848, 0.38452062114766333, 0.3868108814025173, 0.16494147349435487, 0.7361947894836364, -0.010687798743120577]], "inverted": true, "swapped": true, "error_lsq": 0.049494236177439456, "error_max": 0.26626052206137846, "target": "508.xyz", "model": "7.xyz", "model_rescale": 3.7474275329858107, "target_rescale": 4.09762343094353},
{"mapping": [7, 9, 14, 13, 1, 11, 7, 6, 12, 10, 8, 5, 0, 2, 15], "R": [[-0.9666360014884938, 0.20741784327760251, 0.15030861224961273], [-0.10681265230749697, 0.20695647565340036, -0.9725019663178894], [-0.2328216010884176, -0.9561102737002628, -0.1778967301313723]], "T": [0.028626437397878103, -0.035659874644085716, 0.05811724803274124], "aligned_model": [[-0.6021761094325415, -0.02267742865452136, 0.4247265690762303, -0.19570519791641708, 0.7717450733281904, -0.18083918908628108, -0.6021761094325415, -0.46761209938839177, 0.43928272973931537, -0.019128852239703842, -0.5438683705997349, -0.10247872422466633, 0.15275654785696055, 0.6835610331900613, 0.06674385012278825], [-0.05443311093189754, 0.206236186685559, -0.3721902012809115, -0.5955381566539344, -0.20971331804508136, -0.6991918912685142, -0.05443311093189754, -0.13826300275623116, -0.7474193156852864, -0.18695058463861014, 0.42403248115438247, 0.32646605783007915, 0.7546990262283467, 0.38141127196947733, -0.045594369695887406], [-0.3629764343350933, -0.6184571875574555, -0.5399090673749426, -0.3407203362892889, 0.0893057820591143, 0.31009047151804037, -0.3629764343350933, 0.36551708390508786, 0.0014602581586469904, 0.7328140003767224, 0.07237509667556617, 0.508005943444005, 0.13694931000961397, 0.19628974431382717, 0.009026425127510326]], "inverted": false, "swapped": true, "error_lsq": 0.04327663880933518, "error_max": 0.37983040661780837, "target": "508.xyz", "model": "8.xyz", "model_rescale": 4.019505241142653, "target_rescale": 4.09762343094353},
{"mapping": [9, 14, 7, 8, 0, 5, 11, 4, 2, 1, 12, 3, 15], "R": [[0.09749675662070156, -0.8044171022221211, -0.5860098191165479], [0.09241092795904438, -0.578954064470808, 0.8101064199390595], [-0.9909362254162435, -0.13313645963933834, 0.01789078736419536]], "T": [0.10849287900205608, 0.015057606716326569, -0.09734079573014298], "aligned_model": [[-0.3540629680065927, -0.6707911602492315, -0.03683163849628539, 0.5011835419216809, 0.44282194167768985, 0.6792910512614065, 0.13520753330413876, -0.37611743268596937, 0.16125300314638263, -0.19285935876729526, -0.3628178530540243, 0.3439048896984814, 0.049519221990794164], [-0.4648422758693315, 0.057131122428583106, -0.075777414917232, -0.35101052488636425, -0.6904113694024019, -0.1311909872421651, 0.7399637163793413, -0.537450266718313, -0.37141730689385305, 0.12172116490478915, 0.6101395793249547, 0.15473396632223835, 0.001788824683813004], [-0.37053843324791924, 0.03951553194890636, -0.8364036890465845, -0.5983984966911715, 0.09456431647590002, -0.03797423996214447, -0.24375988784728508, 0.2714774537010351, 0.5881027214774013, 0.5964187786379279, 0.2223367708544975, 0.5311652925203679, -0.07980262477705208]], "inverted": false, "swapped": true, "error_lsq": 0.04781903499275541, "error_max": 0.28827669134001155, "target": "508.xyz", "model": "9.xyz", "model_rescale": 3.877068213659057, "target_rescale": 4.09762343094353},
{"mapping": [7, 0, 1, 5, 8, 4, 13, 14, 2, 9, 3, 6, 12, 10, 11, 15], "R": [[0.1697455436026024, -0.24640480663242206, -0.9541861043294941], [0.4902558433750165, -0.8188108061804158, 0.298660462262465], [-0.8548892667847157, -0.5184915958341241, -0.01818808911554387]], "T": [-0.0053335999461506176, -0.009335494006084528, 0.02979473392415735], "aligned_model": [[-0.27956950519876994, -0.7110801812646153, -0.7834245024041908, -0.6742969705642068, -0.2772008119603218, -0.10022224520489445, 0.6616183563617886, 0.7378143267113788, 0.37131301509594583, 0.3231632445660952, -0.10365620818455168, 0.23379065121465978, -0.3789311436968756, 0.34995313408171963, -0.23140944916393547, -0.08409124205392526], [0.14292493585956847, 0.25062889992968024, -0.04584396038784803, -0.4099786072522929, 0.6595659078346252, -0.4084578249919109, -0.3841193062115449, 0.2179707490531881, 0.1254146677567672, 0.5504536685792731, -0.6345285614632066, -0.3247344868460833, -0.15021236001273516, 0.32705434602126926, 0.5212848444340336, 0.018110430733119222], [-0.7237953397791868, 0.2907665953895282, -0.35249872612704325, 0.08427910619956278, -0.24220171725723746, -0.5085250498980349, -0.08133887057703133, 0.10452476543411977, -0.4996720537327467, -0.09008529150599777, 0.07699257117309907, 0.5027087249913957, 0.6612801253950127, 0.5434327305813934, 0.4902152407414103, 0.06369135125934694]], "inverted": true, "swapped": false, "error_lsq": 0.03810710254539615, "error_max": 0.2503387548891919, "target": "508.xyz", "model": "10.xyz", "model_rescale": 4.260839863003843, "target_rescale": 4.09762343094353},
{"mapping": [12, 4, 9, 14, 7, 13, 11, 3, 0, 8, 6, 15], "R": [[0.7534698963498949, 0.6471949668680983, 0.11585244993128196], [-0.562155249939253, 0.7255276800995001, -0.396977405371104], [-0.3409759379490217, 0.2339834615310213, 0.9104873142827123]], "T": [0.11350823265943444, 0.04179785478880092, 0.030698596444094485], "aligned_model": [[0.2620189255361049, 0.05360424042226553, -0.45304476199987065, -0.1652801000719154, -0.5944900941793754, -0.37398906427733364, 0.15874294675831516, 0.7863784207463776, 0.2961192498788834, -0.1778027467746207, 0.07174047688619534, 0.09490115616910413], [0.17785996224101558, -0.7605319585079623, -0.4028945754696881, -0.30309411464254715, 0.245803190341977, 0.32160504849223376, 0.6942983652589318, -0.03676730104025437, -0.4693867833964861, 0.13780586385364174, 0.5689957592122756, -0.0006149508102034767], [-0.7679764212379696, -0.13905825297395372, 0.04354790639768762, -0.6258911110115034, 0.21154208976870006, -0.42417953203437225, -0.3154776528773543, -0.07428439958026589, 0.6236854871759594, 0.6979249664777346, 0.2982664766795314, -0.011921479388689031]], "inverted": true, "swapped": true, "error_lsq": 0.046304880829724636, "error_max": 0.23488461474818673, "target": "508.xyz", "model": "11.xyz", "model_rescale": 3.890672605050136, "target_rescale": 4.09762343094353},
{"mapping": [5, 0, 8, 10, 6, 12, 2, 11, 3, 14, 7, 9, 13, 15], "R": [[0.5621480290872521, -0.7434282838824167, -0.36235891063552306], [0.6693024649210082, 0.6663185175282745, -0.32871544479927506], [0.48582281116059256, -0.057740972649995004, 0.8721480242673557]], "T": [0.06703699760320189, 0.0031091217166706415, 0.07522447030335597], "aligned_model": [[0.5056876626801493, 0.1339409548895031, 0.570438211725731, 0.5167613013874018, 0.624110411785016, -0.37688292853828764, -0.27871488652888177, 0.2950398319659525, 0.005105323833415221, -0.6628177397622705, 0.26749238621660976, -0.2968507719680198, -0.09879531268970504, 0.00536138979707973], [-0.11430917027858693, 0.18107269257803724, 0.4896701748143514, -0.5241601605558531, 0.014721121286570875, -0.4592982771139008, -0.30291073501185606, -0.3212079099063607, -0.6211002531982227, 0.09129204817282975, 0.6572203812309461, 0.6220310940867159, 0.205080603957004, 0.01405090976609033], [-0.3049361948971273, -0.7058919092791575, -0.14639730804915752, 0.08619300713222906, 0.27723714085232615, 0.5924909427658297, -0.5641398911827499, 0.7001038679789655, -0.20131725753040822, 0.37072283376547743, 0.4031578083021946, 0.016743350897468777, 0.7494402793448511, 0.08138376525611939]], "inverted": false, "swapped": true, "error_lsq": 0.04673848369342874, "error_max": 0.2647920881912538, "target": "508.xyz", "model": "12.xyz", "model_rescale": 4.124412569039231, "target_rescale": 4.09762343094353},
{"mapping": [9, 2, 5, 14, 8, 7, 1, 13, 3, 12, 6, 10, 15], "R": [[0.6031642941409279, -0.6747642349501544, -0.42530702028723805], [-0.7949768492538947, -0.5519220316240434, -0.2517814134489257], [-0.06484322188036779, 0.4899747934742371, -0.8693216081152313]], "T": [0.15449378356015753, 0.09201401131171634, 0.034972181695299406], "aligned_model": [[-0.14711741802240746, -0.193305683179832, 0.5946499356526789, -0.5748065713402604, 0.7096033832540094, 0.4025604495490146, -0.44865529189064035, -0.017767875316454518, 0.045039896155969414, -0.35068654669673116, 0.7019060061345949, 0.5519528184599032, 0.09392520474991281], [-0.4000130653295517, 0.6901138110726236, 0.4301170247333555, -0.18952630073226062, -0.15083009334335568, -0.6196997667458123, 0.5359824939574582, -0.46903412257754734, 0.7573711284566981, 0.1486914807639263, -0.002970122826562116, 0.5411150672452852, 0.07616784183422007], [0.46606242397025516, 0.41351077324563396, 0.24154542953615066, -0.09402198103422761, 0.4498826859895374, 0.12163592363399137, -0.11534685263326204, -0.38741473130908144, -0.08859139051545858, -0.6131255001633277, -0.17140761194409077, -0.3124752407709613, 0.041444152962679975]], "inverted": false, "swapped": true, "error_lsq": 0.041764250312740274, "error_max": 0.22430648732185102, "target": "508.xyz", "model": "13.xyz", "model_rescale": 3.9028299243045295, "target_rescale": 4.09762343094353},
{"mapping": [8, 3, 0, 4, 2, 5, 13, 11, 12, 1, 10, 10, 7, 9, 6, 15], "R": [[0.3001145165934166, 0.9051968862451613, 0.3009150612082494], [-0.47122855715921375, 0.414964136068818, -0.7782984085132805], [-0.8293822543601628, 0.09177888051574873, 0.5510913837502183]], "T": [-0.061787297672099444, 0.08361875388430084, -0.032088003383064626], "aligned_model": [[-0.238126589313158, -0.6082040703803474, -0.8260203469075855, -0.5369871015189488, -0.34385063732764237, -0.07570503585185467, 0.4314981466006898, 0.616371739744696, 0.44481813684445326, 0.21030096095157935, 0.04981988970830751, 0.04981988970830751, -0.2140654294578306, 0.2678559991334148, -0.13641711337441795, -0.037337970224361576], [0.03678985206947216, 0.24236877753238215, 0.05028358585823267, -0.38768220998864755, 0.636035112645217, -0.32019301871103945, -0.4828170573380949, 0.34678973056495954, 0.09555083195914785, 0.6734463264095444, -0.5531162225706383, -0.5531162225706383, -0.17602254869433787, 0.18862637245693914, 0.574607018488213, 0.0839830149251922], [-0.782566962272633, 0.22269933094301153, -0.3515453906409485, 0.07479427652831334, -0.4288577206643573, -0.3464829501180935, -0.29375820426321353, 0.09713291342532147, -0.5090039794123823, -0.015651156029674554, 0.3386747341364129, 0.3386747341364129, 0.8223274227489111, 0.6615647580015904, 0.41262446201307623, 0.07914789375584351]], "inverted": false, "swapped": false, "error_lsq": 0.04927417081933411, "error_max": 0.3744898949793973, "target": "508.xyz", "model": "14.xyz", "model_rescale": 3.942246331269136, "target_rescale": 4.09762343094353},
{"mapping": [5, 8, 0, 7, 13, 9, 1, 2, 3, 4, 14, 12, 6, 11, 15], "R": [[0.19767522917657748, 0.8474829754934246, 0.49264298433936843], [-0.9699036508317402, 0.24197734225009288, -0.027090107804199487], [-0.14216684519693507, -0.4724611857987839, 0.8698097585336451]], "T": [-0.1315196429841906, -0.06639143512739089, -0.028868437358551675], "aligned_model": [[-0.6815197959439242, -0.3279298458029295, -0.4553634243616373, 0.23500890776239697, 0.41364195019250727, 0.4255461990001246, -0.06076489874537827, -0.3589414839288141, -0.5541586541975408, 0.25930399857675357, 0.5655699394088635, 0.1772809793271748, -0.41751707753730394, -0.16614875265474882, -0.0797140045633336], [-0.1304894166403682, -0.5467886125004309, 0.19793560687813988, -0.689963171422458, -0.38755992637609543, -0.07282117712204803, 0.6332303764660889, 0.652825077851408, 0.41762182600261466, 0.5475356019967424, 0.2630870285161334, 0.2094643503461215, -0.5732157344364377, -0.3920674458731626, -0.030649693804596673], [-0.23890384661955555, -0.5483992233687831, -0.7155607925177977, -0.257777345005515, 0.32114503308364917, -0.4855248335308808, 0.26948658571252676, -0.2590557926836114, 0.20999477126042235, -0.4116078784932969, 0.1535966417556927, 0.6831679859607871, 0.08342289553696804, 0.6347406734181157, -0.029362394148205243]], "inverted": false, "swapped": true, "error_lsq": 0.0389673962304909, "error_max": 0.3371089562042741, "target": "508.xyz", "model": "15.xyz", "model_rescale": 4.355366556412066, "target_rescale": 4.09762343094353},
{"mapping": [11, 13, 12, 5, 3, 6, 2, 8, 14, 7, 9, 15], "R": [[-0.2219067046505261, -0.8769876990286025, -0.42620416490651686], [0.051211174119217884, -0.44698112137722984, 0.8930763084852746], [-0.97372215240102, 0.1763532049180605, 0.1440996774411839]], "T": [-0.09750826019936407, 0.0633477214719106, -0.07442766153669733], "aligned_model": [[-0.1771789924724932, 0.42441805934300236, 0.15284195369014938, -0.629171036138186, -0.543911348763504, -0.3837265838691032, -0.3174322039448806, -0.24729070514666548, 0.5790199673380368, 0.29423317374886226, 0.492344359349985, -0.04633808850342286], [-0.6442705093020402, -0.37723321983522434, -0.6067514372549758, 0.2968688148154814, -0.05267914055654033, -0.11864425600888164, 0.4362189762306454, 0.49941261149837674, -0.10531450656210205, 0.14820918230998897, 0.47031476722595733, 0.06664514518029502], [0.1269925584340439, 0.16293523165176316, -0.4827681992395876, 0.04187446345616344, -0.5815866632206663, 0.4116101329945884, -0.7336543229920992, 0.4971344823142627, -0.4507866114258853, 0.5697162340419064, -0.0012807618491130074, -0.11092808295595548]], "inverted": true, "swapped": true, "error_lsq": 0.043324582400290725, "error_max": 0.23827249523627397, "target": "508.xyz", "model": "16.xyz", "model_rescale": 3.795458400668931, "target_rescale": 4.09762343094353},
{"mapping": [13, 7, 6, 14, 10, 8, 9, 12, 4, 0, 5, 2, 15], "R": [[0.018336545934056064, 0.8889359703702275, -0.45766430018644744], [-0.29861451951543105, 0.4417181356553672, 0.8459990882783002], [0.9541976419053743, 0.12115250395715749, 0.27354877255643917]], "T": [0.030836352850179258, 0.07665457007134938, -0.02093316113818047], "aligned_model": [[0.0956749230979864, -0.22106709446848932, 0.38129287812985785, -0.25903132574337695, 0.651770547052304, -0.19038741737826698, -0.6386722704266428, 0.39320285524517123, -0.619748423889915, -0.4160200936807059, 0.16424261133263524, -0.18802514061591413, -0.004600247750420977], [-0.4018423388668084, 0.17167423852387953, 0.4114159338346659, -0.6607081424188314, 0.3346510264310185, 0.6958529071041629, -0.06864956688268228, -0.658063081021021, -0.22081086358314603, 0.6061393030644252, 0.6228935132373776, 0.10557200247066037, 0.02565633357678429], [-0.5591677381413368, -0.7302286515049998, -0.36209265405130414, -0.028443694933667826, 0.14718497952172505, -0.34792569364221304, -0.2435172333332271, 0.06468575013626848, 0.38452062114766333, 0.3868108814025173, 0.16494147349435487, 0.7361947894836364, -0.010687798743120577]], "inverted": true, "swapped": true, "error_lsq": 0.049494236177439456, "error_max": 0.26626052206137846, "target": "508.xyz", "model": "17.xyz", "model_rescale": 3.7474275329858107, "target_rescale": 4.09762343094353},
{"mapping": [11, 13, 6, 14, 3, 2, 10, 8, 1, 5, 4, 9, 0, 15], "R": [[-0.4589020320688993, 0.8781728910768666, -0.13498628945464458], [-0.8067203350903104, -0.34816988409504174, 0.4774725466045382], [0.37230528590769774, 0.32800930655538324, 0.868215796273164]], "T": [0.09036389631699768, 0.012048894422792271, -0.0355192192988766], "aligned_model": [[0.6359985621965554, 0.14619505187107856, 0.6458346409591681, -0.4514850867406154, 0.12997798994226623, -0.35922754551384806, 0.6522574654829554, 0.280662162435117, -0.2744385555533556, 0.3575089656276368, -0.7237828138761337, -0.4456873925856807, -0.21505381351524624, 0.03608801715297885], [-0.23324778311869301, 0.10861004147928399, 0.21864491086669235, -0.1875688494996085, -0.5782044052708762, -0.3708116767827003, -0.3128610358570256, 0.6589810859713702, -0.6590607429664678, 0.08121893916044995, -0.05712514537111899, 0.45577280401381665, 0.23679877253794915, -0.0007386736518383407], [-0.4711262009868045, -0.7499550938779381, -0.028804740860033862, -0.5780465318396818, 0.3108620287037221, 0.4872279693881931, 0.20757398993996087, 0.25523146919950457, -0.04038322937501234, 0.48847754546900835, 0.056779708188950846, -0.22168276507501636, 0.6733513509143595, -0.06471078112755706]], "inverted": true, "swapped": true, "error_lsq": 0.04083679004751756, "error_max": 0.27604835429041785, "target": "508.xyz", "model": "18.xyz", "model_rescale": 3.922800546911778, "target_rescale": 4.09762343094353},
{"mapping": [7, 8, 9, 13, 2, 6, 0, 12, 5, 14, 4, 1, 11, 3, 15], "R": [[0.5806254275995588, -0.7627029613662806, -0.2848829681604981], [-0.5377467962765257, -0.09652802369485858, -0.8375623700572379], [0.6113121100707577, 0.6395049126978389, -0.4661876990185037]], "T": [-0.023642286050768735, 0.05427499594629644, 0.0008379810318953052], "aligned_model": [[-0.23192192927636693, -0.49551886521217964, 0.35962239428798404, 0.0945133668024174, 0.36266253325539716, -0.5942322819878432, -0.02504294336631152, 0.36661954340021236, -0.4343429994422517, 0.6831011334042365, 0.7047560140768006, 0.5326614076368419, -0.30782175619736424, 0.04336344948413377, 0.03763177002191153], [0.46044767388800134, -0.12855400405465006, 0.11532135087281119, 0.7613324741261605, -0.5965792978043336, 0.21457214508107858, -0.6944068496964927, 0.5279119856472769, -0.37011416891644466, 0.4120686607515907, -0.26285689833251635, -0.08670845826416997, 0.6055706466056924, -0.30687240813614736, 0.06647865326672214], [-0.6051550244805826, -0.5313055186082577, -0.6060230289266706, -0.09386553625065558, 0.2225057047057956, -0.0017362956260663681, -0.2920160827445528, 0.5502138207928535, 0.04491011962350239, -0.01592153758380849, -0.21129943555817932, 0.5049634603619845, 0.4045163498218121, 0.5796565943390275, -0.006784422702873133]], "inverted": true, "swapped": true, "error_lsq": 0.03745147461341621, "error_max": 0.28399386192072806, "target": "508.xyz", "model": "19.xyz", "model_rescale": 3.9282355846067225, "target_rescale": 4.09762343094353},
{"mapping": [10, 11, 13, 6, 5, 7, 8, 9, 0, 2, 12, 3, 4, 15], "R": [[0.15562100893849953, 0.9464898604436903, 0.28273493886367673], [-0.10380404357414905, 0.30030646461019284, -0.9481775929914096], [-0.9823476075782032, 0.11820732376046164, 0.14498346972937906]], "T": [-0.00930213674133145, -0.13148507798405493, 0.03371021603193575], "aligned_model": [[-0.6679916748051582, -0.21414198859820427, 0.4198890908252177, -0.3481245150749766, -0.5016006306775779, 0.35424462142073004, -0.11803260400975774, 0.6338225253440649, -0.15212849863264158, -0.12832298321440436, 0.1512845659774352, -0.4394515904089339, 0.49938631718797605, 0.04369018375090705], [-0.3466423333311917, -0.8198953278858637, -0.655664499169045, -0.2725717181141736, 0.1839019202867033, -0.1231556053257947, 0.313208942602491, 0.17204044780213582, 0.6502567191977202, 0.2837875757520347, -0.8263294075447081, -0.1639855486732935, 0.2639093580957079, -0.13597843626788728], [0.04856289792045425, -0.14453976023464946, -0.21905571625128428, -0.4316592095878052, -0.06061277598522766, -0.6321340235118598, -0.5404810125268547, -0.08101415917522019, 0.15524359989945452, 0.6935298625986233, 0.44584293184058443, 0.566498513665521, 0.5446292920814493, 0.06737271651049723]], "inverted": false, "swapped": true, "error_lsq": 0.04341090708852736, "error_max": 0.22919044678283815, "target": "508.xyz", "model": "20.xyz", "model_rescale": 4.067790424073018, "target_rescale": 4.09762343094353},
{"mapping": [10, 13, 5, 2, 8, 7, 0, 11, 6, 12, 14, 4, 1, 9, 15], "R": [[-0.7119298403527985, -0.13081654672285906, 0.6899586462381244], [0.6897445058114343, 0.05433654197065341, 0.7220111196578707], [-0.13194096830848062, 0.9899164466308144, 0.05154618872082639]], "T": [0.02590443994546646, 0.026937019029681302, -0.0487080016111607], "aligned_model": [[0.19689615827618148, 0.1355611240870618, -0.22398636558362384, 0.2905655367415519, -0.6954506113604566, -0.515604662373691, -0.3575326257831646, 0.3207966058681231, -0.2381034825096758, 0.7731566127558211, 0.43762937305564226, 0.1613391186315888, 0.7077109117102808, -0.27751639653932925, 0.05298265693120488], [-0.06132900953829791, 0.7137037014618787, -0.33163710775810923, -0.697271863532367, -0.01628011027045036, 0.529885625208708, -0.6721315475881012, 0.5629099228788048, 0.27197910932886565, 0.36585379734997964, 0.27151790788104513, -0.37041816465679894, -0.2570580973808226, 0.10074689712941579, 0.030424079414096805], [-0.7145579056478575, 0.14924837606094624, -0.448336295834182, 0.11698841685493713, -0.17928297280463218, 0.12274102424387093, 0.05409825451542758, -0.46513656443393026, -0.5193766082201495, 0.02340104397734593, 0.5825179620865356, 0.6583318213986766, 0.14617489090633534, 0.6004350149381051, 0.008003115579711728]], "inverted": false, "swapped": true, "error_lsq": 0.040544354013397864, "error_max": 0.24373686881374754, "target": "508.xyz", "model": "21.xyz", "model_rescale": 4.186013935880536, "target_rescale": 4.09762343094353},
{"mapping": [3, 11, 1, 0, 8, 2, 5, 6, 14, 13, 7, 9, 15], "R": [[-0.7734624406576417, 0.5605068070233259, -0.2959526519097946], [0.12582087936263048, 0.5933989349330872, 0.7950137170745497], [0.6212285885310965, 0.5776762270517923, -0.5294952478454058]], "T": [-0.02833483900326924, -0.03977600547443431, -0.02251346278589951], "aligned_model": [[0.23129049298228507, -0.599132743918933, 0.486479376144523, 0.43393586988717076, -0.2781693649230499, 0.6693244552651942, -0.09601399732179822, -0.5780746765174681, 0.31385218527659514, -0.363582196336587, -0.4266996373925172, 0.25241366019729755, 0.012950612080513166], [-0.33441564667984086, 0.18935362101612455, 0.14262288508757745, -0.6075735421306035, -0.4246824643844387, -0.3393851054568741, -0.6280607106584859, -0.25857805684888435, 0.6729087281750259, 0.5991015828299993, 0.20718644362921917, 0.29281714043569207, 0.007661784531582595], [-0.5844123611676216, -0.4340112843182138, -0.5565449239236266, 0.30945298066208676, 0.5508105127806997, -0.23578606102606564, -0.014499112592987043, 0.011932433177419169, -0.075162867525902, 0.025491000550913065, 0.5740594271073505, 0.5514733293471127, -0.01992351173581946]], "inverted": false, "swapped": true, "error_lsq": 0.04156679690774509, "error_max": 0.24776964653141909, "target": "508.xyz", "model": "22.xyz", "model_rescale": 4.166573947596378, "target_rescale": 4.09762343094353},
{"mapping": [0, 3, 4, 2, 8, 1, 6, 13, 5, 10, 6, 12, 11, 14, 9, 15], "R": [[-0.09240178142444472, 0.8754659814396987, 0.47436402280465395], [-0.3745357322838553, -0.4719744240046266, 0.7980996982383197], [0.922596822036682, -0.10392044277872398, 0.37150457001292536]], "T": [-0.10106099759328835, 0.10586603910292748, 0.07275544740205601], "aligned_model": [[-0.23477790460538173, -0.6751373370851065, -0.704810938972714, -0.4602085992253617, -0.5541953415371993, -0.1265565814998017, 0.14733063598494198, 0.719116155093805, 0.4765019810038539, 0.4064190508254043, 0.14733063598494198, 0.170616368258941, -0.40070864593818567, 0.4885042866687582, -0.2604274028920717, -0.08522589372952252], [0.16760763245818205, 0.07125849697247595, 0.08915705417337656, -0.45839785512958175, 0.7218960871188836, -0.35449932557264763, -0.6097269881080586, 0.2600241261326541, -0.06195384520777954, 0.6514704897307017, -0.6097269881080586, -0.22236253557464924, -0.11277282277286142, 0.3423180616061918, 0.5147623229337919, 0.06647943238328291], [-0.7304030221835469, 0.2478706280102146, -0.34564666955190715, -0.0009228879251264727, -0.1904087342434826, -0.47085541256629665, -0.0002914398842536886, -0.06992552998866604, -0.5011081891748607, -0.0028819574728108227, -0.0002914398842536886, 0.5705895230517017, 0.7688169837229735, 0.5444343422737407, 0.4824569780478995, 0.018340990056265286]], "inverted": false, "swapped": false, "error_lsq": 0.040182307562868516, "error_max": 0.33380834737744214, "target": "508.xyz", "model": "23.xyz", "model_rescale": 4.274766983524099, "target_rescale": 4.09762343094353},
{"mapping": [0, 9, 7, 6, 13, 11, 10, 12, 1, 14, 15], "R": [[0.865011292671866, -0.3731982013365228, 0.33537824328559523], [-0.30460573100322685, -0.9217363613639975, -0.24003630721090602], [0.3987114397532851, 0.10547598143010013, -0.9109906723733343]], "T": [0.008520756646872463, -0.0054815577252550485, -0.09881256940587294], "aligned_model": [[0.4999631726972291, 0.14895709780619854, -0.5049381642524432, -0.5001135372714725, -0.42449686485777205, -0.5253787041721157, -0.17231770358265983, 0.01552353794522332, 0.5606627589760446, 0.24083567228765126, 0.04119743838219141], [-0.15169529408622315, 0.6528967422239985, 0.4572539378896121, -0.2702605865566129, 0.44850279315631314, -0.19219288155781947, -0.6621517035724545, 0.07683221911777406, -0.07334194786680001, 0.5881977343799052, 0.041545518115790304], [-0.7180022540036887, -0.3551607823714079, -0.4115744188465268, -0.24867239499575833, 0.2607061930503022, 0.37839947822865583, 0.029510947914071106, 0.7207150445574487, 0.4246631316492532, 0.3716745473978934, -0.07269305855866524]], "inverted": true, "swapped": true, "error_lsq": 0.043588202665763104, "error_max": 0.19421131365629232, "target": "508.xyz", "model": "24.xyz", "model_rescale": 3.7841303162186577, "target_rescale": 4.09762343094353},
{"mapping": [10, 1, 0, 8, 7, 9, 12, 13, 14, 11, 2, 5, 4, 3, 6, 15], "R": [[0.06406067413377048, -0.3142746622170654, -0.94716823569938], [-0.9660151371921699, -0.2576973705067669, 0.020169778122021365], [-0.2504216139735553, 0.9136867635695768, -0.32010234821480477]], "T": [-0.1257932085366058, 0.0474547322432787, -0.04979157340578126], "aligned_model": [[-0.12912619250207033, -0.7970364075523734, -0.8143348522974898, -0.5789171699487555, -0.40139759321847984, 0.041341053998025346, 0.503020461200548, 0.6309551150709245, 0.4403770702218619, 0.22488814125311807, -0.14121469464684044, 0.29878747909798425, -0.26364621788199605, 0.3442808640317433, -0.1860254116986227, -0.11818117679227635], [0.2642594508509378, -0.06188040959560637, 0.23873106524430776, -0.3319982640307477, 0.6016635763339984, -0.40581124787367207, -0.3716090122852317, 0.2457655343776015, -0.1475018173598375, 0.729177820671911, -0.6651954323756141, -0.4180272202265216, -0.09806824278937629, 0.24653763217797572, 0.5380206420430513, 0.09146926787272666], [-0.7969459821356892, 0.2510651837683815, -0.22487360729941774, -0.06211564950451197, -0.24904101600478368, -0.3795745294264778, 0.01463554201601007, -0.05198194896134854, -0.5701204324247366, -0.09106857397111545, 0.19655157864444078, 0.5604514413484432, 0.668904436330199, 0.5734244829388456, 0.4772222993600121, 0.0032409376093399875]], "inverted": true, "swapped": false, "error_lsq": 0.031456922732172474, "error_max": 0.21083906042231657, "target": "508.xyz", "model": "25.xyz", "model_rescale": 4.19342608120988, "target_rescale": 4.09762343094353},
{"mapping": [11, 13, 12, 5, 3, 6, 2, 8, 14, 7, 9, 15], "R": [[-0.2219067046505261, -0.8769876990286025, -0.42620416490651686], [0.051211174119217884, -0.44698112137722984, 0.8930763084852746], [-0.97372215240102, 0.1763532049180605, 0.1440996774411839]], "T": [-0.09750826019936407, 0.0633477214719106, -0.07442766153669733], "aligned_model": [[-0.1771789924724932, 0.42441805934300236, 0.15284195369014938, -0.629171036138186, -0.543911348763504, -0.3837265838691032, -0.3174322039448806, -0.24729070514666548, 0.5790199673380368, 0.29423317374886226, 0.492344359349985, -0.04633808850342286], [-0.6442705093020402, -0.37723321983522434, -0.6067514372549758, 0.2968688148154814, -0.05267914055654033, -0.11864425600888164, 0.4362189762306454, 0.49941261149837674, -0.10531450656210205, 0.14820918230998897, 0.47031476722595733, 0.06664514518029502], [0.1269925584340439, 0.16293523165176316, -0.4827681992395876, 0.04187446345616344, -0.5815866632206663, 0.4116101329945884, -0.7336543229920992, 0.4971344823142627, -0.4507866114258853, 0.5697162340419064, -0.0012807618491130074, -0.11092808295595548]], "inverted": true, "swapped": true, "error_lsq": 0.043324582400290725, "error_max": 0.23827249523627397, "target": "508.xyz", "model": "26.xyz", "model_rescale": 3.795458400668931, "target_rescale": 4.09762343094353},
