[{"mapping": [8, 2, 4, 6, 5, 3, 1, 7, 10, 11, 9, 0, 12, 13], "R": [[0.23981970729758903, -0.7088132246512622, -0.6633779620632404], [0.7828972845132056, 0.5452695476016148, -0.2995879876767072], [0.5740717288750138, -0.4475097015907138, 0.6856943321106301]], "T": [0.1479361989271092, -0.01562008990518042, 0.02301606835466024], "aligned_model": [[-0.5200465069340352, 0.10196463167281042, -0.5984533001437665, -0.08295536653811486, 0.3617002039978079, 0.3756641914408827, 0.7075798079759709, -0.5862409318718761, -0.3482286680174219, -0.2037955598467426, -0.19708127464834105, 0.4859728347290593, 0.2967369108743456, -0.006834959807502788], [0.0716518942220354, -0.7664622688918505, -0.5952932106142834, -0.4464298532722286, 0.30147161713572607, -0.41669965659184527, 0.08647508626716731, -0.04208243158307633, 0.7280717129242915, 0.5502813435594585, -0.06054814082559527, -0.364902893827293, 0.3275098570064387, 0.021280892819675955], [-0.3729155382134727, 0.18232985516683842, -0.1194129154062904, -0.5648940582567967, -0.6297925252649518, -0.22290149590177127, 0.12007130662686183, 0.20099968434265214, 0.4879589163002876, -0.18459457278832286, 0.6677544532305202, 0.6223033035938512, 0.464875769651385, 0.05800275372616415]], "inverted": false, "swapped": false, "error_lsq": 0.04560506111928148, "error_max": 0.25217618870565894, "target": "509.xyz", "model": "0.xyz", "model_rescale": 3.8414455957264533, "target_rescale": 3.9323012581191366},
{"mapping": [8, 5, 10, 6, 9, 2, 4, 12, 11, 13, 1, 3, 1, 14], "R": [[-0.5544188530357919, -0.7392090382569834, 0.38234766006563087], [-0.5584913678118377, 0.6710773797644846, 0.4875884970424313], [-0.6170146898398289, 0.05679038763400063, -0.7848998180623055]], "T": [0.08212741096404907, 0.019942238156346312, -0.06587412061370462], "aligned_model": [[-0.5865476953252658, 0.1406728752343159, -0.398947716155983, -0.0026057488180931676, 0.1413645255950804, 0.60421689573067, 0.576679924817656, -0.6448962706534638, -0.36594996718373396, -0.2058300417435614, 0.08325666369354104, 0.3067455215330743, 0.08325666369354104, 0.05456638246529932], [0.09043866195625129, -0.6266800875566844, -0.44451856681253626, -0.5908156594439309, 0.2411551364945394, -0.42552275772255205, -0.04535916373149029, 0.13490300783836612, 0.5259632686456991, 0.6904514208578191, 0.10305099583873821, -0.3643880949470807, 0.10305099583873821, 0.0025947910727435117], [-0.480851534409888, 0.04715145828480799, 0.07981109869317199, -0.5452719261321134, -0.708575838249847, -0.3371456358178783, 0.15085329528182095, 0.13539716811995434, 0.45319695546805544, -0.27165298731890675, 0.7952818178512777, 0.5784967209837921, 0.7952818178512777, 0.01781252620143052]], "inverted": false, "swapped": false, "error_lsq": 0.056320402173050364, "error_max": 0.439107032191425, "target": "509.xyz", "model": "1.xyz", "model_rescale": 4.316132596720782, "target_rescale": 3.9323012581191366},
{"mapping": [7, 9, 0, 1, 2, 10, 3, 11, 4, 12, 5, 13], "R": [[-0.4911680601738142, -0.725751966612461, 0.48170324850808066], [-0.8222309648246282, 0.5688479732164304, 0.018660756981442345], [-0.28755899768335114, -0.38690575897200674, -0.8761356952696551]], "T": [0.05824458396266997, -0.020112874943961256, -0.002818218196028871], "aligned_model": [[-0.28186877950197836, 0.4505270888772519, 0.050883529925956746, -0.32955040660347923, -0.5186030085609453, -0.46460774299319885, -0.044427425834208216, -0.3332184439245969, 0.6028484435533721, 0.22577136712996781, 0.2861412414807833, -0.04608730891714407], [-0.6106816720613295, -0.3620129844252715, -0.5474025864147616, 0.45429428154490936, -0.22144289337084014, -0.17840445865773447, 0.2949636964251871, 0.5464465832791096, 0.08622609883638775, -0.007172123773439456, 0.6089879745370934, -0.05102548817833017], [0.09597609041190985, 0.14295556436066315, -0.6279391710480032, -0.03468885146054121, -0.38279003779533816, 0.5195692699951945, -0.7531638420489648, 0.5926173721878597, -0.5143531535771729, 0.7001039114517388, -0.27365821223838116, -0.015370479029543457]], "inverted": true, "swapped": true, "error_lsq": 0.040123862806527584, "error_max": 0.23891178421843162, "target": "509.xyz", "model": "2.xyz", "model_rescale": 3.795458400668931, "target_rescale": 3.9323012581191366},
{"mapping": [0, 9, 4, 11, 2, 1, 6, 7, 12, 10, 3, 13], "R": [[-0.529406681003692, -0.022082884391664385, 0.848080722764997], [-0.12320344332587654, -0.9870623160217565, -0.10261040806084856], [0.8393744561644122, -0.15880910083087404, 0.5198366972732752]], "T": [-0.010017820584461642, -0.06394489291056019, 0.049929212972060044], "aligned_model": [[-0.13771044068530064, -0.04374501277121545, -0.7273206238174681, 0.35619431765622334, 0.2519339557433499, 0.028845796792908912, -0.22748306074378938, 0.5393385803407601, 0.2789011434819647, 0.7214975781152654, -0.5148022496112227, 0.06765384124208924], [0.014827998785328339, -0.5812433556856439, -0.15151126540455073, 0.18060997982996865, 0.4553796972146592, 0.4535458606905909, -0.12917889560038773, -0.13954408772840177, -0.5363745019996033, -0.02171374310146157, 0.5369380929771119, 0.004033265312099216], [-0.7540323886854459, -0.10270112845457063, -0.16773601214084763, 0.8467090120536795, -0.3735666453071507, 0.37727578967998093, 0.646877299730678, -0.3583614017309881, 0.5143302283957458, 0.2354587808244585, -0.18874558699551588, 0.013263483269076379]], "inverted": false, "swapped": true, "error_lsq": 0.04808615174572384, "error_max": 0.2604209662465336, "target": "509.xyz", "model": "3.xyz", "model_rescale": 3.7530521520055578, "target_rescale": 3.9323012581191366},
{"mapping": [6, 3, 4, 0, 9, 2, 12, 1, 10, 7, 13], "R": [[-0.5392198339327517, 0.714564892886806, -0.44568933636245234], [-0.812828877012314, -0.5800471595280158, 0.05342760913967065], [-0.22034333978687992, 0.3910783892995727, 0.893591912471468]], "T": [-0.07521597845839767, -0.13692295673251748, 0.020008078208432305], "aligned_model": [[-0.48920080468447874, -0.1865590064963324, 0.22805098711566518, 0.5332662672097588, 0.35703837854972664, -0.07376980254938649, -0.19676688435267797, -0.6475244320998114, -0.3274943682195788, 0.23585719691163076, -0.09469792893931071], [-0.6223755274519795, 0.15165832432644938, -0.4232948538749726, 0.3053946369151265, -0.4127042037839851, 0.575683831555301, -0.5721796775327044, 0.043238946405998735, 0.14421543432356287, 0.31057642286287984, -0.03300997543133062], [-0.009077817096545059, -0.7397003638839464, -0.6089510742487599, -0.30088027260917927, 0.19068941529162686, -0.07926416801894376, 0.584019754277591, -0.10831793103684192, 0.6747112844251277, 0.44094358915536336, 0.048658360989823825]], "inverted": false, "swapped": true, "error_lsq": 0.04798810503942905, "error_max": 0.26572810163376354, "target": "509.xyz", "model": "4.xyz", "model_rescale": 3.7855080009869324, "target_rescale": 3.9323012581191366},
{"mapping": [9, 13, 14, 15, 10, 8, 6, 2, 0, 5, 1, 11, 4, 16], "R": [[-0.4964703574633623, 0.7134162765432736, 0.49452441853090834], [-0.5371230484903203, 0.19506239945283854, -0.8206396840880696], [-0.6819208274724176, -0.6730437405420491, 0.2863496261155245]], "T": [-0.0031875795799622235, -0.049710099882420526, 0.045437990165717666], "aligned_model": [[-0.5252173147401106, 0.314722024966387, -0.49241162454507814, -0.03905302963792234, 0.09176776107650876, 0.4704770562776727, 0.6023129228590642, -0.7278808349993798, -0.27404214376625974, -0.021906325514829166, -0.1934328353899949, 0.3017703298090517, 0.32815455867824717, -0.04927853219027992], [-0.035881423718494836, -0.6991225493835248, -0.5050263349163837, -0.5257486234704931, 0.22543439132913068, -0.3055043776264235, -0.08248704852503058, 0.018020119263868963, 0.5572733459516042, 0.7475088431857155, 0.08749571486778338, -0.44865616309733863, 0.43436739334373, -0.07334933887552253], [-0.43851215455295184, 0.09087577890546586, -0.05965415262020309, -0.6264393053563769, -0.6225764305701186, -0.40790622141627464, 0.28704072452675267, 0.1720001904574877, 0.4537060208311348, -0.09310734531423884, 0.7652193778313602, 0.6621055995362283, 0.49586240317162017, 0.031170451377068354]], "inverted": false, "swapped": false, "error_lsq": 0.038681083328936605, "error_max": 0.2167446267579682, "target": "509.xyz", "model": "5.xyz", "model_rescale": 4.2253639853439635, "target_rescale": 3.9323012581191366},
{"mapping": [8, 4, 1, 10, 5, 2, 6, 9, 12, 11, 0, 3, 7, 13], "R": [[0.20609815420559446, 0.8061605901860932, -0.5546428162915812], [-0.4259040796776286, -0.4364040247971194, -0.7925637148235006], [-0.8809819894566512, 0.39957055693792654, 0.25340502023700323]], "T": [-0.06041500288328773, -0.06404068633130675, 0.0198582922673411], "aligned_model": [[-0.5692593966354677, 0.1220317573185866, -0.5175963476643297, -0.06504501038998398, 0.20157327665324082, 0.48415526821199106, 0.4963540895748335, -0.639864368290654, -0.13047593136491797, 0.04745673197024379, -0.34140146824837686, 0.4800488089560119, 0.22924261622845366, -0.011238013436554152], [0.0760937307002442, -0.7324862732165291, -0.6375549908344748, -0.48554795284598273, 0.08847363404745487, -0.3446369957286848, 0.24817471858738957, 0.05591553245305403, 0.7517183450562349, 0.6713993453958325, -0.2262942260967848, -0.22550106646970702, 0.23444323119744984, -0.07987308391687602], [-0.4971567981399841, 0.16409763943736988, -0.007932757959520996, -0.6365125340914733, -0.5358779670459944, -0.25378480197955916, 0.09890060206357384, 0.16967606821312808, 0.4681577830979498, -0.2104576589085645, 0.7531952164991743, 0.44978722411077865, 0.6954299248083436, 0.0522629967017328]], "inverted": true, "swapped": false, "error_lsq": 0.05331480170937887, "error_max": 0.304044832802113, "target": "509.xyz", "model": "6.xyz", "model_rescale": 3.89814844738969, "target_rescale": 3.9323012581191366},
{"mapping": [10, 8, 7, 11, 2, 9, 12, 1, 5, 4, 0, 3, 13], "R": [[-0.8366521200666379, -0.5349012240342041, 0.11787243322639485], [-0.4792465759859704, 0.6106882665855653, -0.6303828681527137], [0.2652092558598289, -0.5839011231205402, -0.7672832130477298]], "T": [-0.14853872222793824, 0.09847344486779457, -0.0054798298878560164], "aligned_model": [[0.18021497800930691, -0.09128864383555288, 0.3364268263010994, -0.23707133169818828, 0.5536929142768519, -0.402567710715062, -0.5389173545644731, 0.01130878892936002, -0.49309253317475554, -0.4796006842407092, 0.2764240084527409, 0.07609250192910855, -0.042989958765504516], [-0.290527895793039, 0.2961349989912823, 0.3106020534535956, -0.7853841835121834, 0.1227801610708746, 0.48243565599614197, -0.14429316059082026, -0.4315739220127877, -0.12108700846161181, 0.5315835079650569, 0.7631604960591846, 0.15658742532096454, 0.0733631369838271], [-0.5639764105765033, -0.8164955728703058, -0.4459554702002276, -0.2048140567918323, 0.14926323861246804, -0.28845250991176924, -0.5631545604942835, 0.2590223518432508, 0.5896125548679776, 0.5164234005038311, 0.21007209458735432, 0.7812837439170801, -0.020553772650744515]], "inverted": false, "swapped": true, "error_lsq": 0.05134576427781735, "error_max": 0.3253885780574963, "target": "509.xyz", "model": "7.xyz", "model_rescale": 3.7474275329858107, "target_rescale": 3.9323012581191366},
{"mapping": [13, 0, 12, 1, 2, 2, 3, 11, 9, 8, 7, 6, 5, 14], "R": [[-0.2392088549375224, -0.7472097297382275, -0.6200457592016937], [0.4689937329463155, -0.6480676098800452, 0.6000443745936178], [-0.8501905681531405, -0.14726164744729353, 0.5054601913252413]], "T": [-0.11799067053807545, -0.09786809270929689, 0.0659231249721126], "aligned_model": [[-0.7526510581711051, 0.26062238939969484, -0.6271964447965723, 0.11886316894506298, 0.3638743000465714, 0.3638743000465714, 0.5906813881761931, -0.6549442002233727, -0.3395483386606547, 0.17407047452205926, -0.20208972697187116, 0.3497019875163113, 0.26236394730661006, -0.12164017425242074], [0.07668635835899554, -0.6274600128424074, -0.40856789660038484, -0.5911207726845364, 0.024696043289827135, 0.024696043289827135, -0.0467688338040515, 0.026567980859481893, 0.5215268678023677, 0.5021406890223042, 0.018267161033357376, -0.32739018314068713, 0.29137940518021277, -0.09032890143568574], [-0.546325815144821, 0.16789266258626961, -0.09161331564782714, -0.44925050834891855, -0.6133218076847988, -0.6133218076847988, 0.16239755641188547, 0.35345838566748017, 0.4501138623373401, -0.07514446608851148, 0.7317441095235848, 0.6948279556132614, 0.5315820281328567, 0.006746097133951599]], "inverted": false, "swapped": false, "error_lsq": 0.04776706262501779, "error_max": 0.45118130923889666, "target": "509.xyz", "model": "8.xyz", "model_rescale": 4.019505241142653, "target_rescale": 3.9323012581191366},
{"mapping": [10, 2, 7, 8, 12, 9, 0, 11, 6, 5, 3, 4, 13], "R": [[-0.1657786396769675, -0.963830366611583, 0.20868269459693034], [0.3962247256723369, 0.1286803867344516, 0.9090914832049377], [-0.9030633473864033, 0.23339319284686405, 0.3605609631393989]], "T": [0.04185219465306366, -0.04564719633167341, 0.056458943479817995], "aligned_model": [[-0.23022518082591503, -0.47479099190004426, 0.006541089734355826, 0.420538697407224, 0.35135649673431607, 0.5618064416457763, 0.1019136942753755, -0.392835294841406, 0.0929861528407755, -0.07837748696652674, -0.35561489088079906, 0.35688296103322303, -0.04048091651517902], [-0.5883333824310073, 0.28016996169448066, -0.05234454024327245, -0.43500868313460167, -0.6985372537908676, -0.04625423173834963, 0.6777406527020731, -0.8095711496245246, -0.4102146634743345, 0.10034917194613441, 0.5852129771177352, 0.5021202878528253, -0.04195091876223201], [-0.39385769430513734, -0.323789005013897, -0.6312308056099598, -0.5800065795819248, 0.03991003620711816, -0.09077711442901401, -0.3203267605583003, 0.2936159468824454, 0.5783492617369274, 0.7530857817554596, 0.3983195877916765, 0.469103743332249, -0.01569290416376414]], "inverted": true, "swapped": true, "error_lsq": 0.05639419896996708, "error_max": 0.375999029905233, "target": "509.xyz", "model": "9.xyz", "model_rescale": 3.877068213659057, "target_rescale": 3.9323012581191366},
{"mapping": [13, 12, 3, 6, 14, 10, 11, 4, 7, 2, 1, 0, 8, 15], "R": [[-0.07339186316588474, -0.9578631162055967, 0.2776902681657092], [0.9811630102878678, -0.11923994556021246, -0.15199007410238052], [0.17869745847070576, 0.26130458472001794, 0.9485711003084636]], "T": [-0.03966845536837861, -0.05262948791081657, 0.008792149394263836], "aligned_model": [[-0.4404321580282726, 0.20874887983262602, -0.5291339309569818, -0.049595789468789384, 0.15993895824808052, 0.5099772937321858, 0.6660043595476275, -0.6659249247950726, -0.31948704757814433, -0.23675243008940172, -0.249719204498626, 0.3503169956091096, 0.37684370978534176, 0.005197301543394116], [0.06095300191376415, -0.7440279336191565, -0.45608555691486297, -0.5054173474233086, 0.264109533611211, -0.14976491567490757, -0.20320745330866757, 0.11894594296469002, 0.5184895853483066, 0.5575589796508509, -0.04142274488293588, -0.3566723663490903, 0.4219543731016025, -0.09108915008887486], [-0.6424573946357125, 0.1446311443745469, -0.011409120834352034, -0.4097639130879353, -0.6763026026752595, -0.42900350913679625, 0.1637354644771282, 0.19972508465182345, 0.5204669768288306, -0.16203905066126487, 0.8506114304183822, 0.6326794082244505, 0.4522002130936091, 0.07671080576950418]], "inverted": true, "swapped": false, "error_lsq": 0.04056926018101271, "error_max": 0.21944231874321002, "target": "509.xyz", "model": "10.xyz", "model_rescale": 4.260839863003843, "target_rescale": 3.9323012581191366},
{"mapping": [3, 2, 10, 1, 12, 6, 4, 0, 7, 8, 9, 13], "R": [[0.632296561690659, -0.04543009764707301, 0.7733932791936765], [-0.6068755655083431, -0.6495663559016087, 0.4580017437408219], [0.48156319010395665, -0.7589464114866622, -0.43828898962718466]], "T": [-0.04366789407321917, 0.08604449887326686, -0.1066306154371684], "aligned_model": [[0.4108545693452449, 0.32840271558802775, -0.4489815165610532, -0.3057148595035001, -0.6263861501847673, -0.5420655997303309, 0.3821776179905975, 0.7620381704941692, 0.15463985892076762, -0.18199769097629506, 0.05251502843408672, -0.026583494722816955], [0.009448031425781975, -0.5222286954189664, -0.4406623943391637, -0.23321866108958872, 0.27096790916916147, 0.3875161531699491, 0.6273834122613052, -0.009381882663656763, -0.3298015517162283, 0.004049379168853631, 0.43083900028793337, -0.021832194722446782], [-0.7851404930950379, -0.2027174904071633, 0.2533974184224402, -0.5603543912083415, 0.2788236267066246, -0.36856227202073905, -0.41513849547931864, -0.0036919256254538957, 0.40518479744213004, 0.7144880510497371, 0.2982111331738682, -0.09832188156324122]], "inverted": true, "swapped": true, "error_lsq": 0.03970372418523127, "error_max": 0.2011059603649393, "target": "509.xyz", "model": "11.xyz", "model_rescale": 3.890672605050136, "target_rescale": 3.9323012581191366},
{"mapping": [8, 4, 7, 3, 0, 4, 2, 5, 9, 6, 12, 10, 11, 13], "R": [[0.4792606418607793, 0.7514768226878121, -0.4534223440967865], [-0.7632289063321107, 0.1017636958377285, -0.6380640929785474], [-0.4333484437520042, 0.6518640465407469, 0.6223201676992632]], "T": [0.0017100197627677484, 0.1485739828274914, 0.0012363248389049009], "aligned_model": [[-0.5013313575895616, 0.37732622816222205, -0.5402489041451001, -0.12582458553479672, 0.19246177296637937, 0.37732622816222205, 0.6569928290285253, -0.7191469055078648, -0.3439603821023843, -0.0711140336510086, -0.23040491463627455, 0.3861216427878881, 0.36355570323946085, -0.03577130829663107], [0.16093675348874598, -0.43927495053966575, -0.5091683969879552, -0.4999631934537308, 0.033532397601342245, -0.43927495053966575, -0.0376911506263064, 0.06877948678132056, 0.5376643683881017, 0.6958586492820236, -0.316785412624045, -0.23490156557819658, 0.38791345168632185, -0.013301538549669562], [-0.5145035130747291, -0.06511983050372028, 0.026129232819689874, -0.643897468598401, -0.5456400250479949, -0.06511983050372028, 0.20488767790807513, 0.2822528964590981, 0.5799772523358993, -0.16379244553067673, 0.5348049118443446, 0.7116690889346436, 0.3396834904215256, 0.02845349934292111]], "inverted": false, "swapped": false, "error_lsq": 0.0526550024614574, "error_max": 0.3697259820034562, "target": "509.xyz", "model": "12.xyz", "model_rescale": 4.124412569039231, "target_rescale": 3.9323012581191366},
{"mapping": [7, 9, 4, 10, 0, 2, 12, 1, 6, 11, 3, 5, 13], "R": [[-0.020148915598063977, 0.3430293377359199, 0.9391085638267169], [-0.7675635566014172, -0.6071972620732822, 0.2053233340565395], [0.6406560760483003, -0.7166884667574653, 0.2755311848761014]], "T": [0.08893455056765323, 0.15302758115155526, 0.07218285885772527], "aligned_model": [[-0.21281456447441618, -0.04420071442461862, 0.7152926416590959, -0.5549991786368486, 0.5601825818200463, 0.2805994433715667, -0.5399373079031321, 0.14522548729841148, -0.014211548595659818, -0.43019412031327275, 0.8518686656571026, 0.5389726626538017, 0.0715142593976803], [-0.3024661872926455, 0.4537900573091985, 0.5419322654309505, -0.2279898881500749, -0.17877388524643026, -0.538774205353902, 0.5041621310744333, -0.07384564998837614, 0.589390509867986, 0.12245832448741914, -0.05676444213868806, 0.4693794289347176, 0.04498691757388898], [0.4913270083207003, 0.5009580661135057, 0.23342187278105042, -0.03502959180114998, 0.6524396214817741, 0.12056014757868147, 0.012542939829007643, -0.4951113413019782, -0.38261588865448615, -0.6750436180667093, -0.14403967848097324, -0.39519950470843324, 0.06748804787684912]], "inverted": true, "swapped": true, "error_lsq": 0.04903021123387115, "error_max": 0.33626034072376293, "target": "509.xyz", "model": "13.xyz", "model_rescale": 3.9028299243045295, "target_rescale": 3.9323012581191366},
{"mapping": [12, 3, 1, 2, 8, 0, 4, 11, 14, 13, 9, 7, 10, 15], "R": [[-0.014474530003898083, -0.9713723688204263, 0.2371206635309551], [0.7607384592373321, 0.14320081688059116, 0.6330643906285851], [-0.6488971294576489, 0.18955011774442554, 0.7368875546816476]], "T": [-0.000497327413117251, -0.09864119679418529, -0.0141607209372374], "aligned_model": [[-0.444458762052261, 0.3647769463932645, -0.5632081440272101, -0.11347455824805149, 0.12976532352279452, 0.622530812003627, 0.6649548585634071, -0.6972848453684679, -0.4029464788142267, -0.08619300586069462, -0.2921177187248968, 0.3197333557236324, 0.2985183779504848, -0.01461414817832506], [0.29800413011803784, -0.5925258790473332, -0.4208481515392133, -0.5840205036303132, 0.04354812816120371, -0.40546766613606455, -0.014836595789687726, 0.030161193622853882, 0.4918726595817994, 0.6907495049607303, -0.18753599943884988, -0.20635152055828768, 0.3670094421517004, -0.11543479412795507], [-0.3744536825014833, 0.09233843759971425, -0.05584969936370397, -0.5561873285534451, -0.7620383828562866, -0.4668304288378609, 0.08337619982741953, 0.19501333907596047, 0.5077384252083017, -0.06074314759714454, 0.6985108148333399, 0.8263621827183223, 0.4849501810115883, 0.09759802624223207]], "inverted": false, "swapped": false, "error_lsq": 0.04263226385383726, "error_max": 0.3397817841902179, "target": "509.xyz", "model": "14.xyz", "model_rescale": 3.942246331269136, "target_rescale": 3.9323012581191366},
{"mapping": [7, 11, 8, 6, 9, 10, 4, 0, 1, 5, 12, 13, 3, 14], "R": [[-0.923506674684399, 0.23038074662598693, -0.30669224541454704], [-0.2114088873567714, 0.36145297615819644, 0.9081068375323217], [0.320065156116588, 0.9034801921516794, -0.28509969875401314]], "T": [0.029884651950300687, -0.029217458165315763, 0.025075448264818168], "aligned_model": [[-0.579876015535964, 0.23175904574908926, -0.5169977229275654, -0.0710815374783754, 0.08651679835816657, 0.6266491211312647, 0.5760898282545477, -0.6938707232481833, -0.2279220506391055, -0.010695751557407648, -0.1369560257855513, 0.21403925020637873, 0.34232498552909285, -0.05399718917331052], [-0.09190309676784844, -0.716568733737909, -0.5765553446990713, -0.3924781278928572, 0.16336339646266893, -0.11405599453054185, -0.11371934410261, 0.09421329690797825, 0.5562506024007041, 0.5995587280797099, 0.02238137315122997, -0.49012465420956675, 0.4437486232577277, 0.0102132240090064], [-0.5709463191470248, -0.005024016076771748, 0.011590927491053546, -0.38800675149664793, -0.7545832723022996, -0.35659863667379854, 0.2204809588680037, 0.06582453956261111, 0.5224729652848166, -0.05090676446570566, 0.8235602677962586, 0.6689554736430599, 0.46692616318689556, 0.05603940113650355]], "inverted": true, "swapped": false, "error_lsq": 0.04690886643340962, "error_max": 0.27939340740920415, "target": "509.xyz", "model": "15.xyz", "model_rescale": 4.355366556412066, "target_rescale": 3.9323012581191366},
{"mapping": [7, 9, 0, 1, 2, 10, 3, 11, 4, 12, 5, 13], "R": [[-0.4911680601738142, -0.725751966612461, 0.48170324850808066], [-0.8222309648246282, 0.5688479732164304, 0.018660756981442345], [-0.28755899768335114, -0.38690575897200674, -0.8761356952696551]], "T": [0.05824458396266997, -0.020112874943961256, -0.002818218196028871], "aligned_model": [[-0.28186877950197836, 0.4505270888772519, 0.050883529925956746, -0.32955040660347923, -0.5186030085609453, -0.46460774299319885, -0.044427425834208216, -0.3332184439245969, 0.6028484435533721, 0.22577136712996781, 0.2861412414807833, -0.04608730891714407], [-0.6106816720613295, -0.3620129844252715, -0.5474025864147616, 0.45429428154490936, -0.22144289337084014, -0.17840445865773447, 0.2949636964251871, 0.5464465832791096, 0.08622609883638775, -0.007172123773439456, 0.6089879745370934, -0.05102548817833017], [0.09597609041190985, 0.14295556436066315, -0.6279391710480032, -0.03468885146054121, -0.38279003779533816, 0.5195692699951945, -0.7531638420489648, 0.5926173721878597, -0.5143531535771729, 0.7001039114517388, -0.27365821223838116, -0.015370479029543457]], "inverted": true, "swapped": true, "error_lsq": 0.040123862806527584, "error_max": 0.23891178421843162, "target": "509.xyz", "model": "16.xyz", "model_rescale": 3.795458400668931, "target_rescale": 3.9323012581191366},
{"mapping": [10, 8, 7, 11, 2, 9, 12, 1, 5, 4, 0, 3, 13], "R": [[-0.8366521200666379, -0.5349012240342041, 0.11787243322639485], [-0.4792465759859704, 0.6106882665855653, -0.6303828681527137], [0.2652092558598289, -0.5839011231205402, -0.7672832130477298]], "T": [-0.14853872222793824, 0.09847344486779457, -0.0054798298878560164], "aligned_model": [[0.18021497800930691, -0.09128864383555288, 0.3364268263010994, -0.23707133169818828, 0.5536929142768519, -0.402567710715062, -0.5389173545644731, 0.01130878892936002, -0.49309253317475554, -0.4796006842407092, 0.2764240084527409, 0.07609250192910855, -0.042989958765504516], [-0.290527895793039, 0.2961349989912823, 0.3106020534535956, -0.7853841835121834, 0.1227801610708746, 0.48243565599614197, -0.14429316059082026, -0.4315739220127877, -0.12108700846161181, 0.5315835079650569, 0.7631604960591846, 0.15658742532096454, 0.0733631369838271], [-0.5639764105765033, -0.8164955728703058, -0.4459554702002276, -0.2048140567918323, 0.14926323861246804, -0.28845250991176924, -0.5631545604942835, 0.2590223518432508, 0.5896125548679776, 0.5164234005038311, 0.21007209458735432, 0.7812837439170801, -0.020553772650744515]], "inverted": false, "swapped": true, "error_lsq": 0.05134576427781735, "error_max": 0.3253885780574963, "target": "509.xyz", "model": "17.xyz", "model_rescale": 3.7474275329858107, "target_rescale": 3.9323012581191366},
{"mapping": [7, 3, 1, 11, 12, 10, 5, 2, 6, 9, 0, 8, 4, 13], "R": [[0.717633033843567, 0.5605811551330216, -0.4132210029103132], [-0.5428434066831401, 0.07857482721287813, -0.8361501254853158], [-0.4362612343047692, 0.8243632482335647, 0.3606956756112911]], "T": [-0.029218906939743015, -0.08233616562703958, 0.008478507200326273], "aligned_model": [[-0.47059601938274065, 0.07894932911246369, -0.5437310107630212, -0.07750363933150684, 0.23115565805969876, 0.5575779137828731, 0.6238810881266461, -0.6659993663088045, -0.24950160257830192, -0.03594491892712914, -0.3176138578815917, 0.42888066052012863, 0.3263651115474115, -0.09993733309304903], [0.041044681217611595, -0.7447976120600321, -0.5415036724046083, -0.561249250294974, 0.2626402174081046, -0.3664363010019914, 0.222670065649507, 0.14077726415812802, 0.5455222118346248, 0.5808430327897051, -0.16287912037815896, -0.3352737825677907, 0.36572276009318105, -0.0527565461146861], [-0.5893364250986882, 0.10864659597362575, 0.06289277507826718, -0.5300820778388632, -0.6017946319454505, -0.218228296255636, -0.051949400235343786, 0.22885039248723998, 0.39869409288822266, -0.08024734814153334, 0.7891727978750288, 0.5014509196618273, 0.6101669871461988, 0.08154855521205906]], "inverted": true, "swapped": false, "error_lsq": 0.042363477243008485, "error_max": 0.3093442823335588, "target": "509.xyz", "model": "18.xyz", "model_rescale": 3.922800546911778, "target_rescale": 3.9323012581191366},
{"mapping": [9, 13, 7, 11, 10, 4, 6, 3, 0, 2, 5, 8, 1, 14], "R": [[0.15760154861143444, 0.9774818355490167, 0.14032467012967814], [-0.08055098185553533, -0.12890182972759773, 0.988380421505296], [0.9842120153693446, -0.1670735750039567, 0.05842199361550732]], "T": [0.011844661799257597, -0.09290987100737211, 0.14863524954237384], "aligned_model": [[-0.438336272945914, 0.06166099926104114, -0.6235589200070171, -0.03963673248373783, 0.2976377523773854, 0.5318977034071408, 0.6743364835935238, -0.611037186954506, -0.4583872879946101, -0.15451364838041592, -0.1365334045113465, 0.4194038947526708, 0.3320703304591902, -0.0690216976903281], [0.18464619838918186, -0.7701704460198396, -0.46983278316728605, -0.44605614966832363, 0.145725536038088, -0.38716728654177135, 0.08164588702307135, 0.023499628194921685, 0.47550683180719333, 0.5118081926306122, -0.010939724650326083, -0.34303036047813373, 0.5226717568168951, -0.12398333204566238], [-0.47026937982153916, 0.045435477857254436, -0.15534242328130893, -0.467709609022541, -0.5668898018327374, -0.2598063575565728, 0.06861871808016162, 0.2359065195782224, 0.5413527065408544, -0.19744268811311522, 0.8928116834139695, 0.530375824282538, 0.40650693188141995, 0.10623733480034817]], "inverted": true, "swapped": false, "error_lsq": 0.04649488118859759, "error_max": 0.264909509655315, "target": "509.xyz", "model": "19.xyz", "model_rescale": 3.9282355846067225, "target_rescale": 3.9323012581191366},
{"mapping": [4, 1, 0, 3, 6, 5, 7, 11, 9, 9, 10, 2, 12, 13], "R": [[0.8615913587332731, 0.07238673114833356, -0.5024146611214797], [0.22313181635967416, 0.8350135887907442, 0.5029557625306971], [0.45593039280594694, -0.5454470347233185, 0.7032887097254967]], "T": [0.0342290105781802, 0.03851134793542489, -0.05953518401819817], "aligned_model": [[-0.47351816440251837, 0.007881124643695753, -0.5721904276285711, -0.11676418568875077, 0.3880057768088462, 0.5045178243575794, 0.5917912274443339, -0.6408269986017499, -0.22026280032447718, -0.22026280032447718, -0.13737959428518243, 0.48429011371086184, 0.19907195933291807, -0.008371042159431782], [0.022844136021135726, -0.7001006504521409, -0.48008289579188435, -0.5239284106083525, 0.08805037502089309, -0.41536164533578784, 0.24093999255876153, 0.09108857757522067, 0.6190012619919973, 0.6190012619919973, -0.16544667267462876, -0.45768181527933466, 0.5539672984970356, -0.09796686518629165], [-0.43545431057305267, 0.06399174038017945, -0.00026914370212061806, -0.5362087010420312, -0.6065561511920918, -0.3055390251702973, 0.13084547292699106, 0.17476844531652846, 0.21739477662142648, 0.21739477662142648, 0.7597242141928595, 0.4199995473473227, 0.5961524783211467, 0.01354081675866678]], "inverted": false, "swapped": false, "error_lsq": 0.05657675427631141, "error_max": 0.3335686275084193, "target": "509.xyz", "model": "20.xyz", "model_rescale": 4.067790424073018, "target_rescale": 3.9323012581191366},
{"mapping": [3, 5, 11, 6, 2, 4, 8, 12, 9, 0, 9, 1, 7, 14], "R": [[0.6529274502258604, -0.5413442936940964, 0.5297472042648237], [-0.599008392489337, 0.058982542305575036, 0.7985674708066387], [-0.4635457803377107, -0.8387296437994852, -0.2857584541935581]], "T": [-0.013705495887648004, -0.14905045950635087, 0.015819272625308675], "aligned_model": [[-0.5903527820180715, 0.4203815549833915, -0.6049625180906071, -0.07689534180225864, 0.1251165988112402, 0.6189774456475877, 0.5241839397600022, -0.6743554087482292, -0.2703978202564222, 0.09537553358565441, -0.2703978202564222, 0.27454063269292983, 0.2786907547269907, -0.06392275615270926], [0.11973387572122646, -0.5355552736126844, -0.40317808249915055, -0.5646965190002449, 0.12856826177342562, -0.29974302862902813, -0.0049192524864389575, 0.19527674458085809, 0.12480591438227784, 0.5306394218934918, 0.12480591438227784, -0.2252730238679555, 0.3649157271838004, -0.1610567314932352], [-0.5489620170661141, 0.11901123838135945, -0.046362227090178884, -0.5931161092469043, -0.6604781494881627, -0.4526639606262213, 0.13857531893948938, 0.19468887893247144, 0.6963790690867349, -0.159055035529638, 0.6963790690867349, 0.7802860091935319, 0.4707996554710664, 0.07430319676278517]], "inverted": true, "swapped": false, "error_lsq": 0.05070367239881265, "error_max": 0.4868735751106417, "target": "509.xyz", "model": "21.xyz", "model_rescale": 4.186013935880536, "target_rescale": 3.9323012581191366},
{"mapping": [2, 0, 7, 11, 5, 10, 1, 3, 8, 9, 4, 12, 13], "R": [[0.02667199626908162, -0.11494170792524257, -0.9930141028174022], [0.23742850076627303, -0.9642132490143231, 0.11798524250567372], [-0.9710387796781867, -0.2389167516196195, 0.001572945207896137]], "T": [-0.0361754778025912, -0.004050490960549401, 0.0812572522052288], "aligned_model": [[-0.12406552693647441, -0.5442311588331337, 0.2546946464571024, 0.6035324509945753, -0.4413513891308458, 0.6676226465732007, 0.0429377994410787, -0.7080588008937508, 0.5390518573697085, -0.027855690152095824, -0.7335084311052003, 0.5315223231688022, -0.001716691529741736], [-0.3004741309087696, 0.25632108805210124, 0.23608952154602134, -0.554765941536823, -0.37923306840835075, -0.116083114416906, -0.6104347239340491, -0.45452267813100633, 0.5648354444017588, 0.5298920921405559, 0.16261227253398766, 0.2351485921641541, -0.050428693956580804], [-0.568414872756863, -0.5043628434618359, -0.4948818497100172, 0.42223045134426374, 0.5461546410530447, -0.17060850668851246, 0.13127818248089534, -0.05468741078146237, -0.13222928656794036, 0.1641266874093285, 0.3168832415267878, 0.4591927121350146, -0.011801584647357324]], "inverted": true, "swapped": true, "error_lsq": 0.054343683898119576, "error_max": 0.26239586033057666, "target": "509.xyz", "model": "22.xyz", "model_rescale": 4.166573947596378, "target_rescale": 3.9323012581191366},
{"mapping": [5, 12, 6, 13, 10, 14, 9, 1, 4, 8, 2, 11, 3, 15], "R": [[0.5143226592252632, -0.4431392523024166, 0.7342341624279743], [-0.6605033104027256, -0.7507622627736483, 0.00956042582903241], [0.5469987012365704, -0.4898812385301633, -0.6788289865508534]], "T": [0.011522227366045818, 0.006881012976281631, 0.06032187973270213], "aligned_model": [[-0.5952109982364175, 0.18502460163308296, -0.49923618251740653, -0.08029559520297107, 0.23600485927216078, 0.4767860751204812, 0.5968111057378147, -0.6948953639028624, -0.27784118884757225, 0.21341507116873965, -0.355592443881894, 0.4581243704974259, 0.179645761727453, -0.05675805968495766], [-0.13423531076185152, -0.6166377997993173, -0.5375863157153332, -0.3091731382957303, 0.07899263636379415, -0.44683746824715387, 0.1340969117245514, 0.02836340207929653, 0.5747737478488332, 0.789280166001032, -0.08555921891045955, -0.316431810197203, 0.2330467758957162, 0.0022313703424459447], [-0.4901533307227827, 0.16280393410236, 0.20793220012937452, -0.7197373486712423, -0.650556938948091, -0.39095060445981145, 0.10157973040479577, 0.15312141944816482, 0.4258628054862383, 0.026116833488026292, 0.6166409076944772, 0.6243331132630754, 0.5913681836393982, 0.05142403195297105]], "inverted": false, "swapped": false, "error_lsq": 0.050995864745499296, "error_max": 0.3721374191392647, "target": "509.xyz", "model": "23.xyz", "model_rescale": 4.274766983524099, "target_rescale": 3.9323012581191366},
{"mapping": [5, 1, 11, 12, 10, 8, 9, 7, 0, 2, 13], "R": [[-0.15945375477196005, -0.3573785644995737, -0.9202472829220132], [-0.19527871490028345, -0.9023364028404417, 0.38425933900930254], [-0.9676986739662392, 0.240976301210713, 0.0740925006919475]], "T": [0.08219755800653228, -0.015883088848948623, -0.06592751723074089], "aligned_model": [[0.43071501832817655, 0.1152033294021449, -0.4982244973285891, -0.5951193694603083, -0.5045251197431301, -0.526391246551513, -0.05130171634269498, -0.10433515010524375, 0.6534131163030956, 0.3796108918710862, 0.08084944758505068], [0.006804423107030194, 0.5131704106796897, 0.5054077238338628, -0.2164247692163045, 0.3829072826230928, -0.2607913576270292, -0.5111624849137788, 0.09157053875135501, -0.14831333756821583, 0.48047930011635304, 0.07193880145742805], [-0.6976552468348582, -0.3749191931571615, -0.5351210705683203, -0.21875755573793146, 0.1949214968213994, 0.45343151433658857, 0.10409456306521239, 0.588188822780143, 0.5041951413420878, 0.3616648034087889, -0.0004768414343712113]], "inverted": false, "swapped": true, "error_lsq": 0.04829489145922225, "error_max": 0.23127880029343806, "target": "509.xyz", "model": "24.xyz", "model_rescale": 3.7841303162186577, "target_rescale": 3.9323012581191366},
{"mapping": [1, 3, 6, 4, 2, 5, 12, 7, 10, 9, 11, 13, 14, 15], "R": [[0.6158118559700703, -0.0055240375940599495, -0.7878738750938229], [0.6282989693417251, -0.5999381028544056, 0.49529251747586767], [-0.4754115723989304, -0.8000273481276224, -0.3659782494589816]], "T": [-0.15316955447254668, 0.07146127097800552, 0.01268337324615746], "aligned_model": [[-0.5871443362872071, 0.15359353846454846, -0.4505445364336731, -0.1062492350737376, 0.2918365701328567, 0.5215182049771943, 0.6033249365098212, -0.7264161565391556, -0.3573451535305624, 0.22398576451837013, -0.29627610561764395, 0.3216756635201887, 0.3630898853813782, -0.16906702713930122], [0.021194367315890902, -0.6680603309392134, -0.5864275973960741, -0.4520174575027101, 0.1775609101755537, -0.3519447959839484, 0.05004493073002046, 0.06470040868078554, 0.6219287553982287, 0.5167432273262602, -0.2787161497917479, -0.19623959997387258, 0.4712175974692833, 0.0043396828201643645], [-0.5891268301804257, 0.10216014533036344, 0.04055467059884298, -0.516913499208809, -0.5869043547412091, -0.3545528928716936, 0.061971626530750175, 0.3195191339722242, 0.5231272767483645, -0.027547873734944696, 0.6807581132005167, 0.5738056949480107, 0.46320532887370724, 0.019728397341256705]], "inverted": true, "swapped": false, "error_lsq": 0.042562919341648915, "error_max": 0.2725397224144439, "target": "509.xyz", "model": "25.xyz", "model_rescale": 4.19342608120988, "target_rescale": 3.9323012581191366},
{"mapping": [7, 9, 0, 1, 2, 10, 3, 11, 4, 12, 5, 13], "R": [[-0.4911680601738142, -0.725751966612461, 0.48170324850808066], [-0.8222309648246282, 0.5688479732164304, 0.018660756981442345], [-0.28755899768335114, -0.38690575897200674, -0.8761356952696551]], "T": [0.05824458396266997, -0.020112874943961256, -0.002818218196028871], "aligned_model": [[-0.28186877950197836, 0.4505270888772519, 0.050883529925956746, -0.32955040660347923, -0.5186030085609453, -0.46460774299319885, -0.044427425834208216, -0.3332184439245969, 0.6028484435533721, 0.22577136712996781, 0.2861412414807833, -0.04608730891714407], [-0.6106816720613295, -0.3620129844252715, -0.5474025864147616, 0.45429428154490936, -0.22144289337084014, -0.17840445865773447, 0.2949636964251871, 0.5464465832791096, 0.08622609883638775, -0.007172123773439456, 0.6089879745370934, -0.05102548817833017], [0.09597609041190985, 0.14295556436066315, -0.6279391710480032, -0.03468885146054121, -0.38279003779533816, 0.5195692699951945, -0.7531638420489648, 0.5926173721878597, -0.5143531535771729, 0.7001039114517388, -0.27365821223838116, -0.015370479029543457]], "inverted": true, "swapped": true, "error_lsq": 0.040123862806527584, "error_max": 0.23891178421843162, "target": "509.xyz", "model": "26.xyz", "model_rescale": 3.795458400668931, "target_rescale": 3.9323012581191366},
{"mapping": [7, 9, 8, 10, 11, 3, 0, 2, 4, 12, 1, 6, 13], "R": [[0.1459831228648249, 0.9455434230524871, 0.29092363767975066], [0.9252713697774388, -0.23456615512619167, 0.2980798737578523], [0.35008830330191726, 0.22566868190225417, -0.9091269580755394]], "T": [-0.0929117163613683, -0.04314197015250504, 0.046243239893886394], "aligned_model": [[0.012408396942271901, 0.39075781655230735, 0.5345623958500435, -0.0027387092386583767, -0.17996390101947962, -0.7869601693856686, -0.2885446123766262, -0.6158765651313052, -0.14046489552607525, 0.47093680654119774, -0.5544107950610829, 0.01257200833074451, -0.15260139365641254], [-0.5726677138922329, -0.22817650385418908, -0.3559781999668092, -0.02933495772464298, 0.6651711568487622, -0.10509289576570811, -0.7856056009995469, -0.4690312493482704, -0.09532101953092417, 0.2987259290442524, 0.309992696824034, 0.5799645933714577, -0.09076473174926752], [-0.38121328421097284, 0.20070115803065203, -0.41037906424805287, -0.7040884629487838, -0.5189920168483245, 0.4790158942136375, 0.3279174444284199, -0.2043392691262299, 0.7976322026145479, -0.24961718190528465, -0.15067641234889995, 0.1384658964794636, -0.03229024203074659]], "inverted": false, "swapped": true, "error_lsq": 0.04489933011644333, "error_max": 0.23695147225835186, "target": "509.xyz", "model": "27.xyz", "model_rescale": 3.6321398670334006, "target_rescale": 3.9323012581191366},
