[{"mapping": [4, 7, 5, 8, 9, 3, 2, 0, 1, 12, 11, 13], "R": [[-0.2512524924674165, -0.9024508065775445, -0.3499353179324014], [-0.964556658393853, 0.26356305538077573, 0.012844009749090612], [0.08063893462215017, 0.3407595303816024, -0.936685808944021]], "T": [-0.16382132688144574, 0.03388317325901101, 0.034441418676886576], "aligned_model": [[0.10621635588048967, 0.4130489012355278, -0.13929663049777535, 0.43703231382557356, 0.07726114655064215, -0.5780069058092936, -0.5680989918449217, -0.6539067184271175, -0.5602927076534328, -0.09290249043217344, 0.45616804512630865, -0.01735625629816437], [-0.7356438283063643, -0.17766151728737006, -0.11253525850882172, -0.45986843166715957, 0.2864098098358938, -0.27874288127290464, -0.34210846508764353, 0.36044719287515326, 0.3998110922373964, 0.6013855336425968, 0.09438653935154617, 0.01374497247336804], [0.5327506302729074, 0.4747413917513531, -0.7074220745262331, -0.041475553764400847, 0.6785320261128748, -0.028133033248349704, 0.5696498854585529, 0.5330240945354653, -0.17037878482822227, 0.12405948364900064, -0.2802240578727089, 0.10286873941612616]], "inverted": true, "swapped": false, "error_lsq": 0.053571484896615416, "error_max": 0.2995560876235956, "target": "51.xyz", "model": "0.xyz", "model_rescale": 3.8414455957264533, "target_rescale": 4.0339691043366495},
{"mapping": [8, 12, 0, 13, 10, 9, 6, 5, 4, 1, 11, 14], "R": [[0.13789695770731747, -0.9121092068069343, 0.386058575753851], [0.48181971825514136, 0.4023289786580293, 0.7784479122154054], [-0.8653520602365276, 0.07866503537158426, 0.49495214319607195]], "T": [-0.24383713818646646, -0.02589041590126216, 0.09617823945887363], "aligned_model": [[0.10735095686560925, 0.4442029645446294, -0.1176980958059898, 0.216122245762712, -0.053794557888820704, -0.459917763143254, -0.6974766851054282, -0.561631883866438, -0.5498433606359019, 0.17577118230787364, 0.5719493713454837, -0.19516831272481233], [-0.5986191196451982, -0.08545492193419611, 0.09323625254463332, -0.5400559807953, 0.1514187346062967, -0.663320775355736, -0.24061451617016794, 0.33582965423384925, 0.3228494200141941, 0.7052973537923426, 0.12160503438551538, 0.047453622609457596], [0.5120522002956351, 0.420743226051557, -0.6076790957728372, -0.21833430024919123, 0.7292869056690992, -0.015631332391956354, 0.6946194613165518, 0.5461647675484886, -0.18764909100117586, -0.09822133356317084, -0.101313191090282, 0.11395453014364729]], "inverted": true, "swapped": false, "error_lsq": 0.040152228110500385, "error_max": 0.1966416522092847, "target": "51.xyz", "model": "1.xyz", "model_rescale": 4.316132596720782, "target_rescale": 4.0339691043366495},
{"mapping": [1, 2, 6, 8, 0, 10, 9, 5, 3, 4, 2, 11], "R": [[-0.26492075772015145, 0.7078539188552608, 0.6547975425199999], [0.9613458546783511, 0.24672939183613474, 0.12222419930980077], [-0.07504092098136617, 0.6618666306480644, -0.7458561680463919]], "T": [-0.2578248227469492, -0.0740460179075179, 0.18400479260222957], "aligned_model": [[0.011916703834162878, 0.5777051696517469, -0.12164912527510302, 0.21299778715470108, 0.07295208839191625, -0.43542966601281413, -0.6257680926756777, -0.5678176824170914, -0.666337034189201, 0.06432852575815079, 0.5777051696517469, -0.22073778221687448], [-0.4401828333279189, -0.023359526075789158, 0.07500657313661697, -0.5648015688972542, 0.2783032357342358, -0.5564801516288069, -0.37634104902181914, 0.36085663129482276, 0.32334204691333457, 0.5903974929120478, -0.023359526075789158, 0.006243433322010522], [0.4802827105041647, 0.17722887251496822, -0.6130745431734487, -0.16887078744129003, 0.7039573838083658, -0.1806177860436715, 0.7525001483526271, 0.545285839139841, -0.14190548320939672, -0.037494128644499025, 0.17722887251496822, 0.09347164863373598]], "inverted": true, "swapped": false, "error_lsq": 0.055576015006246704, "error_max": 0.3424247293264314, "target": "51.xyz", "model": "2.xyz", "model_rescale": 3.795458400668931, "target_rescale": 4.0339691043366495},
{"mapping": [8, 6, 0, 1, 3, 7, 9, 5, 4, 10, 2, 11], "R": [[0.8217949695312048, 0.4793479756469827, -0.30802361321227634], [0.4934260898106755, -0.8690436903256181, -0.0359688504039056], [-0.2849275731608887, -0.12242786671493935, -0.9506985302945806]], "T": [-0.06696704045455869, -0.01307791825778027, 0.07946913497314134], "aligned_model": [[0.08502105027797606, 0.36805962199140485, -0.16954397253238968, 0.31190640478231946, -0.025209739182482274, -0.5936175786193097, -0.6607513211570997, -0.33289230597248604, -0.5571088192819392, -0.024946999257748265, 0.6269137971188569, -0.14796407651143922], [-0.6101633300979673, -0.10892374973813829, -0.07914250417915719, -0.4471004220605937, -0.04696847331012597, -0.5460559594867099, -0.20751156664199616, 0.4554100722439098, 0.31293332763035353, 0.6935311635062187, 0.2745767010747068, -0.04096050065480933], [0.5600433418074745, 0.46529510114165673, -0.693396563365372, -0.17420037570310543, 0.8758219359380692, -0.06843595227717456, 0.682934483749558, 0.5307200313314004, -0.17436631866955699, -0.11533501566698112, -0.07385899238800409, -0.027228928941599437]], "inverted": true, "swapped": false, "error_lsq": 0.055350938282149216, "error_max": 0.39789381484666503, "target": "51.xyz", "model": "3.xyz", "model_rescale": 3.7530521520055578, "target_rescale": 4.0339691043366495},
{"mapping": [0, 5, 7, 8, 4, 2, 1, 3, 10, 9, 11], "R": [[0.41461510626444165, -0.8767409523152458, -0.24376139191980734], [0.07756016611588576, -0.23284912793929535, 0.9694151351459221], [-0.9066855763104442, -0.42084033332282417, -0.02854259202196313]], "T": [-0.10680342593162485, 0.05225467617923889, 0.05110559947143167], "aligned_model": [[-0.4711699518937313, -0.35041463374615456, 0.5455003369535357, 0.4756960832145616, 0.30663018208894455, -0.09815899731262286, -0.30256561609174226, -0.756190001088248, -0.28062744711735715, 0.33456518579094907, -0.06506553835292997], [-0.7246102608989073, -0.014051129075167854, -0.33945980438216083, 0.28656754110140564, -0.5291460828585604, 0.7406073827525911, -0.46697105377600007, 0.11034978748315481, 0.14015820735466133, 0.2186841744481942, 0.04507459616513547], [-0.12700072749638844, -0.7657122162559484, -0.3524173571478011, -0.3500328649243462, 0.20258138141787813, -0.07253434459297987, 0.4013074962624171, 0.17050341097582913, 0.6788834292339095, 0.4065439730157417, -0.0992914032429949]], "inverted": true, "swapped": true, "error_lsq": 0.049133799045912974, "error_max": 0.25322386034327793, "target": "51.xyz", "model": "4.xyz", "model_rescale": 3.7855080009869324, "target_rescale": 4.0339691043366495},
{"mapping": [2, 3, 6, 0, 9, 12, 14, 15, 8, 10, 5, 16], "R": [[-0.39208653693600093, 0.025259999682962414, -0.9195814700011908], [0.2991525610017456, 0.9487927994223456, -0.10148876297603505], [0.8699286710987466, -0.31488752941379833, -0.37956547659138257]], "T": [-0.16459674382911066, -0.08004603737265593, -0.02150733375010941], "aligned_model": [[0.07490436009140738, 0.3706131412350126, -0.34610165534606663, 0.4845607576830014, -0.018542482975591107, -0.5954071564095924, -0.486541294098458, -0.6090519665372185, -0.5215522067647547, 0.0880055356640907, 0.615167621216526, -0.17618859210269355], [-0.5295998331084052, -0.08960374586029705, -0.004630366861651483, -0.5000655515772254, 0.09365101150786666, -0.6026238578964106, -0.2714058910651991, 0.43717947067874807, 0.5140576283902627, 0.5772534067408543, 0.11760735587448633, -0.09219486853733849], [0.5135873247348405, 0.4210710599129269, -0.6439585461383256, -0.12471600217686074, 0.6533345050134426, 0.04467478558004284, 0.5419023852639537, 0.44137001016975586, -0.14371005782401303, 0.16587944069567043, -0.11097193994814283, 0.029529781673074816]], "inverted": false, "swapped": false, "error_lsq": 0.0427142974487556, "error_max": 0.21555009576382744, "target": "51.xyz", "model": "5.xyz", "model_rescale": 4.2253639853439635, "target_rescale": 4.0339691043366495},
{"mapping": [6, 2, 0, 3, 10, 12, 11, 8, 9, 1, 4, 13], "R": [[0.44700007828335714, 0.8534753501125829, 0.2679006471901042], [0.43013761062695166, -0.46766510018761237, 0.7721858519751883], [0.7843293733749932, -0.22993299201444453, -0.5761581842206843]], "T": [-0.10829784373118335, -0.022676800238192473, 0.1741430099264442], "aligned_model": [[0.00251877706869659, 0.44901294994166374, -0.14890599785442848, 0.3647014653813673, 0.20559766459705958, -0.7781218229671759, -0.6137385502707027, -0.5461119702226219, -0.564985654883667, 0.04710759842092026, 0.527268033225927, -0.06447643078137544], [-0.6354960578569423, -0.14579463181459273, 0.0031701592117426743, -0.4736896940660423, 0.47274413613340077, -0.6206037419110852, -0.44946366050592085, 0.450515546022037, 0.2662253917928397, 0.6542602806071548, 0.1883118306702101, -0.06055479999711068], [0.33504733606222326, 0.5268727802051931, -0.6263228305892493, -0.10129935405996279, 0.6884777064472863, -0.08112738344339646, 0.5839435185752675, 0.5350760642231777, -0.10970236007243592, -0.06315662994760923, -0.054879097918329484, 0.15506299747420055]], "inverted": true, "swapped": false, "error_lsq": 0.049847468376511606, "error_max": 0.3330753161387393, "target": "51.xyz", "model": "6.xyz", "model_rescale": 3.89814844738969, "target_rescale": 4.0339691043366495},
{"mapping": [9, 5, 4, 10, 6, 11, 8, 3, 7, 0, 2, 12], "R": [[0.054969251022945365, 0.7500299523876416, -0.6591156590184828], [0.17650138824360184, -0.6570174885528965, -0.7329224240557293], [-0.9827642857725643, -0.07604663212159374, -0.16849708707543054]], "T": [-0.11208378825000112, 0.04598415833854788, 0.09597383386539243], "aligned_model": [[0.11053732104470568, 0.5144563167619, -0.12159355550790926, 0.33181045763223793, -0.04356221231328873, -0.5751540326332568, -0.5833551909678977, -0.5594204951489732, -0.6467500926284455, 0.006835508221923914, 0.4640158571371896, -0.01795381994252282], [-0.6641640886203127, -0.12611779569831674, -0.008649734977161934, -0.48978742770194306, 0.17889024769165615, -0.5901168860963746, -0.21690697417318602, 0.5539054953267643, 0.33618675527551123, 0.6252655417972595, 0.09836279954907778, -0.04724317408728304], [0.5900134963139306, 0.5207149529640702, -0.5462258939546543, -0.1381423106364801, 0.7555317282702667, -0.0945039319201259, 0.5039913454279945, 0.536754644204043, -0.15139042232230962, 0.13205245874346244, -0.312576678373496, -0.008226641760336884]], "inverted": false, "swapped": false, "error_lsq": 0.047947084178954484, "error_max": 0.267149232924529, "target": "51.xyz", "model": "7.xyz", "model_rescale": 3.7474275329858107, "target_rescale": 4.0339691043366495},
{"mapping": [3, 5, 13, 8, 7, 1, 0, 10, 12, 11, 9, 14], "R": [[0.12966308649327707, -0.7578670803132173, 0.6393942231351145], [-0.26747496717092395, 0.5942000678999477, 0.7585403227545724], [-0.9548008305075725, -0.2693766283203076, -0.12566465762827972]], "T": [-0.13985956961817606, -0.09040204361406466, 0.09772716010752802], "aligned_model": [[0.037636029329536386, 0.42826108865716284, -0.2633509778877274, 0.416282194649948, 0.1732206150088447, -0.735682284780038, -0.549707081003723, -0.4508487941457857, -0.5523729462335008, -0.004650541132413671, 0.5335972643025879, -0.15251850510922807], [-0.6453566878111111, -0.19169872894426687, 0.11921166280263966, -0.4457970678480213, 0.3231137917723831, -0.5340952039503062, -0.32966711479238775, 0.4207140206451967, 0.277357545880713, 0.5097720727415329, 0.26475477725429286, -0.11868430946497442], [0.5156448460493109, 0.5219904783472709, -0.767676673289588, -0.07435139940238969, 0.5391601491359603, -0.015998349862037006, 0.5548819268463945, 0.5638917563309014, -0.17655046794006074, 0.008343133220276105, 0.07203736593745806, 0.046619981582868265]], "inverted": false, "swapped": false, "error_lsq": 0.04487546075983858, "error_max": 0.24645871685043208, "target": "51.xyz", "model": "8.xyz", "model_rescale": 4.019505241142653, "target_rescale": 4.0339691043366495},
{"mapping": [11, 8, 1, 9, 4, 6, 5, 3, 2, 0, 7, 12], "R": [[-0.3198690298998904, -0.535558611610309, 0.7815758294886949], [-0.2427205651386269, -0.7510679541361355, -0.6139899474165238], [0.9158441630374071, -0.38610089588059515, 0.11025228900350836]], "T": [-0.15589102925594733, -0.11888004528552075, 0.03507528581461368], "aligned_model": [[-0.031817836162044866, 0.422535869765732, -0.06139862921748471, 0.3802198475055111, 0.10859993364999554, -0.7450525393397475, -0.44027441521567684, -0.5754987587185985, -0.6396806650745716, 0.011224742582904401, 0.6115687544005685, -0.16056024252092427], [-0.652874565244858, -0.2718367689086578, 0.0005588976348300662, -0.49203222314310735, 0.4165843200507604, -0.5429338289343417, -0.19547165233035457, 0.4533858881045696, 0.20910106835947173, 0.5072919166984035, 0.3516202859272467, -0.13376857992827235], [0.32953278597697944, 0.3483858259704487, -0.6230362757154941, -0.16662409794409605, 0.6103292429841595, 0.0014755599854858262, 0.6382208193820328, 0.519742039985079, -0.0562928682836913, -0.01617967393561616, 0.1310904350061144, 0.07134895354496334]], "inverted": false, "swapped": false, "error_lsq": 0.056568989916490564, "error_max": 0.34837846415947654, "target": "51.xyz", "model": "9.xyz", "model_rescale": 3.877068213659057, "target_rescale": 4.0339691043366495},
{"mapping": [8, 0, 3, 1, 11, 2, 9, 10, 6, 12, 5, 15], "R": [[-0.21390937636655943, 0.2422736684985729, 0.9463330535571043], [-0.9504449328883235, -0.27535241189976756, -0.14434499924795052], [0.22560409626019584, -0.9303142043488449, 0.28916824330724133]], "T": [-0.253864549259474, -0.09207573196233422, 0.04009164926703333], "aligned_model": [[-0.0069528724625976535, 0.45625629859025063, -0.14086394763270776, 0.5088824859012531, -0.020521241604724794, -0.6541066486228941, -0.5983677887370964, -0.5951592168462716, -0.4673089750196432, 0.14754269316525576, 0.4248606489410982, -0.17439537401625937], [-0.5543622732142053, 0.05295886223963116, 0.1260964077436016, -0.4823552183040788, 0.18847740403070634, -0.6208129575184378, -0.3511379203038958, 0.32026426835653377, 0.4609679233804529, 0.5362594993552158, 0.04414297156798301, -0.07087420904781613], [0.6063501710102693, 0.36942337195352093, -0.5450520290004052, -0.09704147254450791, 0.6815712786559296, 0.015626037525221972, 0.5399412311021672, 0.5056069051649806, -0.1298753108218259, 0.08765506512023942, -0.32291249999113025, 0.07669999878190542]], "inverted": true, "swapped": false, "error_lsq": 0.04385078292029059, "error_max": 0.31171437356391196, "target": "51.xyz", "model": "10.xyz", "model_rescale": 4.260839863003843, "target_rescale": 4.0339691043366495},
{"mapping": [10, 6, 1, 7, 5, 8, 9, 4, 2, 3, 0, 11], "R": [[0.5031564623451317, 0.44894200546392526, -0.7384339172399661], [-0.745349518922745, -0.20700620588709126, -0.6337211732030607], [-0.43736445790892137, 0.8692522685931053, 0.2304621975591122]], "T": [-0.12786885474641646, -0.05431583212519787, 0.14425585473579955], "aligned_model": [[-0.06500110225913647, 0.6402708230236336, -0.12208039668925344, 0.2672776477289367, 0.13680815085953718, -0.5687559829370213, -0.7787398640836307, -0.5317769547897948, -0.654789491263206, -0.023142712762270867, 0.6766627966073442, -0.09686685177947515], [-0.47855574396068845, -0.09558154169063893, 0.10177739252765178, -0.5015896374937455, 0.3636378825826986, -0.5446111683772056, -0.3440420073593743, 0.22838058074627487, 0.2955996326681675, 0.6225915402637009, 0.0670131710728118, -0.06499534269396184], [0.6018604164976049, 0.4781928417612146, -0.5620458103564518, -0.12668881469853277, 0.6045510614382308, -0.14007217853583348, 0.5022487788917699, 0.6855910960328828, -0.1208308036471405, -0.04192125396298757, -0.18444212884182476, 0.09154954237743296]], "inverted": false, "swapped": false, "error_lsq": 0.04540473291719932, "error_max": 0.23360621830957284, "target": "51.xyz", "model": "11.xyz", "model_rescale": 3.890672605050136, "target_rescale": 4.0339691043366495},
{"mapping": [5, 7, 1, 8, 12, 6, 9, 10, 2, 4, 3, 13], "R": [[0.5176422538266247, -0.8015148088875006, 0.29936684550451853], [0.7791729999188206, 0.5861544370592701, 0.22206398202598268], [-0.35346277491526334, 0.11830886293834506, 0.9279370020100708]], "T": [-0.2036083457897946, -0.10685149092483676, 0.04021602495267099], "aligned_model": [[0.04535958779666227, 0.48713317682327273, -0.39333701089692674, 0.3236848349891781, -0.07823942566568806, -0.4408284888400356, -0.6184009709933441, -0.5341235679986125, -0.5144638319425578, 0.0420250442573023, 0.6534775194053313, -0.09242080527891891], [-0.5156582368988436, -0.04372749050210373, -0.023728471947176727, -0.5681886186186044, 0.1399698794223257, -0.5592944795984951, -0.5110011738752942, 0.556577049105043, 0.523753898035521, 0.5467409684926043, 0.12324866374512333, -0.019067229074408693], [0.6532936663056185, 0.5360543854949082, -0.7097118967457705, -0.12807242371030442, 0.7319486262892981, -0.22639284525390777, 0.5602453778445956, 0.5403787630736151, -0.06594349562637694, -0.019266565036105465, -0.21575447042837578, 0.13121362474917067]], "inverted": false, "swapped": false, "error_lsq": 0.05179108845554786, "error_max": 0.28447095972673603, "target": "51.xyz", "model": "12.xyz", "model_rescale": 4.124412569039231, "target_rescale": 4.0339691043366495},
{"mapping": [1, 6, 7, 0, 8, 4, 2, 11, 10, 9, 3, 12], "R": [[0.9986831053818876, 0.033990982007067294, -0.038427440286664484], [0.0430813787071449, -0.148914420084512, 0.9879111753085827], [0.02785767099887388, -0.9882657075063817, -0.15018269385461758]], "T": [0.0030667947727565092, -0.06495593497022913, -0.014138520679631977], "aligned_model": [[0.126047160794438, 0.4746139031224226, -0.14756694149126637, 0.21664357583391206, -0.09176060435762701, -0.5100401548558047, -0.6193912704445721, -0.6577213835129081, -0.6924115590559592, 0.20389898446992524, 0.6939880548147749, -0.11643370366167206], [-0.5494352814868994, 0.042346751045991796, 0.31570590962747813, -0.5541815341678153, 0.21744207707731744, -0.6600658995542457, -0.24288310862572854, 0.46988637632021124, 0.1744223781664414, 0.5389481573624599, -0.0459174191221641, -0.05664364835735611], [0.6285277156208963, 0.44818417286336554, -0.4889897732658033, -0.24175808283399386, 0.6386671533644922, -0.04314962278228683, 0.5544416333618072, 0.5034091069141068, -0.07428463321446718, 0.04592437007384027, -0.1902598513076385, 0.007280558162046948]], "inverted": true, "swapped": false, "error_lsq": 0.04880068266039422, "error_max": 0.2696609081678038, "target": "51.xyz", "model": "13.xyz", "model_rescale": 3.9028299243045295, "target_rescale": 4.0339691043366495},
{"mapping": [1, 11, 10, 9, 12, 3, 2, 8, 5, 13, 14, 15], "R": [[-0.0933309922070632, 0.8897420946466268, 0.4468202445139186], [0.953504016633038, -0.049292890702120284, 0.29732188145323596], [0.2865648550647975, 0.4537942440578788, -0.8437721066150681]], "T": [-0.24494676941212745, -0.12227978740791663, 0.10682202183647906], "aligned_model": [[0.04840872287323145, 0.4430172346883663, -0.03456981885974317, 0.34364613625204077, 0.02447879524309904, -0.6295356722990817, -0.6268097885853252, -0.7129766781610367, -0.41148557288852894, 0.06172975759602062, 0.5515075776245792, -0.17754463182795827], [-0.4561700552976203, -0.16393458600290617, 0.1269943023356237, -0.524829914405708, 0.3382133304484685, -0.5753569818654972, -0.3524308655141075, 0.32610701318927965, 0.3547951851214086, 0.6034173269166462, 0.15750680920903226, -0.18468680584892883], [0.58080366694245, 0.37295562579124575, -0.56322019243646, -0.19708132319206073, 0.5535839746458067, -0.0815973956257549, 0.6927920597994045, 0.5268273088559658, 0.02456552557056281, -0.002560599445225839, -0.15856559321514802, 0.03948968926557918]], "inverted": false, "swapped": false, "error_lsq": 0.03789306964743674, "error_max": 0.24763234302211146, "target": "51.xyz", "model": "14.xyz", "model_rescale": 3.942246331269136, "target_rescale": 4.0339691043366495},
{"mapping": [12, 1, 9, 0, 3, 11, 13, 4, 10, 5, 2, 14], "R": [[-0.5436368260964292, -0.19360732303382353, -0.8166854999199372], [0.8390043141794112, -0.09864579245958505, -0.5351081838454317], [0.0230382746779505, -0.9761071724445516, 0.21606486480260076]], "T": [-0.17063355863035762, -0.07780138155586629, 0.04397591025085029], "aligned_model": [[0.07611492166025369, 0.4775008002533813, -0.16706078447744616, 0.43245029975773613, -0.011015255713272915, -0.7959078659666883, -0.5473653781234449, -0.5934913278577914, -0.6965068136862946, 0.28733469749437446, 0.49799943406771746, -0.08018666575286186], [-0.41249255125981615, 0.0029936889707585096, 0.35150258698819437, -0.4635098335046443, 0.3040152561359566, -0.4203681222575739, -0.4970576734294066, 0.14425338753637335, 0.36761781357036855, 0.36120932586294024, 0.02511475181035845, -0.11365387213781827], [0.7476613986327156, 0.5235960153273379, -0.6370877020567918, -0.12406079025015426, 0.6315863109894926, -0.03212332369162188, 0.6298318178008153, 0.38389790637642496, -0.14057645704128843, 0.06170253832347178, -0.3095578352502655, 0.053122867796229135]], "inverted": false, "swapped": false, "error_lsq": 0.054696858649875606, "error_max": 0.2878137454213407, "target": "51.xyz", "model": "15.xyz", "model_rescale": 4.355366556412066, "target_rescale": 4.0339691043366495},
{"mapping": [1, 2, 6, 8, 0, 10, 9, 5, 3, 4, 2, 11], "R": [[-0.26492075772015145, 0.7078539188552608, 0.6547975425199999], [0.9613458546783511, 0.24672939183613474, 0.12222419930980077], [-0.07504092098136617, 0.6618666306480644, -0.7458561680463919]], "T": [-0.2578248227469492, -0.0740460179075179, 0.18400479260222957], "aligned_model": [[0.011916703834162878, 0.5777051696517469, -0.12164912527510302, 0.21299778715470108, 0.07295208839191625, -0.43542966601281413, -0.6257680926756777, -0.5678176824170914, -0.666337034189201, 0.06432852575815079, 0.5777051696517469, -0.22073778221687448], [-0.4401828333279189, -0.023359526075789158, 0.07500657313661697, -0.5648015688972542, 0.2783032357342358, -0.5564801516288069, -0.37634104902181914, 0.36085663129482276, 0.32334204691333457, 0.5903974929120478, -0.023359526075789158, 0.006243433322010522], [0.4802827105041647, 0.17722887251496822, -0.6130745431734487, -0.16887078744129003, 0.7039573838083658, -0.1806177860436715, 0.7525001483526271, 0.545285839139841, -0.14190548320939672, -0.037494128644499025, 0.17722887251496822, 0.09347164863373598]], "inverted": true, "swapped": false, "error_lsq": 0.055576015006246704, "error_max": 0.3424247293264314, "target": "51.xyz", "model": "16.xyz", "model_rescale": 3.795458400668931, "target_rescale": 4.0339691043366495},
{"mapping": [9, 5, 4, 10, 6, 11, 8, 3, 7, 0, 2, 12], "R": [[0.054969251022945365, 0.7500299523876416, -0.6591156590184828], [0.17650138824360184, -0.6570174885528965, -0.7329224240557293], [-0.9827642857725643, -0.07604663212159374, -0.16849708707543054]], "T": [-0.11208378825000112, 0.04598415833854788, 0.09597383386539243], "aligned_model": [[0.11053732104470568, 0.5144563167619, -0.12159355550790926, 0.33181045763223793, -0.04356221231328873, -0.5751540326332568, -0.5833551909678977, -0.5594204951489732, -0.6467500926284455, 0.006835508221923914, 0.4640158571371896, -0.01795381994252282], [-0.6641640886203127, -0.12611779569831674, -0.008649734977161934, -0.48978742770194306, 0.17889024769165615, -0.5901168860963746, -0.21690697417318602, 0.5539054953267643, 0.33618675527551123, 0.6252655417972595, 0.09836279954907778, -0.04724317408728304], [0.5900134963139306, 0.5207149529640702, -0.5462258939546543, -0.1381423106364801, 0.7555317282702667, -0.0945039319201259, 0.5039913454279945, 0.536754644204043, -0.15139042232230962, 0.13205245874346244, -0.312576678373496, -0.008226641760336884]], "inverted": false, "swapped": false, "error_lsq": 0.047947084178954484, "error_max": 0.267149232924529, "target": "51.xyz", "model": "17.xyz", "model_rescale": 3.7474275329858107, "target_rescale": 4.0339691043366495},
{"mapping": [10, 3, 2, 11, 8, 12, 5, 4, 6, 0, 1, 13], "R": [[-0.3100020310585755, 0.21196257208589267, -0.9268066728149353], [0.681862918575285, -0.629765002885428, -0.372100794695081], [-0.6625418484983059, -0.7473071049946263, 0.050699011952881456]], "T": [-0.10012290525337064, -0.11272158447354175, 0.06191080291307147], "aligned_model": [[0.0031575527416421584, 0.507986536108427, -0.13105512211653947, 0.3599696081474093, 0.026696102317603637, -0.5188331245396085, -0.5767947287066276, -0.6149017626132474, -0.631774614462408, 0.07673254847356598, 0.48566824935118025, -0.10698518304573429], [-0.5293095249368848, -0.12072684055822655, 0.3057239197112473, -0.6627620637968319, 0.19570073486658918, -0.7310877836922479, -0.3265203333698573, 0.40486287259538933, 0.3903252027750419, 0.7045054209205545, 0.0384354080179464, -0.01952225424702947], [0.6024910516461408, 0.36312169997839183, -0.5106093118402444, -0.024732211949134747, 0.6988150841596864, 0.022643523371681504, 0.562204720891704, 0.45730286130135667, -0.18158293703586234, 0.059775171272053666, -0.27352727426015566, 0.012090369420747482]], "inverted": false, "swapped": false, "error_lsq": 0.04631370534180133, "error_max": 0.25001040632886945, "target": "51.xyz", "model": "18.xyz", "model_rescale": 3.922800546911778, "target_rescale": 4.0339691043366495},
{"mapping": [2, 1, 12, 0, 6, 9, 10, 4, 13, 8, 5, 14], "R": [[0.7847720793521942, -0.11720333892780566, 0.6086018080924567], [0.5252205016573027, 0.6470971778844168, -0.5526379167347052], [-0.32905350341256795, 0.7533449540006208, 0.5693813942988633]], "T": [-0.1276471503147951, -0.0012741140815473555, 0.08158264601316811], "aligned_model": [[-0.09509209451152892, 0.45669153436214927, -0.08293552351715297, 0.4674635756420402, -0.0346410251866071, -0.5287473067342843, -0.5606786635959359, -0.579334635405713, -0.5831504111904238, 0.08835008328515409, 0.5195129737960478, -0.18757244528808234], [-0.6440095858568149, -0.11358430246927069, 0.15254989790863016, -0.5352355071164354, 0.2738129631321259, -0.7079136621552305, -0.24877257926852006, 0.37432283806926275, 0.44671409368741394, 0.570449182249998, 0.12922295633033856, -0.04793153622580687], [0.39616211840648335, 0.5219435742415683, -0.6884518261573103, -0.16166843882767734, 0.7072380883708528, 0.13180614184396244, 0.7154823742816412, 0.504397598964727, -0.17068128690592393, 0.11104994196274263, -0.3014160596771628, 0.02213052045246168]], "inverted": true, "swapped": false, "error_lsq": 0.044922845677533546, "error_max": 0.3080845770662204, "target": "51.xyz", "model": "19.xyz", "model_rescale": 3.9282355846067225, "target_rescale": 4.0339691043366495},
{"mapping": [8, 9, 2, 7, 11, 6, 4, 0, 1, 10, 12, 13], "R": [[-0.5624820439349666, -0.31590051574864175, -0.7640816804507781], [0.16686483716747127, 0.8617445424817773, -0.4791163424680335], [0.8097963178280178, -0.3969927047851317, -0.43200314348343544]], "T": [-0.15845000975676293, -0.17045149874272286, 0.11371043855574775], "aligned_model": [[0.02878981435459807, 0.43126847468858687, -0.18862837666244464, 0.1853916852704821, -0.05559774623424335, -0.416378671591746, -0.4669726629220037, -0.5977536104091415, -0.656314461397532, 0.1717403608283773, 0.6681971414688344, -0.22387588573810396], [-0.6336779988396668, -0.15374870568655907, 0.23488135785888659, -0.3848717504022987, 0.27534135983903935, -0.7539203826258065, -0.2102410687107224, 0.41135833862635823, 0.3126059680885551, 0.6102495857012993, -0.030748281649465775, -0.027603663913928544], [0.6872817392698511, 0.4747893095041703, -0.6028862066289498, -0.359464603916547, 0.6651207308533706, -0.027289281306768193, 0.6637998926861233, 0.44341735051128667, -0.16963964144706045, -0.040284642249584945, -0.027469743381960898, 0.08061784306243447]], "inverted": true, "swapped": false, "error_lsq": 0.044925067039660226, "error_max": 0.28363331211979603, "target": "51.xyz", "model": "20.xyz", "model_rescale": 4.067790424073018, "target_rescale": 4.0339691043366495},
{"mapping": [4, 2, 11, 6, 0, 5, 8, 7, 9, 12, 3, 14], "R": [[0.07185010114387955, 0.976159875923369, 0.20481567225895458], [-0.9856473567225073, 0.038038433792121164, 0.16447603393983237], [0.15276403749426354, -0.21369364565170304, 0.9648824667577578]], "T": [-0.18665690218068556, -0.07907594310710232, 0.06763927278378515], "aligned_model": [[-0.022915630755436928, 0.4268166339095433, 0.04525801497236906, 0.31736628226094077, 0.052938585409513295, -0.5113808096351715, -0.47341160192590237, -0.6184828759356229, -0.6618271591014703, -0.041767241946845474, 0.5905883241563278, -0.22331645975258166], [-0.7303275756909987, -0.21381530065230508, 0.05459739733272713, -0.5737124353467521, 0.28397733908784734, -0.5703757916179862, -0.23869617772709995, 0.2962950389713729, 0.524555601438318, 0.6190340046032216, 0.23477866922159268, -0.03668601133424644], [0.5052836510466975, 0.46665989578990097, -0.5209005841814821, -0.15338622978446817, 0.6291055194405615, 0.10819742410455913, 0.5339664321890045, 0.5464784017329838, -0.05022541589113594, -0.21283060824249997, -0.07772288565901433, 0.013367146411258475]], "inverted": true, "swapped": false, "error_lsq": 0.04548938112815362, "error_max": 0.26746786319466326, "target": "51.xyz", "model": "21.xyz", "model_rescale": 4.186013935880536, "target_rescale": 4.0339691043366495},
{"mapping": [8, 9, 4, 11, 1, 5, 2, 0, 6, 7, 10, 12], "R": [[0.5331777292695074, -0.6804975207952438, -0.502637675868551], [0.8429607335188726, 0.47767134617519086, 0.24748189183959585], [0.07168480143193827, -0.5556556570707325, 0.8283164129781301]], "T": [-0.11487724681206482, -0.060007708351586475, 0.1205891987404648], "aligned_model": [[0.13763522483579518, 0.4343558256229073, 0.0858892465367099, 0.08115169845440781, -0.11431319025689304, -0.7709937749884994, -0.43266589902954455, -0.6790629506119873, -0.44297883391647375, 0.09487735251310292, 0.613525842695738, -0.1275544801996001], [-0.6921182968509276, -0.11735812779415111, 0.12897542183534566, -0.556325099602683, 0.4181898506329253, -0.46906269291096603, -0.41078598919450576, 0.28349616665426486, 0.25294698677462385, 0.6369569495634237, 0.24436355807936933, -0.06965396890102857], [0.47321050591421093, 0.40432273882999065, -0.551418494981602, -0.2173570669161919, 0.6741684725159584, 0.14749453604895374, 0.6912591323059849, 0.4129725438374829, -0.20230638245448318, 0.028031035620162653, -0.14975595842823586, 0.07737168466413427]], "inverted": true, "swapped": false, "error_lsq": 0.05658731378399934, "error_max": 0.2962888014949344, "target": "51.xyz", "model": "22.xyz", "model_rescale": 4.166573947596378, "target_rescale": 4.0339691043366495},
{"mapping": [0, 4, 12, 2, 8, 5, 7, 10, 14, 9, 3, 15], "R": [[0.25122319847193114, -0.7532460290140461, -0.6078711412167084], [0.4431588793953755, -0.4688142241903837, 0.7640833925755773], [-0.8605214187703685, -0.4613389675405052, 0.21603065723663611]], "T": [-0.06570565506506722, -0.012273310785014795, 0.015654217708640505], "aligned_model": [[-0.017327315201909596, 0.48903650783720354, -0.21414283956889024, 0.40306101676741635, 0.2143061763265064, -0.6373141507208678, -0.4889342989485688, -0.686906291527543, -0.6513481227939129, 0.03207009118510877, 0.5142185759535813, -0.07685328765246072], [-0.5548090881060647, -0.2799162566903728, 0.1143738440830998, -0.4102579105702589, 0.24262663419185174, -0.6007349665234797, -0.19634249146932464, 0.249402028929152, 0.4422844038555377, 0.5776249349950275, 0.1455961679908386, -0.08022254240031614], [0.6239881962079049, 0.4162561392844186, -0.609892147998656, -0.2576136086119263, 0.730285963821779, 0.1499620306645613, 0.561901139319147, 0.34211557675158893, -0.2607113866517282, 0.06959056308857894, 0.0018062588506066457, 0.02030402223009073]], "inverted": false, "swapped": false, "error_lsq": 0.0444987519033145, "error_max": 0.2178091161082278, "target": "51.xyz", "model": "23.xyz", "model_rescale": 4.274766983524099, "target_rescale": 4.0339691043366495},
{"mapping": [5, 6, 0, 3, 1, 10, 2, 9, 8, 4, 11], "R": [[-0.9322370679868597, 0.3618391990836017, -0.0025383218473259417], [0.0026274141290694164, 0.01378359449622879, 0.9999015497626542], [0.3618385631276154, 0.9321386198035682, -0.013800279143607486]], "T": [-0.07790805070610207, -0.030417627375122477, 0.1090358422921528], "aligned_model": [[0.3063441678355786, 0.3251306100747816, -0.33420997800686586, -0.6080272179989454, -0.5408276561016124, -0.6212286379351303, 0.1233190678224706, 0.012567714640105351, 0.6469366470892831, 0.015360812703262644, 0.05452917383514741], [-0.058396900312468324, 0.5658868388214278, 0.6209212170039295, -0.24759111005152118, 0.43431079304080966, -0.13658499041806899, -0.6979208471990598, -0.06575711217831061, -0.12318666222801389, 0.642275702873508, -0.018370398108748458], [-0.6541820933622914, -0.42609257324800653, -0.41828852778187364, -0.22434554626163022, 0.12613837011753606, 0.4634057834457216, 0.16505466818687395, 0.6916220791658504, 0.2543435664218905, 0.3748999164433139, 0.027010790894192643]], "inverted": false, "swapped": true, "error_lsq": 0.05043387665647796, "error_max": 0.28169263316771953, "target": "51.xyz", "model": "24.xyz", "model_rescale": 3.7841303162186577, "target_rescale": 4.0339691043366495},
{"mapping": [5, 2, 10, 9, 4, 13, 3, 6, 7, 0, 8, 15], "R": [[-0.8597588770562857, -0.26250543550199434, -0.4380702793557478], [0.49778231505119497, -0.2390386738453899, -0.8337105488288549], [0.11413781207464775, -0.9348536830639037, 0.3361861851960411]], "T": [-0.09303590009827287, -0.01365789708501482, 0.03737830644556808], "aligned_model": [[0.06253450468825547, 0.5190846807275042, -0.19794495337027856, 0.2742950956615319, 0.014224150521330053, -0.603896832440359, -0.5501217579944699, -0.5636436081271082, -0.4409595687129223, 0.06168129765510405, 0.44629540154973846, -0.14168234850266312], [-0.55086337193844, -0.29183458541012997, 0.026950098607531735, -0.3863099711599839, 0.10124864709244132, -0.6059033590906856, -0.30086345082582683, 0.29443031649825774, 0.4599694933584857, 0.6738137025859274, 0.22623623890270353, 0.0027509996654095474], [0.713060829814158, 0.3790201547739115, -0.7324269848486684, -0.22403913705784026, 0.7667589413027253, 0.021055996213716538, 0.6353644066560014, 0.49084990427496167, -0.24088735068743652, -0.1742235312515829, 0.06947712605362899, 0.08398239171278997]], "inverted": false, "swapped": false, "error_lsq": 0.0459041808781832, "error_max": 0.2762711798776914, "target": "51.xyz", "model": "25.xyz", "model_rescale": 4.19342608120988, "target_rescale": 4.0339691043366495},
{"mapping": [1, 2, 6, 8, 0, 10, 9, 5, 3, 4, 2, 11], "R": [[-0.26492075772015145, 0.7078539188552608, 0.6547975425199999], [0.9613458546783511, 0.24672939183613474, 0.12222419930980077], [-0.07504092098136617, 0.6618666306480644, -0.7458561680463919]], "T": [-0.2578248227469492, -0.0740460179075179, 0.18400479260222957], "aligned_model": [[0.011916703834162878, 0.5777051696517469, -0.12164912527510302, 0.21299778715470108, 0.07295208839191625, -0.43542966601281413, -0.6257680926756777, -0.5678176824170914, -0.666337034189201, 0.06432852575815079, 0.5777051696517469, -0.22073778221687448], [-0.4401828333279189, -0.023359526075789158, 0.07500657313661697, -0.5648015688972542, 0.2783032357342358, -0.5564801516288069, -0.37634104902181914, 0.36085663129482276, 0.32334204691333457, 0.5903974929120478, -0.023359526075789158, 0.006243433322010522], [0.4802827105041647, 0.17722887251496822, -0.6130745431734487, -0.16887078744129003, 0.7039573838083658, -0.1806177860436715, 0.7525001483526271, 0.545285839139841, -0.14190548320939672, -0.037494128644499025, 0.17722887251496822, 0.09347164863373598]], "inverted": true, "swapped": false, "error_lsq": 0.055576015006246704, "error_max": 0.3424247293264314, "target": "51.xyz", "model": "26.xyz", "model_rescale": 3.795458400668931, "target_rescale": 4.0339691043366495},
{"mapping": [7, 5, 1, 6, 10, 0, 3, 4, 9, 11, 8, 12], "R": [[-0.5338558154587058, -0.06798296974789145, 0.8428382312906658], [0.2598495467273986, 0.935340645381257, 0.24003351883297303], [-0.8046590466567104, 0.34715442229940124, -0.4816716990975109]], "T": [-0.16615872907833457, 0.06011948951772707, 0.021975072431395737], "aligned_model": [[-0.07796057546859647, 0.4717658426982492, -0.09467042308100543, 0.4093768520131757, 0.02157056032496943, -0.5331387078580516, -0.7119908343212278, -0.4717578109895771, -0.5308479718680109, 0.035683779412373495, 0.4858326212713971, -0.12399727047803266], [-0.47894317227194116, -0.21364849830845667, -0.1145531891464706, -0.46520407871759717, 0.1592214179337298, -0.6835394047739843, -0.2284745662621478, 0.5538544725189471, 0.24222577015855123, 0.7277107521542224, 0.21732780940143137, -0.06635255440059333], [0.623506975985552, 0.3134605736926065, -0.53903477417126, -0.2500192349171778, 0.7021389866414868, -0.037777217973087585, 0.42676803519444917, 0.623388532816492, -0.11298176829950671, 0.180581817404372, -0.2625324552979224, 0.12049327588036114]], "inverted": false, "swapped": false, "error_lsq": 0.05948788987150533, "error_max": 0.293757671273791, "target": "51.xyz", "model": "27.xyz", "model_rescale": 3.6321398670334006, "target_rescale": 4.0339691043366495},
{"mapping": [3, 0, 13, 2, 8, 4, 7, 12, 6, 9, 11, 14], "R": [[0.9083000689134357, -0.24748865407068976, 0.3372541340267406], [-0.4097757861637391, -0.6885049802250639, 0.5983683625319558], [0.08411177019738575, -0.6816966028311737, -0.7267839787740918]], "T": [-0.011513754034380125, -0.036991801243634215, 0.21455424033911644], "aligned_model": [[0.015916662999553827, 0.5514480265024191, -0.04115947472411899, 0.4272822759086826, -0.060655200143574436, -0.6832231275708621, -0.5711272089648284, -0.6211816673662067, -0.6060715904570108, 0.004973861338571667, 0.4780902320260545, -0.01442672789301739], [-0.5864590740590364, -0.20712884784692262, 0.1270032481720818, -0.4416296309856073, 0.14455636150965942, -0.46268819682874973, -0.23322023084269436, 0.43803851213750833, 0.21198838343644588, 0.5820291725276274, 0.13757458907698172, -0.060439528011603544], [0.6255206237434064, 0.4232145222515916, -0.5846354035664919, -0.31191506985885553, 0.6958597552355945, -0.01794597180723631, 0.7137681909472207, 0.5080861256302709, -0.2195163575201259, -0.036669472297293865, -0.16272595874755344, 0.15495176294583762]], "inverted": true, "swapped": false, "error_lsq": 0.043842874530534336, "error_max": 0.22233224967878576, "target": "51.xyz", "model": "28.xyz", "model_rescale": 4.156811204709835, "target_rescale": 4.0339691043366495},
{"mapping": [1, 3, 10, 2, 5, 0, 4, 7, 8, 11], "R": [[0.1287391208212733, -0.1717135802654205, 0.9766988712610437], [0.15569648971968353, -0.9691802656863671, -0.19091415791677627], [0.9793798251236004, 0.17664670661106105, -0.09803621363726583]], "T": [-0.014434565142558087, 0.014143001841373255, -0.11290284088872601], "aligned_model": [[-0.5506431603989674, 0.05701761048341222, 0.03371128221607639, 0.6803607908664553, -0.013118960271245355, -0.7634802929149496, -0.6190508596116335, -0.3979830685957245, 0.22824963141570076, -0.012137599078536504], [-0.10598905759944262, -0.5742408051118538, 0.022611770615796202, 0.02505784616739633, -0.4457122966127719, -0.42533675130530396, 0.421974756734193, 0.5104316556794046, 0.47698694237105965, 0.012936269687726423], [-0.4715226854700001, -0.40960620395804737, -0.7683851686544236, -0.033333437202973826, 0.6078367779337787, 0.004536520865152882, -0.10951174512933315, 0.47731688721668486, 0.41813400519373645, 0.043321776180524685]], "inverted": true, "swapped": true, "error_lsq": 0.04955981550040797, "error_max": 0.30498806205753765, "target": "51.xyz", "model": "29.xyz", "model_rescale": 4.117894457231895, "target_rescale": 4.0339691043366495},
