[{"mapping": [10, 12, 5, 14, 3, 7, 4, 6, 2, 11, 1, 0, 9, 15], "R": [[0.4215048544425888, 0.7417842274335071, -0.5216222940137887], [0.16312381354915773, 0.5038119179126366, 0.8482712849214988], [0.8920337881125984, -0.44263948231045325, 0.09135649711663785]], "T": [-0.09279174674237678, 0.12031577300430021, 0.041143637877530184], "aligned_model": [[0.21570423930161953, 0.2245564890386585, -0.4623812688530215, -0.3968138852228877, -0.587284041484613, -0.11314326387387601, -0.6502022703591473, -0.00022266112818358774, -0.29061613553729393, 0.10761608328374847, 0.60290870677864, 0.16030345364953147, 0.6092193574393588, -0.0481527019042304], [-0.5866161431870819, -0.22759003666618674, -0.393996622995921, -0.6593451359812127, 0.22310491353267475, 0.2613703667017125, 0.41837692715866626, 0.4413365564147427, 0.8583546710402488, -0.09572540460462345, 0.4732196295596338, 0.5796389709253205, -0.1270954762428582, 0.07024011615491962], [0.19038474383969772, -0.3699754179068653, 0.3964170886424552, -0.10667033420170001, 0.4548454009095044, -0.71917633172576, -0.13869824882974696, 0.6884544399583538, 0.2349718698290052, 0.6817865822731931, 0.4619195807239185, -0.16755524872086835, 0.21343434409644407, 0.0774496182922019]], "inverted": true, "swapped": true, "error_lsq": 0.048018396591701595, "error_max": 0.4002235474108993, "target": "510.xyz", "model": "0.xyz", "model_rescale": 3.8414455957264533, "target_rescale": 4.226315876236651},
{"mapping": [4, 14, 6, 5, 3, 11, 1, 2, 8, 0, 10, 13, 12, 7, 15], "R": [[0.5498736054861886, 0.6876410233685007, -0.47411901561774655], [-0.8351110092784065, 0.4423487837253382, -0.3269818889766154], [-0.015120190859280458, 0.5757407198708769, 0.8174925096359867]], "T": [-0.035291492585614745, 0.01916283631856475, -0.017973251843035803], "aligned_model": [[-0.6022260651254576, -0.38360558279178286, 0.15962152270478053, -0.36760364890530794, -0.46185354492247194, 0.2471023730393837, 0.7249491104342133, -0.17822914370651965, 0.5332604736591237, 0.2008540877751146, 0.2671705575897229, -0.3286176618204067, 0.2080908108808549, -0.1592176823795572, 0.012348547072855078], [0.055106444114559894, 0.26674737895856543, -0.6567815784616483, -0.28178850288279644, -0.47452458822270094, -0.5320546418877597, -0.35451314094748687, -0.33875867411581734, 0.47836968891947884, 0.17124634678954986, 0.05439499025977729, 0.701211370233178, 0.5311114373153146, 0.7272554059417191, 2.2592029081419662e-05], [0.3124557044950269, -0.7524994616121699, 0.17108419466797248, -0.5892260877632995, 0.0055836592819143716, -0.3551282122686624, 0.2427816840902128, 0.6696795003350121, 0.14953478975472087, 0.47161440792397713, -0.7421768273495931, -0.33040702337400674, -0.2814896981641173, 0.26776132981952383, -0.07438617249697652]], "inverted": true, "swapped": true, "error_lsq": 0.04167193082647079, "error_max": 0.27980672948200436, "target": "510.xyz", "model": "1.xyz", "model_rescale": 4.316132596720782, "target_rescale": 4.226315876236651},
{"mapping": [10, 12, 13, 6, 5, 11, 4, 1, 7, 9, 0, 15], "R": [[-0.5754291268084125, 0.7994462932157931, -0.1725309951401087], [0.35530444832868274, 0.43437038011729784, 0.8276962739281871], [0.7366410720414376, 0.41497951412121836, -0.5339961927217826]], "T": [-0.05875300077109091, 0.07052013493465106, -0.1740016925323615], "aligned_model": [[-0.16955307960678165, 0.38746529846948885, 0.35378700968457333, -0.5373275573794362, -0.6188287254333605, -0.5712410618326226, -0.09703554051314157, -0.06647121705276192, 0.6265211684299599, 0.0581216249066807, 0.3116571537100895, -0.07928651875090696], [-0.5792017500439843, -0.33962547132150445, -0.5030691375924968, 0.5181441066855316, -0.37665556669499145, -0.004589017704994314, 0.30385205258689185, 0.5282442801527067, 0.05549716566632464, -0.10892565649342975, 0.488537483208195, 0.030567939292731418], [0.2535263532773854, -0.02091007200243003, -0.5608497143459875, 0.14417094482747453, -0.29097158125570316, 0.30451170688454243, -0.7871743525756923, 0.5849592307707241, -0.5325692067474898, 0.5593846544290075, -0.09246630219904142, -0.11235319985336867]], "inverted": true, "swapped": true, "error_lsq": 0.04839115947801818, "error_max": 0.23760961186557786, "target": "510.xyz", "model": "2.xyz", "model_rescale": 3.795458400668931, "target_rescale": 4.226315876236651},
{"mapping": [4, 7, 13, 9, 3, 11, 12, 2, 8, 1, 5, 15], "R": [[0.7161309764074065, 0.4852171183831222, 0.5017178217462026], [0.6216292401801458, -0.7702680715434355, -0.14235232949907112], [0.31738543190075647, 0.41382538103496824, -0.8532379747927504]], "T": [0.03641727645196981, 0.03056261628757927, -0.002088760323012702], "aligned_model": [[-0.0365545792164053, -0.21798633727474132, -0.6926259875443543, 0.20354651155801334, 0.11385325629511157, 0.24761886249852333, -0.3035502290119444, 0.6290876832056632, 0.1770435233486452, 0.7901473914036242, -0.34920855268239176, 0.03193228316382132], [-0.11853059973187423, -0.6930737512866431, -0.31099832785433834, 0.11836094859258962, 0.47001418432186093, 0.6368088223556848, -0.2650977542304045, -0.052575955222041046, -0.5066981722125838, 0.09454195211052978, 0.6405091947966628, 0.0725085036502667], [-0.637963251780469, -0.10221991270337352, 0.02393711957692695, 0.7382323022675629, -0.47866338625657207, 0.28966438643263726, 0.431240529846343, -0.5151531365989205, 0.5016535543779163, 0.45985301683279184, -0.08327232775743493, 0.0614625364016922]], "inverted": true, "swapped": true, "error_lsq": 0.04620608491094381, "error_max": 0.262637211695236, "target": "510.xyz", "model": "3.xyz", "model_rescale": 3.7530521520055578, "target_rescale": 4.226315876236651},
{"mapping": [1, 12, 10, 14, 11, 7, 6, 0, 2, 3, 15], "R": [[0.038812077167058256, 0.9489014743381577, 0.31317665089346836], [0.9342805352425211, 0.07670313243921323, -0.3481903372308905], [-0.3544199544790432, 0.3061088392596391, -0.8835631694418854]], "T": [-0.045422875117187345, 0.07086870878239382, 0.004292631940067523], "aligned_model": [[-0.5474144639795655, -0.10788089383291305, 0.36626933649805316, 0.655933256389325, 0.2335917039246196, -0.41116231595523023, -0.10680358689869542, -0.6053468411311478, -0.419674572472982, 0.30045622669976735, -0.019768246796025832], [-0.6552356829338212, 0.14950555710842983, -0.31250750890683887, 0.2952502375499938, -0.5701785374525985, 0.6821097361324135, -0.4510857158764566, 0.11895088411163465, 0.12415270875998621, 0.07669309556331028, 0.009548584258293205], [0.08410180510389181, -0.6127020804913434, -0.5440937408389593, -0.41985600989950406, 0.09632395127773542, -0.2973961261034034, 0.5087038136992204, 0.056861278261136745, 0.6960308553239785, 0.5579812711143705, -0.03312424020180637]], "inverted": false, "swapped": true, "error_lsq": 0.04909991274411374, "error_max": 0.2845416043157615, "target": "510.xyz", "model": "4.xyz", "model_rescale": 3.7855080009869324, "target_rescale": 4.226315876236651},
{"mapping": [12, 13, 14, 9, 2, 10, 15, 1, 11, 6, 7, 8, 4, 0, 5, 16], "R": [[0.5106043449808271, 0.624759936699218, 0.5907268610637998], [-0.3526420467236159, -0.474428796284461, 0.8065735577978345], [0.7841726785404347, -0.620155092498374, -0.021928781978340528]], "T": [-0.04747312732233997, -0.0015225114300112877, 0.06199110500012582], "aligned_model": [[-0.004225983206246821, -0.5879914341034558, -0.16363781017469312, -0.07596232919920187, 0.42255972224005517, -0.3186452837200454, -0.7362259174235324, 0.5636225775466498, -0.07966186373789833, -0.21677963227378472, -0.10359676829219847, -0.7116647209921807, 0.370522563339604, 0.7152295513825916, 0.38649062956099556, -0.04876516881063279], [-0.5691142767038428, -0.4792563942400058, -0.06048867340234324, 0.5119017908037975, 0.10732066356829198, 0.6598147917593056, 0.2692287789603693, -0.4483620900421373, -0.7863821080266785, -0.3536735429237075, 0.260973618702342, 0.100885678622156, -0.16219747891107442, 0.08239015046211581, 0.5628982121228536, 0.0072560173467053485], [-0.31088224552159005, -0.004926277832441858, -0.6018809886541671, -0.43044962290648064, -0.49748004811434454, 0.20363469673369006, -0.3008193683404637, 0.06259894196847496, 0.1860698186395987, 0.5848697012975979, 0.7615019272650382, 0.27096948539431076, 0.6506029816033352, 0.20240895426086958, 0.446968960408804, 0.009000348663817062]], "inverted": true, "swapped": false, "error_lsq": 0.03966005793556815, "error_max": 0.24346839582385874, "target": "510.xyz", "model": "5.xyz", "model_rescale": 4.2253639853439635, "target_rescale": 4.226315876236651},
{"mapping": [4, 2, 8, 7, 0, 9, 12, 13, 11, 3, 1, 10, 14, 15], "R": [[0.7246288711262701, 0.6784400675985892, -0.12096310928167056], [-0.6773553054967302, 0.7335014783087259, 0.056261633768892344], [0.1268967660962997, 0.04116619967564823, 0.9910613274457669]], "T": [0.08041209042638842, 0.01740367300132252, -0.05700757798243783], "aligned_model": [[0.5200823767365701, -0.07584266252841221, -0.3690967070009651, 0.3024775760539126, -0.2344736079137073, -0.5008916014602178, 0.06583425355448964, 0.619748982039417, -0.2317276292456793, 0.3361615621503873, -0.7931952769280545, 0.014125662766715938, 0.6736297183338016, 0.047229506199525206], [-0.11238313798299769, 0.015389681104467395, -0.52290285762588, -0.72355715381294, -0.3743154677897315, 0.09152785741544751, -0.3283918622590825, -0.39677553187542725, 0.6295390690008403, 0.4813908959844352, 0.13835127556978505, 0.30141785795144527, 0.18973787578210777, 0.05607064517251983], [-0.5278955377981791, -0.8296560642511344, 0.20412822920095425, -0.04919655692370261, -0.3138992236154025, 0.43320424070602814, 0.46354997661740815, 0.3747523198299432, 0.1014838203012913, -0.4385117723592271, -0.14518065900053267, 0.6724699525140977, 0.52655332931005, -0.0002438456001458214]], "inverted": false, "swapped": true, "error_lsq": 0.03685884531392734, "error_max": 0.19831008660530627, "target": "510.xyz", "model": "6.xyz", "model_rescale": 3.89814844738969, "target_rescale": 4.226315876236651},
{"mapping": [0, 1, 6, 7, 3, 9, 8, 4, 12, 10, 11, 14, 15], "R": [[-0.2735204753151796, 0.5700081488955697, -0.7747756189865582], [-0.8104670367003579, 0.2972146897305374, 0.5047837265904296], [0.518005532794293, 0.7659987848561032, 0.38067851212469855]], "T": [0.0387236066537716, -0.024198993629332408, 0.023195687651346938], "aligned_model": [[-0.06928278094781702, -0.07143936381112735, 0.47303536421108217, -0.31946400296409366, 0.6678644160901798, -0.46576818596670944, -0.5940467373410219, 0.4570274728106605, -0.5645241999626683, -0.3893301674988148, 0.16980973823262924, -0.15202888179534035, 0.0067791298472634764], [-0.3003424678275699, 0.4261247687526541, 0.3915927394334108, -0.7095435804898994, 0.07431566988215906, 0.49525042096398997, -0.14617349073419467, -0.5167367526244818, -0.07947414539245777, 0.5301497915509046, 0.6670445432972829, 0.08694102097699534, 0.04463274768169248], [-0.45708507166783185, -0.7322282172204307, -0.3880526381173808, 0.043232464023866074, 0.16711958657257212, -0.2204769225352298, -0.3600863620366576, 0.14285553551696853, 0.17748105505500977, 0.3790928723086714, -0.02433608832271857, 0.8438118886442321, 0.030946928615224974]], "inverted": false, "swapped": true, "error_lsq": 0.04998073291134297, "error_max": 0.30316884580904163, "target": "510.xyz", "model": "7.xyz", "model_rescale": 3.7474275329858107, "target_rescale": 4.226315876236651},
{"mapping": [6, 3, 4, 0, 13, 8, 1, 9, 7, 12, 11, 10, 5, 14, 15], "R": [[0.9082703902427411, 0.4161590491222458, -0.04308763212300009], [-0.3899520853716714, 0.8793633042119107, 0.2732353387096833], [0.15159904129836516, -0.23136945571786027, 0.96098174053321]], "T": [0.019803560764617187, -0.10405777895176077, -0.11227588851160855], "aligned_model": [[-0.552096835200159, 0.08250666968821715, 0.4339166150677808, -0.17865631060608728, 0.697969086743792, -0.213093407334782, -0.8520666215104199, -0.5091319404731885, 0.4619843656305091, 0.16072775448775517, -0.45240226024821856, -0.0661843638033509, 0.22793035204088835, 0.579316535976838, -0.018565918120827557], [0.12872928576279385, 0.298526996981099, -0.22177109890849978, -0.6208376575532788, -0.22425448894712252, -0.662638711452725, -0.2604047256935144, -0.07262498087253255, -0.7246872553325288, -0.2938012656624862, 0.4149855851353878, 0.3277424601361992, 0.5909494024153996, 0.3722199170085803, -0.0630155010371789], [-0.4987662157907464, -0.6224045036903421, -0.6088078615299183, -0.2224686396586231, 0.30544360594104214, 0.33036116358951406, -0.08080106391372444, 0.43813779121767726, 0.02073624509179431, 0.4664338954554552, -0.042446669977641405, 0.5383776641538338, -0.08095278277480628, 0.314636691448383, -0.06068466386563684]], "inverted": false, "swapped": true, "error_lsq": 0.04582084365481741, "error_max": 0.2770832201571946, "target": "510.xyz", "model": "8.xyz", "model_rescale": 4.019505241142653, "target_rescale": 4.226315876236651},
{"mapping": [3, 14, 4, 2, 6, 0, 7, 11, 9, 10, 13, 8, 15], "R": [[-0.2036336310067304, -0.8945736118846083, -0.3978333787438423], [0.9159564874238219, -0.31758353242656157, 0.2452843514733081], [-0.34577023797491446, -0.3144499210545199, 0.8840611911398313]], "T": [0.022299980101617253, -0.08195763196659696, -0.028007670163731013], "aligned_model": [[-0.23486416425173195, -0.7565416113567152, -0.002926294887861461, 0.4868163970552666, 0.22093536521634416, 0.5738764310877431, 0.2624541305642029, -0.16057529638807233, 0.16883153627253839, -0.4177530855009012, -0.3320366328846298, 0.5125875298631106, -0.001103533048117715], [-0.49655005504274696, 0.2237316978252057, 0.04800782636069416, -0.4132040393380456, -0.7818359801143617, 0.026161431695199425, 0.6357956653302811, -0.6716747679276414, -0.2177864900190642, -0.09557474792419475, 0.6410387992372721, 0.27392605468756986, -0.10865716665610885], [-0.4618476306245266, 0.12068453909522509, -0.6717177464876303, -0.5719797313044539, -0.06473552141726127, -0.07962058199469166, -0.18786143791819107, 0.31265463148571454, 0.7094169215500266, 0.6226560593086521, -0.004195258904019672, 0.4137458085080519, 0.03950344274698331]], "inverted": false, "swapped": true, "error_lsq": 0.04417466469851908, "error_max": 0.2412050488003515, "target": "510.xyz", "model": "9.xyz", "model_rescale": 3.877068213659057, "target_rescale": 4.226315876236651},
{"mapping": [2, 10, 13, 3, 4, 5, 6, 7, 9, 11, 0, 12, 8, 7, 1, 15], "R": [[0.8250385739120543, 0.48817772855849745, 0.28459419687799237], [-0.5649864694969825, 0.7036637964842589, 0.43086836830138103], [0.010081708312517534, -0.5162748946606113, 0.8563635865102368]], "T": [-0.128665086647729, -0.06764117636606065, -0.011417189115663098], "aligned_model": [[0.2987888218486797, -0.6828803129940354, -0.2231508173871344, -0.20550006636776164, 0.37813551430238446, -0.0486811559495485, -0.6728879866099544, 0.6802188643631345, -0.04562056105984333, -0.4677806733323099, -0.17910165446673, -0.655742663856175, 0.2619239979535356, 0.6802188643631345, 0.43236174862565835, -0.13903378729700855], [-0.47995230780281944, -0.49642519524724177, -0.2621876452616463, 0.4574011792167542, 0.22668815045759572, 0.6837994959478058, 0.050324058575233754, -0.07449075622126775, -0.7099334101070667, -0.24744078179163387, 0.2530155657343924, 0.35828867263425973, -0.397264809122763, -0.07449075622126775, 0.4460609993182237, -0.030197322010411698], [-0.3074544248715531, 0.09903880890116355, -0.7536183842713774, -0.35953822189549384, -0.3499641991351106, 0.1884200673333853, -0.27638928882957353, 0.09788242876871116, 0.11589972706410033, 0.6189223995348393, 0.7154950765711615, 0.3031749389615806, 0.566606481270523, 0.09788242876871116, 0.4060340954718856, 0.06979533122309502]], "inverted": true, "swapped": false, "error_lsq": 0.0446490251555579, "error_max": 0.355798355185464, "target": "510.xyz", "model": "10.xyz", "model_rescale": 4.260839863003843, "target_rescale": 4.226315876236651},
{"mapping": [11, 10, 14, 5, 4, 3, 6, 9, 12, 7, 0, 15], "R": [[-0.5910338503125607, -0.6456871682366524, 0.48349464170685746], [-0.3411589562331433, -0.34305220189510904, -0.8751718421869099], [0.7309511299441446, -0.6822047108818954, -0.01752649662448208]], "T": [-0.027667242399856608, 0.12616994726749975, 0.04379089880354221], "aligned_model": [[0.29265123787537894, 0.29599640943695466, -0.3638814162613434, -0.32585137668373954, -0.6061096581179549, -0.4296198384139258, 0.19447388593346532, 0.6916222576834311, 0.1983040456267452, -0.19595328505972426, 0.18459340448642012, 0.02267298258842263], [0.05365537723608216, -0.5434459238666288, -0.64742854592862, -0.2690592544347015, 0.4062100755020579, 0.35091951553178463, 0.5829018419390588, -0.11487221051719076, -0.32563870933154393, 0.08757979614050929, 0.5088645729291916, 0.08339197033293495], [-0.5802268728101333, -0.20929375274417406, -0.05943198939258126, -0.48744631801686517, 0.18116610015215162, -0.418982401883021, -0.47840058808220504, -0.04696865903113088, 0.4119934897702971, 0.7978384085216772, 0.40027434463279943, 0.005656316278690128]], "inverted": false, "swapped": true, "error_lsq": 0.04326210170688357, "error_max": 0.2347768768465913, "target": "510.xyz", "model": "11.xyz", "model_rescale": 3.890672605050136, "target_rescale": 4.226315876236651},
{"mapping": [9, 1, 8, 10, 12, 3, 6, 5, 11, 2, 7, 0, 4, 15], "R": [[0.3396387448338479, -0.12598776063748862, 0.9320797214708834], [0.5314267699315178, -0.7919409737659472, -0.3006910079646504], [0.7760355089864396, 0.5974584322278786, -0.20202056962587578]], "T": [0.09427701358008331, 0.015266466862643515, 0.23622223749800944], "aligned_model": [[0.5178404715459893, -0.0650115557716976, 0.46977215213546697, 0.7159207384501819, 0.6875531461199426, -0.38564239720268145, -0.4038771757308717, 0.1777467376750116, 0.06645003095171662, -0.6556878866588745, 0.3125033612632636, -0.06207023860377328, -0.302455752060786, 0.13683420268080554], [-0.11740633201111436, 0.02381597120530371, 0.5160985742121565, -0.441051960533765, 0.2111540797267883, -0.3583498941997318, -0.29945894356668, -0.6360938810097984, -0.576576027982588, 0.23863001286606936, 0.6971616890353391, 0.49452133902154155, 0.2125706061856495, -0.032862713121405304], [-0.3856362107141852, -0.6356416880824681, -0.17651474529542852, 0.08612897518358867, 0.21575990943397966, 0.47355230218893957, -0.19205918071373154, 0.5462147902003102, -0.14615008275484062, 0.14100321605806632, 0.5291270103938325, -0.01766850696452507, 0.7215718403019501, 0.19510280612137326]], "inverted": false, "swapped": true, "error_lsq": 0.052596886062007166, "error_max": 0.32707764452946314, "target": "510.xyz", "model": "12.xyz", "model_rescale": 4.124412569039231, "target_rescale": 4.226315876236651},
{"mapping": [0, 11, 10, 2, 9, 8, 3, 7, 5, 4, 13, 14, 15], "R": [[0.3553874420281773, -0.0920372684390406, 0.9301768150555836], [-0.30359301714651127, 0.9298223803673402, 0.20799428094996192], [-0.8840424458070706, -0.35631374122575393, 0.3025053252839681]], "T": [0.022883069939878528, 0.07146327466030797, 0.01919953216834222], "aligned_model": [[-0.15030524871355283, -0.006879790331161609, 0.6473425297015762, -0.7336953327096963, 0.42807706981551463, 0.3755520542701254, -0.44218892391754183, 0.23835299736950177, 0.12817870594401906, -0.36114868007298073, 0.5892604627106448, 0.5898308093225099, 0.06492165412079906], [-0.4551714651081048, 0.534244896303133, 0.45152176349584083, -0.14969045316320495, 0.014861273786185306, -0.5340719915464233, 0.5088485387094422, -0.5076798651410012, 0.7808759288170358, 0.027357872505589326, -0.004132800050954566, 0.5753933646115537, 0.10512831328938614], [0.1252743313822828, 0.5504318860216246, 0.3069517579151947, 0.02844272596790015, 0.6644359540012545, 0.28590694614052015, -0.11732723087803268, -0.4461637375734777, -0.09472761785600968, -0.5122742453144413, -0.5485567431933102, -0.3639117953578379, 0.07321584971217167]], "inverted": false, "swapped": true, "error_lsq": 0.05280065303100293, "error_max": 0.3661451524006858, "target": "510.xyz", "model": "13.xyz", "model_rescale": 3.9028299243045295, "target_rescale": 4.226315876236651},
{"mapping": [3, 7, 6, 1, 2, 11, 9, 0, 4, 10, 13, 14, 5, 8, 12, 15], "R": [[0.5221511558021447, -0.41719845216299767, -0.7438438156006162], [0.3074469497191781, 0.9056183175077687, -0.2921161346156208], [0.7955089839862639, -0.07616373485588292, 0.6011360427473511]], "T": [0.031203885967463194, -0.020973337302816548, 0.046840976983853005], "aligned_model": [[0.07505945555467008, -0.6955244233095984, -0.24907921660670884, -0.010070330894316817, 0.5945761446048867, -0.34226068850072777, -0.7099390796424795, 0.6473214378825242, 0.0730741047129214, -0.44690480163683116, -0.04808532405369466, -0.6408243712344907, 0.24995179346552743, 0.7635352131227663, 0.22808043976699183, -0.07764222109541426], [-0.48334843450989334, -0.5498556364407201, -0.005496128645931891, 0.4680947959339316, 0.13179594036778625, 0.6155104345081359, 0.06793071233622686, -0.5597437546212513, -0.6641616752309192, -0.34420514400426894, 0.21307349920062982, 0.34134438186909044, -0.11285155973780227, 0.06204189372095971, 0.5607484514717619, -0.03768263811958883], [-0.36906214122648096, -0.06619633540050582, -0.557816033785744, -0.37896127267856383, -0.40196077830856414, 0.01121362546114782, -0.16208157074218874, -0.08484808440486133, 0.2564093921093221, 0.518313016475898, 0.8028744757735454, 0.49422732532175695, 0.5005033832537117, 0.2777228910495615, 0.3740712811884178, 0.01777809077959573]], "inverted": false, "swapped": false, "error_lsq": 0.0456005361396079, "error_max": 0.3402857876982219, "target": "510.xyz", "model": "14.xyz", "model_rescale": 3.942246331269136, "target_rescale": 4.226315876236651},
{"mapping": [0, 2, 7, 3, 5, 4, 12, 8, 9, 13, 14, 10, 6, 11, 15], "R": [[-0.5098081744223484, -0.850392649399067, -0.13010752145893853], [-0.5707168268877896, 0.44748271155202646, -0.6885067366185889], [0.6437219343779466, -0.27675181067173105, -0.713463738735637]], "T": [-0.09547198162300854, -0.04780314864726322, -0.09478213670915495], "aligned_model": [[-0.559187999073647, -0.4181241167531903, -0.09876579956166748, 0.1878959935190603, 0.4798318043387474, 0.16894127893474362, -0.08883118543611014, -0.6084878928239641, -0.5031807016931183, 0.3868104672451418, 0.6392655728161623, 0.09079241385489625, -0.42554890355179853, -0.17479274008202367, -0.102324155201022], [0.01946135489507335, -0.6195533209057607, 0.4648160374844752, -0.6355888892021547, -0.2555850429516762, -0.29506594508920675, 0.5689044224347239, 0.4977759503506549, 0.24754139822993948, 0.564530706125369, 0.28122304924045094, 0.29556761446291935, -0.6495772146194095, -0.35327339997392937, -0.033032030599818185], [-0.40947746174615995, -0.5311336321070144, -0.6740987682702251, -0.1159457746287069, 0.2966065685561101, -0.6432680388123141, 0.007173269135877319, -0.13137909542957987, 0.4799014304011321, -0.29799679065696194, 0.17734292870842092, 0.5868317637230981, 0.14925034599916698, 0.535818064523199, -0.020262329035525634]], "inverted": true, "swapped": true, "error_lsq": 0.04470556769980301, "error_max": 0.34593226396693116, "target": "510.xyz", "model": "15.xyz", "model_rescale": 4.355366556412066, "target_rescale": 4.226315876236651},
{"mapping": [10, 12, 13, 6, 5, 11, 4, 1, 7, 9, 0, 15], "R": [[-0.5754291268084125, 0.7994462932157931, -0.1725309951401087], [0.35530444832868274, 0.43437038011729784, 0.8276962739281871], [0.7366410720414376, 0.41497951412121836, -0.5339961927217826]], "T": [-0.05875300077109091, 0.07052013493465106, -0.1740016925323615], "aligned_model": [[-0.16955307960678165, 0.38746529846948885, 0.35378700968457333, -0.5373275573794362, -0.6188287254333605, -0.5712410618326226, -0.09703554051314157, -0.06647121705276192, 0.6265211684299599, 0.0581216249066807, 0.3116571537100895, -0.07928651875090696], [-0.5792017500439843, -0.33962547132150445, -0.5030691375924968, 0.5181441066855316, -0.37665556669499145, -0.004589017704994314, 0.30385205258689185, 0.5282442801527067, 0.05549716566632464, -0.10892565649342975, 0.488537483208195, 0.030567939292731418], [0.2535263532773854, -0.02091007200243003, -0.5608497143459875, 0.14417094482747453, -0.29097158125570316, 0.30451170688454243, -0.7871743525756923, 0.5849592307707241, -0.5325692067474898, 0.5593846544290075, -0.09246630219904142, -0.11235319985336867]], "inverted": true, "swapped": true, "error_lsq": 0.04839115947801818, "error_max": 0.23760961186557786, "target": "510.xyz", "model": "16.xyz", "model_rescale": 3.795458400668931, "target_rescale": 4.226315876236651},
{"mapping": [0, 1, 6, 7, 3, 9, 8, 4, 12, 10, 11, 14, 15], "R": [[-0.2735204753151796, 0.5700081488955697, -0.7747756189865582], [-0.8104670367003579, 0.2972146897305374, 0.5047837265904296], [0.518005532794293, 0.7659987848561032, 0.38067851212469855]], "T": [0.0387236066537716, -0.024198993629332408, 0.023195687651346938], "aligned_model": [[-0.06928278094781702, -0.07143936381112735, 0.47303536421108217, -0.31946400296409366, 0.6678644160901798, -0.46576818596670944, -0.5940467373410219, 0.4570274728106605, -0.5645241999626683, -0.3893301674988148, 0.16980973823262924, -0.15202888179534035, 0.0067791298472634764], [-0.3003424678275699, 0.4261247687526541, 0.3915927394334108, -0.7095435804898994, 0.07431566988215906, 0.49525042096398997, -0.14617349073419467, -0.5167367526244818, -0.07947414539245777, 0.5301497915509046, 0.6670445432972829, 0.08694102097699534, 0.04463274768169248], [-0.45708507166783185, -0.7322282172204307, -0.3880526381173808, 0.043232464023866074, 0.16711958657257212, -0.2204769225352298, -0.3600863620366576, 0.14285553551696853, 0.17748105505500977, 0.3790928723086714, -0.02433608832271857, 0.8438118886442321, 0.030946928615224974]], "inverted": false, "swapped": true, "error_lsq": 0.04998073291134297, "error_max": 0.30316884580904163, "target": "510.xyz", "model": "17.xyz", "model_rescale": 3.7474275329858107, "target_rescale": 4.226315876236651},
{"mapping": [2, 4, 3, 7, 1, 9, 6, 5, 0, 11, 12, 13, 10, 15], "R": [[0.6016346282056416, -0.47146011339020827, 0.6447954215299234], [-0.40625795752485067, -0.8756361528957303, -0.2611815454615855], [0.6877428633519918, -0.10481740897416597, -0.7183474540111814]], "T": [0.009847793589196428, -0.013361104996339045, -0.04937924509809811], "aligned_model": [[0.5520976376855672, 0.22775141417472886, 0.5983234413761985, -0.5353641538006727, 0.1912315708048372, -0.25602071394362724, 0.6212682366276433, 0.2457993305688845, -0.0802499929362579, 0.3503753983482161, -0.5998447303105657, -0.608188035858287, -0.2916647992291063, -0.0006669556246822403], [-0.4156996722283389, 0.15068534722702806, 0.25075704069329013, -0.10327041609497489, -0.7462901156646244, -0.3133244677184897, -0.3098813384619421, 0.6150328909416483, -0.5217290937671804, 0.0077973379695434955, 0.022470371082641598, 0.4402254086659462, 0.2910004646200762, -0.007365515753390138], [-0.45618887036868794, -0.6472896240995258, -0.15025244661816628, -0.5907269032913881, 0.41484875681802735, 0.6010451715904204, 0.21306207494048657, 0.22771412980987815, -0.2774901451741961, 0.5677542426099663, 0.08388126971257268, -0.2966367908049035, 0.6091415264472678, 0.025932327089903374]], "inverted": true, "swapped": true, "error_lsq": 0.03682658246981141, "error_max": 0.22346798944794657, "target": "510.xyz", "model": "18.xyz", "model_rescale": 3.922800546911778, "target_rescale": 4.226315876236651},
{"mapping": [2, 3, 4, 0, 10, 6, 5, 8, 11, 7, 13, 12, 1, 9, 15], "R": [[-0.9296063968557005, 0.22106319712824057, -0.2948949131477224], [-0.005540769871070203, 0.791667496298228, 0.6109270620738052], [0.3685122071169392, 0.5695556497659697, -0.7347143084393186]], "T": [0.10695428063655663, 0.03251372974501282, -0.09512751568467581], "aligned_model": [[-0.2776588684267398, -0.2809756859461794, 0.23323138804130658, 0.15392791763591693, 0.14704135792020376, -0.6106838913393131, -0.05526246113973582, 0.4112182284530337, -0.4563334766044145, 0.7928658648807293, 0.8644085129277125, 0.5767201813457521, -0.4484707535796916, -0.03753296556998598, 0.08355548828902358], [0.5979595947264951, -0.12889140153056786, 0.2110598053689853, 0.5832362975893841, -0.5777352740719064, 0.15736746752530578, -0.6435109642232624, 0.40683472268397214, -0.3039695959654251, 0.3840833745446681, -0.23402485134585266, -0.07858813250021512, 0.4150138241041609, -0.058867809626037826, -0.012355552245125495], [-0.48723590205328254, -0.5948235336103724, -0.7148576494475548, 0.019276752466378, 0.3980099852411818, -0.08867369752463322, -0.30491126668666335, 0.47888333795890736, 0.16322562446201433, -0.16086275954470242, -0.15888938940543293, 0.30204197952031364, 0.4800153850455383, 0.6495125678749847, -0.038052267133346994]], "inverted": true, "swapped": true, "error_lsq": 0.03682271463887252, "error_max": 0.24469013913250545, "target": "510.xyz", "model": "19.xyz", "model_rescale": 3.9282355846067225, "target_rescale": 4.226315876236651},
{"mapping": [7, 12, 10, 8, 0, 9, 1, 11, 2, 3, 14, 4, 5, 15], "R": [[0.5981086121517419, -0.6038454304970013, -0.5269125014058867], [0.6747457657448765, 0.02467648513187891, 0.7376375957683398], [-0.43241674306076266, -0.7967193779176126, 0.42220136566725497]], "T": [-0.08658547118719825, -0.07544867392385177, 0.10949229804452063], "aligned_model": [[-0.7526696758738475, -0.14354732570961273, 0.5121939972224063, -0.39845539379033257, -0.5238912026529273, 0.2602897824999538, 0.054441346599038626, 0.552663186418402, -0.43872847048657937, 0.11853431381185756, 0.2877348377779486, -0.46082226201794363, 0.4877797585529974, -0.023000073266685017], [-0.4688045826237339, -0.6324622814438106, -0.5314456591184109, -0.3165152063291985, 0.11005741079776926, -0.20473976030289823, 0.4085365917621163, 0.16823582966740058, 0.6206054527207506, 0.31440057564946544, -0.7311720565780907, 0.07490289093735444, -0.19604062012596368, -0.09267649758791409], [0.10947858354139492, -0.16846169338541742, -0.1157305093011656, -0.5283206009516414, -0.19537061481255782, -0.5588469701870498, -0.6195223426474296, -0.061503279153541174, 0.22311117034613534, 0.5913437503769078, 0.4994419303881583, 0.6283673109344068, 0.5371546014201628, 0.07104182067531947]], "inverted": true, "swapped": true, "error_lsq": 0.04242569022270388, "error_max": 0.3058633486512367, "target": "510.xyz", "model": "20.xyz", "model_rescale": 4.067790424073018, "target_rescale": 4.226315876236651},
{"mapping": [4, 11, 13, 7, 14, 10, 12, 3, 5, 6, 1, 8, 0, 9, 15], "R": [[0.27252362386894724, 0.3879487196847196, 0.8804695709269703], [0.821678729517687, -0.5699419420844116, -0.0032012671317590558], [0.5005746097152115, 0.7243355393379756, -0.4740918545603032]], "T": [0.1564448987316871, 0.014204064343658045, -0.07378435075017058], "aligned_model": [[0.4548296955051955, 0.02916939443513361, -0.3712335698225345, 0.18135963679620487, -0.6181372489981414, -0.5359576387221263, -0.2672485740849365, 0.34868429623618463, -0.2762058025030621, 0.5662532690840891, 0.5291692252506319, 0.15535827577752878, 0.5636822266325561, -0.10129418367435933, 0.11001495199515021], [-0.16770306197087517, 0.6638876642229157, -0.5358479544770277, -0.7551323806908465, 0.01283358714569714, 0.24829214439846015, -0.3602420587730715, 0.44263275550812015, 0.4719047094998437, 0.5948304853507244, 0.32164486852303753, -0.43875573783651234, -0.281849708132715, 0.16997048386091412, 0.054429343299182975], [-0.6303509308817918, 0.1690584729370072, -0.3342522301166236, -0.15058102384927355, -0.42331286494996284, 0.21427278272835393, 0.19275115375214763, -0.5273593239794944, -0.4352485543673083, 0.0861053371632602, 0.6692831935725364, 0.523716655655482, 0.18136291739881832, 0.6283718940053499, -0.02856790544736028]], "inverted": true, "swapped": true, "error_lsq": 0.04163612975615309, "error_max": 0.274357846826931, "target": "510.xyz", "model": "21.xyz", "model_rescale": 4.186013935880536, "target_rescale": 4.226315876236651},
{"mapping": [2, 6, 3, 7, 8, 4, 0, 1, 5, 11, 9, 12, 15], "R": [[0.8594824001668588, 0.480104947953481, -0.17546863752249603], [-0.33246152809044915, 0.785785948185204, 0.5215455646196636], [0.38827739586947274, -0.38992266231300987, 0.8349856174040099]], "T": [0.14373450738061078, 0.005986813476105468, 0.04444368109404702], "aligned_model": [[0.027512750986608075, -0.3544617948522424, 0.29763740790160875, 0.5364798941165003, -0.17433389910429692, 0.6224639360520534, -0.0560794502827526, -0.7284892727275727, 0.3718491939577449, -0.3129521588142359, -0.4598624629982393, 0.18908847886309849, 0.09972141232495103], [-0.42325225029613717, 0.1247595515616926, 0.25667529177748244, -0.5548491009193799, -0.41354045474625173, -0.23988250698972988, -0.5218961256053072, -0.13837574266041544, 0.6843375084155079, 0.5234656630626449, 0.18295379521187438, -0.0207338740887818, 0.05929490482289388], [-0.606441575145681, -0.47356030982936786, -0.538399839727736, 0.4044592045817156, 0.578307498757643, -0.3327253248523198, 0.04649083201601413, -0.018625938206879855, -0.07858844802240057, -0.10017097968695308, 0.47811335817871103, 0.6673371353153055, 0.07668394795729441]], "inverted": false, "swapped": true, "error_lsq": 0.03935624682447062, "error_max": 0.30191731894800505, "target": "510.xyz", "model": "22.xyz", "model_rescale": 4.166573947596378, "target_rescale": 4.226315876236651},
{"mapping": [7, 8, 10, 14, 13, 12, 9, 5, 0, 4, 2, 3, 1, 5, 6, 15], "R": [[-0.3399064310722034, 0.9190401640084191, -0.199571528668635], [0.9319176085669296, 0.3576836925994023, 0.05993285318881137], [0.12646418053604255, -0.16561265950353754, -0.9780486992238745]], "T": [-0.19223901196540558, 0.08864383008250809, 0.09716006950958345], "aligned_model": [[0.1252690726520059, -0.6878931089082432, -0.033585741978987005, -0.09323893700239211, 0.41293350859904154, -0.07854600599861664, -0.6988050102796091, 0.5914003427608864, 0.0680005081104296, -0.4298421859696183, -0.16008297668962806, -0.68632287424506, 0.2659658219179004, 0.5914003427608864, 0.3604761711231803, -0.1358607947161498], [-0.4556970994351557, -0.5390027362745019, -0.10206612862982864, 0.5266276046180056, 0.10515972427974728, 0.7329303019399773, 0.20189033241169763, -0.16977879108535876, -0.6531068949715808, -0.4112350932254924, 0.19986327686352603, 0.10620825003756923, -0.1607729273446616, -0.16977879108535876, 0.42672613034948936, 0.06522797965007339], [-0.2408801888985599, -0.02311438390934381, -0.6095223801625689, -0.5542591208902713, -0.4947069632674447, 0.06041503168258839, -0.20452732721794542, -0.0037809617623213165, 0.3181510578110236, 0.5803984238443277, 0.7600367271482116, 0.43921164486412867, 0.5828952568160312, -0.0037809617623213165, 0.49630154392235565, 0.129349866648159]], "inverted": false, "swapped": false, "error_lsq": 0.04673264378179587, "error_max": 0.4452336844650505, "target": "510.xyz", "model": "23.xyz", "model_rescale": 4.274766983524099, "target_rescale": 4.226315876236651},
{"mapping": [14, 12, 7, 4, 0, 2, 3, 6, 11, 9, 15], "R": [[0.38103969785693204, -0.44647533587745547, -0.8096101056127026], [-0.11229305560529229, 0.8468405444824059, -0.519857059087947], [0.9177140177200765, 0.28899976933183835, 0.27254378548449715]], "T": [-0.041521667660996645, 0.10051715577126595, -0.012839365448417496], "aligned_model": [[0.47578720851634704, 0.1433489213820594, -0.5189355484154907, -0.5184267519707273, -0.4647737721503087, -0.6284709253565047, -0.0615485593671556, 0.009127609890194913, 0.48944516902808577, 0.4252538812932979, 0.029087471108277335], [-0.05582370105567193, 0.5970722347176454, 0.47584433868473136, -0.29016500902296394, 0.4102068174458458, -0.193404039504938, -0.5403130551668921, -0.16931826674738748, -0.05641998219367404, 0.6166923162956844, 0.12121487779110382], [-0.6686584160583943, -0.34453674569778564, -0.4920079485790516, -0.24047731118728352, 0.1958234615583996, 0.4236307792072442, 0.11033916378177713, 0.6618888382907944, 0.42385895608045887, 0.3024379643009936, 0.007267692324424702]], "inverted": true, "swapped": true, "error_lsq": 0.04375980524272446, "error_max": 0.21918805016215134, "target": "510.xyz", "model": "24.xyz", "model_rescale": 3.7841303162186577, "target_rescale": 4.226315876236651},
{"mapping": [13, 14, 11, 7, 6, 0, 10, 3, 12, 9, 8, 10, 2, 4, 1, 15], "R": [[-0.24610867022479166, 0.9372184176350735, -0.24708735314822172], [-0.3964681691227904, 0.13528074801994672, 0.9080264919525125], [0.8844453139186207, 0.3214354629793871, 0.33828350510573224]], "T": [-0.018528973134603638, 0.008793737882433695, 0.11303845255029833], "aligned_model": [[-0.0801718199243577, -0.5788001111738444, -0.09240325216754454, -0.20102171856666992, 0.5072273481266076, -0.14224973702320892, -0.7651224436606971, 0.5652483336322374, 0.0014142440942349066, -0.35611734446859256, 0.007069224521958378, -0.7651224436606971, 0.23450451955630439, 0.7098350225439678, 0.3335973986974524, 0.033380911608875456], [-0.6206249333323959, -0.5527707902351859, -0.0640138906645858, 0.4811377100654985, 0.2087365704503294, 0.7296963422797287, 0.14197105876062105, -0.39670336429573055, -0.7326559694945198, -0.29004916093432326, 0.2910635580602024, 0.14197105876062105, -0.2547398772418367, 0.03468210905203639, 0.5712298517138564, 0.014264865153830856], [-0.34743119144032775, 0.10667488823376146, -0.647664649379363, -0.29487468759996754, -0.34042555550506376, 0.19255296007949302, -0.06050432675414362, -0.2661423009991354, 0.27123613251220285, 0.48568804921315006, 0.6318122611917995, -0.06050432675414362, 0.7728241095658135, 0.27278833485287235, 0.44876010797604415, 0.06739745967305616]], "inverted": true, "swapped": false, "error_lsq": 0.046859335439209025, "error_max": 0.3393919120815114, "target": "510.xyz", "model": "25.xyz", "model_rescale": 4.19342608120988, "target_rescale": 4.226315876236651},
{"mapping": [10, 12, 13, 6, 5, 11, 4, 1, 7, 9, 0, 15], "R": [[-0.5754291268084125, 0.7994462932157931, -0.1725309951401087], [0.35530444832868274, 0.43437038011729784, 0.8276962739281871], [0.7366410720414376, 0.41497951412121836, -0.5339961927217826]], "T": [-0.05875300077109091, 0.07052013493465106, -0.1740016925323615], "aligned_model": [[-0.16955307960678165, 0.38746529846948885, 0.35378700968457333, -0.5373275573794362, -0.6188287254333605, -0.5712410618326226, -0.09703554051314157, -0.06647121705276192, 0.6265211684299599, 0.0581216249066807, 0.3116571537100895, -0.07928651875090696], [-0.5792017500439843, -0.33962547132150445, -0.5030691375924968, 0.5181441066855316, -0.37665556669499145, -0.004589017704994314, 0.30385205258689185, 0.5282442801527067, 0.05549716566632464, -0.10892565649342975, 0.488537483208195, 0.030567939292731418], [0.2535263532773854, -0.02091007200243003, -0.5608497143459875, 0.14417094482747453, -0.29097158125570316, 0.30451170688454243, -0.7871743525756923, 0.5849592307707241, -0.5325692067474898, 0.5593846544290075, -0.09246630219904142, -0.11235319985336867]], "inverted": true, "swapped": true, "error_lsq": 0.04839115947801818, "error_max": 0.23760961186557786, "target": "510.xyz", "model": "26.xyz", "model_rescale": 3.795458400668931, "target_rescale": 4.226315876236651},
