[{"mapping": [10, 2, 12, 13, 7, 1, 11, 9, 6, 5, 0, 4, 8, 14], "R": [[0.5161958548773139, -0.24861650841787974, 0.8195923810953721], [-0.4398518869424284, 0.7441523290543853, 0.5027600110550949], [-0.734896017788003, -0.6200218890531497, 0.27477390730253004]], "T": [0.031612376055768866, 0.1342496734308589, 0.20750118579567545], "aligned_model": [[0.07267121128131732, 0.3486698657556321, -0.4592010158545801, -0.4078709492884754, -0.5691467141731995, -0.11722097625497468, -0.6952136875569798, -0.24628366352620837, -0.3608443163960902, 0.35403942217047785, 0.7098030778467925, 0.28067072084412653, 0.48169601976582793, -0.020276893485362532], [-0.5950509519608689, -0.09977899106190871, -0.529779770532212, -0.2781203872524177, 0.06567161289011617, 0.3854633280815426, 0.3161415521144465, 0.5270192658130665, 0.7275093503161403, 0.019759217823840908, 0.40301744002148976, 0.5413955705311395, -0.2997194368628501, 0.05174553188850978], [0.5080061114362797, -0.46343083299139964, 0.3405477017859655, -0.21852834461345017, 0.4784710735325709, -0.623589860176495, -0.22721016420029344, 0.8109304324291599, 0.1845019157815621, 0.7305420654680742, 0.2387670317771, -0.25740841321595087, 0.21582682573736509, 0.18016254442934498]], "inverted": true, "swapped": true, "error_lsq": 0.05294642132077914, "error_max": 0.3219724628782372, "target": "511.xyz", "model": "0.xyz", "model_rescale": 3.8414455957264533, "target_rescale": 4.0800104254192116},
{"mapping": [6, 7, 9, 5, 2, 10, 4, 1, 8, 3, 12, 0, 11, 13, 14], "R": [[0.4937828388166061, 0.323025193267377, 0.807361896924042], [-0.48153080228010914, -0.6715300514119265, 0.5631833418223323], [0.7240901839865584, -0.666859891255479, -0.17604343466611522]], "T": [-0.053938886299614006, -0.08214998982867625, 0.05386220354649258], "aligned_model": [[-0.3078724654511393, -0.31481493590157034, -0.7071962344600848, 0.27838190069286467, -0.048005901771489265, 0.13746394348621577, 0.26812546320832126, 0.7107627596174182, -0.5956320801424057, 0.7133079362835986, -0.05544305969097761, 0.07709967128210414, 0.1629316338599961, -0.5263552714346935, 0.023242037070150184], [-0.03025394990368982, -0.6438524284461465, -0.27833034320085737, -0.058696500125944046, -0.6014048068544623, 0.45849065858933225, -0.5204286889161881, 0.06667490079103275, 0.48976731493289116, -0.14832295994941816, 0.6555582329882385, -0.44574723111848447, 0.4044083161176698, 0.09972384127114278, -0.038244344445426376], [-0.6829225087019651, 0.2252945789322009, 0.03719528965828354, -0.5147638715995184, -0.4704887879740128, -0.31957312745276106, 0.05575205813864156, 0.4301339614988472, -0.007631517752767554, -0.08872227422517753, 0.24898744363037012, 0.6671674391841077, 0.7190641236657116, 0.6183014555978612, 0.06725617378161552]], "inverted": true, "swapped": false, "error_lsq": 0.04695801087855286, "error_max": 0.3165241487785898, "target": "511.xyz", "model": "1.xyz", "model_rescale": 4.316132596720782, "target_rescale": 4.0800104254192116},
{"mapping": [0, 8, 5, 6, 9, 4, 7, 1, 10, 2, 13, 14], "R": [[0.6142113525642412, -0.6918944340697696, -0.379508242973033], [-0.05277394325473578, 0.4438224877321283, -0.8945593945046972], [0.7873749585137637, 0.5694766821271422, 0.23608681288651143]], "T": [-0.056320900393484696, -0.0179606321425232, -0.09982672923668863], "aligned_model": [[-0.20181857878175635, 0.4462355680716792, 0.04655024465187799, -0.7022013163128211, -0.5655105854493763, -0.35039979768752183, -0.13067549010360555, -0.22268637462605784, 0.6246031137643546, 0.3134857325048612, 0.32181094533522536, 0.018415093264921217], [-0.649449273547817, -0.3721130888593115, -0.539904195690833, 0.2777543100132742, -0.10476265671343801, -0.049845265103147414, 0.38109528628826805, 0.4882045008695389, -0.12841003948537733, 0.05200985954274331, 0.6098498102608133, 0.048347180166266844], [0.236638447027617, 0.014133021158621986, -0.4278990844990351, -0.14340915008640626, -0.6732482935078274, 0.49719902249831754, -0.6235297785831768, 0.6016655236388334, -0.4845498190583108, 0.5811959032583386, -0.012842956960994426, -0.11609437367655687]], "inverted": true, "swapped": true, "error_lsq": 0.04947293883098123, "error_max": 0.2576785430504353, "target": "511.xyz", "model": "2.xyz", "model_rescale": 3.795458400668931, "target_rescale": 4.0800104254192116},
{"mapping": [2, 13, 12, 9, 8, 5, 7, 4, 6, 3, 10, 14], "R": [[0.01603442124147742, -0.5788048890795887, -0.8153084065021134], [-0.0504227587080891, 0.8139076495634845, -0.5788021107306968], [0.998599240305998, 0.050390855912644916, -0.016134401156360757]], "T": [0.14187355021527287, -0.0017841678796485195, 0.029376045429565557], "aligned_model": [[0.1896750084426444, -0.38204683828393243, -0.6906623975507626, 0.25714907127001285, 0.0052462780184589775, 0.1468422314830199, -0.259622345879812, 0.6727393004134925, 0.4450714226169252, 0.6525181303846097, -0.49213004394620824, 0.04852400877511687], [-0.12055841043164525, -0.43868906580868705, -0.039659127146117405, 0.0487402100894321, 0.4659170226654404, 0.5911215244936556, -0.23107698928452364, -0.2552272420093623, -0.49183949091072526, 0.12358992600188545, 0.4610400409057899, -0.02758935327543333], [-0.7381214081885447, -0.252257329127929, 0.09997099343204928, 0.7908088124448044, -0.3624943108869584, 0.22705552958922262, 0.5039969071828282, -0.28349283977575745, 0.447018352469312, 0.31473482937536695, -0.05838291327873764, -6.519259655628565e-05]], "inverted": false, "swapped": true, "error_lsq": 0.046720553841386014, "error_max": 0.2951165152830838, "target": "511.xyz", "model": "3.xyz", "model_rescale": 3.7530521520055578, "target_rescale": 4.0800104254192116},
{"mapping": [8, 4, 3, 6, 5, 11, 10, 13, 12, 7, 14], "R": [[-0.9069395030378582, 0.06316585431107999, 0.4164982745205483], [-0.26931668001727815, 0.6733145091005266, -0.6885608888828844], [-0.32392786804150336, -0.736653002901548, -0.593643908098296]], "T": [-0.036505596227536366, -0.13765600920144494, -0.10944041077652636], "aligned_model": [[-0.37885816438272923, -0.1500482666741565, 0.4404865968037285, 0.39113697440178663, 0.23050297899674044, -0.13619463098909446, -0.29737391117213935, -0.5601353505688045, -0.3030245904744855, 0.2051653824979109, -0.10345741599355153], [-0.6515878986897008, -0.05321004423158612, -0.2795981832783191, 0.3756330953770378, -0.6634970057787977, 0.7226361372478203, -0.49557685507668386, 0.30645398454340195, 0.0538431174781836, 0.2559560907908394, -0.10384908006784965], [-0.011244059777874307, -0.7605285130143259, -0.44146006870887766, -0.35472472131437427, 0.09752986094159743, -0.12659439571270445, 0.5445541081814126, 0.16125132313612786, 0.6598644531962263, 0.36564249537982163, -0.041459705061712815]], "inverted": true, "swapped": true, "error_lsq": 0.04464646792292596, "error_max": 0.2536253790367036, "target": "511.xyz", "model": "4.xyz", "model_rescale": 3.7855080009869324, "target_rescale": 4.0800104254192116},
{"mapping": [7, 11, 4, 8, 6, 10, 13, 14, 5, 15, 3, 12, 2, 1, 16], "R": [[-0.9497524657887201, -0.11159163818283299, -0.2924338557963459], [-0.28834008777106, -0.05157574626733219, 0.9561380319708789], [-0.12177950366307021, 0.992414857146264, 0.0168078494441376]], "T": [-0.0014037983811819414, -0.009243031651542284, 0.07999605640767608], "aligned_model": [[-0.38876025602446884, -0.18031205387676083, -0.7237531563616588, 0.35746569109675225, -0.28165904462933666, 0.20158975613178381, 0.3639414843055271, 0.5183655205863641, -0.4888949201255611, 0.7835335339518522, -0.045581254379842326, 0.13037556067021094, 0.04760313553422019, -0.5142478768911631, 0.036329276660389626], [0.054220472875724006, -0.7526258612720619, -0.1189473217923824, -0.21825377348952246, -0.5029553596805841, 0.4492382537530051, -0.6318396173443631, 0.03587051251593481, 0.5816673193309149, 0.04632938886139922, 0.6637542704023439, -0.42170148688762166, 0.3898985766892894, -0.1748475977507594, 0.009534235518373964], [-0.5582020556163808, 0.2986511113258238, -0.034795744759633415, -0.48819147714247507, -0.24215639534380823, -0.44873147440027245, 0.01864497836002299, 0.5106955127871005, -0.1813095270410895, -0.16516347751684513, 0.24594661895242015, 0.6049508032596538, 0.6997298577272402, 0.6116632622928128, 0.11331844349686691]], "inverted": true, "swapped": false, "error_lsq": 0.03806529606547881, "error_max": 0.27906480891404056, "target": "511.xyz", "model": "5.xyz", "model_rescale": 4.2253639853439635, "target_rescale": 4.0800104254192116},
{"mapping": [13, 10, 0, 2, 8, 3, 4, 1, 9, 7, 5, 6, 11, 14], "R": [[0.22982961194037205, 0.471751502923236, -0.8512513547507612], [-0.9507284525928912, -0.07816990760173675, -0.30000812484974904], [-0.20807152353377117, 0.8782596341829698, 0.4305418168530569]], "T": [-0.02985232616247927, -0.023411277656746343, -0.019497448042148022], "aligned_model": [[0.6457961697457416, -0.1375597789524874, -0.5716777517121897, 0.2575298354110838, -0.27179529623493115, -0.43135883936888764, 0.0474961336275145, 0.60692215519827, -0.32582673187287403, 0.2122752205328379, -0.5976561731008713, 0.1538104881275447, 0.7461319543046566, 0.03997476705237602], [-0.07765697014971389, -0.005660911122341839, -0.43281475247964596, -0.7457436354114422, -0.4314589992222464, 0.08722307686518939, -0.4259076035644199, -0.416560176392327, 0.6591686223350331, 0.5732343436676405, 0.06906664634870383, 0.36687182188896517, 0.2469638611899333, -0.021626177318338227], [-0.31147747442597706, -0.8017713576048353, 0.2487753543617886, -0.05254437774213228, -0.4268479696603241, 0.40998915908350786, 0.5058145538066573, 0.4451789953556984, 0.18569721197530598, -0.17579002184575615, -0.2638039180208228, 0.5465903004081466, 0.25451061909220857, -0.09276286585201737]], "inverted": true, "swapped": true, "error_lsq": 0.04469814008827661, "error_max": 0.2401943903360385, "target": "511.xyz", "model": "6.xyz", "model_rescale": 3.89814844738969, "target_rescale": 4.0800104254192116},
{"mapping": [7, 9, 6, 10, 11, 3, 5, 13, 8, 0, 4, 2, 14], "R": [[-0.09743102563697598, 0.7145690256703401, -0.6927469255044499], [-0.0938738469870467, 0.6863570837708322, 0.721180736299474], [0.9908051756501778, 0.13529619769283907, 0.0002068687524645063]], "T": [-0.08693756803623695, 0.06008622795965576, -0.02003035807769008], "aligned_model": [[0.22334667997563465, -0.11592393936063715, 0.3725332070997156, -0.4534849590752402, 0.7767947691244664, -0.27285632958481576, -0.663251613820921, 0.4087816303767152, -0.5479692041693539, -0.5833236449244662, 0.06821098607492843, -0.015263956431053896, -0.04896182438074996], [-0.2690293308427793, 0.22036479927015099, 0.4603550353523009, -0.6392800344222352, 0.024947878403416522, 0.5658717931813697, -0.007547622485604512, -0.41306963503494537, -0.17073101810903674, 0.5532268919202122, 0.5987613953013227, 0.07025627723325503, -0.030345164296941292], [-0.5042263404342988, -0.7744119505520811, -0.38769835330422614, -7.336317382362553e-05, -0.07540622129027022, -0.27987908785244714, -0.25225182393533474, 0.25398027423944936, 0.33373089009197765, 0.18870258541448046, 0.34010401425311343, 0.7546980491141394, 0.005006358265616934]], "inverted": true, "swapped": true, "error_lsq": 0.047323190607327786, "error_max": 0.28270265013796053, "target": "511.xyz", "model": "7.xyz", "model_rescale": 3.7474275329858107, "target_rescale": 4.0800104254192116},
{"mapping": [2, 13, 13, 8, 4, 3, 9, 7, 1, 5, 0, 11, 10, 12, 14], "R": [[0.5807905809981484, 0.6482437161034416, -0.49240469692747035], [0.6529993501917086, -0.009811589339069449, 0.7572949104304397], [0.4860803942487699, -0.7613696981408192, -0.42900120405415926]], "T": [0.010706686595130532, 0.04286216686293408, 0.10748696037717477], "aligned_model": [[-0.35104531009063294, -0.6268971913664104, -0.6268971913664104, 0.25125961244039263, -0.25854498874770154, 0.3395628369003533, 0.5367626096058506, 0.5934810885027287, -0.5643624050519706, 0.6944490098177621, -0.018139874963164344, 0.13610177194773843, 0.16792620118261348, -0.42094985042214905, -0.03671092174069164], [0.13073767755400528, -0.5881794053703789, -0.5881794053703789, -0.26085342694079244, -0.47707425312741003, 0.45842354267064067, -0.5035689078534654, 0.015594399299596204, 0.47960789486012495, 0.059126160900177596, 0.7006474716198707, -0.33549768790033346, 0.3545140555997627, -0.06066247617419558, 0.02470637196246727], [-0.6474983927022695, 0.1654495139292853, 0.1654495139292853, -0.4538520136877463, -0.4115462758786824, -0.37552123036895224, 0.17832964904734305, 0.4589241485877711, -0.10072093802784333, -0.10524146262728064, 0.13393703332695794, 0.5845612192329616, 0.7808505205494682, 0.5359702169154441, 0.0759589341556945]], "inverted": true, "swapped": false, "error_lsq": 0.05301138398195264, "error_max": 0.4621629922107759, "target": "511.xyz", "model": "8.xyz", "model_rescale": 4.019505241142653, "target_rescale": 4.0800104254192116},
{"mapping": [3, 4, 6, 9, 5, 7, 11, 0, 8, 2, 1, 13, 14], "R": [[-0.4556953844724053, -0.6204763416122637, -0.6382404140055756], [0.20584611717298784, 0.6241226388008142, -0.7537229648757647], [0.8660075592137472, -0.4748473873106708, -0.15668716012768427]], "T": [0.11231767381960088, -0.16168368232510205, 0.07023014558199071], "aligned_model": [[-0.18310425109323175, -0.5281744341748847, -0.008509301134242947, 0.37992701727960076, 0.26885649178252585, 0.6626078965050916, 0.20889387721351316, -0.43680661762802264, 0.09761395211997922, -0.30809901368977405, -0.39632821345654257, 0.38600801161474874, 0.17681535640241589], [-0.4808845583523086, 0.016747297893325575, 0.11410157956048494, -0.42816784540955494, -0.7659021764329614, 0.037194591377341546, 0.6459537155991584, -0.6384623811826144, -0.4657523446778826, 0.12820611278151017, 0.5557230571454761, 0.45091983336029334, -0.10629865354820936], [-0.34055309807848455, 0.026974847842509794, -0.5746354198963229, -0.6028169904539443, 0.10270530760832691, -0.24068337616690694, -0.22764501367992862, 0.1358112277378548, 0.6163984716940478, 0.6573062539098958, 0.12101326538948201, 0.37764900081318115, 0.12517901732416764]], "inverted": true, "swapped": true, "error_lsq": 0.04863196007098301, "error_max": 0.29716363671038565, "target": "511.xyz", "model": "9.xyz", "model_rescale": 3.877068213659057, "target_rescale": 4.0800104254192116},
{"mapping": [13, 7, 4, 14, 2, 6, 9, 11, 3, 10, 12, 8, 0, 1, 15], "R": [[0.12324284601093899, 0.9884409576854603, 0.08829311455019863], [0.9897645291394017, -0.11597996312708397, -0.08315542682530751], [-0.07195399755804273, 0.09763770441223389, -0.9926174998016742]], "T": [-0.048046407951956666, 0.005379478894736597, 0.026009910261383627], "aligned_model": [[-0.18301448027090308, -0.4890098612068777, -0.6990237955450751, 0.39054833458556915, -0.16307996747429887, 0.09039657111581512, 0.3829819874006981, 0.5511908058361331, -0.5007197635341294, 0.6222259865678219, 0.12669274908408287, 0.18334858866495463, 0.08487201803914066, -0.5500267731877504, -0.031387003426872825], [-0.05769422821535608, -0.5946960807362979, -0.16908540896581326, -0.2672922932850595, -0.5887477540104884, 0.4855573014440157, -0.49019732655049175, 0.13426752859879248, 0.4167485293641974, 0.12346919902745855, 0.6821007311758249, -0.5044693294911423, 0.2604718335738189, -0.05955094402002721, 0.03846025382025858], [-0.7325702258413022, 0.36029590315340476, -0.036288753377699275, -0.559486719202319, -0.24626838349980737, -0.3353311687810102, -0.039285236603226296, 0.43705480868329105, -0.14317543245498512, -0.17399137624341796, 0.29003602530112765, 0.5568898250596901, 0.7683215821688923, 0.7307838905566865, 0.10806569746211189]], "inverted": false, "swapped": false, "error_lsq": 0.04083956986428797, "error_max": 0.28625673674187607, "target": "511.xyz", "model": "10.xyz", "model_rescale": 4.260839863003843, "target_rescale": 4.0800104254192116},
{"mapping": [11, 7, 9, 6, 0, 4, 1, 13, 10, 8, 2, 14], "R": [[0.3034336235236221, -0.11665116437750608, -0.9456852235097559], [0.8589105091637872, 0.4631953955964813, 0.21845540219052273], [0.41255396418326734, -0.8785456910984148, 0.24074196827533023]], "T": [-0.09688783356294312, -0.06727103774121498, 0.05762032936185255], "aligned_model": [[0.3834443585642771, 0.19370001540999154, -0.45406034192103517, -0.26886057504332644, -0.6964666672938593, -0.3361026327402379, 0.15724126110947273, 0.6239507050897761, 0.2629408893063905, -0.06368158737929605, 0.15447213452618636, 0.002321089465790821], [-0.04885411445332927, -0.6098630674868519, -0.696067953054111, -0.20108568624603657, 0.27052624693245675, 0.48936968381332213, 0.5898953648613281, 0.043854075711472346, -0.360345576880141, 0.12059209777145344, 0.6515127570413306, -0.07645532247795968], [-0.6629881234306699, -0.1877196515344656, -0.21194089888557718, -0.6198951923221278, 0.30165825692193454, -0.2196271464594264, -0.47107874976495423, -0.055246102039709415, 0.6967596296617476, 0.6530853399498932, 0.2176599001341528, 0.07551081516470713]], "inverted": true, "swapped": true, "error_lsq": 0.04840870033746528, "error_max": 0.35739248445637734, "target": "511.xyz", "model": "11.xyz", "model_rescale": 3.890672605050136, "target_rescale": 4.0800104254192116},
{"mapping": [4, 0, 3, 1, 6, 12, 8, 13, 2, 10, 9, 5, 7, 14], "R": [[0.2141109213610529, -0.9680259734608693, -0.13069899792675455], [0.8189375519068062, 0.250825809386896, -0.5161663485953885], [0.5324451140078277, 0.00348253507452001, 0.8464573660372072]], "T": [0.09433227859225593, 0.02726983484817259, 0.08708413338932994], "aligned_model": [[0.581121225490889, 0.15266453328916857, 0.3936584435111279, 0.6899882808325657, 0.7216931176415745, -0.424525312064267, -0.40090747984671726, 0.0119765339972185, 0.08397103581278097, -0.6799390855992822, 0.262335714521167, -0.29798625692290515, 0.07032705485472102, 0.04549802927565183], [-0.1988372861441997, 0.21428219846920646, 0.4719585753347946, -0.6205666889955319, 0.23891363659926187, -0.17142706856723694, -0.12497314412927867, -0.5619350870197348, -0.6574980655465256, -0.015784317855441894, 0.7225403010863306, 0.46820357255917866, 0.20357027523640228, -0.036294381199460005], [-0.30769538343154124, -0.6163218783803308, -0.17855087433243624, 0.048694563095814825, 0.3481081646530133, 0.7122565933848396, -0.2629636466611288, 0.5238345339192144, -0.2822804678515699, 0.23714623722989872, 0.37690276892048846, -0.11859190298651276, 0.7253482001302365, 0.14890352766687556]], "inverted": false, "swapped": true, "error_lsq": 0.04815172329847178, "error_max": 0.28924393579987234, "target": "511.xyz", "model": "12.xyz", "model_rescale": 4.124412569039231, "target_rescale": 4.0800104254192116},
{"mapping": [2, 4, 6, 8, 11, 13, 0, 12, 3, 5, 7, 9, 14], "R": [[-0.7005168805471214, 0.38732809640484833, -0.5993772149522594], [-0.46875415504154516, 0.38355334512947953, 0.7957112375549774], [0.5380944547194455, 0.838369713894403, -0.08712393829941162]], "T": [0.044608419055632426, 0.10447519190376249, -0.030303871390306193], "aligned_model": [[-0.3991433622913325, -0.12279356872284106, 0.589596361987079, -0.5096967916188772, 0.7403303506832295, 0.2932407448258786, -0.5163652026505534, 0.3291950076279553, 0.019125881281765594, -0.23768307187588775, 0.6243809806287826, 0.49059802663666385, 0.06651295099789498], [-0.22264212903914798, 0.39467902744083366, 0.5024189082921273, -0.1380668139739571, -0.10358605899793775, -0.5401743870784581, 0.5678111933855665, -0.5988527219396953, 0.7003223558844255, 0.2740524065245574, -0.05766067891098402, 0.5635044991446274, 0.00567977577651993], [0.5188074618594051, 0.5456276212499628, 0.1958315011983951, -0.18807871130077902, 0.4419420918732784, 0.22912763765265512, 0.03121554797910963, -0.3822620830560925, -0.07745239939240935, -0.5615233257864609, -0.3070977499036591, -0.461588443606583, -0.032851067798983405]], "inverted": true, "swapped": true, "error_lsq": 0.048334042492326056, "error_max": 0.2734080658372959, "target": "511.xyz", "model": "13.xyz", "model_rescale": 3.9028299243045295, "target_rescale": 4.0800104254192116},
{"mapping": [13, 7, 4, 14, 10, 12, 9, 1, 5, 11, 8, 6, 2, 3, 15], "R": [[-0.16421489232597508, 0.9497718705718045, -0.2663960641768268], [0.7518918423295117, -0.05428987853793216, -0.6570473852977953], [-0.6385077341557432, -0.308197993112986, -0.7052105149984836]], "T": [-0.06380830753731506, 0.04043432492254523, 0.1495779931993316], "aligned_model": [[-0.10812136409464869, -0.28585773021240113, -0.722594598752502, 0.28602581159320195, -0.3861596235038053, 0.27774642816078865, 0.3013126869387912, 0.5365502793085744, -0.3721648993035799, 0.6199845490714001, -0.2818301790763842, 0.24903898372656194, 0.07483164642241505, -0.3355764546799751, -0.03719013895012846], [0.2129991813244303, -0.8377217948915083, -0.11878318573798799, -0.33884844207431897, -0.41490493889213925, 0.5037690257264977, -0.6396172286976276, 0.09773508844621603, 0.2978668305094833, -0.06655628923763895, 0.7813589894063917, -0.332495186475805, 0.5138086866692211, -0.17903425933369319, -0.07023446501183052], [-0.6256052594247025, 0.162377952572582, 0.14587925169572352, -0.569317913406298, -0.34449526652269324, -0.24144835695369385, 0.07843025763992983, 0.3914146021790663, -0.1678279787619358, -0.10895058562793422, 0.15164309555146735, 0.6050540234427239, 0.6962455762539292, 0.6659742170055857, 0.14567682073768673]], "inverted": false, "swapped": false, "error_lsq": 0.04378775108318901, "error_max": 0.2779274729568932, "target": "511.xyz", "model": "14.xyz", "model_rescale": 3.942246331269136, "target_rescale": 4.0800104254192116},
{"mapping": [7, 1, 0, 9, 2, 6, 5, 4, 8, 10, 11, 3, 13, 12, 14], "R": [[0.9937635370898426, 0.070967552547817, 0.08600952758885798], [-0.10726972191513678, 0.3977914432791217, 0.9111833923059414], [0.03045060115884279, -0.9147270489819825, 0.40292330132393556]], "T": [0.05860932990147906, -0.013436480053875231, 0.08960273476192378], "aligned_model": [[-0.30060117681656867, -0.29622487282920335, -0.6143234140920927, 0.4104860980169659, -0.2685933346262719, 0.0740539280856086, 0.1149957858722763, 0.48649029265670335, -0.5021523221820752, 0.7397637040343645, 0.183580880840452, 0.2407412173685206, -0.049839863906372475, -0.37628533309935425, -0.02609619267464451], [0.033665746263173625, -0.650692342310941, -0.20300590493398646, -0.14891894532228775, -0.5184395483073395, 0.3656207890448278, -0.6370258094330978, 0.1062669267450995, 0.4829167272439318, 0.14876321886247798, 0.6896109862804163, -0.4846422030824547, 0.4189718918897466, -0.13165680003311614, -0.0620927211767591], [-0.6848187914551488, 0.4426453531128863, -0.13830610245191427, -0.621726688077983, -0.3800335457999739, -0.32133088575212615, -0.014014223582447763, 0.4720330591806161, -0.10538646864558444, -0.04722011535545807, 0.15454421760140857, 0.6008180246872675, 0.769449495981546, 0.7714875096323898, 0.08690959730595879]], "inverted": false, "swapped": false, "error_lsq": 0.049046143367006786, "error_max": 0.34482006890551864, "target": "511.xyz", "model": "15.xyz", "model_rescale": 4.355366556412066, "target_rescale": 4.0800104254192116},
{"mapping": [0, 8, 5, 6, 9, 4, 7, 1, 10, 2, 13, 14], "R": [[0.6142113525642412, -0.6918944340697696, -0.379508242973033], [-0.05277394325473578, 0.4438224877321283, -0.8945593945046972], [0.7873749585137637, 0.5694766821271422, 0.23608681288651143]], "T": [-0.056320900393484696, -0.0179606321425232, -0.09982672923668863], "aligned_model": [[-0.20181857878175635, 0.4462355680716792, 0.04655024465187799, -0.7022013163128211, -0.5655105854493763, -0.35039979768752183, -0.13067549010360555, -0.22268637462605784, 0.6246031137643546, 0.3134857325048612, 0.32181094533522536, 0.018415093264921217], [-0.649449273547817, -0.3721130888593115, -0.539904195690833, 0.2777543100132742, -0.10476265671343801, -0.049845265103147414, 0.38109528628826805, 0.4882045008695389, -0.12841003948537733, 0.05200985954274331, 0.6098498102608133, 0.048347180166266844], [0.236638447027617, 0.014133021158621986, -0.4278990844990351, -0.14340915008640626, -0.6732482935078274, 0.49719902249831754, -0.6235297785831768, 0.6016655236388334, -0.4845498190583108, 0.5811959032583386, -0.012842956960994426, -0.11609437367655687]], "inverted": true, "swapped": true, "error_lsq": 0.04947293883098123, "error_max": 0.2576785430504353, "target": "511.xyz", "model": "16.xyz", "model_rescale": 3.795458400668931, "target_rescale": 4.0800104254192116},
{"mapping": [7, 9, 6, 10, 11, 3, 5, 13, 8, 0, 4, 2, 14], "R": [[-0.09743102563697598, 0.7145690256703401, -0.6927469255044499], [-0.0938738469870467, 0.6863570837708322, 0.721180736299474], [0.9908051756501778, 0.13529619769283907, 0.0002068687524645063]], "T": [-0.08693756803623695, 0.06008622795965576, -0.02003035807769008], "aligned_model": [[0.22334667997563465, -0.11592393936063715, 0.3725332070997156, -0.4534849590752402, 0.7767947691244664, -0.27285632958481576, -0.663251613820921, 0.4087816303767152, -0.5479692041693539, -0.5833236449244662, 0.06821098607492843, -0.015263956431053896, -0.04896182438074996], [-0.2690293308427793, 0.22036479927015099, 0.4603550353523009, -0.6392800344222352, 0.024947878403416522, 0.5658717931813697, -0.007547622485604512, -0.41306963503494537, -0.17073101810903674, 0.5532268919202122, 0.5987613953013227, 0.07025627723325503, -0.030345164296941292], [-0.5042263404342988, -0.7744119505520811, -0.38769835330422614, -7.336317382362553e-05, -0.07540622129027022, -0.27987908785244714, -0.25225182393533474, 0.25398027423944936, 0.33373089009197765, 0.18870258541448046, 0.34010401425311343, 0.7546980491141394, 0.005006358265616934]], "inverted": true, "swapped": true, "error_lsq": 0.047323190607327786, "error_max": 0.28270265013796053, "target": "511.xyz", "model": "17.xyz", "model_rescale": 3.7474275329858107, "target_rescale": 4.0800104254192116},
{"mapping": [13, 10, 7, 8, 1, 4, 11, 9, 2, 6, 0, 5, 3, 14], "R": [[-0.41361688729486346, 0.2221751543953081, -0.8829265378919864], [-0.8282930191136908, -0.494407595920667, 0.2636129806809092], [-0.3779573322903464, 0.8403566682459107, 0.38852146028578305]], "T": [0.0022200020164088625, 0.010984335613224691, -0.025058074414990132], "aligned_model": [[0.510752364833748, 0.00899537456443374, 0.5843304390104452, -0.4031338133134162, 0.18913276702214885, -0.248771163689059, 0.7391416336855464, 0.19394516339885964, -0.2385519639430545, 0.33611324761440314, -0.6991669587867357, -0.3466439831806803, -0.27507102957039103, 0.0637755702366286], [-0.42403964995383364, 0.21011151730320332, 0.3229951037064451, -0.07662317584965157, -0.7642954388739969, -0.417764644847715, -0.33053180062726367, 0.6822477205679917, -0.7099509226088727, 0.09953366245046237, 0.016441867925296103, 0.4842585427559633, 0.29008491147093746, -0.02205945190773241], [-0.33625702835434707, -0.7893688098623937, -0.07831063000534233, -0.49301854244376664, 0.3490767719800962, 0.4189199907852796, 0.27601995128371487, 0.30398287701815446, -0.1915689007086571, 0.5971818980636134, 0.1778774819452541, -0.23705918522729985, 0.4256288885708301, -0.09831004438348115]], "inverted": true, "swapped": true, "error_lsq": 0.038875708806016436, "error_max": 0.23018058938774102, "target": "511.xyz", "model": "18.xyz", "model_rescale": 3.922800546911778, "target_rescale": 4.0800104254192116},
{"mapping": [11, 12, 7, 4, 13, 10, 8, 1, 9, 6, 2, 5, 0, 3, 14], "R": [[0.4007456170993934, 0.7764257728802327, 0.4863804782091483], [-0.6742404669674328, -0.10951168194632178, 0.7303471669150406], [0.620324707777439, -0.6206208268537409, 0.4796113491111468]], "T": [0.05230103809182349, -0.09667502493764288, 0.0794727927781797], "aligned_model": [[-0.29721872046758546, -0.41827027939241235, -0.7338385092781124, 0.29310192898952303, -0.16952859985607324, 0.1801595043386087, 0.43993195780485694, 0.6274477212411377, -0.4332365989108218, 0.6795068680764079, 0.013406569235972193, 0.16687635061090542, -0.053242822704587106, -0.43614919276703257, -0.042950780272478756], [0.0013713520154141345, -0.6548736530052633, -0.14095008127867306, -0.14071657007602226, -0.5752351721411851, 0.4914410510249826, -0.5695570445448634, 0.19892242085055403, 0.5455347375298778, 0.016076483737481537, 0.6082195418293616, -0.46391514878008655, 0.16798588596888833, 0.011758210776360661, -0.08672000217713721], [-0.5332803868233271, 0.37203213949451724, -0.05556553698654365, -0.6016603897469879, -0.3605107797067648, -0.45753031807561156, 0.05676773527455217, 0.4397663770142609, -0.04120450401074409, -0.18447363367602237, 0.20088050597040064, 0.7386699631202986, 0.8651303080882486, 0.4779798177496685, 0.06804913869549165]], "inverted": true, "swapped": false, "error_lsq": 0.04603914223714754, "error_max": 0.34953850607657067, "target": "511.xyz", "model": "19.xyz", "model_rescale": 3.9282355846067225, "target_rescale": 4.0800104254192116},
{"mapping": [3, 6, 11, 4, 0, 1, 2, 13, 8, 10, 7, 5, 12, 14], "R": [[0.13084669882746347, 0.06593219640198705, -0.9892078077348383], [0.8262308517178603, -0.558705023456963, 0.07205051306919041], [-0.5479249228457621, -0.8267415812946415, -0.1275799227265072]], "T": [-0.12422927531474043, -0.1313523813978889, 0.09179723724438638], "aligned_model": [[-0.6381259565143904, -0.11680217870559859, 0.5135902947062481, -0.329280446643222, -0.7881125939507563, 0.20154295991620635, 0.027620498831166573, 0.5923679981875001, -0.2500032813778307, 0.09061969461359298, 0.2560085080232151, -0.5250752370065962, 0.5300770661943246, -0.03190450718918317], [-0.4328661277623677, -0.8116466064372636, -0.6155986673092776, -0.16628202732878017, 0.08492787482018282, -0.21065059654338242, 0.4021938350093411, 0.0032518633689266607, 0.47011727844181733, 0.36370798190696746, -0.5208474072870632, 0.02900342122581323, 0.023440760490426427, -0.0958694951705042], [0.0378913187084544, -0.11713545934353098, -0.23839432953531292, -0.5411898975849245, -0.12183348031731323, -0.7227923757298369, -0.4538351687416523, -0.022508781337727143, 0.2075078201485665, 0.6685325294593737, 0.46962255120606666, 0.5437347969360715, 0.5892472932610362, 0.11333634011441215]], "inverted": true, "swapped": true, "error_lsq": 0.03874667033496533, "error_max": 0.22164230275248598, "target": "511.xyz", "model": "20.xyz", "model_rescale": 4.067790424073018, "target_rescale": 4.0800104254192116},
{"mapping": [10, 3, 11, 9, 12, 1, 0, 8, 13, 7, 5, 2, 4, 6, 14], "R": [[-0.10682969456026936, -0.5419830123708606, 0.8335717309635489], [0.6204069586924069, -0.6914733427329977, -0.3700808315702022], [0.7769701551322274, 0.47761808025980546, 0.41011991836868933]], "T": [-0.026154312741108514, -0.03125536818512323, 0.12321043259203335], "aligned_model": [[-0.33058059201977824, -0.37240362657342824, -0.61331162468577, 0.17511169012541913, -0.17784442478615248, 0.3156858204927056, 0.4741221953147062, 0.46486478091638833, -0.46056139144981484, 0.6479223389427594, 0.020392134230657742, 0.08005961045052923, 0.165020286841658, -0.5200955793385648, -0.05238622181300658], [0.165457106745059, -0.7827858443402708, -0.22101588697318714, -0.10392622127130816, -0.5892031055884768, 0.495210549578868, -0.5184295457524762, 0.2293608927585329, 0.4445320779641132, -0.04340612824141979, 0.5366810125619107, -0.41606381006793114, 0.2579916500909667, -0.01629458220124856, -0.02876615353344164], [-0.611579104789288, 0.3208423448215233, -0.0698426443540546, -0.6239581177838154, -0.37948062475027466, -0.4052628988282242, 0.2529901140526242, 0.25028250238147154, -0.15072441574193274, -0.1963783405110059, 0.2773136984761495, 0.7511937103271165, 0.8458866599781558, 0.6739872501236146, 0.04978030297937658]], "inverted": true, "swapped": false, "error_lsq": 0.05097168882911278, "error_max": 0.26701717834321365, "target": "511.xyz", "model": "21.xyz", "model_rescale": 4.186013935880536, "target_rescale": 4.0800104254192116},
{"mapping": [0, 2, 8, 9, 6, 5, 3, 4, 10, 13, 11, 7, 14], "R": [[0.4774252622228752, 0.8636420904607203, -0.16182539533724732], [-0.437339044741901, 0.3932998640408931, 0.8087334399477103], [0.7621021446864329, -0.31533721082367117, 0.5654756975629343]], "T": [0.01897669476969703, -0.025499376157391916, -0.012756779385948883], "aligned_model": [[0.022084502796826028, -0.49131518984471806, 0.224604792237042, 0.41461868931794854, -0.2504578138652514, 0.5785801386711956, 0.08106188906695119, -0.531671672690794, 0.559051609075789, -0.27704016835113504, -0.52289394369931, 0.23467122293778864, 0.017279979770892726], [-0.5046243105732908, 0.2767130818788993, 0.20623573518641206, -0.46230389477319006, -0.4144181650659062, -0.18960259033805263, -0.620508401265615, -0.333668592255604, 0.5207614895341849, 0.6190094072246007, 0.18924013166150214, 0.15825723973838066, 0.07386552859377224], [-0.5637431061029359, -0.5164575478160541, -0.555886335760218, 0.4855305291768822, 0.5188967612587478, -0.23759704928659311, -0.01674111581688054, -0.22666537096181233, -0.19656807945279914, 0.19139577601258223, 0.6280223518597995, 0.5861993889379868, 0.006493359286640143]], "inverted": false, "swapped": true, "error_lsq": 0.05440816677168863, "error_max": 0.30349911935244644, "target": "511.xyz", "model": "22.xyz", "model_rescale": 4.166573947596378, "target_rescale": 4.0800104254192116},
{"mapping": [0, 3, 8, 1, 4, 5, 2, 12, 7, 6, 13, 11, 14, 9, 15], "R": [[0.5050943618395641, 0.7074231970829327, -0.4944007543146006], [-0.3769749052605872, 0.6961432982657795, 0.6109618884050083], [0.7763823841649521, -0.12221672761371317, 0.6182988476859232]], "T": [-0.04335210590723351, -0.05484734777072596, 0.15495417029114328], "aligned_model": [[-0.31293016076152014, -0.16913978367536542, -0.8168161433704401, 0.25696632546994047, -0.3195304126136872, 0.18610764016841544, 0.33761804245143634, 0.45365901097646255, -0.3833867819689868, 0.68204161825715, 0.06271692623181249, 0.2013061712557785, 0.037509154504954595, -0.38690890188393845, -0.013217308393703688], [-0.006073862686705164, -0.6353092472202829, -0.24233164431620774, -0.11187545462449149, -0.5430072677973165, 0.545119114872097, -0.5455085919760168, 0.004216644425179987, 0.4431037617271587, -0.023562036331835998, 0.785126030706205, -0.534846318837779, 0.47574654080455037, -0.160085500859887, -0.04137015615497852], [-0.6142691928042276, 0.24805677726418984, 0.011141230952753822, -0.4889834786089428, -0.31968142545466965, -0.3727298732766932, -0.10373971963202622, 0.577887675406451, -0.2295074783496805, -0.07293353494536536, 0.15226664970869114, 0.7310068090461457, 0.7362538737070021, 0.6359352773574158, 0.09434684601039264]], "inverted": false, "swapped": false, "error_lsq": 0.03542562590890411, "error_max": 0.2757665923089572, "target": "511.xyz", "model": "23.xyz", "model_rescale": 4.274766983524099, "target_rescale": 4.0800104254192116},
{"mapping": [10, 3, 9, 7, 6, 11, 13, 1, 2, 4, 14], "R": [[-0.820282733145174, 0.3729188035256287, -0.4336678494895573], [0.32661592263977135, -0.3170194859900729, -0.8904047869260145], [-0.46952984652954133, -0.8720264970054545, 0.1382443913449723]], "T": [0.08491176103909207, 0.1407548800240759, -0.13061906300853776], "aligned_model": [[0.3513475641077334, -0.003154459228835005, -0.4746999436329218, -0.4782752766093361, -0.5006715977892932, -0.515274183506396, -0.01726953108493251, 0.05941672938404577, 0.6289804237405014, 0.24823205345824065, 0.08126292511926811], [-0.35615757970960815, 0.7306458739954665, 0.5054883620687224, -0.12767980009112886, 0.4355888752293807, -0.1846194796331719, -0.5351100953761815, 0.03731465860193536, -0.09322265119373077, 0.46373978326272836, 0.039598584089071034], [-0.6837541375479285, -0.1773003475573418, -0.5171746790300337, -0.35378334795720257, 0.14628039748932753, 0.4025254747491348, 0.1476997102556073, 0.7438076735973199, 0.37404760575834994, 0.4287967128250564, -0.1315786285607122]], "inverted": false, "swapped": true, "error_lsq": 0.04434280940566855, "error_max": 0.24905419704999376, "target": "511.xyz", "model": "24.xyz", "model_rescale": 3.7841303162186577, "target_rescale": 4.0800104254192116},
{"mapping": [1, 10, 7, 8, 0, 4, 9, 12, 6, 2, 3, 14, 13, 11, 15], "R": [[-0.9055036136858114, -0.23508297994960792, 0.35326929974164056], [0.4078890515254865, -0.7117519160225643, 0.5718703801420807], [0.11700310785434678, 0.6619253753832234, 0.7403817057276625]], "T": [-0.019156564666664638, -0.08558273508369263, 0.0356062654141779], "aligned_model": [[-0.09964021045848215, -0.30009333764503276, -0.6494542521847457, 0.19278225196734158, -0.43658623989401996, 0.14672362030334427, 0.42794195499659576, 0.5827218327839657, -0.44739139483306234, 0.6724646079960636, 0.00606588326855469, 0.2924200396774003, 0.034926658765004906, -0.5540372574655245, -0.052848760629095035], [-0.021788441020266613, -0.7423724322687522, -0.2420878614840375, -0.3048927993893341, -0.41224242000714284, 0.5175700162355593, -0.4355586511129487, 0.07477897689965163, 0.4875306187797739, -0.0014960054603948836, 0.6742681629792965, -0.44593933719237216, 0.17269813705466175, 0.11386008417682675, -0.024986036460830523], [-0.7009323042535688, 0.343757086502257, 0.0034110698093884756, -0.47079556844594506, -0.4746641196140834, -0.3710814104117407, 0.17617824142834604, 0.46827059539778976, -0.06530194088617486, -0.25315419474806955, 0.30205012153808103, 0.6699264536887356, 0.7720612832541893, 0.5489801793201275, 0.036344943802104034]], "inverted": false, "swapped": false, "error_lsq": 0.04872435018509925, "error_max": 0.3646565439172385, "target": "511.xyz", "model": "25.xyz", "model_rescale": 4.19342608120988, "target_rescale": 4.0800104254192116},
{"mapping": [0, 8, 5, 6, 9, 4, 7, 1, 10, 2, 13, 14], "R": [[0.6142113525642412, -0.6918944340697696, -0.379508242973033], [-0.05277394325473578, 0.4438224877321283, -0.8945593945046972], [0.7873749585137637, 0.5694766821271422, 0.23608681288651143]], "T": [-0.056320900393484696, -0.0179606321425232, -0.09982672923668863], "aligned_model": [[-0.20181857878175635, 0.4462355680716792, 0.04655024465187799, -0.7022013163128211, -0.5655105854493763, -0.35039979768752183, -0.13067549010360555, -0.22268637462605784, 0.6246031137643546, 0.3134857325048612, 0.32181094533522536, 0.018415093264921217], [-0.649449273547817, -0.3721130888593115, -0.539904195690833, 0.2777543100132742, -0.10476265671343801, -0.049845265103147414, 0.38109528628826805, 0.4882045008695389, -0.12841003948537733, 0.05200985954274331, 0.6098498102608133, 0.048347180166266844], [0.236638447027617, 0.014133021158621986, -0.4278990844990351, -0.14340915008640626, -0.6732482935078274, 0.49719902249831754, -0.6235297785831768, 0.6016655236388334, -0.4845498190583108, 0.5811959032583386, -0.012842956960994426, -0.11609437367655687]], "inverted": true, "swapped": true, "error_lsq": 0.04947293883098123, "error_max": 0.2576785430504353, "target": "511.xyz", "model": "26.xyz", "model_rescale": 3.795458400668931, "target_rescale": 4.0800104254192116},
