[{"mapping": [6, 3, 4, 2, 9, 0, 1, 5, 8, 7, 11, 11, 12, 13], "R": [[0.7338528999895563, -0.44979091119841214, 0.5090658674279984], [0.22727152295004588, -0.5436373141438943, -0.8079641857943826], [0.6401621482350273, 0.7086230358051556, -0.2967251541298784]], "T": [0.06441844496498435, 0.17314077971045358, 0.05319025133154264], "aligned_model": [[-0.6192411859934305, -0.209642127266845, -0.29369881431186423, 0.07926864239671293, 0.6287215619164517, 0.6380733137314806, 0.2646912991774633, -0.48023803000575654, -0.409800238661512, 0.11733130213030514, -0.09253148800417892, -0.09253148800417892, 0.5777748789582998, 0.08061981254825373], [0.0005792776563600943, 0.3901373671266013, -0.6011547357787181, 0.006789671647658091, -0.2853105357230977, 0.35181999139103726, 0.7143753531217845, 0.538594089810099, -0.3965397939487033, -0.5786427396299374, -0.06274252300276234, -0.06274252300276234, 0.28108981451470894, 0.020363467943577823], [-0.24240799154938547, -0.335401551972954, -0.3776492894634923, -0.6973862110573484, -0.03696270391858494, -0.43096495666928625, 0.053006314349080354, 0.4302770620943385, 0.3004953578652064, 0.11163896449314367, 0.6909893003159081, 0.6909893003159081, 0.29800035229982835, 0.10737946569305418]], "inverted": false, "swapped": false, "error_lsq": 0.04682750597442153, "error_max": 0.3074608166034329, "target": "512.xyz", "model": "0.xyz", "model_rescale": 3.8414455957264533, "target_rescale": 4.256917921726092},
{"mapping": [5, 4, 6, 2, 9, 7, 0, 1, 10, 8, 12, 11, 13, 14], "R": [[0.08500045050890354, -0.3820448657795026, -0.9202264090672498], [0.9888590975959934, 0.14561507183272654, 0.030885853667783042], [0.122199052839706, -0.9125995679303558, 0.39016588792256945]], "T": [0.009490562347131045, 0.04243191102939616, -0.012503985187672803], "aligned_model": [[-0.5435547103752609, -0.12247631251311604, -0.14929103562859677, -0.08906410365979985, 0.5994304076588388, 0.47654354530332477, 0.30485433841875215, -0.4859864851186976, -0.4905368303987148, 0.25356523763329014, -0.11919150025182358, 0.0016339066810430927, 0.6138885853001468, -0.061017604438185206], [-0.13327821359022374, 0.467956387753747, -0.5807222120062128, 0.013071194062452125, -0.22459818061419737, 0.3140645093438868, 0.6944605218520605, 0.6188659913630815, -0.3803263189227528, -0.6170840282321844, -0.24928155984073533, 0.3012262536634244, 0.02280795432770462, 0.0694538829657953], [-0.32489742847364556, -0.32448298848160956, -0.45578100565189467, -0.7432773110048375, -0.22738904531018078, -0.36040087333092946, 0.10210971364691986, 0.4006837900830209, 0.18656732344797072, 0.34773021119634945, 0.6807735361162078, 0.7994252994870086, 0.44484154153494193, 0.03610064953609553]], "inverted": true, "swapped": false, "error_lsq": 0.046096959393029414, "error_max": 0.2368280537970142, "target": "512.xyz", "model": "1.xyz", "model_rescale": 4.316132596720782, "target_rescale": 4.256917921726092},
{"mapping": [3, 1, 5, 9, 4, 2, 12, 8, 6, 0, 7, 13], "R": [[0.40754674839794214, -0.9128693307478843, -0.02398401238688974], [0.2682134117205135, 0.1447659147263992, -0.9524202831243522], [0.8729073339384353, 0.38172295570654247, 0.3038426754805096]], "T": [-0.04927948970807391, 0.07463067051154884, -0.035531203855028295], "aligned_model": [[-0.07151718950912861, 0.37618406348196876, 0.1276253041416392, -0.7715890048904245, -0.6618003033504827, -0.4550229355715666, -0.22670310911539762, -0.10417793794277072, 0.5562065597862366, 0.2001887655305419, 0.6534184287879388, -0.025004086716773937], [-0.6577703183283455, -0.23203824158304429, -0.5272460815744848, 0.313724351743755, -0.1533595519653562, -0.21130078783924208, 0.3792829329007581, 0.5282463693077429, -0.05982339399171155, 0.05926088835403248, 0.41095235348010495, 0.16284790723677106], [0.05384382182634119, 0.16068239141606855, -0.500240288644424, 0.05896605204506694, -0.536441664071302, 0.46090046620696273, -0.7186318035977899, 0.36381339608908747, -0.44908919988076057, 0.7096586872972409, -0.04425198841978152, -0.10995140905728862]], "inverted": true, "swapped": true, "error_lsq": 0.05007388918595567, "error_max": 0.2855985627770054, "target": "512.xyz", "model": "2.xyz", "model_rescale": 3.795458400668931, "target_rescale": 4.256917921726092},
{"mapping": [4, 5, 3, 7, 9, 8, 1, 12, 6, 11, 2, 13], "R": [[-0.18759947670597127, -0.1613885626609182, -0.9688963660690904], [0.5921927552666971, 0.7683928880647242, -0.2426522412449346], [0.783654373400215, -0.6192948420694259, -0.048576966114831005]], "T": [0.013615423771468557, 0.08962080766762985, 0.08234708297089578], "aligned_model": [[0.022731994596969757, -0.23926482488627737, -0.6568240527816119, 0.3698546067099259, 0.09954244349252948, 0.18606020912452192, -0.308725085687192, 0.6106482162579826, 0.1713787849621486, 0.7337951409849806, -0.5253805155577679, 0.12948690852735545], [-0.11531701839324872, -0.634655244606107, -0.20151443333077035, -0.06746413681991077, 0.6071760033052371, 0.636025192247139, -0.11283877042078246, -0.18020831439308488, -0.5574140378383983, 0.14771876801732967, 0.49626698690936244, 0.0679940506129434], [-0.7151426996784688, -0.06250195643222788, -0.020826550723363882, 0.7571734724456571, -0.4767412126060664, 0.2822525502155165, 0.49304349993819857, -0.3197258714230523, 0.4172770730244925, 0.35749275789947316, -0.10987988722585688, 0.0863502552047986]], "inverted": true, "swapped": true, "error_lsq": 0.043553251849427134, "error_max": 0.2375560889244119, "target": "512.xyz", "model": "3.xyz", "model_rescale": 3.7530521520055578, "target_rescale": 4.256917921726092},
{"mapping": [9, 11, 12, 6, 4, 7, 2, 8, 0, 1, 13], "R": [[-0.6883536726416751, -0.5742955365577249, 0.4431183341395302], [0.6145208750111377, -0.7862666863478175, -0.06441111794689289], [0.38540020178544715, 0.22796783683120192, 0.8941461568637642]], "T": [0.006829375782097642, -0.08899593251050664, 0.08210398975836164], "aligned_model": [[-0.39123567892205824, -0.254674159640355, 0.22355740929821952, 0.524184409562946, 0.36467298280811145, -0.05539352653831283, -0.23079156591611616, -0.5926024601165845, -0.43521160126770614, 0.18304664317317373, 0.0026471500038870374], [-0.742115618421928, 0.21860105034924643, -0.3748630842417444, 0.3934453674063012, -0.8171549437782354, 0.6283390801085604, -0.4070051709218114, -0.004729291979497216, 0.31269134182100455, 0.33166658826581547, -0.07167196029336564], [0.02913755133626389, -0.5772436708969005, -0.597769161734388, -0.153088758485905, -0.05862619557698695, -0.2154384127231725, 0.6610991176548272, 0.039234901568665465, 0.593010754931691, 0.4069968182340294, -0.03448216706280752]], "inverted": true, "swapped": true, "error_lsq": 0.05510244361176137, "error_max": 0.2721661605172003, "target": "512.xyz", "model": "4.xyz", "model_rescale": 3.7855080009869324, "target_rescale": 4.256917921726092},
{"mapping": [15, 8, 9, 10, 0, 7, 6, 13, 14, 2, 12, 11, 1, 16], "R": [[0.8484639525377329, 0.153265129850303, 0.5065754842232476], [0.4810604587242777, -0.6223892435555509, -0.6174240557010529], [0.2206575543597714, 0.7675554895109011, -0.6018046312763351]], "T": [0.08483925459417349, 0.020601492302871127, -0.008308948797736505], "aligned_model": [[-0.6785563019341098, -0.3446515469011253, -0.19529333337434854, -0.03629571759192479, 0.7981302378990719, 0.4391387367788334, 0.22408607802083555, -0.4177739191259251, -0.38476206298358406, 0.16527848317485433, -0.10866275103902653, 0.09877945874684566, 0.5749206602328573, 0.05445941670794713], [-0.012183316730323041, 0.4821633450041918, -0.5386108547167134, 0.022106913096040914, -0.2889826563662595, 0.4947119778792633, 0.6438732839124891, 0.42106417676796726, -0.41410075716375094, -0.6932466739064622, -0.07964666358440713, 0.42558068507822955, -0.1229416124199922, -0.023171664724427502], [-0.31729193741585704, -0.32105194476322635, -0.34848728930157935, -0.7268410123105579, 0.053719362071206554, -0.46772226626481656, 0.12667128685283346, 0.3261716557661413, 0.21124959776960187, 0.16413238523679408, 0.636340214753479, 0.675967130301585, 0.5505466067111113, -0.0014003766112989438]], "inverted": true, "swapped": false, "error_lsq": 0.04462069683951809, "error_max": 0.28601262272523287, "target": "512.xyz", "model": "5.xyz", "model_rescale": 4.2253639853439635, "target_rescale": 4.256917921726092},
{"mapping": [11, 8, 12, 9, 0, 1, 10, 5, 6, 7, 3, 2, 4, 13], "R": [[-0.17555470739670964, 0.2834142074442052, 0.9427920935867191], [0.9132714386837768, -0.31068819832332745, 0.26345421368250993], [0.3675810441186005, 0.907275719085096, -0.20429132522772897]], "T": [0.029317402308253658, 0.0682051147179798, 0.007122731949220119], "aligned_model": [[-0.7085844969805466, -0.17604595102001974, -0.3697708527205785, 0.20132125555857003, 0.6230567682474574, 0.6229801033773993, 0.033768347005980325, -0.46037681027165145, -0.36326633341993547, 0.038306068678106674, 0.1970688386835664, -0.06601965085196893, 0.5742736324114106, 0.04208651991341074], [-0.09565817517263989, 0.5551067271581525, -0.6806429044120215, 0.004363109748349275, -0.4303611548132043, 0.45248947919654253, 0.829747431058214, 0.4221471176278561, -0.2602377764231956, -0.7124174559040533, -0.34036379513975795, 0.3202921506254197, 0.2148069960435826, 0.037344432532601876], [-0.17781887522826903, -0.5092275256391903, -0.38184895521084367, -0.5750587692631461, -0.19773792690569666, -0.1893356772239688, 0.17607824060042548, 0.19597691695070937, 0.3966368469997977, 0.14832762612520978, 0.562046487243604, 0.6215611622734948, 0.43425492210827943, 0.05814893996501076]], "inverted": true, "swapped": false, "error_lsq": 0.05099231953704817, "error_max": 0.27293009739938673, "target": "512.xyz", "model": "6.xyz", "model_rescale": 3.89814844738969, "target_rescale": 4.256917921726092},
{"mapping": [8, 0, 7, 9, 11, 1, 2, 10, 4, 5, 6, 12, 13], "R": [[0.31751783895426944, -0.38323206522979075, -0.8673612892708092], [0.02002254501788886, -0.9117811253850873, 0.4101880996354123], [-0.9480408850027607, -0.14760881942219356, -0.28183349125320256]], "T": [-0.15768979340749922, 0.09626110834648509, -0.06598127230540202], "aligned_model": [[0.15007234088027976, -0.14495855336034674, 0.4826651757098279, -0.32680441170907126, 0.6005822517913617, -0.23340886856335236, -0.6711335807261464, 0.27727163224377693, -0.5926336602863279, -0.5226496309416402, 0.08488426344011343, 0.10492854665824142, -0.06018370423249407], [-0.2662343222811316, 0.1579725325800646, 0.5077816742950544, -0.6468746409018648, 0.021711629308707805, 0.5679072150789946, -0.1950960236643417, -0.41421796258441407, -0.1914403577862382, 0.65025806445951, 0.7539332294850877, -0.06803694250280913, 0.08611716998386626], [-0.4429914615446227, -0.8494404161647513, -0.23202051015288266, 0.017541536355381, 0.06518740215448876, -0.35818223631680973, -0.44586999899604524, 0.1063302411283967, 0.5712975339433854, 0.34559758268959984, 0.18768519314093118, 0.6375500553692204, -0.00040989076999597973]], "inverted": true, "swapped": true, "error_lsq": 0.04510029183804162, "error_max": 0.23253777537978423, "target": "512.xyz", "model": "7.xyz", "model_rescale": 3.7474275329858107, "target_rescale": 4.256917921726092},
{"mapping": [9, 8, 7, 5, 0, 3, 2, 4, 11, 10, 12, 13, 1, 14], "R": [[0.3704293436332893, -0.070221288882797, 0.9262025005165172], [-0.7698157117697721, 0.5347726591871315, 0.3484278589583836], [-0.5197748274857196, -0.842073140275572, 0.1440380336530166]], "T": [0.052090901412769126, -0.02775508656601121, 0.06580103524872752], "aligned_model": [[-0.6260247575923683, -0.21155994865326216, -0.1981545553865693, -0.0935617301079785, 0.676961961674995, 0.4293024396955321, 0.3623474598745075, -0.2765691780636342, -0.41914881185387726, 0.19094177330847042, 0.007817048801208246, -0.37046135531105145, 0.6632075980433895, 0.053699494181839384], [-0.1034185870067215, 0.5034519775717433, -0.5067455784098533, -0.019693285022557933, -0.20507706267582243, 0.23096402933061821, 0.7519571234798884, 0.6555164020084522, -0.4135897957656583, -0.7733713857382567, -0.28391841629065034, 0.24574447792546072, 0.21587496768465497, 0.018921315034548185], [-0.27298300776611883, -0.27112269518017995, -0.34871428654107284, -0.6354419913182702, -0.04513278494256774, -0.4863858999830202, 0.13197681092731683, 0.25905856008366523, 0.19047928277835716, 0.07213581786143138, 0.6253211808008526, 0.8106227637537102, 0.429095130734669, 0.10309453158664396]], "inverted": true, "swapped": false, "error_lsq": 0.04663454442241794, "error_max": 0.26945461808711807, "target": "512.xyz", "model": "8.xyz", "model_rescale": 4.019505241142653, "target_rescale": 4.256917921726092},
{"mapping": [1, 5, 2, 0, 7, 8, 9, 6, 11, 12, 4, 10, 13], "R": [[-0.7115407214095284, -0.42246441402336743, 0.5614566952667861], [0.520732172234818, -0.8535367603792134, 0.01769190439057014], [0.47174972874991217, 0.3049570749552304, 0.827316974236075]], "T": [-0.019034725172443923, -0.05885613189813982, -0.07676892835953543], "aligned_model": [[-0.1752401589378081, -0.7914001278703477, 0.09306952706555671, 0.4042577003140904, 0.18246612947526464, 0.5866690229620017, 0.28625849941926457, -0.4275946007221303, 0.3676980441844259, -0.18267267071612314, -0.45450072447213324, 0.427844522783073, 0.0028456082560415555], [-0.5070193059519974, -0.1722886112919375, 0.276431141742255, -0.4060209734905413, -0.7537854237097856, -0.05767219993667748, 0.644433085270983, -0.6035093898650958, -0.31240859876154703, 0.20880376640987758, 0.6151391382483014, 0.2041413992044812, -0.07286579975425697], [-0.3739464234558728, -0.067270422775993, -0.6832703929424977, -0.6407535999054462, 0.2120967430783547, -0.11390003551320878, -0.07939181471190575, 0.226798402470543, 0.5428182343282326, 0.6250140670794853, 0.10808863063780393, 0.3821458978397805, 0.03827420791460319]], "inverted": false, "swapped": true, "error_lsq": 0.05494940589385837, "error_max": 0.3140377035645461, "target": "512.xyz", "model": "9.xyz", "model_rescale": 3.877068213659057, "target_rescale": 4.256917921726092},
{"mapping": [4, 3, 1, 5, 11, 12, 6, 13, 2, 8, 9, 14, 10, 15], "R": [[-0.5279565533963753, -0.773871832457162, 0.34983462472318916], [-0.7222543219054688, 0.19243155873963214, -0.6643182894440788], [0.446777989850319, -0.6034007641115725, -0.6605277781099583]], "T": [-0.011421041870554581, 0.01573993092312817, 0.027141139065246785], "aligned_model": [[-0.6361781070388102, -0.24825400327279273, -0.1713341494916371, -0.0016497010688384262, 0.6851440767563812, 0.5423877262246805, 0.18194652801951564, -0.4403265355873412, -0.48254503655752673, 0.14228857536770473, 0.07898726130012014, -0.012194104019680812, 0.5017767497693, 0.048748158210125986], [-0.030053167681927485, 0.43905919978017693, -0.5217904101689866, 0.018773477704612046, -0.22199114499343403, 0.27700428314073067, 0.6011432128236989, 0.5323627636865458, -0.18571475980635152, -0.7294224202784597, -0.2928720544375989, 0.23864990096868724, 0.21379182023626306, -0.02232451884811061], [-0.22912489728656188, -0.3820926422089834, -0.6349733077034347, -0.7544538716246825, 0.08132828993609967, -0.4009149347786885, 0.04185696658861557, 0.410259165384464, 0.4488205755602986, 0.15531820303648464, 0.6035353488810313, 0.7753604212732013, 0.4750409663205743, -0.027956870583001777]], "inverted": true, "swapped": false, "error_lsq": 0.037895224266853926, "error_max": 0.20644764713588182, "target": "512.xyz", "model": "10.xyz", "model_rescale": 4.260839863003843, "target_rescale": 4.256917921726092},
{"mapping": [11, 9, 4, 12, 5, 6, 7, 8, 2, 3, 1, 13], "R": [[-0.8808248055296667, -0.38315804790808, 0.27809633634209274], [-0.43477075366948087, 0.8871415395436099, -0.1547717046810084], [-0.18740878772698064, -0.2572349104213173, -0.9480021873093122]], "T": [0.07956198764989945, 0.001525603426232142, 0.0003591518808844854], "aligned_model": [[0.28975510612188843, 0.2796646119844655, -0.47313316317224247, -0.3211019506267585, -0.6386299863936816, -0.329179543018283, 0.27066325847715816, 0.6628768415449797, 0.32633354895868255, -0.2541935324826113, 0.07861249466314191, 0.06723096303739132], [0.1539151130909342, -0.7385003252489758, -0.6085071138574012, -0.2814904479299553, 0.23046602711594788, 0.5819703535742403, 0.6381865880168217, -0.08958202953421748, -0.3082878855786232, 0.10413070176594302, 0.48596913895832106, 0.004808385159898709], [-0.7278823127485362, -0.01177015657399915, 0.021823819256422468, -0.5914929363225526, 0.20356356889635543, -0.22709572453010962, -0.4059852662734729, -0.1399987184334236, 0.5799696627726318, 0.6507229466430298, 0.2812121224042976, -0.11688892769513787]], "inverted": false, "swapped": true, "error_lsq": 0.0407827914806328, "error_max": 0.28407348350428346, "target": "512.xyz", "model": "11.xyz", "model_rescale": 3.890672605050136, "target_rescale": 4.256917921726092},
{"mapping": [10, 12, 11, 9, 6, 5, 7, 7, 4, 1, 0, 3, 8, 13], "R": [[0.6226399437840016, 0.6487041598231414, 0.4376098872658245], [0.027147148267390453, 0.5409958820241934, -0.8405869901288107], [-0.7820374241336561, 0.5352628967722471, 0.3192351775625283]], "T": [0.07401165546389596, -0.14437013431803938, -0.015504176203871081], "aligned_model": [[-0.7180174099403125, -0.33696240451754167, -0.11776352895491762, 0.29875765333169735, 0.5637583367153569, 0.32302261172901425, -0.0709988014611096, -0.0709988014611096, -0.5231154707272493, 0.1783953458275318, 0.1153834469959491, -0.023107738835536212, 0.5974302318391491, -0.026986031929721196], [-0.10386773021733306, 0.40428448092881, -0.5090131528922741, 0.015819820074313123, -0.4284579384677868, 0.5295630112564028, 0.6694731408171997, 0.6694731408171997, -0.12174145722520427, -0.8284682187209298, -0.33110557910017435, 0.21029739889356505, 0.1573790668043897, -0.017019800842332178], [-0.4285296224654313, -0.30741269258490805, -0.38022312490471993, -0.7432739412914183, -0.12274526757332709, -0.3134636378612054, 0.19329060624039818, 0.19329060624039818, 0.3505343217234285, 0.3400406824182198, 0.543166378125478, 0.8317513461378496, 0.3771425598903081, 0.02843519870034663]], "inverted": true, "swapped": false, "error_lsq": 0.051911018695208255, "error_max": 0.34006439448442943, "target": "512.xyz", "model": "12.xyz", "model_rescale": 4.124412569039231, "target_rescale": 4.256917921726092},
{"mapping": [4, 9, 2, 12, 3, 5, 10, 6, 8, 11, 1, 0, 13], "R": [[0.49181941542276075, -0.1651283126745894, 0.8548954924237567], [0.6738072304106504, 0.6940311889870682, -0.2535833688543585], [-0.5514503412452866, 0.7007519882714853, 0.4526026646784323]], "T": [0.14443968541741703, 0.11330743392720868, -0.034706474644141776], "aligned_model": [[-0.21068346344928807, -0.20410329546897854, 0.5229810141435118, -0.5570228993922816, 0.7102684552030644, 0.33706724959514184, -0.4611890034944247, 0.18071152969355894, 0.05594013366539069, -0.37908953715115956, 0.624539894320619, 0.704300858193915, 0.043577371650687896], [-0.17845741670715518, 0.5665009088177871, 0.49227719433459205, -0.19495891886982405, -0.19232246382471038, -0.6243636654812373, 0.44018097083799024, -0.4915728649663542, 0.679701944849705, 0.20670643499697744, -0.04485456708696836, 0.5955478076553554, 0.09310001195231911], [0.6485456010333562, 0.47613598668048884, 0.4190746718564392, 0.027266655958490767, 0.32767700710503356, 0.1333454069012052, -0.11112089317409249, -0.4689018741980001, -0.23375983094345085, -0.5958954982630497, -0.2756492117288707, -0.3026212066294531, -0.09239873363025781]], "inverted": true, "swapped": true, "error_lsq": 0.04509208147209592, "error_max": 0.3061039058032797, "target": "512.xyz", "model": "13.xyz", "model_rescale": 3.9028299243045295, "target_rescale": 4.256917921726092},
{"mapping": [3, 6, 2, 1, 12, 11, 9, 7, 4, 8, 5, 10, 13, 15], "R": [[0.6462292198893148, 0.7568982997527012, 0.09743079180997175], [-0.6289283755081778, 0.45590499767280235, 0.6297616466391129], [0.4322463346772215, -0.46824736724132526, 0.770653949078103]], "T": [-0.009559827968073994, -0.048829266918115316, 0.026804608017018512], "aligned_model": [[-0.6216251980989984, -0.2934717101889541, -0.13860290566478564, 0.1917350413455575, 0.6467273708309355, 0.5356988723440644, -0.0034164226943877215, -0.4833959663302505, -0.45412360770853466, 0.1431617733505123, 0.13434187910282397, -0.019036222999039114, 0.5840980016864661, -0.03329346636420892], [-0.043478133522137544, 0.32298256698612615, -0.529247193391577, 0.07592158408296867, -0.27367595088000973, 0.347998019919708, 0.7185610952101987, 0.6673676575648618, -0.14581348198538455, -0.804846351768251, -0.3389933020473893, 0.33782267259429133, -0.08054293049633102, 0.06255992985877176], [-0.09167236567839654, -0.4481251400003057, -0.5160547380177389, -0.5782708885165294, -0.027705669589829347, -0.27498628398069536, -0.08237298651538005, 0.31519537621238847, 0.5291196303420228, 0.06707170951455926, 0.42328785492000137, 0.6637999593795585, 0.555213518452434, 0.027503436273327256]], "inverted": false, "swapped": false, "error_lsq": 0.044152822908898055, "error_max": 0.2516130907871971, "target": "512.xyz", "model": "14.xyz", "model_rescale": 3.942246331269136, "target_rescale": 4.256917921726092},
{"mapping": [9, 7, 10, 6, 13, 8, 0, 2, 5, 4, 3, 1, 12, 14], "R": [[-0.47185204828330574, -0.4182661059620123, 0.7761501846512848], [-0.87996946567877, 0.27818471551961027, -0.3850545461675442], [-0.05485785270924204, -0.8646772395840242, -0.4993234295939686]], "T": [0.04359723259408726, -0.07732193781649238, -0.01739507762427126], "aligned_model": [[-0.6728737574678108, -0.3007742804193163, -0.24778823334190436, -0.0187090884682728, 0.8091251140163366, 0.44654170627126594, 0.06687679238835359, -0.43359135533678705, -0.42013211880037044, 0.19004080701455955, 0.03436964907074085, 0.060331843872529094, 0.6258157534643214, 0.0495646063475558], [-0.059556385454689914, 0.5727006436027966, -0.6460288547234563, 0.03303220152811866, -0.3407696542518127, 0.43328001993564974, 0.6472470385698172, 0.4917699859262841, 0.008754383124734866, -0.6415673074095052, -0.3934240405612152, 0.17656343347567188, 0.028460728129045446, 0.006153990234406714], [-0.38415932299364386, -0.4531225300517052, -0.3346764495114378, -0.5621237032936086, 0.05671436830196327, -0.43663524526150077, 0.10579316622447438, 0.158881275068795, 0.4072524395209635, 0.04461636750003347, 0.6280057612683745, 0.7519576417508003, 0.5464381243990574, 0.03306151987285138]], "inverted": false, "swapped": false, "error_lsq": 0.047279609610144026, "error_max": 0.29506865239402785, "target": "512.xyz", "model": "15.xyz", "model_rescale": 4.355366556412066, "target_rescale": 4.256917921726092},
{"mapping": [3, 1, 5, 9, 4, 2, 12, 8, 6, 0, 7, 13], "R": [[0.40754674839794214, -0.9128693307478843, -0.02398401238688974], [0.2682134117205135, 0.1447659147263992, -0.9524202831243522], [0.8729073339384353, 0.38172295570654247, 0.3038426754805096]], "T": [-0.04927948970807391, 0.07463067051154884, -0.035531203855028295], "aligned_model": [[-0.07151718950912861, 0.37618406348196876, 0.1276253041416392, -0.7715890048904245, -0.6618003033504827, -0.4550229355715666, -0.22670310911539762, -0.10417793794277072, 0.5562065597862366, 0.2001887655305419, 0.6534184287879388, -0.025004086716773937], [-0.6577703183283455, -0.23203824158304429, -0.5272460815744848, 0.313724351743755, -0.1533595519653562, -0.21130078783924208, 0.3792829329007581, 0.5282463693077429, -0.05982339399171155, 0.05926088835403248, 0.41095235348010495, 0.16284790723677106], [0.05384382182634119, 0.16068239141606855, -0.500240288644424, 0.05896605204506694, -0.536441664071302, 0.46090046620696273, -0.7186318035977899, 0.36381339608908747, -0.44908919988076057, 0.7096586872972409, -0.04425198841978152, -0.10995140905728862]], "inverted": true, "swapped": true, "error_lsq": 0.05007388918595567, "error_max": 0.2855985627770054, "target": "512.xyz", "model": "16.xyz", "model_rescale": 3.795458400668931, "target_rescale": 4.256917921726092},
{"mapping": [8, 0, 7, 9, 11, 1, 2, 10, 4, 5, 6, 12, 13], "R": [[0.31751783895426944, -0.38323206522979075, -0.8673612892708092], [0.02002254501788886, -0.9117811253850873, 0.4101880996354123], [-0.9480408850027607, -0.14760881942219356, -0.28183349125320256]], "T": [-0.15768979340749922, 0.09626110834648509, -0.06598127230540202], "aligned_model": [[0.15007234088027976, -0.14495855336034674, 0.4826651757098279, -0.32680441170907126, 0.6005822517913617, -0.23340886856335236, -0.6711335807261464, 0.27727163224377693, -0.5926336602863279, -0.5226496309416402, 0.08488426344011343, 0.10492854665824142, -0.06018370423249407], [-0.2662343222811316, 0.1579725325800646, 0.5077816742950544, -0.6468746409018648, 0.021711629308707805, 0.5679072150789946, -0.1950960236643417, -0.41421796258441407, -0.1914403577862382, 0.65025806445951, 0.7539332294850877, -0.06803694250280913, 0.08611716998386626], [-0.4429914615446227, -0.8494404161647513, -0.23202051015288266, 0.017541536355381, 0.06518740215448876, -0.35818223631680973, -0.44586999899604524, 0.1063302411283967, 0.5712975339433854, 0.34559758268959984, 0.18768519314093118, 0.6375500553692204, -0.00040989076999597973]], "inverted": true, "swapped": true, "error_lsq": 0.04510029183804162, "error_max": 0.23253777537978423, "target": "512.xyz", "model": "17.xyz", "model_rescale": 3.7474275329858107, "target_rescale": 4.256917921726092},
{"mapping": [12, 10, 7, 11, 1, 3, 8, 5, 9, 2, 6, 4, 0, 13], "R": [[-0.22135534445711066, 0.1672866321997179, 0.9607377343310455], [0.7124777536518934, 0.700424849400939, 0.04219574496112888], [-0.6658657988149161, 0.6938445164652877, -0.2742307877311101]], "T": [0.021572577534733677, 0.012707492599500138, -0.017648242400136807], "aligned_model": [[-0.6844517803440066, -0.19093631168968225, -0.2044818675803204, 0.051854770895785406, 0.5985780955649886, 0.47364879724471975, 0.26579075291846255, -0.5196739889435043, -0.4712100502769207, 0.29435884779940796, -0.07059753196640262, -0.09335321616479395, 0.6623859333665477, 0.07688498778691964], [-0.05505229162593336, 0.5732887229983026, -0.5923211382302361, -0.006096550473937441, -0.2595578435213422, 0.37995650052547425, 0.6505649230844741, 0.46271598682841714, -0.26165136182050164, -0.5715869838592877, -0.30304293293410695, 0.3330474071464401, 0.00660161889437446, -0.04024987488629129], [-0.2546611978205847, -0.35974183571726753, -0.4052808335948364, -0.7390815785687607, -0.28495824168807704, -0.36599352952104874, 0.20673944087603807, 0.1489784243361184, 0.3423749048896728, 0.27903397706122873, 0.6800659907571255, 0.7395837056258289, 0.5194396015087855, 0.05550458465119355]], "inverted": true, "swapped": false, "error_lsq": 0.04422315936860673, "error_max": 0.27735561967848193, "target": "512.xyz", "model": "18.xyz", "model_rescale": 3.922800546911778, "target_rescale": 4.256917921726092},
{"mapping": [10, 4, 1, 6, 5, 8, 13, 11, 2, 0, 3, 7, 12, 14], "R": [[-0.9257750035289964, 0.1799830012620088, 0.3324857321714827], [0.23306980762253252, -0.42075214078415524, 0.8767246436597677], [0.2976896162375887, 0.8891421457125236, 0.3475732111398216]], "T": [0.03228164584146084, 0.01906869534290819, 0.006929152996352668], "aligned_model": [[-0.7398882144121637, -0.2722846021819526, 0.01151576849082972, -0.15860969980267967, 0.6984968676310939, 0.44796365433556906, 0.19068674158465035, -0.3977267000026603, -0.5037673294995184, 0.21435391513572447, 0.11625790341502232, -0.055973533024094996, 0.6265648496260646, 0.011207817315316594], [0.12678474744075865, 0.5586169162028317, -0.5461313879333284, 0.05632736712753419, -0.35332473517211915, 0.2132308798868701, 0.6787004460912728, 0.5409373107031634, -0.44678778069533337, -0.7497223049768709, -0.27322346615152504, 0.3059043765179656, 0.16366862129472112, 0.041635191789904796], [-0.1998354626893524, -0.3672289112278427, -0.47066970393092233, -0.6548412433256092, 0.010688321887872818, -0.39791670400238166, 0.11466738143651176, 0.23051265769913154, 0.10051442190606866, 0.2794226799987915, 0.5696569060687922, 0.7472988812179386, 0.5014313063594606, 0.09830288139695745]], "inverted": false, "swapped": false, "error_lsq": 0.046357365028998794, "error_max": 0.2946688078920457, "target": "512.xyz", "model": "19.xyz", "model_rescale": 3.9282355846067225, "target_rescale": 4.256917921726092},
{"mapping": [12, 10, 9, 11, 4, 0, 1, 2, 7, 8, 6, 5, 3, 13], "R": [[0.9383231816907818, 0.002738184926413055, 0.34574862117584404], [-0.06764393700586531, 0.9820990573135322, 0.17580028273645823], [-0.33907802124000175, -0.188345278590096, 0.9217115338026234]], "T": [-0.007955721490495808, -0.0735697153424996, 0.09847405750715088], "aligned_model": [[-0.7503246494535238, -0.36883384632771926, -0.2555763601207897, 0.24353214434140943, 0.5721433349310115, 0.5373523315474152, 0.2108487554398147, -0.42344688612136894, -0.5674768215669237, 0.19624118972514157, 0.11453560042388457, 0.03312492234945438, 0.6238881993302535, 0.022789524113141606], [-0.23123134236401166, 0.45852394850080286, -0.48874463304670207, -0.06774904922745256, -0.26440450763981244, 0.37019262576839335, 0.6390191943562424, 0.6160908865992598, -0.12799667610707158, -0.7960856142240225, -0.3333797069590647, 0.2584792907110948, 0.20639553586398768, 0.07750622989420268], [-0.2847041404993639, -0.4750045043443324, -0.39623659759481783, -0.5724083051401656, -0.06411441603119841, -0.28350905743462385, 0.17490993230573126, 0.27297780131480887, 0.36693563928528633, -0.023575016400045085, 0.6852778563777209, 0.7114552892990447, 0.3963797254295793, 0.05361920622779291]], "inverted": true, "swapped": false, "error_lsq": 0.045049799789458396, "error_max": 0.22599022353106377, "target": "512.xyz", "model": "20.xyz", "model_rescale": 4.067790424073018, "target_rescale": 4.256917921726092},
{"mapping": [0, 12, 2, 3, 6, 11, 10, 9, 8, 4, 5, 1, 13, 14], "R": [[-0.4636427221648735, -0.3325231488915855, 0.8212574393177638], [0.8132176322311225, 0.20825023017348346, 0.5434233379797908], [-0.3517278902958263, 0.9198153059630589, 0.17385998419455678]], "T": [-0.0070250682249474675, -0.024102186036473468, 0.04863892991272198], "aligned_model": [[-0.6169770038525141, -0.1617221483664643, -0.12886011018460797, 0.07378828609357918, 0.5503850797064648, 0.42602150106716874, 0.20855235969327934, -0.35349499934654044, -0.3385692622811714, 0.05448556553826362, 0.18389316501192943, -0.22549417271481753, 0.5123114375092651, 0.004477740737366799], [-0.19696115754192398, 0.5829143569915234, -0.5888633068309691, -0.005188836379069743, -0.4269417241376792, 0.33904657782915093, 0.7227516524959675, 0.6494466784766083, -0.3112429156975893, -0.8081877206953242, -0.27346963298550026, 0.3096617081777414, 0.27144111937613935, 0.05220938304677047], [-0.27157418929887656, -0.3925113809606995, -0.4203205891596228, -0.7980348582839746, -0.2244382317483368, -0.2654086749282405, 0.3075260442988743, 0.22282392757505573, 0.4130515332654936, 0.2032313327308134, 0.5484711272327023, 0.7657010015503003, 0.4134227748329199, 0.06006359568900785]], "inverted": false, "swapped": false, "error_lsq": 0.04985624351167194, "error_max": 0.3011824031273458, "target": "512.xyz", "model": "21.xyz", "model_rescale": 4.186013935880536, "target_rescale": 4.256917921726092},
{"mapping": [1, 0, 7, 5, 4, 6, 3, 2, 11, 10, 9, 12, 13], "R": [[0.36696430745342473, 0.8906278582016567, 0.2685502099242486], [-0.27953035671662585, -0.1697728290861959, 0.9450079185794927], [0.8872429073985908, -0.42185211235597586, 0.18665695425484913]], "T": [-0.058752374185122115, -0.03403961723336438, -0.020188427404861924], "aligned_model": [[0.0719868663945897, -0.4449205308647325, 0.4280204732044961, 0.3874216280174125, -0.10394280445735721, 0.6498668353732455, -0.1607680990482572, -0.7069905347731607, 0.30935739546659513, -0.11857180197997005, -0.6059498593660606, 0.3378356685323761, 0.015228798924048291], [-0.3441571688297492, -0.03783867021460868, 0.2890319223115959, -0.6490003149051846, -0.26152921422397457, -0.1885409406042336, -0.7637982089898844, -0.3016314828857586, 0.642361821521321, 0.6027392248163896, 0.22029170204368934, 0.25894571207427397, 0.05208227743221702], [-0.467736398992368, -0.704760071876072, -0.5356005601269276, 0.15941548221851026, 0.769924783544788, -0.19255322831275437, -0.06422033174514732, -0.051981923130181, -0.08885888431307695, 0.24515271848280873, 0.45279893790971826, 0.5695539674213684, 0.011745070254679156]], "inverted": false, "swapped": true, "error_lsq": 0.044075159590812166, "error_max": 0.24857996552833497, "target": "512.xyz", "model": "22.xyz", "model_rescale": 4.166573947596378, "target_rescale": 4.256917921726092},
{"mapping": [8, 7, 9, 10, 12, 13, 5, 0, 4, 11, 2, 1, 6, 15], "R": [[-0.568402088089206, -0.8193042554529718, -0.0752303346561881], [0.8185275215122337, -0.572368318267648, 0.04906327313280388], [-0.08325720859403242, -0.03369043247148879, 0.9959584288397855]], "T": [0.029022969353304076, -0.12187700266919405, -0.00015201278973945437], "aligned_model": [[-0.743693611867606, -0.20188526614861224, -0.11180027667831448, 0.054769312593760736, 0.6290013963896235, 0.453670253372352, 0.25599912626531235, -0.47319449214932596, -0.5803339047756894, 0.26231013972889605, 0.047479692069686025, 0.005567216385983571, 0.55496595339594, 0.0359419000291946], [-0.1551631312659417, 0.49278540576555235, -0.5524272890802947, 0.22049286720139744, -0.3852560744172427, 0.4504635387546197, 0.676191909306928, 0.4728825777870584, -0.10749757430942775, -0.8668540225021988, -0.2577395761492485, 0.3180325929985365, 0.07838975760285205, -0.06768479956674436], [-0.23654206962482627, -0.28345601573499296, -0.3941627112872948, -0.665780461038924, 0.006069472995587508, -0.45722326293974197, 0.05112972988784105, 0.24641324359357858, 0.41012953122166507, 0.11245199906280609, 0.6586423023823323, 0.5602303889319165, 0.5120831228982865, 0.04201814244718309]], "inverted": true, "swapped": false, "error_lsq": 0.040103607237066664, "error_max": 0.2313579357713358, "target": "512.xyz", "model": "23.xyz", "model_rescale": 4.274766983524099, "target_rescale": 4.256917921726092},
{"mapping": [7, 8, 0, 1, 2, 3, 5, 4, 12, 9, 13], "R": [[0.351243155214815, 0.08443698020760275, 0.9324691106348575], [-0.49418697907442527, -0.8291777785053893, 0.26123445665945516], [0.7952405143276056, -0.5525709076727512, -0.24951536298528176]], "T": [0.011506898897499826, 0.07898129052555909, -0.011602305405208117], "aligned_model": [[0.24911491911588157, 0.12002879419703487, -0.4750358811415413, -0.36887746011998174, -0.5031238838923374, -0.6156230799811573, -0.17757141209874577, 0.17170858189904525, 0.6823953599218356, 0.17117481849342736, 0.12570394756461362], [-0.14418537833188855, 0.6035433470330691, 0.4324272394762447, -0.17729683628665166, 0.4903526919127364, -0.21627326406475617, -0.6306281787024388, -0.033766018232803424, -0.1274848334383195, 0.6587703383722592, 0.060127423506032146], [-0.7192121963873981, -0.2967598029932452, -0.5176958726564919, -0.3328406792649813, 0.2307975157626254, 0.24222116976399655, 0.25336799060399673, 0.7882076988930156, 0.3017648651648903, 0.4639787822651315, -0.03426303712996241]], "inverted": false, "swapped": true, "error_lsq": 0.04261453608313875, "error_max": 0.22990873594018044, "target": "512.xyz", "model": "24.xyz", "model_rescale": 3.7841303162186577, "target_rescale": 4.256917921726092},
{"mapping": [5, 3, 14, 13, 10, 11, 6, 4, 2, 9, 8, 1, 0, 15], "R": [[0.5008429004848687, 0.6943370563410614, -0.5167711691121457], [0.8335150716824804, -0.5478144832489453, 0.07177685713961508], [-0.23325739926539021, -0.46668548738344223, -0.8531093960059435]], "T": [0.11031857575442855, -0.014029956755043427, 0.06924360188441145], "aligned_model": [[-0.7433749752204815, -0.31855640290865495, 0.15824830622343192, 0.015740600848906272, 0.7611610535950935, 0.4906980574557261, 0.1034051489614291, -0.4305189263437135, -0.5308757806979618, -0.023099831057739495, 0.0006432521716326078, 0.03743351475362677, 0.5660198100471465, 0.10187361078275928], [0.05749481879568796, 0.5001463413174572, -0.6134206418428778, -0.0034836319582464623, -0.41695051956689816, 0.35217622284171296, 0.7063944790856029, 0.4375288476691017, -0.3033990441168262, -0.5821658960243863, -0.20306730740096737, 0.2395974285431624, 0.09299942674046949, 0.05276565804285377], [-0.11898570760258029, -0.37874174922692794, -0.4481851467154965, -0.7072509434712475, -0.06973191530764794, -0.48810014580500727, 0.01477077364231047, 0.31479153066743737, 0.3411412967261217, 0.029724090749175716, 0.618510374133236, 0.7645114000118012, 0.6368799691868043, 0.052669585807437344]], "inverted": false, "swapped": false, "error_lsq": 0.044700282122462555, "error_max": 0.36251958016017094, "target": "512.xyz", "model": "25.xyz", "model_rescale": 4.19342608120988, "target_rescale": 4.256917921726092},
{"mapping": [3, 1, 5, 9, 4, 2, 12, 8, 6, 0, 7, 13], "R": [[0.40754674839794214, -0.9128693307478843, -0.02398401238688974], [0.2682134117205135, 0.1447659147263992, -0.9524202831243522], [0.8729073339384353, 0.38172295570654247, 0.3038426754805096]], "T": [-0.04927948970807391, 0.07463067051154884, -0.035531203855028295], "aligned_model": [[-0.07151718950912861, 0.37618406348196876, 0.1276253041416392, -0.7715890048904245, -0.6618003033504827, -0.4550229355715666, -0.22670310911539762, -0.10417793794277072, 0.5562065597862366, 0.2001887655305419, 0.6534184287879388, -0.025004086716773937], [-0.6577703183283455, -0.23203824158304429, -0.5272460815744848, 0.313724351743755, -0.1533595519653562, -0.21130078783924208, 0.3792829329007581, 0.5282463693077429, -0.05982339399171155, 0.05926088835403248, 0.41095235348010495, 0.16284790723677106], [0.05384382182634119, 0.16068239141606855, -0.500240288644424, 0.05896605204506694, -0.536441664071302, 0.46090046620696273, -0.7186318035977899, 0.36381339608908747, -0.44908919988076057, 0.7096586872972409, -0.04425198841978152, -0.10995140905728862]], "inverted": true, "swapped": true, "error_lsq": 0.05007388918595567, "error_max": 0.2855985627770054, "target": "512.xyz", "model": "26.xyz", "model_rescale": 3.795458400668931, "target_rescale": 4.256917921726092},
{"mapping": [6, 4, 5, 1, 0, 10, 12, 11, 9, 3, 8, 2, 13], "R": [[-0.5507479865453977, -0.04362702294439613, 0.8335306462183617], [0.6813971379353807, 0.5532455376803778, 0.4791840100109994], [-0.4820524823394879, 0.8318750254129277, -0.2749715373717413]], "T": [-0.10847140110005792, -0.04201677419309953, -0.09771835031791795], "aligned_model": [[-0.003949593044277402, 0.3552703410579635, 0.5393077987040839, 0.04725857882162478, -0.3268818486964018, -0.6303386060887043, -0.19417385778808693, -0.7657179354817142, -0.21038057549350375, 0.5685053008976981, -0.6247199663724957, 0.12438779846940988, -0.17889105216433998], [-0.5541384751123781, -0.32825934486836206, -0.40999169139203434, 0.1024323291033317, 0.6104842033875177, -0.2193635444115435, -0.7086273301115192, -0.44511211822374697, 0.17414317538226065, 0.1900859811486324, 0.26331305477201783, 0.5826195447315314, -0.13570428114879335], [-0.6292520018949266, 0.5195995298360319, -0.33113221641841906, -0.6158375080587186, -0.47761039430936914, 0.3214168602947617, 0.2753822081474253, -0.1549938003689505, 0.6307841904290601, -0.2786174240487137, -0.005423899153479961, 0.12236119901023293, -0.0845400813655087]], "inverted": true, "swapped": true, "error_lsq": 0.05765834985110688, "error_max": 0.2723969843383686, "target": "512.xyz", "model": "27.xyz", "model_rescale": 3.6321398670334006, "target_rescale": 4.256917921726092},
