[{"mapping": [15, 12, 10, 5, 9, 6, 3, 8, 4, 11, 14, 1, 13, 16], "R": [[0.09226807087630089, 0.9955663729872918, -0.018281139835756743], [-0.5856582694851821, 0.039411897599591586, -0.8095993414715832], [-0.8052893855505534, 0.08540667014073247, 0.5866981389224653]], "T": [-0.06842982710194098, 0.09173650694002179, 0.07757385112691989], "aligned_model": [[0.3406244787214374, 0.16781200601464769, -0.4841318769911428, -0.3026086739067171, -0.642179759794574, 0.005287994761594583, -0.7755488946655166, -0.04966341454769353, -0.3329557988161991, 0.07455785886934466, 0.6177202188733899, 0.15745850188629623, 0.5533959100508683, 0.04172355067256815], [-0.6225905842467903, -0.5511461910861888, -0.4738216305326437, -0.1948950851324704, 0.299165942755855, 0.5153986103736993, 0.10564323906874368, 0.5661133622843524, 0.6812651115836432, -0.07736588323820108, 0.31998671872071927, 0.6758481097755702, -0.1018481046852459, 0.09351971616899186], [0.37766240616217334, -0.3309890345649193, 0.422061352316388, -0.26259850729607603, 0.6231873220878354, -0.6085676719895323, -0.07528753771169339, 0.6379032462273668, -0.08754809331469857, 0.6639809786591373, 0.3631202875460075, 0.10042990623023368, -0.01136946413862891, 0.0856028969662397]], "inverted": false, "swapped": true, "error_lsq": 0.04608488319245744, "error_max": 0.262674898677537, "target": "513.xyz", "model": "0.xyz", "model_rescale": 3.8414455957264533, "target_rescale": 4.069742613071704},
{"mapping": [7, 2, 15, 14, 13, 11, 10, 12, 3, 5, 8, 6, 4, 0, 16], "R": [[-0.5310710863789471, -0.7235940326781549, 0.4408800030448765], [0.06956323790303065, -0.5557947582900239, -0.8284039730649415], [0.8444669662838988, -0.4092723573977348, 0.3455020699292111]], "T": [0.11108898640231502, 0.029815707927793252, -0.10024909654106279], "aligned_model": [[-0.5542013761240587, -0.6307252828208332, 0.03365138927696759, -0.26101206286966483, -0.41348688785420695, 0.3787383114923377, 0.6915112494139037, -0.27988744396029, 0.5643347677656028, 0.10203628677534027, 0.41113439675076663, -0.4062708011836269, 0.16974269849391005, 0.03614663283329067, 0.03033227551510602], [0.11698354097686595, 0.14301716383733948, -0.7989438885700462, -0.36460642036292396, -0.36612356182362593, -0.4947328767768799, -0.29608253205051294, -0.245850172383842, 0.5044080131792773, 0.180598945027899, -0.02204814794520955, 0.6527016616461714, 0.6262743424657193, 0.7438577467686722, -0.03240928594588989], [0.1889810373528728, -0.4244348033584236, 0.17325174247665437, -0.6573925304670445, -0.11051600410302215, -0.3150211547497061, 0.3099169349619703, 0.5378557161923276, 0.20455868318349624, 0.3792267624330535, -0.7685585325981774, -0.10837459591602389, -0.39278979675837916, 0.291245842787133, -0.1427675140971965]], "inverted": false, "swapped": true, "error_lsq": 0.045862185256712915, "error_max": 0.31164917542877313, "target": "513.xyz", "model": "1.xyz", "model_rescale": 4.316132596720782, "target_rescale": 4.069742613071704},
{"mapping": [11, 8, 14, 5, 13, 10, 7, 3, 1, 9, 4, 16], "R": [[-0.7575298417721973, 0.009516632808682146, -0.65273116405192], [0.5169737855515746, -0.6017984827010491, -0.6087501057668818], [-0.3986058753669648, -0.7985912721278012, 0.4509604596904654]], "T": [-0.11386352712574421, 0.05796908146384936, -0.07942041233325536], "aligned_model": [[-0.15161063165378957, 0.474240225675728, 0.13990699912844629, -0.45877280025455347, -0.35254115941945086, -0.5651959639821745, -0.3947727433698214, -0.1008874058609478, 0.4484285500530527, 0.2400161366433209, 0.43463821739502406, -0.11564086972305383], [-0.5311244566354327, -0.33545050567455786, -0.5103249834544471, 0.4174092867186674, -0.23684209853155117, -0.09566550863677312, 0.34239480657920207, 0.5684298523665039, 0.01423843613129331, -0.04758261949757902, 0.43516739472315763, -0.00787317634750253], [0.13143113590250124, 0.11732717859693864, -0.5453379886327894, -0.011929913327689529, -0.6162374375537274, 0.5402821645415294, -0.6910212519852239, 0.43325765307869435, -0.3526411135911384, 0.6510164691264203, -0.03879418099664872, -0.16809425394944544]], "inverted": false, "swapped": true, "error_lsq": 0.044310727783148846, "error_max": 0.2694775425860704, "target": "513.xyz", "model": "2.xyz", "model_rescale": 3.795458400668931, "target_rescale": 4.069742613071704},
{"mapping": [10, 5, 12, 2, 11, 14, 7, 9, 6, 1, 15, 16], "R": [[-0.838223975279374, -0.22126601832319825, -0.4984194181632991], [-0.472553482871957, 0.7508796961622496, 0.46138149910553516], [0.27216497403675316, 0.6222708662846799, -0.733965391473527]], "T": [0.14919217462462883, -0.0737236973679516, -0.023572963923564526], "aligned_model": [[-0.10650563287461698, -0.16083541852606034, -0.6369678588851218, 0.17321290045461626, 0.17143454193278276, 0.2572432569629281, -0.2940096472442024, 0.6968863278180084, 0.2536210156090798, 0.609687527754123, -0.4923740220135192, 0.1219108347555475], [-0.07841904064406104, -0.46068800499864077, -0.15849279430026642, 0.07535346172282785, 0.45658217101610843, 0.5924380572511219, -0.24529822008116048, -0.096399037513654, -0.5417569465013667, 0.06049133687755036, 0.47344461461496956, 0.008513447846281066], [-0.7624453646877268, -0.10637484436707642, 0.08034335153178854, 0.7797939245625177, -0.3570326751001238, 0.3624196427541818, 0.5314026176916379, -0.6313779978849141, 0.6289249899176563, 0.37974410157666755, -0.2615675287191212, 0.04494121336361296]], "inverted": false, "swapped": true, "error_lsq": 0.04620334797447809, "error_max": 0.33929726425067264, "target": "513.xyz", "model": "3.xyz", "model_rescale": 3.7530521520055578, "target_rescale": 4.069742613071704},
{"mapping": [13, 10, 11, 9, 14, 3, 2, 5, 6, 4, 16], "R": [[0.996943687852784, -0.01480352266586991, 0.07670814146602536], [-0.004597554898728652, 0.9690638549328616, 0.2467673145933524], [-0.0779881128085804, -0.2463657865437944, 0.9660340332934516]], "T": [-0.09487377133584524, -0.05243725920206333, -0.03738628589301028], "aligned_model": [[-0.3347155083239112, -0.16751239300973034, 0.23008186670448583, 0.49692586880769424, 0.21741567233302445, -0.14828548990091564, -0.17269740171598827, -0.5206559940786711, -0.34738605010989393, 0.1810097875395476, -0.09598075580043644], [-0.6594779098471907, 0.17704019744747296, -0.352154948047276, 0.405056002679871, -0.740788785767646, 0.6638363895360018, -0.5081343105477997, 0.20545316120652318, 0.10279149121688316, 0.33332139343953826, -0.15973932300203197], [0.040271632164680105, -0.7812945914995393, -0.4817820061954033, -0.369625833599629, 0.14450459174889219, -0.12500264025413807, 0.6367672812540028, -0.10750522169176974, 0.7161757016053152, 0.4315078874499655, -0.011186023737060184]], "inverted": true, "swapped": true, "error_lsq": 0.04220555200006459, "error_max": 0.2234907525579485, "target": "513.xyz", "model": "4.xyz", "model_rescale": 3.7855080009869324, "target_rescale": 4.069742613071704},
{"mapping": [1, 5, 3, 11, 4, 12, 0, 2, 7, 6, 13, 8, 14, 9, 10, 15, 16], "R": [[0.4784734295911224, -0.8780569694795664, 0.008895814952531722], [0.6012280577404385, 0.3202057457874998, -0.7321154983677997], [0.6399906247445895, 0.3556462269067837, 0.6811224277073832]], "T": [0.027220436087697752, 0.03605281357838284, -0.012169976781746097], "aligned_model": [[0.32333812954196184, -0.34096281489815244, 0.22225904663790558, 0.10365560692708355, -0.34807301670096297, 0.5277722187965358, 0.10475594588296425, 0.654464658323518, -0.6997327527589916, -0.41440687731390846, 0.04896591656608763, -0.3896596270559881, 0.6179821407771533, 0.34058806987693313, -0.3527645599881628, 0.08584934908202019, 0.07332263403163501], [-0.436167506930268, 0.43116369608581767, 0.5790480428878765, -0.7464988524907448, -0.3185434634390988, -0.40116351843317416, 0.018701447995794353, 0.2665464450207007, 0.08865445606351435, -0.4385124031833045, -0.36027761969289435, 0.12293493714844816, 0.1802563473286242, 0.670496418221791, 0.6465502017334381, 0.45065415978692724, 0.0598390622828125], [-0.5244455076354105, -0.6150229678475535, -0.39886459368378585, 0.10702223307916207, -0.5417142039098067, 0.13396371152973552, -0.7881603492437511, -0.3271668959968485, -0.185783341213764, 0.06418602602467975, 0.5938968187261124, 0.5481624098611221, 0.2843150104591275, 0.06654506542403153, 0.10559511094534267, 0.6977500757375662, 0.0018140824677781251]], "inverted": false, "swapped": false, "error_lsq": 0.038173992795965575, "error_max": 0.2362134579841883, "target": "513.xyz", "model": "5.xyz", "model_rescale": 4.2253639853439635, "target_rescale": 4.069742613071704},
{"mapping": [15, 10, 8, 14, 11, 4, 1, 13, 3, 5, 9, 6, 7, 16], "R": [[0.7829121523451912, 0.602552642398474, 0.15485113770598244], [0.622004994109556, -0.7631518661830606, -0.17523988257267034], [0.012583680423129823, 0.23351561463835555, -0.9722716229053894]], "T": [0.044205423420575374, 0.021031127887665042, 0.023165176632860447], "aligned_model": [[0.5716121670872645, -0.08539237093440494, -0.482480486483765, 0.23619395341197577, -0.05163314889523664, -0.3824508017527728, -0.14295103675650989, 0.6122385845315801, -0.36223013921715896, 0.2140835767073338, -0.7223333653243702, 0.19117982484605242, 0.6652139155442045, 0.11301147999359097], [-0.2853363539517767, 0.2240516680032581, -0.4866591821249907, -0.7073344959883059, -0.4284852163031814, 0.16758086709224668, -0.29967182612627125, -0.30536279873256555, 0.6141655471755326, 0.4846693686018381, 0.004856200899992183, 0.3214709270796543, 0.20296038569123753, -0.061805944681677404], [-0.6058203971170175, -0.7206916050186183, 0.08802742734662697, 0.21567682414809733, -0.4030559400258059, 0.5143584801300755, 0.5279981942692027, 0.07663007275951694, -0.05794629720125776, -0.07115147133151883, -0.2633076368906376, 0.7606260483256011, 0.36244937285577106, 0.047765136681412926]], "inverted": false, "swapped": true, "error_lsq": 0.042786098264989025, "error_max": 0.2352061383883, "target": "513.xyz", "model": "6.xyz", "model_rescale": 3.89814844738969, "target_rescale": 4.069742613071704},
{"mapping": [13, 14, 2, 15, 7, 8, 11, 12, 10, 9, 4, 3, 16], "R": [[-0.6975519148479178, -0.2197543992990179, 0.6820039076726254], [0.6412940964549506, 0.23311212034513445, 0.7310271001818088], [-0.31962979827298943, 0.9472944332872032, -0.02168060698054275]], "T": [-0.027520439423371762, 0.1348242032197848, 0.0695490704644883], "aligned_model": [[0.21069928495088272, -0.05922591054146924, 0.5584967928780994, -0.2983919202446571, 0.6438057244895449, -0.47817577156449853, -0.5640399592259108, 0.32972713927927677, -0.561415109956247, -0.6801026145247654, 0.13978414881820653, -0.09027138380623043, -0.0022586196480095556], [-0.22948579080387646, 0.18217971236214126, 0.3008213785554837, -0.6430426224027259, -0.1314531104234873, 0.6220645308419928, -0.027292909368140855, -0.5744834034798102, -0.268297235266618, 0.5299238299476935, 0.7620701520855114, 0.33431086558590406, 0.10646586783641745], [-0.42297783615859286, -0.7058147350981454, -0.4756372218926096, -0.22910390817936685, -0.041271242773379055, -0.24487301033064177, -0.21112736709485505, 0.14227379315063254, 0.47425319229751917, 0.36610059297127795, 0.2223722242254911, 0.7622573551162859, -0.03417680539732104]], "inverted": true, "swapped": true, "error_lsq": 0.046210591260986596, "error_max": 0.2886812862385121, "target": "513.xyz", "model": "7.xyz", "model_rescale": 3.7474275329858107, "target_rescale": 4.069742613071704},
{"mapping": [0, 3, 9, 4, 11, 1, 6, 2, 8, 14, 7, 13, 12, 15, 16], "R": [[-0.46427021584215344, -0.08453443466056423, 0.8816502118405569], [0.8844105423248628, 0.009313777071657758, 0.4666168087213549], [-0.04765668165663914, 0.9963770284953775, 0.07043903591191109]], "T": [0.08611794003172538, -0.02938568687818441, -0.07876560392133392], "aligned_model": [[-0.4977872025666691, 0.04600910125463442, 0.5581556599412735, -0.2844431062143047, 0.6592744648872005, -0.18606030636235868, -0.7195418677356185, -0.49438635822948074, 0.3675175479561186, 0.13869897007544196, -0.4548809361662888, 0.004693423349576925, -0.022607695146658724, 0.6108555501403884, 0.07665647715549138], [0.10913724631970753, -0.03316564147523433, -0.5011433279038108, -0.506747853397071, -0.12284226079292496, -0.5437826018002027, -0.10236055791069384, -0.1591025611070313, -0.6978090903087366, -0.3022213028469992, 0.38346641313758234, 0.23407388080987981, 0.7444908404981955, 0.5125504023676204, -0.02542562361068816], [-0.6342895534820099, -0.8012296999865626, -0.5526169887649628, -0.36088808604931183, 0.1571832946387373, 0.15371905601056013, -0.11483535907426076, 0.4819372089736509, 0.0369021294639114, 0.6473423591667877, 0.18719854292238225, 0.5179020312415464, 0.08037538806853944, 0.36687716208033266, 0.031217170486920465]], "inverted": false, "swapped": true, "error_lsq": 0.04313064810451861, "error_max": 0.2894439221546389, "target": "513.xyz", "model": "8.xyz", "model_rescale": 4.019505241142653, "target_rescale": 4.069742613071704},
{"mapping": [7, 4, 5, 12, 13, 15, 10, 2, 14, 8, 9, 11, 16], "R": [[-0.21796440885380386, -0.41256178814811995, -0.8844683642918146], [0.4720530725808688, 0.7486302475034402, -0.465530502963983], [0.8541998672090584, -0.5189850898464847, 0.0315763103776133]], "T": [-0.1016542061346271, -0.003126624843075604, -0.04626299504809688], "aligned_model": [[-0.07521144682585039, -0.7616761251351629, -0.09038515418790098, 0.37357466466565514, 0.2827079563823202, 0.7726674506398744, 0.3243724566778297, -0.29478193003768377, 0.10212304547072114, -0.27424322427070846, -0.30462888401727417, 0.31959386517579685, -0.05441190279644037], [-0.6472150948149481, 0.0338882469019455, 0.02037323065028726, -0.34874381053097414, -0.5262191755249115, -0.059629707115071845, 0.6048470169069893, -0.7657026521246916, -0.4116245770257714, 0.2504880260246449, 0.7489605819346666, 0.25041650125122317, -0.08646035841932954], [-0.3902315855773475, 0.041965048391382646, -0.5482942695319707, -0.5854645158319818, 0.05714432587568482, -0.04297645156599193, -0.29163041980012816, 0.17595049919381245, 0.5830549428118028, 0.6210055040017478, 0.20488662040329714, 0.3425561937165212, 0.008737601957050097]], "inverted": true, "swapped": true, "error_lsq": 0.044637463787318844, "error_max": 0.26783705125864693, "target": "513.xyz", "model": "9.xyz", "model_rescale": 3.877068213659057, "target_rescale": 4.069742613071704},
{"mapping": [7, 12, 11, 3, 10, 5, 4, 15, 13, 14, 1, 2, 6, 9, 8, 16], "R": [[-0.1985400486670963, 0.5378128502011498, 0.8193529076251469], [0.31778494472257923, -0.7555059042364136, 0.5729079835118255], [0.9271432348795596, 0.37412319738614774, -0.02091064787688901]], "T": [0.009983146460435754, -0.057161317136513935, -0.023694018122917], "aligned_model": [[0.17825748499280106, -0.16622712354552285, -0.5533268543008348, 0.4773061884735218, -0.3151930470921027, 0.21037703122152107, 0.5661887819736026, -0.7770813173869701, -0.342993887910162, -0.41055846448086225, 0.18803587703530797, 0.1457861828538652, 0.6668155999866219, 0.03258371446401555, -0.13465896763411989, -0.04990267333358758], [0.140842554915749, -0.3144900488342205, -0.076449437943541, -0.5638465774570456, -0.7518225464207782, -0.4183771714151614, 0.15216192453893967, -0.24744578738026243, 0.26864175332479734, 0.5966631251860316, 0.5051554057241615, 0.6656475544272886, 0.2956316893057933, -0.3454646013418813, 0.2702498745974449, 0.02470116590623298], [-0.7065862362547792, -0.7576993745664962, 0.2505763363853089, 0.19643457721558186, 0.1281020928132837, -0.31019014875646894, 0.27896468976185984, -0.3583029081898964, -0.47237289556098727, -0.013938803618259622, 0.1880403185378135, -0.3804911910976665, -0.33964070269309204, 0.7419955054073506, 0.6175821942051026, -0.06743912647861362]], "inverted": true, "swapped": true, "error_lsq": 0.03758026906600301, "error_max": 0.25797964104605, "target": "513.xyz", "model": "10.xyz", "model_rescale": 4.260839863003843, "target_rescale": 4.069742613071704},
{"mapping": [7, 15, 11, 14, 8, 1, 6, 5, 10, 9, 3, 16], "R": [[-0.9182768134643826, 0.3800411743903202, -0.11106934600386353], [0.06730791871387881, 0.4262735174766587, 0.9020867654369412], [0.39017603454351935, 0.8208895139213944, -0.41701686776651065]], "T": [0.053724485347526225, 0.05032087180955143, -0.06659435121912521], "aligned_model": [[0.45896750680366166, 0.17978487671124022, -0.2943260501488867, -0.49765389224179796, -0.6527295633223862, -0.4046217958485609, 0.244589030901607, 0.5476030730417281, 0.2966383674103216, -0.29557983115203473, 0.3618910556508301, 0.01433587128840818], [0.11518412189157888, -0.8104031918451476, -0.43613799696742644, -0.2079999059272225, 0.11314645102374878, 0.38489568870044316, 0.6897214680386459, 0.1054597781555529, -0.3795621482641372, 0.16503813880203944, 0.43179389657175316, 0.0019422053531056999], [-0.6711060717764255, -0.17101955485394355, 0.1208436642763461, -0.550008327680248, 0.1240105643902436, -0.33251290907329434, -0.5253444876583748, 0.009288960016198944, 0.5396475762099382, 0.6646624155394756, 0.4654668045086971, -0.15775055650310865]], "inverted": true, "swapped": true, "error_lsq": 0.042341705533602364, "error_max": 0.2674590383061898, "target": "513.xyz", "model": "11.xyz", "model_rescale": 3.890672605050136, "target_rescale": 4.069742613071704},
{"mapping": [4, 9, 8, 6, 1, 12, 10, 7, 5, 15, 14, 11, 13, 16], "R": [[-0.32999030650037253, 0.03576294332442964, -0.9433066359888307], [-0.8057727032218129, 0.5099050971944098, 0.30120946631500806], [0.49176899898062165, 0.8594869421578979, -0.1394469357915913]], "T": [0.10420693785660087, -0.06628070268927148, 0.013926999320554245], "aligned_model": [[0.7102695422045007, 0.13484282191788596, 0.3997620863357648, 0.7071901818541094, 0.6625572352099405, -0.390326277322556, -0.5451765654250535, 0.16680303729357612, -0.07891049155488458, -0.6566387766070004, 0.25704711670380576, -0.22157019028979694, -0.04207198398170939, 0.10609809845511115], [-0.17666953075837416, 0.21396602387681873, 0.5464710137643989, -0.5259742512997688, 0.19516180862283633, -0.4798484393447475, -0.08504372239274889, -0.47225963253586023, -0.5332467070824679, 0.19227395811613146, 0.5320693575723779, 0.4626011359555617, 0.07438867639273576, -0.011737171059127922], [-0.24158356443206297, -0.7544695328543825, -0.2627263909183966, 0.29819295527526685, 0.12629718984879468, 0.4834273986631124, -0.4211417933739476, 0.6181839022990339, -0.01961987962030267, 0.36307602958897695, 0.48621282086970596, -0.07014249248440124, 0.6391211814661271, 0.10996261102933695]], "inverted": false, "swapped": true, "error_lsq": 0.045266167526829756, "error_max": 0.31827528326731036, "target": "513.xyz", "model": "12.xyz", "model_rescale": 4.124412569039231, "target_rescale": 4.069742613071704},
{"mapping": [11, 9, 3, 14, 10, 15, 1, 13, 4, 2, 5, 0, 16], "R": [[-0.7069949121297044, 0.6552504981771565, -0.2660920496018247], [0.31466799054616185, 0.6284096020411926, 0.7113968145754314], [0.6333579161488014, 0.41922327786159286, -0.6504687489423526]], "T": [0.13479129128080977, 0.10578034840220472, -0.015133672609835289], "aligned_model": [[-0.1141715970903611, 0.0825150136979026, 0.6159960290815771, -0.5549416562459296, 0.5898656441443917, 0.2199500380998325, -0.3924272068375997, -0.06472651152294864, -0.017467150784147234, -0.3138821677043713, 0.6208552212047743, 0.6310852441998812, 0.06464740726675555], [-0.23796693022420456, 0.5077348147598867, 0.6030025420031967, -0.22876693992364316, -0.11840975852040399, -0.7473678743108157, 0.38545916757802157, -0.416232424819181, 0.7450313816097399, 0.06338564780573262, 0.1192709012724304, 0.6376806540261512, 0.03466419525156671], [0.44613599317669655, 0.6959287814537155, 0.19650155039631476, -0.1446843773220062, 0.5798301657393705, 0.1652211363114477, -0.20632654470837047, -0.3611805964976889, -0.12896998185982705, -0.6971118018129606, -0.14270520669960213, -0.38865081315790495, -0.06229022405134561]], "inverted": true, "swapped": true, "error_lsq": 0.0427939403841366, "error_max": 0.2388086799788137, "target": "513.xyz", "model": "13.xyz", "model_rescale": 3.9028299243045295, "target_rescale": 4.069742613071704},
{"mapping": [12, 9, 10, 5, 7, 13, 3, 6, 15, 4, 2, 8, 11, 14, 1, 16], "R": [[0.19924464279080656, -0.824442819884297, -0.5297127609000871], [0.9789487826302621, 0.1918817099174428, 0.06957507014647091], [0.044281523301394024, -0.5324241224253342, 0.8453186976245829]], "T": [-0.0673337879298241, 0.05119883157617744, 0.009331825217176182], "aligned_model": [[0.0784410877825799, -0.28464090614737614, -0.05210815018557298, -0.35706122253001593, -0.0689390985596126, 0.431564604032977, -0.7145669191925791, -0.49902748677967923, 0.6192508386453716, -0.5313413123373886, 0.12495454038750074, 0.11837139103121662, 0.4109326649872578, 0.5674200908325856, -0.039248003532983536, 0.023837153146315126], [-0.7136153833410278, 0.7398523787094097, 0.06766476542508076, -0.31023335923017387, -0.581602778176494, -0.30842218898873425, 0.14614195536363508, -0.2075486733180678, -0.288346735081187, 0.3713057753831178, -0.15348300116747934, 0.7507234577659025, 0.33469197489374064, 0.20978338098891425, 0.3680145682105763, 0.02732614468388701], [-0.16341336566292117, -0.3759523870138647, -0.7722261653357725, -0.18596134002114545, 0.3746031129109375, 0.2413367360250081, -0.2999454842470642, 0.6436853260154696, -0.41605284527899133, 0.3657189514722539, 0.7770100770163348, 0.1339652637533016, -0.280162999658913, 0.4293023791910916, 0.5493070827343283, 0.06694576772427878]], "inverted": true, "swapped": true, "error_lsq": 0.04081099634598515, "error_max": 0.2823976719337754, "target": "513.xyz", "model": "14.xyz", "model_rescale": 3.942246331269136, "target_rescale": 4.069742613071704},
{"mapping": [4, 0, 3, 7, 13, 5, 11, 9, 8, 10, 15, 14, 6, 2, 16], "R": [[-0.6020072231731542, -0.339761493531638, -0.7225990802377891], [0.6980690216931955, 0.2154163401031861, -0.6828582879110814], [0.38766860099787936, -0.9155096547441208, 0.10749478066700668]], "T": [-0.05554041010326054, 0.04691746375492436, -0.06295737821392361], "aligned_model": [[-0.6958014799570699, -0.32706789906244993, -0.3326515135658593, 0.22281041007357305, 0.3628616425605159, 0.131062679049331, 0.1365009658925268, -0.48297390100383536, -0.5046473371225381, 0.2979702053344265, 0.7507698309157191, -0.01443296278167494, -0.3971945317962106, -0.15739151597938578, -0.01552055602485844], [-0.12185397097627185, -0.47211777682188427, 0.10645932337632213, -0.623583095578527, -0.18872848047950155, -0.16239415217961095, 0.5848377117747564, 0.6977157032245226, 0.49827110276269154, 0.5796101071071913, 0.3200718842113969, 0.08186094596128723, -0.6871489204210328, -0.5369900474815443, 0.022134355401855422], [-0.14273950145614975, -0.633585031670171, -0.7287212856155767, 0.0195858757906395, 0.38588989410347785, -0.4801894118037154, 0.19526022885407646, -0.31529104255840495, 0.3030173077930631, -0.5130736211008482, 0.14414698434806572, 0.7126236574925451, -0.07449382670434046, 0.4999615526289018, 0.03697070025895283]], "inverted": true, "swapped": true, "error_lsq": 0.04523122307004922, "error_max": 0.2772113067654911, "target": "513.xyz", "model": "15.xyz", "model_rescale": 4.355366556412066, "target_rescale": 4.069742613071704},
{"mapping": [11, 8, 14, 5, 13, 10, 7, 3, 1, 9, 4, 16], "R": [[-0.7575298417721973, 0.009516632808682146, -0.65273116405192], [0.5169737855515746, -0.6017984827010491, -0.6087501057668818], [-0.3986058753669648, -0.7985912721278012, 0.4509604596904654]], "T": [-0.11386352712574421, 0.05796908146384936, -0.07942041233325536], "aligned_model": [[-0.15161063165378957, 0.474240225675728, 0.13990699912844629, -0.45877280025455347, -0.35254115941945086, -0.5651959639821745, -0.3947727433698214, -0.1008874058609478, 0.4484285500530527, 0.2400161366433209, 0.43463821739502406, -0.11564086972305383], [-0.5311244566354327, -0.33545050567455786, -0.5103249834544471, 0.4174092867186674, -0.23684209853155117, -0.09566550863677312, 0.34239480657920207, 0.5684298523665039, 0.01423843613129331, -0.04758261949757902, 0.43516739472315763, -0.00787317634750253], [0.13143113590250124, 0.11732717859693864, -0.5453379886327894, -0.011929913327689529, -0.6162374375537274, 0.5402821645415294, -0.6910212519852239, 0.43325765307869435, -0.3526411135911384, 0.6510164691264203, -0.03879418099664872, -0.16809425394944544]], "inverted": false, "swapped": true, "error_lsq": 0.044310727783148846, "error_max": 0.2694775425860704, "target": "513.xyz", "model": "16.xyz", "model_rescale": 3.795458400668931, "target_rescale": 4.069742613071704},
{"mapping": [13, 14, 2, 15, 7, 8, 11, 12, 10, 9, 4, 3, 16], "R": [[-0.6975519148479178, -0.2197543992990179, 0.6820039076726254], [0.6412940964549506, 0.23311212034513445, 0.7310271001818088], [-0.31962979827298943, 0.9472944332872032, -0.02168060698054275]], "T": [-0.027520439423371762, 0.1348242032197848, 0.0695490704644883], "aligned_model": [[0.21069928495088272, -0.05922591054146924, 0.5584967928780994, -0.2983919202446571, 0.6438057244895449, -0.47817577156449853, -0.5640399592259108, 0.32972713927927677, -0.561415109956247, -0.6801026145247654, 0.13978414881820653, -0.09027138380623043, -0.0022586196480095556], [-0.22948579080387646, 0.18217971236214126, 0.3008213785554837, -0.6430426224027259, -0.1314531104234873, 0.6220645308419928, -0.027292909368140855, -0.5744834034798102, -0.268297235266618, 0.5299238299476935, 0.7620701520855114, 0.33431086558590406, 0.10646586783641745], [-0.42297783615859286, -0.7058147350981454, -0.4756372218926096, -0.22910390817936685, -0.041271242773379055, -0.24487301033064177, -0.21112736709485505, 0.14227379315063254, 0.47425319229751917, 0.36610059297127795, 0.2223722242254911, 0.7622573551162859, -0.03417680539732104]], "inverted": true, "swapped": true, "error_lsq": 0.046210591260986596, "error_max": 0.2886812862385121, "target": "513.xyz", "model": "17.xyz", "model_rescale": 3.7474275329858107, "target_rescale": 4.069742613071704},
{"mapping": [6, 5, 7, 3, 1, 8, 2, 15, 4, 14, 9, 10, 11, 16], "R": [[-0.6036885742149235, -0.6973354820607567, 0.38637201091881], [-0.42539800867606997, -0.12811589228099385, -0.895892210234847], [0.674237821229859, -0.7052017750999617, -0.21930302510242738]], "T": [0.020575440297655352, 0.016809942886769964, -0.033664866522936356], "aligned_model": [[0.5189965189530279, 0.06932700638586059, 0.706962198612241, -0.4150441535973907, 0.1688951270108596, -0.337557754910911, 0.7267190997399346, 0.14366969534248253, -0.07962389882187218, 0.35042976548601545, -0.7729428847419525, -0.5116556788705472, -0.25202105474411074, 0.09869366203923924], [-0.515906192135141, 0.19345532094955692, 0.0759501466550615, -0.13269039503163532, -0.5110170536113186, -0.3315299476075315, -0.3283661071270302, 0.82902517326873, -0.6265028994177562, -0.04585159019649614, -0.16473193142220544, 0.5693608907136274, 0.31600462529132817, 0.033208201182043595], [-0.38509627196366986, -0.5017827261618225, -0.2770559556159606, -0.5917532067390244, 0.2698713476199583, 0.504623666998154, 0.19086570795217375, 0.27095946456331005, -0.17820517684047624, 0.6675529801892736, 0.05166526590642966, -0.18450692121592535, 0.4449666293439541, 0.04268991462528073]], "inverted": true, "swapped": true, "error_lsq": 0.037122910062582386, "error_max": 0.23677699297112775, "target": "513.xyz", "model": "18.xyz", "model_rescale": 3.922800546911778, "target_rescale": 4.069742613071704},
{"mapping": [15, 12, 13, 11, 6, 10, 7, 8, 5, 14, 2, 1, 9, 4, 16], "R": [[0.34776037266174, -0.7744831364425415, 0.5284303119355396], [0.7042104462652905, -0.15633199180803292, -0.6925662103425015], [0.6189914139768085, 0.6129732291898701, 0.4910330434090303]], "T": [-0.036936575644401046, 0.04002524684943333, 0.07630396304465577], "aligned_model": [[-0.1927479765272067, -0.30045057401415404, 0.29720471697079454, -0.020632925215013906, 0.27390445786776435, -0.71008701616148, 0.1371302073267075, 0.3114184645648956, -0.41430316802594924, 0.6381612714981048, 0.6698445795041343, 0.5196824749666223, -0.3094065044782221, 0.14933523835607515, 0.046997590254545266], [0.46956656978944755, -0.2533439183899324, 0.02827291192771099, 0.6538605291676971, -0.6914980262065684, 0.4279036882629581, -0.5198166475589461, 0.5269914043462551, -0.2731796786862178, 0.34287816966337853, -0.3243628005937068, -0.002811258633930988, 0.5041895108259234, -0.22732578388936053, 0.05628683500987095], [-0.6712646414466543, -0.6168965160741433, -0.48961532604832186, -0.04961209267474408, 0.23111235349310855, -0.011756463582042534, -0.3597480708602154, 0.5015889704852251, -0.03420289137820526, -0.1623585938178035, -0.11311911304499143, 0.3610399236993545, 0.6929251512389552, 0.6582055523297217, 0.006360924844085888]], "inverted": true, "swapped": true, "error_lsq": 0.03858775558522712, "error_max": 0.22725137990641553, "target": "513.xyz", "model": "19.xyz", "model_rescale": 3.9282355846067225, "target_rescale": 4.069742613071704},
{"mapping": [14, 13, 12, 11, 8, 15, 10, 5, 9, 4, 7, 1, 0, 16], "R": [[0.8737309619415815, -0.48127241430626455, 0.07050581091270504], [-0.4861006676866839, -0.8691189237359088, 0.09131504409841665], [0.0173305227618497, -0.11405770308030452, -0.9933229552108652]], "T": [-0.009958717852305062, -0.051597668361457204, 0.07847581417481146], "aligned_model": [[-0.6192816263695963, -0.08223240152719231, 0.5608087366188964, -0.38018174721577586, -0.6903846814670734, 0.035282410169704834, 0.24636056031961062, 0.4913964579510578, -0.2862400687668597, -0.13456056317001502, 0.3473235137014683, -0.4596625618841446, 0.5645892194679434, -0.06069442874334777], [-0.5310524182905441, -0.6857189058918252, -0.531966956618849, 0.005618704401906177, 0.2227907906760764, -0.43937924718941496, 0.3553441831506127, -0.01480400939244541, 0.7104645655116287, 0.23242245005058845, -0.6426795083069814, -0.14598504369401935, 0.13656961431981116, -0.14874213130170857], [0.021156113826785672, -0.07874992587809539, -0.20348492514210242, -0.42409319714675403, 0.11143171995946038, -0.7058840819418866, -0.5379936471489067, 0.08043786787965468, -0.034836950520454255, 0.6688910700932523, 0.31687722659474366, 0.5046116810481766, 0.6291376147016751, 0.06468259091813336]], "inverted": false, "swapped": true, "error_lsq": 0.05056013356679403, "error_max": 0.29518266831503903, "target": "513.xyz", "model": "20.xyz", "model_rescale": 4.067790424073018, "target_rescale": 4.069742613071704},
{"mapping": [5, 2, 3, 10, 4, 1, 9, 7, 6, 13, 14, 11, 15, 14, 16], "R": [[0.6146817622483605, 0.4361217140492023, 0.6572398205328367], [0.25904391080060774, 0.6754090523717438, -0.6904483067192136], [-0.7450252233558112, 0.5946599553602786, 0.302186952157989]], "T": [0.02999226968645052, -0.07243764732911462, -0.058500342580063654], "aligned_model": [[0.19316503215884603, 0.023035942861258814, -0.30977743293084004, 0.3008735853388195, -0.6005551395335176, -0.37452415779696285, -0.465615955390968, 0.3636656612030229, -0.25586615245758326, 0.503562862986152, 0.13828267589834217, 0.20410825052278347, 0.8292020643315811, 0.13828267589834217, 0.08060404081823869], [-0.17368609245512756, 0.73829168374251, -0.4827155259673431, -0.8040742258947635, 0.08763169550099495, 0.32843790001561773, -0.6925525667568478, 0.47977600682647026, 0.5451468995902395, 0.333856070237493, 0.3542714111163146, -0.37048645333683405, -0.25923689437493636, 0.3542714111163146, 0.0019638205677448423], [-0.5230840672697921, 0.04575373841940097, -0.5482002390387246, -0.11014401939137214, -0.20537100729065672, 0.20303274601909377, 0.14084857199044504, -0.40140807929536837, -0.49734926280940206, 0.14816235555833124, 0.5823033555089848, 0.4647251827708806, 0.24811261315665412, 0.5823033555089848, 0.0055643297836812725]], "inverted": false, "swapped": true, "error_lsq": 0.04416964386979784, "error_max": 0.3046826840274389, "target": "513.xyz", "model": "21.xyz", "model_rescale": 4.186013935880536, "target_rescale": 4.069742613071704},
{"mapping": [12, 15, 13, 0, 3, 7, 5, 10, 14, 11, 9, 1, 16], "R": [[-0.284085673826954, -0.48138247742910034, 0.8291961410610325], [0.7477368155858103, -0.6525665608224673, -0.12266433187332558], [0.6001541339888261, 0.5851733026382517, 0.5453322118998323]], "T": [0.03996981291151064, -0.002696444461924845, 0.12065045516654782], "aligned_model": [[0.10157892053694856, -0.32361654309822857, 0.3222435503255985, 0.3229590163443624, -0.2178329810401149, 0.5831132254959714, -0.002792025684406632, -0.7049898468942619, 0.32427554056838487, -0.36950668517492, -0.5178835248594498, 0.44818614899806697, 0.09283923990527412], [-0.3984528938667205, 0.19268501951885125, 0.22154843217525266, -0.7049714028563155, -0.5182199459727064, -0.2813446835879895, -0.4908555967069895, -0.19778086106862514, 0.6857618793018536, 0.44639070004308246, 0.13921006827607052, 0.3574557857070696, 0.06753015858326011], [-0.5689966642450363, -0.6521838119538308, -0.4289757223781784, 0.4296288859067676, 0.5580868687502243, -0.2808641275565442, 0.008459980797437108, -0.014675134722024002, -0.10213240275431129, -0.03285573389177432, 0.7025200376178337, 0.43110833484020783, 0.05375905092457485]], "inverted": true, "swapped": true, "error_lsq": 0.045264659402169845, "error_max": 0.2279711645191925, "target": "513.xyz", "model": "22.xyz", "model_rescale": 4.166573947596378, "target_rescale": 4.069742613071704},
{"mapping": [6, 1, 14, 13, 2, 4, 8, 0, 7, 12, 3, 15, 11, 3, 10, 16], "R": [[-0.24977467241125687, 0.32698697176503466, 0.9114231362642613], [-0.7924196281703566, -0.6099740364531359, 0.0016756322457038286], [0.5564923592577022, -0.7218110522491337, 0.4114669597170535]], "T": [-0.020742144508738444, 0.12669182796928008, 0.02277378235188498], "aligned_model": [[-0.768925774711055, -0.27675504203151496, 0.26138688555706513, 0.20108990987589226, -0.34003827038313195, -0.5636418849212534, 0.13806999905110023, -0.7360487809598557, -0.31071764084852443, 0.10677079099725494, -0.3476606875554391, 0.7387783414329662, 0.5658870685448207, -0.3476606875554391, 0.45085551802319696, 0.015843496504672525], [-0.14038538121607547, 0.2426548692394141, -0.07242415569016028, -0.43354260962386154, -0.34565465464742373, 0.46837086574385006, 0.6509487888291363, 0.09972818743766994, -0.5439627693152547, -0.5559094016570156, 0.5241953806186975, -0.28884704550393064, 0.29944664443845176, 0.5241953806186975, 0.36365611245997764, 0.057237225889505416], [-0.1340863614761836, -0.5373550156548511, -0.6737840742307428, -0.23986870689225476, -0.5630061562846459, -0.1597050628496259, -0.46639689562062137, 0.4181850303562421, 0.022337199184184385, 0.41498292463684316, 0.5313920763125575, 0.15730197733976337, -0.11483564938468616, 0.5313920763125575, 0.5996441423025634, -0.05493697088700656]], "inverted": false, "swapped": true, "error_lsq": 0.04616323756077789, "error_max": 0.3506252423953249, "target": "513.xyz", "model": "23.xyz", "model_rescale": 4.274766983524099, "target_rescale": 4.069742613071704},
{"mapping": [9, 1, 6, 5, 7, 12, 10, 15, 11, 14, 16], "R": [[0.9478375926811455, -0.12090284173176669, -0.2949345703060162], [0.13590925861436864, -0.6836643696392444, 0.71702977839743], [-0.28832719490763214, -0.7197121178269532, -0.6315709747365994]], "T": [-0.03174689773558105, 0.0863410367190659, -0.09783855163215527], "aligned_model": [[0.5355714963695498, 0.18366152096779498, -0.5432161953138551, -0.4522506313576919, -0.6441851041920306, -0.6184368671098499, 0.10132313729048435, 0.03422125152219195, 0.4730107253965602, 0.33073760416478803, -0.020542233779867178], [-0.29993946901224144, 0.6357499858120816, 0.6011207406465451, -0.1841008538006414, 0.40980772944506166, -0.09111903908940006, -0.6725028564705834, -0.2016631133573341, -0.08070665338965216, 0.6383673486042518, 0.1605727118553955], [-0.5437614445224335, -0.3087492455367472, -0.4571644468162359, -0.15030215007794495, 0.13486793712688738, 0.4123915925481567, 0.03551867976658346, 0.7269908683096162, 0.23416932032772803, 0.31241594132313555, -0.016810618427168134]], "inverted": true, "swapped": true, "error_lsq": 0.0490970658714234, "error_max": 0.2484396474965123, "target": "513.xyz", "model": "24.xyz", "model_rescale": 3.7841303162186577, "target_rescale": 4.069742613071704},
{"mapping": [3, 0, 7, 1, 6, 2, 4, 9, 5, 12, 10, 8, 13, 14, 15, 16], "R": [[-0.9059692230658488, -0.3278969394478663, -0.26777483817226844], [-0.28811124008451766, 0.014112348271457242, 0.9574929529574756], [-0.31018007704303585, 0.9446080873711529, -0.10725614704336955]], "T": [0.03865217777854868, 0.04344337311580028, 0.05814350393256682], "aligned_model": [[0.25212137033696586, -0.04601605606128756, -0.5402439953828122, 0.3885840629157157, -0.05362931486637032, -0.1335738567594796, 0.488902578926135, 0.7205135402577192, -0.2622009852362215, -0.7516737400652571, -0.020748080200452185, 0.6845347583169875, -0.40387965715706875, 0.08377358825009931, -0.4883274873342073, -0.00029417746768820724], [-0.06526374762190731, -0.5531767150596986, -0.3803326356787018, -0.29908190120619643, -0.7609326883322916, -0.49507964985549013, -0.43707137993217443, 0.36874758509429095, -0.04628323369048848, 0.10106812433330019, 0.672458656567187, 0.2009065184036442, 0.07134908549433949, 0.1115403711503769, 0.702526991310209, 0.04543708739156226], [-0.6246383373883087, -0.49468236166526713, 0.1965511735559754, 0.4492424852788326, 0.07146126557626784, 0.6485082207855942, -0.047513347763337925, -0.2567410270129784, -0.33447736361643043, -0.031836106713712294, -0.402450918695409, 0.37022628169069854, 0.5433651119214619, 0.8312952802981513, 0.29381907747513586, 0.16149058209057982]], "inverted": false, "swapped": true, "error_lsq": 0.04648802768350009, "error_max": 0.2755003613809911, "target": "513.xyz", "model": "25.xyz", "model_rescale": 4.19342608120988, "target_rescale": 4.069742613071704},
{"mapping": [11, 8, 14, 5, 13, 10, 7, 3, 1, 9, 4, 16], "R": [[-0.7575298417721973, 0.009516632808682146, -0.65273116405192], [0.5169737855515746, -0.6017984827010491, -0.6087501057668818], [-0.3986058753669648, -0.7985912721278012, 0.4509604596904654]], "T": [-0.11386352712574421, 0.05796908146384936, -0.07942041233325536], "aligned_model": [[-0.15161063165378957, 0.474240225675728, 0.13990699912844629, -0.45877280025455347, -0.35254115941945086, -0.5651959639821745, -0.3947727433698214, -0.1008874058609478, 0.4484285500530527, 0.2400161366433209, 0.43463821739502406, -0.11564086972305383], [-0.5311244566354327, -0.33545050567455786, -0.5103249834544471, 0.4174092867186674, -0.23684209853155117, -0.09566550863677312, 0.34239480657920207, 0.5684298523665039, 0.01423843613129331, -0.04758261949757902, 0.43516739472315763, -0.00787317634750253], [0.13143113590250124, 0.11732717859693864, -0.5453379886327894, -0.011929913327689529, -0.6162374375537274, 0.5402821645415294, -0.6910212519852239, 0.43325765307869435, -0.3526411135911384, 0.6510164691264203, -0.03879418099664872, -0.16809425394944544]], "inverted": false, "swapped": true, "error_lsq": 0.044310727783148846, "error_max": 0.2694775425860704, "target": "513.xyz", "model": "26.xyz", "model_rescale": 3.795458400668931, "target_rescale": 4.069742613071704},
