[{"mapping": [5, 4, 0, 2, 12, 3, 7, 10, 8, 13, 11, 9, 6, 14], "R": [[-0.7839248682005839, -0.6182269152880453, -0.05707260490046878], [-0.16348810702328972, 0.29423593220691036, -0.9416458225151704], [0.598943603253794, -0.7288488851687697, -0.33173161246646843]], "T": [-0.04072011698959142, 0.10103201705636143, 0.1336201883039318], "aligned_model": [[0.14926892106434336, 0.27844587907321494, -0.5365497360550341, -0.6450685090470545, -0.4669461396757267, 0.1251709158275321, -0.688514034113868, -0.10668629124648264, -0.4015301405164116, 0.3105776914499037, 0.4688948779832832, 0.40005454123184425, 0.5683507839817107, -0.0839766588289511], [-0.6758836148409678, -0.23782530474646701, -0.5005964008275771, -0.3176628264588304, 0.23305652875695004, 0.257222989741621, 0.09828706209406625, 0.6678850347911753, 0.7584772507613498, -0.06948008608872526, 0.47573628488209996, 0.5648190111460025, -0.0733775557374964, 0.05461495833683433], [0.2760092124549254, -0.4719681624882785, 0.34694075621442716, -0.2069002475543686, 0.5825293540016161, -0.6331260872209192, 0.08366823746620197, 0.5661726771747464, 0.03712699277062781, 0.7561878794680676, 0.543189760360602, -0.06530521566683375, 0.03549546478327148, 0.04756746541574826]], "inverted": true, "swapped": true, "error_lsq": 0.0507614220688852, "error_max": 0.2959337678831042, "target": "514.xyz", "model": "0.xyz", "model_rescale": 3.8414455957264533, "target_rescale": 4.167323895468261},
{"mapping": [11, 10, 12, 5, 3, 1, 4, 12, 8, 2, 9, 7, 13, 0, 14], "R": [[-0.05853739439353406, 0.9858694768087024, 0.15695460539452627], [0.890515759592868, 0.12262538978484089, -0.438114934345833], [-0.4511707607706351, 0.1141244429430061, -0.8851104768042211]], "T": [0.0753589609837922, -0.03327050524932547, 0.08308158834799538], "aligned_model": [[-0.5836647430458324, 0.13179479574119946, -0.4696015629804216, 0.6145522118460937, 0.5345630007760122, 0.038786905163293695, 0.4471146931252696, -0.4696015629804216, -0.41735812360077973, 0.7425022554620365, -0.0774430052350029, 0.14843935957944515, -0.63110455250324, -0.11791683323834697, 0.07379522100167307], [0.05105125325769462, -0.658038007957388, -0.46765314039054906, -0.3733169464243055, 0.021981724108154674, 0.1908705512891064, 0.3405653540676571, -0.46765314039054906, -0.5741357354228712, 0.02534392879940367, 0.022685233580991296, 0.4694171308533988, 0.13088069078492048, 0.6513767679910147, -0.04827696330026546], [-0.4506252606799437, -0.1905273744539493, -0.22775485976497772, -0.08413635641651752, -0.5489435084872409, -0.7517364533087718, -0.05056593597205404, -0.22775485976497772, 0.38140536354596455, 0.3930636852056888, 0.7456751246921595, 0.4766796040768318, 0.3040130021202657, -0.05627388560094983, -0.005441628953581301]], "inverted": true, "swapped": false, "error_lsq": 0.05052737555655648, "error_max": 0.3629691106303962, "target": "514.xyz", "model": "1.xyz", "model_rescale": 4.316132596720782, "target_rescale": 4.167323895468261},
{"mapping": [6, 13, 5, 1, 4, 9, 2, 8, 0, 10, 12, 14], "R": [[-0.8028609449559517, 0.5894307634112249, 0.08936262198982911], [-0.5517810451857, -0.7914461479027791, 0.26296515575952095], [0.2257254554502285, 0.16181585248149546, 0.9606579248866237]], "T": [-0.04224647436642155, -0.01882220550461255, 0.017333670885564346], "aligned_model": [[-0.2543164116981054, 0.4893507231064556, 0.21358418555223568, -0.5239044342938602, -0.619784225767099, -0.4460932455011845, -0.11297795493080273, -0.1841883145417768, 0.4198409952530527, 0.2565326819357162, 0.4614323676949929, -0.10166781217784329], [-0.6236069806843224, -0.503007117277604, -0.5169859607217648, 0.4868291636596863, -0.34414045646633346, -0.20587246486515928, 0.42000129266978903, 0.5803185091888369, 0.16206640053747418, 0.1934013227550473, 0.3477907698711936, 0.01598194907413714], [0.0339541476867758, 0.16913765128515407, -0.5711830360134734, -0.2113859992208561, -0.3622011094648462, 0.5182048893430031, -0.6601082183661491, 0.4562094656012407, -0.6206819336779851, 0.6325309768792561, 0.1292313183040121, -0.06444969114671095]], "inverted": false, "swapped": true, "error_lsq": 0.050537771503553625, "error_max": 0.27451696249062274, "target": "514.xyz", "model": "2.xyz", "model_rescale": 3.795458400668931, "target_rescale": 4.167323895468261},
{"mapping": [4, 1, 0, 12, 6, 13, 7, 9, 8, 10, 5, 14], "R": [[0.45531187537118617, 0.12836900387068473, 0.8810292248224355], [-0.014504866832769206, 0.9904894915203601, -0.1368216942809211], [-0.8902138535116925, 0.049517330632682, 0.4528436032261874]], "T": [0.08401628782379414, 0.0200235147475185, 0.025524663825277516], "aligned_model": [[-0.12273733446029153, -0.09737674016331985, -0.6542921404748369, 0.0417774937154064, 0.21818611873748225, 0.17766196645684443, -0.2392119727442292, 0.6777548597396948, 0.4670749007742806, 0.5919056511104486, -0.4804630138604654, 0.013024036912550996], [-0.062399864259386525, -0.6772831724557725, 0.12636035234557147, 0.019000319603372878, 0.3877816478100748, 0.7270621680814143, -0.39729472037257973, -0.050848142540030436, -0.5379830670954885, 0.037708214097221124, 0.5586469328399133, -0.0449816227646007], [-0.7051515944881235, -0.11887179863838376, 0.3368164412859421, 0.6570572207817484, -0.4821828650701204, 0.20273044019823375, 0.40435005030283455, -0.2768057977138198, 0.36260595794791595, 0.5300156761918797, -0.20078552003367814, -0.021006780125328396]], "inverted": false, "swapped": true, "error_lsq": 0.056502810103250034, "error_max": 0.3591849572943006, "target": "514.xyz", "model": "3.xyz", "model_rescale": 3.7530521520055578, "target_rescale": 4.167323895468261},
{"mapping": [13, 5, 0, 2, 12, 4, 10, 6, 9, 1, 14], "R": [[-0.6477862564628913, -0.7514804834472728, -0.12510015561799565], [0.7021682660462507, -0.525256874276713, -0.4806921490753301], [0.2955210518649987, -0.3992271271130142, 0.8679199322988811]], "T": [-0.0737588875735451, -0.0733750712464344, 0.12079557668316693], "aligned_model": [[-0.5427054117103454, -0.2864991856295503, 0.37056041461829603, 0.5878329800508897, 0.2530715907614086, -0.2636551658072124, -0.09765371909655907, -0.6501711609886041, -0.46668890829122983, 0.44805893468347047, -0.013950766145358624], [-0.5719048997258015, -0.03039715553610013, -0.26681073318360654, 0.2114080106802661, -0.6143223035307819, 0.6351144357909204, -0.6068415413214493, 0.17384274981150405, 0.12054940181248454, 0.4071534043551223, 0.009411989161788217], [-0.14684639541975647, -0.6620599861188075, -0.5260988748562268, -0.25027222729249715, 0.15509518990637247, -0.0923017957275366, 0.5978889614850126, -0.012045542199445924, 0.6276992057187867, 0.3125999809698564, 0.0891722607795585]], "inverted": false, "swapped": true, "error_lsq": 0.04342905183339046, "error_max": 0.21254413882024942, "target": "514.xyz", "model": "4.xyz", "model_rescale": 3.7855080009869324, "target_rescale": 4.167323895468261},
{"mapping": [9, 12, 14, 11, 13, 15, 8, 2, 0, 6, 5, 7, 3, 10, 16], "R": [[-0.4502564844974258, 0.3205871935819474, 0.8333624358460553], [0.23311484991593842, 0.9431582841623929, -0.23687532113861282], [-0.861931879510608, 0.08761450979776347, -0.4993967688684106]], "T": [0.04428838903968773, -0.08965153465476652, 0.021736885605016052], "aligned_model": [[-0.5718428390541944, 0.1969893968035343, -0.2404537592792182, 0.6627302376598416, 0.5805299599455364, -0.027704360257074907, 0.40122701359270363, -0.5660653491149463, -0.2854989583396765, 0.6598091257960317, -0.32015272129802635, 0.290897704605232, -0.6258846902686559, -0.1984359760796725, 0.008713274399563493], [0.10112441306104245, -0.6713048209417359, -0.3296238763541085, -0.5877771871449518, -0.15332358661103518, 0.35293489764487906, 0.44459393066399533, -0.500406365965581, -0.40692146775586235, -0.039695928684721785, 0.22329864610054947, 0.40907499807457937, -0.020582632800480158, 0.5973304229129289, -0.10362274135308498], [-0.2797608205051667, -0.29673936121666983, -0.5430928079513141, -0.021120348403420277, -0.4612315256886258, -0.6698210661812538, -0.26546770184469903, -0.04560159116852433, 0.6534440791520123, 0.23319782318464521, 0.6731569544395068, 0.5235587293941911, 0.19059817769487278, 0.031981231760106615, -0.016025116427715706]], "inverted": false, "swapped": false, "error_lsq": 0.041169940197692684, "error_max": 0.2591818381794756, "target": "514.xyz", "model": "5.xyz", "model_rescale": 4.2253639853439635, "target_rescale": 4.167323895468261},
{"mapping": [13, 5, 7, 12, 0, 1, 8, 10, 4, 6, 2, 3, 9, 14], "R": [[-0.2868288674162531, -0.6669120013229644, -0.6877191165789329], [-0.9076311673690827, -0.040488205042107095, 0.4178114039524343], [-0.3064879521889001, 0.7440356763918425, -0.5936969322972688]], "T": [0.12828017361630387, -0.044148004277827, 0.010400063292312703], "aligned_model": [[0.6186362811779866, -0.05307468711569843, -0.3383536810717731, 0.14925827597641422, -0.39115402463170845, -0.42581755096005536, 0.1594594420516002, 0.6007216148726038, -0.15315485869737258, 0.40013404252250684, -0.673825263287698, -0.09758788622557088, 0.5496034735229982, 0.02921697462355019], [-0.15632086826155445, 0.19795180037941548, -0.47252116124180127, -0.674851941863754, -0.38217014729489823, 0.03177408570189047, -0.40724994510419676, -0.5191506062811999, 0.6656675839350332, 0.4987996023533689, -0.14501914260573923, 0.5344122307906605, 0.2806598398943672, -0.006882183766601636], [-0.5253640582924004, -0.7435670891351385, 0.1549302514369319, -0.038497743273910326, -0.5084819787580559, 0.48705710233106936, 0.6729058209812726, 0.2632777969170568, -0.009211706490373603, -0.19531307015404964, -0.04389910564470294, 0.514450635843812, 0.41775559950337965, 0.02551575366655727]], "inverted": true, "swapped": true, "error_lsq": 0.048053238205823065, "error_max": 0.33576081947908015, "target": "514.xyz", "model": "6.xyz", "model_rescale": 3.89814844738969, "target_rescale": 4.167323895468261},
{"mapping": [4, 3, 1, 5, 7, 9, 6, 0, 13, 11, 8, 12, 14], "R": [[-0.5243420861029244, -0.8235523410855466, -0.21639528237405942], [0.24983144048975292, -0.3917383140203854, 0.8855085232064573], [-0.8140329404170623, 0.41024704120929567, 0.4111541524720017]], "T": [-0.07015962696030942, 0.08419087987746247, 0.024753980605207688], "aligned_model": [[-0.1350210653509706, 0.04225193282924532, 0.5224008235976094, -0.26165454700390833, 0.5519435793917269, -0.4318653931740545, -0.594786973851548, 0.3442361298314658, -0.612580579642095, -0.7096877354861549, 0.26983822745195907, 0.160384003475929, 0.003173398835018021], [-0.16428555501774506, 0.34792784143680416, 0.26575040440188474, -0.7042469060487855, 0.08581337882788673, 0.573295245485532, -0.07202905692743213, -0.5436356513774314, -0.1711617184597215, 0.3993555211399012, 0.7471518219692139, 0.14961916734525704, 0.05022677269512092], [-0.6946074885527117, -0.7219867790174718, -0.3700860331748597, -0.016037209460420015, 0.21216972001128248, -0.25613363000215966, -0.3089764511756994, 0.320421754377036, 0.4497829422407986, 0.2687478598029912, 0.15364654609651543, 0.6105758876864662, -0.045242087995472066]], "inverted": false, "swapped": true, "error_lsq": 0.04863718437362925, "error_max": 0.3077523100748604, "target": "514.xyz", "model": "7.xyz", "model_rescale": 3.7474275329858107, "target_rescale": 4.167323895468261},
{"mapping": [9, 3, 5, 0, 10, 11, 12, 8, 2, 1, 4, 13, 8, 13, 14], "R": [[-0.39263193864531887, 0.7176331994840289, -0.5751893181848344], [0.4829108735990003, 0.6931274164701268, 0.5351368728627265], [0.7827114723290243, -0.06765334829676593, -0.6186968365433653]], "T": [0.09455562143996243, -0.08521643245894692, -0.12823756510689857], "aligned_model": [[-0.526416815304353, -0.022998104314809975, -0.3542269692766028, 0.5823436840613354, 0.5608602186308885, -0.001184494930753538, 0.4569815095842592, -0.518252658331406, -0.026069335254442993, 0.5969874513083447, -0.38334744137347293, 0.013678705915524877, -0.518252658331406, 0.013678705915524877, 0.09107626081234722], [0.09655383359858782, -0.7875863462665224, -0.5268069900801654, -0.5274685467091493, -0.029103334534923544, 0.3756892738363842, 0.41386383721100073, -0.27392806599611597, -0.37379379771249166, -0.23762230360403644, 0.1402296715219388, 0.692810988301275, -0.27392806599611597, 0.692810988301275, -0.06662244102452791], [-0.5303485488782933, -0.044618412254678, -0.4697246508237626, -0.1544884895149056, -0.7237832833924381, -0.5342913984979782, -0.11378146506762216, 0.1042796331127469, 0.6532752114589367, 0.40947660322556034, 0.44883137583421895, 0.31475688832679627, 0.1042796331127469, 0.31475688832679627, -0.07154332873017905]], "inverted": false, "swapped": false, "error_lsq": 0.05493126214653323, "error_max": 0.3432801966730523, "target": "514.xyz", "model": "8.xyz", "model_rescale": 4.019505241142653, "target_rescale": 4.167323895468261},
{"mapping": [7, 10, 12, 0, 2, 5, 13, 1, 4, 9, 11, 6, 14], "R": [[0.03158400139947674, 0.4233839882562184, -0.9053996075456718], [0.18205982106384694, 0.8882602427406008, 0.42172024224669274], [0.9827800732665464, -0.17815650326234944, -0.049026400393406305]], "T": [-0.03706247706148713, -0.0606694138670122, 0.05513692934310316], "aligned_model": [[-0.18598438331720427, -0.6081428784032498, -0.2702753779875139, 0.42899007208795625, 0.2316161351120995, 0.7611761068946746, 0.20451643052305735, -0.22308195386593338, 0.3737198024084327, -0.38221887720531944, -0.28596752952306154, 0.27653810365942416, -0.0011848786421861726], [-0.5587834250575254, 0.27931103677268465, -0.03948973813734325, -0.3705447394133399, -0.7936077615647775, 0.04333443479514192, 0.5848785920247438, -0.7457325003916228, -0.2990012409227798, 0.19673857118348825, 0.6439980367643383, 0.27996442547418243, -0.15768746341313197], [-0.33453522635488214, -0.21142639123130008, -0.5328951253356069, -0.5280283414769555, -0.16191076136178364, -0.05425562256460237, -0.19977964743100818, 0.24507298890935847, 0.653371270787269, 0.5685180550517259, 0.15182211260571155, 0.49857552275296907, 0.08217465969298335]], "inverted": false, "swapped": true, "error_lsq": 0.04795876528806491, "error_max": 0.28174446210680404, "target": "514.xyz", "model": "9.xyz", "model_rescale": 3.877068213659057, "target_rescale": 4.167323895468261},
{"mapping": [3, 0, 5, 8, 7, 4, 2, 12, 11, 9, 10, 14, 6, 13, 15], "R": [[-0.9573910035443888, 0.23951565016246967, -0.16135278014189294], [-0.22964088613447808, -0.2925890078238166, 0.9282546719063937], [0.1751214714066789, 0.9257558672932752, 0.33512466997288587]], "T": [-0.022012454165206655, -0.018693815103185303, -0.05068224671788467], "aligned_model": [[-0.5077471614055085, -0.0661224090868362, -0.3911301423252426, 0.6266341060653219, 0.5935331427998098, 0.06205513921704081, 0.4687554498437652, -0.5880753101995476, 0.020391338155508268, 0.4832728950292284, -0.11604707241313501, 0.13832211105341458, -0.5606678456420721, -0.16693641744633209, -0.031379764534437075], [0.13456481153589744, -0.8119246491019855, -0.44515247079149806, -0.4308094111243067, -0.06451510560295903, 0.2399970487321504, 0.423297785879999, -0.48939153841132055, -0.5784024438103353, 0.07480291511451101, -0.02183474758919602, 0.4982947183013678, 0.15607842801752642, 0.7382557924612322, -0.10816243276467014], [-0.429278245469992, -0.10172332335396435, -0.5918666787911264, 0.018174933193560686, -0.5848082588261936, -0.6704421651185634, -0.1150689456895452, 0.07664297468115057, 0.42846642082830344, 0.3635524466960184, 0.6524240073959319, 0.5119341680470513, 0.19346854151002102, 0.00983909198704462, -0.054238310851751674]], "inverted": false, "swapped": false, "error_lsq": 0.03763339846783955, "error_max": 0.2444790168326446, "target": "514.xyz", "model": "10.xyz", "model_rescale": 4.260839863003843, "target_rescale": 4.167323895468261},
{"mapping": [13, 5, 4, 6, 3, 9, 10, 12, 2, 1, 8, 14], "R": [[0.9700216025573338, -0.23019539208569909, -0.07789847260770386], [-0.015907970004970906, 0.25971074880758055, -0.9655554170756471], [0.24249747846611286, 0.9378488195953103, 0.2482630953671126]], "T": [0.08110768661030718, 0.015015514246258016, -0.08887283883707045], "aligned_model": [[0.3738564599037688, 0.19365526036729674, -0.5320128781902271, -0.34198732370707374, -0.6385130154645294, -0.41441307975171016, 0.3699379093628543, 0.6702008111059583, 0.25225172439185173, -0.14938626221297718, 0.12721315651341994, 0.048095886775498406], [-0.1105198747475303, -0.7531216743395438, -0.4231011370830092, -0.22589495719272742, 0.06079283281904003, 0.4081915395915569, 0.6338790539925311, 0.2396543367463519, -0.3839255046844262, 0.07786337722940431, 0.6865478544143232, -0.03728734121303667], [-0.7511522960604899, -0.3281773958740679, 0.035888697880305714, -0.5059666890119645, 0.25734355014290833, -0.3098338642681008, -0.30418785709385393, -0.03296914262890763, 0.595270640231579, 0.6060466317975366, 0.25557983851712707, -0.0016640362365677036]], "inverted": true, "swapped": true, "error_lsq": 0.043354344190270254, "error_max": 0.20955252527777168, "target": "514.xyz", "model": "11.xyz", "model_rescale": 3.890672605050136, "target_rescale": 4.167323895468261},
{"mapping": [13, 11, 10, 0, 12, 4, 6, 2, 5, 3, 8, 9, 1, 14], "R": [[0.9638159903365531, -0.16920809176283086, -0.20597902430478485], [-0.14524595417462327, 0.31457724576766194, -0.9380537134093844], [0.22352259296874885, 0.9340287887036532, 0.27861778892474476]], "T": [0.12342328880842837, 0.0008309678982601817, 0.0825342201963496], "aligned_model": [[0.3798704650583472, 0.1075886531915726, 0.4905943806669616, 0.6124450902504815, 0.7392744473702675, -0.541699128219993, -0.3390052649859937, 0.2534943177824174, 0.1218811539352001, -0.5742792724995169, 0.2710448062031242, -0.317491720204519, -0.079368355615004, 0.08552626186034787], [-0.18229959943683186, 0.35950679192800955, 0.5670528987464875, -0.5882275047783534, 0.1420624400985022, -0.3434577717004964, -0.1895070620067277, -0.3996048015806516, -0.7816597010744822, 0.1563738953779842, 0.6682889424824278, 0.45351801321278945, 0.11406488814735942, -0.043958909588251334], [-0.5813732272055953, -0.5800055018989915, -0.1569520003246021, 0.3417199113986877, 0.11994484582871068, 0.23255389340339505, -0.31864627517403, 0.77479807173654, -0.1358103301280885, 0.4414671378900337, 0.40570102689089277, -0.1402221161745258, 0.7797027889441401, 0.17191221017029432]], "inverted": true, "swapped": true, "error_lsq": 0.05414157201788039, "error_max": 0.3483050561054924, "target": "514.xyz", "model": "12.xyz", "model_rescale": 4.124412569039231, "target_rescale": 4.167323895468261},
{"mapping": [2, 4, 6, 1, 5, 0, 3, 12, 9, 8, 13, 11, 14], "R": [[-0.13825338108402208, 0.9901113457787334, -0.023780781716790184], [0.9468437745039795, 0.13917773378452325, 0.29002831775821764], [0.29047008331649826, 0.01758071041880388, -0.956722556083673]], "T": [0.13769755451331345, 0.07961123894692648, -0.08500241519378428], "aligned_model": [[-0.29634071156420416, -0.07038253989682919, 0.42417585884548736, -0.5809468719272924, 0.6078586685076816, 0.2608680004106732, -0.4422516743549231, 0.23675155963114475, 0.044694541019005815, -0.3415406534805935, 0.8674398481480886, 0.5939407330413615, 0.06303154913015752], [-0.46718003864763513, 0.4418753498808302, 0.5629498586459736, -0.005308128095442677, -0.11311069717534653, -0.650903437081822, 0.5634807282085466, -0.39525076139629234, 0.7049565249005886, 0.06482940719724084, 0.080414905778334, 0.5038342398452952, 0.056897424448206765], [0.3262476310465878, 0.5544472360195951, 0.2237506944464559, 0.04278363427859676, 0.5488549426483533, 0.23824173155264572, 0.17833105219227985, -0.4915893282298107, -0.3069161470320162, -0.6696743596480846, -0.17189658424486148, -0.5089540319357378, -0.011928390126164742]], "inverted": false, "swapped": true, "error_lsq": 0.04556249460029589, "error_max": 0.235941173162276, "target": "514.xyz", "model": "13.xyz", "model_rescale": 3.9028299243045295, "target_rescale": 4.167323895468261},
{"mapping": [10, 11, 14, 1, 6, 7, 3, 13, 12, 2, 8, 0, 5, 4, 15], "R": [[0.6722178302005971, -0.12905916220761493, 0.7290177785285282], [0.26659903371093896, 0.9608276744115445, -0.07573067614446094], [-0.6906867191316156, 0.24526294611125454, 0.6802925424257074]], "T": [0.04656505974870158, -0.039862995872302846, -0.0038299277267699466], "aligned_model": [[-0.5223274927657009, 0.10864664410717359, -0.44087078287854337, 0.5196172364233627, 0.6042225352138864, -0.007355182231779098, 0.4044033693963921, -0.6785532526073664, -0.1763396946335241, 0.5838997293756922, -0.0694803027386267, 0.1943093534536275, -0.38055819614767855, -0.23286764070212074, 0.05811173584618387], [0.1328496609500687, -0.733297405748088, -0.5725998183161729, -0.48504214986672883, -0.05602760019184805, 0.3367341570822852, 0.45843713671731107, -0.35475445096385105, -0.5967273873109444, -0.031116538098033185, 0.008063482589188424, 0.6238209207201388, 0.052198911522297727, 0.575778433915024, -0.04321865215423428], [-0.45314518889200106, -0.2511177851352764, -0.5153457438240134, -0.019189443831735556, -0.36874787449593965, -0.8259583530524215, -0.11490723075402179, 0.08390921058361765, 0.3489530210992146, 0.49950368117396726, 0.7582354802698722, 0.47041862712488, 0.26298866820405364, -0.05143528174168811, -0.11708513049056239]], "inverted": true, "swapped": false, "error_lsq": 0.04505032757897706, "error_max": 0.25749746547278995, "target": "514.xyz", "model": "14.xyz", "model_rescale": 3.942246331269136, "target_rescale": 4.167323895468261},
{"mapping": [3, 2, 5, 7, 0, 12, 8, 5, 9, 6, 10, 11, 4, 13, 14], "R": [[-0.7396237431774846, 0.648714288502736, 0.17923864098044218], [-0.14044551563963617, -0.4092264724772673, 0.901559067039165], [0.658203445497548, 0.6416412285040619, 0.39378262813252063]], "T": [-0.04864859722823066, 0.007121111020799972, 0.0037555221951383853], "aligned_model": [[-0.6852102448216761, 0.17422108216718568, -0.34253000546302836, 0.6379371193166522, 0.43360433672436066, -0.18565655217206117, 0.6836016641859822, -0.34253000546302836, 0.033253785182103826, 0.3541711428810097, -0.35183932697996606, 0.18389124061597212, -0.48484104433351244, -0.12872206792550794, -0.014493064803508676], [0.04793377112949761, -0.6477244450430651, -0.4941498968351902, -0.49632362322648066, -0.22644938731090897, 0.46710877574682436, 0.24962598485921766, -0.4941498968351902, -0.637834268364274, -0.040233089549861586, -0.045960369976526375, 0.5170509041136196, 0.32924755546553214, 0.8068793048403519, -0.019922618167133144], [-0.3274113935567479, -0.31897396568763675, -0.25147114719128444, 0.0820048769801716, -0.4998260629243459, -0.6578458885838566, -0.058227274702237763, -0.25147114719128444, 0.4786100941328301, 0.3888311329588669, 0.6473844943607042, 0.4509778993055153, 0.2265439415537434, -0.1183301739952701, -0.08371872922122194]], "inverted": false, "swapped": false, "error_lsq": 0.05381374490740135, "error_max": 0.320145791546073, "target": "514.xyz", "model": "15.xyz", "model_rescale": 4.355366556412066, "target_rescale": 4.167323895468261},
{"mapping": [6, 13, 5, 1, 4, 9, 2, 8, 0, 10, 12, 14], "R": [[-0.8028609449559517, 0.5894307634112249, 0.08936262198982911], [-0.5517810451857, -0.7914461479027791, 0.26296515575952095], [0.2257254554502285, 0.16181585248149546, 0.9606579248866237]], "T": [-0.04224647436642155, -0.01882220550461255, 0.017333670885564346], "aligned_model": [[-0.2543164116981054, 0.4893507231064556, 0.21358418555223568, -0.5239044342938602, -0.619784225767099, -0.4460932455011845, -0.11297795493080273, -0.1841883145417768, 0.4198409952530527, 0.2565326819357162, 0.4614323676949929, -0.10166781217784329], [-0.6236069806843224, -0.503007117277604, -0.5169859607217648, 0.4868291636596863, -0.34414045646633346, -0.20587246486515928, 0.42000129266978903, 0.5803185091888369, 0.16206640053747418, 0.1934013227550473, 0.3477907698711936, 0.01598194907413714], [0.0339541476867758, 0.16913765128515407, -0.5711830360134734, -0.2113859992208561, -0.3622011094648462, 0.5182048893430031, -0.6601082183661491, 0.4562094656012407, -0.6206819336779851, 0.6325309768792561, 0.1292313183040121, -0.06444969114671095]], "inverted": false, "swapped": true, "error_lsq": 0.050537771503553625, "error_max": 0.27451696249062274, "target": "514.xyz", "model": "16.xyz", "model_rescale": 3.795458400668931, "target_rescale": 4.167323895468261},
{"mapping": [4, 3, 1, 5, 7, 9, 6, 0, 13, 11, 8, 12, 14], "R": [[-0.5243420861029244, -0.8235523410855466, -0.21639528237405942], [0.24983144048975292, -0.3917383140203854, 0.8855085232064573], [-0.8140329404170623, 0.41024704120929567, 0.4111541524720017]], "T": [-0.07015962696030942, 0.08419087987746247, 0.024753980605207688], "aligned_model": [[-0.1350210653509706, 0.04225193282924532, 0.5224008235976094, -0.26165454700390833, 0.5519435793917269, -0.4318653931740545, -0.594786973851548, 0.3442361298314658, -0.612580579642095, -0.7096877354861549, 0.26983822745195907, 0.160384003475929, 0.003173398835018021], [-0.16428555501774506, 0.34792784143680416, 0.26575040440188474, -0.7042469060487855, 0.08581337882788673, 0.573295245485532, -0.07202905692743213, -0.5436356513774314, -0.1711617184597215, 0.3993555211399012, 0.7471518219692139, 0.14961916734525704, 0.05022677269512092], [-0.6946074885527117, -0.7219867790174718, -0.3700860331748597, -0.016037209460420015, 0.21216972001128248, -0.25613363000215966, -0.3089764511756994, 0.320421754377036, 0.4497829422407986, 0.2687478598029912, 0.15364654609651543, 0.6105758876864662, -0.045242087995472066]], "inverted": false, "swapped": true, "error_lsq": 0.04863718437362925, "error_max": 0.3077523100748604, "target": "514.xyz", "model": "17.xyz", "model_rescale": 3.7474275329858107, "target_rescale": 4.167323895468261},
{"mapping": [9, 4, 6, 1, 10, 12, 11, 5, 8, 13, 7, 2, 0, 14], "R": [[0.6646271508514081, 0.721805004317121, 0.1930499575081562], [0.027150306661042678, 0.23487174916390735, -0.9716471181930703], [-0.7466817335380258, 0.6510244213448891, 0.1365049142456092]], "T": [0.07259581607185489, -0.05490179104647336, -0.0010692168440874887], "aligned_model": [[0.501794609796353, 0.24207061716589098, 0.6359745839182045, -0.43569801943180003, 0.1353858052206882, -0.24784974210432337, 0.6790488841993572, 0.22515575212141145, -0.24758569388972346, 0.5225172880416024, -0.5709324293091966, -0.616705445125671, -0.41845744991657413, 0.01012888719665734], [-0.42699400582883235, 0.41386291976347994, 0.20000613538987916, -0.09663314613246238, -0.6899347151292274, -0.3067085879459369, -0.4339465340374452, 0.703436493554878, -0.7228547824229015, 0.046921654818307026, -0.11577751853371601, 0.3451593371062977, 0.44369943123837835, 0.00017155967053492788], [-0.35643912373781317, -0.5798320403657579, -0.17030525271701863, -0.530111989958372, 0.3238402137409426, 0.48321015958278646, 0.2364128345879257, 0.24715825924627927, -0.15289690592965902, 0.5710126938536672, 0.06454506843845265, -0.14705340522903368, 0.4033722994965554, -0.0681180923472995]], "inverted": false, "swapped": true, "error_lsq": 0.04199412534280578, "error_max": 0.2854853672584997, "target": "514.xyz", "model": "18.xyz", "model_rescale": 3.922800546911778, "target_rescale": 4.167323895468261},
{"mapping": [10, 13, 11, 12, 7, 9, 3, 4, 8, 5, 1, 0, 6, 2, 14], "R": [[-0.4170319644594741, 0.8488024139435235, 0.3249904655566366], [0.27206388004753473, 0.4577521249457325, -0.8464302908575208], [-0.8672171503104356, -0.2645703199365226, -0.42182574603280604]], "T": [-0.01123525740148857, -0.09067469011317467, 0.05488410703244334], "aligned_model": [[-0.6827347652208116, 0.05959721814701804, -0.21157797312688506, 0.7163831406558371, 0.43355875045841563, -0.044939348304640324, 0.5110033444344814, -0.5778557514226482, -0.07623188790506533, 0.4856216453934394, -0.28402385468110464, 0.4393892431333589, -0.6330733078406109, -0.20950553129597682, 0.03924713668617071], [0.12358150946177954, -0.7159428251217123, -0.3081415962447617, -0.38879355651468217, -0.15730866423552445, 0.41903611788148065, 0.23518412904352368, -0.49595110704917944, -0.5257375935254492, -0.06589047134045245, 0.3185753843354816, 0.5498664842223112, -0.16531443585043776, 0.5750610093565357, -0.08312568357250005], [-0.3372680817991511, -0.22049974610858708, -0.5930468721328788, 0.03725875964623346, -0.6053652573165431, -0.5789945188769743, -0.11898974469724768, -0.1414813194634028, 0.48019148072737733, 0.633721459689105, 0.6081324976255242, 0.3465812087930095, 0.3438722024541403, -0.12008400357393617, -0.026951408728723827]], "inverted": false, "swapped": false, "error_lsq": 0.04943076412036577, "error_max": 0.2857058998657756, "target": "514.xyz", "model": "19.xyz", "model_rescale": 3.9282355846067225, "target_rescale": 4.167323895468261},
{"mapping": [4, 2, 0, 1, 3, 7, 8, 12, 9, 11, 5, 6, 13, 14], "R": [[-0.8779407346097693, 0.4223136019005088, 0.22554664298693883], [0.25949078203320286, 0.023828661380290717, 0.9654515673697054], [0.40234885429519485, 0.9061365330603565, -0.13050663929740153]], "T": [0.017561343352091592, -0.040905333043822045, 0.06647430617421059], "aligned_model": [[-0.6460411448546607, -0.018218903987190484, 0.4501025121305758, -0.3654722466437853, -0.7563772878685289, 0.24070302284103715, 0.04295045125429043, 0.5946400420510308, -0.37145666817094974, 0.1577537191119727, 0.11125432568119265, -0.314244239014936, 0.4470511721079671, -0.04012193555333919], [-0.3841006334364906, -0.6635627642038389, -0.7057753290982449, -0.1688500632500029, 0.012236466625399109, -0.2296121973964274, 0.46389323856143816, 0.04912673108375498, 0.48134896519197, 0.5268976099602893, -0.696861194113079, -0.05708893201252377, 0.007477992442507096, -0.11224780292991554], [0.22546232972180846, -0.45074326460942793, -0.08897811323476544, -0.547452236614192, -0.12848786959585928, -0.5138163119254744, -0.49589820425662423, -0.1774374321429084, 0.22416839689025497, 0.5416625651594053, 0.5364869669153092, 0.6147969023642946, 0.660841699648086, 0.011577728923775912]], "inverted": false, "swapped": true, "error_lsq": 0.044748293286750666, "error_max": 0.2545827146442632, "target": "514.xyz", "model": "20.xyz", "model_rescale": 4.067790424073018, "target_rescale": 4.167323895468261},
{"mapping": [11, 9, 12, 7, 0, 3, 2, 10, 1, 8, 5, 4, 13, 6, 14], "R": [[-0.04111785637994192, 0.10549634458221155, -0.9935692442736488], [-0.7199864748403842, -0.6926080303791798, -0.04374462596925005], [-0.692768935456574, 0.7135577324464113, 0.10443449876501854]], "T": [0.0056214545525614225, 0.011976794054161896, -0.0059532067718912375], "aligned_model": [[-0.5356759031983952, -0.08817853400102714, -0.1733616592574855, 0.47841794882353683, 0.628021193554134, -0.020190974611064342, 0.44711499360160023, -0.601405004334105, -0.04056499295681258, 0.4174745687294067, -0.046331552373675935, 0.37731975799905726, -0.6117643376124188, -0.2192910202599856, -0.04672642499178691], [0.09000420077111922, -0.7467389107764347, -0.3544463076053214, -0.5579731804907039, -0.05460427639460334, 0.37183081511519006, 0.5567470483911342, -0.5382578724845488, -0.6355989762357225, -0.08942497031831913, 0.10506821919327054, 0.5747722796372342, -0.07919606135302219, 0.7168379540877585, -0.043921260690617796], [-0.350831661117777, -0.14596013824189957, -0.6545771520890457, 0.08506579525608288, -0.3415773350309153, -0.7763971169157132, -0.25501295162544463, 0.0009396521571941423, 0.4958610368270181, 0.3751800917603095, 0.5746507826174152, 0.42714505847352496, 0.31129401409366364, -0.017870691622280468, -0.02083272830418704]], "inverted": false, "swapped": false, "error_lsq": 0.046621987354472316, "error_max": 0.24640505863405568, "target": "514.xyz", "model": "21.xyz", "model_rescale": 4.186013935880536, "target_rescale": 4.167323895468261},
{"mapping": [6, 4, 5, 11, 8, 13, 9, 3, 0, 2, 1, 12, 14], "R": [[-0.531839776245974, 0.8298231765025068, 0.16893770491492402], [-0.6623159695756422, -0.28327654956612114, -0.6936079244868745], [-0.5277158410050897, -0.48077842319014547, 0.7002628784585746]], "T": [0.06614756480702301, -0.05964767130955148, 0.07060882037532176], "aligned_model": [[0.06445070761087052, -0.4349225053604776, 0.3593481939518688, 0.4567039168767503, -0.1796120803613812, 0.7423696589604057, -0.1618601838831804, -0.6941325996108328, 0.32614589682131867, -0.25923116749433994, -0.5839927571844362, 0.4380279729506685, -0.014721017854009102], [-0.3844849074255362, -0.03998018702722558, 0.32203689945501535, -0.7040667806812533, -0.2367843271897287, -0.22667476098886, -0.6896879499729526, -0.2567377284704885, 0.7036899667036098, 0.6813738722608483, 0.1975182209574162, 0.1457506897333458, 0.007003652191902271], [-0.4821048609881122, -0.5055599422643399, -0.5838517570280031, 0.07751628860035545, 0.7633958346396971, -0.16370013870834116, 0.0669067451695157, -0.08086687638751633, 0.015600213921049016, 0.10949674570284493, 0.29682475829340527, 0.5397942937990192, 0.049428256585771976]], "inverted": false, "swapped": true, "error_lsq": 0.04195483290028469, "error_max": 0.28192044831496654, "target": "514.xyz", "model": "22.xyz", "model_rescale": 4.166573947596378, "target_rescale": 4.167323895468261},
{"mapping": [8, 2, 4, 6, 1, 7, 13, 3, 11, 12, 9, 14, 9, 10, 15], "R": [[0.11067718522725838, 0.9582061781653002, -0.2638019726916778], [-0.41143858761448754, 0.28579423859808933, 0.8654709364305275], [0.904692682236331, 0.012750423914049291, 0.42587389847001106]], "T": [0.01144051796633163, -0.06542796668879854, -0.05220243614348016], "aligned_model": [[-0.7160545373125417, 0.16318811338295225, -0.3615926048017903, 0.6971112353758357, 0.36961129297445583, 0.02341064518409157, 0.493502238526233, -0.38477531232582934, -0.1118438939824721, 0.3861925972469739, -0.4277518294472049, 0.2146560095494093, -0.4277518294472049, -0.008557429313334898, 0.05551336350140403], [0.07837868217520004, -0.7105179810640277, -0.4624509518231185, -0.3934788305954292, -0.3623664298873076, 0.4520961032946968, 0.6296523595006694, -0.5065131882277566, -0.49112370994943005, -0.15230439928477435, 0.07754714881101597, 0.47301238745706714, 0.07754714881101597, 0.6831697862812998, -0.07754942465270752], [-0.37492481297607916, -0.1689961852387631, -0.545226321931472, -0.0888893540313769, -0.5922397551044284, -0.5455736966485127, -0.08816042010969755, 0.04721333313829057, 0.6002371513790888, 0.47826407530040826, 0.3313563789074796, 0.490718563844703, 0.3313563789074796, -0.06414896102722242, -0.10390971817195192]], "inverted": false, "swapped": false, "error_lsq": 0.05044799899789812, "error_max": 0.40239320121223393, "target": "514.xyz", "model": "23.xyz", "model_rescale": 4.274766983524099, "target_rescale": 4.167323895468261},
{"mapping": [13, 12, 8, 9, 1, 3, 6, 4, 5, 2, 14], "R": [[0.5375367285211488, -0.6525247487627328, 0.5341027220890318], [0.7776148063955799, 0.6285696339735773, -0.014677469832644147], [-0.32614334021277525, 0.4232158639494219, 0.8452921708713493]], "T": [0.004110265442640447, 0.10880729734293487, -0.10049348154813939], "aligned_model": [[0.506785146935086, 0.19990445366866919, -0.552921613061065, -0.5037160272555321, -0.4272466907349356, -0.6018618990633956, 0.050249707489663696, -0.12178281210163813, 0.6914158043434486, 0.1499104787085505, -0.010841844970776435], [-0.24600340821280026, 0.5489671200065546, 0.5145555157879453, -0.3000590862581656, 0.516571231919975, -0.05502749586624481, -0.5123704801577356, -0.24134901837000655, -0.1345578211808313, 0.6773101696506816, 0.14754980392411066], [-0.5023670740550283, -0.5110327604504793, -0.4116412193551061, -0.2550662099553472, 0.3326925466294208, 0.39525968498406305, 0.051242616612624026, 0.5665672021907147, 0.2577702246068956, 0.4581148787502328, -0.0019734559364123494]], "inverted": true, "swapped": true, "error_lsq": 0.055912275871510014, "error_max": 0.2974006416455676, "target": "514.xyz", "model": "24.xyz", "model_rescale": 3.7841303162186577, "target_rescale": 4.167323895468261},
{"mapping": [1, 9, 8, 12, 5, 4, 3, 8, 10, 13, 7, 11, 7, 6, 15], "R": [[-0.16724139363306945, 0.07913175939034467, 0.9827352038629009], [0.867744050924111, -0.4613684943476797, 0.18482254870326054], [0.46802839480258335, 0.8836726074056747, 0.008493796522967112]], "T": [-0.04476361099222093, -0.13587631140444037, 0.007802938690901099], "aligned_model": [[-0.6155606260806078, 0.12363837293466512, -0.4240444034601967, 0.6432955067052245, 0.5627757181069857, -0.010535283684715603, 0.5023537081602947, -0.4240444034601967, -0.23261216204520122, 0.6541922198007768, -0.4402560171712949, 0.1761138969023308, -0.4402560171712949, -0.07633667822782411, -0.03386577219796785], [0.013015595797087526, -0.6947065006154235, -0.4044608452338869, -0.406852709823322, -0.05387259855835448, 0.26515883332831625, 0.42960570456209224, -0.4044608452338869, -0.5021601657196302, -0.014804787999419866, 0.12869070704209448, 0.3142234714996429, 0.12869070704209448, 0.5845872807080152, -0.06755514594900627], [-0.44503076294722027, -0.03080146471116268, -0.35752733967560135, -0.16047762608554647, -0.619500895284969, -0.6204514501972803, -0.1650976579967382, -0.35752733967560135, 0.6679575911871956, 0.33765507236885445, 0.4509683812800729, 0.5892243702693005, 0.4509683812800729, -0.03648934177400878, 0.003206738200577529]], "inverted": false, "swapped": false, "error_lsq": 0.049009737897244686, "error_max": 0.3151334199896117, "target": "514.xyz", "model": "25.xyz", "model_rescale": 4.19342608120988, "target_rescale": 4.167323895468261},
{"mapping": [6, 13, 5, 1, 4, 9, 2, 8, 0, 10, 12, 14], "R": [[-0.8028609449559517, 0.5894307634112249, 0.08936262198982911], [-0.5517810451857, -0.7914461479027791, 0.26296515575952095], [0.2257254554502285, 0.16181585248149546, 0.9606579248866237]], "T": [-0.04224647436642155, -0.01882220550461255, 0.017333670885564346], "aligned_model": [[-0.2543164116981054, 0.4893507231064556, 0.21358418555223568, -0.5239044342938602, -0.619784225767099, -0.4460932455011845, -0.11297795493080273, -0.1841883145417768, 0.4198409952530527, 0.2565326819357162, 0.4614323676949929, -0.10166781217784329], [-0.6236069806843224, -0.503007117277604, -0.5169859607217648, 0.4868291636596863, -0.34414045646633346, -0.20587246486515928, 0.42000129266978903, 0.5803185091888369, 0.16206640053747418, 0.1934013227550473, 0.3477907698711936, 0.01598194907413714], [0.0339541476867758, 0.16913765128515407, -0.5711830360134734, -0.2113859992208561, -0.3622011094648462, 0.5182048893430031, -0.6601082183661491, 0.4562094656012407, -0.6206819336779851, 0.6325309768792561, 0.1292313183040121, -0.06444969114671095]], "inverted": false, "swapped": true, "error_lsq": 0.050537771503553625, "error_max": 0.27451696249062274, "target": "514.xyz", "model": "26.xyz", "model_rescale": 3.795458400668931, "target_rescale": 4.167323895468261},
{"mapping": [4, 1, 3, 6, 11, 0, 2, 5, 7, 9, 13, 10, 14], "R": [[0.5498088062371026, -0.7100038047445867, 0.4400055384109881], [-0.15689780168795164, 0.4296094054271141, 0.8892799551288955], [-0.8204226693659926, -0.5579698522472096, 0.12480499819160575]], "T": [-0.10276214300978226, 0.02364607257801757, -0.011483121766367115], "aligned_model": [[0.08548484704644019, 0.38294495388624156, 0.5488270666804073, -0.14790725482837552, -0.11383421072135888, -0.6898163389661034, -0.17307959973329362, -0.7533266698024564, -0.0808395458935584, 0.374959638773498, -0.6546359210716098, -0.002802224390761554, -0.07629835815781279], [-0.5720517907087231, -0.41037059059765424, -0.3755652029365678, -0.047008839878784625, 0.6665347196544144, -0.33476650183065504, -0.6192285513276243, -0.3720912274253527, -0.1385594098318971, 0.2870535889377426, 0.4118158054529816, 0.703065440311009, -0.07694593656197393], [-0.45095507150578185, 0.3286764541733295, -0.24786663444452112, -0.6470807343191083, -0.40445839142029927, 0.41303687370804454, 0.4766400096501803, -0.29454875678910347, 0.617284301407974, -0.4005208719871778, -0.30274700415197947, 0.19142787573863002, 0.013248612039238862]], "inverted": false, "swapped": true, "error_lsq": 0.040807165573100775, "error_max": 0.2461745431389367, "target": "514.xyz", "model": "27.xyz", "model_rescale": 3.6321398670334006, "target_rescale": 4.167323895468261},
