[{"mapping": [11, 5, 1, 3, 12, 8, 9, 7, 2, 0, 6, 4, 13], "R": [[-0.6212238499497612, -0.12554509366571448, -0.7735110585570603], [-0.29462081855419187, -0.8772450859476674, 0.37899819584679806], [-0.7261401390420824, 0.463335179580762, 0.5079773713806636]], "T": [0.026976781760886043, -0.01915499467462258, -0.2000826918372808], "aligned_model": [[-0.14274423978157594, 0.5637736487978686, 0.16695020662795135, 0.4640650318358003, -0.38356634445277704, 0.02504843048259277, -0.6505202770461465, -0.44503161913815725, 0.11636057770578119, -0.2049114155398685, 0.5499928016784016, -0.005625996660331849, -0.0841457079785717], [-0.6903954410090501, -0.5314182139018552, 0.11151753513338664, 0.26014725147375745, -0.04323280976913216, -0.48251378706936465, 0.22600294705530186, -0.13141931182168656, 0.6616602942413905, 0.6591087669175486, -0.01815124785995055, 0.16509464339364, -0.0789869021344187], [-0.11237363361281724, -0.3478554166813127, -0.7444871772224867, -0.1357055006850465, -0.6075068054002766, 0.42910252937705595, -0.06727271224691247, 0.3795717526826424, 0.14597991060683, -0.48573732289386196, 0.35759061717941076, 0.7371437249489788, -0.09706911322151904]], "inverted": false, "swapped": false, "error_lsq": 0.04944806450358538, "error_max": 0.2723993234389891, "target": "515.xyz", "model": "0.xyz", "model_rescale": 3.8414455957264533, "target_rescale": 4.140491836131566},
{"mapping": [11, 3, 4, 5, 0, 12, 7, 13, 6, 2, 10, 8, 14], "R": [[-0.3437576738638697, 0.3734221963579478, 0.8616185495489915], [-0.5417841290922638, 0.6705605894169974, -0.5067725854705113], [-0.7670075743585841, -0.641018220636462, -0.028196128965261302]], "T": [-0.058197385636139624, 0.04107180576993765, -0.06142742646740848], "aligned_model": [[-0.15548001070671258, 0.5039986101609729, -0.026521664927970028, 0.53542430213158, -0.5173342506951089, 0.10916829907890535, -0.5629134984929178, -0.6575400306368006, 0.27701414131968527, 0.07855456652896231, 0.5244017678185172, -0.13969084654116845, 0.0005637114930225964], [-0.7888031925387085, -0.1735160088937194, 0.09958776360903004, 0.30366197830163344, -0.3067067980080947, -0.4549100521820987, 0.29918190148048457, -0.2514180190155171, 0.6860338463305258, 0.6782934775382334, -0.023521484691561352, 0.06486298676009108, -0.025332674040731508], [0.10622990314146036, -0.5626904453982139, -0.6012327304835718, -0.1753681043839092, -0.5016100606150895, 0.4938024971042442, -0.36407544983805273, 0.29924568996895107, 0.22437735343577855, -0.4076241512154666, 0.29182493889149996, 0.7241266410781588, -0.0756252288551042]], "inverted": true, "swapped": false, "error_lsq": 0.040507741401408455, "error_max": 0.23112835411331217, "target": "515.xyz", "model": "1.xyz", "model_rescale": 4.316132596720782, "target_rescale": 4.140491836131566},
{"mapping": [5, 7, 0, 3, 1, 10, 2, 8, 4, 11, 6, 12], "R": [[0.9938413328636603, 0.018825551461232076, -0.1092016652984914], [0.06336169155291352, -0.9050145170329166, 0.4206352576796556], [-0.09091040168944742, -0.4249639073755056, -0.9006336526539557]], "T": [-0.038192027633633024, 0.03532636874495986, -0.014130426653995179], "aligned_model": [[-0.17302536389711376, 0.5940183313423542, 0.18774244811207386, -0.6742574205987698, -0.5856039813317735, -0.537054719056606, -0.16513273930432382, -0.16562857390602326, 0.4458203077982681, 0.08815414630734322, 0.5453448372546176, 0.03743128191173391], [-0.6690015670831646, -0.2370035746495674, -0.5755899686796522, 0.38164741524681883, -0.13558105459851394, -0.13354635432709386, 0.3040051322328424, 0.6169761046802034, 0.06381609756155329, -0.15821009118868357, 0.4264092648593394, 0.12885502368689847], [0.15699268244015857, 0.08345357324259957, -0.4312859138809847, 0.07704812846814335, -0.4747541013759388, 0.35338621334252857, -0.6977900624505993, 0.46971537605707553, -0.5857957381468765, 0.7046960348935861, -0.16560858549006557, -0.04079914589020603]], "inverted": true, "swapped": true, "error_lsq": 0.04109428655049454, "error_max": 0.19061317267876654, "target": "515.xyz", "model": "2.xyz", "model_rescale": 3.795458400668931, "target_rescale": 4.140491836131566},
{"mapping": [5, 10, 11, 9, 0, 6, 8, 1, 3, 2, 7, 12], "R": [[0.32057497107727106, -0.2446820337929867, -0.9150750735637678], [-0.9363312327877071, -0.22793799570539658, -0.2670731971203022], [-0.1432323651451028, 0.9424303541656194, -0.3021746467230592]], "T": [0.03707858168815413, 0.05118582427890153, 0.03533374677720695], "aligned_model": [[-0.1617794995961217, -0.11099880886182979, -0.6891396390777893, 0.24250634961071188, 0.2311170608228416, -0.012296278735018332, -0.26187375324167583, 0.6532911045866802, 0.26797124628847524, 0.7426858142819253, -0.35132051737888925, 0.04314074704425553], [-0.11885160028886829, -0.5500674792626842, -0.13140406037184005, -0.02446414422464928, 0.4532197911303181, 0.630153824850521, -0.28880445337970784, -0.2440595174985589, -0.5754072098217718, 0.21577708554144095, 0.591969392558925, 0.127707416056585], [-0.6539294293581454, -0.13501299828742586, -0.06161587243278889, 0.7521665036369172, -0.5963320013041566, 0.4581397476729826, 0.6547668440347869, -0.2369816565726804, 0.3301230399044741, 0.21060744666897852, -0.16485477742901788, 0.13169458410517593]], "inverted": false, "swapped": true, "error_lsq": 0.04704414166461804, "error_max": 0.2882548557425529, "target": "515.xyz", "model": "3.xyz", "model_rescale": 3.7530521520055578, "target_rescale": 4.140491836131566},
{"mapping": [6, 0, 2, 1, 9, 5, 8, 7, 11, 10, 12], "R": [[-0.8617866676881482, -0.1260730367011481, 0.4913545856221437], [-0.4193443989978405, 0.7220923581128403, -0.5502116877931418], [-0.2854365330929058, -0.6802118903488741, -0.6751575888664173]], "T": [-0.04827192154772539, -0.04900907780314591, 0.009698848979539862], "aligned_model": [[-0.42960795815423003, -0.2874776458241012, 0.35142873242293693, 0.5488290444960238, 0.2509190676093699, -0.16586185211219528, 0.07254890559783367, -0.7279675614520689, -0.43835219087678257, 0.24784146048764563, -0.0841003997492269], [-0.6400433756149214, 0.33572419031905754, -0.4054150489282807, 0.1901146396912799, -0.7102151692920987, 0.6780645647471987, -0.42573324379704547, 0.004453855050816566, 0.24708348451513495, 0.3594246900420949, -0.1662552284188898], [-0.13750177233901612, -0.6172339967541959, -0.5088634817080632, -0.3471395573070243, 0.1969525364210059, -0.023126670975432487, 0.6670758184000983, -0.12643242959856427, 0.5844142366577819, 0.4071270619050843, -0.0024409674563575755]], "inverted": true, "swapped": true, "error_lsq": 0.05439994145615661, "error_max": 0.3127756682336349, "target": "515.xyz", "model": "4.xyz", "model_rescale": 3.7855080009869324, "target_rescale": 4.140491836131566},
{"mapping": [12, 6, 8, 7, 14, 1, 9, 2, 5, 10, 4, 0, 16], "R": [[-0.8139995128291736, 0.5026824040746155, 0.29105874621394456], [0.10292191207205875, 0.6179663820017947, -0.7794386638671729], [-0.5716746217292664, -0.6045063699824653, -0.5547613680866064]], "T": [-0.019073176564146515, -0.059149668833001, -0.15238553335127622], "aligned_model": [[-0.21793475322789144, 0.5927139326663736, 0.1985201504269445, 0.579544306336561, -0.6291469636929687, 0.06511152835359534, -0.6335238657597339, -0.6180831861120123, 0.15868733161703052, -0.0518923933356035, 0.5600113512290524, 0.037789559772194434, -0.07215190174257442], [-0.708475821719642, -0.25100705871809786, 0.08414143155089865, 0.39080182546084374, -0.3076726450710076, -0.47379231064040367, 0.2916073490065366, -0.10430599654780076, 0.6009975058930288, 0.6090285902694833, -0.03597712215410576, 0.07796004588408728, -0.06589206856425352], [-0.10885527359559521, -0.2747960843377179, -0.8061673613056326, -0.1762651025321899, -0.3064754521421207, 0.47537903560930206, -0.23197123704499628, 0.2776535370917139, 0.2808697655796357, -0.4412193733831641, 0.30709779237044155, 0.61340911188141, -0.1572785053604019]], "inverted": false, "swapped": false, "error_lsq": 0.03950928330372217, "error_max": 0.20898971945702438, "target": "515.xyz", "model": "5.xyz", "model_rescale": 4.2253639853439635, "target_rescale": 4.140491836131566},
{"mapping": [12, 9, 0, 1, 7, 11, 3, 6, 10, 4, 8, 5, 13], "R": [[-0.18660701967187468, 0.8311021864093474, -0.523876870986669], [-0.7061742002402868, -0.4841913203737488, -0.5166011654939595], [-0.6830049920199501, 0.27354692654155016, 0.6772564210515097]], "T": [0.029390768248603233, 0.06325626212440856, -0.012349324544191218], "aligned_model": [[-0.17673369062116284, 0.4933795567718381, 0.04317014262013927, 0.5367652296005442, -0.5228248566581228, -0.08337397084700202, -0.6040415115326719, -0.5539679538556143, 0.3280339350674468, -0.10308304912500041, 0.6681569981900806, -0.03018320191844409, -0.025652531161063107], [-0.8394198464487926, -0.23637660306082303, -0.07563994582349813, 0.4860299596753361, -0.3407232197861723, -0.5189813864572961, 0.21879553976222244, -0.10915722477353683, 0.6459564143125351, 0.6817777587179167, -0.03881699566897827, 0.1535096579623793, 0.08045961623827508], [-0.13080739702479408, -0.27221655547378104, -0.8020205356100503, -0.3325669670706629, -0.413908408404891, 0.49147328610755003, -0.29088218210563843, 0.19665823274438057, 0.4116616021328058, -0.32982870681762005, 0.3446151402537596, 0.6113866236493815, -0.03218327954975453]], "inverted": false, "swapped": false, "error_lsq": 0.04857600727936103, "error_max": 0.31707370445433886, "target": "515.xyz", "model": "6.xyz", "model_rescale": 3.89814844738969, "target_rescale": 4.140491836131566},
{"mapping": [5, 10, 2, 4, 1, 9, 0, 6, 7, 7, 11, 8, 12], "R": [[-0.49859451590033615, -0.40735837599287633, -0.7651553190186658], [-0.4818626651232542, 0.8639999219302754, -0.14598803671805782], [0.7205635854485185, 0.29591094676088747, -0.6270764155289619]], "T": [-0.024427247243903084, 0.08976671508844707, -0.026289633121356196], "aligned_model": [[-0.28041910173755474, 0.44835409000819954, 0.10357256283386365, 0.4350248156110981, -0.5765648738994503, 0.14216021738788778, -0.4971784335026206, -0.5632301085661028, 0.013094120676345931, 0.013094120676345931, 0.6497234314891338, -0.014175366335145358, 0.09618962188896651], [-0.6375380191021397, -0.41997779212512093, -0.11847310396570711, 0.34449830400568604, -0.28233429435036655, -0.6712086198732332, 0.3049310950242856, -0.17211354968795783, 0.7388703190836347, 0.7388703190836347, 0.15738338186263465, 0.1081156505415941, 0.01639003415262283], [-0.11613727127445019, -0.26196315213407184, -0.6909700607716033, -0.39980189253228465, -0.5473284915951139, 0.41087284839109556, -0.3112826031506369, 0.28753524571942163, 0.06607560804548136, 0.06607560804548136, 0.41675575728592973, 0.6499092930980684, -0.11836003629663244]], "inverted": true, "swapped": false, "error_lsq": 0.05636641765880209, "error_max": 0.46112090938956213, "target": "515.xyz", "model": "7.xyz", "model_rescale": 3.7474275329858107, "target_rescale": 4.140491836131566},
{"mapping": [10, 5, 3, 8, 0, 11, 1, 12, 4, 2, 9, 13, 14], "R": [[0.05924491897159995, -0.7470989784827894, 0.6620673348882432], [0.8567118519471443, -0.3023727725044661, -0.4178702061421188], [0.5123815397819705, 0.5919576190893526, 0.622134499037565]], "T": [-0.034269908585512036, -0.07979018891688394, -0.04859576487692155], "aligned_model": [[-0.29404011506644756, 0.5540510092553945, 0.1448777344991731, 0.4946573513915282, -0.4250162809892769, 0.12053205164541575, -0.6542469140400946, -0.44688988594084783, 0.20419288848886932, -0.12630069741201078, 0.6507954940991177, -0.201731649310889, -0.05123589008896416], [-0.7923421457271487, -0.2549709413457598, 0.05009170589075723, 0.3364890669672272, -0.2487822809032376, -0.44437161872405595, 0.27649925188312374, -0.18923123463200342, 0.6133613713927962, 0.7056749072686876, -0.2707853580571715, 0.3510104239318135, -0.025229423295461413], [-0.041349499702575815, -0.417664411108451, -0.7306304798020427, -0.15885840873364931, -0.5515591660567047, 0.43056672294770704, -0.27987085461171946, 0.396836643687407, 0.2250869980023726, -0.3369781714692953, 0.22443661323603678, 0.7224290246434817, -0.031064158201881378]], "inverted": false, "swapped": false, "error_lsq": 0.047662408640894265, "error_max": 0.32839379090930015, "target": "515.xyz", "model": "8.xyz", "model_rescale": 4.019505241142653, "target_rescale": 4.140491836131566},
{"mapping": [4, 8, 7, 9, 0, 5, 2, 3, 10, 1, 11, 6, 12], "R": [[-0.10007332285336218, -0.22097670671009098, -0.9701312411960812], [0.7356604845882463, -0.6729148747279841, 0.07739006903478135], [-0.6699171452265371, -0.7059425376483444, 0.22990465865254356]], "T": [-0.0020617236486233544, 0.07588821286236848, -0.004689697581397291], "aligned_model": [[-0.19693935092554765, 0.5052549127422977, 0.10556488873145602, 0.5942394808778152, -0.3983973167193598, -0.046405932312856266, -0.564259856891851, -0.6519711501343256, 0.2290446388969221, -0.1130487560147372, 0.5263899708330692, -0.03073694485723043, 0.010910512305315357], [-0.6647044415263403, -0.28388612667032537, -0.28839843936949155, 0.2706613778235645, -0.08174158350243303, -0.4181692848458397, 0.1601217531524548, -0.46270333054547164, 0.924564193803673, 0.6449960271159169, -0.0753818656533952, 0.3353153131679192, 0.046740131699335136], [-0.32271469957891885, -0.2679940584281511, -0.8264534941732087, -0.2764034239953565, -0.4953189089359075, 0.44748891674949304, 0.15904830009991835, 0.15654830810074016, 0.2493155913046212, -0.35124918247925474, 0.2870391044561319, 0.6734969649847347, 0.018577434725842935]], "inverted": true, "swapped": false, "error_lsq": 0.0641502827090319, "error_max": 0.4171221120727393, "target": "515.xyz", "model": "9.xyz", "model_rescale": 3.877068213659057, "target_rescale": 4.140491836131566},
{"mapping": [8, 5, 12, 3, 11, 7, 10, 9, 13, 6, 4, 2, 15], "R": [[0.18945415161174445, -0.9667816537236975, -0.17158192929427896], [0.450180827562541, -0.06977258645843061, 0.8902072841052282], [-0.8726077852805233, -0.24589636069322715, 0.42200785877237695]], "T": [0.0006241925642610923, 0.02479491236381333, -0.0462088855719485], "aligned_model": [[-0.3455799472802702, 0.6061990033714868, 0.06395070029304444, 0.5480847969126819, -0.5010346517939476, 0.25084857808391287, -0.6097849964456354, -0.5673690311371803, 0.06144331130748533, -0.0023124745730271966, 0.5587180331530613, -0.0938547375519805, 0.000336512191335936], [-0.6436139748800591, -0.24310662690615326, 0.0494293462639266, 0.3076222664793415, -0.2665836492347572, -0.5402232699981843, 0.29784021449477005, -0.07502245790142088, 0.6921093800707265, 0.5495641578770598, -0.02633534667285875, 0.04301959551708402, -0.037285910459907826], [0.12318765753331723, -0.4615441188656157, -0.7902371873178076, -0.19805392888484832, -0.5023801406742825, 0.4871097620567139, -0.28297388386429145, 0.27482926531082513, 0.3393179383301087, -0.3701119421713431, 0.33327450201261555, 0.6103708511223529, -0.11140792175705938]], "inverted": false, "swapped": false, "error_lsq": 0.03799572296062283, "error_max": 0.2651073597841257, "target": "515.xyz", "model": "10.xyz", "model_rescale": 4.260839863003843, "target_rescale": 4.140491836131566},
{"mapping": [0, 5, 10, 1, 9, 2, 4, 7, 11, 8, 6, 12], "R": [[0.7478538572981336, 0.43898702095682307, -0.4980010075850823], [0.6482692219625507, -0.32127243534268907, 0.6903122758180152], [0.14304413298130286, -0.839091423934503, -0.5248466045419328]], "T": [-0.03600642760802156, -0.03766372493817044, -0.01192373443230197], "aligned_model": [[0.4068902648622329, 0.2825134694065906, -0.2722839673830879, -0.47091001884089934, -0.534937804774605, -0.4212140821364573, 0.22723111919797964, 0.6447537035877219, 0.3135103955553874, -0.3702167050579428, 0.18611550380806172, -0.0325532291308513], [-0.06362632843735701, -0.6448999630408236, -0.623493624248936, -0.20147457896843518, 0.41206388200286553, 0.4300559741619601, 0.5635433628786686, 0.09563112590373679, -0.4780995183787978, -0.010759517406563057, 0.616532450717078, 0.07760524034953753], [-0.6455263876818207, -0.28275618182854034, 0.10394997025196998, -0.5820712895042227, 0.32061986768487977, -0.4461426490511487, -0.37405197880560886, 0.034705651313381915, 0.4920460077112818, 0.6781798110624572, 0.1858032193783036, 0.03142203686457192]], "inverted": true, "swapped": true, "error_lsq": 0.04335054348574688, "error_max": 0.22843431610990442, "target": "515.xyz", "model": "11.xyz", "model_rescale": 3.890672605050136, "target_rescale": 4.140491836131566},
{"mapping": [9, 12, 7, 4, 5, 11, 8, 6, 0, 3, 2, 1, 13], "R": [[0.6335191384475912, 0.6883097323450773, 0.353388191058601], [0.7707650813223965, -0.5214967956287694, -0.3660085812696273], [-0.06763645935959092, 0.5042527188900165, -0.860903307495868]], "T": [-0.034612262123919185, -0.06105548204204996, 0.049279586250018124], "aligned_model": [[-0.2835227075004577, 0.3196537799509984, 0.03743073072585601, 0.5629957959171968, -0.34911016292534003, 0.18487963657102335, -0.5780763836915592, -0.49744810863414135, -0.0505957697949031, 0.04129468216642421, 0.5975596747043188, -0.07019969775338578, 0.054783626794937215], [-0.7911855393570251, -0.3857145965997041, 0.10697695513221325, 0.2923925013461904, -0.3853308847024169, -0.4119357434211449, 0.3267938518355827, -0.14587577195464504, 0.5063587123968556, 0.7668595723650778, -0.07472688628407664, 0.3277633993831469, -0.024961845490487078], [-0.054518802991269356, -0.5201272784015117, -0.7835103497572118, -0.04556858625875412, -0.5838939408782221, 0.4118654553583982, -0.22166448291836785, 0.38191578624314404, 0.21200696310774092, -0.35303615355713985, 0.3744501086833616, 0.7222221560602626, -0.08876002185974591]], "inverted": false, "swapped": false, "error_lsq": 0.04959657492452385, "error_max": 0.2953286385672022, "target": "515.xyz", "model": "12.xyz", "model_rescale": 4.124412569039231, "target_rescale": 4.140491836131566},
{"mapping": [11, 9, 7, 3, 10, 8, 4, 2, 0, 5, 6, 1, 12], "R": [[-0.9203983686040066, -0.032516730801279065, -0.38962739288848786], [-0.2632447689531582, -0.685277521581739, 0.6790411696160897], [-0.2890830930543696, 0.727555757748357, 0.622168453617935]], "T": [0.09639233050927251, 0.10950371403659105, -0.08489808747660205], "aligned_model": [[-0.310990020265264, 0.5277797585002716, 0.15066502645597468, 0.7413372904802049, -0.4288538949640964, 0.08663426101032176, -0.6160309839639074, -0.5787753253411053, 0.09920387676374354, -0.19250242721651303, 0.5382750808528599, -0.037400212339466304, -0.009697333442055645], [-0.7980810017201481, -0.3217870365695616, 0.04225293135040199, 0.4107928988196111, -0.25582147340421396, -0.5059097420403771, 0.41894360056057417, -0.27229175944588974, 0.67803531338234, 0.5932329490512219, -0.08751784056677996, 0.15187391661397998, 0.05369096861840879], [-0.11460440563731511, -0.27603795096217637, -0.7058727095174837, -0.03990696049802535, -0.4526800641215028, 0.28397476196815896, 0.03747933434866532, 0.29030368033734955, 0.03142606799872941, -0.5911507173195807, 0.37720034008460174, 0.7170798550631863, -0.10583037891392198]], "inverted": false, "swapped": false, "error_lsq": 0.04656872578346859, "error_max": 0.3106333670692744, "target": "515.xyz", "model": "13.xyz", "model_rescale": 3.9028299243045295, "target_rescale": 4.140491836131566},
{"mapping": [14, 10, 7, 4, 9, 13, 6, 11, 0, 3, 5, 12, 15], "R": [[0.492482958359483, -0.7685336100887447, 0.4084319109587955], [-0.275420263363046, -0.5827925580043238, -0.7645237163514338], [0.8255932498843013, 0.2640244770825968, -0.49868513236985446]], "T": [-0.048300548586543014, 0.16305480984773368, 0.08697758495299754], "aligned_model": [[-0.16165271235666043, 0.363368519817758, 0.02506369043877959, 0.536004864546707, -0.45575099434941907, 0.3006662505232646, -0.5561053124631983, -0.5979686254528855, 0.3865520819391736, -0.01871546461297313, 0.38830066539300595, -0.15286686505474326, -0.08725100183784149], [-0.7106355716629807, -0.32960040472839325, -0.04490532019010701, 0.3083837970252475, -0.23411736973077324, -0.46053523575524424, 0.35332921621682956, -0.31150516836704417, 0.8678148845012009, 0.6360823667245401, 0.05717928851981867, -0.13935729394828944, 0.1152805360447627], [0.0041098770852907585, -0.2914032017144279, -0.7916567124563684, -0.2241975161586575, -0.43940996284819633, 0.4362754233934395, -0.30075716241213024, 0.22304565868365797, 0.12483040709392945, -0.31806450974777256, 0.332480309154337, 0.7049202148943391, -0.008791972136755921]], "inverted": false, "swapped": false, "error_lsq": 0.04411043079866607, "error_max": 0.290564951315707, "target": "515.xyz", "model": "14.xyz", "model_rescale": 3.942246331269136, "target_rescale": 4.140491836131566},
{"mapping": [12, 8, 0, 6, 1, 13, 5, 3, 10, 9, 11, 4, 14], "R": [[0.2748666820731395, -0.6713484642851111, -0.688287401154581], [-0.6804362958651391, -0.6415919763669076, 0.3540708730338246], [-0.6793046108745566, 0.3710134436427189, -0.6331621200616304]], "T": [0.011455777253085667, 0.07729639202677356, -0.06559214068314081], "aligned_model": [[-0.2607650864381489, 0.6304951352128287, 0.026927134501066517, 0.5008525224712009, -0.6400140569905344, 0.19426181704047274, -0.5381670650298523, -0.6305286300793566, 0.09522047991414935, 0.07330125888412647, 0.6176609807133213, -0.08112834895634252, -0.01847104471196401], [-0.6900736343616051, -0.2418138687786497, -0.1997209204279639, 0.32603559427520007, -0.3287690646403185, -0.5402714986323063, 0.27726920552521805, -0.09300890884502354, 0.6223706542035274, 0.8437679483488528, 0.018949918998007534, 0.08519641872214125, 0.02748188026248706], [0.0059291997310739475, -0.4029344609355444, -0.7465763758703565, -0.17240517534255184, -0.32509037912216154, 0.4305143990333432, -0.31197631893218214, 0.2089985651639917, 0.3870424131721, -0.3040429655577803, 0.3128546389826239, 0.5132254005808173, -0.144158088072688]], "inverted": true, "swapped": false, "error_lsq": 0.04471438158777249, "error_max": 0.24099801115548194, "target": "515.xyz", "model": "15.xyz", "model_rescale": 4.355366556412066, "target_rescale": 4.140491836131566},
{"mapping": [5, 7, 0, 3, 1, 10, 2, 8, 4, 11, 6, 12], "R": [[0.9938413328636603, 0.018825551461232076, -0.1092016652984914], [0.06336169155291352, -0.9050145170329166, 0.4206352576796556], [-0.09091040168944742, -0.4249639073755056, -0.9006336526539557]], "T": [-0.038192027633633024, 0.03532636874495986, -0.014130426653995179], "aligned_model": [[-0.17302536389711376, 0.5940183313423542, 0.18774244811207386, -0.6742574205987698, -0.5856039813317735, -0.537054719056606, -0.16513273930432382, -0.16562857390602326, 0.4458203077982681, 0.08815414630734322, 0.5453448372546176, 0.03743128191173391], [-0.6690015670831646, -0.2370035746495674, -0.5755899686796522, 0.38164741524681883, -0.13558105459851394, -0.13354635432709386, 0.3040051322328424, 0.6169761046802034, 0.06381609756155329, -0.15821009118868357, 0.4264092648593394, 0.12885502368689847], [0.15699268244015857, 0.08345357324259957, -0.4312859138809847, 0.07704812846814335, -0.4747541013759388, 0.35338621334252857, -0.6977900624505993, 0.46971537605707553, -0.5857957381468765, 0.7046960348935861, -0.16560858549006557, -0.04079914589020603]], "inverted": true, "swapped": true, "error_lsq": 0.04109428655049454, "error_max": 0.19061317267876654, "target": "515.xyz", "model": "16.xyz", "model_rescale": 3.795458400668931, "target_rescale": 4.140491836131566},
{"mapping": [5, 10, 2, 4, 1, 9, 0, 6, 7, 7, 11, 8, 12], "R": [[-0.49859451590033615, -0.40735837599287633, -0.7651553190186658], [-0.4818626651232542, 0.8639999219302754, -0.14598803671805782], [0.7205635854485185, 0.29591094676088747, -0.6270764155289619]], "T": [-0.024427247243903084, 0.08976671508844707, -0.026289633121356196], "aligned_model": [[-0.28041910173755474, 0.44835409000819954, 0.10357256283386365, 0.4350248156110981, -0.5765648738994503, 0.14216021738788778, -0.4971784335026206, -0.5632301085661028, 0.013094120676345931, 0.013094120676345931, 0.6497234314891338, -0.014175366335145358, 0.09618962188896651], [-0.6375380191021397, -0.41997779212512093, -0.11847310396570711, 0.34449830400568604, -0.28233429435036655, -0.6712086198732332, 0.3049310950242856, -0.17211354968795783, 0.7388703190836347, 0.7388703190836347, 0.15738338186263465, 0.1081156505415941, 0.01639003415262283], [-0.11613727127445019, -0.26196315213407184, -0.6909700607716033, -0.39980189253228465, -0.5473284915951139, 0.41087284839109556, -0.3112826031506369, 0.28753524571942163, 0.06607560804548136, 0.06607560804548136, 0.41675575728592973, 0.6499092930980684, -0.11836003629663244]], "inverted": true, "swapped": false, "error_lsq": 0.05636641765880209, "error_max": 0.46112090938956213, "target": "515.xyz", "model": "17.xyz", "model_rescale": 3.7474275329858107, "target_rescale": 4.140491836131566},
{"mapping": [4, 8, 0, 3, 6, 5, 2, 9, 11, 1, 10, 12, 13], "R": [[0.8394145201630199, 0.34246787222770003, 0.4220177956334528], [0.0667766253047345, -0.835598477756111, 0.5452669679015787], [0.539373845910606, -0.42952408601090336, -0.7242823440372546]], "T": [-0.01346409720229852, 0.10573207217541478, 0.004684815877745475], "aligned_model": [[-0.10210823441010644, 0.5019419686647879, -0.07596212860210166, 0.5782443175280347, -0.6141252265066275, 0.1489170030457795, -0.5675926884315159, -0.5420588775105248, 0.29413165621248544, 0.030163732007563587, 0.556911578943539, -0.16338227151841533, -0.07543573289193113], [-0.6875070279019573, -0.3060023797237116, -0.07005933886827773, 0.3532001358421105, -0.30566179021610274, -0.4546913294637086, 0.2776366662776186, -0.21361408716325067, 0.6848158250223336, 0.6657841326114746, 0.0034303258365679934, 0.06327083418453863, 0.09681175821193216], [-0.22365652743907433, -0.28112242616737537, -0.8103819094001827, -0.21719328288733356, -0.25018791548002295, 0.43221016699478865, -0.4042443206710725, 0.26223045183886334, 0.30764276919136, -0.39899416416634315, 0.37971189652747306, 0.7360933936176461, -0.08072727912804092]], "inverted": true, "swapped": false, "error_lsq": 0.03890480330274355, "error_max": 0.2503647279251041, "target": "515.xyz", "model": "18.xyz", "model_rescale": 3.922800546911778, "target_rescale": 4.140491836131566},
{"mapping": [6, 2, 11, 3, 4, 1, 13, 8, 12, 7, 0, 5, 14], "R": [[-0.27750886061712227, -0.7189975760128955, 0.6372058678061333], [0.12031183338695889, -0.6840437239640892, -0.7194506560233369], [0.9531599524875431, -0.12299052562259333, 0.2763321110204585]], "T": [-0.01846324680287193, -0.0513787805641849, -0.06235311614711396], "aligned_model": [[-0.3145253779983791, 0.5813380653454453, -0.17631185116964965, 0.4674514332512776, -0.532090199198352, 0.19975966789365754, -0.5436986718662903, -0.5167762260827434, -0.08785327975774088, 0.1535252355029939, 0.6684489532337757, 0.05393709978885574, 0.016440247588117275], [-0.6743505325604185, -0.3750389782081436, 0.09315188461776194, 0.3591766872884171, -0.3334756600027096, -0.6320058347074426, 0.31999083637300896, -0.12629408848179924, 0.6823789614832981, 0.6060638592952798, 0.016887272385689024, 0.1500334652069312, 0.020895851959694796], [-0.05775066029951913, -0.2828331043410922, -0.7416456287588233, 0.004582488050576677, -0.4871776016421745, 0.34166916966657657, -0.3032391943968905, 0.28472400113728197, 0.21223501884494106, -0.48235330222730904, 0.4087456114380237, 0.6702620742854546, -0.11583801892636059]], "inverted": true, "swapped": false, "error_lsq": 0.04404503801776941, "error_max": 0.26256958251533913, "target": "515.xyz", "model": "19.xyz", "model_rescale": 3.9282355846067225, "target_rescale": 4.140491836131566},
{"mapping": [8, 7, 12, 2, 9, 6, 11, 4, 1, 10, 5, 3, 13], "R": [[0.8124525296121987, -0.20974041420493383, -0.5439943435146015], [-0.13250326527451595, -0.9750599717916657, 0.17804756696239182], [-0.5677708796850458, -0.07257416936334121, -0.8199812303479213]], "T": [-0.013261980077196927, -0.06734068359762671, -0.020724425586155636], "aligned_model": [[-0.47803683676738096, 0.4862786596684705, 0.07385352129914896, 0.5996928180580526, -0.3840414673672217, 0.2565258414211238, -0.6501608439910895, -0.5339932690106075, 0.17166966004956813, -0.03937509489598202, 0.5335764252279772, -0.05623922741305832, -0.010105089748033761], [-0.6688448380508898, -0.2593054038715747, -0.11008320290909962, 0.4695984332906409, -0.2701368355590528, -0.5280885134764126, 0.21790219061799518, -0.14059295657157872, 0.570650334382474, 0.6223513768927335, -0.0007587172924136132, 0.11384844133765107, 0.09087341585909448], [-0.048985067692620114, -0.3396389467234926, -0.8653416831238061, -0.14196390165769135, -0.5682836623746235, 0.35579917618436263, -0.18308055014066202, 0.32976219922242495, 0.32607313173418073, -0.5363573530864149, 0.40848968473038283, 0.708438468668741, 0.006469357089903607]], "inverted": false, "swapped": false, "error_lsq": 0.04029978500755775, "error_max": 0.26643780224043556, "target": "515.xyz", "model": "20.xyz", "model_rescale": 4.067790424073018, "target_rescale": 4.140491836131566},
{"mapping": [2, 0, 8, 9, 4, 3, 5, 6, 10, 1, 12, 11, 14], "R": [[0.949824451307435, 0.08145785787410653, -0.3019902797923995], [0.14415176319394363, 0.7428440664043765, 0.6537606306408235], [0.277585627990008, -0.6644902635843297, 0.6938291639409667]], "T": [-0.04395370228924277, 0.022717656622790176, -0.06507056938593646], "aligned_model": [[-0.16375631261487641, 0.3841667191301845, -0.09985342761638033, 0.5708009432758551, -0.6264074896137607, 0.1739243998314327, -0.49224966162658645, -0.6095446889062892, 0.18810593145062712, 0.09757043697170531, 0.5837650867252429, -0.028847814212118232, -0.008029026264068546], [-0.7086291734273661, -0.4607087727762659, 0.040610660324608104, 0.49786369085494186, -0.3399718238655677, -0.5792157699866749, 0.2818967439138143, -0.3093867643342883, 0.7324173302945488, 0.7184211165882189, 0.03972376154811282, 0.11272165200902409, 0.08167107350646091], [-0.13216066011239325, -0.36082354340832934, -0.6322768439033565, -0.08411975253062677, -0.4794091038124231, 0.4952421104610397, -0.3484837913969926, 0.2775230559687847, 0.27221494932541435, -0.47649822411687137, 0.3738984286209204, 0.5750101653179477, -0.028735937582429136]], "inverted": false, "swapped": false, "error_lsq": 0.03717700826139881, "error_max": 0.20263140070612642, "target": "515.xyz", "model": "21.xyz", "model_rescale": 4.186013935880536, "target_rescale": 4.140491836131566},
{"mapping": [10, 7, 1, 0, 9, 4, 8, 11, 5, 2, 6, 3, 12], "R": [[-0.3680842926577214, -0.8205061992120027, -0.43735972671627915], [0.7715434376022, -0.0070346669726967515, -0.6361377502974994], [0.5188782876471567, -0.5715943408705659, 0.6356455239306719]], "T": [-0.02757679901337913, 0.009560223461910194, -0.07072065585799935], "aligned_model": [[-0.18659580932114628, 0.42144196408479023, 0.32241681038758513, 0.5594680213060781, -0.4127566884902571, 0.05395216179631622, -0.7105342912439349, -0.5211629371394404, 0.02090921495613715, -0.16531795673631866, 0.4387086360838455, 0.17422647725530754, -0.025110506407994716], [-0.8019329869489765, -0.5293145367341672, 0.03393800243148502, 0.39332077700585993, -0.23384028889463077, -0.545010842137743, 0.2981324201363221, -0.049766841184563385, 0.7052509824801021, 0.6820649515456062, -0.05322785827187544, 0.20440092046687872, 0.003399024755269325], [-0.1824844982026343, -0.28594120109070637, -0.7126189602671495, -0.2436213715479842, -0.4924354926440503, 0.39125348900015416, -0.26556233983827876, 0.31891892421837503, 0.2642453877656733, -0.35083485942363424, 0.2267493406552255, 0.80885378397892, -0.025141349773225484]], "inverted": false, "swapped": false, "error_lsq": 0.049622598240382655, "error_max": 0.28808211023509633, "target": "515.xyz", "model": "22.xyz", "model_rescale": 4.166573947596378, "target_rescale": 4.140491836131566},
{"mapping": [13, 6, 12, 2, 14, 5, 9, 10, 4, 3, 1, 0, 15], "R": [[0.0764983400553102, 0.31887751278356996, -0.944703729118154], [0.131241812102659, -0.942456636496684, -0.30749158537977567], [-0.9883944509783493, -0.10046203344707753, -0.11394643088261175]], "T": [-0.08150816176669146, 0.11746914259280576, -0.10192052359614442], "aligned_model": [[-0.3250030355954246, 0.565402895693518, 0.020861774557563106, 0.5313410054945817, -0.553812997223137, 0.15333563294866426, -0.56345442442324, -0.6562437560578027, 0.17154333242189218, -0.0030597949675002234, 0.5229908759362658, 0.13622665833170347, -0.030483070586116365], [-0.6806184164186757, -0.24189299411099746, -0.14676032392703742, 0.37803715150777345, -0.3771656892740885, -0.5356706643812326, 0.37850855059728283, -0.3073716272389554, 0.6646482155550175, 0.6949816805448621, 0.01639803032765079, 0.17403777823323824, 0.09028203323472933], [0.04153550961950256, -0.2793256261334008, -0.6927542907327428, -0.1985096022041587, -0.4997173168571195, 0.35559315470315356, -0.34694173423341024, 0.12197800263321326, 0.31809556748339207, -0.24940535085230184, 0.2620363482291098, 0.6830299846631431, -0.06423379348769546]], "inverted": false, "swapped": false, "error_lsq": 0.04032322927726568, "error_max": 0.1989906003623971, "target": "515.xyz", "model": "23.xyz", "model_rescale": 4.274766983524099, "target_rescale": 4.140491836131566},
{"mapping": [6, 0, 2, 9, 1, 3, 8, 10, 11, 5, 12], "R": [[-0.6355495713106792, -0.203409648090319, 0.7447826914413255], [0.05429653262915432, -0.9740566597638579, -0.21969412853812686], [0.7701484460487232, -0.09918739150440649, 0.6301057311398528]], "T": [0.04118063007150302, 0.11961381614972869, -0.018183499540874344], "aligned_model": [[0.200931446593993, 0.2627241653311413, -0.5326087849737271, -0.39742145395942363, -0.5156246427602726, -0.525041702937892, -0.06126594416877079, -0.04569208703448929, 0.5987135787576419, 0.3565876293883854, 0.03859249972148894], [-0.133205708340116, 0.8434929921634664, 0.3291265069814797, -0.41996608659886536, 0.5672406633279115, -0.17228158922954698, -0.6274138676006942, 0.06016291670673975, -0.1707601401604851, 0.5820285296474601, 0.057162314346133246], [-0.6716119206998499, -0.17693254585205728, -0.44545725184596996, -0.2979234275255483, 0.15686351686305927, 0.33821560569378184, 0.12365298581252193, 0.6153535425836719, 0.4001120603689579, 0.4616415162144822, -0.12434764759147235]], "inverted": false, "swapped": true, "error_lsq": 0.050617573280822, "error_max": 0.29058883825147525, "target": "515.xyz", "model": "24.xyz", "model_rescale": 3.7841303162186577, "target_rescale": 4.140491836131566},
{"mapping": [12, 3, 4, 6, 2, 13, 8, 9, 7, 1, 11, 10, 15], "R": [[0.9114505814182878, -0.10907742473866944, 0.3966862148407042], [0.390639329225687, -0.07304218169490066, -0.9176414082610673], [0.12906878822694032, 0.9913460319714955, -0.02396440694029825]], "T": [-0.07176598420476676, 0.06932225699326172, 0.01790364986815309], "aligned_model": [[-0.21830941316106886, 0.5128864742116566, 0.0932662315565882, 0.5651345619010222, -0.565809097300348, 0.3088896520902532, -0.5260302632213032, -0.557193743792154, 0.22753943087067446, -0.2172303251481169, 0.5843445854526348, -0.22951995375408993, -0.008323043174780803], [-0.6737185763589788, -0.36724289584382314, 0.048044553555701655, 0.24145316896563904, -0.21706021236571327, -0.54966653970393, 0.34342017383071277, -0.21226666332619798, 0.5567927834419577, 0.6048582208099367, 0.010073396982659744, 0.2506402886104203, 0.07208602605118224], [-0.021936654210420542, -0.3235553635274761, -0.7094311904603411, -0.27663853005984074, -0.4747417718845558, 0.30765208108260655, -0.24281090751946052, 0.18285297148365529, 0.32708695221581924, -0.4771496308765215, 0.41215745407804294, 0.7578310529146338, -0.009935610405456645]], "inverted": false, "swapped": false, "error_lsq": 0.04336702875183732, "error_max": 0.2704613236374579, "target": "515.xyz", "model": "25.xyz", "model_rescale": 4.19342608120988, "target_rescale": 4.140491836131566},
{"mapping": [5, 7, 0, 3, 1, 10, 2, 8, 4, 11, 6, 12], "R": [[0.9938413328636603, 0.018825551461232076, -0.1092016652984914], [0.06336169155291352, -0.9050145170329166, 0.4206352576796556], [-0.09091040168944742, -0.4249639073755056, -0.9006336526539557]], "T": [-0.038192027633633024, 0.03532636874495986, -0.014130426653995179], "aligned_model": [[-0.17302536389711376, 0.5940183313423542, 0.18774244811207386, -0.6742574205987698, -0.5856039813317735, -0.537054719056606, -0.16513273930432382, -0.16562857390602326, 0.4458203077982681, 0.08815414630734322, 0.5453448372546176, 0.03743128191173391], [-0.6690015670831646, -0.2370035746495674, -0.5755899686796522, 0.38164741524681883, -0.13558105459851394, -0.13354635432709386, 0.3040051322328424, 0.6169761046802034, 0.06381609756155329, -0.15821009118868357, 0.4264092648593394, 0.12885502368689847], [0.15699268244015857, 0.08345357324259957, -0.4312859138809847, 0.07704812846814335, -0.4747541013759388, 0.35338621334252857, -0.6977900624505993, 0.46971537605707553, -0.5857957381468765, 0.7046960348935861, -0.16560858549006557, -0.04079914589020603]], "inverted": true, "swapped": true, "error_lsq": 0.04109428655049454, "error_max": 0.19061317267876654, "target": "515.xyz", "model": "26.xyz", "model_rescale": 3.795458400668931, "target_rescale": 4.140491836131566},
{"mapping": [8, 5, 6, 7, 1, 11, 2, 9, 3, 0, 10, 4, 12], "R": [[0.9999110765345192, -0.01322275399335512, 0.0017314157243072175], [0.0036029701524607615, 0.392870983303907, 0.9195865424656354], [-0.012839689624739529, -0.9194985314042935, 0.3928836890425561]], "T": [-0.10155210401691864, -0.06870770609558807, -0.0002002066839355901], "aligned_model": [[-0.024473575956192817, 0.5414397187625698, 0.1142119384117892, 0.5661885157093981, -0.4746873731708845, -0.03128823257956921, -0.7764635606903201, -0.44982233847980535, 0.007787475454276965, -0.16064982049519025, 0.5245926317920767, 0.10080503773214683, 0.03200468004067242], [-0.736032305895243, -0.29338710034868065, -0.2729870215503717, 0.36918441230760246, -0.19276790509639397, -0.5635901829805354, 0.4809804277435059, 0.05445962839576943, 0.6340029020606759, 0.6248432463343021, -0.05674167062902612, 0.05463180614131208, 0.0048174881666501745], [-0.28213723710100347, -0.32104464487323753, -0.7702020241805009, -0.150470150575908, -0.44261664906430986, 0.5113942754757036, -0.1312436920873846, 0.2186877592184143, 0.19809053035028099, -0.45491740273392023, 0.33963212303636675, 0.8014868485570089, -0.06527888319082528]], "inverted": true, "swapped": false, "error_lsq": 0.05481505816683277, "error_max": 0.3156513778522206, "target": "515.xyz", "model": "27.xyz", "model_rescale": 3.6321398670334006, "target_rescale": 4.140491836131566},
{"mapping": [7, 4, 1, 13, 3, 12, 0, 8, 11, 2, 6, 9, 14], "R": [[0.6289322032685782, -0.6395431954384283, -0.4420732799662704], [-0.645284681774712, -0.11224776224737024, -0.7556507919253224], [0.4336495856779304, 0.7605162332513768, -0.48328365977187465]], "T": [-0.11675204849837756, 0.03019031285070782, 0.002160143987565359], "aligned_model": [[-0.2124463023217256, 0.4266331418243587, 0.15570245313442738, 0.5613663466252912, -0.5106350036879752, 0.03823075849044, -0.6265084191235382, -0.46329420365619106, -0.08098207931493837, 0.02193173589888678, 0.6004225879326452, 0.12791807614201253, -0.06869399541272567], [-0.731818873333392, -0.4301890214548696, 0.08378950819745073, 0.4808838385479219, -0.24303552692689323, -0.5808454753677132, 0.34995028568369657, -0.2647541808536803, 0.6631991351113802, 0.6431610294502293, -0.17774651305868822, 0.2555287229357099, 0.059290795718415494], [-0.10306339881581589, -0.42121989314374325, -0.6062499701168159, 0.06138952861685964, -0.48953482044789354, 0.5370669825249964, -0.16310841503306825, 0.24699865428895407, 0.10485472351095343, -0.48618130650495395, 0.21740478255383025, 0.581755944756557, -0.028731959359174858]], "inverted": false, "swapped": false, "error_lsq": 0.04770968881381299, "error_max": 0.27033718562021275, "target": "515.xyz", "model": "28.xyz", "model_rescale": 4.156811204709835, "target_rescale": 4.140491836131566},
