[{"mapping": [5, 9, 4, 14, 11, 12, 8, 7, 10, 3, 0, 2, 6, 15], "R": [[-0.72453003767702, -0.09830581797166321, -0.6821965923813006], [0.6500562785907316, 0.23152008941247304, -0.7237577515047489], [0.22909181384000915, -0.9678504090774374, -0.10383894491052892]], "T": [-0.008204027432222927, 0.19359795414203812, 0.0782596279472325], "aligned_model": [[0.23537722583627485, 0.22095515997656437, -0.3500429986701115, -0.44571512688606585, -0.6094163809827103, -0.11563188977834898, -0.6782897445891839, -0.023287352335210232, -0.436113146200336, 0.16891105517017058, 0.5957235410950799, 0.2211366776142581, 0.5971599250438028, -0.009274844165879963], [-0.5828482799609715, -0.37647946843479224, -0.3692692515506691, -0.20948091511058525, 0.20450279335034233, 0.10394793531977384, 0.2962609245459631, 0.4684490589291928, 0.7113151772444188, -0.1291458323147882, 0.32246301378538, 0.7708917317813819, -0.10969891001700977, 0.13436535424239773], [0.2986428449130301, -0.45065849838568894, 0.5746718344481302, -0.29588101871503364, 0.4457063780270196, -0.7144651547362613, -0.13591779193655473, 0.573207904424618, 0.12718147245646885, 0.7652572146703827, 0.49961487629417334, 0.06430915349548864, 0.06746019683997989, 0.07845867538408088]], "inverted": false, "swapped": true, "error_lsq": 0.04366775230672069, "error_max": 0.2739982816447531, "target": "516.xyz", "model": "0.xyz", "model_rescale": 3.8414455957264533, "target_rescale": 4.405688984539377},
{"mapping": [9, 5, 8, 4, 14, 11, 10, 12, 2, 13, 7, 6, 0, 1, 15], "R": [[0.810047082713631, -0.14520768202336, -0.5681007418306536], [-0.5847922518871354, -0.1291529773583955, -0.8008355202987911], [0.04291556733761687, 0.9809353890653885, -0.18953631989469974]], "T": [0.027359581704647536, 0.02984364153797269, -0.08742964243108636], "aligned_model": [[-0.7341619450689608, -0.634854241921596, 0.16171314937562897, -0.22710676818957526, -0.4001865260326944, 0.2899924151671586, 0.5934748632076244, -0.33909595720427743, 0.5014883114186243, 0.31163118206208185, 0.46925812518001, -0.3630537139633499, 0.19436564846082643, 0.0744988716467811, -0.025919260633736813], [0.11914136940846659, 0.15391089603447544, -0.6271468182755836, -0.36470249711379843, -0.49621196383058697, -0.5318727302169967, -0.2992583040752346, -0.14973973400359164, 0.3520739625049912, 0.11513357308042693, 0.09834408577294326, 0.5725202410057736, 0.676447211832216, 0.7096427144576474, 0.01876252146186666], [0.17594739781119806, -0.5942328703971305, 0.14866181354740324, -0.7654257143303806, 0.09787979145480663, -0.42222963677690317, 0.06984744215003158, 0.6064367725190465, 0.15221477819883986, 0.6428136226215413, -0.4349606472274181, -0.19536803890826643, -0.42341737060439716, 0.2178590613366313, -0.11084461405546761]], "inverted": false, "swapped": true, "error_lsq": 0.033725235365654346, "error_max": 0.23566661039012737, "target": "516.xyz", "model": "1.xyz", "model_rescale": 4.316132596720782, "target_rescale": 4.405688984539377},
{"mapping": [4, 7, 3, 9, 5, 14, 6, 12, 0, 8, 2, 15], "R": [[0.657502228751446, -0.19543540161106077, -0.7276646363428725], [-0.3059896728618645, 0.81328237257702, -0.49491625812594087], [0.6885209795560123, 0.5480664067908351, 0.4749337579690588]], "T": [0.1032041979993738, 0.06440380373604827, 0.04385252073191997], "aligned_model": [[-0.21557485422609463, 0.557974320313285, 0.10217687887142918, -0.625581405879047, -0.5013521495440552, -0.4356864743326196, -0.1531671518418845, -0.31173794991497633, 0.41902487127018073, 0.08125376201469175, 0.6310655803011329, 0.049413127599738024], [-0.6951386455179734, -0.24614503400082965, -0.5164831378290944, 0.402335586123891, -0.2663003535860201, 0.016067091334556874, 0.25788494724297956, 0.6205569965359784, 0.05915811445065129, -0.048543721090791844, 0.3862425856162303, 0.04314199846140219], [0.004183440734789205, -0.08838963635744257, -0.4758284333925104, -0.06537311408412366, -0.4418590466531291, 0.492327900185386, -0.5523101320451301, 0.45190532685675494, -0.6337201632012428, 0.7454133206727125, -0.018131670656744654, 0.031040669150101903]], "inverted": false, "swapped": true, "error_lsq": 0.0505812936937951, "error_max": 0.2730477936473938, "target": "516.xyz", "model": "2.xyz", "model_rescale": 3.795458400668931, "target_rescale": 4.405688984539377},
{"mapping": [14, 9, 13, 0, 11, 7, 1, 5, 6, 3, 10, 15], "R": [[0.3833358237443096, 0.8576347856802194, -0.34280638941757813], [-0.9018998537658595, 0.42758650469419807, 0.061208126752256745], [0.19907360450695966, 0.2857137647972935, 0.9374099127884044]], "T": [-0.0335272679504681, 0.05827447913835857, -0.0033306508607218316], "aligned_model": [[-0.07351006783460057, 0.018783081588539717, -0.8104094316392043, 0.2519660271167914, 0.14147155845947398, 0.12303524039086575, -0.2921034098360753, 0.6937263802690148, 0.24749306567206006, 0.6992250028794527, -0.4140672418851289, 0.007693620562375762], [-0.14128083901191166, -0.7068499205065941, -0.012153544697524658, 0.04685368778939807, 0.636880573440612, 0.5232154032495695, -0.30309004101112763, -0.35509722544545186, -0.4545781654595845, 0.21643024985804737, 0.6079171137837251, 0.027521753300552024], [-0.6759738037876751, -0.2662086941969499, 0.10995632344742927, 0.6874935676857161, -0.36552220531155066, 0.2796226155089493, 0.5967561322561511, -0.10818916848193973, 0.3381087544485174, 0.21011688397355605, -0.08465092084205669, -0.03273805406104671]], "inverted": true, "swapped": true, "error_lsq": 0.04550851128786315, "error_max": 0.25502938210727194, "target": "516.xyz", "model": "3.xyz", "model_rescale": 3.7530521520055578, "target_rescale": 4.405688984539377},
{"mapping": [9, 13, 1, 2, 6, 10, 5, 14, 4, 7, 15], "R": [[-0.04671645404469921, -0.45077561715589365, -0.8914139980386291], [0.9942136697789281, -0.10739792147759125, 0.0022057395607524843], [-0.09673030417716172, -0.886152937951467, 0.4531845306426262]], "T": [-0.06631333705357569, 0.04134483389308298, 0.024905298222132922], "aligned_model": [[-0.4740897299173702, -0.04730856081878705, 0.4182764755852251, 0.3785218973636959, 0.18872714024560233, -0.07036918765011996, -0.18128381410905442, -0.7661736867948263, -0.33100525520747304, 0.32008384937247203, -0.09717952562415941], [-0.6503327193397984, 0.17972760781656572, -0.32629151845304244, 0.23142009669271718, -0.5808146275856171, 0.6828252661526756, -0.5401251163100533, -0.02132311234174432, 0.10015744865294893, 0.3865019210608783, 0.005458111968816438], [-0.0871534410443473, -0.7508710662725088, -0.40818396598006174, -0.36503429853912317, 0.10517415837281385, -0.18007540573781053, 0.6244416441872372, 0.036651780372367306, 0.8037362921312753, 0.25361522887810617, 0.06052985087736789]], "inverted": false, "swapped": true, "error_lsq": 0.050035092774765914, "error_max": 0.2327304890820172, "target": "516.xyz", "model": "4.xyz", "model_rescale": 3.7855080009869324, "target_rescale": 4.405688984539377},
{"mapping": [2, 3, 9, 12, 11, 1, 0, 14, 8, 4, 15, 13, 7, 10, 6, 16], "R": [[0.7679815112418575, 0.4146128355193697, 0.4881604193431306], [-0.19826686988682046, 0.878650521476972, -0.4343541290393452], [-0.609011204080808, 0.23678990208797698, 0.7569913444506556]], "T": [-0.03287347006561, 0.01882578160510532, 0.02466566679544119], "aligned_model": [[-0.27936777752270425, -0.27827206402570764, 0.19645127646037988, 0.009301122429001975, -0.1020374374095184, -0.6401962518549161, -0.7902253627453476, 0.2939160915241076, 0.5288335997186117, -0.6342847518433071, 0.7555385492249339, 0.4620893095386866, -0.1946909076700851, 0.22333699533832355, -0.07463987524484972, -0.013291617817605357], [-0.381626038948988, 0.15244416525189652, 0.04206769767779062, -0.6428089556239444, -0.4365680067539858, -0.40912160176256746, 0.028572368971966196, -0.4587242375812768, 0.3615492229314513, 0.23354377108512417, 0.08860505146633418, -0.2572110393873152, 0.6958424977554986, 0.6296443184047892, 0.16686796385329256, -0.011414872775769417], [-0.5451277899806536, -0.6112134593230896, -0.6489692441296855, 0.17804767763736773, 0.6729472965255656, 0.17000669602611293, -0.16187386791404873, -0.3258367727737515, 0.27433681948127026, 0.3977627573891821, -0.20523746067718981, 0.47597837339496235, 0.3018532473541095, -0.27901374737956935, 0.6590284555374677, -0.015194163622398702]], "inverted": false, "swapped": false, "error_lsq": 0.037540693043390486, "error_max": 0.2604454339067043, "target": "516.xyz", "model": "5.xyz", "model_rescale": 4.2253639853439635, "target_rescale": 4.405688984539377},
{"mapping": [14, 12, 10, 11, 8, 2, 7, 4, 1, 9, 13, 0, 5, 15], "R": [[-0.49808661181672104, -0.48123376943911733, 0.7213347255472716], [-0.8668495946873613, 0.2552859897250309, -0.428253247086895], [0.021943275035799292, -0.838595923315592, -0.5443118316545887]], "T": [0.03487167196786583, -0.019632102021246656, 0.09284188481269004], "aligned_model": [[0.3538927616563326, -0.08968342569682208, -0.41128105608849436, 0.17656934580204986, -0.06645494106088845, -0.5408587671092054, -0.08999183364495783, 0.7397534666283581, -0.34498839081312654, 0.4149835062557245, -0.6557429270130328, -0.02254891518917857, 0.818695060272656, 0.0917182687583685], [-0.18277384467529262, 0.21967876197439534, -0.5229552779600002, -0.7073256143623694, -0.5534710618376364, 0.07899896120706149, -0.28514897698407693, -0.41532968345795007, 0.6022004556194498, 0.508541438224428, 0.12402748738030561, 0.3268488673240601, 0.2609605808495972, -0.009152946666981632], [-0.5117075975342283, -0.6655820010078202, 0.05901574547159307, 0.15277289546647466, -0.36560702563673864, 0.304658445346389, 0.577253204825788, 0.2561316023877157, 0.2558777330452835, -0.39069124754526574, -0.2589440435506335, 0.7527879212321621, 0.22572523961129334, 0.07986733681943553]], "inverted": false, "swapped": true, "error_lsq": 0.048874964907905036, "error_max": 0.31030873657496655, "target": "516.xyz", "model": "6.xyz", "model_rescale": 3.89814844738969, "target_rescale": 4.405688984539377},
{"mapping": [2, 0, 3, 13, 11, 6, 1, 10, 12, 9, 5, 14, 15], "R": [[-0.6468644761611314, 0.694192774265024, -0.3156940633572559], [0.7574285453719469, 0.5366868765446947, -0.37184566045664275], [-0.08870370982389833, -0.4796494435553215, -0.8729650984779108]], "T": [0.037739046583143254, 0.028495003957483125, -0.01177641155785224], "aligned_model": [[-0.09640571202196191, 0.001602599129112564, 0.4594356830084804, -0.4025004349863751, 0.6975890644092333, -0.35303423999520417, -0.5270165346071829, 0.3559595304039418, -0.5230129635313032, -0.5376244885318997, 0.0369501772627369, -1.2487896061508241e-05, 0.03670160826070616], [-0.40735046567179883, 0.2539217150484187, 0.5870925075737918, -0.6251699506128482, -0.0773897681229012, 0.5044082309793775, -0.05307870261881696, -0.5638955510801587, -0.17307225705784762, 0.45062226139510997, 0.8686908473567537, 0.11835338550133596, 0.0806490127800696], [-0.4337998596885915, -0.7236415055369153, -0.35476294792095736, 0.0040750041828302545, 0.21178273663444755, -0.2935102741315796, -0.49338512073642576, 0.02482738429696246, 0.5294428369940338, 0.37295981789985644, 0.05779129744981533, 0.6841905800293404, 0.01630508136347918]], "inverted": true, "swapped": true, "error_lsq": 0.04733926285030633, "error_max": 0.25954070295598675, "target": "516.xyz", "model": "7.xyz", "model_rescale": 3.7474275329858107, "target_rescale": 4.405688984539377},
{"mapping": [1, 6, 0, 2, 3, 10, 13, 8, 7, 11, 12, 14, 9, 5, 15], "R": [[0.33921189975676497, 0.9255009957989306, -0.1684731249742651], [0.776826088737347, -0.37659235054898516, -0.5046973641352073], [-0.5305436032226212, 0.04032503295941886, -0.8466979253525899]], "T": [0.0009547296870849962, -0.0960448835493265, 0.047189973687355974], "aligned_model": [[-0.1771358363907594, 0.2954400886583209, 0.40048934481417453, -0.2807276920946125, 0.769888128040553, -0.343019614829243, -0.7474593703893591, -0.3762951276450327, 0.2408226448019912, 0.155679687623317, -0.6075748786529404, -0.17120990710163592, -0.05426503822219888, 0.6636692099470045, 0.033852083779167444], [-0.06740970848458194, 0.2577615787355424, -0.33798259054305413, -0.4981805560293843, -0.21983077330677467, -0.6082252138385051, -0.19629113532530162, -0.17065946456640135, -0.6084338252752522, -0.43228827119999624, 0.42621592981755263, 0.3627418911125586, 0.7065911732203045, 0.42508327145561986, -0.04997434379273331], [-0.6773884291580196, -0.44946935731871296, -0.5365164543940554, -0.3336010380342438, 0.01690019424414988, 0.317159682120283, -0.17901118713780348, 0.6451379065883195, 0.02139484670187572, 0.6468506238695282, 0.11737409695312104, 0.5509198553728633, -0.05272360334083723, 0.04511453836994797, 0.06465298085984453]], "inverted": true, "swapped": true, "error_lsq": 0.04524251499107659, "error_max": 0.3249138064489991, "target": "516.xyz", "model": "8.xyz", "model_rescale": 4.019505241142653, "target_rescale": 4.405688984539377},
{"mapping": [2, 6, 7, 10, 13, 8, 4, 1, 12, 9, 5, 14, 15], "R": [[-0.754320700490338, -0.3620211478319173, -0.5476686674753515], [0.23791011831513553, 0.6267742050923903, -0.7419925009284667], [0.6118815705796705, -0.6899962205354921, -0.386660263321294]], "T": [0.004750277070794225, -0.04876660856476609, -0.0986685529563669], "aligned_model": [[-0.10853283734319363, -0.625207208511544, -0.048006353290045656, 0.4942916001058542, 0.20320387904601772, 0.7136387987926033, 0.11500696192300208, -0.5267967567551947, 0.2773329559206228, -0.19161607860366917, -0.4177577816277995, 0.438947328275148, -0.004803736190625303], [-0.600892619246516, 0.03512048404057407, -0.03951684915627122, -0.34226982525598526, -0.7885418378169416, -0.05402888527735115, 0.7511134028454106, -0.5615191302620768, -0.32110893677748414, 0.11461687265610518, 0.639350918607134, 0.22987004314641565, 0.0011845906110450888], [-0.36017129624422123, 0.13518535984251967, -0.6624731403664355, -0.45607006208149575, 0.08758052595401622, -0.04504119769004408, -0.2664001333347824, 0.011298201886689285, 0.608097880894598, 0.6707485495910781, 0.1437165803549946, 0.378515161682731, -0.06828293644576874]], "inverted": true, "swapped": true, "error_lsq": 0.054846512667233206, "error_max": 0.4678338386381674, "target": "516.xyz", "model": "9.xyz", "model_rescale": 3.877068213659057, "target_rescale": 4.405688984539377},
{"mapping": [7, 9, 2, 1, 5, 0, 8, 4, 6, 11, 13, 3, 10, 14, 12, 15], "R": [[-0.24337157965437067, 0.6214658425753543, -0.7446814625923232], [-0.2065364413235075, -0.7833622263646153, -0.5862476615821124], [-0.9476882254317387, 0.01112783973548348, 0.31900344600154984]], "T": [0.025344549450067685, 0.018219873313070498, 0.018053554997454684], "aligned_model": [[-0.16987495615379716, -0.2691961543452583, 0.15840098274295883, -0.30672303069402534, 0.015376535541710853, -0.5862881167009484, -0.6565592985313099, 0.3700259306483747, 0.3694482219846211, -0.5890049743984679, 0.6995406317417476, 0.5016282310396004, -0.1290969701212346, 0.2080362299058196, -0.11119251012938593, -0.042059854430401444], [-0.5700940215856795, 0.38710072757872593, 0.023420805730518482, -0.7801271460639543, -0.5756006373045375, -0.23828347023712815, -0.094003784012345, -0.5149972491193584, 0.35523564648220046, 0.322973859228572, 0.29388864877892407, -0.2525513253081476, 0.7006863730034218, 0.6786502983440785, 0.07350681957537668, -0.008143240526371328], [-0.5130421756553663, -0.44326845083323135, -0.6320420485954851, 0.0907155744608681, 0.5262594995820254, 0.45836884212516577, -0.32507313975653257, -0.2163924420787987, 0.40317380415126686, 0.2907345900537931, -0.2409925119855794, 0.33836302313252964, 0.13466433191273358, -0.3560813808535042, 0.7505125645317191, 0.07159473735404685]], "inverted": true, "swapped": false, "error_lsq": 0.0391968048586912, "error_max": 0.27930059047598665, "target": "516.xyz", "model": "10.xyz", "model_rescale": 4.260839863003843, "target_rescale": 4.405688984539377},
{"mapping": [1, 12, 14, 9, 4, 5, 0, 2, 8, 11, 7, 15], "R": [[-0.4144865310034227, -0.34866435236912174, 0.8406153014332833], [0.05905274562165429, 0.9114456933618418, 0.4071603139878641], [-0.9081374834524194, 0.21840310766830398, -0.3571923763317665]], "T": [0.08597334545108078, 0.03593290694305669, -0.02575851271132012], "aligned_model": [[0.5426602231691428, 0.0974150413903871, -0.3468461273243984, -0.3236468087955878, -0.6122784900559792, -0.6343191108906545, 0.28836682317845935, 0.6962969539117961, 0.05755416413054461, -0.10422373080699122, 0.2690113086521917, 0.028908402535219757], [0.12581729206164766, -0.7342758894860207, -0.5025656534210436, -0.3776788103814832, 0.3224201069048625, 0.30142590445066914, 0.673278188374353, 0.1434292012776126, -0.429346564753797, 0.12454478547969984, 0.4930369642049353, 0.03299298082149875], [-0.6096317676895316, -0.25950613315051785, 0.10291302625627832, -0.5900219811336579, 0.30660861973930353, -0.3742719117771289, -0.35997824484030916, -0.0705861837369263, 0.5110225267904114, 0.6469712479572275, 0.2540582447259373, -0.04139936574558198]], "inverted": true, "swapped": true, "error_lsq": 0.04677644169081782, "error_max": 0.2870707427280867, "target": "516.xyz", "model": "11.xyz", "model_rescale": 3.890672605050136, "target_rescale": 4.405688984539377},
{"mapping": [12, 13, 8, 9, 14, 3, 2, 5, 6, 7, 11, 10, 4, 15], "R": [[0.2628857458416745, -0.6209274807692129, -0.738471494547261], [-0.9562207084840944, -0.06567196734438924, -0.2851826596609519], [0.1285808745476686, 0.7811121918973716, -0.6110079396946004]], "T": [0.006199836826390984, -0.040385452684978757, 0.03313944216901975], "aligned_model": [[0.6816935471026798, 0.09094118719640194, 0.3574289023123051, 0.6308467759715923, 0.67242440665959, -0.38576490676293546, -0.39357401139643367, 0.18845766879144676, -0.04211864005345167, -0.5077206436492409, -0.04598627904512585, -0.16046238282451636, 0.08399088885875784, 0.039719321632623525], [-0.08274485111796624, 0.10068232724342072, 0.5757721735045827, -0.5571571186812232, 0.13008490188017613, -0.251117215151315, 0.001336046912614991, -0.5645401157529435, -0.7133682055994376, 0.15370014451812805, 0.5479392845900861, 0.5710704955120238, 0.08539155425171371, -0.0648969022820956], [-0.4026407562168768, -0.7377423427698612, -0.015997552695625653, 0.02868613898787349, 0.1778959316026263, 0.673025957432437, -0.44067493834110344, 0.6678151984322451, 0.09085139543726843, 0.17083822061963622, 0.4175128758823078, -0.1946236185925233, 0.8444514345702964, 0.07539249100816056]], "inverted": true, "swapped": true, "error_lsq": 0.04463296185102095, "error_max": 0.30511935521642286, "target": "516.xyz", "model": "12.xyz", "model_rescale": 4.124412569039231, "target_rescale": 4.405688984539377},
{"mapping": [14, 10, 2, 4, 12, 9, 11, 5, 7, 3, 6, 0, 15], "R": [[0.5151442921868892, -0.4612059977663888, 0.7224371154997359], [-0.7057928095927252, 0.24996372583393262, 0.6628534119203325], [-0.48629504228860515, -0.8513560732099869, -0.1967484903474368]], "T": [0.16932780567145916, 0.17402527444483348, 0.10544724255101], "aligned_model": [[-0.12547804555770642, -0.053206403602755636, 0.5345563381285473, -0.5200857355017106, 0.44267160109109105, 0.4482040011804938, -0.5007180584067805, 0.03251782992848817, -0.004248574989039106, -0.11664375094458956, 0.5820562957877653, 0.49678157621840063, 0.15089123417755324], [-0.34258263816419077, 0.6678860531160027, 0.6679098051566993, -0.0753232796251069, -0.2757326177556185, -0.5858451863003826, 0.37802999227536593, -0.4140822372032279, 0.6504404021017883, 0.20823492828664625, -0.11912890265265655, 0.4656875842029883, 0.12199147307016973], [0.47971390574576533, 0.5055856447132315, 0.19896766723199485, -0.27222023035959775, 0.7145379258426524, 0.15107109305144192, 0.18299038446957516, -0.4829250282071592, -0.1468309750921155, -0.618810278456395, -0.3443159755704317, -0.5000129808780963, 0.08394692847697352]], "inverted": true, "swapped": true, "error_lsq": 0.05038511097361806, "error_max": 0.32561159178190896, "target": "516.xyz", "model": "13.xyz", "model_rescale": 3.9028299243045295, "target_rescale": 4.405688984539377},
{"mapping": [7, 4, 3, 9, 11, 14, 10, 6, 2, 13, 2, 1, 8, 0, 12, 15], "R": [[0.424481670108573, -0.05509583727560702, 0.9037586848582627], [-0.7094105150700425, 0.6000013010112674, 0.3697771760031221], [-0.5626295698324911, -0.7980995473621613, 0.21560398802067587]], "T": [-0.04019754590620842, 0.043243397199867695, 0.016488100379077983], "aligned_model": [[-0.34790269239723576, -0.3257497971915219, 0.26189965325265746, -0.15589575898841473, -0.05163835589714497, -0.6571350036672623, -0.7212543900522529, 0.3780010811527233, 0.6259918537586113, -0.7003896777577768, 0.6259918537586113, 0.40874598783097216, 0.0838238325227271, 0.2410291858957976, -0.1389747822746189, -0.0640820918458675], [-0.5366886162733538, 0.3017431303792411, 0.02171091682984816, -0.7209940892647628, -0.443394134979823, -0.46399340701731584, -0.1320073833896122, -0.445653778654941, 0.3406960877461983, 0.21452552801535546, 0.3406960877461983, -0.26508572309837997, 0.7707531447770798, 0.6611426758615727, 0.2201115288087744, -0.06189966292178353], [-0.6077108730332477, -0.5411866019472787, -0.5284550891256945, -0.04182522773268846, 0.5722845635548865, 0.3974732056546246, -0.2300911789482465, -0.15814786961695076, 0.11580250123192687, 0.4257070301707257, 0.11580250123192687, 0.37086306116847667, 0.24420596184442672, -0.45925176130379175, 0.6822215384438035, -0.02019694404724827]], "inverted": true, "swapped": false, "error_lsq": 0.042120691696257546, "error_max": 0.3172931007285002, "target": "516.xyz", "model": "14.xyz", "model_rescale": 3.942246331269136, "target_rescale": 4.405688984539377},
{"mapping": [11, 7, 10, 0, 6, 2, 12, 8, 14, 13, 1, 9, 3, 5, 15], "R": [[0.4722913036647548, -0.3437798008035488, 0.8116380800838011], [-0.22506814663336178, -0.9373173759624435, -0.2660459849159595], [0.8522237111543366, -0.05702267337078898, -0.5200607280577706]], "T": [-0.10745650195725867, -0.004669568905083473, -0.062379541293852446], "aligned_model": [[-0.7528784668710686, -0.19803307121878935, -0.3074196515440382, 0.30930117628562914, 0.3090850355442051, 0.3030601514849949, 0.05037848511306414, -0.5717862681428746, -0.4963054690748864, 0.3196718294630361, 0.6370526212124658, 0.07350496693786304, -0.31597161695329723, -0.2555910003190689, -0.12977468538502424], [-0.06479964993033147, -0.3883103690274853, 0.2273980694600893, -0.6185653950775849, -0.31128986187602165, 0.006077017692831885, 0.7271085512047408, 0.49466489004203745, 0.44802338208914266, 0.5674302444245718, -0.057970336997057746, 0.26507295676656795, -0.7439185177329808, -0.43828387582713246, -0.014492415329737], [-0.3387980361287068, -0.46902441641591447, -0.6621211806043774, -0.15359307739060582, 0.37471115175815106, -0.5286632194907374, 0.23355854741512935, -0.2635995387095894, 0.3087475708386834, -0.3964500928743587, -0.08275792407376312, 0.6804182117243056, 0.07002675319478546, 0.6452956292076971, -0.0083878980901829]], "inverted": true, "swapped": true, "error_lsq": 0.0477435881223895, "error_max": 0.3777603325804333, "target": "516.xyz", "model": "15.xyz", "model_rescale": 4.355366556412066, "target_rescale": 4.405688984539377},
{"mapping": [4, 7, 3, 9, 5, 14, 6, 12, 0, 8, 2, 15], "R": [[0.657502228751446, -0.19543540161106077, -0.7276646363428725], [-0.3059896728618645, 0.81328237257702, -0.49491625812594087], [0.6885209795560123, 0.5480664067908351, 0.4749337579690588]], "T": [0.1032041979993738, 0.06440380373604827, 0.04385252073191997], "aligned_model": [[-0.21557485422609463, 0.557974320313285, 0.10217687887142918, -0.625581405879047, -0.5013521495440552, -0.4356864743326196, -0.1531671518418845, -0.31173794991497633, 0.41902487127018073, 0.08125376201469175, 0.6310655803011329, 0.049413127599738024], [-0.6951386455179734, -0.24614503400082965, -0.5164831378290944, 0.402335586123891, -0.2663003535860201, 0.016067091334556874, 0.25788494724297956, 0.6205569965359784, 0.05915811445065129, -0.048543721090791844, 0.3862425856162303, 0.04314199846140219], [0.004183440734789205, -0.08838963635744257, -0.4758284333925104, -0.06537311408412366, -0.4418590466531291, 0.492327900185386, -0.5523101320451301, 0.45190532685675494, -0.6337201632012428, 0.7454133206727125, -0.018131670656744654, 0.031040669150101903]], "inverted": false, "swapped": true, "error_lsq": 0.0505812936937951, "error_max": 0.2730477936473938, "target": "516.xyz", "model": "16.xyz", "model_rescale": 3.795458400668931, "target_rescale": 4.405688984539377},
{"mapping": [2, 0, 3, 13, 11, 6, 1, 10, 12, 9, 5, 14, 15], "R": [[-0.6468644761611314, 0.694192774265024, -0.3156940633572559], [0.7574285453719469, 0.5366868765446947, -0.37184566045664275], [-0.08870370982389833, -0.4796494435553215, -0.8729650984779108]], "T": [0.037739046583143254, 0.028495003957483125, -0.01177641155785224], "aligned_model": [[-0.09640571202196191, 0.001602599129112564, 0.4594356830084804, -0.4025004349863751, 0.6975890644092333, -0.35303423999520417, -0.5270165346071829, 0.3559595304039418, -0.5230129635313032, -0.5376244885318997, 0.0369501772627369, -1.2487896061508241e-05, 0.03670160826070616], [-0.40735046567179883, 0.2539217150484187, 0.5870925075737918, -0.6251699506128482, -0.0773897681229012, 0.5044082309793775, -0.05307870261881696, -0.5638955510801587, -0.17307225705784762, 0.45062226139510997, 0.8686908473567537, 0.11835338550133596, 0.0806490127800696], [-0.4337998596885915, -0.7236415055369153, -0.35476294792095736, 0.0040750041828302545, 0.21178273663444755, -0.2935102741315796, -0.49338512073642576, 0.02482738429696246, 0.5294428369940338, 0.37295981789985644, 0.05779129744981533, 0.6841905800293404, 0.01630508136347918]], "inverted": true, "swapped": true, "error_lsq": 0.04733926285030633, "error_max": 0.25954070295598675, "target": "516.xyz", "model": "17.xyz", "model_rescale": 3.7474275329858107, "target_rescale": 4.405688984539377},
{"mapping": [13, 14, 8, 9, 2, 0, 10, 4, 1, 7, 6, 5, 3, 15], "R": [[0.9449269903842827, 0.28641559289414753, 0.15836379318011942], [0.0009092511302111472, -0.4861723761352333, 0.8738624571094719], [0.32727993538511324, -0.8255922291483339, -0.4596578238909907]], "T": [0.10686174343113987, -0.05317079802448137, -0.0028204569749544287], "aligned_model": [[0.43881353681501767, 0.266732010779065, 0.7315127869137282, -0.36305154600436423, 0.2464102812273915, -0.3484414970612517, 0.7473241723696752, 0.03058387154297801, -0.2612771359708738, 0.23659582733918177, -0.5608501152921408, -0.5495124538383328, -0.2741947498484342, 0.07420265891123642], [-0.6975713181303369, 0.34491564569721606, 0.15689867909981076, 0.044408406877753756, -0.6141388802584762, -0.32054612394820897, -0.18505857690258182, 0.7421605170762728, -0.70276963192263, -0.06141289642700011, -0.16384227976231688, 0.47485976091240717, 0.35091754430232086, -0.008412605102996663], [-0.3124911173603797, -0.5594517904545363, -0.2694820584004913, -0.6562088441167659, 0.2249972261477393, 0.5264095036451922, 0.15825149835148336, 0.201454450306147, 0.0039030330165565827, 0.5484014295346863, -0.024816532274915003, -0.03637616743448583, 0.5439953702193808, -0.02379128251795664]], "inverted": false, "swapped": true, "error_lsq": 0.042324151657126996, "error_max": 0.2787916268207979, "target": "516.xyz", "model": "18.xyz", "model_rescale": 3.922800546911778, "target_rescale": 4.405688984539377},
{"mapping": [10, 11, 7, 2, 5, 8, 4, 1, 14, 0, 3, 6, 12, 9, 15], "R": [[0.48746434138306133, 0.6149763668587539, 0.6198246397854686], [-0.35820238065930804, -0.5065402502139356, 0.7842882310752904], [0.7962848550424545, -0.6043352075780554, -0.026634310796529503]], "T": [0.04252550707975209, 0.13175324959142806, -0.010107655242339997], "aligned_model": [[-0.29412488747416354, -0.2591716511409514, 0.29815853732230513, 0.22056968465657775, 0.37529652700927063, -0.6364284300493793, 0.0345623833179096, 0.4752503945057216, -0.5241379501555098, 0.7771836099343941, 0.5705190612551343, 0.5462156144160104, -0.48070886338767693, -0.04950320756973269, 0.042370014247708344], [0.4943230138180926, -0.11400587943086149, 0.21886977513227765, 0.7178946595562529, -0.5978698773778678, 0.1447085976354465, -0.6241869548290361, 0.60483320281954, -0.21467721599111275, 0.24865611429691478, -0.3489502581947431, -0.006432478874034558, 0.2842541885258689, -0.1668905445247009, 0.07708516247254243], [-0.46698877961414326, -0.5976224201187899, -0.5079097220394592, -0.1140229995625556, 0.2500516893974529, -0.22053633967462447, -0.33963678637505973, 0.37263849366413876, 0.2195621495178573, -0.08417619827758122, -0.32259114712069953, 0.420905234006237, 0.5823108705899892, 0.7379559685124265, 0.012719154258139657]], "inverted": true, "swapped": true, "error_lsq": 0.03888643782811139, "error_max": 0.24586628160467883, "target": "516.xyz", "model": "19.xyz", "model_rescale": 3.9282355846067225, "target_rescale": 4.405688984539377},
{"mapping": [10, 2, 1, 7, 11, 0, 3, 6, 4, 14, 12, 8, 9, 15], "R": [[-0.9612916920833482, 0.17076691625933638, -0.21623353820073843], [-0.27494914419836713, -0.6455682415396876, 0.7124918340724622], [-0.017923471653642428, 0.7443657070463632, 0.6675316047478567]], "T": [-0.0309586328607275, -0.14530974406522174, 0.03710116509182934], "aligned_model": [[-0.6247174286227642, -0.08375726470241861, 0.472892190602675, -0.34099725205509895, -0.6663653828958547, 0.2603803355153788, 0.004551167492508657, 0.6037968503367867, -0.2525632424799649, -0.08417866944706075, 0.20641957769269106, -0.5515321567663822, 0.5951084656253188, -0.0065143712111384484], [-0.4627380725969845, -0.6905057370855201, -0.6305294247160069, -0.13242199042516775, 0.15904674435492228, -0.1834102800973702, 0.42262268623482097, -0.02986697967753893, 0.6482072268656089, 0.11004832108155094, -0.43238235449063206, -0.18673918798986006, 0.026540197045674202, -0.0949890610786609], [0.05194813760060655, -0.25621353638084843, -0.22413875155811916, -0.436665014890389, 0.05185628930103198, -0.6503178567524189, -0.49552515517176277, -0.1686403600788766, 0.0007601950353096354, 0.6896574053795064, 0.7507056452218802, 0.5195048636706607, 0.5226566935359721, 0.056594602331129916]], "inverted": false, "swapped": true, "error_lsq": 0.0398699571749131, "error_max": 0.27572008955255867, "target": "516.xyz", "model": "20.xyz", "model_rescale": 4.067790424073018, "target_rescale": 4.405688984539377},
{"mapping": [14, 7, 12, 9, 13, 2, 1, 11, 10, 4, 3, 6, 5, 0, 15], "R": [[0.2757716826287943, 0.538547675508294, -0.7961886587139364], [-0.8144847415827624, 0.5707915883304495, 0.10397869214441796], [0.5104552720747868, 0.6198091350535391, 0.5960470210606201]], "T": [0.017901302957915713, 0.06658747761225524, -0.04954896940128944], "aligned_model": [[0.35930332180352975, -0.03384787645603486, -0.1695646315950901, 0.25458711713721993, -0.6912610417870998, -0.5620719214574103, -0.49776255796539226, 0.3208335090194765, -0.2951596976085125, 0.798953929047591, 0.5084301710647439, 0.10500541117120012, 0.7133181261333619, -0.11274340290819267, 0.0704234983081242], [-0.20183648490262707, 0.5745845163618758, -0.5204398076613279, -0.7055279260378478, -0.10169317012464889, 0.22273534610987217, -0.2669363638969354, 0.6256682033871428, 0.5460793850274859, 0.3311161257248899, 0.34718359592746306, -0.36516568960929746, -0.24788099530645463, 0.163767157181643, 0.03924124774661386], [-0.6020550764662617, 0.19541115782839308, -0.5674736186410974, -0.12078248736681185, -0.34973280264354667, 0.10953837313321504, 0.37518943777363334, -0.3532809965597271, -0.40396539754702304, -0.04061354157110691, 0.48724357552220937, 0.464817832992561, 0.30860513891178903, 0.6800831486154844, -0.04773517036056989]], "inverted": true, "swapped": true, "error_lsq": 0.04454503289125388, "error_max": 0.313208283176677, "target": "516.xyz", "model": "21.xyz", "model_rescale": 4.186013935880536, "target_rescale": 4.405688984539377},
{"mapping": [4, 11, 3, 9, 12, 5, 14, 8, 0, 2, 13, 6, 15], "R": [[0.8946261470630592, 0.4459265301940521, 0.028170670212096932], [-0.19820630297113323, 0.3395595944698875, 0.9194637259109034], [0.4004476475815796, -0.8281598948708752, 0.39216434064539873]], "T": [-0.07553210886094609, 0.0694029114060192, 0.01808892761044565], "aligned_model": [[0.16927146291626427, -0.42603034050431543, 0.4225828518589522, 0.3447991547145839, -0.2743555863735749, 0.6641826039458375, -0.20478662090293076, -0.6695006056522422, 0.36511326451985804, -0.29917816705697786, -0.5506909566192878, 0.5540602903313919, -0.03689331575433355], [-0.2771028844647462, -0.06111091661484361, 0.25255262362205744, -0.4684602020139239, -0.4225081769984156, -0.2568847827085238, -0.6209553768863855, -0.30413717212137636, 0.671717238854492, 0.5945974552424026, 0.22444505793273375, 0.1602538050589611, 0.02654999064366105], [-0.6890909624723197, -0.5791626559239007, -0.5527321101652928, 0.4554463161983485, 0.6234674525501998, -0.22092535657228565, 0.04193143945194653, -0.09634774411600008, -0.025775212664722817, 0.26347232600491766, 0.6276182079115393, 0.2503186769537319, 0.004659184179183885]], "inverted": true, "swapped": true, "error_lsq": 0.048308241500604386, "error_max": 0.3318657187077741, "target": "516.xyz", "model": "22.xyz", "model_rescale": 4.166573947596378, "target_rescale": 4.405688984539377},
{"mapping": [3, 8, 4, 11, 12, 14, 9, 2, 5, 10, 1, 6, 7, 0, 13, 15], "R": [[-0.17141641614785413, 0.41774482412861924, -0.8922475408701191], [-0.9699619042251271, 0.08710283018021922, 0.2271277202953475], [0.17259871560064224, 0.9043795436034283, 0.39026571010615796]], "T": [-0.08376064036603739, -0.08672806190889693, -0.007297588956615326], "aligned_model": [[-0.12392442959463956, -0.4451799964452744, 0.17855239165790468, -0.2575290539098566, -0.08307475273451635, -0.5595780054931109, -0.6410460394293463, 0.44732527838936487, 0.3398689726198122, -0.5256715753171008, 0.5961046281350859, 0.5495437201909609, -0.11637461512565839, 0.2977494299887028, -0.17217331330160593, -0.02213174153071764], [-0.4047483569603231, 0.3150995391260645, 0.0825642021951033, -0.8492531221730525, -0.585639313088093, -0.19293623041119004, -0.2602508920603972, -0.40869174332943226, 0.4571319591549502, 0.388801464410038, 0.12004666071288353, -0.31915854118201015, 0.6180873324954044, 0.5660012380881438, 0.33223661190975506, -0.05762850432354869], [-0.5159001980595069, -0.608953444341522, -0.6724182666607007, -0.10953945098002661, 0.4175181925701343, 0.6158359627055975, -0.14791045354999505, -0.26632726666740986, 0.4572626436195673, 0.36623638309096834, -0.0632126284158057, 0.34485194060607827, 0.10915513154103504, -0.31576199530086274, 0.72308925392335, 0.003569013464749339]], "inverted": false, "swapped": false, "error_lsq": 0.04212745188914895, "error_max": 0.33806135063470893, "target": "516.xyz", "model": "23.xyz", "model_rescale": 4.274766983524099, "target_rescale": 4.405688984539377},
{"mapping": [2, 12, 8, 11, 14, 4, 3, 5, 6, 9, 15], "R": [[0.5909889044971217, -0.23745571271569876, 0.770938972461486], [0.16187163385425535, -0.9013468916747301, -0.40171053635877746], [0.7902719082155497, 0.36219962088188656, -0.49424866789741767]], "T": [0.0463170631925242, 0.013265815350290727, -0.15524645125920553], "aligned_model": [[0.39582951915790143, 0.15186858087795102, -0.4928228194643485, -0.6155640521436218, -0.3464325480940215, -0.5421841105167367, -0.05856656333151983, 0.03256312089646894, 0.5434699238766191, 0.2800208485437482, 0.03171280415563436], [-0.1378583854500303, 0.8104284744408975, 0.3621770888969288, -0.19075835165173843, 0.5519800404699446, -0.2696089420096054, -0.6231961395632931, -0.11070503918646338, -0.06819818609366013, 0.5668932458649276, 0.024432725525575474], [-0.6462275094348388, -0.19240859099279894, -0.46023109208360613, -0.28516893647473907, 0.06702475010557049, 0.348486307707081, 0.28226308369965536, 0.6785469284299926, 0.2972729185590477, 0.3889371520986099, -0.09892857759239689]], "inverted": true, "swapped": true, "error_lsq": 0.05079924623625611, "error_max": 0.24331465230753502, "target": "516.xyz", "model": "24.xyz", "model_rescale": 3.7841303162186577, "target_rescale": 4.405688984539377},
{"mapping": [1, 0, 7, 4, 5, 2, 8, 6, 13, 9, 11, 3, 14, 10, 12, 15], "R": [[0.8386899597901801, 0.1728140234353637, 0.5164634204386871], [-0.19067638215028285, 0.9814734864737028, -0.01876999305364683], [-0.5101388719135465, -0.08273517180278428, 0.8561035116792469]], "T": [-0.06538559099732202, 0.03505174903748717, -0.05897001643106941], "aligned_model": [[-0.4210258330895663, -0.279183076483156, 0.2242279769600463, -0.09948636139133937, -0.11775350493792927, -0.6210646427972859, -0.6103619161400518, 0.43390055043258335, 0.47219910891354, -0.4379349751390611, 0.6729705761539027, 0.4684431342786297, -0.0658447979203651, -0.04643712484436971, -0.09722423957278156, -0.012963976322791705], [-0.461785433037865, 0.006136932502715936, 0.17926314020377404, -0.6998916850468275, -0.44856131640700003, -0.2530206457046843, -0.11670243313228887, -0.4502268486086174, 0.28004866113974547, 0.3678160410708119, 0.22761446846884187, -0.4011879252329581, 0.6876473037268364, 0.7592076851044803, 0.13531367789182597, -0.010009318374495056], [-0.4828912668009902, -0.7623792273007369, -0.6230024765015394, 0.06512522527160178, 0.670903088954092, 0.36177707471208453, -0.23051959196762167, -0.25195831629843374, 0.45384496068362784, 0.24535808093967088, -0.14368919181445278, 0.3578317665495457, 0.3920486011882748, -0.34268508682139287, 0.692099722346517, -0.06436854559459532]], "inverted": false, "swapped": false, "error_lsq": 0.04206485352003135, "error_max": 0.27633955753663814, "target": "516.xyz", "model": "25.xyz", "model_rescale": 4.19342608120988, "target_rescale": 4.405688984539377},
{"mapping": [4, 7, 3, 9, 5, 14, 6, 12, 0, 8, 2, 15], "R": [[0.657502228751446, -0.19543540161106077, -0.7276646363428725], [-0.3059896728618645, 0.81328237257702, -0.49491625812594087], [0.6885209795560123, 0.5480664067908351, 0.4749337579690588]], "T": [0.1032041979993738, 0.06440380373604827, 0.04385252073191997], "aligned_model": [[-0.21557485422609463, 0.557974320313285, 0.10217687887142918, -0.625581405879047, -0.5013521495440552, -0.4356864743326196, -0.1531671518418845, -0.31173794991497633, 0.41902487127018073, 0.08125376201469175, 0.6310655803011329, 0.049413127599738024], [-0.6951386455179734, -0.24614503400082965, -0.5164831378290944, 0.402335586123891, -0.2663003535860201, 0.016067091334556874, 0.25788494724297956, 0.6205569965359784, 0.05915811445065129, -0.048543721090791844, 0.3862425856162303, 0.04314199846140219], [0.004183440734789205, -0.08838963635744257, -0.4758284333925104, -0.06537311408412366, -0.4418590466531291, 0.492327900185386, -0.5523101320451301, 0.45190532685675494, -0.6337201632012428, 0.7454133206727125, -0.018131670656744654, 0.031040669150101903]], "inverted": false, "swapped": true, "error_lsq": 0.0505812936937951, "error_max": 0.2730477936473938, "target": "516.xyz", "model": "26.xyz", "model_rescale": 3.795458400668931, "target_rescale": 4.405688984539377},
