[{"mapping": [2, 3, 8, 6, 1, 5, 11, 4, 7, 9, 12, 13], "R": [[0.9840203060127362, -0.0595480214917641, -0.16780366650051912], [0.16588388030053883, -0.035872982996567326, 0.9854926013661212], [-0.06470375268125905, -0.9975806544973418, -0.025421686836598137]], "T": [0.057524404537835874, -0.05567413928457775, 0.1724244288440991], "aligned_model": [[-0.47627716518529667, -0.287074994289588, -0.3225321003857298, -0.652100521110455, 0.40222856600296547, 0.07966331226282103, 0.2676343250192324, -0.7579613368851953, -0.16449812416268694, 0.19493163414459697, 0.5964748227259652, 0.0429945698484797], [0.2356216791135718, -0.30907407779775603, 0.0097142502655269, -0.3028161584422885, -0.3275447164329737, -0.7539038278257502, -0.11671336726322022, 0.37871376683877, 0.5213939345436908, 0.6631207677683977, 0.14105084073499152, 0.05612696467762389], [0.6430207269113233, 0.4728242146080505, -0.5071787959864102, 0.03135858800032665, 0.5470035843941534, -0.11806899835527751, -0.49028959304343683, -0.07189990306040592, -0.2624237255650309, 0.20701209443063076, 0.24957063383660957, 0.05482655763831497]], "inverted": false, "swapped": false, "error_lsq": 0.04805384740244442, "error_max": 0.2685025808340834, "target": "517.xyz", "model": "0.xyz", "model_rescale": 3.8414455957264533, "target_rescale": 3.878611999066326},
{"mapping": [8, 13, 2, 9, 11, 0, 4, 6, 5, 10, 1, 14], "R": [[0.6937362791694788, -0.08820947145463737, 0.7148070117939395], [-0.672173089765395, 0.27715853256286577, 0.6865613484772076], [-0.2586760761248129, -0.9567665530176591, 0.13298289614599926]], "T": [-0.10259834596921628, -0.013140843822703672, 0.030638566958578126], "aligned_model": [[-0.5390467657318804, -0.25465909457727465, -0.3919017462136856, -0.7170779852381555, 0.4423981365188628, 0.23471089497844105, 0.1292492094273719, -0.6429991649381185, -0.05097903629596044, -0.02552224824530984, 0.7616884674415939, -0.02237767914077604], [0.1664250684085945, -0.5124231799117206, 0.13200842995704862, -0.30654131896769327, -0.2175429039892423, -0.6488543513451331, -0.14392922298562333, 0.5186868972671362, 0.5533947920536045, 0.6258844722640398, 0.0052451378450246965, 0.02333623558454839], [0.6643350696724456, 0.5805855446224079, -0.6325657443562909, 0.07354094570440257, 0.6531046576055063, -0.05658632531428412, -0.4436591726320226, -0.15685378608191508, -0.30207092363881594, 0.26320516165842495, 0.06481679118166461, 0.04790316538732472]], "inverted": true, "swapped": false, "error_lsq": 0.036058456350104184, "error_max": 0.19987129439375062, "target": "517.xyz", "model": "1.xyz", "model_rescale": 4.316132596720782, "target_rescale": 3.878611999066326},
{"mapping": [1, 8, 4, 2, 10, 6, 3, 0, 5, 9, 7, 11], "R": [[-0.12498666417147092, 0.9190611827890814, 0.3737711546783983], [-0.13485019204373141, -0.38896552159786885, 0.9113293854111515], [0.9829515550041402, 0.0635009078551873, 0.17255108002128045]], "T": [-0.07772304975317496, 0.05402758337343097, 0.10377581858442497], "aligned_model": [[-0.3728047453839157, -0.320518716844698, -0.40293741096704144, -0.8588659540277952, 0.2842061440195112, 0.043276825099230365, 0.3514788034883115, -0.6146900993616362, 0.02141267902552263, 0.11725709526830905, 0.76936949126415, -0.09370112359483923], [0.19053733801024272, -0.49730305195296953, -0.19046946207992185, -0.2448574659777111, -0.27566961511021837, -0.7165081513239966, -0.056823973426885915, 0.4581619399702932, 0.5493337781081851, 0.6779235215984402, 0.33534008784957303, -0.03397488948444702], [0.5383896048331952, 0.5771899189289982, -0.5510421295214446, 0.1385449445553027, 0.5006924528999648, -0.15647343662970237, -0.38049137044259473, -0.12481960577763368, -0.29697817410172755, 0.4540444391397771, 0.042468220703498094, 0.01423051922121446]], "inverted": false, "swapped": false, "error_lsq": 0.04878586175782088, "error_max": 0.24888584621864454, "target": "517.xyz", "model": "2.xyz", "model_rescale": 3.795458400668931, "target_rescale": 3.878611999066326},
{"mapping": [1, 6, 9, 8, 2, 3, 5, 7, 4, 0, 10, 11], "R": [[-0.6693002891011084, 0.740683627666606, -0.058522531693436075], [0.18347090951631795, 0.08843353945402205, -0.979039291581747], [-0.7199830195014516, -0.666008463014, -0.1950824923546493]], "T": [-0.0585531391372919, 0.06279879140966589, 0.11453451842739948], "aligned_model": [[-0.3738200280565826, -0.13477584887748165, -0.4465185200637894, -0.6867301700342888, 0.36765208535776084, -0.2080593857908518, 0.2794399338532999, -0.64668933044214, 0.21105313281935342, -0.02060484884923052, 0.6659106807439973, -0.0833747126749377], [0.11667867959131555, -0.482506312717264, -0.1575381865609195, -0.4001813985848775, -0.16151295666528936, -0.6471732560876877, -0.22008053472583988, 0.47774102618285813, 0.5095939859001151, 0.7873682754587255, 0.17648824467723495, 0.19681248971221282], [0.6567269089681889, 0.3246029324117124, -0.6307769078560168, 0.15460818256464798, 0.7109895944420627, -0.21811785195337718, -0.4327904170585719, -0.14084962143807428, -0.2578110812853909, 0.40739444095834876, 0.07935473305433277, 0.10242447100098587]], "inverted": false, "swapped": false, "error_lsq": 0.05222966008183414, "error_max": 0.3473182048104738, "target": "517.xyz", "model": "3.xyz", "model_rescale": 3.7530521520055578, "target_rescale": 3.878611999066326},
{"mapping": [0, 9, 4, 10, 1, 8, 3, 7, 2, 6, 11], "R": [[-0.7784667876072624, 0.6274480347017322, -0.017274962846947628], [-0.4278894298493382, -0.5103389651610528, 0.7459656670796277], [0.4592386051015721, 0.5881012705200352, 0.6657603166283512]], "T": [0.07149784431630243, 0.009929213673770115, 0.05540401822670148], "aligned_model": [[-0.44695876330131856, -0.2581332742623138, 0.49859553430990755, 0.5356019466682942, 0.21585719573540435, -0.3010970697329224, -0.29564573282607975, -0.6524698598616271, -0.31032822253414116, 0.3906195460373929, -0.03784169778739109], [-0.5937967254899428, 0.1309188384848274, -0.37351644878865686, 0.3904768835177984, -0.7149633879496593, 0.5086129685031217, -0.44448037318150135, 0.01695193307389918, 0.31289041762562897, 0.3092885054418679, -0.07517925292303777], [-0.24465558717033953, -0.6598306191767298, -0.43185278928269566, -0.3799934127327388, 0.13272787156014199, -0.12210301505687371, 0.586341794748801, 0.17163200199410145, 0.6691017473867048, 0.40537241423750353, -0.03390962926255892]], "inverted": true, "swapped": true, "error_lsq": 0.042131902252577576, "error_max": 0.20262313587498587, "target": "517.xyz", "model": "4.xyz", "model_rescale": 3.7855080009869324, "target_rescale": 3.878611999066326},
{"mapping": [10, 9, 13, 15, 3, 14, 12, 8, 6, 7, 1, 16], "R": [[-0.6110257139258464, -0.7420751932371568, -0.2756301589148872], [-0.7871290267335778, 0.6065457606126481, 0.11193808804993362], [0.08411582606656298, 0.2853535488913015, -0.9547239810229338]], "T": [0.04078386064857166, 0.06962126745282617, 0.07612256844676686], "aligned_model": [[-0.4401717461980656, -0.1695496053489532, -0.3023971318311416, -0.7037148953257073, 0.21730781845530944, -0.056439127511244205, 0.27250054386752565, -0.6151723710208039, 0.010217366425780222, -0.09347684476673702, 0.7685219103871905, 0.03585707085195559], [0.1694088140352581, -0.460671770109229, 0.06457526107382293, -0.28364529691660334, -0.22162204080350856, -0.5817605862403333, -0.25810882387220874, 0.29819584946858285, 0.6258448354237438, 0.7476273805029129, 0.07964350906719703, 0.016202924550949252], [0.6143496802352072, 0.5021074820807115, -0.5618970104813882, 0.060551969960310134, 0.6814598571671883, -0.07862487025710575, -0.47339142497673453, -0.03694801373115665, -0.26410985201253107, 0.3653478189419564, -0.13220607726722094, 0.07911582414961163]], "inverted": false, "swapped": false, "error_lsq": 0.04065501085129095, "error_max": 0.2253192580992363, "target": "517.xyz", "model": "5.xyz", "model_rescale": 4.2253639853439635, "target_rescale": 3.878611999066326},
{"mapping": [2, 6, 8, 5, 7, 11, 9, 10, 1, 4, 0, 13], "R": [[-0.9310057507014258, 0.0640459983075782, 0.3593416233358735], [0.3604160855141428, 0.31691667690946695, 0.8773050012392059], [-0.057693478518262314, 0.9462885025178349, -0.3181344566987621]], "T": [-0.04775081087252671, -0.01030812464410244, 0.059339665049930136], "aligned_model": [[-0.5125288485781777, -0.1365992727116449, -0.3475973020258071, -0.6445750549491047, 0.5118070889741414, -0.23854393545746444, 0.2994083852044735, -0.696407992574552, 0.03340847850606847, -0.030565133200346054, 0.7210935317608044, -0.03541695696328248], [0.17267523532410686, -0.4033352089133174, -0.08508613656981916, -0.21940857429844615, -0.3291456513764134, -0.7604348047690788, -0.03314059597422578, 0.38587318028288864, 0.6266467899754843, 0.6254527591903981, 0.21696646040491852, -0.0013733970959122557], [0.5073018037162039, 0.5606914676623984, -0.6117528816783093, 0.08795941500441948, 0.522620146284917, -0.02104526008523796, -0.4422135208810468, -0.11615024532064236, -0.29619850230736366, 0.36986190785299966, 0.07628927029948548, 0.11839178326102401]], "inverted": true, "swapped": false, "error_lsq": 0.050266758069831656, "error_max": 0.3352574984180627, "target": "517.xyz", "model": "6.xyz", "model_rescale": 3.89814844738969, "target_rescale": 3.878611999066326},
{"mapping": [5, 2, 3, 0, 10, 4, 7, 6, 8, 9, 11, 12], "R": [[-0.3389981863655167, -0.19964543931739062, -0.9193595206450286], [0.93993285338037, -0.11350686724248224, -0.32193543176393813], [-0.0400806783516221, -0.9732717450170655, 0.22613192957720538]], "T": [-0.11084706705404158, -0.061809571116318726, 0.01537546548253909], "aligned_model": [[-0.47052148094451823, -0.1963707638052244, -0.5153994601346531, -0.6126964494958409, 0.21196110604983587, 0.25721022296357016, 0.03135651382380321, -0.5717877690822124, 0.08593776697911139, 0.07228350919890562, 0.6616396657138359, -0.030129873281504307], [0.27384617535622247, -0.5414315099661009, 0.15560140001715295, -0.32799166043850825, -0.08742821046863625, -0.5869218745803056, -0.3174563549016698, 0.4304074725675674, 0.4989122289395211, 0.6620341842318553, 0.16003662798061508, -0.12391842255712904], [0.6158304095685474, 0.5293757938763581, -0.6490429023802574, -0.15286448261293364, 0.6741942810511287, 0.08084827205069442, -0.5725850289995988, -0.03592660220143108, -0.30797197049216757, 0.5057419497770208, -0.08152077214753331, 0.1496764363190207]], "inverted": true, "swapped": false, "error_lsq": 0.04676351747296504, "error_max": 0.23254678435529152, "target": "517.xyz", "model": "7.xyz", "model_rescale": 3.7474275329858107, "target_rescale": 3.878611999066326},
{"mapping": [10, 12, 9, 11, 1, 13, 4, 7, 5, 3, 2, 14], "R": [[0.5814783256904875, -0.3501736694846443, -0.7343441685966102], [-0.6576602323020353, -0.7336721116594532, -0.1709042170971567], [-0.4789216800277688, 0.5823260545199898, -0.6569097279128705]], "T": [-0.08354814589893159, 0.05113544299286377, 0.13582787799282364], "aligned_model": [[-0.6858796101135691, -0.2679123086901578, -0.4877588993907792, -0.6205516935025903, 0.443563013077087, 0.05835039196591191, 0.4022833979657713, -0.6672612745736608, -0.21981646763409796, 0.2504698431937209, 0.7550398384867756, -0.037043242799302434], [0.13441191869643088, -0.4736118860275519, 0.13441701598589734, -0.20957670113157717, -0.08767362053033279, -0.8082219025389176, -0.28188132949971983, 0.3770822363918103, 0.6553410596661172, 0.6855448118958344, 0.05556803241487662, 0.014290420857716167], [0.589176745312139, 0.4028348347628403, -0.5044988249094975, -0.03777028834826643, 0.6532133146033108, -0.08661669111363679, -0.37923851197082753, 0.005769032812186797, -0.22387753104888425, 0.14538154719620097, 0.0627522976339987, 0.12862945887928334]], "inverted": false, "swapped": false, "error_lsq": 0.04747785291561768, "error_max": 0.26693568735096646, "target": "517.xyz", "model": "8.xyz", "model_rescale": 4.019505241142653, "target_rescale": 3.878611999066326},
{"mapping": [9, 11, 4, 8, 6, 5, 3, 7, 0, 1, 2, 12], "R": [[0.03983110091103015, 0.4838610115256767, -0.8742379566946086], [-0.9555665067867426, -0.2373006690013253, -0.17487436518514088], [-0.29207213921837505, 0.8423579488654883, 0.45290942966064385]], "T": [-0.016540006617017003, 0.042835072875532024, 0.2003700406156262], "aligned_model": [[-0.5399293776936948, -0.29511147168710916, -0.3234499938135612, -0.6713702572162491, 0.4850787781943929, 0.09374191508947248, 0.35834811238553166, -0.6962587417235896, -0.06101636042975901, 0.07512973328170218, 0.5217876484353279, -0.023466996837355418], [0.1703661735769627, -0.433185092624518, -0.06355463296099347, -0.11660069179715181, -0.32408501230403886, -0.5652105877343752, -0.17432337765139633, 0.43647351286405905, 0.457526768352829, 0.6609624929866456, 0.14269397995592936, 0.00462652351663171], [0.6212494129163888, 0.4885579391800817, -0.5625730512950062, 0.15661491257918775, 0.576946837276066, -0.061628225600283526, -0.5417633121837486, -0.24975795205336543, -0.2983269913835411, 0.45692501223815524, -0.02369177384460308, 0.19320257597951693]], "inverted": false, "swapped": false, "error_lsq": 0.047125554437394905, "error_max": 0.2704651149026556, "target": "517.xyz", "model": "9.xyz", "model_rescale": 3.877068213659057, "target_rescale": 3.878611999066326},
{"mapping": [8, 7, 5, 1, 2, 4, 3, 0, 12, 10, 13, 15], "R": [[0.09642679330166135, -0.0877938124917401, 0.9914605993289518], [0.5540097370912023, 0.8322743073100349, 0.019816372012530448], [-0.82690693838043, 0.5473679967624772, 0.12889216957805133]], "T": [0.04854480908741231, 0.12961751771346572, 0.11789290223068334], "aligned_model": [[-0.49104095132808423, -0.30510806485626524, -0.3895297834554765, -0.6638354501282644, 0.30550372540164866, 0.09854722160393753, 0.22148177353958293, -0.6859152523980145, -0.1974956179060719, 0.2596882848255951, 0.8036921284565689, -0.0325050257700473], [0.1181988345674169, -0.5268915054765321, -0.06981446249944925, -0.3324069980491583, -0.24644169325069312, -0.5313893640566686, -0.09296801478416575, 0.37923376353518506, 0.5959763721844359, 0.7767713417209019, -0.0357419697455425, 0.16116375203485375], [0.6692909042583826, 0.449875005119229, -0.49799099825646803, -0.06086482016908572, 0.6004972361576931, -0.018709955499387573, -0.4507105006583952, -0.061065706219662994, -0.41141678297724743, 0.3174452517173032, 0.12476763281031615, 0.09463811752617074]], "inverted": false, "swapped": false, "error_lsq": 0.04456719428324001, "error_max": 0.2525898405725697, "target": "517.xyz", "model": "10.xyz", "model_rescale": 4.260839863003843, "target_rescale": 3.878611999066326},
{"mapping": [8, 9, 3, 2, 10, 4, 5, 1, 0, 7, 6, 11], "R": [[-0.1833519589444047, -0.9645879273948078, 0.1896106259560325], [-0.8542525307506771, 0.2517830470370651, 0.4548163485746689], [-0.48645110017072934, -0.07858388860905406, -0.870166593011802]], "T": [-0.11063901777799431, 0.004527425209128808, 0.09859613943277196], "aligned_model": [[-0.5011520981493317, -0.22522557682828284, -0.3203334313225399, -0.7262758654935846, 0.3498938590489351, -0.05364935812486625, 0.30402034814028156, -0.6452410176350247, 0.16351720970289144, 0.05533575044606551, 0.6479603725892837, -0.12536720438871884], [0.060358119527604566, -0.584018816574931, 0.0020825880663063265, -0.2582203797223142, -0.14779892919364282, -0.7203345156969615, -0.26756697038400884, 0.4545485683763429, 0.7228388922797312, 0.5839033754114722, 0.2852203724552677, 0.06467775163571765], [0.6985927016642146, 0.6241591736390266, -0.5795302109712814, -0.050775842143321204, 0.4961385185045813, 0.012397508818953684, -0.3603517360290895, -0.08833249826789996, -0.32437107993931585, 0.3562422415231135, -0.1227492218353107, 0.09433582884517738]], "inverted": true, "swapped": false, "error_lsq": 0.040787299913841876, "error_max": 0.2150102817653965, "target": "517.xyz", "model": "11.xyz", "model_rescale": 3.890672605050136, "target_rescale": 3.878611999066326},
{"mapping": [1, 6, 10, 11, 8, 9, 12, 2, 4, 3, 7, 13], "R": [[0.023647959666092476, 0.7918577744453468, -0.610247522775876], [-0.9972371019141106, 0.061682035346596976, 0.04139431218715017], [0.07041971719324747, 0.6075825800382724, 0.7911286064000338]], "T": [-0.11155533803696072, -0.07674009536671306, 0.1727179903323091], "aligned_model": [[-0.6538358836658738, -0.2737473408406864, -0.36736389348530935, -0.581960598308232, 0.3921607776807958, -0.05514689937122741, 0.23640685030002573, -0.6317518559257854, -0.16923348495487833, 0.3755450573795521, 0.6611466110436237, -0.008736351866896086], [0.17772723845733912, -0.43286220124159763, 0.0266496927489987, -0.2597160475321299, -0.055546596773727946, -0.8090063200042648, -0.10223060382241718, 0.2549453265859225, 0.561060321577951, 0.6677346235187396, 0.1541646385952427, 0.012769984070527651], [0.6691819630827245, 0.5957181603976545, -0.6778189219268704, -0.04637298605313861, 0.6875111101598159, -0.08501186886868145, -0.4856168000376652, -0.1807568988849193, -0.1117831578876397, 0.420818279988606, -0.10401088780914114, 0.07389739164810274]], "inverted": true, "swapped": false, "error_lsq": 0.04733207763473434, "error_max": 0.25606923350266775, "target": "517.xyz", "model": "12.xyz", "model_rescale": 4.124412569039231, "target_rescale": 3.878611999066326},
{"mapping": [1, 2, 9, 8, 4, 10, 7, 6, 3, 0, 5, 12], "R": [[-0.36929249567487954, 0.9178973716129852, -0.1452152465280156], [0.8745744431831548, 0.2904337824386185, -0.38828824518554766], [-0.31423334636714456, -0.2703934784797342, -0.9100245990227602]], "T": [-0.06167053409028651, 0.07451431946065962, -0.005499614497747454], "aligned_model": [[-0.5346446992948429, -0.3115451841149869, -0.3609349905276233, -0.6984476909198102, 0.31086345132773147, 0.1522435691923396, 0.30092522569082775, -0.6640627178834347, -0.13897544225280012, 0.21611270711846592, 0.6955860138127913, -0.04363725416354991], [0.24219267334196776, -0.5315322885452622, 0.007612168482909548, -0.2539604195617096, -0.14884139178020456, -0.6310425214273527, -0.11189311536886448, 0.3618320894588025, 0.7236915822982046, 0.5032560160127233, 0.07480998266113861, -0.04043471939176893], [0.6356272899427388, 0.5536655505907715, -0.5663972516011745, 0.033427487407443016, 0.6499444423935957, -0.037748226722598074, -0.48179181236065305, -0.052243285002916404, -0.290712181462573, 0.269790090967683, 0.012059209876276539, 0.030134069780254104]], "inverted": true, "swapped": false, "error_lsq": 0.0381153063343985, "error_max": 0.2352146697736386, "target": "517.xyz", "model": "13.xyz", "model_rescale": 3.9028299243045295, "target_rescale": 3.878611999066326},
{"mapping": [11, 6, 10, 9, 2, 3, 4, 14, 13, 12, 8, 15], "R": [[-0.4832834684474517, 0.6115016735413344, 0.6265004328662096], [-0.8562999822545928, -0.47909134532514275, -0.19292958100127747], [0.1821741735707471, -0.6297119866182411, 0.7551657992739894]], "T": [0.013935934422782723, -0.05592904778911198, 0.0768795618089699], "aligned_model": [[-0.4929860195632153, -0.2952584178427977, -0.3540183306136445, -0.7386772366385107, 0.504001970420302, 0.1367318637131589, 0.2090117367446968, -0.6964302134120709, -0.07411186408941677, 0.09414529090577267, 0.7209669990089556, -0.08989279064812125], [0.2860774014175036, -0.5350375756176685, 0.04599442515867776, -0.23476497455095197, -0.240992522246659, -0.6640318085904273, -0.3043149274249493, 0.44684553198654864, 0.6609202714837433, 0.5861689436650931, 0.24885984897596433, -0.10003455807629089], [0.4915100112528408, 0.42222306230993234, -0.5631000211096869, 0.12624131327668112, 0.5943122244223414, 0.015060169271660165, -0.5227979849015112, -0.08327133804685713, -0.2563260660403097, 0.33284228851726616, 0.13785465243206232, 0.061207072424428646]], "inverted": true, "swapped": false, "error_lsq": 0.03815441526903902, "error_max": 0.18777261215827434, "target": "517.xyz", "model": "14.xyz", "model_rescale": 3.942246331269136, "target_rescale": 3.878611999066326},
{"mapping": [10, 4, 1, 3, 11, 13, 12, 5, 0, 7, 8, 14], "R": [[0.7043977743744039, -0.3381816895594477, -0.624064836618042], [0.27357601958371147, -0.6819274146405903, 0.6783296858241815], [-0.6549655998333949, -0.6485430949507655, -0.387829752631955]], "T": [-0.13048816887008788, 0.08004490234034566, 0.17872323524088485], "aligned_model": [[-0.4172258339963748, -0.33389833639918337, -0.4339222242051437, -0.6513346877173685, 0.3340655413132474, 0.21978857394814008, -0.0060042185460246755, -0.6429617191502544, 0.15875838597180567, 0.19118364357802894, 0.6204833909297438, -0.11544952774150752], [-0.03952787656037915, -0.4248032046540353, 0.06270123576161117, -0.28455478229576187, -0.23717131295183358, -0.6422182572389729, -0.3772564438708346, 0.35594314302610885, 0.5362261851886211, 0.8675022060444354, 0.25704732842131844, 0.12180183531030649], [0.8209727023384025, 0.39647692529590967, -0.5724547776649418, -0.1564392690291584, 0.6233295192351098, 0.04999103934386501, -0.48720129729107287, -0.07431940788247576, -0.32022821586358324, 0.26484958456829466, 0.11911800207257436, 0.09166057868592392]], "inverted": true, "swapped": false, "error_lsq": 0.050901129728509374, "error_max": 0.31326737406513083, "target": "517.xyz", "model": "15.xyz", "model_rescale": 4.355366556412066, "target_rescale": 3.878611999066326},
{"mapping": [1, 8, 4, 2, 10, 6, 3, 0, 5, 9, 7, 11], "R": [[-0.12498666417147092, 0.9190611827890814, 0.3737711546783983], [-0.13485019204373141, -0.38896552159786885, 0.9113293854111515], [0.9829515550041402, 0.0635009078551873, 0.17255108002128045]], "T": [-0.07772304975317496, 0.05402758337343097, 0.10377581858442497], "aligned_model": [[-0.3728047453839157, -0.320518716844698, -0.40293741096704144, -0.8588659540277952, 0.2842061440195112, 0.043276825099230365, 0.3514788034883115, -0.6146900993616362, 0.02141267902552263, 0.11725709526830905, 0.76936949126415, -0.09370112359483923], [0.19053733801024272, -0.49730305195296953, -0.19046946207992185, -0.2448574659777111, -0.27566961511021837, -0.7165081513239966, -0.056823973426885915, 0.4581619399702932, 0.5493337781081851, 0.6779235215984402, 0.33534008784957303, -0.03397488948444702], [0.5383896048331952, 0.5771899189289982, -0.5510421295214446, 0.1385449445553027, 0.5006924528999648, -0.15647343662970237, -0.38049137044259473, -0.12481960577763368, -0.29697817410172755, 0.4540444391397771, 0.042468220703498094, 0.01423051922121446]], "inverted": false, "swapped": false, "error_lsq": 0.04878586175782088, "error_max": 0.24888584621864454, "target": "517.xyz", "model": "16.xyz", "model_rescale": 3.795458400668931, "target_rescale": 3.878611999066326},
{"mapping": [5, 2, 3, 0, 10, 4, 7, 6, 8, 9, 11, 12], "R": [[-0.3389981863655167, -0.19964543931739062, -0.9193595206450286], [0.93993285338037, -0.11350686724248224, -0.32193543176393813], [-0.0400806783516221, -0.9732717450170655, 0.22613192957720538]], "T": [-0.11084706705404158, -0.061809571116318726, 0.01537546548253909], "aligned_model": [[-0.47052148094451823, -0.1963707638052244, -0.5153994601346531, -0.6126964494958409, 0.21196110604983587, 0.25721022296357016, 0.03135651382380321, -0.5717877690822124, 0.08593776697911139, 0.07228350919890562, 0.6616396657138359, -0.030129873281504307], [0.27384617535622247, -0.5414315099661009, 0.15560140001715295, -0.32799166043850825, -0.08742821046863625, -0.5869218745803056, -0.3174563549016698, 0.4304074725675674, 0.4989122289395211, 0.6620341842318553, 0.16003662798061508, -0.12391842255712904], [0.6158304095685474, 0.5293757938763581, -0.6490429023802574, -0.15286448261293364, 0.6741942810511287, 0.08084827205069442, -0.5725850289995988, -0.03592660220143108, -0.30797197049216757, 0.5057419497770208, -0.08152077214753331, 0.1496764363190207]], "inverted": true, "swapped": false, "error_lsq": 0.04676351747296504, "error_max": 0.23254678435529152, "target": "517.xyz", "model": "17.xyz", "model_rescale": 3.7474275329858107, "target_rescale": 3.878611999066326},
{"mapping": [8, 5, 11, 10, 6, 12, 7, 3, 1, 0, 2, 13], "R": [[-0.9244843271234803, -0.311320795402927, -0.22001838844227362], [-0.2914071584600868, 0.20500334264852327, 0.9343743882947297], [-0.24578567269323132, 0.9279294110289971, -0.2802434856443853]], "T": [-0.0686281033379115, -0.022509456859865776, 0.08456921471558769], "aligned_model": [[-0.5449462785977645, -0.35887292815038996, -0.3855431076932512, -0.7101440536457692, 0.5374388446968819, -0.07606804012934626, 0.30245688304625995, -0.5808150353444613, 0.015724955994479012, 0.1461011207794399, 0.5694674647775742, 0.008683162251456225], [0.2231173537239715, -0.5595899137567696, -0.04961756524350061, -0.27544769624012005, -0.05073873463185949, -0.743358261283613, -0.2639109115836384, 0.3910596514031338, 0.5377718454311405, 0.6591941412598132, 0.28744298934313756, 0.03976715775888845], [0.5637799377365105, 0.4725414574846814, -0.563941920331738, 0.05425580145874456, 0.5608934465541482, -0.11432415323541632, -0.5248900149083494, -0.080398420539027, -0.3122781621108655, 0.5185207735346713, 0.06015096633793555, 0.12144567182755213]], "inverted": true, "swapped": false, "error_lsq": 0.038974249758452165, "error_max": 0.206186024071794, "target": "517.xyz", "model": "18.xyz", "model_rescale": 3.922800546911778, "target_rescale": 3.878611999066326},
{"mapping": [13, 4, 5, 8, 10, 6, 1, 12, 3, 7, 2, 14], "R": [[0.6699260048996306, 0.13336664339681883, -0.730350933721787], [0.16909961159081952, 0.9304667608610181, 0.3250183507013709], [0.7229138740673431, -0.34124030442178294, 0.6007916321979484]], "T": [-0.0772538382966464, 0.020683330237173527, 0.04188848252418019], "aligned_model": [[-0.5596409349387396, -0.13723396775222124, -0.434785077877182, -0.5569024843890683, 0.49915412741466786, 0.02031867790938413, 0.21489862697287465, -0.6222723582446252, 0.04631611488645668, -0.11067687750524724, 0.6302092509652477, -0.06590210945643879], [0.1019765045224032, -0.4224262572864279, 0.12867580237944326, -0.34394177758337724, -0.2832497368135233, -0.660096631038617, -0.4169652412478743, 0.5715519264595206, 0.6077490592404616, 0.724354531014796, 0.08088391836024589, 0.10717795817353334], [0.5240791664118188, 0.611031185725514, -0.6237260897849918, -0.06477154311887538, 0.5172611732427438, 0.0946712478900519, -0.47877809874437427, -0.09269475259910222, -0.17999783991429036, 0.41863874556973535, -0.05298421802471244, 0.08302640715533062]], "inverted": false, "swapped": false, "error_lsq": 0.04564110764757431, "error_max": 0.2400194221508052, "target": "517.xyz", "model": "19.xyz", "model_rescale": 3.9282355846067225, "target_rescale": 3.878611999066326},
{"mapping": [3, 5, 8, 6, 2, 7, 9, 4, 11, 0, 10, 13], "R": [[0.46672312755325585, -0.5861382102568641, 0.6622775254255482], [-0.8840093873036324, -0.33153562952622073, 0.3295626336733414], [0.02639934404419597, -0.7392740525891144, -0.6728870260322334]], "T": [-0.10032160001351156, -0.0748835126589819, 0.013567682143691667], "aligned_model": [[-0.55088507169005, -0.3095320158911258, -0.5221177774618825, -0.6394464381308499, 0.41641714552410225, 0.09419501614054118, 0.1389700548712099, -0.4884615832299235, 0.11263483928163606, -0.030437103063265275, 0.7235424867328205, -0.021396565098103865], [0.23760411652082364, -0.38464642544939875, 0.0025056926215871883, -0.4319141430122087, -0.3454160007336888, -0.665847852767474, -0.009137541206204788, 0.4093358402571756, 0.5532806291604936, 0.662427408357242, 0.15907972297556583, 0.008418609456671208], [0.5290277763720678, 0.6034558851080366, -0.6147001546299012, 0.10693572791736841, 0.5953833334596385, -0.018404354696866715, -0.632065182864005, -0.10579234730517066, -0.25739825154703744, 0.3163642327070315, 0.10707447298002923, 0.12587424630765695]], "inverted": false, "swapped": false, "error_lsq": 0.045374559967409, "error_max": 0.31363162581988485, "target": "517.xyz", "model": "20.xyz", "model_rescale": 4.067790424073018, "target_rescale": 3.878611999066326},
{"mapping": [12, 0, 1, 7, 2, 8, 5, 9, 13, 11, 6, 14], "R": [[0.84221139373695, 0.5210316437049607, -0.13858569377021313], [-0.3011763044178495, 0.24146358918237565, -0.9224901998158961], [-0.44718318608470864, 0.8186704839905197, 0.36028577091783265]], "T": [0.008845936583891365, 0.021310830466625918, 0.09672071732609272], "aligned_model": [[-0.46175397018204445, -0.22940949426224594, -0.4928152320858766, -0.5931170405160655, 0.4063797225832672, -0.06751476223307712, 0.23783522178935362, -0.7372618503843014, 0.0905218034751817, 0.09139457012456012, 0.7191989998281645, -0.03997498015180745], [0.4096984003588398, -0.4712074866087874, -0.01917233956141823, -0.4045665509755253, -0.3781799137800816, -0.47111825553205927, -0.10272089643590016, 0.218933457958577, 0.5284650088227882, 0.6290678813844777, 0.17595510558856758, 0.0805356449611055], [0.5600830919345632, 0.5496203602255798, -0.5513551162552728, -0.01700257573966124, 0.5826177905722136, -0.18049857432536714, -0.4330397557563697, 0.00551563634101912, -0.37893377620954066, 0.30129183977340207, 0.23470831244557647, 0.08274815080270512]], "inverted": true, "swapped": false, "error_lsq": 0.052649144949768155, "error_max": 0.3016978477582981, "target": "517.xyz", "model": "21.xyz", "model_rescale": 4.186013935880536, "target_rescale": 3.878611999066326},
{"mapping": [8, 2, 3, 5, 1, 0, 6, 11, 4, 10, 7, 12], "R": [[-0.9293072261778415, -0.28836330808136945, -0.2307264222537505], [-0.31923753795139964, 0.3131386257148683, 0.8944448532179795], [-0.1856757219896436, 0.9048706004936692, -0.3830583801796428]], "T": [-0.08873609678203298, 0.04849476715047982, 0.14791516438843674], "aligned_model": [[-0.6264125723139333, -0.434476543137452, -0.47045285563856043, -0.6065111088067031, 0.4331208786671412, 0.1723855323335015, 0.12578197587711287, -0.571261422853089, 0.0674054548309054, 0.3161492610768496, 0.6224638613997839, -0.10470947345044787], [0.1313501148539529, -0.4909107851806751, -0.02091714252891544, -0.47095478214085307, -0.3008790600791129, -0.6154419434681729, -0.08098810649670432, 0.44614784775887373, 0.562038415796988, 0.7712422604860523, 0.20257441916724508, 0.062428818011905994], [0.6880143494647954, 0.5210162187065249, -0.6898276108948335, -0.09829608388982539, 0.5230504226011682, 0.034813528205293376, -0.34914522525437874, 0.05843155754039615, -0.3414812859084587, 0.2479318655262825, 0.05422514252149532, 0.10702250519038853]], "inverted": false, "swapped": false, "error_lsq": 0.04692441719403065, "error_max": 0.24758292829190687, "target": "517.xyz", "model": "22.xyz", "model_rescale": 4.166573947596378, "target_rescale": 3.878611999066326},
{"mapping": [4, 3, 6, 2, 9, 11, 12, 1, 5, 7, 14, 15], "R": [[0.24466518817635258, 0.15585324954578939, 0.9569998486419151], [-0.8917970134371402, 0.4235711406294456, 0.15901438818694336], [-0.38057460834799206, -0.892354892087161, 0.2426225753075839]], "T": [-0.011311338453391134, 0.04881373516389369, 0.15913583223303224], "aligned_model": [[-0.6005467889875646, -0.2590385052394045, -0.3398942120017848, -0.5946300247484279, 0.37446608398656533, 0.08099060187343946, 0.227781157160621, -0.6085295759112358, -0.10809193306155938, 0.07611018221657742, 0.731509896843721, -0.05664389414583824], [0.06322481040787775, -0.40515082453325857, 0.05235548516357079, -0.22881645385666155, -0.25963353269484146, -0.7288800517210176, -0.2953380503263417, 0.3542590609096055, 0.7738610727874766, 0.7377268792483654, 0.04122545269191118, 0.09085620810389745], [0.5978241248836293, 0.46568775506374904, -0.5272520924746247, -0.029199049168515845, 0.5004351577057897, 0.0655086295678209, -0.3446257009492501, -0.08197117864591963, -0.235834870368552, 0.3298572581924414, -0.1131448934547104, 0.12847024345699018]], "inverted": false, "swapped": false, "error_lsq": 0.038962575366405454, "error_max": 0.21489670283746978, "target": "517.xyz", "model": "23.xyz", "model_rescale": 4.274766983524099, "target_rescale": 3.878611999066326},
{"mapping": [9, 4, 10, 8, 6, 2, 7, 3, 0, 1, 11], "R": [[0.32130531183644395, -0.06277082903680037, -0.9448929672760393], [-0.6186386759995239, 0.7415392433378789, -0.2596261526646383], [0.7169721648315515, 0.6679665961797181, 0.1994280352529192]], "T": [-0.1639833929039932, 0.18957084695150134, 0.026777956289140217], "aligned_model": [[0.19882973792088846, 0.28265670090166894, -0.3734072998662299, -0.3742562837627487, -0.6751711964667079, -0.6233250975281845, -0.03215100120378514, 0.029271678328439077, 0.6224162504051033, 0.34387736518255396, -0.018846149952922497], [-0.14630292298252734, 0.7239221305524628, 0.5231956597798229, -0.3144920109501253, 0.39384767186743175, -0.2796067620187093, -0.5037595975163218, -0.031097396061030846, -0.11182212321637813, 0.5481268079739919, 0.11357507381486687], [-0.5980509746673884, -0.25930514639720664, -0.6014068741450943, -0.3206801718718408, 0.13113567078418403, 0.45465540233709706, 0.22577698835644439, 0.7596731775655674, 0.14533557489383553, 0.4339670496301267, 0.008465737535852221]], "inverted": true, "swapped": true, "error_lsq": 0.04691718154254943, "error_max": 0.20049551962408793, "target": "517.xyz", "model": "24.xyz", "model_rescale": 3.7841303162186577, "target_rescale": 3.878611999066326},
{"mapping": [11, 7, 9, 10, 6, 0, 8, 14, 12, 3, 4, 15], "R": [[-0.03889658245216682, 0.9940883917870587, 0.10136727868381137], [0.21685854725249154, 0.1074241817711557, -0.9702744022462599], [-0.9754278170921111, -0.015757997493888676, -0.2197549980271253]], "T": [-0.05309137550492912, -0.00858609991319316, -0.004874811234989271], "aligned_model": [[-0.381377855691606, -0.23630738523854983, -0.31566191151386636, -0.7603354115393813, 0.3321368174145428, 0.0333738345013081, 0.20436491133374038, -0.7043153468077405, -0.1636782694786423, 0.26253971362025275, 0.6715303340406509, -0.0187864426556004], [0.11707036718419521, -0.46930343369719874, 0.14117807564341434, -0.3320620185523501, -0.0019011621143518176, -0.7388480276881834, -0.3229566374656948, 0.3661145148078303, 0.6872345300093833, 0.5838539162771436, 0.15955560849489836, 0.005754323281497796], [0.6776689663836567, 0.4158115234949451, -0.5056423360066669, -0.025473569242468436, 0.6063379203320591, 0.01902568358260172, -0.43422922093059135, -0.2594445479258297, -0.28554560822593283, 0.4405392999325806, 0.0530569314213869, 0.0536503409931066]], "inverted": true, "swapped": false, "error_lsq": 0.04238896082792238, "error_max": 0.21887819867631483, "target": "517.xyz", "model": "25.xyz", "model_rescale": 4.19342608120988, "target_rescale": 3.878611999066326},
{"mapping": [1, 8, 4, 2, 10, 6, 3, 0, 5, 9, 7, 11], "R": [[-0.12498666417147092, 0.9190611827890814, 0.3737711546783983], [-0.13485019204373141, -0.38896552159786885, 0.9113293854111515], [0.9829515550041402, 0.0635009078551873, 0.17255108002128045]], "T": [-0.07772304975317496, 0.05402758337343097, 0.10377581858442497], "aligned_model": [[-0.3728047453839157, -0.320518716844698, -0.40293741096704144, -0.8588659540277952, 0.2842061440195112, 0.043276825099230365, 0.3514788034883115, -0.6146900993616362, 0.02141267902552263, 0.11725709526830905, 0.76936949126415, -0.09370112359483923], [0.19053733801024272, -0.49730305195296953, -0.19046946207992185, -0.2448574659777111, -0.27566961511021837, -0.7165081513239966, -0.056823973426885915, 0.4581619399702932, 0.5493337781081851, 0.6779235215984402, 0.33534008784957303, -0.03397488948444702], [0.5383896048331952, 0.5771899189289982, -0.5510421295214446, 0.1385449445553027, 0.5006924528999648, -0.15647343662970237, -0.38049137044259473, -0.12481960577763368, -0.29697817410172755, 0.4540444391397771, 0.042468220703498094, 0.01423051922121446]], "inverted": false, "swapped": false, "error_lsq": 0.04878586175782088, "error_max": 0.24888584621864454, "target": "517.xyz", "model": "26.xyz", "model_rescale": 3.795458400668931, "target_rescale": 3.878611999066326},
{"mapping": [8, 5, 0, 6, 10, 7, 3, 1, 9, 11, 4, 12], "R": [[0.2798805123028123, -0.7220263865639748, 0.6327280584409745], [-0.834048985630604, -0.5092517245284403, -0.21219088254062737], [0.4754252711012279, -0.4683381024112596, -0.7447350088643239]], "T": [-0.11708459654434306, 0.18045361793686476, 0.02149027504505925], "aligned_model": [[-0.5506042899979406, -0.2891337420357833, -0.3400376882563655, -0.8153769894728771, 0.37726219243686815, 0.07132743321834797, 0.3051506250319394, -0.6647088026717443, 0.01754098901574247, 0.22024814316142766, 0.7072532648799108, -0.11543814732441682], [0.2708595843025726, -0.3891495117668734, -0.22669636997997455, -0.2213816684274516, -0.20807673648963926, -0.6059908298146535, -0.11141475280762136, 0.3636452848787327, 0.5062312203654993, 0.5217525729568886, 0.28101338605851917, 0.014897876904584939], [0.5999703064545744, 0.48280560542939205, -0.6682879489721114, 0.20066364440143386, 0.3566795416130879, -0.057339517996203695, -0.5091761273842295, -0.10851631162508808, -0.2237018854818688, 0.5518639525198873, 0.11750072184327055, 0.013293403006703619]], "inverted": true, "swapped": false, "error_lsq": 0.052812500476419166, "error_max": 0.2833509621828268, "target": "517.xyz", "model": "27.xyz", "model_rescale": 3.6321398670334006, "target_rescale": 3.878611999066326},
{"mapping": [8, 7, 5, 3, 6, 4, 1, 0, 11, 9, 13, 14], "R": [[0.5203270809090953, -0.5213065556840084, -0.676386874409532], [-0.40978421884991817, 0.5424834765284318, -0.7333406927719129], [0.749224013799733, 0.6587496889521108, 0.06864564408114383]], "T": [-0.14664801921976373, 0.10210253384392233, 0.1559013147847521], "aligned_model": [[-0.5099787789989383, -0.4331137836449612, -0.4446003376242014, -0.6652771331503935, 0.5265586508622526, 0.20107480714363107, 0.032400067921996734, -0.586852041194688, 0.051746916201848014, 0.2313061565022868, 0.6187625014538525, -0.09854403748757659], [0.12010260101482435, -0.5104255664713274, -0.007888057208413998, -0.28418519735416764, -0.12976094071850336, -0.6486150029968293, -0.29222529184903234, 0.3899661665971422, 0.6322062433699049, 0.5457554707398352, 0.28829131610008735, 0.09246831495706395], [0.5229113587545242, 0.5348921802951696, -0.663303059841129, -0.07510888168201646, 0.4672524761149918, 0.11141234688664989, -0.35372064757700494, -0.17990613330874416, -0.14766967059520852, 0.4828491299756869, -0.05847639888474376, 0.11462268367067241]], "inverted": false, "swapped": false, "error_lsq": 0.045417368678291055, "error_max": 0.2111295674482179, "target": "517.xyz", "model": "28.xyz", "model_rescale": 4.156811204709835, "target_rescale": 3.878611999066326},
{"mapping": [1, 5, 3, 2, 10, 4, 0, 9, 8, 11], "R": [[-0.15559172642210556, 0.040139985657905, -0.9870055705113179], [-0.659155089479534, 0.7399714953564136, 0.13400281367650752], [0.7357348589554638, 0.6714394742725338, -0.08867496662760786]], "T": [-0.0180249384509074, -0.0746867392298253, 0.03333671274086117], "aligned_model": [[-0.4874046733973181, -0.017898198695262303, 0.10261442681346021, 0.686078203606214, -0.13813002114889805, -0.6959371306449877, -0.5615395331478047, -0.3848811873475102, 0.2618893032802499, -0.12186581520755524], [-0.22942590803645802, -0.6485746637119474, 0.16760480230598665, 0.16026515576344172, -0.4323821632658913, -0.3814613681302308, 0.5000216858797264, 0.40476573782193503, 0.32580455346512527, 0.052102498534516734], [-0.5216644931889356, -0.3606629078495892, -0.7082280881025474, -0.218134779852129, 0.6716225597275509, 0.14816961769848896, -0.2791055088811104, 0.5533343714696033, 0.4579258622993315, 0.015530093654436194]], "inverted": false, "swapped": true, "error_lsq": 0.04160142746589817, "error_max": 0.21243711363657408, "target": "517.xyz", "model": "29.xyz", "model_rescale": 4.117894457231895, "target_rescale": 3.878611999066326},
