[{"mapping": [4, 11, 5, 8, 3, 2, 1, 12, 6, 7, 13], "R": [[-0.8684696051261133, -0.1075440936273213, -0.48393678605575235], [-0.3235754632606848, 0.8625386504548965, 0.38900642160133975], [0.3755788393236849, 0.49443032309651486, -0.7838872310829855]], "T": [-0.007967309412709664, 0.07141466077365465, -0.0410273068932161], "aligned_model": [[-0.32241149883466763, 0.23200597680814938, -0.3708181623458125, -0.13965044118972153, -0.4814517846845354, -0.3203389527878238, 0.022793286553521766, 0.513240431898234, -0.6799569691858229, 0.25430516547409193, 0.07055495668530863], [-0.6206589968960298, -0.38185539322235085, 0.04289237030553221, -0.6907191603241276, 0.25236170271705005, 0.1518908984910487, 0.620765387249088, 0.3126395060634329, -0.28329288630899935, -0.5669331934904137, -0.06819465944721671], [0.5382508048195888, -0.5143357907534789, -0.7042972352887144, -0.15234093214633504, 0.08653023105037735, 0.6569739660194397, -0.21512980107318946, -0.11364185354932933, 0.04358201521892176, 0.267387427431655, -0.011306040269846399]], "inverted": true, "swapped": false, "error_lsq": 0.04591376942824297, "error_max": 0.251343254732667, "target": "518.xyz", "model": "0.xyz", "model_rescale": 3.8414455957264533, "target_rescale": 3.7450541212319393},
{"mapping": [13, 4, 1, 0, 12, 8, 5, 2, 11, 9, 14], "R": [[0.1494373581683121, -0.8118440946274676, 0.5644268260830474], [0.6993934412585909, -0.3167231660085595, -0.6407302477938593], [0.6989401192578242, 0.4905054557617291, 0.520468161907947]], "T": [0.004970877727939721, -0.05127214421076155, -0.008484278880142722], "aligned_model": [[-0.3232306108641617, 0.2645824782355135, -0.5241582956695975, -0.07986618200152841, -0.685587804217003, -0.26887210710954257, 0.2104818791366976, 0.7026781237168184, -0.8039126166239147, 0.3439153883821918, -0.05775824459455185], [-0.5613678600176564, -0.17704985451444638, -0.08183979773653573, -0.7009629042464762, 0.14402087550752152, 0.12857308149905905, 0.523448717262148, 0.13398508471636467, -0.3082454626349517, -0.3117307758590161, -0.019935528838997206], [0.4464147695258855, -0.4695688907691635, -0.6922867559057154, -0.3186809247805149, 0.2508974612382596, 0.7105206668227733, -0.25704804267184994, -0.16174577320695344, -0.08554015674268381, 0.5232934941517036, -0.06458305620265174]], "inverted": false, "swapped": false, "error_lsq": 0.05146536242502651, "error_max": 0.295371178639139, "target": "518.xyz", "model": "1.xyz", "model_rescale": 4.316132596720782, "target_rescale": 3.7450541212319393},
{"mapping": [8, 9, 0, 1, 4, 6, 3, 7, 2, 10, 11], "R": [[-0.18787291110177395, -0.7449190855167852, -0.6401557039556718], [0.9566678288190836, -0.28640674422638157, 0.05251516127962047], [-0.22246445688407263, -0.602550191182843, 0.7664481929842316]], "T": [-0.06529057109449488, -0.11402150793791255, -0.08743642155315766], "aligned_model": [[-0.26972296662954187, 0.39761374333169214, -0.5186296405050399, -0.14553408357871378, -0.6479509304672817, -0.2522006969991298, 0.125598336526151, 0.7519306842681588, -0.8369322251204216, 0.30805246221795113, -0.13395267465290245], [-0.6263755930178989, -0.3882680534980147, -0.10838164896311295, -0.6300420607657228, 0.38505609742969793, 0.1955861675021353, 0.4961697130835486, 0.24219565012384925, -0.4210427768380564, -0.3422276348075483, -0.03377428511186359], [0.4442935879164448, -0.597789175210846, -0.6336652552146282, -0.23535880379561436, -0.011553745184637629, 0.6510103640329356, 0.06171151700063578, -0.16306628249212207, 0.017599286470730016, 0.3661853831757496, -0.017694085239558538]], "inverted": true, "swapped": false, "error_lsq": 0.05240395700654086, "error_max": 0.3182134487160174, "target": "518.xyz", "model": "2.xyz", "model_rescale": 3.795458400668931, "target_rescale": 3.7450541212319393},
{"mapping": [9, 2, 10, 3, 4, 7, 0, 1, 5, 8, 11], "R": [[-0.3169928243065623, -0.9465070358260673, 0.06033225066165526], [-0.05032071762167434, -0.0467386828419214, -0.9976388729917465], [0.9470920624290908, -0.3192803261366947, -0.032813086198302255]], "T": [-0.06082110822381855, -0.0895241947599253, -0.06892403742714573], "aligned_model": [[-0.45666378564983395, 0.27947649699559085, -0.47020386076590165, -0.12624920862703815, -0.5986752658767748, -0.07084942023301717, 0.02291049185263052, 0.54275055240278, -0.6339175083767684, 0.3754743500454495, -0.08578083337619509], [-0.5193322209010242, -0.12487458103197836, 0.05240064113506322, -0.8692211070228915, 0.2588417589144935, 0.20952402749209903, 0.6874019992348023, 0.08631471921956733, -0.4860115752671001, -0.5611291161588314, 0.03498102952281339], [0.5738265193210917, -0.7549803044252178, -0.6616076277832573, 0.08875257536369244, -0.051351310275727896, 0.6337650049964018, -0.10870660156327477, -0.03650847359410481, -0.15938335855831953, 0.3758208425178361, -0.017954474540030588]], "inverted": false, "swapped": false, "error_lsq": 0.05582394359783744, "error_max": 0.35430214739540955, "target": "518.xyz", "model": "3.xyz", "model_rescale": 3.7530521520055578, "target_rescale": 3.7450541212319393},
{"mapping": [6, 3, 5, 9, 7, 0, 1, 2, 8, 4, 10], "R": [[-0.7649581700505724, 0.39257728047742935, 0.5106095151148531], [0.561490964706533, 0.018078806043393125, 0.8272853518133707], [0.315542223206034, 0.9195413180629739, -0.2342581263247922]], "T": [-0.07974926809457421, -0.13959401395111826, -0.07625709703653656], "aligned_model": [[-0.32070354331774475, 0.4127337167090874, -0.4668525002920137, -0.1304819012842653, -0.6106534424907633, -0.11202255493623788, 0.1175089826312589, 0.556560469145446, -0.9107014763565239, 0.3179700265528276, -0.0750857679701491], [-0.4832848769612377, -0.18282985769135512, 0.043956046075675353, -0.6235282210225208, 0.11770321907904319, 0.20953906660368432, 0.6065937664765103, 0.08628779752262936, -0.5084302110454353, -0.4072454246816475, -0.08986572921833244], [0.5321450484026086, -0.6556196403455143, -0.6542019084818566, -0.3224230004411695, 0.02905117441984309, 0.6702580821719493, -0.24719231772210953, -0.002478315765193459, 0.046044903567262, 0.4804232326058005, 0.005665533047468974]], "inverted": true, "swapped": false, "error_lsq": 0.045556453175970124, "error_max": 0.2198808282535403, "target": "518.xyz", "model": "4.xyz", "model_rescale": 3.7855080009869324, "target_rescale": 3.7450541212319393},
{"mapping": [7, 1, 11, 4, 8, 10, 14, 2, 6, 5, 16], "R": [[-0.0997232264054947, 0.6433443423990455, 0.7590542373364492], [-0.9560400663911635, 0.149465879779223, -0.2522842488872483], [-0.27575835358164336, -0.7508448627279558, 0.6001577480504429]], "T": [-0.09073161569076117, 0.02553203508145567, -0.01814545455737874], "aligned_model": [[-0.39120835861842806, 0.24458553544249695, -0.44629816279114065, -0.10222856796068487, -0.6898488008839152, -0.1511602278283929, 0.12406058271784733, 0.5985386114109428, -0.6047827345331181, 0.2592069709038123, -0.06259283946849778], [-0.5128703700366277, -0.3353321310175873, -0.11004458827574022, -0.7044449222894545, 0.21826512235624684, 0.09595642573738611, 0.640571868779751, 0.24495227379151208, -0.34206895521539205, -0.4972204576463361, 0.07113130895325569], [0.4075375836277863, -0.5929875204945263, -0.7164488542931344, -0.1364765394901194, 0.29685046516124225, 0.7045945139722061, -0.20059466118771602, -0.16830204100725424, -0.18154076421056456, 0.4911443073447979, -0.022103697963628346]], "inverted": true, "swapped": false, "error_lsq": 0.044051881917935416, "error_max": 0.21642591449962442, "target": "518.xyz", "model": "5.xyz", "model_rescale": 4.2253639853439635, "target_rescale": 3.7450541212319393},
{"mapping": [12, 2, 3, 6, 0, 9, 1, 10, 7, 11, 13], "R": [[0.9077678872177608, -0.3720417583834115, -0.1937585945324286], [0.14344393276054035, -0.15874084258499896, 0.9768445030042366], [-0.3941843491190289, -0.9145415654383261, -0.09073270631488836]], "T": [0.016909074951628134, -0.032111473191781884, 0.004227465863383467], "aligned_model": [[-0.4875565763171839, 0.30677647522696444, -0.4034253311060138, -0.08699600971635484, -0.7016031051229328, -0.13790080726229034, 0.08762981212653342, 0.701451663650152, -0.6796192046490865, 0.19407394143854068, -0.014558849877406285], [-0.5862699069065579, -0.18160348700726825, -0.22961359702169487, -0.6231614354043212, 0.3144101490652355, 0.2556160819492523, 0.6983035777171862, 0.25584249876243925, -0.4071939291095691, -0.6778385147315928, -0.04959586217609531], [0.5607942646411683, -0.5821176885467481, -0.5317962004659914, -0.2272496251668177, 0.08623759767321756, 0.519827293119812, -0.009851337258829746, -0.23451178244499685, -0.05537725715469283, 0.4007157843799649, -0.04499825731699684]], "inverted": true, "swapped": false, "error_lsq": 0.04816463571073548, "error_max": 0.25753615994621953, "target": "518.xyz", "model": "6.xyz", "model_rescale": 3.89814844738969, "target_rescale": 3.7450541212319393},
{"mapping": [9, 0, 1, 6, 10, 11, 4, 7, 5, 8, 12], "R": [[0.1064010818598088, -0.9678469270693939, 0.22792791742433324], [0.9628047868268137, 0.15754275291606368, 0.21951588431592414], [-0.24836616565554245, 0.19609336237098782, 0.9486103736474761]], "T": [0.004656266329741199, -0.050684943655099166, -0.06262535847376091], "aligned_model": [[-0.5696436610406781, 0.18112694336776514, -0.42960714472986156, -0.03592440268325368, -0.6266746979668321, 0.11070333854213427, 0.03084202339874577, 0.6286424703215794, -0.6540040549938095, 0.2583068100843256, -0.1154956159091938], [-0.4693847405487811, -0.13816910119442988, -0.26377480625288735, -0.7178081510001169, 0.2446302902417195, 0.1867355010784793, 0.5933281079136343, 0.15395886081771853, -0.44058071549168293, -0.4443441042145276, 0.06430443378788797], [0.47849935223360907, -0.621387391716611, -0.756026117275462, -0.16594857247687175, 0.16783893203770367, 0.7040074872357738, -0.055056744325529094, -0.06869248833087427, -0.1919484895939891, 0.42561703959853237, -0.03523021592719275]], "inverted": false, "swapped": false, "error_lsq": 0.050947701422619056, "error_max": 0.2562208150633208, "target": "518.xyz", "model": "7.xyz", "model_rescale": 3.7474275329858107, "target_rescale": 3.7450541212319393},
{"mapping": [6, 12, 11, 10, 5, 3, 4, 1, 7, 0, 14], "R": [[0.30939890205201626, 0.4952171459584199, -0.8118080424323251], [0.854579679893788, -0.5192431211856892, 0.0089527545467602], [-0.4170921842010921, -0.6965246294641279, -0.5838557616639761]], "T": [-0.06618147508325928, 0.018157591018788624, -0.1076530887443603], "aligned_model": [[-0.35563705067348267, 0.2271637176399795, -0.39511700235846664, -0.1594967248014452, -0.6491979591381092, -0.1300219503279771, 0.02226514880638064, 0.6593489286799701, -0.6450712795647191, 0.23126775123600768, -0.02723157110721624], [-0.47504712767049073, -0.20153285929279746, -0.1706332357670794, -0.7272079129098694, 0.07433298150886912, 0.11997711645887542, 0.7751015759094498, 0.026574653976952974, -0.3403939580938691, -0.3735853902849713, 0.061309731301944226], [0.47535863808461687, -0.6039668229361654, -0.6002374959352057, -0.21246668238312616, 0.30460601527336223, 0.5992356683767983, -0.28496311188433093, 0.08814427159580371, -0.09333481998211485, 0.33083822472521457, -0.12154109347576363]], "inverted": false, "swapped": false, "error_lsq": 0.047362441795890546, "error_max": 0.24236862330806505, "target": "518.xyz", "model": "8.xyz", "model_rescale": 4.019505241142653, "target_rescale": 3.7450541212319393},
{"mapping": [10, 8, 5, 11, 2, 1, 0, 7, 6, 9, 12], "R": [[0.332526378876699, 0.6303996990736065, -0.7014431030091155], [0.25959464870288157, 0.6538538240949883, 0.7106938828224061], [0.9066624651522626, -0.41841533925546615, 0.05377525601757341]], "T": [-0.16634087395421038, -0.05329876088298556, -0.050561111048327396], "aligned_model": [[-0.458018379971851, 0.39376312309555017, -0.44820320383874984, -0.10441733249983653, -0.607334746019158, -0.06848874018805984, 0.07597885488387052, 0.6548055638009321, -0.8038306870568677, 0.3162427710545036, -0.17222521486941197], [-0.5366046650202237, -0.29544949252174557, -0.13278457474836197, -0.6161071047878045, 0.3365101134153028, 0.09533784163395077, 0.5497301924067282, 0.3127796711243662, -0.3991432456133389, -0.47558992422778423, -0.06978323652407536], [0.6702158265177995, -0.34001485008411336, -0.6545150426757117, -0.30875051253075264, 0.008983901640594434, 0.601080985873127, -0.03372933808048102, -0.15681128496241872, -0.005172031537581549, 0.1863423721709845, -0.08595723487235737]], "inverted": true, "swapped": false, "error_lsq": 0.052276912282405316, "error_max": 0.28770649782931046, "target": "518.xyz", "model": "9.xyz", "model_rescale": 3.877068213659057, "target_rescale": 3.7450541212319393},
{"mapping": [1, 13, 2, 4, 8, 0, 10, 6, 7, 5, 15], "R": [[-0.8961694081161337, 0.16747477515576115, -0.41089243317844865], [-0.14465779766621212, -0.985714453837954, -0.08626202565037067], [-0.41946932370691886, -0.017866594008685822, 0.9075936708061537]], "T": [-0.007285627301206132, -0.009256089423262379, -0.07587972994283401], "aligned_model": [[-0.3988960541269617, 0.31095083799889073, -0.39028966836299156, -0.11677093008036608, -0.7157936048733273, -0.15004449275233545, 0.18084766040258382, 0.5855312325231581, -0.6857704662416102, 0.17735191292767, -0.01884441902378856], [-0.5123789045694913, -0.14571846494566376, -0.13720070979243687, -0.6638760169905809, 0.21114149285453088, 0.12931685397589016, 0.6633772272526494, 0.1394895021569949, -0.4630561810197791, -0.4603329918803517, 0.008133768095252118], [0.5126908407486657, -0.7670686101946466, -0.6024663197819932, -0.20845574078976342, 0.13569599468280405, 0.6949532489355944, -0.19990015896645788, -0.1580228661032409, -0.07265954177824882, 0.5352127745525798, 0.011693170153796048]], "inverted": true, "swapped": false, "error_lsq": 0.04186976812381176, "error_max": 0.19938444362763819, "target": "518.xyz", "model": "10.xyz", "model_rescale": 4.260839863003843, "target_rescale": 3.7450541212319393},
{"mapping": [6, 8, 1, 7, 3, 5, 2, 9, 0, 10, 11], "R": [[0.12328365852865981, -0.22298802305143595, -0.9669940439916892], [0.9021317343347623, 0.43117914013185804, 0.01558470472306539], [0.4134724579049279, -0.8742773534129565, 0.25432191384796904]], "T": [-0.03909587834074581, -0.06521426486364106, -8.735552433344028e-05], "aligned_model": [[-0.3777913338378402, 0.40316367333637015, -0.4639167910308741, -0.18007936519852175, -0.581362822716257, -0.23840555310783296, -0.006086560355263171, 0.7336531118497949, -0.8064366401746241, 0.3743349538526743, -0.0788006642267041], [-0.5801752404092766, -0.16769606933363135, 0.04011849916894493, -0.6659873449293788, 0.38743124575406174, 0.09636391937866436, 0.5355838840876259, 0.13097909393906404, -0.48858366906471634, -0.4251161958250369, -0.09402254762930744], [0.5685565723821645, -0.5564302136268475, -0.5760151670629615, -0.22099682110694505, 0.06985314896378032, 0.625035869263464, -0.3291908275271572, -0.010108596885744189, 0.04441851228719671, 0.3046737626064337, -0.038123447834294805]], "inverted": true, "swapped": false, "error_lsq": 0.04532217387857169, "error_max": 0.23270256537564085, "target": "518.xyz", "model": "11.xyz", "model_rescale": 3.890672605050136, "target_rescale": 3.7450541212319393},
{"mapping": [4, 5, 8, 7, 0, 2, 6, 9, 3, 12, 13], "R": [[0.7574241526880594, -0.41679373830922656, -0.5025849506610757], [0.440154081512043, -0.2426027761622283, 0.8645277771862915], [-0.4822582684133739, -0.8760290364506192, -0.000299737108978293]], "T": [-0.06807534375331452, 0.09003940813094911, 0.05915756805865459], "aligned_model": [[-0.40918705583018966, 0.36464631696259286, -0.39539689447731036, -0.09207186899396007, -0.6546630931335219, -0.12000727258009766, -0.03438651711441652, 0.672777687155193, -0.8159144329163213, 0.3438356617033819, -0.08136052238442874], [-0.29719309478405526, -0.2978307050421981, 0.01607455866562693, -0.7116195819513875, 0.15783399091094813, 0.11970484108307089, 0.59405068991757, 0.2099285573795927, -0.4259162667411286, -0.5197390820504739, -0.07639833225055177], [0.5332364986127406, -0.4578346190093677, -0.5784793578743909, -0.23020587239805668, 0.06279715182123244, 0.7676680976365723, -0.21814377476726682, -0.14720084467878652, -0.10694358873797631, 0.17591228205680753, 0.08086681879758056]], "inverted": true, "swapped": false, "error_lsq": 0.0477166177450298, "error_max": 0.2924462128804677, "target": "518.xyz", "model": "12.xyz", "model_rescale": 4.124412569039231, "target_rescale": 3.7450541212319393},
{"mapping": [5, 6, 9, 3, 10, 4, 2, 1, 7, 0, 12], "R": [[0.4644779708728545, -0.4416738279629445, -0.7675835096368311], [-0.7320021436074986, -0.6793098925243114, -0.052066608038506046], [-0.4984306133534164, 0.586056566903885, -0.638830669317754]], "T": [-0.12680673951571275, -0.1627857873765207, -0.07483589385236451], "aligned_model": [[-0.4673207908053427, 0.2876715796584142, -0.4029597438478266, 0.09143422426008618, -0.6544408331885893, 0.011590694251373213, 0.016182507933104384, 0.6207629247449578, -0.7230183048265285, 0.17583418141859786, -0.17746443120732466], [-0.41667935797348665, -0.2109354378670733, -0.26328713512572877, -0.7981234323585609, 0.32503396352605807, 0.19320189149213599, 0.6767078528740755, 0.15927328445984865, -0.3553831799722319, -0.48226806943417966, -0.058644804483843266], [0.5523276532037914, -0.5978102229320124, -0.6425332333734621, -0.3145656049121586, 0.09322310210101874, 0.6124742097907567, 0.05631294046096123, -0.09162428966070359, -0.052127123057704186, 0.30345888250766956, -0.03746352266906751]], "inverted": true, "swapped": false, "error_lsq": 0.051451005885317924, "error_max": 0.2585527186121788, "target": "518.xyz", "model": "13.xyz", "model_rescale": 3.9028299243045295, "target_rescale": 3.7450541212319393},
{"mapping": [0, 1, 12, 2, 5, 4, 14, 9, 8, 3, 15], "R": [[0.9374155621185459, -0.3182440195464218, -0.1413251850198938], [-0.23084910037547288, -0.26412772544080565, -0.9364535426326824], [0.26069283985910574, 0.9104709158871594, -0.3210637858273517]], "T": [-0.05431787240709799, -0.05947990012570812, -0.010736183839136012], "aligned_model": [[-0.3900128139925444, 0.24719115435101577, -0.4456882508951548, -0.1629713338591389, -0.5203963549601417, -0.2017767635732486, 0.11307451618481892, 0.6242083740044482, -0.7485741596914867, 0.21776638525509914, 0.04545125556725494], [-0.5976752784055878, -0.322575764804254, 0.06443999579951687, -0.7665261328188312, 0.11661232033207189, 0.04047758636708509, 0.7399634428345799, 0.3005966070058222, -0.391261344773884, -0.40864454284453966, -0.006511313554965953], [0.522996942579723, -0.5226655036824415, -0.5726199575832107, -0.18517763448873462, 0.10701020315619124, 0.6431962669482528, -0.3512075958856167, -0.11462313396414851, -0.0773427909505132, 0.42828961750469485, 0.003816377824892409]], "inverted": true, "swapped": false, "error_lsq": 0.042496551995665106, "error_max": 0.2111411008050094, "target": "518.xyz", "model": "14.xyz", "model_rescale": 3.942246331269136, "target_rescale": 3.7450541212319393},
{"mapping": [10, 1, 2, 5, 6, 11, 8, 12, 9, 4, 14], "R": [[0.20322458163608675, 0.9435194271638385, -0.26166937150392566], [0.8101698669792096, -0.31211389681738805, -0.49619522574522457], [-0.549840482374413, -0.11115757274197197, -0.8278402249011495]], "T": [-0.06766984579265628, -0.1119219131951374, 0.02154913689922841], "aligned_model": [[-0.3858473866138839, 0.4328455814310695, -0.38085455472737234, -0.10950317423986632, -0.5105476225396245, -0.11688795900462753, -0.17425978332873354, 0.7092818937302614, -0.823299903770224, 0.18113396232304121, -0.04378904486911856], [-0.4935212591044487, -0.31078169358162183, -0.15283601566128274, -0.5557982639537066, 0.17333231265708898, 0.2546562275083017, 0.6538753189891269, 0.05645253368350846, -0.3838456526084454, -0.39145132197332727, -0.08118661081817992], [0.5335506093206498, -0.5839098052564793, -0.6733532252699852, -0.430118125648543, 0.20937536199979961, 0.6358040259695662, -0.010608454471488143, -0.16837794977713394, -0.03539822086794672, 0.4727962439457417, -0.06808766848509161]], "inverted": true, "swapped": false, "error_lsq": 0.04592663477799483, "error_max": 0.25856275893000374, "target": "518.xyz", "model": "15.xyz", "model_rescale": 4.355366556412066, "target_rescale": 3.7450541212319393},
{"mapping": [8, 9, 0, 1, 4, 6, 3, 7, 2, 10, 11], "R": [[-0.18787291110177395, -0.7449190855167852, -0.6401557039556718], [0.9566678288190836, -0.28640674422638157, 0.05251516127962047], [-0.22246445688407263, -0.602550191182843, 0.7664481929842316]], "T": [-0.06529057109449488, -0.11402150793791255, -0.08743642155315766], "aligned_model": [[-0.26972296662954187, 0.39761374333169214, -0.5186296405050399, -0.14553408357871378, -0.6479509304672817, -0.2522006969991298, 0.125598336526151, 0.7519306842681588, -0.8369322251204216, 0.30805246221795113, -0.13395267465290245], [-0.6263755930178989, -0.3882680534980147, -0.10838164896311295, -0.6300420607657228, 0.38505609742969793, 0.1955861675021353, 0.4961697130835486, 0.24219565012384925, -0.4210427768380564, -0.3422276348075483, -0.03377428511186359], [0.4442935879164448, -0.597789175210846, -0.6336652552146282, -0.23535880379561436, -0.011553745184637629, 0.6510103640329356, 0.06171151700063578, -0.16306628249212207, 0.017599286470730016, 0.3661853831757496, -0.017694085239558538]], "inverted": true, "swapped": false, "error_lsq": 0.05240395700654086, "error_max": 0.3182134487160174, "target": "518.xyz", "model": "16.xyz", "model_rescale": 3.795458400668931, "target_rescale": 3.7450541212319393},
{"mapping": [9, 0, 1, 6, 10, 11, 4, 7, 5, 8, 12], "R": [[0.1064010818598088, -0.9678469270693939, 0.22792791742433324], [0.9628047868268137, 0.15754275291606368, 0.21951588431592414], [-0.24836616565554245, 0.19609336237098782, 0.9486103736474761]], "T": [0.004656266329741199, -0.050684943655099166, -0.06262535847376091], "aligned_model": [[-0.5696436610406781, 0.18112694336776514, -0.42960714472986156, -0.03592440268325368, -0.6266746979668321, 0.11070333854213427, 0.03084202339874577, 0.6286424703215794, -0.6540040549938095, 0.2583068100843256, -0.1154956159091938], [-0.4693847405487811, -0.13816910119442988, -0.26377480625288735, -0.7178081510001169, 0.2446302902417195, 0.1867355010784793, 0.5933281079136343, 0.15395886081771853, -0.44058071549168293, -0.4443441042145276, 0.06430443378788797], [0.47849935223360907, -0.621387391716611, -0.756026117275462, -0.16594857247687175, 0.16783893203770367, 0.7040074872357738, -0.055056744325529094, -0.06869248833087427, -0.1919484895939891, 0.42561703959853237, -0.03523021592719275]], "inverted": false, "swapped": false, "error_lsq": 0.050947701422619056, "error_max": 0.2562208150633208, "target": "518.xyz", "model": "17.xyz", "model_rescale": 3.7474275329858107, "target_rescale": 3.7450541212319393},
{"mapping": [0, 11, 7, 1, 6, 4, 12, 10, 2, 8, 13], "R": [[0.9703506732701189, 0.2092463711794119, 0.12097738231783228], [0.12771292466745757, -0.01893205652834217, -0.9916304685256964], [-0.20520472644924992, 0.9776796680834964, -0.04509419983803992]], "T": [-0.04675376452238887, -0.07862767035144905, -0.04553928034069866], "aligned_model": [[-0.37949810793793903, 0.3207973863468973, -0.33539621699749556, -0.17017938533728322, -0.6797384528363302, -0.17384489799970454, 0.06759087359904464, 0.6220514503591429, -0.7151260965344283, 0.3556009919970018, -0.1339855362679842], [-0.6161685072198894, -0.23446054964421462, 0.05477090010794461, -0.7026975937037546, 0.12198275983164641, 0.17754819359506227, 0.5725795367989008, 0.09118632971533155, -0.3165044196480679, -0.25708901188903455, -0.12225206280691078], [0.5017023860230755, -0.6475018431567295, -0.7284079632255145, -0.31723996805271365, 0.3469968977654575, 0.733849962941062, -0.39495507907026306, -0.06292204168762519, -0.0684696478594336, 0.5228942256224236, -0.004274137840649728]], "inverted": true, "swapped": false, "error_lsq": 0.053102425976840825, "error_max": 0.3349346325149102, "target": "518.xyz", "model": "18.xyz", "model_rescale": 3.922800546911778, "target_rescale": 3.7450541212319393},
{"mapping": [12, 6, 1, 8, 3, 7, 2, 10, 5, 13, 14], "R": [[0.6691347549985651, -0.6992535301597549, 0.25160123253301236], [0.6917075400322008, 0.4622766703365841, -0.5548341726364034], [0.27166037384133035, 0.5452932977963711, 0.7930043257528592]], "T": [-0.06839402245753168, -0.11711661369748587, -0.02821154297082938], "aligned_model": [[-0.5303249820834125, 0.30465766437667025, -0.27372398622488175, -0.07754240311470943, -0.5085794133995489, -0.06569420076452825, -0.05754151842129129, 0.5840620604152583, -0.7602509227034132, 0.23314187360812022, -0.06993216329734164], [-0.4232942472494737, -0.2755642923394943, -0.010516367724538664, -0.6980075139796517, 0.21116670850642488, 0.1132508043495767, 0.5622441075041866, 0.3118827345469486, -0.4160709097852989, -0.5317310714205514, -0.07446437727111418], [0.529900533424343, -0.5863285056195442, -0.7313893423030122, -0.22023425809157982, 0.2998374252474717, 0.736729358487454, -0.25510402066075394, -0.23035324176514343, -0.14860289904972535, 0.42893690299730236, 0.05828083879227694]], "inverted": false, "swapped": false, "error_lsq": 0.04624292056973298, "error_max": 0.24072988445865168, "target": "518.xyz", "model": "19.xyz", "model_rescale": 3.9282355846067225, "target_rescale": 3.7450541212319393},
{"mapping": [12, 5, 1, 2, 11, 9, 4, 6, 10, 7, 13], "R": [[0.2755949937356968, 0.6286399021991852, -0.7272271122495502], [-0.9126077774682381, 0.40876733016030303, 0.007504285315774906], [0.3019841782814192, 0.6616049751601152, 0.6863558937687351]], "T": [-0.005385333767211453, 0.015409348019263538, 0.007107651569500757], "aligned_model": [[-0.2625681073298304, 0.37862597523600366, -0.2754574944972064, -0.17251769794952132, -0.602173968448974, -0.24408704205974746, -0.06409970689728307, 0.6335157222769356, -0.7586322993302146, 0.26203470155952757, -0.11636807416876802], [-0.4525832545328572, -0.25053324059313, -0.1473317683399335, -0.7009612985857441, 0.38771686810749656, 0.11555584304587635, 0.6375682609240941, 0.10006372695282399, -0.40216123663044767, -0.5006232877852476, -0.017815037425917127], [0.6686469854013574, -0.5120262486608427, -0.6726549197386043, -0.3638318042523794, 0.1434660298466792, 0.6485256114286664, -0.08690699846353493, -0.10005171932315955, 0.02920210102838948, 0.23137227176206918, -0.1040685175695514]], "inverted": false, "swapped": false, "error_lsq": 0.04856534665077162, "error_max": 0.24000618346220004, "target": "518.xyz", "model": "20.xyz", "model_rescale": 4.067790424073018, "target_rescale": 3.7450541212319393},
{"mapping": [4, 11, 3, 6, 0, 7, 12, 10, 2, 5, 14], "R": [[0.07646524695586959, 0.5008141273535038, 0.8621706767520722], [0.9546370983454047, 0.21280765485790493, -0.20828085004758526], [-0.28778651196788874, 0.8389863597681593, -0.4618233554643258]], "T": [-0.019818361128649584, -0.12174780350601856, 0.08750825533739048], "aligned_model": [[-0.3963551979127137, 0.24664086069614183, -0.4610787707036289, -0.1529120658635258, -0.6251631424913617, -0.11486343321707558, 0.02986776132265518, 0.7146356612417961, -0.713812760857256, 0.21018408219529666, 0.0411290139805937], [-0.7458021087392062, -0.1058750028348058, -0.014459959992232485, -0.740119651169902, 0.2298629387026092, 0.39035070285440754, 0.49131956568106405, 0.21344840256574804, -0.35525713179422536, -0.5169254690407634, -0.07764671109567996], [0.42104795222646085, -0.5013718608853653, -0.6318828665335307, -0.29649594577513905, 0.2074482868589259, 0.6217231103011144, -0.36932164404691037, -0.052161404978066095, -0.04503267527143465, 0.4608708265539092, 0.06684901300912463]], "inverted": false, "swapped": false, "error_lsq": 0.049555193584870795, "error_max": 0.2487517612804575, "target": "518.xyz", "model": "21.xyz", "model_rescale": 4.186013935880536, "target_rescale": 3.7450541212319393},
{"mapping": [7, 5, 2, 0, 9, 10, 11, 3, 1, 6, 12], "R": [[0.4875234124221882, -0.7574561665427733, 0.43425922915529597], [0.32763530146778974, 0.6197349737872394, 0.7131505251326964], [-0.8093058949324018, -0.2053989241239022, 0.5503046886920081]], "T": [-0.14381652627120256, -0.030284562167368065, -0.008241508907844237], "aligned_model": [[-0.29434613138427307, 0.26383525063588925, -0.3772374576871386, -0.12175253593997304, -0.6722119868449354, -0.3768101320950206, 0.10031457184604115, 0.7736779192772112, -0.6704900336636057, 0.2532902079637544, -0.09999766371702776], [-0.40012387863733023, -0.1285594757519492, -0.11406543131169804, -0.7079773744072806, 0.26864965833923765, 0.25582702837368265, 0.5511976260447778, -0.023496273390418695, -0.5373506830750047, -0.3761291218424856, -0.0190764992045176], [0.6072935898951302, -0.6583959876736909, -0.7069507743447132, -0.25730791285545357, 0.12170974846780795, 0.7401925697130795, -0.04351827797677481, -0.11069401624601526, 0.016702459722114107, 0.17217642585909074, 0.00046496689851436256]], "inverted": false, "swapped": false, "error_lsq": 0.0528120594920259, "error_max": 0.2396217226354418, "target": "518.xyz", "model": "22.xyz", "model_rescale": 4.166573947596378, "target_rescale": 3.7450541212319393},
{"mapping": [0, 9, 3, 8, 1, 5, 12, 14, 4, 7, 15], "R": [[0.12431934349710794, 0.24443100957367597, 0.9616642773812707], [0.6710424081183692, 0.693224140263927, -0.26294938269948276], [-0.7309218749901714, 0.6780072071255088, -0.07784240326916525]], "T": [-0.06835562852280598, 0.00789549701545568, -0.10898294712588759], "aligned_model": [[-0.4777001412292261, 0.25724603478591956, -0.38924819833826463, -0.1112919324340592, -0.6066894259699241, -0.04581609635555975, 0.13413769561304112, 0.6738025855298087, -0.6629945883540549, 0.11290221610571151, -0.10607614096247031], [-0.45788070342058385, -0.19731653653531717, -0.12732953312034634, -0.7864120144142199, 0.11583826149210179, 0.12498642069123933, 0.6045226606425841, 0.28115228268903636, -0.42061934668420103, -0.3891934853744771, 0.021147569171197384], [0.422284747979437, -0.5697656989934481, -0.5990531480951636, -0.25496647809435724, 0.34559833602427226, 0.7137221435863181, -0.28902137783410975, -0.13155898791744225, -0.16029619633564507, 0.4574582073424008, -0.05272875620317301]], "inverted": false, "swapped": false, "error_lsq": 0.04668150077337507, "error_max": 0.21877458811550787, "target": "518.xyz", "model": "23.xyz", "model_rescale": 4.274766983524099, "target_rescale": 3.7450541212319393},
{"mapping": [2, 7, 5, 4, 3, 0, 6, 8, 3, 1, 10], "R": [[0.859318576736431, 0.2868511159817275, 0.42342416196494065], [0.3575981633084937, -0.9288813554857164, -0.09645196228905963], [0.36564345649015334, 0.23429866557677154, -0.9007824365710501]], "T": [0.005851028225700883, -0.06830766131763441, 0.001229248305547036], "aligned_model": [[-0.5612348392956845, 0.3022857835809073, -0.4187906276853739, -0.2372738908733265, -0.5481848585071283, -0.020604927948367963, -0.13439136329013798, 0.6614716310071787, -0.5481848585071283, 0.217737258315494, 0.06544270159448971], [-0.7235960839587415, -0.12229537788632673, -0.1670148317385332, -0.6835793128890967, -0.0015730537278719897, 0.27736742238308687, 0.5390006527866336, 0.2617344542319, -0.0015730537278719897, -0.5151688645366264, -0.09440637579953798], [0.4225156387571982, -0.5557664776735627, -0.6888267691197855, -0.22240365489998487, 0.0690894881660702, 0.6538992729364189, -0.25669271539366617, -0.07779577859350713, 0.0690894881660702, 0.42596760430818015, 0.04259669480565781]], "inverted": false, "swapped": false, "error_lsq": 0.06292592307574564, "error_max": 0.44891253684402116, "target": "518.xyz", "model": "24.xyz", "model_rescale": 3.7841303162186577, "target_rescale": 3.7450541212319393},
{"mapping": [3, 9, 2, 12, 4, 6, 0, 10, 5, 13, 15], "R": [[-0.14014819174618343, -0.9786990795224427, 0.150021985362808], [-0.3171050749274079, 0.18790308706022052, 0.929589587575357], [-0.9379780678702239, 0.08270756685553499, -0.336684722818365]], "T": [0.028303806053406072, 0.05153455960097138, -0.03564218315359323], "aligned_model": [[-0.3857118650132, 0.17656972032003967, -0.4759550574554111, -0.09542242124861851, -0.7020806978996985, -0.26757934412251205, 0.15408473771441913, 0.7902519004350944, -0.6406552622581346, 0.2261907079325739, -0.0014204100136306734], [-0.3735465953850663, -0.21896228475204832, -0.14226938730656452, -0.6709593095065589, 0.11019500345097542, 0.22057607263843693, 0.7734813674240684, 0.14943371587408721, -0.5131328672281273, -0.6198608233132628, 0.05394068324107394], [0.5092421379826966, -0.5326224487455592, -0.5619083293791309, -0.2302349276426267, 0.10507658450322375, 0.6014642291159809, -0.10123115521537447, -0.15854849684953276, -0.09026092943765883, 0.3137415759668818, 0.02695455116018894]], "inverted": true, "swapped": false, "error_lsq": 0.048091281786967734, "error_max": 0.22522071110785166, "target": "518.xyz", "model": "25.xyz", "model_rescale": 4.19342608120988, "target_rescale": 3.7450541212319393},
{"mapping": [8, 9, 0, 1, 4, 6, 3, 7, 2, 10, 11], "R": [[-0.18787291110177395, -0.7449190855167852, -0.6401557039556718], [0.9566678288190836, -0.28640674422638157, 0.05251516127962047], [-0.22246445688407263, -0.602550191182843, 0.7664481929842316]], "T": [-0.06529057109449488, -0.11402150793791255, -0.08743642155315766], "aligned_model": [[-0.26972296662954187, 0.39761374333169214, -0.5186296405050399, -0.14553408357871378, -0.6479509304672817, -0.2522006969991298, 0.125598336526151, 0.7519306842681588, -0.8369322251204216, 0.30805246221795113, -0.13395267465290245], [-0.6263755930178989, -0.3882680534980147, -0.10838164896311295, -0.6300420607657228, 0.38505609742969793, 0.1955861675021353, 0.4961697130835486, 0.24219565012384925, -0.4210427768380564, -0.3422276348075483, -0.03377428511186359], [0.4442935879164448, -0.597789175210846, -0.6336652552146282, -0.23535880379561436, -0.011553745184637629, 0.6510103640329356, 0.06171151700063578, -0.16306628249212207, 0.017599286470730016, 0.3661853831757496, -0.017694085239558538]], "inverted": true, "swapped": false, "error_lsq": 0.05240395700654086, "error_max": 0.3182134487160174, "target": "518.xyz", "model": "26.xyz", "model_rescale": 3.795458400668931, "target_rescale": 3.7450541212319393},
{"mapping": [2, 8, 6, 1, 7, 3, 10, 11, 0, 9, 12], "R": [[-0.26066472996667167, -0.8899161094667167, -0.3743036423320314], [0.9032425624263112, -0.36169768917490774, 0.23092781354155612], [-0.34089114387580377, -0.2778922448668818, 0.8980919375375171]], "T": [0.03158745078093153, -0.11755247617829036, -0.011669103934004001], "aligned_model": [[-0.270309008242672, 0.2858040261410284, -0.39974095990389846, -0.08755302377848612, -0.5406283296754593, -0.3501545417827838, 0.09627587073214681, 0.7029865883889845, -0.7422585295301489, 0.18057052657275993, -0.09672061053054976], [-0.7441481229756657, -0.2126714794247509, -0.25359946703758035, -0.6477555080888271, 0.45930870955321124, 0.11506163216538505, 0.5919951097254578, 0.12052060009594943, -0.30746133050991653, -0.3347290694635247, -0.017625498902724537], [0.5278411715407001, -0.6877445569270532, -0.7020559361448286, -0.24628253668213193, -0.014562479565661037, 0.5759024121904746, -0.0050313202970916505, -0.07584854071726932, 0.22575502688623608, 0.3274660617035844, -0.04376651052787057]], "inverted": true, "swapped": false, "error_lsq": 0.05974123400822375, "error_max": 0.3326487725134244, "target": "518.xyz", "model": "27.xyz", "model_rescale": 3.6321398670334006, "target_rescale": 3.7450541212319393},
{"mapping": [3, 6, 12, 4, 8, 0, 9, 13, 7, 1, 14], "R": [[0.09007529596011754, 0.6903679806852743, 0.7178290132770019], [0.20087120279522724, -0.7185401179758907, 0.6658459722389195], [0.9754676831885802, 0.08421490428498957, -0.20339776043745939]], "T": [-0.10427972248866219, 0.013290632077599604, 0.12414232647836541], "aligned_model": [[-0.4593370113188056, 0.21158396292169973, -0.5259321844930234, 0.05707929103854387, -0.6007823403773662, -0.2095267426542837, 0.09443972932377032, 0.6646230304122003, -0.6652998989033196, 0.25551680160420215, -0.04409262916269617], [-0.40682177398059294, -0.1424462813748223, 0.04859065938042165, -0.7300190137843198, 0.14272667376633874, 0.20933864322985823, 0.5191256245431557, 0.11070611233364196, -0.4617217655850419, -0.5117995612996915, -0.008783742091934148], [0.5352383832422772, -0.5685939748427529, -0.5861201885243836, -0.20437143500079397, 0.06281470353260322, 0.7071517057248298, -0.26471973272639454, -0.1323262148712705, -0.12183931455671608, 0.329310419065874, 0.12512844041581725]], "inverted": true, "swapped": false, "error_lsq": 0.044429277142041874, "error_max": 0.20086497191195501, "target": "518.xyz", "model": "28.xyz", "model_rescale": 4.156811204709835, "target_rescale": 3.7450541212319393},
{"mapping": [0, 3, 9, 7, 2, 8, 5, 4, 6, 10], "R": [[-0.8693840114567211, -0.18479525090607532, 0.4582817428896561], [-0.15545158323668637, -0.778066818910331, -0.608643434680738], [0.46904823407899937, -0.6003854932902019, 0.6477121378776636]], "T": [0.04152238928348653, 0.059594315948886256, -0.00787075986592652], "aligned_model": [[-0.7005838709933604, -0.06918400225987918, -0.0414834570897446, 0.7455166241114803, -0.043435429549981946, -0.6581639249207516, -0.36605081900994774, -0.49007906522493383, 0.25686443984860974, 0.009524879199097482], [-0.12106810239602128, -0.584501719592986, -0.07794890767250834, 0.2612938880799112, -0.47325317320494636, -0.3770368928723679, 0.6303000675239749, 0.1795698883214043, 0.4600727606242128, 0.02129252181553088], [-0.5232998389585222, -0.2358032073435, -0.601346906105179, -0.18367671089994303, 0.6351922963952084, 0.09805909915525017, -0.26687406818846093, 0.2733673861812296, 0.5035705215121504, 0.05959815522686636]], "inverted": true, "swapped": true, "error_lsq": 0.05359898110101111, "error_max": 0.3448775802765657, "target": "518.xyz", "model": "29.xyz", "model_rescale": 4.117894457231895, "target_rescale": 3.7450541212319393},
{"mapping": [1, 10, 13, 7, 3, 0, 11, 9, 4, 8, 14], "R": [[-0.7125474731653735, -0.12236091053875833, 0.6908718448871455], [-0.4383926118758708, 0.8464440124758984, -0.30223244629978707], [-0.5478028991693035, -0.5182280784710798, -0.6567736614282571]], "T": [-0.019021400735254435, -0.02037727455546119, 4.853777962401766e-05], "aligned_model": [[-0.3901649730173931, 0.3035773650696614, -0.45139753578646147, -0.10977249568333644, -0.40527488707316894, -0.28118079130328594, 0.1074309901806644, 0.5290486595720432, -0.7335414217099026, 0.21587828790520436, -0.006331189763103123], [-0.5351191153837405, -0.2063581778855299, -0.2357560627798309, -0.5796709604282587, 0.29593315894174504, 0.07358013033793992, 0.6120917159277814, 0.27600965383599657, -0.3147257581290491, -0.5679616615157235, -0.04912734778431673], [0.5810147277710331, -0.6128642656360249, -0.6242263678918262, -0.32546409263991216, 0.22479763124705562, 0.7188857316040237, -0.3308538635679886, -0.03992658303062854, -0.048409712302565355, 0.38314534289696633, -0.04442575699104416]], "inverted": false, "swapped": false, "error_lsq": 0.04821290722904728, "error_max": 0.23350655788261376, "target": "518.xyz", "model": "30.xyz", "model_rescale": 4.100398675895297, "target_rescale": 3.7450541212319393},
