[{"mapping": [5, 1, 12, 6, 0, 3, 2, 11, 7, 9, 4, 13], "R": [[-0.6597544610964612, 0.3393858434205864, -0.6704784115458271], [0.7505328906844565, 0.3423933601021927, -0.5652142664147503], [0.0377416356846384, -0.8761187341015073, -0.4806157848970638]], "T": [-0.09167411759415578, -0.12523627275370056, -0.1252699427799267], "aligned_model": [[-0.7066165976687617, -0.0079625906434235, 0.38389657353164564, -0.7195631584825035, 0.44067714761319676, -0.39807725989710324, -0.02983719348306002, -0.20720193238318274, 0.11490947217888675, 0.55685665778787, -0.2741022832656621, -0.04508624621965061], [-0.5629601723843467, -0.38565487052757663, -0.4469098886121081, 0.2887513567404547, 0.16468026211633577, 0.15508814587572192, 0.6151399211742165, -0.5722252312474949, 0.1485466581130325, 0.09576582623341659, 0.6391571650663392, -0.10788332226687627], [-0.17669750672603057, -0.6334221321996287, -0.19928622866560922, 0.012265067838366617, -0.6027246189762216, -0.44265872724574307, -0.32345554188085474, 0.3980999415638193, 0.5483476116810406, 0.13416998743495667, 0.4186297384099698, 0.029869696273390728]], "inverted": true, "swapped": false, "error_lsq": 0.05368399603737789, "error_max": 0.29108271813635656, "target": "519.xyz", "model": "0.xyz", "model_rescale": 3.8414455957264533, "target_rescale": 3.654484605833438},
{"mapping": [2, 6, 10, 7, 8, 9, 13, 5, 1, 12, 0, 14], "R": [[-0.3485283113921882, -0.6706638091284318, 0.6547809338117996], [0.5027538434904655, -0.7233502985152114, -0.47328946585944554], [0.7910540999284907, 0.16423885278245498, 0.5892868658158168]], "T": [-0.11833739269957734, 0.009937310807763033, 0.0016114872832931337], "aligned_model": [[-0.6717308274149502, -0.16129532688182155, 0.4123051059214605, -0.6955668276220403, 0.36544043738652654, -0.40468123383787874, 0.04000164579484479, -0.09396021163251521, 0.1654859207220135, 0.6250730257980257, -0.4100391488712648, -0.06313997029414847], [-0.4678639783276295, -0.5829358484654413, -0.41997735427996485, 0.2780586037199261, 0.13875997521408176, 0.23902029726899177, 0.7041764880555365, -0.641405534481093, 0.07531576716553559, 0.17501908496212895, 0.54030910308688, -0.006980753637837256], [-0.09871977470871933, -0.5050276413752088, -0.042809451587003555, -0.0871136719519876, -0.609670877710994, -0.5737474180528535, -0.25878765692099637, 0.09898209843847935, 0.8162696213318066, -0.04715839459413654, 0.4005265370221536, 0.07039391761691566]], "inverted": true, "swapped": false, "error_lsq": 0.043413364490163454, "error_max": 0.20965896655524643, "target": "519.xyz", "model": "1.xyz", "model_rescale": 4.316132596720782, "target_rescale": 3.654484605833438},
{"mapping": [0, 2, 8, 5, 6, 4, 3, 1, 9, 10, 7, 11], "R": [[0.6534108741702637, 0.6159150313580782, -0.4401169204464074], [-0.5993526514346726, 0.7760607874939961, 0.196229593416555], [0.46241824005361176, 0.1355666930384305, 0.876236864668649]], "T": [-0.07329758424475445, -0.009283512935351094, -0.014169505918816584], "aligned_model": [[-0.6779928308665434, -0.08430948928591757, 0.5374528182048143, -0.6451833266120801, 0.36939041495027397, -0.3956011419000575, -0.14840783814895925, -0.0040444039293379, -0.25353726512577807, 0.523064789919633, -0.04444989174894402, -0.06848924638885147], [-0.3732722521922744, -0.6872183392983272, -0.43472698685200023, 0.2579955216592123, 0.25916594659335906, 0.052197241929136454, 0.6101906931580996, -0.4891713909507454, -0.04487499696092126, 0.11559806086550756, 0.739637175118336, 0.02597517721173208], [-0.0901294624328528, -0.5050956825447607, -0.1958778222456011, 0.11724014844557626, -0.6529638280968991, -0.7117870692303853, -0.21819687315773906, 0.22977492413624684, 0.704299984687971, 0.14705180097120032, 0.47444765855928017, -0.1356264915845809]], "inverted": false, "swapped": false, "error_lsq": 0.055082162407035486, "error_max": 0.3653423058788241, "target": "519.xyz", "model": "2.xyz", "model_rescale": 3.795458400668931, "target_rescale": 3.654484605833438},
{"mapping": [3, 8, 1, 5, 7, 9, 4, 6, 2, 0, 10, 11], "R": [[0.11606863650248422, 0.5833336685724809, 0.8038966990417521], [-0.10715076146944985, -0.7972896329114285, 0.5940100635245811], [0.9874445736024738, -0.15508408158715303, -0.030035673811286634]], "T": [-0.018292532793511833, 0.025723107016967197, -0.023749766408587003], "aligned_model": [[-0.6885858914844889, -0.13067379317480726, 0.4580632324824496, -0.6684040758034356, 0.29818865588320764, -0.5251396468691324, -0.01623415144598344, -0.2521926745104039, 0.06563402102275578, 0.6716860303744054, -0.18187701485123167, 0.07742789744491621], [-0.37019383092372443, -0.6527496050524113, -0.37951548240458505, 0.29224445020733514, 0.10458348075368963, 0.029837364524532946, 0.6583907262649447, -0.4861778559232253, -0.18262680278199092, 0.3892770808458292, 0.5204623166086242, 0.10796400816209592], [-0.19989350624172686, -0.39470551622744215, 0.047914119138005445, -0.035831604782042684, -0.7143458822996678, -0.7291884374818771, -0.1271043983556891, 0.1510198661556128, 0.709238610079246, 0.039226694731432976, 0.49343875543107346, -0.07663141263946964]], "inverted": true, "swapped": false, "error_lsq": 0.04656704764863289, "error_max": 0.2486677477364666, "target": "519.xyz", "model": "3.xyz", "model_rescale": 3.7530521520055578, "target_rescale": 3.654484605833438},
{"mapping": [1, 5, 0, 3, 7, 6, 2, 4, 9, 8, 11], "R": [[0.6046309048684557, 0.06897713916904429, -0.7935134675290689], [-0.025778885997550592, -0.9940266199959495, -0.10604964769462133], [-0.7960885113570462, 0.08457678766353277, -0.5992410609044077]], "T": [0.00022843505704999573, 0.019046458235833952, 0.12051214002719901], "aligned_model": [[-0.3784411784332334, -0.18102824680122676, 0.3461910713159205, 0.3634934397904136, 0.27818884562993157, -0.17526485890722251, -0.2002918974292072, -0.7302354240777154, -0.36994434876637416, 0.44114420763637036, -0.05561200751245167], [-0.6994895153745994, 0.08011481717452316, -0.4228746292912445, 0.3502049051904617, -0.5030136631171237, 0.6516768829858373, -0.3986058761085805, 0.17368242648214857, 0.18329032682320784, 0.10277149014990636, -0.050553806600190695], [-0.1661099084498101, -0.664766571609911, -0.44892952128049257, -0.40988159541363645, 0.10924477463967933, -0.1505581959649227, 0.5770582565086553, 0.0041058109419670474, 0.6805578686577054, 0.5781537739482774, -0.016043914732194603]], "inverted": true, "swapped": true, "error_lsq": 0.0461431692096586, "error_max": 0.2900725083415464, "target": "519.xyz", "model": "4.xyz", "model_rescale": 3.7855080009869324, "target_rescale": 3.654484605833438},
{"mapping": [5, 4, 6, 9, 12, 2, 14, 7, 8, 13, 15, 16], "R": [[-0.25499407829707044, -0.0603083653113724, 0.9650600608806159], [0.9036458693521425, -0.37003005741005335, 0.2156429906487191], [0.3440961534749239, 0.9270602233331895, 0.14885287863249036]], "T": [-0.0859510245995886, -0.03657866750432024, -0.1365120389969019], "aligned_model": [[-0.696009232440459, -0.0018179422310387466, 0.39406261204387627, -0.6254677652536276, 0.33723739396743146, -0.47541286784696596, -0.10830798874586121, -0.17030203043474706, 0.12773314282738668, 0.5476471123771278, -0.1184292642690349, -0.10304058092583607], [-0.5684889200617131, -0.730494330677476, -0.4532137509657768, 0.41741027301564043, 0.31347525826008554, 0.3141663270573361, 0.6264133372623424, -0.677495243373746, 0.002735231099944578, 0.23389948782741768, 0.5400158259439147, 0.01307235489314483], [-0.13458567204859323, -0.37818011864225787, 0.012078619970421894, -0.03787255558053007, -0.5383068553619534, -0.6571684602796809, -0.26932456213577327, 0.24227592605256554, 0.5328931954696313, 0.08768119726006685, 0.4515373303242488, -0.14789075752068986]], "inverted": false, "swapped": false, "error_lsq": 0.04080518994884845, "error_max": 0.19998159166536605, "target": "519.xyz", "model": "5.xyz", "model_rescale": 4.2253639853439635, "target_rescale": 3.654484605833438},
{"mapping": [2, 10, 1, 6, 8, 5, 11, 4, 0, 9, 7, 13], "R": [[0.24195547344303853, 0.7621242795696976, -0.600519884234756], [0.6120442981347305, 0.36036752984177184, 0.7039439044103621], [0.7529006083087731, -0.5378678517313611, -0.3792609234843084]], "T": [-0.059887192178580254, 0.040596880525390296, -0.04090535005602158], "aligned_model": [[-0.6083369079997107, -0.07819450483229748, 0.4175021148716087, -0.6229502324025962, 0.4105128416647918, -0.36111934946156937, -0.21112005126640349, -0.206133863808321, 0.27148510515904356, 0.5222935761946069, -0.31972170576051023, -0.10632443329039079], [-0.3068354753437683, -0.5129306296524893, -0.5131113391543869, 0.34781594106435093, 0.07858733637476445, 0.06206306659052158, 0.7055158290081142, -0.5852200540586215, 0.048632921282812054, 0.2053333066887703, 0.47076141658334375, 0.030883530897703557], [-0.21021358774149357, -0.5902546125191795, 0.02399795441654415, 0.006994855563118518, -0.6093641515739525, -0.5972682322876983, -0.415825612370477, 0.2555341676058775, 0.6892935762186821, 0.03986525299178069, 0.572964109598553, -0.0025864323942991346]], "inverted": false, "swapped": false, "error_lsq": 0.044865682947633934, "error_max": 0.22008661329797763, "target": "519.xyz", "model": "6.xyz", "model_rescale": 3.89814844738969, "target_rescale": 3.654484605833438},
{"mapping": [10, 11, 7, 5, 8, 9, 6, 4, 0, 3, 1, 12], "R": [[-0.0871834970696096, -0.9855739774061402, 0.14506196227321097], [-0.8062536522852496, -0.01571874995567496, -0.5913611156277752], [0.5851103195256507, -0.1685136669818567, -0.793252203290302]], "T": [-0.039213278748165624, -0.08598944983649821, -0.0023443719074401626], "aligned_model": [[-0.7255232749983335, -0.010835698830495864, 0.5286104280143213, -0.5979179112761933, 0.2738037028351098, -0.532265878514773, 0.06296507188189593, -0.14741682015576674, 0.1704585495696632, 0.6634877276600156, -0.39601431945460347, -0.1814589876625883], [-0.3084935246890318, -0.6023835162018764, -0.3978544099010366, 0.45056369318790773, 0.041955234321216936, 0.2154954585903992, 0.5660517137238307, -0.6792413894664261, 0.16053635899106278, 0.3115625917937081, 0.44905928848877424, -0.17575564855741455], [-0.13789579673668748, -0.625138278752759, 0.10531789756710247, -0.05270767528580164, -0.5882942838888413, -0.6834844917717957, -0.14991725801186953, 0.2253394398501282, 0.49391477154493446, 0.021013848454891057, 0.5464839045153197, 0.008505210022834334]], "inverted": false, "swapped": false, "error_lsq": 0.04757753271723548, "error_max": 0.21450964448550958, "target": "519.xyz", "model": "7.xyz", "model_rescale": 3.7474275329858107, "target_rescale": 3.654484605833438},
{"mapping": [9, 13, 12, 5, 2, 8, 3, 11, 10, 1, 6, 14], "R": [[0.173459662878842, 0.6177961168979282, -0.7669678632770737], [-0.43380239270124465, -0.6512239968174778, -0.6226739034645221], [-0.884153397007914, 0.44072129959296413, 0.15504033876528728]], "T": [-0.024017391182994473, -0.027066538844990152, -0.04802235608956552], "aligned_model": [[-0.7411171350781814, 0.24079857551574382, 0.3307628938647704, -0.62937625974556, 0.29248632809231945, -0.4112902449034704, -0.14377253854877295, -0.28621598445447904, 0.023806346933657636, 0.6763774767312132, -0.25182735473145873, 0.007260485392469686], [-0.28182210610218056, -0.765672687181218, -0.49973832408033203, 0.3538208639043659, 0.32257878463350237, 0.1439328354894925, 0.6714673174537876, -0.5275475870456701, -0.10779503929004404, 0.20342272323652089, 0.5595233681945763, -0.04067429893168632], [-0.08277862667953223, -0.48670822332704977, 0.1290509382922163, -0.009462134339838009, -0.7452762835108169, -0.5828019991248429, -0.1568510897419033, 0.21130479958116288, 0.7046124550749894, -0.19336178334319393, 0.47250910296464477, -0.09709986833838011]], "inverted": false, "swapped": false, "error_lsq": 0.04568240342760129, "error_max": 0.28463281650319106, "target": "519.xyz", "model": "8.xyz", "model_rescale": 4.019505241142653, "target_rescale": 3.654484605833438},
{"mapping": [6, 3, 0, 11, 4, 5, 8, 2, 1, 7, 9, 12], "R": [[-0.44092357796394555, -0.8931533652455256, -0.08867617800776728], [0.08544442984076764, -0.14011958309585315, 0.9864409520301913], [-0.8934683250147475, 0.42736818854898073, 0.1380970079752068]], "T": [-0.17555633237471083, -0.02931081029722594, 0.047178055784431], "aligned_model": [[-0.8502587248926659, 0.03660135094850264, 0.44104647611205117, -0.5719871609586609, 0.3760441867976998, -0.4371965684743079, -0.006225874814373034, -0.16241738770972358, 0.02107119970605295, 0.631587960941798, -0.17736293761719796, -0.193009930970924], [-0.2987506773952584, -0.5542253591017245, -0.23119169159966826, 0.4215627523975252, 0.046860432008392, -0.0767904076699013, 0.5994996843317115, -0.6183464279209044, -0.172876447836264, 0.3769427800674093, 0.5554392855788723, -0.016628072579074765], [0.06269184048188897, -0.5992851230603223, 0.006054286479120603, -0.11654473616639809, -0.5672562208778226, -0.5691131041627429, -0.13187916795429272, -0.006081417743196829, 0.6772826689371949, -0.008140116258150316, 0.40130250139759993, 0.014105876434576961]], "inverted": false, "swapped": false, "error_lsq": 0.057744666997559195, "error_max": 0.27510405324068526, "target": "519.xyz", "model": "9.xyz", "model_rescale": 3.877068213659057, "target_rescale": 3.654484605833438},
{"mapping": [7, 1, 3, 9, 12, 8, 10, 4, 13, 6, 14, 15], "R": [[0.9578243392893255, -0.25542891483492836, 0.13163815758061148], [0.19689243539069257, 0.917043468719464, 0.3467919338232873], [-0.20929859997355194, -0.3062471974487674, 0.9286585756368628]], "T": [-0.04336617422793672, 0.004949946285020388, -0.10329253612142475], "aligned_model": [[-0.6443599488875649, -0.20272626136124727, 0.44788234711120234, -0.5607132792294295, 0.5300794471637622, -0.6838495749144259, 0.03338107054331875, -0.11808788970091134, 0.08255609673687546, 0.4849492868460355, -0.22936217049819307, -0.0318565347411706], [-0.5446501370517047, -0.670979243241987, -0.3601795562685745, 0.40728858715121713, 0.14233262891395349, 0.0542354201943186, 0.710121958242102, -0.614515542196861, 0.07538958732423061, 0.263847008598537, 0.5677273419225243, 0.0008777966933585495], [-0.15836340531236087, -0.6235143191886671, 0.06438775304608238, -0.025056387748891504, -0.5620749829673084, -0.5306973691716651, -0.11057768761612097, 0.15894753244486204, 0.6561943529089277, 0.08153078448632473, 0.40484980512705704, -0.19248878850078444]], "inverted": false, "swapped": false, "error_lsq": 0.044589770707002215, "error_max": 0.22623573306353734, "target": "519.xyz", "model": "10.xyz", "model_rescale": 4.260839863003843, "target_rescale": 3.654484605833438},
{"mapping": [7, 0, 6, 8, 3, 1, 2, 7, 10, 5, 9, 11], "R": [[-0.6154876320735332, 0.600789091507795, -0.510124928120312], [-0.7833771736755409, -0.39523796407669454, 0.47969485667102074], [0.08657469912530225, 0.6948664758626278, 0.7139085390956013]], "T": [-0.04248492575754088, 0.11605422426680553, -0.029986853272090684], "aligned_model": [[-0.3861644048249648, 0.08671765084814587, 0.4140575708198987, -0.7049912890331306, 0.31249800432215874, -0.413831113492064, -0.1684191375932883, -0.3861644048249648, 0.008041066123969952, 0.6316885536398564, -0.21095370382167733, -0.0745862030956882], [-0.44126524991946403, -0.6209424842226078, -0.5734303662577994, 0.31572560405840355, 0.24353589498281655, 0.08973750632673594, 0.7014022697369353, -0.44126524991946403, -0.04544493394685778, 0.0726433027428817, 0.653087841372108, 0.07771171532742673], [-0.00023708616494286933, -0.488437303516444, 0.10942363020093973, 0.16192475599169218, -0.6312926110993814, -0.6502046233764233, -0.36444965553126135, -0.00023708616494286933, 0.5739162333923743, -0.015272444770610925, 0.5347665673227592, -0.06676308877630308]], "inverted": false, "swapped": false, "error_lsq": 0.04842278028282999, "error_max": 0.3103646184751195, "target": "519.xyz", "model": "11.xyz", "model_rescale": 3.890672605050136, "target_rescale": 3.654484605833438},
{"mapping": [3, 8, 5, 2, 6, 0, 11, 7, 12, 9, 10, 13], "R": [[0.9848417451822916, 0.08918707889047542, -0.1487696269582025], [0.13497868941364227, -0.9327213499887145, 0.33438247065210497], [-0.1089380115041307, -0.3493945452267601, -0.930621277112936]], "T": [-0.0745539881255713, 0.08780102137740133, -0.21152400721594944], "aligned_model": [[-0.7147899347375949, 0.0006624224655484567, 0.4405585390989328, -0.49867296575192643, 0.24795051917253724, -0.5169801483346524, 0.0171066254074818, -0.16038197025821904, 0.010917988337204698, 0.6540131269629145, -0.22838211211205206, -0.14410950118192295], [-0.5751501753993206, -0.5398518086286804, -0.3841214457951083, 0.6208077977501941, 0.17987159279429504, -0.059924255047406075, 0.6264649509562709, -0.5982931710818616, -0.04187744380903148, 0.24079607182787555, 0.5586041108578242, 0.004169625856062939], [-0.271995482806957, -0.5573353176169797, 0.130412318887692, -0.007585284005895532, -0.6801093213188654, -0.5736439807262195, -0.1467037419230091, 0.2873472054563307, 0.5171804484116465, 0.015638686399660207, 0.5329367799643097, -0.08300502321425723]], "inverted": true, "swapped": false, "error_lsq": 0.047279571510165604, "error_max": 0.3036410203958682, "target": "519.xyz", "model": "12.xyz", "model_rescale": 4.124412569039231, "target_rescale": 3.654484605833438},
{"mapping": [9, 3, 5, 8, 0, 6, 1, 7, 10, 4, 2, 12], "R": [[-0.306427755089895, 0.6794369751441008, -0.666683903898693], [-0.239158485655117, -0.7328629914104494, -0.6369576552331235], [-0.9213605427028654, -0.03573839151335628, 0.3870626793199255]], "T": [-0.07557274989549387, -0.07974522632868859, -0.11531623620601567], "aligned_model": [[-0.6288981731823126, -0.1659423389849109, 0.5648706444467128, -0.6480138905590278, 0.37963610406529125, -0.547942116302678, -0.10537941322036318, -0.05571118451760673, -0.046781879183739355, 0.5333001708559866, -0.10757547792059313, -0.06366985642850732], [-0.39928010258112717, -0.39839836963726016, -0.43729744452355246, 0.32405470164901057, -0.05646501366803776, 0.12649686988043013, 0.6704646223775653, -0.631793258527458, -0.08922002727636884, 0.3350985764823722, 0.6259764877730807, -0.038141191667540354], [-0.09608837092684883, -0.7470178171707174, 0.07371960425704993, 0.04009573096343849, -0.47449630854885705, -0.5418654059571988, -0.4302147033891858, 0.1812072247245664, 0.6220378077973869, 0.15937384624026746, 0.3779668481310946, -0.0015811686135399905]], "inverted": true, "swapped": false, "error_lsq": 0.057992137764759276, "error_max": 0.36315221686983545, "target": "519.xyz", "model": "13.xyz", "model_rescale": 3.9028299243045295, "target_rescale": 3.654484605833438},
{"mapping": [4, 7, 14, 0, 6, 3, 2, 10, 13, 11, 8, 15], "R": [[0.09520193305827851, -0.9922112961633576, -0.08033265654637173], [-0.1926720262851096, -0.09753953199765819, 0.9764033643862909], [-0.9766340574796464, -0.07747763202052627, -0.20045731293054586]], "T": [-0.030377147360402375, 0.09936095397696713, -0.04825488016190724], "aligned_model": [[-0.6179081705988709, -0.08569699504214509, 0.5817435214040783, -0.7950032740169306, 0.1917058836802206, -0.4015781901096103, -0.1498045914960674, -0.1020952808957738, 0.13120567711517397, 0.7071257070176425, -0.3672567691638803, 0.015455071174414983], [-0.2385304052063532, -0.6510294354712839, -0.46952614108394025, 0.40866683645289076, 0.15241918253868192, 0.11718565694292439, 0.8063729575281309, -0.624391707104786, -0.1951748693544033, 0.09692363847387372, 0.6092060324891164, 0.01937410407626268], [-0.048256957493897475, -0.5527169042165841, 0.24282313812088854, -0.13127997723956147, -0.674571265030561, -0.5488360534637277, -0.21564927068194892, 0.11419879615309056, 0.6727104389792015, -0.004206184207306458, 0.42405569127187914, -0.11513416468401687]], "inverted": true, "swapped": false, "error_lsq": 0.04592358051972557, "error_max": 0.22003583144601768, "target": "519.xyz", "model": "14.xyz", "model_rescale": 3.942246331269136, "target_rescale": 3.654484605833438},
{"mapping": [1, 12, 13, 2, 8, 0, 7, 3, 10, 11, 9, 14], "R": [[-0.06969254328495667, -0.18391075053228084, -0.9804691658839291], [0.09823370421794422, -0.9793472157673229, 0.17671777025645807], [-0.9927200455143916, -0.08399920718343712, 0.0863194324961542]], "T": [-0.027188973948834967, -0.0160907097364246, 0.053674228015323316], "aligned_model": [[-0.6166625489767369, -0.056924912654732325, 0.5250982841563023, -0.6735690539101522, 0.31076092316513587, -0.37331550722514667, -0.2191754468489112, -0.33171598081323794, 0.2105535788027968, 0.6827757566324729, -0.2613469585201641, -0.088585544739375], [-0.4955440825228858, -0.6869660506158968, -0.5674798339192879, 0.332902947691786, 0.3160198128746319, 0.18881392429234986, 0.7619439162034548, -0.6325358843971964, 0.12590546156878069, 0.08359291088430525, 0.6262849638155976, -0.021442235594524538], [-0.22790489665149147, -0.41228532936265294, -0.17409465654286302, -0.15379658425369966, -0.5581536841458159, -0.5618970487544052, -0.24429023830745702, 0.2629744411740895, 0.7111817047705022, 0.06482240127838135, 0.47874579660400296, -0.022164618301135156]], "inverted": true, "swapped": false, "error_lsq": 0.04615007016614775, "error_max": 0.2802717731993139, "target": "519.xyz", "model": "15.xyz", "model_rescale": 4.355366556412066, "target_rescale": 3.654484605833438},
{"mapping": [0, 2, 8, 5, 6, 4, 3, 1, 9, 10, 7, 11], "R": [[0.6534108741702637, 0.6159150313580782, -0.4401169204464074], [-0.5993526514346726, 0.7760607874939961, 0.196229593416555], [0.46241824005361176, 0.1355666930384305, 0.876236864668649]], "T": [-0.07329758424475445, -0.009283512935351094, -0.014169505918816584], "aligned_model": [[-0.6779928308665434, -0.08430948928591757, 0.5374528182048143, -0.6451833266120801, 0.36939041495027397, -0.3956011419000575, -0.14840783814895925, -0.0040444039293379, -0.25353726512577807, 0.523064789919633, -0.04444989174894402, -0.06848924638885147], [-0.3732722521922744, -0.6872183392983272, -0.43472698685200023, 0.2579955216592123, 0.25916594659335906, 0.052197241929136454, 0.6101906931580996, -0.4891713909507454, -0.04487499696092126, 0.11559806086550756, 0.739637175118336, 0.02597517721173208], [-0.0901294624328528, -0.5050956825447607, -0.1958778222456011, 0.11724014844557626, -0.6529638280968991, -0.7117870692303853, -0.21819687315773906, 0.22977492413624684, 0.704299984687971, 0.14705180097120032, 0.47444765855928017, -0.1356264915845809]], "inverted": false, "swapped": false, "error_lsq": 0.055082162407035486, "error_max": 0.3653423058788241, "target": "519.xyz", "model": "16.xyz", "model_rescale": 3.795458400668931, "target_rescale": 3.654484605833438},
{"mapping": [10, 11, 7, 5, 8, 9, 6, 4, 0, 3, 1, 12], "R": [[-0.0871834970696096, -0.9855739774061402, 0.14506196227321097], [-0.8062536522852496, -0.01571874995567496, -0.5913611156277752], [0.5851103195256507, -0.1685136669818567, -0.793252203290302]], "T": [-0.039213278748165624, -0.08598944983649821, -0.0023443719074401626], "aligned_model": [[-0.7255232749983335, -0.010835698830495864, 0.5286104280143213, -0.5979179112761933, 0.2738037028351098, -0.532265878514773, 0.06296507188189593, -0.14741682015576674, 0.1704585495696632, 0.6634877276600156, -0.39601431945460347, -0.1814589876625883], [-0.3084935246890318, -0.6023835162018764, -0.3978544099010366, 0.45056369318790773, 0.041955234321216936, 0.2154954585903992, 0.5660517137238307, -0.6792413894664261, 0.16053635899106278, 0.3115625917937081, 0.44905928848877424, -0.17575564855741455], [-0.13789579673668748, -0.625138278752759, 0.10531789756710247, -0.05270767528580164, -0.5882942838888413, -0.6834844917717957, -0.14991725801186953, 0.2253394398501282, 0.49391477154493446, 0.021013848454891057, 0.5464839045153197, 0.008505210022834334]], "inverted": false, "swapped": false, "error_lsq": 0.04757753271723548, "error_max": 0.21450964448550958, "target": "519.xyz", "model": "17.xyz", "model_rescale": 3.7474275329858107, "target_rescale": 3.654484605833438},
{"mapping": [12, 7, 2, 10, 1, 11, 3, 9, 4, 0, 8, 13], "R": [[-0.8195468923317991, 0.13935326799958858, 0.5558089221730118], [0.5448872287076822, 0.48968089455464836, 0.6806691777210286], [-0.17731553586911727, 0.8606934926011663, -0.47724827137817233]], "T": [-0.1039370277494683, -0.025294048524692237, -0.05407807394302691], "aligned_model": [[-0.7102525183601182, -0.18081969865603983, 0.5133810291767376, -0.6880025012805526, 0.3173444507204309, -0.42635017431430927, -0.11064651942183513, -0.16457003558905464, 0.03392382511020629, 0.6354252050857966, -0.10881781883575856, -0.0027226545672516533], [-0.461460186202143, -0.5428563550434891, -0.36370358596604035, 0.3417043745028301, 0.17886608693726286, 0.1303461893072906, 0.6049819019327202, -0.6124739646048658, -0.01137380417457336, 0.2516870693122108, 0.5626266063866934, -0.046848482106781345], [-0.09119342794378774, -0.5959614523756114, -0.14479811236491455, -0.029197346709312386, -0.563351057514754, -0.6814237052307696, -0.30566581272561966, 0.26098945908517945, 0.7644733502611226, 0.22118060403014814, 0.35966089282906644, -0.03157610383329156]], "inverted": true, "swapped": false, "error_lsq": 0.04477583581712468, "error_max": 0.24319029941416606, "target": "519.xyz", "model": "18.xyz", "model_rescale": 3.922800546911778, "target_rescale": 3.654484605833438},
{"mapping": [7, 12, 0, 4, 8, 13, 6, 3, 2, 1, 10, 14], "R": [[0.6873478226087775, -0.02452454084108152, 0.7259142632925094], [-0.1618293889075259, 0.9691362986272982, 0.18597334101638638], [-0.7080707730451733, -0.24530263263877647, 0.6621649332150534]], "T": [-0.05581793015396774, 0.006299775924374204, -0.1125914287980469], "aligned_model": [[-0.6446755783553216, -0.15032026816508043, 0.518704942380808, -0.4500407090058005, 0.12967791085406008, -0.5717188878533366, 0.1258255452637468, -0.03126843357465316, 0.065291083545502, 0.5997864892671411, -0.3611665860223263, -0.12220291926648774], [-0.5287802315632322, -0.6165544689227972, -0.5204231214141011, 0.6048467324260457, 0.25617327067496576, 0.036834955389589384, 0.6716653154869113, -0.602843076007368, -0.0005009229079030644, 0.2740943146469284, 0.5164146938250067, -0.05943161135293112], [-0.040848312051637636, -0.5834798894262581, 0.1889530853795947, -0.21357202390963362, -0.6394170010811977, -0.5650597166150898, -0.104709898874257, 0.08103592397854573, 0.5933939252171199, 0.10293572541165102, 0.4325192169959274, -0.08861374751730935]], "inverted": true, "swapped": false, "error_lsq": 0.054697450573683304, "error_max": 0.38350691985828167, "target": "519.xyz", "model": "19.xyz", "model_rescale": 3.9282355846067225, "target_rescale": 3.654484605833438},
{"mapping": [5, 3, 0, 7, 4, 6, 9, 1, 10, 11, 12, 13], "R": [[0.8205003031233709, 0.14968103874318556, -0.5517017665507498], [-0.30091801706317545, -0.7074752935823705, -0.6394740463672512], [-0.48603250876996223, 0.6907056504845606, -0.535441971466075]], "T": [-0.1574327928640311, 0.08897301626662037, -0.1466558326768745], "aligned_model": [[-0.6349748807325132, -0.03554976146946198, 0.4674505507798864, -0.7001802342238312, 0.31230946870482107, -0.5632115297416163, 0.10448401126233414, -0.09682432144113923, 0.09783421066626902, 0.534998345544359, -0.2745525689980312, -0.10389070128282474], [-0.41014276098369734, -0.5561503214214956, -0.4005371022767887, 0.3195088880348533, 0.0035351475433518242, 0.023702185329286266, 0.7159996267173273, -0.6093957296490805, 0.05575072414070521, 0.19486979674868132, 0.7239144475785869, -0.029559051480615745], [-0.2492577208788676, -0.5145083506372288, -0.04616882417898949, 0.05428247403708658, -0.5606732516631023, -0.6545213556097134, -0.01757429743378286, 0.11812427274368825, 0.6755177409716755, 0.003970067393298804, 0.40645056044238653, -0.05250402767899509]], "inverted": true, "swapped": false, "error_lsq": 0.0447087068969666, "error_max": 0.29827355931948213, "target": "519.xyz", "model": "20.xyz", "model_rescale": 4.067790424073018, "target_rescale": 3.654484605833438},
{"mapping": [6, 3, 12, 5, 0, 4, 8, 11, 10, 9, 1, 14], "R": [[0.9525955422223595, 0.07759274232982388, -0.29417868596454516], [-0.20587021183256793, 0.8763331330063349, -0.4354970675852082], [0.22400711778446353, 0.47541519362872636, 0.8507650703036993]], "T": [-0.1297957310075439, 0.015569513947084506, -0.12230275030696128], "aligned_model": [[-0.6932379744097441, 0.09139396431626853, 0.5017858741368112, -0.579871935626628, 0.29444282082803597, -0.7168094692319965, -0.19061325241561017, -0.1088478165172187, 0.10707815686650526, 0.4860184844088157, 0.00995274145400013, -0.09339900474098793], [-0.4229701920945135, -0.7130354176652396, -0.3874295259855488, 0.3663758621094974, 0.13449057842754567, 0.2793550190059452, 0.5552746641391545, -0.5567388457834886, -0.06143924190187016, 0.197961060788787, 0.6381882577039921, 0.001463631536853277], [-0.31665466635158473, -0.5017167576440384, 0.03804161895601951, 0.02880130980565862, -0.6793821531574372, -0.600115028500892, -0.29604818671030436, 0.17779153527701128, 0.658240159672815, 0.31536844499918937, 0.39356677355159575, -0.054755762390576945]], "inverted": false, "swapped": false, "error_lsq": 0.0524955842704998, "error_max": 0.3245081895828017, "target": "519.xyz", "model": "21.xyz", "model_rescale": 4.186013935880536, "target_rescale": 3.654484605833438},
{"mapping": [11, 5, 2, 4, 0, 6, 7, 8, 9, 1, 10, 12], "R": [[-0.2021611637078898, 0.22470679115729375, -0.9532249062503897], [-0.9220798304980713, -0.3716396114539692, 0.10794806800953438], [-0.32999946981308925, 0.900772367030725, 0.2823286962335653]], "T": [-0.10524147826893737, -0.025749073584458573, -0.09119111386711766], "aligned_model": [[-0.6103764371492137, -0.05923606786370489, 0.38940356088273403, -0.716834918303125, 0.39229544561159463, -0.2399522356729096, -0.028655715486592293, -0.02182958596468275, 0.021211313519233554, 0.5518413503724948, -0.4244718539282497, -0.14550226694932722], [-0.3512715541753469, -0.6038061037156661, -0.5755611279275145, 0.3629065042657338, 0.060554211859494333, 0.24277584713415515, 0.7038202946881257, -0.6194558255176532, 0.016737937951961507, 0.29100002806435527, 0.5322793301923985, -0.028483692538928636], [0.10333334901309531, -0.6033164386111595, -0.1434614975150454, -0.14135539081343984, -0.6077152597726586, -0.5598063374886993, -0.07752006057038949, 0.386535669592608, 0.5151547491005567, -0.03609666004833882, 0.4407822881677331, -0.11339712354680649]], "inverted": false, "swapped": false, "error_lsq": 0.058711402633975375, "error_max": 0.29673089014269743, "target": "519.xyz", "model": "22.xyz", "model_rescale": 4.166573947596378, "target_rescale": 3.654484605833438},
{"mapping": [11, 14, 10, 2, 5, 6, 1, 9, 8, 7, 4, 15], "R": [[-0.8002133286975727, 0.24892018939802957, 0.5456165025774056], [-0.547418776103121, 0.06839426919525554, -0.8340592949611008], [-0.24493123962555705, -0.9661060828145616, 0.08153357961105306]], "T": [-0.13779263506109468, -0.06061992246880631, -0.05470138475265396], "aligned_model": [[-0.8286515663931253, 0.06810203597156061, 0.5211436126513842, -0.6427379888444016, 0.39879422650331336, -0.4020040141531627, -0.13098491892401676, -0.20300972320015295, 0.1409356375005792, 0.5548348932234741, -0.24567936473948973, -0.12285024052771128], [-0.43956392850681647, -0.7330331778870218, -0.41210912475355665, 0.3805033200554724, 0.32910909487661266, 0.2813135107621807, 0.6204263108087372, -0.5535008114479681, -0.01871775918134471, 0.11433088470788985, 0.46372990010974646, -0.0009923692628169486], [-0.019934953917247568, -0.4172556035923725, -0.11126634945614501, -0.11170764569484548, -0.5559476458227777, -0.6811050137044679, -0.26500769470698754, 0.2818462745407476, 0.7033447213700555, -0.02231358178846484, 0.44855921422737255, -0.08607443394741193]], "inverted": false, "swapped": false, "error_lsq": 0.04240872948049212, "error_max": 0.19486192063870073, "target": "519.xyz", "model": "23.xyz", "model_rescale": 4.274766983524099, "target_rescale": 3.654484605833438},
{"mapping": [4, 5, 6, 9, 3, 8, 2, 7, 1, 0, 11], "R": [[0.06618456144282059, 0.6370880804835084, 0.7679442567872099], [0.904817374948153, -0.362757310568279, 0.22296334142904004], [0.4206246804677003, 0.6800925755624067, -0.6004572981039844]], "T": [-0.18789072918469274, 0.026102145114361583, 0.048662733964370215], "aligned_model": [[0.1385476381325068, 0.22402742666768183, -0.42450062253204757, -0.36812160977480735, -0.3725609063530918, -0.689589127612556, 0.007133396586882584, 0.04525599294209037, 0.6574034506263294, 0.20830908073155363, -0.04601001545646702], [-0.07453540789411155, 0.6773575000407771, 0.4037290008302674, -0.5455658513022071, 0.7245238503340214, -0.20029668753251834, -0.5779511048014074, -0.031725582371972136, -0.0763898583882819, 0.510640930419802, 0.10579974190911345], [-0.6253923386345804, -0.19513201514032982, -0.5044303809927351, -0.2953833210401634, 0.08105011716939592, 0.3771360969136856, 0.19065391056090142, 0.5892497052936733, 0.17831596000196714, 0.5461525078072357, 0.03734619208252755]], "inverted": true, "swapped": true, "error_lsq": 0.059504460194408935, "error_max": 0.3457409249431629, "target": "519.xyz", "model": "24.xyz", "model_rescale": 3.7841303162186577, "target_rescale": 3.654484605833438},
{"mapping": [1, 4, 2, 7, 3, 6, 11, 8, 9, 12, 10, 15], "R": [[-0.549415782680753, -0.02911737142040151, 0.8350416016120766], [0.5199787386413258, 0.7703726457785068, 0.3689825171972232], [-0.6540370089698836, 0.6369286972007069, -0.4081144760725094]], "T": [-0.09205583325184169, 0.04987553803410604, 0.01700751355264886], "aligned_model": [[-0.532721393928253, -0.01155459537369423, 0.3294379896422541, -0.6559982920639797, 0.27889111608777445, -0.3311905728955324, -0.19042970538682003, -0.2535403934830338, 0.24454047343509544, 0.6643552391432426, -0.3319181154857148, -0.10197916062308708], [-0.5377387094314117, -0.455394156838812, -0.5650995908393904, 0.37105971841314295, 0.16644538168938947, 0.11631836328801001, 0.7371588611899246, -0.46059154707419125, -0.020871115114021323, 0.08101022573197059, 0.538713161003605, 0.06048525826289884], [-0.09943884153191802, -0.526063779190274, 0.13076856161554606, -0.02318185722403214, -0.6885502232477962, -0.6615397431000124, -0.3106993434945477, 0.2676145275543319, 0.4901232984501468, 0.06222727923327277, 0.5726683536415349, -0.05079094519879633]], "inverted": false, "swapped": false, "error_lsq": 0.04489897186617301, "error_max": 0.20977681319286362, "target": "519.xyz", "model": "25.xyz", "model_rescale": 4.19342608120988, "target_rescale": 3.654484605833438},
{"mapping": [0, 2, 8, 5, 6, 4, 3, 1, 9, 10, 7, 11], "R": [[0.6534108741702637, 0.6159150313580782, -0.4401169204464074], [-0.5993526514346726, 0.7760607874939961, 0.196229593416555], [0.46241824005361176, 0.1355666930384305, 0.876236864668649]], "T": [-0.07329758424475445, -0.009283512935351094, -0.014169505918816584], "aligned_model": [[-0.6779928308665434, -0.08430948928591757, 0.5374528182048143, -0.6451833266120801, 0.36939041495027397, -0.3956011419000575, -0.14840783814895925, -0.0040444039293379, -0.25353726512577807, 0.523064789919633, -0.04444989174894402, -0.06848924638885147], [-0.3732722521922744, -0.6872183392983272, -0.43472698685200023, 0.2579955216592123, 0.25916594659335906, 0.052197241929136454, 0.6101906931580996, -0.4891713909507454, -0.04487499696092126, 0.11559806086550756, 0.739637175118336, 0.02597517721173208], [-0.0901294624328528, -0.5050956825447607, -0.1958778222456011, 0.11724014844557626, -0.6529638280968991, -0.7117870692303853, -0.21819687315773906, 0.22977492413624684, 0.704299984687971, 0.14705180097120032, 0.47444765855928017, -0.1356264915845809]], "inverted": false, "swapped": false, "error_lsq": 0.055082162407035486, "error_max": 0.3653423058788241, "target": "519.xyz", "model": "26.xyz", "model_rescale": 3.795458400668931, "target_rescale": 3.654484605833438},
{"mapping": [9, 0, 6, 4, 7, 3, 10, 1, 8, 5, 11, 12], "R": [[0.6677453602011804, 0.5584115863256689, -0.4922322969767896], [0.675603552726515, -0.7322562095756778, 0.0857944233687281], [-0.3125315559637257, -0.3898427167398559, -0.8662255380279328]], "T": [-0.19837758984284415, -0.07768667928203347, 0.01732478941558692], "aligned_model": [[-0.6130762135380047, -0.07214835106742529, 0.5419445387313404, -0.6669522231428987, 0.2483783766341784, -0.4303634315008511, -0.031352572943461665, -0.09928642620178615, 0.20821485909220488, 0.5070522533904314, -0.40379931527359214, -0.08071890511188339], [-0.18893962514325324, -0.5788545673371258, -0.4253779303565326, 0.595403403839092, 0.18466580321851556, -0.009279721933786594, 0.5863066277537914, -0.6167815440031732, -0.08404307493692197, 0.18530779404726794, 0.42985819391813923, -0.04676950878489789], [0.012621210145660935, -0.6339586506882521, 0.12787296690171485, -0.1446959983503706, -0.6086052226244149, -0.6802278009347311, -0.1799110096945692, 0.24073212741231959, 0.6218029832401869, 0.02526904232913814, 0.4775146503888698, -0.09527701061809689]], "inverted": true, "swapped": false, "error_lsq": 0.050335563302555265, "error_max": 0.29055813223591953, "target": "519.xyz", "model": "27.xyz", "model_rescale": 3.6321398670334006, "target_rescale": 3.654484605833438},
{"mapping": [10, 12, 7, 11, 6, 9, 13, 8, 3, 4, 2, 14], "R": [[-0.582361720996233, 0.5670553567557532, -0.5824972517470886], [0.2040619408268752, 0.7955687568978363, 0.5704639141558389], [0.7869012328267599, 0.21335082709620978, -0.5790232070937128]], "T": [-0.11542270035242674, -0.022842140579679274, 0.042091971934808445], "aligned_model": [[-0.8401967623024398, 0.17114501808955074, 0.46115376617157244, -0.6220371889647159, 0.28003532643888884, -0.4363486844383079, -0.16206377575023007, -0.16958147707149096, 0.13073363837029667, 0.6819326670571201, -0.28643752078635176, -0.10044241774564062], [-0.2967531077255868, -0.5467235885297655, -0.5362846847231646, 0.3696314894561864, 0.20535298077508174, 0.03670209778823412, 0.6752935260308477, -0.5367023639052712, -0.24473869054605807, 0.19764243823990596, 0.6686312550921757, 0.03944449832852916], [-0.023839615322578625, -0.5296919926013003, 0.11154494968250021, -0.0007104353957631121, -0.5867540925173526, -0.5410316492947923, -0.3785129888134708, 0.03545016625935955, 0.6435311276121679, -0.003495536496423965, 0.3971442751274537, 0.039503079267656144]], "inverted": true, "swapped": false, "error_lsq": 0.0464037994374922, "error_max": 0.2608888411055147, "target": "519.xyz", "model": "28.xyz", "model_rescale": 4.156811204709835, "target_rescale": 3.654484605833438},
{"mapping": [3, 3, 10, 8, 1, 5, 6, 4, 9, 11], "R": [[-0.33232025177782665, 0.4515158723198088, -0.828068033015165], [-0.7616885407817195, -0.6462581672333553, -0.0467006223298983], [-0.5562318015900719, 0.6152103691644566, 0.5586791427755257]], "T": [0.06041054173534441, -0.03181090637485254, 0.09518837501739838], "aligned_model": [[-0.3030452981286482, -0.3030452981286482, 0.1038024735150159, 0.6113952299718628, -0.09987462693342372, -0.6768413388453034, -0.4646415912646038, -0.4430446184175919, 0.2695934720255102, -0.05137302968358129], [-0.2884308575811477, -0.2884308575811477, 0.16877721072992893, 0.08295145073533616, -0.49997842472732323, -0.3614646771998098, 0.31514710456746664, 0.34574942729175706, 0.5756578534398482, -0.13125789904870433], [-0.47489139866331476, -0.47489139866331476, -0.7325625680893827, -0.21156549911560432, 0.8001455791729731, 0.06303188121969874, -0.23411190417446062, 0.5135438002069955, 0.3499026540317758, 0.16018558104973415]], "inverted": true, "swapped": true, "error_lsq": 0.057448770792106064, "error_max": 0.3321176381976527, "target": "519.xyz", "model": "29.xyz", "model_rescale": 4.117894457231895, "target_rescale": 3.654484605833438},
