[{"mapping": [11, 12, 1, 3, 7, 9, 5, 8, 6, 4, 2, 0, 13], "R": [[-0.5758514526539944, 0.45315656309462926, 0.6804735364439591], [-0.8124633028451862, -0.4099393234659465, -0.41455172488626046], [0.09109602629190855, -0.7915799898939753, 0.6042372328756962]], "T": [-0.17546095969918712, -0.048551174362654284, -0.09071552700974819], "aligned_model": [[-0.0719327467099169, -0.4803416247928892, -0.7332318629807217, -0.2029543470518004, 0.4920664093159704, 0.11401189255136235, -0.45579480055474214, 0.4237471146238689, 0.2496720670519446, 0.7500736844690166, 0.16181243097408932, -0.38096521669928207, -0.05188568451532445], [-0.4773570989728317, -0.49635673801769764, 0.028792690749005187, 0.47032001351805025, -0.4022273589107353, -0.5091251442143309, 0.1677893890893991, -0.13579423699523513, 0.5161434340027404, 0.18182399793805892, 0.396215788995182, -0.0062908162864706435, -0.15291180608586616], [-0.6315197697609863, 0.11333781205927249, 0.035592269285897316, -0.033995955106583736, -0.06397883733651757, 0.40001887963933225, -0.7593043084875845, -0.5845955360314163, -0.382139947805481, -0.029747264422284064, 0.4381391351223962, 0.6518438962492518, -0.11015446126458805]], "inverted": false, "swapped": false, "error_lsq": 0.04149383578352562, "error_max": 0.29968677201848115, "target": "52.xyz", "model": "0.xyz", "model_rescale": 3.8414455957264533, "target_rescale": 3.831095283869886},
{"mapping": [4, 1, 0, 13, 5, 10, 7, 2, 9, 6, 8, 12, 14], "R": [[-0.8626587843407636, 0.5057287510381201, 0.007632311127013125], [-0.3121859985920938, -0.5205248394013395, -0.794728754890162], [-0.39794437310103226, -0.6879624422449477, 0.6069167603366985]], "T": [-0.048331392389634825, -0.05280520954663913, -0.08685147407518495], "aligned_model": [[-0.16784097611760135, -0.5949525671321737, -0.7018110895204643, -0.4563080124081973, 0.4160476265508013, 0.30558784938627837, -0.19154491082129924, 0.4136376696068905, 0.11953398323180009, 0.7306415676965106, 0.19561483956520473, -0.17681946198136808, -0.07750920237480668], [-0.38567976543325766, -0.6839429347824881, -0.03807596925872127, 0.5593853427041156, -0.5203082242221471, -0.30648639744162, 0.21402437947619402, -0.22252128520454573, 0.5622788180758822, 0.0024016190171200352, 0.4832097615166353, 0.03814725654100039, -0.12141048617889968], [-0.5000454046799864, 0.13979440450182978, -0.40032348945376234, 0.09651920485815846, -0.07608843455451517, 0.44113368255267343, -0.6536379071303975, -0.6367476161236274, -0.32975584749109, -0.10028677527028969, 0.4399127845943301, 0.6598131151161328, -0.036791804778747605]], "inverted": true, "swapped": false, "error_lsq": 0.04001360858029549, "error_max": 0.1918664619623626, "target": "52.xyz", "model": "1.xyz", "model_rescale": 4.316132596720782, "target_rescale": 3.831095283869886},
{"mapping": [6, 0, 2, 10, 3, 8, 11, 9, 1, 7, 5, 12], "R": [[0.06911095124392612, 0.9883345250307801, 0.13571493304107038], [-0.6229041038995725, 0.1490134715863098, -0.7679749101571398], [-0.7792394713842661, -0.03146191217930988, 0.6259360944367972]], "T": [-0.04097523621064922, 0.09149837668883441, -0.04824871034867151], "aligned_model": [[-0.11497108589309846, 0.5016266359949113, 0.14500160112663005, -0.4701826986673958, -0.5644202623425173, -0.5450969545871486, -0.11977651989934818, -0.18352737226791777, 0.520555178623127, 0.08251024746235477, 0.3201137114287522, 0.025976073653431714], [-0.7009596018508812, -0.3982543026807344, -0.5484363324786232, 0.48065007399618326, -0.24279517665602618, -0.14577195857961933, 0.4625502425847191, 0.5723303228587557, -0.015671918696418388, -0.05114872821915535, 0.5918390729515637, 0.008444734511216467], [0.13649745296909965, 0.13401329467772638, -0.5036795550995308, -0.054417514086830904, -0.3267554434632921, 0.33165546356745956, -0.7168980571783606, 0.5382161620349067, -0.6642507396201585, 0.7206775026854293, -0.18250885692154664, 0.0367087516445188]], "inverted": true, "swapped": true, "error_lsq": 0.036476683518727904, "error_max": 0.17085369398935174, "target": "52.xyz", "model": "2.xyz", "model_rescale": 3.795458400668931, "target_rescale": 3.831095283869886},
{"mapping": [6, 3, 8, 5, 0, 4, 10, 2, 11, 1, 7, 12], "R": [[-0.7004248569110509, -0.6640652846587738, 0.2615765997412532], [0.5180489079307362, -0.7251196371820945, -0.4536814309233732], [0.490948417670233, -0.18226027950151294, 0.8519101136288528]], "T": [-0.012849201750242324, -0.019342764608934377, 0.15808680447871246], "aligned_model": [[-0.08917405145218732, -0.11410754826633401, -0.5953331522919574, 0.2585915905986555, 0.2839768159539359, -0.04209428763500667, -0.34868317940828614, 0.5315924507540791, 0.37217772260021675, 0.827507005456888, -0.47238449305311975, -0.018765047513319016], [-0.0166958824185456, -0.6206506487908002, -0.16057448240112032, 0.20067166825046093, 0.4643548876186091, 0.6263143275190166, -0.31006083491860953, -0.23674627349773836, -0.4918468170101251, -0.020816175832999873, 0.5718097182903064, 0.08000955848125528], [-0.6554017877675231, -0.14438377468868138, -0.1509910975896203, 0.6840767026557917, -0.33731688302304097, 0.4014272978116048, 0.530101167818497, -0.3967465684494992, 0.6265686787292035, 0.1658103484033698, -0.09922709004856059, 0.06485443678755913]], "inverted": false, "swapped": true, "error_lsq": 0.05305429492009706, "error_max": 0.3113072518791068, "target": "52.xyz", "model": "3.xyz", "model_rescale": 3.7530521520055578, "target_rescale": 3.831095283869886},
{"mapping": [3, 6, 8, 7, 10, 0, 11, 2, 1, 4, 12], "R": [[-0.9999606381048958, -0.0007700302877699885, -0.0088390776784487], [-0.005760778594348223, 0.8140266859896801, 0.580798904894496], [0.006748012361920548, 0.5808269635184088, -0.8139990803306528]], "T": [0.04406656416746712, -0.1268748077978793, 0.10739474161191666], "aligned_model": [[-0.34466905783583324, -0.30663078873748023, 0.22445165206244427, 0.5404051359934933, 0.3147886796964376, -0.1618046498171537, -0.2340705097451109, -0.7243904293320642, -0.5399111259631361, 0.5172773420123579, 0.0527533541112506], [-0.5770618953493886, 0.1255487288747686, -0.3657053976661373, 0.2912650878632199, -0.6329342064504596, 0.5719128348647998, -0.5445757187346609, 0.08690011292187999, 0.19241718733870472, 0.3314325148150437, -0.011995890163424935], [-0.22355703428285123, -0.5860675163237634, -0.496910040517497, -0.34609333108876167, 0.18682750993971414, -0.08445621840999189, 0.689757854823516, -0.016279034050583716, 0.6205058975366047, 0.31468417484436956, 0.034418514774560996]], "inverted": true, "swapped": true, "error_lsq": 0.04743629553635644, "error_max": 0.22685393653817146, "target": "52.xyz", "model": "4.xyz", "model_rescale": 3.7855080009869324, "target_rescale": 3.831095283869886},
{"mapping": [9, 2, 14, 13, 5, 0, 15, 10, 8, 7, 6, 1, 16], "R": [[0.5731631648720662, -0.7384746124587598, 0.3551608553708038], [0.07801506804192987, -0.38227319598995185, -0.9207501576356318], [0.8157190911044374, 0.5554479727044759, -0.16149276772115248]], "T": [-0.048071346556879974, 0.01164532396983281, 0.007013947812985338], "aligned_model": [[-0.26907790652766184, -0.4847648142729657, -0.6757227846271764, -0.338153338791511, 0.5614540959525895, 0.14607252480788202, -0.2850787084978652, 0.3556938334895722, 0.15715640128600536, 0.6930357706795933, 0.2622950127679793, -0.2166517427156033, -0.09198102786926307], [-0.426306789201605, -0.5797883050389407, -0.07873716120340696, 0.6731816574755272, -0.5204902567879424, -0.5596648493305196, 0.2483725707391491, -0.13119190866898883, 0.511325445236275, 0.12153152639984807, 0.511275454462695, -0.17904742575873905, -0.00943784351408283], [-0.5089977441743141, 0.07975159494501496, -0.2287445667629829, -0.04857162683034025, 0.027353644087121598, 0.501368806609313, -0.7460503440696199, -0.5825074499567848, -0.44410823285441525, -0.000384374487530835, 0.29006787159797776, 0.7199801912083469, -0.015661857171078025]], "inverted": true, "swapped": false, "error_lsq": 0.0384985507934016, "error_max": 0.1929986340876327, "target": "52.xyz", "model": "5.xyz", "model_rescale": 4.2253639853439635, "target_rescale": 3.831095283869886},
{"mapping": [0, 12, 9, 8, 3, 6, 1, 4, 10, 2, 5, 11, 13], "R": [[0.5240321361007622, 0.8426903126711298, -0.12354496049578789], [0.8512791802663955, -0.5136831283035944, 0.10702056316992067], [0.02672223004628055, -0.16125346702153862, -0.9865511855929662]], "T": [-0.04002944156033872, -0.041921581146501116, -0.09054908298197348], "aligned_model": [[-0.31511021212308654, -0.5722301760408369, -0.6185133564274529, -0.46383673517232615, 0.4349618339725363, 0.2702116534350034, -0.14421822593372613, 0.4231423648508395, 0.26638249887050086, 0.6071502857099473, 0.19584194446142794, -0.2743065151002923, 0.004801955179040668], [-0.6025708140496789, -0.6191922501818272, -0.03505337600146464, 0.5582848583299775, -0.5659669255929562, -0.3508996479126979, 0.24813576037569224, -0.08095846864074012, 0.6627174201457181, 0.11238314006589252, 0.36173318780153446, -0.024472675195147592, -0.08311809433503373], [-0.5936053985553721, 0.4142921963910159, -0.2852427281876818, -0.013060480652716838, -0.14317263122789226, 0.3806207222439386, -0.7566701063689704, -0.6242712123405882, -0.22511533063884598, -0.0038307708492059805, 0.3362632683064629, 0.6513158490021744, -0.09402746498160966]], "inverted": true, "swapped": false, "error_lsq": 0.039337378700347606, "error_max": 0.21106722242680498, "target": "52.xyz", "model": "6.xyz", "model_rescale": 3.89814844738969, "target_rescale": 3.831095283869886},
{"mapping": [6, 3, 8, 11, 1, 0, 9, 5, 10, 2, 4, 7, 12], "R": [[0.5052774885188271, 0.5425536451709563, -0.6710664659389672], [0.4608106316360408, 0.4878484633722926, 0.741388857858335], [0.7296219715491713, -0.6838416621536023, -0.0035156415771435945]], "T": [-0.04194987900579807, -0.015536055105179025, 0.024796029244093548], "aligned_model": [[-0.23216135637211716, -0.5074395192507223, -0.6876037507055288, -0.5100031603477976, 0.5933242925898632, 0.17710003655278414, -0.21602049096841716, 0.2884788806527573, 0.3264848512753688, 0.6485949497351328, 0.2102193445012375, -0.3406255078610769, 0.06392874588009126], [-0.5317757508753926, -0.640468522933211, -0.01477468928506187, 0.6444981762657158, -0.5254024790246288, -0.5026359399968214, 0.21473631101937998, -0.20306627526560006, 0.504450732001269, 0.1385580724917882, 0.4230271792023404, -0.038446434961718845, 0.11232173617120977], [-0.36851303678029645, 0.23730659874342047, -0.17723681609539446, -0.0001300307459919381, -0.20160973193896245, 0.2812355427763019, -0.820555932062539, -0.6521277887309581, -0.3395846148761503, 0.05562919094144014, 0.4242566163035185, 0.6092125440421344, -0.004386629435814252]], "inverted": false, "swapped": false, "error_lsq": 0.04547748276004098, "error_max": 0.25194727640160214, "target": "52.xyz", "model": "7.xyz", "model_rescale": 3.7474275329858107, "target_rescale": 3.831095283869886},
{"mapping": [11, 10, 7, 5, 1, 0, 9, 4, 8, 2, 3, 6, 14], "R": [[0.6938573437441189, -0.07694249293831083, -0.7159901111836631], [0.0696065649505017, -0.9824534271398002, 0.17303233691149583], [-0.7167404778915083, -0.1698973698492705, -0.6763268226753638]], "T": [0.027871122028848717, -0.18221152121670453, -0.1613176584257705], "aligned_model": [[-0.42944166373739107, -0.5289149832634538, -0.6328470440971029, -0.3036339704357434, 0.618646428638927, 0.08776242798540061, -0.4414409532389067, 0.5368116479265547, 0.22590968847979315, 0.8216770197901406, 0.1720938269141599, -0.3942373225063839, 0.0818922132255807], [-0.3638971569076585, -0.6095323700237119, -0.028573041168828528, 0.43135989543923864, -0.5081644246225778, -0.343023955242441, 0.2279489410525944, 0.09830479221613747, 0.4355013752978764, 0.08908397661022655, 0.3063865562750113, 0.03447201340315195, -0.188844487519751], [-0.5412325190829477, 0.12617057579704127, -0.10029017016224051, 0.001948854842409975, 0.1696522222445136, 0.4748942796581501, -0.5993302282080846, -0.6852603889245722, -0.3720825025866177, -0.09160076385871863, 0.3432675841760877, 0.5033708440131063, -0.18601187576741982]], "inverted": false, "swapped": false, "error_lsq": 0.05116777378546851, "error_max": 0.30025185081186667, "target": "52.xyz", "model": "8.xyz", "model_rescale": 4.019505241142653, "target_rescale": 3.831095283869886},
{"mapping": [11, 5, 6, 2, 8, 4, 10, 9, 1, 7, 0, 3, 12], "R": [[-0.4705389502880872, -0.6929296504288467, 0.5462980833009956], [-0.8043315719222512, 0.08225174031195648, -0.5884601716554274], [0.3628275329559014, -0.7162982275366951, -0.5960478425067266]], "T": [-0.060064368912520996, 0.0014760983290359464, -0.12600593144924344], "aligned_model": [[-0.13253344358851338, -0.4149712705426001, -0.7423574246228746, -0.41141515514016297, 0.4105323912214277, 0.2917048290039226, -0.3579020118037106, 0.35763691050378815, 0.13320588919419157, 0.7988190488107442, 0.29111411111839747, -0.3368656847821584, -0.07269087369087644], [-0.5386965265292918, -0.46885053608663474, -0.03498686655780027, 0.3592321486362204, -0.4779714786986792, -0.27819355393869744, 0.35518227680226877, -0.1473292219878565, 0.5856492732467697, -0.03507600072754638, 0.3127636774570929, -0.015736720608926003, -0.03496435619765116], [-0.4263578792742229, 0.1954884966152613, -0.3734094000748609, 0.18789755005817677, -0.19532866667936682, 0.5708713807376207, -0.9161732782845011, -0.6463161074498751, -0.40474166867799594, 0.15783770312841838, 0.3239049445193837, 0.6873485780598717, -0.11752574053720152]], "inverted": false, "swapped": false, "error_lsq": 0.048557828244623076, "error_max": 0.28260831764128214, "target": "52.xyz", "model": "9.xyz", "model_rescale": 3.877068213659057, "target_rescale": 3.831095283869886},
{"mapping": [12, 1, 0, 8, 3, 4, 11, 6, 9, 13, 2, 7, 15], "R": [[0.13460993823886866, -0.2227751673178298, 0.9655316614973539], [-0.6296642891550315, 0.7331463472467249, 0.25694224347443073], [-0.7651163620588812, -0.6425477868184573, -0.041584782847640694]], "T": [0.08874162619856657, -0.017083964906352216, -0.13641345138405986], "aligned_model": [[-0.1399720012487501, -0.5545728277701851, -0.6416646321901986, -0.5042990103943354, 0.342194651905993, 0.2137130270900747, -0.3788995220439994, 0.4678541061444414, 0.0633148992853447, 0.850620974284636, 0.32506359536130247, -0.23722972080702986, 0.008153776064281915], [-0.43027453645194513, -0.40328290695211017, -0.2167350474531897, 0.4365439576704413, -0.5970323114423389, -0.31718103447420726, 0.23343206155988505, -0.2247848527260295, 0.6422016726671357, 0.04334209555368638, 0.37697300211381024, 0.0792189727893462, -0.04139895804521572], [-0.7153425005077381, 0.29936573660116117, -0.3822023416500562, 0.058130751860976104, -0.08969277247042813, 0.45723170992105083, -0.64945219574714, -0.5762300539277273, -0.11794094350199383, -0.020107621173804643, 0.34236247907132805, 0.605715239975696, -0.16834157631061514]], "inverted": false, "swapped": false, "error_lsq": 0.04433224081123811, "error_max": 0.27978597137861627, "target": "52.xyz", "model": "10.xyz", "model_rescale": 4.260839863003843, "target_rescale": 3.831095283869886},
{"mapping": [9, 7, 0, 4, 1, 5, 10, 8, 6, 2, 3, 12], "R": [[-0.3314526284755953, -0.8956481102082237, 0.29656975192533924], [0.23852493293854193, -0.38367623877892865, -0.8921313805505997], [0.9128225520019122, -0.2249600108394662, 0.34080490325085433]], "T": [-0.016054719651176337, 0.15403767927384557, -0.07237221031849117], "aligned_model": [[0.3101136797178211, 0.2618583305151916, -0.32511797701000134, -0.272794338714609, -0.7776084135730748, -0.47024400226874413, 0.29329960699430235, 0.6375212537557621, 0.25802028735995786, -0.2934267685904629, 0.3584748148036544, -0.021197823895666504], [0.024088194258091417, -0.5371047912008253, -0.47670253319243616, -0.2315283959360447, 0.28204382763604485, 0.31750818306220346, 0.5527542921680777, 0.006012745720869128, -0.3253287357893563, 0.09076248099053325, 0.45094761257755756, 0.01962562523821995], [-0.7595321808414675, -0.34057139816391435, 0.19991551337766894, -0.5845894698963278, 0.25915573166880335, -0.47948560649736005, -0.3570142779634259, 0.0030609808375699626, 0.5298627181134434, 0.6829966175551022, 0.41227714221067185, -0.049897693005259994]], "inverted": true, "swapped": true, "error_lsq": 0.039791704020719416, "error_max": 0.23558594288821702, "target": "52.xyz", "model": "11.xyz", "model_rescale": 3.890672605050136, "target_rescale": 3.831095283869886},
{"mapping": [1, 3, 8, 5, 2, 4, 6, 11, 9, 10, 12, 7, 13], "R": [[0.047928070156477896, 0.9705207857285578, 0.2362039469608809], [-0.8438659929365335, -0.08717720787747393, 0.5294245181250358], [0.5344090999003613, -0.22469877368492824, 0.8148112511791766]], "T": [-0.05997093641105784, -0.049224007315040536, -0.21055661832132017], "aligned_model": [[-0.1135300987948896, -0.5744150707799346, -0.7770053647975921, -0.30474340218925844, 0.53384883652072, 0.18406044592354692, -0.28064323529301854, 0.4091392818057667, 0.12174926584513752, 0.7611258800645649, 0.23637856355215853, -0.3325192659392081, -0.049168520236418475], [-0.6431734153730583, -0.5633493897295074, -0.017603166276685817, 0.6182339302955322, -0.43986763049287103, -0.5330846410346677, 0.059891746033598176, -0.01891560408563589, 0.6813390051771921, 0.017297291451302987, 0.3177798312900796, 0.15585226820318537, -0.053378110649195065], [-0.7102103055713103, 0.3587284418837326, -0.1468950383962499, 0.10497233970402525, -0.1921237505998551, 0.23372326575789876, -0.7315708530777874, -0.4965271898028962, -0.40823279010649693, 0.1371723554881656, 0.3661732171005447, 0.5708685537632427, -0.04258233400230571]], "inverted": false, "swapped": false, "error_lsq": 0.044282498718879265, "error_max": 0.2518891797658078, "target": "52.xyz", "model": "12.xyz", "model_rescale": 4.124412569039231, "target_rescale": 3.831095283869886},
{"mapping": [5, 3, 0, 1, 10, 9, 4, 10, 2, 11, 8, 6, 12], "R": [[-0.6403688446932573, -0.34297166643401156, 0.6872395352202171], [-0.21041410017326886, -0.7821970764991739, -0.5864244537571904], [0.7386837274466634, -0.520132838359224, 0.4287285636225803]], "T": [-0.14745750605709448, -0.17464557196691802, -0.03111364110841798], "aligned_model": [[-0.28843904614860494, -0.640623701009051, -0.6854134092130155, -0.43105992187273723, 0.4788310916990174, 0.15374017474919713, -0.22411697906955017, 0.4788310916990174, 0.2732278376025461, 0.7887416755804275, 0.25740204849978776, -0.2908644975310488, -0.05597904930441061], [-0.5808187941737591, -0.4822423955171051, -0.1841828735310103, 0.577274635492856, -0.19008714048711478, -0.4512886274655258, 0.19128979872409038, -0.19008714048711478, 0.528911487910587, 0.15710696285117634, 0.2706937870349946, 0.06910673383983756, -0.13465431938264316], [-0.6547268208823467, 0.3823167327931263, -0.24855301089364834, 0.09946189360584097, -0.4211570009798942, 0.460200768329874, -0.7228439971173282, -0.4211570009798942, -0.29649415805608675, 0.032323014537176106, 0.3596007268206496, 0.5752130554787921, -0.10068829051555146]], "inverted": true, "swapped": false, "error_lsq": 0.04977865560064912, "error_max": 0.4464894257001795, "target": "52.xyz", "model": "13.xyz", "model_rescale": 3.9028299243045295, "target_rescale": 3.831095283869886},
{"mapping": [8, 13, 12, 1, 4, 10, 2, 3, 6, 7, 9, 14, 15], "R": [[0.7133274526170307, 0.6029555793451573, -0.35722334005415135], [0.7007192570362675, -0.6227067437600672, 0.3481793131337296], [-0.012508723413668932, -0.49867913593038954, -0.8666964008384256]], "T": [-0.053528779988733566, -0.06477321793082672, -0.182390918450274], "aligned_model": [[-0.47970330162519287, -0.45837314252170375, -0.7359685335308419, -0.3322835871138488, 0.42537477980607524, 0.2677949905391636, -0.2665204853673138, 0.45924401755626093, 0.22688257396490658, 0.7220997343503275, 0.2197958768678137, -0.24606868398984433, 0.012003076745773042], [-0.4839068063276112, -0.5458608303117801, -0.14148538098306332, 0.5172152549903613, -0.5403178230954253, -0.4188344056685669, 0.16282223911600333, 0.04959145636221064, 0.5372568232836732, 0.055628007433366294, 0.41711270500725306, -0.019477017369005145, -0.008722107628147083], [-0.6714813719894879, 0.30475085058016005, -0.07000090205148578, -0.25844307577871295, -0.24461617696652754, 0.38922460957573257, -0.8494625869592529, -0.5180607333128541, -0.24016257498175264, 0.26986112246513466, 0.3597576273303341, 0.6801212799358469, -0.10799215570642644]], "inverted": true, "swapped": false, "error_lsq": 0.04764366108949732, "error_max": 0.3003517026081094, "target": "52.xyz", "model": "14.xyz", "model_rescale": 3.942246331269136, "target_rescale": 3.831095283869886},
{"mapping": [8, 13, 11, 10, 0, 1, 6, 7, 9, 2, 5, 3, 14], "R": [[-0.4013564991144867, 0.17054561324676004, -0.899903969555002], [0.8656624705505318, 0.391622032774533, -0.3118664305851026], [0.29923477020378697, -0.9041827123141812, -0.30481498495523096]], "T": [-0.13141568299170495, -0.019001407243517086, 0.0012261299644501927], "aligned_model": [[-0.11958976286161901, -0.7485660518541615, -0.7224120117180645, -0.4899590212721997, 0.43632457806801683, 0.2977469838961202, -0.18923685252702227, 0.4129884412443148, 0.17891417253988054, 0.6278351816688478, 0.33959042571477016, -0.15319005450027412, -0.05616871271703425], [-0.5225498396862204, -0.5191160092280268, -0.09662852566164187, 0.5943454689123111, -0.45233811089956694, -0.34513388521016697, 0.0984488640949806, 0.015531349545686336, 0.6394723463906273, 0.025799933986526254, 0.2149326334043035, 0.008213436790073102, -0.07995554762961662], [-0.5862600827123791, 0.17425980761168014, -0.3972815795903503, -0.06398736655067268, -0.17372466341644754, 0.6062868277011986, -0.5425123507912365, -0.657113559217654, -0.3426779303097302, -0.06341815033689453, 0.3564833162063083, 0.7190932203859856, 0.014348423160900594]], "inverted": false, "swapped": false, "error_lsq": 0.04508539222104635, "error_max": 0.25161918180409776, "target": "52.xyz", "model": "15.xyz", "model_rescale": 4.355366556412066, "target_rescale": 3.831095283869886},
{"mapping": [6, 0, 2, 10, 3, 8, 11, 9, 1, 7, 5, 12], "R": [[0.06911095124392612, 0.9883345250307801, 0.13571493304107038], [-0.6229041038995725, 0.1490134715863098, -0.7679749101571398], [-0.7792394713842661, -0.03146191217930988, 0.6259360944367972]], "T": [-0.04097523621064922, 0.09149837668883441, -0.04824871034867151], "aligned_model": [[-0.11497108589309846, 0.5016266359949113, 0.14500160112663005, -0.4701826986673958, -0.5644202623425173, -0.5450969545871486, -0.11977651989934818, -0.18352737226791777, 0.520555178623127, 0.08251024746235477, 0.3201137114287522, 0.025976073653431714], [-0.7009596018508812, -0.3982543026807344, -0.5484363324786232, 0.48065007399618326, -0.24279517665602618, -0.14577195857961933, 0.4625502425847191, 0.5723303228587557, -0.015671918696418388, -0.05114872821915535, 0.5918390729515637, 0.008444734511216467], [0.13649745296909965, 0.13401329467772638, -0.5036795550995308, -0.054417514086830904, -0.3267554434632921, 0.33165546356745956, -0.7168980571783606, 0.5382161620349067, -0.6642507396201585, 0.7206775026854293, -0.18250885692154664, 0.0367087516445188]], "inverted": true, "swapped": true, "error_lsq": 0.036476683518727904, "error_max": 0.17085369398935174, "target": "52.xyz", "model": "16.xyz", "model_rescale": 3.795458400668931, "target_rescale": 3.831095283869886},
{"mapping": [6, 3, 8, 11, 1, 0, 9, 5, 10, 2, 4, 7, 12], "R": [[0.5052774885188271, 0.5425536451709563, -0.6710664659389672], [0.4608106316360408, 0.4878484633722926, 0.741388857858335], [0.7296219715491713, -0.6838416621536023, -0.0035156415771435945]], "T": [-0.04194987900579807, -0.015536055105179025, 0.024796029244093548], "aligned_model": [[-0.23216135637211716, -0.5074395192507223, -0.6876037507055288, -0.5100031603477976, 0.5933242925898632, 0.17710003655278414, -0.21602049096841716, 0.2884788806527573, 0.3264848512753688, 0.6485949497351328, 0.2102193445012375, -0.3406255078610769, 0.06392874588009126], [-0.5317757508753926, -0.640468522933211, -0.01477468928506187, 0.6444981762657158, -0.5254024790246288, -0.5026359399968214, 0.21473631101937998, -0.20306627526560006, 0.504450732001269, 0.1385580724917882, 0.4230271792023404, -0.038446434961718845, 0.11232173617120977], [-0.36851303678029645, 0.23730659874342047, -0.17723681609539446, -0.0001300307459919381, -0.20160973193896245, 0.2812355427763019, -0.820555932062539, -0.6521277887309581, -0.3395846148761503, 0.05562919094144014, 0.4242566163035185, 0.6092125440421344, -0.004386629435814252]], "inverted": false, "swapped": false, "error_lsq": 0.04547748276004098, "error_max": 0.25194727640160214, "target": "52.xyz", "model": "17.xyz", "model_rescale": 3.7474275329858107, "target_rescale": 3.831095283869886},
{"mapping": [1, 7, 11, 10, 6, 9, 3, 0, 8, 4, 5, 12, 13], "R": [[-0.5822721577697791, 0.7797780831439429, -0.23001146783254928], [0.8057675981507193, 0.5911565221502394, -0.03567273594293817], [0.10815596172447711, -0.20610702891360083, -0.9725338968775649]], "T": [-0.05900453370872724, -0.08588451020937005, -0.09906657364256438], "aligned_model": [[-0.3351127104448226, -0.5257230450252482, -0.7756735282644118, -0.33828124655171354, 0.5910786309365044, 0.2458128238825408, -0.34250386664944854, 0.49753428248214004, 0.2504909105076347, 0.7265954559387158, 0.14022995011840061, -0.3294025353776404, 0.009232194128923732], [-0.38898023938759807, -0.611932489224441, -0.023777212394502645, 0.5312633405377348, -0.468274627739975, -0.34250191860976537, 0.2656512520138583, -0.22740889859117233, 0.48951901288877797, 0.1549716575300059, 0.4002513691671588, -0.04480498974645499, -0.1529541416343579], [-0.6562161680093415, 0.1708716359627956, -0.16437275716858266, 0.033494425317544346, 0.06270019834755297, 0.4384816103121551, -0.6056629784951197, -0.7068311533499492, -0.3990295827524475, 0.01945255877260596, 0.3981229917218353, 0.596946585001362, -0.14446145351970213]], "inverted": true, "swapped": false, "error_lsq": 0.03618190838819121, "error_max": 0.19633895273633026, "target": "52.xyz", "model": "18.xyz", "model_rescale": 3.922800546911778, "target_rescale": 3.831095283869886},
{"mapping": [3, 5, 12, 13, 2, 1, 7, 9, 11, 10, 4, 8, 14], "R": [[0.7311393614075157, -0.3604503844814335, -0.5792329018001289], [0.3892618845020339, -0.4768548682059432, 0.7880892208006772], [-0.5602770916917238, -0.801676340548653, -0.20833776789143277]], "T": [-0.038392653123980866, -0.08937628690595145, 0.043940756715992596], "aligned_model": [[-0.23371990861726916, -0.5928262010826036, -0.7709217718570262, -0.3416996524954787, 0.5205277484763444, 0.23127048951828255, -0.23441034138395606, 0.44231729527015806, 0.1984289018941774, 0.7259515757720078, 0.25975212240425855, -0.33970559200737355, -0.05068735020994666], [-0.4112023343676658, -0.5780013196668616, -0.07369160784024326, 0.5257232150829858, -0.4514650673307462, -0.624417095683165, 0.1833199872497529, -0.1314498464472513, 0.4948031826581133, 0.1657109260221823, 0.5095067369177033, 0.03863788258772802, -0.06645254437326406], [-0.47319027312241835, 0.23468335406416876, -0.24201225623772213, 0.005584354311632275, -0.21993167942162747, 0.47867762699406047, -0.6809211797998296, -0.6117199383217785, -0.2875611455220407, 0.007759811216185193, 0.320194183288799, 0.5608677721561952, -0.04893471746491554]], "inverted": false, "swapped": false, "error_lsq": 0.03198655325673903, "error_max": 0.20390342096447764, "target": "52.xyz", "model": "19.xyz", "model_rescale": 3.9282355846067225, "target_rescale": 3.831095283869886},
{"mapping": [3, 8, 6, 7, 0, 11, 5, 1, 2, 10, 10, 9, 13], "R": [[-0.2134643276517858, -0.8924641872045384, 0.39741748247594005], [0.9759047466869876, -0.213615397577, 0.04447906599544876], [0.04519852004190311, 0.3973363014819603, 0.9165593037608962]], "T": [-0.1899248342370731, -0.0546543616814916, -0.025839820288497004], "aligned_model": [[-0.10762150557985475, -0.6748914395577479, -0.7437976266361622, -0.4324938807390767, 0.4290225199523704, 0.23819315794444182, -0.29614013101996794, 0.34249190936751683, 0.2233810427403405, 0.5559857199630734, 0.5559857199630734, -0.2348187097169791, -0.041019460999452334], [-0.49318285402971684, -0.468758280983283, -0.09174722003080152, 0.5184274891762727, -0.538518173580298, -0.4546101525237848, 0.14915193702443086, -0.04820537885599614, 0.560352478257164, 0.2805545016341252, 0.2805545016341252, -0.05902068628826333, -0.053976046624705745], [-0.6318711665341277, 0.38882500203288345, -0.37035847545331935, 0.0030604613047820403, -0.17742139065073764, 0.38660838429983535, -0.6852876617329178, -0.553088924656265, -0.38592460092283276, 0.2452446906650944, 0.2452446906650944, 0.6643705102569157, -0.08590560713369667]], "inverted": false, "swapped": false, "error_lsq": 0.047548714221141146, "error_max": 0.3626366720003819, "target": "52.xyz", "model": "20.xyz", "model_rescale": 4.067790424073018, "target_rescale": 3.831095283869886},
{"mapping": [5, 6, 4, 0, 10, 11, 8, 1, 7, 9, 12, 3, 14], "R": [[-0.7315897152633587, -0.48009355616188837, -0.48403167856320073], [-0.5193642325673715, -0.06744306553370871, 0.8518874496323566], [-0.4416302553614087, 0.874620837988238, -0.20000276824626545]], "T": [-0.10393718017306769, -0.08309151353481145, -0.06294965841010441], "aligned_model": [[-0.22799435958276953, -0.6196206935249717, -0.8197912784161359, -0.29368068989864454, 0.6591655546541484, 0.1157651807732504, -0.24759234043029352, 0.43041128892288233, 0.16985943391227926, 0.6231548219818395, 0.3748138171003622, -0.32128053764818654, -0.028932882162185397], [-0.39462866253202133, -0.5357126826764662, -0.16305804625065182, 0.5948411037200468, -0.38005199217294205, -0.4252840971731603, 0.1458176840868509, -0.07430550496058887, 0.4923972909173028, 0.18582104309506034, 0.1683096175793414, 0.06613853645805426, -0.09926217528155729], [-0.5487691124148666, 0.2141089888060576, -0.41456131693451814, 0.03119276826329595, -0.035101646274507126, 0.4397106267494389, -0.565076804560092, -0.6856049570360512, -0.45090842848040696, -0.11838571849778359, 0.4798291370323006, 0.7458996933182562, -0.048837317830415325]], "inverted": true, "swapped": false, "error_lsq": 0.04236408248712928, "error_max": 0.2545265626967151, "target": "52.xyz", "model": "21.xyz", "model_rescale": 4.186013935880536, "target_rescale": 3.831095283869886},
{"mapping": [4, 3, 6, 0, 11, 11, 7, 9, 1, 8, 2, 5, 12], "R": [[-0.08804243375508103, -0.9930637706776317, -0.0779286675492818], [0.24958040432222317, -0.09772878815521471, 0.9634099364985131], [-0.9643433784896529, 0.06537148715791524, 0.2564535377605947]], "T": [0.016328550088454467, -0.0022288739076105797, -0.1501476729612231], "aligned_model": [[-0.28007023115333896, -0.5748273732140677, -0.5358531285575676, -0.4149935617354789, 0.2665837661373189, 0.2665837661373189, -0.2838478957157795, 0.5522450275336471, 0.011394656135757419, 0.7135486056967222, 0.27769554632595533, -0.17673462769798937, -0.00744723421092262], [-0.5681684579570767, -0.5347640431862861, -0.06396377131092466, 0.5509448766171952, -0.5516989924505067, -0.5516989924505067, 0.13778656527316155, 0.06526367026516505, 0.6716348104718737, -0.021450916283995307, 0.4437763285098821, 0.04346813348366403, -0.040107096172377274], [-0.4958011098785533, 0.31812534842935747, -0.18386777419858757, 0.0223297997371959, 0.035381015873283905, 0.035381015873283905, -0.8048334892549677, -0.4562343370322904, -0.43476430546416783, 0.16794482592565846, 0.3813274963169937, 0.5976338252141048, -0.13912639940060334]], "inverted": true, "swapped": false, "error_lsq": 0.05469876727681369, "error_max": 0.40985981592216086, "target": "52.xyz", "model": "22.xyz", "model_rescale": 4.166573947596378, "target_rescale": 3.831095283869886},
{"mapping": [9, 8, 3, 2, 10, 7, 11, 14, 12, 13, 5, 0, 15], "R": [[-0.12246259494590492, 0.8070809059989277, 0.5776013538861082], [0.38823304219849963, 0.5745629107970661, -0.7205224260782593], [-0.9133882076009157, 0.13600688478291348, -0.38369794045216615]], "T": [-0.10854610705881446, 0.03639158977913233, -0.09406887377607753], "aligned_model": [[-0.20786463444122, -0.4850904421661035, -0.6792155186261959, -0.5371406983114981, 0.46218012318861385, 0.2311030699950199, -0.4209555673529462, 0.5143693753880785, 0.12841662538000032, 0.7218557562335701, 0.43302213539087314, -0.24763890551670908, -0.09876400347990871], [-0.37644299979751744, -0.639388794940482, 0.004143833272357886, 0.5486482685849658, -0.4433670974671823, -0.30014758891082177, 0.23707775933595182, -0.10965628194660997, 0.4112598985059027, -0.01806430378844219, 0.25753047894606856, -0.06632889401101648, 0.07575783702609389], [-0.5185127429151706, 0.14175812965653523, -0.2804103799352873, -0.012160323814221358, -0.02304489737844917, 0.4376918481502039, -0.7899271336923802, -0.5594977986535301, -0.5764626649640221, 0.061752947520032436, 0.49657773094565916, 0.7039646207998607, -0.03823342357852175]], "inverted": false, "swapped": false, "error_lsq": 0.04263028965495211, "error_max": 0.2675568215022428, "target": "52.xyz", "model": "23.xyz", "model_rescale": 4.274766983524099, "target_rescale": 3.831095283869886},
{"mapping": [4, 5, 1, 0, 2, 6, 7, 8, 9, 10, 12], "R": [[-0.887164839382707, -0.07770137180481938, -0.4548637648601008], [0.4614198586228724, -0.1376230013135578, -0.8764425957117198], [0.00550107548614584, -0.9874322287271659, 0.15794724384869158]], "T": [-0.020186450489172156, 0.24815481798045735, 0.09879844805218738], "aligned_model": [[0.3199747186732331, 0.2982208979987468, -0.4797942401855635, -0.49012496842097747, -0.8134175532781979, -0.6354061331481323, 0.14265218037705468, 0.02469712495762845, 0.6763058338822692, 0.4095495471721473, -0.07276270407013341], [-0.12036568772484368, 0.47165586765627426, 0.6405147385274338, -0.21645575321078436, 0.3846200645732216, -0.19168885105820888, -0.5264541600626162, -0.06939591039737064, -0.07452668150602976, 0.4915774990584184, 0.12610540538798926], [-0.37599199754228607, -0.3986107081004451, -0.48521760606080766, -0.2628487884204562, 0.03811299333543672, 0.40805314447203, 0.11637382116992667, 0.6920185588525539, 0.1777710141250606, 0.4017316323291128, 0.06817436986145156]], "inverted": true, "swapped": true, "error_lsq": 0.05802121421561752, "error_max": 0.33190321734633743, "target": "52.xyz", "model": "24.xyz", "model_rescale": 3.7841303162186577, "target_rescale": 3.831095283869886},
{"mapping": [4, 12, 3, 11, 8, 9, 6, 1, 7, 0, 10, 14, 15], "R": [[0.2258405624880287, -0.07353978380517007, 0.9713845482263861], [-0.8154107322808071, -0.5598567110187929, 0.1471930732354564], [0.5330116115211463, -0.8253195522493753, -0.1864034834935278]], "T": [-0.0029335250119223635, -0.07382703455052579, -0.037380775043269844], "aligned_model": [[-0.16755124443202407, -0.5105852639148631, -0.7244325432820022, -0.416914306167577, 0.47045693309983194, 0.07434277770550839, -0.2669835529126521, 0.47828829860934213, 0.22734711226598991, 0.6464434639565217, 0.2858456042895459, -0.24137025161163317, -0.04060971192441288], [-0.4624624323101835, -0.49833822846677667, -0.11597945615390841, 0.5726680612075752, -0.4171094228047896, -0.3833359442051702, 0.19896708816805347, -0.2721479718093258, 0.5192785967671231, 0.1778762671128814, 0.39375694901918507, -0.08055825181936582, -0.05159313989602936], [-0.6526594736177229, 0.33309441259654426, -0.3932799568650789, -0.04695016150031163, -0.12407829358939354, 0.4528980399271927, -0.6521062435402679, -0.5685405966776059, -0.171552673347018, -0.27462521329548795, 0.5132796811964762, 0.7191914822019031, -0.09117509134852103]], "inverted": true, "swapped": false, "error_lsq": 0.043116514401993114, "error_max": 0.33199084920886257, "target": "52.xyz", "model": "25.xyz", "model_rescale": 4.19342608120988, "target_rescale": 3.831095283869886},
{"mapping": [6, 0, 2, 10, 3, 8, 11, 9, 1, 7, 5, 12], "R": [[0.06911095124392612, 0.9883345250307801, 0.13571493304107038], [-0.6229041038995725, 0.1490134715863098, -0.7679749101571398], [-0.7792394713842661, -0.03146191217930988, 0.6259360944367972]], "T": [-0.04097523621064922, 0.09149837668883441, -0.04824871034867151], "aligned_model": [[-0.11497108589309846, 0.5016266359949113, 0.14500160112663005, -0.4701826986673958, -0.5644202623425173, -0.5450969545871486, -0.11977651989934818, -0.18352737226791777, 0.520555178623127, 0.08251024746235477, 0.3201137114287522, 0.025976073653431714], [-0.7009596018508812, -0.3982543026807344, -0.5484363324786232, 0.48065007399618326, -0.24279517665602618, -0.14577195857961933, 0.4625502425847191, 0.5723303228587557, -0.015671918696418388, -0.05114872821915535, 0.5918390729515637, 0.008444734511216467], [0.13649745296909965, 0.13401329467772638, -0.5036795550995308, -0.054417514086830904, -0.3267554434632921, 0.33165546356745956, -0.7168980571783606, 0.5382161620349067, -0.6642507396201585, 0.7206775026854293, -0.18250885692154664, 0.0367087516445188]], "inverted": true, "swapped": true, "error_lsq": 0.036476683518727904, "error_max": 0.17085369398935174, "target": "52.xyz", "model": "26.xyz", "model_rescale": 3.795458400668931, "target_rescale": 3.831095283869886},
{"mapping": [9, 1, 0, 7, 11, 8, 3, 4, 10, 11, 5, 6, 12], "R": [[-0.2503620102274815, 0.8971159668340017, 0.3640079750312466], [-0.9390272054932717, -0.13348533122342854, -0.31687469714647193], [-0.23568362518077324, -0.4211467777386712, 0.8758359552005062]], "T": [-0.06259705550678735, -0.1777686837861765, -0.10606119367403305], "aligned_model": [[-0.08967013786224835, -0.375312526937952, -0.862632067873307, -0.2904375956975297, 0.6426162669264415, 0.22419774535603848, -0.38168322104975516, 0.4497682518745088, 0.3236064776096325, 0.6426162669264415, 0.04203841971403702, -0.38854200880389006, -0.12228855450084236], [-0.46383996078337386, -0.5661863883697185, 0.012312455970993952, 0.6019826151241743, -0.28898336539793723, -0.3342937927028793, 0.16671416750329582, 0.046554451190413626, 0.4100383936970805, -0.28898336539793723, 0.35047440865304047, -0.038438452357676595, -0.026329052320207658], [-0.425129466625725, 0.2128336028417862, -0.22888762156816128, -0.12293421126506487, -0.14942080840958646, 0.5450918932286082, -0.6757910796502016, -0.7273695756736076, -0.2201493139066777, -0.14942080840958646, 0.420124249393142, 0.6392802943072118, -0.07473124212142876]], "inverted": false, "swapped": false, "error_lsq": 0.05931757938383243, "error_max": 0.4317610582901537, "target": "52.xyz", "model": "27.xyz", "model_rescale": 3.6321398670334006, "target_rescale": 3.831095283869886},
{"mapping": [0, 3, 8, 12, 2, 1, 10, 11, 9, 13, 6, 4, 14], "R": [[-0.09726184820721977, -0.5756885207923976, -0.811863818574998], [0.8238288436166026, 0.4111316316877007, -0.3902266237087624], [0.5584318842156553, -0.7067909934723773, 0.4342813860133576]], "T": [-0.11860897616957022, -0.05234419188819764, -0.08537154063903074], "aligned_model": [[-0.20667748032070676, -0.5402325735317107, -0.5893464569974025, -0.5149784675569021, 0.47066864632711525, 0.1558505794552626, -0.21130223189174357, 0.36518596484256866, 0.16047070454220336, 0.6616699398129743, 0.18604768354034107, -0.06073923870744685, -0.062339753832977546], [-0.5027080204397065, -0.5656480687831463, 0.0930689221988957, 0.64601688269235, -0.5856728932840372, -0.473305599100702, 0.07173497765193357, -0.12794438693918228, 0.48615115149571875, 0.16104851451158672, 0.49800639256033763, -0.05318300093354897, -0.06654275682123026], [-0.5082522031537107, 0.08873403673939748, -0.24122681385724204, 0.1113332296844165, -0.12727671483621888, 0.3559114095303498, -0.8473977560847078, -0.5010070804789575, -0.3659236003140248, 0.02465435650582609, 0.37092440612394595, 0.7411377710111655, -0.05811512872953108]], "inverted": false, "swapped": false, "error_lsq": 0.04505387816365988, "error_max": 0.26416274839978626, "target": "52.xyz", "model": "28.xyz", "model_rescale": 4.156811204709835, "target_rescale": 3.831095283869886},
