[{"mapping": [11, 7, 6, 2, 9, 0, 12, 5, 3, 1, 13], "R": [[0.7070520950256016, 0.3353296649310976, 0.6226004744112436], [0.4651382463609039, 0.44263244268592183, -0.7666308971429452], [-0.532657250670833, 0.8316432747873885, 0.15698954362854037]], "T": [-0.037658202784834484, -0.009912705700950555, -0.038479147428080694], "aligned_model": [[-0.3763172102755279, -0.4978678253906141, 0.48953515923691376, 0.24431772916581648, -0.6191499309821986, -0.0921174748109955, -0.4564204713058216, 0.33653729945325406, 0.46035278042854183, 0.10920550975856744, -0.1563027651323957], [-0.4696061062923369, 0.318410412799559, 0.15211227751401052, 0.704026236009682, 0.4277879766162916, 0.4519523629305145, -0.1402649026497635, -0.6383934112404482, 0.14297375458516431, -0.2223113406924388, 0.02266532875013396], [-0.439794353894801, -0.5402814148548184, -0.5679707413576262, 0.006676214594248463, 0.04535792373551554, 0.5772539771064528, 0.3393650998317928, -0.23184664550094003, 0.004077833876527201, 0.47762353926778733, -0.14525930359980968]], "inverted": true, "swapped": false, "error_lsq": 0.05254968935464374, "error_max": 0.3097486902874471, "target": "520.xyz", "model": "0.xyz", "model_rescale": 3.8414455957264533, "target_rescale": 3.8273141304419047},
{"mapping": [11, 13, 0, 7, 9, 6, 8, 1, 4, 10, 14], "R": [[0.5706983328854643, 0.7634529927131071, 0.3023953385208715], [-0.06416464860166526, 0.40858800867380435, -0.91046072789429], [-0.8186490766571333, 0.5001953289319843, 0.282167188388458]], "T": [0.02553089553069894, 0.09007416375939245, 0.05502194389505954], "aligned_model": [[-0.206412029307165, -0.5358539560101223, 0.2597207815334754, 0.1451011865232935, -0.35558321842046087, -0.09281227917054755, -0.7367685901919174, 0.4683472934779305, 0.5445621719287905, -0.10459100571637318, 0.0560624454986368], [-0.5210779705219136, 0.1628611752774429, 0.18455919269899948, 0.6532534418810958, 0.6557459482207114, 0.328909799520283, 0.011175367573985462, -0.5675789429080542, 0.21678048223982008, -0.38102980082675053, 0.005753895174748017], [-0.4917512728146065, -0.4493549985340042, -0.6244963017079965, -0.23043741983537602, 0.03837428925511171, 0.7891742481725604, 0.24731565551376913, -0.2912495105571331, -0.046807707120227644, 0.5340946375204169, 0.05034050931181445]], "inverted": true, "swapped": false, "error_lsq": 0.04640133338564211, "error_max": 0.20664316241072314, "target": "520.xyz", "model": "1.xyz", "model_rescale": 4.316132596720782, "target_rescale": 3.8273141304419047},
{"mapping": [9, 1, 0, 2, 8, 6, 10, 5, 4, 3, 11], "R": [[0.8756610705037842, 0.45717803018868336, 0.15558257716390356], [-0.3705271280474391, 0.42941419541704157, 0.8235976542919797], [0.3097213860634801, -0.7788399691124809, 0.545418156580606]], "T": [-0.10937998181934201, -0.03401759264846531, -0.05774052015821743], "aligned_model": [[-0.40620755296896666, -0.3778619002921715, 0.3605158931036114, 0.1008340706363519, -0.5387256926923676, -0.03422452198103611, -0.6575201196065019, 0.2977235554875805, 0.573115269992334, 0.1590948635464689, -0.03497106507976215], [-0.5070197622899894, 0.18513695603679747, 0.06750743252308565, 0.7470266760343826, 0.5892960673375466, 0.31281263427474265, -0.018835789247080723, -0.5001096389766542, 0.23681769207227887, -0.37953069933889755, 0.01625101990415609], [-0.545709623434068, -0.47545574210795083, -0.5800475128174705, -0.2733914052777361, 0.061332808688632084, 0.6839847750477629, 0.2529807388207014, -0.23880624352625482, 0.1771599075584928, 0.4317070861798269, 0.031447340072393054]], "inverted": true, "swapped": false, "error_lsq": 0.04845242201144163, "error_max": 0.22691806428919897, "target": "520.xyz", "model": "2.xyz", "model_rescale": 3.795458400668931, "target_rescale": 3.8273141304419047},
{"mapping": [1, 6, 10, 5, 3, 9, 8, 0, 4, 7, 11], "R": [[0.04551185838107895, 0.7085117717655844, -0.7042298914532764], [0.01995338568198035, 0.7041749853886831, 0.709746047789401], [0.9987645033472742, -0.0463536322464681, 0.017911103568246114]], "T": [-0.0293030869665697, 0.014305577172273591, -0.165867681942961], "aligned_model": [[-0.3562907235077285, -0.5619636166380785, 0.45805095984810007, 0.1375918431639555, -0.527115175795499, -0.1309101749779026, -0.7325163720123543, 0.43448092761209134, 0.5916047035907342, 0.06507473961863197, 0.06376568924359022], [-0.5038516740149784, 0.19107284127575508, 0.3027701512999073, 0.6902860841008995, 0.5979079001928982, 0.4352710215314357, -0.012585535257716725, -0.605796048749395, 0.09064878366311979, -0.36233694946445855, -0.07403398624709912], [-0.31030102487647326, -0.34565197239221496, -0.6330774398963782, -0.07088846264490031, 0.05472578649316032, 0.5871387835861365, 0.1737363239797153, -0.2780563869285546, -0.025867811330378798, 0.49180665205048624, -0.11836231883626919]], "inverted": false, "swapped": false, "error_lsq": 0.04033609855257069, "error_max": 0.19363289506468528, "target": "520.xyz", "model": "3.xyz", "model_rescale": 3.7530521520055578, "target_rescale": 3.8273141304419047},
{"mapping": [6, 4, 9, 3, 2, 1, 0, 8, 5, 7, 10], "R": [[-0.029911637516372158, 0.9778737754486251, 0.20704630697247722], [0.7289649695778664, 0.16306636796737817, -0.6648454202040261], [-0.6838971904236993, 0.13104288964983848, -0.7177133090606519]], "T": [-0.006930467227712553, 0.12548920230281307, -0.07190510976936877], "aligned_model": [[-0.3360912059529892, -0.6329867940074606, 0.30947679644412635, 0.2355113122868328, -0.43399094101707647, -0.09269487739449357, -0.6785103122083546, 0.3795413040782014, 0.6460537913017328, 0.1322637173517417, -0.08679999073671998], [-0.44852198199582366, 0.1217325344500573, 0.14843067739711502, 0.8401854550798231, 0.6471849177388493, 0.48419055524181875, -0.2532164993937627, -0.6830970530697624, 0.13789566365840597, -0.3377697877866482, 0.09233810701029543], [-0.4012983565456582, -0.4562880796799303, -0.5154407916027506, -0.17437966713275416, 0.010611041676855879, 0.6273113632618542, 0.22098205124696757, -0.2676276931886706, 0.22978575820560554, 0.2818844147137062, -0.03033791175089677]], "inverted": false, "swapped": false, "error_lsq": 0.04224214227216198, "error_max": 0.20224172770197624, "target": "520.xyz", "model": "4.xyz", "model_rescale": 3.7855080009869324, "target_rescale": 3.8273141304419047},
{"mapping": [5, 10, 6, 13, 15, 14, 9, 0, 12, 2, 16], "R": [[0.6097006194660388, 0.5754592776327404, -0.545079603736127], [-0.4301283775381589, -0.33741451326134747, -0.8373416417908518], [-0.6657737855000898, 0.7449819232887552, 0.041799527675175974]], "T": [0.0330064469828185, 0.07041308023619908, -0.1595926637100004], "aligned_model": [[-0.2879264586582718, -0.6562265832673007, 0.3702654033900749, 0.2787139335882094, -0.5067522390518867, -0.04123700823847533, -0.5188067929689976, 0.2399317737929751, 0.5249665813448632, 0.02148983393619476, 0.01735435627815551], [-0.5784920376085212, 0.06525639465168381, 0.29773010372397213, 0.7514816039491512, 0.6489013163807107, 0.2721304514908163, -0.03590958790503154, -0.6810529169339641, 0.27769071396632916, -0.3426119602444183, 0.07422850685963993], [-0.5215698214575578, -0.39601498220025066, -0.670141814353413, -0.1342720020101144, 0.07134028798454689, 0.4818864162480291, 0.2775705297341087, -0.1904900348291685, 0.2623984164846762, 0.4528315121180039, -0.10833637851453096]], "inverted": true, "swapped": false, "error_lsq": 0.04410738715854293, "error_max": 0.2736910563211198, "target": "520.xyz", "model": "5.xyz", "model_rescale": 4.2253639853439635, "target_rescale": 3.8273141304419047},
{"mapping": [11, 5, 3, 4, 10, 1, 8, 12, 0, 9, 13], "R": [[0.8102311467923418, -0.4963342104189636, -0.3117336047578936], [-0.581007845839288, -0.6101231182137858, -0.5386832684372855], [0.07717105571881684, 0.6175776325198887, -0.7827148241667412]], "T": [-0.04257999231170087, 0.0857722804427654, -0.10963200865777514], "aligned_model": [[-0.3515675843840642, -0.5956835138471421, 0.4352323973687836, 0.19063890028726313, -0.643410850022164, -0.029650197493358205, -0.6022710175638635, 0.30077478002023417, 0.6865566937959587, 0.05677656502823321, -0.005623373044340137], [-0.541976236547381, 0.09738101442293794, 0.3501576788086469, 0.752645745592824, 0.5671721897655966, 0.4858897100934244, -0.13720390112851716, -0.7624726239721906, 0.054015618046646605, -0.22804216883521627, 0.11178556208359666], [-0.4502377281857698, -0.4173380342912618, -0.5621860431078958, -0.06720510893375445, 0.01594220093965032, 0.5055465384762841, 0.3180272649500403, -0.29383799911405317, 0.222653797075781, 0.4044158426394524, -0.15057860124414435]], "inverted": false, "swapped": false, "error_lsq": 0.044086667559034384, "error_max": 0.21563494133514655, "target": "520.xyz", "model": "6.xyz", "model_rescale": 3.89814844738969, "target_rescale": 3.8273141304419047},
{"mapping": [2, 4, 7, 8, 11, 9, 10, 1, 6, 5, 12], "R": [[-0.6343498143315297, -0.595488965783375, -0.4929434092142837], [-0.26332254893401996, -0.43308130739890915, 0.8620335355451912], [-0.7268160346885895, 0.6766339282151749, 0.11791937460679247]], "T": [0.03508348347264459, 0.11138353993345719, -0.20336311327392517], "aligned_model": [[-0.32871227646852375, -0.48120485167939264, 0.11874792956123341, 0.24721423081934676, -0.4430632790629865, -0.0832801002545803, -0.5536290672612363, 0.33206223507966504, 0.6053189039480974, 0.14602879842117994, -0.11770972295726242], [-0.49187760244974166, 0.047463057434361314, 0.4460867174030467, 0.7023241238487526, 0.7541683197690187, 0.26133352160703577, -0.11477757021210348, -0.6690376380295112, 0.09347572290460772, -0.3272138227056816, 0.04740775876058284], [-0.2760025217263087, -0.5839630545341603, -0.7621553134686007, 0.04858240588986776, -0.08698541132267706, 0.6692484521307259, 0.17236597519043875, -0.07091305432841538, 0.15979900803310662, 0.42743011322885693, -0.1722044698885051]], "inverted": false, "swapped": false, "error_lsq": 0.05122747636295812, "error_max": 0.2825881959112049, "target": "520.xyz", "model": "7.xyz", "model_rescale": 3.7474275329858107, "target_rescale": 3.8273141304419047},
{"mapping": [13, 12, 1, 0, 10, 7, 11, 4, 3, 9, 14], "R": [[-0.10611523166601805, 0.8168827662019074, 0.5669586438981132], [0.8702945945419609, -0.19949301665573665, 0.4503219459638164], [0.4809645270906283, 0.5412070607336108, -0.6897594081218281]], "T": [0.0371002506451763, 0.07600667716718815, -0.03624795297996383], "aligned_model": [[-0.35853180442719335, -0.47362879952660253, 0.27319524680338897, 0.238978827983224, -0.4408210867885388, -0.18469142391740526, -0.5097944602865466, 0.27906797211671786, 0.6882648475973576, -0.12092921971634182, 0.050662700307480435], [-0.5753711466974061, 0.07858512626490588, 0.3057374798641397, 0.6810799908252916, 0.6413296827716394, 0.27529221961989747, -0.06731175210892623, -0.6375077084313272, 0.3210967034785204, -0.31368310718290726, 0.040105099926540266], [-0.5130015961429797, -0.3823574843572993, -0.7117364659327162, -0.20160986739114248, 0.1288715620634769, 0.576101095837843, 0.22229790093110105, -0.24737514013351236, 0.13710164656796184, 0.5989756285713141, -0.0820651508097183]], "inverted": true, "swapped": false, "error_lsq": 0.04386916671131886, "error_max": 0.2512999346066042, "target": "520.xyz", "model": "8.xyz", "model_rescale": 4.019505241142653, "target_rescale": 3.8273141304419047},
{"mapping": [6, 5, 2, 0, 4, 7, 8, 10, 1, 9, 12], "R": [[-0.9010107988223498, 0.22232372955658172, -0.3724938921399425], [-0.016033011920788293, -0.8751635384048245, -0.48356149926921965], [-0.43350026866688224, -0.4297219337231921, 0.7920963178445798]], "T": [-0.06283021998998312, 0.02171326691395535, -0.11680599284097568], "aligned_model": [[-0.07787952631714817, -0.6238657591593684, 0.1751531200107935, 0.14117397631118284, -0.4926364195564897, -0.11593296734455044, -0.47458804810333316, 0.46643677335553607, 0.585718988956464, -0.04083576358192664, -0.10097157442561938], [-0.4501362813688229, 0.08385265712555424, 0.2649010705195103, 0.6238398726696944, 0.7153673658543882, 0.5720064493208893, 0.015194333218577757, -0.7212099115929348, -0.032418224997259035, -0.33883596849978526, 0.016791226080555617], [-0.6692490760009574, -0.47998988443723745, -0.6007437825167138, 0.01910543641969445, 0.030521170575868894, 0.600091141827271, 0.4184975900696508, -0.19504510588555343, 0.06418850245918631, 0.4635909008105358, -0.12576476411741627]], "inverted": false, "swapped": false, "error_lsq": 0.050591027074651636, "error_max": 0.31820508134567604, "target": "520.xyz", "model": "9.xyz", "model_rescale": 3.877068213659057, "target_rescale": 3.8273141304419047},
{"mapping": [11, 8, 1, 4, 2, 13, 14, 12, 3, 6, 15], "R": [[-0.6171251035214922, 0.7430093174557377, 0.2590246335342387], [0.7300275547738106, 0.6634763241662311, -0.16388696269635744], [-0.2936262520187162, 0.0879563610253701, -0.9518651704315146]], "T": [-0.06721887318567236, 0.050688247896472055, -0.06258920296098182], "aligned_model": [[-0.3252182481112048, -0.516781559769393, 0.32687618022903286, 0.24216072428236352, -0.4539106130670288, -0.1269179309143032, -0.6439899013835277, 0.3369883237853806, 0.5130222789075009, 0.13284101107742957, -0.04329746489070921], [-0.5444095571608963, 0.12471043398002346, 0.33730930563647465, 0.6526640021934708, 0.5741111250843302, 0.32366939036298525, 0.012115203342262695, -0.5694029959936848, 0.14013893900942337, -0.3038964644554415, 0.002343206331420343], [-0.41465482357401623, -0.6852745509555668, -0.7805335380855773, -0.06222089053021754, 0.06723124185961953, 0.6582129989832564, 0.4621667859557653, -0.1640712549755738, 0.1784089754662161, 0.4006065435650337, -0.1346693585046106]], "inverted": true, "swapped": false, "error_lsq": 0.040867277456794665, "error_max": 0.22406230503937466, "target": "520.xyz", "model": "10.xyz", "model_rescale": 4.260839863003843, "target_rescale": 3.8273141304419047},
{"mapping": [7, 8, 1, 2, 9, 4, 10, 0, 3, 5, 11], "R": [[-0.36027886151200955, -0.4221031493265608, -0.8318822472418858], [-0.6208581775737303, -0.5570716871329868, 0.5515489631344026], [-0.696228601313848, 0.7151923284847281, -0.061365038818173845]], "T": [-0.08052529650318092, 0.027652567641660672, -0.032443497929923154], "aligned_model": [[-0.2706215109767175, -0.5068315702597037, 0.3419973010666341, 0.20648549813526568, -0.6384524606639427, -0.14634220005328846, -0.6233855940318275, 0.35436097129226907, 0.6174170191601601, 0.16841392796020827, -0.06126858148351693], [-0.4345803564957524, 0.36748810410372346, 0.11816117113465459, 0.6412998751305522, 0.5619901254717664, 0.43762784290963264, -0.16943572581494748, -0.6966931267815125, 0.09673062463530833, -0.1728939121502509, -0.0003420338128063069], [-0.4564833337572346, -0.4997637052526046, -0.6125671833435562, -0.1393028069024716, 0.1648732903596198, 0.5706247133673129, 0.21208194858162516, -0.26957535683669975, 0.07681682177143274, 0.5628894124778053, -0.08439167126090073]], "inverted": false, "swapped": false, "error_lsq": 0.04424028612334468, "error_max": 0.2569273089213964, "target": "520.xyz", "model": "11.xyz", "model_rescale": 3.890672605050136, "target_rescale": 3.8273141304419047},
{"mapping": [7, 12, 9, 11, 10, 2, 4, 8, 6, 0, 13], "R": [[-0.6468776977996913, -0.2391835466142518, -0.7241135788799985], [-0.3634051003510511, 0.9314767385257765, 0.016965218071843674], [0.6704371537498607, 0.27412098900742854, -0.6894720489311916]], "T": [0.10196379225956206, 0.022907860376901214, -0.011335819890215558], "aligned_model": [[-0.43129136710318106, -0.4680654665228523, 0.3313701191678688, 0.15606270916215556, -0.5490240852580629, -0.2437456838733079, -0.4845530994174041, 0.3629326398310131, 0.6773006218890154, 0.14242258334112076, -0.051636171070825077], [-0.47625677055749094, 0.14813750033710713, 0.43305644078160577, 0.5592450438475705, 0.6342734702272311, 0.4530013318603494, -0.04632323470634354, -0.633083044104621, 0.0549884835255204, -0.3437842071212256, -0.033902425759335615], [-0.4511514363859798, -0.4744948942399267, -0.6317963707617809, 0.09901768803757169, -0.05591584748098873, 0.43707102390896335, 0.36584057793486885, -0.15542690106069015, -0.007248029303220847, 0.44974394935300754, -0.05043763079749566]], "inverted": false, "swapped": false, "error_lsq": 0.04807132788630331, "error_max": 0.241501417174185, "target": "520.xyz", "model": "12.xyz", "model_rescale": 4.124412569039231, "target_rescale": 3.8273141304419047},
{"mapping": [2, 8, 10, 7, 9, 3, 6, 4, 5, 0, 12], "R": [[-0.476021542063664, 0.8636100309489987, -0.16607590413904405], [0.22401332655678435, 0.30168753030859424, 0.9267160641648902], [0.8504243182178499, 0.4039335941718275, -0.3370699192795681]], "T": [-0.07212280003420503, 0.077718611008075, 0.03477843062508044], "aligned_model": [[-0.22135911717514495, -0.6684013193104023, 0.20931195616336867, 0.27461642249263485, -0.40011152644588227, -0.23359612509119276, -0.7022283020738113, 0.3642665811587449, 0.6806902282818156, 0.1788011913257631, -0.040217189180353115], [-0.44747713662029376, 0.02607218420610352, 0.17640034914182226, 0.5876124211903788, 0.623243418171277, 0.30745235516758834, 0.06640765139538742, -0.5353945244936772, 0.10536619464465986, -0.21242799728331205, 0.05209767281043338], [-0.631774989565836, -0.36105069279412516, -0.640251987104688, -0.078614198832479, -0.024105795758471375, 0.6904476672493242, 0.2593935086499883, -0.19310936370969978, 0.11386088499349734, 0.4702316309245069, -0.07982453484768845]], "inverted": true, "swapped": false, "error_lsq": 0.047750975210735194, "error_max": 0.22844987563552024, "target": "520.xyz", "model": "13.xyz", "model_rescale": 3.9028299243045295, "target_rescale": 3.8273141304419047},
{"mapping": [12, 5, 2, 3, 4, 7, 10, 11, 6, 9, 15], "R": [[-0.6792382243074464, 0.3865856455988638, -0.6238485178763968], [-0.3258825994364775, -0.9204990550396257, -0.21559689481919797], [-0.6575986359658843, 0.05685972465696266, 0.7512196787143843]], "T": [-0.07497368662364395, 0.06585081121463178, -0.204128516654579], "aligned_model": [[-0.20616953380718975, -0.5446713085651615, 0.36923650231927446, 0.16611520432045535, -0.48322243331036135, -0.10155346828681022, -0.6001737300097947, 0.18397671699823953, 0.5158615555967565, 0.18964452628298034, -0.0472712313928484], [-0.47135283707059916, 0.08312691787728978, 0.28670109662884785, 0.6174785985128576, 0.5748328594129771, 0.29047649359035616, 0.018128221531110142, -0.6168304006016082, 0.14020578876781997, -0.2223446892242124, 0.0489305389055287], [-0.6265503187809792, -0.407075587922475, -0.7482353343177475, -0.04204095950734291, -0.020734107461577445, 0.6730628956729408, 0.3224073994138864, -0.0912226273701858, 0.09552681220286438, 0.46502468806656017, -0.09496073079161511]], "inverted": false, "swapped": false, "error_lsq": 0.04587165220609777, "error_max": 0.28177634087379844, "target": "520.xyz", "model": "14.xyz", "model_rescale": 3.942246331269136, "target_rescale": 3.8273141304419047},
{"mapping": [0, 12, 3, 4, 13, 11, 8, 2, 10, 6, 14], "R": [[-0.86042454197477, -0.22586689214875022, 0.45678633363813825], [-0.497422527677171, 0.5669013191316827, -0.6566534271029218], [-0.11063650630222266, -0.7922165369378646, -0.6001270882699892]], "T": [0.07213310690801954, 0.011722630739851844, -0.06412481234678713], "aligned_model": [[-0.325183248473791, -0.4886343606228558, 0.23459258353222767, 0.2385496720016836, -0.4468836746280941, -0.14192575895572906, -0.5310493985609644, 0.1825552138976571, 0.6206756184837844, 0.0760488520766279, 0.023027301394994627], [-0.5743523682003285, 0.2962527008329601, 0.36227645257225144, 0.5737150977088314, 0.6372046358527337, 0.3519699360511091, -0.2716739897765366, -0.6915719336057247, 0.30209082086743566, -0.1873396750203991, -0.04921908895196461], [-0.2625518574581834, -0.5862921655340274, -0.6701502795957579, -0.05255023437817871, -0.04613347362007825, 0.5296104803806234, 0.32919204066594693, -0.3395002518642235, 0.28771029562191086, 0.458511059655516, -0.12264348466921904]], "inverted": true, "swapped": false, "error_lsq": 0.048102244837329694, "error_max": 0.2090237414079157, "target": "520.xyz", "model": "15.xyz", "model_rescale": 4.355366556412066, "target_rescale": 3.8273141304419047},
{"mapping": [9, 1, 0, 2, 8, 6, 10, 5, 4, 3, 11], "R": [[0.8756610705037842, 0.45717803018868336, 0.15558257716390356], [-0.3705271280474391, 0.42941419541704157, 0.8235976542919797], [0.3097213860634801, -0.7788399691124809, 0.545418156580606]], "T": [-0.10937998181934201, -0.03401759264846531, -0.05774052015821743], "aligned_model": [[-0.40620755296896666, -0.3778619002921715, 0.3605158931036114, 0.1008340706363519, -0.5387256926923676, -0.03422452198103611, -0.6575201196065019, 0.2977235554875805, 0.573115269992334, 0.1590948635464689, -0.03497106507976215], [-0.5070197622899894, 0.18513695603679747, 0.06750743252308565, 0.7470266760343826, 0.5892960673375466, 0.31281263427474265, -0.018835789247080723, -0.5001096389766542, 0.23681769207227887, -0.37953069933889755, 0.01625101990415609], [-0.545709623434068, -0.47545574210795083, -0.5800475128174705, -0.2733914052777361, 0.061332808688632084, 0.6839847750477629, 0.2529807388207014, -0.23880624352625482, 0.1771599075584928, 0.4317070861798269, 0.031447340072393054]], "inverted": true, "swapped": false, "error_lsq": 0.04845242201144163, "error_max": 0.22691806428919897, "target": "520.xyz", "model": "16.xyz", "model_rescale": 3.795458400668931, "target_rescale": 3.8273141304419047},
{"mapping": [2, 4, 7, 8, 11, 9, 10, 1, 6, 5, 12], "R": [[-0.6343498143315297, -0.595488965783375, -0.4929434092142837], [-0.26332254893401996, -0.43308130739890915, 0.8620335355451912], [-0.7268160346885895, 0.6766339282151749, 0.11791937460679247]], "T": [0.03508348347264459, 0.11138353993345719, -0.20336311327392517], "aligned_model": [[-0.32871227646852375, -0.48120485167939264, 0.11874792956123341, 0.24721423081934676, -0.4430632790629865, -0.0832801002545803, -0.5536290672612363, 0.33206223507966504, 0.6053189039480974, 0.14602879842117994, -0.11770972295726242], [-0.49187760244974166, 0.047463057434361314, 0.4460867174030467, 0.7023241238487526, 0.7541683197690187, 0.26133352160703577, -0.11477757021210348, -0.6690376380295112, 0.09347572290460772, -0.3272138227056816, 0.04740775876058284], [-0.2760025217263087, -0.5839630545341603, -0.7621553134686007, 0.04858240588986776, -0.08698541132267706, 0.6692484521307259, 0.17236597519043875, -0.07091305432841538, 0.15979900803310662, 0.42743011322885693, -0.1722044698885051]], "inverted": false, "swapped": false, "error_lsq": 0.05122747636295812, "error_max": 0.2825881959112049, "target": "520.xyz", "model": "17.xyz", "model_rescale": 3.7474275329858107, "target_rescale": 3.8273141304419047},
{"mapping": [11, 3, 1, 0, 8, 4, 5, 7, 2, 9, 13], "R": [[-0.903667372163537, -0.4024541520337854, 0.14634184636601524], [-0.2632248506942801, 0.7915726135555444, 0.5514757251645978], [-0.3377838931388256, 0.4598298087114533, -0.821254277648748]], "T": [-0.09397635788442256, -0.025286601364693143, -0.039283703180994], "aligned_model": [[-0.2721048616990017, -0.4064840931229724, 0.23860939982781793, 0.23842055174181637, -0.550421367391121, -0.20615281363865, -0.6086618838457579, 0.2911528386719663, 0.6016367445649886, 0.1252856757448757, -0.009507390708421368], [-0.42438013725016105, 0.24403070055154336, 0.1309822012049936, 0.7419389464066174, 0.5281791674695717, 0.4509914792859127, -0.14416019672972463, -0.6464398432510009, 0.11336581798189134, -0.28099618556131983, 0.035840638222044495], [-0.614376084933064, -0.5781680020929825, -0.6253598005609229, -0.03485153680237352, 0.007492864070419908, 0.6313886868029688, 0.4548699311891158, -0.22166636159526798, -0.012253310662084876, 0.5388693345303095, -0.020743590741789598]], "inverted": true, "swapped": false, "error_lsq": 0.04384251919654659, "error_max": 0.19764641816138834, "target": "520.xyz", "model": "18.xyz", "model_rescale": 3.922800546911778, "target_rescale": 3.8273141304419047},
{"mapping": [6, 8, 13, 12, 5, 0, 1, 10, 7, 2, 14], "R": [[-0.7417940197349764, -0.4085847069113949, -0.5317895914396551], [0.6610438662977984, -0.5790662316726045, -0.47718267588686464], [-0.11297185098724524, -0.7055075028762058, 0.6996402820520675]], "T": [-0.008512586940540745, 0.036333463686976195, -0.09557845642617564], "aligned_model": [[-0.4166715076120736, -0.41050115152165373, 0.3133938551409876, 0.1799579556303055, -0.4703332878630103, -0.23761881905931148, -0.6307674724652312, 0.21978402569510064, 0.7333203664344299, 0.07972002254790239, 0.08148881321809458], [-0.45015847199878867, 0.2080820239957893, 0.24067240724319705, 0.7985416704050106, 0.6133072377979526, 0.31161991549080204, -0.224632549656817, -0.7370425964397488, 0.32334076760836, -0.39696019763187657, 0.06258238151648737], [-0.36483607266400603, -0.523711940283121, -0.666923873413942, -0.1417471553600057, 0.09509567494284436, 0.6595177887866304, 0.20885317999807534, -0.11483393734103699, -0.021270342189555883, 0.46798216362418726, -0.07292335689574109]], "inverted": true, "swapped": false, "error_lsq": 0.046864165325846384, "error_max": 0.23751226107491033, "target": "520.xyz", "model": "19.xyz", "model_rescale": 3.9282355846067225, "target_rescale": 3.8273141304419047},
{"mapping": [9, 4, 10, 1, 3, 5, 6, 12, 2, 7, 13], "R": [[0.6481975867895126, -0.6996293991977672, 0.30059705963036926], [-0.5119967245974965, -0.6926403680920789, -0.508043969052586], [0.5636481548640853, 0.17540816476846463, -0.8071757759316563]], "T": [-0.1896772465183447, -0.003508105333966449, -0.09178516793060741], "aligned_model": [[-0.20181849294486176, -0.7003530748307424, 0.5358610257407057, 0.12368194251536088, -0.5049058849708913, -0.10957109992834285, -0.5637867066056417, 0.303105403459049, 0.5400931584179078, 0.12005481277771843, -0.10058828348472128], [-0.5527917125535728, 0.21123294690675382, 0.05592267500984044, 0.6767075784178653, 0.6668976088402276, 0.368208129596478, -0.017494928802014587, -0.6707547541283909, 0.25861274043229643, -0.36757261999380597, 0.12038492460469041], [-0.511981472308469, -0.3958646374773147, -0.5525416619993762, -0.06701747662158693, 0.04066162532426611, 0.49396238709308005, 0.4436497344613912, -0.27817592634269384, 0.18650250454849243, 0.3077406222123297, -0.14173356968578996]], "inverted": false, "swapped": false, "error_lsq": 0.04948176252772574, "error_max": 0.3294090065437104, "target": "520.xyz", "model": "20.xyz", "model_rescale": 4.067790424073018, "target_rescale": 3.8273141304419047},
{"mapping": [9, 8, 0, 2, 4, 6, 13, 12, 3, 11, 14], "R": [[-0.520423306232874, 0.8108464938530424, 0.2677453001191104], [0.750868118571256, 0.2852294106130151, 0.5956855309931696], [0.4066406900974206, 0.5110500432712831, -0.7572788141956128]], "T": [-0.1886804606493652, 0.0377694197535013, -0.08073589078460304], "aligned_model": [[-0.21889564041088466, -0.511887866140655, 0.22168477567937858, 0.23061345119290586, -0.436611630373651, -0.07294022576210055, -0.6118081624248282, 0.33734144175178404, 0.6237665245674245, 0.07423068272171138, -0.1937205506555444], [-0.6332730455797476, 0.3013312385199363, 0.2703480700979973, 0.6523716410298669, 0.798352162277901, 0.44011799352615905, -0.31707311186705944, -0.5133686495730447, 0.10144945876431945, -0.311144585351609, -0.03975858351435131], [-0.4716821173942796, -0.46963181188582953, -0.6117401974881796, -0.09410214056138357, -0.030570946954387848, 0.5294089493203679, 0.3495817021865932, -0.16173992544319557, 0.16343569948451542, 0.39588660313692, -0.07364368519681201]], "inverted": true, "swapped": false, "error_lsq": 0.044224378714244277, "error_max": 0.23992366924653305, "target": "520.xyz", "model": "21.xyz", "model_rescale": 4.186013935880536, "target_rescale": 3.8273141304419047},
{"mapping": [7, 6, 0, 5, 3, 11, 4, 1, 2, 9, 12], "R": [[-0.2861683224546937, -0.5534087633324852, 0.7822061313300195], [-0.91985826401787, 0.3872292227801729, -0.06256439197413838], [-0.2682693894977526, -0.7374227211660029, -0.6198703614197331]], "T": [-0.019550256109996465, -0.003160622650205294, 0.06252074911429348], "aligned_model": [[-0.35901267049972374, -0.36356813038125707, 0.24206201968042754, 0.24420963920783414, -0.5091475914098962, -0.21380829551689753, -0.7407352143250439, 0.3487034260903987, 0.677167174252773, 0.17070301553842013, -0.05480057249149465], [-0.5461995355901229, 0.15177173739728117, 0.09899010062848573, 0.7097865180668034, 0.7676430908393361, 0.2684472490176911, -0.03899396003944591, -0.4776200920283588, 0.24899545411738494, -0.45969999566386976, 0.02623202158518268], [-0.2955263820438584, -0.3467475186627157, -0.6029961085953867, -0.08127030860566589, -0.07347461578671483, 0.5986727395849822, 0.1414154684836841, -0.3550923174863543, 0.03603796144252677, 0.43778899151390804, 0.06639421935992385]], "inverted": true, "swapped": false, "error_lsq": 0.05223854315277598, "error_max": 0.2371608063371044, "target": "520.xyz", "model": "22.xyz", "model_rescale": 4.166573947596378, "target_rescale": 3.8273141304419047},
{"mapping": [12, 2, 5, 0, 4, 8, 3, 14, 7, 9, 15], "R": [[-0.5850434339724092, 0.45567655845398425, 0.6708822955193439], [-0.8021032999253838, -0.20290368744358814, -0.5616586061573391], [-0.11981016907834413, -0.8667115827640286, 0.48420714130224385]], "T": [-0.07616600650543205, -0.04542490707076366, -0.09159862837575652], "aligned_model": [[-0.21192069657034102, -0.6326681987965846, 0.4726279905401498, 0.12538509524725394, -0.4094421180104736, -0.0043822140679086186, -0.5967490196850226, 0.3467170583624507, 0.5359320100712248, -0.11691063760564636, -0.0668164693395619], [-0.590624877298752, 0.18517080725754415, 0.2819559512115225, 0.745830760889662, 0.5669086120234927, 0.33423936334394755, 0.006321761033272741, -0.7133736107277154, 0.31947852504836993, -0.38779712188557536, 0.001242417434599269], [-0.42880629705782847, -0.3914988879582555, -0.6233024027073228, -0.0984822423098535, 0.1404104409692091, 0.618880976634083, 0.20461457312791273, -0.1230979291805305, -0.031839520443865135, 0.3998993958739875, -0.14157597774320746]], "inverted": false, "swapped": false, "error_lsq": 0.04855966220897457, "error_max": 0.2251611369779929, "target": "520.xyz", "model": "23.xyz", "model_rescale": 4.274766983524099, "target_rescale": 3.8273141304419047},
{"mapping": [1, 9, 8, 6, 7, 5, 4, 0, 6, 3, 10], "R": [[0.293436239271474, -0.8724419956456032, -0.3908198276906276], [0.04758426500926094, -0.3949801220520436, 0.9174565062755191], [-0.9547936484946593, -0.28781186114833823, -0.07438697047593062]], "T": [-0.03540339860607568, -0.029817549622227782, -0.048104275791478676], "aligned_model": [[-0.38765808957030756, -0.712563782390007, 0.15173693641406139, 0.5005665532007685, -0.2773401361810805, -0.2359194744070937, -0.6390084039999683, 0.4647423876093838, 0.5005665532007685, 0.13612924008272675, -0.059478983813711264], [-0.47779049768728893, 0.14002589493064344, 0.3461460499065772, 0.3378006924705138, 0.5500980468550801, 0.4289453904234746, -0.08679949392791182, -0.5244913751703715, 0.3378006924705138, -0.24639423698001023, -0.055988574960852924], [-0.364680097672116, -0.5382802391120929, -0.6552624055585533, 0.13247284058133274, -0.12682525428977642, 0.596543548061433, 0.2984424921881135, -0.2746464153786479, 0.13247284058133274, 0.4414724558344286, -0.1165076360311247]], "inverted": false, "swapped": false, "error_lsq": 0.06626884283476639, "error_max": 0.5095114902823089, "target": "520.xyz", "model": "24.xyz", "model_rescale": 3.7841303162186577, "target_rescale": 3.8273141304419047},
{"mapping": [6, 3, 13, 12, 5, 2, 4, 7, 9, 8, 15], "R": [[0.289600345257752, -0.9277968376419233, 0.2352119641689976], [0.63564637132931, 0.0027004841073470336, -0.7719756459898637], [0.7156013769148799, 0.3730760451265036, 0.5905327543077483]], "T": [0.14178660811077648, -0.11922628059452546, -0.027498239177550086], "aligned_model": [[-0.4057554275361781, -0.44473441309091766, 0.20294496782151183, 0.14762836930786333, -0.4119198104877061, -0.07920162471117215, -0.5805104227621595, 0.29616236081804187, 0.5009773210564976, 0.1281065556776444, 0.08807492405211487], [-0.42723635208791105, 0.17408407868058784, 0.33907824560266575, 0.635592505278193, 0.5567153112206464, 0.34034285988538354, -0.06882542803175452, -0.6990699725921148, 0.26553085702091783, -0.2305538480353827, -0.13630566861086285], [-0.38436511533903644, -0.4954341455403524, -0.6585423054484416, -0.10089020568538656, 0.04899301457669906, 0.5281576201454771, 0.152643638550651, -0.27800767997156345, 0.22761876400655576, 0.5529126605581383, -0.06788411664841218]], "inverted": true, "swapped": false, "error_lsq": 0.04305117917564767, "error_max": 0.18615088471460817, "target": "520.xyz", "model": "25.xyz", "model_rescale": 4.19342608120988, "target_rescale": 3.8273141304419047},
{"mapping": [9, 1, 0, 2, 8, 6, 10, 5, 4, 3, 11], "R": [[0.8756610705037842, 0.45717803018868336, 0.15558257716390356], [-0.3705271280474391, 0.42941419541704157, 0.8235976542919797], [0.3097213860634801, -0.7788399691124809, 0.545418156580606]], "T": [-0.10937998181934201, -0.03401759264846531, -0.05774052015821743], "aligned_model": [[-0.40620755296896666, -0.3778619002921715, 0.3605158931036114, 0.1008340706363519, -0.5387256926923676, -0.03422452198103611, -0.6575201196065019, 0.2977235554875805, 0.573115269992334, 0.1590948635464689, -0.03497106507976215], [-0.5070197622899894, 0.18513695603679747, 0.06750743252308565, 0.7470266760343826, 0.5892960673375466, 0.31281263427474265, -0.018835789247080723, -0.5001096389766542, 0.23681769207227887, -0.37953069933889755, 0.01625101990415609], [-0.545709623434068, -0.47545574210795083, -0.5800475128174705, -0.2733914052777361, 0.061332808688632084, 0.6839847750477629, 0.2529807388207014, -0.23880624352625482, 0.1771599075584928, 0.4317070861798269, 0.031447340072393054]], "inverted": true, "swapped": false, "error_lsq": 0.04845242201144163, "error_max": 0.22691806428919897, "target": "520.xyz", "model": "26.xyz", "model_rescale": 3.795458400668931, "target_rescale": 3.8273141304419047},
{"mapping": [1, 9, 0, 3, 4, 10, 11, 6, 7, 5, 12], "R": [[0.5620217850147002, 0.784265798495309, 0.26279016435058095], [0.07904133561444626, -0.36718714071767655, 0.926782644936698], [0.823337100119492, -0.5001007508513584, -0.268356588450392]], "T": [-0.20913907047376756, -0.010077082764506654, -0.1365772167921547], "aligned_model": [[-0.20703194612443426, -0.4702676058636322, 0.4251804181414284, 0.1150254162494907, -0.5305036569972726, -0.0692985499084173, -0.7632233127526642, 0.27858314536676076, 0.4950537672427552, 0.22241141442276247, -0.05415628963123595], [-0.4398627830018729, 0.2007669219213788, 0.15746735239263515, 0.6359382749074816, 0.6563496701908806, 0.29006103676111966, 0.0039025919747030374, -0.675882486466931, 0.25186423354896964, -0.3390675779176302, 0.007815354019633604], [-0.5435575387362043, -0.4044036228998623, -0.6473030147539813, -0.2871033010673951, 0.25260573261660446, 0.49433336841375575, 0.315495579210592, -0.1324342405524554, 0.1727887359985981, 0.38533264224933406, -0.0805522112746572]], "inverted": true, "swapped": false, "error_lsq": 0.05268844321022037, "error_max": 0.2427518626220477, "target": "520.xyz", "model": "27.xyz", "model_rescale": 3.6321398670334006, "target_rescale": 3.8273141304419047},
{"mapping": [0, 3, 1, 4, 7, 12, 8, 11, 6, 9, 14], "R": [[-0.29829134672509716, 0.6422375239929132, 0.7060830229118816], [-0.6252751665031733, 0.4274356234455361, -0.6529393187457435], [-0.7211471684915344, -0.6362623284347257, 0.274074826993404]], "T": [-0.05583734357275606, -0.0639618513911787, -0.08134772335166379], "aligned_model": [[-0.3849023308985614, -0.5185755347640729, 0.22522703346534434, 0.2562493306909587, -0.45591929579369184, -0.17672555438944865, -0.4975853253991974, 0.23643194362260467, 0.5073878667423863, 0.24969168031736483, 0.0004929865518539175], [-0.46701570542915394, 0.20077128085905394, 0.21831136829267433, 0.6886656776522742, 0.5856124673410835, 0.3156877136701858, -0.03503001164153281, -0.6257436111115687, 0.30409915256647246, -0.3769191205787218, -0.05908662329039936], [-0.4258408569280077, -0.5141869718772825, -0.6185551707644865, -0.23175039165243558, 0.05603866591037032, 0.6430568453074559, 0.18520674574523593, -0.1886126040279181, 0.3075171593157174, 0.4239065932490506, -0.11157788507337131]], "inverted": true, "swapped": false, "error_lsq": 0.0441941751332823, "error_max": 0.2297221768152156, "target": "520.xyz", "model": "28.xyz", "model_rescale": 4.156811204709835, "target_rescale": 3.8273141304419047},
{"mapping": [0, 9, 6, 5, 8, 7, 1, 2, 3, 10], "R": [[0.040960783627854935, -0.5658882970202271, -0.8234638118946935], [0.505486002377021, -0.6991684514874148, 0.5056158401846098], [-0.8618620049668568, -0.43695985140540955, 0.25741012539189645]], "T": [-0.09771792841352489, -0.040988099369429584, -0.03185678405813071], "aligned_model": [[-0.7520483195108366, 0.07213363867474307, 0.13305949065190661, 0.702679589948592, 0.09914123132732222, -0.7399197349276573, -0.3654468961129256, -0.5191117079133444, 0.21857170375844537, -0.20613362178565736], [-0.036167191264516105, -0.5265902226267096, 0.058047775077979244, 0.010696332511268239, -0.2858911633311466, -0.5796382436738005, 0.5734327923036923, 0.3185002783440871, 0.3781197310105744, 0.008210242274775431], [-0.39884471667330296, -0.22783194052382055, -0.6751024347246368, -0.15228060668212062, 0.5461609150271003, 0.05794386215102748, -0.2884435276471676, 0.49336998787953595, 0.4401331758262617, -0.03631798765777726]], "inverted": true, "swapped": true, "error_lsq": 0.059738787811026185, "error_max": 0.2852811236904239, "target": "520.xyz", "model": "29.xyz", "model_rescale": 4.117894457231895, "target_rescale": 3.8273141304419047},
{"mapping": [6, 10, 11, 12, 13, 4, 7, 5, 3, 1, 14], "R": [[-0.5407754114520684, 0.3338096999370813, -0.7720965215546317], [0.6425560695878096, 0.7562907217508469, -0.12306925541925176], [0.5428477243248903, -0.5626681334690093, -0.6234748750140531]], "T": [0.044812584923951015, -0.021062686969806885, -0.09972787507999185], "aligned_model": [[-0.300377474156003, -0.5425216661850986, 0.2885734084965645, 0.13764587126392133, -0.4291769828744679, -0.07237077433421807, -0.5643598918095013, 0.34044040046119844, 0.4976328680684, 0.0935542047877993, -0.007267163573054174], [-0.462566970092187, 0.10678738031624231, 0.36825111105478375, 0.7399437832205876, 0.582413985355314, 0.34862578190867083, 0.03115746680386379, -0.7806082332716001, 0.20049092555572456, -0.37413183178104864, -0.011010810739983397], [-0.4123094393740793, -0.49089766233646887, -0.6605478621237224, -0.10511824956324639, 0.08522103139847838, 0.5704411994437194, 0.13089218038870837, -0.27762258917723537, 0.11386985199519013, 0.6833397218323521, -0.11206605327936725]], "inverted": false, "swapped": false, "error_lsq": 0.041558358559613554, "error_max": 0.2527116283645214, "target": "520.xyz", "model": "30.xyz", "model_rescale": 4.100398675895297, "target_rescale": 3.8273141304419047},
