[{"mapping": [6, 10, 11, 12, 7, 2, 8, 5, 9, 1, 0, 3, 13], "R": [[-0.4690284881411164, 0.772972363411439, -0.42723062005688783], [-0.14189821443097334, -0.5434088318030152, -0.8273885050324206], [-0.8717093403499587, -0.3274455174843849, 0.36455762099567113]], "T": [-0.01515185587179981, 0.1364486536666635, -0.07407398224427121], "aligned_model": [[0.5272530881391944, -0.1147877186800512, 0.40911897070475145, -0.4099622105342658, 0.09515003615361765, -0.27935441943237493, 0.6121106652895568, 0.554891479582013, -0.4787818317458925, -0.2956437832222085, -0.7504656821381973, 0.0492211398337083, 0.01814457615803078], [0.23583027413093147, -0.6173296087208385, -0.18617867953025632, 0.036410801863536915, -0.5922944866453518, 0.15022808525404688, -0.31807292554344824, 0.5430459620878451, -0.42842121440790515, 0.5844839515081536, 0.25332530685298077, 0.5051357645661775, -0.02292554018942497], [0.45551685454766166, -0.7353756914785349, -0.5245933607770646, -0.4854582551953883, 0.09373963621163496, 0.6479131215760482, 0.028546655062971618, -0.36065814951619124, -0.021992801606404586, -0.30566146895785, 0.1285731480637154, 0.29079070154713177, -0.07964858556684212]], "inverted": false, "swapped": false, "error_lsq": 0.05682774433459959, "error_max": 0.3623415434390325, "target": "521.xyz", "model": "0.xyz", "model_rescale": 3.8414455957264533, "target_rescale": 3.924308575396924},
{"mapping": [6, 0, 13, 11, 7, 2, 9, 8, 4, 12, 3, 10, 14], "R": [[-0.6535786948400717, -0.2555800905734852, -0.7123999627692282], [-0.6448268158188408, -0.30478726545167945, 0.700930168004932], [-0.39627423238470005, 0.9174876239606378, 0.03439756716659176]], "T": [-0.03847951755305986, -0.0054197682866734005, -0.02175849792029281], "aligned_model": [[0.34561367699213047, -0.30671210616290007, 0.3400530710849589, -0.3276934864892605, 0.13906284118659568, 0.00451622561372244, 0.5882608861496595, 0.5522230921141938, -0.39189593639201636, -0.008814391429368205, -0.7710653173315621, -0.11386460542827895, -0.11278963979999224], [0.2891315540295085, -0.5541208236539843, -0.1288089487004851, 0.2121671479224617, -0.6217661866839732, -0.2740675348517751, -0.2748444632973965, 0.4580493117113878, -0.3569517949503486, 0.5900943703209709, 0.10391072973160059, 0.6595937561365415, 0.0408505735119383], [0.591217121667878, -0.41226560381419364, -0.6669989105845479, -0.7933002117613157, 0.017621770198421725, 0.6642330991182928, -0.010965904238861904, -0.2678666780334655, 0.1958174749557744, -0.4979647923742129, 0.23268554348375428, 0.12126388239359201, -0.04178498710022832]], "inverted": true, "swapped": false, "error_lsq": 0.04590927113846692, "error_max": 0.2865568825289761, "target": "521.xyz", "model": "1.xyz", "model_rescale": 4.316132596720782, "target_rescale": 3.924308575396924},
{"mapping": [2, 4, 3, 11, 9, 7, 10, 0, 8, 6, 5, 12], "R": [[0.1781435730891855, 0.9502173301697119, -0.2556401627525753], [0.1443001855950477, -0.28221409964648125, -0.9484369554155727], [-0.9733664899739733, 0.13206902515681374, -0.1873911651862918]], "T": [0.03695857989591115, 0.00978985924527056, -0.045249280873550735], "aligned_model": [[-0.06265478760335402, 0.5521775120828576, -0.09392756067797345, -0.4748165808876001, -0.6768852851234501, -0.5292731446867966, 0.02240857824188327, -0.09934414308829048, 0.49634725454413214, 0.08354459110163744, 0.42268585706009315, -0.04245373633135777], [-0.6659583486877539, -0.15173219474211908, -0.4749962061258127, 0.3795301434305929, -0.2830572282191184, -0.3163102496655923, 0.403128768175789, 0.6272332232643283, -0.00568952240841992, -0.011358864542788357, 0.562600913126289, -0.050614005864414155], [0.07257257572138245, 0.18742592306214179, -0.6413217262573144, -0.17150016413199648, -0.31911942243264035, 0.4890050500801255, -0.6885780286784856, 0.45386347788522147, -0.4357321527751232, 0.6591192937733371, -0.104139498658374, -0.052336866378853236]], "inverted": true, "swapped": true, "error_lsq": 0.050907970634741846, "error_max": 0.30520754808126965, "target": "521.xyz", "model": "2.xyz", "model_rescale": 3.795458400668931, "target_rescale": 3.924308575396924},
{"mapping": [7, 2, 6, 8, 11, 5, 4, 9, 1, 10, 0, 12], "R": [[0.8678712626919297, -0.401138527467536, 0.29306544179533156], [0.13571098666793058, -0.37604637882995134, -0.9166087764507265], [0.47789329299659855, 0.835270616477114, -0.2719209402727374]], "T": [0.07108935194557864, 0.029645414697318354, 0.08560053000149881], "aligned_model": [[-0.2542753137853586, 0.015578672621640699, -0.613138448848007, 0.305197939749466, 0.3310441815679273, -0.01094202038481748, -0.2995164864212245, 0.5587751382594262, 0.17130395713747706, 0.6728026956477032, -0.3876960115371061, 0.10416952173643837], [-0.24422304417216506, -0.634093987924777, -0.003043726932816359, -0.02725439866563883, 0.4493967005936848, 0.5421905860927693, -0.18432159680041704, -0.18846811892680754, -0.6832968138108714, 0.42890780480822555, 0.6525163670044283, -0.02254072597590515], [-0.643454501274326, -0.10625624806113237, -0.08620270206551042, 0.6385110284148131, -0.32767095826297366, 0.5196765056383449, 0.48877183738068913, -0.534823836845253, 0.5691942119925402, 0.3031543703095546, -0.13906823294957538, 0.006939956361929289]], "inverted": true, "swapped": true, "error_lsq": 0.057575303747254836, "error_max": 0.265897688536669, "target": "521.xyz", "model": "3.xyz", "model_rescale": 3.7530521520055578, "target_rescale": 3.924308575396924},
{"mapping": [4, 2, 3, 9, 8, 7, 5, 6, 0, 11, 12], "R": [[0.804284992837605, -0.5621608177738566, 0.19261584892225983], [-0.5903286783195152, -0.7929953750260693, 0.15056688460879475], [0.06810067437073017, -0.23480534522683405, -0.9696539320825547]], "T": [-0.037644149025008664, -0.14193409244645916, 0.05143401128016411], "aligned_model": [[-0.4871011474651702, -0.16122458320008448, 0.5077651081024754, 0.4942175221484949, 0.1075176926141365, -0.2956310190930149, -0.10394414561536301, -0.6892384171665649, -0.3666413505746353, 0.33439975264095473, -0.0019198099460239898], [-0.5007332741998094, 0.0023071680125643923, -0.2857358842016982, 0.3787769329145009, -0.7264810126731421, 0.6034000323463489, -0.516325463464055, 0.1274511337768811, 0.19820251613162942, 0.2599058054341788, -0.073564595763053], [-0.07075120165890467, -0.6151714105932308, -0.48643294071234455, -0.2896239390799128, 0.020011460693666182, -0.24907747667029112, 0.6111563202441395, 0.09154789323743256, 0.7033513487527777, 0.3900621409038192, -0.012241417871834255]], "inverted": true, "swapped": true, "error_lsq": 0.04404427372720403, "error_max": 0.2234737183712847, "target": "521.xyz", "model": "4.xyz", "model_rescale": 3.7855080009869324, "target_rescale": 3.924308575396924},
{"mapping": [1, 15, 8, 10, 14, 2, 12, 6, 9, 7, 3, 0, 16], "R": [[-0.38016419110893496, -0.24171164603661016, 0.8927769418890489], [-0.9171581634843078, 0.22329550989342162, -0.3300909244670759], [-0.11956626176552146, -0.9443064097165228, -0.3065767662685962]], "T": [0.09532966863632744, 0.06263178186194028, -0.10297197056129595], "aligned_model": [[0.41696238643474093, -0.10232512872952274, 0.15223592431277952, -0.47220061566401506, 0.06223689591550784, -0.18966515672408132, 0.5747800451202391, 0.555096753032332, -0.479525410350254, -0.03138134744915799, -0.5260710169075054, -0.10141781371582784, 0.07816879483264716], [0.3614517429080796, -0.5934841451857211, -0.1025485463810364, 0.07329606293515017, -0.5656789544786467, -0.16166434876435143, -0.25949690808870063, 0.4014642452249544, -0.3460563202918755, 0.6409306179757144, 0.09206833436073104, 0.5856388951358087, 0.017317015876340276], [0.513763762724331, -0.5609704181989581, -0.7847248665507804, -0.5598745023833998, 0.14568016702385886, 0.5406543829098429, 0.25678587384278684, -0.41901604651322955, -0.005865366407478978, -0.5621933185275536, 0.2059151978058623, 0.44129622708903227, -0.07975928890342568]], "inverted": false, "swapped": false, "error_lsq": 0.04099970897448493, "error_max": 0.2466085448854379, "target": "521.xyz", "model": "5.xyz", "model_rescale": 4.2253639853439635, "target_rescale": 3.924308575396924},
{"mapping": [11, 4, 1, 0, 2, 6, 5, 8, 3, 9, 7, 12, 13], "R": [[0.7770564630791945, -0.6023896932149714, -0.1825100290264211], [-0.6252586309136358, -0.7720742530615169, -0.11381121310093593], [-0.07235259259251331, 0.2025537095880337, -0.9765946431745713]], "T": [0.08324600972289761, -0.011164041683229134, -0.13123031633395654], "aligned_model": [[0.33913598190567573, -0.14899065892153562, 0.16884383317751353, -0.5786209634058208, 0.20548890208812642, -0.09448691072756402, 0.5760849567071317, 0.7103739121249871, -0.46799978272941023, 0.07682066128512689, -0.6151796115021143, -0.2741000227954946, 0.03952401290126091], [0.37541312306656005, -0.5694466482022917, -0.10018274413008335, 0.22625522091989003, -0.6389134151670574, -0.16092981996839836, -0.20434485021741797, 0.32579059294068646, -0.4032591902064599, 0.5027563668856394, 0.14072344091328579, 0.6984413909952073, -0.04906577660311338], [0.4937754489542525, -0.4990590444150338, -0.8547318472188451, -0.5167518500425403, 0.07164652165913893, 0.46851895525034193, 0.21594718005691443, -0.3288082600243136, 0.08183996199344112, -0.4605340606783588, 0.2130414662359501, 0.3587775483229737, -0.11197021618303342]], "inverted": true, "swapped": false, "error_lsq": 0.04675748831966722, "error_max": 0.26546326936195314, "target": "521.xyz", "model": "6.xyz", "model_rescale": 3.89814844738969, "target_rescale": 3.924308575396924},
{"mapping": [2, 3, 6, 8, 0, 4, 1, 5, 7, 9, 11, 10, 12], "R": [[-0.11450689003760188, 0.3845508365901421, -0.9159742497536373], [-0.19773209843716077, 0.8947674596052417, 0.40036634533789073], [0.9735451655581028, 0.2269622155985531, -0.026418995231507286]], "T": [-0.0688863028316987, -0.056017657806913944, -0.02067017132129661], "aligned_model": [[0.3652473297093575, -0.1580315519423694, 0.20150338102815346, -0.4941661873494913, 0.2758599679135111, -0.2516856128686245, 0.7726143741096364, 0.5184955361910343, -0.485671063552244, -0.03724990048856362, -0.7778338636269043, 0.05522129522407028, -0.04740939423968385], [0.10029601169870059, -0.6727563807979875, -0.1118352182384067, 0.02206029425484269, -0.5375088924575572, -0.04750422217750683, -0.13770028460064163, 0.3749741614852483, -0.5483681250327114, 0.7119250557069848, 0.33204827853248253, 0.5970293842615261, 0.06057762859147326], [0.5165838378246224, -0.5345460403735877, -0.6380433727460298, -0.5409851005142893, -0.0025984467168613593, 0.5973975612518266, -0.019587941589681863, -0.2886351520824632, 0.10244018648669931, -0.4758723306332963, 0.025574334499025193, 0.29082706462569385, 0.09913720387923]], "inverted": false, "swapped": false, "error_lsq": 0.04418719720060157, "error_max": 0.27252334888594343, "target": "521.xyz", "model": "7.xyz", "model_rescale": 3.7474275329858107, "target_rescale": 3.924308575396924},
{"mapping": [4, 6, 7, 10, 3, 2, 8, 9, 0, 11, 1, 12, 14], "R": [[-0.35593543993158266, 0.6692924435038196, -0.6521944400785682], [-0.46997253214258194, -0.7314234846930174, -0.49411082266128636], [-0.8077349699203324, 0.13064191941413694, 0.5748886042178865]], "T": [-0.01995419938115437, 0.09121408537655042, -0.04511507909505111], "aligned_model": [[0.4225452448035903, -0.16370824559848973, 0.1779973700193995, -0.43339248166107036, 0.050344912811017294, 0.02140738093074348, 0.560636472609705, 0.6404156835261144, -0.5285126003354933, 0.1339308413078064, -0.5714785741970398, -0.3533449642369657, -0.019946729871435198], [0.29675558895457826, -0.5320609657064052, 0.00591313850692031, 0.16587942142071185, -0.6155337305910068, -0.1937612518712289, -0.12865525017501928, 0.23271621481588184, -0.32324267451531374, 0.5408359509035523, -0.025912232853068193, 0.610003623165925, 0.11029985917091893], [0.5665815598107067, -0.5528562368628923, -0.6911929045611628, -0.676587354042342, 0.05337398849466991, 0.7458765597257793, 0.23734246238302306, -0.3975767155912423, -0.10681746661502492, -0.4459136917199483, 0.45177938617073676, -0.06384025435457191, 0.011522471073156342]], "inverted": true, "swapped": false, "error_lsq": 0.056972497242756756, "error_max": 0.37361928908136927, "target": "521.xyz", "model": "8.xyz", "model_rescale": 4.019505241142653, "target_rescale": 3.924308575396924},
{"mapping": [10, 3, 5, 4, 2, 1, 6, 11, 0, 8, 7, 9, 12], "R": [[-0.40487640276173137, -0.9143223731486876, 0.009470820791917689], [0.023045969500058272, -0.0205584737014764, -0.9995230024611081], [0.9140809492471239, -0.40446501346694747, 0.02939508640333094]], "T": [0.05119252154031105, -0.0005198605681092337, -0.014773143009725112], "aligned_model": [[0.6085243456743997, -0.12367108961424104, 0.2991564794950695, -0.522124381192398, 0.09724268568833039, -0.11209465208744705, 0.7502007133186958, 0.394454483900482, -0.5422748809531442, -0.18681531251004801, -0.794679534506471, 0.002649328995372298, 0.0663261238992823], [0.12597067065596304, -0.644291598957725, -0.12493942123712037, -0.08206172377077087, -0.5886232180049017, -0.05493078219138539, -0.19694144786656442, 0.45282106156788055, -0.2651820695418134, 0.5700464858614516, 0.3106440086117464, 0.6326487331299743, 0.008076992969712184], [0.7004618823741062, -0.5564755281683736, -0.6259673573314075, -0.608282473037091, 0.02979125500226512, 0.6384358991102694, 0.014687777491263345, -0.267563090409784, 0.005137542310484952, -0.28669821842348864, -0.09998758657363913, 0.238369409403691, -0.0502177078374085]], "inverted": true, "swapped": false, "error_lsq": 0.05323079777249245, "error_max": 0.38063148382164735, "target": "521.xyz", "model": "9.xyz", "model_rescale": 3.877068213659057, "target_rescale": 3.924308575396924},
{"mapping": [1, 14, 6, 10, 2, 8, 4, 3, 9, 12, 11, 0, 15], "R": [[-0.015328950020718317, 0.9930498821778978, -0.11669170835036038], [-0.7499492324432645, 0.06576971664980003, 0.6582176639452662], [0.661317754221842, 0.09760264278321695, 0.7437288162177871]], "T": [0.0949565531427647, -0.032335693114215615, -0.10716827825620862], "aligned_model": [[0.42298663232627826, -0.23787048515193937, 0.09597073074261239, -0.49776601020975514, 0.19302896726812105, -0.30441339534773787, 0.7182776538875103, 0.6195845527076921, -0.3686947268176063, -0.04926379090580406, -0.5583013544933647, -0.16189158242645324, 0.06524711852832892], [0.34874292302240933, -0.6123866196654145, 0.1355160688523322, -0.07648941653647387, -0.6683142550599654, -0.13488341705800136, -0.18967307371955272, 0.2122407108797643, -0.4830452017517129, 0.6633746695378451, 0.29671512495743524, 0.6090123198951234, 0.042427857872658535], [0.5999964590417473, -0.5100189104086932, -0.7005731422178794, -0.49439068341976156, 0.05490710014083666, 0.5449900954267031, 0.10450702444956472, -0.3673781693251323, 0.025246725857783203, -0.3382154582315994, -0.009010540400512662, 0.2883918272870318, -0.06676052428920054]], "inverted": true, "swapped": false, "error_lsq": 0.04569342783491875, "error_max": 0.298180319706485, "target": "521.xyz", "model": "10.xyz", "model_rescale": 4.260839863003843, "target_rescale": 3.924308575396924},
{"mapping": [8, 5, 11, 10, 9, 3, 1, 4, 6, 7, 2, 12], "R": [[0.34644083555190075, -0.908986012909884, 0.23178260460244388], [-0.07123946497923789, -0.27186435164232003, -0.9596951145731507], [0.9353628633271542, 0.3159655086244272, -0.1589405903730518]], "T": [0.0326004909763526, -0.11156377082030688, -0.020126885536556786], "aligned_model": [[0.23408699623610663, 0.28740744896710396, -0.5034424263411746, -0.33614179489991763, -0.6939518232368824, -0.3365539181537968, 0.40245435969339854, 0.6068455250227011, 0.4272321298303126, -0.15930975342222348, 0.06437932248242248, -0.03410741708391988], [-0.0013661344784169777, -0.6290020739662661, -0.4588906748343316, -0.3588873084855809, 0.21452176176132004, 0.4856706611983792, 0.6051124803550246, 0.009796619917286281, -0.2399368945744749, 0.07843654983245169, 0.5207216419707078, -0.05309812316316476], [-0.5778132741482935, -0.3739413397201157, 0.061008747878832204, -0.6297655259642488, 0.16994492944951667, -0.358486349050096, -0.3391499322619484, -0.05465178912520251, 0.5513088716759635, 0.7795340884674717, 0.26208884053220727, 0.02610080966141799]], "inverted": false, "swapped": true, "error_lsq": 0.042298253716440117, "error_max": 0.28531728859855976, "target": "521.xyz", "model": "11.xyz", "model_rescale": 3.890672605050136, "target_rescale": 3.924308575396924},
{"mapping": [10, 3, 0, 8, 4, 12, 2, 1, 7, 6, 5, 9, 13], "R": [[0.3902103653498003, 0.7677274432000412, -0.508262180110918], [-0.9027131460263214, 0.2103454382473093, -0.37531822844062485], [-0.181231472887126, 0.6052680146563795, 0.7751166258499995]], "T": [0.04580132713673853, 0.15749825677343954, -0.10763568726205877], "aligned_model": [[0.3986398910516617, -0.15857551104105533, 0.21521688569777667, -0.46089386968580764, 0.3568194718114361, -0.22566230820863034, 0.6809947187856066, 0.595403161629918, -0.5615544274742347, 0.028152509220166703, -0.6751349247613792, -0.2485170370369509, -0.007994249880625366], [-0.03748592011955154, -0.6353532024635329, -0.13287233530056797, 0.06974431932090375, -0.45964287173971585, -0.10303497056740168, -0.027806990341698368, 0.24754703611419765, -0.4033538993840612, 0.6363034245267352, 0.23977937435846614, 0.7337399390737808, 0.015673787748892637], [0.6905037886557657, -0.5350462949969237, -0.593102295303495, -0.6123636038831533, 0.008388383541198946, 0.5354522374274934, 0.15266309157467248, -0.6508919170939951, 0.10099800261284844, -0.4277801460622128, 0.17245879719472698, 0.3249641741701862, -0.03455241392622453]], "inverted": false, "swapped": false, "error_lsq": 0.04783758983315215, "error_max": 0.33138286177181797, "target": "521.xyz", "model": "12.xyz", "model_rescale": 4.124412569039231, "target_rescale": 3.924308575396924},
{"mapping": [3, 11, 10, 2, 8, 6, 9, 7, 8, 4, 1, 0, 12], "R": [[-0.16747786729657388, -0.6617006091784432, -0.730823828141002], [-0.013178051545128522, -0.7397252197028834, 0.6727800073523256], [-0.9857877575438161, 0.12230659486879097, 0.11516767744613199]], "T": [0.12861205211387164, 0.1860043847103593, -0.00232448866330022], "aligned_model": [[0.3859980874605138, -0.033739871724808385, 0.21279787542281972, -0.5157988177909782, -0.20411653665866483, -0.07839841725010832, 0.4963529438358847, 0.7047560001506606, -0.20411653665866483, -0.3076358824903842, -0.6448530087547366, 0.027370910821173572, 0.09827756374517523], [0.32648484666272237, -0.5963516608832538, -0.006080810706270978, -0.0741734826064247, -0.4497532293152652, -0.15791558618826518, -0.3064921566116529, 0.18060276522895558, -0.4497532293152652, 0.6321059257685265, 0.16434825839663575, 0.721800496223548, 0.15841555457245632], [0.6478839735887031, -0.5957162075855472, -0.7098735662212182, -0.5116746842614621, -0.002576123963064874, 0.5329124065287947, 0.17333161097957134, -0.24952207797922388, -0.002576123963064874, -0.4808194315504494, 0.25094831034468074, 0.1962709583920743, -0.11689724039890631]], "inverted": false, "swapped": false, "error_lsq": 0.056408460903882414, "error_max": 0.381085906544084, "target": "521.xyz", "model": "13.xyz", "model_rescale": 3.9028299243045295, "target_rescale": 3.924308575396924},
{"mapping": [14, 0, 2, 3, 5, 10, 12, 1, 4, 6, 7, 9, 15], "R": [[0.589051385526019, 0.7126867292526736, -0.3809148082668929], [-0.7559303962984792, 0.6525838384523678, 0.05199586274693686], [0.285635609057942, 0.25731684697644774, 0.9231469758928955]], "T": [0.09870026790317717, -0.061389266441437086, -0.10354682399063857], "aligned_model": [[0.3240995512708508, -0.2500808394593275, 0.32418539214910286, -0.3991184335028345, 0.1608366754266598, -0.2574103545212575, 0.7626826583220538, 0.4663135016109657, -0.45334653592406765, -0.0811346785310932, -0.6315879843929803, -0.07423329837996225, 0.04568865603977214], [0.2599528749812831, -0.5995391999739658, -0.12830365458794032, 0.006662350171835647, -0.5284760005323115, -0.127227436580031, -0.2033699246728395, 0.399589512823827, -0.4416917714600855, 0.5164695587881107, 0.33986676531197757, 0.6216121344690967, 0.027692482487489893], [0.689538949419875, -0.6288684373197009, -0.8012779276104808, -0.4726470315832428, 0.09663030595069409, 0.5477619829498616, 0.04879872685577867, -0.376599623303914, -0.003658862036391833, -0.3830943734246251, 0.2518411631120444, 0.21963814544715204, -0.056371214546163104]], "inverted": false, "swapped": false, "error_lsq": 0.03576022767881644, "error_max": 0.20434009316428936, "target": "521.xyz", "model": "14.xyz", "model_rescale": 3.942246331269136, "target_rescale": 3.924308575396924},
{"mapping": [13, 7, 2, 9, 8, 11, 12, 1, 6, 5, 10, 4, 14], "R": [[-0.6739387459770039, -0.7342867303864153, -0.08142213611402763], [0.7247426181838614, -0.6357120525921414, -0.265741083720768], [0.1433691182191802, -0.23810330482274747, 0.9605998710043326]], "T": [-0.0002485643203125037, 0.07623450293707547, -0.043517364377454945], "aligned_model": [[0.3720493483949351, -0.2311441093431705, 0.09630246099897641, -0.65672892284383, 0.14196895159813075, -0.2578669778095002, 0.7731185820966324, 0.6640206404691654, -0.37704251027685437, 0.07791254535483211, -0.6289961086363232, -0.11082776922874615, 0.07412817933363444], [0.09537394698792097, -0.5695387079011056, -0.08111082614306335, 0.030171926276063424, -0.6706276034244042, -0.21268855560102357, 0.19884077031251907, 0.3850748233127398, -0.3348295269103745, 0.41873564139186537, 0.3596842541622682, 0.47663502093406096, 0.04751652782898011], [0.6789491001554052, -0.5540501405842158, -0.7841713089196702, -0.507278169142739, 0.10074662466718685, 0.5600281963989077, 0.1908908654395064, -0.3899354872567726, -0.0005979632342166114, -0.5720657247766118, 0.1390566756450094, 0.3701438998861561, -0.100024764367058]], "inverted": false, "swapped": false, "error_lsq": 0.05101942117970731, "error_max": 0.3607388985959628, "target": "521.xyz", "model": "15.xyz", "model_rescale": 4.355366556412066, "target_rescale": 3.924308575396924},
{"mapping": [2, 4, 3, 11, 9, 7, 10, 0, 8, 6, 5, 12], "R": [[0.1781435730891855, 0.9502173301697119, -0.2556401627525753], [0.1443001855950477, -0.28221409964648125, -0.9484369554155727], [-0.9733664899739733, 0.13206902515681374, -0.1873911651862918]], "T": [0.03695857989591115, 0.00978985924527056, -0.045249280873550735], "aligned_model": [[-0.06265478760335402, 0.5521775120828576, -0.09392756067797345, -0.4748165808876001, -0.6768852851234501, -0.5292731446867966, 0.02240857824188327, -0.09934414308829048, 0.49634725454413214, 0.08354459110163744, 0.42268585706009315, -0.04245373633135777], [-0.6659583486877539, -0.15173219474211908, -0.4749962061258127, 0.3795301434305929, -0.2830572282191184, -0.3163102496655923, 0.403128768175789, 0.6272332232643283, -0.00568952240841992, -0.011358864542788357, 0.562600913126289, -0.050614005864414155], [0.07257257572138245, 0.18742592306214179, -0.6413217262573144, -0.17150016413199648, -0.31911942243264035, 0.4890050500801255, -0.6885780286784856, 0.45386347788522147, -0.4357321527751232, 0.6591192937733371, -0.104139498658374, -0.052336866378853236]], "inverted": true, "swapped": true, "error_lsq": 0.050907970634741846, "error_max": 0.30520754808126965, "target": "521.xyz", "model": "16.xyz", "model_rescale": 3.795458400668931, "target_rescale": 3.924308575396924},
{"mapping": [2, 3, 6, 8, 0, 4, 1, 5, 7, 9, 11, 10, 12], "R": [[-0.11450689003760188, 0.3845508365901421, -0.9159742497536373], [-0.19773209843716077, 0.8947674596052417, 0.40036634533789073], [0.9735451655581028, 0.2269622155985531, -0.026418995231507286]], "T": [-0.0688863028316987, -0.056017657806913944, -0.02067017132129661], "aligned_model": [[0.3652473297093575, -0.1580315519423694, 0.20150338102815346, -0.4941661873494913, 0.2758599679135111, -0.2516856128686245, 0.7726143741096364, 0.5184955361910343, -0.485671063552244, -0.03724990048856362, -0.7778338636269043, 0.05522129522407028, -0.04740939423968385], [0.10029601169870059, -0.6727563807979875, -0.1118352182384067, 0.02206029425484269, -0.5375088924575572, -0.04750422217750683, -0.13770028460064163, 0.3749741614852483, -0.5483681250327114, 0.7119250557069848, 0.33204827853248253, 0.5970293842615261, 0.06057762859147326], [0.5165838378246224, -0.5345460403735877, -0.6380433727460298, -0.5409851005142893, -0.0025984467168613593, 0.5973975612518266, -0.019587941589681863, -0.2886351520824632, 0.10244018648669931, -0.4758723306332963, 0.025574334499025193, 0.29082706462569385, 0.09913720387923]], "inverted": false, "swapped": false, "error_lsq": 0.04418719720060157, "error_max": 0.27252334888594343, "target": "521.xyz", "model": "17.xyz", "model_rescale": 3.7474275329858107, "target_rescale": 3.924308575396924},
{"mapping": [4, 3, 1, 11, 8, 5, 0, 2, 10, 7, 12, 9, 13], "R": [[0.7927960252983217, -0.4328175187230633, -0.4291193980206372], [0.6094406799513261, 0.5716332378464339, 0.5493791941907412], [0.0075179712455369085, -0.6970684592460151, 0.7169651617984922]], "T": [-0.001356686611709618, 0.03884483989092619, -0.0894106170209106], "aligned_model": [[0.3827758807029691, -0.039876860704663196, 0.2559518063160483, -0.48938221425136397, 0.16392762854114012, -0.3498923000934211, 0.8047883546061391, 0.5318540000654635, -0.5212640720866073, -0.2786363462683324, -0.6193480774411227, -0.004038827043560117, 0.10003533776519304], [-0.05875716398235386, -0.5527070884131012, -0.0522237231356315, -0.07513159045604728, -0.591739831006102, -0.05611364474137769, -0.18312916942188245, 0.4541972056662131, -0.3928727078347052, 0.6063033169396678, 0.4040004079137714, 0.5724703904345241, 0.06894128926347183], [0.6400699115669057, -0.41982201757614224, -0.7250341479770895, -0.6095808963559116, 0.2137370684606715, 0.5372677287048351, -0.08973075814533818, -0.3062089096060058, 0.051144140913070485, -0.49992998221886054, 0.12031533587033447, 0.31427334821157327, -0.09480901793715533]], "inverted": false, "swapped": false, "error_lsq": 0.0531100424072675, "error_max": 0.2990913891877286, "target": "521.xyz", "model": "18.xyz", "model_rescale": 3.922800546911778, "target_rescale": 3.924308575396924},
{"mapping": [11, 0, 1, 5, 2, 7, 10, 6, 3, 8, 12, 13, 14], "R": [[-0.5872129474980987, 0.715117210507128, 0.37919431631697686], [0.36435170797779093, 0.6518497463264816, -0.6650862659142559], [-0.7227923541268695, -0.2523871697424531, -0.6433287879188467]], "T": [0.03992517145863091, 0.0682137486079064, -0.08469435864326796], "aligned_model": [[0.30565457997023976, -0.3479398374158617, 0.2801251285277756, -0.5334310009187047, 0.36337864786126395, -0.29832151187638295, 0.7903544356523398, 0.5885768723187685, -0.39150352233341784, -0.03151005451424619, -0.7124881862533453, -0.080959051315149, 0.004957810404602463], [0.17949263028746137, -0.5698180929232294, -0.15932502063481413, 0.07272189118167337, -0.5708531710014095, -0.08741583144521832, -0.09473157314970108, 0.3151412419790663, -0.377624225822384, 0.5865258873152016, 0.21612758425426115, 0.5983945256013938, 0.03460184558414567], [0.5666492562889911, -0.46008580734722504, -0.7468975850408255, -0.5884563028520986, -0.09470853119509243, 0.6221151164516874, 0.16209581300524975, -0.42200118643337586, 0.07102020815729715, -0.4019327380687285, 0.09026186710330575, 0.33495918323520407, -0.0013274893935015797]], "inverted": true, "swapped": false, "error_lsq": 0.03878642857331117, "error_max": 0.23633115624244197, "target": "521.xyz", "model": "19.xyz", "model_rescale": 3.9282355846067225, "target_rescale": 3.924308575396924},
{"mapping": [12, 0, 4, 3, 11, 10, 9, 8, 1, 6, 2, 7, 13], "R": [[0.16950459591117673, -0.7605737817123165, -0.6267341657647321], [-0.6634817783464128, -0.5583030800396597, 0.4980859369832794], [-0.7287387198216317, 0.33139884337464914, -0.5992617832322319]], "T": [0.010029895913353093, 0.13926976810253258, -0.11051070589610398], "aligned_model": [[0.37979614525647676, -0.22009792431595612, 0.22111962849606312, -0.41742381172414417, 0.31995620982684747, -0.14850573643537093, 0.628786621049957, 0.6854500898834499, -0.6595946050670557, -0.060258319375591486, -0.6500345661589879, -0.04133155108463336, -0.10096787024317205], [0.23788389111126576, -0.5931549874442146, -0.1718195745673163, -0.02756102766649879, -0.5062643372472804, -0.3715361301039444, 0.033386091964321046, 0.25114362304886223, -0.19561893739179262, 0.6550803957110053, 0.1779363281347141, 0.6266130333712605, 0.027149322306064802], [0.6486615544358335, -0.335881848715306, -0.6184795933441578, -0.7070053685307214, -0.0861268977405795, 0.5648989006573785, 0.17992618477632502, -0.44204257658884805, -0.14138754067051695, -0.5052802808315501, 0.3809524294500851, 0.2741402006920778, -0.08068335967913284]], "inverted": true, "swapped": false, "error_lsq": 0.0464871098234408, "error_max": 0.3266702172071428, "target": "521.xyz", "model": "20.xyz", "model_rescale": 4.067790424073018, "target_rescale": 3.924308575396924},
{"mapping": [10, 4, 6, 2, 5, 1, 13, 11, 8, 3, 7, 12, 14], "R": [[-0.15469577160910242, -0.17852589491260906, 0.9716983704277355], [0.8608069558092898, -0.5070358815030277, 0.0438862130832815], [0.48485111433986405, 0.8432337278086663, 0.23211263905546442]], "T": [-0.0547236050552157, 0.023548461277476604, -0.0837659810447372], "aligned_model": [[0.4335298545934432, -0.2746729869002179, 0.2999554060354107, -0.40182885206079166, 0.06118358965814638, -0.09345181779501828, 0.5572584053774033, 0.4616208727051243, -0.4460356468727842, -0.02280696843576306, -0.6194131313628936, -0.00294236240742074, -0.015502052426755848], [0.2462451313530512, -0.5909240565158758, -0.12596254624487246, 0.05518106278919972, -0.5483893724850928, -0.2736635216587001, -0.1725045190094951, 0.4030181106565834, -0.3670192507305719, 0.6642852477722678, 0.028294711806752852, 0.7648831560594683, 0.05979353743373152], [0.5353475576798127, -0.5490812387345947, -0.7157518672928392, -0.7412150342509386, 0.005221419088900892, 0.6800862716952447, 0.19401946296672273, -0.1699252490641879, 0.05587514824895301, -0.6424991153674209, 0.40384776895941304, 0.10266212874568217, -0.026895448763860103]], "inverted": false, "swapped": false, "error_lsq": 0.043034468120831657, "error_max": 0.2778259920177041, "target": "521.xyz", "model": "21.xyz", "model_rescale": 4.186013935880536, "target_rescale": 3.924308575396924},
{"mapping": [1, 3, 5, 11, 6, 7, 0, 2, 4, 8, 10, 9, 12], "R": [[-0.2375684221468286, 0.1642420010289528, 0.9573848807541676], [0.03766215403687456, -0.9833033416968309, 0.17803398653388725], [0.9706404107350821, 0.07835243012090355, 0.22741611583654303]], "T": [-0.004425631947931223, 0.048982407552141505, -0.06351910113597622], "aligned_model": [[0.42927238402776446, -0.10004868690683413, 0.43907772472779705, -0.4340385075469413, 0.046627805225796605, -0.13851217364682822, 0.6413400682770914, 0.5746388266936573, -0.5872908239923137, -0.01747124931558323, -0.6786915494256649, -0.2120043551769603, -0.02600515283309848], [0.2465580620490586, -0.6913581828295439, -0.16464740833123345, 0.12664494551253885, -0.4959706110188771, -0.16421858113568655, -0.2210198926622267, 0.394060556136409, -0.3731346738056064, 0.6950194009222046, 0.17763114479170133, 0.5985968908835457, 0.015076040714162825], [0.4914521842664361, -0.606741612019143, -0.6603489349226705, -0.5199917575229263, 0.037834749902244724, 0.6256034406797851, 0.11501341494501008, -0.37223357597117035, 0.034977022125536744, -0.47599230725787933, 0.4109431287332117, 0.13719401157291425, -0.08601796062046209]], "inverted": true, "swapped": false, "error_lsq": 0.036489377634182016, "error_max": 0.21635443174383204, "target": "521.xyz", "model": "22.xyz", "model_rescale": 4.166573947596378, "target_rescale": 3.924308575396924},
{"mapping": [11, 5, 13, 7, 6, 2, 12, 14, 1, 10, 4, 9, 15], "R": [[0.7949860338665591, 0.46601417759276886, 0.38836579694877066], [0.06657908888231917, -0.7033642934890689, 0.7077046669114337], [0.6029630427154874, -0.5367582853828701, -0.590191589394599]], "T": [-0.06657709770686171, 0.11928041663913751, 0.03540946940696442], "aligned_model": [[0.4006477008912798, -0.20801072156597647, 0.2085373415789471, -0.4271792980495333, 0.15035693796710803, -0.1967641470273234, 0.5553973979048659, 0.5813022738209103, -0.43498332423926833, 0.02060553624438549, -0.7232821895601752, 0.10557324833343204, -0.09530644619076944], [0.2910621702295559, -0.4204138931219335, -0.03776899051951339, 0.1338492324619957, -0.6047357545380858, -0.29916384048181627, -0.04678761938593086, 0.34415169262432044, -0.4908431664421686, 0.4196582641275602, 0.11122658502987053, 0.6842203520603801, 0.05878265918221233], [0.6471981127591688, -0.580860409181098, -0.7497406231889134, -0.5819586949518396, 0.123997504755664, 0.5460609895856636, 0.15768166350084117, -0.3591320270237923, 0.04659546454924661, -0.6451150122831679, 0.3648439416392044, 0.14337378761693326, 0.018747106132976993]], "inverted": false, "swapped": false, "error_lsq": 0.04316354904354142, "error_max": 0.2769878108766674, "target": "521.xyz", "model": "23.xyz", "model_rescale": 4.274766983524099, "target_rescale": 3.924308575396924},
{"mapping": [6, 8, 1, 2, 3, 9, 7, 11, 0, 10, 12], "R": [[-0.25150522320460555, 0.10766503052354826, -0.9618489298757706], [0.8832966385107166, 0.43177754496377496, -0.18263406051644365], [0.39564146786765186, -0.8955313466693497, -0.2036944673674547]], "T": [0.08426441434675266, 0.14274202201204717, -0.012461134966939437], "aligned_model": [[0.3899217589866133, 0.03902197581512236, -0.4336983367917492, -0.46559837689352135, -0.627204019694276, -0.5002344178449282, -0.1285853863886271, 0.1861834172156467, 0.7842514328560687, 0.12985443621930728, 0.005982220478418551], [-0.37374429820362726, 0.7222828025910528, 0.5103515070437081, -0.12984108322645305, 0.43373983089394114, -0.13768224897754583, -0.6740090309342102, -0.00850933327338832, -0.21415859004214666, 0.6985545344172635, 0.08860244095488928], [-0.38470847559651766, -0.17320952314398463, -0.6030289062628642, -0.33462540199341523, 0.11631779850909871, 0.48759953945794265, -0.012591275019140473, 0.6050309887451764, 0.1652138859382268, 0.495272140029401, 0.018295663357653837]], "inverted": true, "swapped": true, "error_lsq": 0.05422647945163859, "error_max": 0.32111821079720976, "target": "521.xyz", "model": "24.xyz", "model_rescale": 3.7841303162186577, "target_rescale": 3.924308575396924},
{"mapping": [10, 5, 4, 3, 2, 14, 8, 1, 12, 6, 13, 7, 15], "R": [[0.2840017608080879, 0.2410745003778234, 0.9280226748983502], [-0.9136543402239394, -0.225528040172719, 0.338190552330799], [0.29082425354131675, -0.9439386570977142, 0.15620840306686667]], "T": [0.08551022099439178, 0.10399745967381323, 0.04137060477940552], "aligned_model": [[0.13025668776497829, -0.2544915127180873, 0.15455268159301788, -0.5101875289296534, 0.28996442038148007, -0.30583086085378264, 0.6322862369672594, 0.704412790264516, -0.3797836037049303, -0.09191255761884641, -0.6859234182237777, 0.1970001502174955, 0.05655082496821256], [0.374351491622281, -0.5200142073099506, -0.0528985739607611, 0.09456939581427505, -0.5875868459820776, -0.21060063323829697, -0.11494586908089759, 0.18139485958568147, -0.4922520778622833, 0.5423102431431919, 0.059033317712048075, 0.7310530505585965, 0.13882354022463977], [0.7694925426428068, -0.47277626721763016, -0.6847981883552081, -0.5008997982304231, -0.1793161788091598, 0.6555197396843777, -0.009202024077598167, -0.3636055007390874, 0.09758494559030206, -0.5049164202536927, 0.16330650388747847, 0.17243105542040582, -0.011128605631683886]], "inverted": true, "swapped": false, "error_lsq": 0.052151466963608624, "error_max": 0.3447342880061085, "target": "521.xyz", "model": "25.xyz", "model_rescale": 4.19342608120988, "target_rescale": 3.924308575396924},
{"mapping": [2, 4, 3, 11, 9, 7, 10, 0, 8, 6, 5, 12], "R": [[0.1781435730891855, 0.9502173301697119, -0.2556401627525753], [0.1443001855950477, -0.28221409964648125, -0.9484369554155727], [-0.9733664899739733, 0.13206902515681374, -0.1873911651862918]], "T": [0.03695857989591115, 0.00978985924527056, -0.045249280873550735], "aligned_model": [[-0.06265478760335402, 0.5521775120828576, -0.09392756067797345, -0.4748165808876001, -0.6768852851234501, -0.5292731446867966, 0.02240857824188327, -0.09934414308829048, 0.49634725454413214, 0.08354459110163744, 0.42268585706009315, -0.04245373633135777], [-0.6659583486877539, -0.15173219474211908, -0.4749962061258127, 0.3795301434305929, -0.2830572282191184, -0.3163102496655923, 0.403128768175789, 0.6272332232643283, -0.00568952240841992, -0.011358864542788357, 0.562600913126289, -0.050614005864414155], [0.07257257572138245, 0.18742592306214179, -0.6413217262573144, -0.17150016413199648, -0.31911942243264035, 0.4890050500801255, -0.6885780286784856, 0.45386347788522147, -0.4357321527751232, 0.6591192937733371, -0.104139498658374, -0.052336866378853236]], "inverted": true, "swapped": true, "error_lsq": 0.050907970634741846, "error_max": 0.30520754808126965, "target": "521.xyz", "model": "26.xyz", "model_rescale": 3.795458400668931, "target_rescale": 3.924308575396924},
{"mapping": [10, 2, 9, 1, 3, 7, 4, 11, 0, 8, 6, 5, 12], "R": [[0.07523598919777641, -0.9631209008556385, 0.2583363626446254], [0.34275631140116025, -0.2183070521345648, -0.9137068140180347], [0.936406779623099, 0.1572900547502599, 0.31369122039444663]], "T": [0.03861004724389934, 0.0412325061735823, -0.18816229751444405], "aligned_model": [[0.4274016672624438, -0.22754227564376744, 0.20635734426530206, -0.4132179854287612, 0.14505013757875074, -0.11208292421321865, 0.8297239457217893, 0.6188699321312977, -0.5124974452524585, -0.13880710178235733, -0.6729156808537788, -0.18935419447522883, -0.024091109202130256], [0.19030642360241362, -0.6779754015132574, -0.22808555367919098, 0.09954734094999888, -0.6032445273441674, -0.10955011944418407, -0.13360352002810794, 0.4398449325181225, -0.546510886159978, 0.7307242695157622, 0.4296116182755467, 0.5224015241821441, 0.029771590351345106], [0.3900283906283257, -0.620294037197402, -0.4774768617772195, -0.5660564354517524, 0.1559255100078902, 0.595906785407879, 0.01783368840203392, -0.31457903409436017, 0.017048395617101586, -0.34268081944906126, -0.032985742539716506, 0.3441619913230405, -0.03514002696587196]], "inverted": true, "swapped": false, "error_lsq": 0.05117799576102044, "error_max": 0.35744728952156546, "target": "521.xyz", "model": "27.xyz", "model_rescale": 3.6321398670334006, "target_rescale": 3.924308575396924},
{"mapping": [6, 10, 8, 0, 9, 13, 12, 7, 11, 3, 2, 1, 14], "R": [[0.8792317388553119, 0.3021350593491362, 0.3683285969098229], [-0.07260436258531221, -0.6791438755492281, 0.7304055057552316], [0.4708292216112392, -0.6689379658952456, -0.5751885272333637]], "T": [0.012745449666952102, 0.05031872818283322, -0.10990569706252208], "aligned_model": [[0.43008402485921293, -0.1813456175556754, 0.3099636477978046, -0.4404653345315294, 0.11371303077433492, -0.22449832759552815, 0.8123710702052761, 0.6185948975609576, -0.4925312103222751, -0.03741813015587297, -0.7105880176440612, -0.24422028209351967, -0.016765441191241695], [-0.0072585434254028094, -0.5856448036726487, -0.06658637565005493, 0.028558645645400893, -0.5524244782534145, -0.15171433321173378, -0.15938293760107974, 0.46561407899621976, -0.3113186235988137, 0.5845855927486047, 0.23655533056904487, 0.5934204717397563, 0.06883366694056876], [0.5431033446753482, -0.5130814363759005, -0.5161373491924787, -0.538319256738226, 0.16042435284037748, 0.6446639578851306, -0.09833810413650762, -0.35762247502310285, 0.05269737512617105, -0.5383944514641653, 0.1649547888787693, 0.18382258722848754, -0.0560815297930154]], "inverted": false, "swapped": false, "error_lsq": 0.03934609411094406, "error_max": 0.2653302116886605, "target": "521.xyz", "model": "28.xyz", "model_rescale": 4.156811204709835, "target_rescale": 3.924308575396924},
