[{"mapping": [4, 11, 8, 7, 9, 2, 3, 5, 0, 1, 6, 13], "R": [[0.0006034611977364657, -0.209033211692091, 0.9779083557492861], [0.9976111625835351, 0.06767664541183482, 0.013850630113040219], [-0.0690767987338029, 0.9755639333613612, 0.20857470556421615]], "T": [0.028910172679524324, -0.18671180359364312, 0.0654559145381057], "aligned_model": [[-0.4713381209808354, 0.2416301099031405, 0.0327819961033272, -0.4852949233897884, -0.6548650287649275, -0.4210797099860406, 0.16782717365343802, 0.7638018035154999, -0.402024669530372, 0.2762695809727487, 0.18767530859318787, -0.06028500156129739], [0.4995315353164952, -0.46860179019581505, 0.08241930276672257, -0.12972330922717087, -0.44316521672886944, 0.3447519958231591, 0.23393669780305118, -0.1233858305158893, -0.2947788125046339, -0.42526537027306094, 0.5303895779609471, -0.20786858175249168], [-0.3729798858961698, -0.5364993201798, -0.6681192950998156, -0.4856701265465634, 0.006921373067971734, 0.39151354873456456, 0.3428675417473148, -0.10284551891566338, 0.6963514034546062, 0.5290825233261758, -0.1469246975206864, -0.0692158118393561]], "inverted": true, "swapped": false, "error_lsq": 0.046544832998266956, "error_max": 0.24713350885714142, "target": "522.xyz", "model": "0.xyz", "model_rescale": 3.8414455957264533, "target_rescale": 3.932437476305406},
{"mapping": [6, 12, 8, 10, 3, 2, 7, 13, 4, 0, 9, 14], "R": [[0.22840795497458904, -0.7658916934617259, -0.6010322121073509], [-0.5823401271662887, 0.3872555493350734, -0.714781865887168], [0.7801985531877619, 0.5132670390698396, -0.3575572180899204]], "T": [-0.08495815170167385, -0.09013475219596907, -0.013852397427087108], "aligned_model": [[-0.500255761312214, 0.11712266286775543, 0.24039277968581446, -0.4600090282890774, -0.6763998295534911, -0.5328349181127985, 0.17381642744278503, 0.6612096993539948, -0.31197543537289524, 0.2894417567607682, 0.294026256210818, -0.11943609115337817], [0.4860631773544361, -0.4790835884955598, 0.12596117351646086, -0.23140143525631224, -0.553253557393193, 0.3944647574607231, 0.22248573858193255, -0.12301697660277779, -0.16185587741954705, -0.38789920470234013, 0.4771911451845298, -0.1714151537559078], [-0.33873855474567804, -0.638489644948577, -0.7006942422766513, -0.5686152878934003, 0.2077206063720645, 0.31656316662527256, 0.48440370947930467, -0.1442337534882801, 0.47516341822655295, 0.5308295362498643, -0.009180704578563573, -0.030246514689330418]], "inverted": true, "swapped": false, "error_lsq": 0.04844478027430829, "error_max": 0.2710329903571198, "target": "522.xyz", "model": "1.xyz", "model_rescale": 4.316132596720782, "target_rescale": 3.932437476305406},
{"mapping": [7, 4, 5, 3, 6, 10, 1, 0, 8, 2, 9, 11], "R": [[0.027583948329808067, 0.9496230565773831, -0.31217811616314034], [-0.3950675335128975, -0.27651562074504, -0.8760483750615723], [-0.9182378612094879, 0.1474963114813853, 0.3675378461339893]], "T": [-0.05432777192364037, 0.019673027423562424, -0.020562061337805044], "aligned_model": [[-0.5048314154209002, 0.05162886884621619, 0.21021161026725177, -0.43400628252099444, -0.643359533667621, -0.5568477249260527, 0.24294609234742842, 0.6232330186218111, -0.25002288391789357, 0.33587499101856905, 0.19743912699959143, -0.09716734911932451], [0.6156900958420092, -0.6740509662659958, 0.16496798081450578, -0.09234180112103738, -0.5521503440580066, 0.223200520996222, 0.19176481388923672, -0.13578867553187957, -0.1973196069648612, -0.567232309497891, 0.7163175401711328, -0.09481704980099065], [-0.5127726271826792, -0.33970143840199696, -0.5903586686514878, -0.5443119211142162, 0.02586614650768616, 0.30081941725698547, 0.39968778108596836, -0.16428781621862631, 0.6877131221718392, 0.4311118597937818, -0.05593658179098078, -0.05334753912369536]], "inverted": true, "swapped": false, "error_lsq": 0.0375924149078652, "error_max": 0.2573359029620469, "target": "522.xyz", "model": "2.xyz", "model_rescale": 3.795458400668931, "target_rescale": 3.932437476305406},
{"mapping": [3, 1, 8, 6, 2, 5, 4, 7, 10, 0, 9, 11], "R": [[-0.7210333520345931, 0.29979681587241047, 0.6246861407511157], [-0.6730460637837992, -0.5173014450595941, -0.5285907783573133], [0.16468121106821154, -0.801574128906379, 0.5747686618015002]], "T": [-0.06639283951490947, -0.1007939403144735, 0.0007768093831451578], "aligned_model": [[-0.41009004225101053, 0.07574694733682118, 0.01323623443992801, -0.44816388981357597, -0.6299071361468794, -0.38697850261940964, 0.14757961402925734, 0.6746619955721506, -0.4618869098873401, 0.3701691751015972, 0.18201078527342007, 0.04872024749312262], [0.47127149449040395, -0.5940317408067096, 0.08481194611983062, -0.099217981342658, -0.6205762621302576, 0.47475168306915205, 0.06421892686234587, 0.050549174980413086, -0.17877102280813018, -0.6298874374545387, 0.7088616610282878, -0.13374024353569533], [-0.43703981509433537, -0.363615280430804, -0.7540560214697309, -0.4481604670019598, -0.0010361534259813385, 0.24531041354630717, 0.5821039772619321, -0.10521983897377622, 0.6143847870905633, 0.3771830033462812, -0.1923762108199661, 0.06700334030404854]], "inverted": true, "swapped": false, "error_lsq": 0.05166391406154732, "error_max": 0.2808032871621803, "target": "522.xyz", "model": "3.xyz", "model_rescale": 3.7530521520055578, "target_rescale": 3.932437476305406},
{"mapping": [4, 1, 9, 7, 8, 2, 5, 3, 0, 10, 11], "R": [[0.7708438021826576, 0.20009170122363715, 0.6047835511470323], [0.5064372246742411, 0.3834118185111144, -0.7723449455329225], [-0.38642097523405294, 0.9016422175826904, 0.19421673813482812]], "T": [0.06773458402754445, -0.050508232560700056, 0.05200111830620912], "aligned_model": [[-0.5466478148014637, -0.24553466889202358, 0.4779366744181804, 0.44913251537349, 0.26427828961392574, -0.1777597045867074, -0.0962823620520484, -0.6390884923941851, -0.42081554672981464, 0.26072028590711094, 0.012260426588740783], [-0.5894019641886238, 0.07401104463940283, -0.3743616049360219, 0.42087763999050753, -0.8070906834934017, 0.6093119973307726, -0.4022251159777628, 0.13435147543102563, 0.23498813461938275, 0.3165648936622323, -0.14982245876316708], [-0.09530887497440307, -0.5877673861155109, -0.48931810086446204, -0.3539278150246816, 0.01131287274071268, -0.13967631860665036, 0.6304578867360431, -0.018933186172463222, 0.6771638006605494, 0.5094194689755261, -0.050591570109343446]], "inverted": false, "swapped": true, "error_lsq": 0.042533339146139944, "error_max": 0.19952551588146158, "target": "522.xyz", "model": "4.xyz", "model_rescale": 3.7855080009869324, "target_rescale": 3.932437476305406},
{"mapping": [7, 13, 8, 6, 1, 5, 3, 15, 2, 14, 10, 16], "R": [[-0.9576220675787713, -0.25297063390455404, -0.13771649889569265], [0.09157579527854988, -0.7207352055068542, 0.6871350938950025], [-0.27308212941395554, 0.6454042314123147, 0.7133579246562128]], "T": [-0.13846603858076995, -0.11852520748556017, -0.0346585704804484], "aligned_model": [[-0.42003591442758476, 0.1291795917615513, 0.25729145315182744, -0.44625953740376134, -0.7388164866406308, -0.4864388101962811, -0.09837355212148918, 0.6714848498833987, -0.11242256931180902, 0.31807944874764027, 0.20457239236364855, -0.10316234727842845], [0.46045457100695475, -0.5662190743984916, 0.07362483985491802, -0.1597612194045954, -0.5027744878526705, 0.5640114585235172, 0.22141083526464644, -0.06902348762241295, -0.30519115829639115, -0.5041404661410749, 0.5234851896119498, -0.13763680207390566], [-0.41789517231836804, -0.5374544107204074, -0.5839892914566152, -0.6088012543755555, 0.2203625444121265, 0.22641975950259685, 0.569702815420473, -0.1790443200977504, 0.6796685591282602, 0.28246047471389846, -0.06799862129285134, 0.0010506514167710548]], "inverted": true, "swapped": false, "error_lsq": 0.0392604667990936, "error_max": 0.22202049042511002, "target": "522.xyz", "model": "5.xyz", "model_rescale": 4.2253639853439635, "target_rescale": 3.932437476305406},
{"mapping": [10, 6, 5, 2, 4, 1, 9, 11, 0, 7, 8, 13], "R": [[-0.42807614070699607, -0.5057446927596742, -0.7489813906251791], [0.453405134496062, -0.8370938167151648, 0.30610084290940176], [-0.7817765676777556, -0.20855754065164167, 0.5876471309104868]], "T": [-0.03802548195969211, -0.04992907629599818, 0.0009842820757113152], "aligned_model": [[-0.44806451706270467, 0.22714525026022916, 0.10107821877430914, -0.35749291639729913, -0.7210456697964314, -0.5723928678599838, 0.12597575081376627, 0.6896574054667612, -0.18792540777098773, 0.22616947309215338, 0.15023620963844697, -0.05824241063017796], [0.41403360370682785, -0.5420129550091545, 0.1072968028271509, -0.25962958973719186, -0.23458926782484238, 0.35210486550809117, 0.2785534738305156, -0.03156517280749937, -0.3087671881349578, -0.7319354712694223, 0.6617743900810571, -0.10702329269813025], [-0.4734828881747971, -0.31722305160419556, -0.5962354846992535, -0.5505026760960896, 0.018169999358444253, 0.30351690590630165, 0.4886309137636083, -0.27414145501290277, 0.7450242631439399, 0.3083269555973345, -0.06147039767034194, -0.006131350179469738]], "inverted": true, "swapped": false, "error_lsq": 0.04328937558084329, "error_max": 0.2572379337544182, "target": "522.xyz", "model": "6.xyz", "model_rescale": 3.89814844738969, "target_rescale": 3.932437476305406},
{"mapping": [3, 11, 8, 7, 4, 0, 1, 9, 2, 10, 6, 12], "R": [[0.7010966548320329, -0.6794774676530234, -0.21627263242298542], [0.6256928510032088, 0.4407384816780938, 0.643628811483424], [-0.3420116032926511, -0.5865662466592524, 0.7341444690885217]], "T": [-0.11701372487082999, -0.04325619760839191, -0.04474079600874755], "aligned_model": [[-0.3692314650347818, 0.07990748199108673, 0.1648964045653713, -0.6527806263115473, -0.4662246971735565, -0.4783774082926025, -0.06491563799550569, 0.770468401611848, -0.2114066358895777, 0.27855174989487985, 0.20497984961102172, -0.08076889844855445], [0.5944376950715217, -0.6288851578899413, 0.06652492019241943, -0.07328356671284114, -0.5654440227695305, 0.36813381096748626, 0.41292173947943694, -0.11834860415746587, -0.284243775517208, -0.5428616347283288, 0.5465117228542875, -0.1772229283173923], [-0.471489723898718, -0.5678097478598468, -0.6498536428484114, -0.4233261416987699, 0.0997145966255821, 0.181500085832039, 0.6651775733070946, -0.11316947922760193, 0.6144729858283856, 0.3197122536776305, -0.1213553443224008, 0.050908318917595265]], "inverted": true, "swapped": false, "error_lsq": 0.045617847903010746, "error_max": 0.2863501810964639, "target": "522.xyz", "model": "7.xyz", "model_rescale": 3.7474275329858107, "target_rescale": 3.932437476305406},
{"mapping": [10, 1, 12, 0, 3, 7, 9, 13, 8, 4, 11, 14], "R": [[0.831810027974616, 0.4812290453467519, 0.2766056457766591], [-0.48325966325992165, 0.3827410436267594, 0.7873813506741231], [0.2730424421711321, -0.7886240545647546, 0.5509264246113733]], "T": [-0.11627971977169986, -0.06911688906910146, -0.056949314739543476], "aligned_model": [[-0.3985953042844045, -0.08085061001938894, 0.2801413135734197, -0.5871105520758649, -0.6827506991424684, -0.45148003296608297, -0.04846959232610569, 0.7804606051193106, -0.09293206444023701, 0.4080890486405551, 0.12260076607041283, -0.07400435962106398], [0.4924964565468026, -0.6116747007975405, 0.14839266858927624, -0.2405626914826892, -0.4633661621565735, 0.4870358874829141, 0.36452303464138086, -0.11222858079415321, -0.3689548183436338, -0.48677212732772646, 0.5006114261613774, -0.11126019404699022], [-0.4813921500608897, -0.5757726171889026, -0.47669039617928066, -0.48489545832946973, 0.1375055056824107, 0.14850742302266443, 0.5657051988300428, -0.10288405587888053, 0.5552291061602856, 0.34656938682764765, 0.012518058165607034, -0.05991826671865655]], "inverted": false, "swapped": false, "error_lsq": 0.049355965246134864, "error_max": 0.2555487492806828, "target": "522.xyz", "model": "8.xyz", "model_rescale": 4.019505241142653, "target_rescale": 3.932437476305406},
{"mapping": [7, 2, 1, 0, 3, 8, 11, 10, 5, 6, 9, 12], "R": [[-0.36460261244131953, 0.919381277472678, 0.1476583950666946], [-0.28015384593273285, -0.2595348679957914, 0.9242053207504846], [0.8880195705107314, 0.2956006071156048, 0.35219529165339825]], "T": [-0.05833396781060106, -0.05512280513665713, -0.03787829733784209], "aligned_model": [[-0.6486312823735336, -0.09810991114940606, 0.2769862853448526, -0.5011060602177487, -0.6714802732714488, -0.3137146342904867, 0.08119576170309446, 0.8504672073526636, -0.3369245575160412, 0.4113890282323509, 0.19623042278405095, -0.07120346807026565], [0.5261797095429707, -0.6100815399677781, 0.034212643959488254, -0.08409799328903825, -0.654818409859517, 0.5244411356751361, 0.20943834088879965, -0.04983409859813784, -0.33508801127228804, -0.48441765339054743, 0.5793111128755762, -0.057005038092220066], [-0.4028720738911244, -0.2389027714269639, -0.6174339957216205, -0.513019740203038, 0.015764945643574557, 0.19669212936828723, 0.5078216005808962, -0.14847762745700377, 0.5048292535797458, 0.31301781010423185, -0.03234330436016017, -0.0005944918842467131]], "inverted": false, "swapped": false, "error_lsq": 0.04955902819412583, "error_max": 0.2877560495862664, "target": "522.xyz", "model": "9.xyz", "model_rescale": 3.877068213659057, "target_rescale": 3.932437476305406},
{"mapping": [10, 3, 13, 6, 12, 11, 8, 4, 0, 1, 9, 15], "R": [[-0.7817805543281906, -0.6167551038682719, 0.09182759240415841], [-0.5556346238589667, 0.7558681516630932, 0.3463141667193586], [-0.2830005824082551, 0.21971909146420648, -0.933613512757143]], "T": [0.0252229551380906, -0.006526130217330575, -0.11522533551402253], "aligned_model": [[-0.5073447219308688, 0.06519698221227599, 0.23634081424083436, -0.3778927939627002, -0.6022280403181037, -0.5235574234139031, 0.17517802614326333, 0.6092939963319544, -0.31922798068721797, 0.3545963006334946, 0.08243476506655859, -0.017691405787505804], [0.43615054310349843, -0.562807975592845, 0.11423877322176419, -0.14523409890609434, -0.39428997061996435, 0.2380480805988624, 0.37526528299990625, -0.33762644558802735, -0.25296666677945756, -0.4813566237491968, 0.6444463393829589, -0.03562703959896063], [-0.2689127185318055, -0.41806841103880565, -0.8490397423151506, -0.56082871002323, 0.0036850008355211183, 0.31335234447371435, 0.5382819171477335, -0.20080734147971643, 0.5588567443411165, 0.5320426243703549, -0.022451651061684563, -0.04162832238546939]], "inverted": false, "swapped": false, "error_lsq": 0.04206268251621181, "error_max": 0.24262932077798863, "target": "522.xyz", "model": "10.xyz", "model_rescale": 4.260839863003843, "target_rescale": 3.932437476305406},
{"mapping": [9, 3, 2, 4, 5, 10, 7, 1, 6, 0, 8, 11], "R": [[-0.4628356539641937, 0.8395614751768442, 0.28446385854519174], [-0.3751614157075016, 0.10522626902584722, -0.9209676131500193], [-0.803141998393734, -0.5329765114015641, 0.266268602562033]], "T": [-0.06651650969773187, 0.006454713841858056, -0.050298450821876124], "aligned_model": [[-0.46931925977724614, 0.13231459952880834, 0.1663734249061092, -0.6307451295141926, -0.5045142680688157, -0.5228097515776959, 0.2258480733346776, 0.6400160586013195, -0.3493720178512624, 0.315670550582323, 0.18361388389294347, -0.011977645528886569], [0.5852779125944986, -0.6114879956047552, 0.007259244234145382, -0.037345408559891824, -0.5077186424223228, 0.3097716750658587, 0.18175355348411074, -0.09742763971539703, -0.3869623111394457, -0.5146879080950639, 0.6687802114673955, 0.0010275071633119096], [-0.4223829980303739, -0.33743268643004787, -0.6953711267526704, -0.5148740339715127, -0.030433264745947687, 0.2548721416189938, 0.5095219638564478, -0.16554093297773495, 0.6341510656629381, 0.5433156393160081, -0.170186433772634, -0.021157599440887385]], "inverted": true, "swapped": false, "error_lsq": 0.04209363513006469, "error_max": 0.2388326915221394, "target": "522.xyz", "model": "11.xyz", "model_rescale": 3.890672605050136, "target_rescale": 3.932437476305406},
{"mapping": [10, 6, 1, 11, 9, 12, 7, 0, 5, 8, 4, 13], "R": [[0.6192683887487381, -0.593241379842974, -0.514364975419737], [0.7818537040736505, 0.405675756661967, 0.4734257765300214], [-0.07219036031808546, -0.6953357791015398, 0.7150501424224739]], "T": [-0.022632470487382608, -0.0914661623697531, -0.11878603510315647], "aligned_model": [[-0.6045135262077068, 0.020073735202255097, 0.4319823030408334, -0.3712266178833129, -0.6958044234276882, -0.46718621135220395, 0.042171449330158414, 0.550290987102998, -0.341030799294561, 0.4354098777747224, 0.19410714679348245, -0.01917540255089506], [0.5725641717648069, -0.6309815103364942, -0.21250478275077303, -0.05393796037311842, -0.45835628037960907, 0.31720011875010234, 0.22608808695383623, -0.024584409206297175, -0.2962761830147337, -0.449527547013844, 0.5726407734421131, 0.035915720636454984], [-0.2602733376624595, -0.3166691148383328, -0.7384418673652169, -0.5428566876499419, 0.015570130005299165, 0.3176724267277874, 0.6698354970586372, -0.24519838649210038, 0.5606604613123144, 0.3068667551654215, -0.1739490655915164, -0.008735076337313422]], "inverted": false, "swapped": false, "error_lsq": 0.047041360821325734, "error_max": 0.326404429475593, "target": "522.xyz", "model": "12.xyz", "model_rescale": 4.124412569039231, "target_rescale": 3.932437476305406},
{"mapping": [11, 6, 8, 9, 7, 10, 4, 1, 5, 0, 2, 12], "R": [[0.28097477572370405, -0.41601749597247856, -0.8648598837105368], [-0.8734669707110188, -0.48422077435796523, -0.05084970754182366], [-0.3976287545989735, 0.7697140278863062, -0.4994313654458518]], "T": [-0.07199843655291563, -0.24503653372685322, -0.0025094806199042127], "aligned_model": [[-0.40334307642937217, 0.23933574013390033, 0.03750543044619284, -0.4500997822476246, -0.6748143455663659, -0.5002419142484786, 0.2226949932009947, 0.6956489579336789, -0.33025468070660047, 0.2488478195565533, 0.1923625259601849, -0.10254314950498129], [0.5715625914706329, -0.45138524664349733, 0.13610211521009521, -0.4049154293729409, -0.3367562253659507, 0.3401787481360651, 0.2059769026425615, -0.04965316680443088, -0.3240852289333306, -0.5318564643572193, 0.572371222102291, -0.1292996196118315], [-0.46503457149426564, -0.5575806957702364, -0.6005382042588291, -0.4925292589056687, 0.1433608471440404, 0.1343856251466128, 0.5702198781732835, -0.1906772689810736, 0.7051633924040646, 0.3867968264542998, -0.06848944620363348, 0.01940461062398419]], "inverted": true, "swapped": false, "error_lsq": 0.04876797972785727, "error_max": 0.28667386376620935, "target": "522.xyz", "model": "13.xyz", "model_rescale": 3.9028299243045295, "target_rescale": 3.932437476305406},
{"mapping": [4, 6, 7, 3, 2, 5, 13, 9, 12, 11, 10, 15], "R": [[-0.34657716025276786, 0.6566666294848573, 0.6698307321347124], [0.39582479123593345, -0.545015518756776, 0.7391081239962881], [0.8504157845631496, 0.521293604445019, -0.07103500074303498]], "T": [-0.19923625178031762, -0.0917281747868411, 0.010005948255238421], "aligned_model": [[-0.41113300971121736, 0.025926990293064334, 0.3300856656934463, -0.4082672739212076, -0.7260796772567382, -0.3997079444528927, 0.002960413379094473, 0.5171299964317639, -0.19158270073725814, 0.340150249752538, 0.19822564219103173, -0.10260983313354258], [0.4492846961765881, -0.5525379561017957, 0.21273068413333973, -0.15803786036852857, -0.606072146242686, 0.30020904573338153, 0.3852315743121529, -0.22550263480602617, -0.1944266724331989, -0.45115365169439364, 0.5310965848180638, -0.0925814650544528], [-0.3389469301008375, -0.4158627194261308, -0.659136089539496, -0.5736022273377219, 0.016010414516688408, 0.2713450943145836, 0.6135598051173012, -0.2541327439744012, 0.6982172026666279, 0.36459333783903564, -0.08728723605268027, -0.050276173690391016]], "inverted": false, "swapped": false, "error_lsq": 0.037984851490728756, "error_max": 0.2160175815164588, "target": "522.xyz", "model": "14.xyz", "model_rescale": 3.942246331269136, "target_rescale": 3.932437476305406},
{"mapping": [2, 3, 1, 5, 10, 6, 8, 12, 11, 13, 0, 14], "R": [[0.6455118067259198, 0.7125278867702823, -0.2749882142058359], [0.7493763497231564, -0.5213610622914362, 0.4081883501546106], [0.14747743506393313, -0.46956006357123375, -0.8704962681401585]], "T": [-0.1961901679587995, -0.08707231679329883, 0.0006836596756828392], "aligned_model": [[-0.34475330894969114, 0.044722168915109106, 0.28008304736730344, -0.33353776045059635, -0.7472222185912815, -0.4980139314161847, 0.05181657868105055, 0.5967740139517959, -0.20590489832148295, 0.397090475480819, 0.0773877187422673, -0.14334336688102703], [0.510404601464744, -0.5222515078902259, -0.004356114786142035, -0.007656563337302552, -0.5158150932548162, 0.14249354436444708, 0.4172066115299108, -0.20698017892597442, -0.2822018373656824, -0.4944526740015781, 0.5801180361345566, -0.01826862545949301], [-0.4505349613133882, -0.5180920607265187, -0.6496726196582415, -0.6138147822497935, 0.1474618148997936, 0.41176919887858865, 0.5326952595098441, -0.15713322461867857, 0.6905685188164835, 0.37882274676672056, -0.14329430994619896, -0.04429384602603246]], "inverted": true, "swapped": false, "error_lsq": 0.04037169371320148, "error_max": 0.24842365298230448, "target": "522.xyz", "model": "15.xyz", "model_rescale": 4.355366556412066, "target_rescale": 3.932437476305406},
{"mapping": [7, 4, 5, 3, 6, 10, 1, 0, 8, 2, 9, 11], "R": [[0.027583948329808067, 0.9496230565773831, -0.31217811616314034], [-0.3950675335128975, -0.27651562074504, -0.8760483750615723], [-0.9182378612094879, 0.1474963114813853, 0.3675378461339893]], "T": [-0.05432777192364037, 0.019673027423562424, -0.020562061337805044], "aligned_model": [[-0.5048314154209002, 0.05162886884621619, 0.21021161026725177, -0.43400628252099444, -0.643359533667621, -0.5568477249260527, 0.24294609234742842, 0.6232330186218111, -0.25002288391789357, 0.33587499101856905, 0.19743912699959143, -0.09716734911932451], [0.6156900958420092, -0.6740509662659958, 0.16496798081450578, -0.09234180112103738, -0.5521503440580066, 0.223200520996222, 0.19176481388923672, -0.13578867553187957, -0.1973196069648612, -0.567232309497891, 0.7163175401711328, -0.09481704980099065], [-0.5127726271826792, -0.33970143840199696, -0.5903586686514878, -0.5443119211142162, 0.02586614650768616, 0.30081941725698547, 0.39968778108596836, -0.16428781621862631, 0.6877131221718392, 0.4311118597937818, -0.05593658179098078, -0.05334753912369536]], "inverted": true, "swapped": false, "error_lsq": 0.0375924149078652, "error_max": 0.2573359029620469, "target": "522.xyz", "model": "16.xyz", "model_rescale": 3.795458400668931, "target_rescale": 3.932437476305406},
{"mapping": [3, 11, 8, 7, 4, 0, 1, 9, 2, 10, 6, 12], "R": [[0.7010966548320329, -0.6794774676530234, -0.21627263242298542], [0.6256928510032088, 0.4407384816780938, 0.643628811483424], [-0.3420116032926511, -0.5865662466592524, 0.7341444690885217]], "T": [-0.11701372487082999, -0.04325619760839191, -0.04474079600874755], "aligned_model": [[-0.3692314650347818, 0.07990748199108673, 0.1648964045653713, -0.6527806263115473, -0.4662246971735565, -0.4783774082926025, -0.06491563799550569, 0.770468401611848, -0.2114066358895777, 0.27855174989487985, 0.20497984961102172, -0.08076889844855445], [0.5944376950715217, -0.6288851578899413, 0.06652492019241943, -0.07328356671284114, -0.5654440227695305, 0.36813381096748626, 0.41292173947943694, -0.11834860415746587, -0.284243775517208, -0.5428616347283288, 0.5465117228542875, -0.1772229283173923], [-0.471489723898718, -0.5678097478598468, -0.6498536428484114, -0.4233261416987699, 0.0997145966255821, 0.181500085832039, 0.6651775733070946, -0.11316947922760193, 0.6144729858283856, 0.3197122536776305, -0.1213553443224008, 0.050908318917595265]], "inverted": true, "swapped": false, "error_lsq": 0.045617847903010746, "error_max": 0.2863501810964639, "target": "522.xyz", "model": "17.xyz", "model_rescale": 3.7474275329858107, "target_rescale": 3.932437476305406},
{"mapping": [10, 9, 12, 5, 4, 8, 1, 7, 0, 2, 11, 13], "R": [[-0.2942336460418125, -0.9536972457140134, 0.0623548318452264], [0.8399049209776679, -0.22689106535855547, 0.49303160971479065], [-0.4560551340073252, 0.1974386182537874, 0.8677739952128067]], "T": [-0.04524356226961877, 0.005659011724146533, -0.003148325915820198], "aligned_model": [[-0.36322209179919723, 0.03796845547790499, 0.1528595620166293, -0.500788053588594, -0.6872397617816063, -0.7201496015432404, 0.3021620500128649, 0.67914114490463, -0.3213697065264424, 0.31333319968420326, 0.31854312824856446, -0.03613980657763511], [0.5020361352312698, -0.5504272167743991, 1.4205550151157043e-05, -0.0643556385827864, -0.5206804659152353, 0.16911407183974272, 0.25219264706532285, 0.0009198797280139046, -0.29461855815761595, -0.4478901705845817, 0.6191539116269144, -0.06721860255435211], [-0.36222878553518983, -0.36587140545822305, -0.724230992206437, -0.5606401212291034, -0.00893245169876749, 0.18296651146502796, 0.5418736222750516, -0.20970005957181848, 0.7267353115666436, 0.40861443202068704, -0.11725316105077416, 0.073148833755482]], "inverted": true, "swapped": false, "error_lsq": 0.042176481108826186, "error_max": 0.2853102013409487, "target": "522.xyz", "model": "18.xyz", "model_rescale": 3.922800546911778, "target_rescale": 3.932437476305406},
{"mapping": [7, 8, 12, 13, 4, 9, 2, 5, 10, 1, 3, 14], "R": [[-0.7755804819646606, 0.3369678646693819, -0.5337860752919864], [0.3798066959938291, 0.9245198815741549, 0.031778329917757045], [0.5042041150900259, -0.17808887319051664, -0.8450222266733676]], "T": [-0.02716368859068212, -0.12522012005268257, -0.03180006557724271], "aligned_model": [[-0.3934479038858108, 0.11653347236783092, 0.15804267138234035, -0.46597387378826954, -0.5930907312107419, -0.3530558023152539, 0.007913314466099289, 0.6673033520920828, -0.5523833147807224, 0.4629419096896419, 0.18866025076330833, -0.06834482625242369], [0.5124921007843568, -0.6337911882532467, 0.19943560514561742, -0.2307736147625042, -0.5731197456947951, 0.4803183939170895, 0.18394431678082335, -0.136500442515186, -0.21535200503868646, -0.4193884293969895, 0.4722143445262421, -0.04123913702027722], [-0.3438417552268443, -0.34017848334252543, -0.723834247455582, -0.5496010195562673, 0.022786076190917333, 0.4039299244697986, 0.6134254125633543, -0.34822067792128736, 0.5736924899814281, 0.4385663152873377, -0.10690886213346448, -0.05533343852428668]], "inverted": false, "swapped": false, "error_lsq": 0.05145816102757363, "error_max": 0.3649451857682999, "target": "522.xyz", "model": "19.xyz", "model_rescale": 3.9282355846067225, "target_rescale": 3.932437476305406},
{"mapping": [12, 5, 2, 7, 6, 9, 11, 1, 4, 3, 10, 13], "R": [[-0.33103400666824123, -0.9300496100438824, -0.15944970770243855], [0.17392829441352275, -0.22622054342185163, 0.9584222525256418], [-0.9274510417437536, 0.2895375426281442, 0.2366486352744968]], "T": [-0.18308995769760636, -0.08342585370315386, 0.03505878349856575], "aligned_model": [[-0.5475791226254497, 0.0511126577289546, 0.27320393063935844, -0.476883702307633, -0.4591696494929304, -0.5863669535501311, 0.00910624261448681, 0.5416562795312322, -0.12199268064366933, 0.2650720440580354, 0.2535615062041261, -0.02662203362829854], [0.6051761543526248, -0.6134544869924843, 0.015644545206850102, -0.04337164033557181, -0.6697056593914803, 0.4406408885989596, 0.37440067088092094, -0.21114129498139556, -0.24149009220619067, -0.6354962345821413, 0.6268726483153311, -0.04983530039297846], [-0.305190049591745, -0.3546961844869557, -0.6436879688958924, -0.5128268542025382, -0.048007739706160686, 0.2379048814812423, 0.5516037140697755, -0.10612355954884384, 0.6438696442614644, 0.2814815581766842, -0.18184185295563138, 0.02199614573117915]], "inverted": false, "swapped": false, "error_lsq": 0.04424066138166415, "error_max": 0.31651190574573873, "target": "522.xyz", "model": "20.xyz", "model_rescale": 4.067790424073018, "target_rescale": 3.932437476305406},
{"mapping": [9, 8, 1, 7, 0, 12, 11, 5, 3, 6, 10, 14], "R": [[0.778963981541575, -0.17041372565118776, -0.6034685390064494], [-0.626789152957589, -0.2403298798598542, -0.741199640165358], [-0.018720929346723314, 0.9556153572207962, -0.29402179485229535]], "T": [0.024635761830779923, -0.1656345981792433, 0.015631603521338987], "aligned_model": [[-0.34115640694191834, 0.03210563886478701, 0.14380509356981377, -0.40661783984274424, -0.5882291297469484, -0.49935836970371167, 0.10483058683602267, 0.5124639502898044, -0.3693351499317023, 0.43312667620082906, 0.13411184869263665, 0.019351620241212897], [0.4227135010928611, -0.4738151870563944, 0.1964260526057754, -0.16032607665362775, -0.5187633648833596, 0.32468772551022285, 0.24640529577734943, -0.2954769001033525, -0.23779476009095948, -0.45596976796872096, 0.6381155879295315, -0.08796190768688175], [-0.33663605439854155, -0.46409417471189574, -0.7110153924848508, -0.5931837279640068, -0.04882557853316755, 0.28401199756468876, 0.5073878132531188, -0.290359827786338, 0.7661813009889572, 0.5600556705461243, -0.09963958233702538, 0.010599290195515454]], "inverted": true, "swapped": false, "error_lsq": 0.04376731120908623, "error_max": 0.2688205941592152, "target": "522.xyz", "model": "21.xyz", "model_rescale": 4.186013935880536, "target_rescale": 3.932437476305406},
{"mapping": [10, 6, 4, 7, 1, 9, 8, 3, 2, 5, 11, 12], "R": [[-0.792448649413692, 0.4316813546304887, -0.4309017824363251], [0.048899100302562615, -0.6592296315365799, -0.7503500322474473], [-0.607975341631563, -0.6156845791219167, 0.5012968013058261]], "T": [-0.10231276782429165, -0.07257983882667374, -0.0033734132266737687], "aligned_model": [[-0.46260689620052686, 0.09478187992380575, 0.1291623800869774, -0.5428124622877838, -0.7362390873509885, -0.5296038323195646, -0.09964364679020432, 0.7581961996273417, -0.11710847909919665, 0.44047854918839635, 0.30274191892526764, -0.06224800517544201], [0.4761264963870796, -0.4145512814006097, 0.18078128811531458, -0.19077287843991755, -0.43111592054077874, 0.3501981146694106, 0.3441316731252068, -0.27981917502503634, -0.32579117204363955, -0.4503434059263731, 0.4074653223770733, -0.06806886282528579], [-0.5185519564442331, -0.3958808415769526, -0.6435636537197693, -0.5781030578817982, 0.06527449608437992, 0.1519710700306705, 0.6400646353089248, -0.26588975405896204, 0.6933075112454606, 0.3981375451077144, 0.06335980682858984, -0.02564406659144587]], "inverted": true, "swapped": false, "error_lsq": 0.04653441967244965, "error_max": 0.27371554088375466, "target": "522.xyz", "model": "22.xyz", "model_rescale": 4.166573947596378, "target_rescale": 3.932437476305406},
{"mapping": [13, 2, 6, 12, 9, 10, 7, 1, 8, 4, 5, 15], "R": [[0.4915362831163275, -0.12187713347512995, 0.8622865224019628], [0.5143909092161968, -0.7583376491656555, -0.4004072956049146], [0.7027048277163889, 0.6403670620775185, -0.31005797991712414]], "T": [-0.17488870088724995, -0.17920476668396276, -0.059157092252721276], "aligned_model": [[-0.35996745996936486, 0.29223067699348304, 0.22063411405842387, -0.4518955145834087, -0.6858166118838404, -0.5522015168393963, -0.03514156307838387, 0.5177592319755534, -0.19746340388010944, 0.3186832441246474, 0.22231733691778444, -0.114040015307307], [0.6415973936887024, -0.5601863453556416, -0.036176366076853844, -0.18640942779569786, -0.4255342796717172, 0.39301718233540484, 0.3692782368866606, -0.05326240424163273, -0.3861042186031376, -0.5566864573557297, 0.5476983393656627, -0.14899145470357628], [-0.15319328400852542, -0.3582586848767726, -0.6933591195626995, -0.6529556045895101, 0.1376260550896512, 0.24273413498453453, 0.37790901249413844, -0.17085500320217267, 0.722355633044516, 0.33294980856560236, -0.12916579991096877, -0.07130541369521515]], "inverted": true, "swapped": false, "error_lsq": 0.04384676413177297, "error_max": 0.27485930991980273, "target": "522.xyz", "model": "23.xyz", "model_rescale": 4.274766983524099, "target_rescale": 3.932437476305406},
{"mapping": [2, 10, 0, 3, 5, 4, 1, 8, 9, 6, 11], "R": [[0.9783488124390739, -0.06707133700475473, 0.19579335267431522], [-0.02593937087415589, 0.8988338819406351, 0.43752120144534923], [-0.20533083119129272, -0.4331271042406877, 0.8776332726910311]], "T": [0.08015917522024715, 0.1116746800840427, 0.01092457908110047], "aligned_model": [[0.1561876590008792, 0.1796910499164991, -0.49901512341802123, -0.4398113599226995, -0.40446335925593346, -0.5603443875188485, 0.10690785519447848, 0.024315736444199904, 0.5462234290540507, 0.22825100455261932, 0.04195219991085081], [-0.17032001102840938, 0.6053864520877719, 0.4685063312192992, -0.25375752582496525, 0.5680664553269349, -0.2790185374103605, -0.6013579589224133, 0.1631245735612265, -0.20225201265076664, 0.6213318783634425, -0.004123113478276624], [-0.6577076704972066, -0.3462305703406199, -0.4873184237694037, -0.35635405359519795, 0.21602480870724858, 0.36685493184900553, -0.10661425833168825, 0.789985799653021, 0.5113318149302495, 0.3459491687974192, 0.10364488661874979]], "inverted": false, "swapped": true, "error_lsq": 0.05118659161250752, "error_max": 0.25256576744234893, "target": "522.xyz", "model": "24.xyz", "model_rescale": 3.7841303162186577, "target_rescale": 3.932437476305406},
{"mapping": [5, 9, 2, 12, 13, 3, 6, 8, 11, 7, 4, 15], "R": [[0.08419083512374453, 0.1991603380212963, 0.976343721770366], [-0.12648308155894983, 0.9740327875603082, -0.18778221118318916], [-0.9883895655866256, -0.10768142140935376, 0.10719504709986685]], "T": [0.10844070146099104, -0.20155341294193738, -0.002446979334081785], "aligned_model": [[-0.34843850982926716, 0.045531851329581915, 0.16672879158761916, -0.47146129102331413, -0.6567245430511968, -0.47014774025542405, 0.03225397754015209, 0.598121974309296, -0.3066623051269433, 0.3466843409130202, 0.15125986978574513, 0.08795210234881198], [0.4013825038955259, -0.48799863076309524, 0.13689898769233513, -0.16847290586018987, -0.3331879997726035, 0.3197884194585374, 0.25899923960345905, -0.10154801011094233, -0.3802964343504548, -0.43307828213026855, 0.542116995241792, -0.15636368443165127], [-0.44637086010852556, -0.508542150511062, -0.6738972745767824, -0.49008543720228875, 0.09344087918598551, 0.20356272076432858, 0.5490176972995517, -0.3181508818521492, 0.6181720627377013, 0.5565179241332441, -0.045169171157265514, 0.045986225619840365]], "inverted": true, "swapped": false, "error_lsq": 0.040583980542712665, "error_max": 0.22050515929757797, "target": "522.xyz", "model": "25.xyz", "model_rescale": 4.19342608120988, "target_rescale": 3.932437476305406},
{"mapping": [7, 4, 5, 3, 6, 10, 1, 0, 8, 2, 9, 11], "R": [[0.027583948329808067, 0.9496230565773831, -0.31217811616314034], [-0.3950675335128975, -0.27651562074504, -0.8760483750615723], [-0.9182378612094879, 0.1474963114813853, 0.3675378461339893]], "T": [-0.05432777192364037, 0.019673027423562424, -0.020562061337805044], "aligned_model": [[-0.5048314154209002, 0.05162886884621619, 0.21021161026725177, -0.43400628252099444, -0.643359533667621, -0.5568477249260527, 0.24294609234742842, 0.6232330186218111, -0.25002288391789357, 0.33587499101856905, 0.19743912699959143, -0.09716734911932451], [0.6156900958420092, -0.6740509662659958, 0.16496798081450578, -0.09234180112103738, -0.5521503440580066, 0.223200520996222, 0.19176481388923672, -0.13578867553187957, -0.1973196069648612, -0.567232309497891, 0.7163175401711328, -0.09481704980099065], [-0.5127726271826792, -0.33970143840199696, -0.5903586686514878, -0.5443119211142162, 0.02586614650768616, 0.30081941725698547, 0.39968778108596836, -0.16428781621862631, 0.6877131221718392, 0.4311118597937818, -0.05593658179098078, -0.05334753912369536]], "inverted": true, "swapped": false, "error_lsq": 0.0375924149078652, "error_max": 0.2573359029620469, "target": "522.xyz", "model": "26.xyz", "model_rescale": 3.795458400668931, "target_rescale": 3.932437476305406},
{"mapping": [8, 7, 6, 5, 10, 11, 9, 0, 4, 3, 1, 12], "R": [[-0.49266545504752074, 0.7192141026517777, 0.48991001617605046], [-0.7337977681898636, -0.04071947133675319, -0.6781465623695447], [-0.4677836944597308, -0.6935942612225493, 0.5478187802519658]], "T": [-0.030142039383606357, 0.1032977231522002, 0.06137666654836755], "aligned_model": [[-0.4263938006062533, 0.024862082400515954, 0.06844582253190357, -0.36837602738389613, -0.4924441287331016, -0.6638897839807957, 0.1332735402159165, 0.7169876627483731, -0.4121730557181993, 0.33722663154775073, 0.2708028567014241, -0.01322328119555614], [0.5371915671730718, -0.6353138433912519, 0.2451159464351652, -0.15414575871120528, -0.43882515669755107, 0.257208768269128, 0.23189026942949803, -0.19889788974836986, -0.30054847425512804, -0.47185635453453145, 0.5541359532871057, -0.027714828783487327], [-0.3692883818998603, -0.27274247235930005, -0.7456889966437036, -0.5600580370912833, 0.06950007936168362, 0.35505979194430376, 0.43705418184770156, -0.142947125088198, 0.6857353247205632, 0.3430051547847505, -0.1763842013849937, -0.0387635838590852]], "inverted": true, "swapped": false, "error_lsq": 0.04565305696510246, "error_max": 0.2665165868220894, "target": "522.xyz", "model": "27.xyz", "model_rescale": 3.6321398670334006, "target_rescale": 3.932437476305406},
{"mapping": [4, 8, 3, 7, 12, 6, 13, 0, 9, 10, 1, 14], "R": [[0.9918493784733787, -0.02078301939941877, 0.12570949258753683], [0.012774164200469205, 0.9978563793150438, 0.0641830740090505], [-0.12677393719117525, -0.062054108364516754, 0.9899887153317118]], "T": [0.052459172147028, -0.04417205212901098, -0.018621293181803916], "aligned_model": [[-0.4511572640502808, -0.048683414929705474, 0.2551651240475087, -0.41300241601212684, -0.6744833112447952, -0.593048870856159, -0.032608107601234324, 0.6416101266804218, -0.1296400649883921, 0.41579251269491757, 0.1483984163483391, 0.05675578843958782], [0.5464742643527327, -0.5017123064255268, 0.01095694285729569, -0.15860531258001517, -0.4375307434486074, 0.2351446504840407, 0.43499225509090367, -0.20468401107220516, -0.2701075410814385, -0.6622294019806387, 0.5904994695332348, 0.015041932742668358], [-0.3084051201589165, -0.23646690037246573, -0.6724034976950294, -0.6278321949676853, -0.03687770749055666, 0.31184653157627185, 0.6368498782031321, -0.1472632693344412, 0.5833464666581685, 0.2824860447183217, -0.2063842212568511, 0.0055857244526301]], "inverted": true, "swapped": false, "error_lsq": 0.0412711428564605, "error_max": 0.2280109339348974, "target": "522.xyz", "model": "28.xyz", "model_rescale": 4.156811204709835, "target_rescale": 3.932437476305406},
{"mapping": [8, 6, 5, 0, 7, 9, 4, 1, 3, 11], "R": [[0.111051931863457, -0.8614595535386984, 0.49553496954937587], [0.779963009484959, 0.3845559884489455, 0.4937351472026482], [-0.6158937995016351, 0.33166870422902633, 0.7146122713545289]], "T": [-0.04306284339122435, -0.12360131895271229, 0.04147909427365529], "aligned_model": [[-0.6112514795849203, -0.05954152441222915, 0.1793163926763937, 0.7007113352043065, -0.10832530339071435, -0.7346944693020858, -0.3727429472816638, -0.3573873421575875, 0.17753459457691345, -0.17069388221782478], [-0.18794036953156398, -0.5587674107588717, 0.011577572849935353, 0.2193159707044681, -0.5147594924987893, -0.39565129093031604, 0.5841411468191099, 0.252686162195334, 0.5470435659209042, -0.03892552414400684], [-0.49305259502373133, -0.41049662520866925, -0.604657656113726, -0.15908383613285745, 0.6540012705039504, 0.15898554341643414, -0.2413354232835224, 0.5730374217183094, 0.24241654052916164, 0.038972086569750305]], "inverted": true, "swapped": true, "error_lsq": 0.03813740857558647, "error_max": 0.18902171415436114, "target": "522.xyz", "model": "29.xyz", "model_rescale": 4.117894457231895, "target_rescale": 3.932437476305406},
