[{"mapping": [8, 4, 2, 6, 5, 3, 12, 0, 9, 11, 7, 10, 1, 13], "R": [[-0.09648371662753179, -0.718137730009249, 0.6891800150634819], [0.25607040195987935, 0.6511939677504508, 0.7144049031225436], [-0.961830983939405, 0.2454070437102163, 0.12106420293203116]], "T": [0.03630414350338327, 0.1835967710423147, 0.11987268539818113], "aligned_model": [[0.40667640920370307, -0.2275427206707519, -0.5857943923031793, 0.18694562275247345, 0.7258905032686427, -0.058770165669737716, -0.06317537174699175, -0.6512740472800874, -0.46022947520730656, 0.5809130822331147, -0.09189976107247541, 0.20809970233878491, 0.017331884485466832, 0.039762560642946594], [-0.29330750281016865, -0.22163524670137008, 0.3448107720253583, 0.33200458681860867, 0.48766265153678295, 0.604581743189269, 0.043832732965521815, 0.39133443020891134, -0.3253588388138015, -0.24539736080429148, -0.5105831417073068, -0.6646981185456375, 0.6043767150997977, 0.023624866643868925], [-0.37607673743034414, -0.7044913547393892, -0.30233781073387117, -0.6148575706371946, 0.05342079914640187, -0.1749710609479373, 0.6727647613765091, 0.4018190120341892, 0.29639952316026924, 0.20004113018871655, -0.15044655191559403, 0.6359259684078151, 0.5143703476088846, 0.0892640034693146]], "inverted": true, "swapped": false, "error_lsq": 0.04975180827932174, "error_max": 0.30465713264941463, "target": "524.xyz", "model": "0.xyz", "model_rescale": 3.8414455957264533, "target_rescale": 3.905645658026283},
{"mapping": [5, 10, 8, 6, 2, 9, 0, 13, 11, 4, 3, 1, 7, 14], "R": [[-0.17499653843725962, -0.9842756746784626, 0.024033471893050495], [0.3290817294118108, -0.035467029654857374, 0.9436351546942247], [-0.9279447326766335, 0.17304186211353245, 0.33011374865941695]], "T": [-0.02119021739368083, 0.07881340981760104, 0.030094262097569872], "aligned_model": [[0.387714679368166, -0.16151827680806907, -0.6313606249101786, 0.22880878008670763, 0.6505994180821011, -0.11504972843680955, -0.017107962363017412, -0.637622028537139, -0.6564091717752857, 0.4343499260234739, 0.399291638072928, -0.037445033711984106, 0.21451342252097494, -0.031831206637266005], [-0.17938292988664556, -0.2746588526944514, 0.35228028748773943, 0.3606311110788789, 0.329675326782707, 0.754607719586647, 0.04469810453566836, 0.383830631158898, -0.3759662653108761, -0.041471768895010114, -0.5816821810949313, -0.7143830516377003, 0.5234195297943691, -0.010349371799749763], [-0.4176268794068337, -0.5388931681555006, -0.39086932077993736, -0.6540887969577188, -0.14418055508018174, 0.02863718832975489, 0.754205338277566, 0.34919192353519307, 0.3705905604832514, 0.30181450125127035, 0.04791182782688493, 0.3751638864489299, 0.4297493563292181, 0.029218596885872875]], "inverted": false, "swapped": false, "error_lsq": 0.04938968623563955, "error_max": 0.356270743554371, "target": "524.xyz", "model": "1.xyz", "model_rescale": 4.316132596720782, "target_rescale": 3.905645658026283},
{"mapping": [7, 2, 5, 9, 12, 6, 4, 11, 3, 8, 0, 13], "R": [[-0.3248332914486887, -0.17115472570139892, -0.9301555744264989], [0.71660159799822, -0.6863795624341061, -0.12395662958939457], [-0.6172240132342623, -0.7068162110073902, 0.34560868239115095]], "T": [0.07784706493842208, 0.08249451919185236, 0.01257578700726062], "aligned_model": [[-0.12402694876174392, 0.5573530534967197, 0.09520350883372655, -0.4656284794807858, -0.5293593928908863, -0.4918252283526723, -0.1268398886018584, -0.43125603009810287, 0.5724686942775773, 0.1751433437849839, 0.39258593926326113, -0.026010016838438024], [-0.6922040254692569, -0.49507555233250344, -0.39747661799311457, 0.4406147382524997, -0.22571842948564552, -0.06506694779368483, 0.3711761772289168, 0.6705802854500118, -0.04367400062018817, -0.10718429546821417, 0.47775488628110696, 0.07905020969105259], [0.10653246751734438, 0.17512860695222934, -0.5267205476763966, -0.015673941185112332, -0.3584728010904396, 0.37979524552066996, -0.6300106416323276, 0.5659593642295152, -0.6548081213762875, 0.7250341096291286, -0.3008876651887273, -0.016617614490175674]], "inverted": false, "swapped": true, "error_lsq": 0.044484000874944196, "error_max": 0.2433626869380133, "target": "524.xyz", "model": "2.xyz", "model_rescale": 3.795458400668931, "target_rescale": 3.905645658026283},
{"mapping": [8, 6, 11, 4, 1, 0, 9, 7, 12, 5, 10, 13], "R": [[0.32928015318390924, -0.8790830083712606, 0.34465583574359493], [-0.14502922691314285, 0.3135942848323052, 0.9384162977386377], [-0.9330279224439952, -0.3589870316786523, -0.02423235494938386]], "T": [0.11567810305474885, 0.11797925693335769, 0.015666763839779364], "aligned_model": [[-0.08901116801418626, -0.1218987265788658, -0.7911631057104627, 0.1742058074159002, 0.16251475547849964, 0.056414310796551154, -0.30502207172893936, 0.6264098843834842, 0.3922972722563679, 0.7925686008520683, -0.40933983912027777, 0.10532810571342584], [-0.015984321117189962, -0.5178481896127143, -0.17998846312983963, 0.1871864785355712, 0.6358873220889671, 0.6271497202550715, -0.19858360884256115, -0.4149912146485392, -0.4789347441863387, 0.027863367441255046, 0.38325849076725793, 0.03075420773876973], [-0.6866134808962981, -0.12727289907182324, 0.004782220849608323, 0.7436338202432448, -0.329914665142997, 0.3169704227511077, 0.39935038451370825, -0.30811454241874564, 0.42621209554977707, 0.25064007239054453, -0.07929897591846088, 0.0783969777894348]], "inverted": true, "swapped": true, "error_lsq": 0.04499417312271305, "error_max": 0.21510963112627754, "target": "524.xyz", "model": "3.xyz", "model_rescale": 3.7530521520055578, "target_rescale": 3.905645658026283},
{"mapping": [12, 7, 5, 2, 4, 8, 9, 6, 11, 10, 13], "R": [[-0.10181146433929474, -0.008869191478485583, 0.9947641746522675], [0.7630393094531803, 0.640895492897094, 0.08380918454086711], [-0.6382831957354844, 0.7675769046986167, -0.05848296687915551]], "T": [0.13858036580447836, -0.022878622096348448, 0.04227729115734088], "aligned_model": [[-0.30766208486015, -0.22735426581767898, 0.2854396521847419, 0.38871357900482506, 0.27649695062913826, -0.10501114229077879, -0.26571973040753577, -0.5485153054555512, -0.43153123326413617, 0.21586870049673124, 0.05747448222559878], [-0.5896639867932083, 0.04805974162006767, -0.45166648852960195, 0.3871751228981228, -0.7149943659008571, 0.6754480075221589, -0.3194120074607956, 0.07192534834400513, 0.19392343063310735, 0.26031339457678326, -0.09390483859543614], [-0.24231712987312362, -0.6724243278786894, -0.5199392070726977, -0.5570772797988339, 0.24254206518573707, -0.0354695777888498, 0.45823785346102847, 0.03435361033247002, 0.776602728501191, 0.5607984558653337, 0.04752358631175092]], "inverted": true, "swapped": true, "error_lsq": 0.049243257827696785, "error_max": 0.28734821539102817, "target": "524.xyz", "model": "4.xyz", "model_rescale": 3.7855080009869324, "target_rescale": 3.905645658026283},
{"mapping": [8, 10, 9, 15, 13, 14, 1, 2, 5, 6, 7, 4, 12, 16], "R": [[0.1991458466521441, -0.2847627948422498, -0.9376838925964506], [-0.6855241924640111, 0.6432812331283804, -0.34094843693936505], [0.7002838805140146, 0.7107034583977071, -0.06710499917124153]], "T": [-0.0014941272437474353, 0.043580441221791624, 0.08881538060338], "aligned_model": [[0.42006683463084477, -0.23784607369776625, -0.5125345141497175, 0.11711810479878439, 0.6457874886598766, -0.12208479185442608, -0.0773923093507261, -0.5706130297320419, -0.5291917920461154, 0.5334288657685919, 0.09952563307567645, 0.0541782330649284, 0.23196386803211194, -0.02547268622541903], [-0.08590078855367837, -0.2712857338083191, 0.33156482332278675, 0.39200424999304345, 0.34826640153768534, 0.6976639373475492, 0.1028621323434202, 0.4562166215276527, -0.5699966533285475, -0.29768500819912724, -0.6867319343842864, -0.5113841426329071, 0.5756219519240663, 0.090032432016205], [-0.45966510266181404, -0.5243414698872502, -0.3146901805304748, -0.6486465469407331, -0.02546766352379369, -0.03499928023099079, 0.8397009151823768, 0.3160173724780108, 0.10152632960789115, 0.24202227550443106, -0.04463241419863871, 0.5745269028364748, 0.44306735073420517, 0.07640597061807491]], "inverted": true, "swapped": false, "error_lsq": 0.04318886447019883, "error_max": 0.2790398375002942, "target": "524.xyz", "model": "5.xyz", "model_rescale": 4.2253639853439635, "target_rescale": 3.905645658026283},
{"mapping": [6, 3, 4, 2, 5, 10, 9, 1, 0, 11, 7, 12, 8, 13], "R": [[0.23763235694402385, -0.2518143230069849, -0.9381473283348207], [0.909294447625199, -0.2820177787307415, 0.30602218873435094], [-0.3416349959404222, -0.9257729306953798, 0.16195681628284553]], "T": [-0.013345427797092402, 0.08658429349782648, 0.07165114231604067], "aligned_model": [[0.38216946310043604, -0.17229455903482907, -0.5283351127881549, 0.1249380200397069, 0.5017245625111327, 0.02738336837690007, -0.21742406659727675, -0.597006382708507, -0.6399723710458844, 0.7055296604916842, -0.052723490591392544, 0.32909248903994764, 0.18884123029842964, -0.024988980117589918], [-0.2544676809614653, -0.30443309295999904, 0.2664427929869204, 0.3434111714902359, 0.4190776840490669, 0.8500141230565899, 0.022017773691725737, 0.49630855943624513, -0.38550182194915017, -0.11611904478865093, -0.6903253200287521, -0.6869762342277546, 0.5546007869041651, 0.05719859240636681], [-0.30380789662009133, -0.49830504009169696, -0.379289936674179, -0.5325750196732196, -0.08612184895404346, -0.08336026013950154, 0.6432974500894535, 0.2453511641104723, 0.23759095948919054, 0.2900172406429331, -0.08407951172311151, 0.4662194475893616, 0.6063903243351723, 0.019497386607029696]], "inverted": true, "swapped": false, "error_lsq": 0.04545072197711149, "error_max": 0.30215516372124074, "target": "524.xyz", "model": "6.xyz", "model_rescale": 3.89814844738969, "target_rescale": 3.905645658026283},
{"mapping": [0, 3, 4, 1, 9, 5, 2, 10, 8, 7, 12, 6, 13], "R": [[0.9264367576152001, -0.26513981866711417, 0.26723736770258283], [0.1351026673699426, 0.896769841587633, 0.4213681531492607], [-0.3513718876190329, -0.35426646436836495, 0.8666216410954531]], "T": [-0.0227990541208462, -0.010160396665328184, 0.001762128274275094], "aligned_model": [[0.23132661748659067, -0.17978329659975764, 0.5026849969827368, -0.33761239007592847, 0.5504947224081651, -0.26414011447445546, -0.7814248243743186, 0.22559912133312154, -0.4340864040690555, -0.5781025248044004, 0.14117914487971542, 0.03721163844067369, 0.03528511377113515], [-0.24213026017523298, 0.15187320471626842, 0.3129533341664512, -0.4807561616272491, 0.12179759961071711, 0.5619145437645805, -0.05589674930391442, -0.5422610394826762, -0.3664520840479454, 0.4974065114087497, 0.7357396519486026, 0.199895291781315, 0.06969742271081904], [-0.4831716590809587, -0.8076026797125898, -0.39524567503964664, -0.2614509973976889, 0.28164628080288634, -0.367018064249755, -0.10928617927980754, 0.10277032388995423, 0.5086550453248376, 0.2911627149959492, 0.1363586609995238, 0.6601133745879993, 0.0453438849955914]], "inverted": false, "swapped": true, "error_lsq": 0.04326411160090436, "error_max": 0.24951787994176827, "target": "524.xyz", "model": "7.xyz", "model_rescale": 3.7474275329858107, "target_rescale": 3.905645658026283},
{"mapping": [12, 1, 2, 13, 11, 4, 5, 8, 3, 7, 0, 6, 9, 14], "R": [[0.35350780752570937, -0.6845894965661471, -0.6374711375503019], [-0.7803419955884069, 0.15998161500142488, -0.6045430115241092], [0.5158474580139649, 0.7111561741648916, -0.47765918394571405]], "T": [0.07927528066218346, -0.001998296895198877, -0.02037633738277536], "aligned_model": [[0.48624458998671044, -0.272429071302565, -0.699276940459321, 0.24193469298306153, 0.6426147841628327, -0.3152107138028975, -0.07874941842358553, -0.37066423780363467, -0.4646584680543312, 0.4695944045643415, -0.05862217942631377, 0.07506996055813836, 0.32140891229729346, 0.04967751569487352], [0.017091945049896178, -0.3450408338483281, 0.11413235877617461, 0.6284820276797618, 0.24277481634931689, 0.6412326603755001, -0.0017643887248199666, 0.4155311988227341, -0.3049263126354992, -0.09074646225419658, -0.6442588756674356, -0.6100076677366337, 0.4830741322799155, 0.02567369063915743], [-0.48368418615047215, -0.5890833680230428, -0.3186373064182082, -0.6401733239839104, 0.07561679996618664, -0.22740431043241457, 0.6782291333857463, 0.27700198359035977, 0.335299401558548, 0.5306702818661602, -0.07232705521472194, 0.5248254772231281, 0.5148025887473044, -0.0643116571268936]], "inverted": true, "swapped": false, "error_lsq": 0.04761126181126588, "error_max": 0.3172181463733523, "target": "524.xyz", "model": "8.xyz", "model_rescale": 4.019505241142653, "target_rescale": 3.905645658026283},
{"mapping": [6, 7, 8, 11, 9, 10, 1, 12, 4, 5, 2, 0, 13], "R": [[0.6149380364817009, -0.71244404593879, -0.33804540034498076], [-0.5677968159981988, -0.10254721182422719, -0.816756294796303], [0.5472275459352707, 0.694195614184824, -0.46758364194678254]], "T": [0.06789282371868398, -0.0007340397185395392, 0.057752210572914284], "aligned_model": [[-0.20763349015488874, -0.7318782134837533, -0.08825597280414625, 0.5227721739836367, 0.28703329368305125, 0.5795099095064108, 0.25366341914180274, -0.3779014464259487, 0.295321269688793, -0.39820123535931784, -0.3786318432143204, 0.5241408581921635, 0.039762048987693574], [-0.46222016471204136, 0.0005916458563616084, 0.23767454400667226, -0.5508495288931947, -0.61161849252953, 0.046339719094267685, 0.5905867005474819, -0.5643687880831649, -0.3558830121282971, 0.053015102579811874, 0.6191489014191847, 0.16487122133387666, -0.10390962037737007], [-0.3807302244174327, -0.04276316601108872, -0.6291396154317431, -0.5760631715875218, 0.0010825929426826059, -0.2440215821897077, -0.017600480345541944, 0.349223131993132, 0.6579993898818427, 0.6067343897672234, -0.021604332716191207, 0.40121004090478124, 0.07237652125344406]], "inverted": false, "swapped": true, "error_lsq": 0.050620174083418124, "error_max": 0.26124904536756033, "target": "524.xyz", "model": "9.xyz", "model_rescale": 3.877068213659057, "target_rescale": 3.905645658026283},
{"mapping": [3, 12, 0, 5, 4, 1, 9, 8, 11, 2, 6, 14, 7, 15], "R": [[0.15932937940299757, 0.763101983087471, -0.6263301942801612], [0.5258261224613867, 0.47135507061296295, 0.7080475170104554], [0.8355363773027947, -0.4421535489119335, -0.3261582459302602]], "T": [0.07357576902239268, -0.08576053454227456, 0.06409650261634425], "aligned_model": [[0.4648345107929811, -0.31485704182387464, -0.5611759376323302, 0.047101113002072564, 0.6051965836957344, -0.04041174212500523, -0.13135570804101898, -0.3943954742807848, -0.654140067310816, 0.41473707128523774, 0.16328200013179517, 0.1923814622056819, 0.2343326055603202, 0.0014044555146089238], [-0.10212981754293313, -0.2813757814082886, 0.24722670503611682, 0.31229932424682777, 0.3281313448882536, 0.7280073946276193, -0.18516492198499535, 0.3531934329191065, -0.2081627641266353, 0.03509615112813744, -0.6142718093737485, -0.6417026010480837, 0.6522067723911451, -0.0521051406469779], [-0.43531313514644987, -0.5433982235872221, -0.28227873438923257, -0.6080960915498925, -0.00042869627903599494, -0.21464211142985973, 0.6835859386565393, 0.492635025621323, 0.07422724821279165, 0.6202960938752625, -0.2407529677801193, 0.5991994577521517, 0.37368988565377653, 0.022100769377737257]], "inverted": true, "swapped": false, "error_lsq": 0.042594848786070304, "error_max": 0.27582756431171596, "target": "524.xyz", "model": "10.xyz", "model_rescale": 4.260839863003843, "target_rescale": 3.905645658026283},
{"mapping": [12, 7, 8, 6, 10, 9, 4, 5, 2, 1, 0, 13], "R": [[0.016951008538921064, 0.9373269640686495, -0.3480385405948058], [0.9301276016247524, -0.14249562842488223, -0.3384636473472212], [-0.3668450735737085, -0.3179829528601286, -0.8742491256415724]], "T": [-0.04768919439812094, 0.07097335320737293, 0.01489049425858937], "aligned_model": [[0.33208805658164053, 0.30150283596548844, -0.4859598919899065, -0.3421066997521782, -0.5636835495913654, -0.3216387408234811, 0.2599878102948282, 0.6651130070670865, 0.23868079345671542, -0.10438419086081668, 0.018192996552963484, -0.038893777806844325], [0.019001172963390225, -0.6166122614339982, -0.49895896797364186, -0.28591534398831836, 0.2914127627569041, 0.3562500936515008, 0.6755000042688222, 0.00299626504038987, -0.4729022409901739, 0.03433439269407708, 0.5863925577877197, 0.08158007075626234], [-0.6592312239869609, -0.21969373110346996, 0.20498895555439284, -0.5019265230196694, 0.2153691598646639, -0.502779896240671, -0.2644543747617918, -0.07895092702881779, 0.4754642320555543, 0.63560961267679, 0.30394625554120613, -0.09216346215572166]], "inverted": false, "swapped": true, "error_lsq": 0.04245550396226478, "error_max": 0.20285011545776807, "target": "524.xyz", "model": "11.xyz", "model_rescale": 3.890672605050136, "target_rescale": 3.905645658026283},
{"mapping": [3, 8, 5, 7, 4, 12, 11, 9, 6, 2, 0, 1, 10, 13], "R": [[-0.9613054433537812, -0.27293565406049786, -0.037389481421363585], [0.13036052326051223, -0.33111941278177, -0.9345405654407417], [0.2426890573421796, -0.9032530449556337, 0.35388692858699966]], "T": [-0.083447379302159, -0.03676233326494701, 0.09822672528146822], "aligned_model": [[0.44604638510696887, -0.30778882854940265, -0.5534852851673546, 0.03953725282061368, 0.6035697879328462, -0.009378167760692405, -0.0962220254769994, -0.7163492058439226, -0.4945504923244374, 0.43381102184198955, 0.242074507332378, 0.14235276845725198, 0.2928131487071245, 0.004502963898238815], [-0.2570380538663119, -0.36347124040133755, 0.4112805815178721, 0.41775406045455216, 0.08964374356569171, 0.6894748360341488, 0.055506450707558684, 0.35930453346798036, -0.41384676204188037, 0.06784270355600924, -0.4957569405674584, -0.7160124932642379, 0.6562247254890557, 0.07034214445390069], [-0.6257747362967773, -0.5035400484652421, -0.3299018715184143, -0.6125853443812863, 0.042675312249782, -0.05085537483499286, 0.6405231790911855, 0.3181965665276314, 0.2426563205136192, 0.5747408031261563, -0.080809560248367, 0.4030739063460209, 0.5198159280656636, 0.0026093788127905804]], "inverted": true, "swapped": false, "error_lsq": 0.04812398885271531, "error_max": 0.2439848637554499, "target": "524.xyz", "model": "12.xyz", "model_rescale": 4.124412569039231, "target_rescale": 3.905645658026283},
{"mapping": [6, 9, 4, 8, 12, 7, 10, 2, 0, 1, 5, 3, 13], "R": [[-0.29740568712765203, -0.9426936626780458, 0.1512564564267611], [-0.8506762036276836, 0.3335675325191161, 0.40630370147304906], [-0.4334741674491357, -0.007833236608192712, -0.9011319473631589]], "T": [0.016837107587248434, 0.14915667488000114, 0.006333526615868579], "aligned_model": [[-0.18638631345025178, -0.04263102889570486, 0.5006966749726256, -0.5585682682032935, 0.5507439575685624, 0.277381425283575, -0.4816714391076795, 0.05375463436804239, 0.09861993473000642, -0.21532634147104807, 0.700601505455134, 0.6133011044227983, 0.05678246183699153], [-0.2302111765291113, 0.3933900894019143, 0.6494132971599674, -0.31016127786352, -0.06173241370621724, -0.6118929135323753, 0.4752079181652572, -0.3580112896594102, 0.6851528646971744, 0.2148975174231382, -0.04300160844851161, 0.40227573782039816, 0.14215863157977324], [0.5503292191102014, 0.6073554777948216, 0.23822660073211957, -0.09843837744360523, 0.5277174799071985, 0.05789894926940219, -0.008336812892136681, -0.5693003429725365, -0.23773676316032727, -0.5695373222420522, -0.12426324836405195, -0.528579338462285, 0.10636255969109079]], "inverted": true, "swapped": true, "error_lsq": 0.038929463286705095, "error_max": 0.21793109943276134, "target": "524.xyz", "model": "13.xyz", "model_rescale": 3.9028299243045295, "target_rescale": 3.905645658026283},
{"mapping": [13, 12, 1, 14, 10, 9, 3, 6, 2, 4, 5, 0, 7, 15], "R": [[0.30912584939898813, -0.4774997922571068, 0.8224567816169884], [-0.7155680283194384, 0.45285551801893553, 0.5318686648476608], [-0.6264212688601704, -0.752938130389358, -0.20169423820573715]], "T": [-0.06806831140401093, -0.05070169678633515, 0.024685670046707152], "aligned_model": [[0.40385245616549487, -0.199388090787456, -0.6709260054195443, 0.23890494027643838, 0.6049125179237568, -0.09554809518564467, -0.13502133567681426, -0.4762440801925705, -0.6463889671419168, 0.45572012439407483, 0.282419309217723, -0.013873473477761022, 0.33216617091130224, -0.053651640032480574], [-0.18131325439318083, -0.31206943096037937, 0.12677152833208322, 0.4787597792016987, 0.2622857874027539, 0.7218805168856375, 0.009328992710768223, 0.39012781390625123, -0.45774977339884143, -0.17268949488792193, -0.3923399433125404, -0.6223813596908118, 0.6593698582612281, 0.06126726904879882], [-0.6021179371153419, -0.6067272788514728, -0.14043431927968236, -0.6144454753219543, -0.04230865917054217, -0.03194507305888434, 0.6416160178959428, 0.3135976748606997, 0.22964140192245225, 0.43715133591627964, -0.1254594929009152, 0.6225666714243228, 0.41995608598407413, 0.03973350668279131]], "inverted": false, "swapped": false, "error_lsq": 0.04105343433259331, "error_max": 0.2744981541146604, "target": "524.xyz", "model": "14.xyz", "model_rescale": 3.942246331269136, "target_rescale": 3.905645658026283},
{"mapping": [4, 11, 8, 13, 3, 12, 2, 0, 7, 5, 10, 9, 1, 14], "R": [[0.7620660687598441, -0.6152328981009734, -0.20185090522262664], [-0.6311011955140919, -0.7754661590892871, -0.01906612514362775], [-0.14479843875401607, 0.14191799463628896, -0.9792306648245925]], "T": [0.025689752653083944, -0.02857725526065364, -0.021214237593016855], "aligned_model": [[0.45551380239701833, -0.21335967747713963, -0.7165045304550804, 0.07255587567055106, 0.6509941817331039, 0.12732656473008513, -0.18138242208469602, -0.4611231760736201, -0.6392744277726027, 0.33094393847830395, 0.34813688709047647, -0.019119788627981152, 0.28204125591268314, -0.00981465254649988], [-0.09109398369731683, -0.25120952882160685, 0.09369164497646998, 0.3979136841253098, 0.31738895828633124, 0.7646843408401314, 0.005043479913407582, 0.3250027255574132, -0.32359121068198027, 0.023129792382549925, -0.6296216398787293, -0.7196692697165962, 0.6195090526845428, 0.04007024313561681], [-0.4149234219536372, -0.6594941647253418, -0.20298026424308555, -0.7117494587369539, 0.05526896682153967, -0.18998110858731918, 0.7127058392922038, 0.4015290089023966, 0.42797270899659334, 0.5327946264600049, -0.2304366294523843, 0.3893295952650222, 0.3921977603111634, 0.038591000637567305]], "inverted": false, "swapped": false, "error_lsq": 0.05008286352033986, "error_max": 0.33326195189609104, "target": "524.xyz", "model": "15.xyz", "model_rescale": 4.355366556412066, "target_rescale": 3.905645658026283},
{"mapping": [7, 2, 5, 9, 12, 6, 4, 11, 3, 8, 0, 13], "R": [[-0.3248332914486887, -0.17115472570139892, -0.9301555744264989], [0.71660159799822, -0.6863795624341061, -0.12395662958939457], [-0.6172240132342623, -0.7068162110073902, 0.34560868239115095]], "T": [0.07784706493842208, 0.08249451919185236, 0.01257578700726062], "aligned_model": [[-0.12402694876174392, 0.5573530534967197, 0.09520350883372655, -0.4656284794807858, -0.5293593928908863, -0.4918252283526723, -0.1268398886018584, -0.43125603009810287, 0.5724686942775773, 0.1751433437849839, 0.39258593926326113, -0.026010016838438024], [-0.6922040254692569, -0.49507555233250344, -0.39747661799311457, 0.4406147382524997, -0.22571842948564552, -0.06506694779368483, 0.3711761772289168, 0.6705802854500118, -0.04367400062018817, -0.10718429546821417, 0.47775488628110696, 0.07905020969105259], [0.10653246751734438, 0.17512860695222934, -0.5267205476763966, -0.015673941185112332, -0.3584728010904396, 0.37979524552066996, -0.6300106416323276, 0.5659593642295152, -0.6548081213762875, 0.7250341096291286, -0.3008876651887273, -0.016617614490175674]], "inverted": false, "swapped": true, "error_lsq": 0.044484000874944196, "error_max": 0.2433626869380133, "target": "524.xyz", "model": "16.xyz", "model_rescale": 3.795458400668931, "target_rescale": 3.905645658026283},
{"mapping": [0, 3, 4, 1, 9, 5, 2, 10, 8, 7, 12, 6, 13], "R": [[0.9264367576152001, -0.26513981866711417, 0.26723736770258283], [0.1351026673699426, 0.896769841587633, 0.4213681531492607], [-0.3513718876190329, -0.35426646436836495, 0.8666216410954531]], "T": [-0.0227990541208462, -0.010160396665328184, 0.001762128274275094], "aligned_model": [[0.23132661748659067, -0.17978329659975764, 0.5026849969827368, -0.33761239007592847, 0.5504947224081651, -0.26414011447445546, -0.7814248243743186, 0.22559912133312154, -0.4340864040690555, -0.5781025248044004, 0.14117914487971542, 0.03721163844067369, 0.03528511377113515], [-0.24213026017523298, 0.15187320471626842, 0.3129533341664512, -0.4807561616272491, 0.12179759961071711, 0.5619145437645805, -0.05589674930391442, -0.5422610394826762, -0.3664520840479454, 0.4974065114087497, 0.7357396519486026, 0.199895291781315, 0.06969742271081904], [-0.4831716590809587, -0.8076026797125898, -0.39524567503964664, -0.2614509973976889, 0.28164628080288634, -0.367018064249755, -0.10928617927980754, 0.10277032388995423, 0.5086550453248376, 0.2911627149959492, 0.1363586609995238, 0.6601133745879993, 0.0453438849955914]], "inverted": false, "swapped": true, "error_lsq": 0.04326411160090436, "error_max": 0.24951787994176827, "target": "524.xyz", "model": "17.xyz", "model_rescale": 3.7474275329858107, "target_rescale": 3.905645658026283},
{"mapping": [5, 8, 3, 10, 12, 11, 2, 1, 0, 9, 4, 6, 7, 13], "R": [[0.09766925815377897, -0.20083302810091883, -0.974744484896173], [0.4922782533888894, -0.841467267792153, 0.22269925566735357], [-0.8649409443725478, -0.5015963836175701, 0.01668024849037525]], "T": [-0.008620644153071344, 0.09899970258831245, 0.03630287945160213], "aligned_model": [[0.4881168842621128, -0.3082649842963436, -0.5200687410203966, 0.1176930432775373, 0.6842264698127447, -0.08193623164384717, -0.19490735816898738, -0.5671001097446657, -0.6096283460251999, 0.5335070771954522, 0.11705199146720235, 0.16211689479867444, 0.2590552107007317, -0.05292796964041306], [-0.1468789639662336, -0.2742312907758192, 0.3374717216248876, 0.3108474014524275, 0.370339348625087, 0.80397226663866, -0.06539631206440613, 0.40078692503303015, -0.4449587818703571, -0.1706701441840557, -0.706893243789371, -0.5039900492687983, 0.6228447062629654, 0.03800470538752727], [-0.4284717389040327, -0.5001356969308447, -0.3407131966733352, -0.6083712826777002, -0.038360340887310496, -0.10289184161645917, 0.7012118464216212, 0.3111547953832654, 0.24134263232084205, 0.3210832743935643, -0.11851562608166905, 0.48602597582128226, 0.5067870246570336, 0.11067863376151213]], "inverted": true, "swapped": false, "error_lsq": 0.036158277777445506, "error_max": 0.2441267655847946, "target": "524.xyz", "model": "18.xyz", "model_rescale": 3.922800546911778, "target_rescale": 3.905645658026283},
{"mapping": [2, 1, 5, 0, 9, 3, 13, 12, 8, 11, 6, 4, 7, 14], "R": [[0.9708137408765042, 0.062225851640625274, -0.23162172590879038], [-0.012849082255374608, 0.9778631744167982, 0.2088504565585078], [0.2394902536859539, -0.19977876640699693, 0.9501225515070865]], "T": [-0.02893744631651213, -0.03728812140909763, 0.03497930466822821], "aligned_model": [[0.5141969069721578, -0.13322322197406097, -0.6694437585336418, -0.13037498228626349, 0.7167092499046269, 0.039394401415248054, -0.1552733537643697, -0.4721331897548752, -0.5372772581614834, 0.44326408867309725, -0.01951164192457106, 0.16451597225014672, 0.2506617500432036, 0.015428868115387216], [0.020338195333379598, -0.3599803038154956, 0.22382377208566726, 0.4430687295838104, 0.28131135054582, 0.5799026279510092, -0.04803397178518307, 0.5461453797864559, -0.3550708408283706, -0.05889522145077942, -0.715919553415555, -0.5915206828001577, 0.5682810820478031, 0.03779772586713923], [-0.4285001929195077, -0.6230307684652651, -0.28767525251531223, -0.6413418894972663, -0.03746768836482718, -0.11849897091166736, 0.710062641752774, 0.3209809257253958, 0.15743514549883028, 0.5677104341792135, -0.08805851723033052, 0.4583812199106406, 0.4746624272442843, 0.07616494458080694]], "inverted": false, "swapped": false, "error_lsq": 0.03945679009777724, "error_max": 0.29475887349664354, "target": "524.xyz", "model": "19.xyz", "model_rescale": 3.9282355846067225, "target_rescale": 3.905645658026283},
{"mapping": [8, 11, 0, 4, 6, 3, 2, 1, 10, 7, 9, 12, 5, 13], "R": [[-0.3395953798311526, -0.8818627662044323, 0.3270979051898709], [0.3504607377790112, 0.20408608998700928, 0.9140711893223663], [-0.8728414800367397, 0.42504932590945366, 0.23975158241645178]], "T": [0.1159376041051818, 0.034480101494303514, 0.029987966044788046], "aligned_model": [[0.5699576749304378, -0.3318832843286444, -0.5686855179728889, 0.05046787228763282, 0.6365204319403125, -0.061809053120060756, -0.2377610583482498, -0.44483630796700796, -0.5612089071223343, 0.4315014721751991, 0.205312778712266, 0.17089722700561916, 0.20374090181426546, -0.03528039903194448], [-0.16114649300786715, -0.2609487132628719, 0.2744305416903545, 0.2330977678874775, 0.4279762742600425, 0.7409015524846727, 0.11858615601669718, 0.4685245754017255, -0.41187622845373545, -0.16106367813048594, -0.6044277599622966, -0.7604432011917668, 0.5930732516846907, 0.07456424368890646], [-0.5481275846364736, -0.44492406646172095, -0.3075204859421731, -0.5663614128867911, 0.061584412663964354, -0.15903565302825345, 0.769271158151309, 0.2721424838971165, 0.320630320217723, 0.5302677395699257, -0.2194787611367977, 0.3264179374796572, 0.43981039798376975, 0.06614797311651416]], "inverted": true, "swapped": false, "error_lsq": 0.04571586959294836, "error_max": 0.2861378556921969, "target": "524.xyz", "model": "20.xyz", "model_rescale": 4.067790424073018, "target_rescale": 3.905645658026283},
{"mapping": [0, 3, 11, 12, 7, 9, 5, 13, 6, 8, 2, 4, 1, 14], "R": [[-0.21001091506349784, -0.47473558977215147, 0.8547055255220244], [-0.6178518011989029, -0.6130757526838536, -0.49233857580571294], [0.75772987753517, -0.6314778232644548, -0.16456363940956842]], "T": [-0.03746766337697811, 0.037382474328363884, 0.05811424416455975], "aligned_model": [[0.5114417316813052, -0.29986425790257454, -0.5899823397449805, -0.10215113405232354, 0.6453702121487352, 0.20025201998083467, -0.06456059967346062, -0.513997231397616, -0.5510139277055743, 0.413873178335397, 0.08872171750719277, 0.08952518980400898, 0.26021671734741036, -0.060897445353752626], [-0.20373510538640865, -0.31851987460398434, 0.19040238052890848, 0.40492009687895386, 0.3380374865841551, 0.747081361812753, 0.01314317232151433, 0.4156852476804105, -0.49018825129451776, -0.03436760679316967, -0.6617937102392434, -0.6049416462593519, 0.6656910752942232, 0.10983366258130073], [-0.3226991199525606, -0.6686777218454029, -0.2407915849580689, -0.611024016233797, 0.05983370971713317, -0.15132964024501622, 0.6473039843153379, 0.40442348105178466, 0.13225105388322272, 0.3991586213157916, -0.16313411091290714, 0.520461553109306, 0.49390939409613094, 0.04113885564681539]], "inverted": true, "swapped": false, "error_lsq": 0.044024444169607775, "error_max": 0.2792769884911644, "target": "524.xyz", "model": "21.xyz", "model_rescale": 4.186013935880536, "target_rescale": 3.905645658026283},
{"mapping": [4, 9, 12, 3, 1, 5, 0, 10, 7, 6, 8, 2, 13], "R": [[0.15464404595731424, -0.9540318722296058, 0.256726324750745], [0.5810538228319214, -0.1223336857516259, -0.804618496122748], [0.7990379678227828, 0.273601272110521, 0.5354256903410055]], "T": [-0.0929548137737412, -0.055634086456210305, 0.01930844527754436], "aligned_model": [[0.09845815607689261, -0.4052298140772093, 0.30458050240604784, 0.5073720818893214, -0.15527894039082746, 0.621476906605335, -0.13416135272298818, -0.6460993821664753, 0.38742727595228904, -0.30145890836322836, -0.41716849328493427, 0.2826529152146804, -0.08399691171567816], [-0.46361207716213654, 0.02946606615524268, 0.2777012521068983, -0.6343373884983735, -0.34375385699456446, -0.07443703191520751, -0.6480521491957479, -0.2543236632722983, 0.5781650309800466, 0.5657396930970415, 0.3937331920396881, 0.10199788719050636, -0.009330294985002027], [-0.5595405859740642, -0.5460729251581287, -0.5570813389364401, 0.12265465623870828, 0.5697188931140762, -0.08436335145043714, -0.010583238401751207, 0.11723158738036878, 0.1507258601334285, -0.20778560487891665, 0.5152883028488019, 0.6704671008019737, -0.07777979438227353]], "inverted": true, "swapped": true, "error_lsq": 0.05058231726401113, "error_max": 0.28448927946747615, "target": "524.xyz", "model": "22.xyz", "model_rescale": 4.166573947596378, "target_rescale": 3.905645658026283},
{"mapping": [1, 5, 13, 6, 2, 12, 9, 14, 10, 3, 0, 8, 11, 15], "R": [[0.16311767506952654, -0.4721965315705374, -0.8662696229538855], [0.9225989065698756, 0.3841097331608676, -0.03565067302530228], [0.34957671786888533, -0.7934041520334021, 0.49830309035784254]], "T": [0.041222011909263986, 0.023687815724356492, 0.11263226460733136], "aligned_model": [[0.37289355635418037, -0.28454153302863794, -0.7114253415069196, 0.22063173144277914, 0.650528564702524, -0.07385778173886613, -0.09164820589630747, -0.6365463061419863, -0.6644561259845593, 0.5200152563954719, 0.21895908679307657, 0.12750526337678258, 0.3234336950715805, 0.05544197113548403], [-0.16046059202024232, -0.2058660272424695, 0.016237264143187078, 0.4209073965593899, 0.1941387447451953, 0.6668372920147043, 0.08627462150781713, 0.4068258107857182, -0.2208328324683479, 0.048252189122055124, -0.6828425913551187, -0.6344836677662993, 0.6304188271865877, 0.005841853893366403], [-0.4908430135920281, -0.6169190544717305, -0.27502685056022813, -0.5111757099369267, -0.11649923630037656, 0.06266480048744531, 0.6947641768439116, 0.2533914455035884, 0.16892836935894154, 0.47537221637720906, -0.25612250339149945, 0.5746329562270394, 0.5301575608986027, 0.04749930154382129]], "inverted": false, "swapped": false, "error_lsq": 0.042892568359227674, "error_max": 0.2336903300282153, "target": "524.xyz", "model": "23.xyz", "model_rescale": 4.274766983524099, "target_rescale": 3.905645658026283},
{"mapping": [10, 4, 3, 1, 5, 2, 8, 7, 6, 12, 13], "R": [[0.438027888464783, -0.3772000805232598, 0.8159973456944147], [0.6790177490985476, 0.7336841499294091, -0.02534688445356753], [-0.5891234720635614, 0.5651793232201678, 0.5774996686303531]], "T": [0.04102101840124481, 0.04645143230792735, -0.09648353973640744], "aligned_model": [[0.2557573985976961, 0.16963469135561063, -0.6180609979337567, -0.3981342590222062, -0.34994554569821623, -0.5873720278621828, 0.06840164682047539, -0.12930302184551082, 0.550271264362259, 0.3004721146539271, 0.1181734405299795], [-0.2930884852440922, 0.7166487995490479, 0.5202954072058926, -0.29899052407505716, 0.5579194955550728, -0.25406329894499746, -0.6566075370326147, 0.03338020858068616, -0.115300874591887, 0.597763584648924, 0.10762975559250809], [-0.5365248271696701, -0.3656399607645302, -0.31340084187634193, -0.3751615925189972, 0.2307161566464358, 0.2271670057037839, 0.14434807550250744, 0.6912712918858578, 0.3458414733417307, 0.3832163646056822, -0.05226671133488048]], "inverted": false, "swapped": true, "error_lsq": 0.05049202311898144, "error_max": 0.24938444935820644, "target": "524.xyz", "model": "24.xyz", "model_rescale": 3.7841303162186577, "target_rescale": 3.905645658026283},
{"mapping": [4, 6, 7, 1, 2, 8, 14, 10, 11, 12, 3, 13, 9, 15], "R": [[0.6910720107202429, 0.6189641896264992, -0.3732329138207018], [0.5659511579966605, -0.14220049407740512, 0.8120826966795812], [0.44957620350872585, -0.7724392218447694, -0.4485742812450662]], "T": [-0.04406588295396677, 0.13103409965715299, 0.004768446446101728], "aligned_model": [[0.4173088062742165, -0.19593835750089675, -0.664645072573682, 0.06477481703630142, 0.6737073167053736, 0.1742216007120772, -0.03265528844840651, -0.6082005449266242, -0.5628975955112252, 0.4664892789035362, 0.20438014343252842, -0.05688454426294501, 0.19937718094467693, -0.052103909810328225], [-0.08430784615611614, -0.3498630963220941, 0.15302674953778808, 0.4870480476920095, 0.362521518842695, 0.6367741472011135, 0.11423356505862728, 0.42348225736982614, -0.4249356909622095, -0.12909738699588177, -0.6220759220274181, -0.48652588460209745, 0.4150944885332891, 0.07587334193601215], [-0.540635610534874, -0.5126280075592562, -0.18811326046884794, -0.6390049334271783, 0.001898509716571281, -0.20979008268719118, 0.7977920921722521, 0.45363508976977024, 0.1103090316550647, 0.5015953204982977, -0.13701221106463526, 0.484826094062511, 0.45441928725183495, -0.03646686039654941]], "inverted": true, "swapped": false, "error_lsq": 0.04671478689023884, "error_max": 0.38940950318171264, "target": "524.xyz", "model": "25.xyz", "model_rescale": 4.19342608120988, "target_rescale": 3.905645658026283},
{"mapping": [7, 2, 5, 9, 12, 6, 4, 11, 3, 8, 0, 13], "R": [[-0.3248332914486887, -0.17115472570139892, -0.9301555744264989], [0.71660159799822, -0.6863795624341061, -0.12395662958939457], [-0.6172240132342623, -0.7068162110073902, 0.34560868239115095]], "T": [0.07784706493842208, 0.08249451919185236, 0.01257578700726062], "aligned_model": [[-0.12402694876174392, 0.5573530534967197, 0.09520350883372655, -0.4656284794807858, -0.5293593928908863, -0.4918252283526723, -0.1268398886018584, -0.43125603009810287, 0.5724686942775773, 0.1751433437849839, 0.39258593926326113, -0.026010016838438024], [-0.6922040254692569, -0.49507555233250344, -0.39747661799311457, 0.4406147382524997, -0.22571842948564552, -0.06506694779368483, 0.3711761772289168, 0.6705802854500118, -0.04367400062018817, -0.10718429546821417, 0.47775488628110696, 0.07905020969105259], [0.10653246751734438, 0.17512860695222934, -0.5267205476763966, -0.015673941185112332, -0.3584728010904396, 0.37979524552066996, -0.6300106416323276, 0.5659593642295152, -0.6548081213762875, 0.7250341096291286, -0.3008876651887273, -0.016617614490175674]], "inverted": false, "swapped": true, "error_lsq": 0.044484000874944196, "error_max": 0.2433626869380133, "target": "524.xyz", "model": "26.xyz", "model_rescale": 3.795458400668931, "target_rescale": 3.905645658026283},
{"mapping": [2, 5, 7, 8, 11, 0, 3, 1, 4, 6, 10, 9, 13], "R": [[-0.2370666848844527, 0.7014988100721031, 0.6720854159891576], [0.49355986254808243, -0.5089074627590399, 0.7052743128951134], [0.8367783750787383, 0.49891142882838413, -0.22558665116758703]], "T": [-0.10634422383160844, -0.0646101484814311, -0.04156841651693446], "aligned_model": [[-0.021474031282465333, 0.2979074979212961, 0.5866942629416464, -0.11552406645638534, -0.2630917708342356, -0.570298643788116, -0.26592025248195506, -0.5592522896628783, -0.1063327870679389, 0.33967439922952936, -0.5887247178590534, -0.002987268566549822, -0.030993949271637455], [-0.7212430840623714, -0.5338714107045417, -0.3661983884079982, -0.039428163712035835, 0.8340124443250777, -0.14448859365372685, -0.7023968611386319, -0.429521194742333, 0.07034280990002317, 0.3697135135939321, 0.24095992293668306, 0.543717823860382, 0.0002826850624553512], [-0.4308842756634752, 0.3297649761575377, -0.3217130215139996, -0.7847528338817362, -0.32294335427238063, 0.3216345334505773, 0.48162746745873963, -0.26864367329983424, 0.6794994483901794, -0.34747916075033414, -0.2117782683833789, 0.16740101591177822, 0.0004038084957528956]], "inverted": false, "swapped": true, "error_lsq": 0.041948640445280676, "error_max": 0.2670265678280705, "target": "524.xyz", "model": "27.xyz", "model_rescale": 3.6321398670334006, "target_rescale": 3.905645658026283},
