[{"mapping": [4, 7, 11, 8, 6, 12, 9, 1, 2, 0, 5, 3, 2, 13], "R": [[0.7617452656292666, 0.5932443372620744, -0.260394521059642], [-0.644494338618238, 0.7348849786211019, -0.2111187241485289], [0.06611503445085834, 0.32864148323597975, 0.9421377700294247]], "T": [-0.11865061038823571, 0.0750397479403991, 0.14899101015692057], "aligned_model": [[0.41024747643750187, -0.13882457006400906, -0.7076282568056835, -0.2518740123173653, 0.29224929458849896, -0.44838483400142976, -0.0919280938091099, -0.18345271794032578, 0.6286644440564344, 0.2559200865313535, -0.42554972993963586, 0.29473288252325086, 0.6286644440564344, -0.16530900238086682], [-0.4682807756381108, -0.16896864393139088, -0.2654403917662017, -0.6130731566566247, -0.5620490840356546, 0.5414049095946626, 0.43240252734557, 0.4607008545720381, 0.15433149033223914, 0.7474101868573885, -0.3483516299577509, -0.02678269092567921, 0.15433149033223914, 0.023188221302247486], [-0.4327940438119218, -0.5661644963747792, -0.006702430068472487, -0.19645259931961445, 0.24811402690455236, 0.05465816462047629, -0.4900089294109295, 0.573385061848787, -0.013770393125705438, 0.09397082785646735, 0.6957578086932608, 0.4522179623386075, -0.013770393125705438, 0.0017691507156193664]], "inverted": true, "swapped": false, "error_lsq": 0.05100777349965565, "error_max": 0.3498790135883693, "target": "525.xyz", "model": "0.xyz", "model_rescale": 3.8414455957264533, "target_rescale": 3.9876440507479938},
{"mapping": [8, 13, 7, 9, 6, 0, 11, 3, 12, 1, 2, 5, 10, 14], "R": [[-0.6841642588607968, -0.26772264256862854, 0.6784127457186568], [0.7283976653956346, -0.20385626981211308, 0.6541249592428653], [-0.03682537092339733, 0.9416831780988557, 0.33447972157066996]], "T": [-0.05899342049519794, -0.03222731966324183, 0.05836108345454023], "aligned_model": [[0.4107331842689711, -0.2014533827319187, -0.6666299806928623, -0.30719912177967174, 0.2773765674283578, -0.6344767264849839, 0.11121829434273407, 0.03892487663958645, 0.5132089899836225, 0.003865043386637637, -0.29230260125330204, 0.2510117331211425, 0.6094292466262811, -0.01617871191954743], [-0.4227905155831068, -0.08298186594889015, -0.23947535530544597, -0.6086176275700557, -0.6368403886166949, 0.3555098215317744, 0.5858933763126979, 0.5100063748040924, 0.18751377419150073, 0.8255852490357154, -0.3950544142288845, -0.06718585380702505, 0.003922302854208526, 0.04533842975508566], [-0.44275736987776143, -0.6845898811657231, 0.030413551028231497, -0.20936605897672766, 0.42074960680846296, -0.1513917314780589, -0.5030836417572333, 0.6149322915767226, -0.3961582197448084, 0.15165793050337983, 0.6571332047506698, 0.6388759330529984, 0.20078876082254438, 0.07300534219794576]], "inverted": true, "swapped": false, "error_lsq": 0.04527591293789259, "error_max": 0.32123024719375287, "target": "525.xyz", "model": "1.xyz", "model_rescale": 4.316132596720782, "target_rescale": 3.9876440507479938},
{"mapping": [9, 11, 7, 1, 5, 8, 2, 0, 10, 12, 4, 13], "R": [[0.22175947385549555, -0.4684697337715416, 0.8551952082977046], [-0.1300898259618452, -0.8834057563078419, -0.4501898565087689], [0.966384692002388, -0.011418330096386708, -0.2568467418544749]], "T": [-0.1122471766275869, 0.06074264000351976, -0.06820429678245366], "aligned_model": [[-0.32461989609042813, 0.4953101851089452, 0.17609166067071222, -0.6654218824303463, -0.4416033701831975, -0.3922129054155975, -0.2119992661547838, -0.21591746761613403, 0.4837455202614942, 0.2732658605099414, 0.5497616457184759, -0.1285915297473008], [-0.668445915764125, -0.2415072210103547, -0.5162599537331517, 0.4025819716330296, -0.22003754497792416, -0.0867685789953079, 0.3836962819071846, 0.576942947995656, 0.007657010283227524, -0.03802424501039325, 0.43289060813306024, -0.01994893271992059], [0.0934320876106437, 0.03865628377094829, -0.43172084822102663, -0.004510081593894669, -0.5168125356822597, 0.5359849989232033, -0.737295055023124, 0.40711908580330886, -0.49544700843524164, 0.56549084572997, 0.06815867472527071, -0.07379798639837688]], "inverted": false, "swapped": true, "error_lsq": 0.04034891579147443, "error_max": 0.2360732038586987, "target": "525.xyz", "model": "2.xyz", "model_rescale": 3.795458400668931, "target_rescale": 3.9876440507479938},
{"mapping": [9, 8, 12, 3, 7, 10, 0, 5, 1, 2, 11, 13], "R": [[0.9530064940751812, -0.16682666934047782, 0.25287839893374636], [0.28694083439237816, 0.22930825267664168, -0.9300982113801703], [0.09717808296492535, 0.9589507743628705, 0.2664016376453301]], "T": [0.06639287647981248, -0.03512449028711801, 0.07789472772297401], "aligned_model": [[-0.030821886747712107, -0.323704421410426, -0.6811767041390895, 0.2171062245757766, 0.18024834980126697, 0.1267092879016149, -0.242280116026684, 0.5924425958557828, 0.32243451742096974, 0.7200814715402616, -0.3598954447988202, 0.07215995177062415], [-0.16596700015199808, -0.5539891093386674, -0.019384021306242262, 0.1076877093622946, 0.4967225968524898, 0.6939488159021096, -0.45854421587377253, -0.030921930187198993, -0.5931922233387705, 0.16703674923330983, 0.47391041710191856, -0.03153874296576348], [-0.681298245121938, -0.13136271980720443, 0.04896908526277628, 0.8435324965299772, -0.4244907503106141, 0.1512142899410668, 0.5559944295831662, -0.2564948620574347, 0.3013145573445083, 0.38408752788394873, -0.09834896765434317, -0.00434541095480892]], "inverted": true, "swapped": true, "error_lsq": 0.04517487588135507, "error_max": 0.2370768353890359, "target": "525.xyz", "model": "3.xyz", "model_rescale": 3.7530521520055578, "target_rescale": 3.9876440507479938},
{"mapping": [0, 3, 4, 10, 12, 2, 8, 1, 6, 5, 13], "R": [[-0.10196425918354629, -0.19525324409385136, -0.9754380864616563], [0.9810043128011111, -0.18240041119851008, -0.06603505326895981], [-0.16502674969461917, -0.9636421849760635, 0.21014259734710655]], "T": [0.042624231874512704, -0.04086678516810152, 0.0843824979733411], "aligned_model": [[-0.43259308623205367, -0.2351939275947159, 0.295699348807869, 0.597822495416134, 0.3016519853396334, -0.13233350359653753, -0.1726494322763128, -0.6041714519041195, -0.3966359663550583, 0.03520210616007689, 0.08140103468028964], [-0.5076273423563034, 0.07070425999600254, -0.3594758510476074, 0.2287385858908084, -0.7424866511381328, 0.6103581642568192, -0.5468136878032039, 0.01228776731514121, 0.23592226252234536, 0.49192068399924205, -0.02632483332076507], [-0.159432366344977, -0.6502466621046432, -0.5711980839339786, -0.3151541656069914, 0.06032174916533778, -0.24307411440806978, 0.4879417319262316, 0.16016688840437893, 0.7598769281965664, 0.40787096958952795, 0.1557579023619335]], "inverted": true, "swapped": true, "error_lsq": 0.05281753104116135, "error_max": 0.3653794389604365, "target": "525.xyz", "model": "4.xyz", "model_rescale": 3.7855080009869324, "target_rescale": 3.9876440507479938},
{"mapping": [7, 6, 1, 0, 5, 12, 13, 14, 8, 15, 2, 9, 10, 16], "R": [[0.2929385253520028, 0.9065001639855796, -0.3040468270821314], [0.6986191292945791, 0.014173697881628755, 0.7153533521778204], [0.6527773989257581, -0.42196748569348075, -0.6291463331127697]], "T": [-0.027710454181063122, -0.009843396103172378, -0.019182566595099707], "aligned_model": [[0.43466389121747234, -0.040749014296303634, -0.7031634411718443, -0.32567540440706955, 0.3044337709829329, -0.6143141176165288, -0.13159251230193952, -0.22760366029665194, 0.47632221001423214, 0.4342855417145728, -0.37731803326392566, 0.22689336156724624, 0.6787911014476085, -0.037446282654754276], [-0.4167283910460972, -0.03599755154849872, -0.3470670097424203, -0.7116371346153013, -0.7361699866868742, 0.3350607426930842, 0.6059260697321917, 0.4482559864358345, 0.3710992164681376, 0.6351832997705513, -0.12274907138442602, 0.10403762831911482, -0.08445538157571063, 0.016064890605385514], [-0.4458253181841552, -0.6712738364109327, -0.07528457866854314, 0.1456698532915875, 0.11209249623317713, -0.01758879890295906, -0.38647553116262284, 0.4367615751581206, -0.3292529994247357, 0.20401772030543724, 0.6217640276822985, 0.635891496799242, 0.1428448310646708, 0.02686877996005745]], "inverted": false, "swapped": false, "error_lsq": 0.04549982187817321, "error_max": 0.27915285184480415, "target": "525.xyz", "model": "5.xyz", "model_rescale": 4.2253639853439635, "target_rescale": 3.9876440507479938},
{"mapping": [8, 9, 12, 11, 5, 7, 0, 3, 1, 4, 6, 2, 10, 13], "R": [[-0.858359761193222, 0.1364018054636461, -0.49458373187011795], [0.30727792503072815, -0.6353037536159029, -0.7084980010066046], [-0.41085130783913215, -0.7601208378329081, 0.5034059144855897]], "T": [0.05196584343337504, -0.005182162953445666, -0.007520232182859302], "aligned_model": [[0.4140140895825609, -0.014287473045914878, -0.810191046245519, -0.32591963532045054, 0.2720611294825936, -0.6794731119807483, -0.27911381366198074, -0.242066611765865, 0.5661569031536756, 0.38187673215955165, -0.33560561674744704, 0.32245198261644104, 0.7970135957053144, 0.030610287002835565], [-0.49683673610542184, -0.016985063675701233, -0.2709343399703213, -0.6819434926390919, -0.48980195115822045, 0.275364691727478, 0.610317977027952, 0.4420189581694916, 0.3557057186819761, 0.5797658039899043, -0.13944548325003422, 0.031206244719395766, -0.16919785806503934, 0.03158883797260484], [-0.42352711164248763, -0.6142059968711524, -0.24711372637466353, 0.06140332258832565, 0.3351793336032048, 0.11770649363175478, -0.4007230903452857, 0.4578458014446896, -0.38709008471421985, 0.21587626213894473, 0.48793883999096854, 0.6054110399301784, 0.15531457054902292, 0.0361940638113622]], "inverted": false, "swapped": false, "error_lsq": 0.04585929878194812, "error_max": 0.2935880781594154, "target": "525.xyz", "model": "6.xyz", "model_rescale": 3.89814844738969, "target_rescale": 3.9876440507479938},
{"mapping": [5, 2, 1, 7, 8, 3, 10, 9, 11, 4, 0, 12, 13], "R": [[-0.25059437118509437, -0.5268584356543644, 0.8121715643324283], [-0.14098661879125576, 0.8498574520731916, 0.5078041792634959], [-0.9577709718153693, 0.012747546254064795, -0.28724948322380706]], "T": [0.01066542343959366, 0.07178710444368397, -0.07445881641622773], "aligned_model": [[0.14006521376967418, -0.2413152609594944, 0.4837431813576592, -0.3300311690839646, 0.546910527144484, -0.3563429344374157, -0.7002626556674689, 0.36721981691440975, -0.43997098245301725, -0.5643722660140525, 0.24555775697314314, -0.03590842942586921, 0.033339002786134955], [-0.32043348998190413, 0.1977207784109061, 0.42060709444667904, -0.5846071218819321, 0.09837334243272106, 0.7211834642906845, -0.10021599658551492, -0.5832815461245237, -0.19211324882507197, 0.46389600999233443, 0.6997491070965673, 0.1501296159079487, -0.007226743708408978], [-0.5413432411847245, -0.7691374625525854, -0.35982767662156423, -0.1103477134793481, 0.3461591037604358, -0.3444593048466217, -0.14901022862169422, 0.14163947170927754, 0.3718410191071434, 0.2585981050591186, 0.15712684831486456, 0.6682645911514427, -0.06722848095944882]], "inverted": true, "swapped": true, "error_lsq": 0.038921357035132116, "error_max": 0.20649813506100542, "target": "525.xyz", "model": "7.xyz", "model_rescale": 3.7474275329858107, "target_rescale": 3.9876440507479938},
{"mapping": [8, 4, 1, 2, 3, 12, 13, 10, 9, 11, 0, 6, 5, 14], "R": [[-0.25157717362895066, -0.7005755304196699, 0.6677595764091047], [-0.10111847293163961, 0.7052004608576448, 0.7017601901206272], [-0.962540378446973, 0.10902401654389526, -0.24825346659371017]], "T": [-0.020337703392697585, 0.06493235722324807, 0.05114869042065161], "aligned_model": [[0.37889686167984216, -0.02471144871153145, -0.6807752484127896, -0.29293282865819237, 0.2006597792632491, -0.43872513746783387, -0.40015553485826194, -0.06674260297653145, 0.6498864444238132, 0.16847674849626293, -0.2795315217185642, 0.30156694816679336, 0.6357536472234203, -0.05413869551462894], [-0.3065118197300837, -0.1428963688769208, -0.28961787898101987, -0.6260014413584694, -0.5714718198414455, 0.5153346806176875, 0.4393843989513772, 0.5110902551088496, 0.3505029741611555, 0.6550027374301859, -0.2116661535709733, -0.1427340165013627, -0.16738615921917732, 0.04779391923516869], [-0.358547906240007, -0.7031814341302591, 0.1051690494085774, -0.3449471054529905, 0.2966774526033274, -0.0011229164828070876, -0.6724782245286198, 0.6627474765028164, -0.17153820751843568, -0.00029064035044529257, 0.5901524622024806, 0.7723907932725147, 0.22024543961056403, 0.004933478843926274]], "inverted": false, "swapped": false, "error_lsq": 0.04576133638996311, "error_max": 0.2893053525829689, "target": "525.xyz", "model": "8.xyz", "model_rescale": 4.019505241142653, "target_rescale": 3.9876440507479938},
{"mapping": [8, 0, 1, 6, 9, 5, 2, 12, 11, 4, 3, 10, 13], "R": [[-0.6465849146701382, 0.6566732952470574, 0.3882114519567669], [-0.7328602434772881, -0.6759906881289967, -0.07715214250619387], [0.21176357489289885, -0.33439015068069333, 0.9183351324414867]], "T": [0.06202175995265298, -0.07230065255756256, 0.014459924285322738], "aligned_model": [[-0.24801322108687351, -0.6198523259843636, -0.14805997934189435, 0.3844070952073231, 0.4580845358245191, 0.6179669014245611, 0.3470825289008683, -0.3815153254702751, 0.11421949769565577, -0.3662204581545673, -0.30004604109734295, 0.33946058958686515, 0.12218697423670022], [-0.6155310435450876, -0.029586385028544625, 0.0841639880687134, -0.29575515151803233, -0.731351051929385, -0.00017686650490107703, 0.6092127057133091, -0.5414828416913001, -0.31127340252787916, 0.16389861341360434, 0.6274076130205004, 0.23246894781561706, -0.12861689717255587], [-0.2575035418475041, -0.17623833872358727, -0.5841199082232862, -0.7418404171397792, -0.093851161254125, -0.2580937872646218, -0.11286594681701319, 0.392729220258974, 0.6563847881950402, 0.6112539929812785, 0.10733769994411273, 0.6233153258281839, 0.010195568106205878]], "inverted": false, "swapped": true, "error_lsq": 0.046170501857421956, "error_max": 0.29104970754453113, "target": "525.xyz", "model": "9.xyz", "model_rescale": 3.877068213659057, "target_rescale": 3.9876440507479938},
{"mapping": [12, 6, 9, 11, 0, 2, 13, 7, 3, 4, 8, 1, 5, 15], "R": [[0.6382269024946285, -0.650652628993308, -0.41148217132241405], [-0.4122149452542808, -0.7402461947980419, 0.5311444342135478], [-0.6501886340448609, -0.1693715663005931, -0.7406537738294201]], "T": [-0.07276704652241106, 0.022516227949714845, -0.09687953377989683], "aligned_model": [[0.40289419519865755, 0.09200842661971284, -0.7186619880543599, -0.21433839350817102, 0.2584397638736858, -0.5255340478810333, -0.2652489460456622, -0.1527647997638091, 0.45359480272322417, 0.1703733691347194, -0.4310496776877147, 0.39141059303774234, 0.6701208790750826, -0.03371676578702713], [-0.504362912704932, -0.04930944143398787, -0.07580423543737869, -0.6997223603567555, -0.5916986813624381, 0.47992361444022313, 0.577170984969673, 0.3762114093786334, 0.3012207919920251, 0.6007808056732612, -0.26345038794019815, 0.013948033205456827, -0.055469587217596164, -0.04861472578101404], [-0.3299888857607256, -0.686790282786236, -0.0030812668319373793, -0.04225123033362074, 0.2862759562756389, 0.06478642804926826, -0.5998182127803526, 0.6344115488452786, -0.3160331611031194, 0.15725329796220094, 0.5237488466619227, 0.6361772956505527, 0.1334054741486967, -0.05788609025692451]], "inverted": false, "swapped": false, "error_lsq": 0.036528273412116216, "error_max": 0.20240254274084718, "target": "525.xyz", "model": "10.xyz", "model_rescale": 4.260839863003843, "target_rescale": 3.9876440507479938},
{"mapping": [9, 11, 10, 7, 2, 5, 6, 8, 4, 3, 1, 13], "R": [[-0.9274517919680573, -0.13467376399750242, 0.3488497540001777], [0.37257298919589865, -0.253018670853384, 0.8928442864918944], [-0.031977199640872866, 0.958042029083449, 0.2848384265031595]], "T": [0.08442918683386147, 0.018832416837300102, 0.023148772984362596], "aligned_model": [[0.33682473003039476, 0.11994495190934307, -0.4245669150886783, -0.27065804713915564, -0.5853136413350467, -0.28266915571480133, 0.16997253472362356, 0.7349424246671299, 0.08481585447054141, -0.2175836335307873, 0.2050576377200412, 0.08813190838152596], [0.03666118657831228, -0.650142148848614, -0.5110868950104458, -0.3416813994371272, 0.2777418440823839, 0.3327968227256766, 0.7439025200819664, 0.17471979412401328, -0.5535935468318932, 0.02518394054662524, 0.6215378839063819, 0.01703850361565459], [-0.7109650242829745, -0.1288767868923174, 0.04903708399182224, -0.5173680223030871, 0.238421691733779, -0.37084047211456617, -0.4159527015579649, -0.10995542333554162, 0.5405200300627949, 0.7566737863061477, 0.24475254921393577, -0.05926863342652323]], "inverted": true, "swapped": true, "error_lsq": 0.041776222743150106, "error_max": 0.2802801328349909, "target": "525.xyz", "model": "11.xyz", "model_rescale": 3.890672605050136, "target_rescale": 3.9876440507479938},
{"mapping": [7, 12, 9, 5, 8, 11, 10, 1, 4, 2, 6, 0, 3, 13], "R": [[-0.9018638208439127, 0.42499042057954783, -0.07761952762313201], [-0.42880535598996694, -0.8587075499780019, 0.2806195115901511], [0.052608129857816086, 0.28636425410025645, 0.9566754405996147]], "T": [-0.08054346820950781, -0.0013954397764046429, 0.12432319045588343], "aligned_model": [[0.3757087106831033, -0.06565046052824397, -0.7698697763702105, -0.24830427447125247, 0.19026044567837475, -0.4490763057800062, -0.1913056774627434, 0.02373377227103779, 0.44890993663529116, -0.010332765460972324, -0.4114410151997264, 0.3629491627105152, 0.8158210061084088, 0.02612465212147161], [-0.4864799443101586, -0.09376130553839242, -0.24780410073012496, -0.6455656896620412, -0.596934566172676, 0.4053994821224746, 0.5394989031275321, 0.4002010993101839, 0.3885137030045034, 0.6914226852010947, -0.13880738546249274, 0.08317351383902488, -0.21525180773856678, -0.02278127956538905], [-0.4081156726949842, -0.6148512760331295, -0.14012421207613568, -0.27801147481638144, 0.4262990752419087, 0.08606612516366056, -0.5790298839373565, 0.7824605372929058, -0.11797207631432889, -0.019334863926413134, 0.5756358476240344, 0.5049239237069418, 0.18644676943224828, -0.004183100922327446]], "inverted": true, "swapped": false, "error_lsq": 0.04603364421451945, "error_max": 0.29927005255684935, "target": "525.xyz", "model": "12.xyz", "model_rescale": 4.124412569039231, "target_rescale": 3.9876440507479938},
{"mapping": [1, 0, 4, 6, 3, 2, 8, 5, 12, 9, 10, 11, 13], "R": [[0.2922699113986492, 0.6182994363214962, -0.7295780327939883], [-0.9562472675312237, 0.17855909685726923, -0.2317494601257674], [-0.013017765940975257, 0.7653903944876996, 0.6434345979164235]], "T": [0.10821530918176615, 0.0800521674958543, -0.03262153411872675], "aligned_model": [[-0.30334396004531217, -0.06771020863435982, 0.7021936308869848, -0.6154050619588974, 0.5628737066513886, 0.4157926463501922, -0.44674631898093276, -0.03554705438261581, 0.11690717138606245, -0.333355407422988, 0.7982164545397619, 0.49713087064498507, 0.07629183847548837], [-0.16222777791962728, 0.40412859647414573, 0.4987726988276346, -0.35372037434073245, -0.06048896848780634, -0.5719870867726973, 0.47585050683189717, -0.45145540565067654, 0.8266387361959703, 0.16700322288403618, 0.007923946319481553, 0.4941869109728244, 0.07286037117402747], [0.41328510723135525, 0.5733217681789422, 0.22662259991494144, -0.15123588549132044, 0.6020791523418615, 0.17273904997727071, -0.009247618797220046, -0.32484482037549983, -0.0823978336015374, -0.6653926292220549, -0.27605048186926456, -0.41880440563996013, -0.10837592167967425]], "inverted": true, "swapped": true, "error_lsq": 0.04373356588305378, "error_max": 0.2276399705321291, "target": "525.xyz", "model": "13.xyz", "model_rescale": 3.9028299243045295, "target_rescale": 3.9876440507479938},
{"mapping": [13, 4, 7, 10, 14, 3, 0, 6, 8, 2, 9, 11, 12, 15], "R": [[0.8321916398636053, 0.44231400096798656, -0.3343880965118459], [-0.23326115945323755, -0.26783741795589056, -0.9348007001672886], [-0.5030370821635866, 0.8559330827175765, -0.11971738335735342]], "T": [0.05746905669695422, 0.08885755716606471, 0.014854829246799327], "aligned_model": [[0.5174848874842095, -0.3171273162759061, -0.7521059278197677, -0.22326082854143392, 0.18670824241988598, -0.4470587352037121, -0.0978157374474377, -0.3290239790050758, 0.583965671022414, 0.26186352476264235, -0.3343938416243454, 0.33596117801014597, 0.7341655264909605, -0.021835253337532404], [-0.5248372278938194, -0.008325671627212497, -0.30517998591032713, -0.5682763294416084, -0.7119016294861339, 0.44036772955495374, 0.6290273632002473, 0.3357934549123255, 0.4194207796205562, 0.7949616722501418, -0.27079461935238336, -0.16739437520152134, -0.038124547145898066, 0.03608669394565138], [-0.19589501775349621, -0.5415589118484397, 0.1146080995101869, -0.1966123990769044, 0.36859570990485313, -0.08801280971280054, -0.5945051814211604, 0.49864616650627797, -0.4434424875923397, 0.05715908011194312, 0.5787158381030921, 0.6493891260836865, 0.11583859979296947, 0.07728390513277433]], "inverted": false, "swapped": false, "error_lsq": 0.04424412576537827, "error_max": 0.3092717139566341, "target": "525.xyz", "model": "14.xyz", "model_rescale": 3.942246331269136, "target_rescale": 3.9876440507479938},
{"mapping": [2, 5, 10, 9, 7, 4, 3, 11, 1, 12, 6, 8, 0, 14], "R": [[-0.911161455292786, -0.14963739476008656, -0.383918549275945], [-0.06633842723648496, -0.8663024250868754, 0.4950952649343241], [-0.4066743358764133, 0.4765802748520053, 0.7794146689416779]], "T": [-0.07942203374094621, 0.07868110933911021, 0.05329934193788355], "aligned_model": [[0.40988914336606996, 0.0660943943526681, -0.7702274845855841, -0.33877144097039386, 0.2821151590508176, -0.5402548316330679, -0.12874682063307596, -0.4200663632598769, 0.4398459317937992, 0.3391176407471838, -0.19347558281705157, 0.3070248597871801, 0.6287250074300129, 0.016257798306365867], [-0.4158400854493468, -0.0995307065463305, -0.09610462568005096, -0.6707023851595251, -0.6520944528300963, 0.4345558743247161, 0.5157386790934655, 0.21225415099045283, 0.3858418876882742, 0.7771306496674525, -0.286337661537026, -0.010372287167591893, -0.11138687812137463, 0.07767114815195283], [-0.2608205054175957, -0.5381776872211566, 0.018109969105877546, -0.08571349658831001, 0.3106657035579883, -0.014893479942160587, -0.5151157147056835, 0.6699278427121802, -0.4876761399408802, -0.017897839588115916, 0.46139549995660356, 0.7178060893384441, 0.1091510302901097, 0.033448446183341383]], "inverted": false, "swapped": false, "error_lsq": 0.044045802144993325, "error_max": 0.2753857347507843, "target": "525.xyz", "model": "15.xyz", "model_rescale": 4.355366556412066, "target_rescale": 3.9876440507479938},
{"mapping": [9, 11, 7, 1, 5, 8, 2, 0, 10, 12, 4, 13], "R": [[0.22175947385549555, -0.4684697337715416, 0.8551952082977046], [-0.1300898259618452, -0.8834057563078419, -0.4501898565087689], [0.966384692002388, -0.011418330096386708, -0.2568467418544749]], "T": [-0.1122471766275869, 0.06074264000351976, -0.06820429678245366], "aligned_model": [[-0.32461989609042813, 0.4953101851089452, 0.17609166067071222, -0.6654218824303463, -0.4416033701831975, -0.3922129054155975, -0.2119992661547838, -0.21591746761613403, 0.4837455202614942, 0.2732658605099414, 0.5497616457184759, -0.1285915297473008], [-0.668445915764125, -0.2415072210103547, -0.5162599537331517, 0.4025819716330296, -0.22003754497792416, -0.0867685789953079, 0.3836962819071846, 0.576942947995656, 0.007657010283227524, -0.03802424501039325, 0.43289060813306024, -0.01994893271992059], [0.0934320876106437, 0.03865628377094829, -0.43172084822102663, -0.004510081593894669, -0.5168125356822597, 0.5359849989232033, -0.737295055023124, 0.40711908580330886, -0.49544700843524164, 0.56549084572997, 0.06815867472527071, -0.07379798639837688]], "inverted": false, "swapped": true, "error_lsq": 0.04034891579147443, "error_max": 0.2360732038586987, "target": "525.xyz", "model": "16.xyz", "model_rescale": 3.795458400668931, "target_rescale": 3.9876440507479938},
{"mapping": [5, 2, 1, 7, 8, 3, 10, 9, 11, 4, 0, 12, 13], "R": [[-0.25059437118509437, -0.5268584356543644, 0.8121715643324283], [-0.14098661879125576, 0.8498574520731916, 0.5078041792634959], [-0.9577709718153693, 0.012747546254064795, -0.28724948322380706]], "T": [0.01066542343959366, 0.07178710444368397, -0.07445881641622773], "aligned_model": [[0.14006521376967418, -0.2413152609594944, 0.4837431813576592, -0.3300311690839646, 0.546910527144484, -0.3563429344374157, -0.7002626556674689, 0.36721981691440975, -0.43997098245301725, -0.5643722660140525, 0.24555775697314314, -0.03590842942586921, 0.033339002786134955], [-0.32043348998190413, 0.1977207784109061, 0.42060709444667904, -0.5846071218819321, 0.09837334243272106, 0.7211834642906845, -0.10021599658551492, -0.5832815461245237, -0.19211324882507197, 0.46389600999233443, 0.6997491070965673, 0.1501296159079487, -0.007226743708408978], [-0.5413432411847245, -0.7691374625525854, -0.35982767662156423, -0.1103477134793481, 0.3461591037604358, -0.3444593048466217, -0.14901022862169422, 0.14163947170927754, 0.3718410191071434, 0.2585981050591186, 0.15712684831486456, 0.6682645911514427, -0.06722848095944882]], "inverted": true, "swapped": true, "error_lsq": 0.038921357035132116, "error_max": 0.20649813506100542, "target": "525.xyz", "model": "17.xyz", "model_rescale": 3.7474275329858107, "target_rescale": 3.9876440507479938},
{"mapping": [5, 10, 3, 8, 4, 1, 11, 2, 12, 7, 0, 6, 9, 13], "R": [[-0.16570248291938883, -0.0834995094741746, -0.9826344788739718], [-0.1673854383113419, -0.9795700924884366, 0.11146546076482997], [-0.9718666586500793, 0.18294880655464282, 0.1483405945267925]], "T": [-0.016925911811999338, 0.04672230021706822, -0.005128513349171884], "aligned_model": [[0.43727463426077773, -0.05345234590243891, -0.6256277037344329, -0.3087690128978676, 0.2628528630294635, -0.5752288603306465, -0.2729334982514384, -0.045382464850670205, 0.5720499788348092, 0.19848183142233264, -0.4331321477167378, 0.36140262365813314, 0.6127884440937628, -0.03279693067999944], [-0.40268105113447217, -0.193087070909466, -0.04765941581688356, -0.603168113224946, -0.6609126786866203, 0.41339373031112936, 0.49316083636805264, 0.33152043416656085, 0.2568228698195347, 0.7677171759973411, -0.282628684254845, -0.11642494700384662, 0.060540224929420725, 0.044229996864012064], [-0.3441837130018077, -0.6513457025324908, -0.2900204253055123, -0.1016919954914974, 0.32683894861177404, 0.1747834007583646, -0.5119711032435823, 0.644419769150079, -0.41525297519339965, -0.03955488826112083, 0.640969535713244, 0.6469829084443697, 0.22068791824718056, 0.09954803984504187]], "inverted": true, "swapped": false, "error_lsq": 0.04451903413759647, "error_max": 0.30703889175822574, "target": "525.xyz", "model": "18.xyz", "model_rescale": 3.922800546911778, "target_rescale": 3.9876440507479938},
{"mapping": [8, 5, 0, 1, 6, 3, 12, 9, 13, 7, 2, 10, 4, 14], "R": [[-0.17650577282937313, 0.7583834708652649, -0.6274553556040936], [-0.3725700177560288, -0.6415095214490422, -0.6705647737239804], [-0.911063825440994, 0.11541249936022768, 0.39578107706691507]], "T": [0.0648815930204395, -0.025067080942413267, -0.010572893116475312], "aligned_model": [[0.3671186895752222, -0.33645142648973064, -0.7615958408562293, -0.25494726310200455, 0.38336772929882, -0.436029668257921, -0.057351334571472845, -0.20337562311462687, 0.6074164759213243, 0.03518169262640336, -0.3480514838105535, 0.31689036019526884, 0.7348925536995761, 0.05046254982097108], [-0.31934971602867296, -0.17671344296456695, -0.08831117744691273, -0.690439631016224, -0.6138483570556127, 0.3706049666929494, 0.4817654739805318, 0.35820097894428565, 0.33944743057435, 0.7685979102006075, -0.12459733299342833, -0.16550107783992643, -0.14678774121767596, 0.06775502359526735], [-0.4537896822552003, -0.641816830530539, -0.11723999782474089, 0.04394220878684017, 0.15577301699282903, -0.051570242173047925, -0.5994650031409715, 0.6556754435997475, -0.22175721675249688, 0.0755944835941345, 0.5662364044623144, 0.7426671224467698, 0.23465461864380732, 0.01130539189119564]], "inverted": true, "swapped": false, "error_lsq": 0.043159473236407085, "error_max": 0.266511974544918, "target": "525.xyz", "model": "19.xyz", "model_rescale": 3.9282355846067225, "target_rescale": 3.9876440507479938},
{"mapping": [2, 1, 11, 10, 12, 4, 3, 8, 5, 6, 9, 7, 7, 13], "R": [[0.8613328187399678, 0.013926803239968422, -0.5078501939676473], [-0.437613754635131, 0.5281175869241348, -0.7277266080992039], [0.2580697136736605, 0.8490570408005248, 0.4609795704274223]], "T": [-0.028453610213968982, 0.07517711029769614, 0.057652952148792555], "aligned_model": [[0.4598396526253614, -0.013186905735903209, -0.6985115316052245, -0.16634574079166803, 0.1278283727394554, -0.5450226103167399, -0.1634822892583787, -0.3474570337393108, 0.4575724856050577, 0.30686972166032, -0.30472461940538104, 0.5230214048773064, 0.5230214048773064, -0.061894900597153954], [-0.38074717550574566, -0.032232269368844324, -0.1782691018923035, -0.7435525315376619, -0.5873753963068253, 0.43760956514684346, 0.5602624115949051, 0.43790916376618993, 0.34392671101685673, 0.6302205457851275, -0.2215660794087771, -0.10473068802120378, -0.10473068802120378, 0.004098840177613972], [-0.42444552891106296, -0.6837854803596936, 0.06992368290642016, -0.17235114106772914, 0.5669607795614257, 0.023491149727720435, -0.5016453362827695, 0.6452615398105342, -0.3657173804736031, 0.13720860487126768, 0.6180480217924962, 0.28482308269800505, 0.28482308269800505, -0.08238535923037431]], "inverted": false, "swapped": false, "error_lsq": 0.04725162401871351, "error_max": 0.43088005618582476, "target": "525.xyz", "model": "20.xyz", "model_rescale": 4.067790424073018, "target_rescale": 3.9876440507479938},
{"mapping": [9, 12, 0, 7, 1, 2, 3, 4, 11, 6, 8, 5, 13, 14], "R": [[0.04295342489083934, -0.2086940163572627, -0.9770372617391938], [0.48811442865592614, 0.8576628136550783, -0.1617368313376809], [0.8717220358738478, -0.46995883395243165, 0.13870611580613512]], "T": [0.040655971370688826, 0.029597241824413045, 0.04163706934974622], "aligned_model": [[0.20881158031093902, 0.08536664727771899, -0.6325409609872812, -0.29240317017725004, 0.32650997073368265, -0.5325178833337378, -0.20743632590978273, -0.2777546579698193, 0.4442387278370319, 0.14008609559129778, -0.22651497327427844, 0.2382788897701869, 0.7286122790196314, 0.09479119204670798], [-0.6247173899979981, -0.10622016144366055, -0.09048345240525336, -0.637889034298153, -0.6963454572540501, 0.5027652441638083, 0.5712101805764918, 0.3605291504549905, 0.31653118003746916, 0.7460692651664778, -0.25867109296851765, -0.020226977667303133, 0.005207244995967749, -0.006935391935297349], [-0.3426101859871352, -0.7110703474644775, -0.15031226422059768, 0.0556953988438821, 0.29580195673916615, 0.077771614930768, -0.5656936916505964, 0.6985778868587388, -0.37408173917799237, 0.1976447385874281, 0.4547822620100024, 0.5956486668214892, 0.16909197077742727, -0.001036549327460258]], "inverted": true, "swapped": false, "error_lsq": 0.042783101417196, "error_max": 0.284089840468201, "target": "525.xyz", "model": "21.xyz", "model_rescale": 4.186013935880536, "target_rescale": 3.9876440507479938},
{"mapping": [10, 7, 11, 3, 1, 4, 2, 5, 12, 9, 6, 0, 13], "R": [[-0.5427305786892536, 0.8273977934345692, -0.14441748639009777], [-0.8296601089035348, -0.5549012708488412, -0.06122649185210448], [-0.13079611098883132, 0.08658793813197772, 0.9876208312506628]], "T": [0.0025962681981605363, -0.0038625789295819654, 0.06642306626398438], "aligned_model": [[0.13507474966769262, -0.3394306318218324, 0.25941214882215413, 0.46001979369242685, -0.11157195037971328, 0.709929763868981, -0.20056877827153266, -0.5954206834180569, 0.5020856381504747, -0.4852959953342005, -0.6977098731959004, 0.480590170262776, -0.058540316620044094], [-0.31784274403603213, 0.06692167064220625, 0.25423062638796107, -0.6370775411419155, -0.15502760215026906, -0.14602023712514847, -0.7252746840045703, -0.17018743696414076, 0.5429318073859406, 0.583431626357466, 0.1340069226718776, 0.04621394501554191, 0.042650306507175974], [-0.5850580319695721, -0.5864343079904901, -0.516100418917181, 0.20467486784933148, 0.6917454554831856, -0.20710056555570527, 0.05157330225241476, 0.009203019952651936, -0.040679694767956937, -0.0749668139104603, 0.531630259659135, 0.5881095397096873, 0.036282949540305975]], "inverted": true, "swapped": true, "error_lsq": 0.04744193308906176, "error_max": 0.2572218063661937, "target": "525.xyz", "model": "22.xyz", "model_rescale": 4.166573947596378, "target_rescale": 3.9876440507479938},
{"mapping": [6, 12, 14, 13, 5, 9, 11, 8, 2, 3, 7, 0, 1, 15], "R": [[-0.18473592215957824, 0.10861161690674513, -0.9767682200689951], [0.3421543923905372, -0.9245901793210666, -0.1675212585641007], [-0.921305058507611, -0.3651527310262658, 0.13364307760728583]], "T": [-0.041518542428555426, 0.08747443117878902, 0.025161864728793587], "aligned_model": [[0.45604766192513735, -0.15805884553978367, -0.6855309713261425, -0.36926263979875423, 0.195989709464965, -0.520101170734591, -0.1488373832386967, -0.20825165898834205, 0.5544952086265955, 0.09108101756818829, -0.13252353240459191, 0.39581514776171184, 0.6141124994932926, 0.012552368126058644], [-0.2916047513476755, -0.04589720098507756, -0.249107343651518, -0.6904861736247019, -0.6740560176531548, 0.4487412818686433, 0.5684356514800208, 0.5201356552831249, 0.2938442804707858, 0.6710942690831132, -0.3184934414512699, -0.059378715612397395, -0.15940868417402843, 0.04700449773910765], [-0.408236886569581, -0.6057198363165817, -0.28778935111443793, 0.08977024583004463, 0.2590917409431142, -0.004739586045634708, -0.5906727708674201, 0.6877956046032315, -0.2093340479124692, -0.031687880294950226, 0.6067956204908723, 0.6989045155533529, 0.1566750773323217, 0.03935727210877976]], "inverted": false, "swapped": false, "error_lsq": 0.03967114057114425, "error_max": 0.23323513763247847, "target": "525.xyz", "model": "23.xyz", "model_rescale": 4.274766983524099, "target_rescale": 3.9876440507479938},
{"mapping": [9, 5, 6, 8, 1, 0, 12, 3, 10, 2, 13], "R": [[-0.39517070863437825, 0.08503148585741077, 0.9146637400981217], [-0.8974900070360583, 0.17653440313478447, -0.4041624571632817], [-0.1958361516876275, -0.9806147311369161, 0.006553683655334375]], "T": [0.03294469898536777, 0.017859066487636896, 0.062122564405228786], "aligned_model": [[0.11158569683079506, 0.21671791985400068, -0.33878201652097917, -0.4593838091551894, -0.5174598916397017, -0.5533774357710861, -0.06311815491016219, -0.027705578943265724, 0.7102325395137916, 0.24034674856627392, 0.060838686133597816], [-0.07673642736281515, 0.5278261430483218, 0.5335456558114972, -0.2900817845426906, 0.3649406533443322, -0.2072863901969798, -0.723209543008685, 0.1635193826339087, -0.03655796164166965, 0.6387506564452385, 0.02087614671302568], [-0.7045662437792161, -0.24564902401085237, -0.5050996270709635, -0.2956065879019754, 0.1213044494821175, 0.3917867615308916, 0.022956544147512387, 0.8395642964817313, 0.34298139301894076, 0.4273759015515426, -0.015481429428151991]], "inverted": false, "swapped": true, "error_lsq": 0.04653343869890527, "error_max": 0.26769554638706605, "target": "525.xyz", "model": "24.xyz", "model_rescale": 3.7841303162186577, "target_rescale": 3.9876440507479938},
{"mapping": [6, 3, 13, 11, 7, 12, 5, 9, 4, 2, 10, 8, 1, 15], "R": [[0.14780288207562703, -0.6930285682256514, -0.7055959974895281], [-0.8918686626127479, -0.4017481844302905, 0.20777075096440834], [-0.42746297699273, 0.5985898428223362, -0.6774700018232865]], "T": [0.02504576365342037, -0.05447959315393851, 0.1722250268041452], "aligned_model": [[0.30258700617422496, -0.12331007344068445, -0.6579416785997915, -0.32207372002026663, 0.17137509299145487, -0.500439734739086, -0.07399009054108147, -0.26139884098145993, 0.47100620729618187, 0.16370144411235749, -0.3086543023631912, 0.43357034430915115, 0.762251487461263, 0.04084426927597447], [-0.42686679197700356, -0.056409973451396825, -0.1505457774687714, -0.6791663624486719, -0.6687379475080583, 0.44553450731619565, 0.5792031564885267, 0.3368667584691678, 0.2200695664705482, 0.6860986212445875, -0.4221286078524519, 0.2528756061673745, 0.029051304147524257, -0.0850207521725987], [-0.381241399545049, -0.6196011579518061, -0.1969625125666259, -0.10831387154135624, 0.3274022209465479, -0.04918589600310394, -0.4260866125889169, 0.4992391397610248, -0.3592318242325072, 0.13888528232429045, 0.7711687413624667, 0.46903849026070465, 0.22308467470079213, 0.1120144428141803]], "inverted": false, "swapped": false, "error_lsq": 0.04226702296552527, "error_max": 0.35152996159921895, "target": "525.xyz", "model": "25.xyz", "model_rescale": 4.19342608120988, "target_rescale": 3.9876440507479938},
{"mapping": [9, 11, 7, 1, 5, 8, 2, 0, 10, 12, 4, 13], "R": [[0.22175947385549555, -0.4684697337715416, 0.8551952082977046], [-0.1300898259618452, -0.8834057563078419, -0.4501898565087689], [0.966384692002388, -0.011418330096386708, -0.2568467418544749]], "T": [-0.1122471766275869, 0.06074264000351976, -0.06820429678245366], "aligned_model": [[-0.32461989609042813, 0.4953101851089452, 0.17609166067071222, -0.6654218824303463, -0.4416033701831975, -0.3922129054155975, -0.2119992661547838, -0.21591746761613403, 0.4837455202614942, 0.2732658605099414, 0.5497616457184759, -0.1285915297473008], [-0.668445915764125, -0.2415072210103547, -0.5162599537331517, 0.4025819716330296, -0.22003754497792416, -0.0867685789953079, 0.3836962819071846, 0.576942947995656, 0.007657010283227524, -0.03802424501039325, 0.43289060813306024, -0.01994893271992059], [0.0934320876106437, 0.03865628377094829, -0.43172084822102663, -0.004510081593894669, -0.5168125356822597, 0.5359849989232033, -0.737295055023124, 0.40711908580330886, -0.49544700843524164, 0.56549084572997, 0.06815867472527071, -0.07379798639837688]], "inverted": false, "swapped": true, "error_lsq": 0.04034891579147443, "error_max": 0.2360732038586987, "target": "525.xyz", "model": "26.xyz", "model_rescale": 3.795458400668931, "target_rescale": 3.9876440507479938},
{"mapping": [3, 10, 2, 1, 6, 12, 4, 0, 11, 5, 8, 9, 13], "R": [[0.9141700772097838, -0.12103540375838275, -0.3868378225707814], [-0.06701018515278882, -0.9863725259104503, 0.15026268736724813], [-0.39975330520215474, -0.11144357839769709, -0.9098228529850575]], "T": [-0.06934097761188412, -0.04732416541577772, -0.04728955968202866], "aligned_model": [[0.035392890896177864, 0.4023012117064741, 0.5296762186180097, -0.22695032736389767, -0.021151418719145387, -0.6494725357885942, -0.21662651390631807, -0.6282479289488871, -0.08212504278476829, 0.3941844492789126, -0.6600411553771743, -0.12534489401658777, -0.05191857077294473], [-0.7799693542283999, -0.38667046191530496, -0.31388983376359164, -0.0007028149903199124, 0.6291802420063541, -0.1306768430320951, -0.7182516342189167, -0.36324652155733345, -0.14171291040841694, 0.32910027581811147, 0.2893434517196914, 0.6822503853498527, 0.027127522477283394], [-0.3328992142524201, 0.403220650851971, -0.41068069885044317, -0.6796653019370746, -0.5629192495611317, 0.41794633678754367, 0.3041474239284862, -0.3488831436236352, 0.6330246636410929, -0.22620625870115177, -0.10126445784774712, 0.21257382522758803, -0.0162579135636521]], "inverted": true, "swapped": true, "error_lsq": 0.041694351067690934, "error_max": 0.22633625205554542, "target": "525.xyz", "model": "27.xyz", "model_rescale": 3.6321398670334006, "target_rescale": 3.9876440507479938},
