[{"mapping": [1, 2, 3, 0, 4, 6, 8, 5, 12, 9, 10, 11, 7, 13], "R": [[-0.3560484881714115, -0.7116619313058254, 0.6056127224562863], [-0.7255320013754423, -0.19790992212821462, -0.65911681643192], [0.5889251132792671, -0.6740689566010786, -0.44586797675515544]], "T": [0.03167340691943896, -0.13725897718178526, -0.11947039220256207], "aligned_model": [[0.057217563310713204, -0.6887509121118907, -0.18229916526589843, -0.5876752611604462, -0.3717187058341188, -0.018552607777695837, 0.3268386771943249, 0.6425028179921196, 0.08625748878566118, -0.34175597044219197, 0.42496416054004793, 0.6276702230708721, -0.0722875847273832, 0.04713120352988885], [-0.23854876863500807, -0.35371419793837344, -0.6128467305528167, 0.026593441303089826, -0.22450437408096074, -0.7087236645456251, -0.13473697768064238, -0.5809216932062624, 0.31147591551381115, 0.48329581575191993, 0.7813958486073327, 0.11352602497912923, 0.28514883586686807, -0.029862681849419218], [-0.6870371174821476, 0.03988513285121588, -0.15457499294972749, -0.5495541594909314, 0.7425431057771428, 0.3859519487475045, 0.604028214820817, -0.16898892832777213, -0.48110194787476684, -0.00899224570047176, 0.010239356130105723, 0.14312534019190337, 0.49871908859336045, 0.0020489664537129276]], "inverted": true, "swapped": false, "error_lsq": 0.04738015064723838, "error_max": 0.2967777348357147, "target": "527.xyz", "model": "0.xyz", "model_rescale": 3.8414455957264533, "target_rescale": 3.90232699544143},
{"mapping": [10, 9, 6, 8, 7, 2, 4, 5, 12, 13, 11, 1, 0, 14], "R": [[0.3992452945337024, 0.30628806474855336, 0.8641705943766447], [0.5161394821651792, -0.8540905714633287, 0.06425986840715886], [0.7577619875283783, 0.4203771129950234, -0.4990790048950281]], "T": [0.003537204637115228, -0.1022598214754768, 0.06675790364342146], "aligned_model": [[0.2668637786901264, -0.6619459466472329, -0.19462963747928988, -0.47988621833282497, -0.3171062386809046, -0.0013684264899083793, 0.2845705452591476, 0.37413647111877346, 0.05438777570432409, -0.48778017236978843, 0.21747966105750033, 0.7513691736466009, 0.0602177168696816, 0.08323344475779737], [-0.24910897213422514, -0.20880580526254722, -0.7780155048023931, 0.030295520819896143, -0.15342364085393004, -0.7783153589039922, -0.24886964207788095, -0.61348348990293, 0.34600674769243284, 0.47490434340967763, 0.7001289198039238, 0.32576300531905694, 0.34203791243545906, -0.07153724200950584], [-0.5476326421486654, 0.17301141506276244, -0.2710457862722261, -0.544006595041263, 0.6213073135059644, 0.3626118755855223, 0.5087342116169852, -0.12199942602970107, -0.5486775895284001, 0.048434081367267706, -0.1247266527543319, 0.14448625779397642, 0.63676159896638, 0.0390336996156746]], "inverted": true, "swapped": false, "error_lsq": 0.04145082183405544, "error_max": 0.2219753366380567, "target": "527.xyz", "model": "1.xyz", "model_rescale": 4.316132596720782, "target_rescale": 3.90232699544143},
{"mapping": [5, 2, 7, 12, 6, 4, 11, 9, 0, 1, 8, 13], "R": [[0.1876849919114969, 0.23443697381440676, 0.9538415220150173], [0.05085738930188091, -0.9721155078226072, 0.22892130832273222], [0.9809117543207332, 0.005544795716495063, -0.19437434366676087]], "T": [0.006052519286159443, 0.1394710588933115, -0.04795215936916944], "aligned_model": [[-0.2772602637080337, 0.36256031519708853, 0.15477372743887924, -0.5447661759669359, -0.4734079813351145, -0.41477201056607493, -0.1698758763785717, -0.13197529216936152, 0.5602636888771604, 0.19705290827262692, 0.3776050895624171, -0.042389574592298994], [-0.6072200536611082, -0.41109213598235983, -0.540255703357175, 0.4383650854351929, -0.21950918977804554, -0.1610194427539918, 0.26360686991715615, 0.5646675505669196, 0.06692582694120883, -0.08619445065994405, 0.7091952148880543, -0.0046931438149272475], [0.021745385995355512, 0.1221326390203705, -0.5337677781991749, -0.0028599268936685338, -0.36499657534309193, 0.47784109926048646, -0.807985066103771, 0.5557583513435306, -0.3585221200624039, 0.7144609293225233, -0.26786610280156964, -0.10668237432916486]], "inverted": true, "swapped": true, "error_lsq": 0.03969327540495317, "error_max": 0.2814569131956765, "target": "527.xyz", "model": "2.xyz", "model_rescale": 3.795458400668931, "target_rescale": 3.90232699544143},
{"mapping": [11, 6, 7, 1, 8, 3, 2, 12, 4, 9, 0, 13], "R": [[-0.4904046880076306, 0.7877562782398629, 0.37275097327011575], [-0.20565542191131572, 0.3110288358531599, -0.9278830264135167], [-0.8468819808087887, -0.5316964447516159, 0.009476350556761493]], "T": [0.09973250578994433, 0.014024432351409488, -0.007561625253417727], "aligned_model": [[-0.15121007650720694, -0.11270447770242434, -0.7131766142028682, 0.27360803934853645, 0.21433136189272886, 0.07999963749296776, -0.3550170794102576, 0.5822014011643177, 0.3651011666510501, 0.7930428392650118, -0.370371883393222, -0.012500488855068478], [-0.08537808825027335, -0.5886451409691245, -0.22600981253692842, 0.07296983017032303, 0.6250309139850871, 0.5754630387831053, 0.03148927206374219, -0.2967030994886523, -0.49148049219421974, 0.13178615837223068, 0.4413063569163822, -0.10405989156196283], [-0.7499614357243197, -0.23323011160165907, -0.04910206923891477, 0.78929000931164, -0.36045998243345895, 0.4270140468941411, 0.49447848556866825, -0.26338255779253056, 0.4592259307277754, 0.2565653733533558, -0.08035277769780477, -0.0013134807277924501]], "inverted": false, "swapped": true, "error_lsq": 0.04385928412228421, "error_max": 0.31649806658592905, "target": "527.xyz", "model": "3.xyz", "model_rescale": 3.7530521520055578, "target_rescale": 3.90232699544143},
{"mapping": [4, 12, 9, 8, 1, 11, 2, 6, 7, 0, 13], "R": [[-0.4200709878305073, 0.3829922942454527, -0.8227133569668761], [0.8990689266446286, 0.29886591785056854, -0.3199284737084413], [0.12335084241778585, -0.8740686847702197, -0.4698813722407825]], "T": [0.002700841374092898, -0.02471883793220938, -0.043640519042699465], "aligned_model": [[-0.36636307408548774, -0.23828410352649496, 0.294302430486672, 0.5668103262317273, 0.20976945792511212, -0.2512017253435055, 0.0006522880549631113, -0.6564986080426465, -0.3992907910809324, 0.31167550917595166, -0.1333721073501544], [-0.6454813140134306, -0.008851756858699121, -0.46960476685118374, 0.3891175612124847, -0.8048696882799826, 0.7218898940763796, -0.3370254459191273, 0.12913949594768862, 0.2284250895130355, 0.282704236475601, -0.0182399469884202], [-0.19294608464944146, -0.6236807552693194, -0.5740697202455125, -0.19033405249053678, 0.08738248406977836, -0.08967753894955134, 0.5576970440424529, -0.011236024342624766, 0.6595551606986194, 0.4242186901664254, 0.045921574215026746]], "inverted": false, "swapped": true, "error_lsq": 0.043584231389938825, "error_max": 0.22067371898584376, "target": "527.xyz", "model": "4.xyz", "model_rescale": 3.7855080009869324, "target_rescale": 3.90232699544143},
{"mapping": [6, 15, 13, 8, 14, 12, 1, 11, 7, 9, 5, 4, 3, 16], "R": [[-0.954383620445711, -0.29460101477227596, -0.048601925065600765], [-0.066868979286776, 0.36952833903506743, -0.9268103075921895], [0.2909990457614625, -0.8812826157057277, -0.3723714632202484]], "T": [-0.013499795439042447, -0.01977384521239759, 0.06013429954999773], "aligned_model": [[0.31714227448594523, -0.818888053136568, -0.2208607458944105, -0.4052534314071497, -0.4438957581653919, 0.05434513949812242, 0.6099813442113566, 0.37710444792297765, 0.22743647748160384, -0.5359239773400012, 0.2609608149613917, 0.6817165799622796, -0.106161006650872, -0.04816217882528129], [-0.2592252096338751, -0.11268141039728122, -0.6564688756419195, -0.10605702574436701, -0.2870026742490738, -0.6124486036303989, -0.20709325749088198, -0.7044500508855029, 0.37936258413007035, 0.30327867339579945, 0.740602625946618, 0.13614634021526145, 0.5297917341007776, -0.026178056582184788], [-0.44919460571591674, -0.08831112941370116, -0.21643126831410758, -0.5181339560430924, 0.5085152388565374, 0.387546820000405, 0.446510599642605, -0.04514175068462649, -0.5263887562958586, 0.4201677197140942, 0.020106308522627472, -0.13826900439275475, 0.47463180179840825, 0.10068374406532542]], "inverted": false, "swapped": false, "error_lsq": 0.042555608052299035, "error_max": 0.30681673191859643, "target": "527.xyz", "model": "5.xyz", "model_rescale": 4.2253639853439635, "target_rescale": 3.90232699544143},
{"mapping": [6, 4, 2, 3, 1, 10, 8, 5, 7, 0, 12, 11, 9, 13], "R": [[-0.10325887555034224, 0.5914093218613206, 0.7997328420388976], [0.9747309753219529, 0.22028791932954478, -0.037050753641117706], [-0.19808364487759647, 0.7756985539582972, -0.5992116679596728]], "T": [-0.004341420345924235, -0.07909454514336062, 0.08309902334488], "aligned_model": [[0.211877103187636, -0.6497656010561117, -0.10375422910809041, -0.37553108489862924, -0.4704767299500023, -0.013871042338791845, 0.3945378212251856, 0.41636421989116845, -0.11270363984018468, -0.5271958090700968, 0.4506505740743291, 0.740044446085377, 0.02489121875351098, -0.03552531985129758], [-0.08914063430571326, -0.3615078718902917, -0.6450815648262522, -0.03718142037841101, -0.19472909518346015, -0.7924036543059247, -0.2118368444569127, -0.5436603087882697, 0.47617265610618015, 0.5269028535002138, 0.6916986109718959, 0.052611677139437873, 0.32680118044655226, -0.08106879049600195], [-0.522596109784501, 0.015411121642725942, -0.2632352069034853, -0.5197865342861104, 0.6381236227417001, 0.39871235557202384, 0.6906677093510786, -0.005932892125952535, -0.4730728751089088, 0.1326277054966642, -0.18186127550835157, -0.10155454873674459, 0.538061153905769, 0.030727535484037977]], "inverted": false, "swapped": false, "error_lsq": 0.04431040156759131, "error_max": 0.3015873214619339, "target": "527.xyz", "model": "6.xyz", "model_rescale": 3.89814844738969, "target_rescale": 3.90232699544143},
{"mapping": [4, 1, 9, 5, 12, 3, 2, 6, 7, 0, 8, 11, 13], "R": [[0.022570210299863558, -0.8028024425324513, -0.5958177774042582], [0.22761950956677204, -0.5761909668486374, 0.7849798268660251], [-0.9734885435749113, -0.15333691005743813, 0.1697287469535878]], "T": [0.016853445021059607, 0.1572239933809738, 0.01637941513185232], "aligned_model": [[0.20975997098160043, -0.17064403036067083, 0.4756087091237703, -0.24245174428961125, 0.6300837735196115, -0.3425605121572917, -0.583842593759623, 0.10361664625698506, -0.5984224677520719, -0.4883369254287779, 0.07554958794106907, 0.12782638863350687, -0.04755500180427434], [-0.30929688100088715, 0.1644920507946882, 0.4268669343168159, -0.5850970552317514, 0.023306321121270124, 0.6350744018911841, -0.010980937771347676, -0.448625300934163, -0.2886958266112265, 0.4455269721817725, 0.8143520962528226, 0.08372034758285432, 0.013138142878453135], [-0.5212000890661903, -0.7795299142959583, -0.5138529924718857, -0.13979925815157934, 0.04442945681571456, -0.3669472134471132, -0.24822944501728372, 0.3073865143262579, 0.3942078813336842, 0.2819554187216888, 0.29158204618970196, 0.7950274351893971, 0.05724519070986128]], "inverted": true, "swapped": true, "error_lsq": 0.044085283443551546, "error_max": 0.23944688855321267, "target": "527.xyz", "model": "7.xyz", "model_rescale": 3.7474275329858107, "target_rescale": 3.90232699544143},
{"mapping": [9, 6, 7, 5, 0, 10, 12, 11, 8, 3, 2, 13, 1, 14], "R": [[0.7556709648663806, 0.5671248561120585, 0.3276137824295407], [0.6200816797359179, -0.45846283691939776, -0.636640037713385], [-0.2108556456768374, 0.6842376960849899, -0.6981107877282153]], "T": [0.07556061139083681, -0.03964188407504071, 0.05889636151886862], "aligned_model": [[0.15283894547843438, -0.6967108316916146, -0.20832630182928552, -0.4211761039524379, -0.3845270833440876, -0.1171960808562389, 0.5181080106862199, 0.3709343145490823, 0.02879970911114548, -0.541493889992688, 0.08950050403964838, 0.963267548447475, 0.08247005379334796, 0.11305313266500167], [-0.3428254538837949, -0.30291065426399527, -0.5855797116745594, -0.09936445556226497, -0.005382666306343098, -0.6980732154138334, -0.28042477582047204, -0.5549759730953621, 0.3661698049627733, 0.31288555531626644, 0.8002167160234026, 0.10095057777446526, 0.4008849237075059, 0.0060061217692534], [-0.6356885664539924, 0.09388880699339913, -0.23305867067322467, -0.4536534547007995, 0.529384253794899, 0.38227910563743367, 0.4150115356114033, -0.12458417632110796, -0.48730928374195276, -0.0365116244317325, 0.1139663813433478, 0.07684022579570862, 0.667739700384014, 0.06798752850255013]], "inverted": false, "swapped": false, "error_lsq": 0.04519742483059553, "error_max": 0.23307992432930388, "target": "527.xyz", "model": "8.xyz", "model_rescale": 4.019505241142653, "target_rescale": 3.90232699544143},
{"mapping": [6, 12, 4, 5, 7, 2, 1, 11, 0, 8, 9, 3, 13], "R": [[-0.2834023906555082, -0.8474339847435421, -0.44893064773127844], [-0.9379730001127484, 0.342433617854374, -0.05427585487723796], [0.1997241498423091, 0.40570291946798587, -0.8919167030081454]], "T": [-0.07434061583725997, -0.052650693109826494, 0.08926558628968538], "aligned_model": [[-0.20870418797760126, -0.6513276178556038, -0.045441162828638346, 0.27423571120133844, 0.41216571500031585, 0.5903885148986079, 0.3640119019576801, -0.43023497902850716, 0.2931281575924937, -0.26721620780036226, -0.35067799618167433, 0.35626577777019924, -0.016892855007072008], [-0.5522275978909295, 0.024480110918411638, 0.2443869581857671, -0.32464947835969526, -0.7387864926502243, -0.0620593251104658, 0.5788206095343837, -0.7196405191625596, -0.28127596212877276, 0.02647683022735249, 0.6420328878882646, 0.39558090380152267, -0.16976069713899655], [-0.34849656258047207, -0.14718530109331263, -0.5851080732304609, -0.5794516210980024, -0.023395583671990544, -0.04185702478559704, -0.18960867333816206, 0.31833826796518166, 0.5599711403077505, 0.7730322935767625, 0.01603657204130292, 0.43295916932604767, -0.008531109375168794]], "inverted": false, "swapped": true, "error_lsq": 0.04345701163642295, "error_max": 0.19983576717500248, "target": "527.xyz", "model": "9.xyz", "model_rescale": 3.877068213659057, "target_rescale": 3.90232699544143},
{"mapping": [8, 4, 1, 7, 3, 5, 12, 0, 9, 13, 10, 11, 6, 15], "R": [[0.39091919096688765, 0.8012861141289112, -0.45290479069886624], [-0.06466590492006286, 0.5147542460390051, 0.8548955415287209], [0.9181505905213282, -0.30490757532243296, 0.253043205078365]], "T": [-0.07237243998102907, 0.06361072691172505, 0.028377290419275666], "aligned_model": [[0.20896762526389331, -0.6822827519669966, -0.14344436644078626, -0.45721798246951295, -0.3827154346754571, -0.07084320192190965, 0.42381392066708456, 0.48950108582807483, 0.07556019626415264, -0.5803326888580908, 0.4032182928237963, 0.6552768879474943, 0.01710987181364082, -0.007069527171380138], [-0.12506141123024056, -0.2281284500527847, -0.7723997773506515, -0.33894558265271163, -0.14312689094316766, -0.6411720756833097, -0.17705592266885223, -0.4986287267696327, 0.4603777793301096, 0.6001766018484207, 0.5856315863542608, 0.057619248433698325, 0.33664792807189325, 0.0016424868460104686], [-0.6648568170689666, -0.0030606437084801687, -0.19285071014959548, -0.5683880700645703, 0.541902485259805, 0.366422117091385, 0.5324347028238249, -0.015792533586769495, -0.477920196389054, 0.2557798923785392, 0.09559675662456245, -0.09469112150888638, 0.5740403529252063, 0.027675547112944725]], "inverted": false, "swapped": false, "error_lsq": 0.04178232116468011, "error_max": 0.27110549304569015, "target": "527.xyz", "model": "10.xyz", "model_rescale": 4.260839863003843, "target_rescale": 3.90232699544143},
{"mapping": [11, 8, 9, 12, 4, 6, 7, 0, 3, 1, 2, 13], "R": [[0.3873562474135615, -0.19340582016144206, -0.901415179768659], [0.2647060893998656, -0.9132471277580813, 0.3096939939298876], [-0.883111444736345, -0.35857199049743815, -0.30255628204747465]], "T": [-0.017563299836179064, -0.04395412715726261, -0.09678380570496922], "aligned_model": [[0.25695239633144423, 0.41281494418050674, -0.46755946186281233, -0.5014831442971798, -0.6588122258869847, -0.24052614236868067, 0.3763548292807975, 0.6159745719064952, 0.2853313014685445, -0.280713174434686, 0.18571504070227793, -0.02515028592559222], [0.0061569648887542655, -0.6037222598842563, -0.5565824369916604, -0.27113939745543353, 0.2010742544918624, 0.4294563997992683, 0.6917945393406949, 0.014351192018726915, -0.26597597436474407, 0.002198969885358608, 0.41151090602498963, 0.11395534777937291], [-0.8357970195994994, -0.20828839565198942, 0.21789981974980924, -0.4269059356338092, 0.1726735830434071, -0.5274070704143488, -0.2506203809157217, -0.0327776615705533, 0.5060593493268544, 0.6760692357818865, 0.3618838283792405, -0.13661127509977172]], "inverted": false, "swapped": true, "error_lsq": 0.048627630825823026, "error_max": 0.24279914474002628, "target": "527.xyz", "model": "11.xyz", "model_rescale": 3.890672605050136, "target_rescale": 3.90232699544143},
{"mapping": [12, 3, 4, 7, 0, 2, 11, 10, 5, 8, 5, 9, 6, 13], "R": [[0.6760123868119517, -0.7063347787473173, -0.2099962695115946], [0.7315784227159008, 0.6774657924070063, 0.07637480955696072], [0.08831910491690334, -0.20525905692642485, 0.9747145506538578]], "T": [0.011961711202314821, -0.04518268144794171, 0.22241833993493046], "aligned_model": [[0.2465718361404733, -0.8669445465494164, -0.2715757949464503, -0.3250190812189742, -0.5024385302548058, 0.18059245635433915, 0.4601727070170073, 0.5088928699577163, 0.14374432311875934, -0.4945116237375021, 0.14374432311875934, 0.6616192728282299, 0.10631839475739177, -0.041624679481524915], [-0.1959381699293167, -0.17792906515219373, -0.6600298642900232, 0.04373020389224771, -0.17035268008668, -0.7211385566460684, -0.273188020154576, -0.6910012427297936, 0.4582773908066303, 0.465290536694119, 0.4582773908066303, 0.34980419940932467, 0.337830246574865, -0.10605557566212315], [-0.46849628483018224, -0.028510621526926044, 0.04179035709938947, -0.5557221452192631, 0.4839893681029024, 0.36458535524191227, 0.4457625421147201, -0.14570978151793365, -0.35562446183407403, 0.17667011163305035, -0.35562446183407403, 0.055832528431311146, 0.6424853074263541, 0.07486394845275865]], "inverted": true, "swapped": false, "error_lsq": 0.05429720177698464, "error_max": 0.4969064085141108, "target": "527.xyz", "model": "12.xyz", "model_rescale": 4.124412569039231, "target_rescale": 3.90232699544143},
{"mapping": [8, 11, 7, 9, 0, 3, 12, 1, 6, 4, 2, 5, 13], "R": [[-0.14626817139762915, 0.8999916248848081, 0.41063450558032377], [-0.7464570236093724, 0.1719828930208328, -0.6428248567163702], [-0.6491590975563932, -0.40054582714764114, 0.6466494463110452]], "T": [0.009674107748251809, 0.08592808043310125, 0.07663036140537123], "aligned_model": [[-0.17772548543342606, -0.023466229515601275, 0.737126387396438, -0.5367096324255471, 0.4534549877449878, 0.22040290367421475, -0.5526387654145668, 0.1310036192035293, 0.08608636076433296, -0.11028817030858318, 0.6116406581568513, 0.42013222092338554, 0.10827945274374247], [-0.24634616526284997, 0.628432003532034, 0.5139249821070613, -0.3315002535507012, -0.09532852721639122, -0.5923385290893735, 0.34598274560820347, -0.4329947156122063, 0.7464481697022534, 0.1730206514186674, -0.07739450521658196, 0.5087170236019207, 0.20686249648644167], [0.6811750554035342, 0.649868296967444, 0.16492032439813165, -0.22590642722194965, 0.4997983001674275, 0.07917804273819891, -0.028002269109240516, -0.5435938480526785, -0.05429225525529445, -0.6457755585928892, -0.1881497057183807, -0.4669182981168594, 0.029396423360395184]], "inverted": true, "swapped": true, "error_lsq": 0.04719500015957533, "error_max": 0.2896711278426278, "target": "527.xyz", "model": "13.xyz", "model_rescale": 3.9028299243045295, "target_rescale": 3.90232699544143},
{"mapping": [9, 1, 6, 11, 2, 3, 4, 7, 14, 12, 13, 10, 5, 15], "R": [[0.08871356871113617, 0.5464544841888211, -0.8327769205714481], [-0.928933781931076, -0.2563350991486611, -0.2671597756618208], [-0.3594606119086803, 0.7972953114463771, 0.4848796292193163]], "T": [-0.06567917042693625, -0.07145416980575083, 0.19528517703816844], "aligned_model": [[0.0922022201521131, -0.6227864628202534, -0.2400108099965281, -0.4061595089350457, -0.6409369875608553, 0.07286800585104222, 0.5071453027357997, 0.6039836670307076, 0.16222177068817825, -0.44279228514748936, 0.14647960785626124, 0.6134187784161339, 0.12285334048830782, -0.018944711654369235], [-0.3491690911818227, -0.23854326647798474, -0.6470540293040216, 0.11006192551574136, -0.2981947967935196, -0.6329089028520002, -0.1623213249702736, -0.5338389231684078, 0.3610332284620335, 0.5076220379329036, 0.6825812656608005, 0.11557968959969868, 0.3266314106026983, -0.1239024294928037], [-0.5109678551093544, -0.0943895617262775, -0.09229358337328136, -0.43477968832615915, 0.5950562383411304, 0.42822874944040223, 0.5459681634245186, -0.20268464571614858, -0.5423234347346066, 0.11345160631277672, 0.057188954593876296, -0.04801898108908531, 0.45621657923808423, 0.1056392204640704]], "inverted": true, "swapped": false, "error_lsq": 0.043850131298317864, "error_max": 0.24297755241261307, "target": "527.xyz", "model": "14.xyz", "model_rescale": 3.942246331269136, "target_rescale": 3.90232699544143},
{"mapping": [5, 4, 3, 10, 13, 12, 0, 1, 9, 11, 7, 2, 8, 14], "R": [[0.5752330944158148, -0.10400185483438677, 0.81135103455891], [0.08263760077992192, -0.9794210616311179, -0.18413421998833523], [0.8138045920404632, 0.1729682000379883, -0.5548009442579148]], "T": [-0.0857302102862003, -0.02865427609442254, -0.005269725724364526], "aligned_model": [[0.3207999896133822, -0.6012862929710525, -0.12613398752176103, -0.5606668880128153, -0.5909067712638477, -0.034502856561006934, 0.5617286354476414, 0.3894987234213302, 0.09003169964088005, -0.6408023192756243, 0.452465797967498, 0.6494561417701633, 0.039743272065539695, 0.00011678278367553696], [-0.29617603829381106, -0.2747030551491397, -0.7162452112661918, 0.17815921685742253, -0.34450081659343884, -0.659025895782308, 0.04968244501270876, -0.6816310427158878, 0.48205975880751223, 0.3163223980356975, 0.6351593033535289, 0.07142055466823291, 0.41131422187285294, -0.05425904527413651], [-0.4126330298012702, -0.13689761355569602, -0.21053582413167032, -0.49584474274645524, 0.5478735211827244, 0.5124982121446524, 0.33440347615568145, 0.061215149250315, -0.6022967198421615, 0.2896829362142999, 0.02073213131167508, -0.18452924328861806, 0.6188496957894499, 0.03377381305701865]], "inverted": true, "swapped": false, "error_lsq": 0.053920018105029874, "error_max": 0.3490350394143861, "target": "527.xyz", "model": "15.xyz", "model_rescale": 4.355366556412066, "target_rescale": 3.90232699544143},
{"mapping": [5, 2, 7, 12, 6, 4, 11, 9, 0, 1, 8, 13], "R": [[0.1876849919114969, 0.23443697381440676, 0.9538415220150173], [0.05085738930188091, -0.9721155078226072, 0.22892130832273222], [0.9809117543207332, 0.005544795716495063, -0.19437434366676087]], "T": [0.006052519286159443, 0.1394710588933115, -0.04795215936916944], "aligned_model": [[-0.2772602637080337, 0.36256031519708853, 0.15477372743887924, -0.5447661759669359, -0.4734079813351145, -0.41477201056607493, -0.1698758763785717, -0.13197529216936152, 0.5602636888771604, 0.19705290827262692, 0.3776050895624171, -0.042389574592298994], [-0.6072200536611082, -0.41109213598235983, -0.540255703357175, 0.4383650854351929, -0.21950918977804554, -0.1610194427539918, 0.26360686991715615, 0.5646675505669196, 0.06692582694120883, -0.08619445065994405, 0.7091952148880543, -0.0046931438149272475], [0.021745385995355512, 0.1221326390203705, -0.5337677781991749, -0.0028599268936685338, -0.36499657534309193, 0.47784109926048646, -0.807985066103771, 0.5557583513435306, -0.3585221200624039, 0.7144609293225233, -0.26786610280156964, -0.10668237432916486]], "inverted": true, "swapped": true, "error_lsq": 0.03969327540495317, "error_max": 0.2814569131956765, "target": "527.xyz", "model": "16.xyz", "model_rescale": 3.795458400668931, "target_rescale": 3.90232699544143},
{"mapping": [4, 1, 9, 5, 12, 3, 2, 6, 7, 0, 8, 11, 13], "R": [[0.022570210299863558, -0.8028024425324513, -0.5958177774042582], [0.22761950956677204, -0.5761909668486374, 0.7849798268660251], [-0.9734885435749113, -0.15333691005743813, 0.1697287469535878]], "T": [0.016853445021059607, 0.1572239933809738, 0.01637941513185232], "aligned_model": [[0.20975997098160043, -0.17064403036067083, 0.4756087091237703, -0.24245174428961125, 0.6300837735196115, -0.3425605121572917, -0.583842593759623, 0.10361664625698506, -0.5984224677520719, -0.4883369254287779, 0.07554958794106907, 0.12782638863350687, -0.04755500180427434], [-0.30929688100088715, 0.1644920507946882, 0.4268669343168159, -0.5850970552317514, 0.023306321121270124, 0.6350744018911841, -0.010980937771347676, -0.448625300934163, -0.2886958266112265, 0.4455269721817725, 0.8143520962528226, 0.08372034758285432, 0.013138142878453135], [-0.5212000890661903, -0.7795299142959583, -0.5138529924718857, -0.13979925815157934, 0.04442945681571456, -0.3669472134471132, -0.24822944501728372, 0.3073865143262579, 0.3942078813336842, 0.2819554187216888, 0.29158204618970196, 0.7950274351893971, 0.05724519070986128]], "inverted": true, "swapped": true, "error_lsq": 0.044085283443551546, "error_max": 0.23944688855321267, "target": "527.xyz", "model": "17.xyz", "model_rescale": 3.7474275329858107, "target_rescale": 3.90232699544143},
{"mapping": [11, 8, 10, 3, 4, 5, 9, 12, 1, 0, 2, 7, 6, 13], "R": [[-0.18431754529935857, -0.8596124202203689, -0.47654331334905886], [-0.8243777542803713, -0.12880121235229303, 0.5511910430551568], [-0.5351900230221702, 0.4944458865229438, -0.6849050332404264]], "T": [0.01915003536080345, -0.0687864460810947, -0.027459115150086217], "aligned_model": [[0.263804798024137, -0.675427385118443, -0.1667327755388528, -0.39163047734002643, -0.4175279583086828, -0.07354904802111051, 0.37875937438585766, 0.5474730127837432, -0.007602744045668578, -0.5198735821109101, 0.2046728571451163, 0.7348001874663784, 0.06943527845255953, 0.00294038932990456], [-0.2580659211010778, -0.24831136299290313, -0.6878162426436645, -0.1043601687239329, -0.124209060117946, -0.6855645353953157, -0.11849715816976321, -0.5850445784024884, 0.4253326845710292, 0.5433195859410676, 0.5933746579257484, 0.05145478780902123, 0.28934719821410243, 0.02661690661916477], [-0.6801872279569133, 0.01931120008195462, -0.2697173700005719, -0.5665166834596391, 0.6764346877198639, 0.3388899058017182, 0.5346210697396467, 0.08911401920121402, -0.5108316322911571, 0.15672051496861308, 0.14848598636543597, -0.22946452968184322, 0.6538708332679883, 0.015560987983634821]], "inverted": true, "swapped": false, "error_lsq": 0.04269656786619214, "error_max": 0.2518888001319243, "target": "527.xyz", "model": "18.xyz", "model_rescale": 3.922800546911778, "target_rescale": 3.90232699544143},
{"mapping": [13, 9, 11, 7, 2, 10, 6, 4, 12, 0, 5, 8, 1, 14], "R": [[-0.5516609200519513, -0.7892903122363769, 0.2696127450571232], [-0.8326954062110307, 0.5026443207770659, -0.2323080869569735], [0.047839207377227064, -0.35266058725120497, -0.9345276456248655]], "T": [0.04366889189892794, -0.0023772842208365855, 0.023559448699741775], "aligned_model": [[0.32322830158517857, -0.6849688973191458, -0.09650942400196874, -0.4423914242045032, -0.47920584228659785, -0.10314538158860595, 0.4836623067232012, 0.43039626804470277, -0.0022700822750447783, -0.42152417958849325, 0.18227593631138053, 0.6322505200030141, 0.1543744718377093, -0.026630646136824206], [-0.26729523652263815, -0.3594474237445064, -0.6310462972838323, -0.1587491571517339, -0.1278157289813207, -0.6979320084079994, -0.2530407780703544, -0.6141649498993867, 0.43401122023446803, 0.6409972757739005, 0.7473331490552915, 0.15738499938338107, 0.2691827496733484, -0.02184102052557558], [-0.545192484768867, 0.08937034064726501, -0.28036311468506536, -0.5908542763456639, 0.49684178696546755, 0.40467602144954185, 0.4918984068011786, 0.02855221898885285, -0.6291799544295765, 0.28453304404715496, -0.011881680823450522, -0.025820039121899008, 0.7032523547224934, -0.0395408617074864]], "inverted": false, "swapped": false, "error_lsq": 0.0455290975540975, "error_max": 0.3019704291100745, "target": "527.xyz", "model": "19.xyz", "model_rescale": 3.9282355846067225, "target_rescale": 3.90232699544143},
{"mapping": [4, 10, 0, 11, 2, 1, 5, 3, 8, 12, 7, 6, 7, 13], "R": [[-0.14708250185155727, 0.4734989794633224, -0.8684269998660101], [0.6220951722214894, 0.7268716833981742, 0.29095558522327813], [0.7690021679734087, -0.497449768641113, -0.4014715348951914]], "T": [0.03927416373685536, 0.02486257354935148, -0.04608838566065991], "aligned_model": [[0.21773427645075563, -0.771491987215199, -0.18623682850807696, -0.4160808839691534, -0.21802388225041633, -0.030596703904551624, 0.4649548320145777, 0.47530437779953083, 0.2588806209062885, -0.556078559827353, 0.03776123164117006, 0.6693041496402813, 0.03776123164117006, -0.03364994731502143], [-0.24826011086296143, -0.15781356830977275, -0.7006292612467043, -0.20539055819766358, -0.17465393338214796, -0.6343680619664542, -0.19454668009884843, -0.5874433452080712, 0.39732413767682906, 0.6178133202444073, 0.4696035064500368, 0.17536670290066214, 0.4696035064500368, -0.10902886091630598], [-0.5873127683055721, 0.18089624962843026, -0.2970931231016037, -0.5490778956658934, 0.710685747983496, 0.30324501863826536, 0.46218880280717173, -0.08234005349323036, -0.6719214036018585, 0.08336775288062699, 0.3901466312954813, 0.03908659874084776, 0.3901466312954813, 0.004273572638302893]], "inverted": false, "swapped": false, "error_lsq": 0.051463140557889704, "error_max": 0.46151368658260294, "target": "527.xyz", "model": "20.xyz", "model_rescale": 4.067790424073018, "target_rescale": 3.90232699544143},
{"mapping": [11, 9, 12, 10, 7, 0, 2, 3, 13, 1, 5, 6, 8, 14], "R": [[-0.6525620903536418, -0.756839084241635, -0.036841807740244994], [-0.7305012755890665, 0.6154460584991723, 0.2959628953780866], [-0.20132214134573578, 0.22004715322429647, -0.9544886828883048]], "T": [0.09315319274653205, -0.016776717449698178, 0.07370118005975687], "aligned_model": [[0.21138859701001353, -0.6478601959569428, -0.20917844335885138, -0.4453561151456548, -0.4904265976725854, 0.04746814086973304, 0.6511738481398337, 0.5226049521871552, -0.016622801235750134, -0.596918770601033, 0.1333794089926797, 0.7997257937008757, -0.04955984710921785, 0.039723957283747724], [-0.23888600553438055, -0.2005790580245801, -0.6460696362686583, 0.06307986739747766, -0.07149998767109021, -0.4740831422389678, -0.3005376439953919, -0.7324795480294122, 0.4079093434350031, 0.4260849501205383, 0.5683888541114313, 0.07750994822960999, 0.26446640815056627, -0.02572755614910354], [-0.5218826572833284, -0.07178337867510873, -0.24189329237574544, -0.5386038686893877, 0.5353330129303268, 0.6152191755155213, 0.4759630552844565, -0.09087603970154079, -0.47193100915990016, 0.10499542996872345, 0.14025361235145264, -0.12484878078401687, 0.54878347743862, 0.017563024919873396]], "inverted": false, "swapped": false, "error_lsq": 0.041917663155030975, "error_max": 0.24672911180964832, "target": "527.xyz", "model": "21.xyz", "model_rescale": 4.186013935880536, "target_rescale": 3.90232699544143},
{"mapping": [12, 10, 9, 5, 7, 4, 6, 11, 3, 8, 0, 2, 13], "R": [[-0.8525164896064896, -0.382076970868359, 0.3566971029894796], [-0.48350064527907766, 0.317142944977918, -0.8158722194470461], [0.1986020165147972, -0.8680077999550423, -0.45510405211716554]], "T": [0.02395117052727488, 0.027328061321262344, -0.03155780650284348], "aligned_model": [[-0.007647768949605619, -0.4520715175610479, 0.410236688959703, 0.4188345751705113, -0.1520045946437498, 0.6624782886362941, -0.07328087829863242, -0.7008390637689601, 0.2684179942817212, -0.44277503513479316, -0.2784701996353886, 0.37159475627515404, 0.03410079009201906], [-0.2408782934649006, 0.06357041150167216, 0.328129297646266, -0.563939945443886, -0.36023468366169353, -0.29815411487248783, -0.6397321616213757, -0.28655364787251947, 0.6612606421007862, 0.5495923808774094, 0.3325134659257582, 0.07790115498486933, -0.10451784655380522], [-0.5988664014039089, -0.6070982750471795, -0.601305319429819, 0.3387673740059174, 0.7026070060409549, -0.2053129495794315, 0.03803342815520949, -0.01859986679158586, 0.17538219643355807, -0.17440632202067444, 0.44201342926716647, 0.5478667168182139, 0.06379854488692482]], "inverted": false, "swapped": true, "error_lsq": 0.047353842132183854, "error_max": 0.3785520021391805, "target": "527.xyz", "model": "22.xyz", "model_rescale": 4.166573947596378, "target_rescale": 3.90232699544143},
{"mapping": [7, 6, 13, 5, 12, 14, 9, 10, 0, 2, 4, 8, 3, 15], "R": [[-0.3477317767862048, -0.725128710632306, 0.5943660189057232], [-0.13208427137946283, -0.5897186619890964, -0.7967343628562448], [0.9282436946552697, -0.35555625816250125, 0.1092858207372544]], "T": [-0.017048449467876405, -0.022430864795564706, 0.15364563261330227], "aligned_model": [[0.24019334165330938, -0.7724736793750226, -0.13063835264549992, -0.34705392953362585, -0.42724172079591477, 0.006105078280638741, 0.4111294153322218, 0.33864458699793754, 0.10409922604655836, -0.43430572896211794, 0.17109668610348103, 0.7180650481810155, 0.13000108426090048, -0.05807912843987893], [-0.2127403865856745, 0.00498337544916351, -0.7424564654450541, -0.275529232451164, -0.3384481890706827, -0.7834660603495801, -0.15392237687410948, -0.6111514688830811, 0.36286871454427366, 0.4944476833894958, 0.6644222065266435, 0.28129552353563, 0.43213486642483745, -0.004861396677655588], [-0.48588434672073927, 0.06595975337152551, -0.2770208360154783, -0.56614571258195, 0.5552124217585379, 0.3687435370687062, 0.553424152082046, -0.1427185812125869, -0.5560185398767616, 0.26108011648258955, -0.02715198833531221, 0.007229899760282432, 0.5185745060205387, 0.10100737993854753]], "inverted": false, "swapped": false, "error_lsq": 0.04476767246571145, "error_max": 0.27759402905980973, "target": "527.xyz", "model": "23.xyz", "model_rescale": 4.274766983524099, "target_rescale": 3.90232699544143},
{"mapping": [11, 6, 7, 0, 2, 3, 8, 9, 12, 4, 13], "R": [[-0.27418286198858793, -0.6120794955761116, -0.741742845794309], [0.1147187359052308, 0.7449761811535773, -0.6571530271908806], [0.9548106460571401, -0.26527189939593165, -0.1340427154560137]], "T": [-0.02025817419297503, 0.05331748598997301, 0.0889364407474853], "aligned_model": [[0.2869743296210308, 0.3054333507971062, -0.3717565232336736, -0.5104416981198567, -0.590219692655803, -0.5830427780582311, -0.09307469332835443, 0.20179965290278845, 0.5939791257494245, 0.16854747952986632, -0.02830384924622254], [-0.16451772405250112, 0.49419208026407324, 0.46109218988885237, -0.1982209895700369, 0.4196909818300462, -0.18317134200905696, -0.6554121740276821, -0.10911232377082927, 0.041861079803767264, 0.6241089224638832, 0.18507583042296757], [-0.6054456796769173, -0.30958705287074617, -0.5670604998360511, -0.23558634712260762, 0.09673437365671066, 0.4519863458425909, 0.030634704314767502, 0.787947880094734, 0.2206690247543792, 0.5160148158688852, -0.006741131004167761]], "inverted": true, "swapped": true, "error_lsq": 0.047411209549523756, "error_max": 0.2569779364728785, "target": "527.xyz", "model": "24.xyz", "model_rescale": 3.7841303162186577, "target_rescale": 3.90232699544143},
{"mapping": [9, 13, 12, 14, 3, 5, 4, 2, 10, 11, 7, 1, 6, 15], "R": [[-0.2934654958966908, -0.5174399298449703, -0.8038245590426693], [0.7538795610198759, 0.39177511657308695, -0.5274256966726439], [0.5878295758079793, -0.7607681493307777, 0.27511490830057683]], "T": [0.12263320289896837, 0.0423711284163599, -0.054196224496214404], "aligned_model": [[0.1061124988338994, -0.6421157043117727, -0.2695200265832046, -0.385623729417364, -0.2941381230421086, 0.01143878883347374, 0.40775585861627983, 0.4570719733751467, -0.06728892828775834, -0.47376893980545076, 0.12178553026173491, 0.8167445179621752, 0.055448777688203416, 0.1056394329807489], [-0.2978268244386111, -0.11174953999825557, -0.5984347784998432, -0.18596155332866263, -0.2007307141834814, -0.7351625367005821, -0.2642178353222643, -0.6328673385154165, 0.4784114464314957, 0.47992758571926175, 0.6922312287999374, 0.13395210796748439, 0.30182668463999396, 0.058178860961985546], [-0.5297307949919935, 0.0041640852909179266, -0.15790514743026307, -0.6188536777455972, 0.5909433291129484, 0.336208626055274, 0.5633899001606948, -0.08576756443021585, -0.6698694579796508, 0.1514160319789229, -0.03213513928251363, 0.1965203491260452, 0.6167698846306272, 0.011141337244748695]], "inverted": false, "swapped": false, "error_lsq": 0.043358361374057255, "error_max": 0.23307388727914516, "target": "527.xyz", "model": "25.xyz", "model_rescale": 4.19342608120988, "target_rescale": 3.90232699544143},
{"mapping": [5, 2, 7, 12, 6, 4, 11, 9, 0, 1, 8, 13], "R": [[0.1876849919114969, 0.23443697381440676, 0.9538415220150173], [0.05085738930188091, -0.9721155078226072, 0.22892130832273222], [0.9809117543207332, 0.005544795716495063, -0.19437434366676087]], "T": [0.006052519286159443, 0.1394710588933115, -0.04795215936916944], "aligned_model": [[-0.2772602637080337, 0.36256031519708853, 0.15477372743887924, -0.5447661759669359, -0.4734079813351145, -0.41477201056607493, -0.1698758763785717, -0.13197529216936152, 0.5602636888771604, 0.19705290827262692, 0.3776050895624171, -0.042389574592298994], [-0.6072200536611082, -0.41109213598235983, -0.540255703357175, 0.4383650854351929, -0.21950918977804554, -0.1610194427539918, 0.26360686991715615, 0.5646675505669196, 0.06692582694120883, -0.08619445065994405, 0.7091952148880543, -0.0046931438149272475], [0.021745385995355512, 0.1221326390203705, -0.5337677781991749, -0.0028599268936685338, -0.36499657534309193, 0.47784109926048646, -0.807985066103771, 0.5557583513435306, -0.3585221200624039, 0.7144609293225233, -0.26786610280156964, -0.10668237432916486]], "inverted": true, "swapped": true, "error_lsq": 0.03969327540495317, "error_max": 0.2814569131956765, "target": "527.xyz", "model": "26.xyz", "model_rescale": 3.795458400668931, "target_rescale": 3.90232699544143},
{"mapping": [8, 12, 11, 0, 7, 1, 9, 3, 4, 6, 2, 5, 13], "R": [[-0.7620931025203141, -0.4020400814370575, -0.507521305965618], [-0.27194645348048924, 0.9101207517037464, -0.31261053046497334], [0.5875876356173148, -0.10021970981943662, -0.8029301216378433]], "T": [-0.044532699995824696, -0.17859501099224223, -0.07634787879258423], "aligned_model": [[-0.03498048286029114, 0.39396270438516523, 0.6065383618842523, -0.25922270400222147, 0.004169869297204323, -0.7319759442094188, -0.23775460188800718, -0.7006038340721292, -0.15419784774383827, 0.4230976540966204, -0.5423291988005673, -0.06167416572031113, -0.00535342754520117], [-0.7375916578016468, -0.40279241556246487, -0.12239761643241295, -0.1211010760217856, 0.5582504693603689, -0.1388206660938499, -0.6936546734019329, -0.4058013449721173, 0.06443708150530658, 0.29851060367291904, 0.27291504074992845, 0.5702811703224007, -0.020353412067799254], [-0.5218033456155222, 0.31381809575298514, -0.520148334545164, -0.6759053666824054, -0.49449866786430485, 0.36469585608674904, 0.43520754811570095, -0.22603641722138398, 0.6112241790396575, 0.03748725057770627, -0.16285682453640782, 0.2092429712322831, -0.07829028224046791]], "inverted": true, "swapped": true, "error_lsq": 0.045813165475524845, "error_max": 0.2891205354928799, "target": "527.xyz", "model": "27.xyz", "model_rescale": 3.6321398670334006, "target_rescale": 3.90232699544143},
