[{"mapping": [7, 9, 5, 6, 3, 8, 10, 2, 11, 13, 12, 0, 14, 15], "R": [[0.13423421051216372, 0.8588027958605022, 0.4944076602868941], [0.989055855259112, -0.14694170157491449, -0.013291031409769172], [0.06123472793964896, 0.49078090239989314, -0.8691285370609482]], "T": [0.009620481806038868, 0.0233899337044928, 0.09915048448695911], "aligned_model": [[0.059228049783980656, 0.1717908113896363, -0.40198261480905806, -0.4290593668180232, -0.5941545514901633, -0.2345732980504437, -0.6302895944823016, -0.1265749325001535, -0.2643679010256018, 0.4005216460490462, 0.5130476343056155, 0.3004578973637752, 0.6182605476076553, -0.01081222619565991], [-0.6874019936097531, -0.3828596756089445, -0.3953618836153894, -0.24762093502524266, 0.20918546441687325, 0.3386991936727658, 0.23049642694832, 0.4147759801784846, 0.6609735225233856, 0.09803466205751472, 0.6242616755656474, 0.5383601703339526, -0.253173466394249, 0.08690419036666942], [0.2529573109414917, -0.40633436629335745, 0.254975694254066, -0.3172719392120001, 0.5226823676376771, -0.6314747660768913, -0.06082160318042286, 0.6969921424621478, 0.12375189781768033, 0.762513716091908, 0.5084395531985836, -0.24429262054988515, 0.2930453598418477, 0.1424253402469887]], "inverted": false, "swapped": true, "error_lsq": 0.04309976540048443, "error_max": 0.24436932547917917, "target": "528.xyz", "model": "0.xyz", "model_rescale": 3.8414455957264533, "target_rescale": 4.209488479631811},
{"mapping": [9, 7, 10, 5, 6, 3, 11, 8, 12, 0, 2, 14, 13, 1, 15], "R": [[0.882305115111238, 0.07386377557322604, -0.4648460245141543], [0.07633455503363012, 0.952079290240923, 0.2961723498271887], [0.464446681069381, -0.29679819364748333, 0.834386069329557]], "T": [-0.06506814906087265, 0.028496679062922643, -0.07602229544883302], "aligned_model": [[-0.675314639331084, -0.6083705585992903, 0.06630821328516408, -0.3317731112200505, -0.48509548321645013, 0.3344979960365352, 0.513636529634446, -0.14081853002083616, 0.6346389304569793, 0.19820542934280488, 0.5766825807720379, -0.23846408981439698, 0.3088699737138539, -0.2933897702382621, 0.01243068270309336], [0.10582629245458966, 0.15839965796487657, -0.6434547821612673, -0.3104936794126816, -0.46973279303718074, -0.4816150886058368, -0.2767502584292198, -0.387712090744906, 0.565738932305751, 0.2029980060965111, -0.0026963612720331195, 0.6820047767152702, 0.5465682799960465, 0.6444319258667331, 0.013531710306362289], [0.185649726820565, -0.5443067415517858, 0.01984510926812416, -0.5038139382740016, 0.04496930430421908, -0.474238827360266, 0.15659949674519563, 0.6408430531510976, -0.014507630440510913, 0.5305831966775517, -0.417093946655274, -0.24151030315655436, -0.5121397444979395, 0.3800335862021049, -0.08573055389299117]], "inverted": false, "swapped": true, "error_lsq": 0.04232689261169943, "error_max": 0.25758214246164346, "target": "528.xyz", "model": "1.xyz", "model_rescale": 4.316132596720782, "target_rescale": 4.209488479631811},
{"mapping": [2, 5, 4, 0, 12, 11, 1, 8, 7, 10, 9, 15], "R": [[0.9647016131034942, 0.22830836045879255, 0.13124820082627603], [0.07702948515271528, 0.23195477098139564, -0.9696718221316303], [-0.2518278302583415, 0.9455539523282566, 0.2061806662706026]], "T": [0.030307200115841905, -0.0022392409853208726, -0.05942321484662118], "aligned_model": [[-0.3102473161939377, 0.5669015669937726, 0.30322617413666164, -0.5368398704736035, -0.7417221065556371, -0.4499599314381158, -0.21199587431830805, -0.12238478573052966, 0.6552748001324104, 0.09899166647857519, 0.3691079548402924, -0.022543723239799418], [-0.6352371237233141, -0.24008979226167507, -0.587317718153179, 0.3780910267442298, -0.2928816864169666, -0.1348914734404056, 0.5414183745828591, 0.6168897414983789, -0.09762319619166403, -0.03253532080975423, 0.5498009065208466, -0.05284731060837546], [0.05230492902648473, 0.09724615147369918, -0.5595532896610557, -0.021647547143284665, -0.37801544381931146, 0.4242446089429723, -0.5934827389590894, 0.4755798214165534, -0.4222730661880899, 0.6278421383754834, -0.22470666644563536, -0.028280435809305247]], "inverted": true, "swapped": true, "error_lsq": 0.04001013746177196, "error_max": 0.1950104720711992, "target": "528.xyz", "model": "2.xyz", "model_rescale": 3.795458400668931, "target_rescale": 4.209488479631811},
{"mapping": [9, 14, 4, 2, 6, 3, 13, 0, 12, 11, 5, 15], "R": [[0.8001780043222695, -0.45708450104009457, 0.38831549068735083], [-0.27643429232634703, -0.8556487409779153, -0.4375492133337006], [0.5322586245659736, 0.24277353845062347, -0.8110251325349306]], "T": [0.08523505257200223, 0.04464720238711772, -0.10624639299088412], "aligned_model": [[-0.017348483492648725, -0.3069188077859176, -0.634035548585592, 0.12535120158098056, 0.10836206439031927, 0.08283989837767555, -0.22766272617167768, 0.6737587487960205, 0.3412464430628198, 0.6422696858297329, -0.3137091260830296, 0.11915047582488189], [-0.029390001988230698, -0.5285882566830801, -0.1088659448344507, 0.08989754991141033, 0.5401868423337265, 0.5910191945210898, -0.38978835033395043, -0.29640241492274644, -0.5612716033998034, 0.22357980661080287, 0.5020107082322278, 0.05338151584271353], [-0.7626365252519711, -0.152525167099767, 0.24873980181118216, 0.6186604816493828, -0.5457917741334143, 0.422823957300699, 0.4521325673147557, -0.17737255425007636, 0.4847898652375161, 0.2677632816071148, -0.13296446719423072, -0.03484803635209077]], "inverted": false, "swapped": true, "error_lsq": 0.042907325763648134, "error_max": 0.2096220399176062, "target": "528.xyz", "model": "3.xyz", "model_rescale": 3.7530521520055578, "target_rescale": 4.209488479631811},
{"mapping": [3, 7, 6, 9, 10, 14, 11, 13, 12, 0, 15], "R": [[0.06737573563299265, 0.570779336251215, -0.8183345645617908], [0.11400013732285472, -0.8192308265270349, -0.5620185242126825], [-0.9911934619125993, -0.05542384122788424, -0.12026520230416993]], "T": [-0.016251698407373456, -0.03327736587275454, -0.04614937502872893], "aligned_model": [[-0.37955163748048165, -0.17857800179268574, 0.43808724935694854, 0.46902393810522214, 0.20487674980381929, -0.268632083542368, -0.010759147925098723, -0.71314446346166, -0.46752041646194875, 0.3013913776761668, -0.05699396183270846], [-0.7008511591584065, 0.1713040141369329, -0.35300238154144303, 0.2683474255387847, -0.6863993549030333, 0.6031775811191172, -0.453684310514796, 0.26447324593079724, 0.2703025257548195, 0.1558764262400399, -0.07234065428846653], [-0.017831343716508657, -0.7266927202921973, -0.40760002230696646, -0.39311181830784325, 0.003880125754390104, -0.1716663392636321, 0.5064947500478783, 0.10912901982515152, 0.6511303990309302, 0.5292267041102894, 0.009872022363824645]], "inverted": true, "swapped": true, "error_lsq": 0.043787134289159584, "error_max": 0.20550410515926815, "target": "528.xyz", "model": "4.xyz", "model_rescale": 3.7855080009869324, "target_rescale": 4.209488479631811},
{"mapping": [12, 11, 2, 9, 5, 10, 8, 7, 13, 6, 15, 14, 1, 0, 4, 16], "R": [[-0.3216211093312255, 0.9317452107726871, -0.16855481077297363], [0.864928369131321, 0.3615340455990614, 0.34812648584186967], [0.3853034885702251, -0.0338230110270632, -0.922169846406115]], "T": [0.03484287565125496, 0.008245674066013866, -0.057368395201477115], "aligned_model": [[0.620421175251318, 0.28669678876086, 0.5962116851835335, 0.194168500544145, -0.40735593515342006, -0.4757686788085971, -0.3968501164685626, -0.6830051357973591, 0.14002441180769865, -0.28752279017935123, -0.010387489255911583, 0.5738411700427605, 0.43646169857465966, 0.1226143277216703, -0.2438432436499963, 0.07414145640475261], [-0.0093460590847998, 0.18916062159616048, 0.14759769698018568, -0.33696033784450463, 0.4485411956113078, -0.29475039332312425, -0.49845228147740717, 0.22012934397630154, -0.40007086681072657, 0.16276498246819057, -0.8081033798018178, -0.37800249055162727, 0.6295643666137103, 0.7204628994242334, 0.6674354165812872, -0.018256522954548583], [0.28883075120475293, 0.6749400210494109, -0.5169679610985003, -0.6593336548654942, -0.5728325647122127, -0.47978228899889347, 0.17112277829626815, -0.023177537351354097, 0.5317683340673933, 0.48878289234755484, -0.16151513314999222, -0.19149740960708933, 0.10315992738930417, -0.3631733647899444, 0.12918914052625563, -0.08266676075400389]], "inverted": true, "swapped": false, "error_lsq": 0.04577697831221186, "error_max": 0.3426564656855615, "target": "528.xyz", "model": "5.xyz", "model_rescale": 4.2253639853439635, "target_rescale": 4.209488479631811},
{"mapping": [2, 10, 7, 4, 5, 9, 14, 13, 8, 11, 6, 1, 12, 15], "R": [[-0.7358669537462287, -0.5027600289648969, 0.4535770934025022], [-0.6709704575542522, 0.45128961285922553, -0.5883335197103834], [0.09109594652718414, -0.7372720248324811, -0.6694262393465991]], "T": [-0.008892102279108187, 0.008934565233082822, 0.012697095162912349], "aligned_model": [[0.6178255991497545, -0.17795671438748265, -0.3572806881067836, 0.23931335777178553, -0.3044276205988885, -0.5741043317939158, 0.12802718351503745, 0.6151852490610992, -0.37682026958680725, 0.34484610100290136, -0.60779194821129, -0.05185082818043684, 0.8226429211077713, 0.05645414201503889], [-0.12108311982852767, 0.2733882104361773, -0.611065413954622, -0.7627181548836135, -0.39851779744848687, 0.06416043280975763, -0.32893378721879696, -0.39862424786508815, 0.7436428911305161, 0.4541445514480384, 0.10419218532899345, 0.2451313861885676, 0.1563818383325118, 0.025000172159563332], [-0.3329431810637487, -0.6032984410085818, 0.17259716918428125, 0.11208427591051257, -0.32743967028220833, 0.3653132241052455, 0.6056754693479529, 0.21969855924710152, -0.12033045033956757, -0.38585659997619987, -0.25477158688017004, 0.7754942948039532, 0.2750176935619764, -0.029682547679098156]], "inverted": true, "swapped": true, "error_lsq": 0.04079511309893428, "error_max": 0.2413425183898371, "target": "528.xyz", "model": "6.xyz", "model_rescale": 3.89814844738969, "target_rescale": 4.209488479631811},
{"mapping": [12, 13, 2, 1, 11, 4, 14, 0, 9, 7, 3, 6, 15], "R": [[-0.8033536576257517, 0.5245892550819412, 0.28183153519771437], [0.42361759836575186, 0.17079909778257052, 0.8895930522162887], [0.41853438464976694, 0.8340466303806005, -0.35943732028909714]], "T": [-0.04245267976549548, 0.07573365341717263, 0.13261973488739023], "aligned_model": [[0.2558967402364459, -0.14119795002810936, 0.38774274768947625, -0.4126996414810091, 0.6486531350287349, -0.46459584426785083, -0.570818565342134, 0.25555981499421854, -0.4947921081343564, -0.682943747141345, 0.42675954590153975, -0.08351591246413001, 0.02458358591274154], [-0.2062000155991957, 0.2358003563364396, 0.410435924131609, -0.6179472864072943, 0.02473441329601568, 0.5730490987389963, -0.08155122587471765, -0.535973739169988, -0.20873124831518158, 0.4174194450818407, 0.6741717373966116, 0.18525188958132727, 0.09332191627402325], [-0.6506454307285668, -0.6177497440628896, -0.34909922928003156, -0.013043916053506438, 0.0883531960525891, -0.358709257812839, -0.2923699407131004, 0.06379726674534697, 0.5342684078072769, 0.19868505851510798, 0.12015887467135747, 0.7850108004191167, 0.0936189452764343]], "inverted": true, "swapped": true, "error_lsq": 0.04429304934953155, "error_max": 0.26906791668810454, "target": "528.xyz", "model": "7.xyz", "model_rescale": 3.7474275329858107, "target_rescale": 4.209488479631811},
{"mapping": [9, 1, 14, 9, 13, 5, 6, 10, 4, 3, 8, 11, 0, 12, 15], "R": [[0.3279161538733118, 0.8781849385088132, -0.34822723874677997], [0.8460747452457391, -0.10901740166429547, 0.5217975963836206], [0.42027196133729006, -0.46573213321676454, -0.7787586651865068]], "T": [-0.012302472587571885, -0.10942501509414006, 0.03195092602942684], "aligned_model": [[-0.3729917208097794, 0.15482662201326985, 0.4595856301499224, -0.3729917208097794, 0.7473365073095909, -0.23624609213116932, -0.6549822413137986, -0.4920835706360163, 0.5287214212476047, -0.03391724657660389, -0.6528371922092137, -0.03782536383345682, 0.01385917033640938, 0.7314787167884068, 0.020220802813360323], [-0.17790090118003893, 0.2409153047237535, -0.26247302995509364, -0.17790090118003893, -0.23960593239369082, -0.6489752456714928, -0.271037471310523, -0.03926314266201389, -0.7210878510692263, -0.31286026805398015, 0.4220097268808708, 0.3425585820842398, 0.5633564329553511, 0.35245872257211386, -0.08107606376063722], [-0.526678839087526, -0.6672082004850995, -0.45633504581902795, -0.526678839087526, 0.09849325627598274, 0.19864373811333624, 0.020175341818742545, 0.524755637577534, 0.022286354343787895, 0.7644742536499795, 0.019453874977116425, 0.5584935226917372, -0.0881099122976563, 0.15627407358379317, 0.0987554394410872]], "inverted": false, "swapped": true, "error_lsq": 0.046549902999169425, "error_max": 0.45617183944044115, "target": "528.xyz", "model": "8.xyz", "model_rescale": 4.019505241142653, "target_rescale": 4.209488479631811},
{"mapping": [14, 0, 9, 7, 4, 5, 6, 13, 2, 11, 8, 3, 15], "R": [[0.6744066831555457, 0.3090864048599301, 0.6705529211373988], [-0.06673393355961833, 0.9299642367790559, -0.3615426675008202], [-0.7353381588268053, 0.19907815712104532, 0.6478006479855456]], "T": [-0.042304664527654065, -0.032926191659253215, -0.018504606869005152], "aligned_model": [[-0.21571362499721636, -0.6916514272002131, -0.10193014641235619, 0.4190442430576312, 0.3562484679918524, 0.5579812266760562, 0.2630107217557044, -0.09820054686105965, 0.044571151886695096, -0.23499291344707296, -0.35241231664508693, 0.4240492590011811, -0.05030332306493916], [-0.6081216230994692, 0.15453947817128721, 0.17509914350260175, -0.3217637321698787, -0.7447196843121933, 0.016244813069953484, 0.5006737123690671, -0.765478899979631, -0.33055764575622393, 0.24175356218672917, 0.7387074662758748, 0.048050586823335614, -0.04104894896739439], [-0.3700793709537302, 0.08608658655332732, -0.6509784459120023, -0.5033475456248848, -0.05641380015171646, -0.09781886010567906, -0.2661902803291436, 0.22371123198850165, 0.6395341353928489, 0.5894509570920661, -0.05426114953873776, 0.5768106923343342, 0.06019934329869517]], "inverted": true, "swapped": true, "error_lsq": 0.043127472714882716, "error_max": 0.21982184496845533, "target": "528.xyz", "model": "9.xyz", "model_rescale": 3.877068213659057, "target_rescale": 4.209488479631811},
{"mapping": [3, 6, 2, 7, 9, 8, 0, 11, 5, 12, 1, 4, 13, 14, 10, 15], "R": [[0.09588240823918714, 0.8264527765276964, -0.5547813731191016], [-0.11133627555884032, -0.5449474522645795, -0.83104543077682], [-0.9891464995312578, 0.14144992909155424, 0.03976329997691891]], "T": [0.0773046242044942, 0.0749126183017991, -0.02456665525774026], "aligned_model": [[0.5173353319661497, 0.17331068635478236, 0.3638762640038378, 0.23949640745758943, -0.19561583797902565, -0.4116093274611674, -0.5014203460620027, -0.6524530983268713, 0.13992562228133704, -0.2543999100719109, 0.03153216187591924, 0.6316802530867168, 0.6591112839333675, 0.1132682832433878, -0.32576786333257685, 0.011577914008667423], [-0.08552575893581651, 0.43266753614500186, 0.22836754988269392, -0.4483966528173261, 0.40649648208412126, -0.1829535953143692, -0.4263456877367604, 0.12653510414332206, -0.5687991670970053, -0.03657381117961722, -0.7872855906241889, -0.28000052655946617, 0.5833271556184204, 0.8119104939601982, 0.6476650245054202, 0.020625635328193143], [0.40367842184690356, 0.46848387959061216, -0.6030851399976173, -0.6296516093119289, -0.5257770566864952, -0.5628891418306364, 0.19356989612965644, 0.07261390671367776, 0.4144198937173663, 0.6355379528881874, -0.11073939120497886, -0.18203094152957383, -0.050143302886552665, -0.27963976858434436, 0.08811888258327194, 0.004380688115907094]], "inverted": true, "swapped": false, "error_lsq": 0.04157256315547615, "error_max": 0.23678784048530868, "target": "528.xyz", "model": "10.xyz", "model_rescale": 4.260839863003843, "target_rescale": 4.209488479631811},
{"mapping": [4, 12, 11, 2, 10, 5, 7, 14, 0, 8, 9, 15], "R": [[-0.1852942556850418, 0.8529392635070971, 0.4880170607449057], [-0.9487788194565363, -0.2846046601741156, 0.13718213862539674], [0.255899962017949, -0.4376011884983253, 0.8619863161698481]], "T": [0.005481581270625027, 0.06756049682687744, -0.012487036277799277], "aligned_model": [[0.2911889697116272, 0.2869518161525296, -0.45581811679383955, -0.25717326368105253, -0.6642917795806085, -0.25578345618770243, 0.2739169550609002, 0.6668942988864143, 0.1250023054753724, -0.3132462811859281, 0.2959077721875391, -0.0346505709511214], [0.1700195150990671, -0.755027245132296, -0.42976241593336256, -0.4321820932760386, 0.12671164078916491, 0.519477310518016, 0.6422986670851196, 0.06956024388007599, -0.37461563576476226, 0.09012321263915832, 0.543483677244385, 0.0029916283844066277], [-0.770646069940559, -0.17412615116634478, 0.1360397465091781, -0.47119898546131306, 0.1483665038565784, -0.3232336587147149, -0.3715985793199078, -0.22940749324274234, 0.4953800502239027, 0.7561268211648545, 0.35629833382756254, -0.03582244034098979]], "inverted": false, "swapped": true, "error_lsq": 0.043878005826774015, "error_max": 0.22432673141077933, "target": "528.xyz", "model": "11.xyz", "model_rescale": 3.890672605050136, "target_rescale": 4.209488479631811},
{"mapping": [0, 12, 13, 1, 14, 6, 11, 9, 8, 3, 4, 2, 5, 15], "R": [[-0.14553608360428966, 0.8206605819445958, 0.5525716764470316], [-0.039096916496266176, 0.553311363343421, -0.8320564682252818], [-0.9885801330643913, -0.142698088415376, -0.04844147059068657]], "T": [0.06172040136146009, -0.05919683943157052, 0.1833098166994325], "aligned_model": [[0.2301382576690932, 0.3455008549983599, 0.3587669706246325, 0.7794153606471994, 0.7035066969483764, -0.24906848271608592, -0.3763523316141225, 0.3712771293337712, -0.19492296060197392, -0.6040729533829348, 0.2838308569890863, -0.22687964916430295, -0.23239354466661713, 0.021129629729211834], [-0.4390596298779429, 0.3109887804241538, 0.613836894208315, -0.3779093478781449, 0.19897486682156457, -0.4685960084707719, -0.1202717891640513, -0.507058308445584, -0.8328565394553269, 0.30549006254622973, 0.6725931140289498, 0.48345256542162296, 0.11693621203374428, -0.024368352364993073], [-0.35989695738470107, -0.5679787768474065, -0.05588730241894502, 0.032213024819889885, 0.26065959077297846, 0.6017559009703175, -0.351993674167407, 0.5711856112170314, 0.014642565512123312, 0.1367673800017543, 0.4698095410878974, -0.2057769480614647, 0.6848333202205673, 0.12445715963422585]], "inverted": false, "swapped": true, "error_lsq": 0.05074269777549915, "error_max": 0.2838142087928289, "target": "528.xyz", "model": "12.xyz", "model_rescale": 4.124412569039231, "target_rescale": 4.209488479631811},
{"mapping": [14, 9, 8, 4, 0, 12, 7, 2, 6, 5, 11, 10, 15], "R": [[-0.8131334043870745, 0.5288257886033767, -0.24322284427640237], [0.5814517990445871, 0.7185822600184603, -0.38151453573170047], [-0.02697910409371243, -0.45164457363592747, -0.8917899455855746]], "T": [0.08630440696565626, 0.10334693674601736, 0.025617563334234032], "aligned_model": [[-0.37516574181612833, -0.09424051307592225, 0.7259468453881002, -0.6040656802802357, 0.6180824568566413, 0.3287803493070683, -0.6141977098594384, 0.2090556708949582, 0.12213173993599048, -0.2547700404897013, 0.6977741761600644, 0.479484148578399, 0.1284826059099618], [-0.2132861586216927, 0.5778702089068164, 0.6033520288545674, -0.27987279390345743, -0.04113529138676522, -0.7314475747801429, 0.304819527277538, -0.4437637349928607, 0.7539370056232734, 0.398398396279939, -0.07815204825795022, 0.4443623496251297, 0.05240346188408267], [0.43951857971766906, 0.46045556909955365, 0.20923740740980173, -0.18286136422577579, 0.4306742318483832, 0.1878730123008633, 0.018675359946232796, -0.43779253186902306, -0.09580525168959611, -0.3814015359359705, -0.24888295761174178, -0.4294508414973816, -0.01854159652517575]], "inverted": true, "swapped": true, "error_lsq": 0.04720971957566129, "error_max": 0.32495315043694356, "target": "528.xyz", "model": "13.xyz", "model_rescale": 3.9028299243045295, "target_rescale": 4.209488479631811},
{"mapping": [3, 4, 1, 11, 12, 14, 9, 13, 7, 10, 9, 6, 2, 8, 5, 15], "R": [[-0.6049313945447518, -0.22578291674192358, -0.7635968061756491], [0.7570361495544065, -0.46040299185696687, -0.4636004242416008], [-0.24688919814763144, -0.8585168371072658, 0.44943805384207985]], "T": [0.11703538597918117, 0.16301897934929083, -0.020014315548989997], "aligned_model": [[0.5935271466473511, 0.045761272924631446, 0.41391165558690823, -0.08596597859665067, -0.21421259649623775, -0.589321174099457, 0.038322364980619666, -0.6474660874820543, 0.05822348891625401, -0.4296340178387269, 0.038322364980619666, 0.5755079601616154, 0.7008431008251538, 0.1436479068681134, -0.21058240283336127, 0.10896282043342088], [0.07730816532555965, 0.30857588575450484, -0.05200820993531377, -0.22895080180709532, 0.4355233948107703, -0.3206904498673528, -0.6071418364826391, 0.3488085024747176, -0.5291860786144948, -0.09784057452038769, -0.6071418364826391, -0.3158544211716018, 0.5198065332931323, 0.9244547844310664, 0.5341070923205486, 0.05194404187404608], [0.37279442113196515, 0.6380863315322445, -0.5565089978665029, -0.6124726052019337, -0.5679708892123125, -0.24392557230874976, -0.05877040598698996, -0.1369378032136181, 0.5613816547934112, 0.41410255596519063, -0.05877040598698996, -0.089953054780735, -0.29208225374251995, -0.14656251991802927, 0.11060739214220539, 0.003829322206819169]], "inverted": false, "swapped": false, "error_lsq": 0.05171599762067355, "error_max": 0.44726197163418235, "target": "528.xyz", "model": "14.xyz", "model_rescale": 3.942246331269136, "target_rescale": 4.209488479631811},
{"mapping": [9, 6, 7, 10, 11, 5, 13, 14, 1, 4, 2, 12, 8, 0, 15], "R": [[0.33276831094397585, -0.1597530713329321, -0.929378398410028], [-0.17198651856661168, 0.9587350048272045, -0.226379831147381], [0.9271924765995624, 0.23517258921625053, 0.29156125363033875]], "T": [-0.06883142648777713, -0.03848642067079246, -0.07713236021595561], "aligned_model": [[-0.6855880551889115, -0.23777924335453993, -0.24030913249166425, 0.240060790210136, 0.33354787141712045, 0.12238226158729582, 0.239963770226985, -0.3603778392962869, -0.740933425735502, 0.19409202139070686, 0.5974040197128399, 0.17941038448323804, -0.3667248108992142, -0.2989262647049998, -0.0019283108249937009], [-0.13371908990699616, -0.5304748296242373, 0.31557899775694376, -0.6478160954071507, -0.4072893208188619, -0.09051223569192524, 0.6432674202492461, 0.5929881204375896, 0.21645836480328673, 0.6576622948125644, 0.1398591430798043, 0.3917977714815614, -0.7835235575858329, -0.22244100529955146, -0.043691288404789905], [-0.316704676847763, -0.48786168245775036, -0.6907899931164497, -0.18330213021146455, 0.35212632362827406, -0.6513991359525632, 0.11852948992213884, -0.04945818863831547, 0.27326172807256455, -0.4135545786351479, 0.15410359369140353, 0.6544650749063566, 0.1443241466768529, 0.5400799124420861, -0.03445740311970637]], "inverted": false, "swapped": true, "error_lsq": 0.0471410820376214, "error_max": 0.3109823491654052, "target": "528.xyz", "model": "15.xyz", "model_rescale": 4.355366556412066, "target_rescale": 4.209488479631811},
{"mapping": [2, 5, 4, 0, 12, 11, 1, 8, 7, 10, 9, 15], "R": [[0.9647016131034942, 0.22830836045879255, 0.13124820082627603], [0.07702948515271528, 0.23195477098139564, -0.9696718221316303], [-0.2518278302583415, 0.9455539523282566, 0.2061806662706026]], "T": [0.030307200115841905, -0.0022392409853208726, -0.05942321484662118], "aligned_model": [[-0.3102473161939377, 0.5669015669937726, 0.30322617413666164, -0.5368398704736035, -0.7417221065556371, -0.4499599314381158, -0.21199587431830805, -0.12238478573052966, 0.6552748001324104, 0.09899166647857519, 0.3691079548402924, -0.022543723239799418], [-0.6352371237233141, -0.24008979226167507, -0.587317718153179, 0.3780910267442298, -0.2928816864169666, -0.1348914734404056, 0.5414183745828591, 0.6168897414983789, -0.09762319619166403, -0.03253532080975423, 0.5498009065208466, -0.05284731060837546], [0.05230492902648473, 0.09724615147369918, -0.5595532896610557, -0.021647547143284665, -0.37801544381931146, 0.4242446089429723, -0.5934827389590894, 0.4755798214165534, -0.4222730661880899, 0.6278421383754834, -0.22470666644563536, -0.028280435809305247]], "inverted": true, "swapped": true, "error_lsq": 0.04001013746177196, "error_max": 0.1950104720711992, "target": "528.xyz", "model": "16.xyz", "model_rescale": 3.795458400668931, "target_rescale": 4.209488479631811},
{"mapping": [12, 13, 2, 1, 11, 4, 14, 0, 9, 7, 3, 6, 15], "R": [[-0.8033536576257517, 0.5245892550819412, 0.28183153519771437], [0.42361759836575186, 0.17079909778257052, 0.8895930522162887], [0.41853438464976694, 0.8340466303806005, -0.35943732028909714]], "T": [-0.04245267976549548, 0.07573365341717263, 0.13261973488739023], "aligned_model": [[0.2558967402364459, -0.14119795002810936, 0.38774274768947625, -0.4126996414810091, 0.6486531350287349, -0.46459584426785083, -0.570818565342134, 0.25555981499421854, -0.4947921081343564, -0.682943747141345, 0.42675954590153975, -0.08351591246413001, 0.02458358591274154], [-0.2062000155991957, 0.2358003563364396, 0.410435924131609, -0.6179472864072943, 0.02473441329601568, 0.5730490987389963, -0.08155122587471765, -0.535973739169988, -0.20873124831518158, 0.4174194450818407, 0.6741717373966116, 0.18525188958132727, 0.09332191627402325], [-0.6506454307285668, -0.6177497440628896, -0.34909922928003156, -0.013043916053506438, 0.0883531960525891, -0.358709257812839, -0.2923699407131004, 0.06379726674534697, 0.5342684078072769, 0.19868505851510798, 0.12015887467135747, 0.7850108004191167, 0.0936189452764343]], "inverted": true, "swapped": true, "error_lsq": 0.04429304934953155, "error_max": 0.26906791668810454, "target": "528.xyz", "model": "17.xyz", "model_rescale": 3.7474275329858107, "target_rescale": 4.209488479631811},
{"mapping": [12, 11, 0, 2, 14, 7, 1, 8, 13, 9, 5, 10, 6, 15], "R": [[-0.4906206883077665, -0.3418173878483564, -0.8015311681830843], [-0.19401512432170293, 0.9396093161538285, -0.28194408050421793], [0.8494995419297455, 0.01718157040148116, -0.5273095124304996]], "T": [-0.031504978893187874, -0.05067973290405224, 0.05026300684829567], "aligned_model": [[0.39975788830345793, 0.019743277068742182, 0.578138554891646, -0.2665575659311537, 0.21435461278610943, -0.3723801136785189, 0.681355680465743, 0.28222716330807873, -0.03533345675627414, 0.17079842148429752, -0.5979882116435704, -0.3473924578846124, -0.2702969386961283, -0.041579205834940514], [-0.46178915430999673, 0.3159905415498024, 0.16919269442161694, -0.2507213452653064, -0.6659635703241152, -0.42116127593690555, -0.25887899689928506, 0.7161069873181652, -0.7376709932728631, 0.06372626331570014, -0.031428798253127, 0.538453286403356, 0.431451674184147, -0.04689907141995512], [-0.6031929387337431, -0.5372012237977419, -0.16819703690367388, -0.6084330618463403, 0.26357997113147424, 0.5774159100527448, 0.34687167993617046, 0.13072453147021945, -0.30534166642937716, 0.6770305055730179, 0.2688444291571124, -0.12610722955780818, 0.43733178852723087, -0.02853093991763063]], "inverted": true, "swapped": true, "error_lsq": 0.0443978932861573, "error_max": 0.25788468135006937, "target": "528.xyz", "model": "18.xyz", "model_rescale": 3.922800546911778, "target_rescale": 4.209488479631811},
{"mapping": [1, 12, 0, 9, 3, 14, 2, 6, 4, 8, 11, 10, 7, 5, 15], "R": [[0.3987313851289206, -0.9040040030475751, 0.1542402184487959], [-0.4364624032048139, -0.039147266986257256, 0.8988704367572589], [-0.8065443900380506, -0.4257279107146566, -0.41017300366635856]], "T": [0.05345338282358357, 0.07485926022806047, 0.002683367171340582], "aligned_model": [[-0.21298383076895872, -0.18296497699138747, 0.32587129826649053, 0.014941792058291672, 0.3070707059775388, -0.5926027326364373, 0.0162628548256972, 0.4251819336380897, -0.6547605577049185, 0.7811895401237398, 0.5518259816911507, 0.6644828409511955, -0.43699902931054113, 0.013459764603776722, 0.07607525216389083], [0.634236635352581, -0.34949633392586354, 0.23588401753176588, 0.7279879933410307, -0.5694810577064251, 0.24993955061003528, -0.6390077234541374, 0.3834798458618016, -0.24578098606505808, 0.45514012778420165, -0.32117446552739026, -0.10888056032964763, 0.2763479059679178, -0.015638850436144297, 0.00405540602991078], [-0.5028877173979808, -0.7362563994271203, -0.6036114622482067, 0.1397695101324183, 0.3172423190230193, -0.18832358102304292, -0.1320670335657958, 0.456407682312402, 0.25279240230943395, -0.13388286376653233, -0.27475083576331744, 0.26886329457659036, 0.5028846983066525, 0.6020682953424626, -0.025589141647653975]], "inverted": false, "swapped": true, "error_lsq": 0.03981176901264337, "error_max": 0.24451733520445681, "target": "528.xyz", "model": "19.xyz", "model_rescale": 3.9282355846067225, "target_rescale": 4.209488479631811},
{"mapping": [5, 10, 8, 3, 4, 11, 2, 0, 13, 14, 9, 7, 1, 15], "R": [[0.6350832450966759, -0.04730150705900678, 0.7709940591388644], [0.3975537298641195, 0.8757947586356567, -0.27374179917842106], [-0.6622841562868635, 0.48036039405456715, 0.5750074679124949]], "T": [-0.0028426760452503717, -0.15237239606512365, 0.05275075326195051], "aligned_model": [[-0.541734591143305, -0.04122815633646687, 0.5683277863556103, -0.4210130306469767, -0.6327818400705542, 0.26277521647375257, -0.20752290472210513, 0.6675270434517034, -0.2238684648137259, -0.0433712388963462, 0.14317070878759228, -0.5265016030584675, 0.5289209410932392, -0.0001770473892738801], [-0.4326567200720031, -0.6363931727154448, -0.7371252887910146, -0.21405754019808798, 0.3261335261072333, -0.14799398663825866, 0.27506196155386525, -0.057066815350206954, 0.5887132826138848, 0.31554499310889256, -0.5024663766222015, -0.20327922171757784, 0.06755181286378059, -0.11908436671802522], [0.06212578439584172, -0.4394072668752799, -0.10438659313703774, -0.5795245219428297, 0.25558175343848244, -0.588822049232357, -0.4991122280828146, -0.04345319034756089, 0.03362092631702005, 0.5664977913690891, 0.6031753089099783, 0.5572628322661682, 0.6080477512328942, -0.019423141067911258]], "inverted": false, "swapped": true, "error_lsq": 0.0436202790244301, "error_max": 0.32252261323835363, "target": "528.xyz", "model": "20.xyz", "model_rescale": 4.067790424073018, "target_rescale": 4.209488479631811},
{"mapping": [14, 8, 13, 4, 12, 11, 2, 1, 0, 9, 6, 5, 7, 10, 15], "R": [[0.9158562165337913, -0.07310402594267375, -0.3947951266510039], [-0.3137261121268895, 0.48333639427071995, -0.8172893346564152], [0.25056599371454147, 0.8723770580227064, 0.41973199953004814]], "T": [0.07238020467647016, 0.04559270729114823, 0.061396282114144024], "aligned_model": [[0.33906045987872363, 0.01420647052894683, -0.18466562114581464, 0.2301093899553582, -0.5622454775577017, -0.5612943105011285, -0.524013867898641, 0.31571979149863455, -0.23827449376476867, 0.6524271256258714, 0.4142675668102429, 0.3461989001251001, 0.6784197066545872, -0.14682082588562956, -0.004650860416265279], [-0.21793301374063684, 0.8330681803694535, -0.5304199599738819, -0.73510307854799, -0.09611393987519828, 0.2504287573522598, -0.3686474337971238, 0.40056637029427705, 0.5642373866128119, 0.3693966586762363, 0.3181325851643293, -0.2669915204316449, -0.35896280747765824, 0.2509240081998825, 0.028312947102730576], [-0.5250856890512101, 0.3247629167876692, -0.3864465288143797, -0.11906777703281565, -0.537913954245626, 0.2580851165850988, 0.1045945687878222, -0.6126018649160359, -0.2583462209216043, -0.013098454595873416, 0.5595223526022017, 0.5045284432721433, 0.08123493408606336, 0.6840992925287447, 0.07098243854894273]], "inverted": true, "swapped": true, "error_lsq": 0.04246885887800538, "error_max": 0.25265323837050846, "target": "528.xyz", "model": "21.xyz", "model_rescale": 4.186013935880536, "target_rescale": 4.209488479631811},
{"mapping": [1, 0, 12, 7, 6, 14, 9, 8, 2, 11, 10, 5, 15], "R": [[-0.3671847405378204, 0.7840219380434692, -0.5004847320176073], [0.7059645645654935, -0.1154396753664958, -0.6987758688800949], [-0.6056314059673813, -0.6099043220193154, -0.511104018853435]], "T": [0.08054426503002202, -0.0248085370781201, 0.050767554476591634], "aligned_model": [[0.06502902058935148, -0.3266732281667275, 0.31300546870319496, 0.557148226044266, -0.2888230894104381, 0.5948005325475567, -0.06976339496968201, -0.7426696892645586, 0.32127981665623295, -0.30378294287089, -0.38567761714296367, 0.24730995676045772, 0.07739097594742536], [-0.5019627323171396, 0.0425596795220428, 0.47746631664285305, -0.4657788883534996, -0.31499159979530383, -0.3229574899892877, -0.6760754377658995, -0.14485634331120806, 0.6614531222854424, 0.5475807061258879, 0.25410639674262275, -0.09164332869357193, 0.05405625845315466], [-0.5907752027083885, -0.49454827137712665, -0.6389316915098843, 0.3820324458270069, 0.5183743156590215, -0.3114105230750026, 0.06134709354592742, 0.022998903498758425, 0.03533365238109902, -0.03200229345837553, 0.47833356152885387, 0.631089882448032, 0.0410376885754241]], "inverted": false, "swapped": true, "error_lsq": 0.04859069266999535, "error_max": 0.3167781100292688, "target": "528.xyz", "model": "22.xyz", "model_rescale": 4.166573947596378, "target_rescale": 4.209488479631811},
{"mapping": [12, 11, 10, 7, 8, 0, 1, 4, 6, 2, 5, 13, 14, 9, 3, 15], "R": [[0.3840810205695681, 0.6059297081659889, 0.6966569876202483], [0.47702627128649366, -0.7762515761408674, 0.4121643204370363], [0.790523691068613, 0.1740191923343486, -0.5871878869310551]], "T": [0.04237529794973721, 0.11191170961339841, -0.000631121088420103], "aligned_model": [[0.49912567518510487, 0.15041562360744556, 0.4884963657167484, 0.04588304100910287, -0.3987337671249501, -0.5021051570035442, -0.3358444613176677, -0.6883008825814827, 0.11693642994171316, -0.36581166127352244, 0.18221475702155976, 0.6603378443416499, 0.8183795277285195, 0.187830843241162, -0.33951492926563065, 0.020538575751991736], [0.1343322955553391, 0.626278277673912, 0.0748073691039231, -0.22407546173523268, 0.49216304198033406, -0.32680963511343947, -0.4788085025694639, 0.14018787859963885, -0.4382158084793912, -0.039588071387295004, -0.6665520783273693, -0.3377648801920286, 0.24056138906281752, 0.683433416576342, 0.5152352635772706, 0.04652969707746461], [0.4686851533476859, 0.5874570093136732, -0.601081363751255, -0.6318917361104496, -0.561800308734438, -0.4223186578890202, 0.12624876496717896, -0.07250803557675632, 0.519857095300776, 0.51243852512533, -0.2565628263395615, -0.36494745991160454, -0.08574550626064868, -0.11312462799540378, 0.22940500040429385, 0.0027361436636549503]], "inverted": false, "swapped": false, "error_lsq": 0.043996576488409114, "error_max": 0.33280366977681247, "target": "528.xyz", "model": "23.xyz", "model_rescale": 4.274766983524099, "target_rescale": 4.209488479631811},
{"mapping": [12, 0, 1, 14, 9, 7, 4, 5, 3, 10, 15], "R": [[0.711071072295147, -0.3742560796276385, -0.5952397139025427], [0.2528781096228502, -0.653798536132699, 0.7131620684138451], [-0.6560720934612323, -0.6576320103313789, -0.37025605622177954]], "T": [0.005797028104940205, 0.174705545489556, 0.06651139993441861], "aligned_model": [[0.35865749373645694, 0.11950691192536012, -0.5141673051559265, -0.4496131821660042, -0.5805097624032094, -0.5065995056698083, -0.145742784508489, -0.04213241553283073, 0.6220264223726277, 0.43705390510239667, 0.08141492625750141], [-0.08973332405587484, 0.6149754111269501, 0.38250345789924856, -0.2042880221466805, 0.47723219403713557, -0.2156029124233457, -0.6261048828497416, -0.038452698611397995, -0.04896712058790134, 0.5043974742014926, 0.15962695465359816], [-0.7000163985672161, -0.4443373262390265, -0.5044098537210331, -0.29885236774567314, 0.17409796766280228, 0.40776162258207765, 0.1181836905324359, 0.6333606047986183, 0.4520958889896704, 0.49463499458480686, 0.047047611144114994]], "inverted": false, "swapped": true, "error_lsq": 0.044822862899789644, "error_max": 0.22942039900203565, "target": "528.xyz", "model": "24.xyz", "model_rescale": 3.7841303162186577, "target_rescale": 4.209488479631811},
{"mapping": [7, 6, 14, 9, 12, 2, 8, 5, 0, 4, 8, 10, 11, 13, 3, 15], "R": [[0.48477896321368563, 0.8350368367535264, -0.26019769040122], [0.4821551775535733, -0.006934206089038053, 0.8760583893463936], [0.7297367618420677, -0.5501503413164259, -0.40597889152722444]], "T": [0.0960435821602112, -0.040808372287226315, -0.00033341527303797774], "aligned_model": [[0.6263300429444727, 0.0528158349063424, 0.3303961114903226, 0.02038625649126978, -0.248761610495905, -0.5731162524905371, -0.1495362604157171, -0.6732889671563138, 0.36507171323608223, -0.5230544110903437, -0.1495362604157171, 0.7869926520963624, 0.5902057988977001, 0.22280738054879187, -0.225666780157044, 0.0878025765884337], [-0.09422976288434307, 0.3449111457417522, 0.11121544563516972, -0.2443379126993894, 0.2993937755440698, -0.2707730398999275, -0.5761926721880237, 0.3383859718889476, -0.5753531853791911, 0.0772873149926786, -0.5761926721880237, -0.2511711527204622, 0.5260231685350507, 0.6497152314603124, 0.676521034991993, 0.006511500572208027], [0.3721554901131917, 0.6090747135879719, -0.7428067232723486, -0.543465446899199, -0.5838947095313938, -0.26135907544303966, 0.049786201435178264, -0.18384860088616747, 0.4277035654165909, 0.3990103292095548, 0.049786201435178264, -0.28945620690310797, 0.15437042126898376, -0.3454538136221533, 0.17557238867696157, 0.049672434967253716]], "inverted": false, "swapped": false, "error_lsq": 0.04941173687705148, "error_max": 0.3557183417101316, "target": "528.xyz", "model": "25.xyz", "model_rescale": 4.19342608120988, "target_rescale": 4.209488479631811},
{"mapping": [2, 5, 4, 0, 12, 11, 1, 8, 7, 10, 9, 15], "R": [[0.9647016131034942, 0.22830836045879255, 0.13124820082627603], [0.07702948515271528, 0.23195477098139564, -0.9696718221316303], [-0.2518278302583415, 0.9455539523282566, 0.2061806662706026]], "T": [0.030307200115841905, -0.0022392409853208726, -0.05942321484662118], "aligned_model": [[-0.3102473161939377, 0.5669015669937726, 0.30322617413666164, -0.5368398704736035, -0.7417221065556371, -0.4499599314381158, -0.21199587431830805, -0.12238478573052966, 0.6552748001324104, 0.09899166647857519, 0.3691079548402924, -0.022543723239799418], [-0.6352371237233141, -0.24008979226167507, -0.587317718153179, 0.3780910267442298, -0.2928816864169666, -0.1348914734404056, 0.5414183745828591, 0.6168897414983789, -0.09762319619166403, -0.03253532080975423, 0.5498009065208466, -0.05284731060837546], [0.05230492902648473, 0.09724615147369918, -0.5595532896610557, -0.021647547143284665, -0.37801544381931146, 0.4242446089429723, -0.5934827389590894, 0.4755798214165534, -0.4222730661880899, 0.6278421383754834, -0.22470666644563536, -0.028280435809305247]], "inverted": true, "swapped": true, "error_lsq": 0.04001013746177196, "error_max": 0.1950104720711992, "target": "528.xyz", "model": "26.xyz", "model_rescale": 3.795458400668931, "target_rescale": 4.209488479631811},
