[{"mapping": [5, 1, 8, 11, 6, 4, 3, 2, 0, 12, 7, 13], "R": [[-0.859819711110035, 0.07066539326299387, -0.5056841569415066], [0.24907812015717745, 0.9225941491622199, -0.29458466693058893], [0.4457243031803656, -0.37924456242196247, -0.8108658381185827]], "T": [0.07639384277868269, -0.05445571973132918, -0.11063703969040885], "aligned_model": [[-0.3565629354155455, 0.16604049186889933, -0.17379838171037396, 0.1966101427113978, -0.6260981191194953, -0.26876099729954905, -0.3498374441586113, -0.14379866823530327, 0.4034438174718451, 0.6156737868642984, 0.27692943633384876, 0.13698187812979748], [-0.5265884008742434, 0.13424440502839052, -0.5762962718253515, -0.7376691937075799, -0.08520028180113473, 0.036489240298903575, 0.23569429818677723, 0.5927891107014063, 0.6377877279662287, -0.05642174209188368, -0.2424457008556517, -0.12868380255848316], [-0.5131794847245623, -0.6485960108448394, 0.41440145472511825, -0.034287638572448764, 0.18953974082273806, 0.7759301474007612, -0.19631179055455172, 0.24128288441329804, -0.2068127006115939, -0.3210962629064481, 0.5935218381133316, 0.021117064410740308]], "inverted": true, "swapped": false, "error_lsq": 0.05525831314659224, "error_max": 0.3497025594240886, "target": "529.xyz", "model": "0.xyz", "model_rescale": 3.8414455957264533, "target_rescale": 3.9098965642478025},
{"mapping": [10, 6, 12, 8, 1, 11, 4, 0, 7, 9, 13, 14], "R": [[-0.34896858657807467, -0.21147525573171466, -0.9129617416928855], [0.7611955946980886, 0.5042872191509713, -0.4077691346990394], [0.5466280199495119, -0.8372410744906071, -0.01500636504586933]], "T": [-0.03471134333320842, 0.00871070592942786, -0.11599098755462468], "aligned_model": [[-0.3505222813220394, 0.16682408466961404, -0.17424411240949667, 0.37515824095056394, -0.7942902881867255, -0.3134274040552258, -0.26004773354092636, -0.05852568905589093, 0.34341336949762896, 0.6432149253429637, 0.41774697370097885, -0.11847707815023589], [-0.5636426892704874, -0.3042283980436226, -0.6253010558055001, -0.6570736741586242, 0.13769024401922458, -0.21000157375615938, 0.48645654090898466, 0.5518880298221431, 0.5282872605178831, 0.05044129230415335, -0.09849546770779172, -0.012321120362825167], [-0.31861463587864014, -0.8026348269997231, 0.285069152826776, -0.0017960638041055327, 0.2775849218429174, 0.6590881686225416, -0.24560450249821358, 0.36349690723909756, -0.1118791018912793, -0.1806764758272314, 0.48287068956287715, -0.09139499152347384]], "inverted": true, "swapped": false, "error_lsq": 0.041202233839585406, "error_max": 0.2551093031145059, "target": "529.xyz", "model": "1.xyz", "model_rescale": 4.316132596720782, "target_rescale": 3.9098965642478025},
{"mapping": [0, 2, 9, 1, 5, 7, 4, 3, 6, 8, 10, 11], "R": [[0.7777213514149006, 0.329748845774019, -0.5351777258669153], [-0.6259154444461077, 0.4849526340164478, -0.6107788463628557], [0.0581322282147545, 0.8099917539526015, 0.5835529132577235]], "T": [-0.009111811225883195, -0.10921797440046804, 0.054160629571485736], "aligned_model": [[-0.4619910470457717, 0.22589272698098528, -0.2149626744582882, 0.19197803300347124, -0.6433262716472281, -0.24945779465942547, -0.2885822891742162, -0.2623295700054583, 0.3666734840493544, 0.7150097873610615, 0.5057459047739153, -0.0078272817371909], [-0.3773434572078466, -0.1666238436785295, -0.7055022502370392, -0.5864820782568873, -0.13077420436351245, -0.002394661986261981, 0.4079299824166684, 0.4249943093247512, 0.6152901698947337, -0.14323381882509484, -0.05814702014743522, 0.005986261533831805], [-0.42220391761790044, -0.747214959612268, 0.4440606035757707, -0.10825585088154713, 0.16847261082997392, 0.9093119073884443, -0.44462186195356235, 0.3396689681447156, -0.04568587114003489, -0.19388563345389978, 0.41408991220412295, 0.0017733341877281608]], "inverted": false, "swapped": false, "error_lsq": 0.04280943857056222, "error_max": 0.23166907369967116, "target": "529.xyz", "model": "2.xyz", "model_rescale": 3.795458400668931, "target_rescale": 3.9098965642478025},
{"mapping": [7, 0, 9, 4, 8, 3, 1, 6, 2, 10, 5, 11], "R": [[-0.5422669623122853, 0.812235979702662, -0.21498663879660823], [-0.8280416415718431, -0.4732424308885795, 0.3006470379526052], [0.14245554186346587, 0.34104884530390195, 0.9291889494119382]], "T": [0.023080335083217628, -0.03262565638943288, -0.03652170101615004], "aligned_model": [[-0.44801345165486023, 0.16082338209290895, -0.31535889002578965, 0.4086377164113575, -0.6797241624886592, -0.21667957003057953, -0.3340046552984323, -0.17390333233462874, 0.3337593751307675, 0.7555811850032167, 0.36106367871499623, 0.024641731920911448], [-0.5623811827292824, -0.1295146172436473, -0.6328055357039057, -0.5180450630336407, 0.11063607423937202, 0.0024467602331205984, 0.34473833010163785, 0.3984899554187674, 0.6647799944312451, 0.016698624014055335, -0.29835847784946096, -0.11298547341088327], [-0.3206555128463145, -0.8006207302269044, 0.4924373202519936, -0.1998258304194475, 0.27348612430656133, 0.723974938705582, -0.3919869922941527, 0.31366833403162264, -0.1060141732235591, -0.041033422341736375, 0.519336142839273, -0.1472569571113751]], "inverted": false, "swapped": false, "error_lsq": 0.04477480797464598, "error_max": 0.2603465412597032, "target": "529.xyz", "model": "3.xyz", "model_rescale": 3.7530521520055578, "target_rescale": 3.9098965642478025},
{"mapping": [0, 6, 9, 8, 3, 7, 2, 4, 5, 10, 11], "R": [[0.9993913044402085, 0.034880988773907606, -0.0005807163276280759], [-0.029374350779891326, 0.8503647557734153, 0.5253731337389455], [0.018819355078177894, -0.5250362832800933, 0.8508717489221669]], "T": [-0.029650291649002295, -0.061098384499340706, -0.10304542348852194], "aligned_model": [[-0.4692743779887039, -0.3368194859267229, 0.6028728930314556, 0.3330617406403666, 0.22358482395105334, -0.07521661676350208, -0.3505551291026048, -0.6616981847631459, -0.3257764175216992, 0.41406084177029134, -0.01604048488158308], [-0.692438863010512, 0.07299696168622419, -0.14860443234305243, 0.43784227481821847, -0.6382987110875115, 0.5971773156379107, -0.40149639870092657, 0.025755109025621288, 0.2774546854343458, 0.031179728561912097, -0.09436431170788369], [-0.10403006621961, -0.6919555247316765, -0.3034360586709587, -0.5189166710478177, 0.22699477061843473, -0.06696064694353018, 0.4969125562530744, 0.07108657446339117, 0.6294666743915883, 0.44450586088069044, -0.09083669174826986]], "inverted": false, "swapped": true, "error_lsq": 0.061249488739197756, "error_max": 0.3706127234205109, "target": "529.xyz", "model": "4.xyz", "model_rescale": 3.7855080009869324, "target_rescale": 3.9098965642478025},
{"mapping": [6, 8, 4, 7, 1, 0, 14, 2, 9, 10, 5, 16], "R": [[0.33041953633117577, 0.7212622367706452, -0.608772302112454], [0.8028487568232539, -0.5539069620247846, -0.22050158976259118], [-0.4962426862715934, -0.41589405288977144, -0.7620861716977112]], "T": [-0.09544703364961692, -0.013749738409695962, -0.11998759083436468], "aligned_model": [[-0.29450409793505433, 0.21084835970606874, -0.2536903591263113, 0.29073024099365535, -0.678424818458927, -0.18928488120696757, -0.237350144682888, -0.21196583407869868, 0.31346710810036904, 0.6278341453326547, 0.3952024010386855, -0.096039112241378], [-0.606108083789911, -0.24190481221839083, -0.593459667839035, -0.6495162450588173, -0.06233590997457523, -0.08381083451891036, 0.6160645933642758, 0.5861357146059059, 0.5676749162543849, -0.03920127940524714, -0.2495637157585193, 0.03972471280621774], [-0.3085742920713283, -0.7111206285408146, 0.31116926174768095, -0.030335298905066532, 0.3605123835057678, 0.6512191158910711, -0.3222122508144326, 0.2951587688817308, -0.07938445210508345, -0.20472736464366642, 0.47897663593237755, -0.1251726372066937]], "inverted": false, "swapped": false, "error_lsq": 0.04138193231197907, "error_max": 0.2455933120295932, "target": "529.xyz", "model": "5.xyz", "model_rescale": 4.2253639853439635, "target_rescale": 3.9098965642478025},
{"mapping": [11, 12, 8, 9, 5, 10, 6, 2, 3, 0, 1, 13], "R": [[0.5868490688000796, -0.17153711506543806, -0.7913173753959318], [-0.11516989413496953, -0.9850485710862196, 0.12812184858928954], [-0.8014637021933179, 0.015947750813942056, -0.5978307480471015]], "T": [0.04566109170346109, -0.042340728488003375, 0.05504733276903829], "aligned_model": [[-0.5133407305658106, 0.058795622557867445, -0.20959245182455552, 0.3534703985310601, -0.5705793825775317, -0.27778129685115954, -0.2680668119292665, -0.2721563602877064, 0.22877065724126874, 0.8139197079974162, 0.4758236973497456, 0.05755995779988103], [-0.28380301692526316, -0.2960654942660008, -0.681791844737944, -0.5637834819222525, -0.011321051851660248, -0.05782342583723085, 0.3552734197402519, 0.47656772950699006, 0.6106517684496794, -0.04045550755092241, -0.2395120307029852, 0.015762324564715463], [-0.42947997789101455, -0.8431703422959574, 0.3230263879987092, -0.02207149117560569, 0.19656314096726907, 0.7647358431438457, -0.3414318718988006, 0.33770912974261696, -0.15251267939608848, -0.17481739649301137, 0.616108285112644, 0.04085021385693577]], "inverted": false, "swapped": false, "error_lsq": 0.0458778058709301, "error_max": 0.2996158421573662, "target": "529.xyz", "model": "6.xyz", "model_rescale": 3.89814844738969, "target_rescale": 3.9098965642478025},
{"mapping": [10, 11, 5, 9, 2, 1, 4, 0, 7, 8, 6, 12], "R": [[0.7235750126656703, 0.5687386962448263, -0.39112082076975974], [-0.565906470726896, 0.8132383992352923, 0.1356214304549561], [0.3952076257302032, 0.12320552505044038, 0.9102918933846118]], "T": [0.04760078610962911, 0.07325741429256805, 0.008824193252128288], "aligned_model": [[-0.41321117306329885, 0.27768396689393227, -0.10668292414178407, 0.2554189161899586, -0.6529747789798319, -0.3520174699978705, -0.3854125575873872, -0.03725283975919743, 0.25266353099474403, 0.6804674243874974, 0.44664578789063974, -0.08850487538619298], [-0.426672831172057, -0.07692888962885236, -0.559906329135545, -0.7895853602421684, 0.022320914548866103, -0.066486901003634, 0.34060230063883645, 0.4230001914459654, 0.6644655458557815, -0.08129449397728294, -0.1737346511922652, 0.00791989232973371], [-0.2679893739822359, -0.7526521184330158, 0.4305786416981226, -0.0924667257768121, 0.09908600751712361, 0.7406529900084716, -0.38680435009264164, 0.4794516887028841, -0.1904166042258792, -0.17360469185039976, 0.495788110980031, -0.06611433287410594]], "inverted": true, "swapped": false, "error_lsq": 0.0397678925635828, "error_max": 0.2236185026781999, "target": "529.xyz", "model": "7.xyz", "model_rescale": 3.7474275329858107, "target_rescale": 3.9098965642478025},
{"mapping": [9, 4, 5, 8, 7, 6, 12, 0, 1, 2, 3, 14], "R": [[-0.4937214289790023, 0.4478515125332799, 0.7454315349437435], [0.1401796443856486, -0.8049954895617591, 0.5764823753464946], [0.858247527154518, 0.389116029619543, 0.3346638576635933]], "T": [-0.12140304456325912, 0.049200052564859036, -0.08186402422133536], "aligned_model": [[-0.5063254480516064, 0.3203924103342658, -0.17445020930663938, 0.22459247713262598, -0.6562758296216175, -0.28053399853899147, -0.37507218264745307, 0.02162425023793868, 0.37899388623638475, 0.7110387646065295, 0.29292307369486803, -0.0800841866350961], [-0.5939743853184078, -0.25959168674337724, -0.5295697674143269, -0.5312875749027516, -0.23508041335841007, -0.017892371128186473, 0.49219552269420497, 0.43413983304372306, 0.6095032736076431, 0.030854750161528714, -0.1757354288925679, 0.06013763671830621], [-0.2178854410449224, -0.6490414952234979, 0.3367443342903371, -0.17423030150878083, 0.22954142278044926, 0.7163302156523377, -0.4283457706782842, 0.43347838231406394, -0.06029941930425271, -0.20553123926115796, 0.45838817049450314, -0.12363961683925206]], "inverted": true, "swapped": false, "error_lsq": 0.04486621843884933, "error_max": 0.2140380345859264, "target": "529.xyz", "model": "8.xyz", "model_rescale": 4.019505241142653, "target_rescale": 3.9098965642478025},
{"mapping": [4, 3, 7, 0, 8, 9, 5, 11, 6, 2, 1, 12], "R": [[0.5249529744295998, -0.4416562481881773, 0.7275741426644153], [-0.5119956744380278, -0.8467334477056556, -0.14457834517396617], [0.6799152917785161, -0.2966179815399544, -0.6706213305829889]], "T": [0.09119032079244184, 0.02999566077064609, 0.10751247881229507], "aligned_model": [[-0.36835878514180687, 0.14278508118191113, -0.35406448643358707, 0.17398661113304004, -0.5436966554026161, -0.19337319052083846, -0.1873586477496717, -0.33273249182513176, 0.38842281315680083, 0.5458438795094516, 0.5413471337295078, 0.06402174580414931], [-0.46713413395187803, -0.16772898551390425, -0.7412841766962595, -0.5939839336214942, -0.08233613084585797, 0.04461434981784721, 0.33367241151040006, 0.46729299951791253, 0.6817929017010583, -0.018938201520732445, -0.22298659436148122, 0.05071888243176692], [-0.371310304352097, -0.727175338694208, 0.27017642391025315, -0.055092312504397625, 0.30860207932963635, 0.7289221370813314, -0.4223135514336973, 0.2352231301298474, -0.014450795025653149, -0.26781108943764187, 0.5430169271537133, 0.08772193551445609]], "inverted": true, "swapped": false, "error_lsq": 0.04504418827444693, "error_max": 0.31187687974165706, "target": "529.xyz", "model": "9.xyz", "model_rescale": 3.877068213659057, "target_rescale": 3.9098965642478025},
{"mapping": [5, 12, 1, 0, 4, 7, 6, 2, 14, 11, 8, 15], "R": [[0.07590608112103286, -0.9702631704457082, 0.22984265688833683], [0.1776686293795543, -0.21365803678944068, -0.9606165215369099], [0.9811585626101612, 0.11375246543229112, 0.15616738335785002]], "T": [-0.04008153776353703, 0.11682226459969872, -0.03774933559658422], "aligned_model": [[-0.39898371236776436, 0.09495204214124112, -0.26427115094437637, 0.28418957181449606, -0.6361491912177683, -0.2390113686307391, -0.11098891492122831, -0.13625532494879336, 0.2212632887353241, 0.6300886785088489, 0.43522072016709906, -0.003231630895130587], [-0.5430795386293957, -0.2679801486044263, -0.6508680832474177, -0.601137331719381, 0.044630824447407375, -0.14322458325417683, 0.3524659089015527, 0.5024129582904926, 0.8521183093839645, -0.1331884815231361, -0.165078218888453, 0.03662777331034764], [-0.2538842041436922, -0.6637591205072609, 0.2988470954118766, -0.15241537756265788, 0.2746325272240275, 0.7099732926080314, -0.6032126782542724, 0.4936881278429086, -0.014081745404923629, -0.21946830628547745, 0.5007140492526394, -0.05552441850965636]], "inverted": true, "swapped": false, "error_lsq": 0.04513594208021209, "error_max": 0.27924411803870863, "target": "529.xyz", "model": "10.xyz", "model_rescale": 4.260839863003843, "target_rescale": 3.9098965642478025},
{"mapping": [1, 2, 0, 3, 7, 6, 8, 10, 9, 4, 5, 11], "R": [[-0.9665521565246903, 0.2548487664583158, 0.028792967060475197], [0.1268495370611295, 0.37745911933153714, 0.9172970119764033], [0.2229038439884964, 0.8902677796416848, -0.3971613738356448]], "T": [-0.01609014723898062, -0.02771738171146025, -0.001797558793027447], "aligned_model": [[-0.3767275392583449, 0.24577903339595814, -0.4675690529501953, 0.26114678200195424, -0.6382773541757103, -0.12754387351407756, -0.3462188437141025, -0.018462548614231328, 0.2846810597324422, 0.678659508897546, 0.45087718735318555, -0.06952135171321538], [-0.48985250101488814, -0.18586615275617585, -0.6355754926100982, -0.6747237634757308, 0.0029021287707649696, -0.17608384557073126, 0.4001286519945279, 0.4857330089735135, 0.6530531016552824, 0.2005215070021567, -0.2375933304066754, -0.058943924094567675], [-0.4256282397555665, -0.615614000892847, 0.44172198324268863, -0.09320597434723396, 0.2020434439133596, 0.816017086438714, -0.47463603254958875, 0.3583369439408307, -0.2878421203403087, -0.038304867351348075, 0.4392290808003979, -0.0066080614275551616]], "inverted": false, "swapped": false, "error_lsq": 0.041895477700015483, "error_max": 0.23655393741396954, "target": "529.xyz", "model": "11.xyz", "model_rescale": 3.890672605050136, "target_rescale": 3.9098965642478025},
{"mapping": [5, 9, 7, 12, 8, 3, 6, 0, 1, 11, 4, 13], "R": [[-0.26147485144637805, -0.9644332582283625, -0.0387219896714982], [-0.05955789179534671, -0.02392001968673374, 0.9979382196223774], [-0.9633710394162721, 0.2632419477993797, -0.05118512804321529]], "T": [0.08366466330388708, 0.014065582782904616, -0.06196550040545082], "aligned_model": [[-0.35478984253010915, 0.059028347510472784, -0.2711310005009543, 0.23696503966139745, -0.6149044952215611, -0.2887385000309147, -0.13501733647494601, -0.03804512267392826, 0.22388285338599154, 0.537297235250182, 0.4347148085374901, 0.08756102052808863], [-0.5704156463400726, -0.29274538610803186, -0.6626082644098864, -0.7148746670696321, 0.09594746085759637, -0.027385528853017767, 0.4068383103298912, 0.3861665067064027, 0.7632534316179702, 0.1230850693426255, -0.10563333082813378, -0.11792856677833366], [-0.32863293552233896, -0.7768644424481239, 0.3164479133988046, -0.04531456954138448, 0.09451943381551942, 0.7822269215484629, -0.4224736298693902, 0.38010029804510703, 0.09409447754605371, -0.35367495365456414, 0.5325872806299632, 0.04249344772343343]], "inverted": true, "swapped": false, "error_lsq": 0.042067485993142466, "error_max": 0.24443772863791, "target": "529.xyz", "model": "12.xyz", "model_rescale": 4.124412569039231, "target_rescale": 3.9098965642478025},
{"mapping": [8, 2, 6, 1, 9, 3, 10, 7, 5, 4, 0, 12], "R": [[-0.20748506969631816, 0.341081561751027, -0.9168496682044414], [-0.4588957569370131, 0.7937851553876091, 0.3991488586373198], [0.8639239724178973, 0.5035558512416966, -0.008177686832504708]], "T": [-0.03496438589214436, -0.025400832974629202, 0.11042149880975284], "aligned_model": [[-0.426342187950031, 0.12000489433012564, -0.3090464264013168, 0.281222346325956, -0.6625652409076039, -0.1280262629073643, -0.1421985741296814, -0.28091009159517394, 0.3752170888274974, 0.6278595329315023, 0.44982602989193876, -0.02821810097464022], [-0.4702390734312877, -0.28037901617841066, -0.6048125484755726, -0.7554182379573194, -0.011778628054386626, -0.17814792492853926, 0.3981546097384946, 0.5465035734205987, 0.6030726518708661, 0.07609068422004067, -0.051090956236543285, 0.011744254479436875], [-0.2943481601102361, -0.6978891852260397, 0.30218675581597326, -0.06268204737088094, 0.2311396594872875, 0.8009004548337252, -0.4843148193335376, 0.1846760226315691, 0.2129793640137008, -0.300236729309829, 0.4283612159334691, -0.005263289693658885]], "inverted": true, "swapped": false, "error_lsq": 0.04842066054214231, "error_max": 0.31134755510124124, "target": "529.xyz", "model": "13.xyz", "model_rescale": 3.9028299243045295, "target_rescale": 3.9098965642478025},
{"mapping": [10, 4, 14, 13, 9, 11, 3, 1, 2, 8, 12, 15], "R": [[0.8423010899759924, -0.1896015924354504, -0.5045593225490899], [-0.5251811481124682, -0.07802787920360829, -0.8474056948913293], [0.12129977531935061, 0.9787557847660102, -0.16529814970091644]], "T": [0.006949469593159998, 0.035891944449843276, -0.08079124520319729], "aligned_model": [[-0.3167111082088735, -0.026645472880719813, -0.33843818034337214, 0.2791578487627629, -0.7145760514824898, -0.19124358731450458, -0.22086652436472146, -0.07751252833627308, 0.3754980317589649, 0.7693063066373691, 0.44423678599874006, -0.10538251278567391], [-0.5892580219145648, -0.15081215786755492, -0.6318734315474634, -0.6878134917125488, -0.05832561712589488, -0.06663007616992461, 0.42896154373719925, 0.41965770245258377, 0.6706688505405124, 0.10910428983129927, -0.18008393978616632, 0.02010373802990075], [-0.3252988155980778, -0.7314649206356214, 0.38595003931473304, 0.10576810667735993, 0.18635933029851504, 0.6235278840411824, -0.5077404321695281, 0.43669186527786613, -0.022653422959328054, -0.1805868616065206, 0.4155700237332155, -0.07061355470225343]], "inverted": false, "swapped": false, "error_lsq": 0.040420935314919866, "error_max": 0.23248515824195323, "target": "529.xyz", "model": "14.xyz", "model_rescale": 3.942246331269136, "target_rescale": 3.9098965642478025},
{"mapping": [10, 9, 11, 6, 4, 13, 5, 12, 1, 0, 8, 14], "R": [[-0.8541724569118366, 0.4342656265073859, -0.2860118520050252], [-0.2291517641650121, -0.808109350574809, -0.5426313172805485], [-0.4667749809418448, -0.39796060501977853, 0.789777483864305]], "T": [-0.032900756414878767, -0.055533114993183016, -0.04178709885159926], "aligned_model": [[-0.5325716766040426, 0.05312904900331677, -0.1705283354989587, 0.1767940332396172, -0.5989270603763508, -0.3059782628454861, -0.02696490591843722, -0.03407710256113952, 0.07358450991647197, 0.6561420566832177, 0.5464793107487603, 0.03974139165423971], [-0.48012262876753736, -0.4303833632461113, -0.6199705161064277, -0.571658776207114, -0.09579330509131558, -0.012569180384910103, 0.36600047037058747, 0.5324942416591314, 0.7477673855406486, 0.20066704125092472, -0.3624186307073153, 0.00968665015681687], [-0.3229511654627749, -0.7490695531064656, 0.378427244497758, -0.09110024483378307, 0.10537715373571327, 0.7227471530363944, -0.5161854128013466, 0.5259264752339465, -0.04504741740282697, -0.024496508155673835, 0.36928581962652113, -0.03740430269591958]], "inverted": false, "swapped": false, "error_lsq": 0.0585720280910177, "error_max": 0.3107423461948179, "target": "529.xyz", "model": "15.xyz", "model_rescale": 4.355366556412066, "target_rescale": 3.9098965642478025},
{"mapping": [0, 2, 9, 1, 5, 7, 4, 3, 6, 8, 10, 11], "R": [[0.7777213514149006, 0.329748845774019, -0.5351777258669153], [-0.6259154444461077, 0.4849526340164478, -0.6107788463628557], [0.0581322282147545, 0.8099917539526015, 0.5835529132577235]], "T": [-0.009111811225883195, -0.10921797440046804, 0.054160629571485736], "aligned_model": [[-0.4619910470457717, 0.22589272698098528, -0.2149626744582882, 0.19197803300347124, -0.6433262716472281, -0.24945779465942547, -0.2885822891742162, -0.2623295700054583, 0.3666734840493544, 0.7150097873610615, 0.5057459047739153, -0.0078272817371909], [-0.3773434572078466, -0.1666238436785295, -0.7055022502370392, -0.5864820782568873, -0.13077420436351245, -0.002394661986261981, 0.4079299824166684, 0.4249943093247512, 0.6152901698947337, -0.14323381882509484, -0.05814702014743522, 0.005986261533831805], [-0.42220391761790044, -0.747214959612268, 0.4440606035757707, -0.10825585088154713, 0.16847261082997392, 0.9093119073884443, -0.44462186195356235, 0.3396689681447156, -0.04568587114003489, -0.19388563345389978, 0.41408991220412295, 0.0017733341877281608]], "inverted": false, "swapped": false, "error_lsq": 0.04280943857056222, "error_max": 0.23166907369967116, "target": "529.xyz", "model": "16.xyz", "model_rescale": 3.795458400668931, "target_rescale": 3.9098965642478025},
{"mapping": [10, 11, 5, 9, 2, 1, 4, 0, 7, 8, 6, 12], "R": [[0.7235750126656703, 0.5687386962448263, -0.39112082076975974], [-0.565906470726896, 0.8132383992352923, 0.1356214304549561], [0.3952076257302032, 0.12320552505044038, 0.9102918933846118]], "T": [0.04760078610962911, 0.07325741429256805, 0.008824193252128288], "aligned_model": [[-0.41321117306329885, 0.27768396689393227, -0.10668292414178407, 0.2554189161899586, -0.6529747789798319, -0.3520174699978705, -0.3854125575873872, -0.03725283975919743, 0.25266353099474403, 0.6804674243874974, 0.44664578789063974, -0.08850487538619298], [-0.426672831172057, -0.07692888962885236, -0.559906329135545, -0.7895853602421684, 0.022320914548866103, -0.066486901003634, 0.34060230063883645, 0.4230001914459654, 0.6644655458557815, -0.08129449397728294, -0.1737346511922652, 0.00791989232973371], [-0.2679893739822359, -0.7526521184330158, 0.4305786416981226, -0.0924667257768121, 0.09908600751712361, 0.7406529900084716, -0.38680435009264164, 0.4794516887028841, -0.1904166042258792, -0.17360469185039976, 0.495788110980031, -0.06611433287410594]], "inverted": true, "swapped": false, "error_lsq": 0.0397678925635828, "error_max": 0.2236185026781999, "target": "529.xyz", "model": "17.xyz", "model_rescale": 3.7474275329858107, "target_rescale": 3.9098965642478025},
{"mapping": [8, 4, 10, 5, 3, 11, 0, 1, 2, 9, 12, 13], "R": [[0.4168499614441683, 0.31136097660644835, 0.8539850419595618], [0.7613962200889967, 0.3935691510571435, -0.5151496087258031], [-0.4964996532508194, 0.8649610774958828, -0.07300978522758395]], "T": [0.039426829480188455, -0.0034383589512383614, 0.09096541393313347], "aligned_model": [[-0.4363069576166659, 0.1764834947354067, -0.2048675815172859, 0.26301327707165606, -0.6187238460969497, -0.18717981545162587, -0.29838861366143504, -0.3397923062245482, 0.23632833361821837, 0.6815996347394228, 0.5575708593532865, 0.047086528491728834], [-0.3446937185117553, -0.25709001039368506, -0.6085814566530596, -0.6698532562620938, -0.05801764816441592, -0.037200378956057926, 0.43414669937487216, 0.5334636544747382, 0.6524063227512575, -0.046082641923112476, -0.39336844856600045, 0.07857027129669061], [-0.32625945901238884, -0.6875602004497489, 0.315824130737036, -0.07968106791130365, 0.24732388263750238, 0.7759809000967641, -0.5363641915260957, 0.3064822158399962, -0.09593101449827308, -0.09211849899035514, 0.46341435383414803, 0.02439819091426168]], "inverted": false, "swapped": false, "error_lsq": 0.045306899234846564, "error_max": 0.2844276224158298, "target": "529.xyz", "model": "18.xyz", "model_rescale": 3.922800546911778, "target_rescale": 3.9098965642478025},
{"mapping": [7, 11, 12, 13, 3, 5, 2, 1, 6, 4, 8, 14], "R": [[0.07762661140768173, 0.9418425035204299, -0.3269660651562022], [-0.10251709849131416, 0.33375792220850925, 0.9370677104030323], [0.9916977128733752, -0.03922177871320634, 0.12246345722822499]], "T": [-0.025092555959963823, 0.011640665699861892, 0.03329968729030203], "aligned_model": [[-0.3883453739666518, 0.15012150955792566, -0.29172386245948256, 0.3347458114090326, -0.6387929094944194, -0.26811687897904385, -0.4106443052257549, -0.04437836522667388, 0.49184101286071713, 0.6097139545679615, 0.4109714069942706, -0.07856899259667274], [-0.5739551596932805, -0.2630774280824987, -0.6533667472528711, -0.5595642266403802, -0.16853606428111706, -0.056653544821322836, 0.5125058353664765, 0.6755034093832386, 0.46793982581493854, 0.02060617550986136, -0.07025609363874469, -0.047446593196921585], [-0.3708487242505326, -0.6000040415492522, 0.357779165345211, -0.09340890419414688, 0.04088029611485364, 0.7535835198286431, -0.3037654299210585, 0.36025127246149075, 0.05169897580104492, -0.3142739781640456, 0.45464490803464763, -0.021027817835312435]], "inverted": true, "swapped": false, "error_lsq": 0.04488547767737591, "error_max": 0.2806777886864139, "target": "529.xyz", "model": "19.xyz", "model_rescale": 3.9282355846067225, "target_rescale": 3.9098965642478025},
{"mapping": [8, 12, 4, 11, 6, 3, 7, 5, 2, 10, 0, 13], "R": [[0.06180811929482332, 0.825582495643314, -0.5608861731907775], [-0.7395412240351533, 0.41526728938483704, 0.5297469738654081], [0.6702675095376653, 0.38205578290915576, 0.6362191795315888]], "T": [-0.09152263116135365, -0.07195632351075563, -0.026097085972138223], "aligned_model": [[-0.5457401496711989, 0.16178802985428228, -0.19143521592690982, 0.34419071397983403, -0.6987522586074972, -0.18433591871761898, -0.24142597292954288, -0.2869749708924616, 0.33130269900255405, 0.7311138281399957, 0.41465632564346033, 0.042435897566312275], [-0.6547725736161698, -0.033703667262350565, -0.5801834827841671, -0.6402496619510681, 0.11023887235991829, -0.04284394385819422, 0.3606105002885159, 0.4951346752334349, 0.6351026284889842, 0.026168956503294052, -0.35777787665018623, -0.03402503828463351], [-0.2067438230586617, -0.8367540964107876, 0.3359671002188688, -0.002438394626347873, 0.13176723618562064, 0.7201557077549742, -0.4486047278610894, 0.3315288838420575, -0.024488071152513738, -0.26247609147340845, 0.523708235615233, 0.05388728263759737]], "inverted": true, "swapped": false, "error_lsq": 0.041725096707545116, "error_max": 0.2315263530989328, "target": "529.xyz", "model": "20.xyz", "model_rescale": 4.067790424073018, "target_rescale": 3.9098965642478025},
{"mapping": [6, 4, 3, 2, 11, 12, 13, 9, 1, 8, 0, 14], "R": [[-0.09278821255823036, 0.462042331302602, -0.8819904941067708], [0.2623631754701084, 0.8658526234643954, 0.4259868526105767], [0.9604977416774544, -0.1918752681412605, -0.20156381051227823]], "T": [0.009668441184678444, -0.01152517231855582, -0.02756859045177429], "aligned_model": [[-0.35412646471997367, 0.36487731983647687, -0.32411165744141296, 0.22765798956707375, -0.6139838013924187, -0.2737376868961207, -0.4484737434871503, 0.043116447957726574, 0.25723311028014956, 0.5290436021298212, 0.5007786694980497, -0.031450777891012215], [-0.509161251493546, -0.38507517024024845, -0.6634136405822331, -0.7222651637239055, -0.05475048272123495, 0.03389115688168657, 0.42610312183968063, 0.5657939550118098, 0.7681995966785922, 0.11235083435931728, -0.3323594745476032, 0.04438590700506305], [-0.43691990880379794, -0.6413760083899368, 0.4053023918937892, -0.05999007949985473, 0.13742142999885057, 0.6828060927302154, -0.32541203901741567, 0.4916941133218604, -0.0911777132787165, -0.22774869407799414, 0.37284884633157517, 0.00806081046296752]], "inverted": false, "swapped": false, "error_lsq": 0.04607722939867558, "error_max": 0.31212718068085676, "target": "529.xyz", "model": "21.xyz", "model_rescale": 4.186013935880536, "target_rescale": 3.9098965642478025},
{"mapping": [7, 1, 6, 0, 4, 3, 9, 11, 8, 2, 5, 12], "R": [[0.6081964660188369, 0.21617067914581986, -0.7637848494175785], [0.3091400189208655, 0.8217318161502652, 0.47873716278140954], [0.7311152490707638, -0.5272827133559584, 0.43294737875655676]], "T": [-0.05888275059538433, -0.01424468568814493, -0.0304585480638615], "aligned_model": [[-0.5397608112579833, 0.12923179250508043, -0.23738748060116902, 0.3183720922012051, -0.728779876001698, -0.14477725078866066, -0.1413461359128226, -0.19664477442712788, 0.3193687047020435, 0.6738809429307341, 0.5029661325067587, -0.07830032841515149], [-0.4223302582838731, -0.3618816672021767, -0.4762944707064715, -0.6264622008917224, -0.058041792179346983, -0.23389955544535473, 0.3895161131141422, 0.48037927463268437, 0.6471903945979632, 0.07624376647620104, -0.11423089020526092, -0.016489325439406424], [-0.40535346146420076, -0.6459946426109335, 0.22350780117807, -0.09870031438661667, 0.24691449244985086, 0.8621289982110563, -0.4948159187072689, 0.33742015664487823, -0.11470581410795179, -0.09804857942835621, 0.49190853319030037, 0.011247990702714816]], "inverted": false, "swapped": false, "error_lsq": 0.044999339331475395, "error_max": 0.24821308004958112, "target": "529.xyz", "model": "22.xyz", "model_rescale": 4.166573947596378, "target_rescale": 3.9098965642478025},
{"mapping": [4, 8, 2, 3, 1, 6, 7, 13, 10, 9, 12, 15], "R": [[-0.6684116859957271, 0.2893103147242895, -0.6852192056696036], [0.44288480458727375, -0.5853229357848385, -0.6791539668660639], [-0.5975607650189578, -0.7574276220460611, 0.26310554815816295]], "T": [0.0748259072484537, -0.0765408070702708, 0.05598090747043215], "aligned_model": [[-0.315554186323442, 0.09989238613561303, -0.23954112335880715, 0.2119293172009967, -0.6147598007404397, -0.29843392056576123, -0.24847389707353232, 0.021190907615821347, 0.24801668828910026, 0.6195803161562959, 0.38409332199784196, 0.008882998107521967], [-0.5215038908341958, -0.15021993512031268, -0.6185497035762404, -0.6321158565313907, -0.17954995167480306, -0.15209554985882492, 0.46381102497059756, 0.7390623536343928, 0.6197015022898474, -0.12852399784120075, -0.08845306155470313, -0.06786354543578813], [-0.37929458000237526, -0.7490173521222027, 0.30135605976716834, -0.12831687171239886, 0.2041690592655091, 0.7148255126309525, -0.28296861942945695, 0.27672489936764066, -0.15894427282145251, -0.1909797131451526, 0.6335561143452988, 0.07439900552801237]], "inverted": true, "swapped": false, "error_lsq": 0.04157226036507692, "error_max": 0.23914284446175207, "target": "529.xyz", "model": "23.xyz", "model_rescale": 4.274766983524099, "target_rescale": 3.9098965642478025},
{"mapping": [10, 7, 8, 9, 6, 1, 3, 0, 2, 4, 11], "R": [[-0.33322958604150194, -0.41115253600493507, 0.8484760663232169], [-0.5974223403451844, 0.788273381146067, 0.147348647204615], [-0.7294138675971906, -0.45779762855792294, -0.508307722785765]], "T": [-0.03655670081565731, 0.14257831926496212, -0.002097698735484592], "aligned_model": [[0.32893578767970455, 0.08263662300815153, -0.4972815968213578, -0.4525284015269909, -0.46409563298647766, -0.7071917395649655, 0.12165926833918372, 0.04857915037745864, 0.5979035198456435, 0.35471948894985095, -0.03344176334212608], [-0.20368555906525854, 0.6614854645413317, 0.4424435916516646, -0.22463917948050294, 0.5966976873962984, -0.2321966757050804, -0.5423239884727039, -0.08984872741380628, -0.11495079185544516, 0.5168964560955609, 0.10570825355142502], [-0.503818533963538, -0.39354836562837936, -0.5033601879078093, -0.3762876866544563, 0.26273365155051076, 0.34625847671726306, 0.10786277813068817, 0.7263188451676926, 0.3294732371938732, 0.37755858924154667, 0.006375630174185767]], "inverted": false, "swapped": true, "error_lsq": 0.04324635199045977, "error_max": 0.19261234574702643, "target": "529.xyz", "model": "24.xyz", "model_rescale": 3.7841303162186577, "target_rescale": 3.9098965642478025},
{"mapping": [13, 11, 12, 3, 9, 2, 10, 8, 0, 6, 4, 15], "R": [[-0.70611686160385, 0.6882609265242603, 0.16642077628317992], [0.049096944927248476, -0.18687196193740296, 0.9811566438854078], [0.7063911577571877, 0.7009820018100555, 0.09816193447985444]], "T": [-0.028805741766304085, 0.052692242145867395, 0.009495201194172222], "aligned_model": [[-0.24689245339291738, 0.13953591893765854, -0.4568391169101344, 0.34422603336745833, -0.5773051782872755, -0.1990974639783416, -0.47941388040655825, -0.040949531774306214, 0.22526387822934074, 0.6422351403803565, 0.4957895397952314, 0.03027012148069668], [-0.5985883996461379, -0.2169983912780689, -0.5333951914375371, -0.6607925870600956, 0.06235000666405573, -0.07101154759059061, 0.43144814144799987, 0.44409373640459543, 0.7409242289881919, -0.14697703776560708, -0.1879829823964394, 0.0206294121370115], [-0.365033448057023, -0.6893292522113407, 0.22963346771486423, -0.018586480853796113, 0.21246269673671417, 0.7337127994877501, -0.4991809034266337, 0.45234413965416165, -0.04631975946987004, -0.16900624247084053, 0.482337214675672, -0.007524990108114974]], "inverted": true, "swapped": false, "error_lsq": 0.0409601403555656, "error_max": 0.20579743805309822, "target": "529.xyz", "model": "25.xyz", "model_rescale": 4.19342608120988, "target_rescale": 3.9098965642478025},
{"mapping": [0, 2, 9, 1, 5, 7, 4, 3, 6, 8, 10, 11], "R": [[0.7777213514149006, 0.329748845774019, -0.5351777258669153], [-0.6259154444461077, 0.4849526340164478, -0.6107788463628557], [0.0581322282147545, 0.8099917539526015, 0.5835529132577235]], "T": [-0.009111811225883195, -0.10921797440046804, 0.054160629571485736], "aligned_model": [[-0.4619910470457717, 0.22589272698098528, -0.2149626744582882, 0.19197803300347124, -0.6433262716472281, -0.24945779465942547, -0.2885822891742162, -0.2623295700054583, 0.3666734840493544, 0.7150097873610615, 0.5057459047739153, -0.0078272817371909], [-0.3773434572078466, -0.1666238436785295, -0.7055022502370392, -0.5864820782568873, -0.13077420436351245, -0.002394661986261981, 0.4079299824166684, 0.4249943093247512, 0.6152901698947337, -0.14323381882509484, -0.05814702014743522, 0.005986261533831805], [-0.42220391761790044, -0.747214959612268, 0.4440606035757707, -0.10825585088154713, 0.16847261082997392, 0.9093119073884443, -0.44462186195356235, 0.3396689681447156, -0.04568587114003489, -0.19388563345389978, 0.41408991220412295, 0.0017733341877281608]], "inverted": false, "swapped": false, "error_lsq": 0.04280943857056222, "error_max": 0.23166907369967116, "target": "529.xyz", "model": "26.xyz", "model_rescale": 3.795458400668931, "target_rescale": 3.9098965642478025},
{"mapping": [0, 6, 3, 7, 9, 4, 1, 11, 8, 5, 10, 12], "R": [[-0.8994763862636624, 0.010069027732720393, 0.43685334522535235], [0.39325394569128524, 0.4545144657739541, 0.7992295881662873], [-0.1905086999386087, 0.890682443457114, -0.4127847140640825]], "T": [-0.14831084587546373, 0.042081012317306425, 0.025762622319742738], "aligned_model": [[-0.40145276369958993, 0.2617432508441662, -0.3673252099533013, 0.3017468345818123, -0.5489638605539784, -0.15550626232628587, -0.3568016520882493, 0.025022596881711157, 0.23855840589563626, 0.5758150719565107, 0.350530945495889, -0.04654434959311181], [-0.6190644691623389, 0.06123323509030392, -0.6217400431072602, -0.6344196011268698, 0.08857752058074672, -0.06204203484459148, 0.25237645762980515, 0.5233149740723146, 0.5919701699775507, -0.037174661481142186, -0.1751509369397021, -0.08418122222143823], [-0.4102178977178909, -0.6902511972411427, 0.2633565480637571, 0.02752412749597493, 0.17303626783629128, 0.8552020713866446, -0.486741602010935, 0.5257066025903915, -0.25478292911165806, -0.16455464220186897, 0.4858208533217022, -0.00858896073972295]], "inverted": false, "swapped": false, "error_lsq": 0.04398590357423579, "error_max": 0.27352333425675, "target": "529.xyz", "model": "27.xyz", "model_rescale": 3.6321398670334006, "target_rescale": 3.9098965642478025},
{"mapping": [10, 12, 11, 9, 0, 2, 7, 1, 4, 6, 13, 14], "R": [[0.80211405207956, -0.38841995012046504, -0.45358900979292305], [0.14124328074056097, -0.6146136534148477, 0.7760801457850192], [-0.580227009972952, -0.686571190325132, -0.43812853994390627]], "T": [-0.14637913304719427, -0.03628189231159746, -0.046859456255587004], "aligned_model": [[-0.5102930522544727, 0.226880264709894, -0.16745360095185227, 0.21476455912953787, -0.7192436570909542, -0.22725945862734315, -0.1661941272600315, -0.05892748069700249, 0.3170961398420533, 0.623139796800953, 0.45708479534201074, -0.11277117150158383], [-0.7118573247304352, -0.06078242038486196, -0.4967938004105145, -0.5922610844919329, -0.17253736212104032, -0.008570887609202028, 0.49639650016050557, 0.44423445248369825, 0.6500987731553651, 0.021668653708866607, -0.2627092882636424, -0.023186823029428493], [-0.17270113264264547, -0.7841429003733131, 0.4003658624824549, -0.13073157727138313, 0.1597134806431531, 0.7444269248257812, -0.6096635786654517, 0.4100031566075079, -0.02363219097536161, -0.13845524197774076, 0.45417871934532866, 0.00614771967321269]], "inverted": false, "swapped": false, "error_lsq": 0.04448946652297839, "error_max": 0.2518478764066418, "target": "529.xyz", "model": "28.xyz", "model_rescale": 4.156811204709835, "target_rescale": 3.9098965642478025},
{"mapping": [2, 4, 0, 1, 7, 5, 3, 10, 9, 11], "R": [[-0.01456749198817578, -0.4372375222723221, 0.8992280785731366], [-0.810794973488959, 0.5314594735338483, 0.24528012344289798], [-0.5851489546621551, -0.7255164898941207, -0.36225201690191]], "T": [0.01785203381553943, -0.07094645286525823, 0.0832258733060353], "aligned_model": [[-0.5540952740555742, -0.18325577183435524, 0.06929139885814481, 0.6628911345072848, -0.08593013891426016, -0.7537638793459586, -0.24434086411531744, -0.522509184565935, 0.2451522871061659, 0.009485666470393506], [-0.06791160348627467, -0.6090775484986112, -0.03745405441185608, 0.3775296557346006, -0.5019452038401371, -0.4474473076411162, 0.5068245663571785, 0.27150451638594014, 0.46570803789250836, -0.03901072786602899], [-0.4184387227512871, -0.24437234960943616, -0.6836465786622776, -0.22394413763751186, 0.5733020263225916, 0.1249251063398955, -0.23872179966879475, 0.3929746689662556, 0.4122180413585507, 0.06449047231711358]], "inverted": true, "swapped": true, "error_lsq": 0.051232301577745255, "error_max": 0.24190829298380437, "target": "529.xyz", "model": "29.xyz", "model_rescale": 4.117894457231895, "target_rescale": 3.9098965642478025},
