[{"mapping": [4, 11, 8, 6, 5, 1, 9, 12, 2, 0, 13], "R": [[0.5501787542825681, -0.16252047679206771, 0.8190790150891187], [-0.7586265035178591, -0.5072075478358936, 0.4089331627278077], [0.3489830461445792, -0.8463613873763258, -0.40234715788988956]], "T": [-0.05311558702823678, -0.016278459481895734, 0.13536054117454077], "aligned_model": [[-0.023430132944355656, -0.0914601758161426, -0.22302282296168535, -0.5850310599246075, -0.7060691185219099, -0.11679399108743756, 0.6573755974991686, 0.35585698984398845, 0.03925472564745057, 0.38241399844864926, 0.02954460854538235], [0.6190344906859869, -0.5601871010233941, -0.06881142002225646, 0.3908929120562139, -0.3981023576025646, -0.16311922863439934, 0.10700391518048699, -0.33918970829937495, 0.7450684083871738, 0.34196312376679694, -0.03590514225483294], [-0.5780120513575074, -0.3002481398804276, -0.6255277231961357, -0.23318211318294102, 0.11912918339167033, 0.6898215071533426, 0.005950709358427397, 0.3875302553101478, 0.19083051081449123, 0.6620382251392487, -0.0036428675838804936]], "inverted": false, "swapped": false, "error_lsq": 0.05443290482276661, "error_max": 0.3532654568883803, "target": "53.xyz", "model": "0.xyz", "model_rescale": 3.8414455957264533, "target_rescale": 3.7719428487447892},
{"mapping": [8, 5, 6, 9, 4, 0, 12, 1, 13, 11, 14], "R": [[-0.13437271500674952, -0.5852902990070274, 0.799611930470012], [-0.22706879923102918, -0.7672724940518906, -0.5997771922032131], [0.9645640123275869, -0.2621606106181016, -0.029800677221343108]], "T": [-0.14029876264518648, -0.023579164334090096, -0.017678082580985452], "aligned_model": [[0.15833384716026366, -0.07591132931731459, -0.30441830148721105, -0.5758582344944142, -0.4123427973496074, -0.3259743172701758, 0.5587133991290806, 0.3504868502407738, -0.07353140750261444, 0.4874179801249964, -0.06827707050527652], [0.5699037891407638, -0.5548925688525603, -0.12796196254257752, 0.4640937428711961, -0.4203122523214062, 0.03924046829498918, 0.27762624719372425, -0.4560754323212311, 0.6829965932335291, 0.23410773550894096, -0.0700784679655322], [-0.4453449456837059, -0.40223381273064107, -0.7741145850001175, -0.21254409309540911, 0.23611737625541512, 0.6802442996924424, -0.0719629020529032, 0.5485147746064654, 0.2490424073412183, 0.49791337838908656, 0.009055598244584538]], "inverted": true, "swapped": false, "error_lsq": 0.043358860574099774, "error_max": 0.23793751784692807, "target": "53.xyz", "model": "1.xyz", "model_rescale": 4.316132596720782, "target_rescale": 3.7719428487447892},
{"mapping": [6, 1, 2, 4, 0, 5, 10, 9, 3, 7, 11], "R": [[0.6402935014137047, 0.736110996660539, 0.21946487792538927], [-0.5964792701915962, 0.6565043332770436, -0.46175160056048004], [-0.48398007425830947, 0.1647502988886282, 0.8594304083153148]], "T": [0.03237128246009294, 0.00420513889991863, -0.01097415277049675], "aligned_model": [[0.061699484434580815, 0.11888882621100696, -0.4212290767009893, -0.6136157493642656, -0.564971327275537, -0.27201620574611185, 0.6182723191614621, 0.30703767207223964, -0.0030235718680758916, 0.514806497353765, -0.02721024954957471], [0.6868542050287784, -0.4975597348240985, -0.2341814210251434, 0.3943198407803084, -0.36518396174532625, 0.009422302916936014, 0.13571539645212957, -0.48761081201623246, 0.589458104229714, 0.30295443005331096, 0.10445954238945965], [-0.4683865182372047, -0.1989741249110188, -0.6728985925376303, -0.1685844482091921, 0.09221284982754839, 0.5574279233517982, -0.20244432261452566, 0.47134000840858664, 0.2843954118411608, 0.6807383917489723, -0.06013908270205938]], "inverted": false, "swapped": false, "error_lsq": 0.04320647633398773, "error_max": 0.22840936158634262, "target": "53.xyz", "model": "2.xyz", "model_rescale": 3.795458400668931, "target_rescale": 3.7719428487447892},
{"mapping": [9, 6, 8, 7, 1, 0, 5, 2, 4, 10, 11], "R": [[-0.40451021293655837, 0.7396042222164743, 0.5379192152262127], [0.6960688927822476, 0.6304970033809764, -0.34345541956490533], [-0.593177531714508, 0.23549760764639038, -0.7698579691487973]], "T": [-0.010084731186007875, 0.02910012292323272, 0.04291053500345213], "aligned_model": [[0.030813832370311975, 0.15756849524152317, -0.26887390735519945, -0.6169530114881464, -0.4531355325531575, -0.4578877905653999, 0.575043878441403, 0.2627950027167643, 0.07691858548690685, 0.5100192490419994, -0.09767018260850478], [0.5429033338566446, -0.4353378018485586, -0.259076231262205, 0.45039109623014806, -0.4126584840953866, 0.15635648918198364, 0.3567085269570063, -0.5878512637192373, 0.5850402130827035, 0.13360589812220836, 0.10856611573452926], [-0.6562948788348696, -0.2787820299137601, -0.6357244834102719, -0.1508085987681217, 0.11236672617851529, 0.6717874557381983, -0.16714150462282937, 0.40709860284761423, 0.3500192655289591, 0.5504350448561376, 0.11173189636686334]], "inverted": false, "swapped": false, "error_lsq": 0.04614042483006948, "error_max": 0.22337053070980586, "target": "53.xyz", "model": "3.xyz", "model_rescale": 3.7530521520055578, "target_rescale": 3.7719428487447892},
{"mapping": [8, 4, 6, 7, 0, 1, 9, 2, 5, 3, 10], "R": [[-0.9307244115360407, -0.2955777311171272, -0.21537380211748547], [0.34043472071497, -0.9153795071638255, -0.21490593010950712], [-0.1336273576129191, -0.2733389155099639, 0.9525909754796262]], "T": [0.04291653721312999, 0.08010084558975235, 0.057925995566837966], "aligned_model": [[-0.16343864214106285, 0.1384780582243818, -0.14483498861902955, -0.4509969479232187, -0.6037686658989554, -0.30008116913361066, 0.48675652714527146, 0.15463924649836147, 0.022850739071825554, 0.6111576991697885, -0.0321232376652511], [0.6038126576535984, -0.5899353739766688, -0.15915113309208334, 0.39455300138164806, -0.4080577448584085, 0.05073514551084361, 0.28702146663834055, -0.4352743551188574, 0.7572046902196945, 0.11723136691486771, 0.02050817096686186], [-0.6663826195362835, -0.22778428528200528, -0.6157530065435448, -0.06982474404629319, -0.09608642087246633, 0.7695551826506046, -0.18197750329282636, 0.48601759995956345, 0.300181004436447, 0.5636859102880154, 0.05305637820522453]], "inverted": true, "swapped": false, "error_lsq": 0.05025999265196874, "error_max": 0.22518425019146504, "target": "53.xyz", "model": "4.xyz", "model_rescale": 3.7855080009869324, "target_rescale": 3.7719428487447892},
{"mapping": [4, 3, 5, 7, 10, 8, 1, 14, 6, 12, 16], "R": [[0.04734418006571678, 0.9839616384096681, -0.1719826234015142], [0.8031515516299168, -0.13986708161900846, -0.5791241530050695], [-0.59389065805783, -0.11070995265803207, -0.7968922089304764]], "T": [0.03844190306127407, 0.01165985241068885, 0.13664901741391255], "aligned_model": [[0.02791263222579827, 0.049663227757181364, -0.29875392610947693, -0.5532873907904071, -0.5994086004120694, -0.5011364197357623, 0.6444871588446286, 0.3906649937648231, -0.13109088602794836, 0.6271342019304836, 0.06245362728124915], [0.5426946178462665, -0.5273467513384565, -0.10206163099322929, 0.34332482524980873, -0.33212514947449717, 0.10689431885171982, 0.30587776665160527, -0.4298833896743115, 0.6371140865193787, 0.1271219925584288, -0.03296279395687722], [-0.3780275763999136, -0.30125801425619103, -0.5903101572455489, -0.18150858577250395, 0.05968875642234911, 0.5783451844029979, -0.20867533138237954, 0.5090410934267832, 0.21502441231629282, 0.457857881635842, 0.15450983281870756]], "inverted": true, "swapped": false, "error_lsq": 0.044224065436956034, "error_max": 0.2420767028991025, "target": "53.xyz", "model": "5.xyz", "model_rescale": 4.2253639853439635, "target_rescale": 3.7719428487447892},
{"mapping": [4, 5, 10, 1, 8, 9, 3, 11, 0, 7, 13], "R": [[0.26971381964602464, -0.7319292587183965, 0.6257267900001491], [0.4339436047869043, -0.48770015928720645, -0.7575232686167344], [0.8596204996139281, 0.4758446331137638, 0.18607654817394054]], "T": [0.015162712164303541, 0.009589392936656962, 0.040060136447232685], "aligned_model": [[0.03480509879136173, 0.08409025662035846, -0.35558614594847704, -0.5652890430859032, -0.5846361371987869, -0.4050216167302563, 0.6042674567112536, 0.23898478202670836, -0.007369876676835304, 0.6084553312438027, 0.06593851297527412], [0.5193385752375554, -0.5441847930287017, -0.22982853132987857, 0.40183915259628644, -0.4168794126193769, 0.1169001692263041, 0.37879782382281574, -0.6422634407082561, 0.7082931092187058, 0.307898841419579, 0.03873639840480283], [-0.45053262745953815, -0.2588117609006914, -0.6031636318769112, -0.17885004566448112, 0.10510299761595582, 0.4696249796652559, -0.10011906034457158, 0.40137074122488753, 0.43295713137130976, 0.47411837806754215, 0.02299039426767743]], "inverted": false, "swapped": false, "error_lsq": 0.044156909296077795, "error_max": 0.2658458989212429, "target": "53.xyz", "model": "6.xyz", "model_rescale": 3.89814844738969, "target_rescale": 3.7719428487447892},
{"mapping": [9, 4, 10, 5, 2, 0, 8, 7, 6, 3, 12], "R": [[-0.22322229175791164, -0.622890784918948, 0.7497858884544327], [-0.9746586144142033, 0.13112616058917714, -0.18123607631298738], [0.014573737013252264, -0.7712412074521164, -0.6363761514366093]], "T": [0.020414340100640912, -0.028784712903844704, 0.050712833780691344], "aligned_model": [[0.0006274022000451428, -0.05067889948660621, -0.34838655399602797, -0.499057624195102, -0.6072815569826846, -0.19439354728259464, 0.5837947793370926, 0.4541172921705832, 0.02242353230823854, 0.42658838020162465, -0.069114585546068], [0.5801732106259477, -0.6518429230110814, -0.11779186005238929, 0.5112610188032202, -0.3404750491098201, -0.046566823505209166, 0.3259873236108901, -0.3949958972629841, 0.6111372297607831, 0.2653541070219394, -0.10359244464146011], [-0.6025287781007131, -0.0984180030278999, -0.5777513985524633, -0.1519595373026198, -0.05124225251485147, 0.6025749139500222, -0.06939568010431331, 0.3809639463632984, 0.2695089065762976, 0.6838691655271433, -0.07093378684746461]], "inverted": false, "swapped": false, "error_lsq": 0.04960411956568925, "error_max": 0.23737699389734684, "target": "53.xyz", "model": "7.xyz", "model_rescale": 3.7474275329858107, "target_rescale": 3.7719428487447892},
{"mapping": [9, 12, 11, 7, 10, 0, 4, 1, 3, 2, 14], "R": [[0.9616620124667368, -0.12790150922737253, -0.24258478459249333], [-0.06960858984254745, -0.9694526128813303, 0.2351941232209976], [-0.2652561365898215, -0.20929126908431261, -0.9411887943906472]], "T": [-0.010562743297836286, 0.06338665374974595, 0.004538746592292513], "aligned_model": [[-0.12754407653768016, 0.005811284725975786, -0.23572944701823545, -0.5802764160088202, -0.6933718965376408, -0.304140365963134, 0.7284749918266861, 0.27633341046568094, -0.06830856683941054, 0.6705584524330034, 0.046831248182075624], [0.511112904103764, -0.5191450693671049, -0.07228339251132673, 0.3125054180758392, -0.2638461742796534, -0.06872462390840564, 0.2392021133456217, -0.324322293472161, 0.5537901887417181, 0.2225753269023689, 0.04778349460917642], [-0.6006033958054737, -0.19802309968716766, -0.5588204191919125, -0.2733889496001155, -0.03966188915070294, 0.5794926816276867, -0.18291256995318586, 0.5808842933345515, 0.5244467477958662, 0.47285741898956624, 0.01041667760732299]], "inverted": false, "swapped": false, "error_lsq": 0.04911957191613234, "error_max": 0.2369275556523406, "target": "53.xyz", "model": "8.xyz", "model_rescale": 4.019505241142653, "target_rescale": 3.7719428487447892},
{"mapping": [6, 1, 10, 11, 9, 8, 2, 0, 5, 3, 12], "R": [[-0.07060655298926212, -0.21299704898361804, -0.9744983180073965], [0.9383601617702818, 0.3172113552879995, -0.13732138536586802], [0.33837098202627425, -0.9241261890026822, 0.17747074497492266]], "T": [-0.019209018992133887, 0.01497730789444815, 0.07440306574498348], "aligned_model": [[0.02319839038047068, 0.0734952518877987, -0.25705876941071487, -0.5372985787316729, -0.6255043118381005, -0.5274841495204096, 0.5456955708057892, 0.36651388261296913, 0.04493150633540531, 0.6432456910804908, -0.031095864873525805], [0.4927450987309502, -0.5601774249552584, -0.1490148918514144, 0.3596959884004013, -0.2977065415621476, -0.03446345399028507, 0.10316504043972212, -0.35750927531540166, 0.6437407158288528, 0.3886351794443569, 0.0495374570700599], [-0.47149196778839664, -0.26751542397407135, -0.7943395963052466, 0.0730751379929463, 0.029963335859763768, 0.5163860225847504, -0.07751102336600577, 0.44198661621627633, 0.3003837927890793, 0.47439601552429345, 0.08935458643304596]], "inverted": false, "swapped": false, "error_lsq": 0.045766941074838224, "error_max": 0.28964468627621726, "target": "53.xyz", "model": "9.xyz", "model_rescale": 3.877068213659057, "target_rescale": 3.7719428487447892},
{"mapping": [0, 3, 12, 11, 6, 9, 1, 4, 8, 7, 15], "R": [[0.37075819244303954, 0.7940695842170538, 0.4816553312875562], [0.3861510811206672, -0.6034674309958762, 0.6976491971446519], [0.8446453133035843, -0.07266742838846596, -0.5303713223447297]], "T": [-0.14180722850503855, -0.09344226254600621, 0.14090220152261174], "aligned_model": [[-0.0006096296481193086, 0.08454755232920641, -0.34047406549811127, -0.5196554384926183, -0.529817725482607, -0.42967115156874636, 0.6128358057017157, 0.4409184226406765, 0.0026956113257665393, 0.5269318348477907, -0.12906259742645315], [0.449191299064981, -0.6080134388681888, -0.06930759745548037, 0.46805216814530637, -0.49681157307304713, 0.26106547841534467, 0.23669817643194244, -0.39043977174221645, 0.6339516514115473, 0.18868691135791746, -0.03442541144827034], [-0.42423326146321577, -0.15361666106535776, -0.5789201526271228, -0.15339358637712136, -0.11802950508167376, 0.6174564243519813, -0.13191237227817593, 0.3150112902371883, 0.35383401931047037, 0.5143694206932888, 0.07412188026617383]], "inverted": true, "swapped": false, "error_lsq": 0.04390287837082939, "error_max": 0.25042828599850614, "target": "53.xyz", "model": "10.xyz", "model_rescale": 4.260839863003843, "target_rescale": 3.7719428487447892},
{"mapping": [3, 9, 2, 1, 8, 7, 5, 10, 0, 6, 11], "R": [[0.47868825552004035, -0.8491175522108629, 0.22328666900335373], [-0.08652141651457906, 0.20745776689265175, 0.974410241859262], [-0.8737113931450657, -0.48575781772746274, 0.025840743123250715]], "T": [-0.009373245853910861, -0.012283366689428511, -0.018975879429457998], "aligned_model": [[0.07409337948898578, 0.019279443582424532, -0.2948693643492904, -0.5901093057491072, -0.5568333583538179, -0.27578248159576624, 0.6186368638264218, 0.2830040238099684, -0.019186834077043552, 0.5109858692949654, -0.05057961714924054], [0.5437144679852919, -0.7794875040725406, -0.039385725804031095, 0.3973274298961987, -0.47396262587197946, 0.10583926401409222, 0.21032624397134383, -0.42559590472254794, 0.7445352686663941, 0.32988043765345443, 0.02545654052415984], [-0.4522573141848115, -0.23417368640599562, -0.6419642858993895, -0.15397686905243266, 0.033494054065670874, 0.5681176331470017, -0.13148883703280934, 0.35118904345048924, 0.42505510611025105, 0.5426340002319594, 0.008058651536502183]], "inverted": true, "swapped": false, "error_lsq": 0.0341414620378439, "error_max": 0.1726455956247793, "target": "53.xyz", "model": "11.xyz", "model_rescale": 3.890672605050136, "target_rescale": 3.7719428487447892},
{"mapping": [8, 9, 5, 7, 12, 4, 6, 11, 0, 1, 13], "R": [[0.46656792730038604, -0.12561978819413114, 0.8755192962057909], [-0.5445192619253377, 0.7392490930371846, 0.3962443082695142], [-0.6970029717346315, -0.6616120065852509, 0.2765075227463639]], "T": [0.04744861599459142, 0.03566072041367744, 0.10028014157336594], "aligned_model": [[0.058709095751139834, 0.16485232258498672, -0.2928715737835667, -0.7142333830221868, -0.58547906804181, -0.37990836918486565, 0.5786014664043687, 0.27807276085937166, 0.13443777553706854, 0.5962857785674902, -0.11982818694349655], [0.5879197571626972, -0.5753888140743924, -0.1335509844935433, 0.23045929169588755, -0.34151706331734605, 0.19640449570189006, 0.07293992319952117, -0.3892892659034425, 0.5685565611898841, 0.369871223957157, 0.052242767121523405], [-0.36240139443475067, -0.3673257310396191, -0.5783373863367302, -0.2296565482272922, -0.010497171018803528, 0.6318669075387722, -0.12004973493633032, 0.3629437607323972, 0.33933965038388997, 0.5388909014623383, 0.10991424184256357]], "inverted": true, "swapped": false, "error_lsq": 0.045604362526721974, "error_max": 0.2566311057080485, "target": "53.xyz", "model": "12.xyz", "model_rescale": 4.124412569039231, "target_rescale": 3.7719428487447892},
{"mapping": [1, 11, 2, 4, 10, 5, 6, 9, 0, 3, 12], "R": [[0.8586327173089818, -0.41506394846010936, 0.3007852646911049], [0.40809141445563407, 0.1984445732162386, -0.8911123098738032], [0.3101793903762694, 0.8878860681696321, 0.33977503695250655]], "T": [0.04058118506346707, 0.0723871355085019, 0.16532944121052062], "aligned_model": [[0.20101011610445496, -0.0960201609588225, -0.32650773936657673, -0.6331561179152136, -0.4665537437506415, -0.5285361802191643, 0.6551329546935845, 0.47011668430441056, -0.06399703778283401, 0.5543513886780356, -0.04720154505873224], [0.5271316072534418, -0.7276019533556919, -0.0769964479031299, 0.37473657751029116, -0.45010159333534266, 0.20546173193098366, 0.16460832436171172, -0.3794589831100801, 0.6163161530315724, 0.37427414087289745, 0.010278334983182612], [-0.49066928013822886, -0.410787206092463, -0.5997364253766735, -0.10474298841854562, 0.04520715141647995, 0.6471410801244868, -0.08252977196315053, 0.3066645464800465, 0.3384537104413885, 0.5573215197476884, 0.108365159745407]], "inverted": true, "swapped": false, "error_lsq": 0.04513176988072099, "error_max": 0.20483287320515384, "target": "53.xyz", "model": "13.xyz", "model_rescale": 3.9028299243045295, "target_rescale": 3.7719428487447892},
{"mapping": [7, 1, 9, 10, 12, 5, 3, 2, 4, 0, 15], "R": [[0.6148207986820045, 0.4618997812815091, 0.6392526711403843], [0.14994053157315113, 0.7273062584197061, -0.6697338601676704], [-0.7742823919601836, 0.507616192133015, 0.3779055159491523]], "T": [-0.08561429370636911, -0.04846629387108251, 0.06149877666870871], "aligned_model": [[-0.02072717328433557, 0.05126180602898872, -0.20519829738970374, -0.5108388570341718, -0.5362137005738199, -0.35128307612713017, 0.47269065622720885, 0.42190533894389026, 0.02378425352041802, 0.4652728624963415, -0.09201519407918604], [0.5878765150277578, -0.62178039365081, 0.003079095584968071, 0.5328090248700149, -0.5151654731083946, 0.12819737260413017, 0.2150090880602342, -0.4918584260160292, 0.5902130502284896, 0.22381422530435138, -0.01354618666487599], [-0.5799725375794351, -0.2119507288305756, -0.7026269952776055, -0.12995794589304796, 0.3132771307637481, 0.4618884376862703, -0.02548255025818371, 0.3581079626058411, 0.2602044061005832, 0.6179186444422952, -0.04671832779345426]], "inverted": true, "swapped": false, "error_lsq": 0.043696990641442446, "error_max": 0.23450803540072085, "target": "53.xyz", "model": "14.xyz", "model_rescale": 3.942246331269136, "target_rescale": 3.7719428487447892},
{"mapping": [7, 5, 2, 0, 1, 12, 6, 4, 8, 11, 14], "R": [[0.7006117385775881, 0.5519294014589957, 0.4522356991353117], [-0.7122193076281484, 0.579504902249603, 0.3961284212352842], [-0.04343788218790243, -0.599623218424531, 0.799102713246074]], "T": [0.12700820677724162, -0.06885621316235158, 0.09765703062831231], "aligned_model": [[0.10842386005689314, -0.14511754680299155, -0.2658573372490889, -0.4308661470414356, -0.6087321124393172, -0.480981766739391, 0.4737205521961878, 0.40969923716933765, 0.027763686013177358, 0.5954303167096299, 0.03515587685549851], [0.4935339859852229, -0.4803649718813664, -0.01497332691411124, 0.3195991561860151, -0.4084489344228919, -0.14011838999794374, 0.3356883677796179, -0.4095559995074498, 0.6938371888615611, 0.29616370201149944, -0.04671288586031702], [-0.5460442930372277, -0.30157682806235536, -0.5545708570964772, -0.18269295464736907, 0.09555890608587485, 0.6392714252105146, -0.07241242842592392, 0.48194001729681424, 0.18303985030119796, 0.4994681966124275, 0.07270646172895975]], "inverted": false, "swapped": false, "error_lsq": 0.04760755690922611, "error_max": 0.2327069400663775, "target": "53.xyz", "model": "15.xyz", "model_rescale": 4.355366556412066, "target_rescale": 3.7719428487447892},
{"mapping": [6, 1, 2, 4, 0, 5, 10, 9, 3, 7, 11], "R": [[0.6402935014137047, 0.736110996660539, 0.21946487792538927], [-0.5964792701915962, 0.6565043332770436, -0.46175160056048004], [-0.48398007425830947, 0.1647502988886282, 0.8594304083153148]], "T": [0.03237128246009294, 0.00420513889991863, -0.01097415277049675], "aligned_model": [[0.061699484434580815, 0.11888882621100696, -0.4212290767009893, -0.6136157493642656, -0.564971327275537, -0.27201620574611185, 0.6182723191614621, 0.30703767207223964, -0.0030235718680758916, 0.514806497353765, -0.02721024954957471], [0.6868542050287784, -0.4975597348240985, -0.2341814210251434, 0.3943198407803084, -0.36518396174532625, 0.009422302916936014, 0.13571539645212957, -0.48761081201623246, 0.589458104229714, 0.30295443005331096, 0.10445954238945965], [-0.4683865182372047, -0.1989741249110188, -0.6728985925376303, -0.1685844482091921, 0.09221284982754839, 0.5574279233517982, -0.20244432261452566, 0.47134000840858664, 0.2843954118411608, 0.6807383917489723, -0.06013908270205938]], "inverted": false, "swapped": false, "error_lsq": 0.04320647633398773, "error_max": 0.22840936158634262, "target": "53.xyz", "model": "16.xyz", "model_rescale": 3.795458400668931, "target_rescale": 3.7719428487447892},
{"mapping": [9, 4, 10, 5, 2, 0, 8, 7, 6, 3, 12], "R": [[-0.22322229175791164, -0.622890784918948, 0.7497858884544327], [-0.9746586144142033, 0.13112616058917714, -0.18123607631298738], [0.014573737013252264, -0.7712412074521164, -0.6363761514366093]], "T": [0.020414340100640912, -0.028784712903844704, 0.050712833780691344], "aligned_model": [[0.0006274022000451428, -0.05067889948660621, -0.34838655399602797, -0.499057624195102, -0.6072815569826846, -0.19439354728259464, 0.5837947793370926, 0.4541172921705832, 0.02242353230823854, 0.42658838020162465, -0.069114585546068], [0.5801732106259477, -0.6518429230110814, -0.11779186005238929, 0.5112610188032202, -0.3404750491098201, -0.046566823505209166, 0.3259873236108901, -0.3949958972629841, 0.6111372297607831, 0.2653541070219394, -0.10359244464146011], [-0.6025287781007131, -0.0984180030278999, -0.5777513985524633, -0.1519595373026198, -0.05124225251485147, 0.6025749139500222, -0.06939568010431331, 0.3809639463632984, 0.2695089065762976, 0.6838691655271433, -0.07093378684746461]], "inverted": false, "swapped": false, "error_lsq": 0.04960411956568925, "error_max": 0.23737699389734684, "target": "53.xyz", "model": "17.xyz", "model_rescale": 3.7474275329858107, "target_rescale": 3.7719428487447892},
{"mapping": [12, 3, 11, 7, 1, 2, 5, 8, 9, 4, 13], "R": [[0.452813578562948, 0.7932364493196542, -0.407106618147832], [-0.3024576180997337, -0.2928651549319362, -0.907055340252252], [-0.8387367002358086, 0.5338594726118858, 0.10730708820999049]], "T": [-0.029659970339456082, 0.020898847360394865, 0.04889794134769066], "aligned_model": [[0.07977109451658412, -0.0011652346211877274, -0.31679656310230675, -0.6092858403652718, -0.5674079287421175, -0.5236428898503841, 0.6120100080083452, 0.5128668191656981, 0.04063745467302224, 0.5603761154418833, -0.06872441639576458], [0.5960472774047021, -0.6194898650405256, -0.17446510085631106, 0.3957589279969328, -0.4126325200195374, 0.129473265035561, 0.3174821773613737, -0.4248397788058766, 0.6562863866979043, 0.15897044386944237, 0.016056678596170628], [-0.4163611786870931, -0.17399110812552032, -0.5844441199744479, -0.25265313687668195, 0.08626241031397369, 0.546919220880645, -0.10445754085935771, 0.2032877435735334, 0.2465469047836646, 0.6163655384260477, 0.14721276251167217]], "inverted": true, "swapped": false, "error_lsq": 0.044717551522789, "error_max": 0.2712688393292654, "target": "53.xyz", "model": "18.xyz", "model_rescale": 3.922800546911778, "target_rescale": 3.7719428487447892},
{"mapping": [5, 9, 3, 12, 7, 13, 1, 10, 8, 6, 14], "R": [[-0.0393146201750913, 0.48710483665911264, 0.8724581587352986], [0.9639322378949433, 0.24849917345334344, -0.09530373308455353], [-0.26322804065550265, 0.8372437153519307, -0.4793057059084116]], "T": [0.03319478084285396, 0.07506902456047068, 0.059838019969865694], "aligned_model": [[-0.04032893425364756, 0.03208585252919521, -0.2483693496551019, -0.6509088056769932, -0.6247466343253081, -0.47380014208826826, 0.6991922641033562, 0.44348837739737235, 0.04746784881080182, 0.571278659661517, -0.036720517774423256], [0.6727295128374867, -0.7112595703529466, -0.10757413276095837, 0.3575850390134113, -0.36453393000421563, 0.13909934324526826, 0.30422147804902394, -0.5097051422052966, 0.6257124870851078, 0.22004211158385725, 0.012330695749098092], [-0.40912884906951796, -0.15094456236195314, -0.4846914659954905, -0.20624660764853148, -0.05004080238990437, 0.5188260516562856, -0.1680205530237769, 0.4344030821060274, 0.32625632026336987, 0.46630611872730027, 0.037968763702626585]], "inverted": true, "swapped": false, "error_lsq": 0.04286204235738938, "error_max": 0.17695923502059063, "target": "53.xyz", "model": "19.xyz", "model_rescale": 3.9282355846067225, "target_rescale": 3.7719428487447892},
{"mapping": [11, 6, 4, 0, 5, 2, 9, 7, 10, 12, 13], "R": [[0.3613163481608226, 0.7074805224771029, 0.6073893371366121], [-0.3083871587982836, -0.5240705228567916, 0.7938812552018921], [0.8799703727058372, -0.4741533479668102, 0.02882266073449019]], "T": [-0.01686776396233401, -0.06635185481739583, -0.06180301237487906], "aligned_model": [[0.04404273829526108, -0.06087570944463515, -0.13873973356492128, -0.5460388140452488, -0.48394625932278945, -0.376977993102667, 0.5926474449652938, 0.2520794184718176, -0.05717345823481594, 0.6311987270011853, -0.13757774228998007], [0.5670911349645071, -0.7050576626631386, 0.027529275331938288, 0.45691117246810076, -0.5211877469241908, 0.008028425079258786, 0.24508174705476102, -0.3457762938640355, 0.652465036509777, 0.22395273885498343, 0.029610065427874838], [-0.39104921316821567, -0.19204219931801117, -0.6747478723475213, -0.3556920938784318, 0.1885010880146693, 0.6754245014842214, -0.1614280441120386, 0.4257287017769541, 0.41139047526354783, 0.40566614323916916, -0.01706399098790745]], "inverted": false, "swapped": false, "error_lsq": 0.03971833349425081, "error_max": 0.17693122047519838, "target": "53.xyz", "model": "20.xyz", "model_rescale": 4.067790424073018, "target_rescale": 3.7719428487447892},
{"mapping": [13, 2, 6, 11, 3, 12, 8, 0, 9, 7, 14], "R": [[-0.3641991384168769, 0.71321822604663, -0.598897945906732], [0.19626689656816226, 0.6873982255734365, 0.6992588825249153], [0.9104055650576325, 0.1371256413417608, -0.3903309693051577]], "T": [0.06469263804476544, 0.11840489346966557, -0.09000784356061743], "aligned_model": [[-0.11798241675950719, 0.08123340471191887, -0.2426520629344464, -0.5632389104181881, -0.5652643576204684, -0.43581698078726616, 0.6340563082492239, 0.27039241502060535, 0.05855888155606884, 0.5694372501206962, 0.02991508758986343], [0.7022729702631758, -0.6193709723246819, -0.2016721047654851, 0.2615755080893132, -0.42791812412991004, 0.1913371362855951, 0.0874723389657806, -0.3742568381366953, 0.6093119853756465, 0.22863563004414741, 0.18126036257294992], [-0.4303773462057595, -0.1855855942581312, -0.6821622598036662, -0.14689720577797605, 0.07860520665835692, 0.4854787994747707, -0.08400077703640461, 0.37842576911429593, 0.512505644766939, 0.44827276959886786, -0.05957751056485708]], "inverted": false, "swapped": false, "error_lsq": 0.046722325179060414, "error_max": 0.21910595518691361, "target": "53.xyz", "model": "21.xyz", "model_rescale": 4.186013935880536, "target_rescale": 3.7719428487447892},
{"mapping": [10, 1, 7, 4, 0, 5, 9, 2, 11, 8, 12], "R": [[-0.07028292954204238, 0.9899917316121885, -0.12237925132345492], [0.13937525335207712, 0.13122503714437422, 0.9815062548855724], [0.9877422986629827, 0.05192649579895248, -0.1472032284496802]], "T": [-0.09785576024518412, 0.07840387459939029, 0.05815836564359742], "aligned_model": [[0.0811844578370051, 0.082615286937834, -0.28954089404866984, -0.4810505366910202, -0.404112716942446, -0.3496224016802005, 0.46720953463925335, 0.20481295266606564, -0.0021008245435974876, 0.5400096449138307, -0.13076588435955444], [0.5226785639868682, -0.5388477974356761, -0.04041505714468527, 0.6045598708482932, -0.5730246656834551, -0.10223878283804137, 0.16903743848291036, -0.36277558261238874, 0.6415149627054465, 0.20970188634471582, 0.10845705558584867], [-0.6251161277458512, -0.29048731471244227, -0.640026861082656, -0.2642354613512999, 0.11845740697813437, 0.7670452146465472, -0.1825437944075075, 0.571433671521407, 0.3277930693682065, 0.46257978905816666, 0.06978790369373108]], "inverted": false, "swapped": false, "error_lsq": 0.04750171509196392, "error_max": 0.25320283363784296, "target": "53.xyz", "model": "22.xyz", "model_rescale": 4.166573947596378, "target_rescale": 3.7719428487447892},
{"mapping": [8, 2, 4, 0, 1, 5, 9, 12, 10, 14, 15], "R": [[-0.8046010588885724, 0.2739473621018315, -0.5268491044244417], [0.5885169602209783, 0.24961678048288305, -0.7689858584093856], [-0.07915127015814433, -0.9287864693775465, -0.36206459469760954]], "T": [0.09451607557765988, -0.0013619877899025412, 0.027540022125236104], "aligned_model": [[0.022317208965808077, -0.09379236556750027, -0.2752310568030775, -0.657820379309216, -0.5436203152996162, -0.5389378001795039, 0.602319835451768, 0.4766843546236911, 0.12434091872942447, 0.5712567710838544, 0.031121447032867802], [0.555043774772012, -0.5935293375021946, -0.04160366289425055, 0.21639034805440027, -0.31896694778110546, 0.08751417802378866, 0.2611367210674405, -0.3744864015202404, 0.637344958533103, 0.23289544369965448, -0.02309118221277183], [-0.5549366651928439, -0.2306982401777996, -0.6061169663516616, -0.20339187632236339, 0.024694517907664533, 0.5584818227397954, -0.15597819383176625, 0.40715421258523915, 0.4175466227793691, 0.6139012830049358, 0.044030978825866374]], "inverted": true, "swapped": false, "error_lsq": 0.04258865059246485, "error_max": 0.23534854372921807, "target": "53.xyz", "model": "23.xyz", "model_rescale": 4.274766983524099, "target_rescale": 3.7719428487447892},
{"mapping": [5, 9, 7, 6, 8, 0, 4, 1, 3, 2, 10], "R": [[0.6055291690352322, -0.7904337484305786, 0.09246034171192505], [0.7596976694105457, 0.6087345923947967, 0.22869553365583276], [-0.23705247634160373, -0.06823991034523327, 0.9690972284019741]], "T": [-0.12231535250994899, 0.07379178964842938, 0.0697311116713718], "aligned_model": [[0.07946724891940721, 0.19292738747823243, -0.19632941197612758, -0.6597765885315392, -0.6550429772590545, -0.40835629027437126, 0.5275437809820653, 0.24804404250566, 0.002384669068269729, 0.7033933981889793, -0.11561664037302127], [0.58304935402914, -0.6461163348046577, -0.09782674267823478, 0.4505209535550126, -0.4109997302612561, 0.06748825610861921, 0.15212887825483207, -0.35424657453641695, 0.592400469146085, 0.3006485998172183, 0.0016007636094944183], [-0.5353981831853049, -0.2619611602802968, -0.5353320873790882, -0.08591468156795537, -0.09210086216936803, 0.7511342152363688, -0.17363489679365396, 0.3931510520174216, 0.24723949445936633, 0.51155977469471, 0.095944830934236]], "inverted": true, "swapped": false, "error_lsq": 0.04019485634606217, "error_max": 0.2059717623494251, "target": "53.xyz", "model": "24.xyz", "model_rescale": 3.7841303162186577, "target_rescale": 3.7719428487447892},
{"mapping": [13, 7, 11, 3, 6, 4, 9, 8, 5, 2, 15], "R": [[0.8057710694404943, -0.4972361935855422, 0.32169729784579076], [0.42392869124477855, 0.10496625097415993, -0.899592435993055], [0.41354255934814194, 0.8612422736634512, 0.2953714570888625]], "T": [0.13734468318848744, -0.0918251995098292, -0.029364957044876724], "aligned_model": [[-0.06192181885296702, -0.04150582320874083, -0.3041413809129865, -0.5093960838048529, -0.5726756128092844, -0.3011723643673765, 0.6632896431599848, 0.4348459962002581, -0.06732251495248603, 0.4106214791595544, 0.06801709911739696], [0.4577778863889324, -0.6323914820416938, -0.116519674040584, 0.3885129712240914, -0.21950829631826685, 0.057277353477724224, 0.16413363564644, -0.3061535106829162, 0.6486002354124505, 0.287589007502295, -0.09067023432863659], [-0.5492008026786327, -0.3433811200865178, -0.6569857082111565, -0.031238370509080557, 0.01056821592788608, 0.5555927940396244, -0.03213665546813457, 0.43433120147363835, 0.39397918047087965, 0.5623762703749902, -0.029217509367061453]], "inverted": true, "swapped": false, "error_lsq": 0.04734662431813586, "error_max": 0.24206592575678443, "target": "53.xyz", "model": "25.xyz", "model_rescale": 4.19342608120988, "target_rescale": 3.7719428487447892},
{"mapping": [6, 1, 2, 4, 0, 5, 10, 9, 3, 7, 11], "R": [[0.6402935014137047, 0.736110996660539, 0.21946487792538927], [-0.5964792701915962, 0.6565043332770436, -0.46175160056048004], [-0.48398007425830947, 0.1647502988886282, 0.8594304083153148]], "T": [0.03237128246009294, 0.00420513889991863, -0.01097415277049675], "aligned_model": [[0.061699484434580815, 0.11888882621100696, -0.4212290767009893, -0.6136157493642656, -0.564971327275537, -0.27201620574611185, 0.6182723191614621, 0.30703767207223964, -0.0030235718680758916, 0.514806497353765, -0.02721024954957471], [0.6868542050287784, -0.4975597348240985, -0.2341814210251434, 0.3943198407803084, -0.36518396174532625, 0.009422302916936014, 0.13571539645212957, -0.48761081201623246, 0.589458104229714, 0.30295443005331096, 0.10445954238945965], [-0.4683865182372047, -0.1989741249110188, -0.6728985925376303, -0.1685844482091921, 0.09221284982754839, 0.5574279233517982, -0.20244432261452566, 0.47134000840858664, 0.2843954118411608, 0.6807383917489723, -0.06013908270205938]], "inverted": false, "swapped": false, "error_lsq": 0.04320647633398773, "error_max": 0.22840936158634262, "target": "53.xyz", "model": "26.xyz", "model_rescale": 3.795458400668931, "target_rescale": 3.7719428487447892},
{"mapping": [7, 8, 6, 0, 1, 9, 10, 11, 3, 4, 12], "R": [[0.6779024415637925, -0.7335580796039236, -0.04838205834452464], [0.32072540428537966, 0.2358890156965785, 0.917328505672684], [-0.6615009408669263, -0.6373765889342843, 0.3951804513265653]], "T": [-0.08236438676624246, -0.036672211574781004, 0.10661351389768232], "aligned_model": [[0.13487504859132204, 0.008648055781657518, -0.3646056884329644, -0.6461396333848235, -0.5840611115901755, -0.22088547330850566, 0.5639333270052422, 0.4602661373149668, -0.11101000911882067, 0.5345412583058813, -0.0569232924352802], [0.5659792067834094, -0.6769144269017082, -0.2666248540845851, 0.5312141230548151, -0.3337239852643264, -0.00186224687229352, 0.22175660495239136, -0.40683647161974706, 0.6845798093215714, 0.2552746318305176, 0.06580550103979194], [-0.3932128502587156, -0.22888365616624845, -0.6340946536771722, -0.11907603910385757, 0.004565434052625203, 0.511551120271764, -0.04570273760342654, 0.3896420047851713, 0.2616990049044761, 0.5893739600202023, -0.021174091258382613]], "inverted": true, "swapped": false, "error_lsq": 0.044439747021928704, "error_max": 0.21661372268419926, "target": "53.xyz", "model": "27.xyz", "model_rescale": 3.6321398670334006, "target_rescale": 3.7719428487447892},
{"mapping": [10, 3, 0, 11, 1, 6, 8, 7, 9, 12, 14], "R": [[-0.3343948972093585, -0.7578833150738553, -0.5601722355249378], [-0.12839622339624018, -0.5522108905393677, 0.8237581818636471], [-0.9336457907246869, 0.3473845320424934, 0.08734714854929443]], "T": [-0.10857906614282667, 0.02228225184848278, 0.018606589321535968], "aligned_model": [[0.10326683186698221, 0.07330019156153844, -0.14850805885767748, -0.5393607356259452, -0.5638132144892897, -0.23538094711314692, 0.39624863488965234, 0.4457598178558123, -0.13827377672901334, 0.4940615667329664, -0.16866169136337889], [0.5874846536459665, -0.5739798179073823, -0.016163294759381816, 0.417642323891013, -0.4587190153104301, 0.17683631824489648, 0.06353859819014102, -0.4424009828421181, 0.6587846817411044, 0.2120253946649762, 0.013599032681050807], [-0.47163742491563937, -0.2694065349447275, -0.6029554025237236, -0.2471816780842614, 0.1117024931900489, 0.7695671479952176, -0.08374829307965831, 0.29729149578128705, 0.2199894141210212, 0.5518340625645536, 0.0392322158623169]], "inverted": true, "swapped": false, "error_lsq": 0.044679456201482275, "error_max": 0.2419967902723427, "target": "53.xyz", "model": "28.xyz", "model_rescale": 4.156811204709835, "target_rescale": 3.7719428487447892},
{"mapping": [9, 6, 7, 1, 0, 8, 5, 3, 4, 10], "R": [[0.1127265752648271, -0.7828410149911975, -0.611925374924602], [-0.7534833513934884, -0.4688130614161129, 0.4609524407338447], [-0.6477310849433583, 0.40911399229701656, -0.6427053624367052]], "T": [-0.018283225748059656, -0.02050760911591257, 0.0031626244347031894], "aligned_model": [[-0.49024509491258605, -0.053960992940330285, 0.08236798099188866, 0.6597659198171447, -0.13314559227015074, -0.7369950757985608, -0.495901240197378, -0.28359096102132364, 0.1829669869946141, -0.08833655655273004], [-0.36207464701951214, -0.609777017894624, 0.09382788735100975, 0.10204888180780086, -0.5548726889042649, -0.12845558691264414, 0.5384412947924347, 0.09627799288806947, 0.6931354452733244, 0.05016876924460989], [-0.6280002368528672, -0.22308070911499686, -0.6885113711951634, -0.08138105274228866, 0.575006418980128, 0.026638306969211985, -0.13121535065793752, 0.6650909163915663, 0.1543894613231586, 0.08985034387428839]], "inverted": false, "swapped": true, "error_lsq": 0.066945396869782, "error_max": 0.3152664565156849, "target": "53.xyz", "model": "29.xyz", "model_rescale": 4.117894457231895, "target_rescale": 3.7719428487447892},
{"mapping": [11, 0, 3, 12, 4, 7, 9, 8, 10, 6, 14], "R": [[0.9204058776141226, 0.23983331319880818, -0.30876042870397025], [-0.04917672481718083, -0.7124495851012662, -0.6999980274438556], [-0.3878590854803229, 0.6594661254144266, -0.6439485687857779]], "T": [0.00866841070629194, 0.02330471550701823, 0.0015880388982034178], "aligned_model": [[0.049204289891860625, 0.08920165305093132, -0.20880016639925886, -0.5887050559904206, -0.6854988397952765, -0.27138572346809436, 0.5158536023060906, 0.3241218037898709, 0.017669189838103016, 0.4789215835907326, -0.0019437180860382604], [0.5861878416790608, -0.6519263218658936, -0.19163292142744237, 0.36564232550865483, -0.3023299783324831, 0.06221292899871161, 0.3652290782849424, -0.42226011903815325, 0.5956763048234328, 0.17652820812735215, 0.05532054548165398], [-0.45340982821581083, -0.36153713823552597, -0.45257650315955494, -0.33564752406411474, 0.1093932644480668, 0.5907055939827727, -0.12361149852565542, 0.45297570118632646, 0.43359581013799825, 0.41045715969471297, 0.04434245871722048]], "inverted": true, "swapped": false, "error_lsq": 0.04155587177208362, "error_max": 0.2073329643938658, "target": "53.xyz", "model": "30.xyz", "model_rescale": 4.100398675895297, "target_rescale": 3.7719428487447892},
