[{"mapping": [1, 5, 11, 6, 0, 2, 3, 12, 9, 10, 8, 4, 13], "R": [[0.8398356858423981, 0.5035926119977137, 0.20265858463669642], [-0.4978209286740438, 0.8633591784876176, -0.08237264045360236], [-0.2164494023085797, -0.03170820181760711, 0.975778789571567]], "T": [-0.12538622495729457, -0.08961399048595045, -0.07135480278768475], "aligned_model": [[-0.16030208760438275, -0.16939812984042435, 0.38757117381392603, -0.6664834397834846, -0.29061781161271877, -0.703283163843932, -0.6382338940742251, 0.30531727384673835, 0.1906526452502425, 0.8505245138755148, -0.012315102676330139, -0.47042684823425235, -0.03450512506853137], [-0.5282527026282673, 0.2749025962683824, 0.35949027260562394, 0.4494634735806067, -0.7919413335050887, -0.25394853232634385, -0.10692922696958693, -0.4759913555860954, -0.3306633743592698, -0.014021099525826586, 0.6601240061526895, 0.45797758790577636, -0.006471737209770859], [-0.44474612053451057, -0.7328620745928605, -0.22049201733226975, -0.03736103820411804, 0.20222747112573114, 0.40852802852977926, -0.1707920023891385, -0.08943340422251665, 0.5440782145395164, 0.1680462609290755, 0.11755520045486906, 0.6318483386829619, 0.03526533442179114]], "inverted": false, "swapped": false, "error_lsq": 0.044694667598146505, "error_max": 0.2560607935905209, "target": "530.xyz", "model": "0.xyz", "model_rescale": 3.8414455957264533, "target_rescale": 4.188548223135549},
{"mapping": [2, 7, 9, 0, 3, 1, 4, 6, 10, 8, 13, 11, 14], "R": [[-0.9452444391785245, -0.2160669822705636, -0.24459764793343522], [0.32180211545352033, -0.7419093518850209, -0.5882294722939235], [-0.05437231548974128, -0.6347326781866839, 0.7708165012181848]], "T": [-0.06664491207500944, -0.046081198320772745, 0.020484834681158717], "aligned_model": [[-0.05040089352577612, -0.22020047955056515, 0.3304123512283782, -0.6359900714385875, -0.5895176860265773, -0.7462367101291372, -0.5066929354980072, 0.5101496050912424, 0.22861939411260013, 0.6260644238013879, 0.0835423082482718, -0.3315979733985617, -0.10965132886652827], [-0.49149848244745425, 0.23466745001070188, 0.3007088311602026, 0.3866016113674357, -0.5917419704857529, -0.15641877857473935, -0.22872005878940527, -0.5168585200684013, -0.4564065025861882, 0.21064932591530688, 0.6878321747475312, 0.39223130552329144, -0.07730781136969901], [-0.5676854658959903, -0.5367905786401467, -0.4126339539947079, -0.09846492453148659, 0.22599703874837782, 0.5443917897504715, -0.24184705163162443, -0.21553205471178916, 0.48182357636825557, 0.30074473444514427, 0.13736922338384486, 0.7016216978732775, 0.09286816024468376]], "inverted": true, "swapped": false, "error_lsq": 0.04900402338446157, "error_max": 0.3058756989458544, "target": "530.xyz", "model": "1.xyz", "model_rescale": 4.316132596720782, "target_rescale": 4.188548223135549},
{"mapping": [1, 3, 6, 7, 0, 2, 4, 9, 5, 10, 8, 12], "R": [[-0.5850692090666216, 0.38595451413619597, 0.7132553074601347], [0.5783109414852675, -0.41802677968243895, 0.7005783799310065], [0.5685512075095627, 0.8223701870120433, 0.021372878916878946]], "T": [-0.05020833726580404, 0.039475307024083285, 0.054518869938253105], "aligned_model": [[-0.24320138146198889, 0.5408200937316732, 0.03989342549920266, -0.5183926105064762, -0.5512749982588869, -0.456402316128685, -0.026929653687276886, -0.1886916293066775, 0.6250883972560068, 0.20061208521555385, 0.21851677218877313, -0.042229629909437585], [-0.6360645859316251, -0.4927368865592121, -0.3680915509475897, 0.4027164401150247, -0.3148387559788839, -0.13997880435278545, 0.24577920681468415, 0.7260233354082066, 0.06992160872754008, -0.05087063276061434, 0.5342582115825348, 0.036658841623700755], [0.10006138705730838, -0.08704147559372724, -0.4650509340777343, -0.05711623222191655, -0.5091438840641168, 0.5013248630786173, -0.6829990189103395, 0.5047868960967862, -0.537452148501906, 0.7223403427324826, -0.07629400533695951, 0.03584267095092611]], "inverted": false, "swapped": true, "error_lsq": 0.04460377265261733, "error_max": 0.28234012020815813, "target": "530.xyz", "model": "2.xyz", "model_rescale": 3.795458400668931, "target_rescale": 4.188548223135549},
{"mapping": [9, 8, 7, 6, 10, 1, 4, 11, 5, 3, 2, 12], "R": [[-0.6847837299149193, 0.6327328127570403, 0.36155280513968535], [0.12161374300437677, 0.5883936604323069, -0.7993766308039889], [-0.7185272025165619, -0.5034303209220077, -0.47987141113019866]], "T": [-0.059553332681372896, 0.07774840025597436, 0.03645285511917475], "aligned_model": [[-0.401676179735348, -0.036600891034691475, -0.6456049594329171, 0.11567249539597449, 0.2963100661194648, 0.04763815339513013, -0.22486860691019048, 0.6607923175214573, 0.45553371162649464, 0.6710754890732787, -0.2911729787911925, -0.053794791483895446], [-0.12864006964155422, -0.46766181424177605, -0.05537198163209457, 0.061800877898900805, 0.398227325151073, 0.6790651403689227, -0.4789259775210219, -0.21367290881584122, -0.5416290011321173, 0.14859304472358426, 0.6174782296027124, 0.06650618052892157], [-0.6940420934262244, -0.15364238095057547, -0.012796360318659245, 0.6792774333057539, -0.49993626929178736, 0.38659960481265326, 0.536273152609072, -0.22249557524741023, 0.4344972182902128, 0.37374548451519884, -0.19131231541831178, 0.052603531759177855]], "inverted": false, "swapped": true, "error_lsq": 0.052240566371410925, "error_max": 0.30864622023616534, "target": "530.xyz", "model": "3.xyz", "model_rescale": 3.7530521520055578, "target_rescale": 4.188548223135549},
{"mapping": [4, 3, 6, 1, 0, 10, 7, 8, 9, 2, 12], "R": [[-0.03278999589639242, 0.1551762020272958, -0.9873424747743302], [0.2620543142217646, 0.9546475881716823, 0.14133477560654023], [0.9644959059357772, -0.2541029884168509, -0.07196748370445137]], "T": [-0.11690530724621329, 0.010793679695288418, 0.023857890073013026], "aligned_model": [[-0.3562588252641918, -0.08607375269365505, 0.09719927014663596, 0.5316555123673069, 0.42159525703274126, -0.14495958765712902, -0.115736623629849, -0.6801181027050027, -0.5232148803052461, 0.31546128498904763, -0.12134994983545318], [-0.7036059973105114, 0.14390334613535974, -0.3870961482947222, 0.09281690459617137, -0.6230960529874562, 0.7292601370812924, -0.29567788395743727, -0.10036550576716025, 0.2870265938745536, 0.327806450526528, -0.0037684855822715524], [-0.11534996694687885, -0.772342454449207, -0.4660653358889576, -0.23751471137434188, -0.026370620960161746, 0.015043149226455103, 0.5431620835514182, 0.09146186888536773, 0.6960743885301124, 0.35460697186982604, 0.01012540480168419]], "inverted": false, "swapped": true, "error_lsq": 0.05425584100592524, "error_max": 0.2772894266660708, "target": "530.xyz", "model": "4.xyz", "model_rescale": 3.7855080009869324, "target_rescale": 4.188548223135549},
{"mapping": [6, 11, 13, 0, 7, 5, 4, 8, 10, 15, 14, 3, 16], "R": [[0.7746040929392479, 0.3291740219665228, 0.5400305199376684], [0.40048396933430086, -0.916164107956432, -0.015997424750202077], [0.4894906429218112, 0.2286652368742978, -0.8414933867459764]], "T": [-0.10334486865532366, 0.10325119741030409, 0.01683278661991985], "aligned_model": [[-0.15002911680902858, -0.11739222891294077, 0.42320863528449193, -0.8606594092018266, -0.3271587368578133, -0.6568926512537234, -0.7173806062831529, 0.42538926688484124, 0.08660625440346023, 0.6707607231944434, 0.2637836267526693, -0.3702677787670444, -0.08146797438623582], [-0.3233221655232046, 0.2017696561025317, 0.09236458461121258, 0.24358523838784807, -0.6089257217761516, -0.231096118407075, -0.21343469081817423, -0.3605420321860542, -0.3096044005373931, 0.08760547905914609, 0.6618676893284244, 0.3064022981654892, 0.14706875799622973], [-0.47503387730119095, -0.7721748263135932, -0.4806514121501152, 0.14034362395926273, 0.0807143962915294, 0.5035564961363271, -0.24711975642169456, -0.00858232815052035, 0.5864230781156938, 0.29938163345892943, 0.12105217708745829, 0.6250255157105323, 0.03892747098569085]], "inverted": false, "swapped": false, "error_lsq": 0.042553130306932405, "error_max": 0.24800168241088769, "target": "530.xyz", "model": "5.xyz", "model_rescale": 4.2253639853439635, "target_rescale": 4.188548223135549},
{"mapping": [11, 6, 7, 2, 8, 10, 5, 9, 1, 0, 3, 4, 13], "R": [[0.9361054155184514, 0.09455629400804597, -0.33877095256307277], [0.1109404770796662, -0.9933955532266602, 0.029282851207391113], [-0.3337646799503563, -0.06499524669514009, -0.9404130774955622]], "T": [-0.07586888415967283, -0.08047594023821208, 0.016284484844477806], "aligned_model": [[-0.2000845105046746, -0.20782584177178196, 0.43252891701371143, -0.6117012385066178, -0.2705005025966361, -0.7188754525671126, -0.6544841926421916, 0.34029269018625286, 0.010499090053759569, 0.6647618616690882, 0.024649439650327468, -0.1479816464587298, -0.0727786094772548], [-0.37403498817859177, 0.2868766809151152, 0.3703761843589138, 0.32057121572227687, -0.7873990001102551, -0.2509345500482323, -0.19855497547120465, -0.5112356232227807, -0.24889455407903277, 0.11258596259062059, 0.6168698192235218, 0.37739404491339584, -0.019881642210917684], [-0.6936080086763688, -0.49494675558654794, -0.3931727821996393, 0.06336397898200882, 0.10707653363977358, 0.42371409804860277, -0.21175703040836, 0.13397928948061136, 0.7254258850605919, 0.2555664301220999, -0.06504466760104721, 0.5511359954690547, 0.01012922507753014]], "inverted": false, "swapped": false, "error_lsq": 0.044544112571731964, "error_max": 0.2584967798181573, "target": "530.xyz", "model": "6.xyz", "model_rescale": 3.89814844738969, "target_rescale": 4.188548223135549},
{"mapping": [11, 4, 7, 2, 9, 5, 10, 8, 6, 3, 0, 1, 12], "R": [[0.28629909726765757, 0.9410242252493041, -0.18029485405210954], [-0.6694320705127689, 0.33108244618734717, 0.6650151252382084], [0.6854878043209172, -0.06969807257413613, 0.7247404009759211]], "T": [-0.052045896836766505, 0.02448228380576806, -0.040550875098053975], "aligned_model": [[-0.001416454812997285, -0.2749920902800966, 0.4438953691008726, -0.6451431774851533, -0.3891158117089781, -0.516538625527845, -0.7339738620951243, 0.36108684559048354, 0.16100239913563674, 0.687302663289476, 0.11198714851339067, -0.41022565567175107, -0.20536874399977392], [-0.5049331110440958, 0.31172673962840713, 0.27087634004799727, 0.4109700784250117, -0.7667697467717725, -0.19622141853289732, -0.1939343151818735, -0.5112232540590212, -0.1939913122217735, 0.11159228796883124, 0.5094672300605885, 0.4228291291929123, 0.02334992689051528], [-0.6508756808526085, -0.5727927428729963, -0.3935479138032377, -0.06081524823932114, 0.20079944213723167, 0.5409239608079807, -0.20232881715875073, -0.04581263813624562, 0.5629850082177836, 0.27275008322137756, 0.2575986669235148, 0.6135314310109429, -0.11055335984736128]], "inverted": true, "swapped": false, "error_lsq": 0.04393249376303426, "error_max": 0.23320986142574285, "target": "530.xyz", "model": "7.xyz", "model_rescale": 3.7474275329858107, "target_rescale": 4.188548223135549},
{"mapping": [10, 11, 12, 9, 6, 5, 7, 0, 3, 1, 4, 8, 14], "R": [[0.2938342287701527, 0.4932260256550155, -0.8187731881416294], [0.9311244700136653, 0.045896901268007106, 0.3618020118735745], [0.21602932056741972, -0.8686895659961349, -0.4457687411479479]], "T": [0.0035977458385182265, 0.06977333933122509, 0.0008888714986704516], "aligned_model": [[-0.08176563402225674, -0.3288456877106626, 0.293679763595037, -0.7114754350040527, -0.2727697763853314, -0.5751008443331799, -0.570614865324487, 0.311071182570357, -0.053044654256107396, 0.7312563285893339, 0.0805803759373933, -0.27631470708397243, 0.04184395747606892], [-0.4433785851721881, 0.22891338216211587, 0.21796108977455167, 0.32647733842889887, -0.6856886845076648, -0.15702732770529346, -0.22709422466531004, -0.5057292297161917, -0.2988475037060309, -0.03495323905797351, 0.769998519616322, 0.39044779495488735, 0.11265924399670554], [-0.5510636223315966, -0.4997464906639325, -0.523072417522006, -0.054912947247210075, 0.1417299933162819, 0.3568254714528856, -0.2136505387553523, 0.092922106534155, 0.6132979256239629, 0.1569246070781144, 0.3414534283792848, 0.5338309209429857, 0.017323754600737207]], "inverted": false, "swapped": false, "error_lsq": 0.04620401306778084, "error_max": 0.24944499030099204, "target": "530.xyz", "model": "8.xyz", "model_rescale": 4.019505241142653, "target_rescale": 4.188548223135549},
{"mapping": [3, 5, 6, 8, 0, 7, 4, 2, 1, 10, 11, 9, 12], "R": [[0.20596320086782793, -0.8872471745167572, 0.41276096133271867], [-0.4383042898813895, -0.46077106808071566, -0.7717378909262703], [0.8749105722071544, -0.021965293801535557, -0.4837861268250285]], "T": [-0.033977082839619296, -0.011629862532531343, 0.04820448076676177], "aligned_model": [[-0.21408758749044382, -0.1458754406512333, 0.5705194698237737, -0.582495709377001, -0.3540049771538307, -0.8218228975625514, -0.7536609950721302, 0.2537547593724333, 0.23304895113048668, 0.7245751769900234, -0.10078198037907028, -0.17459380265309032, -0.04607496292922626], [-0.48286872711697093, 0.1839631874684831, 0.24342244231283722, 0.3517978334068732, -0.571336475996717, -0.251895561150561, -0.2729210172781102, -0.44822959772664606, -0.3049294909826051, 0.2460060768575228, 0.6007011574021124, 0.38768286443146754, 0.012345882775143358], [-0.6474642236905831, -0.5840508754401448, -0.2641960275203349, 0.2004692421261191, 0.13161150550901368, 0.4239109571107898, -0.27019255151926713, -0.22849611630947453, 0.5949930388985146, 0.49137707700860433, -0.04032433761195624, 0.584969183056245, 0.019255319790784098]], "inverted": true, "swapped": false, "error_lsq": 0.0533619476758744, "error_max": 0.3392617020841535, "target": "530.xyz", "model": "9.xyz", "model_rescale": 3.877068213659057, "target_rescale": 4.188548223135549},
{"mapping": [11, 8, 9, 1, 12, 5, 0, 10, 3, 13, 2, 4, 15], "R": [[-0.07795832084755963, 0.3520872030512845, 0.932714909100392], [-0.9334444823733632, -0.35436357582517886, 0.05574813409538351], [0.350148395023243, -0.8662915546026733, 0.3562794463433593]], "T": [0.008404459934958086, -0.011130635112384145, 0.08138630571003219], "aligned_model": [[-0.12878528362426964, -0.2648055934082115, 0.3445189161071738, -0.8144311556904414, -0.28429430673425865, -0.6658212372649163, -0.6431247121972969, 0.44450611814677266, -0.11263722072601098, 0.6359321696509792, 0.3173834653134886, -0.17619759913207253, -0.06374355639279604], [-0.4107493787808599, 0.322703450758696, 0.23170509674396617, 0.2615466899077656, -0.698130769557583, -0.20815820700738533, -0.3156031938783107, -0.41995624374352686, -0.16393381052041478, 0.12425347890220907, 0.5752736507901146, 0.44481343946091423, -0.050025628672755604], [-0.5237079929200958, -0.5583276973186184, -0.4321340771235019, 0.12005459092750592, 0.10491209955695761, 0.42430799850743023, -0.2600404572318582, -0.30056623701243684, 0.68534114165078, 0.5121050203890207, 0.04949044923964452, 0.5462817352365893, 0.044145617506893275]], "inverted": false, "swapped": false, "error_lsq": 0.04171593870021436, "error_max": 0.22931475165018989, "target": "530.xyz", "model": "10.xyz", "model_rescale": 4.260839863003843, "target_rescale": 4.188548223135549},
{"mapping": [5, 4, 0, 6, 1, 3, 11, 8, 7, 2, 10, 12], "R": [[-0.41260514546128735, 0.24478200967659489, -0.8774045598682274], [0.060121678660480043, -0.9537993141950962, -0.29436754575871743], [-0.9089237469083511, -0.17420859904049518, 0.37882579944670086]], "T": [0.06202663953128543, 0.029896956716195758, 0.1277058608020541], "aligned_model": [[0.25610977622261544, 0.2275469607740589, -0.45117601929751006, -0.3283703613595015, -0.6371253686878253, -0.28257744146640706, 0.361075405236302, 0.6059619491846782, 0.2675979590134745, -0.20398438694541085, 0.08316359962514382, 0.06067657679451178], [-0.010708596772992782, -0.5606323109550877, -0.6232689581046196, -0.21527272321432728, 0.0995146460354951, 0.4062093280285397, 0.627837369192427, -0.016705281422212656, -0.42421939227369004, 0.15957942550417759, 0.7094432536808676, 0.021301745834357053], [-0.7486874690985157, -0.3315479250603504, 0.06198468508747834, -0.35360886196644675, 0.17258825919257995, -0.4985854318327971, -0.3454913746026421, -0.06228868055426845, 0.467001903661158, 0.6838115280475299, 0.36186147549867775, 0.10913996902310046]], "inverted": true, "swapped": true, "error_lsq": 0.044618688124184236, "error_max": 0.21105847599233832, "target": "530.xyz", "model": "11.xyz", "model_rescale": 3.890672605050136, "target_rescale": 4.188548223135549},
{"mapping": [10, 4, 2, 7, 9, 5, 12, 11, 6, 1, 0, 8, 13], "R": [[0.11092922776527614, 0.4738675607075985, -0.8735812734579593], [0.8065145715008273, -0.5565445252600564, -0.1994804184873685], [-0.5807141744302757, -0.6824278176569951, -0.44391814707632127]], "T": [-0.045242782562466166, -0.012618178443758614, 0.1247352464445953], "aligned_model": [[-0.13635116807063086, -0.03021260076193885, 0.32786618624386876, -0.831414975515271, -0.28461387152995415, -0.7468433290823714, -0.6255177699576402, 0.2751414118698772, 0.22789367675254868, 0.6749636845428791, 0.20311833609381758, -0.29807252215355334, -0.16745705438349132], [-0.375304670257472, 0.3852762769068036, -0.042963964040663376, 0.2931312451080174, -0.7290238128095634, -0.24653895560519906, -0.21897063247747742, -0.40486715422614555, -0.17708175261872558, 0.25828419611090686, 0.5187015640908462, 0.3824741945256081, 0.05062203969589359], [-0.687482874006136, -0.45190254269297414, -0.4797752698902886, 0.0005791217389018721, 0.31257790623424286, 0.3655877427368645, -0.29458772032787395, -0.09033886369155977, 0.604742070671095, 0.23968235858978681, 0.19336924443375766, 0.6716997658038227, 0.027711251808671206]], "inverted": false, "swapped": false, "error_lsq": 0.05494412924766753, "error_max": 0.34215897901223774, "target": "530.xyz", "model": "12.xyz", "model_rescale": 4.124412569039231, "target_rescale": 4.188548223135549},
{"mapping": [3, 5, 7, 4, 6, 1, 0, 9, 8, 11, 10, 2, 12], "R": [[-0.14836576991070102, -0.09893719104202758, 0.9839710516816631], [-0.9345999138036696, 0.33928654045095463, -0.1068065755793921], [-0.32328099145631584, -0.9354656999043505, -0.1428051990142002]], "T": [-0.13809264386410913, -0.0862919762823186, -0.0987529189804778], "aligned_model": [[-0.2407154784938217, -0.2881687961841417, 0.2893413605035719, -0.622824194603506, -0.14720284021613925, -0.6711593208253004, -0.6458560090083442, 0.41270753452460085, 0.12139246981864688, 0.4833768353171821, 0.23153910464201194, -0.2254548672507075, -0.10847579417591244], [-0.6632951818029758, 0.427697930311604, 0.14119042446839392, 0.5114427403282893, -0.699750131106047, -0.3259628101213799, -0.10766419761475547, -0.40989062436186835, -0.28011580526473967, 0.2364334715235087, 0.5257484575027302, 0.3235545802297187, 0.014349720310350783], [-0.5053107013403484, -0.6345116365918644, -0.4970362399656095, 0.062569082078716, 0.16807832241897577, 0.46804696477848595, -0.3789082090728565, -0.12208423802688037, 0.5415563188055179, 0.6084788910515353, 0.08397242191680451, 0.6541010879087041, -0.03708987255287006]], "inverted": true, "swapped": false, "error_lsq": 0.052108555368865384, "error_max": 0.39045955064361026, "target": "530.xyz", "model": "13.xyz", "model_rescale": 3.9028299243045295, "target_rescale": 4.188548223135549},
{"mapping": [7, 6, 11, 2, 4, 0, 3, 10, 5, 13, 12, 8, 15], "R": [[-0.42785857696028184, -0.5530307090881941, -0.714908436743428], [-0.24118881628910113, -0.6924233642220576, 0.6799837053757024], [-0.8710711756329588, 0.46336478015146676, 0.16287445317359678]], "T": [-0.1015328401937198, 0.043077755896619274, -0.02972238056080225], "aligned_model": [[-0.016051204736267227, -0.3840691528987673, 0.34344177011756694, -0.6672692809373018, -0.24395623260307858, -0.7577418196094583, -0.6237888104241088, 0.36254419099947, 0.07189352180022118, 0.590734118370883, 0.2769395926527314, -0.293087524793311, -0.07108916389043891], [-0.6515294322620888, 0.1239420955500371, 0.497382883737179, 0.49471817153107456, -0.5778513616845875, -0.194989099243493, -0.245816988369002, -0.5388338865862756, -0.08692163284597942, 0.022650456297439114, 0.5458142626973843, 0.30661411300400715, -0.0014410074228649247], [-0.6049107844728965, -0.628088867610912, -0.4058355754024847, 0.10486210642081248, 0.2016342318736435, 0.4174133449885889, -0.20993884355063944, -0.06665409472016376, 0.43409362773047044, 0.3614304480190687, 0.26735490107806525, 0.6705365364464303, -0.13003483939167318]], "inverted": true, "swapped": false, "error_lsq": 0.04618292483474798, "error_max": 0.25933968690782483, "target": "530.xyz", "model": "14.xyz", "model_rescale": 3.942246331269136, "target_rescale": 4.188548223135549},
{"mapping": [7, 8, 0, 11, 9, 10, 6, 2, 5, 1, 12, 4, 14], "R": [[0.48395891770548954, 0.5116255170712469, 0.7099458403673556], [0.33553119784715124, 0.6407886146894575, -0.6905134079477546], [-0.8082094909394392, 0.5723890997965857, 0.1384490418510261]], "T": [-0.16072959863736186, 0.06140032286480526, 0.14416447842290273], "aligned_model": [[-0.12009377223319193, -0.2653747267022654, 0.34169786987084066, -0.7835246962283284, -0.37498104878558414, -0.7070428296884166, -0.5410485062111554, 0.3532123952673663, 0.2872701545738039, 0.6123532751844674, 0.29918961758378354, -0.4398158693497632, -0.07334185923341666], [-0.4659735265717182, 0.27766797281988187, 0.003972902535771011, 0.36538284088003914, -0.7142022241348311, -0.20656525717263988, -0.13901669682084852, -0.4423831960529532, -0.3009652639427095, 0.2148795673722698, 0.7342904785847153, 0.30044814281840426, 0.06620283408744859], [-0.5275535134992971, -0.5914431799405621, -0.38967652145538434, -0.03977007465053825, 0.11771998316542777, 0.5166383936665271, -0.21357835672633904, -0.11022441993463042, 0.41018508065042636, 0.3323888856856653, 0.2055600079711627, 0.600925871491407, 0.10069003498444493]], "inverted": true, "swapped": false, "error_lsq": 0.0443826900704299, "error_max": 0.2859355280288381, "target": "530.xyz", "model": "15.xyz", "model_rescale": 4.355366556412066, "target_rescale": 4.188548223135549},
{"mapping": [1, 3, 6, 7, 0, 2, 4, 9, 5, 10, 8, 12], "R": [[-0.5850692090666216, 0.38595451413619597, 0.7132553074601347], [0.5783109414852675, -0.41802677968243895, 0.7005783799310065], [0.5685512075095627, 0.8223701870120433, 0.021372878916878946]], "T": [-0.05020833726580404, 0.039475307024083285, 0.054518869938253105], "aligned_model": [[-0.24320138146198889, 0.5408200937316732, 0.03989342549920266, -0.5183926105064762, -0.5512749982588869, -0.456402316128685, -0.026929653687276886, -0.1886916293066775, 0.6250883972560068, 0.20061208521555385, 0.21851677218877313, -0.042229629909437585], [-0.6360645859316251, -0.4927368865592121, -0.3680915509475897, 0.4027164401150247, -0.3148387559788839, -0.13997880435278545, 0.24577920681468415, 0.7260233354082066, 0.06992160872754008, -0.05087063276061434, 0.5342582115825348, 0.036658841623700755], [0.10006138705730838, -0.08704147559372724, -0.4650509340777343, -0.05711623222191655, -0.5091438840641168, 0.5013248630786173, -0.6829990189103395, 0.5047868960967862, -0.537452148501906, 0.7223403427324826, -0.07629400533695951, 0.03584267095092611]], "inverted": false, "swapped": true, "error_lsq": 0.04460377265261733, "error_max": 0.28234012020815813, "target": "530.xyz", "model": "16.xyz", "model_rescale": 3.795458400668931, "target_rescale": 4.188548223135549},
{"mapping": [11, 4, 7, 2, 9, 5, 10, 8, 6, 3, 0, 1, 12], "R": [[0.28629909726765757, 0.9410242252493041, -0.18029485405210954], [-0.6694320705127689, 0.33108244618734717, 0.6650151252382084], [0.6854878043209172, -0.06969807257413613, 0.7247404009759211]], "T": [-0.052045896836766505, 0.02448228380576806, -0.040550875098053975], "aligned_model": [[-0.001416454812997285, -0.2749920902800966, 0.4438953691008726, -0.6451431774851533, -0.3891158117089781, -0.516538625527845, -0.7339738620951243, 0.36108684559048354, 0.16100239913563674, 0.687302663289476, 0.11198714851339067, -0.41022565567175107, -0.20536874399977392], [-0.5049331110440958, 0.31172673962840713, 0.27087634004799727, 0.4109700784250117, -0.7667697467717725, -0.19622141853289732, -0.1939343151818735, -0.5112232540590212, -0.1939913122217735, 0.11159228796883124, 0.5094672300605885, 0.4228291291929123, 0.02334992689051528], [-0.6508756808526085, -0.5727927428729963, -0.3935479138032377, -0.06081524823932114, 0.20079944213723167, 0.5409239608079807, -0.20232881715875073, -0.04581263813624562, 0.5629850082177836, 0.27275008322137756, 0.2575986669235148, 0.6135314310109429, -0.11055335984736128]], "inverted": true, "swapped": false, "error_lsq": 0.04393249376303426, "error_max": 0.23320986142574285, "target": "530.xyz", "model": "17.xyz", "model_rescale": 3.7474275329858107, "target_rescale": 4.188548223135549},
{"mapping": [10, 3, 8, 1, 12, 7, 11, 5, 9, 4, 0, 2, 13], "R": [[0.07305025399426524, -0.9179267887863162, 0.3899667560444291], [0.5162641391013744, -0.29974340864872073, -0.8022625677728976], [0.8533082673156815, 0.2599313359333343, 0.4519963512359606]], "T": [-0.13577903332602015, -0.02055038130489248, 0.055114713113714], "aligned_model": [[-0.041313852137610796, -0.2935180552256959, 0.3584055840563001, -0.6222615167248053, -0.21784629083662171, -0.7441963338195711, -0.7245086980568902, 0.36568804606943317, 0.09291593957132177, 0.6718796620461069, 0.15502431862895505, -0.29220620858213575, -0.11956259094064578], [-0.4022963135218296, 0.24111809454337177, 0.20316402525239707, 0.4641491362491583, -0.7510345867060487, -0.28550369776300133, -0.22922186888079366, -0.5272535757349887, -0.3279338211147218, 0.08344070843509077, 0.7576555153739414, 0.40544267818900037, 0.0620122800812533], [-0.5121469048742471, -0.5508862695807155, -0.41667748633442164, -0.02806934688997819, 0.19257275841347068, 0.41155181919876593, -0.30763899664649275, -0.06737029701905337, 0.6036930540626038, 0.21666689373994458, 0.14983210141656012, 0.6009106236096684, 0.1194242423122053]], "inverted": false, "swapped": false, "error_lsq": 0.03977731514903466, "error_max": 0.24274088273094485, "target": "530.xyz", "model": "18.xyz", "model_rescale": 3.922800546911778, "target_rescale": 4.188548223135549},
{"mapping": [13, 4, 8, 10, 7, 9, 11, 12, 3, 5, 1, 2, 14], "R": [[0.9860572150193287, -0.1651415433640985, -0.02048021883791814], [0.1204889846230517, 0.6236524629883597, 0.772360026149113], [-0.11477618783019178, -0.7640588171494889, 0.6348547476732709]], "T": [-0.015098768856618261, 0.06843004374857053, 0.010296515821332071], "aligned_model": [[-0.0653341627686418, -0.40382734892534483, 0.38143312377836963, -0.7496404145853615, -0.28293437712714187, -0.6498270979650613, -0.6013843870060605, 0.4394045363639149, 0.06831503463331204, 0.7216529457555434, 0.19087047621930275, -0.40601851265364586, -0.05420981167104451], [-0.35699096639293215, 0.22926994868547834, 0.22310793025844416, 0.39714098429834244, -0.6717185729005825, -0.11330155780280357, -0.2439615134957865, -0.5733265221570463, -0.30704983454439994, 0.058556828549138226, 0.734241648916001, 0.3323817046007135, -0.014611503611737547], [-0.5266458611139145, -0.5786752620337728, -0.429280398460767, -0.044460543233185455, 0.14688030429331406, 0.4865703437184361, -0.24646076583271725, 0.024055157729376782, 0.5213799160306761, 0.20937728039536285, 0.259805233991801, 0.549407114336004, 0.039909671587696344]], "inverted": true, "swapped": false, "error_lsq": 0.037508758333383255, "error_max": 0.24327753539980962, "target": "530.xyz", "model": "19.xyz", "model_rescale": 3.9282355846067225, "target_rescale": 4.188548223135549},
{"mapping": [4, 0, 11, 1, 6, 5, 3, 8, 7, 12, 10, 2, 13], "R": [[0.18666657025572903, 0.48049180296621075, 0.8569032727392534], [0.08119346359845417, -0.8767955961500706, 0.47395896873118537], [0.9790624152820133, -0.018897350452441883, -0.20268122046215353]], "T": [-0.02175141494227173, -0.13391896748994325, 0.06387784644535757], "aligned_model": [[-0.07618695165942083, -0.30724491686639, 0.2825073247856297, -0.6084180057301165, -0.2944199157949963, -0.6335623887426864, -0.6806790945006137, 0.40001016516739535, 0.10520512239532517, 0.6690676565024696, 0.18906958789162415, -0.3569490236235313, -0.09989955577654866], [-0.32785690216698943, 0.30350649870810165, 0.19626968970778658, 0.3283210623393794, -0.7036281234956719, -0.2357328402467508, -0.23592745882472355, -0.6782600483054654, -0.1977979000142681, 0.13913909464700763, 0.6980609804276763, 0.40476952794387966, 0.0028749936828675327], [-0.5351152209396748, -0.5422157190025567, -0.49448157299977347, 0.0034025425323812863, 0.23099283758329256, 0.38483176821644405, -0.2850686393501265, -0.25928083966437987, 0.6704248734650461, 0.4774025137843253, 0.13869910023444298, 0.5893999471999186, 0.03287060034897042]], "inverted": false, "swapped": false, "error_lsq": 0.042675026655233664, "error_max": 0.3104456564318133, "target": "530.xyz", "model": "20.xyz", "model_rescale": 4.067790424073018, "target_rescale": 4.188548223135549},
{"mapping": [4, 8, 1, 0, 6, 3, 2, 5, 11, 10, 9, 12, 14], "R": [[0.07486015548092051, -0.6750357882059586, -0.733977276053239], [-0.8064197188794469, -0.4739478922293381, 0.3536391274360937], [-0.5865860500589546, 0.5654202685547521, -0.5798419834607578]], "T": [-0.08556548777337286, -0.05036631147487686, -0.0031877685130881697], "aligned_model": [[-0.3156055924192114, -0.07755187215155296, 0.539540559971545, -0.6683322096639726, -0.25971550809879984, -0.6991796165612734, -0.7695306380781677, 0.2612458925608848, 0.02374373749133707, 0.5614858250769295, 0.22863270617213416, -0.20079074812137623, -0.03544253213033631], [-0.5277888353998346, 0.09376737570036114, 0.38200303338022573, 0.32468042761150717, -0.7598370013712323, -0.18304829342759713, -0.31039480247210965, -0.30211441693625524, -0.23061171486137091, 0.21592888182559383, 0.6289722962954891, 0.3780532824730552, -0.015871658415003098], [-0.6045377320450848, -0.5548481340560459, -0.31238718633452683, -0.15868992566376294, 0.11462569970686659, 0.5709360937917142, -0.13846078347606394, -0.40915682980364937, 0.608036692556016, 0.4230730555341536, 0.2061646864113586, 0.6214670624110881, 0.045639492376246794]], "inverted": true, "swapped": false, "error_lsq": 0.053062809627855846, "error_max": 0.38398311329528584, "target": "530.xyz", "model": "21.xyz", "model_rescale": 4.186013935880536, "target_rescale": 4.188548223135549},
{"mapping": [9, 10, 4, 1, 8, 2, 9, 11, 5, 3, 6, 0, 12], "R": [[0.41129995691987764, -0.5196049624631836, 0.7488945375827898], [-0.6075192220371091, -0.7687794103481917, -0.1997463718822265], [0.6795239070799002, -0.37281215271007534, -0.6318689409193546]], "T": [-0.11975731889534534, 0.020343166224002663, 0.022631267169689558], "aligned_model": [[-0.47767428017241215, -0.09553044023558548, 0.4178545042105277, -0.7751522602770073, -0.3208885812248949, -0.4933452684728681, -0.47767428017241215, 0.2997801773599268, 0.10000317515031522, 0.707005403791489, 0.15891752010618737, -0.38082782633268886, -0.07396783968243714], [-0.2593959162849068, 0.14376056058613063, 0.28232273464747615, 0.34353447982457574, -0.719338343736165, -0.33473390084767896, -0.2593959162849068, -0.4256292634156907, -0.16884916045066684, 0.14244584119326878, 0.47976542064224637, 0.4446405687539158, 0.024611469775231168], [-0.4005616613931544, -0.8022812359220831, -0.38962639759094997, 0.056218192554573616, 0.03188382575553973, 0.5555961095704115, -0.4005616613931544, -0.13249081362149112, 0.7398832207390671, 0.41492323991115465, 0.1679735365544871, 0.5457013823159751, 0.025204453927934797]], "inverted": false, "swapped": false, "error_lsq": 0.054090695661550454, "error_max": 0.4118151323667996, "target": "530.xyz", "model": "22.xyz", "model_rescale": 4.166573947596378, "target_rescale": 4.188548223135549},
{"mapping": [0, 1, 2, 13, 8, 10, 7, 3, 9, 11, 12, 14, 15], "R": [[0.7150173120213917, -0.4760500810304532, -0.5119829722369708], [0.4955868451150308, 0.8616808931586214, -0.10908582545083889], [0.49309626084430447, -0.17573377227004322, 0.8520409138211066]], "T": [-0.044993334215772354, -0.004444576613791395, 0.005526768246373291], "aligned_model": [[-0.3926364379553078, -0.10063197128872088, 0.43230040160274474, -0.7838772011890421, -0.1309987532100064, -0.698988941108916, -0.7084444403475869, 0.47812186426126624, 0.09855899461247779, 0.6324410296295156, 0.16446674062820527, -0.3348806529214405, -0.06693062866504867], [-0.39697654484370865, 0.11372159058235853, 0.11889393883317008, 0.3828659111024967, -0.8066843920859649, -0.06652619810637912, -0.2242026950480816, -0.30071575079935003, -0.2528768004224769, 0.17499300188120226, 0.5598586800803194, 0.37647535184144787, 0.0149124813877962], [-0.6204274546628618, -0.6952158092112675, -0.45249892922576085, 0.1499371422758827, 0.061145889023180335, 0.36521670630608366, -0.14589531338278663, 0.006256484015156209, 0.5329007582606242, 0.36743582523691987, 0.26450488848048265, 0.6354816188345244, -0.056979614541866876]], "inverted": false, "swapped": false, "error_lsq": 0.04628493720560022, "error_max": 0.23570333005096686, "target": "530.xyz", "model": "23.xyz", "model_rescale": 4.274766983524099, "target_rescale": 4.188548223135549},
{"mapping": [11, 10, 9, 8, 7, 4, 5, 6, 3, 1, 12], "R": [[-0.5679477744075985, 0.8089251640211899, -0.15190590692513134], [0.6821431750091342, 0.35934543772438754, -0.6368292904500594], [-0.4605605436138809, -0.46530735584123245, -0.7558922213292892]], "T": [-0.11135381028539451, 0.26623809834615497, 0.06401087530920979], "aligned_model": [[0.32487687620247674, 0.3194092142773448, -0.5636424568910942, -0.3941127348570216, -0.6810183578185447, -0.5084299383384207, 0.02644372377893417, 0.07583677236297032, 0.5689383862157158, 0.3228248133887124, -0.1112315943629982], [-0.21183670952678235, 0.5524973658167653, 0.5281678297285065, -0.11329549844093323, 0.45272234786059806, -0.28598831306293127, -0.6189619153304184, -0.0638496869171351, -0.14349810391078927, 0.5710325333681725, 0.24859668165843032], [-0.43801082838512395, -0.4355465699872356, -0.5841364141265016, -0.2678580068074979, 0.12965353278348346, 0.41673225490265575, 0.13340193387659594, 0.61190100334878, 0.21207345874259298, 0.5268973171848894, 0.07445875248893892]], "inverted": false, "swapped": true, "error_lsq": 0.04854325528854408, "error_max": 0.2727390237225877, "target": "530.xyz", "model": "24.xyz", "model_rescale": 3.7841303162186577, "target_rescale": 4.188548223135549},
{"mapping": [14, 13, 11, 5, 9, 2, 12, 10, 8, 0, 6, 4, 15], "R": [[0.616234498181525, 0.4232156354678721, -0.6641863963877078], [0.7438859868288561, -0.5897300340569526, 0.3144075786790842], [-0.25862846295530384, -0.6878277493869457, -0.6782361722310792]], "T": [0.020728914995551503, -0.015281809117282993, 0.09105787210105601], "aligned_model": [[-0.19088937491881286, -0.2412480675255847, 0.3405896030214455, -0.8123053099525462, -0.24736883827852818, -0.5921331557392089, -0.6454942124673598, 0.5105910805909066, -0.003461414949003941, 0.6046847154427597, 0.17058253801857465, -0.3296929727368525, 0.024645413542350742], [-0.5174880279843382, 0.14306307427125586, 0.35532344130662963, 0.25533980202678536, -0.5307320480620381, -0.21215379320508276, -0.1561278691057201, -0.5109913487215527, -0.26742793439775947, -0.0973078605693706, 0.6908598117977576, 0.4877169246238607, 0.053664402422402474], [-0.48540164548499, -0.6288691768454542, -0.5003543849384111, 0.13749782355014753, 0.02341650615307178, 0.48403946462576486, -0.24282989084842163, -0.25471982576384467, 0.6251879527762402, 0.5310548031799365, 0.12162509509205977, 0.5163825919460466, 0.08483287796616398]], "inverted": false, "swapped": false, "error_lsq": 0.04030462508645316, "error_max": 0.22866809482342856, "target": "530.xyz", "model": "25.xyz", "model_rescale": 4.19342608120988, "target_rescale": 4.188548223135549},
{"mapping": [1, 3, 6, 7, 0, 2, 4, 9, 5, 10, 8, 12], "R": [[-0.5850692090666216, 0.38595451413619597, 0.7132553074601347], [0.5783109414852675, -0.41802677968243895, 0.7005783799310065], [0.5685512075095627, 0.8223701870120433, 0.021372878916878946]], "T": [-0.05020833726580404, 0.039475307024083285, 0.054518869938253105], "aligned_model": [[-0.24320138146198889, 0.5408200937316732, 0.03989342549920266, -0.5183926105064762, -0.5512749982588869, -0.456402316128685, -0.026929653687276886, -0.1886916293066775, 0.6250883972560068, 0.20061208521555385, 0.21851677218877313, -0.042229629909437585], [-0.6360645859316251, -0.4927368865592121, -0.3680915509475897, 0.4027164401150247, -0.3148387559788839, -0.13997880435278545, 0.24577920681468415, 0.7260233354082066, 0.06992160872754008, -0.05087063276061434, 0.5342582115825348, 0.036658841623700755], [0.10006138705730838, -0.08704147559372724, -0.4650509340777343, -0.05711623222191655, -0.5091438840641168, 0.5013248630786173, -0.6829990189103395, 0.5047868960967862, -0.537452148501906, 0.7223403427324826, -0.07629400533695951, 0.03584267095092611]], "inverted": false, "swapped": true, "error_lsq": 0.04460377265261733, "error_max": 0.28234012020815813, "target": "530.xyz", "model": "26.xyz", "model_rescale": 3.795458400668931, "target_rescale": 4.188548223135549},
{"mapping": [6, 7, 0, 10, 8, 11, 5, 1, 9, 2, 3, 4, 12], "R": [[0.7531025663648958, -0.5571946471373189, -0.34981516510312505], [-0.3450075247205012, 0.11825998563246473, -0.9311199620266135], [0.5601841950830466, 0.8219176972177495, -0.10317444731827459]], "T": [-0.08993286146963994, -0.10078017396870712, 0.13761466571597603], "aligned_model": [[-0.08251673893960393, -0.30686463458096286, 0.49409280718091797, -0.6833579605756852, -0.4044630255664716, -0.5963567240724814, -0.582143381750034, 0.2884304714564975, 0.1609857644738438, 0.7663895697618375, 0.13254103473822815, -0.47014465107415926, -0.1280925270037866], [-0.5533399294266933, 0.4161914009814828, 0.22735662786197805, 0.2866846376170761, -0.7477112935065663, -0.23716401840360848, -0.2099812095794675, -0.5392985700057306, -0.01923308285287602, 0.048452040860363116, 0.6004271500274074, 0.4466014449519997, -0.025246624122535366], [-0.5525459159911317, -0.4505087015614293, -0.35484188032084185, 0.06410208146670696, 0.022277713472193206, 0.6239364831341434, -0.4215493580079003, 0.015565596955209926, 0.47638332601469485, 0.276454694980682, 0.07524309263852358, 0.6422685480453009, -0.004923489417841487]], "inverted": false, "swapped": false, "error_lsq": 0.04569880691349596, "error_max": 0.24006131972658537, "target": "530.xyz", "model": "27.xyz", "model_rescale": 3.6321398670334006, "target_rescale": 4.188548223135549},
{"mapping": [10, 0, 11, 3, 12, 7, 8, 9, 6, 13, 1, 4, 14], "R": [[-0.020859636854899707, 0.31381688008826725, 0.9492543607073649], [0.5977937946828772, 0.7649580822564235, -0.2397534388266854], [-0.8013784715032768, 0.5624571967378862, -0.20355453138859625]], "T": [-0.12786550722877205, 0.01823720164258542, -0.0398383476986379], "aligned_model": [[-0.0475293497564902, -0.25232022165801476, 0.38616254737854555, -0.6919750299131713, -0.3587186425664496, -0.775772868860414, -0.5092673847303757, 0.32647347752249994, 0.2220768355373514, 0.6483603631618315, -0.055075633044194466, -0.2209199787150956, -0.08299411030788242], [-0.3586263589599253, 0.2655461154858255, 0.10408459885522185, 0.4065056813752267, -0.6699412655146222, -0.1030927131175395, -0.3042215726696896, -0.4691328276367673, -0.24290736201605162, 0.09738849800581635, 0.6179499444470735, 0.2935879921076398, 0.05659784404062121], [-0.7152579147006556, -0.5990887562008214, -0.4152464188520769, -0.09071185775186427, 0.3559228910626506, 0.3680617461131708, -0.17243760298252028, -0.09101160942442077, 0.6030079097779563, 0.20034034064489475, 0.24706487026940113, 0.7360418362767629, -0.014823242824167457]], "inverted": true, "swapped": false, "error_lsq": 0.05129347184105752, "error_max": 0.27139062659576213, "target": "530.xyz", "model": "28.xyz", "model_rescale": 4.156811204709835, "target_rescale": 4.188548223135549},
