[{"mapping": [10, 12, 8, 11, 0, 3, 4, 5, 2, 9, 7, 1, 13, 14], "R": [[0.9696373538304868, 0.06669587126818871, 0.2352765666452759], [0.2124914383406738, -0.7059794800139345, -0.6756037022035675], [0.12104045062921484, 0.7050848420970572, -0.6987163764764961]], "T": [0.056577082550343584, 0.15377587368222773, 0.021089145694413405], "aligned_model": [[0.14522840700327494, 0.2898449908228779, -0.43792155489336965, -0.3521384184973824, -0.6942154662906881, -0.2477573386626272, -0.5590824894361364, -0.05200713784602625, -0.3936399990337552, 0.24559462267344387, 0.622492978737798, 0.13908986433564394, 0.6383884589315638, 0.027615183283686354], [-0.5927844641007756, -0.3470662404485659, -0.3188078058642105, -0.41946248668480174, 0.29857046919033675, 0.4046027090087464, 0.20880161703475458, 0.41917280480925884, 0.7477234155094072, -0.10117594163181692, 0.2934552538497362, 0.7865072264577544, -0.17958225002754413, 0.03531902470775464], [0.2978357647394309, -0.31717296448207993, 0.4953209686424576, -0.347003772841891, 0.5293567189653996, -0.7316179368252792, 0.0017062216428644916, 0.6032470913661987, -0.004417184237168234, 0.7316244306158446, 0.4944357632547112, -0.05358322340808709, 0.17326470439096997, 0.024591505356462172]], "inverted": false, "swapped": true, "error_lsq": 0.04303630398220539, "error_max": 0.28594230382254043, "target": "531.xyz", "model": "0.xyz", "model_rescale": 3.8414455957264533, "target_rescale": 3.963611105760307},
{"mapping": [10, 11, 12, 13, 8, 10, 0, 3, 6, 5, 2, 9, 7, 4, 14], "R": [[-0.8752344568161806, -0.3196193095976094, -0.36305391133278386], [0.37269254263791884, -0.924056923000598, -0.08496512058927388], [-0.30832598700688285, -0.20967188649653112, 0.9278861922397689]], "T": [-0.015810031077385975, 0.08656332790384424, 0.028272187020707773], "aligned_model": [[-0.22377947920621338, 0.1911402842780794, -0.2658661905824533, -0.2843926547835779, -0.7334083717702056, -0.22377947920621338, 0.46845859048548394, 0.5975847079078269, -0.5114094973966493, 0.04658136579345741, 0.02619372256762996, -0.47832729009159003, 0.07163573338157235, 0.4408762449568826, 0.03396417740779832], [0.24549130699034225, -0.6644310256912196, -0.37960733799459645, -0.5800149711511627, -0.18208027937815857, 0.24549130699034225, -0.29908620722798024, 0.3815114407289968, 0.6835415873489388, 0.6505294956803357, 0.7642895091242902, 0.0591358510415386, 0.10521146349253546, 0.3161573935134958, 0.07135927004376788], [-0.6040820701159565, -0.3173351768657978, -0.5216790573786967, 0.26989947461745584, -0.1645635752278859, -0.6040820701159565, 0.4054667094217792, -0.35919314944979447, -0.06131185462516486, -0.30694753224189275, 0.31728366704617433, 0.5291066892471386, 0.6646372453420897, 0.21412547638351026, -0.04490816458851393]], "inverted": false, "swapped": false, "error_lsq": 0.045432649437419495, "error_max": 0.4145961981824154, "target": "531.xyz", "model": "1.xyz", "model_rescale": 4.316132596720782, "target_rescale": 3.963611105760307},
{"mapping": [1, 5, 2, 12, 3, 6, 11, 13, 0, 7, 8, 14], "R": [[-0.25086761587198664, 0.5645271584266516, -0.7863679334163082], [-0.14384925297159407, 0.7815859048017986, 0.6069850622829759], [0.9572736451643383, 0.26539133522759173, -0.11486778251492613]], "T": [-0.07738747195027659, 0.013687144176482752, -0.017816095238597562], "aligned_model": [[-0.12784941408893033, 0.5200152804599744, 0.12225278191159586, -0.5185102673037605, -0.628914176100773, -0.5579606799953463, -0.30085155787109796, -0.19156260617053103, 0.6935252366065955, 0.14676884209425656, 0.5131655958794327, -0.07227048078963486], [-0.6178609376696046, -0.1919402458096901, -0.6035271353012226, 0.48661410546924366, -0.3345870100204318, -0.1185774409158388, 0.5195920725251147, 0.393460141440668, -0.11596077192495535, -0.04169050794157974, 0.5072290746638544, 0.13002508322542278], [0.08864469267225361, 0.1303772432744991, -0.3856611415638334, 0.019982902100274938, -0.5624489086620748, 0.39415758147435637, -0.5881379175860204, 0.543900938746738, -0.499351001510623, 0.6966875182423022, -0.3347127588873044, -0.054180687091146894]], "inverted": false, "swapped": true, "error_lsq": 0.04939798341986317, "error_max": 0.27267239039086527, "target": "531.xyz", "model": "2.xyz", "model_rescale": 3.795458400668931, "target_rescale": 3.963611105760307},
{"mapping": [11, 12, 10, 7, 4, 5, 13, 3, 6, 1, 8, 14], "R": [[0.07301965601775817, -0.9527308761858979, -0.29491016835148276], [-0.4617975430114154, 0.229791961147069, -0.8567022142266263], [0.8839746371382318, 0.19874489214627758, -0.42318944781515566]], "T": [0.14836360858026135, 0.042224156605394775, 0.07796785371180359], "aligned_model": [[-0.1667506092340336, -0.15602096958565295, -0.6460511246718565, 0.020899571710310094, 0.244295416092795, 0.12464975812045873, -0.25311582245220465, 0.7337273033610981, 0.36633256177796003, 0.7388170320171081, -0.45692741697106787, 0.04344812557865069], [-0.1405862510285694, -0.5035355864332748, -0.05668413244070211, 0.061481621543266446, 0.43642227257646016, 0.6058369357611975, -0.325563074746254, -0.2153988242858367, -0.47976345093586525, 0.13877072064915924, 0.5394550683265578, 0.025333746303570596], [-0.6280253189616561, -0.09283708459802503, 0.04759568914095058, 0.817704442306951, -0.38877101592206625, 0.39876720868024695, 0.4978920562853809, -0.4815687741147413, 0.3913132096372016, 0.3120122990069815, -0.2033580308419038, 0.01804675001977995]], "inverted": false, "swapped": true, "error_lsq": 0.036157128929925966, "error_max": 0.19513413672988408, "target": "531.xyz", "model": "3.xyz", "model_rescale": 3.7530521520055578, "target_rescale": 3.963611105760307},
{"mapping": [5, 8, 9, 10, 7, 11, 1, 4, 3, 12, 14], "R": [[0.730694194481486, 0.47210876246146494, 0.49315242122305064], [-0.5734157277523333, 0.03237568595819135, 0.8186245892501636], [0.3705136938323806, -0.8809455893333262, 0.29437131537710054]], "T": [-0.06603206865187375, -0.1042744606880459, 0.16449896635353897], "aligned_model": [[-0.2499771911526675, -0.21134997144614445, 0.2806360465733112, 0.41274284199504296, 0.38332759586396203, -0.15110765749041297, -0.3245876641290042, -0.6226682046856529, -0.5125419389393708, 0.3637249398702129, -0.02999919401407119], [-0.6103374636677776, 0.11077017643356542, -0.4341708613944152, 0.21344117339833307, -0.6989671411521876, 0.6710481379042037, -0.5293917569200652, 0.0917225124197447, 0.2962436241174573, 0.3701681435538641, -0.013323186378376622], [-0.19771418443316416, -0.6263224861100841, -0.4491605747697901, -0.39374063025611217, 0.07369886246596681, 0.013568559988599516, 0.5708948018911595, -0.020383800146830833, 0.7664256170426678, 0.26395309851606896, 0.09161151305683518]], "inverted": false, "swapped": true, "error_lsq": 0.0468343635294044, "error_max": 0.23973805077014293, "target": "531.xyz", "model": "4.xyz", "model_rescale": 3.7855080009869324, "target_rescale": 3.963611105760307},
{"mapping": [11, 8, 13, 15, 12, 6, 10, 7, 1, 4, 0, 2, 3, 5, 16], "R": [[0.2363067275957158, -0.860333857256212, 0.4516467475269277], [0.8274931728361077, 0.42182247804206086, 0.37056827431404166], [-0.5093271830588231, 0.28616682385822306, 0.8115998826517048]], "T": [-0.09515588646012235, 0.02023272841912463, -0.002154170028387921], "aligned_model": [[-0.5432254764939219, 0.22322661640408453, -0.3907122365816896, -0.062444175821519246, -0.7571301174427842, 0.05826283190775203, 0.5016905902923723, 0.5900692267631267, -0.4943425011575006, 0.14869362539370903, -0.05221999467138319, -0.4873072267777766, 0.04577827087830863, 0.5016123338849012, -0.12647990283585148], [0.1896624453381247, -0.5213663594015535, -0.4020671621523041, -0.7928994732525101, 0.027554829645209583, 0.13325979000406188, -0.2991270250214989, 0.18400756375793909, 0.6597421089916681, 0.6527085147550064, 0.7474955487747592, 0.21244605856855472, 0.17883473442504846, 0.44997121233913917, -0.0027239832601792906], [-0.6369481852900555, -0.3193495103241636, -0.5112483511005892, 0.12847535679304745, -0.15963993877814325, -0.626465509242082, 0.26756402577004695, -0.2571322463287601, -0.07130428062510724, -0.29797942103445735, 0.27662743382162785, 0.5937124673818845, 0.6592077372398214, 0.3359224059772032, 0.03497462718821368]], "inverted": true, "swapped": false, "error_lsq": 0.03336512703761758, "error_max": 0.3190698010465992, "target": "531.xyz", "model": "5.xyz", "model_rescale": 4.2253639853439635, "target_rescale": 3.963611105760307},
{"mapping": [3, 11, 13, 6, 12, 9, 7, 1, 8, 4, 10, 5, 2, 14], "R": [[-0.18024448391452896, -0.9283693945766031, -0.32502645004961733], [-0.8343748129309071, 0.31929649414762173, -0.44929769682422305], [0.520894036791456, 0.19021045196967776, -0.8321594717339893]], "T": [0.10543069307581288, -0.07823301691675763, 0.027728656720695775], "aligned_model": [[0.7487902150379349, -0.08082083384633057, -0.4240620038235188, 0.17416503086566332, -0.23469419316529272, -0.48631984138332196, -0.16759490246202746, 0.6425461014505711, -0.3481913555588947, 0.3529800412418438, -0.6713181203911744, 0.09993174419376799, 0.7548360801031859, 0.013814190495377271], [-0.16093598794287206, 0.1825317004365268, -0.4983333264118174, -0.7209359642768801, -0.3851625843110338, 0.0894352110298697, -0.3903458906068513, -0.24741225590775698, 0.618190317876056, 0.4578829516952333, 0.037829579983657796, 0.2474891376258905, 0.25394183814171956, -0.03907558069675207], [-0.5212251094694826, -0.6992205204384643, 0.15399318415000202, 0.04710264257714225, -0.43029677697981145, 0.5044960214060943, 0.6537244469745305, 0.3369514078748103, -0.016786893960744977, -0.1559537517365694, -0.13035625972972784, 0.5889850841055538, 0.182816324914973, -0.04267159075685714]], "inverted": false, "swapped": true, "error_lsq": 0.04047673084953093, "error_max": 0.3119509982367622, "target": "531.xyz", "model": "6.xyz", "model_rescale": 3.89814844738969, "target_rescale": 3.963611105760307},
{"mapping": [5, 9, 13, 0, 6, 10, 8, 1, 4, 11, 12, 3, 14], "R": [[0.9068039153935692, -0.4215075016820697, -0.006171308826593003], [0.17695569536759959, 0.36732220113008834, 0.9131051869494099], [-0.3826138273819472, -0.8290994069366396, 0.40767736325855836]], "T": [0.0682589284078242, 0.030583570466755146, 0.03166766158630489], "aligned_model": [[0.0006066604893710664, -0.027306222219108042, 0.36993697256834535, -0.5911802123340625, 0.6627515809371417, -0.27621728445965466, -0.6724250805421913, 0.4648883536361473, -0.4241147348753968, -0.49504955615606183, 0.08077999474074359, 0.07152186456693535, -0.015560535447986815], [-0.4447752745147838, 0.06798069187565059, 0.4948016200457947, -0.581105995567308, 0.25615800861932225, 0.5941286191032089, 0.054123874456439826, -0.4394283793091221, -0.26161398306288713, 0.4749905801960633, 0.6674105889356652, -0.03565939938181583, 0.11677031407425767], [-0.4048997178900296, -0.7397318503531792, -0.37610859705442806, -0.15263303506188708, 0.14940252475594326, -0.4217120946408509, -0.3472691556771691, 0.2174286713849301, 0.2653961454542646, 0.3727379420144616, 0.14987327458241323, 0.8788410296306036, 0.010949893691222942]], "inverted": false, "swapped": true, "error_lsq": 0.04916242848706586, "error_max": 0.25407032461084483, "target": "531.xyz", "model": "7.xyz", "model_rescale": 3.7474275329858107, "target_rescale": 3.963611105760307},
{"mapping": [10, 1, 12, 13, 11, 0, 2, 3, 7, 6, 5, 9, 8, 3, 14], "R": [[-0.11464052495021967, 0.5100290053206502, 0.8524834096747962], [0.7788903505249474, 0.5787839626647004, -0.24153456568630338], [-0.6165933602450342, 0.6363014523744032, -0.4636087680447411]], "T": [-0.10510508855791958, -0.015746840181732558, -0.042205139435329435], "aligned_model": [[-0.4985453952189699, 0.4001212664477759, -0.44341990987714086, -0.4097404367737325, -0.7249933277602315, 0.250089120898524, 0.6122998347025144, 0.46989508122923984, -0.49586430297143025, 0.05166636429061203, -0.030121344672621564, -0.5535166211265067, 0.1401682511543519, 0.46989508122923984, -0.08246179780979593], [0.26077748230444797, -0.428931559371286, -0.4396342510807502, -0.8187770423831039, 0.0016794706956118899, 0.16855559821416738, -0.36139437036556843, 0.40843351034719305, 0.5417250497127711, 0.7149484919776364, 0.6277791727704694, 0.3102371683237223, 0.0914144553225598, 0.40843351034719305, -0.06774788330359799], [-0.628722303597027, -0.41479947391421196, -0.33632274067066237, 0.22322211549984783, 0.0015538616699344934, -0.5657344341236965, 0.23064547318877898, 0.017631069957544217, -0.06245261464591783, -0.3715152387794194, 0.26320143028554943, 0.4802907588706812, 0.5851446524900005, 0.017631069957544217, -0.023357014740457965]], "inverted": true, "swapped": false, "error_lsq": 0.051747702659161524, "error_max": 0.37644670319435103, "target": "531.xyz", "model": "8.xyz", "model_rescale": 4.019505241142653, "target_rescale": 3.963611105760307},
{"mapping": [5, 1, 4, 8, 9, 10, 11, 7, 13, 6, 3, 12, 14], "R": [[-0.233784596712552, 0.7948250988142036, 0.5599980577064003], [-0.48365826717848054, -0.5947105880320129, 0.6421791004638246], [0.8434568411779342, -0.12071610819442763, 0.5234579049861912]], "T": [-0.09922905742423681, -0.01780599977304588, 0.0008360008241042622], "aligned_model": [[-0.2752007635596666, -0.7390675637754839, -0.1305787434163202, 0.4557456017940087, 0.24510453372096713, 0.6744880031614658, 0.43307690383475583, -0.1944484248712931, 0.22755318386725387, -0.2947891553588914, -0.4405878867942234, 0.3387558651838658, 0.019649217954737286], [-0.5493815217952812, -0.05200883474197278, 0.2138556707292889, -0.22521783830836878, -0.7139729295221034, -0.21874468164174926, 0.5363332083535054, -0.6750459813744064, -0.3279030809609822, 0.042479306265728975, 0.7591488765954632, 0.2706987280177414, 0.0031373064971950346], [-0.32718131686827095, 0.047420746404281955, -0.5716937419518734, -0.5837523289986469, -0.047892160000124945, 0.053615189130352986, -0.200963595049046, 0.35126007220766325, 0.5202998436560679, 0.6142598094885242, -0.04294485148149571, 0.3811151418616301, -0.016839314355183342]], "inverted": false, "swapped": true, "error_lsq": 0.04269433794137857, "error_max": 0.25458898195623075, "target": "531.xyz", "model": "9.xyz", "model_rescale": 3.877068213659057, "target_rescale": 3.963611105760307},
{"mapping": [13, 9, 14, 10, 6, 2, 8, 7, 3, 4, 5, 12, 0, 1, 15], "R": [[0.8112666145769099, 0.012103478722499783, 0.5845510977457261], [-0.16358666687938941, 0.9645543012670577, 0.20706134918547664], [-0.5613251130069018, -0.26360672546434055, 0.7844906703063821]], "T": [-0.10623093897876895, 0.06392406843838104, -0.0479465509732849], "aligned_model": [[-0.5202044624136999, 0.15479471917902587, -0.3458701597182415, -0.4322615921427269, -0.7207534250549807, 0.18637443332160364, 0.5782110543327961, 0.6308026619130527, -0.4497764850229705, 0.09189429935069932, -0.08726015519421493, -0.4760510335474185, 0.1531273015644462, 0.47400397933452726, -0.0815592721600697], [0.09845199777542347, -0.4969257773785879, -0.4910644310488166, -0.559410766854618, 0.03593926794324411, -0.026624102880716538, -0.2517523429266643, 0.34218055152744825, 0.5975144721945496, 0.6263728759830134, 0.6776075077033068, 0.12087382676082399, 0.08560366973219864, 0.5928618195011656, 0.06587023547969557], [-0.6999221946550379, -0.27807338584924024, -0.5419934677321211, 0.04353282248112186, -0.0045467793977664595, -0.6366217438608676, 0.11700949440691905, -0.26158496089094607, -0.05231479326800391, -0.3680846595662537, 0.43581804878273434, 0.5987257295473666, 0.7044026588912958, 0.32145689415688805, 0.03861294840239898]], "inverted": true, "swapped": false, "error_lsq": 0.044449792613262054, "error_max": 0.31075652574461543, "target": "531.xyz", "model": "10.xyz", "model_rescale": 4.260839863003843, "target_rescale": 3.963611105760307},
{"mapping": [3, 4, 8, 11, 10, 12, 6, 1, 5, 9, 7, 14], "R": [[-0.22898295195721413, 0.7777851301028593, 0.5853350315023342], [-0.9056138131679314, 0.050297226390617664, -0.42111021172235885], [-0.35697398940594965, -0.6265145492391133, 0.6928557501235821]], "T": [0.1020682268968397, 0.04077300426809417, -0.07979450977859509], "aligned_model": [[0.42540110540474363, 0.13891377243587055, -0.4363229887236013, -0.4394196213143706, -0.6674624809966204, -0.3500212902825887, 0.28420118728355526, 0.7415224365202779, 0.29711110722324025, -0.22439167481795574, 0.20628235477031642, -0.01691525840873674], [-0.10412744934730721, -0.5576271005509912, -0.5184313362451385, -0.24381669154744406, 0.1084227161729203, 0.37071225424188, 0.6430833252019811, 0.10177441195550478, -0.20810532050760278, 0.08288796437203794, 0.47980791560848174, 0.018497816178611782], [-0.8521682545085034, -0.23145188375460923, 0.22051443613855332, -0.5866895586247649, 0.1324461378809962, -0.4060354564439506, -0.2288471887281954, -0.06928600343874067, 0.4869080506270826, 0.6253570430327868, 0.5203853910289149, -0.09495463581406488]], "inverted": true, "swapped": true, "error_lsq": 0.04305895479363011, "error_max": 0.23562210641360581, "target": "531.xyz", "model": "11.xyz", "model_rescale": 3.890672605050136, "target_rescale": 3.963611105760307},
{"mapping": [5, 0, 2, 7, 1, 12, 8, 6, 9, 11, 3, 4, 12, 14], "R": [[-0.5849735929481826, 0.49645082601955215, 0.6413598622441214], [0.6633229246931893, 0.7478778635716485, 0.026103615764493243], [-0.4666996819473607, 0.440698625507286, -0.7667960148215569]], "T": [0.128899120769825, -0.041095550600266935, 0.181520790953893], "aligned_model": [[0.4266168623165616, 0.05852245430718264, 0.491424689103071, 0.5525474759130079, 0.7224843221978823, -0.2936524110732821, -0.4096488130040864, 0.41244414994580236, 0.08981720148736616, -0.6104437069040615, 0.11292271314639563, -0.060329415294742866, -0.2936524110732821, 0.010822723725879363], [-0.20087915366490577, 0.24290009059439194, 0.5290846588752819, -0.6592372536384765, 0.201269039271164, -0.20751356877347965, -0.16607774580430992, -0.20337509491031758, -0.6951954787108597, 0.2296487871919205, 0.7168198863873745, 0.42306748696719765, -0.20751356877347965, -0.0708455651837363], [-0.3725254925274774, -0.6887575857293309, -0.1340571184223927, 0.1340754823670436, 0.22213237640117955, 0.6435091475844948, -0.4406573446421707, 0.739583874299208, -0.23825812389940265, 0.2874106487788993, 0.56546146098709, -0.18067456303324309, 0.6435091475844948, 0.17403852560846864]], "inverted": true, "swapped": true, "error_lsq": 0.05423050043597737, "error_max": 0.46188568520611356, "target": "531.xyz", "model": "12.xyz", "model_rescale": 4.124412569039231, "target_rescale": 3.963611105760307},
{"mapping": [6, 3, 2, 12, 1, 7, 11, 9, 4, 8, 5, 0, 14], "R": [[-0.10966841270702557, 0.1954076725281068, 0.9745710239748921], [0.9173144559955564, 0.39746761085825955, 0.023530557583776868], [-0.38276236502025346, 0.8965686475868846, -0.22283992480775724]], "T": [0.033113114954919365, 0.018011825249525493, 0.07637885575258861], "aligned_model": [[-0.10041668166381257, -0.13874239439875696, 0.566992031057046, -0.5973633321086735, 0.4989793618952144, 0.3340388083714476, -0.5860022973925472, 0.19380292379743957, 0.15115349535822326, -0.02312546966214621, 0.5893584736773443, 0.5367197868946281, -0.05809639831564917], [-0.37222181418957573, 0.6060816175311382, 0.5027843403847774, -0.12102792861332559, 0.03423852975053122, -0.6667245324043779, 0.4743926802416898, -0.4484039039935383, 0.5982020346270541, 0.24793054874377793, -0.07318367896754129, 0.5340626864177852, 0.03135479698008206], [0.5744293944831846, 0.665226116628367, 0.26634882014246597, 0.12972107207068548, 0.5184632602199679, 0.009986094806449547, -0.12250703278653287, -0.5254712938472176, -0.10218773768404595, -0.7215776973823593, -0.2451929380818249, -0.49200717590868925, -0.0035328016926115674]], "inverted": true, "swapped": true, "error_lsq": 0.04220635955295325, "error_max": 0.2707125907090912, "target": "531.xyz", "model": "13.xyz", "model_rescale": 3.9028299243045295, "target_rescale": 3.963611105760307},
{"mapping": [0, 10, 4, 7, 3, 5, 14, 13, 2, 8, 1, 6, 11, 12, 15], "R": [[0.7224803137119373, 0.4938638917098488, 0.4838601582729283], [0.41992024458504273, 0.24253211590887924, -0.874554264148543], [-0.5492624003937812, 0.8350309151270775, -0.03215876701145385]], "T": [-0.09707954046828432, 0.12398228276732526, -0.027073676365544194], "aligned_model": [[-0.606874137614033, 0.2128425731764063, -0.27108500614811726, -0.332798671293894, -0.6938689735791637, 0.18875373513486676, 0.591487641733164, 0.6674565745199057, -0.494330974449136, -0.00027612674296267903, -0.18360676646558793, -0.5366648256950469, 0.2799830363496629, 0.4438796598064944, -0.10942587499073031], [0.299676548671009, -0.5378773826845088, -0.2765010029373096, -0.7303927351234422, -0.03428322743761675, 0.14126351114529864, -0.2676441817388513, 0.045575847328812535, 0.7436160237160875, 0.6884989595735866, 0.4772428359465161, 0.044972988645329254, 0.22899460511992667, 0.5580224174295099, 0.03633359585711815], [-0.6567223108390083, -0.17282232565934627, -0.5454350461332697, 0.16029701505694044, -0.11358290156676522, -0.45145856224023456, 0.36733043197576387, -0.23198417281661737, -0.046950668939454265, -0.5452022127890485, 0.5113673849137287, 0.4678309313152558, 0.5995465544405231, 0.029606073999029512, 0.044596420730990516]], "inverted": false, "swapped": false, "error_lsq": 0.05423063217818038, "error_max": 0.34188203806325923, "target": "531.xyz", "model": "14.xyz", "model_rescale": 3.942246331269136, "target_rescale": 3.963611105760307},
{"mapping": [2, 3, 1, 12, 0, 5, 4, 10, 7, 9, 6, 8, 11, 10, 14], "R": [[0.9606597561118113, -0.13498002617017407, 0.2427204678684817], [0.16730573574166424, 0.9788382803512425, -0.11783213359250988], [-0.22167910089842915, 0.15380511517541218, 0.9629134762639595]], "T": [-0.016219822380547005, 0.03672195422490172, 0.01993921727333807], "aligned_model": [[-0.48247170989781885, 0.25742841132873684, -0.3115847063584657, -0.27310285336648166, -0.7355574836684655, -0.02788174898468479, 0.5006162710380873, 0.6179238297826147, -0.5541788612651977, 0.13675094313407463, -0.07982948909216353, -0.5747703946455669, 0.16605736276271602, 0.6179238297826147, -0.1018515368081714], [0.26995873930918196, -0.5260103300104416, -0.5426667017908012, -0.732043893181053, 0.048577170326007224, -0.018055539570862006, -0.19376707453639713, 0.3615223241402032, 0.6943400458357104, 0.7473785571844187, 0.5256540772210486, 0.22413646642530305, 0.18966236041204798, 0.3615223241402032, 0.007290277606896437], [-0.537606922619691, -0.33360986131082204, -0.4634962038261578, 0.12523137470413742, -0.13214715875121447, -0.6122340056888886, 0.17297266813635276, 0.056913048116411374, -0.0755491390718213, -0.32608020949381883, 0.28392516148578806, 0.5216741922620225, 0.6963231944550197, 0.056913048116411374, -0.016812575065241288]], "inverted": false, "swapped": false, "error_lsq": 0.04602828384235136, "error_max": 0.3603927720455493, "target": "531.xyz", "model": "15.xyz", "model_rescale": 4.355366556412066, "target_rescale": 3.963611105760307},
{"mapping": [1, 5, 2, 12, 3, 6, 11, 13, 0, 7, 8, 14], "R": [[-0.25086761587198664, 0.5645271584266516, -0.7863679334163082], [-0.14384925297159407, 0.7815859048017986, 0.6069850622829759], [0.9572736451643383, 0.26539133522759173, -0.11486778251492613]], "T": [-0.07738747195027659, 0.013687144176482752, -0.017816095238597562], "aligned_model": [[-0.12784941408893033, 0.5200152804599744, 0.12225278191159586, -0.5185102673037605, -0.628914176100773, -0.5579606799953463, -0.30085155787109796, -0.19156260617053103, 0.6935252366065955, 0.14676884209425656, 0.5131655958794327, -0.07227048078963486], [-0.6178609376696046, -0.1919402458096901, -0.6035271353012226, 0.48661410546924366, -0.3345870100204318, -0.1185774409158388, 0.5195920725251147, 0.393460141440668, -0.11596077192495535, -0.04169050794157974, 0.5072290746638544, 0.13002508322542278], [0.08864469267225361, 0.1303772432744991, -0.3856611415638334, 0.019982902100274938, -0.5624489086620748, 0.39415758147435637, -0.5881379175860204, 0.543900938746738, -0.499351001510623, 0.6966875182423022, -0.3347127588873044, -0.054180687091146894]], "inverted": false, "swapped": true, "error_lsq": 0.04939798341986317, "error_max": 0.27267239039086527, "target": "531.xyz", "model": "16.xyz", "model_rescale": 3.795458400668931, "target_rescale": 3.963611105760307},
{"mapping": [5, 9, 13, 0, 6, 10, 8, 1, 4, 11, 12, 3, 14], "R": [[0.9068039153935692, -0.4215075016820697, -0.006171308826593003], [0.17695569536759959, 0.36732220113008834, 0.9131051869494099], [-0.3826138273819472, -0.8290994069366396, 0.40767736325855836]], "T": [0.0682589284078242, 0.030583570466755146, 0.03166766158630489], "aligned_model": [[0.0006066604893710664, -0.027306222219108042, 0.36993697256834535, -0.5911802123340625, 0.6627515809371417, -0.27621728445965466, -0.6724250805421913, 0.4648883536361473, -0.4241147348753968, -0.49504955615606183, 0.08077999474074359, 0.07152186456693535, -0.015560535447986815], [-0.4447752745147838, 0.06798069187565059, 0.4948016200457947, -0.581105995567308, 0.25615800861932225, 0.5941286191032089, 0.054123874456439826, -0.4394283793091221, -0.26161398306288713, 0.4749905801960633, 0.6674105889356652, -0.03565939938181583, 0.11677031407425767], [-0.4048997178900296, -0.7397318503531792, -0.37610859705442806, -0.15263303506188708, 0.14940252475594326, -0.4217120946408509, -0.3472691556771691, 0.2174286713849301, 0.2653961454542646, 0.3727379420144616, 0.14987327458241323, 0.8788410296306036, 0.010949893691222942]], "inverted": false, "swapped": true, "error_lsq": 0.04916242848706586, "error_max": 0.25407032461084483, "target": "531.xyz", "model": "17.xyz", "model_rescale": 3.7474275329858107, "target_rescale": 3.963611105760307},
{"mapping": [3, 11, 4, 12, 1, 7, 2, 8, 6, 5, 13, 10, 9, 14], "R": [[-0.7203498914485554, -0.5278195956849303, -0.4500027869925377], [-0.5919431289148511, 0.8059766960514906, 0.0022130414409498866], [0.36152367283561204, 0.26797022191452546, -0.893024408483066]], "T": [0.06603900180163108, -0.12426304574254321, 0.008339919295211155], "aligned_model": [[0.5619600925914572, 0.16238549599100727, 0.6145398250253116, -0.3430135734528064, 0.33887547270410634, -0.4045450493080472, 0.7587003737007214, 0.16503289072796232, -0.29118338819513345, 0.21179040645073038, -0.6190199895244817, -0.439384164045405, -0.32911507423772834, 0.027824329455181936], [-0.5134033687180419, 0.3050411233005259, 0.14778204193973116, -0.06423321142238356, -0.6446725627466197, -0.28127477037896, -0.316470078597094, 0.6965618707109753, -0.6536385247834354, 0.0355952998897377, -0.11917602271159342, 0.48649469465959005, 0.3068002418187864, -0.0249984914499852], [-0.5615140743510663, -0.6531419464949291, -0.07871498261014001, -0.490408920469963, 0.2680849508310293, 0.5720119164046168, 0.2068250730456886, 0.10429159978221628, -0.09325046085954988, 0.620169777224727, 0.06714313004471176, -0.10708318235614175, 0.5217852893500912, -0.05140345087963591]], "inverted": false, "swapped": true, "error_lsq": 0.027420120084475728, "error_max": 0.1422506068405978, "target": "531.xyz", "model": "18.xyz", "model_rescale": 3.922800546911778, "target_rescale": 3.963611105760307},
{"mapping": [0, 6, 1, 8, 5, 2, 4, 10, 3, 9, 7, 12, 13, 11, 14], "R": [[0.7795335911474429, -0.6218335396434014, 0.07516933714839946], [0.6069276537500004, 0.7795509259498735, 0.15472290381263776], [-0.15481021731879108, -0.07498935141240506, 0.9850941040268466]], "T": [-0.08322609377046576, 0.013448831175338405, -0.020240278841632042], "aligned_model": [[-0.7022455129586934, 0.2851336509665192, -0.2134952356647229, -0.20116069988285182, -0.8126677747097099, 0.08541567096003337, 0.5480672360592017, 0.6569379982457488, -0.4658150243665635, 0.21961235500785853, -0.0839949352912547, -0.6358650399844686, 0.09283769729254, 0.4643348114874296, -0.08162333341923816], [0.23794467110321343, -0.5316412478331918, -0.39311466445147997, -0.5258175772088292, -0.21069826288264723, 0.3223729003042927, -0.24834432288226987, 0.10197792102630421, 0.5192199573009162, 0.7030215323510405, 0.7182730613039097, 0.24482107335200665, 0.021184970924512353, 0.3534414508299251, 0.10485734027376337], [-0.534885022523937, -0.22749779049534555, -0.6249874149486844, 0.2437177168530913, -0.03461506647852078, -0.6441431859427116, 0.21808767858951997, -0.32833176590883145, -0.10372992938650151, -0.32930588619671797, 0.3558358205917649, 0.4893390822436956, 0.6436538696779108, 0.28278725519177983, 0.01049125018197532]], "inverted": false, "swapped": false, "error_lsq": 0.03842756742523074, "error_max": 0.28685309831495975, "target": "531.xyz", "model": "19.xyz", "model_rescale": 3.9282355846067225, "target_rescale": 3.963611105760307},
{"mapping": [7, 13, 12, 9, 5, 10, 8, 11, 0, 2, 6, 1, 3, 14], "R": [[-0.4767222969021565, -0.2170809988719294, 0.8518284402185088], [-0.8720367746541549, -0.00540984072972478, -0.4894104588932052], [0.11084996746553832, -0.976138603658335, -0.18672362239643026]], "T": [0.006547797234809964, -0.13543793446798197, 0.1312978826956063], "aligned_model": [[-0.6044426593385882, -0.10233150749254011, 0.47692802166528464, -0.484857224982779, -0.5715859520869505, 0.14986515253036847, 0.008394099598147957, 0.7162597112438785, -0.2714443565478829, -0.15945265664176095, 0.022812641291706202, -0.28733135885507477, 0.5659640804621496, 0.07374482823871728], [-0.5483884871643865, -0.7089285480418235, -0.5130102474587558, -0.18986119103506924, 0.14391294137521488, -0.26763020310574476, 0.3796178004411866, 0.08624133393499922, 0.7259420106649066, 0.3799152979922263, -0.7221340019387865, -0.13772425798535537, 0.019388405061693786, -0.12445876531546991], [-0.01009042715131278, -0.23207978604492893, -0.10504844882962314, -0.4696577421291037, 0.037178842431006554, -0.6457384267612083, -0.5225172590751573, -0.14854185062232636, -0.0227664054456386, 0.6441083456980861, 0.4027569373002766, 0.7025798629743013, 0.7519295931150851, 0.030069921784226142]], "inverted": false, "swapped": true, "error_lsq": 0.0394618499094383, "error_max": 0.2460849788011327, "target": "531.xyz", "model": "20.xyz", "model_rescale": 4.067790424073018, "target_rescale": 3.963611105760307},
{"mapping": [10, 12, 12, 3, 11, 9, 0, 7, 13, 1, 5, 6, 4, 8, 14], "R": [[-0.16557738651359533, -0.4291889857827194, 0.8879081841936858], [0.5289651602425901, -0.7985186846895781, -0.2873391192496368], [0.8323340605339051, 0.422095634524247, 0.35924265753208495]], "T": [-0.05161751228194743, 0.10262554601828103, 0.09517289451538923], "aligned_model": [[-0.402019969639464, -0.14212286327230889, -0.14212286327230889, -0.2874067722201137, -0.6135177951878816, 0.13470425276979314, 0.5133840848188495, 0.6078965506926647, -0.5542459303961209, 0.19999272090760067, -0.07723031613788113, -0.5260429900844548, 0.12086065288324037, 0.4035170692073474, -0.08017396732713347], [0.3199209589849238, -0.4242699432465772, -0.4242699432465772, -0.7036755709541072, -0.14786742691118818, 0.12437847558295942, -0.32108869807283824, 0.2110218458622625, 0.5368332578898731, 0.715453512852276, 0.6557569029340493, 0.0012364038816134182, 0.3503911738089805, 0.41570417196948806, 0.10797368217632794], [-0.6128438022758224, -0.4536474692942498, -0.4536474692942498, 0.2294373735026139, -0.10370796570583775, -0.6590557905611254, 0.1706544429149749, -0.23642234086600022, -0.1260777356136067, -0.3890164020404433, 0.29975981279963393, 0.6539193580961663, 0.8376929083621606, 0.23660197013324796, 0.022769721291024905]], "inverted": true, "swapped": false, "error_lsq": 0.045087057872412545, "error_max": 0.36767207356363035, "target": "531.xyz", "model": "21.xyz", "model_rescale": 4.186013935880536, "target_rescale": 3.963611105760307},
{"mapping": [11, 12, 10, 0, 2, 8, 4, 3, 13, 6, 1, 5, 14], "R": [[-0.10769618559896027, 0.912926195031119, -0.3936588548901674], [0.9699404311312797, 0.183391958497704, 0.15994670867274485], [0.21821340853463103, -0.36459998900765195, -0.9052346415992478]], "T": [-0.041572559337937645, 0.0832710390596624, 0.048193508548401584], "aligned_model": [[-0.0891914327092083, -0.17864592611506208, 0.496704286657872, 0.4628706273956165, -0.2418048300355547, 0.6449848058334299, 0.002608975277368697, -0.7825608026086953, 0.1508584351827436, -0.43984596865372244, -0.37443884557871004, 0.3939391514152096, 0.013095559361937653], [-0.3531611068331484, 0.28437999939967207, 0.23187711705661918, -0.5962381644398902, -0.38471151189734554, -0.3276070624946692, -0.5307947561575228, -0.3275895096641446, 0.6904830128549495, 0.5925525202084535, 0.13502555348404152, 0.04595659956069889, 0.05878396846837935], [-0.6139261182561477, -0.5521764388084301, -0.5262404363729833, 0.40427659722272685, 0.5931880457965089, -0.18110592122852215, 0.10660095583198313, -0.01685667336638398, -0.21075329722825142, 0.03487046626676395, 0.5952353646905522, 0.5278508029589755, -0.05808378617144595]], "inverted": false, "swapped": true, "error_lsq": 0.05000985297722428, "error_max": 0.33537344569621935, "target": "531.xyz", "model": "22.xyz", "model_rescale": 4.166573947596378, "target_rescale": 3.963611105760307},
{"mapping": [11, 4, 3, 8, 9, 2, 0, 1, 12, 6, 13, 10, 7, 5, 15], "R": [[0.6386853471223475, -0.3090449116635856, 0.7046788417045409], [-0.37807520064344613, -0.9236683734758309, -0.06241697284337795], [0.6701792073987558, -0.22655678849983651, -0.7067756727243912]], "T": [-0.17342157870361763, 0.10579681782385551, -0.07061786012434051], "aligned_model": [[-0.6841908515141365, 0.20676824480250988, -0.3091445249639305, -0.22782836689272815, -0.7262978592840927, 0.1580067126107696, 0.5075614196192384, 0.5227283341061199, -0.46040679944056906, 0.22557506999221855, -0.12357561903789699, -0.36492560234370824, 0.12877490503669586, 0.4093918483422525, -0.10696504729091437], [0.17258997270922022, -0.48586955289193223, -0.2887692468649969, -0.6559494512930045, -0.12493133110052242, 0.0947346761540572, -0.25588373772119394, 0.17822437962945775, 0.6346646311731363, 0.6628153681929349, 0.6439201863731263, 0.20465090221171778, 0.013085035155105548, 0.4999328806312111, 0.12428409115314878], [-0.6679006673768826, -0.2833151032446532, -0.5034267723135846, 0.19558068064302597, -0.03135584352401838, -0.6561451062258303, 0.19809219657963167, -0.20563122262239825, -0.330078212222557, -0.401736631626478, 0.5811119607538615, 0.6466654256376878, 0.5708425503606624, 0.37215437754544606, -0.0684410209154256]], "inverted": true, "swapped": false, "error_lsq": 0.044641801226823784, "error_max": 0.27627987883977045, "target": "531.xyz", "model": "23.xyz", "model_rescale": 4.274766983524099, "target_rescale": 3.963611105760307},
{"mapping": [12, 10, 7, 6, 5, 2, 3, 4, 11, 8, 14], "R": [[-0.51102352450013, 0.3902936145038907, 0.7658497580367535], [0.08184629136419994, 0.90901755307973, -0.40864198607444513], [-0.8556612308603165, -0.14614370554501782, -0.4964734386975596]], "T": [-0.1613959007567018, 0.055464900720083206, -0.026660685318539483], "aligned_model": [[0.33149507563115904, 0.3969604538568035, -0.6033477037052719, -0.3461270064085423, -0.5565736338451571, -0.558411741372812, -0.05728179207268519, -0.026662582665949452, 0.5920813062866304, 0.25511342555274175, -0.047351097298841446], [-0.07661329293127125, 0.5784970600468741, 0.4748562360152441, -0.24431399216279237, 0.50338556132693, -0.19501586631033024, -0.7500450054320295, -0.008842388976684275, -0.10747976790230218, 0.6424277470381801, 0.09873024053166493], [-0.4257744932168843, -0.264306699388733, -0.46554297353173923, -0.5690386651917358, 0.22698390609259678, 0.5527851564190384, 0.22317033115860888, 0.573465754894666, 0.1653395977626816, 0.3913759836991154, -0.028891464676037037]], "inverted": false, "swapped": true, "error_lsq": 0.0497766300147413, "error_max": 0.2817422098426842, "target": "531.xyz", "model": "24.xyz", "model_rescale": 3.7841303162186577, "target_rescale": 3.963611105760307},
{"mapping": [0, 4, 1, 6, 7, 8, 5, 2, 10, 9, 14, 11, 13, 12, 15], "R": [[0.7229221982246575, 0.4658262384406509, -0.5102836572870653], [0.5598581687736641, -0.8277380030438329, 0.03753170891935842], [-0.40489792068054486, -0.31281897943897485, -0.8591868015346428]], "T": [-0.11273140208754778, 0.10306383186340935, -0.061885123200707694], "aligned_model": [[-0.6065358372690481, 0.24820672658744658, -0.156644961087391, -0.327357748332956, -0.7588990590900149, 0.02303522305393793, 0.6846580374062026, 0.5724133497962438, -0.5984566577567465, 0.19240965817894196, 0.05354860715755508, -0.5601109342533788, 0.012051937068898094, 0.5018086461395146, -0.12465512385737697], [0.020291313720288806, -0.5382290373313092, -0.3093669946401779, -0.5517215770152597, 0.031203464275120912, 0.12023610363988824, -0.1886584930111755, 0.10811423748226105, 0.7101464132978281, 0.5943179402579059, 0.7869531662559259, 0.009134698603044888, 0.23734954131240693, 0.3452446349853464, 0.0424833916793717], [-0.6009916427188076, -0.1850576284401235, -0.6791442312653349, 0.15541202832219952, -0.07232575126023269, -0.6369766987072432, 0.15813058623226264, -0.3770742573668535, -0.03401362160476216, -0.14962931304308147, 0.30410025784636474, 0.5549263887595709, 0.6986386856164702, 0.31075531227621295, -0.030333503198154456]], "inverted": true, "swapped": false, "error_lsq": 0.0450449462791064, "error_max": 0.2924774468251229, "target": "531.xyz", "model": "25.xyz", "model_rescale": 4.19342608120988, "target_rescale": 3.963611105760307},
{"mapping": [1, 5, 2, 12, 3, 6, 11, 13, 0, 7, 8, 14], "R": [[-0.25086761587198664, 0.5645271584266516, -0.7863679334163082], [-0.14384925297159407, 0.7815859048017986, 0.6069850622829759], [0.9572736451643383, 0.26539133522759173, -0.11486778251492613]], "T": [-0.07738747195027659, 0.013687144176482752, -0.017816095238597562], "aligned_model": [[-0.12784941408893033, 0.5200152804599744, 0.12225278191159586, -0.5185102673037605, -0.628914176100773, -0.5579606799953463, -0.30085155787109796, -0.19156260617053103, 0.6935252366065955, 0.14676884209425656, 0.5131655958794327, -0.07227048078963486], [-0.6178609376696046, -0.1919402458096901, -0.6035271353012226, 0.48661410546924366, -0.3345870100204318, -0.1185774409158388, 0.5195920725251147, 0.393460141440668, -0.11596077192495535, -0.04169050794157974, 0.5072290746638544, 0.13002508322542278], [0.08864469267225361, 0.1303772432744991, -0.3856611415638334, 0.019982902100274938, -0.5624489086620748, 0.39415758147435637, -0.5881379175860204, 0.543900938746738, -0.499351001510623, 0.6966875182423022, -0.3347127588873044, -0.054180687091146894]], "inverted": false, "swapped": true, "error_lsq": 0.04939798341986317, "error_max": 0.27267239039086527, "target": "531.xyz", "model": "26.xyz", "model_rescale": 3.795458400668931, "target_rescale": 3.963611105760307},
