[{"mapping": [7, 12, 2, 11, 0, 9, 1, 8, 5, 3, 6, 10, 13, 14], "R": [[0.03070856150254478, -0.9904329949639903, 0.13453425860019846], [0.5453893118270661, -0.09619142138783557, -0.8326450077891463], [0.8376201303665307, 0.09894287714660663, 0.5372176693545251]], "T": [0.014135174009208114, 0.08902115406884749, 0.13921020937132758], "aligned_model": [[0.17558765813194838, 0.2592541904051331, -0.6286184146506733, -0.35158359948304846, -0.4880684702889248, -0.2175004503280899, -0.65845436885378, 0.09692679510979946, -0.41917165435088205, -0.12024410836274363, 0.7089284341294206, 0.2998090419728091, 0.7083878475351145, 0.00623920016222046], [-0.524593818481016, -0.280869732774605, -0.3789638743624623, -0.3972848654308857, 0.14012463060219127, 0.13199995429733186, 0.23610447697688092, 0.4930451092599575, 0.7337862869302039, -0.09794975527599047, 0.4704601968731853, 0.7342318964875842, -0.07798472171622813, 0.053167548423887226], [0.2665403442604003, -0.31308178564575073, 0.3205771558712762, -0.24793537505762722, 0.5249894430319837, -0.659466907619941, -0.11800557986244306, 0.6522927814574534, 0.20649534545151535, 0.8365174451782074, 0.3946288864033546, -0.05112185966976451, 0.015266076140809423, 0.06989211724035953]], "inverted": true, "swapped": true, "error_lsq": 0.05022428364967698, "error_max": 0.40338757750893445, "target": "532.xyz", "model": "0.xyz", "model_rescale": 3.8414455957264533, "target_rescale": 3.8653293349627127},
{"mapping": [9, 6, 2, 7, 0, 8, 11, 4, 13, 10, 12, 5, 3, 1, 14], "R": [[0.13913783861320878, -0.6499428830026641, -0.7471378123882035], [-0.6815112052814816, 0.4845379361195416, -0.5484208835710014], [0.7184588637784544, 0.5854888874224693, -0.37552579640148853]], "T": [-0.04785228948921732, -0.0723315097536942, -0.05427846170385087], "aligned_model": [[-0.5331453212823348, 0.25624493452736025, 0.27897649421971477, -0.3850106014816554, -0.3772353095926603, -0.3808321006445589, -0.3042560715534814, 0.16816011467081513, -0.7659573824669894, 0.3709784418334871, -0.1410084245946452, 0.5792822431619036, 0.6148504605380025, 0.27858756845242555, 0.0029422440174496217], [-0.5512104817232008, -0.7451116521136745, -0.6051255292622503, -0.2832817524023469, 0.33959766146656023, -0.2789134037039632, 0.6906308357165329, -0.004543194333477996, 0.09555017612862898, -0.05654585507348811, 0.2930251725651811, -0.26763041750811334, 0.28256877999873453, 0.7203908068422052, -0.0011824685668520157], [-0.08026467904909562, 0.20051347728782715, -0.44660257074341436, -0.559035105955322, -0.5516098939223426, 0.6318343307402517, 0.22574111273280428, -0.5488091689300888, 0.121755102209467, 0.4867510495211803, 0.6091414453265583, -0.0005811659722701479, -0.2739321242730386, -0.17058082232741145, -0.03374243552005405]], "inverted": false, "swapped": false, "error_lsq": 0.04311238755518608, "error_max": 0.2957699190941935, "target": "532.xyz", "model": "1.xyz", "model_rescale": 4.316132596720782, "target_rescale": 3.8653293349627127},
{"mapping": [2, 0, 3, 12, 7, 11, 13, 9, 8, 1, 10, 14], "R": [[0.8289387350654192, 0.15488557677302542, -0.537467237713919], [-0.31009652968875995, -0.6724514449141082, -0.6720485075557538], [-0.4655112413069432, 0.7237537649923593, -0.5093915702838571]], "T": [0.03792109928088041, 0.07029965280859723, -0.12814340138885658], "aligned_model": [[-0.17105538484164817, 0.3460860434238022, 0.19292851940649205, -0.5287939240700494, -0.4836888785202329, -0.4820425304653665, -0.30103082102409806, -0.21385060516466523, 0.5947562762051655, 0.19446981974911784, 0.4714255774659001, -0.021395537532636635], [-0.6312055624736299, -0.4558809498668654, -0.5701365246202563, 0.3515719816567892, -0.20510059662276464, -0.09197329208182906, 0.4724812356459939, 0.5076779520602432, -0.05159531004253842, -0.06670990510528405, 0.6564925980185325, 0.09715480117258948], [0.2313776603993888, 0.050221458808995756, -0.45228456805391914, -0.09363820673732914, -0.39437814008594807, 0.34454125514961076, -0.6267428955270344, 0.534199869975031, -0.45741492831225605, 0.5767615840080861, -0.17898094514267018, -0.08440368327253474]], "inverted": true, "swapped": true, "error_lsq": 0.039587615208863426, "error_max": 0.20626135153090247, "target": "532.xyz", "model": "2.xyz", "model_rescale": 3.795458400668931, "target_rescale": 3.8653293349627127},
{"mapping": [11, 7, 12, 6, 1, 10, 13, 0, 4, 8, 9, 14], "R": [[-0.9121424450770544, -0.408800128030807, -0.029641444142426837], [0.025098939021500566, -0.1278923828926518, 0.9914704139095802], [-0.409104147068748, 0.9036182787660038, 0.12691652032386108]], "T": [0.11208408352924454, 0.019048983981345018, 0.002424950905031538], "aligned_model": [[-0.27995577298026925, -0.10964132359929926, -0.5107153631064125, 0.2278896938353281, 0.21562255518316772, 0.1290891596140232, -0.3208720211700014, 0.6379964811423857, 0.3221414726872456, 0.6772769335176256, -0.43814637923892114, 0.04261838985869289], [-0.06494130132808931, -0.5825653909489653, -0.09593940139161783, 0.004626258399196274, 0.4512337814119036, 0.5633878444293319, -0.22850591330571968, -0.017811597887768697, -0.5624886691905298, 0.042912815830569606, 0.545917563362546, 0.029943055908852642], [-0.5970547003850117, -0.08533147409357622, -0.016788836460000275, 0.8269570387398054, -0.5829520601185825, 0.48980446408631345, 0.528262824816487, -0.3521214216966217, 0.5050588662535624, 0.33907179037145185, -0.33379419613965905, -0.03234086473506792]], "inverted": false, "swapped": true, "error_lsq": 0.048790569815671515, "error_max": 0.2629927709636661, "target": "532.xyz", "model": "3.xyz", "model_rescale": 3.7530521520055578, "target_rescale": 3.8653293349627127},
{"mapping": [10, 9, 1, 2, 5, 7, 8, 13, 4, 3, 14], "R": [[0.25346966383473263, 0.9577174356723117, 0.1361265695033823], [-0.4358995801538997, -0.012544464655523127, 0.8999078799678111], [0.8635651020838913, -0.28743686231198295, 0.414288986876408]], "T": [-0.11542682640110913, -0.02985514113795139, -0.04305368722378786], "aligned_model": [[-0.494690443390651, -0.20829944852101262, 0.3973266309628568, 0.5779043161016268, 0.2665148178834391, -0.1746958202493379, -0.02388687755485404, -0.7917412986472742, -0.36436353036100916, 0.28621870905564034, -0.13208745283421944], [-0.6538985671667938, -0.1935607718601548, -0.28575395981963303, 0.3755359980244455, -0.7096502989370159, 0.6093664788461484, -0.35813578966428405, 0.20365700572047984, 0.2632449016834574, 0.21997247418218974, -0.0035741126944928946], [-0.013699492745313048, -0.8542025758176841, -0.5032382652314421, -0.1844258307959564, -0.0412378158921995, 0.038714945703297775, 0.5201476872770223, 0.07231830810796841, 0.654853100230519, 0.51865826747522, -0.11505755106611568]], "inverted": true, "swapped": true, "error_lsq": 0.05291559745030497, "error_max": 0.277087916963926, "target": "532.xyz", "model": "4.xyz", "model_rescale": 3.7855080009869324, "target_rescale": 3.8653293349627127},
{"mapping": [5, 4, 0, 3, 9, 7, 15, 2, 10, 11, 8, 1, 12, 14, 16], "R": [[-0.3040682962846062, -0.7521549985823546, 0.5846411970620571], [0.8852856502221642, 0.0035772836871692804, 0.4650338918317044], [-0.3518689936685196, 0.6589765254916139, 0.6647842884317465]], "T": [0.015174507597277662, 0.02078558550248093, 0.07287124585596269], "aligned_model": [[-0.47432834175009353, 0.15580294186686805, 0.1198600632172893, -0.3211310420265432, -0.3672025062843314, -0.39665600586481053, -0.35279559460954785, 0.16525124402623814, -0.7099482297318412, 0.7138033308171733, -0.31146004740628336, 0.6041107479278497, 0.6385686656392019, 0.18069942337842976, 0.018002640605234342], [-0.5925821202617688, -0.6754052875838155, -0.6360768456111205, -0.13370301877308455, 0.34587940215299523, -0.431292962531257, 0.753663247829239, 0.05293088062826366, 0.08141776578216252, 0.007685152889243475, 0.35621497872882385, -0.39775584975739753, 0.2782203179156924, 0.5617036587757571, 0.05731935784674233], [-0.1252960133611162, 0.27913005311415373, -0.33461686974567295, -0.5148773856528207, -0.43211969354753577, 0.5057570119249899, 0.15537241330358403, -0.6497831257234252, 0.11140731463758888, 0.4525847883219506, 0.5983299631697524, -0.15314006090823754, -0.017529778898690368, -0.29821707084888605, 0.03357700533941698]], "inverted": false, "swapped": false, "error_lsq": 0.03135743505819834, "error_max": 0.180209977705616, "target": "532.xyz", "model": "5.xyz", "model_rescale": 4.2253639853439635, "target_rescale": 3.8653293349627127},
{"mapping": [7, 11, 0, 3, 2, 5, 8, 4, 9, 12, 1, 10, 6, 14], "R": [[0.029097422702152487, -0.8419168440415986, 0.5388222041741851], [-0.6477393145406395, -0.42643779440304747, -0.6313355588774382], [0.7613061935847595, -0.3306460875675066, -0.5577508802196426]], "T": [0.08053284523640478, 0.026241086018913062, 0.039731356197327844], "aligned_model": [[0.47222954148545493, -0.16943580312726922, -0.30413125783969386, 0.18514709131879165, -0.29615722820374324, -0.5238952020635997, 0.1317962507667944, 0.7448805546202263, -0.32886085041866864, 0.3287716150876818, -0.640711510749738, 0.06885028964843412, 0.6355766543951162, 0.07000200783799697], [-0.17109787979128824, 0.16401328295909223, -0.47874508336874677, -0.7005873470574804, -0.44530199501653916, -0.03590209641040931, -0.3352857839196231, -0.379405680792448, 0.6997739883805517, 0.4430091345769089, 0.08171104269576254, 0.4305083608995301, 0.09228332324944397, 0.08012588023023605], [-0.43611970573085845, -0.6225827430144486, 0.06558052089874625, 0.045170287066209264, -0.5087099288578493, 0.5284123708778575, 0.5874666209348817, 0.21015384082620744, -0.22885309668645806, -0.36788679350795106, -0.0902679597311278, 0.648471239752545, 0.657013229474786, -0.01628967337109123]], "inverted": true, "swapped": true, "error_lsq": 0.03892889124153977, "error_max": 0.24727983032078873, "target": "532.xyz", "model": "6.xyz", "model_rescale": 3.89814844738969, "target_rescale": 3.8653293349627127},
{"mapping": [7, 4, 13, 2, 12, 8, 0, 11, 1, 5, 10, 9, 14], "R": [[0.6922983788574708, 0.7068461128733032, -0.14522922346146377], [-0.513177065072282, 0.6237479674399631, 0.5895657495125664], [0.5073186912731651, -0.3336271059587588, 0.7945569203364015]], "T": [-0.0498962125696204, 0.13640323196690157, -0.07741873279389742], "aligned_model": [[0.2542123825994762, 0.053286706059578054, 0.5777118852490746, -0.40100756717383124, 0.5391461256731009, -0.45939256726026445, -0.6432055232550359, 0.1254263140876374, -0.4358513267834305, -0.6685491202895184, -0.019326069163877385, 0.22651976917323124, -0.00033920801191805044], [-0.27734921043182803, 0.3178807949584086, 0.37605719301075863, -0.5992942446348053, -0.058294919697841674, 0.5443190109481796, -0.07964200344794697, -0.4902014205311282, -0.12739002188684095, 0.4353713023010605, 0.8209736349002597, 0.0026739125357370663, 0.09867723744647247], [-0.4712842951003872, -0.8464247022693924, -0.3492899153698781, -0.09991698702844835, 0.051392767551182286, -0.3924758505113329, -0.14780481730257433, 0.23363446288737333, 0.48969847582432435, 0.29121502350755346, 0.1766709900110549, 0.6965955119705689, -0.02973563333374868]], "inverted": false, "swapped": true, "error_lsq": 0.043919347336758924, "error_max": 0.2226546817179744, "target": "532.xyz", "model": "7.xyz", "model_rescale": 3.7474275329858107, "target_rescale": 3.8653293349627127},
{"mapping": [5, 7, 9, 8, 2, 6, 1, 4, 3, 10, 0, 11, 12, 1, 14], "R": [[0.10559398516872312, 0.8649998050964587, 0.4905356740128864], [0.3401287232160978, 0.4321232927930887, -0.8352136920986426], [-0.9344315715661448, 0.25503881471012946, -0.24858165871937854]], "T": [0.07760103798737063, -0.009483969790631507, -0.06630255173086932], "aligned_model": [[-0.3635470176825157, 0.15499333984549124, 0.1713846267376264, -0.34175030825578234, -0.4400537040619309, -0.3096458032623881, -0.06247732399460386, -0.01977216767814058, -0.6219890113305633, 0.43376757848977243, -0.17392189635455685, 0.5834197371219101, 0.6369404164374989, -0.06247732399460386, 0.07770614778761913], [-0.569134159958038, -0.6072356076917548, -0.717469684557604, -0.2399959995997524, 0.4954684077455196, -0.3010382166048391, 0.7233267555377132, 0.1152958900736529, -0.035496551841747624, -0.15107583688953782, 0.28375399322449807, -0.37068785382203995, 0.24790565989802613, 0.7233267555377132, 0.031275126978666225], [0.0058190237244174214, 0.2508425931533672, -0.33144648670849763, -0.5523261811706929, -0.49716930642923995, 0.590944816848442, 0.02407617031168388, -0.8325755391421427, 0.08871888373847911, 0.5881899984836149, 0.46751478423127946, -0.07891815145241349, -0.027153387715328194, 0.02407617031168388, -0.1100148370596017]], "inverted": false, "swapped": false, "error_lsq": 0.04942425077566526, "error_max": 0.3867154346703269, "target": "532.xyz", "model": "8.xyz", "model_rescale": 4.019505241142653, "target_rescale": 3.8653293349627127},
{"mapping": [7, 12, 13, 4, 3, 8, 10, 2, 0, 1, 9, 5, 14], "R": [[0.9729172199409863, -0.1434704214060552, -0.18124105860392606], [-0.22080983976152585, -0.34491274189586457, -0.9122928340957012], [0.06837468688624543, 0.9276052170290151, -0.36725122672873706]], "T": [-0.00012818928922781261, -0.02199322186173261, -0.029721792302330637], "aligned_model": [[-0.313402607435683, -0.539276773673628, -0.10096536692870181, 0.36999327919619435, 0.3404999327943608, 0.6539094503867399, 0.35679385946547065, -0.2928279036826285, 0.23263148446508145, -0.17804433206708728, -0.566199803158885, 0.43156969148474184, -0.07498013910479896], [-0.4906237742932731, 0.10205072842431617, 0.10086579886001235, -0.43372900369296596, -0.6707249181591829, -0.09664973332872348, 0.6073954667947971, -0.6015991394747278, -0.36773653431351283, 0.1166586722065388, 0.524181767545097, 0.2719045041670961, 0.0013843933785879017], [-0.34760187453516267, -0.3385948268634588, -0.7368125997944607, -0.6028140590283261, 0.01899126801529307, -0.031891090325837035, -0.1327231863669181, 0.463654321140289, 0.44978856102967096, 0.6697720659178779, 0.2434872592573597, 0.5492991399314529, -0.027851484333901232]], "inverted": true, "swapped": true, "error_lsq": 0.050463371240167976, "error_max": 0.34015647475078903, "target": "532.xyz", "model": "9.xyz", "model_rescale": 3.877068213659057, "target_rescale": 3.8653293349627127},
{"mapping": [11, 10, 12, 0, 1, 9, 7, 5, 8, 13, 2, 6, 3, 4, 15], "R": [[-0.5877878291739069, 0.46596783285138, -0.6613466917002112], [0.573002159459817, 0.8168696602409743, 0.06627581332719802], [0.5711164444571811, -0.3399969660534981, -0.747146618773721]], "T": [0.04808521233998313, -0.04752938585790416, 0.05655338291062848], "aligned_model": [[-0.3805735418695765, 0.04450439112507594, 0.1870158856576511, -0.40005018653791785, -0.3486311669928741, -0.3332905352676205, -0.4038371920775213, 0.13180820644143593, -0.7194568298412618, 0.6205326026949031, -0.05641933535417874, 0.5502602094880191, 0.5622018619065404, 0.2077775010833794, 0.0007354193487783545], [-0.6261649564805624, -0.700567733021107, -0.5107351408915433, -0.26387986849962974, 0.44569636847845995, -0.1989165820828861, 0.631516027278029, 0.16202387192251705, 0.00045344572491778923, 0.08053858784678812, 0.3241158410880889, -0.40393667510339926, 0.15591340252940006, 0.6076248534044587, -0.07546276416305617], [-0.10496387658012349, 0.3335712060080911, -0.5129498323820911, -0.5648427617241986, -0.5369540558226931, 0.5735444465234663, 0.08737604829439713, -0.691827091617422, 0.11900173889888735, 0.5600820070728375, 0.5962884871506667, 0.023406866700086883, -0.2549854512976949, -0.0014291613369395717, -0.014740018762218789]], "inverted": true, "swapped": false, "error_lsq": 0.04029684220167346, "error_max": 0.2378563260338109, "target": "532.xyz", "model": "10.xyz", "model_rescale": 4.260839863003843, "target_rescale": 3.8653293349627127},
{"mapping": [9, 10, 8, 5, 3, 0, 11, 12, 6, 4, 7, 14], "R": [[0.818102227419414, 0.5517267247500589, 0.16219237555435956], [0.47394664577631695, -0.48712953193362274, -0.7335389533457022], [-0.32570434821901295, 0.676980383995506, -0.660010785697117]], "T": [0.040343861925549104, 0.045964691786056645, -0.08659461203952637], "aligned_model": [[0.5740401280425378, 0.1739346616402036, -0.4468749022845877, -0.3981294406815274, -0.555188583761084, -0.5427295059700538, 0.30332561251903434, 0.6322745179121225, 0.07773457089732466, -0.1365081157166409, 0.1740426531677416, 0.10297705332905929], [0.06269525983314159, -0.6675391433184851, -0.33391618387644567, -0.3690689877160923, 0.3023555334546998, 0.21666257049649937, 0.6196288257580747, 0.2667091807331509, -0.5686759718201776, 0.015846899132917237, 0.5495631223987487, 0.07881740045690244], [-0.7255592124379369, -0.17143878094933165, 0.1406759993000926, -0.5800440839961627, 0.25816347129371475, -0.27242616113320606, -0.43570137175367585, -0.03800841823859906, 0.47402193051432095, 0.6897862856034224, 0.2972236474563621, -0.12051522826349562]], "inverted": false, "swapped": true, "error_lsq": 0.05155287349914409, "error_max": 0.31017010666007405, "target": "532.xyz", "model": "11.xyz", "model_rescale": 3.890672605050136, "target_rescale": 3.8653293349627127},
{"mapping": [13, 6, 4, 12, 7, 1, 10, 11, 9, 5, 3, 8, 0, 14], "R": [[-0.433832593012514, -0.3905218793127026, 0.811961786673556], [0.888145389448286, -0.033709683798599344, 0.4583245841321967], [-0.15161480284520695, 0.9199762600177646, 0.3614645661222351]], "T": [0.09219553608140568, -0.03448092687534422, 0.12358640201904977], "aligned_model": [[0.5692256510548708, 0.10249649466718526, 0.5078293670866392, 0.5187563406254155, 0.711465989877087, -0.3699689243284249, -0.3410500770983794, 0.3280082782205201, -0.0845204957277777, -0.6789083419036859, 0.21478213479797792, -0.2038758187198914, -0.18175620193716457, 0.11739143817932138], [-0.08957241570323037, 0.3429923356747449, 0.5840806999553981, -0.49003599778310164, 0.04587238006002335, -0.35498512452289865, -0.11896299931369018, -0.5128077691587842, -0.8464039821778983, 0.04726323140739701, 0.6173735927080186, 0.5247918196091078, 0.2901982225705409, -0.10765147349786247], [-0.4192276385823357, -0.6186264681016179, -0.15851470395457104, 0.014105323643536005, 0.2934412033579703, 0.5967155916722049, -0.45890289021925357, 0.6090977324997885, 0.1778060783965015, 0.2055673482049247, 0.4387236811443749, -0.05779519180212275, 0.5960052605922697, 0.13639510850519218]], "inverted": true, "swapped": true, "error_lsq": 0.05053584615334467, "error_max": 0.31417905765994764, "target": "532.xyz", "model": "12.xyz", "model_rescale": 4.124412569039231, "target_rescale": 3.8653293349627127},
{"mapping": [1, 9, 10, 11, 5, 0, 12, 3, 13, 7, 8, 6, 14], "R": [[0.8902024496445211, -0.2352147867203494, -0.39014561737253256], [-0.3699973451934365, -0.8729325436818229, -0.31794769810613743], [-0.2657848061810589, 0.42739066237961143, -0.8641155353967513]], "T": [0.08801200829070586, 0.09978550392613168, -0.0417423147305993], "aligned_model": [[-0.06113937780532473, -0.33387434146970074, 0.587230418008889, -0.5915976905690719, 0.569547808519254, 0.22403783771967567, -0.40109146835611087, 0.26191123977226605, 0.029616789443813088, -0.32427523476876297, 0.7048645748497202, 0.6811074765896477, 0.02096027557546322], [-0.2778365472692615, 0.37129755650350404, 0.5340348000672476, -0.048505886272399226, -0.19481781518407254, -0.5184881552282563, 0.5005912437258905, -0.43202928965006465, 0.7081912323190979, 0.06827710604523408, -0.06472635413775311, 0.5740686802972039, 0.12742880529210698], [0.5708959225302497, 0.6228481532478063, 0.2686466117385632, 0.14869347559753598, 0.4961576118933364, 0.011926474224687851, -0.0817822597959354, -0.5173318186142513, -0.43119366404309156, -0.5395672362552697, -0.20227983170769587, -0.3834517707826362, -0.011863587065460292]], "inverted": true, "swapped": true, "error_lsq": 0.047798004137482066, "error_max": 0.2877686902395214, "target": "532.xyz", "model": "13.xyz", "model_rescale": 3.9028299243045295, "target_rescale": 3.8653293349627127},
{"mapping": [10, 14, 7, 4, 0, 13, 8, 3, 5, 11, 12, 9, 6, 2, 15], "R": [[0.7453103652720395, -0.6306208905536722, 0.21640182951017856], [-0.20065221950952633, 0.09736891333631716, 0.9748117672256555], [-0.6358074757534391, -0.7699588216995752, -0.053965420993836416]], "T": [0.002085357407278405, 0.06908832345518744, -0.030732168544382293], "aligned_model": [[-0.2575032528832496, 0.13410400877641074, 0.23198447518565182, -0.4406686461090958, -0.41736723899141653, -0.4470470400664608, -0.5020800813159395, 0.11386670302271608, -0.4923918684420835, 0.47091992611948724, -0.11124074602657565, 0.563305818125501, 0.6122581918080987, 0.13323886022484813, 0.07119818037694034], [-0.6281133036765547, -0.6097732758463655, -0.6527652214765461, -0.14837962419893563, 0.5214434788375014, -0.2562321032588226, 0.631293695897321, 0.16209331366359453, 0.04571378203246014, -0.07670239075161668, 0.25361453764220615, -0.4655861996287278, 0.0824247944398493, 0.7869888492546763, -0.01780165489956391], [-0.07404783062240754, 0.5213263948955538, -0.527423029293184, -0.49553304848764856, -0.584492714284294, 0.5394415429658377, 0.1312847723965292, -0.6369866100183292, 0.09983481650447684, 0.5213510708040271, 0.6305904150101127, -0.031185268838071614, -0.29891030514425765, -0.12854506805811505, -0.05612658670517871]], "inverted": true, "swapped": false, "error_lsq": 0.038880328251871384, "error_max": 0.26579050787428293, "target": "532.xyz", "model": "14.xyz", "model_rescale": 3.942246331269136, "target_rescale": 3.8653293349627127},
{"mapping": [0, 12, 1, 2, 9, 8, 6, 5, 7, 13, 11, 3, 4, 10, 14], "R": [[0.5417739774209037, -0.8007008958739339, 0.25565412716444436], [0.7424343924598447, 0.598468610386082, 0.30104234797671503], [-0.39404584794452, 0.026709506345713452, 0.9187026025806462]], "T": [0.029857436664308623, 0.033920563427019504, -0.0169065196489324], "aligned_model": [[-0.47592948225112996, 0.4087652252027554, 0.24350535940312373, -0.46244670305507374, -0.37948756176245335, -0.48995283991659233, -0.3669145870797506, 0.05957449013421487, -0.8175465528312595, 0.49229951230361, 0.047099727244830525, 0.6247938759095031, 0.5539257597117008, 0.23299138218614268, -0.008100315394788664], [-0.4986407554276365, -0.6429968638144287, -0.6703587921296835, -0.25887705908357683, 0.546008653269978, -0.12467690433644031, 0.37622527412463075, -0.14865545908456546, 0.07722186666625497, -0.1407309627506399, 0.41269236294458206, -0.2294463175345257, 0.27634153765159125, 0.7084467047671238, -0.05433460723218822], [-0.052620903054985776, 0.24055792963381964, -0.3560032465966322, -0.5214400714636631, -0.4842016797312363, 0.5339882487666852, 0.17851311996461638, -0.6239999646193342, -0.12183975486932312, 0.6285189350610172, 0.5916537912178824, -0.3222529618608616, 0.08432806414982912, -0.12982950609865546, -0.034793449374106916]], "inverted": false, "swapped": false, "error_lsq": 0.054636370174310216, "error_max": 0.3446387737045779, "target": "532.xyz", "model": "15.xyz", "model_rescale": 4.355366556412066, "target_rescale": 3.8653293349627127},
{"mapping": [2, 0, 3, 12, 7, 11, 13, 9, 8, 1, 10, 14], "R": [[0.8289387350654192, 0.15488557677302542, -0.537467237713919], [-0.31009652968875995, -0.6724514449141082, -0.6720485075557538], [-0.4655112413069432, 0.7237537649923593, -0.5093915702838571]], "T": [0.03792109928088041, 0.07029965280859723, -0.12814340138885658], "aligned_model": [[-0.17105538484164817, 0.3460860434238022, 0.19292851940649205, -0.5287939240700494, -0.4836888785202329, -0.4820425304653665, -0.30103082102409806, -0.21385060516466523, 0.5947562762051655, 0.19446981974911784, 0.4714255774659001, -0.021395537532636635], [-0.6312055624736299, -0.4558809498668654, -0.5701365246202563, 0.3515719816567892, -0.20510059662276464, -0.09197329208182906, 0.4724812356459939, 0.5076779520602432, -0.05159531004253842, -0.06670990510528405, 0.6564925980185325, 0.09715480117258948], [0.2313776603993888, 0.050221458808995756, -0.45228456805391914, -0.09363820673732914, -0.39437814008594807, 0.34454125514961076, -0.6267428955270344, 0.534199869975031, -0.45741492831225605, 0.5767615840080861, -0.17898094514267018, -0.08440368327253474]], "inverted": true, "swapped": true, "error_lsq": 0.039587615208863426, "error_max": 0.20626135153090247, "target": "532.xyz", "model": "16.xyz", "model_rescale": 3.795458400668931, "target_rescale": 3.8653293349627127},
{"mapping": [7, 4, 13, 2, 12, 8, 0, 11, 1, 5, 10, 9, 14], "R": [[0.6922983788574708, 0.7068461128733032, -0.14522922346146377], [-0.513177065072282, 0.6237479674399631, 0.5895657495125664], [0.5073186912731651, -0.3336271059587588, 0.7945569203364015]], "T": [-0.0498962125696204, 0.13640323196690157, -0.07741873279389742], "aligned_model": [[0.2542123825994762, 0.053286706059578054, 0.5777118852490746, -0.40100756717383124, 0.5391461256731009, -0.45939256726026445, -0.6432055232550359, 0.1254263140876374, -0.4358513267834305, -0.6685491202895184, -0.019326069163877385, 0.22651976917323124, -0.00033920801191805044], [-0.27734921043182803, 0.3178807949584086, 0.37605719301075863, -0.5992942446348053, -0.058294919697841674, 0.5443190109481796, -0.07964200344794697, -0.4902014205311282, -0.12739002188684095, 0.4353713023010605, 0.8209736349002597, 0.0026739125357370663, 0.09867723744647247], [-0.4712842951003872, -0.8464247022693924, -0.3492899153698781, -0.09991698702844835, 0.051392767551182286, -0.3924758505113329, -0.14780481730257433, 0.23363446288737333, 0.48969847582432435, 0.29121502350755346, 0.1766709900110549, 0.6965955119705689, -0.02973563333374868]], "inverted": false, "swapped": true, "error_lsq": 0.043919347336758924, "error_max": 0.2226546817179744, "target": "532.xyz", "model": "17.xyz", "model_rescale": 3.7474275329858107, "target_rescale": 3.8653293349627127},
{"mapping": [9, 1, 11, 5, 13, 4, 12, 2, 10, 7, 8, 0, 3, 14], "R": [[0.9890576687823942, -0.0076630953848595695, -0.14733025755715703], [-0.0737802078410987, -0.8904883574440805, -0.4489843718744202], [-0.12775526898590114, 0.45494149318969124, -0.8813097236617069]], "T": [0.01655198731745182, -0.12854774072310612, 0.028994530434643014], "aligned_model": [[0.5901145777687228, 0.12380044025130883, 0.6353230592728073, -0.45332461952670416, 0.20743234232987473, -0.31769584545218726, 0.595843126530615, 0.20264618851840527, -0.2738244268123634, 0.3250341948498407, -0.6368170628007782, -0.2969846679930833, -0.3790477401598864, 0.09234808110630523], [-0.26915848202282905, 0.2602384331038181, 0.22355926330143897, -0.017549935915311038, -0.6758050261051913, -0.25934708298319376, -0.3511878304794876, 0.6652031709102122, -0.7075539146308103, 0.0462403986363199, -0.16509965493319573, 0.4123636646744948, 0.33266269195915876, -0.1341574540041907], [-0.5580676052909237, -0.5854265301270685, -0.08619439115624347, -0.5832959523127254, 0.46409686216068124, 0.7404162900176976, 0.1567592187787083, 0.04808825752968455, -0.30948168168248186, 0.5703733593454685, 0.10052338186136697, -0.08394483414386572, 0.44135248899196416, 0.009595854689392412]], "inverted": false, "swapped": true, "error_lsq": 0.041846592097635006, "error_max": 0.24113730064772113, "target": "532.xyz", "model": "18.xyz", "model_rescale": 3.922800546911778, "target_rescale": 3.8653293349627127},
{"mapping": [7, 11, 13, 12, 5, 9, 0, 8, 3, 10, 2, 4, 6, 1, 14], "R": [[0.1506792397121151, -0.9851120869035159, -0.08276438217239912], [-0.5039139913316983, -0.004509434826498182, -0.8637420647031746], [0.850509527318734, 0.17185412777744258, -0.49709124183183767]], "T": [0.013307144781625896, 0.008949490861034439, -0.09823008354378454], "aligned_model": [[-0.48473664289074003, 0.165893565264269, 0.11484164172959796, -0.5619743649768724, -0.35972309338964314, -0.23323983753228128, -0.5735465314845966, 0.29148173258849475, -0.6096567926525317, 0.4975712414798751, -0.05823740454664458, 0.6433153871230414, 0.6620829696558482, 0.21799818573526594, -0.04949276629824979], [-0.5934601531986096, -0.6248676227110471, -0.5874463585318289, -0.2357886362852684, 0.4512030911798696, -0.19554278948059522, 0.5886883344370312, 0.09758294453527169, 0.0234477627343621, -0.12899301666859508, 0.27735180389362957, -0.34639102030514224, 0.24295019028769155, 0.7154980227310702, -0.05601387458736358], [0.06689418894076471, 0.18853962126523827, -0.42352454026979874, -0.5754810429115121, -0.5960191097392498, 0.6501953828238225, 0.035741075960281976, -0.6359601864856548, 0.046182437915829294, 0.531897519826178, 0.5620505678522365, -0.07196461575419806, -0.08816163581241705, -0.015321858370053176, -0.06448925411641686]], "inverted": false, "swapped": false, "error_lsq": 0.038990633996935406, "error_max": 0.2572153235383797, "target": "532.xyz", "model": "19.xyz", "model_rescale": 3.9282355846067225, "target_rescale": 3.8653293349627127},
{"mapping": [13, 12, 9, 7, 4, 11, 2, 1, 3, 8, 10, 6, 5, 14], "R": [[-0.1697227163941814, 0.7121646897765459, -0.6811869451004303], [0.6682335993386437, 0.5912059791845432, 0.4515964425140731], [0.7243328352730541, -0.37854582920951835, -0.5762334587069522]], "T": [-0.011065647296554723, -0.10831541276015613, 0.03708133927422967], "aligned_model": [[-0.5815800418104163, -0.15997753168639295, 0.541745582289797, -0.4455092494097106, -0.7497754369279718, 0.25425113456379306, 0.2351239149668628, 0.7007923547991552, -0.28437112185334007, -0.13794840839307382, 0.10509446535847379, -0.5253067633859486, 0.5689394253136602, 0.011044495259788786], [-0.5536735624475762, -0.5959521277952672, -0.6819719756357524, -0.03812608028284592, 0.13954330307057106, -0.22387500986062903, 0.40396360607258686, -0.0006307015912988267, 0.5725060542483819, 0.26395849632070845, -0.46037525917797484, -0.26491649047013804, 0.12398254874285178, -0.16155071376878152], [0.07462237770356236, -0.3390919372387407, -0.20521036353392874, -0.43740302991718877, 0.20388932872489152, -0.6235081355211514, -0.547723789080536, -0.11067639186105747, 0.0048394221739637006, 0.5649605264235453, 0.6669173895631269, 0.6730878606590031, 0.5035960190245018, -0.016116119876308996]], "inverted": true, "swapped": true, "error_lsq": 0.044048624333476456, "error_max": 0.26075146873405836, "target": "532.xyz", "model": "20.xyz", "model_rescale": 4.067790424073018, "target_rescale": 3.8653293349627127},
{"mapping": [11, 10, 12, 3, 2, 13, 4, 0, 6, 1, 5, 9, 7, 8, 14], "R": [[0.5597160394909129, 0.7647683002739616, -0.3191353976491526], [-0.6793550930720291, 0.20292956926045466, -0.7051923478292011], [-0.47454674443483597, 0.6115137257787778, 0.6331321746132134]], "T": [-0.07077018779661522, 0.010411419692543892, -0.025333543908320037], "aligned_model": [[-0.3882856194133552, 0.2081135288049109, 0.11795950994935318, -0.5070612192498308, -0.4368467214742685, -0.17883679125664914, -0.394549361491093, 0.18181564325060162, -0.804105662652052, 0.5693951859091597, -0.10340673481580563, 0.5736715365285474, 0.6413729623913825, 0.2242286564034855, -0.04088762307955361], [-0.5528080465873287, -0.649895906090176, -0.6142746419595234, -0.2898306442847477, 0.41329182903821143, -0.31533883248573713, 0.7373721742450733, 0.270110015879918, 0.10271179409156678, 0.0019444622444229655, 0.3213342349801816, -0.4236682042791357, 0.19806901791348291, 0.4873215585105072, -0.05812013318624032], [-0.0255271099145779, 0.3715353635231659, -0.42678378050562527, -0.6911036660548198, -0.5326768978560714, 0.5848564982093764, 0.07041405532224543, -0.6362468492254109, 0.010115361571581598, 0.4879126993497637, 0.4753939064977462, -0.007454968173476455, -0.14491914788743485, 0.07810870151534219, -0.0030456152467535705]], "inverted": false, "swapped": false, "error_lsq": 0.04124302449202631, "error_max": 0.31733174184915175, "target": "532.xyz", "model": "21.xyz", "model_rescale": 4.186013935880536, "target_rescale": 3.8653293349627127},
{"mapping": [13, 4, 8, 9, 11, 10, 12, 7, 5, 0, 2, 1, 14], "R": [[-0.08128131446819753, 0.1220332908982055, 0.9891922077285464], [-0.8195841925361165, -0.5729490455006432, 0.0033380540474733378], [0.567164084955354, -0.8104549754134747, 0.14658660772492216]], "T": [0.013417814098570301, -0.03772072002963155, -0.07103450415910062], "aligned_model": [[-0.08132329180956609, -0.41248699065450917, 0.12411794056988619, 0.43317150767450757, -0.22678825352299908, 0.6687271792665228, -0.09934175059030793, -0.5884903444639588, 0.5528505293342161, -0.12014569907697713, -0.4782512328320188, 0.2716267983785462, 0.014907643149883581], [-0.5723273907491072, 0.04443446912414157, 0.4571934414764911, -0.4871750315835669, -0.31818076499086057, -0.07924296014947482, -0.6520670508582744, -0.27311545922856206, 0.5018032616858188, 0.5410332426916601, 0.26090302353607703, 0.19467519122324684, -0.09897731263149621], [-0.5510967041711557, -0.7394704575895477, -0.4907355756506715, 0.4903789223739937, 0.5484561557279711, -0.39193682103121447, 0.03542917741273173, -0.1041869977451864, 0.08999466239757453, 0.1544656540814862, 0.5069979689104432, 0.5766462969671262, -0.022062720348205417]], "inverted": false, "swapped": true, "error_lsq": 0.05411817620675012, "error_max": 0.3587726832132214, "target": "532.xyz", "model": "22.xyz", "model_rescale": 4.166573947596378, "target_rescale": 3.8653293349627127},
{"mapping": [1, 5, 0, 4, 3, 6, 11, 8, 2, 13, 12, 7, 10, 9, 15], "R": [[-0.4717412299457363, 0.18167582484527373, 0.8628175395969147], [0.7554589851794534, -0.4213304481384389, 0.501759280116564], [0.45468883170902075, 0.8885238027977933, 0.06151030954916481]], "T": [-0.023328917292132025, 0.09540680859144669, -0.005875442171716174], "aligned_model": [[-0.32520118918651114, 0.2759238051762316, 0.0502512058948363, -0.34992299050291764, -0.4249914799852039, -0.4194159433548811, -0.47010301705610574, 0.21476172424002948, -0.6731343583754053, 0.61779395599888, -0.17944631758125376, 0.5173100242389486, 0.7226431663722406, 0.1431836211184506, -0.03707491719250587], [-0.5491431549446398, -0.6056451983501567, -0.6028983439373381, -0.17666897981129914, 0.3620088136489147, -0.24854852714184544, 0.7317320819713892, 0.13721906649218452, -0.0793562348525541, -0.15268149364209904, 0.39863407920540933, -0.34842161858987614, 0.09606201678057237, 0.6366089168202765, 0.029317254381537178], [0.033208273543361935, 0.3258411128263244, -0.42266272875991756, -0.6051788628804637, -0.36506509771073115, 0.5454116216817987, 0.126700489521921, -0.7776550232214042, -0.001402571297804616, 0.48831763197410605, 0.5536439363239617, -0.1545882855179504, 0.0609560937955331, -0.2054324988818916, 0.008484459728207612]], "inverted": false, "swapped": false, "error_lsq": 0.03577399646921363, "error_max": 0.2682127863725278, "target": "532.xyz", "model": "23.xyz", "model_rescale": 4.274766983524099, "target_rescale": 3.8653293349627127},
{"mapping": [13, 11, 9, 10, 1, 5, 8, 0, 3, 2, 14], "R": [[-0.027445803994240625, 0.19355149138412803, -0.9807061476436711], [0.7980341972884171, -0.5865747405648642, -0.13809957888963426], [-0.6019868335780625, -0.7864272972845248, -0.13836169370319268]], "T": [0.041686306174219034, 0.013864552800524899, -0.10396735286679276], "aligned_model": [[0.33194666515312815, 0.09833708027274221, -0.49097820025873457, -0.47182124773801076, -0.42822379645737485, -0.5680528360959007, 0.024490974546937716, 0.04344666707139326, 0.5145346277965884, 0.29580392804911143, 0.030410841618194885], [-0.2258097558592455, 0.7311154605206908, 0.5520048483149382, -0.4431518772725436, 0.4572975679594091, -0.15905888920260808, -0.5549529281108868, 0.07073752096714553, -0.1677553976766482, 0.5777408165992249, 0.07741916500400717], [-0.7232774813006568, -0.15363922214738693, -0.4504654378065106, -0.3521179768709084, 0.24634938351519842, 0.3502570797477689, 0.22693222200611352, 0.5288106883177548, 0.42771107617490295, 0.42754363030363335, -0.14853752791833189]], "inverted": false, "swapped": true, "error_lsq": 0.046732144156585796, "error_max": 0.24734033049488421, "target": "532.xyz", "model": "24.xyz", "model_rescale": 3.7841303162186577, "target_rescale": 3.8653293349627127},
{"mapping": [3, 13, 5, 4, 1, 11, 0, 2, 6, 14, 7, 12, 9, 8, 15], "R": [[0.8391866343257628, -0.5004052090405573, -0.2129798571087773], [0.1641324122169004, -0.1403208695142772, 0.9764069872950617], [-0.5184846613245762, -0.854344591101175, -0.03562268416762179]], "T": [-0.0012958559736352092, 0.09357979798376093, 0.05928264502713034], "aligned_model": [[-0.3172690029689675, 0.17632232069117992, 0.12762474007491176, -0.3889992530371244, -0.3836173739273922, -0.29948757250277597, -0.311802537387278, 0.33361774803782224, -0.6784704955062866, 0.6779089233112076, -0.37585651173052553, 0.5071255679648621, 0.5762360921225134, 0.07936950367324047, -0.06012485901055467], [-0.6362322535623411, -0.5842597078633004, -0.5221414160477192, -0.11782633183323177, 0.5439583307362922, -0.2617091658149413, 0.7574754471989781, 0.06148563296930149, -0.15833470890269308, -0.12835741636736647, 0.3725062815138259, -0.4416259110913814, 0.1535985299490692, 0.5328002606555141, 0.05688110649046947], [-0.06931450668738842, 0.40711217928539156, -0.5519502172682235, -0.5421305798354318, -0.39240953771285914, 0.6710661210698681, 0.12376610881580363, -0.6156957771074616, 0.05948522095767726, 0.40384570600908093, 0.5117314178675262, -0.11459780551823903, -0.011394856822239834, -0.32806250927625624, 0.0591275873478029]], "inverted": true, "swapped": false, "error_lsq": 0.04237701095296566, "error_max": 0.2408016119721845, "target": "532.xyz", "model": "25.xyz", "model_rescale": 4.19342608120988, "target_rescale": 3.8653293349627127},
{"mapping": [2, 0, 3, 12, 7, 11, 13, 9, 8, 1, 10, 14], "R": [[0.8289387350654192, 0.15488557677302542, -0.537467237713919], [-0.31009652968875995, -0.6724514449141082, -0.6720485075557538], [-0.4655112413069432, 0.7237537649923593, -0.5093915702838571]], "T": [0.03792109928088041, 0.07029965280859723, -0.12814340138885658], "aligned_model": [[-0.17105538484164817, 0.3460860434238022, 0.19292851940649205, -0.5287939240700494, -0.4836888785202329, -0.4820425304653665, -0.30103082102409806, -0.21385060516466523, 0.5947562762051655, 0.19446981974911784, 0.4714255774659001, -0.021395537532636635], [-0.6312055624736299, -0.4558809498668654, -0.5701365246202563, 0.3515719816567892, -0.20510059662276464, -0.09197329208182906, 0.4724812356459939, 0.5076779520602432, -0.05159531004253842, -0.06670990510528405, 0.6564925980185325, 0.09715480117258948], [0.2313776603993888, 0.050221458808995756, -0.45228456805391914, -0.09363820673732914, -0.39437814008594807, 0.34454125514961076, -0.6267428955270344, 0.534199869975031, -0.45741492831225605, 0.5767615840080861, -0.17898094514267018, -0.08440368327253474]], "inverted": true, "swapped": true, "error_lsq": 0.039587615208863426, "error_max": 0.20626135153090247, "target": "532.xyz", "model": "26.xyz", "model_rescale": 3.795458400668931, "target_rescale": 3.8653293349627127},
