[{"mapping": [10, 7, 4, 3, 2, 6, 1, 5, 0, 13, 9, 8, 11, 14], "R": [[-0.334456047348074, -0.9421347566981837, 0.02283095735086471], [-0.24298518636925226, 0.10961565948079266, 0.9638166871359359], [-0.9105478304830573, 0.31680673512071206, -0.26558640963865665]], "T": [0.004573945124109559, 0.07530524246181154, 0.10345004026275573], "aligned_model": [[0.22337243554620786, -0.08879752366792168, -0.44878151203659444, -0.4749696991524829, -0.5713205414301886, 0.1024872862724443, -0.7978657396955238, -0.08898576429669394, -0.3219465810555027, 0.22054690482682288, 0.5968401909626629, 0.3011586670848114, 0.70735968248757, 0.012394295282691967], [-0.4926845259198677, -0.5654869817084797, -0.4462206572237463, -0.07624566569209036, 0.06310265084244442, 0.24328169532163818, 0.16664634452945265, 0.6072080349595814, 0.5855932009077878, 0.004365762656381486, 0.534260728221659, 0.6073065613835853, -0.07910685721472292, 0.08325304074641164], [0.20215652256757322, -0.4020286563306201, 0.1535414379959173, -0.3538889892769432, 0.6852737415573092, -0.6486300911469428, 0.10680398085069677, 0.6208101540443564, -0.033127417574261686, 0.7538255190674351, 0.41689919860515673, -0.08155444209230903, 0.3274544611567216, 0.15005266775574366]], "inverted": true, "swapped": true, "error_lsq": 0.05973416982724751, "error_max": 0.4072651418987829, "target": "533.xyz", "model": "0.xyz", "model_rescale": 3.8414455957264533, "target_rescale": 4.252821403534504},
{"mapping": [10, 12, 11, 8, 13, 1, 6, 9, 5, 3, 7, 4, 2, 0, 14], "R": [[-0.9066449631003344, -0.13915064320612125, -0.39828634094093224], [-0.015383635218541851, -0.9325111681631351, 0.3608133381937095], [-0.4216138691412518, 0.3332566874743072, 0.8433159109144068]], "T": [-0.012481875971742464, 0.0383535071200497, 0.019983032033987914], "aligned_model": [[-0.20624470295526834, -0.1429231137477237, 0.3436784026902638, -0.658721223431274, -0.1741250233365227, 0.7503588660129494, -0.5987633428611389, -0.4926130684480251, -0.02974181168541076, 0.5620601595833425, 0.031449758090589225, 0.3846619945515669, -0.10771902871691441, 0.5080827029724779, 0.0435470374023305], [-0.2063713134408556, -0.6857744072126579, -0.7290065350018186, -0.41607690577858314, -0.4309752530586547, -0.27868796094870285, 0.39364435515520724, 0.20020038553141434, 0.3356974507099919, 0.18518757773537267, 0.4100218116604808, 0.4097207989709581, 0.7599037086399031, 0.009315933327321682, -0.00436505776700985], [-0.5890711769582618, -0.1822875566305673, 0.12281213194301485, 0.03302539103947449, 0.5930877418545039, -0.23703175559854686, -0.35427574029889797, 0.4769177165932161, -0.5679042520707417, -0.49160086834483546, 0.542369560443533, 0.033411192640636536, -0.10208219250634687, 0.5236562474862546, -0.03569357119842178]], "inverted": false, "swapped": false, "error_lsq": 0.045618795047527604, "error_max": 0.3193989453630994, "target": "533.xyz", "model": "1.xyz", "model_rescale": 4.316132596720782, "target_rescale": 4.252821403534504},
{"mapping": [2, 0, 5, 10, 13, 4, 11, 7, 8, 3, 6, 14], "R": [[0.38865448244194173, -0.032129428549171904, 0.9208232149000645], [0.49511147291062574, -0.8355596414207228, -0.23812751840378277], [0.7770536163419209, 0.5484594656398747, -0.30883635129298825]], "T": [-0.005661771381516509, 0.019450948646533125, -0.0855297166001682], "aligned_model": [[-0.3240893619533361, 0.5060536715392232, 0.10678383031241333, -0.53140907380606, -0.4745026367018203, -0.4122406581485174, -0.3192171998092876, -0.19660145764213321, 0.5036364386844772, 0.19076740417530413, 0.5769931821930137, -0.028365584211496167], [-0.7095353352569251, -0.31790075708458554, -0.6104529186485985, 0.3405992984725333, -0.2403912026569891, -0.06236688044424321, 0.3745361320844993, 0.5744859146483583, 0.08804833537118956, 0.08917901074740939, 0.4962117830158698, -0.00963695250753777], [0.10813248858508284, 0.014490224699212267, -0.4727151913435643, -0.05942152930946301, -0.518352188244025, 0.4694739179692481, -0.6716409479840776, 0.48920486664437446, -0.46119484791341925, 0.5614960547678548, 0.10588592288089763, -0.11610030954270006]], "inverted": true, "swapped": true, "error_lsq": 0.04021865398754769, "error_max": 0.2763027082408856, "target": "533.xyz", "model": "2.xyz", "model_rescale": 3.795458400668931, "target_rescale": 4.252821403534504},
{"mapping": [11, 8, 6, 1, 10, 4, 0, 13, 5, 2, 7, 14], "R": [[0.8068134258976869, -0.4657043622180184, 0.3635540438536571], [-0.48637635094803816, -0.17422893015351082, 0.8562022688220549], [-0.3353954994177901, -0.867619574991639, -0.3670778283438259]], "T": [-0.011918496889838169, -0.017909362192930493, 0.005777647840005215], "aligned_model": [[0.09873175810352491, -0.3005071929248804, -0.7827107203781424, 0.12413060800664902, 0.10459258443283528, 0.1713255864816062, -0.14044449428319306, 0.5936824398251159, 0.45607078944290247, 0.660849579772118, -0.42390332973922906, 0.03148621700425835], [-0.1545094106014957, -0.5827165945029387, -0.08654426778954913, 0.17506421927113341, 0.41548222990522243, 0.6131388931178587, -0.3545856889440515, -0.13138518734341234, -0.5600649724239196, 0.09958758256491645, 0.687735809011905, -0.035433566975959674], [-0.7270428060180605, -0.04829558007900896, 0.07357317199262768, 0.7781219567668132, -0.41709942871286687, 0.22538932349877272, 0.5115374480813959, -0.3025010168525395, 0.22115826302804326, 0.4573302641219905, -0.0789277729345013, -0.0044723922535656446]], "inverted": false, "swapped": true, "error_lsq": 0.04620378469490991, "error_max": 0.30202545095992345, "target": "533.xyz", "model": "3.xyz", "model_rescale": 3.7530521520055578, "target_rescale": 4.252821403534504},
{"mapping": [13, 12, 8, 6, 5, 7, 2, 10, 4, 3, 14], "R": [[0.3964072422171122, 0.27078231972681194, 0.8772332834777706], [0.9107563550177543, -0.23639442411485892, -0.3385860866045427], [0.115689930904113, 0.9331637646044617, -0.34032518025651703]], "T": [-0.03243693538353419, -0.10108023773473479, -0.010668120284511728], "aligned_model": [[-0.4975782700214021, -0.06542362746733106, 0.36687850128426713, 0.4445571044874748, 0.15334278337284918, -0.24033470630037373, -0.12585387950352256, -0.6054192956674629, -0.2973990825833715, 0.25823293633152916, -0.052802861487451745], [-0.6093204565128565, 0.021819647688878577, -0.28214838553421717, 0.4061867622246678, -0.8190297125269828, 0.6864013239478637, -0.5162208722156072, 0.1247074643750544, 0.19788360502104102, 0.4012099519421805, -0.1442859700956764], [-0.010026734362354467, -0.7919845947822038, -0.4721614214468875, -0.3550291399007732, 0.08613030413591061, 0.09653694167141204, 0.688798612611388, -0.04131537832978042, 0.5554107293318956, 0.3433154435996581, -0.006843985282948449]], "inverted": true, "swapped": true, "error_lsq": 0.0487451520710124, "error_max": 0.26531425575516504, "target": "533.xyz", "model": "4.xyz", "model_rescale": 3.7855080009869324, "target_rescale": 4.252821403534504},
{"mapping": [9, 15, 8, 14, 13, 10, 2, 12, 3, 5, 6, 4, 0, 7, 16], "R": [[-0.4469587008025272, 0.842047963165066, -0.3019654740305263], [-0.7667429023434079, -0.5344932785790671, -0.35555907646944823], [-0.46079631235820906, 0.07260966108833772, 0.884530720570921]], "T": [-0.027334271970261614, 0.023800883147958016, 0.0706558538503334], "aligned_model": [[-0.20118625755337466, -0.1278305564027295, 0.2827256006952824, -0.6170396934056086, -0.25261622575272014, 0.44877352630667994, -0.5151995613734917, -0.6309639946922182, -0.018897168305022832, 0.5282224921496748, 0.27479897011045956, 0.35450676685116056, 0.04388410693468439, 0.7126218930734113, -0.06881229251494533], [-0.2536401124567934, -0.7797777696362448, -0.567069085850503, -0.24481207451634712, -0.38606092760155325, -0.34961917316978636, 0.29110971887508863, 0.10118860752765689, 0.19817709601192884, 0.39675330427580036, 0.08593350113965618, 0.607144733104042, 0.7541728574581378, 0.0923070046065116, 0.00662690875477245], [-0.5615751168523804, -0.08257584094760975, 0.2943642110076028, -0.12374577535442188, 0.623945087673375, -0.33535288993952667, -0.41547081001043457, 0.37513501729522064, -0.6016077529797563, -0.38471917624548685, 0.6459228439325495, 0.317451635126146, -0.19384103643179246, 0.16626577494890435, 0.0411366971716246]], "inverted": false, "swapped": false, "error_lsq": 0.03728795946426131, "error_max": 0.3020063692024842, "target": "533.xyz", "model": "5.xyz", "model_rescale": 4.2253639853439635, "target_rescale": 4.252821403534504},
{"mapping": [4, 10, 6, 3, 7, 8, 0, 1, 11, 13, 12, 5, 2, 14], "R": [[-0.17005095938611672, 0.8989066318735457, -0.4037939305953218], [-0.9561449397439281, -0.24967012674988964, -0.15313942017251608], [-0.23847332222691425, 0.36004401811785786, 0.9019416719520208]], "T": [-0.0018953101059827407, -0.006922520723036701, 0.03735205135098134], "aligned_model": [[0.517867213437911, 0.018828355123940065, -0.5333161615928076, 0.16905806110971694, -0.043928062440067396, -0.47275166406853797, 0.05715288485224817, 0.6185031966072975, -0.40258788145708213, 0.19884393150768284, -0.7717514203868667, 0.22318630217982363, 0.7795994511477196, 0.015357946736805607], [-0.24518557640657934, 0.1633091309084699, -0.5691599805034493, -0.6606845554562094, -0.5158304905468937, 0.03320666103686788, -0.2713903001369399, -0.4414493632049229, 0.5582311474698148, 0.6493566621001454, 0.14658460337020127, 0.40253147089597374, 0.15895105452573316, 0.036628682582778786], [-0.353937123202453, -0.554948413386724, 0.10741311454671336, -0.036532448242575566, -0.6061442924088027, 0.4638476572261753, 0.5961301476153656, 0.3176305015544987, -0.2592548675505651, -0.02319861848460099, -0.0646531903235631, 0.6213222421861155, 0.21644442260439795, 0.0474390767974661]], "inverted": true, "swapped": true, "error_lsq": 0.051598489507317824, "error_max": 0.32383011935831496, "target": "533.xyz", "model": "6.xyz", "model_rescale": 3.89814844738969, "target_rescale": 4.252821403534504},
{"mapping": [6, 12, 8, 7, 0, 11, 10, 3, 4, 13, 5, 2, 14], "R": [[-0.24625972708668337, -0.3163725570281253, -0.9161138313412137], [0.9365846725480043, 0.165480624115581, -0.30890988037041683], [0.24932969731530127, -0.9340902355778071, 0.25555847439452445]], "T": [-0.045977250228954596, 0.08509693715980396, -0.009639412321246613], "aligned_model": [[0.3391594576240998, -0.10761098420408041, 0.37170549807175624, -0.37641829882772854, 0.559306257686871, -0.5133726601339319, -0.6481199804974898, 0.164408383804439, -0.3487581215193552, -0.4233639578912995, 0.2538976102254606, -0.06311272280261457, -0.059088680631904505], [-0.32333116103708714, 0.2644519168582057, 0.3632509655425141, -0.647461475634837, 0.09030024713956733, 0.5023641101143111, -0.027872790715521636, -0.5486495054898355, -0.3593122834555529, 0.6191549192479135, 0.6819474210245087, 0.22261058618045348, 0.12632831569584557], [-0.5465601141188312, -0.7781971597332029, -0.40128468216746155, -0.17995824186151527, 0.12916857430474926, -0.4283977040867605, -0.07956865523708952, 0.11760878566188852, 0.4272287271897049, 0.20721615527152498, 0.3267830233215837, 0.7972797621855093, 0.010956560106195966]], "inverted": false, "swapped": true, "error_lsq": 0.04458369387630509, "error_max": 0.2700530429870939, "target": "533.xyz", "model": "7.xyz", "model_rescale": 3.7474275329858107, "target_rescale": 4.252821403534504},
{"mapping": [1, 4, 13, 2, 4, 12, 3, 8, 0, 10, 9, 7, 6, 11, 14], "R": [[-0.2653597371477394, 0.8133725426921414, 0.5176961625272138], [-0.8923856024537462, -0.41047749239841913, 0.1874997727133827], [0.36500978950453783, -0.4122297114823561, 0.8347661460175697]], "T": [0.06349060491561104, 0.03036462548913504, -0.05392116955721224], "aligned_model": [[-0.16261611509045412, -0.29872622812355876, 0.3281345595210519, -0.6448671987616181, -0.29872622812355876, 0.5521279526307057, -0.5316750562065382, -0.44562847472556394, -0.046086460582469485, 0.6326121851262747, 0.1852194092139607, 0.34135645606634757, -0.03181841700147779, 0.5913508386374426, 0.04233038354069834], [-0.3250631068038554, -0.5374299702781575, -0.7925157571768369, -0.40067726971710915, -0.5374299702781575, -0.3068624354503143, 0.40273802467396236, -0.004589238348129656, 0.2976688172098724, 0.4401066927753967, 0.2672176054849313, 0.6002565993625993, 0.8032239832399074, 0.07128466606236067, -0.025494052234103736], [-0.6762946091696477, 0.34436780684818213, 0.1929457618185102, -0.19890945320946954, 0.34436780684818213, -0.22171291723108985, -0.19969642255025086, 0.39861204027903085, -0.6461665354591449, -0.3428423091831658, 0.6598177211861769, 0.19485852978117923, -0.2999754356775455, 0.271914800716921, -0.05595391660385396]], "inverted": false, "swapped": false, "error_lsq": 0.05191418474544443, "error_max": 0.47598169901314014, "target": "533.xyz", "model": "8.xyz", "model_rescale": 4.019505241142653, "target_rescale": 4.252821403534504},
{"mapping": [4, 13, 10, 7, 3, 6, 12, 1, 0, 5, 9, 8, 14], "R": [[-0.8189680504778626, 0.40005691575047847, -0.41139493975583064], [0.5286388022910299, 0.8048687681869905, -0.26967996349277024], [0.22323160396501737, -0.43833860217572795, -0.8706474147631947]], "T": [-0.029677860181615265, -0.06769955800985611, -0.01568475073550829], "aligned_model": [[-0.2099438464503034, -0.6547858284121847, -0.1892652230303759, 0.3575981662149698, 0.3421132167843558, 0.7454634512330834, 0.36449808379054915, -0.10912221265245071, 0.14611440703494588, -0.4663593530038785, -0.20030590796038994, 0.267023805066479, -0.07332798687362371], [-0.6432075842683664, 0.21493343182063313, -0.016960393291714115, -0.42613587940809783, -0.635330115958568, -0.041496822920888105, 0.5979077985636405, -0.7950678350963603, -0.24301216987254767, 0.08394189990431394, 0.6760332392081274, 0.3425144598378922, -0.050741800404005916], [-0.3567481885497869, -0.07911671162557254, -0.6091369702350542, -0.645273744708716, -0.056375256261714454, 0.027869803143363292, -0.1837326875933174, 0.32620394162873334, 0.5535475598807618, 0.5722349965890108, 0.2625550997313666, 0.3702001291531628, -0.005524477108357831]], "inverted": false, "swapped": true, "error_lsq": 0.04568339447581316, "error_max": 0.3088016583243036, "target": "533.xyz", "model": "9.xyz", "model_rescale": 3.877068213659057, "target_rescale": 4.252821403534504},
{"mapping": [5, 1, 7, 0, 8, 4, 12, 11, 3, 13, 9, 14, 6, 2, 15], "R": [[-0.5884167666258275, -0.43049919938958003, 0.6844239534663707], [0.5053712386415347, 0.4649454546720178, 0.7269289066571444], [-0.6311621185618852, 0.7736253379412809, -0.0560197874657829]], "T": [0.039541445385808456, 0.08758970986188948, -0.01924935277312102], "aligned_model": [[-0.3245368736977325, -0.18110519250328322, 0.3591815675046499, -0.6730490924321939, -0.12172785566060443, 0.4695471692331967, -0.6150621694774299, -0.5777816289478797, 0.110072286438646, 0.6509046500009602, 0.18734045141545347, 0.40590466485224136, -0.05867501059135221, 0.6249418599411963, -0.0429672199546255], [-0.32455947571963323, -0.7338137196670853, -0.6405448167059195, -0.2650129042727932, -0.35178482067007605, -0.31683080629115273, 0.26296366269247423, 0.1956117943596818, 0.10157270169160838, 0.5246687206625665, 0.1955067106499809, 0.6566024179203215, 0.6114538190760054, -0.01504768452586673, 0.05164898932225488], [-0.5747450491023728, -0.19105761028629367, 0.16497027964572006, 0.021397388196211276, 0.5941552203007305, -0.3503532689655475, -0.333785995773721, 0.3704925200345867, -0.6497977007434367, -0.20045494408824785, 0.614907314508084, 0.37001158301261267, -0.3294500909692688, 0.2759239486299312, -0.016880726004973944]], "inverted": false, "swapped": false, "error_lsq": 0.039150277015918, "error_max": 0.22170713303392006, "target": "533.xyz", "model": "10.xyz", "model_rescale": 4.260839863003843, "target_rescale": 4.252821403534504},
{"mapping": [2, 5, 8, 0, 6, 3, 4, 13, 11, 12, 10, 14], "R": [[-0.7598505863160188, 0.15011353022244064, -0.6325290621934769], [0.6446716563566006, 0.048544197128480404, -0.762916716565831], [-0.08381850610479707, -0.9874762726107944, -0.13366027482035364]], "T": [-0.018809376602414298, 0.06013212253856963, -0.054648556128177886], "aligned_model": [[0.45754728556547486, 0.22415248264177967, -0.37489456142027716, -0.38331083997677046, -0.7602740728087518, -0.4190188387503479, 0.1951664813265543, 0.6215657480514323, 0.31660590040359665, -0.26395707778089733, 0.32431559025217116, 0.021000551590166266], [0.016796304952530358, -0.5762992307048043, -0.42597022152324504, -0.25088660639171234, 0.16142431066807822, 0.4969442667460439, 0.6304327798914842, -0.17716839101027004, -0.08153315221662917, -0.12068557599412762, 0.46631536533494106, 0.033708655780644636], [-0.719124680301484, -0.363290994537665, 0.15058889507729017, -0.4497041091752656, 0.15367242710445134, -0.38798968702682884, -0.3848016647815403, 0.036308348734830895, 0.6051668814205164, 0.6760056038664909, 0.2576150447585052, -0.05826798774379655]], "inverted": true, "swapped": true, "error_lsq": 0.04602877058702051, "error_max": 0.2687477621667116, "target": "533.xyz", "model": "11.xyz", "model_rescale": 3.890672605050136, "target_rescale": 4.252821403534504},
{"mapping": [8, 9, 5, 6, 0, 7, 11, 3, 12, 10, 2, 13, 4, 14], "R": [[-0.1981126554745038, -0.4067591112134197, -0.891795044382794], [0.7466570711766695, -0.6520722823362768, 0.13154830546471225], [-0.6350233017793274, -0.6398036918099395, 0.4328933380679972]], "T": [0.10321509161596168, 0.0058985685066986855, 0.15546986883046013], "aligned_model": [[0.4846752370166091, 0.1515246289595313, 0.4494653423345739, 0.4218637542358, 0.7195117105749557, -0.2594520180782962, -0.39513568899615714, 0.3111590584637507, -0.03291078753661669, -0.5053259810772693, 0.17211478457059562, -0.2377384448888171, -0.16309903149931435, 0.09322327071434795], [-0.20649852354639509, 0.13485887418916, 0.5840621183404887, -0.7018674234889912, 0.06444858816720313, -0.5063307415004785, -0.06553845075632483, -0.2583102829347577, -0.5263127896463036, -0.05522159755926539, 0.7521534074101205, 0.5168025713248992, 0.15294179664764967, 0.046964973180760115], [-0.30776893770973646, -0.6449707891163032, -0.16883424885359052, 0.18642088717194158, 0.2045944980734631, 0.6855031885065089, -0.4053082704458192, 0.7462674330944414, -0.41450272023952817, 0.23402057978647026, 0.48513444077889867, -0.156608291888062, 0.7779525268975851, 0.13289013930059135]], "inverted": false, "swapped": true, "error_lsq": 0.0534122786812757, "error_max": 0.3651160776573191, "target": "533.xyz", "model": "12.xyz", "model_rescale": 4.124412569039231, "target_rescale": 4.252821403534504},
{"mapping": [12, 7, 3, 11, 6, 8, 10, 5, 4, 13, 0, 1, 14], "R": [[-0.48961219922684296, -0.5766653164952158, -0.6540160602918912], [-0.446548265315101, -0.4784071240605219, 0.7561225233996236], [-0.7489155767590416, 0.6622565487782004, -0.023274932611261068]], "T": [0.0880746380878912, 0.09138454716580977, -0.05878575318547503], "aligned_model": [[-0.22236620591054015, 0.005307014078032052, 0.5326708611393544, -0.5849106353300253, 0.4453502638649246, 0.2693019627848136, -0.4328408189081323, 0.23246342447825002, 0.0803032970265086, -0.3862637500636148, 0.6669342083516914, 0.694476930315029, 0.0668717556834666], [-0.41952285657750876, 0.6793470780644439, 0.5311654661790437, -0.23343146024305408, -0.06011193266371123, -0.4992056218147449, 0.3967334352995192, -0.2963631935030341, 0.7778494888035917, -0.021535147860019088, -0.10012395464763038, 0.5148920056097716, 0.07779206986180973], [0.4601054147785542, 0.5089212144714871, 0.20770198422266506, 0.038755278394249075, 0.6141411217246608, 0.09475404039649862, 0.06626331408167888, -0.6817938231146436, -0.15224736491685634, -0.545527192298004, -0.17672195707544092, -0.3831028607235142, -0.0995510889734961]], "inverted": false, "swapped": true, "error_lsq": 0.04402329926761487, "error_max": 0.26809765002104063, "target": "533.xyz", "model": "13.xyz", "model_rescale": 3.9028299243045295, "target_rescale": 4.252821403534504},
{"mapping": [13, 14, 11, 10, 9, 12, 4, 7, 5, 8, 6, 2, 0, 1, 15], "R": [[0.29293297033271143, 0.5006994793103575, -0.8145491429682996], [-0.17046605199294504, -0.8109220071197214, -0.559773903899477], [-0.9408143281274968, 0.3028292089400546, -0.15219352878078418]], "T": [0.04724834065719773, 0.09246648150678567, -0.002987061462925617], "aligned_model": [[-0.03631031550112808, -0.17108055371098485, 0.3497369409050377, -0.607252280994793, -0.2292961840515031, 0.5136534428753963, -0.49411440462785783, -0.7323989668687093, -0.037967826614021136, 0.44681986944334284, 0.08342622403110252, 0.6087509589731744, 0.003885404518026367, 0.5322390135533702, -0.01710371580921051], [-0.4164257461757475, -0.7643030818094878, -0.5382310484893982, -0.2178094237075991, -0.3705870205299095, -0.2733251333357978, 0.43522773008036986, -0.015285847859323007, 0.10919247077300623, 0.4334900689359547, 0.14435584537234264, 0.5564441442326999, 0.8924508499020409, -0.06510816646142971, 0.04234894759464516], [-0.6085430071694781, -0.03944336464579738, 0.23487416008178366, -0.17823089430598407, 0.553744504526334, -0.36754578663155024, -0.2239041915737753, 0.4455299027880951, -0.5075267326225109, -0.5691607678093669, 0.6606445508955039, 0.10466658534703832, -0.21596845815607235, 0.3996952367129648, 0.07650113095682955]], "inverted": false, "swapped": false, "error_lsq": 0.045014224951721984, "error_max": 0.24742625931400639, "target": "533.xyz", "model": "14.xyz", "model_rescale": 3.942246331269136, "target_rescale": 4.252821403534504},
{"mapping": [10, 11, 13, 6, 8, 4, 9, 7, 5, 3, 0, 1, 5, 12, 14], "R": [[0.02976659830476658, 0.9881944898222528, -0.15028506216620582], [0.10099080383755915, 0.14660901087332684, 0.9840257392319515], [0.9944419576655072, -0.044468508134211215, -0.09543450434047049]], "T": [0.001254016667273452, -0.043853971428402125, -0.05273286836714711], "aligned_model": [[-0.23072974927957823, -0.12486201427942625, 0.5563650276310121, -0.49193999705484287, -0.26352716623354866, 0.3023400639764065, -0.680430571744163, -0.7257005570118797, 0.05426408105163419, 0.5972406640086821, -0.11199854507933096, 0.533434750821089, 0.05426408105163419, 0.725949087500945, 0.01831845076260843], [-0.2937670371913969, -0.7492698617877642, -0.6113745397028203, -0.2956609691788166, -0.35113395897791344, -0.3419940832127879, 0.20412577631324286, 0.18744023609726268, 0.5613733919862424, 0.22972480115630906, 0.32711254778933363, 0.5334065886037069, 0.5613733919862424, -0.02827123962412688, 0.019349544265653107], [-0.6794126174744717, -0.02835679355372915, 0.1224870408829542, 0.025639895084275388, 0.6062897873291536, -0.45785463127746173, -0.4019813082558348, 0.3332976297817355, -0.2362249113478661, -0.3468459450611914, 0.5719872143463561, 0.14775490634128818, -0.2362249113478661, 0.32495813091883563, 0.019819382027836493]], "inverted": true, "swapped": false, "error_lsq": 0.05221645442473796, "error_max": 0.43574587072209775, "target": "533.xyz", "model": "15.xyz", "model_rescale": 4.355366556412066, "target_rescale": 4.252821403534504},
{"mapping": [2, 0, 5, 10, 13, 4, 11, 7, 8, 3, 6, 14], "R": [[0.38865448244194173, -0.032129428549171904, 0.9208232149000645], [0.49511147291062574, -0.8355596414207228, -0.23812751840378277], [0.7770536163419209, 0.5484594656398747, -0.30883635129298825]], "T": [-0.005661771381516509, 0.019450948646533125, -0.0855297166001682], "aligned_model": [[-0.3240893619533361, 0.5060536715392232, 0.10678383031241333, -0.53140907380606, -0.4745026367018203, -0.4122406581485174, -0.3192171998092876, -0.19660145764213321, 0.5036364386844772, 0.19076740417530413, 0.5769931821930137, -0.028365584211496167], [-0.7095353352569251, -0.31790075708458554, -0.6104529186485985, 0.3405992984725333, -0.2403912026569891, -0.06236688044424321, 0.3745361320844993, 0.5744859146483583, 0.08804833537118956, 0.08917901074740939, 0.4962117830158698, -0.00963695250753777], [0.10813248858508284, 0.014490224699212267, -0.4727151913435643, -0.05942152930946301, -0.518352188244025, 0.4694739179692481, -0.6716409479840776, 0.48920486664437446, -0.46119484791341925, 0.5614960547678548, 0.10588592288089763, -0.11610030954270006]], "inverted": true, "swapped": true, "error_lsq": 0.04021865398754769, "error_max": 0.2763027082408856, "target": "533.xyz", "model": "16.xyz", "model_rescale": 3.795458400668931, "target_rescale": 4.252821403534504},
{"mapping": [6, 12, 8, 7, 0, 11, 10, 3, 4, 13, 5, 2, 14], "R": [[-0.24625972708668337, -0.3163725570281253, -0.9161138313412137], [0.9365846725480043, 0.165480624115581, -0.30890988037041683], [0.24932969731530127, -0.9340902355778071, 0.25555847439452445]], "T": [-0.045977250228954596, 0.08509693715980396, -0.009639412321246613], "aligned_model": [[0.3391594576240998, -0.10761098420408041, 0.37170549807175624, -0.37641829882772854, 0.559306257686871, -0.5133726601339319, -0.6481199804974898, 0.164408383804439, -0.3487581215193552, -0.4233639578912995, 0.2538976102254606, -0.06311272280261457, -0.059088680631904505], [-0.32333116103708714, 0.2644519168582057, 0.3632509655425141, -0.647461475634837, 0.09030024713956733, 0.5023641101143111, -0.027872790715521636, -0.5486495054898355, -0.3593122834555529, 0.6191549192479135, 0.6819474210245087, 0.22261058618045348, 0.12632831569584557], [-0.5465601141188312, -0.7781971597332029, -0.40128468216746155, -0.17995824186151527, 0.12916857430474926, -0.4283977040867605, -0.07956865523708952, 0.11760878566188852, 0.4272287271897049, 0.20721615527152498, 0.3267830233215837, 0.7972797621855093, 0.010956560106195966]], "inverted": false, "swapped": true, "error_lsq": 0.04458369387630509, "error_max": 0.2700530429870939, "target": "533.xyz", "model": "17.xyz", "model_rescale": 3.7474275329858107, "target_rescale": 4.252821403534504},
{"mapping": [5, 9, 13, 8, 1, 3, 2, 10, 0, 4, 6, 12, 7, 14], "R": [[0.7464422216390114, -0.49982256245288753, 0.4393192641094249], [0.16813687388955495, 0.7804217387810661, 0.6022224682595178], [-0.6438586812284705, -0.375658509421745, 0.6665783396614144]], "T": [0.029672612422543182, 0.011492512950338742, 0.017265070897307912], "aligned_model": [[0.44562806106676334, 0.1059987157087735, 0.6139176299775846, -0.31516675799108573, 0.20135681272865102, -0.26765953441911616, 0.7206141004932375, 0.1796659769316241, -0.1207569877563198, 0.2800070549887155, -0.7424356401131537, -0.4458728286774054, -0.31131591212951726, 0.07086695707412459], [-0.3597382040671603, 0.20584582142437288, 0.2666029441058951, -0.10257864467363542, -0.669481780498054, -0.29682433439592176, -0.39049825077223865, 0.5432208667652461, -0.5704373714394979, -0.011789542365581017, -0.06684549006159918, 0.4910704656682956, 0.3061890861850904, 0.015672675636021604], [-0.4812369919989261, -0.7676367931447187, -0.2439655167565242, -0.5055046094950594, 0.4160913998245069, 0.5451126706509242, 0.19425509383181008, 0.2911173566259263, -0.13891239733948488, 0.6628812072139537, 0.05102360762216471, -0.395662837737093, 0.7040855527546357, -0.00685302339046031]], "inverted": false, "swapped": true, "error_lsq": 0.0380792427808656, "error_max": 0.2494939916850033, "target": "533.xyz", "model": "18.xyz", "model_rescale": 3.922800546911778, "target_rescale": 4.252821403534504},
{"mapping": [13, 4, 6, 11, 10, 8, 7, 9, 12, 5, 2, 0, 3, 1, 14], "R": [[-0.8315451673952574, -0.2433845462511363, -0.49929610175498296], [-0.15272414104346838, 0.9644280481398375, -0.2157634739795371], [0.5340486600714663, -0.10316250582121445, -0.8391361785005814]], "T": [0.08469525859902474, -0.03897524728606052, -0.052939851912608846], "aligned_model": [[-0.24432141876852517, -0.13284488111092543, 0.3799493863291379, -0.5747914864878519, -0.27291534068016576, 0.47282487955322594, -0.5884838822004367, -0.5026785086054408, 0.02574575080964453, 0.6524374000537135, -0.028649546667111087, 0.4197509852150151, -0.0723432550157368, 0.6766044825138878, 0.0027030411828115053], [-0.3369651862921117, -0.7290401914078125, -0.5966607498314763, -0.30783495657265136, -0.44710748090725405, -0.35869072529650775, 0.3043890641106026, 0.2506751220713931, 0.3788713287239466, 0.3606504564667597, 0.19336260508960482, 0.6909110474722779, 0.5805155716924855, -0.03965858364967322, 0.009017266852783326], [-0.5771189902664476, -0.034130290477429784, 0.22559138910374238, -0.05888144646725145, 0.5438376496957041, -0.4015486075113721, -0.31205722514383355, 0.4306280409898345, -0.7166741654859065, -0.3699601634105041, 0.6151178104642488, 0.1782446900936699, -0.07975913654255597, 0.3916116385041532, -0.06956832515203826]], "inverted": false, "swapped": false, "error_lsq": 0.03430912767762538, "error_max": 0.22858035971714494, "target": "533.xyz", "model": "19.xyz", "model_rescale": 3.9282355846067225, "target_rescale": 4.252821403534504},
{"mapping": [11, 12, 6, 9, 13, 8, 5, 0, 2, 4, 7, 10, 3, 14], "R": [[-0.7622805197289105, -0.3467347966429053, -0.5465376382636655], [0.40813154647349026, -0.9128694064875288, 0.009903911967716075], [-0.5023515203669433, -0.21550969234841877, 0.8373759743919756]], "T": [0.0027897368117799012, -0.07177202430372692, 0.06680362104605972], "aligned_model": [[-0.619190298300066, -0.1499636799711404, 0.5593837259413015, -0.38872809623957444, -0.6214369759111796, 0.1708521148405719, -0.11944087702769055, 0.4819238337997492, -0.0984568303398162, 0.026333444081709505, 0.18141586826126727, -0.40931272333130386, 0.5517797666385859, -0.03263645335773779], [-0.4611003310239239, -0.7774067447805133, -0.6097481465189631, -0.20541773907512878, 0.1899528105348089, -0.3082587713930776, 0.4400859709293646, 0.17073659467804223, 0.7287433564454022, 0.1906587532716062, -0.46110716781129635, -0.2723858241475884, -0.05686495604208479, -0.04500571764181177], [-0.10493215058207614, -0.2578407565920907, 0.0019001670349484134, -0.6321401735900497, -0.06167250319521647, -0.49980348680636044, -0.46460634967553716, -0.24509851643278782, 0.20553516071190503, 0.7075885799334211, 0.7677690051019053, 0.47930064128072647, 0.46739880191480954, 0.04878473814008543]], "inverted": false, "swapped": true, "error_lsq": 0.04782215306475831, "error_max": 0.2676466231184657, "target": "533.xyz", "model": "20.xyz", "model_rescale": 4.067790424073018, "target_rescale": 4.252821403534504},
{"mapping": [12, 9, 7, 10, 1, 0, 11, 13, 3, 2, 5, 4, 6, 8, 14], "R": [[-0.2562414031088174, -0.007904516820174234, -0.9665804994653391], [-0.7886922626381803, -0.5764160007290817, 0.2137968871573187], [-0.5588424269751648, 0.8171181754907495, 0.14146741354522818]], "T": [0.03627396177024539, 0.052248230980590595, -0.012308325806251786], "aligned_model": [[-0.26846038390930027, -0.24085922374084612, 0.3690046605703386, -0.6798841456308076, -0.12333362505753687, 0.6007737230554078, -0.4951616856241449, -0.5613034346050387, 0.04016080784055215, 0.5734077350123699, 0.048679405096927475, 0.55827443624061, -0.01904906071889234, 0.4392830031674319, -0.02854460557582865], [-0.35768046655390506, -0.6738435269248318, -0.5931313554584503, -0.3274672006552626, -0.4778427277235162, -0.2142218580955149, 0.20303784971940764, 0.16353338489329652, 0.28183503484864075, 0.42847315193751595, 0.24530359982949065, 0.5699170794553453, 0.7795954689058612, -0.08405049003179374, 0.008976644376083594], [-0.5833681373834791, -0.018461053589817287, 0.1592708940677194, 0.10694173807217311, 0.593359978636033, -0.3511176241699861, -0.3482709688757685, 0.33502490746859576, -0.8314663133569435, -0.3639673226093557, 0.5454029349661748, 0.3070769630030707, -0.13665566739632312, 0.367394542141256, -0.01583200257933446]], "inverted": false, "swapped": false, "error_lsq": 0.03960425402280561, "error_max": 0.2635654069660729, "target": "533.xyz", "model": "21.xyz", "model_rescale": 4.186013935880536, "target_rescale": 4.252821403534504},
{"mapping": [3, 6, 7, 2, 5, 4, 0, 8, 10, 11, 9, 13, 14], "R": [[0.019648025807040892, 0.5239627167079903, -0.8515145486613065], [-0.14762545497451246, -0.8408234093904834, -0.5207904753972867], [-0.9888481582758064, 0.13593772736420895, 0.06082971439683038]], "T": [0.0013577978831635635, -0.040384803615609886, -0.027784268385099658], "aligned_model": [[0.1957916447707108, -0.4600065304072549, 0.352857181383668, 0.5277473307847771, -0.16492320670309366, 0.6562481699941334, -0.272002135744273, -0.6306032498112828, 0.3608402080566027, -0.16141884263139938, -0.5416046405569197, 0.18701718113449883, 0.008630925153057696], [-0.35654441274910886, -0.05770292464513512, 0.2366541322356023, -0.5076671022943648, -0.4116494557478822, -0.12505586737332489, -0.5970164550270154, -0.09248444830380415, 0.4588458516784148, 0.6303068782172707, 0.19677433000116865, 0.18253333942948916, -0.03803720587521679], [-0.5972817251008641, -0.6525007436093145, -0.716652347100046, 0.3904064719082286, 0.5997893709727288, -0.23749596139618567, -0.06092650540993941, 0.028121190621878404, -0.06984702669750655, 0.2748794112512825, 0.5277489480112278, 0.5971181939722585, 0.019520283911597453]], "inverted": true, "swapped": true, "error_lsq": 0.04779141806000103, "error_max": 0.2530809375460972, "target": "533.xyz", "model": "22.xyz", "model_rescale": 4.166573947596378, "target_rescale": 4.252821403534504},
{"mapping": [0, 4, 3, 1, 2, 8, 5, 6, 7, 10, 12, 14, 13, 9, 15], "R": [[-0.24107400932447776, 0.6169567264624571, -0.7491646812957418], [-0.08215524678385633, -0.7821337643932863, -0.6176708589709174], [-0.9670231835142864, -0.08735658114141237, 0.23923835452781933]], "T": [0.10076461886291366, -0.040110654920798364, 0.10134813799620977], "aligned_model": [[-0.2758946962324268, -0.0239251911259854, 0.29088046471067974, -0.5687561477901258, -0.3172371995613506, 0.538014610809408, -0.47700482116732246, -0.5635379193057077, 0.023479259373074796, 0.3888123803173299, 0.0635302656702266, 0.43401604794117493, -0.02648195207439119, 0.6918041689115497, 0.03528833564510925], [-0.3439847943158066, -0.7211033460773655, -0.5610427552030947, -0.22944014393681905, -0.45753959424554846, -0.48134049715235183, 0.37605568602640016, 0.11792006133884834, 0.17049191096044697, 0.4860411570164552, 0.3044213278617493, 0.6595002141727535, 0.7379623554573286, -0.06490589818314337, -0.04060109519748582], [-0.5563326588930307, -0.14473095343754522, 0.33353849970213495, -0.053556182396734694, 0.423585317100847, -0.41653969840110794, -0.32766238871742803, 0.43725893339887933, -0.5776681947256017, -0.34713150593461917, 0.657489011347077, 0.2609284628602335, -0.20723546429263645, 0.20384990613686627, 0.07953978464667996]], "inverted": true, "swapped": false, "error_lsq": 0.03892861536470838, "error_max": 0.23648992441202288, "target": "533.xyz", "model": "23.xyz", "model_rescale": 4.274766983524099, "target_rescale": 4.252821403534504},
{"mapping": [13, 8, 5, 2, 0, 1, 4, 3, 7, 6, 14], "R": [[-0.20072680571488788, 0.8759391445500739, 0.4386791133760335], [-0.016850799691621066, 0.444639509442497, -0.8955510913356586], [-0.9795023226196307, -0.18715320378668593, -0.07449079335816397]], "T": [0.1107754320533868, 0.13079696578065678, -0.07482439313042386], "aligned_model": [[0.0890324482286354, 0.09428777337032293, -0.43897467381368005, -0.5131389045650302, -0.3761823160295257, -0.542529936325301, 0.05041537174347652, -0.004734488846192597, 0.578402589636593, 0.3472225961122229, 0.09609424444655373], [-0.08929761890226007, 0.7634214183548491, 0.31735794255344385, -0.3581385746356841, 0.45649022274533335, -0.1445445347165681, -0.5081707401300308, -0.019778286804100015, -0.2297564085056604, 0.6057380645345739, 0.12226504674958648], [-0.7273200705075864, -0.14359225075906915, -0.5463170338690405, -0.27975150249798286, 0.13123120735293006, 0.3120128431451902, 0.18614785947452386, 0.5779185301950388, 0.49628656301788066, 0.49258315570408484, -0.11963286723439173]], "inverted": false, "swapped": true, "error_lsq": 0.05724581804652005, "error_max": 0.2814612885154508, "target": "533.xyz", "model": "24.xyz", "model_rescale": 3.7841303162186577, "target_rescale": 4.252821403534504},
{"mapping": [6, 0, 1, 7, 0, 4, 11, 10, 3, 5, 9, 12, 13, 2, 15], "R": [[-0.6458083330777569, -0.733753447703523, 0.2110390364613201], [-0.2503118945591659, 0.46461119837037285, 0.8494000175365238], [-0.72130129098008, 0.49572402839890606, -0.4837169991828182]], "T": [-0.01744888885808231, 0.005204756400260937, 0.08357719721196462], "aligned_model": [[-0.11529116517556183, -0.2819917487108885, 0.23811341272150754, -0.5881059512335932, -0.2819917487108885, 0.5141524182265338, -0.5946029657557517, -0.625206140134659, 0.18399956042643806, 0.7191236362996575, 0.16470577886708115, 0.36884098405742577, -0.17270424641921106, 0.7067223467903035, -0.022776565127150955], [-0.23476986787394258, -0.6492551338314138, -0.693155812091879, -0.2954401372820856, -0.6492551338314138, -0.26251615480473356, 0.25815011426825324, 0.13266278419979377, 0.2976758490893345, 0.34900900850177413, 0.30085246743344984, 0.6574666795686251, 0.7095241560241774, 0.03646837076718734, -0.004982601614760069], [-0.5908599910513292, 0.2910121911990834, 0.0794759547317614, 0.0013049347905262493, 0.2910121911990834, -0.366344914789491, -0.35498794802431416, 0.5522355802025947, -0.6395279610155732, -0.24596535977173223, 0.5542711705246627, 0.10608106567414806, -0.21945737925252445, 0.29188378809047666, 0.015199545886642185]], "inverted": false, "swapped": false, "error_lsq": 0.04491930957311585, "error_max": 0.38062547422394855, "target": "533.xyz", "model": "25.xyz", "model_rescale": 4.19342608120988, "target_rescale": 4.252821403534504},
{"mapping": [2, 0, 5, 10, 13, 4, 11, 7, 8, 3, 6, 14], "R": [[0.38865448244194173, -0.032129428549171904, 0.9208232149000645], [0.49511147291062574, -0.8355596414207228, -0.23812751840378277], [0.7770536163419209, 0.5484594656398747, -0.30883635129298825]], "T": [-0.005661771381516509, 0.019450948646533125, -0.0855297166001682], "aligned_model": [[-0.3240893619533361, 0.5060536715392232, 0.10678383031241333, -0.53140907380606, -0.4745026367018203, -0.4122406581485174, -0.3192171998092876, -0.19660145764213321, 0.5036364386844772, 0.19076740417530413, 0.5769931821930137, -0.028365584211496167], [-0.7095353352569251, -0.31790075708458554, -0.6104529186485985, 0.3405992984725333, -0.2403912026569891, -0.06236688044424321, 0.3745361320844993, 0.5744859146483583, 0.08804833537118956, 0.08917901074740939, 0.4962117830158698, -0.00963695250753777], [0.10813248858508284, 0.014490224699212267, -0.4727151913435643, -0.05942152930946301, -0.518352188244025, 0.4694739179692481, -0.6716409479840776, 0.48920486664437446, -0.46119484791341925, 0.5614960547678548, 0.10588592288089763, -0.11610030954270006]], "inverted": true, "swapped": true, "error_lsq": 0.04021865398754769, "error_max": 0.2763027082408856, "target": "533.xyz", "model": "26.xyz", "model_rescale": 3.795458400668931, "target_rescale": 4.252821403534504},
