[{"mapping": [0, 1, 9, 3, 11, 12, 10, 2, 4, 6, 8, 13], "R": [[0.33796513007432916, 0.37940656794649963, 0.8612956676153085], [0.4433817529484031, 0.7430447273958738, -0.501295475983569], [-0.8301760006204968, 0.5513031736606002, 0.0829012587691345]], "T": [-0.1635216246523563, 0.06542383606182423, -0.08565974390028755], "aligned_model": [[-0.12627321458736912, -0.50696492843101, 0.485234882009702, -0.573221036101564, 0.0966704325543124, 0.06840059318259073, 0.6577722688623442, -0.19092727302436513, 0.1918778507394786, -0.4416249110380722, 0.1188419821665136, -0.01662649339244829], [-0.5322037103597681, 0.0674940770374875, -0.21673015689178415, -0.21282166656318374, 0.6945656178680605, 0.17567955054442078, 0.5840654805414006, -0.6753341745290206, -0.33211198731450653, -0.05515948580931196, 0.36980564287088513, 0.09755987398596053], [-0.5723488708451627, -0.5494339611815825, -0.2760469574630799, 0.08145141169640444, 0.06777608175824831, -0.6044810717888559, -0.3538315353486232, 0.1187534298251538, 0.7074737307651005, 0.616240896344213, 0.5763082620113201, -0.022978345271411335]], "inverted": false, "swapped": false, "error_lsq": 0.04127985356611887, "error_max": 0.22079992682234256, "target": "534.xyz", "model": "0.xyz", "model_rescale": 3.8414455957264533, "target_rescale": 3.9613663479641392},
{"mapping": [13, 12, 9, 11, 10, 8, 6, 0, 4, 1, 5, 14], "R": [[-0.37936523729247146, 0.6808884842652034, -0.6264765667836755], [-0.732042417850522, 0.19321350339541216, 0.6532858796677249], [0.5658585646622211, 0.7064413734349831, 0.42514076574436627]], "T": [0.11289389161102359, -0.04974514600073589, 0.05768488620045399], "aligned_model": [[-0.12676152770433297, -0.4698974686916676, 0.5553857343850808, -0.7063854082322818, -0.08590452066117571, 0.048429568670949205, 0.6561652029004577, -0.1003032946787274, 0.23430111181952515, -0.5750233641720757, 0.29260949279410364, 0.040544626510257004], [-0.4870378346196602, 0.23464405060287874, -0.3019161206304152, -0.22763124292870723, 0.6023171574495588, 0.2119490698388764, 0.49312556541577846, -0.7092329621335802, -0.23653333465220244, -0.0783985348172921, 0.4800737344329724, -0.016550486577567435], [-0.5134432825257462, -0.3445172508883019, -0.39632001314114806, -0.0952967058228016, -0.0029389053960675454, -0.6850552338715262, -0.08435330162109382, 0.2701469996174862, 0.5538579349543534, 0.5815615164044736, 0.4059908459683994, 0.099250466823697]], "inverted": true, "swapped": false, "error_lsq": 0.038533953647051894, "error_max": 0.19871030301227396, "target": "534.xyz", "model": "1.xyz", "model_rescale": 4.316132596720782, "target_rescale": 3.9613663479641392},
{"mapping": [6, 4, 10, 2, 5, 3, 7, 8, 1, 0, 9, 11], "R": [[0.4432706074549829, 0.7589970445459167, 0.4769010955502767], [-0.6909941559958894, -0.04957062925463753, 0.7211586712331949], [0.5709975875133085, -0.6492043122822452, 0.5024893192577514]], "T": [0.01619931429672453, 0.007058541242462142, 0.025297472368693303], "aligned_model": [[-0.09323028508061779, -0.6408348120478611, 0.5116164067934063, -0.6287705051054626, -0.08994153279002706, 0.08530467631642281, 0.6988499850114946, 0.041159364278543636, 0.031056973047707107, -0.5215913771440426, 0.42415748630469846, -0.054616226644149724], [-0.4032511539435457, 0.08328259502471758, -0.35582431386733215, -0.4848159288337293, 0.6426412346103054, 0.32512847179982335, 0.5206821294161923, -0.7567692150665846, -0.2219351960809379, 0.27899937322554974, 0.35234515738820643, -0.01567409229202564], [-0.6788098204610213, -0.3707148779189586, -0.11652543311130124, 0.2321762762432745, 0.04828969688010147, -0.5448542416991267, -0.24048437656756003, 0.07988932532940264, 0.5171697948751627, 0.4004553253938601, 0.5393974508111613, -0.077106049273271]], "inverted": false, "swapped": false, "error_lsq": 0.05491791513358509, "error_max": 0.3345140663051006, "target": "534.xyz", "model": "2.xyz", "model_rescale": 3.795458400668931, "target_rescale": 3.9613663479641392},
{"mapping": [8, 9, 1, 3, 4, 7, 0, 6, 2, 5, 10, 11], "R": [[0.5264599311516227, 0.4711681174179218, 0.7077008873957135], [-0.3157950093468817, -0.6644739761965301, 0.6773092698532749], [0.7893753561921172, -0.5800645999252366, -0.20102638371652484]], "T": [0.05028055303925462, 0.015580554200678432, 0.005750806035634718], "aligned_model": [[-0.20133130843619168, -0.7085797693355955, 0.5165520965282903, -0.6265755232833322, 0.000769619938868607, 0.04186937981962045, 0.6971721486311814, -0.08101828015366126, 0.4405617042964008, -0.5462430833094631, 0.11655134178012733, 0.11343182646386764], [-0.5683022246248752, 0.12025319704608005, -0.3350085256237936, -0.40707891999227036, 0.650630813600434, 0.28803579305689225, 0.43527517253513964, -0.5470513849596907, -0.34352935079244246, 0.197635401053832, 0.35530416051164965, 0.11864492956968466], [-0.44849065925253756, -0.4037968612415343, -0.23078034793743882, 0.02292189674361864, 0.07796277778152262, -0.7076913370992132, -0.1268977336071481, 0.12194983382728804, 0.5593264652947885, 0.32954116964116525, 0.6532126112989983, -0.05837474494778511]], "inverted": true, "swapped": false, "error_lsq": 0.05445410824030498, "error_max": 0.3374501972961854, "target": "534.xyz", "model": "3.xyz", "model_rescale": 3.7530521520055578, "target_rescale": 3.9613663479641392},
{"mapping": [1, 9, 7, 8, 0, 10, 5, 4, 6, 2, 11], "R": [[-0.4037146676827135, 0.9110823743413344, -0.08332691199362408], [-0.5976480425511267, -0.3315901245754937, -0.7299758944779036], [-0.6926985522813247, -0.24490180981071893, 0.6783743945777962]], "T": [-0.05687943456311245, -0.06022846038968392, -0.03862702146331016], "aligned_model": [[-0.4235161733130743, -0.22477037506331365, 0.4986489306084841, 0.4088210617053189, 0.2549410307801951, -0.32890837194453026, -0.34334010865253295, -0.7011765164307391, -0.24349240997020427, 0.4696181098619973, -0.028625575136396266], [-0.681687119893821, 0.09993939403914, -0.26103094582733977, 0.44733965150025773, -0.7021222390693489, 0.6037909877476175, -0.40497959771237696, 0.09135062773720777, 0.3519273641123117, 0.0366744630339957, -0.11399922735329737], [-0.08714920601751863, -0.7900388666480487, -0.388380203958069, -0.3771247016925225, 0.19289449477990944, -0.05940828639305807, 0.49708913959851536, 0.0475363542503577, 0.6650318574471971, 0.4313651837453694, -0.03898498786681584]], "inverted": true, "swapped": true, "error_lsq": 0.050789710424575835, "error_max": 0.2773211854660701, "target": "534.xyz", "model": "4.xyz", "model_rescale": 3.7855080009869324, "target_rescale": 3.9613663479641392},
{"mapping": [13, 15, 6, 14, 10, 8, 7, 12, 1, 2, 5, 16], "R": [[-0.9373902203967217, 0.3363857354914475, 0.0902452860955258], [0.16490826525700558, 0.6569170193638951, -0.7357073424399003], [-0.30676511984661897, -0.6747626742995894, -0.6712603776609756]], "T": [0.00830468113186374, -0.01113352049267577, 0.05686106477339631], "aligned_model": [[-0.05482420264851834, -0.5489870546109308, 0.5521853237794649, -0.6301175240593918, -0.07730313042442906, 0.038054566653225326, 0.5937460399719012, -0.1966466683420832, 0.249288147512072, -0.4461654463700771, 0.32815485207713974, -0.044224750598260504], [-0.4563829730121164, 0.19595996900898677, -0.20320670891097162, -0.23485403676165215, 0.6792541216524182, 0.18210990636143048, 0.428305651676518, -0.6581132474676471, -0.4780530033225864, -0.08105189891967454, 0.6073220749942699, -0.01648079391833545], [-0.5111488893111951, -0.5139771912717497, -0.2487183928330085, 0.06483709460948732, -0.15993487672036047, -0.6192171823642909, -0.10289218620664689, 0.10663495594489714, 0.6018538211239717, 0.6350945912531396, 0.46954955404401805, 0.06680177223346204]], "inverted": false, "swapped": false, "error_lsq": 0.034085423222684506, "error_max": 0.1630935206549397, "target": "534.xyz", "model": "5.xyz", "model_rescale": 4.2253639853439635, "target_rescale": 3.9613663479641392},
{"mapping": [7, 3, 12, 4, 5, 6, 11, 0, 9, 1, 8, 13], "R": [[-0.4131191488819849, -0.719425953062351, -0.5583537112685403], [0.8688827025961396, -0.1277726486085732, -0.478243661115104], [0.27271856914455367, -0.6827154958896702, 0.6778820942581897]], "T": [-0.08679892446285391, 0.09551124444456846, 0.057211455397849664], "aligned_model": [[0.044654286062113344, -0.4573932661267519, 0.6696097412890255, -0.7843071142162885, -0.0015835076946043997, 0.001293620813918886, 0.5755849848848736, -0.18588721317445533, 0.22126801450556766, -0.45726486093378554, 0.2583324138673898, -0.12114694633689074], [-0.4197908877383547, -0.13361821240690272, -0.295967834177881, -0.02074452635954352, 0.7159291479345232, 0.23164331800839513, 0.39591206980294325, -0.6985602511323884, -0.23498926668008366, -0.07160418350960862, 0.41571443782288275, 0.08088524981665843], [-0.5314947379085596, -0.5024035896357821, -0.32480140543985975, 0.08684645477618996, -0.0353154283972269, -0.5652238666533509, -0.21948456837990044, 0.10912118742355709, 0.46765097682135204, 0.6683850850749443, 0.6266139052094005, 0.008989057610960152]], "inverted": true, "swapped": false, "error_lsq": 0.048420178754142944, "error_max": 0.2722365078734609, "target": "534.xyz", "model": "6.xyz", "model_rescale": 3.89814844738969, "target_rescale": 3.9613663479641392},
{"mapping": [4, 11, 0, 10, 8, 7, 3, 2, 1, 9, 6, 12], "R": [[-0.05064143985028052, -0.6804339834877857, -0.731057479740707], [-0.7288522445327683, -0.47526678379114234, 0.492844691423545], [-0.6827956137889553, 0.5577912497877385, -0.4718676418772498]], "T": [-0.0005582914571173048, -0.011560612777499282, -0.06326363707958443], "aligned_model": [[-0.1977689375625735, -0.648389673745631, 0.568006670010256, -0.5888495652551348, -0.1501753684493401, 0.24321992238961596, 0.6071529284341065, -0.059363644387193354, 0.4202481497853292, -0.5881462075978147, 0.27493827404899074, -0.1177123947304985], [-0.4248792256382386, 0.30795342794429753, -0.1760762243867779, -0.3933337062427446, 0.6482132139129797, 0.15700832337831272, 0.5159811809423558, -0.7099238288254269, -0.4690599129116126, 0.28467564779990967, 0.35690671961943937, -0.13265655421185452], [-0.5168840441489937, -0.4287299790685473, -0.03720820392758656, 0.15368415694287002, -0.06327782294626039, -0.6492938204003329, -0.13231916377419228, 0.03861174492672306, 0.5098096055513242, 0.540831055629398, 0.432427111652325, -0.05876756993500291]], "inverted": false, "swapped": false, "error_lsq": 0.05369659602601908, "error_max": 0.28856469185430866, "target": "534.xyz", "model": "7.xyz", "model_rescale": 3.7474275329858107, "target_rescale": 3.9613663479641392},
{"mapping": [1, 13, 0, 4, 11, 12, 10, 2, 3, 8, 7, 14], "R": [[0.9436202336945473, -0.11841881412670349, 0.3091243099839829], [0.251816892656067, -0.34935767223282166, -0.9025172959146587], [0.21486997727763443, 0.9294763048689784, -0.29984111050991535]], "T": [0.02862129487235431, 0.05689741863799683, 0.027187183634457896], "aligned_model": [[0.13033940442753386, -0.6879882426502103, 0.5904934309250183, -0.7160171784548037, -0.054952929453466415, -0.01890778089274735, 0.6244069936083892, -0.3262217035075865, 0.2863373697171693, -0.3868639508338647, 0.33762411390001856, -0.015089373845337675], [-0.5392059160726744, 0.19501411599258744, -0.2722533300105717, -0.17562649383300027, 0.6676567165380666, 0.28539224857264134, 0.4757083893283751, -0.7057049770264981, -0.4122127566158691, -0.13425830493650023, 0.5557619297120568, 0.024537439732026316], [-0.419037043167708, -0.49769983024198133, -0.07367274408049294, 0.08778437841858261, -0.053239084753540514, -0.5439290203463157, -0.18470932813310334, 0.060556757760492116, 0.5043167312674686, 0.5331929304414263, 0.3729169760270327, 0.0024023473098637206]], "inverted": true, "swapped": false, "error_lsq": 0.046439379919115155, "error_max": 0.30702122680448374, "target": "534.xyz", "model": "8.xyz", "model_rescale": 4.019505241142653, "target_rescale": 3.9613663479641392},
{"mapping": [5, 8, 6, 4, 9, 11, 10, 3, 2, 0, 1, 12], "R": [[0.14241378459331555, -0.9344294644000344, 0.3264351237518316], [0.6933474297683773, -0.14118654807851916, -0.706636894221677], [0.7063905828869707, 0.32696778847883, 0.6277773567960772]], "T": [-0.0061329163604483625, 0.04135947610143412, 0.005964107020029825], "aligned_model": [[-0.08643980780837225, -0.5106028268981416, 0.6278575453305126, -0.7471712962087691, -0.10624986913972598, -0.00018429715381144442, 0.7714852619416653, -0.2308683694979558, 0.23242793112773638, -0.3900799505514156, 0.21797674935062564, -0.014990917552235784], [-0.4976922847200096, 0.31058603131360496, -0.19200842349353753, -0.32472020315131267, 0.6778400729862267, 0.14637092742449168, 0.5241353733492604, -0.7608065692980663, -0.3625498333211451, -0.043267073167127135, 0.4654750022065085, 0.021446041251745915], [-0.3858250218276577, -0.35342997016653355, -0.2617248092436261, 0.07261588323869277, -0.22252901538371536, -0.6073765267337995, -0.014460388774160431, 0.2168774054461198, 0.3664057167491958, 0.5237180062481727, 0.481575482432817, -0.026963691483781183]], "inverted": true, "swapped": false, "error_lsq": 0.051757227350578694, "error_max": 0.27465639906859735, "target": "534.xyz", "model": "9.xyz", "model_rescale": 3.877068213659057, "target_rescale": 3.9613663479641392},
{"mapping": [11, 12, 9, 0, 3, 6, 13, 8, 7, 1, 4, 15], "R": [[0.5781946254082648, -0.0751597147632739, -0.8124296846039664], [-0.5193595711687612, 0.734052728348402, -0.4375296879523356], [0.6292508331217347, 0.6749204466312833, 0.38539042506869864]], "T": [0.09161639409946007, 0.04453931681093947, -0.09379930429732372], "aligned_model": [[-0.25853488526759827, -0.5342050543200139, 0.49470953390529127, -0.6261802798393432, -0.08086531009583253, 0.0642592622120847, 0.6970490476617489, 0.03744346564652465, 0.19460953843659298, -0.4376625154135788, 0.2032864543750931, 0.009250895639143664], [-0.47954305202814385, 0.17308905237476752, -0.46739220058301745, -0.2980227648797673, 0.6499651495523601, 0.4248726749584275, 0.5052848550725451, -0.674993143113, -0.20012294010465115, -0.06223735007411619, 0.38571362807969656, 0.00819515212553902], [-0.477709487143952, -0.4811204835506041, -0.19909577166375853, -0.05937270551221038, -0.013356992697828585, -0.578466921474291, -0.23092460078276622, 0.17944283876764314, 0.6780940572995542, 0.5854423239595441, 0.4799781496979485, -0.09402733639755481]], "inverted": true, "swapped": false, "error_lsq": 0.03800206904004947, "error_max": 0.20588329233530644, "target": "534.xyz", "model": "10.xyz", "model_rescale": 4.260839863003843, "target_rescale": 3.9613663479641392},
{"mapping": [2, 8, 3, 9, 7, 1, 0, 4, 5, 10, 6, 11], "R": [[0.15755554921594403, 0.023027126606645215, 0.9872416119428438], [-0.9844815233547736, -0.07457465889548659, 0.15885449450263234], [0.07728116901501464, -0.996949533171496, 0.010920129340323298]], "T": [-0.05974826892341091, -0.00704099796037489, -0.03267726860083177], "aligned_model": [[-0.08762941482119206, -0.6575229506255116, 0.5466863654224027, -0.7565308146669311, -0.09318083442965479, 0.18685109954661944, 0.6041183533419086, -0.20329448087366653, 0.339825139732233, -0.4185542576100592, 0.3408891940872578, -0.03849724616329368], [-0.46777790102524325, 0.14047245367908287, -0.3034721732536267, -0.3837302134079382, 0.6473734860434165, 0.17965437421237013, 0.5663601152359912, -0.6691749875917353, -0.29229482022914527, 0.12459782565243527, 0.3816772552666611, 0.041123646798371466], [-0.5399259985145399, -0.4021615288340775, -0.25221920990792657, 0.0586056984296601, -0.04782903324946863, -0.6865841676474423, -0.00973079431321926, 0.24494824069327342, 0.4316310882314187, 0.4645784750991612, 0.593136663406698, -0.06556636289181272]], "inverted": true, "swapped": false, "error_lsq": 0.0434093929290818, "error_max": 0.22810091187844214, "target": "534.xyz", "model": "11.xyz", "model_rescale": 3.890672605050136, "target_rescale": 3.9613663479641392},
{"mapping": [12, 5, 4, 9, 8, 7, 3, 11, 1, 6, 0, 13], "R": [[0.9889071580731487, 0.0759369775287115, -0.12765660247512708], [0.06020399233407166, -0.9905936692506846, -0.12288068093685224], [-0.13578700975692667, 0.1138321478505497, -0.9841768794769581]], "T": [-0.056900949183798386, -0.11165438017220361, 0.07648520031812714], "aligned_model": [[-0.1284894147831071, -0.5571393320226151, 0.5859810439225943, -0.7847782936870821, -0.12490768231179002, 0.050312399562071966, 0.5954331175155508, -0.15828572723985623, 0.2743959163566906, -0.38838607103281725, 0.38273482080619353, 0.016289375854278823], [-0.32595430529037694, 0.15916564328821606, -0.2696668046640921, -0.34323000946991133, 0.605350828006828, 0.2722802814744586, 0.49957439539015513, -0.6200303638537844, -0.1185033127742213, 0.02248054934273716, 0.1795671384717387, -0.0962249785411082], [-0.6335026731223667, -0.45397710471660646, -0.1532795934839015, -0.07314004920754649, 0.09815687610783667, -0.6772147689755968, -0.1557276446109678, 0.260976798743533, 0.7803983834561462, 0.5283521924942766, 0.3422011324171238, -0.0743604786002065]], "inverted": false, "swapped": false, "error_lsq": 0.04607816040455743, "error_max": 0.33220616294872224, "target": "534.xyz", "model": "12.xyz", "model_rescale": 4.124412569039231, "target_rescale": 3.9613663479641392},
{"mapping": [1, 8, 0, 2, 9, 6, 3, 4, 5, 10, 7, 12], "R": [[-0.6494869865582217, -0.721476165931291, 0.2400808119875583], [-0.4148333593310082, 0.071599504180415, -0.9070759587748262], [0.6372440178437705, -0.6887275607917863, -0.3457953277997337]], "T": [0.05614383309614815, 0.050769946312897926, -0.0026992385747752444], "aligned_model": [[-0.12996083140506434, -0.5280901272870726, 0.506760630299122, -0.6868868976472409, -0.03760291240075525, 0.0393363799849346, 0.637626605123688, -0.08644315012540693, 0.39948696207468726, -0.454605267509653, 0.14568396870392525, -0.04214520687105178], [-0.3854850007917859, 0.24094430742311956, -0.30880064468669643, -0.37906704615867964, 0.6816414015557033, 0.30283397138911833, 0.3383438141205107, -0.6913706782662415, -0.23119837499051044, 0.013159237562038115, 0.37155825037330176, 0.012249823850762079], [-0.6644476604741507, -0.37337499015518144, -0.06918897884169121, -0.07713717730802797, -0.045757648542587875, -0.622210377753377, -0.2992332706103324, 0.21449307554933925, 0.6107787485093392, 0.528648541240982, 0.5284835007997597, 0.05782930808765262]], "inverted": false, "swapped": false, "error_lsq": 0.03952927751156223, "error_max": 0.1910497224332148, "target": "534.xyz", "model": "13.xyz", "model_rescale": 3.9028299243045295, "target_rescale": 3.9613663479641392},
{"mapping": [7, 4, 9, 3, 5, 10, 14, 6, 1, 2, 12, 15], "R": [[0.03286692513383849, 0.9083952915223632, 0.4168186171133047], [0.9747595605863557, -0.1212774468727238, 0.18744487169706348], [0.2208247365621469, 0.40013719549678806, -0.8894530119698421]], "T": [-0.10269712540323306, 0.09594328572685798, 0.09393062489206658], "aligned_model": [[-0.013927747411967728, -0.5446479234336654, 0.4151075837091923, -0.5472229934663084, -0.22084683636443928, 0.08655091476168628, 0.6992698360411259, -0.02886038306282253, 0.18439935385767925, -0.465726045846177, 0.24654298675892466, -0.04747859260311582], [-0.3822692609065057, 0.21469532744881253, -0.3909047271041053, -0.32130754022695274, 0.5825275386222066, 0.2744765091213899, 0.2640079521865665, -0.5623106055052974, -0.2374167475817077, -0.049453794517847344, 0.5508885224631773, 0.02187588738090282], [-0.6703080247525632, -0.406010090183071, -0.21542798915836028, -0.03640719042560411, -0.012738228524530631, -0.604398573614676, -0.24021591993885308, 0.16915171506974674, 0.5720994816062055, 0.7178051808198828, 0.48800734913340527, 0.02732536047014307]], "inverted": false, "swapped": false, "error_lsq": 0.04062741771955743, "error_max": 0.22409600651946546, "target": "534.xyz", "model": "14.xyz", "model_rescale": 3.942246331269136, "target_rescale": 3.9613663479641392},
{"mapping": [9, 7, 10, 2, 8, 6, 11, 5, 3, 1, 13, 14], "R": [[0.6983339079993036, -0.13982591826523233, 0.7019818128126292], [-0.6966672944353833, 0.09229978034313809, 0.7114319583858261], [-0.16426939399201418, -0.9858648300501917, -0.03295607785528154]], "T": [0.05559944246358085, 0.007880431498417485, 0.056104533076835425], "aligned_model": [[-0.058729311312978635, -0.5223882203117198, 0.5861402524160154, -0.647967832265739, -0.19339293602730495, 0.08254764063344995, 0.5346111126030931, -0.26465931304029755, 0.17214353985295577, -0.3804606766391092, 0.48870850693391643, -0.03339260990216934], [-0.4435779379340526, 0.1278425412439749, -0.3191009206897241, -0.25641014743610696, 0.6999031001752807, 0.21181804095405032, 0.47568021672217936, -0.5198292499158406, -0.371312505577584, -0.1907107419784767, 0.5271719187292468, 0.023334747087692755], [-0.6006119832843994, -0.562376559628495, -0.29118520235943, -0.07728024287566333, -0.1846200975254263, -0.46396530396751784, -0.2004538530096605, 0.20353716126301274, 0.655419242003638, 0.7095986448527843, 0.507416770966016, 0.0934044940668656]], "inverted": false, "swapped": false, "error_lsq": 0.04725030713402344, "error_max": 0.25928513126117214, "target": "534.xyz", "model": "15.xyz", "model_rescale": 4.355366556412066, "target_rescale": 3.9613663479641392},
{"mapping": [6, 4, 10, 2, 5, 3, 7, 8, 1, 0, 9, 11], "R": [[0.4432706074549829, 0.7589970445459167, 0.4769010955502767], [-0.6909941559958894, -0.04957062925463753, 0.7211586712331949], [0.5709975875133085, -0.6492043122822452, 0.5024893192577514]], "T": [0.01619931429672453, 0.007058541242462142, 0.025297472368693303], "aligned_model": [[-0.09323028508061779, -0.6408348120478611, 0.5116164067934063, -0.6287705051054626, -0.08994153279002706, 0.08530467631642281, 0.6988499850114946, 0.041159364278543636, 0.031056973047707107, -0.5215913771440426, 0.42415748630469846, -0.054616226644149724], [-0.4032511539435457, 0.08328259502471758, -0.35582431386733215, -0.4848159288337293, 0.6426412346103054, 0.32512847179982335, 0.5206821294161923, -0.7567692150665846, -0.2219351960809379, 0.27899937322554974, 0.35234515738820643, -0.01567409229202564], [-0.6788098204610213, -0.3707148779189586, -0.11652543311130124, 0.2321762762432745, 0.04828969688010147, -0.5448542416991267, -0.24048437656756003, 0.07988932532940264, 0.5171697948751627, 0.4004553253938601, 0.5393974508111613, -0.077106049273271]], "inverted": false, "swapped": false, "error_lsq": 0.05491791513358509, "error_max": 0.3345140663051006, "target": "534.xyz", "model": "16.xyz", "model_rescale": 3.795458400668931, "target_rescale": 3.9613663479641392},
{"mapping": [4, 11, 0, 10, 8, 7, 3, 2, 1, 9, 6, 12], "R": [[-0.05064143985028052, -0.6804339834877857, -0.731057479740707], [-0.7288522445327683, -0.47526678379114234, 0.492844691423545], [-0.6827956137889553, 0.5577912497877385, -0.4718676418772498]], "T": [-0.0005582914571173048, -0.011560612777499282, -0.06326363707958443], "aligned_model": [[-0.1977689375625735, -0.648389673745631, 0.568006670010256, -0.5888495652551348, -0.1501753684493401, 0.24321992238961596, 0.6071529284341065, -0.059363644387193354, 0.4202481497853292, -0.5881462075978147, 0.27493827404899074, -0.1177123947304985], [-0.4248792256382386, 0.30795342794429753, -0.1760762243867779, -0.3933337062427446, 0.6482132139129797, 0.15700832337831272, 0.5159811809423558, -0.7099238288254269, -0.4690599129116126, 0.28467564779990967, 0.35690671961943937, -0.13265655421185452], [-0.5168840441489937, -0.4287299790685473, -0.03720820392758656, 0.15368415694287002, -0.06327782294626039, -0.6492938204003329, -0.13231916377419228, 0.03861174492672306, 0.5098096055513242, 0.540831055629398, 0.432427111652325, -0.05876756993500291]], "inverted": false, "swapped": false, "error_lsq": 0.05369659602601908, "error_max": 0.28856469185430866, "target": "534.xyz", "model": "17.xyz", "model_rescale": 3.7474275329858107, "target_rescale": 3.9613663479641392},
{"mapping": [12, 10, 9, 11, 8, 5, 4, 7, 2, 1, 0, 13], "R": [[0.7608209145109742, -0.3983628529971829, 0.5123071084755995], [-0.22366055898076997, -0.9020182113776113, -0.36924124999726754], [0.6092023394563537, 0.16634357124662175, -0.7753723788643916]], "T": [-0.06318447829881481, -0.00520355383134366, 0.01678763981800886], "aligned_model": [[-0.08122932017599656, -0.48403839250690683, 0.4741095259304807, -0.7318598946953716, -0.10033518256277944, 0.10177070885902088, 0.5744803397920664, -0.19080567312695396, 0.3069826927376428, -0.38091218207875616, 0.26977370029033354, 0.005223830477332589], [-0.4709469413758214, 0.2215859077973968, -0.3160586954207527, -0.277585259718367, 0.7050672753304571, 0.1735496875510485, 0.48527611849978525, -0.7420324332646463, -0.2406887267388522, -0.062079592350844426, 0.4839361364541862, 0.004785584617050134], [-0.5680152363323411, -0.48109577369697304, -0.2330290926535236, -0.003658768448988093, -0.08804377547912111, -0.6644296541457492, -0.18824673003172543, 0.10742601524474996, 0.5747802227770203, 0.6286149351413957, 0.6075698378223511, 0.09701109030462923]], "inverted": false, "swapped": false, "error_lsq": 0.033448903253728846, "error_max": 0.14456767316593583, "target": "534.xyz", "model": "18.xyz", "model_rescale": 3.922800546911778, "target_rescale": 3.9613663479641392},
{"mapping": [8, 6, 12, 4, 2, 1, 0, 13, 7, 11, 9, 14], "R": [[0.41676944474100086, -0.9088469453514161, 0.017333777882448775], [-0.4008048397692025, -0.1666149174898584, 0.9008856473978436], [-0.8158791027767913, -0.38240907310790606, -0.43371026095411946]], "T": [0.006188534957151829, -0.018428022968303218, -0.10893067847042905], "aligned_model": [[-0.13837100092457164, -0.5647036145829966, 0.593004574667245, -0.6800002582259549, 0.008691655154432478, -0.04929059179810656, 0.6702688400125126, -0.16098944507736143, 0.3182735050975909, -0.3341803504797822, 0.054937922861422794, 0.04551891623568223], [-0.41505515675733645, 0.1055164020255319, -0.5325443485110487, -0.2198104338299252, 0.6777776552177306, 0.449918933467298, 0.44178471969374994, -0.6304406690295311, -0.2155643954265969, -0.15319588507219023, 0.4828204725310334, -0.026398232928075624], [-0.5518529192188203, -0.4756563320856184, -0.009204132777211008, 0.0026811658725324344, 0.05965268618512891, -0.6795060186559552, -0.32257574769957836, 0.15432925177513557, 0.5995544950689201, 0.5019950600110756, 0.5306915763437653, -0.021226014317650393]], "inverted": true, "swapped": false, "error_lsq": 0.04639993528761368, "error_max": 0.27942728118889837, "target": "534.xyz", "model": "19.xyz", "model_rescale": 3.9282355846067225, "target_rescale": 3.9613663479641392},
{"mapping": [6, 3, 7, 4, 1, 5, 2, 8, 9, 11, 10, 13], "R": [[-0.9805387630869589, 0.05539445538698977, -0.18834858214564743], [0.03966011623621246, 0.9954789007576488, 0.08630662388527079], [0.19227794794002512, 0.0771570635698526, -0.97830260056756]], "T": [0.013973140786562237, -0.09384842103918226, -0.005619804266049123], "aligned_model": [[-0.0423421029539518, -0.5396611179974328, 0.6002016102028446, -0.5982986642739252, -0.1277738289815145, 0.09359372114053126, 0.5095760927741702, -0.26859046264954145, 0.1480740688817399, -0.33282806993154906, 0.330942126842224, -0.009733220113482856], [-0.4137846937618824, 0.19128574196962753, -0.2193717509053431, -0.2225869291102863, 0.6177102026080198, 0.16338523350019438, 0.538841846694577, -0.7801820478136996, -0.462158585245386, 0.010903407366871218, 0.47743696190880636, 0.06332967416914134], [-0.5724649584094155, -0.4281629212701236, -0.1749651664250897, 0.08336040818262416, -0.19295084275535074, -0.6499656449486796, -0.18671908492732248, 0.1608900810258688, 0.5642831605132157, 0.6125380606972589, 0.555983278079731, 0.01705670073900722]], "inverted": true, "swapped": false, "error_lsq": 0.03946586638961357, "error_max": 0.1965518954695695, "target": "534.xyz", "model": "20.xyz", "model_rescale": 4.067790424073018, "target_rescale": 3.9613663479641392},
{"mapping": [7, 9, 0, 1, 11, 12, 3, 8, 4, 5, 6, 14], "R": [[-0.06152414961285396, -0.8090369707835623, -0.5845288349771744], [0.16877818427795446, -0.585637490476926, 0.7928068202656469], [-0.9837320283117006, -0.049878950001440936, 0.17257863952558483]], "T": [-0.020773884098600703, 0.04988047765254272, 0.05241395236976436], "aligned_model": [[-0.198756221937744, -0.46222870797725, 0.4471265376990019, -0.7508219914964279, -0.03568849706345478, 0.045574030130129506, 0.6521241327033558, -0.10664437352996445, 0.26098924243633714, -0.3338524843893691, 0.31854258955846126, -0.0732041031929627], [-0.5383347968894583, 0.004261295329146986, -0.3480615862532822, -0.2989082865176951, 0.6888156169227826, 0.4049617035559025, 0.5099926543272926, -0.5004123026291847, -0.3238485081773011, -0.1448478351601753, 0.42369452662054163, 0.08749658025207051], [-0.3706570055339632, -0.5856192976629483, -0.30419414986146215, -0.08426545409758786, -0.04542109301263447, -0.6232554521367235, -0.19099940081867028, 0.17477412456512376, 0.7031125618750651, 0.5134224068334233, 0.5934169932063743, 0.008568837145727745]], "inverted": false, "swapped": false, "error_lsq": 0.048100594098590105, "error_max": 0.26895531020358066, "target": "534.xyz", "model": "21.xyz", "model_rescale": 4.186013935880536, "target_rescale": 3.9613663479641392},
{"mapping": [6, 3, 7, 5, 11, 4, 10, 0, 1, 2, 9, 12], "R": [[-0.9721961132340712, 0.19571766349640168, 0.12856637821792513], [0.2252457831823262, 0.6314893498802993, 0.7419471262471051], [0.06402385938965097, 0.7502771469152358, -0.6580160698991993]], "T": [-0.02763197071032501, 0.05662520944865934, 0.062152601221016374], "aligned_model": [[-0.06857942670832311, -0.6317433559844089, 0.5997709849590714, -0.7795539654407744, -0.25611056779113456, 0.1989936527588401, 0.6858702529658487, -0.1721768018594376, 0.3445745044377046, -0.4576763956438691, 0.3463082620907235, -0.046516990844128164], [-0.28825771146885015, 0.011014527399884122, -0.24485054145184765, -0.12257556669216166, 0.6200740080423658, 0.25411457639096197, 0.42396184861162445, -0.6421937197956434, -0.4207425104393406, -0.08314857154925892, 0.3908347077363695, 0.06657801459653688], [-0.3728553593083209, -0.6344877325250716, -0.16979920997504716, 0.09438878874320397, -0.10898757743716231, -0.5990999416855546, -0.16649079574351155, 0.17416749721388095, 0.47289051741473376, 0.6497105010012124, 0.4281081638038343, 0.021338218999527078]], "inverted": false, "swapped": false, "error_lsq": 0.046847986879273086, "error_max": 0.2745167529349149, "target": "534.xyz", "model": "22.xyz", "model_rescale": 4.166573947596378, "target_rescale": 3.9613663479641392},
{"mapping": [2, 6, 4, 12, 5, 1, 0, 11, 9, 14, 10, 15], "R": [[0.6611710741234429, 0.7497133979427506, 0.02797555517925651], [0.7393258725789411, -0.6447677835404906, -0.1940921416329639], [-0.12747574231139105, 0.14901116150617028, -0.9805843201218045]], "T": [0.04847351329960292, -0.05807679638889877, 0.07230615158970592], "aligned_model": [[-0.01980081335649614, -0.4774889877501327, 0.6331673596882135, -0.5770063508281831, -0.08887368970938775, 0.09226371726159033, 0.6012962322822161, -0.2734052186109287, 0.1600109635853637, -0.42922573988332663, 0.09667742505369087, 0.04554525520749282], [-0.3404683630886229, 0.0801898924075494, -0.21458239774821117, -0.24002961009518176, 0.7276825555936368, 0.2327718229971287, 0.396606012518036, -0.7743863868484712, -0.39882971741873957, 0.08009479280842494, 0.4305421675759215, -0.014781707320830756], [-0.5346558394489612, -0.4600033469406479, -0.34421829679603466, 0.14336576307379661, -0.16174505605284917, -0.5769923618117576, -0.32063957939510185, 0.14570901247204066, 0.5538619741850479, 0.6876839206611951, 0.6378758856187009, 0.018640994936295036]], "inverted": true, "swapped": false, "error_lsq": 0.04366739064248531, "error_max": 0.24117476912689, "target": "534.xyz", "model": "23.xyz", "model_rescale": 4.274766983524099, "target_rescale": 3.9613663479641392},
{"mapping": [9, 7, 8, 10, 2, 6, 4, 5, 1, 0, 11], "R": [[0.9491504103541304, 0.16114069594344815, 0.2704573434674076], [-0.2049055344465771, 0.9684095825142407, 0.14211475098580215], [-0.2390130131975008, -0.19030648072373976, 0.9521849730576493]], "T": [-0.023409003388120492, 0.089876053018248, -0.000627021611503846], "aligned_model": [[0.27484893759636364, 0.17662619201165214, -0.38542647798550467, -0.4855537134715222, -0.48032811743437, -0.6735910292379971, -0.024845780213899545, 0.057732766734686, 0.6048578750946872, 0.3021236268475097, 0.013450424016469724], [-0.11947471895096815, 0.6797047796463869, 0.3798887001130079, -0.370237124117886, 0.5629756872641168, -0.21180360355295727, -0.5699914902050842, -0.07829062494299441, -0.07172745224228833, 0.581475711488635, 0.13306666674351503], [-0.6975311222551273, -0.2893287451584575, -0.6121162141275811, -0.30074626860697895, 0.2730227054233665, 0.4307491045285845, 0.09983111916190629, 0.6724560722726709, 0.3189864989985859, 0.4632912046329564, 0.020952079151651686]], "inverted": true, "swapped": true, "error_lsq": 0.03955482111006442, "error_max": 0.25191354971030094, "target": "534.xyz", "model": "24.xyz", "model_rescale": 3.7841303162186577, "target_rescale": 3.9613663479641392},
{"mapping": [7, 0, 11, 1, 9, 10, 14, 6, 3, 4, 12, 15], "R": [[0.18723148658754335, 0.6040770083939175, 0.774619479718961], [-0.9542940503782036, 0.29885966194845415, -0.0024016396104001303], [-0.23295329111858698, -0.7387650982483611, 0.6324230338682393]], "T": [-0.06895256285275696, 0.07859862767787965, -0.009910422769055198], "aligned_model": [[-0.0911001194158033, -0.5901950409035491, 0.48009616485401785, -0.7932574652199653, 0.022723772111580165, 0.1896728993548944, 0.5183468089210878, -0.1019192601392716, 0.2632060195756639, -0.42608394608524536, 0.35319357457488565, -0.06152325468818257], [-0.32952681593752586, -0.09840453102070323, -0.4225751581785948, -0.08587102835191651, 0.656167829760177, 0.2780803754839569, 0.5966274754373593, -0.6152905369415254, -0.33735814334868686, -0.18807880518235767, 0.4956557489000305, 0.015382650760426247], [-0.5156264182766863, -0.4980764910673208, -0.2017382104760156, 0.027083285553754374, -0.02215684835567147, -0.7160088634041482, -0.1364984281787099, 0.18872863768188566, 0.5947816711014083, 0.5884579125996191, 0.4623478780801197, 0.017588945243489452]], "inverted": false, "swapped": false, "error_lsq": 0.04450506807011389, "error_max": 0.22265451091822622, "target": "534.xyz", "model": "25.xyz", "model_rescale": 4.19342608120988, "target_rescale": 3.9613663479641392},
{"mapping": [6, 4, 10, 2, 5, 3, 7, 8, 1, 0, 9, 11], "R": [[0.4432706074549829, 0.7589970445459167, 0.4769010955502767], [-0.6909941559958894, -0.04957062925463753, 0.7211586712331949], [0.5709975875133085, -0.6492043122822452, 0.5024893192577514]], "T": [0.01619931429672453, 0.007058541242462142, 0.025297472368693303], "aligned_model": [[-0.09323028508061779, -0.6408348120478611, 0.5116164067934063, -0.6287705051054626, -0.08994153279002706, 0.08530467631642281, 0.6988499850114946, 0.041159364278543636, 0.031056973047707107, -0.5215913771440426, 0.42415748630469846, -0.054616226644149724], [-0.4032511539435457, 0.08328259502471758, -0.35582431386733215, -0.4848159288337293, 0.6426412346103054, 0.32512847179982335, 0.5206821294161923, -0.7567692150665846, -0.2219351960809379, 0.27899937322554974, 0.35234515738820643, -0.01567409229202564], [-0.6788098204610213, -0.3707148779189586, -0.11652543311130124, 0.2321762762432745, 0.04828969688010147, -0.5448542416991267, -0.24048437656756003, 0.07988932532940264, 0.5171697948751627, 0.4004553253938601, 0.5393974508111613, -0.077106049273271]], "inverted": false, "swapped": false, "error_lsq": 0.05491791513358509, "error_max": 0.3345140663051006, "target": "534.xyz", "model": "26.xyz", "model_rescale": 3.795458400668931, "target_rescale": 3.9613663479641392},
{"mapping": [7, 5, 3, 6, 11, 10, 4, 0, 2, 1, 9, 12], "R": [[0.19382539027585743, 0.45890019361454026, -0.8670884213186965], [0.07648663608871317, 0.8740905633889483, 0.47970353500284313], [0.9780498517888772, -0.1592994014267744, 0.13432121247527162]], "T": [-0.06975055059177404, 0.1263583197034216, 0.08632933115049722], "aligned_model": [[-0.03917697433559897, -0.5734694401633846, 0.49473460883555787, -0.8249843993191063, 0.0035568132770010252, 0.08102215466710044, 0.5819662492006937, 0.020834450181428266, 0.29449588397007165, -0.4152239100736462, 0.2385020323912953, -0.09909731569129962], [-0.35381137309153443, 0.06269349936801885, -0.31013030587569496, -0.2020138265941932, 0.825391326255271, 0.2852147288404602, 0.5102859479879704, -0.6942757371502929, -0.34141907408074657, -0.024377922905304023, 0.18748247270991525, 0.01976932591676983], [-0.5684304883142599, -0.4696153952572987, -0.10317197062395154, 0.03173512863534857, -0.04616020763286251, -0.5916962296761122, -0.2696593930313945, 0.18444810845457663, 0.7369780525606577, 0.542706273604585, 0.3789356761242742, -0.03718648434183823]], "inverted": false, "swapped": false, "error_lsq": 0.043625009213949094, "error_max": 0.29408940525078325, "target": "534.xyz", "model": "27.xyz", "model_rescale": 3.6321398670334006, "target_rescale": 3.9613663479641392},
{"mapping": [1, 0, 4, 11, 8, 3, 7, 13, 6, 9, 12, 14], "R": [[-0.7126139375134815, 0.36573968419926595, -0.5986784274244007], [0.001428446090057378, -0.8525993298008689, -0.5225632424548028], [-0.7015549412578462, -0.3732410296643851, 0.6070517261088793]], "T": [-0.13375235349172412, 0.050685344288559885, -0.06671302686992259], "aligned_model": [[0.0905328935755729, -0.5823938702780643, 0.6035720884694308, -0.6968258846095433, -0.08474177237167817, 0.06693861481544638, 0.517342646148736, -0.2586259615728065, 0.291137794099362, -0.3777298108448133, 0.32501215344616774, -0.13105873793769787], [-0.42778107176225977, 0.2249649547793639, -0.3135382367697573, -0.24648100115390295, 0.5612059957199633, 0.2962490387394487, 0.4565900915235704, -0.6736116009265546, -0.31979819746810567, -0.020721402117334732, 0.44085440942175735, -0.013123918605548991], [-0.476631570980518, -0.46390202596565805, -0.1675153217185923, 0.017940373000338322, -0.0034971807955887224, -0.6757956872451902, -0.17718484055616612, 0.2886429201338044, 0.46818672533438394, 0.551306582925329, 0.4996905029982, -0.07235740662861767]], "inverted": true, "swapped": false, "error_lsq": 0.03780261293642888, "error_max": 0.22492803990346819, "target": "534.xyz", "model": "28.xyz", "model_rescale": 4.156811204709835, "target_rescale": 3.9613663479641392},
{"mapping": [1, 5, 4, 10, 2, 0, 3, 7, 8, 11], "R": [[0.6252035275963134, 0.5758524656390756, 0.5267964378187495], [-0.5287108743296054, -0.18400660767708057, 0.8286171490482186], [0.5740952538096362, -0.7965773698446188, 0.18941788037215304]], "T": [-0.04637009674373474, 0.013062090592896355, -0.031753352079792185], "aligned_model": [[-0.5630215353825307, -0.1920658074943806, 0.263300331063141, 0.641495584636076, 0.027245891644139097, -0.6766458346161919, -0.5695053131569394, -0.43962091423892313, 0.255678772292966, -0.1039358006367683], [-0.08984097577868917, -0.5936288156131729, -0.05124512074270776, 0.17828003729815528, -0.41011575846860454, -0.3513265447320565, 0.4450664207925273, 0.3206712513043505, 0.4690454862215265, 0.001814350344875152], [-0.5272026592259293, -0.34576573066318206, -0.6195355274534915, -0.15380770765916912, 0.5365632041879287, 0.14945165583523026, -0.21105781868287207, 0.4394059523164382, 0.506696871782522, -0.01596151346237569]], "inverted": false, "swapped": true, "error_lsq": 0.04603611896561046, "error_max": 0.2294622102787678, "target": "534.xyz", "model": "29.xyz", "model_rescale": 4.117894457231895, "target_rescale": 3.9613663479641392},
