[{"mapping": [8, 7, 11, 4, 9, 0, 10, 12, 3, 2, 6, 5, 1, 13], "R": [[-0.7504899812347129, -0.29867441042482124, 0.5895408252391907], [0.5088048583349977, 0.3081651073319701, 0.8038357312024507], [-0.4217610747817104, 0.9032318988944428, -0.07930783453427337]], "T": [0.09288509902904686, 0.1703207147700947, 0.06169762795677579], "aligned_model": [[-0.02386911781188543, -0.21454151704808921, 0.5133231636278082, -0.6974690296997106, -0.14178414945683165, -0.173598286214659, 0.5542265739828346, 0.4171425202600476, -0.1707612693364351, -0.6367493801088597, -0.3265176441521134, 0.5335553027640934, 0.3782562054780758, 0.06772802010410203], [0.0005868363759662654, -0.4088882440377548, -0.08893978988254209, -0.010467872777657261, -0.48707398146099057, 0.07416000030712422, -0.7121622565634618, -0.1593679367975689, 0.6177475573992048, 0.2734401279837092, 0.5798844042477935, 0.6621588604866664, 0.4210068004188021, 0.03617612706905432], [-0.6920516639154274, -0.31433473799003625, -0.43133144360694925, -0.44432615056057423, 0.28419645704704033, 0.7794386376278495, -0.09262921169007989, 0.40995374890473985, 0.12085942931855453, 0.28137502524957714, -0.42912332459230407, -0.30749916292824053, 0.49616734092783865, -0.02725299444622488]], "inverted": true, "swapped": false, "error_lsq": 0.04425735008231585, "error_max": 0.3559030290930726, "target": "535.xyz", "model": "0.xyz", "model_rescale": 3.8414455957264533, "target_rescale": 3.890203741139715},
{"mapping": [5, 2, 4, 6, 9, 13, 7, 0, 12, 8, 10, 1, 11, 14], "R": [[0.9867144789467247, 0.11076207036522281, 0.11885411564309822], [-0.04739980281574027, -0.5034775890527093, 0.8627071206468045], [0.15539561039463912, -0.856879268677963, -0.4915385266487226]], "T": [0.022169609592871432, 0.015978243864596495, -0.061151043322690786], "aligned_model": [[-0.13582374026405913, -0.04850969454785658, 0.43418877867911515, -0.6166226162131191, -0.29782662295431644, -0.008231309838609188, 0.23799627013041832, 0.6587962623223813, -0.21384630909843919, -0.6272174622744701, -0.3516722559685224, 0.6568394100072301, 0.33381699368975454, 0.057053688718870385], [0.1204401065401637, -0.49910982897346506, -0.19046183478962758, -0.17989240719568605, -0.48610934057160143, 0.013243350359846182, -0.5671967195338125, -0.13329734616467848, 0.6690738225592959, 0.21455261979128887, 0.5156437453565362, 0.5886355511369797, 0.6381798380725513, 0.09455907618055527], [-0.6923788988786937, -0.5848813563699545, -0.3500107550841441, -0.46563386630370696, 0.27204581846335796, 0.6964209368181854, 0.10096254895629309, 0.25180370222848075, 0.2551592395971111, 0.3427883650264527, -0.3421456101434302, -0.19440172451525745, 0.4307905043032676, -0.08707695475219841]], "inverted": true, "swapped": false, "error_lsq": 0.04886896226289763, "error_max": 0.3477060295962557, "target": "535.xyz", "model": "1.xyz", "model_rescale": 4.316132596720782, "target_rescale": 3.890203741139715},
{"mapping": [3, 10, 0, 4, 1, 9, 6, 5, 2, 8, 7, 13], "R": [[-0.6978886240019924, -0.6582402112564343, 0.2822610365843835], [-0.5582360963824688, 0.25303269749659557, -0.7901562596684654], [0.4486913518046327, -0.7090093640303218, -0.5440420870971749]], "T": [0.020028180035785444, 0.07977651266844468, -0.021545125401980628], "aligned_model": [[-0.2988407537761384, 0.317161891075469, 0.14095049434450777, -0.46291646296000155, -0.4577371774117221, -0.42554830494054546, -0.1497382546685756, -0.17865329046041123, 0.4642724567717872, 0.24187651695116502, 0.41196037995048773, -0.004978940244241444], [-0.6838878591186083, -0.4101719583775354, -0.48301420444310217, 0.2745675195741637, -0.27137063989728905, -0.1421968577304013, 0.5075868759087846, 0.5410524046617753, 0.015361785982439563, -0.006557822638649596, 0.6439344959861538, 0.027472687833249104], [0.0702219661654198, 0.24038524184746723, -0.44273719324847505, -0.12497817982012112, -0.46667174667706834, 0.46521693882142734, -0.6460360027036793, 0.5067419556222309, -0.5945573819817568, 0.6670344165197355, -0.2478850029481547, 0.022523449612395628]], "inverted": true, "swapped": true, "error_lsq": 0.04284645953657385, "error_max": 0.2286444026492141, "target": "535.xyz", "model": "2.xyz", "model_rescale": 3.795458400668931, "target_rescale": 3.890203741139715},
{"mapping": [1, 2, 6, 12, 9, 5, 7, 10, 11, 8, 4, 13], "R": [[-0.40415593548912404, 0.9025350583835552, -0.1486218294783914], [-0.6417245667317948, -0.1639934121906113, 0.7491967306462108], [0.6518033140923739, 0.39816658466862, 0.6454578302193918]], "T": [0.024521856345584174, 0.011493175899644825, -0.05730277180691703], "aligned_model": [[-0.273512252758614, -0.20566992573137172, -0.7423983771253687, 0.2884990671084463, 0.35403106076214647, 0.08174934399460784, -0.32669323905305514, 0.6035980233867205, 0.4076311759680368, 0.6622024839086846, -0.33431878754515576, 0.07818525282848762], [0.023573017490389703, -0.6790131065950153, -0.1022393215304665, 0.0890400013445497, 0.574233800042708, 0.5969132679161806, -0.26505187580795486, -0.19961843265399995, -0.5859995275385527, 0.21637809763450305, 0.37574203700693987, 0.04181108798042765], [-0.7360748364481722, -0.06492497076872242, -0.030293891743575024, 0.6988470032644454, -0.3012178439959044, 0.3732147606474389, 0.5112793337669972, -0.187871318183052, 0.4927497261039414, 0.2293985949051889, -0.2002489882313323, -0.09608613867815308]], "inverted": false, "swapped": true, "error_lsq": 0.04364110994527948, "error_max": 0.22696980532727684, "target": "535.xyz", "model": "3.xyz", "model_rescale": 3.7530521520055578, "target_rescale": 3.890203741139715},
{"mapping": [8, 11, 7, 6, 5, 0, 9, 10, 3, 1, 13], "R": [[-0.2921517743294354, 0.8540468903781071, -0.43040823620331425], [-0.13700426510041752, 0.40802685086827994, 0.9026316637005423], [0.9465078827460747, 0.3226732062102456, -0.0021977018776705437]], "T": [0.043055246938912446, -0.06167092935850748, -0.019893629920145324], "aligned_model": [[-0.471457597640308, -0.41581612396141465, 0.3745328675524677, 0.7459967110036453, 0.20472352174493796, -0.20813474219267225, -0.1474086153101729, -0.5835178659319524, -0.399360345305905, 0.24335252491297202, -0.004710732426392895], [-0.5771339727054372, -0.11667866312942635, -0.1400405247031372, 0.2219249905511413, -0.7687455537963582, 0.6030431959119836, -0.3894769754763057, 0.003520566087432571, 0.2424001666577556, 0.4613016574980625, -0.07291152858136504], [-0.03955250335373778, -0.78978923719095, -0.6579340778516183, -0.18505372616084442, 0.052534676888526984, 0.04188886280613242, 0.5640709251710829, -0.009810626757663324, 0.6165740291860679, 0.4659895271582537, 0.03391292735006644]], "inverted": true, "swapped": true, "error_lsq": 0.05606625806552304, "error_max": 0.2741176148387982, "target": "535.xyz", "model": "4.xyz", "model_rescale": 3.7855080009869324, "target_rescale": 3.890203741139715},
{"mapping": [14, 15, 12, 9, 8, 7, 13, 11, 5, 10, 3, 1, 4, 16], "R": [[0.5302283946991977, 0.5692316553816261, -0.628357519224689], [0.5024482433328696, 0.38599923027134764, 0.7736603628218526], [0.6829374877881761, -0.7259338239408746, -0.08134169307405689]], "T": [0.04400501854822622, 0.08471259022524341, -0.026020849267673576], "aligned_model": [[0.020372197328758446, -0.42049414667352114, 0.5735720075268514, -0.49583286447680386, -0.20819292848508617, -0.16977252347972352, 0.3614184943366261, 0.8017828486143491, -0.35980302588018176, -0.651784186151605, -0.38476442098727004, 0.6306819945474569, 0.3506007397680232, 0.03115720640050429], [-0.13313238578960074, -0.5514088417535925, -0.07500248484960073, 0.12511322716587076, -0.49363842290271903, 0.1966455739455169, -0.5665276154525358, -0.1359059911670002, 0.7008658562285246, 0.019709911966364235, 0.560201013665569, 0.5503965168207721, 0.5224451146591402, 0.07849916023163774], [-0.66608526377544, -0.26873087372350585, -0.42239839907101745, -0.48846746006170655, 0.28577423582774936, 0.6833025195535387, -0.027607913251612298, 0.07163379785724279, 0.30923645589911625, 0.18041632886803283, -0.2952496224214551, -0.1358049343271124, 0.48524237515570345, -0.07781929718377012]], "inverted": true, "swapped": false, "error_lsq": 0.03704534325114922, "error_max": 0.21110110162190612, "target": "535.xyz", "model": "5.xyz", "model_rescale": 4.2253639853439635, "target_rescale": 3.890203741139715},
{"mapping": [0, 7, 0, 12, 6, 5, 3, 4, 8, 11, 9, 1, 10, 13], "R": [[0.33124749044388635, 0.505799817002291, 0.7965184525138617], [0.33295600799495384, -0.8525313886175901, 0.4029026286360369], [0.8828450582150257, 0.1317451196144012, -0.4508079709178792]], "T": [0.02361972346300436, 0.10262725251533572, 0.06975354111148635], "aligned_model": [[0.2573556179071398, -0.18714141143369642, 0.2573556179071398, -0.7386491871877953, -0.2585154559238668, -0.1811818102299172, 0.250677607331017, 0.7098756352023947, -0.19094076047279343, -0.7288785682146256, -0.09855312380525824, 0.5744084396888679, 0.36846865854362876, 0.04466013307614284], [-0.03633844107861134, -0.5272115915264763, -0.03633844107861134, -0.14948515834297577, -0.43609517248711166, 0.16399763514361662, -0.5667951987205648, -0.06818429894633388, 0.7936412405150064, 0.06876899183366794, 0.500223706861427, 0.5535030714049503, 0.4931849819629926, 0.045389307227370605], [-0.6846460327079539, -0.3641519677035556, -0.6846460327079539, -0.4064073609116481, 0.27926692367911565, 0.6655985498039906, 0.01206669813112695, 0.09781685696192532, 0.21918025465601426, 0.2650833340746942, -0.3769983837496892, -0.10926759724136736, 0.6503190811942487, 0.07022762586681583]], "inverted": true, "swapped": false, "error_lsq": 0.04687256918252101, "error_max": 0.34261281502527907, "target": "535.xyz", "model": "6.xyz", "model_rescale": 3.89814844738969, "target_rescale": 3.890203741139715},
{"mapping": [4, 5, 9, 6, 3, 12, 7, 1, 2, 11, 10, 0, 13], "R": [[-0.9788502705674519, -0.10816545732849303, -0.17364441151659404], [-0.1270511197432403, 0.9866807980624633, 0.10158255611476447], [0.16034388289552903, 0.12149582945820983, -0.9795553086182763]], "T": [-0.0512807335817812, 0.07086414991764622, -0.08138140056493909], "aligned_model": [[0.1337878798467883, -0.07226487382534887, 0.5391367938164755, -0.37968904804656656, 0.6993867102743457, -0.5255607063662324, -0.7586224934129991, 0.39682767001261476, -0.47593038467292914, -0.671700583264952, 0.13089152528935494, 0.11987471927678389, 0.012494591976887348], [-0.3169096868025593, 0.2831684482432175, 0.28227506983352113, -0.6292712289149758, 0.1592081119140845, 0.5992091344709718, -0.0399061826832382, -0.46035302288220825, -0.14245179765952626, 0.6350189875546546, 0.5593685579670794, -0.07147841147992523, 0.10590328590938947], [-0.3932443852150192, -0.7783918495544653, -0.3838056961801744, -0.14294141500943433, 0.2678686558348951, -0.4600237714006937, -0.18391133693995498, 0.1768993429107491, 0.4699934818470117, 0.2397674141476666, 0.27234472967991424, 0.5962636108924395, -0.07854375017663884]], "inverted": false, "swapped": true, "error_lsq": 0.04273666096931243, "error_max": 0.2691291382622526, "target": "535.xyz", "model": "7.xyz", "model_rescale": 3.7474275329858107, "target_rescale": 3.890203741139715},
{"mapping": [1, 2, 0, 4, 8, 9, 3, 6, 11, 4, 12, 10, 7, 14], "R": [[0.9710294400395469, 0.015474187098463113, 0.23845833202076494], [0.14565396759509108, -0.8294243506345045, -0.5392959932155424], [0.18943798008924123, 0.5584046884725916, -0.8076493394979878]], "T": [0.008231439271077407, 0.12940445414540835, -0.05724897270491181], "aligned_model": [[0.026881425423664274, -0.3555834997259582, 0.5403024075941485, -0.7239691729428751, -0.33023100846691483, -0.17130248266409984, 0.32398274825213236, 0.771319630656681, -0.07194157843544101, -0.7239691729428751, -0.11981370228819833, 0.5748677691989499, 0.3778889927806768, -0.03949096405151206], [-0.09042735565555815, -0.5344717186424744, -0.04121812913908607, -0.14604177864959145, -0.3471219215504133, 0.2636465596596138, -0.5100385473258793, -0.06326858605875577, 0.6667724661795308, -0.14604177864959145, 0.64199735729701, 0.633510131590457, 0.3565635981112442, 0.11440033560184071], [-0.7756694439235376, -0.4253476187455381, -0.4065363277122705, -0.04183851657664482, 0.2942849525340838, 0.6708218123634667, 0.01723791023935666, 0.16072260834196966, 0.2448898405319715, -0.04183851657664482, -0.37583267624455174, -0.06525492435363539, 0.4677554542954929, -0.08995260482775508]], "inverted": true, "swapped": false, "error_lsq": 0.0538188772317103, "error_max": 0.4655613394495661, "target": "535.xyz", "model": "8.xyz", "model_rescale": 4.019505241142653, "target_rescale": 3.890203741139715},
{"mapping": [10, 11, 2, 0, 3, 1, 6, 8, 9, 5, 7, 4, 13], "R": [[-0.5374855973694915, -0.8037849017973446, -0.2550275754952669], [0.7202961930998935, -0.5948651290622439, 0.35680368892650344], [-0.438500429676143, 0.008081452121563498, 0.8986946440840988]], "T": [0.013608086733370519, -0.021377480144945935, 0.06512349571021342], "aligned_model": [[-0.21002413494447505, -0.7965429295277162, -0.06902029096117022, 0.27767958465006565, 0.46377672173999923, 0.7239926440209162, 0.3192592851236566, -0.467163990828308, 0.22305745788410705, -0.2055469462418532, -0.3749680070768912, 0.4057875497121013, 0.029413828190743792], [-0.5714504068100486, -0.04609435584672762, 0.24512801701319648, -0.2577843515493258, -0.712559323767921, -0.07420658914206742, 0.6778768976188184, -0.4704146493412786, -0.47939097837071437, 0.07050889516913598, 0.5781956628065028, 0.1931319017802861, -0.08956249144579732], [-0.14548008588672384, -0.32136381172446826, -0.6071804919333472, -0.5538566255556787, -0.048444668333328944, -0.14046014787480246, -0.07434644794038045, 0.37823037477122917, 0.5458546936417331, 0.754227973117757, -0.047284178445870045, 0.35158196599815456, 0.08522494420960519]], "inverted": false, "swapped": true, "error_lsq": 0.05843054607345978, "error_max": 0.38858415108730104, "target": "535.xyz", "model": "9.xyz", "model_rescale": 3.877068213659057, "target_rescale": 3.890203741139715},
{"mapping": [4, 1, 3, 7, 0, 11, 5, 6, 9, 8, 2, 13, 10, 15], "R": [[-0.7959450177995038, 0.20845262002126416, -0.5683476346800594], [0.46182339789550375, -0.39791524903838477, -0.7927058746716664], [-0.39139580707564947, -0.8934265273591282, 0.2204503627001106]], "T": [0.09989709372977462, 0.11658808455441723, -0.004642566242290622], "aligned_model": [[0.04406853614923133, -0.3730650397763483, 0.5492053356610636, -0.5480520978373568, -0.1891066125684766, -0.099955654892084, 0.1863299518009882, 0.690998019833451, -0.26207159703734595, -0.6440641735002247, -0.17305301071048595, 0.5462991241039917, 0.2798380204224056, 0.07157059073956888], [-0.004133911881026561, -0.5542083298506139, -0.1805813875802899, 0.03998838075019838, -0.5051684275533121, -0.00704997904217429, -0.6433195942983755, 0.15782630912726447, 0.6204894475881334, 0.12135426064684553, 0.6026126402734314, 0.6398497064237, 0.46472281337028953, 0.04587870479427615], [-0.6682690059507215, -0.28614851803394425, -0.34016268678950756, -0.4951330349992434, 0.39990870743175844, 0.6949485889062558, -0.16608953248424851, 0.16624827353065771, 0.2205404418572387, 0.19986135116538975, -0.36468940996361915, -0.3575745686452688, 0.5866562185976364, 0.04334512472337934]], "inverted": true, "swapped": false, "error_lsq": 0.04279221847161382, "error_max": 0.30221789657618664, "target": "535.xyz", "model": "10.xyz", "model_rescale": 4.260839863003843, "target_rescale": 3.890203741139715},
{"mapping": [7, 6, 4, 5, 9, 8, 11, 2, 1, 3, 10, 13], "R": [[-0.7270554958637245, 0.18082555788932414, 0.6623386018860506], [0.011914817966405561, -0.9612260661933609, 0.27550405946784823], [0.6864753040329863, 0.2081983844424613, 0.6967101905874264]], "T": [0.0058153027208583275, -0.01749026779887452, -0.0562805723046126], "aligned_model": [[0.37525483890796174, 0.3862746682380079, -0.20173466850078042, -0.5720109977910676, -0.6312157925817259, -0.42139062174468633, 0.41188355708151386, 0.7328959890337368, 0.11880582992363174, -0.19763271941472105, -0.0015052510919302663, -0.04072618296581011], [-0.12760832444577724, -0.6720615729218197, -0.5032164408724991, -0.0889949828696408, 0.034808436382294035, 0.5484034892799858, 0.6537827636693982, 0.016865903366621644, -0.4278007189732742, 0.16494970378155166, 0.5608804051381323, 0.013069843997960913], [-0.6682472889983124, -0.2254499630969159, -0.0027030065416352583, -0.4948473943388446, 0.21977036041556375, -0.22382591362709997, -0.49312049942360203, -0.06059446973198808, 0.550827525911218, 0.7302347980733991, 0.19347778687923167, -0.009343858125509516]], "inverted": true, "swapped": true, "error_lsq": 0.05305971947083876, "error_max": 0.2667140131025406, "target": "535.xyz", "model": "11.xyz", "model_rescale": 3.890672605050136, "target_rescale": 3.890203741139715},
{"mapping": [5, 7, 8, 12, 4, 2, 3, 0, 11, 10, 9, 6, 1, 13], "R": [[0.047872131809953755, -0.6319494035942421, -0.7735297087331895], [-0.767870290677567, 0.47199318419019387, -0.4331254446147804], [0.6388141166964926, 0.6147051206675312, -0.4626598523044728]], "T": [0.07329403808409608, 0.16757900711390786, -0.03363789122560158], "aligned_model": [[-0.14194966525087005, -0.15290980915104768, 0.6004892833037331, -0.5736864868366361, -0.13492697040332036, -0.2523327177352307, 0.4212123354116333, 0.5086935147367619, -0.17870418674609145, -0.7655989958138085, -0.2679287174775431, 0.44644015906028656, 0.5815052691100749, -0.011361619819563032], [0.06718768664468774, -0.5212497231104807, -0.10453914345663387, -0.10070869612656072, -0.3234770122980154, 0.1934880352796625, -0.6855047806489909, -0.10506997364530699, 0.5772560291234676, 0.15230756442955376, 0.673194043970221, 0.5913175680535936, 0.3606275094803283, 0.023431525072820064], [-0.7742888972899662, -0.482314801919564, -0.44254855553506656, -0.28774427723020624, 0.42085637853909186, 0.5979158054786257, 0.031661920740808217, 0.2575396641744703, 0.23361441693106372, 0.2754992387967722, -0.5171054512677544, -0.1488157897771205, 0.5229157097719843, -0.053743412067374846]], "inverted": false, "swapped": false, "error_lsq": 0.04993741728450824, "error_max": 0.29643923266983574, "target": "535.xyz", "model": "12.xyz", "model_rescale": 4.124412569039231, "target_rescale": 3.890203741139715},
{"mapping": [7, 11, 0, 5, 2, 6, 8, 4, 10, 9, 1, 3, 13], "R": [[-0.052199396500520676, -0.5484255780142651, -0.8345685162913236], [-0.32217299995245097, 0.8002716044432805, -0.5057370040084235], [0.9452405942968277, 0.2424762761622205, -0.21846160850795537]], "T": [0.059527512183570816, 0.046567986365883454, -0.004740460557243205], "aligned_model": [[-0.1286136669166224, -0.20979465648667278, 0.6945319933437148, -0.5948369847593855, 0.4925978178923401, 0.3635354711769908, -0.4931751000174754, 0.11535750740608232, 0.0661711977962293, -0.1451898639589504, 0.6946846673504514, 0.45580998488803603, 0.05621993979501924], [-0.3191620864122879, 0.4634377717519954, 0.3564339537628503, -0.17171530822699343, 0.04418407626681854, -0.6362384923879236, 0.5135102744299344, -0.36568656956057305, 0.6762297870455716, 0.23462672137277402, -0.08574107637504207, 0.5420095049261361, 0.0955968199152169], [0.5902042681622931, 0.7435998252728951, 0.09278259588168705, -0.2403174621344915, 0.5803148427289729, 0.2030711813726284, -0.09016182604508238, -0.33459899700472184, 0.015931791623671705, -0.6430762627726984, -0.3635878775141944, -0.5439804556391667, -0.05848354296395401]], "inverted": false, "swapped": true, "error_lsq": 0.047297157226825766, "error_max": 0.25980122361788005, "target": "535.xyz", "model": "13.xyz", "model_rescale": 3.9028299243045295, "target_rescale": 3.890203741139715},
{"mapping": [11, 14, 12, 9, 10, 4, 13, 8, 3, 7, 6, 2, 0, 15], "R": [[-0.7728316665605599, 0.05600158561251417, 0.6321353000506391], [0.6224173903535651, 0.26121625639954665, 0.7378093653363744], [-0.12380552227863237, 0.9636544452247859, -0.23673255553857508]], "T": [0.08847368052653755, 0.11151423555593583, -0.03326312807768565], "aligned_model": [[-0.018598971822912258, -0.2728387239099106, 0.5594573543268047, -0.5933253123126394, -0.34782676975255705, -0.06283844650451874, 0.28503947007373803, 0.8314931453736697, -0.14340255196347979, -0.787007223873307, -0.3017698422724255, 0.5433497860272747, 0.4095386389052418, -0.02232915990660038], [-0.1152277295834838, -0.6001343593562137, -0.2471698125840528, 0.037931621897814835, -0.4121191158558393, 0.0695149438508069, -0.6592025890122283, 0.12547374813041112, 0.6064343021507946, 0.08584825900237071, 0.5704883186876533, 0.6789000686089761, 0.5519814822741711, 0.1055414945571661], [-0.7282309091305152, -0.4154414588904989, -0.39899584685521006, -0.39462332067557765, 0.2680716233608197, 0.6260577146023507, -0.03029353172718227, 0.17705654866366916, 0.266698512346764, 0.1980427289946159, -0.31867694374905664, -0.14863563195523036, 0.5913345875076874, -0.05892212314687252]], "inverted": true, "swapped": false, "error_lsq": 0.03474172351328987, "error_max": 0.2244581221697168, "target": "535.xyz", "model": "14.xyz", "model_rescale": 3.942246331269136, "target_rescale": 3.890203741139715},
{"mapping": [1, 3, 5, 12, 4, 11, 10, 9, 8, 13, 0, 7, 6, 14], "R": [[0.37081001623216675, 0.7171975324179751, -0.5900234159382723], [-0.8826320721004648, 0.4697806573363657, 0.01633276744009715], [0.2888954086889238, 0.5147172364378131, 0.8072209173158733]], "T": [0.03440998498212322, 0.013839497825619225, -0.011967195983945043], "aligned_model": [[-0.22180962800862303, -0.21194647272655964, 0.32878807843243785, -0.6931321595304458, -0.18030641011638776, -0.1821902908129004, 0.35888098925233486, 0.8314390610123811, -0.14522419307612566, -0.7318296041308742, 0.04283402652633425, 0.5716429398203459, 0.292022364622708, 0.019772691123752763], [-0.03503507027244206, -0.5093235468932796, -0.17188482770744895, 0.03828313734627452, -0.48321605488869923, 0.08774972534099601, -0.4502992677755085, -0.002627421525804391, 0.7211016027121546, -0.07256555553041413, 0.6270745321561474, 0.6788981383313877, 0.2981227313318379, 0.0719825101431452], [-0.7791726588768513, -0.4387655733078611, -0.5426531400138946, -0.3836676057332276, 0.21274734318601665, 0.6675419087752884, 0.4219617033732004, 0.10044187243043404, 0.24562318301456507, 0.24560008713990564, -0.4176632781217379, -0.004399828314116387, 0.3949827939922003, -0.08913485819815783]], "inverted": false, "swapped": false, "error_lsq": 0.05394324613292643, "error_max": 0.4336711030547512, "target": "535.xyz", "model": "15.xyz", "model_rescale": 4.355366556412066, "target_rescale": 3.890203741139715},
{"mapping": [3, 10, 0, 4, 1, 9, 6, 5, 2, 8, 7, 13], "R": [[-0.6978886240019924, -0.6582402112564343, 0.2822610365843835], [-0.5582360963824688, 0.25303269749659557, -0.7901562596684654], [0.4486913518046327, -0.7090093640303218, -0.5440420870971749]], "T": [0.020028180035785444, 0.07977651266844468, -0.021545125401980628], "aligned_model": [[-0.2988407537761384, 0.317161891075469, 0.14095049434450777, -0.46291646296000155, -0.4577371774117221, -0.42554830494054546, -0.1497382546685756, -0.17865329046041123, 0.4642724567717872, 0.24187651695116502, 0.41196037995048773, -0.004978940244241444], [-0.6838878591186083, -0.4101719583775354, -0.48301420444310217, 0.2745675195741637, -0.27137063989728905, -0.1421968577304013, 0.5075868759087846, 0.5410524046617753, 0.015361785982439563, -0.006557822638649596, 0.6439344959861538, 0.027472687833249104], [0.0702219661654198, 0.24038524184746723, -0.44273719324847505, -0.12497817982012112, -0.46667174667706834, 0.46521693882142734, -0.6460360027036793, 0.5067419556222309, -0.5945573819817568, 0.6670344165197355, -0.2478850029481547, 0.022523449612395628]], "inverted": true, "swapped": true, "error_lsq": 0.04284645953657385, "error_max": 0.2286444026492141, "target": "535.xyz", "model": "16.xyz", "model_rescale": 3.795458400668931, "target_rescale": 3.890203741139715},
{"mapping": [4, 5, 9, 6, 3, 12, 7, 1, 2, 11, 10, 0, 13], "R": [[-0.9788502705674519, -0.10816545732849303, -0.17364441151659404], [-0.1270511197432403, 0.9866807980624633, 0.10158255611476447], [0.16034388289552903, 0.12149582945820983, -0.9795553086182763]], "T": [-0.0512807335817812, 0.07086414991764622, -0.08138140056493909], "aligned_model": [[0.1337878798467883, -0.07226487382534887, 0.5391367938164755, -0.37968904804656656, 0.6993867102743457, -0.5255607063662324, -0.7586224934129991, 0.39682767001261476, -0.47593038467292914, -0.671700583264952, 0.13089152528935494, 0.11987471927678389, 0.012494591976887348], [-0.3169096868025593, 0.2831684482432175, 0.28227506983352113, -0.6292712289149758, 0.1592081119140845, 0.5992091344709718, -0.0399061826832382, -0.46035302288220825, -0.14245179765952626, 0.6350189875546546, 0.5593685579670794, -0.07147841147992523, 0.10590328590938947], [-0.3932443852150192, -0.7783918495544653, -0.3838056961801744, -0.14294141500943433, 0.2678686558348951, -0.4600237714006937, -0.18391133693995498, 0.1768993429107491, 0.4699934818470117, 0.2397674141476666, 0.27234472967991424, 0.5962636108924395, -0.07854375017663884]], "inverted": false, "swapped": true, "error_lsq": 0.04273666096931243, "error_max": 0.2691291382622526, "target": "535.xyz", "model": "17.xyz", "model_rescale": 3.7474275329858107, "target_rescale": 3.890203741139715},
{"mapping": [6, 4, 9, 0, 8, 3, 5, 12, 1, 0, 2, 7, 11, 13], "R": [[-0.36662810499817855, 0.5858731563407604, 0.7227284948753298], [0.3258442900812767, 0.808478324901037, -0.49009009047994667], [-0.8714409510958695, 0.055816152183112755, -0.4873142988961008]], "T": [0.10088433340692199, 0.06937727652524821, 0.06893114075643193], "aligned_model": [[-0.07755233652939156, -0.19887122986784217, 0.4177370661398755, -0.7007774102880155, -0.3285510823077869, -0.20238112069554676, 0.41744389474045734, 0.8370137573615513, -0.2332886385133353, -0.7007774102880155, -0.1666648141578156, 0.5824138140978186, 0.40421245004384426, 0.02898445265258076], [-0.05640419162574768, -0.5888775431883423, -0.09039038508637758, 0.07846747610333195, -0.434489502142593, 0.1347154432603942, -0.5810126434155626, -0.052403915590535435, 0.6442720593768915, 0.07846747610333195, 0.49310894938923566, 0.633211456178231, 0.44147378713116653, 0.09812216627492217], [-0.6708919384673451, -0.338589431276764, -0.49834551654482495, -0.16855192758422294, 0.34921304224764116, 0.672545396407297, 0.07064369382101722, 0.018734171240493216, 0.25956909683449503, -0.16855192758422294, -0.43376324638047614, -0.06388323767038027, 0.6086281874951109, -0.003314413192054985]], "inverted": false, "swapped": false, "error_lsq": 0.04755458224187759, "error_max": 0.38779951836878707, "target": "535.xyz", "model": "18.xyz", "model_rescale": 3.922800546911778, "target_rescale": 3.890203741139715},
{"mapping": [1, 5, 6, 0, 12, 7, 8, 4, 9, 3, 2, 10, 11, 14], "R": [[0.22114653637064047, -0.9490542447473851, 0.22447772713175682], [0.9154636241833158, 0.1226707556404057, -0.3832469680346611], [0.3361853093881671, 0.2902549331838864, 0.8959528511668458]], "T": [0.05961544935432891, -0.03958975691544313, -0.023169940618505237], "aligned_model": [[0.034117950134732754, -0.3846726447322343, 0.6044194330630012, -0.6838327979834353, -0.37170394687002817, -0.24630485956499007, 0.3436720377048811, 0.7626149996809574, -0.1777718133739675, -0.5488640935909037, -0.14630934770815565, 0.5064657556419724, 0.37049900470694647, 0.01661171527960116], [-0.03994767488705657, -0.6085758561027496, -0.028566276487205694, -0.0114332806506688, -0.5082250882428389, 0.1784240807180142, -0.5700680302443986, 0.063666197388609, 0.7162223057467147, 0.07109996858429385, 0.5756099112870483, 0.6260515586195553, 0.33474811895718154, -0.0007453019181525647], [-0.7629893600474074, -0.27095337140082554, -0.4460586660859981, -0.4038726488458512, 0.4383043807026613, 0.6818788167378186, -0.1340541602450768, 0.11465958899500932, 0.16428298505544886, 0.1400773382900842, -0.32690223884525804, -0.11175374323942341, 0.4968936924758422, 0.0539293357987394]], "inverted": false, "swapped": false, "error_lsq": 0.040189121262974456, "error_max": 0.28700065354648097, "target": "535.xyz", "model": "19.xyz", "model_rescale": 3.9282355846067225, "target_rescale": 3.890203741139715},
{"mapping": [4, 3, 8, 0, 5, 2, 6, 7, 10, 1, 11, 9, 12, 13], "R": [[0.4477966484090268, 0.8743560792349468, 0.18702836249760074], [0.04218634142540706, -0.2295995493842875, 0.9723704847020354], [0.8931396723193867, -0.42753420170487366, -0.13969979277649258]], "T": [0.10733665663346523, 0.00557438865866107, -0.03735515431418739], "aligned_model": [[-0.03437862149313012, -0.3987152650190954, 0.6125511512128974, -0.595623279953602, -0.11032029376642008, -0.25906900234289554, 0.35600452064538524, 0.4655276435756299, -0.257775826583599, -0.6020040354160691, -0.11690686472929304, 0.5142699510227382, 0.5496106087773887, -0.04422929354155694], [-0.07258022649292156, -0.491010496333621, 0.00041502180350126705, 0.17987818592793337, -0.5578982234713664, 0.03958495691205048, -0.598193394681158, -0.03602107889482924, 0.7020741543515711, -0.10632502600725659, 0.5322524923291563, 0.5323372296338442, 0.6295359739959704, 0.04421106369547235], [-0.6482368785585961, -0.2896842523796099, -0.6059967589551849, -0.37744705661098915, 0.3130934433011796, 0.6997380451369118, -0.0590993780468193, 0.4706476117531119, 0.31451882878239756, 0.17668946698409546, -0.4682706791758891, -0.2253738462653655, 0.33393992583893234, -0.0010765224584116037]], "inverted": false, "swapped": false, "error_lsq": 0.04901407792002283, "error_max": 0.34259952568883373, "target": "535.xyz", "model": "20.xyz", "model_rescale": 4.067790424073018, "target_rescale": 3.890203741139715},
{"mapping": [6, 2, 11, 4, 0, 7, 3, 12, 1, 8, 5, 10, 9, 14], "R": [[-0.6944633835801411, 0.33639817013599216, -0.6360478598309863], [0.11349409028485266, -0.8217001982890175, -0.5585050363266237], [-0.7105207247764386, -0.46004897050308197, 0.5324614956991904]], "T": [-0.01025346349249853, 0.07214098039676808, -0.0984290180557447], "aligned_model": [[-0.053729865758560785, -0.3150876932646426, 0.5692826085171102, -0.718444942163104, -0.2040751844706248, -0.2308703881511021, 0.40603675252474103, 0.6470186825101842, -0.11572532374649419, -0.5165412431287124, -0.3816720029128696, 0.5699537211876624, 0.37039292354939757, 0.05240334769539323], [-0.1929897926711847, -0.5914902957675473, 0.03368328036665569, -0.07496867809449687, -0.4250516768187918, 0.21052323724385197, -0.657327664972563, -0.12648050862885918, 0.7879558518107417, 0.20879019831122336, 0.46851796420423925, 0.6401484683478191, 0.4026944680161646, 0.11425578142109331], [-0.7879015543570544, -0.24122801383189854, -0.382490984054742, -0.44382165354932845, 0.3702826540935279, 0.600743693620615, -0.23379137664251412, 0.24150729522066613, 0.2885979291145744, 0.12555216901016442, -0.32951271748176625, 0.011179093098160703, 0.49308820005670795, -0.07876278495134911]], "inverted": true, "swapped": false, "error_lsq": 0.04528010352905746, "error_max": 0.28010421608006497, "target": "535.xyz", "model": "21.xyz", "model_rescale": 4.186013935880536, "target_rescale": 3.890203741139715},
{"mapping": [5, 8, 12, 6, 1, 7, 4, 9, 11, 10, 3, 2, 13], "R": [[-0.9830207819935812, 0.1732746068295732, -0.06038255374514444], [-0.17919609212723567, -0.8357209902222114, 0.5190945839327685], [0.03948294233027333, 0.5211010814900154, 0.8525812337454308]], "T": [0.0055270673749891345, -0.08126443244977283, 0.065738054880265], "aligned_model": [[-0.08992824552710808, -0.292329450193829, 0.2755866784056197, 0.5169016446642782, -0.2480519640744196, 0.7044671007382595, -0.08281970350938413, -0.6423807226583909, 0.45880374637987237, -0.28240726318974924, -0.7091456129543798, 0.5151227764573532, -0.06524494911489716], [-0.3637592965627111, 0.3042377292687574, 0.1559702243103801, -0.5873620237776078, -0.39293437474339804, -0.10547795654692772, -0.603455555666605, -0.21978754946374085, 0.6554593152223267, 0.47861213274300113, 0.07613173842343085, 0.18572967988856637, -0.0644074035493789], [-0.5994100115067847, -0.47600142665147144, -0.6541560237181577, 0.3558974504466878, 0.6888442178891144, -0.11868362131764561, 0.1030038599002187, -0.14821224300201247, -0.1753146443116751, 0.08976963481409132, 0.4629172010691052, 0.5116883187874391, 0.06253684893643577]], "inverted": true, "swapped": true, "error_lsq": 0.04457851388740187, "error_max": 0.28866382838533233, "target": "535.xyz", "model": "22.xyz", "model_rescale": 4.166573947596378, "target_rescale": 3.890203741139715},
{"mapping": [14, 10, 9, 13, 7, 1, 8, 3, 6, 5, 12, 11, 2, 15], "R": [[-0.4391573517768601, 0.8888229596752861, 0.13089907079272903], [-0.75177131644111, -0.44333344209005743, 0.4881550439163589], [0.49191534653508806, 0.11597070957205702, 0.862884746860563]], "T": [0.10282733507790422, 0.03776971629911581, 0.011266969012300641], "aligned_model": [[-0.16912997441770933, -0.29597712163267204, 0.48867417571847965, -0.6604316136057579, -0.3528959292176765, -0.18805272357085456, 0.4765601757072935, 0.681877222092366, -0.2564819798562862, -0.6887684334267064, 0.037595781781219986, 0.6463064931353294, 0.3011421340596169, 0.058523185621735335], [0.10082193451026263, -0.4336424150269429, -0.14511822113808426, -0.09303014067754976, -0.5035296586497293, 0.18744765444832334, -0.6667274390031193, 0.09987050515198374, 0.6553627083625313, -0.03168957419895256, 0.5824747658252222, 0.5286373786854258, 0.46892391148958384, 0.048459222989391884], [-0.7290312160528843, -0.4126042860292314, -0.41077969213993176, -0.3309907022895111, 0.11471232033359302, 0.6445791883631025, 0.1457536309060806, 0.1605029311275189, 0.2731511883202703, 0.25542578505310115, -0.3470940343132299, -0.2816027464022427, 0.48832727931236564, 0.06309230315676204]], "inverted": true, "swapped": false, "error_lsq": 0.042650271023077536, "error_max": 0.235081445521651, "target": "535.xyz", "model": "23.xyz", "model_rescale": 4.274766983524099, "target_rescale": 3.890203741139715},
{"mapping": [5, 7, 6, 4, 2, 0, 9, 10, 8, 11, 13], "R": [[0.03402548835448832, 0.7688300129502388, 0.6385473180032741], [0.9913616095572588, 0.055012463719477045, -0.11906211795342247], [-0.12666659085283713, 0.6370824436620814, -0.760316733170638]], "T": [-0.11069921980987374, 0.010439893955811685, -0.002736245277629723], "aligned_model": [[0.4350412444288557, 0.013372220481162739, -0.5771208134368195, -0.30617652358055863, -0.4792592846354387, -0.6230743967891053, 0.0875094662347839, 0.061752398939975806, 0.5424984342567144, 0.3233430014071419, -0.09799104334863748], [-0.18403606975383738, 0.6667634765748549, 0.36556276269201393, -0.2219712158162171, 0.5897710734927213, 0.050074674887739166, -0.6568797801674523, -0.10473160311994312, -0.18307359660582812, 0.6467493067265938, -0.052642497667161864], [-0.44509747827794033, -0.2801537145201264, -0.5108404178448085, -0.4382258101135916, 0.2388918649445086, 0.4918940384065498, -0.014805114387459212, 0.5921935230613099, 0.2555222323968005, 0.45883250726281344, 0.03135480309352101]], "inverted": false, "swapped": true, "error_lsq": 0.052378093181739575, "error_max": 0.24701778496229987, "target": "535.xyz", "model": "24.xyz", "model_rescale": 3.7841303162186577, "target_rescale": 3.890203741139715},
{"mapping": [8, 0, 9, 1, 7, 11, 10, 14, 3, 6, 4, 12, 13, 15], "R": [[-0.6599767877922612, 0.6447550217546848, 0.38564439772609804], [-0.1383744546833476, -0.6088508466465729, 0.7811230100495298], [0.7384329013976118, 0.4621597218060739, 0.4910450505540581]], "T": [0.018628835494035, 0.035658664991419606, -0.10250204546218898], "aligned_model": [[-0.06825807403965288, -0.3826947402684465, 0.5458742745020045, -0.5283788073508338, -0.28938910979502547, -0.0680140403353439, 0.38411068625826933, 0.7858036811990263, -0.1831435785307868, -0.5856994747072314, -0.4492028150730881, 0.5624731359270446, 0.3867372008098236, -0.03127694620738171], [-0.11017428027751501, -0.5418171208279251, 0.01317300063776055, -0.07281482707406135, -0.44148247586044154, -0.009563575479226386, -0.6091808387492749, 0.009416249107097416, 0.7176082020950758, 0.25850309219443174, 0.558008506755413, 0.5642300548095929, 0.39501158105118134, 0.06734306438623747], [-0.6687539334632231, -0.3188144438149867, -0.35478631066711963, -0.594490392876662, 0.21414734611586056, 0.6589935423106594, 0.13384544543755317, 0.09763054567838116, 0.27596143945525475, 0.22484197387659838, -0.35743053032633176, -0.09831048485176962, 0.48687195326436183, -0.0662642007928135]], "inverted": false, "swapped": false, "error_lsq": 0.04016082161083986, "error_max": 0.27226393599887494, "target": "535.xyz", "model": "25.xyz", "model_rescale": 4.19342608120988, "target_rescale": 3.890203741139715},
{"mapping": [3, 10, 0, 4, 1, 9, 6, 5, 2, 8, 7, 13], "R": [[-0.6978886240019924, -0.6582402112564343, 0.2822610365843835], [-0.5582360963824688, 0.25303269749659557, -0.7901562596684654], [0.4486913518046327, -0.7090093640303218, -0.5440420870971749]], "T": [0.020028180035785444, 0.07977651266844468, -0.021545125401980628], "aligned_model": [[-0.2988407537761384, 0.317161891075469, 0.14095049434450777, -0.46291646296000155, -0.4577371774117221, -0.42554830494054546, -0.1497382546685756, -0.17865329046041123, 0.4642724567717872, 0.24187651695116502, 0.41196037995048773, -0.004978940244241444], [-0.6838878591186083, -0.4101719583775354, -0.48301420444310217, 0.2745675195741637, -0.27137063989728905, -0.1421968577304013, 0.5075868759087846, 0.5410524046617753, 0.015361785982439563, -0.006557822638649596, 0.6439344959861538, 0.027472687833249104], [0.0702219661654198, 0.24038524184746723, -0.44273719324847505, -0.12497817982012112, -0.46667174667706834, 0.46521693882142734, -0.6460360027036793, 0.5067419556222309, -0.5945573819817568, 0.6670344165197355, -0.2478850029481547, 0.022523449612395628]], "inverted": true, "swapped": true, "error_lsq": 0.04284645953657385, "error_max": 0.2286444026492141, "target": "535.xyz", "model": "26.xyz", "model_rescale": 3.795458400668931, "target_rescale": 3.890203741139715},
{"mapping": [5, 12, 8, 9, 3, 6, 7, 4, 2, 10, 1, 0, 13], "R": [[-0.07102213445791275, -0.9971189005675476, 0.026641218966244995], [0.38163362048118615, -0.0024868451290477045, 0.9243103349631694], [-0.921581052396079, 0.07581367773871267, 0.3807107171229442]], "T": [-0.10808590944297874, -0.09792167872554676, -0.02399133144593247], "aligned_model": [[-0.008645142329375882, 0.4273893098502847, 0.5252436612767746, -0.052538550695307974, -0.09648048363624788, -0.7417268390878458, -0.10983932543292249, -0.5664852001856181, -0.154630084257044, 0.39143513634596694, -0.6609251280665931, -0.16852999089979176, -0.08459098006102254], [-0.7068831170646775, -0.6935558274473157, -0.2444023805972957, -0.04724496034513913, 0.5939354039381115, -0.2951400687769252, -0.557327744809761, -0.24585232411289004, 0.15021381326608774, 0.2770678092778979, 0.38221748264309213, 0.571840757360853, -0.06298734007512372], [-0.4120821915311077, 0.05312034522187133, -0.3530037118045608, -0.7161576766603392, -0.48711222283605704, 0.37779876796598444, 0.5346300176055453, -0.24729398641865624, 0.6587294738781184, -0.1064963161727405, -0.14033974171265817, 0.21375464140316958, -0.08341073683914313]], "inverted": true, "swapped": true, "error_lsq": 0.04852210113312464, "error_max": 0.41016971514867034, "target": "535.xyz", "model": "27.xyz", "model_rescale": 3.6321398670334006, "target_rescale": 3.890203741139715},
