[{"mapping": [13, 12, 6, 8, 5, 10, 0, 2, 1, 9, 3, 4, 11, 14], "R": [[-0.514160801295224, 0.5812839125893733, -0.630672405751388], [-0.015615306742134183, 0.7288458096929488, 0.6844997793194526], [0.8575516501102441, 0.36179109809090126, -0.3656670189330419]], "T": [-0.014783966911596905, 0.16433971790822482, 0.26016518928748206], "aligned_model": [[0.2767134885982792, 0.07072641878148515, -0.2858944321417143, -0.5414221011315401, -0.702027672911015, -0.023890020702154777, -0.6188523579898835, -0.18601457973396462, -0.2802569628985132, 0.22062174421148412, 0.6300779980731253, 0.1517756120203076, 0.6694345144710546, -0.009499547518646541], [-0.6493210456929019, -0.45233673829401083, -0.4673888383870151, -0.23991657966209518, 0.26313616120779526, 0.09316212810164898, 0.45977395043247116, 0.36895242415389984, 0.7557399605394965, -0.15234016985704946, 0.5331983829928215, 0.5600442303855978, 0.030220308774442373, 0.1323491571149337], [0.3044643326951822, -0.308070847808467, 0.4317783725804002, -0.16730601106284076, 0.3800774449353697, -0.613316785940148, -0.21511644391806428, 0.6817417689027849, 0.23742422915763245, 0.7116433369236089, 0.5689983274398238, -0.13340969324282204, -0.17651036394969966, 0.1951904204670734]], "inverted": true, "swapped": true, "error_lsq": 0.05205451733455113, "error_max": 0.3333299779865324, "target": "536.xyz", "model": "0.xyz", "model_rescale": 3.8414455957264533, "target_rescale": 4.21234760546326},
{"mapping": [8, 10, 5, 1, 12, 6, 7, 2, 9, 4, 13, 11, 13, 0, 14], "R": [[0.2181730124359415, -0.975862670366896, 0.009622121856294852], [-0.14195366263230247, -0.04148818420497344, -0.9890034824188684], [0.965530783719453, 0.21440797362916586, -0.14757888241321646]], "T": [-0.05407302412717078, 0.11234367025602207, 0.020598199472698236], "aligned_model": [[0.32229562012134166, -0.09325671415239348, -0.5663224125411666, 0.17956177648575478, 0.5136345786379964, -0.5691368888541682, -0.17574297498881286, -0.7669748814751993, -0.04606327806290503, -0.3604176752627078, 0.5968755634213525, 0.7098327558735968, 0.5968755634213525, 0.21267581994817605, -0.034281154661262817], [0.3204940021613525, -0.3425485487991964, -0.24784996330263562, -0.5934363680026111, -0.20693205088953373, 0.23946336340183944, 0.618218909596085, 0.2944663656185932, 0.7772485419248413, 0.030424230420598344, 0.5010747143096776, -0.23727905003385144, 0.5010747143096776, 0.22501603404082002, 0.025366881240604877], [-0.6422158622782641, -0.4892243264021561, -0.18478898463524968, 0.4630766833642235, -0.37697020409665644, -0.5526181407084283, 0.39774759615136374, 0.07722852034441686, -0.13219916828112968, 0.462479852119521, 0.02165290173746622, 0.16369716826178976, 0.02165290173746622, 0.6851787906208142, 0.03095769477896313]], "inverted": true, "swapped": false, "error_lsq": 0.05181769972284788, "error_max": 0.3558576413172327, "target": "536.xyz", "model": "1.xyz", "model_rescale": 4.316132596720782, "target_rescale": 4.21234760546326},
{"mapping": [10, 12, 8, 1, 0, 4, 5, 3, 6, 11, 9, 14], "R": [[-0.08948308743429129, 0.4273125507709923, 0.8996648048116673], [-0.7028975697015668, -0.6670576027371562, 0.2469193413610799], [0.7056399815563588, -0.6102770998359244, 0.3600473272293455]], "T": [-0.010253255549390043, 0.19306305452424435, -0.041828267280425165], "aligned_model": [[-0.16598470544797778, 0.4430817476392589, 0.11404983847336178, -0.637648026498265, -0.5688706696093264, -0.4310923337878507, -0.25950411065168283, -0.09920130166449062, 0.5454924584464655, 0.19143043805467583, 0.46147363565636845, 0.004581584021243963], [-0.6465674751615733, -0.5111458648244356, -0.4260302731427662, 0.304559399444683, -0.2705639172473461, -0.023205337124176245, 0.21023084108180926, 0.7119882963845295, 0.11062710995709034, -0.13145367004788763, 0.5608195151184084, 0.1235178033026449], [0.15537269540959014, 0.053414813012834024, -0.5159323677936251, -0.16303749261255457, -0.4305045509208426, 0.2978006415139818, -0.7006323929767614, 0.5665190137733505, -0.47355034720528305, 0.6867601406524569, 0.00016511007770230596, -0.027116801721427858]], "inverted": false, "swapped": true, "error_lsq": 0.044033144525938185, "error_max": 0.2174137071864333, "target": "536.xyz", "model": "2.xyz", "model_rescale": 3.795458400668931, "target_rescale": 4.21234760546326},
{"mapping": [3, 11, 13, 8, 2, 5, 12, 4, 10, 0, 9, 14], "R": [[0.14071094149003494, -0.20720054381808162, -0.968126213665594], [-0.9861128221678185, 0.05779737559313669, -0.15569510374692774], [0.08821526455896767, 0.9765896774060422, -0.19619038988379178]], "T": [0.06007417740131321, 0.13862090009971803, -0.06463747108649529], "aligned_model": [[-0.03183112399253879, -0.16066031468421377, -0.7432778170796763, 0.12112856717698015, 0.13004308804441922, 0.37986783056511647, -0.2516619251441504, 0.47066084283930704, 0.35494915636232804, 0.7434631293286016, -0.4771144843808229, 0.05773687670821456], [-0.018109024721802314, -0.6403223737374133, -0.053487284335317825, 0.12700179428592587, 0.5817271424706904, 0.6745534323446666, -0.38254297462248366, -0.25055652938304374, -0.5297123401313214, 0.17407560189019716, 0.3193531566590032, 0.08378844457060838], [-0.8483917196581486, -0.21076120329523554, 0.19362022451200403, 0.7225345962139652, -0.28298193362249474, 0.26239760039161175, 0.5199161103791748, -0.2031468976009759, 0.4196138658645685, 0.39339652570228234, -0.2603380357996432, -0.01708770244800821]], "inverted": false, "swapped": true, "error_lsq": 0.04848757032866221, "error_max": 0.29519587018000965, "target": "536.xyz", "model": "3.xyz", "model_rescale": 3.7530521520055578, "target_rescale": 4.21234760546326},
{"mapping": [7, 12, 8, 10, 5, 11, 2, 9, 3, 4, 14], "R": [[0.38109795783966927, 0.17783512229103543, -0.9072700897804172], [0.8817120364608324, -0.36510857607755665, 0.2987969418095021], [-0.2781154999106047, -0.9138218628126336, -0.2959415005623963]], "T": [-0.08313118726993177, -0.08193247830168851, 0.10708938476582894], "aligned_model": [[-0.4306037449494964, -0.020072346194504237, 0.27741435276300896, 0.5172832163072896, 0.20893477673077218, -0.16232345978898385, -0.2040008323552686, -0.6799182734826964, -0.43221984849533346, 0.3183115100443873, -0.05460574813397001], [-0.7933672164099137, 0.23713387087569424, -0.342105447029713, 0.35456152139282127, -0.7231317446432054, 0.7170788235867258, -0.4297596820868418, -0.13715689519516808, 0.3376085692943478, 0.2927250945910672, -0.046383536061468264], [0.04798019990467708, -0.6705444101112176, -0.545459039164896, -0.35884565658818934, 0.10922742463076329, -0.07218138361213236, 0.4437195379143346, 0.08892470899685542, 0.6981934296672728, 0.30125634007693447, 0.050559625530914275]], "inverted": false, "swapped": true, "error_lsq": 0.04523940172511995, "error_max": 0.27299564625666434, "target": "536.xyz", "model": "4.xyz", "model_rescale": 3.7855080009869324, "target_rescale": 4.21234760546326},
{"mapping": [7, 4, 0, 1, 6, 5, 9, 3, 10, 2, 8, 13, 15, 14, 16], "R": [[-0.12931233462961783, -0.3693931460444505, -0.9202320488702951], [-0.7139871522531712, -0.6093079796949957, 0.344914673937497], [-0.6881138470704138, 0.7016355817198742, -0.18495092304330135]], "T": [0.11858483851820387, 0.06208564561420134, 0.03941534394485427], "aligned_model": [[0.13231880810057753, -0.06190127830044376, -0.5453909643161107, -0.16192483277869354, 0.5217896901536796, -0.4834825414777466, -0.19797417876212617, -0.5155740701224849, 0.02261500323651991, -0.4159088945727599, 0.654286694407146, 0.81203283047618, 0.5026138287536506, 0.14879696589659624, 0.10725863721697056], [0.17485596824866118, -0.40744794354954766, -0.30879944735061843, -0.634915068345052, -0.23379922454114815, 0.2164046752919105, 0.591394996396656, 0.33026895645909005, 0.7237387801085291, 0.0027866360982719413, 0.4659941631396448, -0.0238346238797129, 0.725579747088921, 0.20255242626189446, 0.0800217345687615], [-0.7011680101000087, -0.502768899784232, -0.13394631383309233, 0.1321960964669558, -0.38005463030566156, -0.47904752998484723, 0.3951343608694635, 0.1307213994678289, -0.25035904140368226, 0.5459582980322709, -0.17316712247973554, 0.23076640512545551, 0.34209573421296113, 0.7005157216687018, 0.08877895476176276]], "inverted": true, "swapped": false, "error_lsq": 0.0438397512214752, "error_max": 0.2961068806461749, "target": "536.xyz", "model": "5.xyz", "model_rescale": 4.2253639853439635, "target_rescale": 4.21234760546326},
{"mapping": [3, 4, 12, 13, 11, 8, 6, 9, 0, 1, 10, 5, 7, 14], "R": [[0.7229704352310711, 0.6097960629042007, -0.32474992139849956], [0.3015493465128979, 0.1443932487485454, 0.9424534902760374], [0.6215961240222141, -0.7792941366277412, -0.07949155438273553]], "T": [0.16745334866927425, 0.005562078108586013, -0.04093446287814846], "aligned_model": [[0.6624589340970588, -0.0954446032338328, -0.4916847672976756, 0.09304901857685771, -0.1514274150213923, -0.4266591076482095, 0.14803317362247398, 0.5779542188111626, -0.3395070509008377, 0.22055321792881077, -0.68724158196445, 0.17443027486229448, 0.5901829083299035, 0.09936493259561907], [-0.15898695629223814, 0.20307048222791402, -0.4919628466188041, -0.7966223455965187, -0.5350287373237211, 0.06904908115636098, -0.29085779174225584, -0.4024830790119207, 0.6439115412882245, 0.6239724959706644, -0.01193603999282948, 0.5325312838153996, 0.08005469537693606, -0.019612636622220972], [-0.653449492559889, -0.5216635340555208, 0.1278848633394995, 0.27520026303434025, -0.5728227159776746, 0.4753041402515373, 0.6023314661394303, 0.11566280178695319, 0.07557199117316693, -0.22933899789387785, -0.23409326274446052, 0.42671751930160345, 0.6269884593397438, -0.04273529220340356]], "inverted": true, "swapped": true, "error_lsq": 0.04951060164966815, "error_max": 0.35408561089265966, "target": "536.xyz", "model": "6.xyz", "model_rescale": 3.89814844738969, "target_rescale": 4.21234760546326},
{"mapping": [9, 13, 6, 3, 7, 12, 11, 2, 4, 10, 8, 0, 14], "R": [[-0.9539019593981951, 0.2988911063587565, -0.027113804526903155], [0.30009849088056073, 0.9509786178281087, -0.07470317399515516], [0.003456534029133266, -0.07939631586779694, -0.996837136847904]], "T": [-0.02748383626484742, -0.0833878694103902, 0.0560642663707349], "aligned_model": [[0.19598227789963696, -0.020801693806419143, 0.4126522137447674, -0.32965696634942454, 0.7535700308907101, -0.35140912215394743, -0.7705751852470072, 0.34044193841039017, -0.5012038135219853, -0.6174456390465021, 0.11868195982346601, -0.0118915287468142, -0.06971267099264816], [-0.270320669810287, 0.2774111952713568, 0.3321210547769521, -0.7999827250947279, -0.0757955989187147, 0.6287766254721322, -0.028256269342736916, -0.4025404255463504, -0.16233914017771128, 0.5152084031522551, 0.6776752483159383, 0.29632765275616235, -0.02450408538378311], [-0.46800971876134223, -0.7305464396308415, -0.3122637522196228, -0.15000559599298785, -0.08630031733103184, -0.257604688007002, -0.2926537267251616, 0.16416313336918864, 0.3855812199245595, 0.3045547174681548, 0.20746108456524665, 0.7865748000947033, 0.05132431408243304]], "inverted": false, "swapped": true, "error_lsq": 0.04567968084603925, "error_max": 0.31481466019258686, "target": "536.xyz", "model": "7.xyz", "model_rescale": 3.7474275329858107, "target_rescale": 4.21234760546326},
{"mapping": [7, 9, 8, 13, 11, 5, 3, 8, 6, 2, 10, 12, 0, 1, 14], "R": [[0.38420604315192486, -0.9232036678172478, -0.008983547980751572], [0.7900983522649702, 0.32374711068833806, 0.5205116733264801], [-0.47762988825420105, -0.20708161688023932, 0.853807293126819]], "T": [0.10314491621290398, 0.07424362045227696, 0.05001644203706877], "aligned_model": [[0.1941067206536663, -0.1669918536661473, -0.5645187126083352, 0.23167588887729967, 0.3871279403725334, -0.336408654415819, -0.3452020290708415, -0.5645187126083352, 0.12112476491205805, -0.4150241212214283, 0.7253809582491008, 0.619890799026523, 0.30398985636497255, 0.24095755366970315, 0.08796529937600443], [0.25974435610052166, -0.21043975554497119, -0.053863212738791175, -0.7660190948315808, -0.258090971347017, 0.38924040679463995, 0.6281807136798259, -0.053863212738791175, 0.8222755685719425, 0.06947047442298794, 0.3640029660587425, -0.2344201482288123, 0.6566486716015807, 0.25101157872814767, 0.040923435467836694], [-0.5989774401612598, -0.6029168938238909, -0.00497659293587209, 0.3425060778574028, -0.392009933502463, -0.4196548761881468, 0.12922029539004887, -0.00497659293587209, -0.27718842961186946, 0.7133923246038132, -0.2726679073093223, 0.18545273443359117, 0.2838516490484393, 0.767346621197289, 0.09725438665225279]], "inverted": true, "swapped": false, "error_lsq": 0.050775074854907995, "error_max": 0.3756953056906607, "target": "536.xyz", "model": "8.xyz", "model_rescale": 4.019505241142653, "target_rescale": 4.21234760546326},
{"mapping": [0, 10, 4, 1, 5, 2, 3, 8, 6, 13, 11, 9, 14], "R": [[-0.8643753486615039, -0.4989433789772459, 0.06253607919490803], [0.4263534260919701, -0.661259313416264, 0.6172186618046235], [-0.2666045998964428, 0.5601710676168662, 0.7843024686427028]], "T": [0.11620725251814061, -0.022052357812090154, 0.010369455817381093], "aligned_model": [[-0.17251122793296075, -0.7297370982100506, -0.15310249086984812, 0.3070108945957802, 0.3388504505829186, 0.5970122638058003, 0.4471743239145275, -0.3512990517605626, 0.11532331424024282, -0.1255353575552426, -0.41616787051533694, 0.4182920780069143, 0.04439054343899407], [-0.6494713389869518, -0.12254929671374536, 0.13039685006697838, -0.24877949293501056, -0.6859445042768704, -0.1366606808320628, 0.6732662413509715, -0.6141148726678383, -0.3159572439737249, 0.2179567883396329, 0.6050412692900711, 0.23556857367220063, -0.02537406421959168], [-0.43802735373542667, -0.19553938638306378, -0.4830440055119704, -0.5666366847210749, -0.06786622604772911, -0.05748751302195952, -0.22259925285867155, 0.24361254710033253, 0.6550803014059479, 0.805940407485292, 0.02297089184349889, 0.4597142363678198, 0.020585532120883727]], "inverted": false, "swapped": true, "error_lsq": 0.05135914815800509, "error_max": 0.27513972257075603, "target": "536.xyz", "model": "9.xyz", "model_rescale": 3.877068213659057, "target_rescale": 4.21234760546326},
{"mapping": [12, 6, 10, 13, 3, 11, 8, 9, 0, 2, 5, 4, 1, 7, 15], "R": [[-0.25462794658140026, 0.9332062050667047, 0.2535562810200911], [0.17392617197638338, -0.2137292581782228, 0.9612853327187659], [0.951269833181617, 0.28887018368739004, -0.1078875407775729]], "T": [-0.004157592324993659, 0.02305514253916091, -0.0027763568857748903], "aligned_model": [[0.13184863658929982, 0.0010962364071236547, -0.5998187116196101, -0.012832409124547278, 0.5421309655277666, -0.4438961817146818, -0.33442919908311597, -0.596140934410679, 0.07729958402868733, -0.16437791560969783, 0.6514900178971679, 0.5150695716112338, 0.5298553433011982, 0.21734823127060957, 0.004912462840199727], [0.22296327168782804, -0.3754454741556692, -0.11793245193524521, -0.7328820927689244, -0.23966437415609887, 0.4768008244143042, 0.631272931440479, 0.061788985782075284, 0.7402451694195824, -0.18839992546959394, 0.3593623382066264, -0.08637640372688517, 0.6739842855734466, 0.37711561080870293, 0.101969080875633], [-0.7096952074692933, -0.4733868443404656, -0.36127476500620637, 0.15884709373923225, -0.1906822105327162, -0.3840900144499025, 0.3382730865113635, 0.28653440333642805, -0.3385876571684426, 0.60547651829811, -0.263581118335376, 0.4173647725666216, 0.2070522530223633, 0.6985530409999794, -0.04514792845755467]], "inverted": true, "swapped": false, "error_lsq": 0.04572537106525449, "error_max": 0.3195754967179962, "target": "536.xyz", "model": "10.xyz", "model_rescale": 4.260839863003843, "target_rescale": 4.21234760546326},
{"mapping": [0, 10, 11, 4, 9, 2, 5, 8, 12, 13, 6, 14], "R": [[0.06496310102728224, 0.8850413529160105, -0.4609572638906101], [-0.9966238291162389, 0.0807851099554155, 0.01465296035542546], [0.05020695910534079, 0.4584490916536861, 0.8873013533289045]], "T": [-0.2025363117994519, 0.10404288590122154, -0.1582826789507051], "aligned_model": [[0.42538564132942625, 0.30345606520911994, -0.44878101872882714, -0.2467905955051051, -0.5259949911000782, -0.36713871509978635, 0.2301143460294461, 0.5694577012611448, 0.24344448144053368, -0.18432211031943105, 0.12079644843427265, -0.1607286038565851], [0.01655281261501948, -0.6106125677618988, -0.6238300270291578, -0.34799174883454864, 0.37636910980782157, 0.5312004566133827, 0.5734010341363523, 0.07277996601731623, -0.3629910946677982, 0.04921272450781965, 0.4491300241123243, 0.04985781601630116], [-0.6837654527547775, -0.19515038179000888, 0.13564427098496526, -0.5228805259831167, 0.26686133017468006, -0.35666502044278314, -0.4565441995404973, 0.004660192350250697, 0.38345015613032085, 0.7052211804300018, 0.36935709502108305, -0.1340105671846135]], "inverted": false, "swapped": true, "error_lsq": 0.040701149701247524, "error_max": 0.24596240987589593, "target": "536.xyz", "model": "11.xyz", "model_rescale": 3.890672605050136, "target_rescale": 4.21234760546326},
{"mapping": [6, 7, 5, 12, 8, 11, 9, 10, 13, 3, 1, 2, 4, 14], "R": [[0.003009209189959911, -0.8878769067251119, 0.4600712370538915], [0.566816229468139, 0.3805423883241327, 0.7306892997027445], [-0.823838762544937, 0.25857704691795824, 0.5044081721538768]], "T": [0.0083160777565357, 0.09215789457883372, 0.12698875563575854], "aligned_model": [[0.35366123919601705, 0.1789873753312668, 0.4722702685531623, 0.42079474963817093, 0.7761817292194284, -0.28723294891811685, -0.29644385780063115, 0.46460046361275037, 0.021615016371725804, -0.7855286775020931, 0.037344987592176776, -0.12660192847045884, -0.06608363894181005, 0.04631105691210458], [-0.18826219383720277, 0.32975779753758927, 0.575820812480869, -0.6298804091742938, -0.09132380795755429, -0.5299956663279535, -0.11529591533562158, -0.2691683420000168, -0.6722789231627453, 0.14334533207018083, 0.6796177676289704, 0.49068743165315176, 0.1675345483420596, 0.04159408791033249], [-0.424494908092523, -0.6111088361233493, -0.09040555980915049, 0.26488764869188475, 0.11217957582432718, 0.5768823035442002, -0.3458947568369296, 0.7822504137063749, -0.2785189616917839, 0.2472880769322987, 0.40047646980203544, -0.14112397155171139, 0.6997089184642868, 0.16266402249690073]], "inverted": true, "swapped": true, "error_lsq": 0.05301635705672591, "error_max": 0.35469886245953725, "target": "536.xyz", "model": "12.xyz", "model_rescale": 4.124412569039231, "target_rescale": 4.21234760546326},
{"mapping": [4, 10, 12, 1, 11, 3, 0, 2, 8, 5, 9, 6, 14], "R": [[-0.029654975691723318, -0.11385585910740208, -0.9930545935464168], [-0.1897376377080463, -0.9747873671261503, 0.11742749988072723], [-0.9813868815373954, 0.19190214234912398, 0.0073045539304663065]], "T": [0.16277257315715535, -0.015119448314492759, -0.07370109170324571], "aligned_model": [[-0.15972504942197116, -0.04720183219772636, 0.5135584306805115, -0.4475162309558568, 0.5292007961928509, 0.3442004519007883, -0.5509050361948294, 0.03328394420768285, 0.04117127841325431, -0.2723925159256413, 0.6734745340840863, 0.5392165390194191, 0.1709329977071892], [-0.13400021514417487, 0.5221449902819024, 0.6424288973841908, -0.2291196962022607, -0.058825526738376134, -0.7691126652592233, 0.3930522785861507, -0.28581117056339256, 0.7630994328602068, 0.22923657053865232, -0.1964454343301309, 0.4324887045686809, 0.038349210526251856], [0.3964988544861062, 0.5861304039601821, 0.32009267003069075, -0.12368888349791322, 0.6615870294021365, 0.14044775729878156, -0.02751939643104942, -0.47228832341488813, -0.12929788809186382, -0.5710591910570485, -0.3302920343301875, -0.47366336481721294, -0.025249552569894515]], "inverted": true, "swapped": true, "error_lsq": 0.041736796757884845, "error_max": 0.26276256187604213, "target": "536.xyz", "model": "13.xyz", "model_rescale": 3.9028299243045295, "target_rescale": 4.21234760546326},
{"mapping": [7, 9, 14, 11, 6, 10, 5, 13, 4, 12, 3, 2, 0, 8, 15], "R": [[0.5840869570930806, 0.31570923582562244, 0.7477767748253136], [-0.2762946979034771, 0.9435744003793899, -0.1825611975724896], [-0.7632192781004504, -0.09997514372621233, 0.6383582882463037]], "T": [0.10785751579836064, 0.10603167577604679, 0.056700097336489653], "aligned_model": [[0.06082584335872657, -0.01196960125485852, -0.6372395749911016, -0.1606957240282084, 0.5349115333390337, -0.41504992007813735, -0.1894844164311659, -0.6532862711586261, 0.09625166894731269, -0.25173399143656117, 0.6090845093262035, 0.6853511648917571, 0.5941283302261487, 0.1622910425102456, 0.09617110469018644], [0.20363782030607913, -0.3490247848800354, -0.2827784929654122, -0.5822133915065624, -0.26212678076656, 0.3690098304088325, 0.45170556781379784, 0.18502553675950167, 0.7362712901813329, -0.16214639668437458, 0.33721067863984144, 0.02671423914078934, 0.7442842580391617, 0.42488671852953647, 0.06434568298033282], [-0.8426824787537324, -0.5592629990398567, -0.2202613273480156, 0.0640874566574105, -0.2989577146510627, -0.4045621986947111, 0.2895072479067365, 0.2736596726009561, -0.19235131630305422, 0.588691411491915, -0.23315713447271083, 0.5065440692402926, 0.26500455123733796, 0.7580385409127709, -0.04864235807013547]], "inverted": true, "swapped": false, "error_lsq": 0.04327117847666471, "error_max": 0.354407640127093, "target": "536.xyz", "model": "14.xyz", "model_rescale": 3.942246331269136, "target_rescale": 4.21234760546326},
{"mapping": [1, 3, 4, 10, 5, 12, 8, 13, 0, 11, 2, 9, 7, 6, 14], "R": [[0.11448210105733729, 0.544045076985619, -0.8312092412534943], [-0.9859673861628165, 0.16455776490781376, -0.028090130505366517], [0.12149963769806657, 0.8227610201123148, 0.5552496211822049]], "T": [0.006176144783867622, 0.057383172827451784, 0.02116533063536065], "aligned_model": [[0.037334995775351584, -0.14223684386310584, -0.3425054859867597, 0.0849723011812049, 0.44164335868049165, -0.5289326983604526, -0.15212623286762042, -0.8054724741366344, 0.24557909461992974, -0.4265167719473648, 0.6484682386922889, 0.6993425676126356, 0.5931195199178907, 0.13840965801150726, 0.028476470581591914], [0.24122966786076544, -0.2860925061064442, -0.4138427988082587, -0.5538426903040933, -0.06827498776172666, 0.3314254693518558, 0.7113291935573873, 0.09517025198666701, 0.7266236004981799, 0.02601513801294736, 0.39151638594677296, -0.16738258489257918, 0.561462461051963, 0.17643956202400174, 0.13302561357882248], [-0.7674226657540563, -0.5924680886651361, 0.015581340868065688, 0.38060187026268644, -0.4230844757659144, -0.53258154643676, 0.40344256706091586, -0.005825455910664343, -0.16730472122739654, 0.5920452749835966, -0.2206275158940198, 0.36345609964859527, 0.38500740310415943, 0.5513815728510968, -0.03654623641102825]], "inverted": false, "swapped": false, "error_lsq": 0.04667511390760092, "error_max": 0.3118194078168028, "target": "536.xyz", "model": "15.xyz", "model_rescale": 4.355366556412066, "target_rescale": 4.21234760546326},
{"mapping": [10, 12, 8, 1, 0, 4, 5, 3, 6, 11, 9, 14], "R": [[-0.08948308743429129, 0.4273125507709923, 0.8996648048116673], [-0.7028975697015668, -0.6670576027371562, 0.2469193413610799], [0.7056399815563588, -0.6102770998359244, 0.3600473272293455]], "T": [-0.010253255549390043, 0.19306305452424435, -0.041828267280425165], "aligned_model": [[-0.16598470544797778, 0.4430817476392589, 0.11404983847336178, -0.637648026498265, -0.5688706696093264, -0.4310923337878507, -0.25950411065168283, -0.09920130166449062, 0.5454924584464655, 0.19143043805467583, 0.46147363565636845, 0.004581584021243963], [-0.6465674751615733, -0.5111458648244356, -0.4260302731427662, 0.304559399444683, -0.2705639172473461, -0.023205337124176245, 0.21023084108180926, 0.7119882963845295, 0.11062710995709034, -0.13145367004788763, 0.5608195151184084, 0.1235178033026449], [0.15537269540959014, 0.053414813012834024, -0.5159323677936251, -0.16303749261255457, -0.4305045509208426, 0.2978006415139818, -0.7006323929767614, 0.5665190137733505, -0.47355034720528305, 0.6867601406524569, 0.00016511007770230596, -0.027116801721427858]], "inverted": false, "swapped": true, "error_lsq": 0.044033144525938185, "error_max": 0.2174137071864333, "target": "536.xyz", "model": "16.xyz", "model_rescale": 3.795458400668931, "target_rescale": 4.21234760546326},
{"mapping": [9, 13, 6, 3, 7, 12, 11, 2, 4, 10, 8, 0, 14], "R": [[-0.9539019593981951, 0.2988911063587565, -0.027113804526903155], [0.30009849088056073, 0.9509786178281087, -0.07470317399515516], [0.003456534029133266, -0.07939631586779694, -0.996837136847904]], "T": [-0.02748383626484742, -0.0833878694103902, 0.0560642663707349], "aligned_model": [[0.19598227789963696, -0.020801693806419143, 0.4126522137447674, -0.32965696634942454, 0.7535700308907101, -0.35140912215394743, -0.7705751852470072, 0.34044193841039017, -0.5012038135219853, -0.6174456390465021, 0.11868195982346601, -0.0118915287468142, -0.06971267099264816], [-0.270320669810287, 0.2774111952713568, 0.3321210547769521, -0.7999827250947279, -0.0757955989187147, 0.6287766254721322, -0.028256269342736916, -0.4025404255463504, -0.16233914017771128, 0.5152084031522551, 0.6776752483159383, 0.29632765275616235, -0.02450408538378311], [-0.46800971876134223, -0.7305464396308415, -0.3122637522196228, -0.15000559599298785, -0.08630031733103184, -0.257604688007002, -0.2926537267251616, 0.16416313336918864, 0.3855812199245595, 0.3045547174681548, 0.20746108456524665, 0.7865748000947033, 0.05132431408243304]], "inverted": false, "swapped": true, "error_lsq": 0.04567968084603925, "error_max": 0.31481466019258686, "target": "536.xyz", "model": "17.xyz", "model_rescale": 3.7474275329858107, "target_rescale": 4.21234760546326},
{"mapping": [3, 11, 13, 4, 2, 5, 9, 12, 1, 6, 0, 10, 8, 14], "R": [[-0.2527764292232289, -0.17643935052683596, 0.9513008106875671], [0.6641904041580948, 0.6833069796528117, 0.3032205114797789], [-0.7035305138040999, 0.7084918680855979, -0.055534574844136375]], "T": [0.08512128225815307, -0.18248688015878714, 0.0023227689581376346], "aligned_model": [[0.45421907752905555, 0.2730542572024669, 0.7082641466943811, -0.27520604366116885, 0.14429600974471518, -0.2850195218862853, 0.6703773078300462, 0.10165511698916707, -0.39254913454392704, 0.37036340129676176, -0.7149870236340304, -0.43156686983154724, -0.2722092900816194, 0.06415621423486129], [-0.5695267945711736, 0.3117472139500075, 0.39141443113110164, -0.15717864887883437, -0.6455405029139495, -0.4289664738974608, -0.24912680003563598, 0.6589475048514093, -0.6135617619128227, 0.09880604305672677, -0.13424143471667646, 0.4823654975174574, 0.3289338923314713, -0.11366392440038663], [-0.5987167456253734, -0.6279488725711432, 0.17926138628436095, -0.45456786818929007, 0.1783704581933309, 0.5488455888629894, 0.11443442556857786, 0.0493214878942563, -0.07985222166002293, 0.586740567071202, 0.19092741775043, -0.24083273672134944, 0.48633326595760323, -0.00752143415391715]], "inverted": false, "swapped": true, "error_lsq": 0.045991991069689646, "error_max": 0.4101097111457193, "target": "536.xyz", "model": "18.xyz", "model_rescale": 3.922800546911778, "target_rescale": 4.21234760546326},
{"mapping": [5, 12, 13, 7, 3, 8, 6, 4, 1, 11, 0, 9, 2, 10, 14], "R": [[-0.1980020892573319, -0.7696202201799863, 0.6070254437334909], [0.2478908336378226, 0.5598385862036404, 0.790652194075154], [-0.9483381818993041, 0.3070268295892381, 0.07993258824974969]], "T": [-0.018970688448678226, 0.16886084578609203, -0.05853525674150514], "aligned_model": [[0.12032056298661009, -0.01943247223541162, -0.5349037719815775, 0.1645646131823576, 0.4965538330909235, -0.49421185748664587, -0.3543020414416542, -0.5799707394180906, 0.1896799905916928, -0.21656342482480218, 0.7037819794795828, 0.5129653315714304, 0.5403191317864323, -0.02583053599842295, 0.016585098608529726], [0.26823993587920764, -0.40392734959923926, -0.2835555524981732, -0.593770947542311, -0.16803684937824256, 0.3556777145260975, 0.7353750250420488, 0.24831177479481098, 0.8671847828744516, -0.2316644568571606, 0.31004273280613726, -0.07539627493631548, 0.4016691855890705, 0.3919319721979307, 0.08272008309794872], [-0.8023467005305686, -0.5975412998889482, -0.027774848748227346, 0.09285351403943523, -0.23140415003763642, -0.3956345638117281, 0.1473344601062179, 0.39183529267767425, -0.18811765122953303, 0.49624416360745793, -0.4536793968434665, 0.5072612751465488, 0.32372661251482693, 0.7165730339613192, -0.03367431824923198]], "inverted": true, "swapped": false, "error_lsq": 0.0487778273245392, "error_max": 0.3169853940207858, "target": "536.xyz", "model": "19.xyz", "model_rescale": 3.9282355846067225, "target_rescale": 4.21234760546326},
{"mapping": [12, 10, 4, 8, 6, 0, 5, 1, 7, 9, 11, 13, 3, 14], "R": [[-0.05007886788684707, 0.8761667393792678, 0.479399574255833], [0.9956093713735377, 0.08180219267324335, -0.04550143851614523], [-0.07908278336250363, 0.47501604823348004, -0.8764163778115328]], "T": [0.09636599616944716, -0.024634510676832186, 0.09299697599043114], "aligned_model": [[-0.5364924673187196, -0.06086954213546433, 0.47911503864833327, -0.4595225331820263, -0.5609882568594637, 0.19470353201808807, 0.0438683915851838, 0.6045356433254921, -0.21923577728205643, -0.11066767289219084, 0.0827055726376594, -0.6186606697763993, 0.633803234022083, 0.06022832629415708], [-0.5812843787200994, -0.8077390032579874, -0.44630664577207113, -0.18516038206361696, 0.23976441168493118, -0.18541163945746586, 0.38396844121972573, 0.07819925181979974, 0.7002204980362173, 0.2750546198723509, -0.717469531700866, -0.12227674223661361, -0.022847912243627942, -0.08582889975584064], [0.081809431628693, -0.26775816222252313, -0.029155075377483297, -0.4443315019630838, 0.089600837767673, -0.7085971118207903, -0.47860710631948156, -0.29679288643586454, 0.019845095629652726, 0.5692931053499812, 0.5364172184676254, 0.5706787534341069, 0.6916952299951832, 0.07808532910999313]], "inverted": true, "swapped": true, "error_lsq": 0.04063371302460915, "error_max": 0.25396876509688254, "target": "536.xyz", "model": "20.xyz", "model_rescale": 4.067790424073018, "target_rescale": 4.21234760546326},
{"mapping": [0, 0, 8, 4, 2, 7, 9, 1, 12, 5, 3, 6, 11, 13, 14], "R": [[-0.12247316175760006, -0.9710614309246657, 0.2050366357986731], [0.8635845799037918, -0.0024580015952589684, 0.5041980083068057], [-0.4891032590378934, 0.23881720122030306, 0.8388947171128287]], "T": [0.05465002162175103, 0.13046817689435494, 0.08024275769706085], "aligned_model": [[0.014069362633794005, 0.014069362633794005, -0.3691926237344854, 0.11174047701877383, 0.4773603485990098, -0.5695914171613279, -0.405352622630489, -0.7126624140274013, 0.21359398108047642, -0.20033308163984692, 0.7849327981275754, 0.6592651346770239, 0.47863050300460397, -0.014093749366288932, 0.037119638695742495], [0.022872883647430592, 0.022872883647430592, -0.23408896884871874, -0.6674767792712849, -0.31997518605431696, 0.19286451766031973, 0.7446360497262073, 0.296406200396816, 0.8168538982814402, -0.21922457702644246, 0.33496422839349127, -0.19490015997686963, 0.5596657672771312, 0.3467285850911972, 0.20260243305242986], [-0.6206384679811352, -0.6206384679811352, -0.032111130487302575, 0.13021296450726394, -0.33465323864563973, -0.3236053325223129, -0.04322906391028085, 0.3189922073992144, -0.22079764843673594, 0.48169601246560784, -0.3052613900251481, 0.3561646907183135, 0.3127556257175875, 0.7425336566788276, 0.10423500521701587]], "inverted": false, "swapped": false, "error_lsq": 0.05332581890360299, "error_max": 0.4271636258551191, "target": "536.xyz", "model": "21.xyz", "model_rescale": 4.186013935880536, "target_rescale": 4.21234760546326},
{"mapping": [12, 13, 11, 0, 5, 10, 8, 6, 3, 9, 7, 1, 14], "R": [[0.6888048799980983, -0.46059374151758614, -0.5598225098775833], [-0.16606111784479663, -0.8519394272625759, 0.4966114350431846], [-0.7056709873807641, -0.24910362813565287, -0.6633067465499748]], "T": [0.0743677836757167, 0.11049678960372297, 0.09988859714125695], "aligned_model": [[0.004675227904924584, -0.46881553650290686, 0.4350057770846052, 0.4263789469978193, -0.11369037040683941, 0.5691914106799736, -0.0934002095368269, -0.5673615488432835, 0.3226838608779491, -0.37728552558180406, -0.6209261464693848, 0.4488186211264088, 0.09329952809259022], [-0.35861715532127714, 0.12273640498758406, 0.2917941407064849, -0.5444993765920378, -0.2830876578297643, -0.4681404050788567, -0.6530877284594445, -0.152906589149872, 0.8747004482234726, 0.47797255096497715, 0.07893543721803001, 0.06882407681494909, 0.0643325130618477], [-0.5969393054983225, -0.573742675436211, -0.616979586808978, 0.45364105420001277, 0.6532140087396783, -0.3342179630972386, -0.010994629257274235, -0.04445495734593205, 0.059720576676524306, -0.04330836855995998, 0.4819104452094167, 0.6279011587262285, 0.04712980378740134]], "inverted": false, "swapped": true, "error_lsq": 0.043971899280847895, "error_max": 0.2757411947007826, "target": "536.xyz", "model": "22.xyz", "model_rescale": 4.166573947596378, "target_rescale": 4.21234760546326},
{"mapping": [5, 7, 10, 8, 0, 13, 12, 14, 6, 9, 1, 4, 2, 11, 15], "R": [[-0.27667915145781463, -0.3153833441141599, -0.9077345390608167], [0.6249179466985764, 0.6585446537857791, -0.41928093071853834], [0.7300179498085091, -0.6832658964309122, 0.014883135820221688]], "T": [0.034492848011439745, 0.12659509196835955, 0.12819187793063622], "aligned_model": [[0.04150147324676841, -0.04472741632571971, -0.5263521361407345, 0.19968119021570196, 0.5459722374493875, -0.5170605130166059, -0.2742842599373593, -0.7426903965100969, 0.24393744157429242, -0.2792654317129309, 0.5734114801278526, 0.6878028369571336, 0.5866842823559195, -0.04780851836130551, 0.07275342798865098], [0.25675499347254527, -0.2821351406968527, -0.21757174910268284, -0.6528840446418931, -0.2534722201160084, 0.20311333247061208, 0.6775906339477062, 0.2734310653573306, 0.8096801743407891, -0.13965270650286316, 0.3317904037451279, -0.199270284287337, 0.4820133080783917, 0.4682855751012582, 0.14712843483013738], [-0.6928265508601412, -0.4532317148775743, -0.22949978029276416, 0.2667711960496425, -0.3823895899108458, -0.5095753113358312, 0.30266813865076553, 0.10811291943830342, -0.13379164146401298, 0.5653612021011741, -0.29080770780871823, 0.21096462867690707, 0.27506512492558816, 0.8342849498807788, 0.07454955954086877]], "inverted": false, "swapped": false, "error_lsq": 0.03625655060297846, "error_max": 0.18130997164513876, "target": "536.xyz", "model": "23.xyz", "model_rescale": 4.274766983524099, "target_rescale": 4.21234760546326},
{"mapping": [2, 4, 3, 9, 11, 13, 6, 12, 8, 10, 14], "R": [[0.15232942252577983, -0.39723856472559815, 0.9049846792778923], [-0.7821037378963942, 0.5113705710946062, 0.3561093682941592], [-0.6042429066207159, -0.7620378348304784, -0.23278498251696944]], "T": [0.052783808343288136, 0.07494294584339714, -0.18656263766258185], "aligned_model": [[0.12545899368921715, 0.17122456394966648, -0.5001005214775882, -0.41341218926919654, -0.44302515865348313, -0.4854878719415966, 0.025391265219583764, -0.028981602967659698, 0.5308515713742413, 0.3379687962691952, 0.060006857765695094], [-0.13736984598186272, 0.6451990138009907, 0.42280002140745265, -0.2904455078029863, 0.5844345723901043, -0.32547301029228404, -0.5566296645042822, 0.07782835062120158, -0.16596691335488475, 0.5638512787703469, 0.0973582361896875], [-0.632157398254691, -0.18429392511884524, -0.656239067485832, -0.27976718524124594, 0.2274666314614267, 0.3601618625883142, 0.13343521282382687, 0.6523653470312512, 0.39388215674987226, 0.48258465196068423, -0.11787185249318403]], "inverted": true, "swapped": true, "error_lsq": 0.045237967382776995, "error_max": 0.2325373096383291, "target": "536.xyz", "model": "24.xyz", "model_rescale": 3.7841303162186577, "target_rescale": 4.21234760546326},
{"mapping": [5, 12, 9, 10, 13, 2, 1, 8, 4, 0, 3, 11, 6, 0, 15], "R": [[0.8189553264458009, 0.08926447018031206, 0.5668721440055773], [0.21343654858416336, -0.9643410339708209, -0.1564966770527996], [0.5326884765174968, 0.24915502114851376, -0.8088045267071347]], "T": [0.02312505030873067, 0.030527430772909703, 0.05840018129582794], "aligned_model": [[0.053202406585314874, 0.028670506625673203, -0.35562731031678874, -0.03242380737269744, 0.5694837996666383, -0.48168772366921553, -0.31690329682794316, -0.5174501260065953, 0.05485216378500775, -0.22962283767207978, 0.6139163473916714, 0.7374796370195688, 0.54675837096687, -0.22962283767207978, 0.07853040540761047], [0.3910780983667672, -0.1884543815790531, -0.32111083492637527, -0.6372428401221872, -0.3310423537760772, 0.2834921558571163, 0.6130132875537979, 0.24517879703285986, 0.735982561685617, 0.18833324140160676, 0.3553690476264874, -0.1957387704307029, 0.5054413258410322, 0.18833324140160676, 0.0721692000637659], [-0.740622543149928, -0.6676770323677207, -0.21553026232575853, 0.4536877917722706, -0.36910350894824817, -0.44156575656292707, 0.37165302421499435, 0.16404606788519774, -0.18249562895780352, 0.7311154112443202, -0.3825595162777271, 0.22551900070513334, 0.20770319536715776, 0.7311154112443202, 0.06036976887085965]], "inverted": false, "swapped": false, "error_lsq": 0.05020394464730895, "error_max": 0.39603541969239947, "target": "536.xyz", "model": "25.xyz", "model_rescale": 4.19342608120988, "target_rescale": 4.21234760546326},
{"mapping": [10, 12, 8, 1, 0, 4, 5, 3, 6, 11, 9, 14], "R": [[-0.08948308743429129, 0.4273125507709923, 0.8996648048116673], [-0.7028975697015668, -0.6670576027371562, 0.2469193413610799], [0.7056399815563588, -0.6102770998359244, 0.3600473272293455]], "T": [-0.010253255549390043, 0.19306305452424435, -0.041828267280425165], "aligned_model": [[-0.16598470544797778, 0.4430817476392589, 0.11404983847336178, -0.637648026498265, -0.5688706696093264, -0.4310923337878507, -0.25950411065168283, -0.09920130166449062, 0.5454924584464655, 0.19143043805467583, 0.46147363565636845, 0.004581584021243963], [-0.6465674751615733, -0.5111458648244356, -0.4260302731427662, 0.304559399444683, -0.2705639172473461, -0.023205337124176245, 0.21023084108180926, 0.7119882963845295, 0.11062710995709034, -0.13145367004788763, 0.5608195151184084, 0.1235178033026449], [0.15537269540959014, 0.053414813012834024, -0.5159323677936251, -0.16303749261255457, -0.4305045509208426, 0.2978006415139818, -0.7006323929767614, 0.5665190137733505, -0.47355034720528305, 0.6867601406524569, 0.00016511007770230596, -0.027116801721427858]], "inverted": false, "swapped": true, "error_lsq": 0.044033144525938185, "error_max": 0.2174137071864333, "target": "536.xyz", "model": "26.xyz", "model_rescale": 3.795458400668931, "target_rescale": 4.21234760546326},
{"mapping": [11, 4, 3, 9, 7, 8, 10, 13, 0, 2, 6, 5, 14], "R": [[-0.0344765416464472, -0.932334809165666, -0.3599488459408109], [-0.9563539478816929, 0.13534788720291846, -0.25897504860662945], [0.2901697683205485, 0.33530993580227675, -0.8963084025630197]], "T": [0.019848699635464553, -0.0709585669712974, -0.07946756066331825], "aligned_model": [[-0.0036319363821641776, 0.34293746903810685, 0.6254982063936206, -0.09702058152025787, -0.23270469894367307, -0.6113291277450035, -0.2542142104933207, -0.6360335509037975, 0.0018858557109847768, 0.2574776163042163, -0.6049423443895657, -0.06477675936546808, -0.023469554882421126], [-0.8769195774833202, -0.4342024262246087, -0.3117053907119819, 0.04155571796257465, 0.6428465177150673, 0.0005367670696446725, -0.6596829741377056, -0.30669020539969455, 0.06956859144938976, 0.35288679399737166, 0.20381766332606208, 0.5206958867016862, -0.12082586100757134], [-0.24288112874633203, 0.24130165308438237, -0.5511785078919625, -0.6567167484022899, -0.31835988495287304, 0.3895798496296261, 0.5091010625678002, -0.5925231979686425, 0.7317057202662148, -0.19260775136942526, -0.2696440903555287, 0.2936639668666249, -0.04930428062816841]], "inverted": false, "swapped": true, "error_lsq": 0.04733719974958493, "error_max": 0.29001006745147134, "target": "536.xyz", "model": "27.xyz", "model_rescale": 3.6321398670334006, "target_rescale": 4.21234760546326},
