[{"mapping": [3, 9, 5, 2, 12, 1, 0, 4, 7, 6, 13, 8, 10, 14], "R": [[-0.40338106042003463, -0.7560873989811551, -0.515379050016898], [-0.8546913839559652, 0.5124785800727863, -0.08287546776952615], [0.3267818206171289, 0.4070596394491752, -0.8529455384991836]], "T": [-0.007640950672175517, 0.12022116824418735, 0.2068707147357603], "aligned_model": [[0.08417331645209575, 0.2533600358423107, -0.4682582180150419, -0.3356571415483682, -0.546222548963524, -0.010501259754667314, -0.5951903987972138, 0.001366831233400756, -0.4245959362456994, 0.22148795404187388, 0.6276042294270547, -0.09262911592291154, 0.6499240804444638, 0.0066302729345296615], [-0.6399212275872366, -0.3800794201322184, -0.36237220781803403, -0.3028386872149995, 0.19678554567397666, 0.11622688825102932, 0.30571558993257264, 0.5483589013102969, 0.7994378932207515, -0.029055590194605546, 0.4389545065726965, 0.6795034958455219, -0.23068083193530128, 0.09523847588558446], [0.23653239981276247, -0.31391370248458833, 0.2551572831886426, -0.26766442804936735, 0.7290916790882371, -0.5830759117986293, -0.21526420892308534, 0.5951001064434767, 0.32170478533217217, 0.6661129797324798, 0.5841273805794363, -0.33971033007115864, 0.1256139340444194, 0.10377612028503597]], "inverted": true, "swapped": true, "error_lsq": 0.05177735213904478, "error_max": 0.4234815272874523, "target": "537.xyz", "model": "0.xyz", "model_rescale": 3.8414455957264533, "target_rescale": 4.136702103293024},
{"mapping": [12, 8, 10, 5, 0, 3, 4, 11, 13, 6, 2, 9, 1, 7, 14], "R": [[0.04193284027880731, -0.5875401646657137, -0.8081077847730083], [-0.6762553433900393, 0.5786978584033533, -0.4558371411104989], [0.7354728733560283, 0.5656017535191692, -0.37306073094533665]], "T": [0.05432508951667573, 0.1005877399435312, -0.049281595672723603], "aligned_model": [[0.10612293542414011, 0.4184432774023022, -0.3573539382500907, -0.5415279077479198, 0.3222054196521858, -0.6511190578179242, -0.17379779463823336, 0.2123315130559205, 0.7463252576926264, -0.15711922198868608, -0.2045776967815753, 0.5974240509089275, -0.37353089858946087, 0.4107616061050175, -0.005066146971742784], [-0.28966886338529263, 0.24563659815068367, 0.12617775573557283, 0.37418678417330287, -0.33844076246025223, -0.15999842431153766, 0.07333231480073017, -0.695711218341667, -0.1631722141504951, 0.8007656673791951, 0.680569095560663, 0.5129986129918409, -0.640084929204774, 0.27817045339216795, 0.036149331357065315], [-0.7029683024250245, -0.7353436712054412, -0.5954013898563469, -0.11580643035757757, 0.461611223136416, 0.1693969081410845, 0.4437035221283333, -0.30852538303168586, -0.21180376185353497, -0.3232694546146202, 0.32647856986102086, -0.02759127710360395, 0.08049182913832384, 0.45507184355586927, -0.06888699275130605]], "inverted": true, "swapped": false, "error_lsq": 0.050824947777615787, "error_max": 0.40918976070344976, "target": "537.xyz", "model": "1.xyz", "model_rescale": 4.316132596720782, "target_rescale": 4.136702103293024},
{"mapping": [9, 10, 3, 0, 5, 1, 12, 8, 6, 11, 4, 14], "R": [[0.25256792285456153, 0.28210397922310354, 0.9255413492931706], [0.5335346104251555, -0.8385935167235719, 0.11000787784367869], [0.8071866350624306, 0.46602388202288825, -0.3623140592923592]], "T": [0.028988770426345532, 0.10142285273877823, -0.12230669529261362], "aligned_model": [[-0.14663582878330314, 0.44985619127487275, 0.006782926398001744, -0.6589363952640027, -0.3787383614362393, -0.4415708707139556, -0.07714316472297242, -0.27917690738813755, 0.46031029924455596, 0.3581556073801367, 0.3293474095327982, -0.02444235088997431], [-0.5766477496452974, -0.47191750879117605, -0.6043300082838597, 0.3700830225833358, -0.1510416818275851, -0.1071645513211852, 0.5011947927879031, 0.49012427691971955, 0.0046495394884283475, -0.07174111905869772, 0.5825604243090046, 0.04700699058039038], [0.19235957434205408, 0.11492334537408427, -0.41987338831933835, -0.010946434018651335, -0.5885860868764545, 0.4769467798005306, -0.7528345581260693, 0.4881977408902235, -0.42277920346140097, 0.6527012899593104, -0.23364601598936457, -0.04720458236550264]], "inverted": false, "swapped": true, "error_lsq": 0.04747228806719612, "error_max": 0.25042530787188827, "target": "537.xyz", "model": "2.xyz", "model_rescale": 3.795458400668931, "target_rescale": 4.136702103293024},
{"mapping": [10, 1, 11, 7, 6, 4, 8, 5, 0, 12, 13, 14], "R": [[0.8240235212162692, 0.5603261964658705, 0.08378418726962689], [-0.06704418051799133, 0.2432841997878836, -0.9676351977849094], [-0.5625747188960878, 0.7917369207556639, 0.2380385136303114]], "T": [0.12822910785213829, 0.006506997224247705, -0.04381105758401472], "aligned_model": [[-0.2831163379799405, -0.20422824186064767, -0.7158126595880449, 0.22234207796797945, 0.20399716518714986, 0.10481400837609824, -0.2738110880331147, 0.7215896460070504, 0.33936709131481757, 0.7486248455217999, -0.353972434877588, 0.08350975370800552], [0.06593384986449542, -0.7084150422228055, -0.09330297200258067, 0.1456980331629367, 0.460135603893776, 0.4721945691201666, -0.3691819100326847, -0.2338778449565352, -0.5266461585834666, 0.31377822804500705, 0.6476565970831382, -0.08820390808173771], [-0.6678222927907185, 0.005162369379900743, -0.17267303701347733, 0.7436800773645246, -0.3161478935858888, 0.29779095894077046, 0.5183206659459029, -0.2375496074307874, 0.4347167813486784, 0.25508774955598995, -0.10593057556896907, -0.06586376550682543]], "inverted": true, "swapped": true, "error_lsq": 0.04588451070196669, "error_max": 0.2664659391429422, "target": "537.xyz", "model": "3.xyz", "model_rescale": 3.7530521520055578, "target_rescale": 4.136702103293024},
{"mapping": [13, 7, 8, 0, 11, 5, 10, 6, 3, 2, 14], "R": [[0.3541450968727977, 0.1805311734905158, -0.9175999922401341], [-0.7955206048273529, -0.4576875690355415, -0.3970756306366074], [-0.491658639358732, 0.8705920884940741, -0.018471540148200183]], "T": [-0.14123852484500507, -0.012210525380239173, -0.04795154263057465], "aligned_model": [[-0.588094934291618, -0.08104135651175531, 0.4814326460527194, 0.4076290978757441, 0.18079682698602204, -0.16373590233552227, -0.23660744109673668, -0.651936908977024, -0.28978774729776974, 0.3267014833697185, -0.04715616132857289], [-0.6777427346190708, 0.03870534348897185, -0.26443073951636886, 0.36576145927116566, -0.7786870081884817, 0.6252691620347741, -0.4262538401057764, -0.09111517470656083, 0.2745147095491538, 0.4249740868963623, -0.02379190578982282], [-0.11749433181095945, -0.8492988820996716, -0.45714113836347914, -0.3851487249876587, 0.17063706264440348, 0.15331877914042913, 0.5697859029154867, 0.08860716380883839, 0.6469210394396024, 0.27088952752309675, 0.0017543790352280708]], "inverted": false, "swapped": true, "error_lsq": 0.05210864009084921, "error_max": 0.25460122139890606, "target": "537.xyz", "model": "4.xyz", "model_rescale": 3.7855080009869324, "target_rescale": 4.136702103293024},
{"mapping": [2, 9, 14, 13, 4, 12, 6, 0, 3, 15, 8, 10, 1, 7, 16], "R": [[0.08557314930451754, -0.4292924085576638, 0.8991024769584761], [-0.6164777406626573, -0.7317402845949639, -0.2907083610224295], [0.7827083948608018, -0.5293998336377161, -0.32726653473703404]], "T": [0.0020885486820634534, 0.054535211479205925, -0.03463248635278565], "aligned_model": [[0.06856354485452212, 0.30032254502611455, -0.2947218138098672, -0.6139598318510718, 0.1704534945328659, -0.6116760602824756, -0.20231269567065285, 0.3553915823927154, 0.5221038496302632, -0.0795553842362768, -0.04398988587414743, 0.5576986559222175, -0.2119184507859407, 0.4401590674951068, -0.007037219887886187], [-0.3400808836256774, 0.2623420935694298, 0.16013278131127123, 0.4084721464772299, -0.4066385596435058, -0.1649525139038483, 0.08590637957548326, -0.6407706454913371, -0.12959439362788816, 0.8022956942905779, 0.7102534448941562, 0.5254294596498862, -0.6696415083769989, 0.17787220668753484, 0.05988449990088965], [-0.6556356263985805, -0.6468308222126922, -0.6333395603846868, 0.10707382177111019, 0.5185155785470756, -0.23003823396255405, 0.5844903198709062, -0.020468625515353805, -0.4566478660513214, -0.3715399443426402, 0.21680388770563497, -0.05744234927738526, 0.01896808814394379, 0.5605579689098641, -0.08730940404141393]], "inverted": true, "swapped": false, "error_lsq": 0.027261445754115498, "error_max": 0.1908661051335914, "target": "537.xyz", "model": "5.xyz", "model_rescale": 4.2253639853439635, "target_rescale": 4.136702103293024},
{"mapping": [3, 10, 1, 2, 9, 8, 0, 5, 13, 6, 11, 7, 12, 14], "R": [[0.8823920594532534, 0.41628882541344725, -0.21928945996043472], [-0.3464342705179563, 0.259448047293556, -0.9014821168310843], [-0.3183827093680468, 0.8714300457245285, 0.3731516123293704]], "T": [0.09334993769845817, 0.07831263066235215, 0.06604276348610091], "aligned_model": [[0.45857082367656904, -0.14235249215632334, -0.41236123779549655, 0.19139035893889506, -0.12654209486862367, -0.5040295461154873, 0.05184830669519752, 0.633593801800798, -0.184226372317786, 0.3397323056373017, -0.6988936546076923, 0.044925638188229, 0.6904377494888534, 0.03196856619334945], [-0.2445626660585269, 0.10808560558557322, -0.526267324291322, -0.6299739387826498, -0.46366787951247224, -0.09075216144457667, -0.38944883319530715, -0.31605731675983134, 0.7853893105166561, 0.44626806411867603, 0.14069307396058187, 0.33770998347893033, 0.2946184777090391, -0.006935248689780044], [-0.5251351998737319, -0.6450722643472917, 0.1187598713592515, 0.04422360073854184, -0.431494394437813, 0.5490804402051135, 0.6468157447755323, 0.0637760132806373, -0.19936999553050408, -0.23327578138472413, -0.2617265389612916, 0.8267935661941522, 0.4726690084129114, 0.04551413850066566]], "inverted": true, "swapped": true, "error_lsq": 0.036568052843707545, "error_max": 0.2215992004376393, "target": "537.xyz", "model": "6.xyz", "model_rescale": 3.89814844738969, "target_rescale": 4.136702103293024},
{"mapping": [5, 12, 0, 3, 1, 4, 6, 9, 10, 13, 8, 11, 14], "R": [[-0.10902374089484544, 0.05875086301632987, 0.9923014461423153], [-0.7736650129194138, 0.6217744334303492, -0.12181544120829568], [-0.6241444317669566, -0.7809896862489318, -0.022334687530794192]], "T": [-0.09873453634257873, 0.12644135025573305, -0.12826519207243642], "aligned_model": [[0.07578821805434499, -0.26802927385091646, 0.5718502510502461, -0.20238841150516826, 0.5804116095043277, -0.4189051010523435, -0.616214955460944, 0.19401273104216393, -0.37999164967568827, -0.7345230065367088, 0.43674334093329886, -0.07152156285645775, -0.01860038874193219], [-0.30241384572236846, 0.3079462795582493, 0.32206540922544274, -0.631744664544047, 0.04046165419998217, 0.5898802116154452, 0.004678773183295432, -0.4479666568847634, -0.2920472784248264, 0.42077727964444167, 0.6312749598390515, 0.23126024942732792, 0.08960889435325524], [-0.6109879441432212, -0.8403341704792877, -0.39259017899486176, -0.16745675079772626, 0.26595278425693697, -0.2579584859261772, -0.18371746162500274, 0.28885958743904305, 0.4266116881003679, 0.2674485347098414, 0.14954232820963592, 0.7245222359150936, -0.0676171358283463]], "inverted": true, "swapped": true, "error_lsq": 0.04852165214035368, "error_max": 0.286078968859459, "target": "537.xyz", "model": "7.xyz", "model_rescale": 3.7474275329858107, "target_rescale": 4.136702103293024},
{"mapping": [3, 5, 6, 10, 2, 0, 12, 2, 8, 7, 11, 9, 1, 13, 14], "R": [[-0.7186642163623155, 0.5639633015540887, -0.4067765217174553], [0.35104172761987096, -0.21071935662208002, -0.912341524986358], [-0.6002428255214681, -0.7984627400480182, -0.04653819039257523]], "T": [0.012570966163559724, 0.08683542172870938, 0.0013404247469876729], "aligned_model": [[0.027908630494213535, 0.2298995895264861, -0.40869929623447887, -0.6149164022301876, 0.34622526771565415, -0.5226544328890104, -0.22937168774381078, 0.34622526771565415, 0.6252249677432072, -0.09188548774440762, 0.03914683322117575, 0.47566668549637314, -0.2889365290264368, 0.3768950669309764, 0.03879292448007865], [-0.2832565851918464, 0.2788416590626815, 0.18958310068743614, 0.511285616205349, -0.6858583555732929, -0.21128268736784317, 0.22101955199384204, -0.6858583555732929, -0.054868911353328734, 0.6542871259489483, 0.670174363525457, 0.6608855223711547, -0.5613599172375796, 0.08940830603243514, 0.0479097681570828], [-0.6126068038085355, -0.6535819663146657, -0.6906945302122447, -0.035605408621537535, 0.015784434730166535, -0.24129634671330602, 0.5527939497194951, 0.015784434730166535, -0.2628285972649518, -0.36055050431664115, 0.21462276781235623, -0.1893144382290746, 0.23315468862323074, 0.8231513266939876, 0.038344225933461124]], "inverted": true, "swapped": false, "error_lsq": 0.04685833925793101, "error_max": 0.4862621388657466, "target": "537.xyz", "model": "8.xyz", "model_rescale": 4.019505241142653, "target_rescale": 4.136702103293024},
{"mapping": [6, 10, 4, 12, 5, 0, 8, 3, 2, 9, 11, 1, 14], "R": [[0.01869520982886369, 0.7271239087354356, 0.6862516378667209], [-0.9663348506837651, -0.1630182435621687, 0.19905277847819952], [0.25660757097841147, -0.6668702074700952, 0.6995975135071251]], "T": [0.008266773291357207, -0.08450306545581034, -0.16122242695386127], "aligned_model": [[-0.37529536982802747, -0.6729477004548948, 0.01844599975549803, 0.3739465288478912, 0.2695342953239269, 0.7186935818677084, 0.40816907803033925, -0.31165464640626833, 0.3146688747528904, -0.23197571604061262, -0.4422835274015619, 0.23342209591653895, 0.016977277377748227], [-0.35227433765840876, -0.024457463231391773, 0.01569860670661491, -0.5382222127097454, -0.6505267391048253, 0.04195680108384063, 0.5882516866209395, -0.6149577120645833, -0.26432819735005, -0.05309602021792566, 0.6078025633287539, 0.3474108373264201, -0.03987958461558025], [-0.41980643978806076, 0.14613406752419175, -0.7303982586965966, -0.6398289765431676, 0.0811671542709333, 0.03144848432440908, -0.08216713639922749, 0.28977013424790543, 0.45969507052495195, 0.5674309520541928, 0.07687689640052611, 0.4607062423408945, -0.06432469621707322]], "inverted": true, "swapped": true, "error_lsq": 0.053020367222391965, "error_max": 0.27577136670671787, "target": "537.xyz", "model": "9.xyz", "model_rescale": 3.877068213659057, "target_rescale": 4.136702103293024},
{"mapping": [12, 3, 6, 14, 8, 10, 9, 0, 5, 13, 2, 4, 11, 7, 15], "R": [[-0.12950322993683072, -0.7854092160850447, -0.6052778508458777], [-0.3410201113359407, -0.5379050403511377, 0.7709497073280877], [-0.9310930120564495, 0.30625239730248166, -0.19817989818882215]], "T": [0.04416762948591194, 0.08959883593021578, -0.09975688589375417], "aligned_model": [[0.04619159414050409, 0.34220683395309676, -0.2593121778284329, -0.6427067651991494, 0.1249094385454089, -0.6278286256698768, -0.361762917933289, 0.33111344988965646, 0.6762567098781841, -0.2471795105517163, -0.01165932585810172, 0.5591768699150985, -0.241651037572895, 0.5874784322946249, 0.07428842945237454], [-0.4377725495934597, 0.3131381813108527, 0.14332464725796293, 0.4247690464735706, -0.2755531908123433, -0.13073490892080764, 0.09157119054474015, -0.6529829318209452, -0.18115729640945188, 0.7809790787446551, 0.5653060875190957, 0.5273683982853516, -0.5831860141316814, 0.25097806232893566, 0.004862400910727538], [-0.6289737988996086, -0.6135312881323137, -0.6339086610236994, 0.05957309411295883, 0.5751265806719184, -0.1552983424500819, 0.42068696735928945, -0.09908607282503457, -0.4714421741307867, -0.2861669172799781, 0.3595265993223775, -0.06491478072032703, 0.0018477958469109712, 0.4876583728926611, -0.10394014198237954]], "inverted": false, "swapped": false, "error_lsq": 0.03943644026285961, "error_max": 0.27594738344337566, "target": "537.xyz", "model": "10.xyz", "model_rescale": 4.260839863003843, "target_rescale": 4.136702103293024},
{"mapping": [11, 8, 0, 1, 5, 9, 10, 13, 7, 12, 6, 14], "R": [[0.6899016986196946, 0.03034047497498943, 0.7232669644190534], [-0.623541919732644, 0.5324534316143041, 0.5724411039559274], [-0.36773784218895555, -0.8459153614519859, 0.38625908491809896]], "T": [-0.010606938447459248, 0.08729624235769717, 0.06466443718885181], "aligned_model": [[0.43625774013269203, 0.07950808250278119, -0.4490329189882097, -0.31454367354300133, -0.6087385078167725, -0.3493424985441319, 0.179292313070062, 0.7626549403824113, 0.18255844327800982, -0.12708126328065664, 0.22327857895325098, -0.05591258705230508], [0.024817241474374842, -0.6345364253211981, -0.5161042103842625, -0.2863987223660218, 0.27075584863323826, 0.33561447150966306, 0.6081151980796639, 0.3082539916159282, -0.5592151353643838, 0.037184435724515866, 0.5209825445007116, 0.06360926743070458], [-0.6670337781767234, -0.23468056713355775, 0.1035357821576692, -0.5614460505154941, 0.3012599250484538, -0.5781690407101109, -0.4401251604847519, 0.03832603336361293, 0.5040775196420252, 0.8080146346120548, 0.2717895675533031, -0.029370787960975697]], "inverted": false, "swapped": true, "error_lsq": 0.04690877052708962, "error_max": 0.3152761377910648, "target": "537.xyz", "model": "11.xyz", "model_rescale": 3.890672605050136, "target_rescale": 4.136702103293024},
{"mapping": [4, 7, 8, 13, 11, 3, 12, 10, 6, 5, 1, 0, 9, 14], "R": [[0.9170814466668804, 0.2896454283645187, 0.2739838426019247], [0.32531982020333794, -0.14633647627055774, -0.9342123154270578], [-0.2304964962038462, 0.9458811561397398, -0.2284298660366007]], "T": [0.03792765097600745, -0.05004407665428838, 0.05335649111938941], "aligned_model": [[0.2548646508946386, 0.1593628002553471, 0.4444470692057243, 0.6421229447373445, 0.7780341853784407, -0.40073300627190156, -0.4009578064893802, 0.30205686294195366, 0.022532774905910963, -0.6248556948471453, 0.17847803868431042, -0.19136258419961413, -0.004979702135025105, 0.050865301733089424], [-0.2636926298323408, 0.23245993826685885, 0.6043559886152066, -0.5732160533393011, 0.05827159700690053, -0.3268917858223732, -0.221246852083814, -0.38127765876841785, -0.5841949840734287, -0.011495944634863572, 0.6165510769842338, 0.6279783549588677, 0.13109086996207908, 0.023460602588158158], [-0.4379659620484031, -0.6908334505790893, -0.10561855698417148, -0.039858859188240184, 0.4770119849551597, 0.6173230777721161, -0.5354695803390083, 0.6719409410951415, 0.041829590457626784, 0.13477211802096817, 0.4532768557852239, -0.1600257914733702, 0.798331452493355, 0.13007661538955284]], "inverted": false, "swapped": true, "error_lsq": 0.04434853979791474, "error_max": 0.3570276409123276, "target": "537.xyz", "model": "12.xyz", "model_rescale": 4.124412569039231, "target_rescale": 4.136702103293024},
{"mapping": [11, 9, 3, 8, 10, 13, 1, 4, 2, 0, 6, 5, 14], "R": [[0.6949106652866036, -0.05928537251694466, -0.7166480390515675], [0.6940455065050988, -0.2054600391128224, 0.6899905848834739], [-0.18814888299166382, -0.9768681676322987, -0.10162962607283667]], "T": [0.18079601396019335, 0.01737527689669499, -0.16418561441237037], "aligned_model": [[-0.20851928512786233, 0.07433498783509321, 0.6466596468125279, -0.5915657928618714, 0.40088802281278024, 0.3929349421491985, -0.4605153923070127, 0.2562379504790707, -0.0104871745265038, -0.3463494153877847, 0.6697175788155221, 0.43108358722709983, 0.11287865158949995], [-0.29058076871266114, 0.502034172197511, 0.5344918794869526, -0.12102121544144101, 0.0029506949080043143, -0.6965576986863917, 0.3735758324931441, -0.48338297863164353, 0.705929285296313, 0.3473596614559152, -0.18438103009252682, 0.5817530132670317, 0.0753145289682695], [0.5376481385175621, 0.4218266790022255, 0.15626349552654958, -0.21963107421866893, 0.5523882389756791, 0.14035790176672322, 0.12886839562354893, -0.44285172812210316, -0.13159752095237143, -0.5777656314666442, -0.087132648510608, -0.421537761565167, -0.10513840360888735]], "inverted": true, "swapped": true, "error_lsq": 0.049251663844828784, "error_max": 0.2616644383081617, "target": "537.xyz", "model": "13.xyz", "model_rescale": 3.9028299243045295, "target_rescale": 4.136702103293024},
{"mapping": [14, 12, 11, 1, 4, 9, 3, 10, 13, 1, 2, 8, 7, 0, 15], "R": [[-0.8839512056882085, 0.4600059754086882, -0.08381389234884389], [-0.2109157994741377, -0.23229670734032798, 0.9495013245335823], [0.4173065917218988, 0.8569905147358069, 0.30236148259708784]], "T": [0.06126767494872386, 0.09084803687832128, -0.01181669864058807], "aligned_model": [[-0.044514048051229424, 0.337215179016823, -0.2953528174066646, -0.38172441194705775, 0.3601811527840787, -0.5566512314694402, -0.16251125174729575, 0.2051780269558549, 0.5709883914529018, -0.38172441194705775, 0.014496995186304616, 0.6621883676884207, -0.36791986668621374, 0.41283568136716126, -0.023164357741098707], [-0.380673263749632, 0.41628779087559176, 0.18883904670069554, 0.510531047473154, -0.32260355317780415, -0.3053842251065188, 0.041866601963171476, -0.6301037696495705, -0.15492336510810445, 0.510531047473154, 0.7694150590782453, 0.5665018805833114, -0.6767283214308206, 0.29182750824651105, 0.015526717515818925], [-0.7531186229037299, -0.5615277413509092, -0.651407407425603, -0.23502722103723447, 0.4343579188928872, -0.2608582134870474, 0.5680222930101816, -0.13376302002146057, -0.5707733704205463, -0.23502722103723447, 0.2701568275158107, 0.08386455116069402, 0.20555980447647942, 0.7115252662669217, -0.02482661087730318]], "inverted": true, "swapped": false, "error_lsq": 0.043723663724714715, "error_max": 0.3489978720174387, "target": "537.xyz", "model": "14.xyz", "model_rescale": 3.942246331269136, "target_rescale": 4.136702103293024},
{"mapping": [8, 7, 0, 1, 4, 12, 3, 11, 6, 2, 5, 9, 13, 10, 14], "R": [[-0.5008810184713172, -0.8443243144601492, -0.1903540316004239], [-0.12284522666023362, -0.14835385541131824, 0.9812747749083298], [-0.8567539061025236, 0.5148859928139401, -0.029413581592035776]], "T": [0.05952282201099726, 0.02485169606582782, -0.013743939037336533], "aligned_model": [[0.09641415390309643, 0.40167518672738856, -0.2580745646150988, -0.6746941877561694, 0.09948593543228157, -0.7079253721809712, -0.39841651620913077, 0.40737451749455944, 0.5206702568115289, -0.038849145307753324, -0.12170680856466723, 0.6837654065029061, -0.26828590135710584, 0.6175253631250095, -0.009436926550387081], [-0.32040489570277214, 0.3759628659291355, 0.2734052360578359, 0.3621463922042094, -0.2577346377294245, -0.255415206761865, 0.16376391102400595, -0.5997545201174812, -0.07925015835736016, 0.6851227601699564, 0.6111929216967932, 0.5318560636917147, -0.7056930889997128, -0.007750175961604964, 0.06346273454377271], [-0.705320284612681, -0.7141953747880528, -0.6286183332301446, 0.04789295175134445, 0.49832235592889185, 0.009707938789559698, 0.5224863189177427, -0.06830855496130786, -0.3125670248606438, -0.38389660563873584, 0.1479327331083374, -0.05156024567214716, 0.12688182105886128, 0.4296191154606379, -0.07121957848975516]], "inverted": true, "swapped": false, "error_lsq": 0.0474636026956692, "error_max": 0.36714205350059875, "target": "537.xyz", "model": "15.xyz", "model_rescale": 4.355366556412066, "target_rescale": 4.136702103293024},
{"mapping": [9, 10, 3, 0, 5, 1, 12, 8, 6, 11, 4, 14], "R": [[0.25256792285456153, 0.28210397922310354, 0.9255413492931706], [0.5335346104251555, -0.8385935167235719, 0.11000787784367869], [0.8071866350624306, 0.46602388202288825, -0.3623140592923592]], "T": [0.028988770426345532, 0.10142285273877823, -0.12230669529261362], "aligned_model": [[-0.14663582878330314, 0.44985619127487275, 0.006782926398001744, -0.6589363952640027, -0.3787383614362393, -0.4415708707139556, -0.07714316472297242, -0.27917690738813755, 0.46031029924455596, 0.3581556073801367, 0.3293474095327982, -0.02444235088997431], [-0.5766477496452974, -0.47191750879117605, -0.6043300082838597, 0.3700830225833358, -0.1510416818275851, -0.1071645513211852, 0.5011947927879031, 0.49012427691971955, 0.0046495394884283475, -0.07174111905869772, 0.5825604243090046, 0.04700699058039038], [0.19235957434205408, 0.11492334537408427, -0.41987338831933835, -0.010946434018651335, -0.5885860868764545, 0.4769467798005306, -0.7528345581260693, 0.4881977408902235, -0.42277920346140097, 0.6527012899593104, -0.23364601598936457, -0.04720458236550264]], "inverted": false, "swapped": true, "error_lsq": 0.04747228806719612, "error_max": 0.25042530787188827, "target": "537.xyz", "model": "16.xyz", "model_rescale": 3.795458400668931, "target_rescale": 4.136702103293024},
{"mapping": [5, 12, 0, 3, 1, 4, 6, 9, 10, 13, 8, 11, 14], "R": [[-0.10902374089484544, 0.05875086301632987, 0.9923014461423153], [-0.7736650129194138, 0.6217744334303492, -0.12181544120829568], [-0.6241444317669566, -0.7809896862489318, -0.022334687530794192]], "T": [-0.09873453634257873, 0.12644135025573305, -0.12826519207243642], "aligned_model": [[0.07578821805434499, -0.26802927385091646, 0.5718502510502461, -0.20238841150516826, 0.5804116095043277, -0.4189051010523435, -0.616214955460944, 0.19401273104216393, -0.37999164967568827, -0.7345230065367088, 0.43674334093329886, -0.07152156285645775, -0.01860038874193219], [-0.30241384572236846, 0.3079462795582493, 0.32206540922544274, -0.631744664544047, 0.04046165419998217, 0.5898802116154452, 0.004678773183295432, -0.4479666568847634, -0.2920472784248264, 0.42077727964444167, 0.6312749598390515, 0.23126024942732792, 0.08960889435325524], [-0.6109879441432212, -0.8403341704792877, -0.39259017899486176, -0.16745675079772626, 0.26595278425693697, -0.2579584859261772, -0.18371746162500274, 0.28885958743904305, 0.4266116881003679, 0.2674485347098414, 0.14954232820963592, 0.7245222359150936, -0.0676171358283463]], "inverted": true, "swapped": true, "error_lsq": 0.04852165214035368, "error_max": 0.286078968859459, "target": "537.xyz", "model": "17.xyz", "model_rescale": 3.7474275329858107, "target_rescale": 4.136702103293024},
{"mapping": [12, 6, 4, 3, 0, 1, 7, 13, 2, 8, 9, 10, 11, 14], "R": [[-0.2802174666984839, 0.9061977908825536, -0.3166760729146796], [-0.4290749006568892, -0.4133436100311825, -0.803144936902842], [-0.8587041987689152, -0.0891774850843482, 0.5046528263773681]], "T": [0.09331696994422146, -0.0510197811632255, -0.07506860766984655], "aligned_model": [[0.6553295258808491, 0.14202216213258245, 0.6147609313079705, -0.48300948896076157, 0.23793530340203106, -0.34085766931804384, 0.8226116887759525, 0.27279025856527306, -0.3412147633886649, 0.23722498487965044, -0.6637918097448816, -0.47626848053268955, -0.27548958038391624, 0.012804585267525079], [-0.3218810842717077, 0.29496635546192596, 0.19809280718155095, -0.1256000589063609, -0.6974212876078579, -0.35194709210466735, -0.23242182931094887, 0.7330508335063627, -0.6184651541043225, -0.20943734673793246, -0.12314895917854171, 0.4321699671621927, 0.46498839240327783, -0.08253730198173728], [-0.4986521519281887, -0.47955403517233086, -0.08707829879975357, -0.5744799932902699, 0.26999813708542564, 0.5122770695635929, 0.21406145521571, -0.053329665468698134, -0.04431497421568756, 0.6818758466309982, 0.030866657031586073, -0.14008191403051834, 0.5051824053673629, -0.0119758193275738]], "inverted": true, "swapped": true, "error_lsq": 0.04182386241281597, "error_max": 0.26907596368505976, "target": "537.xyz", "model": "18.xyz", "model_rescale": 3.922800546911778, "target_rescale": 4.136702103293024},
{"mapping": [3, 9, 7, 13, 1, 12, 8, 0, 2, 11, 4, 10, 5, 6, 14], "R": [[0.45410767144407305, -0.16687471107881202, -0.8751794407651525], [0.683354816702944, -0.5650567818277954, 0.4623170208842645], [-0.5716750976074854, -0.80799979214897, -0.1425619818278834]], "T": [-0.005242400087560398, 0.03492796490655123, 0.0030265017376796405], "aligned_model": [[-0.07328858429016964, 0.4047517745697716, -0.3443761962710325, -0.5468817974828989, 0.49590344785266716, -0.6882952091266322, -0.29974365292388727, 0.22782088890390023, 0.637926117180181, -0.06593589053424005, 0.020317735632418052, 0.5691975909643712, -0.28020754358000644, 0.32429304716603424, -0.031960330604989394], [-0.32617362526038074, 0.22359975258352582, 0.21391873188603847, 0.4573056399563431, -0.3404477443438644, -0.26249501563846966, 0.005349339288787974, -0.7253064299988311, -0.040550911650460514, 0.6723954385369315, 0.6964135572332149, 0.5982855149004763, -0.6511967915420057, 0.26717974276607426, 0.05263300296982274], [-0.5205425977892911, -0.674506463657224, -0.6978027161755989, 0.0091591707269858, 0.3979048879945925, -0.2491489833398009, 0.5385493966787055, -0.2542045302242676, -0.3031861047583507, -0.30873483815151204, 0.2956877900871717, -0.05396134616347553, 0.1931861942024658, 0.562698970774326, -0.0879415974428192]], "inverted": false, "swapped": false, "error_lsq": 0.03892854329182812, "error_max": 0.25639137566560516, "target": "537.xyz", "model": "19.xyz", "model_rescale": 3.9282355846067225, "target_rescale": 4.136702103293024},
{"mapping": [1, 9, 10, 2, 0, 3, 5, 6, 7, 4, 11, 8, 13, 14], "R": [[-0.22454879689944585, 0.3027990815777873, 0.9262238142083479], [-0.20678048164905466, -0.9436567642131014, 0.25836745879433864], [0.9522707966854789, -0.1335089043865908, 0.27450993102162224]], "T": [0.032740980843391575, 0.030009038976290203, 0.024057787418807056], "aligned_model": [[-0.5526111880217596, -0.05675901204776388, 0.472337380516573, -0.4060788647000502, -0.6916098261730115, 0.31672108011318095, -0.08466884869416128, 0.5540786734483273, -0.32261060310826933, 0.20988986373606439, 0.08025401975285146, -0.5753288087852614, 0.6169315493012582, -0.02802259625330182], [-0.5003031825760555, -0.6574716976636383, -0.5762492337810692, -0.2100772138607349, 0.1971801503050329, -0.26053874035515007, 0.2097645675176161, 0.13756475424045894, 0.6069108626775901, 0.42549776623847724, -0.6616737827770893, -0.0973188560968744, -0.03345177144943537, -0.0569515349942927], [0.03715719545323966, -0.30609155898726315, -0.012446464297302853, -0.4873653239792626, -0.0479849509647645, -0.6256063013946357, -0.6094239472612771, -0.02416919598411192, 0.4591247027840284, 0.406565380930364, 0.5322814882710583, 0.5065609343715279, 0.5737341258124213, 0.009847072489660508]], "inverted": false, "swapped": true, "error_lsq": 0.04296533004609825, "error_max": 0.30355371783162555, "target": "537.xyz", "model": "20.xyz", "model_rescale": 4.067790424073018, "target_rescale": 4.136702103293024},
{"mapping": [1, 8, 5, 6, 12, 13, 11, 9, 7, 4, 2, 0, 10, 3, 14], "R": [[-0.6145600589452438, -0.09636412972834923, 0.7829622522516116], [0.6528440064934159, 0.49503401185210205, 0.5733550647681047], [-0.44284380670259266, 0.8635133360934912, -0.24131738696962157]], "T": [-0.003954981989077254, 0.10922588995265409, -0.07633751023817306], "aligned_model": [[0.048216566974807036, 0.1911547659661839, -0.342544255648417, -0.5050806012808402, 0.31813835636329035, -0.5708013127575513, -0.3026128343767894, 0.3462858955145962, 0.5874779244772251, -0.17774802069396914, 0.18335509421955873, 0.6497069937184735, -0.20869017058483488, 0.14347198813182463, -0.010808992568070448], [-0.4389219540424473, 0.2633430667905042, 0.18169221977165023, 0.5770050441233283, -0.32064718685931876, -0.2907884190376881, -0.13351386832138765, -0.5831025167960515, -0.10748231398686811, 0.8001091502912727, 0.79628191589646, 0.379054289175361, -0.6819891273098748, 0.3665606348808991, 0.03330926711136435], [-0.6847100703368757, -0.5895119238456898, -0.5544296097998485, 0.20225301240785534, 0.46999470199072557, -0.1701314064921111, 0.44319415476345825, -0.12175341497589451, -0.4762232798060767, -0.4436912838922342, 0.13951170589186362, -0.010180983666929905, -0.018465923405048768, 0.7210263553743249, -0.059724801445611174]], "inverted": true, "swapped": false, "error_lsq": 0.04805794336204487, "error_max": 0.3345751845324944, "target": "537.xyz", "model": "21.xyz", "model_rescale": 4.186013935880536, "target_rescale": 4.136702103293024},
{"mapping": [1, 8, 11, 3, 5, 10, 2, 0, 13, 4, 12, 6, 14], "R": [[0.1017232229850363, -0.8547882497621913, -0.5089100450708621], [-0.5828548937776256, 0.36335467213288264, -0.7268105358610859], [0.8061839484292712, 0.3705542204694149, -0.46125590618147627]], "T": [-0.023701272320794987, 0.02348325443631797, 0.06730755954690798], "aligned_model": [[-0.11854540238570875, -0.43271060208659085, 0.4282812148183566, 0.4265089612011302, -0.18453401020364035, 0.7064902894169477, -0.16064735699677102, -0.6733750244048751, 0.41853921546992706, -0.17626223112830483, -0.46557685226069484, 0.3019696901539476, -0.011563856170497992], [-0.43654085988696617, 0.09588093488831814, 0.16846933895455082, -0.49464373621438457, -0.4622719495698095, -0.0644531822275343, -0.6753875856638865, -0.2789345352674819, 0.6914178659744876, 0.5694472294486039, 0.20160118088815915, 0.254234372257196, -0.049862414035159515], [-0.5678477078067379, -0.6007047852280825, -0.6493965715271821, 0.4078678395868624, 0.49808701413193207, -0.07834309977042675, -0.0003916521599620637, -0.1431394042365278, -0.008433297279543783, 0.18023944624019952, 0.6518304022551971, 0.4228063772242118, -0.009695000094594342]], "inverted": true, "swapped": true, "error_lsq": 0.04291627181743289, "error_max": 0.24376697960487131, "target": "537.xyz", "model": "22.xyz", "model_rescale": 4.166573947596378, "target_rescale": 4.136702103293024},
{"mapping": [13, 10, 14, 11, 1, 12, 2, 5, 7, 9, 3, 8, 6, 4, 15], "R": [[0.9655355566745225, 0.253171046392993, -0.060378059471109094], [-0.25801764520970843, 0.9006029341729087, -0.34977314036327056], [-0.03417577442658519, 0.35329700851751367, 0.9348867526149458]], "T": [0.008850965727747967, 0.1177529323892336, -0.05158544821433489], "aligned_model": [[0.1254721166656217, 0.3086651917445419, -0.3243630344854083, -0.6619024300673647, 0.2255758475301749, -0.6122840632674473, -0.19050161741848815, 0.343308449896855, 0.6195388202269635, -0.10317137705406272, -0.09734434344632092, 0.6035472330306448, -0.3341856885548446, 0.41498609070919457, 0.03218020194542765], [-0.384579415139117, 0.0863185804588388, 0.09805692155720067, 0.49988334659215106, -0.39639534786134, -0.02748539501129621, -0.0269483534030813, -0.6224132472309717, -0.10781179167707114, 0.6583088919391699, 0.548620726140184, 0.6634602250371441, -0.5112955892670357, 0.3047200963197425, 0.058470553232684686], [-0.7230576059962687, -0.7371979805536623, -0.7689126123727102, 0.11015371215455988, 0.3920145206655592, -0.20151362848159216, 0.574616855096716, -0.22865661760971348, -0.3475086600011975, -0.2875926845330886, 0.3540032013231942, -0.0004088849448553866, 0.20479599258731682, 0.5314677682528076, -0.025046142825158674]], "inverted": true, "swapped": false, "error_lsq": 0.03759489820967803, "error_max": 0.2492250298766987, "target": "537.xyz", "model": "23.xyz", "model_rescale": 4.274766983524099, "target_rescale": 4.136702103293024},
{"mapping": [0, 4, 12, 5, 6, 3, 9, 10, 11, 13, 14], "R": [[-0.9653399860644694, -0.11101958072964643, 0.23620618958796163], [-0.2588347739864071, 0.5234428688370296, -0.8117956164202084], [-0.033515236541849514, -0.8447971447384716, -0.5340360597949075]], "T": [-0.005006862536302101, 0.10497286288341436, -0.08747514017895297], "aligned_model": [[0.16455827824063712, 0.10043210788146244, -0.4306086910120549, -0.5553727052111648, -0.29434061331606437, -0.5584381621495758, 0.004981202889569325, 0.00918781943182375, 0.6553468568644967, 0.2448882664757822, 0.03926034386316335], [-0.21291812978387148, 0.6631852899217594, 0.5078833100295671, -0.1825835950198525, 0.4279622822917026, -0.28222823975324646, -0.5679346936707567, -0.07357204712236644, -0.045265689293287406, 0.672812765237385, 0.0082452784064498], [-0.7417024768565864, -0.1941832889436615, -0.5619993573661146, -0.33608115181465775, 0.22501626635054206, 0.27434697063633245, 0.2823008214413162, 0.6405680415077962, 0.44199184424639104, 0.4249311844458442, -0.07562241962562413]], "inverted": true, "swapped": true, "error_lsq": 0.047759502160358264, "error_max": 0.22756793082464383, "target": "537.xyz", "model": "24.xyz", "model_rescale": 3.7841303162186577, "target_rescale": 4.136702103293024},
{"mapping": [4, 6, 1, 0, 12, 8, 9, 5, 3, 7, 10, 11, 2, 14, 15], "R": [[0.42794717376749253, 0.13799506319760918, 0.8932069071595361], [0.6364570078576135, 0.6556664613222662, -0.4062314225242447], [-0.6417037428699865, 0.7423333846933098, 0.1927626840351241]], "T": [1.6113417189017598e-05, 0.12958788458328824, -0.04280330052705654], "aligned_model": [[0.01037015076029768, 0.30021942167514437, -0.5453649415227241, -0.5578035332598328, 0.37864237928404, -0.5573788741984722, -0.13930559800741085, 0.3283287788893534, 0.6573998771894486, -0.05191104505420463, -0.10891579232294549, 0.58505990532452, -0.25461860405481684, 0.2650940935596372, 0.03970517919345258], [-0.36486814415264374, 0.23107429956232864, 0.018915822992495945, 0.5319471544718501, -0.3770231325140679, -0.0644589884276428, -0.07818839394852176, -0.6799261058690833, -0.1709772957544738, 0.7425204991657159, 0.7276992280106818, 0.6160501826347772, -0.5717833623104929, 0.14736648262864044, 0.13256195519763886], [-0.6014716927023648, -0.6921144228164489, -0.5361060407374423, -0.304096639645105, 0.375717110659116, -0.07618626765821206, 0.4859302687980959, -0.12177569061450468, -0.3984844036662284, -0.2535703290075456, 0.4426364651004618, -0.14530092629391161, 0.06688973761045024, 0.7046701426170483, -0.0995800788815023]], "inverted": false, "swapped": false, "error_lsq": 0.04373928796569919, "error_max": 0.3313870194979471, "target": "537.xyz", "model": "25.xyz", "model_rescale": 4.19342608120988, "target_rescale": 4.136702103293024},
{"mapping": [9, 10, 3, 0, 5, 1, 12, 8, 6, 11, 4, 14], "R": [[0.25256792285456153, 0.28210397922310354, 0.9255413492931706], [0.5335346104251555, -0.8385935167235719, 0.11000787784367869], [0.8071866350624306, 0.46602388202288825, -0.3623140592923592]], "T": [0.028988770426345532, 0.10142285273877823, -0.12230669529261362], "aligned_model": [[-0.14663582878330314, 0.44985619127487275, 0.006782926398001744, -0.6589363952640027, -0.3787383614362393, -0.4415708707139556, -0.07714316472297242, -0.27917690738813755, 0.46031029924455596, 0.3581556073801367, 0.3293474095327982, -0.02444235088997431], [-0.5766477496452974, -0.47191750879117605, -0.6043300082838597, 0.3700830225833358, -0.1510416818275851, -0.1071645513211852, 0.5011947927879031, 0.49012427691971955, 0.0046495394884283475, -0.07174111905869772, 0.5825604243090046, 0.04700699058039038], [0.19235957434205408, 0.11492334537408427, -0.41987338831933835, -0.010946434018651335, -0.5885860868764545, 0.4769467798005306, -0.7528345581260693, 0.4881977408902235, -0.42277920346140097, 0.6527012899593104, -0.23364601598936457, -0.04720458236550264]], "inverted": false, "swapped": true, "error_lsq": 0.04747228806719612, "error_max": 0.25042530787188827, "target": "537.xyz", "model": "26.xyz", "model_rescale": 3.795458400668931, "target_rescale": 4.136702103293024},
