[{"mapping": [9, 2, 7, 8, 11, 10, 4, 6, 3, 5, 1, 0, 13], "R": [[-0.5552606953530198, -0.6094889189037137, -0.5658699655659976], [0.1568718291637884, 0.5914300142722471, -0.7909499146170614], [0.8167476901778712, -0.5279524561468693, -0.2327861994139689]], "T": [0.07371954381541951, 0.048036221412597405, 0.19137575858065206], "aligned_model": [[-0.4118886557167339, 0.4222214818507991, -0.48272671695969466, -0.25696320803788025, -0.4114610504035388, -0.9069788974293396, -0.021340420443554775, 0.43062674602626233, 0.5736486549214097, 0.3117112115795351, 0.34792404977132685, 0.2502365143522444, -0.06786693428376889], [-0.4942454327434755, -0.5850363716851456, -0.20269139797229446, 0.2958551415252747, 0.5326440005475531, 0.1510771806989994, -0.3521494028033488, 0.1425797870591437, -0.016701727117426443, 0.7630077644949077, 0.1281952425503537, -0.5715590247096884, 0.025979425156878677], [0.27419155343356805, -0.07134792985224778, -0.2546037277440527, -0.47180885529667205, 0.061695643534029926, 0.3988415453770848, -0.6713056982602009, -0.478120355965593, 0.05324470600147732, 0.12372282738803839, 0.6928042516548741, 0.616059081394007, 0.11387331207861594]], "inverted": false, "swapped": false, "error_lsq": 0.04925260066408659, "error_max": 0.36267881466262175, "target": "539.xyz", "model": "0.xyz", "model_rescale": 3.8414455957264533, "target_rescale": 3.5789544216601166},
{"mapping": [1, 0, 4, 2, 6, 10, 7, 9, 13, 8, 12, 11, 14], "R": [[-0.06379453605991797, 0.7614008579811112, 0.6451348623617604], [0.9857389904788779, -0.052795127743679005, 0.15978522189555386], [0.15572058251426682, 0.6461280120472694, -0.7471744724154199]], "T": [-0.09576630542218566, -0.005057677026834335, -0.020305933551181817], "aligned_model": [[-0.3894411951357119, 0.1746351229513048, -0.38271190634479535, -0.5110250794798376, -0.3947747125111003, -0.4223861404060695, 0.1446286718024199, 0.35045069505124515, 0.6497012924882278, 0.32855772561646446, 0.12208846278838768, 0.24584910665083676, -0.13842926824430504], [-0.6821374238680039, -0.6525814223891019, -0.3522935750637127, 0.1880292778412075, 0.6961985608104688, 0.33834237899832054, -0.16860779198346507, 0.3295455921861179, -0.0655831450693889, 0.563302577288832, 0.11281223192297463, -0.44448472371866155, -0.045587351953854646], [0.4311538838611632, -0.20227690989841188, -0.3251119178655909, -0.598996097668694, -0.19019070381639477, 0.47343203878577644, -0.5933823830393595, -0.4132953999671917, 0.10403926669087554, 0.3278580156134507, 0.7014527022815694, 0.6250375277156475, 0.0475263310500902]], "inverted": false, "swapped": false, "error_lsq": 0.04595229574787118, "error_max": 0.25814110732896167, "target": "539.xyz", "model": "1.xyz", "model_rescale": 4.316132596720782, "target_rescale": 3.5789544216601166},
{"mapping": [5, 2, 3, 8, 9, 10, 7, 11, 6, 0, 1, 12], "R": [[-0.4261136513238104, -0.673285723581197, -0.6042462168497494], [0.8426177671477503, -0.5384809520257182, 0.005793340350451481], [-0.32927565145699744, -0.5066799766393186, 0.7967765976924459]], "T": [-0.053329223266812886, -0.05243882334067829, -0.10277048835468594], "aligned_model": [[-0.1844725526164405, 0.48768368064622036, 0.290437566121707, -0.3934895966255245, -0.7050374033514573, -0.5876029508461015, -0.15479939948362947, -0.17312273941950923, 0.4652301077208695, 0.21051769771175316, 0.39185577379963826, -0.04939162902574501], [-0.5863319300354051, -0.3298732969558284, -0.5964815899388262, 0.4359402376210073, -0.19065965362857043, -0.002538479163686193, 0.21896611708656766, 0.511632062782467, 0.14384689073610218, -0.07603062590041221, 0.5586256065478521, -0.07431891141028726], [0.36482530788669437, 0.012105014867459907, -0.6016608118811883, -0.07692561464338504, -0.4574260459771697, 0.29739103408028145, -0.7040465445574632, 0.6164308766839545, -0.525090982223859, 0.5892986936858549, 0.023796006573713085, -0.08943847328547189]], "inverted": false, "swapped": true, "error_lsq": 0.045498423988031424, "error_max": 0.25099615131608083, "target": "539.xyz", "model": "2.xyz", "model_rescale": 3.795458400668931, "target_rescale": 3.5789544216601166},
{"mapping": [10, 8, 11, 6, 5, 2, 1, 9, 7, 3, 0, 12], "R": [[0.21068380178300183, -0.834547176724601, 0.5090612394272996], [0.9752275264271236, 0.215342411705999, -0.05058574324331121], [-0.06740628579809871, 0.5071081300291307, 0.8592425368272125]], "T": [0.12957459115785805, 0.007631401761124424, 0.04911928828116319], "aligned_model": [[-0.11771563187152215, -0.14169411700782433, -0.7519386556296221, 0.24120712778867043, 0.13248488241144735, 0.12811536380502764, -0.42462637419208027, 0.5930637495162446, 0.43173874538540713, 0.7943914280068274, -0.42431083310762985, 0.13258814063861965], [-0.12243697138996529, -0.5050334931866596, -0.11539613003068419, -0.054737653017045196, 0.5348058862815621, 0.5441375551967349, -0.1279780950167947, -0.4071235242175031, -0.5205407169968843, 0.3388940629941551, 0.48975046436345504, 0.03142766030933895], [-0.5591548836740738, -0.08681870399770067, -0.1908300328615123, 0.7342723650591737, -0.44379535336289705, 0.3573728342012834, 0.5610566390530589, -0.37839125653372907, 0.32338334166618077, 0.3827857609714491, -0.050397895410100535, 0.039288615527967946]], "inverted": true, "swapped": true, "error_lsq": 0.05093372267020806, "error_max": 0.26953170152031997, "target": "539.xyz", "model": "3.xyz", "model_rescale": 3.7530521520055578, "target_rescale": 3.5789544216601166},
{"mapping": [10, 9, 4, 3, 5, 7, 0, 8, 1, 2, 12], "R": [[-0.8875913333906631, 0.16986931473883984, -0.42816590335983284], [0.42178493139111706, -0.07389349927804467, -0.9036798229549206], [-0.18514614913947158, -0.982692305187439, -0.006061087709475943]], "T": [-0.10313655917195284, 0.010560305210723667, 0.05627140987574644], "aligned_model": [[-0.47834201928061637, -0.27946865507040003, 0.40614158804797074, 0.6018365105470838, 0.2146853854222745, -0.30349576784722737, -0.038800896182615965, -0.69552235467647, -0.4020071458252432, 0.39763136658296694, -0.08445840927251813], [-0.5209972846739359, -0.023154790012670567, -0.20849264682884983, 0.3512621756618902, -0.6363181964107807, 0.5681111216911352, -0.4573780924336835, 0.03824699931839144, 0.33010624931075244, 0.033103438499932955, -0.0072856158078352315], [-0.10100254126867883, -0.6767902510896642, -0.5195716974613768, -0.1673016178459149, 0.018539903863883128, -0.25110947543366624, 0.6272583642502377, -0.0003294782831666371, 0.685695955607203, 0.4190172193176884, 0.05842439558877188]], "inverted": false, "swapped": true, "error_lsq": 0.05062867081630855, "error_max": 0.24365549531482353, "target": "539.xyz", "model": "4.xyz", "model_rescale": 3.7855080009869324, "target_rescale": 3.5789544216601166},
{"mapping": [6, 8, 7, 5, 0, 4, 10, 9, 14, 2, 12, 13, 16], "R": [[-0.9536488836222579, 0.24521968294566276, -0.17441649538403708], [0.07875179692062556, 0.7627827066540689, 0.6418416447312103], [0.2904340910564629, 0.5983559555361018, -0.746738367319294]], "T": [0.021067948609005415, -0.02455010225346533, 0.08506916113692084], "aligned_model": [[-0.40144076895528547, 0.13202288324429082, -0.5604231349207502, -0.4686958367652731, -0.4312274159406465, -0.701676762338864, 0.0650128405774238, 0.5154779342698019, 0.6620091866989642, 0.3257303102379836, 0.2913041401536615, 0.27923750238317996, 0.0698118965825801], [-0.4437363592824581, -0.6953926523101469, -0.33876994086058404, 0.2727570392685261, 0.6097857886484506, 0.07899468298800372, -0.24307423858769947, 0.22512849308701513, 0.14621274416948982, 0.6484761151389269, 0.10013081695444415, -0.541513923912395, -0.0020433802998403826], [0.353110825001261, -0.09650492698456262, -0.26778135207939224, -0.4866328090846128, 0.04607218636856972, 0.20304943114647192, -0.6086745396514507, -0.36229353775150674, 0.21822988406267738, 0.0865670556036863, 0.6970269474057643, 0.5220640438017368, 0.08301314590428788]], "inverted": true, "swapped": false, "error_lsq": 0.040661305233264874, "error_max": 0.29592072257507185, "target": "539.xyz", "model": "5.xyz", "model_rescale": 4.2253639853439635, "target_rescale": 3.5789544216601166},
{"mapping": [7, 11, 6, 2, 4, 3, 5, 8, 9, 1, 0, 12, 13], "R": [[-0.07319726733297884, -0.9743889873107248, 0.21262234469256772], [0.40344163592519605, 0.16604219879325421, 0.8998137777462087], [-0.9120729172916968, 0.15164461621660724, 0.38095525185450824]], "T": [0.03472928295412375, 0.05730783573943446, -0.0381742898798645], "aligned_model": [[-0.32846158710674817, 0.2097776817377758, -0.4082153922739674, -0.47210442843812866, -0.3643740634033713, -0.6246834086614874, -0.011418930878478867, 0.682557096814038, 0.5609077125790853, 0.2970878608043788, 0.04739928002719851, 0.21245086500050675, -0.0237799109737341], [-0.3514306139575444, -0.663202093736185, -0.4034967187218428, 0.1890666371935513, 0.6370398887258863, 0.03319695518356192, -0.12868151150840423, 0.09823598969381538, 0.09675303255097256, 0.737072459460295, 0.24713616754679985, -0.7313515048575385, 0.05661649742836501], [0.5366443664550261, -0.2743464483226118, -0.1101266727308438, -0.4576153695000685, 0.036247332468005794, 0.22183155673404814, -0.6415146345619255, -0.3910324560062305, 0.26870803957442563, 0.05010829574320862, 0.7408426065633389, 0.42848966655250276, -0.020989929225946016]], "inverted": true, "swapped": false, "error_lsq": 0.05156215652385114, "error_max": 0.2740931016025691, "target": "539.xyz", "model": "6.xyz", "model_rescale": 3.89814844738969, "target_rescale": 3.5789544216601166},
{"mapping": [2, 0, 4, 11, 11, 10, 7, 8, 6, 9, 5, 1, 12], "R": [[-0.8199381508137598, -0.43827782786879077, -0.36825802698478505], [-0.5407580475241325, 0.3819186220415922, 0.7494790858828146], [-0.18783546757202227, 0.8136649874097237, -0.5501519111895674]], "T": [0.03034409504521819, -0.11572457809258657, -0.06252051325662303], "aligned_model": [[-0.39170449486980413, 0.28659572286820145, -0.5697222851261323, -0.34341710205529086, -0.34341710205529086, -0.46016747697528715, -0.0026048458590813457, 0.3512014530318398, 0.6706562528402992, 0.15299607619228128, 0.25989298689740753, 0.2812469345759434, -0.11441334423801895], [-0.45298875497150953, -0.6492226178862055, -0.3060707465883122, 0.4922509143073111, 0.4922509143073111, 0.1707811517511289, -0.34183045212787433, 0.38501894327463565, -0.00295844434717088, 0.6533341724524961, 0.049515022014454124, -0.5793775882361882, -0.09374732894834364], [0.3953830871505918, -0.03558852033470336, -0.20102850548567355, -0.4446314099948686, -0.4446314099948686, 0.402470376474368, -0.6782032079671202, -0.38500036371139623, 0.12365142525102782, 0.37503063662799396, 0.6603762876982054, 0.5984411069105668, 0.020976851118806372]], "inverted": false, "swapped": false, "error_lsq": 0.05695298181011114, "error_max": 0.4724411152109699, "target": "539.xyz", "model": "7.xyz", "model_rescale": 3.7474275329858107, "target_rescale": 3.5789544216601166},
{"mapping": [5, 3, 8, 4, 13, 9, 2, 1, 0, 12, 10, 6, 14], "R": [[0.46246971606786813, -0.4056990210495452, 0.7883717816103936], [-0.42089286245056384, -0.8830538684139856, -0.20752123702711994], [0.7803659142083771, -0.2358477682712644, -0.5791414940609831]], "T": [-0.017258915794193367, 0.06760986213687072, 0.10854562008391098], "aligned_model": [[-0.30574909829431063, 0.1377620085825888, -0.49327457712155287, -0.485205991137085, -0.3318192543496281, -0.6981046677449569, 0.05291779099926053, 0.5564416358878356, 0.5929298353685534, 0.13816272334057403, 0.33563645262078023, 0.2991208276871486, -0.02167491061214031], [-0.5463867808025453, -0.6122689815974102, -0.28827688458841244, 0.19116865638192201, 0.8227182914043485, -0.03759689774334392, -0.13139936922842488, 0.17779905101343985, -0.17550937310210574, 0.6585067851153833, 0.19822070631408378, -0.531651368259844, 0.09163135009464157], [0.33833465611927954, -0.0583909182548165, -0.22606464504986395, -0.506258905670632, -0.26424773037940025, 0.4336933400736176, -0.7063531782370007, -0.36424168907773713, 0.16123302880956542, 0.19414678422636555, 0.7670811362277542, 0.5643174205014448, 0.053997054454353585]], "inverted": true, "swapped": false, "error_lsq": 0.04763764933709006, "error_max": 0.31035137910337224, "target": "539.xyz", "model": "8.xyz", "model_rescale": 4.019505241142653, "target_rescale": 3.5789544216601166},
{"mapping": [0, 4, 2, 6, 10, 1, 5, 11, 8, 9, 9, 7, 12], "R": [[0.4838517220669839, -0.3409044913358079, 0.8060221081582618], [-0.21883475849368839, 0.8446216101834068, 0.4885956243011177], [-0.8473481336073289, -0.4127934875918756, 0.3340698685513448]], "T": [-0.10378993531139441, -0.04349543033214117, -0.047055258005222436], "aligned_model": [[-0.2509771192984271, 0.2611567736349838, -0.5995030724953179, -0.3625365379359337, -0.5048723747269019, -0.5209274340591242, 0.13669983176686695, 0.36348623733779867, 0.5390998113655312, 0.24794648581629758, 0.24794648581629758, 0.2971082933514025, -0.07748460534640608], [-0.5711592100981275, -0.7873944874796984, -0.2891132319439079, 0.3463589177500723, 0.7766925140362321, 0.16226731045736123, -0.2609474911825727, 0.28784829928331773, -0.05706471206631027, 0.3804254804332835, 0.3804254804332835, -0.5038658346378085, -0.047517849983392195], [0.3030203716294754, -0.015074581850643871, -0.25660845738746474, -0.6030459241845645, 0.02080025704754676, 0.44280523622944895, -0.6347660646988729, -0.29018862739706197, 0.15945280381561588, 0.3578059687114622, 0.3578059687114622, 0.6214682577892218, -0.07622885467269522]], "inverted": false, "swapped": false, "error_lsq": 0.05249478801524801, "error_max": 0.3996955360098507, "target": "539.xyz", "model": "9.xyz", "model_rescale": 3.877068213659057, "target_rescale": 3.5789544216601166},
{"mapping": [10, 13, 6, 5, 0, 11, 3, 4, 2, 7, 9, 14, 15], "R": [[0.7787133932576351, 0.4586980971610696, -0.42802045140623135], [0.4057876431629046, 0.1520649751693392, 0.9012284016735401], [0.4784786722702228, -0.8754840369690144, -0.0677189869605453]], "T": [-0.043830455087996406, 0.014220997893263367, 0.006493126881961932], "aligned_model": [[-0.39293939838013126, 0.3864792861986581, -0.32683719471759065, -0.32992467611274745, -0.6109787895125528, -0.61747017555214, -0.0520927425165164, 0.44635703113287606, 0.5750945768741228, 0.4954279911009032, 0.13590941368176682, 0.17932428026280192, -0.11120682723238334], [-0.39166413963718, -0.6180026043102743, -0.5013617360717538, 0.40673012041153833, 0.5728869916341414, 0.18027628085551742, -0.13999316400974776, 0.1937175183414604, -0.017444642620566136, 0.626940179099446, -0.01260712609064747, -0.5564395152009913, 0.07391702260078972], [0.47188648771258257, -0.1064906743209838, -0.17894205016444784, -0.6059463621116077, 0.005439641827926462, 0.44010400124957877, -0.6090644005703677, -0.42430602265807943, 0.24373656719389908, 0.014373647979406618, 0.6410158886784048, 0.49030103248510803, 0.0051385964415099706]], "inverted": true, "swapped": false, "error_lsq": 0.04624546326684886, "error_max": 0.2936224222141141, "target": "539.xyz", "model": "10.xyz", "model_rescale": 4.260839863003843, "target_rescale": 3.5789544216601166},
{"mapping": [10, 0, 2, 5, 3, 4, 9, 8, 1, 6, 7, 12], "R": [[-0.8485582419513605, 0.25096279455685, -0.46579672150481344], [-0.4234104556251328, -0.8500134606925492, 0.31336991353477683], [-0.317289293994824, 0.46313582499056616, 0.8275461990285339]], "T": [0.051414084747724485, -0.002974001083066254, -0.02919131324352022], "aligned_model": [[0.4348428335092247, 0.057695361085739715, -0.4165279402644141, -0.2393950487514214, -0.6847396073546086, -0.49561711669805575, 0.1648586233041098, 0.6348432726748046, 0.3892140523496047, -0.11945605893005498, 0.19937509298577513, 0.03380518518342603], [-0.03515587912477772, -0.7165442274715486, -0.3734296222731063, -0.25755983272850164, 0.26824790953688654, 0.3851554920600985, 0.6691252426996813, 0.11728988085144139, -0.42032785001526507, 0.030928919232228486, 0.5192218801684455, -0.013873407402648509], [-0.5769270394078992, -0.2289651883313448, 0.13406959618464107, -0.6387012418505447, 0.18890524584534177, -0.4639971003461066, -0.3532623820627159, -0.023016715013706855, 0.5179059755417186, 0.645671966866278, 0.3592784227175846, -0.04478346274774146]], "inverted": true, "swapped": true, "error_lsq": 0.0412672960981621, "error_max": 0.19154235427190722, "target": "539.xyz", "model": "11.xyz", "model_rescale": 3.890672605050136, "target_rescale": 3.5789544216601166},
{"mapping": [3, 4, 0, 1, 6, 8, 2, 11, 12, 9, 5, 7, 13], "R": [[-0.18312764407670887, 0.6283142574838314, 0.7560988426240685], [-0.9445762632404688, 0.10070704305364894, -0.3124640369739582], [-0.27247008807864925, -0.7714138223560245, 0.5750484899384409]], "T": [-0.013732160683984838, 0.08783962952260894, -0.031987888139196605], "aligned_model": [[-0.457251339773613, 0.10206596966533989, -0.4984486833221917, -0.5408814543199535, -0.3276446924629342, -0.532923727207215, 0.260820242772753, 0.25932630087872655, 0.618272799478114, 0.4187320815267792, 0.2481729447582026, 0.17095856240559396, 0.055943770827465364], [-0.6666177576229142, -0.5661946917452938, -0.2175164820998169, 0.10975541660189432, 0.5679581980020773, 0.07305200282036248, -0.1825746613208934, 0.32034241489441073, -0.14089412126608974, 0.6936089253239396, 0.2620664685431357, -0.38969316388970754, -0.04633736323937203], [0.2632204192697376, -0.25534174066109994, -0.1751733536151765, -0.6037672257214786, -0.08679141480412471, 0.46742425547147093, -0.629533888653318, -0.4492931663931521, 0.28954398948059723, 0.19569315080526845, 0.6793649822024446, 0.6497862227632927, 0.042114123598468486]], "inverted": false, "swapped": false, "error_lsq": 0.050144648203499724, "error_max": 0.23919375665248152, "target": "539.xyz", "model": "12.xyz", "model_rescale": 4.124412569039231, "target_rescale": 3.5789544216601166},
{"mapping": [7, 10, 9, 8, 6, 3, 11, 2, 4, 1, 0, 5, 12], "R": [[0.7423477839181714, -0.0127757207425101, 0.6698929382157194], [-0.5303024497587043, 0.5998821976591246, 0.5990998754060762], [-0.40951078067823465, -0.7999863310652054, 0.4385462240370274]], "T": [-0.09140737553623596, -0.01825830679033151, 0.15740940444566232], "aligned_model": [[-0.28045106975714923, 0.23541611020490616, -0.6511221637817963, -0.1761115590263574, -0.4721885372438122, -0.6106476106848227, 0.04393698573370691, 0.5158165028937307, 0.6876162539202382, 0.20093146763010877, 0.08086873596811825, 0.21336020236242376, -0.010282542992227736], [-0.6122785472596884, -0.5451988851945273, -0.1591498416952834, 0.2512014532606907, 0.5037566639634081, 0.217481483952444, -0.265470149574242, 0.13243169823873646, -0.026127387917152675, 0.7279091571526565, 0.17130141521077769, -0.5079956794706116, -0.07090619566547544], [0.22434302906050968, -0.24275269807851746, -0.11738179485254396, -0.5022213709969028, -0.01613854852895727, 0.5858597574964208, -0.7971172164488568, -0.4350154409969722, 0.26388249052946333, 0.01375560032691997, 0.6781352887589226, 0.6483471890316659, 0.08355006844177863]], "inverted": false, "swapped": false, "error_lsq": 0.04671832282392688, "error_max": 0.29192213964823144, "target": "539.xyz", "model": "13.xyz", "model_rescale": 3.9028299243045295, "target_rescale": 3.5789544216601166},
{"mapping": [8, 2, 12, 11, 14, 5, 1, 6, 3, 7, 4, 0, 15], "R": [[0.8743731119258258, 0.4110034065479154, 0.2579687208697136], [0.3610218827141724, -0.19575802753584506, -0.9117795758059015], [-0.32424506371363865, 0.8903678983775665, -0.3195467793548452]], "T": [-0.04770702238368826, 0.012020622969495581, 0.04862787965188971], "aligned_model": [[-0.35208903910160416, 0.18109262926676625, -0.6632365400769858, -0.3437557624202623, -0.5565943717515469, -0.3878248551160707, 0.02836198833307231, 0.465080387186523, 0.5505286134658816, 0.4118152516617789, 0.14052049445310524, 0.3075423733051724, -0.004298393978762624], [-0.6423335439268848, -0.6632483895998581, -0.21057750581396928, 0.2301159862896473, 0.6869431916023194, -0.06545883552194152, -0.1514235850468434, 0.12600037446832138, -0.03938112144507538, 0.7792499149801445, 0.152539609897826, -0.4969145652575989, 0.11144365437564546], [0.32372671956529603, -0.13525319502417665, -0.18762151160921486, -0.5921889774601359, -0.21321910770213515, 0.4233526146567375, -0.5756302818624721, -0.3618181595344755, 0.21644155581968905, 0.19294159685885282, 0.6843857660369499, 0.5981724640958455, 0.013956869902169586]], "inverted": true, "swapped": false, "error_lsq": 0.04148200787630658, "error_max": 0.2608326796697232, "target": "539.xyz", "model": "14.xyz", "model_rescale": 3.942246331269136, "target_rescale": 3.5789544216601166},
{"mapping": [6, 10, 11, 13, 12, 8, 4, 3, 5, 1, 0, 9, 14], "R": [[0.5199220665674952, -0.2344154484463902, -0.8214197722394215], [-0.6344736860022242, -0.7498309002013069, -0.18760800322493965], [-0.5719477130533318, 0.6187107713891651, -0.5385840648404742]], "T": [0.006906381387182563, -0.07247435298132833, 0.06870797724207932], "aligned_model": [[-0.28527422678433445, 0.16759770459224238, -0.5769460794836876, -0.4962088982344818, -0.1424071345196319, -0.6597128739210287, 0.04468889242265915, 0.4565274285097996, 0.6012154510092814, 0.39091468322192024, -0.08895820215977808, 0.3512322266517081, 0.014473803922398314], [-0.47819989071527635, -0.6951192529078516, -0.4035945027654153, 0.23173495865557087, 0.6822988427251235, 0.005631529283651834, -0.193946122429707, 0.2912047971757662, 0.07698743584267363, 0.6401456705529678, 0.3398474726855201, -0.684771400107952, 0.004735647006661167], [0.31932056586731594, -0.24031005343778045, -0.18345620538214436, -0.4927735955899547, -0.2071527759892644, 0.4538821792542678, -0.5035516386749787, -0.3580546268202044, 0.2337457354538262, 0.10547429281216376, 0.6699717933564223, 0.4620199965031857, 0.12813068639007497]], "inverted": false, "swapped": false, "error_lsq": 0.05221862543383459, "error_max": 0.35179051968143815, "target": "539.xyz", "model": "15.xyz", "model_rescale": 4.355366556412066, "target_rescale": 3.5789544216601166},
{"mapping": [5, 2, 3, 8, 9, 10, 7, 11, 6, 0, 1, 12], "R": [[-0.4261136513238104, -0.673285723581197, -0.6042462168497494], [0.8426177671477503, -0.5384809520257182, 0.005793340350451481], [-0.32927565145699744, -0.5066799766393186, 0.7967765976924459]], "T": [-0.053329223266812886, -0.05243882334067829, -0.10277048835468594], "aligned_model": [[-0.1844725526164405, 0.48768368064622036, 0.290437566121707, -0.3934895966255245, -0.7050374033514573, -0.5876029508461015, -0.15479939948362947, -0.17312273941950923, 0.4652301077208695, 0.21051769771175316, 0.39185577379963826, -0.04939162902574501], [-0.5863319300354051, -0.3298732969558284, -0.5964815899388262, 0.4359402376210073, -0.19065965362857043, -0.002538479163686193, 0.21896611708656766, 0.511632062782467, 0.14384689073610218, -0.07603062590041221, 0.5586256065478521, -0.07431891141028726], [0.36482530788669437, 0.012105014867459907, -0.6016608118811883, -0.07692561464338504, -0.4574260459771697, 0.29739103408028145, -0.7040465445574632, 0.6164308766839545, -0.525090982223859, 0.5892986936858549, 0.023796006573713085, -0.08943847328547189]], "inverted": false, "swapped": true, "error_lsq": 0.045498423988031424, "error_max": 0.25099615131608083, "target": "539.xyz", "model": "16.xyz", "model_rescale": 3.795458400668931, "target_rescale": 3.5789544216601166},
{"mapping": [2, 0, 4, 11, 11, 10, 7, 8, 6, 9, 5, 1, 12], "R": [[-0.8199381508137598, -0.43827782786879077, -0.36825802698478505], [-0.5407580475241325, 0.3819186220415922, 0.7494790858828146], [-0.18783546757202227, 0.8136649874097237, -0.5501519111895674]], "T": [0.03034409504521819, -0.11572457809258657, -0.06252051325662303], "aligned_model": [[-0.39170449486980413, 0.28659572286820145, -0.5697222851261323, -0.34341710205529086, -0.34341710205529086, -0.46016747697528715, -0.0026048458590813457, 0.3512014530318398, 0.6706562528402992, 0.15299607619228128, 0.25989298689740753, 0.2812469345759434, -0.11441334423801895], [-0.45298875497150953, -0.6492226178862055, -0.3060707465883122, 0.4922509143073111, 0.4922509143073111, 0.1707811517511289, -0.34183045212787433, 0.38501894327463565, -0.00295844434717088, 0.6533341724524961, 0.049515022014454124, -0.5793775882361882, -0.09374732894834364], [0.3953830871505918, -0.03558852033470336, -0.20102850548567355, -0.4446314099948686, -0.4446314099948686, 0.402470376474368, -0.6782032079671202, -0.38500036371139623, 0.12365142525102782, 0.37503063662799396, 0.6603762876982054, 0.5984411069105668, 0.020976851118806372]], "inverted": false, "swapped": false, "error_lsq": 0.05695298181011114, "error_max": 0.4724411152109699, "target": "539.xyz", "model": "17.xyz", "model_rescale": 3.7474275329858107, "target_rescale": 3.5789544216601166},
{"mapping": [0, 8, 1, 11, 7, 2, 3, 10, 5, 12, 6, 4, 13], "R": [[0.5644076751309006, 0.53069230754069, -0.6323050300056686], [0.09325828000576042, -0.802057421926477, -0.5899209990693843], [-0.820211478500331, 0.27398826005833, -0.5021788166445394]], "T": [-0.02781815408688149, 0.03929775061660663, 0.02019023703016623], "aligned_model": [[-0.3557840465324451, 0.3287765965129068, -0.646943717789756, -0.18096898618758375, -0.39864076017613004, -0.5907645958861205, -0.10215211541584845, 0.47108504409995827, 0.684400908380082, 0.33668175022144864, -0.08873139240191891, 0.4110423819747148, -0.09085829157224037], [-0.6652771485090984, -0.5712621131470005, -0.11330119654273531, 0.3567988549931251, 0.6942471606610738, 0.01089624209187079, -0.3188298538817957, 0.05728595642846342, 0.11962158849356895, 0.6922723261585954, -0.048666186975279344, -0.3903479001402466, -0.00648254462880913], [0.32866223850721543, -0.10985317043188178, -0.24798044463569888, -0.6102655767685551, -0.01065043630683471, 0.4516034748761759, -0.5514812266608368, -0.4564767261150362, 0.11771984688116804, 0.021163257316460266, 0.7840951620971788, 0.5787883633195892, 0.09192159166398552]], "inverted": true, "swapped": false, "error_lsq": 0.0547542702489005, "error_max": 0.321775649989976, "target": "539.xyz", "model": "18.xyz", "model_rescale": 3.922800546911778, "target_rescale": 3.5789544216601166},
{"mapping": [5, 1, 8, 4, 13, 12, 6, 10, 2, 9, 3, 0, 14], "R": [[-0.6086967489900428, -0.16856947714396797, 0.775288719861422], [-0.7655504565876032, -0.1318540614418524, -0.6297197828397967], [0.20837650104430055, -0.9768310180664299, -0.04878930165350931]], "T": [-0.08295730651002912, 0.019649519884620194, 0.013435989284644123], "aligned_model": [[-0.38296532729333016, 0.24811793538864785, -0.554885777657435, -0.19357657753002466, -0.6031745846656013, -0.6105644799236933, 0.004570780781103928, 0.4494753239249178, 0.6303967135530194, 0.5430710009372133, 0.06323365777399002, 0.2578409170187009, -0.07439680708044141], [-0.5464779991702855, -0.6213753976318147, -0.27532724534669345, 0.31769690579476895, 0.4503511217625371, 0.11350811168863578, -0.2376502929721895, 0.3430072628416177, 0.012917977349896949, 0.49630555400304055, 0.0997821408860296, -0.4322243913112171, 0.09644143710740627], [0.4281992227325221, -0.1522723788221785, -0.24085298042454628, -0.6367934100224748, -0.11179923127407004, 0.589140149312626, -0.6205225362926354, -0.4989661100291524, 0.07831812228578214, 0.22231578564662868, 0.6309764402660016, 0.6283418153239788, 0.07116146504044822]], "inverted": true, "swapped": false, "error_lsq": 0.04937841889126087, "error_max": 0.3484712741797044, "target": "539.xyz", "model": "19.xyz", "model_rescale": 3.9282355846067225, "target_rescale": 3.5789544216601166},
{"mapping": [12, 2, 7, 6, 8, 9, 5, 3, 0, 4, 11, 10, 13], "R": [[0.5865713416611105, 0.779463550923071, 0.21993324879217893], [0.7782339913531748, -0.6176476095308869, 0.11341642360473189], [0.2242452136487906, 0.10463270627857577, -0.96889941734549]], "T": [-0.06818433382146623, 0.009337033707473517, -0.0333260179996496], "aligned_model": [[-0.6005571495382133, 0.17294219759766838, -0.49987786243598636, -0.2737190780329408, -0.4747420604830134, -0.4704939181801737, 0.12383991480011393, 0.5004094046977523, 0.6684530127634893, 0.1738036073148846, 0.19027039539977142, 0.19376240670053851, 0.07305190462317622], [-0.4433478644409685, -0.7580622111025136, -0.3969920477125956, 0.2442352885326052, 0.6332615281115033, 0.10592323650541179, -0.19776702709647656, 0.30264531011162543, 0.16073665568710757, 0.5837056744640357, 0.2275547656012858, -0.5832272802142068, -0.0617108434450806], [0.45087426426144417, -0.21129400745482205, -0.22472913010676784, -0.6072792677152475, 0.12175660289210785, 0.5209689657409435, -0.6720158865496553, -0.42959169232827643, 0.2398782321091997, 0.07112658273322595, 0.5982951863279534, 0.5345523034635765, -0.005295799630752392]], "inverted": true, "swapped": false, "error_lsq": 0.042875077807576455, "error_max": 0.2578364536655206, "target": "539.xyz", "model": "20.xyz", "model_rescale": 4.067790424073018, "target_rescale": 3.5789544216601166},
{"mapping": [3, 6, 11, 10, 9, 12, 13, 5, 8, 7, 0, 2, 14], "R": [[-0.7915287898099795, 0.3732776800941186, -0.4838862970218335], [0.5144806328003229, 0.8343413789742191, -0.1979498466904629], [0.32983610077632275, -0.40563313088917097, -0.8524493590529119]], "T": [0.08864661617382548, -0.04230574669202547, 0.008535849162041493], "aligned_model": [[-0.39470846425843137, 0.18961262727054856, -0.4481273865632835, -0.42455488698796057, -0.3224752655058181, -0.6277784184222899, -0.04046952944395797, 0.5345657581580193, 0.5738090640854097, 0.2299938630298019, 0.15403423513868586, 0.3234850277555762, 0.029756150970766684], [-0.5553969899349667, -0.766490549284356, -0.3335513836520927, 0.31623919445760873, 0.6153289072872953, 0.11325744832821905, -0.05010133396567794, -0.016745555566759215, 0.2447021561157583, 0.6377050813630014, 0.11103079405013139, -0.49219688295217956, -0.006825701244249548], [0.4848238491983214, -0.10512654124435049, -0.20378914445965826, -0.5200060733778428, -0.04191570937263889, 0.2311321857373216, -0.679498855512849, -0.37742906673007187, 0.09462742591244445, 0.28106141996767886, 0.6989490544820831, 0.552751631273549, -0.028333822131056906]], "inverted": false, "swapped": false, "error_lsq": 0.048636724907329856, "error_max": 0.32223495376980127, "target": "539.xyz", "model": "21.xyz", "model_rescale": 4.186013935880536, "target_rescale": 3.5789544216601166},
{"mapping": [8, 5, 11, 4, 10, 9, 3, 6, 0, 7, 1, 2, 12], "R": [[0.00518079254912357, -0.7003842925336148, -0.71374715562358], [-0.9604381887347733, -0.20222978318556079, 0.19147219226976278], [-0.27844504845378537, 0.6845180476546321, -0.6737235318932092]], "T": [-0.0374342992389336, -0.01875138000776768, 0.061703941041671345], "aligned_model": [[-0.49833085774506436, 0.310581745634423, -0.5214299588182838, -0.24544101315153044, -0.5481853589984911, -0.46960972350035995, 0.1867866448557362, 0.33105381974903314, 0.6684856862713087, 0.1213384059995605, 0.31609315496904533, 0.16621379815804388, -0.04041356819635366], [-0.5140362021389021, -0.6843358621325482, -0.2844227532741031, 0.3738813595023278, 0.6401582586989905, 0.13317485862389758, -0.3282710129267138, 0.16084570300438927, -0.04840540584895784, 0.6972606121707539, 0.2803122978944581, -0.5849387167435556, -0.024267951828303647], [0.42216952612206615, -0.12382477851476184, -0.2451069154269165, -0.5129167056466863, 0.026054598667880374, 0.48074281861512824, -0.778689550010945, -0.31487837792116724, 0.21199051334605493, 0.08272286129577179, 0.6280099463189992, 0.49489968780243765, 0.016072729095068267]], "inverted": false, "swapped": false, "error_lsq": 0.04209479333171137, "error_max": 0.23344553203812954, "target": "539.xyz", "model": "22.xyz", "model_rescale": 4.166573947596378, "target_rescale": 3.5789544216601166},
{"mapping": [8, 0, 7, 13, 14, 9, 5, 6, 2, 12, 3, 4, 15], "R": [[0.25148205846919736, 0.17887438999330313, -0.9511891120448233], [0.8684231171580524, 0.3921961924413906, 0.3033536487665309], [0.42731494691104277, -0.9023226137247142, -0.05670834953878705]], "T": [-0.020699198724044996, 0.06119140733132726, 0.11594243576356655], "aligned_model": [[-0.4175293459903028, 0.07630057457311007, -0.3819577390972455, -0.4059871239615249, -0.495834637893657, -0.4108250498782957, 0.03340568034010313, 0.5816245251014411, 0.6329085952077024, 0.13107855193783172, 0.16971757220719078, 0.24542354214087156, 0.018817630539842086], [-0.5182729550503701, -0.7110687034609586, -0.3789758339339032, 0.2290773563996295, 0.6495649900042642, 0.24436749213559483, -0.1597815538675646, 0.2904707990094809, 0.0020496334608773453, 0.6944972118553815, -0.010279251017610833, -0.5453844589198819, 0.03069045838679345], [0.5169736404988083, -0.13096063853361958, -0.31664826498553295, -0.6190274014864922, -0.11652391637789639, 0.5339107461640624, -0.683623442499002, -0.2887113968335799, 0.26463117603741104, 0.04335712327282555, 0.681680935743332, 0.43390142469253795, 0.06828636805007574]], "inverted": false, "swapped": false, "error_lsq": 0.04305970994404992, "error_max": 0.2232812035839264, "target": "539.xyz", "model": "23.xyz", "model_rescale": 4.274766983524099, "target_rescale": 3.5789544216601166},
{"mapping": [1, 7, 3, 2, 4, 5, 0, 10, 8, 9, 12], "R": [[0.9616382303165174, -0.25969743800864753, 0.08836942166531014], [0.269727860793085, 0.8364315756531913, -0.47710491546651057], [0.049987949604908516, 0.48263802164983294, 0.8743922145995082]], "T": [0.007842721428014371, 0.0655743586527722, -0.021881681036882768], "aligned_model": [[0.44588594357184386, 0.3640446050454166, -0.5512650830078493, -0.4250514573882247, -0.5882660081933788, -0.5155008541989007, -0.1700010396196357, 0.1634402142240243, 0.5672287849224369, 0.10500090439518804, -0.015621305792845628], [-0.35898698170294485, 0.580617980663349, 0.4998575171460975, -0.18520158014075758, 0.5146268717665917, -0.18015763205720517, -0.6497993557300604, -0.0946857002638612, 0.0647771651198193, 0.6674586464030701, 0.05707960003938488], [-0.48607377547163255, -0.25283626455103303, -0.42418292830142373, -0.38599057829195876, 0.2643873082651639, 0.4101062140058015, 0.053904656878905714, 0.6091284917175298, 0.18300302004446672, 0.42298313675506416, -0.014862847029306459]], "inverted": false, "swapped": true, "error_lsq": 0.05254162045523827, "error_max": 0.2575131652574302, "target": "539.xyz", "model": "24.xyz", "model_rescale": 3.7841303162186577, "target_rescale": 3.5789544216601166},
{"mapping": [4, 8, 6, 11, 13, 3, 7, 10, 9, 14, 12, 2, 15], "R": [[0.7377888700190995, -0.48646167457372114, 0.4679985282528901], [-0.06430466543489913, -0.7407953042692778, -0.6686458159413651], [0.6719616754542225, 0.4632249522030512, -0.5778322856826495]], "T": [0.046637151400819435, -0.1352063424835553, -0.04678014875014534], "aligned_model": [[-0.3956393860093732, 0.3856969094346791, -0.6327890989713201, -0.4004453353627077, -0.2502497600041456, -0.6682137601450127, -0.05141879505945275, 0.5042152463032038, 0.5248657126327602, 0.42701070091845356, 0.08574759426512425, 0.2703274002077611, -0.021964652982902483], [-0.6099485853738306, -0.6111919497390621, -0.3050459862808111, 0.34882071457952474, 0.5656018354842027, 0.03929023185997316, -0.15102135844584963, 0.24761884188783856, 0.047612652079240814, 0.5385810812715512, 0.2776791588149266, -0.4292492593552844, -0.14179219178068747], [0.3216158476047504, 0.04229266307529313, -0.2244340762133591, -0.44081393819323395, 0.13412329732253825, 0.28115430725839524, -0.6893845968627863, -0.5461019593630119, 0.2360897276510011, 0.1282210876094131, 0.5881748437529415, 0.6107108881115563, -0.054401738010568176]], "inverted": true, "swapped": false, "error_lsq": 0.050227771594064545, "error_max": 0.2617302150546344, "target": "539.xyz", "model": "25.xyz", "model_rescale": 4.19342608120988, "target_rescale": 3.5789544216601166},
{"mapping": [5, 2, 3, 8, 9, 10, 7, 11, 6, 0, 1, 12], "R": [[-0.4261136513238104, -0.673285723581197, -0.6042462168497494], [0.8426177671477503, -0.5384809520257182, 0.005793340350451481], [-0.32927565145699744, -0.5066799766393186, 0.7967765976924459]], "T": [-0.053329223266812886, -0.05243882334067829, -0.10277048835468594], "aligned_model": [[-0.1844725526164405, 0.48768368064622036, 0.290437566121707, -0.3934895966255245, -0.7050374033514573, -0.5876029508461015, -0.15479939948362947, -0.17312273941950923, 0.4652301077208695, 0.21051769771175316, 0.39185577379963826, -0.04939162902574501], [-0.5863319300354051, -0.3298732969558284, -0.5964815899388262, 0.4359402376210073, -0.19065965362857043, -0.002538479163686193, 0.21896611708656766, 0.511632062782467, 0.14384689073610218, -0.07603062590041221, 0.5586256065478521, -0.07431891141028726], [0.36482530788669437, 0.012105014867459907, -0.6016608118811883, -0.07692561464338504, -0.4574260459771697, 0.29739103408028145, -0.7040465445574632, 0.6164308766839545, -0.525090982223859, 0.5892986936858549, 0.023796006573713085, -0.08943847328547189]], "inverted": false, "swapped": true, "error_lsq": 0.045498423988031424, "error_max": 0.25099615131608083, "target": "539.xyz", "model": "26.xyz", "model_rescale": 3.795458400668931, "target_rescale": 3.5789544216601166},
{"mapping": [0, 6, 7, 10, 4, 3, 5, 8, 1, 11, 9, 2, 12], "R": [[-0.5527618771149736, 0.03601602825859536, -0.8325606001468043], [-0.028898082767401342, -0.9992931804361224, -0.024042469636620857], [-0.8328380442923459, 0.010769644485101378, 0.553411968371633]], "T": [0.08104806796515762, 0.05761912713337751, 0.08223140498691064], "aligned_model": [[-0.24816367574645432, 0.38719588818604866, -0.5661693977348359, -0.3952479373170458, -0.40720677934593186, -0.5790749315836575, 0.0070069082732646115, 0.6406532808411439, 0.5376994368109119, 0.23429482929135462, 0.10411502354318586, 0.08748402577971165, -0.025443895770628666], [-0.6428308836681973, -0.5615645407479283, -0.27123241640455764, 0.3519807412826913, 0.732629127289081, -0.05518934916629649, -0.15118847210302377, 0.07671886423342664, -0.28755168145866256, 0.7272300428340516, 0.2111431465160486, -0.2790029055494373, -0.03418648805546329], [0.385979001295668, -0.3695119483442879, -0.2826991542089604, -0.35842694790891005, 0.15174317667780404, 0.3930182000562602, -0.6373363548890059, -0.38384682435973383, 0.23282958153113426, -0.11704539609859119, 0.4825719864277118, 0.8955450587876455, -0.00557402522380436]], "inverted": true, "swapped": false, "error_lsq": 0.06235589484060321, "error_max": 0.44375756280633893, "target": "539.xyz", "model": "27.xyz", "model_rescale": 3.6321398670334006, "target_rescale": 3.5789544216601166},
{"mapping": [11, 0, 1, 4, 6, 13, 3, 7, 8, 12, 9, 10, 14], "R": [[0.01820323350882236, 0.8736374169403189, 0.48623688261141906], [0.9983784665756927, -0.04211681127533795, 0.03829636648516649], [0.05393588571435445, 0.48475131555246476, -0.8729874468183166]], "T": [0.0005482885933350834, -0.09672368750240763, 0.020240426241973433], "aligned_model": [[-0.2839006825317293, 0.1642253658100727, -0.49877410293317126, -0.3790804038505713, -0.35274023127711485, -0.7055204317633231, 0.21614424786330566, 0.3911310794981573, 0.512524482519152, 0.4079481305720327, -0.040018511458844885, 0.4086844407613802, -0.06348060798227885], [-0.45776858680122895, -0.6988498882480881, -0.19140921045135095, 0.3957480238549152, 0.5820814977135493, 0.057244227603768585, -0.35337910499798963, 0.31135755905319473, -0.027005523360247405, 0.6151418022269551, 0.13037046707026323, -0.44924390570127765, -0.09733217296073103], [0.46886187015087694, 0.012144316731537014, -0.41447671996972174, -0.5273186315272785, 0.15558509511534746, 0.4000274391397533, -0.5790979247575957, -0.5106099892824776, 0.013214030548282726, 0.1240798414370538, 0.6474204170840597, 0.5804421845854205, 0.016974424487671624]], "inverted": false, "swapped": false, "error_lsq": 0.048887907407441096, "error_max": 0.2195553517173932, "target": "539.xyz", "model": "28.xyz", "model_rescale": 4.156811204709835, "target_rescale": 3.5789544216601166},
