[{"mapping": [0, 4, 2, 6, 9, 3, 1, 11, 8, 7, 13], "R": [[-0.8560224981708207, 0.4662728528678541, -0.2231929866816164], [0.01390828098307173, -0.4108288714615578, -0.9116063833111959], [-0.5167514318756008, -0.7834598043627353, 0.34519370301675706]], "T": [0.10052547841144721, -0.1377302577113994, 0.11442720756398846], "aligned_model": [[0.6209344249770361, -0.5127264950706478, -0.043479469693474326, -0.6409388903698688, 0.5011094645815755, -0.1609790171495183, 0.43595422586409976, -0.015431024740760385, -0.4657857416011115, -0.04153249156676589, 0.08324488185166068], [-0.1611269602751504, 0.5065429850498522, 0.017670889462734846, -0.15896543993399126, 0.45456288592663324, -0.4250063362002977, -0.6050791673926572, 0.054682312239483, 0.2861987566396599, 0.6011961339976901, 0.014396263082899124], [-0.45481751768541095, -0.2351986385819989, -0.6247421260720639, -0.07084540522956832, -0.04514871100662142, -0.23527003195496704, 0.06841997525149186, 0.7751793041515738, 0.4463231618959549, 0.18655073546524475, 0.17009375864234227]], "inverted": true, "swapped": false, "error_lsq": 0.05052121235029936, "error_max": 0.24575102272573207, "target": "54.xyz", "model": "0.xyz", "model_rescale": 3.8414455957264533, "target_rescale": 3.8449162831961},
{"mapping": [0, 6, 7, 5, 13, 3, 1, 12, 10, 8, 14], "R": [[-0.6772285891382699, 0.6767621683957752, 0.28871163032000813], [0.6489435914587818, 0.36448035399645207, 0.6678519945730482], [0.34674724679277025, 0.6396460263136711, -0.6860169880278215]], "T": [-0.01449500027241149, 0.09731607614552966, -0.1306979539664328], "aligned_model": [[0.5912917610667214, -0.7177480358178978, 0.2054854616759755, -0.6186446771657175, 0.5949027733509235, -0.24374501257387188, 0.2641603513926558, 0.15408683545994778, -0.4260941202856303, -0.0315673405904812, -0.011758129430399979], [-0.16362607590620953, 0.43540822073357294, 0.231820269530934, -0.16110577588548886, 0.5303103328516907, -0.6489752099059155, -0.664239660711355, 0.2110814966838942, 0.04897021283800827, 0.7370580816401853, 0.028370430727539753], [-0.43144529406442667, -0.16469859436568451, -0.7193168633278614, -0.08025888889712574, -0.0042174107918731, -0.06848356444506687, 0.1707683722086925, 0.6047795355721048, 0.4139396708041887, 0.33270370669342186, -0.07322616451039259]], "inverted": false, "swapped": false, "error_lsq": 0.03797741822755077, "error_max": 0.2276601295809542, "target": "54.xyz", "model": "1.xyz", "model_rescale": 4.316132596720782, "target_rescale": 3.8449162831961},
{"mapping": [0, 6, 4, 3, 2, 5, 9, 8, 10, 8, 11], "R": [[0.33123045675859814, -0.9331684945151079, 0.1395813216727002], [0.21501376644414502, -0.0693904913639349, -0.9741427205229092], [0.9187249124493106, 0.3526776439649655, 0.17765982858352608]], "T": [-0.026183478163877272, -0.0992471547321434, 0.04279113270185581], "aligned_model": [[0.5422146801458431, -0.5475137733875353, -0.04986227775657949, -0.57968229728058, 0.5122820961269325, -0.005858660950042293, 0.18836718915585204, 0.07129450438106955, -0.3643031047931314, 0.07129450438106955, -0.07786299294067335], [-0.22352672961049838, 0.5212151460707406, 0.24075017348885075, -0.2146112406027123, 0.5232705482262924, -0.6006079207044932, -0.7294297477349895, 0.5201154316439028, 0.04493945867150567, 0.5201154316439028, -0.017158228495645397], [-0.3638932405959371, -0.09626719881378978, -0.6487078639634881, -0.2908961367088532, -0.10969472418993248, -0.3621584518958337, 0.36957763159812396, 0.4831593256148241, 0.5547688052546439, 0.4831593256148241, -0.038502967038604556]], "inverted": false, "swapped": false, "error_lsq": 0.06254610312585916, "error_max": 0.41605231500832823, "target": "54.xyz", "model": "2.xyz", "model_rescale": 3.795458400668931, "target_rescale": 3.8449162831961},
{"mapping": [0, 9, 7, 9, 1, 4, 10, 6, 3, 8, 11], "R": [[-0.6975143060482376, -0.44890363775707837, -0.5585331833172557], [0.322428917370091, -0.8927063639638662, 0.3148252546762478], [-0.639932329314277, 0.03950786942970938, 0.767414973890612]], "T": [0.12765010583507244, -0.04045302125122367, 0.07073620942380429], "aligned_model": [[0.6752536958224583, -0.6990283138156853, -0.04569704127996521, -0.6990283138156853, 0.5888841392938777, 0.003205112730048476, 0.25975047824951913, 0.09935332310172848, -0.4692695772242631, -0.11634771735906979, 0.1632940813792617], [-0.2239553383044452, 0.15488912596220367, 0.2732117873701297, 0.15488912596220367, 0.38737022022712436, -0.5404968290788967, -0.737046889499983, 0.2698965514281855, 0.22617735543468492, 0.6859675498850006, -0.06583033678935175], [-0.45715123316672246, -0.11091972583030771, -0.6037024097518616, -0.11091972583030771, 0.04839158165935144, -0.3106092602856023, 0.2613069567234816, 0.5709149089358425, 0.5286282924964887, 0.22351432676387667, -0.05890920683826162]], "inverted": false, "swapped": false, "error_lsq": 0.056327451626136366, "error_max": 0.3580757109512192, "target": "54.xyz", "model": "3.xyz", "model_rescale": 3.7530521520055578, "target_rescale": 3.8449162831961},
{"mapping": [1, 6, 0, 4, 7, 2, 3, 5, 9, 8, 10], "R": [[-0.5269924657648283, 0.5176186875060893, -0.6740547717890442], [-0.7740129195757548, 0.035221505061886926, 0.6321894066741328], [0.3509742744944746, 0.854886156120012, 0.3820820837430462]], "T": [-0.022730493592840743, 0.0029917754848496625, 0.057530083224258996], "aligned_model": [[0.6354006852744047, -0.5341805609998022, -0.0685992378500843, -0.6132358985999005, 0.2844123083323092, -0.03335468558135474, 0.08256637718980459, 0.5039382366005218, -0.3028541643964367, -0.1734438382256459, -0.02027935466159111], [-0.3081699145951613, 0.4763603165470529, 0.27058080543891216, -0.14217355142843832, 0.511047269497058, -0.5815153167468615, -0.6590724763363915, 0.13813190976254372, 0.004590482534748114, 0.8515723613443936, 0.023720436578999866], [-0.2506380930028024, -0.18879611416849684, -0.7212590763808525, -0.3547092876892639, -0.024285897995708614, -0.2882943935011909, 0.41899001261929447, 0.5286106864484089, 0.5253889743810833, 0.3716573967548828, -0.03611970258937709]], "inverted": false, "swapped": false, "error_lsq": 0.06463061894314383, "error_max": 0.39369547953704764, "target": "54.xyz", "model": "4.xyz", "model_rescale": 3.7855080009869324, "target_rescale": 3.8449162831961},
{"mapping": [3, 13, 14, 11, 10, 1, 0, 7, 6, 8, 16], "R": [[-0.2607750387974609, -0.21898946590361656, 0.9402340096823937], [-0.6206835963714844, -0.7079281551679522, -0.337030562880965], [0.7394242708591211, -0.671476984671663, 0.04868682286521031]], "T": [0.02830186297097495, 0.0603993299956816, -0.07198831865512752], "aligned_model": [[0.663479880944704, -0.5758793146268425, -0.0018384933439614948, -0.740898266093258, 0.5693090562352365, -0.2236980779441913, 0.31354905927879073, 0.2002923648742691, -0.40275262112048593, -0.08223569719912996, 0.04104197607709373], [-0.15032803815566806, 0.4459250529800783, 0.18179742160783754, -0.13579273434205655, 0.5016476490442642, -0.6516505713171993, -0.652420993498988, 0.1602477383270418, 0.10194653181407118, 0.7174434095223835, 0.06625685661509154], [-0.2578900862481521, -0.17783093969821812, -0.7368578252554862, -0.024280209922919925, 0.13675892527257244, -0.12283029745649793, 0.06583441797420474, 0.6503821088158863, 0.4164202498944721, 0.154692953871232, -0.12385479237111635]], "inverted": true, "swapped": false, "error_lsq": 0.035940252467477105, "error_max": 0.18743659314937905, "target": "54.xyz", "model": "5.xyz", "model_rescale": 4.2253639853439635, "target_rescale": 3.8449162831961},
{"mapping": [0, 10, 1, 2, 9, 3, 7, 11, 5, 8, 13], "R": [[0.8986768915053287, 0.38604408023778997, -0.20820617855308327], [-0.4310588901691825, 0.8650624444054489, -0.2566226811592894], [0.08104367884315405, 0.32036999764745194, 0.9438193612799746]], "T": [-0.0028945637360260033, 0.036095886826761445, 0.006767350698804495], "aligned_model": [[0.6125493695092801, -0.6158942335137884, 0.03618288498648446, -0.6333655462793921, 0.5014117504605924, -0.09921764513183226, 0.4014347962862799, 0.0561578679739996, -0.487889925427254, 0.005734916549400584, -0.016734368331545377], [-0.23566405589137085, 0.4770146784736344, 0.4031605934083707, -0.18944365910593142, 0.3711169594969462, -0.6521118736070101, -0.6303580294971938, 0.10023444245780587, 0.20492943810951986, 0.7582731735721252, -0.02207934482004001], [-0.42962461518964307, -0.18902462670107498, -0.6276160003924447, -0.03577516249105839, -0.07090149642617508, -0.13501210891185744, 0.15423993142934808, 0.7800414578586683, 0.3769240709537958, 0.16249266713065227, -0.00519961238423384]], "inverted": false, "swapped": false, "error_lsq": 0.04037650099185284, "error_max": 0.2388254347243608, "target": "54.xyz", "model": "6.xyz", "model_rescale": 3.89814844738969, "target_rescale": 3.8449162831961},
{"mapping": [2, 3, 0, 6, 4, 5, 9, 11, 8, 7, 12], "R": [[-0.7984466929260301, -0.5882981128360053, -0.12801644030780093], [-0.5737222242830037, 0.8079314193252127, -0.1344976989799832], [0.1825532468055522, -0.03394336607854436, -0.9826098717090161]], "T": [0.04222723187700956, 0.09930435777762082, -0.04105347414216864], "aligned_model": [[0.6029965826559396, -0.6845454378833523, -0.13743855612106887, -0.5367030639941858, 0.6034677845798351, -0.00972138584242252, -0.04794158964984232, 0.23465174605984174, -0.4046258177425677, -0.06003780800950167, 0.2002674130295501], [-0.04024241537115818, 0.4354740871308027, 0.31056069881713655, -0.22152900917366503, 0.4136529755084994, -0.6309762458921189, -0.6865829893605885, 0.16700363618777608, 0.05731010045937044, 0.7385401122149875, 0.04186137207581384], [-0.4504582589843918, -0.1467574770271849, -0.5646003683760417, -0.17991136625122417, 5.342207716257236e-05, -0.2990615845682345, 0.3739122356064084, 0.7423557313610953, 0.46515360474226, 0.06937383865614619, -0.029515272360018312]], "inverted": true, "swapped": false, "error_lsq": 0.056528892273367964, "error_max": 0.39301082705797, "target": "54.xyz", "model": "7.xyz", "model_rescale": 3.7474275329858107, "target_rescale": 3.8449162831961},
{"mapping": [12, 3, 0, 5, 1, 7, 11, 4, 8, 2, 14], "R": [[-0.3561357595290617, -0.9252609222169936, 0.13061219928788048], [-0.3184365662357194, 0.2515827053766867, 0.9139498321239256], [-0.8785018349830936, 0.28389851738518457, -0.38423450880657695]], "T": [0.06505104469679998, -0.0475775660197395, -0.04260698182407127], "aligned_model": [[0.657565131338436, -0.5027152935251469, 0.02080942797711212, -0.6335940942840346, 0.4125372653142273, -0.27207315016071487, 0.22973317229887694, 0.11761396660859778, -0.3734424682927442, 0.010310923240627184, 0.09362498656698798], [-0.21015284368335568, 0.3540855899434997, 0.26337346571181003, -0.2053121846731581, 0.5879272660388207, -0.5952270183814412, -0.6412953734855766, 0.21227889290151947, 0.10710430416830596, 0.7229569993488382, -0.01066677529240656], [-0.09863335974716787, -0.2170851503962585, -0.6218870288152262, -0.04862560945823338, -0.2430783138421192, -0.26689471330668685, 0.04021160024710069, 0.6935571342821976, 0.45639930466713285, 0.2918619980904593, -0.005281356845221352]], "inverted": true, "swapped": false, "error_lsq": 0.04834043529634129, "error_max": 0.2744433898373111, "target": "54.xyz", "model": "8.xyz", "model_rescale": 4.019505241142653, "target_rescale": 3.8449162831961},
{"mapping": [0, 6, 2, 5, 1, 4, 7, 9, 11, 10, 12], "R": [[0.9218361677614233, 0.38406641234700545, 0.05206794324565955], [0.3693734131371804, -0.9112602185245819, 0.18212110202258583], [0.11739404360666272, -0.14865330484530545, -0.9818965492781029]], "T": [-0.050379835518771496, 0.06711518283240521, -0.021260178473712067], "aligned_model": [[0.4031853371218276, -0.5284961083242147, -0.030262219910301584, -0.646069912913798, 0.5198734243769819, -0.041024466419790476, 0.4912066352834266, 0.13463057163121422, -0.49053516777136286, 0.03394442558872353, -0.08608265158048128], [-0.28448942404876604, 0.5975542732973185, 0.22141759169286035, -0.1785851948999999, 0.4284265805481442, -0.7355111476702905, -0.6214113557977176, 0.11596602735369772, 0.05232551645324521, 0.9384440551325908, 0.050935400535773334], [-0.3267088855564733, -0.15580028012479574, -0.5920124981174864, -0.2091680687210833, 0.002626965129531693, -0.22934218609551507, 0.20721146160824178, 0.635036100402068, 0.41839204004792063, 0.2467979747366509, -0.016488118433082115]], "inverted": true, "swapped": false, "error_lsq": 0.04736233942492363, "error_max": 0.27801922942493784, "target": "54.xyz", "model": "9.xyz", "model_rescale": 3.877068213659057, "target_rescale": 3.8449162831961},
{"mapping": [13, 1, 4, 8, 3, 9, 10, 12, 0, 5, 15], "R": [[0.5412562773536469, -0.20926669271946957, 0.8144010643064801], [0.3099903489059136, -0.8506568052185342, -0.4246045022377732], [0.7816313874266196, 0.4822763223025284, -0.39555268060763504]], "T": [0.06560201047198072, -0.05733967518296691, -0.07123835225815005], "aligned_model": [[0.7020331987594035, -0.5436872767904, 0.07819969149680107, -0.6618480766696542, 0.445806575080199, -0.15110379318463898, 0.2515513307319861, 0.15769177654101899, -0.4620480019921696, -0.06577003869996678, 0.00954448180964524], [-0.21154736549605968, 0.558543643820361, 0.3929580596386274, -0.30865469161932113, 0.4507998134923249, -0.6585338286807604, -0.6316119251027303, 0.17760963718668055, 0.17808623511222005, 0.6682381002542925, -0.030815356008778855], [-0.48210795053360267, -0.11982756921191505, -0.5763758861955016, -0.12582836086156418, -0.07093532071974769, -0.23631254273401847, 0.3013807732934149, 0.6319781942735068, 0.47641677712717295, 0.1881334247924979, -0.005977034354265651]], "inverted": false, "swapped": false, "error_lsq": 0.04012363520669431, "error_max": 0.26331231393892196, "target": "54.xyz", "model": "10.xyz", "model_rescale": 4.260839863003843, "target_rescale": 3.8449162831961},
{"mapping": [6, 9, 10, 8, 5, 7, 0, 3, 2, 4, 11], "R": [[0.10005819709293823, -0.6172788125661992, 0.7803558321377329], [0.8662840262208766, -0.3317447656951185, -0.37349350241796475], [0.48942858836510367, 0.7133808786270864, 0.5015449919002162]], "T": [-0.08522403945930065, 0.01732190071970148, 0.030740326926904333], "aligned_model": [[0.6471333967716368, -0.5923765245118469, -0.03870184950151248, -0.7695152608098571, 0.49611410061470274, -0.07381822368714727, 0.4827351363632897, 0.22304755177641536, -0.4600890869714247, -0.06800900583025554, -0.0861503671317761], [-0.17742247922769067, 0.5546810032594832, 0.18229230854583983, -0.11562191147071273, 0.35736828524156544, -0.5613704137309393, -0.641748878671551, 0.048501042764598476, 0.23322875500568674, 0.7486284446530018, -0.04346383377242577], [-0.328401075212116, -0.26888412631394537, -0.5725458758205227, -0.14155266260426166, 0.08574328609097574, -0.27681575225960375, 0.1451184358750696, 0.6693556716776473, 0.5629222061444443, 0.06231943424018939, 0.04328496305810016]], "inverted": true, "swapped": false, "error_lsq": 0.04503395495466527, "error_max": 0.21754230574011543, "target": "54.xyz", "model": "11.xyz", "model_rescale": 3.890672605050136, "target_rescale": 3.8449162831961},
{"mapping": [0, 9, 6, 11, 8, 2, 4, 7, 12, 5, 13], "R": [[-0.5668736570186079, 0.7526291464051105, 0.33496809543576606], [0.7514106670473346, 0.6390622504254133, -0.1642603102660106], [-0.33769256199364145, 0.15858375724745957, -0.9278011239007256]], "T": [-0.002093510482632885, 0.019197544497455366, -0.13624022847632777], "aligned_model": [[0.5214587840538051, -0.6147324289919109, 0.002425487644568333, -0.4439501516276699, 0.5529269548388828, -0.23250776375976873, 0.18096658960640094, 0.2457309904615736, -0.33568284290101114, -0.14161910139284933, 0.02535334915020461], [-0.20790702411859802, 0.4990085514078154, 0.3048761636382797, -0.21141085090642692, 0.47858188916015654, -0.653175545426192, -0.5624680670108113, 0.24978242259575767, 0.04971039931092454, 0.6496229027088553, -0.01154851876290465], [-0.28793416225933377, -0.15283448039829736, -0.636665696616465, -0.3693595982003487, -0.12578303998028742, -0.15593371724684857, 0.20902946316956295, 0.6463054896772811, 0.5292815741213523, 0.29742860720389797, 0.027010065405463773]], "inverted": true, "swapped": false, "error_lsq": 0.049174492494914304, "error_max": 0.3303717870296035, "target": "54.xyz", "model": "12.xyz", "model_rescale": 4.124412569039231, "target_rescale": 3.8449162831961},
{"mapping": [4, 6, 1, 8, 0, 2, 10, 7, 9, 3, 12], "R": [[0.37375485549260273, -0.7714196559619189, 0.5149941964637061], [-0.9275025445718621, -0.30676663720118524, 0.21361942821990149], [-0.00680718799688057, -0.5574997261845706, -0.8301492139945108]], "T": [0.04835064804083459, 0.1258318848998221, 0.0934706758878298], "aligned_model": [[0.6171601739339606, -0.49612626695386225, -0.12888461462853854, -0.555264694591529, 0.4497323235402611, -0.029532160827373123, 0.1646334352290617, 0.1843477037948214, -0.44548706193243154, -0.06745297201563344, 0.0672440015334877], [-0.22290027199354084, 0.4347626342856763, 0.18944240781886157, -0.185083609327998, 0.48951226096359735, -0.5632143803928696, -0.5684748316080992, 0.017438678658556445, 0.16996864916382454, 0.817761727158987, 0.005859057869860601], [-0.3226036705350984, -0.14257909832479637, -0.6986187521120758, -0.13864178497183, -0.11484813755303401, -0.4179440540700709, 0.31488921421115407, 0.6958272050157455, 0.4969772238508787, 0.22221845543742552, 0.08586790392767885]], "inverted": false, "swapped": false, "error_lsq": 0.042651493403500954, "error_max": 0.2484271825592267, "target": "54.xyz", "model": "13.xyz", "model_rescale": 3.9028299243045295, "target_rescale": 3.8449162831961},
{"mapping": [2, 9, 1, 14, 3, 12, 8, 4, 10, 7, 15], "R": [[0.12865588939679407, 0.616560001277764, 0.7767248077330116], [0.9518606623805671, 0.14296490428587771, -0.27114998719335814], [-0.2782246242444193, 0.7742188327384537, -0.5684859343001885]], "T": [0.056097911174397656, -0.023420676258279594, -0.014792863615677915], "aligned_model": [[0.6663913111978318, -0.43682531256704377, 0.0653470985679766, -0.8279958305408671, 0.4785534791083674, -0.17948750626517412, 0.46699892711191776, 0.21742935716170858, -0.4373233422085716, -0.24662219573083838, -0.006096118753082115], [-0.19824040117047434, 0.5275171276593624, 0.006155732200739561, -0.036563494538301045, 0.42296077899219375, -0.6317515890980063, -0.6677243052522478, 0.15002145345704543, 0.16914323849167068, 0.7720849034135017, 0.071468878441372], [-0.3877939349616536, -0.24790161114440767, -0.663821710692624, -0.05023542236238579, 0.08991785583657237, -0.2570185858961444, 0.09719083307424511, 0.6202293927329988, 0.5094277077997597, 0.29530287228457, -0.024752891794953283]], "inverted": true, "swapped": false, "error_lsq": 0.04524209575371632, "error_max": 0.21701138390523675, "target": "54.xyz", "model": "14.xyz", "model_rescale": 3.942246331269136, "target_rescale": 3.8449162831961},
{"mapping": [1, 9, 5, 10, 0, 4, 13, 8, 6, 7, 14], "R": [[0.7859200361572698, 0.5980356846117812, 0.1571082960809969], [0.36380652691572646, -0.6526885189509155, 0.6645618919281918], [0.49997450709018454, -0.4651354825860729, -0.7305302698036191]], "T": [-0.020034843128539703, -0.05869727501473963, -0.03939147852719113], "aligned_model": [[0.6283833720247802, -0.6014155393394232, 0.07017310485590707, -0.7011857908384473, 0.4946511019987943, -0.23783717398499518, 0.2550172087518441, 0.21236117148878736, -0.33439332859072257, -0.08944567635068046, 0.06406141706638079], [-0.04022730729987388, 0.474886088235678, 0.20242759609422462, -0.24227877119316982, 0.4496821140583668, -0.5897266240894818, -0.7464725746333845, 0.16858380080662505, 0.17915450798612975, 0.7389080033753866, -0.00986451074364502], [-0.5250396169263961, -0.19891447582878077, -0.610754660748339, -0.14584210904644007, 0.09238961845676827, -0.1586976058524694, 0.29563292729451973, 0.66287366459986, 0.35733848162158666, 0.26058762781966205, -0.0490293465139947]], "inverted": true, "swapped": false, "error_lsq": 0.036736859279234854, "error_max": 0.19357580202659755, "target": "54.xyz", "model": "15.xyz", "model_rescale": 4.355366556412066, "target_rescale": 3.8449162831961},
{"mapping": [0, 6, 4, 3, 2, 5, 9, 8, 10, 8, 11], "R": [[0.33123045675859814, -0.9331684945151079, 0.1395813216727002], [0.21501376644414502, -0.0693904913639349, -0.9741427205229092], [0.9187249124493106, 0.3526776439649655, 0.17765982858352608]], "T": [-0.026183478163877272, -0.0992471547321434, 0.04279113270185581], "aligned_model": [[0.5422146801458431, -0.5475137733875353, -0.04986227775657949, -0.57968229728058, 0.5122820961269325, -0.005858660950042293, 0.18836718915585204, 0.07129450438106955, -0.3643031047931314, 0.07129450438106955, -0.07786299294067335], [-0.22352672961049838, 0.5212151460707406, 0.24075017348885075, -0.2146112406027123, 0.5232705482262924, -0.6006079207044932, -0.7294297477349895, 0.5201154316439028, 0.04493945867150567, 0.5201154316439028, -0.017158228495645397], [-0.3638932405959371, -0.09626719881378978, -0.6487078639634881, -0.2908961367088532, -0.10969472418993248, -0.3621584518958337, 0.36957763159812396, 0.4831593256148241, 0.5547688052546439, 0.4831593256148241, -0.038502967038604556]], "inverted": false, "swapped": false, "error_lsq": 0.06254610312585916, "error_max": 0.41605231500832823, "target": "54.xyz", "model": "16.xyz", "model_rescale": 3.795458400668931, "target_rescale": 3.8449162831961},
{"mapping": [2, 3, 0, 6, 4, 5, 9, 11, 8, 7, 12], "R": [[-0.7984466929260301, -0.5882981128360053, -0.12801644030780093], [-0.5737222242830037, 0.8079314193252127, -0.1344976989799832], [0.1825532468055522, -0.03394336607854436, -0.9826098717090161]], "T": [0.04222723187700956, 0.09930435777762082, -0.04105347414216864], "aligned_model": [[0.6029965826559396, -0.6845454378833523, -0.13743855612106887, -0.5367030639941858, 0.6034677845798351, -0.00972138584242252, -0.04794158964984232, 0.23465174605984174, -0.4046258177425677, -0.06003780800950167, 0.2002674130295501], [-0.04024241537115818, 0.4354740871308027, 0.31056069881713655, -0.22152900917366503, 0.4136529755084994, -0.6309762458921189, -0.6865829893605885, 0.16700363618777608, 0.05731010045937044, 0.7385401122149875, 0.04186137207581384], [-0.4504582589843918, -0.1467574770271849, -0.5646003683760417, -0.17991136625122417, 5.342207716257236e-05, -0.2990615845682345, 0.3739122356064084, 0.7423557313610953, 0.46515360474226, 0.06937383865614619, -0.029515272360018312]], "inverted": true, "swapped": false, "error_lsq": 0.056528892273367964, "error_max": 0.39301082705797, "target": "54.xyz", "model": "17.xyz", "model_rescale": 3.7474275329858107, "target_rescale": 3.8449162831961},
{"mapping": [0, 11, 1, 7, 8, 2, 6, 5, 12, 10, 13], "R": [[-0.18377138519289632, 0.9563358962222892, 0.22726577300815737], [0.9513952605695497, 0.11492106843010919, 0.2857275033955967], [0.24713384258349302, 0.2687281184163528, -0.9309726431116675]], "T": [-0.012354048280137878, 0.07440240874299539, 0.008816578332096994], "aligned_model": [[0.6414327072719751, -0.5320032288033293, -0.11334699093991905, -0.7194166725361776, 0.6022030342274954, -0.0038630002549411638, 0.2806984280945014, 0.12826012983083024, -0.5168477740245478, -0.04145463131840641, 0.03470786553474414], [-0.21652960064091883, 0.5184654707336661, 0.08159240667035086, -0.16547393904206767, 0.4442703742299493, -0.5405967335070748, -0.617552652770971, 0.27076219466485607, 0.11332379485224867, 0.7048496401988342, -0.008038632792016887], [-0.42369219032045763, -0.22465587820849758, -0.6754839011887049, -0.0908883121686155, 0.057517006101752546, -0.34549498081436114, 0.1829350736053626, 0.6906453134681221, 0.5594599563013216, 0.2883318997009933, -0.038129481600938195]], "inverted": true, "swapped": false, "error_lsq": 0.03448271904725759, "error_max": 0.19264873051909936, "target": "54.xyz", "model": "18.xyz", "model_rescale": 3.922800546911778, "target_rescale": 3.8449162831961},
{"mapping": [7, 8, 13, 6, 12, 10, 9, 0, 1, 5, 14], "R": [[-0.23851636205396573, -0.8849017451565695, -0.400073551302007], [0.9444473211627895, -0.11544221259342827, -0.3077212262746347], [0.22611767418972967, -0.45124494121307535, 0.8632779392806443]], "T": [-0.06213419835333733, 0.030506951200047278, -0.03955358533229174], "aligned_model": [[0.679362873046636, -0.4293938477175055, 0.07902906565893891, -0.7342041466751846, 0.4782112260809295, -0.3197751140669034, 0.3649494585715097, 0.19636258861556483, -0.5589472950234528, -0.023439266340256115, 0.028214324931948212], [-0.11018363335674296, 0.47430282220896686, 0.18151742079396832, -0.11250333749478768, 0.5880418866191496, -0.7247712292615477, -0.643769585535241, 0.19177541609008134, 0.04335021311854399, 0.694338525277456, 0.00297382413700931], [-0.30146821184441863, -0.24584519651888753, -0.6945974905681234, -0.09986787719749741, -0.16523438198270624, -0.1569276707694262, 0.12073954587097886, 0.7386588079355385, 0.5090763642112867, 0.33509833803141964, -0.05908772229218716]], "inverted": true, "swapped": false, "error_lsq": 0.03881972959235843, "error_max": 0.22562339735319248, "target": "54.xyz", "model": "19.xyz", "model_rescale": 3.9282355846067225, "target_rescale": 3.8449162831961},
{"mapping": [11, 2, 10, 7, 0, 9, 8, 3, 5, 1, 13], "R": [[0.9446967081672247, 0.02762617185013518, -0.32677962636449076], [0.07702502217811055, 0.9498799192762933, 0.30297736699978794], [0.3187715099196774, -0.31139192922195247, 0.8952205263950105]], "T": [-0.07781171663597308, -0.12090384070974969, 0.07014106896992409], "aligned_model": [[0.5366306961672946, -0.5735489637080793, -0.04767894525015534, -0.67373778058215, 0.5415841788441257, 0.07981343774350796, 0.22470550891680302, 0.19785072753379995, -0.46149142203006893, -0.023605419813945677, -0.04015215073890732], [-0.11982243163797529, 0.49392438645733316, 0.2936460973882471, -0.25487003681244824, 0.3839925449238012, -0.6093658198388786, -0.8020214730840283, 0.2893349793807322, 0.25769664684334115, 0.623073478096079, 0.029483950880652393], [-0.29840000503523023, -0.16426678777517162, -0.6844944151566986, -0.05242712017804839, 0.02982540658640831, -0.3935226355508027, 0.2224029428612357, 0.6376526516769847, 0.5141474954345121, 0.14127631195077864, 0.02835066006200937]], "inverted": true, "swapped": false, "error_lsq": 0.04442397090741274, "error_max": 0.2754796355501899, "target": "54.xyz", "model": "20.xyz", "model_rescale": 4.067790424073018, "target_rescale": 3.8449162831961},
{"mapping": [3, 9, 12, 10, 0, 11, 6, 8, 1, 7, 14], "R": [[0.2774262501386515, 0.6807007029947862, 0.6779979562479597], [-0.544881965223277, -0.4697488946426552, 0.6945787356062832], [0.7912890241298851, -0.5621232328630507, 0.24058086242917703]], "T": [0.07609217491574274, -0.06639756008680976, 0.14841438507108773], "aligned_model": [[0.5931690636449473, -0.4621739529069605, -0.0541625134232325, -0.6843060237051352, 0.5333836453881622, -0.07551252084041218, 0.43651969084792275, 0.11872628740084978, -0.5889189678290051, -0.06658989162052695, 0.010235050125615097], [-0.243766559344208, 0.4038456120107591, 0.13153430818775896, -0.12442477413004406, 0.4643243420532671, -0.4686775015173749, -0.710784642883593, 0.25493837884721476, 0.2879179696685703, 0.6539841644794568, -0.06381897477495067], [-0.5034419993383731, -0.15685735322654726, -0.5801942606261361, -0.15110897548393326, 0.03146652000742023, -0.33451326885489385, 0.19754885341034328, 0.6175555616129146, 0.4732617133320846, 0.28015639055399066, 0.10667132348910663]], "inverted": true, "swapped": false, "error_lsq": 0.044018438884978146, "error_max": 0.22635452701428077, "target": "54.xyz", "model": "21.xyz", "model_rescale": 4.186013935880536, "target_rescale": 3.8449162831961},
{"mapping": [0, 10, 7, 4, 1, 6, 5, 8, 11, 9, 12], "R": [[0.1297798006948656, 0.07169547341101024, -0.9889474012423372], [-0.6644982033785704, 0.7465573651306064, -0.03307927260232074], [0.7359343320149245, 0.6614467927668994, 0.14452957932592647]], "T": [0.016446450189283833, 0.005254102716802732, 0.059147671653375845], "aligned_model": [[0.5915719140333094, -0.5594335440973879, -0.10028220637351101, -0.6393441235021309, 0.5348746942796592, -0.05648774908316536, 0.33748548145316537, 0.12148824797007862, -0.4223259672189543, -0.032486668520585606, -0.014690211858252648], [-0.25592161362633536, 0.5532743266088044, 0.284866239595772, -0.11413763421170778, 0.3781549123798763, -0.3641360376807835, -0.6230496680474635, 0.25770737739504873, -0.09959384845304725, 0.5965883067556413, -0.028680038118949466], [-0.2912897507735312, -0.19449676259190565, -0.609070266992299, -0.22947056300816507, -0.29764411330577967, -0.3508332739657258, 0.3764914728586442, 0.775319226189595, 0.5012468138930717, 0.24185007794680988, 0.058441644625262905]], "inverted": false, "swapped": false, "error_lsq": 0.054164096873596426, "error_max": 0.28646634066044835, "target": "54.xyz", "model": "22.xyz", "model_rescale": 4.166573947596378, "target_rescale": 3.8449162831961},
{"mapping": [9, 1, 3, 6, 8, 12, 14, 7, 5, 0, 15], "R": [[0.04408254396744343, 0.6704986303897528, -0.7405999702692571], [0.7189627112290874, 0.49342492194698623, 0.48951452099374004], [0.6936492984062469, -0.5540428079553751, -0.46031208736404605]], "T": [0.033087095753174874, -0.0034378622173280443, -0.10788645602814322], "aligned_model": [[0.572443651855166, -0.5517406317811244, 0.1873312502810516, -0.7078975666867234, 0.6272355051213422, -0.18171982199194317, 0.2584869399594884, 0.1332156290047356, -0.4302930068974306, -0.12316688358320785, -0.02352519819912944], [-0.1878517446001246, 0.3920494002085396, 0.19683636220138834, -0.17369706676185043, 0.5450228194506566, -0.5976510472917169, -0.7039541145846241, 0.2792157721318846, 0.08820067711647837, 0.7209961540447457, 0.025905110681478914], [-0.296394258668771, -0.00957361234481939, -0.6533455542596481, -0.14046198769779517, -0.09183377616612046, -0.28152410748026674, 0.18271576973982, 0.5413214054987245, 0.5761773127665698, 0.23494850844012904, -0.08148519495184516]], "inverted": true, "swapped": false, "error_lsq": 0.03896208440465213, "error_max": 0.21049354401915277, "target": "54.xyz", "model": "23.xyz", "model_rescale": 4.274766983524099, "target_rescale": 3.8449162831961},
{"mapping": [8, 4, 9, 2, 7, 1, 0, 6, 3, 5, 10], "R": [[0.7560758196098958, -0.47479252964603813, 0.45046798864463233], [-0.5564644537611966, -0.10403233178590587, 0.8243328124267776], [-0.34452382602873466, -0.8739275300249464, -0.34286149618033673]], "T": [0.04481341856543455, 0.00203339122706183, 0.06338167699864829], "aligned_model": [[0.7459987103664548, -0.48358051852965533, 0.14474859473407173, -0.8936040957758837, 0.35151024509949, -0.20662139443118008, 0.10006684783319655, 0.4137443471678137, -0.31711806354883876, -0.1541718450802283, 0.059397039246984557], [-0.08553534451860142, 0.3695923793774406, 0.1551804463097872, -0.1974479003877461, 0.5052260820936346, -0.36254403501857857, -0.6899693589384566, 0.16416470049300488, 0.012126397099271512, 0.757115391536797, -0.042836435449697424], [-0.15035187391505583, -0.20750731203844475, -0.769819616882314, -0.02634738096410609, -0.16849468862362754, -0.41499810475354026, 0.3168547415987347, 0.6043238777863161, 0.49340262681266445, 0.301072623970606, 0.0024096118847445336]], "inverted": false, "swapped": false, "error_lsq": 0.06544959525720674, "error_max": 0.31711935980895195, "target": "54.xyz", "model": "24.xyz", "model_rescale": 3.7841303162186577, "target_rescale": 3.8449162831961},
{"mapping": [7, 14, 10, 9, 11, 8, 1, 3, 12, 13, 15], "R": [[0.9491359569855884, -0.18428443613358803, -0.25530409662983755], [0.3138527935229246, 0.6187323267990636, 0.7201852065765262], [0.025245973043405597, -0.7636815791759959, 0.6450992841976724]], "T": [0.02584718115553556, -0.09968072106351078, 0.019199186193856892], "aligned_model": [[0.5452651481626543, -0.51753666945589, -0.02567816047601188, -0.5377709013675818, 0.4822206179018447, -0.14662997414210552, 0.2698149447911472, 0.23260854022372532, -0.5464531995177316, -0.07426622327010399, 0.07879574423227838], [-0.036339170506603596, 0.4311808991370324, 0.1860364295804614, -0.07515434630413112, 0.5167313476575425, -0.6546514599934818, -0.8006619651969601, 0.23247258847761143, 0.23459613060662715, 0.6378867048216994, -0.08702483568294163], [-0.3668039013889991, -0.2093153503313192, -0.7025805269283957, -0.13531237492779785, -0.015253925858328288, -0.08904541399857054, 0.06547466007542595, 0.7234191851929664, 0.387849653638115, 0.2599720995342369, 0.06214039986864331]], "inverted": false, "swapped": false, "error_lsq": 0.038180296970604016, "error_max": 0.1819364809565165, "target": "54.xyz", "model": "25.xyz", "model_rescale": 4.19342608120988, "target_rescale": 3.8449162831961},
{"mapping": [0, 6, 4, 3, 2, 5, 9, 8, 10, 8, 11], "R": [[0.33123045675859814, -0.9331684945151079, 0.1395813216727002], [0.21501376644414502, -0.0693904913639349, -0.9741427205229092], [0.9187249124493106, 0.3526776439649655, 0.17765982858352608]], "T": [-0.026183478163877272, -0.0992471547321434, 0.04279113270185581], "aligned_model": [[0.5422146801458431, -0.5475137733875353, -0.04986227775657949, -0.57968229728058, 0.5122820961269325, -0.005858660950042293, 0.18836718915585204, 0.07129450438106955, -0.3643031047931314, 0.07129450438106955, -0.07786299294067335], [-0.22352672961049838, 0.5212151460707406, 0.24075017348885075, -0.2146112406027123, 0.5232705482262924, -0.6006079207044932, -0.7294297477349895, 0.5201154316439028, 0.04493945867150567, 0.5201154316439028, -0.017158228495645397], [-0.3638932405959371, -0.09626719881378978, -0.6487078639634881, -0.2908961367088532, -0.10969472418993248, -0.3621584518958337, 0.36957763159812396, 0.4831593256148241, 0.5547688052546439, 0.4831593256148241, -0.038502967038604556]], "inverted": false, "swapped": false, "error_lsq": 0.06254610312585916, "error_max": 0.41605231500832823, "target": "54.xyz", "model": "26.xyz", "model_rescale": 3.795458400668931, "target_rescale": 3.8449162831961},
{"mapping": [7, 11, 10, 9, 5, 3, 0, 6, 1, 8, 12], "R": [[0.8128936433660616, 0.5823436895288541, 0.008930388623789975], [0.30392582295061654, -0.41107025269111336, -0.8594476956140232], [-0.49682292491273056, 0.7013537442820034, -0.5111456804696419]], "T": [-0.21791715869729103, 0.03620753121706976, -0.007538556869973682], "aligned_model": [[0.5062727784412954, -0.5575660240894186, 0.10476324996150163, -0.587494380301693, 0.41989618583545396, -0.06883606643164639, 0.14753809113252866, 0.3244337376425731, -0.308143906732286, -0.1630469907533772, -0.05744680762270668], [-0.1800240018455489, 0.54697089758043, 0.2299616238966151, -0.18013572911727233, 0.43607863771595246, -0.5910067254036644, -0.657929175023797, 0.26880777284718604, 0.023178331014162966, 0.6841212069598394, 0.005049483972952733], [-0.30586883975459117, -0.3754162859490014, -0.6125370146754069, -0.038884387445762836, -0.020096566407621145, -0.3673352537259054, 0.26794263216807795, 0.5694706220074713, 0.577305477409535, 0.3210171363716322, -0.03505301512245047]], "inverted": true, "swapped": false, "error_lsq": 0.04998134537812062, "error_max": 0.2358316681766756, "target": "54.xyz", "model": "27.xyz", "model_rescale": 3.6321398670334006, "target_rescale": 3.8449162831961},
{"mapping": [13, 3, 1, 0, 4, 11, 9, 12, 8, 7, 14], "R": [[-0.7591761915126815, 0.48279450579204924, 0.4365329030179875], [-0.2874939486255645, 0.35297827597376086, -0.8903670963115569], [-0.58395097375035, -0.8014460692196343, -0.12917220439558785]], "T": [-0.07987005041752898, -0.014761774757789572, -0.0034661561322172595], "aligned_model": [[0.5467080299459008, -0.5217223628892727, 0.07598746465065867, -0.6414649523983951, 0.427692313339392, -0.09406462353789205, 0.2361460727502966, 0.22910080918041137, -0.34563744297057414, -0.11114038993073083, -0.04123505105756974], [-0.40896438364452065, 0.48609637115638366, 0.29415761358780723, -0.18827535453952865, 0.6122403877221952, -0.5914977496310851, -0.528808551158047, 0.1804250376315289, 0.08166591404384506, 0.6682626290619611, -0.02022959163368384], [-0.34767763802819396, -0.16305228208633174, -0.5757811416491586, -0.21302735941248524, -0.1924528950901162, -0.2857779798300449, 0.28369561498418777, 0.7381192044626076, 0.42908327420204395, 0.3617559867579148, -0.05434027943444622]], "inverted": true, "swapped": false, "error_lsq": 0.048628021818929223, "error_max": 0.2774247541868875, "target": "54.xyz", "model": "28.xyz", "model_rescale": 4.156811204709835, "target_rescale": 3.8449162831961},
{"mapping": [9, 7, 8, 6, 0, 4, 1, 2, 5, 10], "R": [[0.06523563030498902, -0.9275665802375317, 0.36791921907554925], [-0.8558148946760273, -0.2416124767246246, -0.4573885406759263], [0.5131521982700372, -0.2850327179771542, -0.8095870373796663]], "T": [-0.07711972621760614, 0.04809646225259516, -0.01641028174254732], "aligned_model": [[-0.6821468012714547, 0.0273676636498716, -0.029388286408824946, 0.7192343082652016, -0.03117900069507211, -0.5142229334443871, -0.6258344742726493, -0.5072952563773382, 0.3949412830341545, -0.10855112836891326], [-0.19983167394934637, -0.44867917513214756, 0.19268434804707651, -0.1386039379606197, -0.29875429810339577, -0.4941720482327306, 0.4979249650314549, 0.34006589016328054, 0.41804239438458146, 0.05004386637805047], [-0.46192504811175816, -0.558327043533859, -0.6664528673534283, 0.1748992241200167, 0.6523594818809798, 0.14472953736051106, -0.3062896372976536, 0.49320493400323007, 0.2690203854467891, 0.017567760460271954]], "inverted": false, "swapped": true, "error_lsq": 0.07289089708847704, "error_max": 0.4467255388812358, "target": "54.xyz", "model": "29.xyz", "model_rescale": 4.117894457231895, "target_rescale": 3.8449162831961},
{"mapping": [4, 5, 1, 6, 3, 7, 13, 11, 9, 2, 14], "R": [[0.6362776450131875, 0.4134969284959701, -0.6512841534851519], [-0.7349985164062772, 0.06844935410022102, -0.6746049709302728], [-0.2343671037860132, 0.9079289487882085, 0.3474724228126529]], "T": [-0.02639542149527044, 0.01517218979962208, 0.029238438568304933], "aligned_model": [[0.5828950150324141, -0.6398883580066228, 0.11126333224887328, -0.6449783636251903, 0.39644034172979564, -0.04568634590335549, 0.41269572681307287, 0.06712068969334736, -0.46441168098237173, 0.02511445382366353, -0.04019494374140156], [-0.23121405147237445, 0.5527551620906848, 0.16696344536454122, -0.15542634474185457, 0.36297400335395397, -0.5796905320809359, -0.637729048390697, 0.12268819177554426, 0.1828953772566116, 0.8378840331344578, -0.03702791369307546], [-0.38013556674281784, -0.14564076626559988, -0.8063678743030145, 0.022856670963600386, 0.02910848469256144, -0.24052045972132735, 0.09228793560613915, 0.7400117333509186, 0.44134849841222346, 0.19126562339907335, 0.03633022548422014]], "inverted": false, "swapped": false, "error_lsq": 0.041298738843227406, "error_max": 0.19991190455005775, "target": "54.xyz", "model": "30.xyz", "model_rescale": 4.100398675895297, "target_rescale": 3.8449162831961},
