[{"mapping": [12, 7, 1, 0, 3, 9, 2, 4, 6, 8, 5, 11, 5, 13], "R": [[0.8046005229921933, -0.4434306343130331, -0.3949522388256972], [0.5934578561153537, 0.577358621496793, 0.5607716069829956], [-0.020634229223731898, -0.6855846371791483, 0.7277004423856555]], "T": [-0.1584357395433147, 0.03750969667283906, -0.07327200827696956], "aligned_model": [[-0.6187969428486114, 0.35041907210663703, -0.6784649653736937, -0.4750173635197299, -0.03470209606770282, -0.12140919080626122, 0.1951392221265419, 0.7647966823048498, 0.46637109022600953, 0.46544875401718133, -0.22918743872070077, -0.09359248999352085, -0.22918743872070077, -0.07169143621851534], [-0.2834933529299523, -0.4984792695410371, 0.28734448782588035, 0.1872845496983494, 0.5430447501446592, -0.4564427528917009, 0.3928538843713719, -0.018452362989323665, 0.427854483556487, -0.2578053280962637, 0.2849594833396629, -0.4363098987630572, 0.2849594833396629, -0.10027204413549483], [-0.21520302183853435, -0.2319449147012913, -0.08728253413236406, -0.7608445523348816, -0.12148612427245839, -0.613071215410548, -0.6563444738922936, -0.3139260540310809, 0.13116296185783782, 0.29297422919597405, 0.6381800706318308, 0.43501155904747935, 0.6381800706318308, -0.07888271196897866]], "inverted": true, "swapped": false, "error_lsq": 0.0562693367316512, "error_max": 0.4558782826569075, "target": "540.xyz", "model": "0.xyz", "model_rescale": 3.8414455957264533, "target_rescale": 4.028055334928155},
{"mapping": [1, 4, 12, 11, 8, 0, 13, 7, 9, 2, 10, 5, 6, 14], "R": [[0.0189594526925963, 0.42965471325367244, -0.9027941994344569], [-0.6664393914612178, -0.667680038748019, -0.3317557887456463], [-0.7453181043436413, 0.6079475250680348, 0.2736799775307875]], "T": [0.015320754487318053, -0.012675159511852014, -0.049504808107141966], "aligned_model": [[-0.5915740555553128, 0.1813669348323252, -0.6006850839504626, -0.5785744197155414, -0.12411906844665337, 0.16248529424555574, 0.07879276205937984, 0.6000852293163541, 0.5547247685659529, 0.4901463028726869, -0.4891206283124151, -0.13182993169722151, 0.2048450435860001, -0.06641768928886498], [-0.5394552421062022, -0.5296156420718665, 0.4223323908862254, 0.10851547513855128, 0.7593151676338628, -0.31799564077309694, 0.48904533805749034, -0.12422891524916906, 0.40354768578331496, -0.33098924003491914, 0.138805090359673, -0.2810515307135562, 0.2083587738507839, -0.04953759783184765], [-0.36994095665151344, -0.08141778872073605, -0.16610147175711082, -0.6485596922885178, 0.044781288822182845, -0.6903163025946508, -0.614389616907019, -0.29149916897933736, -0.08571989672629232, 0.41720877896711367, 0.3875008275868882, 0.5341419891242982, 0.67523771025888, -0.05440241135166331]], "inverted": true, "swapped": false, "error_lsq": 0.045770514097914994, "error_max": 0.28657331345750453, "target": "540.xyz", "model": "1.xyz", "model_rescale": 4.316132596720782, "target_rescale": 4.028055334928155},
{"mapping": [1, 11, 9, 6, 7, 5, 8, 3, 12, 0, 4, 13], "R": [[-0.501689149277798, 0.07630150957412762, 0.861676318076358], [-0.32391008217937034, 0.9070667407731855, -0.26890925317970094], [-0.802116111395023, -0.41401450146078245, -0.4303507132801186]], "T": [0.094293140689891, 0.017477562547745764, -0.028151014871128404], "aligned_model": [[-0.2834703093326705, 0.5047706350854976, 0.2021703404776045, -0.4596449398941933, -0.4861309032661685, -0.5006605843901124, -0.20636302519629104, -0.25968642642699935, 0.655187168041255, 0.26565389555018615, 0.19479791229803162, -0.028815208314359242], [-0.5144651402299719, -0.37054489515633643, -0.5191167367343072, 0.43687655803279035, -0.16994074656958066, -0.023648075294977203, 0.28670107106911813, 0.49344639720909533, -0.039647053294876555, -0.12730961959392315, 0.5644244235953408, -0.003999755291390968], [0.10234726751937458, 0.05054276722301547, -0.4709877156444652, -0.028982791435734827, -0.4477564609585379, 0.4787118476845485, -0.7973901619093885, 0.6079809037410051, -0.5418177062575931, 0.673098891385395, -0.17687446265806625, 0.0003860825198689355]], "inverted": false, "swapped": true, "error_lsq": 0.039688776085051496, "error_max": 0.22455727183007307, "target": "540.xyz", "model": "2.xyz", "model_rescale": 3.795458400668931, "target_rescale": 4.028055334928155},
{"mapping": [5, 1, 0, 12, 6, 4, 11, 7, 9, 8, 2, 13], "R": [[0.9142990418344876, 0.40305783616692803, -0.04002052979374529], [-0.40359761482385104, 0.8982548407241653, -0.17391724015779253], [-0.034150071874546425, 0.17516455640351059, 0.9839467215103291]], "T": [-0.012659212974274907, 0.027380429639844956, 0.11366326418646128], "aligned_model": [[-0.18840817310402125, 0.004127014539993999, -0.7227340092884237, 0.17696692328412156, 0.27787058430751926, 0.1160625748154798, -0.303086461351723, 0.6112313270727083, 0.2854495859835672, 0.8272222698273447, -0.5087453020055188, 0.017347491662517187], [-0.0719844518712698, -0.5427392825930882, -0.07681211549557784, 0.024945909670541323, 0.376402872346594, 0.5783097967175129, -0.30581142473643125, -0.24011121471602767, -0.5038161161555584, 0.23756830076555957, 0.6179017714936734, -0.008085000136218556], [-0.6425180221783053, -0.2289440930135262, -0.0507051166573651, 0.8524154574513942, -0.412187834286967, 0.21986249058225665, 0.4740534888117896, -0.18179441132831115, 0.46670242564988085, 0.18454659537708734, 0.013147298086413295, -0.005806847855246808]], "inverted": false, "swapped": true, "error_lsq": 0.0433824208071286, "error_max": 0.21704997626375475, "target": "540.xyz", "model": "3.xyz", "model_rescale": 3.7530521520055578, "target_rescale": 4.028055334928155},
{"mapping": [1, 5, 0, 2, 11, 6, 9, 7, 8, 4, 13], "R": [[0.8516376027900996, -0.26017834015539804, -0.45499519209318523], [0.02626981772275689, -0.8458145778625902, 0.5328298007356022], [-0.5234723394705261, -0.4657305349546134, -0.7134926619245245]], "T": [0.05281848276998712, -0.09489177743766873, 0.0764682556764206], "aligned_model": [[-0.42184507879277405, -0.2700674462405385, 0.4064096622404107, 0.6378557036711919, 0.2760141557058394, -0.24898811383682318, -0.23375340321217264, -0.6665311501019476, -0.3866130623353976, 0.29374154610554204, -0.04802321075812533], [-0.4526896004189389, 0.04364820420972272, -0.3632981320187191, 0.28467519260420754, -0.6158997225102588, 0.5018976957492804, -0.5849715860286777, -0.0038712686740920432, 0.3439720991963634, 0.38426325256640265, -0.07052277636094417], [-0.2224853964382534, -0.622904724102487, -0.5109077517198845, -0.2678872114932056, 0.13955807404865064, -0.11194275601120565, 0.4928498248937401, 0.22592659921183392, 0.6838418704425957, 0.2856028454081656, 0.001179403005366536]], "inverted": true, "swapped": true, "error_lsq": 0.04627228617253804, "error_max": 0.26177400634608117, "target": "540.xyz", "model": "4.xyz", "model_rescale": 3.7855080009869324, "target_rescale": 4.028055334928155},
{"mapping": [12, 6, 14, 15, 9, 8, 10, 7, 5, 4, 2, 1, 0, 16], "R": [[-0.680755957597142, 0.6342387811096073, -0.3664866910715832], [0.5200132658405798, 0.06606711290526368, -0.8515992836670178], [-0.5159045740694811, -0.7703092269530224, -0.3747881605990568]], "T": [-0.06828232136403997, -0.04364258604428449, -0.10030125068940171], "aligned_model": [[-0.6060493219343355, 0.25836941039992056, -0.7189756333841014, -0.4208457466366987, -0.3426730520591925, 0.048815660995869425, 0.2521153710725059, 0.6587952818493809, 0.5595766459076964, 0.48561008868197375, -0.4648158287355052, -0.12442511259779628, 0.21870275486177207, -0.11407505990970637], [-0.4031591940421116, -0.595931769959191, 0.13630572215065184, 0.20514566257901234, 0.6034968614418154, -0.16222679781842264, 0.4447963188404855, -0.08764061050325005, 0.4020089448197924, -0.3333688445161314, 0.36240819498307597, -0.32681055105003454, 0.12757659326724724, -0.015554417263695806], [0.11093256450484568, -0.22010263437579608, -0.144053034687456, -0.8025273860566484, -0.21358973935885192, -0.7840670886842263, -0.5358893921149779, -0.2757771881425022, 0.1492805492766152, 0.2949994919239548, 0.37263598440363505, 0.5995328936450648, 0.6045373421671925, -0.0993890737183276]], "inverted": false, "swapped": false, "error_lsq": 0.049247670662255785, "error_max": 0.3217596947885921, "target": "540.xyz", "model": "5.xyz", "model_rescale": 4.2253639853439635, "target_rescale": 4.028055334928155},
{"mapping": [6, 2, 12, 7, 9, 3, 0, 4, 1, 10, 11, 5, 8, 13], "R": [[0.514628546875232, 0.1360633707411198, 0.8465484143766687], [-0.6018816873657206, -0.6458500550902373, 0.46969792500471036], [0.6106520229679752, -0.7512419486972903, -0.25047882418004447]], "T": [0.014737406724842424, 0.05084125801551327, -0.029736103443575718], "aligned_model": [[-0.43759155808501615, 0.19344928788632795, -0.8247571582866808, -0.46682100109184516, 0.02025038180539305, -0.048432058686048406, 0.10481161116796756, 0.5765173690704943, 0.6804421360657894, 0.537230606986003, -0.6684504054197495, -0.09403391480315737, 0.10619831945071168, 0.011311842451592924], [-0.37042948160910355, -0.5957254266819634, 0.4249990138852646, 0.10245382752887339, 0.6538847437533326, -0.2969969084519638, 0.5651604786194616, -0.16880073557512298, 0.3586557690026429, -0.2716857890724407, -0.014876379944006743, -0.3784176359374635, 0.3324494671283999, 0.016375170283333802], [-0.2076333761974861, -0.04334484358619636, -0.19282691712618763, -0.6580901903692494, 0.06462802586584349, -0.6445756770614325, -0.6383616256966971, -0.39996843693833495, -0.001571904233983873, 0.451397593117697, 0.3369918532372529, 0.42264301635087764, 0.6471661004251034, -0.079930329004685]], "inverted": true, "swapped": false, "error_lsq": 0.04527790433379277, "error_max": 0.2811180641354761, "target": "540.xyz", "model": "6.xyz", "model_rescale": 3.89814844738969, "target_rescale": 4.028055334928155},
{"mapping": [9, 12, 11, 8, 1, 10, 4, 7, 6, 2, 0, 5, 13], "R": [[0.304463019804279, -0.9483479862315255, 0.08909751165026741], [-0.9392101531823321, -0.28330646823894606, 0.19396322644562075], [-0.1587027338481582, -0.14273591721982715, -0.9769544002687818]], "T": [-0.0522776194394199, 0.0951540655931003, -0.04385446458723076], "aligned_model": [[0.4103377004287512, -0.13587532850387532, 0.2768426568777266, -0.35694295121653913, 0.5409107588589971, -0.4443885478704507, -0.6210914538568301, 0.1718249555421401, -0.3823841721071658, -0.5748047576875428, 0.14178766160959033, 0.1321829872299481, -0.009767708400527327], [-0.18426945435329672, 0.03699668188156768, 0.41215265648671245, -0.6971136841825532, -0.03247521867802486, 0.691808573338172, 0.03737541656001616, -0.5921802929041609, -0.24918100631728007, 0.617879429849211, 0.7535529105550813, 0.12743380730106707, 0.04180144593397371], [-0.49505823023185, -0.7997300781987041, -0.3850840786547695, -0.22850316141622895, 0.2291590489362163, -0.3861883850385262, -0.11081110233682533, 0.11563202166383012, 0.46132533362879746, 0.1983105735865951, 0.22247032788935395, 0.7160820573506963, 0.06467070365771076]], "inverted": false, "swapped": true, "error_lsq": 0.04691771532852299, "error_max": 0.3547489102069768, "target": "540.xyz", "model": "7.xyz", "model_rescale": 3.7474275329858107, "target_rescale": 4.028055334928155},
{"mapping": [1, 12, 2, 4, 8, 13, 4, 11, 9, 10, 3, 0, 6, 14], "R": [[0.3288503833038726, -0.3050661303983422, -0.8937516889408815], [-0.15155223687223765, 0.917074724697978, -0.3687897352410307], [0.9321423415444218, 0.2567267134598776, 0.255346920279397]], "T": [0.04996426667876015, -0.01118760341195094, 0.004362131848626688], "aligned_model": [[-0.5612100507223147, 0.24274998761719913, -0.7326537601385267, -0.2305344742337141, -0.14170105228422308, 0.10833959918886533, -0.2305344742337141, 0.6479948672675127, 0.583724996003733, 0.49722932336591136, -0.3729098317998957, -0.24401274496768488, 0.11034175404337596, 0.013301319405258805], [-0.44822302235939765, -0.5310597277173028, 0.16920109451070187, 0.32341753746004615, 0.6164268165279757, -0.24110219189284385, 0.32341753746004615, -0.07116531226467196, 0.518898148249439, -0.43693152997385365, 0.35057845968896245, -0.3019913672784695, 0.1030144074381141, -0.017434736919502], [-0.012002964686765316, -0.26620996385202533, -0.2477458561490424, -0.6449341810117449, -0.18158103486317234, -0.8627269242756939, -0.6449341810117449, -0.15451527620582697, -0.11584194380794666, 0.44477039443069377, 0.45650961819455615, 0.5174156623612367, 0.8107432812656266, -0.042423341605629265]], "inverted": true, "swapped": false, "error_lsq": 0.05408919758280539, "error_max": 0.37761926774553134, "target": "540.xyz", "model": "8.xyz", "model_rescale": 4.019505241142653, "target_rescale": 4.028055334928155},
{"mapping": [6, 2, 4, 8, 7, 9, 12, 5, 1, 0, 10, 11, 13], "R": [[0.795720693835879, -0.3128854453557073, 0.5185858419643831], [-0.5042979085187639, 0.131924422574087, 0.8533929728982389], [-0.3354283781449445, -0.9405842039993307, -0.052812482634294985]], "T": [0.02839453096612235, -0.05183307069600096, 0.03280248284831], "aligned_model": [[-0.26977836302876224, -0.7115854256505021, -0.23283816601662996, 0.4009068708554513, 0.44933439505546224, 0.7204913564128076, 0.45658194559547816, -0.3287143013571584, 0.28615642347935455, -0.3821722718958649, -0.33269158131361487, 0.24480232241792518, 0.019207567187229574], [-0.5824300761873048, 0.1815335351422204, 0.08037194076291632, -0.32423951810906726, -0.6340799781509202, 0.03484404733259744, 0.5140375869347817, -0.6568502200913132, -0.4597376866472387, 0.09932452467174124, 0.651138157719552, 0.33585757749519296, -0.176391662759099], [-0.30231443620782156, -0.0209563623903488, -0.4628284835165054, -0.7031551090006064, -0.14576009262748224, 0.12853302773721353, -0.24677709129660336, 0.3777644304989916, 0.49091894835894107, 0.6249726857409632, -0.016068433223996814, 0.3907264154545789, 0.061647994516555504]], "inverted": false, "swapped": true, "error_lsq": 0.05220588242576092, "error_max": 0.25965243544455635, "target": "540.xyz", "model": "9.xyz", "model_rescale": 3.877068213659057, "target_rescale": 4.028055334928155},
{"mapping": [6, 3, 10, 14, 9, 13, 2, 4, 7, 5, 11, 12, 0, 15], "R": [[-0.4276839537263635, -0.8274444537263996, -0.3638984909592318], [-0.8194849529438171, 0.5248221200249183, -0.23023065441252694], [0.3814850555705374, 0.19974338119189455, -0.90253627852091]], "T": [0.012087850795279256, 0.04198238890617963, -0.06974966375795456], "aligned_model": [[-0.3679859329263218, 0.245865560704718, -0.6903011504792721, -0.48503878415384677, -0.25010351242473444, -0.08340300792670054, 0.20770183432344047, 0.63218013974728, 0.6924522318309988, 0.4324374852031015, -0.43922931565162493, -0.26452850900231, 0.04732152126946175, 0.012756897997592505], [-0.43490184682009153, -0.5460583962403819, 0.13991268724199057, 0.2505039881784595, 0.6138073180247569, -0.21482807845493518, 0.4107173864930218, -0.08905264492730126, 0.4917219477516955, -0.37487304717422926, 0.30945691599514297, -0.3762569301814664, 0.1287099569627448, 0.048186856079837456], [-0.16156425828498933, -0.11788863011514629, -0.08618520501084899, -0.6344667593905152, -0.26954266511440383, -0.7926385734238699, -0.585622738217536, -0.30724924867442954, -0.10329377865358737, 0.4406748385006577, 0.44931244128591874, 0.48410453833404266, 0.7208216189469643, 0.020061708600264655]], "inverted": false, "swapped": false, "error_lsq": 0.043770102891456796, "error_max": 0.3114884850194896, "target": "540.xyz", "model": "10.xyz", "model_rescale": 4.260839863003843, "target_rescale": 4.028055334928155},
{"mapping": [10, 12, 9, 11, 1, 0, 2, 4, 8, 7, 6, 13], "R": [[0.16874801172267376, -0.9837099025756375, -0.06195914875363029], [0.5147544281443941, 0.034346017363763054, 0.8566494205898854], [-0.8405664680710161, -0.17645163265291197, 0.5121648505010273]], "T": [-0.043761085793545415, 0.06201511247909279, -0.046209581575365984], "aligned_model": [[0.3350929881274891, 0.17599661705502911, -0.3877375220451322, -0.3407547953780653, -0.6580889801426615, -0.35131522668636683, 0.3689395667175506, 0.5308810715311016, 0.37230119490792307, -0.2165208851478564, 0.22860154544221345, -0.09849692528709456], [0.019604667051333166, -0.6382981598366441, -0.5387977093158157, -0.2154229487219279, 0.15348401005100937, 0.4843803304419197, 0.5613591442297018, 0.09531897342241082, -0.3065289909569573, -0.06040817954101489, 0.48211937430108004, 0.13626799440783866], [-0.7401915984109375, -0.25354186114287536, 0.08177260577251177, -0.4462955362057887, 0.19239625221719384, -0.5649555121796364, -0.4766210495082611, -0.03928240906419113, 0.6213769037297948, 0.6631936980046871, 0.43553164843576214, 0.04279493574724529]], "inverted": true, "swapped": true, "error_lsq": 0.04079091084296584, "error_max": 0.231619366315853, "target": "540.xyz", "model": "11.xyz", "model_rescale": 3.890672605050136, "target_rescale": 4.028055334928155},
{"mapping": [11, 12, 1, 2, 0, 10, 4, 7, 3, 5, 6, 9, 8, 13], "R": [[-0.3204811714786725, 0.6015207849173195, -0.7317544424464463], [-0.6470768485879331, 0.42515124607725474, 0.6328806917425012], [0.6917972034846388, 0.6763277040543358, 0.25297720446598304]], "T": [-0.12355732539648857, 0.028767052694613802, 0.013596855309965225], "aligned_model": [[-0.5621332370555544, 0.3419805018942943, -0.6540106004585224, -0.40800154562178587, -0.11353348854556712, -0.12321719236256552, 0.09897781058436146, 0.724369248840937, 0.5067309555224228, 0.37116015432307725, -0.4880822864625699, -0.2501189848099751, 0.22291296668898886, 0.023091155974241426], [-0.22469610379684976, -0.481266352633495, 0.5956781942127547, 0.041743508167128004, 0.6173552837737002, -0.48931085594606444, 0.2745343620156976, -0.05767179183771812, 0.6936075604161288, -0.42805801140950545, 0.09260020277986727, -0.669675688148047, 0.3781574099792901, 0.014048395356357022], [-0.20127464561338948, -0.2661755585479114, -0.0366959969535411, -0.6379299905302351, -0.03285695698992851, -0.7151936971333153, -0.6037633205583852, -0.009053114542117394, -0.10382093819219823, 0.4028752362936102, 0.45530402714615203, 0.33294040096588995, 0.5399767188845732, -0.06780887544668161]], "inverted": true, "swapped": false, "error_lsq": 0.056827542175085156, "error_max": 0.34621083162045685, "target": "540.xyz", "model": "12.xyz", "model_rescale": 4.124412569039231, "target_rescale": 4.028055334928155},
{"mapping": [0, 11, 9, 2, 1, 5, 10, 6, 12, 4, 7, 8, 13], "R": [[0.9307249140108684, -0.30958363162930613, -0.19470261802726677], [0.25322474796952155, 0.16139621255124575, 0.9538493012996788], [-0.263871865600018, -0.9370748303104312, 0.22860971314325826]], "T": [0.0940986393382043, 0.11489598545574058, 0.0195863328309027], "aligned_model": [[-0.3168651732427706, -0.012574889855335919, 0.5441706185542774, -0.6081542070306725, 0.5549185418135142, 0.2366040159636678, -0.6467773713863783, 0.2369648545284333, 0.02971836545361496, -0.18240258168470558, 0.7998409966815272, 0.5605851091586835, 0.17127002855590218], [-0.21325185438287048, 0.4261821896122651, 0.5955950557116017, -0.18230695119967855, -0.1388478196787486, -0.6428271105256436, 0.39321466327869287, -0.35685074643937137, 0.8720383214344207, 0.18208509944148843, 0.025947247574546542, 0.3739626250324187, 0.012544656649355765], [0.534860053683966, 0.48538411051936425, 0.2686624119463547, -0.13348775565696974, 0.42696473647645594, 0.15419369504374403, 0.043701581260576196, -0.4700950655199002, -0.04606018190377339, -0.48081694411890485, -0.18560204613279344, -0.6658909772931902, 0.019884462662909913]], "inverted": false, "swapped": true, "error_lsq": 0.04584905285382542, "error_max": 0.31190999263377156, "target": "540.xyz", "model": "13.xyz", "model_rescale": 3.9028299243045295, "target_rescale": 4.028055334928155},
{"mapping": [2, 6, 8, 0, 5, 3, 4, 7, 10, 9, 12, 1, 11, 15], "R": [[-0.5576856578685975, 0.06063146955197363, 0.8278348457921048], [0.7955706753760952, -0.24542571026445897, 0.5539255556686382], [0.23675727547277936, 0.9675174652899832, 0.08863377950619378]], "T": [-0.0562849295587757, 0.07317460162304483, -0.03030043428354036], "aligned_model": [[-0.6584108663001059, 0.1696107087149444, -0.7573661222548851, -0.44409529112692075, -0.2048889885952073, 0.047995766701408184, 0.14553082983305216, 0.8051788675273266, 0.5285609531664099, 0.5924840952502304, -0.4321426327268333, -0.21410121354397174, 0.06202710581836233, 0.04974224604797311], [-0.3304205554658494, -0.5539499049851296, 0.36636840065704074, 0.08382855157012235, 0.5557836280595592, -0.2671782838596339, 0.37364573077772983, -0.04121329348581877, 0.5318835301373378, -0.22330958893239133, 0.33503871328645646, -0.4186326447801826, -0.09017701580929584, 0.03537884575929893], [-0.1595485485194963, -0.020590847804224273, -0.1682486746254787, -0.7629026633653514, -0.11460461505204785, -0.542135266010785, -0.6033194336965764, -0.2860805969227267, -0.08409647883740928, 0.27308271235239473, 0.49353013274443547, 0.3639309807979889, 0.6804563452867167, -0.01294975756491807]], "inverted": false, "swapped": false, "error_lsq": 0.04638261486268076, "error_max": 0.3089681714376831, "target": "540.xyz", "model": "14.xyz", "model_rescale": 3.942246331269136, "target_rescale": 4.028055334928155},
{"mapping": [9, 5, 6, 7, 8, 2, 0, 1, 12, 3, 11, 4, 13, 14], "R": [[0.2843277124037573, 0.9100479080682361, 0.30161325730125665], [0.8142949502469653, -0.06317789560406484, -0.5770028487878848], [-0.5060449446062464, 0.40966005239426223, -0.759010642554366]], "T": [-0.08134975260639746, -0.04106525986971728, 0.029500657798318453], "aligned_model": [[-0.6300187840232633, 0.20295122236595517, -0.6055297665923616, -0.519740833424604, -0.31003008416567013, 0.01711680485846205, 0.12459911008730049, 0.6853498887904922, 0.6314425356893326, 0.4954150666913847, -0.5086502409707788, -0.044998185690913794, 0.17435586718559934, -0.02213714228915259], [-0.4998685059098021, -0.4971726230896287, 0.1276009214253081, 0.14415182789623754, 0.6699302484382934, -0.18670327310531581, 0.3119158533162994, -0.12692620031622975, 0.3140891297891274, -0.4027025941618388, 0.32301325648581175, -0.23043447979395032, 0.4187141038045212, -0.008561551849589136], [-0.3401264265982685, -0.30801761879639256, -0.06835853473589901, -0.6807721058549012, -0.1730619730385808, -0.7132926006533813, -0.5818150401494689, -0.21837228257263014, 0.2135353594579217, 0.25995393325156935, 0.47556360316418056, 0.5831086771140445, 0.6492969301745078, -0.04111863198017959]], "inverted": true, "swapped": false, "error_lsq": 0.05150649973222142, "error_max": 0.31482913407636715, "target": "540.xyz", "model": "15.xyz", "model_rescale": 4.355366556412066, "target_rescale": 4.028055334928155},
{"mapping": [1, 11, 9, 6, 7, 5, 8, 3, 12, 0, 4, 13], "R": [[-0.501689149277798, 0.07630150957412762, 0.861676318076358], [-0.32391008217937034, 0.9070667407731855, -0.26890925317970094], [-0.802116111395023, -0.41401450146078245, -0.4303507132801186]], "T": [0.094293140689891, 0.017477562547745764, -0.028151014871128404], "aligned_model": [[-0.2834703093326705, 0.5047706350854976, 0.2021703404776045, -0.4596449398941933, -0.4861309032661685, -0.5006605843901124, -0.20636302519629104, -0.25968642642699935, 0.655187168041255, 0.26565389555018615, 0.19479791229803162, -0.028815208314359242], [-0.5144651402299719, -0.37054489515633643, -0.5191167367343072, 0.43687655803279035, -0.16994074656958066, -0.023648075294977203, 0.28670107106911813, 0.49344639720909533, -0.039647053294876555, -0.12730961959392315, 0.5644244235953408, -0.003999755291390968], [0.10234726751937458, 0.05054276722301547, -0.4709877156444652, -0.028982791435734827, -0.4477564609585379, 0.4787118476845485, -0.7973901619093885, 0.6079809037410051, -0.5418177062575931, 0.673098891385395, -0.17687446265806625, 0.0003860825198689355]], "inverted": false, "swapped": true, "error_lsq": 0.039688776085051496, "error_max": 0.22455727183007307, "target": "540.xyz", "model": "16.xyz", "model_rescale": 3.795458400668931, "target_rescale": 4.028055334928155},
{"mapping": [9, 12, 11, 8, 1, 10, 4, 7, 6, 2, 0, 5, 13], "R": [[0.304463019804279, -0.9483479862315255, 0.08909751165026741], [-0.9392101531823321, -0.28330646823894606, 0.19396322644562075], [-0.1587027338481582, -0.14273591721982715, -0.9769544002687818]], "T": [-0.0522776194394199, 0.0951540655931003, -0.04385446458723076], "aligned_model": [[0.4103377004287512, -0.13587532850387532, 0.2768426568777266, -0.35694295121653913, 0.5409107588589971, -0.4443885478704507, -0.6210914538568301, 0.1718249555421401, -0.3823841721071658, -0.5748047576875428, 0.14178766160959033, 0.1321829872299481, -0.009767708400527327], [-0.18426945435329672, 0.03699668188156768, 0.41215265648671245, -0.6971136841825532, -0.03247521867802486, 0.691808573338172, 0.03737541656001616, -0.5921802929041609, -0.24918100631728007, 0.617879429849211, 0.7535529105550813, 0.12743380730106707, 0.04180144593397371], [-0.49505823023185, -0.7997300781987041, -0.3850840786547695, -0.22850316141622895, 0.2291590489362163, -0.3861883850385262, -0.11081110233682533, 0.11563202166383012, 0.46132533362879746, 0.1983105735865951, 0.22247032788935395, 0.7160820573506963, 0.06467070365771076]], "inverted": false, "swapped": true, "error_lsq": 0.04691771532852299, "error_max": 0.3547489102069768, "target": "540.xyz", "model": "17.xyz", "model_rescale": 3.7474275329858107, "target_rescale": 4.028055334928155},
{"mapping": [0, 3, 6, 4, 9, 8, 5, 10, 12, 11, 2, 1, 7, 13], "R": [[-0.9096031351508415, 0.3670429167251179, 0.19468341944212517], [0.2722273904009114, 0.17252405867061993, 0.9466402152324432], [0.3138700120101792, 0.9140650668643534, -0.25684756004096154]], "T": [0.017071261267090687, 0.0033567460013330976, -0.028973838067822194], "aligned_model": [[-0.7069014858582521, 0.23540515354670322, -0.6253568188305041, -0.4196727357465599, -0.15682127914636496, -0.029692362113494568, 0.29830659366754964, 0.6032837928436574, 0.4999541205292705, 0.5784181547383338, -0.5686849889354867, -0.13096597110689423, 0.19996248321789933, -0.08710919829407476], [-0.38466832059810246, -0.635752626829683, 0.42037626063602457, 0.2338252926297651, 0.6490079774295426, -0.36529451303728394, 0.37248946758892626, -0.11877202060913603, 0.57121711481719, -0.24825821674225954, 0.06638518398681631, -0.4925631261442277, 0.29198546760258054, -0.0029318278009088025], [-0.18531449142182763, -0.09574735340746907, -0.12051452725190355, -0.6963303785378504, -0.053874392275838345, -0.6444117829138165, -0.583832070712192, -0.37230866393355766, 0.030990060009275566, 0.3495974729421112, 0.36694251062645455, 0.4300107750205232, 0.6423409495217757, -0.011024818883163031]], "inverted": false, "swapped": false, "error_lsq": 0.039839505015967766, "error_max": 0.19972301241682772, "target": "540.xyz", "model": "18.xyz", "model_rescale": 3.922800546911778, "target_rescale": 4.028055334928155},
{"mapping": [8, 4, 5, 1, 3, 6, 2, 10, 9, 11, 12, 13, 7, 14], "R": [[0.9927948560497333, -0.09096542305582712, -0.07799785644146928], [0.04543746007889411, 0.8880992757171511, -0.4574003866332546], [0.11087745948915209, 0.45056072651635565, 0.8858336303721402]], "T": [-0.11542181343862391, 0.028601986037182354, -0.11121223298818718], "aligned_model": [[-0.5519116572089099, 0.2158177803903351, -0.8301787930144389, -0.2987971244992169, -0.149448918361797, -0.04851485688292252, 0.3237249064682475, 0.6098518987541095, 0.5617295614013889, 0.44496905468792125, -0.5649206991472686, -0.11473553878920317, 0.16602137485989193, -0.07348153014635497], [-0.39481323653294725, -0.6142463271416546, 0.292715134692951, 0.1535144726767135, 0.6115651912798944, -0.41962694660882144, 0.4632340744526351, -0.16041307169051053, 0.471309645649896, -0.21137392106187158, 0.21628410597046957, -0.41144783090951487, 0.2894006149816557, 0.07094420717034856], [-0.17893829593959415, -0.14110398461493573, -0.15480609769996734, -0.8174369776062199, 0.1498343165940592, -0.6311949779101599, -0.4736678425494742, -0.409292755024893, -0.020552817660831765, 0.2570502436520051, 0.5063152709908237, 0.4162054709737383, 0.5894908610250365, -0.035379125447064966]], "inverted": false, "swapped": false, "error_lsq": 0.043663764267370626, "error_max": 0.24857948032505203, "target": "540.xyz", "model": "19.xyz", "model_rescale": 3.9282355846067225, "target_rescale": 4.028055334928155},
{"mapping": [7, 5, 9, 8, 11, 6, 4, 3, 0, 1, 12, 2, 10, 13], "R": [[0.622563598375967, 0.6090564777166982, 0.4913906520564846], [0.6542198684431293, -0.0604923256555758, -0.7538813184255428], [-0.4294309370683751, 0.7908165940900009, -0.43611716866051997]], "T": [-0.09271529285700798, -0.012154973648988075, -0.1493297896826872], "aligned_model": [[-0.5164041176790363, 0.22956410414469147, -0.6094524424732903, -0.4180752259283461, 0.01580551174013632, -0.09246536381180893, 0.20241949702191786, 0.6025130790713327, 0.555922434052054, 0.5401447275186154, -0.8037386006103311, 0.05852333171552267, -0.0965052102612703, 0.02187373401159559], [-0.4398768704554601, -0.6310115225411184, 0.44634625112991344, 0.3410831772078611, 0.6826074444780152, -0.43877628819989745, 0.384914986630103, -0.124902547426368, 0.4213604917594305, -0.17241391959354388, 0.10988120811982985, -0.47971757078257743, 0.2539280917930104, 0.0036231808100454094], [0.01079370981949443, -0.17835933342928248, -0.11491801378443064, -0.7392325798602165, -0.011883114008584189, -0.6441411128791059, -0.5425202618293244, -0.41447232609421836, 0.02823830620958176, 0.21850993242670955, 0.3005005910591839, 0.5119026252509578, 0.6700723019686117, -0.03796743606685478]], "inverted": true, "swapped": false, "error_lsq": 0.05068587453997237, "error_max": 0.2555974572503534, "target": "540.xyz", "model": "20.xyz", "model_rescale": 4.067790424073018, "target_rescale": 4.028055334928155},
{"mapping": [6, 13, 2, 4, 0, 5, 8, 1, 7, 10, 3, 11, 12, 14], "R": [[-0.4406784843366367, -0.8807399480406042, -0.17349241299895168], [-0.3470799269510217, -0.011064982216854313, 0.9377702759611304], [-0.8278514345886212, 0.473470917896733, -0.30081105723624435]], "T": [-0.027829423814427087, 0.024048525854505592, -0.0742180015074115], "aligned_model": [[-0.6689096311957933, 0.22592471803368241, -0.6652069703527346, -0.4424346109266455, -0.14086376509715182, 0.0883647450976481, 0.15685631688548235, 0.7533465139901893, 0.48993263800791864, 0.5481607611791672, -0.6246747951385662, -0.16565819589256325, 0.1108292397150145, 0.024458494206134787], [-0.33125207290176784, -0.6282079987999425, 0.3939697775762617, 0.10050644779930415, 0.721143467546795, -0.2357164787374789, 0.2983891827108648, -0.04400044925471033, 0.5517094266481412, -0.41672113883392903, 0.17703674668764427, -0.3761246333770394, 0.1533326336410525, -0.00701879777595199], [-0.17587701450020937, -0.09135762279345412, -0.17732019465745563, -0.75592851171523, 0.0015441887906729318, -0.5914096278491808, -0.5387567812694468, -0.3159587561609918, -0.17501670348272863, 0.30689120992043967, 0.5123953495732481, 0.4145528304754573, 0.6681250872323928, -0.02536016478099204]], "inverted": true, "swapped": false, "error_lsq": 0.037603251703114064, "error_max": 0.25884338024359455, "target": "540.xyz", "model": "21.xyz", "model_rescale": 4.186013935880536, "target_rescale": 4.028055334928155},
{"mapping": [1, 0, 11, 8, 6, 9, 7, 5, 10, 2, 3, 4, 13], "R": [[-0.40882847997232935, -0.2915191495194521, -0.864798161091344], [0.9094877244974758, -0.2084808915329746, -0.359677351043987], [-0.0754410561426479, -0.9335696563883551, 0.35036601393258804]], "T": [0.12614189794291128, -0.02555889127111182, -0.045263993853049356], "aligned_model": [[-0.13990530879245802, -0.3385185053517271, 0.3313836247615155, 0.5613904287124111, -0.22683284832777342, 0.6042314753599651, 0.1630125418895707, -0.6203009022784203, 0.3029126985445546, -0.2212917436557977, -0.6428931508113359, 0.24973283494566725, 0.03565289042705333], [-0.46312549668594055, 0.3949348997855952, 0.18375991131332348, -0.5322290569139051, -0.2969092245051497, -0.3651240995093225, -0.7569836455037471, -0.25923609938806236, 0.7450922502316146, 0.6004554364158055, 0.19247369703439132, 0.1920649649887139, -0.11621687771722317], [-0.4700609036020895, -0.4317286736575825, -0.5344545343231484, 0.5101172739914678, 0.4881415099957763, -0.4348806017218272, 0.0631094728793794, -0.07335888515169664, -0.0029674567097824622, 0.25857189700309025, 0.2976041551585695, 0.47313342061276287, -0.04034711313957381]], "inverted": true, "swapped": true, "error_lsq": 0.056737130479167765, "error_max": 0.36246683612668296, "target": "540.xyz", "model": "22.xyz", "model_rescale": 4.166573947596378, "target_rescale": 4.028055334928155},
{"mapping": [8, 0, 9, 3, 12, 4, 2, 1, 6, 5, 14, 7, 13, 15], "R": [[0.2594591244920332, -0.6553568147325528, 0.7093577433858248], [-0.9402295442909983, -0.33916769115112916, 0.030556199396413963], [0.22056601451757876, -0.6748871925461427, -0.7041859914660448]], "T": [-0.13760561881094824, 0.11252761052247413, -0.0928261927239429], "aligned_model": [[-0.585144920361372, 0.2380247291454305, -0.7314128209466266, -0.36062626351865623, -0.09545430181035977, -0.04340289223514898, 0.2497992211864471, 0.5244319999549976, 0.5259174550393023, 0.47155931249333427, -0.4369554270453063, -0.03300532426763095, 0.03813903196982299, -0.07174434109245162], [-0.522676028779373, -0.606029307338655, 0.1982480542334817, 0.16257848300093602, 0.750437511905409, -0.3400203879640655, 0.28460732801115407, -0.09164473529225338, 0.48513914824306054, -0.155530339467994, 0.4881168040006716, -0.46134818217544254, 0.07307441692817866, 0.09209334762413574], [-0.3171118373975002, -0.18943654582389952, -0.1150563187667591, -0.6488687758184097, 0.05096386055495046, -0.6639476060294726, -0.6154305363384024, -0.2605131194963325, -0.09050145775442382, 0.4052952815343966, 0.5359028532670116, 0.32083429679252573, 0.7344406337189526, -0.09004743966011547]], "inverted": true, "swapped": false, "error_lsq": 0.04760008146712528, "error_max": 0.3255546370499569, "target": "540.xyz", "model": "23.xyz", "model_rescale": 4.274766983524099, "target_rescale": 4.028055334928155},
{"mapping": [9, 4, 10, 11, 2, 0, 1, 5, 7, 6, 13], "R": [[-0.9457446958748352, -0.2665461461695547, 0.1857959154200477], [0.2914027261212491, -0.9487639262059548, 0.12219436787088778], [0.14370602434734397, 0.16970611153526544, 0.9749607244775866]], "T": [-0.0036065643837220815, 0.10083589886132854, -0.06689790457008252], "aligned_model": [[0.28736124416736464, 0.04401765165848026, -0.605174968204741, -0.31215750929399944, -0.5375591647490707, -0.6600291009341386, 0.13322973632259644, -0.037480554926650554, 0.6867082024574037, 0.33117119039836473, 0.04980797706246563], [-0.3698596121872979, 0.6683538616737714, 0.47114005251173463, -0.24434262178115373, 0.6205169101943657, -0.09744335292111853, -0.4813314693478757, -0.06116327430168794, -0.10538350618876777, 0.45246573133441764, 0.06263381225709563], [-0.5021664952971185, -0.1507193682833594, -0.4245714767173696, -0.39990543558152136, 0.1561415300129995, 0.2011954733132735, 0.2247440799240261, 0.6980727060888334, 0.10347082331970195, 0.4301171074821788, 0.043187489759933084]], "inverted": true, "swapped": true, "error_lsq": 0.05888663239853751, "error_max": 0.26742427362055987, "target": "540.xyz", "model": "24.xyz", "model_rescale": 3.7841303162186577, "target_rescale": 4.028055334928155},
{"mapping": [2, 0, 5, 4, 3, 1, 6, 7, 11, 10, 12, 9, 14, 15], "R": [[-0.7016883597413498, -0.6077128195709766, 0.3719120524164125], [-0.5254048065098181, 0.08878484607869985, -0.8462074452539181], [0.4812309581686067, -0.7891782941996541, -0.3815945293950759]], "T": [0.03675345584486392, -0.04978372526072154, -0.04651979727539671], "aligned_model": [[-0.6829058231018247, 0.4270873353143442, -0.7469795789607072, -0.4156761700180538, -0.20330001987145002, -0.06687842561801152, 0.1994418555972955, 0.6595495835353914, 0.5589905245274845, 0.5925038827517403, -0.477876822427581, -0.21491379189990065, 0.015282793653106086, 0.045800115029949254], [-0.2753075501234619, -0.5544861924083399, 0.3418140426067832, 0.1277043736200757, 0.6925013256274796, -0.4521043601770495, 0.38988407870013125, -0.09091607414310642, 0.5085140755970424, -0.31217111149346977, 0.2507007697853183, -0.2975344810985185, 0.02637244251768321, 0.00207477391867663], [-0.041770631829313364, -0.41291416342341203, -0.08838223627888686, -0.612655603646603, -0.24749024201185366, -0.6633138744747414, -0.5962935316327805, -0.2288345616510811, 0.024187902544739973, 0.4305016150490085, 0.42256084755050993, 0.419767526078455, 0.7428078983522918, -0.09164765584381153]], "inverted": true, "swapped": false, "error_lsq": 0.04270616366368598, "error_max": 0.2969871888165916, "target": "540.xyz", "model": "25.xyz", "model_rescale": 4.19342608120988, "target_rescale": 4.028055334928155},
{"mapping": [1, 11, 9, 6, 7, 5, 8, 3, 12, 0, 4, 13], "R": [[-0.501689149277798, 0.07630150957412762, 0.861676318076358], [-0.32391008217937034, 0.9070667407731855, -0.26890925317970094], [-0.802116111395023, -0.41401450146078245, -0.4303507132801186]], "T": [0.094293140689891, 0.017477562547745764, -0.028151014871128404], "aligned_model": [[-0.2834703093326705, 0.5047706350854976, 0.2021703404776045, -0.4596449398941933, -0.4861309032661685, -0.5006605843901124, -0.20636302519629104, -0.25968642642699935, 0.655187168041255, 0.26565389555018615, 0.19479791229803162, -0.028815208314359242], [-0.5144651402299719, -0.37054489515633643, -0.5191167367343072, 0.43687655803279035, -0.16994074656958066, -0.023648075294977203, 0.28670107106911813, 0.49344639720909533, -0.039647053294876555, -0.12730961959392315, 0.5644244235953408, -0.003999755291390968], [0.10234726751937458, 0.05054276722301547, -0.4709877156444652, -0.028982791435734827, -0.4477564609585379, 0.4787118476845485, -0.7973901619093885, 0.6079809037410051, -0.5418177062575931, 0.673098891385395, -0.17687446265806625, 0.0003860825198689355]], "inverted": false, "swapped": true, "error_lsq": 0.039688776085051496, "error_max": 0.22455727183007307, "target": "540.xyz", "model": "26.xyz", "model_rescale": 3.795458400668931, "target_rescale": 4.028055334928155},
{"mapping": [12, 11, 10, 4, 3, 7, 9, 8, 1, 0, 6, 5, 13], "R": [[-0.80674774521132, -0.4120835959709598, 0.42349165933710453], [-0.4208434831485087, -0.10239134108251824, -0.9013361059908532], [0.41478770267195997, -0.9053745761854407, -0.09081871232929678]], "T": [-0.05031590958417626, -0.10775673553458132, -0.06877639760650224], "aligned_model": [[0.050253545741469334, 0.3905390019844079, 0.526389155418626, -0.1944348505838601, -0.015124715639507853, -0.7030100380813202, -0.13062652925923005, -0.8220260381311643, -0.1258488833548712, 0.5545760488933479, -0.554698106118807, -0.15811267176998547, -0.11819953627784893], [-0.8400845814112275, -0.39357859884239466, -0.24458421579584375, -0.12325019566782783, 0.7196863108598035, -0.15073679913395366, -0.663006016026627, -0.4490881384122963, 0.05699451087377233, 0.2910655822797594, 0.3290709188542985, 0.6107929731549836, -0.02140024747553236], [-0.2566607032381639, 0.15303145128392265, -0.5937807819163673, -0.6258764114152302, -0.3345042061336241, 0.27796487847591794, 0.3565748886126932, -0.27507870944427487, 0.5714187770070936, 0.06208897147951746, -0.2624870234567842, 0.2221486592673872, -0.002703128422661516]], "inverted": false, "swapped": true, "error_lsq": 0.053016249677291634, "error_max": 0.36053045064509337, "target": "540.xyz", "model": "27.xyz", "model_rescale": 3.6321398670334006, "target_rescale": 4.028055334928155},
