[{"mapping": [5, 3, 12, 7, 6, 4, 11, 2, 0, 9, 13], "R": [[0.1444805995679111, 0.7126723144163496, 0.6864572299953879], [-0.7301504143598019, -0.39143060546044567, 0.5600557592946246], [0.667836603338501, -0.5821342228157634, 0.46380385710770106]], "T": [-0.05815168508418073, -0.1473777021212323, 0.05530537819585579], "aligned_model": [[-0.31541819424785406, -0.4454641660128641, 0.009373311297917096, 0.6555512585162434, -0.1099085674477088, 0.4278707895669846, 0.38632098264332776, -0.2004867402551332, -0.333880581412285, 0.39932209775424415, 0.10428497137013518], [-0.5984787710670784, 0.13905464494511527, -0.4525080278344102, 0.10038860475066871, 0.24294354238635568, 0.585935296998368, -0.6209925280753047, 0.6027498232140491, 0.17836703721468344, 0.07859208344911783, -0.13597790935762985], [-0.4948973383552807, -0.14753904117195432, 0.5425996087869571, 0.030117127946627853, -0.6000699611339887, -0.3181091716910692, -0.20002751260156237, 0.14645181648914435, 0.698171130204227, 0.5810415913189563, 0.05038200330776396]], "inverted": false, "swapped": false, "error_lsq": 0.05229943078664807, "error_max": 0.24732921144496298, "target": "542.xyz", "model": "0.xyz", "model_rescale": 3.8414455957264533, "target_rescale": 3.6590643616946106},
{"mapping": [0, 13, 1, 5, 9, 6, 4, 8, 12, 10, 14], "R": [[-0.28272502912870473, 0.8879533644469814, 0.36277455874338826], [-0.9521746334807112, -0.21411389056708824, -0.2179878648505431], [-0.11588798583134804, -0.4070553579471863, 0.9060220252877089]], "T": [0.08753705895721428, -0.05227535684508496, -0.06805787425447092], "aligned_model": [[-0.28965458888716655, -0.652737441683224, 0.0621543660404372, 0.7172262897658276, -0.13543655793873052, 0.5966671573403715, 0.33978471205283567, -0.24426037100757556, -0.269807505844208, 0.3548846437729164, 0.09874445816152343], [-0.632105906213309, 0.08596350071297013, -0.7191819866164225, 0.010286269603070934, 0.32941687292024013, 0.5287636369550418, -0.4937798326486139, 0.6407143590732183, 0.2033627764594879, 0.25987365671331986, -0.09323955033506857], [-0.2849457815313663, -0.1559821746606932, 0.4824774627004524, 0.11606246813689024, -0.587772688261688, -0.18298134612917447, -0.2610919494883348, 0.11627366564253398, 0.5558359874515957, 0.47918024817315746, 0.011064361066448189]], "inverted": true, "swapped": false, "error_lsq": 0.04319201287072762, "error_max": 0.2051046076598289, "target": "542.xyz", "model": "1.xyz", "model_rescale": 4.316132596720782, "target_rescale": 3.6590643616946106},
{"mapping": [6, 8, 4, 5, 10, 9, 3, 1, 2, 0, 11], "R": [[0.5927699487597375, -0.0038480965329987793, -0.8053626388158635], [-0.7578555311524173, 0.33573532258155503, -0.5594075321916452], [0.2725413395231364, 0.9419485046031615, 0.19609750872156073]], "T": [0.12355694252669966, 0.0612615144285207, -0.05442960253063288], "aligned_model": [[-0.34119319316834906, -0.6262088666560512, 0.09217038879526049, 0.7411914226861828, -0.18325639377694405, 0.5489037740141315, 0.41076807419185035, -0.07000667036842992, -0.43044934760018017, 0.34992212618442403, 0.08572384747111259], [-0.5903772048876806, 0.19995302053855915, -0.5442155994606833, -0.020092845225691776, 0.1390635037863822, 0.6464467822207827, -0.4789142796487875, 0.5484784651011098, 0.08061037570381804, 0.1955597813482425, -0.05643820285211606], [-0.24276508473960173, -0.12960947567734232, 0.4217448192288799, 0.11191040769052975, -0.5994509101026175, -0.2174933340423127, -0.29262466163069994, 0.0861052121776653, 0.5728088320476401, 0.6048403252807371, -0.027345877133057035]], "inverted": true, "swapped": false, "error_lsq": 0.039060839153110094, "error_max": 0.19530917115800742, "target": "542.xyz", "model": "2.xyz", "model_rescale": 3.795458400668931, "target_rescale": 3.6590643616946106},
{"mapping": [1, 8, 0, 10, 6, 5, 2, 9, 7, 4, 11], "R": [[-0.5445545506399931, 0.8300856763408383, -0.12007544008267525], [0.6398790033871319, 0.5037259823429244, 0.5803576446786469], [0.5422316870135552, 0.23920264347709186, -0.8054606712633493]], "T": [0.06779458329159561, -0.008930952248467586, 0.0005882823327939581], "aligned_model": [[-0.3127258667502579, -0.5994555813732676, 0.13097636683321365, 0.7975379396630973, -0.08589216662950601, 0.45058367996796733, 0.38582522940173375, -0.2325616440104883, -0.43944103066828144, 0.42553980875719083, 0.05717842658160547], [-0.4957913322638075, 0.19870206622425363, -0.5729963446458012, -0.08769839720376905, 0.02835452922617719, 0.5736017702551537, -0.4982135475755454, 0.792951382232928, 0.10717022860971222, 0.12414174259647694, -0.050148300831843795], [-0.11957826638570494, -0.34902390913934966, 0.5391476936365823, 0.017353092114949748, -0.5671145205410306, -0.08858991134385702, -0.4965881063460585, 0.14662081697764295, 0.5596364415731717, 0.5156268681366841, 0.13063005441679093]], "inverted": false, "swapped": false, "error_lsq": 0.052301716135097105, "error_max": 0.25675893203901334, "target": "542.xyz", "model": "3.xyz", "model_rescale": 3.7530521520055578, "target_rescale": 3.6590643616946106},
{"mapping": [6, 8, 0, 2, 9, 3, 4, 5, 7, 1, 10], "R": [[-0.6243936521168856, 0.29197541811239747, 0.7244880415950482], [-0.16157826403047354, -0.9557296657923665, 0.2459131361219034], [0.7642153046027252, 0.03648508109490671, 0.6439284176587191]], "T": [0.08204367225052797, 0.06900401998637007, -0.01611822658919184], "aligned_model": [[-0.2968922170124091, -0.8232070533203677, 0.0663365551426835, 0.7444285692404398, -0.0655246426269823, 0.601847255824749, 0.34203157849440036, -0.18700578313774616, -0.3737681748007311, 0.47820440350505833, 0.09111467046391258], [-0.5341804006868767, 0.017765509645209454, -0.6307358870599464, -0.06248456884349679, 0.27228295737801944, 0.574886280935842, -0.5563450285885192, 0.7059857939784376, 0.056486409491320055, 0.28414297207086403, -0.007730241696918744], [-0.2133786867060267, -0.15531316530998648, 0.4201589040616147, 0.05677198039503951, -0.5001275600739292, -0.2484050270203592, -0.3008211603025248, 0.18244247482803824, 0.3727645450382238, 0.6332643856800414, 0.04076356250968991]], "inverted": true, "swapped": false, "error_lsq": 0.04662869398156655, "error_max": 0.3036558269762662, "target": "542.xyz", "model": "4.xyz", "model_rescale": 3.7855080009869324, "target_rescale": 3.6590643616946106},
{"mapping": [7, 8, 5, 1, 13, 12, 4, 14, 9, 2, 16], "R": [[0.5701961447499846, 0.8213470826785012, 0.016288839362277707], [-0.7115505863966547, 0.5036886010111731, -0.48989137184684534], [-0.4105753518062566, 0.2677438383734027, 0.8716312967661533]], "T": [0.0005573660407536055, -0.0023229167773937166, -0.0033742875656705834], "aligned_model": [[-0.2405227595350651, -0.6122670999966466, 0.0036569493116985225, 0.7559952070769141, -0.15924581166500254, 0.38693931461157993, 0.3967362551379925, -0.01838099586262889, -0.288367505246387, 0.35526983460822864, -0.0022482266676764626], [-0.6852336321098125, 0.0033144062764179603, -0.6962142613119812, -0.03819526800802325, 0.42096558844037635, 0.5210676335062866, -0.5880219327970487, 0.6302034297762783, 0.23387828090506696, 0.2780085364586709, 0.040301015487703554], [-0.19542323917025534, -0.3493862358830408, 0.41328917277472477, -0.037001385822594254, -0.5691988404272857, -0.20296533120869226, -0.22016850873550126, 0.23589367497162728, 0.6029634336871992, 0.5809022125162818, 0.02921530039735773]], "inverted": true, "swapped": false, "error_lsq": 0.044054631336445854, "error_max": 0.2367023589275919, "target": "542.xyz", "model": "5.xyz", "model_rescale": 4.2253639853439635, "target_rescale": 3.6590643616946106},
{"mapping": [10, 2, 1, 9, 11, 12, 8, 7, 3, 0, 13], "R": [[0.5770860793427244, 0.7731269854393854, -0.26314695782822795], [0.7294717068027206, -0.34309056041242575, 0.5917430999430524], [0.3672093217814174, -0.5334449659911471, -0.7619670480116154]], "T": [-0.01265725621905004, -0.04590252827064307, 0.003791601873807702], "aligned_model": [[-0.34115331479530936, -0.6742703420783891, 0.1711439277742203, 0.5867969559326861, 0.10574302147797307, 0.47448814319614, 0.35415951088993614, 0.021714355477521118, -0.43872542624790356, 0.37130836115530935, -0.053640031009177296], [-0.726911945356749, -0.14752297932766467, -0.6324578683268535, -0.13931246811158515, 0.3213617546650354, 0.7184825418165337, -0.514479203856703, 0.6992310522027746, 0.36876325674602295, 0.1860392509367464, -0.013119594763623246], [-0.18811719867750698, -0.042176001760522996, 0.4048847827837827, 0.07106461397997105, -0.6719687917082652, -0.2192523151592918, -0.4340967789529951, 0.2739503618412692, 0.3904796853766719, 0.6684991052608517, 0.034852790115856624]], "inverted": false, "swapped": false, "error_lsq": 0.04441590313048894, "error_max": 0.2328866465292125, "target": "542.xyz", "model": "6.xyz", "model_rescale": 3.89814844738969, "target_rescale": 3.6590643616946106},
{"mapping": [10, 2, 9, 8, 4, 7, 11, 0, 1, 6, 12], "R": [[0.4651218960628609, 0.628318740761453, -0.623600177847017], [-0.29208132384166796, 0.7739122945926515, 0.5619148160898018], [0.8356734542067181, -0.079216919192046, 0.5434837234434284]], "T": [0.10691735223465358, 0.09701626762090801, 0.018399024050718263], "aligned_model": [[-0.32199103481226354, -0.5860549521260237, 0.19204591678888344, 0.7311020381040142, -0.13430646390785345, 0.4567539911055528, 0.5315182492781612, -0.05979878772890447, -0.5149012417779093, 0.29161927050989883, -0.008421823660548736], [-0.478555839100537, 0.09068446077484735, -0.702309972306614, -0.12151118476879585, 0.13150643163057169, 0.515824756529479, -0.4059060635621643, 0.6321090541318869, 0.3313445057129086, 0.12482834523788819, 0.0020593023444644143], [-0.13541257673796042, -0.12753636621526, 0.40798414786177944, 0.16096831524965471, -0.5783566106076453, -0.34696169533163046, -0.45290085527267254, 0.2104714738395313, 0.5411116841296365, 0.668389439943022, -0.059636703758634016]], "inverted": true, "swapped": false, "error_lsq": 0.044012524163175096, "error_max": 0.23958859865939988, "target": "542.xyz", "model": "7.xyz", "model_rescale": 3.7474275329858107, "target_rescale": 3.6590643616946106},
{"mapping": [8, 3, 4, 11, 6, 10, 9, 0, 1, 12, 14], "R": [[0.0779074027070989, -0.6119487592473429, -0.7870509212618152], [0.7280399920327321, -0.5044071586927347, 0.46425336645037113], [-0.6810933905158779, -0.6091733204229816, 0.40622611816625726]], "T": [0.07859224564379856, -0.020000173633189063, 0.08635091323194473], "aligned_model": [[-0.22130394699639816, -0.540005287365484, -0.08753630067475872, 0.6885395587715372, -0.12859371487140941, 0.48283188244587877, 0.4518035810057057, -0.25483947008632485, -0.35283536383433245, 0.47936394993638426, 0.060140273442208715], [-0.6070306185270898, 0.02184150371252064, -0.6964479547776469, -0.09438711436691338, 0.4321236882301275, 0.5811867100839722, -0.5062571887400887, 0.5453140768016139, 0.3075047311351691, 0.18202241827732502, -0.04579645520505439], [-0.08877146187788452, -0.2738169687013833, 0.4427854111812155, -0.008046193961002743, -0.5614114580871498, -0.13821089690689742, -0.3659850841252292, 0.027560379745976707, 0.6073236334222699, 0.5096847439087877, 0.13700814850111823]], "inverted": true, "swapped": false, "error_lsq": 0.05132272810213914, "error_max": 0.27778338927168417, "target": "542.xyz", "model": "8.xyz", "model_rescale": 4.019505241142653, "target_rescale": 3.6590643616946106},
{"mapping": [11, 8, 1, 2, 5, 3, 6, 4, 7, 0, 12], "R": [[-0.10222141956274433, 0.2808543995786915, -0.9542911440539885], [0.428928047916167, -0.8531111016058168, -0.2970221844033475], [-0.8975363564187269, -0.43968426689410045, -0.03326010150907199]], "T": [0.06048705646051034, -0.1838556898895282, 0.03515061122421001], "aligned_model": [[-0.3506251076602748, -0.5964458731788403, 0.22885548443718523, 0.6374721279200769, 0.09012187727542859, 0.5027126020149782, 0.4100570552393814, -0.13060055986524505, -0.44366476870725435, 0.1822612620317846, 0.04742106226578662], [-0.3539177325017808, -0.027175323426215703, -0.5434550906674376, -0.053385121216801446, 0.15202964169111358, 0.5250345547602602, -0.5634958767443322, 0.6209206465484224, 0.28782242951661585, 0.2456553949683948, -0.16995972630430445], [-0.3999530708648553, 0.029923747299848796, 0.581635419422378, 0.041300427454986244, -0.5452178411973422, -0.16577722567546757, -0.47645077896691024, 0.0935906868536311, 0.620756860276584, 0.5077364223873733, 0.0005756061095951517]], "inverted": false, "swapped": false, "error_lsq": 0.05330586689176102, "error_max": 0.3313259618437027, "target": "542.xyz", "model": "9.xyz", "model_rescale": 3.877068213659057, "target_rescale": 3.6590643616946106},
{"mapping": [8, 11, 1, 4, 9, 13, 7, 6, 12, 3, 15], "R": [[0.35565071403695936, 0.8337304657774374, -0.42238143903294145], [-0.5413863104970777, -0.18461164465826044, -0.8202556939533758], [-0.7618486939093372, 0.5203960521478903, 0.3857129975740091]], "T": [0.042574125576123154, 0.10449398649399258, -0.007457085382893608], "aligned_model": [[-0.25375891884012314, -0.6878827257584839, 0.14357163425565078, 0.6635641704108924, -0.1404972009824313, 0.5333852293692042, 0.42432546013116784, -0.04021815525029092, -0.42454762830677795, 0.37947765614974444, -0.019854359405545516], [-0.49194517946651883, 0.011459376405770882, -0.6745057371063078, -0.13069818485887386, 0.0765136480539525, 0.6664531702073562, -0.5842708214425674, 0.6650545100213572, 0.2421678647795525, 0.2837589033907454, 0.056086246639467804], [-0.39703375807188623, -0.0567787431791236, 0.361142350420553, 0.1234882715237419, -0.6409768514143293, -0.20980537966109794, -0.22229546028450328, 0.2358984422369552, 0.5591454084350433, 0.499614352764883, 0.03572162032958518]], "inverted": true, "swapped": false, "error_lsq": 0.039380943372481304, "error_max": 0.2117009348423963, "target": "542.xyz", "model": "10.xyz", "model_rescale": 4.260839863003843, "target_rescale": 3.6590643616946106},
{"mapping": [1, 2, 7, 6, 3, 5, 0, 4, 9, 10, 11], "R": [[0.30258193640646774, 0.8137909001989636, -0.49617390349944157], [-0.877476616361341, 0.4410931166195908, 0.1883391892566929], [0.3721276118478237, 0.37839296138297407, 0.8475492948945559]], "T": [-0.024784568254458232, -0.01640033565614815, 0.10012982962579971], "aligned_model": [[-0.3574797401376768, -0.6405359980008211, 0.2352754517809173, 0.8113656988076988, -0.07183070488058618, 0.3879945368067376, 0.5253236079017155, -0.15492764779365503, -0.4121666531412727, 0.2753582445406909, -0.02081163411074104], [-0.5219392543608591, 0.12543733521916986, -0.585500538903072, -0.05786422621935866, 0.0927358046183501, 0.44076727504455493, -0.5368319013577897, 0.7022636307895772, 0.39433245468250655, 0.14239245842685164, -0.07571924131599607], [-0.2961086937685808, -0.16649608439499458, 0.2953204388408834, 0.05125436210400931, -0.5996623076030403, -0.17775879626411767, -0.34322809508345187, 0.1519732552627398, 0.6631280147086461, 0.6274181117987785, 0.08228004749894906]], "inverted": false, "swapped": false, "error_lsq": 0.04037208272572631, "error_max": 0.2053615507936332, "target": "542.xyz", "model": "11.xyz", "model_rescale": 3.890672605050136, "target_rescale": 3.6590643616946106},
{"mapping": [11, 12, 6, 0, 4, 3, 1, 7, 5, 8, 13], "R": [[0.43625964094187936, -0.49578921658220765, -0.750913163026234], [0.5044351679260656, -0.556300753750947, 0.6603594723599642], [-0.7451326640569884, -0.6668751937933581, 0.007401949635493288]], "T": [-0.02939204925848233, -0.168279361500178, 0.026065985461564495], "aligned_model": [[-0.27396715167897623, -0.6376700396243008, 0.17175390332185403, 0.5290497159677098, 0.04582299079095927, 0.5179028679588548, 0.5674341515721865, -0.21264994836307016, -0.4398821015521638, 0.3879504612306729, -0.07817968785071923], [-0.6045836257413847, 0.2528757082195989, -0.5778220516110117, -0.06662725202530673, 0.17162537198969005, 0.5619029701486153, -0.598636041685554, 0.6529058418791122, 0.1956515411244568, 0.1481722235476833, -0.015390889221964299], [-0.20324553229582212, -0.06201602422783807, 0.3780225661343629, -0.1367350687044914, -0.5820988883405026, -0.11664067919722096, -0.22669853778505436, 0.1640354547041755, 0.5774500593318648, 0.5209141127667392, -0.024867209286391502]], "inverted": false, "swapped": false, "error_lsq": 0.043535746492064716, "error_max": 0.2309099078909137, "target": "542.xyz", "model": "12.xyz", "model_rescale": 4.124412569039231, "target_rescale": 3.6590643616946106},
{"mapping": [6, 1, 11, 7, 0, 5, 9, 4, 2, 10, 12], "R": [[-0.15344831435683595, 0.699883476642167, 0.6975791954640843], [-0.4256860636130253, 0.590258273454783, -0.6858473196447051], [-0.8917650980312547, -0.4021918568810813, 0.20735650506279005]], "T": [0.08878503440515514, -0.030009181019806576, -0.163265653387768], "aligned_model": [[-0.29303201948808055, -0.7252020062884074, 0.08694222186766945, 0.7126831629788947, -0.04525723228315878, 0.5277824625566951, 0.3585549574073138, -0.15196571029911338, -0.37211329215893874, 0.38405747948713365, 0.09511513799299905], [-0.52024013490039, -0.013163739023767752, -0.4537009900258122, -0.03760720110811281, 0.38459130671199193, 0.5852566712103392, -0.6089639250577846, 0.6450299919892512, 0.06532950874221155, 0.07535318742832667, -0.0018108793423182758], [-0.41126195174260793, -0.16563790456069813, 0.737309005571535, -0.10185661684616883, -0.5465494903906334, -0.21301571095616106, -0.18928228267983688, 0.16021147034297528, 0.5584536691011068, 0.5048081649794995, -0.04505809971918895]], "inverted": true, "swapped": false, "error_lsq": 0.05324224626812712, "error_max": 0.32186616017080677, "target": "542.xyz", "model": "13.xyz", "model_rescale": 3.9028299243045295, "target_rescale": 3.6590643616946106},
{"mapping": [8, 13, 2, 3, 10, 7, 0, 9, 11, 6, 15], "R": [[-0.7781506139544858, -0.5957083537532868, -0.19903059883044588], [-0.49030985372336766, 0.37811278335420195, 0.7852559903661407], [-0.392527539599487, 0.7086340948138803, -0.5863103703016739]], "T": [-0.024779181641007987, -0.06427623744485514, 0.028226950679403465], "aligned_model": [[-0.25179878497908953, -0.7168149111950923, 0.1708064559278845, 0.596319288742241, -0.11407958902735768, 0.4417691835682577, 0.44875175148039004, 0.06321945861345882, -0.4550830066396517, 0.3860050475073363, 0.00847026777462987], [-0.785895787516612, 0.04624160766685795, -0.6560863964026741, -0.11273150586468539, 0.4500850814583892, 0.6748328342006267, -0.6657745699448776, 0.6608223596289395, 0.28249987717097724, 0.18265824984621776, 0.04342204638077572], [-0.12744733818063597, -0.3479694165646778, 0.42021772057950635, 0.004180697580397463, -0.5035723280957011, -0.2098452210859797, -0.28986835048299886, 0.28771436906157116, 0.5185754317226406, 0.4915712484953284, 0.04456344007037033]], "inverted": false, "swapped": false, "error_lsq": 0.04432723054622048, "error_max": 0.2557583497342238, "target": "542.xyz", "model": "14.xyz", "model_rescale": 3.942246331269136, "target_rescale": 3.6590643616946106},
{"mapping": [0, 1, 8, 6, 5, 10, 7, 4, 13, 11, 14], "R": [[-0.36667392427660495, -0.9067453327103957, -0.20823816860390518], [-0.8993669800483303, 0.40275178346621987, -0.17008831856869414], [0.23809508280168454, 0.12491558158489682, -0.9631753885056272]], "T": [0.022569540613245072, 0.10114514018824977, -0.0346863456924312], "aligned_model": [[-0.20751795431154973, -0.720879858195281, 0.16898720150190522, 0.5249773230690412, -0.19487402721324143, 0.5101829299762318, 0.4549037545564564, -0.005977192114418883, -0.3041114933249885, 0.39002917901180584, -0.038154701182954054], [-0.5774485916753966, 0.01769909394830406, -0.5332357902839622, -0.11462589753254648, 0.1660638839087106, 0.6204012417630078, -0.5792652104744007, 0.6429952289326328, 0.27742420328591405, 0.16974678004455346, 0.0303188547071183], [-0.19987646229405975, -0.3460722550698152, 0.38360019475669105, 0.08286648816180237, -0.6273780106530239, -0.07477124976474725, -0.3194816937834307, 0.187231527181486, 0.6885944023465115, 0.577178225772182, -0.06377091355377516]], "inverted": true, "swapped": false, "error_lsq": 0.04235403522414775, "error_max": 0.2058796446348374, "target": "542.xyz", "model": "15.xyz", "model_rescale": 4.355366556412066, "target_rescale": 3.6590643616946106},
{"mapping": [6, 8, 4, 5, 10, 9, 3, 1, 2, 0, 11], "R": [[0.5927699487597375, -0.0038480965329987793, -0.8053626388158635], [-0.7578555311524173, 0.33573532258155503, -0.5594075321916452], [0.2725413395231364, 0.9419485046031615, 0.19609750872156073]], "T": [0.12355694252669966, 0.0612615144285207, -0.05442960253063288], "aligned_model": [[-0.34119319316834906, -0.6262088666560512, 0.09217038879526049, 0.7411914226861828, -0.18325639377694405, 0.5489037740141315, 0.41076807419185035, -0.07000667036842992, -0.43044934760018017, 0.34992212618442403, 0.08572384747111259], [-0.5903772048876806, 0.19995302053855915, -0.5442155994606833, -0.020092845225691776, 0.1390635037863822, 0.6464467822207827, -0.4789142796487875, 0.5484784651011098, 0.08061037570381804, 0.1955597813482425, -0.05643820285211606], [-0.24276508473960173, -0.12960947567734232, 0.4217448192288799, 0.11191040769052975, -0.5994509101026175, -0.2174933340423127, -0.29262466163069994, 0.0861052121776653, 0.5728088320476401, 0.6048403252807371, -0.027345877133057035]], "inverted": true, "swapped": false, "error_lsq": 0.039060839153110094, "error_max": 0.19530917115800742, "target": "542.xyz", "model": "16.xyz", "model_rescale": 3.795458400668931, "target_rescale": 3.6590643616946106},
{"mapping": [10, 2, 9, 8, 4, 7, 11, 0, 1, 6, 12], "R": [[0.4651218960628609, 0.628318740761453, -0.623600177847017], [-0.29208132384166796, 0.7739122945926515, 0.5619148160898018], [0.8356734542067181, -0.079216919192046, 0.5434837234434284]], "T": [0.10691735223465358, 0.09701626762090801, 0.018399024050718263], "aligned_model": [[-0.32199103481226354, -0.5860549521260237, 0.19204591678888344, 0.7311020381040142, -0.13430646390785345, 0.4567539911055528, 0.5315182492781612, -0.05979878772890447, -0.5149012417779093, 0.29161927050989883, -0.008421823660548736], [-0.478555839100537, 0.09068446077484735, -0.702309972306614, -0.12151118476879585, 0.13150643163057169, 0.515824756529479, -0.4059060635621643, 0.6321090541318869, 0.3313445057129086, 0.12482834523788819, 0.0020593023444644143], [-0.13541257673796042, -0.12753636621526, 0.40798414786177944, 0.16096831524965471, -0.5783566106076453, -0.34696169533163046, -0.45290085527267254, 0.2104714738395313, 0.5411116841296365, 0.668389439943022, -0.059636703758634016]], "inverted": true, "swapped": false, "error_lsq": 0.044012524163175096, "error_max": 0.23958859865939988, "target": "542.xyz", "model": "17.xyz", "model_rescale": 3.7474275329858107, "target_rescale": 3.6590643616946106},
{"mapping": [4, 10, 0, 2, 12, 7, 6, 11, 3, 1, 13], "R": [[-0.8552145590413516, -0.5148583790976995, 0.05940460821010474], [0.5180719096864654, -0.8524481916409625, 0.07023942597908676], [0.014475993835498201, 0.09084563853560758, 0.9957597679970468]], "T": [-0.017731954838363033, 0.013830289181258004, -0.025115028449511814], "aligned_model": [[-0.1976876862686526, -0.6611403663895364, 0.19609996975864227, 0.6493791755245745, -0.11175830536404652, 0.4554172329227759, 0.40967287870196334, -0.13604225027059605, -0.368829545753809, 0.2857561805065811, 0.05669787840511047], [-0.760115039807594, 0.25497209081638106, -0.6197139601275736, -0.1900173028347161, 0.38959115878394934, 0.5633235746824765, -0.564434633282991, 0.7017836073921451, 0.17830811957076953, 0.22104065923452274, -0.05466447780343442], [-0.2656360971365036, -0.09080839122551278, 0.4769208098844849, 0.10619233153025205, -0.6648022470147652, -0.22909114799870767, -0.3042809274667696, 0.16051785593098272, 0.5319008656441517, 0.5609542772276533, 0.006252923724555111]], "inverted": true, "swapped": false, "error_lsq": 0.040752942797459606, "error_max": 0.20473016423988333, "target": "542.xyz", "model": "18.xyz", "model_rescale": 3.922800546911778, "target_rescale": 3.6590643616946106},
{"mapping": [2, 11, 1, 5, 7, 12, 0, 13, 4, 8, 14], "R": [[0.924437884279422, -0.373839193101111, 0.07522536680200978], [0.10570492386750129, 0.06167825120723645, -0.9924828776347647], [0.36638922907087823, 0.9254404632549453, 0.09653435549751335]], "T": [0.007897170008984551, -0.046148757537312055, 0.0820491839398583], "aligned_model": [[-0.26624625356942516, -0.6002937891153158, 0.22237155719678056, 0.7697088882643272, -0.17420868394720757, 0.49353967303588475, 0.5171492184169256, -0.13587747365189984, -0.513953452916602, 0.28346707238583585, -0.018091594326296256], [-0.6513081504222673, 0.28725991854702043, -0.6708778929866803, -0.09205683743260491, 0.358532473401059, 0.4554310407057449, -0.5697520624009913, 0.6225677433306372, 0.20033674056748219, 0.19157239212150845, -0.011631568806973656], [-0.185824770187092, -0.07977178108000946, 0.4162605968164238, 0.09036027982941074, -0.5822410977440954, -0.2801429057235342, -0.32408449602897593, 0.14498438972562822, 0.5188374228707777, 0.5739236983543788, -0.004181083733091465]], "inverted": true, "swapped": false, "error_lsq": 0.0426701178610363, "error_max": 0.2508685050730713, "target": "542.xyz", "model": "19.xyz", "model_rescale": 3.9282355846067225, "target_rescale": 3.6590643616946106},
{"mapping": [10, 11, 7, 5, 0, 3, 2, 4, 8, 6, 13], "R": [[0.30177271172522413, -0.22655892950587736, -0.9260692641045574], [-0.8860128589445726, 0.2920060895088925, -0.36015782300901117], [0.3520148352596383, 0.9291950791684576, -0.11261465537954733]], "T": [0.005586892548101276, -0.05089519872269084, 0.15070333965593635], "aligned_model": [[-0.31583149496819646, -0.5952482081140589, 0.20760540118704754, 0.7016401602165627, -0.1426760371305427, 0.41501543265885754, 0.42911430961982244, -0.19847878250936304, -0.39132244710873654, 0.44067041726038725, 0.027076410661227], [-0.5959843783101904, 0.1295961592898336, -0.5466337622863173, -0.05271840714520189, 0.3111090890448351, 0.49901042910418464, -0.6280742277657798, 0.543164917980079, 0.33832869728644116, 0.19050174557902605, -0.06822646615297559], [-0.43393531409056, -0.19539378951597897, 0.4693403983022765, 0.09416417864608811, -0.5472708629603713, -0.1596627992327348, -0.2569792645612555, 0.08129424121599828, 0.6699232487472879, 0.57411082171405, -0.007470605164978994]], "inverted": false, "swapped": false, "error_lsq": 0.0398114798977305, "error_max": 0.21229825687698767, "target": "542.xyz", "model": "20.xyz", "model_rescale": 4.067790424073018, "target_rescale": 3.6590643616946106},
{"mapping": [4, 0, 6, 13, 7, 9, 5, 12, 3, 11, 14], "R": [[0.07088017327992391, -0.4875088771024849, -0.8702362298721436], [-0.9961755581404064, -0.07928184077641154, -0.036723930709464836], [-0.051090687991627304, 0.8695110605790923, -0.4912639383581542]], "T": [0.06316274253013003, -0.04717605969775987, -0.03167660356506977], "aligned_model": [[-0.2094676369756296, -0.5832815502846133, 0.010734322903426144, 0.7477998474573866, -0.09048225013423473, 0.3172116044418458, 0.3582831602399859, 0.010732565680791992, -0.40862443777778484, 0.3081891421475223, 0.11647039407431065], [-0.7810451957313765, 0.17268951978849192, -0.5695203017431288, -0.13375366301636843, 0.30384446064210413, 0.6345248769137858, -0.48122980316924013, 0.6571553206724889, 0.1613277228513019, 0.14701952582695849, 0.009061333588917524], [-0.20366864432305684, -0.2271936942895892, 0.4898257035370818, 0.08622105645254047, -0.6718654567469137, -0.30515952488410486, -0.3018014037723821, 0.26527835948315803, 0.6448498525404254, 0.5342583679929687, -0.022624362890306497]], "inverted": true, "swapped": false, "error_lsq": 0.04272713436743132, "error_max": 0.17771682446373394, "target": "542.xyz", "model": "21.xyz", "model_rescale": 4.186013935880536, "target_rescale": 3.6590643616946106},
{"mapping": [3, 4, 0, 2, 11, 8, 5, 9, 7, 1, 12], "R": [[-0.48911864642019726, -0.4847153437301427, 0.7251303229603929], [0.41594241870648696, -0.8603671004462037, -0.29455111065889655], [0.7666517162601749, 0.1575420198625166, 0.6224352640499788]], "T": [-0.003959115452868284, 0.06105475700971024, 0.05188390330486892], "aligned_model": [[-0.3196938133865074, -0.7120959243762747, 0.24730654918045739, 0.7292755601536214, -0.11354136658154354, 0.5093944847346652, 0.4022919872333257, 0.0973125125439102, -0.4668624949038789, 0.23599484663336792, -0.03181717945813669], [-0.6344297041917554, 0.0503211907676711, -0.44652216803493566, -0.0451879553627726, 0.22526855714127425, 0.47956410905027896, -0.5041290812178074, 0.6682577275703153, 0.14413972569018976, 0.14396712966141673, 0.03882426555005933], [-0.4667215531691725, -0.10949515101126137, 0.5002360773209725, 0.023980508870229678, -0.5481090439834988, -0.33410331686271294, -0.2858527495587473, 0.13250257448959463, 0.6150367148516557, 0.7379384714499456, 0.022707720702815817]], "inverted": true, "swapped": false, "error_lsq": 0.04342547040030564, "error_max": 0.2172090936885193, "target": "542.xyz", "model": "22.xyz", "model_rescale": 4.166573947596378, "target_rescale": 3.6590643616946106},
{"mapping": [10, 8, 5, 12, 9, 11, 14, 3, 4, 2, 15], "R": [[0.7800563464057331, 0.6097891753496256, -0.14024713208676465], [0.5076309514134298, -0.7477922653742277, -0.4279223586277965], [-0.3658181427967111, 0.2626097665223135, -0.8928679616426278]], "T": [0.05405166108188214, -0.04986906142770469, 0.09702682733011223], "aligned_model": [[-0.16857202007454708, -0.7102798598969646, 0.051711508517138766, 0.6893240224921287, -0.04430618168481269, 0.507457412891362, 0.40846414017624866, -0.04309758802311797, -0.4258162038602184, 0.25799567330955314, 0.0546842579262361], [-0.6357003441076904, 0.1480638131805228, -0.7644481274499522, -0.0442613390739246, 0.17979841526483065, 0.5296823277260057, -0.44285029559065753, 0.543386932822441, 0.337294503673572, 0.3473244278985273, -0.07821651771973982], [-0.31307271903145295, -0.07818459755043711, 0.521801194836076, -0.0635313724214692, -0.44889235276714334, -0.1869392604030686, -0.4911358266000684, 0.09102676894122874, 0.4966325322675833, 0.6004683940510412, 0.15994749177753165]], "inverted": false, "swapped": false, "error_lsq": 0.04434320294308123, "error_max": 0.22173086228072453, "target": "542.xyz", "model": "23.xyz", "model_rescale": 4.274766983524099, "target_rescale": 3.6590643616946106},
{"mapping": [1, 9, 0, 3, 4, 5, 2, 7, 8, 6, 10], "R": [[0.7260189459107771, 0.5709517037382789, 0.38328924088338434], [0.2394387824795534, 0.31261054185727327, -0.9192082019675474], [-0.6446437462841886, 0.7591368790396493, 0.09025319528209425]], "T": [0.07232694442556269, -0.008280185287675254, 0.12883453086746793], "aligned_model": [[-0.2893770595152022, -0.6837608491631665, 0.16859123088973338, 0.6155061745865071, 0.1260410141559874, 0.4825925948875534, 0.3866651754029269, -0.1958189293365593, -0.44466524999574336, 0.4063367105340023, 0.005454349326967908], [-0.46026780248543797, 0.13750219150157889, -0.6159901733255533, -0.11959475231440637, 0.11861536743643115, 0.6227614305657965, -0.5541103256521547, 0.5640115235645328, 0.16966567109613373, 0.30410594729027723, -0.04662528105326319], [-0.17093335923572078, -0.23824066993623777, 0.5382134503916588, 0.036207996433027106, -0.5557769825635852, -0.18693361781816142, -0.6003653424083353, 0.08867899768503258, 0.624884398126428, 0.6246847465918174, 0.12770063583389757]], "inverted": true, "swapped": false, "error_lsq": 0.04751472797930209, "error_max": 0.24373022727982863, "target": "542.xyz", "model": "24.xyz", "model_rescale": 3.7841303162186577, "target_rescale": 3.6590643616946106},
{"mapping": [10, 9, 11, 6, 8, 4, 7, 5, 12, 3, 15], "R": [[-0.813308032649803, 0.566954483246833, 0.13073889227626148], [0.5325136535955486, 0.8158693067269986, -0.22535856556857764], [-0.23443389849086962, -0.11366568641029466, -0.965464064049641]], "T": [-0.008667644295797174, -0.04553355899434836, -0.10626132146994609], "aligned_model": [[-0.3761995585289618, -0.5831396013189184, 0.276894139490313, 0.6859883309069638, -0.10027483662068384, 0.43529011851992655, 0.3093838348461568, -0.04308343601877342, -0.45666183163123014, 0.3764113662901836, 0.05295663583803073], [-0.7148284032104207, 0.057865733351794464, -0.5739958426630332, -0.0421253887166957, 0.22674069920591705, 0.5535580726172553, -0.5835641573187048, 0.7076951482694823, 0.29857514499521143, 0.23156280816629599, -0.041410018073167604], [-0.2553244248962734, -0.14409339070314675, 0.37187009513354324, 0.0924040069935, -0.6229165588136795, -0.079897243125363, -0.28562656889153976, 0.34184671603599104, 0.39976468021418304, 0.5448405496267715, -0.0747476084741655]], "inverted": true, "swapped": false, "error_lsq": 0.04203672701012611, "error_max": 0.1901260735386822, "target": "542.xyz", "model": "25.xyz", "model_rescale": 4.19342608120988, "target_rescale": 3.6590643616946106},
{"mapping": [6, 8, 4, 5, 10, 9, 3, 1, 2, 0, 11], "R": [[0.5927699487597375, -0.0038480965329987793, -0.8053626388158635], [-0.7578555311524173, 0.33573532258155503, -0.5594075321916452], [0.2725413395231364, 0.9419485046031615, 0.19609750872156073]], "T": [0.12355694252669966, 0.0612615144285207, -0.05442960253063288], "aligned_model": [[-0.34119319316834906, -0.6262088666560512, 0.09217038879526049, 0.7411914226861828, -0.18325639377694405, 0.5489037740141315, 0.41076807419185035, -0.07000667036842992, -0.43044934760018017, 0.34992212618442403, 0.08572384747111259], [-0.5903772048876806, 0.19995302053855915, -0.5442155994606833, -0.020092845225691776, 0.1390635037863822, 0.6464467822207827, -0.4789142796487875, 0.5484784651011098, 0.08061037570381804, 0.1955597813482425, -0.05643820285211606], [-0.24276508473960173, -0.12960947567734232, 0.4217448192288799, 0.11191040769052975, -0.5994509101026175, -0.2174933340423127, -0.29262466163069994, 0.0861052121776653, 0.5728088320476401, 0.6048403252807371, -0.027345877133057035]], "inverted": true, "swapped": false, "error_lsq": 0.039060839153110094, "error_max": 0.19530917115800742, "target": "542.xyz", "model": "26.xyz", "model_rescale": 3.795458400668931, "target_rescale": 3.6590643616946106},
{"mapping": [0, 7, 1, 9, 3, 4, 2, 10, 5, 11, 12], "R": [[0.7588185379755167, 0.6508816345854992, -0.023399234688517408], [-0.6447975808266818, 0.7456904588101657, -0.1678744155597966], [-0.09181778795395845, 0.14247398849893095, 0.9855306471218683]], "T": [0.13241993586009881, -0.05943621870924581, 0.19341387741235178], "aligned_model": [[-0.2683247709814094, -0.5649841336415415, 0.16854652699469785, 0.4996229674145744, 0.006340267971162217, 0.44638664742756934, 0.4275278046859705, -0.1302693210978224, -0.49475388277984433, 0.5128357872942011, -0.02536273151455054], [-0.5306516522904154, 0.20649181024747915, -0.6157591520468693, -0.14159065953582742, 0.06381352182000846, 0.6522031441783632, -0.6737407229385405, 0.6015998899799098, 0.15377290086915582, 0.434299898365429, -0.030365182024757652], [-0.3621334987729183, -0.12770595362764847, 0.39229282000518806, -0.01343599951553709, -0.5235170660210755, -0.11294784319420842, -0.3637003260862261, 0.1520370022617798, 0.5512620860447675, 0.5442457722095957, 0.15172325979610407]], "inverted": false, "swapped": false, "error_lsq": 0.050697352276837936, "error_max": 0.31569979453062946, "target": "542.xyz", "model": "27.xyz", "model_rescale": 3.6321398670334006, "target_rescale": 3.6590643616946106},
{"mapping": [13, 2, 9, 12, 4, 7, 6, 3, 0, 8, 14], "R": [[-0.8151152116632268, -0.49417459772627387, -0.3022890316853862], [0.3301210958057083, 0.03255093769951062, -0.9433771772514539], [0.4760328285100213, -0.8687530739036025, 0.13660469524796953]], "T": [-0.022020297701825044, 0.02779241700660221, 0.14237044915666117], "aligned_model": [[-0.30978040815114355, -0.7945235376382066, 0.14891745227012806, 0.7945661890749471, 0.1381284074038294, 0.5277192848752229, 0.3170779501499534, -0.11230670908486967, -0.4094732657381166, 0.33781817066246517, -0.06057837205120242], [-0.6422657420312823, -0.05545750270726687, -0.5933312315752843, -0.09629664627129328, 0.19222270799722938, 0.5293186203476654, -0.436372568048977, 0.7079437996732163, 0.2800463942866533, 0.23066115166719586, 0.003604813286078465], [-0.22463570100298816, -0.030116822512418706, 0.3200157700268721, 0.10634067191154992, -0.6537340188729754, -0.07475910367797287, -0.3805737946141007, 0.11404130270785895, 0.561488359446964, 0.4528381108817021, 0.09721547880533052]], "inverted": true, "swapped": false, "error_lsq": 0.04309398596267754, "error_max": 0.2011986506774575, "target": "542.xyz", "model": "28.xyz", "model_rescale": 4.156811204709835, "target_rescale": 3.6590643616946106},
{"mapping": [7, 4, 1, 0, 3, 5, 8, 9, 2, 10], "R": [[0.20604402889904894, 0.8901063283495461, 0.40651762863022045], [0.44779019721821894, 0.28361612752506116, -0.8479657018317173], [-0.8700745930265499, 0.3567528786706258, -0.34014347874081796]], "T": [-0.04634884805482049, -0.03980394698725223, -0.03194584711512208], "aligned_model": [[-0.6960871425317481, 0.0017708874744486874, 0.10120661738733187, 0.7254629467347095, -0.16746869310465018, -0.5928876739896002, -0.43946585975415337, -0.4978721538908068, 0.287739572394913, -0.07947312660985636], [-0.06242986102403411, -0.5802179273285943, 0.12153546210962213, 0.0444598021151873, -0.30302393094019997, -0.5957161237650119, 0.5605018878839575, 0.2445671956270639, 0.4707796253377827, 0.018264200610430825], [-0.25218870234411966, -0.3388683198169484, -0.6950976090856145, -0.16528073935214416, 0.5850326082246355, 0.08258849533586889, -0.3011123887873395, 0.43116036900814136, 0.4368597797179187, -0.024306765925298915]], "inverted": true, "swapped": true, "error_lsq": 0.056371250280759344, "error_max": 0.30074864266745305, "target": "542.xyz", "model": "29.xyz", "model_rescale": 4.117894457231895, "target_rescale": 3.6590643616946106},
{"mapping": [5, 6, 1, 3, 11, 12, 2, 13, 7, 4, 14], "R": [[0.18970222053681624, 0.4298461698333921, -0.8827487399044894], [0.6861213587672556, 0.5850772099841033, 0.43234493104533167], [0.7023179825170193, -0.6876895583304871, -0.18393619218751792]], "T": [-0.03901124243376237, -0.007102084072385599, -0.02717769220854188], "aligned_model": [[-0.32065201135219623, -0.6623338100642929, 0.12225469587868282, 0.4991303207026327, 0.12263748152607373, 0.4486718259962948, 0.41173285602836557, 0.02995631035549342, -0.35520611302059524, 0.3575027825758506, -0.0761291768533024], [-0.7480179359016851, -0.12699008409713097, -0.5022480804994889, -0.10224877869133639, 0.3187943962870306, 0.5785657079541141, -0.5241984382100031, 0.693539942417416, 0.29445985674931713, 0.20784558884119259, 0.030571621774509], [-0.2873198635707633, -0.12143949450468504, 0.6576961408594066, -0.06044878461654164, -0.6542062437437666, -0.11046265490194555, -0.512153950681167, 0.329754415913494, 0.4587079533054252, 0.6021888290145236, -0.014196093974159019]], "inverted": false, "swapped": false, "error_lsq": 0.04821460096953778, "error_max": 0.22817897753374164, "target": "542.xyz", "model": "30.xyz", "model_rescale": 4.100398675895297, "target_rescale": 3.6590643616946106},
