[{"mapping": [5, 4, 11, 3, 10, 6, 2, 9, 8, 13, 0, 1, 12, 14], "R": [[0.632323771302997, 0.5540863448949537, 0.5414378733022891], [0.3759666198092342, -0.8305567060307579, 0.4108827799464904], [0.6773593942910765, -0.05624838191706222, -0.7334987188109727]], "T": [-0.004037453743584558, -0.060344498491202325, 0.21155997331874907], "aligned_model": [[0.34773233692654626, 0.47476319455539195, -0.7853664128225908, -0.38343645261361187, -0.6677769698459504, -0.18845594822903872, -0.6902785396644961, -0.04896856205161921, -0.2886740582535178, 0.38432214745438725, 0.3771556982190407, 0.24271933997950518, 0.6397299147188611, -0.04197358724460393], [-0.7281182454053472, -0.21733405146357584, -0.15907543902519528, -0.3174031927007149, 0.3829106744575118, 0.16004476093471673, 0.3762997112238369, 0.32228408155303695, 0.6030159141344733, -0.2506468319399078, 0.6033749595383497, 0.5449021609395626, -0.13026256429773025, 0.04528139386101776], [0.10888610379571798, -0.3019136417137994, 0.2818347396629728, -0.12595142263913742, 0.5563251153143006, -0.5780150491804797, -0.10757164454866411, 0.7338438896046618, 0.106503327518152, 0.7890987256642873, 0.326720994316546, -0.24009855667484317, 0.19716888680730746, 0.15075661925281192]], "inverted": false, "swapped": true, "error_lsq": 0.06042355227782826, "error_max": 0.40948262318287504, "target": "544.xyz", "model": "0.xyz", "model_rescale": 3.8414455957264533, "target_rescale": 4.1294950206153525},
{"mapping": [7, 2, 3, 10, 6, 8, 5, 11, 4, 0, 1, 1, 9, 13, 14], "R": [[0.427091394907735, -0.19562370120038264, -0.882793468442324], [-0.8000601576733172, -0.5366587571499911, -0.2681438466159046], [-0.4213035538652765, 0.8208098110420528, -0.3857130664076571]], "T": [0.025446624804310418, -0.07042421467266242, 0.08511399443896331], "aligned_model": [[0.5958661754451866, 0.0067804467112053055, -0.4551133287149509, -0.6138973104092541, -0.2992014188343165, -0.03190453645784081, -0.5141276665685306, 0.0207286649738112, 0.09505470127350418, 0.524176325079172, -0.26775918377500035, -0.26775918377500035, 0.49675121686553314, 0.5243507703725107, -0.03528285395694072], [-0.22953279798626364, -0.2924812646198163, -0.687140543734905, 0.16588594706601256, 0.28811997057321936, 0.7055393581647289, -0.21824233698347334, -0.06722866183500817, -0.5841517394751337, -0.4963381557235994, -0.6477030689307496, -0.6477030689307496, 0.3285678943471057, 0.3101764784747138, -0.10722990709553415], [0.33463553077945885, 0.7886386691893194, 0.03928842753997963, 0.023647415104624092, 0.6983650757846234, -0.052340636010084374, 0.4334416731963313, -0.7670790185733902, 0.24960101763160306, -0.22372798844123445, -0.4887129563141053, -0.4887129563141053, 0.375263884039844, -0.34042656361623613, 0.03014790960432942]], "inverted": true, "swapped": false, "error_lsq": 0.04605634643852955, "error_max": 0.3647221999089146, "target": "544.xyz", "model": "1.xyz", "model_rescale": 4.316132596720782, "target_rescale": 4.1294950206153525},
{"mapping": [0, 9, 8, 4, 1, 12, 6, 5, 2, 13, 3, 14], "R": [[-0.2145813795940044, -0.4045700822209247, -0.8889757477587833], [-0.7730311427476145, 0.6266591428659789, -0.09859599892893084], [0.5969737715124935, 0.6660490726922685, -0.447214656392116]], "T": [0.10885379271034329, 0.07844180922127948, 0.07719796206400753], "aligned_model": [[-0.22377998981279018, 0.3811233574535742, 0.2197413156463465, -0.5485146355359503, -0.40438190587183814, -0.4326025126516379, -0.1782997478970894, -0.16800661951717655, 0.4691364245570753, 0.10888269248930149, 0.2775495512714313, 0.09696062450053422], [-0.6171470232035927, -0.4927691909727799, -0.3798803272842624, 0.3686172396615844, -0.2653546224557336, 0.01947453801957528, 0.31087551077777714, 0.6285046822102941, -0.0043468074016289465, -0.11621028691410827, 0.5355441172051132, 0.025468598098741947], [0.009339714535396643, 0.22138950600207363, -0.4793509656493028, 0.0423281613424526, -0.4224028715858028, 0.4277403907441113, -0.6774726557757257, 0.5255112833907059, -0.7144916573914409, 0.7719639147807575, -0.21697194818017668, -0.038324411003627795]], "inverted": false, "swapped": true, "error_lsq": 0.04900957594698294, "error_max": 0.24517432618386903, "target": "544.xyz", "model": "2.xyz", "model_rescale": 3.795458400668931, "target_rescale": 4.1294950206153525},
{"mapping": [4, 12, 0, 10, 6, 2, 9, 3, 7, 11, 1, 14], "R": [[0.7982653758012317, -0.17074669400844558, 0.5775967072985309], [0.5128386681445034, 0.6955916449625139, -0.5031389111509027], [-0.315862138048691, 0.697852298085727, 0.6428322330155662]], "T": [0.07486807370908317, -0.2013787826823418, -0.03575478797010984], "aligned_model": [[-0.09958204428338317, -0.34118744698496767, -0.6661148917190021, 0.2099260609864978, 0.15847993549209116, 0.3147654529986578, -0.21870374211109816, 0.5664862301746888, 0.3905719971221399, 0.6978439300533265, -0.457426518076617, 0.03824486209123126], [-0.15585453911512756, -0.5145048809503284, -0.05337641088665099, 0.11760233984908722, 0.5444374522443499, 0.5731890008294604, -0.3090933447616243, 0.04103315305847047, -0.46554077465072563, 0.03426899850160184, 0.3547224384225385, -0.08111438725134182], [-0.7322069639797962, -0.4209585188420181, 0.13197517868984499, 0.761677767333455, -0.4136139194228207, 0.2897048555524992, 0.532942922631506, -0.1890021587712805, 0.5838783178051394, 0.3903115089065457, -0.23227898789960494, -0.013658571364369994]], "inverted": true, "swapped": true, "error_lsq": 0.0535805236308684, "error_max": 0.33772648792906956, "target": "544.xyz", "model": "3.xyz", "model_rescale": 3.7530521520055578, "target_rescale": 4.1294950206153525},
{"mapping": [9, 1, 12, 4, 13, 6, 7, 8, 11, 3, 14], "R": [[0.08819186575088625, -0.9938731291215908, -0.06662130309019505], [0.8692586100909157, 0.1094495511240676, -0.4820894777336979], [0.48642744947030603, -0.015394770826423432, 0.8735853349461716]], "T": [0.03473277393588659, -0.10110008628314943, 0.05052953636107772], "aligned_model": [[-0.39310602092428554, -0.26305095173993265, 0.437058279371743, 0.5039428214696494, 0.304129953442736, -0.11650043431135326, -0.21335434410002432, -0.650545189172162, -0.30964107300683824, 0.10247682046122839, -0.06321025904555566], [-0.5888715266834081, 0.21268779017793932, -0.30983404545649545, 0.21834749009692106, -0.7702705749876491, 0.6942208871341091, -0.49261732015802534, 0.07158434141226538, 0.10973868062811404, 0.3571354265792379, -0.034917790428662554], [0.03513760620720223, -0.6158561500287496, -0.412175970368387, -0.39145022689380576, 0.03552336628852172, -0.1744224338439318, 0.6323909876322416, -0.13023587571411432, 0.7303199096440126, 0.3812373740756336, 0.002362190246692847]], "inverted": true, "swapped": true, "error_lsq": 0.05066776345393231, "error_max": 0.23216035023152387, "target": "544.xyz", "model": "4.xyz", "model_rescale": 3.7855080009869324, "target_rescale": 4.1294950206153525},
{"mapping": [6, 7, 0, 3, 10, 15, 5, 12, 4, 11, 1, 2, 8, 13, 16], "R": [[-0.26473872998379167, 0.2564451061871487, 0.9295963168812746], [0.896802565173584, 0.41983624451233814, 0.13958039580061354], [-0.35448351716920323, 0.8706166982699323, -0.34112754322820804]], "T": [-0.027478379431027343, -0.06833273068904282, -0.007057007400107153], "aligned_model": [[0.5261690981943756, 0.08608635991256502, -0.4716016673974521, -0.7204686287141806, -0.2941005516013804, 0.03223056183588093, -0.5348745965531333, 0.21288667480169948, 0.076247329395595, 0.6052859864243667, -0.05573426512267676, -0.5924162694253772, 0.36087900347695867, 0.6016524057478556, -0.05357862274600826], [-0.3042755407832706, -0.22519903565534716, -0.7084800250414621, -0.06246038979721774, 0.353448951345195, 0.7531480032685927, -0.35860397108908704, -0.1677018704882958, -0.7274554783092434, -0.4132501549430937, -0.7391130969643618, -0.1556940443105458, 0.41413023945459465, 0.20249714875097924, -0.04045263212688839], [0.24569292623159653, 0.7167285162323768, 0.030888083714324825, 0.039274789566593964, 0.5239581563022265, -0.03742726843068308, 0.5527598648591163, -0.6358778704202582, 0.3120024929495298, -0.3433269228696775, -0.3568558697949112, -0.4750301571744814, 0.32718526931643827, -0.24309359443293055, -0.0448489324483037]], "inverted": false, "swapped": false, "error_lsq": 0.03844502025450082, "error_max": 0.23049995882404045, "target": "544.xyz", "model": "5.xyz", "model_rescale": 4.2253639853439635, "target_rescale": 4.1294950206153525},
{"mapping": [4, 6, 8, 0, 1, 10, 9, 12, 11, 3, 2, 7, 13, 14], "R": [[-0.3320797934421813, -0.9401497713474551, -0.07642917128116888], [0.6853830179574167, -0.2961708358840691, 0.6652315045661286], [-0.6480533384552397, 0.16852668455487957, 0.742715037622074]], "T": [0.22333231175107096, 0.04591035598186252, 0.03698143952707721], "aligned_model": [[0.6315985644477563, -0.14833206665067813, -0.4230055728838801, 0.116526427981423, -0.01652350363365604, -0.5261288643882147, 0.010227501194676497, 0.7625070297567896, -0.31026027490871166, 0.051734709882493624, -0.616385936081374, 0.011984821481208663, 0.7091107165012352, 0.12100860005871508], [-0.13710839796634564, -0.014803793495897305, -0.2910921994633777, -0.7089356293943636, -0.5828683217747991, 0.12172543618535311, -0.21943449449232813, -0.305091212150562, 0.6149351316834323, 0.48208697304488346, 0.1363543792390829, 0.40865886612796254, -0.046618103168770686, -0.0127094877392799], [-0.5263778920729516, -0.714144185660666, 0.009078948568071656, 0.17074929957229573, -0.3852914863647972, 0.47108778109613003, 0.5895955671206107, -0.03798913220744208, 0.16602034760694995, -0.2858822109108929, -0.18690050775878989, 0.651099887202441, 0.5623831849991552, -0.011871392258666152]], "inverted": true, "swapped": true, "error_lsq": 0.05068808624471493, "error_max": 0.2921050800068282, "target": "544.xyz", "model": "6.xyz", "model_rescale": 3.89814844738969, "target_rescale": 4.1294950206153525},
{"mapping": [8, 10, 11, 1, 3, 9, 0, 6, 12, 13, 7, 5, 14], "R": [[0.9640059811323205, 0.05204085890388993, 0.2607378325936954], [-0.25168068992014964, -0.1375861556437379, 0.9579806261592637], [0.08572805061606142, -0.9891217310218813, -0.11953619768859756]], "T": [-0.045699613399535655, 0.08679313022526741, 0.11482128510321866], "aligned_model": [[-0.058424395064575835, 0.12457584965793869, 0.5732540892014282, -0.2888864679022295, 0.5145151327122173, -0.4134279970819448, -0.6786759090284542, 0.36636369596052576, -0.5111510874709577, -0.5322948186872474, 0.07416726895356013, 0.011878438801764049, -0.03326199914780187], [-0.19762980665717345, 0.39001899786125455, 0.4097696582481941, -0.6241167733917543, 0.008426075289489743, 0.3933879185370444, -0.19583347300232995, -0.6353507052812906, -0.07915120366560047, 0.555224973513134, 0.7635197606798454, 0.17424705144538077, 0.0012687918942916598], [-0.5567765152203582, -0.6820153585030952, -0.2563171797340424, -0.14339398255710922, 0.17770815140578705, -0.32333324880666686, -0.22949980217930716, -0.006514747683237565, 0.5335687833983425, 0.36856501961592, -0.16990438844998512, 0.8693027399757869, 0.02088555957426176]], "inverted": true, "swapped": true, "error_lsq": 0.051457813047757275, "error_max": 0.3268144247442682, "target": "544.xyz", "model": "7.xyz", "model_rescale": 3.7474275329858107, "target_rescale": 4.1294950206153525},
{"mapping": [1, 0, 6, 5, 2, 4, 3, 11, 0, 12, 10, 7, 2, 13, 14], "R": [[0.43866772746802896, 0.835571272098377, -0.33074351712760086], [0.8986030761907442, -0.4041214593545303, 0.17087526898207517], [0.009117913059848715, -0.37216460784586325, -0.92812195768033]], "T": [-0.014910246348925507, -0.11051908532235807, -0.07367494208715294], "aligned_model": [[0.4660938959702345, 0.0019220148305057558, -0.5545327695487315, -0.7310573600884941, 0.11747535749041814, 0.11194367409127733, -0.4776776125142522, 0.009398256741285619, 0.0019220148305057558, 0.5224786771161125, 0.014869573282648001, -0.474425496852616, 0.11747535749041814, 0.6305572861195352, 0.02221994927024218], [-0.18420810653655986, -0.5969082542656811, -0.6884791813954723, -0.09964990937624517, 0.39651587071933414, 0.6596092892543735, -0.14341553860798162, -0.1802841851915588, -0.5969082542656811, -0.24767043455028043, -0.8145384064738638, -0.4292040013769751, 0.39651587071933414, 0.41711106441079393, -0.0679477197529889], [0.4990438050079242, 0.37057216138699767, 0.13054983163135622, -0.067622131283435, 0.5850959597427152, -0.0185730783593437, 0.4730413693196366, -0.6909446425484834, 0.37057216138699767, -0.3439438288303438, -0.3542695205742402, -0.4624721781341825, 0.5850959597427152, -0.4099633871967302, -0.05415299769062662]], "inverted": false, "swapped": false, "error_lsq": 0.05534658588865376, "error_max": 0.4348586223605874, "target": "544.xyz", "model": "8.xyz", "model_rescale": 4.019505241142653, "target_rescale": 4.1294950206153525},
{"mapping": [9, 1, 12, 13, 7, 5, 4, 10, 11, 2, 6, 3, 14], "R": [[0.24398634169484182, -0.8181321734932765, 0.5207018453602171], [0.4755753126570128, -0.36699321828243364, -0.7994648833600428], [0.8451619886492485, 0.442691455112779, 0.29954213144827885]], "T": [0.08180228733756395, -0.07032216123194224, -0.07563044853232626], "aligned_model": [[-0.20679849176199644, -0.5873297718563888, 0.15924330505039355, 0.37448618466542294, 0.27470899119110154, 0.7281793439774404, 0.1570341558375264, -0.3074079047381189, 0.17769430230485386, -0.4145732660600336, -0.27321715063887414, 0.2709647686233313, -0.03328369485348198], [-0.6300486515556567, 0.3382486448720106, 0.16987251969729178, -0.44715173504516426, -0.749933069901716, 0.24668260162843786, 0.5917746062995368, -0.6821088622107674, -0.3824321886680937, -0.0717497015075591, 0.5672810744486592, 0.15587974141211067, -0.042936751355031104], [-0.23253733271665072, -0.2042385566554108, -0.6721549392475632, -0.6168557038227938, 0.15741831773171416, -0.3244483883037601, -0.3467742669662908, 0.4040785837014498, 0.6444760268852076, 0.6434239691053418, 0.34082319287541285, 0.4111826264027478, -0.027690034945525577]], "inverted": true, "swapped": true, "error_lsq": 0.058739949854797434, "error_max": 0.37106438684951, "target": "544.xyz", "model": "9.xyz", "model_rescale": 3.877068213659057, "target_rescale": 4.1294950206153525},
{"mapping": [11, 8, 2, 4, 1, 5, 7, 6, 9, 10, 14, 13, 0, 12, 15], "R": [[0.5319711020709693, 0.7900644454404446, -0.304638997195502], [0.5537965218323273, -0.5967799833599076, -0.5806574410677652], [-0.6405592548451822, 0.14018496178917078, -0.7550046473501695]], "T": [-0.0516633195658967, -0.13551511265931954, -0.0488467006308134], "aligned_model": [[0.6390570986130486, 0.0845051795289922, -0.5122933833737957, -0.6867549009635494, -0.25246125125883817, -0.07138062657319533, -0.5751701949492084, 0.15948615634983693, 0.05124599809836126, 0.48378646047949686, -0.017485892130342483, -0.45017831593292773, 0.42799227908022336, 0.49309713207004674, 0.005217079190939833], [-0.196441579782104, -0.3535545325355459, -0.5952983495848081, 0.09150552303370085, 0.44591057077355084, 0.6398146752663665, -0.12244083137794132, -0.06802235690007741, -0.7435478315343436, -0.5365608551314796, -0.8482996322032643, -0.4629701841137032, 0.3131466201158872, 0.3410930918015858, -0.08379622451727588], [0.2038359971906706, 0.6786420532632806, 0.0806703920950344, 0.007818932272529909, 0.5631426583256075, 0.04846922818878171, 0.577297199772429, -0.624316249664802, 0.18642163343685467, -0.28478445715607076, -0.36553531550507834, -0.6246917056565242, 0.40104127638610043, -0.23398417789429107, -0.0019979814535651327]], "inverted": false, "swapped": false, "error_lsq": 0.03636600454320747, "error_max": 0.25277302117642025, "target": "544.xyz", "model": "10.xyz", "model_rescale": 4.260839863003843, "target_rescale": 4.1294950206153525},
{"mapping": [11, 6, 1, 8, 0, 9, 7, 3, 4, 12, 13, 14], "R": [[0.7342082250749519, -0.5457220643512679, 0.4038882403740908], [-0.5758646589894971, -0.185474271729177, 0.7962281011452945], [-0.359608365808137, -0.8171821847095799, -0.4504387863340358]], "T": [0.1200662021679574, 0.08549733470292303, 0.009407837162565963], "aligned_model": [[0.48950984220725335, 0.17594465114829605, -0.4110020212458938, -0.3411314911951844, -0.6458807257309052, -0.3264281638119247, 0.24385753183814568, 0.5728042513650903, 0.19740354339528987, -0.05899732140387, 0.008783819859202277, 0.054034732668630764], [0.15138603855579347, -0.740327535444649, -0.5011259995377226, -0.20152025791891787, 0.034433662489091466, 0.4859160623061539, 0.6631414862257259, -0.18528855051076348, -0.35062750271972115, 0.11317901904978467, 0.7063257077977452, -0.0024136247595863275], [-0.6865313550360407, -0.1351646557900751, 0.08045336848590615, -0.4774386701216119, 0.10846137748208987, -0.2386073795162539, -0.44269685418864213, -0.2042273148886227, 0.576298475402023, 0.6312615521727204, 0.3598040856693605, -0.05543455227534874]], "inverted": true, "swapped": true, "error_lsq": 0.04747450982241158, "error_max": 0.268638536042606, "target": "544.xyz", "model": "11.xyz", "model_rescale": 3.890672605050136, "target_rescale": 4.1294950206153525},
{"mapping": [1, 0, 12, 6, 4, 11, 9, 3, 8, 7, 5, 13, 3, 14], "R": [[-0.2561176249762447, 0.3101990796641587, 0.9155218692920648], [0.4923304862381559, 0.8569243092022465, -0.15261526993965457], [-0.8318740616806302, 0.4116518665981749, -0.3721938825789721]], "T": [0.03501897018792266, 0.056683811605448796, 0.12487899567853025], "aligned_model": [[0.5627879895073108, 0.1432005088235886, 0.3713811715607024, 0.6276558091435218, 0.7164747200312371, -0.42284691184288037, -0.42964084252850776, 0.12855941852738148, -0.003538081906512447, -0.6989710502745514, 0.28658264984108955, -0.2709566545948926, 0.12855941852738148, 0.07062768997882489], [-0.30582699182406214, -0.02055599632948022, 0.5450565104101863, -0.5165758405807486, 0.28206878225714416, -0.4068735090575904, 0.00704553155455908, -0.192795775645211, -0.5762258443072585, 0.03767460114125353, 0.656905745489524, 0.6714563843218191, -0.192795775645211, -0.05640530195715931], [-0.34549706808334313, -0.6376330144538308, -0.13566781497936817, 0.2866358231119324, 0.17356790507687317, 0.57280167676401, -0.32548888014225996, 0.6278171977306446, -0.23573250397028597, 0.2444323762698295, 0.5206757002410066, -0.09653186515257695, 0.6278171977306446, 0.07759370521358547]], "inverted": false, "swapped": true, "error_lsq": 0.05023107305245161, "error_max": 0.3555172639300446, "target": "544.xyz", "model": "12.xyz", "model_rescale": 4.124412569039231, "target_rescale": 4.1294950206153525},
{"mapping": [3, 6, 8, 5, 11, 7, 4, 13, 1, 12, 9, 0, 14], "R": [[0.34917812359727085, -0.8697196395400633, -0.3488013569345622], [-0.016015756094703626, -0.37771569032051, 0.9257831024826582], [-0.9369194915027674, -0.31767688912478875, -0.14581927361701066]], "T": [0.07760448547275249, 0.012456985391220282, 0.010893696571568584], "aligned_model": [[-0.11696323020941303, -0.11025376532677052, 0.6200085338410843, -0.6105830543597486, 0.39708024467042824, 0.5235334531142753, -0.5272842196082413, 0.0802964860614877, 0.15201319405375613, -0.2695188251182397, 0.6523125884298728, 0.43986700208325, 0.13678989987801599], [-0.04566854740174428, 0.6400860300789318, 0.4589284422632466, -0.27922864063296915, -0.32267766195836967, -0.5758680510920294, 0.38272142413143606, -0.395210231563456, 0.8004692004833881, 0.15540972272328962, -0.0861588976985185, 0.49958134990206793, 0.1151012372732039], [0.54259054766764, 0.5370128682467497, 0.20726838690852994, -0.13581380756118952, 0.6518159158227661, 0.10263637092179628, -0.10979115648966406, -0.5844124110510311, -0.05772084029500694, -0.5169339136647529, -0.2740438895227697, -0.4692828557364657, 0.058372865721236754]], "inverted": false, "swapped": true, "error_lsq": 0.049828931648141755, "error_max": 0.28160677438482645, "target": "544.xyz", "model": "13.xyz", "model_rescale": 3.9028299243045295, "target_rescale": 4.1294950206153525},
{"mapping": [6, 1, 8, 12, 11, 14, 12, 4, 2, 3, 0, 5, 9, 7, 15], "R": [[-0.9811554544420539, -0.18891935750340205, 0.040539494065772695], [-0.06051357971069782, 0.49969849471422256, 0.8640830521720335], [-0.18349953920706197, 0.8453466098239479, -0.5017140902645192]], "T": [-0.022792368710744207, -0.1614666401240969, -0.015608987053867984], "aligned_model": [[0.548170814962958, 0.0751924884855724, -0.5738242421245147, -0.6386935334782137, -0.13163878580626193, -0.21863323368538534, -0.6386935334782137, 0.114024157544195, -0.02512638082428569, 0.48943379272528165, 0.05030624835766126, -0.41620037681360583, 0.43272706263092064, 0.654289514821646, 0.05732882491133452], [-0.17317717957321704, -0.2207259312181849, -0.6928840319720937, -0.08791136511485517, 0.26833173646490066, 0.6913991973342983, -0.08791136511485517, -0.2243889548677926, -0.8255247257736211, -0.4642958487877635, -0.8602326025031304, -0.1747161349841186, 0.4184498979699775, 0.3351253049578236, -0.08099989350681971], [0.328298221949139, 0.6239893712320563, -0.1179153391597211, 0.29982034848307193, 0.5753922830842402, 0.115984598220366, 0.29982034848307193, -0.6764306682459544, 0.30246518798511124, -0.20164198186608673, -0.4556079998344863, -0.34295654501275313, 0.2232305259644191, -0.3555862199815393, -0.0068326476999769695]], "inverted": false, "swapped": false, "error_lsq": 0.050196267717780366, "error_max": 0.3866925767575119, "target": "544.xyz", "model": "14.xyz", "model_rescale": 3.942246331269136, "target_rescale": 4.1294950206153525},
{"mapping": [11, 11, 9, 5, 4, 3, 10, 0, 6, 8, 7, 2, 13, 12, 14], "R": [[-0.6656652696278802, -0.13041854259519842, 0.7347657807482505], [0.15331354095615296, -0.9875075468301957, -0.036384105223227416], [0.730331915618322, 0.08842990840633776, 0.6773444059918994]], "T": [-0.06503376502079966, -0.0756275200831566, 0.044379775829458845], "aligned_model": [[0.3691168611100874, 0.3691168611100874, -0.653209513234787, -0.5699032453804451, -0.09143167823836965, -0.2983964409506864, -0.42117973675125775, 0.12315951291301505, 0.024413025239665792, 0.5406365277623202, -0.1202921488554623, -0.39974277143079995, 0.5673955258854895, 0.3871388097208282, -0.048158770670596575], [-0.318766267363779, -0.318766267363779, -0.6232738045052306, 0.11216213790389773, 0.2469069442248053, 0.6039316586332992, -0.21570164589313462, -0.2486116092936605, -0.6091982842171273, -0.5137924815794037, -0.8166941743725376, -0.29763091809460007, 0.3317954885299477, 0.5513883190336633, -0.06321099233181338], [0.5606237182225084, 0.5606237182225084, 0.0922874213985595, -0.2912113598454883, 0.5331932846791412, 0.02737640540753039, 0.6464925577415356, -0.6450963135955451, 0.18612215026989173, -0.15565994333849387, -0.3784041323853211, -0.604721364932818, 0.35255104405823234, -0.22107711014433884, -0.051070592156944705]], "inverted": false, "swapped": false, "error_lsq": 0.05312538368386496, "error_max": 0.32988631155074966, "target": "544.xyz", "model": "15.xyz", "model_rescale": 4.355366556412066, "target_rescale": 4.1294950206153525},
{"mapping": [0, 9, 8, 4, 1, 12, 6, 5, 2, 13, 3, 14], "R": [[-0.2145813795940044, -0.4045700822209247, -0.8889757477587833], [-0.7730311427476145, 0.6266591428659789, -0.09859599892893084], [0.5969737715124935, 0.6660490726922685, -0.447214656392116]], "T": [0.10885379271034329, 0.07844180922127948, 0.07719796206400753], "aligned_model": [[-0.22377998981279018, 0.3811233574535742, 0.2197413156463465, -0.5485146355359503, -0.40438190587183814, -0.4326025126516379, -0.1782997478970894, -0.16800661951717655, 0.4691364245570753, 0.10888269248930149, 0.2775495512714313, 0.09696062450053422], [-0.6171470232035927, -0.4927691909727799, -0.3798803272842624, 0.3686172396615844, -0.2653546224557336, 0.01947453801957528, 0.31087551077777714, 0.6285046822102941, -0.0043468074016289465, -0.11621028691410827, 0.5355441172051132, 0.025468598098741947], [0.009339714535396643, 0.22138950600207363, -0.4793509656493028, 0.0423281613424526, -0.4224028715858028, 0.4277403907441113, -0.6774726557757257, 0.5255112833907059, -0.7144916573914409, 0.7719639147807575, -0.21697194818017668, -0.038324411003627795]], "inverted": false, "swapped": true, "error_lsq": 0.04900957594698294, "error_max": 0.24517432618386903, "target": "544.xyz", "model": "16.xyz", "model_rescale": 3.795458400668931, "target_rescale": 4.1294950206153525},
{"mapping": [8, 10, 11, 1, 3, 9, 0, 6, 12, 13, 7, 5, 14], "R": [[0.9640059811323205, 0.05204085890388993, 0.2607378325936954], [-0.25168068992014964, -0.1375861556437379, 0.9579806261592637], [0.08572805061606142, -0.9891217310218813, -0.11953619768859756]], "T": [-0.045699613399535655, 0.08679313022526741, 0.11482128510321866], "aligned_model": [[-0.058424395064575835, 0.12457584965793869, 0.5732540892014282, -0.2888864679022295, 0.5145151327122173, -0.4134279970819448, -0.6786759090284542, 0.36636369596052576, -0.5111510874709577, -0.5322948186872474, 0.07416726895356013, 0.011878438801764049, -0.03326199914780187], [-0.19762980665717345, 0.39001899786125455, 0.4097696582481941, -0.6241167733917543, 0.008426075289489743, 0.3933879185370444, -0.19583347300232995, -0.6353507052812906, -0.07915120366560047, 0.555224973513134, 0.7635197606798454, 0.17424705144538077, 0.0012687918942916598], [-0.5567765152203582, -0.6820153585030952, -0.2563171797340424, -0.14339398255710922, 0.17770815140578705, -0.32333324880666686, -0.22949980217930716, -0.006514747683237565, 0.5335687833983425, 0.36856501961592, -0.16990438844998512, 0.8693027399757869, 0.02088555957426176]], "inverted": true, "swapped": true, "error_lsq": 0.051457813047757275, "error_max": 0.3268144247442682, "target": "544.xyz", "model": "17.xyz", "model_rescale": 3.7474275329858107, "target_rescale": 4.1294950206153525},
{"mapping": [2, 6, 3, 1, 10, 9, 11, 5, 8, 7, 0, 12, 13, 14], "R": [[-0.8611896830589235, 0.012678837005455237, -0.5081255522851222], [-0.06997816487747582, 0.9872116796901107, 0.14323461845451874], [0.5034435283457839, 0.1589098693461795, -0.8492892717979714]], "T": [0.02625263520362253, 0.13693618792368414, 0.05944070441644949], "aligned_model": [[0.41423043587411296, 0.2232959191427727, 0.5455039161645143, -0.407522747948726, 0.2520472876852089, -0.2554145598773034, 0.6999628159965883, 0.12474864499257497, -0.08050043325720747, 0.3181862685805371, -0.6683184575323382, -0.45588789331997004, -0.30805058033737154, 0.012567031719483594], [-0.5387258946315596, 0.020609739918259873, 0.18937491613046864, -0.10249493257008338, -0.6689586631416393, -0.2990470381112462, -0.2533489831731204, 0.8882248078879493, -0.5287134795173454, -0.16308119651262318, -0.18841579426555868, 0.5685633218286623, 0.3920221427868802, 0.044399294882188745], [-0.3360134140224106, -0.7490470349353364, -0.1676385813368927, -0.5616225107450225, 0.29489465034628576, 0.4490381143190667, 0.1971119113436539, 0.13734854578393524, -0.21915619991410312, 0.6743878840759172, -0.04453469483069406, 0.03168116504467416, 0.6457526385692468, -0.027407755036665947]], "inverted": false, "swapped": true, "error_lsq": 0.04467596232169945, "error_max": 0.30181293228601086, "target": "544.xyz", "model": "18.xyz", "model_rescale": 3.922800546911778, "target_rescale": 4.1294950206153525},
{"mapping": [7, 7, 4, 8, 12, 5, 13, 2, 11, 9, 10, 6, 12, 0, 14], "R": [[0.4153534140475149, 0.8784411607328083, -0.23626821320158592], [-0.9084141714593347, 0.3869598621661656, -0.15825851687726827], [-0.04759448004678836, 0.28036260842476574, 0.9587134990529429]], "T": [-0.10084103087289197, -0.08068862052382333, -0.08236718537239932], "aligned_model": [[0.3974271647725541, 0.3974271647725541, -0.5746844478789978, -0.6538203744661051, 0.05528784447607278, -0.12220069458880584, -0.3771116669429231, 0.3632064222467969, -0.03624932239478901, 0.5594149900117801, -0.08712731900412338, -0.6048682825275612, 0.05528784447607278, 0.4367554834649118, -0.03008198818834852], [-0.28984854259347514, -0.28984854259347514, -0.6259248667480981, 0.1687691967909147, 0.36420655565021276, 0.682148621586369, -0.2813480869260858, -0.2997647614349147, -0.7133451204542729, -0.5469885010807772, -0.8023630492215056, -0.27592965965480276, 0.36420655565021276, 0.4752193406216373, -0.10865103628139063], [0.5060136022700117, 0.5060136022700117, -0.03701312209903124, -0.0025217286362474167, 0.5471612898102995, -0.06984412658575587, 0.5136395771805141, -0.58216171167738, 0.2382841471687854, -0.1791638495354457, -0.4423652413865399, -0.5108590034291829, 0.5471612898102995, -0.3992251380638516, -0.023090103495530256]], "inverted": false, "swapped": false, "error_lsq": 0.05649247504167638, "error_max": 0.3864276643156909, "target": "544.xyz", "model": "19.xyz", "model_rescale": 3.9282355846067225, "target_rescale": 4.1294950206153525},
{"mapping": [0, 1, 6, 12, 13, 4, 5, 3, 7, 7, 8, 9, 11, 14], "R": [[-0.9969769252158088, -0.07431240862939067, 0.022686483000466273], [-0.060083668320895435, 0.5522323104116232, -0.8315223557659441], [0.04926422016369089, -0.8303716886197043, -0.5550278329512173]], "T": [-0.012730275304542512, -0.0516614320529781, -0.013495783408429409], "aligned_model": [[-0.5448870767339722, -0.04864651686550549, 0.5849538391712483, -0.40603086891421575, -0.6081810378474778, 0.07243878387017794, 0.028824176114123756, 0.5476314330945162, -0.0933822051310193, -0.0933822051310193, 0.0456660689450282, -0.45855730669713574, 0.48406355954373415, 0.022012175666193182], [-0.6053295236631742, -0.8377537492856052, -0.624333549402775, -0.1191809356764934, 0.34497914035627375, -0.2860542914565653, 0.37849840840474613, 0.047375239822387255, 0.4293872886135127, 0.4293872886135127, -0.6022151826980798, -0.07726951862097003, 0.2097822948413627, -0.16439082242329703], [0.08322330391470809, -0.12293414092783714, -0.15782411827942608, -0.5236798910508381, -0.10679001755721795, -0.6882973488396923, -0.6407448769935661, -0.02459571123068836, 0.5481830443856943, 0.5481830443856943, 0.4614593377573706, 0.4574462596854139, 0.5432845566030388, 0.035269715391028564]], "inverted": false, "swapped": true, "error_lsq": 0.05182327686479687, "error_max": 0.4952163746385813, "target": "544.xyz", "model": "20.xyz", "model_rescale": 4.067790424073018, "target_rescale": 4.1294950206153525},
{"mapping": [5, 4, 7, 0, 2, 3, 0, 10, 8, 13, 1, 9, 6, 11, 14], "R": [[0.6594318076951629, 0.02191156409458482, -0.7514449909067321], [-0.1811412524947067, 0.9747552301059366, -0.1305376881431995], [0.7296146501027364, 0.2221983904983364, 0.6467536916132836]], "T": [0.0314774154915785, -0.10820869544371105, 0.03588920943574022], "aligned_model": [[0.4132540925659191, 0.24549866743170018, -0.5230077808818108, -0.6226257509454614, -0.16762010183568427, -0.18578734493055715, -0.6226257509454614, 0.2217123135734767, -0.11408593613577253, 0.6003042592385579, 0.029597711450998272, -0.32037365505167015, 0.5098106887952175, 0.27863154273568513, 0.03597986316395092], [-0.5143453120867415, -0.2437491948150841, -0.6023584054975927, -0.02247554620500014, 0.2805606302665402, 0.7140016361519947, -0.02247554620500014, -0.2646731289097865, -0.5694271346260535, -0.26533594062934374, -0.8513292571111516, -0.3815999568746093, 0.3353036110066168, 0.3422028943519241, -0.11376124550616488], [0.23022329888407292, 0.7963470790672013, -0.03500640583921714, 0.299056274813629, 0.6383346605098178, 0.058499188356805516, 0.299056274813629, -0.7455302593296459, 0.33797654572488256, -0.34076787032039724, -0.31206682057179685, -0.600905845350085, 0.38524721545980156, -0.35663657461305365, -0.04179727800468625]], "inverted": true, "swapped": false, "error_lsq": 0.05791521981222573, "error_max": 0.36977634176048846, "target": "544.xyz", "model": "21.xyz", "model_rescale": 4.186013935880536, "target_rescale": 4.1294950206153525},
{"mapping": [5, 13, 12, 6, 2, 4, 3, 11, 0, 9, 10, 1, 14], "R": [[-0.05368228037537914, -0.24182869761853326, -0.9688328513122496], [-0.9453307152600012, 0.324847481417453, -0.02870457459625847], [0.3216645015535812, 0.9143265252768629, -0.2460466492668101]], "T": [-0.054635012722474625, -0.04980621614475343, -0.11103035783382607], "aligned_model": [[0.11441442473290939, -0.22434468890213333, 0.3858733967808089, 0.4087003373600726, -0.21540477810000624, 0.5960116221846078, -0.14108906284355413, -0.6655116411403454, 0.2744223173839631, -0.36183130135638647, -0.6550650702010391, 0.5585152188801137, -0.0161167393557849], [-0.38822192904308267, 0.3654540717589862, 0.1754267164829879, -0.49271532378806654, -0.2724705372327566, -0.2697074996707973, -0.5931293739597757, -0.4064479353076313, 0.6115832449347681, 0.507443733326702, 0.1647554597461171, 0.1547101523701166, -0.03772412007147487], [-0.7721678466651813, -0.676138035644533, -0.5290668768258431, 0.43225796218026347, 0.7184295062109195, -0.32516423155834473, 0.03478582238392018, 0.24223683948897523, 0.12000871484363589, 0.016667950827721892, 0.48001560487296613, 0.35095201218883476, 0.010062139032010711]], "inverted": true, "swapped": true, "error_lsq": 0.05360020681991177, "error_max": 0.3734830962711471, "target": "544.xyz", "model": "22.xyz", "model_rescale": 4.166573947596378, "target_rescale": 4.1294950206153525},
{"mapping": [6, 12, 3, 9, 14, 10, 11, 0, 2, 1, 4, 8, 13, 5, 15], "R": [[-0.31469924309258246, 0.8235508138119367, -0.4719411440705849], [-0.28518552253273555, 0.39219489048856615, 0.8745583946269068], [0.9053361829368616, 0.4098136466058183, 0.11144133398768674]], "T": [-0.08048010894345736, -0.14471147444200322, 0.05899548405275608], "aligned_model": [[0.5538259311346971, 0.0005665929439273992, -0.45668253081684645, -0.6549415200375907, -0.18336559556825893, -0.12502065472250484, -0.4802943365182556, 0.2519248048460161, 0.13650500790766368, 0.5038506839335236, -0.15670781338468065, -0.5727185265521127, 0.32993335827844383, 0.6484367893886552, -0.01664937260358812], [-0.39481538416825385, -0.1244919949661347, -0.6128736775996394, -0.00773755693518588, 0.4742887472108546, 0.5899542913047764, -0.5006517196487179, -0.2282539615949543, -0.7777047604044862, -0.4614330394674219, -0.6375470539698551, -0.1240115043086927, 0.5912991823049307, 0.1923564438236154, -0.15783990827028732], [0.39694742416684675, 0.7089216029248315, 0.032115355197983406, 0.1670760066674567, 0.540899069281105, -0.07965366136646775, 0.6382609263996608, -0.6821410681202738, 0.13003208152627838, -0.19857787561541634, -0.4805931944716007, -0.582371798935543, 0.14061801754436537, -0.1557773145119608, 0.03627391291369214]], "inverted": false, "swapped": false, "error_lsq": 0.04931537689330685, "error_max": 0.2828206561967166, "target": "544.xyz", "model": "23.xyz", "model_rescale": 4.274766983524099, "target_rescale": 4.1294950206153525},
{"mapping": [11, 5, 13, 9, 12, 0, 8, 1, 6, 4, 14], "R": [[0.9935032651258989, -0.045336885549104096, -0.10438308767652589], [-0.056889999689417645, -0.9922457969059849, -0.1105070425708017], [-0.0985636348736993, 0.11572746143899622, -0.9883786544383533]], "T": [-0.0015132783599522068, 0.10890954966756987, -0.13762936865829697], "aligned_model": [[0.4090538988237441, 0.12936953316708638, -0.5780475291262998, -0.5106691073232208, -0.3168092416911042, -0.5409157802809094, -0.011235572855026934, -0.01961075492544411, 0.6119374135519318, 0.18077238028206957, 0.026049464335248178], [-0.3276521319122714, 0.8518267538764622, 0.44696121768974967, -0.2612291709368197, 0.5788884679276378, -0.15896762680992788, -0.5668974828601582, -0.145738733160726, -0.09941378792672874, 0.5874046676437058, 0.010404357712559834], [-0.653390723254139, -0.24322010459624321, -0.40950892997216115, -0.29562175237815136, 0.17739497308745658, 0.3485604688242997, 0.13676499037362636, 0.6147233379302643, 0.39743133681319154, 0.3677074443832897, -0.06127460718985636]], "inverted": true, "swapped": true, "error_lsq": 0.04990159245873352, "error_max": 0.2806998197968729, "target": "544.xyz", "model": "24.xyz", "model_rescale": 3.7841303162186577, "target_rescale": 4.1294950206153525},
{"mapping": [6, 1, 2, 9, 7, 10, 8, 12, 4, 3, 5, 12, 7, 11, 15], "R": [[-0.9258520326803035, 0.18578278067140835, -0.3290634771404295], [-0.27990731973382643, -0.9221796311885693, 0.2669018924255506], [-0.25386986024570957, 0.3392189355370866, 0.9058038462227405]], "T": [-0.06132383002346663, -0.037821231724087634, 0.08706010122606063], "aligned_model": [[0.606167501778788, -0.1308452812598891, -0.5379719242776427, -0.5767677704748086, 0.24967344344908343, -0.2586401103213027, -0.47416153036259945, -0.2586464536937347, 0.1540462077655217, 0.512995970968201, -0.0605562412332986, -0.2586464536937347, 0.24967344344908343, 0.5583385680230061, 0.004003448112415278], [-0.23924186421208712, -0.36487968885847305, -0.6153491546862815, 0.015581058593196626, 0.4124022791047363, 0.7144293218177589, -0.23071553006862963, -0.2962497745135727, -0.7317536888968912, -0.46130842065367544, -0.7922485700167801, -0.2962497745135727, 0.4124022791047363, 0.3542954663686965, -0.060575835258613486], [0.2765634073186346, 0.7513160212132753, -0.0027236410108178316, -0.1842449819680912, 0.43832217758766717, 0.06607211650597945, 0.4636429028563611, -0.5981043877017593, 0.256700410596329, -0.286861353941409, -0.36035195436446116, -0.5981043877017593, 0.43832217758766717, -0.14029551600560858, 0.09177649262895002]], "inverted": true, "swapped": false, "error_lsq": 0.051627976704261676, "error_max": 0.37813384820631885, "target": "544.xyz", "model": "25.xyz", "model_rescale": 4.19342608120988, "target_rescale": 4.1294950206153525},
{"mapping": [0, 9, 8, 4, 1, 12, 6, 5, 2, 13, 3, 14], "R": [[-0.2145813795940044, -0.4045700822209247, -0.8889757477587833], [-0.7730311427476145, 0.6266591428659789, -0.09859599892893084], [0.5969737715124935, 0.6660490726922685, -0.447214656392116]], "T": [0.10885379271034329, 0.07844180922127948, 0.07719796206400753], "aligned_model": [[-0.22377998981279018, 0.3811233574535742, 0.2197413156463465, -0.5485146355359503, -0.40438190587183814, -0.4326025126516379, -0.1782997478970894, -0.16800661951717655, 0.4691364245570753, 0.10888269248930149, 0.2775495512714313, 0.09696062450053422], [-0.6171470232035927, -0.4927691909727799, -0.3798803272842624, 0.3686172396615844, -0.2653546224557336, 0.01947453801957528, 0.31087551077777714, 0.6285046822102941, -0.0043468074016289465, -0.11621028691410827, 0.5355441172051132, 0.025468598098741947], [0.009339714535396643, 0.22138950600207363, -0.4793509656493028, 0.0423281613424526, -0.4224028715858028, 0.4277403907441113, -0.6774726557757257, 0.5255112833907059, -0.7144916573914409, 0.7719639147807575, -0.21697194818017668, -0.038324411003627795]], "inverted": false, "swapped": true, "error_lsq": 0.04900957594698294, "error_max": 0.24517432618386903, "target": "544.xyz", "model": "26.xyz", "model_rescale": 3.795458400668931, "target_rescale": 4.1294950206153525},
