[{"mapping": [4, 8, 3, 1, 5, 11, 9, 2, 0, 7, 12, 10, 13], "R": [[-0.7741191748338044, -0.6151345577846528, 0.14949574901551327], [-0.3819659667753554, 0.6422016998182498, 0.6645893295682069], [-0.5048182874857029, 0.4573690551071753, -0.7321011160013157]], "T": [-0.03678487100580308, 0.022323324678088258, 0.023152378965069165], "aligned_model": [[-0.5051293578529257, 0.12390877386849217, -0.4831648754816043, -0.014242572423331969, 0.20014372133397482, 0.5606897145534054, 0.014017062691441207, -0.7597452944566822, -0.3924564774839145, 0.059975845780418036, 0.3085651875929896, 0.8026748983961483, 0.02534006296199437], [-0.8079018853253878, -0.6446923688707056, 0.17536496396961276, 0.5951241514056371, 0.24710482449589896, -0.25191819917553493, -0.29223353152462594, -0.12606496233850037, 0.33505225875740596, -0.6976524255682686, 0.24258161687575439, -0.3339891236119722, -0.12329749443611016], [-0.046012416456227556, -0.3508085129465524, -0.2016218500846128, 0.08974945921508551, -0.6592986302019951, -0.2111071929814691, 0.6828616478954914, 0.23894716066683244, 0.6323409841732756, 0.232118321691824, 0.4322238027012962, 0.451845345306705, 0.06155722078749997]], "inverted": true, "swapped": false, "error_lsq": 0.05063615249507939, "error_max": 0.3523037693072025, "target": "545.xyz", "model": "0.xyz", "model_rescale": 3.8414455957264533, "target_rescale": 4.012907525934002},
{"mapping": [7, 0, 9, 8, 13, 11, 5, 2, 6, 4, 10, 1, 14], "R": [[-0.3426479940586694, 0.5740971095605443, -0.7436429660541399], [0.8770175800840019, 0.47924503524152534, -0.03412272585756354], [0.3367974411885746, -0.6638800381021994, -0.6677056077480936]], "T": [-0.0015696640153035468, -0.13064882649923423, 0.11833382135349793], "aligned_model": [[-0.4273500996388075, 0.14918926372233163, -0.5169191404393223, 0.016906204921511125, 0.12099426889820115, 0.7688113553196861, -0.07678889678042171, -0.5922767546066652, -0.48514171505035214, -0.09270266391139431, 0.269154560860536, 0.7284179964339681, 0.078282309751134], [-0.46836308758455647, -0.6787773928142973, 0.09098340597574875, 0.6292140298327895, 0.09144433511149766, -0.09458177359610989, -0.11616063255866278, -0.3617927123672937, 0.28809417747043975, -0.6462764156339854, 0.2948500743727478, -0.5664717574011284, -0.1446844261539859], [-0.2246167591023102, -0.33149302311441387, -0.27000076463014366, -0.09746580639071037, -0.5961588032087526, -0.24426465475091055, 0.7728985196385956, 0.4954841425376818, 0.5664850702280856, 0.2654399072276526, 0.5809788038535798, 0.27856577715702524, 0.15694293032177337]], "inverted": false, "swapped": false, "error_lsq": 0.04412337976745817, "error_max": 0.2695290258931162, "target": "545.xyz", "model": "1.xyz", "model_rescale": 4.316132596720782, "target_rescale": 4.012907525934002},
{"mapping": [6, 8, 10, 1, 5, 9, 4, 0, 3, 7, 2, 12], "R": [[-0.6309646371840668, 0.7505232289782056, 0.19646503349783845], [-0.45521428901930827, -0.15309372737726717, -0.8771215774967462], [-0.6282225542718316, -0.6428663884524239, 0.4382456262215432]], "T": [-0.013972980827414418, 0.023499228318997093, -0.17637505353840296], "aligned_model": [[-0.10653228993809943, 0.5073241042649966, 0.14018741366322832, -0.5778951905602905, -0.5113178239736054, -0.4734996637423066, -0.11965142081649205, -0.22491948150668564, 0.4582448873643263, 0.24276105411338547, 0.335810642046164, -0.07270367628284014], [-0.5695441682691216, -0.21567736088623737, -0.6340377022111849, 0.4518367910129532, -0.19026503936759742, -0.11057272872400165, 0.5505271691202456, 0.5367277693602035, -0.07361505193815786, -0.06012052895014425, 0.4102422045050299, -0.08272492591100691], [0.26125003842939853, 0.06739578066734214, -0.38590725859228964, -0.06258911632226927, -0.5727937464297584, 0.36098986008407274, -0.6572562411002817, 0.5456186968826384, -0.6924383811457142, 0.677191137218077, 0.009873000273433213, -0.10207530875522769]], "inverted": false, "swapped": true, "error_lsq": 0.041010670283808746, "error_max": 0.23292813342194515, "target": "545.xyz", "model": "2.xyz", "model_rescale": 3.795458400668931, "target_rescale": 4.012907525934002},
{"mapping": [3, 8, 10, 9, 4, 1, 6, 2, 7, 0, 5, 12], "R": [[-0.7850912810974573, -0.3221975632137008, -0.5289805389651933], [0.618384714263801, -0.35934430871793155, -0.6989077284999137], [0.03510022093420874, -0.8758198433760136, 0.48136013175083847]], "T": [0.010767316635878037, 0.06075210665261917, -0.05896841647297133], "aligned_model": [[-0.24492040228825301, -0.005273055285604185, -0.6368484299444003, 0.07704222676326056, 0.2285324309502181, 0.3526528841491306, -0.31440388520030504, 0.4870970882306393, 0.3762850030794998, 0.7643363178570289, -0.43549862347109847, -0.05569772909655108], [-0.11389955193418487, -0.5603233171110799, -0.21913467784279916, 0.12604418837565884, 0.5717327633032948, 0.6231037978138853, -0.29765326990015967, -0.15497332564813565, -0.5720903735767718, 0.09246431430105366, 0.5584449890969375, 0.0320535084120105], [-0.6936831910881535, -0.10783901933830242, -0.10673053369354626, 0.6546461102292768, -0.519023003594064, 0.22616909408459793, 0.5045852123984251, -0.24112092554058678, 0.45812643615977033, 0.45123255708526844, -0.001146788321485584, 0.0635554822579002]], "inverted": false, "swapped": true, "error_lsq": 0.05309846492360585, "error_max": 0.2758942712437922, "target": "545.xyz", "model": "3.xyz", "model_rescale": 3.7530521520055578, "target_rescale": 4.012907525934002},
{"mapping": [0, 8, 6, 10, 9, 3, 1, 2, 4, 5, 12], "R": [[-0.803364763006809, 0.1715173055733455, -0.5702515860985161], [-0.2920440298467147, -0.9480307987245415, 0.12628495278773022], [-0.5189560118063042, 0.26799145239833233, 0.8117051430485873]], "T": [-0.08835611967007637, 0.02610051444118637, 0.019415498311781042], "aligned_model": [[-0.5131682473232021, -0.1957118864665884, 0.394795712690705, 0.41329306966880763, 0.18715729721015742, -0.1794832565333216, -0.16918031446279969, -0.6231340022713533, -0.4060335080289743, 0.4088194466219791, 0.020845291339795263], [-0.778202383002991, 0.12125449917004806, -0.2924051415216225, 0.39131095525390297, -0.6381820144305933, 0.7173705490529453, -0.42542361901620174, -0.020850179085442053, 0.2927418439751984, 0.14825047283224307, -0.04866162491314134], [0.06194128457002784, -0.587050304421408, -0.44631175133737466, -0.3196912871590052, -0.007458119295205297, -0.09276222115832447, 0.5707973734168895, -0.11628748126625302, 0.6094634437572818, 0.45310972142827977, -0.032919881289591835]], "inverted": true, "swapped": true, "error_lsq": 0.04731647442086912, "error_max": 0.23989260829725909, "target": "545.xyz", "model": "4.xyz", "model_rescale": 3.7855080009869324, "target_rescale": 4.012907525934002},
{"mapping": [5, 3, 4, 11, 1, 14, 8, 7, 6, 10, 13, 15, 16], "R": [[-0.8654416929074987, 0.41909578671854475, -0.2745348752566187], [0.44331779455614584, 0.38529685049364754, -0.809330383730619], [-0.23340953109776386, -0.8221344528448132, -0.5192445784389879]], "T": [0.07091963474070576, -0.13361319555360127, 0.02004254218464803], "aligned_model": [[-0.5015562991370219, 0.09560960784973352, -0.6025496409330396, 0.056543325153916524, -0.08736910605292769, 0.7365483412611802, 0.09156695571874461, -0.5924005101956933, -0.31821928696692925, -0.04446470662402789, 0.37328335029367876, 0.6138170101922525, 0.11976764892053865], [-0.6495723895525274, -0.6915173716294094, 0.09558306963477906, 0.6609424314416473, 0.3029582811004201, -0.15778532696210346, -0.2014534721246027, -0.3049210652751254, 0.28366846464358664, -0.768705560132029, 0.33774997116827565, -0.4404624760035616, -0.14900673165614636], [-0.22726427106178415, -0.39293438325343216, -0.18221716861442983, 0.05022375543382408, -0.5778319925627882, -0.09849661443424985, 0.720243412631708, 0.32340613751035063, 0.33709771678720896, 0.35813781913523324, 0.4796734674391651, 0.5589526139972093, 0.0038048467591375416]], "inverted": true, "swapped": false, "error_lsq": 0.039326624824958675, "error_max": 0.2895866630849702, "target": "545.xyz", "model": "5.xyz", "model_rescale": 4.2253639853439635, "target_rescale": 4.012907525934002},
{"mapping": [3, 7, 4, 1, 0, 9, 5, 2, 10, 6, 8, 11, 13], "R": [[0.5026719170214144, 0.8340277646087155, 0.22741730738843477], [-0.3611268723936878, 0.4416057329687158, -0.8213231755188191], [-0.7854351188183337, 0.33072959418678094, 0.5231726384816755]], "T": [0.06119427752835452, -0.1147035697928297, 0.10189596437657075], "aligned_model": [[-0.3901082785738448, 0.1344146074114896, -0.5567551480696421, -0.07806133255759548, 0.15885501276360586, 0.5364833031090718, -0.02227756094043845, -0.5196781332684983, -0.2895356148076238, -0.05974597738549668, 0.47125287104847735, 0.53681702949821, 0.01891591125269], [-0.5374319998767296, -0.7044310477261964, 0.11860506575128274, 0.5812670805464487, -0.018358057987091392, 0.19608304144947608, -0.24196192499878486, -0.26598991489837, 0.3347192272433262, -0.7388394091667131, 0.3227175995676458, -0.5783559959928481, -0.15054583925824247], [-0.24543118681199497, -0.4237003646527209, -0.15230258044651948, -0.08502249614613577, -0.688194266214088, -0.12195320788108929, 0.7163705608112808, 0.4016813812948933, 0.6343620820923657, 0.19959896777738764, 0.5336129388798951, 0.5073132978745928, 0.07646021318928585]], "inverted": false, "swapped": false, "error_lsq": 0.04894867524414288, "error_max": 0.3100650842416075, "target": "545.xyz", "model": "6.xyz", "model_rescale": 3.89814844738969, "target_rescale": 4.012907525934002},
{"mapping": [8, 3, 11, 4, 7, 0, 5, 9, 10, 6, 2, 1, 12], "R": [[-0.3418554789459481, 0.3021829544419118, 0.8898428476755847], [-0.9218633273181015, -0.2917098772840816, -0.2550947926573662], [0.1824906497896127, -0.9075190408689304, 0.3782940036528485]], "T": [0.012995932617304787, -0.08287415389932021, 0.013255521793776107], "aligned_model": [[-0.47148981647862537, 0.23449009283265718, -0.710819119569441, 0.06432910031274959, 0.11526708404311288, 0.5799047153431584, 0.02418953210799655, -0.63024940752914, -0.2688712122508805, 0.052488574573934084, 0.34547209515439103, 0.6251727448185657, -0.01930769387807295], [-0.4701080544982742, -0.6659290171848818, 0.19252692235386867, 0.5516246599654859, 0.04051597338897572, -0.23093607877559477, -0.39471221140719537, -0.3867680678987707, 0.3051446668620095, -0.7451506087399298, 0.3609518233176223, -0.2876683713604429, 0.047986188630330856], [-0.25694854454240723, -0.4999396653031627, -0.2225121321570861, -0.0880951046610175, -0.623604091951493, -0.07450828588645274, 0.724035609616293, 0.5534682580825393, 0.5690396259484116, 0.1444274685766827, 0.45373928745717174, 0.5592367404555804, 0.11445617413209339]], "inverted": true, "swapped": false, "error_lsq": 0.04859888126898159, "error_max": 0.26815299403282944, "target": "545.xyz", "model": "7.xyz", "model_rescale": 3.7474275329858107, "target_rescale": 4.012907525934002},
{"mapping": [11, 12, 4, 2, 1, 0, 5, 9, 8, 7, 3, 6, 14], "R": [[-0.7150213234608842, 0.043093640584533244, -0.697773204657084], [0.5769709172628653, -0.5272424422306545, -0.6237948122127202], [-0.39477723798250264, -0.8486214381288197, 0.352125811492257]], "T": [-0.023061952346358564, -0.19673273191010138, -0.025106140619327075], "aligned_model": [[-0.35567380571243645, -0.11031739448575877, -0.5946240098487232, -0.012559287231769259, 0.3697961524483091, 0.6328095185467201, 0.005814754585797874, -0.5384136674143438, -0.36044270239700693, 0.0037601295070168045, 0.3659886495283928, 0.5802082302951953, -0.0457698783409885], [-0.7216151993412583, -0.48323514321774036, 0.3299533584013567, 0.6367654577881079, 0.2132624481038896, -0.153674543488383, -0.1987270361385009, -0.47149611040424, 0.23649731440197092, -0.7079957126573153, 0.20065713618960151, -0.4087224403847791, -0.15419170459950585], [-0.04375301632626792, -0.5644997584266959, -0.11535259507389284, -0.14240898647203737, -0.517415273088236, -0.07192327108832262, 0.6905639108494254, 0.46403405983793594, 0.37948781920240104, 0.4240802041937605, 0.4275034691960267, 0.48289341512279355, -0.060414638159737515]], "inverted": false, "swapped": false, "error_lsq": 0.053176140472981956, "error_max": 0.30538400342939825, "target": "545.xyz", "model": "8.xyz", "model_rescale": 4.019505241142653, "target_rescale": 4.012907525934002},
{"mapping": [7, 0, 9, 10, 1, 2, 5, 8, 11, 4, 6, 3, 12], "R": [[0.08284144241847374, 0.2018572914116075, -0.9759051845963298], [-0.1713748870636518, 0.9675684415787329, 0.18558544917321307], [0.9817168346839875, 0.1518714744936389, 0.11474803585761581]], "T": [0.02120015433313937, -0.05802164775659292, 0.08930072775044823], "aligned_model": [[-0.47687870222703366, 0.14453587084011743, -0.5972743898497832, 0.04955906695766658, 0.059635918119593685, 0.6055532951027354, 0.17750695982734543, -0.5975950833499281, -0.3506999574459519, -0.05032430505033341, 0.3722935816345884, 0.5892168072548134, 0.01504762766657523], [-0.7272547220761656, -0.5854244161099005, 0.17237420987872204, 0.809907291020934, 0.1521435436642225, -0.11949301276908608, -0.21394125937583663, -0.27973693704292074, 0.17898313139915595, -0.8635039953481715, 0.48550509328298774, -0.6289404917763259, -0.06314061009441156], [-0.2623077689617049, -0.2702555252031998, -0.08887628651530016, -0.20065597164630522, -0.5515257593330372, 0.020563253452450303, 0.7231634703143712, 0.24445135038386853, 0.5283548992475696, 0.27281397160871224, 0.4200180164541268, 0.38908325440701874, 0.12796843555858284]], "inverted": false, "swapped": false, "error_lsq": 0.045390998576116774, "error_max": 0.26862684195486086, "target": "545.xyz", "model": "9.xyz", "model_rescale": 3.877068213659057, "target_rescale": 4.012907525934002},
{"mapping": [1, 8, 4, 13, 2, 9, 12, 5, 3, 0, 6, 11, 15], "R": [[-0.0578609194899109, 0.9481467229776965, 0.31252184836013835], [0.12708533613907896, -0.30350409913532195, 0.9443169908174236], [0.9902027223423491, 0.09435599352829632, -0.10293451875385995]], "T": [0.07143126913824133, -0.03016247138556198, 0.06876266680845644], "aligned_model": [[-0.5471966766960064, 0.27821054800571565, -0.5049671336127957, 0.11630541240817185, 0.1341932352401553, 0.5939010693449236, 0.0516489620007151, -0.551525722846602, -0.4054399131440857, -0.009035124467651645, 0.18836774784311372, 0.5326380758681768, 0.06347620953657432], [-0.6225865516464062, -0.6369092046595735, 0.1470807104726366, 0.7322269904913165, 0.20973984440413945, -0.09390965757732044, -0.26719719902422306, -0.33267404651532845, 0.259872529093372, -0.7604261830170861, 0.3343253171047705, -0.5411857014940767, -0.1108790229790169], [-0.06994488152048794, -0.36068310078095706, -0.23854892675059852, -0.05118363637986498, -0.5467559539003451, -0.3294921611902457, 0.7770129149066214, 0.4312633913487436, 0.3708138491171265, 0.37536681976141584, 0.5522697371956218, 0.3348431358007142, 0.10783415215940874]], "inverted": false, "swapped": false, "error_lsq": 0.04009396962726289, "error_max": 0.2544634814170897, "target": "545.xyz", "model": "10.xyz", "model_rescale": 4.260839863003843, "target_rescale": 4.012907525934002},
{"mapping": [4, 1, 9, 5, 6, 10, 3, 2, 0, 7, 8, 12], "R": [[0.5862800625955551, -0.27574327426426154, 0.7617357382327392], [0.16307329380945473, -0.8808704844641284, -0.4443807944163055], [0.7935255440432194, 0.3847503558126434, -0.4714704387901292]], "T": [0.043583445943744206, 0.056066462769219845, -0.1584975165670547], "aligned_model": [[0.537627662565365, 0.16883996312005217, -0.3491595739036678, -0.3031410186743131, -0.5879145140062904, -0.4476906188761589, 0.23230311719880747, 0.5117108526297034, 0.3085895898725868, -0.043262218691921414, 0.01794857727506506, -0.08695316941509788], [-0.14187223278221223, -0.6475485519963644, -0.41934688469000453, -0.16437892136744967, 0.12661582282857112, 0.5398412961404608, 0.6406778987081931, 0.12953613930048427, -0.5489519540024915, 0.08260535167146071, 0.541982215331952, 0.03391832639033466], [-0.645235315017903, -0.21903908620354978, 0.21249598982806342, -0.6889509202374846, 0.22623164977442142, -0.3154551255806534, -0.5068602746530779, 0.12797410113418065, 0.46832095490787995, 0.7321389908898797, 0.230872546841513, -0.10631543428776427]], "inverted": true, "swapped": true, "error_lsq": 0.051521516438179184, "error_max": 0.2605007745174905, "target": "545.xyz", "model": "11.xyz", "model_rescale": 3.890672605050136, "target_rescale": 4.012907525934002},
{"mapping": [10, 11, 12, 5, 9, 6, 0, 4, 7, 2, 8, 1, 13], "R": [[0.4749737292123474, 0.23448937898462718, 0.8481831687209549], [0.38014419122188725, 0.8146008706137595, -0.438081973465655], [-0.7936563175823483, 0.5305093333191316, 0.2977742380108084]], "T": [0.10666413389917422, -0.1259569244404081, 0.12417536248296204], "aligned_model": [[-0.5755023590246974, 0.1495578026475206, -0.551683524872147, -0.08310158187742923, 0.18083773026169192, 0.6679602940196904, 0.2614643398521393, -0.38627824827489404, -0.4734284795807346, -0.166551589758673, 0.3721403557733433, 0.5931259108203784, -0.04796396050578354], [-0.5464798127640433, -0.5342566874159768, 0.08819916326302871, 0.5692896793448231, 0.13496382808461574, -0.07774981360294914, -0.2558402696602625, -0.450229348053539, 0.45740954932829436, -0.7822456228663118, 0.42095587947339685, -0.6269521583130203, -0.0795865621648518], [-0.2724981566362944, -0.2421763819248596, -0.15122920725935488, -0.16838798941873276, -0.6053717946808687, 0.003010024864375016, 0.6790282732788192, 0.5022127243478477, 0.3480956325460368, 0.10994699886516368, 0.5109567042934092, 0.46718703228710956, 0.17202147920450164]], "inverted": true, "swapped": false, "error_lsq": 0.05039495485340851, "error_max": 0.29406375724758377, "target": "545.xyz", "model": "12.xyz", "model_rescale": 4.124412569039231, "target_rescale": 4.012907525934002},
{"mapping": [1, 2, 0, 5, 4, 10, 9, 6, 3, 8, 7, 11, 12], "R": [[0.8351587920902395, -0.06467878718439823, -0.5461926825605846], [-0.08424728943401744, -0.9963860310459172, -0.010829190162957985], [-0.543518340276934, 0.05505934639023548, -0.8375895666480613]], "T": [-0.0877356114057071, -0.017326035658932273, 0.1524075537689956], "aligned_model": [[-0.5406898726518772, 0.25902332634764713, -0.47303488192111676, 0.1260111016693251, 0.060804858891221586, 0.6338278931391997, 0.02913692782824051, -0.5151205177820547, -0.6377804734791548, 0.02217248004898212, 0.30912253626277153, 0.652441329521836, 0.014661981605384691], [-0.5702878480967642, -0.6261368266281464, 0.2973396861605871, 0.6452328193020724, 0.030658310951404692, -0.07201229924578284, -0.13376323364244214, -0.43117466412082683, 0.23466490294040177, -0.7086751864924173, 0.381175132541775, -0.6759750105170951, -0.053567958499562585], [-0.2373743982415317, -0.34909336700436244, -0.14641906660830498, -0.14604509814516395, -0.6182476784288226, 0.007613928973935619, 0.7700032633550892, 0.4584864150220539, 0.5301701675045999, 0.31005489428905997, 0.4294961751302123, 0.246601424981141, 0.09754867893924658]], "inverted": false, "swapped": false, "error_lsq": 0.047524313641162434, "error_max": 0.28929659971237665, "target": "545.xyz", "model": "13.xyz", "model_rescale": 3.9028299243045295, "target_rescale": 4.012907525934002},
{"mapping": [0, 4, 6, 9, 7, 10, 12, 2, 1, 5, 11, 13, 15], "R": [[-0.4038130775638623, -0.20185155389461312, -0.8922953258752017], [0.6705182944354419, -0.7288367395229335, -0.13857208935772658], [-0.6223666244391551, -0.654257561906555, 0.4296589664749265]], "T": [-0.06830030275562268, -0.19207243393053444, 0.1310660040389064], "aligned_model": [[-0.5350697704752633, 0.05594336431352709, -0.4263215706656648, 0.1579096614398247, 0.20232534627616924, 0.5706209803197592, 0.1285028849762456, -0.7418136010747819, -0.38212330881113155, 0.19205783701988852, 0.13174388607580942, 0.6218931662129045, -0.03509218612688145], [-0.8147867063026989, -0.5956464986368454, 0.332295416159091, 0.5115523860489597, 0.1967506990977693, -0.20203421008423492, -0.26611536132150704, -0.32861214694382734, 0.25666469866702013, -0.6250830802841163, 0.3718851633276473, -0.41753125852253964, -0.101861276551514], [-0.15453793191691673, -0.39907997526523314, -0.07207776713241715, -0.10257179528128302, -0.6410779496027352, -0.25238276580935587, 0.7944108910794536, 0.39542657846951096, 0.48085002660313786, 0.21363266106364795, 0.5644144081521314, 0.45580073516881797, 0.06998822423839382]], "inverted": true, "swapped": false, "error_lsq": 0.04547482279568466, "error_max": 0.28835142605646735, "target": "545.xyz", "model": "14.xyz", "model_rescale": 3.942246331269136, "target_rescale": 4.012907525934002},
{"mapping": [3, 4, 12, 8, 11, 6, 2, 1, 0, 5, 7, 9, 14], "R": [[-0.4149891820152373, -0.9026271838716011, -0.11422848045188566], [0.845175524822712, -0.33596853735245896, -0.41569637254840525], [0.336841670597593, -0.2690526135261874, 0.9023017123466799]], "T": [0.03507928417701812, -0.1934664569959062, -0.039818262222609854], "aligned_model": [[-0.4657112413261715, -6.097758743045523e-05, -0.748895147512737, 0.11973192321806475, 0.3403540389428158, 0.5164567064982154, 0.024768326267873737, -0.6750237333457609, -0.1967099208395041, -0.11907708311770532, 0.47409727769661447, 0.6950611797988416, -0.024414659212711194], [-0.704399220430487, -0.5184701656625348, -0.03830546247200006, 0.5757251418259144, 0.12226124449366538, 0.09111984722735461, -0.16495243275957838, -0.3593549542534019, 0.2550352368334185, -0.5963862270474773, 0.243449548723561, -0.43197680323217813, -0.15626792859305225], [-0.10840755669330983, -0.5264410404386196, -0.21124000646127417, -0.035443185867989266, -0.6065936738905332, -0.04852470043615033, 0.7228930548616014, 0.3135599300350788, 0.494819444957021, 0.42566109447669376, 0.5495433529519899, 0.3547688869878526, 0.028199739284791567]], "inverted": true, "swapped": false, "error_lsq": 0.0507914742212808, "error_max": 0.26579316010988496, "target": "545.xyz", "model": "15.xyz", "model_rescale": 4.355366556412066, "target_rescale": 4.012907525934002},
{"mapping": [6, 8, 10, 1, 5, 9, 4, 0, 3, 7, 2, 12], "R": [[-0.6309646371840668, 0.7505232289782056, 0.19646503349783845], [-0.45521428901930827, -0.15309372737726717, -0.8771215774967462], [-0.6282225542718316, -0.6428663884524239, 0.4382456262215432]], "T": [-0.013972980827414418, 0.023499228318997093, -0.17637505353840296], "aligned_model": [[-0.10653228993809943, 0.5073241042649966, 0.14018741366322832, -0.5778951905602905, -0.5113178239736054, -0.4734996637423066, -0.11965142081649205, -0.22491948150668564, 0.4582448873643263, 0.24276105411338547, 0.335810642046164, -0.07270367628284014], [-0.5695441682691216, -0.21567736088623737, -0.6340377022111849, 0.4518367910129532, -0.19026503936759742, -0.11057272872400165, 0.5505271691202456, 0.5367277693602035, -0.07361505193815786, -0.06012052895014425, 0.4102422045050299, -0.08272492591100691], [0.26125003842939853, 0.06739578066734214, -0.38590725859228964, -0.06258911632226927, -0.5727937464297584, 0.36098986008407274, -0.6572562411002817, 0.5456186968826384, -0.6924383811457142, 0.677191137218077, 0.009873000273433213, -0.10207530875522769]], "inverted": false, "swapped": true, "error_lsq": 0.041010670283808746, "error_max": 0.23292813342194515, "target": "545.xyz", "model": "16.xyz", "model_rescale": 3.795458400668931, "target_rescale": 4.012907525934002},
{"mapping": [8, 3, 11, 4, 7, 0, 5, 9, 10, 6, 2, 1, 12], "R": [[-0.3418554789459481, 0.3021829544419118, 0.8898428476755847], [-0.9218633273181015, -0.2917098772840816, -0.2550947926573662], [0.1824906497896127, -0.9075190408689304, 0.3782940036528485]], "T": [0.012995932617304787, -0.08287415389932021, 0.013255521793776107], "aligned_model": [[-0.47148981647862537, 0.23449009283265718, -0.710819119569441, 0.06432910031274959, 0.11526708404311288, 0.5799047153431584, 0.02418953210799655, -0.63024940752914, -0.2688712122508805, 0.052488574573934084, 0.34547209515439103, 0.6251727448185657, -0.01930769387807295], [-0.4701080544982742, -0.6659290171848818, 0.19252692235386867, 0.5516246599654859, 0.04051597338897572, -0.23093607877559477, -0.39471221140719537, -0.3867680678987707, 0.3051446668620095, -0.7451506087399298, 0.3609518233176223, -0.2876683713604429, 0.047986188630330856], [-0.25694854454240723, -0.4999396653031627, -0.2225121321570861, -0.0880951046610175, -0.623604091951493, -0.07450828588645274, 0.724035609616293, 0.5534682580825393, 0.5690396259484116, 0.1444274685766827, 0.45373928745717174, 0.5592367404555804, 0.11445617413209339]], "inverted": true, "swapped": false, "error_lsq": 0.04859888126898159, "error_max": 0.26815299403282944, "target": "545.xyz", "model": "17.xyz", "model_rescale": 3.7474275329858107, "target_rescale": 4.012907525934002},
{"mapping": [4, 0, 9, 7, 2, 1, 10, 5, 12, 8, 11, 3, 13], "R": [[0.12164594029198006, -0.3132348198619607, 0.9418525430429784], [-0.09281202750251069, -0.9483316572703258, -0.30340236546505506], [0.9882247683403578, -0.050507578094406924, -0.14443265487307283]], "T": [0.004784564697331833, -0.09974582546668731, 0.08590237335511555], "aligned_model": [[-0.5413701664717111, 0.23541899109182335, -0.5769154623765435, 0.09018937411037418, 0.11917344953787594, 0.6552363830596787, -0.032360640153467804, -0.5766316093280677, -0.4398441601067014, 0.022187721208430527, 0.43309743197934764, 0.5377420091162955, 0.014653367813070448], [-0.6768940321344731, -0.6460162661615669, 0.1311526620090684, 0.6458525117477232, 0.0650991286606454, -0.008155302441529233, -0.24956676859829705, -0.287140532421835, 0.375496777008963, -0.7938009288636383, 0.27130936533735145, -0.3881805472484916, -0.12167824224071679], [-0.15459872681375095, -0.5036218057635828, -0.15081503800225862, 0.02103003634984657, -0.5949603499110191, -0.13098936205859543, 0.758667777652337, 0.47327608575330404, 0.4542591150944383, 0.27255471009590704, 0.533789406996514, 0.39143625857620645, -0.01723276820219359]], "inverted": true, "swapped": false, "error_lsq": 0.035279717390414723, "error_max": 0.20997939126126416, "target": "545.xyz", "model": "18.xyz", "model_rescale": 3.922800546911778, "target_rescale": 4.012907525934002},
{"mapping": [6, 1, 8, 12, 5, 3, 11, 4, 13, 10, 7, 9, 14], "R": [[0.2946283747582933, 0.894502842302661, -0.33624215366272514], [-0.4799186555412346, 0.4427732675544067, 0.7573836000354695], [0.8263608200119248, -0.061777816824931275, 0.5597421696616798]], "T": [0.0046106821865129505, -0.15145840829711502, -0.000173716830481202], "aligned_model": [[-0.4821962322827075, -0.016147634035076436, -0.5154838203124898, 0.16351045949771997, 0.08291392860504192, 0.5930894268031448, -0.04237056481120083, -0.5390432972201753, -0.3456749846124916, -0.04607927630538462, 0.4187822013964529, 0.6035418996320543, 0.06573458312551705], [-0.6261166053064823, -0.619873594223791, 0.03394967779835645, 0.6167026437090041, 0.23108334709840564, 0.0960319103719997, -0.17919185510770866, -0.38268428912562635, 0.26815407746085873, -0.8173952066854118, 0.26561580583691724, -0.45621901655544617, -0.11257907061787185], [-0.11630465995024354, -0.5730081866703887, -0.2638329744004514, -0.057562770820023895, -0.6559664639426674, -0.0400554530589638, 0.7099440418034997, 0.41796750548862527, 0.4158059223964603, 0.4521086683270008, 0.5408642408383549, 0.45933205499202534, 0.063503414763925]], "inverted": false, "swapped": false, "error_lsq": 0.03856772446710239, "error_max": 0.24728417159457086, "target": "545.xyz", "model": "19.xyz", "model_rescale": 3.9282355846067225, "target_rescale": 4.012907525934002},
{"mapping": [2, 10, 7, 8, 9, 11, 3, 5, 6, 1, 4, 0, 13], "R": [[-0.8182912365687608, -0.12678593707186495, 0.5606467500267681], [-0.13199925058168596, 0.9907526216668826, 0.031391726713772564], [-0.5594422669057476, -0.04831737597394965, -0.827459836595318]], "T": [-0.07450553513109871, -0.020243564059955088, 0.03986640239243347], "aligned_model": [[-0.4761687866096659, 0.17175238291112555, -0.6138810527944676, 0.16385872361592796, 0.2002069298447231, 0.618607335534942, 0.036432192417839224, -0.5621525523258805, -0.4765811227045068, -0.03232118470453803, 0.39728397920407127, 0.5381332157402633, -0.024593370649428452], [-0.7273808160451267, -0.6502213959138045, 0.0021031321138844927, 0.701955920674365, 0.306558149622504, -0.07400458503686233, -0.19337547455041995, -0.2743868591455412, 0.3160762612208479, -0.6911373119351351, 0.21382095259061595, -0.4414307136993176, -0.17109943524280632], [-0.09181408069599825, -0.49372456282877175, -0.27105553716010067, 0.02463605342569264, -0.5043380874447053, -0.13353334520413987, 0.7637954260665476, 0.47033327037725847, 0.429825696495873, 0.37095982719530696, 0.38914609139299805, 0.3356232858394379, 0.062941302307754]], "inverted": false, "swapped": false, "error_lsq": 0.04132264674081488, "error_max": 0.25642604608905956, "target": "545.xyz", "model": "20.xyz", "model_rescale": 4.067790424073018, "target_rescale": 4.012907525934002},
{"mapping": [1, 8, 13, 6, 4, 2, 12, 10, 11, 7, 3, 0, 14], "R": [[0.05138986544737824, 0.5068405323345619, 0.8605066859194754], [0.4161808800463887, 0.772392263747287, -0.47979544181573386], [-0.907828484248602, 0.38278305302894455, -0.17124420428360912]], "T": [-0.02029362761756074, -0.1264219274276508, 0.054687261104307786], "aligned_model": [[-0.5417899124860814, 0.1089900909870786, -0.6871968425963956, 0.10396822979055215, 0.33784588287933376, 0.669988155050781, -0.050328860154199746, -0.7452031346856951, -0.27863024115423257, 0.07917739176626162, 0.43259440591808523, 0.5911289151080665, -0.07996739094314903], [-0.7350596292474578, -0.5128463699170003, 0.06596880526214388, 0.5712992915204749, 0.03823155748249432, 0.13091097300766436, -0.18973033854272547, -0.24711964521559376, 0.3033123972485329, -0.8653287866955642, 0.3442200214871872, -0.44596838393774624, -0.14041206779920623], [-0.12111624873168288, -0.3442234645920633, -0.03668786080081446, -0.1581530408086505, -0.6432366714730672, -0.05025448658790796, 0.8176445317205869, 0.416937297731891, 0.4628818939458686, 0.08272521463800207, 0.599786886542336, 0.22353798186003737, 0.1029533063226173]], "inverted": true, "swapped": false, "error_lsq": 0.05212609993870805, "error_max": 0.2774705580283752, "target": "545.xyz", "model": "21.xyz", "model_rescale": 4.186013935880536, "target_rescale": 4.012907525934002},
{"mapping": [3, 11, 5, 2, 8, 9, 7, 6, 0, 4, 1, 10, 12], "R": [[-0.5568273842501585, 0.8065857725729547, 0.19840024100795828], [0.12253818150396506, 0.3160102635013644, -0.9408091769511495], [-0.8215398092745277, -0.4995567083371897, -0.2748007222197286]], "T": [0.02621413084980459, -0.1108380817641146, 0.09145224551454705], "aligned_model": [[-0.7416190044854701, 0.08477240663991563, -0.599744253220219, -0.1017683658719544, 0.35700370109097, 0.6353638781208887, 0.21896235073324158, -0.3775907467236631, -0.4005330968121632, 0.005081059596838619, 0.22271231110757198, 0.6380383316948107, -0.00010188239036177868], [-0.5835881588745649, -0.48329330786632674, 0.1354165979918837, 0.5392829654445389, 0.15470349369455505, -0.018670133943325937, -0.2811172954785167, -0.3169942752740756, 0.34076170681293405, -0.8155514588461078, 0.4024804741497001, -0.6085302826672376, -0.14742250049025285], [-0.10673528085846405, -0.4153159575107596, -0.29074339839779734, -0.24120720102828003, -0.5470883269052552, 0.014690177848212804, 0.7786035046921931, 0.4143982065398475, 0.4598716744896771, 0.26623381842649646, 0.5741693067857305, 0.36398307507047145, 0.08193574061508097]], "inverted": false, "swapped": false, "error_lsq": 0.05200072639911886, "error_max": 0.3050826984099872, "target": "545.xyz", "model": "22.xyz", "model_rescale": 4.166573947596378, "target_rescale": 4.012907525934002},
{"mapping": [4, 2, 0, 13, 6, 12, 9, 8, 7, 3, 14, 11, 15], "R": [[0.9231472944951363, 0.36887021767093936, 0.1083228285344519], [-0.36875629850795494, 0.7699215343490554, 0.5208067043119826], [0.10871000403377067, -0.5207260253348114, 0.8467741975060338]], "T": [0.0076456117876108395, -0.1059334202039975, 0.11186864009606697], "aligned_model": [[-0.5167558614246444, 0.08550377523256532, -0.7433371837205935, 0.056086665360169354, 0.3272176679344973, 0.6533703833204353, 0.1340937831890431, -0.6149408350562158, -0.5178586138337848, 0.00620506622039463, 0.4781887669957531, 0.6099591162808427, -0.0171560410180571], [-0.5909265682234773, -0.5397002402681064, -0.03979089543307125, 0.7391728723531179, 0.011646523706658016, -0.021806069864607994, -0.2732036262520557, -0.36179874241194837, 0.37675139021094417, -0.7005662143260579, 0.39526668683947425, -0.5915984473873964, -0.08596884429026959], [-0.06028900461239621, -0.39665244244185655, -0.20182829980871558, 0.12805374142081366, -0.5686872280638383, 0.038769641587384884, 0.6744348178920382, 0.5601968606209263, 0.1593062865276198, 0.20039217933351827, 0.5034875300983561, 0.2649739995791167, 0.05063725763418568]], "inverted": false, "swapped": false, "error_lsq": 0.04984978085804014, "error_max": 0.3155011221947093, "target": "545.xyz", "model": "23.xyz", "model_rescale": 4.274766983524099, "target_rescale": 4.012907525934002},
{"mapping": [8, 9, 0, 2, 1, 4, 3, 5, 10, 11, 12], "R": [[0.28196964854979123, 0.21473058216189445, 0.9350849663967021], [0.1523200044233427, -0.9722901135562313, 0.17734303294261183], [0.947254840868697, 0.09242679354616463, -0.3068640648326137]], "T": [-0.06303431534323467, -0.0223382778339814, 0.0009408203277353408], "aligned_model": [[0.281796230214931, 0.04266598135681915, -0.5336324342836813, -0.3665679872121267, -0.5667967569955092, -0.6434088793662593, 0.06228907042911319, 0.02621390591446282, 0.5881951935769327, 0.45070066071551895, 0.03843971960787387], [-0.26850537688440607, 0.6775631003803753, 0.5438031290691561, -0.21535417469846546, 0.46022768657980456, -0.2707556840518569, -0.7017675279477436, 0.14665383256643588, -0.221483359724484, 0.68790451410557, 0.07730039184909748], [-0.45608649346676333, -0.12893073321559992, -0.5349679918545297, -0.42003331617934214, 0.16762032753451309, 0.34969181650942294, 0.1472699002775361, 0.6441136251338285, 0.19137545548040638, 0.42390906507185877, -0.004395221269753641]], "inverted": false, "swapped": true, "error_lsq": 0.04183192134597159, "error_max": 0.20796419436914323, "target": "545.xyz", "model": "24.xyz", "model_rescale": 3.7841303162186577, "target_rescale": 4.012907525934002},
{"mapping": [4, 6, 8, 10, 7, 11, 12, 2, 9, 3, 14, 13, 15], "R": [[0.6155448250897059, 0.6028895707664199, 0.5075714075540163], [-0.31574731202925466, 0.778750983065211, -0.5420798292883331], [-0.7220860082092604, 0.17341012610585865, 0.66971689907928]], "T": [-0.09938390530548533, -0.06237974044667957, -0.0013787572509221108], "aligned_model": [[-0.4623332215609455, 0.10207515566134853, -0.66302685676034, 0.23390242612014203, 0.18341301351492748, 0.6357983304988085, -0.02782434991551644, -0.6939968178557735, -0.25201462038605327, 0.1984318771993864, 0.2354123558343786, 0.5251837564873784, -0.07444435935733637], [-0.7074482341245362, -0.6013405346052465, 0.0975321594744013, 0.6385492169385155, 0.1464380740605927, -0.17339166750055313, -0.24159725826069048, -0.22949141352226046, 0.2563796789968933, -0.7986330289568969, 0.31681416015549735, -0.2668212163732697, -0.11951211162924344], [-0.09549982371444264, -0.4383707038098461, -0.08007177585964943, -0.054987742141041865, -0.5483948293642984, -0.19271877233472778, 0.7320598685175266, 0.4314054856202404, 0.46470815079962, 0.13367213123950178, 0.6097042253164506, 0.4230254322130757, -0.031736306715256214]], "inverted": false, "swapped": false, "error_lsq": 0.047889565586237914, "error_max": 0.3076356600775254, "target": "545.xyz", "model": "25.xyz", "model_rescale": 4.19342608120988, "target_rescale": 4.012907525934002},
{"mapping": [6, 8, 10, 1, 5, 9, 4, 0, 3, 7, 2, 12], "R": [[-0.6309646371840668, 0.7505232289782056, 0.19646503349783845], [-0.45521428901930827, -0.15309372737726717, -0.8771215774967462], [-0.6282225542718316, -0.6428663884524239, 0.4382456262215432]], "T": [-0.013972980827414418, 0.023499228318997093, -0.17637505353840296], "aligned_model": [[-0.10653228993809943, 0.5073241042649966, 0.14018741366322832, -0.5778951905602905, -0.5113178239736054, -0.4734996637423066, -0.11965142081649205, -0.22491948150668564, 0.4582448873643263, 0.24276105411338547, 0.335810642046164, -0.07270367628284014], [-0.5695441682691216, -0.21567736088623737, -0.6340377022111849, 0.4518367910129532, -0.19026503936759742, -0.11057272872400165, 0.5505271691202456, 0.5367277693602035, -0.07361505193815786, -0.06012052895014425, 0.4102422045050299, -0.08272492591100691], [0.26125003842939853, 0.06739578066734214, -0.38590725859228964, -0.06258911632226927, -0.5727937464297584, 0.36098986008407274, -0.6572562411002817, 0.5456186968826384, -0.6924383811457142, 0.677191137218077, 0.009873000273433213, -0.10207530875522769]], "inverted": false, "swapped": true, "error_lsq": 0.041010670283808746, "error_max": 0.23292813342194515, "target": "545.xyz", "model": "26.xyz", "model_rescale": 3.795458400668931, "target_rescale": 4.012907525934002},
{"mapping": [0, 7, 6, 8, 5, 10, 9, 2, 1, 3, 11, 4, 12], "R": [[-0.5487964977873483, 0.8323555681798995, -0.07750233632773618], [0.11132283668266757, 0.16465282423045358, 0.9800493219761235], [0.8285104887985817, 0.5292198556298242, -0.1830210762668687]], "T": [-0.007460815370741501, -0.05380313744754073, 0.212714686888622], "aligned_model": [[-0.575204498461431, 0.13675333999608089, -0.4421600728696682, -0.01734316387584086, 0.1564904611134528, 0.6081172294788484, -0.061059686592702486, -0.6281858772529364, -0.5338502963235047, 0.031838948427993605, 0.5609824781716242, 0.7068706212107542, -0.002672793542265646], [-0.6118577628129636, -0.5160628775867474, 0.298492394521093, 0.6479797331969149, 0.16655235425169695, -0.21367872575887475, -0.1850532691352872, -0.4797496091605533, 0.21017241439244866, -0.7910175554258994, 0.2978269577666613, -0.3815835848529155, -0.12454264474237037], [-0.02710886806749646, -0.43976236915831884, -0.39400713846520946, 0.017382017413638595, -0.4883016496524208, -0.10851715379734267, 0.6180230313019699, 0.6688998627610775, 0.2725828163423023, 0.20585980993491415, 0.4672791971796157, 0.49758967639583357, 0.06287610757858902]], "inverted": false, "swapped": false, "error_lsq": 0.0510708957022282, "error_max": 0.30560004526111295, "target": "545.xyz", "model": "27.xyz", "model_rescale": 3.6321398670334006, "target_rescale": 4.012907525934002},
{"mapping": [7, 12, 4, 13, 6, 9, 0, 3, 1, 8, 11, 10, 14], "R": [[-0.01569350876983694, 0.6019406072835654, -0.7983866350870257], [-0.10476738190029032, -0.7950795603231119, -0.59738788776319], [-0.9943729227368623, 0.07426976544664415, 0.07554132953721887]], "T": [-0.0056561040481880095, -0.14036367336156286, 0.18840107338507409], "aligned_model": [[-0.5056529354732647, 0.10193496748357037, -0.634018948114252, 0.2615174550866814, 0.030918007800486, 0.592119466866476, 0.051941997308453496, -0.5497629801811464, -0.49694616802567876, 0.052749790994996125, 0.42431838710167263, 0.629093504684902, -0.017635856052491218], [-0.6334673780349535, -0.5958255842289235, 0.11661259966832538, 0.5915895852994305, 0.16218354026996296, -0.039856165572361046, -0.24637419554808107, -0.4072130246348371, 0.30465521500082043, -0.653148560198974, 0.2328396666640874, -0.4369812614159917, -0.07753661261530088], [-0.13983556230039826, -0.4931327408425472, -0.2865626975026714, -0.05519705540250297, -0.5264660156650842, -0.09290795404895616, 0.8006558586874825, 0.5113549571395801, 0.27705465867075935, 0.16251619266464154, 0.4856670155527403, 0.5257177994254064, 0.1839308833887028]], "inverted": false, "swapped": false, "error_lsq": 0.03864553534223973, "error_max": 0.22029894526420007, "target": "545.xyz", "model": "28.xyz", "model_rescale": 4.156811204709835, "target_rescale": 4.012907525934002},
