[{"mapping": [3, 1, 0, 5, 2, 6, 11, 12, 9, 7, 13], "R": [[-0.538787046514824, -0.19503586404690626, 0.8195544705773434], [0.745641365827862, -0.5631689153034881, 0.35617373064594937], [0.3920809509198242, 0.8029955071925181, 0.4488549246186758]], "T": [-0.03342868667800653, 0.03655971478124765, -0.04580036936939838], "aligned_model": [[0.07153218845660012, -0.37863468435449893, 0.25980237985139826, -0.6149638202326984, 0.626226695635041, 0.22347390469970557, -0.35378630446650083, -0.22825364726010633, 0.4049661867253099, 0.44007108964833547, 0.03266198710969514], [-0.18109635162785975, 0.33486502503790827, 0.6466269590302428, -0.43988600967400815, 0.04047870341672686, -0.6589749902708223, -0.17934016400756228, 0.5541439427455335, 0.5069551596325264, -0.05431314313200338, 0.022281349511759925], [-0.5092756731818282, -0.3991993994527119, -0.41626755239252566, -0.13075694964091586, -0.4408923378061228, -0.23229116485056847, 0.5354225481993593, 0.12528326418566527, 0.3053139029139772, 0.5363805028593714, 0.10241573427294512]], "inverted": false, "swapped": false, "error_lsq": 0.0487763321494439, "error_max": 0.201723174328509, "target": "547.xyz", "model": "0.xyz", "model_rescale": 3.8414455957264533, "target_rescale": 3.7438778018361925},
{"mapping": [11, 13, 8, 0, 12, 1, 4, 9, 6, 5, 14], "R": [[0.6149728279262318, 0.014365018096304139, -0.7884174447381962], [0.7812015379564909, 0.1250655545957966, 0.6116230572403721], [0.10738984126455817, -0.9920444815172046, 0.06568994355633395]], "T": [0.015824227989659025, 0.06971277805361328, 0.09703156634326057], "aligned_model": [[0.06966286051156032, -0.32714775312647454, 0.30217321497554006, -0.5661402458098, 0.45636120247269135, 0.16224202267612534, -0.208169451560448, -0.33611802667104274, 0.3946776277908304, 0.46917143442106846, 0.06638309013223043], [-0.3226762399212184, 0.3139211687385568, 0.6572470931333155, -0.32264045406166286, 0.08335945789262786, -0.7574973649797161, -0.27798613465905986, 0.6542179665706191, 0.5853119537473987, -0.02029034950011155, -0.0012266162983075035], [-0.6575528638902906, -0.533507475055188, -0.34693924773865215, -0.08433453300053081, -0.5258893645217896, -0.10980919325376068, 0.45023056473965994, 0.09691335262701697, 0.5449766134937182, 0.5668171902547194, 0.07522783145174268]], "inverted": false, "swapped": false, "error_lsq": 0.03930178704228439, "error_max": 0.2082674130127743, "target": "547.xyz", "model": "1.xyz", "model_rescale": 4.316132596720782, "target_rescale": 3.7438778018361925},
{"mapping": [0, 5, 9, 4, 1, 2, 6, 3, 10, 8, 11], "R": [[-0.9755467644491583, 0.16904217434773755, -0.14047509980266126], [-0.009367737210564303, -0.6705249817397091, -0.7418278064096255], [-0.21959224911715886, -0.7223717825017477, 0.6557120190852961]], "T": [0.06567728391886266, 0.16880354299170883, -0.06717851941083733], "aligned_model": [[-0.010766968341389085, -0.3154911727411356, 0.40127446154304414, -0.5131896298355934, 0.5631276969325808, 0.25648057576449657, -0.26253443192987014, -0.5086088754918394, 0.3497776454909649, 0.5463087389785706, -0.023282064557548582], [-0.1841601144061397, 0.3902607762350433, 0.6640475990562709, -0.34034912435901443, 0.04013641024859285, -0.645734219354647, -0.08899432933949383, 0.41884832945684447, 0.4266486672636446, -0.19097871932310437, 0.10201520518444528], [-0.6783143401897788, -0.5377390186122054, -0.5054243003778843, -0.06970609270907765, -0.24206453643036352, -0.09629448200291182, 0.6412798700522601, 0.12951927089200735, 0.4328601541266004, 0.4088322409126185, -0.006815890554619591]], "inverted": true, "swapped": false, "error_lsq": 0.04268830516577972, "error_max": 0.22182296200883822, "target": "547.xyz", "model": "2.xyz", "model_rescale": 3.795458400668931, "target_rescale": 3.7438778018361925},
{"mapping": [0, 2, 10, 1, 4, 7, 8, 6, 5, 9, 11], "R": [[0.5369476528701344, 0.8104267670702646, -0.23429825712815877], [-0.6513208899085766, 0.5747583959640002, 0.4954128426248048], [0.5361607188576517, -0.1134074137123693, 0.8364630548142086]], "T": [0.02068988795990441, 0.07816058095174619, -0.059871212432256675], "aligned_model": [[0.06196489467270645, -0.4856858763926653, 0.2815476273223151, -0.5155235603669005, 0.5957596371746064, 0.26164833022994866, -0.3595289716462947, -0.4015983349351809, 0.475707991202546, 0.490221523602387, 0.07858271494881276], [-0.29451039518676425, 0.5509788484302535, 0.6188054463989964, -0.21987303373988462, 0.05916803587700578, -0.6386229025753747, -0.18896043537317583, 0.3144228817570359, 0.5219678548410673, -0.11505259127601064, -0.016583228490707147], [-0.7466176441962439, -0.3881268789940876, -0.48256153013591563, -0.20100924524754277, -0.3425172810292215, 0.04719308347208113, 0.5683348990221269, 0.27650518186913514, 0.23982570932974928, 0.64494320003095, -0.13983661901438593]], "inverted": false, "swapped": false, "error_lsq": 0.0560191074872991, "error_max": 0.28759939322748324, "target": "547.xyz", "model": "3.xyz", "model_rescale": 3.7530521520055578, "target_rescale": 3.7438778018361925},
{"mapping": [8, 6, 0, 9, 7, 5, 3, 4, 2, 1, 10], "R": [[0.7662538855493597, -0.051756865516612474, 0.6404500056619598], [-0.0157390672019132, 0.994939541494507, 0.09923502675121403], [-0.6423451289175648, -0.08611931050929165, 0.7615616847723379]], "T": [0.005728927788327544, 0.007388019988049707, 0.0016197799393617082], "aligned_model": [[-0.11042658582535816, -0.22971674991486576, 0.3825843666601486, -0.4551275495516406, 0.4055262698614997, 0.26443282417019087, -0.19895122451545705, -0.33754601648933735, 0.047823001984579484, 0.6587574643992143, 0.05574017503330738], [-0.29449579535327375, 0.4062579825865633, 0.6865317888702142, -0.27803518419766704, -0.11641975911634589, -0.6637872676900681, -0.2870204845485246, 0.6568470076259744, 0.3818562329137465, 0.01332772802129871, 0.0866782315505242], [-0.8567819621058225, -0.5744042025713175, -0.27580427300339383, -0.05761425292486203, -0.42731455029997845, -0.01086097312880873, 0.6735568698547335, 0.010351355917294837, 0.566737138947918, 0.44709067803493363, -0.018822953614052125]], "inverted": true, "swapped": false, "error_lsq": 0.05257100633069669, "error_max": 0.3076041036408632, "target": "547.xyz", "model": "4.xyz", "model_rescale": 3.7855080009869324, "target_rescale": 3.7438778018361925},
{"mapping": [9, 15, 8, 14, 10, 3, 1, 13, 6, 4, 16], "R": [[0.5234703522468319, -0.6803566369690995, 0.5129265413786608], [0.020136976601048462, -0.5919486161320543, -0.8057241078884975], [0.851805900714445, 0.43210147233195484, -0.2961672249196563]], "T": [0.059012932499760404, 0.007941884886176843, 0.05865874028871158], "aligned_model": [[-0.06614508650275337, -0.18951445151039997, 0.19068038578502372, -0.5355522115780722, 0.5009345859724325, 0.21514347538854156, -0.09834987686337378, -0.3380944751908512, 0.26944659481268524, 0.5143913208539052, 0.02015571464514293], [-0.3586260701880857, 0.3362320342531575, 0.6080668502212357, -0.1387424376709013, 0.042489645258736365, -0.606510863375317, -0.3343151635820989, 0.6124386800248213, 0.4913003996583658, -0.04508609353422844, -0.015506500403243695], [-0.5387334456671162, -0.6553285312445616, -0.2845956576300735, -0.22887107989790256, -0.5196802420732803, -0.22504476538295282, 0.7153177065661058, 0.10057496983943091, 0.44357339060713763, 0.63902012838235, 0.02990040160750746]], "inverted": true, "swapped": false, "error_lsq": 0.04411339525052352, "error_max": 0.18712979594561147, "target": "547.xyz", "model": "5.xyz", "model_rescale": 4.2253639853439635, "target_rescale": 3.7438778018361925},
{"mapping": [2, 5, 11, 10, 6, 4, 1, 8, 9, 0, 13], "R": [[-0.8710337156621845, 0.4339476063413774, -0.23019500674497195], [-0.25352966327481186, -0.7985170447518638, -0.545979156269276], [-0.4207409844779676, -0.41720499061173616, 0.8055538590244428]], "T": [0.15930765327495341, 0.07883838024126724, -0.03281944712919284], "aligned_model": [[-0.02203548120430998, -0.19749635127032297, 0.2559485912469486, -0.5747175705735618, 0.5086279662218047, 0.09761124360354413, -0.21023564232015365, -0.3975343310667313, 0.16251047959885753, 0.6636241875181697, 0.19679288405803624], [-0.3207163170484616, 0.2415242627547787, 0.7442732993344, -0.1405046133833915, 0.11905259319296843, -0.6210212576812074, -0.2448673135823711, 0.5245149053767169, 0.3782513466729106, -0.12660774168759256, 0.03784131671369116], [-0.5404042415115518, -0.529775654879875, -0.424496209744231, -0.17981637325708522, -0.5714065841483554, 0.05262850455606498, 0.5124861171420061, 0.15996103688383362, 0.4990997618880465, 0.5558395149192095, -0.057982996741417325]], "inverted": true, "swapped": false, "error_lsq": 0.04473594115756606, "error_max": 0.20621805678376728, "target": "547.xyz", "model": "6.xyz", "model_rescale": 3.89814844738969, "target_rescale": 3.7438778018361925},
{"mapping": [2, 0, 7, 5, 4, 10, 9, 6, 8, 11, 12], "R": [[-0.6378269826709302, 0.20340252053170443, -0.7428352137710265], [0.2425298138085355, 0.9684715055182173, 0.056940604258075816], [0.7309966002594636, -0.1438414322809227, -0.6670484336001987]], "T": [0.055880389813348724, 0.17241953654708536, -0.12679779542101416], "aligned_model": [[-0.00858672415623049, -0.21564564422733848, 0.4761284323106256, -0.5860093310614637, 0.5509470827453813, 0.11860099884865846, -0.23136758286915945, -0.5111405408376736, 0.11987757519855416, 0.6670091630327062, 0.10328254682822129], [-0.33022288694236174, 0.4684952395315517, 0.6526480707809745, -0.24025720539295975, -0.062134799241897104, -0.5549035518827923, -0.2761284376977384, 0.4208397580363791, 0.46755822801595437, 0.03225391145410894, 0.0135921540012226], [-0.621512288685619, -0.5622552312384526, -0.28186815761422374, 0.015512066928131923, -0.46648739122312827, -0.049526110495742515, 0.5903069361386568, 0.14550811488325577, 0.478581660272313, 0.38527211124086763, -0.1573988350994138]], "inverted": true, "swapped": false, "error_lsq": 0.04448973639230683, "error_max": 0.23071301059960686, "target": "547.xyz", "model": "7.xyz", "model_rescale": 3.7474275329858107, "target_rescale": 3.7438778018361925},
{"mapping": [7, 0, 3, 12, 5, 9, 13, 1, 2, 4, 14], "R": [[0.1952994000100397, -0.9499477086797055, 0.24383907629806978], [-0.08787509652713243, -0.2645761270620562, -0.9603527687257374], [0.976798910608558, 0.16612893716333732, -0.13514830546815704]], "T": [-0.03250924980882373, -0.0010562590811609152, -0.1214749406184426], "aligned_model": [[0.08821755354783511, -0.2808226797054795, 0.38324387471088867, -0.5736635616351229, 0.5396481969776029, 0.42005765345333324, -0.2678532539788422, -0.38229714262128445, 0.2528166152868594, 0.33743725899545685, -0.03368853921896619], [-0.36884191027687685, 0.5054949391333263, 0.5172736367832372, -0.2185027719835952, -0.038093762509603724, -0.6005179905306969, -0.36803205860813776, 0.6032918881607676, 0.5891107135455933, -0.04405101104667325, 0.014608807995101003], [-0.6818644352111258, -0.46200329736335055, -0.3909522040191064, 0.07980010407843868, -0.5507598616773042, -0.24863338779213293, 0.6646890314353058, 0.1563983524791835, 0.4066174669939164, 0.56665068582812, -0.06380957964529915]], "inverted": false, "swapped": false, "error_lsq": 0.04687269868976034, "error_max": 0.2738762551897533, "target": "547.xyz", "model": "8.xyz", "model_rescale": 4.019505241142653, "target_rescale": 3.7438778018361925},
{"mapping": [3, 0, 7, 2, 4, 5, 6, 1, 9, 11, 12], "R": [[-0.5420775922378528, 0.385191607866235, -0.7468462420224373], [0.8384781920480475, 0.30687678399581825, -0.450312070573532], [0.05573334238541572, -0.870318369720994, -0.48932579113790997]], "T": [-0.0018123056085649278, 0.08137567904621232, 0.09041936280593957], "aligned_model": [[-0.08009444337863264, -0.12442303490128429, 0.3997307853506935, -0.4652617949831293, 0.4187067097438917, 0.284675229794763, -0.2619774630002839, -0.4582681965886215, 0.29427449234447656, 0.44955634835309377, 0.026177343077314282], [-0.4483638448216558, 0.3418518663714355, 0.6999753445275567, -0.1916979138859756, 0.028186847639761543, -0.5155451113956534, -0.42746745000836295, 0.5690424074220223, 0.5641571970058695, -0.08201006360003313, 0.05361120140747709], [-0.5816734518410848, -0.49247414631035924, -0.4346345297088666, -0.1557869447050977, -0.6222722796199679, -0.01974043539078299, 0.5392563029748478, 0.19108953612154136, 0.473296203872263, 0.48642562704144976, 0.09264699267270243]], "inverted": true, "swapped": false, "error_lsq": 0.04695429248167129, "error_max": 0.22021517226232407, "target": "547.xyz", "model": "9.xyz", "model_rescale": 3.877068213659057, "target_rescale": 3.7438778018361925},
{"mapping": [13, 6, 10, 3, 14, 2, 1, 12, 11, 8, 15], "R": [[-0.6676945362767259, 0.7260517392016226, 0.16441678207685184], [0.7076478973024452, 0.6875962041297004, -0.16262199577503467], [-0.23112433811616634, 0.0077673720605111185, -0.9728932152408288]], "T": [0.0032958047942296745, -0.033135223146488285, -0.0010014668776562388], "aligned_model": [[-0.0029796413264089536, -0.2550654840662509, 0.35815210141970405, -0.5955233464035902, 0.5211397851685201, 0.391378670237212, -0.3048697922622478, -0.4082871975287924, 0.2767432898332778, 0.5170173338931413, -0.014609743152283916], [-0.30945228082699905, 0.3113746235895646, 0.5106085695910655, -0.14294471125249464, 0.01997846423210667, -0.544849193310863, -0.32685913811508505, 0.5744209463739611, 0.572547939065605, -0.08804121321426739, 0.014956474529848038], [-0.7229765345735175, -0.4424388747228688, -0.286711942822294, -0.18021877410227824, -0.5828417326222555, -0.16802200524848784, 0.7550850604257866, 0.13924884075101232, 0.3199808631691591, 0.5720591395184306, 0.07296883533395834]], "inverted": false, "swapped": false, "error_lsq": 0.04052771398323103, "error_max": 0.22875484521162362, "target": "547.xyz", "model": "10.xyz", "model_rescale": 4.260839863003843, "target_rescale": 3.7438778018361925},
{"mapping": [3, 0, 6, 1, 5, 2, 8, 7, 10, 9, 11], "R": [[0.7264052846065898, -0.6459771410555937, -0.23462501087748797], [-0.6265806874219053, -0.7627381618456519, 0.1600847857049788], [-0.28236856171591074, 0.030725066280778354, -0.9588138326372488]], "T": [0.10307903559008577, 0.012476547978423541, -4.653757238605449e-06], "aligned_model": [[0.07860218589296808, -0.3723888450783249, 0.21298121546639376, -0.5171164019303365, 0.5750899146287037, 0.07737828684008644, -0.1796093837271854, -0.36393404854865075, 0.4046345878334485, 0.5240476229754699, 0.04341084145970815], [-0.3261507059863892, 0.45747949728791826, 0.7476519725327645, -0.31341198305646745, 0.16111521513261678, -0.6728623457327826, -0.17306274771985317, 0.45781193943297604, 0.4444410963064602, -0.21483642923841173, 0.023564971703609935], [-0.6233549069166656, -0.5881686946621288, -0.38819782814855647, -0.1800461149823262, -0.46013852443371245, 0.002678333726678077, 0.6334587109249137, 0.11480300122922704, 0.34029619834448116, 0.6378413464503226, -0.01303864642558783]], "inverted": true, "swapped": false, "error_lsq": 0.039908235439261704, "error_max": 0.18083238588008274, "target": "547.xyz", "model": "11.xyz", "model_rescale": 3.890672605050136, "target_rescale": 3.7438778018361925},
{"mapping": [7, 3, 8, 4, 5, 12, 2, 0, 6, 9, 13], "R": [[0.9398665535561394, 0.22229595717972578, -0.25929783826336544], [0.08362898317391795, 0.5863027320153987, 0.8057637988918194], [0.33114506591492726, -0.7789952591979168, 0.5324559432172481]], "T": [0.05822518300820849, 0.10924916073442992, 0.1627168244217321], "aligned_model": [[0.11902862525200754, -0.46465058218098304, 0.21599094951753967, -0.5571213710078853, 0.6649485328399546, 0.2086459856117096, -0.4357349364463347, -0.37461501860413554, 0.33148215258639424, 0.7634867983705261, 0.011634839873488012], [-0.19024833623707094, 0.33450597318614794, 0.6107022114984162, -0.1825156359057502, -0.08710857064847755, -0.5573172010170413, -0.23543158704515155, 0.4910449141538027, 0.5411450853745909, -0.13964542421350765, 0.006609051516483069], [-0.633253251017987, -0.5645544170170756, -0.3300770946107041, -0.0024466271260432937, -0.28259497637649744, -0.13425962964592306, 0.540556362010442, 0.037913369796731405, 0.42890262944845425, 0.37830429043385816, 0.037642219211389744]], "inverted": true, "swapped": false, "error_lsq": 0.047594327467694125, "error_max": 0.2362750797160585, "target": "547.xyz", "model": "12.xyz", "model_rescale": 4.124412569039231, "target_rescale": 3.7438778018361925},
{"mapping": [5, 7, 3, 10, 0, 4, 2, 9, 6, 1, 12], "R": [[0.5857387043554051, 0.04389065513449564, -0.8093106823784773], [0.8088914245918017, -0.09453438494403979, 0.5803084639095814], [-0.0510375689262062, -0.994553598583363, -0.09087522271216661]], "T": [0.035275379509276596, 0.13576463518411164, -0.05977169552785159], "aligned_model": [[0.0007175814610503525, -0.3998483508984445, 0.43045315993986005, -0.5868199226952265, 0.5276660757892753, 0.1803393049666376, -0.15647561297185072, -0.3065693683999119, 0.28638161162720105, 0.5502413873470935, -0.04298989035340308], [-0.23311681261441725, 0.24109801885775378, 0.6830540598239201, -0.26110409634275167, -0.008113819260347016, -0.6367700448161325, -0.4455232438315707, 0.6703690452516257, 0.5847458426231296, -0.05096537056170175, 0.048066901532933595], [-0.7204365993454613, -0.4986906994864115, -0.2901239980935348, -0.04965649860156175, -0.33109767282747793, -0.08033577774292847, 0.5466369721549851, 0.017568882848967342, 0.3679833165318788, 0.5425622771438573, -0.02827732747566758]], "inverted": true, "swapped": false, "error_lsq": 0.03893222194149824, "error_max": 0.1988305959988444, "target": "547.xyz", "model": "13.xyz", "model_rescale": 3.9028299243045295, "target_rescale": 3.7438778018361925},
{"mapping": [10, 7, 9, 4, 14, 13, 8, 3, 1, 12, 15], "R": [[-0.24395802751576087, -0.9622395560447289, -0.1207456731873337], [0.9049534461532939, -0.27063707967735234, 0.32835168858861064], [-0.3486312394291377, -0.02916518277943017, 0.9368060903984057]], "T": [-0.027462970787139503, 0.10429410505977102, 0.1344964421952231], "aligned_model": [[-0.05683640772657688, -0.26677372847304515, 0.28282894692088073, -0.5882185982294587, 0.6337105300216465, 0.3608337605335892, -0.17365733064202418, -0.5451382288975286, 0.3508358971457384, 0.4942119930163697, -0.008700857857309882], [-0.19506596237722026, 0.4250571701547272, 0.5586936701638964, -0.146927748986416, -0.06327018473420645, -0.5630388037192812, -0.35690056356225497, 0.450374178425353, 0.5484407988215991, -0.23326216947170067, 0.1676400959479451], [-0.5473197744463725, -0.6781962261387893, -0.41147555113586626, -0.15151750890520105, -0.42926100866201117, -0.05666785651497325, 0.7365212310028466, 0.10399471769042656, 0.4205426564403096, 0.4477874931780546, 0.04172470259822053]], "inverted": true, "swapped": false, "error_lsq": 0.042650402922236846, "error_max": 0.1788685854025252, "target": "547.xyz", "model": "14.xyz", "model_rescale": 3.942246331269136, "target_rescale": 3.7438778018361925},
{"mapping": [13, 11, 10, 8, 4, 12, 0, 6, 9, 5, 14], "R": [[-0.7033811105861643, 0.5641916865878821, 0.4323687709070764], [-0.6420024364679561, -0.7653371402510241, -0.04573765758751505], [0.30510307248499285, -0.3097528087645146, 0.9005361251069897]], "T": [0.12902091925362305, 0.03828879916690631, 0.018091307583408045], "aligned_model": [[0.008544864577413325, -0.2574924046643974, 0.3902921769349982, -0.6348740327614326, 0.4509396752740471, 0.18836548058219948, -0.24065069269304137, -0.27367216434947184, 0.18339315995787037, 0.5591144065333298, 0.10913550642076597], [-0.36745639516591677, 0.27722398327831366, 0.6481004116102734, -0.0854227426382535, 0.11618177132945604, -0.7487555032292887, -0.3318992998351555, 0.4262143310830012, 0.7166876315894104, -0.02673962575048333, -0.03239408160891513], [-0.6760169001412888, -0.5365513277089408, -0.24433514550769186, 0.017151627905198696, -0.4656079546990063, -0.19431337049396924, 0.5348322035324825, 0.029984643711962106, 0.44818547139052634, 0.48022814266741054, 0.08257548444996168]], "inverted": true, "swapped": false, "error_lsq": 0.04791477994188719, "error_max": 0.20935095254639394, "target": "547.xyz", "model": "15.xyz", "model_rescale": 4.355366556412066, "target_rescale": 3.7438778018361925},
{"mapping": [0, 5, 9, 4, 1, 2, 6, 3, 10, 8, 11], "R": [[-0.9755467644491583, 0.16904217434773755, -0.14047509980266126], [-0.009367737210564303, -0.6705249817397091, -0.7418278064096255], [-0.21959224911715886, -0.7223717825017477, 0.6557120190852961]], "T": [0.06567728391886266, 0.16880354299170883, -0.06717851941083733], "aligned_model": [[-0.010766968341389085, -0.3154911727411356, 0.40127446154304414, -0.5131896298355934, 0.5631276969325808, 0.25648057576449657, -0.26253443192987014, -0.5086088754918394, 0.3497776454909649, 0.5463087389785706, -0.023282064557548582], [-0.1841601144061397, 0.3902607762350433, 0.6640475990562709, -0.34034912435901443, 0.04013641024859285, -0.645734219354647, -0.08899432933949383, 0.41884832945684447, 0.4266486672636446, -0.19097871932310437, 0.10201520518444528], [-0.6783143401897788, -0.5377390186122054, -0.5054243003778843, -0.06970609270907765, -0.24206453643036352, -0.09629448200291182, 0.6412798700522601, 0.12951927089200735, 0.4328601541266004, 0.4088322409126185, -0.006815890554619591]], "inverted": true, "swapped": false, "error_lsq": 0.04268830516577972, "error_max": 0.22182296200883822, "target": "547.xyz", "model": "16.xyz", "model_rescale": 3.795458400668931, "target_rescale": 3.7438778018361925},
{"mapping": [2, 0, 7, 5, 4, 10, 9, 6, 8, 11, 12], "R": [[-0.6378269826709302, 0.20340252053170443, -0.7428352137710265], [0.2425298138085355, 0.9684715055182173, 0.056940604258075816], [0.7309966002594636, -0.1438414322809227, -0.6670484336001987]], "T": [0.055880389813348724, 0.17241953654708536, -0.12679779542101416], "aligned_model": [[-0.00858672415623049, -0.21564564422733848, 0.4761284323106256, -0.5860093310614637, 0.5509470827453813, 0.11860099884865846, -0.23136758286915945, -0.5111405408376736, 0.11987757519855416, 0.6670091630327062, 0.10328254682822129], [-0.33022288694236174, 0.4684952395315517, 0.6526480707809745, -0.24025720539295975, -0.062134799241897104, -0.5549035518827923, -0.2761284376977384, 0.4208397580363791, 0.46755822801595437, 0.03225391145410894, 0.0135921540012226], [-0.621512288685619, -0.5622552312384526, -0.28186815761422374, 0.015512066928131923, -0.46648739122312827, -0.049526110495742515, 0.5903069361386568, 0.14550811488325577, 0.478581660272313, 0.38527211124086763, -0.1573988350994138]], "inverted": true, "swapped": false, "error_lsq": 0.04448973639230683, "error_max": 0.23071301059960686, "target": "547.xyz", "model": "17.xyz", "model_rescale": 3.7474275329858107, "target_rescale": 3.7438778018361925},
{"mapping": [6, 2, 7, 0, 9, 4, 8, 1, 11, 10, 13], "R": [[-0.46805061712812435, 0.2577629198243153, 0.845273267629839], [-0.07368690305892278, 0.9417992645059908, -0.32800058794697257], [-0.8806241310136617, -0.215806446937107, -0.42181597567756346]], "T": [0.13874990039880972, 0.1005474923633351, 0.042966787047990895], "aligned_model": [[0.009594066221921715, -0.26807172848661387, 0.384827776971123, -0.6153334883458983, 0.48592265577245075, 0.09060611046653136, -0.07866140767935006, -0.37726220240883934, 0.2941492918558165, 0.4967443421943759, 0.060580559250763416], [-0.27805338050854117, 0.25064120986766014, 0.7347792401136157, -0.23093682767337503, -0.09159078431405451, -0.7058387649078328, -0.42122875703500035, 0.5554328446577639, 0.6877003775474768, 0.009025557746201757, 0.08180976516852728], [-0.6165625610625063, -0.5189947437051603, -0.2804757130097207, -0.10062561933189529, -0.49580786567593965, -0.1484730248923686, 0.48719231524538004, 0.11596845027341471, 0.43391330559085267, 0.6259788671894531, -0.025980535514864622]], "inverted": false, "swapped": false, "error_lsq": 0.04253948850095931, "error_max": 0.2657184191800373, "target": "547.xyz", "model": "18.xyz", "model_rescale": 3.922800546911778, "target_rescale": 3.7438778018361925},
{"mapping": [0, 5, 12, 1, 3, 2, 6, 8, 13, 11, 14], "R": [[0.6730717579357322, 0.558745308488478, 0.4845390478706735], [-0.5839636837587286, -0.0005180532638194733, 0.8117796176744962], [0.45382906993739247, -0.8293391416440752, 0.32593828160685556]], "T": [0.07737492536083963, 0.030653180549752246, 0.06329546020408075], "aligned_model": [[-0.019021306048605482, -0.2892386756928945, 0.3407228276495629, -0.5244117672106147, 0.4328051794663886, 0.19067386365543604, -0.4135321762809732, -0.3560054476741645, 0.3419960611506249, 0.6072026207164226, 0.17190479608109827], [-0.23508667455947302, 0.35654809765787304, 0.6488754903009508, -0.36314026382540404, -0.008906309432326849, -0.6619339551519838, -0.1739701999814789, 0.43567379691103464, 0.5504791027157081, 0.0067779705863095785, 0.03642342544123274], [-0.7231730589710117, -0.5214443885416837, -0.3454380748190873, -0.11209702466031202, -0.4670380431727359, -0.08028508454195499, 0.5025075520352569, 0.21339678135744836, 0.4260218198166995, 0.5386439643062793, 0.045038432297746636]], "inverted": false, "swapped": false, "error_lsq": 0.03961468876105016, "error_max": 0.2547253778276965, "target": "547.xyz", "model": "19.xyz", "model_rescale": 3.9282355846067225, "target_rescale": 3.7438778018361925},
{"mapping": [2, 5, 3, 7, 1, 10, 9, 6, 4, 11, 13], "R": [[0.746832621318798, 0.6290332413029927, -0.21577353190311424], [0.5397500337833514, -0.383824729764596, 0.7492319252754827], [0.38847256887065307, -0.6760146138634773, -0.6261735423012137]], "T": [-0.05494679047231326, 0.07537826480933371, 0.08193063859646835], "aligned_model": [[-0.05034754594878561, -0.2031536363180774, 0.3199905656502609, -0.588255227182704, 0.4160130198662982, 0.3273317924788966, -0.14790863695823053, -0.4503836501885209, 0.3010498448146866, 0.48884015464169134, 0.06991929495676583], [-0.33537156431558734, 0.36866502141493573, 0.6522549347056208, -0.18134818188263788, 0.08619415616703366, -0.6829454189392878, -0.2837991306210853, 0.582476829656381, 0.4783285287606581, -0.12302165321375932, 0.03030695893016984], [-0.6321979458920248, -0.5342736793799707, -0.2230125624340538, -0.1124180667814072, -0.5008048673121475, -0.06313012341104698, 0.6656895947997407, -0.033502413710545076, 0.4139928697907206, 0.5041822249498688, -0.00839215551248923]], "inverted": true, "swapped": false, "error_lsq": 0.03695032190452678, "error_max": 0.17934319721021502, "target": "547.xyz", "model": "20.xyz", "model_rescale": 4.067790424073018, "target_rescale": 3.7438778018361925},
{"mapping": [7, 10, 5, 12, 8, 0, 3, 11, 6, 2, 14], "R": [[0.7876116890066053, -0.18099607392645223, 0.5889891752514411], [0.5781357706646306, -0.11356963464728084, -0.8079981242330313], [0.21313577367062586, 0.9769044780884636, 0.015191532922333995]], "T": [0.09888720148956923, 0.1381264236627992, -0.11691248421047726], "aligned_model": [[0.18928952789210748, -0.5405889672839845, 0.46539658795783934, -0.58414548652689, 0.5474422154427941, 0.2582028729162712, -0.22181678133396363, -0.42077529818010906, 0.2778864107954838, 0.4819027716963944, 0.03030212243633773], [-0.34528542884168134, 0.441340757770865, 0.5346979902511582, -0.20241387423292523, 0.007263639111701775, -0.5493503360964518, -0.16933189830760798, 0.38173244316124194, 0.5169416705820431, -0.1768185363674613, 0.15296405363155985], [-0.677986772917402, -0.5297297788043063, -0.3553825726119219, -0.04973719479696674, -0.44377824840429536, -0.03658657836597892, 0.6085965455769433, 0.18081095739319278, 0.49301799909458044, 0.43791242210647074, -0.1510039031636709]], "inverted": true, "swapped": false, "error_lsq": 0.043695439958532395, "error_max": 0.23486281255196428, "target": "547.xyz", "model": "21.xyz", "model_rescale": 4.186013935880536, "target_rescale": 3.7438778018361925},
{"mapping": [1, 2, 8, 0, 9, 7, 6, 5, 11, 4, 12], "R": [[0.43106600972946335, -0.5539717366722959, -0.7122481380980921], [-0.8718795635761806, -0.4590218721626985, -0.1706603278282925], [-0.23239647560607984, 0.6945604623389758, -0.6808653628151026]], "T": [0.09956485553176773, 0.05401812910850007, -0.004585406755206627], "aligned_model": [[-0.07604348203784246, -0.32323202552365077, 0.30359379269571946, -0.5448563187283644, 0.5626303936011953, 0.27117013179210797, -0.16012325361800434, -0.5085182694732715, 0.412075937116536, 0.44745934139917926, 0.09893972858867688], [-0.3941813869417215, 0.45397403691521065, 0.6850939117757677, -0.2356553880340519, 0.0890450321697991, -0.6592114886352805, -0.2524670628567615, 0.5067795711794629, 0.5181956937274435, -0.18209591897790306, 0.062263480340476546], [-0.5554049248559462, -0.4639080298049666, -0.38901183669240524, -0.15491519301803441, -0.41664630486704884, 0.008789248886204797, 0.38074790622127025, 0.1496247283617307, 0.28840263242558356, 0.5877284726767775, 0.04072617577347975]], "inverted": true, "swapped": false, "error_lsq": 0.045135901039318395, "error_max": 0.2920524348426564, "target": "547.xyz", "model": "22.xyz", "model_rescale": 4.166573947596378, "target_rescale": 3.7438778018361925},
{"mapping": [7, 0, 1, 8, 5, 10, 9, 4, 2, 12, 15], "R": [[-0.3423799776445837, -0.9368675039965689, 0.07110014671808387], [0.0080988929968282, 0.07272813113481336, 0.9973189193401792], [-0.9395266674450067, 0.3420378617885395, -0.017313066244995956]], "T": [0.11403789264780798, -0.002147887102133539, 0.1582501067288792], "aligned_model": [[0.015505335624232147, -0.17990821748052963, 0.27908359145865963, -0.6649044127498792, 0.5450079719108354, 0.14039050081834467, -0.18399300822129347, -0.4115897194017114, 0.18266941385667335, 0.6205955270699569, 0.14023899292699285], [-0.2419540355485486, 0.3201971980649279, 0.5621174057681815, -0.1291000575923584, 0.028150131627429145, -0.6600428980058443, -0.3786768769811559, 0.4891321106672661, 0.6457037217727255, -0.08318553702007878, 0.0393993179098975], [-0.508213691255608, -0.5319999155435386, -0.24481770075908713, -0.018416730823455296, -0.5519673262044643, -0.1987105742637125, 0.5186008638946284, 0.009209539743201989, 0.32673525848981366, 0.5659431500024061, 0.10977000182646135]], "inverted": true, "swapped": false, "error_lsq": 0.045359539081039395, "error_max": 0.18694223084631229, "target": "547.xyz", "model": "23.xyz", "model_rescale": 4.274766983524099, "target_rescale": 3.7438778018361925},
{"mapping": [5, 3, 2, 6, 4, 7, 8, 0, 1, 9, 10], "R": [[0.2580413997048878, -0.9086381030211655, -0.3283160577499068], [0.053918409612452145, -0.3257511163155611, 0.94391684767464], [-0.9646281361971598, -0.26127190426309443, -0.035064952581320474]], "T": [-0.05758831153779575, 0.056211927868754244, -0.01620205677022714], "aligned_model": [[0.08468126719599933, -0.23278412567526646, 0.4011555505957809, -0.6246861229403743, 0.5343399959461453, 0.14611108290377772, -0.24640358260222783, -0.5125476327662325, 0.33739041462571784, 0.624892648988534, -0.02905352045957294], [-0.39708145204666406, 0.29768405825536554, 0.7894565510958266, -0.2684257343610466, 0.08114228289287066, -0.5409637073031769, -0.3227858231406301, 0.5776379018228883, 0.4698365165956828, -0.17350105773652835, 0.07874094458785397], [-0.6799229524063938, -0.49265973668228363, -0.4409112657981129, -0.18361029038220744, -0.3859045900427037, 0.037837687334781024, 0.5885463420263718, 0.24321327021256778, 0.29667153748556285, 0.441091217622304, 0.05178165573675918]], "inverted": true, "swapped": false, "error_lsq": 0.038584329311660795, "error_max": 0.17637740221647244, "target": "547.xyz", "model": "24.xyz", "model_rescale": 3.7841303162186577, "target_rescale": 3.7438778018361925},
{"mapping": [2, 12, 3, 9, 4, 8, 10, 13, 11, 7, 15], "R": [[-0.6600320993734574, 0.651973625452366, 0.3732131020089785], [-0.512141811344826, -0.027050137114953576, -0.8584748424703561], [-0.549607489822607, -0.7577589866155068, 0.35175691227655065]], "T": [0.1131592941051528, -0.056815462703338926, 0.007144232946217417], "aligned_model": [[-0.05956074525181565, -0.42316536177067543, 0.32558794049819706, -0.415057337533571, 0.5875904746864065, 0.19639069258820183, -0.2607116874404457, -0.24818939713051225, 0.20129474291358695, 0.41530826262200177, 0.16360839163090637], [-0.3209819026781378, 0.2605848722483334, 0.6462043181254634, -0.2693049997276673, 0.03586253207870939, -0.6027123188310493, -0.23710133060352762, 0.6353490641758094, 0.5344113967844333, -0.08114455803411935, -0.009426592875805807], [-0.6778206624482764, -0.42504183496941567, -0.3239737907072719, -0.12693072833123747, -0.5612132135905649, -0.20386984339775718, 0.6651507680739508, 0.05547008879458471, 0.4889227219287038, 0.5824003985323406, 0.0030389712215886863]], "inverted": true, "swapped": false, "error_lsq": 0.04424049078876296, "error_max": 0.20001120215073304, "target": "547.xyz", "model": "25.xyz", "model_rescale": 4.19342608120988, "target_rescale": 3.7438778018361925},
{"mapping": [0, 5, 9, 4, 1, 2, 6, 3, 10, 8, 11], "R": [[-0.9755467644491583, 0.16904217434773755, -0.14047509980266126], [-0.009367737210564303, -0.6705249817397091, -0.7418278064096255], [-0.21959224911715886, -0.7223717825017477, 0.6557120190852961]], "T": [0.06567728391886266, 0.16880354299170883, -0.06717851941083733], "aligned_model": [[-0.010766968341389085, -0.3154911727411356, 0.40127446154304414, -0.5131896298355934, 0.5631276969325808, 0.25648057576449657, -0.26253443192987014, -0.5086088754918394, 0.3497776454909649, 0.5463087389785706, -0.023282064557548582], [-0.1841601144061397, 0.3902607762350433, 0.6640475990562709, -0.34034912435901443, 0.04013641024859285, -0.645734219354647, -0.08899432933949383, 0.41884832945684447, 0.4266486672636446, -0.19097871932310437, 0.10201520518444528], [-0.6783143401897788, -0.5377390186122054, -0.5054243003778843, -0.06970609270907765, -0.24206453643036352, -0.09629448200291182, 0.6412798700522601, 0.12951927089200735, 0.4328601541266004, 0.4088322409126185, -0.006815890554619591]], "inverted": true, "swapped": false, "error_lsq": 0.04268830516577972, "error_max": 0.22182296200883822, "target": "547.xyz", "model": "26.xyz", "model_rescale": 3.795458400668931, "target_rescale": 3.7438778018361925},
{"mapping": [5, 8, 11, 6, 10, 7, 0, 1, 9, 3, 12], "R": [[-0.2938312356466711, 0.7137522865972334, -0.6357836725927863], [0.729108110649525, 0.5974818072752577, 0.33379163105172666], [0.6181137176470286, -0.365476624905496, -0.6959613988607822]], "T": [0.08586540089286909, 0.23293106667919922, 0.02266199413475173], "aligned_model": [[-0.07654097374851179, -0.348807993156067, 0.4177771410823949, -0.6056162452742745, 0.5867161609503321, 0.287188198989042, -0.13067269507799467, -0.4647690694935577, 0.21497997333239474, 0.5126025360986277, 0.09023894210989503], [-0.24602851028447908, 0.41997631233000593, 0.6703496846660646, -0.14085472715604203, -0.08017026268289856, -0.5515965568955039, -0.29636278963431634, 0.38057885500755007, 0.5108410257227359, -0.14368447036207915, 0.06869191995140458], [-0.5350855840678364, -0.5312557133738458, -0.4356764627899926, -0.22898115204014763, -0.37583832231528674, -0.04209630606199835, 0.6261787368643918, 0.18189446938787, 0.32344392837214314, 0.49290949656655497, 0.0006397845647927274]], "inverted": false, "swapped": false, "error_lsq": 0.03910966856009984, "error_max": 0.18187989865365692, "target": "547.xyz", "model": "27.xyz", "model_rescale": 3.6321398670334006, "target_rescale": 3.7438778018361925},
{"mapping": [7, 12, 6, 8, 4, 3, 0, 9, 13, 2, 14], "R": [[0.0007392016127033135, 0.9983572809894006, -0.057290427441480773], [-0.6000868291759964, 0.04627147285366899, 0.7985954847414622], [0.7999345292150319, 0.03378890787527722, 0.5991352590810541]], "T": [-0.020727066982684998, -0.004179778880891223, 0.06098624660723567], "aligned_model": [[-0.0492874086168723, -0.3892012083558525, 0.2348305431570344, -0.44623363069304156, 0.6136414518779414, 0.10611899035352165, -0.1808005693930723, -0.31151427280031574, 0.37933701672924613, 0.4911511525933897, 0.0350539109603019], [-0.30993059630762904, 0.3051348358971008, 0.6263733184396234, -0.18328289351014102, 0.048197906873145534, -0.6644660756300612, -0.42179057074018866, 0.5858007467696249, 0.6472039211607338, -0.06141557188529343, 0.019915459595526878], [-0.6507637997801721, -0.6113685757031269, -0.3145141348838452, -0.17116856028693425, -0.4693913666765999, -0.07862809372276011, 0.4961751648583428, 0.17904530600610025, 0.3475614307350059, 0.667738598110879, 0.08144690644975569]], "inverted": true, "swapped": false, "error_lsq": 0.042741221492164555, "error_max": 0.2046025154499454, "target": "547.xyz", "model": "28.xyz", "model_rescale": 4.156811204709835, "target_rescale": 3.7438778018361925},
{"mapping": [0, 3, 5, 9, 7, 1, 4, 2, 8, 10], "R": [[0.10637524502611367, -0.23605674436266155, 0.9658993325841652], [0.9815878299698717, 0.1799235849340326, -0.06413139355670092], [-0.15864942262949702, 0.9549370225440981, 0.25084984288203216]], "T": [-0.008895951138613328, -0.10455044518541669, -0.06909660552126538], "aligned_model": [[-0.5626349499740706, -0.11301210270565429, 0.09064756672776768, 0.599596230578757, -0.04911684306553532, -0.6566378945096889, -0.4009107925907903, -0.513008993151283, 0.3063907037332614, -0.05838755093217543], [-0.060301773411082005, -0.7201552096543535, -0.010082299328451103, 0.4171612230333934, -0.4144527197958821, -0.30993834242921936, 0.47446742688371724, 0.3643829196192379, 0.234089823356668, -0.05645071764782453], [-0.5168833070181573, -0.2321170021456142, -0.747993879046051, -0.148820217456669, 0.5522501091636711, 0.2071726974074628, -0.25263290187924786, 0.4036398640488059, 0.5058521625917118, -0.011680798690812996]], "inverted": false, "swapped": true, "error_lsq": 0.0634236218585483, "error_max": 0.31862105729269347, "target": "547.xyz", "model": "29.xyz", "model_rescale": 4.117894457231895, "target_rescale": 3.7438778018361925},
{"mapping": [12, 13, 10, 4, 11, 3, 1, 7, 6, 5, 14], "R": [[0.8844154466847957, -0.41241040217123304, -0.21846504948456968], [-0.15158636809726578, 0.18887979142566003, -0.9702298683291912], [0.44139652317662614, 0.8912026057928473, 0.10453241007278614]], "T": [0.15990898352539998, 0.006603438558788997, 0.020231967883419688], "aligned_model": [[-0.009568185565218573, -0.37993849182020545, 0.19285435422190375, -0.5657694432970634, 0.6344299793594098, 0.11847012835042948, -0.3826003469987822, -0.3229912741007014, 0.3957661605893493, 0.6582075098046264, 0.14423558526853283], [-0.19961028817059714, 0.25392731354612097, 0.6735466283588897, -0.2285864391674604, -0.04203353235576671, -0.5237335926294293, -0.3048038462108248, 0.44665902942165414, 0.5181753545920169, -0.058449849889352735, 0.05664970316719094], [-0.6984691597953954, -0.49981793996595386, -0.24134469166802003, -0.11245048919473621, -0.5256323924496369, -0.10931206206034477, 0.6109413356315425, 0.03296299255075215, 0.32756730589889194, 0.6861286715094315, 0.005559304650114118]], "inverted": true, "swapped": false, "error_lsq": 0.04449556472533436, "error_max": 0.2104562782106235, "target": "547.xyz", "model": "30.xyz", "model_rescale": 4.100398675895297, "target_rescale": 3.7438778018361925},
