[{"mapping": [10, 7, 6, 2, 8, 5, 11, 3, 9, 0, 1, 13], "R": [[0.8106757188160009, 0.4182171559139728, 0.4097551578947949], [0.2530718237419469, -0.8813827835709854, 0.39889728107946115], [0.5279768280427517, -0.21967885497673528, -0.8203545999907754]], "T": [-0.10879862738205744, 0.014800263698354167, 0.025712225922290596], "aligned_model": [[0.8869858360869782, 0.24561614043738217, -0.6700200746233018, -0.5581172522399337, -0.015902937042806417, -0.31912650500960316, 0.32534311377782615, -0.6282322200929811, 0.34747478310968977, -0.15850737492044897, -0.18819902649083753, -0.004068644619383874], [-0.1148235165448944, -0.13876848233235578, -0.3872958216020538, 0.426827491215169, -0.6233560444987438, -0.5535902744856629, -0.5295200235077596, 0.0718630012050625, 0.41199464178821904, 0.7848073301577818, 0.2881920079710699, -0.036709370024027674], [-0.058191901215532596, -0.6240579604278658, -0.3027622929222972, -0.44290764406866256, -0.4155428575015091, 0.4785870877077216, 0.07365192097554785, 0.037240129001131536, -0.38756053226080284, 0.020181168036329036, 0.5277048993826312, -0.08794625638200283]], "inverted": false, "swapped": false, "error_lsq": 0.060788830372205456, "error_max": 0.3668873442988528, "target": "548.xyz", "model": "0.xyz", "model_rescale": 3.8414455957264533, "target_rescale": 3.7454213952516655},
{"mapping": [5, 2, 9, 8, 7, 0, 3, 13, 10, 12, 1, 14], "R": [[-0.09199596208915856, 0.7505366233765949, 0.6543940096988587], [-0.5402308453706628, -0.5896745660022885, 0.6003620073923], [0.8364731774954828, -0.29829294859327893, 0.45971071354726806]], "T": [-0.06380562851914687, -0.0768699281812288, -0.13539006115890248], "aligned_model": [[0.5630885367170354, 0.34560990081569887, -0.5083882368616501, -0.4669029340766897, -0.31879547411300113, -0.3540786742822818, 0.596036702179771, -0.8081799581066373, 0.2805422241049488, -0.26528744541441074, 0.22056533325939873, -0.02096413584960171], [0.01450795231744613, -0.5386274086337454, -0.2881390957800273, 0.4832417812220858, -0.6602681225791172, -0.4983314181059367, -0.10680614761600617, 0.03248104154167551, 0.5046138868206212, 0.6363228535538649, 0.05311067840036186, -0.03248506179941843], [-0.3169845917232721, -0.5400673167639619, -0.6078531001100237, -0.5202144792278668, -0.2224631772879808, 0.378058223404407, 0.28542914399199004, -0.04160187687556868, -0.24347535014153168, 0.046408391553477396, 0.6712920876324097, -0.07013219412738964]], "inverted": true, "swapped": false, "error_lsq": 0.05165940075986766, "error_max": 0.38778562348754503, "target": "548.xyz", "model": "1.xyz", "model_rescale": 4.316132596720782, "target_rescale": 3.7454213952516655},
{"mapping": [7, 9, 0, 1, 5, 4, 3, 2, 10, 8, 6, 11], "R": [[-0.10462510438091588, 0.9070292351521034, 0.40786217538854125], [0.8720476325487656, 0.28083154992163595, -0.40083234292495035], [-0.4781072202962174, 0.3137381187359967, -0.8203547273909149]], "T": [-0.04714961958117507, -0.022832667353162917, -0.1524755625806874], "aligned_model": [[0.806956916523097, 0.17705599640339126, -0.5760623046536292, -0.32654909099393, 0.05817498726490243, -0.39661046064283756, 0.365853413219055, -0.836610210100331, 0.3135628718993755, -0.29603329221061575, 0.04177577119307453, -0.06826875952897224], [-0.239411660882677, -0.11012895679780627, -0.44595958102408534, 0.24678078194643288, -0.6391313817683141, -0.40551415650443345, -0.34774758207944695, 0.18271837259779575, 0.4919848194311527, 0.6852947090508048, 0.22360888696285047, -0.042873311590469095], [-0.3075777364064005, -0.8539473758719919, -0.36491154136773735, -0.5317403602298427, -0.3100906117351052, 0.4182798399887361, 0.2410670677979478, 0.03521073883000947, -0.10681099885492612, 0.0013056199437239124, 0.6269183033057876, -0.029307185075512387]], "inverted": false, "swapped": false, "error_lsq": 0.05430374888800215, "error_max": 0.34006183496630976, "target": "548.xyz", "model": "2.xyz", "model_rescale": 3.795458400668931, "target_rescale": 3.7454213952516655},
{"mapping": [0, 1, 6, 3, 2, 10, 0, 5, 7, 9, 4, 11], "R": [[-0.15233690776615075, 0.4419520244667907, 0.8840089788016592], [-0.9874300174132691, -0.029925344279721433, -0.1551980492176735], [-0.04213581900804281, -0.8965393922407678, 0.44095542962648293]], "T": [-0.08614107375707254, -0.042467132257387095, -0.15830661285022773], "aligned_model": [[0.6231491319721898, 0.2725536244972763, -0.44822123267776554, -0.7550495580937936, -0.22569855568981323, -0.2751111104718784, 0.6231491319721898, -0.6508941010089416, 0.39922393532335454, -0.39406486624605724, 0.060809315330228694, 0.03340012346559], [-0.26686834778443325, -0.24920306798944852, -0.17035789011055916, 0.2849546159843806, -0.7796984607535196, -0.4813785286833389, -0.26686834778443325, 0.14615594305614904, 0.546135801768059, 0.7691235232023252, 0.08052536911172564, -0.012899670675102393], [0.08409685804543707, -0.6325082664543268, -0.60533928413121, -0.44540670671406485, -0.3155929407220379, 0.39906027413857503, 0.08409685804543707, 0.21492249804325259, -0.19393933142410782, -0.1257767988798383, 0.45343938107017057, -0.09865678069259767]], "inverted": true, "swapped": false, "error_lsq": 0.061800187062245486, "error_max": 0.379942798620215, "target": "548.xyz", "model": "3.xyz", "model_rescale": 3.7530521520055578, "target_rescale": 3.7454213952516655},
{"mapping": [7, 10, 9, 8, 3, 6, 2, 5, 4, 1, 11], "R": [[0.3899229060592103, 0.6523881873139293, -0.6498844361758374], [0.9112511271433871, -0.37499012796967424, 0.17030498291357804], [-0.13259528879355792, -0.6586137388322029, -0.7407067114662998]], "T": [-0.05017662747755232, 0.0922316513348466, -0.0868742130520837], "aligned_model": [[-0.37040303787888906, -0.24976428109276472, 0.22852492655934586, 0.572287678097614, 0.31002385617727996, -0.13141573370062837, -0.1120727525091212, -0.7263817965439249, -0.34956815461023044, 0.27335790426844325, -0.10638900632191918], [-0.6968807007498784, 0.21412929014295565, -0.3989971756351382, 0.17758463518878853, -0.6436275090961375, 0.6615137615172679, -0.42052722065664144, -0.0007277467455188286, 0.16264819683663834, 0.37923749237086807, 0.03285033514114173], [-0.0025762932165107055, -0.6803953325304055, -0.5249631643385251, -0.20374918640788417, 0.048301571519999476, -0.1464507373321205, 0.5656033931369455, -0.01002477828312287, 0.5703151740851242, 0.4919138863351699, -0.015143755723354094]], "inverted": false, "swapped": true, "error_lsq": 0.048312216476751775, "error_max": 0.22894043131685096, "target": "548.xyz", "model": "4.xyz", "model_rescale": 3.7855080009869324, "target_rescale": 3.7454213952516655},
{"mapping": [11, 6, 7, 8, 4, 3, 12, 10, 13, 15, 14, 16], "R": [[0.19714111652726463, 0.6557845705608044, -0.7287537150428565], [-0.7835877810887822, -0.34132402639264814, -0.5191224309692939], [-0.5891736327287076, 0.6733828821862731, 0.4465757768573726]], "T": [-0.08546194354179587, -0.14483425960053106, 0.006916832771419731], "aligned_model": [[0.6427570965990179, 0.11859141476969498, -0.5093205591935898, -0.28703275536812545, -0.03545109948882705, -0.5113420269509208, 0.5557100740142404, -0.7810292554046914, 0.3498196095299623, -0.31701642618325027, 0.11911446043500656, -0.08155469438593775], [-0.17912969824546524, -0.20061543629474501, -0.3618642934552492, 0.3864333135118926, -0.7629238647604134, -0.3980660872397036, -0.049771572889065224, 0.06213444754794384, 0.36929986236945644, 0.6361250520675492, 0.22073202887647134, -0.12273281214686743], [-0.31082060720832716, -0.6106005802262816, -0.5715391380843344, -0.40833471453759385, -0.39615256489572903, 0.49365742222868036, 0.2141046521732186, -0.05876682580054686, -0.25966094772985604, 0.13262753944918132, 0.5381485921739787, 0.0557329327822988]], "inverted": true, "swapped": false, "error_lsq": 0.04859405422286669, "error_max": 0.26832219774540006, "target": "548.xyz", "model": "5.xyz", "model_rescale": 4.2253639853439635, "target_rescale": 3.7454213952516655},
{"mapping": [12, 7, 2, 4, 6, 5, 11, 10, 0, 1, 8, 13], "R": [[0.8915280134113353, 0.37875722311992377, 0.2484366463252205], [0.16684580589894127, 0.23531710921703605, -0.9574906449483831], [-0.4211178912807804, 0.8950803450217317, 0.1465977407704735]], "T": [-0.05526747391660892, 0.028699657119545766, -0.08604230816842522], "aligned_model": [[0.8305894058989555, 0.4502598021829932, -0.611026706680919, -0.5328988870940449, 0.025921476429943573, -0.3515453831847822, 0.3209211801058145, -0.7412262566812776, 0.3418908981077726, -0.3360267750213999, -0.06783126288722757, -0.06578165280324828], [-0.26319410341422217, -0.16498955286610745, -0.29924093373259436, 0.3246805044290026, -0.5510660105974517, -0.4226541866662573, -0.5511602823088783, 0.08480768549677753, 0.552596602460382, 0.7013016129899459, 0.17813370051328214, 0.010405903037925233], [-0.1234506697192865, -0.6659715099520239, -0.2697765077775547, -0.5163618212963189, -0.35249698161477006, 0.2444730086175686, 0.27144662319036567, 0.2811428112043144, -0.5452371116234331, 0.00048286597603040826, 0.6374053357425851, -0.1432602824227879]], "inverted": false, "swapped": false, "error_lsq": 0.06196581286974415, "error_max": 0.3758199752143506, "target": "548.xyz", "model": "6.xyz", "model_rescale": 3.89814844738969, "target_rescale": 3.7454213952516655},
{"mapping": [5, 10, 4, 11, 2, 0, 5, 7, 9, 8, 6, 12], "R": [[0.5750264864698731, -0.7527476159311075, 0.3204926934707673], [0.6448877566738276, 0.17597324537206532, -0.7437426962366901], [0.5034524020702569, 0.6343535635773295, 0.5866269983783833]], "T": [-0.21860448706122343, -0.060797661566707156, -0.019076417251105204], "aligned_model": [[0.5484848872106438, 0.173707089240766, -0.5667850685942948, -0.440515861699745, -0.0383328823633112, -0.319047370611105, 0.5484848872106438, -0.8603103236813927, 0.4811423492271191, -0.24513093836810879, 0.15497755640587946, -0.17342848560451501], [-0.1576892932826969, -0.18380252738772412, -0.35998351902508685, 0.48994190899848644, -0.6813221099986406, -0.4349078037808609, -0.1576892932826969, 0.0040696958498011165, 0.43643607527630124, 0.6048826214412593, 0.16611119286414522, -0.1264260083304828], [0.049934506575752935, -0.6272417674116749, -0.471573813624234, -0.5693323908149712, -0.30890292045405754, 0.4292127930863727, 0.049934506575752935, 0.10453800235827464, -0.2661773178650195, 0.09862184318731876, 0.4969901284652398, -0.1676078097540659]], "inverted": true, "swapped": false, "error_lsq": 0.050185689405822936, "error_max": 0.40839861767494007, "target": "548.xyz", "model": "7.xyz", "model_rescale": 3.7474275329858107, "target_rescale": 3.7454213952516655},
{"mapping": [13, 12, 0, 6, 1, 2, 4, 3, 11, 5, 8, 14], "R": [[0.6412826383303941, 0.4827004505800593, 0.5964535629752048], [-0.4761595645642339, -0.35920632275723136, 0.8026474236956267], [0.6016881641265748, -0.7987309263456845, -0.0005103419995558522]], "T": [-0.013901903481404902, 0.044965758232311075, -0.2115973377616886], "aligned_model": [[0.8001893703290303, 0.37833283350348396, -0.5638127535858031, -0.7046622900941498, -0.23165920176808008, -0.1836045683869098, 0.37989791896157815, -0.653001908446308, 0.41322990213462396, -0.36208041367271115, -0.020143925732046077, 0.010560875129871354], [-0.3247216073815906, -0.1848908952865589, -0.17075445982818171, 0.42130356006558345, -0.6694129153183402, -0.5369184024426881, -0.19930466437127922, 0.07159703914204801, 0.4162931857627514, 0.5943053073784273, 0.18413071344102735, -0.0020059218193944697], [-0.11833170473577172, -0.6286829989092, -0.503618025529444, -0.43104675242405716, -0.29554190202139763, 0.372527071015558, 0.41886242013762726, 0.11240342692194538, -0.4688021545608368, 0.08843474186779315, 0.45608856762834044, -0.1838969290658681]], "inverted": false, "swapped": false, "error_lsq": 0.04988599573866845, "error_max": 0.2542502185114963, "target": "548.xyz", "model": "8.xyz", "model_rescale": 4.019505241142653, "target_rescale": 3.7454213952516655},
{"mapping": [10, 9, 8, 7, 11, 5, 6, 4, 1, 0, 2, 12], "R": [[0.479047208613695, -0.8678519716293873, 0.1317069749801128], [0.7383771464654576, 0.4795397437172752, 0.47417383286417003], [-0.4746714247739744, -0.12990223067582424, 0.8705242380132158]], "T": [-0.01798576111018447, -0.030759216640317825, -0.029624161890324324], "aligned_model": [[0.8708751788402883, 0.08846928856709027, -0.4351864255850799, -0.6257081587396724, -0.05874974924131359, -0.34076574472970717, 0.44551125544555625, -0.8245682739114668, 0.4073524496324468, -0.33155240713968276, 0.10544509102637059, -0.037876665792249374], [-0.144297752521732, -0.16545298461172533, -0.25723482815831367, 0.40177053244336725, -0.6190660097307438, -0.45690876065732394, -0.4368042181177341, 0.13375765901278877, 0.4375995806296677, 0.537597428217437, 0.2320662161042712, -0.06340592326815475], [-0.21728073256680056, -0.6913378255684414, -0.5100295473049314, -0.5426304909475463, -0.2283273034565641, 0.37625065557269055, 0.35555087674280106, 0.07014316197691295, -0.26633653096432497, 0.006330821282207466, 0.4857977806578383, -0.01973510509915264]], "inverted": true, "swapped": false, "error_lsq": 0.041686102397654946, "error_max": 0.26926662336864154, "target": "548.xyz", "model": "9.xyz", "model_rescale": 3.877068213659057, "target_rescale": 3.7454213952516655},
{"mapping": [14, 9, 8, 7, 11, 12, 6, 1, 2, 4, 3, 15], "R": [[0.09912637485469128, 0.2777380838283797, 0.9555289208598072], [-0.500567147905724, -0.8159952804748809, 0.28910937840244844], [0.8600037745531683, -0.5069647512737557, 0.05813990643476091]], "T": [0.004326374777902771, -0.05499962113693033, -0.017279714845117547], "aligned_model": [[0.714417989889047, 0.2316304699977304, -0.39580449221074804, -0.46156539680184794, -0.15668846188896565, -0.18514628614535591, 0.38469539157400934, -0.8354590043794762, 0.22249871301848861, -0.17704945353154417, -0.012156052388731055, -0.06612757876002678], [-0.11519011916686236, -0.1861073033056414, -0.20892007039902985, 0.46102740231352146, -0.7506545913893021, -0.5770539358523596, -0.2562009216403768, 0.1625999361450095, 0.38437781993734554, 0.5883157002323983, 0.20765024434601245, -0.11022322187891107], [-0.3361347739775406, -0.6229107311184728, -0.6587831991614246, -0.4450033845899154, -0.2038103048297572, 0.4824748438766551, 0.4244691084268104, 0.000540493560957582, -0.4641618615585008, 0.08920449028179618, 0.5602189608977052, -0.00770788148362416]], "inverted": false, "swapped": false, "error_lsq": 0.050056466626626904, "error_max": 0.257244991866047, "target": "548.xyz", "model": "10.xyz", "model_rescale": 4.260839863003843, "target_rescale": 3.7454213952516655},
{"mapping": [9, 10, 6, 7, 5, 3, 4, 0, 8, 1, 2, 11], "R": [[0.42330211317630034, 0.007547035263619051, -0.905957153092357], [-0.6245049040767976, 0.7268741883693273, -0.28574033503595864], [0.6563603779666388, 0.6867291726300563, 0.31240054048341503]], "T": [-0.026210357427433717, -0.009221444079760104, -0.10340580909212652], "aligned_model": [[0.7631974652188321, 0.20444167799637425, -0.5663309256990945, -0.3660404270471189, -0.18968005333766025, -0.36505156064534716, 0.46842227349776405, -0.8970288993242977, 0.38002896936009867, -0.34505680900279256, 0.24767398689844095, -0.071329859542619], [-0.020681517834835732, -0.1967731129515845, -0.44033634980008735, 0.35186287829763074, -0.6618557673883851, -0.21216556297338798, -0.5135967866299396, 0.026914374707618018, 0.5709555130230859, 0.5047238956257203, 0.15718646506763148, 0.03338691019833798], [-0.2149280822559257, -0.6556356544468019, -0.5784479592744859, -0.532053992568723, -0.04050111287309183, 0.4863682112081005, 0.08906998900370566, -0.20540354997011584, -0.22163319541542315, 0.29340368078193413, 0.5029380701116042, -0.10478064397608855]], "inverted": true, "swapped": false, "error_lsq": 0.06277463692146622, "error_max": 0.30609128212037007, "target": "548.xyz", "model": "11.xyz", "model_rescale": 3.890672605050136, "target_rescale": 3.7454213952516655},
{"mapping": [10, 11, 6, 0, 9, 5, 12, 8, 4, 3, 7, 13], "R": [[-0.30584620216688885, -0.781055653032553, -0.5444356412708332], [-0.9520078048757783, 0.24379951781587783, 0.18504846545796613], [-0.011800003207336207, 0.5749033501195121, -0.8181362343434431]], "T": [-0.12289805248046938, -0.0647443958505881, -0.2826687709272997], "aligned_model": [[0.7646866822705508, 0.1753422977892789, -0.5507750239534785, -0.363636448251129, -0.07214635878108648, -0.23266688579653644, 0.3791634934467444, -0.7428782913329118, 0.3071369389487288, -0.3213720591649803, -0.039094648628368214, -0.040513858174232184], [-0.17246510571270773, -0.31955375842517786, -0.3240405056926461, 0.45170979042263815, -0.8319421908858877, -0.46447699226090106, -0.2192363818395357, 0.10198735541818564, 0.48720273261925784, 0.7434452690966171, 0.14128077288197133, 0.005709953719990418], [-0.27126299404342397, -0.6685276131358999, -0.5685798911122597, -0.4376353416122214, -0.1616223959257328, 0.37546255064504364, 0.24572367518774474, 0.04446434019025347, -0.24418088522903814, 0.11795660288863374, 0.5404319456486998, -0.15383423317711045]], "inverted": true, "swapped": false, "error_lsq": 0.04188446745660699, "error_max": 0.22382130983729964, "target": "548.xyz", "model": "12.xyz", "model_rescale": 4.124412569039231, "target_rescale": 3.7454213952516655},
{"mapping": [5, 0, 6, 1, 3, 9, 7, 8, 4, 2, 10, 12], "R": [[-0.37083113544688007, 0.9143918268404603, -0.16239413779611422], [-0.7659452695081597, -0.4000146896145691, -0.5033051680746312], [-0.5251781727197452, -0.06225620531260842, 0.8487119957905767]], "T": [-0.034279203337759453, -0.12331183318308483, -0.10461995225238023], "aligned_model": [[0.7231609639673067, 0.2500051266034178, -0.6361383902898614, -0.49551742927566766, -0.11364343889623142, -0.34335691116631273, 0.31932989028907055, -0.6717080600859036, 0.3484200621405688, -0.27718321856724343, 0.17601292321628176, -0.016135679562845742], [-0.11782054921389755, -0.1575345201521474, -0.3239621724971059, 0.3002671166599814, -0.7359938027715675, -0.5330075978122303, -0.4015899891478688, 0.1092521338266412, 0.5332816918343931, 0.6886125869831258, 0.26498674744949247, -0.026870705817012314], [-0.104963209379649, -0.609375953544627, -0.31702940401619056, -0.6249126305520358, -0.46109645641685365, 0.2765120760118151, 0.3319571329608672, 0.12882077840937767, -0.30636848596947364, 0.05085316108905276, 0.4866592593605564, -0.032660507628150495]], "inverted": true, "swapped": false, "error_lsq": 0.050909374910990325, "error_max": 0.2834058603059531, "target": "548.xyz", "model": "13.xyz", "model_rescale": 3.9028299243045295, "target_rescale": 3.7454213952516655},
{"mapping": [8, 5, 10, 14, 4, 3, 2, 9, 12, 11, 1, 15], "R": [[-0.6533236257439772, 0.16347322165019626, 0.7392190107458338], [-0.2358493164060764, -0.971768194786276, 0.0064556605091051905], [0.7194048512454791, -0.17012666282840017, 0.6734341679773471]], "T": [-0.035419142669487425, -0.12107312994303854, -0.05739561237858828], "aligned_model": [[0.7096148288227748, 0.18954413019403385, -0.5394931449313334, -0.5433698077668252, -0.14971689938020294, -0.15413706951481032, 0.5066172564604209, -0.7407727858591535, 0.3384978014866992, -0.2257151208711982, 0.01904332491267366, -0.14686667518049923], [-0.21970503183236595, -0.2196833510219044, -0.2451879089324573, 0.4602973664613512, -0.7235855605808554, -0.6201900972423908, -0.1808264703646602, 0.14650126338688318, 0.41542858961087425, 0.5861332196291301, 0.31044772323279224, -0.11000880300459256], [-0.2354497861847212, -0.5065830830592193, -0.5920520664957217, -0.48988274573707097, -0.345975008075018, 0.29683277727644325, 0.43735265682760593, 0.1207213114014152, -0.295287000935383, 0.04008930000783035, 0.42532827209582963, -0.03669886679730151]], "inverted": true, "swapped": false, "error_lsq": 0.045525280023203246, "error_max": 0.27080566163196906, "target": "548.xyz", "model": "14.xyz", "model_rescale": 3.942246331269136, "target_rescale": 3.7454213952516655},
{"mapping": [9, 2, 1, 3, 0, 8, 6, 12, 10, 4, 11, 14], "R": [[-0.44017095828499025, -0.8815812785014558, 0.17048160275587534], [-0.8663886890223282, 0.3671230913708047, -0.33851333107651077], [0.23583928217463054, -0.2967070696462801, -0.9253889710847395]], "T": [-0.043553909662019615, 0.02167205763575107, -0.08432357791240594], "aligned_model": [[0.7201005308739521, 0.1275233072270836, -0.6143747045932819, -0.4654705012083557, -0.20183898493373684, -0.07416135988115823, 0.37418988043290813, -0.8597074670286462, 0.4289541315798396, -0.1476983016360678, 0.0652797642797695, -0.08955045673972642], [-0.038366964331764855, -0.5302880341485366, -0.15316777089461292, 0.4011960319634734, -0.6865773221875456, -0.5255902426602163, -0.1435384029550275, -0.02232646913652627, 0.5532707100619313, 0.5903749853962916, 0.21087494694554004, -0.05624052871120179], [-0.3320926587583376, -0.5830424983259449, -0.632261612925612, -0.525340440616157, -0.2028399640976079, 0.46194383366697855, 0.24882056339421924, -0.07851336256197966, -0.028291981972144872, 0.01260372731965878, 0.59866143125669, -0.12125127605507427]], "inverted": true, "swapped": false, "error_lsq": 0.05727659256695803, "error_max": 0.3121971443354037, "target": "548.xyz", "model": "15.xyz", "model_rescale": 4.355366556412066, "target_rescale": 3.7454213952516655},
{"mapping": [7, 9, 0, 1, 5, 4, 3, 2, 10, 8, 6, 11], "R": [[-0.10462510438091588, 0.9070292351521034, 0.40786217538854125], [0.8720476325487656, 0.28083154992163595, -0.40083234292495035], [-0.4781072202962174, 0.3137381187359967, -0.8203547273909149]], "T": [-0.04714961958117507, -0.022832667353162917, -0.1524755625806874], "aligned_model": [[0.806956916523097, 0.17705599640339126, -0.5760623046536292, -0.32654909099393, 0.05817498726490243, -0.39661046064283756, 0.365853413219055, -0.836610210100331, 0.3135628718993755, -0.29603329221061575, 0.04177577119307453, -0.06826875952897224], [-0.239411660882677, -0.11012895679780627, -0.44595958102408534, 0.24678078194643288, -0.6391313817683141, -0.40551415650443345, -0.34774758207944695, 0.18271837259779575, 0.4919848194311527, 0.6852947090508048, 0.22360888696285047, -0.042873311590469095], [-0.3075777364064005, -0.8539473758719919, -0.36491154136773735, -0.5317403602298427, -0.3100906117351052, 0.4182798399887361, 0.2410670677979478, 0.03521073883000947, -0.10681099885492612, 0.0013056199437239124, 0.6269183033057876, -0.029307185075512387]], "inverted": false, "swapped": false, "error_lsq": 0.05430374888800215, "error_max": 0.34006183496630976, "target": "548.xyz", "model": "16.xyz", "model_rescale": 3.795458400668931, "target_rescale": 3.7454213952516655},
{"mapping": [5, 10, 4, 11, 2, 0, 5, 7, 9, 8, 6, 12], "R": [[0.5750264864698731, -0.7527476159311075, 0.3204926934707673], [0.6448877566738276, 0.17597324537206532, -0.7437426962366901], [0.5034524020702569, 0.6343535635773295, 0.5866269983783833]], "T": [-0.21860448706122343, -0.060797661566707156, -0.019076417251105204], "aligned_model": [[0.5484848872106438, 0.173707089240766, -0.5667850685942948, -0.440515861699745, -0.0383328823633112, -0.319047370611105, 0.5484848872106438, -0.8603103236813927, 0.4811423492271191, -0.24513093836810879, 0.15497755640587946, -0.17342848560451501], [-0.1576892932826969, -0.18380252738772412, -0.35998351902508685, 0.48994190899848644, -0.6813221099986406, -0.4349078037808609, -0.1576892932826969, 0.0040696958498011165, 0.43643607527630124, 0.6048826214412593, 0.16611119286414522, -0.1264260083304828], [0.049934506575752935, -0.6272417674116749, -0.471573813624234, -0.5693323908149712, -0.30890292045405754, 0.4292127930863727, 0.049934506575752935, 0.10453800235827464, -0.2661773178650195, 0.09862184318731876, 0.4969901284652398, -0.1676078097540659]], "inverted": true, "swapped": false, "error_lsq": 0.050185689405822936, "error_max": 0.40839861767494007, "target": "548.xyz", "model": "17.xyz", "model_rescale": 3.7474275329858107, "target_rescale": 3.7454213952516655},
{"mapping": [4, 0, 1, 3, 2, 7, 9, 11, 8, 10, 12, 13], "R": [[-0.3552677111907213, 0.7553059612424637, -0.5507247572943352], [0.9106400770928325, 0.412639703164123, -0.021520347696654424], [0.21099645347177454, -0.5091575201096638, -0.8344094416640496]], "T": [-0.043241561456413724, -0.028517233201818058, -0.05912920934516668], "aligned_model": [[0.7652807074082999, 0.23715899282380815, -0.5427428060046735, -0.41453777169139666, -0.008820833475571568, -0.4762374916163623, 0.37536525683272987, -0.7155032020083885, 0.24333998830269177, -0.1445898477914962, -0.04760712112982579, -0.007860033277235723], [0.051338583365098146, -0.30115296734108776, -0.2880425203483349, 0.3557344442734898, -0.7109586294349791, -0.4389712005821521, -0.32316929068882544, 0.1758666003732415, 0.46119597572684606, 0.6367370270285224, 0.09063362573782882, -0.10959070876784296], [-0.22983542285508202, -0.7981743205600066, -0.461203268239712, -0.4775535799688025, -0.2512793537694819, 0.400720056352803, 0.37176829883582574, 0.10828702947766766, -0.5006113036107891, 0.09450888673058253, 0.6791261245442555, -0.11735738661257158]], "inverted": true, "swapped": false, "error_lsq": 0.054868805932375926, "error_max": 0.2848363968965113, "target": "548.xyz", "model": "18.xyz", "model_rescale": 3.922800546911778, "target_rescale": 3.7454213952516655},
{"mapping": [0, 1, 10, 4, 2, 9, 3, 11, 8, 13, 12, 14], "R": [[-0.8360551079756137, 0.408706665171647, -0.3660201063768991], [-0.5331544283893307, -0.44781282643274734, 0.7177813232253681], [0.12945351257007823, 0.7952499822864415, 0.5922999694045943]], "T": [0.014871076973321011, 0.0616596734356848, -0.142248621088021], "aligned_model": [[0.6722830923245574, 0.39456665485114284, -0.6170699319758205, -0.5725077012448511, -0.05503605570760909, -0.3561433271781116, 0.26969246149805187, -0.6589973219163799, 0.18821321385545728, -0.3251608618424544, 0.34051166538932287, -0.01710604968072541], [-0.436580995538692, -0.19699658642575657, -0.303256887109956, 0.35236196175260914, -0.6394659724947791, -0.6052361922864313, -0.25929303137956966, 0.07461251384060341, 0.5916251567719835, 0.5891862494646771, 0.397177173973148, 0.03548754877396819], [-0.008053563322582002, -0.7226891704213385, -0.48588667531250124, -0.4494057300052595, -0.271340775019648, 0.14119696824067252, 0.34887729641763926, 0.08791918220357853, -0.39420048965596194, 0.1368709572086257, 0.4902071153676513, -0.05509935537618746]], "inverted": false, "swapped": false, "error_lsq": 0.06115085575188297, "error_max": 0.3506813860065271, "target": "548.xyz", "model": "19.xyz", "model_rescale": 3.9282355846067225, "target_rescale": 3.7454213952516655},
{"mapping": [12, 9, 4, 6, 11, 0, 10, 3, 7, 5, 2, 13], "R": [[-0.745257139642767, 0.030841148858669565, -0.6660635250098589], [-0.6602900852260241, -0.17313921831451046, 0.7307802778083508], [-0.09278361473714714, 0.9844143612415037, 0.14939734340941607]], "T": [-0.09037800814813995, 0.022283358292482465, -0.21281361144810224], "aligned_model": [[0.7460270158814177, 0.33646648223803755, -0.5629596184287782, -0.41015098902392905, -0.0781154697195589, -0.4731925815105032, 0.4361751335022728, -0.7972039219203335, 0.333143953527261, -0.3656272409588079, 0.20667389636435796, -0.10799082157885646], [-0.0618601968174518, -0.34814762490404244, -0.34263880617470993, 0.5222465912387984, -0.6940550485845606, -0.5319447479560461, -0.37686651664928317, 0.06810023226149403, 0.4773556013798379, 0.5783339817075551, 0.3393594269272288, -0.030261953087015944], [-0.3398602295815336, -0.6115735554655588, -0.41985534744582464, -0.4859913200202774, -0.20432312794585344, 0.2190210755125448, 0.3400475965811088, 0.041455951853068884, -0.25326330773479544, 0.10771051601415271, 0.48714291797676795, -0.062115409419110895]], "inverted": true, "swapped": false, "error_lsq": 0.04296605072746212, "error_max": 0.2292090590311696, "target": "548.xyz", "model": "20.xyz", "model_rescale": 4.067790424073018, "target_rescale": 3.7454213952516655},
{"mapping": [10, 13, 4, 6, 8, 0, 9, 2, 11, 3, 12, 14], "R": [[0.5297802760694417, 0.4515996442431007, 0.7179071112666953], [0.1400522535343681, -0.8814147383169109, 0.4511024554994981], [0.8364916170337462, -0.1384406746488781, -0.5302036912687729]], "T": [-0.0705220154247643, -0.14439812646321068, -0.15251924061627575], "aligned_model": [[0.7462371076966243, 0.4296267925969738, -0.7213351507370833, -0.42773184977604284, -0.26855294774010974, -0.4602030551887131, 0.5402705331610461, -0.7768372355650064, 0.23454886387031895, -0.3371637387227209, 0.29881153352444423, 0.005574985252848413], [-0.08662975213144161, -0.06675181214698278, -0.3659905513808397, 0.33202275828809835, -0.6780706180451251, -0.2895961495404943, -0.3697496760441279, 0.050089890744204835, 0.4240104400681617, 0.569033028149086, 0.21430380471733682, -0.13305042333607148], [-0.18174544938021436, -0.6361986021614402, -0.5646012165147041, -0.5918154704098897, -0.18636179223579788, 0.4232621856766321, 0.27197933554437526, -0.02207709826994131, -0.1958287554949151, 0.22651004014720438, 0.4148779052045468, -0.13960532178116716]], "inverted": false, "swapped": false, "error_lsq": 0.05379276570526753, "error_max": 0.2561579955961715, "target": "548.xyz", "model": "21.xyz", "model_rescale": 4.186013935880536, "target_rescale": 3.7454213952516655},
{"mapping": [10, 7, 0, 2, 6, 3, 4, 5, 9, 8, 11, 12], "R": [[0.7404050425962835, -0.27148929968710944, -0.6148934322737548], [-0.24019406388130451, -0.96126399837487, 0.1351974005095593], [-0.6277795668657747, 0.04759291526856983, -0.7769348298551554]], "T": [-0.0525776853797268, 0.009156577944286697, -0.17092738104733973], "aligned_model": [[0.7814104721387232, 0.40062714946469463, -0.5256240065830794, -0.6293023970804266, -0.13839597471326817, -0.41531678439506714, 0.39573277442109184, -0.7838182213825267, 0.3291812908463948, -0.1522437792541436, 0.05494100216999997, -0.05394568725981329], [-0.01837108227965458, -0.3907829334369095, -0.2812097737108693, 0.44281971512118895, -0.5408140491516378, -0.5536227401967299, -0.440210564951835, -0.017538759915847628, 0.4752357585149718, 0.743681571654295, 0.19820472889888385, -0.01777093120405156], [-0.17325411254062917, -0.5868330251430458, -0.6332075999934033, -0.34129197018670127, -0.16641300791534555, 0.4647128000731271, 0.18220581094545613, 0.08029645054060386, -0.32086417355563096, 0.024540862027447735, 0.42208738028671966, -0.13358365421390989]], "inverted": true, "swapped": false, "error_lsq": 0.04492484804290659, "error_max": 0.23525388816435813, "target": "548.xyz", "model": "22.xyz", "model_rescale": 4.166573947596378, "target_rescale": 3.7454213952516655},
{"mapping": [14, 10, 8, 0, 9, 3, 12, 4, 5, 1, 6, 15], "R": [[-0.3627728009486656, -0.7759282957047129, -0.5160728386736119], [0.5815461018128258, -0.6212310446479189, 0.5252391080564757], [-0.7281483546353494, -0.1095776851846918, 0.6766038017565363]], "T": [-0.03349583679705292, -0.11957724464084604, -0.041831944750278606], "aligned_model": [[0.6804967405819704, 0.33552006298832276, -0.6099373281637333, -0.516185161651272, -0.029675041847271287, -0.4635740954826519, 0.45999125934485224, -0.7561947217244369, 0.24019423311766175, -0.2570030143412151, 0.21971006356645129, -0.04009715801609834], [-0.40665099013901607, -0.15237253567538653, -0.3726158434741037, 0.4427834531694612, -0.7035560878156729, -0.4419267014789846, -0.25895912347209066, 0.011451464749819812, 0.6215968741104173, 0.5320641001895865, 0.379059824170461, -0.051253494992687415], [-0.22562810171107386, -0.6927489653417116, -0.5495383705050108, -0.38463979773514984, -0.18112759626976027, 0.22751944488449663, 0.36611968599057193, -0.02205032690122003, -0.30032111768545683, 0.14121766645108133, 0.4742644392665434, -0.03467120011862136]], "inverted": true, "swapped": false, "error_lsq": 0.047375825844692125, "error_max": 0.25706856071729445, "target": "548.xyz", "model": "23.xyz", "model_rescale": 4.274766983524099, "target_rescale": 3.7454213952516655},
{"mapping": [10, 8, 0, 6, 1, 4, 5, 2, 7, 3, 11], "R": [[-0.5979430739159787, 0.7301826124688902, 0.33060162250663105], [0.33213591210747884, 0.6010955951594522, -0.7268905153930936], [-0.729485994549891, -0.324834477739064, -0.6019408158843741]], "T": [0.026180190121210256, 0.07261984103122769, -0.09480661741868318], "aligned_model": [[0.31130043486446435, 0.05432020597736875, -0.7150052798253039, -0.37161903962352955, -0.5576418983564115, -0.46086914110025295, 0.02819182404621, -0.00648419640713277, 0.564207389273407, 0.5100108250904001, 0.02348358001885529], [-0.189905075870763, 0.6758979758349, 0.38008602705355904, -0.04049685884652353, 0.4378733208266366, -0.16354525572271972, -0.5876672440082252, 0.09921325802286328, -0.20067494446303213, 0.4782356180505198, 0.026569710366268436], [-0.6015103761698573, -0.30378110040711337, -0.519507518850816, -0.4987764933032881, 0.12378952736931792, 0.3884124457368858, 0.09444885713068893, 0.7362804091335957, 0.5119767793662864, 0.4445349656698013, 0.0036989383460762637]], "inverted": false, "swapped": true, "error_lsq": 0.05478814765643147, "error_max": 0.2984314261314922, "target": "548.xyz", "model": "24.xyz", "model_rescale": 3.7841303162186577, "target_rescale": 3.7454213952516655},
{"mapping": [10, 9, 2, 5, 8, 1, 7, 4, 13, 3, 6, 15], "R": [[0.2962828771591458, 0.9502159956942353, -0.09646770562790286], [0.38384065071090934, -0.0259756179144508, 0.9230339225271129], [0.8745757894911821, -0.31050737318262767, -0.37242765691487]], "T": [0.08327065038686221, -0.0937511113341081, -0.11058002631389273], "aligned_model": [[0.8145215103622419, 0.1451675684016646, -0.5026995510660623, -0.5882845743003867, -0.19413544000450578, -0.3495598790051369, 0.491146768557777, -0.6130923588049628, 0.3332613401079391, -0.23618900513659635, -0.10130967724218817, 0.06441913650279578], [-0.3319620109459226, -0.2466671699770201, -0.250626762975675, 0.3561700763525095, -0.6112757320474775, -0.5714344106617167, -0.21695838150965546, 0.03845691788526853, 0.6106682193039353, 0.6294384052654398, 0.24392539845557523, -0.050113609803456874], [-0.2279804197058927, -0.6717628477504634, -0.5587116820340333, -0.4510550628578445, -0.17893140968045185, 0.26024714660219184, 0.38060486850879505, 0.12245203005945239, -0.3414437500715932, 0.044159558817050845, 0.5009190576033599, -0.06010172916588229]], "inverted": false, "swapped": false, "error_lsq": 0.04688189873877749, "error_max": 0.26643111563654603, "target": "548.xyz", "model": "25.xyz", "model_rescale": 4.19342608120988, "target_rescale": 3.7454213952516655},
{"mapping": [7, 9, 0, 1, 5, 4, 3, 2, 10, 8, 6, 11], "R": [[-0.10462510438091588, 0.9070292351521034, 0.40786217538854125], [0.8720476325487656, 0.28083154992163595, -0.40083234292495035], [-0.4781072202962174, 0.3137381187359967, -0.8203547273909149]], "T": [-0.04714961958117507, -0.022832667353162917, -0.1524755625806874], "aligned_model": [[0.806956916523097, 0.17705599640339126, -0.5760623046536292, -0.32654909099393, 0.05817498726490243, -0.39661046064283756, 0.365853413219055, -0.836610210100331, 0.3135628718993755, -0.29603329221061575, 0.04177577119307453, -0.06826875952897224], [-0.239411660882677, -0.11012895679780627, -0.44595958102408534, 0.24678078194643288, -0.6391313817683141, -0.40551415650443345, -0.34774758207944695, 0.18271837259779575, 0.4919848194311527, 0.6852947090508048, 0.22360888696285047, -0.042873311590469095], [-0.3075777364064005, -0.8539473758719919, -0.36491154136773735, -0.5317403602298427, -0.3100906117351052, 0.4182798399887361, 0.2410670677979478, 0.03521073883000947, -0.10681099885492612, 0.0013056199437239124, 0.6269183033057876, -0.029307185075512387]], "inverted": false, "swapped": false, "error_lsq": 0.05430374888800215, "error_max": 0.34006183496630976, "target": "548.xyz", "model": "26.xyz", "model_rescale": 3.795458400668931, "target_rescale": 3.7454213952516655},
{"mapping": [2, 0, 7, 5, 3, 4, 9, 10, 1, 8, 11, 12], "R": [[-0.9660678525339155, 0.2505809495163372, 0.06262660808314577], [-0.02695196626359761, 0.14334464206398967, -0.989305769267557], [-0.2568783677444151, -0.9574244102439825, -0.1317270012333367]], "T": [0.013642864307416604, 0.06478021230828515, -0.042094025125736886], "aligned_model": [[0.7769601278892174, 0.26466708430340746, -0.5376573973742514, -0.5817612741618869, -0.02347439840320016, -0.31870899934312624, 0.3276388102382773, -0.6571064274247327, 0.44191782835749027, -0.10833833593707909, -0.22889546470966776, -0.09199571506186835], [-0.3156120016722199, -0.28886564587994046, -0.2512184926744384, 0.4037875407048176, -0.6414871565353005, -0.4636682832658676, -0.14355748142228375, -0.14132766179608497, 0.4121909960421424, 0.7786557841336014, 0.21893044967637967, 0.03179289203099865], [-0.2600009606743865, -0.751456161170953, -0.5484742563239758, -0.354229269959297, -0.25395546891267673, 0.5139164144255459, 0.16376087869105332, 0.0816046425398003, -0.2571276807812279, 0.036987988279096926, 0.6128773139497182, -0.16550767973800934]], "inverted": true, "swapped": false, "error_lsq": 0.05363226646187207, "error_max": 0.3416325660337165, "target": "548.xyz", "model": "27.xyz", "model_rescale": 3.6321398670334006, "target_rescale": 3.7454213952516655},
{"mapping": [10, 8, 7, 6, 3, 1, 0, 4, 9, 13, 2, 14], "R": [[-0.5779923440018784, 0.7164085947999465, -0.39074745753744927], [0.43972714613447816, -0.1299415012946849, -0.8886817446047325], [-0.6874335511361385, -0.6854735089980136, -0.23991911394115417]], "T": [0.009219762272313935, -0.0556688746196846, -0.15116577463706737], "aligned_model": [[0.7703391260629454, 0.17900010092365579, -0.42743241385471165, -0.4744521492552549, -0.13328345776623893, -0.4299676691324035, 0.4481593844362697, -0.8185411961350656, 0.2628650755439743, -0.13730942371288193, 0.04365219622447188, -0.01978373496218117], [-0.007178492736968786, -0.30748029642200775, -0.4891487044036038, 0.5125728129312884, -0.7183583742394762, -0.14626833990063637, -0.39677402712103277, -0.052730251737820796, 0.5212930363569199, 0.6668562307277102, 0.04073782991231516, -0.023900484024882866], [-0.30288139652360624, -0.5692510054834719, -0.6226713400950947, -0.368122691257065, -0.041186052258044614, 0.3449928019624276, 0.13236725210133982, -0.11552292695220973, -0.3733170059138149, 0.19949645844671082, 0.6381147955949797, -0.10362312929746192]], "inverted": false, "swapped": false, "error_lsq": 0.05912816445427011, "error_max": 0.31947375995286703, "target": "548.xyz", "model": "28.xyz", "model_rescale": 4.156811204709835, "target_rescale": 3.7454213952516655},
{"mapping": [3, 7, 9, 10, 4, 2, 8, 1, 6, 11], "R": [[-0.14259354437015387, 0.09721410021227597, -0.9849956851803336], [-0.9000991324946561, -0.42666546706539943, 0.0881937123395582], [-0.4116899716853996, 0.8991696157754568, 0.1483420684765206]], "T": [0.016089772146971437, 0.07937318438925306, 0.03156560754421725], "aligned_model": [[-0.5557097441730472, -0.0977938763337502, -0.0287761911626434, 0.5923941575677936, -0.21621785467841753, -0.5617426188949444, -0.27872069705620484, -0.49381010804658215, 0.2997289152851808, -0.016426608396796265], [-0.19336529007922254, -0.6778845938300704, 0.10057178993630628, 0.21982547226004245, -0.30094592457707403, -0.5125597889364919, 0.6010064788420775, 0.2927883738583168, 0.41085291987971545, -0.021569106727395343], [-0.505244063410813, -0.3504560794774372, -0.6814841174871471, -0.20318531421330874, 0.604175604696587, 0.122146514089682, -0.19067794428881266, 0.4968597930824501, 0.41090885189945847, 0.05574348208444047]], "inverted": true, "swapped": true, "error_lsq": 0.05321562475568714, "error_max": 0.274572180235225, "target": "548.xyz", "model": "29.xyz", "model_rescale": 4.117894457231895, "target_rescale": 3.7454213952516655},
