[{"mapping": [4, 0, 2, 9, 3, 1, 5, 5, 7, 6, 10, 11, 12, 13], "R": [[-0.16239738469289428, 0.5508119475771898, 0.8186777680205634], [0.9816608803974285, 0.17414345265200365, 0.0775627087960758], [-0.09984490644120803, 0.8162599195750473, -0.5689909826641225]], "T": [-0.08605843214814637, -0.0875474272034878, 0.009283266909625418], "aligned_model": [[0.6499830520904158, -0.2567880776308331, 0.048067493212495566, 0.39559623429595425, -0.33311665238527677, -0.6161364892109251, -0.46147643608132105, -0.46147643608132105, 0.6692562270185882, 0.039216148193693096, 0.4458988749727424, 0.16919015927788003, -0.15755491382186926, 0.06954579313848325], [-0.696543917305994, -0.03767839998305804, -0.6353934817976015, 0.20119968879699401, -0.5432723239206121, 0.084408875725209, -0.15990025879713643, -0.15990025879713643, -0.05832752960083789, -0.7802796273449575, 0.7578210117810797, 0.2548042994473977, 0.44785034647611416, -0.047059127726985325], [-0.018473446400897788, -0.7415675191045272, -0.5133381850242944, -0.4612239668905074, -0.05762981195512394, -0.1406913867042954, 0.6621443934325708, 0.6621443934325708, 0.01564296088019421, 0.3075694761030576, 0.1427094652782866, 0.5612844378118867, -0.19894085518195767, 0.03551082748715689]], "inverted": false, "swapped": false, "error_lsq": 0.050629629237931864, "error_max": 0.43632014069626696, "target": "549.xyz", "model": "0.xyz", "model_rescale": 3.8414455957264533, "target_rescale": 3.9609539779060357},
{"mapping": [1, 5, 3, 10, 4, 2, 9, 7, 12, 0, 8, 13, 6, 14], "R": [[0.023114214156140345, -0.8170170927349614, 0.5761499833227942], [-0.9556073971988881, -0.18738187957470182, -0.22738191138658936], [0.29373497497354806, -0.5453174317642558, -0.7850787623489287]], "T": [0.014596234040556003, -0.10058575565236488, 0.06493162127517715], "aligned_model": [[0.47864267605715516, -0.15616685715429457, 0.055106651922564046, 0.34949695355041877, -0.2938406233285124, -0.6730170450612978, -0.3011006116905885, -0.4461844681176991, 0.7399663620195941, 0.01125151939734359, 0.36409725485877914, 0.330632377599888, -0.3336983877517028, 0.07501917468705849], [-0.7782186908686279, -0.02813494748834043, -0.6050786118793794, 0.2067357724382875, -0.5328710346680047, -0.06630389739430342, 0.28607368520284354, -0.26136392357899, 0.13548628976625648, -0.6840943376693935, 0.5815532710090299, 0.023499507438891523, 0.49324367913750417, -0.14279746449329805], [-0.20704704687853864, -0.5674556272240731, -0.5327495195507569, -0.4467091578405934, -0.05259870421937041, -0.20080783799950597, 0.5300548935228524, 0.48300640809187245, 0.04498893653577368, 0.4950756867969499, 0.2568633337487448, 0.7428482858343609, -0.30396488533795785, 0.013636017684362588]], "inverted": true, "swapped": false, "error_lsq": 0.03922412977377177, "error_max": 0.20361632149810302, "target": "549.xyz", "model": "1.xyz", "model_rescale": 4.316132596720782, "target_rescale": 3.9609539779060357},
{"mapping": [11, 9, 8, 12, 10, 6, 3, 5, 0, 7, 1, 13], "R": [[-0.1538403808593085, 0.973757380637621, 0.16771911301584796], [0.5412469112909106, -0.05896348237492505, 0.8387938297128035], [0.826670985480386, 0.2198178141097345, -0.5179722100314901]], "T": [-0.04135607904110937, 0.08667380271997419, -0.047761297918583495], "aligned_model": [[-0.21483170399653634, 0.5549608928290278, 0.06057549675019404, -0.5218705468903161, -0.6546459418065859, -0.4209351773760351, -0.06996014707399045, -0.14904876408462286, 0.6332397265230417, 0.1600525178752938, 0.15697153032473765, 0.06330067155757223], [-0.5357855612383338, -0.2999324924306137, -0.47115585907275037, 0.37889919332738586, -0.23146980080215637, -0.13330163431545616, 0.2514988159526865, 0.58582592338286, -0.09508458802475003, -0.19565723469748994, 0.6912312064162184, 0.06770845924338008], [0.1201178462962951, 0.23105139355922613, -0.6237230796348379, -0.01543267987851328, -0.46029649736917155, 0.4740269104065057, -0.7541312611166424, 0.5655463531935805, -0.41623096058367626, 0.646030449708576, -0.23658345956855562, -0.08111655380336599]], "inverted": true, "swapped": true, "error_lsq": 0.048250932581282276, "error_max": 0.3400969962295515, "target": "549.xyz", "model": "2.xyz", "model_rescale": 3.795458400668931, "target_rescale": 3.9609539779060357},
{"mapping": [4, 1, 5, 10, 9, 11, 12, 0, 3, 8, 7, 13], "R": [[-0.969333001987673, 0.24277725185855106, 0.03811479027327433], [-0.008315854756487578, 0.12260245321793739, -0.9924210220589912], [-0.24561021521352697, -0.9623034056081031, -0.11682370366416162]], "T": [-0.011729825805613207, -0.027473154611530087, 0.11939748891154484], "aligned_model": [[-0.25600081709168393, -0.0955495591448062, -0.7778368107803603, 0.22590667187826477, 0.2039430440622133, 0.10698395015682041, -0.3730284294974647, 0.6276812189499489, 0.4357712609642064, 0.753198121371994, -0.32227417047501955, 0.06450934534945205], [-0.00512705103804734, -0.6477546100639141, -0.11632890182337165, 0.048827461959470145, 0.4205054895631676, 0.5955965932377866, -0.23489295375318342, -0.10173206248755363, -0.5425912378463191, 0.1311272383739814, 0.5722096720702884, -0.03407059290259542], [-0.5068148851539538, -0.10128887690134919, -0.08574044674928147, 0.8844022012487338, -0.4599083222848463, 0.327781720577732, 0.49857464825371284, -0.3383411223515272, 0.36706690621607957, 0.3268272425351237, -0.2621335636298662, 0.03834592887854241]], "inverted": true, "swapped": true, "error_lsq": 0.046092790298705076, "error_max": 0.3185390569807881, "target": "549.xyz", "model": "3.xyz", "model_rescale": 3.7530521520055578, "target_rescale": 3.9609539779060357},
{"mapping": [10, 3, 8, 0, 11, 1, 6, 12, 5, 4, 13], "R": [[-0.35870670415140105, 0.8461536938528595, -0.39414899058097425], [0.32841464199943193, 0.5096535228242945, 0.7952339967538935], [0.8737696053979129, 0.15581146636864684, -0.4607053978746371]], "T": [-0.04656982044566953, -0.027266389846241072, 0.05608990147729608], "aligned_model": [[-0.40099253432247534, -0.2306766972266217, 0.3029357472116511, 0.5718433465620449, 0.18580458082694895, -0.2504123442985467, -0.17991564772202878, -0.6021411880038906, -0.3635436974994483, 0.25900368457353345, 0.04629435234403795], [-0.6299352914241843, 0.11050955890639863, -0.4063706428055382, 0.22578728376056306, -0.6396396486913156, 0.5855085094400256, -0.4411274852564843, -0.0683774568345144, 0.29963434423747415, 0.4123755218373094, 0.01883866514461193], [-0.3422815758873806, -0.6324349335656336, -0.566342243645008, -0.3651161038704136, 0.1854498210042987, -0.09698671987579838, 0.5811330456022407, 0.1396680564761653, 0.7114984002075776, 0.4630904241834183, 0.015152606615850703]], "inverted": true, "swapped": true, "error_lsq": 0.04476465123979609, "error_max": 0.2559338436720341, "target": "549.xyz", "model": "4.xyz", "model_rescale": 3.7855080009869324, "target_rescale": 3.9609539779060357},
{"mapping": [1, 3, 2, 5, 14, 15, 8, 13, 4, 12, 7, 6, 10, 16], "R": [[0.950680816180536, 0.21645396373334558, 0.22215685299002894], [0.1458124547643845, -0.944045405975936, 0.29583272214431294], [0.27376032178147025, -0.2488492576638586, -0.9290475408601286]], "T": [0.020130526563353797, -0.13331703507280657, 0.02887871094655336], "aligned_model": [[0.5955968621306875, 0.031969480383754446, 0.006120105477520323, 0.43382232738482573, -0.45452063101152707, -0.7877977860492629, -0.3790429447642596, -0.30323997608975856, 0.7329210194399262, -0.026591750916282526, 0.3341866169347002, 0.30102134371580264, -0.26899411598442213, -0.015245573662997926], [-0.624806506894519, -0.09079451500991129, -0.6121701228495249, 0.3442354478261026, -0.5914688169343033, 0.02167435958946709, 0.30282535533129257, -0.29901093492041775, 0.030366339080622945, -0.7670258587114002, 0.5374801054660729, 0.06322242710673343, 0.47724297364417323, -0.16404095577191286], [0.009371412146139006, -0.6642794815745906, -0.5335171603099768, -0.47699277928538086, -0.12112336211522212, 0.07935262446065616, 0.4106511942981974, 0.6556519462099631, 0.13905243810448048, 0.2723852173069758, 0.14188065881222436, 0.5843511735516488, -0.24422876039289326, 0.002585661951898858]], "inverted": true, "swapped": false, "error_lsq": 0.03727936288623318, "error_max": 0.18773349875200626, "target": "549.xyz", "model": "5.xyz", "model_rescale": 4.2253639853439635, "target_rescale": 3.9609539779060357},
{"mapping": [12, 3, 7, 0, 6, 2, 10, 5, 9, 11, 1, 8, 4, 13], "R": [[0.6845511874596455, 0.6459512863268431, -0.33784109791481265], [-0.3778774048989032, -0.08187937085673637, -0.9222279737109341], [-0.6233765624519899, 0.7589747718605683, 0.18803977521986825]], "T": [0.0329922106561277, -0.06010513062459299, 0.05862902936221774], "aligned_model": [[0.534887316770302, -0.29020877923653454, 0.1691470250111378, 0.5377724124500608, -0.3103446263460472, -0.6330618763727396, -0.374549081931685, -0.38215963291790644, 0.6262427537142005, 0.06703171041835418, 0.2339504993829275, 0.2853247183238229, -0.2641714555615957, 0.00034399328440851834], [-0.8208517193539111, -0.13760573672430973, -0.48837985563556197, 0.14493760645265952, -0.5596496051851249, 0.018174798219113282, 0.3762272962770359, -0.26093826377956114, 0.03167941938636674, -0.7666388570903725, 0.6418012239853065, 0.03134375944522356, 0.4832812688904152, -0.06565203793480348], [-0.1431374065590693, -0.5679044884043273, -0.5951552182850037, -0.5297731062349811, -0.15652929005976768, 0.0382374151642489, 0.5606614809618415, 0.49228357604070516, 0.16919944595712094, 0.382982531941587, 0.13378897553373104, 0.7469823410255102, -0.28391481966835974, 0.0074193457508842445]], "inverted": false, "swapped": false, "error_lsq": 0.04308997474959096, "error_max": 0.23607060358448342, "target": "549.xyz", "model": "6.xyz", "model_rescale": 3.89814844738969, "target_rescale": 3.9609539779060357},
{"mapping": [4, 2, 1, 7, 12, 0, 9, 6, 11, 8, 3, 10, 13], "R": [[0.5777670052444486, -0.5666766251669242, 0.5874205394266419], [-0.7333564138101192, -0.044488485578083964, 0.6783871645119253], [-0.35829269874562425, -0.8227383406286559, -0.44127991670274697]], "T": [0.05375678235340238, 0.040403871971738864, 0.017350439353490194], "aligned_model": [[-0.0056360879279285445, -0.01835453641973815, 0.44415181543763954, -0.25842442451248443, 0.5609875822556312, -0.4824334931549055, -0.5802494567785665, 0.10048347767944672, -0.3661511130233441, -0.49754529942460785, 0.1730650183842184, 0.09925958801268217, -0.02052126962382067], [-0.2419218390274638, 0.41933272975954783, 0.3650514322035746, -0.6431930481060277, -0.02787997521706881, 0.4887456343641766, -0.18757991503575588, -0.5723820855289191, -0.2625562972393606, 0.5188107131359313, 0.7473091939475389, 0.2715051345970312, 0.08853958761728109], [-0.5901644023006737, -0.7667547880009034, -0.4100521618430371, -0.1746427157759411, 0.25269955049708903, -0.35058319371170377, -0.34161245137895235, 0.31237993851026785, 0.43880667025680753, 0.36446549329292516, 0.13134347940912694, 0.7867962139918394, -0.05040660211054954]], "inverted": true, "swapped": true, "error_lsq": 0.03966204001105884, "error_max": 0.21024161883929865, "target": "549.xyz", "model": "7.xyz", "model_rescale": 3.7474275329858107, "target_rescale": 3.9609539779060357},
{"mapping": [3, 1, 2, 0, 4, 13, 11, 9, 6, 8, 10, 7, 12, 14], "R": [[0.830466291147528, 0.4199500214625972, 0.3660160088592216], [0.49035744873063747, -0.8628569935021879, -0.12258621961193585], [0.2643393874208869, 0.281282399445699, -0.9224992683032442]], "T": [0.007493687024377614, -0.06895854599570084, 0.014473092697755773], "aligned_model": [[0.5704963309148435, 0.048534847508857094, -0.0734429527790397, 0.5253221166953392, -0.5331448154811951, -0.8774601869905445, -0.2638531649819867, -0.1410903642397784, 0.7972229975717035, -0.06096047945612345, 0.3026836550458495, 0.29428013682403303, -0.35614432578927574, -0.032238817853976025], [-0.49923198790664214, -0.040147017455612805, -0.6864002566138478, 0.1174207719404492, -0.6258977786228777, -0.02627293977764293, 0.26716995113791897, -0.24334779660793254, 0.03430659032418967, -0.7241990375927219, 0.6091445207134475, 0.13291533575677583, 0.40523842919002595, -0.09296948753305369], [-0.0951960695269524, -0.7353851199125508, -0.551922961469392, -0.3479213124703195, -0.08429201558806147, -0.13766634525423266, 0.4615396144937828, 0.741007062357285, 0.19503340417573328, 0.1910636958443519, 0.18270648233070935, 0.5983207611880171, -0.13897801730474646, -0.02316839569950376]], "inverted": true, "swapped": false, "error_lsq": 0.04436168329845474, "error_max": 0.3295364363511702, "target": "549.xyz", "model": "8.xyz", "model_rescale": 4.019505241142653, "target_rescale": 3.9609539779060357},
{"mapping": [9, 11, 0, 2, 4, 1, 3, 7, 5, 6, 10, 12, 13], "R": [[0.34717192426362475, 0.04400138264207604, 0.9367686658554917], [-0.5604713172560785, -0.7911435336891653, 0.24487509394598905], [0.7518933152624303, -0.6100457256857114, -0.25000131006909826]], "T": [0.011513750125238142, 0.03865031840300241, 0.04142559144726269], "aligned_model": [[-0.3290860415676573, -0.6500129142121182, 0.003352560212791983, 0.5528063398767072, 0.21011025165931507, 0.6632473341940949, 0.300564600688216, -0.3639469094122806, 0.36480167742566777, -0.3561087086321791, -0.3095197583534514, 0.21876843001037838, 0.01472390985169118], [-0.538032183444775, 0.05387418350036037, -0.10431226050753077, -0.3317727835750381, -0.601950949898568, 0.02436484811269822, 0.5883059307057871, -0.6064945903763328, -0.3863135722071176, -0.10464427329542118, 0.7645786687902544, 0.30796963225812424, -0.002194421948382444], [-0.3249402766148127, 0.1302150367522381, -0.7353501817368958, -0.535979973927002, -0.008564883549371814, -0.08313991126609294, -0.334436505945505, 0.2522349045535837, 0.6171774138396312, 0.5973507725156538, 0.17367768238190964, 0.4907000923069883, -0.06224067526644584]], "inverted": true, "swapped": true, "error_lsq": 0.04822958123302948, "error_max": 0.23930933088786716, "target": "549.xyz", "model": "9.xyz", "model_rescale": 3.877068213659057, "target_rescale": 3.9609539779060357},
{"mapping": [7, 5, 1, 4, 0, 12, 10, 11, 2, 8, 13, 9, 6, 15], "R": [[-0.8457919028897248, -0.39512826734932804, 0.3584825091238017], [0.43549203817663196, -0.1231682671986633, 0.8917265627085703], [-0.3081927022026016, 0.9103313848795925, 0.2762499375787475]], "T": [0.038847303961909635, 0.03033800120177657, 0.022275938498600413], "aligned_model": [[0.624307385069171, -0.2647030169947019, 0.08957111267279014, 0.5043820461760711, -0.4797778179961585, -0.6858182454688093, -0.301841154655868, -0.4816270345291259, 0.6707935407560316, 0.17324431564534523, 0.4061782827003745, 0.2679242234443908, -0.2990266908206254, -0.02340196901017924], [-0.5074774607503144, -0.21877768829266314, -0.6534991221670308, 0.016487424524282073, -0.5628028760781291, 0.03822833515289012, 0.2670163445113153, -0.29709212628514525, 0.061402551139751266, -0.6493592102756557, 0.7098334975205493, -0.08838248708625454, 0.5455471882742436, -0.033395073235363254], [-0.1628661467547162, -0.6535894461286771, -0.509419927703095, -0.46882104282206094, -0.09164472778892258, -0.15936326380075, 0.5977110047161304, 0.430382849552458, 0.222361683838951, 0.36179336039100224, 0.05377702586423642, 0.6297909708399585, -0.00428027227528175, 0.00930871523488717]], "inverted": false, "swapped": false, "error_lsq": 0.03807837268103275, "error_max": 0.20766806554351838, "target": "549.xyz", "model": "10.xyz", "model_rescale": 4.260839863003843, "target_rescale": 3.9609539779060357},
{"mapping": [4, 0, 8, 9, 11, 6, 5, 1, 3, 10, 12, 13], "R": [[-0.29277957255585796, -0.11774565946433924, -0.9489025669536979], [-0.8157591792633633, 0.5484638256849678, 0.18364202504485072], [0.49881568072943877, 0.8278426128149707, -0.25663110697284824]], "T": [0.026752752790112598, 0.06346671195431547, -0.03450720064426942], "aligned_model": [[0.24488769949671996, 0.09125358579490306, -0.3496692192515165, -0.2654643096856645, -0.6402217233131358, -0.3851650664292064, 0.3379121785121095, 0.6871337716600161, 0.33431118633456786, -0.3227341205149348, 0.18647120992836386, 0.04018345656190807], [0.07480084631580688, -0.699492704121174, -0.5590687782602215, -0.2909308423682337, 0.09308909304387204, 0.5937621824138546, 0.6954473486565491, -0.002628658434237638, -0.3224504725946576, 0.11740685791806418, 0.5096392387608433, -0.03649560579753196], [-0.6705876085999976, -0.22846100380064266, 0.31770298391103674, -0.6442665279265646, -0.033857538609457685, -0.15216281401858756, -0.4095766815470133, -0.036876939117567106, 0.4978646047972804, 0.6883167648269587, 0.2700499582683001, -0.08196712078824053]], "inverted": false, "swapped": true, "error_lsq": 0.04860843592026488, "error_max": 0.31012650672266395, "target": "549.xyz", "model": "11.xyz", "model_rescale": 3.890672605050136, "target_rescale": 3.9609539779060357},
{"mapping": [0, 6, 1, 8, 11, 9, 12, 10, 3, 2, 7, 12, 5, 13], "R": [[-0.8057126914491144, 0.5749467906182748, 0.14234903159336953], [0.3581296519042844, 0.6643078437191603, -0.6560779231159329], [-0.47177347452431073, -0.4776309001006381, -0.7411467547013304]], "T": [-0.003615637228461959, -0.17954029392085347, -0.09862792864413936], "aligned_model": [[0.5113167743083195, -0.1897431784394142, 0.22309132243005572, 0.39886227556955706, -0.41131673509497985, -0.7069927119313111, -0.17035016063710598, -0.3502780198307066, 0.8960509847634578, -0.04835668284850046, 0.34927728249788276, -0.17035016063710598, -0.19888990808679605, 0.06788389492535389], [-0.41109841463243957, -0.24706005653153618, -0.818651231051715, 0.2376610367651052, -0.5367291412116035, 0.1478453039135168, 0.21389505694584604, -0.37746659083992035, -0.002135220260747084, -0.7478509584790692, 0.4885268690685707, 0.21389505694584604, 0.5721319537166412, -0.10523436739601953], [-0.27160188052316964, -0.6397896087373622, -0.479993179909041, -0.5265830959476181, -0.003980656814501285, -0.16107612425054502, 0.5117329237515251, 0.701491361161451, 0.011782963551041248, 0.3263254347416714, 0.2964885392721943, 0.5117329237515251, -0.055861433494284435, 0.034472616611233214]], "inverted": true, "swapped": false, "error_lsq": 0.051490433339402356, "error_max": 0.3832280819648746, "target": "549.xyz", "model": "12.xyz", "model_rescale": 4.124412569039231, "target_rescale": 3.9609539779060357},
{"mapping": [11, 9, 0, 6, 8, 10, 7, 12, 4, 5, 3, 2, 13], "R": [[-0.7069541903605397, 0.048867470054122106, 0.7055690916573538], [0.1949516957233483, 0.9724267649392287, 0.12798446454322976], [-0.6798599922530115, 0.22803104437846988, -0.6969879724452924]], "T": [0.1304042819794851, 0.023584358773773337, -0.09146991877783833], "aligned_model": [[-0.20332728323307378, -0.04740395878794587, 0.6242495372448735, -0.509274697436823, 0.5842274810678371, 0.28373866176377294, -0.5240888756268166, 0.02834381136982861, -0.08950506930888907, -0.3721801424151635, 0.8199336853018899, 0.5860211024423865, 0.18656405512788113], [-0.184202554515853, 0.6090763316860405, 0.514624474162278, -0.20578192448302712, -0.14528157028711192, -0.728715906707067, 0.3827926660876947, -0.37189384053243385, 0.6360125816319848, 0.18944381576854052, -0.1956252261631084, 0.7384881776781221, 0.10854835218241776], [0.4481417011320021, 0.3650147518191336, 0.28119880103439954, -0.03730045748586913, 0.5556967936606676, 0.14948231207364096, 0.11884252802406661, -0.4794333532467281, -0.26141447451353583, -0.6887942576157582, -0.150124521574796, -0.3034462659284449, -0.04616547641093941]], "inverted": true, "swapped": true, "error_lsq": 0.04551899762663905, "error_max": 0.26660899578883984, "target": "549.xyz", "model": "13.xyz", "model_rescale": 3.9028299243045295, "target_rescale": 3.9609539779060357},
{"mapping": [3, 1, 6, 2, 9, 14, 13, 10, 0, 7, 8, 5, 12, 15], "R": [[-0.10757835442252707, -0.7938407974373808, -0.598534615526725], [0.9063723003582579, 0.16908612814519597, -0.38716809580871486], [0.40855373061938993, -0.584146102951008, 0.701325302270016]], "T": [0.06357808236969766, -0.07295675540822048, -0.0007412762436982863], "aligned_model": [[0.522112772525433, -0.08451543023902257, 0.08551980915102925, 0.5539188185458409, -0.44111055430468893, -0.8017578518866426, -0.41961992851129043, -0.27569679123453333, 0.8689672101086013, -0.11108137154072216, 0.4542445437969006, 0.09953209127260057, -0.25632244529281567, 0.006014104598016559], [-0.4923311030127429, -0.03740853111555767, -0.5455777498159706, 0.18604991969212087, -0.6357550568920086, -0.1270223099743688, 0.3592308450592376, -0.35517589676661465, -0.003571113269294199, -0.9168377293726531, 0.5878714665320409, 0.243747036066291, 0.5355691666608842, -0.17105964683888863], [-0.05134305223245311, -0.6324084283227465, -0.47037540886197354, -0.48512880111968887, -0.1721848772394025, 0.17623694127787765, 0.46011109933667255, 0.5997564493479464, 0.18297152905213643, 0.27852012957122024, 0.08406990557122558, 0.39989303502361156, -0.10844523871526948, -0.006532499525036508]], "inverted": false, "swapped": false, "error_lsq": 0.046545547351577406, "error_max": 0.32349557913399796, "target": "549.xyz", "model": "14.xyz", "model_rescale": 3.942246331269136, "target_rescale": 3.9609539779060357},
{"mapping": [4, 8, 11, 12, 6, 7, 2, 9, 3, 10, 1, 5, 0, 14], "R": [[0.36806550885857414, -0.9126903830965432, 0.17755012191424926], [-0.6978219202106364, -0.3973478874434507, -0.5959523672389997], [0.6144691602206083, 0.0954511442954602, -0.7831454080759641]], "T": [0.08982875596102573, -0.179898629310768, -0.016284118393464917], "aligned_model": [[0.5472561919972794, -0.3859500787384151, 0.01967728367052045, 0.6064516509892949, -0.3736257522765785, -0.7457355946042302, -0.32301268653477516, -0.41898688356170505, 0.7299759715651487, 0.14065576691142403, 0.4549876962046773, 0.16271878546748972, -0.28648966627337985, 0.07228229217195585], [-0.5465374397296907, -0.07720856820350103, -0.7101306249545889, 0.2998912723773365, -0.47116587536508364, -0.010814865209145208, 0.3413057429116331, -0.4396520231848176, 0.02660053647236374, -0.82192346175992, 0.5294728171103462, 0.1564495621037228, 0.43567475491561186, -0.08423253053179118], [-0.016600944057138526, -0.6178904498840996, -0.4938234637751788, -0.4297798169605454, -0.13101292693167052, 0.04869591631511619, 0.3586236894389747, 0.550987532123595, 0.2369303507543428, 0.2906706755414866, 0.12546402142913918, 0.5169480035945698, -0.15830994909811877, -0.02576185532635274]], "inverted": false, "swapped": false, "error_lsq": 0.03840220359423319, "error_max": 0.24920915638023647, "target": "549.xyz", "model": "15.xyz", "model_rescale": 4.355366556412066, "target_rescale": 3.9609539779060357},
{"mapping": [11, 9, 8, 12, 10, 6, 3, 5, 0, 7, 1, 13], "R": [[-0.1538403808593085, 0.973757380637621, 0.16771911301584796], [0.5412469112909106, -0.05896348237492505, 0.8387938297128035], [0.826670985480386, 0.2198178141097345, -0.5179722100314901]], "T": [-0.04135607904110937, 0.08667380271997419, -0.047761297918583495], "aligned_model": [[-0.21483170399653634, 0.5549608928290278, 0.06057549675019404, -0.5218705468903161, -0.6546459418065859, -0.4209351773760351, -0.06996014707399045, -0.14904876408462286, 0.6332397265230417, 0.1600525178752938, 0.15697153032473765, 0.06330067155757223], [-0.5357855612383338, -0.2999324924306137, -0.47115585907275037, 0.37889919332738586, -0.23146980080215637, -0.13330163431545616, 0.2514988159526865, 0.58582592338286, -0.09508458802475003, -0.19565723469748994, 0.6912312064162184, 0.06770845924338008], [0.1201178462962951, 0.23105139355922613, -0.6237230796348379, -0.01543267987851328, -0.46029649736917155, 0.4740269104065057, -0.7541312611166424, 0.5655463531935805, -0.41623096058367626, 0.646030449708576, -0.23658345956855562, -0.08111655380336599]], "inverted": true, "swapped": true, "error_lsq": 0.048250932581282276, "error_max": 0.3400969962295515, "target": "549.xyz", "model": "16.xyz", "model_rescale": 3.795458400668931, "target_rescale": 3.9609539779060357},
{"mapping": [4, 2, 1, 7, 12, 0, 9, 6, 11, 8, 3, 10, 13], "R": [[0.5777670052444486, -0.5666766251669242, 0.5874205394266419], [-0.7333564138101192, -0.044488485578083964, 0.6783871645119253], [-0.35829269874562425, -0.8227383406286559, -0.44127991670274697]], "T": [0.05375678235340238, 0.040403871971738864, 0.017350439353490194], "aligned_model": [[-0.0056360879279285445, -0.01835453641973815, 0.44415181543763954, -0.25842442451248443, 0.5609875822556312, -0.4824334931549055, -0.5802494567785665, 0.10048347767944672, -0.3661511130233441, -0.49754529942460785, 0.1730650183842184, 0.09925958801268217, -0.02052126962382067], [-0.2419218390274638, 0.41933272975954783, 0.3650514322035746, -0.6431930481060277, -0.02787997521706881, 0.4887456343641766, -0.18757991503575588, -0.5723820855289191, -0.2625562972393606, 0.5188107131359313, 0.7473091939475389, 0.2715051345970312, 0.08853958761728109], [-0.5901644023006737, -0.7667547880009034, -0.4100521618430371, -0.1746427157759411, 0.25269955049708903, -0.35058319371170377, -0.34161245137895235, 0.31237993851026785, 0.43880667025680753, 0.36446549329292516, 0.13134347940912694, 0.7867962139918394, -0.05040660211054954]], "inverted": true, "swapped": true, "error_lsq": 0.03966204001105884, "error_max": 0.21024161883929865, "target": "549.xyz", "model": "17.xyz", "model_rescale": 3.7474275329858107, "target_rescale": 3.9609539779060357},
{"mapping": [6, 8, 4, 0, 5, 10, 11, 12, 2, 9, 1, 7, 3, 13], "R": [[0.9685794038023781, 0.08864115835619332, -0.23237186485265937], [-0.2486340813356029, 0.32287946290919334, -0.91319764894018], [-0.005918794491375598, 0.9422799995100944, 0.33477361066103417]], "T": [-0.004960042974949029, -0.0547151873064228, 0.053681285880187765], "aligned_model": [[0.5530871399929609, -0.2586094428573684, 0.10218189026130023, 0.5496553888057446, -0.48128525730021054, -0.688765180362796, -0.3531378252469271, -0.37635807767026075, 0.6983345798809544, 0.1774682538745816, 0.3022062595485292, 0.1471569595479975, -0.26748975413585285, 0.09576004265005375], [-0.5687673497727924, -0.017375342772864927, -0.6310045331661279, 0.09393886589629466, -0.5819076521617936, -0.004911636949018597, 0.43047335291512145, -0.4447483262051727, -0.02889583113108543, -0.6608625310315748, 0.562527597089672, 0.02603491042121936, 0.5117108312581268, -0.05848305743752773], [-0.08536017306483785, -0.6179750020887392, -0.534227736002959, -0.5541394821740041, -0.08197390888951554, -0.026127929861115604, 0.460007477721064, 0.5725016533473375, 0.1461083280180076, 0.27054409979626065, 0.11006057742138965, 0.7870018987751939, -0.21245570433372324, 0.0211766844997621]], "inverted": false, "swapped": false, "error_lsq": 0.03352097822848814, "error_max": 0.19815273321664167, "target": "549.xyz", "model": "18.xyz", "model_rescale": 3.922800546911778, "target_rescale": 3.9609539779060357},
{"mapping": [11, 2, 9, 10, 3, 0, 5, 12, 4, 7, 6, 8, 1, 14], "R": [[-0.49283593101524004, 0.7589621745836534, -0.42554572333839025], [0.48100278277462793, 0.6451789181652257, 0.5936164473110674], [0.7250855591331314, 0.08786683735290146, -0.6830302708007846]], "T": [0.046365942954812056, -0.05234873748411247, 0.11383679804931308], "aligned_model": [[0.5767477668343384, -0.12334016230036005, 0.03543072226247733, 0.5604690204451404, -0.4414535575516743, -0.7600535731208187, -0.5563994839538169, -0.293152764662052, 0.7616640046095728, 0.03626791851057076, 0.41421483219842137, 0.16940942408880866, -0.2189540535588616, 0.039354883186960565], [-0.5038727981009207, -0.04118679438849534, -0.5266169597529035, -0.002144196289530935, -0.4552311548125168, -0.002308864194445169, 0.16646048991949208, -0.4827388498707587, 0.05809526814309191, -0.8510411945766809, 0.519963197214695, 0.30607504963336607, 0.5899045366470146, -0.1476284326189317], [-0.034705304908537835, -0.5820110385164384, -0.5477471045733205, -0.5056615288424722, 0.019671324980205615, -0.09976612995116561, 0.5277571796596068, 0.6778451693564221, 0.11807279924445428, 0.12795798583273393, 0.00019694589936355977, 0.5942359493812146, -0.14130836701104477, 0.10060290261309889]], "inverted": true, "swapped": false, "error_lsq": 0.04601520361966227, "error_max": 0.3063100593870151, "target": "549.xyz", "model": "19.xyz", "model_rescale": 3.9282355846067225, "target_rescale": 3.9609539779060357},
{"mapping": [9, 6, 8, 7, 4, 3, 1, 0, 12, 11, 2, 10, 5, 13], "R": [[-0.7120733645192694, -0.18188656407937479, -0.6781362704866976], [-0.6550575430066877, 0.5197216781105785, 0.5484423330232323], [0.2526878289357236, 0.8347494564893853, -0.4892261297175639]], "T": [0.03730246992048543, -0.1148341255288994, -0.09268993972887944], "aligned_model": [[0.5374160813338413, -0.21344642821538318, 0.07592284158551434, 0.4624207667710443, -0.38214897988233554, -0.7072989847214696, -0.3649248391628618, -0.4325312980293848, 0.8809733913906345, 0.04309215795427236, 0.17938445182141072, 0.43070394837071746, -0.29684302630609355, -0.012515105921200226], [-0.5918150087928857, 0.03363375156965362, -0.748655052353889, 0.25580383855952893, -0.5872182003646923, -0.012589771816372358, 0.3046113370810489, -0.29742584352937984, -0.14432065542610537, -0.6400541628325185, 0.6201319615399215, 0.023368440006405894, 0.46999102376233326, -0.05773236045057318], [-0.06439792817821281, -0.6774346135913789, -0.5114990594234631, -0.35726452210384574, -0.07590863943194887, -0.05435151226309619, 0.38036343149904933, 0.5286903650833179, 0.008028807721117512, 0.3946226532268238, 0.25133589017016944, 0.6612130226105033, -0.2771255229458193, 0.04886841079090416]], "inverted": true, "swapped": false, "error_lsq": 0.04134560760007607, "error_max": 0.27005149514942084, "target": "549.xyz", "model": "20.xyz", "model_rescale": 4.067790424073018, "target_rescale": 3.9609539779060357},
{"mapping": [2, 5, 4, 6, 8, 1, 9, 7, 3, 0, 11, 12, 13, 14], "R": [[0.02199050686362186, 0.9984401365021771, 0.05131969825899971], [-0.23665108485362019, 0.05507176524050933, -0.9700326616722237], [-0.9713458095063188, 0.009186647637087708, 0.23749299749615]], "T": [0.021528413702447215, -0.06936763485551693, -0.01448425914539268], "aligned_model": [[0.5594897596433357, -0.3175520194513193, 0.09674659812638425, 0.542093477167549, -0.3402081818274764, -0.7880863739242401, -0.41348328276131896, -0.4721236800435504, 0.819552853715004, 0.17682178647177998, 0.3481241046872796, 0.22678070598543054, -0.2330648832072363, -0.004885887592915292], [-0.5715078269139084, -0.09393384021930637, -0.5758403026382811, 0.028989433971847514, -0.49384877071507377, 0.03782721284430672, 0.16929534237905508, -0.4421153186977685, -0.02841015422168426, -0.6330630454166485, 0.4822700386468945, 0.23604065636446997, 0.518846568199145, -0.00682069663057186], [-0.1248235057078064, -0.49706801588008015, -0.631169070258213, -0.5311028848323059, -0.13335518695726037, 0.065128940524162, 0.5837253251193001, 0.40268564837337323, 0.27744808673905036, 0.38873960176464945, 0.06955969234509077, 0.6575359333074502, -0.2961042328166938, 0.02394045144340372]], "inverted": true, "swapped": false, "error_lsq": 0.04086684003306342, "error_max": 0.22738270381139214, "target": "549.xyz", "model": "21.xyz", "model_rescale": 4.186013935880536, "target_rescale": 3.9609539779060357},
{"mapping": [10, 8, 11, 5, 1, 6, 12, 3, 9, 0, 2, 4, 13], "R": [[0.6960046922091021, 0.02781594477685706, -0.7174982520111699], [-0.40411933522516347, 0.8411398307014986, -0.35940415704972967], [0.5935191920402285, 0.5401018963340396, 0.5966782300840958]], "T": [0.05089453894583666, -0.11200329227804726, -0.021091576537619082], "aligned_model": [[-0.1473023314686434, -0.3919937976662666, 0.38680672920193987, 0.5438381601427775, -0.30589796953252063, 0.6741459233522988, 0.11170136134124277, -0.6540107265949924, 0.2848482776404404, -0.39422619116208263, -0.35967793250753477, 0.30790455178017023, 0.0024379808963958527], [-0.4494702847555342, 0.268222362368165, 0.1064613669689651, -0.46214340045706415, -0.30063974719142905, -0.2789830144547665, -0.6717967086392617, -0.2555269931016904, 0.6081439924070676, 0.5317472492964465, 0.2649025894639778, 0.17455121314042074, -0.016511965499203238], [-0.7241983455028919, -0.5801750448665169, -0.5551037977393546, 0.49977819591274186, 0.505779088334052, -0.24110953797714438, -0.03748772307437758, -0.11832077234998437, 0.07611136493539872, 0.08538979106312042, 0.651946558427256, 0.5303991048785018, 0.009870679294544556]], "inverted": true, "swapped": true, "error_lsq": 0.04812419251269181, "error_max": 0.30614809485774663, "target": "549.xyz", "model": "22.xyz", "model_rescale": 4.166573947596378, "target_rescale": 3.9609539779060357},
{"mapping": [9, 2, 11, 4, 12, 6, 5, 13, 8, 14, 0, 7, 1, 15], "R": [[0.30894718318712355, 0.8880047430765898, -0.3405865738314146], [0.7737233109915904, -0.026416117406937167, 0.6329726903819418], [0.553085776375557, -0.45907490131199996, -0.6952311550530692]], "T": [0.07973697348641581, -0.19289874317409905, -0.030153113006044268], "aligned_model": [[0.47603874737694774, -0.15961646810390395, 0.03326289235150087, 0.448553830715237, -0.37755460926139384, -0.6385408796138708, -0.3568399477930113, -0.2681599776826801, 0.8602142778097285, -0.10702165289026777, 0.2612609463792932, 0.2269821226715423, -0.24064345960093406, 0.04226915463051859], [-0.6432222647426888, 0.07964920311030455, -0.7439252264596802, 0.33327014569262137, -0.6477821899281568, -0.011404666648230755, 0.27273461821317124, -0.2608914666978261, 0.010379286237922114, -0.8169256968815349, 0.5849222493843969, 0.17170483515558932, 0.43461307829362916, -0.1353926077770411], [-0.05470502159530903, -0.5969306585775982, -0.5925615961630769, -0.3864871410993626, -0.14568152269980036, -0.20406245116397417, 0.502433167112693, 0.7387147818958159, 0.029949802195855083, 0.41894525009580197, 0.13955049225476496, 0.5671514528235267, -0.13824729823428675, -0.022928473680929724]], "inverted": true, "swapped": false, "error_lsq": 0.041658463084093746, "error_max": 0.2391590862850061, "target": "549.xyz", "model": "23.xyz", "model_rescale": 4.274766983524099, "target_rescale": 3.9609539779060357},
{"mapping": [9, 4, 6, 11, 12, 10, 8, 3, 0, 1, 13], "R": [[0.15870066162450824, -0.902676768698359, -0.39998593881814465], [-0.8984439031252272, 0.03595495730686438, -0.4376137497636119], [0.4094052429281419, 0.42881451969044937, -0.8052983638165412]], "T": [-0.09123070969283285, 0.2075814789481847, 0.022222812638534498], "aligned_model": [[0.37254432689893413, 0.35637991137737485, -0.5758319188391736, -0.40532286806816054, -0.5047001029536907, -0.6911651920430006, -0.021250370393133752, 0.012235225556951265, 0.5793293802991314, 0.24639531751344435, 0.01128099460939816], [-0.04100285054688063, 0.5569345695175345, 0.32243640622271064, -0.2222874940036604, 0.5219692065695787, -0.21298059733183852, -0.5724703358374871, -0.00749682605435778, -0.20248830742751042, 0.6090128440529339, 0.16395991608246072], [-0.5308715933025556, -0.3382029813556395, -0.4432902730136931, -0.3806315548887779, 0.24025581433780802, 0.35498587534374476, 0.22201738232931645, 0.7077737776030228, 0.10018076160555991, 0.4288415881444466, 0.018507637218344947]], "inverted": false, "swapped": true, "error_lsq": 0.0469061121084781, "error_max": 0.2495459738628991, "target": "549.xyz", "model": "24.xyz", "model_rescale": 3.7841303162186577, "target_rescale": 3.9609539779060357},
{"mapping": [11, 3, 13, 6, 12, 5, 2, 9, 7, 14, 1, 8, 4, 15], "R": [[0.7065215025415389, 0.40272410078936594, -0.5819284020305617], [0.06776138851772134, -0.8570099378151538, -0.5108251762709204], [-0.7044400334113592, 0.32147669453548744, -0.6327850932172313]], "T": [0.16883441272337985, -0.10294148735548704, 0.1433621851986747], "aligned_model": [[0.5636657865558016, -0.12831628157788577, -0.02766106755986411, 0.38977323658230917, -0.4853655787881339, -0.6323869141371539, -0.4855829478091809, -0.1469865644919936, 0.8157887743447969, -0.0564513256588835, 0.2834675907239209, 0.08358316997983065, -0.1536956441580668, 0.18037274298320938], [-0.4937696880319925, -0.0912424073160706, -0.7063560527069296, 0.20695003665932082, -0.47746892155122966, 0.03138229467424218, 0.1689323626168508, -0.3736889019973713, -0.10139637393764038, -0.8347228118028134, 0.6128909628656181, 0.2875162893473696, 0.4800414510651413, -0.08133894293201917], [-0.3865331563134523, -0.6053476945515915, -0.3141095470657653, -0.4707874152234389, 0.06015474220692815, -0.18730419109132376, 0.401462080320771, 0.5545721757650345, 0.07814541815361231, 0.3508263786929658, 0.3091316984245665, 0.5789453963785888, -0.1925092169433594, 0.07849411441058374]], "inverted": false, "swapped": false, "error_lsq": 0.05011771067783165, "error_max": 0.2589965972780916, "target": "549.xyz", "model": "25.xyz", "model_rescale": 4.19342608120988, "target_rescale": 3.9609539779060357},
{"mapping": [11, 9, 8, 12, 10, 6, 3, 5, 0, 7, 1, 13], "R": [[-0.1538403808593085, 0.973757380637621, 0.16771911301584796], [0.5412469112909106, -0.05896348237492505, 0.8387938297128035], [0.826670985480386, 0.2198178141097345, -0.5179722100314901]], "T": [-0.04135607904110937, 0.08667380271997419, -0.047761297918583495], "aligned_model": [[-0.21483170399653634, 0.5549608928290278, 0.06057549675019404, -0.5218705468903161, -0.6546459418065859, -0.4209351773760351, -0.06996014707399045, -0.14904876408462286, 0.6332397265230417, 0.1600525178752938, 0.15697153032473765, 0.06330067155757223], [-0.5357855612383338, -0.2999324924306137, -0.47115585907275037, 0.37889919332738586, -0.23146980080215637, -0.13330163431545616, 0.2514988159526865, 0.58582592338286, -0.09508458802475003, -0.19565723469748994, 0.6912312064162184, 0.06770845924338008], [0.1201178462962951, 0.23105139355922613, -0.6237230796348379, -0.01543267987851328, -0.46029649736917155, 0.4740269104065057, -0.7541312611166424, 0.5655463531935805, -0.41623096058367626, 0.646030449708576, -0.23658345956855562, -0.08111655380336599]], "inverted": true, "swapped": true, "error_lsq": 0.048250932581282276, "error_max": 0.3400969962295515, "target": "549.xyz", "model": "26.xyz", "model_rescale": 3.795458400668931, "target_rescale": 3.9609539779060357},
{"mapping": [9, 11, 7, 4, 5, 3, 8, 2, 10, 6, 1, 12, 13], "R": [[0.29306405719948664, -0.17549025261705964, -0.9398492589847464], [0.7112307369096758, -0.6169293920823813, 0.3369702717745042], [-0.638955630112683, -0.7672035560535836, -0.05598576895997903]], "T": [-0.12573145358940044, -0.036493423178322194, 0.0052309129460825984], "aligned_model": [[0.08345955631517088, 0.4405350063267569, 0.45295853954276943, -0.14630782438019185, 0.028835160848811575, -0.7048867233742133, -0.2160148725729996, -0.7814553460449984, 0.015584744440811343, 0.5126248932626035, -0.7046559651759525, -0.10488405137580373, -0.17611673499150754], [-0.6209769458785538, -0.3146627012159731, -0.17416064555689728, -0.08165853783155189, 0.5556671919537306, -0.09799370931341589, -0.6558212500325542, -0.28781358406792307, 0.025808818807779202, 0.20170988369066292, 0.20701108647204022, 0.4922903341715817, -0.127518437942011], [-0.4390809239281638, 0.22362736077757106, -0.4925530305553737, -0.6654749304345939, -0.5069719731004481, 0.4385216823947319, 0.5166777810149875, -0.5148387773045268, 0.7949607793158882, -0.016967694425429294, -0.20931341206647136, 0.19833217150309887, -0.0347823710918448]], "inverted": true, "swapped": true, "error_lsq": 0.04747110084587192, "error_max": 0.2802076778036891, "target": "549.xyz", "model": "27.xyz", "model_rescale": 3.6321398670334006, "target_rescale": 3.9609539779060357},
