[{"mapping": [8, 7, 12, 9, 2, 6, 11, 0, 3, 5, 1, 13], "R": [[-0.75354796083714, -0.21624866205836107, 0.6208075280440445], [0.6532316146942039, -0.35239653440892876, 0.6701530721414176], [0.07385071619281325, 0.9105235849194383, 0.40680815260176767]], "T": [0.16629784627253597, -0.024727517039679344, 0.093852623632457], "aligned_model": [[-0.013534763636260438, -0.19584928045095468, 0.4986593273463789, -0.08335620384115291, -0.5393539291611374, -0.267370910289505, 0.536282996827997, -0.051277136571112214, -0.07007451604142678, 0.6022957255346345, 0.49466593508972145, 0.12815200340626637], [0.33231786852043094, -0.22618084498550847, -0.49813625012967844, -0.6722813561512652, -0.09558584469754419, 0.600855568026244, 0.10080421675328832, -0.5650794688731718, 0.27548418518917495, 0.593580596703507, -0.1117897858397853, -0.06971502927620739], [-0.5775324794837224, -0.5383344513231603, 0.11708676459203145, -0.14086007836277986, 0.39099386048547086, 0.022274013356843356, -0.48443330307047167, 0.5999092702353328, 0.4505056005956429, 0.0923740432683457, 0.5603702256807601, -0.0580054702255568]], "inverted": true, "swapped": false, "error_lsq": 0.04834112327926018, "error_max": 0.37381992124505037, "target": "55.xyz", "model": "0.xyz", "model_rescale": 3.8414455957264533, "target_rescale": 3.860033006736531},
{"mapping": [0, 7, 6, 9, 13, 11, 4, 8, 12, 3, 10, 14], "R": [[0.24654676144958548, -0.8160885147940601, -0.5226989864539118], [-0.7022536133147671, 0.22124909510294416, -0.6766747375973792], [0.6678731593686595, 0.533899217022608, -0.5185528604275281]], "T": [0.1808620248833687, -0.051026886550426656, -0.030919915494005995], "aligned_model": [[-0.19588071361150025, -0.030125357591372443, 0.6309706523332146, -0.14744860492243447, -0.569947229634481, -0.3044784368504959, 0.4200672802481956, -0.1516579703510653, -0.0785067065719662, 0.7386006382231897, 0.5200997304869611, 0.20754596645520343], [0.31629490968100427, -0.28089379403259596, -0.6453126661437943, -0.6342710157938246, -0.10128488855144387, 0.5774933886992686, 0.13066508461037035, -0.4195776815018728, 0.19378148527539807, 0.4901249142142725, 0.009268350674034184, 0.02798576810866847], [-0.5295750834326014, -0.5927032646742417, 0.20200455606697357, -0.1633891423094014, 0.061851832385111466, 0.27838947966556604, -0.4843359587365703, 0.5838183717555522, 0.6436809043204322, -0.1281785899603645, 0.5604036540305365, 0.002381236637743811]], "inverted": false, "swapped": false, "error_lsq": 0.04942307829802903, "error_max": 0.2683996130478103, "target": "55.xyz", "model": "1.xyz", "model_rescale": 4.316132596720782, "target_rescale": 3.860033006736531},
{"mapping": [7, 10, 1, 8, 6, 3, 9, 2, 4, 5, 0, 11], "R": [[0.12228543354463522, -0.6544981226465297, 0.7461088929874573], [-0.8812845674017727, 0.27415733778510415, 0.38493540418887806], [-0.45649072718103606, -0.7046062457789831, -0.5432736459713249]], "T": [0.1256413926065078, -0.04013950777353793, -0.0032874735495809562], "aligned_model": [[0.08492162294964473, -0.21702818702433124, 0.44081141528173945, -0.2002749252181093, -0.676600446164562, -0.22159436522336323, 0.7051503133467936, 0.12243869874855068, -0.12471223620489241, 0.46374105853595815, 0.6307050066914819, 0.03168129249453866], [0.5385713632417054, -0.2872471785473462, -0.4799498838655542, -0.7335425836522586, -0.05499708519860459, 0.5156992503971967, 0.010936999706380998, -0.5710947214135671, 0.21889902037139297, 0.5033838377572584, 0.01372172141709866, -0.010106884974217765], [-0.6843871343244394, -0.47099588359761135, -0.04608879705132022, -0.0006713790436551417, 0.17638792130954037, -0.04185705014360384, -0.4631919271028114, 0.6438614317307456, 0.6782929198114771, 0.07437120708821415, 0.49261954626758503, 0.07600714080461526]], "inverted": false, "swapped": false, "error_lsq": 0.04718144193458754, "error_max": 0.25068444835049203, "target": "55.xyz", "model": "2.xyz", "model_rescale": 3.795458400668931, "target_rescale": 3.860033006736531},
{"mapping": [2, 6, 8, 3, 5, 10, 1, 9, 4, 0, 7, 11], "R": [[0.2747008064913459, -0.8185317273481343, -0.5045248043827814], [-0.5338208219678873, 0.3065909390234156, -0.788059214870475], [0.7997342039368666, 0.48580634766666025, -0.3527285012871043]], "T": [0.10783043040740979, 0.04145737099122963, 0.0134287333998886], "aligned_model": [[-0.05631451431733629, 0.0020886648567551153, 0.38497937326348675, -0.26182953703338513, -0.5267509687129901, -0.4052254999349725, 0.6147587537974054, -0.03332714214910233, -0.052351311448556245, 0.5514921196879887, 0.6371584779384556, 0.18456083226570008], [0.35214656007771056, -0.3185640288227671, -0.6656398731336325, -0.6613601108508618, -0.12640212456142852, 0.5661440636494852, 0.061468925503509436, -0.6063942423284951, 0.4001963307765551, 0.6708808569340674, -0.12387185302535815, 0.11566935102069956], [-0.6679331207723812, -0.4409935012179881, -0.17032351245337826, -0.06700211407035239, 0.26433559498885933, -0.008667019314528825, -0.3592535100604909, 0.5746038127078137, 0.5199886031406014, 0.15198675368023942, 0.5385766767444435, 0.0990293323758985]], "inverted": false, "swapped": false, "error_lsq": 0.050841659299432164, "error_max": 0.3084424179623203, "target": "55.xyz", "model": "3.xyz", "model_rescale": 3.7530521520055578, "target_rescale": 3.860033006736531},
{"mapping": [4, 8, 7, 10, 3, 9, 1, 5, 0, 6, 11], "R": [[-0.6826961113020232, 0.7240961286377523, -0.0980347698774016], [-0.7266236884250357, -0.6869035171351706, -0.013474923633524717], [-0.07709756826704882, 0.06203510811751807, 0.9950917597529162]], "T": [-0.07473727850403242, -0.09253336002557949, 0.043881369204138286], "aligned_model": [[-0.4444916209912776, -0.2272347944882728, 0.3872373789958894, 0.4446223609914506, 0.29514465451659233, -0.03497920156779693, -0.06963110383586693, -0.745570053982609, -0.4752817777150472, 0.19464721256101133, 0.013736547961131967], [-0.6372982165957433, 0.03629396016090808, -0.4619124167251659, 0.2990910640545261, -0.6317826291867663, 0.775737532133538, -0.39305984623892964, 0.13033656712580005, 0.08578109483712335, 0.24947591391648727, 0.014540334832568308], [-0.0354602338652528, -0.6386351986585527, -0.5536555936183407, -0.3966697088322859, 0.1349806988561199, -0.0036290386442027756, 0.562718918763773, -0.03762247207539047, 0.6760722919814124, 0.4679360251730631, -0.08320491183502646]], "inverted": true, "swapped": true, "error_lsq": 0.04490888940001338, "error_max": 0.22270757986039144, "target": "55.xyz", "model": "4.xyz", "model_rescale": 3.7855080009869324, "target_rescale": 3.860033006736531},
{"mapping": [2, 3, 15, 10, 5, 1, 14, 8, 6, 12, 13, 16], "R": [[-0.6659372907098877, 0.23421635599517776, -0.7082868228523774], [0.5439144450871531, 0.8022391825279068, -0.2461084526026899], [0.5105728168121656, -0.5491402303613316, -0.6616346470154015]], "T": [0.016256782709851356, 0.015004105216211289, 0.09538722196621105], "aligned_model": [[0.044567621055430814, -0.3042944006402845, 0.5531933153175718, -0.2060914229123243, -0.752968883927666, -0.1582039310507432, 0.5465502209518318, 0.24073866529538607, -0.06337803886433226, 0.4869070004125257, 0.6045542527338974, 0.0476648498421555], [0.2655813344234227, -0.13271469294068824, -0.6062835630404341, -0.6759237996607586, -0.17043195551429643, 0.7465996196356725, 0.030411461368509238, -0.49844962502906587, 0.14492217201659122, 0.5044273449420179, 0.04524171986625522, 0.010893839172259013], [-0.5990155690806703, -0.5028123274511629, 0.024543027360901207, 0.031011917747868184, -0.07493184856355098, 0.009158447042535448, -0.3244328362334473, 0.5211606655388282, 0.7300971235580034, 0.05045919059520834, 0.517121038844797, 0.051989166389425495]], "inverted": true, "swapped": false, "error_lsq": 0.045789883827987626, "error_max": 0.2706161821285047, "target": "55.xyz", "model": "5.xyz", "model_rescale": 4.2253639853439635, "target_rescale": 3.860033006736531},
{"mapping": [12, 11, 8, 5, 6, 7, 9, 10, 4, 0, 1, 13], "R": [[0.12450553114395913, 0.6347439124879289, -0.7626260802477696], [0.8268226411473528, -0.4912661619607488, -0.2739012197827376], [-0.5485095193346026, -0.5964542930282857, -0.5859859926034507]], "T": [0.0659585012708182, -0.043169584879676294, 0.10709881948354577], "aligned_model": [[-0.0684926141926675, -0.25079729425437886, 0.49067834400887383, -0.254898123193429, -0.5505083694413151, -0.2608016224240461, 0.596905893732343, 0.15369628457215334, 0.0812786341223688, 0.41649092274307525, 0.6610134375266823, 0.02467375501378915], [0.33261683938497755, -0.32251996662229143, -0.6057704789475643, -0.5884237263809841, 0.05168310017404664, 0.6261034506442196, 0.053536948648644396, -0.6625846460578858, 0.16669683803820218, 0.6780129327625812, -0.05900304305954613, -0.006074393344914976], [-0.736732458295396, -0.5464934991942698, -0.11416610041399555, 0.0849580389244542, -0.050030215311422654, -0.16620072590659757, -0.17810135635200058, 0.573081155796954, 0.7828448444571234, 0.1163425779491658, 0.5364759339154428, 0.132369800179278]], "inverted": false, "swapped": false, "error_lsq": 0.05288039034098386, "error_max": 0.2664494952512562, "target": "55.xyz", "model": "6.xyz", "model_rescale": 3.89814844738969, "target_rescale": 3.860033006736531},
{"mapping": [9, 5, 2, 1, 6, 8, 10, 0, 7, 11, 4, 12], "R": [[0.8284421298421304, 0.4356096961430555, 0.3520338479873625], [-0.28925526454272216, -0.20545962870227208, 0.9349426361589487], [0.47959882134650256, -0.8763735126073123, -0.044209014503449315]], "T": [0.0666861912593877, 0.00807715158320673, 0.17631142781531173], "aligned_model": [[-0.06735990644856908, -0.16203258046564983, 0.4970197279730455, -0.17252229258493945, -0.5745607653613509, -0.2646812288336451, 0.5544185958923434, -0.17989848468579617, 0.10047368405822779, 0.4276044794491709, 0.669319252494801, 0.2114587667258112], [0.3303902531740452, -0.3205801119154171, -0.534529710635255, -0.771797569363335, -0.03181984197139318, 0.5947703241382872, -0.05209571965623209, -0.4286095029041484, 0.21873674530048506, 0.7275335409347401, -0.04301735998777013, -0.024707191874522062], [-0.6459365805536817, -0.4887064145280453, 0.028194295876037556, -0.045885180888089405, -0.03484354266306244, 0.11570180405079745, -0.3690324912760107, 0.491765308517323, 0.7974037079566731, 0.08993514464440115, 0.3992879574717573, 0.09646398714063617]], "inverted": false, "swapped": false, "error_lsq": 0.04557658249112237, "error_max": 0.27712354879703166, "target": "55.xyz", "model": "7.xyz", "model_rescale": 3.7474275329858107, "target_rescale": 3.860033006736531},
{"mapping": [2, 3, 9, 5, 0, 1, 8, 10, 12, 13, 11, 14], "R": [[0.5843285876772801, -0.03998624252064409, 0.8105314318594657], [0.7203044045844474, 0.48560710053813433, -0.4953254572936783], [-0.3737936146583035, 0.8732621853235298, 0.31255637783390877]], "T": [0.0835912012776654, -0.03838606134969154, 0.07823624806528616], "aligned_model": [[-0.05999816869521307, -0.31810031235371683, 0.6751266600484717, 0.1188919135455847, -0.5730031961710125, -0.40748782157869223, 0.38796611958042504, -0.19088999545544205, 0.1639476679835436, 0.6592745462079628, 0.48695144452381106, 0.09656039057772704], [0.4527405317047947, -0.3041240946089361, -0.5165835213502711, -0.6668660485534487, -0.07482448621057101, 0.5241211614681945, -0.1376541788153326, -0.3500839277325069, 0.31007440954855997, 0.6304973238366243, -0.2186905087024248, 0.015667194654802152], [-0.5901695106436969, -0.4529527602365142, 0.03636226623641574, -0.2635066807856715, 0.12029901140326964, -0.006786323279073483, -0.5240195662026549, 0.7128762030166146, 0.5809894253593453, 0.24939562433234236, 0.5155813932573904, 0.056278913290969165]], "inverted": false, "swapped": false, "error_lsq": 0.057031767668698614, "error_max": 0.32305368100246395, "target": "55.xyz", "model": "8.xyz", "model_rescale": 4.019505241142653, "target_rescale": 3.860033006736531},
{"mapping": [10, 1, 7, 0, 2, 6, 9, 4, 5, 11, 8, 12], "R": [[-0.023865812919340867, 0.2316132461450679, -0.9725151552463558], [-0.4695748344051313, -0.8613990247689105, -0.19362643161656312], [-0.8825700526683946, 0.45204759078808754, 0.12931773967864268]], "T": [0.011289166500051614, 0.0028278906544975183, 0.03312537332440969], "aligned_model": [[-0.08725352956062236, -0.1009222794039978, 0.5031286062824379, -0.1220293099613184, -0.5734057681824346, -0.33055645781239196, 0.5971830857649025, 0.13912497014432829, -0.0733291233491893, 0.41343718200790036, 0.6523528534132974, 0.02150901887053737], [0.5101908116156444, -0.2239388730144414, -0.7529075099505852, -0.6310930108804106, -0.07395651644070625, 0.6430617676023523, 0.06045522068356644, -0.5216570515789194, 0.2727528691818459, 0.45054057122258573, -0.09156041970262352, 0.022385996501176446], [-0.722554427718767, -0.5932057918540403, 0.11400775597056852, 0.08804852420159726, 0.08011633416092952, -0.002985427188070544, -0.31436198994602044, 0.6625443307130097, 0.6418165677177227, 0.19149157323659272, 0.22355942378604787, 0.06587112266916653]], "inverted": true, "swapped": false, "error_lsq": 0.048984916331876065, "error_max": 0.2983409557156633, "target": "55.xyz", "model": "9.xyz", "model_rescale": 3.877068213659057, "target_rescale": 3.860033006736531},
{"mapping": [13, 3, 12, 5, 4, 2, 6, 0, 8, 10, 11, 15], "R": [[-0.6323031804996779, -0.7676750723505175, -0.10424812334819084], [0.6238783654792497, -0.424780500728162, -0.6560009994566105], [0.4593130446840496, -0.4798296671661308, 0.747525930981868]], "T": [0.026777626049452635, 0.07044959473342292, 0.032595251355366374], "aligned_model": [[-0.06455621572427434, -0.12637494764955942, 0.5124467882325158, -0.1584313311364172, -0.611433733423581, -0.3641536054230845, 0.4242331099192598, 0.21899215171621275, -0.08603934988097471, 0.6709537474160402, 0.5713352741877432, 0.0522673599795689], [0.49027690735346535, -0.3121975891749756, -0.49674212348552027, -0.6889534726906492, -0.029499823563281652, 0.6066624062509386, -0.01632187472221451, -0.4795158420832666, 0.231137553236972, 0.3669434858070971, -0.014438178215812461, 0.006922406526731942], [-0.6100879154451624, -0.4499881761932451, 0.007811478402594059, 0.032851391087768946, -0.16936279915687116, 0.034582956904951424, -0.43087473209035226, 0.575142604185993, 0.7787685862729129, 0.05101471597760327, 0.5234173271848026, 0.09107255861774094]], "inverted": true, "swapped": false, "error_lsq": 0.040954137781329204, "error_max": 0.23719855599471376, "target": "55.xyz", "model": "10.xyz", "model_rescale": 4.260839863003843, "target_rescale": 3.860033006736531},
{"mapping": [6, 5, 9, 4, 3, 0, 10, 2, 1, 7, 8, 11], "R": [[-0.5068168311394865, -0.15732805302997804, -0.8475757095407619], [-0.8581672945554457, -0.001177678816539962, 0.5133687832620837], [-0.08176548311553233, 0.9875456935263309, -0.134416922180513]], "T": [0.12024297580676332, -0.045753101021967287, 0.05613878783860271], "aligned_model": [[-0.034409469127747644, -0.3043842153013816, 0.6296937113183625, 0.033449992136206474, -0.5730951942302649, -0.27255979579497913, 0.5538462851658096, -0.08235528119878402, -0.1073811728888325, 0.39545418527406095, 0.6857472087032307, 0.11523299415776907], [0.4259989764412642, -0.18920781157954283, -0.659098829084663, -0.7290818475883362, -0.08198094180798754, 0.7308117411022202, -0.08672401847159461, -0.45277914459556073, 0.2577837775621443, 0.5490336313017011, -0.1092073058575371, 0.008725627817377228], [-0.6197220952868606, -0.4495522214134374, 0.05661534963273179, -0.19211845919120477, 0.20379648975236847, -0.05649911898522458, -0.3951298085410035, 0.5695984963382965, 0.6720229112021713, 0.06579086106281236, 0.4940793471883923, 0.08546624398969432]], "inverted": true, "swapped": false, "error_lsq": 0.0426071255570904, "error_max": 0.2598427904960011, "target": "55.xyz", "model": "11.xyz", "model_rescale": 3.890672605050136, "target_rescale": 3.860033006736531},
{"mapping": [5, 9, 10, 11, 6, 8, 12, 2, 0, 7, 4, 13], "R": [[0.5697332581923902, 0.19715225723523305, 0.7978314370695954], [0.1577542821012557, -0.9789813688620581, 0.1292635520929555], [0.8065467134569457, 0.05221558089328588, -0.588859857796213]], "T": [-0.06680784186576406, -0.020372354145929215, 0.1157140785140551], "aligned_model": [[0.07031442616472815, -0.22797698917806197, 0.5789526095067539, -0.13843028421115378, -0.6391439851058704, -0.30315236269804163, 0.5510692350713593, 0.22123585248033328, -0.15597754935301184, 0.5180343892036282, 0.47351110605975966, 0.09080280027302655], [0.3458972941784437, -0.2519847932777022, -0.6254297233960212, -0.5647235434402196, -0.030269879285297667, 0.6603127580084162, -0.046838050963142856, -0.5624719968282432, 0.2197269651815316, 0.5525125780955625, -0.07095086024390285, 0.03849310721006056], [-0.5566074295173135, -0.6096827783963251, -0.012502627893032997, 0.07946256321296843, 0.04944400926169018, 0.11601640634957322, -0.2998092438550849, 0.474493873399229, 0.6477813861663336, -0.12245936552376846, 0.5590585191679259, 0.10915268337654063]], "inverted": false, "swapped": false, "error_lsq": 0.04391523673118811, "error_max": 0.2727674070252781, "target": "55.xyz", "model": "12.xyz", "model_rescale": 4.124412569039231, "target_rescale": 3.860033006736531},
{"mapping": [4, 5, 3, 7, 10, 2, 0, 9, 8, 1, 6, 12], "R": [[-0.877281215273057, 0.07522772180873305, 0.4740447860703632], [0.3992029507927381, 0.662702865858371, 0.6336102237665306], [-0.26648578462537037, 0.7450944245225368, -0.6114079040526308]], "T": [0.11955792229182599, -0.11587079522397763, 0.02896109619247124], "aligned_model": [[-0.09341466325825643, -0.12256791648523921, 0.6977914639044827, -0.2551069981772806, -0.6112582851167561, -0.26428731851433723, 0.4764730628736814, 0.05563907197776177, 0.02754007200741064, 0.5416191771184404, 0.5736671615301621, 0.013144420353379468], [0.39033545851684776, -0.37980692945530864, -0.5305793526241702, -0.6142447227332559, -0.014644972504703105, 0.648189284918977, -0.10246711093891551, -0.47999115841590756, 0.25040592928541744, 0.574011338682365, -0.0197896763714992, -0.05714423312036245], [-0.533776997619667, -0.63846580940524, 0.07811554196355061, -0.03682112226281385, 0.012508859224400412, 0.13512388953986448, -0.42842202228157816, 0.5504704572627186, 0.6391005861536982, 0.12272269494029554, 0.5107972013387287, 0.022994716894778465]], "inverted": false, "swapped": false, "error_lsq": 0.03730898196296645, "error_max": 0.18897781927776383, "target": "55.xyz", "model": "13.xyz", "model_rescale": 3.9028299243045295, "target_rescale": 3.860033006736531},
{"mapping": [12, 13, 4, 10, 14, 11, 5, 7, 6, 2, 3, 15], "R": [[-0.04461924728952593, 0.8083300623415957, 0.5870363132602177], [-0.010240010596138716, -0.5879607392616971, 0.8088246480355491], [0.9989515828879332, 0.030077888916459128, 0.03451167402520555]], "T": [0.21439072743255405, 0.07161073133327711, 0.03631154897719085], "aligned_model": [[-0.030482340640676453, -0.17021861087747292, 0.5458755728607619, -0.11061583579649326, -0.6339301324422404, -0.42227233064506176, 0.3229583674418754, -0.046822812214998455, 0.1371751513570143, 0.6947846502153951, 0.608596072234203, 0.14419149672114265], [0.4207504403383444, -0.171700943845969, -0.5192865784753683, -0.5973233482852705, -0.12570211817096255, 0.4464537027723998, -0.15738689812416495, -0.540375376556263, 0.2983261275712093, 0.6279528248903528, -0.051973994860834, 0.03454001798601025], [-0.513578379180387, -0.6160123256444777, 0.054240307859262, -0.0111282342422162, -0.12011738346421966, 0.03940760774176933, -0.4085198650448307, 0.6510215995637898, 0.6584418779029207, 0.07938037117641467, 0.5032359612962414, 0.11797645778446975]], "inverted": true, "swapped": false, "error_lsq": 0.040729982461685466, "error_max": 0.23198230168763653, "target": "55.xyz", "model": "14.xyz", "model_rescale": 3.942246331269136, "target_rescale": 3.860033006736531},
{"mapping": [9, 10, 3, 4, 11, 7, 5, 13, 8, 2, 1, 14], "R": [[0.11011688965468219, 0.6086219320683021, 0.7857821672818911], [0.5196363590836935, -0.7091883283539504, 0.47647661983015754], [0.8472616626113928, 0.35585286107038233, -0.39435569773619594]], "T": [0.05876786101124134, -0.05913234715033204, 0.06543225685893034], "aligned_model": [[-0.058927344391607885, -0.2771084611498204, 0.5855908147330776, -0.05818392484087311, -0.6186588543909141, -0.09005538694525392, 0.6119114489736487, -0.16557154564810397, -0.3336050651480717, 0.4975056022137595, 0.8235163303870291, 0.122825634420579], [0.3847654942899685, -0.30293963227519716, -0.5439677673254866, -0.6151761932621372, -0.24583120778255385, 0.7817762025939803, 0.06108326947681143, -0.6280901958366785, 0.34441045782524643, 0.5576636414415685, -0.12023029664892325, -0.009189917257113989], [-0.5958277911722394, -0.5148656149058757, 0.0026618715165736967, -0.07879498713400263, 0.20807728956118565, 0.024153206922719286, -0.22155194968237812, 0.6010521253694754, 0.5965043966454304, -0.03315689843179542, 0.3263311931064284, 0.11976515395321446]], "inverted": true, "swapped": false, "error_lsq": 0.054882255856414854, "error_max": 0.29770092802299375, "target": "55.xyz", "model": "15.xyz", "model_rescale": 4.355366556412066, "target_rescale": 3.860033006736531},
{"mapping": [7, 10, 1, 8, 6, 3, 9, 2, 4, 5, 0, 11], "R": [[0.12228543354463522, -0.6544981226465297, 0.7461088929874573], [-0.8812845674017727, 0.27415733778510415, 0.38493540418887806], [-0.45649072718103606, -0.7046062457789831, -0.5432736459713249]], "T": [0.1256413926065078, -0.04013950777353793, -0.0032874735495809562], "aligned_model": [[0.08492162294964473, -0.21702818702433124, 0.44081141528173945, -0.2002749252181093, -0.676600446164562, -0.22159436522336323, 0.7051503133467936, 0.12243869874855068, -0.12471223620489241, 0.46374105853595815, 0.6307050066914819, 0.03168129249453866], [0.5385713632417054, -0.2872471785473462, -0.4799498838655542, -0.7335425836522586, -0.05499708519860459, 0.5156992503971967, 0.010936999706380998, -0.5710947214135671, 0.21889902037139297, 0.5033838377572584, 0.01372172141709866, -0.010106884974217765], [-0.6843871343244394, -0.47099588359761135, -0.04608879705132022, -0.0006713790436551417, 0.17638792130954037, -0.04185705014360384, -0.4631919271028114, 0.6438614317307456, 0.6782929198114771, 0.07437120708821415, 0.49261954626758503, 0.07600714080461526]], "inverted": false, "swapped": false, "error_lsq": 0.04718144193458754, "error_max": 0.25068444835049203, "target": "55.xyz", "model": "16.xyz", "model_rescale": 3.795458400668931, "target_rescale": 3.860033006736531},
{"mapping": [9, 5, 2, 1, 6, 8, 10, 0, 7, 11, 4, 12], "R": [[0.8284421298421304, 0.4356096961430555, 0.3520338479873625], [-0.28925526454272216, -0.20545962870227208, 0.9349426361589487], [0.47959882134650256, -0.8763735126073123, -0.044209014503449315]], "T": [0.0666861912593877, 0.00807715158320673, 0.17631142781531173], "aligned_model": [[-0.06735990644856908, -0.16203258046564983, 0.4970197279730455, -0.17252229258493945, -0.5745607653613509, -0.2646812288336451, 0.5544185958923434, -0.17989848468579617, 0.10047368405822779, 0.4276044794491709, 0.669319252494801, 0.2114587667258112], [0.3303902531740452, -0.3205801119154171, -0.534529710635255, -0.771797569363335, -0.03181984197139318, 0.5947703241382872, -0.05209571965623209, -0.4286095029041484, 0.21873674530048506, 0.7275335409347401, -0.04301735998777013, -0.024707191874522062], [-0.6459365805536817, -0.4887064145280453, 0.028194295876037556, -0.045885180888089405, -0.03484354266306244, 0.11570180405079745, -0.3690324912760107, 0.491765308517323, 0.7974037079566731, 0.08993514464440115, 0.3992879574717573, 0.09646398714063617]], "inverted": false, "swapped": false, "error_lsq": 0.04557658249112237, "error_max": 0.27712354879703166, "target": "55.xyz", "model": "17.xyz", "model_rescale": 3.7474275329858107, "target_rescale": 3.860033006736531},
{"mapping": [12, 5, 6, 4, 8, 11, 9, 0, 1, 7, 2, 13], "R": [[-0.8005061589102237, -0.4895035948930408, -0.3457978023839793], [0.4655677935994866, -0.8712376856637501, 0.1555362486437759], [-0.37740762990393506, -0.036484594914325985, 0.9253282418818914]], "T": [-0.01738910584790085, 0.07082363788788684, 0.05128192145273774], "aligned_model": [[0.1444321910348514, -0.25865174079469333, 0.49849290122880574, -0.06912300799478231, -0.6023752399116781, -0.21504760786311578, 0.4576710943499215, -0.008741784581492024, 0.021473856993070473, 0.4857852071653047, 0.5455990962835026, 0.03972428230375437], [0.3862714590726102, -0.1572672878017963, -0.5019690521471234, -0.7296713437842985, -0.34169644922890285, 0.7634570556279624, -0.15019113078681812, -0.5052752499274215, 0.34339110673084616, 0.6288622196133222, -0.08134810477151858, 0.0097106326426225], [-0.6071582529735308, -0.5913585746777567, 0.023477237003937328, -0.16262742782145906, 0.11816130465094371, 0.10538115450513305, -0.3648844444056131, 0.6572338057420346, 0.6858802683284921, -0.0018954615766137925, 0.4559061530634164, 0.1162322339097521]], "inverted": true, "swapped": false, "error_lsq": 0.04668001933749196, "error_max": 0.2592975910564061, "target": "55.xyz", "model": "18.xyz", "model_rescale": 3.922800546911778, "target_rescale": 3.860033006736531},
{"mapping": [7, 9, 0, 2, 10, 13, 3, 1, 8, 12, 5, 14], "R": [[0.6902060375882284, -0.7228530206211357, 0.033153223910457], [0.16550640243477813, 0.11309799953480879, -0.9797022370364995], [0.7044311580487153, 0.6816834698598201, 0.19769772505019234]], "T": [-0.02625895902117481, 0.029772802081130124, 0.1598318998323164], "aligned_model": [[0.08031737776323972, -0.23608152887330477, 0.6076098860765801, -0.16260321617701518, -0.7528506226050227, -0.18621927368631502, 0.4213830114495789, 0.033922716144267034, 0.02056527725181148, 0.5633203289338526, 0.6643584518180309, -0.014483159882253734], [0.3794351022006938, -0.30005501478667534, -0.5020319809243832, -0.6025510545558468, -0.2702830877015737, 0.695483588160868, -0.07810199956767147, -0.5613833072594206, 0.31172763419524196, 0.5221129094204094, 0.012802481540503265, 0.05711858451733937], [-0.5505122275956272, -0.5542628321996801, 0.04220284022638697, -0.14791108815627765, -0.020810466960393986, 0.10455447361227665, -0.28416014629846476, 0.6013017677728923, 0.7008491061821452, -0.009317520758186176, 0.48432122207915884, 0.06809286784450644]], "inverted": true, "swapped": false, "error_lsq": 0.03955239369407552, "error_max": 0.21011947168154757, "target": "55.xyz", "model": "19.xyz", "model_rescale": 3.9282355846067225, "target_rescale": 3.860033006736531},
{"mapping": [7, 2, 3, 1, 10, 12, 6, 0, 11, 8, 4, 13], "R": [[0.4595543989524609, -0.667941310174845, 0.5853752305704044], [-0.34363095323062504, -0.741483877371802, -0.5762980371123007], [0.8189795616407375, 0.06368724958412131, -0.5702774867160332]], "T": [0.16922101318097438, 0.06877492162210679, -0.04036326514070966], "aligned_model": [[-0.01568776398376051, -0.4072345908299779, 0.5566494903943573, -0.06986487288388152, -0.6618032986741619, -0.4029279477708092, 0.6973705982267517, 0.05987346409209565, -0.017127568831599105, 0.6581061541169959, 0.5643479702708329, 0.07753761408660621], [0.3318624240526182, -0.31767249222474564, -0.5697919205194117, -0.6413839206857336, -0.013530522425106065, 0.690065802016392, 0.05272738303454337, -0.4695626958556241, 0.11687016635023394, 0.5779467741439196, -0.036456129680466104, -0.05680101296713562], [-0.5739281502033801, -0.4842929254421198, 0.05175965439121359, -0.04399012096682221, 0.17143559221539995, -0.13751033760433967, -0.424608689808744, 0.5413864330229372, 0.649799197430531, 0.2431097012946407, 0.4414758766509017, -0.00028823523148196334]], "inverted": true, "swapped": false, "error_lsq": 0.04617062266349565, "error_max": 0.24683925185606015, "target": "55.xyz", "model": "20.xyz", "model_rescale": 4.067790424073018, "target_rescale": 3.860033006736531},
{"mapping": [5, 4, 0, 2, 6, 13, 8, 3, 11, 9, 12, 14], "R": [[0.7493720648270079, 0.4648857436362725, -0.47151113859659477], [0.08918914232846237, 0.6347356696739932, 0.7675649331061322], [0.6561149330320265, -0.6172453928602933, 0.4341904186473052]], "T": [0.131579482228511, 0.047575933380301166, -0.013216770398672167], "aligned_model": [[-0.10939297493471303, -0.2632606729585734, 0.5699245614989794, -0.052693163798424564, -0.567781714025157, -0.16732163242084236, 0.3271014836182107, -0.0012492845997015278, -0.11586906219449156, 0.7570606922337374, 0.5060939663972669, 0.15662704939715888], [0.30751450988781615, -0.3107036034458389, -0.5100850535904528, -0.6713232748511235, -0.17955463015323594, 0.6778488841026565, -0.0063265075683443805, -0.4908685325010256, 0.22165151309855097, 0.4549341881597886, 0.06397395806424847, 0.10721240403644502], [-0.4852658485567075, -0.6117228439516182, -0.04962891962294089, -0.06752562666903125, 0.06962360006735224, 0.04626126190156016, -0.5461647702611332, 0.6319026701047816, 0.5581842834924111, 0.203306687134914, 0.6549777168817625, 0.030399785227385887]], "inverted": false, "swapped": false, "error_lsq": 0.04513939987117855, "error_max": 0.23704875727839983, "target": "55.xyz", "model": "21.xyz", "model_rescale": 4.186013935880536, "target_rescale": 3.860033006736531},
{"mapping": [2, 8, 3, 11, 9, 1, 5, 4, 7, 0, 6, 12], "R": [[-0.46020183386564606, 0.8708128507572445, 0.17291399903633303], [0.40381485463377687, 0.03185933766189536, 0.9142858118667525], [0.7906629087568213, 0.49058124868342246, -0.3663088903595107]], "T": [0.005005306950159161, -0.038142394292311844, 0.06599931952789391], "aligned_model": [[0.06085298459877099, -0.4050550334522503, 0.773245735426416, -0.08517830619275865, -0.6130372946844171, -0.1684848875728353, 0.5728033836172504, 0.08379209488472465, -0.1050458456452581, 0.441886582148639, 0.45126540026828704, 0.03219443481688084], [0.2808490231328097, -0.2020986960137706, -0.5489707183503434, -0.6388060318007764, 0.0004957370737396008, 0.6654250846277705, -0.08100714833410536, -0.49804514056422905, 0.24049596406512494, 0.5364867920781236, -0.0169514681429152, -0.0735995425319434], [-0.6009524893573955, -0.560608196432853, 0.10063632475738409, -0.10730991048438047, 0.021488673524539453, 0.16608523733234254, -0.457743683393333, 0.6226843784139465, 0.735755356413823, 0.039082957244464464, 0.3980470913587271, 0.07718225637147126]], "inverted": true, "swapped": false, "error_lsq": 0.04792335113198635, "error_max": 0.2371894881722348, "target": "55.xyz", "model": "22.xyz", "model_rescale": 4.166573947596378, "target_rescale": 3.860033006736531},
{"mapping": [11, 3, 8, 4, 2, 12, 9, 0, 5, 14, 7, 15], "R": [[-0.30712746652184914, -0.20609126446514514, 0.9290850929915022], [0.6028794877155501, 0.7132491930985123, 0.3575079185642708], [-0.7363484518892578, 0.669926846197015, -0.09481022173170262]], "T": [0.08462414583682976, 0.054063097747864705, 0.050151921820277966], "aligned_model": [[-0.15248839979672518, -0.09953432651564298, 0.5194844091886263, -0.14042222270137705, -0.5633817566911434, -0.10858332478545984, 0.46272095278828573, 0.038072179521463106, 0.04352884212066027, 0.519600968653986, 0.4731420436757875, 0.04709988275498883], [0.3214324912034529, -0.2525115739812598, -0.6130184049009115, -0.6443389834156048, -0.10004142285941021, 0.6517221424515521, 0.0750224781565166, -0.5556398166722742, 0.17411215019967352, 0.7138603088340557, -0.14953417997154445, 0.04320866619523845], [-0.6529729430314567, -0.4330915775990598, -0.0911914911944193, 0.01217589781967928, -0.04550050212392016, -0.13654541294599515, -0.4157372014999526, 0.591309046339374, 0.8717122557089366, 0.012197118764240865, 0.6149453700951838, 0.10704743541612508]], "inverted": false, "swapped": false, "error_lsq": 0.04376606903695521, "error_max": 0.24816082021797045, "target": "55.xyz", "model": "23.xyz", "model_rescale": 4.274766983524099, "target_rescale": 3.860033006736531},
{"mapping": [4, 1, 0, 5, 6, 9, 8, 10, 7, 2, 11], "R": [[-0.3612506492116394, -0.8476440223780182, 0.3885840704030249], [0.3061345858755036, -0.5014393651521643, -0.8092219586779812], [0.880783505621559, -0.1733729344580876, 0.4406384479620323]], "T": [-0.011673881434757678, 0.10116784699662183, -0.07431172564350622], "aligned_model": [[0.32453568714464565, 0.054898921496765694, -0.5525073028206232, -0.4411271803890749, -0.34311030017421296, -0.7072852546481908, 0.06540891521093489, 0.029478328125340562, 0.7019110878373211, 0.26740290468379935, -0.01971110250863046], [-0.07686184362543465, 0.5898030332056252, 0.42375781185694505, -0.32909795805168945, 0.5531251373197674, -0.035491384916168836, -0.578033655511223, -0.07381777494542831, -0.13595859993570686, 0.5569170822924576, 0.02124468355433891], [-0.6174973918501664, -0.415395823010804, -0.516275783443053, -0.4441382988524263, 0.16073126360441797, 0.4308430600365871, 0.12170969580636418, 0.690460073518756, 0.3018257936679486, 0.5713481101396947, 0.0959557344042585]], "inverted": false, "swapped": true, "error_lsq": 0.044380097953139935, "error_max": 0.20661273543235456, "target": "55.xyz", "model": "24.xyz", "model_rescale": 3.7841303162186577, "target_rescale": 3.860033006736531},
{"mapping": [8, 0, 6, 7, 10, 9, 4, 11, 13, 5, 3, 15], "R": [[-0.21705354924247255, 0.8821021755343392, -0.4180711765702483], [0.9394257116814224, 0.07237448582090256, -0.3350242767830615], [-0.26526795696634564, -0.46546502094115105, -0.8443786030491034]], "T": [-0.0007421919574251007, 0.04883360290657447, -0.03333966580941537], "aligned_model": [[-0.05061459318321067, -0.25198420218419276, 0.5040811025899229, -0.2421727939857906, -0.7495241789816616, -0.299252282233396, 0.7030853238852672, -0.02277928777463241, 0.07126032625024044, 0.662583834028624, 0.6629254780899657, 0.05163052171231301], [0.2428409495913338, -0.36304139207038155, -0.4628000689346188, -0.5536350566234254, -0.10837152642686844, 0.5513891624384728, 0.09121352255705738, -0.46018925640223873, 0.1324268846860776, 0.5959455325160506, -0.008695642545554091, 0.007190746453579477], [-0.5895156061980455, -0.5888271905672074, 0.04021901392104786, -0.07268860211785276, 0.10761134871864865, -0.011652247495194286, -0.27733784861305577, 0.5409752863481178, 0.7411458394675576, 0.13988234541385353, 0.4196917870553142, -0.015156130184447936]], "inverted": true, "swapped": false, "error_lsq": 0.045389664864375144, "error_max": 0.27489926989036645, "target": "55.xyz", "model": "25.xyz", "model_rescale": 4.19342608120988, "target_rescale": 3.860033006736531},
{"mapping": [7, 10, 1, 8, 6, 3, 9, 2, 4, 5, 0, 11], "R": [[0.12228543354463522, -0.6544981226465297, 0.7461088929874573], [-0.8812845674017727, 0.27415733778510415, 0.38493540418887806], [-0.45649072718103606, -0.7046062457789831, -0.5432736459713249]], "T": [0.1256413926065078, -0.04013950777353793, -0.0032874735495809562], "aligned_model": [[0.08492162294964473, -0.21702818702433124, 0.44081141528173945, -0.2002749252181093, -0.676600446164562, -0.22159436522336323, 0.7051503133467936, 0.12243869874855068, -0.12471223620489241, 0.46374105853595815, 0.6307050066914819, 0.03168129249453866], [0.5385713632417054, -0.2872471785473462, -0.4799498838655542, -0.7335425836522586, -0.05499708519860459, 0.5156992503971967, 0.010936999706380998, -0.5710947214135671, 0.21889902037139297, 0.5033838377572584, 0.01372172141709866, -0.010106884974217765], [-0.6843871343244394, -0.47099588359761135, -0.04608879705132022, -0.0006713790436551417, 0.17638792130954037, -0.04185705014360384, -0.4631919271028114, 0.6438614317307456, 0.6782929198114771, 0.07437120708821415, 0.49261954626758503, 0.07600714080461526]], "inverted": false, "swapped": false, "error_lsq": 0.04718144193458754, "error_max": 0.25068444835049203, "target": "55.xyz", "model": "26.xyz", "model_rescale": 3.795458400668931, "target_rescale": 3.860033006736531},
{"mapping": [4, 10, 8, 5, 7, 3, 11, 6, 0, 9, 1, 12], "R": [[-0.7619426615795759, -0.3127912708817924, -0.5671022847116604], [-0.5398041669168133, -0.17710411114617447, 0.8229493272336812], [-0.35784751199956266, 0.9331643770929516, -0.033902853573795966]], "T": [0.23772370662994485, 0.05108148136236375, 0.05427980647867245], "aligned_model": [[0.0641712663373876, -0.2197412003583018, 0.5900599941654149, -0.12866193308326357, -0.5634872796437727, -0.28519037576313094, 0.5428263956032704, 0.1487809589775398, -0.20017318637417952, 0.43858475867196045, 0.5681130793450565, 0.08395677033546775], [0.4224513702743054, -0.10875405458765867, -0.5865389263165677, -0.6057255424160052, -0.08085356653331759, 0.5717858821536228, -0.07342913651825407, -0.5842368713541761, 0.3337908250483424, 0.43008491172427216, -0.05209018511120776, -0.0022108511238706496], [-0.674299042181248, -0.4680849021598762, 0.047133737402040646, 0.019257464929620702, 0.08364300181700299, 0.07673750626027227, -0.5805304383579771, 0.5735550109872727, 0.7020412827821738, 0.034644948142310755, 0.5344377390229658, 0.08581168710417805]], "inverted": true, "swapped": false, "error_lsq": 0.042486805837545875, "error_max": 0.25904651083785957, "target": "55.xyz", "model": "27.xyz", "model_rescale": 3.6321398670334006, "target_rescale": 3.860033006736531},
{"mapping": [7, 3, 10, 0, 1, 4, 8, 11, 13, 12, 9, 14], "R": [[0.34764766881729897, 0.9008461082655719, -0.2600334355206486], [0.9335989092608081, -0.30690289362212986, 0.1849423978253586], [0.08679962553448688, -0.3070617252428856, -0.9477230196095986]], "T": [0.0705268671338064, -0.05794785681158034, 0.042223454937168885], "aligned_model": [[0.09082443484093727, -0.27149311058455267, 0.6195512581998407, -0.005988511747313713, -0.5874710228378598, -0.4089865164183253, 0.42802900059468446, 0.07896627808487547, -0.09510488011253404, 0.6260670218736126, 0.5394304231252544, 0.0254148731948296], [0.4055729089470862, -0.18131244100420635, -0.6049515559082329, -0.6555093242610194, 0.04536392767946183, 0.6144218430119365, -0.07227504347302768, -0.4724257568286349, 0.10376827726804726, 0.527156438046661, 0.0018214841000306209, -0.047356902338617585], [-0.578762770722894, -0.5403257654474838, 0.10571206955235407, -0.12049527058081838, 0.10249490858162807, -0.02450850226964075, -0.33062580694737825, 0.532797285424451, 0.8250972303291629, -0.13815900393858133, 0.5145890361195785, 0.08653458564835825]], "inverted": false, "swapped": false, "error_lsq": 0.0441439354817526, "error_max": 0.2127265079203294, "target": "55.xyz", "model": "28.xyz", "model_rescale": 4.156811204709835, "target_rescale": 3.860033006736531},
{"mapping": [1, 6, 3, 7, 9, 0, 4, 5, 8, 11], "R": [[-0.4897088321947243, 0.4548661227783929, -0.7438293285553023], [0.8359686511040472, 0.0026145917640933436, -0.5487709706983301], [-0.24767251369855267, -0.8905559916470493, -0.381534207771441]], "T": [-0.10634121771021975, -0.017902122055925007, -0.04519907032925984], "aligned_model": [[-0.4684335390680713, -0.17554377036297147, 0.0758977517072038, 0.6170889263608512, 0.0013493243707652786, -0.8180895317383096, -0.35430828873298553, -0.5336301623362089, 0.2483643107021074, 0.050230353208206915], [-0.15634528441874015, -0.6213029105485554, 0.060536651566581445, 0.33119346352629825, -0.5319362339939967, -0.3047975779679986, 0.5488155422251736, 0.24320671450671816, 0.3996895393366432, -0.05033957360592009], [-0.502645555043261, -0.0670895680506633, -0.6749115629378002, -0.29357981116049553, 0.6489939609068042, 0.009597264934536005, -0.2842085542412453, 0.46034699730195183, 0.40810218564075124, 0.05418136962452159]], "inverted": true, "swapped": true, "error_lsq": 0.056140304774060276, "error_max": 0.32665166271904733, "target": "55.xyz", "model": "29.xyz", "model_rescale": 4.117894457231895, "target_rescale": 3.860033006736531},
