[{"mapping": [1, 11, 4, 12, 0, 2, 7, 8, 6, 3, 5, 13], "R": [[0.5959926858305431, -0.7798235162896621, -0.19148890797673612], [-0.7675016514422777, -0.6233287359158364, 0.1496746538828203], [-0.23608035384138187, 0.0577630541366443, -0.9700152040596761]], "T": [0.11762737412357328, -0.02278096931525376, -0.08740298708832633], "aligned_model": [[0.6424671941257893, -0.23208443778152188, -0.6334142443512848, 0.5212940120712138, 0.6967319286001028, 0.09484361660732217, -0.38936195280454766, -0.6449595896439179, -0.4439966939772352, 0.12770367769475954, -0.04064679284292201, 0.013526002055461159], [-0.040447222916249644, -0.6240173451987535, 0.43866947581899945, -0.36346900143988603, 0.33966784163192953, 0.7005589480825486, -0.12355070704976961, -0.19128220103885138, 0.39993562393326876, 0.4231255315852092, -0.2628989755654951, -0.08574226669547302], [0.15191934836475787, -0.03014646106891867, -0.45673238019852225, -0.3242673325451717, -0.44612461873066256, -0.3472462277202209, -0.6389478762980414, -0.1128507614941513, 0.21332175766992406, 0.18511520745798105, 0.6123783298865331, -0.19574799906919838]], "inverted": false, "swapped": false, "error_lsq": 0.04893823957403273, "error_max": 0.25079389582259776, "target": "550.xyz", "model": "0.xyz", "model_rescale": 3.8414455957264533, "target_rescale": 3.5137535829893642},
{"mapping": [11, 10, 2, 1, 0, 7, 4, 6, 9, 13, 8, 14], "R": [[-0.7304620685835114, 0.6481932771436956, -0.21510611759411702], [-0.306914182586826, -0.03018804444215828, 0.9512583069281545], [0.6101056063402125, 0.7608772288868125, 0.2209909312025432]], "T": [-0.06360815643234441, 0.002485128881712352, -0.14738315490445988], "aligned_model": [[0.7206460811766079, -0.23554093841480686, -0.652100668891367, 0.5627774832927909, 0.47082178259971863, -0.1050741415523366, -0.046909541563024265, -0.8157860556323677, -0.3314446331301486, 0.3412455143173656, -0.17935949118797212, -0.017172671261239864], [-0.22569343169072154, -0.6321488683518918, 0.1705519293954621, -0.4271515284306773, 0.4055364799048693, 0.6194390770308991, 0.11624189404563431, -0.15226505964133227, 0.5307333840421714, 0.3696999419246575, -0.09410229558410321, -0.07029182149749047], [0.0958147838562684, 0.04251183830352043, -0.5597359661755476, -0.5615706296164691, -0.42568446322290876, -0.32232142995106317, -0.6789824301946706, -0.004877151905412436, 0.19133071056827003, 0.3780631192298708, 0.6282294387516272, -0.17210683338917657]], "inverted": false, "swapped": false, "error_lsq": 0.05712678146271661, "error_max": 0.321402336482946, "target": "550.xyz", "model": "1.xyz", "model_rescale": 4.316132596720782, "target_rescale": 3.5137535829893642},
{"mapping": [2, 4, 7, 6, 8, 10, 3, 5, 9, 1, 0, 11], "R": [[0.5319904546416022, -0.22334644519866143, -0.8167634428568307], [0.8347783661779857, 0.2999681152705322, 0.46169709678777293], [0.14188458524954303, -0.9274349008087666, 0.34602495463535454]], "T": [-0.04340893800007955, 0.0997278056161176, -0.09415371886318712], "aligned_model": [[0.6380812635177842, 0.08169730132447056, -0.7599019200427689, 0.3529268554323303, 0.6728519556255804, 0.13414703537930908, -0.388359224005886, -0.6091937559262084, -0.48203881806378845, 0.18717534487140605, -0.11233112251603311, -0.0029521958429757703], [-0.19420220099070662, -0.6608931687146156, 0.3885782169691391, -0.24546070053470181, 0.34583049559825263, 0.52593269636347, -0.21905760763491305, -0.13971835506497596, 0.6082569783802912, 0.4239094573789982, -0.2176897513336964, -0.0049363592690642305], [0.2930176362191018, -0.10572495159690738, -0.5454456048134241, -0.7264976103219236, -0.21008436217641974, -0.5231747743017575, -0.5528498811776255, 0.10158324202151577, 0.22041489685537802, 0.27508117731774084, 0.5370434655475212, -0.1526922473188915]], "inverted": false, "swapped": false, "error_lsq": 0.058069239768972415, "error_max": 0.3629814444040418, "target": "550.xyz", "model": "2.xyz", "model_rescale": 3.795458400668931, "target_rescale": 3.5137535829893642},
{"mapping": [5, 6, 1, 3, 9, 7, 8, 2, 0, 4, 10, 11], "R": [[0.6494036878265217, 0.6412475652877858, 0.4087498137611817], [0.5850546216759818, -0.07793765163294586, -0.8072402443594571], [-0.4857838407078686, 0.7633657592991898, -0.42577785010106367]], "T": [-0.0841437798460895, 0.06884360098231357, -0.07277676133355883], "aligned_model": [[0.5181552841931856, -0.16775198686720375, -0.6296983272935588, 0.39679995460050865, 0.6851368945941039, 0.06197119225703421, -0.029629932496521932, -0.6080084947132185, -0.5314182504383222, 0.18285230906140776, -0.0634919677293464, -0.10281395541484838], [-0.20308326250645242, -0.4307521925126172, 0.128735014717331, -0.43299564094215837, 0.18645044474667416, 0.7290300482350122, -0.09948724225493352, -0.42868266600212, 0.6369688431219245, 0.4373150232878123, -0.1137126653261693, 0.20076399658317393], [0.16621326757936333, -0.37395778241853517, -0.38108196122460714, -0.4651038252702706, -0.4586919295245744, -0.42789162501450273, -0.8338653926331734, 0.1836578026251522, 0.22620016315391323, 0.37877238635233723, 0.6380378753249473, -0.04161799269574108]], "inverted": false, "swapped": false, "error_lsq": 0.05386415162161703, "error_max": 0.30566476108559604, "target": "550.xyz", "model": "3.xyz", "model_rescale": 3.7530521520055578, "target_rescale": 3.5137535829893642},
{"mapping": [4, 5, 6, 2, 3, 8, 0, 9, 10, 7, 11], "R": [[0.5814603809715135, 0.6237357693135399, 0.5223576508861619], [0.8075271206319576, -0.36432981984386337, -0.46385744773194965], [-0.09901401317148362, 0.6915326980348688, -0.7155269056746174]], "T": [-0.05218619479117584, -0.051630961450174234, 0.15918793836041195], "aligned_model": [[-0.5355760342735448, -0.21301249048836604, 0.42743562516886136, 0.4686111425482632, 0.22308990499409556, -0.24420591620555915, -0.39990391991869756, -0.5724068720464252, -0.34496449127889584, 0.45851267877013313, 0.07061997517534066], [-0.6835270521259387, -0.0490412878109206, -0.22853818534521492, 0.429898332591264, -0.8039061042672604, 0.6536723492296985, -0.533027833134938, 0.08286921395334404, 0.21809879984264754, 0.4343808592239605, -0.05367573384229565], [-0.2378735026559457, -0.5673961940398784, -0.33834389287266203, -0.4504191231611339, 0.200939285514926, -0.07163044690146331, 0.41035710133852915, 0.07071760975024274, 0.7329471179746492, 0.22873876545361163, 0.11479405684444113]], "inverted": true, "swapped": true, "error_lsq": 0.055446311113551694, "error_max": 0.2713066694111491, "target": "550.xyz", "model": "4.xyz", "model_rescale": 3.7855080009869324, "target_rescale": 3.5137535829893642},
{"mapping": [6, 1, 9, 4, 7, 10, 3, 14, 15, 8, 13, 16], "R": [[0.8204089089065713, -0.5531345177161153, -0.14481514940671703], [-0.5215400541867241, -0.8277391086695283, 0.2069877770736328], [-0.23436124693651517, -0.09428771547733794, -0.9675663453450758]], "T": [-0.038850648079992854, -0.06605641784199712, -0.13702547639427104], "aligned_model": [[0.5312321553158356, 0.018491572593488548, -0.5995707015360919, 0.5615890531771744, 0.6163154127635443, 0.009596818725870877, -0.35029454464358756, -0.685891056671571, -0.4283581542900853, 0.16134325633340857, -0.029817980524450595, -0.09253311149031601], [-0.1637775021384717, -0.8022882066828535, 0.2853965362496048, -0.4031446017200965, 0.23605343261945277, 0.6191220566150502, 0.048579134873457955, -0.0993590457111326, 0.5544338974114738, 0.47009016061047915, -0.07059244021304523, -0.0639637207664416], [0.16551915671502265, -0.3036944951643962, -0.39968088174797417, -0.40692268888324107, -0.33915549110963017, -0.3802282213933619, -0.7471713562837834, 0.05772319024948963, 0.24059043689395215, 0.27258302084796254, 0.5873815047242703, -0.13627318859400156]], "inverted": true, "swapped": false, "error_lsq": 0.039902709093474605, "error_max": 0.2609722867372942, "target": "550.xyz", "model": "5.xyz", "model_rescale": 4.2253639853439635, "target_rescale": 3.5137535829893642},
{"mapping": [7, 9, 10, 0, 3, 2, 1, 8, 5, 6, 11, 13], "R": [[-0.718073595520322, 0.6920110831749129, -0.07410109432120955], [0.6640777433418332, 0.6494164125296765, -0.37048491728423094], [-0.20825720207122556, -0.31524432413632597, -0.9258779368174274]], "T": [-0.03233176122291938, 0.011042638825561148, -0.13900753494261783], "aligned_model": [[0.7184599415120294, -0.15275709018985345, -0.6451838463885774, 0.48371717628893995, 0.5840867107634498, -0.047932988167990416, -0.29913527512918664, -0.7133610575085313, -0.3994328876614273, 0.30866679058151664, -0.14273139063607138, 0.017706636288922113], [-0.10287493585433091, -0.5862343911144685, 0.3972453108104754, -0.49561550358957457, 0.3427106088835546, 0.6738469447377259, -0.2168228440360076, -0.25090585023113604, 0.42941347329504215, 0.3748754362091726, 0.0005627917358333803, 0.044348660301191035], [0.09061350353234235, -0.17580858295222931, -0.4284419700897799, -0.48549515397672494, -0.25317450796871577, -0.2420544457130747, -0.7836772089973224, -0.02304649717419903, 0.1625614858197502, 0.2672727271159795, 0.6312235235350335, -0.14930188687675083]], "inverted": true, "swapped": false, "error_lsq": 0.04617032065045267, "error_max": 0.24681847979342839, "target": "550.xyz", "model": "6.xyz", "model_rescale": 3.89814844738969, "target_rescale": 3.5137535829893642},
{"mapping": [10, 9, 3, 5, 2, 0, 6, 8, 7, 4, 11, 12], "R": [[-0.5031724102151577, -0.79902610101188, 0.32920330420580846], [-0.7000130845808121, 0.6002319520091992, 0.3869150878460067], [-0.5067535959555944, -0.03576162313121878, -0.8613488836105233]], "T": [-0.027956087706008638, 0.144674971654869, -0.11441999151775233], "aligned_model": [[0.5680845208670697, 0.05139988969107238, -0.7247639908011473, 0.32206036657304893, 0.6522180058188611, -0.05851981833100243, -0.3256720611124918, -0.5783702002859864, -0.41210455351877734, 0.2956326333617045, -0.19959273825504606, 0.12173066574591429], [-0.21918710215162898, -0.7445022793938239, 0.36748674674464876, -0.3365586085942591, 0.33216442370449784, 0.5695112074050215, -0.14017443770256996, -0.22765721004380132, 0.6038041854303651, 0.47299499165553394, -0.1826715864882699, 0.11533937058176291], [0.11195060557735463, -0.1462370326035879, -0.4567584143326747, -0.6128969990109269, -0.1757286563924494, -0.5262335641841136, -0.6507052366952852, 0.012465088215988393, 0.15558926909666948, 0.33612644609861425, 0.6058059871050394, -0.042706506620319856]], "inverted": true, "swapped": false, "error_lsq": 0.05333145634159269, "error_max": 0.27022600550137205, "target": "550.xyz", "model": "7.xyz", "model_rescale": 3.7474275329858107, "target_rescale": 3.5137535829893642},
{"mapping": [4, 12, 6, 1, 2, 3, 0, 7, 5, 8, 9, 14], "R": [[-0.9102892077535599, 0.0638161492912976, 0.4090245192369614], [0.16089990764610176, 0.9649032467993707, 0.20754022269311803], [-0.3814246687969624, 0.25473363226253404, -0.8886090246151362]], "T": [-0.0378086337863795, -0.13766521334787193, -0.10285187540892987], "aligned_model": [[0.6419184268167366, 0.003420190538130044, -0.6607158444238992, 0.3724329514952226, 0.6894916347566808, -0.06091526388829105, -0.22323218065141037, -0.6656450387244524, -0.37156815970546014, 0.2573155404749537, -0.29144276564394705, 0.02104322870895641], [-0.048224482817627465, -0.7494789330946936, 0.2895179800937374, -0.22672852513727199, 0.2242583218365843, 0.5302668010278853, -0.00890604491181654, -0.047119688145515815, 0.446725681294156, 0.35238819974162683, -0.004153743899935808, -0.14799586483965171], [0.2742387299521554, -0.1708722780373469, -0.41339852983392583, -0.7262068210447168, -0.3233857048016658, -0.36259683648014857, -0.7219257178854221, 0.14514124631883696, 0.14232831371663623, 0.26857737753491656, 0.6029702372873993, -0.10419903047240969]], "inverted": true, "swapped": false, "error_lsq": 0.05793100480963853, "error_max": 0.3702328445781613, "target": "550.xyz", "model": "8.xyz", "model_rescale": 4.019505241142653, "target_rescale": 3.5137535829893642},
{"mapping": [4, 11, 10, 5, 3, 2, 6, 9, 1, 0, 7, 12], "R": [[-0.6080233582727765, 0.6251223083210515, 0.48941771058478817], [0.6154694739704261, -0.018262718783511878, 0.7879491098498694], [0.5015026644049483, 0.7803131248043922, -0.3736395386635938]], "T": [-0.08195244176411605, 0.03457236677799817, -0.13601851956372318], "aligned_model": [[0.6154072747256703, -0.2252259153847604, -0.8940595205532694, 0.3881512439718035, 0.7365926863009827, 0.17137187692186162, -0.22819788760796345, -0.594182586663708, -0.5203010583138685, 0.2291691897567822, 0.09646905445668365, -0.06309163785699466], [-0.1254145664068817, -0.5430492866235755, 0.23561052231415408, -0.28757070851086386, 0.2502621159933354, 0.5052545380704547, 0.04658653567485645, -0.2938037259692062, 0.5008197304598081, 0.3845167530033942, -0.06616009919767941, 0.0034978923396808623], [0.2831333362958241, -0.3178851225212106, -0.5078323315946334, -0.49063251088794574, -0.2840813884609689, -0.3895086483781644, -0.8477275663535961, 0.1756375116608711, 0.08024333190166297, 0.3149674392201343, 0.7457993358125932, -0.15144240044025814]], "inverted": true, "swapped": false, "error_lsq": 0.04417224438358228, "error_max": 0.2159308172375213, "target": "550.xyz", "model": "9.xyz", "model_rescale": 3.877068213659057, "target_rescale": 3.5137535829893642},
{"mapping": [5, 8, 14, 0, 12, 6, 10, 2, 13, 3, 4, 15], "R": [[0.6779501853977279, -0.24214424218066488, -0.694081920307638], [0.6753912344829327, -0.16759603858708694, 0.7181631069844346], [-0.29022444160133587, -0.9556556565147657, 0.04992033321729314]], "T": [-0.05746615653289076, -0.014049414890281588, -0.10806276427771168], "aligned_model": [[0.6560699008382436, -0.16625018230070857, -0.7200141722200178, 0.5643979255924281, 0.5795338991086475, 0.05310627988067478, -0.23690179323106045, -0.6500064687647017, -0.5435934349985156, 0.24781842394313838, -0.08660126979039394, 0.014543611695485341], [-0.06713812690518581, -0.7516644347385425, 0.26173230325723335, -0.4337147299095552, 0.2023771685836044, 0.5660236839013874, 0.20295584430965405, -0.17330713416764443, 0.5389343609949135, 0.38457402815986025, -0.06281354482640902, -0.05740971751183862], [0.20664873174743476, -0.3065899766192305, -0.4154649722776552, -0.3743936155998951, -0.43300226448048545, -0.2858084013230321, -0.759155959774462, 0.1446986156447479, 0.12758041661880537, 0.2800892913688487, 0.5663732108541136, -0.14030408990488122]], "inverted": false, "swapped": false, "error_lsq": 0.045033568390818235, "error_max": 0.24914116035453285, "target": "550.xyz", "model": "10.xyz", "model_rescale": 4.260839863003843, "target_rescale": 3.5137535829893642},
{"mapping": [0, 7, 9, 6, 5, 4, 10, 8, 2, 3, 1, 11], "R": [[0.08081436351433313, -0.42025761949611556, 0.9037989665325092], [0.994100385637918, 0.09979748835837199, -0.042483933338420765], [-0.07234267014920032, 0.9019002132014491, 0.42584333211037273]], "T": [-0.06676951450972898, 0.05062652423419304, -0.1196907025753021], "aligned_model": [[0.5922650165399579, -0.040894577879048044, -0.686817237496874, 0.60128176523676, 0.4657943665011689, -0.13763388745771826, -0.15911343274821202, -0.7486644854015906, -0.3563639210057695, 0.3523993819066976, -0.11269018944298476, -0.0574600789991674], [-0.4415533674414862, -0.6026789711391484, 0.341005235173072, -0.3029267940730809, 0.36984764507467394, 0.684821604185613, -0.1335493025432415, -0.15721652329806465, 0.5165478338305529, 0.4209629729911505, -0.09076295875498602, 0.006052327142422466], [0.18603255556719503, -0.0735599465485837, -0.5282911022436613, -0.48295764766833105, -0.386307451673807, -0.47868610618560126, -0.7120467252824353, -0.03347050004924562, 0.2919031981711353, 0.3173235104794764, 0.5882365174516005, -0.07750531576343353]], "inverted": true, "swapped": false, "error_lsq": 0.054421294157334626, "error_max": 0.31394015491422816, "target": "550.xyz", "model": "11.xyz", "model_rescale": 3.890672605050136, "target_rescale": 3.5137535829893642},
{"mapping": [5, 6, 2, 8, 7, 4, 0, 11, 10, 12, 9, 13], "R": [[-0.06508938163484446, -0.8511627655957864, 0.5208505724886224], [0.6511626936120384, 0.3592835806952882, 0.6685076327841641], [-0.7561418642333647, 0.38267121018715855, 0.5308598930486153]], "T": [-0.08163558765603222, -0.08800935829634121, -0.2012356970176581], "aligned_model": [[0.544734059437977, -0.18426537541744895, -0.648426296275862, 0.47448964363470764, 0.6477625539793757, -0.1918001193123459, -0.10142075592304998, -0.5667435028238295, -0.43254744926307404, 0.1926881777148044, -0.02899295405396761, 0.006624738055933138], [-0.11489129897255823, -0.6544904000924059, 0.3349504356982652, -0.42911783157767436, 0.3533720208981064, 0.5137550378800315, -0.134037028874659, -0.07479397920937844, 0.6208312582145081, 0.4563830783737441, -0.31654346880704487, 0.05513187761654306], [0.259101796892914, -0.17624169991337155, -0.27483895070225534, -0.5071127677758822, -0.1900553859476653, -0.5429964778052903, -0.7896101869515736, 0.05810544567357245, 0.2158330625539034, 0.22715138658109602, 0.5409376853411554, -0.20960292169229391]], "inverted": false, "swapped": false, "error_lsq": 0.049674693055674825, "error_max": 0.25389863630258847, "target": "550.xyz", "model": "12.xyz", "model_rescale": 4.124412569039231, "target_rescale": 3.5137535829893642},
{"mapping": [2, 5, 3, 4, 1, 6, 0, 7, 9, 8, 11, 12], "R": [[-0.40525645955178213, -0.6343420878317783, -0.6583139962030091], [0.7499472783022936, -0.6424912004610811, 0.15742978465672125], [-0.5228252879868547, -0.4299013525627707, 0.7360968314740686]], "T": [-0.13052630044754618, 0.02424603649716358, -0.18000646736257528], "aligned_model": [[0.6273235372777721, -0.37004270730654665, -0.544327305104697, 0.3957028910776148, 0.5571072248332086, -0.050814298328627175, -0.09829818402750765, -0.6276473477544603, -0.5143936190506657, 0.21199905033010738, 0.19756402832535028, -0.07207055051832878], [-0.11557823272350312, -0.6528554681758545, 0.4165030550621136, -0.5328019999780166, 0.3818620749365697, 0.6869672810400205, -0.1043522651917462, -0.2766507871256744, 0.37824594987347, 0.44863597366183194, 0.026598660906456427, -0.046024541138189996], [0.20536129315396826, -0.4206541814325433, -0.608558139506316, -0.3562352357162375, -0.42927580536787346, -0.2253866781800678, -0.7449765716236504, 0.055385631855320555, 0.18873628177076154, 0.2863256955926048, 0.7596232802830473, -0.09967458457470571]], "inverted": true, "swapped": false, "error_lsq": 0.05329060074997036, "error_max": 0.28155684586122975, "target": "550.xyz", "model": "13.xyz", "model_rescale": 3.9028299243045295, "target_rescale": 3.5137535829893642},
{"mapping": [9, 4, 8, 10, 14, 12, 5, 0, 2, 1, 6, 15], "R": [[-0.2634504567436201, 0.6546393279808388, 0.7085486624801249], [0.41174961454043946, 0.7405377137065191, -0.5310990016033935], [-0.8723853000637836, 0.15182636411084072, -0.4646424898709812]], "T": [-0.028362720562986478, 0.038193483127953884, -0.0912515605309892], "aligned_model": [[0.6589454417856841, -0.22882679200669379, -0.6513374396329389, 0.39992429829225445, 0.7867661830563438, 0.01885820273049931, -0.1859662374885395, -0.7922965721190743, -0.5847992311168562, 0.08855231244375153, 0.1385107402783202, 0.0637718135304691], [-0.09024150690248174, -0.571841277931416, 0.32665092332696166, -0.43628811234910303, 0.15938422618979015, 0.6357475436894108, -0.005272223641077378, -0.2830712063702192, 0.37491228509419966, 0.5120309170360071, -0.002366656897365843, -0.009095210097228815], [0.24334879775996893, -0.3081271475438162, -0.4450904562888944, -0.47438345307272395, -0.41363072713984644, -0.4447195478660682, -0.5764048326449864, -0.07099127985543166, 0.253927563520327, 0.3377096463715357, 0.5528884749870715, -0.04385605197282719]], "inverted": false, "swapped": false, "error_lsq": 0.042184837031736845, "error_max": 0.2191213456659779, "target": "550.xyz", "model": "14.xyz", "model_rescale": 3.942246331269136, "target_rescale": 3.5137535829893642},
{"mapping": [11, 7, 1, 8, 13, 12, 0, 5, 3, 4, 10, 14], "R": [[-0.11977121551163783, 0.18973914546257403, 0.9745018792254826], [0.14242270414945724, -0.9681314109865099, 0.20600326309072328], [0.9825327624449075, 0.16346445405776064, 0.08893111368906431]], "T": [-0.03773776792426574, -0.04301888330272378, -0.015198492906244782], "aligned_model": [[0.6599034349073047, -0.15078654247093015, -0.5760988276611443, 0.4170224660239494, 0.5332375400400184, 0.0032096807442510283, -0.25727963483985605, -0.6700815607131443, -0.3915861420497767, 0.15221428884324406, 0.0763261332531008, -0.08397811632379695], [-0.11804832541921478, -0.8390095742890532, 0.4038678918970994, -0.3890692743592908, 0.5166285269983767, 0.6061633649206812, -0.2853684108089406, -0.006095630173508233, 0.5710608211748563, 0.34233794222872693, -0.14895720120841416, -0.04296042981384147], [0.13237643580441957, -0.30605636638681977, -0.4239784034829588, -0.5370061037713536, -0.16254780693138313, -0.5101348253793145, -0.6738224812766869, 0.024267432761930843, 0.10415549813765337, 0.3836527451120425, 0.6810536275865223, -0.10128876591974337]], "inverted": false, "swapped": false, "error_lsq": 0.05316222702890774, "error_max": 0.3214455922996915, "target": "550.xyz", "model": "15.xyz", "model_rescale": 4.355366556412066, "target_rescale": 3.5137535829893642},
{"mapping": [2, 4, 7, 6, 8, 10, 3, 5, 9, 1, 0, 11], "R": [[0.5319904546416022, -0.22334644519866143, -0.8167634428568307], [0.8347783661779857, 0.2999681152705322, 0.46169709678777293], [0.14188458524954303, -0.9274349008087666, 0.34602495463535454]], "T": [-0.04340893800007955, 0.0997278056161176, -0.09415371886318712], "aligned_model": [[0.6380812635177842, 0.08169730132447056, -0.7599019200427689, 0.3529268554323303, 0.6728519556255804, 0.13414703537930908, -0.388359224005886, -0.6091937559262084, -0.48203881806378845, 0.18717534487140605, -0.11233112251603311, -0.0029521958429757703], [-0.19420220099070662, -0.6608931687146156, 0.3885782169691391, -0.24546070053470181, 0.34583049559825263, 0.52593269636347, -0.21905760763491305, -0.13971835506497596, 0.6082569783802912, 0.4239094573789982, -0.2176897513336964, -0.0049363592690642305], [0.2930176362191018, -0.10572495159690738, -0.5454456048134241, -0.7264976103219236, -0.21008436217641974, -0.5231747743017575, -0.5528498811776255, 0.10158324202151577, 0.22041489685537802, 0.27508117731774084, 0.5370434655475212, -0.1526922473188915]], "inverted": false, "swapped": false, "error_lsq": 0.058069239768972415, "error_max": 0.3629814444040418, "target": "550.xyz", "model": "16.xyz", "model_rescale": 3.795458400668931, "target_rescale": 3.5137535829893642},
{"mapping": [10, 9, 3, 5, 2, 0, 6, 8, 7, 4, 11, 12], "R": [[-0.5031724102151577, -0.79902610101188, 0.32920330420580846], [-0.7000130845808121, 0.6002319520091992, 0.3869150878460067], [-0.5067535959555944, -0.03576162313121878, -0.8613488836105233]], "T": [-0.027956087706008638, 0.144674971654869, -0.11441999151775233], "aligned_model": [[0.5680845208670697, 0.05139988969107238, -0.7247639908011473, 0.32206036657304893, 0.6522180058188611, -0.05851981833100243, -0.3256720611124918, -0.5783702002859864, -0.41210455351877734, 0.2956326333617045, -0.19959273825504606, 0.12173066574591429], [-0.21918710215162898, -0.7445022793938239, 0.36748674674464876, -0.3365586085942591, 0.33216442370449784, 0.5695112074050215, -0.14017443770256996, -0.22765721004380132, 0.6038041854303651, 0.47299499165553394, -0.1826715864882699, 0.11533937058176291], [0.11195060557735463, -0.1462370326035879, -0.4567584143326747, -0.6128969990109269, -0.1757286563924494, -0.5262335641841136, -0.6507052366952852, 0.012465088215988393, 0.15558926909666948, 0.33612644609861425, 0.6058059871050394, -0.042706506620319856]], "inverted": true, "swapped": false, "error_lsq": 0.05333145634159269, "error_max": 0.27022600550137205, "target": "550.xyz", "model": "17.xyz", "model_rescale": 3.7474275329858107, "target_rescale": 3.5137535829893642},
{"mapping": [8, 1, 7, 0, 4, 9, 2, 11, 12, 5, 10, 13], "R": [[0.17199417819571614, -0.9850866920048003, -0.004712950436877528], [0.10764647741926206, 0.014038835478079131, 0.994090110099504], [-0.9791987737768082, -0.1714850440518346, 0.10845571031778736]], "T": [-0.050462060020636065, 0.0021883062335554954, -0.11392990432235772], "aligned_model": [[0.5410339071604182, -0.29831738363641264, -0.7496182636633374, 0.5068851024902828, 0.7108488889869201, -0.021555898971469888, -0.08917958050171913, -0.6296429371728497, -0.4241836972661762, 0.22548539934286022, -0.04888459752425333, -0.010768219491042834], [-0.23268952318567415, -0.5909411833397838, 0.16127797941515404, -0.4155965736681596, 0.32165503043602883, 0.6179335903805937, -0.07815791740457795, -0.2650203827812463, 0.5907320886559356, 0.5054149965362376, 0.014115062006959514, -0.018173465903990153], [0.2204641405925608, -0.3694363894914534, -0.3447769550533448, -0.5764905223470725, -0.20094986220077243, -0.3742111844025011, -0.8181160741415119, 0.22501801182736247, 0.15659787122013785, 0.3263380078721761, 0.5762111208110934, -0.2099771784323658]], "inverted": false, "swapped": false, "error_lsq": 0.045154490572922694, "error_max": 0.23536561657356822, "target": "550.xyz", "model": "18.xyz", "model_rescale": 3.922800546911778, "target_rescale": 3.5137535829893642},
{"mapping": [4, 9, 0, 10, 6, 1, 2, 3, 5, 8, 13, 14], "R": [[-0.26232411872986233, 0.9624581862492663, -0.0697158264268121], [0.895786544043681, 0.2697421225336036, 0.35327843812118565], [0.35882101978964265, 0.030222955726379064, -0.93291695702473]], "T": [-0.042239706845011465, 0.04268431638102833, 0.009800682706958344], "aligned_model": [[0.6437891943875858, -0.22861044614284595, -0.7244035337555703, 0.4737200734897473, 0.5510089142992959, 0.02777757982330817, -0.14774487699463873, -0.6533169544531274, -0.5031602085047213, 0.20183161260157179, 0.16211830007113373, -0.09090693506851874], [-0.14239939225941278, -0.6251845755144924, 0.30334287717776437, -0.3829969642977436, 0.31742731008475933, 0.5583754286275434, -0.18308474148077314, -0.1373548818188729, 0.6330356892864087, 0.4945303746468328, -0.18720689537515717, -0.03793452792937949], [0.14755229453658664, -0.4167673384652941, -0.39658861785962024, -0.44095601399303946, -0.2100632134520089, -0.516643312655705, -0.6617839764177709, -0.04781639941571599, 0.15667228596711386, 0.34244912276774947, 0.6239680724198268, 0.03064808282218625]], "inverted": true, "swapped": false, "error_lsq": 0.03981104663378504, "error_max": 0.23316056639872673, "target": "550.xyz", "model": "19.xyz", "model_rescale": 3.9282355846067225, "target_rescale": 3.5137535829893642},
{"mapping": [3, 11, 12, 4, 6, 7, 9, 10, 2, 5, 1, 13], "R": [[-0.46583866013343384, 0.4497434258201352, -0.7620532748152558], [0.8825280182922826, 0.17352866164099778, -0.4370721914262917], [-0.06433225982494356, -0.8761384904914592, -0.4777475335626165]], "T": [0.06453223211559266, 0.04924362864892187, -0.22796930598687223], "aligned_model": [[0.5988670629627231, -0.18364522049089427, -0.6422371487320288, 0.43267326123798333, 0.6075181293285654, -0.13940673800562053, -0.2790452975824213, -0.7291551062997689, -0.35021204249683574, 0.36627355480024837, 0.023908579501066826, 0.006563685530202347], [-0.1693929487482862, -0.6142785984367748, 0.27595448092502384, -0.45674759684308597, 0.4062394025184314, 0.6273992982329354, -0.13244080306988854, -0.1456917012055016, 0.43557180032192755, 0.46056971159637217, -0.06697030723354408, -0.009663036910131775], [0.2547722446477919, -0.335251072876436, -0.642545688604212, -0.31635995787730314, -0.29552955261310276, -0.3386160166175218, -0.8001319346121679, 0.04460173980697521, 0.3699052132961299, 0.24895121141640933, 0.5111821238714301, -0.0903073235836844]], "inverted": false, "swapped": false, "error_lsq": 0.04528899752518425, "error_max": 0.19691407268332545, "target": "550.xyz", "model": "20.xyz", "model_rescale": 4.067790424073018, "target_rescale": 3.5137535829893642},
{"mapping": [12, 13, 4, 10, 9, 8, 5, 6, 2, 0, 3, 14], "R": [[-0.9239301085213568, -0.37388970440510927, -0.08099162615711586], [0.004441495152143593, -0.2221781944218087, 0.9749959605271596], [-0.3825355247405494, 0.900468399702802, 0.20693775259277242]], "T": [-0.016495684156688742, 0.055999435906139226, -0.1588919311885553], "aligned_model": [[0.5742156195267616, 0.0011328900250098736, -0.7259850980818995, 0.5394181954255307, 0.7458684853624387, -0.09401164828575301, -0.31056909083056744, -0.6482892715908684, -0.4659129480716739, 0.11853515321164436, -0.06722628607965608, 0.044926719142252776], [-0.12080963667353711, -0.5278437065423344, 0.3899476934945556, -0.4865257768366209, 0.03651303505079865, 0.4984439238198817, 0.02910168734400142, -0.2440532713676585, 0.4203694681639641, 0.6607621370964569, -0.0545572148495776, 0.009201362447547407], [0.2958745742313148, -0.5448192863545367, -0.3249516418892563, -0.41949310843059484, -0.30879540908018566, -0.5101782063900515, -0.6700313089197113, 0.08269063943707136, 0.3090616285014339, 0.18822012237564487, 0.6830989533541645, -0.17000597058098454]], "inverted": true, "swapped": false, "error_lsq": 0.055696761226114534, "error_max": 0.3253181020732292, "target": "550.xyz", "model": "21.xyz", "model_rescale": 4.186013935880536, "target_rescale": 3.5137535829893642},
{"mapping": [2, 9, 4, 8, 5, 6, 11, 10, 7, 0, 1, 12], "R": [[0.772237657942737, 0.08213261165686397, -0.6300025664690099], [0.057241033413094715, -0.9965703839943165, -0.05975729109674777], [-0.6327499219667414, 0.010084832563966853, -0.7742905348790204]], "T": [-0.007598698535424844, 0.06759280136476115, -0.15666717597667146], "aligned_model": [[0.6857854229447101, -0.20101709287187092, -0.5877366501974182, 0.34089520319067174, 0.6659778851524241, -0.11951489692878291, -0.04732541436976791, -0.7985286957666233, -0.568439361383734, 0.33802992917524355, 0.020028260155603203, -0.01605186934723557], [-0.14299755550219928, -0.5077554625587419, 0.3445396271400695, -0.5779532274159569, 0.35756598636201004, 0.612617928330609, -0.12507602973400198, -0.19835582552172532, 0.26815107016586825, 0.4877577134573696, -0.002602953808109293, 0.09465843023228557], [7.900272909217021e-05, -0.0262276874356083, -0.4948336460810763, -0.3791316807606525, -0.40314012379207304, -0.14007728356488952, -0.7568892084645775, -0.15737426501939367, 0.271769367273581, 0.3185072544795792, 0.5709539775376699, -0.19296472064734263]], "inverted": false, "swapped": false, "error_lsq": 0.06002264654940009, "error_max": 0.3258682555876592, "target": "550.xyz", "model": "22.xyz", "model_rescale": 4.166573947596378, "target_rescale": 3.5137535829893642},
{"mapping": [3, 1, 13, 2, 11, 12, 6, 7, 10, 9, 8, 15], "R": [[0.7042626538495231, -0.5980550837968939, -0.3825496453239988], [0.5670273468090232, 0.1496037380390066, 0.809999203416569], [-0.42719328454874683, -0.7873682990249523, 0.4444739129881603]], "T": [-0.012180245160026389, 0.04655737052271748, -0.084331676389965], "aligned_model": [[0.5396307825711941, -0.17024422744947135, -0.7693271632121234, 0.3842666704053053, 0.6778969307222582, 0.15639410690285985, -0.03984767640546383, -0.6568633756930696, -0.6025864328916343, 0.22671276685731773, 0.010153100417239795, -0.04408276247119251], [-0.09012958402871561, -0.572089806015806, 0.36682047198770096, -0.3843285263625752, 0.3911779942416869, 0.4554924384636454, -0.1576458204026811, -0.11356807263585554, 0.4185880136439719, 0.45267314515198387, -0.15201582724382762, -0.0044247256520508135], [0.1112390733292428, -0.4011762902480146, -0.28675012717937604, -0.41595861467029127, -0.24902364480458722, -0.5677943463697098, -0.8168910269077425, 0.18049496749165314, 0.18761494920243646, 0.287756045375543, 0.6993449450715157, -0.11818494403636073]], "inverted": false, "swapped": false, "error_lsq": 0.0454485705709372, "error_max": 0.2417312031260719, "target": "550.xyz", "model": "23.xyz", "model_rescale": 4.274766983524099, "target_rescale": 3.5137535829893642},
{"mapping": [10, 0, 1, 7, 6, 2, 8, 5, 9, 4, 11], "R": [[0.6726855965781795, 0.3815697434246614, 0.6339547452768983], [0.7350786128121598, -0.44255513409111435, -0.513618911524631], [0.08457849101520865, 0.8115106186566101, -0.5781842220825092]], "T": [0.00459723840108367, 0.1330502773301004, -0.08856430444674981], "aligned_model": [[0.4031265273113946, 0.4559102399961636, -0.49218142111878316, -0.5215168908990027, -0.5640377257454947, -0.7048221439497402, 0.052146705361398565, -0.027507238729401196, 0.4666680790317052, 0.4365959880557375, -0.12448741535590252], [-0.16254861595041367, 0.5733050972615401, 0.4287318432875876, -0.28910387696820694, 0.3591758597759702, -0.2911572959317945, -0.5924321077447019, 0.10345391461897552, -0.06233962499113577, 0.6995654058906368, 0.14893593199502608], [-0.5799588214948274, -0.22357830736955184, -0.437669031847149, -0.30500815351763005, 0.27803176434245547, 0.3490350234652775, 0.15436740937610968, 0.6543284624554256, 0.1232378994645581, 0.44346378097444783, -0.07668359182753852]], "inverted": false, "swapped": true, "error_lsq": 0.054338532279865646, "error_max": 0.27956453618620614, "target": "550.xyz", "model": "24.xyz", "model_rescale": 3.7841303162186577, "target_rescale": 3.5137535829893642},
{"mapping": [5, 6, 0, 4, 2, 8, 1, 7, 10, 9, 13, 15], "R": [[0.6328366001764135, 0.5370333681363832, -0.557775043351036], [0.773763780147587, -0.46506798291953594, 0.4301178719779859], [-0.028415664850131528, -0.7037804577929443, -0.7098490101563]], "T": [-0.07067685289728218, 0.0671340757134962, -0.0022596068998604613], "aligned_model": [[0.7650854734999197, -0.19890889907604012, -0.5811212180364327, 0.3519846699108762, 0.5912799189633999, 0.030500097008626326, -0.1023582338169243, -0.7044420702350873, -0.6186012869082504, 0.1726749548491385, 0.08004832111309554, -0.07403900751910177], [-0.19620057727271326, -0.6223705528247924, 0.22691381337816516, -0.35722017746953494, 0.3251619050105594, 0.4072277921944689, 0.04932599360103296, -0.06684716349024714, 0.49877848369241806, 0.5617438315914628, -0.2141314290760503, -0.0018322181872921228], [0.03640484389738638, -0.17594426885973136, -0.5074792966201765, -0.44721471452456873, -0.25529695478204995, -0.47507804187967384, -0.7450351827757128, -0.05879487849603465, 0.34229376335137474, 0.19339773536720348, 0.7120033943861248, -0.008585412809832986]], "inverted": true, "swapped": false, "error_lsq": 0.04440266627495282, "error_max": 0.20089784535363495, "target": "550.xyz", "model": "25.xyz", "model_rescale": 4.19342608120988, "target_rescale": 3.5137535829893642},
{"mapping": [2, 4, 7, 6, 8, 10, 3, 5, 9, 1, 0, 11], "R": [[0.5319904546416022, -0.22334644519866143, -0.8167634428568307], [0.8347783661779857, 0.2999681152705322, 0.46169709678777293], [0.14188458524954303, -0.9274349008087666, 0.34602495463535454]], "T": [-0.04340893800007955, 0.0997278056161176, -0.09415371886318712], "aligned_model": [[0.6380812635177842, 0.08169730132447056, -0.7599019200427689, 0.3529268554323303, 0.6728519556255804, 0.13414703537930908, -0.388359224005886, -0.6091937559262084, -0.48203881806378845, 0.18717534487140605, -0.11233112251603311, -0.0029521958429757703], [-0.19420220099070662, -0.6608931687146156, 0.3885782169691391, -0.24546070053470181, 0.34583049559825263, 0.52593269636347, -0.21905760763491305, -0.13971835506497596, 0.6082569783802912, 0.4239094573789982, -0.2176897513336964, -0.0049363592690642305], [0.2930176362191018, -0.10572495159690738, -0.5454456048134241, -0.7264976103219236, -0.21008436217641974, -0.5231747743017575, -0.5528498811776255, 0.10158324202151577, 0.22041489685537802, 0.27508117731774084, 0.5370434655475212, -0.1526922473188915]], "inverted": false, "swapped": false, "error_lsq": 0.058069239768972415, "error_max": 0.3629814444040418, "target": "550.xyz", "model": "26.xyz", "model_rescale": 3.795458400668931, "target_rescale": 3.5137535829893642},
{"mapping": [6, 7, 4, 5, 8, 11, 10, 3, 9, 1, 0, 12], "R": [[0.09995449508114662, 0.4112713234943177, -0.9060160028301409], [-0.7499989348685188, -0.5672280911375898, -0.34022623402743934], [-0.6538430213814023, 0.7135181785320112, 0.25175605711720384]], "T": [-0.03941656565060378, 0.20651140701352028, -0.045383117378202234], "aligned_model": [[0.6840170457111165, -0.160771645877563, -0.6929633175019484, 0.40710319931020034, 0.6230090107215385, -0.07693910222161629, -0.23916994587629242, -0.6467546300970601, -0.31542862659487736, 0.3345323712102569, -0.17603507294479118, -0.028496566085743795], [-0.14991391873670995, -0.5851387016022533, 0.3084389911247605, -0.27781772608738436, 0.3964622028706004, 0.6241290990239665, -0.13007787516451824, -0.17425595155489865, 0.48598171567978693, 0.3746829299015956, -0.3037592972121734, 0.041818232904705405], [0.13009268377924482, -0.18239095898282842, -0.5566077190733756, -0.40994567471138355, -0.28173616057305856, -0.6248329549849442, -0.6407759882798585, 0.13134620381983342, 0.1280757506645836, 0.3815052779447052, 0.5966701389538852, -0.06072961230249451]], "inverted": true, "swapped": false, "error_lsq": 0.0487460701549202, "error_max": 0.2794114744128414, "target": "550.xyz", "model": "27.xyz", "model_rescale": 3.6321398670334006, "target_rescale": 3.5137535829893642},
{"mapping": [6, 1, 0, 4, 12, 8, 3, 2, 10, 9, 13, 14], "R": [[-0.994515609068035, -0.009214417570780746, -0.10418156184693445], [0.000576678750915288, -0.9965794425177089, 0.08263826107022676], [-0.10458666627086641, 0.08212496124762556, 0.9911191250189971]], "T": [-0.06057292480504874, 0.11041824178810461, -0.1744232348703346], "aligned_model": [[0.5842783366115052, -0.17900347067361372, -0.6477564971507832, 0.4190011697855077, 0.6766865531616546, 0.04845739941892089, -0.2800875193522032, -0.6127365916959018, -0.3989102520510431, 0.14201340257175354, 0.026150292874075408, -0.06599010374665243], [-0.13885906578416898, -0.5412758729360212, 0.26937513048363826, -0.5313665914570955, 0.473856629296114, 0.5285042370077232, -0.031561276740702915, -0.3925226572579698, 0.7764989348293494, 0.4145610576245801, -0.27212034949884417, 0.055459525580875024], [0.18045013933483692, -0.266814699765725, -0.313562927709523, -0.3855823406960357, -0.26314037804904333, -0.4578771196477358, -0.8094155490453797, 0.10054840142109991, 0.041298800041118716, 0.38506589706635264, 0.5415520730877164, -0.1418513097833735]], "inverted": true, "swapped": false, "error_lsq": 0.0497770480752032, "error_max": 0.3364725131384667, "target": "550.xyz", "model": "28.xyz", "model_rescale": 4.156811204709835, "target_rescale": 3.5137535829893642},
{"mapping": [2, 7, 6, 3, 10, 8, 5, 9, 0, 11], "R": [[0.43497405040133097, -0.8836637302908782, -0.17302019317371725], [0.7725037332994099, 0.4649420591176915, -0.4325122700015287], [0.46263977078925517, 0.054472868767957414, 0.8848712612873436]], "T": [-0.03393823417402711, -0.014060420405555728, 0.08324799558887083], "aligned_model": [[-0.5176562650583006, -0.1647666420798635, 0.021883135579049737, 0.6619909484566403, -0.046656850987531376, -0.7623920053426823, -0.4837356111968907, -0.3843721818241982, 0.32684646937374906, -0.00821562280938454], [-0.258755832883624, -0.6331075763304916, 0.13153960176083154, 0.31427867890082894, -0.3586308944289047, -0.2495232094946821, 0.46968494263880567, 0.21389879732499015, 0.34047095630095553, -0.05113513316250576], [-0.6788951135228349, -0.23537826394916098, -0.6128524191231173, -0.14327795266509372, 0.6905224775413171, 0.12215607530863745, -0.2594895842146152, 0.4322143158231785, 0.48309598355853967, -0.039308791781750854]], "inverted": false, "swapped": true, "error_lsq": 0.05597372128712208, "error_max": 0.22102511973258876, "target": "550.xyz", "model": "29.xyz", "model_rescale": 4.117894457231895, "target_rescale": 3.5137535829893642},
