[{"mapping": [0, 4, 3, 1, 11, 8, 9, 14, 12, 2, 7, 6, 5, 15], "R": [[-0.2181096417518437, 0.9211771550787086, -0.3222744686381154], [-0.2904041329332644, -0.37652749557423737, -0.8797115917457676], [-0.931715419937956, -0.0982837424892331, 0.3496379301679793]], "T": [-0.09603748392637514, 0.06023933411143658, 0.12301759632188218], "aligned_model": [[0.2208441040522936, 0.17246627497714911, -0.5383952938004379, -0.5447461658484791, -0.5961824397061091, 0.22376840914074908, -0.7101647306276287, -0.036086175690135155, -0.3631881298004257, 0.4051021672973649, 0.508640473446892, 0.1418522501072471, 0.5532490582470969, -0.06566770066727311], [-0.6369142594979348, -0.43594089132729213, -0.375322704374786, -0.38872111686998245, 0.27827982295259995, 0.19459819886799765, 0.2407818643632497, 0.5510152686864729, 0.7666760411655504, -0.10634314211417081, 0.493521964085619, 0.5696548329209807, 0.04257640418936381, 0.04141104876236616], [0.3015407386486066, -0.33960817615617006, 0.2613952522130372, -0.3102784750278842, 0.5536652552936869, -0.583183425294065, -0.03710407532100908, 0.6342863411856917, 0.21100721142852774, 0.661130119514655, 0.443459688510554, -0.05443902590217796, -0.011321519563647367, 0.16703817765002815]], "inverted": true, "swapped": true, "error_lsq": 0.045143020921992454, "error_max": 0.3373450256780389, "target": "551.xyz", "model": "0.xyz", "model_rescale": 3.8414455957264533, "target_rescale": 4.0194236285828575},
{"mapping": [13, 2, 12, 7, 14, 6, 10, 11, 1, 9, 8, 0, 4, 3, 15], "R": [[0.8835165810567036, -0.15351560987127533, -0.4425284267973348], [0.4681581077623318, 0.31977005655256274, 0.8237566977383336], [0.015047828224252296, -0.9349759721288143, 0.3543917245189455]], "T": [0.006924576578892982, 0.06588161810987957, -0.0842557953146416], "aligned_model": [[-0.6999570549036369, -0.6388899257746148, 0.10795901764133374, -0.3348514730392894, -0.40331312266825003, 0.22928280526205616, 0.71489288639707, -0.27039170674016383, 0.42450342754244086, 0.3130980966726923, 0.6512256538736699, -0.35846935746905384, 0.30639796384500123, -0.1245804893939382, -0.04486256774077265], [0.32705550364405844, 0.09606378685487428, -0.6234464313111054, -0.46088567847043505, -0.5117845704857916, -0.4193673707107157, -0.3741661599560101, -0.1888458243261944, 0.6169090468385994, -0.03763310423414848, 0.03755462281036141, 0.6946051538941482, 0.6161291800937185, 0.5006275208019527, 0.07422885259970301], [0.24703494851996027, -0.4721583916848377, 0.22034778810429662, -0.5958784601542289, -0.022145317441635864, -0.33460907718370947, 0.0015891975232120853, 0.4999989837158619, 0.2513736569708091, 0.49100875943535677, -0.5349460435391079, -0.38342393322448537, -0.4582277205615362, 0.36099190506427986, -0.10577450820470062]], "inverted": true, "swapped": true, "error_lsq": 0.03658895418181393, "error_max": 0.2406387414366488, "target": "551.xyz", "model": "1.xyz", "model_rescale": 4.316132596720782, "target_rescale": 4.0194236285828575},
{"mapping": [4, 5, 8, 3, 1, 0, 9, 13, 6, 2, 14, 15], "R": [[-0.4991837302524942, 0.24245919846255518, -0.8318828887121676], [-0.6448484247895127, -0.745221785662078, 0.16974981361141067], [-0.5787798480404185, 0.6211747155636003, 0.5283520230365273]], "T": [0.020500644950537432, 0.06807699029781315, -0.13691281613374762], "aligned_model": [[-0.2776390658027614, 0.3761999369509433, 0.21180437013386724, -0.5663713518600622, -0.6666934144195815, -0.31002445709791887, -0.23044135155694506, -0.29667234569031653, 0.5367597805759429, 0.27143292714479256, 0.5188896184568537, 0.030563907796966622], [-0.5905136553592406, -0.42599710746678293, -0.5991159515581786, 0.29647730719713195, -0.12324744303668748, -0.21335833330062293, 0.37695864054022354, 0.5860261083106983, -0.04266830932102304, 0.10871763566423898, 0.5633711140135045, 0.07612642205771844], [-0.03851177778745567, 0.12633761707849234, -0.5074589803010056, -0.047707146041469084, -0.4229368347064937, 0.5187203906026503, -0.6632274279703061, 0.4187642497242188, -0.39920752109894586, 0.5729020095271304, -0.02671722233854243, -0.08169889547885231]], "inverted": true, "swapped": true, "error_lsq": 0.04502570306104512, "error_max": 0.2096193673570424, "target": "551.xyz", "model": "2.xyz", "model_rescale": 3.795458400668931, "target_rescale": 4.0194236285828575},
{"mapping": [0, 3, 1, 12, 5, 6, 9, 2, 11, 14, 8, 15], "R": [[-0.9725830855710537, 0.14733976203699883, -0.17992536281461108], [0.22989931368305294, 0.492553837632458, -0.8393670368805293], [-0.035049211533928995, -0.8577189000811507, -0.5129228413849701]], "T": [0.018225884906840843, 0.012263393921561314, 0.02123674900381401], "aligned_model": [[0.02620961840224572, -0.2144153710214167, -0.6959467379996882, 0.2548819678456393, 0.16359078794983148, 0.16394952131869356, -0.29416448991419897, 0.6034108867546201, 0.25615848306176686, 0.6553563296183094, -0.385508233332388, 0.0597810630601506], [-0.21234329461460458, -0.5746368441234349, -0.2675325525655692, 0.12670274967355336, 0.5160593788679968, 0.5189703081603603, -0.2248983080231862, -0.030147117850707058, -0.4583511874493758, 0.0069711242717346335, 0.6858724283929899, -0.0008976394500483063], [-0.7322854349382668, -0.05602419584953321, -0.02695190365459018, 0.7347225535536531, -0.3849536515635486, 0.2850534535746914, 0.551852816372815, -0.45227737025202, 0.4740656706510575, 0.3372868954925825, -0.026696821263819635, -0.015020581483920901]], "inverted": true, "swapped": true, "error_lsq": 0.04360946734778823, "error_max": 0.24284362594309883, "target": "551.xyz", "model": "3.xyz", "model_rescale": 3.7530521520055578, "target_rescale": 4.0194236285828575},
{"mapping": [14, 13, 2, 0, 7, 1, 6, 9, 10, 4, 15], "R": [[0.029936773476422485, 0.9884496032451547, 0.14856369488646215], [0.8114660623126079, -0.11081796742441935, 0.5737963121272143], [0.5836322637660571, 0.10337678627437011, -0.8054108397277076]], "T": [-0.10175800079028025, -0.0027577961242894675, 0.033893567323954224], "aligned_model": [[-0.3388684266644078, -0.13712349291291914, 0.3731655054626974, 0.513123708133387, 0.17084862985371307, -0.22456516433963317, -0.14572130839931607, -0.7081852066238639, -0.5108926401527137, 0.41576143240777746, -0.06934343431951637], [-0.6518887479345078, -0.022934845539967018, -0.4119160882452682, 0.2401012051729555, -0.7605532547986908, 0.7550772133668564, -0.3724336668367341, 0.24323962381826225, 0.004916144416602132, 0.4712606179062074, -0.027664843011370226], [-0.1342092587546158, -0.7882920352054918, -0.385025176859236, -0.39183824467576706, 0.1204040970766226, 0.06931887177388253, 0.4910516438732001, 0.11826265826834903, 0.7651804433125844, 0.23337256232101522, -0.005394783885226823]], "inverted": true, "swapped": true, "error_lsq": 0.04955096192846671, "error_max": 0.2758660793342589, "target": "551.xyz", "model": "4.xyz", "model_rescale": 3.7855080009869324, "target_rescale": 4.0194236285828575},
{"mapping": [1, 13, 0, 6, 12, 2, 9, 3, 14, 8, 15, 7, 10, 4, 5, 16], "R": [[-0.5344123710203658, 0.16275245525606513, -0.829406448014792], [-0.025101272937986793, 0.9777972539790478, 0.20804436115388122], [0.8448510778813532, 0.13200063794980835, -0.5184616550754356]], "T": [-0.02507467913636416, 0.009491320645245414, -0.015210331232049179], "aligned_model": [[0.1300347584662041, -0.6824648291607209, 0.5964470981097715, -0.07102934156527721, -0.5001617443185373, 0.06563948457977761, -0.004669586656703112, 0.4076204699517063, -0.46790515598063487, -0.3022161863629679, -0.511496263727435, 0.43524823158624915, 0.2355715077962173, 0.4570413846837804, 0.7698234848968922, -0.04762438988297784], [-0.5590568407162283, 0.21976366072172504, -0.42773869435716766, 0.3601479953286652, -0.41986958709311484, -0.6509440234661122, -0.1330414802657734, -0.2638896731178967, -0.34235386837454035, 0.6495571344838846, 0.355031670366112, 0.5664880035860301, 0.48428577612579665, 0.033174392991395144, 0.10152053827515473, -0.02047326792181931], [-0.4903923906245233, -0.23541789814361944, -0.19131960898398376, -0.5638496786798727, -0.24544228907638038, 0.30319473205759984, 0.6820572301204054, 0.45431532898682503, 0.3560086476394202, 0.07869500882306629, 0.5533967523015182, -0.2132683654864886, 0.4722299875319176, -0.5755709267026493, 0.10632475233762853, 0.02326545560897264]], "inverted": false, "swapped": false, "error_lsq": 0.032156239930121226, "error_max": 0.229534496989424, "target": "551.xyz", "model": "5.xyz", "model_rescale": 4.2253639853439635, "target_rescale": 4.0194236285828575},
{"mapping": [1, 9, 6, 8, 10, 14, 5, 4, 11, 3, 12, 2, 0, 15], "R": [[-0.5362542173420229, -0.4502155776835324, -0.7139589259852264], [0.5868232024893067, 0.40912479828712395, -0.6987527663249102], [0.606687681927933, -0.7936767812136145, 0.04480204860614903]], "T": [0.0477098600413635, 0.012107050203195559, 0.06620105597191092], "aligned_model": [[0.572850295197603, -0.11885038123604448, -0.3696123362020109, 0.14907026653475985, -0.3358274579564679, -0.5665477841539912, 0.14801947435840335, 0.6750342865656244, -0.3207230482258004, 0.3922874153085244, -0.6697264456670536, 0.0820882701123507, 0.6812383522258301, 0.05476124589605641], [-0.005053290877404436, 0.1177441195719387, -0.3960372609722366, -0.7655468018693675, -0.5508957712854728, 0.26624758869616727, -0.4022493578378914, -0.3557416347738481, 0.543915246833733, 0.46326413057049964, 0.006864849247624573, 0.27019640423248664, 0.21262361305236108, 0.03976731204640055], [-0.49467638098090994, -0.5634697514354979, 0.1489472615337094, 0.0027301881447124032, -0.421812761641579, 0.3190864846425393, 0.5743139758910728, 0.12504915593555346, -0.18792739943258838, -0.22062065557960084, -0.1856364464211954, 0.7737770372550052, 0.48660841061997573, 0.1151890904002521]], "inverted": false, "swapped": true, "error_lsq": 0.03703113991213087, "error_max": 0.2260979000375003, "target": "551.xyz", "model": "6.xyz", "model_rescale": 3.89814844738969, "target_rescale": 4.0194236285828575},
{"mapping": [6, 8, 9, 7, 11, 4, 5, 14, 2, 0, 3, 13, 15], "R": [[-0.029319568801692994, -0.9939035423118375, -0.10628316642471691], [0.7282348731904768, -0.0940743364059971, 0.6788401790547032], [-0.6847001769786051, -0.057495806888438084, 0.7265534390777559]], "T": [0.017588419231262253, 0.14387351540507354, -0.10982015126704946], "aligned_model": [[0.03647393541774905, -0.260260195039625, 0.6268141223009867, -0.2769559877606412, 0.5968416589598924, -0.4942703742322215, -0.5706938933934489, 0.24377637541971614, -0.45293119105396934, -0.5759899539351072, 0.20933448046950456, 0.08057540058796256, -0.014082576836575426], [-0.2838276420506196, 0.196523629413062, 0.3585477445496721, -0.6102951375817048, 0.02147324242480997, 0.6026989344863409, -0.08588819503033385, -0.48427347801237997, -0.19239814842547354, 0.45871942550458666, 0.6262744137984341, 0.23090686297389867, 0.12531961342019268], [-0.5151614715720082, -0.8440381773010289, -0.24452667731785194, -0.08689332901450274, 0.25436097836784016, -0.35434315710018127, -0.3124663159695648, 0.13537623926053488, 0.3739033477204078, 0.2986457029133537, 0.25769300251888066, 0.7063323056632976, -0.06660741733288128]], "inverted": true, "swapped": true, "error_lsq": 0.03818933901277571, "error_max": 0.22338075893860776, "target": "551.xyz", "model": "7.xyz", "model_rescale": 3.7474275329858107, "target_rescale": 4.0194236285828575},
{"mapping": [3, 1, 4, 0, 8, 2, 13, 14, 5, 7, 11, 12, 9, 10, 15], "R": [[0.7274609623930384, 0.31616306929289, -0.6089675375662433], [0.2760385299093801, -0.9473773019445197, -0.16210792012048864], [-0.6281745602932858, -0.05017132024993657, -0.7764531926811271]], "T": [0.012757695430717786, -0.057693199606721667, -0.003020249698938087], "aligned_model": [[-0.34972720315527406, 0.1723887271643595, 0.42556603174084306, -0.19080585141785822, 0.7964797409978397, -0.3526911336306626, -0.7792224473358087, -0.3379927123239491, 0.3464656884706118, 0.005220059511851982, -0.5038784354788013, -0.011084531002285092, -0.004503482928572342, 0.6076398779272655, -0.021700606200813162], [0.11875859771154287, 0.24493630127028085, -0.4000060012293373, -0.6683883961061505, -0.1271189877971798, -0.6876462004864532, -0.1880607119834292, -0.01764304270440613, -0.6072449434969512, -0.47933773453016143, 0.37909265248713997, 0.45426229853869154, 0.5941715976998292, 0.47539124294536034, -0.10204871033918309], [-0.49496796897105677, -0.6911944806400873, -0.4977150175516072, -0.45459620742421664, -0.00022526548436644853, 0.19207492976812715, -0.1858282406159896, 0.6144107530729398, 0.15996394329662572, 0.6885081114191398, 0.15650800921898117, 0.5586714603951285, -0.10382286799053492, 0.25029122564306805, 0.004716271560109654]], "inverted": true, "swapped": true, "error_lsq": 0.03747507698814347, "error_max": 0.23775102757702432, "target": "551.xyz", "model": "8.xyz", "model_rescale": 4.019505241142653, "target_rescale": 4.0194236285828575},
{"mapping": [5, 8, 4, 0, 2, 3, 1, 7, 14, 12, 10, 11, 15], "R": [[0.29612874163353253, 0.31175938201771614, -0.9028365611241452], [-0.7373398708525866, 0.6754672137848298, -0.008599880978848784], [0.6071554028662117, 0.6682440653127352, 0.42989787850683486]], "T": [0.07614507258950381, -0.021476003426109447, 0.02341094503732552], "aligned_model": [[-0.3304529484266649, -0.6068887122916966, -0.056430239642171476, 0.436402755226538, 0.2520278022918941, 0.6467752130134934, 0.30224956285697935, -0.2910148251914991, 0.0734990752340228, -0.14930919752989655, -0.5283451530710725, 0.4721240306254792, 0.09906340864577041], [-0.44930581324472824, 0.16774780544393128, 0.03704985464469852, -0.4034974742850118, -0.7530540126188746, 0.22645814350640026, 0.5840752164739244, -0.6804040838418717, -0.36832570840471335, 0.15717164488385546, 0.5059083658676783, 0.11269691650334632, -0.07314262681457626], [-0.27919720775142753, -0.3182134035944959, -0.691648633282141, -0.5618937483765797, -0.024699769870953764, -0.10869885248476782, -0.3923232642639042, 0.3184699193420336, 0.6443289651060801, 0.7272716207887453, 0.2656666603223995, 0.5786967544132255, 0.01894445369566469]], "inverted": false, "swapped": true, "error_lsq": 0.050838116586902946, "error_max": 0.35245733803516743, "target": "551.xyz", "model": "9.xyz", "model_rescale": 3.877068213659057, "target_rescale": 4.0194236285828575},
{"mapping": [5, 6, 1, 12, 3, 4, 2, 7, 13, 10, 14, 11, 9, 0, 8, 15], "R": [[0.5456191257200773, -0.14992956354893322, 0.8245125199913491], [-0.1366254230477199, -0.9866171261601585, -0.08899516922002906], [0.8268211798360575, -0.0640919054288171, -0.5588013638431939]], "T": [-0.03151762663882053, -0.0073860606818905855, 0.05172268705742809], "aligned_model": [[0.13110345880053342, -0.5803351921741907, 0.6109222306481716, -0.13059887276057308, -0.38389528603295, -0.00588135367724309, 0.020474931057470988, 0.5498456428162805, -0.6635114344224424, -0.25824746088067807, -0.4053854537206762, 0.26892457136033027, 0.15730647628795358, 0.49239774976242745, 0.6827133698566121, 0.02402554549431833], [-0.46316117738690293, 0.13814213893205757, -0.5114857905015389, 0.17591908573328618, -0.454195244312055, -0.6605270261679322, -0.12986924707418823, -0.45696382277703257, -0.14179272152462735, 0.6647748652825027, 0.4285911795841267, 0.5927678379097451, 0.41708280992728863, 0.12757385024323248, 0.2161807458791371, 0.009564252819011895], [-0.562133051537226, -0.18895427071335708, -0.2416390390901068, -0.6657571702753067, -0.22926286650696048, 0.22733686774216638, 0.7018380621601036, 0.40694536957475835, 0.4761719448114441, 0.053735478956081675, 0.5805593730784573, -0.25520574096839665, 0.5205690797462489, -0.5322846214989045, 0.2393790284300102, -0.01707170619917571]], "inverted": true, "swapped": false, "error_lsq": 0.032148785320773095, "error_max": 0.21529282590303633, "target": "551.xyz", "model": "10.xyz", "model_rescale": 4.260839863003843, "target_rescale": 4.0194236285828575},
{"mapping": [13, 0, 5, 2, 6, 14, 11, 3, 4, 8, 9, 15], "R": [[0.3816346624121058, -0.38054709996415204, 0.8423413139306843], [-0.11083299689007112, -0.9235809213920041, -0.3670345057907531], [0.9176442836120997, 0.046713877483790175, -0.3946476686925515]], "T": [-0.005279637138473315, 0.0857425849181828, 0.039669382453302836], "aligned_model": [[0.39335348599292536, 0.26098914880694124, -0.4474984145016428, -0.2534082374314262, -0.5298051144988409, -0.40740042504750973, 0.1827666631093079, 0.6120428999184759, 0.16787513016431052, -0.30931753734068684, 0.3036996359655309, -0.014398586043254722], [0.012706982657878466, -0.6169577349502384, -0.3954025667637068, -0.35094529303359717, 0.26360929517746734, 0.42180185488162797, 0.6215477407251743, 0.10204331641089061, -0.4835706570509632, -0.09275577380121698, 0.6371107918690498, 0.05389054941056805], [-0.676853073794852, -0.19189222990186391, 0.15313253487891007, -0.5226398331902171, 0.2417163713904189, -0.4411777302497932, -0.3611990020791621, -0.11261413067650392, 0.4618204799309278, 0.7430521288194967, 0.22917331184847436, -0.006340749580330811]], "inverted": true, "swapped": true, "error_lsq": 0.04191130437302868, "error_max": 0.2219943948950078, "target": "551.xyz", "model": "11.xyz", "model_rescale": 3.890672605050136, "target_rescale": 4.0194236285828575},
{"mapping": [6, 10, 8, 7, 5, 13, 9, 2, 14, 3, 4, 1, 0, 15], "R": [[0.05811453150490059, -0.7125792076827702, 0.6991806447593936], [-0.9538741202069542, -0.24626119695467313, -0.17169620168734284], [0.2945282058264962, -0.6569522780633668, -0.6940222188950279]], "T": [0.02155789006369639, -0.028618148396326246, 0.05064298923510264], "aligned_model": [[0.4657787893477502, 0.2134217532098845, 0.5403150915504683, 0.6365267789492439, 0.6308415110013846, -0.48465167909675216, -0.42038530921309414, 0.269110356704767, 0.12054089160459085, -0.568511491242, 0.20172065757451568, -0.43022953760493005, 0.004984520640826703, 0.030413501367037604], [-0.15124554427884307, 0.18076490062688583, 0.49205447332651675, -0.5496603435530606, 0.07143971935160436, -0.42114820431553157, 0.036364611926063356, -0.4191359098721141, -0.7224595851874024, 0.09634868821851059, 0.6145503744092008, 0.5911451960096472, 0.17060209123708148, -0.057467948070793695], [-0.31707543996783505, -0.7377588970406898, -0.23013981580184, 0.1305222768247551, 0.29291119465363974, 0.5676720248350057, -0.43500120106699613, 0.6461842667825625, -0.07034185605347998, 0.25249568792594346, 0.344219756874612, 0.001327977766575679, 0.8111324406905003, 0.09864201893410801]], "inverted": false, "swapped": true, "error_lsq": 0.0427275665672839, "error_max": 0.3038313458441572, "target": "551.xyz", "model": "12.xyz", "model_rescale": 4.124412569039231, "target_rescale": 4.0194236285828575},
{"mapping": [1, 13, 2, 9, 0, 4, 11, 8, 14, 12, 5, 7, 15], "R": [[-0.1841786000088741, 0.9797232824645593, -0.07887035625405044], [-0.9828915924832523, -0.18370989593475706, 0.013220875968615903], [-0.0015364649387396428, 0.0799560124850557, 0.9967972087355492]], "T": [0.047603464155704545, 0.036969107769798795, -0.01848954869264418], "aligned_model": [[-0.297014581719168, -0.02703639855157386, 0.5994206520903052, -0.5989866966373296, 0.5344105339790266, 0.40752709817350796, -0.4696667776919253, 0.2904376296119313, 0.009304711785090049, -0.3806215393910389, 0.6741026051338748, 0.5416834668228329, 0.08373760390422413], [-0.5419890352551311, 0.5559049851933872, 0.5053193150393068, -0.07648613500344696, -0.021646251248256983, -0.5563834951454729, 0.49544484223908924, -0.5666094527523381, 0.6875472074629428, 0.35091158321224847, -0.0686118380083418, 0.5110191851303787, 0.07306446564411181], [0.3512351114361629, 0.6161610972382936, 0.19270143947105092, -0.08509211585942486, 0.5962386047912893, 0.20667562692684238, 0.05482849510041294, -0.4609513957209991, -0.30332678038534966, -0.5627578000921322, -0.20897178209022352, -0.45117174053277864, 0.0061293206846950755]], "inverted": true, "swapped": true, "error_lsq": 0.044483916428143915, "error_max": 0.2823883910366739, "target": "551.xyz", "model": "13.xyz", "model_rescale": 3.9028299243045295, "target_rescale": 4.0194236285828575},
{"mapping": [11, 12, 9, 13, 1, 6, 3, 7, 2, 5, 0, 10, 4, 14, 7, 15], "R": [[0.5243863529349264, 0.023750564141818753, -0.8511491429582432], [-0.6904947615243455, 0.5967708548643496, -0.40875607774308476], [0.4982328142174539, 0.8020601333362847, 0.3293381322433484]], "T": [-0.12721884710280665, 0.022341107544273958, 0.05955807540325646], "aligned_model": [[-0.07020051892781878, -0.5232395510696001, 0.47913125794112954, -0.0842395440715141, -0.34217107233888455, 0.05928971605212105, -0.007162318212188101, 0.7419268156564287, -0.7417002074862699, -0.240114785353575, -0.4601668168986839, 0.48649405039934157, 0.1328549470743853, 0.36240288745441007, 0.7419268156564287, -0.025172753460365654], [-0.4065472613696721, 0.09714981290855414, -0.4194333012288264, 0.5287908021786272, -0.5670261081344291, -0.5783953402537635, -0.106873892991904, -0.057945274264275065, -0.2511447239530302, 0.511569149021469, 0.34099495697173776, 0.417217728879007, 0.49913148357492465, 0.030914341948005325, -0.057945274264275065, -0.027855362456038854], [-0.5393245221067984, -0.5077262876742495, -0.13543007380086142, -0.5522530376953442, -0.10967720960550716, 0.2803261401366258, 0.6575374719925725, 0.3019789277243212, 0.35917103785198096, -0.04050322687699247, 0.7486312086036384, -0.0913774585566358, 0.4650156351916255, -0.6774953212268614, 0.3019789277243212, 0.053374526028000704]], "inverted": true, "swapped": false, "error_lsq": 0.04876468972201057, "error_max": 0.3916586303725573, "target": "551.xyz", "model": "14.xyz", "model_rescale": 3.942246331269136, "target_rescale": 4.0194236285828575},
{"mapping": [13, 2, 14, 5, 8, 7, 9, 11, 3, 12, 10, 1, 0, 4, 15], "R": [[-0.38531211397337395, -0.07051653055268693, 0.9200880358662329], [0.004022089578414274, 0.9969381401099651, 0.07809076507185266], [-0.9227775450349847, 0.03378999427191488, -0.3838487184638124]], "T": [-0.05172689427191732, 0.006968224630811308, -0.011983946453891905], "aligned_model": [[-0.8454312573889402, -0.3944842953242538, -0.05736435425950906, 0.20893473960065426, 0.6127543829435451, 0.18640604000192987, 0.009132386131372836, -0.34031514943771635, -0.5618533353720913, 0.2876448179090041, 0.6809519924156151, -0.1795054286479243, -0.5543347192585575, 0.007962317558543486, -0.08620410033946266], [0.07592675768916779, -0.47432427260949384, 0.2100380650999224, -0.5902610862944131, -0.2711369558534212, -0.3158293834817155, 0.6234292001194609, 0.582385990608577, 0.21805908368384744, 0.5664328091843621, 0.38432481956254566, 0.17521271460129317, -0.5729030175792581, -0.48797211891082404, -0.02523791593840008], [-0.21916768387154784, -0.48031145488686666, -0.6935862980699864, -0.13569592564986477, 0.30451271629072596, -0.7156506387362986, 0.21530187314046706, -0.27419617218224757, 0.3038558235110449, -0.3992702496363185, 0.13972032753569869, 0.7269456110630238, 0.15960364910155933, 0.5207288695629656, -0.04342796681183878]], "inverted": false, "swapped": true, "error_lsq": 0.04397243391648294, "error_max": 0.24159776145361214, "target": "551.xyz", "model": "15.xyz", "model_rescale": 4.355366556412066, "target_rescale": 4.0194236285828575},
{"mapping": [4, 5, 8, 3, 1, 0, 9, 13, 6, 2, 14, 15], "R": [[-0.4991837302524942, 0.24245919846255518, -0.8318828887121676], [-0.6448484247895127, -0.745221785662078, 0.16974981361141067], [-0.5787798480404185, 0.6211747155636003, 0.5283520230365273]], "T": [0.020500644950537432, 0.06807699029781315, -0.13691281613374762], "aligned_model": [[-0.2776390658027614, 0.3761999369509433, 0.21180437013386724, -0.5663713518600622, -0.6666934144195815, -0.31002445709791887, -0.23044135155694506, -0.29667234569031653, 0.5367597805759429, 0.27143292714479256, 0.5188896184568537, 0.030563907796966622], [-0.5905136553592406, -0.42599710746678293, -0.5991159515581786, 0.29647730719713195, -0.12324744303668748, -0.21335833330062293, 0.37695864054022354, 0.5860261083106983, -0.04266830932102304, 0.10871763566423898, 0.5633711140135045, 0.07612642205771844], [-0.03851177778745567, 0.12633761707849234, -0.5074589803010056, -0.047707146041469084, -0.4229368347064937, 0.5187203906026503, -0.6632274279703061, 0.4187642497242188, -0.39920752109894586, 0.5729020095271304, -0.02671722233854243, -0.08169889547885231]], "inverted": true, "swapped": true, "error_lsq": 0.04502570306104512, "error_max": 0.2096193673570424, "target": "551.xyz", "model": "16.xyz", "model_rescale": 3.795458400668931, "target_rescale": 4.0194236285828575},
{"mapping": [6, 8, 9, 7, 11, 4, 5, 14, 2, 0, 3, 13, 15], "R": [[-0.029319568801692994, -0.9939035423118375, -0.10628316642471691], [0.7282348731904768, -0.0940743364059971, 0.6788401790547032], [-0.6847001769786051, -0.057495806888438084, 0.7265534390777559]], "T": [0.017588419231262253, 0.14387351540507354, -0.10982015126704946], "aligned_model": [[0.03647393541774905, -0.260260195039625, 0.6268141223009867, -0.2769559877606412, 0.5968416589598924, -0.4942703742322215, -0.5706938933934489, 0.24377637541971614, -0.45293119105396934, -0.5759899539351072, 0.20933448046950456, 0.08057540058796256, -0.014082576836575426], [-0.2838276420506196, 0.196523629413062, 0.3585477445496721, -0.6102951375817048, 0.02147324242480997, 0.6026989344863409, -0.08588819503033385, -0.48427347801237997, -0.19239814842547354, 0.45871942550458666, 0.6262744137984341, 0.23090686297389867, 0.12531961342019268], [-0.5151614715720082, -0.8440381773010289, -0.24452667731785194, -0.08689332901450274, 0.25436097836784016, -0.35434315710018127, -0.3124663159695648, 0.13537623926053488, 0.3739033477204078, 0.2986457029133537, 0.25769300251888066, 0.7063323056632976, -0.06660741733288128]], "inverted": true, "swapped": true, "error_lsq": 0.03818933901277571, "error_max": 0.22338075893860776, "target": "551.xyz", "model": "17.xyz", "model_rescale": 3.7474275329858107, "target_rescale": 4.0194236285828575},
{"mapping": [8, 12, 9, 7, 4, 0, 1, 11, 5, 3, 2, 14, 13, 15], "R": [[-0.825510167417666, 0.5637740033089951, 0.026302788502481925], [0.5615561195322334, 0.8251388444128297, -0.06164910426729743], [-0.05645961482296093, -0.03612147054051505, -0.9977512471854063]], "T": [0.09720395774444245, -0.06520809092112811, -0.025213268618451273], "aligned_model": [[0.3861986171553103, 0.21512194322818262, 0.6364881063837924, -0.5541010089090745, 0.2482782284446456, -0.2477830561297799, 0.7224009560206576, 0.13049145569475307, -0.2542014517850304, 0.3046767600943592, -0.6373359655844739, -0.3159454478517898, -0.26392023035894496, 0.04447874148026986], [-0.6610933265111091, 0.46188220036521854, 0.3141012562813727, -0.08044657650913047, -0.7394496055601633, -0.4543007248447678, -0.22972574082787417, 0.6246317994403234, -0.5835930837507946, 0.12950920274364072, -0.12780243845680153, 0.42125532275792926, 0.35096397577064914, -0.06552401938725966], [-0.45000835986646626, -0.5604100871461107, -0.05136391395365074, -0.506484536186077, 0.20906569905113145, 0.5646159174287149, 0.39037439895654347, 0.05325268508256334, -0.24366973650240217, 0.5436305665505012, 0.1328652173419484, -0.33907919954923915, 0.5863724800996426, -0.004366412645444583]], "inverted": false, "swapped": true, "error_lsq": 0.03808554296800012, "error_max": 0.22040814819027282, "target": "551.xyz", "model": "18.xyz", "model_rescale": 3.922800546911778, "target_rescale": 4.0194236285828575},
{"mapping": [1, 8, 4, 3, 7, 9, 6, 13, 12, 0, 5, 2, 11, 14, 15], "R": [[0.28694578651623087, -0.8838565442456691, -0.36940455437729225], [-0.22292729764942687, 0.31342249298171915, -0.9230762486684666], [0.9316466795750984, 0.3472231992353455, -0.1071004871579308]], "T": [0.02981983956290009, 0.06148029391530733, -0.05383267918904146], "aligned_model": [[-0.18644506566835767, -0.023704662407353402, 0.37504737134363314, -0.012315794833120078, 0.3383281634798605, -0.5888096513432083, -0.1374994830618586, 0.3068709080786399, -0.5511638838952106, 0.7256766211042524, 0.4903494488484125, 0.6718581550911572, -0.34105627843836156, -0.04836298760359799, 0.07727797619273062], [0.6237953181860854, -0.34648114608077013, 0.20004288371668924, 0.6929713905946782, -0.6044108179665979, 0.291000790203859, -0.5019465070116057, 0.5832382482721951, -0.29211479919581906, 0.4153300123894183, -0.35689270265418294, -0.051778443976862286, 0.2763488235224388, -0.2743987118369923, 0.0629071668720452], [-0.5309927754560307, -0.7244671458515473, -0.6814711499911275, 0.009307483192064994, 0.2888976013630745, -0.05600635464999818, -0.100103761203555, 0.519454629987178, 0.28615685629033377, -0.14807334210720252, -0.2836336924825437, 0.3248690751186333, 0.4933660578569107, 0.568199189627141, -0.022843504530002282]], "inverted": false, "swapped": true, "error_lsq": 0.04034575542869391, "error_max": 0.28424589699018293, "target": "551.xyz", "model": "19.xyz", "model_rescale": 3.9282355846067225, "target_rescale": 4.0194236285828575},
{"mapping": [5, 6, 10, 7, 2, 12, 14, 9, 13, 3, 4, 0, 1, 15], "R": [[-0.5689185162257493, 0.8151775078107215, 0.10870764763802421], [0.5674667779040667, 0.4847934644120566, -0.6655499626914065], [-0.5952421170168224, -0.31695571870981765, -0.7383941322264653]], "T": [0.012493618610592137, -0.11508541604698987, 0.060886313711379175], "aligned_model": [[-0.47153161588948017, 0.02017439286949218, 0.5907727093293456, -0.5489436635471243, -0.7105674888747338, 0.36163235508057257, -0.17085604332020746, 0.6493306869399345, -0.2446182618898989, 0.2131593002941046, -0.10506956336368384, -0.5062620474495637, 0.49426752467567453, -0.03896546576975508], [-0.56843003819113, -0.5077998763853392, -0.6235704309936342, -0.2839104987819831, 0.09069393017078307, -0.0686002517184064, 0.14947024028226252, 0.04233849546914968, 0.6536987343081795, 0.3382834709367887, -0.5154776523399398, 0.025124613208483984, -0.11763523677516315, -0.09130341176521573], [0.07229757735999781, -0.3787759283621014, -0.26966900736977695, -0.4979863673704422, 0.0034994289442207838, -0.6129873637864794, -0.573340864014325, -0.010128407191757685, 0.2041043552811784, 0.4592994579302453, 0.6593649226716976, 0.6349431862033075, 0.6596666198954587, 0.06189554705245916]], "inverted": false, "swapped": true, "error_lsq": 0.053303029778823736, "error_max": 0.32293702038950306, "target": "551.xyz", "model": "20.xyz", "model_rescale": 4.067790424073018, "target_rescale": 4.0194236285828575},
{"mapping": [1, 12, 4, 0, 8, 6, 5, 9, 10, 11, 14, 2, 13, 7, 15], "R": [[0.3974952618538623, 0.5394036425488078, -0.7423215120207735], [0.09065750326216368, 0.7819344760672486, 0.6167330802216693], [0.9131148525273259, -0.3124454921142491, 0.2619142618329222]], "T": [0.1000356295587221, -0.0031318821103400347, -0.05309128191002217], "aligned_model": [[0.24570815539676993, 0.09731864213996384, -0.22429879931184055, 0.2493556471063147, -0.6348673210554089, -0.3460383441130756, -0.4074575474615261, 0.3291229018182413, -0.3684713601671405, 0.6460004404519001, 0.2460912743683522, 0.19778925374253625, 0.8402695737057876, -0.21875153188479718, 0.11667296917143842], [-0.1420341476205553, 0.7359998836164612, -0.5410810572523324, -0.7736786588551151, -0.009252302281516456, 0.3269163536173055, -0.33687581531012706, 0.46957682020889435, 0.6145129884502598, 0.41266821155982175, 0.36270100456244087, -0.4276257220268203, -0.2640213967569348, 0.05010481705853083, -0.03701583904246532], [-0.7948029031462986, 0.12535005832240548, -0.4242106067045142, -0.0054595337122614745, -0.33403289567721073, 0.1460887895400546, 0.2133625664918215, -0.4524061132657602, -0.3712839152802084, 0.05725700812730593, 0.5390953056109679, 0.562298812146496, 0.19517745442794382, 0.6896017930389035, -0.010786246298504429]], "inverted": false, "swapped": true, "error_lsq": 0.03686808707211837, "error_max": 0.27961547906855255, "target": "551.xyz", "model": "21.xyz", "model_rescale": 4.186013935880536, "target_rescale": 4.0194236285828575},
{"mapping": [5, 2, 4, 10, 12, 8, 6, 14, 1, 3, 11, 9, 15], "R": [[0.9744536556973376, 0.0829324217751341, -0.20871580274767465], [0.22044306386346468, -0.17545472668200102, 0.9594897052493232], [0.04295263079932826, -0.9809882019185836, -0.18925437697438074]], "T": [-0.05441557043770243, 0.036984137666007756, -0.06786558713934772], "aligned_model": [[0.036036027381391035, -0.5993917890325372, 0.44944751897944374, 0.46297498496971895, -0.21530186825041617, 0.6044697515190944, 0.03817984381737257, -0.6283061592518505, 0.4636728181628395, -0.10392230121520882, -0.4743703415095836, 0.12267202200653082, -0.09758647215356939], [-0.30486591838137267, -0.0035233244137273176, 0.24729089013425382, -0.4316385468246889, -0.40626112693851607, -0.3461482771494791, -0.5415493182221919, -0.3320490106503705, 0.5840308310675867, 0.6536769916930736, 0.17637196237107394, 0.18005758042149564, 0.043563926438956055], [-0.6290153342036207, -0.5873035773873975, -0.5518126369412168, 0.3957402047127351, 0.5286356246052573, -0.2631286966559226, -0.002202367342229436, 0.13292045397433194, 0.08370878424495169, 0.0797220287925373, 0.4681876399956589, 0.5514540433267796, -0.10402660578651951]], "inverted": true, "swapped": true, "error_lsq": 0.04542429847139833, "error_max": 0.25276498886929893, "target": "551.xyz", "model": "22.xyz", "model_rescale": 4.166573947596378, "target_rescale": 4.0194236285828575},
{"mapping": [7, 8, 5, 10, 0, 1, 2, 6, 4, 9, 3, 14, 11, 13, 12, 15], "R": [[0.41325630110465383, 0.9076804661712584, 0.07304382881822785], [0.666916170549591, -0.3563026661170695, 0.6544243513022241], [0.6200339112151596, -0.22173087617423734, -0.7525911024548699]], "T": [0.01621308399102625, 0.07750238599574302, 0.07827116860549516], "aligned_model": [[-0.09960036035355796, -0.7482638406422377, 0.38097516336724, 0.10754850858668438, -0.37423336209914326, 0.06694571249688784, 0.005121709647524321, 0.5653790319983277, -0.5840586098096272, -0.19580787599110563, -0.3647779000437227, 0.506656470422408, 0.11253791748222866, 0.5393327760476729, 0.5597802082209911, 0.0323233730847752], [-0.26229434000253404, 0.14192614543423, -0.5467701836487747, 0.21817706247891114, -0.6060323325404097, -0.6105338985397454, -0.21446160618945084, -0.3189312694825178, -0.266407812137492, 0.6346175957576827, 0.25529291385349884, 0.5668501142989889, 0.6233505826512628, -0.03409570636099438, 0.36149346387912407, 0.010421007114331485], [-0.5402068655720424, -0.17766583759772042, -0.33196579394166115, -0.6516669854283692, -0.13872566116229973, 0.2575233162484954, 0.6844421410807102, 0.4252074024010576, 0.32576497177286184, 0.006724527438637828, 0.507995557376203, -0.3038045421252666, 0.6393991398270453, -0.5780098630117843, 0.30906372560900486, 0.0801515047949643]], "inverted": false, "swapped": false, "error_lsq": 0.04781959922443391, "error_max": 0.3067228504401554, "target": "551.xyz", "model": "23.xyz", "model_rescale": 4.274766983524099, "target_rescale": 4.0194236285828575},
{"mapping": [9, 4, 8, 6, 5, 7, 14, 2, 13, 0, 15], "R": [[0.027047966402085864, -0.464881461539204, 0.8849596794378178], [0.6533500443445869, 0.6782477504856873, 0.33632381497008457], [-0.7565726185029686, 0.5690915705563374, 0.3220755458790425]], "T": [0.06423679240283942, 0.04084760294761976, -0.12663309504870657], "aligned_model": [[0.3428067719952152, 0.021796145129326677, -0.48092738599992024, -0.4768476548101124, -0.43634072442889327, -0.529891221356863, -0.11024129440354552, -0.0168901012627308, 0.6766327588036645, 0.3213739704278316, 0.06842343986410271], [-0.23323410074759765, 0.7669560559691474, 0.4547869240073931, -0.14868808517470017, 0.371636136111775, -0.23286501559069356, -0.5855817083043526, 0.05149419645426181, -0.14684280126782556, 0.5763256846298319, 0.04159924515624384], [-0.6582954091821551, -0.18387814664579485, -0.514574139252021, -0.2640753471744267, 0.15609130603405208, 0.3510129137648862, 0.16145477699837418, 0.6228739670940587, 0.39046504734241616, 0.38858654932040404, -0.07009508427821624]], "inverted": true, "swapped": true, "error_lsq": 0.03881395195061232, "error_max": 0.25556875983350175, "target": "551.xyz", "model": "24.xyz", "model_rescale": 3.7841303162186577, "target_rescale": 4.0194236285828575},
{"mapping": [6, 7, 4, 0, 11, 3, 12, 5, 13, 10, 14, 8, 9, 1, 2, 15], "R": [[0.5576899842430716, 0.8175438393428955, 0.143540768520446], [0.5666076331885319, -0.5013275390944312, 0.6539315625950559], [0.6065786605935397, -0.28335978772225107, -0.7428119272161346]], "T": [0.002329483909004282, 0.07418194424145846, -0.021230805840729547], "aligned_model": [[-0.04652361650986641, -0.424816137141058, 0.5636585872223998, 0.007173993428462949, -0.6550136730913221, 0.03567323099179796, 0.1267469515481555, 0.5407505378670898, -0.41722694247033426, -0.5777620743503624, -0.3464462828265596, 0.4405204077328875, 0.09587602102552834, 0.4925877668635156, 0.6781361245371211, -0.0034759724121107838], [-0.525350039072271, 0.1282687205265712, -0.38984534676283394, 0.4314056580019362, -0.3177178060538933, -0.7108235600094013, -0.07582837588119795, -0.4118364108307087, -0.32637576033615096, 0.5924518513452022, 0.33329814724759216, 0.43064144723322023, 0.4535048606406828, 0.1606195734399089, 0.16998834147576927, 0.010200435601684585], [-0.4214822615612535, -0.5084954148049965, -0.1833809024640498, -0.6644241658859661, -0.08240374778380526, 0.15669176287803455, 0.7117010491301774, 0.47195037043356036, 0.5036748310678063, -0.009181212316669088, 0.6424808937610366, -0.19553835198862551, 0.41408962673051725, -0.5736905293104583, 0.2995487861833618, -0.04731399635883417]], "inverted": true, "swapped": false, "error_lsq": 0.04313731977213379, "error_max": 0.3489691690906193, "target": "551.xyz", "model": "25.xyz", "model_rescale": 4.19342608120988, "target_rescale": 4.0194236285828575},
{"mapping": [4, 5, 8, 3, 1, 0, 9, 13, 6, 2, 14, 15], "R": [[-0.4991837302524942, 0.24245919846255518, -0.8318828887121676], [-0.6448484247895127, -0.745221785662078, 0.16974981361141067], [-0.5787798480404185, 0.6211747155636003, 0.5283520230365273]], "T": [0.020500644950537432, 0.06807699029781315, -0.13691281613374762], "aligned_model": [[-0.2776390658027614, 0.3761999369509433, 0.21180437013386724, -0.5663713518600622, -0.6666934144195815, -0.31002445709791887, -0.23044135155694506, -0.29667234569031653, 0.5367597805759429, 0.27143292714479256, 0.5188896184568537, 0.030563907796966622], [-0.5905136553592406, -0.42599710746678293, -0.5991159515581786, 0.29647730719713195, -0.12324744303668748, -0.21335833330062293, 0.37695864054022354, 0.5860261083106983, -0.04266830932102304, 0.10871763566423898, 0.5633711140135045, 0.07612642205771844], [-0.03851177778745567, 0.12633761707849234, -0.5074589803010056, -0.047707146041469084, -0.4229368347064937, 0.5187203906026503, -0.6632274279703061, 0.4187642497242188, -0.39920752109894586, 0.5729020095271304, -0.02671722233854243, -0.08169889547885231]], "inverted": true, "swapped": true, "error_lsq": 0.04502570306104512, "error_max": 0.2096193673570424, "target": "551.xyz", "model": "26.xyz", "model_rescale": 3.795458400668931, "target_rescale": 4.0194236285828575},
