[{"mapping": [12, 5, 10, 1, 0, 9, 7, 4, 2, 8, 3, 13], "R": [[0.1296120825796134, 0.692509818784673, 0.7096695420660204], [-0.8244591786393507, 0.4728878011279757, -0.3108764872126484], [-0.5508790890991446, -0.5448002188244493, 0.6322380491255879]], "T": [-0.16979574147818105, 0.005271665450369001, -0.10862914409932181], "aligned_model": [[-0.1058706118488542, -0.448152039429747, 0.6068397087321062, -0.6389977724466684, -0.4269388003381786, 0.30119582192418104, 0.5510405108292442, 0.3345298606120329, -0.2870862121366589, 0.3756290508438705, -0.5503389603665916, -0.0071537948258581785], [-0.5412123763431875, 0.42834021763607616, -0.4692020774845792, -0.2947829578657383, -0.5405137824170199, -0.4478179197966081, 0.09306208108721209, 0.5477198617556904, 0.09832064925947691, 0.5533706910637004, 0.26984251888116295, 0.013544921216660795], [-0.28859741308154596, -0.6707074589130017, -0.5412270744961174, -0.2598269965465291, 0.3724198417191129, 0.22245988729366714, 0.10132900115150043, 0.49536577973077756, 0.6455877196172813, -0.22122748185287827, 0.13300990049132602, -0.10426879049351159]], "inverted": false, "swapped": false, "error_lsq": 0.05742001792563798, "error_max": 0.3463699196500423, "target": "554.xyz", "model": "0.xyz", "model_rescale": 3.8414455957264533, "target_rescale": 3.831991501127049},
{"mapping": [5, 2, 6, 4, 1, 12, 8, 13, 11, 9, 0, 14], "R": [[-0.8979148171405847, -0.41178819997000216, -0.15549745825850553], [0.2456412910625343, -0.17564077578187354, -0.953315621401366], [0.36525242953951925, -0.8941928182714325, 0.25886264015355975]], "T": [-0.051459791969394715, -0.015874651425520005, -0.07911541453609548], "aligned_model": [[-0.072164242423788, -0.19567723209173787, 0.41557222067439603, -0.5505011826624892, -0.6267768095219045, 0.34001393369193184, 0.705533930011575, 0.19661622399031692, -0.13299449289517673, 0.2909957019390241, -0.5829016019004454, -0.08301968726282455], [-0.5259694896454475, 0.016220063501751945, -0.20570069187266032, -0.0066366920948519766, -0.460883218044467, -0.3208233039923209, 0.030370569057091713, 0.48075832802260043, -0.12231718845748998, 0.5424256890110316, 0.37091205887061524, -0.08768429736300698], [-0.49588557509855835, -0.8021479081743316, -0.6756674636631547, -0.29519314437121286, 0.38936681150772884, 0.5005777674848816, 0.14252456823886245, 0.4372768536761322, 0.7624827561992708, -0.27025579371802727, 0.2266345043562395, -0.035396461817749594]], "inverted": true, "swapped": false, "error_lsq": 0.050823957112546586, "error_max": 0.2545531947164403, "target": "554.xyz", "model": "1.xyz", "model_rescale": 4.316132596720782, "target_rescale": 3.831991501127049},
{"mapping": [10, 6, 8, 3, 7, 9, 1, 0, 5, 2, 4, 11], "R": [[-0.8306510817547688, 0.5520027209767205, -0.07288193475703925], [0.44440085933407847, 0.736134947312141, 0.5105029045645911], [0.3354499315885533, 0.39166099547957056, -0.8567817738591237]], "T": [0.007164104374334457, -0.06165103143338536, 0.018855930228034314], "aligned_model": [[0.05523228424335392, -0.4004393507142553, 0.4315914115072934, -0.6467095197258651, -0.4885607010637235, 0.2769431502515368, 0.5476382773749743, 0.20753886358569795, -0.2851612374169724, 0.44033700229236816, -0.36422441958817164, -0.06948899919735843], [-0.5431462454507151, 0.08056881929680659, -0.06957935993214931, -0.12006187097853002, -0.7477607577532097, -0.494403219612338, -0.08678964408344295, 0.4568649849410792, 0.02803228205986768, 0.588181110539054, 0.6057858613206982, 0.012979866645725986], [-0.3849851369652054, -0.6809504004504154, -0.6189800348758252, 0.011475796840792276, 0.3086342601674759, 0.5572761334744644, 0.06190220623551453, 0.46033656991746513, 0.5865377775196883, -0.2824824667840388, -0.08568252966337628, -0.04876526079645762]], "inverted": true, "swapped": false, "error_lsq": 0.04259727850019746, "error_max": 0.2680631521509487, "target": "554.xyz", "model": "2.xyz", "model_rescale": 3.795458400668931, "target_rescale": 3.831991501127049},
{"mapping": [6, 10, 2, 5, 3, 8, 1, 7, 9, 0, 4, 11], "R": [[-0.24457983312105144, -0.9097779432491523, -0.3353875358563896], [0.2608867769524764, 0.2713931247857587, -0.9264361075812895], [0.933873007877317, -0.3140857618491548, 0.17097175018642274]], "T": [0.01323692089564698, 0.014226024845371062, -0.06338126122950513], "aligned_model": [[0.11793433378793064, -0.3488666649198424, 0.2640882138765488, -0.6738182986257957, -0.33947398472265705, 0.26133968693720094, 0.6383010563424767, 0.1695592545634524, -0.47279605712838624, 0.3899125772097757, -0.34384223288619165, 0.042358877114366075], [-0.5651708937633625, 0.19053117868616745, -0.2830329535471005, -0.13261343946536555, -0.6303172389090295, -0.49715027436327996, -0.0603017097697589, 0.42096356264206614, -0.09272791040194592, 0.6715395343232426, 0.5432685162245787, 0.1456834553366343], [-0.08855980489809535, -0.6772283279072734, -0.724014321248342, -0.07814312420482866, 0.2484344275077844, 0.4728110877661975, -0.060334080418418076, 0.5638588841372476, 0.6485790205387093, -0.2589888898484968, -0.12307425556990867, -0.039023701234494716]], "inverted": false, "swapped": false, "error_lsq": 0.05596987399404794, "error_max": 0.28094326908861567, "target": "554.xyz", "model": "3.xyz", "model_rescale": 3.7530521520055578, "target_rescale": 3.831991501127049},
{"mapping": [3, 5, 8, 7, 10, 6, 1, 0, 2, 9, 11], "R": [[0.008404763893027134, 0.9020133346386807, 0.4316263477568417], [0.9965379864002419, -0.043259027637356395, 0.07099787454016984], [0.08271276567286176, 0.42953533109847675, -0.8992541341205323]], "T": [-0.06692084912892159, -0.06794039638383131, -0.047335580863540394], "aligned_model": [[-0.26651933173997483, -0.297836786089396, 0.2749472474599369, 0.4471533008359757, 0.3667016301874247, 0.0013934914405164395, -0.22462597502194676, -0.6761121644880901, -0.5179904062775942, 0.33793473906998067, -0.10684614293162764], [-0.690891801524367, 0.20359339768330936, -0.2600256778470037, 0.13423449032984844, -0.5397120187180289, 0.5522642047060102, -0.4801473499696517, -0.011237573801730613, 0.4088041737009712, 0.2930124920136108, -0.142690978258622], [-0.0055082090873123934, -0.6159502940336832, -0.6996009078569004, -0.275944781460101, 0.0134040643850597, -0.04272868383942725, 0.6456147146561714, -0.029551730933179338, 0.5480877937056172, 0.5604177397108194, -0.0054089280017476996]], "inverted": false, "swapped": true, "error_lsq": 0.06363089267249594, "error_max": 0.28665240786596685, "target": "554.xyz", "model": "4.xyz", "model_rescale": 3.7855080009869324, "target_rescale": 3.831991501127049},
{"mapping": [10, 2, 5, 14, 15, 8, 7, 6, 13, 4, 12, 16], "R": [[-0.7028103828577166, 0.6627125022488232, -0.25859177309128323], [-0.7100856376551656, -0.6316479269690032, 0.31112583234379326], [0.04284802146245517, 0.4022847694343708, 0.9145113511257739]], "T": [-0.06089277295335754, 0.047930524009097156, -0.08023160507242971], "aligned_model": [[0.23008206780710666, -0.520179894685722, 0.5049568707874705, -0.7234050220862436, -0.4006112410510089, 0.10234798909384313, 0.6748938070939047, 0.3257959879880767, -0.3090833212245997, 0.49865739014000415, -0.5694719649191105, -0.10928590739484309], [-0.6129563182766647, 0.13407504752420601, -0.0891541997629957, -0.08558756279406161, -0.6262649574206021, -0.37902526393025776, -0.0742482691626861, 0.3228296660971543, 0.10916248594684218, 0.5175198536760885, 0.463274346007718, 0.03104699908810517], [-0.1778353847751736, -0.6524379913159308, -0.6424817307336077, -0.11101859547711314, 0.25047963141495844, 0.4549049034139136, -0.00909846935250469, 0.3680755796879654, 0.5976472465385889, -0.19594789740175536, 0.09837964327770288, -0.09635002065696234]], "inverted": false, "swapped": false, "error_lsq": 0.045685450345432706, "error_max": 0.21341017297984766, "target": "554.xyz", "model": "5.xyz", "model_rescale": 4.2253639853439635, "target_rescale": 3.831991501127049},
{"mapping": [9, 5, 8, 6, 7, 0, 1, 4, 3, 10, 2, 13], "R": [[0.15496119433345973, -0.4474003995401503, 0.8808063979911034], [0.8964507652415357, 0.4383580730612375, 0.06494786586104428], [-0.4151662964989007, 0.7795351706455284, 0.46900092108441993]], "T": [-0.04225772226863557, -0.10390534006399278, -0.09401533203208721], "aligned_model": [[0.3492775074736547, -0.2919555843319941, 0.3415012181153772, -0.6821709380291093, -0.5109885958160384, 0.21215254336685774, 0.6601846537266742, 0.17559418010518835, -0.4317077846833905, 0.2617412658820095, -0.3025051978425194, -0.07642650641783169], [-0.5593936974978023, 0.26479753840398645, -0.13768232960084062, -0.0666216263966472, -0.5489778751588893, -0.5822954499102146, 0.04136211422492454, 0.31892592369768374, 0.011158215821106404, 0.5496384444929812, 0.5084672099138485, -0.08870664099729042], [-0.20276710258450326, -0.5439602525958153, -0.7244541206958707, -0.04073335465352178, 0.3659770838995262, 0.49715382215916215, 0.06147697352914579, 0.43007014117274733, 0.48744704825623564, -0.392306483861086, -0.007744111290233377, -0.04584272871570585]], "inverted": true, "swapped": false, "error_lsq": 0.05212831832600658, "error_max": 0.3054453389166712, "target": "554.xyz", "model": "6.xyz", "model_rescale": 3.89814844738969, "target_rescale": 3.831991501127049},
{"mapping": [0, 4, 7, 2, 1, 6, 8, 9, 5, 11, 10, 12], "R": [[-0.5542085779018097, -0.6452037902548764, 0.5258944012069301], [0.09033309052095845, 0.5814457862469903, 0.8085547170183054], [-0.8274616516413232, 0.495613626423206, -0.26395898993338485]], "T": [0.05345989712903619, -0.0846450035752099, -0.1172038962545065], "aligned_model": [[-0.06508665190613731, -0.25949135278556146, 0.3716446746583741, -0.6520403641768765, -0.4870323230906294, 0.31972375552093213, 0.6809261161918772, 0.15347103515639254, -0.26124349149035636, 0.39370803383547576, -0.41519569282735935, -0.0746869775372531], [-0.660630712443072, 0.14150611343296074, -0.24714269503086897, -0.0777872883650049, -0.5956862059654456, -0.3959288497329788, 0.10082582472280247, 0.44270054807909387, -0.09156395605633469, 0.618997039350088, 0.45124446561410037, 0.02413754338750662], [-0.18929804553269955, -0.6333559822108858, -0.6682280583074451, -0.17860583075457778, 0.28466879674092366, 0.42092413299435666, 0.05476554318217375, 0.5968341422669055, 0.5923667551346725, -0.32805799301034244, 0.061927557897880264, -0.12962410378088]], "inverted": false, "swapped": false, "error_lsq": 0.0373699602413679, "error_max": 0.18646703795575323, "target": "554.xyz", "model": "7.xyz", "model_rescale": 3.7474275329858107, "target_rescale": 3.831991501127049},
{"mapping": [1, 13, 2, 12, 10, 0, 3, 5, 7, 8, 11, 14], "R": [[0.012119365571047092, -0.8329362829527825, -0.5532361787871052], [0.35513746506502686, -0.5136199583621477, 0.7810710078342766], [-0.9347355251007325, -0.20594097919760435, 0.2895821320485603]], "T": [-0.05829670299815384, 0.0018524881616688027, -0.018817052301235513], "aligned_model": [[0.15053982353959083, -0.5294750030098357, 0.5452991882258293, -0.5883991613723871, -0.4825960359398982, 0.1759879662014622, 0.6185797995051129, 0.3130127003982044, -0.22582671383902955, 0.3745253976412234, -0.5966508678315346, -0.05030033196985952], [-0.6064001638871163, 0.18538285803178736, -0.08331959908539618, -0.2310373055162756, -0.32987933193374164, -0.5638820335264378, -0.06385979278140672, 0.3866012716402263, 0.24207265848720758, 0.5047791879734225, 0.2703575282176517, -0.0001434506270747496], [-0.4076844288052591, -0.762066298265204, -0.5993402744907963, -0.23188123611821196, 0.5152123806794188, 0.224633933269407, 0.2084595049518518, 0.45775315719899995, 0.5960858645567367, -0.17674133691604535, 0.13789858910368324, -0.07801294054449984]], "inverted": false, "swapped": false, "error_lsq": 0.05562726764612933, "error_max": 0.3176224606693515, "target": "554.xyz", "model": "8.xyz", "model_rescale": 4.019505241142653, "target_rescale": 3.831991501127049},
{"mapping": [2, 5, 3, 6, 10, 1, 0, 8, 9, 4, 11, 12], "R": [[-0.378670945715571, -0.8712736226980368, -0.31223483031448374], [0.5779196210546057, -0.4860942291772289, 0.6555313203506731], [-0.7229226974379599, 0.06778403020797075, 0.6875958833339456]], "T": [-0.019526062003301682, -0.050158164959048915, 0.03505297560262936], "aligned_model": [[0.12593572235898717, -0.2161524947580831, 0.35131330712185777, -0.6182843385410923, -0.5858629945521451, 0.15448842904374083, 0.6275636958619665, 0.021764282799121897, -0.1762375218298259, 0.5478625097977999, -0.4909712937051121, -0.0367225420483374], [-0.4649244652539129, 0.2723099272079433, -0.015970242455519604, -0.3476549549127623, -0.6232216385716243, -0.5352422984641116, -0.10363021856748376, 0.5643065205461332, 0.1720888253315418, 0.4641908387792356, 0.35004845757379377, -0.021628924220386498], [-0.36090402666719773, -0.5198137603063339, -0.7393953157658217, -0.24963285862806783, 0.46984084601766823, 0.47176528650975025, 0.002469807864436138, 0.31229869527962717, 0.6622593651557465, -0.2829249830455472, 0.1045049502287728, 0.01384890797704878]], "inverted": false, "swapped": false, "error_lsq": 0.053353321912546665, "error_max": 0.29515524966820517, "target": "554.xyz", "model": "9.xyz", "model_rescale": 3.877068213659057, "target_rescale": 3.831991501127049},
{"mapping": [4, 8, 1, 9, 13, 3, 5, 12, 6, 0, 10, 15], "R": [[0.42204383649035826, -0.6226242204586196, -0.6589522594079151], [0.4007647144177141, 0.7801143839515821, -0.480426052196935], [0.8131830321386373, -0.06132395983740904, 0.5787682854058885]], "T": [-0.15028498050043798, -0.08022325110342335, -0.016391511756568687], "aligned_model": [[0.12425270294565732, -0.27300218515037733, 0.52311068535144, -0.7249225249025946, -0.5277739726253765, 0.25994065895622587, 0.6306074187053616, 0.2583572159959964, -0.1781814956384911, 0.3239186714314372, -0.615181695411732, -0.09642871810866889], [-0.6797753608754257, 0.20163493650763506, -0.12382339527156513, 0.04938207126342867, -0.6047261433657207, -0.37873444181651894, -0.051099543838430156, 0.4283784963907942, 0.004282422130126806, 0.5006211533242428, 0.3773277145756029, -0.012796082031323333], [-0.16889399626407905, -0.724077448855514, -0.5618673726742245, -0.3141153046876964, 0.4079164810937361, 0.3648791748686244, 0.002431686172657467, 0.3476566078676479, 0.5938421736126878, -0.2838175949521558, 0.26240758747216947, -0.04204507903377179]], "inverted": false, "swapped": false, "error_lsq": 0.0437284551390453, "error_max": 0.2580922915806226, "target": "554.xyz", "model": "10.xyz", "model_rescale": 4.260839863003843, "target_rescale": 3.831991501127049},
{"mapping": [10, 4, 9, 5, 6, 7, 8, 1, 0, 2, 3, 11], "R": [[0.4281189695723215, -0.5286599610972027, 0.732961658905183], [-0.5234904163522112, -0.8061899812194805, -0.27570908249225756], [0.7366626988518711, -0.265662115692166, -0.6218936471827315]], "T": [0.01403463537961816, -0.025392023129278275, -0.02835921928082468], "aligned_model": [[0.04596086028661389, -0.20776164896201696, 0.40483504473283427, -0.6367475663937515, -0.5503156331613369, 0.22250634783195097, 0.7287345211810969, 0.24305899732264982, -0.36377598111535436, 0.20155842380322256, -0.4123178692962314, 0.028961265319200673], [-0.6073475421722536, 0.06201315222403853, -0.1545724637886363, -0.07758764598125617, -0.5583218324060876, -0.37429674173123223, -0.04602808031291875, 0.464525120423161, -0.09993129281853064, 0.5948140854053799, 0.5254697586339723, -0.018064690482790205], [-0.25996725467858406, -0.7206522224051677, -0.711236012675961, -0.2026263850292722, 0.2890520713755777, 0.4858495629533263, -0.0946286197459697, 0.45204652301551523, 0.7601439860347337, -0.25316210594601884, 0.10805159613354595, 0.03144577558835624]], "inverted": false, "swapped": false, "error_lsq": 0.04239917208448062, "error_max": 0.23186882463750813, "target": "554.xyz", "model": "11.xyz", "model_rescale": 3.890672605050136, "target_rescale": 3.831991501127049},
{"mapping": [4, 12, 10, 7, 3, 0, 11, 6, 8, 9, 5, 13], "R": [[0.1769846890125473, -0.7860232629934366, 0.5923207322796346], [0.9815980384976336, 0.0971235828968737, -0.16441502505206887], [0.07170572273347686, 0.6105198110450017, 0.7887482802826546]], "T": [0.14154409929607398, -0.009880348493087537, 0.09470634723502815], "aligned_model": [[0.06920412478856644, -0.19654134951203955, 0.36846377468003877, -0.6627219251613188, -0.4840376454089211, 0.10048099799355314, 0.6383126413473479, 0.3733080144504387, -0.3543956384213567, 0.23217171183109436, -0.4020725168580593, 0.022524571819534142], [-0.6457443021321376, 0.08611988685995794, -0.16080029306387222, -0.08066963766729188, -0.6420825008832352, -0.45470130221051047, 0.07551124291983505, 0.30568051318894346, 0.06933045833913129, 0.719328710169667, 0.5154703572049418, -0.07677130573258284], [-0.1907774603196395, -0.5622672678070442, -0.7569221725416108, -0.17935424591567023, 0.34376673189536305, 0.4808963012635565, -0.12595505772622034, 0.517512655310454, 0.6113885227277458, -0.16192802425831437, -0.08821383344160415, -0.0038292345669343336]], "inverted": true, "swapped": false, "error_lsq": 0.05144061000929237, "error_max": 0.28033906320015817, "target": "554.xyz", "model": "12.xyz", "model_rescale": 4.124412569039231, "target_rescale": 3.831991501127049},
{"mapping": [0, 7, 3, 5, 4, 1, 6, 8, 2, 9, 10, 12], "R": [[0.8467088934127478, -0.5305188826498679, 0.04041985858084736], [-0.229163560429469, -0.295073245538809, 0.9275860296158426], [-0.48017508513775375, -0.7946580993855968, -0.3714167372289804]], "T": [-0.00305847131678931, -0.023317309142555972, -0.10128412360021666], "aligned_model": [[-0.02599988791150129, -0.32560368964085706, 0.4751822462786577, -0.6156698614615091, -0.5350936788201273, 0.3714344512134211, 0.6536104077196644, 0.3161980133633896, -0.2368026797375114, 0.28922624383176776, -0.57291489151568, -0.08886991177083613], [-0.5801458843986589, 0.310543566768012, -0.22060486598476978, -0.27868229751227597, -0.452300739608185, -0.42377122840686726, 0.016672558225709167, 0.36637582857600454, 0.06142775349593757, 0.5042862534171719, 0.3863551649403912, 0.020515717480377272], [-0.2630958122290411, -0.5226855618850803, -0.5923205903875102, -0.46630725499341885, 0.2875449006666808, 0.5005929472617384, 0.020369518338508086, 0.4097057748353199, 0.72368704743371, -0.31305144417920094, 0.1268425881947267, -0.026965198436350993]], "inverted": true, "swapped": false, "error_lsq": 0.04750915693034458, "error_max": 0.33107497357501964, "target": "554.xyz", "model": "13.xyz", "model_rescale": 3.9028299243045295, "target_rescale": 3.831991501127049},
{"mapping": [3, 9, 7, 1, 2, 0, 4, 5, 8, 10, 12, 15], "R": [[0.05301310308588211, 0.8137707266355426, -0.5787631772774308], [-0.6346456528798629, -0.420017941379585, -0.6486985618913826], [-0.7709828183441562, 0.4016990582392702, 0.4941895996758584]], "T": [-0.11197634557694269, 0.029201851932479955, -0.03031915226677291], "aligned_model": [[0.1563441605569008, -0.1828372750552702, 0.4205142555318445, -0.7147372981698884, -0.4847793634452287, 0.26339818600702614, 0.5533495119672225, 0.1136253620953398, -0.19056102287493362, 0.4162662110241322, -0.5515525808937942, -0.09433338519447264], [-0.5224433894226904, 0.1251481970836953, -0.035289423830186656, -0.1359424373173756, -0.4829433681018761, -0.49347799124872394, -0.05191238766480591, 0.3137763714238061, 0.021439629226679774, 0.46728075532920454, 0.47183499034715515, 0.03320088116796432], [-0.14158944891608016, -0.7962293845977254, -0.7603346253346226, -0.20809809787116856, 0.3450139704656123, 0.4922860063519657, 0.0703051852484821, 0.3305451518792362, 0.7379720398929835, -0.32083469030778305, 0.2780457729155911, -0.14276496510641007]], "inverted": true, "swapped": false, "error_lsq": 0.04146193747471256, "error_max": 0.2032856860959135, "target": "554.xyz", "model": "14.xyz", "model_rescale": 3.942246331269136, "target_rescale": 3.831991501127049},
{"mapping": [5, 4, 3, 6, 9, 2, 1, 0, 7, 12, 8, 14], "R": [[-0.29586076523921395, -0.7624923103189273, -0.5753884638195067], [-0.6974320057595792, -0.23917362754686744, 0.6755624125336184], [-0.6527288908377177, 0.6011667427516074, -0.46102444889092986]], "T": [-0.15802739992251547, 0.0017450692822595926, -0.18085175703715373], "aligned_model": [[0.26852829622375085, -0.24879969296436516, 0.37800198220862347, -0.6534879971531316, -0.5149257168758521, 0.15953778106132677, 0.6514357050596726, 0.1563436785074137, -0.4063069219667906, 0.42034704359849195, -0.41912415111328116, -0.08685324503698083], [-0.4548704813721861, -0.0263177222120633, -0.1573345287855661, 0.024271025974144655, -0.6424458536277365, -0.3061369273496528, 0.01960238645636181, 0.22056820207859418, -0.09980806875508177, 0.5352158863637851, 0.5711858625531729, 0.02674204566907417], [-0.06980206016757357, -0.7593298011080376, -0.6324202606679264, 0.07760668682842686, 0.14442343772661048, 0.4412486774717228, -0.14780582420787505, 0.4468462152936947, 0.6309510190219542, -0.4021392364996911, 0.27346816962731874, -0.11873010869854253]], "inverted": false, "swapped": false, "error_lsq": 0.06113265869151285, "error_max": 0.31077792938616905, "target": "554.xyz", "model": "15.xyz", "model_rescale": 4.355366556412066, "target_rescale": 3.831991501127049},
{"mapping": [10, 6, 8, 3, 7, 9, 1, 0, 5, 2, 4, 11], "R": [[-0.8306510817547688, 0.5520027209767205, -0.07288193475703925], [0.44440085933407847, 0.736134947312141, 0.5105029045645911], [0.3354499315885533, 0.39166099547957056, -0.8567817738591237]], "T": [0.007164104374334457, -0.06165103143338536, 0.018855930228034314], "aligned_model": [[0.05523228424335392, -0.4004393507142553, 0.4315914115072934, -0.6467095197258651, -0.4885607010637235, 0.2769431502515368, 0.5476382773749743, 0.20753886358569795, -0.2851612374169724, 0.44033700229236816, -0.36422441958817164, -0.06948899919735843], [-0.5431462454507151, 0.08056881929680659, -0.06957935993214931, -0.12006187097853002, -0.7477607577532097, -0.494403219612338, -0.08678964408344295, 0.4568649849410792, 0.02803228205986768, 0.588181110539054, 0.6057858613206982, 0.012979866645725986], [-0.3849851369652054, -0.6809504004504154, -0.6189800348758252, 0.011475796840792276, 0.3086342601674759, 0.5572761334744644, 0.06190220623551453, 0.46033656991746513, 0.5865377775196883, -0.2824824667840388, -0.08568252966337628, -0.04876526079645762]], "inverted": true, "swapped": false, "error_lsq": 0.04259727850019746, "error_max": 0.2680631521509487, "target": "554.xyz", "model": "16.xyz", "model_rescale": 3.795458400668931, "target_rescale": 3.831991501127049},
{"mapping": [0, 4, 7, 2, 1, 6, 8, 9, 5, 11, 10, 12], "R": [[-0.5542085779018097, -0.6452037902548764, 0.5258944012069301], [0.09033309052095845, 0.5814457862469903, 0.8085547170183054], [-0.8274616516413232, 0.495613626423206, -0.26395898993338485]], "T": [0.05345989712903619, -0.0846450035752099, -0.1172038962545065], "aligned_model": [[-0.06508665190613731, -0.25949135278556146, 0.3716446746583741, -0.6520403641768765, -0.4870323230906294, 0.31972375552093213, 0.6809261161918772, 0.15347103515639254, -0.26124349149035636, 0.39370803383547576, -0.41519569282735935, -0.0746869775372531], [-0.660630712443072, 0.14150611343296074, -0.24714269503086897, -0.0777872883650049, -0.5956862059654456, -0.3959288497329788, 0.10082582472280247, 0.44270054807909387, -0.09156395605633469, 0.618997039350088, 0.45124446561410037, 0.02413754338750662], [-0.18929804553269955, -0.6333559822108858, -0.6682280583074451, -0.17860583075457778, 0.28466879674092366, 0.42092413299435666, 0.05476554318217375, 0.5968341422669055, 0.5923667551346725, -0.32805799301034244, 0.061927557897880264, -0.12962410378088]], "inverted": false, "swapped": false, "error_lsq": 0.0373699602413679, "error_max": 0.18646703795575323, "target": "554.xyz", "model": "17.xyz", "model_rescale": 3.7474275329858107, "target_rescale": 3.831991501127049},
{"mapping": [1, 7, 11, 2, 0, 8, 10, 5, 4, 12, 9, 13], "R": [[0.9985273545004143, 0.035197232374569495, 0.04128289170557925], [0.04758984336228306, -0.2029685809216979, -0.9780280987616796], [-0.026044752315147683, 0.9785524564333803, -0.2043447109299379]], "T": [-0.011920208718365438, -0.06549053618994688, -0.0443046009072052], "aligned_model": [[-0.13982789525173542, -0.1660036266838729, 0.43911114516664884, -0.684267728561121, -0.4789404688054314, 0.26959826791165387, 0.6619521330715183, 0.306479472229649, -0.24895110136425191, 0.216459148742211, -0.36253309796169875, -0.10837948694469168], [-0.6181989582609722, 0.2103491083968086, -0.161512803113078, -0.2181877253738076, -0.6438196321568315, -0.37973480787817476, 0.027087087939409782, 0.41581543325959863, 0.07216892030566416, 0.6167723086048065, 0.494938914384276, -0.10500601911485309], [-0.4401220344635294, -0.728110182062124, -0.6002606278316809, -0.21302064871038892, 0.33853991610616985, 0.5378056431580821, 0.07301897278810172, 0.3917987625454622, 0.739335655836559, -0.24825852465461537, 0.05920191425774414, -0.025611932349699426]], "inverted": true, "swapped": false, "error_lsq": 0.04289196448009313, "error_max": 0.2643519828331795, "target": "554.xyz", "model": "18.xyz", "model_rescale": 3.922800546911778, "target_rescale": 3.831991501127049},
{"mapping": [2, 7, 10, 3, 0, 1, 6, 8, 5, 4, 12, 14], "R": [[0.18273687130899585, -0.9431723450710994, -0.277548488299401], [-0.22150219748317657, -0.3145393483646729, 0.923039422148616], [-0.9578851770302761, -0.10719573603185051, -0.26639268346233996]], "T": [0.004001777927338419, 0.05978680238438569, -0.0437518116562434], "aligned_model": [[0.061378139259820504, -0.5537253487730113, 0.5401856957479554, -0.5851128782455339, -0.46524895349006756, 0.3227348430149168, 0.676432732568393, 0.21937204064607446, -0.3596127891339163, 0.570653150302895, -0.6594027692386002, -0.06295710111004749], [-0.6012188173326216, 0.25652465543660496, -0.1908296713198487, -0.17605322992729291, -0.5482611803799216, -0.4408420097612391, 0.022426274818458186, 0.4318988827155724, 0.031634042888202235, 0.4105583437793874, 0.44682488007718146, 0.06800965599836428], [-0.31376752721844126, -0.580823211358025, -0.5917471005428312, -0.1242045594443085, 0.2856780555345812, 0.39869937164580616, 0.10527360273213307, 0.3916088476018915, 0.6267148832207813, -0.32612158168206967, 0.12568837773793384, -0.11268224360737025]], "inverted": false, "swapped": false, "error_lsq": 0.04362046093882522, "error_max": 0.2569366043994611, "target": "554.xyz", "model": "19.xyz", "model_rescale": 3.9282355846067225, "target_rescale": 3.831991501127049},
{"mapping": [7, 8, 6, 9, 12, 2, 5, 1, 10, 3, 11, 13], "R": [[-0.1546681175092361, 0.2972921649871388, 0.9421757490316811], [0.9631620789010038, 0.25772444297625824, 0.07679141397105893], [-0.21999223439304913, 0.9193451365672403, -0.326202294101247]], "T": [-0.035182045628798606, 0.014653472931624598, -0.11888774553424913], "aligned_model": [[0.07000530315512034, -0.44187448342383956, 0.37294054207989386, -0.7022985883591083, -0.5750722327467902, 0.3631606070475654, 0.6578391810212876, 0.404164554210658, -0.34758618501096145, 0.46815143945553755, -0.5670501235087069, 0.0023167476282218227], [-0.5989389764239895, 0.09635184891332507, -0.1022394587897055, -0.14896077099124388, -0.5916445637828891, -0.2863462133964776, -0.0667657610273225, 0.3386575524546919, -0.03959650860357881, 0.5686429625106568, 0.4541469059165865, 0.08736481021279299], [-0.09569929734962218, -0.7564990813262544, -0.6154922662271415, -0.20019409730882953, 0.13353178975846947, 0.5364278503804365, -0.09091204174434683, 0.3944315683129224, 0.6821708928885479, -0.19702939493056526, 0.07430915252930476, 0.019271839637159727]], "inverted": true, "swapped": false, "error_lsq": 0.05185638358090421, "error_max": 0.25630319231008164, "target": "554.xyz", "model": "20.xyz", "model_rescale": 4.067790424073018, "target_rescale": 3.831991501127049},
{"mapping": [8, 6, 2, 13, 1, 7, 0, 12, 9, 3, 11, 14], "R": [[-0.2672008325705165, 0.33732530623564927, 0.9026712318705233], [-0.44270526981558656, 0.789056236537616, -0.4259134884675553], [-0.8559297629777406, -0.5134217499815519, -0.06150079263513096]], "T": [-0.0830295448293851, -0.08405605738651632, -0.1103063486834325], "aligned_model": [[0.06075946859791517, -0.21116235828071914, 0.4658851085642084, -0.7803435059009899, -0.4355703058415039, 0.22563101246196213, 0.6153681031361388, 0.07253330367506391, -0.1512311770370157, 0.3247691381020763, -0.3576267542906154, -0.12431527163764232], [-0.6358591076232767, 0.19118251394467567, 0.003793654426320084, -0.041038438490652265, -0.6093774633684567, -0.5264036398373537, -0.14753018219783975, 0.46848740373913267, -0.07797886460397438, 0.6405516878909524, 0.500848400716426, -0.05600413760310684], [-0.1127578975947145, -0.7851267793640554, -0.604974988242405, -0.0652926925737995, 0.41224272415181074, 0.4051752066425369, 0.002253814414439198, 0.39714787647402694, 0.6638780638185172, -0.29027541917636, -0.08760389448666345, -0.05034909944325175]], "inverted": true, "swapped": false, "error_lsq": 0.04749997138260961, "error_max": 0.22275234866300472, "target": "554.xyz", "model": "21.xyz", "model_rescale": 4.186013935880536, "target_rescale": 3.831991501127049},
{"mapping": [4, 7, 10, 6, 3, 11, 9, 2, 5, 1, 0, 12], "R": [[0.14235940909430345, -0.9703735540462469, -0.19521517423083806], [0.2256971750066515, -0.16020518663782213, 0.9609344844308366], [-0.9637398942849351, -0.18085757872424443, 0.1962038541457991]], "T": [0.06290166548734681, -0.005723139477646057, 0.034774724075825464], "aligned_model": [[-0.10417179995886673, -0.07106230154491987, 0.44657987047047665, -0.4586646186327595, -0.5950477306727773, 0.2899107816484876, 0.653635592602887, 0.1564437048857261, -0.3138265905915867, 0.09062279962822045, -0.42907151647913067, 0.03934857019312116], [-0.5957947957818325, 0.10267670307784768, -0.327103345227912, -0.10346390731371471, -0.566524367426392, -0.5344638794862262, 0.09049314431776415, 0.4658317619956835, 0.04114391640535844, 0.661101628531043, 0.5216193600295486, -0.04484439212832116], [-0.3544784664553411, -0.6784060871857895, -0.6329117525063392, -0.13335677978099209, 0.35872414846224876, 0.2952858941756429, -0.13023016774737106, 0.5992081254852938, 0.7088801136548148, -0.26472402955171104, 0.0755266252051617, 0.04079929086446359]], "inverted": true, "swapped": false, "error_lsq": 0.05569001971463732, "error_max": 0.33667126813094017, "target": "554.xyz", "model": "22.xyz", "model_rescale": 4.166573947596378, "target_rescale": 3.831991501127049},
{"mapping": [3, 6, 11, 1, 0, 8, 9, 10, 7, 14, 5, 15], "R": [[0.5356057434874659, -0.513010516586625, 0.6707806626720565], [0.1096907986661116, 0.8298581172193462, 0.5470863130925072], [-0.8373138098892374, -0.2194441048574473, 0.5007493071508778]], "T": [0.03354332494120579, -0.051780591015311225, -0.11115301583300224], "aligned_model": [[0.2566609612090269, -0.4822720641145515, 0.5160019778404229, -0.6605018856216449, -0.5465573794913283, 0.26101766110630165, 0.6245701367796557, 0.19647173859232428, -0.24000905498718225, 0.43934405649290453, -0.6246448841423645, -0.035384502114686384], [-0.5739416788315502, 0.17191171560468754, -0.19316738407302408, -0.1970645585405656, -0.3572892109695532, -0.5490293868869202, -0.11632177832313075, 0.4290760327473852, 0.13144943468431997, 0.6274126184266967, 0.38598939200098686, -0.04835336884648579], [-0.3086193946747853, -0.6239920435396951, -0.718883836524147, -0.18390516591827788, 0.37557423703922693, 0.48473137027865804, -0.027661045494120434, 0.4394579834330397, 0.5236583740835958, -0.11149026976835585, 0.14615556271543662, -0.11070885701049438]], "inverted": false, "swapped": false, "error_lsq": 0.047911811247200065, "error_max": 0.2540552653199251, "target": "554.xyz", "model": "23.xyz", "model_rescale": 4.274766983524099, "target_rescale": 3.831991501127049},
{"mapping": [9, 1, 2, 6, 0, 5, 7, 8, 10, 3, 11], "R": [[-0.6301267677954195, 0.771608138875847, -0.08695479588987232], [-0.4868987255663405, -0.4798684257303306, -0.7298328062158949], [-0.6048717943081585, -0.4175490079112224, 0.6780729595277951]], "T": [-0.06770761866516467, 0.07552302130083985, 0.09237619515717926], "aligned_model": [[0.17307435021660778, 0.3521661522502619, -0.46769141422453875, -0.43542480748630263, -0.4971059527462889, -0.6030681027055449, 0.05139072253129316, 0.05061783581072196, 0.5521442447383487, 0.23269244509965675, -0.02890076952614004], [-0.1661343283778642, 0.6909693202993351, 0.41264883117019335, -0.29415152730616245, 0.5116233007786916, -0.12410558469979202, -0.5091243196524705, -0.3497497347185803, 0.017918326917432614, 0.564369402929608, 0.16132284390309237], [-0.6473432803301016, -0.2538859323194021, -0.6229120523939848, -0.25035783729119937, 0.10127288239747137, 0.4443890288588614, 0.1299548449159888, 0.7123461762276759, 0.2559353261569748, 0.40930923747915277, 0.10085804032014009]], "inverted": false, "swapped": true, "error_lsq": 0.055436850704409665, "error_max": 0.3638082081928507, "target": "554.xyz", "model": "24.xyz", "model_rescale": 3.7841303162186577, "target_rescale": 3.831991501127049},
{"mapping": [9, 13, 10, 12, 2, 8, 7, 6, 4, 11, 3, 15], "R": [[0.46307214558420445, 0.3851999523755965, -0.798238801784203], [0.8819355530859103, -0.11078130035183248, 0.45816720058883215], [0.08805605139393585, -0.9161596477591643, -0.3910212674915691]], "T": [0.07891265432659672, -0.11892586173977522, 0.017966045395800406], "aligned_model": [[-0.1251390683146666, -0.3114111196449717, 0.5703555922043564, -0.6065160916311663, -0.43292473490601563, 0.17263088228677104, 0.6718851373487615, 0.13595781776776988, -0.26459008816875423, 0.24971790692243778, -0.4278237507605152, 0.0725542784448711], [-0.5852759200185995, 0.30080542269341154, -0.2937689738529388, -0.21445543205756584, -0.5889613932957289, -0.5889054698671107, 0.14446586135449552, 0.506871770878772, 0.05223638642993096, 0.5369276568988686, 0.4963558211564503, -0.055623903327138666], [-0.27016799659957713, -0.5144557776089485, -0.5592417423495307, -0.29224910871147813, 0.31102254845566657, 0.3640785203679461, -0.024624971077382374, 0.374546505572772, 0.6578204769331775, -0.34274061788846355, 0.13479307174214936, 0.04553600578374985]], "inverted": false, "swapped": false, "error_lsq": 0.047609636986397114, "error_max": 0.24617397419617212, "target": "554.xyz", "model": "25.xyz", "model_rescale": 4.19342608120988, "target_rescale": 3.831991501127049},
{"mapping": [10, 6, 8, 3, 7, 9, 1, 0, 5, 2, 4, 11], "R": [[-0.8306510817547688, 0.5520027209767205, -0.07288193475703925], [0.44440085933407847, 0.736134947312141, 0.5105029045645911], [0.3354499315885533, 0.39166099547957056, -0.8567817738591237]], "T": [0.007164104374334457, -0.06165103143338536, 0.018855930228034314], "aligned_model": [[0.05523228424335392, -0.4004393507142553, 0.4315914115072934, -0.6467095197258651, -0.4885607010637235, 0.2769431502515368, 0.5476382773749743, 0.20753886358569795, -0.2851612374169724, 0.44033700229236816, -0.36422441958817164, -0.06948899919735843], [-0.5431462454507151, 0.08056881929680659, -0.06957935993214931, -0.12006187097853002, -0.7477607577532097, -0.494403219612338, -0.08678964408344295, 0.4568649849410792, 0.02803228205986768, 0.588181110539054, 0.6057858613206982, 0.012979866645725986], [-0.3849851369652054, -0.6809504004504154, -0.6189800348758252, 0.011475796840792276, 0.3086342601674759, 0.5572761334744644, 0.06190220623551453, 0.46033656991746513, 0.5865377775196883, -0.2824824667840388, -0.08568252966337628, -0.04876526079645762]], "inverted": true, "swapped": false, "error_lsq": 0.04259727850019746, "error_max": 0.2680631521509487, "target": "554.xyz", "model": "26.xyz", "model_rescale": 3.795458400668931, "target_rescale": 3.831991501127049},
{"mapping": [9, 0, 1, 3, 4, 11, 8, 5, 10, 6, 7, 12], "R": [[-0.2721451166536937, 0.007243210465026739, -0.9622289599589628], [0.6670038904058883, 0.7221769337547036, -0.18321104370660757], [0.6935725237240569, -0.6916704506156194, -0.20136817544048208]], "T": [0.04023112444506671, -0.16186207705365713, -0.08860263200498676], "aligned_model": [[-0.05658118484078624, -0.3826372746408807, 0.42062359050326253, -0.6857903068310086, -0.42970933147367535, 0.2629373032422215, 0.7158372469007966, 0.18482500439204344, -0.2713724119650773, 0.4550455396877134, -0.47202044022383893, -0.03646097320189223], [-0.5391933488944869, 0.2194761707406387, -0.09221963843690774, -0.15498990977321156, -0.6113115333445649, -0.5548405044535158, 0.020201899783023947, 0.4730970190899472, -0.002062439477238387, 0.5292109906903366, 0.44030128678144104, -0.016998165712615976], [-0.26922040017060916, -0.6944381294104939, -0.5367149762456982, -0.2224765035877786, 0.43676803406543396, 0.4659643209026293, 0.11427857891637548, 0.28925980855587513, 0.5319243540611869, -0.2661807151731315, 0.09902923196932091, -0.06387668926302933]], "inverted": true, "swapped": false, "error_lsq": 0.03710272611538406, "error_max": 0.20437913438551655, "target": "554.xyz", "model": "27.xyz", "model_rescale": 3.6321398670334006, "target_rescale": 3.831991501127049},
{"mapping": [8, 3, 7, 0, 10, 9, 6, 13, 11, 4, 2, 14], "R": [[0.9907900583654087, -0.1328675359578236, -0.026101305192787954], [-0.1332261914796102, -0.9910066804118858, -0.01251164588906042], [-0.02420417625346601, 0.015873791844151608, -0.999581002512743]], "T": [-0.027734432234437348, -0.06235357809540638, -0.07038258542458964], "aligned_model": [[-0.015226074738221382, -0.31374989179914875, 0.328284384873033, -0.6443355810191482, -0.416636211255635, 0.2098510012482669, 0.6875689212559476, 0.20794965673307664, -0.34973383037163913, 0.4972409818201288, -0.46522903478157734, -0.021287560416205054], [-0.513016443736988, 0.058379239429188066, -0.1882454198801824, -0.1463497990003325, -0.6538614099537224, -0.3466710867109829, 0.11972884539994946, 0.35980062717978895, 0.005625804161457672, 0.48536355400124626, 0.5346791305927088, -0.004761214489284467], [-0.3229219651637264, -0.6829010125962243, -0.747353212587461, -0.1168514181074993, 0.25140231807622443, 0.48575487717948296, 0.17271110161856212, 0.587429066258528, 0.4811797660878828, -0.4033600774643463, 0.22218207619924318, -0.04295460488058518]], "inverted": false, "swapped": false, "error_lsq": 0.04510422270535063, "error_max": 0.2640359951395897, "target": "554.xyz", "model": "28.xyz", "model_rescale": 4.156811204709835, "target_rescale": 3.831991501127049},
{"mapping": [5, 7, 6, 9, 10, 8, 0, 3, 1, 11], "R": [[0.3769715248586224, 0.7705204263458678, -0.5139948852173015], [0.007696650737291033, -0.5575220863979041, -0.8301264269651678], [-0.9261928692303742, 0.3089779858862276, -0.21610037765931134]], "T": [-0.15420690574185691, 0.035485141797557615, -0.05886108464268727], "aligned_model": [[-0.6498958318314163, -0.03595803897403754, 0.07181586789979566, 0.6500406263126435, -0.04187396235507623, -0.5878113571959608, -0.41238327489070764, -0.4053264429138037, 0.2158417670267474, -0.16152397896759668], [-0.061698251804732554, -0.5287443151851817, -0.03784196005766624, -0.014419140076214546, -0.2942779737952496, -0.5848197381854614, 0.5675679720239122, 0.24551243305807358, 0.5342614728492844, 0.09317983179943974], [-0.500701938182189, -0.21720062000359783, -0.6358174623433634, -0.17825372864726668, 0.48236328670232975, 0.021323971111289475, -0.21658983379002958, 0.5090165883056575, 0.47896020792861493, 0.015686255893654744]], "inverted": false, "swapped": true, "error_lsq": 0.05192551585939803, "error_max": 0.27916548817108633, "target": "554.xyz", "model": "29.xyz", "model_rescale": 4.117894457231895, "target_rescale": 3.831991501127049},
