[{"mapping": [2, 1, 8, 9, 14, 4, 10, 13, 7, 11, 0, 6, 3, 15], "R": [[0.2331964371749899, 0.4432481197811933, -0.8655348207896248], [0.43775294219415195, 0.7469383524741082, 0.5004552519492911], [0.8683270025107216, -0.4955947960922329, -0.019849805969924347]], "T": [-0.020136747541127882, 0.141165426204516, 0.1360286833691584], "aligned_model": [[-0.009167552499765148, 0.22574214434185544, -0.5529042142553401, -0.4059794028456345, -0.6406387121807956, 0.22146491880817162, -0.8412302448272202, 0.0033372200503363966, -0.27532929547163876, 0.35788722095635184, 0.5882478713377429, 0.15671360716051042, 0.6084136524795762, -0.06506511192584719], [-0.6620677419908909, -0.3463956635194415, -0.3659839800958342, -0.3053429046333129, 0.2952804455111923, 0.20898145493325687, 0.03384238528097755, 0.4282485072129002, 0.6828693164537888, -0.0805096553351391, 0.5752710665913503, 0.7795324614542254, -0.09366077572040293, 0.08520841566736484], [0.33573486159838484, -0.4437442830937891, 0.36594331689308374, -0.328860604503437, 0.5053262697699561, -0.5842180986585905, -0.01983327894232828, 0.7786067436111586, 0.2392123947306456, 0.6677127928805809, 0.4205372215218805, -0.2144443409725209, 0.06127729081748916, 0.11433780152731943]], "inverted": false, "swapped": true, "error_lsq": 0.04345925458046933, "error_max": 0.33016193028641044, "target": "555.xyz", "model": "0.xyz", "model_rescale": 3.8414455957264533, "target_rescale": 4.23827202140068},
{"mapping": [4, 9, 7, 10, 5, 14, 13, 6, 11, 0, 12, 1, 2, 3, 15], "R": [[0.8845018116520325, -0.4552883173070922, -0.10182874499840118], [-0.23255760258989727, -0.24105813244932534, -0.9422356065537342], [0.4044422167157037, 0.8570901498113955, -0.31909711442500965]], "T": [0.010207713738481403, 0.02559004636412417, -0.03040735291526758], "aligned_model": [[-0.6848292652018937, -0.4866929329420511, 0.08723824786205492, -0.22059917892665293, -0.57909515975695, 0.3198699747695264, 0.651091709528195, -0.3248331087751238, 0.5754574473054527, 0.3481573790487992, 0.5360118501931047, -0.5424314031570244, 0.21315437906554768, -0.005120757806881265, -0.01533502770155881], [0.17854217871139771, 0.13911804548017048, -0.556124698626588, -0.42098442663840197, -0.2832617198240139, -0.5201617131676087, -0.2163115318407193, -0.3172697240200825, 0.40609861885354526, 0.07855267165272618, -0.015518841842923164, 0.5908079824374145, 0.6251944784680644, 0.6186354385742651, 0.0397277698257694], [0.24391918439470944, -0.5822836387655301, 0.12735028333040097, -0.7066507529236892, 0.008088846554997035, -0.41953347087729526, 0.13276622479491085, 0.5456262273075339, 0.07174899689071224, 0.6924409325672636, -0.44944180759421076, -0.12750333401473546, -0.5637679995568671, 0.29187966497947665, -0.09945756974814134]], "inverted": false, "swapped": true, "error_lsq": 0.04062781899557097, "error_max": 0.29856381167498014, "target": "555.xyz", "model": "1.xyz", "model_rescale": 4.316132596720782, "target_rescale": 4.23827202140068},
{"mapping": [1, 5, 9, 11, 2, 3, 12, 0, 10, 6, 7, 15], "R": [[-0.23120716422827664, 0.3689865573007197, 0.9002178446025613], [0.9664415075572086, -0.019370546560536994, 0.2561554106328727], [0.11195561477687604, 0.9292328569617567, -0.35212531556623855]], "T": [-0.012552369116643133, 0.0719183503155916, -0.028898805653092833], "aligned_model": [[-0.24908295019830523, 0.5313370696535131, 0.15340483066955185, -0.6176522421325734, -0.6020330638838196, -0.5501224729119979, -0.1932648176787115, -0.2628366903049776, 0.5327082373101937, 0.40868199690464785, 0.45539956850659113, -0.008730911302331416], [-0.6801660552339388, -0.2678762729847296, -0.5580894758764143, 0.3996466009413744, -0.1908092674323235, -0.12029821606160032, 0.40869762063476944, 0.5419844652386572, -0.11314728657012696, 0.11802005240561282, 0.4510122880211861, 0.023801974658513934], [0.08393412158910518, 0.15241070852538602, -0.4029504610626808, -0.0632250675966761, -0.5472356775050983, 0.331486954721395, -0.583581182179042, 0.5676917289301178, -0.6440795098508839, 0.589208064062692, 0.05186003281255283, -0.08626125123744706]], "inverted": false, "swapped": true, "error_lsq": 0.041726364629832945, "error_max": 0.26067064805192486, "target": "555.xyz", "model": "2.xyz", "model_rescale": 3.795458400668931, "target_rescale": 4.23827202140068},
{"mapping": [1, 2, 8, 13, 5, 7, 12, 3, 11, 0, 10, 15], "R": [[0.34888880376047804, 0.783252885903708, -0.5145789728837509], [-0.1117638634646635, 0.5799367173365481, 0.8069586375449245], [0.9304759220066015, -0.22402749967006763, 0.2898727961667724]], "T": [0.12259477176864936, 0.10940196942873893, 0.003840465806969416], "aligned_model": [[0.14681478218097652, -0.2685481059864337, -0.6038042656339331, 0.23277818219836657, 0.09123167901734863, 0.15198717415280733, -0.2931730469479637, 0.564731338055529, 0.30661672787699046, 0.8414103163367768, -0.6348258932102171, 0.05808493770331688], [-0.15759532036767598, -0.6087308512742788, -0.13331149486697397, 0.06733955303673905, 0.649145706173672, 0.6142869423532854, -0.17012244136499494, -0.3395487145517656, -0.4549385681199485, 0.05318613727820577, 0.4710669109281764, 0.09499118606526823], [-0.7461160507089276, -0.12452971905933666, 0.08949702024674011, 0.6980772087509493, -0.38582901287829885, 0.34064971496420476, 0.45412152192696276, -0.23857500661706663, 0.3536770450700145, 0.3497720383595492, -0.07044361086730275, -0.03152971854838796]], "inverted": false, "swapped": true, "error_lsq": 0.04613097590300091, "error_max": 0.2570454884212553, "target": "555.xyz", "model": "3.xyz", "model_rescale": 3.7530521520055578, "target_rescale": 4.23827202140068},
{"mapping": [7, 10, 5, 1, 6, 2, 0, 12, 11, 3, 15], "R": [[0.6581614950657728, -0.6136621265088358, 0.4361676752138339], [0.32953083614142176, 0.7556997867263271, 0.5659746110681284], [-0.676929002514091, -0.2287719974787939, 0.6995930951094647]], "T": [-0.0859599008977503, -0.07610531741052991, -0.017048568605470833], "aligned_model": [[-0.32801950951213543, -0.3529748282610541, 0.2824170387663788, 0.5620676983047358, 0.27495595693138875, -0.2150811632707192, -0.05168444813637904, -0.6998886223656874, -0.34875161438197877, 0.3019125874060992, -0.08675349303544375], [-0.6230958994693944, -0.04926826659132623, -0.4088089271375724, 0.3689754000456253, -0.7304462602875674, 0.7414192103081306, -0.43088692196925554, 0.2008679151764034, 0.22626056421652746, 0.19845275734890883, -0.026266213326133596], [-0.1239207751755067, -0.8157904035951413, -0.46174620291382346, -0.14461158812225305, 0.03949817741097677, -0.004096752763593954, 0.6988284223577743, -0.028325012973248444, 0.5435273350802531, 0.4625132288372096, -0.07304565089733031]], "inverted": true, "swapped": true, "error_lsq": 0.04921507540888988, "error_max": 0.24511213320649566, "target": "555.xyz", "model": "4.xyz", "model_rescale": 3.7855080009869324, "target_rescale": 4.23827202140068},
{"mapping": [15, 5, 7, 10, 3, 2, 14, 12, 4, 0, 1, 8, 6, 13, 11, 16], "R": [[-0.3564304123955965, -0.31703567558650536, -0.8788889244522958], [-0.9009104101369758, 0.3659264328245227, 0.2333629762133363], [0.2476243001531374, 0.8749778432427466, -0.41604804987878596]], "T": [-0.005834953219857053, -0.01922217545448828, 0.0056675168970720426], "aligned_model": [[0.5194299303856279, -0.6648414350053551, -0.11347228187829814, -0.05721184514265132, -0.5665441002043734, -0.4400245956022114, 0.16638046546635993, 0.22464221859208106, -0.3496262990595237, -0.7369442588039306, -0.3620154407999074, 0.5338232331423738, 0.2655547549946349, 0.6912392418244611, 0.35489276256661656, -0.005101099354577754], [0.4756823726084906, -0.2335564671660087, -0.5832438250280358, 0.09298171034315278, 0.3392054903427898, 0.49805562975256207, 0.5951040588777745, 0.13806028776631382, -0.6641388072630168, -0.19446351146478952, -0.22544631461091896, -0.11919240815203797, -0.6111421999390502, -0.0646187903385872, -0.39348375550193465, 0.03354870717410721], [-0.3924334716012621, -0.41251248379703626, -0.4756465761518616, -0.7124793880343272, -0.19320798757306404, 0.30514825795858297, 0.23070645999524347, 0.6263185968501487, 0.11920531856612585, 0.21361833022130977, 0.6410500817238043, -0.4348831254021371, 0.05100380431025764, 0.19774654447629317, 0.6075312997119229, 0.015739636876925842]], "inverted": true, "swapped": false, "error_lsq": 0.03893580929582798, "error_max": 0.2677656953732567, "target": "555.xyz", "model": "5.xyz", "model_rescale": 4.2253639853439635, "target_rescale": 4.23827202140068},
{"mapping": [11, 2, 10, 12, 8, 5, 7, 13, 1, 3, 9, 6, 0, 15], "R": [[0.8930574699935049, 0.1455516441507862, -0.425750013709692], [-0.42587742031508474, 0.5787541020910429, -0.6954653925096196], [0.14517843557005505, 0.8024078814404764, 0.5788478328953457]], "T": [0.05179428176380099, -0.0049952229652586305, 0.10103574600572544], "aligned_model": [[0.6091254971088479, -0.029220955099709678, -0.6164495321761326, 0.18801909144728443, -0.27154971862662947, -0.42517910135892945, 0.11683581252779981, 0.6064977678329003, -0.3429310072922097, 0.33436275030218976, -0.6545007069652494, 0.09869165650434787, 0.7688535271332082, -0.008492928579934361], [-0.03713873166947536, -0.0429653972927513, -0.517184683388401, -0.5583239787481941, -0.5054268731831598, 0.1616567554115006, -0.32041206402135886, -0.42957435177817255, 0.6041812064878713, 0.5442277949195263, 0.04655347105508001, 0.28932484295620137, 0.22962319584324148, -0.019442039956917782], [-0.30279425051675357, -0.7218744560269748, 0.13447045038052768, -0.2581576476708539, -0.38775792568000667, 0.5356306809241251, 0.6162978493811431, 0.18997894124503778, -0.22669121703828027, -0.17157360522508347, -0.1496760709868788, 0.7886375170049242, 0.3661864502701242, 0.05888149287039758]], "inverted": false, "swapped": true, "error_lsq": 0.04452894239068502, "error_max": 0.3427369324911886, "target": "555.xyz", "model": "6.xyz", "model_rescale": 3.89814844738969, "target_rescale": 4.23827202140068},
{"mapping": [12, 14, 10, 11, 9, 7, 13, 2, 3, 6, 5, 1, 15], "R": [[-0.7575696980594251, -0.6075448754404005, 0.23869934417224487], [-0.3082835489051945, 0.6553339426127299, 0.6895641211186048], [-0.5753689303886422, 0.44880580208567217, -0.6837572273531494]], "T": [-0.15682326530227342, 0.08710711628453009, 0.02485193340908345], "aligned_model": [[-0.001999392808685413, 0.011968252504056948, 0.5067997720199123, -0.44805997933034225, 0.5603610888327357, -0.3883498476797435, -0.5955961592574588, 0.29876090638561814, -0.3835824938627713, -0.5706787446976875, 0.024415582126967872, 0.2169917023365407, -0.08239888566492018], [-0.3107272748933993, 0.20578799946883364, 0.41708116344147955, -0.5332603181697027, 0.20245724441510182, 0.5000863686346246, -0.11042214143651526, -0.6000681573398337, -0.26962850237851355, 0.6792803870344395, 0.700674533433926, 0.004419919628865329, 0.07810004363117888], [-0.49621156609233663, -0.6840762054754358, -0.376056173558472, -0.046249244583667054, 0.21644328045512218, -0.35601129440604495, -0.4892830935385927, 0.098469928347473, 0.5512801543517178, 0.22403606939021234, 0.21149799513099135, 0.7232315836037913, 0.025203597211536723]], "inverted": false, "swapped": true, "error_lsq": 0.04278445741845604, "error_max": 0.2381846312245153, "target": "555.xyz", "model": "7.xyz", "model_rescale": 3.7474275329858107, "target_rescale": 4.23827202140068},
{"mapping": [7, 6, 0, 13, 3, 12, 14, 8, 11, 2, 10, 9, 5, 4, 15], "R": [[0.14416593690593513, -0.5115074931844767, 0.8470987351260575], [0.7849258523620608, -0.46217195183492654, -0.4126602636925285], [0.6025840928283177, 0.7244012502427277, 0.3348660026294795]], "T": [0.06731284042246162, -0.05478936439073852, -0.009312920852858793], "aligned_model": [[-0.26327859659984965, 0.2909390062958814, 0.48233204446010935, -0.1736100875140435, 0.7012407178272602, -0.3784953058843422, -0.6572738592166067, -0.4561478951157936, 0.24834754843680656, 0.08952916977593002, -0.6255970979589964, -0.07498971135726022, 0.035114586248046156, 0.5446238759745936, 0.03941932696701196], [0.04872856015669341, 0.3407842937333435, -0.42987594826932324, -0.593320823457027, -0.24576946998723515, -0.5172994574067205, -0.15393967730833646, -0.19292297422818477, -0.7162177421100812, -0.40913629764900744, 0.341441113833032, 0.40882116450456696, 0.5991891171003344, 0.5400747949938455, -0.03143869192630707], [-0.5085188508914636, -0.605243016902629, -0.5807967567223453, -0.3937791696323312, 0.12285654112865035, 0.19339207502866881, -0.11079279458920199, 0.5391489253965798, 0.05753683967678138, 0.738437765507594, 0.26065549047138287, 0.5644305369687532, -0.13350899863275129, -0.003262038566193677, 0.05623810745476635]], "inverted": true, "swapped": true, "error_lsq": 0.04081532131856997, "error_max": 0.2978227724480702, "target": "555.xyz", "model": "8.xyz", "model_rescale": 4.019505241142653, "target_rescale": 4.23827202140068},
{"mapping": [8, 11, 14, 10, 9, 5, 7, 2, 1, 3, 0, 4, 15], "R": [[-0.6903991245338051, 0.48264679566912505, 0.5388887821000559], [0.613791024228784, 0.7850694347571688, 0.08322596461585649], [-0.3828963664219549, 0.388224230619864, -0.8382555215090914]], "T": [-0.02132299836131106, 0.059432018796265126, -0.004335657402495571], "aligned_model": [[-0.16264478529877835, -0.7019419925411771, -0.027880327727052442, 0.4153816577436946, 0.38664833046272945, 0.6420970377362973, 0.1742187736031846, -0.4589250672281324, 0.20955210903461624, -0.29474821804645995, -0.3721687582774684, 0.5127858755410949, -0.002673863261372398], [-0.5859163718792045, 0.09469792231605417, -0.009876802526730025, -0.4030823373126219, -0.5687950107709606, 0.11632271618012656, 0.45292977566223225, -0.6278540557720977, -0.35720845755165787, 0.10163410279294485, 0.7441419540926948, 0.11904549146519179, -0.012660698581913224], [-0.40114296554802387, 0.09687726495266182, -0.7393922017155473, -0.5569433224086544, 0.052729991786765185, 0.023709873731447964, -0.42402143304807344, 0.14170777579427113, 0.6339560757267669, 0.6115087665485127, 0.21384824906419198, 0.5368664773417038, -0.01300105818214318]], "inverted": false, "swapped": true, "error_lsq": 0.05167839188654932, "error_max": 0.3122699294719627, "target": "555.xyz", "model": "9.xyz", "model_rescale": 3.877068213659057, "target_rescale": 4.23827202140068},
{"mapping": [10, 3, 5, 6, 13, 2, 14, 9, 1, 4, 7, 12, 0, 11, 8, 15], "R": [[-0.2679719248006761, -0.8984942345760992, 0.3477055621529951], [0.11709017060776791, -0.3886026993850006, -0.9139353554698137], [0.9562849677087184, -0.2041961127548721, 0.2093394565535484]], "T": [-0.06214396909444519, -0.006869788488915098, -0.008551922820819732], "aligned_model": [[0.47440154513542254, -0.45705856309290055, -0.2040762900596071, 0.0028882922857846258, -0.5080405969433008, -0.39002947382810327, 0.034453763044495885, 0.20052582893619092, -0.22997383356030204, -0.7006992233676024, -0.43051315214971636, 0.33117999513072566, 0.41167034426200644, 0.66591923908054, 0.26662308196060236, -0.007089705712909795], [0.4391864808926766, -0.16258227320954394, -0.7022927896282836, 0.2527481508696429, 0.6002916061517022, 0.3164895526370088, 0.7592822441989189, 0.36089396407102753, -0.8242471312665461, -0.2050841253515361, -0.3510346234464902, -0.31580712452982734, -0.6464508948960055, -0.12136602456901965, -0.23883384754246414, -0.07784098698044914], [-0.13647180073297885, -0.480311849348485, -0.3360233078215337, -0.5641362149564392, -0.182246292605079, 0.46924007192340733, 0.10634580384293554, 0.4724883077267169, 0.22942712312773783, 0.09656203270948008, 0.6334303828314665, -0.5635737217437728, -0.02276601510370804, 0.02978674029021199, 0.6498004427525617, -0.014646404761594588]], "inverted": true, "swapped": false, "error_lsq": 0.03566800079625035, "error_max": 0.2830807152164223, "target": "555.xyz", "model": "10.xyz", "model_rescale": 4.260839863003843, "target_rescale": 4.23827202140068},
{"mapping": [13, 7, 5, 6, 1, 3, 11, 12, 10, 9, 2, 15], "R": [[-0.6072191142128648, 0.688641845054655, -0.39630462598140936], [-0.06442254689987909, 0.4544733768550166, 0.8884276476905315], [0.79191835613621, 0.5650012026267899, -0.23160085976697997]], "T": [-0.017583896630782934, -0.00878073197411335, -0.12422097776085966], "aligned_model": [[0.5091608567423804, 0.17331010333964927, -0.4055363242472076, -0.440896869648364, -0.6166720641734913, -0.38858355905207637, 0.2596361733495781, 0.6201948980834886, 0.26966837715597736, -0.19979153840936603, 0.1890877883127538, -0.010679192359192055], [-0.020098196109961643, -0.5360727866359016, -0.5084394454731443, -0.4930117065581697, 0.3297507702345719, 0.5125415107595627, 0.5378669833634524, 0.17275806652349937, -0.45255321119744135, -0.03495728293065451, 0.6644318895956245, 0.0008619139614962894], [-0.5914320284215886, -0.35817778870388656, 0.08550105611296843, -0.5088589251493021, 0.276776189124785, -0.3396022463974345, -0.4389514385641542, -0.005765591799118078, 0.5319480824534162, 0.6041206025407269, 0.31081693340759314, -0.050196767208501]], "inverted": true, "swapped": true, "error_lsq": 0.04189076241604949, "error_max": 0.25154156818419815, "target": "555.xyz", "model": "11.xyz", "model_rescale": 3.890672605050136, "target_rescale": 4.23827202140068},
{"mapping": [5, 10, 14, 6, 7, 3, 9, 0, 4, 2, 12, 8, 11, 15], "R": [[0.48398493221695144, 0.5485869672235104, 0.6817704340754771], [0.3679759819803249, -0.8344539490604634, 0.4102197991114197], [0.7939472665565195, 0.05233494329708416, -0.6057299659398754]], "T": [0.10447263025515241, -0.061995627335262336, 0.16348064093013817], "aligned_model": [[0.3315689780419294, 0.17231735075098104, 0.44789911587771036, 0.6304503706116931, 0.6996846564718892, -0.27882951192825267, -0.29780942682219474, 0.4183983213666167, 0.016091775831814648, -0.6445357303674821, 0.010314729436664269, -0.2281125044733771, -0.1257498058852963, 0.058187515880998145], [-0.39622896789011086, 0.37736350566722054, 0.5627013519301746, -0.5930936618469412, 0.036736703387359355, -0.45757540941086955, -0.037698397425692566, -0.3561010476350293, -0.7559599589667291, 0.28212286849264223, 0.5902602332470642, 0.5754685308793954, 0.13878651888038454, -0.0346297494811028], [-0.3664859339070048, -0.5523170706073595, -0.028786797001032843, 0.10960898947910402, 0.09145432464339037, 0.5538686850294827, -0.4705107512125667, 0.837629973049023, -0.1403748131122667, 0.23934459744800132, 0.30293094340365545, -0.1138801489403872, 0.7810679744302242, 0.11124046265459758]], "inverted": false, "swapped": true, "error_lsq": 0.047380149307894234, "error_max": 0.327091708416023, "target": "555.xyz", "model": "12.xyz", "model_rescale": 4.124412569039231, "target_rescale": 4.23827202140068},
{"mapping": [3, 4, 9, 0, 2, 11, 6, 13, 5, 7, 8, 10, 15], "R": [[-0.3563711514881194, -0.9227374512065069, 0.14681688774780577], [-0.7763439538157745, 0.3798625182406136, 0.5029856186906249], [-0.519893900484246, 0.06526916099368385, -0.8517336842361338]], "T": [0.09099579995220293, 0.0744242836002102, -0.01380693614082602], "aligned_model": [[-0.1277971577666685, -0.21533145324910452, 0.607115076546917, -0.5794903557040751, 0.7330492700951351, 0.10507318519386746, -0.5619682975757426, -0.051959583081830754, -0.05137999089804747, -0.15410082250102258, 0.8455951265261811, 0.6596375328706684, 0.15885577705348003], [-0.18790192137617867, 0.6077638569232213, 0.5655000691467045, -0.3614231786684913, -0.2618257968752988, -0.6021204527924449, 0.42580173027545315, -0.44049749708391567, 0.7243482656167985, 0.20470382472451057, 0.013342359797803724, 0.5572644523709416, 0.10252966444937348], [0.5685343083201839, 0.4372344360528944, 0.2245871898689145, -0.016963594666799153, 0.38605507532018174, 0.11588115785897606, -0.12239624385712533, -0.472384742296777, -0.052241287190719646, -0.5543327045804591, -0.15786000805188877, -0.4056202446170764, 0.0012047388075340174]], "inverted": false, "swapped": true, "error_lsq": 0.048207083846269635, "error_max": 0.30910637690505754, "target": "555.xyz", "model": "13.xyz", "model_rescale": 3.9028299243045295, "target_rescale": 4.23827202140068},
{"mapping": [13, 1, 2, 12, 11, 9, 14, 10, 3, 6, 7, 8, 4, 5, 4, 15], "R": [[0.798097134394482, -0.5274410637000811, 0.2912848921489794], [0.2900678329497402, 0.7600648760340143, 0.5815170130849482], [-0.5281113673830143, -0.37961468430808243, 0.7595992858728327]], "T": [-0.03517923712366623, -0.1438489227253182, -0.05306948679870807], "aligned_model": [[0.49998484036182844, -0.5697406807281286, -0.2285459711018593, 0.141104958959826, -0.42436774660470267, -0.552371882211221, -0.05213935683234998, 0.2673814834748568, -0.22359537532640605, -0.6718990674188626, -0.26872670196311954, 0.44241754455787974, 0.3647118562084613, 0.4715666345549907, 0.3647118562084613, -0.10031114101832787], [0.4407743713940686, -0.04443529196820711, -0.622496560240532, 0.2628127731632306, 0.4476954973542181, 0.24437368042752003, 0.7120436577659025, 0.19205843298667882, -0.6683216695569463, -0.28267280053185706, -0.08954636108997863, -0.41086333837541555, -0.45023616762518825, -0.09352368453309323, -0.45023616762518825, -0.10407419414440088], [-0.11990036242764154, -0.4088218568175288, -0.5780985477539045, -0.5895305163890522, -0.2639348265267442, 0.3742950352807859, 0.17100839649747665, 0.5393626703116656, 0.22642495309912572, 0.08737285335855394, 0.820506365262276, -0.5981490915539127, 0.4003367808234005, -0.1057745680782821, 0.4003367808234005, 0.03147123222130785]], "inverted": false, "swapped": false, "error_lsq": 0.05044268685484888, "error_max": 0.33717490514675263, "target": "555.xyz", "model": "14.xyz", "model_rescale": 3.942246331269136, "target_rescale": 4.23827202140068},
{"mapping": [7, 13, 14, 11, 3, 12, 9, 10, 5, 8, 2, 1, 0, 3, 15], "R": [[-0.06789971258622196, -0.77851198078982, -0.6239460912590286], [-0.7886075175134071, -0.3412029209640912, 0.5115454525718258], [-0.6111364924074248, 0.5267823672943918, -0.590772820258064]], "T": [-0.18527323069387136, -0.031658216098764805, 0.018768648485213306], "aligned_model": [[-0.696236035216279, -0.22818761342987207, -0.3134665349032354, 0.2675335312919015, 0.11882263980837404, 0.1780741864399581, 0.00023427559822647437, -0.2861289951268595, -0.6596925965338047, 0.26562916155012883, 0.6262130615799835, 0.11233717802550969, -0.38065574482597875, 0.11882263980837404, -0.14900511753421714], [-0.0737834410926508, -0.48657798671431, 0.2038174955461327, -0.529024075769409, -0.4005044415833648, -0.010640780799363161, 0.6665674040774645, 0.7259515537061475, 0.3555463868275109, 0.4363793935328153, 0.13116457306039742, 0.24968581698734416, -0.8038828312668354, -0.4005044415833648, 0.03395006495313574], [-0.3073535637828312, -0.5170304221724458, -0.6691793877793393, -0.13064083171999852, 0.49551269370689127, -0.5480529519201537, 0.22476438285248737, -0.33600066976391946, 0.281728927519709, -0.39539347103721767, 0.005917962352820431, 0.7018371062523602, 0.08961691371305008, 0.49551269370689127, 0.018123098432212013]], "inverted": false, "swapped": true, "error_lsq": 0.045944253339639904, "error_max": 0.38462775391654613, "target": "555.xyz", "model": "15.xyz", "model_rescale": 4.355366556412066, "target_rescale": 4.23827202140068},
{"mapping": [1, 5, 9, 11, 2, 3, 12, 0, 10, 6, 7, 15], "R": [[-0.23120716422827664, 0.3689865573007197, 0.9002178446025613], [0.9664415075572086, -0.019370546560536994, 0.2561554106328727], [0.11195561477687604, 0.9292328569617567, -0.35212531556623855]], "T": [-0.012552369116643133, 0.0719183503155916, -0.028898805653092833], "aligned_model": [[-0.24908295019830523, 0.5313370696535131, 0.15340483066955185, -0.6176522421325734, -0.6020330638838196, -0.5501224729119979, -0.1932648176787115, -0.2628366903049776, 0.5327082373101937, 0.40868199690464785, 0.45539956850659113, -0.008730911302331416], [-0.6801660552339388, -0.2678762729847296, -0.5580894758764143, 0.3996466009413744, -0.1908092674323235, -0.12029821606160032, 0.40869762063476944, 0.5419844652386572, -0.11314728657012696, 0.11802005240561282, 0.4510122880211861, 0.023801974658513934], [0.08393412158910518, 0.15241070852538602, -0.4029504610626808, -0.0632250675966761, -0.5472356775050983, 0.331486954721395, -0.583581182179042, 0.5676917289301178, -0.6440795098508839, 0.589208064062692, 0.05186003281255283, -0.08626125123744706]], "inverted": false, "swapped": true, "error_lsq": 0.041726364629832945, "error_max": 0.26067064805192486, "target": "555.xyz", "model": "16.xyz", "model_rescale": 3.795458400668931, "target_rescale": 4.23827202140068},
{"mapping": [12, 14, 10, 11, 9, 7, 13, 2, 3, 6, 5, 1, 15], "R": [[-0.7575696980594251, -0.6075448754404005, 0.23869934417224487], [-0.3082835489051945, 0.6553339426127299, 0.6895641211186048], [-0.5753689303886422, 0.44880580208567217, -0.6837572273531494]], "T": [-0.15682326530227342, 0.08710711628453009, 0.02485193340908345], "aligned_model": [[-0.001999392808685413, 0.011968252504056948, 0.5067997720199123, -0.44805997933034225, 0.5603610888327357, -0.3883498476797435, -0.5955961592574588, 0.29876090638561814, -0.3835824938627713, -0.5706787446976875, 0.024415582126967872, 0.2169917023365407, -0.08239888566492018], [-0.3107272748933993, 0.20578799946883364, 0.41708116344147955, -0.5332603181697027, 0.20245724441510182, 0.5000863686346246, -0.11042214143651526, -0.6000681573398337, -0.26962850237851355, 0.6792803870344395, 0.700674533433926, 0.004419919628865329, 0.07810004363117888], [-0.49621156609233663, -0.6840762054754358, -0.376056173558472, -0.046249244583667054, 0.21644328045512218, -0.35601129440604495, -0.4892830935385927, 0.098469928347473, 0.5512801543517178, 0.22403606939021234, 0.21149799513099135, 0.7232315836037913, 0.025203597211536723]], "inverted": false, "swapped": true, "error_lsq": 0.04278445741845604, "error_max": 0.2381846312245153, "target": "555.xyz", "model": "17.xyz", "model_rescale": 3.7474275329858107, "target_rescale": 4.23827202140068},
{"mapping": [8, 11, 12, 1, 10, 5, 14, 0, 9, 7, 4, 3, 6, 15], "R": [[0.6621641385982001, -0.610697557994546, 0.43426621583310177], [0.7366394381247561, 0.42415681225999624, -0.5267383950431965], [0.13748087777486662, 0.6686848968482366, 0.7307253362059617]], "T": [0.05236726917983808, 0.0396687465679333, 0.003596558933228737], "aligned_model": [[0.48848126311999435, 0.31704920742562187, 0.665546299758536, -0.5973581554633369, 0.3155433264659632, -0.31727635229619494, 0.6865373932439871, 0.022350757737530702, -0.1845263190526824, 0.2952774727801509, -0.6889793755293314, -0.3339189175899606, -0.30665185306009907, 0.052772900342698194], [-0.48429587816740416, 0.49862677137434974, -0.04784317765905176, -0.19796930109615746, -0.738977018496239, -0.29896637869896403, -0.24612646062734783, 0.8241628328403325, -0.6473051426263335, 0.08040312477055546, -0.05460931168381056, 0.43127561813668075, 0.2695751356784531, -0.027542572233829707], [-0.3558030639433687, -0.4368928936912339, -0.26117304730425045, -0.3909841922474492, 0.1892167440239914, 0.4427310401559119, 0.2511933842515424, 0.15588804730444, -0.18696733470438948, 0.5590680369949681, 0.1560518181647841, -0.3878542824454438, 0.6199310318901047, -0.029610569787952186]], "inverted": false, "swapped": true, "error_lsq": 0.04396933820586594, "error_max": 0.33186792645586516, "target": "555.xyz", "model": "18.xyz", "model_rescale": 3.922800546911778, "target_rescale": 4.23827202140068},
{"mapping": [1, 3, 4, 9, 13, 2, 0, 10, 11, 5, 6, 7, 8, 14, 15], "R": [[-0.1197096339816684, 0.7327143818711597, 0.6699248003553377], [-0.9190281135355582, -0.33704803631515645, 0.20441611420670858], [0.3755754652040626, -0.5912091472696116, 0.713733013192952]], "T": [0.07037998522163091, -0.014952513712059481, -0.008346241725389432], "aligned_model": [[-0.12544397204955493, -0.2665241106468286, 0.40429643338216703, 0.03221668148886338, -0.006616935939821919, -0.695467196790206, 0.12192141166706877, 0.2885141564963375, -0.47602754377874235, 0.6245587828395498, 0.7186369094621669, 0.5427278566150052, -0.3103134460622916, 0.19651111701491203, 0.04706069318899328], [0.4893088294644578, -0.17773399772818066, 0.2743920798873615, 0.7352358249647668, -0.5941042416147662, 0.2954887689856025, -0.764064319695739, 0.5871572976216423, -0.43465378750132544, 0.3263600133543475, -0.2402275709794633, -0.24140137591819272, 0.40690346755625795, 0.0009636633758759727, 0.05398685326193385], [-0.5928823089309385, -0.5703111337014353, -0.6300417602545656, -0.01962954355636147, 0.384755572387811, 0.03951509082572709, -0.2834819233112044, 0.5392731298386192, -0.003918163979416729, -0.15166709400955558, -0.3094010028406564, 0.2995849530511204, 0.5122423434872871, 0.7189724281288159, 0.009648580028082372]], "inverted": false, "swapped": true, "error_lsq": 0.04285853018959605, "error_max": 0.33563511144556796, "target": "555.xyz", "model": "19.xyz", "model_rescale": 3.9282355846067225, "target_rescale": 4.23827202140068},
{"mapping": [14, 12, 2, 13, 7, 11, 0, 3, 6, 4, 9, 5, 1, 15], "R": [[0.3218579556571905, 0.18492261996209705, 0.9285532192645332], [-0.12784245430641009, -0.9632702741973802, 0.23614971040553429], [0.9381171372792887, -0.1947151855250589, -0.28639523960578406]], "T": [-0.06303734643740655, -0.12568335891638244, 0.03538507535946766], "aligned_model": [[-0.6414760654595688, -0.16281342094022191, 0.5076060592503352, -0.3702191436126662, -0.6484183049738369, 0.25621727384083176, -0.040660234542162166, 0.5307365195529443, -0.3640690363227651, 0.16477325298124296, 0.09827785002225903, -0.3074191293903666, 0.5567877365059704, -0.04680053782731993], [-0.568220053529138, -0.6817631892578586, -0.7186163069353504, -0.1538850304368083, 0.024322022710455166, -0.21375418036585542, 0.4589914883538902, 0.16258862246930444, 0.5375990305533365, 0.33914204927703084, -0.506128068096364, 0.10080826232607992, -0.07387945501124707, -0.18432310463263923], [-0.08596053385757854, -0.3314524391543762, -0.05396270609391538, -0.5976380642395163, -0.028181727193043106, -0.5688085795901384, -0.5097564178499214, -0.10652539634691088, 0.2116129220435492, 0.5955328028804904, 0.662764964092637, 0.612557785411539, 0.5328206595531262, 0.07917988758774126]], "inverted": true, "swapped": true, "error_lsq": 0.04167544931861317, "error_max": 0.2924606252317486, "target": "555.xyz", "model": "20.xyz", "model_rescale": 4.067790424073018, "target_rescale": 4.23827202140068},
{"mapping": [5, 0, 10, 9, 14, 13, 8, 6, 7, 3, 3, 2, 1, 11, 15], "R": [[-0.6293677425937536, 0.5104488168864418, -0.5859507231172897], [0.7213091302014085, 0.6642815272047751, -0.19606935329770264], [0.28915287180059335, -0.5460513327094108, -0.7862687573442977]], "T": [0.05239454308294127, 0.07319110464681003, -0.02237552044183972], "aligned_model": [[0.3187604470779401, 0.10377127239231566, -0.28638484051178975, 0.27600873378457114, -0.6314638007834951, -0.4939054538925826, -0.3462115089012972, 0.31258264431419996, -0.2801630063861603, 0.5240501064080333, 0.5240501064080333, 0.05207961131640508, 0.7448146912490584, -0.10316194413005682, 0.05361689556233994], [-0.056557313786007424, 0.8534131722063826, -0.5695539891375513, -0.6294553565089293, -0.09801447228074942, 0.48637952185528177, -0.5565071434684062, 0.535199092052901, 0.3295514965148678, 0.2805350492597447, 0.2805350492597447, -0.4331137488364273, -0.29386918188756883, 0.31404421174208086, -0.0016912470575164429], [-0.6193376638515108, 0.14537017030575672, -0.4491225079666208, -0.16607986442933548, -0.24187779963774192, 0.14104397426250592, 0.17382785427552835, -0.5519703013767052, -0.4615771202717524, 0.413922817146011, 0.413922817146011, 0.6324845405706716, 0.11950479105547374, 0.6041401736390483, -0.01900230724619925]], "inverted": false, "swapped": true, "error_lsq": 0.04275889002152919, "error_max": 0.3531460321341641, "target": "555.xyz", "model": "21.xyz", "model_rescale": 4.186013935880536, "target_rescale": 4.23827202140068},
{"mapping": [5, 4, 9, 14, 13, 10, 7, 6, 2, 3, 0, 12, 15], "R": [[-0.2419522948209864, -0.8903533961096168, 0.38565517897071017], [-0.21962201138562476, -0.3368955339535286, -0.9155695338515255], [0.9451059512804856, -0.30622251589038774, -0.11402855614261814]], "T": [-0.02809749662550294, 0.03685706088668777, 0.03190847119224331], "aligned_model": [[-0.12704206627477654, -0.417896443640095, 0.4288926938604542, 0.4523836721164141, -0.06882168347941083, 0.6435438694143435, -0.11782137659805096, -0.6141793849941314, 0.47215821555568055, -0.40241576414587743, -0.6929016839679157, 0.4680162633976654, 0.034657724178925306], [-0.30458477651476856, 0.12921497433074244, 0.1709367310894307, -0.4566961943691236, -0.18420885445040186, -0.36179162868377485, -0.5513728636663334, -0.3710242709131258, 0.6896297233577, 0.5985865594842337, 0.045503453875061654, 0.05927939372584189, 0.055484412280610976], [-0.5318083827069431, -0.6171312831273202, -0.5490811173346404, 0.29779917304139175, 0.6992507280150718, -0.28429212245370616, 0.1549873107375193, -0.1956013082421263, 0.12581521702348175, 0.04425861981397744, 0.4763016441440072, 0.48701085628401075, -0.004629773859378239]], "inverted": false, "swapped": true, "error_lsq": 0.046745015824087716, "error_max": 0.25500512234085015, "target": "555.xyz", "model": "22.xyz", "model_rescale": 4.166573947596378, "target_rescale": 4.23827202140068},
{"mapping": [11, 10, 8, 9, 14, 13, 12, 6, 0, 7, 5, 3, 4, 2, 1, 15], "R": [[-0.5423758875743353, 0.34422994631724346, 0.7663772834814324], [-0.7936603684180524, -0.5091302101991084, -0.3330009739702472], [0.27555692003735555, -0.7888549759753306, 0.5493416156623192]], "T": [0.012780976345204156, -0.018577758249126525, -0.04782541799325346], "aligned_model": [[0.5446843891381064, -0.725003707018676, -0.13123947452694074, -0.03697768111858417, -0.4444059855503242, -0.7100996704427484, 0.1578177315832986, 0.2836014931156786, -0.13384137518520867, -0.5765890288129585, -0.4350166950075685, 0.48986551395829675, 0.35016482004478644, 0.6191308158989067, 0.19462173455500253, 0.013468370490259195], [0.4408839971317601, 0.04154144815479843, -0.6376547037574999, 0.11477366898342281, 0.6086098495931269, 0.2599319421664943, 0.6144904423624593, 0.24898464243390958, -0.7512364308359368, -0.3846976012968707, -0.12748448223698466, -0.17301294617808707, -0.6702277013656457, -0.1148620619177221, -0.34351644778194357, -0.04317143805447021], [-0.40568989265926675, -0.16184592105783407, -0.5479063969274584, -0.6310840562872247, -0.20142733745422364, 0.29377238084271234, 0.03918233013087047, 0.6110935765757052, 0.2815207803346456, 0.12534763186375647, 0.6440405749581363, -0.3794377951987984, -0.08494693481742344, 0.22763500408103365, 0.5599967990780895, 0.016654554668206756]], "inverted": true, "swapped": false, "error_lsq": 0.04337591355309037, "error_max": 0.3029063733382776, "target": "555.xyz", "model": "23.xyz", "model_rescale": 4.274766983524099, "target_rescale": 4.23827202140068},
{"mapping": [4, 9, 10, 7, 12, 13, 0, 11, 3, 2, 15], "R": [[0.5534307416108479, -0.22654185109414607, 0.8014943567754579], [0.5224236750934232, 0.8438828385148145, -0.12220989551612116], [-0.6486816768970346, 0.4863543405409452, 0.5853815315629919]], "T": [-0.049669108366144556, 0.03428293187468698, -0.06091200758308952], "aligned_model": [[0.49438514899776886, 0.17363935774370506, -0.454950780486357, -0.5357780346570009, -0.4472055569062021, -0.5408995282254798, -0.015023330178679219, 0.00011629081655786105, 0.5228377457937602, 0.22327652058185368, -0.04050312952185162], [-0.13793373129029068, 0.6402676885070475, 0.6198229765016395, -0.2482876941010417, 0.38612907362233917, -0.23320537691965978, -0.6888744412636526, -0.036407896524029426, -0.15369991677202344, 0.6609950110531452, 0.10678083843000978], [-0.5669477690952034, -0.44468550566703785, -0.5113510601483394, -0.29127079868260153, 0.35371899635889786, 0.3668928139457062, 0.27874626703316746, 0.6226479207697015, 0.2435630681122477, 0.4059060049250032, -0.07765350352996475]], "inverted": true, "swapped": true, "error_lsq": 0.04542574336951572, "error_max": 0.21540752948472114, "target": "555.xyz", "model": "24.xyz", "model_rescale": 3.7841303162186577, "target_rescale": 4.23827202140068},
{"mapping": [4, 13, 11, 3, 12, 9, 2, 8, 7, 14, 10, 6, 7, 1, 0, 15], "R": [[0.3111903791741625, -0.769422946273687, -0.5578072047374075], [-0.8007563253814254, -0.5283913476915565, 0.28212034851519974], [-0.5118103704215832, 0.35887450930961895, -0.7805505949627496]], "T": [-0.032290792575139456, -0.02696671214749219, 0.06859707596621956], "aligned_model": [[0.4930265757091514, -0.6089782574150198, -0.2567876104127435, -0.005658827185618671, -0.5378957981405421, -0.41448214776799464, 0.04733893091169202, 0.2751896658187226, 0.12838555952055794, -0.8151948514378777, -0.45510580117117927, 0.388484852467098, 0.12838555952055794, 0.66685920511356, 0.42797364622155326, -0.0013594506305911885], [0.3529896077753416, -0.0939479940319311, -0.6129308736241947, 0.09464551765161322, 0.47651088211030806, 0.2905665790060428, 0.7148196554736588, 0.24671248061070955, -0.6505383299654308, 0.043953909812986275, -0.5043009493759254, -0.2888654994805383, -0.6505383299654308, 0.08287448508856005, -0.37225995279646135, -0.04633901088849603], [-0.300698470158993, -0.4557549747065224, -0.37375431083886385, -0.7273319985221625, -0.18839669216001875, 0.37721186101576465, 0.1790738602969162, 0.4928767606035854, 0.15885840450395683, 0.17504172030096482, 0.5142814931861616, -0.45712465078263553, 0.15885840450395683, 0.2969839974938019, 0.527137339948448, 0.00964255344656624]], "inverted": false, "swapped": false, "error_lsq": 0.04299152438135207, "error_max": 0.34661294811197224, "target": "555.xyz", "model": "25.xyz", "model_rescale": 4.19342608120988, "target_rescale": 4.23827202140068},
{"mapping": [1, 5, 9, 11, 2, 3, 12, 0, 10, 6, 7, 15], "R": [[-0.23120716422827664, 0.3689865573007197, 0.9002178446025613], [0.9664415075572086, -0.019370546560536994, 0.2561554106328727], [0.11195561477687604, 0.9292328569617567, -0.35212531556623855]], "T": [-0.012552369116643133, 0.0719183503155916, -0.028898805653092833], "aligned_model": [[-0.24908295019830523, 0.5313370696535131, 0.15340483066955185, -0.6176522421325734, -0.6020330638838196, -0.5501224729119979, -0.1932648176787115, -0.2628366903049776, 0.5327082373101937, 0.40868199690464785, 0.45539956850659113, -0.008730911302331416], [-0.6801660552339388, -0.2678762729847296, -0.5580894758764143, 0.3996466009413744, -0.1908092674323235, -0.12029821606160032, 0.40869762063476944, 0.5419844652386572, -0.11314728657012696, 0.11802005240561282, 0.4510122880211861, 0.023801974658513934], [0.08393412158910518, 0.15241070852538602, -0.4029504610626808, -0.0632250675966761, -0.5472356775050983, 0.331486954721395, -0.583581182179042, 0.5676917289301178, -0.6440795098508839, 0.589208064062692, 0.05186003281255283, -0.08626125123744706]], "inverted": false, "swapped": true, "error_lsq": 0.041726364629832945, "error_max": 0.26067064805192486, "target": "555.xyz", "model": "26.xyz", "model_rescale": 3.795458400668931, "target_rescale": 4.23827202140068},
