[{"mapping": [3, 6, 5, 8, 7, 11, 2, 1, 9, 0, 12, 13], "R": [[-0.18725545558246282, -0.0316773257507465, -0.9818003571948247], [-0.7812552710268283, -0.6010672753268307, 0.16839932311021], [-0.5954625058283697, 0.7985703961232604, 0.08780504876223061]], "T": [-0.1071449158935317, 0.06921661192343405, 0.04768379009399218], "aligned_model": [[-0.3866116324285854, -0.35648579935532476, -0.7832772366728304, -0.0019480807766678043, 0.49442078239924603, -0.11881444530349544, 0.14168979975850826, -0.39797965977897376, 0.609887753167398, 0.18515444960273425, 0.09328704320171191, 0.012194829990472986], [-0.37245088244311225, -0.3655493685095081, 0.31413606370443353, 0.21505996002320277, 0.14764142170488687, 0.6607306475080367, -0.6579545880189864, 0.10543098541247242, 0.10984337070635355, -0.2810574434553664, 0.4182636402892854, 0.12763474572865585], [0.04234669661298368, -0.5296843336194046, -0.1873923834721343, -0.7127387735633108, -0.403273793636157, -0.32250104027193227, 0.07138137795377969, 0.5448233925447097, 0.19244839120344973, 0.6700033234846741, 0.4637523057687749, -0.04657759622328836]], "inverted": true, "swapped": false, "error_lsq": 0.04700782324705435, "error_max": 0.26175951841177947, "target": "556.xyz", "model": "0.xyz", "model_rescale": 3.8414455957264533, "target_rescale": 3.8856811797578468},
{"mapping": [10, 8, 11, 13, 9, 0, 6, 1, 2, 5, 4, 14], "R": [[0.16201350482541543, -0.712472807083832, 0.6827401580544901], [-0.9580603714178393, 0.052161009498768895, 0.2817792643307551], [-0.23637247930522146, -0.6997583356089117, -0.6741411742157192]], "T": [-0.005416387403910962, 0.06181429808114476, -0.019578112211143427], "aligned_model": [[-0.33020207792374284, -0.20803998276894908, -0.7884510860939206, -0.22525466870426156, 0.41844697575870354, -0.06219732320138755, 0.4036329840715983, -0.6066254325852477, 0.6474076055403574, 0.1114177034233764, 0.20854301877118772, -0.07715991248352042], [-0.5012566114373668, -0.44450668218607, 0.3443824446257142, 0.28656039744605893, 0.01419399977953191, 0.7817110642213365, -0.5999270385397475, 0.4424405743144167, -0.04106751827126477, -0.31834995368034524, 0.39334310286779195, 0.06420477351029802], [0.19454032813891642, -0.591316812180949, -0.20199879452481767, -0.7095109506341989, -0.5521021366002637, -0.08315437301676094, 0.04973414418214063, 0.4725287999549837, 0.30881326057255437, 0.5059194823463209, 0.3547576447693075, 0.034376973774911]], "inverted": false, "swapped": false, "error_lsq": 0.041388724339979886, "error_max": 0.2104454097292837, "target": "556.xyz", "model": "1.xyz", "model_rescale": 4.316132596720782, "target_rescale": 3.8856811797578468},
{"mapping": [0, 1, 2, 8, 10, 6, 9, 4, 7, 5, 3, 11], "R": [[0.0899513308498446, 0.8481067337490948, 0.5221338202489705], [-0.2705657352928732, 0.525351763626243, -0.8067215798156284], [-0.9584899274190464, -0.06870584126723472, 0.2767247123261545]], "T": [-0.016298294267531252, -0.011508156215332951, -0.03746893944943175], "aligned_model": [[-0.5326367950750672, -0.1813151124573975, -0.8007521020082792, -0.21397590042429582, 0.3804864025768141, -0.06331769607016245, 0.33642329883069116, -0.5144804022319707, 0.8231716493648548, 0.05236712106360915, 0.2698226649051217, -0.06427532466972442], [-0.4069816153275634, -0.3598468650353384, 0.07743404241198105, 0.2581272900980248, 0.2165105024481776, 0.8071100312854356, -0.6631992508018595, 0.3827815845141025, -0.060527722021922456, -0.2884693251027473, 0.3609724969137328, 0.09781738326833045], [0.24697675713970363, -0.4196035453894217, -0.31576178982360675, -0.7268573683691656, -0.47083390600847863, -0.09870129973865802, -0.06641199096235079, 0.3992001787583541, 0.2680607901772104, 0.5407502694868657, 0.4212357243657261, 0.004533747145965918]], "inverted": false, "swapped": false, "error_lsq": 0.054788502790803856, "error_max": 0.27729693887585005, "target": "556.xyz", "model": "2.xyz", "model_rescale": 3.795458400668931, "target_rescale": 3.8856811797578468},
{"mapping": [1, 0, 2, 10, 4, 5, 7, 6, 9, 8, 3, 11], "R": [[0.9099660339427804, 0.41459109686176093, 0.008720061548420754], [-0.31916462457631084, 0.6867837134196249, 0.6530406368677321], [0.26475603768282385, -0.5970279335043817, 0.7572726636595162]], "T": [-0.09082781143851419, 0.008532469026009015, -0.07040620527737257], "aligned_model": [[-0.4908141689538359, -0.23419106107571175, -0.8199826612695386, -0.2549558722278769, 0.2621765261962851, 0.26240020208244913, 0.4062810792516582, -0.3701403108391714, 0.6788994608124755, -0.028528727327330652, 0.1262516782166333, -0.04587834106184237], [-0.4339513542582518, -0.5311526546396542, 0.2312745814898996, 0.4441790718502341, 0.04046577600429885, 0.6142978644701041, -0.5675325428300005, 0.22926837468631178, 0.14811403955735988, -0.14042340157493627, 0.4767275317315758, -0.08953873383658739], [0.13080965367271002, -0.618489127948004, -0.15068364742644602, -0.6381074933764908, -0.6045624884380627, -0.11626328429160127, -0.004571947264590648, 0.3992282102543126, 0.30720676368466565, 0.6941158086396613, 0.538477941309776, -0.15457282203378608]], "inverted": false, "swapped": false, "error_lsq": 0.05199354901178277, "error_max": 0.2639748558035043, "target": "556.xyz", "model": "3.xyz", "model_rescale": 3.7530521520055578, "target_rescale": 3.8856811797578468},
{"mapping": [5, 8, 4, 6, 3, 9, 2, 10, 7, 0, 11], "R": [[-0.07651612422006687, -0.793926146810213, -0.6031803678382008], [0.087639412673958, -0.6079677328160894, 0.7891099854903799], [-0.9932092509036063, 0.007517264499275256, 0.116098555778894]], "T": [0.023630969506838455, -0.02641026421215883, -0.018545073643573932], "aligned_model": [[-0.46766801012901343, -0.27638050631870387, 0.25604028508778637, 0.5850565583486115, 0.214876649953718, -0.20374778127782425, -0.02659984620139772, -0.6194470491288409, -0.49686847453162447, 0.3166433688175485, 0.056294407824945214], [-0.56552686652574, 0.1248549470566109, -0.3810447100824405, 0.41760711594718436, -0.769500084360491, 0.6862551305408107, -0.5011930332625664, 0.09935187217188265, 0.15265060726590648, 0.3113612397947001, -0.10761286023151127], [-0.048425991388619416, -0.693795443125704, -0.41765042793444573, -0.27359624125612103, 0.09377732891232449, -0.11180212943464696, 0.6551409668050086, -0.0566542706043751, 0.6027430015791103, 0.3073455432526102, 0.03574844044017493]], "inverted": false, "swapped": true, "error_lsq": 0.039083863501206864, "error_max": 0.19351770766232532, "target": "556.xyz", "model": "4.xyz", "model_rescale": 3.7855080009869324, "target_rescale": 3.8856811797578468},
{"mapping": [6, 12, 0, 2, 14, 3, 13, 7, 15, 8, 10, 16], "R": [[0.9675436438261387, 0.14759786158374116, 0.20511988823014066], [0.1969080359138799, 0.06840753064302607, -0.9780325327635385], [-0.15838725543482596, 0.9866789148488128, 0.0371240664339585]], "T": [-0.1369865377979178, 0.016761046610957772, -0.03882133537441649], "aligned_model": [[-0.4502734396945754, -0.0599818744768897, -0.7489635511693606, -0.07198793413220395, 0.3706387781338122, -0.12539995714544303, 0.17231372008282791, -0.4963269406847599, 0.6572227431743656, 0.21955434471617102, 0.12352045481050095, -0.09879853981025143], [-0.44024485248869516, -0.42027659322973965, 0.40414079668919084, 0.39258018959178265, 0.0023499361724059614, 0.6861660188976594, -0.6346891235532177, 0.1328565510389498, 0.007101062415155554, -0.20847497127574083, 0.4691296381204211, 0.03108990027218194], [0.306249662182716, -0.5547027618664361, -0.328467581085988, -0.6715304635441921, -0.48581826719163657, -0.22369788777050673, 0.03055924651540013, 0.6082998129283111, 0.1813068304942014, 0.5246120762247164, 0.4695712671407522, -0.07379436724519328]], "inverted": false, "swapped": false, "error_lsq": 0.04375035080217723, "error_max": 0.22320817957368738, "target": "556.xyz", "model": "5.xyz", "model_rescale": 4.2253639853439635, "target_rescale": 3.8856811797578468},
{"mapping": [9, 11, 7, 6, 5, 3, 8, 0, 10, 1, 4, 13], "R": [[0.9986830333564692, 0.022827077139813544, 0.04594696328567029], [-0.02428505790495878, 0.999210954900989, 0.03142775156460556], [-0.045193305350179146, -0.03250218692806331, 0.9984493842936751]], "T": [-0.036174484113173165, 0.0065238774898307705, -0.031817366213764214], "aligned_model": [[-0.33662501778781073, -0.16380331008909982, -0.6997625312863663, -0.1406999103548309, 0.42135957614014663, -0.22192953300580384, 0.2407366860818784, -0.6454593343750549, 0.7255994254843552, 0.1673758671862058, 0.19149572872131643, -0.046769842910741974], [-0.4370773839709783, -0.33912738051821756, 0.3884064171766908, 0.33570973520937775, -0.09523926626055747, 0.6867863400227517, -0.676694118187183, 0.1739206206547191, -0.08848976127479896, -0.10496114987533933, 0.5124371185886217, 0.06605738108526713], [0.2606613939217155, -0.7172295629469773, -0.2396823357446917, -0.5744305566814814, -0.45731485472907185, -0.10762974368528706, 0.017154562510581145, 0.46195682402479443, 0.10669398167636557, 0.6644901270085574, 0.40764751164946234, -0.039729780221822726]], "inverted": true, "swapped": false, "error_lsq": 0.04561465806479647, "error_max": 0.2576097149736341, "target": "556.xyz", "model": "6.xyz", "model_rescale": 3.89814844738969, "target_rescale": 3.8856811797578468},
{"mapping": [5, 6, 0, 3, 8, 7, 9, 2, 11, 10, 4, 12], "R": [[-0.1021426629333767, 0.00822535956266024, 0.9947357537903943], [0.727600965475578, -0.681279225521258, 0.08034582697416082], [0.6783536772568463, 0.7319774315736927, 0.0636028947367544]], "T": [-0.08307387726158406, 0.11972971546410027, -0.020108655999352784], "aligned_model": [[-0.392828875042702, -0.2727264214918732, -0.5993322484605172, -0.20214507082424737, 0.39579125756493255, 0.06558942020178295, 0.2719508641859743, -0.4721649733014533, 0.7118679198164155, 0.04518675658331629, 0.00784316375595559, -0.06751398918339072], [-0.5850029134500251, -0.29382121315012677, 0.3325793814153955, 0.3184625213397182, -0.04544713885722612, 0.7173545756324451, -0.698522962913434, 0.12147740107875832, 0.16230648621533156, -0.23147056721690934, 0.5310923820709, 0.09272060048552641], [0.07979313136320303, -0.5204919020588776, -0.21805486419682119, -0.7938717071993167, -0.4685409939934222, -0.24818414797961935, 0.028531515903095328, 0.5716285399740388, 0.12684414960097468, 0.6116438543261777, 0.4677546819950406, 0.14553530904767126]], "inverted": false, "swapped": false, "error_lsq": 0.04317795128257924, "error_max": 0.2334393196740794, "target": "556.xyz", "model": "7.xyz", "model_rescale": 3.7474275329858107, "target_rescale": 3.8856811797578468},
{"mapping": [8, 9, 7, 11, 12, 10, 4, 3, 1, 2, 0, 14], "R": [[-0.4865558089996037, -0.7323551968306573, 0.4763604836716312], [0.8727852317745494, -0.431709401823096, 0.227756298647899], [0.03885079053233653, 0.5265765452929648, 0.8492395174639124]], "T": [-0.01685983383010554, 0.060983176883578044, -0.050669787918634836], "aligned_model": [[-0.33623675954894333, -0.5578185622050926, -0.5552565184015846, -0.10454780292992626, 0.4561158635262797, -0.07855597915008991, 0.16351705062878547, -0.37856561991064924, 0.5511729705842181, 0.25824361533305146, 0.04786797711206241, 0.025581568766082374], [-0.5059474587266243, -0.24014148116256204, 0.3378581286396958, 0.10548371614541513, 0.21484168165795917, 0.7529466177430068, -0.6982460261041331, 0.09256621338378533, 0.18457492872395292, -0.40965849316701153, 0.5661299233758624, 0.02132080214100706], [0.15377665881380506, -0.49454818860953453, -0.36267444021809025, -0.6645186925119569, -0.4157234401646962, -0.3550438043111277, 0.006435752347390654, 0.5676391745798031, 0.4256343502494882, 0.5907380437457225, 0.3674812764419096, -0.03660912358056899]], "inverted": true, "swapped": false, "error_lsq": 0.06382009176312821, "error_max": 0.3873123343289988, "target": "556.xyz", "model": "8.xyz", "model_rescale": 4.019505241142653, "target_rescale": 3.8856811797578468},
{"mapping": [9, 11, 10, 6, 5, 2, 8, 1, 4, 7, 0, 12], "R": [[-0.659014775150722, 0.7149325789633066, 0.2336042244265254], [0.1848792441104492, -0.14708151235458555, 0.9716926951565688], [0.7290536271291653, 0.6835484154471891, -0.03524730499548484]], "T": [-0.05262140157122587, 0.10496479232508077, -0.05874574144318326], "aligned_model": [[-0.42466531559081655, -0.08041518100895848, -0.9330743947539739, -0.29582335795609205, 0.42548762388451256, 0.04513350626759237, 0.12922248364252692, -0.5533711620291989, 0.7144520387586738, 0.26617530529358235, 0.22774548081398116, -0.029349223517635706], [-0.4436464100114114, -0.3733831499986358, 0.20524468443442911, 0.3499894959141575, 0.0848599949833066, 0.6864886571880644, -0.5313090550648101, 0.3140803206894146, -0.008454159768146202, -0.2751049493797666, 0.32435450193353665, 0.08860862173021522], [0.10843420993357217, -0.4558103154008989, -0.28880275231628283, -0.6981810712526613, -0.5294178949041327, -0.10613914609932157, 0.07625545827050398, 0.3435298797032448, 0.23507248414816231, 0.6985518494735315, 0.4852291151913919, -0.08613424996496503]], "inverted": true, "swapped": false, "error_lsq": 0.04815967048379847, "error_max": 0.26106068149629735, "target": "556.xyz", "model": "9.xyz", "model_rescale": 3.877068213659057, "target_rescale": 3.8856811797578468},
{"mapping": [9, 11, 6, 12, 0, 3, 8, 13, 1, 7, 4, 15], "R": [[-0.20059661373734505, -0.41853762130861527, -0.8857693029826877], [0.6118995842596562, -0.7596197662461244, 0.22035587015335742], [-0.7650750926150781, -0.4977992268751624, 0.4084801493126933]], "T": [-0.1790125770997691, 0.05220300917472151, 0.020602188565551523], "aligned_model": [[-0.4195432680329499, -0.1478973487178114, -0.5953466231386391, -0.09579099316583567, 0.36588537884117917, -0.12083531212309684, 0.1931001301269531, -0.7513849989973105, 0.6863126175666765, 0.3796934033699381, 0.11749260230679465, -0.12016778423170409], [-0.5432588041946499, -0.3923179954709468, 0.4074518730302076, 0.3056886974100673, -0.1127983912150736, 0.6839906427005606, -0.6228109868412945, 0.3537221403557608, 0.10017661752845802, -0.17646615082970268, 0.38237945734262824, 0.03597145283433913], [0.17296858721603994, -0.5676904216678665, -0.2635963018652356, -0.6772619741057454, -0.5358389953115704, 0.03547278680096713, 0.055404115394210814, 0.44382142270625696, 0.06323375645174106, 0.5700060582889658, 0.5316392433915964, -0.045570710517216055]], "inverted": false, "swapped": false, "error_lsq": 0.046277443997145166, "error_max": 0.25090268275049915, "target": "556.xyz", "model": "10.xyz", "model_rescale": 4.260839863003843, "target_rescale": 3.8856811797578468},
{"mapping": [3, 2, 4, 9, 8, 10, 1, 5, 7, 0, 6, 11], "R": [[-0.9681866848707631, 0.19210547036070186, -0.1603434797441271], [-0.10205165636851396, -0.8882150443242401, -0.44795032589398903], [-0.22847319902212715, -0.4173362233182997, 0.879562660664386]], "T": [-0.029821783096409385, 0.04074335575259277, -0.058817125288559924], "aligned_model": [[-0.4275358727729709, -0.3061093631850599, -0.6650358311944663, -0.1848424084184604, 0.38713641568787105, 0.06704599945381211, 0.240444695244101, -0.5372765153374173, 0.5822035216192576, 0.28433038217549195, 0.03468103496553411, 0.016475745566500583], [-0.46952101548163844, -0.4326200524636471, 0.28849472369478074, 0.4180133399912032, 0.018573724982986393, 0.6590742105549569, -0.630164396414208, 0.2274000638382134, 0.1060539992229376, -0.20228111870614496, 0.4322372094592868, 0.006467863971627387], [0.23322199149966316, -0.47106630114232934, -0.32569768168575264, -0.7439223915612474, -0.6429984113606582, -0.09903377290346488, -0.04884406611894532, 0.346472734319035, 0.1664941605349199, 0.7236672460084381, 0.6799841224270737, -0.035690063234587496]], "inverted": true, "swapped": false, "error_lsq": 0.04153822846610263, "error_max": 0.2072187378704561, "target": "556.xyz", "model": "11.xyz", "model_rescale": 3.890672605050136, "target_rescale": 3.8856811797578468},
{"mapping": [11, 1, 4, 3, 8, 7, 6, 10, 5, 9, 12, 13], "R": [[-0.6521595286273901, -0.7447299920536518, 0.14165164367655053], [0.4938768737908227, -0.2756269534978676, 0.824691103407869], [-0.5751291878831264, 0.6077886322079844, 0.5475576643638945]], "T": [-0.06788982342799396, -0.11363167170373623, -0.055258843790257056], "aligned_model": [[-0.3661923696230096, -0.40641401097618457, -0.606934710659997, -0.08950771916169725, 0.4664264840522777, 0.21866876723803377, 0.20070059987654074, -0.6365012555167268, 0.5484520076653968, 0.3184396553494905, -0.06603239064786455, -0.08958725379206618], [-0.4206559749925017, -0.6356352965571134, 0.29649015462542255, 0.45708906925077286, -0.013560335639919277, 0.6884622790003412, -0.61790861577865, 0.19599915178399296, 0.2425003011931286, -0.2877374118852196, 0.46341859540486774, 0.05326663624523212], [0.29044888250302525, -0.5223903889410964, -0.23494674249969694, -0.7811194767153512, -0.528210064422135, -0.09390646513784415, -0.13024078911787962, 0.5614666193510611, 0.2582135584401348, 0.5976248679722409, 0.4160602476100691, -0.05041268226038341]], "inverted": false, "swapped": false, "error_lsq": 0.04953244136199097, "error_max": 0.2458731189598626, "target": "556.xyz", "model": "12.xyz", "model_rescale": 4.124412569039231, "target_rescale": 3.8856811797578468},
{"mapping": [0, 3, 5, 7, 9, 10, 6, 4, 8, 1, 2, 12], "R": [[0.11184427552599613, -0.8447263647496643, 0.5233815307487287], [-0.93748506692236, 0.08497933568568544, 0.3374911284819174], [-0.3295642688909761, -0.52840882014141, -0.7824139003539748]], "T": [-0.06843774364211876, -0.005818521967420116, -0.09877971343294792], "aligned_model": [[-0.5447016842304355, -0.14640145129030363, -0.7494975808290495, -0.19193442621720386, 0.38092371640901335, -0.0027973049739372785, 0.38175948731474135, -0.5081583401792172, 0.6041925057233662, 0.11350782575276151, 0.2089283393632415, -0.0543032830387829], [-0.3084987524291212, -0.6260034227247, 0.2774064244675439, 0.3198047234988793, -0.036213696252747764, 0.7291187653875326, -0.4963077523168155, 0.3175648792934775, 0.05813459748626023, -0.36136158619126146, 0.441929216200546, 0.10615515623076022], [0.0365891543947959, -0.44235754293939067, -0.2710788920729975, -0.6201200494141444, -0.552422396170443, -0.08581095233933336, -0.03278287309863358, 0.4672107710449437, 0.14282878610527494, 0.6106913840535017, 0.5831187633307526, -0.053278586112181794]], "inverted": true, "swapped": false, "error_lsq": 0.04727202853528029, "error_max": 0.2765961561607313, "target": "556.xyz", "model": "13.xyz", "model_rescale": 3.9028299243045295, "target_rescale": 3.8856811797578468},
{"mapping": [5, 12, 14, 11, 1, 9, 8, 10, 3, 4, 7, 15], "R": [[0.5805386918397157, 0.3241075608727698, 0.7469465283821429], [0.8031448460600559, -0.37881457997765655, -0.4598454851833611], [0.13391483683371552, 0.8668643509693172, -0.480221837794101]], "T": [0.09031084821689331, -0.080748968465581, -0.03327173008854467], "aligned_model": [[-0.20357645971019375, -0.2709822502860061, -0.65864694124455, -0.18445426019071384, 0.3275064873471806, -0.03445687059839747, 0.14856849866586272, -0.4308104373168159, 0.5932225130444868, 0.08407982670212727, 0.04296129423893527, 0.07810640315227763], [-0.45590157780858154, -0.4120406407053615, 0.34823856459445784, 0.2522696342404107, 0.10515245293570719, 0.6790627291863575, -0.847617947574673, 0.1866943852361751, 0.059342278969384404, -0.17669329634096184, 0.6518802505570543, 0.03134171936038524], [0.15379137048893482, -0.5271881337841804, -0.22841931236166213, -0.6328210890169242, -0.6089258328632589, -0.12251665664781777, -0.10416019601896462, 0.42744429999226974, 0.30752695683762954, 0.6376374546765265, 0.49742630364583984, -0.01720759816624861]], "inverted": true, "swapped": false, "error_lsq": 0.04242955832490741, "error_max": 0.22540814266335468, "target": "556.xyz", "model": "14.xyz", "model_rescale": 3.942246331269136, "target_rescale": 3.8856811797578468},
{"mapping": [6, 0, 5, 1, 12, 3, 8, 10, 13, 11, 4, 14], "R": [[-0.37688366050589894, -0.5554869403360283, 0.7412104731854456], [0.6637340426063107, -0.7201215771726281, -0.2021930631250508], [0.646077260959677, 0.41576336203004294, 0.6400976485383438]], "T": [-0.17786078224677906, 0.000776873444166444, 0.028101993622084383], "aligned_model": [[-0.3225101088192212, -0.21725805836951728, -0.5885896986137552, -0.08816304209478967, 0.4582394636928915, -0.0682487328252937, 0.10906121092790819, -0.44495512106503554, 0.614768768847474, 0.1779165249741996, 0.035672035335025, -0.17441543818569197], [-0.4410172097180047, -0.4304326656582329, 0.3101180172251007, 0.34728640589923376, 0.21517089823690522, 0.6692067182272317, -0.7161561765227014, 0.2337659589686508, 0.10853369373737187, -0.2675284127047358, 0.41731641276026976, -0.024535087800735336], [0.3390424215877263, -0.5662242390897677, -0.34390522702480997, -0.6988965587217394, -0.43825402640061206, -0.21217840866981258, -0.022134427286065288, 0.6472766186196409, 0.1732112935230104, 0.5898366335969529, 0.38103615876412483, -0.06622267211650404]], "inverted": false, "swapped": false, "error_lsq": 0.041896133579486405, "error_max": 0.21919294699929762, "target": "556.xyz", "model": "15.xyz", "model_rescale": 4.355366556412066, "target_rescale": 3.8856811797578468},
{"mapping": [0, 1, 2, 8, 10, 6, 9, 4, 7, 5, 3, 11], "R": [[0.0899513308498446, 0.8481067337490948, 0.5221338202489705], [-0.2705657352928732, 0.525351763626243, -0.8067215798156284], [-0.9584899274190464, -0.06870584126723472, 0.2767247123261545]], "T": [-0.016298294267531252, -0.011508156215332951, -0.03746893944943175], "aligned_model": [[-0.5326367950750672, -0.1813151124573975, -0.8007521020082792, -0.21397590042429582, 0.3804864025768141, -0.06331769607016245, 0.33642329883069116, -0.5144804022319707, 0.8231716493648548, 0.05236712106360915, 0.2698226649051217, -0.06427532466972442], [-0.4069816153275634, -0.3598468650353384, 0.07743404241198105, 0.2581272900980248, 0.2165105024481776, 0.8071100312854356, -0.6631992508018595, 0.3827815845141025, -0.060527722021922456, -0.2884693251027473, 0.3609724969137328, 0.09781738326833045], [0.24697675713970363, -0.4196035453894217, -0.31576178982360675, -0.7268573683691656, -0.47083390600847863, -0.09870129973865802, -0.06641199096235079, 0.3992001787583541, 0.2680607901772104, 0.5407502694868657, 0.4212357243657261, 0.004533747145965918]], "inverted": false, "swapped": false, "error_lsq": 0.054788502790803856, "error_max": 0.27729693887585005, "target": "556.xyz", "model": "16.xyz", "model_rescale": 3.795458400668931, "target_rescale": 3.8856811797578468},
{"mapping": [5, 6, 0, 3, 8, 7, 9, 2, 11, 10, 4, 12], "R": [[-0.1021426629333767, 0.00822535956266024, 0.9947357537903943], [0.727600965475578, -0.681279225521258, 0.08034582697416082], [0.6783536772568463, 0.7319774315736927, 0.0636028947367544]], "T": [-0.08307387726158406, 0.11972971546410027, -0.020108655999352784], "aligned_model": [[-0.392828875042702, -0.2727264214918732, -0.5993322484605172, -0.20214507082424737, 0.39579125756493255, 0.06558942020178295, 0.2719508641859743, -0.4721649733014533, 0.7118679198164155, 0.04518675658331629, 0.00784316375595559, -0.06751398918339072], [-0.5850029134500251, -0.29382121315012677, 0.3325793814153955, 0.3184625213397182, -0.04544713885722612, 0.7173545756324451, -0.698522962913434, 0.12147740107875832, 0.16230648621533156, -0.23147056721690934, 0.5310923820709, 0.09272060048552641], [0.07979313136320303, -0.5204919020588776, -0.21805486419682119, -0.7938717071993167, -0.4685409939934222, -0.24818414797961935, 0.028531515903095328, 0.5716285399740388, 0.12684414960097468, 0.6116438543261777, 0.4677546819950406, 0.14553530904767126]], "inverted": false, "swapped": false, "error_lsq": 0.04317795128257924, "error_max": 0.2334393196740794, "target": "556.xyz", "model": "17.xyz", "model_rescale": 3.7474275329858107, "target_rescale": 3.8856811797578468},
{"mapping": [2, 0, 4, 8, 3, 5, 1, 9, 11, 7, 12, 13], "R": [[-0.748680348751986, 0.5081978317767413, -0.42569084929091894], [-0.628198218677805, -0.3387400035513972, 0.7004442933196274], [0.21176575134482312, 0.7918271110358742, 0.5728569566531807]], "T": [-0.0065960131321949195, 0.052656934029380514, -0.0049274638152797205], "aligned_model": [[-0.36476653543399085, -0.42621851368146385, -0.6950798117178103, -0.060475182720433965, 0.4738621329174214, -0.16557118867078302, 0.29022145717342196, -0.4866449434511445, 0.692773553632752, 0.21457255094475236, 0.09783932638700694, -0.07899504157553498], [-0.5336487268600854, -0.43063331125577065, 0.3560566711361206, 0.2881478396133906, -0.05123095662235114, 0.7578304215807825, -0.5639423638598658, 0.24826404327602505, 0.011098401184698709, -0.17648135790125807, 0.5394470048204538, -0.023179112461786305], [0.17337641380017726, -0.542970107688297, -0.3558754380640118, -0.6820504361699361, -0.4728552973320877, -0.030950197863827376, -0.10603686977505841, 0.4181742369233, 0.17083305290239026, 0.6777140171039124, 0.5530739789715923, -0.019845786026009636]], "inverted": false, "swapped": false, "error_lsq": 0.04127991028126986, "error_max": 0.2153746200878439, "target": "556.xyz", "model": "18.xyz", "model_rescale": 3.922800546911778, "target_rescale": 3.8856811797578468},
{"mapping": [3, 9, 1, 10, 11, 6, 7, 5, 13, 12, 8, 14], "R": [[-0.26563891279640556, 0.33063148258892117, -0.9056041026460709], [0.35862115688093743, 0.9058317380633278, 0.22552101488452994], [0.8948892858034013, -0.2648616337603887, -0.35919560286291935]], "T": [-0.10000138369433417, 0.11071824565172614, -0.004906434948772166], "aligned_model": [[-0.3349974025428111, -0.19502168215081142, -0.7099754889424195, -0.010129909280297694, 0.4434430736846726, -0.12818942100100406, 0.25971560432922214, -0.4730387293843461, 0.5664000490200973, 0.09068402888176888, 0.05095946785776542, -0.06833178666764322], [-0.46798122397959774, -0.43907355813899984, 0.5254327243630688, 0.25371025835283123, -0.09907176247395796, 0.7520172768034539, -0.6023202181603783, 0.1324343243045514, 0.08473439236722916, -0.3088247580869524, 0.5701915407253978, 0.020479556573708035], [0.13305384396837042, -0.5977329705228518, -0.06756835328696709, -0.7936250474168945, -0.41466232203700776, -0.25731237606301083, -0.024676531316515073, 0.6606048503306059, 0.15955546539543478, 0.632460638260318, 0.36990787432240063, -0.017417504851738378]], "inverted": true, "swapped": false, "error_lsq": 0.04880555489210131, "error_max": 0.2761211504862232, "target": "556.xyz", "model": "19.xyz", "model_rescale": 3.9282355846067225, "target_rescale": 3.8856811797578468},
{"mapping": [4, 3, 6, 5, 1, 7, 0, 8, 10, 11, 9, 13], "R": [[0.26956855736219626, -0.8230060113074416, 0.49999389819624784], [0.9346308506125705, 0.34866069608570577, 0.07000637176896357], [-0.2319438853793899, 0.448438205728333, 0.8631947692602555]], "T": [-0.06761891775642521, 0.18065936177661546, -0.006901228523717315], "aligned_model": [[-0.36900832198429856, -0.28469656706304963, -0.6191514733222249, -0.16124555032919258, 0.32594147833307713, -0.011623728102841714, 0.22950951462364982, -0.6237563494384791, 0.7790077090210272, 0.1820071912105624, -0.009935086401845997, 0.054468987257809354], [-0.3387571719546827, -0.3762160337792829, 0.33252645440413553, 0.2417670955798558, -0.20014594065356545, 0.7866800110427628, -0.5621381918855767, 0.16824225867229814, 0.16871804174520905, -0.26129388920952284, 0.3677288687191686, 0.09461704996955476], [0.18992035679035052, -0.4641999898794953, -0.322483674779821, -0.6962415296748311, -0.5183680725884573, -0.13994741515948378, -0.0196870465132106, 0.5119229726858748, 0.15220599538143653, 0.4987936409289394, 0.6565009122704704, -0.06582858267962821]], "inverted": false, "swapped": false, "error_lsq": 0.044403550883397806, "error_max": 0.23507905036392973, "target": "556.xyz", "model": "20.xyz", "model_rescale": 4.067790424073018, "target_rescale": 3.8856811797578468},
{"mapping": [11, 10, 5, 1, 9, 8, 12, 6, 0, 3, 2, 14], "R": [[-0.6797994856029146, 0.011073994136705012, 0.7333144114415543], [0.6777843171529816, -0.3724520127025872, 0.6339463050253218], [0.28014474615005625, 0.9279853796734365, 0.24568690709288626]], "T": [-0.0992541689233323, 0.13000141764486373, -0.0019547231646851737], "aligned_model": [[-0.3214132146530747, -0.2802452178582274, -0.499941623601463, -0.11906940501555884, 0.25409158308317226, 0.02273581418825571, 0.3005953998861145, -0.5669308930000289, 0.5524578743503641, 0.14879204519555636, 0.10291406469543771, -0.10246862346635377], [-0.45794787282388916, -0.4303334283082423, 0.5062710007300713, 0.2666542548760965, -0.22462945968822173, 0.6459574086846848, -0.5232055569464036, 0.1469442375920414, 0.3221022599994283, -0.3107434575991149, 0.41151035467469266, 0.06914881145921055], [0.14968051092320175, -0.5716510652363399, -0.21721476443182536, -0.8108048080222454, -0.5964575573461668, -0.2118969915519824, -0.023281644318721706, 0.5712366282220036, 0.20499142572349635, 0.6821227923686614, 0.6565303983276188, -0.05066735787555562]], "inverted": true, "swapped": false, "error_lsq": 0.050411082936619396, "error_max": 0.2992026897271404, "target": "556.xyz", "model": "21.xyz", "model_rescale": 4.186013935880536, "target_rescale": 3.8856811797578468},
{"mapping": [1, 7, 10, 4, 6, 11, 0, 9, 5, 2, 8, 12], "R": [[-0.8241484982362693, 0.5354105668734674, 0.1847018617532985], [-0.4200125727569812, -0.35898435057462696, -0.8334984551686796], [-0.3799588024785896, -0.7645036042575247, 0.5207355830901998]], "T": [-0.0051667762242344276, 0.06303439041964332, -0.02572216815871519], "aligned_model": [[-0.30643437160777653, -0.44848021912798597, -0.7229123407426803, -0.1226796844276932, 0.23167438013237074, 0.08306016514043266, 0.3060684042589039, -0.5328216649530456, 0.738497135559191, 0.3015280688150869, -0.05477395327378085, 0.018791884031171054], [-0.5751013068107316, -0.3066385584949524, 0.30113680249839114, 0.3630719693720488, -0.1418803971121013, 0.6884396528908592, -0.5885301588070571, 0.19844302106448614, 0.06013649465233312, -0.11720687918954642, 0.45281542749063797, 0.08704248509598643], [0.1670053696361408, -0.47864472452178963, -0.37849401881327804, -0.6767093542003533, -0.485905876609678, -0.01863392418685133, -0.006107336346877483, 0.27209586585837825, 0.1875719119887455, 0.624778069828148, 0.6325163918092125, -0.05688480765965268]], "inverted": true, "swapped": false, "error_lsq": 0.051694652528118785, "error_max": 0.27969697969525864, "target": "556.xyz", "model": "22.xyz", "model_rescale": 4.166573947596378, "target_rescale": 3.8856811797578468},
{"mapping": [10, 5, 0, 1, 6, 2, 14, 8, 11, 9, 3, 15], "R": [[-0.9721706782077498, -0.20866386250701865, 0.10650617313909924], [-0.021420698422109585, 0.5318912835665294, 0.8465416800991306], [-0.2332923618813801, 0.8207015626581942, -0.5215588355480189]], "T": [-0.007983912612115687, 0.004286199728368228, 0.02815923655259514], "aligned_model": [[-0.34848520711847947, -0.3712008577768787, -0.7186282663056857, -0.21124638089133685, 0.33334440280176963, 0.22423484018296136, 0.2816562817761102, -0.5844187499252887, 0.6807374047098951, 0.10373472218336927, 0.13300773775974217, -0.03121812359198491], [-0.6547370964391593, -0.2877161030497393, 0.2861250943921242, 0.3557763633095637, 0.11544709837448523, 0.5782057315466218, -0.7234024764098691, 0.1946677534798754, 0.19264838102793588, -0.13219025652078506, 0.4763128480725314, 0.020591214866769236], [0.13154393876745996, -0.6602229880282008, -0.2587330827175016, -0.5577060165234381, -0.6428443906177583, -0.2354694057397532, 0.14021061599602722, 0.5625344629095845, 0.363235292320098, 0.6020427524434072, 0.37274427655645215, -0.03474788858423272]], "inverted": true, "swapped": false, "error_lsq": 0.048241868174794526, "error_max": 0.2678149541432431, "target": "556.xyz", "model": "23.xyz", "model_rescale": 4.274766983524099, "target_rescale": 3.8856811797578468},
{"mapping": [1, 4, 6, 0, 9, 7, 2, 10, 5, 8, 11], "R": [[-0.33473563318250443, -0.58059127311018, 0.7422033612603818], [-0.9365282868019864, 0.2921097969096549, -0.19387272776008813], [-0.1042440592918604, -0.7599905526634533, -0.6415197081654269]], "T": [-0.021306435492152817, 0.10514372808755096, 0.0016704939501323637], "aligned_model": [[0.08151908740461357, 0.4574722421130387, -0.3412296350782319, -0.4748474848930681, -0.6218777057032118, -0.4212746191301484, 0.13329236194531469, -0.09487689512945079, 0.5004044555494058, 0.1325416469356176, 0.028771249944195776], [-0.1264318840321269, 0.3319963124720855, 0.5447479888184749, -0.03929454712300007, 0.4742319561869578, -0.4087931226524338, -0.7059117486273647, 0.1638600456780523, -0.1114192495485993, 0.7689503778211046, 0.02365040225033277], [-0.7706323966925244, -0.23993589424945694, -0.5291764370047766, -0.2804441111527724, 0.26883705045961576, 0.5163312607485457, 0.010776494763147605, 0.6512530871672189, 0.46409074698047154, 0.32500099136071076, -0.03653435835860281]], "inverted": true, "swapped": true, "error_lsq": 0.07078472491278316, "error_max": 0.37103679333834577, "target": "556.xyz", "model": "24.xyz", "model_rescale": 3.7841303162186577, "target_rescale": 3.8856811797578468},
{"mapping": [7, 10, 8, 9, 12, 2, 11, 1, 3, 6, 4, 15], "R": [[0.15241514479284624, -0.10728235510269635, 0.9824765238525524], [-0.7379872134795429, -0.673571947129983, 0.04093537321465407], [0.6573769819353849, -0.7312942829826734, -0.18183557214797735]], "T": [-0.08786576855482357, -0.011722788859604295, -0.09430990568424868], "aligned_model": [[-0.3668554086422928, -0.4059214583043469, -0.5332410602725831, -0.13345382435372086, 0.4571740877765384, -0.061626192169844836, 0.27263480001647755, -0.5586367698261234, 0.6298687805211912, 0.145164343476834, 0.099231385888513, -0.05282088030644858], [-0.5572643986409489, -0.5352114039918845, 0.376430736447225, 0.22313195947347714, 0.30970208347711736, 0.7318661749382892, -0.6789973389568538, 0.30312398649818884, 0.029109024726372466, -0.20558795796641566, 0.4536273011290807, -0.02820161448329411], [0.12330142862833426, -0.5739507643712887, -0.07344189288800597, -0.628075476773285, -0.512388263030986, -0.2175169082301008, 0.024902442732213037, 0.38764711129135343, 0.26927195262977804, 0.5615404700393073, 0.45809238559004006, -0.03679491883521507]], "inverted": false, "swapped": false, "error_lsq": 0.04593926548400549, "error_max": 0.305687137843718, "target": "556.xyz", "model": "25.xyz", "model_rescale": 4.19342608120988, "target_rescale": 3.8856811797578468},
{"mapping": [0, 1, 2, 8, 10, 6, 9, 4, 7, 5, 3, 11], "R": [[0.0899513308498446, 0.8481067337490948, 0.5221338202489705], [-0.2705657352928732, 0.525351763626243, -0.8067215798156284], [-0.9584899274190464, -0.06870584126723472, 0.2767247123261545]], "T": [-0.016298294267531252, -0.011508156215332951, -0.03746893944943175], "aligned_model": [[-0.5326367950750672, -0.1813151124573975, -0.8007521020082792, -0.21397590042429582, 0.3804864025768141, -0.06331769607016245, 0.33642329883069116, -0.5144804022319707, 0.8231716493648548, 0.05236712106360915, 0.2698226649051217, -0.06427532466972442], [-0.4069816153275634, -0.3598468650353384, 0.07743404241198105, 0.2581272900980248, 0.2165105024481776, 0.8071100312854356, -0.6631992508018595, 0.3827815845141025, -0.060527722021922456, -0.2884693251027473, 0.3609724969137328, 0.09781738326833045], [0.24697675713970363, -0.4196035453894217, -0.31576178982360675, -0.7268573683691656, -0.47083390600847863, -0.09870129973865802, -0.06641199096235079, 0.3992001787583541, 0.2680607901772104, 0.5407502694868657, 0.4212357243657261, 0.004533747145965918]], "inverted": false, "swapped": false, "error_lsq": 0.054788502790803856, "error_max": 0.27729693887585005, "target": "556.xyz", "model": "26.xyz", "model_rescale": 3.795458400668931, "target_rescale": 3.8856811797578468},
{"mapping": [7, 3, 10, 4, 9, 11, 0, 5, 1, 6, 8, 12], "R": [[0.9534653566487027, -0.2156574667602617, 0.2107028018354506], [0.043174372771119636, 0.7892995000918103, 0.6124885898452633], [-0.29839535386225935, -0.5748896904497119, 0.7618806052184633]], "T": [0.10917765040986185, 0.09029542138761848, -0.07647233989476099], "aligned_model": [[-0.538432379711901, -0.12775729709686062, -0.5824955563306756, -0.31379099219756645, 0.36963435621840013, -0.03991264247467746, 0.2099516728042656, -0.3943822606871705, 0.5990082343832298, 0.13275793072458864, 0.1862929178389741, -0.009356179666413292], [-0.38774516314811547, -0.43090128125349536, 0.22373200241133104, 0.3650829335800903, 0.10078910281065791, 0.7686629979231394, -0.7343593727458713, 0.10899311831550179, -0.0036016746662279053, -0.11253372078570412, 0.5336580134010201, -0.010048403191972644], [0.03437235800206784, -0.5426186545362844, -0.18356707567199743, -0.7431450730633579, -0.4176855828455067, -0.24724735974913242, -0.04388002460391199, 0.4829365266293374, 0.2422791383891731, 0.7232096401081521, 0.496445243740675, -0.018511569617070046]], "inverted": false, "swapped": false, "error_lsq": 0.047313941579519396, "error_max": 0.26446440868588483, "target": "556.xyz", "model": "27.xyz", "model_rescale": 3.6321398670334006, "target_rescale": 3.8856811797578468},
{"mapping": [1, 7, 6, 12, 8, 9, 3, 13, 0, 2, 11, 14], "R": [[-0.7381872814530241, 0.6518567961205212, 0.17367283855710738], [0.2475012020656886, 0.5011972152695275, -0.829183035512733], [-0.6275529399795948, -0.5691081345030664, -0.5313127504261561]], "T": [0.030185739269800893, 0.0246401603759926, -0.05262047435439801], "aligned_model": [[-0.27202393661139795, -0.09501154555556884, -0.6936294897545596, -0.23538937792570092, 0.3043968832311102, -0.08976635639482045, 0.2881124453435626, -0.49141771555331654, 0.5902989269474395, 0.019243136930354253, 0.17747500194828592, -0.010770168801194503], [-0.4394173429682259, -0.4011129548841471, 0.27530421221504153, 0.28065699490537266, 0.05135953660231397, 0.6819042691224332, -0.6042167399748795, 0.3991315159990498, -0.09383560742297092, -0.12994711809787027, 0.3830903890238093, 0.01881139813042696], [0.3223290443011353, -0.6881889669045701, -0.1836414058455511, -0.7925089581302309, -0.48979771444824083, -0.066315266052038, -0.1504616371504606, 0.4515257270537283, 0.1956704913569763, 0.7280373870167027, 0.4595759167893402, -0.0036370512046466075]], "inverted": false, "swapped": false, "error_lsq": 0.04556743308175437, "error_max": 0.263622343525594, "target": "556.xyz", "model": "28.xyz", "model_rescale": 4.156811204709835, "target_rescale": 3.8856811797578468},
{"mapping": [3, 5, 4, 8, 7, 2, 1, 0, 9, 11], "R": [[-0.8158198427212409, -0.20932225504263935, -0.5390938487556263], [-0.287913498965175, 0.9554676335319168, 0.06471026492411289], [0.5015414253438295, 0.20800431441867478, -0.8397561573738516]], "T": [-0.04387524446016275, 0.07950739854496171, 0.004922106659933079], "aligned_model": [[-0.5082657542599818, 0.05121163029003152, -0.005886700539595585, 0.6819957731884747, -0.15299886320182435, -0.694207094850355, -0.6870501973704696, -0.3244385300436249, 0.4150539364699646, -0.13248882557203173], [-0.21839914149912615, -0.5917902913640661, 0.1829058849858537, 0.13380481862768848, -0.4115802736415253, -0.42553052947313197, 0.48283113886091666, 0.39626392454554005, 0.326770592105097, 0.043444207478957275], [-0.5400245522163503, -0.26569231516510367, -0.566856161135107, -0.19259793577386644, 0.6651540912016721, 0.06656518705372762, -0.2854363745817427, 0.3614331096717724, 0.5494722509468156, -0.033230573026718405]], "inverted": true, "swapped": true, "error_lsq": 0.058840657284218945, "error_max": 0.30032588847928965, "target": "556.xyz", "model": "29.xyz", "model_rescale": 4.117894457231895, "target_rescale": 3.8856811797578468},
