[{"mapping": [12, 11, 13, 3, 4, 1, 6, 5, 2, 15, 8, 7, 9, 16], "R": [[0.629193799176238, 0.47438605058157557, -0.6156890758262543], [0.6422830149438281, 0.12875440375107133, 0.7555758282458304], [0.4377073129304998, -0.8708502618293922, -0.2236786303580218]], "T": [0.02580503631391074, 0.17703854478044778, 0.11077885676897577], "aligned_model": [[0.05180806985552983, 0.2456743254723837, -0.35335439292904636, -0.30990780379877797, -0.596939149372733, -0.08271106603289294, -0.7373376620311144, -0.18120449527634838, -0.39664479071892955, 0.21302490301830868, 0.5862992363984646, 0.37804520045694345, 0.5996944187369079, -0.044954692650392335], [-0.6522093837092325, -0.22772045992233259, -0.3321407721022358, -0.3227112737599999, 0.21319341030854436, 0.22368131873816718, 0.18654364058492234, 0.6603761418534984, 0.6258195094097252, -0.2542807811575787, 0.4412321447711242, 0.6657808621244661, -0.15407187765130348, 0.16178085232226905], [0.15829260491342295, -0.40897011446730974, 0.6022751142731323, -0.2927053783808699, 0.7008963505593776, -0.5558537159068538, -0.04277663565382721, 0.4762045395235332, -0.1306903057602442, 0.6054387535413456, 0.5367957754789451, 0.018354936988949147, 0.13933468558750972, 0.09099147648272277]], "inverted": true, "swapped": true, "error_lsq": 0.052268866501234565, "error_max": 0.30599430513802744, "target": "558.xyz", "model": "0.xyz", "model_rescale": 3.8414455957264533, "target_rescale": 4.3170498687948795},
{"mapping": [7, 0, 4, 2, 5, 6, 13, 14, 12, 15, 3, 10, 11, 9, 16], "R": [[-0.8111309851881092, -0.37289563898281725, -0.45057226645163573], [0.03267651616269909, 0.7402903601643769, -0.6714926864375859], [0.5839509997929931, -0.5593916562439001, -0.5882875187911694]], "T": [-0.07874805456400924, 0.05606786051685471, -0.04308003733145943], "aligned_model": [[-0.6741017893544606, -0.6710359957082539, 0.1851912644371922, -0.330763730223173, -0.4077121871772082, 0.21455331249117493, 0.5743516379674671, -0.17201749874253125, 0.6680858593387379, 0.27164007982127747, 0.4848901760504444, -0.3855591149623779, 0.16260697456241027, -0.010818277412582206, -0.037266557583572196], [0.18589008333981344, 0.09887916291191652, -0.7303964701815842, -0.33518039191075183, -0.47095522191751243, -0.4731146161917497, -0.27852541764145283, -0.3497475443921955, 0.3779556288710714, 0.13421379579697845, 0.18165260537791605, 0.7313902678952877, 0.6365621830138196, 0.622443102864636, 0.015977360206822527], [-0.02949740584181959, -0.5838890372061945, 0.1786541368717494, -0.5138118837372698, 0.11194698794357916, -0.5329745449194656, 0.28265321318515857, 0.5853537627291501, 0.12783868764966347, 0.5373486154524041, -0.4810217423678537, -0.3833190342315995, -0.3381824615309051, 0.29515538466325825, -0.09107289132032001]], "inverted": true, "swapped": true, "error_lsq": 0.03868327925801491, "error_max": 0.27778331422956687, "target": "558.xyz", "model": "1.xyz", "model_rescale": 4.316132596720782, "target_rescale": 4.3170498687948795},
{"mapping": [12, 9, 15, 6, 13, 3, 5, 1, 8, 11, 7, 16], "R": [[-0.7808236293389823, -0.4940610246389806, 0.38238483730213535], [-0.24002131928014628, -0.3278573092654655, -0.9137282698112319], [0.5768051890863309, -0.8052411369856174, 0.13741355518722503]], "T": [0.0018229324017456985, 0.12989320410371272, -0.09990053493712905], "aligned_model": [[-0.20236538612523386, 0.46184782906814326, 0.06116891426610469, -0.7285516042964072, -0.5046712331226724, -0.45767060910645324, -0.06471222032313803, -0.0876222392451862, 0.6122253071183982, 0.10287626399458635, 0.475623269202159, -0.07033973679852004], [-0.6303977908978952, -0.3216416050501907, -0.4908817555811329, 0.3927968917014908, -0.4137024739050338, -0.07204235591680544, 0.4708699887555772, 0.45558178335929755, 0.05672528654273962, -0.085305842603109, 0.5086801558952425, 0.14209414544079996], [0.1662771771597263, 0.055958314762570766, -0.37719560657766693, -0.04081499248183609, -0.4041396182342756, 0.4229189703164975, -0.6377778576702557, 0.4868505114146757, -0.5329107177407857, 0.5526245172828431, -0.1592137117708877, -0.08331852525118441]], "inverted": false, "swapped": true, "error_lsq": 0.04596550880179525, "error_max": 0.25142828277100626, "target": "558.xyz", "model": "2.xyz", "model_rescale": 3.795458400668931, "target_rescale": 4.3170498687948795},
{"mapping": [5, 6, 13, 11, 8, 9, 3, 0, 1, 10, 15, 16], "R": [[0.41615133551579786, 0.8609819920486059, 0.2924518341820286], [0.6097223153508515, -0.02561739540277036, -0.7922010143997389], [-0.674578953208307, 0.5079899196054909, -0.5356206469765634]], "T": [0.017602505775087096, 0.024202655502710238, -0.05027027917228178], "aligned_model": [[-0.025636558287396735, -0.25360121478343683, -0.7844649446271879, 0.2119172362275369, 0.18095884546565183, 0.08248420688663521, -0.19095068170978277, 0.7272856779023162, 0.41436133350364046, 0.7068211748124493, -0.4621713643059377, -0.013699885340922785], [-0.08485905425378122, -0.7051276003012049, 0.03470088773210421, 0.055818137265084236, 0.6489379874600435, 0.6002406069994445, -0.34735855810618893, -0.3294727294118847, -0.38975336879193617, 0.13880311713035873, 0.506456501487831, -0.042616881920160346], [-0.6797462797745248, -0.0744018779796034, -0.01604144935288044, 0.6157279161303328, -0.43557910715141823, 0.2718620131496977, 0.5359893499116054, -0.1782378707261888, 0.30969238882683536, 0.3713934685543688, 0.004723488759487242, -0.03661060970861123]], "inverted": true, "swapped": true, "error_lsq": 0.044633272727430943, "error_max": 0.24872433774109132, "target": "558.xyz", "model": "3.xyz", "model_rescale": 3.7530521520055578, "target_rescale": 4.3170498687948795},
{"mapping": [6, 0, 1, 10, 3, 7, 13, 5, 14, 9, 16], "R": [[-0.3173629216870165, 0.6424998596752183, -0.6974773876303129], [0.9452285020783349, 0.27351283439883456, -0.17813985594993376], [0.07631418476946544, -0.7158104914964859, -0.694112012190058]], "T": [-0.05568838622596916, -0.0229579201618538, 0.1044421352368797], "aligned_model": [[-0.3864866163597025, -0.13972522019718897, 0.2176723490567573, 0.5186453965432272, 0.3076112309429011, -0.1340277156628314, -0.19495885496968834, -0.6778137676490703, -0.5500112006944086, 0.45018448049380155, -0.07289047905859242], [-0.6877905541076843, 0.18669201954568534, -0.23338280682943613, 0.2859202254191179, -0.6436373709422251, 0.4991051887984749, -0.49189585098396416, 0.12847319724256878, 0.22391391773521746, 0.29379702940625785, -0.09399163696966685], [-0.129281021334793, -0.6663346810334848, -0.47809160220673863, -0.3861605072899137, 0.014871338064346457, -0.20018456528668774, 0.7410699497704073, 0.09872068428344907, 0.6172906741709474, 0.3935053032488548, 0.0874252048589291]], "inverted": true, "swapped": true, "error_lsq": 0.04498993735129727, "error_max": 0.22769310353836633, "target": "558.xyz", "model": "4.xyz", "model_rescale": 3.7855080009869324, "target_rescale": 4.3170498687948795},
{"mapping": [3, 2, 9, 12, 15, 10, 14, 5, 7, 4, 0, 1, 11, 13, 8, 6, 16], "R": [[0.318190582462919, -0.7982057541916919, 0.5114903002083042], [0.44680385001063117, 0.6021160642488286, 0.6616816188992849], [-0.8361346021111589, 0.01799497565359326, 0.5482290652671025]], "T": [0.04482260375300781, 0.045042333741850245, 0.008945536395531065], "aligned_model": [[-0.12983250124614423, 0.39719273958322254, 0.05632935270566544, 0.7051450716487894, 0.10356162658784632, -0.5173579172253091, 0.5677305617438155, -0.6059661058286, -0.6482936654566744, -0.26346899302077054, -0.08914481626638066, 0.36861620115747384, 0.48568796831906114, 0.3998802786568627, -0.2005894012038681, -0.10525360759705191, 0.07767634928059772], [-0.3953755506106848, -0.4535821122691524, 0.008455957190187692, 0.039355153135625105, 0.6923662954323762, 0.26039586672227033, 0.14105885983793248, -0.42344518127391784, 0.10340988919789504, -0.33430793442714923, -0.7163124841977045, -0.5226654306377606, 0.1527423874845017, 0.6236704788442429, 0.7046206786915022, 0.2650252943799755, 0.043544475298063344], [-0.49893662202255384, -0.4069807032118164, -0.7019996450554743, 0.17328408141443333, -0.49784783619683715, -0.4015909318258487, -0.40943884753770493, -0.10103968249664509, 0.28742809905044037, 0.5639684631869656, 0.11318302914209342, 0.3910051384635184, 0.6619958078526456, 0.2619102692391265, 0.01520881510117573, 0.6048999775088262, -0.03354140301737441]], "inverted": false, "swapped": false, "error_lsq": 0.03723042565680374, "error_max": 0.24815747910922248, "target": "558.xyz", "model": "5.xyz", "model_rescale": 4.2253639853439635, "target_rescale": 4.3170498687948795},
{"mapping": [15, 8, 2, 4, 5, 1, 6, 13, 10, 9, 0, 3, 12, 16], "R": [[0.24053688840714305, 0.5971378064822552, 0.7652244411837422], [0.015904481764132727, -0.790689883121275, 0.6120102582387644], [0.9705096871104503, -0.135040545019729, -0.19968725153487027]], "T": [0.00012189927918839633, -0.011000566424084313, -0.04683812456657514], "aligned_model": [[0.6459591536139059, 0.05631339539389373, -0.5200989949908907, 0.29385652549612373, -0.1846283848957906, -0.4321797274317298, -0.12541242345791423, 0.6864526760053152, -0.4096970489290482, 0.3058667686015857, -0.7969425087192812, 0.15603909813541536, 0.7002373465504745, -0.0017037226142758884], [0.011505975179175454, 0.06886500604334468, -0.3559405124309191, -0.8160810838539804, -0.5479574284616072, 0.2636033777951392, -0.49491348648504907, -0.3780468198420418, 0.6945219858998622, 0.5215975246656924, 0.08480962044996476, 0.15066141232561733, 0.2892582612604029, -0.046784685910610885], [-0.26630053453637353, -0.7924294521250674, 0.1735302530193784, 0.007212605320714577, -0.3427245374656552, 0.39594653770815613, 0.5499246706458902, 0.15019266854938723, -0.031271700648863324, -0.2971537627333731, -0.021919762333681522, 0.642224827484798, 0.2852293953901213, 0.019097000656016813]], "inverted": false, "swapped": true, "error_lsq": 0.04706980361379405, "error_max": 0.26152293895435463, "target": "558.xyz", "model": "6.xyz", "model_rescale": 3.89814844738969, "target_rescale": 4.3170498687948795},
{"mapping": [7, 10, 1, 8, 6, 11, 9, 5, 15, 12, 3, 13, 16], "R": [[-0.24495732435779266, -0.05372720221673355, 0.9680440573576358], [-0.9021416340877715, 0.3783850925215764, -0.20728047134953098], [-0.3551568404084552, -0.9240877174269769, -0.14115774584372928]], "T": [0.02643088579215498, -0.03646966129590146, -0.030437898616122564], "aligned_model": [[0.05602717317085114, -0.145897331528409, 0.32168574277866957, -0.3764485527520219, 0.6662652847112952, -0.22972666392596874, -0.6144018079192222, 0.3599240454719379, -0.5004201391326649, -0.4772310708141095, 0.11512003969179459, -0.10440545376274059, 0.07814053491481097], [-0.4014887944507795, 0.22668016922819773, 0.4117345979688092, -0.6529172882477267, 0.2599113513418555, 0.5368598069110628, 0.022251313483232976, -0.5625230609749858, -0.1241754742927564, 0.49450594200313347, 0.6680487353404951, 0.07902724668415592, 0.0058667204757912594], [-0.5176436653616278, -0.783439298290812, -0.4430973116751889, -0.18250006634822574, 0.29945094848906234, -0.32706557755411575, -0.19069979755627553, 0.11806880716875401, 0.39442883436437925, 0.36323123033521115, 0.1146158257195215, 0.7532306136800367, 0.0036944878655765616]], "inverted": true, "swapped": true, "error_lsq": 0.038730482497375956, "error_max": 0.2372651427857761, "target": "558.xyz", "model": "7.xyz", "model_rescale": 3.7474275329858107, "target_rescale": 4.3170498687948795},
{"mapping": [3, 6, 2, 1, 5, 10, 11, 9, 7, 8, 12, 15, 13, 4, 16], "R": [[0.45676976492582333, -0.5473332092396506, 0.7012757944724979], [-0.4800371910152457, -0.8153444750878722, -0.32369380931039576], [0.7489497159968757, -0.18878491731890895, -0.6351650005322178]], "T": [0.04307357610828377, -0.12388150971169731, 0.04917467201258523], "aligned_model": [[-0.40718675043429575, 0.27874711755228876, 0.4260848741537401, -0.22443243038289973, 0.6804694224940416, -0.4450476584645467, -0.6205705003509094, -0.42319765685817023, 0.22063886870955843, 0.23690882884922593, -0.5669721994136704, -0.1001685217779072, 0.06840419116100804, 0.6285837018919017, 0.04989243520938165], [0.1383060358007605, 0.15556187113595055, -0.35052133244872874, -0.48297891274549654, -0.13137521675512367, -0.7773975022334961, -0.262701792834333, -0.17064506350467765, -0.6707415075570994, -0.32824372420104625, 0.43612357314999073, 0.3513316025075645, 0.6780025321706369, 0.49492719924599404, -0.09052979975130285], [-0.4545870270893973, -0.6381577023889593, -0.44083788226075776, -0.4586046810620827, 0.10979222636059864, 0.02446711083930915, -0.1012142174659613, 0.5184324666254068, 0.25140987311705904, 0.7463879835001518, 0.11863185204041164, 0.5176085011275882, 0.07974203992437966, -0.058574230108539016, -0.01770165746294662]], "inverted": true, "swapped": true, "error_lsq": 0.043312247290258746, "error_max": 0.3050212276971529, "target": "558.xyz", "model": "8.xyz", "model_rescale": 4.019505241142653, "target_rescale": 4.3170498687948795},
{"mapping": [1, 6, 3, 11, 10, 9, 13, 0, 7, 5, 4, 8, 16], "R": [[-0.37374243240304394, -0.19493629877782745, 0.9068166483034252], [0.08841856006051516, 0.9657256257888002, 0.24404133652243354], [-0.923308590049005, 0.17138802500067554, -0.34369665757479606]], "T": [0.06668668266010294, 0.0018776502782607701, 0.04611040645643876], "aligned_model": [[-0.18014724692453785, -0.6436098427099044, -0.1001832234228022, 0.3292706007847501, 0.3549003721535591, 0.719812569665714, 0.04129723971615398, -0.2674980512976516, 0.15529456952324663, -0.24785882878577223, -0.38416302384491996, 0.5360713630857672, 0.0065142737975731335], [-0.5469544576472687, 0.14423012974525495, -0.03915956875978424, -0.3754639299417519, -0.7535178110430122, -0.06123676495607826, 0.746978068354758, -0.6846081307412965, -0.3840070573050931, 0.21358461917470578, 0.7206976902001869, 0.06661476236423797, 0.016220678669200045], [-0.26406149475196034, -0.23897033960278075, -0.657965513640038, -0.4744415766188225, -0.06464392486102277, -0.05002344176080665, -0.2518405355370014, 0.2954495795334222, 0.5094957771629107, 0.5621001244549044, 0.1779756556175267, 0.6300021342040227, 0.0036270498435245144]], "inverted": false, "swapped": true, "error_lsq": 0.042895134128745085, "error_max": 0.2911674645833108, "target": "558.xyz", "model": "9.xyz", "model_rescale": 3.877068213659057, "target_rescale": 4.3170498687948795},
{"mapping": [10, 7, 14, 2, 5, 0, 6, 8, 9, 15, 3, 11, 1, 4, 13, 16], "R": [[-0.671213082645128, 0.4296147856110689, 0.6040729539305495], [-0.6170753171618409, 0.12769182768194198, -0.7764746293941989], [-0.41072016098024433, -0.8939384392269976, 0.17939625480137988]], "T": [-0.04467517002081834, 0.0395863985349371, -0.07559513192261594], "aligned_model": [[0.18301522533780634, -0.13902500699691067, -0.6313514562106588, 0.4348514320592802, -0.17692987854018244, 0.41839157984436093, 0.5299936278616473, -0.6964222576447957, -0.43315162454303957, -0.5872275593269044, 0.4372644231076384, 0.2102505933591136, 0.5584927177818568, -0.14795622271611383, -0.25655125087363634, 0.011764182817632772], [0.18710651295916486, -0.36066339087942806, -0.2613344069646924, -0.4075925893367532, -0.5345983363538627, -0.4239103134942877, -0.05248324080818724, -0.21993871813519167, 0.44000567625979486, 0.38194591920512927, 0.5559207397160532, 0.571792694451204, 0.11658842272566732, -0.2115289209633629, 0.37268741249229437, 0.047801416260006876], [-0.8452384619161155, -0.525464647762662, 0.28987987020124395, 0.01529357876132803, 0.17505340851865678, -0.5401940668014614, 0.4414497098351724, -0.34636231830718067, -0.4341324615947757, 0.15722006594047674, 0.08684130750657812, -0.44176539704044393, -0.3732685556231504, 0.7390399225973566, 0.623508767028451, -0.026826394233432325]], "inverted": true, "swapped": true, "error_lsq": 0.03903477538860659, "error_max": 0.2849934641336096, "target": "558.xyz", "model": "10.xyz", "model_rescale": 4.260839863003843, "target_rescale": 4.3170498687948795},
{"mapping": [7, 1, 6, 2, 4, 5, 8, 9, 12, 13, 15, 16], "R": [[0.1918891639615311, 0.6409463199994864, -0.7432135383813058], [0.780856956131616, -0.5584481224543415, -0.27999662245835816], [-0.594509009868658, -0.5266151435406476, -0.60764753581221]], "T": [0.08338087732957947, -0.0446422499310266, -0.11954003193456053], "aligned_model": [[0.24876527616312064, 0.17631393445476312, -0.5460973997145605, -0.37469167801735415, -0.6606977695278459, -0.3837708949920621, 0.3527683367428761, 0.6987792300833537, 0.38672603441183007, -0.22137415332052038, 0.24971215496778632, 0.032465577842743336], [0.12007871109369979, -0.671541852672568, -0.48367458477785685, -0.33032814382186526, 0.24054505263619969, 0.30370713076745814, 0.6159555932960856, 0.13744470519696184, -0.1727842473867009, 0.13091519411910346, 0.3765735162406223, -0.09381256915820593], [-0.6825670051493214, -0.3576799377867151, 0.011089680708732619, -0.5025918183759597, 0.20041515450659192, -0.38491907992805774, -0.3572022036534338, 0.04757603150775003, 0.643445672442226, 0.6021925887759041, 0.39103536631624647, -0.09461637196845903]], "inverted": true, "swapped": true, "error_lsq": 0.044300457242215846, "error_max": 0.22981422276612257, "target": "558.xyz", "model": "11.xyz", "model_rescale": 3.890672605050136, "target_rescale": 4.3170498687948795},
{"mapping": [5, 14, 8, 2, 7, 3, 13, 1, 6, 12, 9, 15, 11, 16], "R": [[0.7256597284652262, 0.38071931500655026, 0.5731236879284588], [0.6012913364786331, 0.054010035480210744, -0.797202386313015], [-0.3344647771582437, 0.9231119754657989, -0.18973031806255136]], "T": [0.17483720838455094, -0.012848361456645259, 0.11834483906779705], "aligned_model": [[0.5223160664437465, 0.21981789047192285, 0.5241450963899368, 0.5145480909894645, 0.7515166571173689, -0.33710205781348, -0.4855886104725534, 0.28294815538865314, -0.011306261450026583, -0.6107624453871546, 0.02001067056319808, -0.2511819140352246, -0.07254990125040617, 0.14306439783824884], [-0.15503708304741065, 0.25597675404607634, 0.6014543591331145, -0.579982632821152, 0.16362837883375486, -0.36785602829154024, -0.051713707267086385, -0.38267163229898604, -0.7582543284499477, 0.20263482830991192, 0.5811865769667626, 0.44003085420603316, 0.06353263247814062, -0.08077645196990585], [-0.40035056209213693, -0.5845236896425074, -0.13867381489496564, 0.08471744681289811, 0.20655561217122437, 0.4886693783239199, -0.33654112834327976, 0.6750252242663031, -0.007261558641519589, 0.28261906054619224, 0.3692428374233965, -0.16305199148425273, 0.7627646642254428, 0.11559895668614659]], "inverted": true, "swapped": true, "error_lsq": 0.03926865380957152, "error_max": 0.2451486521337378, "target": "558.xyz", "model": "12.xyz", "model_rescale": 4.124412569039231, "target_rescale": 4.3170498687948795},
{"mapping": [4, 8, 7, 13, 2, 6, 15, 3, 9, 12, 1, 10, 16], "R": [[-0.04275888424928853, -0.7942271235385386, -0.606114637715882], [-0.7485798901897486, -0.376310544885335, 0.5459107269614754], [-0.661664435965286, 0.4770677625283449, -0.5784518338936604]], "T": [0.15441134564464165, 0.15455474240225558, 0.07366352708909069], "aligned_model": [[-0.3204488977894985, -0.01767202503945417, 0.5271075471835118, -0.5537711204092366, 0.6005028112916129, 0.2608762368125627, -0.49329934006726084, 0.1766978199140059, -0.045765196189577556, -0.3705510848429423, 0.7174938955487797, 0.7268426322442947, 0.1592850288529596], [-0.38299020305525283, 0.7898440476081803, 0.5475248531580069, -0.21862461955457885, -0.2388910524696652, -0.6152538823920535, 0.3490937951702102, -0.2839401683329209, 0.6850171688552187, 0.08914820857961464, -0.02832261924492563, 0.5742648961387391, 0.08061495204790436], [0.5457962757987032, 0.43730790537173064, 0.35322818929969074, 0.011948219029494694, 0.3641430922925038, 0.11966702997403494, -0.017996046628343337, -0.5029455662195257, -0.27033870645194785, -0.5672126488063804, -0.25473286810097256, -0.3289799438304691, 0.061813149239319895]], "inverted": false, "swapped": true, "error_lsq": 0.045133874998952606, "error_max": 0.29007736798401795, "target": "558.xyz", "model": "13.xyz", "model_rescale": 3.9028299243045295, "target_rescale": 4.3170498687948795},
{"mapping": [11, 2, 1, 3, 12, 9, 6, 13, 10, 4, 15, 5, 7, 8, 14, 16], "R": [[0.770231398817847, 0.5277478174705721, -0.3580863491256696], [0.5742662340817501, -0.32967197921227454, 0.7493561760043261], [0.27742005094921995, -0.7828145548450858, -0.5569914613834065]], "T": [0.03781813313869247, 0.06755773586213962, 0.024808683098876655], "aligned_model": [[0.15167943481806379, -0.224497299245061, -0.024002897838438376, -0.4118229825038119, -0.1815689750111872, 0.4882160006586154, -0.6820466633876696, -0.49399719206979814, 0.559335687040597, -0.5716183811705574, 0.06975891470543616, -0.03426719321235675, 0.5210403124479077, 0.6324675797913102, 0.06257079736897234, -0.033407870811426106], [-0.542852847354832, 0.4869206116219317, -0.1101961460022576, -0.4420529766096164, -0.6616689202923771, -0.3645652330970268, 0.2147956602074146, -0.10743331122731822, -0.24246197411107626, 0.47836360540881506, -0.1820039054483956, 0.6875797477173841, 0.37920221009412214, 0.3176269633440363, 0.47625244563977265, 0.06474635223052405], [-0.2862313033671895, -0.4150787563603856, -0.6255235376886766, -0.22692988967054892, 0.3575001642820621, 0.24888472173691703, -0.23243066555008526, 0.6002603439510076, -0.5209597440770498, 0.4688602838818625, 0.6592177203537025, 0.16756903848524318, -0.17732596027068648, 0.4112020560932088, 0.657793922224375, 0.0013517156005752838]], "inverted": true, "swapped": true, "error_lsq": 0.03298172708438333, "error_max": 0.23617157272603737, "target": "558.xyz", "model": "14.xyz", "model_rescale": 3.942246331269136, "target_rescale": 4.3170498687948795},
{"mapping": [9, 8, 15, 5, 2, 14, 3, 12, 11, 13, 6, 1, 7, 0, 16], "R": [[0.28677569656763224, 0.6220320611891983, -0.7285848026900278], [0.8842854875362673, 0.12067205948588036, 0.4510847266225958], [0.3685089909227387, -0.7736371041464812, -0.5154481105765654]], "T": [-0.07800202587658667, -0.03378623837341989, -0.03711955910672948], "aligned_model": [[-0.6958748046861104, -0.4124692615980501, -0.24921490753718153, 0.34416443903342525, 0.37969427142009554, 0.1425745609268405, -0.012971472682211466, -0.3273486079594849, -0.5286367095200596, 0.25109145582716963, 0.5910597412921305, -0.13316601086040458, -0.2870220784119375, -0.06559648611769459, -0.021990092594316904], [0.07432566068082393, -0.5434000546295757, 0.21243655998222677, -0.4771817196055374, -0.26298057151661197, -0.314105460514796, 0.6139735769352884, 0.7153723005195812, 0.360601024811668, 0.47522668170521243, 0.241575481106987, 0.08026068413173502, -0.5871275804918733, -0.49850020207397827, 0.007668308840501015], [-0.25239523573875744, -0.47742382679133183, -0.6501746427775911, -0.2246829661415936, 0.3825941815811097, -0.7012592102266492, 0.28136241681130514, -0.2962982745287461, 0.3145882995474921, -0.5636149039661844, 0.2502629199949974, 0.6279372159217009, 0.1098782085174225, 0.6178607625122998, -0.009272464354957797]], "inverted": false, "swapped": true, "error_lsq": 0.03773594819945226, "error_max": 0.2522384337006782, "target": "558.xyz", "model": "15.xyz", "model_rescale": 4.355366556412066, "target_rescale": 4.3170498687948795},
{"mapping": [12, 9, 15, 6, 13, 3, 5, 1, 8, 11, 7, 16], "R": [[-0.7808236293389823, -0.4940610246389806, 0.38238483730213535], [-0.24002131928014628, -0.3278573092654655, -0.9137282698112319], [0.5768051890863309, -0.8052411369856174, 0.13741355518722503]], "T": [0.0018229324017456985, 0.12989320410371272, -0.09990053493712905], "aligned_model": [[-0.20236538612523386, 0.46184782906814326, 0.06116891426610469, -0.7285516042964072, -0.5046712331226724, -0.45767060910645324, -0.06471222032313803, -0.0876222392451862, 0.6122253071183982, 0.10287626399458635, 0.475623269202159, -0.07033973679852004], [-0.6303977908978952, -0.3216416050501907, -0.4908817555811329, 0.3927968917014908, -0.4137024739050338, -0.07204235591680544, 0.4708699887555772, 0.45558178335929755, 0.05672528654273962, -0.085305842603109, 0.5086801558952425, 0.14209414544079996], [0.1662771771597263, 0.055958314762570766, -0.37719560657766693, -0.04081499248183609, -0.4041396182342756, 0.4229189703164975, -0.6377778576702557, 0.4868505114146757, -0.5329107177407857, 0.5526245172828431, -0.1592137117708877, -0.08331852525118441]], "inverted": false, "swapped": true, "error_lsq": 0.04596550880179525, "error_max": 0.25142828277100626, "target": "558.xyz", "model": "16.xyz", "model_rescale": 3.795458400668931, "target_rescale": 4.3170498687948795},
{"mapping": [7, 10, 1, 8, 6, 11, 9, 5, 15, 12, 3, 13, 16], "R": [[-0.24495732435779266, -0.05372720221673355, 0.9680440573576358], [-0.9021416340877715, 0.3783850925215764, -0.20728047134953098], [-0.3551568404084552, -0.9240877174269769, -0.14115774584372928]], "T": [0.02643088579215498, -0.03646966129590146, -0.030437898616122564], "aligned_model": [[0.05602717317085114, -0.145897331528409, 0.32168574277866957, -0.3764485527520219, 0.6662652847112952, -0.22972666392596874, -0.6144018079192222, 0.3599240454719379, -0.5004201391326649, -0.4772310708141095, 0.11512003969179459, -0.10440545376274059, 0.07814053491481097], [-0.4014887944507795, 0.22668016922819773, 0.4117345979688092, -0.6529172882477267, 0.2599113513418555, 0.5368598069110628, 0.022251313483232976, -0.5625230609749858, -0.1241754742927564, 0.49450594200313347, 0.6680487353404951, 0.07902724668415592, 0.0058667204757912594], [-0.5176436653616278, -0.783439298290812, -0.4430973116751889, -0.18250006634822574, 0.29945094848906234, -0.32706557755411575, -0.19069979755627553, 0.11806880716875401, 0.39442883436437925, 0.36323123033521115, 0.1146158257195215, 0.7532306136800367, 0.0036944878655765616]], "inverted": true, "swapped": true, "error_lsq": 0.038730482497375956, "error_max": 0.2372651427857761, "target": "558.xyz", "model": "17.xyz", "model_rescale": 3.7474275329858107, "target_rescale": 4.3170498687948795},
{"mapping": [7, 1, 2, 11, 8, 15, 5, 6, 9, 4, 12, 3, 13, 16], "R": [[0.5282598539210498, -0.05000642104218611, 0.8476089219621648], [-0.8432773827109039, -0.1474341079708449, 0.516862108898582], [0.09912004107928651, -0.9878069354187554, -0.12005280419485297]], "T": [0.09888164352413674, -0.11691934469830206, -0.037032726760076025], "aligned_model": [[0.4915949373788217, 0.11063164181932743, 0.6051756824451454, -0.3862146349663655, 0.2728036668830754, -0.3186976784129465, 0.6445704584650965, 0.2577612639480576, -0.3433091796628356, 0.317110577476524, -0.7097111205038041, -0.35030997385167634, -0.2739905996171631, 0.09743260648161958], [-0.4907314063918291, 0.21238612523495226, 0.2809218250264591, -0.0648840652452034, -0.8286089196173301, -0.3918309629795442, -0.13914446266856667, 0.6373188053436176, -0.5980422581553444, 0.23880437931780807, -0.01670408517001737, 0.42028562263698205, 0.1429005969249348, -0.042262952745685145], [-0.3154661628054892, -0.6284463931523145, -0.19053945902713448, -0.5312849696392741, 0.13235292899005066, 0.4275392966290344, 0.29723343950528575, 0.0722306860187737, -0.15011052518280166, 0.7134290751615511, 0.12643128958560193, -0.22382200405347893, 0.6248236843256115, -0.02957616769376129]], "inverted": true, "swapped": true, "error_lsq": 0.038878887551136124, "error_max": 0.2503926958224457, "target": "558.xyz", "model": "18.xyz", "model_rescale": 3.922800546911778, "target_rescale": 4.3170498687948795},
{"mapping": [14, 5, 4, 15, 1, 8, 2, 12, 7, 13, 6, 3, 9, 11, 16], "R": [[0.9371434247290933, 0.3373959530456431, -0.0890290534345308], [-0.13155308320240738, 0.5779251505148456, 0.8054168527553504], [0.3231965157407593, -0.7430790612517725, 0.5859842326737281]], "T": [-0.011509904866653611, -0.02930444445848754, 0.036719279162632686], "aligned_model": [[-0.21056623996682095, -0.1741803174516119, 0.3881711751670622, 0.019792096660872588, 0.1396828710379106, -0.6732226616448993, 0.10183319711631626, 0.44046997883398376, -0.5648304776714408, 0.520893528130422, 0.6178827104060867, 0.6024633228725779, -0.28569455800530186, 0.11642185737851844, 0.056934354023942715], [0.42830255641630655, -0.11081285020801943, 0.19672328804912506, 0.6523894843677098, -0.5842515550738963, 0.2989418480442476, -0.6054559028939734, 0.5101018935975927, -0.28303325679832236, 0.5241800013614685, -0.3811573126696195, -0.13143454911641395, 0.3647643992345492, -0.10526419024005054, -0.056382349036125455], [-0.528335391948359, -0.5772015831574326, -0.6888995257107595, 0.04618632691637659, 0.39382532604127324, -0.1041104783701314, -0.2688595244245353, 0.47869306584620336, 0.006020737741001557, -0.19736526418412026, -0.25674436272257234, 0.40801274463734966, 0.49424642903897315, 0.7150812257176115, 0.02210944174245072]], "inverted": false, "swapped": true, "error_lsq": 0.03667560843926099, "error_max": 0.23767788622116232, "target": "558.xyz", "model": "19.xyz", "model_rescale": 3.9282355846067225, "target_rescale": 4.3170498687948795},
{"mapping": [5, 14, 13, 8, 7, 15, 9, 12, 10, 1, 6, 2, 3, 16], "R": [[0.8004963751049375, 0.23230177171686628, 0.5524865973949595], [0.014939426326812652, -0.9292762504446809, 0.3690832750213703], [0.5991513723466557, -0.2871959909481322, -0.7473527251562273]], "T": [-0.07937852002860497, -0.090368566741175, 0.05372782094384841], "aligned_model": [[-0.49640198052205425, -0.24923089771570278, 0.5019332864183832, -0.49725159379622047, -0.6434508317178236, 0.27197072796777405, 0.081206455465815, 0.7096623774184161, -0.2605617704476361, -0.07818893176640408, 0.12412333673716779, -0.38933688372554665, 0.502905389840876, -0.04485586507236787], [-0.5762626448316792, -0.6499522756785587, -0.6145401012042502, -0.07815884828282908, 0.12690479590410708, -0.2569432387695084, 0.32259764805529734, 0.03191129315682974, 0.6987851471705295, 0.3190843396536468, -0.4820437348014063, -0.26733261936303665, 0.06872392796271704, -0.11989160154702311], [0.05530478158099793, -0.42201435253187536, -0.12491933635096474, -0.571312528655093, -0.024368786000430617, -0.507148847729693, -0.43969891276889395, -0.17659356091170247, 0.15553647130689535, 0.5928912304107816, 0.6950030903521268, 0.6112088554913796, 0.45483571989149585, 0.113459333158659]], "inverted": false, "swapped": true, "error_lsq": 0.03834928751912369, "error_max": 0.20781507705012456, "target": "558.xyz", "model": "20.xyz", "model_rescale": 4.067790424073018, "target_rescale": 4.3170498687948795},
{"mapping": [9, 1, 15, 14, 12, 3, 13, 10, 11, 0, 2, 5, 7, 6, 16], "R": [[0.8267637864786128, 0.39016441080731146, 0.40525717008700846], [-0.5095463744758779, 0.8246521096668917, 0.24558377446491292], [-0.23837813160194754, -0.40953709302251035, 0.8805993616921581]], "T": [0.10113671328573413, -0.04816950153339625, 0.012183140205531837], "aligned_model": [[0.06689611796044921, 0.13876362968502237, -0.23021488439646265, 0.19296057246341025, -0.6261881262299246, -0.46772103884686345, -0.5572343617559754, 0.4281875205915653, -0.1222339621062881, 0.6803979437221325, 0.3234196755179264, 0.4106809599093103, 0.7017488180131098, -0.22772116100107664, 0.056702250381179965], [-0.11110456859371906, 0.6229606964677489, -0.5406686168406752, -0.789462348843816, -0.0681244677211292, 0.3985659524351447, -0.48909828137152245, 0.5503289195727786, 0.46622120438270487, 0.461595641487076, 0.21046288681880146, -0.41266592890060483, -0.0018656007309309497, 0.16596300345322562, -0.02221335168723526], [-0.6471083957830458, 0.09292193061406372, -0.3246058041294934, 0.11400487928719312, -0.38929689425258934, 0.057799060325200075, 0.14150196839554507, -0.43591658650249315, -0.3974741462501853, 0.23513630357799425, 0.5795235489750324, 0.4380103614455407, -0.08058223787941894, 0.684534375025921, 0.06680121077187669]], "inverted": true, "swapped": true, "error_lsq": 0.04168878840739418, "error_max": 0.3068913413147047, "target": "558.xyz", "model": "21.xyz", "model_rescale": 4.186013935880536, "target_rescale": 4.3170498687948795},
{"mapping": [6, 2, 14, 12, 11, 13, 3, 1, 8, 7, 10, 9, 16], "R": [[-0.11030365025332842, 0.7724304481102164, 0.6254472860066161], [-0.9938227742032741, -0.07797960401652197, -0.07896502284134749], [-0.012222856282371186, -0.630293887158742, 0.7762604057883049]], "T": [0.027294937600272302, 0.04312698830003691, -0.07321093362347995], "aligned_model": [[-0.17685441585385928, -0.4426924068348164, 0.5858938333820293, 0.48608975474455757, -0.19791404892585285, 0.6722046111526183, -0.09914065767734673, -0.5795081288663019, 0.310976725042945, -0.26620055091661454, -0.5143140116138353, 0.2683561463320678, 0.011677185457634569], [-0.4721271207725306, 0.017245982437745194, 0.41735797903363847, -0.5114365214256122, -0.29013763762119743, -0.3783206282136252, -0.6577169391115228, -0.22338620036033102, 0.7230102990718175, 0.5730336505117353, 0.168589872160692, 0.1708579782617799, -0.018014054426495375], [-0.619921696920566, -0.5386329320642861, -0.41414026991391123, 0.34218342161361076, 0.4929400628444853, -0.2991919951288926, 0.06126713083064737, 0.06503174640064906, 0.07753968441481103, -0.005804001415379831, 0.5241790282995048, 0.5312498660223317, -0.11382048364765872]], "inverted": false, "swapped": true, "error_lsq": 0.039287184562820446, "error_max": 0.256150038383731, "target": "558.xyz", "model": "22.xyz", "model_rescale": 4.166573947596378, "target_rescale": 4.3170498687948795},
{"mapping": [13, 15, 9, 11, 12, 14, 8, 4, 3, 1, 6, 10, 7, 5, 2, 16], "R": [[-0.42461672967210023, -0.9004714660242376, -0.09408385493128386], [-0.8478005611042546, 0.43192801241645934, -0.30768880493329287], [0.31770244171847584, -0.05088546910589786, -0.9468240742397667]], "T": [-0.010146814167753093, 0.08482282348456871, 0.00451277250629778], "aligned_model": [[-0.7899582056830854, -0.395671450344096, 0.18516780629424584, 0.2656049644559624, -0.4042742197150943, -0.3887758808010363, 0.20416224535036098, -0.7553424187189351, -0.2036557322563583, 0.35512365314456, -0.3963426610352865, 0.734286685373022, 0.4959664812535731, -0.14600583573555637, 0.07688606926971206, -0.04993825983123209], [-0.001799152411749938, 0.13529256078581048, -0.05484481012894596, -0.5291905289706418, -0.47754401113451084, 0.6984430562535666, 0.642384352968188, 0.4246290578857396, -0.5961172308447908, -0.3488726727489938, -0.11863897219861441, -0.23689194063681912, 0.4236919614871508, 0.6526168151796394, 0.18599888289624422, 0.05055006924040638], [-0.1657365964214369, -0.5563790293674143, -0.6136649702302727, -0.16654250773019627, -0.4634540772144543, -0.21554315896207815, -0.45225761782120866, 0.2625270852973426, 0.15984294083267347, 0.37442625163293974, 0.6491153475061429, -0.08645057730878686, 0.02690487944085876, 0.2674888508553003, 0.65286780582424, 0.05811590683044378]], "inverted": false, "swapped": true, "error_lsq": 0.044933887261914544, "error_max": 0.3221984146604234, "target": "558.xyz", "model": "23.xyz", "model_rescale": 4.274766983524099, "target_rescale": 4.3170498687948795},
{"mapping": [7, 5, 14, 9, 13, 12, 11, 3, 1, 6, 16], "R": [[-0.0010320895890935239, -0.57408244407684, -0.8187968503809977], [-0.012590211841993215, 0.8187398484155596, -0.5740266084270311], [0.9999202074950049, 0.009716378915433366, -0.00807283245942237]], "T": [0.006481777506007841, 0.09073246132266752, -0.09377419001212184], "aligned_model": [[0.32697399626780377, 0.13994681042408794, -0.3925640053466032, -0.3751987296332998, -0.5943770757503589, -0.6068322833710248, 0.029864863867794494, 0.013063092072205282, 0.5189657334549135, 0.2942849494413018, 0.025767352531255255], [-0.05790841697915891, 0.6208893459036644, 0.5697790554461634, -0.42497569051344397, 0.4877523793048485, -0.17926398222244502, -0.5134972773252856, -0.06910079358506341, -0.20732613266945946, 0.5633844287679911, 0.12585361511567267], [-0.5904380541663596, -0.4271281629144272, -0.5175562058925862, -0.2615945197101599, 0.261103033622221, 0.39768651454526255, 0.24779718394921862, 0.6130939285831185, 0.23313795296486323, 0.4537893825809022, -0.03032461954047544]], "inverted": false, "swapped": true, "error_lsq": 0.04595490719073944, "error_max": 0.2296840122556515, "target": "558.xyz", "model": "24.xyz", "model_rescale": 3.7841303162186577, "target_rescale": 4.3170498687948795},
{"mapping": [12, 3, 10, 2, 1, 0, 6, 13, 11, 9, 15, 4, 7, 5, 8, 16], "R": [[-0.4884455027113952, -0.7538618457009141, 0.4394465934302184], [0.5675366163025382, -0.6569955324192689, -0.4962449592056197], [0.6628145894870435, 0.007013414113878624, 0.7487507141803533]], "T": [-0.01736581768499384, 0.007509399621924817, 0.12680986979705816], "aligned_model": [[0.03997392655135673, 0.19708760219190932, -0.7098345609836028, 0.25933561993330007, -0.1491156442768342, -0.2724561317729162, 0.6429279638571314, 0.5467149712606482, -0.37018858853148706, -0.518336375412715, 0.011819236030914313, 0.7656132766050774, -0.41720954083347844, 0.2640881445712026, -0.41579457608247716, 0.04321722536474973], [0.13969444343565662, -0.4386920783589163, -0.4230462327168823, -0.40833802364197797, -0.6560144440283391, -0.5390017380105887, -0.40426748903059173, 0.3806833792552513, -0.36104227236470104, 0.2669823724682054, 0.5750048898145517, 0.335248845361117, -0.0014105671468304798, 0.22934624871916245, 0.5759724039739302, -0.03430726936108579], [-0.6916185686405356, -0.4024976891070326, 0.09417794191098064, 0.5611862066421563, 0.09982150408128815, 0.6572499656470057, 0.14935604830342453, -0.30579626184307585, -0.3443558194803765, -0.2217598464902068, -0.25117578355757286, 0.2567588797840817, 0.5867335571598844, 0.657447399607286, 0.4158544317533865, 0.11223805004655948]], "inverted": true, "swapped": true, "error_lsq": 0.039087654605857065, "error_max": 0.2855060711665283, "target": "558.xyz", "model": "25.xyz", "model_rescale": 4.19342608120988, "target_rescale": 4.3170498687948795},
{"mapping": [12, 9, 15, 6, 13, 3, 5, 1, 8, 11, 7, 16], "R": [[-0.7808236293389823, -0.4940610246389806, 0.38238483730213535], [-0.24002131928014628, -0.3278573092654655, -0.9137282698112319], [0.5768051890863309, -0.8052411369856174, 0.13741355518722503]], "T": [0.0018229324017456985, 0.12989320410371272, -0.09990053493712905], "aligned_model": [[-0.20236538612523386, 0.46184782906814326, 0.06116891426610469, -0.7285516042964072, -0.5046712331226724, -0.45767060910645324, -0.06471222032313803, -0.0876222392451862, 0.6122253071183982, 0.10287626399458635, 0.475623269202159, -0.07033973679852004], [-0.6303977908978952, -0.3216416050501907, -0.4908817555811329, 0.3927968917014908, -0.4137024739050338, -0.07204235591680544, 0.4708699887555772, 0.45558178335929755, 0.05672528654273962, -0.085305842603109, 0.5086801558952425, 0.14209414544079996], [0.1662771771597263, 0.055958314762570766, -0.37719560657766693, -0.04081499248183609, -0.4041396182342756, 0.4229189703164975, -0.6377778576702557, 0.4868505114146757, -0.5329107177407857, 0.5526245172828431, -0.1592137117708877, -0.08331852525118441]], "inverted": false, "swapped": true, "error_lsq": 0.04596550880179525, "error_max": 0.25142828277100626, "target": "558.xyz", "model": "26.xyz", "model_rescale": 3.795458400668931, "target_rescale": 4.3170498687948795},
