[{"mapping": [7, 10, 11, 12, 1, 9, 0, 8, 6, 5, 4, 3, 2, 13], "R": [[0.19930509173108513, -0.733798571759556, -0.6494745079629377], [-0.41346599486638025, -0.6638577143851381, 0.6231683609912297], [-0.8884387156687955, 0.14433499622398177, -0.43571097916601215]], "T": [0.21347196445985772, -0.054758568896864146, 0.013816820503105592], "aligned_model": [[-0.5189451168141046, -0.3200840643205267, -0.16531581951618268, 0.3439781929642443, 0.7671261091888826, -0.13053696851506763, 0.5668608785139, -0.45700301358774786, 0.005688144191079075, 0.41293509834023123, -0.5029392011618856, 0.461402060830853, 0.2043242642962582, 0.05697521773741357], [0.08584646614623223, -0.4562582306302454, -0.6347760743271321, -0.14514961910556096, -0.12006185237770128, 0.3129319158162884, 0.5276180861020954, -0.29566501669144196, 0.04443985595985134, -0.6582957024214154, 0.4129180552656696, 0.16580033145315862, 0.6797795162217218, -0.06340992485123768], [-0.10943059591658613, -0.7408651724062998, -0.07080793325281723, -0.5428854251698715, -0.13533639808089068, -0.5183530144641603, -0.3486278535046037, 0.33476310704613677, 0.7428791228669791, 0.4241321225833302, 0.439772033636496, 0.4176543430138181, 0.24103558403671435, -0.03061047472000157]], "inverted": false, "swapped": false, "error_lsq": 0.046039132166082866, "error_max": 0.2803238751592023, "target": "56.xyz", "model": "0.xyz", "model_rescale": 3.8414455957264533, "target_rescale": 3.9139195664914217},
{"mapping": [0, 7, 9, 2, 6, 4, 5, 13, 12, 8, 11, 10, 3, 14], "R": [[0.8285355409788822, -0.4531359239912275, -0.3289326553011238], [-0.48402048212456306, -0.2842463415652313, -0.8276038848330085], [0.281519147161853, 0.8449093748417038, -0.4548352647782103]], "T": [0.02826662533791237, -0.0016094988220261147, -0.02284775075795965], "aligned_model": [[-0.6619261364555611, -0.2942807597254109, -0.012493400363603038, 0.3863203255745707, 0.7494032925263394, -0.09532085915857222, 0.5816625378739186, -0.46403037780814355, 0.04743799606445413, 0.24586259287076567, -0.4735295662437746, 0.5386487851984932, 0.14879504251209036, 0.027916309281780023], [0.12331399765634003, -0.2832842458463287, -0.6627319322668008, -0.025549598604425308, -0.26432060400356006, 0.3016902043011321, 0.32270697078518673, -0.45729170571291927, 0.030947652569873793, -0.5195932834448721, 0.2456772660459055, 0.20669816940098112, 0.7599067817279435, 0.07754813395182635], [-0.20600189650051243, -0.5019902383467031, -0.18644918196903626, -0.6676959088445565, -0.16766472571016425, -0.45707425686902853, -0.1741572894937849, 0.33048550221405737, 0.7392953029431047, 0.5327124991536101, 0.6200482285149249, 0.38273734101185897, -0.16048036735331261, 0.019554436917786484]], "inverted": false, "swapped": false, "error_lsq": 0.0400682424228655, "error_max": 0.2816594274774337, "target": "56.xyz", "model": "1.xyz", "model_rescale": 4.316132596720782, "target_rescale": 3.9139195664914217},
{"mapping": [3, 5, 6, 9, 4, 2, 11, 7, 12, 1, 10, 13], "R": [[0.5526346905013553, -0.8125303147146055, 0.18544375568957733], [0.4252913016708757, 0.08357944970695577, -0.901189094646498], [0.7167441716383633, 0.5768959726471201, 0.3917509785130979]], "T": [0.053429598409717734, 0.09138689958615968, 0.015210489750148236], "aligned_model": [[-0.14376868702328724, 0.45909015549498117, 0.03858592712061481, -0.5720429754444885, -0.489433059631069, -0.4900006761919319, -0.23413759237293674, -0.11221871919217208, 0.5395416122884398, 0.07738608260515989, 0.5273381484426357, -0.0025316614641654883], [-0.659159725277869, -0.4116882297192393, -0.4242890144342502, 0.3394301024463074, -0.39343682343368624, 0.03786020312188862, 0.2999498482925646, 0.6572689709928189, 0.09034694354704763, -0.21177346241001982, 0.6521525780547492, 0.036115036560668785], [0.16760573090465264, 0.05517660477734448, -0.5888908798140172, -0.09349709056593605, -0.3738203922882636, 0.42164767913426976, -0.6727839369730357, 0.4266486327903412, -0.4640512219525039, 0.6435119377306983, -0.011462060067585496, -0.06082654246654325]], "inverted": true, "swapped": true, "error_lsq": 0.04667106304285448, "error_max": 0.23996993159056101, "target": "56.xyz", "model": "2.xyz", "model_rescale": 3.795458400668931, "target_rescale": 3.9139195664914217},
{"mapping": [6, 11, 4, 7, 5, 1, 9, 12, 8, 0, 3, 13], "R": [[-0.7790302189737138, 0.5968306875606678, 0.19210686690388767], [-0.38571511311399037, -0.21464332464631275, -0.897302677305846], [-0.49430331724683896, -0.7731244230850801, 0.39742025236282663]], "T": [0.12050498950510169, 0.031693902069129504, 0.12416262500379996], "aligned_model": [[-0.2108070382447102, -0.1331959524377181, -0.6315023074349997, 0.2890937151567448, 0.2542913062655844, 0.09098629236071018, -0.3321477336841499, 0.4812110574572015, 0.306384265702244, 0.816411154969635, -0.3730111435994086, 0.035590209232431586], [-0.10236524417920004, -0.6752372574530411, -0.06833341391651068, -0.047583008603865745, 0.4602199526404266, 0.6989469026766152, -0.3337898820173223, -0.22823773649929477, -0.5788021581897995, 0.3871205480369855, 0.5761456036176251, -0.002315260822909067], [-0.5853026195028648, -0.06402316549023832, -0.20076582324760814, 0.818594941669356, -0.34243035509788045, 0.32700470016159633, 0.4792482835515738, -0.3938377955207547, 0.4160646911684108, 0.3382140008121072, -0.16814864820604455, 0.06415322034144691]], "inverted": false, "swapped": true, "error_lsq": 0.049217209662301864, "error_max": 0.3073092465899584, "target": "56.xyz", "model": "3.xyz", "model_rescale": 3.7530521520055578, "target_rescale": 3.9139195664914217},
{"mapping": [12, 0, 8, 7, 11, 1, 6, 5, 3, 2, 13], "R": [[0.13248215453887818, -0.6742006375854572, 0.7265686333775355], [-0.5061715075075852, -0.676259648685554, -0.535222656982297], [0.8521965053414825, -0.2968608897093955, -0.43085348837477305]], "T": [-0.018006239842835524, -0.06027076406055971, -0.01609119469898293], "aligned_model": [[-0.39055428953918153, -0.31180243461928747, 0.47214715126940754, 0.4815618468399901, 0.3294534022161936, -0.2287383722982295, -0.35009372302251435, -0.6536188575220813, -0.3589901956070742, 0.36145024998043, -0.012615175252447767], [-0.604271599425686, 0.2733308650703427, -0.4185522526268543, 0.24487930943513364, -0.7174165933531342, 0.6042771477254814, -0.5306754469693137, 0.014955589426184406, 0.2780712074803816, 0.43489061089810266, -0.11228547934629236], [-0.1929210610661777, -0.6934575890949731, -0.3680107725492422, -0.43353387199231386, 0.20061339725394867, 0.018706348989201038, 0.5311909860819427, 0.08178607354426945, 0.6121494929392834, 0.2563069414593242, 0.08000083168005404]], "inverted": false, "swapped": true, "error_lsq": 0.05107200509360605, "error_max": 0.2378939850545069, "target": "56.xyz", "model": "4.xyz", "model_rescale": 3.7855080009869324, "target_rescale": 3.9139195664914217},
{"mapping": [1, 12, 13, 14, 15, 2, 9, 6, 7, 8, 4, 10, 3, 16], "R": [[0.8458725245427294, 0.4900781437110763, -0.21053048539443286], [-0.09601986579221916, -0.24834775868636944, -0.9639001899204614], [-0.5246711899818344, 0.8355517960079811, -0.16301330801773048]], "T": [-0.011247522288966541, 0.0011595343016680137, 0.033403898847942974], "aligned_model": [[-0.6995696324633874, -0.2997204850761256, 0.010135100975560238, 0.26038419272876323, 0.7332085459206992, -0.019811761097884212, 0.5451944940710799, -0.3443885664492938, -0.04752053217505618, 0.39206019219206023, -0.5946063122724397, 0.5669547245287787, 0.20716134306517076, 0.014984478199422141], [0.1942150218670404, -0.2833349749315832, -0.7092493898927364, -0.05931239194085798, -0.32599391930137167, 0.488748252578204, 0.349580148694281, -0.402392400912157, 0.05215607942870784, -0.4694342033388048, 0.1651939470054373, 0.19108692573860728, 0.653509924427006, 0.010944787138510355], [-0.21568682830844588, -0.5133240837604863, -0.10705813418118121, -0.5832457229519206, -0.10103525834692112, -0.5215461738628915, -0.24207636749518813, 0.4235832785541318, 0.7800317131000093, 0.3668619854154765, 0.4574157117297253, 0.43412078373196633, -0.06226815264714194, -0.012453305308889384]], "inverted": false, "swapped": false, "error_lsq": 0.03642204954056548, "error_max": 0.2218239401634706, "target": "56.xyz", "model": "5.xyz", "model_rescale": 4.2253639853439635, "target_rescale": 3.9139195664914217},
{"mapping": [12, 11, 5, 8, 10, 9, 1, 6, 3, 2, 7, 4, 0, 13], "R": [[-0.7119211929882204, -0.05257824839818809, -0.7002883283117086], [0.6978431671543917, 0.058690561989417966, -0.7138419516876925], [0.07863287499612709, -0.996890638800839, -0.005091683523033685]], "T": [0.09227282508000612, -0.0025809596930300906, -0.03406204127499637], "aligned_model": [[-0.8047905600503532, -0.4785377189047587, 0.1439245188378544, 0.2918579189837899, 0.7460209880883317, 0.03782237228597518, 0.7006712769751242, -0.32769490409317603, -0.05748599900627083, 0.34831415711835745, -0.518107005716023, 0.5830926229823912, -0.023152328938452427, 0.08253044358455737], [0.18655952057050865, -0.42243148057899704, -0.6225915488436415, -0.13715316897450316, -0.40433015441659825, 0.42414522419627, 0.3836819543387125, -0.34425130164201573, 0.05135915455015167, -0.46542651940019114, 0.2765528094221118, 0.1640873652552294, 0.7680969328164683, -0.0025809807332228974], [-0.2096949717099512, -0.35570571337315454, -0.15093906349810862, -0.7325754530139638, -0.17450205797729945, -0.4671167025582843, -0.173195311680018, 0.31322235516212127, 0.657076317797968, 0.37871930058122655, 0.38891788392701254, 0.4478393051150392, 0.1551343359195277, 0.026139220976128127]], "inverted": false, "swapped": false, "error_lsq": 0.03459742461722417, "error_max": 0.24481481247293865, "target": "56.xyz", "model": "6.xyz", "model_rescale": 3.89814844738969, "target_rescale": 3.9139195664914217},
{"mapping": [9, 2, 3, 8, 6, 1, 7, 11, 10, 0, 5, 12, 13], "R": [[0.9219481487289527, 0.18751239944397663, -0.3388963132139678], [-0.35462771649687846, 0.056873468144306445, -0.9332762674114502], [-0.15572666357264187, 0.9806143526769336, 0.11893148269710635]], "T": [-0.05416806032304911, 0.09296107480315674, -0.036350031404107565], "aligned_model": [[0.02216741958049314, -0.11464594914647921, 0.4421841375101445, -0.33760627341623217, 0.7023064985672824, -0.24474455772180045, -0.6707558304044264, 0.3194299886318198, -0.5765934171269181, -0.7114351665794093, 0.1598034751666526, 0.10842597052680517, 0.050095505316291], [-0.4029705169272213, 0.14306631423699118, 0.6221488225897878, -0.5399399571536491, 0.09059266910274208, 0.6824030887233732, -0.12760401445135086, -0.5752423626777537, -0.11562682701261137, 0.4747109676184512, 0.6345085340235859, 0.014230679483253628, 0.06350386791488657], [-0.4976346073209416, -0.7125191296681482, -0.3510348462549562, 0.07117868219821433, 0.2061805439746296, -0.3580354967581085, -0.33318970631367223, 0.07966026100872692, 0.4362192425027617, 0.2441824152929565, 0.24681934381647372, 0.621952684551641, -0.05150435619328137]], "inverted": false, "swapped": true, "error_lsq": 0.04548388594002661, "error_max": 0.2776848453930949, "target": "56.xyz", "model": "7.xyz", "model_rescale": 3.7474275329858107, "target_rescale": 3.9139195664914217},
{"mapping": [1, 12, 11, 10, 7, 0, 6, 4, 8, 9, 2, 5, 3, 14], "R": [[-0.7422386282943543, -0.36533454913079355, 0.5617939888242975], [-0.3665465362871878, -0.48047795773429924, -0.7967336875439259], [0.561003970933879, -0.7972901600690157, 0.22271718670444524]], "T": [-0.037203914824228204, -0.08495761277331125, -0.0378649306451093], "aligned_model": [[-0.6234591008277045, -0.3120069620571267, 0.21458187032678944, 0.3465703574138402, 0.6254731693196899, -0.019282495226048038, 0.5680633129859687, -0.48844086611144216, -0.00856811224944106, 0.4521946647402333, -0.6183489147903172, 0.5406757781070557, 0.14021913223214755, -0.09320605171629792], [0.3153411052447683, -0.45556714781036384, -0.6380542364617507, -0.1595458157632432, -0.21692801812825824, 0.448455452564005, 0.41993859073305495, -0.2814151331426983, -0.010509037874704058, -0.5109165561395412, 0.3406442150124058, 0.13158081311250203, 0.5624342161499422, -0.08974064093583611], [-0.28457855671177773, -0.4474677584801824, -0.1688916410907327, -0.687801287245612, -0.12342500418985614, -0.4243394603026216, -0.251569177260757, 0.5704240650870656, 0.639518060256632, 0.36136989871602093, 0.39770718628814583, 0.3257112438141456, 0.21420533575148135, -0.017543458963708545]], "inverted": false, "swapped": false, "error_lsq": 0.046861287177072934, "error_max": 0.2832219249254181, "target": "56.xyz", "model": "8.xyz", "model_rescale": 4.019505241142653, "target_rescale": 3.9139195664914217},
{"mapping": [5, 10, 12, 6, 3, 4, 11, 1, 2, 7, 8, 9, 13], "R": [[0.9295413056063835, -0.33871806840340635, -0.14568126615541604], [0.1898999062312181, 0.10111661947076862, 0.9765825386930581], [-0.3160553539887505, -0.9354386668317004, 0.15831460390998836]], "T": [-0.0893426083455284, -0.10691222550860283, 0.02494241383725045], "aligned_model": [[-0.16426846932272124, -0.7188080443779296, -0.2608901428520106, 0.42888677157901367, 0.37184566646829764, 0.7268214415511969, 0.31049706646868314, -0.21650021855633408, 0.18319880356805376, -0.4153552542022133, -0.24660882467529843, 0.30858396563267376, 0.012298010459764142], [-0.610549816061364, 0.2553486074896917, 0.06969769867607464, -0.1631402562001404, -0.7482273525452877, -0.15518450982596887, 0.5136521614265894, -0.7141003749709203, -0.27296971443299856, 0.13699287745426433, 0.5676896771537845, 0.27950974034341647, -0.09534051039308232], [-0.37502965567482544, -0.0859595183927187, -0.611750713135372, -0.5745216517538411, -0.013162604299588997, -0.08750742075789623, -0.20863369817362112, 0.3449366654623694, 0.6262067888560453, 0.6175377942633782, 0.13738338176274092, 0.42103737110903244, -0.01383324522182348]], "inverted": false, "swapped": true, "error_lsq": 0.04675033160738589, "error_max": 0.3000971668613939, "target": "56.xyz", "model": "9.xyz", "model_rescale": 3.877068213659057, "target_rescale": 3.9139195664914217},
{"mapping": [13, 4, 7, 5, 0, 3, 12, 2, 9, 8, 14, 11, 6, 15], "R": [[-0.39334228058990356, -0.3644838506064084, 0.8440576834242186], [-0.820945559764561, -0.27408184606855696, -0.500926670839658], [0.41392056992034687, -0.8899610465086532, -0.19141342036032366]], "T": [0.029973005025270498, 0.027108085986986514, 0.005390715367618177], "aligned_model": [[-0.6825373497289273, -0.3130400785882163, -0.08526859081531718, 0.4378081564244383, 0.808165866335907, -0.0926651542532832, 0.5938556217219748, -0.4864678247973902, -0.08791929425380354, 0.34323817153630615, -0.43201559300994763, 0.6314066142453361, -0.028784328451271247, 0.11868956578154119], [0.3259978400749431, -0.3398628474045996, -0.7770058864599177, -0.0668468051811431, -0.12209921286625251, 0.23228509740595862, 0.46020788741884083, -0.31572012933268323, -0.12515169060422054, -0.5345085111993322, 0.3182139713461252, 0.15417838004993697, 0.6309876913534117, 0.015042021959215203], [-0.01975695317161069, -0.44822259821637045, -0.07465091955185253, -0.6547898735255515, -0.07154489542396689, -0.582506910586231, -0.22407861221342396, 0.24227263114490263, 0.6367097077183488, 0.4317411217515817, 0.5633740891641057, 0.4137851697018861, -0.10497944867169391, -0.004033062451880578]], "inverted": true, "swapped": false, "error_lsq": 0.03922765349394478, "error_max": 0.23052589707775173, "target": "56.xyz", "model": "10.xyz", "model_rescale": 4.260839863003843, "target_rescale": 3.9139195664914217},
{"mapping": [11, 6, 5, 12, 0, 10, 8, 9, 3, 1, 7, 13], "R": [[0.7100463436329649, -0.6445748856452311, 0.28347382011200717], [-0.6173958189751911, -0.37629816733309224, 0.6908126315968094], [-0.3386097940187357, -0.6655245345268598, -0.6651469772444254]], "T": [0.030518126547353877, 0.00905724550791793, 0.01791793372816454], "aligned_model": [[0.48132513445279, 0.1909914085281108, -0.37606491964620203, -0.32147243103136147, -0.6671582284843559, -0.41781237411520067, 0.18023564407279768, 0.6652124170393046, 0.17820787920386805, -0.15081406983724538, 0.09306081376497335, 0.10318737514665133], [-0.04074247152366605, -0.6972030221073384, -0.47409496149134506, -0.22336208675363237, 0.35922454236353035, 0.46875176974242677, 0.5192603543236683, 0.25208369412243214, -0.6013249980168315, -0.026639985575054308, 0.7031199773831743, -0.06599430693443037], [-0.609635055107697, -0.30846406293491035, 0.16108404379073227, -0.5188144588255796, 0.23485583065592658, -0.3390688887469678, -0.44005675317404647, -0.033657370806464346, 0.4985976224492425, 0.6910354346167262, 0.19486020089360268, -0.014558465415060215]], "inverted": false, "swapped": true, "error_lsq": 0.046183590453107486, "error_max": 0.2822909817083707, "target": "56.xyz", "model": "11.xyz", "model_rescale": 3.890672605050136, "target_rescale": 3.9139195664914217},
{"mapping": [3, 7, 12, 5, 9, 8, 6, 4, 2, 10, 0, 11, 1, 13], "R": [[0.894140976676989, -0.4406543495741806, 0.07959684685008521], [0.06890791724004974, 0.311043757473795, 0.9478942345421356], [-0.44245181971459735, -0.8420662237246775, 0.30848154254882515]], "T": [0.1388571197693051, 0.08587016699819149, 0.0030762568344431425], "aligned_model": [[-0.7612586853350376, -0.32412746225692607, 0.1245845804740269, 0.2966438788551238, 0.8246032490209978, -0.14312403474986946, 0.46596992925620456, -0.3830354320889779, 0.08108594111916737, 0.2610792142877694, -0.30424439969147593, 0.5144923663193258, 0.03957595773971673, 0.03222067919730191], [0.15135383553438161, -0.43305993623575023, -0.6501744206367982, -0.2959395108668459, -0.16846656227716156, 0.4049973268902038, 0.5423472499285927, -0.17012796675367903, -0.07919952869250592, -0.6333334580909286, 0.4621325031617573, 0.03646557264360302, 0.73101881633884, -0.042296114383426134], [-0.19330750664522556, -0.4901995230696665, -0.11167044847937062, -0.655935799489908, -0.26316703487304366, -0.5781599517360692, -0.12609117935013145, 0.3944203045157003, 0.6922631836900258, 0.5201337098440189, 0.10691381065529576, 0.4020994535300936, 0.4264257123794215, -0.020405285302897407]], "inverted": true, "swapped": false, "error_lsq": 0.054528571145344255, "error_max": 0.3823175533290626, "target": "56.xyz", "model": "12.xyz", "model_rescale": 4.124412569039231, "target_rescale": 3.9139195664914217},
{"mapping": [4, 9, 8, 3, 11, 6, 2, 5, 7, 1, 12, 10, 13], "R": [[-0.08197289540204994, 0.7841102096053754, 0.6151842192482015], [-0.5875117519857298, -0.5366245787318601, 0.6056929938339328], [0.8050530328481866, -0.3117775500151807, 0.5046626334577076]], "T": [0.12423667360810614, 0.14927074957252762, -0.11271663333002092], "aligned_model": [[-0.19132638939143126, -0.03234804266928534, 0.5717446706878784, -0.47762621695665214, 0.5066305357780454, 0.22908857459021573, -0.47056872359609975, 0.0659517559498316, 0.06536272821883213, -0.41963772927225246, 0.7041024868866597, 0.7041870318160461, 0.11173762546796945], [-0.3287762453886075, 0.444027318195214, 0.5957155813468417, -0.3623103644737856, 0.049448674130570525, -0.5789233096775798, 0.42635809941551883, -0.34460692754832833, 0.864977625860731, 0.19908702344904194, -0.1967938795277443, 0.5014696210480909, 0.07781215967851353], [0.48141294761717934, 0.48155477017953063, 0.1920569972125038, -0.1511553392292616, 0.5531213435225455, 0.18698311395167777, 0.06839631351862828, -0.5273611462154721, -0.1479409885444692, -0.5474139999009612, -0.21267998124534132, -0.39444774947135497, -0.03082820042736513]], "inverted": false, "swapped": true, "error_lsq": 0.04471152374582376, "error_max": 0.2983661484057607, "target": "56.xyz", "model": "13.xyz", "model_rescale": 3.9028299243045295, "target_rescale": 3.9139195664914217},
{"mapping": [9, 11, 13, 12, 8, 1, 2, 10, 4, 5, 7, 0, 3, 15], "R": [[-0.542623338495547, 0.42029998912896993, 0.7272604977985089], [0.8335678400771502, 0.16269713158713062, 0.5279150493805178], [0.10355949260720515, 0.8926799888602341, -0.43863181482814323]], "T": [0.06019184222245975, 0.02815448076150399, -0.027543623609488577], "aligned_model": [[-0.6863456932078172, -0.3149500728470992, 0.0006404503551409105, 0.26487720087311883, 0.7982689319635038, 0.006987659952068105, 0.6112691173814799, -0.4048196575021539, 0.1084730385938047, 0.29100554477842017, -0.6685564838204768, 0.6733362093530892, 0.09364269532927716, -0.049363159055008494], [0.1894704209556026, -0.10555349067442453, -0.7641173351789537, -0.42872816191500207, -0.19752053482320805, 0.31733813308003667, 0.43878504642588567, -0.3597494882233187, -0.01324642019324614, -0.38256886014467567, 0.2510920846276821, 0.3056084501726164, 0.5472066522885438, 0.057701310162743866], [-0.15984756193576874, -0.6498356854826567, -0.06509829293712978, -0.5108679906094042, -0.05618199817674556, -0.6069751432591008, -0.2918278359666473, 0.40679198167594216, 0.647229053193444, 0.1727891136114345, 0.46220392146776357, 0.45649117798924566, 0.31619367273416044, -0.01774496663629409]], "inverted": true, "swapped": false, "error_lsq": 0.049733797386798013, "error_max": 0.312591100945354, "target": "56.xyz", "model": "14.xyz", "model_rescale": 3.942246331269136, "target_rescale": 3.9139195664914217},
{"mapping": [13, 11, 10, 6, 9, 8, 7, 3, 1, 5, 12, 2, 0, 14], "R": [[-0.04739496922484997, -0.7185062189807202, 0.6939038335232088], [0.9987370472856759, -0.045683446490125804, 0.02091251051102383], [0.016674149791380433, 0.6940186135852651, 0.7197639451416842]], "T": [-0.006475011281712004, -0.11626436704384197, -0.021793008270178653], "aligned_model": [[-0.7985677356490423, -0.3095711213942123, 0.09064841975490505, 0.24524429260483716, 0.7200336284485636, -0.020111838133830398, 0.6875515535784199, -0.3120136609839664, -0.12631150387214563, 0.31183017795479473, -0.6194429244315964, 0.5977779285327975, 0.247503086523855, 0.009895479213967322], [-0.017653513950115537, -0.170655375413412, -0.7630672117045483, -0.05816352684530356, -0.4220406137165767, 0.5079464849198956, 0.3071799522647852, -0.38805261234390764, 0.13922549952643803, -0.23005013950101855, 0.2472057003043741, 0.19222236215062055, 0.5488891472471642, -0.037268346378112924], [-0.17604884174750446, -0.6693155105044736, -0.3067730695475527, -0.5178283636204963, -0.18564779001414017, -0.47897543961668376, -0.2863710569490849, 0.5692443964306416, 0.7378158245537573, 0.5153421355070178, 0.37850201512295295, 0.32801013819353103, 0.1620096335216293, 0.0333553743386495]], "inverted": true, "swapped": false, "error_lsq": 0.0543287051017065, "error_max": 0.271242652750499, "target": "56.xyz", "model": "15.xyz", "model_rescale": 4.355366556412066, "target_rescale": 3.9139195664914217},
{"mapping": [3, 5, 6, 9, 4, 2, 11, 7, 12, 1, 10, 13], "R": [[0.5526346905013553, -0.8125303147146055, 0.18544375568957733], [0.4252913016708757, 0.08357944970695577, -0.901189094646498], [0.7167441716383633, 0.5768959726471201, 0.3917509785130979]], "T": [0.053429598409717734, 0.09138689958615968, 0.015210489750148236], "aligned_model": [[-0.14376868702328724, 0.45909015549498117, 0.03858592712061481, -0.5720429754444885, -0.489433059631069, -0.4900006761919319, -0.23413759237293674, -0.11221871919217208, 0.5395416122884398, 0.07738608260515989, 0.5273381484426357, -0.0025316614641654883], [-0.659159725277869, -0.4116882297192393, -0.4242890144342502, 0.3394301024463074, -0.39343682343368624, 0.03786020312188862, 0.2999498482925646, 0.6572689709928189, 0.09034694354704763, -0.21177346241001982, 0.6521525780547492, 0.036115036560668785], [0.16760573090465264, 0.05517660477734448, -0.5888908798140172, -0.09349709056593605, -0.3738203922882636, 0.42164767913426976, -0.6727839369730357, 0.4266486327903412, -0.4640512219525039, 0.6435119377306983, -0.011462060067585496, -0.06082654246654325]], "inverted": true, "swapped": true, "error_lsq": 0.04667106304285448, "error_max": 0.23996993159056101, "target": "56.xyz", "model": "16.xyz", "model_rescale": 3.795458400668931, "target_rescale": 3.9139195664914217},
{"mapping": [9, 2, 3, 8, 6, 1, 7, 11, 10, 0, 5, 12, 13], "R": [[0.9219481487289527, 0.18751239944397663, -0.3388963132139678], [-0.35462771649687846, 0.056873468144306445, -0.9332762674114502], [-0.15572666357264187, 0.9806143526769336, 0.11893148269710635]], "T": [-0.05416806032304911, 0.09296107480315674, -0.036350031404107565], "aligned_model": [[0.02216741958049314, -0.11464594914647921, 0.4421841375101445, -0.33760627341623217, 0.7023064985672824, -0.24474455772180045, -0.6707558304044264, 0.3194299886318198, -0.5765934171269181, -0.7114351665794093, 0.1598034751666526, 0.10842597052680517, 0.050095505316291], [-0.4029705169272213, 0.14306631423699118, 0.6221488225897878, -0.5399399571536491, 0.09059266910274208, 0.6824030887233732, -0.12760401445135086, -0.5752423626777537, -0.11562682701261137, 0.4747109676184512, 0.6345085340235859, 0.014230679483253628, 0.06350386791488657], [-0.4976346073209416, -0.7125191296681482, -0.3510348462549562, 0.07117868219821433, 0.2061805439746296, -0.3580354967581085, -0.33318970631367223, 0.07966026100872692, 0.4362192425027617, 0.2441824152929565, 0.24681934381647372, 0.621952684551641, -0.05150435619328137]], "inverted": false, "swapped": true, "error_lsq": 0.04548388594002661, "error_max": 0.2776848453930949, "target": "56.xyz", "model": "17.xyz", "model_rescale": 3.7474275329858107, "target_rescale": 3.9139195664914217},
{"mapping": [4, 8, 3, 10, 11, 5, 12, 0, 2, 1, 6, 7, 9, 13], "R": [[-0.4452707236325792, 0.8952319198318893, 0.017140373094803263], [0.2571947674950604, 0.10954065990308509, 0.9601310824055007], [0.8576624244123565, 0.43192667611772534, -0.27902421437755626]], "T": [0.10544293926577852, -0.0351973599483998, 0.008171609982010254], "aligned_model": [[-0.6549066261339491, -0.362144474747826, 0.18971799663341093, 0.2999529714324678, 0.7618902442169523, -0.04309725747206969, 0.5298115403778163, -0.5526725266534742, -0.056206595154273065, 0.28123964135000645, -0.4090768491560177, 0.7070598654038089, -0.007558935942996739, 0.04045678799349084], [0.24162609491969816, -0.3622557083591357, -0.6700065476513506, -0.13847970129153125, -0.3149815735921674, 0.3676949189004105, 0.5241859347171277, -0.40715792914082843, 0.005653359092661361, -0.5592034158096162, 0.3913088576941275, 0.2074113108160342, 0.6118643653115408, -0.04194215904668797], [-0.17747088313834483, -0.4291489797569267, -0.21655976571536822, -0.6459980742870263, -0.10378548637250251, -0.5739225046312432, -0.24919688722161307, 0.36548346154139877, 0.6981233261080675, 0.4241422697246867, 0.39334773215858937, 0.3910781117424782, 0.1357093132661943, 0.09151781224985331]], "inverted": false, "swapped": false, "error_lsq": 0.03552097567253682, "error_max": 0.19694040390327047, "target": "56.xyz", "model": "18.xyz", "model_rescale": 3.922800546911778, "target_rescale": 3.9139195664914217},
{"mapping": [5, 12, 13, 7, 11, 3, 9, 8, 6, 4, 1, 10, 2, 14], "R": [[-0.9792101204682419, 0.10147825199819921, -0.17564083905504818], [-0.2023716209166872, -0.429372032488445, 0.8801621354979402], [0.01390205093229123, 0.89740839203126, 0.44098175800337175]], "T": [-0.048488422922027735, -0.004646274241372505, 0.030900982410906847], "aligned_model": [[-0.7829412993700344, -0.37221229213172535, 0.12281640623904144, 0.3440686710825538, 0.6044661933404311, -0.09782807695788139, 0.5708180763305934, -0.432330784739991, -0.040865321293253536, 0.34649643380883477, -0.3959400382196345, 0.6120464488790341, 0.24254363489659816, 0.0033277302827807165], [0.06464506522186413, -0.30755664692740725, -0.6508424276852093, -0.12797351350808053, -0.273418421755051, 0.30268933643365475, 0.4514437653445467, -0.4028907425224455, -0.05156101117015537, -0.42128841922493937, 0.4503093108873905, 0.18067674998582894, 0.645634871292797, -0.004150109812511371], [-0.16483200596446784, -0.6187621666052762, -0.1268929769179331, -0.6538619977947886, -0.062133498246725816, -0.527901008043436, -0.2359032935836158, 0.29254394291080654, 0.7190206432937886, 0.4716542297829001, 0.5002364855673105, 0.4551057762185028, 0.10549143670909776, -0.050446121657919604]], "inverted": true, "swapped": false, "error_lsq": 0.032879089652135075, "error_max": 0.23849595498759835, "target": "56.xyz", "model": "19.xyz", "model_rescale": 3.9282355846067225, "target_rescale": 3.9139195664914217},
{"mapping": [8, 6, 5, 3, 1, 4, 0, 7, 12, 2, 9, 10, 11, 13], "R": [[0.2020745824569889, 0.9783308149001809, 0.0451074244618514], [0.6773818833376807, -0.1063523959966392, -0.7279031199216494], [-0.707332769812576, 0.17764567116178787, -0.6841946859386936]], "T": [-0.05689406603412751, -0.043134081687888445, -0.007888268136772892], "aligned_model": [[-0.6787262146720279, -0.40350586498004987, 0.13931297451953223, 0.27892644654927884, 0.6530268989898692, -0.0842220168706872, 0.5609732170333724, -0.2818936286633546, -0.2808714505796657, 0.4785547938195335, -0.4004092181865231, 0.49739837804472953, 0.14264097535434, 0.10326049178900011], [0.34370615252078585, -0.44057567356478405, -0.6595350413349098, -0.1409564379738335, -0.22476619199874293, 0.37568296680356295, 0.37896120401182737, -0.4790449983250638, 0.053345794238909686, -0.5480839017720627, 0.4130126779004872, 0.17536005015623163, 0.642486892454481, -0.033875686556606145], [-0.21356031593602026, -0.39356234807331064, -0.2710285471363926, -0.6742293512769623, -0.1644858295163658, -0.4803428246136852, -0.29121242612846254, 0.3761099687769098, 0.8065563954351945, 0.36229602115472626, 0.38243505834593416, 0.6144095301706266, 0.05104235548223808, -0.0011082410161864075]], "inverted": true, "swapped": false, "error_lsq": 0.041548524270937866, "error_max": 0.2539190681534014, "target": "56.xyz", "model": "20.xyz", "model_rescale": 4.067790424073018, "target_rescale": 3.9139195664914217},
{"mapping": [3, 11, 13, 9, 1, 12, 7, 6, 4, 5, 2, 8, 0, 14], "R": [[0.05149833287694566, 0.9830659846214285, -0.17586697129136197], [0.4341667460206626, -0.1806268718383061, -0.8825379140975972], [-0.8993593043721317, -0.030906359381356607, -0.4361165424391348]], "T": [0.03591322515951535, -0.05074751321774025, 0.014914209456769745], "aligned_model": [[-0.7256204433467116, -0.3923677853763743, 0.1354646140203917, 0.4582374064731279, 0.8079907799382219, -0.17322710535516256, 0.6303039654942425, -0.5345899203884383, 0.01929187176094148, 0.3313388241497315, -0.390269500724729, 0.4684996097095659, 0.037896522849562145, 0.05151694294297757], [0.27603715128931133, -0.337061283905998, -0.7212994812342338, 0.05648569303757962, -0.2549911068748025, 0.19194230495766806, 0.3837402169357095, -0.3383876934452366, -0.04833372450430497, -0.41122349123302826, 0.36894692020346354, 0.1114000357183272, 0.6570926877614742, -0.07863042214564671], [-0.17750011284092643, -0.3757673164793524, -0.159937396890658, -0.6286642432767577, -0.17346281975805017, -0.6810569402354325, -0.10585009553118674, 0.3882052357806763, 0.8162820394646415, 0.37719435739904855, 0.457572992552804, 0.34919715697428044, 0.07336372552779269, -0.05625713701863555]], "inverted": false, "swapped": false, "error_lsq": 0.040979125708825885, "error_max": 0.28798759362079474, "target": "56.xyz", "model": "21.xyz", "model_rescale": 4.186013935880536, "target_rescale": 3.9139195664914217},
{"mapping": [9, 8, 11, 3, 1, 4, 2, 7, 12, 10, 0, 5, 13], "R": [[-0.8348140248323798, -0.32868833728250707, 0.4416441111094135], [0.18777876900484702, -0.9241087048464797, -0.33280960854216085], [0.5175178043837597, -0.1949027412876045, 0.8331795986366864]], "T": [0.02480684673676915, -0.00725636378532811, 0.03937581664784247], "aligned_model": [[-0.03165549848636888, -0.3235320470223105, 0.3174203132026378, 0.5390650575499633, -0.12763952048222943, 0.703460571175721, -0.12228481518299038, -0.651272673255206, 0.26571355807863734, -0.44973395995739857, -0.529262637558263, 0.347300319017706, 0.12099536834332637], [-0.3706663250201133, 0.2506809967952367, 0.19170855128562236, -0.4712984310833923, -0.4122924626896298, -0.37862690791119813, -0.66931472431208, -0.18500691019038007, 0.6313611902036685, 0.5522821861496519, 0.2672070214630779, 0.14105790136940227, -0.028135426513773085], [-0.5344742620263168, -0.5125224477576987, -0.6493331536752819, 0.42099756889474055, 0.5870515340767165, -0.2480471753662125, -0.01906671711635552, -0.12874454295299936, 0.050748416064991836, 0.000820417867276782, 0.5629293860292017, 0.5808951632445585, -0.008374625947275297]], "inverted": true, "swapped": true, "error_lsq": 0.04190152033864354, "error_max": 0.21835930289185151, "target": "56.xyz", "model": "22.xyz", "model_rescale": 4.166573947596378, "target_rescale": 3.9139195664914217},
{"mapping": [11, 3, 4, 8, 7, 9, 10, 2, 6, 1, 12, 5, 14, 15], "R": [[-0.9012391211997088, 0.2834513925455973, 0.3277550220563189], [0.42280150849191334, 0.40955992955532494, 0.8083931893080245], [0.09490485148894627, 0.8671308852570059, -0.48895510734346775]], "T": [0.04375362978515962, 0.012206868755676819, -0.021426359099230862], "aligned_model": [[-0.7183992182739215, -0.3813111604757879, 0.051282385100341055, 0.304312082142085, 0.7570207514919113, -0.1464051301718419, 0.6006512312364528, -0.33923314706767904, -0.11430736363942212, 0.21893388610174958, -0.3446916176436029, 0.6710619506459744, 0.09219395730014276, 0.07335717540094547], [0.18832427006096067, -0.2880585685956097, -0.6881658642456164, -0.2959973629418719, -0.01360616036073391, 0.2856178705683508, 0.4800919273613388, -0.4536152827266559, -0.07054840184869739, -0.49301339972464026, 0.42935757287543597, -0.002817064790033772, 0.8016224051326452, -0.023474134204589703], [-0.12241657931539068, -0.3224035064521844, -0.2434057862457501, -0.722281968116005, -0.0658487438868213, -0.5209613792744928, -0.2000036995863464, 0.2771370196553245, 0.718354635190089, 0.44991578730895054, 0.3018025613760469, 0.5238447048689063, -0.0001094921354853999, 0.029695892281402004]], "inverted": false, "swapped": false, "error_lsq": 0.03952653062566102, "error_max": 0.20882802235364917, "target": "56.xyz", "model": "23.xyz", "model_rescale": 4.274766983524099, "target_rescale": 3.9139195664914217},
{"mapping": [6, 9, 8, 12, 7, 0, 5, 1, 3, 2, 13], "R": [[0.7552770337574063, -0.3619408902877233, -0.5464022274994348], [0.073050440390595, -0.7820023303525164, 0.618979796505487], [-0.6513219138316736, -0.507416148009663, -0.5641884590291456]], "T": [-0.09432864884664928, 0.08760856497374542, -0.028924835674506134], "aligned_model": [[0.39027188227042625, 0.10587519817244435, -0.5229408457609698, -0.3333317360892679, -0.4853039507328515, -0.6953311115314882, 0.04751663980424288, 0.05409804234038938, 0.595894520264122, 0.23102202745212502, -0.007875962231097378], [-0.3004079996743819, 0.7119589899238139, 0.5039310722618735, -0.37220994436996463, 0.6179305750348671, -0.16746487742682842, -0.5247183756304576, -0.012637543092198222, -0.17708296183114902, 0.549049267596221, 0.08723832845168784], [-0.5245919804270494, -0.21510667058470342, -0.396933688453923, -0.47326954713552033, 0.25889474040035854, 0.45083037493775946, 0.12656791511658058, 0.6457329019347319, 0.25207708933565953, 0.35132794195857436, -0.09596264306089078]], "inverted": false, "swapped": true, "error_lsq": 0.046630520504531627, "error_max": 0.25707187986645497, "target": "56.xyz", "model": "24.xyz", "model_rescale": 3.7841303162186577, "target_rescale": 3.9139195664914217},
{"mapping": [10, 14, 13, 12, 5, 9, 2, 11, 6, 3, 7, 4, 8, 15], "R": [[-0.37348558767791046, -0.8581953384910912, 0.3521495091421357], [-0.3767209001197243, -0.20658491613212987, -0.9029972512913123], [0.8476968085405715, -0.46991853913081805, -0.2461436315879149]], "T": [-0.03653355379265817, 0.14777054953240557, 0.062320838271304545], "aligned_model": [[-0.7647365681305857, -0.289995282163866, -0.08869475359974018, 0.31725704736017385, 0.7651389553762421, -0.01978935514076452, 0.5797913270561793, -0.4404848472541498, 0.09257150138768926, 0.38809093228805736, -0.547238251392563, 0.6144291304679825, 0.13731632284327594, -0.019190376950584183], [0.20968849823733268, -0.18051299593501577, -0.6090258197331746, -0.26105596330390646, -0.16576418551874392, 0.243018941986786, 0.39794757636860356, -0.4304020255179546, -0.09653967762465154, -0.47417732416017033, 0.21241909753739155, 0.18946861140242466, 0.707584811247027, 0.11306826157433371], [-0.20440306919581533, -0.6139084337489037, -0.12882952655220725, -0.4695297040487668, -0.10607127378543008, -0.5145570379490318, -0.29313397519629814, 0.3655821037390682, 0.729906675356226, 0.3484620199685967, 0.4595699253570974, 0.42455446204858505, -0.014112115442697144, 0.11978939511782007]], "inverted": false, "swapped": false, "error_lsq": 0.038519971317678516, "error_max": 0.24211185204119007, "target": "56.xyz", "model": "25.xyz", "model_rescale": 4.19342608120988, "target_rescale": 3.9139195664914217},
{"mapping": [3, 5, 6, 9, 4, 2, 11, 7, 12, 1, 10, 13], "R": [[0.5526346905013553, -0.8125303147146055, 0.18544375568957733], [0.4252913016708757, 0.08357944970695577, -0.901189094646498], [0.7167441716383633, 0.5768959726471201, 0.3917509785130979]], "T": [0.053429598409717734, 0.09138689958615968, 0.015210489750148236], "aligned_model": [[-0.14376868702328724, 0.45909015549498117, 0.03858592712061481, -0.5720429754444885, -0.489433059631069, -0.4900006761919319, -0.23413759237293674, -0.11221871919217208, 0.5395416122884398, 0.07738608260515989, 0.5273381484426357, -0.0025316614641654883], [-0.659159725277869, -0.4116882297192393, -0.4242890144342502, 0.3394301024463074, -0.39343682343368624, 0.03786020312188862, 0.2999498482925646, 0.6572689709928189, 0.09034694354704763, -0.21177346241001982, 0.6521525780547492, 0.036115036560668785], [0.16760573090465264, 0.05517660477734448, -0.5888908798140172, -0.09349709056593605, -0.3738203922882636, 0.42164767913426976, -0.6727839369730357, 0.4266486327903412, -0.4640512219525039, 0.6435119377306983, -0.011462060067585496, -0.06082654246654325]], "inverted": true, "swapped": true, "error_lsq": 0.04667106304285448, "error_max": 0.23996993159056101, "target": "56.xyz", "model": "26.xyz", "model_rescale": 3.795458400668931, "target_rescale": 3.9139195664914217},
{"mapping": [1, 5, 0, 7, 8, 4, 3, 2, 6, 10, 9, 11, 13], "R": [[-0.5998754374920188, 0.7948743874371916, -0.09123687681035741], [0.2606816295480506, 0.301983360927085, 0.916979355132576], [0.7564354219032395, 0.5262896141095046, -0.38836155135458095]], "T": [-0.020139794782064305, -0.06208256268170187, -0.058997001874908306], "aligned_model": [[-0.024110264457522373, 0.3299302379103154, 0.5978787685699841, -0.12165830916703, -0.0388413999542989, -0.6142973894522159, -0.29503112916381496, -0.5632644779464343, -0.09411313588923818, 0.5105745950225498, -0.616409644526714, -0.2887725209890907, -0.08220894713523375], [-0.7255453622896244, -0.46601017002874995, -0.3061662257176633, 0.04356170910726567, 0.5703051778236914, -0.07921206909411588, -0.6763721922844717, -0.3544249329852418, 0.01810763348669056, 0.311630926187764, 0.230428009730622, 0.5971990002483208, -0.0416200009275729], [-0.2758936977051829, 0.30642853620964094, -0.5225783907077178, -0.762897924226512, -0.36264047169581776, 0.513525720629067, 0.35635190524217286, -0.34696275776504415, 0.7278815941177271, -0.40314718645679637, -0.21215881323665475, 0.24549274044989977, 0.028735407244644545]], "inverted": false, "swapped": true, "error_lsq": 0.047904384769746386, "error_max": 0.30674375612408, "target": "56.xyz", "model": "27.xyz", "model_rescale": 3.6321398670334006, "target_rescale": 3.9139195664914217},
