[{"mapping": [8, 12, 11, 5, 1, 6, 7, 10, 0, 9, 4, 3, 13, 14], "R": [[0.17954445997141547, 0.17861239835656234, -0.9673992960752502], [0.9443435056988617, -0.3068320918091592, 0.11861454666439489], [-0.2756431209697732, -0.9348538273919258, -0.22376146065109292]], "T": [0.02215354892149659, 0.0568893885874442, 0.012769740398820048], "aligned_model": [[0.10848339053806691, 0.4029451733269296, -0.4496004467850941, -0.3814308852496084, -0.6134704044850698, -0.24221441012301556, -0.7034265901496983, -0.02477999209332793, -0.3319159435629559, 0.10516613067395261, 0.6313016207630961, 0.1854434984792588, 0.6600178175193158, 0.024973142276454058], [-0.6283310633029505, -0.38832187322461104, -0.3193694038859567, -0.28294134740823657, 0.31268135499221894, 0.44820779521397247, 0.06421354122244419, 0.44972791809164564, 0.7062287033011241, -0.13890783373421467, 0.4224830332332964, 0.6981344173709542, -0.19307011329637802, 0.0845382032367264], [0.25397029016323786, -0.24158804405777967, 0.422192798477256, -0.39495432835877253, 0.5390974019681137, -0.5464706662024358, -0.0023787569070020526, 0.6850941657997323, 0.07379850332900936, 0.6538651048401595, 0.39189095080330366, -0.21649528428645937, 0.27852524228665054, 0.0010407093248202444]], "inverted": true, "swapped": true, "error_lsq": 0.04292601164294853, "error_max": 0.2550546226896167, "target": "560.xyz", "model": "0.xyz", "model_rescale": 3.8414455957264533, "target_rescale": 4.170937621358772},
{"mapping": [2, 6, 0, 4, 3, 13, 7, 9, 12, 10, 5, 8, 11, 1, 14], "R": [[0.47908510288246614, 0.8521181144991268, -0.2106470582242965], [0.7453592464834684, -0.5216732387168492, -0.41508628703953787], [-0.46359147735661976, 0.041853923939416934, -0.8850599929796739]], "T": [-0.03218495239428085, 0.07210600795295938, -0.09259302296346902], "aligned_model": [[-0.6093485428587, -0.03333765777230782, -0.299033259874661, -0.545798376075182, -0.3816467397761001, 0.40087307922705806, -0.42907911663448195, 0.007205482080995779, 0.684117851832913, 0.33182130278510646, -0.2289171988898903, 0.6686589802784622, 0.4646569256837557, -0.08704141711358504, -0.01563240915803852], [0.4507867285802625, 0.7580543280180849, -0.5874288798391892, 0.007737197566582671, 0.2970769536601555, -0.49010681139748524, -0.26409211393460463, -0.048006747506788294, 0.06324617238213659, 0.5878363055222607, 0.6691089168172779, 0.19634314527441946, -0.4195989484846919, -0.1496066839693094, 0.0803452326013284], [-0.3535294697964808, -0.4660910112495992, 0.04641446635642804, 0.07436548119974123, 0.5712152436222748, -0.3594721859672628, -0.4699533910023883, -0.7630637528549067, 0.17031635274799048, 0.17179874462725755, 0.1054138834282688, -0.4356459536411468, 0.3948900907261341, 0.7418721600656509, -0.004717386083873676]], "inverted": false, "swapped": false, "error_lsq": 0.04388766140672425, "error_max": 0.3517374589199319, "target": "560.xyz", "model": "1.xyz", "model_rescale": 4.316132596720782, "target_rescale": 4.170937621358772},
{"mapping": [4, 12, 13, 0, 10, 3, 11, 6, 8, 2, 5, 14], "R": [[-0.6708099006672655, 0.7112683077974609, -0.21002731129476854], [-0.14658021709275296, 0.15045533088177243, 0.9776898451790823], [0.7269995303463508, 0.6866298768129688, 0.0033309374044844797]], "T": [-0.019958656784877363, 0.039113153738928576, -0.08945080209713954], "aligned_model": [[-0.3768315723138281, 0.5603536494012694, 0.21789414040325783, -0.6898917580183719, -0.6653152060944176, -0.4485572673760495, 0.03362163815623953, -0.17628965271763208, 0.49438713678102514, 0.3171240978528637, 0.3698391675061759, -0.038525818948751844], [-0.6827241195943226, -0.20913960760474615, -0.6314643301045012, 0.3097752685907466, -0.15796275397832651, -0.0860996925413704, 0.3802482191661404, 0.44056667174392466, -0.07241998043916378, 0.10970807889082249, 0.5739962013753023, 0.038292472236474785], [-0.08269420524513742, 0.008126885667210634, -0.2731038705481905, 0.07985046931401057, -0.4808853577850387, 0.45003619518433857, -0.7317169237281725, 0.5022974873821872, -0.5975515589067999, 0.6490340734263831, -0.008444491194785061, -0.06569024235658519]], "inverted": true, "swapped": true, "error_lsq": 0.05429851798237955, "error_max": 0.2906664474417721, "target": "560.xyz", "model": "2.xyz", "model_rescale": 3.795458400668931, "target_rescale": 4.170937621358772},
{"mapping": [6, 5, 7, 9, 3, 10, 11, 12, 8, 13, 0, 14], "R": [[-0.05973298701189189, 0.28395067137355967, -0.9569764816802666], [0.7650718135468995, -0.6027573121849235, -0.22660260970179746], [-0.6411685350816083, -0.7456913831030311, -0.18123816040556395]], "T": [0.12130693605129078, 0.012129252602340056, -0.016185854138472254], "aligned_model": [[-0.21510716914624878, -0.16690094991032162, -0.5807918121183706, 0.22946269928538615, 0.12216934407889174, -0.04842974870802419, -0.25185344171275054, 0.6123687805653903, 0.37240769625191117, 0.7923260688645777, -0.38967946097797096, 0.11733181927109475], [0.06535502803534653, -0.5520097974454549, -0.16814209898626548, 0.11894097337069065, 0.5249640187808066, 0.6175173976120087, -0.27149346340116637, -0.387702904015142, -0.4724794298565734, 0.05798385840607795, 0.520388399833014, 0.03244706295636731], [-0.6640769809208333, -0.2242425472716966, 0.01999765055677872, 0.6419360908626144, -0.49307263835581067, 0.44559293733483646, 0.5424367727741568, -0.09928653266942239, 0.4709080254793923, 0.2797993533374757, -0.19309487695308228, -0.03812582353530875]], "inverted": true, "swapped": true, "error_lsq": 0.04647830765644909, "error_max": 0.2766662080147888, "target": "560.xyz", "model": "3.xyz", "model_rescale": 3.7530521520055578, "target_rescale": 4.170937621358772},
{"mapping": [8, 7, 5, 6, 12, 0, 13, 10, 4, 3, 14], "R": [[0.36815139985134837, 0.9239187960396754, 0.10410862169911553], [0.8435001528058775, -0.3789957818570213, 0.38061751083081646], [0.3911164008373392, -0.05230923110868756, -0.9188534732681071]], "T": [-0.05367498417599596, -0.11245281424243861, -0.019828277496379908], "aligned_model": [[-0.33327891157284373, -0.13276185420109893, 0.27072608275627386, 0.4946045804366695, 0.21334824821145004, -0.1104867900056554, -0.2523197480527669, -0.6943292794937928, -0.3210234042460183, 0.24331803363735682, -0.03959735502436903], [-0.784607460167198, 0.10040482098330525, -0.338140744711636, 0.31714032524993785, -0.6565968249091386, 0.612560038616272, -0.5236205006633674, 0.30186196648529395, 0.07839393119852445, 0.44700509062246696, -0.0871972843901139], [-0.09185181667001305, -0.7091660412325301, -0.5568880010752002, -0.2447940505349763, 0.18146529020065086, -0.167679699382899, 0.5558955764015584, 0.142807317891802, 0.7153963960918995, 0.27887432738742535, -0.011228521832401167]], "inverted": true, "swapped": true, "error_lsq": 0.045269028904378665, "error_max": 0.23194585913523463, "target": "560.xyz", "model": "4.xyz", "model_rescale": 3.7855080009869324, "target_rescale": 4.170937621358772},
{"mapping": [6, 13, 5, 4, 1, 10, 7, 8, 9, 14, 12, 15, 3, 2, 16], "R": [[0.9800905170644678, 0.03733196114806635, -0.19501000753075132], [0.19018132929571221, -0.4586709953135743, 0.868016117388019], [-0.057040690280012366, -0.8878216277692805, -0.45663893495571023]], "T": [-0.05565033174601407, 0.12018491473432832, -0.032707790328525055], "aligned_model": [[-0.5618096509464714, -0.03336583267363348, -0.22771447421443025, -0.751352907206605, -0.5384126249658421, 0.293259888313329, -0.42047157170887606, 0.1123627233727111, 0.5924649257682663, 0.4588062160526283, -0.08928302661810839, 0.6387022291158938, 0.23673449349717846, 0.22840429534047485, -0.010825779391170735], [0.2577257549281615, 0.7290685009704151, -0.6598408793263039, -0.12228462348986405, 0.30246884465303253, -0.413433766470671, -0.37494524088080583, 0.16117775612135607, -0.10321348368736197, 0.4831086847854892, 0.7436039100054379, 0.26294962851519826, -0.35735078196018, 0.10755819653189072, 0.13510229459464557], [-0.4212465000245689, -0.4246667402056435, 0.09789441522709408, 0.032155399511289026, 0.52120292100309, -0.3855208222327658, -0.46063426035392735, -0.7149108936843442, 0.15952588988611466, 0.21491732166907646, 0.23800028339842128, -0.45319663014408157, 0.3782513046544655, 0.649156728763709, -0.007115145289841206]], "inverted": false, "swapped": false, "error_lsq": 0.03419022606974252, "error_max": 0.22476695483867273, "target": "560.xyz", "model": "5.xyz", "model_rescale": 4.2253639853439635, "target_rescale": 4.170937621358772},
{"mapping": [13, 10, 11, 8, 9, 7, 5, 12, 0, 3, 1, 6, 2, 14], "R": [[-0.17395115734310623, -0.6668191022136458, 0.7246332036154441], [-0.9759891074526095, 0.018780331162350894, -0.21700820559437778], [0.13109636529230395, -0.7449829421432548, -0.6540750407428242]], "T": [0.13045220148018827, -0.04005579317401708, 0.016940878346144182], "aligned_model": [[0.5697419590808465, -0.30144894732984856, -0.43212799018030595, 0.1676659401358751, -0.10058363908054035, -0.480477517188496, 0.03738394726794897, 0.6403741587745451, -0.284058492319255, 0.30522675355545703, -0.7109811911770423, 0.14072203532299526, 0.6872918814248494, 0.13533325447075462], [-0.3823172879306237, 0.1344580802286642, -0.5035801642793171, -0.7688401986658493, -0.42218838205580295, -0.0009180523421302225, -0.22628683733694904, -0.4025955064193507, 0.5740398195424813, 0.6337323480158387, 0.07003432978804225, 0.5107848481427716, 0.23906616042457168, -0.010290010477355817], [-0.462494354603647, -0.6087997277938471, 0.0369017703014634, -0.03449881854506422, -0.48984115783623755, 0.40679056025828625, 0.6503921701789839, 0.1452286999207752, -0.02547049057860471, -0.05977054745791168, -0.14534947288262465, 0.4988531773136783, 0.5422872823186057, 0.017329118337592625]], "inverted": false, "swapped": true, "error_lsq": 0.04356738475784743, "error_max": 0.27893449860265057, "target": "560.xyz", "model": "6.xyz", "model_rescale": 3.89814844738969, "target_rescale": 4.170937621358772},
{"mapping": [13, 4, 3, 8, 6, 10, 9, 5, 11, 1, 0, 7, 14], "R": [[-0.5848928662753221, -0.8059721973620249, -0.09115455040571105], [-0.7701158676743116, 0.5870895149059563, -0.24949439240939109], [0.2546014244588597, -0.07572792461779278, -0.9640764472263603]], "T": [0.07127991481223513, -0.05329783885960712, -0.0855309743315464], "aligned_model": [[-0.1536137356045872, -0.06981264163779145, 0.5144569627068873, -0.3568117893969981, 0.6753093339105521, -0.4408671827732617, -0.5766944776100152, 0.28030806057967467, -0.5062605623949524, -0.4422889100863738, 0.16237905919114212, -0.02890621191435351, 0.09143389593429938], [-0.3455436931817716, 0.26901838548634327, 0.4492194326166671, -0.6455776488781642, 0.2113373905077687, 0.5132934483631227, -0.07403948072137043, -0.40225191148015316, -0.19280380019855772, 0.4663153181392301, 0.6458863032691958, 0.10019795349943186, -0.03127043195125674], [-0.721134444392241, -0.8098638540561269, -0.28922619321874654, -0.11869321009291679, 0.23209616832324892, -0.24435371893672514, -0.27508275713548863, 0.4428084339614407, 0.3372394548651552, 0.37568196642399976, 0.1459290488579001, 0.6167164465513033, -0.089842310314507]], "inverted": false, "swapped": true, "error_lsq": 0.048754516985739856, "error_max": 0.3148506574504325, "target": "560.xyz", "model": "7.xyz", "model_rescale": 3.7474275329858107, "target_rescale": 4.170937621358772},
{"mapping": [8, 5, 13, 4, 1, 11, 4, 9, 10, 0, 3, 7, 12, 1, 14], "R": [[0.8293584480711839, -0.4811277667325, -0.2840433711459476], [0.5586196335284876, 0.7235463465623323, 0.40549326679095354], [0.010424473581701676, -0.49497147034480526, 0.8688466918249997]], "T": [0.05522806295260284, 0.09869938678534544, -0.01285905713717516], "aligned_model": [[-0.47119364205844494, 0.08273589410533191, -0.2995423524701084, -0.6629617155960046, -0.16378034603850333, 0.3939693013170994, -0.6629617155960046, 0.10029832470216025, 0.8073004800452878, 0.287720198952731, -0.13581812751194666, 0.5398972081926257, 0.2691850785268472, -0.16378034603850333, 0.006430663202777034], [0.29410486895116, 0.6119548423659839, -0.7256796165096533, -0.1715334054064792, 0.14193081671949942, -0.29461953811403685, -0.1715334054064792, 0.015718330636490044, 0.09398852296851049, 0.5068474410098256, 0.7891764861978176, 0.2673196492785852, -0.42067617125174456, 0.14193081671949942, 0.07276515713146084], [-0.4000375713774819, -0.5116913140771928, 0.03860976798745775, -0.16584116673838975, 0.7047537774100375, -0.3549621882791574, -0.16584116673838975, -0.7687844872654686, 0.08526457354742673, 0.4492835725323135, 0.016759607257665517, -0.46067671942064714, 0.24231547920918411, 0.7047537774100375, 0.009907330720692591]], "inverted": true, "swapped": false, "error_lsq": 0.052415909248565866, "error_max": 0.37024804049241683, "target": "560.xyz", "model": "8.xyz", "model_rescale": 4.019505241142653, "target_rescale": 4.170937621358772},
{"mapping": [9, 12, 4, 10, 1, 0, 3, 11, 7, 5, 2, 6, 14], "R": [[0.7184868148991544, -0.4648650893242763, 0.5173752463576134], [0.6393928401378359, 0.734227093933909, -0.2282265771417496], [-0.2737763554373175, 0.4947838146715187, 0.8247638958772141]], "T": [-0.1276251654203842, -0.03138239250494927, -0.0196743852777702], "aligned_model": [[-0.26072633949805335, -0.7243274636254609, -0.03608435526817949, 0.32158292904533275, 0.4505901834085028, 0.6137266915042665, 0.3363658198298629, -0.19579933951732345, 0.20681330531950354, -0.2933210633346729, -0.26353872492242825, 0.2703422432597745, -0.1059231144599486], [-0.5817456216132616, 0.196303039488051, 0.07372842188677649, -0.4608630267703362, -0.6652995975348421, -0.01795463136768205, 0.45626062417246427, -0.7160754674011857, -0.3551626057315434, -0.008283306240872729, 0.7166783907537807, 0.43662227293291617, -0.01083026446020591], [-0.3879342131315241, -0.024024414038762362, -0.8127853329937396, -0.4911650778511877, 0.0817363395011831, 0.011121401950864154, -0.21290455891102966, 0.22177421596131575, 0.5371621627407002, 0.625783237269958, 0.2734141801801508, 0.3782752601127174, -0.023749706746766793]], "inverted": true, "swapped": true, "error_lsq": 0.04944997578163099, "error_max": 0.2554933814096079, "target": "560.xyz", "model": "9.xyz", "model_rescale": 3.877068213659057, "target_rescale": 4.170937621358772},
{"mapping": [9, 14, 1, 8, 11, 4, 7, 2, 3, 6, 10, 13, 5, 12, 15], "R": [[-0.5526549085910614, 0.6371686885744455, -0.5372044436809202], [-0.21675748219150348, -0.7322946380494518, -0.6455701023111453], [-0.8047289891163396, -0.24033440324752448, 0.5428173069196032]], "T": [0.024022628969641885, 0.09379385966766215, -0.021387172372630162], "aligned_model": [[-0.44172614629531937, 0.013266630143966923, -0.20292648256448606, -0.7259861938298421, -0.4709756331288296, 0.2978371559541959, -0.30732955396957096, -0.08621583379637482, 0.6013256580290448, 0.459047099324292, -0.12558227623425755, 0.5389490196870751, 0.23902976939612589, 0.15639150762827808, -0.01760581660895337], [0.44243260266977436, 0.7697332153068281, -0.7287299360006, -0.06856708959330207, 0.34706894789663756, -0.40870614749901957, -0.5033880177881731, 0.11504624968823549, -0.14156965785509776, 0.45339873163450617, 0.7610147014119485, 0.42370687308240707, -0.5033638032746117, 0.1318539555722071, 0.06176417003869976], [-0.3331152736351708, -0.4119148188023761, 0.13626851746056184, -0.10169049538051539, 0.46387948263861384, -0.3827872655583966, -0.4684510442260272, -0.6754140641705928, 0.09729968446660336, 0.22709345338160003, 0.16741298689863843, -0.49430017883998356, 0.4348694411657135, 0.7129323253774447, 0.05173052140197476]], "inverted": true, "swapped": false, "error_lsq": 0.04088656770527248, "error_max": 0.22821841758615616, "target": "560.xyz", "model": "10.xyz", "model_rescale": 4.260839863003843, "target_rescale": 4.170937621358772},
{"mapping": [6, 7, 10, 0, 4, 3, 2, 5, 8, 13, 12, 14], "R": [[-0.5865311934910353, 0.6538023618550745, 0.4780414529041471], [0.3733308786761801, 0.7420285470680938, -0.5567923224712111], [-0.7187525402312349, -0.14810842976934183, -0.6793074995481848]], "T": [0.023675420436775674, -0.042752441799175186, 0.022619251883996543], "aligned_model": [[0.18106277345129307, 0.3542229490767386, -0.6034285783080526, -0.30370979784615754, -0.717133729647448, -0.36983512707133875, 0.34301938791225084, 0.6697182463780169, 0.32865391863909205, -0.23746803170480163, 0.3041586891127555, 0.009637949101782122], [0.16092394927325626, -0.5677689228742488, -0.5060938680692423, -0.30693903948471707, 0.17366056137274455, 0.26958141430432, 0.6310648471948848, -0.08668030530223998, -0.18142344504546248, 0.23482795877608814, 0.38308778219430845, -0.031162426806757553], [-0.6625927549725803, -0.3540048104202851, 0.04712023117354082, -0.5887363087343659, 0.25244569470974604, -0.46525189651634474, -0.305950420785409, -0.1364507035907387, 0.6729392369236722, 0.650894496613206, 0.40720012894017393, -0.0014348159451109434]], "inverted": true, "swapped": true, "error_lsq": 0.05314290813442218, "error_max": 0.30995893841935823, "target": "560.xyz", "model": "11.xyz", "model_rescale": 3.890672605050136, "target_rescale": 4.170937621358772},
{"mapping": [11, 8, 13, 1, 9, 6, 5, 0, 7, 2, 4, 12, 3, 14], "R": [[-0.20668546121312414, -0.9623867015838101, -0.17633195041668592], [-0.04233241887824829, 0.18885082739553596, -0.9810929269462388], [0.9774912206434567, -0.19531308611215958, -0.07977287733502797]], "T": [0.06576524696036458, 0.044628727634938484, 0.1021987104052026], "aligned_model": [[0.46192671674063757, 0.24844779158466807, 0.28618731735559394, 0.6347277781839635, 0.6856770554793591, -0.4501576267416201, -0.3517829549734963, 0.19158395547823864, 0.07913237696909069, -0.7253994897024053, 0.44896410526777525, -0.23749314447747777, -0.11810106522600776, 0.05616301885537378], [-0.3124387522017802, 0.28884139099017764, 0.7347876311959318, -0.601306654371056, 0.2025807933958449, -0.3276136704230603, -0.2984217532334002, -0.43648773616611575, -0.6653828421783435, 0.1742851002014449, 0.5810688975965953, 0.49749657602432046, 0.05393101043022516, 0.040812528566980893], [-0.3951026635820028, -0.5627410443061593, -0.02056677023842117, 0.17647702413687158, -0.11457629250525951, 0.4641787250313421, -0.28840864681509387, 0.6530415753787643, -0.047649709551860445, 0.24785557712485767, 0.5646309299312022, -0.23075514719819695, 0.7778671889417277, 0.13053968900908958]], "inverted": true, "swapped": true, "error_lsq": 0.04686084313139655, "error_max": 0.31379232879251423, "target": "560.xyz", "model": "12.xyz", "model_rescale": 4.124412569039231, "target_rescale": 4.170937621358772},
{"mapping": [12, 5, 11, 2, 8, 13, 6, 4, 7, 3, 10, 1, 14], "R": [[-0.5162329809454258, -0.8496772784051114, -0.1074803793549427], [-0.06836524338061933, -0.08421294758106646, 0.9940997801816561], [-0.85371523524048, 0.5205350151736109, -0.014614892969172899]], "T": [0.0840022506892581, 0.06915291883791806, 0.001615791222091982], "aligned_model": [[-0.10719601159569925, -0.1695896143777051, 0.633721229798387, -0.7147361879989493, 0.4677282750888533, 0.3095784970508225, -0.5098437557350433, 0.27506872601912946, 0.1696196842110963, -0.3127886193241106, 0.6423758984848911, 0.6176447871831465, 0.0657153987049389], [-0.31094910303712886, 0.4923010245904981, 0.454799188870222, -0.014492185339350969, -0.10061177106967507, -0.6146797297653713, 0.4314371067429129, -0.5516872690562088, 0.7892287412142117, -0.012931201785643498, 0.06272770247798909, 0.6523243378320386, 0.07001853483398357], [0.4779338455103949, 0.4502148186917081, 0.28593207686602445, 0.13941543352010605, 0.6008585656534038, 0.1481245974459113, -0.22612843671255947, -0.4743086163395936, 0.03178404445719853, -0.5695588306980114, -0.5431066946071665, -0.3471031312171241, -0.0223595916024531]], "inverted": true, "swapped": true, "error_lsq": 0.04853732793125945, "error_max": 0.2814565699211912, "target": "560.xyz", "model": "13.xyz", "model_rescale": 3.9028299243045295, "target_rescale": 4.170937621358772},
{"mapping": [4, 0, 9, 10, 13, 6, 7, 3, 1, 8, 5, 2, 11, 12, 15], "R": [[0.07951405458353455, -0.3664143973191929, 0.9270480055320219], [-0.6908775272726824, 0.6501454178367648, 0.31622646627922035], [-0.7185859429694342, -0.6656210822255194, -0.20145177453588678]], "T": [0.02289832623727224, 0.09373849188714857, -0.02487823239921575], "aligned_model": [[-0.46414678519534797, 0.10187622453217517, -0.15723251636913466, -0.7064704960419177, -0.3712864708176442, 0.28513883385391703, -0.5694691013971558, 0.0469639349170949, 0.5613431180814082, 0.28382846252205146, -0.2160768691176087, 0.6812287897216186, 0.22907272777779353, 0.24454608415215173, -0.021817032884057022], [0.39843243313187165, 0.7271862964790701, -0.659687234522234, -0.03623959007781076, 0.2677431135140267, -0.40103783772392204, -0.4325159630912361, 0.09297167593401746, -0.25511269043060325, 0.7996794038023146, 0.4950890437909716, 0.3553416819326157, -0.42546605722919884, 0.2331058438578461, -0.007795324077289265], [-0.3844779202203435, -0.5537664811657428, -0.05222801832273569, 0.05561662050922863, 0.643696437490764, -0.38658883781575426, -0.4639511592921686, -0.647862745617895, 0.07797513154303945, 0.14852895436192806, 0.1846699103908024, -0.22566304597411105, 0.4586250671388791, 0.619861483747439, -0.050622124595241576]], "inverted": true, "swapped": false, "error_lsq": 0.04478269168127114, "error_max": 0.3217236027941016, "target": "560.xyz", "model": "14.xyz", "model_rescale": 3.942246331269136, "target_rescale": 4.170937621358772},
{"mapping": [2, 7, 3, 5, 9, 12, 1, 0, 11, 6, 7, 8, 4, 10, 14], "R": [[0.23034827659694274, -0.10106553902152973, -0.9678457667888548], [0.2645258073035003, -0.9506360340534546, 0.16222585499713318], [-0.9364645047940953, -0.2933886289231522, -0.1922429288149322]], "T": [0.06703383271320239, -0.04219518381894449, 0.036628215349321355], "aligned_model": [[-0.502217845857471, -0.06359499302524792, -0.25581584107589983, -0.5612895282011138, -0.31661937631520753, 0.2134256555188288, -0.38461446112782277, -0.08546080484554176, 0.7342352459219634, 0.30440658410442545, -0.06359499302524792, 0.5579971257662498, 0.23220746485350358, 0.08651948891515783, 0.031915182128768475], [0.3385219465221998, 0.7754701302891096, -0.6843061711862399, -0.11762121029306348, 0.5198611329177559, -0.624740615224659, -0.4656881522307496, 0.26456536532776825, 0.0522883847320357, 0.44014543268513023, 0.7754701302891096, 0.38749483070551066, -0.46143830467912994, -0.013818877821780345, -0.03450922674255807], [-0.30049922605639, -0.17630147285739628, 0.03971018503023312, -0.011332464887490568, 0.4668202865813919, -0.5177060815570894, -0.48616137918835456, -0.6140336276008336, 0.28163057073117187, 0.1908718405201878, -0.17630147285739628, -0.3794997248088377, 0.4116173535648131, 0.7492400385065691, -0.054241552942490084]], "inverted": true, "swapped": false, "error_lsq": 0.047835860837006375, "error_max": 0.37185592766339287, "target": "560.xyz", "model": "15.xyz", "model_rescale": 4.355366556412066, "target_rescale": 4.170937621358772},
{"mapping": [4, 12, 13, 0, 10, 3, 11, 6, 8, 2, 5, 14], "R": [[-0.6708099006672655, 0.7112683077974609, -0.21002731129476854], [-0.14658021709275296, 0.15045533088177243, 0.9776898451790823], [0.7269995303463508, 0.6866298768129688, 0.0033309374044844797]], "T": [-0.019958656784877363, 0.039113153738928576, -0.08945080209713954], "aligned_model": [[-0.3768315723138281, 0.5603536494012694, 0.21789414040325783, -0.6898917580183719, -0.6653152060944176, -0.4485572673760495, 0.03362163815623953, -0.17628965271763208, 0.49438713678102514, 0.3171240978528637, 0.3698391675061759, -0.038525818948751844], [-0.6827241195943226, -0.20913960760474615, -0.6314643301045012, 0.3097752685907466, -0.15796275397832651, -0.0860996925413704, 0.3802482191661404, 0.44056667174392466, -0.07241998043916378, 0.10970807889082249, 0.5739962013753023, 0.038292472236474785], [-0.08269420524513742, 0.008126885667210634, -0.2731038705481905, 0.07985046931401057, -0.4808853577850387, 0.45003619518433857, -0.7317169237281725, 0.5022974873821872, -0.5975515589067999, 0.6490340734263831, -0.008444491194785061, -0.06569024235658519]], "inverted": true, "swapped": true, "error_lsq": 0.05429851798237955, "error_max": 0.2906664474417721, "target": "560.xyz", "model": "16.xyz", "model_rescale": 3.795458400668931, "target_rescale": 4.170937621358772},
{"mapping": [13, 4, 3, 8, 6, 10, 9, 5, 11, 1, 0, 7, 14], "R": [[-0.5848928662753221, -0.8059721973620249, -0.09115455040571105], [-0.7701158676743116, 0.5870895149059563, -0.24949439240939109], [0.2546014244588597, -0.07572792461779278, -0.9640764472263603]], "T": [0.07127991481223513, -0.05329783885960712, -0.0855309743315464], "aligned_model": [[-0.1536137356045872, -0.06981264163779145, 0.5144569627068873, -0.3568117893969981, 0.6753093339105521, -0.4408671827732617, -0.5766944776100152, 0.28030806057967467, -0.5062605623949524, -0.4422889100863738, 0.16237905919114212, -0.02890621191435351, 0.09143389593429938], [-0.3455436931817716, 0.26901838548634327, 0.4492194326166671, -0.6455776488781642, 0.2113373905077687, 0.5132934483631227, -0.07403948072137043, -0.40225191148015316, -0.19280380019855772, 0.4663153181392301, 0.6458863032691958, 0.10019795349943186, -0.03127043195125674], [-0.721134444392241, -0.8098638540561269, -0.28922619321874654, -0.11869321009291679, 0.23209616832324892, -0.24435371893672514, -0.27508275713548863, 0.4428084339614407, 0.3372394548651552, 0.37568196642399976, 0.1459290488579001, 0.6167164465513033, -0.089842310314507]], "inverted": false, "swapped": true, "error_lsq": 0.048754516985739856, "error_max": 0.3148506574504325, "target": "560.xyz", "model": "17.xyz", "model_rescale": 3.7474275329858107, "target_rescale": 4.170937621358772},
{"mapping": [5, 2, 12, 6, 11, 1, 8, 4, 7, 9, 0, 3, 10, 14], "R": [[-0.7630266994621631, 0.3786027192315988, -0.5238799832960954], [0.5738793358981755, 0.023881250200838533, -0.8185915915265158], [-0.29741009353575587, -0.9252511371942671, -0.23549430860164927]], "T": [0.12176722618804678, 0.02020603084236046, -0.021845385560502757], "aligned_model": [[0.2614512039546336, 0.1789571642160541, 0.695234051988505, -0.33085859204115486, 0.2428106338485391, -0.4000850375343653, 0.7690864628152154, 0.04959978474352836, -0.20180480567724804, 0.3171556091206721, -0.6183923525694569, -0.3771485146048771, -0.26961549881745195, 0.09845753844028345], [-0.4924646924109632, 0.2101356377943373, 0.16715405121869992, -0.047794352825645134, -0.5675291927520675, -0.43803995827534875, -0.20131856771987133, 0.7289167033344612, -0.6290767443884017, 0.010891316757552075, -0.01391805147765772, 0.44698238482791214, 0.1516626859546783, 0.03480702147354782], [-0.42466216370044174, -0.8121772106186756, -0.26154371761373735, -0.5930512696364404, 0.3924800327682763, 0.49210886907675744, 0.23711845858253172, 0.3536196883191901, -0.0438152826978138, 0.6246586927118244, 0.019755167622713295, -0.26549733687206034, 0.640033539107621, -0.03423274838808984]], "inverted": true, "swapped": true, "error_lsq": 0.04168884594444213, "error_max": 0.2468167138946531, "target": "560.xyz", "model": "18.xyz", "model_rescale": 3.922800546911778, "target_rescale": 4.170937621358772},
{"mapping": [0, 1, 12, 3, 9, 8, 5, 1, 4, 10, 2, 6, 13, 11, 14], "R": [[0.11278645159888757, -0.9754596808999748, 0.1890968727246723], [0.5538597566488906, -0.09628261943063678, -0.827024199863829], [0.824935504327801, 0.19801027279940372, 0.529408486487837]], "T": [0.0071533697950438265, -0.007080160675838401, -0.021925589160017214], "aligned_model": [[-0.7048535620744553, 0.03793532399743868, -0.4145379667813898, -0.6193718558819528, -0.30999251032054503, 0.3448182269701968, -0.3647420428710802, 0.03793532399743868, 0.6857167281382611, 0.3984970748028911, -0.22901951203722215, 0.5793001354592542, 0.2874448367808508, 0.2432207359635878, -0.04485203240792933], [0.21665677546018242, 0.42301859784071527, -0.6687772440769202, -0.029474779989679043, 0.49084641760107584, -0.36529626988838326, -0.33734633998317354, 0.42301859784071527, 0.016299987359067195, 0.5977684051365495, 0.663755506459498, 0.26366993986592774, -0.523441634765536, 0.002668921144413347, -0.02167208471401305], [-0.3979981194718264, -0.6236319570454223, 0.032364658964261966, 0.10501481497232254, 0.5386373415499399, -0.38531837575756167, -0.6008485313806062, -0.6236319570454223, 0.22881785837950494, 0.3408539089496947, 0.06369473771343423, -0.29598805194855393, 0.3339132345102563, 0.6499529465908381, 0.0579807631972282]], "inverted": false, "swapped": false, "error_lsq": 0.04201424334809424, "error_max": 0.3265662495716319, "target": "560.xyz", "model": "19.xyz", "model_rescale": 3.9282355846067225, "target_rescale": 4.170937621358772},
{"mapping": [11, 7, 0, 5, 8, 6, 2, 3, 12, 13, 10, 9, 4, 14], "R": [[-0.9843757036456139, 0.07965648294809077, 0.15703285897080038], [0.05912825713323844, -0.6904982413987873, 0.7209133289332136], [0.16585633325438132, 0.718934644699727, 0.6749997432369061]], "T": [-0.04184401730174374, -0.07955452388879161, 0.008843945041731676], "aligned_model": [[-0.6083456452550575, -0.26068356069226056, 0.44435172785504773, -0.42067820852704985, -0.6946671049614416, 0.33151940607795066, 0.1934315812948441, 0.6464006679042912, -0.29742818395093373, -0.11807751846493611, 0.20212555378292402, -0.30257740689752466, 0.4303492253631652, -0.013197714444342389], [-0.5204052702000499, -0.6628651405402837, -0.6243077095252803, -0.09569983460871742, 0.11955514785038568, -0.17027478545905522, 0.4252034789809629, -0.06649249369074456, 0.5052052575517804, 0.4011376216095365, -0.5709164640676403, -0.24311636857238056, 0.10740686617165315, -0.08154821807533051], [0.1372038954469333, -0.363456521177834, -0.12377930019132681, -0.5396341542268248, 0.27215928695604524, -0.6141648299626352, -0.585994763813296, -0.1198801116175973, -0.016571466485418674, 0.5593892011979424, 0.5634494739127672, 0.6100897598461721, 0.6337695076654746, -0.00039682030671947185]], "inverted": false, "swapped": true, "error_lsq": 0.044860224990049005, "error_max": 0.3029047375313455, "target": "560.xyz", "model": "20.xyz", "model_rescale": 4.067790424073018, "target_rescale": 4.170937621358772},
{"mapping": [1, 10, 4, 8, 0, 6, 5, 13, 3, 12, 9, 11, 2, 0, 14], "R": [[-0.22944395990344674, 0.9000534582343482, -0.37048514354048817], [-0.9025704567502764, -0.33922119366797326, -0.2651330842578365], [-0.3643103620066594, 0.2735557604709979, 0.8901939148565952]], "T": [-0.02528025070901217, 0.040789019062611474, -0.06363024634266587], "aligned_model": [[-0.6723073416055912, 0.013084158704480282, -0.28239637036565246, -0.5553083279099156, -0.09287148909413519, 0.40161077905738735, -0.4022991046446083, -0.015769883767951475, 0.7334282037480229, 0.3919112733706155, -0.20954333922343524, 0.5279334867837462, 0.19680502533870894, -0.09287148909413519, -0.01390667756219182], [0.4550836531976199, 0.6922721735358686, -0.7160795285129186, -0.11285976696513658, 0.05501326300125713, -0.5272539124731013, -0.23532395353479704, 0.17317894894585537, -0.0010286496051283567, 0.647236341460807, 0.7955001228262882, 0.23677131008117236, -0.4758729948707049, 0.05501326300125713, 0.11004452520210073], [-0.35176389771242256, -0.5589934394460663, -0.004352953557835021, 0.08000186934169598, 0.643255264117761, -0.2701446025813259, -0.42430257824296336, -0.7510209390810488, 0.31893710769245354, 0.14894149281817332, -0.041087763430866744, -0.3348824467679482, 0.4236688661745941, 0.643255264117761, -0.09769797126387453]], "inverted": true, "swapped": false, "error_lsq": 0.04780347868372079, "error_max": 0.3975017085459674, "target": "560.xyz", "model": "21.xyz", "model_rescale": 4.186013935880536, "target_rescale": 4.170937621358772},
{"mapping": [0, 7, 6, 4, 9, 3, 10, 11, 2, 5, 8, 12, 14], "R": [[-0.791548263723061, -0.3662010793614767, 0.4892321694977724], [0.2778277231272346, -0.9286942242763992, -0.2456395612632339], [0.5443005626112694, -0.05851330848744388, 0.8368471128413536]], "T": [0.027110967099031248, -0.015901263263146077, 0.0702830285181537], "aligned_model": [[0.13326422870116056, -0.45581090461345036, 0.32520705116242465, 0.48180332632604517, -0.3185393234505626, 0.6117553170269956, -0.08139155400294673, -0.6958763439707412, 0.5419438372286259, -0.25986246143697755, -0.4183518608575241, 0.14415551502281448, 0.05027720828736152], [-0.3609742739456342, 0.0813857343892822, 0.2869217576822065, -0.600395691037741, -0.46727661581493574, -0.17395439683475608, -0.7829282682282688, -0.11015586446956573, 0.6042371576364416, 0.5544535331248035, 0.12447161817384232, 0.3838137825188967, -0.020641813648477676], [-0.5780898297937683, -0.4627004274225628, -0.5257096628474575, 0.38662793676445056, 0.43499808861025935, -0.2813295952250581, -0.021596115440793637, 0.0827397555558994, -0.04948254694763636, -0.12193013031435661, 0.6333247121572088, 0.5544747956435949, 0.05155258059556579]], "inverted": false, "swapped": true, "error_lsq": 0.04961808240996309, "error_max": 0.284406161483264, "target": "560.xyz", "model": "22.xyz", "model_rescale": 4.166573947596378, "target_rescale": 4.170937621358772},
{"mapping": [8, 0, 11, 9, 10, 2, 3, 4, 6, 5, 7, 1, 12, 13, 15], "R": [[-0.023929859915720997, 0.7254433191218903, -0.6878657954469236], [-0.9787128542480785, 0.12329117678440155, 0.16407447899261113], [0.2038345180139844, 0.6771493752995217, 0.70705036086369]], "T": [-0.07297250004032672, -0.015493613775695539, 0.002733910950559304], "aligned_model": [[-0.6645966764039041, 0.11448214696255361, -0.21895458915880556, -0.6279824785721223, -0.3698873672361014, 0.33925122305768435, -0.2827973605226587, -0.09830186917766524, 0.6615159945941356, 0.4573241704161326, -0.10756778402278856, 0.5172314583609571, 0.12541508553351982, 0.09645032688741474, -0.014083376983007344], [0.35494068498559744, 0.6612499576658142, -0.7893138743040319, -0.23009379451977008, 0.4290251453628457, -0.29960257272103435, -0.3389502206075847, 0.16806478183731538, -0.19882012311896768, 0.5608518367359809, 0.6858251749704627, 0.23990345819616565, -0.5102092607802354, 0.40073253521780516, 0.018091066370076625], [-0.40572466034466237, -0.41396100942600367, -0.0418167509846566, 0.08248259392927867, 0.5273155228243702, -0.4468914228011119, -0.45854258252860647, -0.7082641564333652, 0.08035912714012089, 0.28143329053119504, 0.13817677908325143, -0.30472451547941654, 0.38389024335010913, 0.7202747373190642, -0.010193924001479372]], "inverted": false, "swapped": false, "error_lsq": 0.04598081517723226, "error_max": 0.35701255293312634, "target": "560.xyz", "model": "23.xyz", "model_rescale": 4.274766983524099, "target_rescale": 4.170937621358772},
{"mapping": [0, 3, 2, 5, 12, 8, 11, 9, 10, 4, 14], "R": [[-0.5990465882929408, 0.7974843032211213, -0.07184685915550472], [-0.5938903490021316, -0.3823374401530768, 0.7078928840010464], [0.5370637191402102, 0.466729973296247, 0.7026561702640703]], "T": [-0.09692735960899518, 0.08527667016229337, -0.020678552161637102], "aligned_model": [[0.506232305600079, 0.28177476418329683, -0.5209668122427635, -0.5631836269861963, -0.6448133457843523, -0.530964045982625, -0.12475718553499873, 0.09585479335478633, 0.6090899157914473, 0.35282648885205253, -0.08119854729265083], [-0.007792064808536364, 0.5393885263469916, 0.552803743599721, -0.23599274140848644, 0.34484164078173707, -0.17436937136474204, -0.6041040782144176, -0.14630068349974035, -0.05769977134456042, 0.6029147432299768, 0.10189658792554016], [-0.44289637495175277, -0.39589631509108364, -0.5360204935184905, -0.3728082146402017, 0.18021988873640643, 0.507860663460266, 0.21539227708557954, 0.5838360283703777, 0.27872476200848567, 0.40148880768228706, -0.0403345951202965]], "inverted": false, "swapped": true, "error_lsq": 0.0501520333530517, "error_max": 0.30321350952801, "target": "560.xyz", "model": "24.xyz", "model_rescale": 3.7841303162186577, "target_rescale": 4.170937621358772},
{"mapping": [1, 0, 3, 4, 2, 11, 6, 7, 14, 9, 8, 10, 13, 12, 15], "R": [[-0.08798284572739386, 0.9857657309867303, 0.14326528703739477], [-0.6074085696934379, 0.06089885417636505, -0.7920518663717533], [-0.7895022788571806, -0.15670754025318412, 0.5934044982194819]], "T": [0.0036608391590881853, 0.12795070225416233, -0.0583026322578892], "aligned_model": [[-0.5811328761095114, -0.121662139705633, -0.29766559122081154, -0.7128992147406362, -0.33770795664175823, 0.31132509487459575, -0.4041203698841892, 0.14611918920593378, 0.6829405751703096, 0.29292365442963963, -0.2529971772155961, 0.6933242327422354, 0.37992491188214067, 0.16122059902994276, -0.03209402808131774], [0.5144658508615616, 0.5791156168775355, -0.5954066945954717, -0.02738021808146676, 0.42057943904422534, -0.4741574024761918, -0.3457761749246054, 0.10298388765533834, 0.0843137476521637, 0.4159992312045126, 0.6579014822630891, 0.35456366596536243, -0.5049088071035259, -0.10438520231711262, 0.0737863732650253], [-0.3066144207065084, -0.6258185528565541, 0.12866888003898344, 0.07996644310339915, 0.5471961667379087, -0.42194545858027044, -0.42068886769279723, -0.6922488734889398, 0.3490962125467444, 0.36061952900529537, -0.005989947014198166, -0.33806337558440025, 0.2061102763990975, 0.646230444286159, -0.08270518401583153]], "inverted": false, "swapped": false, "error_lsq": 0.03843628408957732, "error_max": 0.2240325109013277, "target": "560.xyz", "model": "25.xyz", "model_rescale": 4.19342608120988, "target_rescale": 4.170937621358772},
{"mapping": [4, 12, 13, 0, 10, 3, 11, 6, 8, 2, 5, 14], "R": [[-0.6708099006672655, 0.7112683077974609, -0.21002731129476854], [-0.14658021709275296, 0.15045533088177243, 0.9776898451790823], [0.7269995303463508, 0.6866298768129688, 0.0033309374044844797]], "T": [-0.019958656784877363, 0.039113153738928576, -0.08945080209713954], "aligned_model": [[-0.3768315723138281, 0.5603536494012694, 0.21789414040325783, -0.6898917580183719, -0.6653152060944176, -0.4485572673760495, 0.03362163815623953, -0.17628965271763208, 0.49438713678102514, 0.3171240978528637, 0.3698391675061759, -0.038525818948751844], [-0.6827241195943226, -0.20913960760474615, -0.6314643301045012, 0.3097752685907466, -0.15796275397832651, -0.0860996925413704, 0.3802482191661404, 0.44056667174392466, -0.07241998043916378, 0.10970807889082249, 0.5739962013753023, 0.038292472236474785], [-0.08269420524513742, 0.008126885667210634, -0.2731038705481905, 0.07985046931401057, -0.4808853577850387, 0.45003619518433857, -0.7317169237281725, 0.5022974873821872, -0.5975515589067999, 0.6490340734263831, -0.008444491194785061, -0.06569024235658519]], "inverted": true, "swapped": true, "error_lsq": 0.05429851798237955, "error_max": 0.2906664474417721, "target": "560.xyz", "model": "26.xyz", "model_rescale": 3.795458400668931, "target_rescale": 4.170937621358772},
