[{"mapping": [1, 9, 2, 3, 4, 10, 7, 6, 12, 5, 14, 13, 8, 15], "R": [[-0.7518343420452415, 0.33883049097777795, 0.5656315236133473], [0.6520447811290085, 0.25471084233755625, 0.7141148298404927], [0.09789139657713547, 0.9057131362520092, -0.4124330118900857]], "T": [-0.018179227401215116, 0.07023308188500946, 0.07553133003816784], "aligned_model": [[0.003729344593882876, 0.3966914480347228, -0.4322476930620064, -0.6072142365022888, -0.7134609332888641, 0.1543596923508842, -0.754615078076625, 0.046316604478440264, -0.20443296887052093, 0.17879573907518578, 0.5596966052459468, 0.19315595523567847, 0.5365681766496524, 0.014149445264215021], [-0.639413743153256, -0.357973087417468, -0.3526197729912012, -0.3800414592436512, 0.17656803527417778, 0.25160864729800875, 0.23055016270556677, 0.3965672397639899, 0.7334515369878642, -0.26973612053052387, 0.7100406362544277, 0.7295545586228334, -0.05831729030167199, 0.06503398854093774], [0.12077159043746588, -0.36990130182404435, 0.4901967580449934, -0.08486529862234168, 0.5041802633855766, -0.6042976254224343, -0.16436756089513602, 0.6729494664034722, 0.2639042697138122, 0.7171044772540207, 0.26482948976688847, -0.20773478623310412, 0.2210813229780972, 0.0737370221925674]], "inverted": false, "swapped": true, "error_lsq": 0.04946583845738356, "error_max": 0.2839898888369837, "target": "562.xyz", "model": "0.xyz", "model_rescale": 3.8414455957264533, "target_rescale": 4.172809841861006},
{"mapping": [4, 2, 14, 5, 6, 8, 11, 12, 10, 13, 9, 3, 0, 7, 15], "R": [[-0.5379080154681717, -0.43104219888557, 0.7244705581836892], [0.28735707201472543, -0.9016767890437873, -0.32311744190434816], [0.7925155393165597, 0.034374276422618505, 0.6088821963748031]], "T": [-0.017741984725204864, 0.03938834597730417, -0.12081427087808772], "aligned_model": [[-0.7942470657762994, -0.6260510275366, 0.2642912792524117, -0.381404164219417, -0.3993017196064355, 0.23763157654171732, 0.6154391403095785, -0.24424587991211513, 0.6121794785699454, 0.37106877979680125, 0.565567267714963, -0.3179019302606586, 0.28683703600443966, -0.3227127424690985, 0.0048941250953120075], [0.2191803048376287, 0.17476696283487692, -0.6663584469873092, -0.4269223357865571, -0.4866081095278267, -0.41160924040571334, -0.2676244352618589, -0.13394803510476144, 0.31381099606127644, -0.10386694716680936, 0.15597869636059228, 0.6823065140715516, 0.6072209764451078, 0.6715038928333035, 0.01921373483951352], [0.08697983766493061, -0.48665219516607355, 0.32808068352973657, -0.5858932604232296, 0.0920284459341861, -0.3980149242284482, 0.03209287412512821, 0.5339253905606454, 0.10880572485779422, 0.5020108828475235, -0.5680786630537508, -0.38913631442180374, -0.20155903308300857, 0.24389599601595713, -0.13330365782005238]], "inverted": false, "swapped": true, "error_lsq": 0.042644170814203575, "error_max": 0.27138524217262394, "target": "562.xyz", "model": "1.xyz", "model_rescale": 4.316132596720782, "target_rescale": 4.172809841861006},
{"mapping": [7, 0, 3, 6, 4, 12, 5, 14, 1, 10, 8, 15], "R": [[0.7990656914603191, 0.6002194723156853, -0.03507999122181735], [0.5540017885795234, -0.7576962603928101, -0.344932450252858], [-0.2336151514387104, 0.2561893089881613, -0.937971747430826]], "T": [0.03547462363113325, 0.03163830116680439, -0.015060576068767696], "aligned_model": [[-0.2231633685895329, 0.474498750904039, 0.1839359666561797, -0.5295069615688445, -0.5963736891579099, -0.5924362269319263, -0.06999244211745159, -0.2590132243180735, 0.4762884519515, 0.42236324337765346, 0.25772956584252765, 0.05347848858361995], [-0.7128235025946698, -0.42619491348243793, -0.5935659000432036, 0.40571654226184123, -0.3538728902482869, 0.013946893809197468, 0.49035508041368164, 0.6761061690463492, 0.017409797062644485, -0.13732941287510522, 0.57460230202128, 0.05842626236969008], [0.05182603061855222, 0.12411038337445719, -0.41819258824038946, -0.10683967233142076, -0.37646410653512, 0.32471658274750553, -0.6019591309465617, 0.5113100657261047, -0.5732773810892289, 0.5736679613428681, -0.05038075973243607, -0.009258923724909376]], "inverted": true, "swapped": true, "error_lsq": 0.043903075491405597, "error_max": 0.24593440844157063, "target": "562.xyz", "model": "2.xyz", "model_rescale": 3.795458400668931, "target_rescale": 4.172809841861006},
{"mapping": [14, 12, 6, 3, 8, 1, 4, 10, 7, 0, 5, 15], "R": [[-0.25049961918074876, -0.9159792167926037, 0.3134198704522548], [-0.9114098874542125, 0.11395399965626452, -0.39540675640792944], [0.3264689232392564, -0.38470321075648484, -0.8633779484053621]], "T": [0.102765386742658, 0.04672173238002703, 0.010114397693892795], "aligned_model": [[-0.1620387139140549, -0.2073951475181266, -0.5375725749076667, 0.30577431538481215, 0.012499918407115063, 0.18213415513956932, -0.375562295963636, 0.7494960475826324, 0.27028465885943953, 0.7069870111149964, -0.45851825938239277, 0.10721471094087723], [-0.17302813358757632, -0.5752422976805334, -0.0918415325264898, 0.10535542820697771, 0.45893288311511665, 0.6672019944809984, -0.31527946535371454, -0.14109120859650673, -0.49999980641848146, 0.03676638588998384, 0.5470135801177011, 0.06698121764223437], [-0.8027304599173964, -0.15418632689448866, -0.1856651749754216, 0.7386649775620462, -0.39901735782154335, 0.3489803386218925, 0.5745800226085996, -0.2569060786220532, 0.5565790890666508, 0.24789394356203387, 0.035863862109300225, -0.015285404660519891]], "inverted": false, "swapped": true, "error_lsq": 0.04916611696784736, "error_max": 0.34266545080868893, "target": "562.xyz", "model": "3.xyz", "model_rescale": 3.7530521520055578, "target_rescale": 4.172809841861006},
{"mapping": [9, 7, 3, 4, 1, 12, 8, 13, 14, 6, 15], "R": [[-0.0821803373756928, -0.42322307390156466, 0.9022907634826637], [-0.8549217680191881, -0.43536447412901125, -0.28207542472416003], [0.5122061720789425, -0.7945690683532051, -0.3260442192411278]], "T": [-0.0685992837644269, -0.13963884896298512, 0.003332059143120779], "aligned_model": [[-0.37975758451434793, -0.013441146415043514, 0.2789486123455158, 0.5054198433326923, 0.29927537045953845, -0.16522508972153363, -0.13323570463575762, -0.6939044156276011, -0.4808322442216706, 0.202271163393865, -0.08131920195045238], [-0.8124494169163741, 0.16025417862013563, -0.39155046941261923, 0.3412788317005322, -0.7478635443933848, 0.5678636937563242, -0.3850332440215418, 0.2604294133730001, 0.2913223937202977, 0.33861389038963585, -0.15566236850165974], [0.06962596397403535, -0.7264710364416029, -0.6221177615563316, -0.3397188220189478, -0.02592954749333924, 0.015042971627977618, 0.533481476671909, 0.09577630867962568, 0.6540734605308336, 0.41010674216138165, 0.028961021109775116]], "inverted": true, "swapped": true, "error_lsq": 0.04868861754900417, "error_max": 0.22648816263517113, "target": "562.xyz", "model": "4.xyz", "model_rescale": 3.7855080009869324, "target_rescale": 4.172809841861006},
{"mapping": [6, 1, 0, 4, 5, 2, 9, 7, 14, 11, 13, 13, 10, 8, 15, 16], "R": [[0.09614142372602774, -0.8356724296547262, 0.5407480161395871], [-0.7770565239577234, 0.2764944390605405, 0.5654502486897828], [-0.6220450025670751, -0.4745549657137347, -0.6227821443311969]], "T": [-0.0049960150753734014, 0.040599569177590805, -0.0035532412642003512], "aligned_model": [[0.043935849087639915, -0.45538657641319685, 0.026590437787357972, 0.1449212461895496, 0.6031447900255181, -0.31573328335459183, 0.1229674009981292, 0.6202443516009569, -0.42048138882132846, -0.5547466641703536, -0.34249377738069986, -0.34249377738069986, 0.6472744083945956, 0.30037849319995136, 0.10595344209108018, -0.028615004100637696], [-0.6036911203379154, -0.16028406740425186, 0.06337312848316443, -0.4765485966289814, 0.12101013726806978, 0.6012735060932554, 0.7355790565233029, -0.3632219566079202, 0.5190988357425848, -0.5314329276135447, -0.25190385756083433, -0.25190385756083433, 0.2945066831328187, -0.13689235192504817, 0.4147822854068216, 0.08774819990109745], [0.08903319478411349, -0.5779207593228248, -0.7826280414680187, -0.5105871387928279, -0.5315704250091133, -0.37080352941187483, 0.08329660366676757, -0.0894143562500798, 0.23331751385938201, 0.05112101899496842, 0.5668892577316007, 0.5668892577316007, 0.1990269804345598, 0.6051773244235417, 0.722391398164758, 0.006737636934865419]], "inverted": true, "swapped": false, "error_lsq": 0.0433764327258209, "error_max": 0.37503135984663566, "target": "562.xyz", "model": "5.xyz", "model_rescale": 4.2253639853439635, "target_rescale": 4.172809841861006},
{"mapping": [7, 10, 14, 12, 13, 8, 6, 4, 9, 0, 11, 5, 2, 15], "R": [[0.5921677295320541, -0.24183508936924653, -0.768669740298537], [-0.7555379449923715, -0.49829679763206297, -0.42527957292390045], [-0.2801781465024641, 0.8325959950776842, -0.47779086973595913]], "T": [0.09180903288952297, 0.05181474080899655, 0.05126565802730128], "aligned_model": [[0.7268247427314101, -0.22088850379760383, -0.578118856881785, 0.1515280095747429, -0.3036096867399603, -0.39027680833934536, 0.04971297556433525, 0.8036169632744166, -0.28065193249108145, 0.21897280991106496, -0.5929989093909507, 0.07867900962691565, 0.6496746331786123, 0.06159770653701267], [-0.1291009764084315, 0.1495856941270423, -0.5134478627876111, -0.6559675294163089, -0.42427737763381707, 0.20758691121494144, -0.448267638474893, -0.3066404560119335, 0.6688273213438, 0.4276921052354579, 0.0028148478005313865, 0.1724757078172821, 0.23144680213287683, 0.06237159769605337], [-0.38418279810910155, -0.5948730844095247, 0.15520212585382348, -0.022973425889187535, -0.3689573692552807, 0.3492303430975288, 0.515709045830448, 0.259359442238723, -0.1343595962421575, -0.46280396122827766, -0.1659735479468889, 0.7937364202581356, 0.47402202152092715, 0.058422593212281056]], "inverted": false, "swapped": true, "error_lsq": 0.039184473730159784, "error_max": 0.21773392540354908, "target": "562.xyz", "model": "6.xyz", "model_rescale": 3.89814844738969, "target_rescale": 4.172809841861006},
{"mapping": [8, 9, 1, 14, 2, 0, 11, 6, 12, 7, 3, 4, 15], "R": [[0.37918341842572734, -0.42581694789796726, 0.8215228919962243], [-0.06088846423099126, 0.8744179203215098, 0.4813376107725194], [-0.9233160510435043, -0.23253650789384867, 0.30563743615919]], "T": [-0.09299951479815366, 0.054000047960055725, -0.06531904246925915], "aligned_model": [[0.08071222817062956, -0.10318884552163696, 0.45213414935101764, -0.447435530031226, 0.513410371334283, -0.3337441009443271, -0.5072832451763687, 0.07863361929733093, -0.43806856841392916, -0.348192541586203, 0.14420073896169144, 0.1490564672967958, -0.09160294183383498], [-0.30458609258797964, 0.2863843519550975, 0.387770868888346, -0.7492300842690129, 0.28749549528136736, 0.620760147670937, -0.28609893775361905, -0.5084963053280459, -0.29160031085474436, 0.5628965565623283, 0.7472691388875206, 0.17328367507101655, 0.037932761947274386], [-0.49740108455957366, -0.7722717587729861, -0.37765157404883243, -0.15655743157977353, 0.2508321466741522, -0.27158834782796487, -0.5462113907115601, 0.2835391585304796, 0.4557579960060234, 0.483763527865149, 0.13102374451782883, 0.7129122848039944, -0.09387224006064109]], "inverted": true, "swapped": true, "error_lsq": 0.05333166982875677, "error_max": 0.37213939164798676, "target": "562.xyz", "model": "7.xyz", "model_rescale": 3.7474275329858107, "target_rescale": 4.172809841861006},
{"mapping": [0, 10, 13, 7, 12, 4, 3, 2, 12, 6, 1, 5, 8, 14, 15], "R": [[-0.21060774373781116, -0.4704759036779881, -0.8569111986291513], [0.97744576519086, -0.08733525737610598, -0.19228189964087478], [0.015625440413716385, -0.8780802792896727, 0.47825816117913517]], "T": [-0.04676236826543537, 0.04129036051703186, -0.03290147467687328], "aligned_model": [[-0.3746043960945744, 0.13124563989446494, 0.6024764754694641, -0.28755286483221454, 0.4567390874286561, -0.2520919899099289, -0.7391934312960579, -0.5767071240844354, 0.4567390874286561, 0.323930262791307, -0.6486481620959169, -0.18667589850375518, 0.12457430346568862, 0.8076668848172636, -0.03574415213987036], [0.04576027419037629, 0.17048479281053963, -0.062015939709358314, -0.6553809863141585, -0.45628805766169045, -0.6577568197971881, -0.24255977090671135, -0.15801588702876432, -0.45628805766169045, -0.11559066235952006, 0.395140010310859, 0.31420784392178625, 0.5731751388261297, 0.22206927929203674, 0.07217680406694647], [-0.5934562154264046, -0.7231594923311869, -0.3898661702065986, -0.3197111288055448, 0.061626519478656897, 0.35133343665245226, -0.15701758427587292, 0.4161422022465207, 0.061626519478656897, 0.5198529396230598, 0.1036605972925733, 0.6540734524828838, 0.14929898761262594, 0.09515168563394592, -0.0327610937595067]], "inverted": true, "swapped": true, "error_lsq": 0.05281175016647389, "error_max": 0.3989958373703912, "target": "562.xyz", "model": "8.xyz", "model_rescale": 4.019505241142653, "target_rescale": 4.172809841861006},
{"mapping": [2, 6, 8, 1, 3, 0, 11, 4, 7, 12, 14, 10, 15], "R": [[0.34099346379777096, 0.9370494249511295, -0.0752451516441831], [0.3005120660184123, -0.18449858643648986, -0.9357632017664954], [-0.8907389942202733, 0.2964770594863875, -0.34450747070820015]], "T": [0.0399463232913885, -0.03901437234188404, -0.04312341266003451], "aligned_model": [[-0.15877861085664086, -0.6396722455179925, -0.05090160663969143, 0.2872592785044603, 0.38073486023535685, 0.6664854754122713, 0.18525572979024466, -0.38185595954230167, 0.20738104380191905, -0.39872022401509044, -0.40421946584871926, 0.5836305720026993, 0.04310192441466075], [-0.7001425711962272, 0.034876863526790675, 0.31174001245635435, -0.4008414945255443, -0.7146988946013464, -0.14999463012060385, 0.6643273905559559, -0.6587737712759649, -0.49842516920323837, 0.10631487473360357, 0.7187922234816777, 0.36503550366903154, -0.014832109386429732], [-0.25671777949399555, -0.02826370950303012, -0.5059113728614332, -0.6035185579020496, 0.00931781432386801, 0.0866997977422574, -0.09557644769389693, 0.2981166824978199, 0.5785663335386986, 0.5013805910176806, 0.04390470317822577, 0.21375266376504087, -0.06504722456530658]], "inverted": true, "swapped": true, "error_lsq": 0.05336423491114009, "error_max": 0.3609344528134786, "target": "562.xyz", "model": "9.xyz", "model_rescale": 3.877068213659057, "target_rescale": 4.172809841861006},
{"mapping": [7, 9, 14, 2, 13, 10, 6, 4, 11, 8, 1, 0, 3, 5, 12, 15], "R": [[-0.24553843855503188, 0.8457134894235869, -0.4737927489936262], [-0.8300524180375217, -0.4358827507666516, -0.34787815524140103], [-0.5007233352880811, 0.30785535790542545, 0.8090124968793142]], "T": [0.0545092234636327, 0.03496024333278082, -0.021715462118040454], "aligned_model": [[0.01956411801343487, -0.38699792994074006, -0.028730522995553717, 0.11846583637179837, 0.5713709443581165, -0.30773747680743246, 0.29979412595530336, 0.5346599985504723, -0.5988434902334744, -0.5789544450222679, 0.016254859012902148, -0.39357069377340975, 0.6209227689330714, 0.28973806557397325, -0.025425350632146293, 0.004949140389223422], [-0.7801522921720445, -0.0660881893354325, 0.2921514086989481, -0.37209456223202897, 0.18701986482144872, 0.5730257109760509, 0.6003280541043147, -0.43898249565687564, 0.31949499740763554, -0.40534361271063923, -0.5517327664247941, 0.030134059403092897, 0.14630931656394341, -0.05169792359128293, 0.5399626721985178, 0.039158854860930126], [0.003915836810762605, -0.5018258157324134, -0.754139789748949, -0.5418801426581699, -0.5761253546618035, -0.3088977389605228, -0.04405668585136521, 0.03236034659029473, 0.17018420305074497, -0.008327748729341135, 0.6164338355431755, 0.6362869173239432, 0.24198592606094946, 0.7186582247369958, 0.5230580930563665, 0.05332582964075036]], "inverted": true, "swapped": false, "error_lsq": 0.03473324396896611, "error_max": 0.2561949013213853, "target": "562.xyz", "model": "10.xyz", "model_rescale": 4.260839863003843, "target_rescale": 4.172809841861006},
{"mapping": [0, 7, 4, 3, 5, 1, 9, 10, 12, 6, 8, 15], "R": [[-0.07377265192778837, 0.46070702280208975, -0.8844809975168355], [0.9681681525140982, -0.17962381901493307, -0.17431497956265474], [-0.23918198988422928, -0.8691860116127765, -0.432790541638441]], "T": [0.053873199585460524, 0.05063528212382593, 0.038984284718595504], "aligned_model": [[0.3361513310357217, 0.11728744432944199, -0.4192035016715959, -0.24513829030080994, -0.5775601508191474, -0.3739440968154102, 0.27798016886523075, 0.732446611792075, 0.2271179809332344, -0.20688348002442888, 0.028970927062434287, 0.06167370470738462], [-0.004903644823758192, -0.6758101324256708, -0.6170641651822648, -0.26381180209175326, 0.3796141726303517, 0.397082908506047, 0.6179760496622595, 0.12282185747330696, -0.4211699479020786, -0.044970143038004735, 0.6015866145223174, 0.08172673820218236], [-0.5432154033735604, -0.26735947591221854, 0.13300323870697964, -0.5832308251632674, 0.2820050921318595, -0.4116504743148439, -0.3873828693894665, -0.20424689302460758, 0.5463496466209843, 0.6638264098230708, 0.2421767724902658, 0.04590285880030867]], "inverted": true, "swapped": true, "error_lsq": 0.04118568866285912, "error_max": 0.24362433074399023, "target": "562.xyz", "model": "11.xyz", "model_rescale": 3.890672605050136, "target_rescale": 4.172809841861006},
{"mapping": [2, 4, 6, 1, 5, 10, 7, 9, 3, 13, 14, 12, 11, 15], "R": [[0.5750411291877067, -0.5710058214161762, 0.5859010596093552], [-0.3441171626224367, -0.8185334274295313, -0.4599852242943762], [0.742233843294154, 0.06289181257764824, -0.6671832894935898]], "T": [0.10294353803655995, -0.05045065646372215, 0.13084114343212802], "aligned_model": [[0.546321872228744, 0.1304877424578378, 0.3301944069309693, 0.600964345182626, 0.831922668759425, -0.4413693913925989, -0.3862727072974893, 0.1895979862383153, 0.10858447697803439, -0.46102070230665726, -0.008479480119058608, -0.24926180085607144, -0.0963628823722327, 0.1145693003618502], [-0.24511960618094464, 0.08755898012157257, 0.5656726685003777, -0.5581525417588917, 0.12116302334306897, -0.2621789736390096, -0.27413648085459946, -0.5215219840179618, -0.6513798484392033, 0.34464242062485106, 0.7085854228794535, 0.5128230162458083, 0.15064221350930268, -0.04644579050605947], [-0.4055582423809849, -0.6807365410359584, -0.05971387646644022, 0.14926271481088724, 0.05919987661198009, 0.5594770469716334, -0.44900618449281626, 0.7004649151062093, -0.3320722057602874, 0.42316435117674844, 0.5673925369048096, -0.13128040984081438, 0.7929547200693997, 0.16124173368249486]], "inverted": true, "swapped": true, "error_lsq": 0.04563241660059934, "error_max": 0.350377652668856, "target": "562.xyz", "model": "12.xyz", "model_rescale": 4.124412569039231, "target_rescale": 4.172809841861006},
{"mapping": [3, 4, 12, 1, 7, 0, 5, 9, 6, 8, 13, 14, 15], "R": [[-0.5482370695874443, 0.24278266807666113, -0.8003078730162222], [-0.36879408588309215, -0.9290522702902355, -0.0292027616196427], [-0.7506177707380942, 0.2791387739998458, 0.5988777062990713]], "T": [0.10542970655181064, 0.05974338042820125, -0.029971049434829825], "aligned_model": [[-0.18081853769783415, 0.013939869752530448, 0.5948280780304607, -0.5333063885523461, 0.3942675665753027, 0.2172463588908766, -0.5160115552920097, -0.06214884161845233, 0.08921887756036642, -0.10144819598464072, 0.8089161358790572, 0.5421533520812355, 0.10046158788521081], [-0.33513222997641, 0.44612428379549113, 0.5429768357968906, -0.25329535598193315, -0.10785486264675516, -0.5646780960992703, 0.4563844384603481, -0.5165969449618542, 0.7428040622599682, 0.1516822276195715, 0.1543113993508587, 0.5734112455717104, 0.057348373319861756], [0.5510381396427324, 0.6916958322978052, 0.16240410854784393, -0.04214615898634812, 0.6870187175556806, 0.10901401676683102, -0.17990746395440838, -0.4700138766863398, -0.05694211811142292, -0.5723763063733709, -0.26612946085557243, -0.5996602275108278, -0.06229712136476386]], "inverted": true, "swapped": true, "error_lsq": 0.04406972524717161, "error_max": 0.23673995227030603, "target": "562.xyz", "model": "13.xyz", "model_rescale": 3.9028299243045295, "target_rescale": 4.172809841861006},
{"mapping": [10, 9, 11, 14, 12, 1, 2, 13, 3, 7, 4, 3, 8, 4, 0, 15], "R": [[-0.9934536975728466, -0.014035972128646535, 0.11336993545575927], [0.11422248718577009, -0.10706811028079388, 0.9876687922486954], [-0.0017245868884329593, 0.994152609636621, 0.10797043369719617]], "T": [0.04731102347456376, 0.0810975733399618, -0.008599147440978849], "aligned_model": [[-0.011788200598636694, -0.514726064340431, 0.022158265082052334, 0.09584197644131487, 0.6051839477133829, -0.11258495769905816, 0.11380021701044002, 0.6273327149190088, -0.3888133410725422, -0.653981779166906, -0.0024959725166989466, -0.3888133410725422, 0.680309071310781, -0.0024959725166989466, 0.1310520549038315, -0.04451867064402654], [-0.6601399222326552, -0.21021223197088534, 0.09335869067981997, -0.5255053405923957, 0.18232615624456128, 0.5214011018612938, 0.8006540779545407, -0.4106196842743623, 0.23485891565444988, -0.4839969212253852, -0.26303325092215646, 0.23485891565444988, 0.41187421421891895, -0.26303325092215646, 0.3719375736617072, 0.02676405312204007], [0.04066401242676326, -0.4559227056333218, -0.7468902093432292, -0.6510384863640125, -0.4120478596278459, -0.458893310981875, 0.13270687990953006, -0.24192365925533482, 0.40954249542203597, 0.08878962507607292, 0.5731710071954633, 0.40954249542203597, 0.285352285353616, 0.5731710071954633, 0.7631624369312535, -0.04843007725519745]], "inverted": true, "swapped": false, "error_lsq": 0.049297392139830344, "error_max": 0.37269066081479074, "target": "562.xyz", "model": "14.xyz", "model_rescale": 3.942246331269136, "target_rescale": 4.172809841861006},
{"mapping": [0, 1, 9, 5, 6, 8, 13, 10, 7, 11, 14, 12, 2, 4, 15], "R": [[-0.20133655990239974, 0.8691615622431291, 0.4516876889685516], [0.16799958090402523, -0.42365666940288954, 0.8901073908728784], [0.9650076323339314, 0.25509450246827037, -0.0607212017974475]], "T": [-0.1238589577314755, -0.029397610139708676, -0.04620698552728077], "aligned_model": [[-0.6777869993548387, -0.3750428262481167, -0.2684801510720405, 0.24688844962847978, 0.4032672503187581, 0.29676560824935455, 0.13180193892475772, -0.32312463786138645, -0.7136400737491824, 0.24009571522279027, 0.6554854346093566, 0.12867932461669424, -0.3477564864017061, -0.31848522124353734, -0.10437328910717333], [0.22278386549751714, -0.5097409118615203, 0.1217541637239967, -0.6711893155693829, -0.24509575860857294, -0.08860901086553535, 0.6481648131650978, 0.6257456843448131, 0.07689980066932542, 0.4945234724609122, 0.37431974970179377, 0.21140455270675698, -0.7001235461962009, -0.43885224933566186, -0.023840619951688072], [-0.2726804293675697, -0.506969678963669, -0.7604382379852482, -0.1752188687606847, 0.3321769387088203, -0.4524380348733991, 0.14128629483650534, -0.28266974296508784, 0.4699808698878509, -0.3802720617907261, 0.0474017178715677, 0.5769079911178624, 0.10279389927624365, 0.6414929467879935, -0.07199112341994288]], "inverted": false, "swapped": true, "error_lsq": 0.04124183318307773, "error_max": 0.3121988766926129, "target": "562.xyz", "model": "15.xyz", "model_rescale": 4.355366556412066, "target_rescale": 4.172809841861006},
{"mapping": [7, 0, 3, 6, 4, 12, 5, 14, 1, 10, 8, 15], "R": [[0.7990656914603191, 0.6002194723156853, -0.03507999122181735], [0.5540017885795234, -0.7576962603928101, -0.344932450252858], [-0.2336151514387104, 0.2561893089881613, -0.937971747430826]], "T": [0.03547462363113325, 0.03163830116680439, -0.015060576068767696], "aligned_model": [[-0.2231633685895329, 0.474498750904039, 0.1839359666561797, -0.5295069615688445, -0.5963736891579099, -0.5924362269319263, -0.06999244211745159, -0.2590132243180735, 0.4762884519515, 0.42236324337765346, 0.25772956584252765, 0.05347848858361995], [-0.7128235025946698, -0.42619491348243793, -0.5935659000432036, 0.40571654226184123, -0.3538728902482869, 0.013946893809197468, 0.49035508041368164, 0.6761061690463492, 0.017409797062644485, -0.13732941287510522, 0.57460230202128, 0.05842626236969008], [0.05182603061855222, 0.12411038337445719, -0.41819258824038946, -0.10683967233142076, -0.37646410653512, 0.32471658274750553, -0.6019591309465617, 0.5113100657261047, -0.5732773810892289, 0.5736679613428681, -0.05038075973243607, -0.009258923724909376]], "inverted": true, "swapped": true, "error_lsq": 0.043903075491405597, "error_max": 0.24593440844157063, "target": "562.xyz", "model": "16.xyz", "model_rescale": 3.795458400668931, "target_rescale": 4.172809841861006},
{"mapping": [8, 9, 1, 14, 2, 0, 11, 6, 12, 7, 3, 4, 15], "R": [[0.37918341842572734, -0.42581694789796726, 0.8215228919962243], [-0.06088846423099126, 0.8744179203215098, 0.4813376107725194], [-0.9233160510435043, -0.23253650789384867, 0.30563743615919]], "T": [-0.09299951479815366, 0.054000047960055725, -0.06531904246925915], "aligned_model": [[0.08071222817062956, -0.10318884552163696, 0.45213414935101764, -0.447435530031226, 0.513410371334283, -0.3337441009443271, -0.5072832451763687, 0.07863361929733093, -0.43806856841392916, -0.348192541586203, 0.14420073896169144, 0.1490564672967958, -0.09160294183383498], [-0.30458609258797964, 0.2863843519550975, 0.387770868888346, -0.7492300842690129, 0.28749549528136736, 0.620760147670937, -0.28609893775361905, -0.5084963053280459, -0.29160031085474436, 0.5628965565623283, 0.7472691388875206, 0.17328367507101655, 0.037932761947274386], [-0.49740108455957366, -0.7722717587729861, -0.37765157404883243, -0.15655743157977353, 0.2508321466741522, -0.27158834782796487, -0.5462113907115601, 0.2835391585304796, 0.4557579960060234, 0.483763527865149, 0.13102374451782883, 0.7129122848039944, -0.09387224006064109]], "inverted": true, "swapped": true, "error_lsq": 0.05333166982875677, "error_max": 0.37213939164798676, "target": "562.xyz", "model": "17.xyz", "model_rescale": 3.7474275329858107, "target_rescale": 4.172809841861006},
{"mapping": [10, 12, 13, 7, 9, 1, 11, 6, 0, 8, 3, 4, 5, 15], "R": [[-0.22089587193800425, 0.2157442077966085, 0.9511358738702703], [0.4849635582216521, 0.8704129102303684, -0.08480396748557922], [-0.846176908783112, 0.4425333914028576, -0.2968986974301878]], "T": [0.02222068014509475, -0.009725558088839632, 0.052330291758665264], "aligned_model": [[0.411893015848587, 0.22770090999764286, 0.6374491721596418, -0.4030878407430849, 0.18927242737054706, -0.3894276828728513, 0.7113638083375903, 0.13439068721118358, -0.11427811412091875, 0.34568846139003495, -0.6662373351434916, -0.5490395542642068, -0.16550974288725762, 0.04466943559946011], [-0.5354353707732008, 0.49281781295777843, 0.033477659451525074, -0.05545156288474713, -0.6508276369948147, -0.3116665957253025, -0.20615814556407375, 0.6586936759315167, -0.6024073249764704, -0.009616775721070607, -0.2950374033531758, 0.49610484923900605, 0.3634886539803504, -0.017573594056087313], [-0.25850543153503625, -0.4116326110247596, -0.3710306019750264, -0.6129610737190347, 0.39140295132358954, 0.5478123983885745, 0.12340607793370909, 0.14286062751999618, -0.1753062498576229, 0.5430677608785566, -0.08930019562927463, -0.2579293165040972, 0.6780001243505486, 0.07491025851153212]], "inverted": false, "swapped": true, "error_lsq": 0.045351641033461516, "error_max": 0.30713148663070083, "target": "562.xyz", "model": "18.xyz", "model_rescale": 3.922800546911778, "target_rescale": 4.172809841861006},
{"mapping": [13, 10, 0, 12, 1, 14, 9, 4, 8, 7, 3, 2, 6, 5, 15], "R": [[-0.39276741923788344, 0.535807747801365, 0.7474247867051521], [-0.9188680800795708, -0.26189250136624886, -0.29511653484515843], [0.037619221099019884, -0.8026969385292052, 0.5951994783933744]], "T": [0.04337725686551789, 0.026233183178720795, -0.020940018754283304], "aligned_model": [[-0.3805270826914583, -0.09274353883215478, 0.37310394264272534, -0.08982379404208898, 0.3112786176523755, -0.7676764715111911, -0.09078905127080897, 0.5654239626736243, -0.4226140728045728, 0.6727368325495584, 0.7819751760352806, 0.5335271146515961, -0.2325741650881775, -0.08194236306198913, 0.016695729984899335], [0.4540330790422856, -0.02951693764587114, -0.20591268703471294, 0.7273590110131984, -0.5960813194366172, 0.3744992076632211, -0.6211778252881732, 0.5100719802141483, -0.2979635808733683, 0.4379599391928622, -0.14509526312769533, -0.0790613693011512, 0.40695933771666304, -0.22570059066367576, 0.007238523563465486], [-0.4646735218157618, -0.7303039847459566, -0.5299690948838987, 0.005773149962745697, 0.19603648619020625, -0.015407954175069679, -0.3626223539283719, 0.3935849338751118, 0.13138601246093395, -0.26584491725724385, -0.04452306574384063, 0.49951249824037813, 0.47550789649877745, 0.6767838992080014, -0.022580816722682525]], "inverted": true, "swapped": true, "error_lsq": 0.049055596420073205, "error_max": 0.39170966742831775, "target": "562.xyz", "model": "19.xyz", "model_rescale": 3.9282355846067225, "target_rescale": 4.172809841861006},
{"mapping": [1, 2, 6, 3, 0, 4, 7, 12, 10, 11, 8, 9, 14, 15], "R": [[-0.5349734040658852, -0.7482112898458173, -0.39240708797041046], [-0.3909293865731769, 0.6309654665362059, -0.6701170007933448], [0.7489844268445631, -0.20509131084959797, -0.6300475240474444]], "T": [-0.014557386395418283, -0.1309767723165759, 0.05049914565155432], "aligned_model": [[-0.5688934310446027, -0.15586560095241203, 0.5970888311166171, -0.5179057141555142, -0.5372406119023893, 0.26521420138703755, -0.07341945524581327, 0.6224214694518719, -0.23952983864456973, 0.08318276849892747, 0.0034221461280253447, -0.5882237831932957, 0.6597415546648371, -0.01746971702404313], [-0.57685758349345, -0.6555874561773064, -0.43603355198271243, -0.18321985295397875, 0.24336149148337638, -0.3276440756151217, 0.24981348617834032, 0.12032922610824903, 0.501081021109779, 0.17924647074074834, -0.3938129936644238, -0.06898789818537192, 0.00785518643857619, -0.1366613825618685], [0.05570825322402394, -0.4259672930339197, 0.03071555726188896, -0.5146093433022165, -0.041125647636123225, -0.6988429066831244, -0.6402430944929841, -0.1523228752474482, 0.32385701500740505, 0.6929664067052054, 0.5759023604239307, 0.5205551795049199, 0.602925252181408, 0.08266429333071743]], "inverted": true, "swapped": true, "error_lsq": 0.04680594342387229, "error_max": 0.2951048311002551, "target": "562.xyz", "model": "20.xyz", "model_rescale": 4.067790424073018, "target_rescale": 4.172809841861006},
{"mapping": [6, 1, 14, 12, 11, 9, 13, 5, 8, 2, 3, 7, 4, 0, 15], "R": [[-0.5190950789661866, -0.3302839715723602, 0.7883227747030253], [0.8064550081638258, 0.1162745765533574, 0.5797504141049157], [-0.2831441661072541, 0.9366924366993288, 0.20600160249304358]], "T": [0.017585889064802282, 0.03685430260859408, 0.03697816786970394], "aligned_model": [[0.32838169226108704, 0.13186040582208214, -0.36295437495049065, 0.18656634713883602, -0.652299503572469, -0.5234959619050124, -0.41924359991999993, 0.3557579760474313, -0.267895937970965, 0.6567647141971966, 0.3991179115479826, 0.36650567661780853, 0.795604265759175, -0.21991546273834994, -0.0063101944267973074], [-0.23133288897643906, 0.7325529018679803, -0.4349250721826292, -0.6402974850077171, -0.0935488383630756, 0.5267076626375541, -0.5673667372151336, 0.44871216655787877, 0.30204722016527097, 0.37058083613499854, 0.3238054725804634, -0.30773386893696747, -0.2088930330503373, 0.17106406848614786, 0.04952273522985285], [-0.509870735916282, 0.13221511859351426, -0.6046925474097771, -0.11449658619677543, -0.19281382827786858, 0.18245169299536967, -0.02388228170909469, -0.4940651813277352, -0.4030531081157903, 0.08474508778871188, 0.6264939222755168, 0.6575462788121861, 0.14993538745560134, 0.6263022207904302, 0.01843413386313427]], "inverted": true, "swapped": true, "error_lsq": 0.038828920355840894, "error_max": 0.23209256577761536, "target": "562.xyz", "model": "21.xyz", "model_rescale": 4.186013935880536, "target_rescale": 4.172809841861006},
{"mapping": [2, 5, 1, 7, 12, 3, 4, 6, 9, 8, 14, 10, 15], "R": [[0.03067899728879081, 0.9703225312732882, 0.23986034359341912], [0.902871413825558, 0.0760500612942166, -0.42313071062472424], [-0.428814656025179, 0.2295442734649345, -0.8737433360532503]], "T": [0.03855148911961576, 0.022262571033005732, 0.08410597786382004], "aligned_model": [[0.08206491612650005, -0.40162689704773524, 0.30460244861644353, 0.48113037553901966, -0.31750255078330036, 0.6215371105189006, -0.03677948010151633, -0.6007200004862494, 0.3919133193269728, -0.26389454715128413, -0.645235525460598, 0.41511837642939187, 0.027966489896680265], [-0.3554600089513947, 0.08918329123588749, 0.24389843064267747, -0.6043678071635303, -0.40933515828929884, -0.31241566361790046, -0.7729366760959476, -0.21822372607663953, 0.6712643549325629, 0.5083428684479043, 0.2794119363105017, 0.34629704780094034, 0.05329777037033076], [-0.5304156918564367, -0.5223253082655498, -0.5373598020956647, 0.2765874181402677, 0.5279330393585197, -0.26739754603548316, -0.11700862467895315, 0.05154176336054753, -0.004327792500052455, -0.04896175129839889, 0.5795224698090989, 0.6113945331049868, 0.08369685429246373]], "inverted": true, "swapped": true, "error_lsq": 0.03779831686081973, "error_max": 0.26412868042137194, "target": "562.xyz", "model": "22.xyz", "model_rescale": 4.166573947596378, "target_rescale": 4.172809841861006},
{"mapping": [3, 2, 1, 4, 0, 6, 5, 8, 12, 11, 9, 14, 7, 10, 13, 15], "R": [[0.94478966301513, 0.24704666945503378, -0.21526828788962948], [0.27436539570536056, -0.9555985377880118, 0.10749448458806912], [-0.17915390673719078, -0.1606218468596006, -0.9706206777172086]], "T": [-0.045161317024308534, -0.06950720813929598, 0.03766189655075289], "aligned_model": [[-0.18610639835090753, -0.3414798298224968, 0.0762614052682962, 0.28082867980803516, 0.6133156384512313, -0.4554782416873447, 0.2711252345554243, 0.5642527108607975, -0.6446166321964608, -0.710727422965131, -0.09209799712540398, -0.2704482080321468, 0.5891561923695241, 0.34956583884548337, 0.14111004438769634, -0.029201066613326138], [-0.5887453823745885, -0.08693178401891696, 0.32293485709129777, -0.3877000634577559, 0.11039049566093276, 0.47119140965897854, 0.696878798466738, -0.6011085432258716, 0.0979433243952326, -0.49072098685903065, -0.5369818215960034, 0.12089894355340927, 0.2320784872637626, 0.13489428783784785, 0.5846904133505227, -0.018219338834769963], [-0.23057839587881981, -0.5662428660712825, -0.5448712002049086, -0.5388251736894459, -0.4104459901384725, -0.30642044535735435, -0.022978744685983765, 0.027981846333559685, 0.24258871152374598, 0.07882059752413062, 0.41144472135237964, 0.7718070302660442, 0.17211268031520097, 0.6404485370507969, 0.5417864752518181, -0.005671847119990303]], "inverted": true, "swapped": false, "error_lsq": 0.0468121172478415, "error_max": 0.29841175960063465, "target": "562.xyz", "model": "23.xyz", "model_rescale": 4.274766983524099, "target_rescale": 4.172809841861006},
{"mapping": [10, 12, 14, 8, 6, 5, 1, 2, 3, 4, 15], "R": [[-0.4744738118364023, 0.8640692088548989, 0.16810414685635586], [-0.8647343324707828, -0.4218026175058332, -0.27261160303908094], [-0.1646485230050486, -0.2747124936621862, 0.9473246062982631]], "T": [0.035028909200086625, 0.02749632004890707, -0.093213237039241], "aligned_model": [[0.35430468344037463, 0.027702049030219632, -0.5411533269286773, -0.4711290443506365, -0.42140063584641696, -0.5289935438181665, 0.010374414773001092, 0.07983520681163021, 0.5944188183958931, 0.26362219574624607, 0.012313886704607941], [-0.11717765513922021, 0.7342984485913637, 0.4446005561784612, -0.22809897615954966, 0.49895438709442896, -0.10916304226288973, -0.5787367507326653, -0.04560820734662307, -0.21130233608304053, 0.5168742772207012, 0.010945829882516672], [-0.7272215998604971, -0.19524562410472246, -0.6158661475208965, -0.24790600205680588, 0.09904046516950027, 0.3855321967997596, 0.278268798556077, 0.6243191817993431, 0.3601019007407238, 0.5286533123864168, -0.11011004788732107]], "inverted": true, "swapped": true, "error_lsq": 0.04207409834421281, "error_max": 0.22515455360334413, "target": "562.xyz", "model": "24.xyz", "model_rescale": 3.7841303162186577, "target_rescale": 4.172809841861006},
{"mapping": [9, 12, 13, 14, 11, 3, 6, 10, 4, 2, 8, 1, 7, 0, 1, 15], "R": [[0.5821396430112813, 0.7323183699175478, -0.3533033273491829], [0.8123352485719592, -0.5425285489291641, 0.2139491003120821], [-0.03499828513272782, -0.4115489991217589, -0.910715400857835]], "T": [0.03907442078969678, -0.037010381608784094, 0.011071043113324238], "aligned_model": [[-0.11840621369041557, -0.4088155814528055, 0.08353492101626428, 0.14213558544055782, 0.5325054055535254, -0.2732574705350599, 0.08415694537459797, 0.6794337972974749, -0.5091102273427656, -0.6558475525966257, -0.17653857208324256, -0.14012587397043463, 0.62515685511006, 0.39314796008941966, -0.14012587397043463, 0.03761584351315505], [-0.5838456785538916, -0.26852030523453463, 0.07329087117694394, -0.5725761706185974, 0.36104270983695674, 0.5595592805498283, 0.6829895374165819, -0.4715834432497031, 0.4241900845990838, -0.3041343508028293, -0.2805345394009862, 0.13724560175632058, 0.17055531589088715, -0.03517395326189888, 0.13724560175632058, 0.03174253505130268], [-0.1242497472509842, -0.5554707537403115, -0.7621410201814377, -0.564990276794258, -0.42194993654952423, -0.43114532416248225, 0.05099766109616047, -0.0685607865266292, 0.2196185541986618, 0.13157525015233182, 0.5046951972172695, 0.711469858376847, 0.20141132130701456, 0.6560194950459477, 0.711469858376847, 0.002206585905965291]], "inverted": false, "swapped": false, "error_lsq": 0.045156836559920394, "error_max": 0.4176682593367838, "target": "562.xyz", "model": "25.xyz", "model_rescale": 4.19342608120988, "target_rescale": 4.172809841861006},
{"mapping": [7, 0, 3, 6, 4, 12, 5, 14, 1, 10, 8, 15], "R": [[0.7990656914603191, 0.6002194723156853, -0.03507999122181735], [0.5540017885795234, -0.7576962603928101, -0.344932450252858], [-0.2336151514387104, 0.2561893089881613, -0.937971747430826]], "T": [0.03547462363113325, 0.03163830116680439, -0.015060576068767696], "aligned_model": [[-0.2231633685895329, 0.474498750904039, 0.1839359666561797, -0.5295069615688445, -0.5963736891579099, -0.5924362269319263, -0.06999244211745159, -0.2590132243180735, 0.4762884519515, 0.42236324337765346, 0.25772956584252765, 0.05347848858361995], [-0.7128235025946698, -0.42619491348243793, -0.5935659000432036, 0.40571654226184123, -0.3538728902482869, 0.013946893809197468, 0.49035508041368164, 0.6761061690463492, 0.017409797062644485, -0.13732941287510522, 0.57460230202128, 0.05842626236969008], [0.05182603061855222, 0.12411038337445719, -0.41819258824038946, -0.10683967233142076, -0.37646410653512, 0.32471658274750553, -0.6019591309465617, 0.5113100657261047, -0.5732773810892289, 0.5736679613428681, -0.05038075973243607, -0.009258923724909376]], "inverted": true, "swapped": true, "error_lsq": 0.043903075491405597, "error_max": 0.24593440844157063, "target": "562.xyz", "model": "26.xyz", "model_rescale": 3.795458400668931, "target_rescale": 4.172809841861006},
