[{"mapping": [2, 0, 12, 11, 7, 9, 3, 1, 5, 8, 6, 4, 13], "R": [[-0.6433108431076789, -0.27744906980119205, 0.7135637132075457], [-0.07677506426208164, 0.9507060872402908, 0.3004388876157844], [-0.7617458556813032, 0.1384916941578445, -0.6329007046935953]], "T": [-0.18751379228666082, -0.05126313483965854, -0.050795449358688224], "aligned_model": [[0.5234552318781209, 0.11653341798052841, -0.44184702683287885, -0.5782121677136756, 0.19534408479843235, 0.15761880577469722, 0.002721263909485072, -0.49370533662675786, -0.714479034748005, -0.07210251105474753, 0.14271013694154777, 0.6029589801750268, -0.1443247006905902], [-0.32877429417418097, -0.6392070681700832, -0.17400254356013756, 0.5254539227719998, 0.5466748099224331, 0.06990651825377986, -0.3372080893157899, -0.538211965439737, 0.046949483096989944, 0.6807776548432214, 0.1508637766363337, 0.4382625030308161, 0.09109947044472087], [0.04284668075746716, -0.44739305370006016, -0.5561363751957032, -0.09338718261437526, -0.31018809120315266, -0.6855746051986223, 0.34321776387333625, -0.09739682245878302, 0.48311762910753936, 0.19694564539059628, 0.6084792675916229, 0.17038699224850268, -0.11718410229839946]], "inverted": false, "swapped": false, "error_lsq": 0.04712763484493015, "error_max": 0.31485253964422766, "target": "563.xyz", "model": "0.xyz", "model_rescale": 3.8414455957264533, "target_rescale": 3.799216222129064},
{"mapping": [3, 1, 11, 13, 8, 12, 4, 0, 7, 9, 2, 6, 14], "R": [[0.5931778436755372, -0.450718680155091, -0.6670777444433991], [0.8031290197917061, 0.27376471167750804, 0.5291849017201307], [-0.055891174087269346, -0.8496502539276873, 0.5243764131420892]], "T": [0.01367237158840872, 0.07278353091512418, 0.00805649164462214], "aligned_model": [[0.41097927083001684, 0.04735376558027326, -0.29073852547833945, -0.5843097819775523, 0.05896107915329384, 0.11229081441558489, -0.0191049722841797, -0.5852461192782111, -0.4351451912114109, -0.29815925051922565, 0.2741587422320796, 0.5573655619319524, 0.04826575039690212], [-0.6015663305171646, -0.699322354392899, -0.1958765094626061, 0.3806987859150545, 0.7416206765693698, 0.21554166359034438, -0.3410473955450942, -0.33341085501179274, 0.10525158332144474, 0.6203453408948618, 0.08620586495799883, 0.5438981606494041, 0.010245547371444896], [0.03591998462966323, -0.38080846787245787, -0.7412239569066714, -0.3418757023505472, -0.41016378890231037, -0.7350343925387999, 0.3594634421762332, 0.05071949255492208, 0.4668196364486616, 0.2696798539402639, 0.6983980152951701, 0.31215498589941787, -0.04631535607357703]], "inverted": false, "swapped": false, "error_lsq": 0.04405320894337453, "error_max": 0.3198628073231622, "target": "563.xyz", "model": "1.xyz", "model_rescale": 4.316132596720782, "target_rescale": 3.799216222129064},
{"mapping": [4, 3, 9, 0, 11, 5, 10, 1, 8, 2, 6, 12], "R": [[0.9720514044190994, 0.10312288172618167, -0.2109069425868777], [-0.16945178311036102, 0.929959252028289, -0.32628497171599075], [0.16248741602836736, 0.35290432248907594, 0.9214425531746137]], "T": [-0.026624878170337155, 0.0775936449129453, -0.05609605204995399], "aligned_model": [[-0.28829779647214776, 0.39619759918457864, 0.1570826979745687, -0.5877254563816672, -0.6424205978677544, -0.38976947762208963, -0.02960553402438457, -0.05845008889360702, 0.6760822668088032, 0.2625653530486645, 0.07959698954555214, 0.02255259933126386], [-0.6746845007466534, -0.37601074072437535, -0.4778875920163471, 0.4976838977710992, -0.21299850162110356, -0.1769983832004156, 0.21525173520616114, 0.610076676432681, 0.050331702260511244, -0.042365884806632725, 0.6130751196640514, -0.012697100477996201], [0.0031287455607112435, 0.19949096732350097, -0.4830141462640194, 0.06816442932010515, -0.48394627321220823, 0.4421871530554488, -0.761512630630351, 0.5496380580006841, -0.4796552419560724, 0.7210975033887723, -0.21767213277392083, -0.10864797060322999]], "inverted": true, "swapped": true, "error_lsq": 0.04802810572467834, "error_max": 0.3559835177017817, "target": "563.xyz", "model": "2.xyz", "model_rescale": 3.795458400668931, "target_rescale": 3.799216222129064},
{"mapping": [11, 0, 10, 7, 4, 3, 6, 5, 1, 2, 9, 12], "R": [[0.09456018894886042, 0.11844270311018296, 0.9884481254703803], [0.6492412829832634, -0.7600308819373787, 0.028962302597274114], [0.7546814739585181, 0.6390026483367992, -0.14876655633022845]], "T": [-0.028677595529669038, -0.027064740091406237, 0.08729130713723224], "aligned_model": [[-0.31219978430416767, 0.05420115788301213, -0.7426230458488401, 0.09481401303130815, 0.2277669759608803, 0.2782037527847163, -0.31846001403626245, 0.549678602274344, 0.43935557517052487, 0.7208401860296639, -0.33421831738477836, -0.06405527581683595], [-0.06535626171403726, -0.6977775173553038, -0.04647261854104913, 0.1507912335839763, 0.4434246273475319, 0.5440816688000604, -0.3894707144581066, -0.08298886480480501, -0.566834256654428, 0.12440040733334591, 0.590402214015961, 0.08156912773656344], [-0.664275658354105, -0.13637323921185818, 0.006815151095778085, 0.7247204063106166, -0.5049743749190477, 0.25897743984832944, 0.4171676241298, -0.24035767289580015, 0.4628690688411323, 0.42982963413218955, -0.1361955272726079, 0.07056857893467325]], "inverted": true, "swapped": true, "error_lsq": 0.051951702017908385, "error_max": 0.2483802208000264, "target": "563.xyz", "model": "3.xyz", "model_rescale": 3.7530521520055578, "target_rescale": 3.799216222129064},
{"mapping": [8, 9, 10, 11, 6, 4, 7, 3, 2, 5, 12], "R": [[-0.9214049696793496, 0.3425739694459006, -0.18345560037315842], [-0.36664648802209665, -0.6099285422009091, 0.7025364945892394], [0.12877590873785114, 0.7145839690804385, 0.687594732718327]], "T": [0.10049564874026523, -0.09232681409139676, 0.09940440620598734], "aligned_model": [[-0.4076383163704533, -0.26291759234795725, 0.31610988727007217, 0.5357680941444897, 0.3314439709526115, -0.09837065158803057, -0.36760923232424003, -0.539965562450486, -0.3550189949468306, 0.1641769930775626, 0.022221007028466952], [-0.6288575046972792, 0.05228123108992688, -0.4545041006077108, 0.31111556046738054, -0.6060030731690912, 0.6306295922466304, -0.4674780986221385, 0.09603295402728212, 0.12117863940346052, 0.48631734603913646, -0.07350918786325136], [-0.2581954036578889, -0.5101743555233664, -0.4827547616712007, -0.44325213752652637, 0.18265041615263145, -0.1757118063119154, 0.4049172787146729, 0.1641388268222219, 0.7694588308112607, 0.4251234196365596, 0.0166304697988678]], "inverted": true, "swapped": true, "error_lsq": 0.05198755755781184, "error_max": 0.279516542642206, "target": "563.xyz", "model": "4.xyz", "model_rescale": 3.7855080009869324, "target_rescale": 3.799216222129064},
{"mapping": [3, 5, 4, 6, 12, 1, 10, 7, 8, 13, 15, 14, 16], "R": [[-0.5602609218158702, 0.6894947046314542, 0.45902587265993544], [-0.16541029401532434, 0.4498751077024766, -0.8776399159697839], [-0.8116323885354721, -0.5676349529009546, -0.13799792072830522]], "T": [0.01298968657216814, 0.07174857489959485, -0.0700683810391324], "aligned_model": [[0.5051291080770746, -0.008317392289602106, -0.36807086798942246, -0.6007428738256879, 0.22136883345345887, 0.15903297659514465, -0.06482078765265181, -0.5606401147961615, -0.4218435439524622, -0.26808891288677417, 0.1099209390703903, 0.5327055235599263, 0.061038256427951285], [-0.4175858094900815, -0.7049371471157041, -0.1533585202876127, 0.22650036495000497, 0.6928707604892467, 0.2604518623853538, -0.46686492844256433, -0.40914795655915986, 0.11574774560340412, 0.6840476391086996, 0.2010622688434067, 0.41857160338210325, 0.08522629547326967], [-0.09776775745869637, -0.29680290030617207, -0.6626225417020531, -0.22963434185361273, -0.2540537737297277, -0.7885155716667397, 0.41449874350882854, -0.10257759341006342, 0.48156012490713473, 0.19630037795908892, 0.7381397651296551, 0.18936684060820771, -0.05015762568588106]], "inverted": true, "swapped": false, "error_lsq": 0.03803674822045131, "error_max": 0.24486066746312785, "target": "563.xyz", "model": "5.xyz", "model_rescale": 4.2253639853439635, "target_rescale": 3.799216222129064},
{"mapping": [9, 8, 10, 2, 4, 1, 11, 5, 6, 3, 7, 0, 13], "R": [[-0.6849229167805334, -0.3823236552264541, 0.6202493214209348], [-0.13320455218554766, 0.9026287820439572, 0.4092894197299636], [-0.7163359165544432, 0.19771167006559323, -0.6691583894519891]], "T": [-0.011828595282134029, -0.01055003173114006, -0.025296934519228702], "aligned_model": [[0.5350015382860349, 0.07300744224819417, -0.39318484147071503, -0.6009430219976886, -0.04683235383373701, 0.352945910476538, -0.26169257845196886, -0.5625095193115925, -0.41583385046661653, -0.17397905132363073, 0.1591226347668061, 0.662195143004849, -0.03062630813528888], [-0.2769515178056254, -0.6448075292178225, -0.11571695942207388, 0.2735877292742027, 0.6019135813455471, 0.1363621467459771, -0.5800292896624548, -0.31076407866266215, 0.0923438284397847, 0.6021176590761241, 0.3220500901958074, 0.3904329505475828, 0.04204556748597849], [-0.07632124955145117, -0.39460053484932966, -0.6976211161475139, -0.17490153686724053, -0.37824788259960584, -0.6450244179519798, 0.4424798856778523, -0.11110667980345801, 0.46450973698041165, 0.29306607046842853, 0.6743773124456327, 0.14193732475530363, -0.0008131662570810654]], "inverted": true, "swapped": false, "error_lsq": 0.04356130040566021, "error_max": 0.31872371833669905, "target": "563.xyz", "model": "6.xyz", "model_rescale": 3.89814844738969, "target_rescale": 3.799216222129064},
{"mapping": [9, 5, 1, 0, 3, 6, 10, 2, 4, 7, 11, 8, 12], "R": [[-0.8346078630478333, 0.06165277941249373, 0.5473834576687936], [0.02510221941129703, -0.9884275567892229, 0.1496022846092762], [0.5502722903430234, 0.1385997827213382, 0.8234017893533154]], "T": [-0.09658455188176374, 0.12046799501654853, 0.015394280956646016], "aligned_model": [[0.5987985193423783, 0.08617961357549817, -0.454899118150973, -0.4545505635010264, 0.08429576660403643, 0.2774954594223319, -0.11033923206891877, -0.6305821199368472, -0.5254815156958097, -0.25372734885349624, 0.3072121302925471, 0.5232378630144583, -0.15096831025299537], [-0.4401838232629734, -0.48784931194285625, -0.2495845882755629, 0.336901291779708, 0.7831504950562536, 0.15201455720444623, -0.5492573476456333, -0.34446280958896447, 0.08247011157133152, 0.7204980606241906, 0.15780548377069345, 0.3829184551450889, -0.011836396095355695], [0.00779152163124993, -0.4308387499848074, -0.6550297410115291, -0.40416185360217194, -0.4094776423279048, -0.547139994074335, 0.3156981890582534, 0.030684433378817037, 0.49508099504100606, 0.23113658388480557, 0.7160329329175286, 0.08341414779911349, 0.1045429235899426]], "inverted": false, "swapped": false, "error_lsq": 0.038397534873538246, "error_max": 0.23032274087717824, "target": "563.xyz", "model": "7.xyz", "model_rescale": 3.7474275329858107, "target_rescale": 3.799216222129064},
{"mapping": [11, 10, 6, 3, 8, 5, 12, 0, 1, 2, 13, 4, 14], "R": [[0.3995459677048361, 0.03715380824386072, 0.9159599413859674], [0.6135381196083699, -0.7532373474647958, -0.23707482821173637], [0.6811270039267507, 0.656698631730855, -0.3237482225504739]], "T": [0.0071079141440988786, -0.02491671093878628, -0.04337676234852555], "aligned_model": [[0.5008804336537442, -0.10675767522180597, -0.4057298874230722, -0.43498201142202847, 0.21635323104009635, 0.07654607152508734, 0.11904253793334589, -0.620161563809473, -0.5689717134694123, -0.3186423394776758, 0.49814081472104293, 0.33291988512669834, 0.008033360614636456], [-0.4009531226174546, -0.7492064842611024, -0.24066682051233307, 0.3553035951790563, 0.5945610852908507, 0.1888404798013811, -0.42492314132435116, -0.20140317086463402, 0.06921883446704304, 0.6844254772322134, 0.053154452990759576, 0.595032087981548, 0.009200904977388999], [-0.07894741962098903, -0.2375475930809645, -0.7141635676853122, -0.4606579067981667, -0.23747460672627876, -0.7234559266583082, 0.4128119205960577, -0.1413500705383444, 0.4299862925994478, 0.27175801547831774, 0.7055580896955275, 0.3055299474281632, 0.005686571610818356]], "inverted": false, "swapped": false, "error_lsq": 0.05418366948733418, "error_max": 0.36389873782291865, "target": "563.xyz", "model": "8.xyz", "model_rescale": 4.019505241142653, "target_rescale": 3.799216222129064},
{"mapping": [1, 10, 6, 5, 3, 2, 9, 11, 8, 4, 7, 0, 12], "R": [[-0.8321243403401967, -0.23367531426804944, -0.5029561906519503], [0.49643330918474105, -0.7181351555794068, -0.48768418864345875], [-0.24723076617864514, -0.6554980898695814, 0.7135819521484904]], "T": [-0.04363764100569108, -0.016351650421010652, -0.08640558412210342], "aligned_model": [[0.5168254931043504, 0.07740410204813339, -0.3091743004521901, -0.5343787108944962, -0.0026609099840514544, 0.24876839965015513, -0.15398164056902242, -0.6245001744092535, -0.37751923694737083, -0.0950221038793028, 0.20806093810110377, 0.4230792465524519, -0.08022995852932369], [-0.39154230355530806, -0.8547314756231527, -0.2522107786129238, 0.3818407963165384, 0.7885795212753914, 0.23243509239266125, -0.5044599543445405, -0.2195094080421161, -0.0036068628223719784, 0.717300968416523, 0.2674989345427686, 0.3727111169457828, -0.0017214685488866378], [-0.04874457942539542, -0.4337496834678476, -0.7203792366546372, -0.31254867339858894, -0.3845121491085262, -0.536490049755826, 0.3793352739005799, 0.00619661239260616, 0.5005335793919734, 0.29661940604321185, 0.7355802191415765, 0.14479041062698814, -0.08889738338614632]], "inverted": false, "swapped": false, "error_lsq": 0.04493705764051321, "error_max": 0.2651821674935114, "target": "563.xyz", "model": "9.xyz", "model_rescale": 3.877068213659057, "target_rescale": 3.799216222129064},
{"mapping": [2, 13, 6, 12, 11, 10, 4, 3, 5, 0, 1, 8, 15], "R": [[-0.9074252693148342, 0.40716757641072354, 0.10389391381942703], [0.20166718975996092, 0.6388757093047241, -0.7424070127865886], [-0.36865936199047056, -0.6527268898859643, -0.6618443034706697]], "T": [0.037996548751184696, -0.04126073292487209, -0.09980389590109567], "aligned_model": [[0.5697837747478768, 0.056248229615021954, -0.3792818844865379, -0.5547014491976994, 0.09547856418616013, 0.1259028188564904, 0.009152997511291373, -0.4904862171168572, -0.5285129953503853, -0.164086650328832, -0.04920004486592249, 0.5947843927978191, 0.011589607422758042], [-0.4341495875763072, -0.7281382572741922, -0.15313829652568134, 0.39589068480640605, 0.6594845991638075, 0.21988472039017348, -0.5074139209870905, -0.36444840785347116, 0.11811885624523599, 0.6675923244727109, 0.20311609009013998, 0.41661284103686513, 0.039172532351769526], [-0.04327025894988193, -0.454070234484181, -0.5398796791955941, -0.2255136286843944, -0.3240962803486372, -0.7534753113300792, 0.3900531593265215, 0.038098372691323934, 0.41464777844774797, 0.20095474371126126, 0.7281957011024882, 0.17526341003965834, -0.06917402602626506]], "inverted": false, "swapped": false, "error_lsq": 0.03663598858674276, "error_max": 0.20969337094603277, "target": "563.xyz", "model": "10.xyz", "model_rescale": 4.260839863003843, "target_rescale": 3.799216222129064},
{"mapping": [11, 9, 3, 4, 2, 5, 0, 10, 8, 7, 6, 12], "R": [[-0.3494299011532518, 0.020203282135592082, -0.9367446672231331], [-0.5202693630078907, 0.8272914699054161, 0.21191652539879868], [0.779242282024912, 0.5614095218400609, -0.27856922782662474]], "T": [0.025356001763118825, 0.13001269808567845, -0.027884919755065726], "aligned_model": [[0.3906355669454777, 0.17621920567853025, -0.44116950716308967, -0.2806747642208475, -0.7705825395897872, -0.47630674983639676, 0.1516583775141736, 0.7224926887737352, 0.30313467464866833, -0.21171456211909664, 0.36340581893347984, 0.031800439529283006], [0.01504428881604375, -0.5652664666468421, -0.3213298776956746, -0.31749951315608305, 0.2139009324824351, 0.29885608910562717, 0.7722080121629362, -0.044138130206293064, -0.3888776413494321, 0.057687939598376314, 0.43769694206973764, 0.014795930352102388], [-0.7350320613767458, -0.16350982187163193, 0.14094736183338485, -0.6143835918101952, 0.2200983533448223, -0.43384507339880507, -0.3078549808378303, -0.012292867367684715, 0.5444216038900044, 0.598026781909243, 0.31150136747503515, -0.03189899439409197]], "inverted": true, "swapped": true, "error_lsq": 0.04504308583443539, "error_max": 0.2350067563267705, "target": "563.xyz", "model": "11.xyz", "model_rescale": 3.890672605050136, "target_rescale": 3.799216222129064},
{"mapping": [3, 7, 5, 9, 6, 8, 4, 12, 10, 11, 2, 1, 13], "R": [[0.5555219985582583, -0.44729729430223114, -0.7009425366089164], [-0.6095083750482637, 0.3543487435639766, -0.7091801665872056], [0.5655924768451785, 0.8211955299711114, -0.07578292480236981]], "T": [0.009488983435131111, 0.16708648382638006, -0.07004879028322496], "aligned_model": [[0.6171341410901713, -0.13434464990293193, -0.439626926026009, -0.6453985694574258, 0.13908371689898824, 0.38400059416284965, 0.17996982716177234, -0.5544719717956419, -0.5747368444463179, -0.2339208682843047, -0.021141306803284084, 0.6026843731761274, -0.022560371982810114], [-0.5238709525469302, -0.6191742632715344, -0.10708384004701185, 0.46708349755732315, 0.6586514628487442, 0.0023770421614654758, -0.28606611033253593, -0.31670129551127213, -0.04676718034125271, 0.5205681324646986, 0.19417370144869772, 0.5863179653649122, 0.0030760185450614264], [-0.15010089519521358, -0.36681484927616737, -0.6428469355413184, -0.3649123194629394, -0.34139252136749354, -0.6631785392376126, 0.4365536693973797, -0.015007239761731093, 0.5722029491467862, 0.2742832181869589, 0.6398048577514103, 0.20863110649311833, -0.04948875483320895]], "inverted": false, "swapped": false, "error_lsq": 0.04422294280027843, "error_max": 0.25166528021790485, "target": "563.xyz", "model": "12.xyz", "model_rescale": 4.124412569039231, "target_rescale": 3.799216222129064},
{"mapping": [4, 5, 7, 9, 11, 10, 0, 3, 6, 8, 1, 2, 12], "R": [[0.8278640298789137, 0.09571019670922998, 0.5527030905273878], [0.2145246628366651, 0.8564053855270664, -0.46962643098004214], [-0.5182859414140621, 0.5073552738329599, 0.6884550159933635]], "T": [-0.14904133951010926, -0.07210866317543807, -0.031078067457158028], "aligned_model": [[0.5991562538926488, 0.09041663288778826, -0.31659053133006326, -0.6448664325757093, 0.16188559171480624, 0.2683273513770791, -0.07935056509140012, -0.7458696064536815, -0.5198670171635811, -0.13170959448919872, 0.12571584533440247, 0.5432207317741842, -0.053797516086090874], [-0.3068131547962363, -0.6614704695971347, -0.1766615992177535, 0.2732495650988328, 0.8104603410374333, 0.20276024111960256, -0.5880162010666407, -0.37721670311955147, 0.22302443791793303, 0.6196645863910641, 0.10841869555751227, 0.42472660758776254, -0.019542168572457698], [0.027149233604034588, -0.4422452106710276, -0.6261189285763387, -0.2397079868123117, -0.3701197427394932, -0.5740883193090633, 0.22533956396077603, 0.21276302732491598, 0.44114813280700893, 0.15877846442198074, 0.7137592711839419, 0.09668519813885695, -0.08560895703331214]], "inverted": false, "swapped": false, "error_lsq": 0.04272330701877322, "error_max": 0.2953495285755105, "target": "563.xyz", "model": "13.xyz", "model_rescale": 3.9028299243045295, "target_rescale": 3.799216222129064},
{"mapping": [1, 2, 0, 4, 7, 3, 12, 5, 13, 10, 14, 9, 15], "R": [[-0.7261401413110884, 0.6525540172276254, -0.21654964737168472], [-0.4656396036553266, -0.23501464119291832, 0.8531986157587661], [0.5058658465289223, 0.7203758553873474, 0.474508558711563]], "T": [-0.02303558520913556, -0.0724205693006076, -0.07808118584286648], "aligned_model": [[0.5305341585299636, 0.10655075822788135, -0.45756789758804933, -0.47951606808534014, 0.1909890140602977, 0.0712481356370834, -0.11674784584021569, -0.5135510225267279, -0.45600697877390034, -0.28506649817395385, 0.12371508609668189, 0.5369417425956348, 0.04514855963182824], [-0.4045193698398819, -0.676133718382711, -0.24786849410566747, 0.31781419355556395, 0.7961993611434255, 0.1065279196739246, -0.5255278221005324, -0.11462571098070021, -0.03100417703762455, 0.5716137105948991, 0.3040441597422894, 0.4181616292617142, 0.017902496815666732], [-0.0041238924918404335, -0.47918912988758117, -0.7619058010951703, -0.3922557750355691, -0.22063238078746233, -0.6678077864937741, 0.4416804120348564, 0.06232951682629308, 0.5878556029004334, 0.1900834073070763, 0.7091857327056669, 0.13778904198406156, -0.06527520166702183]], "inverted": false, "swapped": false, "error_lsq": 0.04379548299347888, "error_max": 0.21841115682284323, "target": "563.xyz", "model": "14.xyz", "model_rescale": 3.942246331269136, "target_rescale": 3.799216222129064},
{"mapping": [0, 7, 9, 10, 3, 5, 8, 6, 11, 4, 13, 12, 14], "R": [[-0.6809721639276937, -0.6062852109636102, -0.4107251574014489], [0.6321408616630823, -0.7698095385579572, 0.08826780478204208], [-0.36969560853692884, -0.19952823687888263, 0.9074765229561116]], "T": [-0.037947574295971724, 0.0891669838628314, -0.08004923902840912], "aligned_model": [[0.4890344312801366, -0.0775274891044995, -0.4921843685594587, -0.6906450466894108, 0.2684086428317871, 0.21952624549645644, 0.0444365911525935, -0.40657098944201675, -0.4897032868189771, -0.28508352832760414, 0.05984077273725364, 0.6057296471788292, 0.05140952205609416], [-0.41923354529988655, -0.7211911754494198, -0.206443044424867, 0.33355748200523233, 0.7213650347834671, 0.2263822786102791, -0.5304493357860599, -0.3250407143084525, 0.004666293789860693, 0.5929451955915748, 0.41517346129658633, 0.3886709512276337, 0.05218129630441718], [-0.14740167487380668, -0.3497390462307739, -0.675402875151796, -0.23256091068696383, -0.23177077059187945, -0.6436614755864716, 0.3761627643164147, -0.006986595220961539, 0.4703028612097687, 0.08964257142474417, 0.6582508776999171, 0.3249856560732005, -0.09408763608142373]], "inverted": false, "swapped": false, "error_lsq": 0.048200953486736794, "error_max": 0.307017725657542, "target": "563.xyz", "model": "15.xyz", "model_rescale": 4.355366556412066, "target_rescale": 3.799216222129064},
{"mapping": [4, 3, 9, 0, 11, 5, 10, 1, 8, 2, 6, 12], "R": [[0.9720514044190994, 0.10312288172618167, -0.2109069425868777], [-0.16945178311036102, 0.929959252028289, -0.32628497171599075], [0.16248741602836736, 0.35290432248907594, 0.9214425531746137]], "T": [-0.026624878170337155, 0.0775936449129453, -0.05609605204995399], "aligned_model": [[-0.28829779647214776, 0.39619759918457864, 0.1570826979745687, -0.5877254563816672, -0.6424205978677544, -0.38976947762208963, -0.02960553402438457, -0.05845008889360702, 0.6760822668088032, 0.2625653530486645, 0.07959698954555214, 0.02255259933126386], [-0.6746845007466534, -0.37601074072437535, -0.4778875920163471, 0.4976838977710992, -0.21299850162110356, -0.1769983832004156, 0.21525173520616114, 0.610076676432681, 0.050331702260511244, -0.042365884806632725, 0.6130751196640514, -0.012697100477996201], [0.0031287455607112435, 0.19949096732350097, -0.4830141462640194, 0.06816442932010515, -0.48394627321220823, 0.4421871530554488, -0.761512630630351, 0.5496380580006841, -0.4796552419560724, 0.7210975033887723, -0.21767213277392083, -0.10864797060322999]], "inverted": true, "swapped": true, "error_lsq": 0.04802810572467834, "error_max": 0.3559835177017817, "target": "563.xyz", "model": "16.xyz", "model_rescale": 3.795458400668931, "target_rescale": 3.799216222129064},
{"mapping": [9, 5, 1, 0, 3, 6, 10, 2, 4, 7, 11, 8, 12], "R": [[-0.8346078630478333, 0.06165277941249373, 0.5473834576687936], [0.02510221941129703, -0.9884275567892229, 0.1496022846092762], [0.5502722903430234, 0.1385997827213382, 0.8234017893533154]], "T": [-0.09658455188176374, 0.12046799501654853, 0.015394280956646016], "aligned_model": [[0.5987985193423783, 0.08617961357549817, -0.454899118150973, -0.4545505635010264, 0.08429576660403643, 0.2774954594223319, -0.11033923206891877, -0.6305821199368472, -0.5254815156958097, -0.25372734885349624, 0.3072121302925471, 0.5232378630144583, -0.15096831025299537], [-0.4401838232629734, -0.48784931194285625, -0.2495845882755629, 0.336901291779708, 0.7831504950562536, 0.15201455720444623, -0.5492573476456333, -0.34446280958896447, 0.08247011157133152, 0.7204980606241906, 0.15780548377069345, 0.3829184551450889, -0.011836396095355695], [0.00779152163124993, -0.4308387499848074, -0.6550297410115291, -0.40416185360217194, -0.4094776423279048, -0.547139994074335, 0.3156981890582534, 0.030684433378817037, 0.49508099504100606, 0.23113658388480557, 0.7160329329175286, 0.08341414779911349, 0.1045429235899426]], "inverted": false, "swapped": false, "error_lsq": 0.038397534873538246, "error_max": 0.23032274087717824, "target": "563.xyz", "model": "17.xyz", "model_rescale": 3.7474275329858107, "target_rescale": 3.799216222129064},
{"mapping": [1, 0, 6, 9, 7, 2, 8, 4, 5, 12, 10, 11, 13], "R": [[0.20693256770520613, -0.5243930434185057, 0.8259484538621086], [0.20046177754566286, -0.8035840464867646, -0.5604174836451756], [0.9575980305776343, 0.2815397240998767, -0.061166948490192274]], "T": [0.03617242333781332, 0.0498232340939839, 0.008016388165597993], "aligned_model": [[0.6620009998392247, 0.06915910096092057, -0.47427305929946995, -0.5004459507081322, 0.2811656304463546, 0.10828462175843329, -0.0840419398154987, -0.6503127072366779, -0.5256288665433365, -0.24468252552036343, 0.041295638397780964, 0.5849396844165831, 0.029210517095365474], [-0.09957630597190309, -0.6956787359593772, -0.11890417375401402, 0.3315188116078239, 0.6886859753757375, -0.04601286455251155, -0.5289109120418527, -0.41678187465882965, 0.1488191689551524, 0.7136197629588952, 0.1373505567020987, 0.42411610451995807, -0.005661334840811355], [-0.24602452797193122, -0.3691852588705937, -0.5451339372943247, -0.27555456962363833, -0.30702647924919013, -0.691589212758842, 0.41724706419901514, -0.007593224465872808, 0.45276244181771663, 0.20734423188610246, 0.6926711120432332, 0.2917345619268935, -0.08191845533859929]], "inverted": true, "swapped": false, "error_lsq": 0.04444972448755239, "error_max": 0.3219499449289441, "target": "563.xyz", "model": "18.xyz", "model_rescale": 3.922800546911778, "target_rescale": 3.799216222129064},
{"mapping": [6, 1, 0, 3, 9, 2, 8, 5, 12, 7, 13, 11, 14], "R": [[0.6079641663905697, -0.7896451277106089, -0.08270516711739483], [0.751247991377963, 0.538418104703881, 0.3817491322552768], [-0.25691638296456665, -0.2942218836354243, 0.9205582302898754]], "T": [0.04308900006650034, -0.03455614211274653, 0.009915494777397622], "aligned_model": [[0.5617524852871971, 0.09402545827054866, -0.548725329274986, -0.445182098764769, 0.19054240241249706, 0.1972530300846361, 0.03917401425464796, -0.5964445213937712, -0.6060628946436193, -0.18422810382336707, 0.132620086727655, 0.4446064671012407, 0.017340147553273517], [-0.486582700065327, -0.5836711428555698, -0.11063785157616211, 0.31295528152290697, 0.6268605879003372, 0.1644726190712114, -0.5136880291660783, -0.451117631965625, 0.13904065475756855, 0.7065628157195801, 0.16753382391999122, 0.5027784972444875, 0.05807725383304527], [-0.03935875729581128, -0.4839075677872038, -0.575242610992393, -0.21363849886604316, -0.4412259346107411, -0.6607185088773028, 0.39045190790553075, 0.012583881160527381, 0.4186697171129496, 0.2029974558180521, 0.6602673818126741, 0.24928721779756188, 0.017568063122168062]], "inverted": false, "swapped": false, "error_lsq": 0.036378300022962544, "error_max": 0.1924830639747789, "target": "563.xyz", "model": "19.xyz", "model_rescale": 3.9282355846067225, "target_rescale": 3.799216222129064},
{"mapping": [9, 8, 4, 3, 0, 11, 7, 6, 5, 1, 2, 10, 13], "R": [[0.23812962369579666, -0.1716640332695486, 0.9559423319427429], [-0.36421811402133664, -0.9282111211346583, -0.07595577674331963], [0.9003551786585329, -0.33008419271993583, -0.2835577154287808]], "T": [-0.03940483127692208, -0.10053840937739134, -0.009248054415846724], "aligned_model": [[0.5026809778901338, -0.06282197991620153, -0.22827322261335165, -0.6325264880605783, -0.015766594412731434, 0.3801339507020739, 0.04583217430328478, -0.6001527049529927, -0.5670395491723061, -0.2122975187441281, 0.05673583891965219, 0.6467234722959775, -0.01655721244764864], [-0.45313372868400104, -0.6474954231767397, -0.0202679385721386, 0.31763614439527504, 0.5882655771890088, 0.15106403600548596, -0.41816768953629, -0.4230332330838754, 0.07368003881611776, 0.6046416664109096, 0.3265658447007347, 0.37571809507850923, 0.05711078879736958], [-0.25469528202404956, -0.5373685343572053, -0.6069546941735998, -0.20847609454272908, -0.4156804473731811, -0.5327426496304403, 0.5198493559398288, 0.08241963295191318, 0.413764580181627, 0.17603544630179854, 0.6886453027974159, 0.2020385802563131, 0.010898549972276766]], "inverted": false, "swapped": false, "error_lsq": 0.04811582149266633, "error_max": 0.27763892452009514, "target": "563.xyz", "model": "20.xyz", "model_rescale": 4.067790424073018, "target_rescale": 3.799216222129064},
{"mapping": [11, 6, 4, 8, 0, 2, 13, 5, 1, 7, 9, 12, 14], "R": [[0.6021351476134055, -0.7600923858944244, 0.24432115936591337], [0.5792714789132181, 0.20532602126679608, -0.7888509229939714], [0.5494340886096126, 0.6165231462776307, 0.5639338546120951]], "T": [0.004121060548009564, -0.0025903428062159506, -0.06413761303056792], "aligned_model": [[0.5208584987440404, 0.15141313885639335, -0.48335004985931895, -0.5033930904996361, 0.09571176609420878, 0.12803227462435893, -0.0850210138216353, -0.5124413696995768, -0.5017616297467211, -0.2921459325795641, 0.10511205438594781, 0.6420333729898253, 0.031623124302861336], [-0.3503424901231182, -0.5442584093189727, -0.15343032560760095, 0.24402752162444902, 0.6319932165324349, 0.14058714860745491, -0.5442741658944161, -0.28781322444513957, 0.13193977168521104, 0.6353608021811563, 0.3694514461200726, 0.26849882527591795, -0.00915593829708359], [0.10930724270817888, -0.5462762363364593, -0.6822732865222396, -0.14645961589188808, -0.3697073733073292, -0.783768176943431, 0.37032277809712283, -0.04748575715255686, 0.5677559327775121, 0.18467589665335785, 0.6107220952977948, 0.26234731997761734, 0.00857292694228895]], "inverted": false, "swapped": false, "error_lsq": 0.0481258372136152, "error_max": 0.26433170869487477, "target": "563.xyz", "model": "21.xyz", "model_rescale": 4.186013935880536, "target_rescale": 3.799216222129064},
{"mapping": [10, 4, 3, 5, 8, 11, 7, 6, 0, 2, 1, 9, 12], "R": [[-0.49978927429142034, 0.7491544925422591, 0.43471626103356886], [0.5833507072838384, 0.6621371658706676, -0.4704001763224647], [-0.6402441984233058, 0.018491075590957265, -0.7679488567012707]], "T": [-0.02756937078340142, 0.0665635547114609, -0.02591256285121566], "aligned_model": [[0.6587222206227628, 0.10197298830350189, -0.6445947908721484, -0.6597324835088716, 0.28396763050862195, 0.15824258163386237, 0.14181526349362303, -0.3974808145313367, -0.5770646418609082, -0.27570744902846933, 0.0028267484605844113, 0.5474353348133182, -0.04373144424335665], [-0.4080137214255718, -0.5645757636864378, -0.22945596097072019, 0.432297107921252, 0.7316585533239357, 0.14894620584459994, -0.5020348043891701, -0.3492003413337124, 0.09292682287739183, 0.7484082591291045, 0.13200313980845718, 0.2560940421249702, 0.04353063911626692], [-0.01698545932235033, -0.36131990734877073, -0.6455824201431292, -0.28115273030266064, -0.2455974971327046, -0.6239535278720238, 0.405745278013238, -0.0133127395647149, 0.442220288123206, 0.12645047744219814, 0.7020414003700752, 0.1115594092767769, -0.062378825239171896]], "inverted": false, "swapped": false, "error_lsq": 0.04727576377990575, "error_max": 0.24645465277507456, "target": "563.xyz", "model": "22.xyz", "model_rescale": 4.166573947596378, "target_rescale": 3.799216222129064},
{"mapping": [10, 5, 6, 2, 11, 12, 7, 1, 4, 3, 8, 9, 15], "R": [[-0.17471350659517926, -0.025955923298036032, -0.9842771361049502], [-0.7595804952844589, 0.6396268769535329, 0.11796155925591117], [0.6265083094394136, 0.7682471922008023, -0.13146706765936267]], "T": [0.03283583533810159, 0.05479478882320823, -0.054465367171008736], "aligned_model": [[0.6196883007271035, -0.11328446042356774, -0.39438510486290895, -0.5752565188621067, 0.10103540826920968, 0.1900726289594915, 0.15279714454665316, -0.5900491762549259, -0.48416668708364413, -0.1716906323838215, 0.11640989668950824, 0.4615688690850373, -0.016068524614844593], [-0.3899872944608383, -0.7437522307810214, -0.11355493644277262, 0.2912158166522812, 0.7807218103248567, 0.2537335566895088, -0.5705685349697569, -0.2856467389851347, 0.16763283307144602, 0.5780173602255908, 0.12803636964106677, 0.42914849845361325, 0.007587668921526257], [0.08233490826889096, -0.23344441021535406, -0.6612999988652596, -0.21920159740766515, -0.35525117988856864, -0.6586849568904413, 0.27098761744858396, -0.11937214142005342, 0.45526934907301814, 0.15962273803882304, 0.7466152700495636, 0.1365750791805354, -0.0664169310721045]], "inverted": true, "swapped": false, "error_lsq": 0.03972889354994337, "error_max": 0.21169527080445585, "target": "563.xyz", "model": "23.xyz", "model_rescale": 4.274766983524099, "target_rescale": 3.799216222129064},
{"mapping": [0, 7, 2, 5, 3, 4, 11, 9, 10, 8, 12], "R": [[-0.16773088319577426, 0.468443970601384, -0.8674252689595661], [0.9429736793078501, 0.3328572767265897, -0.002583304622881144], [0.2875186793148954, -0.818392497361363, -0.49756077951105643]], "T": [0.059779923268349244, 0.07105696494326089, -0.09170933750360427], "aligned_model": [[0.25318616661062543, 0.0640064580927657, -0.5240107244863318, -0.48466710317097095, -0.41925924797690683, -0.5592444383163077, 0.08358308199413006, -0.0603933126229142, 0.6288548808445579, 0.36741095389032385, 0.030427989099103565], [-0.3662192080901232, 0.7399477042020475, 0.5366796626434936, -0.17911890619581908, 0.4736319264327744, -0.2753230505267763, -0.6734239828830597, 0.04765287354183441, -0.10031680250448355, 0.6219252200084459, 0.0901510946151494], [-0.6190933723201142, -0.167644155388424, -0.4717554981197302, -0.38491015994642386, 0.14977644529228043, 0.2753498210925805, 0.2114168799897278, 0.6221376903405964, 0.31246377882029414, 0.4335051396728599, 0.018319864587930612]], "inverted": true, "swapped": true, "error_lsq": 0.04147879239146559, "error_max": 0.21617019678507055, "target": "563.xyz", "model": "24.xyz", "model_rescale": 3.7841303162186577, "target_rescale": 3.799216222129064},
{"mapping": [10, 14, 13, 3, 6, 11, 9, 12, 2, 4, 8, 0, 15], "R": [[0.36299950751848964, 0.5002089350634065, -0.786143993695854], [0.598558277293963, -0.7717762098698648, -0.2146845838941162], [-0.7141143789507515, -0.3926225963462104, -0.5795585825558478]], "T": [0.05054336728156506, 0.08403002348995706, 0.02421702335334023], "aligned_model": [[0.6215639782219332, -0.07033316578241822, -0.3119731096149821, -0.5228919047486819, 0.004784432236657414, 0.19963629048389278, -0.07234438172201813, -0.5808640090190722, -0.44528717384047894, -0.3813648699586235, 0.1468729978565313, 0.6739336165445018, 0.03493844313394152], [-0.4186882043890172, -0.6740790291166121, -0.20805297365242018, 0.4228387572820155, 0.7158162211405319, 0.14331108272895568, -0.43012236109358004, -0.33058190965001866, 0.011788672910169093, 0.6600859314611957, 0.14817659529163105, 0.3531595050740498, 0.13893189035346493], [-0.13846349335567157, -0.1756791757625096, -0.6044874573288654, -0.4289744575142617, -0.32331538170381957, -0.7265723115663649, 0.27459001530338806, -0.04355890511107515, 0.5878891706910021, 0.21996995016124243, 0.6039269536100559, 0.3075611050239558, -0.015152266147108615]], "inverted": false, "swapped": false, "error_lsq": 0.04191660379763685, "error_max": 0.23680340445043083, "target": "563.xyz", "model": "25.xyz", "model_rescale": 4.19342608120988, "target_rescale": 3.799216222129064},
{"mapping": [4, 3, 9, 0, 11, 5, 10, 1, 8, 2, 6, 12], "R": [[0.9720514044190994, 0.10312288172618167, -0.2109069425868777], [-0.16945178311036102, 0.929959252028289, -0.32628497171599075], [0.16248741602836736, 0.35290432248907594, 0.9214425531746137]], "T": [-0.026624878170337155, 0.0775936449129453, -0.05609605204995399], "aligned_model": [[-0.28829779647214776, 0.39619759918457864, 0.1570826979745687, -0.5877254563816672, -0.6424205978677544, -0.38976947762208963, -0.02960553402438457, -0.05845008889360702, 0.6760822668088032, 0.2625653530486645, 0.07959698954555214, 0.02255259933126386], [-0.6746845007466534, -0.37601074072437535, -0.4778875920163471, 0.4976838977710992, -0.21299850162110356, -0.1769983832004156, 0.21525173520616114, 0.610076676432681, 0.050331702260511244, -0.042365884806632725, 0.6130751196640514, -0.012697100477996201], [0.0031287455607112435, 0.19949096732350097, -0.4830141462640194, 0.06816442932010515, -0.48394627321220823, 0.4421871530554488, -0.761512630630351, 0.5496380580006841, -0.4796552419560724, 0.7210975033887723, -0.21767213277392083, -0.10864797060322999]], "inverted": true, "swapped": true, "error_lsq": 0.04802810572467834, "error_max": 0.3559835177017817, "target": "563.xyz", "model": "26.xyz", "model_rescale": 3.795458400668931, "target_rescale": 3.799216222129064},
{"mapping": [9, 2, 3, 7, 10, 4, 1, 0, 6, 5, 8, 11, 12], "R": [[0.43923938979086663, 0.868911569725301, 0.22816976673884948], [-0.889323621163261, 0.3846054329813474, 0.24735027342272164], [0.12717018242187117, -0.3115627463589704, 0.9416774393517371]], "T": [0.060949602310233934, -0.008538845749900964, 0.007391235605796576], "aligned_model": [[0.29845820150148483, -0.04766102325689691, -0.2325302363907935, -0.5744065372228232, 0.02924476311397351, 0.47931327331038515, -0.02704099979517984, -0.6222315240931412, -0.46901915800206917, -0.31951242800669516, 0.19525862601355332, 0.6701964477588913, -0.08339826113950533], [-0.3124523163696127, -0.8502838418177253, -0.12597643062460998, 0.3871672441363382, 0.6299559649231372, 0.32250222199784395, -0.4039305934120334, -0.43312142596778114, 0.0723249488132726, 0.571945972604226, 0.24175871381694367, 0.365391287209911, 0.06730243303045572], [-0.18128986520056317, -0.22606969797388698, -0.6598078027498291, -0.3087532962368565, -0.3072603310904023, -0.6362288642110874, 0.43898849043145055, -0.2030045181409395, 0.6349110516257784, 0.2991899453831548, 0.6782592762314591, 0.031247654214876908, -0.02244829598318656]], "inverted": false, "swapped": false, "error_lsq": 0.05524288726883874, "error_max": 0.33653317484215794, "target": "563.xyz", "model": "27.xyz", "model_rescale": 3.6321398670334006, "target_rescale": 3.799216222129064},
{"mapping": [12, 7, 4, 1, 13, 6, 8, 3, 0, 11, 10, 9, 14], "R": [[0.7165894086502222, 0.5281376325082839, -0.4555987933904887], [-0.28565331555949836, -0.3736866429968267, -0.8824740654294763], [-0.6363189473213807, 0.7625148745921662, -0.11691562472784767]], "T": [-0.11208376204819524, 0.04709183076461553, 0.026365963215902663], "aligned_model": [[0.5438856213911073, -0.10510322714825275, -0.254445443617024, -0.6033498587993185, 0.07634529056144408, 0.35096939361132495, 0.05964929103967541, -0.6459676946464994, -0.48317137881038963, -0.11737230282427973, 0.14081197510354215, 0.46536972558332657, -0.13095024765347293], [-0.4191251438764073, -0.6784180584894364, -0.1276528015446281, 0.2062117321709196, 0.7554845775385409, 0.187678841950224, -0.36757193679223477, -0.3830168204201736, 0.10052043065080445, 0.6304099362344125, 0.1649641385911016, 0.3689865938056604, 0.09411268852158264], [-0.16298986956139072, -0.24653338953331227, -0.7709198810451338, -0.39861130124146643, -0.3330106364184874, -0.5816837917058668, 0.2824740149191633, 0.0655396106287165, 0.5252156997296173, 0.2951369727878046, 0.752190665313278, 0.12385130759735465, -0.012925655170308845]], "inverted": false, "swapped": false, "error_lsq": 0.038669054299577794, "error_max": 0.20026626483382573, "target": "563.xyz", "model": "28.xyz", "model_rescale": 4.156811204709835, "target_rescale": 3.799216222129064},
