[{"mapping": [2, 6, 9, 0, 7, 3, 1, 8, 5, 11, 12, 13], "R": [[0.4770820770813166, -0.8574284898233167, 0.19289654368879658], [-0.043980601436827915, 0.19591787674871258, 0.9796335499907767], [-0.8777575966205202, -0.4758493148146621, 0.05575868690513658]], "T": [-0.05335393284758879, 0.0459731637337985, 0.03743086208383173], "aligned_model": [[-0.2658595963761496, 0.48280472375049327, -0.3644125998552504, -0.7805932993342707, 0.238300705623587, -0.055321335110307415, -0.4470582948824175, 0.669543637180826, 0.3833887067138471, 0.40554096424139124, -0.4386858985864656, 0.016579813143070284], [-0.24580088229426456, 0.09470493342345418, -0.6000106027641434, -0.09594807264773986, -0.6461516904505137, 0.2767377375622846, 0.4616245356976666, -0.2473906807850917, 0.6517306757281339, 0.00596923826066776, -0.006143840315856804, -0.08912523861410074], [-0.6415150079547183, -0.5054368877093456, 0.18806502442682746, -0.17796110869644635, 0.12284304244507491, -0.43155117018587713, 0.11005954596475157, 0.08142960750696689, 0.1587361129715813, 0.5617179973596418, 0.4662931966881977, 0.09571941250463334]], "inverted": true, "swapped": false, "error_lsq": 0.05045953052361387, "error_max": 0.2962154565650215, "target": "564.xyz", "model": "0.xyz", "model_rescale": 3.8414455957264533, "target_rescale": 3.9365536558221335},
{"mapping": [6, 10, 9, 2, 8, 3, 4, 12, 1, 13, 7, 14], "R": [[0.09650595402073545, 0.8066508585342669, -0.5830960412011712], [-0.7993282867436757, -0.2862721277758999, -0.5283205077129592], [-0.5930943355402813, 0.5170712342459104, 0.6171518839519515]], "T": [-0.03383286343220992, -0.007821760805949395, 0.0516526595969002], "aligned_model": [[-0.29676050694942185, 0.3563529560129371, -0.32591779337163784, -0.7003865500901842, 0.3798378641575532, -0.02186881798661871, -0.3824961268546678, 0.7133673062083379, 0.3643608253516088, 0.2623160546997432, -0.5284262568677389, 0.02384857219844306], [-0.4716138552752464, -0.09421439258467748, -0.5547744363357552, -0.011834955586129854, -0.680815335676076, 0.6696794327825635, 0.4095528894809788, -0.15792196790856988, 0.7602381588822984, -0.3238879450507524, -0.038584493439617305, 0.05437301351148025], [-0.5191302423596239, -0.5039304933952096, 0.33632588353358855, -0.26504089052490115, 0.03557239780007694, -0.3410633654679958, 0.05869289294935501, 0.01355570192361881, 0.056514464813014545, 0.6739427736960507, 0.46078103992019076, 0.022179602433122763]], "inverted": false, "swapped": false, "error_lsq": 0.04568572982574237, "error_max": 0.25647709243790684, "target": "564.xyz", "model": "1.xyz", "model_rescale": 4.316132596720782, "target_rescale": 3.9365536558221335},
{"mapping": [10, 8, 9, 7, 1, 6, 3, 2, 4, 0, 5, 11], "R": [[-0.2851719291900081, 0.6858831116182749, 0.6695082732863595], [0.796785774217293, -0.2186026926127141, 0.563334086299969], [0.5327376472589473, 0.6941017360440074, -0.484162554534835]], "T": [-0.033420136980056386, -0.08944239603574768, 0.007471150996074569], "aligned_model": [[-0.1910376718028157, 0.4569404453532968, -0.4078195521663899, -0.9244133995396959, 0.23751738926463203, 0.11836348424598883, -0.44306200927037165, 0.8006386269591139, 0.27852641334728834, 0.27656131791135885, -0.36195213855397423, 0.00396462075992228], [-0.238958984447462, -0.25081984729033086, -0.6817335005229228, -0.09824600032881066, -0.5596066049731112, 0.5252586359904938, 0.4232130186597737, -0.04308362387982846, 0.5687633594310612, -0.13806896205079125, 0.023558750664890923, 0.0299198715475342], [-0.5841683516534761, -0.5586913109644136, 0.25030407851107694, -0.0732420598466231, 0.019121769499803123, -0.5171242517219559, -0.012402728568810247, 0.06152893753474817, 0.26002661885606837, 0.6442293572937488, 0.550662964910068, -0.01184525852894694]], "inverted": true, "swapped": false, "error_lsq": 0.04723915513604946, "error_max": 0.2903892140979792, "target": "564.xyz", "model": "2.xyz", "model_rescale": 3.795458400668931, "target_rescale": 3.9365536558221335},
{"mapping": [5, 9, 6, 10, 8, 4, 10, 7, 0, 1, 2, 11], "R": [[-0.7960972123633046, 0.5227707816859702, 0.3048605226703109], [0.12413562470096587, -0.35198350720770255, 0.927738086603038], [0.592300240711986, 0.7764137559762867, 0.215318611325911]], "T": [0.011365394989465464, -0.07257944814167783, 0.034923991738900734], "aligned_model": [[-0.3156404073571753, 0.3969995267700304, -0.17183567037938632, -0.5911359589025251, 0.38706449773090384, 0.007722638963503151, -0.5911359589025251, 0.7495251707153797, 0.2172469354562184, 0.2275067427360117, -0.5612316393820724, 0.08914164905999049], [-0.21699796449745506, -0.45577784935366406, -0.5952240160092025, 0.3187679536923958, -0.7455957815956717, 0.4309181459113286, 0.3187679536923958, 0.06446829238869542, 0.6172239493121677, -0.12920934440001258, -0.08709229860620882, 0.039947072265727926], [-0.5700843659839079, -0.6425713547555978, 0.23635964386431232, -0.11623838795988992, 0.16322884797885676, -0.3618525655763791, -0.11623838795988992, -0.10522007317916579, 0.34150515282338345, 0.6234346667514515, 0.5444799992741788, 0.031596590043934836]], "inverted": true, "swapped": false, "error_lsq": 0.058429878903480864, "error_max": 0.3405104305689162, "target": "564.xyz", "model": "3.xyz", "model_rescale": 3.7530521520055578, "target_rescale": 3.9365536558221335},
{"mapping": [0, 5, 6, 8, 10, 7, 2, 1, 4, 9, 11], "R": [[0.18373521173795115, -0.5234775093274693, -0.8319931905946825], [-0.9758820546332736, -0.198642432601576, -0.09052844533553567], [-0.11787954620014018, 0.8285604873504637, -0.5473499167709915]], "T": [-0.04608119491535416, -0.0980409218061068, -0.05220675322338223], "aligned_model": [[-0.5767527952694578, -0.17092930357411923, 0.28689569478445576, 0.4517447099066068, 0.43283688243953, -0.16319643464732073, -0.09565757856742034, -0.6927160771557611, -0.43740532436970386, 0.3192257976673268, -0.015845968768931386], [-0.5748046704808638, 0.018532680080942637, -0.4195437225008215, 0.35324355413229597, -0.5624400102640299, 0.6626240176279072, -0.4060305461264644, 0.2061684451036725, 0.14419877153480376, 0.2579555109299554, -0.21270067172305201], [-0.1463502120725906, -0.6944590933028493, -0.43337235192585954, -0.46335808313100296, 0.20344817109935073, 0.21525637466517586, 0.5885076594399555, -0.1682621078634672, 0.5924997788890091, 0.382283808102013, 0.01663683334558195]], "inverted": true, "swapped": true, "error_lsq": 0.05508456500395314, "error_max": 0.3100063620796597, "target": "564.xyz", "model": "4.xyz", "model_rescale": 3.7855080009869324, "target_rescale": 3.9365536558221335},
{"mapping": [10, 5, 6, 15, 4, 9, 14, 0, 2, 1, 13, 16], "R": [[-0.5988357656905232, -0.4543243375292245, -0.6595340188788412], [0.7391638550845399, -0.6305279506749382, -0.23679378951785077], [-0.30827345177034954, -0.6293042982105668, 0.7134028169185345]], "T": [-0.08501064173148513, -0.09131160522268111, 0.046811088313922056], "aligned_model": [[-0.2563877390669734, 0.46608136517253046, -0.19720515766642283, -0.7938565006014628, 0.4094388969855908, -0.144250729901431, -0.3200664895460451, 0.6950166046379527, 0.28970914872652115, 0.4664626337908206, -0.6761752170273085, -0.0945392889954181], [-0.17108138387178234, -0.3130446053531515, -0.681747219383766, 0.19631633903419327, -0.6248433027420641, 0.4630841792762458, 0.5293680014936762, -0.09626257301092882, 0.5447558899019274, -0.06448431348401618, -0.18340107740422254, -0.038463821655614634], [-0.6569153834046146, -0.5029482419379152, 0.3015172802121756, -0.25998822839213515, 0.18046873033226773, -0.39596418801988464, 0.1779711918038001, 0.04419075249855142, 0.07489859200694271, 0.5647507197305932, 0.4553592652821128, 0.045059275209393346]], "inverted": false, "swapped": false, "error_lsq": 0.04743328683039627, "error_max": 0.21413043993038255, "target": "564.xyz", "model": "5.xyz", "model_rescale": 4.2253639853439635, "target_rescale": 3.9365536558221335},
{"mapping": [12, 9, 3, 11, 0, 8, 5, 1, 10, 4, 6, 13], "R": [[0.1186792326729052, -0.1496058966883339, 0.9815973285457995], [0.8869786785633436, -0.4283724145547799, -0.17252796359585634], [0.44630041844725604, 0.8911313876890363, 0.0818583310923015]], "T": [-0.006633355255413505, -0.03406996308358425, 0.029960170493066384], "aligned_model": [[-0.5465293634100673, 0.28564302926154095, -0.19332278585489807, -0.6564890807142607, 0.35909989006801935, 0.1687270779486759, -0.3377722203416085, 0.7216099249113292, 0.2626381639861644, 0.39885113642537523, -0.5949120722965647, -0.0233161734753524], [-0.5201466476420094, -0.151089835251849, -0.48979923975688133, 0.14840654968917472, -0.7371342511800313, 0.5074629100165791, 0.4938479704311848, 0.055195092885282716, 0.6429768127541113, -0.1538171812225017, -0.16692066591295676, -0.06878540200960619], [-0.55620151503098, -0.4929903931903506, 0.5403201959492298, -0.35726540612583035, -0.09252431585204353, -0.4410554783096541, 0.14127492222709168, 0.04994157767886419, 0.30855124472598766, 0.5975465013370085, 0.253559834976867, 0.07724259693509755]], "inverted": true, "swapped": false, "error_lsq": 0.05427142758955384, "error_max": 0.28965624511577825, "target": "564.xyz", "model": "6.xyz", "model_rescale": 3.89814844738969, "target_rescale": 3.9365536558221335},
{"mapping": [9, 8, 5, 10, 6, 11, 4, 3, 7, 0, 2, 12], "R": [[0.4067509188552499, 0.9135349075708001, 0.0027681510109700824], [-0.7808619829702765, 0.34924786387312184, -0.5179580032510251], [-0.47413948745294104, 0.20851834986319764, 0.8554015689769288]], "T": [0.015218560115703954, 0.01683536410562011, 0.07419479271863219], "aligned_model": [[-0.2865431616795344, 0.3999883280117847, -0.3187379213092451, -0.6921999238083869, 0.3471411997448298, -0.08486675944922076, -0.30867761368822866, 0.8073592409133813, 0.43029443927191036, 0.25551802421849823, -0.5554455093844262, -0.1496028163330086], [-0.5082870390099101, -0.05369940111408745, -0.6839011162171311, -0.03144440468947173, -0.5693972150198813, 0.44193418645123034, 0.5546563801073429, -0.10375488584106754, 0.5177380060413546, -0.08683352365911676, 0.03166124077067969, 0.05152388498055529], [-0.582411789672953, -0.47776883373091095, 0.0699453593472312, -0.11588891405225157, 0.014742496705151487, -0.6074314166299902, 0.22026194072365501, 0.17594483012943052, 0.16410161888027375, 0.6057202546956112, 0.49332550942122533, 0.0678587095048149]], "inverted": true, "swapped": false, "error_lsq": 0.052826388490294834, "error_max": 0.2481830293548363, "target": "564.xyz", "model": "7.xyz", "model_rescale": 3.7474275329858107, "target_rescale": 3.9365536558221335},
{"mapping": [0, 3, 1, 10, 2, 7, 11, 8, 9, 4, 12, 14], "R": [[-0.41371947639456896, 0.9074237705136852, -0.07360907252866783], [0.24807506087193015, 0.034571271029547324, -0.9681237479748082], [-0.875953742514519, -0.41879222524556087, -0.2394120152554578]], "T": [-0.05857700180368476, -0.026773643427491757, 0.016568982315781064], "aligned_model": [[-0.31264768551198435, 0.3442187749729612, -0.24659570069512043, -0.681884249270935, 0.42261432637698104, -0.12792904621827816, -0.2942023863480442, 0.6185076563860766, 0.2655245143557435, 0.4586361491806087, -0.5584259317088037, -0.04358889501085113], [-0.4077743608437405, -0.298883414043477, -0.752358819265263, 0.23937902118603474, -0.6944054873532512, 0.5427383912270799, 0.5132254507342698, 0.015471417323718671, 0.6599718359529962, -0.1673052872951599, -0.02689975981744848, -0.06296287500526274], [-0.4572450937048269, -0.5105423644894519, 0.07113033788448726, -0.32389275424529274, 0.19352129936719287, -0.35047865525071165, 0.21496659332122287, 0.08715252390094792, 0.07722616541903891, 0.5866279787067469, 0.37822302994516854, 0.06171070446676545]], "inverted": true, "swapped": false, "error_lsq": 0.05233972610276267, "error_max": 0.2515460321448203, "target": "564.xyz", "model": "8.xyz", "model_rescale": 4.019505241142653, "target_rescale": 3.9365536558221335},
{"mapping": [6, 5, 2, 10, 3, 11, 9, 4, 8, 0, 1, 12], "R": [[0.6205275060004207, -0.7840421295951854, 0.01495169946007352], [-0.11452574809381616, -0.07174594394661911, 0.9908261061108355], [-0.7757766865022753, -0.6165472070710037, -0.13431334309179888]], "T": [-0.05221542906102522, -0.01985539178131554, 0.03203787253973323], "aligned_model": [[-0.40082035614273887, 0.37498128222854843, -0.10399274032074224, -0.9465804868135905, 0.5184751122365368, 0.004548259762609599, -0.2633763370080767, 0.7412002765676133, 0.2904035468972908, 0.2106842509159242, -0.5532582806234911, -0.02803700119152937], [-0.29806552661809815, -0.20175643250745265, -0.6064845322621132, 0.07121732872049183, -0.662158309004945, 0.37621956343633667, 0.6256150441900717, -0.058755573961073046, 0.5620981218746646, -0.2093277836457386, -0.02358819314987562, -0.014817594271772296], [-0.5416655034790502, -0.45266791491083774, 0.08822972065076476, -0.14115756986403957, 0.017202902324786974, -0.4445668247445652, 0.1102622208740392, 0.269888592806274, 0.04094161573210212, 0.5956246440845255, 0.48508028695879396, 0.0012275948884934128]], "inverted": false, "swapped": false, "error_lsq": 0.04815539870647359, "error_max": 0.2631828536419434, "target": "564.xyz", "model": "9.xyz", "model_rescale": 3.877068213659057, "target_rescale": 3.9365536558221335},
{"mapping": [1, 7, 0, 5, 8, 4, 3, 9, 13, 10, 12, 15], "R": [[-0.7523401744858768, 0.4433027621126342, 0.4873057797295966], [0.2043277008627593, -0.5462102620826108, 0.8123450869278307], [0.6262862384842091, 0.7107299140313114, 0.32035688971262255]], "T": [0.08086873174289919, 0.060862652031686094, 0.1123561478387264], "aligned_model": [[-0.3320713352136291, 0.28243859787270487, -0.36764728675127967, -0.6456152573792602, 0.3922149147397076, -0.0020068768059789827, -0.37377417657698364, 0.688126880939893, 0.37423467434347024, 0.3197264371469547, -0.5193676683463097, 0.027968622539065006], [-0.3458643368691483, -0.15492401431075184, -0.596564847581729, -0.03302027220559919, -0.6068021323464134, 0.3691618786920572, 0.49079034298848984, -0.1711273522059533, 0.7714493434626554, -0.037798265496900345, -0.11339006723946218, -0.011714164086748045], [-0.5333684589442529, -0.6486249774949038, 0.13206653951349479, -0.1604119813999002, -0.11701304329809963, -0.4844469185854009, 0.006415838271428623, 0.22665173859932802, 0.19385138479732533, 0.7729799434905369, 0.5216817756072398, 0.11861792476449129]], "inverted": false, "swapped": false, "error_lsq": 0.04496781337566808, "error_max": 0.21420235305288396, "target": "564.xyz", "model": "10.xyz", "model_rescale": 4.260839863003843, "target_rescale": 3.9365536558221335},
{"mapping": [3, 2, 5, 0, 4, 1, 7, 9, 8, 10, 6, 11], "R": [[-0.391947069356122, -0.2332335863013395, 0.8899323508245798], [0.8534879571800691, -0.4532734194750594, 0.2571021472994332], [0.34341782389931336, 0.860316977292906, 0.37672124549838926]], "T": [0.02492120616626914, -0.016823403160400804, 0.006323193531435567], "aligned_model": [[-0.2591960878412647, 0.4059870155632484, -0.2423673741990351, -0.8309297433178743, 0.44317612117661126, -0.13826666577208416, -0.3011506482891845, 0.7761362166384197, 0.5079602656099481, 0.13898821342097006, -0.6445258112262461, -0.011583975255154672], [-0.3586097094850505, -0.0949253304435682, -0.6279399129517514, 0.15937837215456319, -0.6140600581705478, 0.37339234162741325, 0.5047169674177295, -0.08945968765011912, 0.5143600214057258, -0.039363482549218565, -0.19643889271620046, 0.029145484161521233], [-0.5471138448636794, -0.5585184338339073, 0.11450973851109533, -0.07433879316597244, 0.07321162738365954, -0.5805004887728957, 0.23277057565684955, 0.2634870311409767, 0.017761881249491712, 0.6226140783571827, 0.4783764759796391, -0.013860082321152285]], "inverted": false, "swapped": false, "error_lsq": 0.05781375420464127, "error_max": 0.34535137151879475, "target": "564.xyz", "model": "11.xyz", "model_rescale": 3.890672605050136, "target_rescale": 3.9365536558221335},
{"mapping": [0, 8, 4, 1, 7, 6, 11, 5, 9, 12, 2, 13], "R": [[0.5152859615535753, 0.5657010034704721, -0.6437878163636745], [0.8541127336565799, -0.40078151864232614, 0.33145982037109], [-0.0705111057315923, -0.7206639639854707, -0.6896895207129484]], "T": [-0.049700990236398554, 0.014607654595129117, -0.032018303101670004], "aligned_model": [[-0.36449751971197825, 0.3026837625853669, -0.3845918789837286, -0.7051390151014705, 0.5284593334912812, -0.06269419672479491, -0.3301121183584575, 0.7228868989190496, 0.4019931413342925, 0.3451402943736884, -0.6154276632803133, 0.005526487965418617], [-0.31385498878752016, -0.21465170875933634, -0.5292876639106732, 0.10505384106253263, -0.5923461788564666, 0.43621807487944525, 0.39012952178563803, 0.03155602614690168, 0.5978742948356698, -0.18910546631146635, -0.039627048067094, -0.12176259121713423], [-0.408462159047585, -0.6172158561819793, 0.2562229482254721, -0.44130887629474436, 0.12387221746298285, -0.42461755683808444, 0.2562785757963163, 0.05625903298824528, 0.2161607731890446, 0.5660899405156739, 0.39527089884531563, 0.04984982666062965]], "inverted": true, "swapped": false, "error_lsq": 0.04724539227599612, "error_max": 0.23757217085148336, "target": "564.xyz", "model": "12.xyz", "model_rescale": 4.124412569039231, "target_rescale": 3.9365536558221335},
{"mapping": [10, 4, 7, 11, 5, 2, 8, 0, 1, 3, 9, 12], "R": [[-0.25486754684032736, -0.41258588616797, 0.8745372605570243], [-0.2020582581476713, 0.9071625250861342, 0.36909160569386873], [-0.9456294167811843, -0.08263800345083477, -0.31457267284959334]], "T": [0.05923007335883587, -0.07181453659484034, 0.15395332165774925], "aligned_model": [[-0.35361323119575483, 0.45618475954383786, -0.20649311356199287, -0.7688861509083634, 0.38171781138332483, -0.1192732129100669, -0.40345826669628104, 0.6324239714359009, 0.3663375162775304, 0.2980213596736354, -0.448486230376136, 0.009752313842719386], [-0.3110331766468974, -0.06317035256624075, -0.6384733593325524, 0.18332713517200883, -0.7091801271641676, 0.39669576842626314, 0.47337782185472815, -0.1421980946983709, 0.6733469764727926, -0.11675155239177182, -0.11048084512852017, -0.07526408119677493], [-0.40902493763260805, -0.5247428629107019, 0.1909214303758409, -0.3356170080906432, -0.09806382429520752, -0.5467821380766328, 0.094112590013824, 0.2110698984978539, 0.03869866077399388, 0.8245595861358829, 0.5404379183837613, 0.04283045214592429]], "inverted": false, "swapped": false, "error_lsq": 0.04603329562747524, "error_max": 0.2534984963627125, "target": "564.xyz", "model": "13.xyz", "model_rescale": 3.9028299243045295, "target_rescale": 3.9365536558221335},
{"mapping": [6, 2, 4, 9, 0, 1, 11, 8, 12, 5, 10, 15], "R": [[0.6514127493788776, -0.2553638932337069, -0.7144583346698222], [0.3642954596483433, 0.9312831523006578, -0.0007129660247036096], [0.665545075878602, -0.25980949226976685, 0.6996776255535632]], "T": [-0.04589347903350295, -0.061987680781692145, 0.028220254364524116], "aligned_model": [[-0.3826973092300279, 0.4837554929102581, -0.0965767315860278, -0.777618143582618, 0.44674927125813163, -0.045406590364224356, -0.3019256320894178, 0.7101407028354794, 0.2854529698024699, 0.20081111956890935, -0.5199865310161468, -0.15847109199843185], [-0.12384499974446814, -0.12546390051922185, -0.6391191503790964, 0.12391628116946046, -0.7274585157399751, 0.32051463336404734, 0.6123163919253516, -0.0770664873444337, 0.5264459049663002, -0.09395188305428806, -0.17331640749853233, -0.06277575434464738], [-0.543745753633263, -0.4793154641839681, 0.3799499070720348, -0.14746181269131312, -0.012622096813496731, -0.49703254034996747, -0.13183674320250743, 0.18535747145826606, 0.1961361111751195, 0.4756763577497075, 0.5923073883415043, 0.01098694039917154]], "inverted": false, "swapped": false, "error_lsq": 0.04667180039954041, "error_max": 0.2789489662384604, "target": "564.xyz", "model": "14.xyz", "model_rescale": 3.942246331269136, "target_rescale": 3.9365536558221335},
{"mapping": [0, 12, 5, 7, 3, 8, 6, 13, 11, 4, 9, 14], "R": [[-0.08340576264455024, 0.7506046104632913, -0.6554663969334596], [0.15249868560291924, -0.64039665176326, -0.7527524688101581], [-0.984777959566045, -0.16274165773291321, -0.06105344536781193]], "T": [-0.011249707819230771, -0.08996544885723493, 0.08892967095543292], "aligned_model": [[-0.34129135413106426, 0.567101917733025, -0.28583848917793975, -0.7667032024211297, 0.35520639866609177, -0.10154016304147442, -0.2918201322502267, 0.7527589961325031, 0.2650881618652892, 0.4247737692366295, -0.6983107029643756, -0.03519767313897464], [-0.17811348826612697, -0.38090622121826734, -0.6593197768686164, 0.1923268350994368, -0.6952262631576333, 0.4642221243698873, 0.39014449536103324, 0.13312910455327123, 0.5590347779889326, -0.10291242414855797, -0.02993005364887777, -0.13225299726398482], [-0.5622384469038496, -0.4100083235506758, 0.14564129688664396, -0.1949375375089185, 0.21509305388678604, -0.4435782573087238, 0.14862948448749702, -0.07674883407728053, 0.21756524919253772, 0.4805671055930428, 0.5042671799823701, 0.004147794641858452]], "inverted": true, "swapped": false, "error_lsq": 0.05464042746674475, "error_max": 0.3314632556892307, "target": "564.xyz", "model": "15.xyz", "model_rescale": 4.355366556412066, "target_rescale": 3.9365536558221335},
{"mapping": [10, 8, 9, 7, 1, 6, 3, 2, 4, 0, 5, 11], "R": [[-0.2851719291900081, 0.6858831116182749, 0.6695082732863595], [0.796785774217293, -0.2186026926127141, 0.563334086299969], [0.5327376472589473, 0.6941017360440074, -0.484162554534835]], "T": [-0.033420136980056386, -0.08944239603574768, 0.007471150996074569], "aligned_model": [[-0.1910376718028157, 0.4569404453532968, -0.4078195521663899, -0.9244133995396959, 0.23751738926463203, 0.11836348424598883, -0.44306200927037165, 0.8006386269591139, 0.27852641334728834, 0.27656131791135885, -0.36195213855397423, 0.00396462075992228], [-0.238958984447462, -0.25081984729033086, -0.6817335005229228, -0.09824600032881066, -0.5596066049731112, 0.5252586359904938, 0.4232130186597737, -0.04308362387982846, 0.5687633594310612, -0.13806896205079125, 0.023558750664890923, 0.0299198715475342], [-0.5841683516534761, -0.5586913109644136, 0.25030407851107694, -0.0732420598466231, 0.019121769499803123, -0.5171242517219559, -0.012402728568810247, 0.06152893753474817, 0.26002661885606837, 0.6442293572937488, 0.550662964910068, -0.01184525852894694]], "inverted": true, "swapped": false, "error_lsq": 0.04723915513604946, "error_max": 0.2903892140979792, "target": "564.xyz", "model": "16.xyz", "model_rescale": 3.795458400668931, "target_rescale": 3.9365536558221335},
{"mapping": [9, 8, 5, 10, 6, 11, 4, 3, 7, 0, 2, 12], "R": [[0.4067509188552499, 0.9135349075708001, 0.0027681510109700824], [-0.7808619829702765, 0.34924786387312184, -0.5179580032510251], [-0.47413948745294104, 0.20851834986319764, 0.8554015689769288]], "T": [0.015218560115703954, 0.01683536410562011, 0.07419479271863219], "aligned_model": [[-0.2865431616795344, 0.3999883280117847, -0.3187379213092451, -0.6921999238083869, 0.3471411997448298, -0.08486675944922076, -0.30867761368822866, 0.8073592409133813, 0.43029443927191036, 0.25551802421849823, -0.5554455093844262, -0.1496028163330086], [-0.5082870390099101, -0.05369940111408745, -0.6839011162171311, -0.03144440468947173, -0.5693972150198813, 0.44193418645123034, 0.5546563801073429, -0.10375488584106754, 0.5177380060413546, -0.08683352365911676, 0.03166124077067969, 0.05152388498055529], [-0.582411789672953, -0.47776883373091095, 0.0699453593472312, -0.11588891405225157, 0.014742496705151487, -0.6074314166299902, 0.22026194072365501, 0.17594483012943052, 0.16410161888027375, 0.6057202546956112, 0.49332550942122533, 0.0678587095048149]], "inverted": true, "swapped": false, "error_lsq": 0.052826388490294834, "error_max": 0.2481830293548363, "target": "564.xyz", "model": "17.xyz", "model_rescale": 3.7474275329858107, "target_rescale": 3.9365536558221335},
{"mapping": [8, 10, 4, 0, 5, 1, 2, 12, 7, 9, 6, 13], "R": [[0.6613740685953872, -0.5629257541429644, -0.49568027670279496], [-0.34234514761455964, -0.8145610876071371, 0.4682841385964761], [-0.6673710671690449, -0.1400172485047934, -0.7314444810283263]], "T": [0.06124593400683978, 0.04169336207394216, -0.12267732412567035], "aligned_model": [[-0.2340372902962359, 0.48273686215568534, -0.3647393576974559, -0.7717197386179162, 0.35859835389819494, -0.18180359058722603, -0.37321662110822906, 0.7282530934100229, 0.4588099171660954, 0.14886908870957846, -0.3753116305267903, -0.032211559997370076], [-0.4745894923610431, -0.3272573601036105, -0.6102300221239785, 0.045996713973818874, -0.6042816360688239, 0.6072244624690412, 0.47410700496048225, -0.06903060965981175, 0.6149740879946677, -0.0998131089945043, -0.06815854774234889, 0.0712546204566073], [-0.5265514169817773, -0.5259887826243644, 0.16500002014763615, -0.1954238716182024, 0.009677414472925014, -0.4383035586027553, 0.23522413362235317, 0.19682005411380676, 0.16142014263292337, 0.5254139250528463, 0.5037002474863015, -0.08258854238040493]], "inverted": true, "swapped": false, "error_lsq": 0.05254928508777132, "error_max": 0.26971679900265655, "target": "564.xyz", "model": "18.xyz", "model_rescale": 3.922800546911778, "target_rescale": 3.9365536558221335},
{"mapping": [6, 1, 10, 4, 2, 8, 13, 0, 12, 3, 11, 14], "R": [[-0.49535465610455853, 0.685470859017258, -0.5336229625059974], [-0.6491621300718926, 0.11609447713119334, 0.7517383861824259], [0.5772454361500468, 0.7187849287636582, 0.3874737831468924]], "T": [0.03162877770059743, 0.023269806969238332, 0.003067308679005596], "aligned_model": [[-0.2610826255021112, 0.38383838885889454, -0.43181996403400535, -0.6653791816098767, 0.24674707301201637, -0.08142288964240785, -0.44950067453546716, 0.8508006314354735, 0.2827429398808312, 0.4760133191390349, -0.5354107970767592, 0.028701306582730825], [-0.23938809962593463, -0.33600957679599597, -0.635897126671784, -0.05872424215988892, -0.6418296234949531, 0.4054389656887868, 0.48253955158637085, -0.12414353316477211, 0.6924232548534783, 0.05871538097664253, -0.07383103026424201, 0.030902191872788858], [-0.563588345533722, -0.5399333710119505, 0.039328371021573896, -0.17391862199748503, 0.15957874406410305, -0.4612135423758034, 0.17453012881947713, 0.07836283893133544, 0.33138024674826005, 0.46177771209159496, 0.4229258096214974, 0.0991697949424069]], "inverted": false, "swapped": false, "error_lsq": 0.05182020375867496, "error_max": 0.3249764277176602, "target": "564.xyz", "model": "19.xyz", "model_rescale": 3.9282355846067225, "target_rescale": 3.9365536558221335},
{"mapping": [10, 9, 0, 2, 11, 7, 5, 8, 6, 4, 1, 13], "R": [[-0.2875454007283512, 0.9170300120327682, 0.2763577383594549], [0.576860239233551, 0.39615795456838054, -0.7143466521399867], [-0.764558635365125, -0.045987303284470316, -0.6429115499236577]], "T": [0.06902608336735748, 0.052957168512499105, -0.02087352297892797], "aligned_model": [[-0.4054245372810547, 0.5174587366611522, -0.19859997919805394, -0.7016972473379577, 0.22700692451102444, -0.02254058730078938, -0.35558989930222695, 0.8258692043720592, 0.23639477581124507, 0.3826948359977744, -0.5973633578594812, -0.06398134256533768], [-0.49243453891892586, -0.2401152993893544, -0.5624485720224207, 0.18293300874213045, -0.6456402278316221, 0.479749572774512, 0.5355268522982976, 0.04147991298316215, 0.6200206969607266, -0.22654377109449136, -0.10064230087691342, -0.03168922082460441], [-0.48957261943937197, -0.45841381741543935, 0.4148431892886184, -0.28127329030406295, -0.0017188113207287602, -0.4653525043342046, 0.25210618286201847, 0.05448125073556505, 0.2571026082815343, 0.4512059018236151, 0.285448386017613, 0.009543289126130935]], "inverted": false, "swapped": false, "error_lsq": 0.04919409728988619, "error_max": 0.24770329591200446, "target": "564.xyz", "model": "20.xyz", "model_rescale": 4.067790424073018, "target_rescale": 3.9365536558221335},
{"mapping": [9, 12, 13, 1, 11, 0, 8, 3, 2, 6, 5, 14], "R": [[-0.2226032301753923, 0.9731920849748805, 0.057835695359585326], [0.25390567097838257, 0.0005958455676321472, 0.9672288018938835], [0.9412649532201329, 0.22999306665702984, -0.24723162647443875]], "T": [-0.05370541254080755, 0.002574323948944822, 0.04809110523062385], "aligned_model": [[-0.32066978761540466, 0.32120645024934114, -0.33836369988700404, -0.8144290704360702, 0.310764800785977, 0.16493848261547278, -0.4541938781710211, 0.7919741433092538, 0.41642739262561645, 0.3326252498637897, -0.4990497605971792, -0.06700279623441735], [-0.27008166244602083, -0.30222466214512816, -0.5940855543943954, -0.1509744027482042, -0.531316539606521, 0.5671577006547356, 0.40815275061955497, 0.001291411831392815, 0.5357531313966415, -0.05782085901828813, 0.01633523384077707, -0.06199043518404757], [-0.6289898611189764, -0.546511737104437, 0.2785041128878275, -0.21841856837796128, 0.06051138657506919, -0.32325575065930523, 0.06491446522806064, -0.04448027049946826, 0.26813072969388607, 0.6763091755340428, 0.4353186479895037, 0.00636743517304568]], "inverted": true, "swapped": false, "error_lsq": 0.044117894562819, "error_max": 0.2405307238147155, "target": "564.xyz", "model": "21.xyz", "model_rescale": 4.186013935880536, "target_rescale": 3.9365536558221335},
{"mapping": [9, 8, 1, 10, 2, 11, 4, 5, 3, 0, 7, 12], "R": [[0.9307588803875532, -0.09807130558476215, -0.3522356109206007], [0.2502220284107649, -0.5315844322229446, 0.8092014136889604], [-0.2666024063614411, -0.8413085108562198, -0.4702373299549699]], "T": [-0.019757455966678963, -0.04133633272384704, 0.01316373656644245], "aligned_model": [[-0.3405133486178508, 0.2647464306384347, -0.2368669472930628, -0.8029309682268482, 0.5409541453779191, 0.1004285143486845, -0.405890448145407, 0.7365074392221472, 0.4193073093895054, 0.22415487879330503, -0.6441987197864966, -0.01147075919197687], [-0.3599573645764338, -0.31108772786824845, -0.6610860298146258, 0.11229964102976889, -0.5193767483545805, 0.35178591891905286, 0.5721710243401773, 0.05454441101993185, 0.7286048571510156, -0.33305850925254665, -0.07845329212215539, 0.0038099323291404114], [-0.4123325097496384, -0.6455925567832681, 0.3354943396190114, -0.2304233523785885, -0.06917133497760566, -0.46639460869973093, 0.05927429878253001, 0.14510716155999623, 0.2715265641817701, 0.627324453056567, 0.39659453768313235, 0.016992773027111822]], "inverted": false, "swapped": false, "error_lsq": 0.04922768067313032, "error_max": 0.2638120529040515, "target": "564.xyz", "model": "22.xyz", "model_rescale": 4.166573947596378, "target_rescale": 3.9365536558221335},
{"mapping": [12, 10, 6, 11, 5, 9, 3, 7, 8, 0, 2, 15], "R": [[0.8710121961727948, -0.09621528836637293, -0.4817472079865335], [-0.009579342363299187, 0.9771202722954166, -0.2124716679212014], [0.49116798584408095, 0.18968023553840893, 0.8501619951091453]], "T": [-0.042772915298502454, -0.025381409432980985, -0.044516377182215267], "aligned_model": [[-0.47024354641692245, 0.5677781469821978, -0.3748197958086541, -0.7478008818619363, 0.43688354553796016, -0.09340993690709566, -0.4026785594926592, 0.6580745683634975, 0.35588853725482195, 0.4554215800379615, -0.5126489760986807, -0.028217155082136805], [-0.3422472592931447, -0.08093587189918242, -0.675670473992985, 0.19566480536416825, -0.6756396805927843, 0.4290315804785699, 0.4197988981060044, -0.13141389392513744, 0.653505465942262, -0.03768189741534535, -0.12186699683246216, -0.07234856313946651], [-0.4269379350902818, -0.4747283425575153, 0.16990524864879988, -0.3205009142738534, 0.15081882591094958, -0.4336100586065601, 0.13908393074984599, 0.05013859905928453, 0.14058034594517685, 0.6023272713526189, 0.427411856874803, 0.003910937308019585]], "inverted": true, "swapped": false, "error_lsq": 0.04207726919717101, "error_max": 0.21801053830040523, "target": "564.xyz", "model": "23.xyz", "model_rescale": 4.274766983524099, "target_rescale": 3.9365536558221335},
{"mapping": [4, 0, 1, 7, 5, 8, 9, 6, 10, 3, 11], "R": [[0.7032980469558272, 0.624344165944605, -0.33995031931012326], [0.4600592006300659, -0.03516926152136818, 0.8871914421136323], [0.5419569992755366, -0.7803572806701923, -0.31196975084337714]], "T": [-0.03458895977731032, 0.06476240893774447, 0.03200803011381497], "aligned_model": [[0.14323780406167394, 0.23344643075988528, -0.39886511331368385, -0.47161704750734446, -0.5346090791411239, -0.5990828977027375, -0.0113932189782383, 0.007923976395667658, 0.5268921821107271, 0.38387142426683546, 0.10009024300641353], [-0.1800118382400433, 0.7044197907005467, 0.3826495912263966, -0.4103165670402804, 0.4486059329743745, -0.2532233982270167, -0.6004289435044695, 0.2380489420490275, -0.1423541220113846, 0.6619243664436163, 0.06627277687271617], [-0.7000605225864018, -0.15975868673980012, -0.5068792294198239, -0.4651539871001515, 0.24250399804831257, 0.48007649174309264, -0.045109601309500126, 0.6044495566151226, 0.42217485138391597, 0.4496309525082298, 0.05769261087858125]], "inverted": true, "swapped": true, "error_lsq": 0.053359248960866607, "error_max": 0.26583979623346565, "target": "564.xyz", "model": "24.xyz", "model_rescale": 3.7841303162186577, "target_rescale": 3.9365536558221335},
{"mapping": [13, 12, 10, 11, 9, 3, 6, 2, 4, 8, 7, 15], "R": [[0.8680475559206096, 0.49504249663878314, -0.03776727660153123], [-0.49584292979424877, 0.8605643147255913, -0.11648540335136015], [-0.02516405438938443, 0.11984150676002758, 0.9924740720160776]], "T": [-0.001705606135296231, -0.09067173612780893, 0.13436372590275195], "aligned_model": [[-0.24257239764151922, 0.37902425952049834, -0.3956818154582924, -0.6935600952376986, 0.3443535055911181, -0.07042332887614712, -0.3419713202799893, 0.7491846200990387, 0.3253838569151449, 0.3912259368834818, -0.5690849975722517, -0.03165069743503002], [-0.18741241093398564, -0.25708187574930325, -0.7428841737959946, -0.02332706389281035, -0.5508192208051996, 0.46051797705937386, 0.5453938773493168, -0.03588073027124488, 0.5798291922561358, -0.11211739846954179, -0.08536918255199209, -0.030652877394257455], [-0.6036230137197048, -0.5000843344276514, 0.2913885262229695, -0.19156514700221225, 0.03117413310231923, -0.4491340566903732, 0.09354422844628214, 0.09015013353347291, 0.1223083928091659, 0.5755016518470869, 0.4519453204551833, 0.1167939307447492]], "inverted": true, "swapped": false, "error_lsq": 0.04097403455924648, "error_max": 0.21909867869901517, "target": "564.xyz", "model": "25.xyz", "model_rescale": 4.19342608120988, "target_rescale": 3.9365536558221335},
{"mapping": [10, 8, 9, 7, 1, 6, 3, 2, 4, 0, 5, 11], "R": [[-0.2851719291900081, 0.6858831116182749, 0.6695082732863595], [0.796785774217293, -0.2186026926127141, 0.563334086299969], [0.5327376472589473, 0.6941017360440074, -0.484162554534835]], "T": [-0.033420136980056386, -0.08944239603574768, 0.007471150996074569], "aligned_model": [[-0.1910376718028157, 0.4569404453532968, -0.4078195521663899, -0.9244133995396959, 0.23751738926463203, 0.11836348424598883, -0.44306200927037165, 0.8006386269591139, 0.27852641334728834, 0.27656131791135885, -0.36195213855397423, 0.00396462075992228], [-0.238958984447462, -0.25081984729033086, -0.6817335005229228, -0.09824600032881066, -0.5596066049731112, 0.5252586359904938, 0.4232130186597737, -0.04308362387982846, 0.5687633594310612, -0.13806896205079125, 0.023558750664890923, 0.0299198715475342], [-0.5841683516534761, -0.5586913109644136, 0.25030407851107694, -0.0732420598466231, 0.019121769499803123, -0.5171242517219559, -0.012402728568810247, 0.06152893753474817, 0.26002661885606837, 0.6442293572937488, 0.550662964910068, -0.01184525852894694]], "inverted": true, "swapped": false, "error_lsq": 0.04723915513604946, "error_max": 0.2903892140979792, "target": "564.xyz", "model": "26.xyz", "model_rescale": 3.795458400668931, "target_rescale": 3.9365536558221335},
{"mapping": [5, 10, 8, 6, 11, 7, 0, 4, 3, 9, 1, 12], "R": [[0.09508853808209757, -0.8237701215133002, 0.5588926165439763], [0.015950687022665666, 0.562625344422367, 0.8265581028561257], [-0.9953410197057662, -0.06968148043472941, 0.06663892087594142]], "T": [-0.003909782706223384, -0.08181531100810635, 0.16757115753581345], "aligned_model": [[-0.29106943524173073, 0.39694496336883595, -0.39801551236804866, -0.7711620582352323, 0.4084724845540006, 0.004350369276801104, -0.32171866354219264, 0.8235436237409293, 0.3352549024839539, 0.19592287090637894, -0.49918224949788914, -0.03911376893745243], [-0.234018404292851, -0.12936849677182313, -0.6814636494689443, -0.13165302730340994, -0.6653235143534482, 0.3834488572489605, 0.6857693302180732, -0.11334708609214589, 0.570533271843683, -0.00662798224550043, -0.12195457685291533, 0.004201390870817806], [-0.5115709632536988, -0.41957498745881483, 0.04165748022056412, -0.13247401807261452, 0.13542097851076404, -0.4985137636677017, 0.20050329849840015, 0.05272434671532231, 0.10059950966175386, 0.5401138614760432, 0.489203235424147, 0.030310787267123024]], "inverted": true, "swapped": false, "error_lsq": 0.05312735116938549, "error_max": 0.32087932850069545, "target": "564.xyz", "model": "27.xyz", "model_rescale": 3.6321398670334006, "target_rescale": 3.9365536558221335},
{"mapping": [1, 6, 3, 2, 7, 13, 11, 12, 9, 8, 0, 14], "R": [[0.9123609955181251, 0.40628445487285125, 0.05030263994907207], [-0.054478103665233465, 0.2422705511744494, -0.9686780250705952], [-0.40574567166910847, 0.8810436548561592, 0.2431718079043816]], "T": [-0.017416850159875367, -0.058230869279565244, 0.08034242593592922], "aligned_model": [[-0.3878823347218776, 0.47805248129941913, -0.283135189807882, -0.721315848680327, 0.3954152477523051, -0.08231114035266787, -0.36271854368419676, 0.8025346737798084, 0.29676801224544075, 0.24635726540007963, -0.4935584788272181, -0.043978617894530045], [-0.3359997637725307, 0.09466779446937151, -0.663712760846798, 0.12142449597067795, -0.7111080010311318, 0.4745825963984356, 0.48328017684522784, -0.13698293461149652, 0.5314217167953506, -0.20535582517769516, -0.0473859638884251, -0.0446354183504893], [-0.4022204841045145, -0.49848360781500334, 0.26566787729414193, -0.24476342352101688, 0.14521533070465337, -0.53478022346549, 0.07270280599898357, 0.15096353789896017, 0.0673093453044864, 0.4996359735932954, 0.48355853634933266, 0.023594097083458984]], "inverted": false, "swapped": false, "error_lsq": 0.04175987220638386, "error_max": 0.2966128403245477, "target": "564.xyz", "model": "28.xyz", "model_rescale": 4.156811204709835, "target_rescale": 3.9365536558221335},
{"mapping": [4, 9, 7, 8, 10, 2, 1, 0, 5, 11], "R": [[0.17147280345742982, 0.9389605192362201, 0.2982452363242337], [0.20335577196749227, 0.26247631984915926, -0.943266988464002], [-0.9639727733094725, 0.2223945251891112, -0.14593549083055446]], "T": [-0.0718610006083405, 0.018545286290885907, 0.10276756302654196], "aligned_model": [[-0.6400179896327296, 0.06409974608806152, -0.02410877449773232, 0.6969925552633909, -0.06157414182328516, -0.6051906686036637, -0.34492250139318925, -0.573266488938011, 0.26596144337245337, -0.13504780572470662], [-0.13109088379187078, -0.4811934303538874, 0.03455444307772733, 0.04404422316395283, -0.5675785243728315, -0.453167312375935, 0.5939628138401769, 0.3699883047701292, 0.5791660478316047, -0.0699653511628623], [-0.4285212551290763, -0.322368412016095, -0.7104526322723791, -0.0667840210455221, 0.5111075410077461, 0.1323830082288475, -0.24144304251102278, 0.48073495758851753, 0.2178539710098068, 0.18627661211427693]], "inverted": false, "swapped": true, "error_lsq": 0.05047157458772904, "error_max": 0.20918977184499085, "target": "564.xyz", "model": "29.xyz", "model_rescale": 4.117894457231895, "target_rescale": 3.9365536558221335},
