[{"mapping": [10, 11, 7, 8, 4, 3, 6, 9, 0, 1, 12, 2, 13], "R": [[-0.022967574441072447, -0.23837722360628405, -0.9709010195638142], [-0.8974004034114802, 0.432938928522567, -0.08506703313649044], [0.4406188902909257, 0.8693331832131406, -0.22386337369766812]], "T": [-0.17840271009830055, 0.10624487640234477, 0.05125709285333315], "aligned_model": [[0.38204915956429364, -0.09404609893413428, 0.5201011019379559, 0.12197023422759057, 0.42566568718524866, -0.4457085965646828, -0.2668156064990006, 0.47558198893138937, -0.05851984980014241, -0.589382835853663, -0.09474602850223894, 0.057190365017379396, -0.03867252232482293], [0.5599108669281455, 0.03274369084537408, -0.11074185134773824, -0.47009354410921295, -0.6062404607613302, -0.15327537980717343, -0.6423383126399331, 0.42044476292887684, 0.5694142711312207, 0.48633722192908985, 0.6658768656920113, -0.1240646496306229, 0.07729227140937661], [-0.652667473754178, -0.6376139972048128, -0.13954035740897694, -0.38255075744670275, 0.25342099255139827, 0.4178592006965642, 0.17913458509096578, 0.1528721336001981, 0.6566616238686256, 0.19150422661747019, -0.07094521547851357, 0.7460316394407217, -0.02733733153102804]], "inverted": true, "swapped": false, "error_lsq": 0.052791084609373796, "error_max": 0.38669449455374916, "target": "565.xyz", "model": "0.xyz", "model_rescale": 3.8414455957264533, "target_rescale": 3.9100704804658366},
{"mapping": [2, 6, 7, 9, 13, 12, 8, 0, 1, 10, 4, 11, 14], "R": [[0.7039328637462705, 0.08202959030865281, -0.7055137629074074], [0.4595451147549434, 0.7047844311311138, 0.5404601679495524], [0.5415688422009161, -0.704663076901995, 0.4584246254382202]], "T": [0.025301636569057477, 0.12318815723124887, -0.0103697922519633], "aligned_model": [[0.13136256003576108, -0.3928725083070467, 0.6201252076355943, 0.2986251857729717, 0.30066382718666357, -0.4451965382230958, -0.35701208239809246, 0.6426588124324972, -0.024048222216091715, -0.656272816769957, 0.3102739716828148, -0.01686350580236993, -0.016776892644476855], [0.45293371806622607, 0.04792046547092489, 0.0700999067425829, -0.3783945901564293, -0.49983230722312155, -0.2113431220876556, -0.5682868715804203, 0.2392832582931308, 0.658970439320086, 0.16954148059761126, 0.580696701661481, -0.028029803233415945, 0.17170647669708397], [-0.6620013394022275, -0.6657264378411071, -0.2476914286419624, -0.38348996721848205, 0.32259892322843087, 0.4886390599155933, -0.011319697499619155, 0.3514442683185406, 0.6671254688431277, 0.030726854556591465, -0.08312922353982813, 0.8272581868244749, 0.05239460149819865]], "inverted": true, "swapped": false, "error_lsq": 0.04642255203529099, "error_max": 0.29997720100105, "target": "565.xyz", "model": "1.xyz", "model_rescale": 4.316132596720782, "target_rescale": 3.9100704804658366},
{"mapping": [4, 7, 11, 1, 6, 3, 9, 0, 8, 2, 10, 12], "R": [[-0.4593900962852575, -0.7145473470965128, -0.5276199656877645], [0.384328375223438, -0.695429868897895, 0.6071811899612577], [-0.8007823920598742, 0.07615370117067477, 0.5940944153624688]], "T": [-0.1284530784272365, -0.00202600332673899, -0.0885831403304829], "aligned_model": [[-0.09636819884453265, 0.5181268288511609, 0.1347146300760584, -0.6628066215763574, -0.6771696324298244, -0.553012332936636, -0.04602460297231356, -0.025677514990575273, 0.6220531058758697, 0.13187335249571622, 0.3440112952998087, -0.091911754216594], [-0.6435030137537595, -0.2709373006668213, -0.5215896679837523, 0.45217358120695716, -0.3815325106102931, -0.139832917016435, 0.5097813231971553, 0.6344061289285894, 0.015763016817158727, -0.03969260622619907, 0.43697454666275237, -0.03923415281437221], [0.12467398460996093, 0.1237727910068887, -0.5294101277307158, -0.1307118774845891, -0.31685957800834935, 0.3944841493609137, -0.7043472503499055, 0.5577981128590142, -0.5356291223383598, 0.5581101268984976, -0.03248295417363237, -0.060139793440301625]], "inverted": true, "swapped": true, "error_lsq": 0.040013289098413014, "error_max": 0.22306543130623266, "target": "565.xyz", "model": "2.xyz", "model_rescale": 3.795458400668931, "target_rescale": 3.9100704804658366},
{"mapping": [3, 1, 0, 8, 4, 7, 10, 6, 9, 11, 2, 12], "R": [[-0.42344444724617425, -0.4977092351679743, 0.7569546335976103], [0.8946717374442187, -0.09847527742575979, 0.43573512820802396], [-0.14232807985399581, 0.8617355377170133, 0.48698519558672915]], "T": [0.09779763562108451, -0.06477883072740516, -0.00033644322642975566], "aligned_model": [[-0.11230854494796577, -0.08204458460036382, -0.812276699605536, 0.3088802140593247, 0.3452904356853812, 0.01375884875771144, -0.2978372127558205, 0.595960586547714, 0.21865207338812104, 0.7232024156405434, -0.40282837494747764, 0.09485466852193283], [0.01093397358473612, -0.696689958175677, -0.1363306907678966, 0.14346690149262897, 0.4869222838548745, 0.5849076145224529, -0.06628797387510055, -0.22712001300985185, -0.6505653913968393, 0.23204708801003282, 0.4100014001864289, -0.005516189136079104], [-0.6189787280485434, -0.24923583051710882, 0.007565174847261519, 0.821554031250724, -0.3042673396931975, 0.3257293615869016, 0.5120716826419461, -0.4722518938795568, 0.5383238787283805, 0.23267710218575008, -0.10691099631474703, 0.002494987851289777]], "inverted": false, "swapped": true, "error_lsq": 0.04651702714470657, "error_max": 0.2037773588366691, "target": "565.xyz", "model": "3.xyz", "model_rescale": 3.7530521520055578, "target_rescale": 3.9100704804658366},
{"mapping": [4, 6, 3, 1, 2, 9, 7, 11, 8, 10, 12], "R": [[0.10994042950544716, 0.30259464520002444, -0.9467574043314524], [-0.9090148310420169, 0.4158648806693541, 0.02735759440297464], [0.4020014165470212, 0.8576088162572346, 0.3207833838777395]], "T": [0.009907687281847717, -0.01402036851543538, -0.06838013041729528], "aligned_model": [[-0.34039078922470806, -0.28756858506095895, 0.3094562013474228, 0.44535898153626124, 0.3270878417937332, -0.015358158568249895, -0.20718460007342818, -0.7140124632106245, -0.432098144023273, 0.26130850478927237, -0.008399186860242207], [-0.5818452992282381, -0.01478315754060259, -0.42951113008781, 0.3577992950766778, -0.5667768080618071, 0.7733005564390305, -0.41456558773900815, -0.023047884750988026, 0.26432649892330684, 0.16541013586185915, -0.06310326057807411], [-0.18181126000822928, -0.7077020080750721, -0.4809736679202014, -0.4754895877616382, 0.21667753675585216, 0.09713129033575792, 0.5042527100969595, 0.028522897980371206, 0.63203400309486, 0.5005606584831898, -0.0403717957365334]], "inverted": false, "swapped": true, "error_lsq": 0.0483628290140554, "error_max": 0.29005535498051904, "target": "565.xyz", "model": "4.xyz", "model_rescale": 3.7855080009869324, "target_rescale": 3.9100704804658366},
{"mapping": [11, 14, 6, 8, 7, 3, 10, 4, 0, 2, 1, 5, 16], "R": [[0.7772334169927906, -0.43720386958312507, -0.4525052396727056], [0.43689638657002905, 0.892522164490388, -0.11191842250248332], [0.45280212335164993, -0.1107111661709621, 0.8847108424639674]], "T": [-0.02210781655763243, 0.004343335827110238, -0.1050651232983538], "aligned_model": [[0.4317899305425616, -0.5711809895820612, 0.6198524990958758, 0.21516767078937055, 0.4955909651639228, -0.5132972317537421, -0.1424898990746981, 0.5114076147517991, -0.042800823538157604, -0.6348165121794574, 0.0835574284852944, 0.014788321249403116, -0.07290197556493858], [0.4795891748724363, 0.09909189497854648, 0.009526727337754413, -0.5822211885353804, -0.35686033452248567, -0.024299380502627886, -0.6605815190142433, 0.2876360952559228, 0.46405104655969326, 0.3841558729778742, 0.7392824996569363, -0.1427088047370565, 0.00860366824071361], [-0.5528981903532689, -0.4887821541120534, -0.2231208459273649, -0.4132083948901045, 0.298530406664388, 0.3851686562393256, 0.1676020102130831, 0.32167517345749286, 0.5247876400325893, 0.05653988439383603, 0.04259401271599578, 0.6899931057576846, -0.12205203514987223]], "inverted": true, "swapped": false, "error_lsq": 0.03982101852481439, "error_max": 0.2047057460946399, "target": "565.xyz", "model": "5.xyz", "model_rescale": 4.2253639853439635, "target_rescale": 3.9100704804658366},
{"mapping": [12, 0, 6, 3, 2, 1, 4, 5, 8, 9, 11, 10, 13], "R": [[-0.3061646133345704, -0.34556592106758205, 0.887044206191781], [0.2493961983996584, 0.8701312633980423, 0.42505660879596424], [-0.9187299743480081, 0.35136274511399307, -0.18022057479785142]], "T": [0.0019801401708594707, 0.0639210912777078, 0.040757080563920946], "aligned_model": [[0.12790168096011517, -0.5620979689376961, 0.5696749212662344, 0.23120199362614402, 0.4351430990719577, -0.6111835971543456, -0.17930414223262692, 0.4828095705983007, -0.1788374428837851, -0.48388945142736706, 0.48423634837848306, 0.054262905973410255, 0.024749081146347593], [0.6657293097406138, -0.09711559117759432, 0.014282068770163928, -0.4497377460514463, -0.38407453630851557, -0.16502165919076428, -0.614436481044423, 0.1849118549811668, 0.5642056749319541, 0.4269560110805351, 0.6675631998381972, -0.1258230400987228, 0.017826687096919785], [-0.661606356856333, -0.5060022111311596, -0.2575323277037529, -0.391239925711039, 0.2894363533972312, 0.37290347930336926, 0.12951701089965204, 0.43433751755737865, 0.5534804100651886, -0.028038373132602316, -0.051973406499612206, 0.7955922621747006, 0.007954836678709928]], "inverted": false, "swapped": false, "error_lsq": 0.04928575039175826, "error_max": 0.392059435096253, "target": "565.xyz", "model": "6.xyz", "model_rescale": 3.89814844738969, "target_rescale": 3.9100704804658366},
{"mapping": [9, 8, 10, 11, 4, 3, 7, 2, 1, 6, 5, 0, 12], "R": [[-0.6574053303226711, -0.7487552217117764, -0.08475759330401239], [0.5900895368089073, -0.5814940716502565, 0.5600526610813091], [-0.4686283924518326, 0.31816703568244653, 0.8241099242170647]], "T": [0.020494995893243682, -0.04463828717595851, 0.08189837797329874], "aligned_model": [[0.09782030153766916, -0.41238293683913635, 0.6636402055077036, 0.18483761902013993, 0.4999209014506257, -0.7605559982983628, -0.2189046414943447, 0.6027690015119261, 0.08811145758239497, -0.47369147665580275, 0.1307137142490272, -0.19469075031150526, 0.18707960112483743], [0.49246798525000157, -0.13186995333663892, 0.1914857747326043, -0.4743604589557413, -0.4524783849270775, -0.15110149684364982, -0.6356823681294104, 0.13921482402991164, 0.5978995226977764, 0.413817902316555, 0.7202250907479082, 0.026131316932103257, -0.030484001946258478], [-0.6276673541913123, -0.43063855151267166, -0.18175542873144035, -0.5841877474846993, 0.22086975679324028, 0.25798604400777037, 0.23883590546285968, 0.44065018689091634, 0.6272146064363295, 0.02736853574618972, 0.008329014378601285, 0.6293443983561329, 0.06047990288981474]], "inverted": true, "swapped": false, "error_lsq": 0.04857436892751627, "error_max": 0.28747477975072233, "target": "565.xyz", "model": "7.xyz", "model_rescale": 3.7474275329858107, "target_rescale": 3.9100704804658366},
{"mapping": [1, 12, 2, 4, 8, 7, 9, 3, 6, 10, 0, 5, 14], "R": [[-0.42759098620126496, 0.6498729025443736, 0.6283559175005683], [0.6339622796125349, -0.279931357327809, 0.7209232020216083], [0.6444049786802611, 0.7066142127944794, -0.2922987816069893]], "T": [-0.05356407060080853, 0.017890582576746424, -0.07384736732897826], "aligned_model": [[0.31043026523272643, -0.4309247161837, 0.7465220035190621, 0.38886424013270593, 0.40155855519213546, -0.4799514536618356, -0.2981912534206357, 0.4502024728230704, -0.11641759707048274, -0.6703714287784801, 0.049806591817990464, 0.06303495260771266, -0.019895633825096994], [0.490948019427657, 0.08169952822664656, 0.003285881450805224, -0.5473782480366735, -0.43397196928227505, -0.03190290014325813, -0.5816346413359232, 0.2602079201297028, 0.49309563589563576, 0.43421827829723697, 0.6615852015908733, -0.12659315033362137, 0.0017061966812773853], [-0.5304945013077246, -0.5577584959669412, -0.3350723136000442, -0.3852220368895437, 0.15830332850309, 0.4549172689403157, 0.3274847736795593, 0.37519173412279494, 0.5873392099003709, 0.07272443201254086, 0.021990940410246435, 0.6179261380418128, -0.12050120880474585]], "inverted": true, "swapped": false, "error_lsq": 0.04252398519560575, "error_max": 0.2575037196327088, "target": "565.xyz", "model": "8.xyz", "model_rescale": 4.019505241142653, "target_rescale": 3.9100704804658366},
{"mapping": [10, 6, 9, 11, 8, 3, 5, 7, 0, 2, 1, 4, 12], "R": [[-0.40235985985343653, -0.20046310546074475, 0.8932642870549328], [-0.9138352058210416, 0.029455086868598823, -0.4050155731074769], [0.05487950237326805, -0.9792583628474141, -0.19504178786266507]], "T": [0.013669286648951173, 0.08435196274442493, -0.016418914443395938], "aligned_model": [[0.11588070405561803, -0.402948097844829, 0.6653956106955291, 0.23318606862946845, 0.5396191022925222, -0.6435023342376801, -0.34518608417578345, 0.5708888081051253, -0.008333391521046368, -0.5191665062471884, 0.19284859581055414, -0.010805866528452258, 0.006790389351334724], [0.46131234142682837, -0.052196481116328505, 0.07570067929102313, -0.42297251790956625, -0.28714783194900784, -0.07506217959736826, -0.4771913490216533, 0.17885575751846938, 0.40418288582190465, 0.332353360425808, 0.7217875910925592, -0.19982907261588834, 0.04547256920130344], [-0.8444487794078955, -0.5959414035528918, -0.22261788454214923, -0.3022226543613082, 0.18730056266503575, 0.5138389470395199, 0.06368508659890337, 0.6908005902064359, 0.5491517185175496, 0.05106061410772092, -0.15011968875434156, 0.7621931694993103, -0.015851008974158268]], "inverted": false, "swapped": false, "error_lsq": 0.04876224799306553, "error_max": 0.3226044319614045, "target": "565.xyz", "model": "9.xyz", "model_rescale": 3.877068213659057, "target_rescale": 3.9100704804658366},
{"mapping": [7, 5, 8, 0, 11, 6, 12, 9, 14, 13, 2, 10, 15], "R": [[-0.6384097902472284, 0.6158528257000992, -0.4616906288779242], [-0.7347753035968365, -0.3090036318056102, 0.6038393898671398], [0.22921211342480732, 0.7247358502296862, 0.6497843907414115]], "T": [-0.07754979007813868, 0.10115977194549235, -0.022551894319440102], "aligned_model": [[0.2943409905872033, -0.35231974357885176, 0.6742745535872094, 0.23679521733447406, 0.3619251086119492, -0.5330083153456474, -0.29300738337157134, 0.4260130312390966, -0.012071660724040437, -0.5297538526962192, 0.1075465057254431, 0.05901869640639114, -0.045086149390264424], [0.504522586922175, -0.3298378396972755, 0.09383672257565821, -0.561649326314746, -0.4368117712300486, -0.09401571249501812, -0.6128536583277314, 0.35864664646477096, 0.49073186248702455, 0.6316463936271457, 0.7382184956753156, -0.10076594853413852, 0.023597301414951755], [-0.6269377447221587, -0.613938378485231, -0.19584201241101917, -0.3318047863220927, 0.22665426214216927, 0.3445565871399319, 0.021698106756222024, 0.31769845224463394, 0.65084824488902, 0.31171435574502676, -0.006712015878409, 0.6436206294069478, -0.05472643146330965]], "inverted": false, "swapped": false, "error_lsq": 0.0433242887293822, "error_max": 0.2987306535061464, "target": "565.xyz", "model": "10.xyz", "model_rescale": 4.260839863003843, "target_rescale": 3.9100704804658366},
{"mapping": [8, 7, 4, 11, 6, 5, 9, 10, 2, 3, 1, 12], "R": [[-0.2003449091134167, -0.9238665716356589, 0.32608660691066627], [0.9264372327296313, -0.07037373922450432, 0.36981291302471453], [-0.31870985426340437, 0.37618890818541695, 0.8700034104264558]], "T": [0.015099588953506238, 0.06201050910060742, 0.06690094048688403], "aligned_model": [[0.3372015915405001, 0.24516088526589297, -0.3955186475789743, -0.354012541323429, -0.6577601428203536, -0.3128354004115806, 0.2789179120800254, 0.6402812657042779, 0.32089939001681544, -0.19931810435498187, 0.039919384462209016, 0.015963056513728736], [-0.11907269773234812, -0.5881334077563479, -0.4726264127002046, -0.18264500999859895, 0.25652398200472437, 0.38875341891413234, 0.6620277549116876, 0.03927567537815202, -0.4513506138781748, -0.03739498125654127, 0.6749833297048421, 0.0027374679416108383], [-0.7248599224488995, -0.17775921405486064, 0.12654003350813148, -0.513988024383156, 0.14844521019311896, -0.4233121654387605, -0.4003097500472351, -0.09959919948274013, 0.4279378424428565, 0.6806915511214636, 0.40932480226085044, 0.06306691372473483]], "inverted": true, "swapped": true, "error_lsq": 0.0379467611656899, "error_max": 0.210292485799727, "target": "565.xyz", "model": "11.xyz", "model_rescale": 3.890672605050136, "target_rescale": 3.9100704804658366},
{"mapping": [10, 11, 12, 9, 5, 0, 6, 7, 3, 1, 4, 8, 13], "R": [[0.09725896857962546, 0.1717657715224469, -0.9803250546446958], [-0.9568235982349579, -0.2549527093835402, -0.13959841631873812], [-0.27391475844053215, 0.9515753442115292, 0.1395531060104872]], "T": [-0.07829907016594982, -0.009596960477387659, 0.0008492519118790814], "aligned_model": [[0.2852121199558899, -0.2559913772041872, 0.6185971426866326, 0.22745198697930008, 0.5659748712627635, -0.42662355778528527, -0.4335648546566802, 0.6453646843563265, 0.02112125809524823, -0.8398565711991459, -0.012758069189434881, -0.05197953125216523, 0.051718896335910355], [0.40546668788435275, -0.0418186587299109, 0.13719334645978093, -0.6146696838643945, -0.41473467063794983, 0.2819803898925488, -0.45988858023456297, 0.19018101409141763, 0.5343426977874509, 0.13810529083079087, 0.6879601991771191, -0.23129407764643567, 0.09244179755787657], [-0.7028000122157875, -0.518909701908451, -0.2180580824698009, -0.3815428328505986, 0.16130705333277207, 0.3781385836232201, 0.05636522698394786, 0.4050320095157992, 0.7406522003361207, 0.060115667096259526, -0.012395748309885667, 0.6859395495722911, 0.03298535633584443]], "inverted": true, "swapped": false, "error_lsq": 0.0554009186085895, "error_max": 0.39157666559782905, "target": "565.xyz", "model": "12.xyz", "model_rescale": 4.124412569039231, "target_rescale": 3.9100704804658366},
{"mapping": [11, 9, 2, 8, 1, 3, 6, 4, 5, 7, 10, 0, 12], "R": [[-0.6239422414199559, -0.460249074269947, -0.6315590780010202], [-0.7476452156422717, 0.5867624661345577, 0.3110248219401681], [0.2274262757446086, 0.666243647601498, -0.7102089066828073]], "T": [-0.08062473492098955, 0.03528018934128147, 0.1484497581839831], "aligned_model": [[0.28950471880815687, -0.5236961373869123, 0.7081384968571457, 0.16071422899016452, 0.4680021651954077, -0.6100305806939653, -0.18676541174290945, 0.56574699931531, -0.14101085295844268, -0.4624786613217011, 0.17534492476620522, -0.04817244874141509, -0.0006304427018716113], [0.28869298099588264, -0.03861428162121124, 0.09356941889614342, -0.26431044584961966, -0.562559568461042, -0.35748439265833276, -0.5922130212405782, 0.3213890584463334, 0.614196579459639, 0.5254163426491023, 0.6328732696156378, -0.06693454999798076, 0.11124436233411006], [-0.7399977674721357, -0.3063783538302655, -0.19338418331646728, -0.45727053758184766, 0.21523633893389682, 0.42088105108917667, -0.057946080392123345, 0.4928645545405183, 0.6331715434102188, 0.06459390192446779, -0.20079473500859324, 0.718771061992241, 0.09708247475264471]], "inverted": true, "swapped": false, "error_lsq": 0.04797542590017516, "error_max": 0.2756148762006288, "target": "565.xyz", "model": "13.xyz", "model_rescale": 3.9028299243045295, "target_rescale": 3.9100704804658366},
{"mapping": [4, 3, 10, 7, 9, 1, 6, 14, 12, 2, 5, 11, 15], "R": [[0.18879013249622725, 0.09399884204739972, 0.9775083138090463], [0.9391296620625297, -0.3082390692342437, -0.15173712146975118], [0.2870431391034733, 0.9466535236776734, -0.14646959548749028]], "T": [-0.06692949381714663, 0.20533232946533148, 0.010304204988153785], "aligned_model": [[0.14980524569887443, -0.33425871614674024, 0.642825831378633, 0.4110557741342593, 0.26266566702514615, -0.4201083886040895, -0.3237601315808805, 0.6571124188805262, -0.042129834868874394, -0.7927862121684754, 0.1315463399807611, 0.06580173394413893, -0.013102729288106928], [0.3436696628776509, -0.07004254427012885, 0.15830455191790066, -0.4318155596652387, -0.47419898474373073, -0.08777555974515694, -0.409726345490981, 0.03698349412169599, 0.6030772988707778, 0.32097012053716817, 0.6686607972822438, -0.05787168972782458, 0.10503051060370704], [-0.6167939601773966, -0.48101362599499414, -0.21193073498339243, -0.4212054783737051, 0.1848025700874011, 0.47025114682215674, 0.022515352194530495, 0.49037985639998044, 0.5807638487751583, 0.054004265125988264, -0.07933902099022352, 0.6877721037076995, 0.006622946448528328]], "inverted": false, "swapped": false, "error_lsq": 0.04643542243176775, "error_max": 0.26324704337235405, "target": "565.xyz", "model": "14.xyz", "model_rescale": 3.942246331269136, "target_rescale": 3.9100704804658366},
{"mapping": [12, 8, 1, 0, 2, 6, 7, 5, 10, 11, 4, 9, 14], "R": [[-0.08534365064011626, 0.6353711445046822, 0.7674763644740002], [-0.6047982194754075, 0.5791049466074092, -0.5466777611483818], [-0.7917926338472691, -0.5108238145835026, 0.3348484066552577]], "T": [0.03489468178021969, 0.2044159958378906, 0.04833253777944636], "aligned_model": [[0.34717808574908354, -0.48099905297248446, 0.7536908394602534, 0.1722284708815034, 0.39997019724335436, -0.4426898570705219, -0.21355896952104553, 0.6043650309504203, -0.17648635966161164, -0.6263381670100545, 0.013584017112347233, -0.0394283256394395, 0.08315108886336744], [0.44043855876805243, -0.1850664899226896, 0.13104186822110478, -0.4176071113706248, -0.45750879091400454, -0.025070156809159805, -0.5991220867610194, 0.032503089113479405, 0.545613344475438, 0.47280605660827824, 0.7822662888887121, -0.15609193355768136, 0.14106311582819817], [-0.669197032033705, -0.3771060288978796, -0.3185322286965869, -0.319014937151314, 0.15427291408740215, 0.22732556371174423, 0.2018800584281894, 0.26953161577627727, 0.638165514684635, -0.02130164647596182, 0.14476319325320158, 0.7643440108323414, -0.008301728476612424]], "inverted": true, "swapped": false, "error_lsq": 0.046294443238249716, "error_max": 0.2552402302373045, "target": "565.xyz", "model": "15.xyz", "model_rescale": 4.355366556412066, "target_rescale": 3.9100704804658366},
{"mapping": [4, 7, 11, 1, 6, 3, 9, 0, 8, 2, 10, 12], "R": [[-0.4593900962852575, -0.7145473470965128, -0.5276199656877645], [0.384328375223438, -0.695429868897895, 0.6071811899612577], [-0.8007823920598742, 0.07615370117067477, 0.5940944153624688]], "T": [-0.1284530784272365, -0.00202600332673899, -0.0885831403304829], "aligned_model": [[-0.09636819884453265, 0.5181268288511609, 0.1347146300760584, -0.6628066215763574, -0.6771696324298244, -0.553012332936636, -0.04602460297231356, -0.025677514990575273, 0.6220531058758697, 0.13187335249571622, 0.3440112952998087, -0.091911754216594], [-0.6435030137537595, -0.2709373006668213, -0.5215896679837523, 0.45217358120695716, -0.3815325106102931, -0.139832917016435, 0.5097813231971553, 0.6344061289285894, 0.015763016817158727, -0.03969260622619907, 0.43697454666275237, -0.03923415281437221], [0.12467398460996093, 0.1237727910068887, -0.5294101277307158, -0.1307118774845891, -0.31685957800834935, 0.3944841493609137, -0.7043472503499055, 0.5577981128590142, -0.5356291223383598, 0.5581101268984976, -0.03248295417363237, -0.060139793440301625]], "inverted": true, "swapped": true, "error_lsq": 0.040013289098413014, "error_max": 0.22306543130623266, "target": "565.xyz", "model": "16.xyz", "model_rescale": 3.795458400668931, "target_rescale": 3.9100704804658366},
{"mapping": [9, 8, 10, 11, 4, 3, 7, 2, 1, 6, 5, 0, 12], "R": [[-0.6574053303226711, -0.7487552217117764, -0.08475759330401239], [0.5900895368089073, -0.5814940716502565, 0.5600526610813091], [-0.4686283924518326, 0.31816703568244653, 0.8241099242170647]], "T": [0.020494995893243682, -0.04463828717595851, 0.08189837797329874], "aligned_model": [[0.09782030153766916, -0.41238293683913635, 0.6636402055077036, 0.18483761902013993, 0.4999209014506257, -0.7605559982983628, -0.2189046414943447, 0.6027690015119261, 0.08811145758239497, -0.47369147665580275, 0.1307137142490272, -0.19469075031150526, 0.18707960112483743], [0.49246798525000157, -0.13186995333663892, 0.1914857747326043, -0.4743604589557413, -0.4524783849270775, -0.15110149684364982, -0.6356823681294104, 0.13921482402991164, 0.5978995226977764, 0.413817902316555, 0.7202250907479082, 0.026131316932103257, -0.030484001946258478], [-0.6276673541913123, -0.43063855151267166, -0.18175542873144035, -0.5841877474846993, 0.22086975679324028, 0.25798604400777037, 0.23883590546285968, 0.44065018689091634, 0.6272146064363295, 0.02736853574618972, 0.008329014378601285, 0.6293443983561329, 0.06047990288981474]], "inverted": true, "swapped": false, "error_lsq": 0.04857436892751627, "error_max": 0.28747477975072233, "target": "565.xyz", "model": "17.xyz", "model_rescale": 3.7474275329858107, "target_rescale": 3.9100704804658366},
{"mapping": [4, 0, 5, 8, 10, 1, 3, 12, 7, 2, 9, 11, 13], "R": [[-0.6153334907452036, -0.19454362714607257, 0.7638831535674631], [0.707748981342936, 0.2903209573520226, 0.6440536632379648], [-0.3470678241718167, 0.9369453126298541, -0.04095615418451665]], "T": [0.010598995007350974, 0.07528674784100774, 0.07440054785597579], "aligned_model": [[0.2311997304032401, -0.5644826839261962, 0.6971507315988222, 0.1374087633741573, 0.5149966595489383, -0.6029162271792469, -0.14609286773162397, 0.5806458331035275, -0.10296178413251258, -0.5541834737725707, 0.2510100303913218, 0.022121140525919146, -0.06922885381860386], [0.23666093114759473, -0.007689017529728795, 0.09541778294786966, -0.4179353937632776, -0.38082204228895916, -0.13865719338651633, -0.5809398094020098, 0.3798064767470147, 0.46223099624743214, 0.4977639356203573, 0.6892605736843276, -0.24844278040353346, 0.11861129294751321], [-0.7095124004524002, -0.526880148405747, -0.1524504849365927, -0.4330496003327297, 0.19266777930504098, 0.31177257436086936, 0.14790937065705856, 0.4506335347099507, 0.710637437781915, -0.005389881235435545, -0.0394539254904802, 0.7200034401289813, 0.01994157295130091]], "inverted": false, "swapped": false, "error_lsq": 0.042070926346696895, "error_max": 0.24685635912288473, "target": "565.xyz", "model": "18.xyz", "model_rescale": 3.922800546911778, "target_rescale": 3.9100704804658366},
{"mapping": [0, 8, 3, 12, 7, 4, 13, 9, 10, 6, 2, 11, 14], "R": [[-0.3278549382790743, -0.9428682361462694, 0.05925055875219534], [-0.1956537648600808, 0.12912261269620068, 0.9721352556031405], [-0.924246040695929, 0.30712674933474926, -0.226809206384947]], "T": [-0.06373004145822653, 0.08304015784638252, -0.09076677182687701], "aligned_model": [[0.4439252397679608, -0.5703969537443165, 0.5472751651707064, 0.24385096276701224, 0.5207417735066082, -0.5603036503932408, -0.23497630259301214, 0.5280789717590804, -0.1745455975583584, -0.6540447743132085, 0.2776409265821179, 0.01267749712397491, 0.014743740309848291], [0.4579061856162075, -0.12265894948164482, 0.03667608471192646, -0.534348659973147, -0.37824295105501177, -0.014622840019403033, -0.5393148270456596, 0.34251299994405526, 0.4909480457840107, 0.4167577813517927, 0.6794348186195541, -0.17091964495958856, 0.041137709074992354], [-0.6386757171308496, -0.36529759206488066, -0.27426678212612243, -0.468707267193159, 0.19875284756467973, 0.4266728177382123, 0.14410071772322705, 0.4043888824915377, 0.5962060913546231, 0.03544272008781282, 0.1114910674976789, 0.5702248464069448, -0.053503363307973145]], "inverted": true, "swapped": false, "error_lsq": 0.04121119301593728, "error_max": 0.24887690246000127, "target": "565.xyz", "model": "19.xyz", "model_rescale": 3.9282355846067225, "target_rescale": 3.9100704804658366},
{"mapping": [8, 9, 4, 11, 0, 2, 10, 3, 5, 7, 6, 1, 13], "R": [[-0.9516407471878686, 0.08115090244492186, -0.2963012307164622], [0.2729905829917857, 0.6657598216380346, -0.6944350232313299], [0.14091142568833928, -0.7417401100957581, -0.6557176062800301]], "T": [-0.03994962373375212, 0.14368795273103152, -0.03655439814545411], "aligned_model": [[0.23390413784943792, -0.23122150748728232, 0.5604762671669042, 0.23279396264358693, 0.4750057903199263, -0.5228538094925281, -0.42836169525759393, 0.5528753205284427, -0.05062986765911788, -0.6009680794779952, 0.08572512572556486, 0.1096322071229122, -0.02171085359708502], [0.4061794133296563, -0.06325355771945809, 0.09176699294312922, -0.43943037191304235, -0.4215924463953272, -0.05315439359706639, -0.6150412169377675, 0.2442993343492897, 0.49846899485649826, 0.41197439662094476, 0.7783504392413596, -0.1604071292318332, 0.027105297021701058], [-0.6958903743425093, -0.6682308208300679, -0.22671435294842615, -0.35111302047246995, 0.1989789967207257, 0.6012330652219129, 0.08874707343296792, 0.415984002977531, 0.5648660012314332, 0.0005731215518255395, 0.054294044999873586, 0.6317660738664239, 0.07233545763251038]], "inverted": false, "swapped": false, "error_lsq": 0.03918287044064906, "error_max": 0.2605796783503717, "target": "565.xyz", "model": "20.xyz", "model_rescale": 4.067790424073018, "target_rescale": 3.9100704804658366},
{"mapping": [3, 6, 12, 11, 10, 5, 13, 9, 7, 4, 0, 1, 14], "R": [[0.9888665045792883, -0.05838133607081927, 0.1368745985189605], [0.12729922997743234, -0.14443063391490463, -0.9812923611412103], [0.07705804415045428, 0.987791178126999, -0.1353907169867336]], "T": [-0.06988315255594402, 0.12325568118877041, 0.013099808972325246], "aligned_model": [[0.23990612120358312, -0.49783526988617804, 0.6731900095725257, 0.22190628045468552, 0.4089753080294586, -0.5370908974281163, -0.12125830367636856, 0.5610555690559988, 0.16499353563746005, -0.827689178808324, 0.10054931684413199, 0.0198050944599788, -0.011840587073663984], [0.34338220910676576, -0.051761314862158445, 0.12413441480111986, -0.28811423988171203, -0.4864127626839785, -0.0920982564490601, -0.5639082435865413, 0.03591978515855321, 0.5185680014373667, 0.379707029251102, 0.8125095288524433, -0.10145209287713323, 0.07479169430131692], [-0.7480308856006453, -0.5646396989906064, -0.1735961214849908, -0.3914566998134663, 0.2782144725147776, 0.3025919945891851, 0.13675189917682173, 0.4584521080616827, 0.6006583745738794, -0.03624821417823988, -0.005337554612884994, 0.7971709383352015, 0.03229865647101689]], "inverted": false, "swapped": false, "error_lsq": 0.04291123329086339, "error_max": 0.23708051271330136, "target": "565.xyz", "model": "21.xyz", "model_rescale": 4.186013935880536, "target_rescale": 3.9100704804658366},
{"mapping": [3, 11, 6, 4, 7, 9, 10, 0, 2, 8, 5, 1, 12], "R": [[0.19108285432676803, 0.9263059023936013, 0.3247225245853935], [-0.8883961218261405, 0.022523801325492886, 0.45852481841021814], [0.4174202600576653, -0.37609846259274454, 0.8272304835587028]], "T": [-0.00048665249394288373, 0.053043593400650825, 0.07517723293828144], "aligned_model": [[0.40548731447930375, -0.3970966790198023, 0.515412230739412, 0.14582339305261133, 0.3525657466984257, -0.485442136268604, -0.2334206452453451, 0.5568339314913586, -0.1529931277715059, -0.6892723814838496, 0.1673406270692254, 0.19771583823166006, 0.01171288641228251], [0.3820869254150875, 0.11942789106485399, -0.004415055222893163, -0.413474159629438, -0.5613272393135703, -0.22014803518108253, -0.7432247519743973, 0.33315938235876197, 0.6740539634539878, 0.3732712786701377, 0.7887849643753801, -0.07799843979990331, 0.055069028351159274], [-0.6859103300486793, -0.41191576700592525, -0.12581952075223987, -0.46201054191180574, 0.26550910944718475, 0.3501959106095931, -0.014253800894715396, 0.4394811616146395, 0.45039330155691476, 0.17860150393114527, -0.09528512474079057, 0.7670348730183618, 0.030808494218048002]], "inverted": true, "swapped": false, "error_lsq": 0.04676886774063519, "error_max": 0.2572398963420129, "target": "565.xyz", "model": "22.xyz", "model_rescale": 4.166573947596378, "target_rescale": 3.9100704804658366},
{"mapping": [13, 12, 5, 6, 1, 3, 2, 0, 8, 9, 7, 4, 15], "R": [[0.8140651957972369, -0.5109478364633997, 0.27609810829662973], [0.41807370923257053, 0.18557103509377926, -0.8892568608578422], [0.4031280573715088, 0.8393424207959435, 0.36468077823252365]], "T": [-0.14363054985706003, 0.10235170144559061, -0.01505069942897759], "aligned_model": [[0.2827534396662329, -0.4372440128988788, 0.6291425951547142, 0.13193506675630462, 0.41138956920214953, -0.5217813180816482, -0.12908491362794564, 0.5225835385910935, -0.1789235310127614, -0.6415572134105862, 0.4054240625266303, 0.0019524802076251735, -0.08192276468775733], [0.4989602249049485, -0.14773493537379387, 0.13508229028308444, -0.5035855309690962, -0.32477535113662814, -0.10805093234425084, -0.5402596786703036, 0.15036483681783405, 0.5644295971678917, 0.4301237050242176, 0.5576635326266545, -0.07841483751090009, 0.07146283174842609], [-0.6296330873098319, -0.5447951318057387, -0.31970190343826427, -0.3838477890066882, 0.11766783454073144, 0.4022733715296913, 0.1840680535837103, 0.4546399328205245, 0.6477596535281708, 0.05624949464228822, 0.03613344515660377, 0.6820737895365659, -0.016058394736031968]], "inverted": true, "swapped": false, "error_lsq": 0.04388511164836331, "error_max": 0.33396083927000525, "target": "565.xyz", "model": "23.xyz", "model_rescale": 4.274766983524099, "target_rescale": 3.9100704804658366},
{"mapping": [1, 10, 0, 3, 2, 4, 6, 11, 5, 8, 12], "R": [[0.9014489044669722, -0.31637817956471237, -0.2954567990935641], [-0.3503339215462391, -0.9341071425007741, -0.06862936502017641], [-0.25427547276394885, 0.16537440498564956, -0.9528878686006624]], "T": [-0.022553009542219414, 0.06805767944324576, 0.005077038571726863], "aligned_model": [[0.20926270129516117, 0.08048297918985817, -0.3751430309019392, -0.5073808304117782, -0.641424528439451, -0.46839853173191415, 0.05855017918135231, 0.1740893795834174, 0.5420541039170372, 0.3721430176707795, -0.06434073539444835], [-0.18608698776358912, 0.6937928875867385, 0.5671386170302677, -0.28278393651601036, 0.3843661807231475, -0.1718451733585634, -0.624482787103174, -0.024647388157205657, -0.176691260939, 0.6499883995138729, 0.08683798022699943], [-0.6075221505397906, -0.12503957272299365, -0.6731676771883176, -0.26777357447874994, -0.06086066389247949, 0.4541529645609082, 0.11012537354411177, 0.7024073896186488, 0.280627286616489, 0.5237269928613539, 0.04289006564239703]], "inverted": true, "swapped": true, "error_lsq": 0.05006355063023904, "error_max": 0.26295221589393114, "target": "565.xyz", "model": "24.xyz", "model_rescale": 3.7841303162186577, "target_rescale": 3.9100704804658366},
{"mapping": [10, 11, 0, 7, 1, 3, 6, 8, 2, 12, 9, 4, 15], "R": [[0.20388816549632588, 0.02479668451807271, 0.9786801011604631], [0.8820829574232715, -0.43831342317627353, -0.17265862065623092], [0.42468726398840606, 0.8984800874256526, -0.11123965257781865]], "T": [0.011347868178481036, 0.1268400896764892, -0.006531843332359261], "aligned_model": [[0.22989980079720926, -0.4229446192088644, 0.6706829540289556, 0.23169572334975558, 0.5473154580802739, -0.6714160083035852, -0.20327798463661337, 0.5028771459473895, 0.07224079343123391, -0.5133031570648159, 0.05320304570782973, -0.0804363669833835, -0.021869786760212954], [0.38760876124955623, -0.23059290042590108, -0.16245001297302886, -0.27054873758510667, -0.2024474064251801, -0.2056220862923951, -0.5573678306881513, 0.2534869664753248, 0.5111056800776901, 0.6265652800516277, 0.7099432226427695, -0.2212700575836571, 0.06685487404453595], [-0.7061673612642574, -0.5290825701982426, -0.1579201864343698, -0.47164957336351154, 0.39013537397852505, 0.26236270505858117, 0.08190862962383917, 0.2964818879273623, 0.6395525440467207, 0.21749481187595504, 0.012951199679930477, 0.6469965205575533, 0.003765287553645408]], "inverted": true, "swapped": false, "error_lsq": 0.050162414738180935, "error_max": 0.28571067756858304, "target": "565.xyz", "model": "25.xyz", "model_rescale": 4.19342608120988, "target_rescale": 3.9100704804658366},
{"mapping": [4, 7, 11, 1, 6, 3, 9, 0, 8, 2, 10, 12], "R": [[-0.4593900962852575, -0.7145473470965128, -0.5276199656877645], [0.384328375223438, -0.695429868897895, 0.6071811899612577], [-0.8007823920598742, 0.07615370117067477, 0.5940944153624688]], "T": [-0.1284530784272365, -0.00202600332673899, -0.0885831403304829], "aligned_model": [[-0.09636819884453265, 0.5181268288511609, 0.1347146300760584, -0.6628066215763574, -0.6771696324298244, -0.553012332936636, -0.04602460297231356, -0.025677514990575273, 0.6220531058758697, 0.13187335249571622, 0.3440112952998087, -0.091911754216594], [-0.6435030137537595, -0.2709373006668213, -0.5215896679837523, 0.45217358120695716, -0.3815325106102931, -0.139832917016435, 0.5097813231971553, 0.6344061289285894, 0.015763016817158727, -0.03969260622619907, 0.43697454666275237, -0.03923415281437221], [0.12467398460996093, 0.1237727910068887, -0.5294101277307158, -0.1307118774845891, -0.31685957800834935, 0.3944841493609137, -0.7043472503499055, 0.5577981128590142, -0.5356291223383598, 0.5581101268984976, -0.03248295417363237, -0.060139793440301625]], "inverted": true, "swapped": true, "error_lsq": 0.040013289098413014, "error_max": 0.22306543130623266, "target": "565.xyz", "model": "26.xyz", "model_rescale": 3.795458400668931, "target_rescale": 3.9100704804658366},
{"mapping": [11, 10, 8, 5, 6, 0, 7, 1, 2, 3, 9, 0, 12], "R": [[-0.33136041716916154, 0.08911874758724175, -0.9392859643164913], [-0.7912534052077396, -0.568510335204857, 0.22519779641998705], [-0.51392443285043, 0.817834853496562, 0.25889733433471535]], "T": [0.09513760408330293, 0.20467489994127724, -0.06230959827080215], "aligned_model": [[0.2538413911963744, -0.275820659242477, 0.7491668721743028, 0.21008840487597624, 0.5365573060348227, -0.25758763000137297, -0.42427235519125195, 0.5204138063832524, -0.07701687620267808, -0.6131822530136118, 0.011504382584413345, -0.25758763000137297, 0.01856223878879562], [0.4769924879359238, -0.0748327149308925, -0.01813427955238861, -0.4940371760292995, -0.4388874750133291, -0.04484362952809967, -0.4200945334941098, 0.22440502899531078, 0.6413825910009288, 0.22881476756035504, 0.611125137507802, -0.04484362952809967, 0.05821917764398246], [-0.7043616451938545, -0.6026353228185273, -0.2932933555349936, -0.31813808802564647, 0.2063222612464272, 0.6480414450762634, -0.07150459042124187, 0.34891302308662364, 0.6823273208958573, 0.14451594580293334, 0.04804428140382275, 0.6480414450762634, -0.04944345155219561]], "inverted": true, "swapped": false, "error_lsq": 0.05353115877233206, "error_max": 0.35962305424043484, "target": "565.xyz", "model": "27.xyz", "model_rescale": 3.6321398670334006, "target_rescale": 3.9100704804658366},
{"mapping": [10, 8, 11, 0, 1, 7, 3, 13, 6, 12, 9, 4, 14], "R": [[-0.5160787118089099, -0.4675348658580319, -0.7176865000992901], [0.6116339928313346, 0.3854286527929588, -0.690904199161797], [0.5996387429368247, -0.7955224087436614, 0.08704869416497663]], "T": [0.05646621996051547, -0.00033284662964863654, -0.006941957166940849], "aligned_model": [[0.13630909263721913, -0.37520457332675006, 0.630338740234009, 0.2428772392140286, 0.3271384739412254, -0.6539870309284046, -0.19760490356269067, 0.6586630406761733, 0.022690277375863863, -0.5896311509775923, 0.2021424983661304, -0.11373241865872712, 0.10466771339468743], [0.2653494503848375, 0.03958148354994348, 0.16042734999065875, -0.34702307438397073, -0.4178212824034233, -0.2007866415368181, -0.6367729065902366, 0.39125596037531996, 0.49237050613368283, 0.4942830025275474, 0.6443164756261992, -0.1757853549385351, -0.00412921616712137], [-0.7333782349865747, -0.28818346950752766, -0.24642541395730458, -0.4911614446933817, 0.4399440831906357, 0.22962058934568066, -0.05112333595112903, 0.38099428406662733, 0.593066400290734, 0.13942429539600662, -0.10582489019987093, 0.7847120664439466, 0.035164339603888865]], "inverted": false, "swapped": false, "error_lsq": 0.04648270967504885, "error_max": 0.2764551474925993, "target": "565.xyz", "model": "28.xyz", "model_rescale": 4.156811204709835, "target_rescale": 3.9100704804658366},
