[{"mapping": [10, 5, 12, 8, 13, 1, 11, 14, 7, 9, 4, 3, 6, 15], "R": [[-0.5607006164878985, -0.3877835945495549, 0.7316000973676243], [-0.42440814449106945, 0.8932600174305397, 0.14820346875036278], [-0.7109799895635168, -0.22739926353930567, -0.6654299582841481]], "T": [-0.03562160088377864, 0.12120670670210634, 0.06823888246459149], "aligned_model": [[0.1299618579022327, 0.3436823839640519, -0.4528919173118843, -0.5693989672800188, -0.7201290946019689, -0.18557291538143603, -0.5556603065082993, 0.052219227996494005, -0.3916400130964123, 0.28506094149400496, 0.6763545953934225, 0.23217956077468443, 0.5609782020087455, -0.033651454225312634], [-0.4941290423480721, -0.3321164723736162, -0.4546742752806183, -0.36018477608698796, 0.2620591216845116, 0.020363890961298745, 0.34364209160051284, 0.4873223531625054, 0.7376029382822621, -0.2127656121573672, 0.5488060305391332, 0.7031308897801367, -0.09497187639369364, 0.08118807044002933], [0.22966875001707382, -0.38521498749469835, 0.36554712093883746, -0.30753220558696764, 0.48363385966651506, -0.6179990678382736, -0.2092782455567898, 0.6760024548662792, 0.23572317341349203, 0.6828035987418831, 0.33558727995634174, 0.03739356480250071, 0.24347695569015598, 0.12777583556348351]], "inverted": true, "swapped": true, "error_lsq": 0.04496840720341856, "error_max": 0.3201968749192027, "target": "566.xyz", "model": "0.xyz", "model_rescale": 3.8414455957264533, "target_rescale": 4.156864279255804},
{"mapping": [9, 6, 8, 5, 10, 1, 11, 12, 7, 13, 2, 4, 3, 14, 15], "R": [[-0.41354544297412243, -0.9103300213855805, 0.01671582362509941], [0.9102730771735783, -0.4137748628016583, -0.013902801387258742], [0.019572725111274957, 0.009466524050434879, 0.9997636187390102]], "T": [0.008609030171585227, 0.013614815685223644, -0.0731791784511408], "aligned_model": [[-0.6960853541253841, -0.570791045454665, 0.20566253823097894, -0.2836669234941436, -0.5601932068483002, 0.37028801142368806, 0.5963747275851962, -0.2536694619225103, 0.5306589450049615, 0.30329939932199934, 0.4288297822051277, -0.2758999296150853, 0.23343411115142018, -0.10904373534755653, -0.04715370461118262], [0.2101714342994267, 0.15989384700066184, -0.7478553253871582, -0.44001999297711797, -0.305387237416921, -0.4900275269181668, -0.15597510371027146, -0.4114738813252565, 0.44372127630135744, 0.09979402214745385, 0.040655439094957016, 0.7395164538504421, 0.5343732302037665, 0.6532888661567988, 0.01636902672304234], [0.16522366058922558, -0.34935101675154934, 0.1247932600622407, -0.5867782994282786, 0.009387602390099004, -0.4183021998498842, 0.07750013775080411, 0.5138942439628169, 0.2046998074653985, 0.679598099069145, -0.6138078474120447, -0.4647758012184974, -0.3724599952919042, 0.22365103170095446, -0.02809089569899103]], "inverted": false, "swapped": true, "error_lsq": 0.04103674334249606, "error_max": 0.29116250189881127, "target": "566.xyz", "model": "1.xyz", "model_rescale": 4.316132596720782, "target_rescale": 4.156864279255804},
{"mapping": [8, 10, 12, 3, 13, 1, 14, 0, 9, 5, 6, 15], "R": [[0.24138998144987556, 0.9692552791942277, -0.04769780508313401], [0.8076213213854875, -0.22790047765503535, -0.5438834190597889], [-0.5380322277514498, 0.09276624406930922, -0.8378041214162684]], "T": [-0.17675538638067115, 0.02508430644189315, -0.05363013567688946], "aligned_model": [[-0.23957406226606207, 0.43719855544122854, 0.138016481594236, -0.48171897464794644, -0.5074284918049647, -0.4296249900118013, -0.18669884945449064, -0.06629439724575342, 0.4723700805713884, 0.20984782417965706, 0.37567888101697333, -0.12396350274068393], [-0.7439486623814877, -0.2085567973007618, -0.6063637693529015, 0.5891285187460513, -0.3417975981364681, -0.2625705190950073, 0.41910663474430504, 0.6681537857347648, 0.1587940843768599, -0.04271730260181626, 0.3724976869115841, 0.011050366095857897], [0.1963739723232476, -0.029382249501795743, -0.36401314061223783, -0.041140657879152887, -0.699382305080391, 0.5437716215575179, -0.6501037479022723, 0.4253644298111883, -0.4445552137699854, 0.5795639334562237, 0.03293319480411788, -0.1001713759970392]], "inverted": false, "swapped": true, "error_lsq": 0.04837764172732361, "error_max": 0.26793855257555516, "target": "566.xyz", "model": "2.xyz", "model_rescale": 3.795458400668931, "target_rescale": 4.156864279255804},
{"mapping": [8, 10, 5, 4, 11, 3, 6, 13, 9, 14, 2, 15], "R": [[0.4642678307745556, -0.37565187999440214, 0.8020854358262343], [-0.027500269987615455, -0.911277525340391, -0.4108734683087989], [0.8852678218813202, 0.1686977678161885, -0.4334073680445897]], "T": [0.04839020965275877, 0.04009591946642166, -0.02971787727702161], "aligned_model": [[-0.19124047330053162, -0.15871395980161773, -0.6712182617053241, 0.09723159196976124, 0.16994159578711826, 0.1386896713965603, -0.18633524066985602, 0.7532033883838408, 0.23717774721276175, 0.6314646250239179, -0.30414344730653164, 0.0772465887534661], [-0.15109569998589117, -0.5831177510314868, -0.15028539820656844, 0.226930147467569, 0.4063862588125672, 0.5395934556136717, -0.2748567530884376, 0.0005954851476811518, -0.5774653581278553, 0.046153377256861514, 0.6272943926747073, -0.02436311124310883], [-0.7806392097964693, -0.0009402484686521426, 0.0004886058118591594, 0.8211251999547441, -0.5277039814790025, 0.3622679250805854, 0.49856392624256934, -0.432980815845568, 0.3886622457228594, 0.3839495871006456, -0.007046149746255705, -0.016975653938215207]], "inverted": false, "swapped": true, "error_lsq": 0.046095309772333996, "error_max": 0.2736218193741186, "target": "566.xyz", "model": "3.xyz", "model_rescale": 3.7530521520055578, "target_rescale": 4.156864279255804},
{"mapping": [14, 12, 13, 8, 7, 5, 3, 6, 0, 1, 15], "R": [[-0.7673291314998765, -0.6035771070051671, 0.21656564790131988], [-0.6211720603131213, 0.6157723587190489, -0.48473670556698206], [0.15922083857961972, -0.5064771249887325, -0.847425304333751]], "T": [-0.07400830504020628, -0.048693300893915464, 0.002502147772588304], "aligned_model": [[-0.4072687409472296, 0.004674549280565959, 0.29093935518587233, 0.48025672067552583, 0.2404891866083842, -0.22403150234036426, -0.17216431071616095, -0.6984683395342904, -0.4620124387565363, 0.4007460353151425, -0.11496091232570424], [-0.6781083098579638, 0.09065919470675307, -0.5802531395787749, 0.41212231878666683, -0.6977673615170006, 0.6636098128387667, -0.3954869496474266, 0.1485402808458295, 0.14188256372356634, 0.4176894208630749, -0.05568447284914546], [-0.06000758018873271, -0.7515107841137684, -0.49267483275069623, -0.3693838470174562, 0.12307827902700344, 0.16096710992000687, 0.5329776084607325, 0.06974399829942138, 0.6868335083941234, 0.24882037243793192, -0.05601305522324982]], "inverted": false, "swapped": true, "error_lsq": 0.04889289785352615, "error_max": 0.2625405301825429, "target": "566.xyz", "model": "4.xyz", "model_rescale": 3.7855080009869324, "target_rescale": 4.156864279255804},
{"mapping": [4, 11, 6, 7, 5, 1, 0, 8, 12, 3, 2, 13, 14, 15, 10, 16], "R": [[0.03767545639618679, -0.5517486970134966, 0.8331590096309633], [-0.08019535602335318, 0.8293923310863238, 0.552880697806933], [-0.9960668977822857, -0.08764551602393787, -0.012999948587244108]], "T": [0.030791152487601114, 0.0017061040162519771, 0.018474109210606455], "aligned_model": [[0.16061191151839893, -0.6531700966226138, -0.13677269742960918, 0.5102965940404091, 0.7587392256427452, -0.27843517359633624, 0.28480079737980657, 0.08820009164019843, -0.6162483188867127, 0.4990696241183461, 0.011590648341074872, -0.5227088868988583, -0.27749182419746, 0.03696773978931081, 0.6444009273254149, 0.01992701825625568], [-0.02217626756224881, -0.1606583505644322, -0.47098156424372706, -0.43448143632557307, 0.16921172503599263, 0.45648748158043345, 0.5388025245277258, -0.6470838839568663, 0.2104043391912836, 0.4918700007797053, 0.7180486326683538, -0.43190534328348357, 0.2948312278676308, -0.3162450384325273, -0.24635737101457048, 0.032607019160175395], [-0.7092462950091747, -0.35337400750460723, -0.39933660456158615, -0.3572710611478479, -0.2931935251947122, -0.501772867586785, -0.4869765992625452, 0.2850930117191014, 0.04763284938621207, 0.1697064890638653, 0.19811377594243693, 0.1930778263681024, 0.5445317739073401, 0.7788602134173285, 0.32328852923269863, 0.06106350021889054]], "inverted": true, "swapped": false, "error_lsq": 0.03578032948303778, "error_max": 0.2426230754828998, "target": "566.xyz", "model": "5.xyz", "model_rescale": 4.2253639853439635, "target_rescale": 4.156864279255804},
{"mapping": [8, 2, 6, 10, 5, 4, 9, 12, 3, 11, 0, 14, 13, 15], "R": [[-0.559525227164358, -0.052292242111087794, 0.8271620407040382], [0.17241451345879827, -0.9835183334356346, 0.054451109674255524], [0.8106816611441506, 0.17308151030941266, 0.5593192604171371]], "T": [0.0952916078366195, 0.017477637765979506, -0.016028385872869193], "aligned_model": [[0.6945563707274548, -0.23605152429689502, -0.3726114811120948, 0.15531090191253016, -0.18269576043254548, -0.6697309722085366, -0.014751802943988118, 0.7094588551604984, -0.34289880342121193, 0.4749390496387186, -0.6918866890792562, -0.01640303812871602, 0.7524682849478894, 0.11435876199393649], [-0.23917999759828185, 0.35313849395779634, -0.391508950425676, -0.6273862708929928, -0.5040028698727026, 0.17256882731404966, -0.4415971099176242, -0.40979616414199677, 0.48168909946022004, 0.4141512883482145, 0.021140867015219778, 0.29504629241295904, 0.3456207461002702, -0.02478510512446514], [-0.49859294047759567, -0.5131597084275743, 0.20115714987966474, 0.09650512766152977, -0.4696526059333784, 0.373732600371596, 0.5915943729390821, 0.16939356957947277, 0.04562818694560437, -0.32498039996996075, -0.20447649199726312, 0.6332890909904096, 0.33237341429615996, 0.0387468430737015]], "inverted": false, "swapped": true, "error_lsq": 0.043085462985789656, "error_max": 0.29860616400745904, "target": "566.xyz", "model": "6.xyz", "model_rescale": 3.89814844738969, "target_rescale": 4.156864279255804},
{"mapping": [5, 0, 6, 1, 10, 3, 2, 8, 11, 7, 14, 13, 15], "R": [[-0.13312518916191657, -0.9514495630943715, -0.27752731919242424], [-0.9733581122170062, 0.17825698768233283, -0.1442166138964812], [0.18668601820155148, 0.2509346034925244, -0.9498316458078766]], "T": [0.013715797350221257, 0.10744807478683902, 0.014557987641497388], "aligned_model": [[0.25850060349959403, -0.15310126361964366, 0.42450294873533556, -0.2783576505663546, 0.6470785910867706, -0.4227803098215169, -0.5351912945647627, 0.10077863662970085, -0.43457320889451684, -0.503305950975968, 0.030573189967415815, -0.06259017003532207, 0.07709767946349033], [-0.3404858143024315, 0.27811716154669897, 0.3407429971324881, -0.5167046179677269, -0.04945929366315635, 0.5043963218119432, -0.05393682930927385, -0.636755295310928, -0.1704360034473227, 0.4401169258672526, 0.7960467260992635, 0.24150629618808667, 0.13063269082559195], [-0.5280555575945152, -0.7588887849807133, -0.44391805576006915, -0.15486371047103767, -0.06511143721537895, -0.2368538025870954, -0.3626050416068442, 0.32510806918385154, 0.35916053854880026, 0.41049277915879495, 0.2060807368511159, 0.8127739305187435, 0.03895536679064411]], "inverted": true, "swapped": true, "error_lsq": 0.047596530917464706, "error_max": 0.2550756419533379, "target": "566.xyz", "model": "7.xyz", "model_rescale": 3.7474275329858107, "target_rescale": 4.156864279255804},
{"mapping": [2, 11, 8, 5, 12, 6, 0, 4, 10, 9, 3, 14, 7, 13, 15], "R": [[-0.4268355757906655, 0.2263266585223297, 0.8755499042782015], [0.2014023054460476, -0.9200695288322999, 0.3360196028140719], [0.8816169818013194, 0.31976288989879115, 0.3471356962962835]], "T": [0.02454989801365319, -0.06020103706326297, -0.05680115995862928], "aligned_model": [[-0.46494815025011255, 0.23060183260311395, 0.570120364018861, -0.19322796184941438, 0.7488424410896737, -0.27917205944758144, -0.7595928200850562, -0.6704204257397974, 0.26247648014388764, 0.14507013718726747, -0.4963508784203387, -0.031942856306624814, 0.045668319689933276, 0.6318235594448588, 0.06320574026007657], [0.09520673807394756, 0.34147784055860514, -0.27083491657919706, -0.7061354828669387, -0.3028607200488322, -0.5101217750745366, -0.2608246893967847, -4.270176892415961e-05, -0.643524388572828, -0.40679605258963925, 0.3028208569731784, 0.30650598576739857, 0.6691126122498184, 0.46123691272653067, -0.08610225747220482], [-0.5104928147521991, -0.4962669625782889, -0.6188031017854956, -0.3573595158025147, 0.04645677602631909, 0.3156195550557497, -0.06359283596003501, 0.4672443297169128, 0.1309230449808722, 0.6195207755166636, 0.0336540014142275, 0.5543189312312546, -0.007811109470637581, 0.08555074026849946, -0.002167158165066685]], "inverted": false, "swapped": true, "error_lsq": 0.036310273522042004, "error_max": 0.25385600364104327, "target": "566.xyz", "model": "8.xyz", "model_rescale": 4.019505241142653, "target_rescale": 4.156864279255804},
{"mapping": [3, 1, 7, 14, 4, 9, 12, 0, 6, 5, 8, 10, 15], "R": [[-0.6665029488829712, -0.5386852373690025, -0.5153562206581045], [0.7205616512172115, -0.28817683467910116, -0.6306702932194126], [0.1912190522030407, -0.7916895395260919, 0.5802266342383253]], "T": [-0.05295473790679617, 0.0028288949329240975, -0.09124024259115657], "aligned_model": [[-0.1867278541018559, -0.7006624221531613, -0.13814293194503466, 0.43540512323790925, 0.22706560568253792, 0.6819682335371557, 0.2987210981941668, -0.2479126384267161, 0.29367084881818406, -0.2763863550409481, -0.38340831100028216, 0.3017441434293636, 0.014366231509856928], [-0.5803156694769491, 0.20066719156337842, -0.13817685247251257, -0.3202753203160517, -0.8218144536460252, -0.036199535449722264, 0.6874320037229964, -0.6804820261974349, -0.30959542724825984, 0.026947264585206077, 0.7314336871338369, 0.2777470609051864, 0.02601030501040996], [-0.32222037386008806, 0.12068417505947365, -0.8037041102015886, -0.5014128280366226, -0.038529652827337585, 0.13332511740254305, -0.04895193707160725, 0.29638506769524264, 0.37310298439261824, 0.6190346665109127, 0.04215930765491352, 0.3890974236583469, -0.08226634633292777]], "inverted": true, "swapped": true, "error_lsq": 0.04788236068523968, "error_max": 0.31197399514344987, "target": "566.xyz", "model": "9.xyz", "model_rescale": 3.877068213659057, "target_rescale": 4.156864279255804},
{"mapping": [0, 7, 1, 5, 12, 8, 11, 3, 2, 10, 9, 4, 14, 13, 6, 15], "R": [[0.9556441509901028, 0.2877086092364085, -0.06299216498626871], [-0.2826794761844518, 0.9560322185466368, 0.07806862907006856], [0.08268355593762071, -0.05679923654458393, 0.99495591676489]], "T": [0.04252384505405961, -0.0007840255889538499, 0.03344291304057774], "aligned_model": [[0.34556937919290254, -0.6757638102699537, -0.20074558560686379, 0.2821870627207804, 0.7386445032330439, -0.32200737504618493, 0.40744832904352796, 0.23682372317989825, -0.5542988743516742, 0.41235575317023004, -0.24276534047872922, -0.37712583469599303, -0.04656685743425673, -0.08546840361568338, 0.5302072850163808, 0.08128362636294534], [0.04666092221726691, -0.1547396843444833, -0.40982299375434833, -0.5861947998139302, -0.09975178369749815, 0.4331181732445245, 0.5124258545542383, -0.5854037894088344, 0.11983433518748601, 0.5597410869750177, 0.5889439396472155, -0.5307183119877243, 0.4885265661302414, -0.1269592120480672, -0.07761134299046472, 0.004324735517232385], [-0.7011851675552829, -0.32243216161777905, -0.692100825704051, -0.4257424632090121, -0.21917661871608685, -0.4901684000799445, -0.3513960353159196, 0.18585233479558733, 0.2972784879622594, 0.26201836531876466, 0.11391844681388459, 0.06742052522382436, 0.6352398374263165, 0.7853314038197238, 0.4029926401575821, -0.047653360331149364]], "inverted": false, "swapped": false, "error_lsq": 0.03963548865744742, "error_max": 0.23546327776198972, "target": "566.xyz", "model": "10.xyz", "model_rescale": 4.260839863003843, "target_rescale": 4.156864279255804},
{"mapping": [4, 14, 13, 7, 11, 2, 0, 6, 12, 8, 5, 15], "R": [[0.5259564594016469, 0.8274118399028177, -0.19687419841695258], [-0.4159008864033119, 0.04829401215196607, -0.9081267208265624], [-0.7418869560132617, 0.5595152684055187, 0.3695218652779253]], "T": [0.01193718375488984, 0.01583165197041796, 0.008859419314096784], "aligned_model": [[0.46003303923416516, 0.1624926334885709, -0.39762667894197956, -0.4863601951716489, -0.6110788323240969, -0.2969913644311694, 0.3165654255736884, 0.6459870844604355, 0.10334383031386968, -0.3213239076384859, 0.32528073732758234, 0.05857687720319893], [0.06211370191498221, -0.5160980817860158, -0.6734117619967234, -0.34567509924304934, 0.0096516096756754, 0.5478146404657747, 0.5830044930553769, 0.14685272863878593, -0.3872291305566235, 0.15068893071955888, 0.6281732435058052, -0.032806768860613456], [-0.738331672447486, -0.44448046713011324, 0.14355855636797787, -0.3858011979728365, 0.1023814110276382, -0.2930566046456533, -0.4817446794333407, -0.11025014282288578, 0.6594994439049517, 0.7359154739109304, 0.29494930466512664, 0.033538651971195356]], "inverted": false, "swapped": true, "error_lsq": 0.04762174135821084, "error_max": 0.26542876151421946, "target": "566.xyz", "model": "11.xyz", "model_rescale": 3.890672605050136, "target_rescale": 4.156864279255804},
{"mapping": [11, 7, 3, 1, 2, 10, 13, 5, 8, 9, 4, 14, 6, 15], "R": [[0.3387450551144568, 0.5818551823913727, 0.739389162998624], [-0.9285071630294874, 0.33374742998238527, 0.16274858273756304], [-0.15207312661491562, -0.7416584117398353, 0.65331199625991]], "T": [0.07110167129609761, -0.04821487132277514, 0.08861911465389169], "aligned_model": [[0.35400962695811894, 0.18086485942824615, 0.41392206759824596, 0.5970468497649438, 0.7520108304666909, -0.34658655320684423, -0.3057072542187263, 0.2908510027861852, 0.09554174840958644, -0.5825595388504673, 0.13668637058004512, -0.2659304825177981, -0.11068148221597789, 0.0004077898114446671], [-0.2863237176160277, 0.2913690978125977, 0.4905897798204779, -0.5235842613687265, 0.023455954816080156, -0.3276610505992629, -0.09888685428100558, -0.3952160319915586, -0.8442564101315436, 0.16869624622873408, 0.7486178423503325, 0.5481288661007023, 0.1847612510642334, -0.04753819237726824], [-0.42147967782438556, -0.5496435133391705, 0.02972620808641352, 0.11996886576455718, 0.1172904085666375, 0.5123666196849512, -0.629983893023341, 0.7101448627882677, -0.0649403146101418, 0.431753465419775, 0.4378793687522161, -0.1161165975980635, 0.6768791748358092, 0.1009454578533368]], "inverted": true, "swapped": true, "error_lsq": 0.04251171312514591, "error_max": 0.262289006419913, "target": "566.xyz", "model": "12.xyz", "model_rescale": 4.124412569039231, "target_rescale": 4.156864279255804},
{"mapping": [12, 8, 5, 13, 10, 9, 11, 14, 2, 7, 6, 0, 15], "R": [[0.3466489204138745, 0.6442478474004605, -0.6817471944172333], [-0.6234956892459271, -0.384741044146403, -0.6806081504367122], [-0.7007764632660276, 0.66099851744842, 0.2683156880678975]], "T": [0.09521353641732906, 0.15484418527336333, -0.054344395682649316], "aligned_model": [[-0.12780174043684767, -0.22774070691910103, 0.6287871000984011, -0.6215663779125896, 0.44296815242796095, 0.4696217426897083, -0.4511276811654516, 0.021318958205384028, 0.14683384548411366, -0.4524238072907429, 0.7179085433305773, 0.713963434411195, 0.10655684458714977], [-0.24086979542293194, 0.4383257802373838, 0.5190078304073454, -0.22784142295872953, -0.11480781466491177, -0.5100559654553494, 0.4683000507899171, -0.37720234094599014, 0.771242966879636, 0.10130410055454403, -0.05694174271421276, 0.48794691334077367, 0.08907681646100249], [0.5684077563145999, 0.6335499924481818, 0.3167053604057109, -0.02748962864682844, 0.43398960271729975, 0.04460446929353695, -0.04055285874154198, -0.5261487226962411, -0.34927475895949794, -0.5359782929115992, -0.08210292554764068, -0.4560494060726265, -0.027962506635514243]], "inverted": false, "swapped": true, "error_lsq": 0.04547659947270698, "error_max": 0.2707135142698892, "target": "566.xyz", "model": "13.xyz", "model_rescale": 3.9028299243045295, "target_rescale": 4.156864279255804},
{"mapping": [0, 4, 4, 5, 8, 3, 2, 13, 7, 1, 6, 10, 9, 14, 12, 15], "R": [[0.6483061302648436, 0.36720186638105146, -0.6669797229206421], [-0.7588243431821722, 0.23990655744304912, -0.6055001733195213], [-0.062327984526768354, 0.8986699244005543, 0.43417460695293253]], "T": [0.114170288272743, 0.06679699848666176, -0.016653289706717696], "aligned_model": [[0.13106366974848033, -0.3065075746409778, -0.3065075746409778, 0.23585449726514612, 0.6935873132082225, -0.22806132669080342, 0.5701306531107863, 0.2958598557730403, -0.7752088781717145, 0.4044816454040089, -0.1180768832764432, -0.40559439674297004, -0.3444111329971372, -0.041642481726404, 0.6994786024869641, 0.0253315923111498], [0.0816866789783523, -0.24519295457507484, -0.24519295457507484, -0.4052951371146202, -0.18110272649721143, 0.40045796902103276, 0.5079820212497519, -0.637300429046126, 0.12654098858388818, 0.5671580752495539, 0.6782932116666787, -0.42807107194240246, 0.3211031132088238, -0.2851563555099256, -0.17129696913304893, 0.097760235863275], [-0.845332552342087, -0.44683427339333864, -0.44683427339333864, -0.17293445440824756, -0.46311582690940595, -0.41694983440783767, -0.39029173920311866, 0.30566187499779873, 0.1447880611888786, 0.279246802425894, 0.11196200807367568, 0.18410245025930605, 0.5542030289450756, 0.7801540082635624, 0.27483552458243665, 0.04753620430946444]], "inverted": false, "swapped": false, "error_lsq": 0.03991700388166569, "error_max": 0.3505389900045007, "target": "566.xyz", "model": "14.xyz", "model_rescale": 3.942246331269136, "target_rescale": 4.156864279255804},
{"mapping": [9, 10, 6, 8, 11, 5, 3, 4, 14, 0, 2, 7, 12, 13, 15], "R": [[-0.6870600432020606, -0.470003318676885, -0.5541167543649059], [0.7244152701575204, -0.38398680463373497, -0.5725178165173385], [0.05631175186219656, -0.7947647540624135, 0.6042995716549219]], "T": [-0.012550715511482506, -0.04729153711728411, -0.02067280545650168], "aligned_model": [[-0.727285590012574, -0.32446927092909816, -0.32368251160210004, 0.3349861619124659, 0.3860927604453827, 0.26777096775725945, 0.0961911671611837, -0.29576074285885684, -0.5357115759650543, 0.206135625941613, 0.5804811055542239, 0.013358015766209104, -0.35268627875096403, -0.2724382677433162, -0.07868753014416491], [-0.047302592897319654, -0.38024220799225267, 0.20532569625784064, -0.7797298464966479, -0.2483250315099232, -0.1453613852033364, 0.5602218299141211, 0.7610098038445935, 0.3097205827757958, 0.5926744625378654, 0.29577658290967124, 0.17305873288191542, -0.7389632719170872, -0.3871173299685265, -0.07260133525505866], [-0.3056616689107066, -0.4939235144583913, -0.5429317697374786, -0.045415258409918856, 0.42385213800233035, -0.7038974307266811, 0.15370426439300552, -0.187008231814722, 0.31095695508811255, -0.46541495820686496, -0.03528641832684975, 0.6761190630452325, -0.014068190036265853, 0.6706446249293458, -0.032307124469631424]], "inverted": false, "swapped": true, "error_lsq": 0.04082275379247883, "error_max": 0.23020225438361105, "target": "566.xyz", "model": "15.xyz", "model_rescale": 4.355366556412066, "target_rescale": 4.156864279255804},
{"mapping": [8, 10, 12, 3, 13, 1, 14, 0, 9, 5, 6, 15], "R": [[0.24138998144987556, 0.9692552791942277, -0.04769780508313401], [0.8076213213854875, -0.22790047765503535, -0.5438834190597889], [-0.5380322277514498, 0.09276624406930922, -0.8378041214162684]], "T": [-0.17675538638067115, 0.02508430644189315, -0.05363013567688946], "aligned_model": [[-0.23957406226606207, 0.43719855544122854, 0.138016481594236, -0.48171897464794644, -0.5074284918049647, -0.4296249900118013, -0.18669884945449064, -0.06629439724575342, 0.4723700805713884, 0.20984782417965706, 0.37567888101697333, -0.12396350274068393], [-0.7439486623814877, -0.2085567973007618, -0.6063637693529015, 0.5891285187460513, -0.3417975981364681, -0.2625705190950073, 0.41910663474430504, 0.6681537857347648, 0.1587940843768599, -0.04271730260181626, 0.3724976869115841, 0.011050366095857897], [0.1963739723232476, -0.029382249501795743, -0.36401314061223783, -0.041140657879152887, -0.699382305080391, 0.5437716215575179, -0.6501037479022723, 0.4253644298111883, -0.4445552137699854, 0.5795639334562237, 0.03293319480411788, -0.1001713759970392]], "inverted": false, "swapped": true, "error_lsq": 0.04837764172732361, "error_max": 0.26793855257555516, "target": "566.xyz", "model": "16.xyz", "model_rescale": 3.795458400668931, "target_rescale": 4.156864279255804},
{"mapping": [5, 0, 6, 1, 10, 3, 2, 8, 11, 7, 14, 13, 15], "R": [[-0.13312518916191657, -0.9514495630943715, -0.27752731919242424], [-0.9733581122170062, 0.17825698768233283, -0.1442166138964812], [0.18668601820155148, 0.2509346034925244, -0.9498316458078766]], "T": [0.013715797350221257, 0.10744807478683902, 0.014557987641497388], "aligned_model": [[0.25850060349959403, -0.15310126361964366, 0.42450294873533556, -0.2783576505663546, 0.6470785910867706, -0.4227803098215169, -0.5351912945647627, 0.10077863662970085, -0.43457320889451684, -0.503305950975968, 0.030573189967415815, -0.06259017003532207, 0.07709767946349033], [-0.3404858143024315, 0.27811716154669897, 0.3407429971324881, -0.5167046179677269, -0.04945929366315635, 0.5043963218119432, -0.05393682930927385, -0.636755295310928, -0.1704360034473227, 0.4401169258672526, 0.7960467260992635, 0.24150629618808667, 0.13063269082559195], [-0.5280555575945152, -0.7588887849807133, -0.44391805576006915, -0.15486371047103767, -0.06511143721537895, -0.2368538025870954, -0.3626050416068442, 0.32510806918385154, 0.35916053854880026, 0.41049277915879495, 0.2060807368511159, 0.8127739305187435, 0.03895536679064411]], "inverted": true, "swapped": true, "error_lsq": 0.047596530917464706, "error_max": 0.2550756419533379, "target": "566.xyz", "model": "17.xyz", "model_rescale": 3.7474275329858107, "target_rescale": 4.156864279255804},
{"mapping": [0, 5, 6, 1, 3, 7, 4, 12, 2, 14, 11, 8, 13, 15], "R": [[0.7766275439566581, 0.5618133852468283, -0.2849831190182106], [-0.29011806921539507, 0.7205268180914064, 0.629819506149027], [0.5591790088000265, -0.40645642394797, 0.7225731876764097]], "T": [0.04867529927811827, 0.04564165183834401, 0.03029910044343542], "aligned_model": [[0.4908997553762137, 0.2121748444620658, 0.6768523773821081, -0.40389762784674915, 0.1886944855564751, -0.256163409764338, 0.7377524882437141, -0.0903006010104739, -0.1473272612618191, 0.37475956534379623, -0.5644799855543806, -0.5329931583984159, -0.355889708662763, 0.08476588401744281], [-0.5107888479609319, 0.13423781708264276, 0.0923304976764629, -0.07452793304887846, -0.5586164791612658, -0.2989417280237707, -0.46637259588165736, 0.7964962311219992, -0.5316227492662823, -0.07053808405325174, -0.0712948993330509, 0.5017742512514387, 0.3164630022597098, 0.10180975884806935], [-0.3569971794349718, -0.691097079209927, -0.1609771320778911, -0.5029121251920057, 0.19330642927602415, 0.5987004266623384, 0.18599267523582785, 0.13541194910523324, -0.282662304422351, 0.6558425107136721, 0.11573885600184851, -0.30356435112186597, 0.681394983822422, 0.05661705930330205]], "inverted": false, "swapped": true, "error_lsq": 0.04105590563418376, "error_max": 0.2531710431011644, "target": "566.xyz", "model": "18.xyz", "model_rescale": 3.922800546911778, "target_rescale": 4.156864279255804},
{"mapping": [7, 13, 14, 3, 10, 11, 12, 0, 8, 4, 9, 6, 2, 5, 15], "R": [[0.830620227491664, 0.5215379194567267, -0.19511083068462765], [0.3708334189752791, -0.7794786940623719, -0.5048718063765539], [-0.41539452698946533, 0.3470031182447333, -0.8408544599843841]], "T": [-0.0031486256600361667, 0.02982367212052466, 0.01137624978794235], "aligned_model": [[-0.246794555053933, -0.32933600307941485, 0.3892429438646242, 0.14696046875300345, 0.27656531638649895, -0.6043038323055279, -0.12057796035504861, 0.3864702996665639, -0.6129376624213895, 0.6928394768053086, 0.6410605742679558, 0.6002954267545522, -0.2396912165226593, 0.07993925272955542, 0.036318307397529184], [0.46242944185079543, -0.13131503961583704, 0.24224475128727846, 0.6514806439106661, -0.5362532369407579, 0.16258544711096876, -0.6938265797205848, 0.5147321378762441, -0.47016639026029805, 0.5559344176297681, -0.3454375863454039, -0.05054858107389089, 0.5510030803947306, -0.17360205925333927, -0.021648941815761127], [-0.5254974047539264, -0.7156581436485263, -0.5472286007383989, -0.03673320726094779, 0.194222118412604, -0.12249025376006167, -0.22671254753239214, 0.5292919301371297, 0.20118461462027346, 0.017249591174051247, -0.17898679249165766, 0.26191260130290067, 0.3882259022428809, 0.7232106449035087, -0.019331285444109274]], "inverted": false, "swapped": true, "error_lsq": 0.03542493928887505, "error_max": 0.265952733090619, "target": "566.xyz", "model": "19.xyz", "model_rescale": 3.9282355846067225, "target_rescale": 4.156864279255804},
{"mapping": [0, 6, 10, 4, 3, 9, 14, 12, 7, 11, 5, 2, 8, 15], "R": [[0.44416074542519235, -0.5871783156939394, -0.6767147536459998], [-0.03674228707656707, 0.7427337367677855, -0.6685780437670275], [0.8951934073504567, 0.32182017004188945, 0.30831889593485634]], "T": [0.023197732427404853, -0.032448793102287626, 0.09797749412117343], "aligned_model": [[-0.6137716094393553, -0.06211395676042287, 0.48140809824055825, -0.6205926531772579, -0.5966488352484112, 0.29393643269602865, -0.15702206780825081, 0.7867423027693894, -0.2493668360637128, 0.03646753897073731, 0.07445819171438173, -0.501308325136409, 0.5896487626766952, 0.07068577565070566], [-0.5311912824544243, -0.5562394821860214, -0.46582182789951776, -0.24233232089762038, 0.0931214383686301, -0.2830817525230249, 0.29704472898893564, 0.03906992650639737, 0.6449837197063214, 0.40614796387532315, -0.7193182550578866, -0.09900382458766896, -0.021335500736778507, -0.03916144367782917], [0.07148662923453061, -0.2915582765413183, -0.08735097480011733, -0.45221274172078163, -0.008450886338084884, -0.5772619219914378, -0.5103711561139459, 0.020322018506982398, 0.05875813093992986, 0.5500729587641954, 0.3818375605911396, 0.5339360435491056, 0.6783822427721106, 0.044593530391373884]], "inverted": true, "swapped": true, "error_lsq": 0.04081729858674216, "error_max": 0.2352614542145404, "target": "566.xyz", "model": "20.xyz", "model_rescale": 4.067790424073018, "target_rescale": 4.156864279255804},
{"mapping": [7, 8, 3, 4, 2, 1, 0, 13, 11, 12, 10, 6, 9, 5, 15], "R": [[-0.4405747412329109, -0.4381390100603315, -0.7835356438930564], [0.881187853388443, -0.044355319995271036, -0.4706809669285402], [0.17146971869173297, -0.8978122373032517, 0.4056246073900203]], "T": [0.08556542663638572, 0.04676668793571022, -0.03363215786158701], "aligned_model": [[0.10012351117860108, -0.02778124349086583, -0.1716229978315747, 0.08700538841430566, -0.5778578439486095, -0.49980070492147016, -0.37785744568256285, 0.5354969990616671, -0.16371825725070707, 0.6131248871192172, 0.40772411358579347, 0.22532188006036366, 0.71664775721928, -0.2520690211949466, 0.15370693158902365], [-0.009584917979334875, 0.8317473140630891, -0.44508684213179134, -0.8256801786446392, -0.08143081617441723, 0.42673291942837993, -0.5630548502227724, 0.41486986889434524, 0.45047033124952757, 0.5776524599171369, 0.15926525952839926, -0.3918231332777895, -0.2415046178869238, 0.09188268616994123, 0.04643965699469627], [-0.7625745222090949, 0.13612618853108321, -0.3549402186664108, -0.04143234740089904, -0.14778555221630452, 0.09501211753470667, 0.22815537449138823, -0.6019670302303066, -0.44813731521260847, 0.15072327007262445, 0.5282160599279981, 0.43698444762824956, 0.2990829447541746, 0.628909430365733, -0.011123273749192662]], "inverted": true, "swapped": true, "error_lsq": 0.045446124131546445, "error_max": 0.2825847791150068, "target": "566.xyz", "model": "21.xyz", "model_rescale": 4.186013935880536, "target_rescale": 4.156864279255804},
{"mapping": [2, 1, 0, 7, 13, 3, 11, 8, 6, 10, 12, 14, 15], "R": [[0.8763736527132394, -0.37995466663397026, -0.29597917516798933], [0.32848862248533217, 0.9209540216272002, -0.20961611327943236], [0.3522278321310566, 0.08647624732697062, 0.9319106249638434]], "T": [0.01392998671833591, 0.032128485472726016, 0.010379858409371449], "aligned_model": [[0.18348407754311113, -0.3794219381369217, 0.48857278151658023, 0.3367566234906817, -0.12229812466859465, 0.593046512542266, -0.20389077288425167, -0.7765047232765847, 0.24464744401942706, -0.30310829325364164, -0.5538870642958165, 0.5461388674069593, 0.005038645420010398], [-0.27576168746167773, -0.21453643411803308, 0.2899249988938254, -0.566353800971434, -0.4091707473262755, -0.1707141727974446, -0.558416092396009, -0.13876244506006064, 0.6407367401304923, 0.5974513293485458, 0.20806659571564384, 0.03882747529871054, 0.07766490028981013], [-0.577881210463513, -0.5262837935160551, -0.592472490097142, 0.2793525842722441, 0.679438740456597, -0.17612364333213115, -0.016909890284126313, -0.051823085983362605, -0.08830313996147926, 0.11998085861128746, 0.5010683430794319, 0.48770790974453515, 0.06512837880905979]], "inverted": false, "swapped": true, "error_lsq": 0.048612192145701824, "error_max": 0.3050881071491082, "target": "566.xyz", "model": "22.xyz", "model_rescale": 4.166573947596378, "target_rescale": 4.156864279255804},
{"mapping": [1, 4, 2, 6, 6, 0, 5, 11, 8, 13, 7, 3, 10, 9, 12, 15], "R": [[0.4335394216149632, 0.9010087035176885, 0.015062738500596529], [-0.8193672983060888, 0.3871884539775831, 0.42275564049818426], [0.3750743931173444, -0.195623151216371, 0.9061185255449933]], "T": [0.010863939632784682, -0.04534735950032937, 0.0916746099365492], "aligned_model": [[0.08700534295187201, -0.5664038455198933, 0.04119958295564672, 0.5877342856448565, 0.5877342856448565, -0.37629103768597844, 0.36502143068094023, 0.12734682314396786, -0.7683390172838315, 0.4975827724348303, -0.13292033107892107, -0.34852678357753225, 0.056813249499339295, -0.21715872253114654, 0.5604491202473277, 0.02853042489403573], [0.07392625656076574, -0.1570870965216088, -0.4796434466397128, -0.17612040630088574, -0.17612040630088574, 0.41420349108228566, 0.5992977082541536, -0.7754792636967056, 0.12839276065243901, 0.621584591545831, 0.6522224460753053, -0.5264249861873267, 0.567025625706072, -0.2165220439836278, -0.3478754967962791, -0.019006038021948345], [-0.606949288938555, -0.348926852566619, -0.4214295672328643, -0.38710158630682684, -0.38710158630682684, -0.4612085622654247, -0.2957104560580488, 0.36632432821402655, 0.2210433186836398, 0.27907708955013477, 0.027548971574893014, 0.06287743667881977, 0.5204277102358549, 0.6200249285830045, 0.2809210382313521, 0.03038008691215767]], "inverted": false, "swapped": false, "error_lsq": 0.04922570465492336, "error_max": 0.36198563274148554, "target": "566.xyz", "model": "23.xyz", "model_rescale": 4.274766983524099, "target_rescale": 4.156864279255804},
{"mapping": [12, 11, 1, 5, 2, 0, 6, 3, 14, 7, 15], "R": [[0.36192293139487786, -0.05900141940582429, 0.9303389835101163], [-0.49518597804577746, -0.8577177838794454, 0.13824272264311022], [0.7898117743344837, -0.5107240308865748, -0.33964441022572944]], "T": [0.04995559804423726, 0.042097659758080705, -0.055778030249187226], "aligned_model": [[0.4759997601435442, 0.08600872251051438, -0.4740899501045534, -0.562259038095237, -0.48099200469788567, -0.5496320980278059, -0.11225939007617698, -0.07090118347959819, 0.5555229232272985, 0.41488684259330727, 0.09761011996466767], [-0.10476157879859795, 0.6574738814686208, 0.4070910477468524, -0.2641240655593234, 0.3894986657281356, -0.20946449919274784, -0.5778440515549932, 0.17725240544574483, -0.10093726161567758, 0.5492330160857767, -0.007831028510307411], [-0.6811294091056743, -0.1859540269507448, -0.36518598882798475, -0.3497428649319478, 0.20307176722001744, 0.4262871665746442, 0.09499152606715192, 0.5593898198016206, 0.42906826365724043, 0.3242000335512447, -0.07542985303399008]], "inverted": false, "swapped": true, "error_lsq": 0.04985946145458315, "error_max": 0.2534745632100663, "target": "566.xyz", "model": "24.xyz", "model_rescale": 3.7841303162186577, "target_rescale": 4.156864279255804},
{"mapping": [0, 14, 9, 8, 1, 10, 7, 2, 13, 6, 11, 12, 3, 5, 4, 15], "R": [[0.23459211642651107, -0.7343083507133217, -0.6369911969432638], [0.9600032664936495, 0.2780322251504364, 0.0330425498323047], [0.152840659616653, -0.6192651514905216, 0.7701625834311663]], "T": [0.053976246952332066, 0.02675299606651442, -0.1261107608971129], "aligned_model": [[0.5562008958404517, -0.7101506508674447, -0.28410624382894895, 0.4131994537425697, 0.7766453847651152, -0.3251348588750892, 0.21108567039343268, 0.16078943588344374, -0.5797982434125365, 0.4068563219096431, -0.23125526049407674, -0.46715388591504947, -0.007511319973026162, -0.009088438522148232, 0.541592517563002, 0.07760680221103163], [0.17888117265197473, -0.13392391821307292, -0.41520670868314163, -0.3779480736315658, -0.12170051718721565, 0.2452916200413101, 0.5649024750568499, -0.6863615366247934, 0.2680136427423953, 0.5114618534649609, 0.7275344841933076, -0.35586624664516003, 0.2504847197721325, -0.41555142602424133, -0.12860655459900605, 0.07096870911313778], [-0.6418213088691137, -0.26608209923634685, -0.3064231490761994, -0.3640887336749118, -0.2196375776865074, -0.7693609024025085, -0.45553044371630147, 0.09491329630491746, 0.2639189725839738, 0.27707583176271744, 0.004180690170609319, 0.27037102450103867, 0.6453587994579694, 0.6286927824760292, 0.41684239132792456, -0.0782125649345739]], "inverted": false, "swapped": false, "error_lsq": 0.05462166741925272, "error_max": 0.3393131378871069, "target": "566.xyz", "model": "25.xyz", "model_rescale": 4.19342608120988, "target_rescale": 4.156864279255804},
{"mapping": [8, 10, 12, 3, 13, 1, 14, 0, 9, 5, 6, 15], "R": [[0.24138998144987556, 0.9692552791942277, -0.04769780508313401], [0.8076213213854875, -0.22790047765503535, -0.5438834190597889], [-0.5380322277514498, 0.09276624406930922, -0.8378041214162684]], "T": [-0.17675538638067115, 0.02508430644189315, -0.05363013567688946], "aligned_model": [[-0.23957406226606207, 0.43719855544122854, 0.138016481594236, -0.48171897464794644, -0.5074284918049647, -0.4296249900118013, -0.18669884945449064, -0.06629439724575342, 0.4723700805713884, 0.20984782417965706, 0.37567888101697333, -0.12396350274068393], [-0.7439486623814877, -0.2085567973007618, -0.6063637693529015, 0.5891285187460513, -0.3417975981364681, -0.2625705190950073, 0.41910663474430504, 0.6681537857347648, 0.1587940843768599, -0.04271730260181626, 0.3724976869115841, 0.011050366095857897], [0.1963739723232476, -0.029382249501795743, -0.36401314061223783, -0.041140657879152887, -0.699382305080391, 0.5437716215575179, -0.6501037479022723, 0.4253644298111883, -0.4445552137699854, 0.5795639334562237, 0.03293319480411788, -0.1001713759970392]], "inverted": false, "swapped": true, "error_lsq": 0.04837764172732361, "error_max": 0.26793855257555516, "target": "566.xyz", "model": "26.xyz", "model_rescale": 3.795458400668931, "target_rescale": 4.156864279255804},
