[{"mapping": [2, 0, 10, 9, 7, 6, 4, 11, 3, 8, 12, 5, 1, 13], "R": [[-0.4519191822971237, 0.5919499151503083, 0.6673562396692206], [-0.6364185509701172, -0.7381662612336398, 0.2237900774329506], [0.6250923776954854, -0.32358286223144267, 0.7103194004228746]], "T": [0.2120447236465495, 0.04439670688344265, -0.007505720702479887], "aligned_model": [[0.0046343025631750134, 0.49948788371670083, -0.06677243482773462, -0.09020380818728493, -0.49483351121248886, -0.1508114507596974, -0.6558432739585611, -0.01252183631089196, 0.3240465389735784, -0.4426119928561788, 0.46522000791353235, 0.44921136126485384, 0.7853317396964429, 0.07267063505703536], [-0.6909211913618303, -0.43970697662915015, 0.8192882299680548, 0.001195685951675081, 0.16079581702309545, -0.2516176787677329, -0.3339367242488015, 0.694795492322181, -0.36522719233074624, 0.32413646150048053, 0.29108855429095587, 0.3811086089006977, 0.007390219144872208, 0.11034621630926245], [-0.09437775967863886, -0.5351727444201381, -0.5882234182402432, -0.6734806966279806, -0.24868799765652183, 0.5968593712497884, 0.12302575102666015, 0.1091695589928163, 0.2972304936760321, 0.3145957925621521, -0.4659435200085651, 0.6271424822275748, -0.0624295817906816, -0.06009267623077795]], "inverted": true, "swapped": false, "error_lsq": 0.05267627596073506, "error_max": 0.3755120737645001, "target": "567.xyz", "model": "0.xyz", "model_rescale": 3.8414455957264533, "target_rescale": 3.971026020775705},
{"mapping": [11, 0, 9, 13, 8, 3, 12, 6, 1, 10, 7, 2, 4, 14], "R": [[0.7162823435459562, 0.6200688260982233, -0.3200847625637372], [-0.6761037962048254, 0.5031649140250771, -0.5382459717002633], [-0.1726941257881598, 0.601946609090298, 0.7796390310412604]], "T": [0.07586136346943434, 0.11612544232794479, -0.03247229851973038], "aligned_model": [[-0.21073837000484735, 0.5559952801290267, 0.06481003862460041, -0.14385576614023227, -0.6326757656850261, 0.3419089227977635, -0.5876762812708185, -0.16704835793635486, 0.22251716545658068, -0.43693095716637814, 0.5553272469412176, 0.48184722482881986, 0.5840279227005967, 0.059495857797531755], [-0.654586124612677, -0.29649305759633965, 0.5859753233269192, -0.06725956686410726, 0.308819144873519, -0.22371783153885116, -0.2581871671926269, 0.7917136679596517, -0.6689428503532441, 0.10234793015341913, 0.3261710128287216, 0.6592908553210336, 0.057873128282118456, 0.0457310574854768], [-0.25636887171006745, -0.385650391130979, -0.5270717703531169, -0.7345700993986748, -0.3242713237227019, 0.6210582114206955, -0.07603154820944447, 0.2751030425237387, 0.3001802871291594, 0.42055696815694793, -0.40523003088050535, 0.25864888264501334, 0.15243484259617854, 0.020826856015232924]], "inverted": true, "swapped": false, "error_lsq": 0.04141037116830182, "error_max": 0.26923511290647445, "target": "567.xyz", "model": "1.xyz", "model_rescale": 4.316132596720782, "target_rescale": 3.971026020775705},
{"mapping": [10, 12, 1, 4, 3, 2, 0, 7, 8, 11, 5, 13], "R": [[-0.6057789040622751, 0.33527809635215033, -0.7215403782877208], [0.7756036256390619, 0.04664360011000607, -0.6294945515763578], [-0.17740049404849678, -0.9409638530120359, -0.28829861608424906]], "T": [-0.0430017750389486, 0.17416831174229472, -0.11146524212393727], "aligned_model": [[-0.11537519800640163, 0.48587101990363984, 0.03216171466440597, -0.5896510166329305, -0.5676859887878861, -0.6733466184130104, -0.11239575456696758, -0.2054556228524303, 0.4986732839110704, 0.3214571244872669, 0.540409223088561, -0.01685361216353696], [-0.49020191304488014, -0.3272968529616791, -0.5517005285054504, 0.38580985484606856, -0.19799442556212468, -0.155332075876339, 0.23970490739048192, 0.3522370264506651, 0.07493197464828938, 0.014596146776817226, 0.520937075418821, 0.14708523816031094], [0.1753168896171335, 0.034646323224854836, -0.5571860002459693, -0.0950079488598665, -0.313359127631165, 0.328649907852785, -0.8572389627175908, 0.5183575916064602, -0.49306807799358354, 0.7347827388606021, -0.0011027643387379465, -0.025532108165500986]], "inverted": true, "swapped": true, "error_lsq": 0.05160903806586813, "error_max": 0.3160667257684471, "target": "567.xyz", "model": "2.xyz", "model_rescale": 3.795458400668931, "target_rescale": 3.971026020775705},
{"mapping": [11, 12, 5, 0, 7, 4, 8, 10, 1, 3, 9, 13], "R": [[-0.07807875586454702, -0.2724832938870586, 0.9589872587449237], [0.9341737928238403, -0.35593611984843565, -0.02507595239190391], [0.348170981966857, 0.8939028656066044, 0.2823378015366268]], "T": [0.029839173519767705, 0.11176039380876888, 0.12426293208070988], "aligned_model": [[-0.13565284822111093, -0.020860461198669702, -0.6349861157208317, 0.041192577601928966, 0.024942023254986602, 0.288804815103949, -0.2992839778123895, 0.531062987900183, 0.4686669055704472, 0.6692013737109384, -0.3681760746834207, 0.02839262023755475], [-0.09757160394517848, -0.5782233342823677, -0.007021818890522474, 0.0739108093776136, 0.4601342803556518, 0.6325310496338906, -0.3887629924346474, -0.2701847997204578, -0.5423572211479011, 0.15683594425992486, 0.5566027452941629, 0.08987598678954095], [-0.7719634433694309, -0.14753540525695064, -0.004946066960322987, 0.8750808336161793, -0.4531348292649577, 0.1992502584403536, 0.4243208190170666, -0.2387277786263392, 0.457072915456399, 0.3334134518474444, -0.017104368723855734, 0.03304504446351472]], "inverted": true, "swapped": true, "error_lsq": 0.04812318863911622, "error_max": 0.24253967504367988, "target": "567.xyz", "model": "3.xyz", "model_rescale": 3.7530521520055578, "target_rescale": 3.971026020775705},
{"mapping": [2, 11, 9, 5, 4, 12, 3, 10, 1, 8, 13], "R": [[0.5952671629405248, 0.522460028032621, -0.6104854820819996], [-0.8031630042467148, 0.40976411335406443, -0.43246105028840365], [0.024211429824163022, 0.7477492163254404, 0.6635396869446163]], "T": [0.11287198066401835, -0.11952255534167817, 0.05027019686524338], "aligned_model": [[-0.5200694053366013, -0.28950638371618764, 0.5215501606683569, 0.517002938265104, 0.15071602357996994, -0.2502328058586555, -0.2598276670523765, -0.6046243148736883, -0.3119786180201487, 0.3253966285832902, 0.05977304620614167], [-0.652357739189174, 0.17430254617382762, -0.32378272286883714, 0.2984741381858353, -0.7032928911326355, 0.5244623214434383, -0.4632941926057792, -0.0009208578288760344, 0.2442989718643539, 0.4655577998140263, -0.09624401554183358], [-0.07252369952196562, -0.7410500115170219, -0.3590530230529374, -0.3168180459446668, 0.0911162746511255, -0.026935545453737872, 0.49465269225103026, 0.05182011895668932, 0.697060721522993, 0.29804972884833925, -0.023488433494531655]], "inverted": true, "swapped": true, "error_lsq": 0.045083160926180116, "error_max": 0.22921544550003173, "target": "567.xyz", "model": "4.xyz", "model_rescale": 3.7855080009869324, "target_rescale": 3.971026020775705},
{"mapping": [1, 0, 7, 4, 6, 14, 11, 8, 2, 13, 5, 10, 3, 16], "R": [[0.2792388414600417, -0.014967102296679927, -0.9601050230411748], [0.1284062064570522, 0.9914800486643583, 0.021889706344102967], [0.9515973494936621, -0.12939590004850574, 0.2787816089473524]], "T": [0.030490339262611944, 0.06515913568208268, 0.07514702866872387], "aligned_model": [[-0.09134682504616559, 0.39909151271036947, 0.059003614199046074, -0.07398090152987052, -0.47821465598531915, 0.09454027457549441, -0.6939156961249776, -0.22116071724088202, 0.46816470712228087, -0.600979517565867, 0.6114786690297996, 0.4500710477816868, 0.7135118311917834, 0.050740817955101665], [-0.5835633357698052, -0.35309911144146977, 0.5950653818367523, -0.003657557035019257, 0.27705212686491354, -0.22479922614248507, -0.23938695091651738, 0.6872732246104772, -0.49662360367852965, 0.17004744971425617, 0.2415024577283669, 0.6566713601727806, -0.06090724626874974, 0.043160552398042826], [-0.2955533886711011, -0.4704417330983997, -0.45377246928401244, -0.6537911076063013, -0.27470673530182116, 0.6830278991748602, -0.0470159990109001, 0.28717457424025833, 0.2716845290441414, 0.41442847580650505, -0.4600714669602273, 0.1460666408432279, 0.07279877316389526, 0.11978706274135133]], "inverted": false, "swapped": false, "error_lsq": 0.03881728211806574, "error_max": 0.26538636339806987, "target": "567.xyz", "model": "5.xyz", "model_rescale": 4.2253639853439635, "target_rescale": 3.971026020775705},
{"mapping": [12, 0, 3, 7, 6, 8, 11, 2, 9, 5, 4, 10, 1, 13], "R": [[-0.028022036323987642, 0.01595817963253121, -0.9994799157477217], [-0.713960214647113, -0.7001304838737988, 0.008838407757544242], [-0.6996253121359357, 0.71383656536595, 0.031012587206461772]], "T": [0.0841181650524059, 0.04165215644621003, -0.0012283796664153829], "aligned_model": [[-0.4271894386047629, 0.5341668988863456, 0.004916129763267621, -0.16631773676340195, -0.45978624166181836, 0.1432156580471214, -0.6138596787235523, -0.058764216269294636, 0.34711774063295586, -0.30803618076358097, 0.5465686351739437, 0.2768582743610062, 0.7917852751332676, 0.0763290418609837], [-0.6576970883193595, -0.3196379000224323, 0.3750651343720258, -0.16813453676537718, 0.22463158236431824, -0.2256467419574014, -0.24329728790096747, 0.6970876272582751, -0.498447715503477, 0.3327775865950908, 0.5244867941851642, 0.5230382620995375, 0.06947263142335607, 0.07503717424426068], [-0.3488185589828375, -0.5579942924142706, -0.6221730603385663, -0.7241824711964115, -0.2917528952767787, 0.6850103986262764, 0.1916045339590527, 0.01144366619994846, 0.10702954867957365, 0.40151498704363897, -0.2334386022889075, 0.5815504308069677, 0.19148660273016443, -0.05166523246637368]], "inverted": false, "swapped": false, "error_lsq": 0.054389047416384124, "error_max": 0.32126138609735266, "target": "567.xyz", "model": "6.xyz", "model_rescale": 3.89814844738969, "target_rescale": 3.971026020775705},
{"mapping": [7, 11, 5, 2, 9, 12, 10, 4, 3, 1, 8, 0, 13], "R": [[0.6457122950322651, 0.09751146587192117, -0.7573289549909437], [-0.6241376147235519, 0.6387792927242317, -0.4499036042019733], [0.4398952942819013, 0.7631857763416714, 0.4733282168415486]], "T": [0.04543497250810127, 0.07336456893098456, 0.054188747887658026], "aligned_model": [[0.19735673448598595, -0.03258809173563579, 0.4969927725711941, -0.39136250180728005, 0.6126066873871315, -0.345879206162926, -0.6171966361859965, 0.1507280275604105, -0.42112424077729105, -0.6586745056689222, 0.04520638740984065, 0.08778041038996376, 0.024785963437747686], [-0.33318865508698603, 0.12963903628033913, 0.5091583926956695, -0.6069401297371912, -0.09256378972517795, 0.5913737299487914, 0.017239963050971058, -0.46999018403906956, -0.27122960154066156, 0.42720417520549026, 0.7246145274295832, 0.2674820470162391, 0.07098175397248772], [-0.46196120706110844, -0.8759589803612491, -0.22683819222931162, -0.16028725461574417, -0.11033965345667206, -0.3078361916445385, -0.24015642159202877, 0.24801176919009443, 0.3978995658377752, 0.3861970210084563, 0.2115224179539354, 0.7793192745408971, -0.03729711673421009]], "inverted": true, "swapped": true, "error_lsq": 0.04473244428579511, "error_max": 0.31492187309695113, "target": "567.xyz", "model": "7.xyz", "model_rescale": 3.7474275329858107, "target_rescale": 3.971026020775705},
{"mapping": [7, 9, 13, 11, 12, 3, 10, 1, 5, 0, 4, 2, 8, 14], "R": [[-0.5890391559025483, 0.7854566519704, -0.18997557919128166], [-0.7107880290731863, -0.3917377172636324, 0.5842276427894642], [0.3844648885657423, 0.4791653250690496, 0.7890420398886255]], "T": [-0.018755049498772304, 0.05525056037972752, -0.0391692610123409], "aligned_model": [[-0.13440946850061095, 0.3544667867026399, 0.10692286705587992, -0.16620987006425278, -0.4197397963845912, 0.23189533176984015, -0.6855014438220801, -0.2356520637114111, 0.3214974255610429, -0.4002230478180429, 0.6065777964086579, 0.44598582301495254, 0.6574585748910811, 0.0039352459693753165], [-0.6051687853780157, -0.45817547896112865, 0.6578129361277059, -0.1997802066039917, 0.3414538580272434, -0.12216996343593313, -0.3009538190347876, 0.6583344009973244, -0.5342620154012757, 0.06315064661127649, 0.47613269225473404, 0.623842844405284, -0.001705153538304638, 0.11022356600288294], [-0.15895229419433526, -0.4604050657554874, -0.6943299079654393, -0.5866145453774222, -0.41057405901575733, 0.6087743176142922, -0.10106470051356868, 0.35331944769330315, 0.18382096351242183, 0.498076485851033, -0.2490332854262201, 0.37230155424875216, 0.029398199915928472, -0.045102055506023975]], "inverted": true, "swapped": false, "error_lsq": 0.0440655507406979, "error_max": 0.24210393198631266, "target": "567.xyz", "model": "8.xyz", "model_rescale": 4.019505241142653, "target_rescale": 3.971026020775705},
{"mapping": [3, 10, 4, 6, 0, 9, 7, 1, 8, 12, 11, 5, 13], "R": [[0.6506646547517749, 0.3723182952623486, -0.6618267100002025], [-0.10049078466102287, -0.8216694191557229, -0.5610356208143196], [-0.7526865943106503, 0.43155353391814055, -0.49721669130048207]], "T": [0.06970050560725775, -0.07662636314436899, -0.02193969060150916], "aligned_model": [[-0.3333556002846777, -0.6478271809297345, 0.15001505641935836, 0.5848168280614106, 0.32182742020024363, 0.549075704090902, 0.029841444248267956, -0.4734233334421752, 0.19425972705935607, -0.33105572868661276, -0.23688438756775715, 0.48631577701661505, 0.02609504555597956], [-0.4569372579398754, 0.025444744981421935, -0.11477979053282952, -0.42261659012172853, -0.7848232217471792, 0.2710510954109698, 0.5347139402042337, -0.6589437966017876, -0.3606765889057262, 0.044371070156887224, 0.7611390654933617, 0.22163322193303647, 0.003802335783274116], [-0.4059568347546506, 0.038103685057967795, -0.6015794645219723, -0.5072700194852948, -0.008589016651392709, -0.1819564806747272, -0.30380989201468367, 0.28970918200296913, 0.5719297513032472, 0.5922886024457483, 0.2583886890755095, 0.4366121387904731, -0.0011668465293152158]], "inverted": true, "swapped": true, "error_lsq": 0.0533394631848224, "error_max": 0.3234071368225425, "target": "567.xyz", "model": "9.xyz", "model_rescale": 3.877068213659057, "target_rescale": 3.971026020775705},
{"mapping": [1, 7, 13, 4, 3, 11, 5, 6, 8, 12, 2, 10, 9, 15], "R": [[-0.78027611192711, 0.5662226658772307, 0.26563335973253466], [0.4097324792211602, 0.14189024436371178, 0.9011029097864949], [0.4725341094854356, 0.8119476899414693, -0.3427133848735968]], "T": [0.06337050922433887, 0.12203814477399472, -0.03615202556730084], "aligned_model": [[-0.2325317998729228, 0.3138369352014845, 0.16738088934274853, -0.09410161021414681, -0.48510697710623163, 0.1817507397346188, -0.6154343639611398, -0.22717676418331542, 0.5337242646547007, -0.47374685249516435, 0.5597840172903606, 0.3186575834439386, 0.7094285550037684, 0.030539544233781135], [-0.6754487482250833, -0.4898984104080714, 0.7561080863217593, -0.05203777080509972, 0.28288076696369746, -0.04957618567690181, -0.2642719295856907, 0.6391573251842462, -0.45872572667409767, 0.1415794343538625, 0.152092846414501, 0.5223329210118439, 0.14228646605286854, 0.062256447145179146], [-0.2075086395891127, -0.5147821450823075, -0.46600740359217757, -0.6709675790628199, -0.31194803823583883, 0.6717956553187429, -0.06751941038641232, 0.13259219001372405, 0.1556906343946504, 0.48280682969442995, -0.4754989293556293, 0.49091854021394726, 0.09743057385607146, 0.022612776894208916]], "inverted": false, "swapped": false, "error_lsq": 0.042726890922876994, "error_max": 0.2541161757049382, "target": "567.xyz", "model": "10.xyz", "model_rescale": 4.260839863003843, "target_rescale": 3.971026020775705},
{"mapping": [0, 1, 10, 3, 7, 4, 6, 8, 12, 11, 5, 13], "R": [[-0.22085287496957462, 0.8980808947953924, -0.38036129406286956], [0.781383953179146, -0.07045700741852223, -0.6200604227168158], [-0.5836635377782335, -0.4341503386030392, -0.6861853671997551]], "T": [-0.014699899561863758, 0.11763316085853351, -0.05959215564241147], "aligned_model": [[0.46251317832674005, 0.2690704734130936, -0.3388032935609974, -0.2872657407012193, -0.5488401750989264, -0.3906314479582308, 0.02642887117901821, 0.624294607064146, 0.2035481228660719, -0.3629108243240884, 0.3604555514542614, -0.058960673565738635], [0.1067745005626154, -0.654383825883406, -0.5080280356331083, -0.24743658506678703, 0.3695626237710393, 0.35665981567051663, 0.6147491118422238, -0.04838615913215499, -0.391026907001243, 0.031175078147578944, 0.44483070965985416, 0.09858817859580508], [-0.6404869652944284, -0.2934003361054169, 0.12033770909557331, -0.5565747620326973, 0.2659876863031426, -0.4409451519777027, -0.669332876319573, 0.05444314732868296, 0.4365480163269887, 0.8039490202179065, 0.41474632722827764, 0.020906262624750975]], "inverted": true, "swapped": true, "error_lsq": 0.0478875151953475, "error_max": 0.3207267220636663, "target": "567.xyz", "model": "11.xyz", "model_rescale": 3.890672605050136, "target_rescale": 3.971026020775705},
{"mapping": [3, 7, 10, 4, 2, 6, 0, 11, 8, 1, 12, 9, 5, 13], "R": [[-0.5938766985838745, -0.3690211116088776, 0.7149362811230567], [-0.4042755434029932, 0.9051518388554332, 0.1313827752136594], [-0.6956089072786035, -0.21100608475486352, -0.6867347961994433]], "T": [0.02942108853057341, 0.07723391977456312, 0.07837721177365921], "aligned_model": [[-0.1292010907597852, 0.5477599208922342, 0.032334062508671775, -0.31026397436068814, -0.449657780183415, -0.004392554928479002, -0.38745459281874317, -0.1446263786333504, 0.23653706113087508, -0.6744177808403217, 0.5002897029855142, 0.5871937148636925, 0.8011535601965902, 0.08175029101968534], [-0.7291092691172394, -0.3414272515804088, 0.7215606558880301, -0.004879339595319901, 0.47043328339603924, 0.07976870688749275, -0.3409870850317283, 0.5941896903002502, -0.57041171837264, -0.01143142642660161, 0.28263467732874226, 0.543141409936185, -0.017745605324160363, 0.03299879378437255], [-0.3431827744287931, -0.45361136774852784, -0.5416026880251421, -0.5290176470367818, -0.2701078405113411, 0.6536237296352396, 0.07900743837957931, 0.15067087947193192, 0.3168078036046282, 0.39782610085603815, -0.4612758466467731, 0.35701734518260364, 0.05888198611861052, -0.07542206376979561]], "inverted": false, "swapped": false, "error_lsq": 0.05580046296168267, "error_max": 0.39571526739052615, "target": "567.xyz", "model": "12.xyz", "model_rescale": 4.124412569039231, "target_rescale": 3.971026020775705},
{"mapping": [8, 0, 3, 5, 1, 12, 9, 11, 4, 7, 10, 2, 13], "R": [[-0.45903638697474247, -0.21278826971173448, 0.8625582575723569], [0.8852258392426195, -0.027327548750845698, 0.4643580715530524], [-0.07523834773819874, 0.9767161088834135, 0.20091001388001944]], "T": [0.001445392230189163, 0.17823600410898632, 0.052588987842043605], "aligned_model": [[-0.1460842135873965, -0.0538793469002726, 0.5511356317663924, -0.5525917947828155, 0.6152672438435264, 0.24224190920033858, -0.5167595007185005, 0.022915563415817103, 0.03682953700125485, -0.07210991251592944, 0.6448529788902345, 0.5774518681758604, 0.018028343721248022], [-0.23648982866532542, 0.46286937495528035, 0.547485455881956, -0.22842617715197355, -0.05500382326666714, -0.5232426861042052, 0.3339005064413994, -0.4297937120521159, 0.7383528067268537, 0.2242235634172295, -0.09519269416005721, 0.4870221719500766, 0.12178041853602627], [0.5576810026958313, 0.7462834663646941, 0.17929830527551882, 0.031013296901380077, 0.600333485811326, 0.10225808046988237, -0.2364055118490546, -0.6575293872267529, -0.11742721235122902, -0.6161794947048398, -0.1477435442463129, -0.46940154317053673, -0.020482863002068252]], "inverted": true, "swapped": true, "error_lsq": 0.045541647870649585, "error_max": 0.2518380638225181, "target": "567.xyz", "model": "13.xyz", "model_rescale": 3.9028299243045295, "target_rescale": 3.971026020775705},
{"mapping": [9, 11, 13, 14, 10, 3, 7, 5, 6, 4, 12, 8, 1, 15], "R": [[0.19926508323192044, 0.527602217262205, -0.8257901228184925], [0.9267907856904704, -0.3752326975849884, -0.0161016217299228], [-0.3183587067504463, -0.7621261857481987, -0.563747648184084]], "T": [0.13479851839807355, 0.10039196799610287, 0.10479753122952827], "aligned_model": [[-0.08607112690411586, 0.4588578882149753, -0.00791727604037612, -0.08643190123413619, -0.5338610584674707, -0.04689830859958022, -0.5971984921778579, 0.0005641016461760406, 0.2358491741720639, -0.4254530687992353, 0.5630769395952044, 0.477123886555737, 0.656841118449567, 0.0785222846615292], [-0.5456074099165056, -0.20215037842518416, 0.6086065732515302, -0.017950906286517465, 0.16118199292061933, -0.16228840094309147, -0.43269955904015844, 0.5907697187977689, -0.5404785298845947, 0.31845154399682946, 0.4470976712237309, 0.7486211651630961, -0.2730553506257931, 0.008237391841283317], [-0.2622812886229257, -0.48622729210169247, -0.49018269433944495, -0.743791131385544, -0.21854678244343895, 0.6402176766023976, 0.07986249268499727, 0.04469248540865134, 0.2580360125683565, 0.41773754822957293, -0.3201883958871411, 0.34794236422743385, 0.0037659535500793456, 0.06857810659017534]], "inverted": false, "swapped": false, "error_lsq": 0.04493890226956116, "error_max": 0.287875658504816, "target": "567.xyz", "model": "14.xyz", "model_rescale": 3.942246331269136, "target_rescale": 3.971026020775705},
{"mapping": [12, 1, 7, 0, 8, 4, 13, 6, 3, 11, 2, 9, 5, 14], "R": [[0.40004452562953347, -0.09095114054065298, -0.9119716374691683], [0.024562393103842638, 0.9957702748122884, -0.08853388416460907], [0.9161665058049516, 0.013017289833698317, 0.4005864248904743]], "T": [0.04787111018237611, 0.058830328978496195, 0.08419606196396921], "aligned_model": [[-0.1660389688357356, 0.42081947587791607, 0.10339808984253865, 0.07200359331402145, -0.526116675401842, -0.03133765186287257, -0.5645273288085715, -0.1804612186900687, 0.39455382924972465, -0.5705441575561971, 0.5329324047402932, 0.4747224979088026, 0.6611998050650224, 0.06640046622944917], [-0.6611007231754533, -0.5054414831135714, 0.7745811336257455, 0.15622859455529906, 0.34946346493071384, -0.22799865630912766, -0.45838311088663247, 0.567405376326227, -0.5561333157719852, 0.2282557566276384, 0.3164196055014441, 0.7199895982909014, -0.03329982740016551, 0.038749108871979694], [-0.23832218000339805, -0.3620642593553017, -0.38012823021303327, -0.6442603087191274, -0.3458171105953105, 0.5892892040048566, 0.21979936594159316, 0.12897505419648797, 0.2190246139695463, 0.405083278521881, -0.445908855747297, 0.2539859896118489, -0.05041264692333654, -0.009628859607932735]], "inverted": false, "swapped": false, "error_lsq": 0.051022186741424495, "error_max": 0.40583403001907553, "target": "567.xyz", "model": "15.xyz", "model_rescale": 4.355366556412066, "target_rescale": 3.971026020775705},
{"mapping": [10, 12, 1, 4, 3, 2, 0, 7, 8, 11, 5, 13], "R": [[-0.6057789040622751, 0.33527809635215033, -0.7215403782877208], [0.7756036256390619, 0.04664360011000607, -0.6294945515763578], [-0.17740049404849678, -0.9409638530120359, -0.28829861608424906]], "T": [-0.0430017750389486, 0.17416831174229472, -0.11146524212393727], "aligned_model": [[-0.11537519800640163, 0.48587101990363984, 0.03216171466440597, -0.5896510166329305, -0.5676859887878861, -0.6733466184130104, -0.11239575456696758, -0.2054556228524303, 0.4986732839110704, 0.3214571244872669, 0.540409223088561, -0.01685361216353696], [-0.49020191304488014, -0.3272968529616791, -0.5517005285054504, 0.38580985484606856, -0.19799442556212468, -0.155332075876339, 0.23970490739048192, 0.3522370264506651, 0.07493197464828938, 0.014596146776817226, 0.520937075418821, 0.14708523816031094], [0.1753168896171335, 0.034646323224854836, -0.5571860002459693, -0.0950079488598665, -0.313359127631165, 0.328649907852785, -0.8572389627175908, 0.5183575916064602, -0.49306807799358354, 0.7347827388606021, -0.0011027643387379465, -0.025532108165500986]], "inverted": true, "swapped": true, "error_lsq": 0.05160903806586813, "error_max": 0.3160667257684471, "target": "567.xyz", "model": "16.xyz", "model_rescale": 3.795458400668931, "target_rescale": 3.971026020775705},
{"mapping": [7, 11, 5, 2, 9, 12, 10, 4, 3, 1, 8, 0, 13], "R": [[0.6457122950322651, 0.09751146587192117, -0.7573289549909437], [-0.6241376147235519, 0.6387792927242317, -0.4499036042019733], [0.4398952942819013, 0.7631857763416714, 0.4733282168415486]], "T": [0.04543497250810127, 0.07336456893098456, 0.054188747887658026], "aligned_model": [[0.19735673448598595, -0.03258809173563579, 0.4969927725711941, -0.39136250180728005, 0.6126066873871315, -0.345879206162926, -0.6171966361859965, 0.1507280275604105, -0.42112424077729105, -0.6586745056689222, 0.04520638740984065, 0.08778041038996376, 0.024785963437747686], [-0.33318865508698603, 0.12963903628033913, 0.5091583926956695, -0.6069401297371912, -0.09256378972517795, 0.5913737299487914, 0.017239963050971058, -0.46999018403906956, -0.27122960154066156, 0.42720417520549026, 0.7246145274295832, 0.2674820470162391, 0.07098175397248772], [-0.46196120706110844, -0.8759589803612491, -0.22683819222931162, -0.16028725461574417, -0.11033965345667206, -0.3078361916445385, -0.24015642159202877, 0.24801176919009443, 0.3978995658377752, 0.3861970210084563, 0.2115224179539354, 0.7793192745408971, -0.03729711673421009]], "inverted": true, "swapped": true, "error_lsq": 0.04473244428579511, "error_max": 0.31492187309695113, "target": "567.xyz", "model": "17.xyz", "model_rescale": 3.7474275329858107, "target_rescale": 3.971026020775705},
{"mapping": [12, 7, 3, 11, 10, 6, 5, 8, 9, 4, 1, 0, 2, 13], "R": [[-0.7436119122886555, -0.5027183604899362, 0.4408124021947657], [0.1355361833059454, 0.5322683204239321, 0.8356556576054182], [-0.6547299190637821, 0.6811495321142027, -0.32766453574248255]], "T": [0.06023046919182922, 0.049710321577333905, -0.10529138925580603], "aligned_model": [[-0.24314664691197752, 0.458765567260074, -0.03783976012440702, 0.07336428086815355, -0.5395460043692405, 0.30412939285040524, -0.5968244677523096, -0.36164687025583886, 0.05788731517860179, -0.2549761834081939, 0.5792958112025384, 0.4021483538200408, 0.7097036494584144, 0.13568972325621928], [-0.6048232938381984, -0.46978824730110713, 0.6072950025024906, 0.030321256726734636, 0.13237408021063918, -0.1542546017078533, -0.18137464405487075, 0.5932847992994611, -0.49549966781994914, 0.15010017549068588, 0.39628790130703445, 0.6257375760819984, 0.004766052682447508, 0.07430913249350074], [-0.3022304535094714, -0.4777296990163401, -0.47955163965475833, -0.8272250627751431, -0.4367642467188554, 0.5974962291381067, 0.08989694330121556, 0.10303707459004877, 0.28260646191993855, 0.6561496560054474, -0.4035757649138101, 0.3951355814602584, 0.17754659372666862, -0.03517661847182896]], "inverted": true, "swapped": false, "error_lsq": 0.04916173425518615, "error_max": 0.28966224834711846, "target": "567.xyz", "model": "18.xyz", "model_rescale": 3.922800546911778, "target_rescale": 3.971026020775705},
{"mapping": [10, 9, 0, 2, 1, 13, 6, 5, 11, 8, 3, 12, 7, 14], "R": [[0.40578964287983194, 0.7605457620435844, 0.5068578790637496], [-0.8397715829976425, 0.5291352759744644, -0.12165339333146971], [-0.3607193564546993, -0.3762791564210958, 0.8534023332062881]], "T": [-0.0356480362182291, 0.045647351722115856, 0.02746880118676083], "aligned_model": [[-0.15903355419725823, 0.44393513237726234, 0.04842331820008055, -0.008906603568380862, -0.622740611712642, 0.20250025652523515, -0.6581147415611277, -0.16033479857118277, 0.32642071854541777, -0.41633968991157166, 0.44210230838013703, 0.43550787699177274, 0.7538857764688166, 0.05969877310592129], [-0.6903717025110822, -0.3258924302089414, 0.6493597434168151, -0.13920751274889187, 0.23999598522621918, -0.14964223527910853, -0.2507076148567914, 0.7962722369636581, -0.5463639367199943, 0.2175064630315438, 0.3692719862688078, 0.5524295677978167, -0.04645934218241578, 0.03254431387537844], [-0.2785583430701198, -0.5153952340536617, -0.5442881324462429, -0.664082019540845, -0.3793898233872683, 0.6414403922986378, 0.04930240914979807, 0.08704407404198809, 0.1876950910078125, 0.47460296974221894, -0.24852204600888067, 0.4013644222939949, 0.10724182056354971, 0.021159474490495433]], "inverted": false, "swapped": false, "error_lsq": 0.03343597465478706, "error_max": 0.18632746455600355, "target": "567.xyz", "model": "19.xyz", "model_rescale": 3.9282355846067225, "target_rescale": 3.971026020775705},
{"mapping": [12, 2, 0, 10, 11, 6, 9, 4, 7, 8, 1, 3, 5, 13], "R": [[0.3083903542912542, -0.4988029198972028, -0.8099944669453858], [-0.9499095509248303, -0.20683219627415378, -0.23429103193719847], [-0.050667883732223196, 0.8416745746940648, -0.5376027119273704]], "T": [0.03058892595918171, 0.003980697023290958, 0.05576945354400481], "aligned_model": [[-0.3566268943869292, 0.6164658704263303, 0.026850755717589395, -0.05325430783176417, -0.4756023972425768, 0.3042542703050525, -0.6132027007808125, -0.22177526798161962, 0.2027686448463477, -0.5353483642779169, 0.5521414928703573, 0.43399519408072823, 0.7112850385686736, 0.09505282675902121], [-0.6910553731310262, -0.301386860080608, 0.6698387233293155, -0.16809338338981528, 0.3470453061609598, -0.008775801186144572, -0.23990265027014546, 0.5575852496966333, -0.5891283753841872, 0.09025406980038034, 0.3340739855695622, 0.6258830087191618, 0.014793472163452642, 0.06760415007547506], [-0.24386885329558633, -0.4363840503245672, -0.3878701559183707, -0.7842276726349637, -0.317647457693858, 0.6488871527526465, -0.011149000489287242, 0.22665584216454526, 0.13746124634781187, 0.5566621244795471, -0.3691095140593406, 0.18559998419506463, 0.21141661355884794, -0.07681120400101321]], "inverted": false, "swapped": false, "error_lsq": 0.04451110725881582, "error_max": 0.23573951026968282, "target": "567.xyz", "model": "20.xyz", "model_rescale": 4.067790424073018, "target_rescale": 3.971026020775705},
{"mapping": [1, 13, 4, 5, 8, 12, 7, 2, 10, 0, 6, 3, 11, 14], "R": [[-0.06584204568869817, -0.5545189571709466, 0.8295622647864193], [-0.4471954471541044, -0.7268008786398079, -0.5213220836038349], [0.8920095610833821, -0.4053013803905054, -0.20012429634950107]], "T": [0.04924895083348091, 0.05668234421901566, -0.053835586679762445], "aligned_model": [[-0.2982100011616226, 0.4729576290825551, -0.16953942685212361, -0.021193700703963494, -0.4536651569697103, 0.23282328611881375, -0.6160321012708637, -0.0583808915781443, 0.3641864018546277, -0.436372334709325, 0.5288634632582896, 0.41713218151887643, 0.6472887599875365, 0.0771460524975342], [-0.6459069481972464, -0.38796597294709556, 0.5908751624763077, -0.041089457409891256, 0.059662931535445496, -0.1656276651324684, -0.2333558660282122, 0.7872520877770699, -0.6908630074069284, 0.37467149656907783, 0.5542719292243548, 0.5528568601060619, -0.035171150509176324, -0.010874877984285575], [-0.29662286834686186, -0.38981525138428835, -0.609931058202694, -0.6317150105291479, -0.32260391256066434, 0.6560183349579071, 0.11920462690166837, 0.03784646368397834, 0.06139101945100413, 0.3554478060158128, -0.3182810953599043, 0.5311582551814585, 0.17407574729103092, -0.026558002017822463]], "inverted": false, "swapped": false, "error_lsq": 0.04672228465687304, "error_max": 0.24696371553672655, "target": "567.xyz", "model": "21.xyz", "model_rescale": 4.186013935880536, "target_rescale": 3.971026020775705},
{"mapping": [2, 3, 4, 11, 12, 7, 10, 1, 6, 0, 8, 5, 13], "R": [[-0.48768180339878864, 0.6341665897303842, 0.5999993292524916], [-0.7263301661226139, -0.6760371304376294, 0.12417039925019023], [0.4843665434503102, -0.3752419682543388, 0.7903053314046466]], "T": [0.06966375887811727, 0.061716869129391234, 0.04933467725723806], "aligned_model": [[0.17836466414528063, -0.29917690092236005, 0.27570354864518126, 0.5045256825769686, -0.23449237058491817, 0.6415007905463938, -0.21154671881989606, -0.7677409236239046, 0.2024322227963915, -0.38702602963425026, -0.3038196643145099, 0.3531137393742927, 0.10673599523855616], [-0.40297409768047776, 0.023377742386787727, 0.25980310511163285, -0.7078472267374918, -0.4477749826783809, -0.25758725449240155, -0.5855921364532114, -0.1111134261707189, 0.7642597784271102, 0.6582156603738782, 0.20615624509478517, 0.1424407185695598, -0.022407466204978736], [-0.6375808130379954, -0.513734099393561, -0.4627178852315492, 0.35445009847609377, 0.4970281393741151, -0.1113631994132959, -0.126111660824402, 0.040104054416053525, -0.2814304758971681, 0.019124725182058516, 0.5864825560607778, 0.6705726456631064, 0.06805547596111239]], "inverted": false, "swapped": true, "error_lsq": 0.0544786323856831, "error_max": 0.3352294636399991, "target": "567.xyz", "model": "22.xyz", "model_rescale": 4.166573947596378, "target_rescale": 3.971026020775705},
{"mapping": [0, 8, 14, 10, 13, 2, 5, 12, 4, 6, 9, 11, 3, 15], "R": [[-0.3267543734575345, 0.9440443356977213, -0.044853892399907], [-0.844835431005057, -0.31303140930279444, -0.43389449329117546], [-0.42365631583262586, -0.10388276578410252, 0.8998464852563306]], "T": [0.084162924513973, 0.05201211523191098, -0.03855271159859913], "aligned_model": [[-0.11626648044193555, 0.5743149355996822, -0.12714706344799695, -0.1754038030541452, -0.6050568227418873, 0.15096526368611843, -0.6974342424293449, -0.053408565730102414, 0.40838184526818705, -0.41063108529609316, 0.5346135764518878, 0.5457222879386734, 0.6242080185084985, 0.03414629676093871], [-0.7383470129313409, -0.4416550260866616, 0.6893672826697658, 0.12292294770839537, 0.23382536137758295, -0.09269261997570846, -0.21726602343787946, 0.6519495415502521, -0.5685633336482322, 0.16983251012398073, 0.31183204642054435, 0.5894804674838416, -0.015553925510782544, 0.013603306329255847], [-0.08232787574516898, -0.45101228517177877, -0.4570073002316095, -0.7375076463985109, -0.49542602271918273, 0.6152111802451719, -0.12605776209317282, 0.1862372454808178, 0.18420661376573938, 0.527490461993678, -0.33861433828207793, 0.30812300400459053, 0.2168152163149608, -0.010515436081980176]], "inverted": true, "swapped": false, "error_lsq": 0.035507760042238254, "error_max": 0.26799445763823376, "target": "567.xyz", "model": "23.xyz", "model_rescale": 4.274766983524099, "target_rescale": 3.971026020775705},
{"mapping": [5, 12, 11, 7, 10, 2, 4, 3, 0, 1, 13], "R": [[0.09737956915721556, 0.9746502707632092, -0.20143006034839583], [-0.9881954209410031, 0.11873909875174772, 0.09680308083349823], [0.11826677277236053, 0.18962562097149746, 0.9747076968656733]], "T": [0.09733640352763404, -0.04622180262945716, -0.034378212658396], "aligned_model": [[0.3275730736158886, 0.06353195918392401, -0.5332142404503549, -0.4775770154078762, -0.3484974097526854, -0.6304022356122863, -0.09047934185777809, -0.03472065723262491, 0.7384388253930554, 0.339118059355924, 0.026123686722889075], [0.004446377288354647, 0.6718296890341798, 0.3223349493027362, -0.2624716664415775, 0.4688668982757844, -0.11813314489863191, -0.5303916216397802, -0.045893329001514535, -0.16614060956131904, 0.5771698994115391, -0.006030910526287521], [-0.6803044127704991, -0.22353859178912835, -0.6183311359152062, -0.3127432227523492, 0.22015182517097273, 0.3716164969179176, 0.2380060944318527, 0.6267727481734715, 0.3396487603185808, 0.49865699666574614, -0.08036912442978114]], "inverted": true, "swapped": true, "error_lsq": 0.04465893036565373, "error_max": 0.2333962664242401, "target": "567.xyz", "model": "24.xyz", "model_rescale": 3.7841303162186577, "target_rescale": 3.971026020775705},
{"mapping": [7, 6, 13, 11, 14, 8, 10, 12, 1, 9, 3, 5, 4, 15], "R": [[0.28824592474297067, -0.9443860453016875, 0.15826965694190628], [-0.45428039467859316, 0.010632721950513513, 0.8907953009724426], [-0.842937488714158, -0.3286669175067093, -0.42595122661744567]], "T": [-0.004102962969760815, -0.06518727399411779, 0.027443154797775274], "aligned_model": [[-0.13725983433792513, 0.5409890623602713, -0.1250687986632239, -0.08103555698031349, -0.6168367180242222, 0.04657329215125172, -0.7331214789192002, -0.057937440876023136, 0.3999628573534846, -0.371267921417884, 0.5388332211060054, 0.512373749029658, 0.722482535770667, 0.048317192519934264], [-0.590526700130196, -0.25551015598828325, 0.5074566585559874, -0.07415108800062482, 0.4352802221559164, -0.29189830058389926, -0.28734357712925496, 0.6864639121530817, -0.5550296214807692, 0.23375003989745413, 0.35703781125458744, 0.6168384572950497, -0.0037024287105717063, -0.06992970721546436], [-0.33185239910557773, -0.40692804216867556, -0.4916389103707036, -0.7363818219998874, -0.03076846796551895, 0.5710347397477084, -0.12886962669307028, 0.11284953500560181, 0.41451121245491784, 0.37090652137011193, -0.39201860155328994, 0.2209152542473567, 0.18554903602594897, -0.017693373913445262]], "inverted": false, "swapped": false, "error_lsq": 0.045726798044270336, "error_max": 0.35655540913323874, "target": "567.xyz", "model": "25.xyz", "model_rescale": 4.19342608120988, "target_rescale": 3.971026020775705},
{"mapping": [10, 12, 1, 4, 3, 2, 0, 7, 8, 11, 5, 13], "R": [[-0.6057789040622751, 0.33527809635215033, -0.7215403782877208], [0.7756036256390619, 0.04664360011000607, -0.6294945515763578], [-0.17740049404849678, -0.9409638530120359, -0.28829861608424906]], "T": [-0.0430017750389486, 0.17416831174229472, -0.11146524212393727], "aligned_model": [[-0.11537519800640163, 0.48587101990363984, 0.03216171466440597, -0.5896510166329305, -0.5676859887878861, -0.6733466184130104, -0.11239575456696758, -0.2054556228524303, 0.4986732839110704, 0.3214571244872669, 0.540409223088561, -0.01685361216353696], [-0.49020191304488014, -0.3272968529616791, -0.5517005285054504, 0.38580985484606856, -0.19799442556212468, -0.155332075876339, 0.23970490739048192, 0.3522370264506651, 0.07493197464828938, 0.014596146776817226, 0.520937075418821, 0.14708523816031094], [0.1753168896171335, 0.034646323224854836, -0.5571860002459693, -0.0950079488598665, -0.313359127631165, 0.328649907852785, -0.8572389627175908, 0.5183575916064602, -0.49306807799358354, 0.7347827388606021, -0.0011027643387379465, -0.025532108165500986]], "inverted": true, "swapped": true, "error_lsq": 0.05160903806586813, "error_max": 0.3160667257684471, "target": "567.xyz", "model": "26.xyz", "model_rescale": 3.795458400668931, "target_rescale": 3.971026020775705},
{"mapping": [12, 10, 1, 8, 6, 7, 11, 5, 2, 3, 9, 4, 13], "R": [[0.35668816820504146, -0.2385059158229199, -0.9032654531088867], [-0.9300609324092355, -0.18182595926237588, -0.3192584886019173], [-0.08809206927184643, 0.9539676350148297, -0.28668020279680473]], "T": [-0.1298792026109485, 0.006436038757192189, -0.1599182352199708], "aligned_model": [[0.038689172366867836, 0.32913613701887134, 0.6367475525310609, -0.07891082376337893, -0.2431699204236678, -0.48613290896918804, -0.48315851809800914, -0.6731725935571021, 0.18364591819816187, 0.4522925456241931, -0.7045669661128648, -0.11890781504695061, -0.15281539694673707], [-0.7088888326387246, -0.41467156956941853, -0.24170825222510767, -0.27961576901814733, 0.7689059358190664, -0.049985756209829146, -0.7073359635256057, -0.2849457413963761, 0.10566978729453669, 0.2805394004437957, 0.20584836988835875, 0.5119090553781899, -0.0638391609838239], [-0.2713514685500541, 0.21537231783952596, -0.44611737358554515, -0.7636210031929267, -0.3224127283233156, 0.40988559020962523, 0.3301352971642355, -0.46442733894191157, 0.6091468686698056, 0.041335760689194534, -0.08083431847283168, 0.1371760877267845, -0.10215102913316068]], "inverted": false, "swapped": true, "error_lsq": 0.05588787055600174, "error_max": 0.31472382695733164, "target": "567.xyz", "model": "27.xyz", "model_rescale": 3.6321398670334006, "target_rescale": 3.971026020775705},
