[{"mapping": [1, 9, 7, 5, 11, 4, 8, 2, 3, 6, 13], "R": [[-0.5726825983047541, 0.5242095711125956, -0.6302689641358398], [-0.5717486931507534, -0.8063802802782294, -0.151176305877642], [-0.587484530417033, 0.27377941692602303, 0.7615160913521956]], "T": [-0.07510475648150597, 0.030004183417969545, -0.21324320020467824], "aligned_model": [[-0.21985577937758888, -0.6868097499863888, -0.18632357808953118, 0.5637114432306322, 0.1783995837166548, 0.11921084166952686, 0.38200269739290726, -0.24928163370124115, 0.13848328305287294, 0.5198052025947724, -0.09491075135397928], [0.23641018210929302, -0.16245205557166423, -0.35295111627914494, -0.07632180917473141, -0.6198399122882606, 0.12909193548308043, -0.3725602787503504, 0.6263338404468748, 0.5069647349915409, 0.3110436587675156, -0.08631505071399898], [-0.732365361644302, 0.14104590315496912, 0.42891728957142483, -0.6044080078319957, -0.23560481060572527, 0.7172552104962588, 0.2762195267054336, 0.23987003177985933, -0.20380458758270878, 0.17617333523618633, -0.10091590791352101]], "inverted": false, "swapped": false, "error_lsq": 0.04882632845537691, "error_max": 0.2551269782851054, "target": "568.xyz", "model": "0.xyz", "model_rescale": 3.8414455957264533, "target_rescale": 3.8464384359984125},
{"mapping": [4, 1, 12, 6, 10, 13, 8, 0, 7, 9, 14], "R": [[-0.790829742820562, 0.02912306665105746, -0.6113429192026374], [0.6013846804943056, 0.22251788517492194, -0.767347546320468], [0.11368721976161766, -0.9744935288477388, -0.19348792803881937]], "T": [0.018588934542414698, 0.024880102260334, -0.10104252703199333], "aligned_model": [[-0.2714556450481339, -0.8300235773415615, -0.06211306926912738, 0.5984964744432646, 0.041244657081264985, 0.1614473642428156, 0.5318749014571044, -0.3992938640442838, 0.15419829778031477, 0.5947186669306416, -0.05466264708366225], [0.32675331526424783, -0.1376334520495115, -0.5350390250312997, -0.2677076741463675, -0.6517411307428027, 0.22315027010765864, -0.3635173103801673, 0.5676943021423752, 0.6519897592336001, 0.3525187845283054, -0.027063709905883943], [-0.4482657116971686, -0.056951252290937004, 0.411077870277907, -0.5347784052426494, -0.20130082193045934, 0.6166812431224159, 0.35720125472962266, 0.13611581787481203, -0.13707835459576034, 0.06093619173506841, -0.10125521061697182]], "inverted": true, "swapped": false, "error_lsq": 0.04492763358581008, "error_max": 0.2191293474185629, "target": "568.xyz", "model": "1.xyz", "model_rescale": 4.316132596720782, "target_rescale": 3.8464384359984125},
{"mapping": [1, 2, 4, 10, 6, 5, 3, 0, 9, 7, 11], "R": [[0.13632053208547673, -0.9019556650159524, -0.4097471060026709], [-0.2416435358931434, 0.37084139061263005, -0.8967079037064134], [0.9607419602021097, 0.22125243807497874, -0.16739846042567452]], "T": [0.03233834630035639, 0.036939466001120774, -0.07518273351051417], "aligned_model": [[-0.2595137824954218, -0.760588537224408, -0.2986721298125694, 0.37806105866650896, 0.12323379588221303, 0.15409284793246605, 0.45954563439097873, -0.4862357279248619, 0.2506025648135205, 0.8905981356042864, 0.013307699315924328], [0.3345636591727468, -0.19984657782380463, -0.4199325485862143, -0.13593753310851905, -0.7790708851275758, 0.34569247217386523, -0.2599695054059167, 0.3472960035018904, 0.7386006116684497, 0.24525308936831294, -0.07724465681308021], [-0.42280240781149303, -0.2013759527358246, 0.4502026090021479, -0.5730031307647103, -0.11946689654476253, 0.4776348715172275, 0.3252620249011579, 0.29720658932035915, -0.1751020650217977, 0.06784414565337667, -0.02401716614980167]], "inverted": true, "swapped": false, "error_lsq": 0.056844698161573136, "error_max": 0.29425384470155486, "target": "568.xyz", "model": "2.xyz", "model_rescale": 3.795458400668931, "target_rescale": 3.8464384359984125},
{"mapping": [4, 9, 8, 0, 7, 6, 1, 5, 10, 2, 11], "R": [[0.7652059763142475, 0.48097760612358204, 0.4279256433313946], [0.6072981674097415, -0.7598878474516915, -0.2318607236165815], [0.2136556801812889, 0.43729967036674466, -0.8735675409625792]], "T": [0.06747282513726935, 0.0329512670501801, 0.024616638807472994], "aligned_model": [[-0.13378470056821007, -0.7663198604426553, -0.11720791613759485, 0.5249667065548588, -0.18483684196280606, 0.1255363876101468, 0.5408033452799295, -0.4606962182806631, 0.1918059407135269, 0.6611142372791848, 0.08305047910292016], [0.21191860096102177, -0.19305472856699507, -0.44641860426589763, -0.16070931012839296, -0.612557172288682, 0.08403744089240583, -0.3448258649699509, 0.4951439170249569, 0.6985228258965663, 0.43308459117669773, -0.025737566711574997], [-0.5571228519126861, 0.11553248025317181, 0.6133954489797728, -0.5798689883897925, -0.2962587002981176, 0.6088384478629242, 0.19640575133726867, 0.05983071885372248, -0.2592257678657645, 0.29885833536106793, -0.09800225281568736]], "inverted": true, "swapped": false, "error_lsq": 0.04322881038721553, "error_max": 0.23150853682238526, "target": "568.xyz", "model": "3.xyz", "model_rescale": 3.7530521520055578, "target_rescale": 3.8464384359984125},
{"mapping": [9, 8, 7, 3, 5, 0, 1, 6, 4, 2, 10], "R": [[0.40240166565593893, -0.13689034285587853, -0.9051706654052185], [0.4522252284956918, -0.8299710055487897, 0.3265585286902646], [-0.7959681163145578, -0.5407487068695875, -0.2720764485021142]], "T": [0.06743946571935146, -0.003075771042213935, -0.06247649284394691], "aligned_model": [[-0.17612499410968352, -0.836897857673652, -0.25716326179447363, 0.5738938529610639, -0.03182157024404096, 0.06516272431392786, 0.6583847251079131, -0.4412853941664886, 0.1357939774454205, 0.6945440201895637, 0.07994533711908648], [0.04608449151027995, -0.14971263599668394, -0.32877511693548245, -0.1361662517449224, -0.6948347984688329, 0.3232092797727389, -0.4024617657234623, 0.47425529606117656, 0.722036995405335, 0.2547048626361658, 0.031063772503842433], [-0.5478870318077875, -0.016096244798006143, 0.3218462178155839, -0.615523202159213, -0.23328760695354808, 0.6949885346214699, 0.27840530260486734, 0.1818380829635348, 0.03370064099275806, -0.021917823116014146, 0.026315751202234006]], "inverted": false, "swapped": false, "error_lsq": 0.05176849237030936, "error_max": 0.2719613857424826, "target": "568.xyz", "model": "4.xyz", "model_rescale": 3.7855080009869324, "target_rescale": 3.8464384359984125},
{"mapping": [6, 1, 2, 10, 5, 14, 9, 12, 13, 15, 16], "R": [[0.7471770956817723, 0.6433773548158184, -0.16670922889496065], [0.19401683310312567, 0.028764150396721963, 0.9805764081011683], [0.6356759049713822, -0.7650086293383593, -0.10333412251845472]], "T": [-0.014498192138865468, -0.004765247867095739, -0.11940915732202323], "aligned_model": [[-0.24580193435613729, -0.7474190155786297, -0.15330554412717298, 0.6093006977393755, 0.011766093156815774, 0.15012843122189673, 0.4598976960681851, -0.37218320995451326, 0.03256787598421114, 0.7168218238089702, 0.002658645185635803], [0.30375894635885964, -0.11359459801340639, -0.34608747378144733, -0.30071222510809975, -0.7504408119757826, 0.19280252100272127, -0.2933171013038664, 0.40951580770702595, 0.717778107520494, 0.3238117162537122, -0.00411075964005622], [-0.6460859732921904, 0.03579128760156436, 0.520916810220726, -0.3523353381666663, -0.43306722756476723, 0.5063403533589725, 0.3262368775301793, 0.2849395758684792, -0.14356539237791616, 0.07170944357560372, -0.06849779538810494]], "inverted": false, "swapped": false, "error_lsq": 0.043773884993275586, "error_max": 0.24981919333904534, "target": "568.xyz", "model": "5.xyz", "model_rescale": 4.2253639853439635, "target_rescale": 3.8464384359984125},
{"mapping": [6, 12, 9, 4, 0, 8, 1, 11, 5, 10, 13], "R": [[-0.7372624932664888, -0.20235216840230885, -0.6445910455206189], [-0.6681937645649813, 0.07745081318772229, 0.7399449064173895], [-0.09980535566270621, 0.9762453438964227, -0.19231203680892306]], "T": [0.06068082900503765, 0.0028600878558387617, -0.07440034813741805], "aligned_model": [[-0.28009826404543564, -0.8629926382035232, -0.08499346090992196, 0.6048924863190003, -0.07646048197221397, 0.1638630984955533, 0.6150757490000612, -0.5221424558323157, 0.1355373809569799, 0.711832675267579, 0.059917470072874374], [0.31427594766811706, -0.11917513012804336, -0.35922288110850636, -0.24932245034112846, -0.7799633174722146, 0.2200555567373748, -0.3892631884035216, 0.488006676221272, 0.6298423468421953, 0.38889503988602975, -0.004724470881419965], [-0.5222929023512447, -0.017142195743426722, 0.39493040125912493, -0.4500983008582857, -0.18136962513147192, 0.6242014147853558, 0.20415196446759984, 0.10025243673006318, -0.02933361986792428, 0.11398957544946417, -0.13490652737337488]], "inverted": false, "swapped": false, "error_lsq": 0.04508197892493433, "error_max": 0.2180365745430333, "target": "568.xyz", "model": "6.xyz", "model_rescale": 3.89814844738969, "target_rescale": 3.8464384359984125},
{"mapping": [5, 2, 4, 9, 10, 7, 11, 0, 6, 8, 12], "R": [[-0.5706888026541764, -0.15493993641618728, 0.80641670780589], [-0.5585911758325233, -0.6465747630726512, -0.5195353443603082], [0.6019054650085688, -0.746950260633794, 0.2824448960982046]], "T": [0.00032833265993424676, 0.1017018822642943, 0.11324163814117362], "aligned_model": [[-0.1381128067814425, -0.6002408436941241, -0.2414660292366994, 0.48388706880159627, -0.08728360360499988, 0.08417244520577999, 0.6068883334051616, -0.40643104899920224, 0.16345071032775804, 0.6536717241652374, -0.05410439044042763], [0.16272941736921875, -0.24119185364498533, -0.3756161906911688, -0.10018440075720889, -0.514506946276422, 0.22987931267294492, -0.3984118758209836, 0.515391341725673, 0.6360381315951764, 0.2772397147427175, -0.05196252189480713], [-0.6481296870963995, -0.039363718280386054, 0.47268388964947455, -0.6101937469924634, -0.2760069858827442, 0.7518458901401647, 0.3064036522453444, 0.23331754759489354, -0.267877389962619, 0.10928506641062859, 0.07041810353998605]], "inverted": false, "swapped": false, "error_lsq": 0.04158438199255703, "error_max": 0.21423341288952996, "target": "568.xyz", "model": "7.xyz", "model_rescale": 3.7474275329858107, "target_rescale": 3.8464384359984125},
{"mapping": [12, 7, 5, 4, 9, 3, 8, 0, 1, 2, 14], "R": [[-0.8579947243886604, 0.40923883195849625, 0.310432973987095], [0.10820393331870956, -0.44679776059996273, 0.8880673791651278], [0.5021324145438004, 0.7955471950425722, 0.33906887017877196]], "T": [-0.08055646676070452, 0.04735271564764342, -0.12070267804249751], "aligned_model": [[-0.24917800998842382, -0.5993383205209813, -0.1664260297630966, 0.6418147103564698, -0.16472503600324867, 0.0720034906023107, 0.4103681268477276, -0.30876021869877956, 0.1770167068697275, 0.6807666841356113, -0.02911054468867999], [0.2616673946037134, -0.3558956453149889, -0.39705595110543046, -0.16865228218061823, -0.709649731019417, 0.13393184388119808, -0.34606130375178235, 0.5585614301896777, 0.7532864782793659, 0.34437466851817855, 0.0648972269202578], [-0.6741271194460325, 0.05855629527269968, 0.43440885947624414, -0.3298618739414263, -0.13496408681393152, 0.574541200713961, 0.14279071577774316, 0.2268630501365449, -0.131445259316045, 0.08117479784851292, -0.14555395834239115]], "inverted": true, "swapped": false, "error_lsq": 0.044595683799022755, "error_max": 0.2309786025051225, "target": "568.xyz", "model": "8.xyz", "model_rescale": 4.019505241142653, "target_rescale": 3.8464384359984125},
{"mapping": [2, 4, 8, 1, 0, 11, 9, 5, 6, 10, 12], "R": [[0.6993007933518658, -0.6429659813110928, -0.31236700737132034], [-0.5548202505287494, -0.7637378145579403, 0.3299682412255413], [-0.4507248495708518, -0.05743951158326925, -0.8908130064656716]], "T": [0.023213980486443027, 0.0015758814568128249, -0.03723090290428915], "aligned_model": [[-0.12409027697743849, -0.7059361554231239, -0.09577444969715926, 0.5367680685878619, -0.2285618787676547, 0.05664002979622796, 0.4501448011459938, -0.4884684510014899, 0.19330192947487507, 0.8712394730468358, -0.0008315310362912581], [0.22806731438643446, -0.3907912121612223, -0.3540794020347611, -0.25501125656989887, -0.46524837313185935, 0.21892470654528795, -0.298087331053504, 0.3871161416546688, 0.7075549750967676, 0.3414953891245207, 0.019463177163720955], [-0.5635152830251126, 0.007297901165850058, 0.5244522855507971, -0.3932232361983334, -0.4131698741425491, 0.5449131612698539, 0.4046651197858929, 0.16293032264932236, -0.06416502474098193, -0.09628384942209359, -0.011518901526766226]], "inverted": true, "swapped": false, "error_lsq": 0.05560984595407917, "error_max": 0.3242956709447344, "target": "568.xyz", "model": "9.xyz", "model_rescale": 3.877068213659057, "target_rescale": 3.8464384359984125},
{"mapping": [2, 6, 12, 8, 11, 5, 0, 3, 4, 1, 15], "R": [[0.4878940332995069, 0.04313934274839942, 0.8718362285303222], [0.33309722744164727, 0.913998202575026, -0.23163230077066002], [-0.8068492110310498, 0.4034182479720745, 0.43156467401968235]], "T": [-0.12050798190352305, 0.024232595081225695, -0.17499075485719542], "aligned_model": [[-0.10301377527281771, -0.6639241050998128, -0.18961401624952398, 0.5204159663818685, 0.0879466667146748, 0.17689988859010117, 0.4175154555682017, -0.35754955109183584, 0.011393416286242297, 0.627728897676787, -0.06336728435524827], [0.3552422771313423, -0.1136834198339417, -0.3795767662745656, -0.22243277768444128, -0.6821337794723955, 0.2102357046183048, -0.3796885105155218, 0.39252111723457156, 0.6865329946535655, 0.2958077946067716, -0.02342050544353505], [-0.7498663075405114, 0.0818801563123687, 0.4497952656425652, -0.5266946391131663, -0.1275726081922211, 0.5235411657115893, 0.2506200495385581, 0.28428715845354924, -0.12970409427292595, 0.17040046281056095, -0.12430398798448733]], "inverted": true, "swapped": false, "error_lsq": 0.043616056888770335, "error_max": 0.1984379747577548, "target": "568.xyz", "model": "10.xyz", "model_rescale": 4.260839863003843, "target_rescale": 3.8464384359984125},
{"mapping": [10, 6, 0, 8, 7, 3, 1, 5, 4, 2, 11], "R": [[-0.15975851293196314, -0.9006323047543482, 0.40415178977537536], [-0.9405682968134913, 0.2631656186680147, 0.21465119655023995], [-0.29968065765934315, -0.345840004603216, -0.8891491408312284]], "T": [0.09843625142582174, 0.05384528427982739, -0.08101664954127856], "aligned_model": [[-0.255405142381949, -0.7121690333544695, -0.3218961400975458, 0.5957461604035315, -0.06516830111042196, 0.16525804917094508, 0.5394226375862136, -0.37352246218318336, 0.09316862769173524, 0.6926971101441259, 0.1063000532796553], [0.12052447039083719, -0.13146692330503712, -0.5240975675681592, -0.16609982026990638, -0.5643036478406005, 0.2172618452063902, -0.3564987584136185, 0.44870690735011587, 0.7789305671525342, 0.32032331431809663, -0.003876258000497894], [-0.5945183011549303, 0.02776658749694845, 0.42823477175186925, -0.5499733772634982, -0.22499955613103856, 0.6064882205315173, 0.31949479472528547, 0.1981789333799568, -0.18263575848651753, 0.1339266393601345, -0.0595803328438477]], "inverted": false, "swapped": false, "error_lsq": 0.039810026318567164, "error_max": 0.2373608186097533, "target": "568.xyz", "model": "11.xyz", "model_rescale": 3.890672605050136, "target_rescale": 3.8464384359984125},
{"mapping": [12, 9, 6, 4, 11, 8, 0, 5, 7, 3, 13], "R": [[0.9311299535492785, -0.19367630634400804, -0.3090088962542349], [0.10220594899137082, -0.6747821444605882, 0.7309056036917101], [-0.3500727832809798, -0.7121506483028095, -0.608514996140437]], "T": [0.02421120693081059, -0.19156493264923172, 0.016359556981892426], "aligned_model": [[-0.21524414156364557, -0.7535175423937451, -0.18054713991188467, 0.5511492769142052, -0.18827474174975214, 0.16826093266516517, 0.5645155908483381, -0.4539214861126449, 0.11804243825178469, 0.77961894739481, 0.07434942480600609], [0.26134212434860415, -0.17413982294328392, -0.46474151522132046, -0.12579840816173363, -0.633886226285057, 0.2131228154988842, -0.2556167653442346, 0.41824141510938717, 0.6388090910041518, 0.3256058856480214, -0.06353446463326479], [-0.5246288722326612, -0.009228996068239403, 0.48058678375132535, -0.4408800721887993, -0.2325656500681437, 0.5948650010814246, 0.24584392506636155, 0.08342316791484664, -0.15287061511185976, 0.13865692551801317, -0.0808189762963884]], "inverted": false, "swapped": false, "error_lsq": 0.03829800398172608, "error_max": 0.1981152828929495, "target": "568.xyz", "model": "12.xyz", "model_rescale": 4.124412569039231, "target_rescale": 3.8464384359984125},
{"mapping": [9, 3, 0, 10, 5, 1, 4, 6, 8, 2, 12], "R": [[0.9462996859065875, 0.25722426449674735, 0.19583815309382666], [-0.19603568184282713, 0.9382418909926473, -0.2850827343613769], [-0.2570737557540862, 0.23138243611097375, 0.9382831408278844]], "T": [-0.05155985670696873, -0.05120066221584552, -0.07587526451855976], "aligned_model": [[-0.34447552396498116, -0.7543973000175489, -0.21636183588141528, 0.5441759904145734, 0.06514253067811596, 0.09232299036569436, 0.5431176194407229, -0.39986044060539155, 0.15077914969282213, 0.7185868297734187, 0.06540154925262631], [0.2925192256472444, -0.09408145527041792, -0.43136103925618735, -0.10819873560582796, -0.7907727833510688, 0.3312728807926535, -0.4112649223064055, 0.4784432586648467, 0.6365898683802773, 0.28310079162149693, -0.04684296029645665], [-0.5283112517726357, 0.0378531032424555, 0.33043224068255733, -0.5076850517880468, -0.1905901697854025, 0.6283093803903755, 0.2915327970663434, 0.13807995302526227, -0.1058624852949447, 0.11780522730867528, -0.10918112170876018]], "inverted": false, "swapped": false, "error_lsq": 0.03854768457666692, "error_max": 0.18873724585925747, "target": "568.xyz", "model": "13.xyz", "model_rescale": 3.9028299243045295, "target_rescale": 3.8464384359984125},
{"mapping": [1, 14, 10, 3, 7, 5, 4, 12, 2, 0, 15], "R": [[-0.20080959365934822, -0.9123176972314744, -0.35686401669631473], [0.5098637213403094, 0.21372311027455757, -0.8332835158549465], [0.8364893859191395, -0.34928333978709825, 0.42224004522521524]], "T": [-0.003799119316571689, 0.09625870347002241, -0.028821066554838647], "aligned_model": [[-0.2796443406724754, -0.7878175087552716, -0.1529381095718506, 0.5090621695356106, 0.05182338497562365, 0.0483269166674966, 0.4590579582182818, -0.4528788465966078, 0.31816850415108816, 0.7920267128520123, -0.040755281655270786], [0.4012553972254914, -0.2740854277763814, -0.52926657528822, -0.09690377536111416, -0.7842620005597144, 0.16540152744976044, -0.2756374785622345, 0.5620133204683623, 0.6859925807386578, 0.28205411071675246, 0.0028424499687947496], [-0.5318967928586937, 0.14784540523946202, 0.3477799016715234, -0.326060028346257, -0.23428975669621258, 0.4757619096937139, 0.2980119633678327, 0.22738261072498542, -0.3299864247819656, 0.11031095975086624, -0.08247712639937499]], "inverted": false, "swapped": false, "error_lsq": 0.04332566310630404, "error_max": 0.22114617964084407, "target": "568.xyz", "model": "14.xyz", "model_rescale": 3.942246331269136, "target_rescale": 3.8464384359984125},
{"mapping": [7, 10, 4, 8, 11, 3, 13, 5, 0, 12, 14], "R": [[-0.761718242290534, -0.5060745058671081, 0.40456632815050475], [-0.3778102533727831, -0.16032721612722195, -0.9118961542935077], [0.5263503888173856, -0.8474572427445869, -0.06907597202739607]], "T": [-0.06910613373820054, 0.03916458337356994, 0.00048651211273836696], "aligned_model": [[-0.251834244806977, -0.6275548563166565, -0.13316292230577612, 0.3620802736903217, 0.05037797236516206, -0.016395699038095513, 0.5305579924464662, -0.32959870609547337, 0.25645760910810245, 0.6421363669348181, -0.018632226833254953], [0.3459369985629212, -0.3845151406630815, -0.350986363281863, -0.07860453691152113, -0.6345750037695462, 0.2381658037026343, -0.4376313193840561, 0.5696386491935659, 0.567114402205432, 0.18410018127195726, 0.12076045809371218], [-0.7763536457274498, 0.13326840746703547, 0.43331782288505666, -0.6312172496648464, -0.21377860815057867, 0.6890851287842474, 0.27251307218736937, 0.23183137034003484, -0.3944751581890366, 0.3762577668156183, -0.018066285381571054]], "inverted": false, "swapped": false, "error_lsq": 0.05217456177171753, "error_max": 0.2777741568449771, "target": "568.xyz", "model": "15.xyz", "model_rescale": 4.355366556412066, "target_rescale": 3.8464384359984125},
{"mapping": [1, 2, 4, 10, 6, 5, 3, 0, 9, 7, 11], "R": [[0.13632053208547673, -0.9019556650159524, -0.4097471060026709], [-0.2416435358931434, 0.37084139061263005, -0.8967079037064134], [0.9607419602021097, 0.22125243807497874, -0.16739846042567452]], "T": [0.03233834630035639, 0.036939466001120774, -0.07518273351051417], "aligned_model": [[-0.2595137824954218, -0.760588537224408, -0.2986721298125694, 0.37806105866650896, 0.12323379588221303, 0.15409284793246605, 0.45954563439097873, -0.4862357279248619, 0.2506025648135205, 0.8905981356042864, 0.013307699315924328], [0.3345636591727468, -0.19984657782380463, -0.4199325485862143, -0.13593753310851905, -0.7790708851275758, 0.34569247217386523, -0.2599695054059167, 0.3472960035018904, 0.7386006116684497, 0.24525308936831294, -0.07724465681308021], [-0.42280240781149303, -0.2013759527358246, 0.4502026090021479, -0.5730031307647103, -0.11946689654476253, 0.4776348715172275, 0.3252620249011579, 0.29720658932035915, -0.1751020650217977, 0.06784414565337667, -0.02401716614980167]], "inverted": true, "swapped": false, "error_lsq": 0.056844698161573136, "error_max": 0.29425384470155486, "target": "568.xyz", "model": "16.xyz", "model_rescale": 3.795458400668931, "target_rescale": 3.8464384359984125},
{"mapping": [5, 2, 4, 9, 10, 7, 11, 0, 6, 8, 12], "R": [[-0.5706888026541764, -0.15493993641618728, 0.80641670780589], [-0.5585911758325233, -0.6465747630726512, -0.5195353443603082], [0.6019054650085688, -0.746950260633794, 0.2824448960982046]], "T": [0.00032833265993424676, 0.1017018822642943, 0.11324163814117362], "aligned_model": [[-0.1381128067814425, -0.6002408436941241, -0.2414660292366994, 0.48388706880159627, -0.08728360360499988, 0.08417244520577999, 0.6068883334051616, -0.40643104899920224, 0.16345071032775804, 0.6536717241652374, -0.05410439044042763], [0.16272941736921875, -0.24119185364498533, -0.3756161906911688, -0.10018440075720889, -0.514506946276422, 0.22987931267294492, -0.3984118758209836, 0.515391341725673, 0.6360381315951764, 0.2772397147427175, -0.05196252189480713], [-0.6481296870963995, -0.039363718280386054, 0.47268388964947455, -0.6101937469924634, -0.2760069858827442, 0.7518458901401647, 0.3064036522453444, 0.23331754759489354, -0.267877389962619, 0.10928506641062859, 0.07041810353998605]], "inverted": false, "swapped": false, "error_lsq": 0.04158438199255703, "error_max": 0.21423341288952996, "target": "568.xyz", "model": "17.xyz", "model_rescale": 3.7474275329858107, "target_rescale": 3.8464384359984125},
{"mapping": [8, 0, 2, 11, 1, 9, 7, 4, 5, 12, 13], "R": [[-0.49503960134071473, 0.7698065960179535, 0.4029064380618379], [-0.3516931511275402, -0.6015590937699947, 0.7172437411038204], [0.79451099460889, 0.21336462084861707, 0.5685312814750991]], "T": [0.0735525097692934, -0.0031916562163642193, -0.07127157661464183], "aligned_model": [[-0.37801266785271315, -0.7305691798974373, -0.2016443882158343, 0.6018707359655617, -0.030574539436622222, 0.16639642261892784, 0.6300439506560772, -0.49015056674686575, 0.19498710263099508, 0.7074544771621575, -0.005369787735609241], [0.328615361121809, -0.23004435065329437, -0.44715589131726685, -0.30950572714291535, -0.6639014132268353, 0.2858773946388362, -0.38805283819184944, 0.566602492108651, 0.7094924345099095, 0.33371272024596277, -0.046236053072852515], [-0.5216574609661062, -0.038582832143557996, 0.4093479705329083, -0.4570023164154604, -0.24773287952411777, 0.5250029050970261, 0.25981516257084836, 0.14505986372955243, -0.09482923253518809, 0.13825326718553066, -0.01529182616555607]], "inverted": false, "swapped": false, "error_lsq": 0.04167692835855966, "error_max": 0.21765050667056537, "target": "568.xyz", "model": "18.xyz", "model_rescale": 3.922800546911778, "target_rescale": 3.8464384359984125},
{"mapping": [13, 10, 2, 12, 9, 1, 0, 6, 8, 5, 14], "R": [[0.7370260689905083, -0.675442349841497, -0.023878979647288592], [0.65835915425138, 0.72547758994666, -0.20061278747525915], [0.15282603718544213, 0.13213590929714372, 0.9793795504463073]], "T": [0.01623365875180484, 0.04064074791409057, -0.09123516755076488], "aligned_model": [[-0.10017330256861562, -0.7380221592237682, -0.17983339395706754, 0.6283712905257429, -0.2541145289856576, 0.05925316941159872, 0.604622611712672, -0.4126785601723151, 0.11155731491145922, 0.72055472617047, 0.024894391324118487], [0.2601212139789933, -0.18589345307737543, -0.47667563112323574, 0.03086124545790432, -0.7271059861912138, 0.21248062200343515, -0.32211560628757446, 0.45912705346272803, 0.6433314036176834, 0.2792137486137801, -0.03394048143497004], [-0.7316190299272808, 0.08306647929877983, 0.36381476114887984, -0.5850022438776676, -0.07640291982183212, 0.6275161130125436, 0.3784976322373794, 0.2503366293513682, -0.13671074479337003, 0.08066153838943993, -0.15177559365236096]], "inverted": true, "swapped": false, "error_lsq": 0.04480951214739388, "error_max": 0.2860904535094429, "target": "568.xyz", "model": "19.xyz", "model_rescale": 3.9282355846067225, "target_rescale": 3.8464384359984125},
{"mapping": [7, 9, 11, 2, 10, 4, 0, 8, 6, 3, 13], "R": [[0.2533139962689695, 0.6703954247993513, 0.6974252602984361], [-0.02105478868027283, -0.7169478599666073, 0.6968087700100587], [0.9671549592324247, -0.1911955556423811, -0.16749789352325473]], "T": [0.02006681469129048, 0.1013929792038285, -0.08485440959417383], "aligned_model": [[-0.17483025316378925, -0.6291479619388242, -0.14353298777643417, 0.4223187445127198, 0.006078377756420304, 0.08310342833957499, 0.456642883894869, -0.48625243052604095, 0.13319954726291092, 0.665922897444482, 0.13092931334274865], [0.22091242748727807, -0.10007099219287582, -0.37311764910777856, -0.2529317987982747, -0.7362812121993684, 0.21173276779172465, -0.3361802973817479, 0.46961109992385425, 0.7392887996344533, 0.3111468950997167, -0.014705911236826824], [-0.6643611056755345, 0.04304112305635634, 0.42645561336430443, -0.7104449681934653, -0.285704158612151, 0.5341927302376382, 0.4232085310084182, 0.3472078736754373, -0.1693171892967289, 0.23953468436337566, -0.08143051256177107]], "inverted": true, "swapped": false, "error_lsq": 0.04096376660853992, "error_max": 0.23635212592572988, "target": "568.xyz", "model": "20.xyz", "model_rescale": 4.067790424073018, "target_rescale": 3.8464384359984125},
{"mapping": [5, 9, 12, 6, 11, 0, 3, 7, 4, 2, 14], "R": [[-0.44570315356616486, -0.8660539083125003, -0.2264935469231276], [-0.5225269095830145, 0.457134701043165, -0.7197176487094091], [0.7268523424071769, -0.20243145259277162, -0.6562828501022868]], "T": [-0.05517048587650341, 0.03419236113286439, -0.10602229108503647], "aligned_model": [[-0.1696943650324874, -0.7289188551478663, -0.20748150192217493, 0.5705850161383978, 0.049966801972484105, 0.08918682506083914, 0.532255036747911, -0.5440239008777902, 0.3809263283536139, 0.6018257595109663, -0.11019558565525658], [0.3578197773697684, -0.1943533646360585, -0.537266679461493, -0.08542531301959361, -0.5949283587919817, 0.3108437637484047, -0.4255862126841698, 0.4091281221246523, 0.6426588159672262, 0.27761653842176476, -0.021102960018364952], [-0.5862469233362124, 0.20683532126573545, 0.3810606445756158, -0.482424425010718, -0.21178393084232444, 0.5320082706678881, 0.302976407053512, 0.3148214696859588, -0.3924845690483395, 0.14462194881869983, -0.10700159246393615]], "inverted": false, "swapped": false, "error_lsq": 0.047425225275623074, "error_max": 0.2676239325380312, "target": "568.xyz", "model": "21.xyz", "model_rescale": 4.186013935880536, "target_rescale": 3.8464384359984125},
{"mapping": [2, 1, 7, 11, 9, 6, 4, 0, 5, 3, 12], "R": [[-0.44133513506436195, 0.22390106530210666, -0.8689600747527493], [-0.6952361385567962, 0.5269248850403818, 0.48887306856669444], [0.5673358883433666, 0.8198893086763375, -0.07688635324868062]], "T": [0.034085011001675714, -0.08961947637004786, -0.07250829284350532], "aligned_model": [[-0.3129046763097071, -0.6803211400681555, -0.20918483983839065, 0.5779870126619306, -0.15991351441905716, 0.15051662168593308, 0.5417656147727956, -0.414617471773306, 0.1747059074105274, 0.7204531259614992, 0.0759449190645671], [0.3306263239804166, -0.15770743136706916, -0.4486072622848746, -0.19590263487223322, -0.5951937314948774, 0.1433763332914858, -0.36756303466093954, 0.4053766898870814, 0.6390397534875133, 0.4638533795438037, -0.07789425649015258], [-0.5751919180515858, 0.0693053793826211, 0.5193289222055956, -0.3755602380948546, -0.37616929614799166, 0.4194362992914531, 0.3663811371131236, 0.2021429739452775, -0.2911867470894892, 0.20117996644002992, -0.057283857628300155]], "inverted": true, "swapped": false, "error_lsq": 0.044667141005782014, "error_max": 0.2310852996716862, "target": "568.xyz", "model": "22.xyz", "model_rescale": 4.166573947596378, "target_rescale": 3.8464384359984125},
{"mapping": [14, 6, 2, 9, 11, 0, 3, 5, 10, 8, 15], "R": [[-0.170920092134082, -0.932228992114283, 0.3189599165513829], [-0.7806307407748498, 0.3256446066593026, 0.5334521878397516], [-0.6011671719764697, -0.1578122188402924, -0.7833858148591392]], "T": [0.03185249846775222, 9.213905130100314e-06, -0.0009481135327791216], "aligned_model": [[-0.14422600955421078, -0.67640106519789, -0.1673281370645439, 0.46909467664263843, 0.10063384899027497, 0.11914686097003148, 0.38829901766477665, -0.5034122539742595, 0.1119923868448947, 0.7780734107536351, -0.011441176926710248], [0.2310731822490126, -0.21169907195484514, -0.4966987154117983, -0.09419625126048307, -0.6931819355144269, 0.3997045847746427, -0.4672085022993544, 0.5767511510679973, 0.6597084857603778, 0.21746179422215386, 0.01768940738687795], [-0.736871726937175, 0.17978407292003026, 0.40699495427415344, -0.4014400288568035, -0.3708784902431747, 0.7057194657566758, 0.12585936508364748, 0.26723533844023284, -0.34636916400398854, 0.22254207775506898, 0.049806757177212425]], "inverted": false, "swapped": false, "error_lsq": 0.046468546943479044, "error_max": 0.21041801351761258, "target": "568.xyz", "model": "23.xyz", "model_rescale": 4.274766983524099, "target_rescale": 3.8464384359984125},
{"mapping": [1, 9, 7, 0, 8, 5, 6, 4, 2, 3, 10], "R": [[0.16867209570278785, 0.8034452937063444, 0.5709863257139842], [0.7770475276746357, -0.46478614697889103, 0.4244655195787444], [0.6064213583523972, 0.3720880239911561, -0.7027116325608899]], "T": [0.11928982112215283, -0.05517147551072527, -0.01815540362679028], "aligned_model": [[-0.2303270475729199, -0.7225141366278421, -0.250950192540459, 0.5643597521706796, -0.061661113040987675, 0.1257620187269042, 0.5876992314279381, -0.24574370364945544, 0.09507014736586425, 0.5286282652724745, 0.07410833761644031], [0.1802868073897475, -0.15569469569575642, -0.3461358158208168, -0.1322320000884154, -0.7604283776140787, 0.171152467617401, -0.41452572469212695, 0.4835406495309002, 0.8752309972370865, 0.30991831045317625, -0.07170848929696275], [-0.515458955435163, -0.11263627450208588, 0.40527648160721086, -0.6030859757364372, -0.14014142399561982, 0.7660489906719238, 0.3081453840660469, 0.23526199718947213, -0.2676271793402563, 0.10499397768447005, -0.07839440084368202]], "inverted": true, "swapped": false, "error_lsq": 0.04954153702077311, "error_max": 0.25983744876996495, "target": "568.xyz", "model": "24.xyz", "model_rescale": 3.7841303162186577, "target_rescale": 3.8464384359984125},
{"mapping": [6, 10, 9, 4, 8, 12, 2, 13, 3, 5, 15], "R": [[-0.4165905955818997, -0.8766903602205286, 0.24055412690103206], [0.5198769705985559, -0.012669496765057686, 0.8541471883071375], [-0.7457749064657422, 0.48088823664976454, 0.4610491218274834]], "T": [-0.1596927483246556, -0.11619028147148869, -0.09620310090622802], "aligned_model": [[-0.0613074512238673, -0.8749773824040296, -0.13134299446986206, 0.4914010449165379, 0.08055460603886669, 0.14230959879662555, 0.482480431068973, -0.3028425300690141, 0.18656200437596163, 0.5982857971218845, -0.14669156500343905], [0.29244494747643185, -0.3245268732430452, -0.34247127857543536, 0.0057102783905537136, -0.6537875651360917, 0.1939666831166904, -0.3691102199127949, 0.5624395485554838, 0.6012302784847782, 0.2406036414419388, -0.06709531157835515], [-0.6838799127850863, 0.12789255290291307, 0.4424376980796452, -0.4396000559982462, -0.1484348245675382, 0.5265080248004033, 0.2078333119353034, 0.26569424787536416, -0.2162750544067107, 0.1636148481628799, -0.143408214633048]], "inverted": false, "swapped": false, "error_lsq": 0.04289744825420461, "error_max": 0.20286555015073565, "target": "568.xyz", "model": "25.xyz", "model_rescale": 4.19342608120988, "target_rescale": 3.8464384359984125},
{"mapping": [1, 2, 4, 10, 6, 5, 3, 0, 9, 7, 11], "R": [[0.13632053208547673, -0.9019556650159524, -0.4097471060026709], [-0.2416435358931434, 0.37084139061263005, -0.8967079037064134], [0.9607419602021097, 0.22125243807497874, -0.16739846042567452]], "T": [0.03233834630035639, 0.036939466001120774, -0.07518273351051417], "aligned_model": [[-0.2595137824954218, -0.760588537224408, -0.2986721298125694, 0.37806105866650896, 0.12323379588221303, 0.15409284793246605, 0.45954563439097873, -0.4862357279248619, 0.2506025648135205, 0.8905981356042864, 0.013307699315924328], [0.3345636591727468, -0.19984657782380463, -0.4199325485862143, -0.13593753310851905, -0.7790708851275758, 0.34569247217386523, -0.2599695054059167, 0.3472960035018904, 0.7386006116684497, 0.24525308936831294, -0.07724465681308021], [-0.42280240781149303, -0.2013759527358246, 0.4502026090021479, -0.5730031307647103, -0.11946689654476253, 0.4776348715172275, 0.3252620249011579, 0.29720658932035915, -0.1751020650217977, 0.06784414565337667, -0.02401716614980167]], "inverted": true, "swapped": false, "error_lsq": 0.056844698161573136, "error_max": 0.29425384470155486, "target": "568.xyz", "model": "26.xyz", "model_rescale": 3.795458400668931, "target_rescale": 3.8464384359984125},
{"mapping": [1, 8, 5, 0, 6, 10, 7, 11, 9, 3, 12], "R": [[0.1497272673936918, 0.34740462997599897, 0.925684486458565], [-0.5699572008727616, -0.7347004476256358, 0.36791852553517496], [0.8079174057860771, -0.5826879742451614, 0.08800108009544927]], "T": [-0.006036163436673528, 0.19242163522238842, -0.05512341842828408], "aligned_model": [[-0.20211453373215782, -0.6661581759421851, -0.14731872777870592, 0.651463302732043, -0.20885303397479354, 0.11204308467486895, 0.5183328467258509, -0.4631514948445315, 0.07385196715273938, 0.7128682724675153, 0.08346805166799323], [0.029235750932434523, -0.11577854675140448, -0.4435446591849478, -0.11771491854833727, -0.5751587909748699, 0.12381457684793339, -0.28469281228174936, 0.5528356527319745, 0.5742781946175042, 0.32878547471526187, 0.06734420691635501], [-0.5892365248224278, -0.05331053587096092, 0.3222975365688854, -0.45858712447380257, -0.280672894197626, 0.6441882368555735, 0.34187411782781363, 0.3604748268854061, -0.23450498033825745, 0.043151065360230084, 0.006708897571045029]], "inverted": true, "swapped": false, "error_lsq": 0.049997127533504715, "error_max": 0.2359365751974496, "target": "568.xyz", "model": "27.xyz", "model_rescale": 3.6321398670334006, "target_rescale": 3.8464384359984125},
{"mapping": [0, 13, 6, 8, 9, 4, 12, 1, 3, 7, 14], "R": [[0.3958588409383486, 0.6062641620282193, 0.6897387504636577], [-0.5284795208352767, -0.4638506096288833, 0.7110218055760524], [0.7510027790285888, -0.6459770721837843, 0.13677882915203782]], "T": [-0.017190265771010856, 0.018309161349916017, -0.16493303399358678], "aligned_model": [[-0.11060296006494771, -0.6810224587078412, -0.09529837112987546, 0.45900554093663976, -0.14255747008852204, 0.003842131543463516, 0.5903362600059977, -0.3655044821450869, 0.24114714709496898, 0.637428905189105, -0.07234268348526474], [0.3036070230463523, -0.33887545486668946, -0.4019761293486557, -0.044467827449153965, -0.6362849887359512, 0.2863497951641619, -0.44292374080211916, 0.4783315713575167, 0.6506823708745221, 0.2590785797330838, 0.025882930047087423], [-0.7120078852489107, 0.14847293511505183, 0.48404064454848766, -0.35552741781938124, -0.21353060569425597, 0.6187627674795959, 0.1539485448247545, 0.17318497071603633, -0.23511839536983004, 0.1732846654054515, -0.13312760259112094]], "inverted": false, "swapped": false, "error_lsq": 0.04267156540700126, "error_max": 0.22662773862053548, "target": "568.xyz", "model": "28.xyz", "model_rescale": 4.156811204709835, "target_rescale": 3.8464384359984125},
{"mapping": [8, 5, 7, 1, 6, 9, 0, 3, 4, 10], "R": [[-0.7116070306671041, -0.5681103171321819, 0.41335953052169855], [-0.39385087246343775, -0.16464637434701157, -0.9043080568446643], [0.5818048849613899, -0.8063139828766183, -0.10658722649880881]], "T": [-0.0511416326724813, -0.002578681742161087, -0.022572709958231203], "aligned_model": [[-0.6643787281805663, 0.002417313643626698, 0.05537997580874027, 0.6900406032842276, -0.04300630600855847, -0.7171484726583751, -0.31681948969715096, -0.5780445170037104, 0.2649632400926691, -0.050478245170314094], [0.02776326493971109, -0.6424493257713979, -0.15208282973461743, 0.2728072680664098, -0.39535098881041236, -0.5331030370205858, 0.5948837622233467, 0.29389216664241985, 0.3763815460223055, 0.07597850406902398], [-0.45787655249007597, -0.22609408184532678, -0.7050593770897434, -0.25805617115522317, 0.5219387422810552, 0.13214287784709047, -0.28187693145409226, 0.47040303928985877, 0.5385056626095875, 0.02475951898196917]], "inverted": false, "swapped": true, "error_lsq": 0.059423331405639455, "error_max": 0.21191303279147566, "target": "568.xyz", "model": "29.xyz", "model_rescale": 4.117894457231895, "target_rescale": 3.8464384359984125},
{"mapping": [10, 12, 3, 8, 4, 2, 0, 11, 9, 5, 14], "R": [[-0.5463195363007577, -0.8278719779479682, -0.12713360053362968], [-0.695081467159222, 0.3634316578562862, 0.6203057182386884], [-0.467329346679522, 0.42725334193701836, -0.7739882838491425]], "T": [0.01955859118220722, -0.016600003064805382, -0.13367667133747466], "aligned_model": [[-0.2694424023313326, -0.7026095919744941, -0.08729434583738271, 0.6566913075636166, -0.1830922994313467, 0.234379932316589, 0.4578000997909128, -0.46556104637243734, 0.08252053268043817, 0.740317962396368, 0.0007214103477059391], [0.3198234131650889, -0.1984964364894211, -0.2701813623957127, -0.12504441395071092, -0.7595622788131959, 0.15883571413136158, -0.3617440504631605, 0.43444737327866545, 0.599869638095147, 0.34955142583930626, -0.008094893377213096], [-0.6972533524142802, 0.048435177823819925, 0.3396468386554192, -0.42366184013271013, -0.21409909050660933, 0.6593144720985991, 0.3983970245924121, 0.16080394239012316, -0.0573550619384641, 0.0722136670672199, -0.18405915626964994]], "inverted": false, "swapped": false, "error_lsq": 0.04315122972204761, "error_max": 0.21950380754980306, "target": "568.xyz", "model": "30.xyz", "model_rescale": 4.100398675895297, "target_rescale": 3.8464384359984125},
