[{"mapping": [8, 7, 5, 9, 6, 13, 12, 4, 10, 3, 0, 11, 1, 14], "R": [[0.6468258377655673, 0.45911173087587764, 0.6089603880147114], [0.23178463665274063, 0.6423743666178229, -0.7305005512141031], [-0.7265619160199834, 0.6136542932991725, 0.3090892921226227]], "T": [-0.05027549289946515, 0.06836753929960138, 0.13486662460687043], "aligned_model": [[0.09821776889659856, 0.24972369356872365, -0.6169321209479098, -0.31076166445788267, -0.6473226956804227, -0.07783306669282353, -0.7317187366694623, -0.15898706777941904, -0.2953837091344143, 0.31059636311281585, 0.7044802303424393, 0.2001176190588811, 0.7167059759328178, -0.06941048842163874], [-0.6134836894268051, -0.380776050613852, -0.42945496851699483, -0.36867549555017226, 0.1465613522132517, 0.24400150706452936, 0.2444726108923307, 0.563144043222708, 0.6964890817043844, -0.0187190717963856, 0.3927898247515996, 0.7613645696492162, -0.136371701804196, 0.13393132002042069], [0.41559415689520357, -0.4348737528355932, 0.3428680035168612, -0.32160289872766656, 0.5666453021171787, -0.4982135507394559, -0.022877411644742635, 0.6355392718599926, -0.08249696992055622, 0.6419991800404936, 0.339434925187528, 0.18712688791456797, 0.003356355187996568, 0.12508858832802586]], "inverted": true, "swapped": true, "error_lsq": 0.0450218811948467, "error_max": 0.2904651312517207, "target": "569.xyz", "model": "0.xyz", "model_rescale": 3.8414455957264533, "target_rescale": 4.116236665998569},
{"mapping": [12, 8, 13, 10, 1, 5, 3, 9, 6, 2, 0, 11, 4, 7, 14], "R": [[-0.02738107318526678, -0.6395635796616135, -0.7682504177686114], [0.1466558402012515, -0.762792690052303, 0.6297931220151869], [-0.9888085463658209, -0.09542399893734266, 0.11468181660890259]], "T": [-0.08073365868576243, 0.018887384168362026, 0.017178294643358124], "aligned_model": [[-0.19512056215913648, -0.5083547614889963, -0.785438635178718, 0.2770781111508839, 0.3565022663072166, 0.5064535448710411, 0.6419699757252196, -0.6187176384518799, 0.10462572741912679, 0.2136029155907156, -0.2993361102368472, -0.2638350751274427, 0.1932809634118653, -0.3872489071968411, -0.02357072654518691], [-0.6663949084787678, -0.22435352933045935, -0.25239925615036884, -0.2874403046134958, -0.5450447554876268, 0.17564039722942848, -0.11318961933474656, 0.40201276410347275, 0.433836601947414, 0.6946609062143868, -0.04451177623494329, -0.7763627072990925, 0.25921372800937736, 0.46703342761375344, -0.0486414754197908], [-0.2984058614309593, -0.6011067916543593, 0.08530652322716906, -0.4793248623076546, 0.5063645361989584, -0.23769905989782403, 0.28853047170271623, -0.15398788413629444, -0.6180273558597006, -0.01888908068571667, 0.7054448739156473, 0.26277260534299396, 0.420881738003574, 0.3609347903049741, 0.032548765657740134]], "inverted": false, "swapped": false, "error_lsq": 0.05426042643042011, "error_max": 0.3413761849371373, "target": "569.xyz", "model": "1.xyz", "model_rescale": 4.316132596720782, "target_rescale": 4.116236665998569},
{"mapping": [2, 13, 10, 3, 4, 1, 6, 8, 12, 7, 5, 14], "R": [[-0.03604616866685223, 0.8886761117273848, 0.45711644268122537], [0.7992696873394659, 0.3002131980002926, -0.5206150234546733], [-0.5998905238664082, 0.34659313927360735, -0.7211134135375327]], "T": [-0.04700311416538264, 0.01087771025957898, -0.0357426138863957], "aligned_model": [[-0.24898809621505055, 0.38239375511078044, 0.12687881454911687, -0.627867222985043, -0.444908910448523, -0.4150083935932486, 0.02321602536141898, -0.1897096225574104, 0.47701730491090166, 0.2628709491009309, 0.29424642758749886, -0.042332476189591406], [-0.6787455068364614, -0.46590172727823725, -0.5038667205392615, 0.23770823430003277, -0.048569005073967525, -0.16622485288053326, 0.39392524593295297, 0.6343264047347308, 0.01957056892960743, -0.06739752300478885, 0.6957851318810498, -0.037833822424143765], [0.1940680298463398, 0.10812161210365635, -0.4903467139040145, 0.04262066528978441, -0.6234773843186319, 0.6575686277539885, -0.6661046677393875, 0.3601435719284502, -0.5313110817015553, 0.6813240683004382, -0.19896678822884123, -0.08438147812080593]], "inverted": false, "swapped": true, "error_lsq": 0.05284510648026921, "error_max": 0.2863260646406829, "target": "569.xyz", "model": "2.xyz", "model_rescale": 3.795458400668931, "target_rescale": 4.116236665998569},
{"mapping": [3, 8, 5, 13, 4, 10, 9, 0, 7, 2, 6, 14], "R": [[-0.8386861986165692, -0.5443281562268819, -0.017672537699276375], [0.2395089774637741, -0.3977836362209115, 0.8856656414635985], [-0.4891225919586484, 0.7385628186508669, 0.4639871258366344]], "T": [0.028099291850419657, 0.016315919728016447, 0.056802886266884484], "aligned_model": [[0.13482116573239736, -0.29056000523536535, -0.7475622987877967, 0.27010048933949554, 0.06847201178265251, 0.22352384644171763, -0.2900597239771785, 0.7513938027823994, 0.1842366439049846, 0.7651550982887244, -0.5264109408293401, 0.050193736300874536], [-0.16886333967673398, -0.5966505600713952, -0.08538816152454681, 0.08777774592249828, 0.5632891049791015, 0.6423526908925303, -0.2864837645809949, -0.06552261608890202, -0.599846158095868, 0.06453016123225837, 0.45034774771586605, 0.08022619458589628], [-0.5342259510972467, -0.24069945208082102, 0.042769579683611246, 0.6640308885309157, -0.39760384030773055, 0.3246626378859523, 0.5805502274984162, -0.37551842384606604, 0.5175620370987941, 0.21047517269518767, -0.173733955097041, 0.07050250967512825]], "inverted": false, "swapped": true, "error_lsq": 0.05145882045916413, "error_max": 0.3406749826633071, "target": "569.xyz", "model": "3.xyz", "model_rescale": 3.7530521520055578, "target_rescale": 4.116236665998569},
{"mapping": [6, 8, 3, 1, 4, 7, 10, 9, 13, 2, 14], "R": [[0.3990614063791462, 0.869225835997, 0.2918842920987946], [0.7621911043245182, -0.49142310839804826, 0.42138824024997634], [0.5097202315263438, 0.05431182714397137, -0.8586241966104926]], "T": [-0.10498608644490956, -0.12984238266364434, -0.014362124929511914], "aligned_model": [[-0.42518852201798507, -0.18573737096915355, 0.327427579170563, 0.40191316163415924, 0.1878459457292149, -0.24117982120854678, -0.10727375407066853, -0.6660601108628424, -0.26237602119934555, 0.4043603925479393, -0.0955318763081296], [-0.7907135348999151, 0.04908979460905816, -0.2695535142089457, 0.45889531890349833, -0.7709274900102601, 0.6411668274623085, -0.3813368707574422, 0.2599357378211777, 0.23628179865789678, 0.19644068029391787, -0.16207538955694809], [-0.11301394434540282, -0.7404763034740273, -0.44852249228919017, -0.2239205950346896, 0.08837239276464762, -0.07206514428107255, 0.647911935380869, -0.036566663472463005, 0.5086853979710261, 0.43652208822168065, 0.04590410580393881]], "inverted": true, "swapped": true, "error_lsq": 0.050635430901713026, "error_max": 0.32306947379171286, "target": "569.xyz", "model": "4.xyz", "model_rescale": 3.7855080009869324, "target_rescale": 4.116236665998569},
{"mapping": [0, 4, 5, 1, 2, 13, 14, 7, 11, 8, 9, 3, 15, 10, 16], "R": [[-0.4560278466172476, 0.5795985388875057, -0.6753548229109678], [-0.1327392819679558, -0.7946635635158283, -0.5923597756794065], [-0.8800107306915455, -0.18048643865895778, 0.43932420753691537]], "T": [0.004686786510576475, 0.014595536093532292, -0.033618494889997796], "aligned_model": [[-0.35490197540173535, -0.4155202273497023, -0.7545836601898656, 0.1338702703991947, 0.19908893780159637, 0.512223640080013, 0.5410620739767581, -0.6443540881050643, 0.4433690223504178, -0.030414859382084512, 0.019890986216752955, -0.28372830654014375, 0.26682060827849036, -0.45739452203992037, 0.03646318799631357], [-0.63076766929548, -0.12240153962811043, -0.25792863103711255, -0.519696207039242, -0.6457169006743638, 0.5076207001033641, -0.14271447814901475, 0.3327409542938171, 0.13621759321988589, 0.7002057149191858, -0.18488553324828616, -0.46021768169919347, 0.48387944994485144, 0.28370785396191794, -0.005984132903678115], [-0.2839705245540365, -0.6266266319435241, 0.03227696562408286, -0.5541450549231152, 0.2346742128039649, -0.18918252928520501, 0.3475015766720362, -0.23084655534853976, -0.6856937968906576, 0.12135386106390059, 0.6496751129643284, 0.3832576830203047, 0.5911827329989934, 0.4613801906982067, 0.004506165480524321]], "inverted": true, "swapped": false, "error_lsq": 0.04025867559481837, "error_max": 0.2421243880873761, "target": "569.xyz", "model": "5.xyz", "model_rescale": 4.2253639853439635, "target_rescale": 4.116236665998569},
{"mapping": [8, 1, 13, 9, 7, 10, 12, 5, 0, 3, 2, 4, 6, 14], "R": [[-0.8934328312888136, -0.19484426433427698, 0.40473879061845447], [-0.12656476735261035, 0.9737146243105419, 0.18937051002930747], [-0.43099783716421863, 0.11796416006488927, -0.894609032650549]], "T": [0.05554977572570184, -0.031588863893641725, 0.05499764454729035], "aligned_model": [[0.6049754866470977, -0.22479596216669873, -0.4575910241887894, 0.14077077128312798, -0.1616834957822374, -0.37799288359942707, 0.1285083188292891, 0.7428036412626065, -0.3318958222134991, 0.2903514750732359, -0.6542347283279599, 0.1184040351984764, 0.5404084561709174, 0.016033884571644112], [-0.0624141310352717, 0.1448390280850968, -0.43797441179689917, -0.6982835879412891, -0.5192397331031522, -0.024388188464949764, -0.3963912741312517, -0.37619037091416213, 0.6326157825997685, 0.4812814455742172, 0.16181604398051025, 0.5172032148052634, 0.04030631943840671, -0.018080990461296506], [-0.45779908456026513, -0.6783188952361882, 0.11772343542511622, -0.06941944616115553, -0.5206236801440096, 0.6152213094735335, 0.6729436973435186, 0.200336843293755, -0.29922305908374486, -0.2221813783321871, -0.11230909745625083, 0.5046327093255668, 0.6106554562350833, 0.10991939880867649]], "inverted": true, "swapped": true, "error_lsq": 0.045793216431175905, "error_max": 0.312554172096789, "target": "569.xyz", "model": "6.xyz", "model_rescale": 3.89814844738969, "target_rescale": 4.116236665998569},
{"mapping": [11, 10, 12, 0, 5, 13, 2, 3, 1, 7, 9, 8, 14], "R": [[-0.9803741399135344, -0.045081513143920615, -0.19192238785887397], [0.1087548639762303, -0.9356479039297356, -0.3357608962243877], [-0.16443517066099086, -0.35004379303816674, 0.9221878429068255]], "T": [0.07363295998417614, 0.0605407754159558, -0.03201360267084179], "aligned_model": [[-0.1673011674248049, 0.05400306156433739, 0.48043661115357966, -0.4185249699883297, 0.6987348889996439, -0.3213492801703372, -0.5892167705076512, 0.12236766659189376, -0.5767348730389291, -0.4620466496861502, 0.039907539573147875, 0.21367574362905972, 0.07468000020876213], [-0.34923510389943463, 0.15561215658641492, 0.5058549366841284, -0.6269946369626209, 0.3870661653207179, 0.49723530080094547, -0.11854226813537046, -0.49797079127278365, -0.20457056544232782, 0.4711735112340658, 0.6973699884571829, -0.010273505256669938, 0.05705607735623784], [-0.5974401714589832, -0.7337526863017121, -0.4275729014651849, -0.0747902242925285, 0.3068378472554937, -0.32473213707559084, -0.3446644379546401, 0.25203878918903755, 0.3606839145859688, 0.3689373743677248, 0.21402548985819497, 0.7036171815552212, -0.10091300742670581]], "inverted": true, "swapped": true, "error_lsq": 0.05172428427050358, "error_max": 0.3535794444738985, "target": "569.xyz", "model": "7.xyz", "model_rescale": 3.7474275329858107, "target_rescale": 4.116236665998569},
{"mapping": [4, 2, 13, 8, 9, 6, 7, 1, 3, 0, 11, 13, 10, 12, 14], "R": [[0.7042368440425014, 0.5706652246367301, -0.422364379278566], [0.6689880542883018, -0.33420370901522056, 0.6638997394938653], [0.23770875186372503, -0.7500993815960526, -0.6171267835839]], "T": [-0.014697639463066153, 0.009060565749368303, 0.022117804596278944], "aligned_model": [[-0.39651920938350627, -0.4271171042639319, -0.7236206518589829, 0.13191299192043052, 0.4373360611926811, 0.6374516491436745, 0.5880741638608517, -0.5420751523525856, 0.3227142843747134, 0.04760251149912814, 0.10067147132917632, -0.7236206518589829, 0.2423002412684697, -0.41647746442446687, -0.06674205235564773], [-0.5924701107992455, -0.07459186903382792, -0.470021757476642, -0.48009426880472417, -0.5668254368677477, 0.4884997955347515, -0.003375466195298056, 0.44862417969198887, 0.2075144973945872, 0.6415530801966107, -0.2264795241994351, -0.470021757476642, 0.47706663171461033, 0.10468482818402441, -0.01000332909446909], [-0.3012998507040821, -0.706923998771715, 0.29783526643073716, -0.43003613650588085, 0.23273899429367892, -0.08640605780395681, 0.33896024201765845, -0.2835922021846903, -0.5786348630226469, -0.15190848073227176, 0.5857584613021131, 0.29783526643073716, 0.5608067419316387, 0.4804534801520553, -0.00024345445211085281]], "inverted": true, "swapped": false, "error_lsq": 0.05067667847882385, "error_max": 0.45741835840735584, "target": "569.xyz", "model": "8.xyz", "model_rescale": 4.019505241142653, "target_rescale": 4.116236665998569},
{"mapping": [3, 6, 11, 0, 1, 2, 10, 8, 7, 9, 12, 13, 14], "R": [[-0.9878006046477443, -0.1395091513254981, 0.06918932109791195], [0.047538082574062585, 0.15295004758852143, 0.9870898711099465], [-0.14829058015508706, 0.9783370991836651, -0.14445215193329392]], "T": [-0.11233665730196239, -0.06590177891359497, 0.024799049684488164], "aligned_model": [[-0.2373967575582841, -0.7601896083273582, 0.27478229718589503, 0.3725147158738789, 0.4048901039912238, 0.6109209783669955, 0.0995748372357614, -0.4493355047706517, 0.29244209041041913, -0.14750859489366924, -0.39458464637702095, 0.34798252111064815, -0.09439166050666152], [-0.5573464099479358, 0.24375739031578855, 0.16323600499109017, -0.471858959335686, -0.6817101640516476, -0.045575380968797985, 0.5696769247466689, -0.6896129285082275, -0.3436841599781384, 0.01594021992111308, 0.5777439938807206, 0.291604187999121, -0.008792490950010043], [-0.3464665547363474, -0.15798556082456217, -0.5611254512318307, -0.5381149084476701, 0.051821106200140174, -0.1889210394449375, -0.20540710110443494, 0.27618614755420495, 0.6374365347445432, 0.7025076210113572, 0.18702501406904692, 0.3292542295223527, -0.00950654326798326]], "inverted": false, "swapped": true, "error_lsq": 0.04980412065667568, "error_max": 0.3071635830052526, "target": "569.xyz", "model": "9.xyz", "model_rescale": 3.877068213659057, "target_rescale": 4.116236665998569},
{"mapping": [7, 2, 4, 8, 0, 10, 11, 13, 9, 6, 5, 1, 12, 3, 15], "R": [[0.22873740643768514, 0.9106374103801296, -0.3441201907943401], [0.5742067582141023, 0.15924184512143902, 0.8030744881912085], [0.7861080063944224, -0.38128931479716466, -0.48646958867342976]], "T": [-0.0761290670928803, 0.059577644024981974, -0.0358383983138192], "aligned_model": [[-0.423321327662135, -0.3809123697607236, -0.7125115508001512, 0.2752775262534289, 0.38867260528219544, 0.4605555132181674, 0.6513786760692994, -0.5208200402063977, 0.2098275855405733, -0.029689374294967694, -0.23954862957929002, -0.24476649625382618, 0.2911875044582833, -0.4911842428059284, -0.022254291367507714], [-0.6372766328655124, -0.03777556194112319, -0.16812690453469903, -0.5543848580673199, -0.38829859649686604, 0.4816694442327203, -0.03719748210778337, 0.612988926379539, 0.0028157821417670176, 0.630299660521946, -0.22540523077947364, -0.7018868071083537, 0.22147764624894437, 0.2621442643978483, 0.013015842746907466], [-0.2810693514927469, -0.6172030426228002, -0.0003609020553741113, -0.34387474030190346, 0.4301361870093922, -0.2282414983762232, 0.0417653056233233, -0.34181942216613137, -0.6279973193391419, 0.19312515761446064, 0.6734388746249577, 0.3444771513940903, 0.5942902720839894, 0.3994285406474934, 0.019248195737878462]], "inverted": false, "swapped": false, "error_lsq": 0.04401682684065665, "error_max": 0.25385825485655455, "target": "569.xyz", "model": "10.xyz", "model_rescale": 4.260839863003843, "target_rescale": 4.116236665998569},
{"mapping": [7, 9, 12, 13, 11, 2, 1, 8, 6, 4, 3, 14], "R": [[-0.4141621987351462, -0.3738700881754031, 0.8298739845943995], [0.4028003039497883, 0.7423232470317678, 0.5354513162316172], [-0.8162239816844562, 0.5560371876807606, -0.15684724300810352]], "T": [0.027132608955218726, -0.025451025706074694, 0.012445750107105524], "aligned_model": [[0.2832742352470481, 0.27213092218413815, -0.23541851710952116, -0.34784163076403074, -0.5923147658380924, -0.45376616604513204, 0.22742508921103533, 0.7715491776679645, 0.05576571564470352, -0.2820756480320188, 0.29929052893049896, -0.039120292002462795], [-0.014738955634864, -0.4951822133073915, -0.6776994563993316, -0.22744486821836973, 0.34802072015201263, 0.4229054528778231, 0.6060166240825938, 0.0823522094765842, -0.4233781827722303, 0.12673207448805654, 0.46016296741341534, -0.03466786662536482], [-0.7295854438231539, -0.41947151457070525, 0.17338040316146475, -0.4885432977341145, 0.16236751176279973, -0.35755949690887934, -0.44428744440130635, 0.013760668102964904, 0.6368227067203736, 0.6357640098115027, 0.30417356735435036, 0.029356407920207404]], "inverted": true, "swapped": true, "error_lsq": 0.046434574907043745, "error_max": 0.2361323540448296, "target": "569.xyz", "model": "11.xyz", "model_rescale": 3.890672605050136, "target_rescale": 4.116236665998569},
{"mapping": [1, 0, 11, 7, 2, 5, 3, 9, 8, 6, 10, 4, 12, 14], "R": [[-0.983574616789999, 0.17076686392670998, 0.058477785449202804], [-0.06841770356109682, -0.6525061509286108, 0.7546885058351921], [0.16703290408129878, 0.7382915421328932, 0.6534719640269214]], "T": [0.07526293250072064, -0.03968428025636336, 0.14733986969372012], "aligned_model": [[0.5529490547955246, 0.3502955568748894, 0.27381998960667586, 0.6367620887670704, 0.6993395073839954, -0.47498843566709376, -0.17503510869392458, 0.2511668391616311, -0.19208074160352262, -0.5855321318526099, 0.2304378751139445, -0.32115708065106446, -0.12011718608299646, 0.08401560764117424], [-0.34584167004166744, 0.2169598565239164, 0.6209816918365734, -0.5843129555339993, 0.2834108426547549, -0.44067606364220935, -0.10779265482507308, -0.49420083607107046, -0.6964220426551359, 0.15725307185766926, 0.5826835264281017, 0.5197004151246635, 0.19436076244521208, 0.02604857572602884], [-0.4232364202003771, -0.6111092408291473, -0.11679702303896225, 0.2139122176146439, -0.1271214513286796, 0.5328532657190501, -0.42511811388437704, 0.6266066030780507, -0.10366245231772861, 0.4185925624871417, 0.448073459956724, -0.04562393727772987, 0.8010298565700961, 0.16639110880815702]], "inverted": false, "swapped": true, "error_lsq": 0.04661488733418391, "error_max": 0.3115537181793997, "target": "569.xyz", "model": "12.xyz", "model_rescale": 4.124412569039231, "target_rescale": 4.116236665998569},
{"mapping": [2, 13, 9, 11, 7, 1, 10, 3, 12, 4, 8, 5, 14], "R": [[-0.24004306450160484, -0.6652709026823043, 0.7069610691041981], [-0.3911445060485474, -0.6002391134540556, -0.6976524794393896], [0.8884735801208254, -0.44399057729208835, -0.1161338223909032]], "T": [0.12846078243531883, 0.11273956566467999, -0.08477587398478692], "aligned_model": [[-0.31074214170662007, -0.03653792726733163, 0.5801128393898346, -0.5724988912258577, 0.5770222765337749, 0.3119442123239471, -0.4885698982221904, 0.19683094390166928, -0.02455401882461611, -0.37042360180338335, 0.8011358804207562, 0.6399165309393671, 0.0636621030504077], [-0.2676884019267065, 0.3346673032307155, 0.4833402479985889, -0.11851424693085649, -0.01748592437470123, -0.5859299757991575, 0.4325703239271069, -0.3862629121844705, 0.8156130735473693, 0.08281671730160556, -0.13576632588614254, 0.5740213252898078, 0.13610417231531846], [0.3964375915414894, 0.5118150444996004, 0.27003342594901864, -0.05562214744074241, 0.5462292620373885, 0.26972149431225145, 0.05249417781580651, -0.4606988065069229, -0.1378453963631937, -0.5922343347116847, -0.311783205835665, -0.4560220356993637, -0.08082698863014373]], "inverted": true, "swapped": true, "error_lsq": 0.03958225985456735, "error_max": 0.2486094523059627, "target": "569.xyz", "model": "13.xyz", "model_rescale": 3.9028299243045295, "target_rescale": 4.116236665998569},
{"mapping": [13, 5, 10, 12, 11, 2, 1, 4, 8, 3, 9, 14, 6, 7, 15], "R": [[-0.04238778550940492, 0.4774828075137728, -0.8776180514143808], [-0.5282988023668874, -0.7562712092330828, -0.3859458945277741], [-0.8479997942554713, 0.4472851737023, 0.2843102571642153]], "T": [-0.005059503662420098, 0.05469983315145206, -0.0588399332283806], "aligned_model": [[-0.3329600097602302, -0.24389599125008893, -0.7115522434698636, 0.27741610657845434, 0.28519843616530494, 0.6094828297949095, 0.5621030186467673, -0.546878696599748, 0.22903161384279047, -0.05002131263096042, -0.13990199516707646, -0.317567176015607, 0.24584073019984098, -0.6084588103143658, -0.04594541192910665], [-0.5927247737550758, -0.07611378421939176, -0.14445358119430002, -0.5028848788999173, -0.5136875735459333, 0.3934491290759538, -0.06483137445761981, 0.41622697438892464, 0.0957067663770206, 0.6560050360628327, -0.12853265401689884, -0.6970812517396476, 0.3113216265905856, 0.2729679837218319, 0.04869184838017715], [-0.38437639549944785, -0.49236820608067405, 0.0698400116067639, -0.3646946495015215, 0.31337340964464433, -0.28185653452805803, 0.23482266132224255, -0.24617215735469575, -0.7937051859721878, 0.09958965341543785, 0.6821653397586469, 0.28788013815963015, 0.5029452481614303, 0.5806100233872313, 0.04729005186182189]], "inverted": false, "swapped": false, "error_lsq": 0.042807280972041534, "error_max": 0.31818464431588883, "target": "569.xyz", "model": "14.xyz", "model_rescale": 3.942246331269136, "target_rescale": 4.116236665998569},
{"mapping": [2, 1, 0, 5, 9, 4, 10, 12, 3, 13, 6, 7, 11, 8, 14], "R": [[-0.989673967980441, -0.057831587019020345, -0.13115237186078887], [0.07621974776084793, 0.5625793902365043, -0.823222314889724], [0.12139187432905829, -0.8247180956084235, -0.5523622684641789]], "T": [0.01991954849164903, -0.004178626071790738, 0.025075681161350893], "aligned_model": [[-0.33940080259489686, -0.3470620186379716, -0.6660096484208033, 0.05046094639967404, 0.34508305967025305, 0.46317851518692527, 0.702095146345484, -0.39827638209716554, 0.20009939336493748, -0.05224219129986608, 0.03676339075185227, -0.36047384497863993, 0.17225887051416108, -0.5280421926486649, -0.06654115346425887], [-0.6557838032266051, -0.03090692285698158, -0.2676622917913271, -0.4274634426779003, -0.6927284003718351, 0.3633694186961631, -0.0635194046346454, 0.5276425235387235, 0.16724988857950818, 0.8055840719288466, -0.14908817453933773, -0.6164841965667508, 0.42079815758964656, 0.12170983122459023, -0.028657762123554118], [-0.14506395866303246, -0.6969018554134854, -0.003119665800359217, -0.4468106878234611, 0.28647615063629556, -0.08489658877109568, 0.2253645768482534, -0.4335687199040658, -0.6492353882765858, 0.027702988205925316, 0.5649894678711052, 0.4848171984012435, 0.5821201039599742, 0.5568001895807053, -0.013330402470152575]], "inverted": true, "swapped": false, "error_lsq": 0.042373784683059364, "error_max": 0.2765400692355937, "target": "569.xyz", "model": "15.xyz", "model_rescale": 4.355366556412066, "target_rescale": 4.116236665998569},
{"mapping": [2, 13, 10, 3, 4, 1, 6, 8, 12, 7, 5, 14], "R": [[-0.03604616866685223, 0.8886761117273848, 0.45711644268122537], [0.7992696873394659, 0.3002131980002926, -0.5206150234546733], [-0.5998905238664082, 0.34659313927360735, -0.7211134135375327]], "T": [-0.04700311416538264, 0.01087771025957898, -0.0357426138863957], "aligned_model": [[-0.24898809621505055, 0.38239375511078044, 0.12687881454911687, -0.627867222985043, -0.444908910448523, -0.4150083935932486, 0.02321602536141898, -0.1897096225574104, 0.47701730491090166, 0.2628709491009309, 0.29424642758749886, -0.042332476189591406], [-0.6787455068364614, -0.46590172727823725, -0.5038667205392615, 0.23770823430003277, -0.048569005073967525, -0.16622485288053326, 0.39392524593295297, 0.6343264047347308, 0.01957056892960743, -0.06739752300478885, 0.6957851318810498, -0.037833822424143765], [0.1940680298463398, 0.10812161210365635, -0.4903467139040145, 0.04262066528978441, -0.6234773843186319, 0.6575686277539885, -0.6661046677393875, 0.3601435719284502, -0.5313110817015553, 0.6813240683004382, -0.19896678822884123, -0.08438147812080593]], "inverted": false, "swapped": true, "error_lsq": 0.05284510648026921, "error_max": 0.2863260646406829, "target": "569.xyz", "model": "16.xyz", "model_rescale": 3.795458400668931, "target_rescale": 4.116236665998569},
{"mapping": [11, 10, 12, 0, 5, 13, 2, 3, 1, 7, 9, 8, 14], "R": [[-0.9803741399135344, -0.045081513143920615, -0.19192238785887397], [0.1087548639762303, -0.9356479039297356, -0.3357608962243877], [-0.16443517066099086, -0.35004379303816674, 0.9221878429068255]], "T": [0.07363295998417614, 0.0605407754159558, -0.03201360267084179], "aligned_model": [[-0.1673011674248049, 0.05400306156433739, 0.48043661115357966, -0.4185249699883297, 0.6987348889996439, -0.3213492801703372, -0.5892167705076512, 0.12236766659189376, -0.5767348730389291, -0.4620466496861502, 0.039907539573147875, 0.21367574362905972, 0.07468000020876213], [-0.34923510389943463, 0.15561215658641492, 0.5058549366841284, -0.6269946369626209, 0.3870661653207179, 0.49723530080094547, -0.11854226813537046, -0.49797079127278365, -0.20457056544232782, 0.4711735112340658, 0.6973699884571829, -0.010273505256669938, 0.05705607735623784], [-0.5974401714589832, -0.7337526863017121, -0.4275729014651849, -0.0747902242925285, 0.3068378472554937, -0.32473213707559084, -0.3446644379546401, 0.25203878918903755, 0.3606839145859688, 0.3689373743677248, 0.21402548985819497, 0.7036171815552212, -0.10091300742670581]], "inverted": true, "swapped": true, "error_lsq": 0.05172428427050358, "error_max": 0.3535794444738985, "target": "569.xyz", "model": "17.xyz", "model_rescale": 3.7474275329858107, "target_rescale": 4.116236665998569},
{"mapping": [10, 2, 11, 13, 6, 5, 4, 1, 12, 3, 9, 7, 8, 14], "R": [[0.046943859736414684, -0.9811288310434454, 0.18756996275622184], [-0.654176609750871, -0.1721028040646721, -0.7365009084094425], [0.7548835918788437, -0.08812968698684748, -0.6499107023150918]], "T": [0.034461219867803705, -0.032760175430842225, 0.06942697704207512], "aligned_model": [[0.3089169647750401, 0.3224876917168505, 0.6654405733440085, -0.2071701331512325, 0.1606500034367261, -0.39513764395984774, 0.6649469474301558, 0.038147689472425056, -0.13196959054166268, 0.372193076407381, -0.6397199638859731, -0.5429361914916583, -0.27354849940169373, 0.07254672373235767], [-0.40815372587816556, 0.39168625644729227, 0.006702836903500847, -0.017478275463639364, -0.6832444245123003, -0.4636837825330663, -0.3436995807968165, 0.7715265656489201, -0.7067448283794855, 0.2622899049091205, -0.09500307780771963, 0.4572509237977529, 0.2566060263017953, -0.06764657712595512], [-0.46500296999934265, -0.4838153066677492, -0.312646910909993, -0.541946862514661, 0.4010277817416695, 0.5613021828295744, 0.18388014906245595, 0.045283045969033486, -0.1262936008989052, 0.5097435066480861, -0.024539177466768036, -0.1375390247997162, 0.6916620680081774, 0.023679837659792972]], "inverted": false, "swapped": true, "error_lsq": 0.045505405963033395, "error_max": 0.25297817220137286, "target": "569.xyz", "model": "18.xyz", "model_rescale": 3.922800546911778, "target_rescale": 4.116236665998569},
{"mapping": [5, 12, 3, 8, 1, 4, 6, 7, 13, 11, 2, 0, 10, 9, 14], "R": [[0.07997865194204276, 0.992455113836176, 0.09293149226153807], [-0.841381879477295, 0.11720557600258255, -0.5275787958600664], [-0.534490362982148, -0.03599583273554832, 0.8444076929451119]], "T": [0.0004280130160967399, -0.08891852953595888, -0.026982351023012045], "aligned_model": [[-0.21158041423804036, -0.49829278390325726, -0.6318849338747298, 0.38571520195777964, 0.27205908866625383, 0.5641403233632166, 0.6592183639607124, -0.5914245444480767, 0.08725794183436347, 0.014516619324248227, -0.16267279859148434, -0.5240479240764894, 0.3332957159187341, -0.4090977149200469, -0.07531105288216361], [-0.767444380787633, -0.19474203633256562, -0.16280910755376546, -0.34455002358408726, -0.6335161350262613, 0.3599602656470432, -0.16144751030210508, 0.4133224252439194, 0.31464402176562434, 0.6228304708501484, -0.05305300550169925, -0.6570916615602682, 0.4014910899862122, 0.3661249588426687, -0.029659878918690707], [-0.30481110429044017, -0.6258921912292874, 0.035225070234731176, -0.4277278754019582, 0.3944592591333812, -0.09483069286224771, 0.16407416512968442, -0.21586218748939845, -0.5759919843342656, -0.048394599631592865, 0.6696098914161946, 0.29010899091715914, 0.5200991280162139, 0.5096434848790299, -0.034365946105940195]], "inverted": true, "swapped": false, "error_lsq": 0.04470452589355222, "error_max": 0.2525767649434179, "target": "569.xyz", "model": "19.xyz", "model_rescale": 3.9282355846067225, "target_rescale": 4.116236665998569},
{"mapping": [13, 2, 0, 7, 9, 1, 8, 3, 5, 6, 11, 12, 4, 14], "R": [[0.23190673386517585, -0.8890206090966098, -0.39479313999799903], [0.8492750197974649, 0.3829360198113867, -0.36344455626550426], [0.4742902144636789, -0.2510027118030927, 0.8438284370246665]], "T": [-0.057972126351408464, -0.06732036583169385, 0.06993684160777508], "aligned_model": [[-0.5608035008599045, 0.016878948712269755, 0.563631867440404, -0.4875703768111335, -0.669538651229868, 0.16759768323093432, 0.09467101503998576, 0.5260100007006564, -0.28055489737566014, 0.02325757690995945, 0.26921099326205666, -0.48928801257661053, 0.41969773082905376, -0.06067755818746705], [-0.4908369286311387, -0.8005514061252405, -0.5762426608952298, -0.18200062320174992, 0.14781275251269096, -0.37373569273757024, 0.479634856302696, 0.06327651621599573, 0.6736323985328174, 0.3915669562879349, -0.6585092180627978, 0.07327505967549827, -0.1154848856137025, -0.10895503683536828], [0.056096727186146444, -0.09118610714939754, -0.19719754995590633, -0.5770773434775918, -0.1466923638485222, -0.639077678543019, -0.42333727150310846, -0.12217076562769338, 0.18671641196256974, 0.6459894624550702, 0.368466031048658, 0.6307047118621492, 0.5960611440592645, 0.12488774877506317]], "inverted": false, "swapped": true, "error_lsq": 0.04286795993003291, "error_max": 0.25982037330351204, "target": "569.xyz", "model": "20.xyz", "model_rescale": 4.067790424073018, "target_rescale": 4.116236665998569},
{"mapping": [4, 2, 6, 8, 5, 9, 1, 3, 0, 12, 13, 5, 10, 11, 14], "R": [[-0.4095030948464253, -0.8911693435407939, 0.19525474755885047], [-0.9070287340728991, 0.37470651740570465, -0.1920778523927293], [0.09801066716084715, -0.25575814150630505, -0.9617596800531445]], "T": [-0.05935809819729924, -0.0352640218205799, -0.03137012487356673], "aligned_model": [[-0.32335290556202473, -0.5144924115381426, -0.7611641365041627, 0.2704129373354322, 0.035098016065375555, 0.5542683460969806, 0.6797302369003994, -0.6471429036292173, 0.05821346493852763, 0.007953485601236716, -0.03913295927435718, 0.035098016065375555, 0.2754694121912229, -0.39108197463627387, -0.02798553595935168], [-0.7402118675158414, -0.15429925606128714, -0.24792837533823636, -0.43849734220884656, -0.5671950135832926, 0.4173916119348631, -0.20205076539102262, 0.5016700645801431, 0.1187983840130006, 0.7279037536012991, -0.11117086156673103, -0.5671950135832926, 0.3423352030145374, 0.3802646142271947, 0.014244356646053724], [-0.30673855311171866, -0.6079161346316355, 0.06762007683505786, -0.2633654915888894, 0.20652393419184878, 0.11901392867303749, 0.2836468847790844, -0.33129649252936866, -0.7146707411264182, -0.03898354341197273, 0.6642968935429295, 0.20652393419184878, 0.6140725025106272, 0.3364987055588635, 0.020117504497969937]], "inverted": true, "swapped": false, "error_lsq": 0.045483108722473374, "error_max": 0.34644435234005677, "target": "569.xyz", "model": "21.xyz", "model_rescale": 4.186013935880536, "target_rescale": 4.116236665998569},
{"mapping": [13, 12, 10, 1, 8, 2, 7, 9, 4, 6, 5, 3, 14], "R": [[0.5129567991499014, 0.8545082587010746, 0.0817982763727027], [-0.7503397164586227, 0.4926218191052264, -0.44081067732786516], [-0.4169719800066682, 0.16474033857290393, 0.8938651960649344]], "T": [0.051367388305390504, -0.010489947087689383, 0.03422143942797845], "aligned_model": [[0.024804963895267814, -0.396848185917622, 0.20514140186562052, 0.49718489839197316, -0.1986366369988844, 0.6550624441131121, -0.09038327832432372, -0.49675201203156055, 0.3566845275687164, -0.2867455131822419, -0.6530756201205676, 0.3674424981015525, 0.07469454806218273], [-0.36461882684906477, 0.3186621816570092, 0.2560273343435425, -0.6037972711796813, -0.20592668712356113, -0.3263639232713833, -0.782627585446813, -0.4007301578432798, 0.6327992656864411, 0.6479293767498334, 0.20515641514267685, 0.11933785770839611, 0.023108679971977332], [-0.5192082246226335, -0.425150682995852, -0.6038880600913512, 0.3451986865402226, 0.7161904726509336, -0.28976460543748533, 0.040838830864703135, -0.08620192417234085, 0.018236188250742913, 0.06851605889000267, 0.2977518008004224, 0.5617034477882092, -0.021342427130228284]], "inverted": true, "swapped": true, "error_lsq": 0.048007061052113165, "error_max": 0.2867818843419655, "target": "569.xyz", "model": "22.xyz", "model_rescale": 4.166573947596378, "target_rescale": 4.116236665998569},
{"mapping": [14, 10, 13, 9, 12, 4, 2, 7, 8, 0, 6, 12, 1, 5, 15], "R": [[0.3770070622354502, -0.720897684594205, -0.5815257546930401], [-0.9017523725124308, -0.14235517579106072, -0.40813926862493743], [0.2114434527073327, 0.6782636156187436, -0.7037401040405411]], "T": [0.08409560623522483, -0.1129975628163752, -0.04348068234006004], "aligned_model": [[-0.4363443243543519, -0.5541147534410263, -0.7587130001588674, 0.21048769776030615, 0.018134304581763058, 0.5706593232501638, 0.5566868683034837, -0.4107595647397637, 0.2931737270414551, 0.02765132719043986, 0.024742641367295204, 0.018134304581763058, 0.11777255661673103, -0.5339946699718063, 0.06837465006343557], [-0.6897234997896121, -0.11572656374660857, -0.15523032536711623, -0.44009305750876826, -0.6851045924207333, 0.43284830131567886, -0.0019360379959629942, 0.3627597061686751, 0.2971818696832069, 0.7013918282091453, -0.157248776957705, -0.6851045924207333, 0.3831774885952084, 0.29398822914196754, -0.06712048413810065], [-0.1935047987030788, -0.4354262429220261, 0.02509909347705007, -0.5308026937800814, 0.26912771260587887, -0.11532464700746593, 0.42249364732884676, -0.24388783894235644, -0.7084004615432677, -0.025049025165210112, 0.7139007853334423, 0.26912771260587887, 0.4671808907559147, 0.33518666085671245, 0.005622613481026863]], "inverted": false, "swapped": false, "error_lsq": 0.04598445518373305, "error_max": 0.32400554854186203, "target": "569.xyz", "model": "23.xyz", "model_rescale": 4.274766983524099, "target_rescale": 4.116236665998569},
{"mapping": [2, 3, 4, 10, 6, 12, 13, 9, 7, 8, 14], "R": [[0.6233428933215346, -0.10621251810115939, 0.7747015801869445], [-0.6953868698302292, 0.3777897833936993, 0.6113198678523851], [-0.35760416470345213, -0.9197792020707757, 0.16163378614879265]], "T": [-0.009889305225366102, 0.15730728592523135, 0.016636704281742937], "aligned_model": [[0.3042679484489208, 0.18960528328733314, -0.4814806566966817, -0.4594038899278219, -0.6617581856516268, -0.6151749431901756, 0.0577313855862491, 0.11608711403491626, 0.6166415531046646, 0.3684576305561851, -0.055078535593888214], [-0.2625831784413707, 0.6933338030560302, 0.4298888205947716, -0.2967951358269908, 0.4713291176356565, -0.11842415991216693, -0.49570322466983874, -0.130832172433773, -0.17754295704732798, 0.6804337141258924, 0.12248190416260117], [-0.5257545423310506, -0.24388869786043452, -0.4422706929449276, -0.289286930998814, 0.17622903812060267, 0.295675300076944, 0.0540791153858502, 0.6235384096212965, 0.3508042854018345, 0.4026051364131428, -0.02216398686286665]], "inverted": true, "swapped": true, "error_lsq": 0.043252816829936175, "error_max": 0.18785146736052094, "target": "569.xyz", "model": "24.xyz", "model_rescale": 3.7841303162186577, "target_rescale": 4.116236665998569},
{"mapping": [12, 13, 3, 9, 2, 0, 1, 11, 10, 7, 4, 5, 1, 6, 15], "R": [[-0.5181992027580833, 0.04620524933041348, -0.8540109256884255], [0.8387804721439907, 0.22253080994392238, -0.49691785857987236], [0.16708352944198604, -0.9738301256174078, -0.15407134915094617]], "T": [0.024743770839872163, -0.016149471707733037, -0.08803939874548976], "aligned_model": [[-0.28501614783204493, -0.6437932397435235, -0.7044767647158664, 0.2580913272895425, 0.2627550004855777, 0.5366397405348227, 0.45323537036226025, -0.5452055280834742, 0.25781677765420896, 0.061978714042027615, -0.12179411568133708, -0.35075757746114605, 0.45323537036226025, -0.395398239772911, -0.025419599349376452], [-0.6795244259085536, -0.18568296179580193, -0.14999678147858478, -0.4396724214054625, -0.6721211304613615, 0.4913106398202528, 0.1471154440807884, 0.42907680784263535, 0.2894633341511894, 0.6258532143486938, -0.19070337645187346, -0.710596133967883, 0.1471154440807884, 0.361480576345088, 0.010941263568625362], [-0.2859140291344365, -0.4572502578623581, 0.2271180156113024, -0.41715630427364114, 0.19804601752345286, 0.05952990961388317, 0.4974312753403402, -0.34564166157951304, -0.7644511754516314, -0.1842250016251545, 0.6224265927071806, 0.29416645697042915, 0.4974312753403402, 0.36240781233356767, -0.048575517132497706]], "inverted": false, "swapped": false, "error_lsq": 0.04507565548205681, "error_max": 0.3630821358299121, "target": "569.xyz", "model": "25.xyz", "model_rescale": 4.19342608120988, "target_rescale": 4.116236665998569},
{"mapping": [2, 13, 10, 3, 4, 1, 6, 8, 12, 7, 5, 14], "R": [[-0.03604616866685223, 0.8886761117273848, 0.45711644268122537], [0.7992696873394659, 0.3002131980002926, -0.5206150234546733], [-0.5998905238664082, 0.34659313927360735, -0.7211134135375327]], "T": [-0.04700311416538264, 0.01087771025957898, -0.0357426138863957], "aligned_model": [[-0.24898809621505055, 0.38239375511078044, 0.12687881454911687, -0.627867222985043, -0.444908910448523, -0.4150083935932486, 0.02321602536141898, -0.1897096225574104, 0.47701730491090166, 0.2628709491009309, 0.29424642758749886, -0.042332476189591406], [-0.6787455068364614, -0.46590172727823725, -0.5038667205392615, 0.23770823430003277, -0.048569005073967525, -0.16622485288053326, 0.39392524593295297, 0.6343264047347308, 0.01957056892960743, -0.06739752300478885, 0.6957851318810498, -0.037833822424143765], [0.1940680298463398, 0.10812161210365635, -0.4903467139040145, 0.04262066528978441, -0.6234773843186319, 0.6575686277539885, -0.6661046677393875, 0.3601435719284502, -0.5313110817015553, 0.6813240683004382, -0.19896678822884123, -0.08438147812080593]], "inverted": false, "swapped": true, "error_lsq": 0.05284510648026921, "error_max": 0.2863260646406829, "target": "569.xyz", "model": "26.xyz", "model_rescale": 3.795458400668931, "target_rescale": 4.116236665998569},
