[{"mapping": [11, 4, 10, 7, 9, 2, 0, 13, 6, 12, 3, 1, 5, 14], "R": [[-0.1953426479944863, 0.4814880827831307, -0.8544065051322628], [0.31100794320436925, 0.856637047663687, 0.4116394391136863], [0.9301157503979224, -0.18531647176618582, -0.3170843675646001]], "T": [-0.12144806688364065, 0.1260904832189388, 0.07891535177182785], "aligned_model": [[0.2356031876168059, 0.20203960784913313, -0.4145895232482911, -0.43125864568786765, -0.6857116555728344, 0.09245363919175056, -0.7347805634168402, -0.0704904937291218, -0.23577282998459947, 0.2116503699613175, 0.4385058203640749, 0.3735722513394699, 0.5176361596302469, -0.12736522318494037], [-0.6037832617631439, -0.3183337905871735, -0.40233399156405303, -0.5424505411107281, 0.40366127650043687, 0.2304273422898172, 0.22020967975357886, 0.41074068547459597, 0.7724400910872155, -0.17728680076865638, 0.4967058047564965, 0.6003769317512493, 0.005470946590175357, 0.1394289594002238], [0.15374595896022936, -0.4644247194391973, 0.5657592260570391, -0.12563060075845991, 0.4857341052724945, -0.5758934991956393, -0.13068470409339622, 0.7543208477098294, 0.15961255698202736, 0.6911172524384318, 0.5071691599372297, -0.13366457450840322, -0.021419951236795187, 0.03184702905444303]], "inverted": true, "swapped": true, "error_lsq": 0.04983453610386663, "error_max": 0.30746476149090274, "target": "57.xyz", "model": "0.xyz", "model_rescale": 3.8414455957264533, "target_rescale": 4.2362255365563355},
{"mapping": [8, 3, 5, 1, 2, 4, 12, 9, 6, 12, 13, 7, 0, 11, 14], "R": [[0.4497800602700295, -0.8745868275096229, 0.18109604780375943], [0.14338191038943646, 0.2708400596373961, 0.9518861748490137], [-0.8815551741987362, -0.4021735237957176, 0.24721838847701272]], "T": [0.09330976636386938, 0.050316591150673974, 0.08738024259589244], "aligned_model": [[-0.07664259833372185, 0.18381924681792586, 0.5524136827391958, -0.37264705555683014, 0.798132420868864, 0.27120488483241173, -0.42641982237829806, 0.2567082635232999, 0.7367429432120692, -0.42641982237829806, -0.44716542589510805, 0.23086668915397862, -0.283938365743884, -0.7387011104463864, 0.0541865065349115], [0.3742417206355034, -0.6767433182674992, -0.4033197805880091, -0.6089046865198563, 0.0647592608730232, -0.1227298703911811, -0.11097729327382458, 0.7076295671564314, 0.0908204781676418, -0.11097729327382458, 0.574218607028871, 0.4941682415788528, 0.1824250777386886, -0.12687845091578875, -0.03046242879086477], [-0.6129704564988572, 0.36409092924321057, -0.045887987628321025, 0.39852239393629946, 0.3056029788225616, 0.5713487165909423, -0.4475543153644496, 0.0052202602812918275, -0.35350563362514537, -0.4475543153644496, -0.0035056471269489797, 0.5312595139522143, 0.6921517400226496, 0.036143341182287195, 0.08453076105905204]], "inverted": false, "swapped": false, "error_lsq": 0.047864613733613275, "error_max": 0.40898269354706224, "target": "57.xyz", "model": "1.xyz", "model_rescale": 4.316132596720782, "target_rescale": 4.2362255365563355},
{"mapping": [3, 6, 13, 11, 12, 5, 10, 4, 9, 2, 0, 14], "R": [[-0.10569000005912704, -0.2704565197797467, -0.9569132117366387], [0.574285597367265, 0.769000265895408, -0.28077507672390584], [0.811803964355943, -0.5792165933063547, 0.07404364587562899]], "T": [0.06294891185264795, 0.06612471924057332, 0.00766200687297823], "aligned_model": [[-0.19878062460965046, 0.5488890166629055, 0.04191054636013662, -0.6895393758298755, -0.5289086651530247, -0.4433469435284694, -0.20170780733450272, -0.32003881154586766, 0.5413897646354905, 0.14733648469828914, 0.6126701612805197, 0.0879348089958298], [-0.6860740767933086, -0.382257451045096, -0.4893560459754797, 0.3791627335049099, -0.17504725600071347, -0.11683553933699099, 0.3594980152162692, 0.4869819541577414, -0.048777204849171044, 0.19904672029326992, 0.40436626186477476, 0.08206831670477477], [0.007794667312728147, 0.02053251133904994, -0.472747716698094, -0.031954659477973296, -0.40382821068660985, 0.3861259349167973, -0.6602228837449736, 0.5307062070889892, -0.5569903987998082, 0.686355774719304, -0.10354304988856788, 0.04703028512857949]], "inverted": false, "swapped": true, "error_lsq": 0.04935388014802636, "error_max": 0.25651616611275524, "target": "57.xyz", "model": "2.xyz", "model_rescale": 3.795458400668931, "target_rescale": 4.2362255365563355},
{"mapping": [6, 0, 8, 11, 1, 5, 7, 13, 10, 12, 2, 14], "R": [[-0.8311667044467658, -0.05228174201930713, 0.553559869273893], [0.45472189168700894, -0.6368517394952172, 0.6226137350898262], [0.3199842349861802, 0.7692115972561404, 0.5531036141691413]], "T": [0.055671750382506185, -0.02600383782220257, -0.03153306133561765], "aligned_model": [[0.14179923509969583, -0.33996936339878503, -0.6868830195235573, 0.1907744981368361, 0.05806270661023129, 0.16695723719271008, -0.29082759276230763, 0.7284002782355559, 0.37449511041188677, 0.7194450413970612, -0.47944790623840006, 0.010497600582637927], [-0.06420080542321556, -0.5089051063335994, -0.045555103221512225, 0.17152631363759382, 0.576238922839083, 0.5833384240670626, -0.3418954478906046, -0.168692881021762, -0.5432431821824153, 0.027753828696390582, 0.41275380021759134, -0.013349718094902981], [-0.686111592927267, -0.22962857323495822, 0.17791863600117877, 0.7485502602013817, -0.4220211102331486, 0.19064354077701198, 0.572552560522657, -0.2901276486971967, 0.451163968553418, 0.3349347321663891, -0.1124863780541965, -0.04661696443616931]], "inverted": false, "swapped": true, "error_lsq": 0.04606869047566559, "error_max": 0.2615389389443435, "target": "57.xyz", "model": "3.xyz", "model_rescale": 3.7530521520055578, "target_rescale": 4.2362255365563355},
{"mapping": [2, 0, 6, 13, 1, 10, 5, 7, 11, 12, 14], "R": [[0.7777206571869484, 0.5878995712480661, -0.2225413972973138], [0.5885016798771894, -0.8053763747802736, -0.07095539251889321], [-0.22094422863344274, -0.07578251165093466, -0.9723377287555228]], "T": [-0.06972809335520581, -0.08670359902798033, -0.08979163538234029], "aligned_model": [[-0.3813157221827238, -0.34881291936799497, 0.3714572049815015, 0.5954170011987313, 0.2538299708101043, -0.1759582898722879, -0.0119995805010754, -0.7465273835144784, -0.3810097002510736, 0.2582675505271207, -0.09514852938261865], [-0.7080950600750056, -0.01672582475055337, -0.32463234035748045, 0.22386757150448386, -0.7126924565471142, 0.6762844421304407, -0.3767415372859467, 0.2615754639822345, 0.20053286752918628, 0.368916374343929, -0.12508614215982755], [-0.04288158286092578, -0.6781640759973533, -0.5211794569063287, -0.12016509541196911, 0.04670417095578987, 0.0037267655635759706, 0.4980776591040634, -0.016217470379096863, 0.60763210612262, 0.42266598209138345, -0.10736822503644265]], "inverted": true, "swapped": true, "error_lsq": 0.049200914173696236, "error_max": 0.2591215688516354, "target": "57.xyz", "model": "4.xyz", "model_rescale": 3.7855080009869324, "target_rescale": 4.2362255365563355},
{"mapping": [3, 12, 1, 13, 4, 6, 14, 5, 0, 9, 10, 7, 8, 15, 16], "R": [[0.9077016253482122, 0.38109790992734005, 0.17561931098038952], [0.1441508586907048, -0.6762524410747486, 0.7224286579858084], [0.3940790393803586, -0.6304339925713529, -0.6687710308705044]], "T": [0.022846222882878096, -0.049017906318315776, 0.07899514674805852], "aligned_model": [[0.033626062026910646, 0.08573126808113116, 0.6757829818294041, -0.27237451925199235, 0.6947778249370965, 0.2596023228464743, -0.362604042155947, 0.35111358702319784, 0.6731376516372946, -0.4167799902338978, -0.3663167795971989, 0.21323995608486365, -0.4502715509801669, -0.8001857460166169, -0.0063385892804235094], [0.31112552273078026, -0.7222496438806776, -0.38213640227208284, -0.5330341142373464, 0.15058806694167431, -0.09236965945911359, -0.45128532715760356, 0.6649216453268613, 0.1544596799282577, 0.13217211180805233, 0.5669537912740806, 0.5317925472803864, 0.09454011059956079, -0.059201474616133815, -0.06900702310853248], [-0.5148037341704118, 0.0023807770819863072, -0.11023908762636964, 0.5300391166228551, 0.31493192104390955, 0.6857440591464323, -0.30481003019159136, -0.11499995333530277, -0.30073082405762797, -0.45092276134810305, 0.08875728483954676, 0.5123297925171101, 0.5798549492847598, 0.12180612421879904, 0.03855464545634558]], "inverted": true, "swapped": false, "error_lsq": 0.032780323135041374, "error_max": 0.1786787443453978, "target": "57.xyz", "model": "5.xyz", "model_rescale": 4.2253639853439635, "target_rescale": 4.2362255365563355},
{"mapping": [6, 9, 12, 3, 13, 11, 5, 1, 7, 0, 10, 4, 2, 14], "R": [[0.362023535830925, -0.8215528842866899, -0.4404427520401441], [0.5652432490839108, 0.5691883699893193, -0.597096867211649], [0.7412415455636163, -0.032794173097100865, 0.6704368078658409]], "T": [0.0846719595515684, 0.03065751642120884, -0.013227773608353574], "aligned_model": [[0.5229524208599319, -0.00741338819873219, -0.5045610997162636, 0.15213251708946046, -0.11543487883390227, -0.4940608357736742, 0.11206695987463483, 0.6292211787743638, -0.33105535921096163, 0.23395696348917402, -0.6559452578104789, 0.11202439177099996, 0.5961466906824, 0.12403184976083156], [-0.21141422006376884, 0.04695564804508151, -0.44029037706279994, -0.7624689322266381, -0.5342678778982697, 0.04924972727823834, -0.28842686011160645, -0.3713619052457905, 0.6432778467581165, 0.5323906856936053, 0.1520686962217746, 0.32949468210669086, 0.24212511993485342, 0.05776691320550358], [-0.44527119458450726, -0.7563260851650687, 0.08055919636558907, 0.013322296868278696, -0.43821194735320623, 0.5616840309644664, 0.5616457505995258, 0.2255807442857644, 0.1781772157197954, -0.406858529939594, -0.21052642967229213, 0.6990389156959111, 0.40996225865482866, -0.0012180135080426292]], "inverted": false, "swapped": true, "error_lsq": 0.03714459413247797, "error_max": 0.2246733316324766, "target": "57.xyz", "model": "6.xyz", "model_rescale": 3.89814844738969, "target_rescale": 4.2362255365563355},
{"mapping": [7, 8, 0, 11, 9, 2, 5, 10, 12, 1, 6, 13, 14], "R": [[-0.4423180059461389, 0.43350477698559803, -0.7851295370488225], [0.12750966926708646, -0.8361327638284246, -0.5335009704733799], [-0.8877477490026262, -0.3360886930310314, 0.314560526063687]], "T": [-0.06798361093820535, 0.13133591419344368, -0.020307032354505178], "aligned_model": [[0.12184986336936507, -0.03329087215855231, 0.48199063350541227, -0.4599589710302784, 0.6006532294334095, -0.42425575214017786, -0.7204511201770813, 0.28613719977338414, -0.2682251164858611, -0.5553607091075312, 0.11982361908125347, 0.072223015565091, -0.07250321872421096], [-0.36848889132312446, 0.20384631041674872, 0.3258557585920815, -0.5660324462439031, 0.21598136554570282, 0.5086765039863917, 0.04954881510429762, -0.5494735567768189, -0.42102208994904167, 0.6364865228768456, 0.6781178747643756, 0.08598964765672464, 0.16429545082020558], [-0.5670310564013135, -0.7878866752071099, -0.3180614923756443, -0.18103533934588112, 0.30634318464588195, -0.48517152016374365, 0.005028990131732192, 0.09492409441452859, 0.4619662169179225, 0.1295909412783822, 0.30079721539835214, 0.6994712764635561, -0.056660804920367173]], "inverted": false, "swapped": true, "error_lsq": 0.04929088632976489, "error_max": 0.3086073107216778, "target": "57.xyz", "model": "7.xyz", "model_rescale": 3.7474275329858107, "target_rescale": 4.2362255365563355},
{"mapping": [0, 11, 7, 13, 5, 9, 12, 3, 6, 1, 2, 8, 4, 13, 14], "R": [[-0.7748015680214828, -0.4913444494353989, 0.3978230287457935], [0.11242403882860398, -0.7263166849095949, -0.6781039070197139], [0.6221280942739335, -0.4806710988097382, 0.6179902338096638]], "T": [0.04302506802017998, -0.024608032883212824, -0.018730915319466745], "aligned_model": [[0.15124779955681572, 0.17096224818602862, 0.6604667134988933, -0.6879572724535601, 0.6688335275576237, 0.4534147846063375, -0.3197456607614973, 0.3595742371098089, 0.7278229346808022, -0.4603439540296181, -0.4190397485714556, 0.11709795179862396, -0.4104426722285394, -0.6879572724535601, -0.011793179546573128], [0.23437035682246615, -0.6081249164855629, -0.31045209910121924, -0.39559615668869813, 0.22256026981220134, -0.28717704682428463, -0.48536756581199814, 0.6128882715488881, 0.17812752298339934, 0.3103873281657415, 0.665919208988129, 0.3655104060561489, 0.1973568342765758, -0.39559615668869813, -0.00753642589492504], [-0.6149114850055011, 0.15337393665188112, 0.011873270023587734, 0.35024667018321354, 0.22681554899213252, 0.5669125201655945, -0.21040947425033402, -0.10550431198395038, -0.4148221606181493, -0.4650486897427618, 0.1163902501267427, 0.5358239758723657, 0.5790353033195452, 0.35024667018321354, -0.002129744435242782]], "inverted": false, "swapped": false, "error_lsq": 0.04400209001572535, "error_max": 0.3286853977278862, "target": "57.xyz", "model": "8.xyz", "model_rescale": 4.019505241142653, "target_rescale": 4.2362255365563355},
{"mapping": [6, 2, 0, 9, 13, 10, 7, 3, 12, 5, 4, 11, 14], "R": [[0.5714602458108141, -0.8170696385890956, -0.07635701116288358], [-0.8190493067257776, -0.5736572628060473, 0.008693559794281758], [-0.050905997778917085, 0.057572133239601, -0.9970426414473831]], "T": [-0.05335301096008163, -0.07302120259806147, -0.07495356416838492], "aligned_model": [[-0.30384954642258155, -0.6682410565154489, 0.016063741192136716, 0.32881996320357787, 0.24425805405368764, 0.7123976082060722, 0.30838424010568133, -0.20196565832522081, 0.40103055877269, -0.33859534327815344, -0.33379818627267677, 0.2466161608422516, -0.09141976382083983], [-0.5919642886195604, 0.2540882746919292, 0.07089349134706532, -0.4771621095653704, -0.735285720932838, 0.035145151292265656, 0.5963659107764001, -0.6993640163846677, -0.29191519083493567, 0.0035762020960008467, 0.5746561554313996, 0.37555554123455903, -0.05121117241818904], [-0.39945250895876494, -0.09303207705643976, -0.7101206549925212, -0.5765055416719214, 0.03742240116859866, -0.010865140478704391, -0.15134594786521702, 0.3939967074717804, 0.4937330856825728, 0.5131064188887047, 0.24007054185458918, 0.5370907990827144, -0.09739458908151252]], "inverted": true, "swapped": true, "error_lsq": 0.048330473579812044, "error_max": 0.2836996930276221, "target": "57.xyz", "model": "9.xyz", "model_rescale": 3.877068213659057, "target_rescale": 4.2362255365563355},
{"mapping": [2, 11, 10, 0, 6, 12, 8, 13, 14, 7, 4, 3, 5, 1, 15], "R": [[0.42780552370126523, 0.514226802648103, 0.7433392424250151], [-0.06503980782646912, -0.802750303883857, 0.5927577692550908], [0.9015277351743443, -0.3019316893813639, -0.30997580173093103]], "T": [0.08296717840804879, 0.051131400188783704, 0.03367126939499282], "aligned_model": [[0.027083505992764045, 0.2020878410770362, 0.6823318336354218, -0.290005701197688, 0.5743189213807606, 0.2071345078149228, -0.30739079892307414, 0.5243280030328425, 0.6961037149095183, -0.6147244809126623, -0.3328872322163887, 0.045074517426089256, -0.38823105658369994, -0.7575282714116129, 0.044445132925900424], [0.32979556287404127, -0.672582535909269, -0.3210147440226375, -0.5451598883734405, 0.17678017294386827, -0.26849594827873563, -0.46321995904486724, 0.65578089628631, 0.11581056983170634, 0.17249400830827089, 0.5836455725365636, 0.4938075751494474, 0.09407708177896096, -0.03809177736088287, -0.016356755561172304], [-0.5659775090927237, 0.11554728961135052, -0.04035600174627392, 0.40662430383391135, 0.38451372079970414, 0.6974604287920998, -0.38868671217579315, -0.15930050397925227, -0.44528774686826716, -0.37226472960184076, -0.006133820203346255, 0.48684153882374437, 0.6558636303380905, 0.22991915759718487, 0.07912923335374926]], "inverted": false, "swapped": false, "error_lsq": 0.038376406912770215, "error_max": 0.23266834893121827, "target": "57.xyz", "model": "10.xyz", "model_rescale": 4.260839863003843, "target_rescale": 4.2362255365563355},
{"mapping": [7, 0, 6, 2, 3, 5, 11, 10, 9, 13, 12, 14], "R": [[0.16575790347885755, -0.9656424641915121, 0.20014731770483046], [0.03702485782376588, -0.19671807483326897, -0.9797607661756123], [0.9854711955899187, 0.16981351649393808, 0.00314519928452206]], "T": [-0.056465836642797015, -0.07647645793201868, -0.13088285715946726], "aligned_model": [[0.5589084708365893, 0.23167372256398272, -0.40638940079768887, -0.44833195150197136, -0.5721525768315079, -0.42702149665827077, 0.2310797615622741, 0.6370702392760242, 0.23792234477291446, -0.10573053200406685, 0.09632081125996518, -0.07445074338411402], [-0.007694822017970657, -0.6600871495052532, -0.4918887320132082, -0.22753293710036998, 0.2909265811501674, 0.42265563534413314, 0.6235220262054326, 0.18985737032219802, -0.4916027141988227, 0.0592008730974988, 0.571981940232505, -0.10625956598337652], [-0.5796058127819161, -0.2039685122513682, 0.2463917746011832, -0.6867943963943636, 0.3522191915601569, -0.3467544637164375, -0.4360394610284579, 0.09329408243263235, 0.41861348587096825, 0.5895056820920331, 0.23509727661910892, -0.16578076960803467]], "inverted": true, "swapped": true, "error_lsq": 0.047436133145073944, "error_max": 0.22689284162635678, "target": "57.xyz", "model": "11.xyz", "model_rescale": 3.890672605050136, "target_rescale": 4.2362255365563355},
{"mapping": [2, 8, 4, 1, 5, 13, 0, 3, 6, 10, 11, 7, 12, 14], "R": [[0.619956710035442, -0.6259856796084289, 0.4730704034361109], [0.4776532581205169, 0.779421877307376, 0.40539968201948673], [-0.6224958174067404, -0.025366633592569493, 0.7822119221868806]], "T": [0.0033265590417193985, -0.09032309037950095, 0.050216929298326524], "aligned_model": [[0.5509956613098717, 0.1436346524181008, 0.49950506754077073, 0.5984392043955249, 0.5681690460522743, -0.2787179365972123, -0.375986025843034, 0.2889664390380976, -0.03886509082188465, -0.5817672240311489, 0.14936654790391674, -0.24121105745528187, -0.09861252280827872, 0.02595907369197714], [-0.06696251724286945, 0.2731739906205395, 0.46049643837199217, -0.4883093437450011, 0.08660274876461946, -0.48257338103946334, -0.18644970293969756, -0.49197370386106865, -0.7469434047583947, 0.32691008044680514, 0.637402602952791, 0.5820133794507006, 0.12452052979385797, -0.0957551969870458], [-0.3798151501697036, -0.6159837633189664, -0.16837030336943226, 0.10150881213077571, 0.33778449794281695, 0.6037380289920944, -0.4749963561242979, 0.6758302605628691, -0.01626339414442035, 0.3430702084160604, 0.38916904781045814, -0.2198455969831277, 0.7721824095745181, 0.0067817340372166995]], "inverted": false, "swapped": true, "error_lsq": 0.04551867489530514, "error_max": 0.2284552054273286, "target": "57.xyz", "model": "12.xyz", "model_rescale": 4.124412569039231, "target_rescale": 4.2362255365563355},
{"mapping": [7, 10, 12, 0, 11, 4, 9, 2, 13, 6, 5, 3, 14], "R": [[-0.16758609741231922, 0.2321313028295976, -0.9581387990269168], [0.9857968987189053, 0.028686626171661567, -0.1654737198321109], [-0.010925860620437766, -0.9722613515539539, -0.23364179815303115]], "T": [0.035199467562250175, 0.05107667298107671, -0.08280903082296888], "aligned_model": [[-0.11907217786072075, -0.0651812452494608, 0.49539228670626617, -0.6008307947372713, 0.5677150367857957, 0.3998318286915507, -0.5343330731276705, 0.1466744897857695, 0.08464057836885297, -0.22653055808232958, 0.6700778965676399, 0.5276556169502664, 0.02125842271106925], [-0.31039782311401454, 0.3923767925028906, 0.5490225683326132, -0.10330927075308044, -0.08211941963816757, -0.6017303022078935, 0.5373772535935755, -0.5607458554522111, 0.7751794224226409, 0.3031679992258501, -0.10126646241849369, 0.5405005821803479, 0.009429891834419661], [0.5731674860879508, 0.6068425027997092, 0.26078370303339, -0.058358188399977154, 0.5209184500590817, 0.11279755955068792, -0.09202159802187419, -0.39691293791398, -0.19693957302188608, -0.6353462358024536, -0.16506377965548386, -0.47300971591259655, -0.10515959183472906]], "inverted": true, "swapped": true, "error_lsq": 0.03750766642966916, "error_max": 0.17723617502420683, "target": "57.xyz", "model": "13.xyz", "model_rescale": 3.9028299243045295, "target_rescale": 4.2362255365563355},
{"mapping": [2, 13, 5, 14, 4, 10, 12, 3, 0, 1, 6, 7, 9, 11, 15], "R": [[-0.2671223047420383, 0.9562664193390497, -0.11916463214299242], [0.9012101735884467, 0.29168567597181383, 0.3205303253259324], [0.34127100276757133, -0.02177157957841122, -0.9397127757951774]], "T": [0.06698537406739656, 0.019992907609874558, -0.04165435547498886], "aligned_model": [[0.03510702038896005, 0.10958611779175004, 0.40253830579072625, -0.37221388614983614, 0.6872028065846092, 0.2848640868505061, -0.20390497093651344, 0.31679310534788174, 0.7381906077388382, -0.5039742791492396, -0.28759613075233476, 0.13275299400192964, -0.4137377160052334, -0.6348003814382673, 0.021332756886353887], [0.2876486775769069, -0.7469028054738934, -0.36561808684588654, -0.46495748520984387, 0.11728979007393556, -0.20089905912333877, -0.5525102087300173, 0.5911742985521464, 0.3099529347344776, 0.18349725852455878, 0.5805882634867512, 0.4372965522543177, 0.24745600948592605, -0.19203064005400083, 0.06528433190612457], [-0.7268506258427514, 0.16500355916440976, -0.07011880034697113, 0.5541457612685287, 0.21374127281030542, 0.635906127137215, -0.3299231392960278, -0.03554196871532925, -0.43232445441614636, -0.30522627615986075, 0.024776553432612425, 0.7596946597311082, 0.5222705547919805, 0.049994195759033466, 0.05234486016423122]], "inverted": true, "swapped": false, "error_lsq": 0.03506101891839146, "error_max": 0.22200849097085507, "target": "57.xyz", "model": "14.xyz", "model_rescale": 3.942246331269136, "target_rescale": 4.2362255365563355},
{"mapping": [0, 13, 12, 11, 3, 4, 8, 5, 1, 7, 9, 4, 10, 6, 14], "R": [[-0.034276168199033646, -0.9735159761423858, -0.2260349275867105], [0.48455179694960326, 0.18161970734035102, -0.8557007876463105], [0.8740907849683022, -0.1388557744609245, 0.46549368796188295]], "T": [0.00130693839092871, 0.05669808226855206, 0.07478181922836345], "aligned_model": [[0.013602853870255515, 0.302458432957905, 0.6687220033355352, -0.3766391153040876, 0.6649187141203311, 0.183608361060337, -0.378243914283651, 0.27929852786905235, 0.7023568911836151, -0.6007103821639227, -0.5298712972646858, 0.183608361060337, -0.28705691653685905, -0.5521377948566107, 0.03822571190257866], [0.030558184733062106, -0.6546363597264911, -0.3748578423180023, -0.4568489031650598, 0.23754706740955206, -0.043893694916851876, -0.459482422240619, 0.6054104529839449, 0.21616320496383706, 0.25400048034818684, 0.6605974449774406, -0.043893694916851876, 0.28804827566520375, -0.02078191527895861, 0.05933955263977114], [-0.6599854902564946, 0.32823977522302794, -0.11598734285497543, 0.40271062080724845, 0.28325480593740054, 0.6227886281075933, -0.35919947447730827, -0.08147108024052337, -0.29903802255878476, -0.4993491915984527, 0.1110798607450706, 0.6227886281075933, 0.6849653090326023, 0.052755322479707364, -0.015660068971367236]], "inverted": false, "swapped": false, "error_lsq": 0.05015136586886118, "error_max": 0.5129733620674529, "target": "57.xyz", "model": "15.xyz", "model_rescale": 4.355366556412066, "target_rescale": 4.2362255365563355},
{"mapping": [3, 6, 13, 11, 12, 5, 10, 4, 9, 2, 0, 14], "R": [[-0.10569000005912704, -0.2704565197797467, -0.9569132117366387], [0.574285597367265, 0.769000265895408, -0.28077507672390584], [0.811803964355943, -0.5792165933063547, 0.07404364587562899]], "T": [0.06294891185264795, 0.06612471924057332, 0.00766200687297823], "aligned_model": [[-0.19878062460965046, 0.5488890166629055, 0.04191054636013662, -0.6895393758298755, -0.5289086651530247, -0.4433469435284694, -0.20170780733450272, -0.32003881154586766, 0.5413897646354905, 0.14733648469828914, 0.6126701612805197, 0.0879348089958298], [-0.6860740767933086, -0.382257451045096, -0.4893560459754797, 0.3791627335049099, -0.17504725600071347, -0.11683553933699099, 0.3594980152162692, 0.4869819541577414, -0.048777204849171044, 0.19904672029326992, 0.40436626186477476, 0.08206831670477477], [0.007794667312728147, 0.02053251133904994, -0.472747716698094, -0.031954659477973296, -0.40382821068660985, 0.3861259349167973, -0.6602228837449736, 0.5307062070889892, -0.5569903987998082, 0.686355774719304, -0.10354304988856788, 0.04703028512857949]], "inverted": false, "swapped": true, "error_lsq": 0.04935388014802636, "error_max": 0.25651616611275524, "target": "57.xyz", "model": "16.xyz", "model_rescale": 3.795458400668931, "target_rescale": 4.2362255365563355},
{"mapping": [7, 8, 0, 11, 9, 2, 5, 10, 12, 1, 6, 13, 14], "R": [[-0.4423180059461389, 0.43350477698559803, -0.7851295370488225], [0.12750966926708646, -0.8361327638284246, -0.5335009704733799], [-0.8877477490026262, -0.3360886930310314, 0.314560526063687]], "T": [-0.06798361093820535, 0.13133591419344368, -0.020307032354505178], "aligned_model": [[0.12184986336936507, -0.03329087215855231, 0.48199063350541227, -0.4599589710302784, 0.6006532294334095, -0.42425575214017786, -0.7204511201770813, 0.28613719977338414, -0.2682251164858611, -0.5553607091075312, 0.11982361908125347, 0.072223015565091, -0.07250321872421096], [-0.36848889132312446, 0.20384631041674872, 0.3258557585920815, -0.5660324462439031, 0.21598136554570282, 0.5086765039863917, 0.04954881510429762, -0.5494735567768189, -0.42102208994904167, 0.6364865228768456, 0.6781178747643756, 0.08598964765672464, 0.16429545082020558], [-0.5670310564013135, -0.7878866752071099, -0.3180614923756443, -0.18103533934588112, 0.30634318464588195, -0.48517152016374365, 0.005028990131732192, 0.09492409441452859, 0.4619662169179225, 0.1295909412783822, 0.30079721539835214, 0.6994712764635561, -0.056660804920367173]], "inverted": false, "swapped": true, "error_lsq": 0.04929088632976489, "error_max": 0.3086073107216778, "target": "57.xyz", "model": "17.xyz", "model_rescale": 3.7474275329858107, "target_rescale": 4.2362255365563355},
{"mapping": [2, 6, 0, 3, 4, 11, 8, 9, 5, 7, 12, 13, 10, 14], "R": [[0.5902929069716348, 0.009874225827760486, -0.807128728049795], [-0.7923867823246684, 0.19770476987748423, -0.5770927231951984], [0.15387485556820452, 0.9802118769082498, 0.12452792936474455]], "T": [0.07487398792929678, -0.012367615505720873, -0.05548415052542149], "aligned_model": [[0.4915424308933169, 0.1668831957865336, 0.6115644981621114, -0.5413598335544985, 0.2616233810395976, -0.294309294515818, 0.7236958675830467, 0.11380096906050796, -0.23152262983357097, 0.3248214651252608, -0.6522273862984121, -0.45716948173738614, -0.2204683869422499, 0.11797285311443696], [-0.5252507739279136, 0.3236082657385861, 0.3491798435244472, -0.05888139927463464, -0.7134958802898624, -0.46311661532919235, -0.3281080014426161, 0.7345341288650045, -0.5844549002108341, -0.11332412572146042, 0.00627572836285676, 0.4382647733413885, 0.3267528423789701, -0.03157564450350586], [-0.2762850241036053, -0.6176269427676575, 0.04558062560132164, -0.5578761705549602, 0.21082293599204627, 0.5157688099464598, 0.21833701187299803, -0.09501787535805326, -0.16448940511174653, 0.6601294214082903, 0.1653314503129758, -0.2871200552470941, 0.5769330326437395, -0.06969309597305991]], "inverted": false, "swapped": true, "error_lsq": 0.039653667706810024, "error_max": 0.28499928633474314, "target": "57.xyz", "model": "18.xyz", "model_rescale": 3.922800546911778, "target_rescale": 4.2362255365563355},
{"mapping": [12, 2, 9, 1, 11, 10, 0, 13, 7, 5, 8, 4, 6, 1, 14], "R": [[0.8375647882703203, 0.24765661806778563, 0.4869819554941649], [-0.34530393519745173, -0.4507842449679198, 0.823139573113732], [0.4233797559955458, -0.8575895078742101, -0.29204420589565316]], "T": [-0.0006230324756654332, 0.0733701095240506, 0.02886013752856296], "aligned_model": [[0.052068259086296934, 0.12282748954874699, 0.5947251544493043, -0.5866483865724411, 0.6571429646096052, 0.3623821322387329, -0.32833856230673586, 0.31974362537593626, 0.6711017278535721, -0.5701210504973584, -0.39515477063083704, 0.21309903102741484, -0.2954626970374526, -0.5866483865724411, 0.08142390637778714], [0.39036099567670846, -0.6086206101474927, -0.48111655616347565, -0.30298672606008664, 0.2380773093907479, -0.18768414424459617, -0.531390711306563, 0.679133830784483, 0.10544982941836017, 0.10439780499125925, 0.5356677756246668, 0.44703158169256035, 0.15048515980672353, -0.30298672606008664, 0.06145101775495528], [-0.6890217820488829, 0.20990595957805602, 0.05798503778358065, 0.27968445971580447, 0.24671110530079135, 0.7001861196291173, -0.4458076586960191, -0.018354959229713884, -0.4023796530645438, -0.47833115751609057, 0.09968548276458147, 0.6107253477628685, 0.6476416927918929, 0.27968445971580447, -0.02042217500490922]], "inverted": false, "swapped": false, "error_lsq": 0.04261559246756715, "error_max": 0.32912108534554124, "target": "57.xyz", "model": "19.xyz", "model_rescale": 3.9282355846067225, "target_rescale": 4.2362255365563355},
{"mapping": [1, 6, 9, 3, 5, 13, 12, 10, 11, 4, 0, 2, 7, 14], "R": [[-0.4068007308062715, 0.8171046994555391, -0.4084765299783533], [0.2314085435420709, 0.5247362513610844, 0.8192081252546599], [0.8837212520875692, 0.23872950516262148, -0.40254809895662036]], "T": [-0.008480614567977239, -0.18374555253562053, 0.09075015540768437], "aligned_model": [[-0.6926539863627099, -0.14418129096568819, 0.5056252965906436, -0.4474963121329224, -0.5250164126529716, 0.10461584664949022, 0.08575335637056508, 0.6414917736934427, 0.02382980929115478, -0.31171389556409435, 0.3735716592961458, -0.48867576958643044, 0.435236325143498, -0.02786358068544638], [-0.3773590985895555, -0.7836273493862683, -0.6423147719514943, -0.16551121578447375, 0.2203464852320942, -0.30732991565085266, 0.32759797757089126, 0.19465940071535476, 0.6294458491118283, 0.2801675791702967, -0.5963370167910518, -0.26082366377260086, 0.20875378227886277, -0.20478595472819522], [-0.007247639893317226, -0.15230778462049976, -0.20310325042461919, -0.5735074172741735, 0.03647964283725301, -0.6246036671883306, -0.46371469035569834, -0.10036991881576397, 0.14971355527063884, 0.6294614207092809, 0.4265651365170609, 0.5896352415678312, 0.5743081066716091, 0.130874422242411]], "inverted": false, "swapped": true, "error_lsq": 0.04872780553093315, "error_max": 0.3503107758486891, "target": "57.xyz", "model": "20.xyz", "model_rescale": 4.067790424073018, "target_rescale": 4.2362255365563355},
{"mapping": [5, 9, 7, 12, 0, 0, 10, 4, 8, 13, 6, 2, 3, 11, 14], "R": [[0.0807396459835209, -0.48175588064711816, 0.8725780085633463], [0.8892460510167234, 0.430269538553933, 0.15527261491888605], [-0.4502472324374897, 0.763399892359506, 0.46313932463987123]], "T": [0.004017956056093119, 0.05268036584358925, 7.803592035765528e-05], "aligned_model": [[0.11322219684507716, 0.054509553597628546, 0.602887733603278, -0.27401295867489295, 0.48955802393663017, 0.48955802393663017, -0.4223863046302946, 0.34644446491292885, 0.5250545773166139, -0.44512881917398617, -0.3741385511376595, 0.20452047115121705, -0.3429090197979471, -0.6195157162023801, -0.035523238732713326], [0.303102853962211, -0.7189780234184721, -0.3905312045622406, -0.5095583061404417, -0.017988263190303333, -0.017988263190303333, -0.5535878776564231, 0.7654227787178759, 0.1283508916918233, -0.03038723423632199, 0.6826041751304817, 0.5588009203518748, 0.1634154011965404, -0.05329159160690165, -0.012116425891235447], [-0.5232088185830459, -0.07766402687755711, -0.039701991829374866, 0.4400784371442334, 0.5136097456267714, 0.5136097456267714, -0.3490709937869772, -0.1311272751708399, -0.21892586255710278, -0.5304787029818849, 0.08811526245483896, 0.5073872683256897, 0.7689242117064969, 0.13427176816267242, -0.017926487778353914]], "inverted": true, "swapped": false, "error_lsq": 0.04866030293663863, "error_max": 0.34460333795003795, "target": "57.xyz", "model": "21.xyz", "model_rescale": 4.186013935880536, "target_rescale": 4.2362255365563355},
{"mapping": [7, 11, 8, 9, 13, 0, 10, 12, 2, 5, 3, 6, 14], "R": [[0.23752500320367403, -0.10856589019370472, -0.9652954575359523], [0.6762052513583569, -0.6949403050071821, 0.24454944390021877], [-0.6973724477554846, -0.7108244649440348, -0.09165287310581532]], "T": [0.06837738061356, 0.025119318951785354, 0.030169817221981657], "aligned_model": [[0.12680166129877057, -0.5357931388752106, 0.5024300150178488, 0.37110232370951546, -0.21960120233048078, 0.6675840017532146, -0.20522191469386283, -0.6347820621933492, 0.31478379650538335, -0.3909907209788098, -0.4181487986870118, 0.3764288482874162, 0.10398122660980161], [-0.23516460548759774, 0.007926581008351037, 0.2590092028869795, -0.5539103730729367, -0.31891833690420013, -0.2199439912607817, -0.6543380881639611, -0.2525015571183336, 0.6447020105587534, 0.4908614673929472, 0.21753437144649979, 0.07677045905720292, 0.05692951920317053], [-0.6864944170970908, -0.5179937485769278, -0.5635756539739715, 0.3962608790965787, 0.6119785684176844, -0.06914159727170179, -0.22607684995855337, 0.10939708152905954, -0.17185968012057035, -0.04131509468295562, 0.630648060823719, 0.6130818680221827, 0.017970145127892974]], "inverted": false, "swapped": true, "error_lsq": 0.04926494456117098, "error_max": 0.30492897298009974, "target": "57.xyz", "model": "22.xyz", "model_rescale": 4.166573947596378, "target_rescale": 4.2362255365563355},
{"mapping": [1, 3, 4, 11, 8, 9, 2, 7, 0, 6, 13, 10, 14, 12, 15], "R": [[0.7123546192835969, 0.7017136725332329, -0.012199105100164753], [0.6156239169765503, -0.6331166996737889, -0.46922322772921127], [-0.3369838115277523, 0.3267432728826907, -0.8829953252391183]], "T": [-0.0023325261336500334, -0.011160006766790895, 0.10340764649234646], "aligned_model": [[0.046891600010430426, 0.18667125672958104, 0.5577516868713258, -0.3761317616737855, 0.7705430937324736, 0.09512728646952233, -0.10762089723870921, 0.36180474437905513, 0.5734005695112661, -0.5296758773081618, -0.2710490973402536, 0.09768099036713303, -0.4520620469599915, -0.6378756316728905, -0.0033154789268649695], [0.07635949160968487, -0.5808448141451137, -0.32741326675242566, -0.6477491702393916, -0.0793895520945428, -0.20704404981856644, -0.4495472924871657, 0.6009065646154041, 0.26527243489057734, 0.010348228877099422, 0.7854187218308283, 0.6137863317379665, 0.3360842889194812, -0.11389907821759737, 0.014980992431925418], [-0.602295112235734, 0.1375169168125426, -0.2517586008562005, 0.3811155791937168, 0.331633730851934, 0.6624963629650892, -0.3961323277017691, 0.038845985499019714, -0.4053872735063524, -0.4448204244219277, 0.20374145136643385, 0.5038831184138157, 0.6539914461367785, 0.22551824975095391, 0.03954317721403719]], "inverted": true, "swapped": false, "error_lsq": 0.04106290034418302, "error_max": 0.23230477832787544, "target": "57.xyz", "model": "23.xyz", "model_rescale": 4.274766983524099, "target_rescale": 4.2362255365563355},
{"mapping": [2, 11, 7, 0, 10, 9, 6, 13, 3, 12, 14], "R": [[0.20224602216606832, -0.6707823697766472, 0.7135457651158947], [0.05812618453412377, 0.7355399273352664, 0.6749832308784686], [-0.9776082513918893, -0.09503698065730215, 0.1877500442557508]], "T": [-0.0006534982061923642, 0.010048827499370208, -0.09525261146941141], "aligned_model": [[0.28645508165807415, 0.18089460918732692, -0.42994526367246344, -0.5583204690844557, -0.4427697058416012, -0.5237411810375859, 0.02215355285521487, 0.052739867074607046, 0.5875907572117889, 0.20427991095547157, 0.0005575446516978069], [-0.23053542403872085, 0.791613433213824, 0.49606102957295867, -0.2826706548040316, 0.5750478599081916, -0.25844588308362215, -0.5913162842905298, -0.04152037112274563, -0.0752895437179099, 0.550274242807314, -0.01763187320124507], [-0.6827069778743727, -0.24356968237812127, -0.5005543042684011, -0.2749473864356555, 0.20053557159658444, 0.36867659375720785, 0.17895505932428787, 0.6356952403960322, 0.4348336597884943, 0.39865255221364293, -0.13600389209812186]], "inverted": false, "swapped": true, "error_lsq": 0.04395650311414028, "error_max": 0.21635141254919604, "target": "57.xyz", "model": "24.xyz", "model_rescale": 3.7841303162186577, "target_rescale": 4.2362255365563355},
{"mapping": [3, 2, 12, 8, 14, 9, 4, 11, 13, 6, 7, 10, 0, 1, 15], "R": [[-0.3871897801417431, 0.5754403461193625, 0.7203835660339686], [0.7853159312824167, 0.6152008359294455, -0.06933123066657942], [-0.4830765593855903, 0.5388843470817649, -0.6901019477167419]], "T": [-0.0013649390647688699, 0.019684087834693813, 0.12279601756265004], "aligned_model": [[0.1238290822923524, 0.05957071547468892, 0.6324304344833518, -0.3077228759557765, 0.7522622202272461, 0.3852729102286753, -0.3706367272064596, 0.16241856870461685, 0.6238186442686517, -0.37938004569517614, -0.30112230792778805, 0.23656989243792592, -0.590074528569411, -0.6891184682465125, -0.02597707756625496], [-0.002658083119454358, -0.7316126834863511, -0.341577012674317, -0.3591457587222221, 0.08610390326332885, -0.25590289096659113, -0.40324368363482666, 0.6890195211060267, 0.2612402024674656, 0.26135051470528037, 0.584672249790254, 0.5081969648915079, 0.20998122054486792, -0.24930047535074837, 0.04014584234394245], [-0.6727095902407393, 0.1479562110365377, -0.08448579098829934, 0.4575952790618536, 0.3614033837658658, 0.4644152487763564, -0.36860482641385206, -0.215719284178525, -0.2806840041050205, -0.4435328352480067, 0.2400114464218951, 0.6795700203543187, 0.5209642858351926, 0.21042467537045376, 0.06128806003430669]], "inverted": false, "swapped": false, "error_lsq": 0.03985246707884733, "error_max": 0.2488609018399122, "target": "57.xyz", "model": "25.xyz", "model_rescale": 4.19342608120988, "target_rescale": 4.2362255365563355},
{"mapping": [3, 6, 13, 11, 12, 5, 10, 4, 9, 2, 0, 14], "R": [[-0.10569000005912704, -0.2704565197797467, -0.9569132117366387], [0.574285597367265, 0.769000265895408, -0.28077507672390584], [0.811803964355943, -0.5792165933063547, 0.07404364587562899]], "T": [0.06294891185264795, 0.06612471924057332, 0.00766200687297823], "aligned_model": [[-0.19878062460965046, 0.5488890166629055, 0.04191054636013662, -0.6895393758298755, -0.5289086651530247, -0.4433469435284694, -0.20170780733450272, -0.32003881154586766, 0.5413897646354905, 0.14733648469828914, 0.6126701612805197, 0.0879348089958298], [-0.6860740767933086, -0.382257451045096, -0.4893560459754797, 0.3791627335049099, -0.17504725600071347, -0.11683553933699099, 0.3594980152162692, 0.4869819541577414, -0.048777204849171044, 0.19904672029326992, 0.40436626186477476, 0.08206831670477477], [0.007794667312728147, 0.02053251133904994, -0.472747716698094, -0.031954659477973296, -0.40382821068660985, 0.3861259349167973, -0.6602228837449736, 0.5307062070889892, -0.5569903987998082, 0.686355774719304, -0.10354304988856788, 0.04703028512857949]], "inverted": false, "swapped": true, "error_lsq": 0.04935388014802636, "error_max": 0.25651616611275524, "target": "57.xyz", "model": "26.xyz", "model_rescale": 3.795458400668931, "target_rescale": 4.2362255365563355},
{"mapping": [13, 6, 9, 10, 7, 5, 1, 12, 2, 0, 11, 8, 14], "R": [[-0.2379264711021865, -0.12620261355753362, -0.9630492690823811], [0.7124890036853324, 0.6511916956096422, -0.2613595133078612], [0.6601139401469593, -0.7483463609187175, -0.0650177677513592]], "T": [-0.06885512189983595, -0.09555308726483218, -0.014103840905176385], "aligned_model": [[-0.017952847118285153, 0.3888469554047009, 0.5042484042267354, -0.18986317239340872, -0.18315377109526557, -0.6445862893169121, -0.1718678954191139, -0.5794805988819787, -0.11107900514161786, 0.5040276003157962, -0.7878472744368705, 0.0396805279853516, -0.05129625130787495], [-0.7291130201141102, -0.5347596067103743, -0.3118643579465946, 0.07181051236991585, 0.6046201913069381, -0.2059611746913475, -0.4782114066649725, -0.40675644184698895, 0.15847325868316736, 0.2160949535729894, 0.20605507746888668, 0.6042421432541231, -0.07274862542471823], [-0.3826221793353345, 0.17286259374539634, -0.44503564933952244, -0.7621197325487619, -0.2995192248869294, 0.2848753746276318, 0.584347456075736, -0.4833560189519265, 0.6332774305078648, -0.07450452887669592, -0.25469415925322914, 0.2927291753319109, 0.025896125003286044]], "inverted": false, "swapped": true, "error_lsq": 0.04701042865180771, "error_max": 0.22711827337643914, "target": "57.xyz", "model": "27.xyz", "model_rescale": 3.6321398670334006, "target_rescale": 4.2362255365563355},
