[{"mapping": [0, 1, 12, 2, 9, 7, 8, 4, 11, 3, 5, 13], "R": [[0.02982280667415424, 0.9971318044062792, 0.06956123089447061], [-0.33638154346226556, 0.07554500674501666, -0.9386907952962144], [-0.9412534501503937, 0.0045952799015099854, 0.33766969953285253]], "T": [-0.03707484808339391, 0.1071891374538934, -0.085750968863391], "aligned_model": [[-0.7085297396356413, -0.43569404017417174, -0.1291528811646681, -0.4736746015766676, -0.05021866143613799, 0.42811652457304594, 0.6597696163818275, 0.2572605850774231, 0.6135250712962729, -0.33218873950378724, 0.22569199057264988, 0.0851610164111631], [-0.27003373045450213, 0.3021051481938603, -0.18452738167020127, -0.09830637633022708, -0.6252908239163089, -0.407957935523164, 0.1307274358975143, -0.16765519755029734, 0.14953415293451358, 0.4088318860395924, 0.7986531267231137, 0.0033062623619205395], [-0.1333290217675565, -0.4547422992182984, -0.5772211269275518, 0.5129229778504415, -0.09234779581896342, 0.21360661411164678, 0.2669994705031078, 0.7809851333691274, -0.3347258378971914, 0.22266392882170682, -0.24459806669083534, -0.05735019511877126]], "inverted": false, "swapped": false, "error_lsq": 0.052468370778650436, "error_max": 0.29642538681064795, "target": "570.xyz", "model": "0.xyz", "model_rescale": 3.8414455957264533, "target_rescale": 4.034507531130836},
{"mapping": [11, 12, 1, 13, 0, 4, 2, 7, 5, 8, 10, 14], "R": [[0.08737468119944562, -0.9958547183335488, -0.025279340539340084], [0.9813593812458877, 0.09040780940055466, -0.16958830396015395], [0.17117076247415572, -0.009990393996317723, 0.9851907237189227]], "T": [0.10154453685482728, 0.04348850306527373, 0.09465291793404772], "aligned_model": [[-0.6184108267563027, -0.49349929623309, -0.03635292380650296, -0.5641351357456508, -0.08542601465085292, 0.46486077089765765, 0.8050553476546431, 0.24210550105671905, 0.6026565591654718, -0.3656562881619729, 0.10094182163214122, 0.08792662576904786], [-0.1847486051168396, 0.3751922859920936, -0.4070463510881759, -0.048025290928293426, -0.6516608282893561, -0.35475009536891744, 0.07139945800336098, -0.3279828474212958, 0.31975170421799226, 0.64906591153712, 0.5652925978106723, 0.03289862735745346], [-0.3001096676616567, -0.24912750757495222, -0.6309506423554733, 0.4458548536273939, 0.18024958547455322, 0.02237174717500981, 0.3157823942610639, 0.5998327406164667, -0.23228464455622688, 0.2928997059350519, -0.34818048623922093, 0.0065257025148528075]], "inverted": false, "swapped": false, "error_lsq": 0.042232964768501545, "error_max": 0.27984383839897947, "target": "570.xyz", "model": "1.xyz", "model_rescale": 4.316132596720782, "target_rescale": 4.034507531130836},
{"mapping": [8, 10, 6, 1, 2, 4, 5, 0, 3, 9, 7, 11], "R": [[0.9931349873446269, 0.032658669924471084, -0.11232234056835091], [-0.07585563731946132, -0.5511467363575452, -0.830953185979382], [-0.08904391724787555, 0.8337689645706365, -0.5448857628163561]], "T": [-0.016423867946916325, 0.04337448374801045, 0.03745169128359174], "aligned_model": [[-0.6406982782894052, -0.4298598713658845, 0.05773990628316932, -0.43934322722831876, -0.23049384526015207, 0.5063407119600383, 0.5046759462940456, 0.230321726042536, 0.4787498238739941, -0.17041506209047327, 0.22769384773447657, 0.04535446286728247], [-0.3266461231541445, 0.2604627441226313, -0.33516700119565224, -0.012299745439485282, -0.7379213437378963, -0.5151491848227926, 0.28590568447112596, -0.23285613271746858, 0.20847769830296012, 0.6217747309310625, 0.8618610666470853, -0.0390558267016117], [-0.20831715717404004, -0.3858438991420128, -0.6887039681780045, 0.3730658434795229, 0.24834568482353345, -0.05793298661417323, 0.32967332325295384, 0.6430318403640738, -0.36074543616860844, 0.4752774230728941, -0.22890779190492097, -0.03607909459435561]], "inverted": true, "swapped": false, "error_lsq": 0.0521965463790609, "error_max": 0.2835535342313578, "target": "570.xyz", "model": "2.xyz", "model_rescale": 3.795458400668931, "target_rescale": 4.034507531130836},
{"mapping": [10, 5, 2, 4, 0, 1, 8, 7, 6, 9, 3, 11], "R": [[-0.016668425982328428, 0.9556761667780986, -0.2939476617147886], [-0.4812744643199831, -0.26535934502813296, -0.8354395896770479], [-0.876411463622416, 0.1275440404666577, 0.46436565783082473]], "T": [0.0008067817379368968, -0.07036182944034047, -0.007194447000734445], "aligned_model": [[-0.5944833901124459, -0.4539887215291758, 0.10813005990980705, -0.5738295887972141, -0.12857911271652536, 0.5205162992888128, 0.6569577513774816, 0.1357464457660121, 0.3774113288663604, -0.05490907024132627, 0.18436502087062473, -0.03727088186110291], [-0.25289516905625825, 0.446015477139265, -0.395617818030591, -0.17739623452919567, -0.7896120701291329, -0.4254713080182773, 0.3386705820878403, -0.08552092285922497, 0.1838563969734806, 0.6643649462956367, 0.6853492687725626, -0.1523565819402913], [-0.39619563803639807, -0.14981332024978947, -0.6930629236517617, 0.25603817086616304, 0.2723521962648826, -0.0154477827380617, 0.10559441943501753, 0.744379757968196, -0.38247887921463564, 0.45283484735138946, -0.18685282955029534, 0.09551576277215522]], "inverted": true, "swapped": false, "error_lsq": 0.06333180961330043, "error_max": 0.30621398108912984, "target": "570.xyz", "model": "3.xyz", "model_rescale": 3.7530521520055578, "target_rescale": 4.034507531130836},
{"mapping": [4, 2, 0, 1, 3, 10, 7, 5, 6, 9, 11], "R": [[0.8644538450702858, -0.47857082484379515, -0.15391398686125923], [-0.36635576233576905, -0.8093794641221705, 0.45900799389627805], [-0.3442426544555103, -0.3404039492509417, -0.874998369248644]], "T": [-0.09883174940662431, -0.002125427037249994, -0.006224050571475454], "aligned_model": [[-0.412913582848022, -0.2511762423979113, 0.2963409574341433, 0.4758348866943414, 0.3476111086166122, -0.04350468996333418, -0.3352525386986099, -0.6698045147601627, -0.43296016185151304, 0.5167418507448307, -0.15271747052516926], [-0.5983404116666111, -0.1405312834428053, -0.31982892083366393, 0.3473097642620125, -0.5125981338711767, 0.7808461491085723, -0.44381327326088604, -0.10235274252222389, 0.2259765538806217, 0.25239794974269086, -0.021862293082184146], [-0.15473711533808193, -0.7912276200246416, -0.531616855528721, -0.33092088995291274, 0.13032542332089628, 0.06201831111292606, 0.5428576710004323, 0.11466141048083986, 0.5651332921771458, 0.4509170024410294, 0.03542014755640398]], "inverted": true, "swapped": true, "error_lsq": 0.053290364509402166, "error_max": 0.25133328938529226, "target": "570.xyz", "model": "4.xyz", "model_rescale": 3.7855080009869324, "target_rescale": 4.034507531130836},
{"mapping": [1, 6, 0, 12, 2, 9, 15, 14, 10, 13, 8, 16], "R": [[0.6893381782082775, 0.5258501303146221, -0.4982915978747667], [-0.07326173411526982, 0.7349059831044635, 0.6742002034349187], [0.720725741443246, -0.42824623342810286, 0.5451234439791839]], "T": [-0.02517797081791938, 0.028441121120572718, -0.12351006010101528], "aligned_model": [[-0.6609802641519373, -0.3926359623737953, -0.2762885923052157, -0.4655381694568712, 0.016766977142143605, 0.5560549833868266, 0.5647377546385316, 0.11655819299966803, 0.6391640195368438, -0.2286943457820581, 0.27580542371875716, -0.0048838765315850526], [-0.37359991207329607, 0.5211607640564866, -0.5413779383949042, -0.07847606141252884, -0.6764317683738109, -0.3216511262384345, 0.3418312795764234, -0.21379203523209056, 0.1794552428306721, 0.5418978127354782, 0.660788061609979, -0.0004177523781603576], [-0.20849470817924093, -0.3432349926275493, -0.5933223401764456, 0.3841481660157289, 0.09370070983260878, 0.09216954147174777, 0.35929854807417216, 0.492063945492601, -0.3819839059150234, 0.3453299444130305, -0.05382349733252517, -0.08298762985224255]], "inverted": false, "swapped": false, "error_lsq": 0.03886287720371857, "error_max": 0.23878702415468497, "target": "570.xyz", "model": "5.xyz", "model_rescale": 4.2253639853439635, "target_rescale": 4.034507531130836},
{"mapping": [12, 9, 11, 7, 6, 2, 4, 3, 10, 0, 1, 13], "R": [[-0.9155090760697465, -0.34074853790524995, -0.21385407536297626], [0.10651451268210199, 0.307300966712844, -0.9456324732397073], [0.38794044674667966, -0.8885136744996026, -0.24504215964849924]], "T": [0.06358169231415434, 0.03493487059533695, -0.12327684745661407], "aligned_model": [[-0.8144684439484932, -0.3134561231383807, -0.27808305240275505, -0.4642030098669201, -0.014251737222886848, 0.6186475030383235, 0.5109403396542742, 0.09932700321681671, 0.7649186360626843, -0.3702835609981606, 0.32919881225425573, 0.07177977417255009], [-0.27996212835621387, 0.458306769404656, -0.5184584156405904, -0.22291280415104753, -0.5685479175459517, -0.295258963220325, 0.30144327184399444, -0.21167897367448027, 0.14058952544319048, 0.5050691745919225, 0.7190658574833607, 0.011731170527298756], [-0.15808493171134957, -0.3495402967867143, -0.5505646448247562, 0.4099670937170564, 0.08521403912317874, 0.05850761258457929, 0.35605062402862064, 0.5407362226416155, -0.4480476275948392, 0.3602490851473015, -0.13414516529383838, -0.06747822981399199]], "inverted": false, "swapped": false, "error_lsq": 0.043868491265239416, "error_max": 0.20237008779683952, "target": "570.xyz", "model": "6.xyz", "model_rescale": 3.89814844738969, "target_rescale": 4.034507531130836},
{"mapping": [3, 7, 0, 8, 6, 5, 10, 9, 2, 11, 4, 12], "R": [[-0.26732561553839035, -0.8851945264296203, 0.38074619585238306], [-0.7816427655179324, -0.03187767994921914, -0.6229112301400046], [0.5635349167447385, -0.46412763750944164, -0.683384177245424]], "T": [-0.01084651171824842, 0.030623048186828494, -0.07837976414885255], "aligned_model": [[-0.6735696176959897, -0.5161912332840213, -0.0578129893148734, -0.4902825214893275, -0.15645087983660244, 0.5025840245046393, 0.6008401687286781, 0.2460756043252592, 0.6199305452266005, -0.22823309438490702, 0.16501184148539388, 0.12816429255645836], [-0.3740106489260743, 0.33243370390968013, -0.23852038267423903, -0.07538538328664256, -0.6155311476042673, -0.49816567588578964, 0.26494988874227565, -0.23733311872337864, 0.17254425294403608, 0.572526063470061, 0.6147215135125688, 0.12115750122758383], [-0.30075690468688226, -0.3696042823881483, -0.6040853386625801, 0.38701264802183816, 0.058221752219727294, 0.16523504203574396, 0.2530323657004455, 0.7341080191052279, -0.36738931519037765, 0.4823559712260767, -0.2867030964880118, -0.04856307967619715]], "inverted": true, "swapped": false, "error_lsq": 0.043795122961442334, "error_max": 0.25443078266618374, "target": "570.xyz", "model": "7.xyz", "model_rescale": 3.7474275329858107, "target_rescale": 4.034507531130836},
{"mapping": [1, 2, 0, 12, 10, 7, 9, 11, 5, 4, 8, 14], "R": [[-0.4836849683549327, -0.5424723545872308, 0.6868570418188008], [0.7865843160647059, -0.6135802361691252, 0.06931383342204844], [0.3838410675116807, 0.5737970357985711, 0.7234797831316828]], "T": [-0.04123892067067897, -0.03169456998492306, 0.007119093674878648], "aligned_model": [[-0.7153710005385454, -0.4989886243149561, -0.2040461539751971, -0.38855747880476094, 0.12467134422219639, 0.5712566020855043, 0.5922677830318834, 0.2155069029738338, 0.5942827633629706, -0.25422762503781027, 0.1904177881287077, -0.08714616031251797], [-0.09654222323033942, 0.5459705522958994, -0.4290095163392404, -0.3129456842389905, -0.765933101100168, -0.31873708460687644, 0.20974071549944498, -0.20943647804042936, 0.1163213895460552, 0.6979952194489837, 0.5962402293567717, 0.005722548114703005], [-0.318676150015755, -0.3995229001768446, -0.4927287589904655, 0.43245454799988964, 0.10002185529780107, 0.08670214040691013, 0.35456505979823727, 0.5446777897739703, -0.28821957441490237, 0.19263046489895538, -0.12419493033042783, 0.015154236969493607]], "inverted": false, "swapped": false, "error_lsq": 0.04311678814200517, "error_max": 0.21105795622319698, "target": "570.xyz", "model": "8.xyz", "model_rescale": 4.019505241142653, "target_rescale": 4.034507531130836},
{"mapping": [3, 5, 4, 2, 0, 7, 9, 1, 8, 6, 11, 12], "R": [[-0.4338355707083897, -0.16809726288472998, 0.8851723040170133], [0.4822353445408241, 0.7865552612844964, 0.3857199676206436], [-0.7610754036649184, 0.594200413291963, -0.2601732091894588]], "T": [0.008818003230624252, 0.08457639909932414, 0.14391141233710766], "aligned_model": [[-0.6698074477744055, -0.3707384438041556, -0.049801594363197955, -0.5174234657319271, -0.02061873917501037, 0.5460490611943125, 0.6661394712321858, 0.21309811659178385, 0.5154700335076042, -0.39341238362559944, 0.22046607483000913, 0.0006454579397084676], [-0.2535430228122276, 0.34371799461629393, -0.3898920407133255, -0.10916389292006083, -0.5619719118450903, -0.5528504553422808, 0.25375368646396085, -0.1729253102037288, 0.1271077051109804, 0.6405346895186325, 0.6081520159656538, 0.1064671088670063], [-0.26056795860309867, -0.34527899653167937, -0.5336121028583498, 0.3323438347304889, 0.08263468035376138, -0.2091520177595155, 0.22544419454560297, 0.7340536046617323, -0.3006465024628189, 0.38304094453760745, -0.11747564014310494, 0.11207974074623614]], "inverted": false, "swapped": false, "error_lsq": 0.05017206666827464, "error_max": 0.366389868085712, "target": "570.xyz", "model": "9.xyz", "model_rescale": 3.877068213659057, "target_rescale": 4.034507531130836},
{"mapping": [2, 9, 7, 13, 4, 5, 12, 3, 0, 10, 11, 15], "R": [[0.5989945206408503, -0.1585350740895033, -0.7849026656380229], [0.2748755305991112, 0.9613533337901788, 0.015595200811997396], [0.7520964079957404, -0.22509197652058843, 0.619422791949053]], "T": [-0.04443972723668161, 0.016643761512465473, 0.041515412051436294], "aligned_model": [[-0.6250566469742163, -0.4923489515040054, -0.1424328515986708, -0.6131496023451661, -0.10828937803167007, 0.649111853885171, 0.5770215756611479, 0.1808452923865262, 0.6427644946390256, -0.21066006486771885, 0.24773204880068472, 0.03452837077020048], [-0.2073034329678196, 0.35866387408276645, -0.4939046658233083, -0.17086935875285808, -0.6563284634186324, -0.34010304646671385, 0.31210140497242933, -0.373860829951091, 0.23176586931176796, 0.6842800588844548, 0.6518060022904846, 0.043139154544334216], [-0.18889076093099885, -0.3020611781192214, -0.5877891408794578, 0.5304391317113907, 0.00801487012123906, 0.0936053493001461, 0.3325237377659204, 0.48818549914869963, -0.29795310166666866, 0.21426770074574863, -0.1948314885855745, 0.007353162605638779]], "inverted": false, "swapped": false, "error_lsq": 0.035909569669489314, "error_max": 0.18935374733064522, "target": "570.xyz", "model": "10.xyz", "model_rescale": 4.260839863003843, "target_rescale": 4.034507531130836},
{"mapping": [5, 3, 6, 4, 10, 7, 8, 9, 7, 2, 1, 11], "R": [[-0.8935654070525529, 0.2516464138644847, -0.37177270705116305], [0.15929572422601404, 0.9519680360133465, 0.26149900698129175], [0.41972102111082676, 0.17444466399989558, -0.8907319033467076]], "T": [-0.002262144133286721, 0.021949958334716916, 0.00189361783224201], "aligned_model": [[-0.5820274117074739, -0.47327528093949356, -0.09444751616807519, -0.5510963435692136, 0.12231573950610532, 0.5441890277568255, 0.5358313683976762, 0.01590469968982651, 0.5441890277568255, -0.1933726341855084, 0.23550818996762196, 0.03634727431619175], [-0.23658818672240872, 0.46727052593863194, -0.5126380657402995, -0.15779187345240167, -0.5764583427139915, -0.09600462316554267, 0.15710241032828343, -0.20577611101210339, -0.09600462316554267, 0.57298395111516, 0.6731129884358006, 0.050178516860227645], [-0.22971200453679624, -0.2873628227834705, -0.6376162228681221, 0.45197889201543245, 0.1423274036037901, -0.34028099070156914, 0.4577473153613507, 0.7657941769906738, -0.34028099070156914, 0.3627196777751059, -0.20477669835372836, -0.03767395458423525]], "inverted": true, "swapped": false, "error_lsq": 0.057528986447546726, "error_max": 0.4611237237609126, "target": "570.xyz", "model": "11.xyz", "model_rescale": 3.890672605050136, "target_rescale": 4.034507531130836},
{"mapping": [7, 8, 3, 12, 4, 2, 11, 10, 1, 9, 6, 13], "R": [[0.16687842625200666, 0.6486718223102549, -0.7425472764695501], [-0.9106023929827526, -0.18739913984688394, -0.3683542374925698], [-0.37809373539604973, 0.7376357023120158, 0.5594092401175733]], "T": [0.03818274465859107, 0.13799284492737976, -0.03967563228125674], "aligned_model": [[-0.7258723243966155, -0.3539894474109389, -0.27262651257047854, -0.4231422211717198, 0.14274030086069694, 0.5310973458594128, 0.42628850799721696, 0.14831521316438867, 0.6947303790753986, -0.17844368088282425, 0.2164739812965005, -0.06550540099972946], [-0.23778577767816492, 0.3333257202512586, -0.4283614175828804, -0.1676546717248614, -0.5544683586457668, -0.2916980567209835, 0.2222108103901943, -0.33833118740186674, 0.17652582742019257, 0.6592510434876442, 0.6592902610385915, 0.0070823738724572205], [-0.08411039930128499, -0.6117220337411543, -0.6997541207651704, 0.45921415335386023, -0.06462042757434455, 0.23954660650057708, 0.3411700249762452, 0.7090077187083242, -0.4553181510304107, 0.49621922514159517, -0.20855305183596334, -0.018215763215411032]], "inverted": false, "swapped": false, "error_lsq": 0.04940964611049714, "error_max": 0.30720134696181706, "target": "570.xyz", "model": "12.xyz", "model_rescale": 4.124412569039231, "target_rescale": 4.034507531130836},
{"mapping": [2, 4, 11, 1, 8, 9, 3, 6, 7, 0, 5, 12], "R": [[-0.459710331985852, -0.44730843340461085, -0.7671907038478575], [0.017607749875808418, -0.8683075692889801, 0.4957135586805894], [-0.8878943505900739, 0.21437614261054336, 0.40704605595639326]], "T": [0.10232633354322551, 0.09054529689178516, 0.027316263280062196], "aligned_model": [[-0.6106623823697692, -0.5333113613452806, -0.09306902240292503, -0.5374006053171835, -0.09447370525854712, 0.588402173727324, 0.5190992114309978, 0.13666615423292774, 0.5645560103443175, -0.026629717646730278, 0.18347137757967158, 0.04341800784650514], [-0.2643202983682447, 0.46623817959530794, -0.6672524310292879, -0.10932692434389389, -0.5993229498888336, -0.3246216354842312, 0.23825721220907986, -0.3238866594835942, 0.22231111971444206, 0.5788659388366102, 0.7575495635951681, 0.06489545135329142], [-0.3014891714840313, -0.24304614992168155, -0.5875952098352404, 0.4895552034217808, 0.04305372527043868, 0.02449352503444962, 0.5869902166639652, 0.5514152472839948, -0.3752494684163533, 0.31311458536420755, -0.32235024798462547, -0.07602847418004266]], "inverted": false, "swapped": false, "error_lsq": 0.046595939619640175, "error_max": 0.274137908622646, "target": "570.xyz", "model": "13.xyz", "model_rescale": 3.9028299243045295, "target_rescale": 4.034507531130836},
{"mapping": [6, 1, 9, 3, 7, 10, 5, 4, 13, 2, 12, 15], "R": [[-0.7699626457995503, 0.1072567767775387, -0.629009942615099], [-0.6335957059788004, -0.2452913070680669, 0.7337497230269089], [-0.07559104072958933, 0.9634978767553841, 0.25682257698513383]], "T": [0.00971965451891146, 0.11966479618495206, 0.04929626130234511], "aligned_model": [[-0.5889820399578694, -0.4362962842155932, -0.18723933465960405, -0.38619436514947386, -0.06449480003050798, 0.5049876131981537, 0.46227959662480594, 0.24655344396014986, 0.7561860331926056, -0.4571775508389846, 0.3067176872185075, -0.016273858520880997], [-0.11435133608287833, 0.3775958834937185, -0.4073217512651278, -0.15667525431467166, -0.7819108140239789, -0.43371038715063337, 0.2511205988098091, -0.2446690993775016, 0.2394863382216113, 0.6324532953270416, 0.6538177357024383, 0.02355135736598664], [-0.127341767214376, -0.34660788408805426, -0.48393707585136736, 0.4437296660211114, 0.001530272884887919, -0.012656604837796702, 0.2493230205434947, 0.5694249401943084, -0.19785166073822655, 0.29669214714601577, -0.2834395118545021, -0.006001760988633011]], "inverted": true, "swapped": false, "error_lsq": 0.04161923710944505, "error_max": 0.19497891784310303, "target": "570.xyz", "model": "14.xyz", "model_rescale": 3.942246331269136, "target_rescale": 4.034507531130836},
{"mapping": [10, 11, 9, 4, 5, 1, 12, 3, 0, 13, 8, 14], "R": [[0.7978949068497071, 0.2752246681407481, 0.5362975849937353], [0.5666828666779639, -0.0391601947362937, -0.8230048649685257], [-0.20550972297422487, 0.960582042927636, -0.18721082385382182]], "T": [-0.03086796945090637, -0.021435595970282863, -0.0962133340167263], "aligned_model": [[-0.7003845092628761, -0.49777946570082315, -0.2716283559079975, -0.4552427509993808, 0.239166914013625, 0.6044298977663218, 0.4108721351645058, 0.06009138523263887, 0.6414703922410785, -0.15165867425265095, 0.19396238422478584, 0.06676678830208094], [-0.25900552340325506, 0.5163783797263195, -0.5037816201984723, -0.025492474318004367, -0.5931575836635414, -0.2759291709073789, 0.2837253796419302, -0.3575599575586082, 0.08790514527321405, 0.5783055438293285, 0.6089171290667929, -0.020918680782510878], [-0.1618536306405348, -0.179043321772542, -0.6941590300098096, 0.30820422673745407, -0.04148958515500442, 0.3376888162494327, 0.5200810088913647, 0.5325113591861417, -0.3732028871950329, 0.43918373113275433, -0.4847331924437923, -0.10032371376356883]], "inverted": true, "swapped": false, "error_lsq": 0.05770493890040978, "error_max": 0.2959361140722532, "target": "570.xyz", "model": "15.xyz", "model_rescale": 4.355366556412066, "target_rescale": 4.034507531130836},
{"mapping": [8, 10, 6, 1, 2, 4, 5, 0, 3, 9, 7, 11], "R": [[0.9931349873446269, 0.032658669924471084, -0.11232234056835091], [-0.07585563731946132, -0.5511467363575452, -0.830953185979382], [-0.08904391724787555, 0.8337689645706365, -0.5448857628163561]], "T": [-0.016423867946916325, 0.04337448374801045, 0.03745169128359174], "aligned_model": [[-0.6406982782894052, -0.4298598713658845, 0.05773990628316932, -0.43934322722831876, -0.23049384526015207, 0.5063407119600383, 0.5046759462940456, 0.230321726042536, 0.4787498238739941, -0.17041506209047327, 0.22769384773447657, 0.04535446286728247], [-0.3266461231541445, 0.2604627441226313, -0.33516700119565224, -0.012299745439485282, -0.7379213437378963, -0.5151491848227926, 0.28590568447112596, -0.23285613271746858, 0.20847769830296012, 0.6217747309310625, 0.8618610666470853, -0.0390558267016117], [-0.20831715717404004, -0.3858438991420128, -0.6887039681780045, 0.3730658434795229, 0.24834568482353345, -0.05793298661417323, 0.32967332325295384, 0.6430318403640738, -0.36074543616860844, 0.4752774230728941, -0.22890779190492097, -0.03607909459435561]], "inverted": true, "swapped": false, "error_lsq": 0.0521965463790609, "error_max": 0.2835535342313578, "target": "570.xyz", "model": "16.xyz", "model_rescale": 3.795458400668931, "target_rescale": 4.034507531130836},
{"mapping": [3, 7, 0, 8, 6, 5, 10, 9, 2, 11, 4, 12], "R": [[-0.26732561553839035, -0.8851945264296203, 0.38074619585238306], [-0.7816427655179324, -0.03187767994921914, -0.6229112301400046], [0.5635349167447385, -0.46412763750944164, -0.683384177245424]], "T": [-0.01084651171824842, 0.030623048186828494, -0.07837976414885255], "aligned_model": [[-0.6735696176959897, -0.5161912332840213, -0.0578129893148734, -0.4902825214893275, -0.15645087983660244, 0.5025840245046393, 0.6008401687286781, 0.2460756043252592, 0.6199305452266005, -0.22823309438490702, 0.16501184148539388, 0.12816429255645836], [-0.3740106489260743, 0.33243370390968013, -0.23852038267423903, -0.07538538328664256, -0.6155311476042673, -0.49816567588578964, 0.26494988874227565, -0.23733311872337864, 0.17254425294403608, 0.572526063470061, 0.6147215135125688, 0.12115750122758383], [-0.30075690468688226, -0.3696042823881483, -0.6040853386625801, 0.38701264802183816, 0.058221752219727294, 0.16523504203574396, 0.2530323657004455, 0.7341080191052279, -0.36738931519037765, 0.4823559712260767, -0.2867030964880118, -0.04856307967619715]], "inverted": true, "swapped": false, "error_lsq": 0.043795122961442334, "error_max": 0.25443078266618374, "target": "570.xyz", "model": "17.xyz", "model_rescale": 3.7474275329858107, "target_rescale": 4.034507531130836},
{"mapping": [2, 9, 0, 7, 1, 3, 10, 11, 8, 12, 5, 13], "R": [[-0.7784014785919693, -0.522189256901546, -0.3484386862884878], [-0.27564909552537886, -0.21436529241400532, 0.9370512779695135], [-0.5640112713961278, 0.8254489090094366, 0.0229212642158807]], "T": [-0.014271748991027273, 0.019047663768548485, -0.03791805340512195], "aligned_model": [[-0.5671009717695861, -0.4844754503084953, 0.004998660645603602, -0.5389676978981194, -0.05747121064266077, 0.5296825695444718, 0.5428653095539718, 0.15718354314206828, 0.5867217793847049, -0.19438311723429366, 0.22938595348472812, -0.06837322708108434], [-0.3468615812502148, 0.47083081957053513, -0.45652708331249087, -0.04361839466360244, -0.6578938645901059, -0.3639533928391782, 0.3118066819932335, -0.1750218816593569, 0.038716826794827366, 0.5989573054048424, 0.6950968779344209, -0.03214574667709588], [-0.29153784494658597, -0.1880001151481103, -0.725376926380161, 0.49891190883372455, 0.097737357493724, 0.0962947302377932, 0.24550711433303302, 0.6363791778979697, -0.43196672310854, 0.39854686601029143, -0.1204306022703476, -0.11320116173592878]], "inverted": false, "swapped": false, "error_lsq": 0.04307937829063205, "error_max": 0.209580383789767, "target": "570.xyz", "model": "18.xyz", "model_rescale": 3.922800546911778, "target_rescale": 4.034507531130836},
{"mapping": [5, 12, 0, 8, 1, 2, 10, 6, 9, 13, 7, 14], "R": [[0.9225588670445986, -0.014270354191377399, -0.38559239337497314], [0.38294377395485146, 0.1564149595540112, 0.910433098265289], [0.047320215834281976, -0.9875883339828241, 0.14976675116469368]], "T": [-0.023293201586304386, 0.036807166196295385, 0.08120426049943644], "aligned_model": [[-0.6353547609565197, -0.5622388172718712, -0.07777452695289552, -0.5071933045355519, 0.0022080567367166667, 0.5711297557985733, 0.6981246273370406, 0.07568865996321264, 0.6869138859555372, -0.24271558198120943, 0.12476863500136601, 0.006509511726909806], [-0.28278900655727135, 0.4231811870608737, -0.44398095481931277, -0.04406326232221909, -0.6990924158302965, -0.27997695187247357, 0.025826146819481463, -0.30495141924947755, 0.20472654702287962, 0.6363973618702551, 0.696223222357226, 0.1078861122261488], [-0.24402282030455827, -0.3417221916181359, -0.6002039897833576, 0.4468424945212063, 0.15726025916407832, -0.16259511001040428, 0.4418098353153005, 0.6721115563347547, -0.27956181365823085, 0.3345008515812784, -0.34477599312989105, 0.023220702804821997]], "inverted": false, "swapped": false, "error_lsq": 0.0407826284747335, "error_max": 0.2522913854482238, "target": "570.xyz", "model": "19.xyz", "model_rescale": 3.9282355846067225, "target_rescale": 4.034507531130836},
{"mapping": [5, 7, 6, 1, 3, 4, 11, 0, 8, 10, 9, 13], "R": [[0.7144240158795444, -0.5327572954044439, -0.45361656685783325], [-0.5498974895847675, -0.02661094748002027, -0.8348081267109148], [0.43267895313143634, 0.8458495857228744, -0.31197339926590967]], "T": [-0.034705468804678306, 0.08098338296012123, -0.10868623270547836], "aligned_model": [[-0.5732043061534376, -0.4361087934233211, -0.13138373541275114, -0.4295721008945213, -0.060329161529166946, 0.47768265529893694, 0.4659802607984934, 0.1694213526530019, 0.608774245777779, -0.24489524872451054, 0.38593854783550574, -0.09223757540469948], [-0.35142390062732276, 0.383442986536524, -0.32149061685621905, -0.2359606381866066, -0.6376284988912406, -0.2659465685308632, 0.2655822055188781, -0.19725732631371948, 0.08525385715438422, 0.630634639344771, 0.6225126116768969, 0.061667815880331336], [-0.21228688677269086, -0.4767777098808248, -0.6141682267414275, 0.4436973537885267, 0.11333957384583793, 0.019633149991968163, 0.3694353482837246, 0.6131941844421356, -0.5143180843877907, 0.5205498928972193, -0.1994029949273058, 0.039968180677489556]], "inverted": true, "swapped": false, "error_lsq": 0.040418458262952026, "error_max": 0.2093018341036523, "target": "570.xyz", "model": "20.xyz", "model_rescale": 4.067790424073018, "target_rescale": 4.034507531130836},
{"mapping": [7, 12, 1, 0, 8, 5, 6, 4, 13, 3, 11, 14], "R": [[0.7565425552619031, 0.019493161418293187, -0.6536538676820561], [-0.4105518069805445, 0.7921800535260225, -0.4515506356772383], [0.5090094064580736, 0.6099760482620844, 0.6073208745661319]], "T": [0.014726281091750726, 0.023574853597546845, 0.01103930656104317], "aligned_model": [[-0.5277950909722693, -0.4434985939033887, -0.009299453566531127, -0.6008183823346067, -0.07401853156702415, 0.4321181620600698, 0.5206679057890409, 0.3327173039130871, 0.5329822296933733, -0.22435208191187744, 0.19237110032959762, 0.008991573291836981], [-0.4420667334329872, 0.5568963375966274, -0.5048792957810957, -0.06437268851016836, -0.532102779169654, -0.39212709848286476, 0.3211005297825496, -0.3967828015373321, 0.08670915875621515, 0.7400130963791779, 0.615781010715649, 0.051217830389697114], [-0.20229711904472386, -0.29328293307713166, -0.6162278433499371, 0.35430017920093937, 0.10331402353948922, -0.026934705554475233, 0.46165937613706076, 0.6149048925243643, -0.45538146519806527, 0.4025783177391044, -0.1780808659444576, -0.06168807575530519]], "inverted": true, "swapped": false, "error_lsq": 0.04642910262378149, "error_max": 0.23025078614239666, "target": "570.xyz", "model": "21.xyz", "model_rescale": 4.186013935880536, "target_rescale": 4.034507531130836},
{"mapping": [7, 1, 10, 6, 4, 11, 5, 3, 8, 0, 2, 12], "R": [[-0.8299887140409501, -0.47989765711889754, -0.2842832623571832], [-0.23354526785118007, -0.16384557378392617, 0.9584420878778941], [-0.5065326666948249, 0.8618891266533122, 0.023912150213235783]], "T": [0.029759809965512134, 0.014991081394514131, -0.07967061208544174], "aligned_model": [[-0.6584031069482774, -0.4637325918610277, -0.24710855576121143, -0.28264816819221944, -0.13464378950366107, 0.5405463743432243, 0.42007184889217014, 0.24890116664529793, 0.6582026443576982, -0.33695393240603894, 0.3555531788354486, 0.04028107241990492], [-0.1955889540562031, 0.4771845967915318, -0.5916623724652395, -0.11488116846853536, -0.6749449495305696, -0.3565729279785493, 0.37849756360353426, -0.30286473609026143, 0.22017826084234807, 0.5349492084445456, 0.6809838141046085, -0.015891768491396556], [-0.22253974218404884, -0.35889389119512777, -0.5812829401015212, 0.36235574789335245, 0.07709634387590697, -0.07786747546094058, 0.4807384579480422, 0.7589493255622486, -0.46777621111098244, 0.26231333238687754, -0.08307114773586212, -0.04715801866108261]], "inverted": true, "swapped": false, "error_lsq": 0.04768793163107125, "error_max": 0.2575442154504017, "target": "570.xyz", "model": "22.xyz", "model_rescale": 4.166573947596378, "target_rescale": 4.034507531130836},
{"mapping": [10, 13, 7, 9, 8, 4, 2, 3, 1, 12, 6, 15], "R": [[-0.15950786348030035, -0.166913725927605, -0.9729835813542357], [0.5756625363089944, 0.7849571442165867, -0.22903040416860918], [0.8019787314999355, -0.5966423466703525, -0.02912085818531629]], "T": [-0.03741459778378889, 0.03217383590844241, 0.08041541940755675], "aligned_model": [[-0.6492640106136232, -0.55198662341979, -0.18630917117683873, -0.40508298325039094, -0.03248424965133925, 0.5367857118385925, 0.5717444542147001, 0.23902544854747562, 0.538490903971256, -0.23366424468173685, 0.3077524480781626, 0.005058456964840578], [-0.14828009048865445, 0.2925403150262256, -0.28015825772588454, -0.2166283015065285, -0.775447199203616, -0.4246542541935598, 0.2504861029521404, -0.17899825997624028, 0.17462617599203786, 0.608704349680265, 0.6862506323647443, 0.05094535378488439], [-0.3120357362433557, -0.5394539748041722, -0.5454189971518999, 0.4846017885842252, 0.12287829181400332, 0.11856792768568104, 0.26500751733061245, 0.5707356196034115, -0.31472916769964276, 0.32224179929950747, -0.09889126411332835, 0.02935997691182056]], "inverted": false, "swapped": false, "error_lsq": 0.04215291786178935, "error_max": 0.25039452161245457, "target": "570.xyz", "model": "23.xyz", "model_rescale": 4.274766983524099, "target_rescale": 4.034507531130836},
{"mapping": [10, 6, 9, 1, 3, 0, 2, 4, 5, 7, 11], "R": [[0.9851506513212964, -0.15659866043579024, -0.07039214267900551], [0.10001644660239722, 0.1901902089393419, 0.9766393371314916], [-0.1395525155998817, -0.9691772510605712, 0.2030284497710093]], "T": [-0.011073103957381314, 0.05132695518651647, 0.006494027159742559], "aligned_model": [[0.16101067556739512, 0.49103757354044714, -0.41777859857142063, -0.5294529984874019, -0.5349778095509543, -0.5839766008944036, -0.0811704750320645, 0.09116600674605288, 0.5245518566142484, 0.21596749049806707, 0.04351758352810938], [-0.07679708034799357, 0.485714296876498, 0.5170621541670885, -0.2593946142749888, 0.3822552127312265, -0.3066772314897809, -0.6852805314789183, 0.01469036864324897, 0.10401698511752563, 0.6522121164383942, 0.08778485486118312], [-0.7516180996592384, -0.2155735925792624, -0.5134793509679704, -0.43226459017861846, 0.3139834034606628, 0.2835304204778834, 0.33979779077964073, 0.6879489128050785, 0.25347250921259584, 0.3804770101043029, 0.03329202056650313]], "inverted": false, "swapped": true, "error_lsq": 0.06103482249843603, "error_max": 0.3278147782191776, "target": "570.xyz", "model": "24.xyz", "model_rescale": 3.7841303162186577, "target_rescale": 4.034507531130836},
{"mapping": [2, 9, 1, 5, 4, 6, 11, 3, 7, 14, 10, 15], "R": [[0.9590980998729948, 0.21741827751478768, -0.18127362583264445], [-0.21050622982288245, 0.9759425417605436, 0.056773958711059995], [0.1892563394599151, -0.01629256838169165, 0.9817925392819815]], "T": [0.016031917223041387, 0.07307183383087826, -0.09434276969923595], "aligned_model": [[-0.6882978083894928, -0.4530772358993871, 0.013869261164728714, -0.5230636012292048, -0.11661982824584981, 0.501053285915711, 0.6312247498810325, 0.12461032559601475, 0.6112951523940657, -0.2609561104595696, 0.24271897117241759, 0.057308978920842094], [-0.1943650699961796, 0.41973259485120207, -0.46176211191728, -0.3552601897855502, -0.6510116804674285, -0.4145419219800085, 0.27449147875888685, -0.3190282272102719, 0.18060546555209567, 0.7575949214869536, 0.7740653055716614, 0.02886600184173254], [-0.12884158152211955, -0.13797335245596118, -0.6110480698437507, 0.44902307848506273, 0.0273573601438553, 0.1270472691428926, 0.3184470974801774, 0.6009774148200034, -0.33288785768645573, 0.19549293772283338, -0.34429524003260725, -0.06043527503706795]], "inverted": false, "swapped": false, "error_lsq": 0.04404607023513237, "error_max": 0.22152529157581227, "target": "570.xyz", "model": "25.xyz", "model_rescale": 4.19342608120988, "target_rescale": 4.034507531130836},
{"mapping": [8, 10, 6, 1, 2, 4, 5, 0, 3, 9, 7, 11], "R": [[0.9931349873446269, 0.032658669924471084, -0.11232234056835091], [-0.07585563731946132, -0.5511467363575452, -0.830953185979382], [-0.08904391724787555, 0.8337689645706365, -0.5448857628163561]], "T": [-0.016423867946916325, 0.04337448374801045, 0.03745169128359174], "aligned_model": [[-0.6406982782894052, -0.4298598713658845, 0.05773990628316932, -0.43934322722831876, -0.23049384526015207, 0.5063407119600383, 0.5046759462940456, 0.230321726042536, 0.4787498238739941, -0.17041506209047327, 0.22769384773447657, 0.04535446286728247], [-0.3266461231541445, 0.2604627441226313, -0.33516700119565224, -0.012299745439485282, -0.7379213437378963, -0.5151491848227926, 0.28590568447112596, -0.23285613271746858, 0.20847769830296012, 0.6217747309310625, 0.8618610666470853, -0.0390558267016117], [-0.20831715717404004, -0.3858438991420128, -0.6887039681780045, 0.3730658434795229, 0.24834568482353345, -0.05793298661417323, 0.32967332325295384, 0.6430318403640738, -0.36074543616860844, 0.4752774230728941, -0.22890779190492097, -0.03607909459435561]], "inverted": true, "swapped": false, "error_lsq": 0.0521965463790609, "error_max": 0.2835535342313578, "target": "570.xyz", "model": "26.xyz", "model_rescale": 3.795458400668931, "target_rescale": 4.034507531130836},
{"mapping": [4, 9, 11, 3, 10, 5, 6, 7, 8, 0, 1, 12], "R": [[0.3528054853310297, 0.39670552889790633, -0.8474390909452841], [-0.7952022905112472, 0.6044326114539369, -0.04810961833813093], [0.4931344712003037, 0.6908588434353338, 0.5287082860719987]], "T": [-0.04589276814202212, 0.10811660950555887, -0.11435368864822772], "aligned_model": [[-0.6155835065947587, -0.3967594289777171, -0.07294164775353684, -0.5845075572490984, -0.07529876799106398, 0.5417216489999617, 0.6966009140921574, 0.018270132577318826, 0.5939582563896388, -0.17852674419190104, 0.21285064415240454, 0.000282197367902956], [-0.48346470186903223, 0.2877407688341304, -0.33130247546649405, 0.0421324299736599, -0.584353357221857, -0.2700026793768907, 0.3305672156751096, -0.2600388527163434, 0.07831995145101162, 0.5442797827213979, 0.6339348144432135, 0.05157367025790878], [-0.27038957295078214, -0.28465353543301397, -0.6780502538385967, 0.386262687286978, 0.05089479353131292, 0.16599532244714232, 0.1692055103437905, 0.6071397461360909, -0.4614192958188846, 0.5809470425612284, -0.19754162348019794, 0.03447296043179447]], "inverted": true, "swapped": false, "error_lsq": 0.05418397518814103, "error_max": 0.25369135315697905, "target": "570.xyz", "model": "27.xyz", "model_rescale": 3.6321398670334006, "target_rescale": 4.034507531130836},
{"mapping": [3, 4, 5, 8, 0, 11, 9, 10, 13, 12, 6, 14], "R": [[0.07356458624268267, 0.0802711222148996, 0.9940547261541007], [-0.9852201864304754, 0.16045793207534595, 0.05995361777243591], [-0.15469142154897467, -0.9837732457088192, 0.09088875137602617]], "T": [-0.05067394118454344, -0.008809458481375137, 0.0060648643809449775], "aligned_model": [[-0.6369414046625431, -0.34499486324767575, -0.18640671524123836, -0.34806005971551285, -0.08305290000463263, 0.5162589062128599, 0.4646486865263188, 0.22312645618635546, 0.6377062868649036, -0.2680219911144855, 0.18358199954370696, -0.017778260526748364], [-0.3116466928985879, 0.5201050479471094, -0.664145272440572, -0.017629563122503862, -0.6287659335432622, -0.3100622229234201, 0.23909049899001905, -0.4034059237447587, 0.26074064109613804, 0.6357695834085535, 0.719143606140272, 0.00019279779682627833], [-0.18404076594035748, -0.5597017766332204, -0.5632161791802417, 0.4285732288588177, 0.0694467724810752, -0.01290234091165578, 0.3518398803596624, 0.6176191179004409, -0.3402770726731664, 0.47594507763519833, -0.13219549538367079, -0.04822666529601946]], "inverted": true, "swapped": false, "error_lsq": 0.04413568165467205, "error_max": 0.25522638741926085, "target": "570.xyz", "model": "28.xyz", "model_rescale": 4.156811204709835, "target_rescale": 4.034507531130836},
{"mapping": [7, 5, 4, 2, 10, 6, 3, 9, 1, 11], "R": [[-0.1533581224256348, -0.2871386126021656, -0.9455330260963852], [-0.9870926062064744, -0.00017010911056342115, 0.16015042252645073], [-0.04614621391397328, 0.9578890270881038, -0.28340631384217935]], "T": [-0.06531625648256215, -0.005406887624237513, -0.012731582339738463], "aligned_model": [[-0.6309277856276844, -0.11224163325178538, 0.040440073694608, 0.7051014394754452, -0.02650931167912507, -0.5406172006708138, -0.3402115529386339, -0.5678980135782883, 0.21659546234049895, -0.10080610365363328], [-0.1303623292697873, -0.48716082047606807, 0.008051413455036058, 0.07788555348307671, -0.31127503251135613, -0.5121281659618152, 0.5814327900843063, 0.33289240158596123, 0.41182220171766387, -0.05243768148081314], [-0.4785034318291338, -0.35387651552134464, -0.694501564929458, -0.25380122517242565, 0.7123210305550188, 0.07354750752595215, -0.2547876448043178, 0.5217364870851017, 0.5388302028370464, -0.052178118771339856]], "inverted": false, "swapped": true, "error_lsq": 0.04787685887007151, "error_max": 0.19955217602934994, "target": "570.xyz", "model": "29.xyz", "model_rescale": 4.117894457231895, "target_rescale": 4.034507531130836},
