[{"mapping": [11, 13, 10, 15, 0, 14, 8, 1, 2, 7, 3, 6, 9, 16], "R": [[0.21850696375483072, -0.9458351371841939, -0.2401053936470445], [0.9272766083110499, 0.12459999488500002, 0.35303389774044946], [-0.303994734279726, -0.2997844801560199, 0.9042767645957647]], "T": [-0.04764166199881634, 0.044018560104357556, 0.13193468868655883], "aligned_model": [[0.08116910971588215, 0.3034281382156967, -0.6700268227904872, -0.24954267653214904, -0.5985186373934182, -0.06738658895361563, -0.6709774332067946, 0.07627791663237415, -0.5157632841377527, 0.24700957479521626, 0.6703631594787947, 0.19392506862639727, 0.6217432674537513, -0.0502086907755915], [-0.7499261692206287, -0.39145666764399023, -0.41457334929156203, -0.33705786925154124, 0.34910292582681646, 0.15119389194031702, 0.19013040332100092, 0.5407767986340207, 0.7796127004238155, -0.1886651423199, 0.5861320962320292, 0.6089954354567269, -0.005829118014089682, 0.11683739571702023], [0.08250200616877723, -0.2617469068524718, 0.2525880335650873, -0.20508325939143585, 0.5580398834512341, -0.6145839062585523, -0.08338755680157528, 0.6703354441140235, 0.16319181670570715, 0.7057993035727312, 0.33461973760976393, -0.05981453376693857, 0.1464207483071114, 0.2087072767563723]], "inverted": true, "swapped": true, "error_lsq": 0.04128885002342069, "error_max": 0.22637243793085382, "target": "571.xyz", "model": "0.xyz", "model_rescale": 3.8414455957264533, "target_rescale": 4.1296010342866145},
{"mapping": [0, 5, 3, 7, 1, 9, 12, 2, 14, 4, 13, 10, 15, 8, 16], "R": [[0.2985837182746496, -0.2322785800799525, -0.9256859210430536], [-0.46536068681816134, 0.8113789321722056, -0.3536999570133154], [0.8332389779321502, 0.536386884313117, 0.1341712189385378]], "T": [0.0017933735044402509, 0.04824539841991876, -0.16726313121168906], "aligned_model": [[-0.667362789419297, -0.5395158151184676, 0.14926353865129136, -0.3229036999128143, -0.43659529694985827, 0.3328062117391608, 0.7131192631524084, -0.3204809113605902, 0.6239959074134378, 0.16246917637281327, 0.5520646718570464, -0.3812581630332906, 0.2186769254883792, -0.14109591104163483, -0.07113895433403987], [0.16168422236751778, 0.08522904984709087, -0.847079674814678, -0.3188284820860579, -0.5020967688231515, -0.4600920232823071, -0.2357952805755415, 0.06725579884272101, 0.3296763825226727, 0.16744595264329704, 0.1371885480938023, 0.694235988638451, 0.5221653831837123, 0.5613189801601668, -0.015263548674680341], [0.17547468706372132, -0.3305107980637686, -0.0025063334643098956, -0.6469611921845502, 0.07135592823579806, -0.45500326976777916, 0.044104929066096143, 0.6432869847150284, 0.1534034159640334, 0.6734670094325743, -0.5637029016771617, -0.3867961243417482, -0.33437307983010073, 0.2481859942896248, -0.12424346209792299]], "inverted": true, "swapped": true, "error_lsq": 0.04304618176722092, "error_max": 0.3074910713175555, "target": "571.xyz", "model": "1.xyz", "model_rescale": 4.316132596720782, "target_rescale": 4.1296010342866145},
{"mapping": [14, 6, 12, 5, 13, 8, 7, 0, 3, 2, 1, 16], "R": [[-0.870802050840742, 0.3690739858788531, -0.3247894413293851], [0.3945779042522086, 0.1305726401863837, -0.9095378294005656], [-0.29327813714542866, -0.9201821442422438, -0.2593313627200803]], "T": [-0.22742205445001246, -0.0016795940419277397, -0.11692200387744184], "aligned_model": [[-0.2468614143899402, 0.3522625570919616, 0.15817130556787434, -0.37538294773727204, -0.5019553244323999, -0.41706218934687056, -0.21521813511182813, -0.15478977324927853, 0.6071199218764196, 0.2054525818545313, 0.34015899391887144, -0.1540870214102886], [-0.7374054256646375, -0.268137136698001, -0.651997735406089, 0.5375892344839932, -0.42509650705647783, -0.10906579992017186, 0.5224513175411616, 0.49770984452833966, 0.03413825310559266, 0.06886814666905394, 0.4740254007618479, 0.06969683539636862], [0.048897290722491465, -0.03155662188614841, -0.36134819158254033, -0.025653534343643272, -0.5786832828055227, 0.522425042585619, -0.5589847876677485, 0.45179786530744276, -0.5077621378834521, 0.6373035366362045, -0.05728397564621665, -0.08989274222706457]], "inverted": false, "swapped": true, "error_lsq": 0.04527939331390545, "error_max": 0.22727614646392671, "target": "571.xyz", "model": "2.xyz", "model_rescale": 3.795458400668931, "target_rescale": 4.1296010342866145},
{"mapping": [1, 9, 12, 15, 2, 8, 13, 5, 11, 10, 4, 16], "R": [[-0.7722833634187855, 0.31332501204563246, 0.5526353620726534], [0.4132793159484105, 0.9084586249102148, 0.06247506570989658], [-0.4824713603891764, 0.2766412182825369, -0.8310782290202118]], "T": [0.058542015206537706, -0.06488208725990509, 0.01633591395419704], "aligned_model": [[0.08992191809411196, -0.3083071185954358, -0.7247336695717271, 0.14702337680415492, 0.0038623904948965615, 0.2228150254738948, -0.19361731738147134, 0.5806483065399235, 0.33254063376731746, 0.7289201719833216, -0.35992779940181785, 0.07415790753639598], [-0.08832644710128457, -0.6204367017021574, -0.13925201057588266, 0.01090513530669332, 0.6728137484939102, 0.57306473403656, -0.43145014291333067, -0.10395095372132584, -0.5606224079342794, 0.14406678883889518, 0.6802887393673888, -0.05133143680547758], [-0.7255979420238708, -0.07056405219085826, 0.12718897730557566, 0.5511178391839162, -0.44629632983258366, 0.16566124701292162, 0.5358716767603078, -0.20025557506751457, 0.5895290138062615, 0.361532309446758, -0.11194545081685475, -0.08747028294495848]], "inverted": true, "swapped": true, "error_lsq": 0.049448753838152774, "error_max": 0.2573869516616616, "target": "571.xyz", "model": "3.xyz", "model_rescale": 3.7530521520055578, "target_rescale": 4.1296010342866145},
{"mapping": [14, 9, 6, 1, 4, 7, 8, 15, 10, 0, 16], "R": [[-0.6559025888717249, -0.0628283183631056, -0.7522262932941347], [0.6472092866451145, 0.46604607942268034, -0.6032588094135641], [0.3884738513615701, -0.8825268575326266, -0.26501775891795576]], "T": [-0.1617872163868453, 0.03023758481366974, -0.062010263730945314], "aligned_model": [[-0.41028024460339696, -0.2637826923079778, 0.22434101500783482, 0.51290427089474, 0.26609456575737483, -0.13029554316695963, -0.0721650754615232, -0.6339142876173747, -0.4501405634591661, 0.35731198038727446, -0.06187382298562086], [-0.6789429287679175, 0.16865308656744615, -0.3530998886595578, 0.3030666162358116, -0.7032586983596693, 0.6855063909357723, -0.3210547129700291, -0.12853421800380432, 0.24465274119560304, 0.18508451981915258, 0.06513045032153865], [-0.12894785090993977, -0.7110163441964688, -0.40592666300638086, -0.21152915739695774, 0.0984672680990974, -0.2617919425147989, 0.5079207997946998, 0.16481986047724712, 0.6330476801221893, 0.47153073737533613, -0.06374361059870742]], "inverted": false, "swapped": true, "error_lsq": 0.0464653544246378, "error_max": 0.254295862302625, "target": "571.xyz", "model": "4.xyz", "model_rescale": 3.7855080009869324, "target_rescale": 4.1296010342866145},
{"mapping": [9, 2, 3, 1, 5, 14, 0, 12, 10, 11, 15, 13, 4, 6, 7, 8, 16], "R": [[-0.6207140234243284, -0.20350284606000701, -0.7571662253229865], [0.467871150090587, 0.6787863870838167, -0.5659908370482782], [0.6291348726920913, -0.7055746823371543, -0.32611911873965627]], "T": [-0.05245920022718933, -0.015463208297181036, 0.005425001823775384], "aligned_model": [[-0.009295316663138285, -0.3111407661778277, -0.47207643827106477, -0.465433818868051, -0.7383436529170474, 0.29682835106527095, -0.8053728626256226, 0.2048325359365881, -0.05473948493261845, 0.16530454573034067, 0.6063057168861793, 0.593413559007194, -0.5800472339209085, 0.022595322258775398, -0.32053059474989515, 0.43745901835655654, -0.03567395271828734], [-0.4887520707007189, 0.05960732995736995, -0.37759680498850234, 0.6069466645470591, -0.4214376201646598, 0.029648565846367145, 0.15016015764742222, 0.5498246847132242, -0.7344760579972044, 0.7093372907778733, -0.4821615529637622, 0.26045463311418837, 0.24899038569117757, 0.23938861086648203, -0.31071704657422317, -0.33906631373059615, -0.021963662888002982], [-0.5247151222278537, -0.6824950148221929, -0.41314068846041085, -0.11770847670185335, 0.1463169429932118, -0.57220856098106, -0.11358676628119611, -0.27263222884616906, 0.12366034485706001, 0.24971870986275962, -0.16052542978743037, 0.1831477143431754, 0.45120067096149674, 0.6016585441461928, 0.6397217543751617, 0.3934598497655538, -0.0451986265720905]], "inverted": true, "swapped": false, "error_lsq": 0.03937224071901719, "error_max": 0.28203191776265957, "target": "571.xyz", "model": "5.xyz", "model_rescale": 4.2253639853439635, "target_rescale": 4.1296010342866145},
{"mapping": [1, 7, 13, 12, 9, 15, 14, 6, 10, 5, 11, 8, 2, 16], "R": [[-0.7829399422927594, -0.1277557322182606, -0.608837843475573], [0.5491059115423458, -0.6018994194070348, -0.5798273767482212], [-0.2923828734243164, -0.7882864719141451, 0.5414025244910572]], "T": [0.04596751156412744, -0.009978777016817538, 0.003163328880262533], "aligned_model": [[0.6570626018653113, -0.04756631492929965, -0.5123712155906147, 0.09510584024908454, -0.06197996778073607, -0.3917253566108779, -0.05431829726259467, 0.5108078961627192, -0.30003829633504336, 0.0919384322143167, -0.7396423592171161, 0.18652913044023778, 0.8033139661687194, 0.13694609338367703], [0.04837911534505013, 0.09243373365776889, -0.4020048771083185, -0.7729187427777676, -0.5457261553946422, 0.07259289274733427, -0.3995433206547867, -0.4377139316486698, 0.6725353045319005, 0.4742062811809007, 0.040243307502172865, 0.3629373039710276, 0.22502434777700017, 0.014653887506019998], [-0.4153546874212563, -0.6684353264901853, 0.05263331854633228, 0.21960759147920034, -0.38682757996214573, 0.32123758830411064, 0.6414020376574191, 0.1268046394431178, 0.16650826071225563, -0.2874992465672327, -0.16911235539122932, 0.5485401267340547, 0.36704995885354524, -0.04499611696653785]], "inverted": false, "swapped": true, "error_lsq": 0.0447972013001252, "error_max": 0.21233994627316485, "target": "571.xyz", "model": "6.xyz", "model_rescale": 3.89814844738969, "target_rescale": 4.1296010342866145},
{"mapping": [15, 14, 12, 10, 9, 4, 8, 7, 0, 2, 6, 1, 16], "R": [[-0.05161695249060289, -0.9409891192508043, -0.334477454647064], [0.9897529624536275, -0.0035522972772876124, -0.14274611903068532], [0.13313438147169818, -0.3384181712551052, 0.9315301271749074]], "T": [0.05429393023147859, -0.07975310678614536, -0.043776282386539245], "aligned_model": [[-0.029846125746114963, 0.008496249141672588, 0.47022559524338553, -0.41329999587075966, 0.7103174755055479, -0.435592960444201, -0.5838884565679842, 0.4000911474711493, -0.5624151748955576, -0.6031196619983367, 0.12686824144224418, 0.029944095133524903, 0.030851372489651897], [-0.31683986655650864, 0.32832738888240565, 0.5122100218882812, -0.6870964433617788, 0.04077714169696328, 0.6155132114534857, -0.01899833908319131, -0.4527915981472542, -0.1378877550502303, 0.42569830073130366, 0.553621655488008, 0.15145053143742074, -0.05020298390841882], [-0.5298572235152876, -0.6766580311794141, -0.3722889759672838, -0.20099285007874568, 0.03288131972825917, -0.19696974245550766, -0.2565952739685017, 0.4161674331362368, 0.39712936688350936, 0.22740602497962575, 0.04505219956516748, 0.6618809617220853, 0.055119821986152964]], "inverted": true, "swapped": true, "error_lsq": 0.04541485579821574, "error_max": 0.29632325661266234, "target": "571.xyz", "model": "7.xyz", "model_rescale": 3.7474275329858107, "target_rescale": 4.1296010342866145},
{"mapping": [6, 2, 8, 14, 10, 13, 12, 9, 15, 11, 3, 7, 1, 5, 16], "R": [[0.6234033426796652, -0.6669227897813772, -0.40814490662759084], [-0.26368872226308504, 0.31208994520989325, -0.9127256563996367], [0.7360954626181861, 0.6766194340758405, 0.01869789677497754]], "T": [0.056925173528634784, -0.06689519644717715, 0.020927145043630725], "aligned_model": [[-0.4190442369988603, 0.2149626867398578, 0.4676259089737376, -0.2313428491339235, 0.7994809851654712, -0.23515149347460884, -0.6721281023698169, -0.49941665160238236, 0.24441164691922357, 0.20635186146504153, -0.6816824378682914, 0.08951045264335276, -0.03146982567647451, 0.48891593259646415, 0.061129844959956055], [0.10278259148674693, 0.28503869569187923, -0.25368385571112373, -0.6391089738040823, -0.2909474625075861, -0.5800417586108456, -0.3249025833596805, 0.008408401570091678, -0.5777066760053731, -0.5102242033893537, 0.4852258761157321, 0.3309965647754458, 0.6634674648909635, 0.25422131849601326, 0.03559256234076594], [-0.3778004409889398, -0.7616201573095142, -0.48176035875260553, -0.3773684318921196, 0.12407027881898841, 0.36624685719915623, -0.16142853683545552, 0.38914442118761045, 0.07995948070857781, 0.6770636360038462, 0.03189785119484805, 0.5785130118594454, -0.08278828292485951, 0.19784915273025305, -0.005183825302970131]], "inverted": false, "swapped": true, "error_lsq": 0.04250177879564437, "error_max": 0.33058712981351773, "target": "571.xyz", "model": "8.xyz", "model_rescale": 4.019505241142653, "target_rescale": 4.1296010342866145},
{"mapping": [15, 8, 14, 13, 11, 9, 6, 10, 5, 0, 2, 1, 16], "R": [[0.014089479638298246, -0.9998999816773243, -0.001230124062095883], [0.9624115719894338, 0.013227501888554333, 0.2712729239983509], [-0.2712295202671508, -0.0050059799714401165, 0.9625016818168042]], "T": [0.12045150438196303, -0.07502655612430856, 0.0023468493788598617], "aligned_model": [[-0.12771579024576973, -0.5509058208525407, -0.1300321817624536, 0.3865277229851054, 0.3170443674433638, 0.7656193738796637, 0.2300297982021754, -0.3834053494423828, 0.04727035712962667, -0.31112226735947945, -0.3970036053817628, 0.34093294086902776, 0.1324612262766029], [-0.4617478782820401, -0.00205354396676366, 0.06668296198573942, -0.43934040335638536, -0.8412846786837737, -0.036316881671442064, 0.5260755896517615, -0.6176976948015006, -0.2507109786747642, 0.13205629867023932, 0.5893959262650957, 0.40554057734752036, -0.0072210663696277155], [-0.2950148409456676, -0.01228548291266588, -0.695035945036047, -0.5118056026041158, -0.15122324549162858, -0.1793969317716937, -0.20011284341518068, 0.25505886624485263, 0.5360253408445265, 0.59308225548605, 0.230374423836926, 0.5243079105236157, 0.08272958928490759]], "inverted": true, "swapped": true, "error_lsq": 0.04423701925366275, "error_max": 0.25119360338205404, "target": "571.xyz", "model": "9.xyz", "model_rescale": 3.877068213659057, "target_rescale": 4.1296010342866145},
{"mapping": [6, 4, 15, 0, 8, 2, 5, 14, 12, 13, 7, 9, 1, 10, 11, 16], "R": [[-0.040806806341436686, 0.19633956681744258, -0.9796864697739535], [0.16430880669409792, 0.9684733621567541, 0.18724839875297808], [0.9855645187398815, -0.15333010563725483, -0.07178062486698078]], "T": [-0.002355167110729566, 0.08065974017926263, -0.018474393153522145], "aligned_model": [[0.01201696821123972, -0.1507853621997716, -0.4452765244493481, 0.5268962836596452, -0.12531306251863203, 0.31004984880255737, 0.4280401848793026, -0.6590776890526966, -0.4445585505445423, -0.5401039236879266, 0.4371409513843622, -0.0339375117943367, 0.6730517498532387, -0.029333177369071383, -0.3388898708451739, 0.09548821098824795], [0.0797412282923647, -0.5128507847916084, -0.0344923629222086, -0.4595607959504457, -0.5823341742760045, -0.5965100551538901, -0.020910851868770078, -0.10157609086562001, 0.3676945545880694, 0.4858074542202416, 0.5302518465060359, 0.7192712509963632, 0.1188693921776695, -0.318939975618663, 0.4606238349541542, 0.06671440684586094], [-0.6619910731250691, -0.628856559568064, 0.28173391181413887, 0.06002543764123512, 0.021277954573415636, -0.4713074471138001, 0.33575220763968927, -0.3420050061578943, -0.612955064420687, 0.10217170864151295, 0.25537182773143374, -0.22328824637525976, -0.32566440271027497, 0.6537006669790034, 0.607429527666465, -0.05636111610580301]], "inverted": false, "swapped": true, "error_lsq": 0.04294670547372602, "error_max": 0.2702213247912215, "target": "571.xyz", "model": "10.xyz", "model_rescale": 4.260839863003843, "target_rescale": 4.1296010342866145},
{"mapping": [2, 1, 9, 6, 13, 14, 8, 0, 7, 11, 10, 16], "R": [[-0.18597863438868792, 0.4393690465217153, 0.8788440069258692], [-0.32453319963697497, 0.816781330633736, -0.4770183018098686], [-0.9274104538360057, -0.37392926989844244, -0.009314033976298486]], "T": [-0.04841394960594836, 0.008334621721266014, -0.005433579307054612], "aligned_model": [[0.4280597126630513, 0.35195670817272373, -0.49421836451997136, -0.23877568076348127, -0.6497773856887687, -0.5517517223926626, 0.2406919718982835, 0.6844883505687289, 0.12310157837346145, -0.32280506377986395, 0.36536734314396957, 0.022561201418659554], [0.061125889552717035, -0.5755414262835084, -0.46963678923186286, -0.2646670235426322, 0.1398728256311691, 0.4144913912195557, 0.5333512904607428, 0.051640134450970133, -0.45235623241893447, 0.2348184018915745, 0.5608805670319577, -0.06090052322881533], [-0.7344051368064072, -0.23080500588169783, 0.14810004785647712, -0.5563905942667641, 0.29278378424864193, -0.39383310501511265, -0.31693813383965463, -0.20313638707544723, 0.47271703870999354, 0.7176145878407021, 0.36294812145774624, -0.04247713983297279]], "inverted": true, "swapped": true, "error_lsq": 0.04423103381637819, "error_max": 0.22544075465920163, "target": "571.xyz", "model": "11.xyz", "model_rescale": 3.890672605050136, "target_rescale": 4.1296010342866145},
{"mapping": [15, 14, 12, 11, 9, 0, 8, 7, 10, 2, 3, 6, 1, 16], "R": [[-0.4100759834211576, -0.7437887919227343, -0.5278408101229861], [0.9107993229222492, -0.36427718050979274, -0.19428517474117418], [-0.04777322666037104, -0.5604287365668856, 0.8268236511158238]], "T": [0.1370119996035184, -0.08437260793890604, 0.08279323614645492], "aligned_model": [[0.28241498727000214, 0.14853635883419425, 0.41303721447783626, 0.7622524074461702, 0.663766452707994, -0.5273772110318473, -0.39305766105850504, 0.4342265947326952, -0.03725542381971686, -0.6987076725099611, 0.2851053503464133, -0.031685384180087095, -0.16852763146767036, 0.07714745304617589], [-0.36622657722672347, 0.23859983985402006, 0.5956153029959322, -0.5714176907034559, 0.26931388588556837, -0.3329242790630149, -0.27159191257542137, -0.2775041418506835, -0.8281791291063149, 0.16601818481079617, 0.665867485986022, 0.5368054509204374, 0.16682419003050047, -0.05904809012989749], [-0.36327926152774004, -0.5989122820975955, -0.22178287461952437, -0.0629653244570065, 0.30235286571460795, 0.3565021925332531, -0.2916862834734161, 0.6698582649019174, -0.08635102645121775, 0.0923158926576986, 0.5982613726090338, 0.08243097145479637, 0.7117176238870554, 0.1663283042249992]], "inverted": true, "swapped": true, "error_lsq": 0.04980555077159813, "error_max": 0.2716584955795092, "target": "571.xyz", "model": "12.xyz", "model_rescale": 4.124412569039231, "target_rescale": 4.1296010342866145},
{"mapping": [5, 2, 6, 10, 1, 7, 8, 11, 14, 15, 9, 12, 16], "R": [[0.4895482205220549, -0.8708426059148685, -0.04444879646391782], [0.7871160377770264, 0.4632662033284008, -0.4072256965466252], [0.37522111195651653, 0.16437025453861814, 0.9122453269625587]], "T": [0.11336521695535622, 0.06975075982699123, -0.014899353446523255], "aligned_model": [[-0.12086464018765027, -0.0824723997240893, 0.5132398553517514, -0.6150220923975912, 0.43260985246203737, 0.3553456364657634, -0.4407246250066548, -0.030746311468667034, 0.07633241415352879, -0.22662891932398033, 0.7280742893554788, 0.6376630298428494, 0.1404922179869812], [-0.3363038751184513, 0.5988544440297968, 0.5359424629808891, -0.2107484551662293, -0.03315322116819171, -0.5580144583682782, 0.42951321798226944, -0.4262126482398298, 0.6992832953811089, 0.10995411634433581, -0.08588371995253717, 0.5644913592911538, 0.05976285851244072], [0.3033603460996416, 0.6506158753008356, 0.17767969218726856, -0.0696640804996844, 0.6480439445478372, 0.11790862950021704, 0.1258672780193453, -0.633475301465521, -0.42900536003042455, -0.4419263308464757, -0.23553816627891208, -0.3490903589456257, 0.08692191337933718]], "inverted": true, "swapped": true, "error_lsq": 0.04302209406580299, "error_max": 0.25406974735601695, "target": "571.xyz", "model": "13.xyz", "model_rescale": 3.9028299243045295, "target_rescale": 4.1296010342866145},
{"mapping": [13, 5, 11, 9, 12, 14, 7, 3, 15, 1, 6, 0, 8, 4, 2, 16], "R": [[0.10068037709725448, 0.8393309165417686, -0.5342163178008601], [-0.14771692033330747, 0.5436040378203209, 0.8262411037419324], [0.9838918503142497, -0.004273476640647034, 0.17871363765142242]], "T": [-0.014085591931823842, 0.05235459820467275, -0.0591342883695036], "aligned_model": [[0.0571831153742054, -0.23755889141717995, -0.06657491224703191, -0.4564544154863894, 0.08432402292759802, 0.5709373077283691, -0.6450782842920408, -0.6262451608556712, 0.3702190458052465, -0.501239596271062, -0.01753331934650939, 0.017209698343481024, 0.5532460666524953, 0.5257628593173646, 0.27014923462734575, -0.0705074992796243], [-0.5536630743759055, 0.5210363210361042, -0.25129697356125724, -0.4481935129396241, -0.615638216927322, -0.37872650836031735, 0.14214496206187746, -0.2343306299623908, -0.09405065895563247, 0.4092637872991318, -0.12251849596354092, 0.7985850409860555, 0.41367383820109016, 0.16288612906499061, 0.5843181651552813, 0.11876210936255922], [-0.36822526065798244, -0.28591690673787507, -0.8037312481071146, 0.008187573549013463, 0.35972276618314647, 0.14355688787974705, -0.31225000436312533, 0.5682184679811118, -0.4202988050326668, 0.3736439339988027, 0.5603240503838873, 0.08323242229878175, 0.00285780607841149, 0.6065977038854928, 0.5712932865718066, 0.0009474357128947605]], "inverted": true, "swapped": true, "error_lsq": 0.040133991730227934, "error_max": 0.2697736084444472, "target": "571.xyz", "model": "14.xyz", "model_rescale": 3.942246331269136, "target_rescale": 4.1296010342866145},
{"mapping": [1, 2, 6, 8, 15, 4, 9, 3, 7, 12, 13, 11, 0, 10, 16], "R": [[-0.03397090757715865, 0.2945714458126704, -0.955025466021832], [0.14744610727647128, -0.9436433235952855, -0.29630545604672776], [-0.988486531464845, -0.15088055257678823, -0.011376992868221969]], "T": [-0.04722497298698555, -0.002408810633332371, 0.05694603820865974], "aligned_model": [[-0.7261075346113249, -0.2942816001621533, -0.06792662004582632, 0.14238081478979928, 0.4080609995735611, 0.15414965568889913, -0.08229341997895623, -0.45876111199848424, -0.5270452828758289, 0.35774399503133725, 0.4481014655212938, 0.25556503806124364, -0.5184619425803124, 0.0267095362476909, -0.14353995612872883], [0.062463778366342454, -0.5324061743089434, 0.1956113104153853, -0.6292388477813432, -0.16084521681027922, -0.3586740335843613, 0.668054555447369, 0.6602629809465835, 0.2937733112687074, 0.49770527513677437, 0.3961966469338089, 0.1952007365518979, -0.5898263442546541, -0.5866512481083889, -0.013482040337248563], [-0.23785931737183919, -0.5905718518175925, -0.5551655470503553, -0.10856400247839554, 0.3161312044397983, -0.7042214893328026, 0.061406922051180104, -0.434992313322017, 0.4472411494006246, -0.40912919356167804, 0.3092143195753115, 0.7771215128703753, -0.04785810730268542, 0.5721367989612951, 0.014472395299296982]], "inverted": true, "swapped": true, "error_lsq": 0.04938999200744286, "error_max": 0.30483043722167186, "target": "571.xyz", "model": "15.xyz", "model_rescale": 4.355366556412066, "target_rescale": 4.1296010342866145},
{"mapping": [14, 6, 12, 5, 13, 8, 7, 0, 3, 2, 1, 16], "R": [[-0.870802050840742, 0.3690739858788531, -0.3247894413293851], [0.3945779042522086, 0.1305726401863837, -0.9095378294005656], [-0.29327813714542866, -0.9201821442422438, -0.2593313627200803]], "T": [-0.22742205445001246, -0.0016795940419277397, -0.11692200387744184], "aligned_model": [[-0.2468614143899402, 0.3522625570919616, 0.15817130556787434, -0.37538294773727204, -0.5019553244323999, -0.41706218934687056, -0.21521813511182813, -0.15478977324927853, 0.6071199218764196, 0.2054525818545313, 0.34015899391887144, -0.1540870214102886], [-0.7374054256646375, -0.268137136698001, -0.651997735406089, 0.5375892344839932, -0.42509650705647783, -0.10906579992017186, 0.5224513175411616, 0.49770984452833966, 0.03413825310559266, 0.06886814666905394, 0.4740254007618479, 0.06969683539636862], [0.048897290722491465, -0.03155662188614841, -0.36134819158254033, -0.025653534343643272, -0.5786832828055227, 0.522425042585619, -0.5589847876677485, 0.45179786530744276, -0.5077621378834521, 0.6373035366362045, -0.05728397564621665, -0.08989274222706457]], "inverted": false, "swapped": true, "error_lsq": 0.04527939331390545, "error_max": 0.22727614646392671, "target": "571.xyz", "model": "16.xyz", "model_rescale": 3.795458400668931, "target_rescale": 4.1296010342866145},
{"mapping": [15, 14, 12, 10, 9, 4, 8, 7, 0, 2, 6, 1, 16], "R": [[-0.05161695249060289, -0.9409891192508043, -0.334477454647064], [0.9897529624536275, -0.0035522972772876124, -0.14274611903068532], [0.13313438147169818, -0.3384181712551052, 0.9315301271749074]], "T": [0.05429393023147859, -0.07975310678614536, -0.043776282386539245], "aligned_model": [[-0.029846125746114963, 0.008496249141672588, 0.47022559524338553, -0.41329999587075966, 0.7103174755055479, -0.435592960444201, -0.5838884565679842, 0.4000911474711493, -0.5624151748955576, -0.6031196619983367, 0.12686824144224418, 0.029944095133524903, 0.030851372489651897], [-0.31683986655650864, 0.32832738888240565, 0.5122100218882812, -0.6870964433617788, 0.04077714169696328, 0.6155132114534857, -0.01899833908319131, -0.4527915981472542, -0.1378877550502303, 0.42569830073130366, 0.553621655488008, 0.15145053143742074, -0.05020298390841882], [-0.5298572235152876, -0.6766580311794141, -0.3722889759672838, -0.20099285007874568, 0.03288131972825917, -0.19696974245550766, -0.2565952739685017, 0.4161674331362368, 0.39712936688350936, 0.22740602497962575, 0.04505219956516748, 0.6618809617220853, 0.055119821986152964]], "inverted": true, "swapped": true, "error_lsq": 0.04541485579821574, "error_max": 0.29632325661266234, "target": "571.xyz", "model": "17.xyz", "model_rescale": 3.7474275329858107, "target_rescale": 4.1296010342866145},
{"mapping": [9, 6, 12, 1, 11, 10, 13, 4, 7, 15, 0, 2, 8, 16], "R": [[-0.1353886529567479, 0.4184069645553686, 0.8981122004861755], [-0.7910112384418728, -0.5914945236720526, 0.15631842221768605], [0.5966331647748158, -0.6892531033499485, 0.41104625799689926]], "T": [0.04630313977643431, -0.12176995715037137, 0.029165539456367497], "aligned_model": [[0.4769597939779112, 0.20304860351122206, 0.7105974577942069, -0.3871902208407559, 0.3582957539936505, -0.328707945784889, 0.6639816694644005, -0.0032649677508189284, -0.12583747076547513, 0.25504638566273774, -0.6912753082829267, -0.4557303975510365, -0.23211052574759394, -0.02896517979775634], [-0.4010253642112965, 0.32598099808586156, 0.20590757288046968, -0.09250647875229588, -0.7361427357118007, -0.3168300070147367, -0.3516769442440218, 0.7405049746059214, -0.720475926345411, -0.14941975045255382, 0.061702776596109066, 0.5773330928322304, 0.32609663643774967, -0.10904060319499197], [-0.4036416745946189, -0.4058874010267526, -0.2583767719961535, -0.5735179082116022, 0.4470061021955328, 0.6876071238209002, 0.21216796708868824, -0.0004587735842260243, -0.25754062648544757, 0.5343646172802776, 0.04974072265262001, -0.11377099660704815, 0.4512569620118488, -0.04415462388236371]], "inverted": false, "swapped": true, "error_lsq": 0.04206072392643467, "error_max": 0.2233494838471684, "target": "571.xyz", "model": "18.xyz", "model_rescale": 3.922800546911778, "target_rescale": 4.1296010342866145},
{"mapping": [4, 8, 14, 6, 11, 0, 15, 3, 5, 12, 13, 9, 1, 7, 16], "R": [[0.13713375860189658, -0.5912499775659927, -0.7947438557673345], [0.9679500071073426, -0.09043104400278357, 0.2342968416805102], [-0.21039751897922238, -0.8014023273667101, 0.5598992710288235]], "T": [0.011551414614461068, -0.046754952747355194, -0.0058767571957151436], "aligned_model": [[-0.13309056297206795, -0.38228078485998296, 0.4071142686596596, 0.18349187050588328, 0.32113922762934094, -0.7358835604901883, 0.13711929410520296, 0.33031301455994083, -0.44236569889147576, 0.6708026514685139, 0.613837117007498, 0.5365521520664915, -0.31854006510689503, -0.04040469252263968, -0.051753394271663235], [0.5596173801670055, -0.04335773951975225, 0.09360631147541981, 0.569473248207888, -0.7823434736520003, 0.09268059866676129, -0.4460056835159477, 0.6402342439457341, -0.24848496447081025, 0.3586858471376274, -0.36244168491967893, 0.06531674243804322, 0.4346845646111564, -0.23299918761690558, 0.018945302080038043], [-0.6044115910509662, -0.5546430839661085, -0.6327700260212964, -0.07673156165325398, 0.1056981153318653, -0.008373600357583855, -0.3585748201729244, 0.5203704516350092, 0.26669889345859027, -0.185725721630587, -0.07982063520178165, 0.39734152305512466, 0.453748948244112, 0.6520710377284583, 0.047781237764671795]], "inverted": true, "swapped": true, "error_lsq": 0.04315000909916744, "error_max": 0.2621154527849673, "target": "571.xyz", "model": "19.xyz", "model_rescale": 3.9282355846067225, "target_rescale": 4.1296010342866145},
{"mapping": [5, 10, 15, 0, 1, 8, 4, 14, 3, 9, 11, 7, 13, 16], "R": [[0.05119720644659559, 0.22811159028914085, -0.9722879966490503], [0.915853489506866, -0.3989408945001459, -0.04537122935870791], [-0.3982351463773152, -0.8881504743404591, -0.22934145529898353]], "T": [-0.0163004476398515, -0.08248649233917452, 0.03794080927928452], "aligned_model": [[-0.47004971159524395, -0.02787931272436102, 0.40435445725878033, -0.524186502833964, -0.6641006060284772, 0.13402337379198143, 0.2115286992559532, 0.6734964306310431, -0.33571804265173083, 0.0024076182884071873, 0.2472960477851328, -0.498307817388558, 0.4894458819480665, -0.10978769665235322], [-0.4191997748199652, -0.8320945300840388, -0.4325048934963748, -0.2527078028371068, 0.27204561315204945, -0.29171042944016046, 0.35217326042644115, 0.13906020895456547, 0.7242021888441854, 0.2693919911922936, -0.6188968420776331, -0.20612752751033436, -0.13846514535267324, -0.042284229526412316], [-0.004118669486811041, -0.1860698534113454, 0.02789432516729748, -0.5016738769787442, -0.043681025591789366, -0.5864692456139365, -0.6734082149646115, -0.17244871604698275, 0.3505508065961087, 0.6094321581308378, 0.5784635770945694, 0.5098130831694827, 0.49506324122332457, 0.008835567956283333]], "inverted": true, "swapped": true, "error_lsq": 0.04504448984476101, "error_max": 0.28362657536186997, "target": "571.xyz", "model": "20.xyz", "model_rescale": 4.067790424073018, "target_rescale": 4.1296010342866145},
{"mapping": [7, 0, 9, 13, 3, 1, 12, 5, 1, 10, 8, 14, 15, 4, 16], "R": [[-0.8655053903157807, 0.4486399480100578, -0.22276134400712536], [0.014367402372117699, 0.466774935857999, 0.8842594285637212], [0.5006935161187989, 0.7621307999971486, -0.4104420137026673]], "T": [0.1392363676405693, -0.011530958642484681, -0.00780511208494424], "aligned_model": [[0.12448363324211187, 0.1648938607958365, -0.1955159844363853, 0.33071630194175855, -0.7249955536212007, -0.3793406059665982, -0.3200998842488034, 0.3385093226858255, -0.3793406059665982, 0.8574463161102144, 0.3833809252839885, 0.11620523490546303, 0.5913425126184071, -0.21422673030181005, 0.07498521086530582], [0.08354081252054105, 0.7431881571777036, -0.4567098874163954, -0.6650194715805607, -0.1379059147613609, 0.45124541947400676, -0.6041665689072899, 0.42792084918624795, 0.45124541947400676, 0.296559663588262, 0.3090064787947309, -0.4467704745224561, -0.247215917067547, 0.1675895593774978, 0.06838701459046086], [-0.6867936010096553, 0.08078551097529978, -0.38267496265979317, -0.07231926161266088, -0.30383179249245124, -0.27032392905222974, 0.2551270591295219, -0.30479943337192555, -0.27032392905222974, 0.030687689581701767, 0.5343286444474677, 0.6079891370234143, 0.19123507494367362, 0.7602003133903634, -0.034036946619356044]], "inverted": true, "swapped": true, "error_lsq": 0.04921000592387794, "error_max": 0.4029885256172182, "target": "571.xyz", "model": "21.xyz", "model_rescale": 4.186013935880536, "target_rescale": 4.1296010342866145},
{"mapping": [4, 14, 8, 1, 9, 2, 6, 12, 10, 15, 13, 5, 16], "R": [[-0.09931228444122914, 0.39776135113953603, 0.9120981184602428], [-0.858291679334198, 0.42953711561850294, -0.2807726117195534], [-0.5034604883650222, -0.8107303952892031, 0.2987369458394221]], "T": [0.03128963793423564, 0.02849424344110963, 0.1742142778932601], "aligned_model": [[0.09423110623181305, -0.4758180630887866, 0.29824967665704427, 0.4897932026458027, -0.38493828268076347, 0.5486571859795301, -0.10091831140630761, -0.6157989345679834, 0.3758546924685051, -0.1986112130916275, -0.5966406908582805, 0.5148050891414588, 0.10970857799282033], [-0.32518830431848755, 0.039590076067669545, 0.25988316596969346, -0.5202964119157804, -0.2836873512161815, -0.3478771312423677, -0.5507353728605365, -0.39096779677443944, 0.7273217499804664, 0.49647274692062615, 0.25806345585405177, 0.19715454269773497, -0.04077670961635651], [-0.6117880644194742, -0.3842524521407587, -0.40150381983673117, 0.37571733171585375, 0.5985582312767085, -0.41898805604246064, -0.07344522438682188, -0.0172747862031479, 0.1025058637061678, 0.007762840574178337, 0.31869734321897336, 0.41670085647373695, 0.19018949739912194]], "inverted": true, "swapped": true, "error_lsq": 0.047924364639934915, "error_max": 0.2480138488340559, "target": "571.xyz", "model": "22.xyz", "model_rescale": 4.166573947596378, "target_rescale": 4.1296010342866145},
{"mapping": [10, 8, 14, 13, 15, 0, 4, 5, 11, 9, 7, 12, 6, 1, 3, 16], "R": [[0.7801924043732786, -0.37870227893326447, -0.4978799012703713], [0.6167703147904166, 0.33290334960139506, 0.7132809675138557], [-0.10437524108510252, -0.8635739364726819, 0.4933009885389481]], "T": [-0.13321143782233666, 0.03560711152663368, -0.013073783179545606], "aligned_model": [[-0.8354122586858447, -0.34056944953485013, 0.33603291528027335, 0.10232149804629528, -0.26141109815639485, -0.5821289562394838, 0.2530980765170411, -0.636743882043504, -0.4187159569185134, 0.2674294697723967, -0.3879950038054808, 0.6436387602788359, 0.41618382569667356, -0.11322838699950813, 0.4872205395120718, -0.14248685169925204], [-0.09932704311474558, 0.3040204114031998, -0.13176274261747925, -0.6053473052686656, -0.3437169084188978, 0.645549812038701, 0.5772436638428275, 0.19656576221927227, -0.7142630673339603, -0.23753863482415813, -0.06396654534247662, -0.11501126304091416, 0.3709613523367028, 0.6144565384345988, 0.3248685698833571, 0.12697483742431614], [-0.33077464634689463, -0.5972114204069956, -0.579610185803872, -0.052766968778474754, -0.3862258929009385, -0.08053127337788141, -0.5646600950729612, 0.1908394809230797, 0.061531328339757524, 0.4513065406149568, 0.6157760194754238, -0.08489272543065052, -0.008226419671265795, 0.45225857289321075, 0.6048996863037359, 0.039548532403863836]], "inverted": true, "swapped": true, "error_lsq": 0.04004141077660979, "error_max": 0.2690743335364964, "target": "571.xyz", "model": "23.xyz", "model_rescale": 4.274766983524099, "target_rescale": 4.1296010342866145},
{"mapping": [9, 15, 14, 6, 8, 2, 1, 0, 5, 10, 16], "R": [[0.8265194023410637, 0.521146597017457, -0.21277194827066667], [0.523202657832143, -0.5717814311384123, 0.631921651664738], [0.207664769258419, -0.6336183547076532, -0.7452537314139489]], "T": [0.06994838226171152, 0.09905371540739528, -0.12265754740251189], "aligned_model": [[0.2911988318495775, 0.10321249870675474, -0.464090916445154, -0.4092293121824914, -0.3325509888610377, -0.5898677384563802, 0.04963923557841396, -0.04905407673186754, 0.3938289041601888, 0.3265429409284791, 0.06026532541159202], [-0.21462298441495659, 0.6401859905128329, 0.47653471299583494, -0.2705007517582562, 0.44547539267442954, -0.15211146263964265, -0.5940771869857645, -0.06672671531662101, 0.008235601648341653, 0.6340527679303051, 0.009141166596980138], [-0.6734987107709324, -0.19771566757132353, -0.49879123426097033, -0.34206436654095906, 0.2947704123258087, 0.3899556992225097, 0.14409566001724938, 0.6097786701455165, 0.33328839965825796, 0.38740353092991886, -0.06765595913349816]], "inverted": false, "swapped": true, "error_lsq": 0.04307606620881877, "error_max": 0.2971263935736356, "target": "571.xyz", "model": "24.xyz", "model_rescale": 3.7841303162186577, "target_rescale": 4.1296010342866145},
{"mapping": [13, 12, 4, 1, 6, 2, 3, 9, 14, 8, 11, 7, 0, 5, 10, 16], "R": [[0.06597523299960084, 0.9674615585768638, -0.24426502268371142], [0.9977058877823339, -0.060237956462616926, 0.030892557124216007], [0.01517333566205728, -0.2457427949650478, -0.9692163064082511]], "T": [-0.0008962755778117327, 0.06278962658698994, 0.05579526287036175], "aligned_model": [[0.12725263413124005, 0.10850774842970053, -0.5594409503186786, 0.34188246070565603, 0.04673928609594928, -0.44869644437770206, 0.6595128530345908, 0.5751732093176951, -0.4241338952155182, -0.6540226847108177, 0.15712746969329033, 0.5741214674169007, -0.26761472676971715, 0.06776825192145212, -0.417086908428624, 0.030752777547360957], [0.27192098084051564, -0.4573518239512352, -0.5954984255761807, -0.2930990760435642, -0.5757917009239208, -0.4869513899908745, -0.5805500201882816, -0.06629990901598645, -0.22352684191197486, 0.0384961661972736, 0.7528225986577173, 0.34766752836659615, 0.036536472643169976, 0.3666364323400294, 0.6861870664455232, 0.015614410479154281], [-0.5827310176222722, -0.5348177377283582, 0.0950042138907259, 0.6106341153779523, -0.009518294358057858, 0.5641980794961576, 0.07754659633344697, -0.26397130993765205, -0.49923556842021677, 0.22636942642680652, -0.3292593197790315, 0.29762336143519824, 0.7673285290887548, 0.5290769233962079, 0.2802680818763904, 0.1451039363412013]], "inverted": false, "swapped": true, "error_lsq": 0.04900749070864342, "error_max": 0.3211408758000151, "target": "571.xyz", "model": "25.xyz", "model_rescale": 4.19342608120988, "target_rescale": 4.1296010342866145},
{"mapping": [14, 6, 12, 5, 13, 8, 7, 0, 3, 2, 1, 16], "R": [[-0.870802050840742, 0.3690739858788531, -0.3247894413293851], [0.3945779042522086, 0.1305726401863837, -0.9095378294005656], [-0.29327813714542866, -0.9201821442422438, -0.2593313627200803]], "T": [-0.22742205445001246, -0.0016795940419277397, -0.11692200387744184], "aligned_model": [[-0.2468614143899402, 0.3522625570919616, 0.15817130556787434, -0.37538294773727204, -0.5019553244323999, -0.41706218934687056, -0.21521813511182813, -0.15478977324927853, 0.6071199218764196, 0.2054525818545313, 0.34015899391887144, -0.1540870214102886], [-0.7374054256646375, -0.268137136698001, -0.651997735406089, 0.5375892344839932, -0.42509650705647783, -0.10906579992017186, 0.5224513175411616, 0.49770984452833966, 0.03413825310559266, 0.06886814666905394, 0.4740254007618479, 0.06969683539636862], [0.048897290722491465, -0.03155662188614841, -0.36134819158254033, -0.025653534343643272, -0.5786832828055227, 0.522425042585619, -0.5589847876677485, 0.45179786530744276, -0.5077621378834521, 0.6373035366362045, -0.05728397564621665, -0.08989274222706457]], "inverted": false, "swapped": true, "error_lsq": 0.04527939331390545, "error_max": 0.22727614646392671, "target": "571.xyz", "model": "26.xyz", "model_rescale": 3.795458400668931, "target_rescale": 4.1296010342866145},
