[{"mapping": [7, 10, 6, 1, 11, 5, 8, 9, 0, 4, 2, 3, 13], "R": [[-0.5741336136003472, 0.2669872699718181, 0.7740080047436222], [-0.8187616210382447, -0.18726421758737005, -0.5427352215640848], [4.060829173097025e-05, -0.9453305826452383, 0.32611361190017973]], "T": [-0.22964055495371086, 0.08868107498697973, 0.023796811051198883], "aligned_model": [[0.416068775291319, -0.17316371600773686, 0.14721450941150646, -0.7467370491799082, -0.2542061886060324, -0.6324892553563862, 0.2526359282394174, 0.13703069771068208, -0.27764381391774684, 0.6965726058767413, 0.22429768314062123, -0.22620812320368205, -0.11648625049448202], [-0.2485593876969513, -0.8427199643603698, 0.7161904554649763, 0.12169743216124564, -0.18664833626375438, 0.4630412956087628, 0.14028039299229933, -0.4764609972809952, -0.06283824054893324, 0.31196304433677385, 0.39011249731482533, 0.5755160753749514, -0.00515077008360218], [-0.17800213255037714, -0.3566389853809626, -0.19701650843397678, 0.2778937398812997, -0.6170246038428921, -0.49578822553230684, -0.5888417738934276, 0.31173743407339494, 0.7788796003723348, -0.05155947255422552, 0.5663255375154564, 0.21400776396205887, -0.04642818797619648]], "inverted": false, "swapped": false, "error_lsq": 0.059974974868779785, "error_max": 0.455705387686647, "target": "572.xyz", "model": "0.xyz", "model_rescale": 3.8414455957264533, "target_rescale": 3.978686538069961},
{"mapping": [8, 13, 5, 0, 12, 1, 3, 9, 7, 6, 2, 4, 14], "R": [[-0.9673762875095643, 0.25224686572154115, -0.02355073455058042], [0.20495682349097322, 0.8338664410881256, 0.5125031306553297], [0.14891547558498802, 0.49095649212601583, -0.8583623383924847]], "T": [-0.034847887392959465, 0.040508258006247355, -0.04858255944444996], "aligned_model": [[0.4051776448490422, -0.27517480939858185, 0.32540904799347814, -0.7224383554115559, 0.005978485086504545, -0.6355142150584294, -0.24888183575199613, 0.19524565419474293, -0.2337954172618403, 0.7222582106492252, 0.26897281096772485, -0.29431063481559017, -0.06604078313841177], [-0.5653705323526502, -0.6783520100050645, 0.5755940954925303, -0.027529641749512515, -0.3307933257569592, 0.3978838136788002, 0.73776705481871, -0.3909771874274791, -0.04161660328817282, 0.18897124569561505, 0.4983674987463778, 0.4543497125255475, 0.07812937664148553], [-0.3007547622522798, -0.03041978781293954, -0.18356726972701826, 0.1707518017349139, -0.7139831042835534, -0.5584654540245234, -0.33388331524003884, 0.4272188198010587, 0.5569175558747501, 0.0729751280019927, 0.44402542519945315, 0.19064864267902099, -0.12391949431065712]], "inverted": true, "swapped": false, "error_lsq": 0.04753017918940188, "error_max": 0.4227193980469648, "target": "572.xyz", "model": "1.xyz", "model_rescale": 4.316132596720782, "target_rescale": 3.978686538069961},
{"mapping": [8, 11, 3, 0, 1, 7, 4, 9, 5, 10, 6, 12], "R": [[0.37000118692090495, -0.9216453798098934, 0.11691413752065755], [-0.6548124327140252, -0.1694447949764047, 0.7365521973482564], [-0.6590294376128141, -0.3490820180566193, -0.666199628511797]], "T": [-0.08480984097808741, 0.037256675052142176, 0.013144094957100554], "aligned_model": [[-0.17255231936810658, 0.4583681420622, 0.16865998728957698, -0.5500529547521267, -0.5865386736113813, -0.6459046632916845, -0.09730545534680893, -0.18389978120849954, 0.587089140472626, 0.2374731083114044, 0.43132322141865653, -0.04885119734407585], [-0.6800042837565259, -0.3114461323075313, -0.5382183964318701, 0.41723095434704227, -0.1536973392779776, -0.22399023061323584, 0.42589717665685806, 0.49505817191594503, 0.026245007889975892, 0.01755204062239022, 0.501024363986787, 0.03712509470912268], [0.2624591880888405, 0.1769108407327533, -0.38553590781807334, 0.02453543042900943, -0.43161915782169574, 0.2500344070918551, -0.6170859058812709, 0.6154187382990641, -0.643581493657563, 0.6151813784078574, -0.277819109115891, -0.13963994754546466]], "inverted": true, "swapped": true, "error_lsq": 0.04198937002108865, "error_max": 0.2606068358392902, "target": "572.xyz", "model": "2.xyz", "model_rescale": 3.795458400668931, "target_rescale": 3.978686538069961},
{"mapping": [3, 11, 6, 9, 1, 0, 2, 8, 10, 7, 4, 12], "R": [[0.19230466336251384, -0.5034342995625001, 0.8423614559516867], [0.1991295175725742, -0.8205065193433665, -0.5358325176268679], [0.960919534446222, 0.27078212226631365, -0.05753860078770667]], "T": [0.05978507233967383, 0.04525719541288995, 0.035679276723389976], "aligned_model": [[0.028660453753442554, 0.0016775961130778214, -0.6851775013520558, 0.1655969072272411, 0.260615809621175, 0.14009080224743195, -0.31898318685934074, 0.6589590882985672, 0.17535254292047492, 0.6881153099454441, -0.480428835562198, -0.041175160609695165], [-0.16717866946904267, -0.5899801672679406, -0.022695600869938957, -0.010453862957862041, 0.5842848656855311, 0.5430614063742278, -0.31840994660073657, -0.29199725454900616, -0.5179616712455397, 0.2535801610058119, 0.5276521975440209, 0.09586758764018452], [-0.6772488527427629, -0.15550788394138365, 0.11659018327610873, 0.789228151297051, -0.3581808427989453, 0.3623340297223595, 0.6300866277434508, -0.2983416444612436, 0.4046401563150611, 0.06725489781007357, -0.11875980334070702, -0.07332358823996185]], "inverted": false, "swapped": true, "error_lsq": 0.04544654302226492, "error_max": 0.33000490912544644, "target": "572.xyz", "model": "3.xyz", "model_rescale": 3.7530521520055578, "target_rescale": 3.978686538069961},
{"mapping": [0, 6, 4, 5, 1, 11, 7, 10, 8, 3, 12], "R": [[0.8278821548103243, 0.35208698710951924, 0.4366301538542149], [0.5061253126667826, -0.8044495474781075, -0.3109631705527511], [0.24176084386137792, 0.4784304328430719, -0.8441895612390768]], "T": [-0.1993399121187005, -0.12240310210918157, -0.00402657332491208], "aligned_model": [[-0.33201528837842387, -0.03316161347603214, 0.29600117368567225, 0.4558831670499085, 0.2643698216654624, -0.2409090085700303, -0.3718584344692272, -0.7608149282608523, -0.24046169887168373, 0.35270833511404964, -0.051541923043638416], [-0.6969587877951362, 0.09651713361198921, -0.39572138036926374, 0.38040312226413975, -0.5578023309031885, 0.5354821599045425, -0.4756932890761625, 0.2665099210385965, 0.14202855182783222, 0.28629322250283784, -0.11385496469184114], [-0.11911079875984754, -0.7044493720509807, -0.48185683744161667, -0.4520518115489708, 0.28129850875890217, 0.09039010098388167, 0.5294692266294921, 0.009970903581164032, 0.71200760201787, 0.2833308753870635, -0.056167620311640895]], "inverted": true, "swapped": true, "error_lsq": 0.05310500308975028, "error_max": 0.2492191086643805, "target": "572.xyz", "model": "4.xyz", "model_rescale": 3.7855080009869324, "target_rescale": 3.978686538069961},
{"mapping": [3, 10, 1, 8, 14, 13, 12, 5, 7, 0, 4, 6, 16], "R": [[-0.3416094511334606, -0.635850529908732, -0.6920961540935485], [-0.5935549645930465, -0.42499458451432043, 0.6834267386782932], [-0.7286943713953359, 0.6442621413278024, -0.23223007201581708]], "T": [-0.09300813383771184, 0.047645920285901255, -0.13538681829236465], "aligned_model": [[0.39013516220811023, -0.2889534034279578, 0.4452854089922213, -0.7599206445948619, -0.12091615755840715, -0.678537807544882, -0.07504262965677694, 0.3547958435641606, -0.21138028564665284, 0.6463716802338442, 0.2116180149154286, -0.38099373843859796, -0.08557564014131583], [-0.44779503059681697, -0.6026671257781302, 0.5784691425509112, -0.11507399126571535, -0.058747076191014325, 0.40368062613814865, 0.520032956238258, -0.34038576780420404, -0.06246929662006209, 0.12310903973546211, 0.3988141081484701, 0.47196180861597276, 0.027494103847948387], [-0.19477894802053222, 0.12855004445782303, -0.17501896990138865, 0.01972542282305642, -0.8029188932112689, -0.3704653760395082, -0.6248691897153044, 0.4159808008877157, 0.5962087971659172, 0.10146058293248741, 0.4398388741054081, 0.2684663561662336, -0.18463531601046002]], "inverted": false, "swapped": false, "error_lsq": 0.038734841351152384, "error_max": 0.2372748697810833, "target": "572.xyz", "model": "5.xyz", "model_rescale": 4.2253639853439635, "target_rescale": 3.978686538069961},
{"mapping": [5, 6, 1, 7, 2, 3, 4, 11, 12, 8, 9, 0, 13], "R": [[0.6397893536442859, -0.7576510495619226, 0.12897468767608622], [-0.23030075784693083, -0.028893943624125146, 0.9726904445695841], [-0.7332333488723466, -0.6520199591420213, -0.19297364841314674]], "T": [0.05659874496126593, 0.09836351279720094, -0.07078564604418534], "aligned_model": [[0.36897732309469533, -0.32953830592565797, 0.35670322316304426, -0.67922155301613, -0.002667415104228403, -0.5922215523307072, -0.1346264654364323, 0.15682346628193222, -0.3145288707003786, 0.7615567829594182, 0.245376171312923, -0.3929576408476952, 0.0032106394535291877], [-0.40552748421837864, -0.4129316555050338, 0.743839987518238, 0.020318513671491692, -0.16851530039489931, 0.06337946422909074, 0.4915007062988454, -0.5538598187969009, -0.20118589909829365, 0.09000264891814858, 0.4383713324269493, 0.6980372333577686, 0.09299376861220222], [-0.2927197657749446, -0.1272957949224846, -0.2496800414376888, 0.21534139431173072, -0.6835130188434589, -0.35507038159303905, -0.6273711095630707, 0.34166255648999155, 0.731634572541686, 0.15018751118465684, 0.3996972902840648, 0.21443906216677966, -0.09976808920404359]], "inverted": true, "swapped": false, "error_lsq": 0.048814368467394904, "error_max": 0.3716608794207301, "target": "572.xyz", "model": "6.xyz", "model_rescale": 3.89814844738969, "target_rescale": 3.978686538069961},
{"mapping": [7, 11, 0, 10, 4, 2, 2, 8, 9, 3, 6, 5, 12], "R": [[0.21247105770415448, 0.9661134530975369, 0.14656345172665375], [0.12503123634565566, -0.17563393025971458, 0.9764834419893675], [0.9691353050920984, -0.18914946017760395, -0.15811148642197495]], "T": [0.037552247769352336, 0.05460455944729271, -0.07130573115378147], "aligned_model": [[0.5081366490024055, -0.17293993806896735, 0.3807589948509562, -0.6958136138885229, -0.19200211315160653, -0.41947829476651605, -0.41947829476651605, 0.27901929310376955, -0.453620422588112, 0.8169356520350057, 0.289841982911741, -0.3541307230086329, -0.1203433687606916], [-0.256261469871492, -0.7212626751390605, 0.490832697878199, 0.021768969783517535, -0.16029177678870454, 0.415643272783354, 0.415643272783354, -0.34774585846871214, -0.049547926298597826, 0.12532840859158184, 0.36486583342477613, 0.5529726909411663, 0.04447805739984638], [-0.4077389528749088, 0.023896386571303246, -0.2784880843286571, -0.07129809173418655, -0.6339958309767562, -0.4741977454491474, -0.4741977454491474, 0.41602842477520385, 0.6675092298760311, 0.12854817295471488, 0.4740965813087077, 0.3767905307572781, -0.1294086897902557]], "inverted": true, "swapped": false, "error_lsq": 0.054083394025086884, "error_max": 0.36338751738608127, "target": "572.xyz", "model": "7.xyz", "model_rescale": 3.7474275329858107, "target_rescale": 3.978686538069961},
{"mapping": [8, 2, 7, 1, 3, 0, 6, 4, 13, 9, 11, 12, 14], "R": [[-0.03911400410808025, 0.52053655941328, -0.8529430139211047], [0.7512395365126054, -0.5475205048933494, -0.36859253316047746], [-0.6588696786641186, -0.655181644306002, -0.3696319243538422]], "T": [-0.06663022111433689, 0.15030533858351047, -0.020300908270695427], "aligned_model": [[0.34333512265124355, -0.35455673961538414, 0.3626211837646317, -0.7743426318169946, -0.08230569916305444, -0.5341743934199773, -0.03711719469956584, 0.11297579072059794, -0.11100016119978026, 0.6860709494194223, 0.2579119981037963, -0.3349058987831799, -0.08762652305744277], [-0.38004790884045403, -0.6355450672351226, 0.6280005435972538, -0.10193265308380994, -0.12725382175541117, 0.3101955992461042, 0.5158102423493456, -0.5211690110715426, -0.09962435857737423, 0.23673449182816353, 0.549765731945217, 0.41722701004523305, 0.10426269857162591], [-0.14625393806573023, -0.11045053649179225, -0.2470786727017054, -0.03821624658517357, -0.6812469944868929, -0.4562490578426862, -0.7500085517778147, 0.3389896762338231, 0.8420669271605962, 0.05914334535988332, 0.32838763136051574, 0.46696041881648354, 0.011500184660672975]], "inverted": true, "swapped": false, "error_lsq": 0.040799153449218535, "error_max": 0.21293796679465854, "target": "572.xyz", "model": "8.xyz", "model_rescale": 4.019505241142653, "target_rescale": 3.978686538069961},
{"mapping": [1, 1, 8, 2, 0, 3, 4, 10, 6, 9, 11, 5, 12], "R": [[-0.3849098326803571, -0.004106228622916874, 0.9229450468974174], [0.8571958309200611, -0.37228766553078435, 0.3558331091212641], [0.3421399248249845, 0.9281083088627833, 0.1468170251047839]], "T": [-0.02924442927654769, 0.0789277833721218, -0.02358970808843654], "aligned_model": [[0.15858812892236995, 0.15858812892236995, 0.45433943690832573, -0.5702952808765799, -0.16938771026062824, -0.7743431554671449, -0.20040547048534973, 0.22579099898374122, -0.32032130266238196, 0.6503685351557319, 0.2535011669914948, -0.3843015894461663, -0.03523608378147017], [-0.5564817413739419, -0.5564817413739419, 0.5222900502523032, -0.15606291588660848, -0.028713055862352052, 0.37871313783182015, 0.6108899213381658, -0.5533125259319094, -0.01107194082380468, 0.04749408122995137, 0.46765219015811166, 0.6162280445609098, 0.11527999290052482], [-0.15503919691585044, -0.15503919691585044, -0.18394392867105516, -0.06848413381626153, -0.6492248961932977, -0.32923237072307177, -0.6362191662326196, 0.587482202443395, 0.6361345838634981, 0.04332966411161521, 0.37162894955932546, 0.16553343031800857, -0.009381755187656314]], "inverted": false, "swapped": false, "error_lsq": 0.06180928938857411, "error_max": 0.40629929511451285, "target": "572.xyz", "model": "9.xyz", "model_rescale": 3.877068213659057, "target_rescale": 3.978686538069961},
{"mapping": [6, 12, 2, 0, 3, 1, 4, 10, 11, 14, 9, 8, 15], "R": [[0.10469053442504109, -0.1566020465891298, -0.9820975974952264], [0.9815717259749543, 0.17501389164708211, 0.07672733865509015], [0.15986506425216485, -0.9720318599380575, 0.1720384390100415]], "T": [0.012397584447051697, 0.08393009460733122, -0.1305570614468287], "aligned_model": [[0.2903599161138047, -0.33669379360283813, 0.36619042996783163, -0.7158137357763092, -0.013708299233081221, -0.7601079362210376, -0.04161269584411411, 0.3320040529608841, -0.2681623238342937, 0.725542748574037, 0.27391839826676806, -0.3363875976546446, -0.06864336081269418], [-0.4582654507633871, -0.5737737032612183, 0.6445692212214211, -0.10078798652235066, -0.19055833767344801, 0.38765334660927786, 0.43646547684373893, -0.2551626869186344, -0.16474926408947016, 0.13372188131668908, 0.41407902668780905, 0.5649255195483982, 0.05830645402040292], [-0.2257700221159476, -0.06926970749803214, -0.1600485876400432, 0.1327935399120975, -0.7021652542760991, -0.38332972004368127, -0.705789513277626, 0.4043060708225198, 0.5051315342405683, 0.18323634112430678, 0.37762976491218514, 0.36169819118146673, -0.1008784517015354]], "inverted": true, "swapped": false, "error_lsq": 0.03973747399826121, "error_max": 0.26366896268661777, "target": "572.xyz", "model": "10.xyz", "model_rescale": 4.260839863003843, "target_rescale": 3.978686538069961},
{"mapping": [4, 0, 7, 1, 8, 3, 5, 6, 9, 10, 11, 12], "R": [[0.32830583360846666, 0.5109206379158944, -0.7944654689602726], [-0.7806454695828111, 0.6202968757394004, 0.07631799766615771], [0.5317968883309516, 0.5951402252407032, 0.6024949641797539]], "T": [-0.0019643736072623087, -0.06057818764726012, 0.0020985832343872676], "aligned_model": [[0.4219242704607734, 0.12765619781207033, -0.5136627786701491, -0.3333547046312695, -0.7103270071409675, -0.3464936837339087, 0.37381769024659883, 0.6767019568675778, 0.27910884325598007, 0.04210056933192586, -0.09295414280298436, 0.034381438098482896], [-0.09515722079356949, -0.6352544132263201, -0.4761761852023454, -0.2896842854138764, 0.1346730591056319, 0.5198216814861599, 0.6789796497737595, 0.2364689955249005, -0.5054144090495902, 0.07423267805888634, 0.5227320075825563, 0.00785694768674116], [-0.6041275641063384, -0.11582984244325378, 0.07019712958058172, -0.566848209160722, 0.2128576192520056, -0.3122257758724866, -0.43914969429692596, -0.1294627194824224, 0.5545968689230766, 0.6703708136740754, 0.3101985575687618, -0.13439910624084753]], "inverted": false, "swapped": true, "error_lsq": 0.050712167817734556, "error_max": 0.3195123334861117, "target": "572.xyz", "model": "11.xyz", "model_rescale": 3.890672605050136, "target_rescale": 3.978686538069961},
{"mapping": [6, 8, 10, 3, 5, 7, 12, 1, 0, 11, 2, 4, 13], "R": [[-0.5849899722473915, 0.742736981305953, -0.3257737082247689], [0.44474682718231107, 0.6296676761380577, 0.636960656036278], [0.6782234086798125, 0.22772877338496056, -0.6986791922558718]], "T": [0.08407015707945203, -0.03916633397968669, -0.06744491514098677], "aligned_model": [[0.36428345103875864, -0.3968360071387054, 0.34776079075173877, -0.7886852083979248, -0.1305739493146684, -0.6133228749223485, -0.06895110339564603, 0.2710006139838644, -0.2112791248400812, 0.5937828100830831, 0.3358723377143288, -0.22068942809578773, -0.03547650456229916], [-0.5425949656738939, -0.5642897667457608, 0.8113848606996296, -0.04388885989228441, -0.09873895857738038, 0.2091233196952221, 0.5135158341222885, -0.33325679770033456, -0.22075323899729551, 0.14934254918755954, 0.47338033786554656, 0.4701855944216272, 0.07301358861430385], [-0.05752188029619398, -0.17774309017160994, -0.14850303864293785, 0.23477838935668188, -0.8126638036723173, -0.49048082031894047, -0.5431118802014006, 0.6281599251385501, 0.41056087702366656, 0.01869204690371018, 0.3561772097233595, 0.30503226819085166, -0.10583201739324063]], "inverted": false, "swapped": false, "error_lsq": 0.051287925605879546, "error_max": 0.3184211332024635, "target": "572.xyz", "model": "12.xyz", "model_rescale": 4.124412569039231, "target_rescale": 3.978686538069961},
{"mapping": [9, 6, 10, 1, 8, 2, 11, 3, 0, 7, 5, 4, 12], "R": [[-0.039120193943229326, -0.5885379563308162, -0.807522559674831], [0.9524817622294186, -0.26626793592457954, 0.14791848741386446], [-0.3020730094632516, -0.7633639107636743, 0.5709881230791093]], "T": [0.019570475250326645, -0.0030743313628519564, 0.08359766377087144], "aligned_model": [[0.4129105451115093, -0.21529399301386748, 0.21266952442398063, -0.7728699581504322, -0.24022743489683016, -0.523573969169536, 0.0185189580503868, 0.1761025412599251, -0.16292556345639334, 0.6195621337153184, 0.31296883708334305, -0.3980596093666684, 0.007103791313576798], [-0.344191692032601, -0.5926666728870007, 0.6100280833812077, -0.18024619826108548, -0.1529225737360546, 0.4681357947952608, 0.3560136521365542, -0.6073293488465545, -0.0312436470033043, 0.17865791928370606, 0.4707791426874443, 0.6201861950546533, 0.10122284244700254], [-0.28729828887851594, -0.1281388875071935, -0.278932139887731, 0.02433057340745673, -0.5682816740204674, -0.39111345169917455, -0.8446305278686649, 0.4287454030398169, 0.633751350395554, 0.09141260864651993, 0.5965559130235568, 0.31898603302921613, 0.02215727395980617]], "inverted": false, "swapped": false, "error_lsq": 0.05113497685268446, "error_max": 0.2842497976024843, "target": "572.xyz", "model": "13.xyz", "model_rescale": 3.9028299243045295, "target_rescale": 3.978686538069961},
{"mapping": [5, 10, 2, 9, 12, 11, 1, 4, 7, 0, 3, 6, 15], "R": [[-0.403619138756189, 0.7643268139223889, 0.5028877731153967], [0.5305828181633934, -0.2522463349730278, 0.8092302883372985], [0.7453680056854497, 0.593444443913603, -0.3037272264525699]], "T": [0.016645046502838157, 0.03397640459688322, -0.1285202738732505], "aligned_model": [[0.2879540340097556, -0.24297632584358253, 0.426862232029494, -0.7066544473314912, -0.02526249899472719, -0.5916804329521546, -0.2594311337738895, 0.3415261104667918, -0.4260368375919389, 0.7902165421482342, 0.21900586148847986, -0.2897187913037793, -0.07691850944687961], [-0.3665799568027036, -0.6059740817369635, 0.6201945464119266, 0.09182817578003949, -0.05085995280029688, 0.17702311782200325, 0.5675022608477759, -0.3453053464475151, -0.18035072300988642, 0.12893938938265923, 0.2899655198818024, 0.538051302948887, 0.03198924474150003], [-0.2959952519907225, 0.15150243968943294, -0.302359051081592, 0.14412688135422907, -0.8179307749934711, -0.5226451744051375, -0.37617095353791413, 0.3296946554831087, 0.6322192266808488, 0.1539431430328161, 0.40271330813389494, 0.18205654107766445, -0.06361080380297826]], "inverted": true, "swapped": false, "error_lsq": 0.05319118701052014, "error_max": 0.3065015679582509, "target": "572.xyz", "model": "14.xyz", "model_rescale": 3.942246331269136, "target_rescale": 3.978686538069961},
{"mapping": [5, 3, 7, 13, 10, 11, 6, 1, 12, 2, 0, 8, 14], "R": [[0.09108807057439194, -0.2943574373684251, 0.9513446601862693], [0.5698024475181519, -0.7680751640785639, -0.2922083385668702], [0.8167179036860636, 0.5686952095732657, 0.09776310350567374]], "T": [-0.0867854830416461, 0.016755234565087276, -0.1568737861007839], "aligned_model": [[0.43402693657290004, -0.10070939665332826, 0.4402803592495793, -0.8358734066788078, -0.22030831530728473, -0.6685173877397859, -0.10031648888873293, 0.2071498033911209, -0.38030995879115115, 0.6442417732078101, 0.30477201219222505, -0.2413635727136314, -0.0361865549366007], [-0.3429624677652188, -0.6779531226593104, 0.6877121729758477, -0.06619479949271397, -0.12964802058265312, 0.3618027790821408, 0.49661064561570195, -0.42650593361813877, -0.25707049209008814, 0.13916366695929078, 0.3614738143873293, 0.7211949689255727, 0.028800285281468267], [-0.11064439723870395, 0.02679535538182745, -0.2116268026143868, 0.14794816359459384, -0.8422483232620863, -0.3948679199267594, -0.4438321205408773, 0.45448782534627724, 0.5551227811103872, 0.025508353755814506, 0.3613629469853327, 0.12368137983860794, -0.07414305678984787]], "inverted": true, "swapped": false, "error_lsq": 0.043511893795915496, "error_max": 0.2964118568210266, "target": "572.xyz", "model": "15.xyz", "model_rescale": 4.355366556412066, "target_rescale": 3.978686538069961},
{"mapping": [8, 11, 3, 0, 1, 7, 4, 9, 5, 10, 6, 12], "R": [[0.37000118692090495, -0.9216453798098934, 0.11691413752065755], [-0.6548124327140252, -0.1694447949764047, 0.7365521973482564], [-0.6590294376128141, -0.3490820180566193, -0.666199628511797]], "T": [-0.08480984097808741, 0.037256675052142176, 0.013144094957100554], "aligned_model": [[-0.17255231936810658, 0.4583681420622, 0.16865998728957698, -0.5500529547521267, -0.5865386736113813, -0.6459046632916845, -0.09730545534680893, -0.18389978120849954, 0.587089140472626, 0.2374731083114044, 0.43132322141865653, -0.04885119734407585], [-0.6800042837565259, -0.3114461323075313, -0.5382183964318701, 0.41723095434704227, -0.1536973392779776, -0.22399023061323584, 0.42589717665685806, 0.49505817191594503, 0.026245007889975892, 0.01755204062239022, 0.501024363986787, 0.03712509470912268], [0.2624591880888405, 0.1769108407327533, -0.38553590781807334, 0.02453543042900943, -0.43161915782169574, 0.2500344070918551, -0.6170859058812709, 0.6154187382990641, -0.643581493657563, 0.6151813784078574, -0.277819109115891, -0.13963994754546466]], "inverted": true, "swapped": true, "error_lsq": 0.04198937002108865, "error_max": 0.2606068358392902, "target": "572.xyz", "model": "16.xyz", "model_rescale": 3.795458400668931, "target_rescale": 3.978686538069961},
{"mapping": [7, 11, 0, 10, 4, 2, 2, 8, 9, 3, 6, 5, 12], "R": [[0.21247105770415448, 0.9661134530975369, 0.14656345172665375], [0.12503123634565566, -0.17563393025971458, 0.9764834419893675], [0.9691353050920984, -0.18914946017760395, -0.15811148642197495]], "T": [0.037552247769352336, 0.05460455944729271, -0.07130573115378147], "aligned_model": [[0.5081366490024055, -0.17293993806896735, 0.3807589948509562, -0.6958136138885229, -0.19200211315160653, -0.41947829476651605, -0.41947829476651605, 0.27901929310376955, -0.453620422588112, 0.8169356520350057, 0.289841982911741, -0.3541307230086329, -0.1203433687606916], [-0.256261469871492, -0.7212626751390605, 0.490832697878199, 0.021768969783517535, -0.16029177678870454, 0.415643272783354, 0.415643272783354, -0.34774585846871214, -0.049547926298597826, 0.12532840859158184, 0.36486583342477613, 0.5529726909411663, 0.04447805739984638], [-0.4077389528749088, 0.023896386571303246, -0.2784880843286571, -0.07129809173418655, -0.6339958309767562, -0.4741977454491474, -0.4741977454491474, 0.41602842477520385, 0.6675092298760311, 0.12854817295471488, 0.4740965813087077, 0.3767905307572781, -0.1294086897902557]], "inverted": true, "swapped": false, "error_lsq": 0.054083394025086884, "error_max": 0.36338751738608127, "target": "572.xyz", "model": "17.xyz", "model_rescale": 3.7474275329858107, "target_rescale": 3.978686538069961},
{"mapping": [3, 1, 5, 2, 0, 6, 4, 11, 7, 10, 12, 9, 13], "R": [[-0.9741770959400328, -0.225328160755786, -0.014359864771614633], [0.0639591461085407, -0.3363951271726727, 0.939546457629184], [-0.2165368637782277, 0.9143661949049168, 0.3421202248336003]], "T": [0.007992541970981246, 0.027847007321661406, -0.032402263297643584], "aligned_model": [[0.4197405907295985, -0.18617443686824386, 0.39778346239333234, -0.6821358307114295, -0.36894022016149275, -0.5923106560772579, -0.07583804597825619, 0.3450142412886449, -0.2783253311345591, 0.6905467913216083, 0.18374124830858535, -0.32367906015613607, -0.08253695005008155], [-0.47903956596866043, -0.6359509835619638, 0.6348896461571507, -0.12873014707970126, -0.2197574965672108, 0.42939572596577863, 0.5757662997422803, -0.3851733455258568, -0.08188297531239652, 0.10645955626574227, 0.4787459713938654, 0.588813507843601, 0.012887303666600009], [-0.21711481693355875, -0.01862443919558642, -0.08514891875783329, -0.08753072915678092, -0.7365017543257215, -0.303314626302096, -0.6504497562445687, 0.45500641956387494, 0.6556389334978289, 0.03377276451023133, 0.5377200391364672, 0.11936960330046842, -0.08527853345254582]], "inverted": false, "swapped": false, "error_lsq": 0.0448497706059682, "error_max": 0.2552243078758949, "target": "572.xyz", "model": "18.xyz", "model_rescale": 3.922800546911778, "target_rescale": 3.978686538069961},
{"mapping": [4, 8, 9, 5, 13, 12, 7, 6, 1, 10, 2, 0, 14], "R": [[-0.8847907419634825, 0.4496730099085313, 0.12222735821211295], [-0.4162011841496387, -0.8805548400827116, 0.2267151250343677], [0.20957556453019255, 0.14972427247013842, 0.966261209500381]], "T": [-0.07355408393720955, 0.03404593025899032, -0.050492842942738855], "aligned_model": [[0.43541970444184963, -0.33618050593882465, 0.40188176191950775, -0.8082741292020184, -0.051694992579151416, -0.6793807481470072, -0.040312243738756026, 0.23515498960189476, -0.1314952155545411, 0.7208610474839913, 0.27967053065824954, -0.5151912776827987, -0.06357311835808276], [-0.43853593969823274, -0.5184965984144169, 0.6940128240828768, 0.011692056201700708, -0.23612982725496706, 0.195629218572204, 0.5383100432142481, -0.47383221837427353, -0.08822777849071449, 0.045319653129582575, 0.4935382833699737, 0.5677256458240143, 0.10541813485723257], [-0.25415726797315036, -0.061205942188312726, -0.08436970002751483, 0.15498338338630185, -0.6816354472699581, -0.5253390690379152, -0.669220330213446, 0.2995446778583716, 0.6772948935239739, 0.08871257866496819, 0.3704918502044195, 0.41703810359645443, -0.11459354488401297]], "inverted": true, "swapped": false, "error_lsq": 0.038743323653111846, "error_max": 0.23549911060915127, "target": "572.xyz", "model": "19.xyz", "model_rescale": 3.9282355846067225, "target_rescale": 3.978686538069961},
{"mapping": [5, 7, 0, 12, 2, 10, 1, 6, 8, 3, 4, 11, 13], "R": [[-0.49820763663544687, -0.06767981491999908, -0.8644122821030005], [-0.7641422188296899, -0.4368336899898879, 0.47461879091736014], [-0.40972651879047434, 0.8969926253555339, 0.16591687634965263]], "T": [-0.08465171624129508, -0.013507888021571254, 0.08095085767609657], "aligned_model": [[0.38519835990560886, -0.3584782165471495, 0.18037990245811802, -0.9185058509597427, -0.16840765206907043, -0.6157066984930731, 0.2617197318528884, 0.3221667598548923, -0.13666672526285506, 0.6346267714012997, 0.2247592795110795, -0.30343547542228555, -0.06076438332539765], [-0.37057498854433835, -0.5486281796091921, 0.7165723564172245, -0.17276139984353034, -0.1769644754469641, 0.38954967614002484, 0.25762248260673254, -0.4790157051341484, -0.0176410633018836, 0.18685974230017383, 0.3784774736201926, 0.6500652865970994, 0.08286229121783775], [-0.29245795839230404, -0.08264345041880707, -0.11124192566031206, 0.03490798360325466, -0.7221575394912697, -0.46472262966697553, -0.5256923145221155, 0.2922450927392507, 0.8398309106665378, -0.013104121327605828, 0.4682235741252569, 0.23959347480998033, -0.04523691082471186]], "inverted": false, "swapped": false, "error_lsq": 0.05469047216693283, "error_max": 0.3988570898714095, "target": "572.xyz", "model": "20.xyz", "model_rescale": 4.067790424073018, "target_rescale": 3.978686538069961},
{"mapping": [13, 6, 9, 2, 11, 3, 12, 5, 4, 1, 7, 0, 14], "R": [[0.14712091623106133, 0.8783954590426862, 0.45472722982082536], [0.8175521245069418, 0.15077766263731912, -0.5557648964839473], [-0.556744070216755, 0.4535278535909514, -0.6959515258232183]], "T": [-0.02639658795930927, 0.03136843616066358, -0.002965378505156855], "aligned_model": [[0.44758028342294126, -0.4685925504470722, 0.4847737681463982, -0.7301444161265851, -0.08340346918018582, -0.7221422235950556, -0.06324927732628283, 0.25653924991910065, -0.3274543379268437, 0.7531361086933481, 0.2714981106298467, -0.3968995366234743, 0.025244093318176952], [-0.4016034261738585, -0.5540558899013605, 0.5609804767523797, 0.031747223398259014, -0.13188278502272544, 0.1751081026114279, 0.5159752289020312, -0.3587257851754761, -0.37016910609131, 0.180394176548066, 0.618179226605263, 0.5820149254771511, 0.0484611290893808], [-0.28225876707435826, -0.09939147408989729, -0.2524966450188601, 0.23882126796028236, -0.6259673915474495, -0.4709631727662563, -0.5952592267030204, 0.3379743976754449, 0.6220180837424523, 0.2054217728027908, 0.3485681220023287, 0.24996551789847618, -0.05888829924175387]], "inverted": false, "swapped": false, "error_lsq": 0.04498559725436149, "error_max": 0.2733605129085992, "target": "572.xyz", "model": "21.xyz", "model_rescale": 4.186013935880536, "target_rescale": 3.978686538069961},
{"mapping": [7, 10, 0, 11, 4, 3, 6, 9, 8, 1, 2, 5, 12], "R": [[0.6689825969200529, -0.01620899381983182, 0.743101307721532], [-0.6396477174962845, 0.49664511938641304, 0.5866808526715775], [-0.37856714400472713, -0.8678023357360848, 0.32187889581502543]], "T": [-0.033052463205197655, 0.05233895311331882, 0.003533482644455504], "aligned_model": [[0.41930311848268487, 0.006185433394926568, 0.4210629037325173, -0.6287705556659369, -0.3462670531488307, -0.657876042648482, -0.016680180964022615, 0.11212768934429217, -0.265199989775573, 0.6931263975548758, 0.09294938144339733, -0.3138940563962946, -0.06918124244924179], [-0.27639798501729146, -0.7491440132304751, 0.5959394348477617, -0.11623567944829882, -0.2831184992526756, 0.5220069569733319, 0.2698141553499501, -0.42699575911360005, -0.03660617027045984, 0.06768657257633592, 0.5104955180013879, 0.7598751502629856, 0.05910381534027593], [-0.4714719837505979, -0.22534394037716216, -0.13812170001921448, 0.1287074666967058, -0.5594772340093433, -0.48773641818239233, -0.5086084252322055, 0.37042817761615426, 0.7286985822163512, 0.09043543138190521, 0.5726690552983772, 0.1415889257523987, -0.02422375175079729]], "inverted": true, "swapped": false, "error_lsq": 0.056004642914537425, "error_max": 0.3068222419901357, "target": "572.xyz", "model": "22.xyz", "model_rescale": 4.166573947596378, "target_rescale": 3.978686538069961},
{"mapping": [0, 7, 2, 14, 8, 9, 3, 5, 13, 1, 6, 12, 15], "R": [[0.3968882915856099, -0.09587550802760736, 0.912845863748478], [-0.9103219119975037, 0.0861399789006502, 0.40483814120238837], [-0.11744658589957091, -0.9916591102770368, -0.05308962671832407]], "T": [-0.12123033059836266, 0.15782341775259381, -0.11987896985186956], "aligned_model": [[0.4564123822941666, -0.05960041349396658, 0.3964169562877088, -0.790606298350572, -0.1765428322313224, -0.6201035215674577, -0.045499605837996754, 0.21370386468886446, -0.37178109146831817, 0.5633512855144851, 0.30076506702990535, -0.35699523718312487, -0.06263475277805926], [-0.3945911997781508, -0.5493004715894626, 0.5843889697519872, 0.13257459839199368, -0.25069501148669415, 0.2450891031298112, 0.5035274142291654, -0.3414053881359632, -0.326276472796151, 0.07411093472102093, 0.4655758253615552, 0.6146192940558355, 0.1388059011642815], [-0.2869799854637887, -0.03288928029221992, -0.1736595929054756, 0.30116268383210426, -0.8156751759037241, -0.44230633495919347, -0.6058627722192538, 0.45427402839836045, 0.5279518345206334, 0.06023014133396677, 0.43357922365357654, 0.28648760289329217, -0.0887681872480983]], "inverted": true, "swapped": false, "error_lsq": 0.04617967368811777, "error_max": 0.2923712722088606, "target": "572.xyz", "model": "23.xyz", "model_rescale": 4.274766983524099, "target_rescale": 3.978686538069961},
{"mapping": [2, 4, 5, 11, 3, 8, 10, 7, 0, 1, 12], "R": [[-0.8098716567245181, 0.3059619552061734, 0.5004949366384236], [0.5837988039791722, 0.5037762472147629, 0.6367012244488761], [-0.05733110941515285, 0.807834620890084, -0.5866143274627735]], "T": [0.045664648211960215, 0.03844624350356374, 0.05161259865769222], "aligned_model": [[0.27099854985212946, 0.3225004267927943, -0.3765517694907707, -0.5185651966041891, -0.6116976749603711, -0.4927251123000463, -0.08333544858427312, 0.14003114751334955, 0.6119912828615701, 0.10479062658497254, 0.012457872292908963], [-0.43682542591616424, 0.6617643204321697, 0.5683406732109242, -0.21772308369464521, 0.3862255308745357, -0.19276581256684253, -0.6104793268425678, -0.09763126823810864, 0.10861696381827787, 0.5634124346839293, 0.182651525481975], [-0.5420040759078897, -0.2368730344236075, -0.5993890809229806, -0.1922674418617002, 0.08750966961891343, 0.5425275527097765, -0.11855802707724572, 0.6933074170394203, 0.23952636414770923, 0.5065018433159325, -0.0007147526167509896]], "inverted": true, "swapped": true, "error_lsq": 0.06046813597326409, "error_max": 0.28466173743579604, "target": "572.xyz", "model": "24.xyz", "model_rescale": 3.7841303162186577, "target_rescale": 3.978686538069961},
{"mapping": [6, 11, 2, 14, 3, 12, 5, 7, 10, 1, 8, 9, 15], "R": [[0.2685570053235881, -0.7272756245930154, -0.6316227519369976], [-0.9536267676479901, -0.2932555629792868, -0.06780238054042098], [-0.13591586705338266, 0.620541167574353, -0.7723053388580104]], "T": [0.011361683717878608, 0.03500886392041055, 0.05608545578754129], "aligned_model": [[0.3828668677930752, -0.24870197131814353, 0.09443475053199912, -0.7585720779485688, -0.03848104782090333, -0.5207685352171731, -0.0632775430645448, 0.18543173696627097, -0.3631214550690224, 0.7279636612850524, 0.35512176104746673, -0.3427621289701207, 0.036751784688924545], [-0.4436549053440428, -0.6773172165277437, 0.7476963784947784, 0.17125399451403814, -0.2033260584136987, 0.39271111766956096, 0.46243489656261166, -0.49188003249084206, -0.18603791527360208, 0.21004399737985596, 0.45581253732872673, 0.4678221302209406, -0.00913542710135469], [-0.33747692356524894, -0.0638562784227021, -0.17622554280513986, 0.19001913096388043, -0.7118429618022093, -0.34895581888338423, -0.7061971151064503, 0.3950445499285504, 0.7011868473915767, 0.15032293031256058, 0.2889181453293792, 0.22757805133529344, 0.009029170964073033]], "inverted": false, "swapped": false, "error_lsq": 0.04501159152054893, "error_max": 0.3460348205780599, "target": "572.xyz", "model": "25.xyz", "model_rescale": 4.19342608120988, "target_rescale": 3.978686538069961},
{"mapping": [8, 11, 3, 0, 1, 7, 4, 9, 5, 10, 6, 12], "R": [[0.37000118692090495, -0.9216453798098934, 0.11691413752065755], [-0.6548124327140252, -0.1694447949764047, 0.7365521973482564], [-0.6590294376128141, -0.3490820180566193, -0.666199628511797]], "T": [-0.08480984097808741, 0.037256675052142176, 0.013144094957100554], "aligned_model": [[-0.17255231936810658, 0.4583681420622, 0.16865998728957698, -0.5500529547521267, -0.5865386736113813, -0.6459046632916845, -0.09730545534680893, -0.18389978120849954, 0.587089140472626, 0.2374731083114044, 0.43132322141865653, -0.04885119734407585], [-0.6800042837565259, -0.3114461323075313, -0.5382183964318701, 0.41723095434704227, -0.1536973392779776, -0.22399023061323584, 0.42589717665685806, 0.49505817191594503, 0.026245007889975892, 0.01755204062239022, 0.501024363986787, 0.03712509470912268], [0.2624591880888405, 0.1769108407327533, -0.38553590781807334, 0.02453543042900943, -0.43161915782169574, 0.2500344070918551, -0.6170859058812709, 0.6154187382990641, -0.643581493657563, 0.6151813784078574, -0.277819109115891, -0.13963994754546466]], "inverted": true, "swapped": true, "error_lsq": 0.04198937002108865, "error_max": 0.2606068358392902, "target": "572.xyz", "model": "26.xyz", "model_rescale": 3.795458400668931, "target_rescale": 3.978686538069961},
{"mapping": [5, 7, 8, 3, 10, 4, 11, 0, 2, 6, 1, 9, 12], "R": [[0.19085727608762382, 0.5310336206703044, -0.8255766432513701], [-0.6530131697855306, -0.5592556526907618, -0.5106925836744488], [-0.732903336225908, 0.6365818161487317, 0.2400339373874375]], "T": [-0.052554263617016025, 0.19985732569052733, -0.012180752979628891], "aligned_model": [[0.44978313496023853, -0.04906737706022006, 0.5582526233540631, -0.5806390253384037, -0.22192625873322985, -0.7369154096269797, -0.18461192381889918, -0.07406276225141604, -0.3710975736935163, 0.726747987821839, 0.3082169258225814, -0.36221503466950483, -0.015579503862239753], [-0.1636960870916827, -0.5830706660811418, 0.5208377666126585, -0.29304049223899975, -0.10376927555708226, 0.241855816339229, 0.6614643193557048, -0.3880726386537449, 0.2137410995029464, -0.046245785163356645, 0.3844325749130434, 0.4102773243663382, 0.04170954071531646], [-0.43920126996362446, -0.22948169626321716, -0.24592893688766693, 0.1403144415867345, -0.6341216205823377, -0.49045800651751714, -0.5423263457319737, 0.5753130202686932, 0.8082900352446897, 0.10318050310853352, 0.4192462939193959, 0.19807604511227134, -0.045358277653801224]], "inverted": true, "swapped": false, "error_lsq": 0.06602066700592454, "error_max": 0.35874645000289523, "target": "572.xyz", "model": "27.xyz", "model_rescale": 3.6321398670334006, "target_rescale": 3.978686538069961},
{"mapping": [3, 4, 10, 6, 7, 12, 8, 1, 13, 0, 11, 9, 14], "R": [[-0.9697904427907594, 0.07559186775961993, 0.23193181454969733], [-0.06340983312084894, 0.8399755566955458, -0.5389065384810192], [-0.23555400683344183, -0.537333168232355, -0.8098069993412571]], "T": [0.041932382511561804, 0.07879625103928224, -0.028779859813665303], "aligned_model": [[0.4544514911548771, -0.373819523657754, 0.32481469037243865, -0.6978905640213567, -0.17210926732058515, -0.6002464803326476, 0.058870280036067396, 0.14742587240938573, -0.3029005491947309, 0.6496348717294402, 0.2457423646293752, -0.3199989593800218, 0.032911576479824775], [-0.31306246446249275, -0.6373222884466746, 0.8026847883019054, -0.05015257125289534, -0.25015054683521465, 0.2763732347805046, 0.30529302819069815, -0.5249460157299657, 0.06013432247137336, 0.22059911555352413, 0.3801957324406613, 0.5808982909577018, 0.045878871050102445], [-0.4132727882943806, -0.056919552066988496, -0.05397149564166116, 0.17107420232562964, -0.6972613930732641, -0.5105260320577096, -0.4929370889527086, 0.2388646713313082, 0.7109628748901097, -0.027628150737365405, 0.5005080393667614, 0.2231554622167092, 0.025495436333739383]], "inverted": false, "swapped": false, "error_lsq": 0.04641384568100286, "error_max": 0.22655038459863824, "target": "572.xyz", "model": "28.xyz", "model_rescale": 4.156811204709835, "target_rescale": 3.978686538069961},
