[{"mapping": [5, 1, 3, 6, 8, 11, 9, 12, 2, 4, 13], "R": [[0.1676307021752178, 0.985312654286864, 0.03254106621514366], [0.938592221882697, -0.1494110545917472, -0.31099996428791465], [-0.3015702052749005, 0.08267593403135447, -0.9498526734301996]], "T": [0.11962674370948717, -0.2001458207555495, -0.05204966690353975], "aligned_model": [[-0.15440307712018697, 0.4641006816463007, 0.4593628789768383, 0.056927762732661036, -0.5195956879875174, -0.5591958118821745, 0.12254246986462614, 0.13719491221104246, 0.6343542984698347, -0.05181870044242637, 0.0013859926641290599], [-0.2955369597315467, -0.6151507824481295, 0.07341531541116725, 0.4762381247043819, 0.24899192251848085, -0.35214356377615424, -0.23424080788797835, -0.7096518719541687, 0.32255696064958467, 0.6895285998056997, -0.15826337667510892], [-0.7507695308994877, -0.25736089717557403, -0.3400496130328949, -0.4029340927422728, -0.06783263255577339, -0.10824988914445549, 0.6797783198239795, 0.22220341187789683, 0.17837514098717694, 0.252072202894801, 0.05189670352601218]], "inverted": true, "swapped": false, "error_lsq": 0.0584510807197862, "error_max": 0.3041435278369072, "target": "573.xyz", "model": "0.xyz", "model_rescale": 3.8414455957264533, "target_rescale": 3.8209836630037195},
{"mapping": [8, 11, 13, 9, 6, 10, 3, 1, 0, 2, 14], "R": [[0.85786134149786, -0.3609389675920124, -0.3657826956501696], [-0.10951495553342078, 0.5670420474869036, -0.8163760107305782], [0.5020760831567316, 0.7403960953810282, 0.4469152365566903]], "T": [0.05184695412659894, 0.03465888161664449, -0.021153980489099725], "aligned_model": [[-0.2268880800073516, 0.4872396745496204, 0.5006296162900467, 0.10267795183049015, -0.6531231057441119, -0.49547760367132726, -0.04632931256640392, 0.35324444235257246, 0.7584273318336596, -0.2381607400627534, 0.04861554432868621], [-0.10950998387079672, -0.6722933122714794, -0.03531066520109161, 0.540681032851323, 0.3595067695219121, -0.3755622380994844, -0.2751324003674594, -0.6059379788235302, 0.059250000929008145, 0.6050924791786079, -0.04504014323078158], [-0.7462915650004673, -0.2132924115469781, -0.6282333701070798, -0.47598083999246793, -0.10786175518673405, -0.04430050896617205, 0.6914242006987091, 0.47613175995999807, 0.13902347172399918, 0.3464133952421009, 0.02009674673449934]], "inverted": true, "swapped": false, "error_lsq": 0.04711252528007352, "error_max": 0.22328698038303554, "target": "573.xyz", "model": "1.xyz", "model_rescale": 4.316132596720782, "target_rescale": 3.8209836630037195},
{"mapping": [4, 2, 0, 5, 3, 6, 10, 8, 1, 7, 11], "R": [[-0.5844340669538065, 0.7292026355441494, -0.35594990897498513], [0.3329534169783311, -0.18453220669559534, -0.924710704390572], [-0.7399857049337422, -0.6589471761890482, -0.13494360113096204]], "T": [0.13172500722904917, 0.034698269601870835, 0.005697752178047938], "aligned_model": [[-0.18529558537373536, 0.4706923148837447, 0.5384700142557903, 0.09707703546066926, -0.47434781449953617, -0.5033224463277199, -0.02958199159737393, 0.26722258273702243, 0.6402634996987921, -0.2724300164437528, 0.04210812633922631], [-0.24371342062919232, -0.649540171394907, 0.10106180336262982, 0.5565081918986626, 0.25880399349590744, -0.4859577933540695, -0.09466288469272358, -0.6241492452213655, -0.08604497625477997, 0.7454638221054993, -0.032025758699432666], [-0.6395267093430611, -0.33729542843729254, -0.5722887867932727, -0.37149424795179575, -0.11035985472038713, 0.04726647645235314, 0.6010812777130359, 0.3725716747394612, 0.15200883740882876, 0.36892242919491247, -0.05375654470337488]], "inverted": true, "swapped": false, "error_lsq": 0.041982152449099724, "error_max": 0.19947198689062687, "target": "573.xyz", "model": "2.xyz", "model_rescale": 3.795458400668931, "target_rescale": 3.8209836630037195},
{"mapping": [0, 2, 10, 4, 7, 1, 8, 6, 5, 9, 11], "R": [[0.5098915806395679, -0.7116241791030332, -0.4833234979895116], [-0.7693389537964318, -0.6286049216300647, 0.11390095115437934], [-0.38487420043995546, 0.31376245826802596, -0.8680005585351374]], "T": [0.07258557126016102, -0.08022826764890176, -0.055400935047083655], "aligned_model": [[-0.319482214911197, 0.4236797159444476, 0.6309859202107333, 0.14886116819877548, -0.5791813515591313, -0.32845417614143263, -0.2299343546657146, 0.24103441287773736, 0.6091218121479594, 0.007573209109348528, -0.013348422078398703], [-0.1368136904461707, -0.7343927991220649, -0.04265243251362014, 0.39985573132035934, 0.3154704788340572, -0.5654426003782135, -0.23423263086204296, -0.4447076442418919, 0.33830423830872447, 0.5767053122706514, -0.026350402553560318], [-0.7301519151495844, -0.2465212603552112, -0.5305723170830059, -0.47331973166783514, -0.011529794573445329, -0.05713710259840343, 0.648393983633389, 0.3759644187042182, 0.12005281732100939, 0.5091929961538502, -0.1472429708255734]], "inverted": true, "swapped": false, "error_lsq": 0.050404122709938035, "error_max": 0.27011132628249807, "target": "573.xyz", "model": "3.xyz", "model_rescale": 3.7530521520055578, "target_rescale": 3.8209836630037195},
{"mapping": [5, 8, 9, 3, 1, 7, 0, 6, 4, 2, 10], "R": [[-0.6186865209933805, 0.24451240743348537, -0.7466194956952228], [-0.756625667380105, 0.07043129072038612, 0.6500438698650051], [0.2115291663168899, 0.967084854549249, 0.141429473232208]], "T": [0.07279254973321911, -0.002791159035794785, -0.10772650160062744], "aligned_model": [[-0.2945190268082103, 0.29587963088538527, 0.4777912611977875, 0.08843632433592122, -0.6418900360097548, -0.25266330816131066, -0.11598806349686239, 0.48207731080943195, 0.5185418488701281, -0.009463725384176697, 0.04265350289478808], [-0.15650808973271202, -0.8645454591124253, -0.02535056429407513, 0.6434183964086118, 0.32329622422700666, -0.5059408317885427, -0.23676039420201767, -0.4666414924328505, 0.1582202494226525, 0.5960195151800289, -0.019463993059448688], [-0.7069034812534506, -0.3292917799646883, -0.4721862192507924, -0.5105146194281316, -0.019286177526664297, -0.09936995181346284, 0.6602843465220638, 0.29682806233129333, 0.4536056577103743, 0.2021374438270586, -0.018174157594192344]], "inverted": true, "swapped": false, "error_lsq": 0.052382499769107825, "error_max": 0.27392676525237003, "target": "573.xyz", "model": "4.xyz", "model_rescale": 3.7855080009869324, "target_rescale": 3.8209836630037195},
{"mapping": [15, 13, 8, 10, 3, 14, 1, 11, 6, 5, 16], "R": [[-0.5293644232333504, 0.58598645029702, 0.613508913939415], [-0.29260134085645567, 0.5526695404534107, -0.7803466116950982], [-0.7963402305194851, -0.5926012648681357, -0.12110317144013769]], "T": [0.010188768961434613, -0.026300384426219868, 0.03242863855454516], "aligned_model": [[-0.07079487461405987, 0.39763840360424474, 0.43871745020067876, -0.020231509921896068, -0.5644957806703419, -0.4385550063645256, -0.08904383243697742, 0.4399014758088583, 0.6439678427737622, -0.1115200162878549, -0.03472843295876086], [-0.19680256791112888, -0.5833881895522862, -0.005629843853656634, 0.5018534516599773, 0.3631159250857738, -0.47208615117555625, -0.21626780371104146, -0.5847633379260384, -0.05858789069759864, 0.7474356846491441, -0.049135715951360376], [-0.7698735249636469, -0.22134999898292249, -0.5254654123829179, -0.4686625768288214, 0.05499435812698058, -0.2075744297649656, 0.7584928295317195, 0.4010779942334336, 0.18526407490137672, 0.2364450879507875, 0.013780721738383905]], "inverted": false, "swapped": false, "error_lsq": 0.04859886692794512, "error_max": 0.22541656633692703, "target": "573.xyz", "model": "5.xyz", "model_rescale": 4.2253639853439635, "target_rescale": 3.8209836630037195},
{"mapping": [11, 7, 6, 5, 8, 9, 1, 0, 4, 10, 13], "R": [[0.0689628081898066, -0.9967394083002719, 0.04188893681868733], [-0.9853337717765311, -0.061484137260385596, 0.15917618874059283], [-0.15608167503973908, -0.05225182108376797, -0.9863611194234185]], "T": [0.08626035162544556, -0.05480783719468954, -0.07028388118006917], "aligned_model": [[-0.20324884568151846, 0.5133955774359241, 0.4578354545873383, -0.006854805052786878, -0.6112234076642523, -0.3620659915078014, -0.08410273281551005, 0.24720300154582076, 0.548121696807313, -0.054850122267394594, 0.14664589374599457], [-0.0500564436075194, -0.6487601842104533, -0.03486260794528741, 0.47683233629371946, 0.18377703668746148, -0.423197369412326, -0.002395787067071345, -0.7467740412730733, 0.09403493213894074, 0.6587563630802059, -0.06161067406836855], [-0.7925827374347676, -0.3771508301550423, -0.5949286169891277, -0.4010852717162751, -0.020700223787334965, 0.11916022691153694, 0.641709923862819, 0.30166085285518957, 0.44492601784208413, 0.2115430881343065, -0.07542330596398074]], "inverted": false, "swapped": false, "error_lsq": 0.05000439739847141, "error_max": 0.22939049062984723, "target": "573.xyz", "model": "6.xyz", "model_rescale": 3.89814844738969, "target_rescale": 3.8209836630037195},
{"mapping": [4, 1, 0, 7, 11, 10, 9, 5, 6, 8, 12], "R": [[-0.429864441602831, -0.42874245730760885, -0.7946045979902958], [-0.2008026185379085, -0.8126273613676056, 0.5470969566219888], [-0.8802811313630468, 0.39473621173963297, 0.26322699881972245]], "T": [0.0732421675404806, 0.019022378856042937, -0.17031705883659248], "aligned_model": [[-0.3497407904638089, 0.6382405983088547, 0.5723135598581488, 0.06083809526688144, -0.6229915763036571, -0.407685323265359, -0.1557888717452278, 0.29960226067477896, 0.5786783917596343, 0.022192275621598062, -0.04480290057871589], [-0.08419190627958581, -0.6084625441231992, -0.03515630339915948, 0.5305939510573899, 0.37954192772067163, -0.5078155090038846, -0.18614767441822327, -0.5415621696268678, 0.07486692721720656, 0.5238939111044085, -0.09981704963252823], [-0.6456359170424882, -0.21316629099832107, -0.48496416787702656, -0.5819180124949013, 0.031238387733898476, 0.003044561929411438, 0.6683699574679149, 0.31659430503086844, 0.2755433012462493, 0.2771037908955046, -0.18908079233170225]], "inverted": false, "swapped": false, "error_lsq": 0.04870625649705653, "error_max": 0.288233943700145, "target": "573.xyz", "model": "7.xyz", "model_rescale": 3.7474275329858107, "target_rescale": 3.8209836630037195},
{"mapping": [10, 6, 7, 11, 12, 0, 2, 3, 8, 13, 14], "R": [[0.05414427098189001, 0.8459267129838406, -0.5305434894334248], [-0.6491149341099278, -0.37392105965078415, -0.6624445965249461], [-0.7587609638320251, 0.3802512819307642, 0.5288579793807661]], "T": [0.04517365107783752, 0.005442582916645511, -0.0008465113417517461], "aligned_model": [[-0.20208527353213754, 0.27587885777278676, 0.4084270000835155, 0.1062913703022888, -0.44624919084914727, -0.2358935106753355, 0.0025418935971192325, 0.35448118010938445, 0.5803019291234275, -0.27723509346432873, 0.02439655666555413], [-0.15735332746213232, -0.6665641534541458, -0.051250139233635306, 0.43834612997117867, 0.3360012110752664, -0.5857899396238577, -0.1607838911489155, -0.5964462145672573, 0.07267750888117924, 0.7888115727416529, 0.028094803436895084], [-0.699147216949963, -0.403487979988317, -0.5741793741844178, -0.44281834181771274, -0.17369674299231008, -0.07607012798819009, 0.8232534755674112, 0.2362046749712302, 0.41667894491574375, 0.29998143934744204, 0.050410372678491244]], "inverted": true, "swapped": false, "error_lsq": 0.04976082643346568, "error_max": 0.23682207066303074, "target": "573.xyz", "model": "8.xyz", "model_rescale": 4.019505241142653, "target_rescale": 3.8209836630037195},
{"mapping": [0, 4, 8, 9, 1, 2, 6, 5, 11, 10, 12], "R": [[-0.6725887398242163, 0.14536940049625596, -0.7255977704355441], [0.584913900122684, -0.4962152815886562, -0.6415965428220152], [-0.4533212067672812, -0.8559428320380107, 0.24872022792247117]], "T": [0.016069648580729415, -0.08194583056744736, -0.06475219165447664], "aligned_model": [[-0.26347169835753365, 0.29490320305353795, 0.5767496389643912, 0.28122073485313037, -0.49795841963306836, -0.42444583004020575, -0.05058823804302556, 0.3857319151664694, 0.5576365773740726, -0.31770474969121876, 0.04878258548657792], [-0.36877948639613084, -0.6822775594008079, 0.0524566589605685, 0.5102370233429374, 0.31547511165938624, -0.4313799129231036, -0.04409645100207241, -0.5503299462767317, 0.11075080692791223, 0.6321222712913106, -0.09843495556704066], [-0.5768353560984798, -0.56420022248364, -0.4164777246744019, -0.2800529822093665, -0.2495143142296512, 0.11913390733151823, 0.6578721842035954, 0.24264144516301284, 0.17362312487036347, 0.400952817105165, -0.05001375541870777]], "inverted": true, "swapped": false, "error_lsq": 0.051609658001790695, "error_max": 0.26688639811010934, "target": "573.xyz", "model": "9.xyz", "model_rescale": 3.877068213659057, "target_rescale": 3.8209836630037195},
{"mapping": [2, 14, 13, 4, 1, 8, 0, 10, 6, 5, 15], "R": [[0.6242458047609543, 0.04631164950200253, 0.7798540929935245], [0.33014691658465806, -0.9203610256720406, -0.20961535223726488], [0.7080396801790079, 0.3883179284353395, -0.5898211574262957]], "T": [0.09435008381839186, -0.057607408398445206, -0.03208513318787817], "aligned_model": [[-0.031283402153934076, 0.5059273394080318, 0.6518108489055646, -0.07515648356439156, -0.6114032750682783, -0.5729315655387942, -0.345096458913256, 0.4503210645264669, 0.6781431478428123, -0.10829939303670205, 0.048823896725607656], [-0.24914394163345888, -0.6251381825046529, -0.03790846514753578, 0.4356046334501143, 0.42520762917958915, -0.4427504039324128, 0.009565464542921884, -0.6181408681286147, 0.0019220413943506348, 0.5962512635426497, -0.04972561014672251], [-0.6548895499900225, -0.37564667027009346, -0.567330817885002, -0.46347832406442857, 0.11525273062227434, 0.009424013158122219, 0.6283242677565626, 0.21750990056987915, 0.1575104314469356, 0.3452707583791069, 0.045182383836072953]], "inverted": false, "swapped": false, "error_lsq": 0.04822988471876111, "error_max": 0.23216597959794996, "target": "573.xyz", "model": "10.xyz", "model_rescale": 4.260839863003843, "target_rescale": 3.8209836630037195},
{"mapping": [1, 0, 3, 2, 8, 7, 10, 6, 5, 9, 11], "R": [[-0.6595520049668805, 0.3558461861365969, -0.6620911149956679], [-0.7510873958620476, -0.27766076139890494, 0.598975980617377], [0.029306595184974693, 0.89234410032869, 0.45040329715405636]], "T": [0.04832969820995153, 0.02940638956264932, -0.01650543152400443], "aligned_model": [[-0.1335498760453787, 0.25849027270132946, 0.5655425001987375, 0.05644122715311384, -0.6285585918534071, -0.3217078552818939, -0.08333637066076244, 0.4057890285600592, 0.6871463447325814, -0.24114332237734287, 0.025742362006091046], [-0.0980041811145072, -0.7759485404697554, 0.04944160725035043, 0.5507666926040717, 0.2654113279918028, -0.5112930096024181, -0.02779960494212433, -0.6310000653165948, -0.017674466927963373, 0.6561376037498324, -0.014293802606466371], [-0.7049435261190907, -0.294480680524671, -0.5022240526657947, -0.4620104973225984, -0.05818658878837226, 0.0014388720442624833, 0.594006904586457, 0.35677928039668144, 0.19868654631343619, 0.38242641312209336, -0.05436354748299558]], "inverted": false, "swapped": false, "error_lsq": 0.03906309252107449, "error_max": 0.2381708119887227, "target": "573.xyz", "model": "11.xyz", "model_rescale": 3.890672605050136, "target_rescale": 3.8209836630037195},
{"mapping": [4, 3, 7, 12, 11, 0, 6, 8, 5, 9, 13], "R": [[-0.12690673414742773, -0.7735611642162512, 0.6208846962556187], [-0.5866774641069417, 0.5632586284881784, 0.5818498694187911], [-0.7998151248489129, -0.2904183924100091, -0.5253122151757978]], "T": [-0.13851177296437092, -0.03620828529740894, 0.020900635949201378], "aligned_model": [[-0.2590585171218306, 0.2650116929829185, 0.6091512439360715, 0.21825386600374372, -0.5844889325852785, -0.2368287586915806, -0.26775917055936493, 0.35387882519201985, 0.5398093409434307, -0.0027039156360829375, -0.04440995533091932], [-0.2258617638964025, -0.7419687683383768, -0.033785507550152805, 0.4545301844931485, 0.2846421603902045, -0.6126758763300155, -0.11640646649838485, -0.4805544001971247, 0.31723497426970515, 0.6271309540772613, -0.026541929803633985], [-0.6428441074224343, -0.4174304136123161, -0.3889265393133932, -0.4115645994910217, 0.051257323742493074, -0.06103486645235088, 0.5767078920088305, 0.30250155011471536, 0.16207609602818374, 0.40477261384695656, -0.11838582589025604]], "inverted": false, "swapped": false, "error_lsq": 0.04837702052373238, "error_max": 0.24860713012933855, "target": "573.xyz", "model": "12.xyz", "model_rescale": 4.124412569039231, "target_rescale": 3.8209836630037195},
{"mapping": [9, 3, 6, 8, 10, 7, 4, 0, 1, 2, 12], "R": [[0.6969003084255921, -0.40505078287917906, -0.591830907781335], [-0.4995665029218842, -0.8662632344777347, 0.004617114962016111], [-0.514551522468561, 0.2924412280803402, -0.8060489183940072]], "T": [0.014173939187095919, -0.1833155721925974, -0.05510615987752173], "aligned_model": [[-0.11223128794110851, 0.40225798425806947, 0.5286857293294944, 0.13973889086480973, -0.6250314950557729, -0.5216976335286545, -0.06811559736230255, 0.29081167452558604, 0.6672214936598335, -0.047499834326838825, -0.06328420528998867], [-0.17125900963415294, -0.6945599625717139, -0.03148187247523526, 0.4477712716948037, 0.16047374874512813, -0.46063387883043894, -0.0032101950513221122, -0.5425487501852928, 0.2382011672319643, 0.6041916788716452, -0.10120063717915684], [-0.6816184341821308, -0.3661902691360355, -0.4549023082064945, -0.3726891557712801, 0.07844153924557831, -0.22544079779568707, 0.7058581895165948, 0.3070961049001648, 0.18720939655828747, 0.2890219976898485, -0.009657139259438084]], "inverted": true, "swapped": false, "error_lsq": 0.04426722684588258, "error_max": 0.24526340208378916, "target": "573.xyz", "model": "13.xyz", "model_rescale": 3.9028299243045295, "target_rescale": 3.8209836630037195},
{"mapping": [3, 7, 9, 1, 8, 4, 13, 10, 14, 12, 15], "R": [[0.4379327776201389, -0.69469161095265, -0.5706298694932841], [-0.27917503169654434, -0.7084397115509935, 0.6482086676177503], [-0.8545619836870488, -0.12456621038450816, -0.5041895231629658]], "T": [-0.09271922624081749, 0.041431939081999464, -0.153946032652949], "aligned_model": [[-0.2614047234052682, 0.42577129577784856, 0.647456982998264, 0.13132277569775044, -0.7695117886381447, -0.35524437322438807, 0.014716567360084198, 0.22469062715598956, 0.6336697033829973, -0.10674474983297662, 0.006133401860970805], [-0.2757421408158649, -0.6599327998438329, -0.0771205590579565, 0.570400417434495, 0.3097995952075966, -0.5807267559295184, 0.06215649896224837, -0.5182530878612204, 0.051112335254601154, 0.5676761607092368, -0.003626103443556433], [-0.6634901929820382, -0.3986561415685408, -0.3512527505439058, -0.45758444593363135, 0.10380925475535455, -0.09596000584020273, 0.6338860526712959, 0.22202771328040613, 0.351342068961232, 0.3011480157071622, -0.1881404449477247]], "inverted": true, "swapped": false, "error_lsq": 0.04445838771487232, "error_max": 0.22237259809277327, "target": "573.xyz", "model": "14.xyz", "model_rescale": 3.942246331269136, "target_rescale": 3.8209836630037195},
{"mapping": [10, 9, 5, 3, 13, 6, 8, 7, 0, 12, 14], "R": [[-0.235002006266461, 0.04270927694680246, -0.9710561130611453], [-0.17574658745658683, -0.984435142823088, -0.0007658800497840207], [-0.9559744735337354, 0.17047981475109508, 0.23885024327877452]], "T": [-0.005712982647445498, -0.0174046739361962, -0.1303558177859585], "aligned_model": [[-0.29642642893655863, 0.30914344810002087, 0.5473550235975655, 0.11048793092038481, -0.6334321093881183, -0.15018421136497265, -0.1625480467848432, 0.40619672631632436, 0.46504515738064284, -0.06784503359823232, 0.06306326289091413], [-0.367006816163482, -0.6893895549582848, 0.1089614695078533, 0.5714696602112299, 0.45598560801350607, -0.5304547478784979, -0.2400968308731265, -0.6401143554895501, 0.014035136040971855, 0.7432808888485175, 0.01907310335709063], [-0.680141730973957, -0.44254815245652174, -0.4148324186661727, -0.5256687277308194, 0.07652623891501473, 0.03904629270581658, 0.5939727624755049, 0.28622857017180203, 0.4336617305351481, 0.16217339610267267, -0.07128883751908055]], "inverted": false, "swapped": false, "error_lsq": 0.053692615910043213, "error_max": 0.265467510704977, "target": "573.xyz", "model": "15.xyz", "model_rescale": 4.355366556412066, "target_rescale": 3.8209836630037195},
{"mapping": [4, 2, 0, 5, 3, 6, 10, 8, 1, 7, 11], "R": [[-0.5844340669538065, 0.7292026355441494, -0.35594990897498513], [0.3329534169783311, -0.18453220669559534, -0.924710704390572], [-0.7399857049337422, -0.6589471761890482, -0.13494360113096204]], "T": [0.13172500722904917, 0.034698269601870835, 0.005697752178047938], "aligned_model": [[-0.18529558537373536, 0.4706923148837447, 0.5384700142557903, 0.09707703546066926, -0.47434781449953617, -0.5033224463277199, -0.02958199159737393, 0.26722258273702243, 0.6402634996987921, -0.2724300164437528, 0.04210812633922631], [-0.24371342062919232, -0.649540171394907, 0.10106180336262982, 0.5565081918986626, 0.25880399349590744, -0.4859577933540695, -0.09466288469272358, -0.6241492452213655, -0.08604497625477997, 0.7454638221054993, -0.032025758699432666], [-0.6395267093430611, -0.33729542843729254, -0.5722887867932727, -0.37149424795179575, -0.11035985472038713, 0.04726647645235314, 0.6010812777130359, 0.3725716747394612, 0.15200883740882876, 0.36892242919491247, -0.05375654470337488]], "inverted": true, "swapped": false, "error_lsq": 0.041982152449099724, "error_max": 0.19947198689062687, "target": "573.xyz", "model": "16.xyz", "model_rescale": 3.795458400668931, "target_rescale": 3.8209836630037195},
{"mapping": [4, 1, 0, 7, 11, 10, 9, 5, 6, 8, 12], "R": [[-0.429864441602831, -0.42874245730760885, -0.7946045979902958], [-0.2008026185379085, -0.8126273613676056, 0.5470969566219888], [-0.8802811313630468, 0.39473621173963297, 0.26322699881972245]], "T": [0.0732421675404806, 0.019022378856042937, -0.17031705883659248], "aligned_model": [[-0.3497407904638089, 0.6382405983088547, 0.5723135598581488, 0.06083809526688144, -0.6229915763036571, -0.407685323265359, -0.1557888717452278, 0.29960226067477896, 0.5786783917596343, 0.022192275621598062, -0.04480290057871589], [-0.08419190627958581, -0.6084625441231992, -0.03515630339915948, 0.5305939510573899, 0.37954192772067163, -0.5078155090038846, -0.18614767441822327, -0.5415621696268678, 0.07486692721720656, 0.5238939111044085, -0.09981704963252823], [-0.6456359170424882, -0.21316629099832107, -0.48496416787702656, -0.5819180124949013, 0.031238387733898476, 0.003044561929411438, 0.6683699574679149, 0.31659430503086844, 0.2755433012462493, 0.2771037908955046, -0.18908079233170225]], "inverted": false, "swapped": false, "error_lsq": 0.04870625649705653, "error_max": 0.288233943700145, "target": "573.xyz", "model": "17.xyz", "model_rescale": 3.7474275329858107, "target_rescale": 3.8209836630037195},
{"mapping": [11, 7, 12, 5, 8, 1, 0, 2, 9, 4, 13], "R": [[0.41261392335414804, 0.40307154131253264, 0.8168739699844995], [-0.3159184678803315, -0.7777886489021113, 0.5433602297658274], [0.8543683467371913, -0.4822635692471162, -0.19358868218620295]], "T": [-0.006566378545679381, -0.06405035039941533, -0.11184916853896176], "aligned_model": [[-0.17618081926855111, 0.45004388814849905, 0.5201033151644161, 0.16692100119931746, -0.5328132219515573, -0.33788102058326075, -0.3727595387350972, 0.20773982056398133, 0.6148364600710233, 0.0511275768408316, -0.00028174231647527456], [-0.43715110497309806, -0.5969776490606191, 0.0980438160070158, 0.6017494292235712, 0.40692742540116267, -0.661759671266709, -0.10767128343352737, -0.48456127984285285, 0.1308115196433075, 0.5904945283310344, -0.09416216941305694], [-0.7066293214029173, -0.3855549242830467, -0.6173997973169489, -0.3350816016518312, 0.02268203871790553, -0.004645658663842492, 0.6385788256167667, 0.4183169705641211, 0.04181126754864101, 0.3955641060806583, -0.010512781650098377]], "inverted": false, "swapped": false, "error_lsq": 0.05665882224004506, "error_max": 0.24432428794959296, "target": "573.xyz", "model": "18.xyz", "model_rescale": 3.922800546911778, "target_rescale": 3.8209836630037195},
{"mapping": [1, 0, 5, 8, 4, 2, 7, 3, 12, 13, 14], "R": [[-0.7548235611082066, 0.6178057372635375, 0.22035757894881355], [-0.31113735989050906, -0.6329863461564968, 0.7088877406612502], [0.5774382520030081, 0.4665236934858774, 0.6700154539561054]], "T": [-0.09111368084027863, -0.005462720165668629, -0.07915069559696353], "aligned_model": [[-0.16390912049505513, 0.36559623306457745, 0.5892050437656573, 0.0664958143746748, -0.6411736316823786, -0.413983372162244, 0.05836553149335599, 0.2797602894327015, 0.5970965454746273, -0.0680535008316299, -0.07854411330115922], [-0.2794274939076067, -0.6691153116894929, -0.0375949587762816, 0.4887923912408531, 0.4626713735278105, -0.6432413284486017, -0.11061572465430547, -0.4395398750184042, 0.15370102052282114, 0.5531898591520757, -0.03307639133263997], [-0.7629833875983348, -0.3014656253286604, -0.4236324402194306, -0.40359142344757315, -0.03276470748054455, -0.12522207532592344, 0.6985445080566173, 0.20925659521590112, 0.2667504934905366, 0.3198346055605922, 0.01240258063622772]], "inverted": false, "swapped": false, "error_lsq": 0.04363608266425611, "error_max": 0.2148005800817003, "target": "573.xyz", "model": "19.xyz", "model_rescale": 3.9282355846067225, "target_rescale": 3.8209836630037195},
{"mapping": [6, 5, 3, 4, 9, 7, 10, 2, 1, 11, 13], "R": [[0.42421460653099047, 0.7016830148108039, 0.572435947798335], [0.868100859159273, -0.13517418337823534, -0.47762834764590656], [-0.25776513715529636, 0.6995490596620427, -0.6664744910296738]], "T": [-0.087189745031267, -0.018480823404762675, -0.12779062041073583], "aligned_model": [[-0.06403286114648879, 0.344320076112101, 0.5786136101764384, 0.0734985810435573, -0.6756925237789185, -0.39559405671996195, -0.0422984695581142, 0.23317448718975278, 0.6051879153933245, -0.10120522232605325, 0.034884182747490444], [-0.28353513554591214, -0.5179615676602005, 0.10324883116219766, 0.5258928440351621, 0.2859724645433006, -0.5570204479795292, 0.007400543640859875, -0.6018635419844456, -0.12694673242441074, 0.6188868823745459, -0.008330579545339731], [-0.7244932468514053, -0.3558441505817118, -0.45679343580101106, -0.40564744865342817, 0.0706974147492985, -0.07338814184298853, 0.7321798890939263, 0.3577478154889284, 0.13744346154730172, 0.19920960183960826, -0.023982635429110666]], "inverted": true, "swapped": false, "error_lsq": 0.0485495627172812, "error_max": 0.24249894735331165, "target": "573.xyz", "model": "20.xyz", "model_rescale": 4.067790424073018, "target_rescale": 3.8209836630037195},
{"mapping": [6, 4, 2, 3, 11, 5, 9, 8, 0, 12, 14], "R": [[-0.009796353363575108, 0.10556546834866748, 0.9943640999921016], [-0.759643862209769, 0.6458770721864638, -0.07605268062906612], [-0.6502655104400058, -0.7561076242944305, 0.07386492006379497]], "T": [-0.035347722684891544, -0.13004749648449682, 0.04050839496828689], "aligned_model": [[-0.17551801781268994, 0.30871094545852407, 0.501740076111454, 0.12214540124260677, -0.491204545847588, -0.18384594522404457, -0.18402636278135537, 0.2848130181467966, 0.6274999396832822, -0.1296398065540284, -0.08981898328982989], [-0.1515774336515519, -0.677077848994442, -0.01947300975366216, 0.5918393349151838, 0.2943144427060595, -0.6990591944137381, 0.10154174794740925, -0.5648594753765563, 0.09656317337487985, 0.5740989071861013, -0.10056708332345496], [-0.6857461422738154, -0.4336792483170507, -0.4625143786784343, -0.38117909028365476, -0.1331111757073503, -0.010873375926456104, 0.7673584368004485, 0.2238210780186672, 0.15772021314329437, 0.3273894016854723, 0.08794340509828694]], "inverted": true, "swapped": false, "error_lsq": 0.04982901690128243, "error_max": 0.304930527311185, "target": "573.xyz", "model": "21.xyz", "model_rescale": 4.186013935880536, "target_rescale": 3.8209836630037195},
{"mapping": [4, 3, 6, 7, 9, 11, 2, 5, 0, 1, 12], "R": [[0.11507441937519908, -0.8830118780719105, -0.4550251654462408], [-0.8834584649127977, 0.11845158237101822, -0.45328838878546757], [0.4541574823553875, 0.45415773231083484, -0.766473571235758]], "T": [-0.07465274051547124, -0.027458735061553725, -0.034518508558115744], "aligned_model": [[-0.08888464937609888, 0.4201360979487547, 0.39394806133217486, 0.05460697552038371, -0.6236937677574639, -0.4251656863040407, -0.01456530902660505, 0.3277161294650782, 0.5425897274334531, 0.06647296223388544, -0.06230482233639448], [-0.15030734155789427, -0.7344171441821177, -0.046174082496505384, 0.5515500682274773, 0.24766403470571974, -0.5317290481265904, -0.12312721235939034, -0.5537118404496616, 0.21230847223148672, 0.6347796694629289, -0.06109201483922479], [-0.7502851055857754, -0.36274475345869, -0.33437826460304904, -0.466218023736194, 0.05665260637953053, -0.1822280373901063, 0.6982408283960958, 0.3651009825265971, 0.2541194360603784, 0.242333559392828, -0.06346410442220737]], "inverted": false, "swapped": false, "error_lsq": 0.04858505820890086, "error_max": 0.28775615386459197, "target": "573.xyz", "model": "22.xyz", "model_rescale": 4.166573947596378, "target_rescale": 3.8209836630037195},
{"mapping": [3, 11, 9, 8, 0, 2, 5, 12, 14, 7, 15], "R": [[-0.5329281244790257, -0.05549928803508619, -0.8443384648154239], [0.8133936553919955, 0.2413936768644968, -0.5292635016113304], [0.2331917140623053, -0.9688389555532115, -0.08350271070598031]], "T": [0.052043490606586, -0.0760380095128356, -0.02354925724257331], "aligned_model": [[-0.05299830328528049, 0.3908191337877207, 0.4991242531172153, -0.06354735855359328, -0.6159551550846237, -0.4033108223411195, -0.2510560969809029, 0.4116698413565133, 0.7708869690837857, -0.09199514019031527, -0.002781601776272638], [-0.2636860612133579, -0.6623610275446711, 0.03290718105386797, 0.5291125209505235, 0.38517256326555427, -0.5528807307507143, 0.1526010882729407, -0.584076288835754, -0.05883901798898364, 0.5463651760981024, -0.0785718426912797], [-0.5849591629665827, -0.4279620532068607, -0.4091642252189123, -0.5474869742390976, 0.06487234503963979, -0.15802121741074163, 0.715988966360065, 0.18126126450402888, 0.30652044957949803, 0.29778669628539123, 0.01829303483298002]], "inverted": true, "swapped": false, "error_lsq": 0.05069331927760556, "error_max": 0.26258620371397723, "target": "573.xyz", "model": "23.xyz", "model_rescale": 4.274766983524099, "target_rescale": 3.8209836630037195},
{"mapping": [6, 5, 7, 8, 0, 3, 2, 4, 9, 1, 10], "R": [[-0.018820803977497635, 0.47491868440080026, 0.8798284040337947], [0.9504308726362074, 0.28166370881419134, -0.13170691506907384], [-0.3103658062313218, 0.8337372477849648, -0.456678517097459]], "T": [-0.017236149257485123, -0.015707745071083676, -0.12048628318490337], "aligned_model": [[-0.2323663162841112, 0.30102785699167695, 0.5408409212880816, 0.1842772345327662, -0.6635516008387814, -0.37240276440805126, -0.2373922183330518, 0.34466874853250057, 0.6952818321928069, 0.03291643182025167, -0.0024444063609610697], [-0.2157796480707122, -0.7493412494384352, -0.06749958895595737, 0.5241231815038998, 0.3407792170191344, -0.43988675160470686, -0.32845865397955976, -0.3953198684603408, 0.37499947282820584, 0.3480336299085081, 0.054093819866192036], [-0.7276973675550025, -0.2839820085364356, -0.4152744524184764, -0.5819904051285264, -0.08357117696535529, -0.020771040164802468, 0.7639286053124863, 0.3405994871898045, 0.13899676449389234, 0.4181790222163324, -0.09128830488450937]], "inverted": false, "swapped": false, "error_lsq": 0.06308365558170026, "error_max": 0.40988204390114696, "target": "573.xyz", "model": "24.xyz", "model_rescale": 3.7841303162186577, "target_rescale": 3.8209836630037195},
{"mapping": [3, 5, 4, 6, 11, 13, 10, 9, 8, 7, 15], "R": [[0.5702167672285375, 0.6324593286965668, 0.5242595119939399], [-0.7454398842175675, 0.13018138599768617, 0.6537370922300654], [0.34521329260203115, -0.7635758012695333, 0.5456920178328202]], "T": [0.15937699542939082, -0.04053381388282887, 0.09489150966371362], "aligned_model": [[-0.12375224014804759, 0.3701048179235175, 0.544610620641272, -0.005082145479982592, -0.562102976542965, -0.47921522798969535, -0.19057779244572176, 0.2798896812692603, 0.7214502463761343, -0.10205175512951808, 0.13758249065887357], [-0.173924760196734, -0.6079972465444088, 0.024469637544008854, 0.39615448605208214, 0.1842858013291352, -0.4376536975503358, 0.041540231755355164, -0.5077894497752296, 0.013509156492945151, 0.5231625492712946, -0.010013147761885197], [-0.6474336071388688, -0.5398665409843294, -0.5407766019850192, -0.4567269924864019, -0.04057199029623548, -0.12073726266413287, 0.78485571362872, 0.42548124302603824, 0.2698509379949279, 0.286482163528357, 0.036572060936352]], "inverted": true, "swapped": false, "error_lsq": 0.04821355473564533, "error_max": 0.22463160965752962, "target": "573.xyz", "model": "25.xyz", "model_rescale": 4.19342608120988, "target_rescale": 3.8209836630037195},
{"mapping": [4, 2, 0, 5, 3, 6, 10, 8, 1, 7, 11], "R": [[-0.5844340669538065, 0.7292026355441494, -0.35594990897498513], [0.3329534169783311, -0.18453220669559534, -0.924710704390572], [-0.7399857049337422, -0.6589471761890482, -0.13494360113096204]], "T": [0.13172500722904917, 0.034698269601870835, 0.005697752178047938], "aligned_model": [[-0.18529558537373536, 0.4706923148837447, 0.5384700142557903, 0.09707703546066926, -0.47434781449953617, -0.5033224463277199, -0.02958199159737393, 0.26722258273702243, 0.6402634996987921, -0.2724300164437528, 0.04210812633922631], [-0.24371342062919232, -0.649540171394907, 0.10106180336262982, 0.5565081918986626, 0.25880399349590744, -0.4859577933540695, -0.09466288469272358, -0.6241492452213655, -0.08604497625477997, 0.7454638221054993, -0.032025758699432666], [-0.6395267093430611, -0.33729542843729254, -0.5722887867932727, -0.37149424795179575, -0.11035985472038713, 0.04726647645235314, 0.6010812777130359, 0.3725716747394612, 0.15200883740882876, 0.36892242919491247, -0.05375654470337488]], "inverted": true, "swapped": false, "error_lsq": 0.041982152449099724, "error_max": 0.19947198689062687, "target": "573.xyz", "model": "26.xyz", "model_rescale": 3.795458400668931, "target_rescale": 3.8209836630037195},
{"mapping": [11, 8, 5, 10, 3, 9, 0, 1, 6, 7, 12], "R": [[-0.39127874214502123, -0.4492015172816253, 0.8031929673604569], [-0.8707571731478818, -0.10171359610832803, -0.4810782574365857], [0.29779672825086567, -0.8876217331941563, -0.35134707541757404]], "T": [-0.072239466725704, -0.19493573004219372, -0.09441821705799719], "aligned_model": [[-0.1430937084389504, 0.5383687483155855, 0.5359751417111853, -0.08787319343557302, -0.5697557361865454, -0.43558900269123557, -0.15022188905307457, 0.17863950445568003, 0.6900311881074255, 0.04882335163201454, -0.014448685283384902], [-0.3309267650112957, -0.47561225206733376, 0.22844741635992055, 0.3843731890786826, 0.25808384321662947, -0.41973995623876664, 0.052018306568319767, -0.6171526968103787, -0.17127325935357232, 0.5860351237775989, -0.048509388903576256], [-0.7930316341726469, -0.37571878195990743, -0.22739253528088416, -0.5089579513723268, 0.20943600245198163, -0.05182168300649011, 0.6956486394184931, 0.23595391455009235, 0.2211297126405642, 0.09435788875173234, -0.04247444846120011]], "inverted": false, "swapped": false, "error_lsq": 0.0707477309891346, "error_max": 0.39096837137252805, "target": "573.xyz", "model": "27.xyz", "model_rescale": 3.6321398670334006, "target_rescale": 3.8209836630037195},
{"mapping": [0, 10, 8, 3, 1, 11, 6, 9, 12, 4, 14], "R": [[0.48734212576465574, 0.8254635963869918, 0.2847937911806363], [0.25237797862751526, -0.44537735321792526, 0.8590368846239869], [0.8359443811397238, -0.34676918011906543, -0.42537997997140775]], "T": [0.020965804777872132, -0.040964666562681856, -0.0905120420471082], "aligned_model": [[-0.11691881235159515, 0.3119339118127929, 0.49662807055331587, -0.017108108655789767, -0.5338044973637535, -0.3133634903768651, 0.05227671932021842, 0.2023260019825019, 0.72263271521176, -0.17824095753518818, -0.035505833464270005], [-0.21064313460833792, -0.6678835992102546, 0.003887211891289488, 0.4589623563443417, 0.32765688503421664, -0.5872113521484437, 0.024534209040799643, -0.5705689736440789, 0.08982001028169426, 0.6173546299525358, -0.0401646823175341], [-0.6749850902371729, -0.4468571634857904, -0.28739610364449686, -0.5597491130948028, -0.03038501229933961, -0.13913628812475481, 0.683204289088514, 0.2744535974464749, 0.32670330518358004, 0.37143992736474296, -0.0601632246375467]], "inverted": false, "swapped": false, "error_lsq": 0.04504530452140948, "error_max": 0.22334480113938948, "target": "573.xyz", "model": "28.xyz", "model_rescale": 4.156811204709835, "target_rescale": 3.8209836630037195},
{"mapping": [1, 5, 0, 4, 6, 7, 2, 8, 3, 10], "R": [[0.8396692374942489, -0.5378366115987082, 0.07541452665002207], [-0.4775968479911893, -0.665135287644864, 0.5740176825834418], [-0.2585668625224575, -0.5180027300638526, -0.8153627102410852]], "T": [-0.011627397444741283, -0.01432913044843762, 0.0985636662356337], "aligned_model": [[-0.7495202068741096, 0.05159088531795242, 0.09337339754342337, 0.6989672407837624, 0.010070248684278027, -0.6152075624233053, -0.4645584596575547, -0.5009553690739346, 0.20902027415602295, -0.08985507434594685], [-0.03568877905749526, -0.46621082392167734, 0.10499456753367972, -0.07114397070702623, -0.5349267297315353, -0.40018636303350386, 0.5041866379917241, 0.21047240630636765, 0.6185706970549953, -0.011347311809325071], [-0.4734106231704416, -0.26195830918418195, -0.6541047275200712, 0.10532070381011557, 0.5804526765724226, 0.08529682560304808, -0.16930697413426357, 0.5000603988677771, -0.0014437051648498456, 0.04788046129554452]], "inverted": true, "swapped": true, "error_lsq": 0.07045539427518613, "error_max": 0.43136775121315146, "target": "573.xyz", "model": "29.xyz", "model_rescale": 4.117894457231895, "target_rescale": 3.8209836630037195},
{"mapping": [11, 13, 10, 9, 2, 3, 0, 4, 8, 5, 14], "R": [[0.4663248771275183, -0.5770224404182974, 0.6705119031200846], [-0.884099134649325, -0.27815589485215264, 0.37549702831222664], [-0.030163373225152557, -0.7679025989099861, -0.6398560537362834]], "T": [0.13915913543421926, -0.08509607720696416, -0.08119111258758778], "aligned_model": [[-0.2704273313037212, 0.4925914594353453, 0.6139330397196128, 7.773249290995987e-05, -0.6318002452371818, -0.31113236229072977, -0.2830559585999976, 0.2779550727878278, 0.5248562756997348, -0.007252086454129059, 0.18511012288345613], [-0.07023458547886754, -0.7310603399866644, -0.028427845065264024, 0.4171934924843848, 0.1917409200965105, -0.34372465043483175, -0.04906378956458074, -0.7747775294880406, 0.2569326108620135, 0.6686364510987468, -0.09147117390717863], [-0.6791222897623582, -0.36557125604446966, -0.6156996868580962, -0.4249723862857326, 0.10520567741085919, 0.09231689658938401, 0.5627953312445596, 0.2422331819703638, 0.40465225639665886, 0.24500331012530285, -0.10971191122706382]], "inverted": false, "swapped": false, "error_lsq": 0.05428824195630026, "error_max": 0.2541535879849475, "target": "573.xyz", "model": "30.xyz", "model_rescale": 4.100398675895297, "target_rescale": 3.8209836630037195},
