[{"mapping": [4, 9, 11, 10, 13, 1, 8, 7, 5, 12, 6, 2, 14, 15], "R": [[-0.016601132092856796, -0.8258041966502327, 0.5637125430643702], [0.5167824302249198, -0.48973270423515375, -0.7022092268073311], [0.8559557945501987, 0.2796592698220236, 0.43489121694804445]], "T": [-0.07970239849356839, 0.1739322356962855, 0.08279367536043822], "aligned_model": [[0.06967099504956573, 0.26572460072665116, -0.4584382313305183, -0.4897743890105425, -0.41948599787024676, 0.08557530307275463, -0.769181399533677, -0.0006372405645063139, -0.37540067295011903, 0.09238286238289925, 0.6251611633728528, 0.1628922069826532, 0.632915159867567, -0.04991225906702996], [-0.6466090412532984, -0.2986624450167318, -0.4993150631269937, -0.14394861862935002, 0.18080634523772704, 0.22886256376614272, 0.07163053600373825, 0.6106641263919107, 0.7443912863517883, -0.15553003282028258, 0.5039667753910703, 0.6439973248248986, -0.1276565723716848, 0.12267614706110017], [0.2222596468688748, -0.27047224020493843, 0.3452534733070227, -0.3423344120758429, 0.5990024628739619, -0.7224218569676498, 0.06518418459772285, 0.5959076414991641, 0.15876220748997158, 0.6366123368251866, 0.4258027251640425, -0.20373222330498955, 0.28316735056311315, 0.10459679054419453]], "inverted": false, "swapped": true, "error_lsq": 0.046239929250013086, "error_max": 0.3115432722900126, "target": "576.xyz", "model": "0.xyz", "model_rescale": 3.8414455957264533, "target_rescale": 4.182731150611457},
{"mapping": [3, 14, 10, 4, 9, 11, 8, 1, 5, 0, 13, 6, 7, 2, 15], "R": [[0.4353478051630765, 0.7003585325191419, -0.5656590973964143], [0.7243324792301942, -0.6456226975463922, -0.2418962421063215], [-0.5346164494962088, -0.30441625833807545, -0.7883628565498971]], "T": [0.053208084046798894, 0.05817979004560005, -0.08206648511130103], "aligned_model": [[-0.7245213838517909, -0.6109065960768165, 0.19824290222167062, -0.26601300977577036, -0.5050932029130121, 0.2924286233221276, 0.6425691285544503, -0.34062359051722446, 0.5044275263536703, 0.37342359579991374, 0.528923832840375, -0.3815426189167307, 0.2691131624761383, -0.12736911713518428, 0.0189849011227282], [0.19379801409188524, 0.13987264919438225, -0.5151953861267977, -0.5436960338018775, -0.33359072271387125, -0.5790616072093623, -0.3010161130838267, -0.10010373730283144, 0.46059893089427134, -0.037317014471934126, 0.1058939194599677, 0.7279917342144389, 0.6358565788122282, 0.4601825521410674, 0.03283076394527464], [0.19263797344378403, -0.5193389079315346, 0.23439358274376526, -0.5829602273481952, -0.03433924509087159, -0.5318273517938813, 0.016872320177918218, 0.6240135742017702, 0.1483506709951143, 0.6320911307383857, -0.4737162627156513, -0.37490506215881897, -0.3648146250242518, 0.32744062704987026, -0.12871640994786784]], "inverted": false, "swapped": true, "error_lsq": 0.035213356424108465, "error_max": 0.2022343444507919, "target": "576.xyz", "model": "1.xyz", "model_rescale": 4.316132596720782, "target_rescale": 4.182731150611457},
{"mapping": [12, 7, 13, 9, 11, 14, 10, 3, 5, 6, 2, 15], "R": [[-0.6240675957711537, 0.31356169716014476, 0.7156945563454158], [0.751461000639998, 0.4918450323838113, 0.4397667889194232], [-0.21411679155438693, 0.8122607501248704, -0.5425739335620887]], "T": [0.0014481324920235655, 0.061824280202379775, -0.1852038142232831], "aligned_model": [[-0.27273014685096086, 0.48599590772803497, 0.13060546460434802, -0.562318534302099, -0.5632690375166977, -0.37696004768423214, -0.30362742691531064, -0.1521089265201862, 0.6157869234810676, 0.26165930092237977, 0.3851529289184338, -0.050377851232996686], [-0.5002701135491826, -0.35296973381930774, -0.4968453472022139, 0.387935286727678, -0.36657785824274175, -0.059927568502982656, 0.3537534745024287, 0.6210960872401481, 0.02953114572425132, -0.09799000725910624, 0.45759300177978873, 0.03744806034222071], [0.04663664131283421, 0.04594844131653231, -0.41580800124246964, 0.022837306624662462, -0.5891271084991758, 0.508275053416671, -0.7064018708660585, 0.41675402729185507, -0.3856463726208752, 0.6086224815322959, 0.05572806297447569, -0.15856020003132637]], "inverted": true, "swapped": true, "error_lsq": 0.04087198305054277, "error_max": 0.19372690095517156, "target": "576.xyz", "model": "2.xyz", "model_rescale": 3.795458400668931, "target_rescale": 4.182731150611457},
{"mapping": [12, 4, 14, 1, 7, 2, 9, 8, 10, 0, 6, 15], "R": [[0.002110940675332462, 0.544709822616614, -0.8386219369146279], [0.5778867991585661, -0.6850788090889389, -0.4435243766644042], [-0.8161142023563446, -0.4836922931805489, -0.31622677658605947]], "T": [0.13913364928648833, 0.049158323847412026, -0.015383979398215696], "aligned_model": [[-0.24273720735488855, -0.2932582353539117, -0.6579986950807984, 0.1739564406797927, 0.09930111806498548, 0.1275822310342821, -0.2579210011112729, 0.7458896513792415, 0.5042407396227558, 0.7804856642627213, -0.47672824232765376, 0.09049136192831211], [-0.14868396195420516, -0.6656482080710644, 0.004204856248497861, 0.06298385558311709, 0.5428642573006307, 0.5363467643468005, -0.33089990110452544, -0.2605858641339237, -0.4237993496781982, 0.14196914240347946, 0.6148049243000187, 0.01221253004908189], [-0.5251946422627567, -0.1463039362773741, -0.05396395691270974, 0.8075998241794234, -0.4789999913360158, 0.33735446394163615, 0.39126783895830175, -0.16391921675411805, 0.28949143338544303, 0.4337623873480342, -0.17084683779081625, -0.031475935839947615]], "inverted": false, "swapped": true, "error_lsq": 0.047840617554300725, "error_max": 0.2968080821093353, "target": "576.xyz", "model": "3.xyz", "model_rescale": 3.7530521520055578, "target_rescale": 4.182731150611457},
{"mapping": [10, 2, 5, 7, 8, 14, 11, 9, 4, 12, 15], "R": [[-0.9474894025711337, -0.26044115024207815, 0.18556464985546056], [-0.314813920568478, 0.6577142530818488, -0.684327521519696], [0.05617853176882105, -0.7068114094675957, -0.705167784300113]], "T": [-0.040204117506346344, -0.06804798460862066, -0.14660967015688625], "aligned_model": [[-0.4006275153443476, -0.1202314668360221, 0.4008856722764729, 0.56042965736134, 0.12653582764085852, -0.266796589509117, -0.03389029485329167, -0.6724940158604235, -0.3823322096572686, 0.18464420593542216, -0.0579236687084182], [-0.6110588562699606, 0.048252163907135964, -0.30964595816400076, 0.2034345232785969, -0.7120885996867623, 0.6656714495892404, -0.32018406074684697, 0.11365629268655114, 0.11987013877724195, 0.30169205517580866, -0.03239579023265831], [0.012057696459822409, -0.7314005045961449, -0.553675306619309, -0.3072592957244448, 0.06211623054125057, 0.07529311680784861, 0.6292610901755455, 0.0395499150940436, 0.6035145212606039, 0.3609426597552569, -0.0975693459091565]], "inverted": true, "swapped": true, "error_lsq": 0.04509574905182222, "error_max": 0.21863174835853522, "target": "576.xyz", "model": "4.xyz", "model_rescale": 3.7855080009869324, "target_rescale": 4.182731150611457},
{"mapping": [1, 11, 12, 13, 7, 2, 15, 9, 0, 6, 4, 5, 10, 3, 8, 16], "R": [[0.8372658380930067, -0.08598519961194862, -0.5399930201494352], [-0.535470978321043, 0.07101623877215862, -0.8415625497885233], [0.11071019708373797, 0.9937621643423284, 0.013416891716444182]], "T": [-0.024437104745274243, -0.0755023838871047, 0.053503629742386635], "aligned_model": [[-0.36668743801170856, -0.653781304463281, -0.14933595634495386, -0.2761579297188859, -0.3450931431496189, 0.4286912023432521, 0.46197846775151313, 0.6867972643108087, -0.10967866583214961, -0.63552005264416, -0.5830279646388691, 0.06338493889219746, 0.3445223203797689, 0.48738352914950084, -0.0682003987874176, 0.019935770569257837], [0.1345482958909023, -0.454589098633038, -0.5074243377488344, -0.7479893098153134, 0.3328204110778311, 0.0735830130537056, -0.5955107808027895, -0.0467153634263103, 0.584851455733144, -0.14991495045294365, 0.40612058359070424, 0.7066921699799966, 0.13698432849582345, 0.37739975442364404, -0.41110164076673783, -0.09545057260899878], [-0.58824971874376, -0.2508898151357459, -0.4572888581149622, 0.14976161437550978, 0.5937088426224206, -0.5106186702181614, 0.46860514100879713, 0.06870228018996642, -0.35287127854155315, 0.27056921612414064, -0.0014176985968983036, 0.24208309090209928, 0.6448433068708345, -0.07033455997444611, 0.670567473149241, 0.030702974075896595]], "inverted": false, "swapped": false, "error_lsq": 0.03520308098546211, "error_max": 0.22329632852526968, "target": "576.xyz", "model": "5.xyz", "model_rescale": 4.2253639853439635, "target_rescale": 4.182731150611457},
{"mapping": [11, 10, 5, 13, 8, 2, 7, 12, 1, 9, 0, 6, 14, 15], "R": [[0.07396073441227397, 0.21636340313953903, 0.9735074152501737], [-0.7497349392137572, -0.6316283280461982, 0.19734025471684183], [0.6575920701220025, -0.7444679529646938, 0.11549950788301039]], "T": [0.024775458575666532, -0.03316916132854675, 0.041321087602523184], "aligned_model": [[0.5345233571777952, -0.12027621041963192, -0.4713431856833223, 0.17673407288478446, -0.16232910951840612, -0.3957005368097365, 0.006572895127792109, 0.6388346212287064, -0.3961308895888096, 0.3139750513590209, -0.6853885751283483, 0.22450296192982894, 0.6238820350882264, 0.08620566510988387], [-0.3239420055258285, 0.08252973366103289, -0.40324761528788744, -0.6320714925786473, -0.4430154663343491, 0.23141138023888747, -0.4526730476875083, -0.2564362144682901, 0.6514479165319569, 0.5509288071282138, 0.014852752960652083, 0.09888168605758935, 0.3452437020204532, -0.018810990081284486], [-0.5254205951188369, -0.6032833994284373, 0.22984282268620504, 0.02731261680845338, -0.4908207277734099, 0.38059604329218677, 0.5741973788833324, 0.17532482231821256, -0.13990643750308643, -0.16521101621524895, -0.29785387447121503, 0.8574596448305555, 0.41119163006580617, 0.03812930055693125]], "inverted": false, "swapped": true, "error_lsq": 0.04248098094599752, "error_max": 0.30765782182029155, "target": "576.xyz", "model": "6.xyz", "model_rescale": 3.89814844738969, "target_rescale": 4.182731150611457},
{"mapping": [9, 4, 11, 3, 8, 12, 14, 1, 2, 7, 13, 5, 15], "R": [[-0.4985746088115, 0.7549293890510511, -0.4260340092005173], [0.7533376526330604, 0.6204879482449605, 0.2178923752866766], [0.42884232600545663, -0.212311854661406, -0.8780762699199105]], "T": [-0.0251462662363105, 0.06956809544209713, 0.08071624784047485], "aligned_model": [[-0.023856548564662017, 0.06048403598672064, 0.41452769566106556, -0.45370925231015735, 0.6052060347589316, -0.28623479175508804, -0.6160035841517182, 0.13828373282238263, -0.27204412225082236, -0.44182230426012115, 0.056262193278526815, 0.010083458753470553, -0.0425447470643057], [-0.3599588823133846, 0.19229773798106567, 0.5069938392503937, -0.6248020726860817, 0.33762612992344554, 0.5283336610710799, -0.01362003739921866, -0.7358472117482129, -0.3213645220573979, 0.4767973931870927, 0.6770781154179788, 0.21928515358439266, 0.08096196125933233], [-0.451230425367787, -0.7515433518451562, -0.44931528694677225, -0.10067229662263802, 0.21093871740764408, -0.327010095200002, -0.45116397154247834, 0.1381873834698402, 0.4655844830848457, 0.428304170804484, 0.15993681614104868, 0.7091873170581722, 0.021071570395094705]], "inverted": false, "swapped": true, "error_lsq": 0.050202858420784424, "error_max": 0.26654292664358287, "target": "576.xyz", "model": "7.xyz", "model_rescale": 3.7474275329858107, "target_rescale": 4.182731150611457},
{"mapping": [2, 5, 0, 1, 8, 9, 3, 14, 10, 4, 6, 12, 7, 13, 15], "R": [[-0.11511815703462996, -0.913358607213374, 0.39054303802551116], [-0.9933203307138533, 0.10897424614033552, -0.037938559127447063], [-0.007907623629859167, -0.3923017566967948, -0.9198025881574465]], "T": [0.0643195679632587, -0.03753907417080654, 0.006060345820106644], "aligned_model": [[-0.2786702660474714, 0.3022176144140144, 0.3726355601520855, -0.25154024781293266, 0.7458479053968017, -0.2843002886740876, -0.7085244107402258, -0.5602797159971853, 0.42250698899050293, 0.03734886801983904, -0.5981790459723042, 0.035695381389841505, 0.03200335867135172, 0.49032172116954625, 0.04507029937897035], [-0.00026813123492425844, 0.30601334937360736, -0.381847001316849, -0.6655616867609313, -0.17293706388233293, -0.5554136325483066, -0.3369231784876334, 0.034768904042202564, -0.6036422678795383, -0.34987516332686136, 0.49442686275116526, 0.26399834737281613, 0.6349213526631414, 0.36561777659768735, -0.0441605053836493], [-0.4867674859910113, -0.48791178662963863, -0.6327447998866988, -0.42350488546918097, -0.051762957936427795, 0.2848658128974819, -0.10256428373283538, 0.4995950397510598, -0.028146541954216925, 0.7914073416383248, 0.04502796024445485, 0.6003074934997941, -0.07775267676494663, 0.20088944846028683, 0.06585697756981507]], "inverted": true, "swapped": true, "error_lsq": 0.04022544463727324, "error_max": 0.27781692055343277, "target": "576.xyz", "model": "8.xyz", "model_rescale": 4.019505241142653, "target_rescale": 4.182731150611457},
{"mapping": [10, 1, 9, 11, 8, 12, 14, 0, 5, 2, 3, 7, 15], "R": [[0.7628454659511823, 0.4559133552696124, 0.45848643116730065], [0.10212229349197366, -0.7851494099556791, 0.6108284875627432], [0.6384652161626841, -0.4191460563253022, -0.6455065849526895]], "T": [0.11803067062844128, -0.07552983213143258, 0.05806714581753761], "aligned_model": [[-0.1969332310155564, -0.7008603523963159, -0.20190366258201, 0.526368540962975, 0.20634205103098618, 0.6879499147421744, 0.26676627163660804, -0.418998342222653, 0.14497633682142405, -0.265412852093192, -0.41635967948034747, 0.5445250732722213, 0.1432407030648622], [-0.5413217546921303, -0.018759444156941724, 0.21568888827094992, -0.421457140997584, -0.7620202436505725, 0.16618017113515285, 0.654910852070397, -0.6015822523423551, -0.3536627011383334, 0.13056856390607405, 0.5633917418230773, 0.07496700285111649, -0.043525454964792175], [-0.30768795150713224, -0.011938057831954618, -0.4713627649819476, -0.5577107220999294, -0.026129289878110168, -0.19021125171899558, -0.23048671606300383, 0.29586412742766754, 0.6416322699610915, 0.47328388110560005, -0.012105096040851318, 0.5637599507587361, 0.009795114912708791]], "inverted": false, "swapped": true, "error_lsq": 0.04987629972882379, "error_max": 0.2819037229085145, "target": "576.xyz", "model": "9.xyz", "model_rescale": 3.877068213659057, "target_rescale": 4.182731150611457},
{"mapping": [10, 11, 12, 0, 7, 6, 5, 3, 14, 8, 9, 2, 4, 13, 1, 15], "R": [[0.4816612969916815, -0.7770440262760139, 0.40522213193389756], [-0.6173821921208229, 0.027298708511918734, 0.7861895505319751], [-0.6219659346237372, -0.628854006699761, -0.4665844129686271]], "T": [0.00039551769303012435, 0.02207418196479218, 0.024304240709390038], "aligned_model": [[-0.2851335492940595, -0.5448932838300911, 0.10822666851505092, -0.33366954517821745, -0.19421179145682768, 0.34852409929711103, 0.3234042583704033, 0.6110845834812093, -0.1399040571216508, -0.6993568337506396, -0.5203925968140114, -0.09934598377282983, 0.3773798505901196, 0.44655756783536116, -0.057806337505612586, -0.03525240956006073], [0.10209362434563567, -0.35476606184253084, -0.6278895286962661, -0.6929231714291371, 0.1758015094023603, -0.03647492299434295, -0.6177224171104406, -0.14262513981944083, 0.6456342255909305, -0.0160229449647921, 0.41550574154700126, 0.6231705213440218, 0.1731032433023038, 0.6184626845340053, -0.46080282150270746, -0.060240583715815046], [-0.6201186175183571, -0.30020589756739724, -0.3279951113332115, 0.12892428679185236, 0.801981856075271, -0.4813468920923302, 0.3362675518540073, 0.0762112831872643, -0.4240376466247891, 0.34713266476288634, -0.07386220779805258, 0.28715435316843163, 0.5657501891905081, -0.18281571240888217, 0.7428784914149935, 0.031954748891184194]], "inverted": false, "swapped": false, "error_lsq": 0.03622575582887328, "error_max": 0.288575182306636, "target": "576.xyz", "model": "10.xyz", "model_rescale": 4.260839863003843, "target_rescale": 4.182731150611457},
{"mapping": [13, 7, 2, 5, 1, 10, 11, 12, 6, 3, 9, 15], "R": [[0.5282315002689987, 0.23711402722642191, 0.815321053460556], [-0.7786915852259056, 0.5181240316546197, 0.35381761250724764], [-0.3385423123066438, -0.8217812518635543, 0.4583281323065829]], "T": [-0.021301679252771953, 0.034855525556010514, -0.12097063304917247], "aligned_model": [[0.3398524575260818, 0.26529062708201784, -0.40496988994054156, -0.2675115330000785, -0.7049612968499693, -0.36489813137340743, 0.39109260301297555, 0.6430319124683946, 0.3207305198373975, -0.24021693201494762, -0.0451775916367971, 0.026635903983004985], [-0.08798123089881546, -0.5659548068992091, -0.3372756633415844, -0.4454053482194184, 0.2456714297500457, 0.5671235068390226, 0.6289750186283596, 0.09213809760012631, -0.5417318587916582, 0.0328859756764112, 0.51784876723392, 0.0667846179557342], [-0.6072323741359247, -0.25198124391825794, 0.1551226547848372, -0.4778493476056256, 0.2875294218896487, -0.3413644620725786, -0.4985165056152431, -0.1050514928564453, 0.4024523407324476, 0.6857450544533572, 0.36236136509502537, -0.09503733335573619]], "inverted": false, "swapped": true, "error_lsq": 0.048046786581490884, "error_max": 0.2652701575697928, "target": "576.xyz", "model": "11.xyz", "model_rescale": 3.890672605050136, "target_rescale": 4.182731150611457},
{"mapping": [1, 0, 5, 3, 2, 4, 10, 14, 9, 11, 7, 8, 12, 15], "R": [[0.2030727363260039, -0.9269437737393508, -0.31549438043635697], [0.7582212925464556, 0.3527414151773917, -0.5483374559045124], [0.6195659248943985, -0.12786216932502897, 0.7744606706381199]], "T": [0.12038186718048381, 0.10458720371034734, 0.13597880517353125], "aligned_model": [[0.43906742191191794, 0.22108408653489203, 0.37591749145575903, 0.6452031985066716, 0.6927618707062579, -0.46377796154942985, -0.27265325314867195, 0.2567536299439586, 0.03200793020062412, -0.6847538263277565, 0.3931942675910995, -0.3583699280820668, -0.15948992159504183, 0.09293082864547973], [-0.3735436628709332, 0.287897838216443, 0.6691622268127729, -0.5460124520396397, 0.0939676498274986, -0.4116798651567687, -0.05255498649831537, -0.41241132840444394, -0.5725431396597122, 0.0636562411022608, 0.5812353786414145, 0.45645871161684287, 0.08205743145408055, 0.06646247678626488], [-0.4543909981760865, -0.6242415498621307, -0.05000184941294977, 0.13518785363230643, -0.048896227940325776, 0.4635101215190558, -0.384377699470016, 0.7301542535577655, 0.10211294509301652, 0.26115497432997203, 0.5342901122093936, -0.2289049917490867, 0.7409895690309016, 0.17820392259504447]], "inverted": false, "swapped": true, "error_lsq": 0.04639259569281574, "error_max": 0.26089712467288645, "target": "576.xyz", "model": "12.xyz", "model_rescale": 4.124412569039231, "target_rescale": 4.182731150611457},
{"mapping": [2, 6, 14, 5, 3, 1, 13, 10, 12, 8, 9, 4, 15], "R": [[0.720768129991101, 0.24766914357640263, -0.6474204955894295], [-0.6170387325436573, -0.19632759587821813, -0.7620489994991109], [-0.3158425324905565, 0.9487441543518518, 0.011314780295764687]], "T": [-0.02807356358935234, 0.08556397149127563, -0.04600233136131195], "aligned_model": [[-0.1028518731863893, 0.010028183816907954, 0.5180624605894588, -0.6333858957763663, 0.5516864836672716, 0.35508812482306873, -0.43937733569863147, 0.12988282544312843, 0.08042104364972161, -0.349640109330556, 0.6492883090651007, 0.5814935802983769, 0.016602510148665692], [-0.2609033261750889, 0.4774303402648078, 0.5463022913013373, -0.09922637463549243, -0.14869199034968716, -0.6254318979387163, 0.4680805909996912, -0.3093727571334306, 0.7391973999590183, -0.07591862553392943, -0.0010076212062907902, 0.5078509404540271, 0.1291764065022311], [0.4400830904436029, 0.7079205110798583, 0.3123059815529075, 0.08846597102234355, 0.5087231858346223, 0.11641105252606074, -0.30384317944802014, -0.564669782844065, -0.12259276524932305, -0.6432253653429543, -0.0798933912536639, -0.45239225252354487, -0.055594974829985]], "inverted": true, "swapped": true, "error_lsq": 0.045903378341506956, "error_max": 0.28979319303033435, "target": "576.xyz", "model": "13.xyz", "model_rescale": 3.9028299243045295, "target_rescale": 4.182731150611457},
{"mapping": [2, 0, 3, 4, 13, 6, 7, 9, 1, 5, 8, 12, 14, 11, 10, 15], "R": [[0.7012343522451208, -0.6177366262326971, -0.35590988163018333], [-0.49709530586941314, -0.7815066104353725, 0.3770194620021754], [-0.5110446556945495, -0.08745786674999678, -0.8550932589078102]], "T": [-0.09263588199028652, -0.007081022563512413, 0.001613985374582308], "aligned_model": [[-0.3811556942841404, -0.7178793763823949, -0.07992630863727546, -0.3660545667220766, -0.26159839986882705, 0.3965220540484956, 0.4704677409506478, 0.6689528710596374, 0.2278175526894056, -0.4864102415664002, -0.8137402481255934, -0.25596884989781354, 0.4165462147720802, 0.4058327472552785, 0.0703656078080783, 0.011439536706152331], [0.21270672316208056, -0.41263835766282075, -0.49198057994874755, -0.5995703319002872, 0.2857664206941828, -0.11810398584488602, -0.6883157080029232, -0.1021865612129703, 0.41229936820184654, 0.00011175775775884231, 0.25542280330281963, 0.6354861877734798, 0.2497290210175422, 0.5269609627958415, -0.37161819419144626, -0.04976556795068482], [-0.639166346953561, -0.36144280069644225, -0.39004955802834734, 0.18481309848345695, 0.7215746748047823, -0.43748358633783163, 0.20026334737263046, 0.11016334838386331, -0.3773694440603855, 0.3287100741723911, -0.08560639127995555, 0.21296679646338834, 0.6782474508753137, 0.11199909247428678, 0.6308164701710064, 0.019437114148782957]], "inverted": true, "swapped": false, "error_lsq": 0.044679109717792556, "error_max": 0.3528954808652852, "target": "576.xyz", "model": "14.xyz", "model_rescale": 3.942246331269136, "target_rescale": 4.182731150611457},
{"mapping": [12, 14, 4, 3, 2, 9, 8, 11, 13, 10, 0, 5, 6, 7, 15], "R": [[-0.6631932416644954, -0.3322996160506132, -0.6706352879047994], [-0.18507699818839563, 0.941018234911863, -0.2832511011539665], [0.7252042670531598, -0.0637310500147062, -0.6855779491144041]], "T": [-0.013010886698007068, 0.020547309619555688, 0.0177016161596682], "aligned_model": [[-0.6521754401670202, -0.35756349180047164, -0.39837862703304217, 0.35387478582361787, 0.3741230723311564, 0.15389642694751846, 0.03785477542210927, -0.4237317185395708, -0.4710986039202387, 0.3373144613957235, 0.6544092201439737, 0.10800421295268278, -0.3089065598715255, -0.38188408466377155, -0.05144439248893177], [-0.03252612531924651, -0.5406701821624207, 0.17192429456387065, -0.6354130896543951, -0.3687706122087545, -0.12646830365197162, 0.7012182194453445, 0.6100795297471661, 0.32582678527913006, 0.5249391915732876, 0.34692672499436034, 0.091248466719724, -0.7619224756576822, -0.2189068027475127, 0.010659068960750659], [-0.1653986767569849, -0.43534102265672914, -0.7196096262771166, -0.34812460674411494, 0.2636066277787429, -0.628820393701403, 0.16002807797962443, -0.36875415324801725, 0.29864955647011204, -0.252117111105061, 0.2817197824269119, 0.6493573039409988, 0.17131617344875358, 0.5342926320402637, -0.03144208323546514]], "inverted": false, "swapped": true, "error_lsq": 0.04284908498857381, "error_max": 0.3662321303483319, "target": "576.xyz", "model": "15.xyz", "model_rescale": 4.355366556412066, "target_rescale": 4.182731150611457},
{"mapping": [12, 7, 13, 9, 11, 14, 10, 3, 5, 6, 2, 15], "R": [[-0.6240675957711537, 0.31356169716014476, 0.7156945563454158], [0.751461000639998, 0.4918450323838113, 0.4397667889194232], [-0.21411679155438693, 0.8122607501248704, -0.5425739335620887]], "T": [0.0014481324920235655, 0.061824280202379775, -0.1852038142232831], "aligned_model": [[-0.27273014685096086, 0.48599590772803497, 0.13060546460434802, -0.562318534302099, -0.5632690375166977, -0.37696004768423214, -0.30362742691531064, -0.1521089265201862, 0.6157869234810676, 0.26165930092237977, 0.3851529289184338, -0.050377851232996686], [-0.5002701135491826, -0.35296973381930774, -0.4968453472022139, 0.387935286727678, -0.36657785824274175, -0.059927568502982656, 0.3537534745024287, 0.6210960872401481, 0.02953114572425132, -0.09799000725910624, 0.45759300177978873, 0.03744806034222071], [0.04663664131283421, 0.04594844131653231, -0.41580800124246964, 0.022837306624662462, -0.5891271084991758, 0.508275053416671, -0.7064018708660585, 0.41675402729185507, -0.3856463726208752, 0.6086224815322959, 0.05572806297447569, -0.15856020003132637]], "inverted": true, "swapped": true, "error_lsq": 0.04087198305054277, "error_max": 0.19372690095517156, "target": "576.xyz", "model": "16.xyz", "model_rescale": 3.795458400668931, "target_rescale": 4.182731150611457},
{"mapping": [9, 4, 11, 3, 8, 12, 14, 1, 2, 7, 13, 5, 15], "R": [[-0.4985746088115, 0.7549293890510511, -0.4260340092005173], [0.7533376526330604, 0.6204879482449605, 0.2178923752866766], [0.42884232600545663, -0.212311854661406, -0.8780762699199105]], "T": [-0.0251462662363105, 0.06956809544209713, 0.08071624784047485], "aligned_model": [[-0.023856548564662017, 0.06048403598672064, 0.41452769566106556, -0.45370925231015735, 0.6052060347589316, -0.28623479175508804, -0.6160035841517182, 0.13828373282238263, -0.27204412225082236, -0.44182230426012115, 0.056262193278526815, 0.010083458753470553, -0.0425447470643057], [-0.3599588823133846, 0.19229773798106567, 0.5069938392503937, -0.6248020726860817, 0.33762612992344554, 0.5283336610710799, -0.01362003739921866, -0.7358472117482129, -0.3213645220573979, 0.4767973931870927, 0.6770781154179788, 0.21928515358439266, 0.08096196125933233], [-0.451230425367787, -0.7515433518451562, -0.44931528694677225, -0.10067229662263802, 0.21093871740764408, -0.327010095200002, -0.45116397154247834, 0.1381873834698402, 0.4655844830848457, 0.428304170804484, 0.15993681614104868, 0.7091873170581722, 0.021071570395094705]], "inverted": false, "swapped": true, "error_lsq": 0.050202858420784424, "error_max": 0.26654292664358287, "target": "576.xyz", "model": "17.xyz", "model_rescale": 3.7474275329858107, "target_rescale": 4.182731150611457},
{"mapping": [6, 13, 12, 5, 3, 1, 14, 11, 2, 9, 0, 8, 10, 15], "R": [[0.24850131937529304, -0.1760363093699084, 0.9525010824414641], [-0.006799180109714614, 0.9830059171279655, 0.1834479164265534], [-0.968607694280081, -0.052063275682864646, 0.24308136478676387]], "T": [0.02742871468046225, -0.01843424589476618, -0.055078405538599697], "aligned_model": [[0.5537056709575107, 0.09209003904305489, 0.6137301573915063, -0.38833673481259134, 0.23873175074703806, -0.35061471653247, 0.7634603471296003, 0.22800681017643937, -0.18709119903048305, 0.2722695112098674, -0.7488567722487616, -0.40386955206704134, -0.35188713157382767, 0.08350946749303453], [-0.6005425998028102, 0.39808518615202704, 0.2551011152784793, -0.1326193877742894, -0.684550747563968, -0.45011751595725613, -0.2681408866454313, 0.7545678600891798, -0.5787091937181447, -0.09627264853863453, -0.08123561388020191, 0.5265298054099828, 0.3187814194202855, -0.00046855095798500196], [-0.3830922407467679, -0.507076343534597, -0.21725996317195426, -0.5375025552731123, 0.40356939030736994, 0.5360551086053906, 0.13155822792318198, 0.1117270911852582, -0.09961615012277046, 0.5785275592040513, 0.067866886679908, -0.11123009906859586, 0.383494563905595, -0.03222675723130253]], "inverted": false, "swapped": true, "error_lsq": 0.03693750853926488, "error_max": 0.24833391722608283, "target": "576.xyz", "model": "18.xyz", "model_rescale": 3.922800546911778, "target_rescale": 4.182731150611457},
{"mapping": [5, 13, 7, 2, 4, 0, 11, 3, 10, 6, 12, 14, 1, 9, 15], "R": [[-0.46574989730583116, 0.4516481649107449, -0.7609802680046077], [-0.162135642675585, 0.8018345979709044, 0.5751289515152349], [0.8699362427981622, 0.39124827492219694, -0.3002261161801589]], "T": [0.004165862285805802, 0.055471688068060326, -0.08820576259531362], "aligned_model": [[-0.2262026334830433, 0.0452336997883019, 0.3448625941533588, -0.010096765417154027, 0.26642023808429977, -0.7205961375216458, -0.08948744259988105, 0.29215486376812444, -0.5549552521307884, 0.7469916841906954, 0.4988383434200449, 0.7128843035905099, -0.3543343500820478, 0.09964277950474716, 0.04469491162209655], [0.43303739595543334, -0.22562076755314545, 0.29425930668312217, 0.6467700383741325, -0.6636018663157903, 0.36470989291601996, -0.7522614995602288, 0.457106867685637, -0.2191865447600926, 0.4672182019046911, -0.36272146289822116, -0.03835661444568875, 0.42945230469220363, -0.12621371625710778, 0.013019968613614055], [-0.5604416234212146, -0.6370883768301333, -0.624095859430899, 0.02167262293164042, 0.27124801864193426, -0.0604480571066883, -0.15441798256665326, 0.5859377569909152, 0.16056642281503578, -0.13387033464460285, -0.24722606968531813, 0.269346504846373, 0.5523582148502998, 0.563972835077391, -0.06485490530475113]], "inverted": true, "swapped": true, "error_lsq": 0.04011985963535569, "error_max": 0.30357850648522217, "target": "576.xyz", "model": "19.xyz", "model_rescale": 3.9282355846067225, "target_rescale": 4.182731150611457},
{"mapping": [11, 8, 0, 13, 12, 5, 7, 2, 14, 9, 10, 4, 1, 15], "R": [[-0.28248192521730986, -0.5953501904430556, -0.7521715978850435], [0.2914319044291008, -0.8003066250978141, 0.524000716512272], [-0.913931839365688, -0.0711860700134817, 0.3995761960248459]], "T": [0.020017331481207754, -0.04141813178253631, -0.02602971976839086], "aligned_model": [[-0.653996024551998, -0.08582533890981124, 0.609587977335408, -0.37954551201177394, -0.5967944680865496, 0.3271180649896483, -0.05735481705212682, 0.5649860964916886, -0.27899764421186746, -0.013624974396635556, 0.08882242313912787, -0.6245927482952658, 0.6611363695607224, -0.02839658491589009], [-0.4527635052423772, -0.719743721011423, -0.5648847141297105, -0.23263238048346904, 0.2051979558945429, -0.20390514822076128, 0.2401410055799366, 0.19882256301527276, 0.6347441679457061, 0.1151673960616518, -0.594855756872085, -0.007194111044297041, -0.07871623135803613, -0.016495432710114652], [0.17912602986524806, -0.14780307039139942, -0.03427014629305397, -0.457026593639979, -0.08600923615895881, -0.571849584589063, -0.6384103110631935, -0.1109053638348883, 0.27781858463391507, 0.6386593194475019, 0.34668172381466394, 0.5201915875242801, 0.4899948376505062, 0.005985380278103605]], "inverted": false, "swapped": true, "error_lsq": 0.04511413647895522, "error_max": 0.24400770955855883, "target": "576.xyz", "model": "20.xyz", "model_rescale": 4.067790424073018, "target_rescale": 4.182731150611457},
{"mapping": [10, 12, 0, 1, 5, 7, 2, 11, 13, 4, 14, 3, 9, 6, 15], "R": [[0.7526489077215941, -0.18901975332334042, -0.630706868964557], [-0.6252645736475065, -0.5053398635728046, -0.5947065118406063], [-0.20631004494908434, 0.841963868071429, -0.49853085181892604]], "T": [-0.021648902923311675, 0.036458309844721586, -0.07201003721473326], "aligned_model": [[0.32009550543466037, 0.14377474178988517, -0.22896685426602875, 0.2179226714720305, -0.6357470898470091, -0.5713129148307726, -0.31391515057634534, 0.4372189940832352, -0.26369842418128076, 0.724305754307497, 0.3446397836951755, 0.254657416673732, 0.6004482483706076, -0.28611188952571825, 0.025133161307846617], [-0.21448778639125754, 0.651119568046386, -0.5525395956415468, -0.7506064323712555, -0.06023908140555768, 0.35964304177941914, -0.41466052366280315, 0.5471386791973116, 0.5482549927076651, 0.4336668776791691, 0.26109086860112524, -0.45408443043618135, -0.16422362262466955, 0.17920130109387047, 0.07162128335617182], [-0.591796514357571, 0.12723952642182604, -0.5534448181563745, -0.02910706084304937, -0.25135676065202656, 0.15970765493161246, 0.19814299306127775, -0.5127295800539324, -0.3198967951563715, -0.043232301375871474, 0.6020092614351842, 0.5458415672905663, 0.1284500522322911, 0.7236622657167677, -0.048239916873187995]], "inverted": true, "swapped": true, "error_lsq": 0.03616355559667929, "error_max": 0.20550577481189294, "target": "576.xyz", "model": "21.xyz", "model_rescale": 4.186013935880536, "target_rescale": 4.182731150611457},
{"mapping": [5, 7, 8, 1, 3, 0, 2, 6, 11, 12, 14, 9, 15], "R": [[0.7158835536700691, -0.5192586943469549, 0.4667774051191951], [-0.11485643502029128, -0.7469964341668792, -0.6548315254142831], [0.688708020077553, 0.4151707307687562, -0.5944026643562376]], "T": [0.05438293998027758, 0.026827200753853316, -0.06872981366024812], "aligned_model": [[0.035403152763704156, -0.47293377409696397, 0.5654012522120185, 0.46563471060312317, -0.12908935330322419, 0.6495765577804077, -0.05782876145436413, -0.7528111106941162, 0.33555407665511955, -0.33632629431574074, -0.4751777444590331, 0.19647083260202983, 0.0347004911302644], [-0.2915243604238377, -0.023817242262947153, 0.26691984806653835, -0.5332115503145585, -0.4276175072391962, -0.4299393644296209, -0.5635688623401919, -0.19898255755680716, 0.792661720142418, 0.5641937770124908, 0.19865594215820875, 0.09361151165870299, 0.07157530507489387], [-0.6316900849389729, -0.49257437153711303, -0.4778420599574984, 0.3739152942316414, 0.6084229700272585, -0.31119130787523036, -0.041317335226504506, 0.07569443670402946, -0.06342106620297648, -0.009931088083077202, 0.5048288742473069, 0.596712323355467, -0.028727023408984365]], "inverted": true, "swapped": true, "error_lsq": 0.03894971728091202, "error_max": 0.20751047893671368, "target": "576.xyz", "model": "22.xyz", "model_rescale": 4.166573947596378, "target_rescale": 4.182731150611457},
{"mapping": [11, 2, 3, 4, 5, 9, 8, 8, 14, 1, 12, 13, 7, 10, 0, 15], "R": [[-0.3758764552162248, -0.5312384966795031, 0.7592776501779748], [0.18683275668013366, 0.7590907064923544, 0.6235982844333684], [-0.9076400230517534, 0.37625384910009885, -0.1860715711546843]], "T": [-0.11715692652827298, 0.00777650048050418, -0.03330174640638427], "aligned_model": [[-0.32083204724686687, -0.6541007947685167, -0.11305517322061034, -0.08748032066212819, -0.31963415509231197, 0.29800393751682963, 0.531625748387766, 0.531625748387766, 0.07284706687182813, -0.5694126156275316, -0.46835637514094997, -0.019586693708832315, 0.22697763797782766, 0.39218364318918014, -0.03855605890565106, -0.15703890815254476], [-0.06367853365621184, -0.39408130403069586, -0.4791025627301264, -0.6988305872643764, 0.35423052451405207, 0.01909026996546184, -0.46236582295517775, -0.46236582295517775, 0.7335896163595801, -0.2249976666502415, 0.40307662391106336, 0.7456035216232092, 0.1473693059307234, 0.49968094751536707, -0.3751968004534788, 0.002282248866814853], [-0.7919215133009668, -0.08817274513734821, -0.3859469015453797, 0.16589472940972538, 0.6947329796509194, -0.4668483089200999, 0.07681808225527763, 0.07681808225527763, -0.284442277842804, 0.46607790842657326, -0.42031352263438654, 0.3703125192421265, 0.5778241799205468, 0.2107134828956092, 0.6835728013484614, 0.022753843969846733]], "inverted": false, "swapped": false, "error_lsq": 0.048734080469994674, "error_max": 0.3708680342239459, "target": "576.xyz", "model": "23.xyz", "model_rescale": 4.274766983524099, "target_rescale": 4.182731150611457},
{"mapping": [5, 10, 1, 2, 9, 14, 7, 12, 13, 11, 15], "R": [[0.4383803100862017, 0.8274322968074772, -0.35096794430350614], [-0.869363844169039, 0.48946365237662914, 0.06805761863128837], [0.2280991235852457, 0.2752837212804885, 0.9339109500469569]], "T": [-0.03787356567077577, 0.06725408103979102, -0.028149494717767877], "aligned_model": [[0.2979857897407567, 0.11188833851589969, -0.5465545570881115, -0.3516214831948162, -0.5371728241859753, -0.6004488605165311, 0.15443881256619832, 0.038345600051488064, 0.4988218003983684, 0.37212728996477984, -0.0579152022939821], [-0.29301667709070967, 0.6911376130573184, 0.4338417431768143, -0.19881047518580386, 0.4981291264805196, -0.07670825519457608, -0.5787037565926957, -0.07039658756110004, -0.11660057258660927, 0.5447594689571267, 0.08195490378319886], [-0.44771556827936965, -0.2238070430318966, -0.5625306770388737, -0.4671054348751952, 0.15215385187177868, 0.5211346637337817, 0.049480441347757885, 0.6200146553120995, 0.21705900936266703, 0.490961095497582, 0.029921440121245833]], "inverted": false, "swapped": true, "error_lsq": 0.045686624587003226, "error_max": 0.22271896329882956, "target": "576.xyz", "model": "24.xyz", "model_rescale": 3.7841303162186577, "target_rescale": 4.182731150611457},
{"mapping": [10, 0, 7, 1, 5, 11, 6, 11, 14, 8, 9, 12, 3, 13, 4, 15], "R": [[0.7720413209638017, 0.08215485564834951, 0.6302402545203433], [-0.601554634859931, 0.4145169246626901, 0.6828672934375469], [-0.2051443881830629, -0.9063257134505148, 0.3694448282699491]], "T": [-0.16274636538157508, -0.03963774321276581, 0.03331275179921386], "aligned_model": [[-0.24022886346181355, -0.4692468664022751, 0.033504861488475285, -0.5337628581774405, -0.07514183741776839, 0.5392903249666422, 0.34138936460238645, 0.5392903249666422, -0.15171867600008745, -0.7126758942918148, -0.5143440914521511, -0.09771087448079493, 0.4563479104537118, 0.41997895149480646, -0.12154843453270622, -0.1082127019505586], [0.08403997261954058, -0.6401519696888062, -0.47298432190637235, -0.6272443501779981, 0.34417511741753537, -0.07351864589929505, -0.4919831881800544, -0.07351864589929505, 0.6789959548195491, -0.22017722610804785, 0.4203940012129163, 0.6577281634093706, 0.052897169384722664, 0.48145729997930864, -0.304411910486757, -0.07139346250553111], [-0.7308569874439387, -0.2612548228344107, -0.40997243720083043, 0.2980798783981674, 0.8171187738089373, -0.2755952264091083, 0.28482262519171686, -0.2755952264091083, -0.3024594335137847, 0.15348259821389856, -0.049696534842629383, 0.32421322211941783, 0.540423642247948, 0.00346047712857242, 0.7296615966295126, 0.06204119490901861]], "inverted": false, "swapped": false, "error_lsq": 0.050090461722667054, "error_max": 0.31974597360247686, "target": "576.xyz", "model": "25.xyz", "model_rescale": 4.19342608120988, "target_rescale": 4.182731150611457},
{"mapping": [12, 7, 13, 9, 11, 14, 10, 3, 5, 6, 2, 15], "R": [[-0.6240675957711537, 0.31356169716014476, 0.7156945563454158], [0.751461000639998, 0.4918450323838113, 0.4397667889194232], [-0.21411679155438693, 0.8122607501248704, -0.5425739335620887]], "T": [0.0014481324920235655, 0.061824280202379775, -0.1852038142232831], "aligned_model": [[-0.27273014685096086, 0.48599590772803497, 0.13060546460434802, -0.562318534302099, -0.5632690375166977, -0.37696004768423214, -0.30362742691531064, -0.1521089265201862, 0.6157869234810676, 0.26165930092237977, 0.3851529289184338, -0.050377851232996686], [-0.5002701135491826, -0.35296973381930774, -0.4968453472022139, 0.387935286727678, -0.36657785824274175, -0.059927568502982656, 0.3537534745024287, 0.6210960872401481, 0.02953114572425132, -0.09799000725910624, 0.45759300177978873, 0.03744806034222071], [0.04663664131283421, 0.04594844131653231, -0.41580800124246964, 0.022837306624662462, -0.5891271084991758, 0.508275053416671, -0.7064018708660585, 0.41675402729185507, -0.3856463726208752, 0.6086224815322959, 0.05572806297447569, -0.15856020003132637]], "inverted": true, "swapped": true, "error_lsq": 0.04087198305054277, "error_max": 0.19372690095517156, "target": "576.xyz", "model": "26.xyz", "model_rescale": 3.795458400668931, "target_rescale": 4.182731150611457},
