[{"mapping": [0, 3, 2, 12, 1, 4, 6, 8, 7, 9, 5, 10, 11, 13], "R": [[-0.2566227427911595, 0.9402890346252772, 0.22360970293304944], [0.517068031510875, -0.06190104177423128, 0.853703058338632], [0.8165692981442612, 0.3347010492823844, -0.4703081850632197]], "T": [-0.10460600016564586, -0.11851201580329809, 0.15844920530268075], "aligned_model": [[-0.7349321145490226, -0.300366914019622, -0.3142125111519444, -0.3342833018698626, -0.6103236015415663, 0.46667397452578746, 0.23612716076097395, 0.6663839815302908, 0.45850260012989824, -0.0806666904871513, 0.056457331229031404, 0.3194328291626078, 0.42829294172559146, 0.025552810239892948], [0.25182611388151, -0.4792580680855931, -0.04180426479084598, 0.2638158763934332, -0.24141763163097502, -0.017548405120766525, -0.6111337964692589, -0.20255700420801476, 0.33291853719481335, 0.6004364810458667, -0.7611257205032075, 0.587989556192334, -0.10202505437321405, -0.020754135453466896], [-0.08843354785869167, -0.16518678801006575, -0.5773763697465057, 0.5274932784211643, 0.4078244861137046, -0.6010570596126139, -0.31670443137297954, 0.06310761064824666, -0.06630319750645786, 0.01958545879312462, 0.5238359733355469, 0.7385143090895319, 0.6087921176231517, 0.15197285148882006]], "inverted": false, "swapped": false, "error_lsq": 0.0335743126362193, "error_max": 0.2060576983162835, "target": "577.xyz", "model": "0.xyz", "model_rescale": 3.8414455957264533, "target_rescale": 4.098796935614543},
{"mapping": [13, 12, 8, 0, 11, 6, 10, 5, 2, 7, 1, 4, 3, 14], "R": [[0.2587049257098838, -0.9168442609636294, -0.3040861104218674], [-0.21885213873750642, -0.3622504535605052, 0.9060233718095951], [-0.940837660164315, -0.16784281346922447, -0.2943693040778409]], "T": [0.01333027680905249, 0.0651058472953416, 0.03527628334841949], "aligned_model": [[-0.7214411895619924, -0.3895524677328603, -0.34141462482454793, -0.33882827481155625, -0.6194587241377928, 0.5195565050069354, 0.23789473309500614, 0.6280050791412587, 0.6287596845178103, -0.061094268129650825, -0.03842480616188043, 0.28521772387697764, 0.473600332602594, 0.019818792804604014], [0.19125084972804723, -0.552845366275058, -0.15649646326503938, 0.35789706962524115, -0.4118055417745974, 0.09283720944330898, -0.5247096810865891, -0.16676991678320774, 0.46803176880567743, 0.6927605716027156, -0.42122449189300304, 0.27859354896406974, -0.27749050095533323, -0.010666572063617832], [-0.10272853978297335, -0.15994496463529584, -0.635060101028737, 0.597214913586816, 0.3489624471906402, -0.55885598409849, -0.2294306260115896, -0.01698558031281787, -0.023902036336454255, 0.1513173808114437, 0.7489303338101004, 0.45517800067198694, 0.5683392251715859, 0.08303022236976018]], "inverted": false, "swapped": false, "error_lsq": 0.04348932961311643, "error_max": 0.28482754946104233, "target": "577.xyz", "model": "1.xyz", "model_rescale": 4.316132596720782, "target_rescale": 4.098796935614543},
{"mapping": [4, 3, 0, 6, 1, 10, 2, 7, 9, 12, 8, 13], "R": [[-0.10067806225146253, -0.949557476982958, -0.2969924673910938], [-0.8343928478841272, -0.08200292614355137, 0.5450358662544248], [-0.5418971333944356, 0.30268154553863125, -0.7840480717463942]], "T": [0.009222402553991357, 0.09367242747089925, -0.13230204165428858], "aligned_model": [[-0.15343696829084302, 0.3672391837400532, 0.05337078408538263, -0.5305740261343135, -0.6328910945668237, -0.4042625021995279, -0.1193916278865192, -0.12172936799565855, 0.5821847244782625, 0.07883747038782675, 0.46302748601883564, 0.015434492995106276], [-0.6665270175158405, -0.4743271620213923, -0.3906841222586054, 0.35266018916280156, -0.28023686339442827, -0.22237905685342702, 0.20377781286398305, 0.6640133864520811, 0.04036982358445984, 0.10718273242391539, 0.6121565948160517, 0.06677011048138162], [-0.07248682558927896, 0.003922207035239572, -0.6588661555091655, 0.04151126112191089, -0.30343359433644584, 0.5160516670013033, -0.7439005975277329, 0.277993549591404, -0.38041708477620717, 0.7232164745881997, 0.029309872970421813, 0.016357686639772107]], "inverted": true, "swapped": true, "error_lsq": 0.05717905713103663, "error_max": 0.2960974324896279, "target": "577.xyz", "model": "2.xyz", "model_rescale": 3.795458400668931, "target_rescale": 4.098796935614543},
{"mapping": [8, 9, 11, 4, 7, 10, 3, 2, 0, 1, 12, 13], "R": [[-0.3375384362735121, -0.5192142569948693, -0.7851651796732316], [0.4956859771484027, -0.807141041255603, 0.3206536317886548], [-0.8002269778609475, -0.2809624438498619, 0.5298083512454743]], "T": [0.17762383449454225, -0.02637326462240361, -0.0587811120526936], "aligned_model": [[-0.21722754696650895, -0.10433643429377168, -0.6444074284049957, 0.18406064182092122, 0.0731841931436776, 0.043340657638547636, -0.2408242048109561, 0.6790723103818107, 0.4315399902993434, 0.7367280316573238, -0.4225926715302355, 0.07476628680840854], [-0.09528220034819093, -0.5811920975307058, -0.03048907452848765, -0.010837999845759037, 0.46704947632738836, 0.6715106224400301, -0.24274611999263215, -0.3949181719585162, -0.5398884257338699, 0.1772133555297113, 0.5866025035618979, 0.07874717736884304], [-0.6420711270968685, -0.13201043694654688, -0.05936909508559957, 0.7207420436100813, -0.5651466005344936, 0.3726663903414991, 0.43865292484625534, -0.18304548978077087, 0.3720887963738056, 0.4180405465509618, -0.028096080564115507, -0.02368044107510825]], "inverted": false, "swapped": true, "error_lsq": 0.04134220529439877, "error_max": 0.21803274996777333, "target": "577.xyz", "model": "3.xyz", "model_rescale": 3.7530521520055578, "target_rescale": 4.098796935614543},
{"mapping": [1, 10, 3, 11, 0, 7, 2, 6, 5, 8, 13], "R": [[-0.12873277415179896, 0.8998311160474716, 0.4168115106999133], [0.9820914718802202, 0.0573752994107537, 0.17945588838951287], [0.1375653071065698, 0.4324488843901535, -0.8911025466636189]], "T": [-0.007116983200985465, -0.09542083464292496, 0.03647832509265835], "aligned_model": [[-0.5267919022806927, -0.33374896439509033, 0.48451440964456455, 0.6129039834148555, 0.16988736175548158, -0.2885535540406036, -0.15060918396862427, -0.5983743667392665, -0.3278757414566227, 0.29322976740144585, 0.0036177931097577526], [-0.6118844301647921, 0.014582809507910424, -0.34470041566454673, 0.31575774936830425, -0.7832850576817195, 0.56074225383022, -0.44294490199903097, 0.09508249176751217, 0.1991805927920734, 0.48089908285065974, -0.016226816292244123], [-0.17472594163428506, -0.7201137617446594, -0.3703568494678703, -0.3131770135005313, 0.13308259718893067, 0.06846435042771848, 0.5477068152928064, -0.01633359014268449, 0.7134500311487586, 0.31671122576198335, -0.09187708608485048]], "inverted": false, "swapped": true, "error_lsq": 0.044931738211471894, "error_max": 0.23240455663609297, "target": "577.xyz", "model": "4.xyz", "model_rescale": 3.7855080009869324, "target_rescale": 4.098796935614543},
{"mapping": [2, 12, 14, 0, 1, 15, 13, 8, 10, 3, 6, 5, 7, 16], "R": [[0.15260206979715907, 0.9834854714759051, 0.09730845641279065], [0.2900105740703798, 0.04956380911390135, -0.9557391358281242], [-0.9447785323667088, 0.17406825161969575, -0.27765764631479267]], "T": [0.01663536807847692, -0.08434515252610857, 0.094064700847012], "aligned_model": [[-0.5631889451593031, -0.4502199071886957, -0.24919561676111085, -0.4490510282272642, -0.6387599181774384, 0.47410251381682056, 0.17787032015564147, 0.6628290081177585, 0.5819739285977399, -0.15389844243675216, 0.2454213341888371, 0.13021543726914897, 0.519147836426181, -0.00460802493665818], [0.31622685088425456, -0.4954558674811783, -0.03751849433665404, 0.25438369201285244, -0.2495413131729226, -0.02814998587747243, -0.7065338973492367, -0.2940707726502701, 0.373274979642386, 0.5889484667928663, -0.5791767721457856, 0.5052691373673108, -0.022854473263738656, -0.06543906634979715], [-0.12759161744966208, -0.18179648709811513, -0.5262888677853382, 0.6202517716626926, 0.4350503108812905, -0.5892244184145209, -0.24022872553091318, -0.08967102730605998, 0.05001472129671304, 0.09082015854466736, 0.45305734422912775, 0.6367964961708391, 0.6463957495803406, 0.04847928262491434]], "inverted": false, "swapped": false, "error_lsq": 0.038337630243031995, "error_max": 0.22805111918320792, "target": "577.xyz", "model": "5.xyz", "model_rescale": 4.2253639853439635, "target_rescale": 4.098796935614543},
{"mapping": [5, 8, 11, 2, 10, 12, 9, 0, 7, 6, 1, 3, 4, 13], "R": [[0.8711100463311697, -0.2906498983527243, -0.39584078083044766], [0.08885986550826733, -0.6994545320202572, 0.7091313573225879], [-0.4829815850348335, -0.6529058080794459, -0.5834747589170982]], "T": [-0.0012736221807580737, -0.08545723271267186, 0.09425529607484799], "aligned_model": [[-0.6018266911151287, -0.4358556067999547, -0.2968078583561485, -0.340716903614986, -0.6169775988973418, 0.3945968445428309, 0.2332623398664638, 0.7778242505254519, 0.5949140040712422, -0.03696472341394322, 0.08660895360434995, 0.3438998185746422, 0.15707487191445604, 0.02360679478297103], [0.10649351694301734, -0.6139733315306375, 0.1914935364310706, 0.29442539634006715, -0.3308726810721218, 0.16894154452408866, -0.5674660732440282, -0.26648938463633787, 0.3947354044651306, 0.543342275083986, -0.6886174673247478, 0.4509549176897552, -0.08542440124594641, -0.03818076835068146], [0.037402964980925615, -0.18444545299728782, -0.5702080780339938, 0.530877625863849, 0.5055852672063641, -0.7119156536532606, -0.19773235373518205, 0.15167057314588916, -0.11399110012720955, -0.036340616612159385, 0.5031320088066282, 0.4042984759644629, 0.7840647375486499, 0.12366629304830001]], "inverted": false, "swapped": false, "error_lsq": 0.043905268500875984, "error_max": 0.35609147190655877, "target": "577.xyz", "model": "6.xyz", "model_rescale": 3.89814844738969, "target_rescale": 4.098796935614543},
{"mapping": [10, 12, 7, 4, 6, 11, 3, 1, 0, 9, 8, 2, 13], "R": [[-0.5536737982168655, 0.6928634150840333, 0.46193680650734076], [-0.7361025041877512, -0.6665874376544701, 0.1175342132732824], [0.38935642860575853, -0.2749572257630969, 0.8790904933532327]], "T": [-0.01621135006957357, 0.12306918441753412, 0.1041124761634414], "aligned_model": [[0.17755599396930405, 0.06744262831313576, 0.5158349759095521, -0.3865230913886272, 0.5786822370312884, -0.45898606258137326, -0.6339526832604065, 0.18765460923186317, -0.44474998907005114, -0.5114691658296868, 0.012722618088991382, 0.060959390666384075, -0.01653966017615157], [-0.31844064493958635, 0.2695726426633287, 0.49613389337859526, -0.5371519708112885, -0.03169967947651503, 0.5373205915029204, -0.038282903112238614, -0.6005481450000317, -0.2575273554537376, 0.4430821520491247, 0.8250747144338989, 0.05311485755391401, 0.12313311268210167], [-0.5731940465389924, -0.737599746788055, -0.19342588747598466, -0.08274674245918202, 0.00012147584122600141, -0.45095419414500887, -0.14431808621297637, 0.23147236195263232, 0.5346017577711449, 0.31624324014043403, 0.019057447929734253, 0.7301065873118737, -0.04708913649055092]], "inverted": true, "swapped": true, "error_lsq": 0.04211205598081037, "error_max": 0.22615937102711145, "target": "577.xyz", "model": "7.xyz", "model_rescale": 3.7474275329858107, "target_rescale": 4.098796935614543},
{"mapping": [8, 2, 4, 5, 3, 13, 1, 12, 11, 9, 0, 7, 10, 14], "R": [[0.17284673328629338, -0.9581369776931189, -0.22824885272297238], [-0.004243872769029267, 0.2310101580131854, -0.9729420827771013], [0.984939590196362, 0.1691385197754175, 0.0358631397398978]], "T": [0.07116634471245988, -0.06479185459461223, 0.11883429238979384], "aligned_model": [[-0.5233183363975715, -0.47368370426286743, -0.2656552568231059, -0.4027349445695936, -0.5243642358159145, 0.4162660287113955, 0.0941239712992422, 0.6431938974604865, 0.4739234472680023, -0.051428909637384154, 0.07378053714706091, 0.15489408175430375, 0.6049309745030717, 0.0627109450477789], [0.1767810406758633, -0.5373496948306384, 0.027987716407898156, 0.3004796490826067, -0.2827424869468076, 0.017845910686708585, -0.7988472498397088, -0.15576974753275957, 0.408668407270511, 0.687040885086386, -0.5644997327184815, 0.4046177102730825, -0.03627668754600401, -0.08857323599604221], [-0.11233840507396109, -0.3152359871881705, -0.5812864156235691, 0.5125547016145109, 0.45346152752977464, -0.7071130646165186, -0.0406569115774458, -0.09365128522194488, 0.10873219530353843, 0.12647466169107757, 0.5483671085584967, 0.6051695249039419, 0.6569286753013267, 0.06465836580491825]], "inverted": true, "swapped": false, "error_lsq": 0.04035374849887429, "error_max": 0.3266069908367568, "target": "577.xyz", "model": "8.xyz", "model_rescale": 4.019505241142653, "target_rescale": 4.098796935614543},
{"mapping": [8, 9, 11, 12, 7, 10, 4, 5, 6, 2, 0, 1, 13], "R": [[0.10432690448129361, -0.8777613764871153, 0.4676011793706212], [-0.9603922879154849, 0.03323555090449598, 0.2766623419776083], [-0.2583845009163891, -0.47794389221279876, -0.8395278944637093]], "T": [-0.05267349383216151, -0.037468651347156344, 0.046397902950291614], "aligned_model": [[-0.37612711420338374, -0.6027710774808563, -0.10054736808766344, 0.4857767281005914, 0.18277758253359144, 0.7525911476308093, 0.282093314524555, -0.346800811132027, 0.3742321669207448, -0.4123823038223237, -0.32945005120683396, 0.35837838197338506, 0.05193017599058698], [-0.572669772013916, 0.10070111533281001, -0.1100223673299692, -0.3173805221387256, -0.7098461035319276, 0.05224110953367068, 0.6627446368412838, -0.6329906100081691, -0.34705364246509407, 0.04758849193206994, 0.5882547683551699, 0.3602489006742561, -0.058437777067400054], [-0.28499433054438295, -0.22004126194253898, -0.771035111589917, -0.5607770477300824, -0.01061964109571914, -0.13994010912001859, -0.028245664901721812, 0.5011611279536761, 0.37892549495497224, 0.5622393637285361, 0.260138521882057, 0.5506409133276071, -0.06074876087858856]], "inverted": false, "swapped": true, "error_lsq": 0.054227320174055405, "error_max": 0.31134033822091406, "target": "577.xyz", "model": "9.xyz", "model_rescale": 3.877068213659057, "target_rescale": 4.098796935614543},
{"mapping": [7, 9, 2, 1, 8, 13, 10, 6, 3, 4, 11, 5, 12, 15], "R": [[0.906608547972346, -0.0906988030703586, 0.4121100191272695], [-0.04712575157242154, -0.9922803454148594, -0.1147121599574404], [0.41933292773428676, 0.08457803039188895, -0.9038840923994735]], "T": [0.0653859570443472, -0.06692284941840003, 0.041462959340908545], "aligned_model": [[-0.646122938296706, -0.31078988874417324, -0.3288037899786367, -0.3612029592131544, -0.6229763554984046, 0.36890819655599955, 0.30436896528657054, 0.6675384710786895, 0.4800250836826934, -0.09498490629152896, 0.014417342981083228, 0.21744230120861657, 0.5392061407126774, 0.05561283220117884], [0.33262217961617396, -0.5365243720023263, -0.004140582179151239, 0.44271895995088967, -0.3265079631574979, 0.04723368501216883, -0.7298804843156619, -0.17483240073982703, 0.41290979546314893, 0.5670627752436668, -0.6457859834591884, 0.4367075238982792, -0.18294389504715192, -0.07927675421090843], [0.02132764108855184, -0.22985133613907982, -0.4886579591406775, 0.5993103693666979, 0.27404806463347053, -0.6603069685787084, -0.03968551915871604, -0.03646299076929055, 0.06588365332760124, -0.13299074127826874, 0.49640795457950915, 0.6195898982694013, 0.6073505508582089, 0.1301020743472764]], "inverted": false, "swapped": false, "error_lsq": 0.039128982122923824, "error_max": 0.2354603737191319, "target": "577.xyz", "model": "10.xyz", "model_rescale": 4.260839863003843, "target_rescale": 4.098796935614543},
{"mapping": [8, 11, 3, 9, 0, 2, 5, 7, 10, 1, 6, 13], "R": [[-0.9253144255448332, 0.3384074053581455, -0.1710954174646524], [-0.05499692656037736, 0.3266646141949641, 0.9435388534139801], [0.37519135377504154, 0.8824798342351079, -0.2836561126096679]], "T": [-0.03797063352806571, 0.022269429227437843, -0.03129777265471503], "aligned_model": [[0.33838105010841835, 0.1818564963714725, -0.3707450371426915, -0.3574069616114073, -0.749757408116061, -0.3948334542625797, 0.2299677699923484, 0.6593876323891639, 0.30808081652728597, -0.29381994247051973, 0.3546643067273778, 0.053123380581322786], [-0.06536975013182066, -0.7105694756297317, -0.5733226717992044, -0.18964735517733178, 0.05989407468167693, 0.5299676361556324, 0.6841597395734909, 0.15232670947546179, -0.30067472332645634, 0.30297377871582426, 0.3698993590418526, -0.0865588160464605], [-0.624224480587504, -0.3319235454808577, 0.031054779008124207, -0.5270192401518294, 0.04462380816091708, -0.1639967407158753, -0.402885046163754, -0.11822418238568444, 0.6522051951339646, 0.629875509167465, 0.3058329808232642, 0.020859040587274662]], "inverted": true, "swapped": true, "error_lsq": 0.04980934706477702, "error_max": 0.28051194891082487, "target": "577.xyz", "model": "11.xyz", "model_rescale": 3.890672605050136, "target_rescale": 4.098796935614543},
{"mapping": [11, 10, 9, 1, 2, 5, 12, 7, 8, 6, 4, 0, 3, 13], "R": [[0.1797291894276778, -0.9106278672987778, 0.3720944849988371], [-0.484509805011009, -0.4111376683534451, -0.7721502875147344], [0.8561236285232783, -0.041505481081086704, -0.5151015702988717]], "T": [-0.035764668779071446, 0.08312616844695586, 0.06323571714523517], "aligned_model": [[-0.5739894869335743, -0.4639237214734434, -0.20708458639830593, -0.36939002386322295, -0.5408547363780237, 0.43071429623202573, 0.12495616215158051, 0.6762485771998582, 0.5711272830914852, -0.16304150026195638, -0.019950347803620386, 0.11229036394097847, 0.6488917606963078, 0.05664445548481642], [0.02812616722301127, -0.6876285264458731, 0.15677784743716827, 0.49175683540600174, -0.30460588742666866, 0.0040218073815642685, -0.5417801255114709, -0.36650149327648834, 0.46714240022377074, 0.6350396801796737, -0.43530950374312605, 0.2468053296164674, -0.07727033171195086, -0.057211715279464836], [-0.03702000031352376, -0.08561834003521986, -0.6924396973220233, 0.6350865638315171, 0.3796405371584366, -0.5541070216131238, -0.3093137225552935, -0.07031679552321922, 0.1215858527476012, -0.04283231609802722, 0.5344378021130808, 0.6109431018246145, 0.6620526276586525, 0.07396609953250403]], "inverted": false, "swapped": false, "error_lsq": 0.045739824832481006, "error_max": 0.2647044192982241, "target": "577.xyz", "model": "12.xyz", "model_rescale": 4.124412569039231, "target_rescale": 4.098796935614543},
{"mapping": [7, 12, 10, 8, 6, 5, 11, 2, 3, 9, 1, 4, 13], "R": [[0.5225574020308396, 0.8320535243387144, 0.18606637046576824], [0.30267155103788346, 0.022984195076886427, -0.9528177469846949], [-0.7970719501871222, 0.5542189634180633, -0.23982836949098815]], "T": [0.12502109058848498, 0.025305680730418653, -0.11384440017904317], "aligned_model": [[-0.05985283887656853, -0.09453892268795089, 0.50873325025848, -0.5199779768509231, 0.4746018246109452, 0.013375944135699758, -0.4969711808662558, 0.3045374552233795, 0.008209288958903327, -0.3240314538194458, 0.8825592583635515, 0.5667175123001412, 0.1039361467598009], [-0.20413249469735745, 0.5356626535985636, 0.5569927140581418, -0.17583716654194542, -0.1970591262406921, -0.7552361858635738, 0.5453324738808126, -0.45039760951974056, 0.6277560935398383, 0.05233440724126779, 0.0655274937301886, 0.6112792204964583, 0.13526290282651499], [0.5372772487912845, 0.5405789172983347, 0.39732554792300456, 0.09687117710051045, 0.3520022616892364, 0.04819457233203621, 0.021987965094218728, -0.4935782711184671, -0.41841803382299114, -0.5500889701776662, -0.19079918837671073, -0.37743197366433656, -0.012223172100614507]], "inverted": true, "swapped": true, "error_lsq": 0.05146740770532578, "error_max": 0.2898163148946146, "target": "577.xyz", "model": "13.xyz", "model_rescale": 3.9028299243045295, "target_rescale": 4.098796935614543},
{"mapping": [1, 12, 2, 9, 11, 0, 5, 4, 3, 6, 13, 7, 10, 15], "R": [[-0.00033955241853433904, 0.9258346147172296, -0.3779287643135337], [0.981231275870297, 0.07318610691222671, 0.17840677399970417], [0.19283430181921596, -0.3707749451438589, -0.908482730763477]], "T": [0.005436270580704686, -0.08160302850123702, 0.01661578346889707], "aligned_model": [[-0.5897896834037634, -0.42823155255927364, -0.2139023994368756, -0.2192170362193614, -0.6483731313954058, 0.5422395886810165, 0.2508213169330766, 0.6825145758864637, 0.3248047128568321, -0.21893615472502453, 0.00031127058737419333, 0.396995363237487, 0.4022353953079368, 0.0011662299344228425], [0.15400352842033643, -0.6227649212830408, 0.0694225882040336, 0.33338091178916973, -0.12081699419314092, -0.010348623431604836, -0.5291956361480674, -0.07796787290535107, 0.4160538408353983, 0.5448178051029358, -0.794854817598447, 0.4388752411196306, -0.22855714483462963, -0.012685421004608108], [-0.09471422049071555, -0.04097166251314012, -0.6698473113071413, 0.6315667388372953, 0.35845232206634015, -0.611063606569837, -0.022739905595170085, 0.046865213393838936, -0.1809465705318843, 0.05738606968711514, 0.368605799690851, 0.6462282068274543, 0.6300548956531045, 0.10718872225786469]], "inverted": true, "swapped": false, "error_lsq": 0.04223722958033421, "error_max": 0.2893798826553928, "target": "577.xyz", "model": "14.xyz", "model_rescale": 3.942246331269136, "target_rescale": 4.098796935614543},
{"mapping": [1, 3, 12, 2, 5, 13, 4, 11, 8, 0, 10, 7, 6, 14], "R": [[0.051346335141224, -0.5414209934413045, -0.8391822577536991], [0.9557423662443695, -0.21710516371723954, 0.1985494327690822], [-0.28968963259526354, -0.812236822452874, 0.5063114269088539]], "T": [0.048057786374302365, -0.11975196825697834, 0.13864113883567963], "aligned_model": [[-0.6571401440004178, -0.4866035481677823, -0.2025688256202801, -0.3946041645547339, -0.5467057046397725, 0.35986334454099134, 0.13083216051455646, 0.7380714009656187, 0.5347640103725747, -0.1426915325337858, 0.27020245959249384, 0.19597134769290064, 0.4877610126885455, -0.004513321166004024], [0.10414730182602874, -0.4540955224281169, 0.08327447597180668, 0.3320455207703127, -0.14648843738160608, -0.2223070854172174, -0.6435779243510751, -0.2530353481994414, 0.4777387026450636, 0.5891265815834597, -0.7244449853852606, 0.46068055322032897, -0.0049834707855959115, -0.03871787799607222], [-0.19182282536030737, -0.20617703880368804, -0.6123867051665793, 0.5659318416924359, 0.35846176836032734, -0.6051260211989142, -0.11119630357517929, -0.0035832506560288524, 0.06819345616149408, 0.18134221353498653, 0.4452330748683154, 0.7487224240088797, 0.46464520950877347, 0.12382684803146045]], "inverted": true, "swapped": false, "error_lsq": 0.044627617002970986, "error_max": 0.2882068031105104, "target": "577.xyz", "model": "15.xyz", "model_rescale": 4.355366556412066, "target_rescale": 4.098796935614543},
{"mapping": [4, 3, 0, 6, 1, 10, 2, 7, 9, 12, 8, 13], "R": [[-0.10067806225146253, -0.949557476982958, -0.2969924673910938], [-0.8343928478841272, -0.08200292614355137, 0.5450358662544248], [-0.5418971333944356, 0.30268154553863125, -0.7840480717463942]], "T": [0.009222402553991357, 0.09367242747089925, -0.13230204165428858], "aligned_model": [[-0.15343696829084302, 0.3672391837400532, 0.05337078408538263, -0.5305740261343135, -0.6328910945668237, -0.4042625021995279, -0.1193916278865192, -0.12172936799565855, 0.5821847244782625, 0.07883747038782675, 0.46302748601883564, 0.015434492995106276], [-0.6665270175158405, -0.4743271620213923, -0.3906841222586054, 0.35266018916280156, -0.28023686339442827, -0.22237905685342702, 0.20377781286398305, 0.6640133864520811, 0.04036982358445984, 0.10718273242391539, 0.6121565948160517, 0.06677011048138162], [-0.07248682558927896, 0.003922207035239572, -0.6588661555091655, 0.04151126112191089, -0.30343359433644584, 0.5160516670013033, -0.7439005975277329, 0.277993549591404, -0.38041708477620717, 0.7232164745881997, 0.029309872970421813, 0.016357686639772107]], "inverted": true, "swapped": true, "error_lsq": 0.05717905713103663, "error_max": 0.2960974324896279, "target": "577.xyz", "model": "16.xyz", "model_rescale": 3.795458400668931, "target_rescale": 4.098796935614543},
{"mapping": [10, 12, 7, 4, 6, 11, 3, 1, 0, 9, 8, 2, 13], "R": [[-0.5536737982168655, 0.6928634150840333, 0.46193680650734076], [-0.7361025041877512, -0.6665874376544701, 0.1175342132732824], [0.38935642860575853, -0.2749572257630969, 0.8790904933532327]], "T": [-0.01621135006957357, 0.12306918441753412, 0.1041124761634414], "aligned_model": [[0.17755599396930405, 0.06744262831313576, 0.5158349759095521, -0.3865230913886272, 0.5786822370312884, -0.45898606258137326, -0.6339526832604065, 0.18765460923186317, -0.44474998907005114, -0.5114691658296868, 0.012722618088991382, 0.060959390666384075, -0.01653966017615157], [-0.31844064493958635, 0.2695726426633287, 0.49613389337859526, -0.5371519708112885, -0.03169967947651503, 0.5373205915029204, -0.038282903112238614, -0.6005481450000317, -0.2575273554537376, 0.4430821520491247, 0.8250747144338989, 0.05311485755391401, 0.12313311268210167], [-0.5731940465389924, -0.737599746788055, -0.19342588747598466, -0.08274674245918202, 0.00012147584122600141, -0.45095419414500887, -0.14431808621297637, 0.23147236195263232, 0.5346017577711449, 0.31624324014043403, 0.019057447929734253, 0.7301065873118737, -0.04708913649055092]], "inverted": true, "swapped": true, "error_lsq": 0.04211205598081037, "error_max": 0.22615937102711145, "target": "577.xyz", "model": "17.xyz", "model_rescale": 3.7474275329858107, "target_rescale": 4.098796935614543},
{"mapping": [12, 7, 9, 10, 11, 6, 2, 0, 4, 5, 1, 8, 3, 13], "R": [[0.5208467458536166, -0.7178250177086631, -0.46200206848590575], [-0.441590901225518, -0.6897315765650167, 0.5738186370657294], [-0.7305587883863508, -0.09485566003509799, -0.6762294436585654]], "T": [-0.017320906089174967, -0.06321174742546617, 0.12057872427911201], "aligned_model": [[-0.6773408929460296, -0.5407261200295413, -0.13495576680142218, -0.3225973171217352, -0.5177124005442503, 0.37341974638499326, 0.2926996320675973, 0.8027450404036086, 0.4968750295906426, -0.1972536705878977, 0.1414642970836265, 0.4061461589122483, 0.0950950371801812, 0.0647797220928841], [0.18011713237207136, -0.5431018394034076, 0.11062958342826912, 0.36685662822197684, -0.34056440360270446, -0.019724784352661368, -0.5593154824522467, -0.22628565457001582, 0.5047932411850884, 0.6306830809598779, -0.6731244292088879, 0.3765678135923062, -0.139485390212619, -0.1086830118844328], [-0.13319597209436898, -0.130761212216741, -0.5147679504491716, 0.5658728693096813, 0.5615101454712302, -0.5430698559251236, -0.2814176361809618, 0.11416506757057696, -0.19910658139583845, 0.023862106936410582, 0.4057316598466829, 0.5002154371886982, 0.7855104263538987, 0.07151618699100248]], "inverted": false, "swapped": false, "error_lsq": 0.048301384584492055, "error_max": 0.40326772559182245, "target": "577.xyz", "model": "18.xyz", "model_rescale": 3.922800546911778, "target_rescale": 4.098796935614543},
{"mapping": [7, 9, 3, 13, 11, 0, 2, 1, 5, 12, 10, 8, 6, 14], "R": [[0.6195363079255358, 0.32968170751985354, 0.7123796283504953], [0.7825591695409062, -0.1883604179536663, -0.5933982634923763], [-0.06144842820970586, 0.925110979653314, -0.37469156114788965]], "T": [0.0717303075772552, 0.007981217304821549, 0.18009590548908352], "aligned_model": [[-0.6704158510886037, -0.3615686097018791, -0.12883537043544152, -0.37819045974086635, -0.538574828598836, 0.4091502159535495, 0.14878998419266687, 0.7685225550557548, 0.48848231196694963, -0.21317024882358937, -0.0603853965133415, 0.3582350173570313, 0.475197470135616, -0.014598294074105525], [0.10203572006243453, -0.57541652355657, 0.09186186031435792, 0.34511338238294054, -0.23653532797618693, 0.0215295474070294, -0.6116036560115443, -0.22525754912430265, 0.5488914953471375, 0.6829253755982604, -0.7312100984692026, 0.3984580572554831, -0.25796968256207, 0.006539883404847555], [-0.10023220360307225, -0.18684047885776542, -0.4214742817016709, 0.5747184507469515, 0.45392598530086825, -0.5843691910716772, -0.17105271516214046, 0.09030021726115384, -0.1608843844560567, -0.1060790422519162, 0.4746163405699434, 0.5540391401621695, 0.672287067041389, 0.1371097874278001]], "inverted": true, "swapped": false, "error_lsq": 0.036059604055302674, "error_max": 0.20248285476947375, "target": "577.xyz", "model": "19.xyz", "model_rescale": 3.9282355846067225, "target_rescale": 4.098796935614543},
{"mapping": [5, 7, 6, 1, 2, 8, 9, 11, 4, 3, 10, 0, 10, 13], "R": [[-0.6508604855383461, 0.22247801852715351, 0.7258678665136099], [-0.7578898589975, -0.1343135580039544, -0.638406476913469], [-0.04453751220642721, -0.9656414445375414, 0.2560332216684241]], "T": [-0.0015318002907812357, -0.0829006111527717, -0.07237408975793003], "aligned_model": [[-0.6360245916513735, -0.4088548279208327, -0.35369074595040173, -0.2657572347039046, -0.5677583951879187, 0.45715563795635517, 0.4909406169691178, 0.6553114430278347, 0.41910311139796735, -0.13640744896458437, 0.1474892231936971, 0.3450423650933998, 0.1474892231936971, -0.011399880768148464], [0.20710173533929693, -0.5328187081371897, 0.16082747980295728, 0.2819188178572225, -0.28379719149257343, -0.06925950640418362, -0.5452729973190662, -0.05271812540454884, 0.3713089235437568, 0.6513312153036678, -0.4922667200326432, 0.3941062940614467, -0.4922667200326432, -0.038832013012885656], [-0.04062997236383506, -0.21294234203358, -0.5657550264873951, 0.5264518451619182, 0.49131396014098705, -0.6790381923581277, -0.22106006753278115, 0.21224696109160596, -0.19936942273979086, 0.02284803768531951, 0.6708933402103531, 0.4685027432299974, 0.6708933402103531, 0.08170948719095117]], "inverted": false, "swapped": false, "error_lsq": 0.05345156590519652, "error_max": 0.4497905186657173, "target": "577.xyz", "model": "20.xyz", "model_rescale": 4.067790424073018, "target_rescale": 4.098796935614543},
{"mapping": [7, 1, 8, 12, 9, 4, 5, 6, 2, 0, 13, 3, 11, 14], "R": [[-0.6707781823319089, -0.7125081156209881, 0.2058854421316115], [0.3457342870205987, -0.5459963240388698, -0.763122412797842], [0.6561436069077095, -0.4407042084099837, 0.6125809071493096]], "T": [0.050355776368286795, -0.062385909245678, 0.09637441232835883], "aligned_model": [[-0.6222698993582921, -0.5756352722734633, -0.16006015498890913, -0.24459180786337564, -0.6568889864716345, 0.49147691564798773, 0.14061444563046777, 0.7892381214682405, 0.4715974521143948, -0.16353600563571175, 0.11077517533039935, 0.4221183595553886, 0.26999203018202683, 0.009808122347386594], [0.10494046884507663, -0.5550879892678778, -0.06633166347565916, 0.21492390678452428, -0.15091403825674415, -0.02271545031413256, -0.494445871433855, -0.09369378342472523, 0.5057811737352815, 0.5918947211283453, -0.7258531678373625, 0.5245144012768743, -0.17678942741038584, -0.09686079627674557], [-0.17974248457796785, -0.10031053534435633, -0.43360432647131586, 0.7468504344743633, 0.40624134389446465, -0.5716906218599438, -0.2955996717063605, 0.12146623986948214, -0.13484744643601126, -0.07862613575502159, 0.31151203824044726, 0.5873791209630161, 0.6936214341052377, 0.1534153020099421]], "inverted": false, "swapped": false, "error_lsq": 0.04743843031218597, "error_max": 0.2778265219456224, "target": "577.xyz", "model": "21.xyz", "model_rescale": 4.186013935880536, "target_rescale": 4.098796935614543},
{"mapping": [9, 3, 0, 5, 7, 2, 8, 11, 1, 10, 12, 6, 13], "R": [[0.3123841516982355, 0.2467778016322125, 0.9173422798439778], [0.5468462010608144, 0.7429056892007948, -0.38607042018062954], [-0.7767724082079187, 0.6222474215090528, 0.09712246018406874]], "T": [0.07962753301217293, -0.03501234141071116, -0.04968970654187378], "aligned_model": [[-0.03851045825589311, -0.3483752521069209, 0.3782761080903564, 0.5696012240358461, -0.05884020872706275, 0.6707088535727381, -0.18254675521753336, -0.7033304669806602, 0.4825770917541935, -0.29471771884684217, -0.6511236093082968, 0.28544846938906, -0.05059324197575965], [-0.4236334402561396, 0.1785614528515962, 0.16715049422133732, -0.5464618715385835, -0.2705642440281255, -0.1734838311994156, -0.6679860667704649, -0.25700460744943865, 0.612178237629491, 0.6119120909038201, 0.10801706804265893, 0.165346620409937, 0.014924756729420202], [-0.5268742841432842, -0.5401552461468161, -0.669172821203172, 0.332817852967165, 0.6107053521678862, -0.23453038730579473, 0.12777071752568314, -0.16565904242706891, -0.036276399165989195, 0.31441913709588926, 0.37749418087890757, 0.5036275062031248, 0.008712994888814829]], "inverted": true, "swapped": true, "error_lsq": 0.04219159957087374, "error_max": 0.2662492825336704, "target": "577.xyz", "model": "22.xyz", "model_rescale": 4.166573947596378, "target_rescale": 4.098796935614543},
{"mapping": [5, 6, 13, 0, 1, 14, 12, 9, 9, 7, 2, 8, 3, 15], "R": [[0.595385301072213, -0.6449945454122443, 0.4790598915121185], [-0.7643676441626694, -0.2710438271108578, 0.5850447404620526], [-0.2475044400093891, -0.7145049196286558, -0.6543884717826919]], "T": [0.11168760330359526, -0.07126972039574223, 0.11891054181484959], "aligned_model": [[-0.648619175861137, -0.375678941047089, -0.25201853144976305, -0.44515345677104745, -0.523599528720111, 0.3646341596356515, 0.24828080716289908, 0.6892873783089228, 0.6892873783089228, -0.2663852000629714, -0.06757861016225294, 0.3661758234757285, 0.46002070388744354, 0.04398568897970867], [0.10868832126271297, -0.6406857608945689, 0.2210806277723624, 0.3375119136284286, -0.229847128952422, -0.014388620054448992, -0.5592126172715737, 0.08301884963790332, 0.08301884963790332, 0.5274256007690782, -0.5744083320295358, 0.5422722849561161, -0.24590623570798303, -0.07920526868135812], [-0.16500966880769544, -0.012796922807225136, -0.5875328461254045, 0.5543199725091004, 0.40062409535404886, -0.6285921961627202, -0.29658359927150724, 0.06393142438957697, 0.06393142438957697, 0.01883799103236035, 0.5282079903555499, 0.5803009336563206, 0.5767235938058392, 0.12970249908815557]], "inverted": false, "swapped": false, "error_lsq": 0.045969416245198416, "error_max": 0.37293218464267125, "target": "577.xyz", "model": "23.xyz", "model_rescale": 4.274766983524099, "target_rescale": 4.098796935614543},
{"mapping": [12, 8, 11, 3, 9, 0, 1, 2, 6, 5, 13], "R": [[-0.6847089069517501, 0.682221296842111, 0.2564133671944746], [-0.6235747119282057, -0.7304986462246424, 0.27843546201520414], [0.3772642195923106, 0.03075434927020021, 0.9255948782358142]], "T": [-0.0224575753280936, 0.04021569993934035, 0.06588602937194582], "aligned_model": [[0.26289401683498, 0.08080746996900842, -0.2921849524403578, -0.5777914452279536, -0.5260973629690923, -0.566940656870839, 0.08875501115934743, -0.09634421315530033, 0.5662331023305517, 0.42874484354774106, 0.011818890779989488], [0.010170321916482539, 0.7090703942630517, 0.3473337354645637, -0.14815872441904174, 0.41241032907152597, -0.23112544904422574, -0.6487191912270601, 0.09623548395572873, -0.15153738558127655, 0.5102868410851903, 0.009620175758544833], [-0.7431952160865336, -0.1411236921768675, -0.6473308640698077, -0.28833983698306814, 0.08838462709275968, 0.4450064161087677, 0.37313899623126573, 0.6936758881738725, 0.1389609880372, 0.5385554405965122, -0.07816631290252338]], "inverted": true, "swapped": true, "error_lsq": 0.06170271612226405, "error_max": 0.35083083902955386, "target": "577.xyz", "model": "24.xyz", "model_rescale": 3.7841303162186577, "target_rescale": 4.098796935614543},
{"mapping": [11, 10, 13, 6, 7, 12, 9, 2, 5, 3, 0, 4, 1, 15], "R": [[0.8243238261753059, 0.5660933090963405, 0.005347428920445707], [-0.4014036495817116, 0.5911175866073638, -0.6996106838134823], [-0.3992058863571361, 0.5745592782297062, 0.714504230986754]], "T": [0.010857972935853912, -0.1683165264660183, 0.09615867839464752], "aligned_model": [[-0.689786714848321, -0.42389530102498285, -0.275147757260502, -0.28055956059234194, -0.5369640829245184, 0.3437135913551542, 0.314183237372307, 0.7603830045803898, 0.5827349284569442, -0.04525166187390044, -0.1338310930197191, 0.3880394808188596, 0.29422668616690895, -0.015206261521373228], [0.10509084542615083, -0.7677991028006397, 0.21509595695993977, 0.36871878429563604, -0.34226405357351464, 0.07833351189873022, -0.47834781071819654, -0.12001966079069258, 0.4478105903495026, 0.6266340053690294, -0.5879959979160734, 0.3586404525880322, -0.2352441049935569, -0.1092909320217331], [-0.05802627430022188, -0.1423058613774898, -0.5228692588739619, 0.4817690366457001, 0.4001961975043148, -0.5390915103416558, -0.29628889169035694, 0.02780176483487136, -0.15420679269153414, -0.02177031909893752, 0.6828989657347104, 0.4659624036269473, 0.7804533995473246, 0.12154183188626552]], "inverted": true, "swapped": false, "error_lsq": 0.04281617008333054, "error_max": 0.2221180780229094, "target": "577.xyz", "model": "25.xyz", "model_rescale": 4.19342608120988, "target_rescale": 4.098796935614543},
{"mapping": [4, 3, 0, 6, 1, 10, 2, 7, 9, 12, 8, 13], "R": [[-0.10067806225146253, -0.949557476982958, -0.2969924673910938], [-0.8343928478841272, -0.08200292614355137, 0.5450358662544248], [-0.5418971333944356, 0.30268154553863125, -0.7840480717463942]], "T": [0.009222402553991357, 0.09367242747089925, -0.13230204165428858], "aligned_model": [[-0.15343696829084302, 0.3672391837400532, 0.05337078408538263, -0.5305740261343135, -0.6328910945668237, -0.4042625021995279, -0.1193916278865192, -0.12172936799565855, 0.5821847244782625, 0.07883747038782675, 0.46302748601883564, 0.015434492995106276], [-0.6665270175158405, -0.4743271620213923, -0.3906841222586054, 0.35266018916280156, -0.28023686339442827, -0.22237905685342702, 0.20377781286398305, 0.6640133864520811, 0.04036982358445984, 0.10718273242391539, 0.6121565948160517, 0.06677011048138162], [-0.07248682558927896, 0.003922207035239572, -0.6588661555091655, 0.04151126112191089, -0.30343359433644584, 0.5160516670013033, -0.7439005975277329, 0.277993549591404, -0.38041708477620717, 0.7232164745881997, 0.029309872970421813, 0.016357686639772107]], "inverted": true, "swapped": true, "error_lsq": 0.05717905713103663, "error_max": 0.2960974324896279, "target": "577.xyz", "model": "26.xyz", "model_rescale": 3.795458400668931, "target_rescale": 4.098796935614543},
{"mapping": [2, 6, 5, 9, 11, 4, 1, 0, 10, 8, 3, 12, 13], "R": [[0.8653619956045694, -0.16705135778975705, -0.47248540763062297], [0.5004580840519405, 0.337490398586317, 0.7972715578578669], [0.026273992280165928, -0.9263876481919691, 0.3756535672757738]], "T": [-0.030726804420108597, -0.12276848707999662, -0.10689951968375955], "aligned_model": [[0.011706735515753172, 0.35967284724148446, 0.6556708582327704, -0.240560411364228, -0.16804303452711183, -0.7216131992830025, -0.28136668770665124, -0.586390315742971, -0.15176921011324584, 0.39802410533834026, -0.6348765285683406, 0.09509055496740478, -0.03586933116894508], [-0.6854367096163874, -0.30996074881647423, -0.4490011393228444, 0.02777361950570105, 0.6738106384595868, -0.18224762564992802, -0.6528478244516019, -0.5192986061704205, 0.1374840051372605, 0.2868767653642802, 0.19687226059823842, 0.5990816357083103, -0.001224767488806608], [-0.3972810347659782, 0.34166828843591524, -0.3722245621509294, -0.6778592346294635, -0.2564275521834629, 0.24957958015663873, 0.3805422248368847, -0.32558202857727975, 0.6733813368344698, -0.4932241513679975, -0.15369159636967358, 0.3403622716090372, -0.017106879728734814]], "inverted": false, "swapped": true, "error_lsq": 0.047380915691749806, "error_max": 0.3289816434826564, "target": "577.xyz", "model": "27.xyz", "model_rescale": 3.6321398670334006, "target_rescale": 4.098796935614543},
