[{"mapping": [3, 5, 6, 0, 1, 12, 11, 2, 9, 8, 4, 7, 10, 13], "R": [[0.9806827185278394, -0.195553943218694, 0.00447893653298426], [-0.19559345581287016, -0.9801153612165353, 0.03342272805381751], [-0.0021460717661582747, -0.033653142483287345, -0.9994312684607051]], "T": [-0.0718899581003242, -0.10972435486315585, -0.0746902946740929], "aligned_model": [[0.26901888580275246, 0.06627600303361808, 0.6822180775530293, -0.35845902891544834, -0.41021555410916577, -0.6422515860179553, -0.1791542394702353, 0.3364429820010556, -0.33568340421527776, 0.37700113922025114, 0.6804478560844321, 0.10149870227078095, -0.68245893541767, -0.061710081962868965], [-0.44609567802221567, 0.20571960736939232, -0.060465045707890394, -0.774160191905797, -0.4225370756485649, -0.11777988369676214, 0.5775954928369331, -0.6603668887512264, -0.15037934938317093, 0.5073472423189576, 0.002626620578183969, 0.2689868986483694, 0.5570943187603579, 0.0006287297854200152], [-0.2840602994565912, -0.7483419363380631, -0.19062508329355696, 0.19329407182184255, -0.42214979767129623, 0.024013959681869756, -0.1307941425189943, 0.27361310081781415, 0.6075877725181634, 0.09353145873534387, 0.5039022202067711, 0.5561097064307832, 0.37026734947448625, 0.04471836952482332]], "inverted": true, "swapped": false, "error_lsq": 0.049894266338178055, "error_max": 0.3268954381116381, "target": "578.xyz", "model": "0.xyz", "model_rescale": 3.8414455957264533, "target_rescale": 3.845772384903981},
{"mapping": [6, 8, 9, 5, 10, 3, 11, 2, 4, 13, 7, 0, 1, 14], "R": [[0.22503537904496868, 0.07142315517581244, 0.9717292889909304], [-0.5097382380675566, 0.858573521053659, 0.05494030940307104], [-0.8303770269160091, -0.5076910890002443, 0.22961653102482787]], "T": [0.02728985990329233, -0.03013887686198874, 0.04067000739138717], "aligned_model": [[0.1992217944944086, 0.29794599738377603, 0.7032202879648557, -0.3188920052637767, -0.380732817908237, -0.6596803076348184, -0.3250839524214917, 0.19560272806779977, -0.09715451450345533, 0.4216778124726487, 0.49611168135886596, 0.08323665228989219, -0.7124665295801146, -0.06003601086305484], [-0.6977024413855306, 0.12094607015984463, -0.05915379083050532, -0.5873041047374779, -0.23651217150106624, -0.23934988479803368, 0.7335445364732065, -0.6852384194538199, -0.18243927624966022, 0.5944811281731792, -0.017393329467033907, 0.43499817943668045, 0.31895895418617715, -0.009620652823973348], [-0.32651587329034804, -0.6861181264744091, -0.04756757633206164, -0.022952394782666127, -0.4685537725538461, 0.35320740533137773, -0.09675540042818893, 0.3358311419003892, 0.5477552279145846, -0.13007832442285822, 0.4799861269269703, 0.5938741693303826, 0.322430685529203, 0.03652346128486655]], "inverted": false, "swapped": false, "error_lsq": 0.0443937543164397, "error_max": 0.2396417555207669, "target": "578.xyz", "model": "1.xyz", "model_rescale": 4.316132596720782, "target_rescale": 3.845772384903981},
{"mapping": [6, 11, 12, 0, 4, 1, 3, 2, 8, 9, 10, 13], "R": [[0.1593033287938721, 0.30669806742123684, 0.9383809167258625], [0.6185212258382311, -0.7718448425489681, 0.14726517652904456], [0.769450415961135, 0.5569486820799894, -0.3126567173540326]], "T": [-0.0721336952129207, 0.01523271749561167, -0.061764372909617504], "aligned_model": [[-0.0916011607966675, 0.5037265629510141, 0.24805402803715457, -0.498658364996875, -0.6334066343765233, -0.6822243934117713, -0.28960349657014794, -0.12478441386853126, 0.5558408111097343, 0.24270858389123737, 0.4396579351913966, -0.07190090252823957], [-0.6804904274656507, -0.29849942331712875, -0.6148655660493185, 0.4790927598996175, -0.12758887438462568, -0.14629551046934292, 0.37324378639107136, 0.544635291873169, 0.06879832406615549, -0.06203761608083119, 0.4374566106668232, 0.039327072611042], [0.23838719486340565, 0.05513646323895874, -0.5065238390791401, -0.04933559850136186, -0.4139153745865272, 0.3491148270655157, -0.6994571331762578, 0.42625736296109346, -0.46982038145918775, 0.6140646500680309, -0.005578059950756248, -0.0890716502343526]], "inverted": false, "swapped": true, "error_lsq": 0.036918381285077635, "error_max": 0.22142340730369217, "target": "578.xyz", "model": "2.xyz", "model_rescale": 3.795458400668931, "target_rescale": 3.845772384903981},
{"mapping": [1, 6, 9, 8, 0, 10, 11, 4, 12, 5, 2, 13], "R": [[-0.7928806087565894, -0.6083207590854312, -0.035863551462528745], [0.5910254467423643, -0.7820043005160797, 0.19788429770283955], [-0.14842257766515599, 0.13570235090108873, 0.979569094244581]], "T": [0.07516679079064377, 0.06550985277828189, -0.002304147654815923], "aligned_model": [[-0.09446039555184162, -0.18132696319439234, -0.6656210926654648, 0.23877433513826374, 0.19918031641082645, -0.16591805409510357, -0.22579349999146836, 0.6036058177144976, 0.397736986372438, 0.7651102932647046, -0.3780448831050375, 0.10006096544614283], [-0.13766852483247718, -0.6426007160165439, -0.02785160852393738, 0.1615053460603857, 0.5109836837958663, 0.505089253628335, -0.22963368320342756, -0.08450435456195174, -0.5317365625696412, -0.09964111267443804, 0.5710906044214857, 0.09073671976605399], [-0.7073352887794165, -0.08769159881351982, 0.06371238610432317, 0.7241587885049903, -0.43057697967713515, 0.43588375564147397, 0.5134689566695324, -0.3993980656974587, 0.48411151417168397, 0.33400974463714295, -0.24764407678859393, 0.006072294666077787]], "inverted": false, "swapped": true, "error_lsq": 0.04587507196425145, "error_max": 0.3029974866499436, "target": "578.xyz", "model": "3.xyz", "model_rescale": 3.7530521520055578, "target_rescale": 3.845772384903981},
{"mapping": [3, 10, 8, 11, 5, 9, 4, 0, 1, 6, 13], "R": [[-0.579092878931169, 0.6642351492976952, 0.47269768775474147], [0.6918542025930372, 0.7071107595666569, -0.14605525002347003], [-0.4312646518387095, 0.24245832661002614, -0.8690366850322848]], "T": [-0.10557254150213047, -0.00265897065460715, 0.01784825892413018], "aligned_model": [[-0.3706551494908784, -0.17237145792510336, 0.2912300077883121, 0.43931267857976164, 0.26254484955816104, -0.019910386335457053, -0.2239828514582778, -0.7167577587311729, -0.4065739952095343, 0.3740114621937821, -0.11864779652438777], [-0.7136111263606899, 0.09035805656968396, -0.2873547489479185, 0.26410196457086904, -0.6961135945272079, 0.7247343577013177, -0.4316464234274628, -0.13627669082609786, 0.30322482837953507, 0.3822975335627901, -0.0325107983804727], [-0.062122608829484297, -0.6380833900237972, -0.5524385212228681, -0.2571924634748492, 0.02161431433811971, -0.14153233743856625, 0.529105934843183, 0.09428674663490301, 0.6366834322820566, 0.4609151991796266, 0.0015944709569923124]], "inverted": false, "swapped": true, "error_lsq": 0.04730440909828851, "error_max": 0.27740577142281714, "target": "578.xyz", "model": "4.xyz", "model_rescale": 3.7855080009869324, "target_rescale": 3.845772384903981},
{"mapping": [12, 14, 13, 1, 2, 0, 10, 11, 4, 8, 6, 7, 5, 16], "R": [[0.18713267118170684, 0.3126811947692477, 0.9312420919471345], [0.37830171451258654, 0.851934205470238, -0.3620717088459579], [-0.9065700062175215, 0.42004592604555796, 0.04113689146366027]], "T": [-0.003668819582283366, 0.040997944027505416, -0.03520801563342835], "aligned_model": [[0.23942985544046227, 0.08080933470730968, 0.7028280514803709, -0.2777117456636063, -0.49520973132245527, -0.6806623795842973, -0.12102893757841814, 0.45308493019721663, -0.22917802794436115, 0.5140774389051709, 0.363087335511352, -0.05009254000293388, -0.6455869229012736, -0.01087584538723871], [-0.5354382787128983, -0.09703315822978845, -0.09382174094554108, -0.6421698273655865, -0.2343143974938163, -0.24811562799128897, 0.7600637646095935, -0.5659143135965522, -0.17442523135778118, 0.5124694821283788, -0.04756201055925028, 0.4439871399047541, 0.37340327755931535, 0.03708571923244863], [-0.30295711147711957, -0.6921008948689468, -0.12211867434596035, 0.1416710667475945, -0.5130953813069512, 0.22279769265777655, -0.046836534405240465, 0.2003121574056884, 0.6354179876770435, 0.035242495696576795, 0.49744959034952163, 0.5947237410390086, 0.32886764613244684, -0.08830703136804256]], "inverted": false, "swapped": false, "error_lsq": 0.03388393368575645, "error_max": 0.2681890538346248, "target": "578.xyz", "model": "5.xyz", "model_rescale": 4.2253639853439635, "target_rescale": 3.845772384903981},
{"mapping": [1, 0, 4, 8, 9, 11, 7, 10, 5, 3, 2, 6, 11, 13], "R": [[-0.37764010492953076, -0.7580410164395589, -0.5317534847503056], [0.6403045331534333, -0.628625787711056, 0.44140652900452026], [-0.6688782071289039, -0.17379135887590869, 0.722771407575098]], "T": [-0.018420011417758217, -0.06522882503544351, 0.008799904724646299], "aligned_model": [[0.3222091827838975, 0.09598534281723377, 0.6789584867816116, -0.4011200892617224, -0.3405325156855588, -0.6716188280837244, -0.10594181133316266, 0.29575035752515566, -0.11277935339314199, 0.387071528805824, 0.42363550008880213, -0.07584118693418916, -0.6716188280837244, 0.01881302982999719], [-0.5677682997009058, 0.22000968873914567, -0.08348164902929193, -0.6954073944008472, -0.2771175473083257, 0.09569459331975781, 0.6934011719460526, -0.6765794145420698, -0.24070225163831643, 0.515857696981908, -0.01799127021365468, 0.4440810325808165, 0.09569459331975781, -0.01747615287203958], [-0.4036702280349978, -0.7318842752796446, -0.11053733536396533, 0.056554451413814044, -0.4644263957419218, 0.39993766580665535, -0.2061691122204357, 0.3776629014826741, 0.609671486336644, 0.03920611190717814, 0.511320700511611, 0.3974182852219221, 0.39993766580665535, 0.016044828087207457]], "inverted": false, "swapped": false, "error_lsq": 0.04372538272624825, "error_max": 0.3645656405559497, "target": "578.xyz", "model": "6.xyz", "model_rescale": 3.89814844738969, "target_rescale": 3.845772384903981},
{"mapping": [2, 9, 10, 1, 7, 11, 6, 0, 4, 12, 8, 3, 13], "R": [[0.6223638763554502, -0.6973989067718713, 0.35538425716570077], [-0.2740764350719096, 0.2311217289914752, 0.9335228192852411], [-0.73317481758861, -0.6783933307612849, -0.04729879102597309]], "T": [-0.12246344271684818, 0.04576079425146348, -0.011951905025908243], "aligned_model": [[0.37240833985382416, -0.14293342883752239, 0.40023209207896304, -0.4219805235372455, 0.686620680556185, -0.30498011149289544, -0.8116430081079051, 0.23650758693400098, -0.3772956336030855, -0.6579428750865757, 0.07558270681350447, 0.19239898388939042, -0.09834300855641631], [-0.2957387603455264, 0.0936088236033952, 0.39815568575848814, -0.6249800685445815, 0.03153705157637324, 0.5881866926222468, 0.06231514962858564, -0.441748276974381, -0.2994214137006037, 0.6339143780709686, 0.7543180588748499, 0.012519281183093096, 0.05111466371757779], [-0.41155717481120785, -0.7597037216180142, -0.22635295218927545, -0.17784331138232454, 0.10411352244212561, -0.35278985625692727, -0.3270044724699615, 0.1633153556093065, 0.5127817846949456, 0.24239460496194212, 0.13789897524339448, 0.6822193638775699, 0.014802912734722763]], "inverted": false, "swapped": true, "error_lsq": 0.04776965058572339, "error_max": 0.31457062812744874, "target": "578.xyz", "model": "7.xyz", "model_rescale": 3.7474275329858107, "target_rescale": 3.845772384903981},
{"mapping": [8, 9, 4, 3, 5, 6, 11, 2, 0, 13, 1, 12, 10, 14], "R": [[-0.9825429513136058, -0.08762607790541149, 0.16410673141240775], [-0.02073867748781371, -0.825035010866301, -0.5647009280149088], [0.18487632644556154, -0.5582462729976417, 0.8088150855444258]], "T": [-0.029255413381271335, 0.026622104909839385, 0.08831657316094123], "aligned_model": [[0.2273898138862717, -0.15372448822924875, 0.6797739735458195, -0.244331010474563, -0.41954149424152015, -0.7779787922275497, -0.1522658747626529, 0.5449353268403601, -0.3612761662565125, 0.7203483000611358, 0.252687496486628, 0.12371615656487203, -0.6256417224552869, 0.028879297119545073], [-0.3894419361752186, 0.1828180562742022, -0.12236211567712305, -0.6573014081827159, -0.3472339312176445, -0.2930485026187501, 0.567222752740646, -0.5637336785671274, -0.22774978390387005, 0.5211811581578438, -0.18707471824944746, 0.5561286890547886, 0.42870338915234774, 0.020106826394055487], [-0.387324317525811, -0.6468369579278164, -0.20716079709846608, 0.09952606729376375, -0.381715237847293, 0.152830936283112, -0.1929294428917645, 0.26259950006107685, 0.5975025897290176, 0.048099110083820465, 0.7513728930891225, 0.3655621230525772, 0.3289768542611473, 0.10056342937090901]], "inverted": true, "swapped": false, "error_lsq": 0.04653690576239964, "error_max": 0.2841609588593951, "target": "578.xyz", "model": "8.xyz", "model_rescale": 4.019505241142653, "target_rescale": 3.845772384903981},
{"mapping": [10, 8, 11, 9, 2, 1, 6, 7, 0, 3, 12, 4, 13], "R": [[-0.2678950118737573, -0.30472090099058136, 0.9139898440971037], [0.8824934367047499, -0.45825091302587195, 0.10588406340896916], [0.38657159335134716, 0.8349558510546791, 0.39167732893717205]], "T": [0.06329388983502031, -0.02110835844408989, 0.031088230403385212], "aligned_model": [[-0.35498389307544376, -0.6707196958054613, -0.21083567367541406, 0.2990301339620318, 0.31611413795192816, 0.808306393122271, 0.41791920102149954, -0.26614751077615645, 0.2845975065552866, -0.2747672570321615, -0.33338961934312006, 0.26443551448251285, 0.04014153435340344], [-0.4803232014713546, 0.02688241307542113, 0.16308415814386948, -0.24574214315545242, -0.6910221329632562, 0.026820305017265893, 0.5002341734307327, -0.7184432460069375, -0.4080616504677455, -0.07796841202441965, 0.6974595261550677, 0.3029703115272236, -0.03251187314635558], [-0.20875758454327237, -0.11941726071246966, -0.5473880420973875, -0.6440482887041044, -0.061117276299783044, 0.1299970702253997, -0.3895582879607754, 0.3021657746459393, 0.47666175556532037, 0.7127029982423724, -0.1227213810080636, 0.5914012766823354, 0.05678274000836798]], "inverted": true, "swapped": true, "error_lsq": 0.05306507090223479, "error_max": 0.28443876347034736, "target": "578.xyz", "model": "9.xyz", "model_rescale": 3.877068213659057, "target_rescale": 3.845772384903981},
{"mapping": [9, 2, 14, 11, 8, 0, 4, 10, 12, 13, 6, 3, 5, 15], "R": [[0.04482427386933607, 0.2259154544466203, 0.9731150969511592], [-0.04967634282913679, -0.9723850412345789, 0.22803419161684546], [0.9977590117033315, -0.05856226622496061, -0.03236379982925386]], "T": [-0.032218802841509256, 0.030910393890819447, 0.027532207743749225], "aligned_model": [[0.19638775148690646, 0.22673405156591298, 0.6774626564527414, -0.24099875639044055, -0.4301872552958424, -0.7094338710235929, -0.1671607651970497, 0.36075798623464955, -0.2697470999411383, 0.6477086612477244, 0.32344736607335084, -0.04027739945384154, -0.6249562873984408, -0.1067662225036413], [-0.37871168360254437, 0.19984418417478286, -0.21064872984148947, -0.661489107026166, -0.3796847908233775, -0.31943760345951305, 0.6594770094217819, -0.5351108014445608, -0.18826313381304005, 0.39694152031116803, 0.036029382616440765, 0.5317721315511716, 0.34695833011935906, -0.009461911002026126], [-0.43678891050068597, -0.5596305905022289, -0.19046541314750606, 0.17466866953931992, -0.49049833281222555, 0.25644718718707277, -0.1840933020147811, 0.19605528965948418, 0.7011333423511116, -0.009323647046307858, 0.5312979741160792, 0.4171909321382084, 0.42724637893277756, 0.05782717203307805]], "inverted": false, "swapped": false, "error_lsq": 0.036669176767191884, "error_max": 0.20211305136215535, "target": "578.xyz", "model": "10.xyz", "model_rescale": 4.260839863003843, "target_rescale": 3.845772384903981},
{"mapping": [6, 11, 8, 12, 3, 4, 1, 9, 10, 7, 0, 13], "R": [[-0.7597293664799224, -0.6228209630646759, 0.18682970233666207], [-0.08136969226357088, 0.37612814299310193, 0.9229878619079954], [-0.6451280980463864, 0.6860187082111906, -0.33643434589129245]], "T": [0.023997404118168416, 0.06907194289984842, -0.05922121473615796], "aligned_model": [[0.34511000315384316, 0.23047395820427646, -0.29611502191847194, -0.3483275790594443, -0.6506888940663255, -0.39585317891180355, 0.35348739752397174, 0.7389874237587247, 0.1334084936035476, -0.10786369745459443, -0.03979547944546444, -0.003924776294129538], [-0.011967574376662599, -0.536315302693647, -0.5859847816302413, -0.4330493387577431, 0.26262087808371076, 0.5335307598966821, 0.6851062517363231, -0.1559065577141426, -0.33220466831660134, 0.09845277022725013, 0.5788866090491626, 0.06990946002884298], [-0.7409982572271705, -0.24518468988453926, 0.12010999631397165, -0.6129389525792408, 0.23986791108055552, -0.3189116892821058, -0.3404005525479459, -0.06311730730637483, 0.4607469433934911, 0.7470293875700309, 0.30583135886434254, -0.03585607099950996]], "inverted": true, "swapped": true, "error_lsq": 0.043375683218817185, "error_max": 0.2099905584850238, "target": "578.xyz", "model": "11.xyz", "model_rescale": 3.890672605050136, "target_rescale": 3.845772384903981},
{"mapping": [2, 10, 11, 0, 4, 3, 12, 1, 8, 9, 6, 5, 7, 13], "R": [[0.7129976641438934, -0.546978501637082, 0.4386899242884487], [0.5567982178074896, 0.06142218289394572, -0.8283737442090655], [0.4261573366395975, 0.8348903126731055, 0.34835052782054055]], "T": [0.09550382046623009, -0.06889776143769723, 0.13014006947581352], "aligned_model": [[0.18734884792175938, 0.14011809521793434, 0.5359755711743519, -0.16920047186091947, -0.3469499697417068, -0.7624923697631285, -0.16672169030180128, 0.31375151717760674, -0.23099820541701016, 0.5722560276626036, 0.4926677784301726, -0.057753299660634264, -0.6187533961268662, -0.046277618855064026], [-0.35370406091586687, 0.21772485885323722, -0.1017722560826851, -0.5795957669679941, -0.31054291714548465, -0.37224720231747893, 0.5244970916524748, -0.8129642910647326, -0.09351831970386973, 0.5412164561705214, -0.1971512865739748, 0.637679826840949, 0.39439142098192714, -0.005798756545035921], [-0.5148514005266451, -0.7156716970943262, -0.1979850108292603, 0.26360813501276387, -0.35658295861997275, 0.287889270018528, -0.236264729310462, 0.1936320592004822, 0.7719977647969298, 0.20943944164923473, 0.5274688599328998, 0.4169022509220623, 0.17665815492696132, 0.06482660985419988]], "inverted": true, "swapped": false, "error_lsq": 0.044780694932964514, "error_max": 0.2804919237591434, "target": "578.xyz", "model": "12.xyz", "model_rescale": 4.124412569039231, "target_rescale": 3.845772384903981},
{"mapping": [6, 9, 2, 12, 1, 4, 11, 5, 10, 8, 0, 7, 13], "R": [[-0.405337805225914, 0.6937836083575715, 0.5952861231617844], [-0.8623543284602182, -0.07407411838431968, -0.5008573022044421], [-0.30339129163600775, -0.7163639645877883, 0.6283123382518452]], "T": [0.1491496193196228, 0.060369296271320406, 0.023330882137327563], "aligned_model": [[-0.2895811991229904, -0.05193574301716611, 0.6106380033501533, -0.5669495911210723, 0.5133940028506421, 0.40679764898852033, -0.46398453273365226, -0.12439236348642882, 0.0886176503019844, -0.3028362729882649, 0.776035079157474, 0.6087273620490141, 0.1627682632815439], [-0.1699810196003642, 0.5867398008891358, 0.5858824802732011, -0.32823498719367844, -0.18763474989460951, -0.5648787394444519, 0.31475431966212425, -0.4204942297749656, 0.6458552107643146, 0.2618132489433971, 0.05354302857299579, 0.5113236690251394, 0.058797344286238826], [0.5968765570527068, 0.5176384810913666, 0.20240841690898517, -0.1598183451954697, 0.6340221032809591, -0.022691220899239556, 0.07867950510291474, -0.5337588459187312, -0.28796112761818304, -0.5413460591294041, -0.04156849859812564, -0.4803744572462094, -0.010408427863730911]], "inverted": true, "swapped": true, "error_lsq": 0.048703450190981226, "error_max": 0.2836591637311245, "target": "578.xyz", "model": "13.xyz", "model_rescale": 3.9028299243045295, "target_rescale": 3.845772384903981},
{"mapping": [0, 8, 2, 4, 5, 10, 12, 3, 9, 1, 6, 11, 14, 15], "R": [[0.43480163323325877, -0.005420071210679084, 0.9005099458449985], [-0.3763117474118326, -0.9095794420771176, 0.17622345845696358], [0.81813019043276, -0.4154947188337672, -0.397526263438914]], "T": [-0.015704211883390617, -0.05979239077993264, 0.04031396887875824], "aligned_model": [[0.3002667031198804, 0.11313071137931306, 0.6513712940101258, -0.2696474019541355, -0.33435812203965704, -0.6882303989660602, -0.14131505652876492, 0.3106950311704723, -0.14482692874803543, 0.40974145942816537, 0.39960865652254024, -0.0631390573578741, -0.6602235347044206, -0.04010253947425113], [-0.6419888568174021, 0.01312283498793975, 0.006630146620571271, -0.6732867692824474, -0.10586686673574314, -0.29673794514725516, 0.5470458649675657, -0.5718721155619517, 0.04083167559344202, 0.37410748136030364, -0.10497606668471549, 0.585862865244176, 0.3896511801440903, -0.07430863150658622], [-0.458109611071274, -0.7177045612092187, -0.26423173461740357, -0.09570359485922206, -0.35772957379298553, 0.25691944896313335, -0.2762449293213962, 0.1814781811961443, 0.7979732443579421, 0.2703696957402131, 0.5598155752452897, 0.39631384829050886, 0.4473102487737183, 0.15061051223794641]], "inverted": true, "swapped": false, "error_lsq": 0.044719983206090066, "error_max": 0.2772326554951154, "target": "578.xyz", "model": "14.xyz", "model_rescale": 3.942246331269136, "target_rescale": 3.845772384903981},
{"mapping": [4, 10, 3, 13, 11, 8, 9, 12, 0, 5, 1, 2, 7, 14], "R": [[-0.41089239122683524, 0.7793625296590841, 0.4730343435685056], [-0.2798629248985459, -0.6016326248593895, 0.7481409813477886], [0.8676659415346004, 0.17502066183223824, 0.46532094497527304]], "T": [-0.032216654796405036, -0.039588356319898564, -0.028600219417024647], "aligned_model": [[0.21197499722072966, -0.01999024045736736, 0.6680308833982677, -0.04198686328825327, -0.510429105629818, -0.7013434980858863, -0.19637583336363745, 0.289452973893921, -0.215452180482022, 0.41957159051227866, 0.5460932609820085, 0.010904505738586173, -0.5955672227447497, -0.021912451836759196], [-0.30888262438559616, 0.1738595429975823, -0.20136749283284036, -0.8449489306010871, -0.3944119834570923, -0.25345256209496014, 0.7144862037973315, -0.6702783163935718, 0.06956189516633568, 0.3568254581164734, -0.12726169603784046, 0.5110748232653708, 0.4990672630157921, -0.03605678337391038], [-0.48850783100299044, -0.7092550696256503, -0.03396927353056037, -0.13918382997851889, -0.42800486404407, 0.2960107714096071, -0.2579157836696486, 0.37985428527504606, 0.6751244764658647, 0.17517177893903155, 0.5322138875700281, 0.4982380354607352, 0.3227767426613113, 0.06851342400321114]], "inverted": true, "swapped": false, "error_lsq": 0.04565861061322877, "error_max": 0.35380207151499, "target": "578.xyz", "model": "15.xyz", "model_rescale": 4.355366556412066, "target_rescale": 3.845772384903981},
{"mapping": [6, 11, 12, 0, 4, 1, 3, 2, 8, 9, 10, 13], "R": [[0.1593033287938721, 0.30669806742123684, 0.9383809167258625], [0.6185212258382311, -0.7718448425489681, 0.14726517652904456], [0.769450415961135, 0.5569486820799894, -0.3126567173540326]], "T": [-0.0721336952129207, 0.01523271749561167, -0.061764372909617504], "aligned_model": [[-0.0916011607966675, 0.5037265629510141, 0.24805402803715457, -0.498658364996875, -0.6334066343765233, -0.6822243934117713, -0.28960349657014794, -0.12478441386853126, 0.5558408111097343, 0.24270858389123737, 0.4396579351913966, -0.07190090252823957], [-0.6804904274656507, -0.29849942331712875, -0.6148655660493185, 0.4790927598996175, -0.12758887438462568, -0.14629551046934292, 0.37324378639107136, 0.544635291873169, 0.06879832406615549, -0.06203761608083119, 0.4374566106668232, 0.039327072611042], [0.23838719486340565, 0.05513646323895874, -0.5065238390791401, -0.04933559850136186, -0.4139153745865272, 0.3491148270655157, -0.6994571331762578, 0.42625736296109346, -0.46982038145918775, 0.6140646500680309, -0.005578059950756248, -0.0890716502343526]], "inverted": false, "swapped": true, "error_lsq": 0.036918381285077635, "error_max": 0.22142340730369217, "target": "578.xyz", "model": "16.xyz", "model_rescale": 3.795458400668931, "target_rescale": 3.845772384903981},
{"mapping": [2, 9, 10, 1, 7, 11, 6, 0, 4, 12, 8, 3, 13], "R": [[0.6223638763554502, -0.6973989067718713, 0.35538425716570077], [-0.2740764350719096, 0.2311217289914752, 0.9335228192852411], [-0.73317481758861, -0.6783933307612849, -0.04729879102597309]], "T": [-0.12246344271684818, 0.04576079425146348, -0.011951905025908243], "aligned_model": [[0.37240833985382416, -0.14293342883752239, 0.40023209207896304, -0.4219805235372455, 0.686620680556185, -0.30498011149289544, -0.8116430081079051, 0.23650758693400098, -0.3772956336030855, -0.6579428750865757, 0.07558270681350447, 0.19239898388939042, -0.09834300855641631], [-0.2957387603455264, 0.0936088236033952, 0.39815568575848814, -0.6249800685445815, 0.03153705157637324, 0.5881866926222468, 0.06231514962858564, -0.441748276974381, -0.2994214137006037, 0.6339143780709686, 0.7543180588748499, 0.012519281183093096, 0.05111466371757779], [-0.41155717481120785, -0.7597037216180142, -0.22635295218927545, -0.17784331138232454, 0.10411352244212561, -0.35278985625692727, -0.3270044724699615, 0.1633153556093065, 0.5127817846949456, 0.24239460496194212, 0.13789897524339448, 0.6822193638775699, 0.014802912734722763]], "inverted": false, "swapped": true, "error_lsq": 0.04776965058572339, "error_max": 0.31457062812744874, "target": "578.xyz", "model": "17.xyz", "model_rescale": 3.7474275329858107, "target_rescale": 3.845772384903981},
{"mapping": [1, 3, 11, 2, 0, 6, 8, 7, 9, 10, 12, 5, 4, 13], "R": [[-0.7241506951330953, 0.68898804077531, -0.030020832880766495], [-0.680412631776695, -0.7066846643943104, 0.19399854542911515], [0.11244741551928383, 0.16091073543583378, 0.9805423570476355]], "T": [0.04241462207090861, -0.053179786651148156, 0.04491860038133682], "aligned_model": [[0.14951602716460732, 0.28096006417717573, 0.7329794335709032, -0.3324431057252515, -0.636046143936963, -0.6214940153199205, -0.21306454459332885, 0.45264711060393953, -0.194181566709398, 0.44555979029346116, 0.4437925127885969, 0.03015403788997441, -0.6514973027681182, -0.04391148157838001], [-0.4681226361130962, 0.1732124381094831, -0.14333958615254105, -0.6537035376286706, -0.15071826772982252, -0.27667008960581935, 0.5334153839987351, -0.6266213233274577, -0.1793604694013684, 0.50700940334345, 0.01400606585022765, 0.5175217915049826, 0.3517004921284247, -0.11011486779454058], [-0.49810086291351713, -0.5487410781614219, -0.14672720175870438, -0.006904485527058989, -0.43395468607108817, 0.3678368828359132, -0.28293952806674816, 0.3100476093611289, 0.657964148943103, 0.0348480882065702, 0.672309047694796, 0.4891812742983987, 0.25416492040197164, 0.022082620690052915]], "inverted": false, "swapped": false, "error_lsq": 0.038289393121254525, "error_max": 0.2392469735073789, "target": "578.xyz", "model": "18.xyz", "model_rescale": 3.922800546911778, "target_rescale": 3.845772384903981},
{"mapping": [4, 13, 11, 6, 8, 1, 12, 10, 2, 7, 9, 3, 0, 14], "R": [[-0.8564090163765141, -0.05107417907212033, -0.5137655349486971], [0.28152487202647086, -0.8803403396395125, -0.3817651540330354], [-0.4327901836912329, -0.4715848965303035, 0.7683100560743767]], "T": [-0.12453076478882026, -0.029175526681646368, -0.004150472363495458], "aligned_model": [[0.22205199788863988, 0.244600508896978, 0.5740890679698655, -0.3010681008989259, -0.45112533579895503, -0.6957933586838869, -0.1610071471654943, 0.3173570681875506, -0.04401488082047329, 0.46442697039493513, 0.4061562363517524, -0.09020678340483755, -0.5888247625977522, -0.05367066446209806], [-0.5612979529152705, 0.08008125322608707, -0.1308978800071274, -0.6875278176340758, -0.15856519249355572, -0.38043588613038004, 0.6919003091409229, -0.6336508046778911, -0.19683398844018085, 0.5092903771279175, 0.03411561764396544, 0.5142726605803771, 0.374743129818752, 0.03302097194244692], [-0.35141586252823087, -0.5730255075438755, -0.09809995282484126, -0.10986046181551977, -0.5051344587237456, 0.30931122008403844, -0.31613309541806106, 0.2957585615486489, 0.6876130677405953, 0.03318952844564495, 0.6099413153892509, 0.3314611717263336, 0.5612904513468342, 0.01617077250632378]], "inverted": true, "swapped": false, "error_lsq": 0.040066723040781994, "error_max": 0.2365628494149951, "target": "578.xyz", "model": "19.xyz", "model_rescale": 3.9282355846067225, "target_rescale": 3.845772384903981},
{"mapping": [0, 10, 1, 4, 11, 8, 12, 3, 6, 2, 5, 7, 9, 13], "R": [[-0.19608339080531972, 0.7864656966372539, 0.5856816642709313], [-0.9376877872532492, 0.02434552659776429, -0.3466250264634446], [-0.28686742144481026, -0.6171539543319455, 0.7326855254241407]], "T": [-0.07040422314246995, -0.018019412190724778, 0.1599128940930889], "aligned_model": [[0.1601758318721681, 0.13220289243029498, 0.6023555184406871, -0.30249280870906525, -0.367427121071329, -0.764144462433497, -0.40141220389786025, 0.3279297319861783, -0.02987641827600139, 0.613808669895, 0.5063699049948305, -0.0073234898251536285, -0.6711224471289704, 0.043927217580015845], [-0.5490716157744723, 0.3602865653072087, -0.2183979753395457, -0.6019480125587775, -0.2651525125759542, -0.24046958821610448, 0.7222609604809532, -0.6440641018300012, -0.150918977721358, 0.414458708541371, -0.054072361666359675, 0.5382150289903193, 0.22157865502810736, -0.04448997548339974], [-0.3923672734805182, -0.5871274616441917, -0.10227703294834128, 0.09260670521185388, -0.4434657599259951, 0.37868670126134213, -0.09545552952441033, 0.28542455055410176, 0.7983009082126671, 0.006512755731977182, 0.5519867929873619, 0.4332658598860071, -0.08535269010756844, 0.05032822371911014]], "inverted": true, "swapped": false, "error_lsq": 0.04899518156041568, "error_max": 0.4472911617447075, "target": "578.xyz", "model": "20.xyz", "model_rescale": 4.067790424073018, "target_rescale": 3.845772384903981},
{"mapping": [11, 3, 6, 10, 12, 9, 0, 13, 1, 4, 5, 8, 7, 14], "R": [[0.8962714192137784, 0.3733369548748269, -0.23940981856496796], [0.23184255052096767, 0.06578425619027345, 0.9705263847033861], [0.3780827619297817, -0.9253604431583856, -0.027594843164332045]], "T": [0.06785505204651811, 0.027809112881273572, 0.026844442138162047], "aligned_model": [[0.13680858381040642, 0.10316201022668305, 0.7471294647790172, -0.27518120461769424, -0.4626436308048604, -0.6405713517924627, -0.2686298891793233, 0.25522193253614006, -0.3091444177899655, 0.6456697250799224, 0.3838606520272784, 0.022896747289975677, -0.5204607740931908, 0.024852968385371516], [-0.47991451658287293, 0.08510457329975263, -0.010102220683785752, -0.6993042067753693, -0.24665065345114845, -0.25803649734155487, 0.6084859193507951, -0.5884641741971196, -0.17576114690174027, 0.5360100194982188, 0.008460488681260779, 0.4048633672488598, 0.34076273853357264, -0.0372388934968814], [-0.3674833155966802, -0.8212213958545721, -0.26419834799691194, 0.18470250669417332, -0.45300642120939116, 0.1699325860530176, -0.20564289144704367, 0.30111509825430194, 0.726655595488625, 0.2511980400083399, 0.5250735183473413, 0.4522580489043007, 0.3624163034635992, 0.0292674248242961]], "inverted": true, "swapped": false, "error_lsq": 0.03755360052656844, "error_max": 0.21691527654422005, "target": "578.xyz", "model": "21.xyz", "model_rescale": 4.186013935880536, "target_rescale": 3.845772384903981},
{"mapping": [9, 2, 1, 12, 8, 6, 11, 10, 4, 0, 7, 5, 13], "R": [[-0.7709942045657224, 0.46659872060112606, -0.43342077760469794], [-0.04945199622212838, -0.7223877102216052, -0.6897176931110529], [-0.6349192362779027, -0.5103348215183618, 0.580030976198777]], "T": [0.034631359970351806, 0.018640791122198318, -0.015210818164030342], "aligned_model": [[-0.15114314941325063, -0.5184920866146344, 0.33460535718017487, 0.5665217805355316, -0.17555440049619447, 0.6095060254544588, 0.07159571838906531, -0.5546162787459816, 0.4498607729159517, -0.22087191566402795, -0.7090385225821553, 0.33796166051750953, 0.018239073946777692], [-0.4421227497549253, 0.18033421587348528, 0.39242053972526947, -0.43014908626531534, -0.41737996387595233, -0.32771824273823974, -0.6459253151441484, -0.2630295348978303, 0.5290650050122011, 0.5870926771064728, 0.2792455688771772, 0.04229978048475654, 0.034823765143142185], [-0.5764826101891553, -0.4500833142418403, -0.5960963886188753, 0.44634658266411054, 0.5587567839005821, -0.36742549550648246, 0.011137335708577018, 0.11444117135973665, 0.14753838713734793, -0.10914929147327658, 0.20234577777627955, 0.708553572461137, 0.012997050357204793]], "inverted": false, "swapped": true, "error_lsq": 0.054839313916711756, "error_max": 0.3328963065177317, "target": "578.xyz", "model": "22.xyz", "model_rescale": 4.166573947596378, "target_rescale": 3.845772384903981},
{"mapping": [10, 8, 9, 13, 7, 5, 4, 14, 6, 3, 12, 2, 1, 15], "R": [[0.7649068899246884, -0.4866153001985567, 0.4220462052410963], [0.02874020269951233, -0.6287730851651322, -0.7770575320532661], [0.6434993787833302, 0.6065063536226064, -0.46696744267762186]], "T": [0.09173524867532223, 0.022962347216746823, 0.07323150768527953], "aligned_model": [[0.024990798988094698, 0.15830070303518481, 0.6275678888125733, -0.23854861668591665, -0.3870066741383903, -0.6504726285055727, -0.11596464953947025, 0.41381820167277217, -0.24898715006959504, 0.41214357294743875, 0.3738283693593972, -0.027058993561763695, -0.5259674879761405, 0.026327481518686316], [-0.6122357233388914, 0.28656992025709227, -0.04742317164717448, -0.7564541946567659, -0.27452411511496294, -0.34036723872650076, 0.6673932717861601, -0.6923114394681772, 0.04751765362447401, 0.5292057511793549, -0.21575287062399706, 0.5570615629346641, 0.3072970244991094, 0.032238366477601456], [-0.31793319254011443, -0.6884503339932718, -0.1882611820402535, 0.0885795183615285, -0.3668794143789309, 0.1636807212268219, -0.21211573534462924, 0.1763030589984247, 0.753241004595136, 0.023404068482063167, 0.6143598392880363, 0.4649395558154066, 0.28699815918913296, 0.09320068227404602]], "inverted": false, "swapped": false, "error_lsq": 0.03583880822860574, "error_max": 0.2423380330556412, "target": "578.xyz", "model": "23.xyz", "model_rescale": 4.274766983524099, "target_rescale": 3.845772384903981},
{"mapping": [10, 5, 3, 0, 4, 1, 9, 6, 11, 12, 13], "R": [[0.03301499472611373, -0.4528780330703807, -0.8909609965007099], [0.9444204373551859, 0.30586792726359585, -0.12047758537300968], [0.32707804516517747, -0.8374642071359079, 0.4378054980663803]], "T": [-0.07636600913782547, -0.0007471571878845257, -0.024810817516632368], "aligned_model": [[0.31619833957511173, 0.07800394179301924, -0.3397331502432015, -0.6013625874180927, -0.5683108767741373, -0.6506609415929839, 0.21241900905483846, 0.05534103011708037, 0.5509044838431149, 0.40757576517570937, -0.08048030957238346], [-0.25988293205595325, 0.7629020232550686, 0.505582858060252, -0.10962437087469759, 0.44922864496930487, -0.25139565355431454, -0.6482331595993976, -0.04893545926344045, -0.0819387105107257, 0.5810955591793071, 0.016787731638079673], [-0.49608830794407477, -0.12183534845144958, -0.5311553258262526, -0.35612373975247846, 0.09744985484325075, 0.39290248997552457, 0.21851267787593967, 0.7200594957872537, 0.18411107915360045, 0.32819685984810704, -0.056463301487843336]], "inverted": true, "swapped": true, "error_lsq": 0.05440271976295003, "error_max": 0.2478939826380317, "target": "578.xyz", "model": "24.xyz", "model_rescale": 3.7841303162186577, "target_rescale": 3.845772384903981},
{"mapping": [6, 11, 7, 4, 3, 5, 14, 1, 2, 10, 8, 9, 12, 15], "R": [[-0.3223630937867217, -0.3338569302024875, 0.8857886801715323], [0.36084938765811037, -0.9084265592719787, -0.21106611721458624], [0.8751398489333123, 0.2515963762955383, 0.4133152649539258]], "T": [0.11009561496177811, 0.0001106138451892752, 0.05977172182607944], "aligned_model": [[0.09164217934360074, 0.1495175228191673, 0.6494569649095908, -0.21129574829749398, -0.47850213583908763, -0.7135779622175973, -0.13391813520691875, 0.418495605719029, -0.2993417961479463, 0.5820993837583781, 0.30074590702464443, -0.036806106715638165, -0.5712421832810867, 0.09569731998865641], [-0.5382183015897294, 0.13269277944265645, -0.03592685967160576, -0.6656290083025088, -0.31597453245816454, -0.24913239873097492, 0.7549196709728392, -0.5848280426705614, -0.13319483291700834, 0.6098589567968907, -0.1747471061101763, 0.420170668891791, 0.3146958646141435, -0.046472061085604], [-0.42177568161783807, -0.6954073640264458, -0.30160923337944723, 0.16078008773377078, -0.3903890890756481, 0.2294140054176807, 0.06419205181814831, 0.40002546187559035, 0.6789515762904504, -0.04354577807911103, 0.5913119625860975, 0.4393901392514997, 0.16925610935387003, 0.01047250178477855]], "inverted": true, "swapped": false, "error_lsq": 0.04116916121468938, "error_max": 0.2926172317019361, "target": "578.xyz", "model": "25.xyz", "model_rescale": 4.19342608120988, "target_rescale": 3.845772384903981},
{"mapping": [6, 11, 12, 0, 4, 1, 3, 2, 8, 9, 10, 13], "R": [[0.1593033287938721, 0.30669806742123684, 0.9383809167258625], [0.6185212258382311, -0.7718448425489681, 0.14726517652904456], [0.769450415961135, 0.5569486820799894, -0.3126567173540326]], "T": [-0.0721336952129207, 0.01523271749561167, -0.061764372909617504], "aligned_model": [[-0.0916011607966675, 0.5037265629510141, 0.24805402803715457, -0.498658364996875, -0.6334066343765233, -0.6822243934117713, -0.28960349657014794, -0.12478441386853126, 0.5558408111097343, 0.24270858389123737, 0.4396579351913966, -0.07190090252823957], [-0.6804904274656507, -0.29849942331712875, -0.6148655660493185, 0.4790927598996175, -0.12758887438462568, -0.14629551046934292, 0.37324378639107136, 0.544635291873169, 0.06879832406615549, -0.06203761608083119, 0.4374566106668232, 0.039327072611042], [0.23838719486340565, 0.05513646323895874, -0.5065238390791401, -0.04933559850136186, -0.4139153745865272, 0.3491148270655157, -0.6994571331762578, 0.42625736296109346, -0.46982038145918775, 0.6140646500680309, -0.005578059950756248, -0.0890716502343526]], "inverted": false, "swapped": true, "error_lsq": 0.036918381285077635, "error_max": 0.22142340730369217, "target": "578.xyz", "model": "26.xyz", "model_rescale": 3.795458400668931, "target_rescale": 3.845772384903981},
{"mapping": [6, 4, 1, 9, 2, 8, 5, 11, 3, 0, 10, 7, 13], "R": [[-0.04988933192256345, -0.23965942491978565, -0.9695743471273557], [0.7982086507031185, -0.5930665685084509, 0.10552248698887837], [-0.6003115895125024, -0.768658184998201, 0.22088592108200128]], "T": [-0.07306027425095876, -0.14284899584698232, -0.08968350085731058], "aligned_model": [[-0.022247014885964034, 0.43546959617879777, 0.5838191162836694, -0.297311551136201, 0.04920038940797272, -0.7485209662652167, -0.24345321797623964, -0.6321098651463583, 0.06285698643352974, 0.3566361496672693, -0.5682263071132028, -0.1998342109205956, -0.07660272170620419], [-0.7411756555103626, -0.39416251459102547, -0.22298325575449665, -0.0340735213955731, 0.48918972288921303, -0.16561476297719893, -0.5233013857223097, -0.39139886692706205, 0.03373285019277272, 0.28993501182612913, 0.30220419929413, 0.6059199319477111, -0.1263902500150131], [-0.5522025397048105, 0.28136168979173637, -0.44914380758170414, -0.7965926141347159, -0.41646138682082773, 0.23737235721964178, 0.5756180367265822, -0.35311321654932826, 0.6400167433167786, 0.06938533103924693, -0.09962553659598655, 0.21291206849555544, -0.05739046310274254]], "inverted": false, "swapped": true, "error_lsq": 0.04808063579003978, "error_max": 0.31534374142714844, "target": "578.xyz", "model": "27.xyz", "model_rescale": 3.6321398670334006, "target_rescale": 3.845772384903981},
