[{"mapping": [13, 11, 4, 2, 1, 8, 3, 0, 0, 6, 10, 7, 12, 14], "R": [[-0.06417821892847325, -0.03388739452050876, 0.9973629232670425], [-0.7326536490814973, -0.6769771899766961, -0.07014638079632202], [0.6775690272604963, -0.7352234549739745, 0.018619467054591887]], "T": [-0.03902268027798584, 0.1417664074513929, 0.19781758717994358], "aligned_model": [[0.08945128608637046, 0.175796174206849, -0.5688091786323693, -0.32838238459260033, -0.48116057101855647, 0.08176382258716591, -0.77594644089163, -0.33738408887423155, -0.33738408887423155, 0.2602442878472387, 0.6981218997223649, 0.16052896728375438, 0.6890096861975064, 0.045642730080673204], [-0.6530778755092276, -0.377362257740254, -0.47475784366772933, -0.16267900678071157, 0.1142808647341364, 0.2121629809109845, 0.2196779763280582, 0.6865804526524023, 0.6865804526524023, -0.13661832706929444, 0.483747290522047, 0.711678906593956, -0.14356218681577415, 0.06862190499903985], [0.2476474010384144, -0.27218517442194773, 0.30559194934687484, -0.27123471123344056, 0.7144177276189612, -0.5779154140341437, -0.05324440120394636, 0.27407958194890203, 0.27407958194890203, 0.751562879224506, 0.32428459793226955, -0.0641603426058372, 0.14373621241184723, 0.10092819920847221]], "inverted": false, "swapped": true, "error_lsq": 0.05175155261432379, "error_max": 0.494241975379231, "target": "579.xyz", "model": "0.xyz", "model_rescale": 3.8414455957264533, "target_rescale": 4.31017821996532},
{"mapping": [12, 13, 1, 11, 0, 8, 9, 10, 3, 5, 6, 4, 2, 7, 14], "R": [[-0.3012348018602739, 0.06119200174020223, 0.9515845380580901], [-0.7927594949804824, -0.5706348697155278, -0.21426205586391872], [0.5298961948028047, -0.8189208657665095, 0.22040562230972788]], "T": [0.03378277651274152, 0.06497333922252235, 0.11089684048260727], "aligned_model": [[-0.3540882273209104, 0.4601230748884295, -0.38985672811235983, -0.13252555926596782, 0.44421110183347556, -0.012096670088773805, 0.5698309327670086, -0.5937749365962807, -0.4751765524598559, -0.43616501861238405, -0.15128614412239533, 0.10913950026166, 0.13864128797839076, 0.6330876269643751, -0.03794104025041998], [-0.3810386460483063, -0.3180058051042861, 0.600288267115396, 0.017507888244492426, 0.4928832331099627, -0.7186760679203118, -0.30036816344777895, -0.19820020632474256, 0.6598846287290842, 0.21011547269009956, -0.2733725100000661, 0.588787884561148, 0.3222733749746727, 0.2582297285888622, 0.0965633788891074], [-0.37171991973912605, -0.38549808861212526, -0.42057789011593016, -0.7235814219927803, -0.3061871822212407, 0.020946406549278915, 0.3222913545941338, 0.1836450504389066, 0.13133800261833406, 0.5495374860365806, 0.7900866186097764, 0.23642341585893512, 0.7945678957376772, 0.23911800226705054, 0.06705892800748504]], "inverted": false, "swapped": false, "error_lsq": 0.04245213551141586, "error_max": 0.3476462349351823, "target": "579.xyz", "model": "1.xyz", "model_rescale": 4.316132596720782, "target_rescale": 4.31017821996532},
{"mapping": [13, 6, 12, 2, 11, 4, 8, 3, 10, 1, 7, 14], "R": [[-0.09407209672838451, -0.9207398911374365, 0.3786667314213742], [-0.8378316083367645, -0.1322334561484368, -0.5296720769937471], [0.5377626211340427, -0.36708631947167564, -0.7589855053739716]], "T": [0.10366252956554933, 0.09370378150343343, 0.026309410915881813], "aligned_model": [[-0.3412372871049886, 0.3859812672451168, 0.18224620394101157, -0.5099923690808643, -0.4443050441400269, -0.4597094059963902, -0.280516701679999, -0.3059517869041382, 0.7156012460826158, 0.22234613821827692, 0.4033429214697474, 0.030003372581419246], [-0.5792100912503563, -0.5190869569831451, -0.4338016085793916, 0.22956341710677375, -0.16593187292057648, -0.16559608465577302, 0.4616686039034227, 0.6183625839271816, -0.06027588964708837, 0.033027188130058324, 0.5477737724743843, 0.04628336623549061], [0.030441906501003195, 0.16223684842069458, -0.5480867920611298, -0.011052764554299523, -0.38462266655955935, 0.5627484482985969, -0.5553390686296112, 0.43753710491933834, -0.501088189683637, 0.6936546189172309, -0.3441843925763729, -0.0929865917828333]], "inverted": false, "swapped": true, "error_lsq": 0.05129734664748659, "error_max": 0.2554444904838099, "target": "579.xyz", "model": "2.xyz", "model_rescale": 3.795458400668931, "target_rescale": 4.31017821996532},
{"mapping": [12, 5, 7, 3, 11, 2, 0, 6, 1, 4, 8, 14], "R": [[-0.955551412229459, -0.2004387638221014, 0.2162077717006372], [0.22356525742281258, -0.970692592374212, 0.08817293679641044], [0.19219800794950648, 0.13259032041329444, 0.9723578213152511]], "T": [0.04447602868382555, -0.058612508354366634, 0.026391672775962716], "aligned_model": [[0.04521003027645351, -0.2129103848113157, -0.6097828563390955, 0.06510529154494207, 0.176375359502138, 0.14373811961595193, -0.2801141194657409, 0.46269430120226934, 0.44875433831467987, 0.7541970844921646, -0.43237566567656444, 0.032412327087681894], [0.04973891787391838, -0.7231902080841613, -0.13041618943028285, 0.19952512965233057, 0.5788064393217683, 0.5270866630678309, -0.35835413172738273, -0.4348493338124793, -0.44592925983072873, 0.2047273941184233, 0.5666355121314913, 0.05198811200898138], [-0.7498993539112899, -0.02621546137197743, 0.01982698155069154, 0.7646994384747814, -0.3095308761134684, 0.23502921799256749, 0.46962294511120256, -0.37013317485332015, 0.41325322033065687, 0.34157307753360516, -0.02823543099132257, -0.0712191531130261]], "inverted": true, "swapped": true, "error_lsq": 0.04848215059655043, "error_max": 0.2849862088657042, "target": "579.xyz", "model": "3.xyz", "model_rescale": 3.7530521520055578, "target_rescale": 4.31017821996532},
{"mapping": [11, 3, 4, 1, 13, 0, 12, 7, 10, 6, 14], "R": [[-0.9510685370401433, 0.22532872077601812, 0.21141335209906886], [0.27914580738348566, 0.9199470820716205, 0.27527256384923876], [-0.13246228169763474, 0.32081822545072863, -0.9378322931879144]], "T": [-0.12369078396265151, 0.02804709755609218, -0.028373827130134963], "aligned_model": [[-0.2845057167626278, -0.17259408785931635, 0.42959866158234916, 0.42415406162968394, 0.30334465466208727, -0.27180992572143425, -0.2086145810629422, -0.6893457791986394, -0.39759178007022633, 0.3910102865292334, -0.18544619128296297], [-0.6864733580492406, 0.13911522389449155, -0.3225062031223266, 0.35351391735705756, -0.6498181913550545, 0.5933256011442547, -0.40372750605666635, 0.33925053276341466, 0.2123469087712273, -0.008146968240555205, -0.09967659879225658], [-0.016399559330857336, -0.8013106303118177, -0.5217037086790378, -0.26723455842590826, 0.06599454037575807, -0.25237985173602207, 0.6202608688276934, 0.09984629881781017, 0.7248451217390838, 0.42710989894814216, 0.013802357020472306]], "inverted": true, "swapped": true, "error_lsq": 0.05071560614859225, "error_max": 0.2813383102523872, "target": "579.xyz", "model": "4.xyz", "model_rescale": 3.7855080009869324, "target_rescale": 4.31017821996532},
{"mapping": [12, 2, 4, 1, 0, 14, 9, 13, 6, 8, 15, 7, 10, 5, 16], "R": [[0.14609616807884812, -0.1307722411438566, -0.9805888693121549], [-0.8175584012417725, 0.5421444129700239, -0.19410743428417523], [0.5570046411222032, 0.8300470206148574, -0.027708723116097927]], "T": [-0.048104335917383785, 0.05601310157972107, 0.06428467272126616], "aligned_model": [[-0.38471558708031717, 0.43394524729720824, -0.0562235085395864, -0.03862294148115661, 0.4341080268373955, -0.018065022058035778, 0.44280594958506236, -0.7233335701033772, -0.535748231024988, -0.4030268162512775, -0.16188101197457666, -0.028073201888070644, 0.27823381022283367, 0.5632228969033415, -0.030503392580463272], [-0.36966552461835933, -0.3838262339540212, 0.6894527271347548, 0.11872955776281818, 0.35068596292508625, -0.6198417977144144, -0.36425619289696376, -0.17357884996196776, 0.487880272796915, 0.14375432594986115, -0.3962618306232706, 0.7587616106247201, 0.2243707482828723, 0.5853664638139221, 0.005301218535380063], [-0.3462708482485443, -0.282060885671744, -0.31740774753092804, -0.6900896960590818, -0.47340764200296515, 0.06818252544333661, 0.36310707977438367, 0.19164501177261423, 0.022198498553191955, 0.6656509375410395, 0.7438583334615952, 0.3233459754672362, 0.6936680147669765, 0.09845010733587303, 0.06657899343397183]], "inverted": false, "swapped": false, "error_lsq": 0.03318443679678216, "error_max": 0.18242895014839483, "target": "579.xyz", "model": "5.xyz", "model_rescale": 4.2253639853439635, "target_rescale": 4.31017821996532},
{"mapping": [3, 5, 9, 8, 7, 12, 11, 2, 6, 1, 10, 13, 4, 14], "R": [[-0.13559020249526635, -0.3297824461390545, 0.9342691449501234], [-0.8797231342938455, 0.47383585312243826, 0.03958271445901679], [-0.45574390174253077, -0.816531152200743, -0.3543647464269289]], "T": [0.088631922353296, 0.007993423512155623, -0.09242133414756327], "aligned_model": [[0.8120969472416879, -0.30518339987244725, -0.5395049056746299, 0.08589889565399772, -0.2037707409396873, -0.5217923229678688, 0.09659452085160819, 0.5210663924868857, -0.2176360339911164, 0.4296899441451152, -0.722050492777332, 0.1623175339745316, 0.7331997421377519, 0.04313607248928779], [-0.1950789477831415, 0.2514951640708897, -0.4848038262783063, -0.7563189698850742, -0.4381087323515126, -0.009614561761721471, -0.28608355779735106, -0.3138216125217017, 0.5960194608834384, 0.5396552747327642, -0.04131050162378372, 0.29988473450015596, 0.3499126157929764, -0.06672739334264191], [-0.3104097129955995, -0.6367513716417267, 0.09653090155793133, 0.10025933916016493, -0.4780987919427112, 0.3989446475991097, 0.5783987857566364, 0.2329424914349466, 0.0922891024189161, -0.34566464860368495, -0.22161152643191928, 0.6560009382010444, 0.281764169106407, 0.026963885311933222]], "inverted": true, "swapped": true, "error_lsq": 0.04000702630045523, "error_max": 0.24557319712753442, "target": "579.xyz", "model": "6.xyz", "model_rescale": 3.89814844738969, "target_rescale": 4.31017821996532},
{"mapping": [12, 10, 7, 13, 8, 5, 6, 11, 4, 1, 0, 3, 14], "R": [[0.889416984872366, -0.4385889630385621, -0.12875227579079485], [0.4554159017602707, 0.8261329736441222, 0.33181420446056836], [-0.03916354739332859, -0.3537570230520933, 0.9345170866265056]], "T": [-0.06414599506287709, 0.12266010428320911, 0.012459751925472409], "aligned_model": [[0.011345497196416712, 0.06316101935606956, 0.40864423045530973, -0.3629709567017348, 0.6965719556683437, -0.2677429167069009, -0.6202595932300207, 0.22672598084473977, -0.4671133631802496, -0.6257595237641611, 0.0029127633594250996, 0.06870101458231105, 0.014415693024673729], [-0.35386138412412926, 0.2712276134299608, 0.513534859447883, -0.6261681154824854, -0.07291226204047035, 0.6773138998601396, -0.052265994373505376, -0.5493114265407406, -0.2656562013387611, 0.36967477819122285, 0.7258081073335463, 0.32228090260822917, 0.004116488499596255], [-0.6052753321694091, -0.7863190537047039, -0.22616103687506137, 0.039403102159222964, 0.07853845475557318, -0.3895181777453965, -0.35336965234497425, 0.032260321941467385, 0.6118085203547949, 0.30689322461906005, 0.16534328658245873, 0.7572162036850155, -0.028544830421751478]], "inverted": true, "swapped": true, "error_lsq": 0.04922122413763781, "error_max": 0.24242534910655844, "target": "579.xyz", "model": "7.xyz", "model_rescale": 3.7474275329858107, "target_rescale": 4.31017821996532},
{"mapping": [13, 1, 8, 4, 2, 12, 0, 11, 9, 7, 10, 5, 6, 3, 14], "R": [[-0.1868819907993866, -0.21165467604391677, -0.9593109087379352], [-0.03303908180411258, -0.9746082326260366, 0.22146605150924314], [-0.9818266346908702, 0.07308276818989706, 0.1751438506065875]], "T": [-0.019334793910844403, 0.0014359004587597701, 0.06484057312861512], "aligned_model": [[-0.43690440347381493, 0.5809948924691706, -0.060443859997008485, -0.14831161424332517, 0.5008210515007981, -0.21560347833145244, 0.5312322869650244, -0.5978907235825224, -0.6352088268937974, -0.34382833614529623, -0.11563317193758461, -0.05801827250338486, 0.2890576705918351, 0.49062403870427546, -0.008764605258925228], [-0.4214753749686032, -0.37226011314294083, 0.5857383084904402, 0.2052475615209323, 0.18918528285839223, -0.5808734143111918, -0.1395965104008106, -0.14536785773774177, 0.4416322015861601, 0.22685800942202053, -0.35246982607415533, 0.6527885904228486, 0.2879151443485348, 0.49143294740530674, -0.01188249136185901], [-0.609617359568746, -0.18963413508208937, -0.28460335157236966, -0.6795058734119235, -0.5698070154924261, 0.009730825830075791, 0.3983056929986302, 0.2386267878034004, 0.15008628891226067, 0.6196075924824257, 0.7287236342206203, 0.36024660858221536, 0.7646704303482474, 0.18307517045993693, 0.007543361526697608]], "inverted": false, "swapped": false, "error_lsq": 0.043883910057848446, "error_max": 0.302432348663924, "target": "579.xyz", "model": "8.xyz", "model_rescale": 4.019505241142653, "target_rescale": 4.31017821996532},
{"mapping": [7, 0, 5, 10, 9, 12, 6, 8, 11, 2, 1, 13, 14], "R": [[0.4598414740687756, 0.23254662111471458, 0.8570110196108246], [0.864172317756492, -0.33926454741125045, -0.3716258496030821], [0.20433312005063875, 0.911494177643483, -0.3569682621360091]], "T": [-0.11897506499705736, 0.04982028320984444, 0.04967377569570462], "aligned_model": [[-0.31287213741130027, -0.6529758707211382, -0.1777418423869508, 0.31372480156565163, 0.30115090101112324, 0.6258220483214982, 0.3666767969876548, -0.18072747198777514, 0.27085710341144653, -0.26011990508821037, -0.3842432903653298, 0.4345365301484443, -0.02438689174393717], [-0.46493018286311805, 0.031061967261962503, 0.14694320179965176, -0.28014838164113487, -0.6355097707666352, -0.18912948953920297, 0.48933257693407844, -0.669173833892748, -0.23251528361280704, -0.10371142496482472, 0.6712799301878849, 0.33778676360111565, -0.03790784439016387], [-0.3118361624874999, -0.27613142822651016, -0.6558702696714863, -0.5669447990418579, -0.11441413155653836, -0.0008098308980757224, -0.16166443595230856, 0.36675554086768136, 0.6018167058868809, 0.6437547938030739, -0.031182580742689384, 0.561011457417176, 0.12221863464603337]], "inverted": false, "swapped": true, "error_lsq": 0.04876059217727698, "error_max": 0.22040164197558543, "target": "579.xyz", "model": "9.xyz", "model_rescale": 3.877068213659057, "target_rescale": 4.31017821996532},
{"mapping": [7, 1, 3, 4, 5, 8, 11, 2, 13, 14, 9, 6, 10, 12, 15], "R": [[-0.6177984385808982, -0.23835833206967583, 0.749339972789365], [-0.780650366762822, 0.30031001477175623, -0.5480865806611755], [-0.09439329510127203, -0.9235795583276786, -0.37160557756736445]], "T": [-0.007955704021692576, 0.10648420049236187, 0.08302309721722587], "aligned_model": [[-0.26241751015241804, 0.33610245768733565, 0.024421164889540114, -0.32557106949741377, 0.4894793547204968, 0.10306431514638831, 0.5195178404144805, -0.616852051088269, -0.6300268279217252, -0.4995259608135502, -0.2695004049256044, 0.07519117488473545, 0.08842658833390282, 0.6630073943376603, 0.07680618184843259], [-0.4940346456404079, -0.3102456066349699, 0.5953331840178394, 0.11187884394542802, 0.2406326130360016, -0.6514097317656793, -0.1453064969561033, -0.15726895305470331, 0.5565256990007741, 0.20055092049308823, -0.2956154914814634, 0.6787381647959937, 0.22032556671485662, 0.4292724856453164, 0.07749590594136158], [-0.4078056652619757, -0.59584865754685, -0.3203870568367311, -0.5146240036547765, -0.5048187250349049, 0.1757284293101574, 0.5336098045911344, 0.07711797465605368, 0.17318219212020436, 0.6822156217571083, 0.5364053984193032, 0.2973046222998734, 0.7765368869263812, 0.14476011465054778, 0.07407172164143039]], "inverted": true, "swapped": false, "error_lsq": 0.038364018957986884, "error_max": 0.2763475331123215, "target": "579.xyz", "model": "10.xyz", "model_rescale": 4.260839863003843, "target_rescale": 4.31017821996532},
{"mapping": [5, 1, 2, 0, 8, 7, 10, 6, 13, 11, 12, 14], "R": [[-0.806915291770584, 0.4399724852881734, -0.3940963385977366], [0.46517458215009705, 0.062177939818053085, -0.8830325656064252], [-0.36400593405640574, -0.895856079953321, -0.2548363474514439]], "T": [-0.03364751383845232, -0.11424449041190907, -0.09788874720621715], "aligned_model": [[0.2645816047617083, 0.2710400452706969, -0.4506100727909177, -0.2478695036171656, -0.6939715640047757, -0.3754036248851686, 0.23012089066701497, 0.6482450204394453, 0.3109719882208315, -0.2029561599781847, 0.2697892255480281, -0.06503920053738262], [0.11528432973504998, -0.6573063168106436, -0.3573637481014492, -0.23097987213297727, 0.21487282517898357, 0.3170890579904039, 0.6362847986569213, -0.07058034885105385, -0.2647152021646513, 0.0341174482315382, 0.47230948926242566, -0.03593395546161349], [-0.7053874788379899, -0.3724181966668812, 0.30641480007871097, -0.6742042472438696, 0.17952914578565143, -0.4590087868097605, -0.30635691276821186, -0.01537425439219417, 0.615807244265486, 0.5991533065348258, 0.3243065897622195, 0.023716867687518142]], "inverted": true, "swapped": true, "error_lsq": 0.046246131260703253, "error_max": 0.2736014300415291, "target": "579.xyz", "model": "11.xyz", "model_rescale": 3.890672605050136, "target_rescale": 4.31017821996532},
{"mapping": [5, 10, 9, 0, 7, 4, 6, 3, 1, 13, 8, 12, 2, 14], "R": [[-0.8971477684751534, -0.4195282144751572, -0.1382821708657303], [-0.37819917901936273, 0.5677632677219053, 0.7311704676850839], [-0.22823510358648297, 0.7082661569530417, -0.6680327749488322]], "T": [0.08848381362101988, -0.07343953859616822, 0.1159516962159253], "aligned_model": [[0.43325092164620144, 0.3267744203830317, 0.30768088377696906, 0.6033042128786956, 0.6964002822885811, -0.49535401005841706, -0.36328642729680594, 0.2871289558040651, -0.06443653314313712, -0.6909648482736654, 0.3817218393291646, -0.21467346120819614, -0.04025602360846671, 0.0425856222756731], [-0.3110983213538624, 0.33012376445047387, 0.6850305565719629, -0.42924453180423394, 0.15564431264543818, -0.4358296083276564, -0.1750673837244455, -0.46117797572238106, -0.7347267056256771, 0.11403688518821395, 0.5161305269294147, 0.5420762658684689, 0.07197437890845895, 0.06428035582358976], [-0.4631275208134723, -0.5598302273225662, -0.10717093973754765, 0.12048260675792616, 0.01006634009220965, 0.5633866436645444, -0.3932320207293125, 0.7658424373371164, 0.06663917390959714, 0.2058314966904797, 0.5492245249472103, -0.2629998700977185, 0.714873188801523, 0.14480460185687172]], "inverted": false, "swapped": true, "error_lsq": 0.044004623433132536, "error_max": 0.29498161404317175, "target": "579.xyz", "model": "12.xyz", "model_rescale": 4.124412569039231, "target_rescale": 4.31017821996532},
{"mapping": [12, 5, 1, 9, 6, 13, 7, 11, 0, 8, 4, 3, 14], "R": [[-0.7553735317873262, -0.0484183825895287, 0.6535032423045471], [0.44372150647038083, 0.6960563672479341, 0.5644614763730694], [-0.482205404543331, 0.7163527021244657, -0.5042982787876431]], "T": [0.13319155619942458, 0.18094566168001416, 0.013874756254769987], "aligned_model": [[-0.24872890324944874, -0.07420532693429102, 0.6981090679799085, -0.6248342322242189, 0.33053184848113454, 0.49564495719962864, -0.4364052784103034, 0.044823552271458, 0.08360255466357863, -0.34960825837315335, 0.8882089063514995, 0.49183142603521446, 0.06832799371875083], [-0.44036760801096386, 0.6063833669144386, 0.4874896862758331, -0.1329053197742094, -0.09357645522196886, -0.5391101556291596, 0.5028334150702536, -0.4570286817313459, 0.80409062648267, 0.022471390075741227, -0.042117806624525606, 0.5722107747170853, 0.05711214396462892], [0.3010592126577198, 0.5492886963278532, 0.2375174186806599, 0.015429435985864619, 0.613363741525024, 0.04409323736063714, -0.05824509287383832, -0.3350151120559522, -0.015942178559836914, -0.5887005421852174, -0.21543440028803254, -0.5609713262902075, -0.0347450093168349]], "inverted": true, "swapped": true, "error_lsq": 0.046964664221118335, "error_max": 0.27207281787540666, "target": "579.xyz", "model": "13.xyz", "model_rescale": 3.9028299243045295, "target_rescale": 4.31017821996532},
{"mapping": [6, 11, 10, 7, 14, 1, 12, 3, 4, 0, 2, 5, 8, 13, 15], "R": [[0.6518653794711129, 0.7392363215088906, 0.1691188576386044], [0.46917437902850545, -0.5683529692496089, 0.6759070234938898], [0.5957742266246491, -0.3612541533424324, -0.7173203660726802]], "T": [-0.0406219957817362, 0.030140937774981287, 0.0951594612389767], "aligned_model": [[-0.3426045366875829, 0.49655121523024814, 0.004911357962254406, -0.4701108533855698, 0.5720031290304346, 0.12439976983485473, 0.6027274201650116, -0.6586438152596878, -0.45409157679290846, -0.6147466286905551, -0.22123231878746297, 0.11929965256094371, 0.08897269463578819, 0.585194569418291, -0.060507431370067734], [-0.470385680083669, -0.35291785249266566, 0.6115334260777173, 0.2525105497631012, 0.20639486056495526, -0.5971153632285939, -0.03503790663581551, -0.05039775546909322, 0.5669868075413038, 0.2150177239923997, -0.4375533591171662, 0.45108518685992177, 0.15783331199656725, 0.5209518973442103, 0.017966610944159953], [-0.2252900855734137, -0.2373575953275809, -0.3688039966873473, -0.6708164082866745, -0.5185796233344037, 0.05622226222696211, 0.35224609294731324, 0.0792851178556995, 0.10939644041276933, 0.6638578778447922, 0.6344105395263652, 0.33874279237809324, 0.8457639065621205, 0.08469139154075275, -0.016320054048492308]], "inverted": false, "swapped": false, "error_lsq": 0.04831963368285435, "error_max": 0.31448584441757227, "target": "579.xyz", "model": "14.xyz", "model_rescale": 3.942246331269136, "target_rescale": 4.31017821996532},
{"mapping": [5, 2, 6, 9, 7, 1, 0, 3, 4, 13, 12, 11, 13, 8, 14], "R": [[0.8757804988064573, -0.47784245114691937, 0.06837477453137997], [-0.2583959069155012, -0.5837253354637228, -0.7697378047277397], [0.40772548755213806, 0.6564535966994685, -0.6346877989852202]], "T": [-0.1024798762973084, 0.12923857361835617, 0.0032201572918611615], "aligned_model": [[-0.2373301201083416, 0.2918861184233693, 0.17045470037645302, -0.07941576146103849, 0.5910061989118034, -0.11835687466396624, 0.5342659621321271, -0.6115320892507072, -0.6242309220969505, -0.2492766184683401, -0.0974045443798019, -0.08376577763252985, -0.2492766184683401, 0.5756975025596194, -0.04059850800936401], [-0.39272039452722457, -0.34604730174948606, 0.5669730658049825, 0.2883416212010076, 0.20823004377782595, -0.6535643036762693, -0.23849684294381468, -0.34162368058195597, 0.31101829310256945, 0.3346142362790558, -0.2835772542525499, 0.7976160622628332, 0.3346142362790558, 0.41661801124851444, 0.05487666583278919], [-0.3316735654107596, -0.4453628534467096, -0.21284608381130599, -0.7856502839018077, -0.4905580512817321, 0.21204786618782928, 0.009768708039886817, 0.19217124238346556, 0.19916901978875123, 0.7760082266743837, 0.7086516503710503, 0.2621262017192107, 0.7760082266743837, 0.2405583714966379, 0.017029982553671635]], "inverted": true, "swapped": false, "error_lsq": 0.052161422534962525, "error_max": 0.39687973944612603, "target": "579.xyz", "model": "15.xyz", "model_rescale": 4.355366556412066, "target_rescale": 4.31017821996532},
{"mapping": [13, 6, 12, 2, 11, 4, 8, 3, 10, 1, 7, 14], "R": [[-0.09407209672838451, -0.9207398911374365, 0.3786667314213742], [-0.8378316083367645, -0.1322334561484368, -0.5296720769937471], [0.5377626211340427, -0.36708631947167564, -0.7589855053739716]], "T": [0.10366252956554933, 0.09370378150343343, 0.026309410915881813], "aligned_model": [[-0.3412372871049886, 0.3859812672451168, 0.18224620394101157, -0.5099923690808643, -0.4443050441400269, -0.4597094059963902, -0.280516701679999, -0.3059517869041382, 0.7156012460826158, 0.22234613821827692, 0.4033429214697474, 0.030003372581419246], [-0.5792100912503563, -0.5190869569831451, -0.4338016085793916, 0.22956341710677375, -0.16593187292057648, -0.16559608465577302, 0.4616686039034227, 0.6183625839271816, -0.06027588964708837, 0.033027188130058324, 0.5477737724743843, 0.04628336623549061], [0.030441906501003195, 0.16223684842069458, -0.5480867920611298, -0.011052764554299523, -0.38462266655955935, 0.5627484482985969, -0.5553390686296112, 0.43753710491933834, -0.501088189683637, 0.6936546189172309, -0.3441843925763729, -0.0929865917828333]], "inverted": false, "swapped": true, "error_lsq": 0.05129734664748659, "error_max": 0.2554444904838099, "target": "579.xyz", "model": "16.xyz", "model_rescale": 3.795458400668931, "target_rescale": 4.31017821996532},
{"mapping": [12, 10, 7, 13, 8, 5, 6, 11, 4, 1, 0, 3, 14], "R": [[0.889416984872366, -0.4385889630385621, -0.12875227579079485], [0.4554159017602707, 0.8261329736441222, 0.33181420446056836], [-0.03916354739332859, -0.3537570230520933, 0.9345170866265056]], "T": [-0.06414599506287709, 0.12266010428320911, 0.012459751925472409], "aligned_model": [[0.011345497196416712, 0.06316101935606956, 0.40864423045530973, -0.3629709567017348, 0.6965719556683437, -0.2677429167069009, -0.6202595932300207, 0.22672598084473977, -0.4671133631802496, -0.6257595237641611, 0.0029127633594250996, 0.06870101458231105, 0.014415693024673729], [-0.35386138412412926, 0.2712276134299608, 0.513534859447883, -0.6261681154824854, -0.07291226204047035, 0.6773138998601396, -0.052265994373505376, -0.5493114265407406, -0.2656562013387611, 0.36967477819122285, 0.7258081073335463, 0.32228090260822917, 0.004116488499596255], [-0.6052753321694091, -0.7863190537047039, -0.22616103687506137, 0.039403102159222964, 0.07853845475557318, -0.3895181777453965, -0.35336965234497425, 0.032260321941467385, 0.6118085203547949, 0.30689322461906005, 0.16534328658245873, 0.7572162036850155, -0.028544830421751478]], "inverted": true, "swapped": true, "error_lsq": 0.04922122413763781, "error_max": 0.24242534910655844, "target": "579.xyz", "model": "17.xyz", "model_rescale": 3.7474275329858107, "target_rescale": 4.31017821996532},
{"mapping": [1, 2, 3, 13, 5, 10, 0, 8, 6, 7, 12, 11, 9, 14], "R": [[0.3719448681548689, 0.34737246685911716, 0.860807402571254], [0.5583472026817223, -0.8245477135217553, 0.09148480411271218], [0.7415560776574845, 0.4466021018695021, -0.5006407357526853]], "T": [0.12515082933583233, -0.10780535208628227, -0.05370475486922726], "aligned_model": [[0.4668358493628566, 0.1962558967685926, 0.7789954919460804, -0.43271340047373763, 0.25481714690874385, -0.2887784861723487, 0.6791892665220736, 0.07555796098813705, -0.28625635654594644, 0.2879949400349646, -0.6353409380689041, -0.3405694986571541, -0.35629600796268546, 0.015155783232204206], [-0.5765264243355596, 0.42236225520256565, 0.19010948253614102, -0.0542281849534281, -0.6429198571624669, -0.3427787451291081, -0.23589884553953122, 0.6371466649289219, -0.6391528618894724, 0.05260635081117561, -0.07443176603880629, 0.4119124817732037, 0.22107470687217318, -0.008867015564575281], [-0.40961061054909026, -0.38580787882604545, -0.3633704972771284, -0.6339486628930306, 0.40183658017891855, 0.6169493939609858, 0.20762115829120503, 0.1990674464423235, -0.2023875659716536, 0.5635500009670621, 0.13312887139527135, -0.2762856535145309, 0.5234908802310995, -0.04943874377373109]], "inverted": true, "swapped": true, "error_lsq": 0.03746605147472211, "error_max": 0.2760317725920643, "target": "579.xyz", "model": "18.xyz", "model_rescale": 3.922800546911778, "target_rescale": 4.31017821996532},
{"mapping": [6, 8, 0, 1, 5, 4, 13, 10, 2, 9, 11, 3, 7, 12, 14], "R": [[0.6817590608430767, -0.16564774663281315, -0.7125765972818906], [0.15372130895810857, -0.9198469144392347, 0.3609036064779973], [-0.715244253476092, -0.35558751107440595, -0.6016503800691373]], "T": [0.02942361625587122, 0.03630477235646458, 0.00818866935409901], "aligned_model": [[-0.2542791307576716, 0.40184380357513894, -0.059323804174888896, -0.3048209285778901, 0.48081423205622165, -0.10214730449977477, 0.4536464093432857, -0.6609297524200131, -0.6184651533912938, -0.5124831458207152, -0.10701522828457508, 0.09708286450295703, 0.20596120353407552, 0.7152533342225633, 0.036985248556572675], [-0.45505173478085037, -0.29094072111271485, 0.815068338385662, 0.14138772778361702, 0.4391981908649666, -0.6617438459611641, -0.3519087426731078, -0.3221051543313598, 0.34050777817644723, 0.3340516412509651, -0.28569770507544934, 0.6320648440209701, 0.2864525639894384, 0.3608374813661396, 0.07475179615377325], [-0.38404761930861403, -0.3504256709933189, -0.28180070850180094, -0.6439011869260095, -0.4570608609794937, 0.1470568023743359, 0.3838734246925104, 0.22162530649213383, 0.03699207545401367, 0.5377423013822202, 0.6286259820594057, 0.23099218530940827, 0.7460718455261759, 0.21538462323129798, 0.09632015822469112]], "inverted": true, "swapped": false, "error_lsq": 0.03879893647269553, "error_max": 0.2549272376927965, "target": "579.xyz", "model": "19.xyz", "model_rescale": 3.9282355846067225, "target_rescale": 4.31017821996532},
{"mapping": [8, 7, 5, 9, 11, 10, 12, 6, 13, 4, 0, 2, 1, 14], "R": [[-0.4760502602232555, 0.8791582008924695, 0.021377734793170775], [-0.8568505548510527, -0.4582251630290498, -0.23629817311702606], [-0.19794766074094944, -0.13080733072162715, 0.9714454003373885]], "T": [0.027620504832613947, -0.16363727434541453, 0.15164604224452988], "aligned_model": [[-0.7089218070701491, -0.08924560083040811, 0.5889143982370771, -0.3515162707563499, -0.5610244225007338, 0.21860504100838957, -0.11156500355712584, 0.4883262651786988, -0.12398801321960132, -0.009127831845266887, 0.24312493503802732, -0.49575332082720086, 0.5309161295875297, -0.08622167935821054], [-0.4033280138233564, -0.7396855305132177, -0.5153661861730251, -0.2924168047976484, 0.2507828064591858, -0.33696058751496916, 0.21554789126660018, 0.28889443642305224, 0.628667667473416, 0.36410999751510476, -0.71405121276239, -0.03717707999010966, -0.08226563460373351, -0.10386966153407277], [0.005493662218371942, -0.14460431190135603, -0.11652318269509726, -0.5644399089070324, 0.016377962750998454, -0.6292578552178654, -0.5200788514978927, -0.08638311609418303, 0.1574547392768611, 0.7781630619592947, 0.3572186639433299, 0.47801050911049486, 0.602411219401001, 0.07834056489675839]], "inverted": true, "swapped": true, "error_lsq": 0.04484097447210135, "error_max": 0.233318595244867, "target": "579.xyz", "model": "20.xyz", "model_rescale": 4.067790424073018, "target_rescale": 4.31017821996532},
{"mapping": [5, 6, 8, 4, 2, 13, 11, 1, 7, 9, 10, 0, 12, 3, 14], "R": [[-0.005441309114229714, -0.9898001969578301, 0.14235856931482826], [0.37529456965021707, -0.1339759125671754, -0.9171719799704151], [0.9268896256546311, 0.04843578175309993, 0.37219564331112787]], "T": [0.012896543299423385, 0.0634397375347882, 0.022899435095202036], "aligned_model": [[-0.3099867209774375, 0.5579239184013848, -0.4196356258001718, 0.008296668306820361, 0.4479178333916233, -0.11589418471229004, 0.4363248163523237, -0.7632728808747234, -0.5552386896965708, -0.3861679139440146, -0.21867243513113865, 0.04530958036849028, 0.25253087308728694, 0.7948917943920447, -0.0022043852996353926], [-0.25721938222687113, -0.2262606692801205, 0.2684613450950656, 0.11841119492874634, 0.49033499199459835, -0.6115951345450065, -0.2688694189494879, -0.11488279877721509, 0.5174747146864944, 0.1480975624325105, -0.39934868160654674, 0.7728488414636733, 0.2487095874101578, 0.3390354741261014, 0.0316748313052333], [-0.35311951046669726, -0.3852374749927169, -0.28701984448006485, -0.7767439071257629, -0.40399499029021363, 0.1565571132570874, 0.3811052084647774, 0.22055367688941868, 0.18944838813971532, 0.6844359126362951, 0.6581076756675035, 0.010810274175822143, 0.7266496305566079, 0.21336054370296956, 0.09253596190221448]], "inverted": false, "swapped": false, "error_lsq": 0.05042971757093198, "error_max": 0.4511297505285403, "target": "579.xyz", "model": "21.xyz", "model_rescale": 4.186013935880536, "target_rescale": 4.31017821996532},
{"mapping": [5, 0, 7, 12, 13, 10, 6, 1, 8, 2, 4, 11, 14], "R": [[0.488935256467947, -0.1985762610685444, -0.8494173200039309], [0.6537033700528657, -0.5613424555032767, 0.507510149288739], [-0.5775934720581156, -0.8034065696704187, -0.14465014637483653]], "T": [-0.07037751606010607, -0.001910106661740102, -0.06697849232795801], "aligned_model": [[-0.02418158391456733, -0.27622845440118426, 0.31807438296870466, 0.5424453480791854, -0.11188282013071592, 0.5700794131742573, -0.11071726701049135, -0.6987538443738226, 0.40446411158993634, -0.15618724061155104, -0.6832307328006886, 0.24855582775455354, 0.036136895099608976], [-0.41597764146995364, 0.14958626185658702, 0.20495896349227669, -0.34532269717001063, -0.2140254148292448, -0.4215298469931522, -0.6630169907790099, -0.23885454908711604, 0.620270365716574, 0.5027385009522772, 0.07793353656700489, 0.23104148116058296, 0.03115469012927794], [-0.647575433298499, -0.638233258035712, -0.5564311073714305, 0.2807056435018274, 0.7102283078949642, -0.3670804022488963, 0.12011244639583847, -0.17705844421428374, 0.026421906191622727, 0.2996174451570556, 0.4719344195267909, 0.5499164639761932, 0.030321573859874384]], "inverted": true, "swapped": true, "error_lsq": 0.05074777071236179, "error_max": 0.3312228940748417, "target": "579.xyz", "model": "22.xyz", "model_rescale": 4.166573947596378, "target_rescale": 4.31017821996532},
{"mapping": [10, 12, 3, 9, 11, 13, 6, 7, 8, 0, 5, 4, 1, 2, 15], "R": [[0.7479577873528365, 0.3522083324525497, -0.5625908272352509], [0.018164540135318485, -0.8581434130374996, -0.5130886201642212], [-0.6634976999356683, 0.37354942539287395, -0.6482527508377671]], "T": [0.014025965690004624, 0.06934454132536738, -0.043138892137143475], "aligned_model": [[-0.522137802420383, 0.5216700514434942, 0.13871071402567747, -0.1655897016296924, 0.5274407192107576, -0.210087605349412, 0.61541772587243, -0.5561790240228952, -0.6419920980914854, -0.39452924752355273, -0.10673338379852612, -0.14028781477265012, 0.18531820517053826, 0.49643274921947805, 0.024669160530213376], [-0.43602866297318466, -0.23979354898564026, 0.6268843463803877, 0.1888245765454918, 0.3114217261417284, -0.7374911448017618, -0.1638836556513431, -0.19436155702663105, 0.5361593787600308, 0.2698858856590219, -0.4556212498340432, 0.7065052362300972, 0.14597030255276233, 0.4397816408173229, 0.058619184243094064], [-0.17755455806475504, -0.3190237930425467, -0.23030120492405146, -0.6034173046422051, -0.5907676485817023, 0.08177076226742883, 0.36064346370142075, 0.2984968949939677, -0.11931859917530373, 0.6348150663341454, 0.5900199179767386, 0.28862460704930937, 0.6445285582174646, 0.2447313732843249, 0.024201122642719522]], "inverted": false, "swapped": false, "error_lsq": 0.04375849629889323, "error_max": 0.2502014940220551, "target": "579.xyz", "model": "23.xyz", "model_rescale": 4.274766983524099, "target_rescale": 4.31017821996532},
{"mapping": [13, 12, 8, 2, 7, 0, 1, 5, 6, 10, 14], "R": [[0.8017057772085229, -0.11409665445655576, 0.5867280462295115], [-0.5754346477343588, 0.11820375332297307, 0.8092606742497723], [-0.1616873927593387, -0.9864126044116543, 0.029109463761881622]], "T": [-0.12039634842569429, -0.03085678459907104, -0.0018406795678868396], "aligned_model": [[0.4186518156784202, 0.39378366057551367, -0.5892057409326902, -0.407383157024728, -0.494452361782216, -0.5324869834878327, -0.013332774386421206, -0.014613101196221556, 0.5472602226263782, 0.168047590002593, -0.09637446611472039], [-0.17231691155125753, 0.5244356472448491, 0.44884244201478035, -0.14406397914605984, 0.4200558834712579, -0.16154201362872092, -0.6486356669947073, 0.07167923490702496, -0.1144264104902108, 0.6273866079675503, 0.06417169744897702], [-0.5850920094389788, -0.2058935205664217, -0.41586139340374584, -0.5507020556619047, 0.29818168137191603, 0.45066395603435233, 0.2627414781233138, 0.6974268405578014, 0.14287783288279918, 0.39796263650724273, -0.11273901238479728]], "inverted": false, "swapped": true, "error_lsq": 0.05123937573204895, "error_max": 0.25669318075355463, "target": "579.xyz", "model": "24.xyz", "model_rescale": 3.7841303162186577, "target_rescale": 4.31017821996532},
{"mapping": [8, 4, 7, 0, 6, 2, 3, 9, 10, 14, 12, 11, 13, 11, 15], "R": [[0.647866177311522, -0.5896649224112641, 0.48224961956799295], [0.7167307481184041, 0.686286403155913, -0.12372553311646188], [-0.2580047499512145, 0.4258007187887755, 0.8672527295325013]], "T": [-0.0795376825019743, 0.014582798841752745, -0.020728805113658197], "aligned_model": [[-0.370405596100079, 0.4359725676183505, -0.05610183738060015, -0.298846468223531, 0.5851121473144845, -0.20315576066539986, 0.6540497135876082, -0.5335848061577151, -0.6187700240393168, -0.48491582813620554, -0.07434654536148905, 0.2822278352540794, 0.18465377805898825, 0.2822278352540794, -0.011994363159261653], [-0.33401590535532216, -0.4696487453159328, 0.5802765253254084, 0.23041450247460887, 0.18230740786358574, -0.7274723954991569, -0.09076865193734562, -0.21109092697410375, 0.5673928830473515, 0.12789262677959218, -0.34904892220186684, 0.6474036534133032, 0.2283111483244099, 0.6474036534133032, 0.027515604699498], [-0.39932170508679415, -0.2583699979273176, -0.34048954235439766, -0.6890478019735923, -0.24906082541842134, 0.032803308893524355, 0.2951073735460968, 0.2709101626229284, 0.07352933998771975, 0.6516761355622793, 0.6447912396439582, 0.22029203494942257, 0.6839151206141701, 0.22029203494942257, -0.029578219972042363]], "inverted": false, "swapped": false, "error_lsq": 0.04728294354807276, "error_max": 0.3603992320425259, "target": "579.xyz", "model": "25.xyz", "model_rescale": 4.19342608120988, "target_rescale": 4.31017821996532},
{"mapping": [13, 6, 12, 2, 11, 4, 8, 3, 10, 1, 7, 14], "R": [[-0.09407209672838451, -0.9207398911374365, 0.3786667314213742], [-0.8378316083367645, -0.1322334561484368, -0.5296720769937471], [0.5377626211340427, -0.36708631947167564, -0.7589855053739716]], "T": [0.10366252956554933, 0.09370378150343343, 0.026309410915881813], "aligned_model": [[-0.3412372871049886, 0.3859812672451168, 0.18224620394101157, -0.5099923690808643, -0.4443050441400269, -0.4597094059963902, -0.280516701679999, -0.3059517869041382, 0.7156012460826158, 0.22234613821827692, 0.4033429214697474, 0.030003372581419246], [-0.5792100912503563, -0.5190869569831451, -0.4338016085793916, 0.22956341710677375, -0.16593187292057648, -0.16559608465577302, 0.4616686039034227, 0.6183625839271816, -0.06027588964708837, 0.033027188130058324, 0.5477737724743843, 0.04628336623549061], [0.030441906501003195, 0.16223684842069458, -0.5480867920611298, -0.011052764554299523, -0.38462266655955935, 0.5627484482985969, -0.5553390686296112, 0.43753710491933834, -0.501088189683637, 0.6936546189172309, -0.3441843925763729, -0.0929865917828333]], "inverted": false, "swapped": true, "error_lsq": 0.05129734664748659, "error_max": 0.2554444904838099, "target": "579.xyz", "model": "26.xyz", "model_rescale": 3.795458400668931, "target_rescale": 4.31017821996532},
{"mapping": [6, 4, 13, 12, 9, 0, 1, 5, 3, 11, 7, 8, 14], "R": [[-0.531875219622973, -0.845598635637602, 0.045515911051418015], [0.8189671184492142, -0.5273084210147563, -0.22635964310343687], [0.21541032855925202, -0.08311905037204771, 0.9729797602289805]], "T": [-0.15508593904511078, -0.11004766041333935, -0.007223195112630261], "aligned_model": [[-0.0656835248600035, 0.465183184221696, 0.5801579642422691, 0.053942338960754205, -0.26306071614704163, -0.665244196510923, -0.21633261747257126, -0.7922475066740534, -0.08425290750916709, 0.44270646199959685, -0.6545030940554012, -0.032285968107236496, -0.068703035266662], [-0.614966238298564, -0.4892186949999744, -0.30390648360781525, 0.06550313543773206, 0.49188646359006094, -0.13555699943854604, -0.7162158152390252, -0.36483890431169985, -0.04869126307215502, 0.2690166368199949, 0.31722578600862744, 0.6653368081760029, -0.013692927807724006], [-0.46630604725456365, 0.3721008621911617, -0.2766692266034162, -0.7419731018898605, -0.5541461415814901, 0.3543644039500411, 0.2959699562701512, -0.20668585869318823, 0.7695502838899617, -0.1956344766099018, -0.04290876197785846, 0.06352875899423954, -0.07905398858584994]], "inverted": true, "swapped": true, "error_lsq": 0.04751976173397118, "error_max": 0.2459673294525187, "target": "579.xyz", "model": "27.xyz", "model_rescale": 3.6321398670334006, "target_rescale": 4.31017821996532},
