[{"mapping": [4, 6, 2, 3, 5, 7, 11, 9, 12, 0, 1, 13], "R": [[-0.3783808996384713, -0.7761632531799209, 0.5043793207516969], [-0.4895591846113324, 0.6302482669135779, 0.602593500475336], [-0.7855951244448176, -0.01891365817586521, -0.6184517555823882]], "T": [0.0027406820533163456, 0.13812403673294887, -0.020694537391226304], "aligned_model": [[-0.3409433623295267, -0.06365545395435436, -0.7210016291909285, -0.25779650778421626, 0.562824949403896, -0.0133735566641221, 0.638109739626721, -0.3001855352264269, 0.07256890049294458, -0.6287674263813366, -0.024428541291340256, 0.03753054110484412], [-0.7302701186021019, -0.267391939609298, -0.04760492800813948, 0.23246908699660274, 0.3161256150437546, -0.5486835264472294, -0.10743960592296678, -0.10768337373645925, 0.4233201181694417, 0.4768837609214473, 0.7145778677866501, 0.002310832236586513], [-0.2236159389920829, -0.6654383859404763, -0.20224360508573666, -0.4638871478892381, -0.497163121903179, 0.2946309847989887, 0.13118205371853653, 0.5994325428166422, 0.4782112884080148, 0.26540298589348454, -0.02332653080509627, 0.06227715324481714]], "inverted": true, "swapped": false, "error_lsq": 0.044140838271582876, "error_max": 0.23700323057948325, "target": "58.xyz", "model": "0.xyz", "model_rescale": 3.8414455957264533, "target_rescale": 3.9875132273270233},
{"mapping": [3, 1, 4, 0, 11, 10, 12, 6, 8, 9, 13, 14], "R": [[0.16712516503567587, 0.8392265885527264, -0.5174629573969054], [-0.09803069302143974, 0.5363881940051626, 0.8382587241166157], [0.9810500305476446, -0.08936687528404216, 0.1719139295241433]], "T": [-0.25379473671928726, 0.036074273864565534, 0.0297900012526065], "aligned_model": [[-0.31602042437056355, 0.06526163871291712, -0.6424685141973692, -0.37237413989176343, 0.44646285159447313, 0.1344562600576259, 0.5040246317130355, -0.4776011632550448, 0.22508669161433215, -0.4850238686441007, 0.08219333814076274, -0.2031151836681509], [-0.6506170264498576, -0.38379203143641716, -0.151287118344468, 0.3422923858314718, 0.16813402285529505, -0.4185678854649999, 0.03235333178678569, -0.19319043449242856, 0.3438905483471134, 0.5813584454016527, 0.7111035421307802, -0.025063991336638593], [-0.34163953972235217, -0.6560767541290113, -0.30133782641912804, -0.6164969029577831, -0.43761232526650223, 0.36287102874032373, 0.11915164451168336, 0.7420929920696602, 0.5777171097820244, 0.36847560887987346, -0.049547891176837555, -0.012134866047275886]], "inverted": false, "swapped": false, "error_lsq": 0.04173181734206124, "error_max": 0.20853536088429947, "target": "58.xyz", "model": "1.xyz", "model_rescale": 4.316132596720782, "target_rescale": 3.9875132273270233},
{"mapping": [0, 5, 1, 9, 7, 4, 3, 2, 6, 8, 10, 11], "R": [[-0.7281521090686696, 0.6854155370905068, 0.00021811414511595066], [0.6849171157446905, 0.7276346707590293, -0.03789895076876647], [-0.02613523711051008, -0.027446810822591042, -0.9992815528953021]], "T": [-0.11171762241253001, 0.05015937460911285, -0.06708702320460377], "aligned_model": [[-0.41321096663648926, 0.14582259867476755, -0.6395799592313203, -0.31152062880669545, 0.4929503513131267, 0.1350736890319627, 0.5419091174889278, -0.6480394997903762, 0.28007416717090483, -0.5122572781777481, -0.062094537502438964, -0.04824493572846708], [-0.5839902933298222, -0.382173552323813, 0.1361470419544838, 0.1550556962583068, 0.3731059570229716, -0.5014762853296939, -0.005434127271537317, -0.2469798884518825, 0.24933273100625825, 0.47551977919579697, 0.6742014405449106, 0.013305289552309266], [-0.1713464142829939, -0.4702261514580066, -0.15963289203468817, -0.7735054725477211, -0.6420159459746048, 0.4115797485856759, -0.04065869988379021, 0.5028186742037243, 0.6278411246754596, 0.42856671296836646, 0.006021443992271641, 0.03602015002098162]], "inverted": false, "swapped": false, "error_lsq": 0.049284835323793304, "error_max": 0.28160394371818404, "target": "58.xyz", "model": "2.xyz", "model_rescale": 3.795458400668931, "target_rescale": 3.9875132273270233},
{"mapping": [2, 10, 1, 0, 4, 6, 5, 8, 9, 7, 7, 11], "R": [[-0.17291750732813166, -0.9484556312031887, -0.2655775805642989], [-0.8224017126498668, -0.009342529105052566, 0.5688305021537499], [-0.541991659243933, 0.31677220962212327, -0.7783960486289266]], "T": [-0.07754513572234735, -0.060300517353125194, -0.04621436003657135], "aligned_model": [[-0.2836189572233962, 0.3482968782903389, -0.7034999379443972, -0.39713013986266127, 0.31279040624197996, -0.21207062577508567, 0.5986084319454075, -0.40189831166137013, 0.33485820353884954, -0.26708084054526054, -0.26708084054526054, -0.10129214865298969], [-0.7274061959932034, -0.33223147946654913, -0.12551080254504227, 0.29105132094442315, 0.30021751300355964, -0.5102048946432738, -0.16645791773765448, -0.08739709133448736, 0.3447550134457797, 0.6582836851275891, 0.6582836851275891, 0.053230952899558814], [-0.3628038498069884, -0.578870784334495, -0.060251676019143136, -0.6680063308992626, -0.4048501750226765, 0.3098547911716428, 0.11307021179318784, 0.6641543681378024, 0.602174524463082, 0.12989713066863362, 0.12989713066863362, -0.11880306255574206]], "inverted": true, "swapped": false, "error_lsq": 0.061383903418691405, "error_max": 0.38454019510226867, "target": "58.xyz", "model": "3.xyz", "model_rescale": 3.7530521520055578, "target_rescale": 3.9875132273270233},
{"mapping": [8, 4, 10, 3, 9, 1, 7, 5, 0, 2, 11], "R": [[-0.692834374926689, 0.600215708076208, -0.3996518893969109], [0.02745697165531963, -0.5318674320885488, -0.8463823895799416], [-0.7205738294078293, -0.5973760444327421, 0.35201593417120675]], "T": [-0.2037039657710254, -0.04621082594861442, -0.060750942223936635], "aligned_model": [[-0.3797984176370124, -0.10846015653694499, 0.30222874744750866, 0.5008668989199747, 0.30143777119452836, -0.26810594572009955, -0.19122801989020843, -0.6778894373869118, -0.3056839326314659, 0.2724680947761825, -0.10763600009034617], [-0.7033345614517328, 0.1812599293585044, -0.38784761881002466, 0.3252888647373054, -0.6663204635893472, 0.6692322814093152, -0.5694041496582292, 0.003236312529098756, 0.46148291709497796, 0.21621501583484987, -0.06260516914037172], [-0.18520774730619927, -0.7861454197460299, -0.4442086739613333, -0.23834643664496646, 0.1363424896805694, -0.10202664155955572, 0.5661943618891344, 0.3132057333242732, 0.5807327037550765, 0.32952099710945587, -0.0772305892951082]], "inverted": false, "swapped": true, "error_lsq": 0.048319925210007636, "error_max": 0.3400427285316554, "target": "58.xyz", "model": "4.xyz", "model_rescale": 3.7855080009869324, "target_rescale": 3.9875132273270233},
{"mapping": [11, 13, 6, 8, 15, 12, 14, 0, 3, 5, 10, 16], "R": [[-0.9335614532366188, 0.35831457696461105, -0.008583528726849705], [-0.27162663355681566, -0.6916720698102883, 0.6691851162323795], [0.23384179475304295, 0.6270569446063282, 0.7430461649505045]], "T": [-0.12302689315384668, 0.022728835959321722, 0.04369373176943735], "aligned_model": [[-0.3526389093254742, 0.007456723339967303, -0.6318714651608346, -0.1355273466499792, 0.441985893559621, 0.13513556707284252, 0.5313481732955712, -0.4409132352408101, 0.08051185992275905, -0.5162892842939276, -0.08751735335889481, -0.07079850535468606], [-0.703004455270538, -0.35625332323958186, -0.1816785932455675, 0.28005540049123256, 0.33151328685476544, -0.6068876261230755, -0.14732275192740307, -0.0020117906909836863, 0.41733460964282637, 0.5679669798732222, 0.7361520304173607, 0.020750022046031096], [-0.1865794545346039, -0.5598078736228189, -0.31038517538521926, -0.6112388233934708, -0.470826258533502, 0.04297413834158163, 0.06763383200717463, 0.7555996653224831, 0.5778050167755712, 0.4944301322913103, -0.10028783742302035, 0.05614491641918913]], "inverted": true, "swapped": false, "error_lsq": 0.03876062246697869, "error_max": 0.25825945765401553, "target": "58.xyz", "model": "5.xyz", "model_rescale": 4.2253639853439635, "target_rescale": 3.9875132273270233},
{"mapping": [8, 1, 9, 0, 4, 5, 2, 11, 6, 12, 7, 13], "R": [[-0.6063874526734646, -0.7935078308561088, -0.051376839239293065], [0.7883541392295119, -0.6083751913677448, 0.09152801586375428], [-0.10388459173468592, 0.01499829651305254, 0.9944762655296628]], "T": [-0.034293136787192015, -0.033867060365440224, -0.0603437061479325], "aligned_model": [[-0.3937753242053409, 0.004887744481830297, -0.5688563225233008, -0.28615009466423097, 0.5019046240544276, 0.17360779831150286, 0.6035266308095916, -0.3824243092756125, 0.1579866963144098, -0.7037704888887416, -0.15156581118355045, 0.005510974575169206], [-0.6793414719676378, -0.3143326415621557, -0.09919771051706998, 0.5071210982615173, 0.07166827691050633, -0.4210395649873285, -0.11791544726766565, -0.09859151689642208, 0.2938656438865217, 0.4660294799836382, 0.736219096727018, 0.012128546257366923], [-0.05987841639873988, -0.737477148140896, -0.34769459633588906, -0.596032547100343, -0.5100831485598822, 0.3953051930064352, 0.130164626371019, 0.632598730337087, 0.45863385451266625, 0.35588614434233645, 0.09000803651375858, -0.05596845028287735]], "inverted": false, "swapped": false, "error_lsq": 0.04753048572373886, "error_max": 0.3013516489461856, "target": "58.xyz", "model": "6.xyz", "model_rescale": 3.89814844738969, "target_rescale": 3.9875132273270233},
{"mapping": [9, 10, 8, 11, 4, 5, 2, 6, 0, 3, 7, 12], "R": [[0.7935611894165246, 0.3593157742705975, -0.49107312389516067], [0.47467111898693076, -0.8704916487347837, 0.13012155195313752], [-0.38072032707950565, -0.33635764276037955, -0.8613452087898065]], "T": [-0.04027006343369276, 0.1075866077429842, 0.004235693897981695], "aligned_model": [[-0.4438330928735945, 0.27061385814041955, -0.7053450504168923, -0.36502683911420014, 0.40450650573885627, 0.005577875282582315, 0.6363893634800211, -0.43938715534474904, 0.16219532313927743, -0.510417081454422, -0.12494903294577207, 0.07055744417462757], [-0.6575619238486023, -0.41008416134191306, 0.12381920057137108, 0.1615459839477228, 0.3548970618419941, -0.6146340037716026, -0.101076588812613, -0.14524367337265784, 0.33220970795306665, 0.5248474443559, 0.7556258370961971, 0.032268904209425395], [-0.21854331073921918, -0.4132230767535385, -0.11864041010152906, -0.7353329584881279, -0.3913741280133454, 0.28507721298622646, -0.007576794957917722, 0.48813469877733173, 0.5137085759635318, 0.5114211751030502, -0.06017943543994785, -0.09800927007183982]], "inverted": false, "swapped": false, "error_lsq": 0.04603671606509698, "error_max": 0.28133912608226447, "target": "58.xyz", "model": "7.xyz", "model_rescale": 3.7474275329858107, "target_rescale": 3.9875132273270233},
{"mapping": [6, 3, 5, 8, 2, 0, 1, 10, 12, 11, 4, 14], "R": [[-0.4220390419961889, -0.2758622484917921, 0.863587324413688], [-0.8685456736012971, -0.1499793644930913, -0.47237125557628723], [0.2598296747860194, -0.9494241465663815, -0.17630181512761034]], "T": [-0.12847217676811487, 0.12292248992654196, 0.070038314776214], "aligned_model": [[-0.4328513540382454, -0.07277254180185042, -0.6251201857615498, -0.2432709727597675, 0.4882254736037295, 0.1370394606308016, 0.6024284922442211, -0.3893831757753009, 0.04197673130848337, -0.5535642792972085, 0.09177360780249047, -0.08359913834964909], [-0.6280163375806797, -0.3312998441808155, -0.12203367178098683, 0.3737312822795209, 0.25482267224448363, -0.4766247676862849, -0.046200364745748554, -0.29382133528752097, 0.33269052005630007, 0.3757677613860798, 0.7570884153734009, 0.16050945875053985], [-0.03185521879772023, -0.48197088700152946, -0.38422889516333225, -0.5537617348982244, -0.48752409947010755, 0.13530617763111874, 0.11457472813279079, 0.6475445003978791, 0.6246437259203284, 0.4466627014770943, -0.3318960321344889, 0.05796731217086663]], "inverted": true, "swapped": false, "error_lsq": 0.052195398479850726, "error_max": 0.33638789256165, "target": "58.xyz", "model": "8.xyz", "model_rescale": 4.019505241142653, "target_rescale": 3.9875132273270233},
{"mapping": [3, 5, 2, 6, 11, 4, 8, 0, 7, 1, 9, 12], "R": [[0.45414396720389344, -0.27023599105969487, 0.8489556915341893], [-0.6342385778733759, 0.5711473189315792, 0.5210874844154547], [-0.6256953598912706, -0.7750891879088841, 0.08798901861755153]], "T": [-0.1595641635929571, 0.148797516588118, -0.09405927641506352], "aligned_model": [[-0.38546283712440504, 0.05496345835068811, -0.6769411411791615, -0.38908106258643693, 0.33227538541124885, 0.1394616877641836, 0.4817974281658438, -0.34855653417500054, 0.2065730889009202, -0.5520887598078186, 0.23195417001470436, -0.13401276592861172], [-0.6799130532050128, -0.34085912073455715, -0.12556740711531392, 0.24683465956551906, 0.28520213458220045, -0.5172643078650332, 0.1827121740110427, -0.13477925603227361, 0.03094215969427852, 0.596076121839956, 0.6839797694442536, 0.12924991464322916], [-0.11993182077474265, -0.4999397958921776, -0.17782749187673105, -0.7765345870601759, -0.4500609087402779, 0.29905630133453126, 0.11484748751230318, 0.45957614149375503, 0.7254757242184399, 0.2255836381331664, 0.07217372905422913, -0.11695613913764463]], "inverted": false, "swapped": false, "error_lsq": 0.06132767943346592, "error_max": 0.3543128646146177, "target": "58.xyz", "model": "9.xyz", "model_rescale": 3.877068213659057, "target_rescale": 3.9875132273270233},
{"mapping": [1, 8, 0, 11, 9, 4, 2, 3, 13, 6, 10, 15], "R": [[0.8378395697988896, -0.09838325031796477, -0.5369782037812004], [-0.4454720923352864, -0.6917878862391245, -0.5683169321806506], [-0.31556214955161166, 0.7153672179445162, -0.6234342573685612]], "T": [-0.1004534085806917, 0.043824669901325455, 0.046349301329984646], "aligned_model": [[-0.3901470613815317, 0.11464697902313138, -0.6645717413034137, -0.3801171872602791, 0.3863782387141031, 0.05590664193173982, 0.5468792292632558, -0.4050366449127006, 0.30111505725282406, -0.35249124866108134, -0.08462727605432278, -0.1670528688055709], [-0.7450885414901486, -0.2140706317887539, -0.16377709204439933, 0.33965101543984294, 0.26304371409892285, -0.49146052415487423, -0.08919898876517961, -0.09490840073626806, 0.31859207027252634, 0.49455165334583223, 0.71532170493948, 0.02395780971130826], [-0.16952136046158922, -0.648305125293042, -0.47560668412947643, -0.5692237816128001, -0.34170129041416075, 0.4299010910180755, 0.10652005973038019, 0.5855556903733723, 0.6470856319318884, 0.38343488198788683, -0.18179987119558788, -0.01087696367027259]], "inverted": true, "swapped": false, "error_lsq": 0.041647575168008315, "error_max": 0.22319617262125038, "target": "58.xyz", "model": "10.xyz", "model_rescale": 4.260839863003843, "target_rescale": 3.9875132273270233},
{"mapping": [9, 10, 8, 7, 6, 4, 5, 2, 3, 1, 0, 11], "R": [[-0.37404265137377546, 0.7572746904044256, -0.5353756982028208], [0.5533845650383528, -0.28100172569916376, -0.7840940972430576], [-0.7442161098300613, -0.5895532829413924, -0.3139574946428848]], "T": [-0.12038216764792059, 0.0040526739272530275, -0.02708221056216098], "aligned_model": [[-0.360086070019485, 0.03793083063730579, -0.7863696225343466, -0.29977304787245024, 0.5140840059216059, 0.1671540168078427, 0.5387351045238182, -0.432401486253378, 0.1191398107391465, -0.5385395702464485, 0.14616925689373622, -0.1451611107911928], [-0.7520161911145513, -0.31569056138498297, -0.19863344584735101, 0.4099555316358067, 0.3371641677286699, -0.6120758415019399, -0.0498068514015266, -0.15456749487431273, 0.30134479493341015, 0.5016452926192377, 0.8289383479577596, 0.06035604007806922], [-0.10853877358474717, -0.5428680673750507, -0.20312894822963004, -0.5094383149897338, -0.4626792054412119, 0.24460042359920997, 0.11175033354815289, 0.5626980137653405, 0.5713153897588736, 0.29041836521148634, -0.1632741057287918, -0.03539283226922342]], "inverted": false, "swapped": false, "error_lsq": 0.04216949160474922, "error_max": 0.28139788210888683, "target": "58.xyz", "model": "11.xyz", "model_rescale": 3.890672605050136, "target_rescale": 3.9875132273270233},
{"mapping": [10, 4, 12, 7, 3, 11, 0, 9, 6, 5, 8, 13], "R": [[0.4822927160429307, -0.12572705971118958, -0.8669408529469078], [-0.212906583480235, -0.9767967169441337, 0.0232155223489717], [-0.8497437983078822, 0.17338073775232604, -0.49787006037092896]], "T": [0.03528636858452079, -0.027587541361065986, 0.12300565644793567], "aligned_model": [[-0.4171263905936361, 0.18810873592762928, -0.6109586292013736, -0.3858000761463423, 0.39176711733109143, -0.01286483566315634, 0.5706853501240072, -0.5614336471575028, 0.22803997621171107, -0.5937126762921157, 0.19923603473447365, -0.035058841468631835], [-0.7480962240203339, -0.3387971284148067, -0.13635259719218754, 0.38628677637632924, 0.3910110176949836, -0.5017587114742968, 0.09522689979942096, -0.022904967811793322, 0.14795901863984923, 0.4298936797791791, 0.6722431065355458, -0.018097081083600877], [-0.1521859822113359, -0.48596968031918636, -0.23149358503480033, -0.49210280996894645, -0.6191263251640403, 0.39796988477263984, -0.09369478968943078, 0.6227292924100503, 0.6369003888203405, 0.12958712158639668, 0.07252182664016135, -0.02967306357717374]], "inverted": false, "swapped": false, "error_lsq": 0.055256406914391785, "error_max": 0.3125144291703239, "target": "58.xyz", "model": "12.xyz", "model_rescale": 4.124412569039231, "target_rescale": 3.9875132273270233},
{"mapping": [1, 6, 0, 3, 9, 2, 8, 4, 10, 5, 7, 12], "R": [[-0.17172181112711443, -0.6255719082786446, 0.761033118304216], [-0.027789928177560874, 0.7752769585365342, 0.631009791884585], [-0.9847534409562173, 0.08720908860294513, -0.1505165618459777]], "T": [-0.10838402592333865, 0.09790018481320377, -0.08153334325482511], "aligned_model": [[-0.2206929894295497, 0.10757645086526757, -0.679187375382605, -0.3337364024107872, 0.38283612867958705, 0.16458260222637092, 0.4750525257728333, -0.5074124275300471, 0.21649413850328605, -0.5873026558887552, 0.006872845126500049, -0.06420072272594625], [-0.7045552264917683, -0.25821351875582704, 0.04065912895097397, 0.2415935883969188, 0.3470106384886725, -0.4662534233833379, -0.31910283943600204, -0.16550241076194777, 0.28886889295726903, 0.5615414936371905, 0.7038473504761125, 0.08672011475003454], [-0.161008550031917, -0.6051333025554977, -0.16913694571434193, -0.7428365172559135, -0.4060144884418331, 0.5097495331455676, -0.10615830640888375, 0.5427035213286401, 0.5529702446673276, 0.2782159607003618, 0.030812375920105467, 0.031298752911059324]], "inverted": true, "swapped": false, "error_lsq": 0.047401151676218646, "error_max": 0.2949749948772058, "target": "58.xyz", "model": "13.xyz", "model_rescale": 3.9028299243045295, "target_rescale": 3.9875132273270233},
{"mapping": [0, 2, 3, 6, 1, 5, 12, 10, 14, 7, 9, 15], "R": [[0.6017089774335734, 0.7530361035936248, -0.2662384892542305], [-0.6582249674075167, 0.6563243412697989, 0.36875228994290776], [0.4524225886902831, -0.046636742395843256, 0.8905834129948115]], "T": [-0.027184910480848173, -0.08848189623163871, -0.021057163679427622], "aligned_model": [[-0.4485563289332103, 0.1114644384204519, -0.5639794103277714, -0.226051174297456, 0.31543013403819764, 0.0478659150105686, 0.6468715697067434, -0.3040651890716858, 0.29889366854110966, -0.7003022307519886, -0.14456769550272613, -0.07212157902607855], [-0.744759353422192, -0.3895167603372288, -0.11266819669422411, 0.3786799004179907, 0.23722216247272676, -0.46934519551113996, -0.21384467396864532, 0.08007484606900073, 0.4563859243103241, 0.44904345900566456, 0.6712759928874785, 0.014065683598533288], [-0.302059719076482, -0.6785555577443553, -0.33721556233772043, -0.4530529126353064, -0.4668492151513236, 0.3127277288938322, 0.0979904084758369, 0.6499708074226943, 0.5952564506629986, 0.2593131654661155, 0.07811283261699725, -0.00017614832861248542]], "inverted": false, "swapped": false, "error_lsq": 0.04736199530500424, "error_max": 0.24457098922966122, "target": "58.xyz", "model": "14.xyz", "model_rescale": 3.942246331269136, "target_rescale": 3.9875132273270233},
{"mapping": [3, 5, 4, 10, 9, 12, 0, 13, 8, 11, 6, 14], "R": [[0.6367076664215925, -0.3838770761192093, 0.6687613460346952], [-0.1195477722426036, -0.9059314286640738, -0.4061977064318569], [0.7617819095199104, 0.17868026468761794, -0.6227051351477375]], "T": [-0.03657867814969777, 0.017212326231378618, -0.07303678022840737], "aligned_model": [[-0.3015092461222853, 0.23452842770858945, -0.6115096655789121, -0.46362034129171126, 0.23798235043961818, -0.13872493625719076, 0.6290660654629072, -0.5677016373363556, 0.2672407016283966, -0.43403523107117004, 0.06896356440506156, 0.04020206581920649], [-0.6193508926586393, -0.34949464309218653, -0.056518219501260715, 0.3726215554528914, 0.4671549966913247, -0.6134314065459933, -0.11482297628372493, -0.14573946621051662, 0.3801266964399536, 0.5060644564855884, 0.5643976605268787, -0.03439397247602683], [-0.27588399615889037, -0.5144056667528016, -0.1606846167233289, -0.5206082424199052, -0.6815843469902103, 0.4367973912685695, 0.21016144903673523, 0.5204992018907035, 0.5391950963144256, 0.2692538973283326, -0.025724685507764106, -0.041553203021191386]], "inverted": true, "swapped": false, "error_lsq": 0.0538573837840312, "error_max": 0.313724809259945, "target": "58.xyz", "model": "15.xyz", "model_rescale": 4.355366556412066, "target_rescale": 3.9875132273270233},
{"mapping": [0, 5, 1, 9, 7, 4, 3, 2, 6, 8, 10, 11], "R": [[-0.7281521090686696, 0.6854155370905068, 0.00021811414511595066], [0.6849171157446905, 0.7276346707590293, -0.03789895076876647], [-0.02613523711051008, -0.027446810822591042, -0.9992815528953021]], "T": [-0.11171762241253001, 0.05015937460911285, -0.06708702320460377], "aligned_model": [[-0.41321096663648926, 0.14582259867476755, -0.6395799592313203, -0.31152062880669545, 0.4929503513131267, 0.1350736890319627, 0.5419091174889278, -0.6480394997903762, 0.28007416717090483, -0.5122572781777481, -0.062094537502438964, -0.04824493572846708], [-0.5839902933298222, -0.382173552323813, 0.1361470419544838, 0.1550556962583068, 0.3731059570229716, -0.5014762853296939, -0.005434127271537317, -0.2469798884518825, 0.24933273100625825, 0.47551977919579697, 0.6742014405449106, 0.013305289552309266], [-0.1713464142829939, -0.4702261514580066, -0.15963289203468817, -0.7735054725477211, -0.6420159459746048, 0.4115797485856759, -0.04065869988379021, 0.5028186742037243, 0.6278411246754596, 0.42856671296836646, 0.006021443992271641, 0.03602015002098162]], "inverted": false, "swapped": false, "error_lsq": 0.049284835323793304, "error_max": 0.28160394371818404, "target": "58.xyz", "model": "16.xyz", "model_rescale": 3.795458400668931, "target_rescale": 3.9875132273270233},
{"mapping": [9, 10, 8, 11, 4, 5, 2, 6, 0, 3, 7, 12], "R": [[0.7935611894165246, 0.3593157742705975, -0.49107312389516067], [0.47467111898693076, -0.8704916487347837, 0.13012155195313752], [-0.38072032707950565, -0.33635764276037955, -0.8613452087898065]], "T": [-0.04027006343369276, 0.1075866077429842, 0.004235693897981695], "aligned_model": [[-0.4438330928735945, 0.27061385814041955, -0.7053450504168923, -0.36502683911420014, 0.40450650573885627, 0.005577875282582315, 0.6363893634800211, -0.43938715534474904, 0.16219532313927743, -0.510417081454422, -0.12494903294577207, 0.07055744417462757], [-0.6575619238486023, -0.41008416134191306, 0.12381920057137108, 0.1615459839477228, 0.3548970618419941, -0.6146340037716026, -0.101076588812613, -0.14524367337265784, 0.33220970795306665, 0.5248474443559, 0.7556258370961971, 0.032268904209425395], [-0.21854331073921918, -0.4132230767535385, -0.11864041010152906, -0.7353329584881279, -0.3913741280133454, 0.28507721298622646, -0.007576794957917722, 0.48813469877733173, 0.5137085759635318, 0.5114211751030502, -0.06017943543994785, -0.09800927007183982]], "inverted": false, "swapped": false, "error_lsq": 0.04603671606509698, "error_max": 0.28133912608226447, "target": "58.xyz", "model": "17.xyz", "model_rescale": 3.7474275329858107, "target_rescale": 3.9875132273270233},
{"mapping": [11, 1, 3, 8, 0, 7, 2, 12, 9, 5, 4, 13], "R": [[-0.9834334921055519, -0.11750216119604422, 0.13802828956173585], [-0.16147158127631672, 0.9138833674462457, -0.37248371661756735], [-0.08237411635462558, -0.38860060836206783, -0.9177167711965526]], "T": [-0.11897498558535036, 0.005038190487151026, -0.010226953860307371], "aligned_model": [[-0.4806438739442008, 0.1402655512000301, -0.44143156882222145, -0.4137890278233072, 0.3852354971339673, 0.06892148298524836, 0.5841646574622478, -0.4266654907231631, 0.1240856276722831, -0.5584369399729572, -0.0004632939444663975, -0.02036050341730611], [-0.6183794400503732, -0.45683373173644004, -0.1783322444443835, 0.4779256969925223, 0.34665154326012715, -0.5919412825412039, -0.08840630264906417, -0.10997162370001277, 0.2524639925096516, 0.4664385501515279, 0.8265715662229332, 0.030427064813004077], [-0.05800492927060114, -0.45518435447118555, -0.5785457172576256, -0.464447756894634, -0.5831270298805746, 0.4089743198946549, -0.03659915299300529, 0.6615886599818922, 0.5619846998417303, 0.33212204265889134, 0.006012304657001581, -0.039310808001869466]], "inverted": true, "swapped": false, "error_lsq": 0.04939795215555834, "error_max": 0.3562037573526886, "target": "58.xyz", "model": "18.xyz", "model_rescale": 3.922800546911778, "target_rescale": 3.9875132273270233},
{"mapping": [6, 1, 10, 2, 0, 8, 5, 13, 12, 7, 3, 14], "R": [[0.896792612559994, -0.37109327377018336, 0.24094147052831733], [-0.36020628934109306, -0.9285724674416292, -0.08946844040489813], [0.25693275224646045, -0.00655399663501479, -0.9664070601724549]], "T": [-0.16621903301927354, -0.033613936909105135, 0.010156801197926366], "aligned_model": [[-0.32989984440338754, 0.1525074784659719, -0.854806755858795, -0.33754839032369627, 0.4199872550356403, 0.06984463596353122, 0.5925851228356857, -0.41925974206928485, 0.2256460560494013, -0.4190126364767707, 0.05917709262279716, -0.19833815403493882], [-0.6539651960377291, -0.36212449608509517, -0.15204379343185603, 0.23617851209762686, 0.3797084185020165, -0.5249777865362506, -0.03597258685975721, -0.10199430530758885, 0.3288764224196862, 0.6266412813183175, 0.5640941709564755, 0.05219314779244316], [-0.24310330066432975, -0.5716311733444919, -0.39285928322301683, -0.6309260706465719, -0.41875980379558464, 0.28805276282311343, 0.09228115820221525, 0.645064882420193, 0.5877869042304781, 0.3821372575569766, -0.022871185758536413, 0.04029013046423027]], "inverted": true, "swapped": false, "error_lsq": 0.039354964170680705, "error_max": 0.28472481902144314, "target": "58.xyz", "model": "19.xyz", "model_rescale": 3.9282355846067225, "target_rescale": 3.9875132273270233},
{"mapping": [12, 9, 10, 11, 4, 7, 6, 2, 5, 1, 0, 13], "R": [[0.2302873502920952, -0.8015196456030811, 0.5518459875796484], [0.8162119679052418, 0.467877343676308, 0.338952525765268], [-0.5298733431148415, 0.3723668204696997, 0.7619561609893237]], "T": [0.08479606659332713, -0.004292860603610917, -0.04346540384208128], "aligned_model": [[-0.32719113003933836, -0.010094134908612204, -0.7702534908698115, -0.2076687720978942, 0.359686190423449, 0.05289062989139512, 0.6589619451227874, -0.46858865689419166, 0.22354327338437824, -0.2851057498344505, -0.22983282124519472, -0.035465165126362636], [-0.7138345569472891, -0.38990996991346827, -0.046518848498013604, 0.2560072615813195, 0.42872055046305857, -0.5384345161151125, -0.047275534052279466, -0.0609670455903895, 0.15390639982626925, 0.5157496974309994, 0.7038396827479338, 0.09533066789526107], [-0.2662017417576946, -0.6097869731860501, -0.14011719751347632, -0.6435248474356163, -0.41265729242697413, 0.2755526384939503, 0.26529030504888396, 0.5642101633206974, 0.6224267487289731, 0.3492548278023585, -0.2428493354434165, -0.006135017366960274]], "inverted": true, "swapped": false, "error_lsq": 0.046472888963578984, "error_max": 0.24383099152235171, "target": "58.xyz", "model": "20.xyz", "model_rescale": 4.067790424073018, "target_rescale": 3.9875132273270233},
{"mapping": [7, 0, 9, 12, 3, 8, 2, 5, 6, 13, 11, 14], "R": [[-0.35868583783424157, -0.79095236227875, -0.49572051636261094], [0.08798690756474117, -0.5573414660570867, 0.8256081360491376], [-0.9293023048687344, 0.25251703075040854, 0.2695039431003846]], "T": [-0.11157876723227823, 0.011570256913906764, 0.07292687698608273], "aligned_model": [[-0.41643313568636786, 0.22050573292457848, -0.7278878627906443, -0.25226467093325305, 0.4586238091310523, -0.1610881313046415, 0.6180517608093299, -0.2700146933453335, 0.38092808184379456, -0.5653628971344544, -0.1496110385088581, -0.17456483719904747], [-0.6029933006607845, -0.4319140752976601, -0.07090159453968017, 0.3061269072229406, 0.42440765337568437, -0.5229800802384611, -0.12927951390806644, -0.1321275252755025, 0.416522785238211, 0.4122677825440254, 0.6401825328406267, 0.047302217526955244], [-0.22039786616454798, -0.3714823503701798, -0.39334706815640186, -0.6202237005627276, -0.4047543165332996, 0.26520962879833887, 0.03390680333092362, 0.6231224109269077, 0.4484363390669787, 0.42455873202772026, -0.07347123391334832, 0.043904899814310755]], "inverted": false, "swapped": false, "error_lsq": 0.04880919508488183, "error_max": 0.25896247223016694, "target": "58.xyz", "model": "21.xyz", "model_rescale": 4.186013935880536, "target_rescale": 3.9875132273270233},
{"mapping": [8, 2, 11, 5, 0, 9, 1, 10, 7, 4, 6, 12], "R": [[-0.4663852165537836, -0.08405641843724712, -0.8805789847024416], [-0.06409226881454289, -0.9896475362848081, 0.12841314186489566], [-0.8822567715003863, 0.11632829597699723, 0.45616961395604094]], "T": [-0.12159455795542978, 0.04535764458143068, -0.04777044874341184], "aligned_model": [[-0.34413642357820134, 0.13845253711274713, -0.7360513765458696, -0.20393191581454606, 0.45317900146273654, -0.09369175528361817, 0.5861086759700027, -0.299917327702975, 0.21332272852216722, -0.530187167306629, -0.06662315806651746, -0.15564170096314278], [-0.6424428053358594, -0.3175157643319708, -0.09273972121151255, 0.20244570134106296, 0.3491011089774175, -0.4835948855828961, -0.07902542958009096, -0.046447923305902784, 0.33010137007108586, 0.4614427735859937, 0.5992565201909437, 0.07603284401001761], [-0.30286609716244234, -0.6397143652719638, -0.0961224327836206, -0.800819370154975, -0.36267313885079555, 0.27608355335343887, 0.08937261337042525, 0.7622123659707731, 0.539660536048511, 0.3852900479233934, -0.04257142864678917, -0.052390005531280946]], "inverted": false, "swapped": false, "error_lsq": 0.04281447948350917, "error_max": 0.2412565157945048, "target": "58.xyz", "model": "22.xyz", "model_rescale": 4.166573947596378, "target_rescale": 3.9875132273270233},
{"mapping": [11, 3, 9, 8, 0, 12, 6, 14, 13, 10, 7, 15], "R": [[-0.2333198982128058, 0.5119045812546823, -0.8267499771928841], [-0.9458031974968291, 0.07802264505629289, 0.31522813716924747], [0.2258719475781359, 0.8554917688376016, 0.46595675416112575]], "T": [-0.008359345062981763, -0.029697057897751778, -0.10769326132860575], "aligned_model": [[-0.2542618841660284, -0.12549355874962753, -0.5894006504354189, -0.3934936508478446, 0.3933096145824524, -0.006654080242675525, 0.635472278779275, -0.42662932409911486, 0.011867002341387087, -0.36962397777988387, 0.029538440135325042, 0.056251908288308616], [-0.7770727540681747, -0.3583326117107082, -0.15852646261880798, 0.3834606816016754, 0.5779062199958761, -0.5136762301336774, -0.3052710299717075, -0.0753734744257943, 0.41731376453382585, 0.4934055689611684, 0.67850401677416, -0.005723900109546997], [-0.1629638453933161, -0.5972899328554115, -0.18670688175196443, -0.6865294981180118, -0.47679496328660004, 0.3340562244016414, 0.19004396849475585, 0.5623378221522396, 0.611045466162453, 0.28827736892734873, -0.016016419319143035, -0.10399703114931684]], "inverted": false, "swapped": false, "error_lsq": 0.04587613965645876, "error_max": 0.222482046314725, "target": "58.xyz", "model": "23.xyz", "model_rescale": 4.274766983524099, "target_rescale": 3.9875132273270233},
{"mapping": [7, 2, 0, 5, 1, 6, 8, 4, 10, 3, 11], "R": [[0.5658855468638827, -0.8177636996572359, -0.10505274567318146], [0.4992220390224395, 0.23844486664344605, 0.8330194483477964], [-0.6561637780347542, -0.5238383119764141, 0.5431781653388312]], "T": [-0.06576595282822698, 0.0075075442337043385, 0.0422328372807924], "aligned_model": [[0.19949136380401108, 0.17602116878621885, -0.4534471575095902, -0.5075551923043176, -0.5040217597990069, -0.5194550066561411, 0.14604974908329058, -0.07661996579832182, 0.5607412779972347, 0.33410685557385644, 0.0245833707808409], [-0.2828802404060857, 0.5588304990270604, 0.50228350570103, -0.12791567546246965, 0.549736938709752, -0.3398636872045244, -0.6504621635517346, 0.09307883739886988, -0.0811079294933727, 0.6517738682030735, 0.042112578321884885], [-0.6734911374849167, -0.25017326329151957, -0.49120333501715696, -0.34971524044448854, 0.22007903393819744, 0.30706191180811226, 0.019422135158456463, 0.8035285879095778, 0.38771717572469916, 0.3438864865035961, 0.0624540792170198]], "inverted": true, "swapped": true, "error_lsq": 0.04625708653802784, "error_max": 0.24583355566436113, "target": "58.xyz", "model": "24.xyz", "model_rescale": 3.7841303162186577, "target_rescale": 3.9875132273270233},
{"mapping": [14, 10, 13, 11, 7, 9, 8, 5, 4, 3, 6, 15], "R": [[-0.11734529563196977, -0.17062361361117906, -0.9783239054992519], [0.8361382124157893, -0.5484992705774504, -0.004630325488965192], [-0.5358199056876989, -0.8185573484211528, 0.2070287323406042]], "T": [0.07948973979647435, -0.017093880330509074, -0.009298078433641258], "aligned_model": [[-0.34730249777648886, 0.19235948688212706, -0.68350927249308, -0.3477295512290085, 0.3085166128943875, 0.040832767700271874, 0.5747735915364728, -0.38337424635797374, 0.09946155496749026, -0.5214892105735053, -0.027787492581727385, 0.056130374837188426], [-0.6463767126176717, -0.4016110006758164, -0.060779896064845754, 0.32721334188733064, 0.27446849640820997, -0.5915136783739201, -0.17435851674582953, 0.007583613319024653, 0.4272707270557528, 0.4492155663124997, 0.6974113779023139, 0.048090470421240566], [-0.23546276455124002, -0.6761279740077465, -0.17640294534500478, -0.5462932211183821, -0.5434737349079148, 0.09408587897873565, 0.27251661951096806, 0.7353405567929199, 0.5897391200437017, 0.2559973961166041, -0.00876552425857034, -0.005691128989395966]], "inverted": false, "swapped": false, "error_lsq": 0.04157417119164819, "error_max": 0.19483246669828833, "target": "58.xyz", "model": "25.xyz", "model_rescale": 4.19342608120988, "target_rescale": 3.9875132273270233},
{"mapping": [0, 5, 1, 9, 7, 4, 3, 2, 6, 8, 10, 11], "R": [[-0.7281521090686696, 0.6854155370905068, 0.00021811414511595066], [0.6849171157446905, 0.7276346707590293, -0.03789895076876647], [-0.02613523711051008, -0.027446810822591042, -0.9992815528953021]], "T": [-0.11171762241253001, 0.05015937460911285, -0.06708702320460377], "aligned_model": [[-0.41321096663648926, 0.14582259867476755, -0.6395799592313203, -0.31152062880669545, 0.4929503513131267, 0.1350736890319627, 0.5419091174889278, -0.6480394997903762, 0.28007416717090483, -0.5122572781777481, -0.062094537502438964, -0.04824493572846708], [-0.5839902933298222, -0.382173552323813, 0.1361470419544838, 0.1550556962583068, 0.3731059570229716, -0.5014762853296939, -0.005434127271537317, -0.2469798884518825, 0.24933273100625825, 0.47551977919579697, 0.6742014405449106, 0.013305289552309266], [-0.1713464142829939, -0.4702261514580066, -0.15963289203468817, -0.7735054725477211, -0.6420159459746048, 0.4115797485856759, -0.04065869988379021, 0.5028186742037243, 0.6278411246754596, 0.42856671296836646, 0.006021443992271641, 0.03602015002098162]], "inverted": false, "swapped": false, "error_lsq": 0.049284835323793304, "error_max": 0.28160394371818404, "target": "58.xyz", "model": "26.xyz", "model_rescale": 3.795458400668931, "target_rescale": 3.9875132273270233},
{"mapping": [2, 1, 0, 6, 8, 9, 11, 3, 10, 7, 5, 12], "R": [[-0.10273998793309004, -0.7984006677954647, -0.5932966109318888], [0.9226700327979378, 0.14635973376137804, -0.35673356852131444], [0.3716510533499956, -0.5840678059926391, 0.7216233730602025]], "T": [0.041115254084768696, -0.06630738799845903, 0.004916768374804495], "aligned_model": [[-0.43433842396977207, -0.03971102008018136, -0.7779989103728927, -0.1902013785272469, 0.46594986627540735, 0.07765508508667254, 0.7169804457561687, -0.4735322444127156, 0.1431866491025378, -0.47303063608896856, 0.013151572811036003, -0.06722888777389079], [-0.7965843155039422, -0.2496659018215762, -0.17569933748822938, 0.40745760464073855, 0.2637290133562109, -0.482370028877647, -0.016030724672528515, -0.21031725080556174, 0.40918125996569804, 0.47408697655712384, 0.6772543557442966, 0.05557213773370587], [-0.11947906385748162, -0.5520391898161635, -0.08650849653905322, -0.6300842606814366, -0.48635020199045575, 0.10457122000841917, 0.23350611971280394, 0.5143043129343655, 0.5256646963453117, 0.32715275799024046, -0.10995025758168196, 0.03467464173980666]], "inverted": true, "swapped": false, "error_lsq": 0.04775246414889517, "error_max": 0.27152906179577435, "target": "58.xyz", "model": "27.xyz", "model_rescale": 3.6321398670334006, "target_rescale": 3.9875132273270233},
{"mapping": [5, 3, 1, 4, 7, 0, 8, 11, 9, 13, 6, 14], "R": [[0.2586620675432287, 0.8795774491322033, 0.3992961880513626], [0.9383166905067173, -0.13059104276950834, -0.320168343008634], [-0.22946834886490142, 0.4574816832688052, -0.8591011502394563]], "T": [0.028346130987425888, 0.022078104674313644, 0.056873332721611713], "aligned_model": [[-0.4591584124045395, 0.12120684903940887, -0.516920890357088, -0.27263857291730664, 0.4539569723076743, 0.04353063047504876, 0.5394199572041886, -0.2910228979035828, 0.10035332140924078, -0.5833730035707797, -0.14043973052324935, -0.03403210495286097], [-0.6713703563658704, -0.43100642777219994, -0.055796515334764304, 0.42992758875050424, 0.16127755507552605, -0.5814388068760239, -0.044325793205021724, -0.12213384951371675, 0.41087052016912723, 0.4450176181531847, 0.7787722211339774, 0.03682003461356637], [-0.1742930005148578, -0.4507203763241637, -0.32245055940598427, -0.5985152990940439, -0.575871725546351, 0.2148241562962262, 0.01914161798252001, 0.5951410840064129, 0.5956010778781926, 0.3936213100988574, 0.003649426343043549, 0.05533456654482305]], "inverted": false, "swapped": false, "error_lsq": 0.039721095935222654, "error_max": 0.22700560181674484, "target": "58.xyz", "model": "28.xyz", "model_rescale": 4.156811204709835, "target_rescale": 3.9875132273270233},
{"mapping": [5, 8, 6, 4, 9, 7, 0, 2, 3, 11], "R": [[0.5698322557541979, 0.685137442711617, -0.4537376829145538], [-0.12718217617769875, -0.47197066036952223, -0.8723923370898337], [-0.8118595287146584, 0.5548246392734761, -0.1818068351032765]], "T": [-0.06036542229413393, 0.014960835798793756, -0.1041311280058457], "aligned_model": [[-0.5187328025926287, 0.0035455599758870276, 0.1369716144593417, 0.6771021737467737, -0.1754169428780915, -0.6905201724322457, -0.69102902014251, -0.33925143925251194, 0.26605734477266935, -0.0258009415460959], [0.01579603284794395, -0.6682081705706656, -0.07667861514726085, 0.20561233094957526, -0.5057753096106768, -0.45725958264801675, 0.5425030155324911, 0.3727248185912401, 0.4775590961981737, 0.012446714483399554], [-0.5004127492128706, -0.1907674434416115, -0.6951432037410538, -0.18662372114835707, 0.5236801274641398, 0.11234100606609182, -0.16427090997883326, 0.38795307462024775, 0.4835961129875651, -0.01156556664021878]], "inverted": false, "swapped": true, "error_lsq": 0.05904662100813224, "error_max": 0.32647494978680713, "target": "58.xyz", "model": "29.xyz", "model_rescale": 4.117894457231895, "target_rescale": 3.9875132273270233},
