[{"mapping": [5, 1, 9, 0, 11, 3, 6, 8, 7, 4, 2, 13], "R": [[0.9657210921164419, -0.09850010305506973, 0.24016765381617855], [0.1067209389375165, -0.6927440541569525, -0.7132435184580961], [0.23662927425346597, 0.7144252271080089, -0.6584855210541443]], "T": [-0.17295206739543972, -0.17205818898299471, -0.08488282841634925], "aligned_model": [[0.09497232563773728, -0.3909036765395211, -0.5876391172967754, -0.45814634748494804, -0.32127791981739884, 0.2352025280927476, 0.5801052518177345, 0.16910580853662455, -0.1877761666684317, 0.40722753685519036, 0.18533012077683636, -0.20092245491810168], [-0.4350045690543136, -0.7063254880987883, 0.241757912877865, -0.46416332217736855, 0.19717641509044895, -0.45871111977721357, -0.047460529263304255, 0.4494790278913672, 0.5734430486023759, 0.5032541767823738, -0.16823497390109224, -0.011778612569482233], [-0.7417519030931761, -0.0948659436612321, 0.3550422291207682, 0.5699081675100999, -0.6582300962229617, 0.07145088274887373, -0.12877338958269866, -0.4123992847595644, 0.039224517518104796, 0.2626068290801636, 0.5954681854541579, -0.09312764872587409]], "inverted": true, "swapped": false, "error_lsq": 0.04953148761117535, "error_max": 0.3213653661034155, "target": "582.xyz", "model": "0.xyz", "model_rescale": 3.8414455957264533, "target_rescale": 3.71587410633404},
{"mapping": [9, 2, 1, 5, 0, 6, 8, 13, 11, 12, 10, 14], "R": [[-0.8133084934256201, -0.5509543136007083, -0.1870257705411753], [0.4965995577411587, -0.8248227966086721, 0.27028916634955047], [-0.3031801012154883, 0.12695155973607258, 0.9444390545226011]], "T": [-0.14303778329072397, -0.10084912149466994, -0.08714087064695353], "aligned_model": [[0.20860333024318384, -0.38927239148640624, -0.6749875542730439, -0.2631998273439339, -0.5930477920227482, 0.21547539304426672, 0.63964288740492, 0.21501644253806113, -0.10759532193438054, 0.3054127686607298, 0.1423647205314303, -0.17313476637038527], [-0.3355189099212574, -0.7941782500160989, 0.44365450520129035, -0.5146103665847495, 0.28386393596828113, -0.7617769268807417, 0.006508234068484303, 0.3775901068962847, 0.7425216512137206, 0.41156125546156497, -0.13258795395608675, -0.053595315047823014], [-0.6226670583034447, -0.1443069872621763, 0.3240076825981546, 0.41154289709865405, -0.5054759336833651, 0.12421170739596818, -0.0734381911106594, -0.5537671415985013, 0.030055433920341768, 0.2572676831217915, 0.5340832094855067, -0.016960756275609196]], "inverted": true, "swapped": false, "error_lsq": 0.03817944872598634, "error_max": 0.244363182983651, "target": "582.xyz", "model": "1.xyz", "model_rescale": 4.316132596720782, "target_rescale": 3.71587410633404},
{"mapping": [0, 2, 6, 8, 4, 1, 9, 5, 3, 7, 10, 11], "R": [[-0.27242831347252977, -0.031408932976060344, -0.9616632949987323], [0.7353062635450068, -0.6514178754953734, -0.1870279398287204], [-0.6205703125432238, -0.7580687504536774, 0.2005598583356255]], "T": [0.013672737922488909, -0.043968388379829235, -0.008833453272601799], "aligned_model": [[0.058241241121021026, -0.49521347440130903, -0.6944268894334089, -0.32225837096265536, -0.5891570600160781, 0.2114582760045277, 0.7515984645339137, 0.2840133468543934, -0.13700368347647432, 0.5198188058123282, 0.04202763407564167, -0.10382040112020649], [-0.29738856371144856, -0.6654471819501667, 0.20448964332889363, -0.5448668852298915, 0.1298033091023469, -0.5482863878954685, -0.1129361818065034, 0.2996015866415151, 0.594996125176651, 0.644607185650877, -0.03172023859800025, 0.0005795556940640378], [-0.6704269250088175, -0.24446947300239222, 0.3272610084749494, 0.46369919295349454, -0.45686175930722356, 0.02495263402601077, -0.03453502339718826, -0.48279073968474084, -0.014995862626432547, 0.25600792677910844, 0.6206757057396839, -0.023964139559791035]], "inverted": true, "swapped": false, "error_lsq": 0.03393927248939744, "error_max": 0.19970387407035028, "target": "582.xyz", "model": "2.xyz", "model_rescale": 3.795458400668931, "target_rescale": 3.71587410633404},
{"mapping": [7, 0, 2, 4, 1, 7, 9, 8, 6, 3, 5, 11], "R": [[-0.8482265730936106, -0.17810618950286916, -0.49878839797918073], [0.4293350844149838, 0.3202350562473968, -0.8444648566048236], [0.31013394846138387, -0.9304448903675029, -0.19516464844012354]], "T": [-0.16947441172920935, -0.02208027604602546, 0.07088660414734993], "aligned_model": [[0.183591964097231, -0.6588659250470649, -0.7896074128858341, -0.12866000463042987, -0.4881512329492635, 0.183591964097231, 0.696862167179146, 0.2362395834297772, -0.13484259955560965, 0.40005725749390336, 0.21546093374437808, -0.19039880598177117], [-0.5013505621621551, -0.593952272901184, 0.4010339349315872, -0.5722925957453483, 0.12128683385887352, -0.5013505621621551, -0.08316793741878457, 0.42414273838080285, 0.5622303359399786, 0.5218452911453733, 0.046585892934074544, -0.1515791303981942], [-0.40759685818224595, -0.14281016719254067, 0.2262401903957788, 0.3973147290812497, -0.45271610533212703, -0.40759685818224595, 0.08773511982818236, -0.42594748542310573, 0.0024903840250533327, 0.20068907193367158, 0.6547824446805312, 0.03196807975445992]], "inverted": true, "swapped": false, "error_lsq": 0.05678969407771991, "error_max": 0.4303804043314332, "target": "582.xyz", "model": "3.xyz", "model_rescale": 3.7530521520055578, "target_rescale": 3.71587410633404},
{"mapping": [5, 0, 1, 4, 3, 7, 10, 6, 9, 8, 11], "R": [[0.986066689212975, -0.16334912086860454, -0.03145709993016482], [-0.11194089024428154, -0.7914547381488684, 0.6008898689052964], [-0.12305170261268256, -0.588996147842378, -0.7987125993190289]], "T": [-0.030624791392776733, -0.034025534246294904, 0.08064786424584691], "aligned_model": [[-0.3449481734902143, -0.31140510660544185, 0.3678071018260113, 0.5463675702362749, 0.24883820288551012, -0.22850876688009966, -0.2572163262708011, -0.707406537637275, -0.28855143315595994, 0.23434145342350232, 0.07888161811369826], [-0.5118887270824029, 0.040992692034329974, -0.4263087094777121, 0.30382967934215854, -0.7683939792228902, 0.5946213269901235, -0.4357718902016828, 0.049048741903328745, 0.25098133710227494, 0.4504372707916316, -0.08034438386481327], [-0.2653175132802956, -0.6311397385345257, -0.5343042455809476, -0.26933522278443767, 0.08501562350911235, -0.1354480827291472, 0.5666130921548778, 0.10492467354728252, 0.6834515773614389, 0.431433563002942, 0.05693705057901653]], "inverted": true, "swapped": true, "error_lsq": 0.04798371605395069, "error_max": 0.2624086459081224, "target": "582.xyz", "model": "4.xyz", "model_rescale": 3.7855080009869324, "target_rescale": 3.71587410633404},
{"mapping": [13, 6, 0, 7, 1, 8, 15, 14, 2, 9, 10, 16], "R": [[0.9303520993989177, 0.32984925469647075, 0.16013881578246225], [0.3606925586551868, -0.7447733406390135, -0.5614388205353982], [-0.0659230557149867, 0.5800966645737478, -0.8118756126868277]], "T": [-0.12538736035500742, -0.035205659930300795, -0.0461310484866052], "aligned_model": [[0.15900808458208127, -0.39188517283275104, -0.7604315251254592, -0.3533442625765697, -0.7585516437611111, 0.3172542248609932, 0.6943178154334759, 0.289967410722819, -0.15955888868515436, 0.33598865939856226, 0.24614432472295938, -0.09363113774815182], [-0.42407142273008813, -0.6146217599107516, 0.34489298354013465, -0.5396430923737958, 0.2375113736294212, -0.5772037190990684, -0.1212296169971364, 0.3828147524882045, 0.7010376637731577, 0.43652057062219907, -0.1586840988622244, 0.006108332322816261], [-0.587213563724876, -0.18517408892726914, 0.20027879982195484, 0.4587927074956938, -0.3589126796841401, 0.028811628663170004, -0.04731860142890614, -0.3784512968573875, -0.09676465918501631, 0.22130221618726809, 0.568426968446171, -0.05922488542000162]], "inverted": false, "swapped": false, "error_lsq": 0.0374179999193714, "error_max": 0.22767856810624218, "target": "582.xyz", "model": "5.xyz", "model_rescale": 4.2253639853439635, "target_rescale": 3.71587410633404},
{"mapping": [10, 4, 0, 3, 1, 2, 5, 8, 9, 11, 6, 13], "R": [[0.5072508332420789, -0.2734729387350776, -0.8172570855947455], [-0.5347856405005506, -0.843526974414051, -0.04966449587273543], [-0.6757965010930677, 0.4622497108873921, -0.5741291613347035]], "T": [-0.05736131369546634, 0.04957775119093584, 0.03515289147026167], "aligned_model": [[0.20978582607620314, -0.47423574273373287, -0.801281322103595, -0.29213933571306816, -0.506412554869581, 0.18059792156802226, 0.5392294342302264, 0.2428010278946984, -0.3010961525448185, 0.5600706422812529, 0.24218579248714558, -0.0742276475810596], [-0.2944035863065335, -0.4966760558883622, 0.2499146267559581, -0.41295873010194195, 0.030564975334204318, -0.5772575060206588, -0.12087724300079168, 0.4638699159217175, 0.5859235126888988, 0.40650796471512846, -0.16712659504439203, 0.005950687349641694], [-0.6120114767967245, -0.1343575827545428, 0.25766313102227417, 0.5188353870694384, -0.5451033270336638, 0.010161398787309414, -0.0904092082861754, -0.49788504951751, -0.12460623953524198, 0.3464925632525858, 0.5614880751920526, 0.07428487398685935]], "inverted": true, "swapped": false, "error_lsq": 0.04404918598833447, "error_max": 0.24341900361870475, "target": "582.xyz", "model": "6.xyz", "model_rescale": 3.89814844738969, "target_rescale": 3.71587410633404},
{"mapping": [11, 4, 0, 2, 7, 10, 9, 8, 3, 6, 5, 12], "R": [[0.7537221012099482, -0.5524952213464452, -0.3558820373902044], [0.6454862416262604, 0.7241148515525898, 0.24290984671720411], [0.12349293914578836, -0.4128034788495769, 0.9024094313729336]], "T": [-0.13292636888457593, -0.01751161433193019, -0.021579297168451073], "aligned_model": [[0.16276521930547538, -0.5030973923749527, -0.5318623521883412, -0.35380603941302663, -0.5845668534438945, 0.18446913532396453, 0.7509371363947979, 0.2614496587101834, -0.2977121719575759, 0.19725722085180936, 0.3553416753716676, -0.11589734758841372], [-0.3062469942770514, -0.512061652422295, 0.27180424528988306, -0.5287106313043696, 0.1822425609886996, -0.6635047900962848, -0.1332310343857516, 0.3357816962415469, 0.7658258830972903, 0.5072766850664788, -0.06240716063268098, -0.18333684116259696], [-0.7176674627513759, -0.20567020291118338, 0.30729271755012894, 0.41595422236419116, -0.4544693775525538, 0.12283875511801333, 0.03621515665092025, -0.44269467076260516, -0.12932873288309174, 0.2485167763148533, 0.5802141149800769, 0.0033512492692869163]], "inverted": true, "swapped": false, "error_lsq": 0.04006326091945285, "error_max": 0.22700058606774765, "target": "582.xyz", "model": "7.xyz", "model_rescale": 3.7474275329858107, "target_rescale": 3.71587410633404},
{"mapping": [0, 1, 13, 2, 12, 3, 5, 10, 11, 9, 8, 14], "R": [[0.6526326283014918, 0.6983068937203, -0.29400363035002325], [0.00886311633327952, -0.3950438325350703, -0.918619516200732], [-0.7576226617816748, 0.5969152808889295, -0.26400766995703134]], "T": [-0.0407922788987152, 0.00012535116501741564, -0.05332328521714747], "aligned_model": [[0.05807014981087555, -0.49805697594190357, -0.7926281558308281, -0.3100824587179283, -0.5204977513422868, 0.40471345756573807, 0.6488562988356366, 0.11455801533478516, -0.03488819249768488, 0.3591707252213121, 0.183944084158207, -0.08788130760422903], [-0.4384332904518885, -0.5608725561121989, 0.34513651427936554, -0.6608768900180264, 0.2837930761949186, -0.5564260933087787, -0.02206280470144031, 0.2887913408111771, 0.6184917853163887, 0.5304547880170002, -0.13555098204703012, -0.019012921576618047], [-0.5350968582571567, -0.2557885042510299, 0.298560133228187, 0.3929371007166428, -0.31800781495662017, 0.02355106301429214, 0.13880685034237206, -0.7372835122709072, -0.11710455573251352, 0.319665620558803, 0.5761970207163508, -0.021883997721759404]], "inverted": true, "swapped": false, "error_lsq": 0.04411116142834725, "error_max": 0.22480099450574742, "target": "582.xyz", "model": "8.xyz", "model_rescale": 4.019505241142653, "target_rescale": 3.71587410633404},
{"mapping": [7, 9, 6, 11, 1, 8, 4, 0, 2, 3, 5, 12], "R": [[0.4324090899257361, -0.8914524988252801, -0.13540613460165177], [-0.09275890891815364, 0.10539552537257724, -0.9900947268053457], [0.8968936189793695, 0.4406860850646437, -0.037116177934793715]], "T": [-0.19486740425417626, 0.00017292503851684682, -0.011666167052138403], "aligned_model": [[0.3585588153042898, -0.4577918091517792, -0.6313467812837958, -0.2982405791269651, -0.572776474965876, 0.06823273331749286, 0.6308876088747237, 0.21253034153372286, -0.16155223764034154, 0.4294367407227455, 0.12663124012636545, -0.17929170871888933], [-0.3774374916766108, -0.5873871132116198, 0.24598491623043198, -0.4626733184279489, 0.14489248930839016, -0.6208075138937291, -0.05147213716918091, 0.22359928538977947, 0.5897570351401886, 0.5377811553188484, 0.04400830935548221, -0.012813649961162927], [-0.6205288632071484, -0.2418487471731847, 0.5147595697626551, 0.39124432625709554, -0.5525416464019736, -0.04770147556179034, -0.06694832588456699, -0.4663680653307973, 0.023729298840690256, 0.23263392103882316, 0.5759066368498252, 0.022215916197033225]], "inverted": false, "swapped": false, "error_lsq": 0.03642814411641927, "error_max": 0.21934198964891105, "target": "582.xyz", "model": "9.xyz", "model_rescale": 3.877068213659057, "target_rescale": 3.71587410633404},
{"mapping": [7, 9, 6, 11, 13, 8, 1, 4, 3, 5, 0, 15], "R": [[0.2541533492258925, 0.48203861346025684, 0.838477698099702], [-0.629117954704625, 0.7408636439466154, -0.23522682701259334], [-0.7345860563239213, -0.46771768858089624, 0.4915521230175014]], "T": [-0.21675332564946698, -0.022784949612117165, -0.03770059467301925], "aligned_model": [[0.3839728220762452, -0.4575964177639665, -0.6481080424820469, -0.2513532931677553, -0.7398103434595387, 0.13938418265270663, 0.6497783867843618, 0.13391028784841685, -0.14112058042179484, 0.350654809020088, 0.2702451341368837, -0.16467905623190665], [-0.27405957972250733, -0.6146048441530174, 0.34717079771386194, -0.45820534041436173, 0.2856568056358307, -0.7071854578451431, 0.003287145151333295, 0.2915913911204431, 0.6070596692186192, 0.42398979735014763, -0.19190625713315948, -0.0393621605191785], [-0.5299157154467731, -0.20319718468616008, 0.20182065367795493, 0.5571667870055009, -0.5161496888333811, -0.02848347371291606, -0.0009630467883710789, -0.5238006114403333, -0.05605234411321133, 0.2613575542381084, 0.5689265718319813, 0.03384304365426164]], "inverted": true, "swapped": false, "error_lsq": 0.03959191651812659, "error_max": 0.24617215481069185, "target": "582.xyz", "model": "10.xyz", "model_rescale": 4.260839863003843, "target_rescale": 3.71587410633404},
{"mapping": [3, 0, 7, 6, 1, 5, 4, 2, 8, 9, 10, 11], "R": [[-0.8984776182628353, 0.2519628590686136, 0.3595172974012696], [0.18165412426366145, -0.5321551941228777, 0.8269296393926417], [0.39967455337905267, 0.808285572689512, 0.43235943885064265]], "T": [-0.031776479994728636, 0.014424125833974465, -0.012477681212564465], "aligned_model": [[0.03934325946623304, -0.6991767858144364, -0.6331776194055097, -0.28011831313769703, -0.465211800338588, 0.29094433059863, 0.6986638911102274, 0.2388803439489571, -0.1539114650889511, 0.4974783098823784, 0.0828629578534982, -0.0912992200830487], [-0.3713520478851313, -0.546645454768963, 0.05574979121296261, -0.6626285323769455, 0.172526728618965, -0.5775820076228253, -0.024888894434266413, 0.3148668060442555, 0.7179141322414397, 0.5411988941256798, 0.03896258695550904, 0.015309964292188397], [-0.6040449198781433, -0.11153335731864282, 0.24484407880520723, 0.41551924234523946, -0.569611447208056, 0.032142029761319045, 0.019368971651812707, -0.5664056600168748, 0.06366864738968382, 0.2670414988817011, 0.6036306333375885, -0.03006717236417352]], "inverted": false, "swapped": false, "error_lsq": 0.04527117245966058, "error_max": 0.27687004343690685, "target": "582.xyz", "model": "11.xyz", "model_rescale": 3.890672605050136, "target_rescale": 3.71587410633404},
{"mapping": [5, 8, 1, 3, 6, 7, 12, 9, 11, 2, 4, 13], "R": [[-0.03400814191927615, -0.4257551576132573, -0.9041990887237772], [0.26004553272743874, -0.8773295840003676, 0.403322602820924], [-0.9649972886965545, -0.22141668140285345, 0.1405520757756582]], "T": [-0.1117020977808884, 0.06715618983865561, -0.045586961874834436], "aligned_model": [[0.2180830872247031, -0.5072679603999563, -0.719996663505599, -0.2719548991657362, -0.5488052234921336, 0.316861738012792, 0.6062736816335751, 0.1738154616515618, 0.007076582779979676, 0.11231884524372408, 0.13476359522750836, 0.004109643781274541], [-0.37173543695328254, -0.5106783132112344, 0.4013748354870534, -0.6575988387138825, 0.2416716035766932, -0.6694624424878144, -0.12171056747212862, 0.282156228167154, 0.6040071981484688, 0.524115857185618, -0.012532864493039295, -0.036175292830737574], [-0.5965752135806341, -0.2153691201060588, 0.30594384559582644, 0.5040605108184854, -0.37806789637011995, -0.01931531488250461, -0.10861294780267072, -0.7370167289487456, -0.0666768603148048, 0.4509677815031792, 0.6055361913110682, 0.019678298163640334]], "inverted": true, "swapped": false, "error_lsq": 0.04390448953872702, "error_max": 0.2896896412448711, "target": "582.xyz", "model": "12.xyz", "model_rescale": 4.124412569039231, "target_rescale": 3.71587410633404},
{"mapping": [6, 1, 4, 2, 0, 8, 9, 3, 5, 7, 10, 12], "R": [[0.2641255252709489, -0.06328449588415533, 0.9624098812257874], [0.002532652402396994, 0.9978871094125601, 0.06492228076750216], [-0.9644849882565069, -0.014710181811727436, 0.26372773456523674]], "T": [0.007268831557775732, 0.036286820592105334, -0.07098525277700399], "aligned_model": [[0.18294525550759744, -0.48378104521043114, -0.6840280234043198, -0.34787000355933306, -0.40308454511010877, 0.21161447445290438, 0.6346417013528755, 0.19412256848633025, -0.2329960728475829, 0.3787144287818543, 0.08809797567611848, -0.013098825134210922], [-0.4171611564250307, -0.5586739853329781, 0.09795531033629823, -0.5360638665013392, 0.3114828884825088, -0.6408553709151027, -0.06764950949005498, 0.2335318874144353, 0.7163443000874198, 0.471946263910365, 0.05237737959575156, 0.010197825240595277], [-0.5304801286911419, -0.331284997009758, 0.29858464783952743, 0.46631039435243826, -0.3753610466058681, 0.04991731795263263, -0.13611430569891733, -0.7304800900395986, 0.1604029045815272, 0.18456648810244283, 0.662375105893655, 0.04611625470972193]], "inverted": true, "swapped": false, "error_lsq": 0.045371724766047304, "error_max": 0.24806381690263357, "target": "582.xyz", "model": "13.xyz", "model_rescale": 3.9028299243045295, "target_rescale": 3.71587410633404},
{"mapping": [9, 11, 2, 12, 6, 14, 10, 7, 3, 4, 5, 15], "R": [[0.15764967553803266, -0.37777435163050344, 0.9123777282753597], [-0.4169482252607446, -0.8629988537506424, -0.2852843421518131], [0.8951540410759863, -0.3354392905955266, -0.2935638347448498]], "T": [-0.1380253212179376, 0.02740937639815381, 0.13833074526144662], "aligned_model": [[-0.009454625506138015, -0.3557435095529842, -0.786127125666729, -0.32033940216140566, -0.4485838191455978, 0.2682173247708944, 0.5840850514381608, 0.3976603989086474, -0.19049096049705616, 0.3511524368768268, 0.1362329118590636, -0.10133079233198866], [-0.21743144084071964, -0.6154038021937986, 0.2972270472885475, -0.5266730444959817, 0.17975591067634059, -0.705980230584089, -0.08122582028663278, 0.256273146174509, 0.6070025206175821, 0.4821093685325826, -0.017563083851506314, 0.015341395366034696], [-0.5858018440353249, -0.1536396234997378, 0.36039435124245445, 0.5177968645747771, -0.4315396041230233, -0.14478981162797594, -0.010355521060305184, -0.5554200312955154, -0.08529525749096462, 0.25372707111733833, 0.5682862465214336, 0.031189705063504505]], "inverted": false, "swapped": false, "error_lsq": 0.04222366592669862, "error_max": 0.282316450840678, "target": "582.xyz", "model": "14.xyz", "model_rescale": 3.942246331269136, "target_rescale": 3.71587410633404},
{"mapping": [7, 9, 3, 10, 5, 6, 8, 0, 12, 13, 11, 14], "R": [[-0.6987400125863125, 0.36314868408861434, 0.6163484631728937], [-0.44038633518751824, -0.8973254697611969, 0.02944277666856021], [0.5637572798563111, -0.25085859475520395, 0.786922928148912]], "T": [-0.12776220364640856, -0.0032497081883983113, 0.021472472473992053], "aligned_model": [[0.21156049808569632, -0.3754178837382869, -0.6616401481883488, -0.4060166389431848, -0.6386158681324353, 0.20197695466769033, 0.6255993744420213, 0.16239456957026033, -0.024051988161389024, 0.20525350885664573, 0.3375713842537377, -0.11333587372071335], [-0.47185731248078966, -0.723200927111433, 0.45801867642694827, -0.5009784491024781, 0.060137303357126706, -0.4548431096824656, -0.023703938036709393, 0.19931008171190392, 0.8057546025882371, 0.485495564163378, -0.21125847856741684, 0.05055795313656716], [-0.6080086832547635, -0.24025106987905578, 0.15841679760894778, 0.450239408872916, -0.34972852218744443, 0.01029765526077641, -0.1542229555519368, -0.6231173671451984, 0.07469346937954319, 0.5792882489496914, 0.5257620996466474, -0.05881653631346229]], "inverted": false, "swapped": false, "error_lsq": 0.05243319332115783, "error_max": 0.3220532469875247, "target": "582.xyz", "model": "15.xyz", "model_rescale": 4.355366556412066, "target_rescale": 3.71587410633404},
{"mapping": [0, 2, 6, 8, 4, 1, 9, 5, 3, 7, 10, 11], "R": [[-0.27242831347252977, -0.031408932976060344, -0.9616632949987323], [0.7353062635450068, -0.6514178754953734, -0.1870279398287204], [-0.6205703125432238, -0.7580687504536774, 0.2005598583356255]], "T": [0.013672737922488909, -0.043968388379829235, -0.008833453272601799], "aligned_model": [[0.058241241121021026, -0.49521347440130903, -0.6944268894334089, -0.32225837096265536, -0.5891570600160781, 0.2114582760045277, 0.7515984645339137, 0.2840133468543934, -0.13700368347647432, 0.5198188058123282, 0.04202763407564167, -0.10382040112020649], [-0.29738856371144856, -0.6654471819501667, 0.20448964332889363, -0.5448668852298915, 0.1298033091023469, -0.5482863878954685, -0.1129361818065034, 0.2996015866415151, 0.594996125176651, 0.644607185650877, -0.03172023859800025, 0.0005795556940640378], [-0.6704269250088175, -0.24446947300239222, 0.3272610084749494, 0.46369919295349454, -0.45686175930722356, 0.02495263402601077, -0.03453502339718826, -0.48279073968474084, -0.014995862626432547, 0.25600792677910844, 0.6206757057396839, -0.023964139559791035]], "inverted": true, "swapped": false, "error_lsq": 0.03393927248939744, "error_max": 0.19970387407035028, "target": "582.xyz", "model": "16.xyz", "model_rescale": 3.795458400668931, "target_rescale": 3.71587410633404},
{"mapping": [11, 4, 0, 2, 7, 10, 9, 8, 3, 6, 5, 12], "R": [[0.7537221012099482, -0.5524952213464452, -0.3558820373902044], [0.6454862416262604, 0.7241148515525898, 0.24290984671720411], [0.12349293914578836, -0.4128034788495769, 0.9024094313729336]], "T": [-0.13292636888457593, -0.01751161433193019, -0.021579297168451073], "aligned_model": [[0.16276521930547538, -0.5030973923749527, -0.5318623521883412, -0.35380603941302663, -0.5845668534438945, 0.18446913532396453, 0.7509371363947979, 0.2614496587101834, -0.2977121719575759, 0.19725722085180936, 0.3553416753716676, -0.11589734758841372], [-0.3062469942770514, -0.512061652422295, 0.27180424528988306, -0.5287106313043696, 0.1822425609886996, -0.6635047900962848, -0.1332310343857516, 0.3357816962415469, 0.7658258830972903, 0.5072766850664788, -0.06240716063268098, -0.18333684116259696], [-0.7176674627513759, -0.20567020291118338, 0.30729271755012894, 0.41595422236419116, -0.4544693775525538, 0.12283875511801333, 0.03621515665092025, -0.44269467076260516, -0.12932873288309174, 0.2485167763148533, 0.5802141149800769, 0.0033512492692869163]], "inverted": true, "swapped": false, "error_lsq": 0.04006326091945285, "error_max": 0.22700058606774765, "target": "582.xyz", "model": "17.xyz", "model_rescale": 3.7474275329858107, "target_rescale": 3.71587410633404},
{"mapping": [7, 2, 4, 0, 9, 1, 11, 12, 5, 10, 3, 13], "R": [[0.7440994875003284, -0.5771971768467152, 0.33639169392529694], [0.6071147458999488, 0.37409840103777436, -0.7010435590259861], [0.2787967682965307, 0.7258745107669525, 0.6287913458423615]], "T": [-0.04535835782348069, -0.033078701478269266, 0.007635963505290659], "aligned_model": [[0.23896184548360394, -0.40349052861086077, -0.7559056033313607, -0.5372893081703882, -0.47007435205945325, 0.21638974363571378, 0.6668064485155758, 0.1356535971482231, -0.1805010114647237, 0.35806028986435623, 0.3783078227617469, -0.12164105478073936], [-0.2853747401514496, -0.6108412520708562, 0.30161687193326664, -0.4892113782125073, 0.16887698369674778, -0.6569051577228354, -0.10246266382218569, 0.4368071789142714, 0.6775071574298372, 0.481828591375523, -0.14236731715949122, -0.10604230780745233], [-0.6426931938431528, -0.1967277005584317, 0.27657332993192474, 0.5067244447257218, -0.4683413377620217, 0.15202052182622217, -0.0910748068673824, -0.5452463520723997, 0.0027230257970353652, 0.2280066623904931, 0.5264347175709126, 0.016153234247739373]], "inverted": true, "swapped": false, "error_lsq": 0.036116086629752964, "error_max": 0.19277672851912814, "target": "582.xyz", "model": "18.xyz", "model_rescale": 3.922800546911778, "target_rescale": 3.71587410633404},
{"mapping": [4, 8, 0, 12, 1, 13, 11, 10, 2, 9, 7, 14], "R": [[0.849147388225493, -0.14007338194601449, 0.5092427326334956], [0.526374074667949, 0.3035795420227943, -0.7942101706618285], [-0.04334797097078924, 0.9424536642909487, 0.3315147720347907]], "T": [-0.1754293313160739, -0.09423943126829125, -0.05692444986243441], "aligned_model": [[0.28537089831392476, -0.42932011805098325, -0.7498476854700129, -0.3043286956074629, -0.7053901237739628, 0.2196851740361641, 0.5359246852378032, 0.33296073434868995, -0.13035525038837897, 0.2797614106120493, 0.3089546108594398, -0.11813775112557691], [-0.31679246198843863, -0.5809929732245834, 0.35913067931115245, -0.5352492475482011, 0.24471919936066022, -0.6510170538623984, -0.1269886375592736, 0.337072537394973, 0.6200627716579712, 0.5275536801337025, -0.12244136429893791, -0.08162516297375783], [-0.5687842314260796, -0.32711162910258945, 0.34673596796564643, 0.5814401327990326, -0.44709316864367915, 0.018553715582252363, -0.04481803054120314, -0.5109180336105997, -0.08641432797337606, 0.2055977415632356, 0.5777312572689982, 0.01963315150502292]], "inverted": false, "swapped": false, "error_lsq": 0.03370146446465103, "error_max": 0.1732401089075248, "target": "582.xyz", "model": "19.xyz", "model_rescale": 3.9282355846067225, "target_rescale": 3.71587410633404},
{"mapping": [7, 12, 11, 10, 9, 2, 5, 6, 4, 3, 1, 13], "R": [[-0.20862922812676749, 0.20205650471242925, 0.9568944633942791], [0.8439720157614778, -0.4571716033582047, 0.28054475880756774], [0.49415086945460013, 0.8661219856269002, -0.0751506768497685]], "T": [-0.062228430053069134, 0.0694137382283093, -0.12245721549275604], "aligned_model": [[0.08670830271725133, -0.573434319318509, -0.6395343124439488, -0.4331103585574303, -0.7063977388242567, 0.30363343963306144, 0.630452348757757, 0.3921863007555454, -0.2049248995957175, 0.4025604340338298, 0.3086983027599649, -0.041559610925854], [-0.3866843843986164, -0.5399694866790404, 0.2507352504653515, -0.527519961303933, 0.010295886401010382, -0.6041996602976909, -0.009917661384869256, 0.3311520061657439, 0.6619985155619472, 0.5198349885601168, -0.057368969359645486, 0.025075442672494758], [-0.5198111239264327, -0.4226487697533893, 0.26121399620146857, 0.3758911591038727, -0.3673567999561859, 0.17938097293922275, -0.08258216126039883, -0.5121293668948164, 0.04442251422993676, 0.2615311674199281, 0.5161665393487999, 0.030474417934655135]], "inverted": true, "swapped": false, "error_lsq": 0.04056087754283524, "error_max": 0.2190450079587186, "target": "582.xyz", "model": "20.xyz", "model_rescale": 4.067790424073018, "target_rescale": 3.71587410633404},
{"mapping": [4, 0, 12, 7, 3, 8, 5, 6, 11, 13, 1, 14], "R": [[-0.8099145066182207, 0.48116961095835387, 0.33543150934214677], [0.12551601084375874, -0.416449839096313, 0.9004528097232661], [0.572960926234271, 0.7713918180839369, 0.27689427585619186]], "T": [-0.04866640458681558, -0.010570496390561183, -0.027822862064913613], "aligned_model": [[0.3979444631281701, -0.534738799979343, -0.6995957368119775, -0.21503182849712765, -0.681397359550947, 0.18290459034699624, 0.531627436389137, 0.16196613172627122, -0.21941610702910175, 0.38178965792285274, 0.28197163818026283, -0.06274619683349957], [-0.39769240342079376, -0.5111729441155967, 0.2883536865511712, -0.5736157793685783, 0.2943781026007931, -0.5259076167607737, -0.11518746959820277, 0.31699427233212796, 0.6127049127443922, 0.46559883536378865, -0.21530129366248696, 0.03427966373702768], [-0.5692541658075233, -0.16044580612073137, 0.2441131675435402, 0.4325753484573828, -0.5078258904451608, 0.049445652861640065, 0.00011399352288319828, -0.6570224803366819, -0.047936475929039775, 0.2516299082246047, 0.6947204837645086, 0.03443880965123856]], "inverted": false, "swapped": false, "error_lsq": 0.0403309679732389, "error_max": 0.20735934023401884, "target": "582.xyz", "model": "21.xyz", "model_rescale": 4.186013935880536, "target_rescale": 3.71587410633404},
{"mapping": [0, 5, 8, 3, 2, 6, 7, 1, 9, 10, 4, 12], "R": [[0.8935026645327008, 0.44290965574461155, -0.07405420529013922], [0.43904753709473937, -0.8962501649031122, -0.06303096129830266], [-0.09428811507293934, 0.023805015423947112, -0.9952603039389535]], "T": [-0.08241129293715846, 0.014224921299011779, 0.014302197629018118], "aligned_model": [[0.05179394596336437, -0.615340670549833, -0.7128953494998366, -0.23583707944416338, -0.6207359986091301, 0.2227388223250055, 0.6442562226227242, 0.23554850429661608, -0.08919071787256544, 0.42603534458423375, 0.3026170538795522, -0.08371218870427392], [-0.3655548141417732, -0.5173628553799294, 0.45016864686290325, -0.7979052605358349, 0.03413269353256958, -0.4502288169553301, 0.10241999986991202, 0.24372440957285788, 0.6348099912435847, 0.5006312293346359, -0.14461079181467085, -0.016792465186056333], [-0.5853183051946866, -0.16441403072689736, 0.02484037894081323, 0.4256946507977584, -0.4951184485298055, 0.046223682466820425, -0.03569470054230795, -0.6032371032721033, 0.031004610561494686, 0.46284467380514277, 0.6093992797557283, 0.048327857324703745]], "inverted": true, "swapped": false, "error_lsq": 0.05077358701654907, "error_max": 0.3188699456689285, "target": "582.xyz", "model": "22.xyz", "model_rescale": 4.166573947596378, "target_rescale": 3.71587410633404},
{"mapping": [2, 6, 14, 5, 12, 1, 4, 3, 9, 8, 7, 15], "R": [[-0.5388189055845759, -0.7194347687446897, -0.438278222714653], [0.3126955654264857, -0.6538952737094024, 0.6889429979200866], [-0.7822376047897791, 0.23416785548358424, 0.5772951975471206]], "T": [-0.08707495301649938, 0.06258933189291724, -0.01774431277819848], "aligned_model": [[0.13093489479788428, -0.3771393825535317, -0.7823418235093634, -0.23851055888871076, -0.6553423077479027, 0.16292663268773516, 0.6302894008687677, 0.2561699313080117, -0.12291355802084543, 0.5419852601679024, 0.05447533215481891, -0.07525593227307234], [-0.3022455287805067, -0.5808449253219496, 0.36487170197773844, -0.5718209453025898, 0.04953729512699589, -0.6046055558311333, -0.04026568746327755, 0.30178274710285447, 0.6603760354594806, 0.48253145563673083, -0.0816042673697022, -0.004280358831772746], [-0.5394496605392161, -0.3022836164368889, 0.2085455693447284, 0.49767089718769103, -0.34375537564578207, -0.03893982662904592, -0.1388341229713106, -0.449480472395764, -0.060356725435289096, 0.2686313166233212, 0.6682304464876403, -0.005425884203423447]], "inverted": false, "swapped": false, "error_lsq": 0.03980791467576128, "error_max": 0.19292338435781492, "target": "582.xyz", "model": "23.xyz", "model_rescale": 4.274766983524099, "target_rescale": 3.71587410633404},
{"mapping": [10, 8, 2, 3, 4, 1, 5, 0, 6, 7, 11], "R": [[-0.9354630291270075, -0.3415962460753327, -0.09066932118288014], [0.2916846139107968, -0.8910738546084552, 0.3477175170176779], [-0.19957206002903544, 0.2988300358070963, 0.9332050163577652]], "T": [0.04594279717026081, 0.11417321247644703, -0.01944602108005706], "aligned_model": [[0.3017789017698659, 0.10874619039495538, -0.45212577007304167, -0.42918595711435237, -0.48018453508652703, -0.6630256272892786, 0.029762556317565823, 0.03583300491017865, 0.6666015441087852, 0.3344072684236935, -0.07271287240376992], [-0.23300938202214966, 0.7272152539243717, 0.48822064669770837, -0.41427432040054896, 0.581708547477668, -0.19329458507308173, -0.5128733819970184, -0.0885960497962358, -0.09322956408630408, 0.5391481479590816, 0.11457121855999217], [-0.532201513102338, -0.23898443691333499, -0.543617765909872, -0.3547243044768171, 0.25286856301721294, 0.2865400685929486, 0.21162805841107835, 0.7220992098633386, 0.1736628575354966, 0.44664083266299337, -0.04434513565912917]], "inverted": true, "swapped": true, "error_lsq": 0.04763363594349948, "error_max": 0.21576861123798757, "target": "582.xyz", "model": "24.xyz", "model_rescale": 3.7841303162186577, "target_rescale": 3.71587410633404},
{"mapping": [13, 10, 8, 7, 9, 11, 3, 12, 2, 4, 6, 15], "R": [[0.46594596632523655, -0.4308813626871401, 0.7728102016369316], [-0.6947451581923085, -0.7190311657927964, 0.017981873845526908], [0.5479265659133401, -0.5452847273741723, -0.6343824118454804]], "T": [-0.1716389429117373, -0.024612717368523225, 0.03530760290459828], "aligned_model": [[0.31971457168436784, -0.6695520855994486, -0.5605186571829542, -0.29953132513157726, -0.4734401185177394, 0.21634872621780454, 0.6314039692801336, 0.09797900995442765, -0.22424424902794293, 0.24775591773008349, 0.35226361000300965, -0.11290148041847123], [-0.3200302068599523, -0.5749894559181916, 0.36898496891798294, -0.5515162412681701, 0.17507785138397539, -0.686544343123946, 0.03211266423391882, 0.26252585084113145, 0.7089135343041101, 0.4739976423011927, -0.17744413422578675, -0.0376561641833963], [-0.49695194643921287, -0.19797988771475677, 0.24342106430752797, 0.3942251075940852, -0.42423612263222416, 0.008110901066063492, 0.0052044486910043375, -0.6127892328899485, -0.13191963112962996, 0.3989007862230145, 0.5088000794169933, 0.06976697889374406]], "inverted": false, "swapped": false, "error_lsq": 0.04091983081544268, "error_max": 0.19488628557605225, "target": "582.xyz", "model": "25.xyz", "model_rescale": 4.19342608120988, "target_rescale": 3.71587410633404},
{"mapping": [0, 2, 6, 8, 4, 1, 9, 5, 3, 7, 10, 11], "R": [[-0.27242831347252977, -0.031408932976060344, -0.9616632949987323], [0.7353062635450068, -0.6514178754953734, -0.1870279398287204], [-0.6205703125432238, -0.7580687504536774, 0.2005598583356255]], "T": [0.013672737922488909, -0.043968388379829235, -0.008833453272601799], "aligned_model": [[0.058241241121021026, -0.49521347440130903, -0.6944268894334089, -0.32225837096265536, -0.5891570600160781, 0.2114582760045277, 0.7515984645339137, 0.2840133468543934, -0.13700368347647432, 0.5198188058123282, 0.04202763407564167, -0.10382040112020649], [-0.29738856371144856, -0.6654471819501667, 0.20448964332889363, -0.5448668852298915, 0.1298033091023469, -0.5482863878954685, -0.1129361818065034, 0.2996015866415151, 0.594996125176651, 0.644607185650877, -0.03172023859800025, 0.0005795556940640378], [-0.6704269250088175, -0.24446947300239222, 0.3272610084749494, 0.46369919295349454, -0.45686175930722356, 0.02495263402601077, -0.03453502339718826, -0.48279073968474084, -0.014995862626432547, 0.25600792677910844, 0.6206757057396839, -0.023964139559791035]], "inverted": true, "swapped": false, "error_lsq": 0.03393927248939744, "error_max": 0.19970387407035028, "target": "582.xyz", "model": "26.xyz", "model_rescale": 3.795458400668931, "target_rescale": 3.71587410633404},
{"mapping": [6, 0, 3, 2, 7, 1, 8, 5, 10, 11, 9, 12], "R": [[-0.19847080877319423, -0.3091414769719333, -0.9300757416901733], [0.6665463392889558, -0.7382912868911253, 0.10315984335553456], [-0.718557802577779, -0.5994643633413564, 0.35258638861750713]], "T": [0.0408290606433898, 0.005412882119833883, 0.1169193640129208], "aligned_model": [[0.25874636415242175, -0.5897581534958208, -0.6830526668292727, -0.3538978167947735, -0.506238439947473, 0.2699950899917169, 0.7001644719020433, 0.15965274139606217, -0.12028998623791844, 0.4705678755718445, -0.028515050360407634, -0.05209654035672938], [-0.35659571499202386, -0.49149657866964935, 0.08485043553349549, -0.6502385026444311, 0.2658549729646367, -0.5375515873907676, -0.014206468162641855, 0.25560019834053843, 0.6682105525326503, 0.5120047311144597, -0.09831993907641996, 0.03531986685302156], [-0.5920579163877442, -0.09921472685422647, 0.23841618943112952, 0.5518295475954869, -0.4244632786189516, 0.061913124430288694, -0.1923436416328369, -0.583186133447928, -0.0890571621657541, 0.38199263918306686, 0.527778447143825, -0.017054543289694662]], "inverted": true, "swapped": false, "error_lsq": 0.04718021882880302, "error_max": 0.2846085926732307, "target": "582.xyz", "model": "27.xyz", "model_rescale": 3.6321398670334006, "target_rescale": 3.71587410633404},
{"mapping": [0, 10, 12, 9, 8, 11, 1, 3, 7, 4, 6, 14], "R": [[0.34386484136945894, 0.9390035886484613, 0.005406604781912849], [-0.4864713759190422, 0.1830656240182469, -0.8543023924315346], [-0.803182775762398, 0.29113439818771136, 0.5197481995259708]], "T": [0.006660286013700292, -0.09527396142047127, -0.053418000423936074], "aligned_model": [[0.05775652707432402, -0.48736720767791464, -0.5962557036037471, -0.3228829062593457, -0.435785857921728, 0.14187350918955333, 0.653384799015138, 0.186990446956742, -0.19229429273172544, 0.4285782249447167, 0.029808186492946073, 0.061472163512734435], [-0.3622517003768409, -0.625671484374864, 0.30299409233550545, -0.4934685641130566, 0.08240819006748286, -0.7230273455565134, 0.07431347933631872, 0.3111267894834322, 0.6517440590158906, 0.5060692485304873, 0.05907323265620666, -0.10987803060118058], [-0.6151330129267758, -0.33499736067115315, 0.34830901843462875, 0.37015549264806125, -0.2526667860007748, -0.0404214853965591, -0.03745866563454206, -0.5767530199680642, -0.1105891185118823, 0.329777574985164, 0.7078628646480986, -0.02353295621954031]], "inverted": true, "swapped": false, "error_lsq": 0.043634882518209135, "error_max": 0.26331095643202174, "target": "582.xyz", "model": "28.xyz", "model_rescale": 4.156811204709835, "target_rescale": 3.71587410633404},
{"mapping": [8, 2, 4, 1, 10, 9, 7, 6, 5, 11], "R": [[-0.5777835512657442, -0.8153962964347863, 0.035986770446648775], [0.42393414145062946, -0.33748960923681076, -0.8404645188047517], [0.6974568170139734, -0.47035055375498325, 0.5406702738112368]], "T": [-0.10376215990324783, 0.020297054769323895, 0.03025264022778319], "aligned_model": [[-0.5255792477438223, 0.03945262930286919, 0.08448647351009889, 0.6790201658361059, -0.16297144861157384, -0.740211629651826, -0.5373843468859575, -0.4734387313689712, 0.28910493985390107, -0.009553430130236087], [-0.26073431642338835, -0.6396086068553414, 0.11470257719350904, 0.21226677377842854, -0.3786200249630757, -0.26254601449739107, 0.47530425799075265, 0.3622646998084795, 0.32392778360163205, -0.02823679900740154], [-0.3833336743680954, -0.4244492848941565, -0.6944573302350507, -0.17272425002731556, 0.565290474933813, 0.19168143696992898, -0.26299238729874297, 0.4906020652661085, 0.47781077554057727, -0.028641098911967106]], "inverted": false, "swapped": true, "error_lsq": 0.053128828965145994, "error_max": 0.2230306559460713, "target": "582.xyz", "model": "29.xyz", "model_rescale": 4.117894457231895, "target_rescale": 3.71587410633404},
