[{"mapping": [10, 7, 11, 8, 12, 5, 1, 4, 2, 9, 3, 13], "R": [[0.5068596327240106, -0.584135296985161, -0.6339394825461963], [0.193577172496121, 0.7937501735309401, -0.5766181928347471], [0.8400126135977294, 0.16954827287725593, 0.5153951805760812]], "T": [-0.17562898692481219, 0.002066150162426575, 0.191097099163484], "aligned_model": [[0.04457465348660758, 0.5124974057903582, 0.03331862160217258, 0.48624435374876684, -0.4619434522670127, -0.38824028614257083, -0.7495335901718468, 0.7102707963922321, 0.05097365495717929, 0.09042664858996399, -0.25684533193523795, -0.04166173284737998], [-0.3299999656652693, 0.03777003539614472, -0.6061618210012302, -0.4064901975388277, 0.044726956929909606, -0.6268797959746616, 0.06164670880707053, 0.2500836129457051, 0.666264275537417, 0.4022484045620533, 0.17891283624523646, -0.02418897595686459], [-0.7344683367243794, -0.11971117405892157, -0.07994067095034446, 0.2658267671763174, -0.3102250432513141, 0.5538982743603914, 0.20240094038794051, 0.4500819224339589, 0.5053427647662958, -0.3619053726562063, 0.6762047786764019, 0.10219656236638662]], "inverted": true, "swapped": false, "error_lsq": 0.05505187855237706, "error_max": 0.30293376613826895, "target": "583.xyz", "model": "0.xyz", "model_rescale": 3.8414455957264533, "target_rescale": 3.7731446206254673},
{"mapping": [0, 13, 11, 12, 4, 1, 5, 8, 6, 9, 10, 14], "R": [[0.34402637393537117, 0.8603717656208094, 0.376040262418017], [0.6734416058905068, -0.5051682243571581, 0.5397049828892182], [0.6543105206952549, 0.06756840994404767, -0.7532013359554918]], "T": [-0.09158604152564168, 0.0647732792792, 0.007839905889226964], "aligned_model": [[-0.14364803572619209, 0.5806842399936463, 0.2641225513895721, 0.37800609990867384, -0.5658542422651295, -0.4399959393725211, -0.5510640597087085, 0.595463240545128, -0.1611563882395117, 0.28845689677918007, -0.09393022666058926, -0.12100239544031549], [-0.34596806982936745, -0.1191302574674951, -0.7068819321877133, -0.3119192104409215, 0.008286554773555006, -0.7198896889356492, 0.2710213723961834, 0.2550177808040919, 0.739358282847444, 0.5347736568205232, 0.04896426357560245, -0.005700678069570003], [-0.5872218240174295, -0.2906214122030243, 0.07330007448208765, 0.4767487805745571, -0.25234494872407087, 0.11466902440721995, 0.43288632673601274, 0.34853436012374533, 0.39529598546804395, -0.308667108486588, 0.6920371583164246, 0.055084995849548374]], "inverted": false, "swapped": false, "error_lsq": 0.049625663689428806, "error_max": 0.3030715695966488, "target": "583.xyz", "model": "1.xyz", "model_rescale": 4.316132596720782, "target_rescale": 3.7731446206254673},
{"mapping": [8, 1, 2, 0, 6, 4, 3, 9, 7, 10, 5, 11], "R": [[0.6571872478136158, -0.5003640616789161, 0.5636849537563898], [0.15400071517506964, 0.8212259161262536, 0.5494285889978449], [-0.7378270129486536, -0.2742695762617019, 0.6167556229986836]], "T": [0.05093620119850564, 0.000164221457873856, 0.09967756883730719], "aligned_model": [[0.1265376142488264, 0.5425136445175105, 0.14925778412737709, 0.31664622898043937, -0.6518185613071077, -0.4587172940556038, -0.5045039410584228, 0.6221748395140599, -0.09900676163126901, 0.009104230830483333, 0.0399087217927524, -0.06201476475581341], [-0.1755386910616451, -0.12589966727942037, -0.7723920881632134, -0.5083785713677209, -0.08731283551497805, -0.540416159902338, 0.24172316471751487, 0.3882546707660848, 0.8240326932107432, 0.4061825075729879, 0.053385711550891404, -0.05570866024222298], [-0.6422449531889788, -0.09282379890118184, -0.20726707851789536, 0.5176446340322975, -0.31814951415104786, 0.3054830527303769, 0.3529610743010466, 0.3699065948192599, 0.4146679955635444, -0.3805671981144668, 0.7421771794264754, 0.08791342452709672]], "inverted": false, "swapped": false, "error_lsq": 0.05890287073169267, "error_max": 0.339120238412733, "target": "583.xyz", "model": "2.xyz", "model_rescale": 3.795458400668931, "target_rescale": 3.7731446206254673},
{"mapping": [0, 1, 2, 6, 4, 10, 5, 8, 9, 7, 3, 11], "R": [[-0.07391443536658575, -0.9803383122812234, 0.18295750795756158], [0.9945055162009205, -0.05882151915438489, 0.08659565306821733], [-0.07413119782102226, 0.18835291969590684, 0.9792996186824785]], "T": [0.002666852923924544, -0.08305928329241363, 0.04191794052638244], "aligned_model": [[-0.02950161550451383, 0.5678216782234337, 0.17226642399987177, 0.3482436258498419, -0.5571088031219718, -0.5506465127197988, -0.5175725006736571, 0.5906622245619793, -0.1687909209748483, 0.11978079450702969, 0.08075881543715345, -0.025831468381287262], [-0.2463256754695402, -0.22903743172382393, -0.8220121378496017, -0.2247804874658879, 0.024004718122743934, -0.5655940670568051, 0.029069184998540387, 0.2950041366709783, 0.6907274076409399, 0.5525676124011089, 0.1888441366446355, -0.044535322626604985], [-0.7226193175586465, -0.19379214746492474, 0.1555400142955946, 0.49775573066957923, -0.2515837593374478, 0.03801444752266246, 0.5008327878742524, 0.39104890513586116, 0.3974612311554721, -0.3649789392525818, 0.7882691990858748, -0.08624673959916919]], "inverted": false, "swapped": false, "error_lsq": 0.062437903316592776, "error_max": 0.3244399793013326, "target": "583.xyz", "model": "3.xyz", "model_rescale": 3.7530521520055578, "target_rescale": 3.7731446206254673},
{"mapping": [5, 3, 10, 7, 6, 1, 4, 2, 0, 9, 11], "R": [[0.00712358213689962, 0.9777250465857874, 0.2097688915362788], [0.9033143359414078, 0.08368684556472289, -0.4207371178802269], [-0.42892011501009436, 0.19248440237652104, -0.8825969010717641]], "T": [0.024755065273694803, -0.02856688852846779, 0.06812521360861036], "aligned_model": [[-0.5624213806081814, -0.16581335522868756, 0.24527650435434206, 0.5051478426143398, 0.2548579703917563, -0.1929034976198018, 0.03112269915751597, -0.679318590097624, -0.5563493699538112, 0.44390462882260817, 0.014696150612748503], [-0.6145373471623047, 0.12409514165215238, -0.4722248316244859, 0.3682100161274393, -0.6550000282467743, 0.5645051496084541, -0.2977712798574277, 0.03846541962675306, 0.16993426105871473, 0.3363504175024504, -0.094823560370625], [-0.15930035946177573, -0.5663863763974584, -0.4777940933250029, -0.3261523184939905, 0.10086857777827922, -0.034670619484276924, 0.5517803638537051, -0.051967316007636724, 0.6452110330098126, 0.42603360065710105, -0.014791714883440221]], "inverted": false, "swapped": true, "error_lsq": 0.04810147009096454, "error_max": 0.26808236293187093, "target": "583.xyz", "model": "4.xyz", "model_rescale": 3.7855080009869324, "target_rescale": 3.7731446206254673},
{"mapping": [15, 8, 13, 6, 9, 12, 2, 7, 0, 10, 1, 16], "R": [[-0.4871868804086641, 0.8274300044477113, 0.27930007393005574], [-0.23451075562506726, 0.18411995485039395, -0.9545179661599089], [-0.8412215219868273, -0.5305275016109433, 0.10434040914533801]], "T": [-0.0021309078449891473, -0.010447775872391783, 0.14106120716209047], "aligned_model": [[-0.032004915241087256, 0.4734693390439526, 0.17385614105723723, 0.5440705230047518, -0.4359477784642633, -0.3543679619279888, -0.7104801714735327, 0.6514613667012271, -0.20633606034487162, 0.24000675976727626, -0.26427409943110197, -0.04937140148836715], [-0.2928965291364951, -0.2508502312185524, -0.7063419243363838, -0.23455143907743572, 0.23454381098421592, -0.5288238701034151, 0.1860462951621871, 0.3548246751955413, 0.527113230757991, 0.3868617303762117, -0.008924318762006127, -0.01906935555517573], [-0.6326624852162078, -0.31863536514004787, 0.04294122128938853, 0.4194828534878358, -0.3675605229916886, 0.4061659895989074, 0.21466207905807785, 0.16867727169410432, 0.6681307501671314, -0.41972286914720314, 0.8512601688431459, 0.11696232088308314]], "inverted": false, "swapped": false, "error_lsq": 0.04775887448622277, "error_max": 0.23926620366531415, "target": "583.xyz", "model": "5.xyz", "model_rescale": 4.2253639853439635, "target_rescale": 3.7731446206254673},
{"mapping": [12, 0, 7, 3, 11, 6, 5, 1, 10, 9, 2, 13], "R": [[-0.39657755899280944, 0.2430759310312095, 0.8852346194408663], [0.5821081097275632, -0.6790613746546974, 0.44724243765711214], [0.7098425094996129, 0.6926685651921728, 0.12780403163401666]], "T": [0.03122296799155848, 0.09046937902114038, 0.11458866070290959], "aligned_model": [[-0.16274001761566603, 0.7326749798138789, 0.18461600283249407, 0.21914072427851938, -0.6337058477754898, -0.3249612887425342, -0.5377107335574299, 0.5511793355219784, -0.13809312178227856, 0.273415120909499, -0.17827958555643403, 0.04454617287669502], [-0.4125932082345254, -0.16200309640878352, -0.6497411405234135, -0.5136186488672758, -0.05297617016730144, -0.43421547740221, 0.23961698646787305, 0.5934692221617395, 0.6629080900449406, 0.34468582573553747, -0.007957107130533742, 0.04035679861063608], [-0.6474153799602609, -0.18085232086076092, -0.1261397747690572, 0.43517257192164216, -0.2633621736576531, 0.22209003194020727, 0.34870551376002473, 0.23845276213415617, 0.6167424800195084, -0.38472425398112103, 0.7443445808163592, 0.1466873751634824]], "inverted": true, "swapped": false, "error_lsq": 0.050894658869587876, "error_max": 0.28957734316031986, "target": "583.xyz", "model": "6.xyz", "model_rescale": 3.89814844738969, "target_rescale": 3.7731446206254673},
{"mapping": [3, 6, 8, 9, 7, 11, 4, 5, 2, 0, 10, 12], "R": [[0.826825385770225, -0.3230552158105382, 0.4604292659937309], [-0.532521820123397, -0.18611659887378657, 0.825700383139138], [-0.181053286461151, -0.9278986685847012, -0.32591988018584533]], "T": [-0.05432577876604229, 0.021793092839339716, 0.041303541990616276], "aligned_model": [[0.09286501929845296, 0.5481078369050176, 0.06850911889956489, 0.4994137725284733, -0.5419653296118819, -0.43770148635509626, -0.6138317228451164, 0.6303678508252475, -0.1208097223028362, 0.024393618439611728, -0.02377510945192196, -0.09549210512628235], [-0.17978355792652684, -0.11542036989855159, -0.6284682955262118, -0.42593905723132036, -0.09352080975412366, -0.599496759053029, 0.23932669327761788, 0.20009083511077855, 0.6255784174925526, 0.4263992934697516, 0.12251982304818104, 0.0766458612775647], [-0.7268654885625975, -0.23369110410408409, -0.09926134349334584, 0.580612646456568, -0.38317855641341436, 0.39110685242258053, 0.2760971100558798, 0.3606484225239381, 0.405406565194458, -0.38426368699125735, 0.7678188174515119, 0.19527117798628954]], "inverted": true, "swapped": false, "error_lsq": 0.05533410293835352, "error_max": 0.3088702674416578, "target": "583.xyz", "model": "7.xyz", "model_rescale": 3.7474275329858107, "target_rescale": 3.7731446206254673},
{"mapping": [13, 9, 4, 8, 12, 2, 0, 7, 6, 11, 3, 14], "R": [[0.017428373655778207, -0.5046617379582121, 0.8631412294825869], [-0.9161141417103378, 0.3377663127504905, 0.2159833265075549], [-0.4005385513905569, -0.7945001247400374, -0.45644103741668485]], "T": [-0.08059611507425049, 0.03439715375319927, 0.06679542434591042], "aligned_model": [[-0.13223252460462484, 0.6742688839234939, 0.07959403334993498, 0.31397130938489437, -0.34114639305581784, -0.39097990214699274, -0.5433003440246865, 0.36223445923667563, -0.040504223700553205, 0.25525228496287233, -0.10416501003705361, -0.10291083208490984], [-0.4633479855819155, 0.07206709405249556, -0.7189605136918062, -0.4440540051370704, 0.1486893095904004, -0.679168139432059, 0.3314202843891917, 0.5463464028196761, 0.6025404872660075, 0.3006196184827282, -0.029706981527795134, -0.018513496943169894], [-0.6799945636504788, -0.028599800767202796, -0.0711073932293063, 0.35071680777583014, -0.48064724348074755, 0.3878498946989412, 0.4299693413685101, 0.14220550828528278, 0.6520679174880178, -0.38355045057214243, 0.7805668891823248, 0.050224505427498095]], "inverted": false, "swapped": false, "error_lsq": 0.052799037709791836, "error_max": 0.32431901855021955, "target": "583.xyz", "model": "8.xyz", "model_rescale": 4.019505241142653, "target_rescale": 3.7731446206254673},
{"mapping": [7, 9, 8, 11, 0, 5, 2, 10, 10, 1, 6, 12], "R": [[0.2762046346598793, -0.3538664807204396, -0.8935824044904497], [0.7577583110669309, -0.49173372951704897, 0.42895253964074687], [-0.591196533989667, -0.79559817312371, 0.13232613166272253]], "T": [-0.11910611506568197, -0.09137856626472787, 0.08109312264811763], "aligned_model": [[-0.04034517227391177, 0.5386761713489248, 0.24947394008769547, 0.26838834114156257, -0.4723732259223609, -0.4072633309594645, -0.6265771026058662, 0.37303623772113387, 0.37303623772113387, 0.03961679968503254, -0.1442617871988133, -0.12132536754183387], [-0.4174874166056851, -0.12364061259351569, -0.6010925021261739, -0.45139403096787944, -0.0543612605928335, -0.5576583555211646, 0.19161019813466892, 0.5864105207734938, 0.5864105207734938, 0.4970675831593062, 0.11671943712981628, -0.12465200727684317], [-0.7597598500501698, -0.10226904759507649, -0.16482836465599887, 0.4089443626583014, -0.4634049448772487, 0.4684860707012211, 0.1922808838691763, 0.45065721222276767, 0.45065721222276767, -0.2101858977629334, 0.7768835013611551, 0.10224027443256464]], "inverted": true, "swapped": false, "error_lsq": 0.06365682367145699, "error_max": 0.4909792592982888, "target": "583.xyz", "model": "9.xyz", "model_rescale": 3.877068213659057, "target_rescale": 3.7731446206254673},
{"mapping": [1, 8, 0, 11, 3, 12, 6, 9, 14, 2, 10, 15], "R": [[-0.7560494737517807, 0.5472220523712868, -0.35907829040226336], [-0.485662093505942, -0.1012577503331103, 0.8682621717712359], [0.438772747753414, 0.8308398722955189, 0.34232087641989467]], "T": [-0.08964079515368747, 0.06581382888240694, -0.015404745423870561], "aligned_model": [[0.07949494254058753, 0.6517482235776121, 0.11081772613410415, 0.24970159984022386, -0.6781622775243861, -0.4235113805145059, -0.575261722482457, 0.44686028968714786, 0.03420691308712048, 0.20065528215349723, 0.004013818272324526, -0.07048167356803638], [-0.44699448852593515, -0.12178997995447474, -0.7044598996269437, -0.39779790704312323, 0.022474187923096897, -0.5358801190542134, 0.09680489100256662, 0.35273666182089836, 0.666783137138379, 0.624745272424061, 0.11344922712599581, -0.022138908943624372], [-0.6946155683904022, -0.11772810357162301, -0.03155405021402437, 0.4478081360200901, -0.24891166831468903, 0.2756107884584258, 0.3634308972153328, 0.24049988095636965, 0.4673158594154334, -0.22440040774729947, 0.6861438713362775, -0.013898222637364462]], "inverted": false, "swapped": false, "error_lsq": 0.0470531671111864, "error_max": 0.24240196318287677, "target": "583.xyz", "model": "10.xyz", "model_rescale": 4.260839863003843, "target_rescale": 3.7731446206254673},
{"mapping": [4, 2, 9, 8, 5, 10, 6, 1, 0, 3, 7, 11], "R": [[-0.0626401502790988, -0.9682216459983128, 0.24212198535723728], [0.09110392078985938, -0.2471327287767231, -0.9646893230382962], [0.9938693511673089, -0.03837002199229178, 0.1036892194135152]], "T": [0.026019118865016365, -0.06435732592662488, 0.10394657741976178], "aligned_model": [[-0.09754998268195222, 0.5997046044577166, 0.14716604417374965, 0.48009763166074354, -0.4546427132481176, -0.40133399582875307, -0.7265532045029605, 0.5725903029173995, -0.23222998642162576, 0.16308705906703969, -0.06525106004725209, 0.04499704165724501], [-0.41590830241027854, -0.07090417258032779, -0.8286638124952329, -0.5056284664242356, 0.13591283266352358, -0.494191383605859, 0.24900018061618803, 0.3691012862101528, 0.6853040982062298, 0.49471911465989893, 0.05469155236307971, -0.025500852916455645], [-0.5263275269804477, -0.27181828065056124, -0.08812704969911649, 0.4426291601427323, -0.326712184218522, 0.26502354741466694, 0.30066288545756603, 0.2953472447888343, 0.47991122767398087, -0.3113593155827873, 0.7419926167472786, 0.1484790874329026]], "inverted": false, "swapped": false, "error_lsq": 0.04467879824945645, "error_max": 0.26894043049387095, "target": "583.xyz", "model": "11.xyz", "model_rescale": 3.890672605050136, "target_rescale": 3.7731446206254673},
{"mapping": [8, 7, 5, 12, 6, 9, 11, 4, 2, 0, 10, 13], "R": [[0.7010845080420516, -0.3694607719780708, 0.6099010170124355], [0.713071568720501, 0.3595558883967374, -0.6018708341510802], [0.0030741610105636252, 0.8568653926309554, 0.5155310353853396]], "T": [-0.10318270617138292, 0.044123561896038985, -0.019729245822161845], "aligned_model": [[0.07982851923507145, 0.6435970385515585, 0.0844494024437468, 0.3069712537685741, -0.5864490025652296, -0.4975562364390086, -0.468214560915816, 0.39123754316599346, -0.1006184062384203, 0.0561389199891249, 0.0644971363145797, 0.0562001338930585], [-0.1708574833618295, -0.3653017239815982, -0.7100884853582964, -0.3434072874913919, -0.013838959260234665, -0.569799881075239, 0.18269080322482179, 0.4789593173896769, 0.5554967920093707, 0.4727781859248037, 0.11255773317315208, 0.018743063093447365], [-0.6826629434067659, -0.06041239260255654, -0.05023435077402577, 0.46681542495710127, -0.32819703482539114, 0.2511728413162427, 0.367972996301381, 0.2201113817090916, 0.47428996185705313, -0.393315075965043, 0.8559080872490473, 0.02825251671039203]], "inverted": false, "swapped": false, "error_lsq": 0.05463357826453855, "error_max": 0.3112541687382703, "target": "583.xyz", "model": "12.xyz", "model_rescale": 4.124412569039231, "target_rescale": 3.7731446206254673},
{"mapping": [10, 4, 2, 1, 7, 8, 9, 0, 3, 5, 6, 12], "R": [[-0.14719410852174725, 0.16014739684922535, -0.9760567123374055], [0.5533830656156442, 0.831243142612881, 0.05293411517059038], [0.8198177096808288, -0.5323416657950779, -0.21097695076050813]], "T": [-0.03162669935970305, 0.05773405780217228, 0.10661691943559617], "aligned_model": [[-0.19636244382812398, 0.6140248579889568, 0.2011055407393643, 0.42722381133372067, -0.3870073295895773, -0.3128922771517796, -0.6540216212501706, 0.43625192081547226, -0.11966987606894039, 0.24392006247706724, -0.19469399278324986, -0.0277969114795071], [-0.307306865545956, -0.1873183870132244, -0.7569504897699109, -0.37113559025173987, 0.3389374592302809, -0.5420140192926384, 0.09632255907240386, 0.38996714683116745, 0.6001507049435282, 0.46730634149637373, -0.050753299824038395, -0.029273485589562998], [-0.5132354267510516, -0.2693613000569348, -0.04997269073909258, 0.6246819083348949, -0.3266346578249182, 0.3824575249830916, 0.2472467909959027, 0.1930933019411748, 0.561354157524586, -0.4679006221094808, 0.7463452725940919, 0.021627153634262944]], "inverted": true, "swapped": false, "error_lsq": 0.04791734729445076, "error_max": 0.27150978683248295, "target": "583.xyz", "model": "13.xyz", "model_rescale": 3.9028299243045295, "target_rescale": 3.7731446206254673},
{"mapping": [7, 6, 9, 1, 4, 14, 5, 2, 8, 3, 12, 15], "R": [[0.6167260551255191, -0.30532900327671375, 0.7255502551080553], [-0.32914772533987824, 0.7372431942065826, 0.5900290225909737], [-0.715059961005299, -0.6026994876006817, 0.35417873992233995]], "T": [-0.03814466145890819, 0.029063161585701505, 0.13336977573284745], "aligned_model": [[-0.15442683314209701, 0.5156107116269472, 0.11998755839848976, 0.5088056256043813, -0.4256727511605934, -0.41557049855668365, -0.47684014819157616, 0.4847470457912863, -0.1665569473113954, 0.22275259914097742, -0.15739917867518757, -0.025355442321316028], [-0.42572891347940095, -0.21224038362716896, -0.678922521454787, -0.18596065966243314, 0.3133094238232866, -0.7472912543816312, 0.24950829560880144, 0.5026871904747628, 0.6603961644937972, 0.26682524535830293, -0.03140870209729442, -0.06324181076955258], [-0.6414015330052796, -0.14865123074624884, -0.13975277938907374, 0.41051395395068724, -0.3445311721411167, 0.32798275341423966, 0.27846300941752977, 0.34411680727458693, 0.55932292320192, -0.3805283232806994, 0.8162766528303793, 0.06789035099960165]], "inverted": true, "swapped": false, "error_lsq": 0.042091262910502046, "error_max": 0.24631798891309017, "target": "583.xyz", "model": "14.xyz", "model_rescale": 3.942246331269136, "target_rescale": 3.7731446206254673},
{"mapping": [13, 4, 3, 5, 8, 1, 0, 9, 7, 11, 2, 14], "R": [[-0.9889144296606861, -0.14832419501522648, 0.006941468285957077], [0.14295301686501866, -0.9636636000721371, -0.22564773622883483], [0.04015825915138204, -0.22215399854401274, 0.974184230601603]], "T": [0.10403516278819556, -0.02709911664519974, 0.005558071197128589], "aligned_model": [[-0.10038006018443756, 0.48094972256247165, 0.25460188294643277, 0.2045384024121799, -0.4579975600702322, -0.2524243780213938, -0.5291493484736721, 0.5376497621401687, -0.17114369350492048, 0.18350925091374615, -0.1429124783179988, 0.022840238800888646], [-0.30034534234834337, -0.2819866646627814, -0.7280987957140063, -0.32461276412373746, 0.45826737610262025, -0.6735657466688048, 0.07603485708283064, 0.43738970054158366, 0.6364620329164097, 0.33933203270038076, 0.0588190419666954, -0.04976365350616425], [-0.732331326518648, -0.36407922321234154, 0.05532797401869077, 0.55706898367141, -0.21211028305266405, 0.33971211922342226, 0.36494399333292005, 0.4999170744221252, 0.46917721011476093, -0.6056072965736892, 0.7226932406124303, 0.054988946488109876]], "inverted": true, "swapped": false, "error_lsq": 0.062347689512620826, "error_max": 0.3944745744921295, "target": "583.xyz", "model": "15.xyz", "model_rescale": 4.355366556412066, "target_rescale": 3.7731446206254673},
{"mapping": [8, 1, 2, 0, 6, 4, 3, 9, 7, 10, 5, 11], "R": [[0.6571872478136158, -0.5003640616789161, 0.5636849537563898], [0.15400071517506964, 0.8212259161262536, 0.5494285889978449], [-0.7378270129486536, -0.2742695762617019, 0.6167556229986836]], "T": [0.05093620119850564, 0.000164221457873856, 0.09967756883730719], "aligned_model": [[0.1265376142488264, 0.5425136445175105, 0.14925778412737709, 0.31664622898043937, -0.6518185613071077, -0.4587172940556038, -0.5045039410584228, 0.6221748395140599, -0.09900676163126901, 0.009104230830483333, 0.0399087217927524, -0.06201476475581341], [-0.1755386910616451, -0.12589966727942037, -0.7723920881632134, -0.5083785713677209, -0.08731283551497805, -0.540416159902338, 0.24172316471751487, 0.3882546707660848, 0.8240326932107432, 0.4061825075729879, 0.053385711550891404, -0.05570866024222298], [-0.6422449531889788, -0.09282379890118184, -0.20726707851789536, 0.5176446340322975, -0.31814951415104786, 0.3054830527303769, 0.3529610743010466, 0.3699065948192599, 0.4146679955635444, -0.3805671981144668, 0.7421771794264754, 0.08791342452709672]], "inverted": false, "swapped": false, "error_lsq": 0.05890287073169267, "error_max": 0.339120238412733, "target": "583.xyz", "model": "16.xyz", "model_rescale": 3.795458400668931, "target_rescale": 3.7731446206254673},
{"mapping": [3, 6, 8, 9, 7, 11, 4, 5, 2, 0, 10, 12], "R": [[0.826825385770225, -0.3230552158105382, 0.4604292659937309], [-0.532521820123397, -0.18611659887378657, 0.825700383139138], [-0.181053286461151, -0.9278986685847012, -0.32591988018584533]], "T": [-0.05432577876604229, 0.021793092839339716, 0.041303541990616276], "aligned_model": [[0.09286501929845296, 0.5481078369050176, 0.06850911889956489, 0.4994137725284733, -0.5419653296118819, -0.43770148635509626, -0.6138317228451164, 0.6303678508252475, -0.1208097223028362, 0.024393618439611728, -0.02377510945192196, -0.09549210512628235], [-0.17978355792652684, -0.11542036989855159, -0.6284682955262118, -0.42593905723132036, -0.09352080975412366, -0.599496759053029, 0.23932669327761788, 0.20009083511077855, 0.6255784174925526, 0.4263992934697516, 0.12251982304818104, 0.0766458612775647], [-0.7268654885625975, -0.23369110410408409, -0.09926134349334584, 0.580612646456568, -0.38317855641341436, 0.39110685242258053, 0.2760971100558798, 0.3606484225239381, 0.405406565194458, -0.38426368699125735, 0.7678188174515119, 0.19527117798628954]], "inverted": true, "swapped": false, "error_lsq": 0.05533410293835352, "error_max": 0.3088702674416578, "target": "583.xyz", "model": "17.xyz", "model_rescale": 3.7474275329858107, "target_rescale": 3.7731446206254673},
{"mapping": [10, 5, 12, 9, 3, 7, 1, 4, 0, 8, 2, 13], "R": [[0.09778690799316231, -0.6066183945904979, 0.7889561736684645], [0.23229338144506703, -0.7569454715969417, -0.6107972969534989], [0.9677176786449413, 0.24299727647307323, 0.0668940809393137]], "T": [-0.061649526061389875, -0.07702526720818023, 0.09600067955340874], "aligned_model": [[0.013454647858461982, 0.5438676577527505, 0.19828955683822022, 0.41574068983053425, -0.4750908797739545, -0.38517464123257383, -0.7033645249766773, 0.6462938142571126, -0.09320560308123368, 0.14625481460006798, -0.21455057862675406, -0.06243321224272176], [-0.19596655848067251, -0.22992130075555764, -0.764934153348278, -0.3765918315614778, 0.23365919733123428, -0.6847756797720728, 0.12103366513561842, 0.34813982775803387, 0.685917295986391, 0.4737926821788595, 0.055493172816308, -0.017914243001703398], [-0.5797594130487703, -0.2689536733478352, -0.039829953458072914, 0.45667036381908005, -0.34346557835886116, 0.4015988109583441, 0.2618106198334293, 0.18130420199918518, 0.4366841837770281, -0.31658849018554736, 0.7763629764126354, 0.1838673641259112]], "inverted": false, "swapped": false, "error_lsq": 0.04387923727042122, "error_max": 0.29217531060949953, "target": "583.xyz", "model": "18.xyz", "model_rescale": 3.922800546911778, "target_rescale": 3.7731446206254673},
{"mapping": [10, 4, 11, 13, 2, 7, 3, 8, 5, 1, 12, 14], "R": [[0.2871931269622141, 0.8914664461820738, -0.35043927171076217], [0.7807582169531848, -0.005913950173575655, 0.6248052751485281], [0.5549204578007095, -0.4530481216436598, -0.6977181988377561]], "T": [0.02099224515293325, 0.0608995916143677, 0.06016779661261517], "aligned_model": [[0.07228406469465679, 0.5684153862556783, 0.0776037190957874, 0.3805936049647784, -0.4554448150578505, -0.3820448049118876, -0.5658519115079923, 0.5389331204166535, -0.0631556783814286, 0.029788474257274662, -0.13213281258282306, -0.03890660603961443], [-0.32464427565114023, -0.3251265122468251, -0.6425204688634234, -0.38822373199251803, 0.08376425135887006, -0.5236538746304369, 0.0682336236155133, 0.31315824611053006, 0.6757662624389922, 0.6762566078134957, 0.04202352716328245, -0.007101580829656728], [-0.6464620378306821, -0.2140198960636185, -0.035951776338178094, 0.4353861983921144, -0.4742607746485593, 0.4263226824667936, 0.31454820339080736, 0.2663072517987972, 0.5044557935916166, -0.35122179113104146, 0.8314073543706265, 0.0931902045278507]], "inverted": true, "swapped": false, "error_lsq": 0.042462710004817876, "error_max": 0.22606633068856583, "target": "583.xyz", "model": "19.xyz", "model_rescale": 3.9282355846067225, "target_rescale": 3.7731446206254673},
{"mapping": [1, 5, 2, 7, 0, 10, 11, 6, 8, 3, 9, 13], "R": [[0.5552289044093948, 0.33593563841050467, -0.7608338258477141], [-0.7119414917801442, 0.6648859388901229, -0.22597787623584403], [0.42995369051818333, 0.6671386176140055, 0.6083304109592647]], "T": [0.05639379078500691, 0.037485037425797035, 0.216552058606879], "aligned_model": [[-0.04043769480054261, 0.5771469880458415, 0.22082408604846485, 0.4656487495153971, -0.5190985443678666, -0.4810035924913337, -0.6488477341125991, 0.62500645560272, 0.0018466704982742707, 0.1322845599449373, -0.28502359900281293, -0.018264603677247186], [-0.26392627489212017, -0.09509702489441565, -0.7118610167155365, -0.3182630597193784, 0.11468478357940788, -0.6358902993748833, 0.15903265024251814, 0.3545538088040373, 0.6561185123992564, 0.3500601173114445, 0.08220543250889986, -0.04368555496254685], [-0.46262073274499704, -0.22946168169954864, -0.08371345639986191, 0.5232301414752117, -0.3339438628775123, 0.21453780247187235, 0.251534064046965, 0.1618612396090208, 0.6558000687775255, -0.4638099624762735, 0.8164346116552801, 0.09985318068884522]], "inverted": false, "swapped": false, "error_lsq": 0.041379901112117465, "error_max": 0.3094418403011119, "target": "583.xyz", "model": "20.xyz", "model_rescale": 4.067790424073018, "target_rescale": 3.7731446206254673},
{"mapping": [13, 11, 10, 12, 5, 9, 8, 3, 2, 6, 0, 14], "R": [[0.38755330671657284, -0.8183563035765498, 0.4243764777288863], [-0.6901332178357733, -0.5627696294848579, -0.45497965423644726], [0.6111616611770501, -0.11654743466074952, -0.7828780999499905]], "T": [-0.11565717061363201, 0.021689044328496186, 0.086471942056172], "aligned_model": [[-0.07311322642390394, 0.46764224125659903, 0.04867902206042912, 0.4036322587927388, -0.5325694481331343, -0.15762125093093754, -0.6667289618811267, 0.6173433862545339, 0.0009584464848021723, 0.20155940529856253, -0.18844524583716615, -0.09125488573816429], [-0.31171602303121837, -0.14550060597598646, -0.7325310540759858, -0.40468341966782573, 0.1010557701150083, -0.7096968129156687, 0.11423645931845486, 0.31469543448673554, 0.6942285552156454, 0.5656462236682176, 0.21365731073925043, -0.05145976358994458], [-0.5276571803186291, -0.136780540398235, -0.18817779942157986, 0.45465515371878773, -0.32383428084242843, 0.34601701185182665, 0.20015023186106184, 0.4036508436373081, 0.3828050918780531, -0.3021681661502363, 0.7664043727560629, 0.07463667395453501]], "inverted": false, "swapped": false, "error_lsq": 0.05045323172455543, "error_max": 0.295642202250586, "target": "583.xyz", "model": "21.xyz", "model_rescale": 4.186013935880536, "target_rescale": 3.7731446206254673},
{"mapping": [8, 2, 5, 0, 11, 3, 4, 1, 7, 9, 6, 12], "R": [[0.09355959346350279, -0.22027978279526025, 0.970939452160956], [0.922267826244271, -0.34819945669972135, -0.1678665989072464], [0.37505820767663717, 0.9111717487091511, 0.17057955683110634]], "T": [-0.012979614916028287, 0.048765557606970864, 0.059619133909750884], "aligned_model": [[0.10812308508313112, 0.5362137243513644, 0.11374470695210342, 0.4960294159001245, -0.4910870443999272, -0.5471288420945554, -0.6576391780171231, 0.605845402557979, -0.010724469328243063, 0.0812594449976661, -0.15282824986261265, -0.051726254936674695], [-0.06344969928245396, -0.34061519373786686, -0.7144357809752715, -0.17905621946797035, -0.11527519088105932, -0.6172478978918775, 0.23863166679532077, 0.3883207535916648, 0.6051185857146009, 0.49686143472027744, -0.07867477989764445, 0.027754395598963373], [-0.688986238017121, -0.25097466746344416, 0.05776463985700601, 0.5187438287851064, -0.31915506983127057, 0.41097270929451074, 0.33526575016405746, 0.2516636666630592, 0.5379390711010642, -0.3596419359965449, 0.5831209664733834, 0.07298869149672042]], "inverted": true, "swapped": false, "error_lsq": 0.05356396584074961, "error_max": 0.41878264171164914, "target": "583.xyz", "model": "22.xyz", "model_rescale": 4.166573947596378, "target_rescale": 3.7731446206254673},
{"mapping": [11, 2, 3, 4, 12, 9, 10, 1, 5, 6, 7, 15], "R": [[0.21230156944523304, 0.20278530822966692, 0.9559320908816119], [0.2522980221130473, -0.9564401077503537, 0.1468605744382629], [0.9440729588590787, 0.21000104536094877, -0.2542160681356975]], "T": [-0.08768648065787416, -0.09006091447256492, 0.12734634076080184], "aligned_model": [[-0.14485715129550628, 0.502552177724126, 0.19082961980507612, 0.5129738714095313, -0.3246978457590819, -0.44767683585769424, -0.6785189029970646, 0.48653475242816707, -0.03805847676615523, 0.2197205323016423, -0.20333581610341625, -0.04538418368639217], [-0.49259501352425644, -0.07811131758485564, -0.5954552686513118, -0.3978862457927023, 0.08792938696877625, -0.5684270329025397, 0.08190796410724571, 0.3182721768561402, 0.6682731787447423, 0.4739444583445295, 0.18789781761912577, -0.0378180298982107], [-0.5485169153390473, -0.19558518832041008, -0.041271512870489246, 0.4176982310878703, -0.45705627784635294, 0.08238005134927878, 0.5542947997308346, 0.23520329633730241, 0.4642861655001067, -0.28070573898346574, 0.776001736263838, 0.14297276561706157]], "inverted": true, "swapped": false, "error_lsq": 0.05196513633958925, "error_max": 0.30509958167708107, "target": "583.xyz", "model": "23.xyz", "model_rescale": 4.274766983524099, "target_rescale": 3.7731446206254673},
{"mapping": [9, 4, 0, 1, 2, 3, 7, 10, 8, 6, 11], "R": [[-0.4556483074730111, 0.8836731910295634, 0.10726747574455688], [-0.8687802314664073, -0.4152123136772141, -0.2698511515335646], [-0.19392145139245542, -0.2161490828720851, 0.9569085874122983]], "T": [-0.07041250930303693, 0.15218041099383095, -0.022912573527900347], "aligned_model": [[0.257060311287927, 0.16925684921448386, -0.5033437824056092, -0.5175133142550601, -0.7504679713682543, -0.46902736979382936, 0.09522393240244338, 0.14631675445155662, 0.647308266543905, 0.3814752970200304, -0.07639426913951827], [-0.11192039837004242, 0.5960173242433613, 0.5908040565972097, -0.21906777304754976, 0.37114135853854235, -0.2031201401371266, -0.5624457236239802, 0.07220800897832214, -0.28164126275861423, 0.5039580875754657, 0.1596529932478952], [-0.5327769914384904, -0.2509503959513051, -0.5976237394798558, -0.29115189163625554, 0.042017620987146655, 0.3979136228591766, 0.05150490970454972, 0.6771751398320239, 0.4788801883537642, 0.3213080390646741, 0.0832699317261491]], "inverted": false, "swapped": true, "error_lsq": 0.05258186796414696, "error_max": 0.2775239936533813, "target": "583.xyz", "model": "24.xyz", "model_rescale": 3.7841303162186577, "target_rescale": 3.7731446206254673},
{"mapping": [0, 6, 7, 11, 8, 10, 9, 3, 12, 4, 14, 15], "R": [[-0.8235748226757712, 0.3434694487138207, -0.4513903513089268], [0.5564274717976898, 0.6436492958795264, -0.5254560424456276], [0.11005898456465711, -0.6839183589537674, -0.7212091917069433]], "T": [-0.05374156575705012, 0.003612653660370224, 0.047692662248358705], "aligned_model": [[-0.22031865469940198, 0.6228164052438189, 0.12712503060241354, 0.4882257726897563, -0.44769009813508454, -0.39983332137185246, -0.544668646173537, 0.6248086444915988, -0.13562744292133672, 0.2855164464675807, -0.3845259044420605, 0.014253509451337354], [-0.46891954398935976, -0.04144080966217254, -0.6062510408739679, -0.3924958104245057, 0.11692187047908023, -0.6132439885060365, 0.17910740174674933, 0.401587064296029, 0.5507388689434844, 0.5052772011145049, 0.009225271906164373, 0.007425589256712916], [-0.49109796960728286, -0.20183879781401615, -0.08706307421777339, 0.4202474339261503, -0.3782455478948337, 0.37167334838234467, 0.3128961758637824, 0.2214392256211793, 0.5664599647059697, -0.38812957884012184, 0.768698336364526, 0.03466189603660232]], "inverted": true, "swapped": false, "error_lsq": 0.043064715484493456, "error_max": 0.2696711140514453, "target": "583.xyz", "model": "25.xyz", "model_rescale": 4.19342608120988, "target_rescale": 3.7731446206254673},
{"mapping": [8, 1, 2, 0, 6, 4, 3, 9, 7, 10, 5, 11], "R": [[0.6571872478136158, -0.5003640616789161, 0.5636849537563898], [0.15400071517506964, 0.8212259161262536, 0.5494285889978449], [-0.7378270129486536, -0.2742695762617019, 0.6167556229986836]], "T": [0.05093620119850564, 0.000164221457873856, 0.09967756883730719], "aligned_model": [[0.1265376142488264, 0.5425136445175105, 0.14925778412737709, 0.31664622898043937, -0.6518185613071077, -0.4587172940556038, -0.5045039410584228, 0.6221748395140599, -0.09900676163126901, 0.009104230830483333, 0.0399087217927524, -0.06201476475581341], [-0.1755386910616451, -0.12589966727942037, -0.7723920881632134, -0.5083785713677209, -0.08731283551497805, -0.540416159902338, 0.24172316471751487, 0.3882546707660848, 0.8240326932107432, 0.4061825075729879, 0.053385711550891404, -0.05570866024222298], [-0.6422449531889788, -0.09282379890118184, -0.20726707851789536, 0.5176446340322975, -0.31814951415104786, 0.3054830527303769, 0.3529610743010466, 0.3699065948192599, 0.4146679955635444, -0.3805671981144668, 0.7421771794264754, 0.08791342452709672]], "inverted": false, "swapped": false, "error_lsq": 0.05890287073169267, "error_max": 0.339120238412733, "target": "583.xyz", "model": "26.xyz", "model_rescale": 3.795458400668931, "target_rescale": 3.7731446206254673},
{"mapping": [10, 7, 5, 6, 4, 8, 9, 0, 2, 3, 1, 12], "R": [[-0.48001115349645923, -0.8408609282008597, -0.25008436965189895], [0.5664985892920054, -0.07944276801318392, -0.8202244783841626], [0.6698273216651938, -0.5353893406069945, 0.5144799443275132]], "T": [-0.17525854355494186, -0.0468395291868271, 0.13729101532350863], "aligned_model": [[-0.10614676599049426, 0.48656535732177786, 0.2187252934566682, 0.3356123967887146, -0.5569850016439296, -0.32213752531087103, -0.41854930635668797, 0.4965192432912666, -0.09377779956876145, 0.1359618900066737, -0.11877227128710528, -0.026933769504019378], [-0.3047521287008833, -0.12031331073983981, -0.6691354067040064, -0.5265081853150653, 0.14085506194361938, -0.6855897802287513, 0.3029427860911016, 0.4133425456394058, 0.7322495108717879, 0.4926526311227377, -0.04627954491157654, -0.0815321047818465], [-0.523308017163685, -0.32832559336011446, -0.01886610068139019, 0.573313746745145, -0.5823747642518413, 0.4553733814150488, 0.1905472522311658, 0.30527986972030324, 0.5388082253148198, -0.2591514263323967, 0.7264956979373899, 0.07190914095208256]], "inverted": false, "swapped": false, "error_lsq": 0.052781917592038985, "error_max": 0.297289654185983, "target": "583.xyz", "model": "27.xyz", "model_rescale": 3.6321398670334006, "target_rescale": 3.7731446206254673},
{"mapping": [10, 9, 11, 13, 8, 2, 3, 6, 4, 12, 1, 14], "R": [[0.6503801050231721, -0.0467333546109448, -0.7581699760323245], [0.7591544335176802, 0.005467460714788305, 0.6508875885617903], [-0.026272895929032147, -0.9988924368720288, 0.039033761019946725]], "T": [-0.11861137209948136, -0.012384190269431397, 0.022644155558172188], "aligned_model": [[-0.12251831253140405, 0.461736857290295, 0.07233777704813352, 0.5140465699094093, -0.28354832722002205, -0.21342222492819582, -0.7681792527648045, 0.5355249426315974, -0.030429151991774345, 0.23237357749642074, -0.27210884773692146, -0.09573186599950118], [-0.4454081629498166, -0.1772805671235777, -0.6256146592005035, -0.3277203194892906, 0.21741841281069274, -0.5978785738762485, 0.17341963724128995, 0.3294772355593072, 0.5330882832177937, 0.6267715574311493, -0.025738899100697543, -0.032601870233415375], [-0.6232247226958931, -0.2647184703428937, 0.02620095652146064, 0.4310365966436572, -0.4098095185477681, 0.5533520721028385, 0.14552045942746794, 0.2658393126258064, 0.6400183768240391, -0.3669700461830156, 0.673433962539866, 0.07902243361096171]], "inverted": false, "swapped": false, "error_lsq": 0.05022583925209387, "error_max": 0.3268701425070137, "target": "583.xyz", "model": "28.xyz", "model_rescale": 4.156811204709835, "target_rescale": 3.7731446206254673},
{"mapping": [1, 3, 7, 8, 5, 2, 9, 4, 6, 11], "R": [[-0.21573058616226498, 0.44718327096298544, 0.8680365409157218], [-0.3266581908817296, 0.8046982792335962, -0.4957369319794174], [-0.9201927735664748, -0.39049686499296654, -0.02752195317748657]], "T": [-0.23040635196938583, 0.05639708707487209, 0.004241215479892289], "aligned_model": [[-0.6144529204057594, -0.05513744998404699, 0.0906316673449161, 0.6807453801608635, -0.15326504817662703, -0.6298424572454552, -0.3724746297278386, -0.36992582826854004, 0.2199218311037693, -0.1532751706906939], [-0.17837369322778726, -0.5410049079631883, 0.08685896450193079, 0.30568956976908046, -0.49852312708453994, -0.5119509184572739, 0.5968007508673817, 0.4201830356483184, 0.2489587175586321, -0.009918060986349939], [-0.45080558399279025, -0.26892291929088935, -0.6588353782019143, -0.2463103993317927, 0.6569070744328792, 0.1833127112677285, -0.34892998238049255, 0.3974688274101929, 0.45873268885835, 0.03616968820382799]], "inverted": false, "swapped": true, "error_lsq": 0.050987698835982906, "error_max": 0.2880349249332502, "target": "583.xyz", "model": "29.xyz", "model_rescale": 4.117894457231895, "target_rescale": 3.7731446206254673},
