[{"mapping": [13, 5, 11, 4, 12, 2, 6, 10, 3, 9, 7, 1, 8, 14], "R": [[0.5058645990215243, -0.835747931281666, 0.21360337734972362], [0.4923565456821542, 0.07641615792151797, -0.8670326422531337], [0.708297987700607, 0.5437701409299057, 0.4501421935925816]], "T": [-0.04048102192911485, -0.006106846170933794, 0.20569433487794003], "aligned_model": [[0.06572140831808429, 0.21629134615015422, -0.49986237538010125, -0.32964489172554295, -0.53189412112981, -0.05313791128332579, -0.7464412215767973, -0.007956915488384064, -0.3337436992241817, 0.2024959754125557, 0.6325285115617595, 0.04225284718806302, 0.7734385354026027, -0.05855538709677319], [-0.7599139877839263, -0.41074368346299883, -0.3439184938054448, -0.14833923050833728, 0.23755819911671308, 0.3723093718799212, 0.1460141226275344, 0.42834089146661414, 0.6470341151103175, -0.1145913512475111, 0.5905304142274171, 0.71625258892007, -0.22662182700368205, 0.10136220227334723], [0.42558797197978937, -0.2171892928551311, 0.26198873930152206, -0.48102205123812397, 0.671935873545518, -0.6299098217174817, -0.08232356879058761, 0.6200034289570577, 0.17288278616195168, 0.699657909073727, 0.3024003650051313, -0.16442654305873672, 0.24635541719123663, 0.0716468736239611]], "inverted": false, "swapped": true, "error_lsq": 0.0453222039430269, "error_max": 0.3147712574530018, "target": "584.xyz", "model": "0.xyz", "model_rescale": 3.8414455957264533, "target_rescale": 3.9296656294373626},
{"mapping": [5, 10, 3, 12, 1, 4, 11, 6, 2, 9, 8, 0, 13, 7, 14], "R": [[0.9196820217314878, 0.03431019433410712, 0.39116210126830925], [-0.1554333498199694, 0.9466157152944992, 0.2824166449082397], [-0.36059042231821165, -0.3205331466825849, 0.875918403283168]], "T": [0.031469254741594795, -0.07846564208772788, -0.07705387218488059], "aligned_model": [[0.1041817304024231, 0.22918501071697556, -0.5021438209514357, 0.10178568061449475, -0.7452752552461251, -0.3287942342560458, -0.4003645318229509, 0.6655962280347184, 0.2003844207642097, 0.5030616394530544, 0.6303118990200144, -0.5123276482248914, 0.1210059693986612, -0.0011712953749998187, -0.025717744043061992], [-0.6721465153520632, -0.24505535243953958, -0.5688618650062182, 0.3734569972143682, -0.06959060156407149, -0.40025595718712986, 0.5457605301842243, -0.5262135837050514, -0.7058906595393253, 0.12805347972357972, 0.3501009483289663, 0.2022303663854504, 0.6584195166742358, -0.048880433421630176, -0.08547165033725698], [-0.35378244242269197, -0.7107238562099827, -0.37394697085300127, -0.687882057688596, -0.4579568664345741, 0.1729030170013654, -0.4645157009654809, -0.16326255100084675, 0.27281787829212734, 0.3706738966678972, -0.36344619483479174, 0.3115488152201992, 0.07731723963369912, 0.5640501069412758, -0.1459346538717899]], "inverted": false, "swapped": false, "error_lsq": 0.05011228081872966, "error_max": 0.3777997736348899, "target": "584.xyz", "model": "1.xyz", "model_rescale": 4.316132596720782, "target_rescale": 3.9296656294373626},
{"mapping": [4, 11, 6, 0, 2, 5, 1, 8, 12, 13, 10, 14], "R": [[-0.2997027586545381, -0.8795046354311729, -0.36966180856282604], [-0.9461246614031495, 0.3237859189334728, -0.0032869111917200045], [0.12258214200949247, 0.34876105710856875, -0.9291605585176753]], "T": [0.10723737192380745, 0.07338270343650362, 0.018635055572544156], "aligned_model": [[-0.3203135184449511, 0.4229437810939548, 0.20048030321863702, -0.5884755986195351, -0.6424435005882311, -0.34189205384166227, -0.32804871748050646, -0.24520317737294134, 0.7289127093314858, 0.3218013896629623, 0.39992424835281465, -0.009877310680246762], [-0.5461018604941223, -0.39126011629673024, -0.5320912815064471, 0.4033760379485812, -0.18435827271316912, -0.12094794508660149, 0.2685774070643765, 0.6072659819898071, 0.04269451873009558, -0.0683526544854131, 0.4934766921263826, 0.04049792046422044], [-0.07551536081962826, 0.13156649683072486, -0.46009442418532953, -0.08425579768350472, -0.44303746478640643, 0.42974567288084514, -0.6432278901310473, 0.5695429700974644, -0.3430535825108885, 0.7681220435726154, -0.2965000150046129, -0.10403418705081086]], "inverted": true, "swapped": true, "error_lsq": 0.04495875057807181, "error_max": 0.25958183284921105, "target": "584.xyz", "model": "2.xyz", "model_rescale": 3.795458400668931, "target_rescale": 3.9296656294373626},
{"mapping": [1, 4, 6, 13, 10, 9, 11, 0, 5, 8, 12, 14], "R": [[0.4331244762770689, -0.8679482757967466, 0.24304110473574195], [0.8478854737250475, 0.4838228352396427, 0.21680795083835255], [-0.3057669234821955, 0.11216619206395742, 0.9454762471168194]], "T": [0.03597456266198218, 0.05902878561429689, 0.0728901045129595], "aligned_model": [[0.09297098409164348, -0.20476982412764116, -0.6610854687142155, 0.17762078064265108, 0.01755449397567485, 0.25744527583788634, -0.4033426076818428, 0.5935538683745051, 0.3412268317907352, 0.8587665938083855, -0.4952231709502518, 0.018586068696034776], [-0.0984063197241091, -0.6594614824287262, -0.2273247668120734, 0.07707065896133539, 0.5753441058113893, 0.5221596973337054, -0.009427606400234517, -0.24897171291200296, -0.4370823797183345, 0.09704090735412453, 0.5372961074821074, -0.04246816365747211], [-0.7256104317423435, 0.037689754131054534, -0.11837897594440545, 0.8522925771244746, -0.23457350451122516, 0.29931272601193165, 0.43431941071108227, -0.3717891918761251, 0.33592688051869085, 0.25812935056094966, -0.012725299351018085, -0.06582186499396599]], "inverted": false, "swapped": true, "error_lsq": 0.05490756635152344, "error_max": 0.31703179422290634, "target": "584.xyz", "model": "3.xyz", "model_rescale": 3.7530521520055578, "target_rescale": 3.9296656294373626},
{"mapping": [0, 9, 10, 12, 1, 11, 2, 5, 4, 6, 14], "R": [[-0.30820433632497884, -0.765022749740645, 0.5654646580023738], [0.49012071728357776, -0.6371338566810535, -0.5948463088564625], [0.8153476372443295, 0.09381173194216696, 0.5713209162896983]], "T": [-0.13026642761006985, 0.033478946712336366, -0.17693243968991523], "aligned_model": [[-0.41793681576304437, -0.1654883994082096, 0.3117413376187532, 0.5144077695123042, 0.18518651434498062, -0.06794210494557641, -0.17487151845289367, -0.729453399804957, -0.31595863408514324, 0.29348530610231666, -0.09497045267332523], [-0.6678011906999051, 0.08349829650431403, -0.18487530174995465, 0.3064584245710746, -0.6311268597392874, 0.5879516820166417, -0.4494766653306233, 0.03941199260385886, 0.13976027162516574, 0.3100432838334853, -0.06664057532042336], [-0.0067837325558789685, -0.7346637361582053, -0.5210330606290536, -0.34461680083539153, 0.1758083635798497, -0.04657653551222679, 0.6017572289963314, 0.045403686537506316, 0.55083666802176, 0.4133399898516308, -0.04064129405100553]], "inverted": true, "swapped": true, "error_lsq": 0.03985548675869901, "error_max": 0.2689024738545649, "target": "584.xyz", "model": "4.xyz", "model_rescale": 3.7855080009869324, "target_rescale": 3.9296656294373626},
{"mapping": [7, 4, 6, 1, 13, 8, 12, 5, 10, 9, 3, 14, 2, 15, 16], "R": [[0.11454684162481442, 0.0061254458907270826, 0.9933989631494586], [-0.31841985170374654, 0.9474468736376379, 0.030874255865199263], [-0.9410036233271069, -0.31985449902558116, 0.11047751055464067]], "T": [-0.03707518867452866, -0.060220724008044846, -0.18311197664222095], "aligned_model": [[0.17038910450776557, 0.1502935689767906, -0.38030119956212166, 0.020970345103956935, -0.7543455046622728, -0.37718483621580046, -0.46316139838868675, 0.6971630240742652, 0.2972549619142776, 0.3019455535833709, 0.5988496005339664, -0.19982428111923847, 0.31459930447622947, -0.3022657472125359, -0.03466444752492576], [-0.7534655750038031, -0.3161749273321466, -0.46415940075949763, 0.35233372591262213, -0.09687363990110279, -0.5645920249961167, 0.44884224206700823, -0.36484681216592185, -0.5068192675565115, 0.17931728866124766, 0.14281742083173926, 0.462485027275032, 0.5849652555992464, -0.14903642113098317, -0.019137671542273783], [-0.37737884334405636, -0.8512296147287135, -0.5640404724802688, -0.8151985853030883, -0.0879936480468528, 0.1707875745761605, -0.3326803605756067, -0.3354288764675183, 0.28564954629021744, 0.39533464669859425, 0.008699857219483575, 0.21436610956743007, -0.10665420944994039, 0.592196894900419, -0.14857035938145174]], "inverted": true, "swapped": false, "error_lsq": 0.042096299810005976, "error_max": 0.26118630813813426, "target": "584.xyz", "model": "5.xyz", "model_rescale": 4.2253639853439635, "target_rescale": 3.9296656294373626},
{"mapping": [13, 8, 2, 4, 5, 1, 6, 11, 7, 9, 0, 3, 12, 14], "R": [[-0.0681958778999377, 0.7734592011828922, 0.6301667924787686], [0.9946798404780566, 0.10159357379425688, -0.01705170696028402], [-0.07720969617868795, 0.6256513484915008, -0.7762725378027756]], "T": [0.17556337485992757, 0.0020059176502288598, -0.009167531143812198], "aligned_model": [[0.6544005594728541, -0.12756220108795868, -0.5627299712771318, -0.042831108049962235, -0.031348464789353464, -0.48865288351717207, 0.2930799603297053, 0.63940185025265, -0.43943070146742624, 0.4233399515430083, -0.5821495728662656, -0.025933729457778498, 0.6229436930330379, 0.04153477063957664], [-0.1747425112713117, 0.2570914289980581, -0.4378408914172189, -0.7072297194760816, -0.41686909538965067, 0.12799621483405682, -0.42939069906609095, -0.3191817219918979, 0.6594327256490422, 0.41868394709654533, 0.05433167791861238, 0.19032882704322332, 0.2737391196521763, -0.05125015594447228], [-0.6152469962973303, -0.7546817786939806, 0.3118481336679098, 0.14803886368417868, -0.4453152077067335, 0.44753884933687016, 0.6268841308252693, 0.09087928805541665, -0.09772365535310529, -0.29164391871471884, -0.17235996218403782, 0.6523505031350326, 0.485051629331851, 0.08593832984482708]], "inverted": false, "swapped": true, "error_lsq": 0.045023150049076456, "error_max": 0.257692618586049, "target": "584.xyz", "model": "6.xyz", "model_rescale": 3.89814844738969, "target_rescale": 3.9296656294373626},
{"mapping": [11, 12, 6, 13, 4, 10, 9, 5, 8, 7, 1, 0, 14], "R": [[-0.8980159154747765, 0.06359572382249082, -0.43534239337042835], [0.4393267151432681, 0.18281477914452932, -0.879528733975055], [0.023652757036443067, -0.9810883448690189, -0.1921098816998869]], "T": [-0.06026031499060382, 0.03627845549015667, -0.10996263165043257], "aligned_model": [[0.19087800794226267, -0.151589630056425, 0.584186822114679, -0.25428053046067506, 0.6694877260186368, -0.4361702135517114, -0.5935668932418902, 0.14700582987989258, -0.5681819336844343, -0.5771590844157073, 0.14199948177915978, -0.05503570507416143, 0.051057923654596174], [-0.243895021587556, 0.3432345473112871, 0.2666853208187201, -0.7214934100903144, -0.08077011453752578, 0.4698489622802146, -0.09295705416874361, -0.40207770638127477, -0.27844690058368, 0.550375628290949, 0.7382500172716955, 0.2718735194922373, 0.1431534773544764], [-0.54210770294254, -0.7546932534171356, -0.4788467182612048, -0.23643527809495402, 0.06089584372584542, -0.289303211220147, -0.22696262459175665, 0.3064244505787276, 0.4864506526594082, 0.42556483544463747, 0.25330643104187855, 0.6302848507211567, -0.03230324480762033]], "inverted": false, "swapped": true, "error_lsq": 0.04599699979433579, "error_max": 0.27535054114162816, "target": "584.xyz", "model": "7.xyz", "model_rescale": 3.7474275329858107, "target_rescale": 3.9296656294373626},
{"mapping": [3, 8, 2, 4, 1, 0, 13, 5, 6, 7, 9, 12, 11, 10, 14], "R": [[-0.3016602750914008, -0.610088817945035, 0.7326613901729847], [0.4544196553132229, 0.5835555630908522, 0.6730272517890568], [-0.8381550305861037, 0.5359613223024107, 0.10120081866793063]], "T": [-0.05205839918258917, -0.03446545814108209, -0.10640588666043123], "aligned_model": [[0.1047760718773614, 0.2845082127848906, -0.4182991869801628, -0.11183132628142262, -0.7458742373449225, -0.31835217240575, -0.4165632547811984, 0.5796554928244027, 0.2739487069311417, 0.49943919660743785, 0.6365010957891389, -0.4179848790316213, 0.20070669644530661, -0.021404740699195346, -0.08950762725036612], [-0.7167831981651397, -0.15353671578634076, -0.3790545680223823, 0.1997068185054304, -0.3120608983471741, -0.5386357050709677, 0.6986605076129367, -0.36894797541746754, -0.6222859739527521, -0.013775506258488439, 0.2758364933117213, 0.4020338480192947, 0.47384183388114715, 0.01199378999407915, -0.021337530345358173], [-0.2612606163925912, -0.6875730460629846, -0.7814729400369623, -0.8505942955205483, -0.18616912594857438, 0.22391702517008594, -0.47758556993369855, -0.15201803749459886, 0.35740927733488004, 0.292718103664547, -0.20610022399841424, 0.13067803490777863, 0.14699786015305988, 0.650010170263641, -0.15109695663081213]], "inverted": false, "swapped": false, "error_lsq": 0.04879214671467669, "error_max": 0.3425648140028235, "target": "584.xyz", "model": "8.xyz", "model_rescale": 4.019505241142653, "target_rescale": 3.9296656294373626},
{"mapping": [11, 9, 5, 4, 6, 2, 0, 12, 3, 10, 8, 1, 14], "R": [[0.4536069172331394, 0.2852831393688016, 0.8443069909873597], [-0.44386106013296495, 0.8938390771836806, -0.06355362615199397], [-0.7728053596707833, -0.34592663165952964, 0.5320776649821]], "T": [-0.16118159154350403, -0.08262707479773371, -0.039473158537576915], "aligned_model": [[-0.29514719955449115, -0.6787137503872565, -0.040018989525488435, 0.4072790588898176, 0.2805586666406114, 0.7409149269783928, 0.27779843398774057, -0.3576431077287752, 0.23519942407226624, -0.3100665170523042, -0.44287087517701934, 0.49335900241674674, 0.009051698180934653], [-0.5753680598202205, 0.07575637752898406, 0.19232737832905908, -0.28278862470979166, -0.7224196953808127, 0.060435635698320805, 0.5570055594422102, -0.6102495851794817, -0.3047021601143086, -0.06852349543384384, 0.6923976084029703, 0.12054102457453955, -0.07103373522356596], [-0.2994280290338325, 0.10845205331880783, -0.6035770977947088, -0.5001390163520927, -0.041892335104280067, -0.1251952069719128, 0.0013348834181209565, 0.40914474116864374, 0.5148168899639778, 0.5428403718566399, -0.22039610929093167, 0.40317438195522814, -0.012432033089780962]], "inverted": true, "swapped": true, "error_lsq": 0.04880727329665961, "error_max": 0.33877969477427, "target": "584.xyz", "model": "9.xyz", "model_rescale": 3.877068213659057, "target_rescale": 3.9296656294373626},
{"mapping": [2, 14, 9, 10, 8, 7, 11, 13, 4, 3, 6, 0, 12, 1, 15], "R": [[-0.5349040723810252, 0.46423342126946177, -0.7059496893735737], [-0.8402675555735418, -0.3797785308181423, 0.38693501079648773], [-0.08847637199083008, 0.8001597328696712, 0.59322536484314]], "T": [0.06907040483001875, -0.06448436321802728, -0.11008243431097052], "aligned_model": [[0.009059161140961391, 0.24038351116558698, -0.28216937439779927, 0.06632680106818006, -0.6913855027810423, -0.3621861830679653, -0.3839217743100626, 0.6757527619615407, 0.24165050656143103, 0.5672560855602833, 0.5586761365504829, -0.42344413123886043, 0.1591425534402254, -0.3519610436555138, 0.016538540487592672], [-0.7009227678216028, -0.3041283865523206, -0.3025945064129735, 0.258309993647577, -0.18804848053417975, -0.6319800442914673, 0.45597073486239326, -0.449842059626116, -0.5195240042109242, 0.010388532269760734, 0.2604052558695896, 0.47150980814922316, 0.6632437151494341, -0.08677490254693523, -0.0003576679929205573], [-0.2881278378631346, -0.8330928825870632, -0.615631127411179, -0.741752486849475, -0.15205453575246708, 0.2877277927752485, -0.37195998734620894, -0.3948182053831397, 0.3602852020718931, 0.2758792474202898, -0.29726560129032215, 0.2122616608032118, 0.033075058381073316, 0.6482989087124686, -0.07496554620638697]], "inverted": true, "swapped": false, "error_lsq": 0.03854760201388079, "error_max": 0.23648434628089954, "target": "584.xyz", "model": "10.xyz", "model_rescale": 4.260839863003843, "target_rescale": 3.9296656294373626},
{"mapping": [6, 10, 7, 1, 0, 2, 4, 11, 9, 8, 5, 14], "R": [[-0.3303993546417645, 0.7613837101533426, 0.557791280288099], [-0.8808624728216111, -0.46100367294995603, 0.10750310461213204], [0.33899494159486, -0.45581845008707256, 0.8229896537219146]], "T": [0.21109245734998386, -0.055630072780553215, 0.023657500332397087], "aligned_model": [[0.4805683726713924, 0.11193139263960632, -0.5586622078034998, -0.42990687058723265, -0.5434202086122065, -0.36301252241185, 0.19659000177171448, 0.7483942828519067, 0.32155957343706715, -0.19866925803217247, 0.09105470848571127, 0.10247138468369328], [0.12318668040869918, -0.6433660505660739, -0.49605730994158026, -0.15898956482881108, 0.11889367086473224, 0.42249896734440917, 0.6024904785972024, 0.10491370508458991, -0.41183603355321236, 0.004334009524365565, 0.5116268550457627, -0.004616902447149615], [-0.6833659825229721, -0.055007506734363255, 0.20190315433093922, -0.4703811498117713, 0.08490099545688093, -0.5086858387387608, -0.35329370121323417, -0.09402614698743147, 0.4428484490474078, 0.7593509634228452, 0.2925517144540316, -0.1006168733080669]], "inverted": false, "swapped": true, "error_lsq": 0.04325213620674547, "error_max": 0.22690418606420262, "target": "584.xyz", "model": "11.xyz", "model_rescale": 3.890672605050136, "target_rescale": 3.9296656294373626},
{"mapping": [10, 7, 1, 12, 3, 13, 8, 11, 9, 5, 2, 0, 4, 14], "R": [[0.22370338118649166, 0.7204881182686527, -0.6563944459541282], [-0.2566581364464411, -0.6061459826156321, -0.7528038580897215], [-0.9402570915667539, 0.3368737436972874, 0.04932223196291019]], "T": [0.08349842791005803, -0.1433514573491722, 0.17383727587510706], "aligned_model": [[0.48760413565354, 0.12280275535580788, 0.46759063801839146, 0.6903964178555276, 0.7392683027149115, -0.48083483265127624, -0.5801809030848913, 0.13881855311345975, -0.0232011517087599, -0.4829238524125423, 0.1564617878362613, -0.1516112177262458, -0.013951868304778528, 0.13963707013428794], [-0.28005660572016855, 0.2061561883083995, 0.5359612363745969, -0.5289361459886454, 0.1347370366457305, -0.6692262257069629, -0.10800987954580799, -0.452575676629356, -0.5629543975545503, 0.07742753705576344, 0.7460457682558913, 0.5054562271275583, 0.3098192576922883, 0.018308199513028367], [-0.24979577176496343, -0.6595710780541977, -0.06416471808410545, 0.20905003531146304, 0.0944309050168276, 0.3550583386793354, -0.3467642460993104, 0.6530418909441291, -0.1830314590840234, 0.3711087073879701, 0.38653955758801595, -0.18291292942422316, 0.7743078684162468, 0.19749333452369688]], "inverted": false, "swapped": true, "error_lsq": 0.04807356397353173, "error_max": 0.3689796500385135, "target": "584.xyz", "model": "12.xyz", "model_rescale": 4.124412569039231, "target_rescale": 3.9296656294373626},
{"mapping": [1, 4, 5, 3, 0, 7, 6, 10, 11, 12, 9, 13, 14], "R": [[0.2443532570950522, -0.6383092649735593, 0.7299676485954388], [-0.8702717023360123, 0.1876662181816017, 0.45542129360252237], [-0.42768989917955574, -0.7465538646355869, -0.5096456389860031]], "T": [0.19562464343375746, 0.16834972537915874, -0.0621574410079964], "aligned_model": [[-0.1998364377975232, -0.06576588398283528, 0.5661674922870122, -0.41452563331967857, 0.40318791299426404, 0.4227919009030803, -0.5082360654530225, 0.04221906470285822, 0.020488260715522733, -0.2686136155408813, 0.5304173123294077, 0.7391239255505475, 0.09988007412100594], [-0.3428950143311744, 0.6403841578546176, 0.4981923353301937, -0.20332298700182935, -0.22119745380691277, -0.6806231515895503, 0.48722398717494964, -0.3275484248693501, 0.6538265482623891, 0.0725952888179448, -0.018138342199755214, 0.657079535008639, 0.1319088978583155], [0.43571489222474025, 0.47102515102282233, 0.3408257243126493, -0.005159672842268079, 0.5771149189497349, 0.15210874912370648, 0.023715797652149137, -0.3654830625257906, -0.3110680656044276, -0.6039642216256023, -0.4719656781330825, -0.36811344780163174, 0.07694699621483965]], "inverted": false, "swapped": true, "error_lsq": 0.04431994971174692, "error_max": 0.27187424265201954, "target": "584.xyz", "model": "13.xyz", "model_rescale": 3.9028299243045295, "target_rescale": 3.9296656294373626},
{"mapping": [10, 9, 7, 9, 3, 4, 6, 14, 13, 12, 11, 2, 1, 8, 15], "R": [[-0.45035292008341904, -0.8347534155587806, -0.3168106415278496], [0.3229688681179541, -0.4831077454642741, 0.81381694286801], [-0.8323901474662863, 0.2641848623319968, 0.4871683496653685]], "T": [-0.09827375271825983, -0.06082214355511123, 0.024194719617702642], "aligned_model": [[0.03800350361094243, 0.13014597657981386, -0.32375652187095116, 0.13014597657981386, -0.6861055921798627, -0.5269702301302841, -0.2814465699876504, 0.6436807648616336, 0.48383050966037117, 0.45828388703638784, 0.5250780588580153, -0.38998066279437393, 0.10172750501328962, -0.1751082038042825, -0.08781035294782265], [-0.7285506573319884, -0.02033455550880675, -0.44782728545010886, -0.02033455550880675, 0.008813595835359705, -0.5854949926882196, 0.35558675115473204, -0.3604572413719061, -0.5365947952446946, 0.06431532934550008, 0.24582626578970584, 0.5110308453870147, 0.5445231358011742, -0.021558682818339003, -0.0732879374320774], [-0.277334289510245, -0.7154204769171237, -0.763214003218943, -0.7154204769171237, -0.17149390435641096, 0.04154423026719459, -0.4631035603601343, -0.353658366623577, 0.28389909659299833, 0.4227226301430144, -0.22731265679260415, 0.3848067094455329, -0.10132557917761204, 0.7916984703153167, -0.08852816341547473]], "inverted": true, "swapped": false, "error_lsq": 0.045369106477482164, "error_max": 0.3066609384681454, "target": "584.xyz", "model": "14.xyz", "model_rescale": 3.942246331269136, "target_rescale": 3.9296656294373626},
{"mapping": [11, 4, 10, 3, 9, 6, 5, 13, 8, 0, 12, 2, 1, 7, 14], "R": [[0.5697572864670322, 0.6507770666860239, -0.5018623755505673], [0.1258168257527777, 0.5344039102282763, 0.8358125310679563], [0.8121248431585006, -0.5393530107529416, 0.22260181696589496]], "T": [-0.01229308905905761, -0.10897394551422361, -0.19797021695001804], "aligned_model": [[0.14969794150228324, 0.07356561416645917, -0.4646675625513096, 0.16056243187008196, -0.8026924181351123, -0.24329492164203978, -0.28706781369550927, 0.6920425808744761, 0.2836053156133337, 0.1437541409938635, 0.7365466229339612, -0.32349149122330817, 0.299722713921214, -0.39975942767236033, 0.021194321529006997], [-0.8040884011724945, -0.2677652488919732, -0.44504103069952733, 0.376702923380411, -0.1669008408905331, -0.5376619108365284, 0.4614838690171655, -0.39812756091231366, -0.4830141319911942, 0.19738972504839625, 0.2078076102566756, 0.3833899324998666, 0.6388786213953187, -0.18466014718214857, -0.04273818906258252], [-0.2664232972980224, -0.7557135109255106, -0.6354822351058893, -0.6987564771505812, -0.056281538783601925, 0.07708281624457713, -0.2410549094770333, -0.4829812645724041, 0.411438512311713, 0.4520359724208729, -0.28142553330751335, 0.29536667074117184, -0.19594225294560502, 0.5603970710099272, -0.13440036368729313]], "inverted": true, "swapped": false, "error_lsq": 0.051343102941130196, "error_max": 0.3574491954416225, "target": "584.xyz", "model": "15.xyz", "model_rescale": 4.355366556412066, "target_rescale": 3.9296656294373626},
{"mapping": [4, 11, 6, 0, 2, 5, 1, 8, 12, 13, 10, 14], "R": [[-0.2997027586545381, -0.8795046354311729, -0.36966180856282604], [-0.9461246614031495, 0.3237859189334728, -0.0032869111917200045], [0.12258214200949247, 0.34876105710856875, -0.9291605585176753]], "T": [0.10723737192380745, 0.07338270343650362, 0.018635055572544156], "aligned_model": [[-0.3203135184449511, 0.4229437810939548, 0.20048030321863702, -0.5884755986195351, -0.6424435005882311, -0.34189205384166227, -0.32804871748050646, -0.24520317737294134, 0.7289127093314858, 0.3218013896629623, 0.39992424835281465, -0.009877310680246762], [-0.5461018604941223, -0.39126011629673024, -0.5320912815064471, 0.4033760379485812, -0.18435827271316912, -0.12094794508660149, 0.2685774070643765, 0.6072659819898071, 0.04269451873009558, -0.0683526544854131, 0.4934766921263826, 0.04049792046422044], [-0.07551536081962826, 0.13156649683072486, -0.46009442418532953, -0.08425579768350472, -0.44303746478640643, 0.42974567288084514, -0.6432278901310473, 0.5695429700974644, -0.3430535825108885, 0.7681220435726154, -0.2965000150046129, -0.10403418705081086]], "inverted": true, "swapped": true, "error_lsq": 0.04495875057807181, "error_max": 0.25958183284921105, "target": "584.xyz", "model": "16.xyz", "model_rescale": 3.795458400668931, "target_rescale": 3.9296656294373626},
{"mapping": [11, 12, 6, 13, 4, 10, 9, 5, 8, 7, 1, 0, 14], "R": [[-0.8980159154747765, 0.06359572382249082, -0.43534239337042835], [0.4393267151432681, 0.18281477914452932, -0.879528733975055], [0.023652757036443067, -0.9810883448690189, -0.1921098816998869]], "T": [-0.06026031499060382, 0.03627845549015667, -0.10996263165043257], "aligned_model": [[0.19087800794226267, -0.151589630056425, 0.584186822114679, -0.25428053046067506, 0.6694877260186368, -0.4361702135517114, -0.5935668932418902, 0.14700582987989258, -0.5681819336844343, -0.5771590844157073, 0.14199948177915978, -0.05503570507416143, 0.051057923654596174], [-0.243895021587556, 0.3432345473112871, 0.2666853208187201, -0.7214934100903144, -0.08077011453752578, 0.4698489622802146, -0.09295705416874361, -0.40207770638127477, -0.27844690058368, 0.550375628290949, 0.7382500172716955, 0.2718735194922373, 0.1431534773544764], [-0.54210770294254, -0.7546932534171356, -0.4788467182612048, -0.23643527809495402, 0.06089584372584542, -0.289303211220147, -0.22696262459175665, 0.3064244505787276, 0.4864506526594082, 0.42556483544463747, 0.25330643104187855, 0.6302848507211567, -0.03230324480762033]], "inverted": false, "swapped": true, "error_lsq": 0.04599699979433579, "error_max": 0.27535054114162816, "target": "584.xyz", "model": "17.xyz", "model_rescale": 3.7474275329858107, "target_rescale": 3.9296656294373626},
{"mapping": [12, 9, 10, 13, 6, 4, 3, 7, 11, 1, 5, 8, 0, 14], "R": [[0.5612562978657872, 0.6087587035059419, -0.5607175840044216], [0.7483823520576174, -0.6626009142104655, 0.029730180224207675], [-0.3534334778069266, -0.43631739524481516, -0.8274732064375744]], "T": [-0.010106266374969673, -0.0979230343016787, -0.059236576894095526], "aligned_model": [[0.5783790345756404, 0.05359818300456415, 0.5274381086860287, -0.5518447657620785, 0.2191082239257676, -0.3525091342593476, 0.6037370701630794, 0.28669849834644445, -0.09828463368298151, 0.36954716485086975, -0.6273133759964276, -0.44963885143165117, -0.1633068721134039, 0.019238997576371607], [-0.40265073314503963, 0.1889482819786979, 0.13537629589154854, -0.17811305582894116, -0.7689306628601587, -0.5366785783522141, -0.18846112954702715, 0.7257962852528937, -0.6174940395171483, 0.12292116060725566, -0.05252426477562299, 0.6091452693347618, 0.43112720812033734, -0.10805379564810938], [-0.34042466494704504, -0.5372044761676508, -0.19366926282457594, -0.6319025644508054, 0.25964331479067587, 0.4562040485320807, 0.2994721105167181, 0.16805909653466392, -0.28415332421116085, 0.6283160571508772, 0.10041278034134477, -0.1992749532760442, 0.48860836584333883, 0.11070819082923813]], "inverted": false, "swapped": true, "error_lsq": 0.04126646025924456, "error_max": 0.21748068490016015, "target": "584.xyz", "model": "18.xyz", "model_rescale": 3.922800546911778, "target_rescale": 3.9296656294373626},
{"mapping": [12, 8, 5, 6, 0, 3, 1, 13, 7, 11, 4, 2, 10, 9, 14], "R": [[0.31529295213446507, -0.5490039486589795, 0.774070422307417], [0.41811122788061794, -0.6518777554967071, -0.6326439701828647], [0.8519233272158334, 0.5231157197460464, 0.024012253123767757]], "T": [0.008833222465982025, -0.07273981974606337, -0.217327239509733], "aligned_model": [[0.009824927050805309, 0.19499618665605728, -0.4465767707394566, 0.15379369910584922, -0.8053883088778452, -0.3601981752967694, -0.48424810234797255, 0.6227210085755578, 0.2098747587187616, 0.5512300309683914, 0.6267449217774143, -0.38940920858416184, 0.24358305774488231, -0.10961541499645377, 0.022385438729980982], [-0.8577603809800871, -0.13208049290137183, -0.48333338258096875, 0.5036019560227827, -0.2461861262978967, -0.45915454608044615, 0.3678884455681266, -0.37935086067487717, -0.5619046365335505, -0.011782036917827296, 0.2988205969187942, 0.3324448000753847, 0.5990369360487411, 0.08890072009015156, -0.12348577179841673], [-0.2658636127606058, -0.7971657422801669, -0.6718031843438639, -0.5674477753671249, -0.14382681558906021, 0.13430997456508484, -0.5500441805598827, -0.24807138474453158, 0.3814307264306306, 0.240202501171538, -0.2805342621738392, 0.21897237401199157, 0.16242156229699137, 0.5717135972533165, -0.136434118435669]], "inverted": false, "swapped": false, "error_lsq": 0.04489462558676713, "error_max": 0.284652985834421, "target": "584.xyz", "model": "19.xyz", "model_rescale": 3.9282355846067225, "target_rescale": 3.9296656294373626},
{"mapping": [10, 7, 8, 1, 3, 0, 2, 5, 6, 11, 9, 12, 13, 14], "R": [[0.36366468408005426, 0.6370411993464462, -0.6796517548628823], [0.9311035558039484, -0.2706562528300584, 0.24452272117992402], [-0.028180949632645613, -0.7217504438095156, -0.6915794465848225]], "T": [0.02670388536228796, -0.06808423117908703, 0.15966907315126389], "aligned_model": [[-0.4356747917512669, -0.15737083185462436, 0.5965128919489627, -0.4123210566453718, -0.6419008584060714, 0.18037231992298286, -0.039665481625487, 0.6100838447679308, -0.3602118091084663, 0.05916377553967875, 0.08805028767521386, -0.5539052733299344, 0.6294589087296908, -0.030069106778561394], [-0.4483963402423752, -0.7673430034317529, -0.6535984889403058, -0.06279535244532312, 0.024679162852626252, -0.2752092799699649, 0.3760514880820396, 0.0940236127853357, 0.6059134582474591, 0.3174175853072156, -0.53313210061965, -0.04498948784697275, -0.11437057457237641, 0.004631408218880154], [0.21465396494313174, -0.3838597456223346, -0.05301843509651888, -0.5279839199387242, -0.08123621999310157, -0.5731227746960231, -0.6402883678752113, -0.04498295248376427, 0.18199093437035058, 0.5823411708355581, 0.46752264185433173, 0.5846400114674114, 0.6719203111152935, 0.013606538363283738]], "inverted": true, "swapped": true, "error_lsq": 0.03924601156209627, "error_max": 0.22623013199733072, "target": "584.xyz", "model": "20.xyz", "model_rescale": 4.067790424073018, "target_rescale": 3.9296656294373626},
{"mapping": [11, 13, 10, 5, 9, 12, 1, 6, 3, 2, 4, 7, 8, 0, 14], "R": [[-0.8298079784160121, -0.5522107309131543, -0.08051104037019695], [-0.41987066701415515, 0.7128423615373694, -0.5617511820894684], [0.36759671100027536, -0.43234138856022863, -0.8233793668775006]], "T": [0.062115672250701415, -0.06533398862860407, -0.12884259235101017], "aligned_model": [[0.0491506256964595, -0.007331841478070145, -0.5117242199331744, 0.25087275964521977, -0.7134139850539138, -0.4200737744296981, -0.4907905779234733, 0.7406851614954053, 0.28172588424732325, 0.5795803824329113, 0.7110281371918108, -0.4562920602258474, 0.051114281261250546, -0.026466558786659836, 0.0016538343454975124], [-0.6860304693661141, -0.21676037675911858, -0.3633576678284517, 0.3154802724691855, -0.10349812820379836, -0.6011856594421574, 0.38443677327294434, -0.33809535103165794, -0.7129598295587404, -0.05350724693280151, 0.4034606755780923, 0.40479591634456813, 0.501905121165341, 0.10206029911271258, -0.10108910886146485], [-0.30939740493451384, -0.8088209720748339, -0.6320090522112167, -0.538497790488137, -0.16271217398943005, 0.13071509159238756, -0.5354210491532031, -0.24154392393845536, 0.3772178206405147, 0.40577159885217384, -0.0886347524231692, 0.1297985732959636, -0.07151320685348794, 0.5556940175516157, -0.16278711639139948]], "inverted": false, "swapped": false, "error_lsq": 0.04357667421073181, "error_max": 0.2882427727049179, "target": "584.xyz", "model": "21.xyz", "model_rescale": 4.186013935880536, "target_rescale": 3.9296656294373626},
{"mapping": [4, 2, 6, 13, 8, 11, 5, 0, 12, 1, 7, 9, 14], "R": [[0.196325673480366, -0.8065972329901981, -0.5575456337063693], [-0.5258268898892414, -0.5665428314343688, 0.6344566983015753], [-0.8276244992760233, 0.16861234795496025, -0.5353574173533298]], "T": [0.14077417672525214, 0.002272940085095647, 0.07421897896225753], "aligned_model": [[0.02566986883798407, -0.5071462093286067, 0.3652820421321473, 0.5831389165711012, -0.2550923114824595, 0.6474871398850662, -0.050268680145159256, -0.6289304608953185, 0.5926730316739717, -0.4916174125075833, -0.5556770392487534, 0.30996606320305564, 0.023089086727780345], [-0.2909574445361511, -0.0008612744045986623, 0.26033291579996487, -0.5897726179591243, -0.44879440022505496, -0.1058330533866004, -0.5976710167334437, -0.1002881508153819, 0.5626308044301552, 0.4433817258141967, 0.31811658028963485, 0.021543409654511257, 0.0471291816179854], [-0.6158477783525145, -0.575229007782589, -0.6239759599859377, 0.3599686398829029, 0.667997729182603, -0.17046870827743038, -0.03561479190603993, 0.09734168094731228, 0.06900846048003365, -0.1925045255679501, 0.5574046654626854, 0.6088304979775301, -0.04403134072525998]], "inverted": true, "swapped": true, "error_lsq": 0.047704675479591264, "error_max": 0.3551466042132865, "target": "584.xyz", "model": "22.xyz", "model_rescale": 4.166573947596378, "target_rescale": 3.9296656294373626},
{"mapping": [14, 12, 11, 6, 3, 9, 2, 13, 10, 7, 5, 4, 1, 8, 15], "R": [[-0.4908537885487459, 0.8245434473790478, 0.28140835391227903], [-0.4160507438588849, 0.061951415423505185, -0.9072286374787191], [-0.765483074144564, -0.562396768759654, 0.3126428276594374]], "T": [-0.06341634524321042, -0.08486299174270448, -0.12037110604542284], "aligned_model": [[0.2674551109906748, -0.04110154129432024, -0.6396164734117447, 0.17822386226063658, -0.6571574166671948, -0.37689030985895317, -0.36579978784779693, 0.7402163879158599, 0.43701478199003746, 0.45179463854504104, 0.7026220824968584, -0.4259516378055214, 0.1406765528354706, -0.34547162534954917, -0.0262965763144576], [-0.768282591948507, -0.3425815036603146, -0.35931107631665204, 0.31193697700068423, 0.0023005220530773196, -0.5733390445009543, 0.4271329328109318, -0.35014731371196506, -0.5271977585080291, -0.014500346829380645, 0.23776056235266566, 0.4333064911916856, 0.5941835229620028, -0.1085054134199433, -0.027100739516762742], [-0.3427210390889368, -0.7224214140504204, -0.5837985422192642, -0.7230878113801991, -0.08430569348524489, 0.03316841874185031, -0.43538486140883187, -0.14510564886182659, 0.2185239722764752, 0.37054272349593304, -0.10767658873515484, 0.25369046905533543, -0.19345311948495722, 0.6372336689412166, -0.12734487432116642]], "inverted": false, "swapped": false, "error_lsq": 0.04749674365807034, "error_max": 0.26474068142567336, "target": "584.xyz", "model": "23.xyz", "model_rescale": 4.274766983524099, "target_rescale": 3.9296656294373626},
{"mapping": [7, 3, 12, 9, 11, 13, 8, 5, 0, 4, 14], "R": [[-0.009694982260835205, 0.6530466465907856, 0.7572556270477571], [0.538964707035748, -0.6344629302698747, 0.554052194908778], [0.8422725520215131, 0.4135055833841835, -0.3458179877063563]], "T": [-0.1139035875871727, 0.1672753000916007, 0.01015039922671012], "aligned_model": [[0.44601672040655627, 0.19400086067359365, -0.4773387178642976, -0.42612949050737414, -0.5379160007845397, -0.685033770503741, 0.039806953098058345, 0.029969340135414496, 0.5994779598202556, 0.1598899427464662, 0.03715090673768315], [-0.3231863847925635, 0.6189338438142971, 0.5507776572970089, -0.2264977265034775, 0.4853540562643857, -0.19211441017073633, -0.6522824773851839, -0.05488936356368723, -0.13379957132421555, 0.5926890678722363, 0.25060183973541894], [-0.5038598081476277, -0.4533926101589726, -0.4788092195952519, -0.23937817786011892, 0.22776559968735827, 0.4254896881150616, 0.14222365637281878, 0.5919038045445539, 0.07291468452442157, 0.5753808112184763, 0.019328005320857794]], "inverted": true, "swapped": true, "error_lsq": 0.04675352163924326, "error_max": 0.24975942101525914, "target": "584.xyz", "model": "24.xyz", "model_rescale": 3.7841303162186577, "target_rescale": 3.9296656294373626},
{"mapping": [2, 4, 1, 6, 0, 9, 7, 5, 12, 13, 3, 10, 11, 14, 15], "R": [[0.11285755907664904, -0.37157372827377233, 0.9215183860433767], [0.9090408759485549, 0.4130329052603131, 0.05521326857657999], [-0.4011332162934715, 0.8314666461313733, 0.3843895929354759]], "T": [-0.12305783521456387, -0.07853079567597326, -0.13971998125872306], "aligned_model": [[0.03244670278042913, 0.25079963063561245, -0.4257303325984522, 0.17850506678010541, -0.7557082706579314, -0.21405431996879554, -0.46443668709260166, 0.6017902138605011, 0.39274221648058444, 0.441109413468837, 0.6409203522760043, -0.621878920044846, 0.10856014131679531, -0.04290232410132566, -0.0824448346498755], [-0.8138452569218004, -0.33363886568814327, -0.3089372181988775, 0.3268654866306803, 0.047417759500211126, -0.46004926681395913, 0.458692891818187, -0.56431871091651, -0.4212864103755222, 0.21052851766337355, 0.09318351353839543, 0.23295071339380963, 0.6408137091986432, -0.1314170046797088, -0.0413046381902405], [-0.20236189752047598, -0.7328934893498257, -0.7787337789116382, -0.6561888793305496, -0.493584838702836, 0.29422011192123465, -0.27259868228288575, -0.2288499571479195, 0.2980479957466221, 0.3187121578369424, -0.3290699553353251, 0.36960496424615796, -0.004353200190036793, 0.6477297665004277, -0.18182065800508457]], "inverted": false, "swapped": false, "error_lsq": 0.052134463106879594, "error_max": 0.3403033053209295, "target": "584.xyz", "model": "25.xyz", "model_rescale": 4.19342608120988, "target_rescale": 3.9296656294373626},
{"mapping": [4, 11, 6, 0, 2, 5, 1, 8, 12, 13, 10, 14], "R": [[-0.2997027586545381, -0.8795046354311729, -0.36966180856282604], [-0.9461246614031495, 0.3237859189334728, -0.0032869111917200045], [0.12258214200949247, 0.34876105710856875, -0.9291605585176753]], "T": [0.10723737192380745, 0.07338270343650362, 0.018635055572544156], "aligned_model": [[-0.3203135184449511, 0.4229437810939548, 0.20048030321863702, -0.5884755986195351, -0.6424435005882311, -0.34189205384166227, -0.32804871748050646, -0.24520317737294134, 0.7289127093314858, 0.3218013896629623, 0.39992424835281465, -0.009877310680246762], [-0.5461018604941223, -0.39126011629673024, -0.5320912815064471, 0.4033760379485812, -0.18435827271316912, -0.12094794508660149, 0.2685774070643765, 0.6072659819898071, 0.04269451873009558, -0.0683526544854131, 0.4934766921263826, 0.04049792046422044], [-0.07551536081962826, 0.13156649683072486, -0.46009442418532953, -0.08425579768350472, -0.44303746478640643, 0.42974567288084514, -0.6432278901310473, 0.5695429700974644, -0.3430535825108885, 0.7681220435726154, -0.2965000150046129, -0.10403418705081086]], "inverted": true, "swapped": true, "error_lsq": 0.04495875057807181, "error_max": 0.25958183284921105, "target": "584.xyz", "model": "26.xyz", "model_rescale": 3.795458400668931, "target_rescale": 3.9296656294373626},
