[{"mapping": [0, 6, 1, 2, 8, 4, 3, 12, 9, 5, 13, 10, 7, 14], "R": [[0.8839375471875942, -0.3256073456459854, 0.33561029354499133], [0.022040559830506568, 0.7459362579316654, 0.6656525466226819], [-0.4670852453186007, -0.5809982405862169, 0.6665376343773717]], "T": [0.05857179056226996, 0.00821151333450941, 0.13064525738447247], "aligned_model": [[0.1757522177862017, 0.18451844084816887, -0.49137070258485, -0.38697075789185403, -0.5712172828880349, -0.16812347455892462, -0.7266618679813849, 0.0187330379829238, -0.38438947355596953, 0.12205879832902575, 0.7104878884765031, 0.2703941712271017, 0.646088111043189, -0.027807005103792574], [-0.655866311263504, -0.45359421999814475, -0.3784051627297561, -0.23815744970968794, 0.1516784218540947, 0.35608056444925706, 0.18504842310960584, 0.4595791216065189, 0.765248796887517, -0.15405965315934816, 0.580494359630663, 0.5771549004162302, -0.05711838335963294, 0.09718992407622183], [0.3929846736954576, -0.25402016090003104, 0.27671222727853423, -0.48123102143573854, 0.5550577004099846, -0.4762954667354307, -0.07100297103099629, 0.5654915616253063, 0.18386951124348938, 0.7582458278979078, 0.31312868707031577, -0.1486054738150222, 0.2498865983545685, 0.03336639352148804]], "inverted": false, "swapped": true, "error_lsq": 0.04172179631306876, "error_max": 0.2838224147125661, "target": "585.xyz", "model": "0.xyz", "model_rescale": 3.8414455957264533, "target_rescale": 3.8611605500449837},
{"mapping": [11, 13, 8, 9, 6, 0, 12, 1, 7, 2, 5, 10, 4, 3, 14], "R": [[0.21526182353742612, -0.02732793325821764, -0.9761739247650373], [0.7338564157928139, -0.6549778926127542, 0.18016304057236693], [-0.6442958236144846, -0.7551537222661291, -0.12093695638862101]], "T": [-0.0875902883042236, 0.13390235697051808, 0.007717167307829998], "aligned_model": [[0.1410703228681192, -0.4936305221794278, -0.07723650568162715, -0.6575916233802779, 0.02487001817015505, -0.4401642610838306, 0.312364145863784, 0.4049048938360141, -0.6837923098902687, -0.23186004877975347, 0.3535367530538819, 0.5171349169613573, -0.1441439195226616, 0.44961846970567204, -0.011034901935266572], [-0.6447047206104203, -0.2888879094484166, 0.24448403909182861, 0.3799039061916427, 0.8893318169601002, -0.41091125173054754, -0.187010956016572, -0.4729633824406857, 0.15620967221501986, 0.720750424708875, 0.5635297005152698, 0.32529813271188035, 0.11908636831131651, 0.05256449909929137, 0.09024391497179901], [-0.25257256696752495, -0.47314322795809904, -0.7745659580791341, -0.2752870654975536, -0.15570310142031743, 0.33080708513210083, -0.5573851597127474, 0.3787432594715604, 0.24646501604874985, 0.43127390402974874, 0.24255767498020256, -0.24929719718422172, 0.5484568534084991, 0.5717808031100695, 0.024957014393365652]], "inverted": false, "swapped": false, "error_lsq": 0.04249104102753489, "error_max": 0.241934786605682, "target": "585.xyz", "model": "1.xyz", "model_rescale": 4.316132596720782, "target_rescale": 3.8611605500449837},
{"mapping": [5, 12, 8, 6, 1, 7, 2, 11, 9, 13, 4, 14], "R": [[0.1520973000914747, -0.7785397198778901, -0.6088861271841728], [-0.5651377003226115, -0.5739151595002152, 0.5926556920927302], [-0.8108549753062839, 0.25396317502405585, -0.5272730931431517]], "T": [-0.12868037735060184, -0.03130474128691, -0.016873396032212568], "aligned_model": [[-0.28438690650751064, 0.33286944896411663, 0.1383521721818941, -0.615064292544369, -0.4040533805562429, -0.29781612049858, -0.30401320392490333, -0.19657235458794364, 0.6978888363147366, 0.3184925715168291, 0.2398837868395649, -0.027772002565811083], [-0.6544103079338931, -0.44660679751426774, -0.5175539699659161, 0.34351196742177487, -0.25664295586767966, -0.0858092234381698, 0.5139065474250792, 0.7071320272788739, -0.09965695626302762, -0.11187935529223406, 0.5612764661196772, 0.05950898577076328], [0.0914775953370116, 0.07750410254857452, -0.5550167391775972, -0.02301342817483722, -0.6056323941196653, 0.5593941472539388, -0.5696857146393648, 0.3828580900305007, -0.3071564667165316, 0.7442747776984708, -0.24879715947699513, -0.09694834935408445]], "inverted": true, "swapped": true, "error_lsq": 0.052176612540355154, "error_max": 0.2697250493137901, "target": "585.xyz", "model": "2.xyz", "model_rescale": 3.795458400668931, "target_rescale": 3.8611605500449837},
{"mapping": [4, 10, 9, 5, 2, 1, 12, 6, 7, 0, 3, 14], "R": [[-0.46992824858202653, 0.7208818912743572, 0.5094082253137802], [0.8087812125635926, 0.12045274637656483, 0.5756423247942318], [0.3536105080293769, 0.6825103916593863, -0.6396398782816447]], "T": [0.13108497962977242, -0.07991461827019967, 0.12003246614535595], "aligned_model": [[-0.19385537237512326, -0.2212367196772251, -0.7445668462514995, 0.2141138743129795, 0.21686161220848002, 0.18209040280805183, -0.3400649160567695, 0.6455020218435819, 0.4524805531498314, 0.7258496082035868, -0.37010952782554873, 0.02623913540321933], [-0.0925796131429847, -0.5611218789427704, -0.06321781479250109, -0.015218553408041305, 0.3889409442221506, 0.5970513237754824, -0.23899634424277233, 0.012687844680434199, -0.550691054308168, 0.16104128132261236, 0.5026420351339371, -0.05476912500766917], [-0.539538627892916, -0.18138960007312832, 0.048561856928583724, 0.7628120781262271, -0.5174745846711637, 0.23120944123683304, 0.5035972358679317, -0.20229418279421507, 0.31684799455445567, 0.4543195733548216, -0.19294838065352787, 0.005068626655198333]], "inverted": true, "swapped": true, "error_lsq": 0.046087179977039455, "error_max": 0.2696897261444058, "target": "585.xyz", "model": "3.xyz", "model_rescale": 3.7530521520055578, "target_rescale": 3.8611605500449837},
{"mapping": [1, 7, 6, 11, 2, 13, 3, 12, 9, 10, 14], "R": [[-0.656371190521764, -0.4299935560424719, 0.619905155660922], [-0.5834649233075468, -0.23157962620667027, -0.7784211970364743], [0.4782735028440953, -0.8726261619318598, -0.0988839622452029]], "T": [-0.16043076934205275, -0.11233836107443998, -0.1312371441098548], "aligned_model": [[-0.39978352365103564, -0.1346051044067329, 0.27753249922213225, 0.6151247914333375, 0.34849190582205675, -0.23034332290864346, -0.16088582860862555, -0.6262523763493537, -0.3734789183287217, 0.11544987084128439, -0.09305039062049272], [-0.7539315908101548, 0.2672075948204934, -0.39197150092042177, 0.17990606449029742, -0.6667015068143733, 0.7681857881717776, -0.5613369803403522, 0.22596996317234988, 0.11560775511844848, 0.40546196615614316, -0.12119419472986181], [-0.06556259625543895, -0.5991472017323664, -0.45848026561066535, -0.2822014132919503, 0.12814215800669645, -0.20601624842702848, 0.5665631367801175, 0.11969882482773911, 0.6902274051698613, 0.18863621055089738, 0.010970767227454326]], "inverted": true, "swapped": true, "error_lsq": 0.049847124934149285, "error_max": 0.305114799428683, "target": "585.xyz", "model": "4.xyz", "model_rescale": 3.7855080009869324, "target_rescale": 3.8611605500449837},
{"mapping": [5, 10, 9, 15, 14, 7, 3, 0, 8, 13, 12, 2, 6, 1, 16], "R": [[-0.24830866059912082, -0.9017673995237424, -0.35377728336858727], [0.6056192523680343, -0.4295566367955198, 0.6698555194563266], [-0.7560212498552232, -0.04792340702734921, 0.6527903314435939]], "T": [-0.04505019422306275, 0.11574631013007658, 0.09464232707691977], "aligned_model": [[0.07199501171997899, -0.4937430846827391, -0.005451071666836324, -0.5915681392429257, 0.11120775160276036, -0.416310869289672, 0.26702911954478514, 0.5691649385343402, -0.7436214868211656, -0.3962531683267666, 0.2632174516535959, 0.5608248478325928, -0.3109303635375982, 0.6069886380938306, -0.028504147408310847], [-0.6528699518417609, -0.21963914615729346, 0.21361806315600051, 0.5364158521067577, 0.6801199137686431, -0.5072837151129144, -0.16351089183440787, -0.36376830292099543, 0.19953282318172327, 0.6537849767106472, 0.6689166171495946, 0.2593229396892464, -0.003449445364092585, 0.0855775383546109, 0.15015698364462204], [-0.1303747971991985, -0.3713572006440189, -0.6094649436577687, -0.3566595440805695, -0.24412498010484096, 0.28270766325217633, -0.4594682417343928, 0.13041088705352183, 0.11160827391410527, 0.42936385778612457, 0.34371848600777344, -0.3029590718607324, 0.6787460640144698, 0.4780991634350054, 0.056841717573043314]], "inverted": false, "swapped": false, "error_lsq": 0.0384766841934597, "error_max": 0.26531121386560863, "target": "585.xyz", "model": "5.xyz", "model_rescale": 4.2253639853439635, "target_rescale": 3.8611605500449837},
{"mapping": [7, 5, 9, 10, 12, 3, 4, 11, 1, 0, 8, 2, 6, 14], "R": [[0.9125270813434648, -0.31560072546977075, -0.2601739954294664], [-0.40789979720166053, -0.655224536079407, -0.6358447631005306], [0.030200683065484096, 0.6863504858324792, -0.7266436054489835]], "T": [0.11396165563946861, -0.03415463186291731, -0.06961461847580491], "aligned_model": [[0.5726786333863935, -0.03206493865632867, -0.566438175091824, 0.18330997214285757, -0.27515838774674506, -0.516306293447443, 0.045117602529726006, 0.7847211409004033, -0.2487327882128109, 0.3590726866653857, -0.6361739768289114, 0.09812224648802645, 0.5570335177518708, 0.04888091287718284], [-0.1682736343865192, 0.18490726477237185, -0.5638039442752542, -0.6756949102985521, -0.37140335834776506, 0.05641886341772667, -0.3622524167083, -0.3467961332106435, 0.5417615324638463, 0.5738705594245594, 0.12337545880979797, 0.2632300923943942, 0.2890527337384322, -0.09929296115910467], [-0.43738186432384596, -0.6653772615981841, 0.0997389395008782, 0.1040608019868042, -0.42914214264557426, 0.4624417258132009, 0.5849027628656016, 0.3329030174862773, 0.030475699436158243, -0.37584741917951886, -0.16872948167176594, 0.6685654733130983, 0.20664414049198793, 0.058303817456331064]], "inverted": false, "swapped": true, "error_lsq": 0.04057197245676756, "error_max": 0.354452014900425, "target": "585.xyz", "model": "6.xyz", "model_rescale": 3.89814844738969, "target_rescale": 3.8611605500449837},
{"mapping": [6, 0, 1, 11, 3, 5, 7, 4, 10, 12, 8, 9, 14], "R": [[-0.6205755179892047, 0.2982309787761964, -0.7252201802008973], [-0.7599588569233409, -0.4566760070848124, 0.46250357872868575], [-0.19325776117972426, 0.8381558971046283, 0.5100452233797865]], "T": [-0.1331303282546164, 0.05772493049640157, -0.11748152972389321], "aligned_model": [[0.022507907000351712, -0.15160294136530267, 0.40813580596506, -0.32479741537486617, 0.5904971607564129, -0.375319018813452, -0.6812997332491748, 0.19573368670629843, -0.3748907016863665, -0.3808691141604963, 0.23180472367660104, 0.03376199234622568, -0.04503055089706881], [-0.32291637076602686, 0.291116611393237, 0.4147989341982314, -0.760676962387772, 0.15055989890624116, 0.6251807864320718, -0.0444260229363966, -0.43970608298878355, -0.3076774351467743, 0.4538059525859024, 0.6763753017275815, 0.2325859950598746, -0.0052393406069009205], [-0.5735336293584695, -0.8021271788378083, -0.34720720852606113, -0.17374441386093226, 0.27782863328699164, -0.32624813976715544, -0.34712779198508087, 0.3128573007735706, 0.3870769926999202, 0.30222845373444845, 0.16789029565472935, 0.7273400566608234, -0.0029583396386807653]], "inverted": false, "swapped": true, "error_lsq": 0.039866503856774274, "error_max": 0.26032872153870695, "target": "585.xyz", "model": "7.xyz", "model_rescale": 3.7474275329858107, "target_rescale": 3.8611605500449837},
{"mapping": [1, 3, 6, 5, 7, 2, 0, 12, 8, 9, 11, 10, 4, 13, 14], "R": [[-0.20132661253233117, 0.976896609174645, 0.07169804787675582], [-0.35938610430200735, -0.14176045354504296, 0.9223587164684524], [0.9112130503460119, 0.15992807381377633, 0.3796232185803866]], "T": [0.026508743312925978, 0.07606684595499237, 0.0202885360347152], "aligned_model": [[0.1593858489160514, -0.5170062778236507, -0.11607850492204365, -0.48656766074378033, 0.050402253613029746, -0.4505010651345413, 0.12052576469832663, 0.5989773411773517, -0.6052656201620557, -0.21214432030549352, 0.3495641038682823, 0.5653596656840673, -0.3418829033520351, 0.3290386893384109, 0.02023811315395039], [-0.6574579957541596, -0.09240442138279963, 0.2874014564891659, 0.486210876025152, 0.6911511595584815, -0.5870071115802268, -0.2394825976697636, -0.003432931859674332, 0.13933489957883022, 0.7600986228884291, 0.56735499349289, 0.3611501866454439, -0.12531181624462395, -0.08482330466388581, 0.03414223900712232], [-0.07503617981564623, -0.41599507684240977, -0.7555623887110718, -0.26529147415496035, -0.2712213595923129, 0.22371927445283013, -0.5505026569114317, 0.23616375134650716, 0.26942428799126894, 0.2558425286971754, 0.2221576661539506, -0.4309658622915554, 0.6805612637190388, 0.8513732608878559, 0.06242029882545952]], "inverted": false, "swapped": false, "error_lsq": 0.05407043461543914, "error_max": 0.3350825987241815, "target": "585.xyz", "model": "8.xyz", "model_rescale": 4.019505241142653, "target_rescale": 3.8611605500449837},
{"mapping": [7, 10, 5, 0, 6, 1, 8, 11, 2, 4, 9, 3, 14], "R": [[-0.6225483354859077, -0.45300718321479366, -0.6381363975981342], [-0.7819749748051619, 0.39218459313323273, 0.4844650489843277], [0.030801116249123794, 0.8006096032803498, -0.5983941463392577]], "T": [-0.02977239112457966, -0.11400603848594941, -0.12452814099506057], "aligned_model": [[-0.32618252443620355, -0.6381147269346532, 0.13778134163667313, 0.4472776904186925, 0.20159350293665726, 0.6284821028742551, 0.3019859223770228, -0.4486826625049558, 0.3576817444272429, -0.23807668613146854, -0.3374114326933739, 0.2914446354216762, -0.05807813565038866], [-0.4837735072201957, -0.04145902304083661, 0.03620847872634485, -0.4671406575543882, -0.6497962093173361, 0.08305209857320715, 0.5804622913793807, -0.7261438044519266, -0.25051345947920267, -0.0366437994358117, 0.6537723904374289, 0.4142540767461919, -0.04890064724879713], [-0.4974557097881248, 0.14231039171927654, -0.7357616096432449, -0.5383780407323295, 0.06650403950565789, -0.0911534286667611, -0.1951901032454522, 0.27482756849608936, 0.5572661284696351, 0.57647475999599, 0.1721660712504384, 0.42890303964392573, 0.016190387038778314]], "inverted": false, "swapped": true, "error_lsq": 0.05155913060091683, "error_max": 0.265733464614885, "target": "585.xyz", "model": "9.xyz", "model_rescale": 3.877068213659057, "target_rescale": 3.8611605500449837},
{"mapping": [7, 8, 9, 11, 10, 1, 2, 4, 0, 12, 6, 13, 5, 3, 15], "R": [[0.03811391437099487, 0.4922237088455755, -0.8696339172212794], [-0.7129314892617191, -0.5964065526131517, -0.3688196247749893], [-0.7001971302071927, 0.6340465633140855, 0.328190393520605]], "T": [0.0527390596738154, 0.15643984296668786, -0.03711349025145608], "aligned_model": [[-0.036439117868066584, -0.4984863939180806, -0.04033637850248814, -0.5758857110844182, -0.04959997448023595, -0.37608675700012006, 0.37924716075526443, 0.38837403022179817, -0.6902692264574699, -0.2953899798611799, 0.2982254690708245, 0.801209740881116, -0.18232701252381145, 0.37227685572121916, -0.03046727694848128], [-0.6402032987362914, -0.17881925977141042, 0.1856786988425948, 0.5123099957094269, 0.7756645694313853, -0.4923998048501589, -0.1873533326860136, -0.3890297778014017, 0.13872625827526494, 0.5956192660271129, 0.675395313119012, 0.2948650300672689, -0.05740374226689418, 0.1450386110321597, 0.15883572813832603], [-0.19104050816814291, -0.46028575913465186, -0.6898978007361752, -0.18825120308224527, -0.3677163330750093, 0.3476229657522316, -0.5013914999098096, 0.18175345359649567, 0.2481775038079783, 0.45697437835724, 0.18811132615471246, -0.17227488604522617, 0.6770365675085064, 0.5110898949403613, -0.0028207662115667387]], "inverted": true, "swapped": false, "error_lsq": 0.03777486387333255, "error_max": 0.2505933310372803, "target": "585.xyz", "model": "10.xyz", "model_rescale": 4.260839863003843, "target_rescale": 3.8611605500449837},
{"mapping": [4, 3, 1, 2, 0, 6, 11, 10, 12, 5, 7, 14], "R": [[-0.2704300717525528, -0.7343363859185772, -0.6225894703638604], [-0.9381608683843203, 0.3461986268230607, -0.0008341571827549243], [0.2161521716853373, 0.5838634969767078, -0.7825481809919712]], "T": [0.016585401679920293, 0.025517581193405366, 0.07601349525441237], "aligned_model": [[0.38977120658909736, 0.05159138455712221, -0.4927498562523004, -0.23057736959191918, -0.6380671094612395, -0.3511293716166223, 0.25075145327533344, 0.650190212259834, 0.38525702047636023, -0.21385506859150014, 0.05960615604335053, 0.0981099914066142], [-0.1269970096542277, -0.7086140024703665, -0.43559617877785034, -0.19120532083444794, 0.2312825896630865, 0.34462190272304893, 0.6372989817961195, 0.156312806405453, -0.22184302085517876, -0.02463032718849563, 0.5664053849996562, -0.05395730027386344], [-0.5390087134014256, -0.3091495847803688, 0.04142368365947019, -0.6489279901436765, 0.30545505631876624, -0.2982228679730531, -0.4536781328177838, -0.09127016384506972, 0.5202039075376574, 0.6831604170824409, 0.3391703268539443, -0.032977861095397076]], "inverted": true, "swapped": true, "error_lsq": 0.042136332283056355, "error_max": 0.2815594306843405, "target": "585.xyz", "model": "11.xyz", "model_rescale": 3.890672605050136, "target_rescale": 3.8611605500449837},
{"mapping": [6, 11, 2, 0, 1, 12, 10, 5, 7, 9, 3, 4, 8, 14], "R": [[0.12457765093994277, 0.6491286778077664, 0.7504081346399616], [0.38979837020013586, -0.7275111215781087, 0.5646103068218646], [0.9124350056171693, 0.22217004214723296, -0.34366092721852043]], "T": [0.10671783315184045, -0.13561077340745342, 0.06848048517208119], "aligned_model": [[0.5682487053140731, 0.039438491080577134, 0.456528789374732, 0.7271488026369863, 0.561452936993522, -0.3607381955295941, -0.4683183402667578, 0.21653513821868153, 0.0749499815890478, -0.5768135191524507, 0.06360820479363084, -0.16294547747874505, 0.03251977543676275, 0.03826054178322731], [-0.06846967076057794, -0.08120448905424799, 0.5463785037835911, -0.4928894459710572, 0.13705782139685546, -0.3017458121801434, -0.036591790835875715, -0.5974310777618551, -0.6724485860055243, 0.29284662030692143, 0.6221400097405845, 0.46865663261915214, 0.11077571343222259, 0.005078091117719619], [-0.3309890436504207, -0.7694914051955576, -0.1462782858250546, 0.1732179724080874, 0.5067869788673295, 0.45357159446644435, -0.25721094836674496, 0.5144705901442735, -0.2043892386923574, 0.41685112628000653, 0.4038616262237332, -0.25233607216351805, 0.7972680399550622, 0.04945750090557778]], "inverted": true, "swapped": true, "error_lsq": 0.05282674001006803, "error_max": 0.3589557581248063, "target": "585.xyz", "model": "12.xyz", "model_rescale": 4.124412569039231, "target_rescale": 3.8611605500449837},
{"mapping": [1, 4, 11, 8, 6, 0, 9, 5, 10, 12, 7, 13, 14], "R": [[-0.8959303216754397, 0.42613867356878116, 0.12535824500838588], [-0.4439987819474212, -0.8675122318519322, -0.22424898933213888], [0.013188644045128733, -0.2565703772385252, 0.9664355649457089]], "T": [0.1266841971297724, 0.032070349700549006, 0.05955806593428458], "aligned_model": [[-0.25165518115446966, -0.05306668042190246, 0.7190260397485544, -0.5956973135018503, 0.5126920501395426, 0.417455404285686, -0.56934975259773, 0.0853280181322528, 0.16887787854731476, -0.19159114176042363, 0.6433556092442599, 0.4411971867520857, 0.04072619009643752], [-0.46356958048611885, 0.6115764772584078, 0.5394397799222528, -0.20743903178293793, -0.10073119562268121, -0.6289968297722166, 0.5303972759307405, -0.4396583082379386, 0.6868971884363545, 0.14421075315741527, 0.02124007373624085, 0.5116547621098915, 0.14246401185906743], [0.3501525154991931, 0.47506129418808973, 0.3779773578317251, -0.07513848914941607, 0.5183131913069509, 0.10422201460227146, -0.13883539872142495, -0.3876630734112537, -0.06680559201251798, -0.4700988899183187, -0.25123974077613975, -0.6163730161497365, 0.1321259076784165]], "inverted": true, "swapped": true, "error_lsq": 0.042517864397425074, "error_max": 0.2508731958304202, "target": "585.xyz", "model": "13.xyz", "model_rescale": 3.9028299243045295, "target_rescale": 3.8611605500449837},
{"mapping": [3, 7, 9, 14, 11, 4, 6, 2, 10, 13, 12, 1, 5, 8, 15], "R": [[-0.007360618853808634, 0.26247962764724553, -0.9649094601879766], [0.5019933971129097, 0.8355075472727367, 0.22344969837826156], [0.864840130050132, -0.4827334497633854, -0.1379128925605275]], "T": [0.03783347676570774, 0.021941482944443647, 0.06706206232694985], "aligned_model": [[0.07713967182648412, -0.6065031820573348, -0.2375330829532773, -0.4519714839936831, 0.16295927642131097, -0.39656272035075785, 0.24279383837780227, 0.7292842770197185, -0.7040021286076414, -0.3470859655876815, 0.2594889411651057, 0.5238757685397322, -0.15235529694583688, 0.38350480387096547, -0.018987288719036453], [-0.5756628425355027, -0.29485168424098024, 0.18619220964529265, 0.7084428461202631, 0.6378412919942419, -0.43408802289160114, -0.17835679579241878, -0.20215500817124693, 0.09098775457144817, 0.5952693239574086, 0.6179749923327488, 0.24584270554658882, 0.10220253474428358, 0.0156332470043202, 0.021651702245535257], [-0.10618209611902345, -0.4852968021430217, -0.6386577213198144, -0.2010006757702832, -0.3213547856738726, 0.3174623570959337, -0.5348350318279617, 0.18464744855120652, 0.050778665146359966, 0.461756325539632, 0.349645147010082, -0.30148900451063876, 0.5355577694291974, 0.7576985074514722, -0.03164276910456933]], "inverted": false, "swapped": false, "error_lsq": 0.045428796135161355, "error_max": 0.29184739483020716, "target": "585.xyz", "model": "14.xyz", "model_rescale": 3.942246331269136, "target_rescale": 3.8611605500449837},
{"mapping": [1, 5, 7, 9, 6, 3, 0, 12, 10, 10, 11, 8, 4, 13, 14], "R": [[0.8211494667711308, 0.13101032887847566, -0.5554726338431456], [-0.21156136537009465, -0.8340761982568343, -0.5094690218101268], [-0.5300522067723413, 0.5358667644373738, -0.657184501389976]], "T": [-0.048064598009475476, 0.08830696771409699, -0.00028598504979022435], "aligned_model": [[-0.005128234386808636, -0.46297734229080095, 0.010006817587010039, -0.6217754007226941, 0.014473310606953713, -0.2822279656030227, 0.2997848002121037, 0.44328022567836195, -0.5333647290817717, -0.5333647290817717, 0.2565842340309473, 0.5948994656230542, -0.19401104594181606, 0.487302900586165, -0.009436879210039925], [-0.7102536669332213, -0.31914302786082105, 0.4390944870296466, 0.4858713331181268, 0.6127954704038904, -0.5008282538215559, -0.14345739620503845, -0.5152240891698182, 0.5025335184316644, 0.5025335184316644, 0.635333277727666, 0.4039677501127301, 0.10410229981134103, 0.013968372032392123, 0.025630661421714523], [-0.13104843092456261, -0.2544738563734489, -0.7778175503975273, -0.40148518288473994, -0.1841071205879069, 0.3382921278341248, -0.6052682646599465, 0.2495275169361928, 0.3189328482057062, 0.3189328482057062, 0.3490882125462757, -0.2931962266263152, 0.5672649983362621, 0.6069909378979167, -0.06454552375303882]], "inverted": true, "swapped": false, "error_lsq": 0.05110501889246154, "error_max": 0.5116415193963063, "target": "585.xyz", "model": "15.xyz", "model_rescale": 4.355366556412066, "target_rescale": 3.8611605500449837},
{"mapping": [5, 12, 8, 6, 1, 7, 2, 11, 9, 13, 4, 14], "R": [[0.1520973000914747, -0.7785397198778901, -0.6088861271841728], [-0.5651377003226115, -0.5739151595002152, 0.5926556920927302], [-0.8108549753062839, 0.25396317502405585, -0.5272730931431517]], "T": [-0.12868037735060184, -0.03130474128691, -0.016873396032212568], "aligned_model": [[-0.28438690650751064, 0.33286944896411663, 0.1383521721818941, -0.615064292544369, -0.4040533805562429, -0.29781612049858, -0.30401320392490333, -0.19657235458794364, 0.6978888363147366, 0.3184925715168291, 0.2398837868395649, -0.027772002565811083], [-0.6544103079338931, -0.44660679751426774, -0.5175539699659161, 0.34351196742177487, -0.25664295586767966, -0.0858092234381698, 0.5139065474250792, 0.7071320272788739, -0.09965695626302762, -0.11187935529223406, 0.5612764661196772, 0.05950898577076328], [0.0914775953370116, 0.07750410254857452, -0.5550167391775972, -0.02301342817483722, -0.6056323941196653, 0.5593941472539388, -0.5696857146393648, 0.3828580900305007, -0.3071564667165316, 0.7442747776984708, -0.24879715947699513, -0.09694834935408445]], "inverted": true, "swapped": true, "error_lsq": 0.052176612540355154, "error_max": 0.2697250493137901, "target": "585.xyz", "model": "16.xyz", "model_rescale": 3.795458400668931, "target_rescale": 3.8611605500449837},
{"mapping": [6, 0, 1, 11, 3, 5, 7, 4, 10, 12, 8, 9, 14], "R": [[-0.6205755179892047, 0.2982309787761964, -0.7252201802008973], [-0.7599588569233409, -0.4566760070848124, 0.46250357872868575], [-0.19325776117972426, 0.8381558971046283, 0.5100452233797865]], "T": [-0.1331303282546164, 0.05772493049640157, -0.11748152972389321], "aligned_model": [[0.022507907000351712, -0.15160294136530267, 0.40813580596506, -0.32479741537486617, 0.5904971607564129, -0.375319018813452, -0.6812997332491748, 0.19573368670629843, -0.3748907016863665, -0.3808691141604963, 0.23180472367660104, 0.03376199234622568, -0.04503055089706881], [-0.32291637076602686, 0.291116611393237, 0.4147989341982314, -0.760676962387772, 0.15055989890624116, 0.6251807864320718, -0.0444260229363966, -0.43970608298878355, -0.3076774351467743, 0.4538059525859024, 0.6763753017275815, 0.2325859950598746, -0.0052393406069009205], [-0.5735336293584695, -0.8021271788378083, -0.34720720852606113, -0.17374441386093226, 0.27782863328699164, -0.32624813976715544, -0.34712779198508087, 0.3128573007735706, 0.3870769926999202, 0.30222845373444845, 0.16789029565472935, 0.7273400566608234, -0.0029583396386807653]], "inverted": false, "swapped": true, "error_lsq": 0.039866503856774274, "error_max": 0.26032872153870695, "target": "585.xyz", "model": "17.xyz", "model_rescale": 3.7474275329858107, "target_rescale": 3.8611605500449837},
{"mapping": [7, 10, 11, 12, 0, 1, 6, 4, 5, 2, 8, 9, 3, 14], "R": [[-0.8788129495111976, 0.08665168685649356, 0.4692326554454126], [-0.055673971588800955, -0.9952769897491998, 0.07952435201433983], [0.4739073840519459, 0.0437629848238832, 0.8794865504942904]], "T": [0.08079511226244164, -0.14697953105307832, -0.05051259250088037], "aligned_model": [[0.40436746642306126, 0.20240638507415382, 0.8439658069919845, -0.3990243472908056, 0.21763078863346697, -0.23534954757683563, 0.5863400430084141, 0.21800467257364942, -0.24237427328074435, 0.2921182927147761, -0.6639169809383935, -0.5125856885803742, -0.3552342647295116, 0.05849929486003491], [-0.447639732032726, 0.3656596967440057, 0.1843574968042448, -0.10901367639356044, -0.8134229562246316, -0.34418897212126914, -0.2511026943120702, 0.5605750692302462, -0.6907049297541474, 0.21936865584095838, -0.13692694481290357, 0.474500615920695, 0.3444831673079812, 0.004463445314410369], [-0.46108085089366513, -0.46155759001175484, -0.18268561308254075, -0.4539268119208043, 0.19582404244263338, 0.5277656710388824, 0.28216933960715007, 0.09550345704212743, -0.20597720839223346, 0.6238240655418953, 0.1559959943006345, -0.23440006762083074, 0.45630887282140753, -0.01296858221124668]], "inverted": true, "swapped": true, "error_lsq": 0.03561403987988016, "error_max": 0.20154013405996504, "target": "585.xyz", "model": "18.xyz", "model_rescale": 3.922800546911778, "target_rescale": 3.8611605500449837},
{"mapping": [0, 3, 9, 7, 11, 5, 2, 1, 12, 13, 4, 10, 8, 6, 14], "R": [[0.36144358268720356, -0.6738049735380491, -0.6444729584471546], [0.5869614535651009, -0.37262128145778817, 0.7187695267841426], [-0.7244548216162158, -0.6380754173607889, 0.2608159757316878]], "T": [-0.03236930188691651, 0.08014645493385593, 0.0869314875411886], "aligned_model": [[-0.19769428071739453, -0.43362277389616727, 0.08336960913946981, -0.559553589406624, -0.00712223306057936, -0.4080690989104337, 0.3518152537200098, 0.4347770088745817, -0.8129869572274805, -0.3457465437268091, 0.33301403406744995, 0.6118058605011658, -0.05957769203264252, 0.5617140351032028, -0.0880772044218793], [-0.6722496823809494, -0.16858199389242862, 0.2278945778240697, 0.4469301469326412, 0.7428080640910723, -0.5109854440428742, -0.1423298613264724, -0.47877468684652996, 0.03906581631040719, 0.640681171293038, 0.6568045678174559, 0.44721426040173234, 0.06733655267446727, 0.12377002758022772, 0.11734073809452389], [-0.23712150134387158, -0.34466908420321607, -0.7052289650009894, -0.3882079334025321, -0.17284878506174003, 0.390158235560502, -0.4752388413842441, 0.21870593707021346, 0.17389413393263356, 0.3306716829812068, 0.3274051404525816, -0.23071648367001105, 0.6980667131102944, 0.4346810303638394, 0.017536054350032082]], "inverted": false, "swapped": false, "error_lsq": 0.04324605963206551, "error_max": 0.2929003970028082, "target": "585.xyz", "model": "19.xyz", "model_rescale": 3.9282355846067225, "target_rescale": 3.8611605500449837},
{"mapping": [3, 9, 10, 8, 1, 12, 5, 7, 0, 6, 4, 2, 11, 14], "R": [[0.8665182289206617, 0.035167525512893476, 0.49790501513591895], [0.14939573416565002, -0.9700596911894177, -0.19148135716721332], [0.47626365971099044, 0.240306971764848, -0.8458282838495661]], "T": [0.05170118147016969, -0.0048049991885863175, -0.0010512374969991536], "aligned_model": [[-0.586530634625379, -0.07627363142382115, 0.48732681212955914, -0.5142556380027108, -0.6144159848810038, 0.14447427246159278, -0.009480716862031648, 0.5574169424654981, -0.11498106191380733, 0.029670601967703096, 0.030469376688628043, -0.39464654678476146, 0.579054808059525, 0.014694219805685214], [-0.5298205935455182, -0.7970510914158193, -0.5081316916327125, -0.2126349178772429, 0.16545919374418075, -0.2435074947593984, 0.38694341185989256, 0.3196468380474172, 0.6992035776532873, 0.29415797211607886, -0.6089474022000261, -0.19093880188994836, -0.10249646542585718, -0.1490004472494978], [0.07340662842172652, -0.3589919141639872, 0.057590216405980936, -0.4846239373699884, -0.02434898354936727, -0.5744842540842445, -0.5178054977568475, -0.05247588163723375, 0.010845504542977245, 0.5348875401974428, 0.41768714132242263, 0.6311878960521111, 0.6485932596246532, 0.0507154392380365]], "inverted": false, "swapped": true, "error_lsq": 0.03979798606212937, "error_max": 0.2382577508819931, "target": "585.xyz", "model": "20.xyz", "model_rescale": 4.067790424073018, "target_rescale": 3.8611605500449837},
{"mapping": [13, 10, 12, 9, 0, 5, 11, 6, 1, 7, 2, 3, 8, 4, 14], "R": [[0.35454824091541404, 0.9243648928391851, 0.14087260113374606], [-0.5318300813764908, 0.07544166829782548, 0.8434840361426623], [0.7690593666335914, -0.3739760681792925, 0.5183527669669531]], "T": [0.01087312187445516, 0.08503902434237129, 0.035552607603217906], "aligned_model": [[-0.24253893618673622, -0.5228208945355668, -0.05166918558169738, -0.6185576998021349, 0.13020931996546825, -0.1570464312418852, 0.19820028368642123, 0.6386971573060385, -0.7907682245812928, -0.5150805058152812, 0.6340121614555587, 0.6641388786234559, -0.2204532831246872, 0.3538571588371475, -0.03613437099893873], [-0.5490787528722004, -0.24746024202117725, 0.37904899679832627, 0.30356129054379954, 0.7789299698948423, -0.28061259304528663, -0.1993660699945343, -0.29772132323344214, -0.018161849130325314, 0.5881458801742059, 0.4089456765383376, 0.35166626850685934, 0.25318656782769067, -0.0009038202064216849, 0.06674425474970778], [-0.11872142950879871, -0.48971090366470726, -0.6691888079331446, -0.36459081589217723, 0.12899915396229464, 0.46748783334995436, -0.5140422711409688, 0.11854899037630137, 0.17706526656313873, 0.19962646397222603, 0.28152852014766416, -0.43973549489801833, 0.528890620222435, 0.7548913821704694, -0.02396117397197041]], "inverted": true, "swapped": false, "error_lsq": 0.05676336769763098, "error_max": 0.39133081425964905, "target": "585.xyz", "model": "21.xyz", "model_rescale": 4.186013935880536, "target_rescale": 3.8611605500449837},
{"mapping": [5, 0, 1, 9, 10, 8, 12, 7, 2, 6, 11, 4, 14], "R": [[0.8552648799046982, -0.49831338008651294, 0.14214696770721913], [-0.1448928829128699, 0.033402631405111856, 0.9888833686013796], [-0.49752189668676894, -0.8663532994350336, -0.043633964697597644]], "T": [-0.0644974792920105, -0.06042156195462079, -0.03530413131490531], "aligned_model": [[-0.15817857582878886, -0.34518824392545305, 0.36910870647025174, 0.5596923496634059, -0.1264354165683073, 0.5873610011226609, 0.0971626025312117, -0.6470718016005246, 0.2929468943584337, -0.3112664246931054, -0.5350750766465483, 0.2350794414973682, 0.04043857904262059], [-0.4062931771472519, 0.1829492871203936, 0.2052395135454902, -0.5273798770273954, -0.2906138282176143, -0.3367008975184654, -0.6672640771246704, -0.21369775702528118, 0.6259008113072624, 0.5014082000993785, 0.3047328455237729, 0.17612059106780445, -0.0354449750573302], [-0.5792174384649972, -0.6562195067628012, -0.49861248253114554, 0.37026946349915346, 0.5889726358394194, -0.3452931680957576, -0.039700953256022055, -0.06315169209298177, 0.1512261040978973, -0.05869182331559804, 0.5604327453849609, 0.5932514675949335, 0.07961420943828487]], "inverted": true, "swapped": true, "error_lsq": 0.039886458212128315, "error_max": 0.2097020297190284, "target": "585.xyz", "model": "22.xyz", "model_rescale": 4.166573947596378, "target_rescale": 3.8611605500449837},
{"mapping": [14, 9, 11, 3, 2, 10, 12, 13, 8, 4, 1, 6, 7, 5, 15], "R": [[0.11909246886048327, 0.934791649271849, -0.3346364539501507], [-0.0855942297577191, -0.3261143442045185, -0.9414473231871445], [-0.9891868436715572, 0.14076223554516787, 0.04117500882123826]], "T": [-0.08795642738948731, 0.12241700517233442, -0.036611708910649556], "aligned_model": [[0.0638030232829663, -0.5448929350523785, -0.19538292620516842, -0.45380780243581964, 0.11213013064527355, -0.16111928181335566, 0.27982547577883154, 0.34389846004458124, -0.8163027066142803, -0.42030074097117986, 0.3027647867168064, 0.620062518322129, -0.10172749133529584, 0.4770549113600314, -0.04195999371727101], [-0.6244571726939354, -0.15512276292038482, 0.18820657756789563, 0.48857854503355946, 0.7306265255967637, -0.5237077542505039, -0.0853089256405285, -0.5023653203874928, 0.20617484247797993, 0.7342869319346137, 0.6158022593505358, 0.3759688646521713, -0.09208112564108248, 0.02561982644005957, 0.15470294301073023], [-0.2490400375027289, -0.30979639254788094, -0.8152159774210511, -0.3423978271685402, -0.24362810378791436, 0.335021477305826, -0.5375785387497478, 0.3375026329196341, 0.3048197812165307, 0.19794311052060912, 0.2980627368929655, -0.15292275324691335, 0.6454370850370903, 0.5654302119514231, 0.0034499283353958132]], "inverted": false, "swapped": false, "error_lsq": 0.040980409326250626, "error_max": 0.24929726598862956, "target": "585.xyz", "model": "23.xyz", "model_rescale": 4.274766983524099, "target_rescale": 3.8611605500449837},
{"mapping": [9, 10, 13, 12, 7, 0, 1, 6, 2, 11, 14], "R": [[-0.10080871776896533, 0.8217609998333137, -0.5608444183325088], [0.9422790072108858, 0.25977250797985724, 0.211254625197942], [0.31929277315881277, -0.507175613817155, -0.8005154725286372]], "T": [-0.1029065005787973, -0.019030730812715557, 0.04781378669488298], "aligned_model": [[0.27540836781785477, 0.14132338051824786, -0.46901014899575755, -0.3237234905008135, -0.5344500184984173, -0.5353999416777291, -0.012499165733376658, 0.028157073078674433, 0.5734343510224418, 0.19313657509080567, 0.043517721836144746], [-0.13700965758721556, 0.4822997713139344, 0.6361318283418582, -0.08714466483864668, 0.3853905560877863, -0.27700602755873244, -0.6726388061599544, 0.09332464491770004, -0.196041623696336, 0.7026743808662503, -0.01439387044316068], [-0.7364768383826809, -0.32037877480895094, -0.423919821067248, -0.5361481138341463, 0.16560824527911727, 0.5673816346924386, 0.2424101826556261, 0.6371296504604455, 0.4283773231420732, 0.36590759647041304, -0.010324650585509937]], "inverted": false, "swapped": true, "error_lsq": 0.04577984101930609, "error_max": 0.28177620887110166, "target": "585.xyz", "model": "24.xyz", "model_rescale": 3.7841303162186577, "target_rescale": 3.8611605500449837},
{"mapping": [3, 13, 12, 14, 9, 6, 5, 4, 11, 10, 8, 2, 7, 1, 15], "R": [[-0.5265901892660463, -0.7853711723387544, -0.3254149569826198], [-0.6436095135288835, 0.6183902815410032, -0.450954824556466], [0.5554003660998647, -0.02802822425501969, -0.8311106135655151]], "T": [-0.03944869573184451, 0.1848695273808848, 0.1265156318735898], "aligned_model": [[-0.1246530210483891, -0.5747185339604073, -0.040993396490561995, -0.44781221551821215, 0.03395047478182932, -0.09987953551231597, 0.3610143763252156, 0.4810256057413449, -0.7224262858679871, -0.5502445407090906, 0.45816699900933083, 0.5892919684303752, -0.3821715753331313, 0.5323834243593394, -0.048888316201469995], [-0.5379515500223965, -0.04807404315094033, 0.19828492648117307, 0.617754293380783, 0.6454013305137803, -0.4847448934445424, -0.21670731313998592, -0.34841475990660553, -0.15538586854023517, 0.7376621481554232, 0.45439629525900627, 0.2964043579575245, 0.1599041702732203, 0.1011017617029748, 0.11729339901120145], [-0.21884186499315464, -0.3942755839717752, -0.6317650202563995, -0.39803081734083756, -0.22656187887609283, 0.3910739303053036, -0.5425913211014787, 0.08884982116116494, 0.21134160714694053, 0.3233989182348178, 0.29737149329863344, -0.27478000319401585, 0.6785331305478148, 0.5945192447534013, 0.1388456780403762]], "inverted": false, "swapped": false, "error_lsq": 0.04266157152947083, "error_max": 0.22718930220647862, "target": "585.xyz", "model": "25.xyz", "model_rescale": 4.19342608120988, "target_rescale": 3.8611605500449837},
{"mapping": [5, 12, 8, 6, 1, 7, 2, 11, 9, 13, 4, 14], "R": [[0.1520973000914747, -0.7785397198778901, -0.6088861271841728], [-0.5651377003226115, -0.5739151595002152, 0.5926556920927302], [-0.8108549753062839, 0.25396317502405585, -0.5272730931431517]], "T": [-0.12868037735060184, -0.03130474128691, -0.016873396032212568], "aligned_model": [[-0.28438690650751064, 0.33286944896411663, 0.1383521721818941, -0.615064292544369, -0.4040533805562429, -0.29781612049858, -0.30401320392490333, -0.19657235458794364, 0.6978888363147366, 0.3184925715168291, 0.2398837868395649, -0.027772002565811083], [-0.6544103079338931, -0.44660679751426774, -0.5175539699659161, 0.34351196742177487, -0.25664295586767966, -0.0858092234381698, 0.5139065474250792, 0.7071320272788739, -0.09965695626302762, -0.11187935529223406, 0.5612764661196772, 0.05950898577076328], [0.0914775953370116, 0.07750410254857452, -0.5550167391775972, -0.02301342817483722, -0.6056323941196653, 0.5593941472539388, -0.5696857146393648, 0.3828580900305007, -0.3071564667165316, 0.7442747776984708, -0.24879715947699513, -0.09694834935408445]], "inverted": true, "swapped": true, "error_lsq": 0.052176612540355154, "error_max": 0.2697250493137901, "target": "585.xyz", "model": "26.xyz", "model_rescale": 3.795458400668931, "target_rescale": 3.8611605500449837},
{"mapping": [3, 4, 2, 1, 0, 12, 9, 8, 10, 6, 5, 7, 14], "R": [[-0.5254252546418665, -0.34317806088194314, 0.7785609290953658], [-0.5979238793014318, 0.7999338453973104, -0.050920305861208104], [-0.6053225060623936, -0.492274985670795, -0.6254998018682036]], "T": [-0.08313412524350616, 0.08778514506039009, 0.0050949783325609024], "aligned_model": [[-0.004903735087510297, 0.3938753490357968, 0.5275918463005205, -0.1772572801447886, -0.15877896510832296, -0.6190059055376834, -0.3646944338191493, -0.5856919617474999, 0.06273107317482737, 0.41486376718486256, -0.6414990186231608, -0.12797117323354082, -0.0195831795730943], [-0.6866164488936077, -0.41932179086346283, -0.2702048263093823, -0.11096870178355275, 0.6047986716708151, -0.09699786900092572, -0.673686396801886, -0.4056048657315402, -0.11544776035570545, 0.35872581143469956, 0.36585676057538774, 0.6234417565067836, -0.05209283719070859], [-0.28249392362525794, 0.2419180758816399, -0.35884921669960573, -0.6467351373801512, -0.4954321942577782, 0.27547956575379173, 0.341305976020131, -0.31325211352098226, 0.6247448791447072, -0.2308792417057502, -0.1823879014865019, 0.27845107095015564, 0.04026682302502784]], "inverted": true, "swapped": true, "error_lsq": 0.04231223890172843, "error_max": 0.22239066351825246, "target": "585.xyz", "model": "27.xyz", "model_rescale": 3.6321398670334006, "target_rescale": 3.8611605500449837},
