[{"mapping": [0, 2, 1, 9, 7, 12, 8, 6, 3, 5, 1, 11, 4, 13], "R": [[-0.6720352051869463, -0.29670279612094086, 0.6784807541584026], [-0.402835427045347, -0.6223180960307759, -0.6711511052436873], [0.6213632606668438, -0.7243532550673363, 0.2986972717766645]], "T": [0.07662016001300524, -0.055972568980341725, -0.02907257999935125], "aligned_model": [[-0.22629437901513472, -0.6447575195928397, 0.3713982217049443, -0.238574357678644, -0.2791007836170512, 0.3483053991554959, -0.02941080772986618, -0.27512450596475835, -0.13732086668528648, 0.5834486534294008, 0.3713982217049443, 0.48397208755243615, -0.7090137398099028, 0.04002565285255394], [-0.2338918199691271, -0.2944890313133331, -0.41154260328179126, 0.4623716199117974, 0.5853234551819345, 0.16464715161883425, 0.34763417328917456, -0.31185223731395717, -0.5193174826104641, -0.350530570176413, -0.41154260328179126, 0.3927789098963832, 0.21168875189445238, 0.0974424483927453], [-0.7160951100182624, -0.14731971938270205, -0.37507830029163364, -0.43982176091527897, 0.1542209063335471, -0.49019499074126593, 0.6315620868906013, 0.5996941251284917, 0.08380360839354059, 0.44921783662452336, -0.37507830029163364, 0.3169741772158311, 0.4447850139755581, 0.011726154607230692]], "inverted": true, "swapped": false, "error_lsq": 0.04788979467192795, "error_max": 0.3849655934107253, "target": "588.xyz", "model": "0.xyz", "model_rescale": 3.8414455957264533, "target_rescale": 4.124924687486655},
{"mapping": [8, 6, 12, 9, 7, 13, 4, 3, 5, 1, 11, 0, 2, 14], "R": [[0.6852789639338008, -0.6952953294598964, 0.2166959769378998], [0.3898319802453226, 0.09887144459372885, -0.9155629222625606], [0.6151615793983131, 0.7118910325851867, 0.3388028762525041]], "T": [-0.0714188700039352, -0.012727036498548904, -0.006701438821573638], "aligned_model": [[-0.13639519957796098, -0.8104080083348661, 0.29904082284426536, -0.3262026640425808, -0.13419286240408348, 0.359533612339075, -0.09018660406347384, 0.0015509975166670548, -0.49350740122184933, 0.5347341556666164, 0.730332241936517, 0.4375520998652871, -0.6874814043576581, -0.025418509859662583], [-0.19732814639395208, -0.20010881235983474, -0.5061335654652941, 0.4682599105696652, 0.618645988278184, 0.3035449302388031, 0.15956157664529805, -0.41056753916155536, -0.41651282019072067, -0.3788719980477222, -0.24776093703158109, 0.4312295825722421, 0.1859582044810295, -0.08119621189611703], [-0.7722097041728002, -0.17643740226957574, -0.45569938649492114, -0.41809717900213667, 0.095193269566776, -0.5443807127924182, 0.5088387058688579, 0.6639513885898436, 0.2984560577025919, 0.4903038607189159, -0.17468840924621964, 0.2566774550191871, 0.34769361814308725, 0.028794165897359232]], "inverted": true, "swapped": false, "error_lsq": 0.0424654182504604, "error_max": 0.303496615244675, "target": "588.xyz", "model": "1.xyz", "model_rescale": 4.316132596720782, "target_rescale": 4.124924687486655},
{"mapping": [3, 4, 5, 8, 2, 1, 10, 7, 11, 12, 9, 13], "R": [[-0.3577045986759037, -0.7713384249781834, -0.5263881212929162], [-0.2881036591979851, 0.6273417909658694, -0.7234905381996828], [0.8882813189766188, -0.10714154870968917, -0.44662846628629405]], "T": [-0.024181556488995018, -0.03375481170780859, -0.06038210470822772], "aligned_model": [[-0.13366888810349437, 0.44203383750572156, 0.1045171593741162, -0.5016842526994718, -0.5339882066999199, -0.49595708319109016, -0.09874636998563861, -0.015229126087000902, 0.6075591318012443, 0.11323829330821063, 0.12489845807644319, -0.015164398667339497], [-0.7606500959242111, -0.32968547680698473, -0.5494199360364718, 0.34086008227008513, -0.007377888745385648, -0.18704258823379166, 0.23229269540245379, 0.6706916451348228, -0.01923315317555411, -0.05054859495703402, 0.682019188005068, -0.009129449192016355], [0.12299331862766083, 0.22255750000467575, -0.5873404407569186, 0.1986551023593486, -0.5210349269140895, 0.37583087878414045, -0.7568294428048564, 0.467136544150047, -0.4883478512341496, 0.742219042360064, -0.2366336970976246, -0.08994756626887665]], "inverted": true, "swapped": true, "error_lsq": 0.052400975217541716, "error_max": 0.357661203399939, "target": "588.xyz", "model": "2.xyz", "model_rescale": 3.795458400668931, "target_rescale": 4.124924687486655},
{"mapping": [10, 11, 5, 12, 2, 1, 4, 9, 6, 7, 0, 13], "R": [[0.08790232124107539, 0.6167831706520643, -0.7822095002752253], [0.5920565731835126, 0.5991489252940652, 0.5389708521517308], [0.8010881325238984, -0.5104890652299553, -0.3125039491110788]], "T": [0.014089249227191888, 0.04385287144063892, 0.07195189190492288], "aligned_model": [[0.01630784267067764, -0.18738644735540222, -0.6669089178872764, 0.27542103033864584, -0.07924606297883947, 0.07456738083114349, -0.20265175322781792, 0.6000725216960344, 0.32847899038096723, 0.8572520190920748, -0.4479884862168028, 0.025385708400160353], [-0.08777934639887625, -0.6583860899765966, -0.10063720169832419, 0.09272986654892287, 0.4253876994699141, 0.6203482678831058, -0.28544074774895134, -0.2700254985460317, -0.3836244184188193, 0.021789990465901903, 0.6872696487828708, 0.024136874926593437], [-0.6656442843751861, -0.1487964733475601, -0.20286274197753032, 0.8417905679142194, -0.49242323136553945, 0.3887270652897231, 0.5510923955931442, -0.2797949865017173, 0.3953926054515633, 0.32332940533516796, -0.06165653482755604, 0.03961764345037175]], "inverted": true, "swapped": true, "error_lsq": 0.04886371736730453, "error_max": 0.2949053540295409, "target": "588.xyz", "model": "3.xyz", "model_rescale": 3.7530521520055578, "target_rescale": 4.124924687486655},
{"mapping": [10, 0, 5, 3, 11, 1, 9, 8, 7, 4, 13], "R": [[0.0098944360127175, 0.9967640345714073, -0.07977192188308256], [-0.9999245752695893, 0.009282141848946657, -0.008042736762301397], [-0.007276256449705462, 0.0798454834516419, 0.996780695471402]], "T": [-0.04119685798005826, -0.03699339589669141, 0.04585871177240734], "aligned_model": [[-0.3200598242201498, -0.1518383788830112, 0.3706759038338012, 0.3846893425770225, 0.383648001836975, -0.2543049195790474, -0.4301561419095128, -0.6286061326419615, -0.4808999601623374, 0.5182563020744638, -0.053204590481037144], [-0.7070675948320038, 0.20074422662746644, -0.39477543595797143, 0.3821155952740548, -0.6444704857308766, 0.5626312111285919, -0.4605056547008281, 0.2495280854007895, 0.21587064191681146, 0.136889490950183, -0.07375672176187115], [-0.14019530235852096, -0.7134774926464813, -0.46650034956088, -0.4199302678939407, 0.22735330238347018, -0.13130319645260669, 0.5305956871676235, 0.1369696503033428, 0.7651096010825502, 0.25021985148734965, 0.053989293733409924]], "inverted": false, "swapped": true, "error_lsq": 0.049541895218406885, "error_max": 0.2666306959917479, "target": "588.xyz", "model": "4.xyz", "model_rescale": 3.7855080009869324, "target_rescale": 4.124924687486655},
{"mapping": [15, 10, 14, 8, 6, 13, 4, 0, 3, 1, 12, 11, 7, 16], "R": [[-0.05151040422574263, -0.7954224818339671, 0.6038623631669666], [-0.47413460981001043, 0.551651576276742, 0.6862047144778994], [-0.8789442815314348, -0.25096536371475353, -0.40555312374424113]], "T": [-0.05807302391194817, -0.09655506163691976, -0.0021820510995749533], "aligned_model": [[-0.2522264147077127, -0.7491987757146514, 0.2664966835578465, -0.3509444671673405, -0.005344759214112524, 0.302979492054166, -0.10543582125481794, -0.06685444428972996, -0.3576949434658714, 0.4378052108789811, 0.6140168027457981, 0.5747288176119365, -0.6066374261104126, -0.0427386786177867], [-0.1354649459048355, -0.15909433841200407, -0.49442714237782126, 0.34613351083052657, 0.5322174642470255, 0.34846005761415266, 0.1939564335225846, -0.4200956171763238, -0.7050112358928079, -0.2014168879984559, -0.1298318013775636, 0.3704577675806082, 0.32139283477520486, -0.1385559371918456], [-0.8022499159926855, -0.22443935273414983, -0.44269278977996945, -0.4643108421263387, 0.16497628360869188, -0.4454317135110553, 0.6763167480691454, 0.7075490803142275, 0.14756571927431472, 0.5601458893605493, -0.10344007056246668, 0.11570380475497918, 0.2906764888155689, -0.031973601962264515]], "inverted": false, "swapped": false, "error_lsq": 0.03840996529742879, "error_max": 0.204400221264805, "target": "588.xyz", "model": "5.xyz", "model_rescale": 4.2253639853439635, "target_rescale": 4.124924687486655},
{"mapping": [5, 11, 2, 8, 9, 10, 0, 7, 6, 3, 4, 1, 12, 13], "R": [[-0.36822922107708406, -0.5439225547327629, -0.7540261899947169], [0.10051648799198155, 0.7829679971478019, -0.6138872462302161], [0.9242854950645509, -0.3018432869807521, -0.23363851077665593]], "T": [-0.010683139906690377, 0.029648137746107143, -0.018190245311925764], "aligned_model": [[-0.18344013452959665, -0.7490774079995778, 0.29699718300114725, -0.242035941782064, -0.1727945920415111, 0.3517892877493482, 0.18482593571742842, -0.22211658410538662, -0.2601610014514517, 0.23754596440237427, 0.6819526295956299, 0.5118369439387738, -0.7888419653034213, 0.012470959114599785], [-0.2077139342284048, -0.1366203477699014, -0.46334248457266675, 0.555863997836123, 0.5821564227018814, 0.12237131516626325, 0.2746503887631018, -0.3347030994075392, -0.5601835500964663, -0.5197847987826202, -0.09311598586386766, 0.5437899043310982, -0.01488068650268803, -0.01976697933586825], [-0.5790427518120864, -0.19897322123878275, -0.3535477817388107, -0.48234283364127056, 0.1844199706875441, -0.7026817543515832, 0.7199240735248028, 0.6540710808743989, 0.04162066288167323, 0.3553271341092747, 0.059886466752104635, -0.05475235396638648, 0.4954533964643855, 0.009033638983283212]], "inverted": false, "swapped": false, "error_lsq": 0.056380345287605035, "error_max": 0.29996179477936413, "target": "588.xyz", "model": "6.xyz", "model_rescale": 3.89814844738969, "target_rescale": 4.124924687486655},
{"mapping": [5, 10, 11, 0, 4, 9, 2, 3, 1, 7, 6, 12, 13], "R": [[-0.15288257927614984, -0.9870625150073139, -0.04831675093907112], [-0.3566649570221025, 0.10070679834878044, -0.9287885923065378], [0.9216382291258831, -0.12476270369695636, -0.36744692457541656]], "T": [-0.08807732943901979, 0.0768827463200815, -0.03729090433260211], "aligned_model": [[0.30325618267388665, -0.2886497156861081, 0.4392984054945358, -0.3265033876763684, 0.4617059785112917, -0.3478145725955757, -0.5274178768417946, 0.21092399052743593, -0.4059508854594906, -0.4655689650517355, 0.1590602082041913, 0.029834847103987122, -0.09354240830003338], [-0.33181005166260136, 0.19888861600903712, 0.39211059782624547, -0.6859041775143473, 0.10479697477497167, 0.7415858321428066, -0.2158779866040597, -0.5751848696078898, -0.2677084636084188, 0.7179721312428837, 0.5782639807326065, 0.2068523043270074, 0.09979637741224434], [-0.5271758367599819, -0.7488141771985323, -0.49002492320631436, -0.11890780352052492, 0.2489706582421956, -0.2746266695319874, -0.47782537737191505, 0.20642370499571266, 0.4280738530540582, 0.4329274992239151, 0.23424460556344823, 0.7580326022757601, -0.0690231049295385]], "inverted": true, "swapped": true, "error_lsq": 0.0508646340199853, "error_max": 0.27536557507618425, "target": "588.xyz", "model": "7.xyz", "model_rescale": 3.7474275329858107, "target_rescale": 4.124924687486655},
{"mapping": [2, 4, 3, 1, 12, 0, 11, 9, 8, 7, 6, 10, 13, 14], "R": [[0.9974840437015058, 0.06615062865924248, 0.025488760049873584], [0.0579828792630749, -0.96815846383893, 0.24353064408695532], [0.04078686397918702, -0.24144001993255101, -0.9695582233686191]], "T": [-0.018757631060305376, 0.008498210774317082, 0.020423334787129897], "aligned_model": [[-0.5002058108644306, -0.7511127257213096, 0.25558132558862445, -0.16491850171318212, -0.1697966536545438, 0.4155815615185683, 0.006254373574053541, -0.03415049518417719, -0.3133539340606519, 0.4671210082283355, 0.7557579024671879, 0.5711109958811509, -0.8057330074473819, -0.07318476230595093], [-0.21182097367850206, -0.26280857147663483, -0.44912089653440096, 0.3826473842781139, 0.5757944478381519, 0.1990350025141147, 0.14655499654150728, -0.4468627308254402, -0.6045687811850988, -0.18158882807214546, -0.2050161623774898, 0.41348777990758845, 0.3556837067772414, 0.01730378853143905], [-0.6339898397251088, -0.027268289993664402, -0.4585938115399728, -0.614754762998264, 0.2101726743547452, -0.4370244047530265, 0.6260590991848989, 0.6309558176967988, -0.030293501518835163, 0.45822065943589885, -0.12612153608851115, 0.2720218473656241, 0.28165851047790763, -0.0026467343699435007]], "inverted": true, "swapped": false, "error_lsq": 0.05058182991486132, "error_max": 0.29420480150937134, "target": "588.xyz", "model": "8.xyz", "model_rescale": 4.019505241142653, "target_rescale": 4.124924687486655},
{"mapping": [1, 8, 2, 0, 3, 5, 10, 12, 4, 6, 9, 11, 13], "R": [[-0.4533753058850346, -0.6251431235134208, 0.6353321234893882], [-0.88928674168764, 0.3653729866446275, -0.27508484452794846], [-0.06016579653118559, -0.6897091095195631, -0.7215825809798205]], "T": [-0.007222298553339397, -0.05092641358187186, 0.04165931804637908], "aligned_model": [[-0.3131262584561529, -0.585872243834184, 0.10112073621301859, 0.2580293734069628, 0.36949007200124123, 0.7310250738410711, 0.20924084325758938, -0.44973259385857545, 0.17542443601745297, -0.24720358521995955, -0.3680556987346796, 0.4432324405043985, -0.00387182339700666], [-0.5493342442776182, -0.06392709859265247, 0.20013621329150325, -0.4030542406651957, -0.6977734623933268, -0.008414839076028746, 0.6095125594747762, -0.6043523423449908, -0.3688711565648902, -0.005076789964817627, 0.5904470814883942, 0.3756457328284446, -0.01155918508953898], [-0.26552704006799144, -0.2752643972849919, -0.5892360215112462, -0.6299058229252787, -0.07524859955881906, -0.07385064269596407, -0.23824093793506224, 0.4432053645603479, 0.5421969118581453, 0.6130597310072843, 0.1967760172200097, 0.48616869699665877, 0.04257023438078663]], "inverted": true, "swapped": true, "error_lsq": 0.0461579277908528, "error_max": 0.29212439708960436, "target": "588.xyz", "model": "9.xyz", "model_rescale": 3.877068213659057, "target_rescale": 4.124924687486655},
{"mapping": [14, 6, 2, 10, 11, 9, 0, 5, 3, 1, 7, 8, 12, 15], "R": [[-0.9208377776185396, -0.09750250092981831, -0.377559332586257], [0.04449567348464534, 0.9356382256857395, -0.35014460680808596], [0.3873989188829738, -0.33922613836211396, -0.8572325849501004]], "T": [-0.06568535227718507, -0.1325322060850153, -0.07247651828134567], "aligned_model": [[-0.18812621633365306, -0.6724110905492471, 0.36092291947022387, -0.4175823361147024, -0.1460147537811916, 0.23182548029248617, 0.0007032869405415726, -0.15325562279459143, -0.38596089767058267, 0.4169179143508858, 0.7070943644344533, 0.5500296576080169, -0.5821249010285262, -0.06306652851782062], [0.01646983383179479, -0.18243668251578155, -0.33361970610540803, 0.37898675933986387, 0.5809564087793984, 0.24420415583987742, 0.3014275895157857, -0.37014068117326737, -0.6279242594513614, -0.27463506686400424, -0.36226088639012766, 0.32492058511865735, 0.11573802364357683, -0.0829659113305593], [-0.8290002611660751, -0.17095492644902588, -0.539300422726847, -0.4155911350446038, 0.0982175354421873, -0.5254691473681227, 0.5916300093320482, 0.6670294671780509, 0.161556879362371, 0.6344941135003266, 0.05528424369650013, 0.010919562142931646, 0.4069474081444776, 0.002632401484327959]], "inverted": false, "swapped": false, "error_lsq": 0.03955438326017876, "error_max": 0.22559121630370288, "target": "588.xyz", "model": "10.xyz", "model_rescale": 4.260839863003843, "target_rescale": 4.124924687486655},
{"mapping": [7, 6, 4, 12, 3, 1, 8, 9, 11, 5, 2, 13], "R": [[0.6785175495985284, -0.5301400764108171, 0.508493298156369], [-0.14875961540312302, -0.7770406786737547, -0.611619457270079], [0.7193639633119828, 0.3393512679648688, -0.6060991711087488]], "T": [0.004397471012729434, 0.0713527309676647, 0.05401371635138318], "aligned_model": [[0.4083536086381201, 0.15465202551894333, -0.33578691575599523, -0.34375713866274477, -0.7372671553007746, -0.3694271891684118, 0.17957950316043286, 0.7370344867537786, 0.2665575863965622, -0.21669627060004457, 0.17549632481492636, 0.040159783299338], [-0.05419619919801533, -0.45342729153699124, -0.44706698149297186, -0.242608539035788, 0.1353887511250659, 0.43295134773721505, 0.4793839268272676, -0.032888458707722446, -0.44827816674603504, 0.06303036798625006, 0.6715415264941846, 0.0692482220804748], [-0.7177749765371105, -0.2430067117306548, 0.03160486118648175, -0.6119829324757591, 0.19481054188866456, -0.3532363552083828, -0.43411251439400256, -0.08014540845460344, 0.5476914047783901, 0.7690013131242115, 0.3426279523524424, 0.07070090286582784]], "inverted": false, "swapped": true, "error_lsq": 0.03771933940929694, "error_max": 0.1959226842650763, "target": "588.xyz", "model": "11.xyz", "model_rescale": 3.890672605050136, "target_rescale": 4.124924687486655},
{"mapping": [3, 0, 7, 8, 6, 5, 11, 2, 4, 10, 12, 9, 1, 13], "R": [[0.5063473286350486, -0.22539956760035962, -0.8323505377602164], [0.8555593405887533, 0.2520270550123297, 0.45221740155941614], [0.10784524799678563, -0.9411043504667181, 0.3204559314744053]], "T": [-0.060057077249564786, 0.09710008166897276, 0.05549123404645595], "aligned_model": [[-0.49417266919217895, -0.6156543823208982, 0.2862605833634715, -0.2909338165030113, -0.23978030603522232, 0.5230561660796655, 0.04703713858673256, -0.15262497678460357, -0.21648825933853233, 0.4416241593299891, 0.5730466377903184, 0.560189884380593, -0.7632135164631279, 0.0006046334130969944], [-0.39823063745477116, -0.04250220810923076, -0.29344223047685414, 0.34547171623916423, 0.6394398796468732, 0.28724734167399485, 0.1482328617996428, -0.3471944566399157, -0.5844642360874417, -0.4589757130086355, -0.2775672287051114, 0.5464081383166296, 0.2027141662527207, -0.03841723120862049], [-0.5920072505283759, -0.08774763998350124, -0.6186785892530646, -0.5802748457743854, 0.13049422402489447, -0.4228341225903297, 0.5927792681824949, 0.6028464029005107, 0.10083888951642742, 0.5439952277663009, -0.06256061593829013, 0.19418655783736455, 0.37126801837405377, -0.02390979700555282]], "inverted": true, "swapped": false, "error_lsq": 0.04715134426775326, "error_max": 0.3817016891425567, "target": "588.xyz", "model": "12.xyz", "model_rescale": 4.124412569039231, "target_rescale": 4.124924687486655},
{"mapping": [10, 2, 8, 5, 9, 11, 0, 4, 1, 3, 6, 12, 13], "R": [[-0.17345427489120663, -0.14921162271450744, 0.9734729098279364], [-0.7429878503140546, -0.6289846312358849, -0.22879551559145145], [0.6464384493574512, -0.7629641048673009, -0.0017623496737902422]], "T": [0.150406477215379, 0.09375962482306, 0.006405307734261349], "aligned_model": [[-0.07458245662628371, -0.26469091751164453, 0.4188875229008182, -0.4940038834671018, 0.634772227421446, 0.12791303847989294, -0.5140384689393043, 0.24747376089374426, 0.1274710112623883, -0.3249213178848439, 0.6843999280235831, 0.6437071199459106, 0.1549107430111525], [-0.17881804297851167, 0.3124765909445685, 0.6424911840781848, -0.2845418071919023, -0.11184204573313822, -0.6663762021245802, 0.5447959589582761, -0.17816807662612877, 0.7164704152135143, 0.2681883513863299, -0.15632828118950015, 0.36736463754486204, 0.07177269422650244], [0.6670576193611131, 0.5090549142116922, 0.2559188791262932, -0.03581176731149151, 0.5437503238267279, 0.07082134464994692, -0.01436326159074246, -0.5427939636442143, -0.21281214806578935, -0.557180428812008, -0.18980547593494512, -0.5810720283771784, 0.03893407352843538]], "inverted": false, "swapped": true, "error_lsq": 0.05477267246117524, "error_max": 0.29439400443416563, "target": "588.xyz", "model": "13.xyz", "model_rescale": 3.9028299243045295, "target_rescale": 4.124924687486655},
{"mapping": [0, 5, 3, 8, 12, 2, 11, 14, 10, 9, 6, 1, 13, 15], "R": [[0.8422197305783719, -0.32820585355690235, 0.42772285783609965], [-0.5389658059759804, -0.4927127694554494, 0.683191032438368], [-0.01348278210003187, -0.8059249620817851, -0.5918641483316225]], "T": [-0.01965858505792433, -0.07220625623631058, -0.06850395481429088], "aligned_model": [[-0.14151016329743482, -0.5231468760859821, 0.28951262800574146, -0.41526509878800105, -0.28715923779116886, 0.28693681050645253, 0.2147129922389836, -0.21273430026219414, -0.3977077608312829, 0.38538172795407594, 0.6310307707036918, 0.47625651227842053, -0.6807820746358596, 0.03342534631085039], [-0.14700308376681484, -0.027835007118775804, -0.41370676244439375, 0.4183832116501194, 0.5084678703435761, 0.3895373235076134, 0.22686178840996266, -0.17939785161381552, -0.622920584949796, -0.42885982662182387, -0.21157617682290272, 0.30884704704250854, 0.056693655494077816, -0.14877144087109082], [-0.8850662835538926, -0.14994452642665212, -0.4885991946236888, -0.5149618138008564, 0.20627095027869607, -0.5532120108024025, 0.5651244510867866, 0.7883988301396022, 0.26186727712897895, 0.48790060306609623, -0.02865863158235797, 0.10774970340870872, 0.3545231082436487, -0.0029967350341200544]], "inverted": true, "swapped": false, "error_lsq": 0.0424341457393398, "error_max": 0.24866562196091807, "target": "588.xyz", "model": "14.xyz", "model_rescale": 3.942246331269136, "target_rescale": 4.124924687486655},
{"mapping": [1, 2, 3, 0, 8, 12, 6, 9, 5, 10, 4, 11, 7, 14], "R": [[-0.500149891914579, 0.3938769609556634, -0.7711750937667567], [0.7585702309763895, -0.230226522022415, -0.6095629198318169], [-0.41763775008284676, -0.8898632974709058, -0.18363556714303564]], "T": [0.09196233295284924, -0.022468789598968024, 0.018281056319800038], "aligned_model": [[-0.16949780834420047, -0.6541476353706431, 0.3082972874116489, -0.5180659744895778, -0.09770383308492984, 0.26885051639262164, 0.004859553476501202, -0.2744909969239376, -0.2559787963640841, 0.44262206690505196, 0.6424292186563859, 0.549584147091231, -0.6086128463911422, 0.020806377341366977], [-0.23933828140210078, -0.17173914612695235, -0.4843674451442207, 0.29774566863410146, 0.7209030441155915, 0.1974804341172413, 0.23815151157646874, -0.37068689105609387, -0.5165404271640085, -0.37259647517732053, -0.22385288067806125, 0.40477418423832573, 0.2486984131540937, 8.845315138021614e-05], [-0.7174142976267888, -0.042432982170585526, -0.4880752905204898, -0.23871242166298262, 0.11960227121665355, -0.748797275865879, 0.5053945479838478, 0.6448737605321707, -0.17565126608306997, 0.5315537624120671, 0.008553131222339222, 0.3677903425882941, 0.42649947134691923, -0.04478802584394913]], "inverted": true, "swapped": false, "error_lsq": 0.04795599039329092, "error_max": 0.3187305186324799, "target": "588.xyz", "model": "15.xyz", "model_rescale": 4.355366556412066, "target_rescale": 4.124924687486655},
{"mapping": [3, 4, 5, 8, 2, 1, 10, 7, 11, 12, 9, 13], "R": [[-0.3577045986759037, -0.7713384249781834, -0.5263881212929162], [-0.2881036591979851, 0.6273417909658694, -0.7234905381996828], [0.8882813189766188, -0.10714154870968917, -0.44662846628629405]], "T": [-0.024181556488995018, -0.03375481170780859, -0.06038210470822772], "aligned_model": [[-0.13366888810349437, 0.44203383750572156, 0.1045171593741162, -0.5016842526994718, -0.5339882066999199, -0.49595708319109016, -0.09874636998563861, -0.015229126087000902, 0.6075591318012443, 0.11323829330821063, 0.12489845807644319, -0.015164398667339497], [-0.7606500959242111, -0.32968547680698473, -0.5494199360364718, 0.34086008227008513, -0.007377888745385648, -0.18704258823379166, 0.23229269540245379, 0.6706916451348228, -0.01923315317555411, -0.05054859495703402, 0.682019188005068, -0.009129449192016355], [0.12299331862766083, 0.22255750000467575, -0.5873404407569186, 0.1986551023593486, -0.5210349269140895, 0.37583087878414045, -0.7568294428048564, 0.467136544150047, -0.4883478512341496, 0.742219042360064, -0.2366336970976246, -0.08994756626887665]], "inverted": true, "swapped": true, "error_lsq": 0.052400975217541716, "error_max": 0.357661203399939, "target": "588.xyz", "model": "16.xyz", "model_rescale": 3.795458400668931, "target_rescale": 4.124924687486655},
{"mapping": [5, 10, 11, 0, 4, 9, 2, 3, 1, 7, 6, 12, 13], "R": [[-0.15288257927614984, -0.9870625150073139, -0.04831675093907112], [-0.3566649570221025, 0.10070679834878044, -0.9287885923065378], [0.9216382291258831, -0.12476270369695636, -0.36744692457541656]], "T": [-0.08807732943901979, 0.0768827463200815, -0.03729090433260211], "aligned_model": [[0.30325618267388665, -0.2886497156861081, 0.4392984054945358, -0.3265033876763684, 0.4617059785112917, -0.3478145725955757, -0.5274178768417946, 0.21092399052743593, -0.4059508854594906, -0.4655689650517355, 0.1590602082041913, 0.029834847103987122, -0.09354240830003338], [-0.33181005166260136, 0.19888861600903712, 0.39211059782624547, -0.6859041775143473, 0.10479697477497167, 0.7415858321428066, -0.2158779866040597, -0.5751848696078898, -0.2677084636084188, 0.7179721312428837, 0.5782639807326065, 0.2068523043270074, 0.09979637741224434], [-0.5271758367599819, -0.7488141771985323, -0.49002492320631436, -0.11890780352052492, 0.2489706582421956, -0.2746266695319874, -0.47782537737191505, 0.20642370499571266, 0.4280738530540582, 0.4329274992239151, 0.23424460556344823, 0.7580326022757601, -0.0690231049295385]], "inverted": true, "swapped": true, "error_lsq": 0.0508646340199853, "error_max": 0.27536557507618425, "target": "588.xyz", "model": "17.xyz", "model_rescale": 3.7474275329858107, "target_rescale": 4.124924687486655},
{"mapping": [10, 8, 5, 3, 1, 11, 2, 6, 4, 9, 12, 7, 0, 13], "R": [[0.07926695390609667, -0.7822352627167565, -0.6179196903974625], [-0.048746174660804886, -0.6221702316531466, 0.7813629203517456], [-0.9956608661961095, -0.03181503743698966, -0.08744851581642699]], "T": [-0.0006107742197236261, 0.02572967348341541, -0.019479001518085855], "aligned_model": [[0.012744918942289536, -0.6075304184426266, 0.09715498709095692, -0.37770661939967703, -0.17399407168180955, 0.29403595527505416, -0.027075772772013746, -0.06609646380854196, -0.4037428782192773, 0.3536459273755039, 0.6593547555246999, 0.6453966159410647, -0.7018159537280215, -0.045419705791308856], [-0.14937528990081192, -0.2304762066707932, -0.6292074466546922, 0.37594594797408015, 0.6881738002957516, 0.49646739596527917, 0.2786963233629809, -0.324758774633803, -0.6545500594367845, -0.3990547015257276, -0.2633502640863195, 0.37966377499229065, 0.12016236205261531, 0.04038330050437894], [-0.687011208772408, -0.30733581253608505, -0.310544563292128, -0.4619001424450652, 0.07862516670473668, -0.4813512384372077, 0.6431975422874264, 0.6645299777035267, 0.23336445543407686, 0.3570639442119289, -0.21976682580438714, 0.13807856155982312, 0.426094959055462, 0.07535091185884712]], "inverted": true, "swapped": false, "error_lsq": 0.042157106906336436, "error_max": 0.26199154877114733, "target": "588.xyz", "model": "18.xyz", "model_rescale": 3.922800546911778, "target_rescale": 4.124924687486655},
{"mapping": [0, 1, 3, 5, 8, 12, 4, 10, 2, 11, 7, 13, 6, 14], "R": [[0.3274576087264556, 0.4077329535542572, 0.8523645658244327], [-0.7380521094583604, -0.4528798054045705, 0.5001789335635627], [0.5899581325918103, -0.7928768633543548, 0.15262922834812398]], "T": [-0.05078401488591455, 0.008336058663013103, 0.012279914256990798], "aligned_model": [[-0.3362337982070568, -0.7816340848133593, 0.18870468940689486, -0.25503160640482214, -0.208059477726957, 0.4493539948573231, 0.0017311939800674636, -0.1783305972403402, -0.3125214734475664, 0.435530844198039, 0.6914364920418355, 0.469307185006796, -0.5372058620632083, 0.03190377671864686], [-0.325421594100629, -0.05171870531965763, -0.3131613553396872, 0.3481414118625729, 0.5979357306941154, 0.3090698732271986, 0.1888351796045338, -0.4427649687626139, -0.6582795928530697, -0.1837013239451408, -0.2604332546004454, 0.38316228369561434, 0.17557679121156464, -0.03852031313591133], [-0.6987523537171815, -0.08888640694666186, -0.48615144199062, -0.639907914118672, 0.057305568617269924, -0.5150105071942818, 0.711228667220515, 0.6686642373852596, 0.027965535929787795, 0.4958738702613733, -0.11053211447984723, 0.25890552452923266, 0.47183632633103084, -0.004143264298657577]], "inverted": false, "swapped": false, "error_lsq": 0.041909112034215344, "error_max": 0.2592415740519942, "target": "588.xyz", "model": "19.xyz", "model_rescale": 3.9282355846067225, "target_rescale": 4.124924687486655},
{"mapping": [11, 4, 9, 0, 1, 10, 5, 6, 8, 7, 12, 2, 3, 13], "R": [[0.9096822596797719, -0.1639320836421436, 0.3815815225828544], [-0.05495835739394521, -0.9582354150361695, -0.28065008163729377], [0.4116524813194542, 0.2343313067500915, -0.8806991956964257]], "T": [-0.02251582280911139, -0.11405136250197713, 0.07499844391102814], "aligned_model": [[-0.21960827093991642, -0.6115597055382079, 0.19353928969776593, -0.462376608772327, -0.13294537341930404, 0.4581964419414531, -0.05680637710986182, -0.22706451463250363, -0.3269291390716164, 0.5002832144769532, 0.712657667620162, 0.48103881249530595, -0.6234823360682662, -0.02599182437334456], [-0.11023688713645453, -0.22430645409198968, -0.5906195545673006, 0.38352296684870507, 0.6267041142941941, 0.3222337447920882, 0.25630653441018236, -0.31693018350184554, -0.8033495475860595, -0.23637856432407978, -0.40470637262356446, 0.5139994477875344, 0.2754874447650172, 0.03699347317201744], [-0.613843474088629, -0.12559807634224154, -0.377359569070962, -0.37125178179186114, 0.09923548694685119, -0.4913983892927375, 0.6660562569286226, 0.6613806321808514, -0.02903099447080683, 0.3909335617544887, -0.23778574579303027, 0.25021579270389427, 0.30619930185861144, 0.020642726005495944]], "inverted": false, "swapped": false, "error_lsq": 0.03955341134396403, "error_max": 0.28295384281303365, "target": "588.xyz", "model": "20.xyz", "model_rescale": 4.067790424073018, "target_rescale": 4.124924687486655},
{"mapping": [11, 10, 12, 13, 5, 6, 8, 7, 9, 0, 3, 2, 1, 14], "R": [[-0.12312954504873763, -0.8150412314920549, -0.5661686198510172], [-0.9918523665797413, 0.08228295125384488, 0.09725429986959006], [-0.032680239384950405, 0.5735305631793934, -0.8185320366686146]], "T": [0.03639213505171132, 0.07991398641355683, 0.022606294800289792], "aligned_model": [[0.020143876350273343, -0.6328006837566293, 0.06203594178081444, -0.49895418939981184, -0.24799105126136414, 0.41253310005128907, -0.04568298735371379, -0.17284036815458978, -0.4453723308266001, 0.47741491514174594, 0.6958231630531742, 0.7566597319582715, -0.7035685146861338, -0.01844932659043308], [-0.10433956536835635, -0.24547941383241806, -0.6412294356509715, 0.2893459743239526, 0.5820751670792108, 0.5416995432396436, 0.28242075493569785, -0.24568251249092354, -0.5168537631261604, -0.2466411024384974, -0.2663800937631842, 0.22647032518612564, 0.038674630255168735, 0.0346396538891563], [-0.5969248801409467, -0.3203032091295058, -0.23489793213043358, -0.37697606268479994, 0.14680964754402584, -0.41651666821961303, 0.5493154932294685, 0.6604719834150296, 0.14838845567844083, 0.4735150559786936, -0.38846078730955114, 0.13861388054777896, 0.3748315829639968, -0.009470832214037085]], "inverted": false, "swapped": false, "error_lsq": 0.05313042140221043, "error_max": 0.3336585644745406, "target": "588.xyz", "model": "21.xyz", "model_rescale": 4.186013935880536, "target_rescale": 4.124924687486655},
{"mapping": [5, 11, 10, 0, 1, 2, 3, 4, 9, 6, 12, 8, 13], "R": [[0.29909192226535075, -0.8618888874720021, -0.4095016088953646], [0.3286264487539796, -0.30985619653329, 0.8921848433196291], [-0.8958508130347183, -0.4014183392948034, 0.1905639988634703]], "T": [-0.005526518561114756, 0.008826120391617905, 0.014625363276284333], "aligned_model": [[0.00950360751413883, -0.2578062656770086, 0.5168151934143732, 0.37722170807608424, 0.07270280146195614, 0.6466419282503709, -0.26035229616265076, -0.6169682333588459, 0.2111490657006352, -0.44796317870489416, -0.5514965962644228, 0.3474929419787921, 0.011633359194697029], [-0.4669385761615208, 0.21096128663381555, 0.18040492228427973, -0.6846828963470951, -0.2666909793625377, -0.17782445075222186, -0.6951634212458379, -0.0846506301992484, 0.716730368485133, 0.4424711567108163, 0.09986066227274215, 0.21166884731161473, 0.03281036991615334], [-0.5629393661426585, -0.6767198180700692, -0.49439323448302136, 0.14842085408454916, 0.6098745197027501, -0.09779112370693444, 0.13061382916225775, -0.03423871926873905, -0.11783278084321724, 0.06354797670222372, 0.6120902023978717, 0.5339301937366671, -0.011682971936333305]], "inverted": false, "swapped": true, "error_lsq": 0.05398723076060655, "error_max": 0.2970785608357706, "target": "588.xyz", "model": "22.xyz", "model_rescale": 4.166573947596378, "target_rescale": 4.124924687486655},
{"mapping": [14, 9, 12, 10, 7, 13, 0, 4, 3, 2, 6, 5, 8, 15], "R": [[-0.04359480740107852, -0.8156387674149759, 0.5769167131028899], [0.8637218293832429, -0.32098012321764574, -0.3885310308663255], [0.5020797687763644, 0.4813576233830355, 0.7184780749588038]], "T": [-0.052321731791405646, -0.14973166973896468, -0.0005790936646376307], "aligned_model": [[-0.12091422102997057, -0.5802791057354678, 0.22019883621833364, -0.28145521612748586, -0.09150558268264315, 0.2096703225054396, 0.04403655995567375, -0.19306881133593096, -0.318339398542662, 0.2962716017450087, 0.6916225225411988, 0.49287760382708967, -0.7127786455416866, 0.002614810509395389], [-0.03787264507143431, -0.3204893246461837, -0.5013246922241035, 0.4418137989676193, 0.5588557683134069, 0.46954468145497164, 0.358013365615667, -0.19992944879774308, -0.5994654240579977, -0.5670003335025637, -0.30920435125676, 0.47780967289112997, 0.08073455065568502, -0.12276545610324974], [-0.7808100801300125, -0.22982132553034532, -0.481719657097644, -0.39871605240219793, 0.08750107501098267, -0.5150400768625742, 0.6316121918829595, 0.7188122851701709, 0.2967436320365598, 0.39587870893735744, -0.0155136931535084, 0.002816334513869293, 0.4053286871891481, 0.031323697963782]], "inverted": true, "swapped": false, "error_lsq": 0.044082704698090405, "error_max": 0.2738717856069159, "target": "588.xyz", "model": "23.xyz", "model_rescale": 4.274766983524099, "target_rescale": 4.124924687486655},
{"mapping": [8, 6, 12, 1, 4, 3, 0, 5, 10, 11, 13], "R": [[-0.7932246675605783, 0.5776861815474919, -0.192544286912098], [-0.21665634718338417, -0.5632580269044936, -0.7973709440108848], [-0.569082291060408, -0.5907783601120941, 0.571949539054541]], "T": [0.056110955670102144, 0.09866936897343703, -0.011678000482243947], "aligned_model": [[0.18228234690060985, 0.009270531240802016, -0.5106404090112735, -0.32412963650870635, -0.3807370530641035, -0.5928623057761906, -0.17588446204852515, 0.030362599152833847, 0.7288369173026872, 0.3197288331552249, 0.0936673426147162], [-0.1810605603575594, 0.6798181217525366, 0.4017023657109986, -0.2869889561550157, 0.5117995804612231, -0.17011697008921778, -0.6449098218216285, -0.04693224012170094, -0.05074598873449615, 0.5955321249135891, 0.10748887568475451], [-0.5958674945637004, -0.22676807382470388, -0.5119766523587982, -0.38987874785492943, 0.14153367557346763, 0.27218532181350735, 0.18484250182363982, 0.7220086911038043, 0.2824221756818966, 0.5041658445302156, -0.003100807902822165]], "inverted": true, "swapped": true, "error_lsq": 0.04540444556926466, "error_max": 0.1994164043612959, "target": "588.xyz", "model": "24.xyz", "model_rescale": 3.7841303162186577, "target_rescale": 4.124924687486655},
{"mapping": [1, 2, 0, 4, 3, 6, 13, 14, 9, 10, 7, 11, 12, 15], "R": [[-0.8166388692657787, -0.4767158856989042, 0.32533509113930476], [-0.5419754511192345, 0.439645371438379, -0.7162224219869913], [0.19840253926906443, -0.7612187016193959, -0.6173998062167401]], "T": [-0.03096849505777075, -0.10261090955241876, -0.03425664441718717], "aligned_model": [[-0.09082748383195291, -0.7647193720229741, 0.3484038683119125, -0.3764748937272783, -0.1560741752612383, 0.255545627674521, -0.0075290888246364075, -0.1548383099341833, -0.3718611735233647, 0.4192747150740314, 0.6028025068633939, 0.5350231406271658, -0.5698437554797772, -0.009930329639327537], [-0.2545347213080004, -0.203616399519301, -0.5091875951205294, 0.32111844213755986, 0.6916193077521635, 0.4651690195804126, 0.35673620049616633, -0.2925100527944253, -0.45037458765464705, -0.5913132376185434, -0.17532478006820684, 0.31284631159194415, 0.0987744811118071, -0.040682226347955444], [-0.759771944523112, -0.1763853518501574, -0.5160262553468761, -0.54198010049655, 0.016229178684892938, -0.37712988891417476, 0.5985551949130291, 0.7259364538604784, 0.28977007436922175, 0.37034957346652053, -0.16016363492492525, 0.276349754255441, 0.45993894900738747, -0.05727627497262877]], "inverted": true, "swapped": false, "error_lsq": 0.045787140389826696, "error_max": 0.2802205635899742, "target": "588.xyz", "model": "25.xyz", "model_rescale": 4.19342608120988, "target_rescale": 4.124924687486655},
{"mapping": [3, 4, 5, 8, 2, 1, 10, 7, 11, 12, 9, 13], "R": [[-0.3577045986759037, -0.7713384249781834, -0.5263881212929162], [-0.2881036591979851, 0.6273417909658694, -0.7234905381996828], [0.8882813189766188, -0.10714154870968917, -0.44662846628629405]], "T": [-0.024181556488995018, -0.03375481170780859, -0.06038210470822772], "aligned_model": [[-0.13366888810349437, 0.44203383750572156, 0.1045171593741162, -0.5016842526994718, -0.5339882066999199, -0.49595708319109016, -0.09874636998563861, -0.015229126087000902, 0.6075591318012443, 0.11323829330821063, 0.12489845807644319, -0.015164398667339497], [-0.7606500959242111, -0.32968547680698473, -0.5494199360364718, 0.34086008227008513, -0.007377888745385648, -0.18704258823379166, 0.23229269540245379, 0.6706916451348228, -0.01923315317555411, -0.05054859495703402, 0.682019188005068, -0.009129449192016355], [0.12299331862766083, 0.22255750000467575, -0.5873404407569186, 0.1986551023593486, -0.5210349269140895, 0.37583087878414045, -0.7568294428048564, 0.467136544150047, -0.4883478512341496, 0.742219042360064, -0.2366336970976246, -0.08994756626887665]], "inverted": true, "swapped": true, "error_lsq": 0.052400975217541716, "error_max": 0.357661203399939, "target": "588.xyz", "model": "26.xyz", "model_rescale": 3.795458400668931, "target_rescale": 4.124924687486655},
{"mapping": [3, 2, 1, 12, 7, 11, 5, 4, 10, 8, 6, 9, 13], "R": [[0.3452987396241961, 0.8166872852075128, 0.46237501943154785], [-0.14463428008691767, 0.5331007624964386, -0.8335973260810371], [-0.9272808126116276, 0.22096482798422568, 0.302199998934846]], "T": [-0.07737829810031353, -0.1281612646423276, -0.027624368972187122], "aligned_model": [[-0.02284760462939585, 0.4270311083591091, 0.3864461224551074, -0.20547807010104868, -0.02441325746367022, -0.7114289295526468, -0.25276477619091575, -0.5617087651216258, 0.008939662695211611, 0.4312570025895012, -0.5183848916515927, -0.1721574431638963, -0.08481377540288053], [-0.8143881368414476, -0.22878713572236434, -0.23424040000904617, 0.016153588933079305, 0.6608427286139509, -0.1437326449804655, -0.7212848578844923, -0.3281238719547129, -0.0035985455208240313, 0.24914923374729733, 0.22709785583448724, 0.5516466340540455, -0.1088529450125929], [-0.3440257899947822, 0.4287145073194477, -0.48584394617389226, -0.8188882434163037, -0.4139769081867042, 0.3968743764637741, 0.39380528623422173, -0.3599277340627833, 0.7061422293698293, -0.21302214948983095, -0.2835458015061226, 0.2797841991560233, 0.006046636386549221]], "inverted": true, "swapped": true, "error_lsq": 0.046549617043413684, "error_max": 0.30743911592976064, "target": "588.xyz", "model": "27.xyz", "model_rescale": 3.6321398670334006, "target_rescale": 4.124924687486655},
