[{"mapping": [4, 8, 2, 9, 12, 6, 0, 1, 7, 11, 5, 13], "R": [[-0.3318370940752589, -0.2877965777064339, -0.8983636640337546], [0.42835982753934626, 0.8025087750942204, -0.4153161735921632], [0.8404712970388398, -0.5226402163603934, -0.14302168750441954]], "T": [0.09207477005776643, -0.012540668132207382, 0.17941646006010323], "aligned_model": [[-0.2635252009555131, -0.13367153934667264, 0.061800761514402724, -0.5867793316823006, -0.1508263343417856, 0.3877600022563801, -0.019009293327109877, 0.4143812256205422, -0.5535184517857925, -0.10411863532001076, 0.6416808959004927, -0.04857408900474877], [-0.3337815425286706, 0.3506653031267767, -0.7409686580082948, -0.24370809796022055, 0.09115322461133132, -0.12114194057047631, -0.6289190228995097, -0.06621312581801525, 0.03280059210854897, 0.6449469426077706, 0.49108531362881375, 0.036145934246380455], [-0.647479656657971, -0.47457066355533406, -0.06498974563341595, 0.32928940525577205, 0.6945537602653741, -0.5172343070191372, 0.630138646353262, 0.6551074620892539, -0.21115753357606074, 0.051823238245669145, 0.05020640869801127, 0.11317919374693748]], "inverted": false, "swapped": false, "error_lsq": 0.05279694087099912, "error_max": 0.38122335374722943, "target": "59.xyz", "model": "0.xyz", "model_rescale": 3.8414455957264533, "target_rescale": 3.9195788299810443},
{"mapping": [2, 4, 6, 9, 13, 10, 8, 12, 7, 0, 1, 14], "R": [[0.1223854174778233, 0.22161574686861252, -0.9674235216949432], [-0.9857856954868665, 0.14018875085861568, -0.09259415049654232], [0.11510157323970097, 0.9650044429289266, 0.23562269195724267]], "T": [-0.0024756536400362406, -0.020214782880295913, -0.0020476672116027314], "aligned_model": [[-0.33113493299752694, -0.12349704510248248, -0.04634638586731197, -0.5722580162757956, -0.23494874039631328, 0.5701375178958968, 0.08319703829120684, 0.5300542759694928, -0.6135801387346758, -0.25922885032612686, 0.5640329317637833, 0.07917235530773706], [-0.26138278831950185, 0.2914711812826744, -0.7511316026306025, -0.30620817117396676, 0.12264174172061965, -0.3943319615627984, -0.5363134688972169, -0.10891217387944147, 0.165173438332274, 0.6519508860693164, 0.6233031171423282, 0.015804724460749466], [-0.6172108966581624, -0.4310265914030875, -0.2738253985355344, 0.24098632439236792, 0.7053385624764553, -0.02510830052022498, 0.5900711837376243, 0.5372427839991409, -0.0737241477891003, 0.08620469244048204, -0.11802450189412508, -0.012057502033475283]], "inverted": false, "swapped": false, "error_lsq": 0.0397045468611688, "error_max": 0.2512677075660633, "target": "59.xyz", "model": "1.xyz", "model_rescale": 4.316132596720782, "target_rescale": 3.9195788299810443},
{"mapping": [9, 1, 7, 5, 4, 10, 3, 6, 0, 2, 8, 11], "R": [[0.48663722423696154, 0.7022736913867689, -0.5196112723690147], [0.38780777497811303, -0.7066321091618996, -0.5918413570948979], [-0.7828086239008041, 0.08650274381432355, -0.6162206858416253]], "T": [-0.03781856022300924, -0.05407379112968918, -0.0038713540409794425], "aligned_model": [[-0.3167398434471532, -0.07559835628989589, 0.03780194661673651, -0.5751011550114336, -0.24988736366502873, 0.5432706368855991, 0.00996456737174331, 0.5225810665915573, -0.6747786425411245, -0.08491670510937178, 0.5203718129342197, -0.01136795480796442], [-0.34890289929681734, 0.27568290667161544, -0.9361342654924647, -0.39596327965645595, 0.1689358805656127, -0.18932341142898423, -0.5268607961405282, 0.017869660774525627, 0.25789619773975236, 0.7667225894188046, 0.4546225479927963, -0.03248020860342204], [-0.6245405251571104, -0.4333250426607546, -0.13314617096976908, 0.0971181151591401, 0.7029689674417207, -0.20704291652416448, 0.4491255879456699, 0.5935165944428432, 0.0256352242856445, 0.1536102898790569, -0.1330520712199228, 0.11799815559000701]], "inverted": false, "swapped": false, "error_lsq": 0.03822827434413543, "error_max": 0.2027019713695979, "target": "59.xyz", "model": "2.xyz", "model_rescale": 3.795458400668931, "target_rescale": 3.9195788299810443},
{"mapping": [2, 6, 10, 0, 7, 5, 4, 9, 1, 8, 3, 11], "R": [[0.34529398685456847, 0.6673406955639274, 0.659870031662547], [0.34196234414659554, -0.7442429885518055, 0.5737282712027031], [0.8739758679894101, 0.027545780724652413, -0.4851880173050721]], "T": [-0.08925008616372913, -0.08517977300505947, 0.03517950430169503], "aligned_model": [[-0.3662337220509657, 0.006561909058384566, 0.0428140312082521, -0.7008341374381973, -0.2287469330137668, 0.5845733996216114, 0.043309792176223674, 0.5514995666593037, -0.6338315886514075, -0.020799457498811333, 0.5223386200374386, -0.15505147058018143], [-0.22325972948691036, 0.3137121683391452, -0.7437240748958089, -0.48499934885706986, 0.12391058374894326, -0.2757200978857923, -0.6081113905149556, 0.25243861519758276, 0.21549625988863758, 0.6929609346210037, 0.3916971271574526, -0.14233612476779384], [-0.6662043438753465, -0.3879062757986448, -0.2612816343828681, 0.3150316066128409, 0.7563758361332936, -0.023819734232899, 0.38148159119488295, 0.5147713611569652, -0.06122460531621686, 0.05453118644879407, -0.1535470229130674, 0.14065824318462666]], "inverted": false, "swapped": false, "error_lsq": 0.04582126634054928, "error_max": 0.2446925436465344, "target": "59.xyz", "model": "3.xyz", "model_rescale": 3.7530521520055578, "target_rescale": 3.9195788299810443},
{"mapping": [9, 7, 10, 5, 1, 6, 8, 4, 3, 2, 11], "R": [[0.47368831905735487, -0.29935754257490993, -0.8282538488242169], [0.20372252176728994, -0.8777044342198156, 0.4337419281965367], [-0.8568059935092621, -0.3741924476180465, -0.3547724645913516]], "T": [0.02701810450391385, -0.12200386262298592, 0.0393135941263406], "aligned_model": [[-0.40409384872755294, -0.1921132499883595, 0.2549615447019687, 0.6088038112580911, 0.3191567396702622, -0.312626203847507, -0.21722498743052393, -0.6771092188749096, -0.3693388603348092, 0.3763677935200528, -0.04858391750150765], [-0.7358580152488482, 0.22580117173251302, -0.4908064337796163, 0.14763840718773424, -0.5732948143224502, 0.6674636601532956, -0.44387672870411565, 0.016341126979234136, 0.24618541347832235, 0.4665817601358193, -0.05897218929754189], [-0.13708300407214818, -0.6413925007644324, -0.521585497563326, -0.2776941758961562, 0.11001620331049881, 0.049047981035122604, 0.5217893634049312, 0.000646817959246912, 0.6104933490655428, 0.34039055799863116, 0.03820168276740606]], "inverted": false, "swapped": true, "error_lsq": 0.047919057377836256, "error_max": 0.2233334846305552, "target": "59.xyz", "model": "4.xyz", "model_rescale": 3.7855080009869324, "target_rescale": 3.9195788299810443},
{"mapping": [7, 4, 10, 8, 13, 3, 15, 14, 6, 11, 1, 16], "R": [[-0.2950879004124706, 0.7407040666383393, 0.603556639177788], [0.5978498235102296, 0.6358862432680716, -0.48808224117581467], [-0.7453178647791472, 0.21680906643368358, -0.6304721319401893]], "T": [0.09524498420486287, -0.04202186396872114, 0.03312690131755021], "aligned_model": [[-0.37186912911920317, -0.07812251736984845, -0.02741792031244626, -0.47144601060818564, -0.3334498283086425, 0.6438755404912071, -0.04502486175529298, 0.47081109919668485, -0.4703840172098927, -0.2015709517575201, 0.39641061308001274, 0.13378799320101076], [-0.24355999715310778, 0.32685393635081955, -0.741575288493211, -0.39214322016435227, 0.16130116303716358, -0.3809826979409769, -0.6035673793364233, -0.09324875450084472, 0.2514968586975012, 0.6664402584088658, 0.6160754087851652, -0.05502536514616531], [-0.5169242398338271, -0.584023920768679, -0.1297936074151465, 0.2602529154532047, 0.5806194978780637, -0.22480074578723303, 0.619905489177223, 0.593504718053035, -0.10825082065411777, 0.2390830850444765, -0.18893431224191465, 0.06822814930727597]], "inverted": true, "swapped": false, "error_lsq": 0.03772598090786434, "error_max": 0.19479398388215333, "target": "59.xyz", "model": "5.xyz", "model_rescale": 4.2253639853439635, "target_rescale": 3.9195788299810443},
{"mapping": [11, 5, 9, 7, 3, 8, 0, 1, 6, 2, 10, 13], "R": [[0.5065381873430718, -0.5223002863857813, 0.6860185679735836], [0.8142796579516745, 0.5513857700761458, -0.18144522921157333], [-0.2834919812081106, 0.6505199023849055, 0.70459644704741]], "T": [0.0005562646891219339, -0.07348832766403438, 0.06533836438597641], "aligned_model": [[-0.3547390343524237, 0.004213791307315008, 0.268686267168668, -0.6850512389493296, -0.49725435585693245, 0.5295559918664616, -0.07012479547760861, 0.6374858217616168, -0.5915742631840306, -0.09830160431468138, 0.5436061591518216, -0.0409027295929931], [-0.19777142836215603, 0.3474207592623477, -0.6211857768137035, -0.3662415970617102, 0.15000779643810852, -0.21769003915922025, -0.600063894975192, -0.12992567134434985, 0.1420394394749178, 0.5878460787908326, 0.4666291369876975, -0.048999880693138265], [-0.6157436792570988, -0.4074865815427696, 0.0383155323610465, 0.3366851724352591, 0.518376487816239, -0.42986869397128347, 0.6659921822971251, 0.4256734133667995, -0.06368561662479762, 0.12043406850388727, -0.08258868145546265, 0.10276260428341635]], "inverted": true, "swapped": false, "error_lsq": 0.04812246868918956, "error_max": 0.3209452564123599, "target": "59.xyz", "model": "6.xyz", "model_rescale": 3.89814844738969, "target_rescale": 3.9195788299810443},
{"mapping": [9, 5, 8, 11, 4, 6, 7, 0, 10, 2, 1, 12], "R": [[-0.35078442783314745, -0.5523465448640836, -0.7562166221172875], [0.45486000132922344, 0.6053742336626218, -0.6531649228243754], [0.8185674464456489, -0.5730927774750807, 0.03888449595079624]], "T": [0.017544386347987356, -0.11980853400349911, 0.1640897582664005], "aligned_model": [[-0.321340168263032, 0.12938980963666594, -0.028075946229164733, -0.6544502739283586, -0.3599926202380216, 0.4747758939510315, 0.10386376267934855, 0.5392316267312348, -0.5322424976495415, -0.11034631544245274, 0.5144429664567343, -0.10965622817655973], [-0.22105729010434083, 0.25963997886484014, -0.7471247545544346, -0.5706255928801942, 0.10869418820925206, -0.28866219661477277, -0.4645823739419981, 0.06795357049551448, 0.2872088326909555, 0.5691122605128661, 0.5208247854032964, -0.00931648553654954], [-0.65618569977726, -0.5038069638368078, -0.08506865921929041, 0.1870576752127534, 0.633928137907434, -0.30474245063736505, 0.7163167443054596, 0.3728915848956762, -0.102321405999525, 0.26694865092743947, -0.07565461223180875, 0.15950320666565523]], "inverted": false, "swapped": false, "error_lsq": 0.04239844373555591, "error_max": 0.21124832273438152, "target": "59.xyz", "model": "7.xyz", "model_rescale": 3.7474275329858107, "target_rescale": 3.9195788299810443},
{"mapping": [6, 3, 9, 10, 12, 8, 11, 13, 0, 1, 2, 14], "R": [[0.8843208191023824, -0.42759434411237085, 0.18745603693987262], [0.26769511315549255, 0.13542448843835553, -0.9539389573363055], [0.3825127648781928, 0.8937691451456138, 0.23422361087413737]], "T": [-0.012615660167663176, -0.07890965533898453, 0.07112054852196732], "aligned_model": [[-0.5747396185497579, -0.03469027916238254, 0.2591595512097412, -0.7153030287944672, -0.16471685103553746, 0.5513882351018865, -0.0789200075034318, 0.49678055734884613, -0.5022957836596953, -0.10523718051044093, 0.48553754959678747, 0.02863686548633499], [-0.21576310453541214, 0.12545163438959087, -0.7848423523992695, -0.3136855065151854, -0.01490034161236578, -0.17225501221870732, -0.5841361258296018, 0.00400500936905876, 0.29120137488135567, 0.6616845817554048, 0.5566184427456872, -0.04131367748612096], [-0.5052698463092012, -0.6158173754866897, -0.01908866270592001, 0.233521661095406, 0.6656040674627176, -0.30089634131812654, 0.4272524098175245, 0.8071589175278191, -0.1685551481872069, 0.15911628706551478, -0.166654370248077, 0.09249460949859997]], "inverted": false, "swapped": false, "error_lsq": 0.05338654796103671, "error_max": 0.2672560238674675, "target": "59.xyz", "model": "8.xyz", "model_rescale": 4.019505241142653, "target_rescale": 3.9195788299810443},
{"mapping": [7, 0, 9, 8, 5, 1, 11, 6, 4, 3, 2, 12], "R": [[0.5076439080594768, -0.7580036169029665, 0.4095463091911859], [-0.30818889778563835, 0.2841378592253122, 0.9079015806994336], [-0.8045602935093026, -0.5871083321814446, -0.08936744592606165]], "T": [0.11462943371562165, -0.0953034274585314, 0.0848706877994893], "aligned_model": [[-0.48661579269049304, -0.06030142029727095, 0.04698390856879045, -0.43314703501507, -0.19433546985060998, 0.566413440235392, -0.08774365564193332, 0.5562299490951577, -0.6004583918558426, -0.14929920966519536, 0.3968328729748849, 0.09104081367007309], [-0.24324554208924032, 0.21595324000434876, -0.7655919962050144, -0.48977418149969376, 0.21397571955415093, -0.26623252147581844, -0.4624395563817286, -0.013779737426694472, 0.2717916549490703, 0.7197381741014846, 0.4236863264254742, -0.09201665741190443], [-0.5755846842871871, -0.45841980663724563, -0.031221426342012457, 0.06317516067447612, 0.5941955514468222, -0.38733663789752926, 0.5447681976167941, 0.6561890847963113, -0.11880865193518357, 0.1520247395865011, 0.053517594645531186, 0.11636708654508246]], "inverted": true, "swapped": false, "error_lsq": 0.04510641245900616, "error_max": 0.28815284292976745, "target": "59.xyz", "model": "9.xyz", "model_rescale": 3.877068213659057, "target_rescale": 3.9195788299810443},
{"mapping": [5, 0, 4, 6, 10, 7, 13, 9, 12, 11, 8, 15], "R": [[0.9939524048832804, -0.03802309941525353, 0.10301873973992126], [-0.08890960982243715, -0.8292533717975157, 0.5517553141055134], [0.06444919012653202, -0.5575778773169804, -0.8276190020889596]], "T": [-0.019714411895262414, -0.15816894563410258, 0.10575969672296331], "aligned_model": [[-0.3384448300967228, -0.15035161569117617, 0.20133614228217642, -0.5672565155317759, -0.23390801820563867, 0.6689200631782802, -0.07987773051822236, 0.41365353063139515, -0.6522108790028242, -0.129353992863113, 0.5522170311845954, -0.03912317583909082], [-0.22614384511789468, 0.41728343168783233, -0.7125176750339203, -0.2566591893744523, 0.24592474566334413, -0.31757797471123955, -0.7381071087882644, 0.11954083342275898, 0.16826699740466763, 0.5710129057315073, 0.33387802500766983, -0.0928362233475748], [-0.604723079842254, -0.42861331724079293, -0.2134969687605096, 0.37184594544340355, 0.6480144035990196, -0.3024778451637173, 0.613392042001828, 0.5189361831135298, -0.12135923666298781, 0.13622715785644385, -0.05581734034277833, 0.04693826421117549]], "inverted": true, "swapped": false, "error_lsq": 0.04304064317870807, "error_max": 0.1948685487101984, "target": "59.xyz", "model": "10.xyz", "model_rescale": 4.260839863003843, "target_rescale": 3.9195788299810443},
{"mapping": [9, 10, 8, 2, 3, 7, 1, 0, 4, 5, 6, 11], "R": [[-0.907039472739379, -0.2441764573295789, 0.3430120297870699], [0.3853659259336314, -0.8096441475989985, 0.4426843767155174], [0.1696245796516067, 0.533717352111272, 0.8284764873147266]], "T": [-0.0437781565722134, -0.07150721191116038, 0.02445286029975193], "aligned_model": [[-0.5238293224234727, 0.10318419092580594, -0.08039773430641275, -0.5838183253338437, -0.2536213903118191, 0.5791262882768651, 0.06759197361897057, 0.6402005428075997, -0.6613024801883702, -0.1610565891144039, 0.5185743519210307, 0.0009485036559338175], [-0.2348243538789804, 0.1424339698511525, -0.7056190155186939, -0.3972842297762008, 0.10795075523779257, -0.26302227085765484, -0.550239717304804, 0.12327765641779659, 0.25808319437071414, 0.5817203868488223, 0.5505777017673391, -0.1009891546128493], [-0.5908614093718694, -0.5464806132382928, -0.31047195829527685, 0.29386532641132596, 0.6783593724964398, -0.0456731980967349, 0.5551811575687172, 0.5385212052888184, -0.19034176819588375, 0.15153698883912367, 0.019417880737010028, 0.055813224068982856]], "inverted": true, "swapped": false, "error_lsq": 0.04398191149243793, "error_max": 0.2100850117086571, "target": "59.xyz", "model": "11.xyz", "model_rescale": 3.890672605050136, "target_rescale": 3.9195788299810443},
{"mapping": [9, 5, 11, 10, 4, 6, 2, 0, 12, 7, 8, 13], "R": [[0.03772316430339393, 0.4974743287613993, 0.8666580958476845], [-0.23511492855607, 0.847346947200935, -0.4761555643267543], [-0.9712352615329681, -0.1858021617006946, 0.1489282493764554]], "T": [0.13378872166856653, -0.09753899439403249, 0.04812920968810066], "aligned_model": [[-0.15026025263392045, -0.1474445346599476, -0.02546745562404429, -0.6714270278792176, -0.12183360516728886, 0.5642281600805672, -0.13701201888907388, 0.5362390848272822, -0.5657093765387553, -0.23722731908178069, 0.5768053801663436, 0.0247089749277192], [-0.270477523610584, 0.3807414454981308, -0.6227369333093683, -0.41788747667297255, -0.01696107740938893, -0.29625851027030636, -0.5492492785144555, 0.022562232626840234, 0.1482653676392801, 0.6691699646576913, 0.45225481710535653, 0.012641894804210949], [-0.6555957801563145, -0.49696514745245757, 0.0085469049487387, 0.26845839755103806, 0.6956023513260995, -0.27942351555017, 0.5258204402962919, 0.46322430747740745, -0.02545593116797553, 0.08645204742436, -0.09558596337504868, 0.11378809689039074]], "inverted": true, "swapped": false, "error_lsq": 0.04023580861654696, "error_max": 0.22024935163554313, "target": "59.xyz", "model": "12.xyz", "model_rescale": 4.124412569039231, "target_rescale": 3.9195788299810443},
{"mapping": [8, 9, 2, 1, 0, 10, 4, 5, 6, 3, 7, 12], "R": [[-0.6493689560246788, 0.6257682818094099, 0.43212731507359936], [0.7574568171775693, 0.4816611326290329, 0.4407513169869645], [0.06766926231787454, 0.6135280032694646, -0.7867682378830112]], "T": [-0.01616528794570888, 0.05152243161660341, 0.06441726159697567], "aligned_model": [[-0.3266564770585791, -0.002961068669044671, -0.06860580674528449, -0.6942462682960947, -0.14359777522129108, 0.5469928991072758, 0.15259684038854457, 0.5464158088447243, -0.611242728191789, -0.33165945243741096, 0.5302712776253986, 0.04829276018143392], [-0.24841247803546618, 0.4113763190024824, -0.785795855688052, -0.38242495699065704, 0.13768246110209523, -0.34797101505842054, -0.5570739963195951, 0.11270554054727852, 0.20957247621335742, 0.6731086170734186, 0.3359722614252351, -0.04667445072724214], [-0.5087584465010936, -0.4637608336767274, -0.13190795680899112, 0.1859086066250554, 0.6239749475417253, -0.19609668182336462, 0.5328251903224823, 0.5679100776210603, -0.19733804073177677, 0.21557089862518433, -0.05208616601241811, 0.032624613031224485]], "inverted": true, "swapped": false, "error_lsq": 0.03932626067711915, "error_max": 0.18707400654038717, "target": "59.xyz", "model": "13.xyz", "model_rescale": 3.9028299243045295, "target_rescale": 3.9195788299810443},
{"mapping": [5, 4, 12, 14, 9, 2, 11, 6, 10, 7, 3, 15], "R": [[-0.3607847357235161, -0.14204041988592936, -0.9217694362407236], [-0.6698721835282775, -0.6482065684939806, 0.36207665251479026], [-0.6489265229623231, 0.7480994343534069, 0.1387141092900872]], "T": [0.08212518905855705, -0.12389092089377016, -0.08429051678300328], "aligned_model": [[-0.17554004238501086, -0.0876844181166944, -0.06272498975080439, -0.6525774932914741, -0.15423209737087862, 0.7728348115173505, -0.07722862978601673, 0.42864526187763624, -0.5850199702958689, -0.2441759388513149, 0.4381196941689889, 0.04518382181197068], [-0.2381987041839405, 0.3838569409709013, -0.8023547964123003, -0.33414815739529546, 0.1101674700399757, -0.33830460110147265, -0.5562396834092774, 0.12068136235842997, 0.20796912109877455, 0.6348824377421549, 0.3869486929852729, -0.0631951601487886], [-0.5116594356804502, -0.4998865706208011, -0.1385628327107259, 0.36186474299700155, 0.6158504399170613, -0.2224815466597808, 0.4932366222406849, 0.4300211588063252, -0.09607401913324581, 0.28775587815487713, -0.11591719003897515, 0.004718960940389552]], "inverted": false, "swapped": false, "error_lsq": 0.04388760265283199, "error_max": 0.2362428994630946, "target": "59.xyz", "model": "14.xyz", "model_rescale": 3.942246331269136, "target_rescale": 3.9195788299810443},
{"mapping": [7, 6, 0, 5, 3, 8, 1, 13, 9, 10, 11, 14], "R": [[0.4890492540135201, 0.19760927445130883, -0.8495771900184508], [-0.8084530305035857, -0.2629742392437943, -0.5265436800149782], [-0.3274668297986645, 0.9443490478339961, 0.031150461258824952]], "T": [-0.02221292962713814, 0.006980974509798926, 0.13890479860288352], "aligned_model": [[-0.227162694169702, 0.04588905865563758, 0.0074847817652591575, -0.5653717016481175, -0.19263383079247617, 0.48937428010994777, -0.16795686880593844, 0.6930049324909622, -0.6352687208945565, -0.26124247678357027, 0.4832932170892238, -0.023809967488786304], [-0.2782198350290358, 0.21057156345377884, -0.6701765701420938, -0.25405852361409387, -0.07147692423768497, -0.23164879429841426, -0.6192607711784585, 0.1255440350166747, 0.24744588372785006, 0.6790255923365006, 0.4650129096278567, -0.09069364311844527], [-0.6406050476347248, -0.3775275596240163, -0.14621480529578035, 0.3379437068218603, 0.8326979991106215, -0.3904110679265006, 0.6320796316292543, 0.5067852912846416, -0.324238300623042, 0.12402450023506831, -0.08196010739291598, 0.1362919676278947]], "inverted": true, "swapped": false, "error_lsq": 0.04697616252586225, "error_max": 0.2606997126005545, "target": "59.xyz", "model": "15.xyz", "model_rescale": 4.355366556412066, "target_rescale": 3.9195788299810443},
{"mapping": [9, 1, 7, 5, 4, 10, 3, 6, 0, 2, 8, 11], "R": [[0.48663722423696154, 0.7022736913867689, -0.5196112723690147], [0.38780777497811303, -0.7066321091618996, -0.5918413570948979], [-0.7828086239008041, 0.08650274381432355, -0.6162206858416253]], "T": [-0.03781856022300924, -0.05407379112968918, -0.0038713540409794425], "aligned_model": [[-0.3167398434471532, -0.07559835628989589, 0.03780194661673651, -0.5751011550114336, -0.24988736366502873, 0.5432706368855991, 0.00996456737174331, 0.5225810665915573, -0.6747786425411245, -0.08491670510937178, 0.5203718129342197, -0.01136795480796442], [-0.34890289929681734, 0.27568290667161544, -0.9361342654924647, -0.39596327965645595, 0.1689358805656127, -0.18932341142898423, -0.5268607961405282, 0.017869660774525627, 0.25789619773975236, 0.7667225894188046, 0.4546225479927963, -0.03248020860342204], [-0.6245405251571104, -0.4333250426607546, -0.13314617096976908, 0.0971181151591401, 0.7029689674417207, -0.20704291652416448, 0.4491255879456699, 0.5935165944428432, 0.0256352242856445, 0.1536102898790569, -0.1330520712199228, 0.11799815559000701]], "inverted": false, "swapped": false, "error_lsq": 0.03822827434413543, "error_max": 0.2027019713695979, "target": "59.xyz", "model": "16.xyz", "model_rescale": 3.795458400668931, "target_rescale": 3.9195788299810443},
{"mapping": [9, 5, 8, 11, 4, 6, 7, 0, 10, 2, 1, 12], "R": [[-0.35078442783314745, -0.5523465448640836, -0.7562166221172875], [0.45486000132922344, 0.6053742336626218, -0.6531649228243754], [0.8185674464456489, -0.5730927774750807, 0.03888449595079624]], "T": [0.017544386347987356, -0.11980853400349911, 0.1640897582664005], "aligned_model": [[-0.321340168263032, 0.12938980963666594, -0.028075946229164733, -0.6544502739283586, -0.3599926202380216, 0.4747758939510315, 0.10386376267934855, 0.5392316267312348, -0.5322424976495415, -0.11034631544245274, 0.5144429664567343, -0.10965622817655973], [-0.22105729010434083, 0.25963997886484014, -0.7471247545544346, -0.5706255928801942, 0.10869418820925206, -0.28866219661477277, -0.4645823739419981, 0.06795357049551448, 0.2872088326909555, 0.5691122605128661, 0.5208247854032964, -0.00931648553654954], [-0.65618569977726, -0.5038069638368078, -0.08506865921929041, 0.1870576752127534, 0.633928137907434, -0.30474245063736505, 0.7163167443054596, 0.3728915848956762, -0.102321405999525, 0.26694865092743947, -0.07565461223180875, 0.15950320666565523]], "inverted": false, "swapped": false, "error_lsq": 0.04239844373555591, "error_max": 0.21124832273438152, "target": "59.xyz", "model": "17.xyz", "model_rescale": 3.7474275329858107, "target_rescale": 3.9195788299810443},
{"mapping": [10, 8, 11, 12, 9, 1, 7, 2, 5, 4, 0, 13], "R": [[-0.536819930002867, -0.11916041092335347, 0.835239581928619], [-0.41622202265394515, 0.8985257355023505, -0.13932239768902507], [-0.7338825455136372, -0.4224361479662194, -0.5319437096929399]], "T": [0.007382409930965936, -0.07472008608497713, 0.02724143431902245], "aligned_model": [[-0.4412395155345552, -0.03695413857275241, 0.009789741419791595, -0.6106390572823818, -0.30215704910803254, 0.6325009078364403, 0.0464875515835359, 0.518471522006381, -0.6666611215517068, -0.19954975882621367, 0.6121601706672835, 0.08339075689009366], [-0.23568512611845654, 0.370982978126552, -0.7548547324058212, -0.3960466528872585, 0.12006042705507389, -0.3520198135422462, -0.6609712141109606, 0.04240639618776479, 0.1700502563902954, 0.7284090908808367, 0.49708457760259783, -0.017351264633943306], [-0.4720260234048765, -0.535108545887193, -0.21596162782283765, 0.29933632005563376, 0.5875717305326198, -0.07692257836388225, 0.49862204997996734, 0.505678504870688, -0.06748308088796331, 0.06450300514299967, -0.05291888931289449, 0.0735753433100993]], "inverted": true, "swapped": false, "error_lsq": 0.035459686523741284, "error_max": 0.2082751476867929, "target": "59.xyz", "model": "18.xyz", "model_rescale": 3.922800546911778, "target_rescale": 3.9195788299810443},
{"mapping": [7, 11, 3, 12, 8, 2, 5, 1, 13, 4, 10, 14], "R": [[0.31674180442410443, -0.07526896472415336, -0.9455206038365935], [0.3706557139519773, -0.9077608136657525, 0.19642975051565154], [-0.8730916166387765, -0.41268012809226134, -0.2596269262477265]], "T": [0.025846420529732878, -0.04696761821230802, 0.13227585177243784], "aligned_model": [[-0.3499028726840888, -0.15196849529534157, 0.015614775121708106, -0.5968861403740544, -0.2508564915586714, 0.667651697918157, -0.11969130280852988, 0.5915367419208659, -0.582228439605607, -0.0625949911995867, 0.4898435517782149, -0.004918023685182786], [-0.289629686445283, 0.3365139057560971, -0.624928179129679, -0.527353228540567, 0.14844833647561925, -0.16767672543912115, -0.5818096408035726, -0.09966419516349366, 0.23795094708075945, 0.6681806757340695, 0.4926770604835812, -0.08064434746397593], [-0.5296445424962867, -0.4409321290284194, -0.14159664966103486, 0.12535721417026616, 0.6418234522150477, -0.16207811904613223, 0.6569629033962754, 0.606828857239551, -0.012223706852881322, 0.06439232321745125, -0.2473172596135506, 0.047293864672074484]], "inverted": false, "swapped": false, "error_lsq": 0.03841597281034675, "error_max": 0.19372432598278005, "target": "59.xyz", "model": "19.xyz", "model_rescale": 3.9282355846067225, "target_rescale": 3.9195788299810443},
{"mapping": [0, 11, 1, 3, 6, 10, 5, 7, 4, 8, 9, 13], "R": [[-0.8142198053934848, 0.17619442906526717, -0.5531741422656705], [0.14237602690815437, -0.863135318876926, -0.48448579779914713], [-0.5628278382124007, -0.4732366685640411, 0.6776960085905507]], "T": [0.06406594740604936, 0.010891813117105041, 0.15330250169141618], "aligned_model": [[-0.2965299798411302, 0.0038169439909486597, -0.07199375257097275, -0.58209730622977, -0.24354525056223747, 0.6313597775209195, -0.09534852643457949, 0.5194908623115123, -0.47136833679137174, -0.19286865613249926, 0.37822715296620235, 0.06645708130086092], [-0.3002123733562388, 0.21919308582427252, -0.694049674642516, -0.37487844430303, 0.056341229077186326, -0.2869607760476514, -0.5072231271054828, -0.006713026076683726, 0.2237284068439898, 0.7249989859541143, 0.5755477859067827, -0.11770714953030853], [-0.4896452027203379, -0.5295912006532575, -0.061280939384607325, 0.1502321137140401, 0.7278925777721532, -0.4226279580282593, 0.593568428713769, 0.578009451128243, -0.1062712963247634, 0.2048499006113274, -0.09345891051016544, 0.05718924389421852]], "inverted": true, "swapped": false, "error_lsq": 0.0387339601127037, "error_max": 0.20799931609812058, "target": "59.xyz", "model": "20.xyz", "model_rescale": 4.067790424073018, "target_rescale": 3.9195788299810443},
{"mapping": [3, 11, 2, 0, 7, 6, 8, 5, 12, 10, 13, 14], "R": [[-0.8913579661622529, 0.10062273349299267, 0.4419909972652052], [0.4430071143696612, 0.39997421791491533, 0.8023498748184723], [-0.09605036583458874, 0.9109861088445588, -0.40109679220269473]], "T": [0.021166946010692377, -0.0592126475451888, 0.12051621018812239], "aligned_model": [[-0.33644634681999364, 0.02277493355580442, -0.03390557722136498, -0.5063822067589018, -0.41220602872300194, 0.4901454835591571, 0.0840301354885867, 0.5199952054813569, -0.588268750768906, -0.0400165629514214, 0.44603893873564904, -0.00015921404908103912], [-0.31434765015484795, 0.28859743434896995, -0.7598904937121201, -0.5193481583965784, -0.05942768989858522, -0.3308764033921298, -0.28992547007864294, -0.04162110020106829, 0.2700154757526726, 0.7578193179963886, 0.4954570377356147, 0.015612622544761], [-0.6080192246981866, -0.4245138947491932, -0.12390045171252806, 0.2406212999494364, 0.7278478952960552, -0.3832841845848557, 0.6381915038349864, 0.43567811441100435, -0.2069144560882993, 0.12198830665860375, 0.07637059765848583, 0.11480070223685165]], "inverted": false, "swapped": false, "error_lsq": 0.049555180337528947, "error_max": 0.3191616437962818, "target": "59.xyz", "model": "21.xyz", "model_rescale": 4.186013935880536, "target_rescale": 3.9195788299810443},
{"mapping": [3, 5, 6, 4, 9, 0, 7, 1, 11, 8, 2, 12], "R": [[0.12627830386842798, 0.10681712030385258, 0.9862271000039016], [-0.5515544463567059, -0.8187856883380941, 0.15930376416413233], [0.8245250042759533, -0.5640745512631342, -0.04447941030446878]], "T": [-0.062244896154741616, -0.03109981102535502, 0.1312891418392634], "aligned_model": [[-0.40005753549788725, 0.12289067414027159, -0.0197101409721301, -0.6021244773101349, -0.14296849033555864, 0.5825295433009777, 0.041558931316595576, 0.5538676894589071, -0.6188354912353359, -0.1722711857061015, 0.3936173874965197, -0.09289689512823965], [-0.341041518466082, 0.19758089957172062, -0.5234658539993413, -0.516523884018611, 0.2715714344129709, -0.25483363602798953, -0.6125305166858885, -0.11848683591333317, 0.22510024667262912, 0.7243326511521059, 0.5095610761522157, -0.0491991403059624], [-0.6700581071267095, -0.5842307595801262, -0.1248735473738393, 0.15386470337338903, 0.6673158004726524, -0.10534884915251516, 0.5665900030815176, 0.5158564645046692, -0.02212017539811606, 0.20117577432127376, -0.09136436989053334, 0.10205927098069795]], "inverted": true, "swapped": false, "error_lsq": 0.04347195117695334, "error_max": 0.21618809682139, "target": "59.xyz", "model": "22.xyz", "model_rescale": 4.166573947596378, "target_rescale": 3.9195788299810443},
{"mapping": [3, 2, 9, 8, 7, 12, 10, 13, 4, 1, 6, 15], "R": [[0.5532122154426852, 0.8066431360199832, 0.20804589829372433], [-0.3392252610620391, 0.44623539748633495, -0.828130540607943], [-0.760843260430417, 0.3875575068838937, 0.5204966012526433]], "T": [0.014323976263270297, -0.1061956755731003, 0.003968204694817137], "aligned_model": [[-0.3155593793831571, -0.05546369708969644, -0.07187148972682356, -0.7197127316689096, -0.1773656817902542, 0.608410059855164, 0.12855714543033153, 0.495615554821005, -0.6445237810575135, -0.08457976310466507, 0.46663484797166516, 0.015458925270737405], [-0.21397958247596396, 0.3525588887068746, -0.6885333835044779, -0.4025144184020081, -0.008993901426588485, -0.18595987445168669, -0.44713815864966944, -0.1018698267783236, 0.16770273926953203, 0.5983840905689902, 0.4825249127049033, -0.04011656301714778], [-0.48693530221491327, -0.48335424460273113, -0.11393981812837382, 0.16969223517189974, 0.6860213827889515, -0.2607594914174702, 0.6609691479207088, 0.7004973443130765, -0.1713965705157719, 0.04737862221570578, -0.16315622870394425, 0.02384913138522286]], "inverted": false, "swapped": false, "error_lsq": 0.04086651378983804, "error_max": 0.20552486028848152, "target": "59.xyz", "model": "23.xyz", "model_rescale": 4.274766983524099, "target_rescale": 3.9195788299810443},
{"mapping": [5, 2, 0, 1, 8, 9, 10, 4, 7, 6, 11], "R": [[-0.7034716915050061, 0.5440917857866716, -0.45726546763401715], [0.6421386700689451, 0.7623161977261885, -0.08082043730625052], [0.3046071365762338, -0.35048272899496424, -0.8856502407965972]], "T": [-0.08911210692684488, 0.09048978879214746, 0.017538817189418583], "aligned_model": [[0.378022747977086, 0.265046006317615, -0.5355530300074882, -0.46421088612252004, -0.6523046654819548, -0.543558517153865, -0.04960958408499279, -0.03671869180183715, 0.5522170482036634, 0.512290235656676, -0.0457259595443075], [-0.09381130383454948, 0.6209152727384012, 0.41221681865632476, -0.15295519527995127, 0.3301024510273694, -0.34215010337673085, -0.6060447510534434, 0.23923700929738867, -0.22796119245770557, 0.5995029735805113, 0.13653455194586844], [-0.49186634876128116, -0.37277697228380646, -0.5230585602003243, -0.2891251842260763, 0.16396153367371807, 0.46485456775823225, -0.10839975899190488, 0.7186514598505852, 0.3634196744028364, 0.36095224740027104, 0.09295377539932773]], "inverted": true, "swapped": true, "error_lsq": 0.05649062272343089, "error_max": 0.26200923981484114, "target": "59.xyz", "model": "24.xyz", "model_rescale": 3.7841303162186577, "target_rescale": 3.9195788299810443},
{"mapping": [10, 9, 7, 11, 3, 8, 6, 4, 13, 12, 2, 15], "R": [[0.41298163959849604, 0.6927465379949289, 0.5912261829880161], [0.758744798292897, 0.09735760022719292, -0.6440712916606933], [-0.5037385198870639, 0.7145794090050758, -0.48541093086986387]], "T": [0.047740780452969145, -0.10602827694107375, -0.050377623126111236], "aligned_model": [[-0.32660958175468485, 0.06630304407888754, -0.12644049798176418, -0.6152955374745498, -0.2059220960970301, 0.5985514246347566, -0.005112089128361259, 0.4781601932989923, -0.6336626257082697, -0.16573302375437504, 0.5461845924555482, 0.03517620695873433], [-0.35382497813383496, 0.31376056788912254, -0.7273831873715836, -0.4157556465601907, 0.10121294752872087, -0.09933652239459112, -0.46670437472193643, -0.0048562303560789055, 0.21611391823709258, 0.6187864279368894, 0.4596618067565189, -0.12960980626569435], [-0.6857623148445873, -0.4572848320218681, -0.13028079970248133, 0.18174167116160458, 0.6856306020818628, -0.26490183694822783, 0.5734378775707035, 0.5506279416513239, 0.15917857799591476, 0.0147720886004327, -0.03189727113351002, 0.013604503801192554]], "inverted": true, "swapped": false, "error_lsq": 0.04398841938711782, "error_max": 0.2735832756227139, "target": "59.xyz", "model": "25.xyz", "model_rescale": 4.19342608120988, "target_rescale": 3.9195788299810443},
{"mapping": [9, 1, 7, 5, 4, 10, 3, 6, 0, 2, 8, 11], "R": [[0.48663722423696154, 0.7022736913867689, -0.5196112723690147], [0.38780777497811303, -0.7066321091618996, -0.5918413570948979], [-0.7828086239008041, 0.08650274381432355, -0.6162206858416253]], "T": [-0.03781856022300924, -0.05407379112968918, -0.0038713540409794425], "aligned_model": [[-0.3167398434471532, -0.07559835628989589, 0.03780194661673651, -0.5751011550114336, -0.24988736366502873, 0.5432706368855991, 0.00996456737174331, 0.5225810665915573, -0.6747786425411245, -0.08491670510937178, 0.5203718129342197, -0.01136795480796442], [-0.34890289929681734, 0.27568290667161544, -0.9361342654924647, -0.39596327965645595, 0.1689358805656127, -0.18932341142898423, -0.5268607961405282, 0.017869660774525627, 0.25789619773975236, 0.7667225894188046, 0.4546225479927963, -0.03248020860342204], [-0.6245405251571104, -0.4333250426607546, -0.13314617096976908, 0.0971181151591401, 0.7029689674417207, -0.20704291652416448, 0.4491255879456699, 0.5935165944428432, 0.0256352242856445, 0.1536102898790569, -0.1330520712199228, 0.11799815559000701]], "inverted": false, "swapped": false, "error_lsq": 0.03822827434413543, "error_max": 0.2027019713695979, "target": "59.xyz", "model": "26.xyz", "model_rescale": 3.795458400668931, "target_rescale": 3.9195788299810443},
{"mapping": [7, 10, 0, 6, 8, 3, 1, 9, 5, 11, 4, 12], "R": [[0.5800193260177189, 0.37138008339170014, -0.7250202859961402], [-0.27202856274525156, 0.927241237628613, 0.2573405298271354], [0.7678398547201778, 0.04796374569330346, 0.6388438280224396]], "T": [0.06683856619950906, -0.03871925964436925, 0.19259574971776544], "aligned_model": [[-0.1844047364425045, -0.07085859936737016, 0.1723205428234509, -0.6509431934724976, -0.5022328161784115, 0.4942852094897658, -0.06380324602579418, 0.46929324881306106, -0.6220025998771761, 0.09405131462455243, 0.5227976290910887, -0.012902743950281653], [-0.22431793834651595, 0.3860081069021412, -0.8117184293227966, -0.4308840582569408, 0.17263179340610937, -0.2809585289614902, -0.4011192274358475, -0.04773170229502746, 0.038580005096173396, 0.6608015137245367, 0.5443770908137179, -0.0936037027796262], [-0.5574962659516234, -0.3626812831320954, -0.09483950973535404, 0.3029727214427813, 0.5953862712535987, -0.35848143397654825, 0.6419866161074299, 0.34200557012894833, -0.10131433767107967, 0.33924071445183723, -0.19594403162524865, 0.05803117691971471]], "inverted": false, "swapped": false, "error_lsq": 0.05483172469225627, "error_max": 0.3375746794532675, "target": "59.xyz", "model": "27.xyz", "model_rescale": 3.6321398670334006, "target_rescale": 3.9195788299810443},
{"mapping": [2, 11, 4, 3, 8, 6, 7, 12, 0, 10, 9, 14], "R": [[0.889583823852359, 0.019191669428069852, -0.456368601203872], [-0.31935931224851033, 0.7404607208730039, -0.5913776716484905], [0.326573498649804, 0.6718255730982524, 0.6648309178361301]], "T": [-0.0661263664812898, -0.04609822396580779, 0.012216160026060928], "aligned_model": [[-0.4072785877308023, -0.1220073178013018, 0.18446538041117375, -0.6032261332965762, -0.1054179748947828, 0.6527626836166894, -0.026854593607841787, 0.5234367900860512, -0.6245043227765641, -0.19460566999480783, 0.4248758571917808, -0.056046101675134824], [-0.10101803928416808, 0.37280064991380335, -0.8336351980147674, -0.38844940935554595, 0.10289061006296132, -0.3078474277359071, -0.5155555353922899, -0.07827198396546933, 0.229217763847081, 0.7102077944236098, 0.3930355294408252, -0.07130983139569878], [-0.7047515097850235, -0.47144372993865086, -0.046576214090168745, 0.2688863497861086, 0.5054586081563812, -0.12414118343482639, 0.6278093248739592, 0.5909128547166274, -0.03052561108806464, 0.13936138452636837, -0.10025838903874482, -0.04586567647160517]], "inverted": false, "swapped": false, "error_lsq": 0.0383592496588623, "error_max": 0.2253117158630597, "target": "59.xyz", "model": "28.xyz", "model_rescale": 4.156811204709835, "target_rescale": 3.9195788299810443},
{"mapping": [6, 3, 4, 9, 0, 2, 7, 5, 10, 11], "R": [[-0.43879900039958186, 0.8903601252199554, -0.12130245119795838], [0.8489766120879841, 0.4550121973615769, 0.26870543794236446], [0.29443870223857505, 0.014924733515030625, -0.9555538200193483]], "T": [-0.026071602067899435, -0.018427859391391136, 0.08256806259569063], "aligned_model": [[-0.6272936479967706, -0.16885417982386747, 0.10613842028601467, 0.6868713919334357, 0.03902751609211552, -0.6744051425794162, -0.32375287652393575, -0.5198328146957364, 0.18113308835567707, -0.05610638093692853], [-0.12956106050040733, -0.643254103942534, -0.025777501230959596, 0.2054702144275708, -0.5844481113648291, -0.3669045142863504, 0.6097960956988232, 0.29197678901882684, 0.5889508413149701, -0.02752831850890686], [-0.5214960458422208, -0.37362685043387556, -0.6237578083801842, -0.10550675394186673, 0.6026127560189619, 0.21429968351345274, -0.30352545088923266, 0.4967229945431296, 0.38379666295442316, -0.010732460567487834]], "inverted": false, "swapped": true, "error_lsq": 0.04258469354526026, "error_max": 0.19423845544877258, "target": "59.xyz", "model": "29.xyz", "model_rescale": 4.117894457231895, "target_rescale": 3.9195788299810443},
