[{"mapping": [6, 0, 3, 7, 9, 2, 8, 12, 13, 4, 10, 14, 5, 15], "R": [[0.7192795112184212, 0.09403993337369224, 0.6883265763229407], [0.23667196230230864, -0.9646980327613819, -0.11551661285847517], [0.6531641194993523, 0.2459963343576317, -0.7161441450443091]], "T": [0.02519782250692871, 0.12971421736237226, 0.19605789480691474], "aligned_model": [[0.08054236519643221, 0.30708752047446697, -0.28089143776243614, -0.4358311400646996, -0.6002587032367521, -0.0740154133183874, -0.695030213189185, 0.0055509588898691245, -0.455242614144277, 0.26383552823704964, 0.538299717857777, 0.1589507943734795, 0.5814299488832881, -0.022935211068321852], [-0.6703262007738411, -0.2459807674357516, -0.3389589877176161, -0.22061196239901854, 0.2761412270485949, 0.09498367296016862, 0.21630197259510803, 0.46538530157980046, 0.78367289601575, -0.1614393002059033, 0.4102821696244132, 0.6932114651936896, -0.2158252455448284, 0.14843709086946888], [0.07431113736709724, -0.3175650506866112, 0.5000268648176337, -0.1660295977589953, 0.4570444260875428, -0.7100346177377023, -0.12127182478223139, 0.7035941758015031, 0.13503495192346024, 0.7231735858810284, 0.6084420201285865, -0.26021527100830966, 0.13871721858231648, 0.13236006856451454]], "inverted": true, "swapped": true, "error_lsq": 0.047232976854344445, "error_max": 0.29947177203531383, "target": "590.xyz", "model": "0.xyz", "model_rescale": 3.8414455957264533, "target_rescale": 4.199102960326143},
{"mapping": [1, 10, 6, 4, 5, 3, 7, 0, 8, 2, 9, 11, 13, 14, 15], "R": [[-0.8559721111486184, 0.06865671666804388, -0.5124431677680377], [-0.029172550592782225, -0.9959783940060768, -0.08471128003393485], [-0.5161983216048738, -0.057561218971110356, 0.8545326201163248]], "T": [-0.03615135021547202, -0.00481057563105091, -0.14369469406938692], "aligned_model": [[-0.7280276656768032, -0.6608024980864708, 0.09964788205995764, -0.297037975485195, -0.48874186864714914, 0.30327613278618404, 0.5442179677118546, -0.1385667723567877, 0.6941267195187703, 0.22533113122976542, 0.48908587685131377, -0.28448059830830225, 0.29961896533636034, -0.20298987293200496, 0.01738672950305186], [0.10703582415838642, 0.0929523536173377, -0.760618487249938, -0.4338816842204683, -0.4223465272629307, -0.4653574895725477, -0.18903583876545213, -0.3111527832935909, 0.2677439201043385, 0.1631745378568739, 0.1913926593015702, 0.7438070878677008, 0.7209150740334812, 0.6079025470932695, 0.034513334374984384], [0.19481132851085434, -0.47881549437083915, 0.11757706340142618, -0.5528467803335044, 0.0863166180651761, -0.42374445211908984, 0.16552366900172863, 0.4728136892249484, -0.004655126272630011, 0.7138955529078683, -0.5515927820473367, -0.41477530631291537, -0.2946560888928512, 0.23094078772435242, -0.09561089114765288]], "inverted": true, "swapped": true, "error_lsq": 0.04147779980949506, "error_max": 0.2931425841913223, "target": "590.xyz", "model": "1.xyz", "model_rescale": 4.316132596720782, "target_rescale": 4.199102960326143},
{"mapping": [5, 4, 6, 14, 2, 1, 8, 11, 3, 10, 9, 15], "R": [[-0.28376595258631776, -0.5416208957494355, 0.7912797794967084], [0.19244946578430633, 0.7762417953611528, 0.6003431337608766], [-0.9393828225340908, 0.3226383120803754, -0.11603634045337465]], "T": [0.01934348178535792, 0.019073890787106147, -0.06303055621809127], "aligned_model": [[-0.06675830571153848, 0.522821433815816, 0.18670092190555077, -0.6283873891235736, -0.7414039254776408, -0.46166705271924335, -0.08449498570250838, -0.15866338329025048, 0.5476484870924179, 0.13369567867246512, 0.378236003239401, -0.029918928069114926], [-0.6018526591889011, -0.2952386154351633, -0.647432779491714, 0.3192196725760513, -0.04842713004540699, -0.30299529662191066, 0.4999224318867082, 0.6360760091714778, -0.11740903162984037, -0.03794508198179165, 0.5524680180306308, 0.05639089047084019], [0.13474799093500495, 0.1963665860494137, -0.49397174444966796, 0.12125573243494629, -0.5617891277695122, 0.45724733547306506, -0.6834548198358259, 0.46913714459637834, -0.39167713903557677, 0.6410468610294299, -0.3227179978423966, -0.1169323603758379]], "inverted": false, "swapped": true, "error_lsq": 0.048621232945213394, "error_max": 0.2811746922915366, "target": "590.xyz", "model": "2.xyz", "model_rescale": 3.795458400668931, "target_rescale": 4.199102960326143},
{"mapping": [11, 12, 10, 6, 14, 0, 4, 8, 3, 7, 1, 15], "R": [[-0.9820721748129798, 0.01240773758658982, -0.18809649519883767], [-0.18798071702069882, -0.1388509935014412, 0.9723084138441087], [-0.014053237580286607, 0.9902355526094007, 0.13869411257103514]], "T": [0.0734644511060576, -0.023122901415759973, 0.05384413544762736], "aligned_model": [[-0.22896775914000728, -0.24052546583013024, -0.6250074290239768, 0.2667378470274688, 0.06617191869664123, 0.1805410349271609, -0.3263996774946525, 0.8151889153003442, 0.28020504244523303, 0.7186703936348006, -0.45486700636539723, 0.1415560115660807], [-0.14471274529303266, -0.4740881088244664, -0.11407899876643425, 0.1278796718812929, 0.42299752135709556, 0.5705785042509736, -0.34190054537792247, -0.12957691560012596, -0.43124374232912693, 0.05364190952045557, 0.5405502563312815, 0.005722238139718772], [-0.7138349563391604, -0.2082529197146484, -0.07231694685914938, 0.8270152544703573, -0.5331205951756671, 0.40093245225861507, 0.45141019226508733, -0.2019612119812049, 0.49705745908136834, 0.2640819635287637, -0.040639845453200506, 0.018400584557939192]], "inverted": true, "swapped": true, "error_lsq": 0.04610300456613121, "error_max": 0.22441266511904243, "target": "590.xyz", "model": "3.xyz", "model_rescale": 3.7530521520055578, "target_rescale": 4.199102960326143},
{"mapping": [12, 1, 14, 2, 13, 6, 9, 4, 3, 7, 15], "R": [[-0.8209421489455051, -0.4985275204891721, 0.2784318577312128], [-0.3066403191752019, 0.7962309565605961, 0.5215246671737864], [-0.48169046361835577, 0.342763147274494, -0.8065281905362125]], "T": [-0.142446405194322, -0.054108108324804755, -0.04429965794741881], "aligned_model": [[-0.48386049690577243, -0.21695474867395195, 0.33292479626156996, 0.6705844120974247, 0.29047979876329844, -0.2662131431904169, -0.05039872326580794, -0.7752947379918611, -0.38616049302530786, 0.2846530074420803, -0.061560069066049994], [-0.5525180324190966, 0.007661033192746219, -0.3608292802659486, 0.2984356217842318, -0.7227014604135502, 0.7244939202233418, -0.4180656184842062, 0.059905673775297194, 0.18797976746250084, 0.30001302657626094, -0.0571712931172311], [0.03105363063825916, -0.81658319413954, -0.517108870155772, -0.2605100338814641, 0.12233346476055287, 0.14651605867651107, 0.538635037641251, 0.03363058221429404, 0.4921136593099678, 0.3539060707541803, -0.031155628572923713]], "inverted": true, "swapped": true, "error_lsq": 0.04698771221772149, "error_max": 0.2799017871733586, "target": "590.xyz", "model": "4.xyz", "model_rescale": 3.7855080009869324, "target_rescale": 4.199102960326143},
{"mapping": [6, 1, 13, 10, 5, 4, 7, 8, 15, 9, 0, 2, 3, 14, 12, 16], "R": [[0.5314283121234571, 0.504626313904718, 0.6803941742758758], [0.4748386500150755, -0.8426053978989076, 0.2540558991314401], [0.7015070958482704, 0.1880649535308504, -0.6874004420481303]], "T": [0.08439374294838961, 0.058632609278537674, -0.08773973835107107], "aligned_model": [[0.2482492249468078, -0.46525397693712756, 0.6829395644817802, 0.25920660873585233, -0.4476558696176425, -0.36152322622367705, 0.04569483956946442, 0.70991633964633, 0.7644745179480168, 0.09369250089871653, -0.6922871441032826, -0.34381467344900574, -0.3406256186582737, 0.2654152163200485, 0.1440090624272725, 0.08930923938670167], [-0.27507978554569446, 0.3352824751700027, 0.2546484588068258, -0.3927954587683768, -0.47241255177293345, -0.3386200139600718, -0.6857475632890447, -0.26092454573324314, 0.17069259729360056, 0.2682796921745141, -0.0008126540533311064, 0.5715330435112339, 0.08665588033498009, 0.6592618682416137, 0.6441948867785204, 0.10174772851587087], [-0.624269780964441, -0.5287115908725859, -0.4457737103900672, 0.45688622082539854, 0.2122894124184096, -0.5240300015930892, -0.16370042187507286, -0.04398382829696801, 0.3642014140657305, 0.5926099165932314, -0.12905491324536128, 0.22746873911906001, 0.4608856747843413, 0.1655843978631656, -0.4292482973398859, -0.05605888319057011]], "inverted": false, "swapped": false, "error_lsq": 0.03720414850047948, "error_max": 0.20516471217419577, "target": "590.xyz", "model": "5.xyz", "model_rescale": 4.2253639853439635, "target_rescale": 4.199102960326143},
{"mapping": [2, 1, 4, 6, 5, 12, 3, 7, 11, 14, 10, 9, 8, 15], "R": [[0.9746432034134007, 0.08840503893400845, -0.20556063614209139], [-0.047757212872345495, 0.9796625666085697, 0.19488587482056216], [0.21860895374785158, -0.18012719027672305, 0.9590434404469296]], "T": [0.00807172156952736, -0.05247690199802548, 0.04884372078968488], "aligned_model": [[0.8001973512964529, -0.24948781247176194, -0.5028215275926566, 0.21003064957024786, -0.2031579362009972, -0.4463954687970344, 0.016290467313083493, 0.6208071505384744, -0.2826507917353985, 0.20436856104121087, -0.662952536725842, 0.12823856935880706, 0.6580450512746748, 0.08355042588852353], [-0.003794991123244211, 0.018437637431631244, -0.42030636728322746, -0.8377026802489942, -0.49344916546237183, 0.24423397198791966, -0.47386193156804746, -0.2814968264886744, 0.7278774866603779, 0.5055027766505038, 0.09473067115767639, 0.1925682562402076, 0.19279799266481082, -0.020437683983577558], [-0.4008452566715397, -0.6821986821441085, 0.2013522438091064, 0.024697694716077606, -0.3904797893057065, 0.3246631956175673, 0.526451773709909, 0.24502898298154321, 0.0029311053747058113, -0.3913044777393593, -0.1514285260425362, 0.6862317528292632, 0.4287106848884217, 0.04774750690810452]], "inverted": false, "swapped": true, "error_lsq": 0.0363654765862176, "error_max": 0.22356553609519886, "target": "590.xyz", "model": "6.xyz", "model_rescale": 3.89814844738969, "target_rescale": 4.199102960326143},
{"mapping": [7, 6, 3, 2, 9, 5, 0, 8, 14, 1, 4, 11, 15], "R": [[-0.16826943690518656, 0.12773038346383458, -0.9774304812843689], [0.8897114610933512, 0.44656967406716597, -0.09481055955261247], [0.4243806223223979, -0.8855848210892772, -0.18878721369183693]], "T": [0.0029518464848294207, 0.17531489600879896, 0.060433788859407714], "aligned_model": [[0.15591862614331764, -0.075870988729672, 0.4546689525229227, -0.4808725036229555, 0.6468019327694744, -0.4502301235348785, -0.5178109675153804, 0.3644750783094261, -0.41344101703116365, -0.7095553945167444, 0.15857897964372242, 0.015912942397055416, 5.628406909817269e-05], [-0.31045891509415097, 0.284488710046919, 0.31531525660123255, -0.5662156117500936, -0.04298255475763085, 0.5471362622375096, 0.03800061996383752, -0.5277761948642252, -0.20638851964042565, 0.4040556101375972, 0.7834305114654567, 0.15180155482219948, 0.09337453630225948], [-0.39454803231169916, -0.7394524536659306, -0.3662908275949651, -0.15888247244476061, 0.19664683394332044, -0.23697943487842243, -0.38043800056351373, 0.016983996230071366, 0.5342731005826094, 0.27444289517377324, -0.09939383962694327, 0.8940162099036639, 0.061897056089092094]], "inverted": true, "swapped": true, "error_lsq": 0.04462493225042282, "error_max": 0.25220050050895004, "target": "590.xyz", "model": "7.xyz", "model_rescale": 3.7474275329858107, "target_rescale": 4.199102960326143},
{"mapping": [14, 2, 8, 13, 7, 12, 11, 10, 9, 4, 1, 5, 0, 6, 15], "R": [[-0.7108095034433551, 0.664999677816938, -0.22918393992158334], [-0.015434939158848304, 0.31100508158272755, 0.9502829062352347], [0.7032151964141374, 0.6790075608806503, -0.21080113804042055]], "T": [0.026632798197109217, -0.09695335433792424, 0.10194520430417225], "aligned_model": [[-0.43355349342278415, 0.2377431924661364, 0.4389541176994053, -0.18588425909922185, 0.63009025375777, -0.2936840704740021, -0.6667307721126292, -0.5606346190860088, 0.2556312874395699, 0.037973725462479645, -0.5318089757831287, -0.03223122973026481, 0.22008367418916663, 0.6363467064549253, 0.049858184577333216], [0.0401869157280941, 0.40715497629434133, -0.42204952443426613, -0.6528350894582424, -0.039673424233069354, -0.5606306262201846, -0.49386018710635166, -0.12127346768596989, -0.738232751098771, -0.13986069446272262, 0.44397461166653457, 0.4550515168387374, 0.5633025136517049, 0.3457972001587076, -0.09793400765894913], [-0.45754146307137883, -0.628370008864461, -0.4906993969249525, -0.4530689964434866, -0.21260462921062412, 0.33228114101415995, -0.13741319927521967, 0.5100850214634668, -0.028711335852124875, 0.7481646876820978, 0.13839381241731064, 0.4539470514621947, -0.0032023155111089996, 0.4022298335712918, 0.023304453239096495]], "inverted": true, "swapped": true, "error_lsq": 0.046690633410548715, "error_max": 0.3340953248349852, "target": "590.xyz", "model": "8.xyz", "model_rescale": 4.019505241142653, "target_rescale": 4.199102960326143},
{"mapping": [12, 4, 9, 13, 11, 14, 7, 10, 1, 5, 6, 0, 15], "R": [[0.5404048286404004, 0.7255120072793255, -0.426139588017428], [0.7384130500849386, -0.6517327531074748, -0.1731779027220544], [-0.4033717747269848, -0.22108085810507244, -0.8879270609307544]], "T": [0.0016720459233580814, 0.006428529225221136, -0.03689047525168261], "aligned_model": [[-0.24424999923647317, -0.6305758225135669, -0.037798622760588416, 0.4732015688529531, 0.2934700948165944, 0.6561005519763818, 0.1968883246229699, -0.2806109000930375, 0.1775567923501422, -0.22199774693632596, -0.32376766662066586, 0.18885833303649635, 0.07262586424629645], [-0.48946692210434645, -0.0725776146051809, -0.011247256902237476, -0.3364263039453041, -0.7536711263878677, -0.3010066998768002, 0.6180630292368248, -0.5884515192959812, -0.30584776548988596, 0.12151786872732102, 0.7001488996278704, 0.44604687092284634, 0.036296768206799855], [-0.2903943245529491, 0.07968541959399618, -0.7289022794640945, -0.6046221358900777, -0.21767468942418977, 0.10737011538846954, -0.26965072047191135, 0.24326423901560323, 0.6540052130390248, 0.570403456616843, 0.2291753120864513, 0.4691866543639182, -0.0651427662572046]], "inverted": false, "swapped": true, "error_lsq": 0.051165783852434484, "error_max": 0.3521380506683736, "target": "590.xyz", "model": "9.xyz", "model_rescale": 3.877068213659057, "target_rescale": 4.199102960326143},
{"mapping": [3, 13, 5, 11, 10, 6, 12, 0, 1, 8, 14, 2, 9, 7, 4, 15], "R": [[0.15885997521280726, -0.4192423068926439, -0.8938676615622252], [-0.7983309854816858, -0.5872262420254812, 0.1335401748406519], [-0.580888238730332, 0.6923880622800811, -0.42798087026969744]], "T": [-0.007296680575797278, 0.04321317207449067, -0.07500316933552098], "aligned_model": [[0.1811598781942251, -0.594371095692197, 0.7068672005651604, 0.08811647413539106, -0.45872634635116666, -0.2400280030288156, 0.31996777941364557, 0.6209673735859265, 0.8007377011422476, 0.18346274466577328, -0.7803095335025017, -0.3465940434196023, -0.40486187016970504, 0.31256850607416514, 0.20020120473925107, 0.0625886350201843], [0.06597236455280729, 0.2799561495472372, -0.03771364173624363, -0.5054366375357864, -0.46397179876535083, -0.35332104016867905, -0.604457038445581, -0.33078788350398286, 0.33231164165481725, 0.19235066934133055, 0.028113019221849625, 0.5915961007104675, 0.12768567898544594, 0.7330268610875802, 0.6136003103400184, -0.0030206975814632345], [-0.6805834590928092, -0.5187766359789729, -0.3822754328456802, 0.4092849603831103, 0.1303877790336944, -0.4859792333524001, -0.2528134259188648, 0.23991511261751597, 0.05309492999184878, 0.6575893397707262, 0.033369618911942456, 0.08154976451553675, 0.4450464624295558, 0.2218636463181422, -0.3744924343117733, -0.0420866445702766]], "inverted": false, "swapped": false, "error_lsq": 0.04670200253148248, "error_max": 0.3395094573499188, "target": "590.xyz", "model": "10.xyz", "model_rescale": 4.260839863003843, "target_rescale": 4.199102960326143},
{"mapping": [6, 0, 1, 5, 10, 4, 3, 7, 14, 11, 9, 15], "R": [[-0.9949827366346881, 0.035389143172627285, -0.09357864256578136], [0.09898016266992246, 0.21198367792001732, -0.9722478324446593], [-0.014569872915803576, -0.9766322382765222, -0.21442292312672095]], "T": [0.04824720282588608, 0.07418914761417748, 0.030332290975067684], "aligned_model": [[0.2822228687072764, 0.22142780315711544, -0.4295754897901108, -0.2614554317927401, -0.6596992843676169, -0.36441288567299374, 0.23277455060853042, 0.7049216005433443, 0.0604889926459138, -0.29148321655264764, 0.3463269946403229, 0.1173621469677367], [-0.0017798361391399703, -0.4805455522298103, -0.5393577349609983, -0.27022695847643663, 0.09357075761026304, 0.3848351524252219, 0.5305125607292287, 0.07039581772507428, -0.41286154762726357, 0.11170635733283184, 0.6378929495807966, 0.04893653956316638], [-0.7426062986211789, -0.35267547137192906, 0.062495587895363115, -0.436081126461564, 0.13274675348308698, -0.3605385166072966, -0.37397074352369336, -0.15714526730729342, 0.5837182019689072, 0.7910925824064876, 0.30261369987244296, 0.06652867566217172]], "inverted": true, "swapped": true, "error_lsq": 0.04493860942941358, "error_max": 0.23555516663978454, "target": "590.xyz", "model": "11.xyz", "model_rescale": 3.890672605050136, "target_rescale": 4.199102960326143},
{"mapping": [0, 2, 8, 6, 7, 10, 14, 4, 5, 11, 9, 13, 12, 15], "R": [[0.608242862663967, -0.7846605202708044, 0.11978517415228507], [0.5745720917639026, 0.5393645844653215, 0.6155913875214667], [-0.5476381390885738, -0.3056038497023586, 0.7789086953312964]], "T": [0.10286059115906349, -0.07212242746412217, 0.166193669215161], "aligned_model": [[0.37121525633630226, 0.28528372861215834, 0.38498218555949953, 0.8022898471253934, 0.6622174424968601, -0.4238070131467843, -0.4026229393465581, 0.19221580839871705, 0.16800656182164367, -0.6643398435019052, 0.22110080253589576, -0.2556690063230825, -0.24627053615460193, 0.11527354038015564], [-0.45899987146410154, 0.06095028473946745, 0.627979286451712, -0.4774600505033894, 0.20189281694414557, -0.42751151147990324, 0.0964109039493832, -0.45195325131249114, -0.7194323032395404, 0.24412788456921503, 0.5322855277902412, 0.6563190615904573, 0.06413445274376123, -0.01659071095119232], [-0.346376980121877, -0.7175860377001821, -0.07294856845631278, 0.09948467992998292, -0.11384034215148242, 0.4953933520880809, -0.34340138985614554, 0.6832173317024596, 0.07224911525219874, 0.24967871631848493, 0.48472307179787444, 0.11107297557776724, 0.6459807793923859, 0.10714373158362642]], "inverted": false, "swapped": true, "error_lsq": 0.049926809715019484, "error_max": 0.28051651304306474, "target": "590.xyz", "model": "12.xyz", "model_rescale": 4.124412569039231, "target_rescale": 4.199102960326143},
{"mapping": [7, 6, 4, 2, 3, 8, 0, 13, 5, 14, 12, 10, 15], "R": [[-0.5735474470824928, -0.07285888388052009, 0.8159257987003721], [-0.6927743646418908, -0.4884017171453212, -0.5305915966018744], [0.4371578726732251, -0.8695719324640065, 0.22964679103056013]], "T": [0.19349168009664763, 0.1243572202164474, -0.05772197801259785], "aligned_model": [[-0.15059622214350094, -0.061083524233936204, 0.6279706740334632, -0.6830731708558472, 0.45911217392183246, -0.00022887421350500925, -0.40834333355911934, 0.3066569349121958, 0.0031785888307868937, -0.18125355169273855, 0.7456896634921811, 0.5681651808573813, 0.1411037681605641], [-0.23559211440692068, 0.446042967245752, 0.5502278340565516, -0.1276422036566307, 0.07725007556785424, -0.6236964500270203, 0.4202070855841182, -0.5653136339118983, 0.7465026697795312, -0.049551404368020885, 0.08057939826047386, 0.5670596957218319, 0.061411456662855635], [0.40963600134040146, 0.642034913702251, 0.16460998383760933, -0.07126711031490676, 0.5193126945372365, 0.11493973449627562, 0.12851584591162976, -0.4745630798514646, 0.036062982775567645, -0.6683986593963791, -0.3103383709767247, -0.4768721702773383, -0.0619746848163191]], "inverted": false, "swapped": true, "error_lsq": 0.04682340354901669, "error_max": 0.293051260804472, "target": "590.xyz", "model": "13.xyz", "model_rescale": 3.9028299243045295, "target_rescale": 4.199102960326143},
{"mapping": [13, 5, 12, 9, 7, 10, 14, 11, 1, 6, 4, 0, 3, 2, 8, 15], "R": [[0.1628272049360271, 0.9031324020927485, -0.39728977538177757], [0.29006880989555356, -0.42868655133932965, -0.8556213684957672], [-0.943052165502258, 0.02407706358704026, -0.3317723740014038]], "T": [0.043978140700522986, 0.1150481267878091, -0.017320602746211944], "aligned_model": [[0.1393494931303209, -0.12639759191953231, 0.5588636469813245, 0.16588144661437948, -0.45904686709036613, -0.35984084132240957, 0.3183066085888096, 0.6752253430322154, 0.600897540263139, 0.16583266624504556, -0.6260875877212138, -0.4604109251701244, -0.33677395444945724, 0.2763436617455972, 0.08730126840222811, 0.032302698042024805], [-0.16281866002269915, 0.2171925861093728, 0.19469846486167489, -0.5533942767566206, -0.5331841846794622, -0.44960617662083513, -0.6646987124623737, -0.26831492905108245, 0.15798216166081733, -0.004943273433932693, 0.13452050355267273, 0.7701858952346546, 0.2845182112438337, 0.7648130831207042, 0.7610192330423459, 0.017934131905395917], [-0.7564726207496458, -0.4891685155520624, -0.4786112139963951, 0.3557340763756036, 0.3665917150347431, -0.28833416227605446, -0.3332152230998475, 0.003085898771795735, 0.31463753736055605, 0.627009903070781, -0.11730070086820372, 0.042700925302910434, 0.44635727870978253, 0.23950917688797774, -0.43845193148827466, 0.041022204417628896]], "inverted": false, "swapped": false, "error_lsq": 0.0417363462715071, "error_max": 0.3246941073985598, "target": "590.xyz", "model": "14.xyz", "model_rescale": 3.942246331269136, "target_rescale": 4.199102960326143},
{"mapping": [1, 10, 5, 12, 9, 4, 7, 0, 2, 6, 3, 8, 11, 13, 15], "R": [[0.07631049768985071, -0.5785889220602046, 0.8120416043599847], [0.6432372550408628, -0.5937145897080189, -0.4834757695017766], [0.7618546722766906, 0.559229689159159, 0.3268632941967132]], "T": [-0.06445607720982695, -0.021157599540010986, -0.06742286827974325], "aligned_model": [[-0.7143847442531525, -0.2088934071875696, -0.24758189221544935, 0.1266933408592078, 0.39071426635645795, 0.2977914093939943, 0.11840420772614203, -0.3871057093119075, -0.6029289154041395, 0.20847750354464245, 0.5377591486576553, 0.08279936882436871, -0.38565713197769114, -0.15229799763059487, -0.0894954108497541], [-0.08682652164488444, -0.5340420201412338, 0.24303734480367958, -0.5966466531231217, -0.2510785006530404, -0.13846667607449326, 0.5111408304080414, 0.5699416310832176, 0.5753806521845145, 0.674971467671676, 0.17890619673204652, 0.16140856181448937, -0.7585150186501359, -0.45836687348969957, 0.007300268960595192], [-0.49058843964652094, -0.5450629278224042, -0.6407862951313501, -0.12153757730967082, 0.40237181223507673, -0.5914310897580879, 0.3193638772231563, -0.2432522401752179, 0.3641350477908905, -0.3818454251736742, -0.12268263932671077, 0.6888240781835169, 0.15329060841407804, 0.6132684082201161, 0.005295282637318474]], "inverted": false, "swapped": true, "error_lsq": 0.04222345194704769, "error_max": 0.30390596900398364, "target": "590.xyz", "model": "15.xyz", "model_rescale": 4.355366556412066, "target_rescale": 4.199102960326143},
{"mapping": [5, 4, 6, 14, 2, 1, 8, 11, 3, 10, 9, 15], "R": [[-0.28376595258631776, -0.5416208957494355, 0.7912797794967084], [0.19244946578430633, 0.7762417953611528, 0.6003431337608766], [-0.9393828225340908, 0.3226383120803754, -0.11603634045337465]], "T": [0.01934348178535792, 0.019073890787106147, -0.06303055621809127], "aligned_model": [[-0.06675830571153848, 0.522821433815816, 0.18670092190555077, -0.6283873891235736, -0.7414039254776408, -0.46166705271924335, -0.08449498570250838, -0.15866338329025048, 0.5476484870924179, 0.13369567867246512, 0.378236003239401, -0.029918928069114926], [-0.6018526591889011, -0.2952386154351633, -0.647432779491714, 0.3192196725760513, -0.04842713004540699, -0.30299529662191066, 0.4999224318867082, 0.6360760091714778, -0.11740903162984037, -0.03794508198179165, 0.5524680180306308, 0.05639089047084019], [0.13474799093500495, 0.1963665860494137, -0.49397174444966796, 0.12125573243494629, -0.5617891277695122, 0.45724733547306506, -0.6834548198358259, 0.46913714459637834, -0.39167713903557677, 0.6410468610294299, -0.3227179978423966, -0.1169323603758379]], "inverted": false, "swapped": true, "error_lsq": 0.048621232945213394, "error_max": 0.2811746922915366, "target": "590.xyz", "model": "16.xyz", "model_rescale": 3.795458400668931, "target_rescale": 4.199102960326143},
{"mapping": [7, 6, 3, 2, 9, 5, 0, 8, 14, 1, 4, 11, 15], "R": [[-0.16826943690518656, 0.12773038346383458, -0.9774304812843689], [0.8897114610933512, 0.44656967406716597, -0.09481055955261247], [0.4243806223223979, -0.8855848210892772, -0.18878721369183693]], "T": [0.0029518464848294207, 0.17531489600879896, 0.060433788859407714], "aligned_model": [[0.15591862614331764, -0.075870988729672, 0.4546689525229227, -0.4808725036229555, 0.6468019327694744, -0.4502301235348785, -0.5178109675153804, 0.3644750783094261, -0.41344101703116365, -0.7095553945167444, 0.15857897964372242, 0.015912942397055416, 5.628406909817269e-05], [-0.31045891509415097, 0.284488710046919, 0.31531525660123255, -0.5662156117500936, -0.04298255475763085, 0.5471362622375096, 0.03800061996383752, -0.5277761948642252, -0.20638851964042565, 0.4040556101375972, 0.7834305114654567, 0.15180155482219948, 0.09337453630225948], [-0.39454803231169916, -0.7394524536659306, -0.3662908275949651, -0.15888247244476061, 0.19664683394332044, -0.23697943487842243, -0.38043800056351373, 0.016983996230071366, 0.5342731005826094, 0.27444289517377324, -0.09939383962694327, 0.8940162099036639, 0.061897056089092094]], "inverted": true, "swapped": true, "error_lsq": 0.04462493225042282, "error_max": 0.25220050050895004, "target": "590.xyz", "model": "17.xyz", "model_rescale": 3.7474275329858107, "target_rescale": 4.199102960326143},
{"mapping": [11, 1, 14, 10, 9, 3, 8, 0, 12, 7, 4, 5, 6, 15], "R": [[-0.6439640686564932, -0.7498463584714696, 0.15179168938532767], [-0.13797689237621574, 0.30898205097619463, 0.9410060942123313], [-0.7525109005519972, 0.5850303674696049, -0.3024348089899735]], "T": [0.05050427147875547, -0.06448122377881525, 0.03254466406524904], "aligned_model": [[0.3722770007925461, 0.013803706855963188, 0.6306300493481748, -0.3088065049312695, 0.21371578356218315, -0.2944605737203515, 0.6340665930407924, 0.08820172920450513, -0.1175599512706737, 0.31295699810939714, -0.5893022670323373, -0.33854784613216454, -0.32911914788152286, 0.12699207793763406], [-0.4988391455150056, 0.42016271448092124, 0.07906709173533659, -0.17516277936938124, -0.6696082564728555, -0.2444412906256046, -0.30015975543666157, 0.6167886206350365, -0.5725219440798894, 0.07232354676145418, -0.16137864072782293, 0.448052564971002, 0.40280785113885775, -0.05668233598415416], [-0.6025742432190315, -0.5753715324863498, -0.39925641352036945, -0.5763050356752909, 0.3290813074961176, 0.5368818261491356, 0.5129972218294677, 0.1699031524577742, -0.2578054626836557, 0.6480010068470227, 0.003773827578972544, -0.10172080864264345, 0.5761225719496503, 0.061067300580854675]], "inverted": true, "swapped": true, "error_lsq": 0.04190655069353518, "error_max": 0.2593040617414858, "target": "590.xyz", "model": "18.xyz", "model_rescale": 3.922800546911778, "target_rescale": 4.199102960326143},
{"mapping": [13, 9, 12, 14, 6, 8, 3, 1, 7, 10, 4, 5, 2, 0, 15], "R": [[-0.957617998794671, -0.23522240301162545, -0.16624737443318002], [-0.17588867513815304, 0.9345918453224906, -0.3091945287595614], [0.22810292050439593, -0.266849215434744, -0.9363549294360697]], "T": [0.12750275561931773, 0.05137425810159961, -0.05970196416102882], "aligned_model": [[-0.3162023976692279, -0.24429734414728155, 0.39114473057358523, -0.03055204016747745, 0.12006701984622628, -0.6476882359739842, 0.055529349627264996, 0.5876718077341707, -0.4505033701664199, 0.7782279733465045, 0.6275793062269348, 0.560962688295833, -0.4650036316531086, 0.07764741941082491, 0.051467561603773374], [0.5445720633336558, -0.06082233929633689, 0.18029830479167802, 0.7498988447798957, -0.6197920866732434, 0.05561698106898032, -0.5531879918950046, 0.4870814269452736, -0.2606520591268439, 0.29626580065074015, -0.33019270125798844, -0.10304879252935033, 0.29976337416614257, -0.04588279350615275, 0.07769347358313268], [-0.5309666753089155, -0.6340949599546502, -0.593111423941015, 0.11547306537902988, 0.3957433228705489, -0.2209004118826732, -0.24696289935713348, 0.39217466375775273, 0.12719903835037238, -0.22892791095488133, -0.21429619504472758, 0.4097079421971125, 0.5878257543413319, 0.6276644337114908, -0.04386857700031356]], "inverted": false, "swapped": true, "error_lsq": 0.04005393367289744, "error_max": 0.2589569685618421, "target": "590.xyz", "model": "19.xyz", "model_rescale": 3.9282355846067225, "target_rescale": 4.199102960326143},
{"mapping": [6, 7, 8, 3, 4, 9, 12, 13, 10, 1, 2, 5, 14, 15], "R": [[-0.3595619057226131, -0.9246203496617377, -0.125667994909321], [0.9284987614711454, -0.3411328002248471, -0.14669172627419655], [0.092764680238073, -0.16942733428275678, 0.9811672092452781]], "T": [-0.06466672431081019, -0.059187097432854656, 0.03036252534144231], "aligned_model": [[-0.7004039041584812, -0.018415044715796566, 0.435795464581208, -0.4305503051391626, -0.6031798921969653, 0.22868590019409943, 0.03058107418385622, 0.7028004712681168, -0.20944313179797835, -0.128386213512166, 0.28702055148729255, -0.5674789518195982, 0.5102720785991448, -0.004775277888893703], [-0.5586477892253582, -0.7311989479699147, -0.5945289093724294, -0.29728136473231076, 0.23452186852735485, -0.14703952708741327, 0.43875177892747225, 0.015576467694038344, 0.6327711189434501, 0.29322326934043097, -0.7005571970807091, 0.006796932071100152, 0.04480639216135291, -0.11431200477222844], [0.09614411484542713, -0.08208454532358818, -0.26942198988927374, -0.4335153339070142, -0.17774294910086724, -0.5917121426613395, -0.3067411454283127, -0.22966301023836191, 0.14120573122660504, 0.7214019890856903, 0.5753520422004647, 0.44857972215110165, 0.4800679118670407, 0.0403127624161106]], "inverted": true, "swapped": true, "error_lsq": 0.044499245596946, "error_max": 0.24483495142526704, "target": "590.xyz", "model": "20.xyz", "model_rescale": 4.067790424073018, "target_rescale": 4.199102960326143},
{"mapping": [9, 6, 13, 11, 8, 7, 14, 3, 7, 4, 5, 1, 10, 0, 15], "R": [[0.9048109637183284, 0.3147253463053286, -0.2868188911632228], [-0.3300483929584744, 0.9439486068776621, -0.005393132600731099], [0.26904493721428435, 0.09954387960448148, 0.9579696434609242]], "T": [0.11985168270949001, 0.010698225879668299, 0.010075984612464929], "aligned_model": [[0.037570761415205156, 0.08527167803655634, -0.2023594691259393, 0.23204645746055116, -0.5101724545836086, -0.39947817104663463, -0.24599313363532602, 0.2640328837953596, -0.39947817104663463, 0.712114753051526, 0.35786498791301025, 0.25656786173804147, 0.712211987318124, -0.17164528271192156, 0.039889265329205614], [-0.03335751311835582, 0.7903042821642989, -0.5635486561003653, -0.8027083800184805, 0.02835587888252601, 0.4196735614613935, -0.5758292012666087, 0.5266609410222487, 0.4196735614613935, 0.2728402955582643, 0.26621935126886975, -0.29782277614206826, -0.33624993270581377, 0.328458705928954, -0.00177497846840915], [-0.6769754298560597, 0.2313644440615105, -0.4680759350563001, -0.1360833322127675, -0.4691753141984718, -0.1614441795438447, 0.2664884554450023, -0.33450579229645017, -0.1614441795438447, 0.0014002726127018486, 0.5669765798852558, 0.7114405531990435, 0.21203846242598673, 0.5564045030234056, -0.0031595343240269184]], "inverted": true, "swapped": true, "error_lsq": 0.048623158171814646, "error_max": 0.2880070581064227, "target": "590.xyz", "model": "21.xyz", "model_rescale": 4.186013935880536, "target_rescale": 4.199102960326143},
{"mapping": [4, 3, 5, 11, 13, 1, 12, 9, 0, 7, 8, 14, 15], "R": [[0.5222443153660603, -0.2611399932924363, 0.8118292794492336], [-0.7111958224165313, 0.3919531605636776, 0.5835865163807488], [-0.4705968308914851, -0.8821443327638459, 0.01897363769867969]], "T": [0.023526801596449202, -0.012703972818419021, -0.08225353986519376], "aligned_model": [[-0.0018849932892760143, -0.47958751320624676, 0.44974256690613423, 0.25506271571116784, -0.21078902418472156, 0.8014113320658106, -0.05432935724997585, -0.5837868291332704, 0.3305710344574526, -0.38439740538983524, -0.5107713234737359, 0.44292962478966647, 0.004403207420055191], [-0.26573204580083987, 0.05840117730505383, 0.20387763233107498, -0.6386052924225696, -0.3311023810030546, -0.007028376144589857, -0.6162659167847567, -0.2620814409579572, 0.6010696018344235, 0.5206104707038236, 0.23614846741033496, -0.009720586898775627, 0.029385349973925848], [-0.6779886421787514, -0.4663920396385247, -0.5333767843357103, 0.4179655906044951, 0.6290321366163508, -0.10779224038339219, -0.09973355361703781, 0.1407525958914226, -0.1981107437189351, 0.04247430191009573, 0.44644485263485156, 0.524126356689486, -0.014522269139004576]], "inverted": true, "swapped": true, "error_lsq": 0.047844268200186245, "error_max": 0.2911542376419907, "target": "590.xyz", "model": "22.xyz", "model_rescale": 4.166573947596378, "target_rescale": 4.199102960326143},
{"mapping": [12, 14, 11, 1, 5, 12, 6, 2, 4, 0, 13, 10, 7, 8, 9, 15], "R": [[0.31059342042624044, -0.6871828510705743, -0.6567430672511481], [-0.1452882290347881, -0.71711562557178, 0.681642508991869], [-0.9393737582516686, -0.11629664120391486, -0.3225709744425625]], "T": [0.13142438194944617, 0.10880937454947548, -0.06822577459190876], "aligned_model": [[0.036058681616573565, -0.44484133140227267, 0.5621037693526294, 0.23901624541133693, -0.4249025504744647, 0.036058681616573565, 0.11538226547580344, 0.6396734689858727, 0.6576523401127584, 0.14629973714135525, -0.7060500549590848, -0.5276503604702415, -0.33222071752268667, 0.3334554497130642, 0.1989512262999944, 0.12275975447476982], [-0.1813374900464651, 0.25012435701385155, 0.12601363779878197, -0.42038916014043515, -0.32767869233345803, -0.1813374900464651, -0.6480676164863141, -0.3295930306861257, 0.18781917933332454, 0.049988642783891674, -0.01310337400060868, 0.457634834513997, 0.25455703307435656, 0.7668656867172184, 0.6176487242944388, 0.05675881591447775], [-0.6479684204222658, -0.5916048595452281, -0.7287654070277463, 0.39703970087988144, 0.36885601744471574, -0.6479684204222658, -0.1456047310756943, -0.0203150680706069, 0.4384250915475694, 0.7460681576957453, -0.04399793602864682, 0.001649224435218255, 0.4563507111756166, 0.3563027614285437, -0.379628741381363, -0.023743732732178086]], "inverted": false, "swapped": false, "error_lsq": 0.05013986025065496, "error_max": 0.41293094546310927, "target": "590.xyz", "model": "23.xyz", "model_rescale": 4.274766983524099, "target_rescale": 4.199102960326143},
{"mapping": [13, 14, 2, 7, 0, 6, 3, 5, 10, 1, 15], "R": [[-0.7434668464634883, 0.576294468308503, 0.3393254101989064], [-0.030090984918770713, 0.478045272537329, -0.8778195999357324], [-0.6680954878131228, -0.6628404055289109, -0.33806954308546444]], "T": [0.08014273093830532, -0.07590785008463813, 0.009047652375353033], "aligned_model": [[0.42993456147061887, 0.27993365601743564, -0.5028800305936567, -0.5163588803866315, -0.4413485744716255, -0.5945494104730078, -0.17847477027919761, -0.08256598266658483, 0.6652316974038679, 0.2756619883005913, 0.045310449636265085], [-0.07073459015901806, 0.5400545886145836, 0.5120717679356777, -0.20916850730835715, 0.3232005035129355, -0.24882304357334367, -0.6465307393685922, 0.1621044507637293, 0.02546433114632672, 0.5786655185450074, -0.05071774886546554], [-0.7256820113707254, -0.3434832937944595, -0.3735978055816814, -0.29560118440530253, 0.23964772616245777, 0.42478893272019336, 0.12415129884591529, 0.5997723523424063, 0.4083560292712105, 0.38200167829093346, -0.0607872884593704]], "inverted": false, "swapped": true, "error_lsq": 0.046612309975144164, "error_max": 0.1972888918634925, "target": "590.xyz", "model": "24.xyz", "model_rescale": 3.7841303162186577, "target_rescale": 4.199102960326143},
{"mapping": [14, 12, 10, 6, 3, 13, 11, 7, 0, 1, 5, 2, 4, 8, 9, 15], "R": [[-0.2980082636601092, -0.5569189568989485, 0.7752627620599831], [0.8891802116768024, 0.13345075904780151, 0.4376636220568973], [-0.3472025719269428, 0.8197756829500085, 0.4554318869942722]], "T": [0.1353862660229068, 0.06826167710156142, -0.027277037360707655], "aligned_model": [[0.0758432478861889, -0.45960011048689275, 0.7440801358609715, 0.029895862668791462, -0.47276677582133186, -0.21214743877768819, 0.2654830801362045, 0.6785024204734638, 0.7385980509684659, 0.26943604699699, -0.7346852171576015, -0.3423741383354817, -0.3403650041222329, 0.23624068550457497, 0.061134669558400107, 0.11447109001915977], [0.13982252074540455, 0.17219376162073666, 0.05776518102760235, -0.468514961466878, -0.44572797506706185, -0.4089573740133742, -0.6649018676785581, -0.26385365144255135, 0.2163250710058276, 0.360689353411225, 0.16339537264287127, 0.6454509220658237, 0.07896814317235439, 0.5878969692441411, 0.48183606003445745, 0.013516532402445665], [-0.8150794472064211, -0.4859285826577596, -0.5116701645507299, 0.44470714386826327, 0.09506021286312413, -0.5405823057454906, -0.21428934905623723, 0.10512315682772297, 0.367112013247871, 0.6432101766502194, 0.029853861217968437, 0.05869155837119786, 0.5473971689491949, 0.2359060412552524, -0.4341967330382086, 0.009779596905328182]], "inverted": true, "swapped": false, "error_lsq": 0.04524611576812985, "error_max": 0.4766740738995435, "target": "590.xyz", "model": "25.xyz", "model_rescale": 4.19342608120988, "target_rescale": 4.199102960326143},
{"mapping": [5, 4, 6, 14, 2, 1, 8, 11, 3, 10, 9, 15], "R": [[-0.28376595258631776, -0.5416208957494355, 0.7912797794967084], [0.19244946578430633, 0.7762417953611528, 0.6003431337608766], [-0.9393828225340908, 0.3226383120803754, -0.11603634045337465]], "T": [0.01934348178535792, 0.019073890787106147, -0.06303055621809127], "aligned_model": [[-0.06675830571153848, 0.522821433815816, 0.18670092190555077, -0.6283873891235736, -0.7414039254776408, -0.46166705271924335, -0.08449498570250838, -0.15866338329025048, 0.5476484870924179, 0.13369567867246512, 0.378236003239401, -0.029918928069114926], [-0.6018526591889011, -0.2952386154351633, -0.647432779491714, 0.3192196725760513, -0.04842713004540699, -0.30299529662191066, 0.4999224318867082, 0.6360760091714778, -0.11740903162984037, -0.03794508198179165, 0.5524680180306308, 0.05639089047084019], [0.13474799093500495, 0.1963665860494137, -0.49397174444966796, 0.12125573243494629, -0.5617891277695122, 0.45724733547306506, -0.6834548198358259, 0.46913714459637834, -0.39167713903557677, 0.6410468610294299, -0.3227179978423966, -0.1169323603758379]], "inverted": false, "swapped": true, "error_lsq": 0.048621232945213394, "error_max": 0.2811746922915366, "target": "590.xyz", "model": "26.xyz", "model_rescale": 3.795458400668931, "target_rescale": 4.199102960326143},
