[{"mapping": [0, 4, 2, 6, 3, 8, 11, 5, 1, 9, 7, 10, 12, 13], "R": [[0.8324166444163096, -0.4153032382637307, -0.3668865633766798], [0.1305703402245596, 0.7904222889775617, -0.5984847461223345], [0.5385479703353586, 0.450284160697588, 0.712186954579017]], "T": [0.05905384612564449, -0.022521088255215517, -0.15954363243905967], "aligned_model": [[0.368390117926074, -0.8602430855479666, -0.3110044697396207, -0.5840598376444002, -0.08901820845630498, -0.5499854151853181, 0.016972805912134806, 0.11732204953204314, 0.5663658749574026, 0.04632587383167325, -0.423124828243456, 0.2828068513778639, 0.534517893590339, -0.02090479957083667], [-0.7289808069584314, -0.23892432969092248, -0.6612325784470294, 0.10613505187908806, -0.16886756902328567, 0.40063967219846014, 0.5701684656993328, 0.6250885124413915, -0.09049362454889259, -0.4533325653979913, -0.06717431475600019, 0.25241621860281327, -0.1021708890949653, 7.908117555221333e-05], [-0.18480568657190363, -0.013027370124312654, -0.37486367462189946, -0.5524795961037754, -0.6389783829697376, 0.0865971415435623, 0.20653029388045901, -0.5463354136327265, -0.42611135954679114, 0.43289424755138306, 0.42089094425515816, 0.7837341604617803, 0.16093984103232684, -0.019416156277229035]], "inverted": false, "swapped": false, "error_lsq": 0.049485850999435796, "error_max": 0.2928154258852424, "target": "591.xyz", "model": "0.xyz", "model_rescale": 3.8414455957264533, "target_rescale": 4.125937010922551},
{"mapping": [8, 7, 9, 2, 6, 4, 3, 5, 10, 13, 0, 11, 12, 14], "R": [[0.47499770122896284, 0.5376457890999479, -0.6966449521027877], [-0.4141094448626682, -0.5619504992253571, -0.7160481855964057], [-0.776460270395552, 0.628608496509128, -0.04428099607958208]], "T": [-0.09925536495793295, -0.02689699598048495, -0.034029779452691505], "aligned_model": [[0.38553157977361163, -0.7096655128680763, -0.3908743801853789, -0.5516514724160633, -0.007843799532625914, -0.48022690760981157, -0.030509542842088053, 0.03646904004229591, 0.5015809444487742, -0.05447969774871274, -0.5024038941752142, 0.3401727483623568, 0.6039407888633289, -0.045679071372769144], [-0.6360257731187742, -0.21540072267905605, -0.6193240237210293, 0.1742831037101643, -0.13266892223456977, 0.3592743871132831, 0.752949784365333, 0.4036916055603617, 0.13887249939164548, -0.6273381126418915, 0.03928493707170544, -0.035899305782218144, -0.19555399310029836, 0.03720486014446424], [-0.16910808481827452, 0.03540219073531929, -0.20578031585278586, -0.5812674399473096, -0.8024589558291729, 0.005334943550079907, -0.011896249098636267, -0.5141288599485047, -0.31669124501350465, 0.42674414091140855, 0.564809585180751, 0.6960984926830873, 0.20960833423353817, -0.0010975479097014434]], "inverted": false, "swapped": false, "error_lsq": 0.040170802631507, "error_max": 0.2545243735241804, "target": "591.xyz", "model": "1.xyz", "model_rescale": 4.316132596720782, "target_rescale": 4.125937010922551},
{"mapping": [1, 9, 10, 7, 5, 3, 6, 4, 11, 0, 12, 13], "R": [[-0.5935144961598922, 0.510671595384542, -0.6220571231932615], [-0.8048051732359145, -0.3713974280346354, 0.4629822713473679], [0.005401479499117623, 0.7754214803038828, 0.6314208991651734]], "T": [0.0080059550148638, 0.08473985179434727, -0.038664270964580215], "aligned_model": [[-0.14239026236212288, 0.4249537534888903, 0.14131182718857332, -0.4649383984516703, -0.5615548919620947, -0.7677051590927308, -0.22496978435194365, -0.40969261532161205, 0.576187659317246, 0.49777137914206687, 0.5054412734494674, 0.0233937735877112], [-0.5550188478987642, -0.40836244049512405, -0.5528885137883517, 0.4138349685958791, -0.1139022175300795, -0.09064564717030894, 0.36997033569364984, 0.3701621943834048, -0.004724114942814453, 0.11725393183396647, 0.4708526929444844, -0.0037559138849610485], [0.23695269420060242, 0.03945509129369149, -0.4941339028885647, -0.08178687087854195, -0.34593933040407177, 0.2689361605243726, -0.6929534526048773, 0.5225486704585404, -0.5953099713187106, 0.5986977497582262, 0.02585484826021358, -0.03306322519145967]], "inverted": true, "swapped": true, "error_lsq": 0.05822167939390361, "error_max": 0.3618356582122473, "target": "591.xyz", "model": "2.xyz", "model_rescale": 3.795458400668931, "target_rescale": 4.125937010922551},
{"mapping": [10, 9, 11, 8, 5, 7, 12, 1, 0, 4, 6, 13], "R": [[-0.5008991178990172, -0.4021049662637516, -0.7664278633987768], [-0.12495757690559131, 0.9098463783838837, -0.3956831708774261], [0.8564377838826766, -0.10242638257674813, -0.5059873106021258]], "T": [0.07585738843020398, 0.02188178636638363, 0.06987009187473824], "aligned_model": [[-0.23761138972557558, -0.0014415891425124394, -0.6740434897997591, 0.06776863990261808, 0.1936861845823612, 0.2453569385469309, -0.23182902656141055, 0.5078860434054795, 0.29979621736982864, 0.7050976484582935, -0.3704295984813215, 0.08906724718863224], [-0.14366708747372195, -0.5483093528943317, -0.20845491425837698, 0.23192093107860182, 0.5252214425459039, 0.5511311595767189, -0.235551469178056, -0.2545175583943627, -0.6388760885042386, 0.2144298272180599, 0.622403476175582, -0.029961320602069425], [-0.6415537404843014, -0.23345301118186723, -0.08913419531990759, 0.74130063695394, -0.3672131468596699, 0.22799826605165646, 0.5595076392933455, -0.4249324657351398, 0.4703799085094744, 0.44119194964090286, 0.007179720424192265, -0.0025001306535255147]], "inverted": false, "swapped": true, "error_lsq": 0.04705683881383411, "error_max": 0.2336735959228038, "target": "591.xyz", "model": "3.xyz", "model_rescale": 3.7530521520055578, "target_rescale": 4.125937010922551},
{"mapping": [4, 6, 5, 10, 3, 11, 2, 12, 0, 9, 13], "R": [[0.9185305364819613, 0.0015626169152238578, -0.3953469511435968], [-0.3931898832589476, 0.10800312773488974, -0.9130920217055326], [0.04127189422568807, 0.9941493261215127, 0.09981857602253333]], "T": [-0.1353131130870013, -0.03729520806684505, -0.057111525409204056], "aligned_model": [[-0.41069269514728135, -0.16972059743921894, 0.29279025083310173, 0.5242310121948386, 0.18315430118421147, -0.08679644562671215, 0.010986597333560139, -0.6557997569835912, -0.46665240156151233, 0.17629938012559906, -0.05960004246779012], [-0.7146063175889237, 0.045217184386043184, -0.34397033517552694, 0.3956638130304746, -0.8282608904708396, 0.7379548101901307, -0.526516742433249, 0.3002997411675999, 0.06199085502635852, 0.35336143353448407, -0.013930193352205737], [0.13345006996937336, -0.8025887466592723, -0.4824984886336423, -0.15376040855479944, -0.06470274111606553, -0.25030114299295136, 0.630565482846947, 0.06863044311907582, 0.6691902267020231, 0.35928133538418855, -0.014435252819560832]], "inverted": true, "swapped": true, "error_lsq": 0.05706630945281643, "error_max": 0.28630908033250707, "target": "591.xyz", "model": "4.xyz", "model_rescale": 3.7855080009869324, "target_rescale": 4.125937010922551},
{"mapping": [10, 2, 3, 0, 5, 1, 11, 4, 7, 14, 12, 13, 8, 16], "R": [[0.0010532463617736881, 0.9395537448541816, 0.3423998411252332], [-0.8251621587614101, -0.1926035888927666, 0.5310473324420677], [0.5648949481278013, -0.28309471573328543, 0.7750813373469776]], "T": [0.004569018672084979, -0.08652755506900327, 0.01877806489218993], "aligned_model": [[0.4146138151003009, -0.6778890884197575, -0.3477112979233207, -0.5007955106237088, -0.015362957484798656, -0.5536563172955655, -0.030270945992135173, -0.005970933083340076, 0.5057649055976354, -0.3049597878927391, -0.3458043914592617, 0.3108396133435486, 0.6697125017589833, -0.02414878288621374], [-0.60810035643758, -0.369324336946855, -0.5527810257007104, 0.09503286694221948, -0.23756608118422057, 0.4153540776469727, 0.6093264000117344, 0.45643722504031786, 0.06510071719955703, -0.42321166311867753, 0.18239358037337916, 0.14146531321321248, -0.2082612557864686, -0.12251513717376125], [-0.28253464952418317, 0.026690068610690856, -0.35661890507769256, -0.5470102250266285, -0.7761391160611014, -0.07921805755926115, 0.4021964765015317, -0.48329657183344465, -0.5171146686409966, 0.5173090346686126, 0.5364508953512201, 0.6344770284510339, 0.21390604079590186, 0.046471638220611025]], "inverted": false, "swapped": false, "error_lsq": 0.04243622095346256, "error_max": 0.3186514417861851, "target": "591.xyz", "model": "5.xyz", "model_rescale": 4.2253639853439635, "target_rescale": 4.125937010922551},
{"mapping": [8, 4, 10, 2, 5, 3, 7, 6, 11, 1, 0, 0, 9, 13], "R": [[0.41328842777178176, 0.8310098100308023, 0.37231085278635023], [0.6290581315384793, -0.5561723402830065, 0.5431005386200988], [0.6583908737332608, 0.009748001676970874, -0.7526130704738391]], "T": [-0.004086211510655309, -0.06874093700618114, -0.08516279714089671], "aligned_model": [[0.42411320493353927, -0.670484044694058, -0.31209373723493844, -0.5197438470001043, 0.013963815010376433, -0.46198805880144433, 0.04378582199185583, -0.05414485364148911, 0.5642602755938876, -0.22971444324183005, -0.030897116699980194, -0.030897116699980194, 0.40448487465704475, -0.04628395143325178], [-0.6506105945975518, -0.16806843533720264, -0.6829548084609295, -0.033792086703460955, -0.19183207160225058, 0.4673837472139829, 0.6783843727438723, 0.469175325635235, 0.18610794468372602, -0.6312387839317332, 0.15158511984841436, 0.15158511984841436, -0.27760654080388647, -0.024767984457510474], [-0.23988137046046853, 0.13153812166263068, -0.4544664101734722, -0.5130031795981649, -0.705859208905237, -0.008314284365080901, 0.17733149987550179, -0.4342447285796601, -0.5516262007542113, 0.32883461252279717, 0.6854215612264624, 0.6854215612264624, 0.3173806844649407, -0.0829636692662062]], "inverted": false, "swapped": false, "error_lsq": 0.05603401366964187, "error_max": 0.4142584641120901, "target": "591.xyz", "model": "6.xyz", "model_rescale": 3.89814844738969, "target_rescale": 4.125937010922551},
{"mapping": [1, 2, 3, 9, 5, 4, 0, 10, 12, 8, 7, 6, 13], "R": [[0.8327959212136411, -0.5485238409952671, -0.07464951084717358], [-0.1660815073988416, -0.3762047417231759, 0.9115299913909182], [-0.5280794320081514, -0.746720555606177, -0.4044014408049886]], "T": [-0.10453327250023399, 0.009455350618799915, 0.09916815104982042], "aligned_model": [[0.19653689892098042, -0.18908711492180683, 0.4040831298793163, -0.19752719160262888, 0.5534140559151489, -0.2061196141684995, -0.7756218802469419, 0.3310764607934911, -0.690310680761715, -0.5271563197930487, 0.09502671877330675, 0.22832998981236008, -0.07401265169574014], [-0.2581058405713113, 0.1301068683192062, 0.4869357145636412, -0.5867707464585192, 0.16061065415525172, 0.6426510300294608, -0.111119751015802, -0.650886326092591, -0.03237410669615993, 0.5283019914012284, 0.5385214570422651, 0.17657547080092578, -0.06066515000711063], [-0.48874569329348244, -0.7445941624303593, -0.3911661109867034, -0.14365800949931035, 0.14950282609602625, -0.3003833746550405, -0.3277503504812934, 0.17653742152838953, 0.33539444794309137, 0.3163979148375237, 0.21793001748282276, 0.7510894433262727, 0.05172066096835797]], "inverted": true, "swapped": true, "error_lsq": 0.05166617584383171, "error_max": 0.2985183036043037, "target": "591.xyz", "model": "7.xyz", "model_rescale": 3.7474275329858107, "target_rescale": 4.125937010922551},
{"mapping": [5, 0, 6, 10, 7, 12, 13, 11, 9, 3, 1, 2, 8, 14], "R": [[-0.5307915347726022, 0.6619315212415336, -0.5292513654215871], [-0.6187844184699626, -0.7294043233352592, -0.2916764929825903], [-0.5791080987799562, 0.17267308500951117, 0.7967545516912737]], "T": [-0.07192732186351763, 0.03966136756748318, -0.009001762900232614], "aligned_model": [[0.2903996435842868, -0.59298364860473, -0.336216125930803, -0.6071191985930051, -0.0170834469074774, -0.38773212930350337, 0.12961425317278005, 0.005944042818805811, 0.5027795730640425, -0.0014101344349106704, -0.50915587329792, 0.12771000386395748, 0.5490741850673506, -0.059460321759246246], [-0.5219789832463867, -0.33680811100989305, -0.6730238081524336, -0.005461583865410631, -0.21134754081639973, 0.5635477813252907, 0.8905730807018144, 0.36820739317760875, 0.04190368453477223, -0.6269148891488029, 0.08677501349538785, -0.05219334178858367, -0.15148662654251788, 0.07155825541467398], [-0.26649108397772203, 0.13585773347330496, -0.3076141651066713, -0.5445360139290681, -0.6397666233797576, -0.08933212999221324, 0.19942587124470185, -0.5309917198995702, -0.5090491576797065, 0.24563122248044209, 0.6004351232724102, 0.803584937947954, 0.1984347059133255, 0.039980288508864405]], "inverted": true, "swapped": false, "error_lsq": 0.045296456419420476, "error_max": 0.296904932060943, "target": "591.xyz", "model": "8.xyz", "model_rescale": 4.019505241142653, "target_rescale": 4.125937010922551},
{"mapping": [7, 6, 5, 3, 4, 1, 10, 8, 0, 12, 11, 9, 13], "R": [[0.6576678541094325, 0.7438563743685696, 0.11895666430402574], [0.22197341610459603, -0.0404589625664253, -0.9742129515105539], [-0.7198616507454403, 0.6671137584095347, -0.19172489960032538]], "T": [-0.0008949187903895713, -0.06617272792231438, 0.05094644783171057], "aligned_model": [[-0.23619345640559927, -0.6241421805771984, -0.005116222890665198, 0.39787309719044517, 0.1880374981337293, 0.6725961765828948, 0.16783131055841072, -0.40833628515099923, 0.3511040747882732, -0.2903939258931854, -0.346608529889689, 0.3851577649694082, 0.06789145032535136], [-0.4551600463581587, 0.07504739552845824, -0.004145329594876401, -0.5087388214865185, -0.7932410610240446, 0.08098256441637791, 0.680142440008136, -0.5897092550377812, -0.2752926828734964, -0.11949487266692256, 0.6057607961914109, 0.3756391641126764, -0.008412063101202183], [-0.3056527393435633, -0.34319589282489005, -0.6231536743434497, -0.559156128385884, -0.03013471993759685, -0.12969128884255, -0.1643164226390394, 0.28525796010460747, 0.7434226095095008, 0.6113345389248743, 0.31490880204882243, 0.33177299481654765, 0.04530745495649997]], "inverted": true, "swapped": true, "error_lsq": 0.05208607204997147, "error_max": 0.30259318432493404, "target": "591.xyz", "model": "9.xyz", "model_rescale": 3.877068213659057, "target_rescale": 4.125937010922551},
{"mapping": [9, 10, 14, 13, 2, 3, 5, 4, 7, 11, 12, 0, 8, 15], "R": [[0.7340269866083244, 0.02034344691627621, 0.6788155324521292], [-0.2812871936508053, 0.9188877726088784, 0.27662750412413584], [-0.6181277356815154, -0.3939941693952578, 0.6802107738515936]], "T": [-0.12564521538458615, -0.0011964570417741169, -0.06504783887522737], "aligned_model": [[0.08444673155315305, -0.46370819544825304, -0.4426344018529984, -0.6102105035583207, 0.09336969903120615, -0.44573297566511005, -0.026508391045240415, 0.05669846736701825, 0.5924517855545658, -0.016021469598314853, -0.4159687638742523, 0.21926862510666847, 0.5600238236302022, -0.09111360846069619], [-0.6012069428633938, -0.5878641610367015, -0.6026995304230242, -0.030608067388833364, -0.18511229648448405, 0.5452943977784135, 0.669246856456187, 0.5019619391907049, 0.20501088755120145, -0.419072334583328, 0.1614408053159932, 0.1057180337571075, -0.3296073162155278, 0.010848053024805316], [-0.24251359510911924, 0.14648278788995595, -0.4487579573417465, -0.6666872114544907, -0.6638489654732252, -0.1057038844862258, 0.3244044633240461, -0.47938235277228747, -0.39383621715967654, 0.5332979320569047, 0.6038741100834455, 0.6444377282285576, 0.06658503058142311, 0.01721712050873299]], "inverted": true, "swapped": false, "error_lsq": 0.04561862547727078, "error_max": 0.2939625400717116, "target": "591.xyz", "model": "10.xyz", "model_rescale": 4.260839863003843, "target_rescale": 4.125937010922551},
{"mapping": [6, 10, 9, 11, 0, 12, 7, 5, 1, 2, 4, 13], "R": [[-0.666505918537236, 0.6965230372210259, -0.26575462211452294], [0.5196463421268455, 0.17845752829205197, -0.83553610915991], [-0.5345442354651532, -0.6949881791917679, -0.48088864731316555]], "T": [0.001739888805512854, 0.08719588336086322, -0.1093480601015695], "aligned_model": [[0.41239708825170507, 0.14611170015620714, -0.3329590871904013, -0.29997849868078436, -0.6871962026710735, -0.5377165517725915, 0.40023036128725775, 0.6678108183606938, 0.13693117726005796, -0.07952324851251293, 0.13353200469851462, -0.0007409120929422982], [0.15338381250778027, -0.6846982957564431, -0.4383879322009114, -0.3776943122448499, 0.21365789007473585, 0.29809981696130805, 0.5003345753438935, -0.03234141124188507, -0.31826076693016814, 0.1723091879301964, 0.6790792986495007, 0.007596642439776771], [-0.734414680445932, -0.23234858891655627, 0.07729657646728733, -0.6868701868234797, 0.28629332328753704, -0.3646792536196568, -0.17538805199782684, -0.1276932030199777, 0.4609177970054191, 0.7390580988456698, 0.34143219215628606, -0.06742594554326553]], "inverted": false, "swapped": true, "error_lsq": 0.04973865811850662, "error_max": 0.3472081404414738, "target": "591.xyz", "model": "11.xyz", "model_rescale": 3.890672605050136, "target_rescale": 4.125937010922551},
{"mapping": [2, 12, 10, 9, 11, 5, 8, 6, 1, 4, 7, 3, 0, 13], "R": [[-0.4769061781598579, 0.029864338419297698, 0.8784467078450098], [0.5460618121191804, 0.793216487636401, 0.2694885917564764], [-0.6887503136682227, 0.6082069754882375, -0.39459761832704415]], "T": [-0.021039390002101276, 0.029664295821288135, -0.1481139829765425], "aligned_model": [[0.1816097127639247, -0.6637193166701015, -0.4119133533659968, -0.6019480403761757, -0.01757818938869405, -0.6893556684927602, 0.07586901470438256, 0.16836683367760602, 0.7310563307494401, 0.14353835978294507, -0.49511009031771885, 0.27496307045897694, 0.4946292608562783, -0.09604710164247865], [-0.6382477616159813, -0.2751100671076082, -0.7662888287132704, 0.22223834387832828, -0.26659648953040305, 0.39345381165320525, 0.6371055341520628, 0.43521078384061007, 0.012151072943308174, -0.5155286309923786, 0.08303894011302601, 0.08313307089638736, 0.07598509335626324, -0.03719454879442977], [-0.2837272505602362, 0.07371308098178553, -0.26307777184258385, -0.6290305994048977, -0.6117730506635286, 0.013077586003461233, 0.2271391967708814, -0.5110405215875182, -0.3464662056560079, 0.2602190681633084, 0.5585487999159711, 0.7251481709583407, 0.13584863073314707, -0.013010144935828999]], "inverted": true, "swapped": false, "error_lsq": 0.0535410197997825, "error_max": 0.34820506677604907, "target": "591.xyz", "model": "12.xyz", "model_rescale": 4.124412569039231, "target_rescale": 4.125937010922551},
{"mapping": [4, 3, 1, 8, 2, 0, 7, 12, 5, 6, 9, 10, 13], "R": [[-0.41211389747307103, -0.6923000301234081, 0.5923536138158387], [-0.8084089819267521, 0.5777183937953462, 0.1127669074271253], [-0.4202821117412774, -0.4323911721597169, -0.7977473414488067]], "T": [0.09683789964217007, 0.07244112056985752, -0.15035345473050304], "aligned_model": [[-0.25629579335539454, -0.0713756631878267, 0.6226563981780457, -0.4647395251959494, 0.40905332174429876, 0.4077821051943472, -0.42009356416203103, 0.011740413730142618, -0.05435441162623214, -0.3685291223808276, 0.7343554502218471, 0.6356147229364053, 0.18148397541293232], [-0.06149414137503506, 0.5463456512958043, 0.3488984034391461, -0.348914807503414, -0.05663508527573963, -0.6166833526418475, 0.26723206105731817, -0.49982906429921536, 0.7289763105285332, 0.43418428282494653, -0.02082919365523017, 0.524311417910314, 0.101922894202897], [0.5040591944508885, 0.5382861638558634, 0.24329766601882186, -0.10462791679780264, 0.6367309409521857, 0.12456261061562529, 0.018991953341543355, -0.4071666013450779, -0.08418230068746026, -0.6154382606160596, -0.23962827346652804, -0.520928336257904, -0.14225875909625593]], "inverted": false, "swapped": true, "error_lsq": 0.05343899013391196, "error_max": 0.3256432219824389, "target": "591.xyz", "model": "13.xyz", "model_rescale": 3.9028299243045295, "target_rescale": 4.125937010922551},
{"mapping": [0, 5, 8, 12, 2, 11, 9, 1, 6, 4, 10, 7, 3, 15], "R": [[0.8790245985766003, 0.3411139333795502, 0.3331021458225367], [0.4295568114119198, -0.8697663923109336, -0.24287315326327769], [0.2068736350211673, 0.35657777168628296, -0.911073867407234]], "T": [-0.13050471077605225, -0.048424469135702426, -0.06765188487997387], "aligned_model": [[0.2016982347800232, -0.4975905422307002, -0.4226439937214461, -0.7102275771821374, 0.14910915635429967, -0.3803541960382254, 0.06021707318245259, 0.00862417430482404, 0.4095343124460206, -0.006522078848973309, -0.3536556279574473, 0.2731566662860157, 0.45258190830196005, -0.08956668693703793], [-0.8019927661922097, -0.388942902956981, -0.6226681244924311, 0.05479981675286386, -0.2741048833152198, 0.6197902004391237, 0.6273473143604024, 0.3807504636214104, 0.3342276776137367, -0.5115205826673075, 0.006187085371760444, 0.22996427593139124, -0.2434808653604352, 0.03299361497301558], [-0.16248032934655476, 0.03910495203600997, -0.4935697445669297, -0.4384704846421675, -0.7103292576884117, -0.2598004690984349, 0.26068202171183885, -0.5352529821540136, -0.14729766464658917, 0.41144473428474715, 0.6412725457361215, 0.6940469763017232, 0.03555878405567478, 0.0006599068932799518]], "inverted": true, "swapped": false, "error_lsq": 0.04943113067329651, "error_max": 0.3696186327335611, "target": "591.xyz", "model": "14.xyz", "model_rescale": 3.942246331269136, "target_rescale": 4.125937010922551},
{"mapping": [10, 6, 9, 2, 5, 0, 12, 1, 3, 11, 8, 13, 4, 14], "R": [[-0.6305779034903438, 0.7329637146048226, -0.2552169678967736], [0.7076719273545043, 0.6780167174867299, 0.1987304054312803], [0.31870354699012016, -0.05529488114843965, -0.9462402048394987]], "T": [-0.06215458000011014, -0.10546860936000912, -0.04000427504350614], "aligned_model": [[0.21523269776528126, -0.42661499708523765, -0.3987976980795251, -0.5655787237686467, -0.031648300482689205, -0.6202188040217949, 0.23376075139577757, 0.08665768399181822, 0.5113202470262892, -0.025180602517960164, -0.6140894943216136, 0.35715423821204, 0.48102354928787466, -0.10865972466198559], [-0.7606725778738072, -0.47253843982199123, -0.6939653506715148, 0.09174743146076181, 0.03123619255779081, 0.3645357255784127, 0.6266628369622113, 0.5891832177783719, 0.19631816657383871, -0.43138462593253035, 0.03827034079972563, 0.1683247132159229, -0.28083573842117404, -0.023531568126898397], [-0.09258348976603009, 0.17264034229059774, -0.47417624862985985, -0.5788158222039044, -0.6590040506749147, -0.13153421481418484, 0.17093154484904785, -0.4298185704708596, -0.35080854647351944, 0.5975870515813152, 0.48301378472850875, 0.6004230650878143, 0.09366646532496276, -0.06595232195267953]], "inverted": true, "swapped": false, "error_lsq": 0.04600069429458979, "error_max": 0.2584410018961293, "target": "591.xyz", "model": "15.xyz", "model_rescale": 4.355366556412066, "target_rescale": 4.125937010922551},
{"mapping": [1, 9, 10, 7, 5, 3, 6, 4, 11, 0, 12, 13], "R": [[-0.5935144961598922, 0.510671595384542, -0.6220571231932615], [-0.8048051732359145, -0.3713974280346354, 0.4629822713473679], [0.005401479499117623, 0.7754214803038828, 0.6314208991651734]], "T": [0.0080059550148638, 0.08473985179434727, -0.038664270964580215], "aligned_model": [[-0.14239026236212288, 0.4249537534888903, 0.14131182718857332, -0.4649383984516703, -0.5615548919620947, -0.7677051590927308, -0.22496978435194365, -0.40969261532161205, 0.576187659317246, 0.49777137914206687, 0.5054412734494674, 0.0233937735877112], [-0.5550188478987642, -0.40836244049512405, -0.5528885137883517, 0.4138349685958791, -0.1139022175300795, -0.09064564717030894, 0.36997033569364984, 0.3701621943834048, -0.004724114942814453, 0.11725393183396647, 0.4708526929444844, -0.0037559138849610485], [0.23695269420060242, 0.03945509129369149, -0.4941339028885647, -0.08178687087854195, -0.34593933040407177, 0.2689361605243726, -0.6929534526048773, 0.5225486704585404, -0.5953099713187106, 0.5986977497582262, 0.02585484826021358, -0.03306322519145967]], "inverted": true, "swapped": true, "error_lsq": 0.05822167939390361, "error_max": 0.3618356582122473, "target": "591.xyz", "model": "16.xyz", "model_rescale": 3.795458400668931, "target_rescale": 4.125937010922551},
{"mapping": [1, 2, 3, 9, 5, 4, 0, 10, 12, 8, 7, 6, 13], "R": [[0.8327959212136411, -0.5485238409952671, -0.07464951084717358], [-0.1660815073988416, -0.3762047417231759, 0.9115299913909182], [-0.5280794320081514, -0.746720555606177, -0.4044014408049886]], "T": [-0.10453327250023399, 0.009455350618799915, 0.09916815104982042], "aligned_model": [[0.19653689892098042, -0.18908711492180683, 0.4040831298793163, -0.19752719160262888, 0.5534140559151489, -0.2061196141684995, -0.7756218802469419, 0.3310764607934911, -0.690310680761715, -0.5271563197930487, 0.09502671877330675, 0.22832998981236008, -0.07401265169574014], [-0.2581058405713113, 0.1301068683192062, 0.4869357145636412, -0.5867707464585192, 0.16061065415525172, 0.6426510300294608, -0.111119751015802, -0.650886326092591, -0.03237410669615993, 0.5283019914012284, 0.5385214570422651, 0.17657547080092578, -0.06066515000711063], [-0.48874569329348244, -0.7445941624303593, -0.3911661109867034, -0.14365800949931035, 0.14950282609602625, -0.3003833746550405, -0.3277503504812934, 0.17653742152838953, 0.33539444794309137, 0.3163979148375237, 0.21793001748282276, 0.7510894433262727, 0.05172066096835797]], "inverted": true, "swapped": true, "error_lsq": 0.05166617584383171, "error_max": 0.2985183036043037, "target": "591.xyz", "model": "17.xyz", "model_rescale": 3.7474275329858107, "target_rescale": 4.125937010922551},
{"mapping": [7, 5, 12, 10, 11, 8, 0, 3, 1, 9, 4, 6, 2, 13], "R": [[-0.666128416550283, -0.5612534022264867, 0.4911899338885175], [0.0017856676388996462, 0.6573733629283578, 0.7535629191403628], [-0.7458349308361041, 0.5028467760674769, -0.43689286529222326]], "T": [-0.047390859798543045, -0.05225758748313966, -0.10266828763665917], "aligned_model": [[0.3775108491041439, -0.7263757155664701, -0.341894315306808, -0.6063020060336579, 0.042574041983845234, -0.4774012430732568, 0.25123303916819284, -0.09283096993060244, 0.5079492144143416, -0.1029586099164796, -0.4401156356885828, 0.11540006441916256, 0.566937679950293, 0.020634429215505845], [-0.6355129281301168, -0.2399610515462887, -0.7330494837285888, -0.03767562594000974, -0.21541021566865487, 0.5218097383616063, 0.6122254932517496, 0.41932631427029177, 0.22797358463670694, -0.5090307976093459, 0.19803920194391547, -0.11168654938074055, -0.03957255454228538, -0.014124801839119877], [-0.31874935440247276, 0.06154776482714536, -0.19767898184376767, -0.5074460877630511, -0.8005394778784534, -0.0537578910721673, 0.3077319964322536, -0.5886034698445647, -0.4053005875572744, 0.3831244927892199, 0.584605012896129, 0.6489739975897979, 0.2526797938257779, -0.031018219122278146]], "inverted": true, "swapped": false, "error_lsq": 0.050770092154831144, "error_max": 0.2849751179324391, "target": "591.xyz", "model": "18.xyz", "model_rescale": 3.922800546911778, "target_rescale": 4.125937010922551},
{"mapping": [6, 2, 10, 9, 11, 3, 12, 7, 13, 1, 0, 5, 8, 14], "R": [[-0.5371992729810555, -0.5765420185095673, 0.6156429500948898], [-0.17976491877935413, 0.7913968131995419, 0.5842736157262807], [-0.8240761585465736, 0.20320035666928074, -0.5287798218205753]], "T": [0.034008092170108334, -0.09231363032490891, -0.031016216221994974], "aligned_model": [[0.24775594392196043, -0.63572465398111, -0.26234473347152754, -0.66579577046589, 0.01716103947153419, -0.3658732795065559, 0.2577969751093854, -0.1698114863851166, 0.5128299513044092, -0.13081226688556005, -0.4872155464048088, 0.18613849048179923, 0.5959273041378481, -0.0056711445867399235], [-0.7478782416115419, -0.3461558454217615, -0.6424303265190078, -0.026105800533630083, -0.04620506321550241, 0.38992035600273295, 0.6484699937749309, 0.5343892350336199, 0.1699207024352618, -0.5879021776131237, 0.12618329992098754, 0.1949269372050489, -0.20192891963323223, -0.021853825745662456], [-0.013277326369879754, -0.043310172267831584, -0.5410625578087312, -0.4416672396336617, -0.7415327815625178, 0.09819103822467444, 0.1095974484938179, -0.48258250925950164, -0.4478813368032028, 0.49358769624279314, 0.584635995453332, 0.6595508829510751, 0.18490493047981757, -0.08358507926388992]], "inverted": false, "swapped": false, "error_lsq": 0.03972352947681181, "error_max": 0.22136556334435478, "target": "591.xyz", "model": "19.xyz", "model_rescale": 3.9282355846067225, "target_rescale": 4.125937010922551},
{"mapping": [12, 0, 10, 1, 2, 3, 6, 5, 7, 11, 4, 8, 9, 13], "R": [[0.7147931508323064, 0.662765527835548, 0.22318738010042355], [-0.025933489496086648, 0.34404293698427685, -0.9385957125588147], [-0.698854924605801, 0.6651137591601155, 0.2631073578030834]], "T": [0.022535647417484234, 0.023306595615036597, -0.008366193930351769], "aligned_model": [[0.6183886309935159, -0.7327607011025139, -0.1410168430328359, -0.5864861589151854, -0.08041045131927228, -0.5827210476733542, 0.19220785287478911, -0.12237928032940149, 0.5202851812602175, -0.2780749880514639, -0.3161383690114882, 0.31344334102532, 0.3947392362076715, -0.10471558018637098], [-0.5603911811164309, -0.21632304968122137, -0.723410222209361, 0.04539588280406493, -0.08094568144140571, 0.4686471212154271, 0.651810633622204, 0.5442414201349197, 0.0854335942768884, -0.5081777947066496, 0.10869152011129635, 0.10810212622060006, -0.44602766743170735, -0.03369637771950476], [-0.17283647291670373, 0.10254840025988751, -0.40573117205143405, -0.44437685791620574, -0.8190756202005205, 0.0327582324758662, 0.04675250490228774, -0.4503127116982206, -0.3778028109247079, 0.3664947936547731, 0.518299895925876, 0.6893472221061152, 0.337487334691028, -0.08798374943174708]], "inverted": false, "swapped": false, "error_lsq": 0.05628131501808558, "error_max": 0.4326637410247914, "target": "591.xyz", "model": "20.xyz", "model_rescale": 4.067790424073018, "target_rescale": 4.125937010922551},
{"mapping": [4, 0, 2, 3, 6, 12, 10, 11, 13, 8, 7, 1, 5, 14], "R": [[-0.6700326457321282, 0.4379052685719988, 0.5994124034503208], [0.6882160466430365, 0.0637907659839676, 0.7226959328225174], [0.27823538020214866, 0.8967551025403003, -0.344115328446295]], "T": [-0.060675504227897484, -0.04705217751019465, -0.05090764505418602], "aligned_model": [[0.19489492877149567, -0.6773017669546082, -0.4167805497970605, -0.6387792176388511, 0.15445527606148812, -0.5676614296508296, 0.1777327539297724, -0.055729483605654176, 0.5137916019525073, 0.02877671601109487, -0.31814140221446674, 0.2855593842415912, 0.4679381002224089, -0.05439408858926039], [-0.7975813494985488, -0.3499425213147651, -0.596205733139545, 0.04056370569100411, -0.2791519289821295, 0.5254337603170675, 0.713812724619052, 0.4314246829582026, 0.3487931201960774, -0.42933490363930554, -0.10350955401931818, 0.1785331890076728, -0.26837861020516834, 0.02889374208882424], [-0.16864553405877486, 0.12933530561683906, -0.4049436607344533, -0.6688595608228481, -0.7197913086565481, -0.09822560476062975, 0.1375941446024281, -0.4857267854510391, -0.1093674541348035, 0.3626453918378957, 0.6470807740621077, 0.6579913221465985, 0.09068468608863453, -0.03420272685911274]], "inverted": false, "swapped": false, "error_lsq": 0.04596484785623362, "error_max": 0.38179438604268734, "target": "591.xyz", "model": "21.xyz", "model_rescale": 4.186013935880536, "target_rescale": 4.125937010922551},
{"mapping": [10, 11, 9, 3, 7, 1, 5, 6, 0, 12, 8, 4, 13], "R": [[0.6143371233609334, 0.738011426473461, 0.2791577211098073], [-0.7619227495557703, 0.6468144062757801, -0.03323924703547236], [-0.20509417975649252, -0.19227651502125176, 0.9596697969621082]], "T": [-0.0217300282126317, -0.00050707975762454, 0.00022352537000152814], "aligned_model": [[0.021927210347426788, -0.474752676127822, 0.28494031038958567, 0.44685063787223683, -0.18820547615062844, 0.6187459201565682, -0.03384913786141487, -0.6584004264142488, 0.357645438033237, -0.30033261733745437, -0.33773527838479644, 0.2851695272248545, 0.03657060367568128], [-0.33845096164788374, 0.1586507068054129, 0.19527885094876682, -0.5397160976063171, -0.28324165216987846, -0.21875543059600341, -0.6754103050426374, -0.3973750315980271, 0.7081697335061279, 0.5678406055326268, 0.3256391630361717, 0.03345081968428997, -0.017123741306555623], [-0.7178857643421425, -0.6401888149415449, -0.5389602511219671, 0.46583240167223233, 0.4758143188033212, -0.22345737331849622, 0.05155534736524718, 0.029805447996309044, 0.03199004051163151, 0.007240991498751414, 0.5375969125084549, 0.6898302965582767, -0.06629399185472806]], "inverted": true, "swapped": true, "error_lsq": 0.044610106139291644, "error_max": 0.31485726296131705, "target": "591.xyz", "model": "22.xyz", "model_rescale": 4.166573947596378, "target_rescale": 4.125937010922551},
{"mapping": [10, 3, 8, 4, 0, 2, 6, 1, 5, 9, 11, 12, 13, 15], "R": [[0.2746479761295254, -0.8501749075042091, -0.4491893986484605], [-0.22204234841056408, -0.5106042719054564, 0.8306506323504611], [-0.9355563503714128, -0.1283974460887313, -0.32901126290389215]], "T": [-0.06521639196674464, -0.10682123790882364, 0.032964894200745665], "aligned_model": [[0.47953140508440006, -0.6620949662925001, -0.42749415562090476, -0.5863963387950477, -0.05247322334075005, -0.4392010534524827, 0.14865636531321944, -0.022883530435874794, 0.5926490318023341, -0.26890107376831307, -0.4945539134940553, 0.0949956547959909, 0.7750330703793572, -0.04250644943574573], [-0.6170487461987009, -0.1187573632670274, -0.6883519564962153, -0.044326612208687666, -0.046174833761917056, 0.4500534095464544, 0.6190569902785461, 0.4320128484944737, 0.1675662202694012, -0.5798559919999015, -0.009873149438342305, 0.14793425705629631, -0.20998808956397685, -0.058896658631283016], [-0.029155637802021683, 0.10381790005336562, -0.3967512743595712, -0.481155128894291, -0.781231266534144, -0.020283008894583565, 0.11338176745440132, -0.4317552549553607, -0.3948044223765063, 0.3415096042566492, 0.6874598813298373, 0.6150414296206068, 0.020693763755882166, -0.011199363777969817]], "inverted": true, "swapped": false, "error_lsq": 0.04139291547082536, "error_max": 0.27250515618661014, "target": "591.xyz", "model": "23.xyz", "model_rescale": 4.274766983524099, "target_rescale": 4.125937010922551},
{"mapping": [12, 7, 6, 11, 5, 10, 9, 1, 2, 3, 13], "R": [[-0.24428313304798022, 0.6088930799692663, 0.7547019067643883], [0.2237550025140683, -0.7218841858744536, 0.6548411418308313], [0.9435356112824742, 0.32883497282059004, 0.04010125798387998]], "T": [0.033634166662742965, 0.07313430447283781, -0.10847044933053587], "aligned_model": [[0.21153003083122104, 0.1044524744807819, -0.4918243664880252, -0.5300207961752481, -0.3132967174464997, -0.6036257981474286, -0.05573281156942955, 0.09213845031879263, 0.6764054984747762, 0.27944403209667423, 0.01042470758246056], [-0.237243272449346, 0.6379445381278359, 0.49136714985615265, -0.3974702920352093, 0.557617029655245, -0.23138048849158205, -0.5100243341317956, -0.08044927644139704, -0.003352087191704878, 0.6648603515857068, 0.02371721275957836], [-0.6306835860174387, -0.2075344853789793, -0.44418323471722576, -0.4270816273903284, 0.21276411126211145, 0.25617108954374346, 0.16545931812008038, 0.5849733191097359, 0.452453636024882, 0.45415164983803435, -0.03692375637303781]], "inverted": true, "swapped": true, "error_lsq": 0.049364650808232075, "error_max": 0.2513426594444071, "target": "591.xyz", "model": "24.xyz", "model_rescale": 3.7841303162186577, "target_rescale": 4.125937010922551},
{"mapping": [4, 3, 5, 12, 2, 14, 10, 9, 8, 6, 11, 7, 1, 15], "R": [[-0.08651216458123664, -0.29973138447657, -0.9500930178352157], [-0.3031196019292275, 0.9163733479371969, -0.2614926272701387], [0.9490174668075059, 0.2653695241547748, -0.17013189984283578]], "T": [0.003583149513330483, 0.045555344038784674, 0.016854105269175704], "aligned_model": [[0.1231488964758532, -0.5216744545444691, -0.38189322012295013, -0.5620188906886752, 0.10698139318012297, -0.5014701400987731, 0.014968255417194418, -0.08030752011183272, 0.5059096938638427, -0.03373050343017499, -0.43750602175802505, 0.20787707599516236, 0.6670066497094357, -0.012930391147083574], [-0.6716607497869563, -0.5578757866642094, -0.5135040090105546, 0.04042835988009392, -0.16431494375108419, 0.6081056044950176, 0.7790441532093167, 0.40759273680210545, 0.05027713157224321, -0.508631106850389, 0.07261296072844084, 0.19923777584765232, -0.2888420339627968, -0.009119768429759735], [-0.15050613424127351, 0.11160223195839736, -0.5383029478822464, -0.4883586742414983, -0.700123086443951, -0.22347346581491495, 0.27592871124658747, -0.4348448988442962, -0.2947602897805793, 0.4789271743804385, 0.6446564607353767, 0.6147263841517209, -0.01607076035574999, 0.05616828400828265]], "inverted": false, "swapped": false, "error_lsq": 0.041212361069721266, "error_max": 0.2180718577713721, "target": "591.xyz", "model": "25.xyz", "model_rescale": 4.19342608120988, "target_rescale": 4.125937010922551},
{"mapping": [1, 9, 10, 7, 5, 3, 6, 4, 11, 0, 12, 13], "R": [[-0.5935144961598922, 0.510671595384542, -0.6220571231932615], [-0.8048051732359145, -0.3713974280346354, 0.4629822713473679], [0.005401479499117623, 0.7754214803038828, 0.6314208991651734]], "T": [0.0080059550148638, 0.08473985179434727, -0.038664270964580215], "aligned_model": [[-0.14239026236212288, 0.4249537534888903, 0.14131182718857332, -0.4649383984516703, -0.5615548919620947, -0.7677051590927308, -0.22496978435194365, -0.40969261532161205, 0.576187659317246, 0.49777137914206687, 0.5054412734494674, 0.0233937735877112], [-0.5550188478987642, -0.40836244049512405, -0.5528885137883517, 0.4138349685958791, -0.1139022175300795, -0.09064564717030894, 0.36997033569364984, 0.3701621943834048, -0.004724114942814453, 0.11725393183396647, 0.4708526929444844, -0.0037559138849610485], [0.23695269420060242, 0.03945509129369149, -0.4941339028885647, -0.08178687087854195, -0.34593933040407177, 0.2689361605243726, -0.6929534526048773, 0.5225486704585404, -0.5953099713187106, 0.5986977497582262, 0.02585484826021358, -0.03306322519145967]], "inverted": true, "swapped": true, "error_lsq": 0.05822167939390361, "error_max": 0.3618356582122473, "target": "591.xyz", "model": "26.xyz", "model_rescale": 3.795458400668931, "target_rescale": 4.125937010922551},
{"mapping": [5, 1, 10, 6, 12, 4, 3, 7, 2, 9, 8, 0, 13], "R": [[0.4527736077835939, 0.3793541007841251, -0.8068993284870776], [-0.8162387341424528, 0.5405416079998039, -0.2038850139331306], [0.3588180443904051, 0.7509362397961992, 0.5543864850269992]], "T": [-0.07274651682083261, 0.0006358132589898563, -0.18542162181156713], "aligned_model": [[-0.07591712848848171, 0.36663048960487427, 0.6415202642564399, -0.2836009505706618, -0.21345061157094625, -0.6214002147327011, -0.3152690206973465, -0.55471322130149, -0.041731335931423474, 0.5220031866686154, -0.7068908902891171, -0.02791077021753409, 0.010406586091029138], [-0.6644874509983351, -0.2854269920467845, -0.2420144649690369, -0.29002950900226987, 0.6001521820214719, -0.10623245889958867, -0.663139453663365, -0.3122946364790892, -0.04139950610841883, 0.2145570933748258, 0.29905777986313276, 0.629261755482634, -0.016122835318261836], [-0.31142631550778427, 0.297269630611933, -0.4358947374986613, -0.8448020396988953, -0.33194882126309677, 0.32296432125179547, 0.29174822361555114, -0.2456058838790674, 0.6695123365274183, -0.031771212811384036, -0.24711514234791934, 0.31455523977418837, -0.15534893667465238]], "inverted": true, "swapped": true, "error_lsq": 0.04685959031493851, "error_max": 0.28981593872434297, "target": "591.xyz", "model": "27.xyz", "model_rescale": 3.6321398670334006, "target_rescale": 4.125937010922551},
