[{"mapping": [5, 3, 6, 1, 12, 2, 4, 0, 11, 9, 8, 7, 13], "R": [[0.05310888817678966, -0.9960093762782156, -0.07172704066463353], [-0.9916638318453086, -0.044159937018159456, -0.12104852156235667], [0.11739800086247376, 0.07755786438803565, -0.9900517597909023]], "T": [-0.10656810171415135, 0.01893179684716713, -0.060885539817103825], "aligned_model": [[0.16060459166818805, -0.3685915081771095, 0.11461976485294595, -0.5278619274317713, -0.24457026844613547, -0.49979553079675487, 0.2479557047155048, -0.7891848346732734, 0.5232684714885408, -0.1390689207766268, 0.6162765143852158, 0.3673274218703534, 0.014806647958527847], [-0.12468912165122499, -0.41437320343174044, -0.711298180907723, 0.228978791263375, 0.5794160081324317, -0.4598830398192997, -0.6083441189620543, 0.173746504655638, 0.2756710933070229, 0.3488649511266942, -0.2491251999218313, 0.018622302332091084, 0.049726012279819716], [-0.7539894599633563, -0.19046492473837834, -0.10973624563843298, -0.3947056799703026, -0.016923523816712097, 0.3944898949780274, 0.5670014107810204, 0.26389013154856295, -0.21725902079411963, 0.5924374907211261, 0.06647316260265321, 0.5280265244294885, 0.043324578181011326]], "inverted": true, "swapped": false, "error_lsq": 0.04275015939046915, "error_max": 0.24885393524381025, "target": "592.xyz", "model": "0.xyz", "model_rescale": 3.8414455957264533, "target_rescale": 3.9194170631566},
{"mapping": [8, 9, 13, 6, 5, 7, 0, 2, 10, 3, 11, 1, 14], "R": [[-0.21903286460281784, 0.7441308711898686, -0.631105261241016], [0.3820302769709809, -0.5297667655771191, -0.7572318281526693], [-0.8978181729622985, -0.4069599742384564, -0.16824419058759704]], "T": [-0.0680615304959376, -0.09044984614047527, 0.05939440743414954], "aligned_model": [[0.12286055713267954, -0.4706748202646544, 0.19693599725733896, -0.5255801172728582, -0.23426897880240247, -0.4943681144947905, 0.042277061095197244, -0.7401937936741205, 0.20640793415413927, 0.0942951955347947, 0.7402104816980202, 0.5366278375509055, 0.00125688672335586], [-0.2195531574748035, -0.5156254958988842, -0.75546230372233, 0.33428995649643, 0.5468522901722566, -0.5192557264301102, -0.573309333216875, 0.18102727659330184, 0.4459065134386917, 0.45714822688751444, -0.3454410670623852, 0.1143928839955208, -0.04365726537512864], [-0.6963724143823505, -0.2908025168064377, -0.1903689649504399, -0.4099668783503247, 0.08271513129031496, 0.27697936923845695, 0.5887236815662041, 0.197753072669089, -0.26521253784594395, 0.5952614860727522, 0.14850800733146013, 0.6432506527979232, 0.09209624968988392]], "inverted": false, "swapped": false, "error_lsq": 0.032365556009581666, "error_max": 0.19934632667298724, "target": "592.xyz", "model": "1.xyz", "model_rescale": 4.316132596720782, "target_rescale": 3.9194170631566},
{"mapping": [0, 2, 1, 9, 3, 8, 7, 11, 5, 10, 6, 12], "R": [[-0.04113033631418733, 0.9707465506994735, -0.23655745547278045], [-0.021629857308385597, -0.23756739999302143, -0.9711302074044317], [-0.9989196387635497, -0.034826208028299666, 0.030768336433237176]], "T": [-0.17046704946466731, -0.026948019937440258, -0.015906318260141748], "aligned_model": [[-0.12941592271028673, 0.43027490941211666, 0.21106152220256683, -0.47126828540661325, -0.569116959996475, -0.5718083283907861, -0.2257414846973762, -0.024336829783004693, 0.4021049032254209, 0.14989697756086764, 0.4773070168481176, -0.08114896363276677], [-0.7345913456652622, -0.26834262505296275, -0.5402572336687639, 0.641969641494926, -0.3925333210318613, -0.10441510360433694, 0.2221255718295065, 0.5978773612608308, 0.12734960583276717, -0.07919118347713873, 0.5177992643564533, 0.024985795466822513], [0.07269002019096268, 0.13315919089847753, -0.49810351991263424, -0.04173356911143436, -0.48963661457757784, 0.37987669139119856, -0.6959527343340275, 0.503500870537965, -0.5717642322576278, 0.6489630629933063, 0.04998955786583305, -0.041730262475020125]], "inverted": true, "swapped": true, "error_lsq": 0.044136382820599555, "error_max": 0.23976448342758108, "target": "592.xyz", "model": "2.xyz", "model_rescale": 3.795458400668931, "target_rescale": 3.9194170631566},
{"mapping": [10, 2, 6, 7, 8, 4, 5, 0, 1, 3, 11, 12], "R": [[0.25444167694672526, -0.35925131902030394, 0.8978852503603734], [-0.17836374544446468, -0.9299470983578892, -0.3215350191919456], [0.9504976629869011, -0.07833826675332092, -0.30069470999424813]], "T": [0.09349167132438532, 0.11346042878316127, 0.021674285920759408], "aligned_model": [[-0.1905496296313786, -0.09058835437126642, -0.7223908081160518, 0.07334033883340524, 0.2995560746370174, 0.34114136721905824, -0.2370480616181647, 0.6116031784302651, 0.3852136160144064, 0.7123431033189702, -0.5961429017394644, 0.0068259027667680605], [-0.04366908380304817, -0.47847996571095247, -0.11151861549957907, 0.15604946690321903, 0.4801145288757129, 0.6764234508308782, -0.3843513358293544, -0.28242604303967317, -0.5715683068353622, 0.1486992307893586, 0.43350928868337124, 0.0629864299251387], [-0.6431900669383586, -0.2172899291005582, 0.08818233505116005, 0.746475046786644, -0.3614998187931548, 0.3131024591863958, 0.5726292303934827, -0.27009265921528813, 0.3169681726583002, 0.38605854620616525, -0.3000670834748245, 0.05749519787913652]], "inverted": true, "swapped": true, "error_lsq": 0.04864070591907784, "error_max": 0.2586888588105195, "target": "592.xyz", "model": "3.xyz", "model_rescale": 3.7530521520055578, "target_rescale": 3.9194170631566},
{"mapping": [6, 5, 7, 3, 9, 0, 11, 2, 10, 8, 12], "R": [[0.33626009192427864, -0.9323589869079681, 0.1328001133697662], [-0.06385870177970471, 0.11811375689591352, 0.9909446032139958], [-0.9396016266408261, -0.34169556620459696, -0.019822291745241805]], "T": [0.04560006002327278, 0.04037351150443198, 0.021631081952172684], "aligned_model": [[-0.5432796955084986, -0.31898617623224645, 0.3229299282841595, 0.535086113344354, 0.3962225299633289, -0.08026519928259712, -0.19547952710951183, -0.5905050980388716, -0.4623277066808792, 0.30192804382826127, -0.027123610122293675], [-0.5683220960603114, -0.22941413333983052, -0.26080673456443104, 0.405922466832271, -0.5882918693834317, 0.7434233932023387, -0.5478715576171663, 0.2221919494496744, 0.1144670484297572, 0.19968499395922107, -0.02378010259374498], [-0.03679324585406703, -0.6528434704971552, -0.5783144563004402, -0.3575418628305476, 0.1646100687059437, 0.008501611806551153, 0.5483121972306113, -0.03915597312207219, 0.5544849865769059, 0.5039546022444207, -0.02238368071483461]], "inverted": true, "swapped": true, "error_lsq": 0.051166196142047496, "error_max": 0.3308836976093133, "target": "592.xyz", "model": "4.xyz", "model_rescale": 3.7855080009869324, "target_rescale": 3.9194170631566},
{"mapping": [8, 13, 6, 15, 9, 12, 1, 14, 10, 3, 7, 0, 16], "R": [[-0.6971346930251905, 0.5303587058030802, -0.48241358081997976], [0.6390092915646571, 0.15455889579870458, -0.7535108977470202], [-0.3250697541677915, -0.8335653489129493, -0.4466525092473171]], "T": [-0.0035693687231124482, -0.12147618111377201, 0.10803049489065403], "aligned_model": [[0.012010292973816755, -0.41743854956329596, 0.2572477654514169, -0.42371544540099904, -0.23560922042379256, -0.5368468941027703, 0.009695954931915947, -0.6370664101860279, 0.29614992211196733, 0.12276082511364694, 0.6877868178930843, 0.38715096559305373, -0.04633989775441099], [-0.13158591157847077, -0.5383259006542673, -0.6649809485531599, 0.26161982566729447, 0.5509678530256696, -0.47772984021755277, -0.5131488906378772, 0.10248654868212395, 0.41219907029267244, 0.46448009141585633, -0.17982222360868386, -0.0876487781580858, -0.0911980972723202], [-0.595506953618635, -0.31601696866158124, -0.1422774321883839, -0.48865437212579393, 0.1378725360749, 0.33554681147095616, 0.7557344849908718, 0.1868948889666421, -0.28734697893893796, 0.458904452612784, -0.1747977823883352, 0.7823206479269047, 0.1198910041991964]], "inverted": false, "swapped": false, "error_lsq": 0.03862113291453029, "error_max": 0.24518529908667047, "target": "592.xyz", "model": "5.xyz", "model_rescale": 4.2253639853439635, "target_rescale": 3.9194170631566},
{"mapping": [1, 8, 9, 10, 2, 11, 12, 5, 4, 3, 0, 7, 13], "R": [[-0.7074174988764472, 0.3586652183553439, 0.6090318082214637], [0.487407758061783, 0.8715725439710011, 0.052867551268279744], [-0.51185365063129, 0.3342462591234661, -0.791381879118666]], "T": [-0.0647418968601407, -0.07232851017862046, 0.04667813616261755], "aligned_model": [[0.1923717807008984, -0.4892535107645568, 0.14535806641593993, -0.5258321906876137, -0.32780140253287765, -0.5463331172170744, 0.08603782375586966, -0.6789830476723504, 0.2584923936705685, 0.28063325480107604, 0.7200310039451912, 0.40017888601827284, -0.039113813795738306], [-0.06296719035537197, -0.5192889851701266, -0.6063861476137349, 0.2340407148896269, 0.5443085532417082, -0.4364740305464149, -0.67071306616644, 0.07197522243294258, 0.4800885012301675, 0.41842959458431056, -0.23722973345036474, -0.08196996082731145, -0.026500673845792307], [-0.6407160043859267, -0.3606068980018192, -0.16125664403058776, -0.5029090846297837, 0.07369739834354395, 0.5376177712343606, 0.7470674303949394, 0.09791784589977263, -0.2554250765608129, 0.42467543763820975, 0.04536282187817246, 0.6894431975217613, 0.07769614301875807]], "inverted": true, "swapped": false, "error_lsq": 0.04755926207466595, "error_max": 0.342796659932808, "target": "592.xyz", "model": "6.xyz", "model_rescale": 3.89814844738969, "target_rescale": 3.9194170631566},
{"mapping": [9, 11, 10, 8, 3, 4, 2, 7, 6, 0, 5, 1, 12], "R": [[0.4643219170078568, -0.6028472100829867, 0.6488300229500082], [0.5431967297875762, 0.7724645637745136, 0.32899211306767434], [-0.6995301781440396, 0.1996840980343943, 0.6861368601510623]], "T": [-0.13527627196426795, -0.05703916357000007, 0.09905231672711429], "aligned_model": [[0.31347752065641277, -0.6282947204211002, 0.12357726486723192, -0.325132959475706, -0.28957684064788397, -0.4770798546823128, 0.14438117160337993, -0.7213365756096705, 0.2657678442644406, -0.016375613633515307, 0.6211765597810194, 0.5739959520197764, -0.10879362208446694], [-0.28781509908615804, -0.41399822954190857, -0.732664927012179, 0.22067337217042646, 0.735678633292178, -0.5051242688270469, -0.5136472760383336, 0.1818984207177402, 0.4302327950675445, 0.29781735510542984, -0.1399915371227207, 0.05660755664860232, -0.22235399697037528], [-0.6380422363865355, -0.4346642784099401, -0.02515854147426133, -0.4879033528208851, 0.08594637487623856, 0.41191944135378983, 0.5625699435831808, 0.27431449419776366, -0.14406392335495735, 0.5583451123056828, -0.054161981206642146, 0.5449378931950271, 0.11852539246212637]], "inverted": true, "swapped": false, "error_lsq": 0.043593472542233176, "error_max": 0.2560971126567094, "target": "592.xyz", "model": "7.xyz", "model_rescale": 3.7474275329858107, "target_rescale": 3.9194170631566},
{"mapping": [4, 8, 9, 2, 1, 5, 7, 3, 12, 0, 11, 10, 14], "R": [[-0.006527675565265789, 0.8454100011931633, 0.5340780086600556], [0.05597483814846038, 0.5335609096066871, -0.8439073250268293], [-0.9984108407594383, 0.02438617686847211, -0.050804600498097596]], "T": [0.030745300783441003, -0.012195527664185371, 0.04688628376888484], "aligned_model": [[-0.14441762551588566, -0.40959881867948833, 0.15898821281992467, -0.5632861886905794, -0.16105368056616695, -0.3542786541794696, 0.18536735353978046, -0.6477025778702904, 0.5680584902379504, -0.1957562996603052, 0.5616543170788987, 0.45423188461720504, 0.02357971350603133], [-0.12324934222276471, -0.3973053195159051, -0.7607485158165193, 0.31559036137088176, 0.7062729946545698, -0.5487696395635784, -0.48547931319415755, -0.028925873817532047, 0.27487142672367465, 0.4109384351574368, -0.33360021137678514, 0.06383727320676633, 0.013880522797111647], [-0.7075743483172241, -0.3038241673597734, -0.012801399458169826, -0.4513832179193218, -0.0618241262211875, 0.32413389974778545, 0.5116142806443177, 0.27832333450288743, -0.050733995559010724, 0.49840362798752413, 0.08314371464394897, 0.6714993529507495, -0.006412617321937965]], "inverted": false, "swapped": false, "error_lsq": 0.04643633784234908, "error_max": 0.25667852310932654, "target": "592.xyz", "model": "8.xyz", "model_rescale": 4.019505241142653, "target_rescale": 3.9194170631566},
{"mapping": [7, 4, 0, 8, 11, 3, 2, 5, 9, 6, 1, 10, 12], "R": [[-0.9386416132005734, 0.3313683089294495, 0.09563977104459256], [0.28113141367647604, 0.5744665762051329, 0.7687348574556888], [0.19979251790918315, 0.7484538707631815, -0.6323762749559154]], "T": [0.005333651208417216, -0.044641951101623126, 0.11703475416162878], "aligned_model": [[0.025580988653276786, -0.5471889925536558, 0.038469205976335, -0.17432955179679563, -0.21525841010269986, -0.596743470279823, -0.027120421596810662, -0.6340303776406699, 0.33806659149934465, -0.04438334285373047, 0.6574757188031467, 0.6850901618308606, -0.029841973301173115], [-0.3342846257702177, -0.4419201971419171, -0.6252982742113506, 0.2592746923003493, 0.5349146249896839, -0.6276245142260757, -0.47266752823704317, 0.04461797708985177, 0.4026171030183567, 0.2436223595946735, -0.2207489547085406, 0.3715656666377406, -0.026755530932312227], [-0.7404506138843294, -0.35676203202041973, -0.17345852891735014, -0.45871930681865447, 0.06504589392385554, 0.3070223290581077, 0.5241133714985035, 0.3008036932538316, -0.2786775028932894, 0.7822367878680138, 0.1155020687989583, 0.5674590690247499, 0.11844910942861034]], "inverted": false, "swapped": false, "error_lsq": 0.05430524588144459, "error_max": 0.3810720901547559, "target": "592.xyz", "model": "9.xyz", "model_rescale": 3.877068213659057, "target_rescale": 3.9194170631566},
{"mapping": [1, 7, 4, 8, 11, 2, 13, 9, 12, 10, 3, 6, 15], "R": [[0.8749672112043717, -0.483829865427921, 0.018467285594922028], [0.4552923347669698, 0.8091838265488004, -0.3713898554811138], [0.16474607497505375, 0.3333619596952253, 0.9282933451277529]], "T": [0.00931588505813765, -0.06094914162818377, 0.09331266787893923], "aligned_model": [[0.044075045555015326, -0.4234576297879958, 0.09677538724256521, -0.6136114697963108, -0.14584461220890504, -0.4602151673482226, 0.0985225254791208, -0.597466849243784, 0.5339250114215409, -0.10344455273757641, 0.5766972459702082, 0.44675150264980157, 0.02307968944214741], [-0.20691893383092225, -0.5178640284883594, -0.6902832225490514, 0.15213202126081052, 0.6528193811506653, -0.4989289921206465, -0.5112307272426377, 0.07464324100698078, 0.4547725401532632, 0.4535860039496291, -0.3442878286390415, 0.08924046500648775, -0.0003671212539793564], [-0.7613166264523963, -0.42651657372842255, -0.13988280766488437, -0.3090315434675296, -0.012114995671230075, 0.2608525119109808, 0.7153473654039293, 0.3148408219001737, -0.037115960842950976, 0.5684436467607797, 0.06967112688104792, 0.5012314559311324, 0.028155917359957525]], "inverted": false, "swapped": false, "error_lsq": 0.03535873022589227, "error_max": 0.22479933322219078, "target": "592.xyz", "model": "10.xyz", "model_rescale": 4.260839863003843, "target_rescale": 3.9194170631566},
{"mapping": [1, 0, 8, 3, 9, 7, 5, 2, 10, 11, 6, 12], "R": [[-0.1907793703589803, 0.9494642684658798, 0.2492405158716843], [0.5057019358960098, 0.3126808631052481, -0.8040498926551669], [-0.8413493827634626, -0.027354720877927508, -0.5397989768138058]], "T": [-0.1047147216966064, -0.08604977252173657, -0.049550993209237955], "aligned_model": [[0.3856963936365911, 0.2736360659137527, -0.35283470891050733, -0.360577072308039, -0.6808812837029787, -0.38060318434966023, 0.23042470197213144, 0.5547806087870395, 0.30822056366823153, -0.181297959729566, 0.21762682404087685, -0.055292299923741794], [-0.0019117928325699252, -0.6067947313253292, -0.5437799973405806, -0.27270761883352046, 0.25096670713117925, 0.42882690403372564, 0.5926725415996308, -0.05046623629313006, -0.3304295435809677, 0.13681209596296035, 0.5636068337551641, 0.006283343256371532], [-0.6772310705678228, -0.35933955341949675, 0.1798823853189176, -0.6950647910030278, 0.2554920422382163, -0.4812263451058407, -0.34559491882843163, 0.02243861419660522, 0.5136334611879819, 0.7416583476714325, 0.3917486023443185, -0.03021869663734779]], "inverted": true, "swapped": true, "error_lsq": 0.03328068171754213, "error_max": 0.15844359819361703, "target": "592.xyz", "model": "11.xyz", "model_rescale": 3.890672605050136, "target_rescale": 3.9194170631566},
{"mapping": [5, 7, 8, 12, 10, 3, 0, 4, 11, 2, 6, 1, 13], "R": [[-0.7063104867998242, 0.07254838345348798, -0.7041748563353291], [-0.09098173386839488, 0.9771817102216982, 0.19193287709639023], [0.7020312103737955, 0.1996312532307583, -0.6835931117226248]], "T": [0.12426153258270278, -0.05433569672050506, 0.01613388488688628], "aligned_model": [[-0.004486503128571406, -0.5519408076885568, 0.1625760579935766, -0.39259655267587734, -0.3043029823443396, -0.47129219476778816, 0.06284391797607791, -0.4422098730246877, 0.34664345342007175, -0.0553639285307343, 0.6806624374961975, 0.48581457422023144, -0.04056147230799423], [-0.26957001106266487, -0.39223416229465213, -0.7679041032166689, 0.20858261909521095, 0.7253388224325501, -0.6748669634642163, -0.37975594450232175, 0.09232751900185848, 0.4445758934675248, 0.49469004155674323, -0.20423652202170992, -0.10681870546896902, -0.0628156851194863], [-0.7201203613251194, -0.3782506891657891, -0.07629539743856481, -0.4516949573797429, -0.07320034803288017, 0.3527640392617098, 0.5050347733058673, 0.4016946344560095, 0.08243373674181698, 0.4307054300942192, 0.013660117108925236, 0.7030277793608426, -0.017194418666707123]], "inverted": false, "swapped": false, "error_lsq": 0.04773768122522888, "error_max": 0.27902210234424113, "target": "592.xyz", "model": "12.xyz", "model_rescale": 4.124412569039231, "target_rescale": 3.9194170631566},
{"mapping": [1, 8, 2, 6, 3, 11, 10, 9, 0, 7, 4, 5, 12], "R": [[0.3641541808961125, -0.527714481192173, 0.767404169180724], [-0.8069094384768047, -0.5902281132472382, -0.022976780228159133], [0.4650686945311727, -0.6108585766547614, -0.6407518308162605]], "T": [-0.021074356011640816, 0.0772932797517558, 0.07145001196289391], "aligned_model": [[0.08538707420255981, -0.503639981040112, 0.090675905696226, -0.45418329971066307, -0.1824653500176932, -0.4835160395934773, 0.019868870473432193, -0.624365889494712, 0.42318261496588183, -0.10017727051976982, 0.6605467903467725, 0.5437599308560175, 0.0007127704731423982], [-0.1691411985614571, -0.37789713386324714, -0.7516715507036951, 0.20218983774719906, 0.7461228695834504, -0.7761893382525916, -0.4698404463943334, 0.1907153550735179, 0.3968275752611853, 0.20937865903711655, -0.31155303748337887, 0.25200817609874854, -0.03363696913931552], [-0.697185344161175, -0.2020974716525213, -0.13524953454146954, -0.4229489235870197, -0.1166279042985123, 0.2911497420194792, 0.5649862418548839, 0.2498204984726896, -0.12168458132684948, 0.6792113598712699, 0.0217769794478328, 0.5449294861171342, 0.11648379010484522]], "inverted": false, "swapped": false, "error_lsq": 0.04637317328006696, "error_max": 0.27156548954097387, "target": "592.xyz", "model": "13.xyz", "model_rescale": 3.9028299243045295, "target_rescale": 3.9194170631566},
{"mapping": [8, 0, 5, 2, 1, 4, 10, 3, 12, 9, 13, 14, 15], "R": [[0.7043332544891838, 0.5798568146881178, 0.4094883894329904], [-0.40013729648466734, 0.800778513700624, -0.4456948686684212], [-0.586348710736722, 0.150066140268781, 0.7960372748572861]], "T": [-0.10474844702144509, 0.0023786222628615766, 0.07918911365693686], "aligned_model": [[-0.008006225179469112, -0.6504063167110643, 0.14482441198790885, -0.4525363988634827, -0.11773131310373622, -0.35257802737276106, 0.1390435755448685, -0.7172524001262173, 0.4713717209630322, -0.07623268109742642, 0.6313366300506644, 0.5817948762996601, -0.11784172575437168], [-0.24113562580453773, -0.4372715253657143, -0.40479543303323995, 0.285592430041076, 0.6448785446047653, -0.6131686452205456, -0.4383824568878119, -0.07634406772750371, 0.17498699499189263, 0.3594528500920702, -0.2987677652878977, 0.12029637476758166, 0.03197112323306412], [-0.6473430006084071, -0.3637348597072137, -0.10526822665452125, -0.5047485963713414, -0.016852808032203667, 0.2171939486422011, 0.6284137697749357, 0.16481090264699993, -0.27085686998844016, 0.7665975100106642, 0.09106195544432448, 0.6249036192644024, 0.18838699389918712]], "inverted": false, "swapped": false, "error_lsq": 0.047046694586719826, "error_max": 0.2465857893727593, "target": "592.xyz", "model": "14.xyz", "model_rescale": 3.942246331269136, "target_rescale": 3.9194170631566},
{"mapping": [8, 13, 11, 12, 1, 4, 10, 3, 0, 5, 6, 9, 14], "R": [[0.22735363003365694, -0.9549058183876161, 0.19095864714643354], [0.4386709716724232, 0.2754982926790456, 0.8553762150907068], [-0.8694125059616358, -0.11070487225234496, 0.48152500011640187]], "T": [0.01857584510909685, -0.07232790351146896, 0.1043765754459453], "aligned_model": [[0.4174341991037144, -0.5137771288531628, 0.09645733963848163, -0.5855117159754815, -0.4041793665517527, -0.3946851122412145, 0.06798303762777008, -0.611123292721232, 0.31060482371487663, -0.03564904352478428, 0.49655907504969365, 0.6069330133397166, 0.024740298030980136], [-0.17288278108056748, -0.451079544408071, -0.7372523214588018, 0.185008696678637, 0.6145068607273741, -0.4400231850391803, -0.5547561704707301, 0.17385017170616507, 0.46745697651652335, 0.43384854887985375, -0.3560819877015224, -0.06901971058498836, 0.013737244638507298], [-0.5510939855509306, -0.3794388357771628, -0.1523743074811053, -0.3823803977020845, 0.025779670753829323, 0.2984887543394035, 0.6276570094478946, 0.34814548568375225, -0.3006775466363864, 0.4833549635979512, 0.042691561549217855, 0.6539102000619182, 0.05850176603429065]], "inverted": true, "swapped": false, "error_lsq": 0.04608975799881349, "error_max": 0.36747913435850565, "target": "592.xyz", "model": "15.xyz", "model_rescale": 4.355366556412066, "target_rescale": 3.9194170631566},
{"mapping": [0, 2, 1, 9, 3, 8, 7, 11, 5, 10, 6, 12], "R": [[-0.04113033631418733, 0.9707465506994735, -0.23655745547278045], [-0.021629857308385597, -0.23756739999302143, -0.9711302074044317], [-0.9989196387635497, -0.034826208028299666, 0.030768336433237176]], "T": [-0.17046704946466731, -0.026948019937440258, -0.015906318260141748], "aligned_model": [[-0.12941592271028673, 0.43027490941211666, 0.21106152220256683, -0.47126828540661325, -0.569116959996475, -0.5718083283907861, -0.2257414846973762, -0.024336829783004693, 0.4021049032254209, 0.14989697756086764, 0.4773070168481176, -0.08114896363276677], [-0.7345913456652622, -0.26834262505296275, -0.5402572336687639, 0.641969641494926, -0.3925333210318613, -0.10441510360433694, 0.2221255718295065, 0.5978773612608308, 0.12734960583276717, -0.07919118347713873, 0.5177992643564533, 0.024985795466822513], [0.07269002019096268, 0.13315919089847753, -0.49810351991263424, -0.04173356911143436, -0.48963661457757784, 0.37987669139119856, -0.6959527343340275, 0.503500870537965, -0.5717642322576278, 0.6489630629933063, 0.04998955786583305, -0.041730262475020125]], "inverted": true, "swapped": true, "error_lsq": 0.044136382820599555, "error_max": 0.23976448342758108, "target": "592.xyz", "model": "16.xyz", "model_rescale": 3.795458400668931, "target_rescale": 3.9194170631566},
{"mapping": [9, 11, 10, 8, 3, 4, 2, 7, 6, 0, 5, 1, 12], "R": [[0.4643219170078568, -0.6028472100829867, 0.6488300229500082], [0.5431967297875762, 0.7724645637745136, 0.32899211306767434], [-0.6995301781440396, 0.1996840980343943, 0.6861368601510623]], "T": [-0.13527627196426795, -0.05703916357000007, 0.09905231672711429], "aligned_model": [[0.31347752065641277, -0.6282947204211002, 0.12357726486723192, -0.325132959475706, -0.28957684064788397, -0.4770798546823128, 0.14438117160337993, -0.7213365756096705, 0.2657678442644406, -0.016375613633515307, 0.6211765597810194, 0.5739959520197764, -0.10879362208446694], [-0.28781509908615804, -0.41399822954190857, -0.732664927012179, 0.22067337217042646, 0.735678633292178, -0.5051242688270469, -0.5136472760383336, 0.1818984207177402, 0.4302327950675445, 0.29781735510542984, -0.1399915371227207, 0.05660755664860232, -0.22235399697037528], [-0.6380422363865355, -0.4346642784099401, -0.02515854147426133, -0.4879033528208851, 0.08594637487623856, 0.41191944135378983, 0.5625699435831808, 0.27431449419776366, -0.14406392335495735, 0.5583451123056828, -0.054161981206642146, 0.5449378931950271, 0.11852539246212637]], "inverted": true, "swapped": false, "error_lsq": 0.043593472542233176, "error_max": 0.2560971126567094, "target": "592.xyz", "model": "17.xyz", "model_rescale": 3.7474275329858107, "target_rescale": 3.9194170631566},
{"mapping": [7, 12, 9, 11, 3, 5, 4, 10, 1, 8, 2, 0, 13], "R": [[-0.9219884008425057, -0.028117819665026272, 0.3861952575177019], [0.38698761278132854, -0.03254852266229086, 0.921510271904937], [-0.013340774553508183, 0.9990745627278214, 0.040890608267976025]], "T": [-0.020502371410893262, -0.07301772856404863, 0.029657417523232702], "aligned_model": [[0.060689643655376484, -0.4942701998275131, 0.055437362322784116, -0.34323616509765353, -0.17529188096828088, -0.5449783110415805, 0.07233458661210962, -0.6789839384690515, 0.3578238805426248, -0.1927560722842925, 0.6658364319108234, 0.6114291310632917, 0.08175165821896696], [-0.22250911361405162, -0.5272099671359053, -0.7363388265243491, 0.33004965981479284, 0.5788553449287074, -0.46038030835745647, -0.47440066274713166, 0.10411011949497713, 0.44827335599400364, 0.18748430356859314, -0.18498857777243266, 0.1478964964275548, -0.08352902567410331], [-0.7041541826314716, -0.32879812852395235, -0.014642059869560988, -0.4754329116695426, 0.13778181391611707, 0.3428588817512869, 0.7504201117522138, 0.13674206511600132, -0.22261875862657593, 0.6772080371730647, -0.11258990158032606, 0.5306582879395898, 0.05513108357374368]], "inverted": true, "swapped": false, "error_lsq": 0.04121236699762173, "error_max": 0.32725905540787703, "target": "592.xyz", "model": "18.xyz", "model_rescale": 3.922800546911778, "target_rescale": 3.9194170631566},
{"mapping": [12, 7, 3, 13, 4, 9, 2, 11, 8, 6, 5, 1, 14], "R": [[0.8853317138039523, -0.05197198630171729, 0.4620461764508075], [0.1980292198518625, 0.9412451689152186, -0.27357258648962657], [-0.420680620682507, 0.3337011307047304, 0.8436061704068818]], "T": [0.02905076176828785, -0.037605952637257176, 0.09493103553256851], "aligned_model": [[0.15193258375312815, -0.49201906778332644, 0.05819577137789593, -0.32243296867283056, -0.3769239922640125, -0.4926273776225269, -0.07331217056643191, -0.6763541475799494, 0.33982505108047084, 0.1266452277945351, 0.7133936039022926, 0.5534700030126856, -0.034006389794325693], [-0.2859829214048603, -0.4705708843001134, -0.6517831101800194, 0.28173548405324556, 0.5482481901527039, -0.5751224796188256, -0.4434941466299578, 0.0460147436114621, 0.4446800522250709, 0.49426833720473207, -0.19035199813589965, 0.009348656867195507, -0.0996771254415351], [-0.6411552255659634, -0.3284347870604757, -0.0813818430459797, -0.4013491080031426, 0.2207346982631032, 0.4137900765183842, 0.6762274890302374, 0.04340331682613377, -0.11769587865766482, 0.5231282236588366, -0.20652748597610296, 0.6152797147802246, 0.056545147552997485]], "inverted": true, "swapped": false, "error_lsq": 0.042940375311432716, "error_max": 0.24089940946590052, "target": "592.xyz", "model": "19.xyz", "model_rescale": 3.9282355846067225, "target_rescale": 3.9194170631566},
{"mapping": [3, 5, 1, 6, 8, 2, 10, 7, 4, 9, 0, 11, 13], "R": [[0.8924758057535859, 0.29700206024513, -0.3395242441338119], [0.22467428718752716, -0.9453336877456967, -0.23635922552314031], [-0.39116288272440247, 0.13466252271241003, -0.9104161708556507]], "T": [-0.14038253882333057, 0.03131380916908387, 0.08982950750042412], "aligned_model": [[0.1630900378581503, -0.4653986968615292, 0.0883158189583057, -0.49071394261996165, -0.03523308925606913, -0.4387064989736587, 0.07588995262551046, -0.7333289300777872, 0.35421023225166387, -0.057936995828564375, 0.5853684088542093, 0.49240082516907574, -0.062170995461739834], [-0.19911744305079226, -0.3617094354072963, -0.6518863224410494, 0.23470242949140707, 0.7830971490536738, -0.720916233026063, -0.47202145706935605, -0.01698892020619866, 0.31156216060160846, 0.4663826053201635, -0.29257249476225744, 0.13520897422680414, -0.10842821432744477], [-0.559139599887778, -0.3872316819557457, -0.11616912750110192, -0.4227571004931207, 0.04097275509240006, 0.2443254258257669, 0.7547461700940572, 0.2747056817707665, -0.18622609787559902, 0.6211888024165226, -0.0027999277115340337, 0.4094451833644805, 0.10150385518147335]], "inverted": true, "swapped": false, "error_lsq": 0.03971532600758998, "error_max": 0.2522531752762499, "target": "592.xyz", "model": "20.xyz", "model_rescale": 4.067790424073018, "target_rescale": 3.9194170631566},
{"mapping": [6, 4, 5, 2, 3, 8, 1, 0, 11, 12, 13, 10, 14], "R": [[0.024644872265755124, 0.10210252921689605, 0.9944685534487843], [0.6385907214796829, -0.7669700194752775, 0.06291962862374934], [0.7691518190260378, 0.6335077448252746, -0.08410360595915001]], "T": [-0.07122561009863221, -0.0893206317685654, 0.09822010289037575], "aligned_model": [[0.05389113564128292, -0.4399926238484388, 0.06000355515044603, -0.6147951742215065, -0.21645398391717108, -0.3999224576845842, 0.13952522771934062, -0.7249214226901213, 0.3929807948241532, 0.048684723227606336, 0.5954490839038677, 0.5963489987086421, -0.015011730175911786], [0.008969981045352904, -0.5395190493355009, -0.6449044897326861, 0.11803081806766534, 0.6971994311832304, -0.5408632552393396, -0.6192940198515975, 0.1304474583408119, 0.34693916028775845, 0.5535476362480126, -0.3027077561709914, -0.030884119224737556, -0.06964899721477955], [-0.6244427909013903, -0.45296477455688855, -0.05201838690375041, -0.3657404953817333, -0.19167630388822793, 0.21326591246743704, 0.68815009328045, 0.2680488421867274, -0.012333329633377021, 0.49741400168724226, 0.08663163478046479, 0.5696181695295996, 0.14861176565403453]], "inverted": false, "swapped": false, "error_lsq": 0.04234041117096922, "error_max": 0.2469587555325875, "target": "592.xyz", "model": "21.xyz", "model_rescale": 4.186013935880536, "target_rescale": 3.9194170631566},
{"mapping": [7, 4, 6, 10, 9, 3, 5, 11, 1, 8, 0, 2, 12], "R": [[-0.1274000782763473, -0.12367376296133013, -0.9841107764932592], [-0.2910520411507492, 0.9531773449867365, -0.0821076022425378], [0.9481866532477471, 0.27596693526402927, -0.1574303695092402]], "T": [-0.03653839167191725, -0.03143633083461694, 0.06661335718889484], "aligned_model": [[0.07213563242863467, -0.569367564582554, 0.015431107603246286, -0.4881341413010284, -0.1262675703127321, -0.3629250903678186, 0.15126980357874295, -0.595526928131207, 0.5775098143556907, -0.15829057332669683, 0.6134533202403267, 0.4131690151235661, -0.0666706986705653], [-0.06090940016129415, -0.32982701471324527, -0.5406931510688087, 0.2990721334235174, 0.5737485968770941, -0.8532399547605619, -0.4375414959756081, 0.0031422096083116163, 0.22070467803068955, 0.499090702293861, -0.3459534078294625, 0.1457235170570002, -0.06600461437829422], [-0.6584004596112479, -0.3266705365040418, -0.1520405044446092, -0.5523574552154675, -0.038983224239425865, 0.3320360038360169, 0.6977594993440651, 0.358678622771431, -0.24078369591182636, 0.6064148059511342, 0.04716538222026412, 0.628820471545599, 0.07092542857869656]], "inverted": false, "swapped": false, "error_lsq": 0.05050411656763801, "error_max": 0.3567863543285221, "target": "592.xyz", "model": "22.xyz", "model_rescale": 4.166573947596378, "target_rescale": 3.9194170631566},
{"mapping": [10, 14, 9, 13, 5, 12, 3, 6, 7, 1, 8, 4, 15], "R": [[-0.5834512606866511, -0.8094081907301272, 0.06665588632776775], [-0.7661208410163389, 0.5212907203496412, -0.3759186638593116], [0.26952455057670627, -0.2703966820364756, -0.9242522117799286]], "T": [-0.03278149489015072, -0.17635096236706455, 0.16618312681071823], "aligned_model": [[0.04018262247335767, -0.44809350255809116, 0.15789738717143365, -0.3817674172207881, -0.25593456852052004, -0.6304108946489752, 0.22709182259898456, -0.6239943700648535, 0.24283415196640043, -0.0844219185464061, 0.7652871618905691, 0.512146020027711, -0.04503036793121721], [-0.07257369739282388, -0.4567722429149336, -0.7068936364977483, 0.1983209138302477, 0.5854612652197586, -0.44490295020363174, -0.5253621894497732, 0.16151000316782121, 0.3193208770445825, 0.4236460804892697, -0.25702798729626747, -0.005800662380248817, -0.11161297521305402], [-0.5719549022569549, -0.4460730327523882, -0.04025136920218597, -0.5080890364123861, -0.08060993798217059, 0.17619739673681584, 0.5810128198697826, 0.5059255824478672, -0.26940278948173396, 0.5475436859609771, 0.0629514604772867, 0.6285899952982491, 0.1867244656174291]], "inverted": false, "swapped": false, "error_lsq": 0.041403500361646854, "error_max": 0.2712882784796823, "target": "592.xyz", "model": "23.xyz", "model_rescale": 4.274766983524099, "target_rescale": 3.9194170631566},
{"mapping": [0, 7, 4, 8, 9, 11, 10, 6, 2, 5, 12], "R": [[0.35920313462863224, 0.8063225166731245, 0.4699118078734389], [0.9183194440066078, -0.2156440630752377, -0.3319443278921899], [-0.1663204943245406, 0.5507645932395453, -0.8179216686219524]], "T": [-0.022192484838412928, 0.0856113082075241, -0.12473552230251203], "aligned_model": [[0.43575446099787263, 0.03146796238104665, -0.4701515350710139, -0.38240488112756377, -0.6487294628811562, -0.5293409942218982, -0.025145720402729974, 0.02154809029680075, 0.47513235335987136, 0.45972652374114875, 0.012037906885697093], [-0.2531338337441443, 0.8086974689299655, 0.45800952459736427, -0.23826430506091623, 0.3966979649754645, -0.19587597230951687, -0.5985765688679843, 0.10847403076777903, -0.23819621766467186, 0.5550713408275554, 0.1126830987925882], [-0.5558154525303546, -0.08203884916740312, -0.4766451328378589, -0.42318447713432084, 0.09724595289957857, 0.4627250518692002, 0.15685279304385838, 0.7227709196950433, 0.17392728765930868, 0.3313190422195329, -0.027590701695006853]], "inverted": true, "swapped": true, "error_lsq": 0.05472404723519541, "error_max": 0.32237417980264643, "target": "592.xyz", "model": "24.xyz", "model_rescale": 3.7841303162186577, "target_rescale": 3.9194170631566},
{"mapping": [13, 3, 11, 5, 2, 6, 7, 4, 9, 8, 10, 0, 15], "R": [[0.18670348728925687, -0.9198545318805307, 0.3449774601519355], [0.9480805496310154, 0.2607294714066152, 0.18210824844410298], [-0.25745888845674453, 0.29306617498250626, 0.9207752917165734]], "T": [0.056270484471184955, -0.023347042575220814, 0.09051365342191774], "aligned_model": [[0.0516252128923586, -0.5648883367480192, 0.1318235545866477, -0.5930719566689335, -0.234451068231375, -0.43673075728805577, 0.297406219532666, -0.6664487613638306, 0.3521320200709305, 0.056062923324523166, 0.8155467519887528, 0.2608116882610633, 0.005968636280876738], [-0.3640189931186868, -0.3452017431130726, -0.7565621671337049, 0.3152149268216546, 0.6634309377761916, -0.5224261541127484, -0.5012889493004844, 0.10455945505784693, 0.40715677857365956, 0.4367557470794763, -0.1920824198012771, -0.06724764611133892, -0.07097697421431676], [-0.6137029615737168, -0.30895243800063305, -0.12423010988100237, -0.3922584796346459, -0.02178065821437858, 0.26341902723600114, 0.4596080196379818, 0.2247565765920554, -0.1726842193941388, 0.46167825775428, 0.10733706966743416, 0.7958969409422171, 0.09347731318913335]], "inverted": true, "swapped": false, "error_lsq": 0.047561848396144524, "error_max": 0.3384770138979712, "target": "592.xyz", "model": "25.xyz", "model_rescale": 4.19342608120988, "target_rescale": 3.9194170631566},
{"mapping": [0, 2, 1, 9, 3, 8, 7, 11, 5, 10, 6, 12], "R": [[-0.04113033631418733, 0.9707465506994735, -0.23655745547278045], [-0.021629857308385597, -0.23756739999302143, -0.9711302074044317], [-0.9989196387635497, -0.034826208028299666, 0.030768336433237176]], "T": [-0.17046704946466731, -0.026948019937440258, -0.015906318260141748], "aligned_model": [[-0.12941592271028673, 0.43027490941211666, 0.21106152220256683, -0.47126828540661325, -0.569116959996475, -0.5718083283907861, -0.2257414846973762, -0.024336829783004693, 0.4021049032254209, 0.14989697756086764, 0.4773070168481176, -0.08114896363276677], [-0.7345913456652622, -0.26834262505296275, -0.5402572336687639, 0.641969641494926, -0.3925333210318613, -0.10441510360433694, 0.2221255718295065, 0.5978773612608308, 0.12734960583276717, -0.07919118347713873, 0.5177992643564533, 0.024985795466822513], [0.07269002019096268, 0.13315919089847753, -0.49810351991263424, -0.04173356911143436, -0.48963661457757784, 0.37987669139119856, -0.6959527343340275, 0.503500870537965, -0.5717642322576278, 0.6489630629933063, 0.04998955786583305, -0.041730262475020125]], "inverted": true, "swapped": true, "error_lsq": 0.044136382820599555, "error_max": 0.23976448342758108, "target": "592.xyz", "model": "26.xyz", "model_rescale": 3.795458400668931, "target_rescale": 3.9194170631566},
{"mapping": [7, 5, 6, 10, 4, 8, 1, 11, 3, 9, 0, 2, 12], "R": [[0.3119735738453975, -0.7093246151063313, -0.6320847092173529], [0.10009847122414833, 0.6861252633340689, -0.7205639590441248], [0.9448030404696626, 0.1615262004103668, 0.2850552600817451]], "T": [-0.09144984032139356, -0.05154525537107801, 0.18036410443093298], "aligned_model": [[0.13087352987613596, -0.3620116962463389, -0.028070823649907567, -0.4175767515191523, -0.370905976986871, -0.5764934545882834, 0.09841007739372384, -0.7435355202949281, 0.397735291418266, 0.03832451045613858, 0.7049335218664329, 0.6491546252639538, -0.045051206351564496], [-0.07706529178136173, -0.4911589109777179, -0.8558979154720704, 0.20798489457098063, 0.7124883659721842, -0.5785736679445206, -0.4717000887581806, 0.21605531680881818, 0.396085339069007, 0.22842931184940263, -0.1900724729739608, 0.10496387738993845, -0.09422595934932032], [-0.6007435356770395, -0.36772036333188385, 0.006620448114856098, -0.39753880053917856, -0.012041913597848453, 0.3135010816589069, 0.5515464022010369, 0.3018087069284493, -0.14429158496003575, 0.47893930384539024, -0.014204501738024289, 0.6296355489014654, 0.027053546514494126]], "inverted": false, "swapped": false, "error_lsq": 0.043701598719039975, "error_max": 0.31299716787546944, "target": "592.xyz", "model": "27.xyz", "model_rescale": 3.6321398670334006, "target_rescale": 3.9194170631566},
{"mapping": [9, 13, 6, 11, 0, 1, 4, 2, 8, 3, 12, 7, 14], "R": [[0.664480045639875, 0.6194579139634637, 0.4180169395783665], [-0.7441069844054788, 0.600145537463864, 0.2934793512688653], [-0.06907289414389646, -0.5060604970655621, 0.8597276944500172]], "T": [-0.014801540298992742, 0.04746765249508929, 0.021996885352235658], "aligned_model": [[0.08481032500774391, -0.45931327507738573, 0.15750413458462093, -0.4787956716666286, -0.28412332283999264, -0.44189490363097017, 0.035509705424984946, -0.8086092056902527, 0.41827586023514995, -0.002113030288756472, 0.7554960379090123, 0.5625844293495235, -0.0635449566794438], [-0.154334523597004, -0.5325246929902737, -0.6979401433423039, 0.13244865106541315, 0.6102405839036882, -0.20479634956839043, -0.5704107828603737, 0.03239009065342231, 0.32929191138078806, 0.3858704667565985, -0.22571090966853075, -0.0033167932548169715, 0.0061052899249818965], [-0.6072292419142958, -0.3420024673075469, -0.114331429566227, -0.4139085084628634, 0.034807011915119146, 0.47057388922894, 0.5716897723677192, 0.07754615382089688, 0.015020636741450467, 0.619393417796025, -0.10260185076113298, 0.5367140563566368, 0.026892898105866172]], "inverted": false, "swapped": false, "error_lsq": 0.04580878313646965, "error_max": 0.3835851658337254, "target": "592.xyz", "model": "28.xyz", "model_rescale": 4.156811204709835, "target_rescale": 3.9194170631566},
