[{"mapping": [10, 12, 11, 7, 1, 3, 0, 8, 6, 2, 4, 5, 9, 13], "R": [[0.1883312078838027, -0.36111803209235793, 0.9133045072892013], [0.567605238540252, -0.7188820675312113, -0.4012890057847519], [0.8014709285549236, 0.5939716658897071, 0.06958455864281082]], "T": [0.04009730722993892, -0.20196302592420529, 0.04763664561173045], "aligned_model": [[-0.28740491233870497, -0.19959200145013287, 0.30175469171359676, -0.35164925887194143, 0.15666684750704424, 0.20024825402717444, -0.5066781779743491, 0.21947674528873745, 0.3572996238142234, -0.3592321651107369, -0.24702171383167365, 0.7925790855560406, -0.6572213781797546, -0.026491965491587117], [-0.051030910805210716, -0.5614252886641604, 0.09840511963354803, 0.4058083404911182, -0.7660576604520315, -0.2488148796976498, -0.6730910494012277, 0.5395357302526103, 0.3018790484499952, -0.08976395155464453, 0.6317550531552856, -0.20852475090074624, -0.11968742045894776, -0.08022828349215998], [-0.8933153815633766, -0.3376628806583474, -0.5254045668002987, -0.17268828849356926, 0.0830329589716606, 0.5429717683677018, 0.32056042408271, -0.12142471429243382, 0.5272950017690262, 0.6950975213721388, 0.41625712655616387, -0.0306536953896807, -0.16145794419883555, -0.03772367010242936]], "inverted": true, "swapped": false, "error_lsq": 0.037606362171640415, "error_max": 0.2001472021026297, "target": "594.xyz", "model": "0.xyz", "model_rescale": 3.8414455957264533, "target_rescale": 4.033316516637614},
{"mapping": [11, 12, 1, 0, 10, 5, 8, 4, 2, 9, 7, 3, 13, 14], "R": [[0.10472826899175638, 0.7268200046474638, 0.6787964868193199], [0.775863745559126, 0.3672821890460273, -0.5129709952195373], [-0.6221474407252308, 0.580376149108334, -0.5254484632627892]], "T": [-0.05470287368991085, -0.052445782215335905, 0.1208266111365938], "aligned_model": [[-0.30119134827577065, -0.27430106235885837, 0.3614084788714473, -0.21258574111341683, 0.21787228309006318, 0.5193990822309302, -0.5636184977531871, 0.2815403984781285, 0.30841061784983104, -0.5604106491024943, -0.2752363746211433, 0.6712591948512083, -0.775583653981482, -0.0042290535073205154], [-0.20494493229403093, -0.6438075560198457, 0.03244499140815999, 0.5393159276607888, -0.6792510824549438, -0.27618836796409424, -0.6448877484024017, 0.374992099198611, 0.20664679268336889, 0.06190031500163982, 0.505171532679632, 0.016865951444244527, -0.029351118851134526, -0.08014770753421584], [-0.6805801789841198, -0.30854203220287274, -0.6329258614907957, -0.2669986696352811, 0.08619714523979187, 0.35464060668180825, 0.2404919853484388, 0.11344052270784548, 0.7087248655247212, 0.5643289177055039, 0.35187402452064803, -0.16474621785219262, -0.11293510037673275, 0.05191365243366769]], "inverted": true, "swapped": false, "error_lsq": 0.049410195538541625, "error_max": 0.3213257417916079, "target": "594.xyz", "model": "1.xyz", "model_rescale": 4.316132596720782, "target_rescale": 4.033316516637614},
{"mapping": [5, 9, 8, 2, 11, 4, 7, 1, 10, 6, 3, 13], "R": [[-0.8038817928213418, 0.43342612439342193, 0.4073277032852586], [-0.34484401034831175, 0.2183526180080697, -0.9129100408780241], [-0.48462013133715276, -0.8743362790724859, -0.026065291106006805]], "T": [-0.01799021983120207, 0.1156103891831929, -0.07299448687988558], "aligned_model": [[-0.18080202147553853, 0.5038101217820332, 0.05984784551559931, -0.5429979714786171, -0.6064064810943456, -0.44290239888310595, -0.08217184813585839, -0.32742575216140984, 0.5987315649600462, 0.2597689088374397, 0.33685688064243025, 0.02149970612310732], [-0.5400901350614836, -0.43568464829709264, -0.5618312912142406, 0.4994407443532788, -0.1367195749473425, -0.12154070216866276, 0.18580767213093613, 0.5086728380268151, 0.10060515090393736, -0.10488334664513498, 0.6063037066876564, 0.012696013972313125], [0.11198233889621773, 0.07496327282079862, -0.524278585273907, -0.24524987772094017, -0.394550340869039, 0.41997210647443955, -0.5449029188734102, 0.594336408435145, -0.533849523174541, 0.7288493154478837, -0.2564714039561273, 0.01845766900290119]], "inverted": false, "swapped": true, "error_lsq": 0.04762459634811106, "error_max": 0.27450628194922905, "target": "594.xyz", "model": "2.xyz", "model_rescale": 3.795458400668931, "target_rescale": 4.033316516637614},
{"mapping": [12, 6, 1, 11, 3, 7, 4, 9, 5, 8, 0, 13], "R": [[-0.1287710032739453, -0.5685289016486209, -0.8125225638134825], [-0.1653190391178201, -0.7955715354172874, 0.5828683790865146], [-0.9777973430220512, 0.20938199546282132, 0.008457893060617672]], "T": [0.08813266707487857, 0.14463989699682062, 0.08983631665139774], "aligned_model": [[-0.2155173974422465, -0.09988126144237144, -0.7062129863702414, 0.16307139934856724, 0.037968641601620445, 0.2852696694155248, -0.24246712937122764, 0.614451019978063, 0.3376629733015061, 0.8355479687343313, -0.5384630626716203, 0.12187399066165926], [-0.005415995365175452, -0.6153196425495189, -0.09996704808533591, 0.24047625627961683, 0.5934994004356273, 0.5507174354987334, -0.37330558118049634, -0.33887484320079947, -0.41731474680691555, 0.046334238431490316, 0.49762985196263426, 0.007309719869849102], [-0.5769231312495553, -0.3049210333318254, 0.020833516187903148, 0.7958829533520753, -0.35329898139973775, 0.25711615155100986, 0.4095914079710603, -0.205622311455197, 0.4254087989938608, 0.40661651893569806, -0.2530273049853648, 0.06711484606917292]], "inverted": true, "swapped": true, "error_lsq": 0.051092618462284245, "error_max": 0.24264560678045669, "target": "594.xyz", "model": "3.xyz", "model_rescale": 3.7530521520055578, "target_rescale": 4.033316516637614},
{"mapping": [6, 9, 5, 8, 4, 10, 1, 12, 0, 7, 13], "R": [[-0.9872224441737735, -0.06127270457829404, -0.14709691156928503], [0.06016880063038194, -0.998116722691493, 0.011946686331160746], [-0.14755189307583386, 0.002943392134068687, 0.9890499356920676]], "T": [0.05049679809546779, 0.05629395740702205, 0.1306426822362247], "aligned_model": [[-0.47384902627227754, -0.14343093255732525, 0.36901400616908475, 0.5498027554797376, 0.19622735792998014, -0.1317447464924952, -0.2696066849103053, -0.688155684187855, -0.40746707011674554, 0.31636182442906824, 0.021047802974338763], [-0.5426261176514597, 0.0423673482729363, -0.3408593129120336, 0.30479798297010263, -0.6208829423100831, 0.7347793395134373, -0.5556313393011583, -0.05091769517080637, 0.08270221587919069, 0.4411795707620575, -0.02770569173783767], [-0.23688596234784406, -0.6178834685131049, -0.3504844884364453, -0.46733945998832194, 0.12958787456107, -0.18464113781195593, 0.5982537948261234, 0.17740234270557492, 0.7820651865924719, 0.24432364166489012, 0.01843245399285863]], "inverted": true, "swapped": true, "error_lsq": 0.04782149986490913, "error_max": 0.22389474441073884, "target": "594.xyz", "model": "4.xyz", "model_rescale": 3.7855080009869324, "target_rescale": 4.033316516637614},
{"mapping": [4, 0, 7, 6, 3, 9, 2, 8, 15, 14, 13, 10, 1, 16], "R": [[0.36492429844704266, 0.8351337997537356, -0.4115601935462433], [-0.02665079826690836, 0.45123360871347407, 0.8920078280593462], [0.9306556781939658, -0.31454692317093647, 0.1869230905186053]], "T": [-0.10151676497313492, -0.01098237512694946, 0.01428453009643244], "aligned_model": [[-0.30244930571242223, -0.35297575126200775, 0.3052973057628451, -0.20807831940046795, 0.11998705561311254, 0.2419806229083398, -0.3514131004899101, 0.3416058711012854, 0.3699203616394756, -0.2458890581060378, -0.2744434281398195, 0.6227863463201938, -0.768398525496876, -0.10519640007977449], [-0.07214541079130588, -0.6157346174707164, 0.12256822484237684, 0.4724153577085391, -0.6644505048730788, -0.4103582901802509, -0.6199969796716612, 0.5314236687220977, 0.2811536219446271, -0.10088310393897879, 0.643357456591574, -0.0904181974168208, -0.2667254989995774, -0.03144662991104577], [-0.6948600115914544, -0.40940991984983677, -0.6005618092233708, -0.41121321969139274, 0.09385881156369846, 0.49326515835083723, 0.34960336423079347, 0.0831894425345357, 0.6239743705498363, 0.6690912943158336, 0.2727480529928152, 0.008021369375161158, -0.23664994553813457, 0.06382670160110848]], "inverted": false, "swapped": false, "error_lsq": 0.03596559519642278, "error_max": 0.22475304761396936, "target": "594.xyz", "model": "5.xyz", "model_rescale": 4.2253639853439635, "target_rescale": 4.033316516637614},
{"mapping": [8, 1, 10, 8, 4, 3, 0, 5, 6, 7, 11, 2, 9, 13], "R": [[0.6998228409093288, 0.679960208661322, -0.21886549746099312], [0.17835216865466202, -0.4630234788316499, -0.8682164257757486], [-0.6916924860642738, 0.5685625494946781, -0.4453067841773089]], "T": [-0.08142933313242459, -0.05970776092002525, 0.052575436352871], "aligned_model": [[-0.34759872480601395, -0.20071153233082606, 0.355142279716248, -0.34759872480601395, 0.2909394577615867, 0.2543172860001518, -0.5352840454288618, 0.2899747336066817, 0.20847265445198318, -0.2419034311242144, -0.2113125312457008, 0.5894950621928534, -0.6634878321381641, -0.04771097719177357], [0.27122947064621783, -0.5773607631886891, -0.03460321327576624, 0.27122947064621783, -0.6585924303934088, -0.3544679303710586, -0.6448138259531434, 0.41487548618665604, 0.2308233254425597, -0.15443470168908452, 0.6842196846403404, -0.05536514631381792, -0.13029779171416073, -0.08368253810708429], [-0.5519899276054634, -0.45389559752260966, -0.5934024757551399, -0.5519899276054634, -0.007340742133529546, 0.6033931221115845, 0.3603569207121131, -0.14125703571003467, 0.5478193091818998, 0.8237213930907432, 0.24034151263686077, 0.04894094972824241, -0.11719316726114164, 0.09737932575236856]], "inverted": true, "swapped": false, "error_lsq": 0.041419484638649154, "error_max": 0.31817490288141254, "target": "594.xyz", "model": "6.xyz", "model_rescale": 3.89814844738969, "target_rescale": 4.033316516637614},
{"mapping": [12, 0, 3, 6, 10, 2, 4, 9, 5, 11, 7, 8, 13], "R": [[0.5541168145572631, -0.8173161098999967, -0.15795231028018628], [-0.6202366392507165, -0.5319183165336907, 0.576514887810316], [-0.5552126323814043, -0.22148878308822112, -0.8016742803721537]], "T": [-0.08030910769188337, 0.13662913489084738, -0.060182435817764196], "aligned_model": [[0.16753412992768085, 0.0024177731735068875, 0.41946662634967, -0.2509877003673766, 0.6566472563980723, -0.36988688034729117, -0.7228163397023812, 0.17969763347927564, -0.4520205270370117, -0.5008192761639227, 0.09250359171743916, 0.03744686152853326, -0.1105513480519725], [-0.29987943858919863, 0.3233793111915332, 0.30620142918436466, -0.6994328735038295, 0.16599176746103841, 0.6944418166056019, -0.12136046518162341, -0.47310198383576285, -0.20135642830072736, 0.5657603657553139, 0.5532165471057736, 0.14590301051339472, 0.004018207064606982], [-0.6145490011187931, -0.8302864643224445, -0.4092234482061964, -0.26165263349256407, 0.16115765256644324, -0.300225194958296, -0.08098833084866498, 0.3382115537399023, 0.427940157519325, 0.3300993334977802, 0.10814821213026704, 0.7489472566072721, -0.01530406227773519]], "inverted": true, "swapped": true, "error_lsq": 0.04241077637382007, "error_max": 0.24624327207961963, "target": "594.xyz", "model": "7.xyz", "model_rescale": 3.7474275329858107, "target_rescale": 4.033316516637614},
{"mapping": [12, 13, 11, 10, 4, 8, 2, 7, 5, 3, 6, 9, 1, 14], "R": [[0.0938458073357423, -0.3543526132472714, 0.9303908801844161], [-0.9869498353367894, 0.08971574147008507, 0.13372026122154165], [-0.130854831680711, -0.930798211868342, -0.3413088071065706]], "T": [-0.11800843818162457, -0.042498327564476024, -0.029302287733004844], "aligned_model": [[-0.27586798956335534, -0.03148511355419159, 0.2924397557743129, -0.20182222566850044, 0.06801508373884868, 0.22100093536642093, -0.4779372250239444, 0.3014841900120242, 0.28470270403202647, -0.2698826691316212, -0.18702771044612015, 0.6414809775497806, -0.8356557046916995, -0.1367113337360452], [-0.09016565664862775, -0.7211348153811474, 0.11330629663307917, 0.6260585376582364, -0.796027318534153, -0.4078511059253007, -0.6619026122920548, 0.4939615462882122, 0.2347474167008255, 0.08221927203398277, 0.6608659767511129, 0.008666493308950057, -0.26497600590886444, -0.09900892812847253], [-0.6238195764428434, -0.6124644096097924, -0.4694581178055311, -0.37754118084942134, 0.06976917589830266, 0.4363159119189335, 0.4127147892144572, -0.018607870443587426, 0.49412869840140744, 0.6602731434624213, 0.37990804188792693, 0.0006715105808148165, -0.012334566643802513, -0.03467188994885532]], "inverted": false, "swapped": false, "error_lsq": 0.04562720979359168, "error_max": 0.2737380808022151, "target": "594.xyz", "model": "8.xyz", "model_rescale": 4.019505241142653, "target_rescale": 4.033316516637614},
{"mapping": [12, 9, 3, 0, 1, 2, 7, 6, 4, 5, 8, 11, 13], "R": [[0.5379240490535601, -0.06622917122841793, -0.8403876571727004], [0.6080808576670065, 0.7209300308648746, 0.33241173435384197], [0.5838453459511185, -0.6898359134428769, 0.42807829253029267]], "T": [0.032887565043285695, 0.02567158684403288, -0.051028908966752023], "aligned_model": [[-0.21299853642222485, -0.7258280364838202, 0.059313370412116935, 0.4391057942710403, 0.38375689887853687, 0.7035828513787266, 0.2096300678913625, -0.46038447119479486, 0.15059417086960622, -0.24169774248870643, -0.33229413818299103, 0.42067947452940063, -0.07375893171707659], [-0.5705713276830632, 0.06227167651996805, 0.007890801411315942, -0.4310441191754905, -0.7245616473046197, 0.07146282681884004, 0.44394347913456944, -0.655937805009763, -0.3328395306973679, 0.09288652407717717, 0.6848340706606532, 0.43976620030473174, -0.024722920942892454], [-0.4296087629755453, 0.09424456744514939, -0.6829669566722901, -0.5620837925197294, 0.047051497609917614, -0.0775203366871125, -0.21088891002505672, 0.19557287454664196, 0.5298514537099744, 0.5898707301530769, 0.2664462487659369, 0.38651578656920604, 0.030219094123709697]], "inverted": false, "swapped": true, "error_lsq": 0.046092131922684035, "error_max": 0.2694942573501928, "target": "594.xyz", "model": "9.xyz", "model_rescale": 3.877068213659057, "target_rescale": 4.033316516637614},
{"mapping": [8, 0, 7, 9, 5, 3, 12, 2, 13, 6, 14, 4, 11, 15], "R": [[0.36832474139437166, 0.9202806139913433, -0.13198665231183537], [0.6158007757999843, -0.3478541466448798, -0.7069560786824737], [-0.6965100784632673, 0.17911193196903022, -0.6948328046554902]], "T": [-0.047492656326584046, -0.0466431045439506, 0.06320854611431638], "aligned_model": [[-0.2319252913436739, -0.3857320487384497, 0.46482955036318896, -0.3082173738166696, 0.18045254550080847, 0.3018608045356078, -0.44555574761731737, 0.27364817236986816, 0.2442284840332007, -0.23693564070297413, -0.27416293697921584, 0.62563238390583, -0.7273397071491208, -0.0880495197031469], [0.06010966356689129, -0.6463026749593477, 0.024496124213931686, 0.48764058573465585, -0.7938011125896026, -0.3822152123980871, -0.6330714948037122, 0.5061260126148074, 0.42641214334077593, -0.11589197792775849, 0.6565100859200271, -0.09922786342922017, -0.19628484564612853, -0.11574033708145395], [-0.6783515562707995, -0.3365020350114071, -0.5682593755420916, -0.2235123353917962, 0.03507781168287684, 0.4732144760009043, 0.2995192190915226, -0.11475276768502625, 0.6005687648499219, 0.645978247051563, 0.3156322400255089, 0.016004699978011253, -0.1818845241090416, 0.0221507949502837]], "inverted": true, "swapped": false, "error_lsq": 0.03459780581263212, "error_max": 0.2418710322707275, "target": "594.xyz", "model": "10.xyz", "model_rescale": 4.260839863003843, "target_rescale": 4.033316516637614},
{"mapping": [8, 9, 12, 10, 0, 7, 11, 5, 6, 1, 4, 13], "R": [[-0.4140381155312499, 0.5160026681117306, -0.7498757799721945], [-0.8440061115842309, 0.09091516638390398, 0.528571770084115], [0.34091952495537536, 0.8517486008341679, 0.39786706131726834]], "T": [-0.10863075693620519, 0.09944339747176484, -0.10790414460619105], "aligned_model": [[0.4044062892687028, 0.312775810450733, -0.4415796884629124, -0.3557887816330022, -0.7887048787917458, -0.26749857400065813, 0.20201346681574187, 0.5913350028847659, 0.21410447171333322, -0.24630675450195263, 0.3348232097899442, -0.0006809244388193136], [0.053027157506049194, -0.5288351249186451, -0.40969479027115413, -0.3331323930628262, 0.17429783706556373, 0.3203925743402688, 0.7067701397268711, 0.08042803969808404, -0.450788701305969, 0.2449560298862964, 0.2996061606155266, 0.01605157625286857], [-0.7429489100430259, -0.26845294335537284, 0.3270804627721309, -0.6950577682528646, 0.3003550641579288, -0.5050023516960442, -0.3268942561250838, -0.08909889080277647, 0.493600397432297, 0.7016947404618743, 0.3851379528306097, -0.06423541998416782]], "inverted": true, "swapped": true, "error_lsq": 0.05076518314642522, "error_max": 0.2901375300090582, "target": "594.xyz", "model": "11.xyz", "model_rescale": 3.890672605050136, "target_rescale": 4.033316516637614},
{"mapping": [10, 9, 12, 2, 5, 8, 6, 4, 3, 0, 4, 7, 11, 13], "R": [[-0.20865362767480694, 0.6385376764689404, -0.7407653470484358], [-0.9326756243816551, -0.35780712294148126, -0.045719169465654796], [-0.29424452984283767, 0.6813543120154052, 0.6702062803015062]], "T": [-0.18697085881810535, -0.17496617911634663, 0.0951951423615059], "aligned_model": [[-0.22730837859459116, -0.2371460999941095, 0.27909637516308206, -0.5354684286757075, 0.37174014580700687, 0.1880055785422198, -0.5087076506426189, -0.04311522880991578, 0.38572647931054604, -0.21835222240705027, -0.04311522880991578, 0.6581582488473454, -0.6282013413155856, -0.04857857376276939], [0.26123328278121893, -0.7718724149452907, -0.08444878886454599, 0.3827797099433192, -0.659884340015814, -0.45988285342607693, -0.5876959105057387, 0.5097985317397846, 0.2852595149168612, 0.11661239417292621, 0.5097985317397846, -0.0918062331017964, -0.140291460688853, -0.09084086719000099], [-0.6843197185495081, -0.4018016451762527, -0.47901743344661846, -0.17505122802499268, -0.14494767426171823, 0.6405447604625676, 0.33643765427693734, 0.05698660527609739, 0.6549033033293841, 0.6077297122834832, 0.05698660527609739, 0.019002065039107965, -0.23172302647018628, 0.049153679606031675]], "inverted": true, "swapped": false, "error_lsq": 0.054852344803128165, "error_max": 0.3511586256993357, "target": "594.xyz", "model": "12.xyz", "model_rescale": 4.124412569039231, "target_rescale": 4.033316516637614},
{"mapping": [4, 11, 8, 1, 5, 6, 2, 12, 7, 0, 9, 10, 13], "R": [[0.21481861270385916, -0.31571064141972716, -0.9242184560645463], [-0.6092726310774177, -0.7829141330898894, 0.12582655215854718], [-0.7633084728050581, 0.536071125040746, -0.36053838109355096]], "T": [0.08845322163854122, 0.19565755937711046, -0.0575012452353176], "aligned_model": [[-0.1334878392018015, -0.07534907054187204, 0.7050028745974204, -0.530050631971344, 0.39996511707958915, 0.2763159795074944, -0.5068837914652329, 0.05213902244347318, 0.08774174868710935, -0.4938898905745974, 0.8036975693405473, 0.6123676359083645, 0.1697295837006068], [-0.217983461439156, 0.6092405473200394, 0.5693509320597421, -0.3638276971769745, -0.0017829209241581878, -0.6600749378927097, 0.49882398606007505, -0.3404905803185847, 0.6747443304650865, 0.06454323024675088, -0.09581459674915485, 0.5201608693737119, 0.09059567548380956], [0.4518614287117652, 0.5041215781188872, 0.32832659314509455, -0.06036340695605071, 0.538019436236578, -0.02358101893921901, 0.02183827250100185, -0.5776115653758225, -0.10461671728438332, -0.5851991817859572, -0.017968742188311897, -0.5192041473397182, -0.00392444787602509]], "inverted": true, "swapped": true, "error_lsq": 0.04658805931001189, "error_max": 0.29610251460246595, "target": "594.xyz", "model": "13.xyz", "model_rescale": 3.9028299243045295, "target_rescale": 4.033316516637614},
{"mapping": [0, 2, 8, 4, 1, 11, 6, 5, 14, 9, 10, 12, 3, 15], "R": [[-0.8228918444266102, -0.5611383534791481, 0.08929031655718614], [-0.4042852566113061, 0.46780952872250336, -0.7859438123194049], [0.39925235586393504, -0.6828455118774233, -0.6118166091615671]], "T": [-0.0504688480307461, -0.04015008570628268, -0.00489843950459002], "aligned_model": [[-0.3867142508371318, -0.03312759126655991, 0.33562505237944645, -0.42887136170442286, 0.08605521346275459, 0.33287697114952475, -0.4492364141767899, 0.18774444690204334, 0.3084387452381106, -0.29126900295698793, -0.16701524161683812, 0.6417351597475228, -0.6351455453983523, -0.10836250626438376], [0.025682703467274713, -0.5938072262248345, -0.02311040737461765, 0.46647442244583265, -0.6447690061894281, -0.3397684893218822, -0.5000326860065973, 0.3458390650704318, 0.2592577379396634, -0.12833473403812665, 0.607275425813049, -0.11146010801523332, -0.1484752509662394, -0.036012350043513906], [-0.7597636474761392, -0.4899889682952926, -0.6735899296448651, -0.24883781571880179, 0.19002692408342742, 0.5510974988526726, 0.2669483636405246, -0.24231923736165933, 0.7464942324163623, 0.7265960646782844, 0.34525830714608036, -0.007861764475848194, -0.1922704314480575, 0.09309406322374214]], "inverted": true, "swapped": false, "error_lsq": 0.03449917892113373, "error_max": 0.1886862103992035, "target": "594.xyz", "model": "14.xyz", "model_rescale": 3.942246331269136, "target_rescale": 4.033316516637614},
{"mapping": [4, 3, 10, 11, 5, 2, 1, 6, 7, 0, 8, 9, 12, 14], "R": [[-0.5199458926550861, -0.7389321549194943, 0.4285271743275314], [0.2506385014024878, -0.6115647672343759, -0.7504457855783313], [0.8166006431088706, -0.28278579508807766, 0.5031854367632105]], "T": [-0.07780764520145905, -0.03194554745439492, -0.0863909811381853], "aligned_model": [[-0.1867531268904816, -0.3348121884875886, 0.37399777234730053, -0.1724416060649363, 0.13346623258843796, 0.21602973348515214, -0.46362361500422794, 0.2148885778433941, 0.368717112227895, -0.2173372870950563, -0.28951037102043775, 0.7224865915599528, -0.8591320184327274, -0.11324213239874074], [-0.07935984746765312, -0.642464403034837, 0.06286880870358608, 0.6039045773243589, -0.6073545815807267, -0.34321711521752696, -0.6832231141987899, 0.43624210065658553, 0.26865263891710134, -0.057494396239726984, 0.572301298488053, -0.02257860780850878, -0.2638240380909418, -0.06569422389519504], [-0.6604526007369914, -0.3652517388859936, -0.6303419151231362, -0.40395996093105346, 0.07806980506489672, 0.5456038959204419, 0.2027889010826698, 0.0025957398375150986, 0.5778649029018906, 0.6351325584826965, 0.348245224598531, 0.0008082228748181042, -0.024416409436306463, -0.0018029660295484362]], "inverted": true, "swapped": false, "error_lsq": 0.03936605250594783, "error_max": 0.28584077172313643, "target": "594.xyz", "model": "15.xyz", "model_rescale": 4.355366556412066, "target_rescale": 4.033316516637614},
{"mapping": [5, 9, 8, 2, 11, 4, 7, 1, 10, 6, 3, 13], "R": [[-0.8038817928213418, 0.43342612439342193, 0.4073277032852586], [-0.34484401034831175, 0.2183526180080697, -0.9129100408780241], [-0.48462013133715276, -0.8743362790724859, -0.026065291106006805]], "T": [-0.01799021983120207, 0.1156103891831929, -0.07299448687988558], "aligned_model": [[-0.18080202147553853, 0.5038101217820332, 0.05984784551559931, -0.5429979714786171, -0.6064064810943456, -0.44290239888310595, -0.08217184813585839, -0.32742575216140984, 0.5987315649600462, 0.2597689088374397, 0.33685688064243025, 0.02149970612310732], [-0.5400901350614836, -0.43568464829709264, -0.5618312912142406, 0.4994407443532788, -0.1367195749473425, -0.12154070216866276, 0.18580767213093613, 0.5086728380268151, 0.10060515090393736, -0.10488334664513498, 0.6063037066876564, 0.012696013972313125], [0.11198233889621773, 0.07496327282079862, -0.524278585273907, -0.24524987772094017, -0.394550340869039, 0.41997210647443955, -0.5449029188734102, 0.594336408435145, -0.533849523174541, 0.7288493154478837, -0.2564714039561273, 0.01845766900290119]], "inverted": false, "swapped": true, "error_lsq": 0.04762459634811106, "error_max": 0.27450628194922905, "target": "594.xyz", "model": "16.xyz", "model_rescale": 3.795458400668931, "target_rescale": 4.033316516637614},
{"mapping": [12, 0, 3, 6, 10, 2, 4, 9, 5, 11, 7, 8, 13], "R": [[0.5541168145572631, -0.8173161098999967, -0.15795231028018628], [-0.6202366392507165, -0.5319183165336907, 0.576514887810316], [-0.5552126323814043, -0.22148878308822112, -0.8016742803721537]], "T": [-0.08030910769188337, 0.13662913489084738, -0.060182435817764196], "aligned_model": [[0.16753412992768085, 0.0024177731735068875, 0.41946662634967, -0.2509877003673766, 0.6566472563980723, -0.36988688034729117, -0.7228163397023812, 0.17969763347927564, -0.4520205270370117, -0.5008192761639227, 0.09250359171743916, 0.03744686152853326, -0.1105513480519725], [-0.29987943858919863, 0.3233793111915332, 0.30620142918436466, -0.6994328735038295, 0.16599176746103841, 0.6944418166056019, -0.12136046518162341, -0.47310198383576285, -0.20135642830072736, 0.5657603657553139, 0.5532165471057736, 0.14590301051339472, 0.004018207064606982], [-0.6145490011187931, -0.8302864643224445, -0.4092234482061964, -0.26165263349256407, 0.16115765256644324, -0.300225194958296, -0.08098833084866498, 0.3382115537399023, 0.427940157519325, 0.3300993334977802, 0.10814821213026704, 0.7489472566072721, -0.01530406227773519]], "inverted": true, "swapped": true, "error_lsq": 0.04241077637382007, "error_max": 0.24624327207961963, "target": "594.xyz", "model": "17.xyz", "model_rescale": 3.7474275329858107, "target_rescale": 4.033316516637614},
{"mapping": [6, 4, 9, 2, 5, 10, 8, 7, 11, 3, 1, 12, 0, 13], "R": [[-0.42620329095142706, 0.5492131182808354, 0.7188293994338397], [0.41064960858311245, 0.8254850380982535, -0.3872226114865476], [-0.8060506521011628, 0.13015146016916757, -0.5773585919193753]], "T": [-0.022332621501387505, -0.0241326172420226, 0.06500276424484841], "aligned_model": [[-0.2327027444346539, -0.31141967310894414, 0.2719059917503801, -0.3352244872621781, 0.3241981969992528, 0.2615876970161461, -0.4124515302545272, 0.42456004157133415, 0.2906505596458441, -0.29668467731418086, -0.372916761476237, 0.7151322901013655, -0.8347499817073107, -0.0991512468683548], [-0.067214786122229, -0.6422359451149838, -0.09577363104531683, 0.44340679513208076, -0.6520130048757076, -0.4334163247522838, -0.5807997861762854, 0.5765819989653583, 0.2943183510326916, -0.04981770687067453, 0.5043221733425715, -0.09946097166096204, -0.028556586527339535, 0.009418521228858619], [-0.6758664209437053, -0.4078637863651797, -0.5316674708674689, -0.3678231846391019, -0.029350546902898372, 0.5428264450759827, 0.2990611998601292, -0.01775096438949897, 0.6327766373051632, 0.6852127342963595, 0.3413082327321091, -0.03352675665512456, -0.13273658973576685, 0.0002841308494311301]], "inverted": false, "swapped": false, "error_lsq": 0.03843742746985781, "error_max": 0.2512876130722117, "target": "594.xyz", "model": "18.xyz", "model_rescale": 3.922800546911778, "target_rescale": 4.033316516637614},
{"mapping": [0, 1, 2, 3, 6, 4, 8, 9, 11, 13, 7, 10, 5, 14], "R": [[0.8619302759279179, -0.40240024158815263, -0.30846433344654306], [0.4926069792335372, 0.8086734865019549, 0.3215362440521789], [0.12006066570377351, -0.42909350705710897, 0.8952453288078066]], "T": [-0.13912461129570003, -0.11089467598738016, 0.05171543138777636], "aligned_model": [[-0.4497585603291367, -0.07576655944119529, 0.316438433160491, -0.36727030706056474, 0.18824235330103362, 0.2890073033605208, -0.4398107725431153, 0.37045020071408136, 0.2847113546135813, -0.24989111602698827, -0.1789481456782861, 0.6659886535181245, -0.8252455207222791, -0.13541364220833071], [0.07497433250308892, -0.6053958935634179, 0.06341005157767714, 0.4055313042963848, -0.7167598753319679, -0.3841377849105618, -0.5802681798216514, 0.48002774946073595, 0.2246515084550756, -0.0005955831685817564, 0.646925139706722, -0.1497047117683859, -0.2638799415303945, -0.016019019348944688], [-0.7015454112607318, -0.49549323723587013, -0.4728883593553558, -0.248955471722291, 0.09077951498096208, 0.5673785056629836, 0.3040386375227884, -0.18042113183029074, 0.5154130105022902, 0.720579123310988, 0.3013836754823976, 0.08149897057988252, -0.24555099180881151, 0.06866682479148838]], "inverted": false, "swapped": false, "error_lsq": 0.03349013287766877, "error_max": 0.18867901693099995, "target": "594.xyz", "model": "19.xyz", "model_rescale": 3.9282355846067225, "target_rescale": 4.033316516637614},
{"mapping": [9, 12, 8, 11, 7, 5, 2, 4, 3, 1, 0, 6, 10, 13], "R": [[0.09825798596192853, -0.7420387547378473, 0.6631167730210197], [0.9931712035553937, 0.031003044486500327, -0.11247120369631886], [0.06289935312096795, 0.6696396775129692, 0.7400178198376649]], "T": [0.05115747213938044, -0.09840569043160688, -0.029188159563296078], "aligned_model": [[-0.12604734453963418, -0.3634037967976631, 0.47590939492713147, -0.3535650286780311, 0.0987662488958286, 0.29870237924006054, -0.3831142528136523, 0.23787569923467852, 0.2935328498142756, -0.26506288924891486, -0.3233904758219252, 0.6721796523763779, -0.8049478502523472, -0.06470091167824882], [-0.07532558517761584, -0.5815165557244126, 0.17925872579268134, 0.4252658631461318, -0.7148519352569501, -0.35403269656763603, -0.5863321928971895, 0.5030301122745992, 0.31713722301003444, 0.02263486594239307, 0.5340077452517087, -0.23619772715598367, -0.19485257102022654, -0.059466175061755173], [-0.6973876708808413, -0.5926925441078266, -0.5958537180535924, -0.3036530437134044, -0.10551120979132526, 0.5716999372992047, 0.47285965435276817, -0.08190555549047102, 0.5495460907856369, 0.6392837269530638, 0.2869827898328156, 0.11977109770559098, -0.033191306918317356, 0.07493541164712848]], "inverted": true, "swapped": false, "error_lsq": 0.043655633002498695, "error_max": 0.2437572340104719, "target": "594.xyz", "model": "20.xyz", "model_rescale": 4.067790424073018, "target_rescale": 4.033316516637614},
{"mapping": [2, 3, 0, 4, 12, 9, 11, 8, 1, 13, 5, 7, 6, 14], "R": [[0.6271506883606389, 0.5657900811753763, -0.5353163533204811], [-0.768799013663897, 0.559968360792778, -0.3088422113320471], [0.12502036105449565, 0.6052412898626551, 0.7861633992798147]], "T": [-0.08279274310309774, -0.054949586199445614, 0.04115737262374847], "aligned_model": [[-0.25813303080437866, -0.32571416202679426, 0.3530244081548222, -0.37151248199887565, 0.17261220848785314, 0.498411400607723, -0.4231430782033319, 0.20034646624811103, 0.37860078148039394, -0.3848235255390767, -0.2388314210459584, 0.6441722724592865, -0.7869916559558422, -0.06528450720599606], [-0.005949255924270945, -0.6940613719108377, -0.1214841168429368, 0.5834191969966215, -0.7754717421864938, -0.35419271058048557, -0.5665174946185779, 0.43359649821332125, 0.2622367379451773, -0.031228425054901247, 0.4635734099048339, 0.11278334994754105, -0.02877785120816398, -0.09916712812504838], [-0.6803526291646453, -0.4650741220935534, -0.5157040072747328, -0.348199409452801, 0.09244090148328958, 0.4615205433617849, 0.2423840568681114, -0.038358715421247636, 0.6410023130265696, 0.6722977833504447, 0.2762147153186142, 0.048332711548113305, -0.18462091269158154, 0.1030004307620638]], "inverted": false, "swapped": false, "error_lsq": 0.037628247005460184, "error_max": 0.24122325453801147, "target": "594.xyz", "model": "21.xyz", "model_rescale": 4.186013935880536, "target_rescale": 4.033316516637614},
{"mapping": [3, 10, 12, 2, 11, 0, 7, 8, 6, 9, 5, 4, 13], "R": [[0.32529463869659503, 0.4962495159592958, 0.8049346656377875], [0.5676817221974074, 0.5782886688421973, -0.5859348750259754], [-0.7562544944119259, 0.6475481707169626, -0.0935975762660453]], "T": [0.03731418919226453, -0.0991509557469738, 0.015763159854672436], "aligned_model": [[0.18750761019879295, -0.42963296726211125, 0.4694669450352719, 0.3630915215439027, -0.18041083682622008, 0.7285193649531896, -0.181820431615209, -0.7614053926937839, 0.2874084037427418, -0.42614105716789785, -0.2878938279157968, 0.28368751362127503, 0.006197189809069997], [-0.31028675155509755, -0.1708783004316545, 0.30535548953618746, -0.6429435961531351, -0.48932489199856083, -0.3112327606087248, -0.5215675174354564, -0.09470863397274115, 0.7406745732219318, 0.5025582129724417, 0.27526472441882927, 0.19974836953196845, 0.036297742020104884], [-0.5614922322143047, -0.5923271480714826, -0.44130010187248436, 0.24112840668660543, 0.5758188598228986, -0.31895506930693496, -0.05696080116585372, 0.19089347564541906, 0.04520919813197783, -0.13000591921889182, 0.5104549127455441, 0.5900161011244344, 0.05039987902841879]], "inverted": true, "swapped": true, "error_lsq": 0.054395940751581606, "error_max": 0.345965828108722, "target": "594.xyz", "model": "22.xyz", "model_rescale": 4.166573947596378, "target_rescale": 4.033316516637614},
{"mapping": [5, 0, 6, 13, 4, 3, 8, 12, 11, 9, 14, 2, 7, 15], "R": [[0.6224749518862571, 0.012773144480080045, -0.7825354822973161], [0.5831375221716014, 0.6593049061027916, 0.47462371519378854], [0.5219919199659773, -0.751767176437546, 0.4029522898822547]], "T": [-0.037368191196757224, -0.042765757721371214, 0.07416897098794702], "aligned_model": [[-0.295550758919733, -0.2615544267482336, 0.45636451061701383, -0.5532461293601902, 0.11106026802715374, 0.28165000016309044, -0.454514509641156, 0.2732030038766309, 0.47305138135828667, -0.20835497033348482, -0.35463061050233274, 0.5791551033637123, -0.6285792345940205, -0.025319952648801103], [0.04421470652043498, -0.6708453435702721, 0.20387099258397762, 0.45571501703635614, -0.762337744881137, -0.35412974228338084, -0.6447604677679629, 0.5315720296340369, 0.21545083822383443, 0.040889358255447275, 0.6674625729574776, -0.2740739032470447, -0.2141528478669073, -0.06011636903908141], [-0.7112214680712489, -0.39701287126315854, -0.4497641970071274, -0.37549758214773526, 0.08038678024488514, 0.47753792705078607, 0.4172002498903096, 0.1295132935115673, 0.617206149234152, 0.6435673457779065, 0.21873051088620266, -0.06441244287000868, -0.28981676382425825, 0.008466728208157734]], "inverted": false, "swapped": false, "error_lsq": 0.04457800901704257, "error_max": 0.28772710949618224, "target": "594.xyz", "model": "23.xyz", "model_rescale": 4.274766983524099, "target_rescale": 4.033316516637614},
{"mapping": [11, 3, 0, 4, 12, 6, 5, 9, 8, 10, 13], "R": [[0.6062033834084509, 0.719744260309441, 0.3383572929548919], [-0.5580466508000845, 0.6880679914103384, -0.4638387378468419], [-0.5666580922169517, 0.09236145813140056, 0.8187600183062718]], "T": [-0.005229324299689871, 0.12940314799343788, -0.1208989966893525], "aligned_model": [[0.40755003902234405, -0.024599004977058365, -0.4655024453958059, -0.3631141296355685, -0.6008608618348039, -0.6833418360289959, 0.06506491303025741, 0.03619701371049432, 0.6568043888724411, 0.40650305703266293, -0.05480642983789194], [-0.2895882532612981, 0.761844919870093, 0.6566996301085501, -0.4466324849988723, 0.495277617813729, -0.14040760131000002, -0.5227974171677845, -0.04905591541862908, -0.20218318138999947, 0.6090197583608125, 0.04340945863688238], [-0.5299976124799173, -0.11935099350581313, -0.5015387920742527, -0.2619964021659622, 0.14489648428477825, 0.36498852674198623, 0.12478459927343138, 0.6304528082055834, 0.22609552921772225, 0.3188766673851486, -0.01764438086112753]], "inverted": false, "swapped": true, "error_lsq": 0.051696677623487286, "error_max": 0.3044005665290058, "target": "594.xyz", "model": "24.xyz", "model_rescale": 3.7841303162186577, "target_rescale": 4.033316516637614},
{"mapping": [5, 3, 12, 2, 13, 11, 6, 9, 10, 7, 8, 14, 4, 15], "R": [[0.26945020243140094, -0.8873030869138478, -0.3742857469405352], [0.7722200541069766, -0.033140659440909714, 0.6344902558170932], [-0.5753892390762063, -0.45999448762455714, 0.6762634803908354]], "T": [-0.1035474398561374, 0.045347268122214186, 0.1679352014079697], "aligned_model": [[-0.271860264659988, -0.2781414740214442, 0.27313855959987604, -0.27247738554968026, 0.3827054529319825, 0.12920564159412978, -0.5616385084949693, 0.2730589462310259, 0.45241776140269924, -0.15347386422872047, -0.3741474717971433, 0.6670682029293511, -0.7325833353299867, -0.14053858594919644], [-0.10750965358321901, -0.6192311018710357, -0.0187196275228974, 0.4649752842713494, -0.5068866207897534, -0.620788381137926, -0.5024547414368012, 0.42410645533664265, 0.20890320918678532, -0.12209622728530015, 0.5707514549107104, 0.10233104129040388, -0.08132359028181269, -0.013298404531367353], [-0.6792036891743072, -0.2526054042464072, -0.4871792902073193, -0.4355281607259214, -0.09776360074098733, 0.47045275300268774, 0.27789875627714716, -0.07049679431650482, 0.6869797605827122, 0.794254279909768, 0.1543761875238855, -0.01151769770593844, -0.21281757756410152, 0.168034137005717]], "inverted": true, "swapped": false, "error_lsq": 0.04761058520392647, "error_max": 0.287251937782041, "target": "594.xyz", "model": "25.xyz", "model_rescale": 4.19342608120988, "target_rescale": 4.033316516637614},
{"mapping": [5, 9, 8, 2, 11, 4, 7, 1, 10, 6, 3, 13], "R": [[-0.8038817928213418, 0.43342612439342193, 0.4073277032852586], [-0.34484401034831175, 0.2183526180080697, -0.9129100408780241], [-0.48462013133715276, -0.8743362790724859, -0.026065291106006805]], "T": [-0.01799021983120207, 0.1156103891831929, -0.07299448687988558], "aligned_model": [[-0.18080202147553853, 0.5038101217820332, 0.05984784551559931, -0.5429979714786171, -0.6064064810943456, -0.44290239888310595, -0.08217184813585839, -0.32742575216140984, 0.5987315649600462, 0.2597689088374397, 0.33685688064243025, 0.02149970612310732], [-0.5400901350614836, -0.43568464829709264, -0.5618312912142406, 0.4994407443532788, -0.1367195749473425, -0.12154070216866276, 0.18580767213093613, 0.5086728380268151, 0.10060515090393736, -0.10488334664513498, 0.6063037066876564, 0.012696013972313125], [0.11198233889621773, 0.07496327282079862, -0.524278585273907, -0.24524987772094017, -0.394550340869039, 0.41997210647443955, -0.5449029188734102, 0.594336408435145, -0.533849523174541, 0.7288493154478837, -0.2564714039561273, 0.01845766900290119]], "inverted": false, "swapped": true, "error_lsq": 0.04762459634811106, "error_max": 0.27450628194922905, "target": "594.xyz", "model": "26.xyz", "model_rescale": 3.795458400668931, "target_rescale": 4.033316516637614},
{"mapping": [9, 5, 6, 12, 0, 7, 8, 10, 11, 4, 3, 2, 13], "R": [[0.08500175226022197, -0.9831465643958242, 0.16185652606360834], [0.08660200506435001, -0.15453975841381215, -0.9841837002248285], [0.9926100920459786, 0.0976744387549181, 0.07200631348976005]], "T": [-0.12180763911440191, -0.006048416887783785, -0.02718012954928979], "aligned_model": [[-0.008978886813512416, 0.3554347908599392, 0.49839513709172695, -0.05768375126329486, -0.26388121352412036, -0.5060260566477622, -0.2572086903301654, -0.7554323489631397, -0.03261498920404822, 0.5545479698607734, -0.6154798008507015, -0.1874412639474316, -0.023954513447006914], [-0.7291858942918326, -0.44398364973086973, -0.24415971347249724, 0.106699812157769, 0.6642528007277804, 0.03098886784792628, -0.6670702750275499, -0.40480548577952236, 0.06135335164111474, 0.08291295902214907, 0.1910906041288525, 0.576116306179936, -0.10232818014634176], [-0.2770504457968529, 0.23950260553207875, -0.5993449932509222, -0.7637018588505661, -0.43374003534759853, 0.2604810518764216, 0.434728942250619, -0.20737671266906044, 0.6804948999330658, 0.09296988503004108, -0.3703771265890273, 0.3035875578393585, -0.06803710785813127]], "inverted": false, "swapped": true, "error_lsq": 0.05558153138810123, "error_max": 0.3618160583038532, "target": "594.xyz", "model": "27.xyz", "model_rescale": 3.6321398670334006, "target_rescale": 4.033316516637614},
