[{"mapping": [6, 2, 4, 1, 7, 3, 0, 9, 8, 13, 14, 10, 12, 15], "R": [[0.30034694712748944, 0.005701499012290057, 0.9538129818052437], [0.7520054665402601, 0.6137286116944956, -0.24046822967101697], [-0.5867533465134758, 0.7894964750374507, 0.18004395646251808]], "T": [0.007748216543101177, 0.17381401114448675, 0.1918645725815577], "aligned_model": [[0.03485538983907602, 0.26070661534674344, -0.42859106343423903, -0.5379435168710363, -0.6836210139408138, -0.06747358007000936, -0.5547493665687484, -0.07060938550204056, -0.44520849127015805, 0.33968335496477475, 0.6735711842793275, 0.23660063837520967, 0.5847695769906746, 0.02950175898954319], [-0.6546370587266246, -0.2578008655241851, -0.4046877815659958, -0.3789234728837478, 0.15435644123882433, 0.29959931885251145, 0.19246546508296758, 0.506873667914811, 0.7453196914356635, -0.09012704327187165, 0.4084194644920152, 0.7707400378022475, -0.17824850615612226, 0.1219239731195416], [0.14461585082673284, -0.27456125276027576, 0.490026877146241, -0.06870275017273603, 0.44346169731889146, -0.5791760827737196, -0.27192449167631444, 0.7336430738303645, 0.11542710866899587, 0.6529101085801199, 0.4245740350330045, -0.18889277819086264, 0.13340486284817898, 0.14278182850121307]], "inverted": false, "swapped": true, "error_lsq": 0.04107852019874099, "error_max": 0.23146918411341155, "target": "595.xyz", "model": "0.xyz", "model_rescale": 3.8414455957264533, "target_rescale": 4.175362745943164},
{"mapping": [0, 1, 11, 6, 2, 12, 14, 3, 9, 10, 13, 7, 5, 8, 15], "R": [[-0.09614049291900939, -0.7568017833957033, -0.6465354331128135], [0.2488585350072872, -0.6471914324842816, 0.7205641395968652], [-0.963756419006025, -0.09162046915415217, 0.25055788643875565]], "T": [0.04988360541907048, 0.07668949745989093, -0.04973899941608987], "aligned_model": [[-0.6134867256466748, -0.6868190517441206, 0.17633383103879682, -0.2794524158664787, -0.2569702165173982, 0.2521920414294781, 0.7250360387169966, -0.45798741745447186, 0.4821687159564817, 0.17587046328933906, 0.46808740483560896, -0.2414100202768176, 0.19333733560199734, -0.07681948995266188, 0.01196366009447012], [0.26587361435979984, 0.14124553437499168, -0.6523286654451991, -0.2863482379693095, -0.5265077976090027, -0.5266657232916006, -0.21560379901457902, -0.22457378422193067, 0.5494303388554631, -0.06878914703080466, -0.03312379105352564, 0.7261742050074568, 0.584880565534333, 0.598957656210898, 0.014423559336024322], [0.1869060462544451, -0.40229429561831587, 0.3274040819447898, -0.7198433222348537, -0.14886598372095983, -0.2850111364698911, 0.056315032416243825, 0.46726333497639955, -0.06517510209452286, 0.6690332510834697, -0.5030109116377464, -0.23679182979682636, -0.5639588439229559, 0.44907309308523063, -0.06586162692497148]], "inverted": true, "swapped": true, "error_lsq": 0.042996609398186836, "error_max": 0.25940838352727075, "target": "595.xyz", "model": "1.xyz", "model_rescale": 4.316132596720782, "target_rescale": 4.175362745943164},
{"mapping": [8, 0, 7, 14, 9, 10, 13, 11, 4, 3, 2, 15], "R": [[0.444938870390674, 0.8119786359119415, 0.3777831341365754], [0.0864840682486061, 0.3809106147740235, -0.9205583140093007], [-0.891375289961889, 0.44226439871988144, 0.09925872289275268]], "T": [-0.03555752396906746, 0.03148477691997434, -0.1344896887487894], "aligned_model": [[-0.19957558947545645, 0.43884142296581935, 0.2108822232852144, -0.6458887150696949, -0.48636548730836954, -0.42205363673534263, -0.21174291877590617, -0.1997083317870006, 0.47772194903641624, 0.2540326468251753, 0.3675727628502736, 0.01409222882065217], [-0.6443252073618352, -0.41720988513261603, -0.5671790382153357, 0.4557230890964614, -0.2540013007345199, -0.05244669944582965, 0.4120511125907246, 0.5852571973086005, -0.06355138665006232, -0.03292253434697534, 0.5102812725889395, 0.08109980804342826], [0.09791114382298466, 0.19027244460186196, -0.4845471275835169, -0.12889248665745742, -0.48926070340043337, 0.49578527865725475, -0.5998248082062965, 0.4622386111774115, -0.7188434869642291, 0.5921279450630563, 0.14132236939388923, -0.1090307186951042]], "inverted": true, "swapped": true, "error_lsq": 0.042279171408332004, "error_max": 0.24232622753367708, "target": "595.xyz", "model": "2.xyz", "model_rescale": 3.795458400668931, "target_rescale": 4.175362745943164},
{"mapping": [7, 1, 6, 11, 9, 14, 2, 8, 3, 10, 13, 15], "R": [[0.8421207356346581, 0.3758901425523412, -0.38670307387726177], [-0.031652770219219334, 0.75027586466756, 0.66036673828623], [0.5383593305141016, -0.5438682998937571, 0.6437208273926536]], "T": [0.044845272281840834, 0.05912551260775908, -0.021878494508490033], "aligned_model": [[0.03771218371049208, -0.3524552032429186, -0.7384220542833022, 0.18735196124210746, 0.2278438255610572, 0.13147489627530373, -0.2724489530730459, 0.6636957945743062, 0.379625243090852, 0.6916984577586422, -0.36858974620937285, 0.005817420339443817], [-0.1945185671432891, -0.6254845448624319, -0.1886227723590549, 0.12370648154000305, 0.49812026532357356, 0.7100452251319763, -0.24319922000453612, -0.12079105480478014, -0.5156207268234483, 0.09006080926246862, 0.529598972865867, 0.022474177163361427], [-0.7127366007193998, -0.23319561452528134, 0.09816940490523415, 0.7937287561192404, -0.45128241829974863, 0.32642090703285337, 0.5032467614449562, -0.37157159921077515, 0.3947425394497162, 0.3445832856357355, -0.03349792941593963, 0.030163938222509276]], "inverted": false, "swapped": true, "error_lsq": 0.038143481410571216, "error_max": 0.20838189062297865, "target": "595.xyz", "model": "3.xyz", "model_rescale": 3.7530521520055578, "target_rescale": 4.175362745943164},
{"mapping": [8, 4, 1, 6, 3, 13, 10, 9, 14, 12, 15], "R": [[0.03922595668094808, 0.9721086353914294, -0.23122743202283985], [0.6203769867056552, -0.20509731410615023, -0.757012210015436], [-0.7833222317083026, -0.11375364936500182, -0.6111189643331882]], "T": [-0.11951491136725054, -0.09108569243427386, 0.021832357258305096], "aligned_model": [[-0.5474462365520115, -0.023375120646029576, 0.3295295578844073, 0.4839666244823514, 0.3213588351885872, -0.19616232521044236, -0.2123307832414246, -0.7432675589248706, -0.30769214739337714, 0.27884198514941805, -0.045223228291403045], [-0.6836125993937271, 0.17447694433585584, -0.26770598942491863, 0.32520169757460204, -0.7078224127524936, 0.5304030282807738, -0.5323726270302007, 0.05153849535518909, 0.2978680067570305, 0.36401678948746585, -0.0847879748752312], [-0.03663005033981856, -0.7090511340557926, -0.6402536335156747, -0.36779985461637466, 0.22493359295259346, 0.03873639715295982, 0.613711844764201, -0.012570679001444214, 0.6266612460747076, 0.32926156554730557, 0.025831482282653632]], "inverted": true, "swapped": true, "error_lsq": 0.0463353487592901, "error_max": 0.2247429786175802, "target": "595.xyz", "model": "4.xyz", "model_rescale": 3.7855080009869324, "target_rescale": 4.175362745943164},
{"mapping": [6, 11, 13, 8, 1, 0, 12, 4, 7, 5, 10, 15, 14, 2, 9, 16], "R": [[-0.4328173411616483, -0.9008781807446973, 0.0329795792557509], [0.1841993061384961, -0.052566244039866095, 0.9814822492565203], [-0.8824623305319375, 0.43087735313621, 0.18869271778867314]], "T": [-0.029222395628607994, -0.0784609901851845, 0.007824363197934505], "aligned_model": [[0.0008395964998783728, -0.45362205449343596, 0.0794880379516044, 0.5862497722428797, -0.7672474478893246, -0.5305999674359404, -0.48809223015120706, -0.3175421792561202, 0.3257976737386597, 0.06561359499902035, 0.6101938255686129, 0.5821767959332208, -0.12129701829363472, -0.4447403484722443, 0.19638662683088554, -0.03449100804055516], [-0.37035182388766397, -0.6697134517180464, -0.7944144568892433, -0.39473504600825043, -0.02250798066558908, 0.4953394426004011, -0.5353424735667868, 0.1602488005614371, 0.19164948495806122, 0.6838115758585221, 0.2668206986797951, -0.37287362959371817, -0.3004884332040019, 0.2176293304817022, 0.21259282705179555, -0.08093222216590432], [-0.575247747176675, -0.31270907435123846, -0.013630566786592078, -0.12052907911048166, -0.15121092203976513, -0.1590512705661693, 0.2170205584749574, -0.6300550313869954, -0.5941478566264183, -0.24722448419825144, 0.06159912938709547, 0.47561740825087145, 0.6402193955475635, 0.5421099052545258, 0.6171701301527046, 0.061236786205464334]], "inverted": true, "swapped": false, "error_lsq": 0.03991063260587816, "error_max": 0.3238962803594896, "target": "595.xyz", "model": "5.xyz", "model_rescale": 4.2253639853439635, "target_rescale": 4.175362745943164},
{"mapping": [9, 10, 12, 13, 14, 2, 6, 5, 3, 8, 11, 1, 7, 15], "R": [[-0.4764753507793148, 0.6619045791632392, -0.5786653334894568], [0.4940937953354249, -0.3428155598420831, -0.798967341848961], [-0.7272156224331022, -0.6666031953215453, -0.16369978154029824]], "T": [0.09039046665402609, -0.019353760355145886, -0.0028062946681094436], "aligned_model": [[0.5850013736818654, -0.22189624103163, -0.4151508437234417, 0.13334897153639755, -0.16356562579188935, -0.490760617376956, -0.11630264480809815, 0.722256919163293, -0.372235579947673, 0.45706736978175155, -0.6977158485814416, 0.18234703874616634, 0.7402797994786117, 0.03138808163082751], [-0.23508331607284216, 0.3188591604728293, -0.45778096002247926, -0.6417140719375116, -0.510287161115892, 0.0009898930228551782, -0.29544387115227055, -0.3381823118460037, 0.614523600371232, 0.5152473731600736, -0.03654503745540241, 0.30485438192526726, 0.2221649974189215, -0.016503530133786685], [-0.34836873854848505, -0.5874081291118087, 0.10912573049276186, 0.054035696984260626, -0.49980160264093804, 0.35730751668835053, 0.7524093196542435, 0.20299050755753115, 0.009866001723866272, -0.3454152326781887, -0.26412399613666115, 0.7439376997381901, 0.24414242022373672, 0.04286101498458955]], "inverted": false, "swapped": true, "error_lsq": 0.04202701875344787, "error_max": 0.30131552959610214, "target": "595.xyz", "model": "6.xyz", "model_rescale": 3.89814844738969, "target_rescale": 4.175362745943164},
{"mapping": [0, 3, 2, 7, 6, 10, 8, 4, 9, 14, 12, 13, 15], "R": [[-0.5510628679005428, -0.8063019129115612, 0.21495799788885733], [0.5873011214975306, -0.19175568140306468, 0.7863250926540429], [-0.5927960090190991, 0.5595596338950867, 0.5792114534487596]], "T": [-0.12383121095084743, 0.08005541852080457, -0.0007328973567598158], "aligned_model": [[-0.03407281250795044, -0.035654877957577547, 0.427809330234524, -0.19834958821300658, 0.6861813550002531, -0.5849209100021693, -0.6678496528976416, 0.33498290856066526, -0.5953550275642336, -0.3899078851971733, 0.25068110144306194, 0.014821175922411334, -0.059733315916941046], [-0.27353698492573986, 0.3006890897696102, 0.4212127822362967, -0.6514690616215967, 0.010140983836238807, 0.5072760033253991, -0.23489261758069702, -0.5073961119496585, -0.13954209102698545, 0.6453141159572743, 0.5872103001089052, 0.18819390039582012, 0.11058095694561874], [-0.6322133372753264, -0.7487500575494496, -0.21784293935443375, -0.0321982666578164, 0.1674635073200444, -0.398915184500546, -0.37820193850461453, 0.240819072969492, 0.3734793650671062, 0.4020070254400205, 0.24997342109103513, 0.6005078089678794, -0.023853446177095436]], "inverted": false, "swapped": true, "error_lsq": 0.047870692076385904, "error_max": 0.2417244477055448, "target": "595.xyz", "model": "7.xyz", "model_rescale": 3.7474275329858107, "target_rescale": 4.175362745943164},
{"mapping": [10, 8, 9, 14, 5, 12, 11, 2, 13, 6, 3, 1, 0, 7, 15], "R": [[-0.709304904472448, 0.5915604711888081, -0.3833311380754335], [0.2329524673532643, -0.3165367307578568, -0.9195312099299048], [-0.6652967010630354, -0.7415259314467727, 0.0867155842201302]], "T": [0.03609439805470602, -0.09087765977303063, -0.044626663843189016], "aligned_model": [[-0.4522355561171276, 0.1897689886184446, 0.4962583637874133, -0.17581208749943514, 0.7538783751636771, -0.31594017919729656, -0.7575624836340306, -0.4554597413999294, 0.2411517544323225, 0.04678527922219146, -0.5582486658827662, 0.18107511245290545, -0.01938328727720723, 0.6402055428260867, -0.012327693156501202], [0.05483572957069467, 0.4331856127576539, -0.25934659315929826, -0.7105530572016169, -0.22317392973798333, -0.5964792020375195, -0.3243110209727485, -0.12516013474031978, -0.6672687637597279, -0.2540899796937479, 0.42110907487542804, 0.382732494071158, 0.6239736691705214, 0.3255207289554977, -0.09185666611839871], [-0.5868182687870259, -0.5338842792637241, -0.457494604359858, -0.3962111916906653, 0.058052652563244225, 0.23955275314842744, -0.11750783596798521, 0.42974833942738383, 0.0900343120557545, 0.7693425366847622, -0.01993131154708537, 0.6079586091150665, 0.08864564312166791, 0.013107465490726715, 0.012199835705571427]], "inverted": false, "swapped": true, "error_lsq": 0.03903407063481391, "error_max": 0.2762789061285071, "target": "595.xyz", "model": "8.xyz", "model_rescale": 4.019505241142653, "target_rescale": 4.175362745943164},
{"mapping": [4, 2, 13, 5, 7, 9, 14, 1, 0, 3, 11, 8, 15], "R": [[0.11357191033387953, 0.922682290848224, -0.36845462588789224], [0.7276110915208767, 0.17528201756226863, 0.6632181494916278], [0.6765231117108357, -0.34341462472407014, -0.6514467551893358]], "T": [0.043149604092589694, 0.033777540373224973, -0.011507572668078905], "aligned_model": [[-0.07139122311995093, -0.6330540252924999, 0.018714979490426886, 0.387513943050108, 0.3943181815151856, 0.6367783095826003, 0.14761761123407152, -0.3509042325292049, -0.04368315094919198, -0.2993968441336817, -0.397594573258802, 0.5620618027491507, -0.03128000659703534], [-0.6749751082779343, 0.11445615056280772, 0.10792794327251296, -0.4362745825197355, -0.6075433649392499, 0.04032469851745313, 0.6779707854952268, -0.660895720825107, -0.35785816684042704, 0.16238609304024323, 0.7191669372637263, -0.056224184927035376, 0.03491674829157793], [-0.3253660331485031, 0.05230478739747228, -0.633048777625611, -0.46286484432422076, 0.07251176857443441, -0.252660403711223, -0.36733777858515454, 0.171096254984704, 0.5975353234837445, 0.6828307638221823, 0.14874220107307567, 0.49865027268557394, -0.00569004058259567]], "inverted": false, "swapped": true, "error_lsq": 0.051988507713142895, "error_max": 0.34570603721540477, "target": "595.xyz", "model": "9.xyz", "model_rescale": 3.877068213659057, "target_rescale": 4.175362745943164},
{"mapping": [3, 5, 12, 6, 1, 7, 0, 4, 13, 2, 14, 10, 11, 8, 9, 15], "R": [[-0.3094387125487172, -0.374338681566006, -0.8741385671960804], [0.9357129765003552, 0.04387254491143239, -0.3500234640875378], [0.1693780056118203, -0.9262536106738902, 0.3366976981337168]], "T": [0.011257213564632329, -0.07618426855972071, -0.04764517641910371], "aligned_model": [[0.014173543091080779, -0.5048580924431314, -0.00056751756729434, 0.4781299871737766, -0.8461704319996466, -0.6021489520216963, -0.5092132924770785, -0.2846920768015768, 0.5811319699524404, 0.07480777301756072, 0.6719300517793214, 0.5296973029860987, -0.024192034212419278, -0.4264497951859049, 0.18192838567814953, -0.04439315123738137], [-0.36108968826575427, -0.5706233132840506, -0.8165892823760111, -0.4473537573101063, -0.1507810150208731, 0.45525707686067796, -0.5466551131273897, 0.19048391143521598, 0.21672795145971613, 0.5804614002116153, 0.2933640018472252, -0.21715618689861424, -0.39211765510346747, 0.22770310748789435, 0.35818227268567504, -0.13308106810924258], [-0.6147269514502247, -0.36411075780060886, 0.051631240533193845, -0.20438572320942772, -0.1579165155918106, -0.13476315283753504, 0.32856443588002365, -0.5948131387989347, -0.4801768970580558, -0.11929118137799523, 0.1433182319165437, 0.4155584196165837, 0.6183763865672194, 0.5103763043302041, 0.4190906833083903, -0.005564102996970743]], "inverted": true, "swapped": false, "error_lsq": 0.041610564548069946, "error_max": 0.2805634865936336, "target": "595.xyz", "model": "10.xyz", "model_rescale": 4.260839863003843, "target_rescale": 4.175362745943164},
{"mapping": [11, 3, 1, 2, 4, 13, 14, 10, 8, 7, 9, 15], "R": [[-0.9336894754861331, -0.35768890387682056, 0.016811050229802046], [0.2861824198903192, -0.7736048133710312, -0.5653629058179301], [0.21522914745022653, -0.5230623679567967, 0.82467094850933]], "T": [-0.02068424377127381, 0.0717205079611465, -0.02704004241334815], "aligned_model": [[0.36864085119596657, 0.2827216843466973, -0.6077917408516884, -0.2276105431955317, -0.7525131618336234, -0.3003573423540682, 0.31141296955256337, 0.6950931786116544, 0.4082000195636554, -0.29044987244767156, 0.12129821610837377, -0.04974560960219736], [-0.06214885896936838, -0.6260351680261607, -0.47579730024322164, -0.27652773504707046, 0.06301206146007894, 0.5969563364894481, 0.6103675673870915, -0.08498385638832322, -0.13225166867565735, -0.025606556595350813, 0.5540468477718613, 0.03204683636960654], [-0.7482882717002866, -0.2195648822184263, 0.13643032317254408, -0.5781635056056699, 0.2527949963701069, -0.22279265401514375, -0.41702007176644335, -0.15656492900953517, 0.5316055048428626, 0.6507689802119718, 0.3701939896042495, -0.08322140249072506]], "inverted": true, "swapped": true, "error_lsq": 0.04721366611600689, "error_max": 0.25663918236648814, "target": "595.xyz", "model": "11.xyz", "model_rescale": 3.890672605050136, "target_rescale": 4.175362745943164},
{"mapping": [10, 8, 0, 11, 3, 13, 9, 12, 14, 5, 1, 7, 6, 15], "R": [[-0.7171334515618817, 0.6959452438675752, 0.037146065593059], [0.3504031921333738, 0.31397294301349454, 0.8824050056511392], [0.602442707312226, 0.6458182473370866, -0.469021935321547]], "T": [0.05774865088721498, -0.03154339364817136, 0.07877125738480223], "aligned_model": [[0.5422792305624613, 0.12191433945600337, 0.41409544142388993, 0.6758994378030954, 0.8129837764796037, -0.36619912764191537, -0.444979659075515, 0.17377459021806418, -0.023999580839330403, -0.6447449990835419, 0.14932805360749726, -0.3120709986773599, 0.008352451608699359, 0.10324287895204141], [-0.3177167507962256, 0.2740915397983106, 0.5908289005451084, -0.5717832198281437, 0.1642217830396404, -0.37478053001628014, -0.14745629147672776, -0.48128748669225985, -0.7672534473342999, 0.18662399049710388, 0.6734310393651755, 0.5784847095152942, 0.1543941476289999, -0.02964586441793081], [-0.40806054053441443, -0.584630023526796, -0.05359715335087484, 0.20416894503287086, -0.006550810097418078, 0.38677345199982777, -0.3012564253708603, 0.5733290763880663, 0.011231783485063374, 0.12529917486103875, 0.48597855796846773, -0.10225432978277849, 0.8864132956435777, 0.1379454326410908]], "inverted": true, "swapped": true, "error_lsq": 0.040666357287148305, "error_max": 0.24630615957163032, "target": "595.xyz", "model": "12.xyz", "model_rescale": 4.124412569039231, "target_rescale": 4.175362745943164},
{"mapping": [7, 8, 3, 5, 0, 1, 9, 6, 10, 13, 2, 11, 15], "R": [[-0.4261648452104267, 0.9045493926645811, -0.013187908739107385], [-0.8820643539420452, -0.41871986665231015, -0.21595404320242445], [-0.2008631380108756, -0.0803994371921196, 0.976314462807765]], "T": [0.023476711660289112, 0.17481584280643175, -0.08445260202580582], "aligned_model": [[-0.30751048390772984, -0.1002706194571918, 0.7249740125734562, -0.5907393877119652, 0.3889484535705191, 0.3316616081668511, -0.5874417729481588, 0.26963167896262974, 0.2787134580879307, -0.3122388700287093, 0.6090043397801251, 0.5765931132771743, 0.08597277714482626], [-0.20656061560481404, 0.4680318294577009, 0.3626291755324352, -0.22948594630633828, -0.00652878975954746, -0.5248464379390003, 0.3467132023566635, -0.5247572091731634, 0.857869430126762, 0.03444180212357417, -0.0111857938450525, 0.6338438063177649, 0.1473209232214921], [0.45096368125512076, 0.5761094244795896, 0.21322447702714273, -0.03407572785868124, 0.5200275332726972, 0.20997614371935638, 0.003992274168411608, -0.4576867011358555, 0.06374413400078441, -0.5943535527046815, -0.3851072073525068, -0.5004449339265252, -0.11467146397701368]], "inverted": true, "swapped": true, "error_lsq": 0.04975784003766281, "error_max": 0.36831901431773306, "target": "595.xyz", "model": "13.xyz", "model_rescale": 3.9028299243045295, "target_rescale": 4.175362745943164},
{"mapping": [1, 2, 3, 6, 8, 13, 0, 12, 11, 13, 9, 7, 4, 5, 10, 15], "R": [[0.7830638552456121, -0.4445362812214283, -0.4349695314452527], [-0.6129010063326112, -0.4327527949080148, -0.661118276056391], [0.10565677945286696, 0.78429108956887, -0.6113298060609538]], "T": [-0.05309486889874779, -0.13296000444438413, -0.03958488737023578], "aligned_model": [[0.17012055779112262, -0.38747690771145693, 0.054987987306384364, 0.44374204068508094, -0.8136772760711063, -0.2710511490697249, -0.585294292521221, -0.34293937006859343, 0.32591670924284655, -0.2710511490697249, 0.7128720243449617, 0.6402568428101723, -0.19673510999454122, -0.4364151509867856, 0.18813628610989183, 0.057721626934992845], [-0.29183906914913704, -0.6546652423998124, -0.6818126362981755, -0.5434132673033221, -0.1620862310687793, 0.6297634587231355, -0.6708351134736932, 0.3017476943425105, 0.21470989743222588, 0.6297634587231355, -0.01544892228804759, -0.17804916437010457, -0.21820710163248327, 0.14093524746502548, 0.31201735956000476, -0.12584772576997216], [-0.6287631896090471, -0.43728083450209987, 0.2356755891603742, -0.21014123152922323, -0.17063153700367353, 0.018718890063219133, 0.29904551561707016, -0.4992148153752474, -0.5699927976634861, 0.018718890063219133, -0.057787098463644555, 0.5416709318390638, 0.6172740681458275, 0.1607867323182341, 0.5073660038676135, -0.014277835897604133]], "inverted": true, "swapped": false, "error_lsq": 0.04524027837219324, "error_max": 0.4446335829848066, "target": "595.xyz", "model": "14.xyz", "model_rescale": 3.942246331269136, "target_rescale": 4.175362745943164},
{"mapping": [13, 6, 12, 1, 0, 2, 10, 14, 9, 11, 3, 8, 4, 7, 15], "R": [[-0.5738573227647774, 0.7219734401637893, 0.386577449946716], [-0.8041425433399364, -0.4073769136672691, -0.4328958537589716], [-0.15505658031834896, -0.5592838294721152, 0.8143457834304697]], "T": [-0.1475920141136479, 0.05958912320382096, 0.022803729725997396], "aligned_model": [[-0.6857490351597387, -0.1743394541972907, -0.23486061709244888, 0.17120687519031516, 0.41949884529267967, 0.22193324437084835, 0.22685829097293178, -0.48917563663120833, -0.6337123558394993, 0.22053106624046934, 0.6305025664502967, 0.06436948210812823, -0.3983066375980522, -0.2562050593353422, -0.10825753823987888], [0.04614136939029829, -0.541062799808267, 0.17849808528994837, -0.6948677719177591, -0.2623102051909551, -0.06456036688351532, 0.6854815528370943, 0.65615216896766, 0.21898167247002517, 0.5902810866203091, 0.16033050337342522, 0.19663119391262482, -0.682770333092448, -0.42725359607775665, 0.038472129990966414], [-0.2975320022893436, -0.5497347035280545, -0.639437958657216, 0.003946756591533013, 0.34936227489465344, -0.5392197495752206, 0.17016691371507975, -0.25994491885904714, 0.4086451761523716, -0.499255158617952, 0.0027051588776836333, 0.711224387916003, 0.021512798941649064, 0.5639677493659186, -0.03704424456754198]], "inverted": true, "swapped": true, "error_lsq": 0.038823659712513295, "error_max": 0.3083019970731179, "target": "595.xyz", "model": "15.xyz", "model_rescale": 4.355366556412066, "target_rescale": 4.175362745943164},
{"mapping": [8, 0, 7, 14, 9, 10, 13, 11, 4, 3, 2, 15], "R": [[0.444938870390674, 0.8119786359119415, 0.3777831341365754], [0.0864840682486061, 0.3809106147740235, -0.9205583140093007], [-0.891375289961889, 0.44226439871988144, 0.09925872289275268]], "T": [-0.03555752396906746, 0.03148477691997434, -0.1344896887487894], "aligned_model": [[-0.19957558947545645, 0.43884142296581935, 0.2108822232852144, -0.6458887150696949, -0.48636548730836954, -0.42205363673534263, -0.21174291877590617, -0.1997083317870006, 0.47772194903641624, 0.2540326468251753, 0.3675727628502736, 0.01409222882065217], [-0.6443252073618352, -0.41720988513261603, -0.5671790382153357, 0.4557230890964614, -0.2540013007345199, -0.05244669944582965, 0.4120511125907246, 0.5852571973086005, -0.06355138665006232, -0.03292253434697534, 0.5102812725889395, 0.08109980804342826], [0.09791114382298466, 0.19027244460186196, -0.4845471275835169, -0.12889248665745742, -0.48926070340043337, 0.49578527865725475, -0.5998248082062965, 0.4622386111774115, -0.7188434869642291, 0.5921279450630563, 0.14132236939388923, -0.1090307186951042]], "inverted": true, "swapped": true, "error_lsq": 0.042279171408332004, "error_max": 0.24232622753367708, "target": "595.xyz", "model": "16.xyz", "model_rescale": 3.795458400668931, "target_rescale": 4.175362745943164},
{"mapping": [0, 3, 2, 7, 6, 10, 8, 4, 9, 14, 12, 13, 15], "R": [[-0.5510628679005428, -0.8063019129115612, 0.21495799788885733], [0.5873011214975306, -0.19175568140306468, 0.7863250926540429], [-0.5927960090190991, 0.5595596338950867, 0.5792114534487596]], "T": [-0.12383121095084743, 0.08005541852080457, -0.0007328973567598158], "aligned_model": [[-0.03407281250795044, -0.035654877957577547, 0.427809330234524, -0.19834958821300658, 0.6861813550002531, -0.5849209100021693, -0.6678496528976416, 0.33498290856066526, -0.5953550275642336, -0.3899078851971733, 0.25068110144306194, 0.014821175922411334, -0.059733315916941046], [-0.27353698492573986, 0.3006890897696102, 0.4212127822362967, -0.6514690616215967, 0.010140983836238807, 0.5072760033253991, -0.23489261758069702, -0.5073961119496585, -0.13954209102698545, 0.6453141159572743, 0.5872103001089052, 0.18819390039582012, 0.11058095694561874], [-0.6322133372753264, -0.7487500575494496, -0.21784293935443375, -0.0321982666578164, 0.1674635073200444, -0.398915184500546, -0.37820193850461453, 0.240819072969492, 0.3734793650671062, 0.4020070254400205, 0.24997342109103513, 0.6005078089678794, -0.023853446177095436]], "inverted": false, "swapped": true, "error_lsq": 0.047870692076385904, "error_max": 0.2417244477055448, "target": "595.xyz", "model": "17.xyz", "model_rescale": 3.7474275329858107, "target_rescale": 4.175362745943164},
{"mapping": [7, 9, 8, 13, 1, 2, 0, 10, 6, 3, 12, 14, 11, 15], "R": [[0.20717142169163477, 0.13852546853670472, -0.9684475703934385], [0.8065009320914508, 0.5361411780190943, 0.24921653991643444], [0.5537474591994882, -0.8326844130875665, -0.0006477894156136504]], "T": [0.048226053466151164, -0.025087076337729122, -0.0961060308947922], "aligned_model": [[0.5871369196006988, 0.17236430913386908, 0.7230655812214108, -0.4485097981749579, 0.3046886963197717, -0.2869342693061309, 0.6277282096103927, 0.2050434214198456, -0.3587212827252911, 0.3163957830092218, -0.6042821335989815, -0.45713363982085986, -0.3800736256222329, 0.01407947681612013], [-0.37732521748937575, 0.22595255997066244, 0.2569411428962939, -0.09820958048643548, -0.7713146233874932, -0.2784733799251317, -0.27808862833243897, 0.6100499613950645, -0.7371548959296316, 0.052625956921986725, -0.0543630681453917, 0.5007446481238754, 0.36879041883240554, -0.059767052933156595], [-0.45272136054677536, -0.6724404717046066, -0.14790277772541527, -0.47069299766091044, 0.12426838844274815, 0.44361180559601576, 0.26723839190309223, 0.2584070561064677, 0.03293544147155794, 0.6373990032733267, 0.08745645514081518, -0.23972432698032006, 0.49644265817173483, -0.03948254682607585]], "inverted": false, "swapped": true, "error_lsq": 0.036616235024522915, "error_max": 0.2732691081102803, "target": "595.xyz", "model": "18.xyz", "model_rescale": 3.922800546911778, "target_rescale": 4.175362745943164},
{"mapping": [8, 7, 9, 10, 6, 0, 4, 11, 1, 14, 13, 12, 3, 2, 15], "R": [[0.07287883764360514, -0.42398556850931873, -0.9027319163071323], [-0.9629970633355012, -0.2653988009278333, 0.04690556974677318], [-0.25947125280253713, 0.8659097609808419, -0.427638813494734]], "T": [0.12338772158110006, 0.08443364099515457, -0.0991315144608387], "aligned_model": [[-0.3057539344658392, -0.32234830130638725, 0.34613311481448406, 0.1033952483162881, 0.13035385195112242, -0.6006680043141137, -0.07605237014394153, 0.4006794613785764, -0.47011025755161256, 0.806653102470855, 0.6547912985140107, 0.5815283976702166, -0.35776836485217994, 0.08942327487328816, 0.11579431953285069], [0.5142299254490443, -0.19469787523111495, 0.16717510250449644, 0.8155549289769733, -0.6359330927185234, 0.1316090550847373, -0.6511187589093488, 0.5061821406110151, -0.45152245346389464, 0.3742908016339834, -0.23881703821875586, -0.06861045140792787, 0.45955106361870246, -0.07131598412214213, 0.06103414122733448], [-0.5099158868052759, -0.6139869481626861, -0.6942205275691617, 0.03773424356372107, 0.3135689310302062, -0.025854710697875344, -0.2811847157266809, 0.560361881514459, 0.07892672722237673, -0.058574360666581365, -0.17348230060523698, 0.37731767575365327, 0.3945887446577019, 0.5660157432712217, -0.02863532961651223]], "inverted": true, "swapped": true, "error_lsq": 0.03464743629291901, "error_max": 0.20741078473375968, "target": "595.xyz", "model": "19.xyz", "model_rescale": 3.9282355846067225, "target_rescale": 4.175362745943164},
{"mapping": [7, 4, 13, 1, 0, 6, 2, 12, 3, 10, 9, 8, 14, 15], "R": [[-0.044585643183936485, 0.15061114580429125, 0.9875871623210751], [0.7774774601146497, -0.6155442658374952, 0.12897308171960759], [0.6273283983971619, 0.7735771064051067, -0.08965233410432877]], "T": [0.018438613741930822, -0.1236302385792669, 0.13069683574120997], "aligned_model": [[-0.5394387256336426, -0.18753583044851546, 0.522947633452785, -0.4741742720805604, -0.6574471859653246, 0.17632042975649467, 0.18002717836828555, 0.5987411240034611, -0.3228892220736515, 0.0016080806631831243, 0.06106057914231789, -0.5292959315511758, 0.6705229956860844, 0.03207596576493485], [-0.6023211239451339, -0.6534035894524233, -0.476543237406802, -0.17403866199949142, 0.10727020053644294, -0.21634715117870768, 0.31837405656259166, 0.07187098368918769, 0.5804751959195659, 0.41203617769448064, -0.5905748821200212, -0.11277739622964948, -0.06116538431992581, -0.07997310032527806], [0.0946547278461147, -0.4086284615782956, 0.015233132013218964, -0.5219784736000076, -0.016663528116038245, -0.6791027209468158, -0.3656435139090769, -0.16144606223618016, 0.06974767546591937, 0.6468833292489347, 0.5674332105895166, 0.6180368519034162, 0.4819769772618874, 0.07168001330108885]], "inverted": false, "swapped": true, "error_lsq": 0.0387072731657653, "error_max": 0.24208332442326347, "target": "595.xyz", "model": "20.xyz", "model_rescale": 4.067790424073018, "target_rescale": 4.175362745943164},
{"mapping": [0, 6, 3, 8, 11, 12, 10, 1, 2, 4, 5, 9, 7, 13, 15], "R": [[-0.5954533748935554, 0.1815090977309366, -0.7826172281318478], [-0.7358918237428755, -0.5140695517339474, 0.4406764342785342], [-0.32233290566782036, 0.8383238893297507, 0.4396755104651388]], "T": [-0.008838628003840499, -0.04984001106257378, 0.10423406209955792], "aligned_model": [[0.34515011592343314, 0.07225572725959634, -0.2291895091852264, 0.29823751260000597, -0.8036751054270329, -0.5105588739911314, -0.44276441586583926, 0.48578152191859975, -0.34275963362128803, 0.5850771622616343, 0.5373652405248099, 0.20481532117779747, 0.7215690661959878, -0.11433862050612048, -0.03852155535771133], [-0.22730375618655185, 0.7581349523975169, -0.2684036385330888, -0.7039729105958779, -0.05830987798626801, 0.40052753034004224, -0.6269043959680848, 0.35441563246703794, 0.3714967853429957, 0.4598243286112252, 0.13338617683716186, -0.33288028943009357, -0.14014895296485258, 0.32118322857374987, -0.00014967297706518223], [-0.5081794356331808, -0.06867799557203565, -0.616639979908558, -0.02004627129028415, -0.13630134222786638, 0.18016216348722708, -0.07569753253863516, -0.40871993761083675, -0.3186187135031929, 0.14248777070298324, 0.5639608080375895, 0.6379313395915472, 0.10870824681065198, 0.5978131437282491, 0.05706730954748272]], "inverted": false, "swapped": true, "error_lsq": 0.04692522339205927, "error_max": 0.29138040313056845, "target": "595.xyz", "model": "21.xyz", "model_rescale": 4.186013935880536, "target_rescale": 4.175362745943164},
{"mapping": [7, 8, 0, 6, 13, 1, 5, 9, 3, 10, 14, 2, 15], "R": [[-0.26862576892752404, -0.9445904753965979, -0.18865055011349763], [0.96142129633043, -0.27496959759426604, 0.007798163961012822], [-0.05923923725379909, -0.17927786865331768, 0.982013318942626]], "T": [-0.06411646689718721, -0.01409371444232041, 0.08091083208882323], "aligned_model": [[-0.022400060927603493, -0.3169137816706548, 0.3602985595680707, 0.5681093327858379, -0.2448713786410927, 0.6501553246413986, -0.24216546674264094, -0.6255667356497024, 0.3429325784865065, -0.3276791617992202, -0.5587517358343047, 0.4765851712122091, -0.001158610005578084], [-0.42473520454885194, 0.22773565184624228, 0.19214289312868654, -0.42686755166093526, -0.42161026775124055, -0.2769916704408152, -0.7073484538660871, -0.2756899253839292, 0.6344807418683355, 0.6799673052266659, 0.1301980172279071, 0.18574692356713676, 0.0019282003329785524], [-0.5284367133552492, -0.5634829007262063, -0.4751377726877565, 0.4261740841808052, 0.520986647431256, -0.22222939354578564, -0.09503121171885413, -0.08320379651068953, -0.09126989797456843, 0.031068287219006473, 0.6166621586527701, 0.44906550308813875, 0.11771456728247894]], "inverted": false, "swapped": true, "error_lsq": 0.04298949862812696, "error_max": 0.2638900955076508, "target": "595.xyz", "model": "22.xyz", "model_rescale": 4.166573947596378, "target_rescale": 4.175362745943164},
{"mapping": [12, 6, 2, 11, 5, 7, 1, 13, 14, 10, 9, 3, 4, 0, 8, 15], "R": [[0.6943010508407612, -0.6257697343878008, 0.35546911304027046], [-0.5362096583645919, -0.12034819284549197, 0.8354612586801092], [-0.4800263045687631, -0.7706676015008326, -0.4191016522503956]], "T": [0.04739929264870396, -0.10229890245192456, -0.014298739139534248], "aligned_model": [[0.23924783809969818, -0.3521973396089571, -0.03508478715290819, 0.6935627226239336, -0.7429082639619109, -0.42181064291013703, -0.5435111016973235, -0.38658420353536166, 0.25653287273203523, -0.06690983807063675, 0.591684566043887, 0.4375742025471299, -0.040718506145593386, -0.5463828435238991, 0.22438533941729816, -0.01776634512495595], [-0.3987499961906603, -0.6666738870453994, -0.7335412210013581, -0.5260390071188741, 0.03782762779714695, 0.4281034681814349, -0.44314376462481414, 0.34399161235177284, 0.23598215337680556, 0.5878569898839487, 0.15103046890053173, -0.3598512804136472, -0.2514307140193024, 0.047244851019950865, 0.3580923283509117, -0.12396698695593705], [-0.5662880867348137, -0.3319637202443369, 0.20373509089770656, -0.17244573685334896, -0.2307254072880364, 0.08522517381406997, 0.19245896120390646, -0.5881421326990057, -0.6982627997225261, -0.2818048138599821, -0.009108646905838928, 0.36366549767141276, 0.699738003387679, 0.5259004865150922, 0.6266341700407175, -0.007448758192100452]], "inverted": false, "swapped": false, "error_lsq": 0.04275016159522382, "error_max": 0.2983375199447772, "target": "595.xyz", "model": "23.xyz", "model_rescale": 4.274766983524099, "target_rescale": 4.175362745943164},
{"mapping": [2, 13, 14, 10, 9, 8, 0, 7, 1, 5, 15], "R": [[-0.7363294396895375, -0.6747688299450763, 0.050059788064323374], [-0.5381961445287418, 0.6289218078167939, 0.5610724281827202], [-0.41007787828763675, 0.3861921617368858, -0.8262516250828809]], "T": [-0.04884358123163472, 0.09047900562282402, -0.07875490760438622], "aligned_model": [[0.37200983269666277, 0.10868746816886075, -0.41808264105955567, -0.6394239311839357, -0.41098037111914887, -0.5215588803801053, 0.07510091006586381, 0.06970633224234866, 0.613388792293452, 0.1284008659851818, 0.0026463262484508546], [-0.17381344172284158, 0.6772984332663581, 0.518052795439816, -0.262704326098725, 0.5045794871329679, -0.23796057600024284, -0.5480999064948537, 0.06254773833892913, -0.2683531987073279, 0.5822130289472338, 0.061826497142169715], [-0.5487169380853195, -0.23118761539549612, -0.5618250970994992, -0.3618567565763754, 0.24983348203326958, 0.37544647374724294, 0.2509516891471675, 0.6470803942278371, 0.2435512456794496, 0.4409000154885234, -0.12461045914522229]], "inverted": false, "swapped": true, "error_lsq": 0.0461132669083764, "error_max": 0.22768265628810466, "target": "595.xyz", "model": "24.xyz", "model_rescale": 3.7841303162186577, "target_rescale": 4.175362745943164},
{"mapping": [13, 3, 6, 11, 5, 2, 4, 12, 14, 9, 10, 7, 1, 8, 0, 15], "R": [[-0.4530033827315923, -0.8519532165866618, 0.26260931434618895], [0.8728173650497321, -0.36382513459000393, 0.32530158116463037], [-0.18159785929734298, 0.37657268646067055, 0.9084135783388624]], "T": [0.021078547259341107, -0.04127926489940652, 0.049156649571233384], "aligned_model": [[0.14651718215737194, -0.31855585276481424, -0.04809642221777957, 0.5000952709566567, -0.7486249183686347, -0.6353834148937137, -0.6122746233553881, -0.3110819444267957, 0.27600967841546686, -0.03384046965017115, 0.7243817458224711, 0.5402183701690412, -0.26998636078461474, -0.21652458297113822, 0.2858235563993629, 0.010436455244978365], [-0.29148295423245835, -0.662254265806957, -0.7426455920495034, -0.5689919510132266, -0.15382035326274968, 0.32884409040033347, -0.385010144441535, 0.14112000845313366, 0.36636890541160444, 0.4884309006209982, 0.287608753293256, -0.2844376931324941, -0.06462140745675803, 0.31113430428183425, 0.026257212232694546, -0.10976717080566248], [-0.6813659441862008, -0.33560354873577847, 0.2082998271845119, -0.2363076537935, -0.35609614051658467, 0.01984074885088271, 0.2425918753699998, -0.6077846105665549, -0.5818204101703273, -0.1927767103693952, -0.00036493822007569593, 0.3560334703784735, 0.7330957970758923, 0.46001819851501063, 0.7322956206039424, 0.05111169961029786]], "inverted": true, "swapped": false, "error_lsq": 0.044945760268872446, "error_max": 0.32829007195337023, "target": "595.xyz", "model": "25.xyz", "model_rescale": 4.19342608120988, "target_rescale": 4.175362745943164},
{"mapping": [8, 0, 7, 14, 9, 10, 13, 11, 4, 3, 2, 15], "R": [[0.444938870390674, 0.8119786359119415, 0.3777831341365754], [0.0864840682486061, 0.3809106147740235, -0.9205583140093007], [-0.891375289961889, 0.44226439871988144, 0.09925872289275268]], "T": [-0.03555752396906746, 0.03148477691997434, -0.1344896887487894], "aligned_model": [[-0.19957558947545645, 0.43884142296581935, 0.2108822232852144, -0.6458887150696949, -0.48636548730836954, -0.42205363673534263, -0.21174291877590617, -0.1997083317870006, 0.47772194903641624, 0.2540326468251753, 0.3675727628502736, 0.01409222882065217], [-0.6443252073618352, -0.41720988513261603, -0.5671790382153357, 0.4557230890964614, -0.2540013007345199, -0.05244669944582965, 0.4120511125907246, 0.5852571973086005, -0.06355138665006232, -0.03292253434697534, 0.5102812725889395, 0.08109980804342826], [0.09791114382298466, 0.19027244460186196, -0.4845471275835169, -0.12889248665745742, -0.48926070340043337, 0.49578527865725475, -0.5998248082062965, 0.4622386111774115, -0.7188434869642291, 0.5921279450630563, 0.14132236939388923, -0.1090307186951042]], "inverted": true, "swapped": true, "error_lsq": 0.042279171408332004, "error_max": 0.24232622753367708, "target": "595.xyz", "model": "26.xyz", "model_rescale": 3.795458400668931, "target_rescale": 4.175362745943164},
