[{"mapping": [9, 3, 0, 2, 5, 12, 11, 10, 6, 4, 7, 8, 13], "R": [[0.06267986919572216, -0.5417726491257242, 0.8381847234690587], [-0.913576359044042, -0.36926331344784225, -0.17036091552158505], [0.4018077527791608, -0.7550675479722433, -0.5180960604036139]], "T": [0.027920854596546106, -0.15070606934733202, -0.2656191926508673], "aligned_model": [[-0.5986627582035657, 0.07396319314289129, -0.6040567880395842, -0.4887244042596936, 0.7761726895209399, -0.15501079300556445, 0.4313389300550778, -0.07669544877371307, 0.27895486170715467, -0.2560941542989615, -0.25234846120204296, 0.3042674168152347, -0.007869194962924361], [0.1710231804281567, -0.6503698074209626, -0.22036923465806688, -0.7176016023933721, -0.22027591029298105, 0.3334629318054543, 0.29503017314396285, 0.7915505171583709, -0.7675115060146146, -0.6040577269385236, 0.025395307248699067, -0.15966406949917672, -0.07802053084158353], [-0.0640591822979027, -0.41196316319014986, -0.7028419473052834, -0.21116392179928728, -0.3532575929367729, -0.5249186307564991, 0.08883094399229574, 0.07590222526810947, 0.10998600534208813, 0.5263479631658903, 0.41396295709869946, 0.4652237887109929, -0.12428360937454153]], "inverted": true, "swapped": false, "error_lsq": 0.04591878606612579, "error_max": 0.24266849241095978, "target": "596.xyz", "model": "0.xyz", "model_rescale": 3.8414455957264533, "target_rescale": 3.8141263603944093},
{"mapping": [5, 7, 2, 6, 0, 4, 1, 3, 13, 8, 10, 12, 14], "R": [[0.7769175137902761, -0.6203562104236113, -0.10750511129612711], [0.42939964540612663, 0.39721329713985, 0.8110718470643538], [-0.46045099770879994, -0.6762985795964277, 0.5749827040397174]], "T": [-0.015511300037636032, -0.22288291706002372, -0.0827039748451953], "aligned_model": [[-0.5497674666059078, 0.1400826098433394, -0.527378534095381, -0.7741682710472074, 0.6140412467886425, 0.02534843366936146, 0.43000557929481575, -0.08221714084865536, 0.4973574608021275, -0.13928324648270796, -0.3784530542692701, 0.16519916703319001, 0.00446830441290175], [0.16245193680033232, -0.4896878910206252, -0.15756411715980517, -0.40517718931188074, -0.1457298009426604, 0.10477395118955979, 0.49923207302500106, 0.5555583310629824, -0.7506661001554444, -0.7655765721589821, -0.005320333070025551, -0.2555974352440414, -0.14810513128904795], [-0.06245097835858389, -0.6462291679048805, -0.6102739860248487, -0.04755326466188672, -0.43374294271784347, -0.5148945505157658, 0.08630058868230363, -0.1370770937776935, 0.09966254191619099, 0.4780691517301625, 0.45518179880312226, 0.657946436116754, -0.037172697369392244]], "inverted": true, "swapped": false, "error_lsq": 0.03640698167712533, "error_max": 0.23938121387508035, "target": "596.xyz", "model": "1.xyz", "model_rescale": 4.316132596720782, "target_rescale": 3.8141263603944093},
{"mapping": [10, 9, 11, 5, 6, 0, 4, 2, 8, 3, 1, 12], "R": [[-0.0501854163990583, 0.9853840280863086, -0.16278741097902627], [-0.13968309824814695, 0.15446576452297758, 0.9780741074448966], [0.9889236856525644, 0.07182370627260426, 0.12988956529535017]], "T": [-0.23596759231313102, -0.07682533556101043, -0.10468134799607842], "aligned_model": [[-0.16054306764114878, 0.4724158286872199, 0.0757971105100409, -0.4973364646912407, -0.525222915257009, -0.45734625302047793, -0.06272739077853962, -0.22791066288345446, 0.5824800675583851, 0.2770789221409955, 0.23450799869706868, -0.11338461869005897], [-0.5845613335491762, -0.38134858688189255, -0.5819194078342672, 0.45897016918584677, -0.18634981585101024, -0.11111014414893984, 0.3988033763149367, 0.43391021824829146, -0.014818069620365207, 0.021146696065662204, 0.5752473847064109, -0.015194058894516624], [0.2503497549590922, 0.014821799473640707, -0.42062949865477145, -0.06212323455003784, -0.608226974390745, 0.5232713739306186, -0.6767674468757975, 0.5696108187169935, -0.5017248502022713, 0.5832518230925797, -0.07801970600488708, -0.14455539828499336]], "inverted": true, "swapped": true, "error_lsq": 0.04026496428956653, "error_max": 0.232642321601496, "target": "596.xyz", "model": "2.xyz", "model_rescale": 3.795458400668931, "target_rescale": 3.8141263603944093},
{"mapping": [0, 5, 2, 8, 10, 9, 1, 6, 4, 11, 3, 12], "R": [[0.6551576239079222, 0.3186253015299217, 0.6850156239534189], [-0.5183715546574305, -0.47002274116770576, 0.714401535627713], [0.5495993260161114, -0.8231382265513868, -0.1427726893788644]], "T": [0.17732811546158078, -0.07715177582378675, -0.10706552815815817], "aligned_model": [[-0.24070533190874088, -0.14700170357475778, -0.6569276415275606, 0.30127497166638545, 0.21350368796157893, 0.15755733828030333, -0.33201516929094965, 0.6777023913297482, 0.28404857700573494, 0.68155211886382, -0.4938352205932486, 0.14814980753125184], [0.1091156584944281, -0.5767741584528283, -0.12360771724765075, 0.15239297396332685, 0.4803065825603128, 0.5818201937897859, -0.26018190340271735, -0.3891338580372241, -0.5730174975105959, 0.3049066348369146, 0.45039113273220877, -0.07044899643625127], [-0.5918964886834024, -0.15594647163478764, -0.23914438174280672, 0.7665999686453212, -0.38538781124487037, 0.3102922843140987, 0.4881876516594389, -0.14599130268524643, 0.4641133165689174, 0.12081604396448653, 0.024485028004540332, 0.032643593473410726]], "inverted": false, "swapped": true, "error_lsq": 0.058073062024721504, "error_max": 0.333250898345064, "target": "596.xyz", "model": "3.xyz", "model_rescale": 3.7530521520055578, "target_rescale": 3.8141263603944093},
{"mapping": [6, 1, 9, 3, 11, 2, 6, 5, 7, 0, 12], "R": [[0.5908635371724896, 0.4033617156180922, -0.698698509239603], [0.7786961388799862, -0.05865366623825863, 0.624653560567946], [0.21098010269552803, -0.9131588436906475, -0.3487525232254875]], "T": [-0.06664504324953854, -0.14671001206155238, 0.05681438680996093], "aligned_model": [[-0.3919953935691345, -0.2849574669888719, 0.5511883773656666, 0.47095013467203606, 0.27377948152059195, -0.0697802246480024, -0.3919953935691345, -0.547259258991247, -0.37891647753423263, 0.17900052904787978, -0.07181470486034625], [-0.5697848333975756, 0.10400853112897829, -0.33631764403051917, 0.3824069161248282, -0.725296130810601, 0.6746692127269842, -0.5697848333975756, 0.20544933735456955, 0.06407125965157062, 0.41221285052827056, -0.1744313075645841], [0.3105412016990598, -0.6758088827825993, -0.3803964253486663, -0.3640109853347828, 0.018217342848107478, -0.1454527282896504, 0.3105412016990598, 0.009958526759949272, 0.7677801562107668, 0.3247174793204973, -0.08325610953642507]], "inverted": true, "swapped": true, "error_lsq": 0.06647346907400183, "error_max": 0.42752648017839695, "target": "596.xyz", "model": "4.xyz", "model_rescale": 3.7855080009869324, "target_rescale": 3.8141263603944093},
{"mapping": [5, 8, 7, 10, 13, 6, 12, 1, 15, 9, 3, 14, 16], "R": [[0.352206025861497, -0.33868795980122113, 0.8724914791747467], [-0.7370662794730372, -0.6748843864355228, 0.035557905018758496], [0.5767878422874615, -0.6556077568418748, -0.4873338220954298]], "T": [-0.03657956446987603, -0.024324055303184558, -0.0631836660665652], "aligned_model": [[-0.8440745995222325, 0.11123571879850352, -0.5304770099030871, -0.4611181680248078, 0.6097184707386545, 0.061734970180367894, 0.5368088220441117, -0.0016611170194113303, 0.26558616801472007, -0.1728249000200994, -0.5053349510505284, 0.3733425003257568, -0.01770081606669928], [0.030934804794129522, -0.5692500873147184, -0.11564963234084864, -0.6149369967792594, -0.1641837662793767, 0.14229460197171756, 0.29507281471037455, 0.7226148423975662, -0.7824385681121048, -0.437930603859923, -0.0837131619040537, -0.18505941454652247, -0.03916311101161877], [-0.06197066736802989, -0.4833219000230501, -0.6191462765442796, -0.10685976395650765, -0.3591663510443317, -0.6866012976678677, 0.11647339793755473, 0.05499807583380867, 0.05203943173243178, 0.500093220358603, 0.4458918950911219, 0.45045574404082667, -0.015119672472641947]], "inverted": false, "swapped": false, "error_lsq": 0.04472726291215125, "error_max": 0.2552225924517274, "target": "596.xyz", "model": "5.xyz", "model_rescale": 4.2253639853439635, "target_rescale": 3.8141263603944093},
{"mapping": [11, 1, 8, 5, 0, 9, 7, 12, 4, 2, 6, 3, 13], "R": [[0.5663662866639706, -0.484832374147668, -0.6664583995335349], [0.8228959025131731, 0.2880143215837064, 0.48978575335518654], [-0.04551442581748544, -0.8258240245603256, 0.5620881759132561]], "T": [-0.08433023181313343, -0.2202255773891802, -0.11904314219782486], "aligned_model": [[-0.6597394929630989, 0.22133654654339036, -0.551035929410174, -0.6641995803660263, 0.6552244729847989, 0.040289954025785224, 0.3212349364829919, -0.09811559192919128, 0.35578503096306113, -0.2322113026138904, -0.2250759796026875, 0.3149571950841135, -0.05321517070382416], [0.2895379410161029, -0.6699518320546627, -0.284031152301995, -0.39244588824704174, 0.03232014333507732, 0.03163630298320047, 0.32824309955812697, 0.711760059478213, -0.7516731904888241, -0.6665477083532964, 0.015583289804766726, -0.22127066992280953, -0.22456867308149525], [0.0017837020840056894, -0.6120136265394007, -0.688235127418274, 0.06759278571411287, -0.29888236728987216, -0.6609212004195479, 0.2860373691817252, -0.06848128910301321, 0.03835222688480788, 0.359600103181972, 0.4625948730272599, 0.46711206864800037, -0.06677368203413733]], "inverted": false, "swapped": false, "error_lsq": 0.04844160574010422, "error_max": 0.24647244308456712, "target": "596.xyz", "model": "6.xyz", "model_rescale": 3.89814844738969, "target_rescale": 3.8141263603944093},
{"mapping": [5, 0, 1, 2, 3, 6, 8, 9, 7, 4, 10, 11, 12], "R": [[0.2649128694591373, 0.837629285324206, -0.4777011115354308], [0.8670247685180594, -0.4237207896942809, -0.2621616736997622], [-0.422006187598158, -0.3447286944078125, -0.8384944274595707]], "T": [0.015152443720486637, -0.2187439622560658, -0.027054184859592035], "aligned_model": [[-0.5078292763987503, -0.0010482830951977148, -0.557766157641737, -0.6280267742830992, 0.628853783153089, 0.13056575191597203, 0.5255054329924997, -0.18669996180094556, 0.5114743086127105, -0.14053521968762828, -0.54919198479413, 0.3146117445249308, -0.11467827500246577], [0.2790313472110583, -0.540402552859681, -0.25451832904608784, -0.5122294918767643, -0.23710766452756388, 0.2166597843760974, 0.21580170937380178, 0.6289722166844947, -0.6436305991070306, -0.683746491455827, -0.023042203891155133, -0.0149222387281715, -0.23227376442780848], [-0.31216199908231884, -0.5243304410893141, -0.6477643289105547, 0.014594127861577221, -0.5518545060174822, -0.5315134961403208, 0.06457909470412167, 0.16936059407071372, 0.03935840281275742, 0.39131142998539087, 0.3997008395156567, 0.6969079698162183, 0.0795781483911935]], "inverted": true, "swapped": false, "error_lsq": 0.05229734095310951, "error_max": 0.3193499529835238, "target": "596.xyz", "model": "7.xyz", "model_rescale": 3.7474275329858107, "target_rescale": 3.8141263603944093},
{"mapping": [11, 0, 10, 7, 1, 12, 4, 13, 3, 5, 9, 8, 14], "R": [[0.5031601937010084, -0.2653035320844247, -0.8224620692398482], [0.7869386502396977, 0.5339802257480504, 0.30918065798006256], [0.3571517607876057, -0.8027945903988082, 0.4774551972622385]], "T": [0.0020222305144510302, -0.14607346268243773, -0.11128624857703902], "aligned_model": [[-0.5555762654950998, 0.18789184739954995, -0.5279440486987992, -0.5929654510106708, 0.5979007784662849, -0.14398611652419377, 0.4067062910303801, 0.10651525453922636, 0.3366273123845655, -0.18230157147229584, -0.49029518869902017, 0.23582663666742495, 0.04683560990789646], [0.12808318558310497, -0.6117361088921656, -0.37440000459744116, -0.4501158737853249, -0.12875455206022196, 0.27894492202254284, 0.3340692442628931, 0.7467789308588714, -0.7444886941216566, -0.6365688629837972, -0.07153819019389365, -0.1650213022257115, -0.10666097214183731], [-0.09123618499715307, -0.538865507979202, -0.6034915846333053, 0.0207194445127689, -0.5689221644266658, -0.5339960237859493, 0.35553238641633406, -0.11405029819344221, 0.09864990112770437, 0.37703788796164106, 0.46526252818208697, 0.5291720208649459, -0.10804656913212475]], "inverted": false, "swapped": false, "error_lsq": 0.045913693688823504, "error_max": 0.24901274401035223, "target": "596.xyz", "model": "8.xyz", "model_rescale": 4.019505241142653, "target_rescale": 3.8141263603944093},
{"mapping": [4, 9, 7, 8, 1, 0, 2, 3, 10, 11, 5, 6, 12], "R": [[0.5953658886649924, -0.6426528411150407, 0.48222068020866754], [-0.20215427170375444, 0.4610583386658087, 0.8640363758422726], [-0.7776072974490842, -0.6119007551502863, 0.14458339047221458]], "T": [0.02328513418581609, -0.16501509126620933, -0.02785906595415741], "aligned_model": [[-0.6265849324509956, -0.07473607414742611, -0.48503851455770625, -0.5424435798814143, 0.5252464088019787, -0.048356880291556166, 0.3435427180998954, -0.18844255972321125, 0.7466987867125667, -0.2693513708093013, -0.33318561241039385, 0.3822050125795244, -0.0043183134267116875], [0.3019047350207371, -0.792247092537399, -0.1282417909341773, -0.49288033953104227, -0.2890461336495121, 0.2571582542569503, 0.3205192933545014, 0.6453928334794519, -0.7081908135281494, -0.5893082532231639, 0.0733823832163126, -0.2345322745083776, -0.16531907969076926], [-0.24522843719296458, -0.2814570169093493, -0.7760828176397466, -0.19695174008931596, -0.46255031440710853, -0.5170248519229806, 0.08013909844303113, 0.1641596489753058, 0.11289810189499258, 0.3208366648109343, 0.48849349782707663, 0.6001582268768741, 0.00037577525088976563]], "inverted": true, "swapped": false, "error_lsq": 0.059610791115863475, "error_max": 0.3973277892895403, "target": "596.xyz", "model": "9.xyz", "model_rescale": 3.877068213659057, "target_rescale": 3.8141263603944093},
{"mapping": [4, 9, 2, 13, 11, 8, 0, 1, 10, 6, 3, 12, 15], "R": [[-0.309719041452694, -0.776788789990845, 0.5483368409164058], [0.20583621660139978, 0.5082429411593956, 0.8362538877020955], [-0.9282809743266562, 0.3718713332675785, 0.00247874906910886]], "T": [-0.11859703895605228, -0.16421973771199147, -0.05263507599850169], "aligned_model": [[-0.6947197948701849, 0.03903099818421507, -0.5242168750262128, -0.6908879398933989, 0.6148824359204779, 0.2404769850230148, 0.4927343525780043, -0.09454857987313292, 0.3005543499021661, -0.1039114388341619, -0.4548730380756866, 0.34896430252683636, -0.04825066906668837], [0.19097307209945172, -0.43815185687058766, -0.2668481480025149, -0.6815548431094761, -0.2075112582974292, 0.15713431815451942, 0.3269622823572903, 0.7031266666127517, -0.7353765355668616, -0.5709964903204019, -0.057405139413817696, -0.11028593013674617, -0.11147441578081557], [-0.049270893909516056, -0.6320830028221641, -0.5677033393744945, -0.0027751783716009407, -0.12183753580994508, -0.6552297589237012, 0.08440575193056428, -0.05883964883722031, -0.08872946534471254, 0.4106376102363593, 0.47487837097201546, 0.527600007450171, -0.033287081278116894]], "inverted": true, "swapped": false, "error_lsq": 0.04309407120639252, "error_max": 0.2610693592460018, "target": "596.xyz", "model": "10.xyz", "model_rescale": 4.260839863003843, "target_rescale": 3.8141263603944093},
{"mapping": [8, 1, 5, 4, 7, 6, 11, 9, 2, 0, 10, 12], "R": [[-0.336226856920808, -0.882190539415181, 0.32968371638815686], [0.012040740168265618, 0.34600878773389415, 0.9381540062202589], [-0.9417040518450344, 0.31940220878583975, -0.10571522010274598]], "T": [-0.07531933111282009, 0.09759499697331916, -0.007735131401834142], "aligned_model": [[0.5116385202197566, 0.20835501387714372, -0.4220403676535366, -0.23121240453637776, -0.7600958921776065, -0.4896481239929836, 0.21338853718851752, 0.6797305211151619, 0.05095566452957652, -0.04622105004829399, 0.23674290685624771, 0.007305323716524911], [-0.05309781834546448, -0.6269940443717376, -0.3794880730281267, -0.3052180732244102, 0.2729363163886821, 0.3379048017358399, 0.5788258988042574, 0.24091691035079066, -0.5059507214391584, 0.0727626946093182, 0.5193031290878403, 0.021177484965102716], [-0.6889965876674132, -0.21207931302730704, 0.08910479070344542, -0.6377798311306476, 0.37664879328397444, -0.3538641544854591, -0.37814716087783556, -0.14257219527780945, 0.5713787066203782, 0.6578812951457909, 0.33036425869346964, -0.09576052458508147]], "inverted": false, "swapped": true, "error_lsq": 0.048537817378917554, "error_max": 0.2710209270725842, "target": "596.xyz", "model": "11.xyz", "model_rescale": 3.890672605050136, "target_rescale": 3.8141263603944093},
{"mapping": [11, 4, 2, 10, 3, 0, 8, 6, 7, 12, 9, 5, 13], "R": [[-0.3067913078186876, 0.9495072325716727, -0.06568948729425864], [0.47727509926932055, 0.2131887366876669, 0.8525016376330177], [0.8234607295216692, 0.23018813575768832, -0.5185806100232061]], "T": [-0.09099558147014541, 0.03138605314681672, -0.07934023337499338], "aligned_model": [[-0.6366002045677427, -0.048703151097911505, -0.5571109384641315, -0.6824262753584898, 0.6854568974564079, 0.2269756009966596, 0.5710527581751711, -0.13420172530467045, 0.4596019477787614, -0.1585299896847775, -0.4413830478494543, 0.16877150943811542, -0.02766829302268932], [0.08610721913076078, -0.4599584455523419, -0.2295408961251101, -0.6381962219748575, -0.2447668801294837, 0.18196517297864961, 0.2821731120543365, 0.5930973545784844, -0.5619349761116846, -0.6274771015685139, 0.10938759944616416, -0.16764081493056163, -0.12462340007047981], [-0.1249839968387836, -0.5771845642219194, -0.5486138580170588, -0.11688774477316807, -0.4963825111044108, -0.5535920605075285, 0.054782445153019166, 0.04178774407220845, 0.18857148212291633, 0.2619376501901952, 0.6112861476738345, 0.6262669846290664, -0.07922188246073202]], "inverted": true, "swapped": false, "error_lsq": 0.04460363571024623, "error_max": 0.2418197559105833, "target": "596.xyz", "model": "12.xyz", "model_rescale": 4.124412569039231, "target_rescale": 3.8141263603944093},
{"mapping": [2, 9, 11, 8, 7, 10, 5, 4, 3, 6, 1, 0, 12], "R": [[-0.2742361257620967, -0.9460402221959109, -0.17263384753433353], [0.7987245874011485, -0.3240471939237323, 0.5069836778349186], [-0.5355684650984045, 0.0011463409907336852, 0.8444910331640427]], "T": [0.08204880753690791, -0.18710507039433938, 0.004561042429850434], "aligned_model": [[-0.6536801636486543, 0.10997539338252003, -0.5869432314472528, -0.5568992254647067, 0.5053807524430753, -0.05891316119281487, 0.6353215201139921, -0.06860677547145372, 0.45758243248044206, -0.21301786943790096, -0.5138347233543475, 0.34267194903345133, 0.026198191058898306], [0.24280966669650844, -0.7095670596859518, -0.1301070761165078, -0.45301889999059863, -0.1671873161899501, 0.22278734306598297, 0.32809717996248494, 0.5615242588835974, -0.6813618028345326, -0.7346200182587421, -0.16992659059278348, -0.004855335124052812, -0.1059826280900918], [-0.12299958409441163, -0.3627192967510686, -0.7301183037890387, -0.184994667722236, -0.45746820123926984, -0.5927057363692251, -0.042362574407216205, 0.1919997748274111, 0.3558987072769875, 0.2510886327481831, 0.5590806690915321, 0.4899763342207134, -0.06690991787472206]], "inverted": false, "swapped": false, "error_lsq": 0.057122471702745245, "error_max": 0.37574563860683524, "target": "596.xyz", "model": "13.xyz", "model_rescale": 3.9028299243045295, "target_rescale": 3.8141263603944093},
{"mapping": [12, 10, 13, 14, 4, 5, 0, 8, 7, 9, 1, 6, 15], "R": [[0.4723085860434135, 0.8813738202551824, 0.010236626322050801], [-0.5257591389437741, 0.2723832102387178, 0.8058441006777626], [0.7074616084048468, -0.38598908760331074, 0.592039269714764]], "T": [-0.01848209867218445, -0.029992653004867503, 0.043682810745115805], "aligned_model": [[-0.643194609860127, 0.07555616467332575, -0.48674855666428507, -0.5865175567260852, 0.5258044012940786, -0.04671549870134713, 0.6089289147923767, -0.07496522628510319, 0.4209273902956, -0.13171904072769947, -0.3496963124644661, 0.12120512131114891, -0.0076301024421681195], [0.23704599601470963, -0.5721886789978601, -0.10745109132966082, -0.6595220359574125, -0.09487780289971257, 0.15161420354182614, 0.5034451386914495, 0.695241165108043, -0.8220907887347753, -0.7390751974653097, 0.022129894132195266, -0.27699935091416616, -0.13867972946396392], [-0.10686594300575415, -0.45884368255980534, -0.5945789431200602, -0.2094557425726985, -0.35494658751886987, -0.43414943851520205, -0.051269555303645784, -0.21584122459276245, 0.05498768648284584, 0.3356156738473765, 0.6002608739174902, 0.6469103250467343, 0.07594239381199089]], "inverted": true, "swapped": false, "error_lsq": 0.04128199531253451, "error_max": 0.2799636333781169, "target": "596.xyz", "model": "14.xyz", "model_rescale": 3.942246331269136, "target_rescale": 3.8141263603944093},
{"mapping": [4, 8, 13, 11, 0, 12, 5, 3, 7, 6, 10, 9, 14], "R": [[0.515419279786911, -0.16913471397646646, 0.8400811952139154], [-0.41269357111415333, 0.8101648063236293, 0.41631358728204326], [-0.7510172983260698, -0.5612721578010931, 0.3477737518737085]], "T": [-0.033237629674798166, -0.07514493052429073, -0.034285407374589696], "aligned_model": [[-0.5497551340472122, 0.06789837603277542, -0.5951207412322203, -0.5898152315579355, 0.5898429669777085, -0.05528341911621276, 0.38811857131841004, -0.09471768264541945, 0.5362123088757441, -0.07665230907151188, -0.457818580358507, 0.21442177668342427, 0.04790418663620487], [0.19519780919886048, -0.7372709767132483, -0.033705167214190104, -0.521894267969092, -0.2804776440797645, 0.2747705137562247, 0.3471351101990156, 0.6335456034018473, -0.6778185596446269, -0.5937522776263627, -0.060490564297720595, -0.2793807375128788, -0.06726711977270199], [0.027264959630638866, -0.42184383341573156, -0.6203741049867075, -0.10318698378033563, -0.36643978366272373, -0.77262775560109, 0.18232040344406775, -0.13688102478031244, 0.1742590060647209, 0.17053396300588108, 0.5388784277634773, 0.7040335343561331, -0.0881709721203795]], "inverted": true, "swapped": false, "error_lsq": 0.042539741363054745, "error_max": 0.2413778398735694, "target": "596.xyz", "model": "15.xyz", "model_rescale": 4.355366556412066, "target_rescale": 3.8141263603944093},
{"mapping": [10, 9, 11, 5, 6, 0, 4, 2, 8, 3, 1, 12], "R": [[-0.0501854163990583, 0.9853840280863086, -0.16278741097902627], [-0.13968309824814695, 0.15446576452297758, 0.9780741074448966], [0.9889236856525644, 0.07182370627260426, 0.12988956529535017]], "T": [-0.23596759231313102, -0.07682533556101043, -0.10468134799607842], "aligned_model": [[-0.16054306764114878, 0.4724158286872199, 0.0757971105100409, -0.4973364646912407, -0.525222915257009, -0.45734625302047793, -0.06272739077853962, -0.22791066288345446, 0.5824800675583851, 0.2770789221409955, 0.23450799869706868, -0.11338461869005897], [-0.5845613335491762, -0.38134858688189255, -0.5819194078342672, 0.45897016918584677, -0.18634981585101024, -0.11111014414893984, 0.3988033763149367, 0.43391021824829146, -0.014818069620365207, 0.021146696065662204, 0.5752473847064109, -0.015194058894516624], [0.2503497549590922, 0.014821799473640707, -0.42062949865477145, -0.06212323455003784, -0.608226974390745, 0.5232713739306186, -0.6767674468757975, 0.5696108187169935, -0.5017248502022713, 0.5832518230925797, -0.07801970600488708, -0.14455539828499336]], "inverted": true, "swapped": true, "error_lsq": 0.04026496428956653, "error_max": 0.232642321601496, "target": "596.xyz", "model": "16.xyz", "model_rescale": 3.795458400668931, "target_rescale": 3.8141263603944093},
{"mapping": [5, 0, 1, 2, 3, 6, 8, 9, 7, 4, 10, 11, 12], "R": [[0.2649128694591373, 0.837629285324206, -0.4777011115354308], [0.8670247685180594, -0.4237207896942809, -0.2621616736997622], [-0.422006187598158, -0.3447286944078125, -0.8384944274595707]], "T": [0.015152443720486637, -0.2187439622560658, -0.027054184859592035], "aligned_model": [[-0.5078292763987503, -0.0010482830951977148, -0.557766157641737, -0.6280267742830992, 0.628853783153089, 0.13056575191597203, 0.5255054329924997, -0.18669996180094556, 0.5114743086127105, -0.14053521968762828, -0.54919198479413, 0.3146117445249308, -0.11467827500246577], [0.2790313472110583, -0.540402552859681, -0.25451832904608784, -0.5122294918767643, -0.23710766452756388, 0.2166597843760974, 0.21580170937380178, 0.6289722166844947, -0.6436305991070306, -0.683746491455827, -0.023042203891155133, -0.0149222387281715, -0.23227376442780848], [-0.31216199908231884, -0.5243304410893141, -0.6477643289105547, 0.014594127861577221, -0.5518545060174822, -0.5315134961403208, 0.06457909470412167, 0.16936059407071372, 0.03935840281275742, 0.39131142998539087, 0.3997008395156567, 0.6969079698162183, 0.0795781483911935]], "inverted": true, "swapped": false, "error_lsq": 0.05229734095310951, "error_max": 0.3193499529835238, "target": "596.xyz", "model": "17.xyz", "model_rescale": 3.7474275329858107, "target_rescale": 3.8141263603944093},
{"mapping": [5, 0, 4, 8, 2, 9, 7, 12, 1, 3, 10, 11, 13], "R": [[-0.5440735602069204, -0.7781180611348701, 0.313872974337513], [0.09720690015463132, -0.43002499812608075, -0.8975685598042034], [0.8333875326917808, -0.4578327029848074, 0.30960367638568365]], "T": [-0.009340070372271227, -0.12968309763012953, -0.05652960781639004], "aligned_model": [[-0.6249629133336366, 0.041649453623039394, -0.537072539068709, -0.5836938410207515, 0.5292376288377677, 0.004173673516446395, 0.5831765271695576, -0.090572053887987, 0.4798478620959685, -0.12321591077547692, -0.496551405612045, 0.2070176344314898, 0.03620097251958538], [0.24672346140938806, -0.8033297541196198, -0.1948349028875367, -0.5614503049891904, -0.2674543402498094, 0.373229441631867, 0.29495831601320077, 0.5911255930869919, -0.5764498435249858, -0.6201182072442811, -0.03781457212299508, -0.06917648522862921, -0.1768166800490374], [-0.10699300253463997, -0.5492188013493224, -0.6940870607379835, -0.07996624601239644, -0.49787513054244265, -0.49768776815714133, 0.13326774067074126, 0.12533055701986903, 0.14250068711291572, 0.3985471742099542, 0.42370435526668704, 0.6299577957343215, -0.13971446476292346]], "inverted": true, "swapped": false, "error_lsq": 0.04662776230710586, "error_max": 0.30288415408377306, "target": "596.xyz", "model": "18.xyz", "model_rescale": 3.922800546911778, "target_rescale": 3.8141263603944093},
{"mapping": [5, 2, 0, 1, 9, 3, 7, 12, 10, 6, 8, 4, 14], "R": [[0.9215009758765776, 0.08271140306139889, 0.37946643496115706], [-0.3581290935062849, 0.558995061718531, 0.7478422783974322], [-0.150264779116338, -0.8250353597136978, 0.5447358546848259]], "T": [-0.051101196137013756, -0.10295599933519722, 0.05899986100811347], "aligned_model": [[-0.7145868777372059, 0.1366636092668016, -0.44414404693475995, -0.5552015478123962, 0.5605938815883637, 0.009228853396024438, 0.5139868506143773, -0.16288882488961764, 0.45474663406041277, -0.213564406594822, -0.44177490320678964, 0.26286543615451397, 0.019310430590345755], [0.2275596415886923, -0.5640236343982172, -0.06085635059114747, -0.6181609235005934, -0.2772138452857569, 0.22168446658524232, 0.4151142204647073, 0.6719588211628578, -0.7268215636981288, -0.6507387688446982, -0.017817997530196805, -0.37181818453738785, -0.05027415969001103], [-0.12287889421611295, -0.4560632191450338, -0.6773340121019631, -0.10961136487062231, -0.4491403961317819, -0.48883049283822666, -0.1656994176596908, -0.01599741625480086, 0.13323177833470845, 0.4454031666220205, 0.5221588286149489, 0.6531422835534024, 0.019384992010791156]], "inverted": false, "swapped": false, "error_lsq": 0.040289718230549915, "error_max": 0.30461941517566227, "target": "596.xyz", "model": "19.xyz", "model_rescale": 3.9282355846067225, "target_rescale": 3.8141263603944093},
{"mapping": [9, 2, 12, 10, 5, 7, 6, 8, 1, 0, 11, 3, 13], "R": [[-0.036545095497283464, 0.021771746248954008, 0.9990948138491992], [0.03823856365916882, -0.9990000192609343, 0.02316837857807788], [0.9986001543382509, 0.039050641248571084, 0.03567603080076692]], "T": [-0.014357210066470227, -0.011940608336085429, -0.047383143509517923], "aligned_model": [[-0.6339126245689639, 0.15606754004537066, -0.6328752627057685, -0.5533719124810246, 0.6342321416442365, 0.05010555532432284, 0.5171712050198434, -0.2083528715622554, 0.2669155196437329, -0.11105319276196542, -0.5582945336136884, 0.5149314613949165, -0.01632793688350791], [0.28735335548441243, -0.6703548593933465, 0.03664525578257285, -0.6607625254321466, -0.2150564989798631, 0.07111550323448144, 0.3629520779775999, 0.6802735928743712, -0.685986430508916, -0.49929866534794265, -0.13915170262906307, -0.20164745633646367, -0.16748992500033377], [-0.11808701058227816, -0.5123157073442106, -0.6286482961160532, -0.22267609678547468, -0.20790086858703755, -0.6614222388353546, -0.10884102958937303, 0.2012667350176354, 0.12009425030629484, 0.5797763253602574, 0.4012956913679773, 0.4528366913890581, -0.007612609683802382]], "inverted": true, "swapped": false, "error_lsq": 0.05621099140455131, "error_max": 0.331080464480341, "target": "596.xyz", "model": "20.xyz", "model_rescale": 4.067790424073018, "target_rescale": 3.8141263603944093},
{"mapping": [2, 13, 6, 4, 10, 11, 12, 3, 1, 8, 0, 7, 14], "R": [[0.7277598966690653, 0.4717353606303156, 0.4978265584831906], [0.5809234911274803, -0.8098325657229091, -0.08184810902464797], [0.36454551191379636, 0.34876491369637, -0.8634058169353922]], "T": [-0.06233055136474425, -0.18527906157160745, -0.068351733967971], "aligned_model": [[-0.7184628904514418, 0.27367638421912616, -0.5691475322918154, -0.7798881723011943, 0.705148490038235, 0.16644773797021456, 0.41730585017609806, -0.275002237171287, 0.46660226699173174, -0.2134471658251986, -0.26095673062090835, 0.19994610330140067, 0.013012984460287938], [0.12830001175184824, -0.495035954824596, -0.064132350577008, -0.5416660557177788, -0.255554263659728, 0.18232091142010182, 0.40754948083608855, 0.6299194090906971, -0.7748962795317873, -0.5885233421801161, 0.11944279528182328, -0.37185955718399777, -0.17727308298018454], [0.08938364544056121, -0.5987039861541866, -0.5937248632337638, -0.04443801874516651, -0.34642391620184076, -0.5485215041166263, 0.005925506970326164, -0.1865347451703546, 0.1458601033081044, 0.3054472972180263, 0.5416894616826624, 0.6047475397524489, -0.08694068483255228]], "inverted": false, "swapped": false, "error_lsq": 0.043817313629993054, "error_max": 0.23053051426853785, "target": "596.xyz", "model": "21.xyz", "model_rescale": 4.186013935880536, "target_rescale": 3.8141263603944093},
{"mapping": [4, 0, 6, 3, 1, 7, 9, 10, 2, 5, 11, 8, 12], "R": [[-0.26695361291277797, 0.6565300077844443, -0.7054814791554574], [-0.7135468648571415, 0.3573899230259979, 0.6025971411913731], [0.6477550773288921, 0.6642595816381038, 0.3730583975688151]], "T": [-0.013133026766696736, -0.1268990650820827, -0.036078325318618175], "aligned_model": [[-0.6005042458036702, 0.1672296677836789, -0.3758130708339597, -0.8396806771755725, 0.564166151242662, 0.006382621756257187, 0.3854684607650456, -0.0779171871177579, 0.43475335602995546, -0.1761261037322655, -0.33709187516023736, 0.33315123655234735, -0.05878324581123466], [0.2799469793406181, -0.6258143455734244, -0.262223821503774, -0.5371319003405486, -0.1297597923321135, 0.28682779872795783, 0.29506939544950894, 0.7011443897983458, -0.6624653096499196, -0.8567348335764892, -0.0007706893068435416, -0.1589129793691535, -0.13058316993880195], [-0.1667974744632135, -0.5263244699369569, -0.4360823814880184, -0.006639282943647594, -0.48534518503749996, -0.6416961598524848, 0.1841720610429336, -0.11636831245996232, 0.2134528123172007, 0.16219366968403334, 0.4912813963929383, 0.6470984080185344, -0.03117924535621766]], "inverted": false, "swapped": false, "error_lsq": 0.04778996928965129, "error_max": 0.3112943143832954, "target": "596.xyz", "model": "22.xyz", "model_rescale": 4.166573947596378, "target_rescale": 3.8141263603944093},
{"mapping": [2, 5, 6, 1, 10, 12, 9, 11, 7, 0, 4, 8, 15], "R": [[0.13749479227230837, 0.07636240112992129, -0.9875545381353216], [-0.9106202725989885, 0.4020106994618425, -0.09569804935287071], [0.3896997578004623, 0.9124451661397925, 0.12481152814699362]], "T": [0.028596049745385092, -0.016953310764884516, -0.08592429924413636], "aligned_model": [[-0.6326014620244872, -0.021370851129529876, -0.5132534798520669, -0.5199073732119149, 0.6978843877636467, -0.022830860272659514, 0.4222323895053606, -0.11441632501341847, 0.33908165637204923, -0.17189180890950495, -0.3399260109700249, 0.31506198367580684, -0.012827157438007976], [0.09805465848902348, -0.7565261434022815, -0.1273866097963856, -0.4712343076641635, -0.3255073722252415, 0.3582481364761476, 0.3905523729036616, 0.7551149094048191, -0.6551874515467014, -0.7062077145756278, -0.16368883487873687, -0.1275283934814542, -0.07011152797769661], [-0.03693188527509869, -0.4622184863411454, -0.6087160414387727, -0.1154510960135817, -0.21929875276935304, -0.620677047851797, 0.11266753361989193, -0.16043236254092058, 0.001514349352374586, 0.3032912556833206, 0.5325526122842525, 0.6622665587598766, -0.1008008015514082]], "inverted": true, "swapped": false, "error_lsq": 0.04227276103742568, "error_max": 0.2423556752793525, "target": "596.xyz", "model": "23.xyz", "model_rescale": 4.274766983524099, "target_rescale": 3.8141263603944093},
{"mapping": [10, 6, 7, 0, 5, 2, 3, 1, 9, 4, 12], "R": [[-0.45971620977058747, 0.5307844269035674, -0.711989395026932], [-0.8465915288966387, -0.5040811983954129, 0.17083596993811373], [-0.26822339509188414, 0.6813002550864748, 0.681091897429772]], "T": [0.049994848872015205, 0.19624923809025457, -0.07247642720631128], "aligned_model": [[0.19856576464282277, 0.17506073608774742, -0.500162916176327, -0.39731146987492855, -0.4394744619384489, -0.5688679229276334, -0.01441510891359793, -0.01087499429933804, 0.6256614439884978, 0.19418168864216062, 0.1175319447271206], [-0.24766696455694376, 0.7415896276980549, 0.5009053192241197, -0.23868346331044776, 0.39717961283304937, -0.2756437729502505, -0.6163198291289194, 0.0820604489581673, -0.310125300853675, 0.6984018193154238, 0.18388903401490447], [-0.48526799041335267, -0.26269954570854004, -0.5743983576099049, -0.30754914564250524, 0.20545968353800922, 0.2590526091372941, 0.21326849609994766, 0.7215718962827947, 0.07249005710881909, 0.48481190384497874, 0.05282682738403682]], "inverted": true, "swapped": true, "error_lsq": 0.04954848082258157, "error_max": 0.3007499272930146, "target": "596.xyz", "model": "24.xyz", "model_rescale": 3.7841303162186577, "target_rescale": 3.8141263603944093},
{"mapping": [14, 3, 13, 12, 6, 11, 7, 10, 4, 2, 9, 8, 15], "R": [[-0.641003833889024, 0.5188612951770304, 0.5655944141403687], [-0.2778357620994849, -0.8437776812468871, 0.45918026299942927], [0.7154868092691652, 0.1371939539369035, 0.6850229519986816]], "T": [0.05338127250339222, -0.0879067302692391, 0.057064294019576356], "aligned_model": [[-0.6983673030104657, 0.08718855304600312, -0.4089414962549834, -0.5908604276884679, 0.5807416724996846, 0.1139721618227513, 0.44231161459873847, -0.1752903953270565, 0.4090220384407923, -0.17760917341423324, -0.4450806145445595, 0.19447437411815766, 0.09367408420888684], [0.15081571007769135, -0.6062099968949588, -0.129787550718171, -0.4679686173605312, -0.2808302237953995, 0.2188609361766095, 0.40720086826136326, 0.6539108922340902, -0.7438120622841571, -0.6468306353405165, -0.06388705623983343, -0.18033708448200836, -0.1125334579088164], [-0.027697949923426113, -0.558744669231668, -0.572621065217205, -0.06814553044577037, -0.397576208360536, -0.6441132242434835, -0.10543867510750116, 0.10874590150568056, 0.053573750191635267, 0.507664460643904, 0.36218641866189016, 0.6236392228116033, 0.0062934046325150705]], "inverted": true, "swapped": false, "error_lsq": 0.03874924234914101, "error_max": 0.25360304732424577, "target": "596.xyz", "model": "25.xyz", "model_rescale": 4.19342608120988, "target_rescale": 3.8141263603944093},
{"mapping": [10, 9, 11, 5, 6, 0, 4, 2, 8, 3, 1, 12], "R": [[-0.0501854163990583, 0.9853840280863086, -0.16278741097902627], [-0.13968309824814695, 0.15446576452297758, 0.9780741074448966], [0.9889236856525644, 0.07182370627260426, 0.12988956529535017]], "T": [-0.23596759231313102, -0.07682533556101043, -0.10468134799607842], "aligned_model": [[-0.16054306764114878, 0.4724158286872199, 0.0757971105100409, -0.4973364646912407, -0.525222915257009, -0.45734625302047793, -0.06272739077853962, -0.22791066288345446, 0.5824800675583851, 0.2770789221409955, 0.23450799869706868, -0.11338461869005897], [-0.5845613335491762, -0.38134858688189255, -0.5819194078342672, 0.45897016918584677, -0.18634981585101024, -0.11111014414893984, 0.3988033763149367, 0.43391021824829146, -0.014818069620365207, 0.021146696065662204, 0.5752473847064109, -0.015194058894516624], [0.2503497549590922, 0.014821799473640707, -0.42062949865477145, -0.06212323455003784, -0.608226974390745, 0.5232713739306186, -0.6767674468757975, 0.5696108187169935, -0.5017248502022713, 0.5832518230925797, -0.07801970600488708, -0.14455539828499336]], "inverted": true, "swapped": true, "error_lsq": 0.04026496428956653, "error_max": 0.232642321601496, "target": "596.xyz", "model": "26.xyz", "model_rescale": 3.795458400668931, "target_rescale": 3.8141263603944093},
{"mapping": [9, 10, 4, 11, 7, 3, 0, 2, 5, 8, 1, 6, 12], "R": [[-0.6405906861856306, -0.745062052369586, -0.18581203107184174], [0.6669687731394515, -0.4199576872090524, -0.6154577130972351], [0.38052099604237066, -0.5181873011497328, 0.7659541059998819]], "T": [-0.1687324925877202, -0.13373581498138892, -0.010020980758563204], "aligned_model": [[-0.46688717351063125, 0.021141997082420372, -0.48087279556993323, -0.6723023802223927, 0.5498378561005617, 0.10464718545623572, 0.39915992252126076, -0.2572219985308961, 0.3313431870958492, -0.2561093272466553, -0.18754726878465888, 0.34988010142003134, -0.009834217315943056], [0.1601042472736829, -0.5915531547303958, -0.28859430167299954, -0.6109248403010712, -0.24262307457502139, 0.2778910711370796, 0.4729737561371074, 0.7376679561246093, -0.6855639056484182, -0.6333848700241858, 0.08647448575503996, -0.32287382248010665, -0.1610018252699585], [-0.1056038985477834, -0.5219168589475539, -0.7699225947786557, -0.18403992833436306, -0.37335046939608874, -0.55856762153294, 0.0159577272118668, 0.0775003820015058, 0.10075149244679352, 0.5129205271235302, 0.5390751840408823, 0.6035381045232311, -0.0485762098927861]], "inverted": false, "swapped": false, "error_lsq": 0.04766572998776852, "error_max": 0.26584897259123835, "target": "596.xyz", "model": "27.xyz", "model_rescale": 3.6321398670334006, "target_rescale": 3.8141263603944093},
{"mapping": [8, 11, 10, 0, 13, 9, 6, 12, 2, 5, 3, 1, 14], "R": [[0.3873841500442447, -0.7495458007622648, -0.5367630882001424], [0.9218078957269942, 0.30590253472058443, 0.23810468837654797], [-0.014273180089576953, -0.5870304351659948, 0.8094390307607817]], "T": [-0.09965380360413481, -0.03026734922564306, -0.007201781892541059], "aligned_model": [[-0.5380788780173373, 0.07182189404005138, -0.5401158282346392, -0.4889272150599214, 0.6511519832624554, 0.1066543619331469, 0.5084848453052332, -0.17363234027071572, 0.25015263200007976, -0.16850577453583, -0.4732704989361406, 0.2616199415621864, -0.04212003455332041], [0.23839161158622263, -0.479328082905267, -0.19571701918555462, -0.5166265470222327, -0.17518043990941468, 0.15547437346696938, 0.4493102694161491, 0.7840477210083077, -0.740168048599334, -0.7794229675990016, -0.1734006367919832, -0.3123967008873451, -0.05639181085215334], [-0.05853824744899977, -0.43319048949318945, -0.6263069785797921, -0.04370707016805264, -0.2931531736887126, -0.6150743956070029, -0.07107766577153618, -0.12938145844513624, 0.07717901195910842, 0.4466644837929077, 0.5509052928896154, 0.4797802569248597, 0.003666269553569402]], "inverted": false, "swapped": false, "error_lsq": 0.040684062966141736, "error_max": 0.22937179786835377, "target": "596.xyz", "model": "28.xyz", "model_rescale": 4.156811204709835, "target_rescale": 3.8141263603944093},
