[{"mapping": [2, 9, 10, 12, 7, 8, 0, 6, 3, 4, 11, 5, 13], "R": [[-0.2743015040425864, -0.7179397320705864, -0.6397821707381268], [-0.95389156083016, 0.2874423741917273, 0.08641626985715328], [0.12185883249472013, 0.6339869262322668, -0.7636825271731612]], "T": [0.13084170655808797, -0.18986973151514375, 0.03293310069259483], "aligned_model": [[0.3584297599530809, -0.32706771609563745, -0.7356910628658861, -0.003772948735879661, -0.5440253534400816, -0.3759917987577926, 0.4041588273219581, 0.27073471692427287, 0.5622650737485162, -0.23721194333084245, -0.351818925345118, 0.36427917970050716, -0.02833969804153863], [0.1968399857056073, -0.39098649166936844, -0.6917736177390651, -0.7467282887366363, 0.07624065236875055, 0.32785570152935584, -0.5100567400541658, 0.5513165576415577, 0.09735508031170476, 0.6206637559212472, -0.23805844255838593, -0.08712222986176711, -0.1583733602172222], [-0.5915006571781887, -0.5024304964955466, 0.14537140888587838, -0.050176765165135605, -0.17951500448620503, 0.32560921090797046, -0.6137433761030336, 0.15790955689318595, -0.03471371379882574, -0.31488323468962787, 0.5347083525554877, 0.7452189685002253, 0.018472074444341853]], "inverted": false, "swapped": false, "error_lsq": 0.05043706570267304, "error_max": 0.2784449972473994, "target": "597.xyz", "model": "0.xyz", "model_rescale": 3.8414455957264533, "target_rescale": 4.048811042527639},
{"mapping": [4, 1, 12, 13, 10, 6, 0, 2, 7, 5, 8, 9, 14], "R": [[-0.5214221596924005, -0.31800829661279767, 0.7918267832469041], [0.3878727567848707, -0.9148813837609369, -0.11201240195522144], [0.7600484563011869, 0.24872228877424818, 0.6003861816706662]], "T": [-0.03365345677406271, -0.08592464419803825, -0.06436413148161803], "aligned_model": [[0.27612194680400015, -0.26787584024729827, -0.6454826263308628, 0.10467577023430116, -0.6932231516990743, -0.23467178191686985, 0.44784518195309403, 0.27764489419811317, 0.6028965713199848, -0.3211252134263459, -0.42199170902082045, 0.3222242974572241, -0.09109022828988683], [0.13473509302235645, -0.3341453207143259, -0.5328172114725376, -0.7580953714134206, 0.09429739010118623, 0.516752745644601, -0.48642891500539637, 0.582016245194232, -0.08801933159982021, 0.4879740914580144, -0.3437224886537675, -0.12625499274919547, -0.09911937117031429], [-0.45316448456281755, -0.859363667329693, 0.026419371762728974, 0.25796883156954475, -0.03488301379645843, 0.3899471830515846, -0.4294295495591567, -0.024955597148336173, 0.02369650758759255, -0.21377301783757802, 0.5736296543317583, 0.5163545327805867, -0.13212042657922918]], "inverted": false, "swapped": false, "error_lsq": 0.04353123725859203, "error_max": 0.2267243041739915, "target": "597.xyz", "model": "1.xyz", "model_rescale": 4.316132596720782, "target_rescale": 4.048811042527639},
{"mapping": [9, 4, 5, 8, 7, 0, 11, 6, 10, 1, 3, 12], "R": [[0.8091657871936252, 0.5364492243408364, -0.2397351841917159], [-0.574222147167098, 0.8084616270213089, -0.12906867682310022], [0.12457790549743762, 0.24209920970167034, 0.9622205142916557]], "T": [-0.04293645673396338, -0.011105770692769811, -0.0785056417558738], "aligned_model": [[-0.1744953030803095, 0.3269063526556592, -0.019949203163377317, -0.5147877289658443, -0.5706848678780169, -0.3815809269664401, -0.08512370642832454, -0.25887080145040026, 0.616621115966849, 0.2823187616924746, 0.3373758150028821, 0.040079047246628606], [-0.7951162395035694, -0.4600097004433248, -0.45251232103370304, 0.3391506431208936, -0.23732347634539674, -0.1559395732215817, 0.3709571749070952, 0.6495834442311825, -0.006505468082990875, 0.0869042542343057, 0.5994664367764039, 0.07412125310166605], [-0.06819976896743732, 0.17649611636203102, -0.6338159245592203, -0.12563611147169623, -0.20757158014617047, 0.4285880231418018, -0.7299278694671879, 0.43088644240740126, -0.4418541049301983, 0.7078375658960698, -0.06082878441691175, -0.026715542639060903]], "inverted": true, "swapped": true, "error_lsq": 0.04931577258769748, "error_max": 0.25332752571228934, "target": "597.xyz", "model": "2.xyz", "model_rescale": 3.795458400668931, "target_rescale": 4.048811042527639},
{"mapping": [3, 10, 2, 9, 6, 0, 4, 11, 5, 7, 1, 12], "R": [[0.779341755753648, 0.5261095864374156, 0.34034560493338745], [0.42695639997795476, -0.048315985414811455, -0.9029805081347331], [-0.45862256841185495, 0.8490431488517223, -0.26228051992335627]], "T": [0.1800284066845915, 0.021883549164824916, 0.06900909582763354], "aligned_model": [[-0.10550357147311681, -0.16737889698834543, -0.6453059288334003, 0.23187294976766046, 0.12204156057060317, 0.17206539978765845, -0.2978269886370071, 0.5999031404035005, 0.43824331558428853, 0.6750055835119593, -0.5178825398489524, 0.08806980189871691], [-0.06496946050359935, -0.6315166014005802, -0.1699492849711749, -0.03053458818470813, 0.6698762816072237, 0.5986791598397677, -0.0406570078771777, -0.43040715055216483, -0.5239042414457743, 0.16005681459694848, 0.5145699286904433, 0.034525195490505624], [-0.5857247126882279, -0.07040348889138703, -0.23065080562106588, 0.8606219042764081, -0.49611135127434275, 0.31404849384482, 0.48261185008930113, -0.3683021298773352, 0.4420753300810914, 0.35581320215843926, 0.00645508349609078, -0.021661944954691537]], "inverted": false, "swapped": true, "error_lsq": 0.052340237853231414, "error_max": 0.33522545356202227, "target": "597.xyz", "model": "3.xyz", "model_rescale": 3.7530521520055578, "target_rescale": 4.048811042527639},
{"mapping": [5, 0, 8, 6, 11, 1, 10, 4, 2, 3, 12], "R": [[-0.8268069952670156, 0.5350101660686386, -0.17364997777349916], [0.18940226296714807, 0.5554971127002062, 0.8096602624339778], [0.5296385327376139, 0.6365430700156448, -0.5606210347949903]], "T": [-0.11588391106696135, -0.18130676660310052, -0.13611617258097303], "aligned_model": [[-0.4560347912374583, -0.20654815336317459, 0.37699359159092444, 0.5002696301193733, 0.3452550130195969, -0.24600821410197254, -0.28503808557970955, -0.6949730165057316, -0.24337024676494579, 0.3198380310835044, -0.07218415581520177], [-0.7999061486042528, 0.17267774180362444, -0.26420810726091776, 0.3963590032789467, -0.7125324423455058, 0.662370437690514, -0.35112966979273896, 0.046905442422695176, 0.33093942749951843, 0.07705208799505303, -0.09132441437259026], [-0.06283691218103099, -0.6453075467520686, -0.4487558930116139, -0.30721628170797516, 0.1418279788557988, -0.06534186202165543, 0.5777511168919274, -0.010023611104834684, 0.5912927419997474, 0.3749077086928459, -0.05346666241582436]], "inverted": true, "swapped": true, "error_lsq": 0.044359850955223844, "error_max": 0.3001709255900198, "target": "597.xyz", "model": "4.xyz", "model_rescale": 3.7855080009869324, "target_rescale": 4.048811042527639},
{"mapping": [2, 5, 7, 6, 10, 15, 1, 14, 12, 9, 8, 13, 16], "R": [[-0.11577572695637868, -0.8568055494534385, 0.5024741102519744], [0.9499261261457371, -0.24332721223166015, -0.1960413799515843], [0.2902349667312243, 0.4546164517627578, 0.8420733613368643]], "T": [-0.008768489303448458, -0.14917406108112613, -0.07778241507069891], "aligned_model": [[0.2786261563966952, -0.5262181858662017, -0.5497469467346532, 0.016492705479694496, -0.7141666844963157, -0.28873307636415696, 0.5538021609157511, 0.2921002522198327, 0.648197847152778, -0.24346791081670002, -0.38350346476004044, 0.26644090142467836, 0.006124356484197572], [0.29342018852879787, -0.3767938587422326, -0.6674817899937662, -0.716040111469447, 0.03199606668767868, 0.4292496821428124, -0.4512116361972196, 0.4513435108172595, -0.03730140454256446, 0.49416473010351986, -0.15433277807149312, -0.1519592347077223, -0.09788080191401068], [-0.594793377637073, -0.6570390799949231, -0.06948310059998919, 0.24486572303370127, -0.05422301997734205, 0.4383221382444116, -0.48446596000374276, 0.003174639892616654, 0.05985843821219167, -0.27257820698486135, 0.5179163005332386, 0.5923814999070632, -0.08360967035476509]], "inverted": false, "swapped": false, "error_lsq": 0.042066665578383164, "error_max": 0.26525359426522, "target": "597.xyz", "model": "5.xyz", "model_rescale": 4.2253639853439635, "target_rescale": 4.048811042527639},
{"mapping": [6, 7, 0, 9, 4, 10, 12, 5, 11, 2, 1, 8, 13], "R": [[-0.028996452986261752, -0.626416645475117, -0.7789489020378149], [0.861882980216883, 0.3790278856078564, -0.33689106599033153], [0.5062775267841539, -0.6811314470815011, 0.5289073809940461]], "T": [-0.08035243353290833, -0.06866572847952453, -0.010652862207300436], "aligned_model": [[0.12429235131662628, -0.11884523453342813, -0.514275427492965, 0.010470129830974118, -0.759307022057262, -0.1835631567965661, 0.4726329523826328, 0.27130205159003973, 0.6725256383262268, -0.2612221278131656, -0.5504686551125153, 0.304618006328529, -0.11221139493356751], [0.16671268923642352, -0.4221472840601615, -0.7222311881730545, -0.5926258492803985, 0.13105102639712984, 0.4951467828433795, -0.6429506356951323, 0.45163848817115054, -0.03197162197613469, 0.5604095691132915, -0.20347468842629185, -0.08840920131882914, -0.053975524189759844], [-0.5731788443899314, -0.7198498095797066, -0.17686259277360955, 0.28903611203054214, -0.003930009405852832, 0.5184742237260244, -0.49619150410641066, 0.06912126692694082, -0.20399696031938983, -0.1580368358499889, 0.5366341415521999, 0.6196429662033168, -0.06053582974360747]], "inverted": true, "swapped": false, "error_lsq": 0.04192231814733913, "error_max": 0.2725268000329267, "target": "597.xyz", "model": "6.xyz", "model_rescale": 3.89814844738969, "target_rescale": 4.048811042527639},
{"mapping": [0, 1, 5, 10, 6, 8, 2, 7, 4, 3, 9, 11, 12], "R": [[-0.9525685371000608, 0.09999210015310031, -0.2874278379594129], [0.1560517139604989, 0.9713472484473383, -0.17925508501511392], [0.2612681471152593, -0.21560636085412102, -0.9408787660810515]], "T": [0.029047877830272427, -0.006017261581447941, -0.03197657390009094], "aligned_model": [[-0.018002476745843703, -0.30237971990470275, -0.5227796751639622, 0.15122085537736618, -0.6267786888494913, -0.2757166627291791, 0.3072245357710063, 0.39083308714872256, 0.6572135874377051, -0.29494676346173226, -0.5172815559974576, 0.29861514211120455, 0.10872644604192294], [0.17701480264989355, -0.38127473345176605, -0.5406747269446215, -0.6885710182005418, 0.12902610574190793, 0.35144028314297915, -0.5541280517726381, 0.5416132940267402, -0.1505980846352026, 0.7068512333606021, -0.439431129184708, 0.04763926722433941, -0.1517346793153715], [-0.5934887421260205, -0.7132505197537112, -0.1424498761619964, 0.20905826991832166, -0.1270063292758737, 0.45488013073886596, -0.3837437599392088, -0.054042756819400864, -0.03210011645697115, -0.23003696368823834, 0.5262549624155044, 0.729466028117696, -0.0032140026984400945]], "inverted": true, "swapped": false, "error_lsq": 0.04046065233210756, "error_max": 0.19777535976832034, "target": "597.xyz", "model": "7.xyz", "model_rescale": 3.7474275329858107, "target_rescale": 4.048811042527639},
{"mapping": [8, 7, 10, 0, 11, 13, 3, 4, 2, 13, 12, 1, 14], "R": [[-0.2846450830448239, 0.6461669681585624, 0.7081281140861285], [-0.9343820225229249, -0.021910895896742416, -0.35559829671550847], [-0.2142601518817112, -0.7628814861443249, 0.6100036273776186]], "T": [-0.07717724925404121, -0.1771578517950323, -0.1117349140452013], "aligned_model": [[0.3198037362135516, -0.47028323367253244, -0.6139127217987127, 0.1271696794800419, -0.664925173554013, -0.2877743898405314, 0.48569939355913183, 0.2543928504612647, 0.692717125910671, -0.2877743898405314, -0.47198566127149755, 0.3222827699666123, -0.04946187457789617], [0.15799171674693618, -0.47582029253189456, -0.7030704805294368, -0.7520252959697382, -0.028309562249069442, 0.6045835108717634, -0.5304504920038093, 0.5306802849515787, 0.0988245593603953, 0.6045835108717634, -0.04343223844468219, -0.2822751855427542, -0.13410747288943967], [-0.5536525305076317, -0.5809321683332955, -0.0088063021912608, 0.13722892262982783, -0.2491267615842124, 0.2789582071704455, -0.38097223005896574, -0.1471225812103883, 0.08747817707187389, 0.2789582071704455, 0.34311274939134184, 0.5161057179943775, -0.08090308327203118]], "inverted": true, "swapped": false, "error_lsq": 0.05731028214854482, "error_max": 0.43646718713230237, "target": "597.xyz", "model": "8.xyz", "model_rescale": 4.019505241142653, "target_rescale": 4.048811042527639},
{"mapping": [9, 1, 2, 6, 0, 4, 10, 8, 11, 7, 3, 5, 12], "R": [[0.40119698783855096, 0.5714474735244137, 0.7158832041274876], [0.027359304432271803, -0.7886659537160907, 0.6142128962420697], [0.9155831176961795, -0.22683429734423669, -0.33204481043692063]], "T": [-0.02796798414624113, -0.1391376535344732, -0.0620131360284503], "aligned_model": [[0.3541035163020202, -0.2800876805301487, -0.4260039539489, 0.3004050556108796, -0.6235812627842071, -0.3823421362916019, 0.3287740753321809, 0.26291466174421607, 0.569928047167244, -0.3648124465584119, -0.523954776842133, 0.14658532320187717, -0.005980311367456234], [0.1820102167767018, -0.2912335801945851, -0.5393787451437702, -0.7674570111599968, 0.12045497609011088, 0.4374567215074707, -0.7215225370388533, 0.4703587301954578, -0.022654811328093438, 0.6830074347220304, -0.20222057147971897, -0.16964316676831961, -0.13200509353682163], [-0.5291592324161368, -0.6699669089086296, 0.1150365675785125, 0.09751043452027788, -0.08443114276000244, 0.41710329888520165, -0.6717202039573632, -0.05581830544115258, 0.06527239812251681, -0.2357867015488069, 0.636899200875487, 0.5853857176144416, -0.029998798293818886]], "inverted": false, "swapped": false, "error_lsq": 0.0527130995871353, "error_max": 0.32376756204406437, "target": "597.xyz", "model": "9.xyz", "model_rescale": 3.877068213659057, "target_rescale": 4.048811042527639},
{"mapping": [4, 5, 12, 0, 6, 14, 1, 2, 7, 13, 11, 8, 15], "R": [[-0.8805886972691818, -0.27045091927366716, -0.3891270313224121], [-0.37888105653752713, -0.09139223711240396, 0.9209216057800996], [-0.28462728477567334, 0.9583860178756879, -0.021989759016624533]], "T": [-0.13142026594750802, 0.017031020134728556, -0.01061737956529668], "aligned_model": [[0.25019217495183455, -0.11829328821201229, -0.6380508597622134, -0.07786729894162947, -0.7290457829240412, -0.33884542404525986, 0.4252176797585311, 0.2805025706655, 0.675711118543258, -0.346139796504201, -0.3073963026916893, 0.4102149062359951, -0.13025158603851267], [0.18604515015719358, -0.5523264815331287, -0.5276382918621771, -0.767817558913998, 0.12125047708378299, 0.637315141024922, -0.5576912494458061, 0.5293431993684634, 0.006776136001803643, 0.7318898797320464, -0.44140295485804193, -0.24658131729763016, -0.07198956681581728], [-0.5434370944300584, -0.5460192473175463, -0.08030236857516933, 0.11149250260585265, -0.12146241272701869, 0.4156970112288539, -0.3464076719380724, 0.07999810274859669, -0.1319447669856465, -0.2118904031337986, 0.5403145593598688, 0.4715265943836606, 0.0027615190510036428]], "inverted": false, "swapped": false, "error_lsq": 0.0483153402598568, "error_max": 0.2497419364586376, "target": "597.xyz", "model": "10.xyz", "model_rescale": 4.260839863003843, "target_rescale": 4.048811042527639},
{"mapping": [5, 11, 3, 10, 1, 4, 9, 7, 8, 6, 0, 12], "R": [[-0.5877061029057675, -0.7767692079543695, -0.22634295699503656], [0.4028183145623605, -0.5235385828618051, 0.7507627839125968], [-0.7016686839673371, 0.35005278149015573, 0.6205836834066385]], "T": [0.02327175794973194, 0.0037786984336502256, -0.06209654177882403], "aligned_model": [[0.38537666947351973, 0.2708626788826186, -0.46343591512063104, -0.35656414165167627, -0.6516051418979829, -0.2915144530223687, 0.33344143527475206, 0.5864592295679258, 0.3497330424757799, -0.2124470722556766, 0.10196697521354761, -0.09337465784567786], [-0.0262570270428156, -0.698348964900044, -0.4949305448383058, -0.323308106265909, 0.3941005015946775, 0.45591643211179206, 0.6173392459938617, 0.1616066076902007, -0.2262185223936579, -0.1345984849913259, 0.48579418475936864, -0.038016816184908604], [-0.6717813414443449, -0.19558158755835212, 0.1172161669240106, -0.6240559457820435, 0.2927592350506442, -0.3780165468626178, -0.4613766214428981, 0.0031803694562469523, 0.37157241931639234, 0.7551589651142866, 0.33067441727406716, -0.02357145264988709]], "inverted": true, "swapped": true, "error_lsq": 0.04130066853868645, "error_max": 0.24522358327508628, "target": "597.xyz", "model": "11.xyz", "model_rescale": 3.890672605050136, "target_rescale": 4.048811042527639},
{"mapping": [4, 7, 5, 8, 12, 11, 3, 2, 0, 10, 9, 6, 13], "R": [[-0.5560990836443924, 0.17681414218081726, 0.8120902463979781], [-0.2425215932994952, -0.9691051368699801, 0.04492783631214981], [0.7949447062238614, -0.17196509185610553, 0.5817997260480446]], "T": [0.036661740165358274, -0.07091229060234017, 0.1280237258458648], "aligned_model": [[0.23781968108559154, -0.3065949161843063, -0.573285047573956, 0.2295130987881428, -0.5748108019093694, -0.055226882918926114, 0.47939798218676316, 0.17594613827112487, 0.59488142718057, -0.41158633129165245, -0.6060045354835872, 0.18375875778845072, -0.017860458903286053], [0.2548395564904935, -0.4891928451106049, -0.5496069424605191, -0.7638720252220738, 0.021318106389439193, 0.3969706053899669, -0.46542652545361457, 0.6081403030576283, -0.17199763352340175, 0.63799146431792, -0.10376394931772047, -0.24782992836396242, -0.08039762355193875], [-0.45889897838824495, -0.5308999540050783, 0.0664727043764512, 0.08552424924641311, -0.2875806905220099, 0.40262205155230146, -0.5800767574914314, -0.030253136501959377, -0.035888062084064476, -0.18192729792658224, 0.5658835694997023, 0.6563427211477528, -0.03099409463272315]], "inverted": true, "swapped": false, "error_lsq": 0.04507312599487389, "error_max": 0.21273701507888576, "target": "597.xyz", "model": "12.xyz", "model_rescale": 4.124412569039231, "target_rescale": 4.048811042527639},
{"mapping": [9, 7, 5, 0, 10, 2, 3, 8, 6, 11, 4, 1, 12], "R": [[0.8860406322842885, -0.45585802737986447, -0.08441242097343998], [-0.38407321473178524, -0.8237418337410631, 0.4170577382935163], [-0.2596531603251741, -0.3371095522500806, -0.9049515932440253]], "T": [-0.0032888289071121776, -0.20062268137785683, -0.08655663813346536], "aligned_model": [[0.2149513997430281, -0.35777329237199856, -0.5598224369164976, 0.0609468413661536, -0.6340971225469424, -0.2730995056325858, 0.5141319254967309, 0.23884659783540552, 0.636178653842025, -0.3152904188664435, -0.47867852178731374, 0.40658354817726666, -0.09692955730326866], [0.07089865595856143, -0.29071986047642673, -0.7125003382840802, -0.7140397407699175, 0.17623741932760806, 0.39451682402278193, -0.6166520874460497, 0.46980596867367747, -0.004194158840554796, 0.7424166067197233, -0.3110593927683699, -0.028185212915049718, -0.12935212056029144], [-0.6225497705243288, -0.595772641413543, -0.1312498880540391, 0.17620579294026883, -0.15487232790516997, 0.47505415368355985, -0.34722629874749183, -0.00414316105150532, -0.07606908244234845, -0.1488845636865685, 0.5299534010630128, 0.595450878600824, -0.05557016819214364]], "inverted": true, "swapped": false, "error_lsq": 0.029769618611429623, "error_max": 0.17679325670183094, "target": "597.xyz", "model": "13.xyz", "model_rescale": 3.9028299243045295, "target_rescale": 4.048811042527639},
{"mapping": [10, 4, 0, 3, 5, 12, 7, 14, 9, 13, 2, 1, 15], "R": [[-0.7308752590138268, 0.5482661417977825, 0.4064795118079701], [0.6814594855079545, 0.6192606912869283, 0.390037390307737], [-0.037872488335277885, 0.5620679976524281, -0.8262234810523631]], "T": [-0.09725193057937766, -0.105486285573916, 0.08331809561960091], "aligned_model": [[0.11104280491761369, -0.31331399845240315, -0.6921801401546768, -0.05050293753852932, -0.48283116762877293, -0.3118614229257887, 0.5279105479898886, 0.4021021273809477, 0.6719587634962682, -0.27546167566827606, -0.4180501665387135, 0.17658923610131005, 0.010546140056691314], [0.11835355037994937, -0.38287464851068403, -0.6738840600469648, -0.7207966993084587, 0.12296725472942581, 0.47710487698753085, -0.39508069289556264, 0.5881331860994315, -0.05673408405997764, 0.6148718502330832, -0.44110678256692243, -0.08709832015703171, -0.11668286824220658], [-0.5962859310410418, -0.4961093397132461, -0.017680937397271, -0.0055473737014124225, -0.16414799404609115, 0.39759598548938446, -0.5048442208155192, -0.14600308983236554, 0.0009555590458048824, -0.20299780461517236, 0.6548048788082677, 0.672276204402894, 0.048310387686295767]], "inverted": false, "swapped": false, "error_lsq": 0.04085368636225728, "error_max": 0.23551179093961963, "target": "597.xyz", "model": "14.xyz", "model_rescale": 3.942246331269136, "target_rescale": 4.048811042527639},
{"mapping": [5, 9, 7, 6, 2, 12, 10, 3, 4, 1, 8, 13, 14], "R": [[-0.7839024990083077, 0.3546980452357694, -0.5095941215854579], [0.1471055875574751, 0.9034897377684017, 0.4025745146635031], [0.6032054526924474, 0.24061502541011243, -0.7604259276149063]], "T": [0.007021269772071799, -0.12237837334941357, 0.004108365238643379], "aligned_model": [[-0.15449900743884698, -0.13852430599233734, -0.6970044380637822, -0.11752111438153554, -0.6347638246932519, 0.009371081768037047, 0.5133967440918595, 0.3226485126341076, 0.58868907642639, -0.23295702453558753, -0.42953576926533527, 0.4003212403649494, -0.07367305987910766], [0.23847105179431136, -0.5816190638294769, -0.5787922179290698, -0.6665763170054443, 0.006690808388328001, 0.5180101691690067, -0.494718193717382, 0.505054588531802, -0.05990973004284311, 0.6501872468000909, -0.4663051634313269, 0.045520174320887924, -0.06884079040727162], [-0.4923575959432543, -0.6409317728265496, -0.16025012499317062, 0.03768189660345347, -0.38844858284299705, 0.5120190376579828, -0.3334526710480125, -0.14838836393585847, 0.04184704868144331, -0.042734100589028, 0.542600000288469, 0.695523622032389, 0.017217931185659535]], "inverted": true, "swapped": false, "error_lsq": 0.051940506397620156, "error_max": 0.3043694773964139, "target": "597.xyz", "model": "15.xyz", "model_rescale": 4.355366556412066, "target_rescale": 4.048811042527639},
{"mapping": [9, 4, 5, 8, 7, 0, 11, 6, 10, 1, 3, 12], "R": [[0.8091657871936252, 0.5364492243408364, -0.2397351841917159], [-0.574222147167098, 0.8084616270213089, -0.12906867682310022], [0.12457790549743762, 0.24209920970167034, 0.9622205142916557]], "T": [-0.04293645673396338, -0.011105770692769811, -0.0785056417558738], "aligned_model": [[-0.1744953030803095, 0.3269063526556592, -0.019949203163377317, -0.5147877289658443, -0.5706848678780169, -0.3815809269664401, -0.08512370642832454, -0.25887080145040026, 0.616621115966849, 0.2823187616924746, 0.3373758150028821, 0.040079047246628606], [-0.7951162395035694, -0.4600097004433248, -0.45251232103370304, 0.3391506431208936, -0.23732347634539674, -0.1559395732215817, 0.3709571749070952, 0.6495834442311825, -0.006505468082990875, 0.0869042542343057, 0.5994664367764039, 0.07412125310166605], [-0.06819976896743732, 0.17649611636203102, -0.6338159245592203, -0.12563611147169623, -0.20757158014617047, 0.4285880231418018, -0.7299278694671879, 0.43088644240740126, -0.4418541049301983, 0.7078375658960698, -0.06082878441691175, -0.026715542639060903]], "inverted": true, "swapped": true, "error_lsq": 0.04931577258769748, "error_max": 0.25332752571228934, "target": "597.xyz", "model": "16.xyz", "model_rescale": 3.795458400668931, "target_rescale": 4.048811042527639},
{"mapping": [0, 1, 5, 10, 6, 8, 2, 7, 4, 3, 9, 11, 12], "R": [[-0.9525685371000608, 0.09999210015310031, -0.2874278379594129], [0.1560517139604989, 0.9713472484473383, -0.17925508501511392], [0.2612681471152593, -0.21560636085412102, -0.9408787660810515]], "T": [0.029047877830272427, -0.006017261581447941, -0.03197657390009094], "aligned_model": [[-0.018002476745843703, -0.30237971990470275, -0.5227796751639622, 0.15122085537736618, -0.6267786888494913, -0.2757166627291791, 0.3072245357710063, 0.39083308714872256, 0.6572135874377051, -0.29494676346173226, -0.5172815559974576, 0.29861514211120455, 0.10872644604192294], [0.17701480264989355, -0.38127473345176605, -0.5406747269446215, -0.6885710182005418, 0.12902610574190793, 0.35144028314297915, -0.5541280517726381, 0.5416132940267402, -0.1505980846352026, 0.7068512333606021, -0.439431129184708, 0.04763926722433941, -0.1517346793153715], [-0.5934887421260205, -0.7132505197537112, -0.1424498761619964, 0.20905826991832166, -0.1270063292758737, 0.45488013073886596, -0.3837437599392088, -0.054042756819400864, -0.03210011645697115, -0.23003696368823834, 0.5262549624155044, 0.729466028117696, -0.0032140026984400945]], "inverted": true, "swapped": false, "error_lsq": 0.04046065233210756, "error_max": 0.19777535976832034, "target": "597.xyz", "model": "17.xyz", "model_rescale": 3.7474275329858107, "target_rescale": 4.048811042527639},
{"mapping": [8, 0, 2, 9, 1, 11, 4, 10, 5, 3, 7, 12, 13], "R": [[0.4259989515894549, 0.5346378475105537, -0.7298542767251333], [0.8806200057262579, -0.06006092165381244, 0.4700011608547156], [0.20744468843373842, -0.8429442791189562, -0.49639867399223847]], "T": [-0.07577296148817454, -0.0875673438082249, -0.0075089861619408], "aligned_model": [[0.22911019709814506, -0.37779227037642754, -0.5612462907415571, 0.19808453858543013, -0.7362173044705014, -0.31669683292145473, 0.43035586230176076, 0.33874071591965144, 0.6455163676998923, -0.2574148932001761, -0.41915832296442584, 0.31073915632008264, -0.12807281221486044], [0.18882485539093002, -0.33979823175094276, -0.5984827517699391, -0.6476258137871371, 0.09227070938681659, 0.45459861287262654, -0.495215888567462, 0.45823328856692164, -0.07480972731439384, 0.5098305529535248, -0.21604734616415533, -0.12325565992758264, -0.16135003724759395], [-0.5970071312404335, -0.7452801613966197, -0.09185242870867608, 0.2355151807729357, -0.10745877983524922, 0.4044963844292587, -0.5241153156869465, 0.07446327380560881, 0.045395488990151486, -0.2734246549327088, 0.650517354157914, 0.6316871106608108, -0.06260999674551894]], "inverted": true, "swapped": false, "error_lsq": 0.04006840719170646, "error_max": 0.24835018831338515, "target": "597.xyz", "model": "18.xyz", "model_rescale": 3.922800546911778, "target_rescale": 4.048811042527639},
{"mapping": [8, 5, 0, 3, 1, 10, 12, 4, 13, 6, 2, 11, 14], "R": [[0.11754345707937291, -0.03173900131414935, 0.9925604120119896], [0.1641775025128711, -0.9851144621133991, -0.050943539371197694], [0.9794025134572947, 0.16894416927082448, -0.11058292952768606]], "T": [-0.022572329698357322, -0.08840066256743498, -0.030308063232585652], "aligned_model": [[0.10146375607772629, -0.21692599086731362, -0.5878192452333342, -0.07279704453389163, -0.7099166774762891, -0.1635671943516791, 0.411153261548909, 0.27168889143957103, 0.6503518012537067, -0.26254818838467997, -0.5295342500842399, 0.4388138521877112, 0.02558513945936239], [0.18890137987810754, -0.4742122429879021, -0.6953623895056489, -0.7121159951762233, 0.09158305759829835, 0.3975703593255574, -0.6528769310042123, 0.5533008298921432, 0.03493286068641541, 0.5519207469904718, -0.1719693810340698, 0.08458229336443956, -0.14908202538576393], [-0.5614476688943151, -0.6595216986453913, -0.1329531906729762, 0.10237918360562044, -0.23802573698443222, 0.5978266844808159, -0.3647668774914029, 0.12936869588323083, -0.09175481127010802, -0.12068423057027083, 0.4688260303337512, 0.4839324455670146, 0.0271474989289904]], "inverted": false, "swapped": false, "error_lsq": 0.040723385254973106, "error_max": 0.29903016342705596, "target": "597.xyz", "model": "19.xyz", "model_rescale": 3.9282355846067225, "target_rescale": 4.048811042527639},
{"mapping": [10, 2, 5, 7, 1, 4, 12, 11, 9, 0, 6, 8, 13], "R": [[-0.16319993844810604, -0.45847616419348813, -0.8735933762094128], [0.8997628414259079, 0.29406353702836013, -0.3224181529932011], [0.40471299618335865, -0.8386454811520756, 0.3645286650779231]], "T": [-0.06943391010725403, -0.12501240880843123, 0.0803266539359116], "aligned_model": [[0.16036357535824258, -0.40441112469323853, -0.6917458779894601, 0.040087492368542796, -0.6424477187093007, -0.11320282799555688, 0.6171142835653189, 0.2574664335984063, 0.6179535507798226, -0.32794605901677293, -0.3606769509074784, 0.3466576311595557, -0.14326429648252192], [0.07852097646993716, -0.42647085678757435, -0.44113896068345326, -0.72135103847914, 0.10726818929206988, 0.3747922677075456, -0.4446151726597023, 0.5016823808171235, -0.0524197356531009, 0.6022327616151518, -0.46555932750815193, -0.018682518244575202, -0.047086403244517974], [-0.7246588277607011, -0.609332160413691, 0.058372836983560356, -0.06279244870876924, -0.3429955581012826, 0.46457580761026773, -0.3060669230954897, -0.03694643448277726, 0.10589240558076132, -0.1305830877987816, 0.555773119278361, 0.7081668906100795, -0.039079295431010616]], "inverted": true, "swapped": false, "error_lsq": 0.04707963197720174, "error_max": 0.2742823702153615, "target": "597.xyz", "model": "20.xyz", "model_rescale": 4.067790424073018, "target_rescale": 4.048811042527639},
{"mapping": [5, 1, 7, 9, 8, 2, 10, 6, 11, 4, 0, 3, 14], "R": [[0.14153151761519123, -0.483666638111825, 0.8637334152961467], [-0.8929597530088326, -0.4390001960944146, -0.09950732302434112], [0.42730751108299725, -0.7571957547468625, -0.4940272056935566]], "T": [0.007685086329856115, -0.05106069737636336, -0.03196287722838353], "aligned_model": [[-0.1315305839879678, -0.25365420395388644, -0.5683768880723465, -0.005250024608467206, -0.5235029483112962, -0.20198406620664397, 0.4532309495738056, 0.35535605372088497, 0.6399556295559525, -0.3753800611260137, -0.456364079495236, 0.3735289732747239, 0.0499193606720495], [0.20412300015823992, -0.5232195259934729, -0.5242144430856943, -0.8225189526209203, 0.0016628437929215104, 0.43314116754607307, -0.626670468017826, 0.5958992046585891, -0.12688240270780493, 0.6452750493833393, -0.157838074444488, 0.06171536201433929, -0.11330019804168309], [-0.5457394809273189, -0.6500833486510081, -0.06265639084041555, -0.12542272309241004, -0.2325305635232955, 0.4927364004718936, -0.4080600684462324, 0.05817416447857756, 0.07991778753705706, -0.13612676408701954, 0.4950238331965062, 0.7277639338453047, -0.05267045569111206]], "inverted": false, "swapped": false, "error_lsq": 0.04466150390360998, "error_max": 0.3068468184712265, "target": "597.xyz", "model": "21.xyz", "model_rescale": 4.186013935880536, "target_rescale": 4.048811042527639},
{"mapping": [2, 5, 3, 6, 11, 10, 0, 9, 1, 8, 4, 7, 12], "R": [[0.5899995152708328, -0.023231247005781195, 0.8070693161945502], [0.14648534082750328, -0.9799172406885464, -0.13529318653944158], [0.7940041668044525, 0.1980467383318956, -0.5747476598762844]], "T": [-0.03963746635210751, -0.037444880051493816, -0.03596649994128041], "aligned_model": [[0.15665748743268074, -0.2513786973327887, -0.6493001658274299, -0.033939067822435554, -0.639436144508193, -0.08132954171736395, 0.4500739510682081, 0.08501592333426583, 0.6889878097324718, -0.2370686851389803, -0.4114512490407597, 0.3556938051614889, -0.0765773143056051], [0.08960278683225886, -0.4042539844399857, -0.7247690222929418, -0.5655134387831087, 0.1598747369895014, 0.31988022613754685, -0.49645849515427465, 0.5564048623792384, 0.02741475975844542, 0.5630072618669771, -0.24333850492485798, -0.17143259287915028, -0.06324603284803623], [-0.7395476141868337, -0.6833887023373323, -0.12671654730825835, 0.13999933353359248, -0.05247386571740934, 0.716947819205722, -0.3029452815042225, 0.0953909364412189, -0.0313113837513914, -0.4697248080086494, 0.5530822883672329, 0.567427416547368, -0.026413267010510794]], "inverted": true, "swapped": false, "error_lsq": 0.053230756161087, "error_max": 0.37139227044890705, "target": "597.xyz", "model": "22.xyz", "model_rescale": 4.166573947596378, "target_rescale": 4.048811042527639},
{"mapping": [13, 6, 2, 1, 12, 9, 5, 10, 7, 14, 3, 8, 15], "R": [[0.9560572876023667, -0.0764742100904771, -0.28303031288793656], [-0.28346874397894484, 0.00528731574001836, -0.9589669000957568], [0.07483270681597118, 0.99705754070831, -0.016623071536030272]], "T": [-0.13657049298274346, -0.09434346559396106, 0.09083877731447842], "aligned_model": [[0.29735549799564676, -0.3993691594639026, -0.49187866285476933, 0.030482808013520574, -0.628460439743758, -0.28024972196643777, 0.38912023504815596, 0.36865588094377133, 0.5705856720277341, -0.20651587469224264, -0.4591956484836974, 0.2762741962415708, -0.11085667203003294], [0.267253174250719, -0.5076655856607672, -0.6655686803726033, -0.7459039023483933, 0.11151676662002949, 0.36196407797450736, -0.3152959881256738, 0.4351121627488517, -0.05665949832277817, 0.6037896028326564, -0.25241509769833453, -0.041618589235044856, -0.14733588002155598], [-0.5398507210142977, -0.49157801324539996, 0.10718189857015151, -0.1450875941444294, -0.29001184996275886, 0.4535905810636199, -0.5140506526233917, -0.0684228998375015, -0.008658582191160988, -0.2748053468923718, 0.572868880293441, 0.7842783855093107, 0.05487223874531586]], "inverted": true, "swapped": false, "error_lsq": 0.04830390587039468, "error_max": 0.30145813148110834, "target": "597.xyz", "model": "23.xyz", "model_rescale": 4.274766983524099, "target_rescale": 4.048811042527639},
{"mapping": [0, 8, 6, 1, 3, 2, 4, 10, 5, 11, 12], "R": [[-0.2065767448332559, -0.9233648385258174, -0.3236099866634022], [-0.850752753691261, 0.33287202449117004, -0.4067136184072114], [0.4832657659930328, 0.19129451190596486, -0.8543187983029673]], "T": [0.14122499375799433, 0.0723234339373934, -0.015408886098545696], "aligned_model": [[0.13988215729389908, 0.23835014450060185, -0.4053112482963128, -0.5473411924791894, -0.44900145000428116, -0.6168978545611656, 0.045038623944120906, -0.04353802466228682, 0.6978380049463775, 0.30719718640718596, 0.01367835686912558], [-0.11670705697295514, 0.5702750819644418, 0.48431614088249664, -0.31009214981025046, 0.40278592189896434, -0.21334068912385049, -0.5501139097242123, -0.04447976080494179, -0.06332837622101173, 0.6707158326482746, 0.08555549650652788], [-0.6129593549710664, -0.3156676428741964, -0.5390292838089032, -0.35210977828315543, 0.22989827846618516, 0.37371630432982217, 0.066103529663936, 0.7052013420445491, 0.4035400473936915, 0.4164273625256847, 0.004445629535029971]], "inverted": true, "swapped": true, "error_lsq": 0.03861241213703946, "error_max": 0.20910282116476728, "target": "597.xyz", "model": "24.xyz", "model_rescale": 3.7841303162186577, "target_rescale": 4.048811042527639},
{"mapping": [6, 4, 2, 12, 8, 10, 3, 7, 11, 0, 9, 14, 15], "R": [[0.7050436496851704, 0.34475635704255125, 0.6197229270547959], [0.49909197685970585, 0.3796017013081887, -0.778979940048651], [-0.5038061637900888, 0.8585136007324974, 0.0955706371457078]], "T": [-0.08256454634477858, -0.041266099663848324, -0.028925476054312626], "aligned_model": [[0.28142781996099375, -0.23934050980047347, -0.6176065565909713, 0.012719357335704645, -0.6653158349868968, 0.03470232726890374, 0.4112030707199926, 0.14607770288209745, 0.6593169059982101, -0.395845507981493, -0.33698029315401, 0.10668892065475358, -0.04109929127125226], [0.04179499051806908, -0.37693042346191563, -0.571813543718021, -0.730288100390684, 0.03327060981292017, 0.4421092418965061, -0.5221254478439713, 0.5620243280283557, 0.15614470571361105, 0.6030652945161206, -0.2645850969305097, -0.28050489850907956, -0.044989096989788646], [-0.647501958643123, -0.6765790114187697, -0.061213009353088266, 0.2733021974667146, -0.09452271810906275, 0.5692817328637029, -0.4460222456883103, -0.10997448483105217, -0.037199154339488505, -0.19632333416984066, 0.44808811050422304, 0.703363322621667, -0.08437312263304507]], "inverted": false, "swapped": false, "error_lsq": 0.0476371890022339, "error_max": 0.2765262787228389, "target": "597.xyz", "model": "25.xyz", "model_rescale": 4.19342608120988, "target_rescale": 4.048811042527639},
{"mapping": [9, 4, 5, 8, 7, 0, 11, 6, 10, 1, 3, 12], "R": [[0.8091657871936252, 0.5364492243408364, -0.2397351841917159], [-0.574222147167098, 0.8084616270213089, -0.12906867682310022], [0.12457790549743762, 0.24209920970167034, 0.9622205142916557]], "T": [-0.04293645673396338, -0.011105770692769811, -0.0785056417558738], "aligned_model": [[-0.1744953030803095, 0.3269063526556592, -0.019949203163377317, -0.5147877289658443, -0.5706848678780169, -0.3815809269664401, -0.08512370642832454, -0.25887080145040026, 0.616621115966849, 0.2823187616924746, 0.3373758150028821, 0.040079047246628606], [-0.7951162395035694, -0.4600097004433248, -0.45251232103370304, 0.3391506431208936, -0.23732347634539674, -0.1559395732215817, 0.3709571749070952, 0.6495834442311825, -0.006505468082990875, 0.0869042542343057, 0.5994664367764039, 0.07412125310166605], [-0.06819976896743732, 0.17649611636203102, -0.6338159245592203, -0.12563611147169623, -0.20757158014617047, 0.4285880231418018, -0.7299278694671879, 0.43088644240740126, -0.4418541049301983, 0.7078375658960698, -0.06082878441691175, -0.026715542639060903]], "inverted": true, "swapped": true, "error_lsq": 0.04931577258769748, "error_max": 0.25332752571228934, "target": "597.xyz", "model": "26.xyz", "model_rescale": 3.795458400668931, "target_rescale": 4.048811042527639},
{"mapping": [8, 1, 2, 0, 9, 4, 6, 10, 5, 11, 3, 7, 12], "R": [[-0.8400307544695521, -0.36436129977750953, 0.4019815602359877], [-0.2962264629583302, 0.928764939022641, 0.22281286023357588], [-0.4545307626426535, 0.06809207932435202, -0.8881245715240481]], "T": [-0.1362898543066565, -0.028056228932466905, -0.1168914361893923], "aligned_model": [[0.21918863891232862, -0.19705815483746025, -0.7562977256710154, -0.11153788946044468, -0.5646913166742751, -0.3988466101549366, 0.47729219527911193, 0.21232787070615008, 0.6120862919604496, -0.22477516960815264, -0.30198478806926055, 0.39873764050073335, -0.008492871847669448], [0.16018692007044683, -0.4098738426928596, -0.6485490604651385, -0.7874878812377822, -0.03846749359891074, 0.5755548630680916, -0.4326497633814327, 0.4172255240178865, 0.053130969034209975, 0.6652080226416439, -0.24278261384091493, -0.18596772484681545, -0.07835535612681216], [-0.7243050249560572, -0.5650830180203619, -0.04331291104783658, 0.22063500396898195, -0.08972375824777537, 0.3984538676690061, -0.4924018887524165, 0.3165555280468192, -0.1311129151894458, -0.26897568323265786, 0.5697775724293253, 0.4738857112085389, -0.024066159605593718]], "inverted": false, "swapped": false, "error_lsq": 0.05391962098526545, "error_max": 0.37113789798688174, "target": "597.xyz", "model": "27.xyz", "model_rescale": 3.6321398670334006, "target_rescale": 4.048811042527639},
{"mapping": [8, 12, 6, 4, 9, 11, 7, 0, 3, 10, 13, 1, 14], "R": [[-0.4535722467670283, -0.18374471324312142, 0.872072300510636], [-0.7860624353353967, 0.5435909853571284, -0.2943037349288176], [-0.41997388575635924, -0.8189912826115242, -0.39099260132262764]], "T": [-0.0026496659717684043, -0.004560790661828948, -0.0100374211107973], "aligned_model": [[0.10547672251271112, -0.28257919701693096, -0.49069682562846906, 0.17672665610695992, -0.6551829323060883, -0.3190861603629692, 0.39345008467299075, 0.29410774073942453, 0.682373311456994, -0.2434279474507614, -0.5785169286226274, 0.28918894036894377, -0.015885353434618797], [0.0975324128420339, -0.4085605600206159, -0.6079370518064319, -0.7901519626678343, 0.09639288567046943, 0.4152637506988506, -0.468517486018041, 0.5366480296646479, -0.012425743829691846, 0.6815111966978369, -0.1732731747915338, -0.29335739543834505, -0.02595233835973225], [-0.504926578100709, -0.6748181179325626, 0.030638057730307693, 0.18267453467495587, -0.11290069338174016, 0.35893566179284175, -0.4883015284585674, 0.08183068316221687, -0.05738446820513431, -0.28572325739004434, 0.5434879705040114, 0.5178772927066642, 0.04893676716828656]], "inverted": false, "swapped": false, "error_lsq": 0.039604887591285914, "error_max": 0.22622213771351254, "target": "597.xyz", "model": "28.xyz", "model_rescale": 4.156811204709835, "target_rescale": 4.048811042527639},
