[{"mapping": [5, 10, 2, 7, 6, 11, 12, 0, 3, 4, 1, 13, 9, 15], "R": [[0.4417682796468618, -0.4585149329245918, 0.7711062464946119], [0.8723225855579194, 0.01881306435932034, -0.48856870073200376], [0.20950917360201254, 0.8884875490937221, 0.40828394688259856]], "T": [-0.009048965052760649, 0.12730305800282737, 0.06261589930673753], "aligned_model": [[0.28811648684154606, 0.04399015679455562, -0.2672949919377092, -0.5597708435145338, -0.7349773107362483, 0.19334287643544493, -0.6966879456124547, -0.19400677842581066, -0.46519394640725614, 0.33052501119198385, 0.7011848661851793, 0.23109935176892213, 0.5456977864852269, -0.04453261794054207], [-0.6191529980022481, -0.4275753491035562, -0.3278441648900091, -0.19337073336315042, 0.10238458388030972, 0.2302321283220196, 0.30315151283459274, 0.3315705816870775, 0.7973928207613878, 0.03690317510602603, 0.3958058379049351, 0.5981282769279223, -0.11936923602135938, 0.1270168957660872], [0.379804597078089, -0.25425619648312403, 0.4653243774017356, -0.29696591001569594, 0.41849612561208105, -0.5650935987964887, -0.19991583023940865, 0.684645541106902, 0.29649624701587907, 0.6157296927269975, 0.30307467014536105, -0.02391043412484449, 0.02002946370172451, 0.054129342050625646]], "inverted": true, "swapped": true, "error_lsq": 0.05252021921126765, "error_max": 0.3054782573845188, "target": "598.xyz", "model": "0.xyz", "model_rescale": 3.8414455957264533, "target_rescale": 4.132057632398729},
{"mapping": [11, 8, 5, 1, 9, 4, 2, 10, 6, 7, 0, 14, 3, 7, 15], "R": [[-0.24620289192867656, 0.9670825244157446, -0.06430806306854109], [0.1623532288264194, -0.024262509579515812, -0.986434366655248], [-0.955523712471644, -0.2533036154471052, -0.15103547035657655]], "T": [-0.02609780424060216, 0.04746903942782634, -0.08182350940732043], "aligned_model": [[-0.6553855502565997, -0.7809428493282403, 0.1662091855545243, -0.3099481248494581, -0.35246824346756683, 0.21669001549688427, 0.5191559114662161, -0.213978932185238, 0.6929488761873064, 0.07729547955825944, 0.5375250732567988, -0.41150781022672606, 0.3204844409870325, 0.07729547955825944, -0.011328798246907619], [0.21941151362040814, -0.14637597415160025, -0.7428675241132137, -0.3604680122861507, -0.4656201966736704, -0.45489619923619284, -0.2182706715283899, -0.2105591648131598, 0.38507954275956213, 0.36127317628956096, 0.05734351566753862, 0.8041659883908976, 0.6829016634635959, 0.36127317628956096, 0.07465369436426796], [0.05962889710951151, -0.4495711999455061, 0.2088631902302147, -0.7042081297607333, -0.10685460355490395, -0.42548138318781825, 0.179145674151443, 0.47426393676273537, 0.07060564889318176, 0.5710640291740493, -0.46272669384979515, -0.2428371293128253, -0.5152917075686783, 0.5710640291740493, -0.06248277097538936]], "inverted": true, "swapped": true, "error_lsq": 0.053729541543064245, "error_max": 0.38527381342014866, "target": "598.xyz", "model": "1.xyz", "model_rescale": 4.316132596720782, "target_rescale": 4.132057632398729},
{"mapping": [0, 6, 3, 9, 13, 4, 11, 5, 12, 2, 7, 15], "R": [[-0.6537894552927894, 0.3073969177351642, -0.6914235193532823], [-0.6324375452390566, -0.7236644909265122, 0.27628328929573065], [-0.4154300175961702, 0.617913294515495, 0.6675335654040575]], "T": [-0.12659061432409394, 0.0744432503357506, -0.12271580316086506], "aligned_model": [[-0.0857134311905316, 0.5260643618993633, 0.12653717547984286, -0.5986224122148037, -0.45193815160182593, -0.5139205195354078, -0.25307436812354633, -0.28985883435913506, 0.5340587962646417, 0.1664179935965737, 0.5289750450994136, -0.09111710068280365], [-0.5299004154413679, -0.33664427067166547, -0.6708867356633468, 0.4226705500708635, -0.13418086035403765, -0.138636115801215, 0.4720530068447013, 0.46587335397201035, -0.05727357242001126, 0.0577607113075669, 0.3910930029357462, 0.07084777296173596], [0.18704745930261102, 0.12078401404078754, -0.42635717915041194, 0.039544829704597495, -0.4934709348198539, 0.36100955372859495, -0.6437574584826414, 0.6297724569694724, -0.4675142813510525, 0.46880069856539985, -0.19614567340501826, -0.13045502389306424]], "inverted": true, "swapped": true, "error_lsq": 0.04603376521411543, "error_max": 0.2625726011045288, "target": "598.xyz", "model": "2.xyz", "model_rescale": 3.795458400668931, "target_rescale": 4.132057632398729},
{"mapping": [10, 11, 1, 3, 2, 0, 13, 7, 14, 6, 4, 15], "R": [[-0.5878376097857214, 0.3145071018928265, -0.7453403433200065], [-0.09398459478710185, 0.8885455433972778, 0.44905869688888195], [0.8035009897094803, 0.3340241011780613, -0.49276166588734777]], "T": [-0.005147504865058841, -0.01732797344943048, -0.03980046547046629], "aligned_model": [[0.06904476054413798, -0.1249829130162526, -0.7741198288051552, 0.3109948511789304, 0.2529235263130704, 0.05462498472424963, -0.294550225753954, 0.632801258075611, 0.18599161070832165, 0.6561428913891647, -0.40644210483405835, 0.03087501521949948], [-0.16683402518379253, -0.6656845620921772, 0.06251172715818061, 0.06166322501163403, 0.5225748676392505, 0.5363772955473669, -0.258478117009221, -0.21222963697485847, -0.6766484295617887, 0.40348299679984717, 0.500726166807965, -0.02169246285269716], [-0.6588760411942749, -0.1439603135096282, 0.15165043043853343, 0.738404489855511, -0.31895703137845294, 0.35095932495244425, 0.34089242995636054, -0.34056625956710135, 0.48538417418394847, 0.1598411334870048, -0.040011273589963765, -0.035989632995281115]], "inverted": true, "swapped": true, "error_lsq": 0.04704160494084342, "error_max": 0.32539301891837336, "target": "598.xyz", "model": "3.xyz", "model_rescale": 3.7530521520055578, "target_rescale": 4.132057632398729},
{"mapping": [9, 0, 2, 6, 10, 3, 11, 13, 14, 12, 15], "R": [[-0.9069057345083176, 0.28851094696580193, -0.3070560570919016], [0.4164804391992941, 0.5035627976349855, -0.75694686246948], [-0.0637654489538965, -0.8143622918080888, -0.5768431547663413]], "T": [-0.10942021145027314, -0.19749395552518006, -0.046367370701715475], "aligned_model": [[-0.3770938513948627, -0.1336244539646566, 0.35490198189423605, 0.44415930767802103, 0.22118010201089472, -0.19808630748569658, -0.29357490012034665, -0.5884436782269346, -0.3333663449037085, 0.323573244623363, -0.08142549766510439], [-0.74009842546784, 0.2111676190874594, -0.28178105687853455, 0.3220569655649879, -0.7144838208139712, 0.640521876304663, -0.39030671166185754, -0.018816247199157643, 0.30871115164859747, 0.3074775495353442, -0.17724554180534471], [-0.11221564445056742, -0.5897506252443077, -0.5082382493590585, -0.32540175082457223, 0.13947135544966088, -0.08706553072940593, 0.5655855333183331, 0.11314815221030036, 0.6174556854373133, 0.3144835704702632, -0.034641719032642834]], "inverted": true, "swapped": true, "error_lsq": 0.03989189034231502, "error_max": 0.23625665197908147, "target": "598.xyz", "model": "4.xyz", "model_rescale": 3.7855080009869324, "target_rescale": 4.132057632398729},
{"mapping": [8, 14, 6, 10, 13, 11, 7, 4, 2, 12, 1, 2, 5, 9, 3, 16], "R": [[0.9799593549251149, 0.11346493309234341, -0.16372346091230416], [-0.029822623183997383, 0.8962210087989333, 0.44260424143228416], [0.1969524659433795, -0.4288515038399334, 0.8816439835971488]], "T": [-0.03797187607234417, -0.06913631630282627, -0.006752783207352129], "aligned_model": [[-0.26094964818670857, -0.5275858529692653, 0.4357336177031729, -0.4187412036481354, -0.08752941518488222, 0.45093912349586207, 0.286722531696263, 0.6587961508922477, -0.2653371989947346, 0.022565211830049253, 0.4899242068419159, -0.2653371989947346, 0.1381274021093776, -0.6698928800923041, -0.2994392319187667, -0.08043309833698249], [-0.7335488781012691, 0.23156470543625166, -0.49322694704045245, -0.4093031579125762, -0.4379129316812088, -0.12288041215265372, -0.5414557257133165, -0.06952568293326886, 0.6329697036401922, 0.21804878348477105, 0.4489180146262475, 0.6329697036401922, 0.021438606372469277, 0.16827329357428641, 0.3486713502291373, -0.039478662006225115], [-0.07114792922756831, -0.36390043850572446, -0.15449346871550312, 0.5131178864028996, -0.6283760591089003, -0.6316638448496005, 0.47580020759658814, 0.24126929012251236, 0.026979015897682417, -0.6206951603555977, -0.16815097043007202, 0.026979015897682417, 0.7780328386191082, 0.2195800271968077, 0.48262251348531493, -0.021043351467622082]], "inverted": true, "swapped": false, "error_lsq": 0.04701657920034966, "error_max": 0.4020829977747877, "target": "598.xyz", "model": "5.xyz", "model_rescale": 4.2253639853439635, "target_rescale": 4.132057632398729},
{"mapping": [2, 12, 11, 10, 7, 13, 9, 5, 3, 0, 14, 1, 4, 15], "R": [[0.37815571754622246, -0.6226300597617278, -0.685076683275828], [-0.7213453879285339, -0.662007224713441, 0.20348775329596902], [-0.5802233058067686, 0.4172268484988896, -0.6994731390770843]], "T": [0.025096498763617935, -0.05362296217996935, 0.03098978475437704], "aligned_model": [[0.6062040718242728, -0.33964466085098366, -0.4998671888206316, 0.15255532731994487, -0.07825806807019259, -0.32931770890867645, 0.19605223971211994, 0.7739939743002087, -0.27065408459551454, 0.34654100245344555, -0.8112526253701415, 0.08481038952010103, 0.526699272035696, 0.016200212208135285], [-0.0900552334404459, 0.0019153121676294335, -0.4179597763883124, -0.680315290515245, -0.449166284479518, 0.2044836245749416, -0.3430367206808038, -0.44081845404104913, 0.6611463684302398, 0.5321836155478608, 0.1244227365534459, 0.202466889374017, 0.1942055678168245, -0.054373208284594396], [-0.28047578538279155, -0.6297464275390559, 0.22398687684963703, -0.015076394143718183, -0.5758781244152548, 0.3385706139668195, 0.5383541454517107, 0.21899202292579883, -0.30579641994384504, -0.09691476472016262, -0.09501181365827426, 0.782786630654308, 0.37215421755410544, -0.004386568667828508]], "inverted": false, "swapped": true, "error_lsq": 0.04583842277023418, "error_max": 0.26695087159596176, "target": "598.xyz", "model": "6.xyz", "model_rescale": 3.89814844738969, "target_rescale": 4.132057632398729},
{"mapping": [13, 9, 4, 14, 0, 10, 11, 3, 12, 7, 2, 6, 15], "R": [[-0.49656858120900266, -0.7557540712920118, -0.4269138412860696], [0.7682103520769886, -0.1536909792432696, -0.6214756132472088], [0.4040699186005159, -0.6365648958470724, 0.6568962126983064]], "T": [-0.04554728503702404, 0.12830022590341877, -0.15822714947866626], "aligned_model": [[0.033225556206281814, -0.03282335312396015, 0.5268280231011235, -0.4234632434193095, 0.5566784835416296, -0.4683115328944896, -0.5762841031377872, 0.24446026333104875, -0.39184016909715613, -0.5749313161368259, 0.17608227410674035, 0.13985631285724565, -0.06084539443031888], [-0.3319916015151514, 0.3965099403183574, 0.3664807033269504, -0.6443717802260069, 0.059808904071745356, 0.5980220106797727, -0.10154923023026874, -0.5002791441441559, -0.15034627041263998, 0.31895386683097865, 0.6446295439624901, 0.1837445787839539, 0.12416974402446007], [-0.4204497273002461, -0.7044015118655997, -0.37053367187077524, -0.07329170091184475, 0.15078506990994758, -0.26659206930763807, -0.4914893922456651, 0.32403019743623596, 0.4542516862458724, 0.30956455876195543, 0.18862800338043104, 0.6271358611832959, -0.12536227257967364]], "inverted": false, "swapped": true, "error_lsq": 0.046170566991449405, "error_max": 0.27869257201231656, "target": "598.xyz", "model": "7.xyz", "model_rescale": 3.7474275329858107, "target_rescale": 4.132057632398729},
{"mapping": [4, 0, 6, 2, 12, 10, 5, 9, 7, 11, 1, 8, 13, 14, 15], "R": [[0.01765573788133551, 0.03388103303014994, -0.9992699087437167], [0.9998164652817314, -0.008032273392247602, 0.017393054237166305], [-0.007437114454571236, -0.9993935952291082, -0.034016630397902786]], "T": [0.019392254703425517, -0.0654612609243911, -0.004807976139387573], "aligned_model": [[-0.4974413898378772, 0.033589518328328835, 0.43863683550280885, -0.159815866633805, 0.7414737789985201, -0.18311644049498013, -0.7069732839327053, -0.5208047728092041, 0.42085693390980977, 0.14865593400929758, -0.4879504962051333, -0.28818108008907073, 0.1022807951276935, 0.7109036022877191, 0.050039654177345017], [0.12810927267285638, 0.15634627961885256, -0.3454876336337473, -0.49262430937669327, -0.2840735610900406, -0.5866372063918056, -0.5072715483410773, -0.03287743865447072, -0.6703379323547978, -0.01519148782640433, 0.5425976558719989, 0.45042494788101684, 0.4331567977995681, 0.2967491392715069, -0.08376501346716923], [-0.3581221777152698, -0.6478129076147217, -0.6373131863567363, -0.47538241501407746, -0.0639678456316599, 0.30900244823287143, -0.1574821178750285, 0.27363456635627, 0.08671070605215622, 0.6481391244374892, 0.08012697030929936, 0.6131445775151321, 0.1722341900412975, 0.36623408782560507, -0.01235136486636581]], "inverted": true, "swapped": true, "error_lsq": 0.049965162602706364, "error_max": 0.31188367196115546, "target": "598.xyz", "model": "8.xyz", "model_rescale": 4.019505241142653, "target_rescale": 4.132057632398729},
{"mapping": [12, 10, 11, 14, 3, 13, 9, 6, 0, 2, 5, 4, 15], "R": [[-0.9959254750234087, 0.015247431184475677, -0.08888174189153294], [0.08710618114402792, 0.4177863226314546, -0.9043600509910809], [0.023344408450466238, -0.9084173624850865, -0.4174121873277505]], "T": [0.037815293341571785, -0.007277620031489185, -0.03739870494010885], "aligned_model": [[-0.23232457017496716, -0.4659726696144127, 0.0818196133286645, 0.3512562035738543, 0.409655323642294, 0.5300464522196519, 0.1104124346856305, -0.27460779848627437, 0.2549384305662692, -0.377646228550058, -0.35146875612203243, 0.2662686171624901, 0.01732371951006637], [-0.6792070080677466, 0.33592554342815456, 0.12342284493853359, -0.5239319996697516, -0.752185053802811, -0.04880394660707824, 0.5950332657126975, -0.6187284917631368, -0.2845258375344085, 0.00422540101901106, 0.6314341843563283, 0.3178516399541343, -0.037132313849867996], [-0.2570081475942725, -0.23619608213976917, -0.6905120743529987, -0.6553627644716323, 0.09911670881031046, -0.2443249180112038, -0.08593771462683991, 0.3901095079001123, 0.5447064903734494, 0.4757129082326153, 0.39459409489452113, 0.48367474072618827, -0.041869255696601514]], "inverted": false, "swapped": true, "error_lsq": 0.0561683259979607, "error_max": 0.3492208412005626, "target": "598.xyz", "model": "9.xyz", "model_rescale": 3.877068213659057, "target_rescale": 4.132057632398729},
{"mapping": [6, 5, 10, 13, 12, 11, 14, 9, 1, 0, 8, 7, 2, 3, 4, 15], "R": [[-0.5022620780268494, 0.8642729735934834, -0.027659213510666525], [-0.6132718597679269, -0.3785812191608343, -0.6932343662250771], [-0.6096149858664395, -0.3312227160304286, 0.7201812837004908]], "T": [-0.04609892905912372, -0.058705603492726716, 0.04512601158089759], "aligned_model": [[-0.27594300388737597, -0.6124350257357304, 0.38350968229648746, -0.2274380644773874, -0.2716841276637444, 0.41139333541120143, 0.3759787140152314, 0.5796231430216717, -0.29970332851624903, 0.01695116886579945, 0.5186395632689909, 0.012114644705607074, 0.17628061929282596, -0.6735091245392264, -0.4657343078729744, -0.040481371942752954], [-0.6233838709549019, 0.2574010762379223, -0.5999552956938756, -0.48528335055692784, -0.30646668168684776, -0.1442663659642787, -0.5520898075058513, -0.07387241966842305, 0.7206373575270961, 0.26055432223921426, 0.4498614458421164, 0.7023492564221354, 0.11106229564973413, -0.1529459318638256, 0.3188068109727118, -0.026887077533421636], [-0.0476895617196461, -0.3911484832882153, -0.11517368025019349, 0.6638230615488591, -0.62264714003283, -0.5276177881575236, 0.4786511401325397, 0.2546186369825126, -0.23985814216853474, -0.6814163619989806, -0.0881141003295814, 0.33442386751197073, 0.646858140393248, 0.060506188574408065, 0.4185978385199611, -0.038904043159986426]], "inverted": false, "swapped": false, "error_lsq": 0.05141828520841297, "error_max": 0.3749223880617709, "target": "598.xyz", "model": "10.xyz", "model_rescale": 4.260839863003843, "target_rescale": 4.132057632398729},
{"mapping": [3, 0, 2, 6, 7, 12, 14, 13, 9, 10, 11, 15], "R": [[-0.9340557830965356, 0.2369993302591573, -0.26715372264040904], [-0.002604220332929022, 0.7435233142148676, 0.6687049418505869], [0.35711764462201423, 0.6253034452772911, -0.6938750530347482]], "T": [0.08780401596958322, -0.08050657374276657, 0.09369086178353], "aligned_model": [[0.23361494740696032, 0.1507403930725575, -0.37150297853707637, -0.42358654979293187, -0.5646110928714864, -0.3175062332632381, 0.33161957269111675, 0.5743899322058564, 0.31957232298466764, -0.28068397569249076, 0.24584977926266322, 0.06100253162753219], [-0.008488726400941476, -0.564467597892069, -0.5548112267206188, -0.2944195268248223, 0.24959672355240095, 0.3392065801286396, 0.6472221306779516, 0.10685236581827337, -0.21476001190325356, 0.03117409410934928, 0.5024926218542762, -0.06651892086625202], [-0.7341624785798945, -0.3803093795448761, 0.08387739148342307, -0.4953461206270069, 0.0652007871637034, -0.38824007310707365, -0.30382824233856254, -0.028641395255786184, 0.6401926913176079, 0.6063848725135833, 0.3777851061199352, 0.07326491825045206]], "inverted": false, "swapped": true, "error_lsq": 0.04173499610171819, "error_max": 0.23244088997070017, "target": "598.xyz", "model": "11.xyz", "model_rescale": 3.890672605050136, "target_rescale": 4.132057632398729},
{"mapping": [2, 5, 4, 6, 0, 14, 10, 3, 7, 11, 1, 9, 13, 15], "R": [[0.11286499352610152, 0.9842110075477251, 0.136345831833046], [0.5032079384491396, -0.17494243501230294, 0.8462723646165775], [0.8567632484637282, -0.026904220000928514, -0.5150076689021451]], "T": [0.03393333705868015, -0.019049728195190345, 0.10435251862641638], "aligned_model": [[0.47161900570773096, 0.21082697456385913, 0.456317939067835, 0.587184292735973, 0.6922937319620022, -0.36397101525090614, -0.3119468177577974, 0.4258912657609546, -0.16200730933212557, -0.6195403594320235, 0.06637056060926473, -0.18346533690026864, -0.09603480319217225, 0.03633770625136758], [-0.15679754246577227, 0.3419243758787001, 0.4667151799899998, -0.607756543457941, -0.0073462146384431284, -0.3609085531858834, -0.07435432991504273, -0.37071048422810604, -0.6584153698036591, -0.008959112706561655, 0.7363019364071283, 0.49271584764813825, 0.19519705219090377, -0.05545372188569592], [-0.37049579227025636, -0.6601858757909761, -0.018290029469966454, 0.06458702353514066, 0.2754668296323799, 0.791274058009475, -0.432694443698341, 0.7635127768391267, -0.19270670931244793, 0.24016994203225478, 0.35482796180226933, -0.14311181298782172, 0.5776822206726663, 0.10475428636335773]], "inverted": true, "swapped": true, "error_lsq": 0.046789162015979865, "error_max": 0.2424278025714132, "target": "598.xyz", "model": "12.xyz", "model_rescale": 4.124412569039231, "target_rescale": 4.132057632398729},
{"mapping": [2, 6, 3, 10, 0, 4, 7, 9, 12, 11, 13, 14, 15], "R": [[0.9677096282694135, 0.23600454965591566, -0.08854336732010065], [-0.0924200814258243, 0.005392627278879698, -0.9957055027066362], [-0.23451354737822255, 0.9717369871074888, 0.027030057035504894]], "T": [0.09959111789886244, -0.023970609885148902, -0.0611838479082054], "aligned_model": [[-0.21962643308021057, 0.02905894836568519, 0.6707187822320689, -0.5011987512293797, 0.4693982551952587, 0.31233173031438877, -0.4599464939574527, 0.0028209101703519646, -0.014971193808675148, 0.005997623061612889, 0.5472214706831332, 0.4382578267356713, 0.08723563282730465], [-0.16885766634696742, 0.404849044409451, 0.519543251330616, -0.15880881624437115, -0.052967375620173375, -0.5690129722293994, 0.4439600245252825, -0.5561270954110603, 0.715709020844009, 0.11798432431597305, 0.00881495187149877, 0.6341311210856757, 0.008267563977942975], [0.49839815614058935, 0.6210056756452609, 0.2391400187972108, -0.24001704244492683, 0.5091295378889624, 0.233922484998151, -0.0030123103707411503, -0.3401995917068945, 0.050362000472571444, -0.7066798737727101, -0.353393672232773, -0.5075732553745655, -0.0493840470722958]], "inverted": true, "swapped": true, "error_lsq": 0.051595596091157096, "error_max": 0.29049941471585683, "target": "598.xyz", "model": "13.xyz", "model_rescale": 3.9028299243045295, "target_rescale": 4.132057632398729},
{"mapping": [10, 13, 9, 4, 14, 11, 7, 6, 8, 12, 1, 2, 3, 5, 0, 15], "R": [[-0.7830338174510967, 0.5565900136100098, -0.2776069117971879], [0.345953659830722, 0.01883028200642156, -0.9380626235648064], [-0.5168888719809043, -0.830573884268683, -0.20729909983678318]], "T": [-0.029805218277142123, 0.057957980426298274, 0.03857032210500055], "aligned_model": [[-0.32570630730563993, -0.5438974604194625, 0.4967575141002135, -0.44392061971343905, 0.014720091701219393, 0.3813528437214754, 0.1979273875788723, 0.6005137681775327, -0.5116020710236227, -0.18732693534577988, 0.5109164938393423, 0.15146767583523174, 0.13799663267841472, -0.534040896852929, -0.37352286041195226, 0.03592725968289749], [-0.6235146629884686, -0.1373951035908036, -0.4913004092933746, -0.22202126568314498, -0.5128807183119538, -0.003864162789639032, -0.7521028375779847, -0.004464930357739531, 0.6615016830302153, 0.36561008789178745, 0.3399382817852906, 0.7393316659414864, 0.03303619444634929, 0.08025411866424625, 0.41840145707396303, -0.035007634777652834], [-0.01965496310695227, -0.5360579846545279, -0.10939037084250941, 0.49626381116066853, -0.6361231857762465, -0.5721536409091055, 0.37408080957362083, 0.24643955449218313, 0.027895525228038946, -0.5653977055129166, -0.18571943565071047, 0.25074903947165333, 0.6384960580403825, -0.04716821255732446, 0.7012581006796167, 0.041392172922136795]], "inverted": false, "swapped": false, "error_lsq": 0.04721625886516193, "error_max": 0.32457971893118076, "target": "598.xyz", "model": "14.xyz", "model_rescale": 3.942246331269136, "target_rescale": 4.132057632398729},
{"mapping": [2, 6, 2, 3, 13, 0, 9, 5, 10, 4, 1, 11, 12, 14, 15], "R": [[0.9726786939966457, 0.06417388501541638, 0.2231095487132011], [-0.1970440029554837, -0.27996705588851756, 0.939570172215144], [0.12275919168950032, -0.9578622866044703, -0.2596729110950865]], "T": [-0.08080355203711397, 0.019226230443055273, 0.047766108248822194], "aligned_model": [[-0.424014766105629, -0.3894877958771918, -0.424014766105629, 0.23676959016522936, 0.3749255144547116, 0.18353076794441964, 0.03899209679563491, -0.35200865926978386, -0.5729484299384638, 0.24121913098741787, 0.6091681917271257, -0.109620595978911, -0.43648362985646166, 0.10257710317247044, -0.10430971558272964], [0.1487034211482362, -0.48755433671719905, 0.1487034211482362, -0.7345257076192518, -0.10449618066454344, -0.1941638977561197, 0.5970147771886184, 0.7513809194195484, 0.38320403632782163, 0.38855555652342033, 0.41482611993846114, 0.049998604424096316, -0.6438306420451578, -0.6111110658121616, -0.008560335622354025], [-0.5012929440062363, -0.5018984469556342, -0.5012929440062363, -0.15910067601658967, 0.30042831390981123, -0.5416806745101617, 0.1968103340646368, -0.32170638133698815, 0.23861865915733974, -0.3873370210859105, 0.09002694782237561, 0.7139482935441002, 0.12863774579226647, 0.6099964519015695, 0.045204822086173886]], "inverted": true, "swapped": true, "error_lsq": 0.04745149416729063, "error_max": 0.29919676577406434, "target": "598.xyz", "model": "15.xyz", "model_rescale": 4.355366556412066, "target_rescale": 4.132057632398729},
{"mapping": [0, 6, 3, 9, 13, 4, 11, 5, 12, 2, 7, 15], "R": [[-0.6537894552927894, 0.3073969177351642, -0.6914235193532823], [-0.6324375452390566, -0.7236644909265122, 0.27628328929573065], [-0.4154300175961702, 0.617913294515495, 0.6675335654040575]], "T": [-0.12659061432409394, 0.0744432503357506, -0.12271580316086506], "aligned_model": [[-0.0857134311905316, 0.5260643618993633, 0.12653717547984286, -0.5986224122148037, -0.45193815160182593, -0.5139205195354078, -0.25307436812354633, -0.28985883435913506, 0.5340587962646417, 0.1664179935965737, 0.5289750450994136, -0.09111710068280365], [-0.5299004154413679, -0.33664427067166547, -0.6708867356633468, 0.4226705500708635, -0.13418086035403765, -0.138636115801215, 0.4720530068447013, 0.46587335397201035, -0.05727357242001126, 0.0577607113075669, 0.3910930029357462, 0.07084777296173596], [0.18704745930261102, 0.12078401404078754, -0.42635717915041194, 0.039544829704597495, -0.4934709348198539, 0.36100955372859495, -0.6437574584826414, 0.6297724569694724, -0.4675142813510525, 0.46880069856539985, -0.19614567340501826, -0.13045502389306424]], "inverted": true, "swapped": true, "error_lsq": 0.04603376521411543, "error_max": 0.2625726011045288, "target": "598.xyz", "model": "16.xyz", "model_rescale": 3.795458400668931, "target_rescale": 4.132057632398729},
{"mapping": [13, 9, 4, 14, 0, 10, 11, 3, 12, 7, 2, 6, 15], "R": [[-0.49656858120900266, -0.7557540712920118, -0.4269138412860696], [0.7682103520769886, -0.1536909792432696, -0.6214756132472088], [0.4040699186005159, -0.6365648958470724, 0.6568962126983064]], "T": [-0.04554728503702404, 0.12830022590341877, -0.15822714947866626], "aligned_model": [[0.033225556206281814, -0.03282335312396015, 0.5268280231011235, -0.4234632434193095, 0.5566784835416296, -0.4683115328944896, -0.5762841031377872, 0.24446026333104875, -0.39184016909715613, -0.5749313161368259, 0.17608227410674035, 0.13985631285724565, -0.06084539443031888], [-0.3319916015151514, 0.3965099403183574, 0.3664807033269504, -0.6443717802260069, 0.059808904071745356, 0.5980220106797727, -0.10154923023026874, -0.5002791441441559, -0.15034627041263998, 0.31895386683097865, 0.6446295439624901, 0.1837445787839539, 0.12416974402446007], [-0.4204497273002461, -0.7044015118655997, -0.37053367187077524, -0.07329170091184475, 0.15078506990994758, -0.26659206930763807, -0.4914893922456651, 0.32403019743623596, 0.4542516862458724, 0.30956455876195543, 0.18862800338043104, 0.6271358611832959, -0.12536227257967364]], "inverted": false, "swapped": true, "error_lsq": 0.046170566991449405, "error_max": 0.27869257201231656, "target": "598.xyz", "model": "17.xyz", "model_rescale": 3.7474275329858107, "target_rescale": 4.132057632398729},
{"mapping": [3, 0, 6, 4, 14, 11, 12, 2, 13, 7, 9, 5, 10, 15], "R": [[0.1772532180890657, -0.5106069683066089, 0.8413452445897606], [0.7654460839878255, -0.4658187569947103, -0.44396528934096424], [0.6186061664619688, 0.7226986990085404, 0.3082742306236286]], "T": [-0.06658450508315099, -0.08498325721110542, 0.0172193562638064], "aligned_model": [[0.5672074803675202, 0.2109617600851011, 0.6505307730554132, -0.3766397272558772, 0.27537879761509065, -0.27957670060310574, 0.62198025585178, 0.08996004848908158, -0.17847383378137416, 0.3511952942591002, -0.6685371292634559, -0.5276417334732766, -0.28832389512468215, -0.03317374233843822], [-0.47469156846803284, 0.045275240580037984, 0.24357023114382245, 0.1635682363891115, -0.8421826585553694, -0.49042290276538636, -0.2091579271758693, 0.5428217781402668, -0.5852639983110326, 0.15486245631755524, -0.003606736621414086, 0.6444883351266657, 0.2521401452566756, -0.08099238954579724], [-0.38055407488643517, -0.5901160401048111, -0.16178319132856867, -0.5038424508902918, 0.25547698424435755, 0.5028417234249296, 0.30558054818835984, -0.11460918227336074, -0.13781085186748948, 0.5680000916245902, 0.055109772173434726, -0.020331242419811976, 0.5155069987175076, 0.031325634059244545]], "inverted": false, "swapped": true, "error_lsq": 0.0475832909489442, "error_max": 0.3151788233004407, "target": "598.xyz", "model": "18.xyz", "model_rescale": 3.922800546911778, "target_rescale": 4.132057632398729},
{"mapping": [1, 4, 0, 13, 7, 9, 2, 14, 10, 3, 6, 12, 11, 7, 15], "R": [[0.16505089076878826, 0.5920509667644982, -0.7888180120976276], [0.9117645143312025, -0.3965660186947352, -0.10686843885354402], [-0.376089981072105, -0.7015775406680507, -0.6052646368055494]], "T": [-0.027567940894892368, 0.06770421494659144, -0.04561445063088482], "aligned_model": [[-0.39810469832082096, -0.21845817842114512, 0.3804503352197466, 0.012521392069353016, 0.1576572067307693, -0.6186317091431289, 0.03084283467501514, 0.37643504075891276, -0.44586577830037244, 0.7584358474260322, 0.6295459298335677, 0.5596488181912893, -0.2849649999243803, 0.1576572067307693, -0.0011184106379893144], [0.6006805558013891, 0.048934698229227164, 0.01893486029540426, 0.6015862384563767, -0.40457754078281943, 0.1478030174047317, -0.5268982294809975, 0.6199484389951939, -0.3068707354973393, 0.35363316035106707, -0.3907396190973063, -0.0760991875251288, 0.3844705869434988, -0.40457754078281943, 0.051382801724100764], [-0.5071174189947008, -0.6722132976626516, -0.5878303906780415, -0.059658580395423634, 0.4817060717966865, -0.16657968194803344, -0.32679097457371076, 0.48246171707516866, 0.26395241764047395, -0.15620936072310326, -0.1564036234678284, 0.40956684836574964, 0.48257290684906434, 0.4817060717966865, -0.026503537917007512]], "inverted": true, "swapped": true, "error_lsq": 0.04473388900948358, "error_max": 0.34769820275890845, "target": "598.xyz", "model": "19.xyz", "model_rescale": 3.9282355846067225, "target_rescale": 4.132057632398729},
{"mapping": [7, 12, 14, 6, 2, 3, 0, 13, 4, 9, 11, 10, 8, 15], "R": [[0.9173158993088804, -0.37292081310419894, -0.13950486740197865], [0.3136164295970156, 0.46086800892378216, 0.8302080543077435], [-0.24530853218337245, -0.805314066376797, 0.539715645996767]], "T": [-0.05979534668093024, -0.035364639405609966, 0.09244690276831379], "aligned_model": [[-0.5235872142895216, -0.17911354218352904, 0.5089871842479492, -0.49126110979040594, -0.6518335841216271, 0.2577365081748901, -0.09251838920438288, 0.47525976927814984, -0.08698564863646675, -0.00392553118049499, 0.2468120344551311, -0.45073478665634603, 0.5986943736432055, -0.07500724465187499], [-0.6010389200367099, -0.6609697527727132, -0.6591950491387837, -0.15445224530739085, 0.20211672856466298, -0.18644198793406025, 0.3409085515750953, -0.027631947808237467, 0.6187783496714077, 0.275164195821171, -0.4442682287590628, -0.19479390707566027, 0.07707865939203692, -0.06237235876692013], [0.07414233356517937, -0.31630041039878637, -0.0929677230884368, -0.5812734147815152, -0.0781914531590497, -0.6744544645056673, -0.4734180788969973, 0.07029660724117523, 0.0646057468454077, 0.6128844011168576, 0.5218253296524706, 0.5750023742857457, 0.6368301207885615, 0.07320178857873724]], "inverted": true, "swapped": true, "error_lsq": 0.035246059478660385, "error_max": 0.23104017985949873, "target": "598.xyz", "model": "20.xyz", "model_rescale": 4.067790424073018, "target_rescale": 4.132057632398729},
{"mapping": [7, 9, 12, 6, 14, 13, 3, 10, 11, 5, 4, 0, 2, 1, 15], "R": [[-0.744434134039458, 0.40341382701500145, 0.5320480281422278], [0.052159992212874734, -0.759270302731536, 0.6486816959050984], [0.6656554328549232, 0.510652417563133, 0.5441846682401597]], "T": [0.038914036259788246, 0.08640537302642014, 0.0021261364952028395], "aligned_model": [[0.23420560725633593, 0.18601823371091525, -0.1586162180430406, 0.28592968122244905, -0.7500397519504668, -0.44683461258090684, -0.4199308510815047, 0.4007885121315092, -0.3383063012394853, 0.8143650555883095, 0.31739623707169173, 0.134933670971622, 0.645097840430039, -0.17584866607159583, 0.039285516491643774], [-0.15845292686351048, 0.6572629168243745, -0.45832738184247435, -0.6809709718456841, -0.08058595747876636, 0.19565617961081205, -0.595800085219767, 0.41753413008586265, 0.48370621075325193, 0.43211581091110146, 0.18753488499571658, -0.38120744823650293, -0.16919705985349548, 0.532674843296827, 0.05895199479010218], [-0.6591838972664231, 0.15340998645900714, -0.4846397005130966, -0.06390753195440173, -0.3088760285842625, 0.1994758733467203, 0.19145556715280518, -0.41080452374976767, -0.37923055525840493, 0.1610998107309864, 0.5866241931917008, 0.48686727192545715, 0.0589831070974426, 0.6258783308121415, -0.021902329768763412]], "inverted": true, "swapped": true, "error_lsq": 0.03782726089097401, "error_max": 0.3128357436700259, "target": "598.xyz", "model": "21.xyz", "model_rescale": 4.186013935880536, "target_rescale": 4.132057632398729},
{"mapping": [1, 4, 0, 14, 11, 3, 13, 9, 6, 2, 10, 12, 15], "R": [[-0.3456685874736142, -0.42278908208999216, 0.8377127310119493], [0.7373405166825799, -0.6745511081614614, -0.0361906747161595], [0.5803810731685372, 0.6051695585070738, 0.5449106489729219]], "T": [-0.0894732823340249, -0.01906417366076789, 0.05353125787817424], "aligned_model": [[-0.35899637059616035, -0.32912474551576043, 0.25039449430890215, 0.4750337235745267, -0.22111923576194437, 0.7303908348648533, 0.07475642603806337, -0.6524643552877154, 0.4291496594317093, -0.19647131446525984, -0.5583472714232312, 0.48156970476502675, -0.06619751450978487], [-0.5137798591342878, 0.0875963536955809, 0.24672442142561452, -0.5545853967653528, -0.4971696780561229, -0.06897794593281595, -0.5098167069319703, -0.21554455752780505, 0.6013843641986011, 0.6178392594603705, 0.16275856505906694, 0.16376439079106403, -0.0012365507358499117], [-0.5094607081066086, -0.54697536218616, -0.4724932723099885, 0.4298361754171981, 0.5003651583822447, -0.13913424469180902, -0.08439974371748026, -0.06829359183878088, 0.035713148075800324, -0.08405348414311072, 0.45128594892468477, 0.5152417500438391, 0.07524778748551648]], "inverted": false, "swapped": true, "error_lsq": 0.05015373897894458, "error_max": 0.38563133639505703, "target": "598.xyz", "model": "22.xyz", "model_rescale": 4.166573947596378, "target_rescale": 4.132057632398729},
{"mapping": [10, 0, 13, 9, 7, 5, 14, 12, 4, 1, 6, 2, 12, 3, 11, 15], "R": [[-0.28702702171078676, -0.9539591679893322, 0.08704823155548091], [-0.24530478159648833, 0.16103959545342617, 0.9559768892719616], [-0.9259811299015412, 0.25303785192199585, -0.2802334608160976]], "T": [-0.13301411259746707, -0.010616434902581719, 0.055723119403223074], "aligned_model": [[-0.09590095340613969, -0.38143613212016614, 0.38062888270102335, -0.4571429321499857, -0.1962524102568854, 0.3389190916235645, 0.23396980395170788, 0.34770630137440106, -0.6416059488403518, 0.0636894184412049, 0.496681889526448, -0.06451072401869568, 0.34770630137440106, -0.5284728023443146, -0.1330027974584962, -0.1034144721553411], [-0.7402551825114254, 0.11384986494818741, -0.6208436663712915, -0.27665481989199203, -0.42096955069877795, -0.17201700980101323, -0.6114868559861933, 0.02155241678343433, 0.42189234265541353, 0.424602957686088, 0.4016093663037895, 0.6587520241394352, 0.02155241678343433, 0.35098825598242384, 0.26656267515908433, 0.016386528281979996], [-0.10917425627848959, -0.712098737055511, -0.22819013891799864, 0.4853895625074189, -0.5265147063309938, -0.6093264173814223, 0.4166321180182164, 0.4998564370018195, -0.2510732541199545, -0.47341850819642917, -0.05679561546252008, 0.0478243231637172, 0.4998564370018195, 0.3282687564068826, 0.7941437774591812, -0.0004702052577288465]], "inverted": true, "swapped": false, "error_lsq": 0.05169753112727573, "error_max": 0.30383636499618843, "target": "598.xyz", "model": "23.xyz", "model_rescale": 4.274766983524099, "target_rescale": 4.132057632398729},
{"mapping": [5, 9, 1, 0, 13, 3, 6, 12, 7, 11, 15], "R": [[0.9135764862530409, 0.39388923888849153, -0.10113985986440913], [-0.40653427552983484, 0.8782304589393215, -0.25187525446272224], [-0.010386846729388083, 0.27122412960331094, 0.9624601731687118]], "T": [-0.004436047126803434, 0.13789360191281205, -0.0028773153741429025], "aligned_model": [[0.4311507290393416, 0.1470229034790564, -0.45690027035305564, -0.4630741236145857, -0.3979573710967159, -0.627348835540416, -0.05587206369218736, 0.07642198001636916, 0.5290114605999946, 0.1922431499843267, 0.00519714513594733], [0.020250933802731408, 0.5408304355417314, 0.6047093451147806, -0.330218820827741, 0.47686707105802817, -0.2107248514978837, -0.6419306363165315, -0.20274669140211823, -0.14572558319145876, 0.6889697801191123, 0.11530554884283267], [-0.7394484133743372, -0.43311780378163434, -0.46299191731844347, -0.18557204356692253, 0.12778393374696687, 0.44682634614706207, 0.20562237902470223, 0.6680318630451256, 0.4099413613132702, 0.3183833331093331, 0.024107395676454514]], "inverted": false, "swapped": true, "error_lsq": 0.04827444867559969, "error_max": 0.24137776295674165, "target": "598.xyz", "model": "24.xyz", "model_rescale": 3.7841303162186577, "target_rescale": 4.132057632398729},
{"mapping": [9, 13, 2, 10, 12, 5, 8, 1, 11, 3, 4, 6, 0, 11, 7, 15], "R": [[0.27476274554782626, 0.9100941046343255, 0.31021630255172983], [-0.9324505345577333, 0.3309316505568824, -0.144983596529729], [-0.23460910950348512, -0.24942526610097732, 0.9395454232598011]], "T": [-0.04310169292332939, -0.09478583437514704, 0.08627895937058287], "aligned_model": [[-0.13208516728241557, -0.5679382822188028, 0.4808343769499341, -0.6439507620772186, -0.14701552435106066, 0.3528425026338338, 0.39082355440765293, 0.5878783256463035, -0.6042196225731824, 0.007777257066298553, 0.5830566785746282, 0.0982113551218802, 0.13343964768315109, -0.6042196225731824, -0.2939443848824814, -0.0339278158829647], [-0.6595317997922407, 0.045089560729709904, -0.5300057787277419, -0.35358712552947763, -0.41439295885646393, -0.12889654510833598, -0.39832070367736444, 0.009286529490625736, 0.42585546951859027, 0.41745253172150726, 0.209094219399245, 0.6122890955980247, -0.023123835283050634, 0.42585546951859027, 0.24680027225281698, -0.028342637791857778], [-0.03735212232906239, -0.4767320757361861, -0.23755374844427773, 0.5072984281258356, -0.593592431443098, -0.6956439261248802, 0.3490207460838782, 0.4658439117153163, 0.027060120577695426, -0.5334186091091832, -0.18258336521107654, 0.04043009789468886, 0.7969319424042041, 0.027060120577695426, 0.5794345491692736, 0.06870593440718435]], "inverted": true, "swapped": false, "error_lsq": 0.04583946379610759, "error_max": 0.39517621082542453, "target": "598.xyz", "model": "25.xyz", "model_rescale": 4.19342608120988, "target_rescale": 4.132057632398729},
{"mapping": [0, 6, 3, 9, 13, 4, 11, 5, 12, 2, 7, 15], "R": [[-0.6537894552927894, 0.3073969177351642, -0.6914235193532823], [-0.6324375452390566, -0.7236644909265122, 0.27628328929573065], [-0.4154300175961702, 0.617913294515495, 0.6675335654040575]], "T": [-0.12659061432409394, 0.0744432503357506, -0.12271580316086506], "aligned_model": [[-0.0857134311905316, 0.5260643618993633, 0.12653717547984286, -0.5986224122148037, -0.45193815160182593, -0.5139205195354078, -0.25307436812354633, -0.28985883435913506, 0.5340587962646417, 0.1664179935965737, 0.5289750450994136, -0.09111710068280365], [-0.5299004154413679, -0.33664427067166547, -0.6708867356633468, 0.4226705500708635, -0.13418086035403765, -0.138636115801215, 0.4720530068447013, 0.46587335397201035, -0.05727357242001126, 0.0577607113075669, 0.3910930029357462, 0.07084777296173596], [0.18704745930261102, 0.12078401404078754, -0.42635717915041194, 0.039544829704597495, -0.4934709348198539, 0.36100955372859495, -0.6437574584826414, 0.6297724569694724, -0.4675142813510525, 0.46880069856539985, -0.19614567340501826, -0.13045502389306424]], "inverted": true, "swapped": true, "error_lsq": 0.04603376521411543, "error_max": 0.2625726011045288, "target": "598.xyz", "model": "26.xyz", "model_rescale": 3.795458400668931, "target_rescale": 4.132057632398729},
