[{"mapping": [8, 0, 6, 5, 14, 2, 12, 11, 9, 4, 10, 1, 3, 15], "R": [[0.20087401055280035, -0.7513490180457563, -0.6285891225324466], [0.9693431794387801, 0.24513900014934825, 0.016753240919143764], [0.14150417788867753, -0.6126838692894204, 0.7775571001235819]], "T": [-0.11754621716803815, 0.08017942464336539, 0.1104778167509139], "aligned_model": [[0.12366390302001701, 0.3269865082327024, -0.4543161639068305, -0.48064337474898167, -0.7111603894833194, -0.015709592992427246, -0.8366398698246273, -0.01773255252276501, -0.407313432290186, 0.308363830322063, 0.5561861712750741, 0.4471819853206026, 0.5829357083125268, -0.0503106295855453], [-0.5821869883092912, -0.285501915671763, -0.3716907453891458, -0.30276443214928217, 0.20510780236292378, 0.3316722364598824, 0.19641426118419827, 0.5092204684002462, 0.6703750200012728, -0.03149798198849614, 0.49889222483109574, 0.3704633176241827, -0.08016931525402649, 0.10693937970823733], [0.2059481568569293, -0.296287673167648, 0.29442756177759705, -0.19679067981431564, 0.5112739791641063, -0.6648176992114521, -0.10852390580291746, 0.8167986411547794, 0.2801102730534286, 0.6908411300984896, 0.385284858748318, -0.3226163693398494, 0.17953850429805318, 0.12240130936431477]], "inverted": false, "swapped": true, "error_lsq": 0.04479257717378553, "error_max": 0.42576159936707236, "target": "599.xyz", "model": "0.xyz", "model_rescale": 3.8414455957264533, "target_rescale": 4.220493883849974},
{"mapping": [0, 1, 4, 10, 3, 11, 7, 8, 12, 6, 9, 2, 13, 5, 15], "R": [[0.14886030401949457, 0.3175078549337509, 0.9364984633957452], [-0.15330014112801102, 0.9430104187819857, -0.2953479588532081], [-0.9769031050300514, -0.09959975965830746, 0.18905081660403325]], "T": [0.0329748780448127, 0.07184583214413039, -0.022801279413282353], "aligned_model": [[-0.6340688078667341, -0.5885076941833176, -0.011239644551819382, -0.2521947323688157, -0.5253654242498571, 0.4472305221391176, 0.5483709904110889, -0.26391421383044117, 0.5124894035266837, 0.2960673759770719, 0.4984724340431839, -0.4184794062742353, 0.20987372889709827, 0.06096551599303665, -0.007655894157516094], [0.134589760200512, 0.1407864549536248, -0.653821721237757, -0.4965252150179988, -0.3856961976196808, -0.5357334214184372, -0.41088489800449784, -0.1922736984830568, 0.6605860954450249, 0.07071697386243839, 0.13744880784381971, 0.677787808772833, 0.6753356243577291, 0.49791752033441605, 0.026810634054045594], [0.19607373280410148, -0.46974630755333935, 0.023507090727681555, -0.5708772747406077, -0.031012412662325857, -0.4128881977287197, 0.2896721932318107, 0.5672189859976821, 0.02212861284682372, 0.508441809480856, -0.5127801819281088, -0.3448662101640413, -0.4494115789539036, 0.4137521686202617, -0.06403064263863603]], "inverted": false, "swapped": true, "error_lsq": 0.040313927721564065, "error_max": 0.28111270375103603, "target": "599.xyz", "model": "1.xyz", "model_rescale": 4.316132596720782, "target_rescale": 4.220493883849974},
{"mapping": [4, 11, 7, 0, 8, 3, 5, 1, 14, 10, 13, 15], "R": [[-0.697687448950896, -0.4023630909089428, -0.5927361695143908], [-0.07540084358404398, -0.7815414312657551, 0.6192799883751207], [-0.7124232845459259, 0.4767566824799384, 0.514933130947619]], "T": [0.014924663742739895, 0.12911615818815167, -0.15476161882698924], "aligned_model": [[-0.11877829676765309, 0.519429879004106, 0.18288530534536132, -0.6371560232712955, -0.6040402367945988, -0.46389144986359604, -0.18766878203647006, -0.1948311575495729, 0.5559002487055763, 0.06931463067371407, 0.4729383131635543, 0.003706124022655348], [-0.5283037452312673, -0.4508120780926089, -0.5585214520967333, 0.34116897325685647, -0.1740828299415367, -0.10528938636645135, 0.38991542316220207, 0.5110148172491392, -0.11124040969134716, -0.14854012546780274, 0.7351597810179562, 0.11230745994257388], [0.1291668512558347, 0.1647470984294227, -0.46338035023049795, 0.008378601965762428, -0.33077013688449364, 0.3320085475853633, -0.6684143336025914, 0.4784122631968807, -0.5768949931172057, 0.6356201688258423, -0.1753554184900668, -0.08425983772482948]], "inverted": true, "swapped": true, "error_lsq": 0.046652681519442483, "error_max": 0.27424619931964694, "target": "599.xyz", "model": "2.xyz", "model_rescale": 3.795458400668931, "target_rescale": 4.220493883849974},
{"mapping": [13, 9, 1, 4, 5, 8, 10, 14, 11, 7, 0, 15], "R": [[-0.3302847448169226, 0.021420407567564886, 0.9436382535065331], [-0.9391270190185339, -0.10767466698983547, -0.3262615641444618], [0.09461727902758027, -0.9939553975044695, 0.055679783415074235]], "T": [0.026851985408982752, 0.08857992619741263, -0.05178621125625139], "aligned_model": [[-0.16260472336406406, 0.16040236222451246, -0.7333524648732017, 0.16360014452180552, 0.17963922459939044, 0.12633840502410454, -0.3683739226417883, 0.660617384267654, 0.3070617831014092, 0.7167244505913359, -0.4382074266102706, -0.018541391097322363], [-0.2821390750560919, -0.5500920586345927, 0.008898484564902928, 0.04919152463635305, 0.5125573841916519, 0.7055307805138803, -0.3284544955880978, -0.21540740267731168, -0.5323969909387947, 0.04518580389290609, 0.6068064028620758, 0.06608868752282782], [-0.687524410536033, -0.23975813100471155, 0.028794908531807793, 0.6626655239831095, -0.463852525013347, 0.28806709327264113, 0.5602868426034514, -0.23767750215353586, 0.42654236778293864, 0.2924443996888348, 0.057536305050328466, 0.0012465584336162766]], "inverted": false, "swapped": true, "error_lsq": 0.05047752232677758, "error_max": 0.34689721921531014, "target": "599.xyz", "model": "3.xyz", "model_rescale": 3.7530521520055578, "target_rescale": 4.220493883849974},
{"mapping": [4, 0, 1, 2, 10, 5, 11, 6, 14, 13, 15], "R": [[0.7194209251479767, 0.40187692581998885, -0.5665054888990084], [-0.48835344777455153, 0.8726452032600767, -0.0011221737333711457], [0.49390732177802105, 0.27746222395247727, 0.8240572017605379]], "T": [-0.13571129646752983, 0.006736341856604766, 0.021409851845981494], "aligned_model": [[-0.4783830242232308, -0.09704544320515895, 0.45807780135510784, 0.5357716825338281, 0.1666676251178485, -0.3292632180917203, -0.19162430463627142, -0.6655558443124179, -0.38982836387882075, 0.4376672348751994, -0.10828454308915876], [-0.6359247538644802, 0.012810608994766728, -0.2319946564777734, 0.33355887646380866, -0.7754254496180393, 0.56531912714007, -0.6068212278228148, 0.26637205032089295, 0.1790085326946898, 0.41834892781169736, -0.05804867732847198], [0.005422662339631158, -0.68233612893529, -0.40423703581680853, -0.32064293541732836, -0.017891170376261055, -0.131633925879851, 0.581185642740046, 0.07878763758519108, 0.680476811458183, 0.30301528377446263, 0.0006839357733417449]], "inverted": false, "swapped": true, "error_lsq": 0.047279592872268766, "error_max": 0.2301212811912732, "target": "599.xyz", "model": "4.xyz", "model_rescale": 3.7855080009869324, "target_rescale": 4.220493883849974},
{"mapping": [9, 10, 15, 3, 0, 14, 12, 1, 2, 6, 5, 4, 13, 8, 11, 16], "R": [[0.5612842092257226, -0.8248214344770093, 0.0680414410572262], [-0.40572580176098827, -0.3458833064036973, -0.8460208697997048], [0.7213505460310252, 0.44725198666806937, -0.5287901759320106]], "T": [0.08339699742903764, -0.006398664515166942, 0.013926734301279862], "aligned_model": [[-0.2516675292574694, 0.4332939573996163, -0.06426688071826805, -0.07974014989719613, 0.09386012344474379, -0.5401327506801364, -0.41996326417709295, -0.1421692392339014, -0.5097869473890339, 0.5247113750717347, 0.5075040235142037, 0.5239837800352981, 0.003111068010949375, 0.43260459666150186, 0.012506406480193619, 0.03546983397505969], [-0.13083232362533279, -0.01629131962279088, 0.5586284485566987, -0.5408397182053979, -0.7538283584200596, 0.17944806116325185, 0.19837999143342014, -0.4028515295493857, -0.4334758990748973, 0.23750471786051233, -0.6514960662841438, -0.38202791832742883, 0.6774573588283862, 0.5504585707548831, 0.3072359166631088, -0.003990014976990279], [-0.6018346210027408, -0.6251652206258288, -0.5676726529663019, -0.3985967640499951, 0.23689143774945146, -0.17146217127397204, 0.42351117262120797, 0.6181195327300996, -0.09342097601233451, 0.42845035029740686, -0.22914900960463683, 0.4741296618652567, 0.23923263247000018, -0.23761639545843918, 0.7412809134357583, -0.010238066679549223]], "inverted": true, "swapped": false, "error_lsq": 0.03495418825314744, "error_max": 0.2580495111793929, "target": "599.xyz", "model": "5.xyz", "model_rescale": 4.2253639853439635, "target_rescale": 4.220493883849974},
{"mapping": [10, 11, 8, 3, 4, 6, 0, 1, 14, 9, 7, 5, 2, 15], "R": [[-0.6459871006744493, -0.25904203227901723, 0.7180514544759139], [-0.25887474042346525, -0.8105734322115705, -0.5253137917125704], [0.7181117841484724, -0.5252313171408488, 0.45656054249309225]], "T": [0.0526225088448608, 0.06847085915437257, 0.12296279945017037], "aligned_model": [[0.42482962743536107, -0.059952128961050906, -0.3627367070776231, 0.17148470666110122, -0.22153705084600112, -0.4988317556464132, 0.23110788801890753, 0.7385522194478171, -0.3428942445343787, 0.23445250421170932, -0.6221688626793843, -0.15497932324560773, 0.7474525104016493, 0.08928276957169715], [-0.3514896407303362, 0.14020578735487849, -0.45411430142683307, -0.6300864170393601, -0.3905137342717892, 0.15062717950609916, -0.47261380475928705, -0.27717570246520107, 0.631761149439324, 0.5873898570573983, 0.12637430454776105, 0.2308976105756411, 0.13336589926679915, 0.0204709595798956], [-0.5014166444914256, -0.6986874563542106, 0.36874246626058466, -0.015042760884226555, -0.37187299756975867, 0.32442418405698226, 0.5378853299231556, 0.1509295974163561, -0.1113297433363639, -0.27544901810919364, -0.2479894582690485, 0.6737971683991849, 0.5562091176060363, 0.08135842428337615]], "inverted": true, "swapped": true, "error_lsq": 0.04642912442651731, "error_max": 0.3015919779261948, "target": "599.xyz", "model": "6.xyz", "model_rescale": 3.89814844738969, "target_rescale": 4.220493883849974},
{"mapping": [5, 12, 13, 8, 2, 14, 6, 0, 4, 11, 9, 10, 15], "R": [[0.276265566248069, 0.5351036774983728, -0.7983366402923967], [0.780775203660526, 0.359410149370532, 0.5110914065784284], [0.560417182333392, -0.7645184097568676, -0.31850303434713534]], "T": [-0.05266039928168394, 0.015301201522279491, -0.007829723469328118], "aligned_model": [[0.022763021919002965, 0.07968918663815215, 0.4759340950297351, -0.3574446420283314, 0.7652647501615274, -0.46118707682695376, -0.44649426165312134, 0.245314031198561, -0.5574370875022843, -0.5141308036622251, -0.024357817038366106, -0.03653492456976799, -0.04274667076170639], [-0.24218396781773832, 0.36393154338351447, 0.4813726718017924, -0.6273671014062059, -0.03733075057700535, 0.49513829774888984, -0.17113737390351086, -0.6069658530840473, -0.09810258763886207, 0.5413195552621508, 0.6937328932198468, 0.159014714447137, 0.012359224034524583], [-0.5563843400613052, -0.6707840543540291, -0.2921793772200556, 0.00266745297182569, -0.06196655951220356, -0.370438002135132, -0.40979203853112484, 0.13634136214463022, 0.505037572054332, 0.44303372512029165, -0.007156292342907298, 0.8191170982053104, 0.0647784844966628]], "inverted": false, "swapped": true, "error_lsq": 0.04954356988589523, "error_max": 0.2844248639347497, "target": "599.xyz", "model": "7.xyz", "model_rescale": 3.7474275329858107, "target_rescale": 4.220493883849974},
{"mapping": [6, 5, 13, 14, 13, 11, 7, 4, 9, 10, 8, 3, 0, 2, 15], "R": [[-0.4761342502978453, -0.6802863386234841, 0.5572312564596167], [0.680344840211752, 0.11651161867406765, 0.7235716558235227], [-0.5571598281378105, 0.7236266580193152, 0.4073541281406665]], "T": [0.011573059850447811, -0.016830095311659125, -0.02277449846718187], "aligned_model": [[-0.39013374638861925, 0.03872518856126521, 0.6847058173371281, -0.18608992743270716, 0.6847058173371281, -0.2822151932779138, -0.662854645442202, -0.5395824195544395, 0.26301102702803014, 0.011708828076883648, -0.48886653135546837, -0.18741700968176497, 0.07461327069838956, 0.7674243390892826, 0.01441890734375398], [0.0548552514909404, 0.2845071350232858, -0.2656881931828752, -0.5806043326240922, -0.2656881931828752, -0.6917043850042925, -0.3692476392383742, -0.10680869459214179, -0.6472885370883156, -0.1981136910366773, 0.4887111005662814, 0.3390581056626894, 0.6585361556778943, 0.3038877221738318, -0.015293842665686154], [-0.4528105541207062, -0.5532064995762593, -0.2726773162490314, -0.43715403674027625, -0.2726773162490314, 0.3660201096488746, -0.15411728146394707, 0.4450120729286909, -0.04206573546484134, 0.7969150098819681, -0.018968220387378092, 0.5729624951054281, 0.1687893531231673, 0.0002775016754117225, 0.050495073584191835]], "inverted": true, "swapped": true, "error_lsq": 0.047883161205191184, "error_max": 0.3467242613070703, "target": "599.xyz", "model": "8.xyz", "model_rescale": 4.019505241142653, "target_rescale": 4.220493883849974},
{"mapping": [1, 9, 4, 3, 0, 8, 7, 2, 5, 12, 14, 6, 15], "R": [[-0.8715639617215972, -0.4819921758913023, -0.08977640562933317], [-0.039405028801909436, -0.11365433572058714, 0.9927386039018697], [-0.4886957175311395, 0.8687728324202366, 0.08006410753417958]], "T": [-0.04714717423168055, -0.07962107222059504, -0.0006569338933884311], "aligned_model": [[-0.2338648274971627, -0.6696201988529418, 0.22357339579232668, 0.28513483055449473, 0.3722382718875228, 0.6601973526582815, 0.18164060446238728, -0.3441294390056976, 0.2023941891470016, -0.3567330200833805, -0.27123706806252074, 0.32547365820026075, -0.055366977459396075], [-0.7646721478672349, 0.19138624562957735, 0.17828512133021646, -0.3968086249432074, -0.6445477287183444, -0.09890478906498314, 0.6424900017011549, -0.7958330267802598, -0.11911115455662923, 0.12457296338605402, 0.5736948685671296, 0.28054989654237367, -0.10772339711178802], [-0.2949268728103356, -0.01304310607284316, -0.6258669429933891, -0.5575561622724959, -0.042657776233008995, -0.0735817682939189, -0.1507020298438873, 0.2705338477451743, 0.5552829132485904, 0.6634434898899225, 0.2264651696850009, 0.28721238504337016, -0.06789965304830016]], "inverted": false, "swapped": true, "error_lsq": 0.04949560486021583, "error_max": 0.30558398875243387, "target": "599.xyz", "model": "9.xyz", "model_rescale": 3.877068213659057, "target_rescale": 4.220493883849974},
{"mapping": [12, 11, 10, 0, 1, 6, 3, 4, 5, 2, 8, 7, 13, 14, 4, 15], "R": [[0.8682734830742105, -0.4959141169934132, 0.013051710877202416], [-0.11292998650922853, -0.22320574267065213, -0.9682076298944705], [0.48306104866487043, 0.8391950816142132, -0.2498072021726152]], "T": [0.05663007996355686, 0.04381114507051049, -0.01867862814274879], "aligned_model": [[-0.4636688750747663, 0.2184217051185065, 0.17976923351349136, -0.03427417225875086, 0.011614429098159337, -0.37498931182902084, -0.5139932050471399, -0.0399947519495676, -0.47661580413182747, 0.5230747702444246, 0.67770608114394, 0.47913390670275896, -0.03111749782199695, 0.4013855714717116, -0.0399947519495676, 0.04286107600984759], [-0.14676610097707998, -0.1531432247635983, 0.4484325466362398, -0.6155402757358306, -0.7848838646992763, 0.4330296981976493, 0.061438275173239444, -0.10643734485929904, -0.5208438237967267, 0.26175794032074257, -0.38782758605078965, -0.417235575604426, 0.7189513330630343, 0.7374038306087324, -0.10643734485929904, -0.028418565479478276], [-0.5198418015588282, -0.7112735476279218, -0.5881775743383222, -0.4554373217509612, 0.23458957389464097, -0.22487803079724178, 0.25852110781702414, 0.6341457838368764, 0.06969011899899219, 0.39999057695650814, -0.17124186867557312, 0.5059288509903891, 0.34755160697425935, -0.11662955606807893, 0.6341457838368764, -0.07062387899325681]], "inverted": true, "swapped": false, "error_lsq": 0.04178996238770038, "error_max": 0.35554190162267435, "target": "599.xyz", "model": "10.xyz", "model_rescale": 4.260839863003843, "target_rescale": 4.220493883849974},
{"mapping": [3, 10, 9, 11, 14, 7, 8, 0, 13, 12, 5, 15], "R": [[-0.24129574931453618, -0.06127671068991031, -0.9685151140223687], [-0.9695353062578362, -0.028137641127889246, 0.24333015240878342], [-0.04216220205658294, 0.997724129145318, -0.05262044126531745]], "T": [0.08941215925934076, 0.032180655247485916, -0.008602594103710386], "aligned_model": [[0.5049046744870235, 0.1809057718519167, -0.36995069272036657, -0.4933347065991389, -0.6041284289607455, -0.5162950266945934, 0.3397258526278203, 0.7608641200923777, 0.05419192554685859, -0.21326198277451114, 0.20112950747247943, 0.11414763476500943], [-0.04064179021710832, -0.5635012708195698, -0.41778187775914244, -0.35593154750490164, 0.1360291822569581, 0.3575988793160365, 0.5843891844763079, 0.20354578614983404, -0.3491877376876541, 0.1422810301080735, 0.4904541364861509, -0.014175469272050899], [-0.5944514535397044, -0.5930224880339876, 0.20954996508841287, -0.45882820451617634, 0.18333329328486273, -0.36006178932674016, -0.3806710932917435, -0.13735276536517987, 0.6477564268751416, 0.6804795811104254, 0.37921710985892226, -0.05977050474872813]], "inverted": false, "swapped": true, "error_lsq": 0.051513672060393666, "error_max": 0.33704976646208645, "target": "599.xyz", "model": "11.xyz", "model_rescale": 3.890672605050136, "target_rescale": 4.220493883849974},
{"mapping": [14, 7, 11, 12, 9, 0, 8, 2, 5, 3, 10, 4, 1, 15], "R": [[0.5900097025826655, 0.6347312281449397, 0.49900382651431785], [0.6371318242459337, -0.7456455910560402, 0.19512993381779525], [0.4959350657005042, 0.20280266407595615, -0.8443455987048973]], "T": [0.11750100356001122, -0.10523378128095892, 0.08961633044641196], "aligned_model": [[0.6414818892676323, 0.16297363547537538, 0.42448743812416945, 0.6682163595887342, 0.7605654834683226, -0.48394706468675974, -0.5241410740772646, 0.17008756530272376, 0.05434064301524957, -0.4655543558595733, -0.004462534484510533, -0.2029753642629695, -0.08418875973911905, 0.09299197366168332], [-0.10618649162954605, 0.17045936776435114, 0.632697591780255, -0.6140312054688954, 0.10796405895946959, -0.29823695908460834, -0.19227625889407252, -0.4791835180642715, -0.6930467749208579, 0.2689442024514769, 0.6512522097887882, 0.49223819132742686, 0.03871136897255409, -0.04715326315430497], [-0.41443284641472333, -0.6302637351861579, -0.1430738272956941, -0.038468605327054844, 0.1352869508474339, 0.4023467973911713, -0.20490909158902829, 0.819067300268226, -0.06330889848590238, 0.2925776795209418, 0.43255727479770834, -0.17686992961074124, 0.8171837076250517, 0.12709765881562998]], "inverted": false, "swapped": true, "error_lsq": 0.0461126944922581, "error_max": 0.27299344820520366, "target": "599.xyz", "model": "12.xyz", "model_rescale": 4.124412569039231, "target_rescale": 4.220493883849974},
{"mapping": [1, 10, 11, 0, 9, 13, 3, 5, 4, 8, 14, 7, 15], "R": [[0.3099460136185297, 0.37984601286983033, 0.8715792994036027], [0.1326210105841746, -0.9250348059979441, 0.3559807231353662], [0.9414590464771235, 0.005254921430304427, -0.337086412670619]], "T": [0.11784866012472583, -0.041106299547880004, -0.06488668488658951], "aligned_model": [[-0.4107873764849558, -0.09636270791618026, 0.5612848034233602, -0.572985364921374, 0.665076976492388, 0.3988988025135607, -0.45391312328615474, 0.09129077681678589, 0.027591135734567757, -0.2918076018849115, 0.8224408254838793, 0.5438102828880673, 0.08276087865072498], [-0.16016953802551803, 0.4926911358643511, 0.5780862540481951, -0.1368028341252916, -0.09354565023089159, -0.6454948777274193, 0.38200576094689476, -0.45153037614371294, 0.6817115119023825, 0.22241609511377872, -0.002576861343115855, 0.48051116190782606, 0.00018359432099787631], [0.480201510983212, 0.5466101984734505, 0.27110894046004125, -0.1667732566418781, 0.3336886959839587, 0.3000992661339131, 0.058485403410562395, -0.5162692592785398, -0.07387433897581316, -0.5833110934911033, -0.24006605537428044, -0.4427407591220124, -0.015461171593671441]], "inverted": false, "swapped": true, "error_lsq": 0.044007900003028996, "error_max": 0.26851567065879633, "target": "599.xyz", "model": "13.xyz", "model_rescale": 3.9028299243045295, "target_rescale": 4.220493883849974},
{"mapping": [9, 10, 14, 7, 3, 11, 1, 2, 6, 5, 4, 0, 12, 13, 8, 15], "R": [[-0.5366968066135748, 0.7483914416102664, -0.38970089542532327], [-0.773061343928628, -0.621213903878025, -0.12833333219350304], [-0.33813118207887194, 0.2323866083773579, 0.9119560120712039]], "T": [0.03538258029428666, -0.05587636858030394, 0.08638276638402545], "aligned_model": [[-0.39463510717938466, 0.4318624093562875, -0.07367180238207331, 0.06569059978210696, 0.03966589725453087, -0.5020250727388585, -0.5893669948336026, -0.21220550831127327, -0.4933966944622822, 0.48496815055753006, 0.6015810942927716, 0.46481955597725655, -0.034525183007179924, 0.40773074237720175, 0.3707826719093894, -0.007956355352217871], [-0.15911305619340083, -0.021857874731845348, 0.4760209397428801, -0.5678074755950869, -0.67459019367765, 0.38833213018773705, 0.04058539938646137, -0.201120443764347, -0.4477001450161564, 0.17729154173880052, -0.40929669246786093, -0.5215430417602607, 0.6084964731591321, 0.6062575562479483, 0.19222275935062577, -0.09269795943314346], [-0.5502273429090444, -0.5436958709877106, -0.6123611407812412, -0.6603674739657956, 0.16296149102331361, -0.15801140789510146, 0.2366553568356912, 0.7644344359198817, -0.01980041993424933, 0.16126516928116183, -0.03141617797385238, 0.6211302232741959, 0.2812209575841558, -0.14938589900695468, 0.7363525817001806, -0.012294658669249031]], "inverted": true, "swapped": false, "error_lsq": 0.044907921879034716, "error_max": 0.3184864693415551, "target": "599.xyz", "model": "14.xyz", "model_rescale": 3.942246331269136, "target_rescale": 4.220493883849974},
{"mapping": [5, 12, 2, 9, 11, 13, 3, 0, 8, 1, 10, 4, 14, 7, 15], "R": [[-0.9583014543744816, 0.27513056876659325, 0.07721070310471566], [0.2083953326971999, 0.4879911862773515, 0.8476060331460878], [0.1955241873881004, 0.8283524444617728, -0.5249785899447985]], "T": [-0.14704403508152053, -0.006536070905162614, -0.05673554035004627], "aligned_model": [[-0.714038618925986, -0.422501586047137, -0.07439400191565315, 0.2723028013898936, 0.4391402760357034, 0.012390936603265623, 0.0455280146360342, -0.3618635881301853, -0.5854914115028366, 0.24977718455014297, 0.5818805766926877, 0.0892819367614276, -0.20752503749650658, -0.25918364028199314, -0.09100980583664747], [-0.06961676971856892, -0.5769407013150089, 0.2983674133112075, -0.5193264468579099, -0.34018209822657997, -0.32643437962059196, 0.621134288478435, 0.6559590443139166, 0.3855745120656627, 0.5489994459438929, 0.3235747119687894, 0.17013335109869984, -0.7137033121760051, -0.3968867712255739, 0.03749240184128551], [-0.27453691685694226, -0.4778408338589817, -0.8159840553199014, -0.205951193156318, 0.43111317976422303, -0.7273584167104412, 0.24343432904888293, -0.16510127448403175, 0.34331365882476517, -0.40981692530975, 0.19713535595325313, 0.6093205665554624, 0.10099521175176746, 0.600039018599849, -0.039399224441320296]], "inverted": true, "swapped": true, "error_lsq": 0.040462268996665274, "error_max": 0.26884471494878226, "target": "599.xyz", "model": "15.xyz", "model_rescale": 4.355366556412066, "target_rescale": 4.220493883849974},
{"mapping": [4, 11, 7, 0, 8, 3, 5, 1, 14, 10, 13, 15], "R": [[-0.697687448950896, -0.4023630909089428, -0.5927361695143908], [-0.07540084358404398, -0.7815414312657551, 0.6192799883751207], [-0.7124232845459259, 0.4767566824799384, 0.514933130947619]], "T": [0.014924663742739895, 0.12911615818815167, -0.15476161882698924], "aligned_model": [[-0.11877829676765309, 0.519429879004106, 0.18288530534536132, -0.6371560232712955, -0.6040402367945988, -0.46389144986359604, -0.18766878203647006, -0.1948311575495729, 0.5559002487055763, 0.06931463067371407, 0.4729383131635543, 0.003706124022655348], [-0.5283037452312673, -0.4508120780926089, -0.5585214520967333, 0.34116897325685647, -0.1740828299415367, -0.10528938636645135, 0.38991542316220207, 0.5110148172491392, -0.11124040969134716, -0.14854012546780274, 0.7351597810179562, 0.11230745994257388], [0.1291668512558347, 0.1647470984294227, -0.46338035023049795, 0.008378601965762428, -0.33077013688449364, 0.3320085475853633, -0.6684143336025914, 0.4784122631968807, -0.5768949931172057, 0.6356201688258423, -0.1753554184900668, -0.08425983772482948]], "inverted": true, "swapped": true, "error_lsq": 0.046652681519442483, "error_max": 0.27424619931964694, "target": "599.xyz", "model": "16.xyz", "model_rescale": 3.795458400668931, "target_rescale": 4.220493883849974},
{"mapping": [5, 12, 13, 8, 2, 14, 6, 0, 4, 11, 9, 10, 15], "R": [[0.276265566248069, 0.5351036774983728, -0.7983366402923967], [0.780775203660526, 0.359410149370532, 0.5110914065784284], [0.560417182333392, -0.7645184097568676, -0.31850303434713534]], "T": [-0.05266039928168394, 0.015301201522279491, -0.007829723469328118], "aligned_model": [[0.022763021919002965, 0.07968918663815215, 0.4759340950297351, -0.3574446420283314, 0.7652647501615274, -0.46118707682695376, -0.44649426165312134, 0.245314031198561, -0.5574370875022843, -0.5141308036622251, -0.024357817038366106, -0.03653492456976799, -0.04274667076170639], [-0.24218396781773832, 0.36393154338351447, 0.4813726718017924, -0.6273671014062059, -0.03733075057700535, 0.49513829774888984, -0.17113737390351086, -0.6069658530840473, -0.09810258763886207, 0.5413195552621508, 0.6937328932198468, 0.159014714447137, 0.012359224034524583], [-0.5563843400613052, -0.6707840543540291, -0.2921793772200556, 0.00266745297182569, -0.06196655951220356, -0.370438002135132, -0.40979203853112484, 0.13634136214463022, 0.505037572054332, 0.44303372512029165, -0.007156292342907298, 0.8191170982053104, 0.0647784844966628]], "inverted": false, "swapped": true, "error_lsq": 0.04954356988589523, "error_max": 0.2844248639347497, "target": "599.xyz", "model": "17.xyz", "model_rescale": 3.7474275329858107, "target_rescale": 4.220493883849974},
{"mapping": [8, 0, 5, 3, 7, 11, 6, 13, 4, 14, 10, 1, 9, 15], "R": [[0.8221603782061633, -0.4947671247521131, -0.28152762701451806], [-0.295294425995731, -0.7934891360912837, 0.5321430191978095], [-0.48667598511098775, -0.35437336690224824, -0.798477302336525]], "T": [0.10745446233707165, 0.06776394821662099, 0.01721021527950859], "aligned_model": [[0.36053222723860745, 0.11706110686496327, 0.685220783160109, -0.29885583971784424, 0.2674962840564163, -0.39333206310064206, 0.6141489345935984, 0.12336294977051476, -0.23805903491406608, 0.3670019359573561, -0.7095499295552751, -0.40358210301014164, -0.11570919690625908, 0.03911159344553952], [-0.3755093623693897, 0.15432316993054807, 0.22423609195643324, -0.20891651677961934, -0.5980805958282167, -0.3561211139795226, -0.23515015343099085, 0.7507515658807473, -0.5691573442150718, -0.09710024457281458, -0.10683787030836725, 0.4621046278722062, 0.2593141862725524, 0.056551801082739175], [-0.4782558178281349, -0.682222100182653, -0.10362859899853458, -0.5114824020413996, 0.37405673697400205, 0.5295210602276343, 0.07144963908490623, 0.3500229472446056, -0.05791952350111656, 0.6760556871555433, -0.06508607385953932, -0.4000310967722407, 0.6292376145555436, -0.006923353396961401]], "inverted": true, "swapped": true, "error_lsq": 0.042708427941012914, "error_max": 0.2288128601837806, "target": "599.xyz", "model": "18.xyz", "model_rescale": 3.922800546911778, "target_rescale": 4.220493883849974},
{"mapping": [12, 5, 6, 14, 3, 13, 0, 11, 1, 7, 8, 4, 9, 10, 15], "R": [[0.43288756323955196, 0.7572064896293991, -0.48912850014658266], [-0.2927182055660339, -0.3951246198485729, -0.8707425491611869], [-0.852598621698818, 0.5201104371694951, 0.05060359102507034]], "T": [0.0019138954795132196, 0.016427689267114305, -0.06081697660820437], "aligned_model": [[-0.364450009351008, -0.07340678512496004, 0.356962507179506, 0.13755754354552446, 0.2739642183261119, -0.7010725273794051, -0.020680012407830337, 0.3162242993483004, -0.41195948876488725, 0.6478770516032457, 0.5142216892929368, 0.5973389083519438, -0.26820350384725505, 0.08467056292345304, 0.007006383191942158], [0.5228212745240765, 0.0038949978184871278, 0.18998770673480891, 0.7229665625816095, -0.5642113033247883, 0.30171855191962893, -0.6710076823145669, 0.44406790757033093, -0.5187211911032285, 0.43954854465611193, -0.38930421132086196, -0.08574589359578086, 0.5580671224169927, -0.2163461701267185, -0.020124711401522], [-0.4943039995352436, -0.6666793363883587, -0.5026942898452189, -0.16582207254724457, 0.27085003561496923, -0.10450557209965897, -0.2148055333918195, 0.5804792931251271, 0.3039812592540678, -0.059359497780908294, -0.3417947731903447, 0.3462731856355419, 0.24697250503268312, 0.7415060973377886, 0.002561865941948696]], "inverted": true, "swapped": true, "error_lsq": 0.04023972478591204, "error_max": 0.27851334242912773, "target": "599.xyz", "model": "19.xyz", "model_rescale": 3.9282355846067225, "target_rescale": 4.220493883849974},
{"mapping": [10, 1, 2, 3, 4, 0, 8, 5, 7, 14, 13, 11, 12, 15], "R": [[-0.5013189855060708, 0.8438495515380956, -0.19130397052889253], [-0.6675128544135646, -0.23649735952197265, 0.7060421999652643], [0.5505505099115062, 0.48165021883945014, 0.6818410391932201]], "T": [0.032393787904436415, -0.0743065701265136, 0.06216753852300971], "aligned_model": [[-0.702249672409385, -0.07750253615240926, 0.46998392762839475, -0.4036469863853932, -0.6253462557253596, 0.16213378301071119, 0.0008253463420580601, 0.5899764079595506, -0.2933589988455003, 0.06662163746012134, 0.43796225993416876, -0.6704029113369298, 0.6027859248182703, -0.02525910721362174], [-0.4694592566578212, -0.7611465004600877, -0.7541313481714829, -0.20209243780492286, 0.18054402049434787, -0.2425495315841799, 0.3455371682360566, 0.15227529446785307, 0.5883179350052865, 0.3169100553381287, -0.5320628327013563, 0.011728509203724036, 0.0016281286480751833, -0.11261711658878572], [-0.03221461633106848, -0.26482934723270285, -0.08293797571641898, -0.49880950205398844, -0.11982696318208852, -0.6098831961580445, -0.5112091629429009, -0.04108822513916563, 0.2882552841052724, 0.6740502521317456, 0.5132361574514273, 0.49989217402408526, 0.5596157314708762, 0.037932546816653936]], "inverted": false, "swapped": true, "error_lsq": 0.0369158978575045, "error_max": 0.2795421399518763, "target": "599.xyz", "model": "20.xyz", "model_rescale": 4.067790424073018, "target_rescale": 4.220493883849974},
{"mapping": [8, 14, 0, 3, 2, 13, 1, 6, 5, 7, 11, 10, 4, 9, 15], "R": [[0.2477572047571296, 0.7737835936762594, -0.5829882654465588], [0.14187961350288736, -0.6242405225908266, -0.7682408120035039], [-0.9583770358075183, 0.10762304638405909, -0.26444420417889586]], "T": [-0.0038220442692941947, 0.09270292006138038, -0.03911610020901584], "aligned_model": [[0.39945240576223673, 0.20330420546072078, -0.13976089152959173, 0.240849286843475, -0.7844718587099329, -0.661725886219222, -0.4189615962979808, 0.2945249300398829, -0.17710772681235998, 0.6831116598597715, 0.46270442324909244, 0.17677391466877676, 0.6313090228306582, -0.14823850004438632, 0.0066805648063746545], [-0.14397677643407636, 0.7563240308973727, -0.432746373136088, -0.5851653491940354, -0.15104410707252647, 0.3881834561959758, -0.5371115808179748, 0.4459002285484698, 0.37797197420525724, 0.4389037180579342, 0.1446129258248406, -0.5024315774204599, -0.21497804184343128, 0.42658757335339803, 0.029865038763191562], [-0.5751931582402735, 0.17378807275131453, -0.48879823291987756, -0.0813839857049551, -0.11576936802841845, 0.2003484439852061, 0.10834949597965704, -0.41016717551412313, -0.5504800716163555, 0.028477354925732175, 0.6483331693890558, 0.5247586023020564, 0.1415320120717953, 0.5342389168338061, -0.0027845025934792114]], "inverted": true, "swapped": true, "error_lsq": 0.0425536597856941, "error_max": 0.26520706806038674, "target": "599.xyz", "model": "21.xyz", "model_rescale": 4.186013935880536, "target_rescale": 4.220493883849974},
{"mapping": [11, 10, 9, 7, 8, 14, 4, 3, 13, 1, 0, 5, 15], "R": [[-0.0741777601415267, 0.6629812532966095, 0.7449520237422294], [0.27781736175124133, 0.7311753174969708, -0.62305711503263], [-0.9577657194794382, 0.16074362463395217, -0.2384246500040905]], "T": [0.08686640136480435, 0.05632690715759504, 0.10468075100260961], "aligned_model": [[0.14796439045284598, -0.4864284183160484, 0.4596369861239437, 0.3941666301476142, -0.20260386534599828, 0.7474084281707094, -0.24825564084450696, -0.6058222459977283, 0.43412190339052187, -0.5077717703113327, -0.45317383170090714, 0.3537462380311666, 0.025585231622945126], [-0.396717902410999, -0.07433576220795332, 0.19292038916722556, -0.6489220444812559, -0.34370718054734006, -0.18640664971657872, -0.5543452175753097, -0.14699165499106803, 0.7000526531942604, 0.5127558967968667, 0.21411114081062632, 0.19999401570533606, 0.050548975802282264], [-0.5909811842193936, -0.49449782602684494, -0.44618707505147975, 0.03765637348728161, 0.6167411637405215, -0.07804062193635038, -0.10854579538520535, 0.10452270990030643, -0.10152366363348768, -0.06511700351229881, 0.5292405614845066, 0.6348075160150094, 0.06480440647278105]], "inverted": false, "swapped": true, "error_lsq": 0.05142869237978258, "error_max": 0.3393786829016265, "target": "599.xyz", "model": "22.xyz", "model_rescale": 4.166573947596378, "target_rescale": 4.220493883849974},
{"mapping": [10, 13, 14, 7, 0, 9, 3, 4, 8, 2, 5, 1, 11, 12, 2, 15], "R": [[0.042841673329017116, 0.8898206236330879, -0.4542948918748615], [0.9906203836817564, 0.02122124397909686, 0.1349848667006387], [0.1297530210075254, -0.455816757657287, -0.8805652939891615]], "T": [0.012109909762750108, 0.040603747246710085, 0.007002380677027013], "aligned_model": [[-0.12287532433104728, 0.3795639342213681, 0.048591969985262266, 0.013548484403648219, 0.06605698091086012, -0.49444212499062673, -0.3203021390768673, -0.21960634088764383, -0.6750483353228494, 0.27810143939645965, 0.5965391535403849, 0.4860156041293446, -0.1352833727758935, 0.315868196753551, 0.27810143939645965, 0.06448883788779217], [-0.1857974908205304, -0.14609131214021762, 0.4244190757469833, -0.5762586268038709, -0.7476236997582941, 0.324357641084331, 0.22362640138247214, -0.351896195565082, -0.37685143918261443, 0.12715630232515213, -0.4706754586644332, -0.35623887423162615, 0.7725650026165392, 0.6067456913998984, 0.12715630232515213, -0.001113402540025961], [-0.6940416258463451, -0.7325485868738383, -0.6838902420295656, -0.35475498225274027, 0.21326184867917325, -0.1457651882022863, 0.47329798421132285, 0.5832878025313867, 0.09431706303528242, 0.6190206815158207, -0.2898107150949048, 0.36200715176082415, 0.26117017628912076, -0.12182136474313704, 0.6190206815158207, 0.023709138999448112]], "inverted": false, "swapped": false, "error_lsq": 0.04543689695495205, "error_max": 0.41450534544631845, "target": "599.xyz", "model": "23.xyz", "model_rescale": 4.274766983524099, "target_rescale": 4.220493883849974},
{"mapping": [2, 5, 12, 9, 14, 11, 10, 4, 3, 8, 15], "R": [[0.43339508563058216, 0.28840874051761434, 0.8538085840188678], [0.8861778732294912, -0.30866990435562025, -0.345559932780912], [0.16388250898041723, 0.906390251789005, -0.38935746392248327]], "T": [0.0023431460267017423, 0.15232019955892923, -0.03275562690646507], "aligned_model": [[0.36842433636168137, 0.12236900061831257, -0.41539974765111376, -0.5818984709252242, -0.6761444669067308, -0.5352850629802235, 0.08904171239771655, 0.024216230605331845, 0.5122109100462872, 0.44527278984550434, 0.027087472546533313], [-0.07156946164281125, 0.6918738287348354, 0.5229518672211246, -0.13263600930407993, 0.40909784203388766, -0.27624530977490613, -0.608371328267467, -0.054545176773913795, -0.16546762902750162, 0.511697791745596, 0.08880011629871976], [-0.7331558347734448, -0.29232285856852813, -0.5491769807502428, -0.22905321227766834, 0.015641174219585115, 0.43651572844553715, 0.3116081468735709, 0.6653998510714006, 0.3674965237337465, 0.39231760183127384, -0.005703705783652476]], "inverted": true, "swapped": true, "error_lsq": 0.0501343004608374, "error_max": 0.2362019180453176, "target": "599.xyz", "model": "24.xyz", "model_rescale": 3.7841303162186577, "target_rescale": 4.220493883849974},
{"mapping": [6, 7, 1, 11, 13, 4, 5, 12, 3, 9, 10, 14, 2, 8, 12, 15], "R": [[-0.31954666248258523, 0.7691171292696638, -0.5534878245817446], [-0.5634980497074017, -0.6238456955851271, -0.5415593190739716], [-0.7618135457395042, 0.13883583674217648, 0.6327438122683653]], "T": [0.149677878349733, 0.0010335218698738977, -0.11988458932319292], "aligned_model": [[-0.38915687074211347, 0.35812191841485613, 0.04764426716967579, 0.029689334197635975, -0.06623123138160764, -0.4896374356834674, -0.5011433605880118, -0.035332401472145614, -0.5915256536871263, 0.46746578462525973, 0.8462306287116124, 0.5201474994341214, -0.011968938875547008, 0.31794319695117473, -0.035332401472145614, 0.09240406763803133], [-0.1643111690025371, -0.24914981094318558, 0.6054968327985094, -0.7187345434088609, -0.6464136191298911, 0.37846687543572927, 0.19439872410631356, -0.11472837132990193, -0.2942320114578592, 0.11894875424610785, -0.3381495466490257, -0.3775720789378835, 0.5690727188727203, 0.5662070127761683, -0.11472837132990193, -0.02109147887266817], [-0.5719296076725414, -0.6827033365626026, -0.5408948525400797, -0.358556436510609, 0.2624705508505606, -0.19421046447456497, 0.43543546159815016, 0.606436473892772, -0.008361154306489274, 0.3568203016993342, -0.19076630255448773, 0.47063130479071524, 0.34915144881942173, -0.16139954291357067, 0.606436473892772, -0.15210049451339763]], "inverted": false, "swapped": false, "error_lsq": 0.04897680700911214, "error_max": 0.3672438107983103, "target": "599.xyz", "model": "25.xyz", "model_rescale": 4.19342608120988, "target_rescale": 4.220493883849974},
{"mapping": [4, 11, 7, 0, 8, 3, 5, 1, 14, 10, 13, 15], "R": [[-0.697687448950896, -0.4023630909089428, -0.5927361695143908], [-0.07540084358404398, -0.7815414312657551, 0.6192799883751207], [-0.7124232845459259, 0.4767566824799384, 0.514933130947619]], "T": [0.014924663742739895, 0.12911615818815167, -0.15476161882698924], "aligned_model": [[-0.11877829676765309, 0.519429879004106, 0.18288530534536132, -0.6371560232712955, -0.6040402367945988, -0.46389144986359604, -0.18766878203647006, -0.1948311575495729, 0.5559002487055763, 0.06931463067371407, 0.4729383131635543, 0.003706124022655348], [-0.5283037452312673, -0.4508120780926089, -0.5585214520967333, 0.34116897325685647, -0.1740828299415367, -0.10528938636645135, 0.38991542316220207, 0.5110148172491392, -0.11124040969134716, -0.14854012546780274, 0.7351597810179562, 0.11230745994257388], [0.1291668512558347, 0.1647470984294227, -0.46338035023049795, 0.008378601965762428, -0.33077013688449364, 0.3320085475853633, -0.6684143336025914, 0.4784122631968807, -0.5768949931172057, 0.6356201688258423, -0.1753554184900668, -0.08425983772482948]], "inverted": true, "swapped": true, "error_lsq": 0.046652681519442483, "error_max": 0.27424619931964694, "target": "599.xyz", "model": "26.xyz", "model_rescale": 3.795458400668931, "target_rescale": 4.220493883849974},
