[{"mapping": [5, 1, 9, 11, 12, 9, 7, 8, 2, 3, 0, 4, 6, 13], "R": [[-0.4841545685101597, 0.6147675332616511, -0.622619654233727], [-0.748170206085099, -0.6598328575403895, -0.06972763323578939], [-0.4536911906983887, 0.4320665228381723, 0.7794118444860904]], "T": [0.057253814179932846, -0.058911806038063744, -0.14131356749442653], "aligned_model": [[0.7125651209229475, -0.10098645632587021, -0.5330887529602902, 0.39029438759159407, -0.34745392167103956, -0.5330887529602902, -0.019014845703809194, 0.5504508962792845, -0.19963348812373122, 0.20939801839716404, -0.6268094114771716, 0.2177355566684412, 0.6039731438920443, 0.049720658228509754], [-0.16176356939527986, 0.016236335092154483, -0.25015171976754513, -0.6620375975459062, -0.40683796288600005, -0.25015171976754513, -0.31244558714310205, -0.29099287589559103, 0.5909658810821126, 0.4328881178748025, 0.26804054621322615, 0.25331439323205446, 0.3692107981106009, -0.15117589256899167], [-0.5051677504725409, -0.6911834494646021, 0.24812977958349985, -0.030025217147450156, -0.36554301671332506, 0.24812977958349985, 0.5667105816937135, 0.41857405234117134, 0.17950749027482243, -0.23178611449149492, -0.28474333163553023, 0.7475984852016029, 0.17861657257330538, -0.00725965239522397]], "inverted": false, "swapped": false, "error_lsq": 0.059214215452273455, "error_max": 0.37594753151487803, "target": "6.xyz", "model": "0.xyz", "model_rescale": 3.8414455957264533, "target_rescale": 3.89814844738969},
{"mapping": [13, 8, 2, 7, 9, 5, 4, 0, 10, 12, 6, 3, 1, 14], "R": [[-0.7675071587917166, 0.6400653188405117, -0.03534329952142057], [0.33202243837065337, 0.34975768674843094, -0.8760311986332405], [-0.5483555977847517, -0.6840949847630668, -0.4809575762997678]], "T": [0.054016361396505466, -0.06764529043314985, 0.008020497419607212], "aligned_model": [[0.5248452343742855, -0.06893456812060379, -0.49836396928899984, 0.12400192971514554, -0.10912784732373008, -0.43256897597644867, 0.0853911765638483, 0.6499859011306569, -0.22883157123858194, 0.3033531052655156, -0.7121681876100694, 0.06353144032093971, 0.5868410181015422, 0.0861074668442834], [-0.20052000076124535, 0.21709363613675217, -0.4416243122469755, -0.7064387011988272, -0.5203137823616903, 0.18797036426972544, -0.31859418204326284, -0.4331545427430217, 0.5551473325057769, 0.5553872371605909, -0.011922061995656132, 0.22677975904245015, 0.33288745383934615, 0.002400947031027792], [-0.5712130343834367, -0.7186907314239204, 0.32364747524846194, 0.007993579190796365, -0.47569934253905144, 0.37163860960182826, 0.48953634307898075, 0.19969904001660455, -0.014511618044745309, -0.35523038225451986, -0.13298777347163182, 0.7336927619815155, 0.5595359524536839, 0.054147329476882666]], "inverted": false, "swapped": false, "error_lsq": 0.03444676874202991, "error_max": 0.20756596961095725, "target": "6.xyz", "model": "1.xyz", "model_rescale": 4.316132596720782, "target_rescale": 3.89814844738969},
{"mapping": [11, 9, 12, 2, 6, 5, 3, 10, 0, 8, 1, 13], "R": [[0.4841763133545337, 0.48522116750217736, -0.7281028197955537], [-0.5152117795165084, -0.514481616616041, -0.6854673503614727], [-0.7071987838181322, 0.7070142040807731, 0.0008918487460393143]], "T": [0.0006434310279947661, 0.051146704245982284, -0.06998932003487013], "aligned_model": [[-0.30897190782927647, 0.5625444552467282, 0.12056335819059263, -0.556146694689053, -0.5142483725930866, -0.48988628895978087, -0.2779141622246961, -0.20197250093950678, 0.5838127273276597, 0.2179710662616706, 0.48937914834997026, -0.027322273509440796], [-0.6425321662402145, -0.1600141230131306, -0.7975074512248721, 0.4252267166033728, -0.1846146260609622, -0.021076290531420343, 0.25453391611431997, 0.5155975235824067, 0.11705804366916756, -0.12023813304383557, 0.5550625039641137, 0.07128051392203497], [0.09883530908801538, 0.04080224777860754, -0.43978534481123216, -0.05513966361051848, -0.37498275245405954, 0.3235912934165328, -0.6897060149754166, 0.5230913615926838, -0.6164615668282409, 0.6150368196923464, 0.14428164712231786, -0.12030487480161513]], "inverted": false, "swapped": true, "error_lsq": 0.04622672061983047, "error_max": 0.26986990338545414, "target": "6.xyz", "model": "2.xyz", "model_rescale": 3.795458400668931, "target_rescale": 3.89814844738969},
{"mapping": [1, 4, 10, 6, 9, 11, 2, 0, 3, 7, 8, 13], "R": [[0.9722933365370436, -0.23112251201624953, 0.035043575230879434], [0.1874352898227126, 0.8603707340341198, 0.47395169811560534], [-0.13969137358741748, -0.4542516752383956, 0.8798532466771787]], "T": [0.026255173249491615, 0.08468078823360191, 0.0572386901010782], "aligned_model": [[-0.1979020402608709, -0.06512394241489255, -0.7345265055981078, 0.21001871018223384, 0.20488510395301046, 0.061123952794226895, -0.3237438449885417, 0.6587830099029826, 0.37824883160547607, 0.7646643847725052, -0.41470583065400596, 0.051581996449548945], [-0.16899050624363277, -0.5994784237597957, -0.06729846552639747, 0.05917620622695234, 0.4115644879769147, 0.7139618548449732, -0.32232063338621963, -0.13734650561500605, -0.43159352811079377, -0.005079353046672785, 0.5944112182202325, 0.03876269370915522], [-0.5939987473576267, -0.09924562883054608, -0.024161665828863928, 0.6731107928251292, -0.4263260131024983, 0.5136850683654962, 0.459758431317692, -0.3828466038719405, 0.39275436403992625, 0.33307590550577754, -0.24540492437105235, 0.08837045194760706]], "inverted": false, "swapped": true, "error_lsq": 0.04451315025004335, "error_max": 0.21895502654652899, "target": "6.xyz", "model": "3.xyz", "model_rescale": 3.7530521520055578, "target_rescale": 3.89814844738969},
{"mapping": [11, 8, 5, 10, 6, 1, 7, 9, 0, 4, 13], "R": [[-0.7178559636611054, -0.6876440872560481, 0.10875856149279728], [-0.24767310426452943, 0.10624546742305185, -0.9630004849822398], [0.6506464853206828, -0.7182322116933033, -0.24657988812145387]], "T": [-0.04356176946901311, -0.07469933541897075, 0.031924563447530536], "aligned_model": [[-0.2547319657132366, -0.3052736651319006, 0.29106371379669405, 0.4247796666233142, 0.1883579269437243, -0.08349756713069667, -0.2380045230617386, -0.6055079640478458, -0.4560294868644616, 0.3873575678048732, -0.010314100773520858], [-0.7370165186446429, 0.10804588103870441, -0.3398848687996825, 0.2854720578914325, -0.6494156074234867, 0.6574082427348347, -0.4961235234484903, 0.1537124997804629, 0.2063485753401383, 0.3688428776181236, -0.09018625777304784], [-0.31778515308230254, -0.6343906360857432, -0.4354550309780972, -0.4774332097030895, 0.2040652885307142, -0.0016821030512666965, 0.6753411356197514, -0.03619984792298144, 0.6595750261185366, 0.3761485344665712, 0.08064677333322379]], "inverted": false, "swapped": true, "error_lsq": 0.0484404289363263, "error_max": 0.30396990949213293, "target": "6.xyz", "model": "4.xyz", "model_rescale": 3.7855080009869324, "target_rescale": 3.89814844738969},
{"mapping": [5, 9, 8, 7, 10, 13, 6, 4, 14, 2, 15, 11, 1, 16], "R": [[-0.7586163180352657, -0.39845849659967353, -0.5154921032354858], [0.4093644502334883, -0.9070206895095546, 0.09866212893834217], [-0.5068747664814757, -0.1361774404559734, 0.8511954392589339]], "T": [0.058650970990419764, 0.009223453928713043, 0.02930189010454378], "aligned_model": [[0.5734477830861668, -0.15478277310002928, -0.5000860544877201, 0.23051393057136582, -0.1757784331172021, -0.45290847951166097, 0.08966201608148044, 0.6565107269452829, -0.2716102936241423, 0.3081749598486322, -0.7224513521371128, 0.10212196065383605, 0.6520008426767844, 0.0392473188721026], [-0.40647650481048375, 0.24702867381506732, -0.4112273352613358, -0.720038259446879, -0.4385348904957483, 0.08101743407072415, -0.37357213941548795, -0.3256795780061791, 0.5811007225152075, 0.6032341772606109, 0.023826217069080096, 0.17712580276509424, 0.3549640321815122, 0.05233079439380805], [-0.43683224421688693, -0.6069439220839357, 0.10895077078045659, 0.02614778096210798, -0.49559771321241, 0.5372587700587149, 0.5571114361205133, 0.30751845193319544, -0.11760381197032435, -0.3321877046692114, -0.23334621439898004, 0.8054174115401411, 0.3478977490050707, 0.0037674490829967162]], "inverted": false, "swapped": false, "error_lsq": 0.03808971066361085, "error_max": 0.2781043887750184, "target": "6.xyz", "model": "5.xyz", "model_rescale": 4.2253639853439635, "target_rescale": 3.89814844738969},
{"mapping": [0, 1, 2, 3, 4, 5, 6, 7, 8, 9, 10, 11, 12, 13], "R": [[1.0, 0.0, 0.0], [0.0, 1.0, 0.0], [0.0, 0.0, 1.0]], "T": [0.0, 0.0, 0.0], "aligned_model": [[0.6348629697920275, -0.17452126546272356, -0.4728166781935147, 0.19860441705815984, -0.19522337598753947, -0.47863246492046224, 0.08785958375426686, 0.6625940583995914, -0.29092527267898305, 0.30250004993771296, -0.7568183048481724, 0.08809053955601487, 0.7568183048481724, 0.011669591503233184], [-0.13730772627666923, 0.1293821173838905, -0.4521247263377529, -0.6779495280046766, -0.49642752863755873, 0.07740908384391142, -0.344176220610174, -0.37318950769413195, 0.6779495280046766, 0.45961584690283896, 0.08205151864192617, 0.326014521291769, 0.23335360678968442, -0.05950183866274345], [-0.47027465083520914, -0.7010765846616311, 0.14899406932255702, 0.06285058234866782, -0.46514390728607785, 0.40701359155843136, 0.5362288604990717, 0.2260307969005151, -0.040147214020235446, -0.2642790580974026, -0.17031170284050226, 0.7010765846616311, 0.4940808760861076, 0.006515965295525141]], "inverted": false, "swapped": false, "error_lsq": 0.0, "error_max": 0.0, "target": "6.xyz", "model": "6.xyz", "model_rescale": 3.89814844738969, "target_rescale": 3.89814844738969},
{"mapping": [6, 3, 2, 12, 5, 4, 0, 11, 9, 1, 10, 8, 13], "R": [[0.6669747335752344, 0.05674411995294926, -0.7429164216942649], [0.6920337450606185, 0.3223153327309686, 0.6459118531068309], [0.2761050533214132, -0.9449301197111302, 0.17570733733424237]], "T": [-0.09511762205835472, 0.0664713971609409, -0.020195738071360644], "aligned_model": [[0.2641854584735321, -0.1424193711335699, 0.35658471644947715, -0.24607695786499373, 0.5221027093948624, -0.28230226681231385, -0.8601385369138776, 0.3484701142986455, -0.5192952611914401, -0.5068993295221953, 0.2784777631195536, 0.030626510256962586, -0.0946837476504202], [-0.22975370353425567, 0.10694803021856047, 0.4431661898857107, -0.8516185483473818, 0.10985617658872064, 0.6620207283551046, -0.02486284475300711, -0.5524033837063048, -0.12030910374837205, 0.5983778378464041, 0.6737750880507855, 0.0752195368570156, 0.07336526175750499], [-0.46389603575159255, -0.7266896583630262, -0.3430542869094417, -0.09546788005214604, 0.11358800460864028, -0.3536537040716412, -0.24260011171141016, 0.14035865948093212, 0.3770230963573852, 0.27343182486126405, 0.2962235874991262, 0.7077992885866634, -0.08078775369845753]], "inverted": true, "swapped": true, "error_lsq": 0.04581374396163524, "error_max": 0.24713446402352549, "target": "6.xyz", "model": "7.xyz", "model_rescale": 3.7474275329858107, "target_rescale": 3.89814844738969},
{"mapping": [4, 11, 5, 8, 9, 6, 3, 2, 10, 12, 7, 0, 1, 14], "R": [[-0.8112885221611532, -0.21123307184144058, 0.5451527521438384], [0.3579866629273582, -0.9166892954227772, 0.1775564271532483], [0.46222990272775144, 0.3392069059110111, 0.8193181262529057]], "T": [0.10426216727624826, 0.03185919711148742, -0.03270876406383959], "aligned_model": [[0.6425885290501847, -0.18517895082619695, -0.39751518014681575, 0.1906558242257023, -0.3272049922164477, -0.5097078956336999, -0.005972271119187994, 0.7641418470204127, -0.38407232010514253, 0.294251961521934, -0.5677001637965047, 0.04163389480639379, 0.6554941622922874, 0.16264770768486414], [-0.44974867478061914, 0.20937249967910582, -0.4552148071268385, -0.6433725898449902, -0.3671117465175127, 0.05246231266247192, -0.3515455901811195, -0.3644119676337155, 0.6107857564885277, 0.5382832447136272, 0.025148344480606516, 0.31470467392639706, 0.3033623535211321, 0.02238533724791754], [-0.333515066850731, -0.553470535081078, 0.12221015676316847, -0.0752350592115083, -0.5174754259822191, 0.5053938022538578, 0.5630963002460955, 0.30805136873057276, 0.007748954236615591, -0.3294935023710905, -0.14361062157874288, 0.5591437288427542, 0.3999933780386582, -0.04127926910490462]], "inverted": true, "swapped": false, "error_lsq": 0.04461813608469693, "error_max": 0.3411483759004382, "target": "6.xyz", "model": "8.xyz", "model_rescale": 4.019505241142653, "target_rescale": 3.89814844738969},
{"mapping": [8, 11, 9, 1, 10, 4, 0, 5, 2, 6, 12, 3, 13], "R": [[-0.12722948193570516, -0.6282270499868545, -0.7675567943749744], [0.9739262995052558, -0.22566835171977626, 0.023267104763552204], [-0.18783030122525718, -0.7445834867205248, 0.6405585135213923]], "T": [0.02748394288724127, -0.05402555173995329, -0.013081960163193039], "aligned_model": [[-0.3305927505097084, -0.7266510077221487, -0.09689690272515922, 0.5065229430879298, 0.20295046490597324, 0.7212156801236658, 0.39393358743051626, -0.272656424552399, 0.25731573672753905, -0.17905967990335914, -0.5946398393659578, 0.3798804463010034, 0.05837851794328083], [-0.4912911879613419, -0.025490995842772247, 0.1307174433696207, -0.26950587351167077, -0.8135898939790513, -0.14295330177741408, 0.5843282698211335, -0.528177049607232, -0.40901724709285886, 0.12168938102262408, 0.6418950069921381, 0.2938546168488712, -0.029080940167987394], [-0.4889440416789429, 0.1767075132074661, -0.5814092061122776, -0.525717941317607, -0.04111736703870104, 0.09526675570706242, -0.3313298287170345, 0.2798982155383356, 0.5078113636641077, 0.5701692399314886, -0.012498900972823045, 0.4946636113415788, 0.03320408049122518]], "inverted": false, "swapped": true, "error_lsq": 0.05408206240230859, "error_max": 0.29233528184605423, "target": "6.xyz", "model": "9.xyz", "model_rescale": 3.877068213659057, "target_rescale": 3.89814844738969},
{"mapping": [12, 10, 13, 3, 6, 2, 4, 5, 9, 11, 14, 7, 1, 15], "R": [[-0.4025559295458532, 0.2139764018297629, 0.89003529314711], [0.5860483425387337, -0.6866718289135152, 0.4301501360968881], [0.7032041409114975, 0.6947631962305979, 0.1510233007464965]], "T": [0.03460023978151017, -0.01741429596821852, 0.021124709415950505], "aligned_model": [[0.549182855654079, -0.23458415401088706, -0.5966652622512151, 0.20698168537064981, -0.061133191141121784, -0.4601481288643938, 0.05245628034069972, 0.7382957063942854, -0.3699141683930667, 0.29723997879461295, -0.6945346397339681, 0.12090813404671791, 0.7105308395049574, 0.11544621704643386], [-0.19872275670046705, 0.1827380581462763, -0.4615362346934148, -0.6221490720981733, -0.43204513812947254, 0.14188168826397762, -0.3120653650305266, -0.3227474569909341, 0.5018279991150562, 0.4632509105110294, 0.08812875609960148, 0.28552494964606706, 0.1155981912116399, 0.015414617284330735], [-0.4892939317230434, -0.6039269498418454, 0.06469150238967812, 0.10680919158090905, -0.42521703191828625, 0.4336828254180691, 0.6301834824920457, 0.1713904516562716, -0.027873621938070182, -0.4734828148243257, -0.23722493403792372, 0.7741621123853925, 0.5486966123971114, -0.0010386851045345001]], "inverted": true, "swapped": false, "error_lsq": 0.03495019324287631, "error_max": 0.2093014425763083, "target": "6.xyz", "model": "10.xyz", "model_rescale": 4.260839863003843, "target_rescale": 3.89814844738969},
{"mapping": [10, 8, 9, 1, 0, 4, 2, 5, 11, 12, 6, 13], "R": [[-0.678606920013004, 0.11461557867560843, 0.7255039057340217], [0.0001292317649341651, -0.9877312420106539, 0.15616330188377292], [0.7345016211075478, 0.1060672554606127, 0.6702664439679475]], "T": [-0.046757067527539053, 0.05289699985737584, -0.025091356246864954], "aligned_model": [[0.35266764802230244, 0.1992434526081801, -0.3910920473116757, -0.4221303232315602, -0.8345031725408957, -0.30863918356382336, 0.3303748442741097, 0.5822084726123604, 0.4394642261472595, -0.17513564236282175, 0.24320898691511472, -0.05676861247442025], [-0.054842091389965, -0.6230420477485066, -0.4423115291676215, -0.18440274766549558, 0.11516253306570215, 0.4705703418124824, 0.5226810202393886, 0.039936361180463884, -0.1596239097415923, -0.10033854203216108, 0.4766012293811788, 0.11268788759906027], [-0.6864268680820187, -0.1937775252510229, 0.06870822777854396, -0.6094624119007293, 0.1114433526632442, -0.5329083005554777, -0.32046587669806914, -0.0956295559141094, 0.5440988627253351, 0.8867099240188042, 0.36235203481524825, -0.018463786204244492]], "inverted": false, "swapped": true, "error_lsq": 0.050570619291521755, "error_max": 0.2543040437267441, "target": "6.xyz", "model": "11.xyz", "model_rescale": 3.890672605050136, "target_rescale": 3.89814844738969},
{"mapping": [1, 6, 10, 2, 11, 12, 4, 0, 5, 8, 9, 7, 3, 13], "R": [[-0.6378347143042926, 0.4580117970193207, 0.6191866205107266], [0.4029310013996583, 0.8836000552443017, -0.238532074328246], [-0.6563638360996364, 0.09734544757409017, -0.7481379408218582]], "T": [0.029296750727173852, -0.032179670124032285, -0.09590966464822583], "aligned_model": [[0.5803299363914844, 0.09441897322660356, -0.5067535377619073, 0.018245754172834888, -0.24116465397014053, -0.474940958572438, 0.26533833539521323, 0.6165872681596939, -0.404156626189784, 0.4009853819796989, -0.6640358686042678, -0.034907671998730246, 0.7076415869512671, 0.016474233578255747], [-0.3996710318554599, 0.1156552849751491, -0.6080170361796156, -0.7283985876184754, -0.45140769452027435, 0.026476242992543468, -0.4164189098614345, -0.08550782563708162, 0.5873434893738141, 0.5846478747754305, 0.1805530436648498, 0.4416367222111985, 0.2116803191002722, -0.013472744785926121], [-0.5040895486940483, -0.6490482242597533, 0.3290631821402525, 0.04803903477177622, -0.32798865125673293, 0.44946723541430333, 0.4404685794841826, -0.0652421621311526, 0.08652225887436245, -0.11962436660837371, -0.37849608943968926, 0.6100223354291625, 0.48153621578185024, 0.07092840942530897]], "inverted": true, "swapped": false, "error_lsq": 0.05870290766596013, "error_max": 0.4119676098947772, "target": "6.xyz", "model": "12.xyz", "model_rescale": 4.124412569039231, "target_rescale": 3.89814844738969},
{"mapping": [11, 6, 2, 12, 5, 8, 7, 9, 3, 0, 1, 4, 13], "R": [[-0.8894689453499225, -0.027919726448444752, -0.4561419561201761], [0.017993140098928474, -0.9994976179138164, 0.026091352858501456], [-0.4566412620071439, 0.015000021988334361, 0.8895244556350728]], "T": [0.20370627819973736, 0.05182751177668063, -0.007176917227970141], "aligned_model": [[-0.20354020208475238, -0.10942926852769752, 0.5689227827452084, -0.7013462874018961, 0.4416177757162667, 0.46185993703337375, -0.47833334099342545, 0.04235829561859025, 0.017313194609109017, -0.14263902468028938, 0.6751156555249298, 0.603383181094917, 0.1920156088554234], [-0.2541461636888944, 0.41140263063084725, 0.49910509885587373, -0.15490008607403943, -0.023535248891852045, -0.6320635808467094, 0.44264913274771645, -0.4090099047376179, 0.7346498239049659, 0.1882193336151136, -0.09892182848011644, 0.5323567287470508, 0.11167944072613917], [0.5811122999358074, 0.42452880592129677, 0.3344826749708079, 0.09022594850915022, 0.5745960970177448, 0.10012889556836949, -0.11428263350553, -0.37349935926886374, -0.05213001665060639, -0.7174619666518863, -0.5491673390439661, -0.33923317320952195, -0.007602152624962834]], "inverted": false, "swapped": true, "error_lsq": 0.045197979427549245, "error_max": 0.2942094481722053, "target": "6.xyz", "model": "13.xyz", "model_rescale": 3.9028299243045295, "target_rescale": 3.89814844738969},
{"mapping": [6, 7, 14, 11, 9, 13, 12, 1, 4, 3, 10, 8, 2, 15], "R": [[0.4085624444650096, -0.10139674274055746, 0.907080718312533], [-0.06411513423262388, 0.988166901285057, 0.13933924345646787], [-0.910475688052739, -0.11508638393091257, 0.39722681895687517]], "T": [0.08330750576179113, 0.07523416292781865, 0.10357558684011126], "aligned_model": [[0.5003201114483053, -0.24428164201324798, -0.5073835393322694, 0.10522038250876965, -0.023308844612122293, -0.5596231804587412, 0.012990613618647687, 0.5529381765685937, -0.23184725463683603, 0.3599612029336281, -0.6057520359872721, 0.2066960136743941, 0.7487865216617955, 0.05934562738413901], [-0.1173658405966323, 0.1125203811554827, -0.5773021242513847, -0.6625937349530964, -0.41500896944241067, -0.13150016845359006, -0.28813488473783405, -0.3736608640624169, 0.6438769248294309, 0.4674958398449184, 0.1023403868719683, 0.4181053110909137, 0.23818288899637186, 0.02814400034326968], [-0.37955378257367434, -0.7401797355297527, 0.01230053031852274, 0.13498430026851765, -0.48730518070985296, 0.5237569771223454, 0.6928622393605737, 0.11536725863822, -0.08796072882273809, -0.2942723161347434, -0.17893955009423906, 0.7845468134202408, 0.3732701578369735, 0.002681225831055234]], "inverted": true, "swapped": false, "error_lsq": 0.04102336800995526, "error_max": 0.2526491436198196, "target": "6.xyz", "model": "14.xyz", "model_rescale": 3.942246331269136, "target_rescale": 3.89814844738969},
{"mapping": [8, 7, 10, 11, 6, 5, 4, 13, 2, 0, 9, 3, 12, 14], "R": [[-0.6857965458603469, -0.47759930285818275, 0.5491648237054114], [-0.48125603487276014, -0.2684531309680737, -0.8344612305985146], [0.5459631183372797, -0.8365595151469001, -0.045743316808223244]], "T": [0.01851815231193666, -0.0593291894434831, 0.1044321843778684], "aligned_model": [[0.45953373990868374, -0.21688756949547058, -0.4615278217762751, 0.24634857507544947, -0.10812707366367313, -0.324628942392137, 0.02228715956247785, 0.6902537617974829, -0.2560386648277539, 0.25013201644561245, -0.7219229520620332, 0.04167005274915591, 0.6982519390626167, 0.054717932373647034], [-0.12445818861599324, 0.18823693153981053, -0.564824924195837, -0.7106303725421149, -0.33396555619992235, 0.4280393555986883, -0.4407226671716543, -0.4218465764070014, 0.5881710374473575, 0.5022205934179045, -0.07417181737230462, 0.16745753059862795, 0.21275560815236427, 0.02883819238506523], [-0.5281058708024303, -0.679324582744852, 0.2561900209203018, -0.09053215085878895, -0.3660199833616695, 0.3223806436262532, 0.5496161762883606, 0.3842218582465458, -0.19223248992279546, -0.3099762399786515, -0.21130342254980233, 0.7860330232999849, 0.46776137427259257, 0.08284985249639928]], "inverted": false, "swapped": false, "error_lsq": 0.0480040216312407, "error_max": 0.3922007244991419, "target": "6.xyz", "model": "15.xyz", "model_rescale": 4.355366556412066, "target_rescale": 3.89814844738969},
{"mapping": [11, 9, 12, 2, 6, 5, 3, 10, 0, 8, 1, 13], "R": [[0.4841763133545337, 0.48522116750217736, -0.7281028197955537], [-0.5152117795165084, -0.514481616616041, -0.6854673503614727], [-0.7071987838181322, 0.7070142040807731, 0.0008918487460393143]], "T": [0.0006434310279947661, 0.051146704245982284, -0.06998932003487013], "aligned_model": [[-0.30897190782927647, 0.5625444552467282, 0.12056335819059263, -0.556146694689053, -0.5142483725930866, -0.48988628895978087, -0.2779141622246961, -0.20197250093950678, 0.5838127273276597, 0.2179710662616706, 0.48937914834997026, -0.027322273509440796], [-0.6425321662402145, -0.1600141230131306, -0.7975074512248721, 0.4252267166033728, -0.1846146260609622, -0.021076290531420343, 0.25453391611431997, 0.5155975235824067, 0.11705804366916756, -0.12023813304383557, 0.5550625039641137, 0.07128051392203497], [0.09883530908801538, 0.04080224777860754, -0.43978534481123216, -0.05513966361051848, -0.37498275245405954, 0.3235912934165328, -0.6897060149754166, 0.5230913615926838, -0.6164615668282409, 0.6150368196923464, 0.14428164712231786, -0.12030487480161513]], "inverted": false, "swapped": true, "error_lsq": 0.04622672061983047, "error_max": 0.26986990338545414, "target": "6.xyz", "model": "16.xyz", "model_rescale": 3.795458400668931, "target_rescale": 3.89814844738969},
{"mapping": [6, 3, 2, 12, 5, 4, 0, 11, 9, 1, 10, 8, 13], "R": [[0.6669747335752344, 0.05674411995294926, -0.7429164216942649], [0.6920337450606185, 0.3223153327309686, 0.6459118531068309], [0.2761050533214132, -0.9449301197111302, 0.17570733733424237]], "T": [-0.09511762205835472, 0.0664713971609409, -0.020195738071360644], "aligned_model": [[0.2641854584735321, -0.1424193711335699, 0.35658471644947715, -0.24607695786499373, 0.5221027093948624, -0.28230226681231385, -0.8601385369138776, 0.3484701142986455, -0.5192952611914401, -0.5068993295221953, 0.2784777631195536, 0.030626510256962586, -0.0946837476504202], [-0.22975370353425567, 0.10694803021856047, 0.4431661898857107, -0.8516185483473818, 0.10985617658872064, 0.6620207283551046, -0.02486284475300711, -0.5524033837063048, -0.12030910374837205, 0.5983778378464041, 0.6737750880507855, 0.0752195368570156, 0.07336526175750499], [-0.46389603575159255, -0.7266896583630262, -0.3430542869094417, -0.09546788005214604, 0.11358800460864028, -0.3536537040716412, -0.24260011171141016, 0.14035865948093212, 0.3770230963573852, 0.27343182486126405, 0.2962235874991262, 0.7077992885866634, -0.08078775369845753]], "inverted": true, "swapped": true, "error_lsq": 0.04581374396163524, "error_max": 0.24713446402352549, "target": "6.xyz", "model": "17.xyz", "model_rescale": 3.7474275329858107, "target_rescale": 3.89814844738969},
{"mapping": [0, 1, 10, 8, 3, 12, 5, 4, 7, 2, 11, 9, 6, 13], "R": [[0.7636323213771568, -0.6454077101294884, -0.017735993164890274], [0.6377263231206645, 0.7496837057466612, 0.1768600524057126], [-0.10085045635559989, -0.1463667620853986, 0.9840761944125584]], "T": [-0.024983272497615908, -0.028386557842809225, 0.00715414700615127], "aligned_model": [[0.6749989563816298, -0.08479730209349697, -0.4641066951602236, 0.2021024243830235, -0.25699481383008965, -0.45190015882279577, -0.06666868934076747, 0.632438315670904, -0.40503949648804666, 0.39082282544976843, -0.7007529928649558, 0.19769205694017417, 0.6405543177357912, 0.06571340479686873], [-0.1464065498650157, 0.16393537609728923, -0.532790951020862, -0.7061055376720458, -0.4441475826930482, 0.15847602557637777, -0.3969060564018665, -0.36242836360251585, 0.62180895874892, 0.4922638336524164, 0.019427391758951966, 0.30142512472432226, 0.26463612415980836, 0.01191135317225852], [-0.43470392015703924, -0.654626007122635, 0.17799383289679424, -0.07019908091714226, -0.47648062863890406, 0.5920141904369026, 0.6281820383884041, 0.3885184733862953, 0.02206517803847478, -0.2375113032628253, -0.24341674728163634, 0.5450799016954805, 0.2644404375049534, -0.029798156035674584]], "inverted": false, "swapped": false, "error_lsq": 0.03954991484362526, "error_max": 0.25928872251608803, "target": "6.xyz", "model": "18.xyz", "model_rescale": 3.922800546911778, "target_rescale": 3.89814844738969},
{"mapping": [13, 4, 9, 7, 11, 2, 3, 12, 6, 8, 10, 0, 5, 14], "R": [[0.7916391221557489, -0.2141619705852314, -0.5722256116493966], [0.5588942546791229, 0.6322391286176895, 0.5365732907361422], [0.24686982877448427, -0.7445860155816757, 0.6201991237022685]], "T": [0.06422675314045817, 0.07872183106469544, 0.0362701781715799], "aligned_model": [[0.38289712480536564, -0.1636436391022673, -0.5122348792109239, 0.15824085062787946, -0.19645174391076653, -0.5426838540539416, 0.16507699855431993, 0.7445515336064896, -0.2125694653509329, 0.4458649626938547, -0.6856652578350644, 0.10662262892000546, 0.6209329447382363, 0.0631239482755289], [-0.2049467966823031, 0.17192135090337826, -0.4554241168343417, -0.714608092840323, -0.3973622843289671, 0.028271893084903854, -0.31945383014057743, -0.28831255857138327, 0.6287978735629038, 0.477803427156311, 0.05796294103129618, 0.127681752789456, 0.34995361934968794, -0.017186031845051006], [-0.5020559782385188, -0.6443589961466758, 0.24869258443985212, 0.03628939115392116, -0.4248526352022037, 0.4134217145870459, 0.5266115025659378, 0.1813839076213833, -0.27448370002061095, -0.22731436365791602, -0.2600939350792895, 0.8694857273894692, 0.48241505760665543, 0.046417931912398486]], "inverted": true, "swapped": false, "error_lsq": 0.04138352062808, "error_max": 0.26281530331526964, "target": "6.xyz", "model": "19.xyz", "model_rescale": 3.9282355846067225, "target_rescale": 3.89814844738969},
{"mapping": [12, 2, 0, 11, 10, 3, 4, 9, 5, 7, 1, 6, 8, 13], "R": [[0.3470212998852579, 0.7690136681850213, 0.5368372151505185], [0.5725386528588103, 0.2796588609435261, -0.7707077347985996], [-0.7428160663371282, 0.5748120559281857, -0.34324246816361115]], "T": [0.10363823555502116, 0.031679268742139055, 0.0796323283360735], "aligned_model": [[0.7039869234055531, -0.29337630075640947, -0.45416610984580785, 0.12557916949088677, -0.01747962579161827, -0.5212063161778027, 0.0012810495128645766, 0.688669269329406, -0.3341686737583302, 0.373460505752914, -0.6151430628519574, 0.11908569263704288, 0.6240755056331307, -0.026535873822089356], [-0.11768727216486585, 0.24226004850349492, -0.5265775848545202, -0.67934331083609, -0.47269570517018406, 0.11715132210828855, -0.26228968327419705, -0.33291527364216844, 0.5739083313348918, 0.44603272214495215, -0.026135645456736967, 0.5861895201066716, -0.06802248574486239, -0.034775836419684625], [-0.503518968259575, -0.6108395418457586, 0.21154360860106622, 0.16523991020764428, -0.608241714163878, 0.4902646254155135, 0.6296078792978963, 0.022761119255935602, 0.034878489552484016, -0.29932008891184536, -0.1241118177471136, 0.42477550334958325, 0.6253668674611359, 0.013152336718358998]], "inverted": false, "swapped": false, "error_lsq": 0.05189633624794733, "error_max": 0.3807807992231985, "target": "6.xyz", "model": "20.xyz", "model_rescale": 4.067790424073018, "target_rescale": 3.89814844738969},
{"mapping": [12, 2, 8, 7, 0, 5, 1, 9, 6, 11, 4, 13, 10, 14], "R": [[-0.8922389112201627, 0.03744090200915903, -0.4500087823158558], [0.3811399166659435, 0.5968678226254258, -0.7060319866962551], [0.24216128763395778, -0.8014655208872831, -0.5468189184733278]], "T": [-0.007975949313290327, 0.016376371596312854, -0.03696930540167764], "aligned_model": [[0.700194955340384, -0.42097602536514883, -0.3722058237743379, 0.0695780825803817, -0.06854878647427504, -0.38896172572616483, 0.12650697073463885, 0.6041359136613708, -0.3395497375029026, 0.4125858353125084, -0.8062181674980649, 0.16149340801235096, 0.634015187250008, 0.06201206620703444], [-0.033157050962923144, 0.06561333949330792, -0.3922143535240769, -0.7200835215931204, -0.4638311062859629, 0.06526735047712012, -0.41867081962378033, -0.39946947482210443, 0.6488797786115504, 0.5033431822143568, 0.06960211321793805, 0.39081626570332145, 0.10883928386037292, 0.020164159868990505], [-0.32516069449797264, -0.6540013869925795, 0.12289974920470037, 0.054004070204759586, -0.5567670921468421, 0.4112779826135892, 0.6456384786923135, 0.20060425939695503, -0.23076085783644812, -0.10039930341524678, -0.08645542742146967, 0.5297743824378642, 0.4636151649761814, -0.0027111162843557607]], "inverted": true, "swapped": false, "error_lsq": 0.043037514377902486, "error_max": 0.25888700227667055, "target": "6.xyz", "model": "21.xyz", "model_rescale": 4.186013935880536, "target_rescale": 3.89814844738969},
{"mapping": [8, 11, 5, 1, 0, 10, 9, 12, 2, 6, 7, 4, 13], "R": [[0.8443159945932599, 0.1468080615095413, 0.5153425019827159], [0.24465975795317246, 0.750019233570947, -0.6145020358891778], [-0.4767306410461676, 0.6449174694094278, 0.5973352103620297]], "T": [0.03349267356209922, -0.045921437636924176, 0.026363475267918764], "aligned_model": [[0.2002866442295188, -0.45003969907322233, 0.21649403906899542, 0.5231439927628264, -0.24002188990286188, 0.7482095080093949, -0.15319403746689259, -0.8943801917452507, 0.4222919356402424, -0.26650225711940684, -0.5876421360667193, 0.5109108805489486, 0.02901724653765221], [-0.5078894609853896, 0.11882217947388897, 0.26323304429022915, -0.5310751721779886, -0.3872481528995853, -0.026955559614631086, -0.6270517711103648, -0.10249040998220187, 0.5004171760665643, 0.5202353695424918, 0.21076415382031322, 0.08834018282250773, -0.00014491969974119584], [-0.5255696659287292, -0.560671254580402, -0.4948613063547989, 0.2785007819563828, 0.6984858646786374, -0.2856182812782289, 0.03202341586906349, -0.05846377072745515, 0.0035410078010942557, -0.03009429100845024, 0.4479026447795212, 0.5312961293076384, 0.0664082868210724]], "inverted": true, "swapped": true, "error_lsq": 0.046378699065598036, "error_max": 0.25753968120135134, "target": "6.xyz", "model": "22.xyz", "model_rescale": 4.166573947596378, "target_rescale": 3.89814844738969},
{"mapping": [14, 7, 1, 6, 5, 4, 2, 12, 8, 9, 0, 3, 11, 15], "R": [[0.8625442603408832, 0.1858960998269582, 0.4705954090533871], [-0.07850986199434551, -0.8696293510720631, 0.4874228075537826], [0.49985357908354316, -0.45737012563470786, -0.7354991282484732]], "T": [0.11163912316270744, 0.004441495574693151, -0.016394288478342768], "aligned_model": [[0.7325886027178996, -0.3170014652258737, -0.39709212305456065, 0.14342324181498237, -0.25146782772626175, -0.4707102267745157, -0.048581993261894746, 0.6799897958199856, -0.2991821244583881, 0.438176633604056, -0.6955264641462023, 0.10361575418913298, 0.6897184361306955, 0.06611191312872784], [-0.013960337175177522, 0.03733473216042773, -0.4719950537790541, -0.7330965537494734, -0.5508523905816212, 0.22299914093240472, -0.29013328572301766, -0.31058479179946014, 0.6995952876987561, 0.5082239427210598, -0.034311980749863934, 0.31076988233896724, 0.11842409367573781, -0.0473135393346951], [-0.506354368088741, -0.5878616354221745, 0.13293686844900907, 0.16836238276106139, -0.5172575666440311, 0.37470071743196076, 0.5670130574337152, 0.06796984123620892, -0.061850289399761234, -0.021460500483260626, -0.13360199119040633, 0.5008340914746289, 0.5079391957423375, -0.01981159436909854]], "inverted": false, "swapped": false, "error_lsq": 0.04138923530787127, "error_max": 0.28236808292768484, "target": "6.xyz", "model": "23.xyz", "model_rescale": 4.274766983524099, "target_rescale": 3.89814844738969},
{"mapping": [0, 6, 12, 9, 11, 8, 1, 10, 4, 2, 13], "R": [[-0.0969645525262765, -0.9195372449466255, -0.3808531616113339], [0.007257223272294444, -0.38329934242039776, 0.9235956619703598], [-0.9952613768572329, 0.08679210365039342, 0.04383973631517801]], "T": [-0.029203661682143528, 0.11667105670591557, 0.031326061707078676], "aligned_model": [[0.21460229046305887, 0.07453546990168602, -0.505337806390278, -0.38051781843431554, -0.6045350499532752, -0.6091038706030327, 0.13575427276528365, 0.033595209681686444, 0.623361215306352, 0.3756434588118813, 0.021897332409028268], [-0.26043526722992927, 0.7444898417387005, 0.489050125902488, -0.3013910763840323, 0.6398604900914928, -0.18237765394116554, -0.5816988558999928, -0.0775707857752452, -0.12407027259680237, 0.42414910688828833, 0.1455808784496816], [-0.633062474823139, -0.06248083495462754, -0.6799923406531999, -0.2414354524901704, 0.002683448752262861, 0.3779533715840103, 0.1855146701965541, 0.7842130935877535, 0.16214657192270154, 0.46919324444743354, 0.01483313645199821]], "inverted": false, "swapped": true, "error_lsq": 0.05559786835983302, "error_max": 0.2725778736889958, "target": "6.xyz", "model": "24.xyz", "model_rescale": 3.7841303162186577, "target_rescale": 3.89814844738969},
{"mapping": [11, 3, 12, 14, 13, 2, 9, 10, 4, 6, 5, 8, 0, 15], "R": [[0.5929052335719504, 0.5505263893169496, -0.5876938647532689], [0.3521819692485833, -0.8335854614294812, -0.42556214473280973], [-0.7241762523993597, 0.045342840218069794, -0.688122650623984]], "T": [0.16553220314552078, 0.014685146975869326, 0.11476645019023443], "aligned_model": [[0.5353374833976543, -0.2262175429714797, -0.4389845447079903, 0.06755607531887209, -0.008263631886062967, -0.4793700486931536, -0.05526299932125875, 0.7298881031644661, -0.27207049781167914, 0.26132571794309983, -0.6827891159733112, 0.0875973194542263, 0.6897956735050624, 0.16552016133933808], [-0.16456419139922412, 0.1628602221438843, -0.4278685600244567, -0.7720529873810167, -0.4806587883265173, 0.10559767654573153, -0.3963044206894213, -0.4871489891817149, 0.6028433556999618, 0.4979101407794136, 0.09584355586941047, 0.2666247607368481, 0.3888247877372779, 0.05319258412481369], [-0.5337251060789417, -0.5734037112882838, -0.003036879189795033, 0.14201986530291458, -0.4652588861148791, 0.4950676800959999, 0.4675805122173523, 0.3016354502356571, -0.02407929329434369, -0.4137632652745816, -0.09284616416168034, 0.6438320118750377, 0.47043102842243234, 0.057104966184560575]], "inverted": false, "swapped": false, "error_lsq": 0.03946047911223923, "error_max": 0.19730503738441577, "target": "6.xyz", "model": "25.xyz", "model_rescale": 4.19342608120988, "target_rescale": 3.89814844738969},
{"mapping": [11, 9, 12, 2, 6, 5, 3, 10, 0, 8, 1, 13], "R": [[0.4841763133545337, 0.48522116750217736, -0.7281028197955537], [-0.5152117795165084, -0.514481616616041, -0.6854673503614727], [-0.7071987838181322, 0.7070142040807731, 0.0008918487460393143]], "T": [0.0006434310279947661, 0.051146704245982284, -0.06998932003487013], "aligned_model": [[-0.30897190782927647, 0.5625444552467282, 0.12056335819059263, -0.556146694689053, -0.5142483725930866, -0.48988628895978087, -0.2779141622246961, -0.20197250093950678, 0.5838127273276597, 0.2179710662616706, 0.48937914834997026, -0.027322273509440796], [-0.6425321662402145, -0.1600141230131306, -0.7975074512248721, 0.4252267166033728, -0.1846146260609622, -0.021076290531420343, 0.25453391611431997, 0.5155975235824067, 0.11705804366916756, -0.12023813304383557, 0.5550625039641137, 0.07128051392203497], [0.09883530908801538, 0.04080224777860754, -0.43978534481123216, -0.05513966361051848, -0.37498275245405954, 0.3235912934165328, -0.6897060149754166, 0.5230913615926838, -0.6164615668282409, 0.6150368196923464, 0.14428164712231786, -0.12030487480161513]], "inverted": false, "swapped": true, "error_lsq": 0.04622672061983047, "error_max": 0.26986990338545414, "target": "6.xyz", "model": "26.xyz", "model_rescale": 3.795458400668931, "target_rescale": 3.89814844738969},
{"mapping": [11, 9, 12, 6, 3, 10, 8, 5, 1, 7, 2, 4, 13], "R": [[0.9716631876195734, 0.17843316527445813, -0.1550234026045999], [0.09793348346854411, -0.9008155007545243, -0.42301355346618885], [-0.2151271313449012, 0.39584471593102477, -0.8927638423619094]], "T": [-0.06356880506895236, -0.0638725893344688, 0.018628283537958597], "aligned_model": [[-0.0284859452859572, 0.35333950690517835, 0.6368476055836294, -0.12273935684037951, -0.0013041954244640067, -0.7578982797419963, -0.21905774497859526, -0.5779226356502242, -0.10137535580048711, 0.47862000147935657, -0.6267589793757427, -0.26973111693474944, -0.06385712111431176], [-0.6454894075154721, -0.33648316150467605, -0.4089661896339247, 0.02793900452459877, 0.5396982284393732, -0.1398595635186663, -0.6860885426083165, -0.3526503022252355, 0.09905141566923417, 0.2415783575903057, 0.23407727737793735, 0.5609602952927868, -0.011885908631030548], [-0.49716708147770444, 0.3714276072806441, -0.4929096165143689, -0.6152387728384014, -0.34857038069705354, 0.3659682247248658, 0.3854189222625362, -0.21112992840371533, 0.7332835957504993, -0.47343089288637236, -0.1916437225103481, 0.2793815762517005, -0.013252868842856015]], "inverted": false, "swapped": true, "error_lsq": 0.046368833915317736, "error_max": 0.31716533288033255, "target": "6.xyz", "model": "27.xyz", "model_rescale": 3.6321398670334006, "target_rescale": 3.89814844738969},
