[{"mapping": [12, 11, 8, 2, 6, 4, 7, 5, 0, 9, 3, 1, 13], "R": [[-0.014629476211525216, 0.3956470519551821, -0.918286114838371], [0.7117427709714669, -0.640918695190699, -0.2874812239519482], [-0.7022878372830008, -0.65778920364675, -0.272222624280459]], "T": [0.018308575597908758, 0.1643260510004696, 0.11489278733781694], "aligned_model": [[-0.12897330083083214, 0.3444312257135817, 0.16563368438304826, -0.4864469537125383, 0.2159082829408715, -0.38622622627386793, -0.3782256873295616, 0.7719554555656174, -0.5276861599262351, -0.6409746107416314, 0.10054973962185854, 0.1701490399859299, -0.04285485179335718], [0.6067101398944206, -0.0597236014582736, -0.5521805775971526, -0.01444188348439246, -0.4435602271961204, -0.6858176098358475, -0.35362522954026576, 0.10659187288202876, 0.6360296707647568, 0.19095859894356937, 0.10967781745488756, 0.6991861469947973, 0.0663582788567662], [-0.228216779335431, -0.46000512634593227, -0.1598665530308338, 0.6667280223856074, 0.534386425699505, 0.27924477736369957, -0.26705162195003906, 0.1478230991116808, 0.38838479537793424, -0.20350878201175154, 0.6281668538052995, 0.2695319302167801, -3.7444912681927622e-06]], "inverted": false, "swapped": false, "error_lsq": 0.052015485184558743, "error_max": 0.3698220372596462, "target": "60.xyz", "model": "0.xyz", "model_rescale": 3.8414455957264533, "target_rescale": 3.785848872112482},
{"mapping": [6, 8, 13, 3, 0, 11, 12, 9, 5, 10, 4, 2, 14], "R": [[0.056037136024849984, -0.0068786484418236205, -0.9984049897620436], [-0.538607223299934, 0.8417862618575902, -0.03602982593573967], [0.8406914406577882, 0.5397671475214461, 0.04346640152225672]], "T": [-0.0022876896847078484, 0.023288322956776478, 0.1840394824474137], "aligned_model": [[0.0028237975717521763, 0.0726153949777856, 0.384859488393244, -0.5940330493332748, 0.24349201338185666, -0.3090883036395668, -0.38930602104081696, 0.6186765321678448, -0.4010420899843631, -0.5502884147054955, 0.002957438728359822, 0.18082031148369151, -0.08524746039813416], [0.7085008120536913, -0.09264325368973077, -0.5585187573163778, 0.16187586014676225, -0.44070942498028337, -0.7690752153012926, -0.40172769208981973, 0.11814392413684774, 0.5453099194700749, 0.1953945033919866, 0.15702971356409617, 0.6880599220476527, -0.005476914754433453], [-0.1907736593543113, -0.5939398199410684, -0.11000912661176193, 0.6780109450948609, 0.6838552454811688, 0.11847418182239844, -0.31782478407822495, -0.08226021732196748, 0.2370599124519221, -0.1880572367575316, 0.7112045077616331, 0.4470126912895001, 0.20286065695863323]], "inverted": true, "swapped": false, "error_lsq": 0.03936501456690989, "error_max": 0.20388436790667927, "target": "60.xyz", "model": "1.xyz", "model_rescale": 4.316132596720782, "target_rescale": 3.785848872112482},
{"mapping": [1, 2, 6, 8, 9, 0, 3, 11, 5, 7, 4, 12], "R": [[-0.4964697590614925, 0.8249082881850661, -0.27026670979054723], [-0.0053758095062347855, -0.3142636194724825, -0.9493205349871073], [-0.8680373718968419, -0.4698560349294655, 0.16045693325869304]], "T": [-0.0069142116606993875, -0.0785040847379767, 0.02091181923142133], "aligned_model": [[-0.14196308614835826, 0.5380513157839877, 0.1529854162539315, -0.5632223097902288, -0.4793786847518702, -0.6155145339974499, -0.19800606186349362, -0.2908137871309324, 0.5079590442717862, 0.17010677182422884, 0.587559576990629, -0.06995510681044924], [-0.7154610082846509, -0.34192385971160805, -0.5317297391721266, 0.37067293261455597, -0.24752080783220742, -0.12454001533846783, 0.5571153244466758, 0.6923233582353159, -0.007766249603359879, 0.07192042853621373, 0.3298667479922752, -0.04018068414163529], [0.14249193060349657, 0.031323784678761124, -0.5335686361013074, -0.0528733068914135, -0.31015925980056874, 0.3244446655478903, -0.6579188180268991, 0.5424374896193678, -0.6579838569833878, 0.7029222014038385, -0.07327100783373261, -0.008586725006624087]], "inverted": true, "swapped": true, "error_lsq": 0.041493070173101866, "error_max": 0.25343494797811306, "target": "60.xyz", "model": "2.xyz", "model_rescale": 3.795458400668931, "target_rescale": 3.785848872112482},
{"mapping": [2, 1, 6, 8, 4, 3, 9, 7, 0, 11, 5, 12], "R": [[-0.6525862247140701, -0.6293841773942034, -0.4219084931110765], [0.25023603995863386, 0.3465597391593672, -0.904034441545018], [0.7152014706495355, -0.6955371337603863, -0.06866550765215657]], "T": [0.05247366676176013, -0.07664808485307874, -0.00946892687732629], "aligned_model": [[-0.14202054553634963, -0.2233084554292643, -0.6737981666005141, 0.30933286106431096, 0.17516319800371513, -0.08880782498584427, -0.27392962764364515, 0.6704860826787278, 0.31532043256779674, 0.9537693035087302, -0.48612167676819507, 0.0572182448840966], [-0.057900674113846126, -0.6717367569440199, -0.05956730737678763, 0.07221670398161366, 0.5195957632193503, 0.6776505413372805, -0.22102791409945022, -0.25039776644776457, -0.5175451359039864, 0.11078902410525325, 0.5417794145795708, -0.058086847047503956], [-0.5824491612203735, -0.10192290388496206, -0.11275218445520091, 0.6451649912376926, -0.40756034840215627, 0.5494696075283986, 0.4742797110518391, -0.3365374611280751, 0.43904775745843705, 0.30564445911688337, -0.25125423257340024, 0.06764119591001783]], "inverted": true, "swapped": true, "error_lsq": 0.047340177765134224, "error_max": 0.2899179704566791, "target": "60.xyz", "model": "3.xyz", "model_rescale": 3.7530521520055578, "target_rescale": 3.785848872112482},
{"mapping": [10, 7, 0, 1, 8, 2, 3, 4, 5, 6, 12], "R": [[-0.4667386321012576, 0.36544767886826, -0.8053589530849261], [0.3251717740089337, -0.7759339203190113, -0.5405458987784973], [-0.8224465737615605, -0.5141736528724236, 0.24332506652562225]], "T": [0.025718124329090368, -0.01041879639851783, -0.09333586476811981], "aligned_model": [[-0.46391097571504614, -0.2763793995513842, 0.4810748503152812, 0.5298756254009809, 0.15815226379545064, -0.2127471671799323, -0.17461324238312637, -0.6771658332884826, -0.33625709388767333, 0.25903917219514394, 0.051131402743993165], [-0.44412298528201877, -0.004990487317566711, -0.37319825229530146, 0.382666951347074, -0.7146020750106161, 0.5457569666965009, -0.6187159013969439, 0.07037299941098352, 0.2706153732683, 0.43423199775795396, -0.08081122886401917], [-0.019143657372670486, -0.7474075303404197, -0.447859723663396, -0.2666646086853047, -0.0361515432621773, -0.07634650733790647, 0.6075072975645525, 0.07537410881371129, 0.6284614662423396, 0.44171265646074676, -0.06665118117415891]], "inverted": false, "swapped": true, "error_lsq": 0.05028234128925399, "error_max": 0.24874973387427785, "target": "60.xyz", "model": "4.xyz", "model_rescale": 3.7855080009869324, "target_rescale": 3.785848872112482},
{"mapping": [10, 7, 6, 2, 12, 1, 4, 8, 9, 5, 14, 15, 16], "R": [[-0.18576574796921186, -0.48189966303305104, -0.8563082398587973], [-0.767101534518458, -0.4734762232952958, 0.4328689197822486], [-0.6140409779655318, 0.7372875834724573, -0.28171030623049303]], "T": [-0.03754066425020442, -0.03489690422634401, 0.15090656757851212], "aligned_model": [[-0.03089586300397535, 0.029266156387648422, 0.34468960783425534, -0.6007676916696403, 0.08441456072302908, -0.4113134795069337, -0.24954562028785926, 0.556733083969471, -0.3001221841962644, -0.5864908241578991, -0.023562620649834436, 0.4138032682884939, -0.04896875612760814], [0.595589789476366, -0.01106955254885885, -0.425071481399301, 0.03162170080305934, -0.41442753271652605, -0.6762123912880692, -0.5378648426708771, 0.2720234827056996, 0.5671825906994216, 0.13206096255391508, 0.17619277009690001, 0.6062458901035425, -0.010107989136098405], [-0.21434218293886892, -0.5949745073283446, -0.20650200324360274, 0.6243368986177265, 0.7024033383303712, 0.2996085097958596, -0.3481705160244886, -0.06806480549578459, 0.42561595296931837, -0.4199542186704695, 0.7935131052235025, 0.40495907893241295, 0.19718464662761884]], "inverted": true, "swapped": false, "error_lsq": 0.04385592826778085, "error_max": 0.22483198424890397, "target": "60.xyz", "model": "5.xyz", "model_rescale": 4.2253639853439635, "target_rescale": 3.785848872112482},
{"mapping": [2, 3, 0, 11, 9, 12, 7, 1, 5, 6, 8, 10, 13], "R": [[-0.12232919750268906, 0.06317220237162202, -0.9904770771127756], [-0.9746019236381686, -0.19626325172360956, 0.1078509455853614], [-0.18758107015136055, 0.9785141842969851, 0.08557647603445995]], "T": [0.013719672491054102, 0.05757613802136675, 0.12918906130368302], "aligned_model": [[-0.10457796769881333, -0.11565507234856132, 0.39317962500017345, -0.6708616036131407, 0.26751237843783365, -0.5534956241271898, -0.3147884530975311, 0.7376423585527667, -0.3259771323784705, -0.5498928841530464, 0.13190078760896598, 0.28017386114658344, 0.0020793642733129315], [0.6231888023557182, 0.0038509647210256404, -0.5849336385161523, -0.01664996875857546, -0.3559494395196357, -0.6725320857166854, -0.4905682844197794, 0.1266601714009439, 0.5527565012560468, 0.09732995256229036, 0.20372597454387795, 0.7607007377178474, 0.058583709052251465], [-0.2117795506055915, -0.5660700658207833, -0.16450121913147842, 0.4916704405399595, 0.4995703332559443, 0.2578457882221594, -0.34092934888235554, 0.22853252055224765, 0.3295481266810483, -0.1781844709752945, 0.8437087075784521, 0.33686774831495675, 0.06933428706598598]], "inverted": false, "swapped": false, "error_lsq": 0.04444278783809914, "error_max": 0.24041104330213758, "target": "60.xyz", "model": "6.xyz", "model_rescale": 3.89814844738969, "target_rescale": 3.785848872112482},
{"mapping": [2, 4, 7, 9, 3, 8, 11, 0, 5, 10, 6, 1, 12], "R": [[-0.3211893937215068, 0.7339620360708042, 0.5984455722683646], [-0.14836914725995579, -0.6631246025139018, 0.7336568391844605], [0.935320249701761, 0.14685193613834036, 0.3218859104562614]], "T": [-0.006149831810826942, -0.03834004168719872, 0.06252480471281562], "aligned_model": [[0.03028391789845382, 0.043870865700758516, 0.39085754115500965, -0.8097037855231611, 0.48218212642587344, -0.26278871104262774, -0.5335859274953898, 0.5379211792217848, -0.3286281711406549, -0.5540898950041203, 0.009416117441066171, 0.2652456459959779, -0.09374126603008753], [0.56785601798689, -0.008113613974355158, -0.511997155404347, 0.05492041879780703, -0.4476797005094177, -0.5678046451466715, -0.5640811860256162, 0.15093443071189971, 0.5284490720007969, 0.34901562814690806, -0.0014236362191323987, 0.7057114929846856, 0.050376273329726357], [-0.30181948800863834, -0.579409834695628, -0.15953096301651293, 0.4414039530147701, 0.5588662989986852, 0.39642672394192413, -0.2548831084553438, 0.20098886691056883, 0.4836357464997522, -0.23516788120208265, 0.7376327451630693, 0.35837682923228775, -0.05090659158760075]], "inverted": true, "swapped": false, "error_lsq": 0.049452692679379864, "error_max": 0.26983353311277597, "target": "60.xyz", "model": "7.xyz", "model_rescale": 3.7474275329858107, "target_rescale": 3.785848872112482},
{"mapping": [9, 5, 3, 10, 1, 0, 6, 4, 11, 7, 12, 13, 14], "R": [[-0.8684156715317625, 0.35517158252270953, 0.3459875263739319], [-0.4427555322840456, -0.24134160697705942, -0.8635518324765468], [-0.2232078853219784, -0.9031098359059349, 0.36683901676354685]], "T": [0.02196591925365704, 0.017168289388854358, 0.16522427936660675], "aligned_model": [[-0.10284137836703924, -0.10807550882229355, 0.1537646919467594, -0.7103518566977396, 0.3179216773511542, -0.1904119276850133, -0.49081915089304734, 0.7385601629883864, -0.31823372270215194, -0.5242081555132279, -0.11456230859656236, 0.451338396403334, 0.0751587181903238], [0.5613326913522032, -0.062300994130255985, -0.5336747100242879, -0.045909827793236976, -0.4709499032172559, -0.5929885431338386, -0.4823975695166709, 0.3271988245668773, 0.5362823247885018, 0.16872890653855696, 0.2547952379455365, 0.6230382751711986, 0.02300868413184552], [-0.3530890256766732, -0.5346295082082082, -0.2744751753734883, 0.3522942818967416, 0.6540521011461496, 0.29490668944033455, -0.22774330561766212, 0.11423797778465763, 0.2007879891576269, -0.21240105255083172, 0.7179774748517834, 0.671853004259916, 0.19184184568490453]], "inverted": true, "swapped": false, "error_lsq": 0.05050244499060748, "error_max": 0.3210868178351756, "target": "60.xyz", "model": "8.xyz", "model_rescale": 4.019505241142653, "target_rescale": 3.785848872112482},
{"mapping": [2, 3, 5, 9, 11, 8, 4, 6, 1, 0, 9, 10, 12], "R": [[0.5980027222293888, 0.7747121892399635, -0.20545989401648063], [-0.7444628473845178, 0.44192187483843715, -0.5004798951041058], [-0.2969306536388195, 0.45224559741616466, 0.8410149264711774]], "T": [-0.06685196855800003, 0.06290929062204853, 0.10129113911125368], "aligned_model": [[0.08639173983791008, 0.020529167966591308, 0.33348036829586425, -0.29927878943039254, 0.2253881027274402, -0.3476869975937117, -0.4614394800086521, 0.6321046937846716, -0.35974426931889053, -0.5828109289714795, -0.29927878943039254, 0.27571617006769644, -0.046131350323771664], [0.3855619450313699, -0.12414335650132236, -0.3856436505669882, -0.021190103115213355, -0.33603969020992047, -0.47074645930945014, -0.478703956418119, 0.2568223923536762, 0.6420395883013414, 0.14203127975803057, -0.021190103115213355, 0.6878829000239673, 0.029482610447014758], [-0.3702847218659029, -0.732877100469694, -0.19713640345435154, 0.7386647550874882, 0.47902778734809537, 0.4053966445163064, -0.38712513588468545, 0.14509902779022535, 0.2887144584593062, -0.28622936366930496, 0.7386647550874882, 0.6759517486604483, 0.09774684518983168]], "inverted": false, "swapped": false, "error_lsq": 0.057703679150161294, "error_max": 0.3938548310741884, "target": "60.xyz", "model": "9.xyz", "model_rescale": 3.877068213659057, "target_rescale": 3.785848872112482},
{"mapping": [3, 12, 11, 7, 9, 8, 0, 6, 4, 5, 2, 13, 15], "R": [[-0.3907867784195589, -0.5811165422547516, -0.7138552080991942], [-0.23449459372849102, 0.8127866842702991, -0.5332823749056432], [0.8901112173905981, -0.04100451427311974, -0.4538949773732388]], "T": [0.02326698577929731, 0.04769138093443624, 0.15431608748949818], "aligned_model": [[-0.06507353399599768, 0.139504351818825, 0.18811615253183955, -0.6623922145994265, 0.23431008179992668, -0.31164576547153067, -0.32402027701380354, 0.488741037452025, -0.426041180836226, -0.47694675425292654, -0.024948888771447075, 0.43014125865227276, -0.012504629710648058], [0.5988201378663918, -0.05373741051754684, -0.6089894642745486, -0.009901385786698566, -0.3647550574473631, -0.5965186461458494, -0.44142723835827313, 0.3084515157257089, 0.5109873974330233, 0.23288764053355837, 0.134145133854291, 0.6026304473332144, -0.006429673536734459], [-0.14770111165103608, -0.5767080507674495, -0.13936791960028153, 0.5934528584097005, 0.6244161310843154, 0.4153713036161186, -0.36905812757717793, -0.154945346329625, 0.35820245842710846, -0.41707169848076453, 0.8104840050204336, 0.5066432857331353, 0.09189550891077386]], "inverted": true, "swapped": false, "error_lsq": 0.04431421410453483, "error_max": 0.3164595663348123, "target": "60.xyz", "model": "10.xyz", "model_rescale": 4.260839863003843, "target_rescale": 3.785848872112482},
{"mapping": [6, 1, 0, 9, 8, 3, 5, 2, 7, 11, 10, 12], "R": [[-0.6035179956835813, 0.7842871814259417, 0.14373463722090427], [0.272137496787861, 0.37204915466553634, -0.8874235794448426], [-0.7494712881279108, -0.4964605156138927, -0.437972310435578]], "T": [0.10772420301049423, -0.06336526313511706, -0.04261539443634069], "aligned_model": [[0.3260127186601659, 0.2486674807340878, -0.3730903012855328, -0.31605726032700143, -0.5809716607291735, -0.42819872462548836, 0.42710073862446135, 0.7042876657468368, 0.332997540192967, -0.3495918823784192, -0.06294247814180395, 0.030684812623030855], [-0.018843892466649553, -0.6474407696228635, -0.5152058403885796, -0.19700524990765914, 0.07370449524713057, 0.6938876339132575, 0.5755157618130099, -0.03553125976905294, -0.2590231883763813, 0.08927253240372188, 0.458989703714883, -0.04524142102788265], [-0.7417562469687581, -0.3214071439937579, 0.12856682792757937, -0.4475191060236776, 0.11098417068048969, -0.24434250756849327, -0.5125380632209667, -0.14172702926971176, 0.613183373497597, 0.8025630731574117, 0.31981892410279966, -0.04964819492500745]], "inverted": true, "swapped": true, "error_lsq": 0.04509145744269181, "error_max": 0.28774554625724524, "target": "60.xyz", "model": "11.xyz", "model_rescale": 3.890672605050136, "target_rescale": 3.785848872112482},
{"mapping": [9, 5, 7, 1, 4, 3, 8, 12, 11, 6, 2, 10, 13], "R": [[-0.2000345952174863, -0.210168244052109, -0.9569824815053982], [0.6358972067866067, -0.7709155719740952, 0.03638575667546051], [-0.7453998276879117, -0.6012640768247404, 0.2878551837346769]], "T": [-0.20378805722700874, 0.057843931070265184, 0.10779479360482941], "aligned_model": [[-0.056406114708009436, 0.16674553805299416, 0.39788234091828734, -0.8365421533830464, 0.12182740955985269, -0.11633721193035287, -0.45545503030705226, 0.527882926871366, -0.22793545312607316, -0.703288993247473, -0.052090600257341135, 0.47031996822348754, -0.059362989063756005], [0.6228412082841883, 0.013484692800822429, -0.46719132487786397, 0.023664789846962304, -0.2280261280486599, -0.8473384401555143, -0.4709332449568062, 0.12020296473793823, 0.5593378201100301, 0.23323360401815285, 0.2930833760847862, 0.4813296379872357, -0.027525559152097964], [-0.40686728560985425, -0.5746341730899391, -0.1910276993296297, 0.5591841272107885, 0.6585305931618022, 0.26922707191685447, -0.31202597602394594, -0.018304646099011723, 0.3329235266051245, -0.11979172066934846, 0.7614112091918954, 0.5149541364950903, 0.12203413303542468]], "inverted": true, "swapped": false, "error_lsq": 0.053707369054876934, "error_max": 0.29102660912338, "target": "60.xyz", "model": "12.xyz", "model_rescale": 4.124412569039231, "target_rescale": 3.785848872112482},
{"mapping": [2, 4, 5, 6, 7, 3, 0, 10, 8, 1, 9, 11, 12], "R": [[-0.7626658625547929, 0.46269853592881516, 0.4519411985456568], [-0.47810018110168495, -0.8738969804756054, 0.08788790784946124], [0.4356156550493679, -0.14904406182384555, 0.8877076482215076]], "T": [-0.09722324782671107, -0.11764236370276247, 0.14980901291979412], "aligned_model": [[0.005898831021216591, 0.10513762076569458, 0.38255242380614063, -0.6727743452602123, 0.408430296958305, -0.5218103752830074, -0.30452293528012686, 0.5490173127469772, -0.28417936774408803, -0.7092490232502852, -0.07515937262613265, 0.30874473231504496, -0.014846160566643854], [0.6411889780693797, 0.003181540234795416, -0.5958643752508314, 0.04970009262107701, -0.3634971936050566, -0.6140909239222959, -0.5132967572918217, 0.23409137277741981, 0.5327044009240821, 0.26242695426255813, -0.05131254767105327, 0.7580002727939749, -0.037068417263054654], [-0.2450787499284521, -0.6003429175911803, -0.18910822130174407, 0.44704671466483814, 0.42720326263688146, 0.4361968164664707, -0.2206661330878905, 0.09265843296993176, 0.38854027577256184, -0.22944823838501813, 0.7852260514989662, 0.3926934166701377, 0.11069258640974813]], "inverted": true, "swapped": false, "error_lsq": 0.04854234388316485, "error_max": 0.2483859298699379, "target": "60.xyz", "model": "13.xyz", "model_rescale": 3.9028299243045295, "target_rescale": 3.785848872112482},
{"mapping": [10, 13, 11, 0, 6, 2, 12, 9, 4, 5, 3, 7, 15], "R": [[0.6404600156492161, -0.6642873086774665, -0.38540023337389706], [0.12495348935823647, 0.5852749893154668, -0.8011490575286107], [0.7577582687452558, 0.4649468339625817, 0.45785024597172]], "T": [-0.11383763424385249, -0.0748048535267018, 0.11364577918196259], "aligned_model": [[0.06636403040882191, -0.22253958752295058, 0.4192392810118104, -0.7813834061016791, 0.3410175372972616, -0.4278634466726342, -0.22822214161222668, 0.6464632149488487, -0.40814728237286446, -0.4861487685175869, -0.15170468609147358, 0.42156955660895634, -0.011404663781400232], [0.5851654566354703, 0.09309647458011722, -0.4450415761548737, 0.044426418807946955, -0.22839966935832734, -0.6238619254802997, -0.4840691014393523, 0.07374404272663296, 0.5133201661864306, 0.10131972935846834, 0.10045769470799562, 0.6044162790394807, -0.028410592930516107], [-0.1818523626223905, -0.6561882166694216, -0.23935628876804674, 0.5904926680435008, 0.5761646087675155, 0.4905726824695489, -0.4374070756472933, 0.14050281927270253, 0.27751788201924643, -0.19043707836591486, 0.7107542875862568, 0.3831374282098804, 0.13171194249966703]], "inverted": true, "swapped": false, "error_lsq": 0.05277992658444353, "error_max": 0.2862519940365655, "target": "60.xyz", "model": "14.xyz", "model_rescale": 3.942246331269136, "target_rescale": 3.785848872112482},
{"mapping": [8, 0, 1, 10, 3, 5, 2, 12, 11, 6, 4, 13, 14], "R": [[0.4619035639985363, 0.8796934312477913, -0.1130688488706662], [0.2395731154314497, -0.2464936300996979, -0.9390663515869062], [-0.8539612520061548, 0.40666983824690117, -0.3246071821946025]], "T": [-0.18188967152461277, 0.022232584530579854, 0.1467348846244948], "aligned_model": [[-0.1559371713649487, 0.00931094103922031, 0.42066190010935434, -0.6768743364207093, 0.24536949621419046, -0.1743143363542477, -0.30748053753921023, 0.6341629721358857, -0.3302921057723722, -0.6082150372097397, -0.10469520514117454, 0.3567357156146792, -0.13119265770804467], [0.558381037672638, -0.10253066801342742, -0.5008887704372785, 0.06593429904151293, -0.3903038715680298, -0.6114899824658151, -0.49500578457385913, 0.06653570442324441, 0.702789311801535, 0.3314941999689097, 0.13532925378625113, 0.5598894970334283, -0.013970829989935738], [-0.4106807863219113, -0.5522600648838065, 0.005606973569853735, 0.6586732185180075, 0.5514708559359063, 0.11330016366453016, -0.4003842272143898, 0.1336362394565378, 0.3168239293397156, -0.04139625349022097, 0.7167472833367107, 0.4326327392374117, 0.07144322564690594]], "inverted": true, "swapped": false, "error_lsq": 0.048171672212260104, "error_max": 0.27956266781988187, "target": "60.xyz", "model": "15.xyz", "model_rescale": 4.355366556412066, "target_rescale": 3.785848872112482},
{"mapping": [1, 2, 6, 8, 9, 0, 3, 11, 5, 7, 4, 12], "R": [[-0.4964697590614925, 0.8249082881850661, -0.27026670979054723], [-0.0053758095062347855, -0.3142636194724825, -0.9493205349871073], [-0.8680373718968419, -0.4698560349294655, 0.16045693325869304]], "T": [-0.0069142116606993875, -0.0785040847379767, 0.02091181923142133], "aligned_model": [[-0.14196308614835826, 0.5380513157839877, 0.1529854162539315, -0.5632223097902288, -0.4793786847518702, -0.6155145339974499, -0.19800606186349362, -0.2908137871309324, 0.5079590442717862, 0.17010677182422884, 0.587559576990629, -0.06995510681044924], [-0.7154610082846509, -0.34192385971160805, -0.5317297391721266, 0.37067293261455597, -0.24752080783220742, -0.12454001533846783, 0.5571153244466758, 0.6923233582353159, -0.007766249603359879, 0.07192042853621373, 0.3298667479922752, -0.04018068414163529], [0.14249193060349657, 0.031323784678761124, -0.5335686361013074, -0.0528733068914135, -0.31015925980056874, 0.3244446655478903, -0.6579188180268991, 0.5424374896193678, -0.6579838569833878, 0.7029222014038385, -0.07327100783373261, -0.008586725006624087]], "inverted": true, "swapped": true, "error_lsq": 0.041493070173101866, "error_max": 0.25343494797811306, "target": "60.xyz", "model": "16.xyz", "model_rescale": 3.795458400668931, "target_rescale": 3.785848872112482},
{"mapping": [2, 4, 7, 9, 3, 8, 11, 0, 5, 10, 6, 1, 12], "R": [[-0.3211893937215068, 0.7339620360708042, 0.5984455722683646], [-0.14836914725995579, -0.6631246025139018, 0.7336568391844605], [0.935320249701761, 0.14685193613834036, 0.3218859104562614]], "T": [-0.006149831810826942, -0.03834004168719872, 0.06252480471281562], "aligned_model": [[0.03028391789845382, 0.043870865700758516, 0.39085754115500965, -0.8097037855231611, 0.48218212642587344, -0.26278871104262774, -0.5335859274953898, 0.5379211792217848, -0.3286281711406549, -0.5540898950041203, 0.009416117441066171, 0.2652456459959779, -0.09374126603008753], [0.56785601798689, -0.008113613974355158, -0.511997155404347, 0.05492041879780703, -0.4476797005094177, -0.5678046451466715, -0.5640811860256162, 0.15093443071189971, 0.5284490720007969, 0.34901562814690806, -0.0014236362191323987, 0.7057114929846856, 0.050376273329726357], [-0.30181948800863834, -0.579409834695628, -0.15953096301651293, 0.4414039530147701, 0.5588662989986852, 0.39642672394192413, -0.2548831084553438, 0.20098886691056883, 0.4836357464997522, -0.23516788120208265, 0.7376327451630693, 0.35837682923228775, -0.05090659158760075]], "inverted": true, "swapped": false, "error_lsq": 0.049452692679379864, "error_max": 0.26983353311277597, "target": "60.xyz", "model": "17.xyz", "model_rescale": 3.7474275329858107, "target_rescale": 3.785848872112482},
{"mapping": [8, 3, 1, 12, 2, 7, 11, 0, 5, 10, 9, 4, 13], "R": [[-0.7384369101625008, 0.39254334264291424, 0.5482888416303826], [0.22952399942269408, 0.9108616601998565, -0.343001121961682], [-0.6340580915016147, -0.12743924091381398, -0.7627119878936222]], "T": [-0.059350844557000994, -0.009242693641939304, 0.137132897789763], "aligned_model": [[0.11750308759428627, -0.015160916221605071, 0.2748363789087349, -0.7230293382882624, 0.4621611437591906, -0.33014567833951436, -0.47492108141951206, 0.7560375256730312, -0.4688304382118592, -0.5577617442184059, -0.14832582082438572, 0.24544688549624058, 0.03942963369494402], [0.5657329848747611, -0.0229384469281205, -0.5082948031704027, -0.037485582897844594, -0.3612303159919751, -0.6560974141874122, -0.4444897644861734, 0.14774088314474892, 0.5638356824129186, 0.2843093448756957, 0.0935357469491735, 0.7031439941931698, -0.021598912109365567], [-0.2565422309846972, -0.5399556177566689, -0.20606428817936706, 0.48060068300197545, 0.4657096522392274, 0.41221181472277035, -0.2623643204253393, 0.038947598005430295, 0.30183740273383797, -0.23950107073180638, 0.7923002135221281, 0.43517546651161515, 0.17325799413614515]], "inverted": true, "swapped": false, "error_lsq": 0.045641641267540195, "error_max": 0.26905010792448103, "target": "60.xyz", "model": "18.xyz", "model_rescale": 3.922800546911778, "target_rescale": 3.785848872112482},
{"mapping": [2, 1, 8, 7, 13, 12, 5, 6, 9, 3, 11, 10, 14], "R": [[-0.033583496923979904, -0.9959701831380092, -0.08315974407366471], [0.8149227152958705, 0.02088176474238336, -0.5791933355936074], [0.5785958147352627, -0.08722010204811806, 0.8109374433145589]], "T": [-0.0029258683461653723, -0.034683901092349485, 0.0664960704511799], "aligned_model": [[-0.15280465086328923, 0.2510273412168306, 0.3639436455231916, -0.574809263197143, 0.09279150632820071, -0.515637147754748, -0.24952116485160947, 0.6550220224798458, -0.38288093472030876, -0.6367985212364982, 0.042541650679124576, 0.3604225905523659, -0.07605743655307952], [0.6287151873381246, 0.14093971462638832, -0.5144277457967648, -0.0008204521284637736, -0.393117111425052, -0.6128791907167983, -0.5412260447672229, 0.09359787419775312, 0.6468870730510112, 0.01525989727131146, 0.2138368797625618, 0.6461059532010187, -0.016708637934694088], [-0.15837492102746042, -0.6062944890027826, -0.031704017548304333, 0.6232847813430644, 0.6445770031381393, 0.2128907274227621, -0.44842094869692595, -0.09603432977946726, 0.29852697498088687, -0.0032199284865593453, 0.7323892593078873, 0.3012378838772985, 0.12675530126671244]], "inverted": false, "swapped": false, "error_lsq": 0.05530863226381723, "error_max": 0.30693117088120436, "target": "60.xyz", "model": "19.xyz", "model_rescale": 3.9282355846067225, "target_rescale": 3.785848872112482},
{"mapping": [5, 2, 10, 8, 11, 9, 12, 1, 6, 7, 4, 3, 13], "R": [[0.45657976852297444, 0.8886073195487291, 0.04372581182700236], [0.06789596096489803, -0.08380603027519548, 0.994166328022714], [0.8870879626396475, -0.4509474259089814, -0.09859698578508125]], "T": [-0.12330109371798448, 0.05552193677399343, 0.16364130625931528], "aligned_model": [[0.004309878108302634, 0.22808161039410813, 0.3294240915808644, -0.6116113487080843, 0.1829071572126567, -0.4469764665545414, -0.48030011133346956, 0.5580797634634393, -0.4547902263939868, -0.4947405159563416, 0.019121644303276564, 0.3123407518995461, 0.031393409587112925], [0.6586890014374834, 0.10557511518636208, -0.5660207362659678, -0.035773296566102356, -0.45145521419892987, -0.531535742423531, -0.6089793483582029, 0.27672861452091074, 0.6160321705474209, 0.06695385200363636, 0.12716585006914466, 0.6082428458416337, 0.04054028488531575], [-0.16437558998746643, -0.5798242847007311, -0.22489306954021193, 0.7396967327323822, 0.5668457789271292, 0.3340008071746365, -0.22851183824778148, -0.05610520564358701, 0.2164360674580721, -0.3363585370417007, 0.7751564396142441, 0.4302324692185369, 0.12331352683172886]], "inverted": true, "swapped": false, "error_lsq": 0.043985215175948104, "error_max": 0.2502461741058637, "target": "60.xyz", "model": "20.xyz", "model_rescale": 4.067790424073018, "target_rescale": 3.785848872112482},
{"mapping": [2, 3, 11, 7, 13, 10, 12, 6, 8, 0, 5, 4, 14], "R": [[0.6757535778300041, 0.4920629061679842, -0.5488453319683659], [0.5862852930887408, 0.0925252545233026, 0.8048034743856708], [0.4467959905346036, -0.8656287735795959, -0.2259649733770407]], "T": [-0.08828378756524091, 0.011676409257196464, 0.17626637341329499], "aligned_model": [[0.05452041034105165, 0.0811743928030354, 0.22250748960212513, -0.7995034822891843, 0.24534929740665384, -0.18343685082428857, -0.39380633210154126, 0.6039497917299939, -0.33782071478537595, -0.5547045654325331, 0.11730855886028976, 0.22767519869781883, -0.10597355640516208], [0.5913061540764378, -0.019005926380275408, -0.4765609006067645, 0.12265334377783893, -0.4571540705981574, -0.7675582081133465, -0.4911721033740415, 0.19307120797374114, 0.391646417217325, 0.3976279803752331, 0.16661277818515735, 0.7185862314152878, -0.06388950726926229], [-0.2679838393272881, -0.6568527873535919, -0.11194425316495549, 0.37251780156088227, 0.5750275185214068, 0.41084285816287774, -0.3144608573598741, -0.012056491343122033, 0.5205366331357494, -0.1951512786256837, 0.707484435542727, 0.38344001332029126, 0.18421354372583193]], "inverted": true, "swapped": false, "error_lsq": 0.0492451061722035, "error_max": 0.3228714286593053, "target": "60.xyz", "model": "21.xyz", "model_rescale": 4.186013935880536, "target_rescale": 3.785848872112482},
{"mapping": [11, 8, 2, 7, 0, 1, 9, 5, 4, 10, 6, 3, 12], "R": [[0.9053790837487683, -0.1953995539502096, -0.3769717881039639], [0.2927186493462624, -0.3558922076368148, 0.8875001571088843], [-0.3075784567149342, -0.9138707517255673, -0.26502026734837836]], "T": [-0.07161577160611846, 0.002039421607060457, 0.09240639522391383], "aligned_model": [[0.009808675456125932, 0.13845712737261792, 0.4657028962643103, -0.6551980500804379, 0.2251756406003564, -0.2709605769516288, -0.4414040557440442, 0.6962562654961161, -0.4354880414718243, -0.8711173452790142, -0.03268560131532096, 0.410536842543183, -0.06184413928755612], [0.48087683365307776, -0.13488359398307842, -0.4535385936970264, -0.10621253010405349, -0.4056556402009859, -0.667708589062383, -0.22533354083376966, 0.06622940057960104, 0.5966370161719704, 0.2045441119767134, 0.2015870707353205, 0.7041055939163592, 0.04551585752742826], [-0.3113890616073136, -0.6320172347192211, -0.13875701882452177, 0.5237264377472235, 0.6095988499486429, 0.30879143795660746, -0.35145047484068437, 0.16162313706304815, 0.2965309173393803, -0.034434121610100094, 0.6105936457286989, 0.4487357388156996, 0.10406104379779067]], "inverted": false, "swapped": false, "error_lsq": 0.05367272122023507, "error_max": 0.40258216402241886, "target": "60.xyz", "model": "22.xyz", "model_rescale": 4.166573947596378, "target_rescale": 3.785848872112482},
{"mapping": [13, 5, 2, 8, 3, 4, 0, 12, 10, 7, 9, 14, 15], "R": [[0.8785283799657972, 0.3949744934042181, -0.2686690066880683], [0.06088011065120044, 0.46526922571278434, 0.8830731338523011], [0.47379478439696826, -0.7921614085302994, 0.3847061282505427]], "T": [0.06887802662597137, -0.0353215430551779, 0.17998138501514688], "aligned_model": [[-0.026691118095746966, -0.11371244933433355, 0.38212288386883697, -0.6191377236624196, 0.1326652309162013, -0.28192932730971626, -0.5323779834628366, 0.6790947340242746, -0.3103942565562096, -0.511726576366641, 0.022937360548118763, 0.29303097103373754, 0.06335789199961737], [0.6610719904257292, 0.1682787791868233, -0.6156916420094444, -0.21071376765227617, -0.463592456066948, -0.6790187034213416, -0.3862682444987965, 0.20306322505219687, 0.6079898079005206, 0.20304344556885837, 0.1605808291178947, 0.7162359687704967, -0.058815835694539534], [-0.2919462831702228, -0.6050470272559558, 0.046349626664807714, 0.5672165010973145, 0.5970447730666106, 0.22939473873428204, -0.24673091374825357, 0.19375191788732773, 0.12302285584340403, -0.16275769188194367, 0.7456322332063083, 0.28435823662495535, 0.11532432972661669]], "inverted": false, "swapped": false, "error_lsq": 0.05016353837330039, "error_max": 0.28795047447066374, "target": "60.xyz", "model": "23.xyz", "model_rescale": 4.274766983524099, "target_rescale": 3.785848872112482},
{"mapping": [7, 10, 4, 2, 5, 6, 1, 9, 0, 3, 12], "R": [[-0.08427796844143898, -0.9935072023610421, -0.07642422974501761], [0.32820432783365416, 0.04473991832335056, -0.9435466384337761], [0.9408395948442237, -0.10460295677061587, 0.3223027741242721]], "T": [0.0332228826181126, -0.007810862924814296, -0.0030887512909937437], "aligned_model": [[0.3170519138167991, 0.20355593556101778, -0.30921160862359776, -0.475328616812018, -0.6875673844037337, -0.5550237580643572, -0.04575307399161263, 0.1510891858317835, 0.6364070465609587, 0.06452982828106921, 0.08014523580176541], [-0.16451360079208166, 0.5884559507253841, 0.4712577329418302, -0.17407111021446975, 0.4313040673281037, -0.1324117918904833, -0.6412893829779416, -0.06606072834474143, -0.26562016225878415, 0.8372659471984841, 0.03126960952818306], [-0.6465073220304715, -0.22398012893603603, -0.4300174654748031, -0.28631783802688926, 0.13342908334157166, 0.4174709453243295, 0.1735515819982963, 0.5835217482191489, 0.1822462901693952, 0.42842512191796606, 0.04774441751906962]], "inverted": true, "swapped": true, "error_lsq": 0.04839443843470661, "error_max": 0.2968718467319836, "target": "60.xyz", "model": "24.xyz", "model_rescale": 3.7841303162186577, "target_rescale": 3.785848872112482},
{"mapping": [11, 6, 1, 12, 8, 2, 4, 7, 13, 3, 9, 10, 15], "R": [[-0.2704863006664309, -0.2963984125461932, 0.915961321340528], [-0.4588397869122635, -0.7967258532185924, -0.39331153651960815], [0.8463469803207773, -0.5266648800263818, 0.07950404422857432]], "T": [0.02459650410493948, 0.025534850466738458, 0.1893257289008783], "aligned_model": [[0.010226234959621619, -0.014546967587177662, 0.36780176536184833, -0.6544878927647332, 0.254329950150715, -0.33925916351519986, -0.27476203920617714, 0.5390703410624412, -0.5028409543949439, -0.5859700063066242, -0.10549696485086975, 0.47524889763632955, 0.007926437057653071], [0.6905132461153924, 0.04731800884799002, -0.5894745026248088, 0.09890457468011046, -0.48049175348752765, -0.56016860687905, -0.4996269620540112, 0.3140621563552434, 0.6027975671429996, 0.1284730403106769, -0.004985375574053326, 0.5264273020468963, 0.03241470179931545], [-0.19411239889540555, -0.5317982097378656, -0.04944202030051048, 0.5189211959891598, 0.39086332712341365, 0.49486384619741924, -0.24804582490083238, -0.08430582071138121, 0.1652949033268995, -0.3260519511247998, 0.7587859238781801, 0.5782656695493635, 0.12237465640161063]], "inverted": true, "swapped": false, "error_lsq": 0.05032835808219982, "error_max": 0.2519601311884727, "target": "60.xyz", "model": "25.xyz", "model_rescale": 4.19342608120988, "target_rescale": 3.785848872112482},
{"mapping": [1, 2, 6, 8, 9, 0, 3, 11, 5, 7, 4, 12], "R": [[-0.4964697590614925, 0.8249082881850661, -0.27026670979054723], [-0.0053758095062347855, -0.3142636194724825, -0.9493205349871073], [-0.8680373718968419, -0.4698560349294655, 0.16045693325869304]], "T": [-0.0069142116606993875, -0.0785040847379767, 0.02091181923142133], "aligned_model": [[-0.14196308614835826, 0.5380513157839877, 0.1529854162539315, -0.5632223097902288, -0.4793786847518702, -0.6155145339974499, -0.19800606186349362, -0.2908137871309324, 0.5079590442717862, 0.17010677182422884, 0.587559576990629, -0.06995510681044924], [-0.7154610082846509, -0.34192385971160805, -0.5317297391721266, 0.37067293261455597, -0.24752080783220742, -0.12454001533846783, 0.5571153244466758, 0.6923233582353159, -0.007766249603359879, 0.07192042853621373, 0.3298667479922752, -0.04018068414163529], [0.14249193060349657, 0.031323784678761124, -0.5335686361013074, -0.0528733068914135, -0.31015925980056874, 0.3244446655478903, -0.6579188180268991, 0.5424374896193678, -0.6579838569833878, 0.7029222014038385, -0.07327100783373261, -0.008586725006624087]], "inverted": true, "swapped": true, "error_lsq": 0.041493070173101866, "error_max": 0.25343494797811306, "target": "60.xyz", "model": "26.xyz", "model_rescale": 3.795458400668931, "target_rescale": 3.785848872112482},
{"mapping": [3, 7, 6, 11, 1, 8, 5, 0, 9, 10, 9, 2, 12], "R": [[0.3504605695107865, -0.9189640384051505, -0.18078297855791722], [0.26555468905889423, 0.28260350901783304, -0.9217461493326901], [0.8981414678863289, 0.27502791278142047, 0.3430765961911218]], "T": [-0.1499847251733959, 0.03603827987183791, 0.21773071971198707], "aligned_model": [[0.027466241155242876, -0.04592010061310192, 0.2568817996613568, -0.8294070296701157, 0.2603538826530146, -0.3119928454475665, -0.25422824353721113, 0.5861307046328298, -0.12745500179920186, -0.6320096012174778, -0.12745500179920186, 0.4844919294786071, -0.1096170958942915], [0.6485430924851819, 0.09044588862085964, -0.6519403964791675, -0.02634822094024831, -0.2348246191714147, -0.6512533626739202, -0.4972075091640252, 0.2772393891836919, 0.3541576777700854, 0.09445104705842408, 0.3541576777700854, 0.5340678436559225, 0.014674888563698411], [-0.154325146956423, -0.5862708130320459, 0.011983468135991271, 0.432364939728564, 0.5472890414096755, 0.39699387029836974, -0.3034628002351504, -0.0843111498373201, 0.505248980629354, -0.3037349033290003, 0.505248980629354, 0.5702088639959126, 0.058379965357969715]], "inverted": false, "swapped": false, "error_lsq": 0.05884684326376833, "error_max": 0.36893950268885667, "target": "60.xyz", "model": "27.xyz", "model_rescale": 3.6321398670334006, "target_rescale": 3.785848872112482},
{"mapping": [3, 0, 11, 12, 13, 9, 10, 1, 7, 8, 6, 4, 14], "R": [[0.38469180776530654, 0.8967929653577617, 0.2185739927875533], [-0.16118145869695188, 0.2984226306843263, -0.9407255024010827], [-0.9088634388127754, 0.3266593191388837, 0.25934713958156097]], "T": [-0.04731598290363695, 0.018907000933329563, 0.039328802810735086], "aligned_model": [[0.008994877496949855, 0.021603988314692707, 0.2170846151671084, -0.6926113414025947, 0.43073223065161326, -0.2574688727670825, -0.4365474021954687, 0.5490863089303308, -0.401812195073061, -0.5292995533526463, -0.007074236428802783, 0.26336889547780384, 0.011182322784040473], [0.5818665729278398, -0.0668219646202406, -0.5429481014241729, 0.1499893357191647, -0.45332682550688147, -0.5419541946356656, -0.5097025971654837, 0.3155011907827946, 0.6905153880209302, 0.14244875997092724, -0.03895540143033113, 0.5704279651207914, 0.009123268919501066], [-0.34985712610108516, -0.5749286971452898, -0.12479616211960656, 0.5392498492438147, 0.5029476663142822, 0.33571139914052817, -0.37749541437258044, 0.09935703774259895, 0.19477009061735093, -0.10016631318148952, 0.8132409304932824, 0.5739003927459587, 0.06367964341748611]], "inverted": true, "swapped": false, "error_lsq": 0.043121983715907794, "error_max": 0.2321924989544003, "target": "60.xyz", "model": "28.xyz", "model_rescale": 4.156811204709835, "target_rescale": 3.785848872112482},
