[{"mapping": [9, 12, 3, 0, 6, 2, 7, 11, 1, 8, 5, 13], "R": [[-0.19058494585176727, -0.11033352973032456, 0.9754506090171491], [-0.6242772324552799, -0.7532319203273041, -0.20717048833754936], [0.7575983866486622, -0.6484351828959389, 0.07467595416233258]], "T": [0.014983684061576144, -0.004413305235277843, -0.10121267807072076], "aligned_model": [[-0.6121315966850922, 0.009534541914599959, 0.10348203017597599, -0.3173250455957808, 0.014919335958575988, -0.4868894780863664, -0.557870946556362, 0.20906887115819023, 0.3510579394731338, -0.1107238403469296, 0.7028630848447167, -0.08292870558801578], [0.24325443159165822, 0.27748507124754096, -0.4992343761005993, -0.3753291178528882, -0.3407723925066518, -0.5831590706367943, 0.3854629736559796, 0.6190242896536339, -0.19498560718307825, 0.3524220534862968, 0.042973050063138715, 0.11293425171298646], [-0.3877965027246561, -0.6068048261108372, 0.04203695145914868, -0.6906232333921862, 0.5853795185474343, -0.0346175314371881, 0.20082795133691567, 0.14519825162210442, -0.5299088478726627, 0.5824870196737132, 0.2101997875618506, -0.044798344016514495]], "inverted": true, "swapped": false, "error_lsq": 0.05038483649711294, "error_max": 0.2830165885965784, "target": "600.xyz", "model": "0.xyz", "model_rescale": 3.8414455957264533, "target_rescale": 3.530887905978485},
{"mapping": [9, 7, 12, 13, 10, 8, 6, 2, 0, 5, 3, 14], "R": [[0.8331530602594621, 0.22250542931347259, 0.5063075272068555], [0.0034346943161856214, 0.9133953885053183, -0.40705904624780614], [-0.5530318083575735, 0.34088150167359693, 0.7602339250267027]], "T": [0.021933245628282597, -0.005808859326880847, -0.09076434002411916], "aligned_model": [[-0.514819043084858, 0.0010359631084336934, -0.10387334749277992, -0.24131172949999496, -0.08743735088045344, -0.6355971803466798, -0.4878541662313364, -0.026720522977373595, 0.4596736347533397, 0.10416824557022776, 0.6717658991999229, 0.08402578854819746], [0.1895752468375324, 0.38503468618376696, -0.7329737935336206, -0.446243399700968, -0.2685909527627765, -0.4384887537625412, 0.3526267263290163, 0.7129024947805281, -0.031106165877124496, 0.2679814941988734, 0.10186245283833968, -0.05250447839980336], [-0.4639019977497636, -0.6004305333811768, 0.10338355065320042, -0.6489457615659948, 0.5316221511525143, -0.021885857397817912, 0.3800518655472567, 0.06952142945025692, -0.668051761952844, 0.5030361585301382, 0.3329115891112474, -0.04573063774989448]], "inverted": true, "swapped": false, "error_lsq": 0.04101768972935857, "error_max": 0.1957269540511157, "target": "600.xyz", "model": "1.xyz", "model_rescale": 4.316132596720782, "target_rescale": 3.530887905978485},
{"mapping": [0, 1, 6, 2, 3, 4, 5, 9, 8, 7, 10, 11], "R": [[-0.7591723356077826, -0.6379908512654235, 0.12893811907052308], [-0.30882857843149714, 0.1786899053545517, -0.934181367223925], [0.5729592254181834, -0.7490244264548397, -0.33268624044615014]], "T": [-0.04589783437566293, 0.056754939318316294, -0.04876706906866141], "aligned_model": [[-0.6478300915385251, 0.0916686939047295, 0.1694175980965576, -0.2256875014098948, -0.1739812383343214, -0.5762276290131436, -0.5401489331931041, 0.016304098891494603, 0.4664424041376674, 0.1510615934060056, 0.5722862077528194, -0.08024901203363949], [0.22984281653157032, 0.3306502261788057, -0.7209965550234618, -0.30457706095255366, -0.19746726306095, -0.5027026482716774, 0.32503268428291154, 0.7926373077786789, -0.24885866248640817, 0.40025554689651366, -0.00018443731961224896, -0.06355639742259399], [-0.3828811261436018, -0.4967113574989276, 0.10883318660353436, -0.782143004693068, 0.5428263067283549, -0.05810771917960159, 0.266673551003424, 0.018757478460422854, -0.5295413635197462, 0.7535267899263351, 0.060054785515167915, -0.029707332555172286]], "inverted": true, "swapped": false, "error_lsq": 0.05005540910323162, "error_max": 0.2812425087582341, "target": "600.xyz", "model": "2.xyz", "model_rescale": 3.795458400668931, "target_rescale": 3.530887905978485},
{"mapping": [8, 6, 0, 1, 4, 7, 9, 3, 2, 5, 10, 11], "R": [[-0.8851969372722511, 0.46454790174139865, -0.024932493487223165], [0.07992664309935377, 0.204659362804681, 0.9755645939348409], [0.4582991533558568, 0.8615740201538381, -0.2182935954838326]], "T": [-0.02286867672736196, -0.05806997376676459, -0.060322702955683635], "aligned_model": [[-0.5538948937346927, 0.028393371147573225, 0.03996749029283444, -0.14337189820642537, 0.062805696260306, -0.6997491761267696, -0.613465786265459, -0.20500430228916325, 0.5971522621308732, 0.13943750935528812, 0.6339556676526572, -0.06316974955037633], [0.3278107791814381, 0.36106752112384954, -0.8373298935084389, -0.32898435176306307, -0.3160763231273037, -0.36679708176218867, 0.4155752918241394, 0.7184389498866742, -0.06283866977403123, 0.426966279813497, -0.11971359765132271, -0.17804334711202702], [-0.4841978477640894, -0.4714093841378795, -0.02848659493114146, -0.6156183137502386, 0.52023509677352, 0.11236967944018923, 0.3655996601527123, -0.09082730791556755, -0.5111847731398157, 0.42157059459197105, 0.2618458548898953, -0.00831646956243351]], "inverted": false, "swapped": false, "error_lsq": 0.0517037697604831, "error_max": 0.33047730377979984, "target": "600.xyz", "model": "3.xyz", "model_rescale": 3.7530521520055578, "target_rescale": 3.530887905978485},
{"mapping": [2, 10, 4, 9, 5, 7, 3, 1, 0, 6, 11], "R": [[-0.4949137782984174, 0.01603013314744718, 0.8687942143463319], [0.09930855411866549, 0.9943221940755194, 0.03822545549375691], [-0.863248610267775, 0.10519700185898939, -0.4936956832610902]], "T": [-0.1208044829248265, -0.0435208995130837, -0.08979507224742363], "aligned_model": [[-0.040544808895965664, -0.270323072360992, 0.3737374512626478, 0.40146757714238546, 0.1755599863550033, -0.18010239094812397, -0.5608390811535098, -0.5567043852398118, -0.2926540851483205, 0.408662186538717, -0.12005977510682463], [-0.7636768202467163, 0.020597973945323145, -0.34488800537646036, 0.3219142740090159, -0.5266262049457242, 0.6828555009816731, -0.5387465587491604, 0.37308351815209906, 0.0881095444401999, 0.22414022024692953, -0.0695600841428331], [-0.134191972188546, -0.7234117355742362, -0.48081065870582357, -0.4377486446534951, 0.319241531495563, -0.10738835139048704, 0.3928287694498361, 0.1719998740396279, 0.7501599016342209, 0.3641596181705092, -0.022007555031852574]], "inverted": false, "swapped": true, "error_lsq": 0.07085598209771943, "error_max": 0.425640448158584, "target": "600.xyz", "model": "4.xyz", "model_rescale": 3.7855080009869324, "target_rescale": 3.530887905978485},
{"mapping": [2, 1, 10, 3, 8, 9, 14, 11, 4, 13, 6, 16], "R": [[-0.8362039454418363, 0.478311427133651, 0.26829301202393746], [-0.21075892584893524, -0.7319191848192651, 0.6479776092339192], [0.5063038976765927, 0.48529628637243116, 0.7128421126944016]], "T": [-0.03457322596494714, -0.036787938040923854, -0.04718679205387849], "aligned_model": [[-0.61589495349056, 0.07452411204824563, -0.07866911412800809, -0.4200391363237126, 0.15671491805105123, -0.6515787413297385, -0.6504286173573705, 0.3084786679944158, 0.562460663764704, 0.053553310458485846, 0.5717431091959824, -0.08780802821684966], [0.09957095319081162, 0.4962414851175111, -0.749481135911683, -0.4014964780734989, -0.31178714759596743, -0.3916183544656963, 0.17991510523502485, 0.6643705448970859, 0.02951552570890527, 0.33422165213091404, 0.1213935285393664, -0.03077012164155087], [-0.4822235600027272, -0.5735719588995933, 0.09803108711444714, -0.4953165926449975, 0.5717592109759788, -0.06489523180144935, 0.13018097971060172, 0.10489347673633143, -0.4786438224455569, 0.5688109648039956, 0.1356688707364503, -0.04311322963635864]], "inverted": false, "swapped": false, "error_lsq": 0.042033278857445726, "error_max": 0.23284031134562924, "target": "600.xyz", "model": "5.xyz", "model_rescale": 4.2253639853439635, "target_rescale": 3.530887905978485},
{"mapping": [12, 9, 3, 7, 2, 6, 5, 8, 0, 10, 1, 13], "R": [[0.04271954338560968, 0.0478579225187858, 0.9979402085621719], [0.23054714077045224, -0.9723664688178727, 0.0367622931987452], [0.9721229636704888, 0.22850179336461918, -0.05257255875129718]], "T": [-0.0449706647130403, 0.04446157583792945, -0.013406892150174855], "aligned_model": [[-0.5815325884831962, 0.18384511004635057, -0.08373082199851839, -0.28098152639421325, -0.15182157460789242, -0.5673767679978015, -0.43440357074642105, -0.02492320675521146, 0.40378552476638285, 0.15339434872746022, 0.6559253578248148, -0.049124093715108376], [0.07872095616187222, 0.43135159652758515, -0.6628520247778762, -0.47948396404161264, -0.2916401781715706, -0.3301726188629909, 0.2151161666282412, 0.7722248578675087, -0.21812932097177487, 0.30498906630140976, 0.23627697016286037, -0.016325949692429696], [-0.7764739673728714, -0.42639100879075537, -0.04825790776595869, -0.5603723027894193, 0.5573733685838596, 0.008018595819381871, 0.45559234963095235, 0.11238492140561782, -0.6239202438822913, 0.6946109201573195, 0.08982780186715905, -0.010812332215872331]], "inverted": true, "swapped": false, "error_lsq": 0.05517951360790186, "error_max": 0.30431923420709506, "target": "600.xyz", "model": "6.xyz", "model_rescale": 3.89814844738969, "target_rescale": 3.530887905978485},
{"mapping": [3, 8, 1, 6, 2, 0, 7, 11, 9, 4, 10, 12], "R": [[-0.10501759592767135, 0.9363553647823281, 0.3349775147512526], [0.1656885108551901, -0.315657601449425, 0.9342952402842398], [0.9805705593766121, 0.15361936561042444, -0.1219937235815387]], "T": [-0.09971336181133267, 0.023315839461116337, -0.013931171687287924], "aligned_model": [[-0.7698895616458052, -0.10273832101263858, -0.12576454880893484, -0.20009391509628388, 0.13828800553544868, -0.5533546021142288, -0.6031863448342052, 0.2439364454852403, 0.6185175158759817, -0.0405040541092516, 0.5882612114286261, 0.029584359962697093], [0.042426100049066294, 0.41774367429878123, -0.8196818071112695, -0.2894347294467377, -0.36503506396009294, -0.34726835186755056, 0.4175164451803767, 0.7553792740738783, 0.0074221245871673655, 0.24607421381990793, -0.04163560828354288, 0.016569285791238404], [-0.46435385737884666, -0.5635713312843065, 0.04500027631185079, -0.6051051538598791, 0.5283665043855118, 0.07487969308745045, 0.13572014759381412, -0.050377116194250046, -0.5448150339383735, 0.5880395526164298, 0.2338105467682351, 0.09398596653948539]], "inverted": false, "swapped": false, "error_lsq": 0.04265697624997209, "error_max": 0.2442818136101166, "target": "600.xyz", "model": "7.xyz", "model_rescale": 3.7474275329858107, "target_rescale": 3.530887905978485},
{"mapping": [2, 1, 9, 4, 7, 8, 3, 0, 12, 6, 10, 14], "R": [[-0.3641590597434801, 0.892821323594474, 0.2650627535919684], [-0.39824478248550266, 0.10799595777019605, -0.910899536902052], [-0.8418962361418535, -0.4372721775282645, 0.3162337273756087]], "T": [0.019004934482521385, -0.06508498018559071, -0.10630072887319982], "aligned_model": [[-0.624029963909385, -0.026898701840402328, -0.061825560547760394, -0.4447929860286947, 0.2208512475522142, -0.5966369422764667, -0.5085624434479179, 0.08164679506075845, 0.5322932175743941, 0.002652626996000905, 0.6495575861757817, -0.0011986846418763734], [0.2091921814613495, 0.539353219772587, -0.7439546133614375, -0.4224942552460923, -0.2988179797009834, -0.3584560999225922, 0.2911576066707594, 0.5656695259459096, -0.08880410687050064, 0.3036385761741524, 0.1086962128083546, -0.065104710600284], [-0.575201202213604, -0.5505406850382251, 0.22976904411040172, -0.6253151264343121, 0.5007450542121671, -0.09495253335790324, 0.22369687420613965, 0.07380476222872455, -0.4477903484361647, 0.6222002247452798, 0.2777133465100618, -0.162549215885444]], "inverted": false, "swapped": false, "error_lsq": 0.04328293534402274, "error_max": 0.19901077148082963, "target": "600.xyz", "model": "8.xyz", "model_rescale": 4.019505241142653, "target_rescale": 3.530887905978485},
{"mapping": [6, 2, 9, 10, 8, 11, 5, 3, 1, 4, 0, 12], "R": [[-0.7634711717825022, -0.6078285962297014, -0.21830292591370365], [0.44150600594592526, -0.244502617272486, -0.8633023322455358], [0.47136420798648904, -0.7554884961085346, 0.45503067553400744]], "T": [-0.03659607716520809, -0.03159415210691299, -0.07028455231199265], "aligned_model": [[-0.5843333540963243, 0.06942719556679457, -0.013589187765248437, -0.21651774203673096, -0.0774946637509906, -0.5452583266256035, -0.5042239995663965, 0.003121763116672019, 0.41534340850923995, 0.203343549690382, 0.5409722353896821, -0.06773468776483046], [0.10122708613237386, 0.46186711910280254, -0.7065680030037397, -0.5043056089957961, -0.39415522896721633, -0.32163730645776134, 0.3601700851048891, 0.7985404622700061, -0.2894746259548713, 0.34415976670313675, 0.21303884375965085, -0.022787032562251418], [-0.528982963143735, -0.37887360213707205, 0.03564488210587541, -0.8334043536889704, 0.49805839217424314, 0.14039816786479345, 0.20966120631735424, 0.14825565661623719, -0.5010439569299587, 0.6288811213351135, 0.10064122028224329, -0.04765557614900226]], "inverted": false, "swapped": false, "error_lsq": 0.04975653195789508, "error_max": 0.2791474509946106, "target": "600.xyz", "model": "9.xyz", "model_rescale": 3.877068213659057, "target_rescale": 3.530887905978485},
{"mapping": [6, 10, 4, 13, 1, 3, 12, 11, 9, 0, 8, 15], "R": [[-0.8747274925761236, 0.42283308356481436, -0.23677837142475322], [0.4759860565011243, 0.8414128169923244, -0.2558549304147757], [0.09104442733081589, -0.3365065450241821, -0.937269575633335]], "T": [-0.052788075911116616, -0.09826703768034066, -0.1187689237293389], "aligned_model": [[-0.5651513430972186, -0.03247783582923511, -0.10604124387333293, -0.2927188763868038, 0.09924016950329445, -0.6093410727348199, -0.518425215745189, 0.1446108376429313, 0.4933322260124285, 0.009150044037743568, 0.6506216790545378, -0.04974317791769035], [0.10236534729995113, 0.46961520145839836, -0.7508435873749155, -0.4692814509443935, -0.3467489566046464, -0.3797406290111115, 0.4002375333426037, 0.596693904831236, 0.06039573047460191, 0.3418673087852225, 0.06149523949383269, -0.04598008461955678], [-0.3972201827682431, -0.5433958612621178, 0.05269135340703718, -0.7531347583209395, 0.6985747975821697, -0.0013690862586752672, 0.18597763062346212, 0.03195676610091727, -0.4537674994397438, 0.5416941426054277, 0.15511730670106882, -0.045544414323241564]], "inverted": false, "swapped": false, "error_lsq": 0.03425002767663043, "error_max": 0.20737103223484257, "target": "600.xyz", "model": "10.xyz", "model_rescale": 4.260839863003843, "target_rescale": 3.530887905978485},
{"mapping": [4, 9, 1, 2, 0, 3, 5, 10, 8, 6, 7, 11], "R": [[-0.90829635388986, 0.13043856404951976, -0.3974714008819826], [0.07024774124432565, -0.8890931271319295, -0.4523037321721293], [-0.4123869400944417, -0.4387472989038979, 0.7983970311468331]], "T": [-0.04372750942341912, 0.008511652637092177, -0.0811408215359282], "aligned_model": [[-0.5679167215206113, -0.0007498410323816679, 0.1120697463346534, -0.3035287567756541, 0.06902021498634177, -0.5652122429418622, -0.5857764036266776, 0.15373116900355616, 0.47133487582927885, -0.06582726073289664, 0.5146676408161506, -0.008756229673251209], [0.36964201735780144, 0.43529804533320904, -0.6978002084856538, -0.3942212299550657, -0.31665559258264037, -0.44054580410923516, 0.2594218946718617, 0.603272595626078, -0.05764452125229082, 0.35182270610228017, -0.03857036583810608, -0.033943979737015614], [-0.4429603735212149, -0.7532565527804194, -0.07058558222702536, -0.571718708618788, 0.7260694873251882, 0.09273886290272444, 0.2348306154373776, -0.056579000534108845, -0.5770717713796156, 0.6836496440263131, 0.2588353085195139, -0.0523717345028228]], "inverted": true, "swapped": false, "error_lsq": 0.04242524652435172, "error_max": 0.2631633992849244, "target": "600.xyz", "model": "11.xyz", "model_rescale": 3.890672605050136, "target_rescale": 3.530887905978485},
{"mapping": [3, 7, 6, 8, 11, 0, 4, 12, 5, 10, 9, 13], "R": [[-0.8978976065277319, 0.10912643167493738, 0.4264637265954351], [0.439822533540438, 0.1820529734092463, 0.8794389426577168], [0.01833104421032966, 0.9772144783939439, -0.21146119274091751]], "T": [-0.08800392045084746, -0.16397546444111225, 0.05677242364455729], "aligned_model": [[-0.7622228256645833, -0.0554444842346645, 0.06390373837935379, -0.18450531435544287, 0.06312795016608577, -0.6369763664053191, -0.5890430678074354, 0.2274565098530719, 0.4725355353901096, 0.056572532912991164, 0.6842859628306099, -0.11663398039813136], [0.10548030415296553, 0.45327733425770633, -0.7193782209088619, -0.394265765121221, -0.23181073568919208, -0.33266202160158176, 0.30157077529325294, 0.5102656965783195, 0.07657301792299376, 0.49088234183644863, -0.21291227476267097, -0.006944894826936054], [-0.5140914941377822, -0.5305120354450407, 0.03418514319050139, -0.6191306050698199, 0.5814815788474927, -0.08059074013426726, 0.20936179191940732, 0.024902054260008653, -0.42582899358596515, 0.6482108457415973, 0.1404022078010769, 0.0031904412599128157]], "inverted": false, "swapped": false, "error_lsq": 0.04439153560199752, "error_max": 0.2400614401016055, "target": "600.xyz", "model": "12.xyz", "model_rescale": 4.124412569039231, "target_rescale": 3.530887905978485},
{"mapping": [3, 0, 8, 6, 11, 9, 7, 5, 1, 10, 2, 12], "R": [[0.5483406119283256, 0.40982001405068536, 0.7289513902816608], [0.23633925398666156, -0.9120949742503754, 0.3350022611449598], [0.8021635309181653, -0.011415517101892453, -0.5969952727067434]], "T": [-0.11484373709326494, 0.1141220052689738, -0.12848944200186807], "aligned_model": [[-0.5843957970288102, -0.008413997219105893, 0.06883542346962511, -0.2088939926010298, 0.1309216438169048, -0.6043171373997043, -0.531417188278195, -0.1496748755108233, 0.4711387498610971, 0.0627622314826289, 0.6225793695747287, -0.046068239500670335], [0.12333271892008442, 0.5016443301674891, -0.5622371019509557, -0.4241832709869004, -0.45788615708641117, -0.2640191833763978, 0.3687697419148042, 0.853417342968228, -0.22962441422051166, 0.1851710692296944, -0.16905875354879646, 0.11474923510089535], [-0.6653221920555981, -0.5471379241077918, 0.025447054495924243, -0.5144878795350929, 0.648014840717416, 0.03296118154201952, 0.26482819618014486, 0.032678403813900025, -0.5771844642382116, 0.5842642480861142, 0.21562003656046097, -0.02810130681216333]], "inverted": false, "swapped": false, "error_lsq": 0.05019063406167454, "error_max": 0.30193739282927645, "target": "600.xyz", "model": "13.xyz", "model_rescale": 3.9028299243045295, "target_rescale": 3.530887905978485},
{"mapping": [2, 3, 13, 8, 14, 12, 1, 6, 4, 9, 10, 15], "R": [[0.22642274256260753, 0.5640441348534582, -0.7940950545040821], [0.9542207621171959, 0.03513046633425654, 0.29703297372449344], [0.19543663626583713, -0.8249970086446081, -0.5302682876926954]], "T": [-0.06795026531111581, 0.0206046538273797, -0.12917200637826118], "aligned_model": [[-0.611547873541422, 0.1454196505225954, 0.03666391800813168, -0.4036712313607773, 0.10817300522384199, -0.5224511002677698, -0.5905739297974109, -0.15348699213813172, 0.5060345798328394, 0.13974889212054015, 0.5814616324609078, -0.012714360396699306], [0.2558320934187092, 0.5081832679218335, -0.721242349706062, -0.40739917655815466, -0.30756796060480446, -0.47574888470411003, 0.3129555159752056, 0.6558673645783074, -0.032984828101310155, 0.3894025961838021, -0.21757143645697127, 0.08034935518477737], [-0.5665728083269799, -0.4538715895824865, 0.1379800997188729, -0.6774523303801503, 0.6735321617283754, 0.04775296295015066, 0.12300696670067221, 0.053948224460225264, -0.485588671048129, 0.5202081551446415, 0.1481165420653658, -0.049479518783436566]], "inverted": true, "swapped": false, "error_lsq": 0.04280893796579815, "error_max": 0.2859906839886494, "target": "600.xyz", "model": "14.xyz", "model_rescale": 3.942246331269136, "target_rescale": 3.530887905978485},
{"mapping": [10, 4, 8, 11, 0, 6, 5, 3, 13, 1, 12, 14], "R": [[0.48755259205858814, 0.7707325672674497, -0.4101996827525326], [-0.6478549579474726, 0.6343184429383435, 0.42181046266202815], [0.5853002848451647, 0.06009511379140439, 0.8085865160009582]], "T": [-0.21117843745331416, -0.007688836942857906, -0.03355278961384851], "aligned_model": [[-0.6520962795061871, -0.08535070230441721, -0.03609480309816662, -0.13460411147759355, -0.08968077588325712, -0.5252033271327043, -0.4027354406858159, 0.07805784126936116, 0.47670446593883514, 0.1935033915095053, 0.5771659676891339, -0.17661003565204794], [0.2020994427226552, 0.31291601188049584, -0.7574818617345119, -0.4059351109683976, -0.3503587552165173, -0.44338006759767645, 0.4198335211714351, 0.6473361933056484, -0.0817135480932644, 0.3945279604991589, 0.12436761178461461, -0.022135840622417323], [-0.5537266550834474, -0.5079406993468627, 0.04388794412858592, -0.6248626089832625, 0.6056131733500668, -0.18960056925443625, 0.3945945051505723, 0.028354522710697896, -0.46048053509919673, 0.5418563699790568, 0.13718224309132487, 0.056702504004022616]], "inverted": true, "swapped": false, "error_lsq": 0.045542034214582056, "error_max": 0.2863356207254888, "target": "600.xyz", "model": "15.xyz", "model_rescale": 4.355366556412066, "target_rescale": 3.530887905978485},
{"mapping": [0, 1, 6, 2, 3, 4, 5, 9, 8, 7, 10, 11], "R": [[-0.7591723356077826, -0.6379908512654235, 0.12893811907052308], [-0.30882857843149714, 0.1786899053545517, -0.934181367223925], [0.5729592254181834, -0.7490244264548397, -0.33268624044615014]], "T": [-0.04589783437566293, 0.056754939318316294, -0.04876706906866141], "aligned_model": [[-0.6478300915385251, 0.0916686939047295, 0.1694175980965576, -0.2256875014098948, -0.1739812383343214, -0.5762276290131436, -0.5401489331931041, 0.016304098891494603, 0.4664424041376674, 0.1510615934060056, 0.5722862077528194, -0.08024901203363949], [0.22984281653157032, 0.3306502261788057, -0.7209965550234618, -0.30457706095255366, -0.19746726306095, -0.5027026482716774, 0.32503268428291154, 0.7926373077786789, -0.24885866248640817, 0.40025554689651366, -0.00018443731961224896, -0.06355639742259399], [-0.3828811261436018, -0.4967113574989276, 0.10883318660353436, -0.782143004693068, 0.5428263067283549, -0.05810771917960159, 0.266673551003424, 0.018757478460422854, -0.5295413635197462, 0.7535267899263351, 0.060054785515167915, -0.029707332555172286]], "inverted": true, "swapped": false, "error_lsq": 0.05005540910323162, "error_max": 0.2812425087582341, "target": "600.xyz", "model": "16.xyz", "model_rescale": 3.795458400668931, "target_rescale": 3.530887905978485},
{"mapping": [3, 8, 1, 6, 2, 0, 7, 11, 9, 4, 10, 12], "R": [[-0.10501759592767135, 0.9363553647823281, 0.3349775147512526], [0.1656885108551901, -0.315657601449425, 0.9342952402842398], [0.9805705593766121, 0.15361936561042444, -0.1219937235815387]], "T": [-0.09971336181133267, 0.023315839461116337, -0.013931171687287924], "aligned_model": [[-0.7698895616458052, -0.10273832101263858, -0.12576454880893484, -0.20009391509628388, 0.13828800553544868, -0.5533546021142288, -0.6031863448342052, 0.2439364454852403, 0.6185175158759817, -0.0405040541092516, 0.5882612114286261, 0.029584359962697093], [0.042426100049066294, 0.41774367429878123, -0.8196818071112695, -0.2894347294467377, -0.36503506396009294, -0.34726835186755056, 0.4175164451803767, 0.7553792740738783, 0.0074221245871673655, 0.24607421381990793, -0.04163560828354288, 0.016569285791238404], [-0.46435385737884666, -0.5635713312843065, 0.04500027631185079, -0.6051051538598791, 0.5283665043855118, 0.07487969308745045, 0.13572014759381412, -0.050377116194250046, -0.5448150339383735, 0.5880395526164298, 0.2338105467682351, 0.09398596653948539]], "inverted": false, "swapped": false, "error_lsq": 0.04265697624997209, "error_max": 0.2442818136101166, "target": "600.xyz", "model": "17.xyz", "model_rescale": 3.7474275329858107, "target_rescale": 3.530887905978485},
{"mapping": [1, 3, 6, 0, 9, 2, 7, 10, 8, 12, 5, 13], "R": [[0.48149750431820004, 0.7640471585965541, -0.4294090040694039], [0.8745296495749445, -0.45122307159502845, 0.17775160104672172], [-0.05794864407102257, -0.4611178581457025, -0.8854446767299751]], "T": [-0.07509632850273172, 0.06821400174347111, -0.0491797412146745], "aligned_model": [[-0.6225458396603479, -0.050136842851711896, -0.0822598906006969, -0.1553337723648749, -0.0004105328807204184, -0.5872941851282896, -0.6338815714317144, 0.3782563729434249, 0.45139114382766443, 0.06533462968583058, 0.5782849741033893, -0.11834829497530731], [0.17824032452649852, 0.46817878480130104, -0.6807830510146435, -0.5037815334141225, -0.3095579629550662, -0.42249065988990964, 0.266111167131462, 0.5884100097511051, 0.03298383129814864, 0.34007233263206327, 0.10563881815215437, -0.02294650388776831], [-0.45748313066645074, -0.5968971662604493, 0.13507798534803603, -0.6537667499595835, 0.4980263812622121, -0.0755428694269428, 0.4155944472387004, -0.0666957855126985, -0.5374667754355761, 0.633175823884791, 0.2588984845524164, -0.08134045037733285]], "inverted": true, "swapped": false, "error_lsq": 0.04027228788327807, "error_max": 0.2970937930228657, "target": "600.xyz", "model": "18.xyz", "model_rescale": 3.922800546911778, "target_rescale": 3.530887905978485},
{"mapping": [7, 3, 10, 9, 6, 11, 13, 5, 0, 8, 1, 14], "R": [[0.4416814461595898, -0.009127025402240696, 0.8971255193815859], [0.8263800111233174, -0.3851805610016492, -0.4107700240308202], [0.34930441928810346, 0.9227960949385089, -0.16258471586234396]], "T": [-0.05554876687042037, 0.04218118283783409, 0.032193443557080335], "aligned_model": [[-0.6438889896819856, -0.029903736470886427, -0.14847509662248196, -0.20540578095360545, 0.17773116877818043, -0.6673143471243871, -0.6739113590814257, 0.35026848755290635, 0.5330776595720327, -0.006149653933533138, 0.6548658443380767, -0.11783800570624461], [0.13518935517754357, 0.2567523145304958, -0.7564314686924326, -0.466738315151762, -0.3012872879456353, -0.31898983083343013, 0.22536288016006575, 0.687903446770156, 0.2799571085410388, 0.34998671679395454, -0.09533332292652938, 0.043703960707757714], [-0.500175114078248, -0.5698454301421539, 0.09687093050512033, -0.5852909739070961, 0.5829907321438719, -0.018224672919078526, 0.26859546795707867, 0.0023801233772573517, -0.5113359254069616, 0.5586971329350893, 0.18834678108692196, -0.04142885690467949]], "inverted": true, "swapped": false, "error_lsq": 0.04639793279481794, "error_max": 0.31917456198859534, "target": "600.xyz", "model": "19.xyz", "model_rescale": 3.9282355846067225, "target_rescale": 3.530887905978485},
{"mapping": [11, 9, 2, 10, 5, 1, 4, 8, 12, 6, 7, 13], "R": [[-0.892088706169419, -0.4504589595531493, -0.03555933187317512], [0.448955367726401, -0.8746956965420917, -0.18261028514406688], [0.05115484448832195, -0.17886912592462575, 0.9825421200520292]], "T": [-0.08510866185780629, 0.06765731690889107, 0.04087823457912002], "aligned_model": [[-0.5391473530193556, 0.11132804788275165, 0.062380503398090884, -0.18808965761813964, -0.03165208117010038, -0.5208220158307332, -0.5620831521102476, -0.02151607517767727, 0.4717100267536003, 0.11963923523694898, 0.507135744184223, -0.18582703186271535], [0.2562795610913846, 0.439234262400067, -0.7428633088429597, -0.4617004484672306, -0.3192179188569899, -0.5230731613499724, 0.47520507876573026, 0.8251176634991958, 0.00855821432927878, 0.2592248905313864, -0.12305410415445744, -0.05363517181421022], [-0.48030665320430527, -0.5084559240925725, 0.03646555706714958, -0.630992005675406, 0.619808366962005, 0.19151744438961385, 0.11682560052236465, 0.012044480213592619, -0.5988518564396811, 0.6309834941970373, 0.07207909622659596, 0.010462594480727401]], "inverted": true, "swapped": false, "error_lsq": 0.04021607521816808, "error_max": 0.2105412843261198, "target": "600.xyz", "model": "20.xyz", "model_rescale": 4.067790424073018, "target_rescale": 3.530887905978485},
{"mapping": [13, 5, 12, 10, 3, 11, 6, 4, 7, 2, 0, 14], "R": [[-0.3019093498392439, -0.31344839003751335, 0.9003337443762376], [0.9518089338806195, -0.15254943427410125, 0.2660609394249574], [0.05394903024785702, 0.9372719866109, 0.34439907846824047]], "T": [-0.01999770773804399, 0.04047931428873745, -0.12635338828629983], "aligned_model": [[-0.5742331155474533, -0.15049098833921976, 0.012540657243964345, -0.3587067958488461, -0.12453083915395997, -0.5187958079994575, -0.5033679526416207, 0.06339078176928573, 0.6306445210284191, 0.18863101951946099, 0.6026135632932702, -0.04463885265719729], [0.024173320728594724, 0.5088270209242244, -0.7136494907335069, -0.4737481928714978, -0.32547406470921175, -0.34173841454652826, 0.37654173801567253, 0.8127192379259882, -0.07802452637592755, 0.31926230371230396, -0.04849490149989978, -0.020318473438989043], [-0.5537650544602034, -0.46114892329999846, 0.004966325152723328, -0.6668467241051496, 0.6344987428713821, 0.025772601994007743, 0.3219457935064021, 0.07154647248853252, -0.4717306995016134, 0.5312757096936371, 0.20364179899758694, -0.16857584869018494]], "inverted": true, "swapped": false, "error_lsq": 0.04321318677694092, "error_max": 0.19948215546585976, "target": "600.xyz", "model": "21.xyz", "model_rescale": 4.186013935880536, "target_rescale": 3.530887905978485},
{"mapping": [8, 9, 0, 2, 6, 5, 11, 10, 1, 4, 7, 12], "R": [[0.9318793503689852, 0.2320846226699797, 0.27881464143048784], [0.3620856668675232, -0.5479276518488935, -0.7541016232501155], [-0.022245138906723777, 0.8036865161613022, -0.5946369796233074]], "T": [-0.10356470230550785, -0.0042392483647100895, -0.018429189926742952], "aligned_model": [[-0.6040904259963199, -0.0018622012782849307, 0.16525518386602417, -0.40905346692414335, 0.0788397564572651, -0.6243486975838275, -0.6007839773518712, 0.2894369131244373, 0.4516372828233636, 0.0053605462296781314, 0.595357123960673, -0.12269184666034846], [0.22110180710260452, 0.439492355034371, -0.6725630365011087, -0.42223134139627577, -0.2640734647654683, -0.5736099567779167, 0.35146936741914, 0.7200476615207493, -0.23502541222183979, 0.3561452597780566, 0.12144490876098904, -0.0021225908220784614], [-0.5535586502896362, -0.4405780092642137, -0.07197939082375418, -0.549144205466969, 0.43880996240828885, 0.037604753160020786, 0.1403484907823716, 0.11293912846049839, -0.4350966091154966, 0.6027587408081595, 0.16605797303372571, 0.02341801095412719]], "inverted": true, "swapped": false, "error_lsq": 0.04787852545519306, "error_max": 0.2782907992039184, "target": "600.xyz", "model": "22.xyz", "model_rescale": 4.166573947596378, "target_rescale": 3.530887905978485},
{"mapping": [0, 2, 13, 5, 14, 7, 8, 3, 6, 9, 12, 15], "R": [[-0.8950146102071633, -0.4064209436264335, 0.18376850681637247], [-0.28075949385685467, 0.8334750568850048, 0.4759132653748801], [-0.3465875850704444, 0.3743545727413219, -0.8600788915807086]], "T": [-0.02564717524762792, 0.110877237934685, 0.006589795172183867], "aligned_model": [[-0.6665491206168446, 0.2350232193799481, -0.07905502626528374, -0.2156436806589045, 0.2620344276221023, -0.5954264488161338, -0.713143303659342, 0.01617574265680158, 0.4503873695420409, -0.037721132312894264, 0.6020611772686293, -0.03508703347347332], [0.10084396939750422, 0.5025845522544802, -0.7322377309119854, -0.5374482249715372, -0.40973073647872943, -0.31310542891352217, 0.4547114342293667, 0.7069994293351607, -0.07967237467876821, 0.2989938515274271, -0.04162080423875654, 0.08975762058058259], [-0.4992755948105952, -0.4744773149716803, 0.062427861507779216, -0.4778040562341703, 0.5283027388181225, -0.07695615191230223, 0.25799834534198296, 0.07228476053421368, -0.5557175845291853, 0.5766034138983325, 0.1166258190180608, -0.05843204201343646]], "inverted": true, "swapped": false, "error_lsq": 0.043139321087797396, "error_max": 0.22901454322059064, "target": "600.xyz", "model": "23.xyz", "model_rescale": 4.274766983524099, "target_rescale": 3.530887905978485},
{"mapping": [4, 10, 2, 5, 3, 0, 6, 1, 7, 8, 11], "R": [[0.6573728223331543, 0.5988200747208434, 0.4574663819004263], [0.7523480440306616, -0.4870425839626198, -0.4435785635603373], [-0.042818139858951276, 0.6357704298867148, -0.7706896699584608]], "T": [0.059363482028100656, 0.08156102423095403, -0.033596851311447386], "aligned_model": [[0.18095462431655335, 0.5533825728692501, -0.39005714720544576, -0.5427926744342697, -0.6649197658163968, -0.4788516845525586, -0.04739115116701233, 0.1150900523548645, 0.5599887287695082, 0.10223367453836474, -0.0077425257147824], [0.019865969770422223, 0.4738915313939276, 0.34866575629975693, -0.1362977996254685, 0.3971623220884601, -0.24763657988765503, -0.6565984785914601, 0.11145914837773586, -0.17438274624716565, 0.7200139380818462, 0.059443469583083774], [-0.7189408236288988, -0.20668360874738612, -0.5372965736590813, -0.3137380194617906, 0.18461009509766982, 0.561664931111502, 0.008549165591528178, 0.6207006430211536, 0.43042425730454353, 0.3671000640399088, -0.016823696647571384]], "inverted": false, "swapped": true, "error_lsq": 0.06341639871494102, "error_max": 0.39163893521685406, "target": "600.xyz", "model": "24.xyz", "model_rescale": 3.7841303162186577, "target_rescale": 3.530887905978485},
{"mapping": [11, 7, 4, 6, 2, 3, 13, 10, 0, 9, 8, 15], "R": [[0.3905616051508365, 0.12981659131992324, 0.9113776852655974], [0.059371685246499564, -0.9914981828531658, 0.1157858211952605], [0.918660239464511, 0.008888532890543699, -0.39494855159889]], "T": [-0.012222812113918388, 0.03930740162653697, 0.023205259178379407], "aligned_model": [[-0.5767714465225845, 0.06656824321799205, -0.028666321343370743, -0.29453908206052193, 0.21420672243098443, -0.6723793832792772, -0.7546251471574855, 0.10806618313966941, 0.5653951591270363, 0.10805559853780185, 0.5382969898374985, -0.05055132526109726], [0.2876701122022773, 0.284568499569757, -0.7066327232667786, -0.37953234582527867, -0.34270290896632244, -0.42101454306145086, 0.23685587385602686, 0.797750279600554, 0.10369949140539099, 0.2987014556384684, -0.11818830551754851, -0.0010993285038727596], [-0.43399094875150623, -0.5738244917851963, 0.025904136115323308, -0.4934157256073383, 0.6327877527046843, -0.012834946412279329, 0.17089876381786634, -0.10149463556324129, -0.4279500216562672, 0.5334880603783365, 0.17010942361703707, -0.01809717221029737]], "inverted": true, "swapped": false, "error_lsq": 0.04162240246718552, "error_max": 0.210632035574354, "target": "600.xyz", "model": "25.xyz", "model_rescale": 4.19342608120988, "target_rescale": 3.530887905978485},
{"mapping": [0, 1, 6, 2, 3, 4, 5, 9, 8, 7, 10, 11], "R": [[-0.7591723356077826, -0.6379908512654235, 0.12893811907052308], [-0.30882857843149714, 0.1786899053545517, -0.934181367223925], [0.5729592254181834, -0.7490244264548397, -0.33268624044615014]], "T": [-0.04589783437566293, 0.056754939318316294, -0.04876706906866141], "aligned_model": [[-0.6478300915385251, 0.0916686939047295, 0.1694175980965576, -0.2256875014098948, -0.1739812383343214, -0.5762276290131436, -0.5401489331931041, 0.016304098891494603, 0.4664424041376674, 0.1510615934060056, 0.5722862077528194, -0.08024901203363949], [0.22984281653157032, 0.3306502261788057, -0.7209965550234618, -0.30457706095255366, -0.19746726306095, -0.5027026482716774, 0.32503268428291154, 0.7926373077786789, -0.24885866248640817, 0.40025554689651366, -0.00018443731961224896, -0.06355639742259399], [-0.3828811261436018, -0.4967113574989276, 0.10883318660353436, -0.782143004693068, 0.5428263067283549, -0.05810771917960159, 0.266673551003424, 0.018757478460422854, -0.5295413635197462, 0.7535267899263351, 0.060054785515167915, -0.029707332555172286]], "inverted": true, "swapped": false, "error_lsq": 0.05005540910323162, "error_max": 0.2812425087582341, "target": "600.xyz", "model": "26.xyz", "model_rescale": 3.795458400668931, "target_rescale": 3.530887905978485},
{"mapping": [2, 3, 6, 0, 8, 1, 9, 4, 7, 11, 10, 12], "R": [[0.9821040978120568, -0.1838694839799508, 0.04078668804540417], [-0.17096538685125606, -0.7795051841917715, 0.6026130635133568], [-0.07900871825037312, -0.5988018709716089, -0.7969905531192538]], "T": [-0.11139196539315992, 0.00462500974233228, 0.06323113911914907], "aligned_model": [[-0.8156032059451127, 0.008537847549605446, -0.02540807616863515, -0.2696383731056599, -0.06332092146462047, -0.5511899345188185, -0.42035800637841697, 0.22226203006959638, 0.5064336720489705, 0.061461263024815846, 0.5633010010087891, 0.006578894546132516], [0.1230361140443385, 0.3504581304156287, -0.816223124977251, -0.24900797778335046, -0.44215087540591635, -0.38932206632131, 0.29985984485665274, 0.7690070153679348, -0.1372719400204282, 0.3599633434067388, 0.2324314332283037, -0.0607043396801189], [-0.45145347591947976, -0.5779340903348036, 0.06179232117665323, -0.7125920199691835, 0.6366700576551967, 0.1049038899892594, 0.02139015719562405, 0.12031304013957222, -0.4450648730594496, 0.6594114992346265, 0.08731563652933023, -0.03317194799022416]], "inverted": true, "swapped": false, "error_lsq": 0.052355362922279686, "error_max": 0.30634528390826454, "target": "600.xyz", "model": "27.xyz", "model_rescale": 3.6321398670334006, "target_rescale": 3.530887905978485},
{"mapping": [10, 8, 2, 0, 13, 11, 9, 12, 3, 6, 4, 14], "R": [[-0.2737109401457123, 0.5832458321539856, -0.7647918805266927], [-0.7576328911370448, -0.6205936411673432, -0.2021285106311861], [-0.5925155892564118, 0.5241066988864611, 0.6117494950308201]], "T": [0.0026742871616803193, 0.013192676875297736, -0.12943842483035134], "aligned_model": [[-0.6909350215160195, -0.03588107390052368, -0.051842972209321755, -0.20843733427297656, -0.20860569242110422, -0.4974256831012535, -0.5044578505376135, 0.08432662804069936, 0.4508620052890295, 0.14497295755865974, 0.7264530693732373, 0.014027158363832035], [0.11262069911353649, 0.39844332907491037, -0.7673809976088132, -0.3254336014036935, -0.27236494108761694, -0.3652303904648465, 0.2578853716753987, 0.8222538332485939, -0.13420346785957557, 0.3053825669100931, 0.037789972257955926, -0.029686816724720066], [-0.4666206134258376, -0.4716737750028594, 0.01608226395809345, -0.6092048483887278, 0.6056091579592897, 0.00920441943722089, 0.2304430018149231, 0.019768382443413474, -0.628399571413278, 0.5764536304482673, 0.2730618855288392, -0.08314373871222171]], "inverted": true, "swapped": false, "error_lsq": 0.03929840052495615, "error_max": 0.27818048795247396, "target": "600.xyz", "model": "28.xyz", "model_rescale": 4.156811204709835, "target_rescale": 3.530887905978485},
{"mapping": [9, 7, 10, 8, 0, 6, 4, 5, 3, 11], "R": [[0.563982599716426, -0.013188028649973968, -0.82568135689104], [0.20173927445072504, -0.9673757641230074, 0.15324945719813338], [-0.8007651917767135, -0.25300238514242296, -0.5429225550214767]], "T": [-0.10211741832523147, 0.03965709200826312, -0.0802299100297157], "aligned_model": [[-0.590466462709372, -0.033366021731874695, 0.09870697879762375, 0.6480300428658283, 0.0029455455377552786, -0.663386474393606, -0.5669141058115366, -0.4359455586205531, 0.29194048814386453, -0.10861905796754158], [-0.17076312240568825, -0.6350941302175153, 0.19974589127680112, 0.08059850793634338, -0.38191223066851715, -0.36105022782566737, 0.46800378379127333, 0.35330500448309926, 0.32567645845431353, 0.040210395801761285], [-0.5748218666355699, -0.34749845313560696, -0.6818761951798517, -0.15520044766327645, 0.6705192474858898, 0.20693377254185652, -0.3781731881214879, 0.44770695905353153, 0.5791000241805401, -0.00790312555092558]], "inverted": false, "swapped": true, "error_lsq": 0.04789832165869204, "error_max": 0.2668227095742811, "target": "600.xyz", "model": "29.xyz", "model_rescale": 4.117894457231895, "target_rescale": 3.530887905978485},
