[{"mapping": [0, 8, 4, 5, 6, 10, 3, 7, 12, 2, 9, 13, 1, 14], "R": [[0.7085078797887219, -0.6561480015047216, -0.2597814165768026], [-0.09551648895027381, 0.2755675612409763, -0.9565245002248051], [0.6992089706346041, 0.702518554426188, 0.13256883521792287]], "T": [-0.05689138300844894, 0.07137607292108368, 0.11154312557484224], "aligned_model": [[0.11048256874809899, 0.3093669740838784, -0.6148450995710526, -0.2826823882483745, -0.5194897569027348, -0.06387847064709988, -0.760040808568415, 0.04947191867405738, -0.38523024355873997, 0.006569911740793896, 0.699825262492985, 0.21567299753248576, 0.6140990071480544, -0.007829771795633628], [-0.7008682417281538, -0.363626382072723, -0.44062180220276664, -0.33206325105034407, 0.30027559666107145, 0.4119796111924447, 0.06504792955811863, 0.5300440500352261, 0.6895741062617742, -0.1781844014654922, 0.575631213028175, 0.7076479646457872, -0.15206905599007042, 0.12250599493698693], [0.1782990207497832, -0.378773695728474, 0.4011963274991025, -0.21925066785561748, 0.5927242061651647, -0.5553350739748185, -0.05929701717141221, 0.7375117521405797, -0.07926258494686685, 0.6825927953003011, 0.2961237113919687, -0.07419360461792902, 0.21851122030605835, 0.15674169792199352]], "inverted": true, "swapped": true, "error_lsq": 0.04234924625779251, "error_max": 0.2690340894571752, "target": "601.xyz", "model": "0.xyz", "model_rescale": 3.8414455957264533, "target_rescale": 4.270496935373535},
{"mapping": [8, 6, 9, 11, 13, 12, 0, 7, 10, 2, 3, 5, 1, 4, 14], "R": [[-0.44605934761515387, 0.4634755979978395, -0.7656509834550523], [0.7113194866060737, -0.3356145128202594, -0.6175657752489949], [-0.543190248789147, -0.8200934512876965, -0.1799752337834834]], "T": [-0.08545146640569869, 0.005350819777225933, 0.04079097846362727], "aligned_model": [[-0.18732326535042, -0.5993354458713334, -0.6471517735564247, 0.6514255851600264, -0.034158803224937265, 0.3997935869172803, 0.11792316904669613, -0.47624943020618893, 0.1459365549751266, -0.616094781745037, 0.3371316827573274, -0.12696927945914982, 0.706835105343359, -0.0939631441121316, -0.002469799652077581], [0.18483398581004892, 0.5890185474160644, -0.2388225770731773, -0.2767698863439834, -0.5093293012448145, 0.18257799345112954, -0.6500161787777611, -0.4678414548070205, 0.6221958196404062, 0.2098733240814413, 0.29167780965774515, 0.5832137583066991, -0.048785107671291045, -0.11765299545360569, 0.03415304911666267], [-0.7219083903516168, -0.0318892330462498, -0.25984467679162854, -0.28121138206102464, -0.5135739161390999, -0.5208292766947961, 0.2745648528953101, 0.23137173535765265, -0.14452801709713559, 0.5111025185487483, 0.6347751692881615, 0.354914330756695, 0.38408266311992095, 0.5705218984876259, 0.05945842701070856]], "inverted": false, "swapped": false, "error_lsq": 0.053472212514926724, "error_max": 0.3771640836984267, "target": "601.xyz", "model": "1.xyz", "model_rescale": 4.316132596720782, "target_rescale": 4.270496935373535},
{"mapping": [0, 5, 4, 7, 2, 1, 6, 9, 3, 11, 12, 14], "R": [[-0.9685112703136731, -0.23174171081213207, -0.09100383917869234], [0.007013208345765999, 0.3399825889273085, -0.9404055795958378], [0.24887091871911035, -0.9114316313888556, -0.32765171618618916]], "T": [0.0628110273145317, 0.001823072484750861, 0.004902338000427005], "aligned_model": [[-0.16885865882856194, 0.4132569114616959, 0.041608804809895414, -0.47178365000030975, -0.48502698046080883, -0.3967242566976546, -0.08454447735765308, -0.422426122883917, 0.5666024626902415, 0.13600723628273134, 0.46452853933371624, 0.005168746282405531], [-0.7523269837618194, -0.44391044133835256, -0.48647598290811145, 0.5343946059716999, -0.1762132571414095, -0.18964412873790912, 0.27419813681062943, 0.5441141714542054, -0.04321680409549952, 0.10852972710519065, 0.5840887225778002, 0.059238661804556246], [0.08501800413968222, -0.03606980967471766, -0.6419884175415257, -0.2051030888946391, -0.24123192245684832, 0.5184835255557403, -0.629152596048966, 0.5806006900996389, -0.5126023611057847, 0.6615614613654435, -0.15625531214467167, 0.025998287916069507]], "inverted": true, "swapped": true, "error_lsq": 0.051809520826495446, "error_max": 0.25034936186288453, "target": "601.xyz", "model": "2.xyz", "model_rescale": 3.795458400668931, "target_rescale": 4.270496935373535},
{"mapping": [1, 11, 9, 12, 2, 6, 13, 5, 10, 3, 7, 14], "R": [[-0.7205532023005711, 0.06750568470177801, 0.6901058362217614], [0.2967645420976598, 0.9295155040164262, 0.2189331732439274], [-0.6266848404165837, 0.3625519415560112, -0.6897986666165774]], "T": [0.19619134045089384, 0.025069892028550683, -0.05346995612714898], "aligned_model": [[-0.20744636675494707, -0.1324477084900811, -0.7154348208670999, 0.15282004352984893, 0.08414259833561683, 0.22910776695303836, -0.3004959939441034, 0.7136907346555428, 0.24961333815354156, 0.7783296011246844, -0.37297702116658193, 0.11440165421410597], [-0.19020373781706923, -0.5561408317795653, -0.1469230288972947, 0.01659931837225972, 0.49947465176382067, 0.6684838200857849, -0.2528804703018045, -0.17351954711287707, -0.5586844464731978, 0.19398470817814714, 0.5417608016901809, 0.04381780758132474], [-0.6033170878116093, -0.09968326035581623, -0.07134445516835144, 0.6707048949459707, -0.4469044423275375, 0.23438852622900866, 0.382048909840004, -0.17966825883050078, 0.4125376459064253, 0.3417873585200754, 0.09687653244539618, -0.048654932753965284]], "inverted": true, "swapped": true, "error_lsq": 0.04374448680571127, "error_max": 0.2540065855703571, "target": "601.xyz", "model": "3.xyz", "model_rescale": 3.7530521520055578, "target_rescale": 4.270496935373535},
{"mapping": [9, 6, 2, 4, 1, 3, 11, 12, 10, 5, 14], "R": [[0.2345773839189415, -0.1981263908024642, 0.9516929043663902], [-0.8864499818411586, 0.35821287637579585, 0.2930698976223741], [-0.3989735337682885, -0.9123757276835944, -0.09160049610278535]], "T": [-0.01451702895438537, -0.06442185528284367, 0.015136237783488077], "aligned_model": [[-0.44745276762029257, -0.19051041756343448, 0.32121298747003835, 0.5074036905142479, 0.2551038210797509, -0.0684971354718392, -0.18448525245958028, -0.6697658016118754, -0.4518400462420153, 0.3228019360292335, -0.05577141167902846], [-0.8848239424645443, 0.1894161718951044, -0.2878855318235031, 0.41387620342606746, -0.7082008146097429, 0.6528712535897649, -0.448998051902623, 0.24686683470645893, 0.12873054866761174, 0.29569397420776417, -0.13034328737801232], [0.036824531807539855, -0.6193084508540737, -0.46419124206661055, -0.38006356101070105, 0.17150519685711546, -0.06374505595289659, 0.5358637590823601, 0.0037155391598402976, 0.5915274678606306, 0.29745149624211964, -0.016748903880007812]], "inverted": true, "swapped": true, "error_lsq": 0.04220293953784771, "error_max": 0.24500842020425037, "target": "601.xyz", "model": "4.xyz", "model_rescale": 3.7855080009869324, "target_rescale": 4.270496935373535},
{"mapping": [4, 5, 6, 12, 11, 1, 13, 8, 0, 10, 2, 3, 14, 9, 16], "R": [[0.2624123422915676, -0.9495071174646752, 0.1719767324290622], [-0.2630684436475873, -0.24186564453897855, -0.9339678816472122], [0.9284044143420958, 0.19984304810442766, -0.31325388992707187]], "T": [-0.08589796255703044, -0.03586875543896377, 0.07142240113145754], "aligned_model": [[-0.32211163966989076, -0.5154747231559476, -0.38506965364258217, 0.5063476485790662, 0.19426174929985138, 0.354091724462381, 0.010981279385845727, -0.5395660888993601, 0.03414625696199197, -0.6233484198341337, 0.4706010696833788, -0.02594882350759875, 0.42686429725327724, 0.03836757933462566, -0.04881229522878943], [0.24744297766424528, 0.6492721873186175, -0.35107942301528944, -0.32280895590170045, -0.48674543545041093, 0.23184926452026106, -0.7515069453507369, -0.5285190739195643, 0.6534576217979107, 0.10314788245466232, 0.3969882576173211, 0.5670930387145773, -0.18907707365309823, 0.20286948292671586, -0.03405701961496741], [-0.5696223278042274, 0.03752638470036343, -0.41562544289011377, -0.10171257643976833, -0.5207405693204816, -0.4834109757440172, 0.013594790980484578, 0.2877341410015424, -0.27338539217673996, 0.5434241537083626, 0.29216958897803214, 0.41092171028777247, 0.4853058082367587, 0.7305704481508413, 0.11025696161446344]], "inverted": false, "swapped": false, "error_lsq": 0.033952891368527284, "error_max": 0.24695599632708473, "target": "601.xyz", "model": "5.xyz", "model_rescale": 4.2253639853439635, "target_rescale": 4.270496935373535},
{"mapping": [10, 8, 4, 3, 5, 2, 6, 12, 1, 11, 0, 7, 13, 14], "R": [[0.4402145403336326, 0.07612274209251338, 0.8946599838012013], [-0.7898736090816147, 0.5066535180146658, 0.34554579198674606], [-0.42697873501526207, -0.85878259228962, 0.28316359057104645]], "T": [0.026663344828105368, -0.0319369812603399, 0.051564021184986264], "aligned_model": [[0.6455467113515766, -0.13028322377716703, -0.5447968395646596, 0.12386315560632263, -0.1616758623054757, -0.46807151232971855, 0.010120825067336879, 0.6699819305384598, -0.240408849862126, 0.317916435981897, -0.6874453751064422, 0.12530629462159257, 0.6656515384328444, 0.04835692410334297], [-0.09986607579289034, 0.2036294508451595, -0.5952664368237225, -0.7487653366925925, -0.3500073549315538, 0.08752596532252796, -0.38726561543982657, -0.31166022569985063, 0.6171712533816213, 0.4465108490116419, 0.053283657771652025, 0.21968843486038875, 0.2811791688548506, 0.028941411967584464], [-0.36455511976841976, -0.6438920420653915, 0.1675223477113143, 0.03272735294816168, -0.380325988417969, 0.41676467439856596, 0.6609861955339398, 0.2367075837015331, -0.08601848188231906, -0.3147753161069679, -0.28252855516429815, 0.7867377455777238, 0.136908966273098, 0.10529884619247705]], "inverted": false, "swapped": true, "error_lsq": 0.040727317304102825, "error_max": 0.3717128419155689, "target": "601.xyz", "model": "6.xyz", "model_rescale": 3.89814844738969, "target_rescale": 4.270496935373535},
{"mapping": [12, 3, 6, 10, 7, 4, 5, 13, 8, 0, 2, 1, 14], "R": [[0.4551337758942367, 0.6037996509751953, -0.6544304604176725], [0.40240315692834877, 0.5161547753163549, 0.756079326005031], [0.7943078404084611, -0.6074621217823836, -0.008051413869079918]], "T": [-0.053312066742814426, 0.04136729276778598, 0.006692154359233326], "aligned_model": [[0.2529327072960132, -0.23777193706083, 0.3890541641509163, -0.23615242283154586, 0.7108441674996981, -0.30055777218370083, -0.5940745018540974, 0.3276542745383338, -0.6652942236029872, -0.5717550042026305, 0.14031727001198413, -0.08590276493389287, 0.019337844076961652], [-0.4014693758807643, 0.09392269147451313, 0.3733240616566093, -0.6641528858152164, 0.1965239722694795, 0.7135438970627459, 0.10152695516923818, -0.5591080079795039, -0.1456429102646224, 0.5275417223868458, 0.6050609095334103, 0.09164087756574536, 0.03106935829200519], [-0.4796121312640958, -0.6910599511526963, -0.4315364402918549, -0.1653450640232783, 0.0809743264713213, -0.37330958921817653, -0.1580081909292665, 0.09571717715960144, 0.39948717582735965, 0.35837811563420435, 0.1994683924344819, 0.7194392453178045, 0.04768196487089056]], "inverted": true, "swapped": true, "error_lsq": 0.046881600528249426, "error_max": 0.2498114954431407, "target": "601.xyz", "model": "7.xyz", "model_rescale": 3.7474275329858107, "target_rescale": 4.270496935373535},
{"mapping": [13, 12, 1, 8, 2, 4, 3, 0, 13, 10, 9, 11, 5, 7, 14], "R": [[0.3433363422126267, -0.7993629863005455, 0.49309124130198073], [0.2968475829418059, 0.5904497341602932, 0.7505002491216421], [-0.8910677127007025, -0.11130106721282201, 0.4400118223634738]], "T": [-0.08878547920689939, -0.01435283143867708, 0.09781265296509048], "aligned_model": [[-0.09746874609617297, -0.51016244192525, -0.5587396113046104, 0.5467644276710574, 0.08064232739298388, 0.36752393864610344, 0.1166865092095189, -0.5181625422377245, -0.09746874609617297, -0.568938760788548, 0.49752269473510224, -0.05833829254167397, 0.4053116037212332, 0.056798474368073615, -0.08664087373180449], [0.6176680805948666, 0.4128286288439786, -0.36855990397636856, -0.18135782231876293, -0.48722139707147205, 0.10335210379807486, -0.6926766674642092, -0.4899559630961864, 0.6176680805948666, 0.14308245548990617, 0.34575865228245145, 0.547795568316855, -0.2869939292396437, 0.11853259993157184, -0.011593700577384888], [-0.5413946657672484, -0.04571460605002195, -0.3696082318255002, -0.0849329755601558, -0.5776716428086764, -0.5268097203494518, 0.20640626438133544, 0.2515989869728763, -0.5413946657672484, 0.6634364822936919, 0.42477271864492494, 0.3615210166290712, 0.5388980964493224, 0.749751612159155, 0.03814803388119744]], "inverted": false, "swapped": false, "error_lsq": 0.04500077920056234, "error_max": 0.4042434696357645, "target": "601.xyz", "model": "8.xyz", "model_rescale": 4.019505241142653, "target_rescale": 4.270496935373535},
{"mapping": [11, 5, 1, 9, 13, 7, 2, 10, 12, 3, 4, 6, 14], "R": [[-0.5476727932653018, -0.5908700187564289, 0.592391030023041], [-0.2736218431617103, -0.5426017363077762, -0.7941753223946052], [0.7906867891028473, -0.5970393426655934, 0.1354932649531541]], "T": [-0.08057007159196355, -0.009483657367042236, -0.015471825731487629], "aligned_model": [[-0.18085832133003923, -0.6265881473654573, -0.051428858860622546, 0.5103963669750735, 0.2586791327534636, 0.6968063440649488, 0.17109904475908666, -0.33082857654317516, 0.15011929308296781, -0.3162179047485865, -0.3049130896588878, 0.3492959878233918, -0.005860499210987802], [-0.5540812385363059, 0.10619864437174106, -0.04205630225623142, -0.4840460750788149, -0.6406418741746318, 0.08376688280522812, 0.5129692554262646, -0.6756245935804723, -0.41115959638512023, 0.1378425767686829, 0.7181965210550604, 0.3414725124630361, -0.029458484764377603], [-0.39137199997349936, 0.09246920418263123, -0.7293960620005715, -0.550740450579711, -0.002030196791622904, -0.03819696065672918, -0.25234964527086445, 0.217794238048731, 0.542937425607776, 0.6526678257645652, 0.26292522798592655, 0.42038642833400136, -0.04839154060675447]], "inverted": false, "swapped": true, "error_lsq": 0.04123683364774141, "error_max": 0.22214244806673744, "target": "601.xyz", "model": "9.xyz", "model_rescale": 3.877068213659057, "target_rescale": 4.270496935373535},
{"mapping": [13, 4, 2, 10, 14, 6, 9, 8, 3, 1, 12, 5, 11, 0, 15], "R": [[0.7863537648313463, 0.6003084598801606, 0.14586812376896352], [0.6144689078558853, -0.7844286276753916, -0.08425965441240515], [0.0638413487793267, 0.15588932317388504, -0.9857092883332412]], "T": [-0.06341360726604378, 0.03416234953817776, -0.015703435494456318], "aligned_model": [[-0.0939572400320726, -0.6337856293017547, -0.5192705993353048, 0.5187035914130984, 0.13864458467789517, 0.4199877163367842, -0.0962044948647593, -0.33162995863265315, -0.07102326883089342, -0.5622274589557742, 0.4931351127213472, -0.13747657241990857, 0.3890431726666543, 0.1017621700336136, -0.040371164454157074], [0.11324726603286997, 0.37356477405246863, -0.2939325951719836, -0.34894459832836633, -0.44674637525074, 0.28878706221236433, -0.6181376236362512, -0.5092180693994024, 0.6510169994182118, 0.31705367230340314, 0.37867277190452175, 0.6613439260109664, -0.31380217256602977, 0.09272800028115769, 0.042693748245353255], [-0.7841116332930957, -0.14826447976345175, -0.36912028283864695, -0.14829081407253697, -0.5965827965745594, -0.3016999235139245, -0.11096521474920631, 0.46191633480708955, -0.16467919426236569, 0.6354984157544722, 0.3445205321630139, 0.44489768214232817, 0.4521200674566341, 0.7608614766541004, 0.07090653337342148]], "inverted": false, "swapped": false, "error_lsq": 0.035114826525112774, "error_max": 0.2320703779709436, "target": "601.xyz", "model": "10.xyz", "model_rescale": 4.260839863003843, "target_rescale": 4.270496935373535},
{"mapping": [4, 6, 12, 3, 10, 5, 0, 2, 7, 13, 1, 14], "R": [[0.837123531976928, 0.3895880368851109, 0.3839861374144631], [0.2231718234718525, -0.8841311472465795, 0.4104953735143621], [0.49941819091691264, -0.25794045046183206, -0.8270720613083395]], "T": [-0.028442157244776833, 0.09578707566526086, 0.005946921798686715], "aligned_model": [[0.27650265165941534, 0.22162057756205672, -0.4902374452118516, -0.34890124642736153, -0.7526790382490309, -0.24598924806777195, 0.3345708438488512, 0.5910788684102999, 0.4105276663091641, -0.3489162826975718, 0.3043516663164871, 0.006969635641443803], [-0.038873230698595815, -0.5445153729353654, -0.43976561249007057, -0.27400475097412735, 0.141249470629853, 0.3543227618245777, 0.6819173338877382, 0.06547616453270201, -0.395713078488162, -0.07420167421071179, 0.6225963330403431, 0.074590161414753], [-0.7331257517285614, -0.15345471807076536, 0.16815193146996654, -0.5271623461270042, 0.19087997332964263, -0.45122040227694654, -0.3858496481305702, -0.08169119227535504, 0.4293371426299698, 0.6240339338869274, 0.3571139475148181, 0.07916520717338318]], "inverted": true, "swapped": true, "error_lsq": 0.04609340987208194, "error_max": 0.21223104036444868, "target": "601.xyz", "model": "11.xyz", "model_rescale": 3.890672605050136, "target_rescale": 4.270496935373535},
{"mapping": [13, 9, 11, 12, 10, 4, 7, 3, 6, 2, 8, 1, 5, 14], "R": [[-0.6708348648231642, -0.40222240696165673, -0.6230551496261458], [0.36950535464114825, -0.9097137579429727, 0.18943777738559514], [-0.6429979603616227, -0.10314074823873626, 0.7588910389664298]], "T": [0.036403845040265, -0.00013426708766251395, 0.1722824996917646], "aligned_model": [[0.527295791929632, 0.12189212870526961, 0.4075149889844692, 0.551352655731503, 0.7801338314438592, -0.45879414923696, -0.23915628405750627, 0.21026398913731176, -0.21638849053152437, -0.5801792370835941, 0.18839526698195105, -0.2087729235179671, 0.10196857584837954, 0.02434969045886981], [-0.010700315188550292, 0.3112023651989624, 0.5001950137555929, -0.48688020999384185, 0.07223786418662306, -0.3156016636385528, -0.3509203964472122, -0.5056181799683246, -0.652657538342279, -0.035246648365499206, 0.6739392080327683, 0.6093773185155127, 0.1232053653279404, -0.0003796632453746578], [-0.3497757822921489, -0.6976166756822518, -0.07244659342429563, 0.01643595858959851, 0.2214160386459779, 0.731400036100303, -0.4715667787266742, 0.6600367191001698, 0.0815251563886731, 0.06741155461877826, 0.46606211613716775, -0.1105283589784283, 0.723334222396209, 0.08910282248378264]], "inverted": true, "swapped": true, "error_lsq": 0.051259638647125606, "error_max": 0.30860852891718993, "target": "601.xyz", "model": "12.xyz", "model_rescale": 4.124412569039231, "target_rescale": 4.270496935373535},
{"mapping": [5, 10, 11, 3, 8, 0, 12, 2, 13, 6, 1, 9, 14], "R": [[-0.7482683870913651, 0.6633671994770468, -0.006195122086520732], [0.12117205281355292, 0.14584976002986094, 0.9818580249283404], [0.6522359653504524, 0.7339426450051885, -0.18951633002501816]], "T": [0.03284933931257597, 0.02665052555789811, -0.060673128023806], "aligned_model": [[-0.09897823421487761, -0.10118194083485538, 0.4848639774600243, -0.6531146742534748, 0.47060796403141114, 0.39897561100609846, -0.4555275058824051, 0.19206464924862832, 0.11922121363579714, -0.4446646693756545, 0.7439012500031529, 0.6416781468139812, 0.0694525198719314], [-0.29554075153264703, 0.5465714988855603, 0.4161408795009334, -0.11117101390777627, -0.11681252807744692, -0.6533643667355686, 0.5631230739688653, -0.36499868376135286, 0.7371606183498618, -0.04017700573298494, -0.032998463217930984, 0.6276916301578002, 0.07186048861116395], [0.38875280777709964, 0.4613459522283385, 0.24251861086740203, 0.12399985264461619, 0.5322591142851224, 0.11922398204243972, -0.0688765919443077, -0.5229142702022485, -0.09737056727979893, -0.5758836989403621, -0.11012189998253082, -0.41989505706169905, -0.12134015346623248]], "inverted": false, "swapped": true, "error_lsq": 0.04070131418531679, "error_max": 0.28320416727502346, "target": "601.xyz", "model": "13.xyz", "model_rescale": 3.9028299243045295, "target_rescale": 4.270496935373535},
{"mapping": [10, 4, 5, 11, 14, 9, 12, 8, 7, 0, 6, 3, 1, 2, 15], "R": [[0.5675601977128522, -0.8177554516596208, 0.09566317605598292], [0.8145620193338465, 0.5407980146427485, -0.20982426937136703], [0.11985048448343692, 0.19701149367341855, 0.9730479601384786]], "T": [-0.06907296489546493, -0.017228760730810793, 0.075235769911496], "aligned_model": [[-0.25964573766795274, -0.5945803223988378, -0.5067133516936606, 0.5408828771286761, 0.27117561571918153, 0.5228471665389144, -0.021962147811391518, -0.5664234321983287, 0.09292490966111057, -0.662827595120478, 0.4442960066823877, -0.13097217770802044, 0.4880777143815543, -0.04100026550348148, -0.0007492989875580169], [0.18531625200946336, 0.3826468401990737, -0.23947771849569371, -0.37736394764505715, -0.28357076727740593, 0.275623197765713, -0.7108040820925682, -0.4552914952594922, 0.7195516807060209, 0.25868327829172805, 0.3607259201696825, 0.5376664751344583, -0.1898545300695776, -0.12438279942200181, 0.04885848209420046], [-0.6161470026109486, -0.07742331063563207, -0.07029129379385635, -0.1347956712224167, -0.6969970264144594, -0.33061364165777046, 0.04402465854884256, 0.4717842699067688, -0.42630109373111785, 0.5837083798459073, 0.27019940871561043, 0.3526329759272819, 0.3615611444142828, 0.8031641352722632, 0.012500770718516865]], "inverted": true, "swapped": false, "error_lsq": 0.04076156057368958, "error_max": 0.2794043108257304, "target": "601.xyz", "model": "14.xyz", "model_rescale": 3.942246331269136, "target_rescale": 4.270496935373535},
{"mapping": [1, 3, 5, 7, 2, 0, 9, 10, 12, 4, 8, 13, 6, 11, 14], "R": [[-0.7899243700428938, 0.5994122361069615, 0.12932308694734185], [-0.47879235500166656, -0.7346672680281628, 0.4806473614615955], [0.3831153486931781, 0.3177561588597268, 0.8673255750307474]], "T": [-0.08115641578244692, 0.01688124459348729, 0.09473728985471223], "aligned_model": [[-0.2863601334431157, -0.6881211275339475, -0.34349871825438094, 0.6052088342622682, 0.1797516950852357, 0.4459494911877042, -0.028180616390864582, -0.4365956787944983, -0.169986038881886, -0.5402479388623245, 0.6492892864948567, -0.16483270849417972, 0.2885037525406885, 0.10371501026951949, -0.03926514816296034], [0.36443482133934463, 0.2704907044453006, -0.22163838306345013, -0.45815667385091385, -0.32313300692902325, 0.11299944071592259, -0.7864589738482417, -0.3990562644491551, 0.7855597155877726, 0.15775134387987544, 0.22161177379637464, 0.7334898929405212, -0.26567949018731774, 0.14989361843974852, 0.04621826729178455], [-0.6079286203259514, -0.19478647611750627, -0.4316318408370812, -0.09025251445921574, -0.5368996193617539, -0.40888770761821, 0.09413376257322191, 0.5526231216119454, -0.16854765930237026, 0.430973167604018, 0.24762748811710433, 0.46943739614983127, 0.40505999359045836, 0.7746205804935135, 0.011465631165268206]], "inverted": false, "swapped": false, "error_lsq": 0.04858197107894383, "error_max": 0.265246307213642, "target": "601.xyz", "model": "15.xyz", "model_rescale": 4.355366556412066, "target_rescale": 4.270496935373535},
{"mapping": [0, 5, 4, 7, 2, 1, 6, 9, 3, 11, 12, 14], "R": [[-0.9685112703136731, -0.23174171081213207, -0.09100383917869234], [0.007013208345765999, 0.3399825889273085, -0.9404055795958378], [0.24887091871911035, -0.9114316313888556, -0.32765171618618916]], "T": [0.0628110273145317, 0.001823072484750861, 0.004902338000427005], "aligned_model": [[-0.16885865882856194, 0.4132569114616959, 0.041608804809895414, -0.47178365000030975, -0.48502698046080883, -0.3967242566976546, -0.08454447735765308, -0.422426122883917, 0.5666024626902415, 0.13600723628273134, 0.46452853933371624, 0.005168746282405531], [-0.7523269837618194, -0.44391044133835256, -0.48647598290811145, 0.5343946059716999, -0.1762132571414095, -0.18964412873790912, 0.27419813681062943, 0.5441141714542054, -0.04321680409549952, 0.10852972710519065, 0.5840887225778002, 0.059238661804556246], [0.08501800413968222, -0.03606980967471766, -0.6419884175415257, -0.2051030888946391, -0.24123192245684832, 0.5184835255557403, -0.629152596048966, 0.5806006900996389, -0.5126023611057847, 0.6615614613654435, -0.15625531214467167, 0.025998287916069507]], "inverted": true, "swapped": true, "error_lsq": 0.051809520826495446, "error_max": 0.25034936186288453, "target": "601.xyz", "model": "16.xyz", "model_rescale": 3.795458400668931, "target_rescale": 4.270496935373535},
{"mapping": [12, 3, 6, 10, 7, 4, 5, 13, 8, 0, 2, 1, 14], "R": [[0.4551337758942367, 0.6037996509751953, -0.6544304604176725], [0.40240315692834877, 0.5161547753163549, 0.756079326005031], [0.7943078404084611, -0.6074621217823836, -0.008051413869079918]], "T": [-0.053312066742814426, 0.04136729276778598, 0.006692154359233326], "aligned_model": [[0.2529327072960132, -0.23777193706083, 0.3890541641509163, -0.23615242283154586, 0.7108441674996981, -0.30055777218370083, -0.5940745018540974, 0.3276542745383338, -0.6652942236029872, -0.5717550042026305, 0.14031727001198413, -0.08590276493389287, 0.019337844076961652], [-0.4014693758807643, 0.09392269147451313, 0.3733240616566093, -0.6641528858152164, 0.1965239722694795, 0.7135438970627459, 0.10152695516923818, -0.5591080079795039, -0.1456429102646224, 0.5275417223868458, 0.6050609095334103, 0.09164087756574536, 0.03106935829200519], [-0.4796121312640958, -0.6910599511526963, -0.4315364402918549, -0.1653450640232783, 0.0809743264713213, -0.37330958921817653, -0.1580081909292665, 0.09571717715960144, 0.39948717582735965, 0.35837811563420435, 0.1994683924344819, 0.7194392453178045, 0.04768196487089056]], "inverted": true, "swapped": true, "error_lsq": 0.046881600528249426, "error_max": 0.2498114954431407, "target": "601.xyz", "model": "17.xyz", "model_rescale": 3.7474275329858107, "target_rescale": 4.270496935373535},
{"mapping": [10, 12, 13, 3, 8, 0, 11, 7, 5, 1, 4, 6, 2, 14], "R": [[0.16400127591625324, -0.594844126512276, -0.7869333177923584], [0.48296715959545244, 0.7440022855043391, -0.461739452415127], [0.8601431882251597, -0.3043370899482479, 0.4093075022909919]], "T": [0.031107639741708906, -0.026979479567087062, 0.02838964374671658], "aligned_model": [[0.49313259832541345, 0.22975373512426986, 0.665248429378529, -0.40278680997745414, 0.2420009685478685, -0.3197078480739967, 0.6444517116266536, 0.11449641161545229, -0.2258283908072324, 0.33647820894109604, -0.7770499684003336, -0.36267886232044, -0.2995338390320934, 0.07687130293514416], [-0.35518695007204987, 0.20034890594654353, 0.19960773279477673, -0.1489993980831798, -0.6896004978044531, -0.4417655596603262, -0.26408652477278105, 0.7459550285608362, -0.5277449994896557, -0.09315793251167381, -0.08845637303985364, 0.5070726728633582, 0.2778518730050318, 0.038570263774660524], [-0.4610987796727737, -0.6313402774107856, -0.2168756999000545, -0.5377307148569324, 0.31165682380598736, 0.606068336485851, 0.153027110198563, 0.12401780638625322, -0.05153012982857248, 0.6717924961180974, 0.049720919222115675, -0.2117102710682767, 0.4644625167899556, 0.05433458239222703]], "inverted": true, "swapped": true, "error_lsq": 0.03139330932162766, "error_max": 0.1898315959086096, "target": "601.xyz", "model": "18.xyz", "model_rescale": 3.922800546911778, "target_rescale": 4.270496935373535},
{"mapping": [12, 13, 8, 0, 5, 3, 1, 6, 7, 4, 9, 11, 2, 10, 14], "R": [[0.2798979373694812, 0.7703083906938826, -0.5729590979144246], [0.5865369452578082, 0.335264487470174, 0.7372734467543238], [0.7600207605743079, -0.5424229960722191, -0.3579744918679102]], "T": [-0.08780590152781233, -0.030190753571976415, 0.005513849312173243], "aligned_model": [[-0.10126932838340975, -0.5778660013537956, -0.5952655747846258, 0.5958508630982144, -0.009380681763099016, 0.42881540796105233, 0.07708520419047031, -0.43341133716927177, 0.14263814700018257, -0.6167260543916149, 0.4959516518409408, -0.22408881714236922, 0.4867637823411979, -0.04733730537467655, -0.046429995047080286], [0.28196068649070677, 0.43422186595486517, -0.2993854647779693, -0.3683850559709978, -0.42478068238980676, 0.17240948211819274, -0.7362823766985628, -0.44333226397697756, 0.714628419121743, 0.11580973802534651, 0.3776507580044971, 0.5699846144258335, -0.13373726296727806, 0.07165338470037484, 0.05591094404857623], [-0.7162854712545689, -0.12088142038946476, -0.20522186550244761, -0.33607168563155193, -0.643086176255288, -0.31261318610827626, 0.15460632712816091, 0.4363720013163603, -0.16870141851624063, 0.4775249375717997, 0.40002063789118925, 0.36392716844121165, 0.4205762079506081, 0.8046325585714815, -0.007791911929701079]], "inverted": false, "swapped": false, "error_lsq": 0.03525455495322945, "error_max": 0.2094335911217441, "target": "601.xyz", "model": "19.xyz", "model_rescale": 3.9282355846067225, "target_rescale": 4.270496935373535},
{"mapping": [8, 5, 3, 0, 1, 4, 2, 6, 9, 13, 10, 11, 12, 14], "R": [[-0.4713338653768948, 0.8578158838271406, -0.20492998024383186], [0.8259845793946134, 0.3478837054371753, -0.44353850125282757], [-0.3091825705811681, -0.37832371977601775, -0.8725120635863202]], "T": [0.016920237334511985, -0.08608001603378702, -0.005647365399432145], "aligned_model": [[-0.6202934563131938, -0.06656740225812233, 0.5650382296689284, -0.47654462511623896, -0.6294759503554238, 0.31437332148979324, -0.015337080530052644, 0.6347570055597328, -0.33528238835229623, 0.0450956225399354, 0.021439971808415163, -0.4578581875325501, 0.5421186961923335, 0.011059062283415858], [-0.47925180166947556, -0.6231400982990468, -0.5512561957202766, -0.29684055699002737, 0.21378678498023784, -0.35439587395832217, 0.26955822376630323, 0.16369259153838234, 0.6345733218494122, 0.1816165192878637, -0.4480116616028736, -0.06762838056595648, -0.11395878594881169, -0.005861999242572594], [0.05054481245024656, -0.17227774083673095, -0.08825065085990685, -0.5895172949878431, -0.06769470858556623, -0.7105455243238744, -0.52031852200036, -0.23763627063352974, 0.4608024149854241, 0.658563525302165, 0.6499219891674027, 0.46572317236828625, 0.49412397025603494, 0.018743984941935004]], "inverted": true, "swapped": true, "error_lsq": 0.04624941472129445, "error_max": 0.3011684279859495, "target": "601.xyz", "model": "20.xyz", "model_rescale": 4.067790424073018, "target_rescale": 4.270496935373535},
{"mapping": [11, 6, 13, 9, 10, 12, 1, 5, 3, 4, 0, 2, 7, 8, 14], "R": [[0.883600350900223, 0.1652718542619694, -0.43810459262351165], [-0.009090667596799634, -0.9294061420195774, -0.3689465854821394], [-0.46815358553753195, 0.32998399561962904, -0.819721161727119]], "T": [-0.07448543228365949, 0.05699886493808296, 0.058142339551924396], "aligned_model": [[-0.17073444466375243, -0.677296893507885, -0.43616648209006254, 0.5170428118874806, 0.07152030993928506, 0.46924681295286824, 0.10901822781171029, -0.47771202968754695, 0.06754255063208543, -0.5652423290700029, 0.4146005515760987, -0.15466171309538812, 0.4901462127904867, -0.03461378968877092, -0.04735983476449077], [0.2032766818307628, 0.47452639206911057, -0.39039233623946873, -0.37646770055843015, -0.47769894193702983, 0.21575136196263714, -0.7359349341826121, -0.2986976694873865, 0.8256447328428678, 0.23080999348696882, 0.4133909236283949, 0.7119507893553115, -0.25897691314019117, -0.1648752684442788, 0.0160196749218871], [-0.5642491625431124, -0.041084718249536814, -0.34079554583506594, -0.1992503029485081, -0.5452376403235603, -0.4577711774993356, 0.16248551480762996, 0.3017699393875749, -0.27765015362295986, 0.667584588321633, 0.4299455541902226, 0.40213604914019524, 0.4296451931849464, 0.5819266632746422, -0.002448098001493468]], "inverted": false, "swapped": false, "error_lsq": 0.04014999591591124, "error_max": 0.32444618578099943, "target": "601.xyz", "model": "21.xyz", "model_rescale": 4.186013935880536, "target_rescale": 4.270496935373535},
{"mapping": [7, 9, 12, 4, 0, 6, 2, 1, 10, 11, 8, 5, 14], "R": [[-0.7399190729109653, 0.6703643919870331, 0.055958444388967715], [-0.587005360014201, -0.602799315307547, -0.5404236234467836], [-0.32854904178398725, -0.43271765323430933, 0.8395302017927742]], "T": [0.09432219639766631, -0.017993860921362348, 0.01499198189556156], "aligned_model": [[0.05841670862306854, -0.5516253910101041, 0.5478879166146289, 0.5256972253927703, -0.22797914634470035, 0.5744824150699075, -0.04043313237398369, -0.6116119766068828, 0.19592664960510062, -0.3809899288082216, -0.3328081367235021, 0.24674247412228983, 0.05486835786285413], [-0.38545539638071813, 0.11085208230945187, 0.36692075039649824, -0.5555821107231178, -0.3725719696171437, -0.416117487695781, -0.6290397135332715, -0.12524441361478506, 0.7236526073791814, 0.45048697086887474, 0.29297980512737476, 0.09030706953855952, -0.03223153450903017], [-0.6758111756861768, -0.6385474260967959, -0.4003403120324975, 0.44192008986796355, 0.6468368046768136, -0.31496441223055616, -0.014494607840932646, 0.056852045658819184, -0.005579208079418748, -0.035498545171444296, 0.5485067078362857, 0.5518423962064348, -0.057842795773148714]], "inverted": true, "swapped": true, "error_lsq": 0.046798465259934356, "error_max": 0.30899549684091876, "target": "601.xyz", "model": "22.xyz", "model_rescale": 4.166573947596378, "target_rescale": 4.270496935373535},
{"mapping": [14, 13, 12, 3, 11, 9, 2, 6, 10, 5, 8, 7, 4, 0, 15], "R": [[-0.04630538851927146, -0.9988384565716616, 0.013324738932529945], [-0.5789216932055371, 0.037704134548966095, 0.8145109399964787], [-0.8140672479163581, 0.030002265105391945, -0.5799951551163445]], "T": [0.008513061528136058, -0.026792028376570628, -0.0007224141446984245], "aligned_model": [[-0.35155330718176037, -0.6324305792855431, -0.3572225370019377, 0.4987081837372046, 0.20413457080360783, 0.37743805769221056, 0.03210221560762309, -0.5682529522270721, -0.1623907433327909, -0.612115852698896, 0.6902242758193434, -0.11080047858410005, 0.4940911244317566, 0.10182680470572508, -0.028428821463255607], [0.34171959119451734, 0.5255372521090491, -0.2942260740912549, -0.36887263825231287, -0.5180102915021093, 0.1485799480535029, -0.6583903153645592, -0.4997402077365518, 0.6942597873940735, 0.23893708705697542, 0.3439557655824354, 0.5509926824914656, -0.2279723163875322, 0.15149229173828777, -0.039935776177442914], [-0.6011632185421081, -0.031328853246417515, -0.47411216729715283, -0.06488042631419136, -0.5859831855168443, -0.4407089859516586, 0.23022432186329142, 0.15017031922530155, -0.10943028672986982, 0.48432373751267305, 0.22708240100485827, 0.4034047374836489, 0.5126915999873545, 0.7906453950144713, 0.056071314789916116]], "inverted": false, "swapped": false, "error_lsq": 0.043941494135368665, "error_max": 0.2641663967601385, "target": "601.xyz", "model": "23.xyz", "model_rescale": 4.274766983524099, "target_rescale": 4.270496935373535},
{"mapping": [1, 2, 7, 13, 6, 12, 10, 3, 5, 4, 14], "R": [[0.052161851226994266, -0.5597939676677472, 0.8269884249730309], [0.4406381275543203, 0.7560442822480934, 0.4839783918992543], [-0.8961680544529557, 0.33915742221388406, 0.2861032351009646]], "T": [0.05699316143245181, 0.029750380695767742, -0.034178022556418754], "aligned_model": [[0.3699945921483835, 0.16502533842002756, -0.5134355682502695, -0.4501037606713907, -0.36708343837359875, -0.5455039470418332, -0.10317236626465037, -0.027964946618881187, 0.4793606716069103, 0.36625025280022994, 0.006527876203147688], [-0.015067995722154781, 0.6000254465033381, 0.4262358659803207, -0.41120342401657795, 0.5397605538617751, -0.22437485891288372, -0.6715915846728859, 0.0949939879241859, -0.07948547286109134, 0.616070924922898, 0.04022308823655902], [-0.6757537547283632, -0.26980673399531613, -0.3960295265336836, -0.2832640486273621, 0.2066043284999225, 0.2801460646774842, 0.17379450943177607, 0.6814831444978341, 0.33029778540979665, 0.4326639444926887, -0.10056927910319977]], "inverted": true, "swapped": true, "error_lsq": 0.0474974024529337, "error_max": 0.20829157552780034, "target": "601.xyz", "model": "24.xyz", "model_rescale": 3.7841303162186577, "target_rescale": 4.270496935373535},
{"mapping": [14, 10, 9, 5, 12, 13, 2, 8, 11, 0, 6, 7, 4, 1, 15], "R": [[-0.39291322114682975, 0.6082037748191612, -0.6897154260589983], [-0.8592760557347495, -0.509960198864668, 0.039815268614440014], [-0.32751161916633464, 0.6082998963255142, 0.7229850451021893]], "T": [-0.06744886593467066, 0.06412650084134115, 0.06460601513376636], "aligned_model": [[-0.3160088099402025, -0.677282607112444, -0.37763286357148607, 0.5547207178798171, 0.17613645037181602, 0.3027363398984004, -0.007550651881126837, -0.35550335224180235, 0.1920965095535066, -0.48153150137074524, 0.46979358632503193, -0.24641423801773898, 0.47068598058129857, -0.12038540931644522, -0.008530190135764143], [0.05185408653408565, 0.4694117947812859, -0.2738642576071625, -0.5159433201124942, -0.31366106373880337, 0.30662469382849833, -0.6876055388050601, -0.3283610518486331, 0.7546945754062868, 0.24784219895433585, 0.39325581226097317, 0.6313349956105342, -0.2745973958419745, -0.16567950741453347, 0.09302076410120481], [-0.6886312014146456, -0.19826609048859084, -0.2982835594472251, -0.14931630076239116, -0.5462251040445281, -0.5804967185849266, 0.054399524577317865, 0.399920669660872, -0.1479486875125191, 0.6443594650146302, 0.41825965373720136, 0.3273824964959584, 0.45496655571037214, 0.7698884512878892, 0.0869975490538581]], "inverted": true, "swapped": false, "error_lsq": 0.04566396803619382, "error_max": 0.3286971859993899, "target": "601.xyz", "model": "25.xyz", "model_rescale": 4.19342608120988, "target_rescale": 4.270496935373535},
{"mapping": [0, 5, 4, 7, 2, 1, 6, 9, 3, 11, 12, 14], "R": [[-0.9685112703136731, -0.23174171081213207, -0.09100383917869234], [0.007013208345765999, 0.3399825889273085, -0.9404055795958378], [0.24887091871911035, -0.9114316313888556, -0.32765171618618916]], "T": [0.0628110273145317, 0.001823072484750861, 0.004902338000427005], "aligned_model": [[-0.16885865882856194, 0.4132569114616959, 0.041608804809895414, -0.47178365000030975, -0.48502698046080883, -0.3967242566976546, -0.08454447735765308, -0.422426122883917, 0.5666024626902415, 0.13600723628273134, 0.46452853933371624, 0.005168746282405531], [-0.7523269837618194, -0.44391044133835256, -0.48647598290811145, 0.5343946059716999, -0.1762132571414095, -0.18964412873790912, 0.27419813681062943, 0.5441141714542054, -0.04321680409549952, 0.10852972710519065, 0.5840887225778002, 0.059238661804556246], [0.08501800413968222, -0.03606980967471766, -0.6419884175415257, -0.2051030888946391, -0.24123192245684832, 0.5184835255557403, -0.629152596048966, 0.5806006900996389, -0.5126023611057847, 0.6615614613654435, -0.15625531214467167, 0.025998287916069507]], "inverted": true, "swapped": true, "error_lsq": 0.051809520826495446, "error_max": 0.25034936186288453, "target": "601.xyz", "model": "26.xyz", "model_rescale": 3.795458400668931, "target_rescale": 4.270496935373535},
