[{"mapping": [1, 12, 3, 11, 7, 5, 0, 2, 6, 8, 13], "R": [[-0.26230362872585633, -0.6921113504384475, 0.6724423283460947], [0.7636826441801994, -0.5748701757764983, -0.2937909120116502], [0.5899030643548036, 0.4364701130627008, 0.6793439593224084]], "T": [0.0245812351984701, -0.11216458322324374, -0.022795181820433514], "aligned_model": [[0.05475093068951669, 0.022346247765563675, -0.13322569736894754, 0.590652570951367, -0.12007942540304739, 0.68207508992494, -0.6148016500162451, -0.663887403484084, 0.04713197206676779, 0.32629222695105625, 0.028969453817493017], [-0.6377646460755643, -0.5752209260908806, -0.020132838407232317, 0.05596575833310041, 0.38643642121701294, -0.07554831212792526, -0.5437886386773378, 0.12485634539429441, 0.5202118300421724, 0.5757193187630165, -0.021623862023309626], [0.21359110548614013, -0.3702050782465862, 0.46692661244393807, -0.3947592552608118, -0.5722174366672579, 0.3497129927604735, -0.0053987618296916125, 0.22436925404681363, 0.40631764763111966, -0.23812132158643642, -0.15815759756921768]], "inverted": true, "swapped": false, "error_lsq": 0.04485092051177152, "error_max": 0.1961558150918236, "target": "602.xyz", "model": "0.xyz", "model_rescale": 3.8414455957264533, "target_rescale": 3.921572222815908},
{"mapping": [13, 0, 8, 7, 3, 9, 11, 10, 6, 2, 14], "R": [[-0.04857358693444791, -0.33734726069415116, 0.9401262853226018], [0.5032028815296328, -0.8213263329093069, -0.2687190259174528], [0.8628021016853147, 0.4600216088097413, 0.20964887969054657]], "T": [-0.012667296105069389, 0.01515142702802708, -0.06563768600301595], "aligned_model": [[0.12763592192063916, 0.1737823794087431, -0.11778593492301999, 0.5842807515457356, -0.43797633048557433, 0.5496209131510861, -0.5438189681787917, -0.5447987785430719, 0.12375994307213106, 0.4010570703250405, -0.09553265139853706], [-0.665524204060695, -0.48519409778573397, -0.14280046960807774, -0.12161493804346993, 0.3417671843960073, -0.09060668714814037, -0.6491552950769915, 0.3327989303230562, 0.6544465960446197, 0.6015804927785399, 0.0134129385282317], [0.2374179077300978, -0.5559521196135337, 0.7013718756210159, -0.2603245934368339, -0.6364364722257259, 0.30605690773066757, -0.1189282325319099, 0.22473698482617, 0.36181578405679726, -0.2375034099953679, -0.10019647095289387]], "inverted": false, "swapped": false, "error_lsq": 0.04798600554148787, "error_max": 0.2552614982320308, "target": "602.xyz", "model": "1.xyz", "model_rescale": 4.316132596720782, "target_rescale": 3.921572222815908},
{"mapping": [4, 6, 0, 3, 10, 5, 2, 1, 9, 7, 11], "R": [[0.8463626312610063, -0.4081732881500253, -0.3421474291087726], [-0.4941437309482676, -0.36209073052691954, -0.7903874214782319], [0.19872662018328696, 0.8380243849120849, -0.5081563349238593]], "T": [-0.05324565547118959, 0.0276047930623495, -0.023491851302470685], "aligned_model": [[0.17257188931535977, 0.008951153857495536, -0.1014236664392005, 0.5401738232259454, -0.21747570991796344, 0.4387962152480625, -0.6346360157852149, -0.5210669377016357, -0.029493146800491976, 0.5834238275584296, -0.01959711666640574], [-0.7044158984658853, -0.46689229378567365, -0.21677277463266806, -0.09852130865607633, 0.31958933869582284, 0.07924203179869097, -0.545717594370129, 0.21082982040814877, 0.6839577036497249, 0.6121525969497507, -0.0843411712443591], [0.06300597975613335, -0.6774797342235994, 0.6412430900486503, -0.27441522129268353, -0.5573544861786278, 0.3900154339438515, 0.1609318205719734, 0.18185931292894972, 0.3208744947990929, -0.2546129324027692, -0.07200959674248772]], "inverted": true, "swapped": false, "error_lsq": 0.050561424048829566, "error_max": 0.29556700754867216, "target": "602.xyz", "model": "2.xyz", "model_rescale": 3.795458400668931, "target_rescale": 3.921572222815908},
{"mapping": [7, 8, 4, 1, 6, 0, 9, 5, 10, 2, 11], "R": [[-0.3837688676802238, -0.5993745859366852, -0.702475310550247], [-0.905091526458119, 0.39499825954730244, 0.1574347601018089], [0.18311413089423517, 0.6962230107428431, -0.6940768937077648]], "T": [0.03036716043396761, 0.012212867051665497, -0.020912188296587024], "aligned_model": [[0.142880943912523, -0.10664668896781174, -0.059391703063937464, 0.5473470400385729, -0.09555280325795126, 0.6716872041497502, -0.6429343432204242, -0.6233332154875696, -0.03981568165764945, 0.3262040967477819, 0.09977946670109583], [-0.7204789114586997, -0.3999087436540663, -0.00877444862151133, -0.08943928998632336, 0.17517162804050743, -0.05593347231743155, -0.5366076744152429, 0.19755963565387227, 0.6113368823079998, 0.668604407793972, -0.052419562995729765], [0.16295108385593066, -0.6704858331535463, 0.6134832816809305, -0.36539366096700965, -0.5730760241113849, 0.42211447245276257, -0.016944664134401315, 0.15838368292744592, 0.39757976911625714, -0.2842673928576046, 0.07771344639910341]], "inverted": false, "swapped": false, "error_lsq": 0.044282502254602715, "error_max": 0.24165229359886556, "target": "602.xyz", "model": "3.xyz", "model_rescale": 3.7530521520055578, "target_rescale": 3.921572222815908},
{"mapping": [0, 4, 7, 2, 9, 1, 6, 8, 5, 3, 10], "R": [[-0.23679854673123452, 0.0857317397897929, 0.9677688345150356], [-0.29439320765497823, -0.9556010513278875, 0.01262022137876545], [0.9258828692402662, -0.2819161213794831, 0.2515237820838427]], "T": [0.0382817125743149, 0.04493205164629273, -0.04701257989539456], "aligned_model": [[0.08287553616253385, 0.01721576949136029, -0.1893573395178728, 0.6241328694348105, -0.26674408557707746, 0.715533745887264, -0.49797077206671814, -0.8248740473086367, 0.015325726196284653, 0.48745578470706574, 0.05663112848536633], [-0.7380617181449919, -0.5085913625751578, -0.025800163243047153, -0.1571657164435235, 0.3754188666511005, 0.05476712415432163, -0.4542558769801236, 0.1084759821206842, 0.632132383067103, 0.5463269685922983, -0.044136036851316715], [0.2082373625840183, -0.529587921538774, 0.5028313582296204, -0.3250249845922777, -0.35539788501431524, 0.3606132602227088, -0.14489121530632149, 0.2569673456504381, 0.3679916796716767, -0.4032647030875115, -0.016416135610778714]], "inverted": true, "swapped": false, "error_lsq": 0.04595362958263322, "error_max": 0.24182666524866553, "target": "602.xyz", "model": "4.xyz", "model_rescale": 3.7855080009869324, "target_rescale": 3.921572222815908},
{"mapping": [5, 10, 1, 9, 8, 2, 7, 6, 12, 14, 16], "R": [[0.6317047427684107, -0.5519757760478546, -0.54430860788735], [0.379661798607812, -0.39188266222044255, 0.838024401630943], [-0.6758742757656764, -0.7360371741341516, -0.037990020411093284]], "T": [-0.030927812027717497, 0.034981167143691094, 0.01550687406186397], "aligned_model": [[0.016925569635180156, 0.019970814092683222, -2.4688994130956515e-05, 0.582987451721679, -0.39589847481196155, 0.6495495586865757, -0.5395614750590303, -0.6742173307660995, 0.07375017809039836, 0.4695824994071209, 0.01716021389196525], [-0.7697076835998664, -0.40002033775028084, 0.08857880342719031, -0.06888507352910078, 0.14621348782681662, 0.039272582351838004, -0.49658844204756275, 0.09338111469881305, 0.6237413296553194, 0.4762793358830687, 0.056845333431111374], [0.08823343022769156, -0.5668566676140552, 0.7700108365173058, -0.32979570663085694, -0.5758759631137647, 0.30311393113794705, -0.12625002803293808, 0.1095553151646412, 0.34026717402826334, -0.09604021441444865, 0.005696053938698268]], "inverted": false, "swapped": false, "error_lsq": 0.044486176549338285, "error_max": 0.26972219812841847, "target": "602.xyz", "model": "5.xyz", "model_rescale": 4.2253639853439635, "target_rescale": 3.921572222815908},
{"mapping": [0, 3, 9, 4, 2, 1, 7, 11, 8, 10, 13], "R": [[-0.371146311192927, -0.08955214246672011, -0.9242460870717837], [-0.8328587792605926, 0.47223169691659145, 0.28869270554662807], [0.41060524777021357, 0.8769137005469221, -0.24985134039397244]], "T": [-0.06510047674747509, 0.0291690402155652, 0.012251647198178263], "aligned_model": [[0.1462181808500283, -0.13618934561405144, 0.025727047122202237, 0.48171954411232043, 0.013165241571991046, 0.6360532914562909, -0.4865079769737424, -0.7749575445227873, 0.01926943778804152, 0.36585188098604227, -0.07012544088195526], [-0.7001880796821799, -0.438245143501288, -0.08202104709059645, -0.17694992448389288, 0.2524644358765686, 0.03322324914536327, -0.6336567106042376, 0.312152147606954, 0.5800277558728274, 0.6490713913170674, -0.006767624109238871], [0.2700214397112939, -0.5164068685583737, 0.6055336651946236, -0.3870153679491315, -0.6155900969139558, 0.22921417548792591, -0.09941284505484288, 0.15914376092024918, 0.49733026814986714, -0.18399721229377294, -0.03676275748539934]], "inverted": false, "swapped": false, "error_lsq": 0.04630184553683115, "error_max": 0.2679734658260695, "target": "602.xyz", "model": "6.xyz", "model_rescale": 3.89814844738969, "target_rescale": 3.921572222815908},
{"mapping": [9, 6, 10, 8, 0, 11, 5, 2, 4, 7, 12], "R": [[-0.20862763380315935, -0.45008461022860924, 0.868273202424822], [0.8599704191139471, -0.5072291047948495, -0.05629843246483773], [0.46575249721571776, 0.734943861042717, 0.49288145882447876]], "T": [0.02628028715656915, 0.0805566495909715, -0.10954771623046877], "aligned_model": [[0.13516728156653865, -0.025710480780971223, -0.2022124849431816, 0.5976465318702567, -0.29860164105327025, 0.6753374581353719, -0.4465254882003097, -0.5622520708765028, -0.004031860251858765, 0.38634643023338117, -0.034939359805073955], [-0.7529015007665096, -0.39550669414813866, -0.14623054611036898, -0.2435073813012341, 0.32147147649508134, 0.03469572416410634, -0.5340704119220155, 0.2632161538054414, 0.5665082613115965, 0.5887557596422021, 0.08667960917718591], [0.19283782093303936, -0.5870793945775509, 0.550196388719488, -0.2714424060705246, -0.542470534257803, 0.3720765497103106, -0.07398259188203529, 0.23946949479088275, 0.31285966198384535, -0.31778007850608153, 0.04737325036491269]], "inverted": false, "swapped": false, "error_lsq": 0.04401041285220241, "error_max": 0.2177398759897461, "target": "602.xyz", "model": "7.xyz", "model_rescale": 3.7474275329858107, "target_rescale": 3.921572222815908},
{"mapping": [4, 8, 12, 9, 3, 11, 2, 1, 10, 7, 14], "R": [[0.07130997497305447, -0.0035594502299461928, -0.9974478521624092], [0.9743244889573627, -0.2138523263966078, 0.07041997381945705], [-0.21355720003623546, -0.9768595153904267, -0.01178174451701014]], "T": [-0.01130937301948989, 0.042270875091420815, 0.036258952103178574], "aligned_model": [[-0.02706592340560426, 0.07032837864389598, 0.03254030588328091, 0.687886466247035, -0.3561986926319997, 0.545321790258254, -0.6166922891106008, -0.7226670989727018, 0.16447212590861407, 0.4805533199781865, -0.03825406690397924], [-0.7376932763450047, -0.413651614798631, 0.060960497653472744, -0.086211791061143, 0.1659941940117035, 0.11900880381260069, -0.49664391731982027, -0.007625013402958888, 0.727748549253413, 0.46523836746172414, -0.008014348918009645], [-0.02401956346839336, -0.46442086232149676, 0.6513772516748686, -0.23752531139475774, -0.5800838377120203, 0.3022533015798468, -0.1910555157056656, 0.2734980848108416, 0.309177589334711, -0.1712192962966675, 0.05407632070721652]], "inverted": true, "swapped": false, "error_lsq": 0.05119557035492448, "error_max": 0.2543049163527968, "target": "602.xyz", "model": "8.xyz", "model_rescale": 4.019505241142653, "target_rescale": 3.921572222815908},
{"mapping": [1, 9, 2, 8, 11, 0, 10, 6, 3, 4, 12], "R": [[0.2860503487217684, 0.9512543727512218, -0.11528363421507033], [-0.9196819451526402, 0.30632794332952584, 0.24565893204961764], [0.2689987318862499, 0.03575345377977103, 0.9624766868794314]], "T": [0.008870728120993748, -0.01720608824299552, -0.012331208278705558], "aligned_model": [[0.08167680822317035, 0.08945286908904752, -0.10235202718390497, 0.3364956010999943, -0.251431827447415, 0.5648337289706659, -0.6186858342688181, -0.7046313467815931, 0.1841811703565059, 0.641377436698515, -0.0006922628617873211], [-0.6431414027071708, -0.43701900321405485, 0.10505940157180813, 0.06481893782960524, 0.13349571574469338, -0.02014851567306758, -0.6837420395803168, 0.07434689537458647, 0.6606175121432579, 0.5190120567512193, 0.015810892106786108], [0.2309989357177706, -0.5458138194395095, 0.5556941528799233, -0.5971993721322228, -0.5571073731688383, 0.32462956373806223, -0.021405611516524706, 0.09059924526794488, 0.4859480541278011, -0.012520487211545427, -0.031765127054378256]], "inverted": true, "swapped": false, "error_lsq": 0.05440047631151246, "error_max": 0.3468483641107579, "target": "602.xyz", "model": "9.xyz", "model_rescale": 3.877068213659057, "target_rescale": 3.921572222815908},
{"mapping": [13, 2, 6, 4, 8, 3, 14, 10, 12, 5, 15], "R": [[0.11809271888439671, -0.9813555441463999, -0.15164236123067446], [0.40147378497839825, 0.18685848923586196, -0.896606215110965], [0.9082251426389879, 0.04500223298476175, 0.4160551517584845]], "T": [-0.00041554828116944706, 0.047231440803900335, -0.0948369755975258], "aligned_model": [[0.07994858567089165, -0.04610511940795736, -0.03440980110369417, 0.5849538594803031, -0.3241228609920965, 0.5304286625531761, -0.518745685435751, -0.6303160265130374, 0.007143190621022904, 0.5761648808414292, -0.0047153698199059926], [-0.6691420972464857, -0.47753250232773065, -0.03285088138715152, -0.18701346752719594, 0.32036708549565024, 0.013508067595389875, -0.5224039802168451, 0.02843255382154404, 0.6111820230283972, 0.567699901886911, 0.13686374722486316], [0.18442823154253052, -0.49843408290715147, 0.5156839393369052, -0.34093179294017134, -0.739765988051137, 0.2513255594222616, 0.03311185274574674, 0.23086652274316838, 0.39516080193660696, -0.007298229814802937, -0.10208865280547359]], "inverted": false, "swapped": false, "error_lsq": 0.04569257129242288, "error_max": 0.22316388203217746, "target": "602.xyz", "model": "10.xyz", "model_rescale": 4.260839863003843, "target_rescale": 3.921572222815908},
{"mapping": [0, 5, 7, 3, 4, 1, 6, 10, 8, 2, 11], "R": [[0.17170568108025833, 0.8886966216236267, 0.4251299493090519], [0.2652916571463439, 0.37388571835811313, -0.8887236951136075], [-0.9487557618972922, 0.2653823361163854, -0.17156549753402775]], "T": [-0.016390709501078796, 0.08892279128835477, -0.005202215596640688], "aligned_model": [[0.17765790150789298, -0.18489421219212765, -0.1286569893164556, 0.5072639081291191, -0.21336437220576587, 0.6351415370195362, -0.43767584172379337, -0.6377743645572252, 0.00030453637530694286, 0.48821493243666836, 0.014007280421224354], [-0.715082450323927, -0.2868447489622622, -0.1594970245604732, -0.20558707494058792, 0.39201936545848143, 0.04134821542673976, -0.6361476376273572, 0.1490308121937533, 0.6535375998682741, 0.4938026811951219, 0.06253071261958365], [0.2879785775677356, -0.540941170240361, 0.5908594479854883, -0.3832006964681228, -0.6419413313483388, 0.3054471600935085, 0.0016567299712311502, 0.05482420437074369, 0.4381315116970663, -0.23280394453367512, 0.04204767211320724]], "inverted": true, "swapped": false, "error_lsq": 0.04086456999046939, "error_max": 0.22507225442544784, "target": "602.xyz", "model": "11.xyz", "model_rescale": 3.890672605050136, "target_rescale": 3.921572222815908},
{"mapping": [11, 6, 12, 0, 8, 4, 9, 5, 7, 3, 13], "R": [[-0.8775482414047973, -0.276599745258097, 0.3916652460079955], [-0.4357656627929097, 0.8008526112712315, -0.4107838630602548], [-0.20004342313108897, -0.5311569221456178, -0.8233194719662535]], "T": [0.08048361223896164, -0.20659135155966155, -0.06457790893781969], "aligned_model": [[0.1282107697723775, -0.11936718092358295, -0.16107305245663014, 0.5219572241751079, -0.10097765124308422, 0.6429513918790042, -0.6073458318147771, -0.5939791818362772, -0.10974544959378035, 0.5179882139800759, 0.10160506395594648], [-0.7321017132589138, -0.45935045844372313, -0.00037447610214602634, 0.009672244011624254, 0.3112170747231243, 0.003546224186486091, -0.5329367182156738, 0.13697924694366395, 0.5407589143014241, 0.5995123576733096, -0.08781224547182909], [0.09138087432158452, -0.5423130220507567, 0.6094080885152089, -0.3917256537594033, -0.5316296077508924, 0.2967103969225748, 0.09731641948748078, 0.1143951758748089, 0.29907667226252865, -0.17343418766454177, 0.05287300504989083]], "inverted": true, "swapped": false, "error_lsq": 0.04328049475097929, "error_max": 0.24318878846362996, "target": "602.xyz", "model": "12.xyz", "model_rescale": 4.124412569039231, "target_rescale": 3.921572222815908},
{"mapping": [10, 2, 7, 4, 1, 5, 11, 9, 3, 0, 12], "R": [[0.31332062765877056, -0.7280917779641454, 0.6096823329772019], [-0.9395319288110211, -0.14420689224125538, 0.3106189417514028], [-0.13823870307607966, -0.6701393400563264, -0.7292484664918502]], "T": [-0.026328799956129887, 0.13208843672199977, 0.037882770549825445], "aligned_model": [[0.02271580422903346, -0.09470630473924549, 0.040204359130535855, 0.5589768759665532, -0.11720307476572292, 0.6424852112882323, -0.5682777145261542, -0.5551057617595492, -0.11088665958122373, 0.41637274125450885, -0.014351160602587891], [-0.5969019115160878, -0.4508485913507917, -0.08827156156721644, -0.1846653516146628, 0.34422556297152174, 0.003128027683439255, -0.6890816838200392, 0.14588283782262398, 0.7988036926692075, 0.4927753545610164, 0.014064074508336105], [0.1416968894043596, -0.5929139096809897, 0.6210572593711123, -0.3808779714695175, -0.7428886459051814, 0.36924799252709584, -0.11219676990069696, 0.396833896978776, 0.2768265121058646, -0.06549849517825918, 0.010771402955919992]], "inverted": false, "swapped": false, "error_lsq": 0.04755449410416905, "error_max": 0.25901018770751255, "target": "602.xyz", "model": "13.xyz", "model_rescale": 3.9028299243045295, "target_rescale": 3.921572222815908},
{"mapping": [7, 10, 6, 4, 5, 3, 14, 11, 2, 0, 15], "R": [[0.38304564704939015, 0.9180308761728007, 0.10244677969518717], [-0.46695340416441167, 0.09674669562250836, 0.8789736032585924], [0.7970135197195727, -0.38452488512387073, 0.4657360433815408]], "T": [-0.07821848432522563, 0.1175660206612615, -0.016853289558871158], "aligned_model": [[0.2530792484270765, -0.04475517990957638, 0.01411399802439088, 0.4617573656673054, -0.07151920709155264, 0.4814411152723599, -0.7180547370531553, -0.7495324933858762, 0.060392808616896165, 0.6157592724068464, -0.08245787508033448], [-0.712588846646217, -0.5024866560608745, -0.05007463766497737, -0.07563182371864395, 0.22617618878327117, 0.07631090923624324, -0.4664032803922134, -0.02838148460923616, 0.760900412892205, 0.5467003619547325, 0.014589306573057084], [0.13049888855891906, -0.42888179269460597, 0.6217229272143031, -0.3780512245398316, -0.5171140063058568, 0.2547504541519449, -0.1975189418150473, 0.2549803273507395, 0.31338531932497854, -0.16332854183197248, 0.03161475179491241]], "inverted": true, "swapped": false, "error_lsq": 0.04563223509077903, "error_max": 0.23254477888917613, "target": "602.xyz", "model": "14.xyz", "model_rescale": 3.942246331269136, "target_rescale": 3.921572222815908},
{"mapping": [12, 4, 0, 11, 10, 8, 3, 5, 7, 6, 14], "R": [[-0.4736967873373445, 0.3357529143805066, 0.8141752478129477], [0.14181154406615434, 0.9414920199215939, -0.3057486915647067], [-0.8691955128944534, -0.029372723894000197, -0.4935953843536171]], "T": [-0.039668489825941455, -0.031009715186603715, -0.04719054742438769], "aligned_model": [[0.019172945949005774, -0.08757102548348308, 0.03688369461962504, 0.5648413763508657, -0.1470421853843891, 0.6301480104016426, -0.5414348013345491, -0.639184596689109, 0.1343049945662403, 0.30293455384902807, -0.05282865095049665], [-0.7877649450703443, -0.31852477792911366, 0.054958907805508425, -0.015237736936248875, 0.23977177980500775, 0.09841019753605536, -0.5370283689983928, 0.03044328183734626, 0.6666125407259084, 0.4051363554334731, -0.047666783861852566], [0.25601806993715415, -0.5558204843100897, 0.6790784397874509, -0.4324568073713482, -0.698457610552404, 0.3181001156119423, -0.14059087467326958, 0.15176554058882075, 0.4154496182692321, -0.11922629470124155, 0.04819844862223659]], "inverted": false, "swapped": false, "error_lsq": 0.0481927690863877, "error_max": 0.26785331506084503, "target": "602.xyz", "model": "15.xyz", "model_rescale": 4.355366556412066, "target_rescale": 3.921572222815908},
{"mapping": [4, 6, 0, 3, 10, 5, 2, 1, 9, 7, 11], "R": [[0.8463626312610063, -0.4081732881500253, -0.3421474291087726], [-0.4941437309482676, -0.36209073052691954, -0.7903874214782319], [0.19872662018328696, 0.8380243849120849, -0.5081563349238593]], "T": [-0.05324565547118959, 0.0276047930623495, -0.023491851302470685], "aligned_model": [[0.17257188931535977, 0.008951153857495536, -0.1014236664392005, 0.5401738232259454, -0.21747570991796344, 0.4387962152480625, -0.6346360157852149, -0.5210669377016357, -0.029493146800491976, 0.5834238275584296, -0.01959711666640574], [-0.7044158984658853, -0.46689229378567365, -0.21677277463266806, -0.09852130865607633, 0.31958933869582284, 0.07924203179869097, -0.545717594370129, 0.21082982040814877, 0.6839577036497249, 0.6121525969497507, -0.0843411712443591], [0.06300597975613335, -0.6774797342235994, 0.6412430900486503, -0.27441522129268353, -0.5573544861786278, 0.3900154339438515, 0.1609318205719734, 0.18185931292894972, 0.3208744947990929, -0.2546129324027692, -0.07200959674248772]], "inverted": true, "swapped": false, "error_lsq": 0.050561424048829566, "error_max": 0.29556700754867216, "target": "602.xyz", "model": "16.xyz", "model_rescale": 3.795458400668931, "target_rescale": 3.921572222815908},
{"mapping": [9, 6, 10, 8, 0, 11, 5, 2, 4, 7, 12], "R": [[-0.20862763380315935, -0.45008461022860924, 0.868273202424822], [0.8599704191139471, -0.5072291047948495, -0.05629843246483773], [0.46575249721571776, 0.734943861042717, 0.49288145882447876]], "T": [0.02628028715656915, 0.0805566495909715, -0.10954771623046877], "aligned_model": [[0.13516728156653865, -0.025710480780971223, -0.2022124849431816, 0.5976465318702567, -0.29860164105327025, 0.6753374581353719, -0.4465254882003097, -0.5622520708765028, -0.004031860251858765, 0.38634643023338117, -0.034939359805073955], [-0.7529015007665096, -0.39550669414813866, -0.14623054611036898, -0.2435073813012341, 0.32147147649508134, 0.03469572416410634, -0.5340704119220155, 0.2632161538054414, 0.5665082613115965, 0.5887557596422021, 0.08667960917718591], [0.19283782093303936, -0.5870793945775509, 0.550196388719488, -0.2714424060705246, -0.542470534257803, 0.3720765497103106, -0.07398259188203529, 0.23946949479088275, 0.31285966198384535, -0.31778007850608153, 0.04737325036491269]], "inverted": false, "swapped": false, "error_lsq": 0.04401041285220241, "error_max": 0.2177398759897461, "target": "602.xyz", "model": "17.xyz", "model_rescale": 3.7474275329858107, "target_rescale": 3.921572222815908},
{"mapping": [0, 8, 2, 3, 12, 1, 4, 9, 7, 11, 13], "R": [[-0.32897829078042723, 0.2646422337813922, -0.9064975302196822], [-0.26478150984381477, 0.8955736048674945, 0.35754534021501455], [0.9064568584549505, 0.3576484396216984, -0.22455190356829727]], "T": [-0.008796301401108063, 0.012897568193653657, -0.08333498909626709], "aligned_model": [[0.12393820316684886, 0.08483382276839943, -0.047381120662921404, 0.5909032023598425, -0.39256305286194537, 0.5764856234101107, -0.5606293819746422, -0.6386789878178449, 0.020446659968341142, 0.48223429776333243, -0.01936495022514069], [-0.7137921409806052, -0.5682948696114234, -0.08013105970238461, -0.15952783126705725, 0.5991469770846303, 0.004982223692072112, -0.5988104707561301, 0.15747396218061524, 0.6833837288042802, 0.5094647596830566, -0.04478482877970748], [0.3083868620407343, -0.4960130734488216, 0.6192955040678113, -0.35020418574308504, -0.3446234013186155, 0.28531231202008817, -0.18589886328956567, 0.09007098978057716, 0.25873582181320376, -0.2678522967576119, 0.004848492043768332]], "inverted": false, "swapped": false, "error_lsq": 0.04995426942098596, "error_max": 0.41011393652412237, "target": "602.xyz", "model": "18.xyz", "model_rescale": 3.922800546911778, "target_rescale": 3.921572222815908},
{"mapping": [12, 3, 8, 7, 9, 13, 0, 1, 4, 11, 14], "R": [[-0.2326519333744091, -0.05702661690440375, -0.9708867301913173], [-0.6809456318541586, 0.7223108967795802, 0.12074773228603303], [0.6943962300847337, 0.6892132713158658, -0.20687905231364687]], "T": [-0.09835232089838347, 0.03135846908711798, 0.09656102544489222], "aligned_model": [[0.3252352537164664, -0.08870337716915518, -0.06347512350286202, 0.48274466470191285, -0.08359750163383681, 0.5509905904318826, -0.6299174472236466, -0.8174425759952995, 0.17023227636237348, 0.41330328415808176, -0.03914572795153687], [-0.630909852132983, -0.41109766376197737, -0.03721649800440907, -0.15214184896955593, 0.26181100879177377, 0.0880010433402369, -0.5198776585863565, 0.07630392123883853, 0.6478240451933033, 0.4541299816961512, 0.012283971542324905], [0.12081554887313767, -0.36527088334253577, 0.7035797310972376, -0.42002870118350666, -0.6840906947012486, 0.3132616232920123, -0.23813269080809935, 0.26647905065521327, 0.36432892247982634, -0.16173415977809485, 0.022850414624541363]], "inverted": true, "swapped": false, "error_lsq": 0.04524205000813129, "error_max": 0.20048687508649998, "target": "602.xyz", "model": "19.xyz", "model_rescale": 3.9282355846067225, "target_rescale": 3.921572222815908},
{"mapping": [6, 4, 7, 3, 11, 5, 8, 9, 2, 1, 13], "R": [[0.09112915843693138, 0.4562524778826723, 0.8851718211220342], [-0.2404955501189593, 0.8726434485360406, -0.42503564803449867], [-0.9663629581350665, -0.174146743159465, 0.18924995374212258]], "T": [-0.07249884698770481, -0.006129349892669379, 0.03667739109978646], "aligned_model": [[0.23057040340731638, -0.07231932927593727, -0.13713798455523374, 0.5512293633446121, -0.43920887715996315, 0.5705469944882756, -0.5093345139587941, -0.7636692923104, 0.29837517090523713, 0.4926766384585022, -0.0015042574492349636], [-0.5374358615751248, -0.29613344565620897, 0.030153379502911585, -0.1578620826586366, 0.2237926932860579, -0.047078132538051834, -0.6007866258407846, -0.011223211114464494, 0.6156243703250123, 0.44564007410181294, 0.12441929251482324], [0.266256297286494, -0.5248076373324728, 0.6552265983757768, -0.3561270979078795, -0.5343066534737335, 0.30594564992154494, -0.1481979813868608, 0.010556645933060785, 0.4298579915969329, -0.15821194801590377, -0.02413370378847534]], "inverted": true, "swapped": false, "error_lsq": 0.05376093284574702, "error_max": 0.26838856463210087, "target": "602.xyz", "model": "20.xyz", "model_rescale": 4.067790424073018, "target_rescale": 3.921572222815908},
{"mapping": [6, 2, 13, 3, 0, 11, 4, 8, 9, 12, 14], "R": [[0.4747411275988374, -0.6921562405943963, 0.5436364597526702], [0.8574282305949509, 0.5030938824687067, -0.10822834564648576], [-0.19858925234009117, 0.5175096946230046, 0.832313657719377]], "T": [-0.0782412708494115, 0.019329863563399944, 0.09401175400751503], "aligned_model": [[0.15340182291823734, -0.10478737790343552, 0.058978009761424324, 0.5692066441181087, -0.22250910063703405, 0.5372856300196265, -0.5811143279681253, -0.6423027890527734, 0.0020048364980506245, 0.4901464119884254, -0.040085443848123625], [-0.6833339865072406, -0.38753197943402345, -0.04858168635796889, -0.1399705974272399, 0.24400572418018313, -0.03856160314060575, -0.5816303918151029, 0.07452908801222252, 0.7712209521959255, 0.5088110999651985, 0.07015383067599837], [0.08128801206466711, -0.5284677046511208, 0.7771533172966476, -0.4343627128085872, -0.5641414048130108, 0.2832403627551471, -0.07462381346199089, 0.03111862220904059, 0.2736509829066219, -0.06205691070929663, 0.13925941042036535]], "inverted": false, "swapped": false, "error_lsq": 0.04395282888338316, "error_max": 0.24351203203521116, "target": "602.xyz", "model": "21.xyz", "model_rescale": 4.186013935880536, "target_rescale": 3.921572222815908},
{"mapping": [7, 6, 9, 0, 5, 1, 4, 11, 8, 2, 12], "R": [[0.34213127548013555, -0.016382650745900285, 0.9395093395453147], [-0.7704387144347415, -0.5772832648764392, 0.27049624654279747], [0.5379315733794388, -0.8163795936010018, -0.21012848810521773]], "T": [-0.04004835226759994, -0.04785610701999727, 0.01567274130100632], "aligned_model": [[0.18396250824938143, -0.05018282027960781, 0.007818428867466483, 0.5307885224796008, -0.04524879018554813, 0.6545701424017676, -0.5445928130076121, -0.6236886068649019, -0.14847257701004124, 0.33182102620191506, -0.07655070495804014], [-0.7236299322112743, -0.424045590409077, 0.05575250482888058, -0.11269112749907878, 0.4173695536147116, -0.18732840534127143, -0.569964849414694, 0.18248511209334778, 0.6284386081113961, 0.5815098694177339, -0.05878529284332802], [0.19307795948143164, -0.3944877323709035, 0.6259389021299091, -0.4221972434601063, -0.6024508840744651, 0.19781516029391744, -0.00562272817173054, 0.08828785476117876, 0.3599658961530366, -0.10806422134261592, -0.010204802191168663]], "inverted": true, "swapped": false, "error_lsq": 0.05044294946281698, "error_max": 0.2684238587299694, "target": "602.xyz", "model": "22.xyz", "model_rescale": 4.166573947596378, "target_rescale": 3.921572222815908},
{"mapping": [8, 9, 0, 10, 12, 7, 3, 2, 5, 13, 15], "R": [[-0.5761040236665832, 0.18406543746089074, 0.7963818610738849], [0.041288695630978534, 0.9796242027257449, -0.196549395946773], [-0.8163328962673657, -0.08035132958626046, -0.5719652666949758]], "T": [-0.1278776477309974, -0.035242758134377127, -0.10215076229354615], "aligned_model": [[0.14179598203544075, -0.014033629969514572, 0.0447715930351589, 0.6090069500814098, -0.34476929254859323, 0.46620518904698693, -0.5388905274281051, -0.7531492673644975, 0.23203950141615787, 0.5119956026193359, -0.1347477850293997], [-0.734890576320185, -0.47199268701043523, -0.06631614744841965, 0.014788086783071537, 0.31164287182014255, 0.04144006270377295, -0.4738501327162055, 0.05980331266049966, 0.5890152064737615, 0.5102311659436235, 0.009239287457720298], [0.20091392409802117, -0.49805252476597506, 0.6953343140416931, -0.22640548923691817, -0.6140196218353148, 0.2884577062326021, -0.11304276401916906, 0.1276554284334374, 0.31236536595049946, -0.20131507307515584, -0.049833104615236906]], "inverted": false, "swapped": false, "error_lsq": 0.04543945323350584, "error_max": 0.2311453326479291, "target": "602.xyz", "model": "23.xyz", "model_rescale": 4.274766983524099, "target_rescale": 3.921572222815908},
{"mapping": [8, 7, 1, 6, 5, 0, 9, 4, 2, 3, 10], "R": [[0.31421024004831083, -0.7848286079812961, -0.5341497740736433], [-0.8631127520024291, -0.001846281897925961, -0.5050078896155455], [0.3953584479678872, 0.6197101317045693, -0.6779757003633161]], "T": [0.12149014341815934, -0.050248714872538694, -0.012985400208668871], "aligned_model": [[0.26475163991951045, -0.21002692000767814, -0.1408640055260546, 0.5828724603705071, -0.1740714448203129, 0.7039402286956088, -0.5571566592090248, -0.4759767023849779, -0.18716694706110376, 0.309489620456702, 0.10443304546120408], [-0.7732549258521881, -0.3970690733052795, -0.07844579525691665, -0.10881087160016459, 0.28538518312037237, -0.023575331749063747, -0.5216550345227396, 0.3100110157052286, 0.7196326511677037, 0.47162968845802933, -0.094737055817635], [-0.05480991705466001, -0.426318863789701, 0.5831342234352468, -0.5015669057118967, -0.6957988320393167, 0.4411178600232831, 0.19886373271150545, -0.04343045893094938, 0.4774073031328674, -0.10416331728452138, 0.047623336716625705]], "inverted": false, "swapped": false, "error_lsq": 0.0668542071971311, "error_max": 0.34690202594758657, "target": "602.xyz", "model": "24.xyz", "model_rescale": 3.7841303162186577, "target_rescale": 3.921572222815908},
{"mapping": [11, 7, 13, 6, 8, 3, 10, 9, 5, 4, 15], "R": [[-0.7110402153707259, 0.6357638281207404, -0.3003767084492633], [0.6859398575716406, 0.7210984733053145, -0.09748591483564449], [0.15462316747547744, -0.2753567624918747, -0.948825763472854]], "T": [-0.12194290169504293, 0.007264887293564767, -0.11298843740729617], "aligned_model": [[0.20893023887447307, -0.01659566482389524, 0.008336347008529227, 0.5799623957999261, -0.346392953636944, 0.5322964391978778, -0.6488809982811675, -0.6317270635330864, 0.17585364183080113, 0.41198395301945523, -0.053542019561588966], [-0.6255618480176905, -0.5424144755335104, -0.23088669834901449, -0.131334604493687, 0.36450954320669526, 0.11849801107975598, -0.5640512393836645, 0.2067083472528468, 0.6810434159061061, 0.5159674649286244, -0.0033674662491149504], [0.16893505768960052, -0.4439871048757532, 0.6207084597404284, -0.2137137394313834, -0.527061152813238, 0.34373901374263616, -0.14747366673695295, 0.09312590742264878, 0.3631191748910816, -0.22633809193030074, -0.1089956964902839]], "inverted": true, "swapped": false, "error_lsq": 0.038976734988827755, "error_max": 0.1793082599286595, "target": "602.xyz", "model": "25.xyz", "model_rescale": 4.19342608120988, "target_rescale": 3.921572222815908},
{"mapping": [4, 6, 0, 3, 10, 5, 2, 1, 9, 7, 11], "R": [[0.8463626312610063, -0.4081732881500253, -0.3421474291087726], [-0.4941437309482676, -0.36209073052691954, -0.7903874214782319], [0.19872662018328696, 0.8380243849120849, -0.5081563349238593]], "T": [-0.05324565547118959, 0.0276047930623495, -0.023491851302470685], "aligned_model": [[0.17257188931535977, 0.008951153857495536, -0.1014236664392005, 0.5401738232259454, -0.21747570991796344, 0.4387962152480625, -0.6346360157852149, -0.5210669377016357, -0.029493146800491976, 0.5834238275584296, -0.01959711666640574], [-0.7044158984658853, -0.46689229378567365, -0.21677277463266806, -0.09852130865607633, 0.31958933869582284, 0.07924203179869097, -0.545717594370129, 0.21082982040814877, 0.6839577036497249, 0.6121525969497507, -0.0843411712443591], [0.06300597975613335, -0.6774797342235994, 0.6412430900486503, -0.27441522129268353, -0.5573544861786278, 0.3900154339438515, 0.1609318205719734, 0.18185931292894972, 0.3208744947990929, -0.2546129324027692, -0.07200959674248772]], "inverted": true, "swapped": false, "error_lsq": 0.050561424048829566, "error_max": 0.29556700754867216, "target": "602.xyz", "model": "26.xyz", "model_rescale": 3.795458400668931, "target_rescale": 3.921572222815908},
{"mapping": [6, 1, 5, 0, 9, 7, 8, 11, 10, 3, 12], "R": [[0.26821714847032313, 0.7266133107350965, 0.6325287803167785], [0.12138172340628434, -0.6768442684766126, 0.7260498009456928], [0.9556809292276212, -0.11796157379817379, -0.26973881555625073]], "T": [-0.09422905106589749, 0.04798417645846256, -0.15277975655019854], "aligned_model": [[0.11021844071927381, -0.1116554902508731, 0.013434402461071249, 0.6848633341044978, -0.17034825203905737, 0.5228751460274809, -0.5342410428722211, -0.7220205026694066, -0.06501095280046433, 0.46029744172920706, 0.03181179148487201], [-0.7034469036227053, -0.45186023383104057, -0.24847803202470772, -0.09284956727343927, 0.2500201505709283, 0.17580766917575807, -0.4657151998673359, 0.32172348391960714, 0.4430892682202705, 0.5246560617549676, 0.036163753325043735], [0.12060552956935172, -0.4693315773803756, 0.5308716221481569, -0.40665788496790173, -0.5239422849970276, 0.36010586741357026, 0.11787520448929578, 0.05342227199847133, 0.4394403863923368, -0.2545679749455205, -0.04576299851187372]], "inverted": true, "swapped": false, "error_lsq": 0.05472217286917013, "error_max": 0.31060524255656463, "target": "602.xyz", "model": "27.xyz", "model_rescale": 3.6321398670334006, "target_rescale": 3.921572222815908},
{"mapping": [2, 11, 1, 0, 9, 3, 13, 6, 7, 8, 14], "R": [[0.7491583562916897, -0.3320254457928078, -0.5731673931273666], [-0.6437818300087202, -0.5686328597177361, -0.5120562724934172], [-0.15590610170534408, 0.7526059886788816, -0.639748007621537]], "T": [0.06443566725736541, 0.08507015876610373, -0.04357249463479776], "aligned_model": [[0.11310344245011494, 0.003297606957460092, 0.02242932092454694, 0.6039321348901557, -0.364347033544661, 0.6016816515340527, -0.5857079902204674, -0.6853922416758287, 0.18091833844862107, 0.29972687069632964, 0.03058221543405633], [-0.6982214143068407, -0.4221886769772772, -0.2941987449589844, -0.1742382880639079, 0.11361402883973908, 0.1664306721203742, -0.4033667643853111, 0.232315242198252, 0.713987636789964, 0.5183492693281462, 0.0366274897631922], [0.08882623248565324, -0.4327722474118878, 0.5056613004663794, -0.21996519582788868, -0.5553368976508422, 0.3763171327764494, -0.1158215683850917, 0.09779380096178267, 0.3943566973039375, -0.19828796809938848, -0.018713125410619823]], "inverted": true, "swapped": false, "error_lsq": 0.05120912410185117, "error_max": 0.24584547242757296, "target": "602.xyz", "model": "28.xyz", "model_rescale": 4.156811204709835, "target_rescale": 3.921572222815908},
{"mapping": [9, 9, 3, 1, 7, 8, 5, 2, 0, 10], "R": [[-0.3213811706027734, -0.6137670905406784, -0.721113099139949], [0.48741261008373116, -0.7601065672409038, 0.42972893080244706], [-0.8118762779594906, -0.2133728309942023, 0.543441757946667]], "T": [-0.011463114646048128, -0.053202982574761526, 0.09842870099223358], "aligned_model": [[-0.3682929760513972, -0.3682929760513972, 0.11032909851442765, 0.6092537153828851, -0.017750630400323028, -0.7225446171361644, -0.5042728537699148, -0.35172917926854397, 0.2549697401648068, 0.001256052726208821], [-0.3021429164370855, -0.3021429164370855, 0.11215710108228316, 0.06274202114845731, -0.43836483477374516, -0.40151256298047944, 0.40912068834175275, 0.22350176217135886, 0.6169513993223179, -0.061589410811570725], [-0.5456908907591073, -0.5456908907591073, -0.5115728240466814, -0.006875275458554181, 0.718117597960169, 0.10821703889732315, -0.27736822763915814, 0.5028614558475459, 0.22115188960753152, 0.09563685332513773]], "inverted": false, "swapped": true, "error_lsq": 0.06314281574710363, "error_max": 0.3917216324169864, "target": "602.xyz", "model": "29.xyz", "model_rescale": 4.117894457231895, "target_rescale": 3.921572222815908},
{"mapping": [4, 7, 3, 8, 6, 0, 13, 11, 2, 5, 14], "R": [[-0.2262937169628801, -0.8344771553425621, -0.5024331108461201], [-0.9740005308657007, 0.19951135271432113, 0.10732281216700973], [0.010682674592883537, 0.5136565947688079, -0.857929357880971]], "T": [-0.08002600200261015, -0.019988474974392906, -0.04099991366765833], "aligned_model": [[0.07088337810239201, -0.10632239900703974, 0.007535458815264601, 0.48917907561563023, -0.05077439157330191, 0.5363329542336598, -0.49910679489084075, -0.6718808579349556, 0.13788438504658374, 0.41391508949826694, -0.10742158201127891], [-0.7346919782782201, -0.5196905937791361, -0.04820877490801554, -0.016015165953341928, 0.24061619392018682, 0.09651994285871192, -0.6874621253715643, 0.31139598774265087, 0.5617577008234892, 0.627634639594698, -0.042745376302112364], [0.21581393626701773, -0.4612497831747605, 0.498715572781371, -0.4626389525221999, -0.6266781470665155, 0.4071182368953422, -0.08466359981028948, 0.2147261070809145, 0.524550529001755, -0.22143902010721894, -0.0821967181369326]], "inverted": false, "swapped": false, "error_lsq": 0.04597695178317047, "error_max": 0.2254438465618034, "target": "602.xyz", "model": "30.xyz", "model_rescale": 4.100398675895297, "target_rescale": 3.921572222815908},
