[{"mapping": [9, 12, 7, 5, 1, 11, 6, 2, 0, 3, 13, 4, 14, 15], "R": [[0.44784613475672064, -0.5855291933129215, -0.6757139952389507], [0.7536592021804501, 0.6538350087642735, -0.06706406103830728], [0.48107343155925025, -0.4792236900368574, 0.7341069461292854]], "T": [-0.0005914257150915203, 0.06961191041232026, 0.1557119564114988], "aligned_model": [[0.25432411491787166, 0.07819936337046365, -0.5378696985845522, -0.3491936600214104, -0.5793254452884824, -0.03967274119317571, -0.7480645924421028, 0.04088552626545833, -0.4164018226346865, 0.25341445970399323, 0.6241255803287334, 0.23851304871451232, 0.5672778082107389, -0.014719840219057787], [-0.5382711925675812, -0.409096271331136, -0.5421179189826031, -0.16880695325523837, 0.3755927137860382, 0.3613891315153228, 0.0775800765807906, 0.5673526311914199, 0.5315668861675216, -0.11911905360076422, 0.45575381376474555, 0.7558359158607499, -0.19474340229706175, 0.08235695497783131], [0.3658133949384272, -0.2532382861210073, 0.1717804012836409, -0.3711334175675103, 0.6312322655246397, -0.6267901475621969, -0.04935888560793697, 0.7797778977304796, -0.056902469178137766, 0.7000193138949297, 0.36072114567720337, -0.04206320940036776, 0.16524658669702966, 0.12248349687064106]], "inverted": true, "swapped": true, "error_lsq": 0.046646006178363945, "error_max": 0.2796428146822798, "target": "603.xyz", "model": "0.xyz", "model_rescale": 3.8414455957264533, "target_rescale": 4.168513128943722},
{"mapping": [9, 7, 10, 5, 12, 11, 4, 14, 2, 13, 0, 8, 1, 3, 15], "R": [[0.7472238023704356, 0.6592042510368729, -0.08429913751624996], [0.34787279036694196, -0.2798967458633403, 0.8947861942259896], [0.5662518087329927, -0.6979309185514195, -0.43846473294506366]], "T": [-0.005667362287856399, 0.023972171697379613, -0.08322827653638892], "aligned_model": [[-0.6158555318034737, -0.6205987849832135, 0.03610685171190085, -0.23634908639415636, -0.4763522985237246, 0.3001731363488372, 0.6853979134682512, -0.2669573524933097, 0.480781318725313, 0.3801585316356991, 0.45776128077236894, -0.34521051648875634, 0.2882925485759873, -0.2029085866224481, 0.007604729575269569], [0.1410395564316174, 0.18073989403234844, -0.619522599042992, -0.38617107319235977, -0.39957115766180507, -0.7092148967296603, -0.22054626109993078, -0.13376390430580037, 0.6197683822927363, 0.04983749898674841, -0.0524548855058361, 0.7604315463702985, 0.6504561930159395, 0.46961873525392006, -0.0036025008022094185], [0.22109398592631685, -0.5935445982482388, 0.236773186637178, -0.5674819097015203, -0.12417399104010474, -0.34374536001148476, 0.08948209438654411, 0.46385213685584675, 0.13430107312107936, 0.5739437247468968, -0.5424650101486352, -0.08951782361941768, -0.5024921834748517, 0.3153992511491365, -0.10624278923921017]], "inverted": true, "swapped": true, "error_lsq": 0.039495453833763475, "error_max": 0.2500124517014015, "target": "603.xyz", "model": "1.xyz", "model_rescale": 4.316132596720782, "target_rescale": 4.168513128943722},
{"mapping": [9, 5, 7, 2, 8, 14, 1, 4, 6, 10, 0, 15], "R": [[-0.6436918705388348, 0.7135911640194375, -0.2764930856922115], [0.7330987053851277, 0.6786454378341629, 0.04479573494795317], [0.21960661184232563, -0.17386207274808957, -0.9599713098290347]], "T": [-0.06382635094405723, -0.007355447238452882, 0.05887936429972249], "aligned_model": [[-0.3757450985041215, 0.5674424166003931, 0.20144211655496677, -0.6187014869053326, -0.5576919956497582, -0.3668511384922356, -0.16969221403787074, -0.018973892712083662, 0.4995715452741908, 0.13131101650358581, 0.3337899481838722, -0.02809266218382539], [-0.6237614580414867, -0.24132344948884132, -0.560608328689443, 0.5205471142998467, -0.26603568540445965, -0.3257453486834942, 0.3827233795777754, 0.6385381262957865, 0.062424869144941386, -0.058624078695843594, 0.4799396827280607, 0.004701604698138155], [0.09625233557850726, 0.006996443749288629, -0.4765488857082856, -0.16993700485881916, -0.5300881915746506, 0.505258078130327, -0.6420541630229002, 0.4435858760922501, -0.4688963407851561, 0.7499108227824857, -0.13072631799634812, 0.06550580882272239]], "inverted": true, "swapped": true, "error_lsq": 0.04421352044704812, "error_max": 0.24121047781276, "target": "603.xyz", "model": "2.xyz", "model_rescale": 3.795458400668931, "target_rescale": 4.168513128943722},
{"mapping": [6, 7, 12, 13, 0, 4, 14, 1, 3, 2, 11, 15], "R": [[-0.709221112579697, -0.1038250200880243, -0.6972989163012793], [-0.4235851549233701, -0.7278944266123004, 0.5392080491195352], [-0.5635432813899581, 0.67778320199786, 0.4722593578636284]], "T": [-0.01352107036371366, -0.06238402450407315, 0.0979530614193452], "aligned_model": [[-0.0136146865621155, -0.2253463574091941, -0.6249145167801787, 0.23181529177142138, 0.16148450863338107, 0.15763832309072143, -0.2744659706003257, 0.6625373654460261, 0.26442421508323277, 0.7554762403903723, -0.47162620828773144, -0.030104379032044437], [-0.040403069636778526, -0.648310332453692, -0.2290769176272344, 0.2276070828823889, 0.38348931445971907, 0.6456325580221601, -0.21470494067582854, -0.13920688495752687, -0.4812140360556963, 0.019154177050734696, 0.5984243792510339, -0.03562228496957083], [-0.6768698252810182, -0.4264131569913857, 0.06599456268311851, 0.759104255851789, -0.3515751275759631, 0.2892808755448363, 0.6467300697833692, -0.3399055017104561, 0.47707930126159026, 0.30023781003335115, -0.13105081372601698, 0.07615898076588593]], "inverted": false, "swapped": true, "error_lsq": 0.04761265621976842, "error_max": 0.2975394697860251, "target": "603.xyz", "model": "3.xyz", "model_rescale": 3.7530521520055578, "target_rescale": 4.168513128943722},
{"mapping": [4, 1, 2, 8, 13, 7, 10, 5, 12, 9, 15], "R": [[0.45581140263072567, -0.8414437750605248, 0.2901867306471884], [-0.8072217552706031, -0.2534345819649507, 0.5330703053839122], [-0.3750053373615599, -0.47722456566709137, -0.7947500933464551]], "T": [-0.11034477446651532, -0.07824288508423813, 0.01623687571018164], "aligned_model": [[-0.3110212426636704, -0.07200294243643802, 0.3193213998110202, 0.4475880206542458, 0.2864640801767974, -0.2276434409763161, -0.3111814683373073, -0.6712012371623941, -0.3043521342093756, 0.33029358767379136, -0.14806502008514816], [-0.7956604148710026, 0.06494497096269156, -0.42744033756080946, 0.3984925507653353, -0.7236000025367884, 0.7271833891549838, -0.4486421949259145, 0.24912979457309284, 0.21336059604698018, 0.2940342907939816, -0.08459928408820439], [-0.0943542388715434, -0.7791900685286455, -0.5602807559778871, -0.3289237287117086, 0.102623209573667, -0.009629341444447749, 0.5999324427848207, 0.2011700454370173, 0.5453288967594558, 0.39819754429557286, 0.01795677192901461]], "inverted": true, "swapped": true, "error_lsq": 0.045884190459223276, "error_max": 0.2679732714749606, "target": "603.xyz", "model": "4.xyz", "model_rescale": 3.7855080009869324, "target_rescale": 4.168513128943722},
{"mapping": [6, 4, 5, 3, 8, 12, 11, 1, 0, 2, 15, 13, 14, 10, 9, 16], "R": [[0.08895291137361427, -0.8772581821345109, 0.4717048456781122], [0.4370127766433312, -0.39119069716844745, -0.809931893123953], [0.8950459276532374, 0.2781868442736244, 0.34857548259227644]], "T": [-0.020650502517776118, -0.059210052125810125, -0.0007856358983433717], "aligned_model": [[-0.10460713730530549, -0.15924891309591738, -0.5877000916957213, -0.1979130331110411, -0.3739138102865155, 0.6484201642679329, 0.49791139049667765, 0.45783565018270167, 0.0012480391530207378, 0.3389544023095151, -0.1632033635045244, 0.26425675686940747, 0.39906552856134403, -0.6729859828625421, -0.12279043076702834, 0.004319021974711599], [-0.6781003006935854, -0.3052040058049251, 0.27643229833882044, 0.6027611969401134, -0.4534610644823983, -0.1656575846299175, -0.6381362702786981, -0.03204595018285469, 0.289415048251097, 0.5807373044982381, -0.01624191229382116, -0.5860052533920261, 0.24642732885132804, 0.13107505343597417, 0.5427619684543453, -0.022441078976376178], [-0.19053075907634065, -0.6843631656664585, -0.47078799824028433, -0.11387262037053289, 0.46298267759850886, 0.06307850647330915, -0.16923214179502566, -0.5868035982756904, -0.6982488081020071, -0.08407657629848422, 0.8098625784768735, 0.40686900757670597, 0.43294428368006915, 0.2623004218070941, 0.3654262436808494, 0.029402402394007123]], "inverted": false, "swapped": false, "error_lsq": 0.044371354537890324, "error_max": 0.31719534838182656, "target": "603.xyz", "model": "5.xyz", "model_rescale": 4.2253639853439635, "target_rescale": 4.168513128943722},
{"mapping": [11, 4, 14, 12, 10, 3, 9, 5, 2, 0, 13, 8, 7, 15], "R": [[0.7830364918580756, -0.5911102825928929, -0.19350061041647493], [-0.495232302537433, -0.4043132507290571, -0.7689445765517663], [0.37629618512824514, 0.6979394164953382, -0.6093289357646464]], "T": [0.06550908454963289, 0.02838872946860016, 0.042027846392029625], "aligned_model": [[0.4399175974469076, -0.17858550184222238, -0.3520979139404562, 0.31581364030154935, -0.07405547131300566, -0.3857155317298619, -0.12257437986329092, 0.6785062207163226, -0.3998584126052899, 0.41965409042763174, -0.6413003325973957, -0.05161913102815502, 0.6343275427845044, 0.09164973600054571], [-0.2562566028897829, 0.18228118427420104, -0.4242694753949836, -0.5433014375922437, -0.5369679142623902, 0.11348207741715247, -0.33615931033376745, -0.2458247659413545, 0.6779448558011972, 0.3918934180002109, 0.04558797954804292, 0.3866332446342095, -0.033118584432500875, 0.023174477806999612], [-0.6491784462109713, -0.6536188288720375, 0.1567233203813853, 0.1566044357810758, -0.38120393584415746, 0.47279963494574406, 0.5991416151201395, -0.028502929766050247, 0.021185746757059434, -0.3750467704422242, -0.24350728012896145, 0.7601109690039967, 0.6215120424644655, 0.014538635741984537]], "inverted": false, "swapped": true, "error_lsq": 0.051555368561129744, "error_max": 0.3197657230696244, "target": "603.xyz", "model": "6.xyz", "model_rescale": 3.89814844738969, "target_rescale": 4.168513128943722},
{"mapping": [14, 13, 4, 9, 11, 2, 3, 12, 7, 1, 0, 6, 15], "R": [[0.12153767603323534, -0.5153764595391086, 0.8483016552249408], [-0.6475284092050284, -0.6889019200026043, -0.3257623426504834], [0.7522868818322209, -0.509707023268916, -0.4174484373590291]], "T": [-0.055106011251224295, 0.027829879242107836, -0.03407937001073182], "aligned_model": [[-0.020627055165176954, 0.006893091233452477, 0.38777654342152107, -0.37854225924889245, 0.7509197853977763, -0.4749099001786121, -0.5622528647640068, 0.19688121716540438, -0.37151975988247965, -0.5295856121937713, 0.19163801394132962, -0.0245621620529863, -0.023477236769335684], [-0.4017599836529933, 0.21863007456811767, 0.5334667044836783, -0.5680380821801969, 0.13575222507639348, 0.6078408067310168, -0.10984370582965558, -0.5274090872898316, -0.35015352572088604, 0.6061588475790178, 0.5430450449428235, 0.2391955274113874, 0.036896419351614064], [-0.4887373278832968, -0.769713159068186, -0.3737494971694555, -0.17183560488731273, 0.15994645585612932, -0.38943339153931567, -0.380860163828684, 0.14148241210512524, 0.6141107308388881, 0.2742736654788247, 0.29022958583845737, 0.711055056080085, -0.014493730984963114]], "inverted": false, "swapped": true, "error_lsq": 0.042094662009814494, "error_max": 0.2484922967228463, "target": "603.xyz", "model": "7.xyz", "model_rescale": 3.7474275329858107, "target_rescale": 4.168513128943722},
{"mapping": [2, 1, 8, 3, 7, 14, 13, 10, 9, 12, 4, 11, 0, 6, 15], "R": [[-0.810836937121192, 0.0614285151938213, 0.5820395166318236], [0.13029869328720142, 0.9884649946474059, 0.07719588644708991], [-0.5705836590085386, 0.13843226458375466, -0.8094879839717458]], "T": [-0.005102803830555952, -0.0672491057977372, 0.043676829327397915], "aligned_model": [[-0.33672448248568987, 0.2705375536086637, 0.3714459976979757, -0.08702668793886323, 0.7938898037138241, -0.2937556182585509, -0.7340628243230131, -0.4156399545831902, 0.16532395692221072, 0.22128193546095296, -0.6146758006146682, -0.15818826600910604, 0.04095347013463509, 0.5807344015942622, -0.0019397625806963758], [0.05585679703850366, 0.321844201063219, -0.434759791832207, -0.5450919621730871, -0.2175681803575183, -0.5912226028368811, -0.2121141736972374, -0.13979939206755138, -0.737075633430863, -0.3213719287668934, 0.37326063976430784, 0.4481178106448434, 0.5877065400068672, 0.4392981621178666, -0.03796252349377608], [-0.6731191393516016, -0.6100093902999106, -0.5734523453424863, -0.35802398949065256, 0.09009353432317974, 0.2296376706226403, -0.12672585690285415, 0.6305560717383063, 0.074230983120667, 0.5791965332061146, 0.08318982990131207, 0.6839366370643779, 0.0232439774131952, 0.07589966289044953, 0.0681404768035239]], "inverted": true, "swapped": true, "error_lsq": 0.04236607922371638, "error_max": 0.24085799087792625, "target": "603.xyz", "model": "8.xyz", "model_rescale": 4.019505241142653, "target_rescale": 4.168513128943722},
{"mapping": [10, 12, 14, 13, 4, 2, 8, 11, 0, 6, 7, 1, 15], "R": [[-0.8847623776596075, -0.04772441985293706, -0.46359240160707865], [0.38089152395612513, 0.4991494155082693, -0.7783132454071007], [0.26854642439715865, -0.8652006939129522, -0.42345079666479246]], "T": [-0.005912307702333818, -0.020924151460503818, -0.053682620117380175], "aligned_model": [[-0.3503920579035158, -0.6247246774716431, -0.14387769447754728, 0.43833796329070757, 0.3179408239352874, 0.7920631582706862, 0.29286338256911165, -0.3949409458832624, 0.12129889028681505, -0.19412358704892826, -0.43151901516386654, 0.519656253209808, -0.02288172187247671], [-0.5688268827767231, 0.009316354992497264, -0.06853299469676553, -0.4018694418996451, -0.6984133362060788, 0.022499984001835158, 0.7292237423635534, -0.69022826227838, -0.2937072469204995, 0.1472765707637022, 0.6135208364563356, 0.30766056708406403, -0.04454166276983722], [-0.3689092688580647, -0.190673770817722, -0.6629026603898069, -0.5424852973432965, 0.003909959605504776, -0.07023441597553332, -0.12926533510556182, 0.2620064113910538, 0.5301943135918212, 0.6792012098758382, 0.22823582458018982, 0.46640069276968427, -0.028774169280227947]], "inverted": false, "swapped": true, "error_lsq": 0.04039697756725572, "error_max": 0.2274565510909789, "target": "603.xyz", "model": "9.xyz", "model_rescale": 3.877068213659057, "target_rescale": 4.168513128943722},
{"mapping": [12, 10, 11, 9, 0, 3, 6, 13, 14, 2, 1, 5, 4, 8, 7, 15], "R": [[0.1510351484151642, -0.7631248651579692, 0.6283540595244377], [-0.9606525426445551, 0.03657950819583189, 0.27533367373189654], [-0.23309885511036021, -0.6452149872389686, -0.7275730506199752]], "T": [0.06613146924673881, -0.014484847420159985, -0.05202311084490644], "aligned_model": [[-0.11424906109732817, -0.22604082678935894, -0.6090045234893142, -0.27280938190387766, -0.50326651619418, 0.5704226241336127, 0.317376184212626, 0.6841260688732033, 0.1323184988265766, 0.22709263911157873, -0.10422672305034945, 0.14928000414338072, 0.5207026195028153, -0.5624109112651193, 0.017578478097371272, 0.0027590180750788756], [-0.7393771545016559, -0.12867674862831502, -0.257702172709203, 0.4582988974604577, -0.42056663194325294, -0.3566247833978966, -0.4196106100181853, 0.20719309700906105, 0.3442247883713167, 0.6278308829233891, -0.0632898948537555, -0.516532539167827, 0.20634101578032055, 0.3642237307033839, 0.5308473161155005, -0.0642624151080246], [-0.06577895034634673, -0.6882670409435282, -0.22433677906438307, -0.36385629364880206, 0.3283051080505018, 0.12515487322828028, -0.443244000887765, -0.4601653161481956, -0.7422898860444153, -0.09535164992113504, 0.7973900771064624, 0.5412979477716836, 0.3981898245996464, 0.18638247752128093, 0.5534040176195962, -0.01188395503028749]], "inverted": false, "swapped": false, "error_lsq": 0.039149196471002026, "error_max": 0.3197931865353321, "target": "603.xyz", "model": "10.xyz", "model_rescale": 4.260839863003843, "target_rescale": 4.168513128943722},
{"mapping": [7, 9, 3, 8, 2, 1, 6, 5, 10, 4, 0, 15], "R": [[-0.8296814266403875, 0.22535048417289238, -0.5107307407734668], [0.036639114185920627, 0.9349090110474992, 0.3529910995674792], [0.5570334869643317, 0.27415743715104635, -0.783933284186306]], "T": [0.041395049908098516, -0.07589001674634492, 0.07164531784516268], "aligned_model": [[0.3837590347400277, 0.08541089306953381, -0.39521453675289525, -0.40619522472836544, -0.7364894011926619, -0.4221301962508692, 0.3371527083588204, 0.6671149874859598, 0.4148822213231235, -0.12651165235077755, 0.08983212759273995, 0.06728768779949473], [-0.041537306697284004, -0.6820190067372965, -0.4806894909385603, -0.2301109774199857, 0.09152610333597448, 0.4762640469329205, 0.5393370391803538, 0.1359236650017614, -0.3449968202290041, 0.1961618046769325, 0.5647052001770326, -0.051485751749911116], [-0.6664239978644323, -0.2589853934614108, -0.13309432302796875, -0.5868228771730829, 0.14775106831049253, -0.2957061731816176, -0.2955831587454576, -0.06814969043781852, 0.6251075139041834, 0.753543035508656, 0.20874818922462615, 0.08579388433933567]], "inverted": true, "swapped": true, "error_lsq": 0.04472728503014214, "error_max": 0.24689171841771868, "target": "603.xyz", "model": "11.xyz", "model_rescale": 3.890672605050136, "target_rescale": 4.168513128943722},
{"mapping": [10, 11, 5, 14, 12, 2, 4, 3, 13, 1, 7, 6, 8, 15], "R": [[0.5775525184469466, 0.5836212904875043, 0.5708058143758612], [0.8143464054163333, -0.46088544352085026, -0.3527386283582883], [0.05721031743564248, 0.6685587462895761, -0.7414554486539455]], "T": [0.0959697918361822, -0.01626001089539423, 0.10489122086338301], "aligned_model": [[0.5224963730890846, 0.1769289138932984, 0.3379804083229275, 0.5640186179373439, 0.6762329057882857, -0.5324781121938389, -0.24372052688109408, 0.13490410837145658, 0.0026467181264868134, -0.6119426245964479, 0.3136902747542597, -0.1750761861280818, -0.04909130317368121, 0.0932862674836944], [-0.2680143698286062, 0.19655725929589912, 0.5544956828334825, -0.4264960156288072, 0.22047099768692888, -0.44045244462185634, -0.38563606369841413, -0.36707230187412293, -0.7638559910249507, 0.21791754342280517, 0.652628205339809, 0.7060716137934132, 0.031996294364584725, 0.003542109767600058], [-0.4175323234008125, -0.699549745747229, -0.16269412997396002, 0.17621319628161128, 0.00557878084477148, 0.35794946094090896, -0.456679051269385, 0.6262583866013337, -0.012568258344889172, 0.41905322610577134, 0.5151665760693099, 0.03002615090830299, 0.901339668804634, 0.07222849753649266]], "inverted": false, "swapped": true, "error_lsq": 0.04950115187196554, "error_max": 0.31329777267439674, "target": "603.xyz", "model": "12.xyz", "model_rescale": 4.124412569039231, "target_rescale": 4.168513128943722},
{"mapping": [0, 1, 7, 4, 6, 11, 2, 10, 3, 13, 12, 9, 15], "R": [[-0.9655315416457048, -0.25460434086973444, -0.0540876298016212], [0.12681765929370675, -0.6416289014588741, 0.7564586136094584], [-0.22730183320539776, 0.7235253847813266, 0.6518012689451432]], "T": [0.14429605350121463, 0.14509378600960313, -0.044894153388260916], "aligned_model": [[-0.08321251457147169, -0.16710190501013952, 0.8155062238994361, -0.4502229316707622, 0.4000393270676912, 0.19316692755767995, -0.5476984414789197, 0.19825713222402286, 0.041654727185727464, -0.43209378752745564, 0.7074474795210212, 0.5424236932188042, 0.14913237709412347], [-0.19169593189678005, 0.5152678293589295, 0.43140049980442297, -0.3135320303880341, 0.011459081015532918, -0.6840394455924228, 0.5318617261906092, -0.3906538110500649, 0.6986642290482945, 0.14066530026737686, -0.05953881810396677, 0.5468937276080129, 0.11073302024656673], [0.4711660341347503, 0.6037038506860877, 0.31655417539435243, -0.10319413933627503, 0.6745297971042183, 0.05060747287792772, 0.05747108068547471, -0.5226956347448879, -0.3267334493382426, -0.5440542624928959, -0.25369018133372595, -0.44326283142428524, -0.028703831244659632]], "inverted": true, "swapped": true, "error_lsq": 0.04464563598305949, "error_max": 0.2771522595175409, "target": "603.xyz", "model": "13.xyz", "model_rescale": 3.9028299243045295, "target_rescale": 4.168513128943722},
{"mapping": [1, 12, 8, 5, 2, 9, 11, 14, 13, 10, 3, 6, 7, 0, 4, 15], "R": [[0.469662876775948, -0.4750410648245364, -0.744145663770818], [-0.3424342194773909, 0.6788832768968772, -0.6495046587059005], [0.8137294313894826, 0.5598691660380385, 0.15617595656957112]], "T": [-0.0547373340327527, -0.03552925291576203, 0.007375297266852612], "aligned_model": [[0.0038984251825266575, -0.19892341402423247, -0.7704885957126271, -0.26207909113089806, -0.622780580628546, 0.682387709142709, 0.35980707100835096, 0.6568260404140943, 0.0687009952035902, 0.41748808791012115, -0.14570980951673881, 0.20305664083343106, 0.629339002988921, -0.7107872731703149, -0.13262954788550724, 0.051542530571835526], [-0.6809037384646363, -0.21263306469320198, 0.05594858479609299, 0.34826960565689224, -0.4749351545010354, -0.23134617254687162, -0.4981748118172271, 0.044978234902664394, 0.34271275376176913, 0.5374744627193662, -0.010320585655183609, -0.47249983625471625, 0.26885812550404453, 0.23411266171864886, 0.5630914052370433, -0.042315692328335985], [-0.040083915606727374, -0.6499563565818555, -0.26801369337884345, -0.26059795807206, 0.1698532748660591, 0.14575109418748317, -0.3925855900906421, -0.5124773369805221, -0.6813534701409918, -0.056047843527231536, 0.623636586848968, 0.4398186323621509, 0.5172927855165664, 0.4364535237880999, 0.3155138773514105, 0.047746843320728594]], "inverted": true, "swapped": false, "error_lsq": 0.038591908591141984, "error_max": 0.24706212289343793, "target": "603.xyz", "model": "14.xyz", "model_rescale": 3.942246331269136, "target_rescale": 4.168513128943722},
{"mapping": [4, 13, 10, 3, 8, 14, 5, 11, 0, 12, 7, 6, 2, 1, 15], "R": [[0.6389125419886147, 0.7050176687935727, -0.3078000168591987], [0.7507331854616683, -0.48409690149898765, 0.4494995819860748], [0.16790011297263363, -0.5182666076914042, -0.8385757422056884]], "T": [-0.029605866812921905, -0.016771402364822063, -0.07741768553916258], "aligned_model": [[-0.7606910143059612, -0.3997312237622471, -0.23273615291307917, 0.2711037121267581, 0.4836118289420298, 0.1812739004983239, 0.09325524376709834, -0.508124417430652, -0.49524472762175376, 0.3201682160489093, 0.6073768050724883, -0.029094091284405085, -0.35232223716017264, -0.15529797957417435, -0.049253825870952575], [-0.060114053040914286, -0.4880060184300079, 0.307690011760297, -0.5581291739021795, -0.5322909111809372, -0.147052776677828, 0.6319550612398216, 0.6539884632458557, 0.20963806944278612, 0.44075032695927974, 0.2721888087069346, 0.4069405998729537, -0.7150398774255183, -0.3399473794829427, 0.015573538794050473], [-0.2529889625331691, -0.5489585974581681, -0.6870851514347286, -0.1910591319637106, 0.2811192795074026, -0.6527494112572354, 0.0639762440512781, -0.21909350598146993, 0.32684062564402644, -0.34376664974719956, 0.3395890215110141, 0.5716597783594222, 0.13983733241887203, 0.6536333813687638, -0.07159177212458187]], "inverted": false, "swapped": true, "error_lsq": 0.04267575485590899, "error_max": 0.26784888729108935, "target": "603.xyz", "model": "15.xyz", "model_rescale": 4.355366556412066, "target_rescale": 4.168513128943722},
{"mapping": [9, 5, 7, 2, 8, 14, 1, 4, 6, 10, 0, 15], "R": [[-0.6436918705388348, 0.7135911640194375, -0.2764930856922115], [0.7330987053851277, 0.6786454378341629, 0.04479573494795317], [0.21960661184232563, -0.17386207274808957, -0.9599713098290347]], "T": [-0.06382635094405723, -0.007355447238452882, 0.05887936429972249], "aligned_model": [[-0.3757450985041215, 0.5674424166003931, 0.20144211655496677, -0.6187014869053326, -0.5576919956497582, -0.3668511384922356, -0.16969221403787074, -0.018973892712083662, 0.4995715452741908, 0.13131101650358581, 0.3337899481838722, -0.02809266218382539], [-0.6237614580414867, -0.24132344948884132, -0.560608328689443, 0.5205471142998467, -0.26603568540445965, -0.3257453486834942, 0.3827233795777754, 0.6385381262957865, 0.062424869144941386, -0.058624078695843594, 0.4799396827280607, 0.004701604698138155], [0.09625233557850726, 0.006996443749288629, -0.4765488857082856, -0.16993700485881916, -0.5300881915746506, 0.505258078130327, -0.6420541630229002, 0.4435858760922501, -0.4688963407851561, 0.7499108227824857, -0.13072631799634812, 0.06550580882272239]], "inverted": true, "swapped": true, "error_lsq": 0.04421352044704812, "error_max": 0.24121047781276, "target": "603.xyz", "model": "16.xyz", "model_rescale": 3.795458400668931, "target_rescale": 4.168513128943722},
{"mapping": [14, 13, 4, 9, 11, 2, 3, 12, 7, 1, 0, 6, 15], "R": [[0.12153767603323534, -0.5153764595391086, 0.8483016552249408], [-0.6475284092050284, -0.6889019200026043, -0.3257623426504834], [0.7522868818322209, -0.509707023268916, -0.4174484373590291]], "T": [-0.055106011251224295, 0.027829879242107836, -0.03407937001073182], "aligned_model": [[-0.020627055165176954, 0.006893091233452477, 0.38777654342152107, -0.37854225924889245, 0.7509197853977763, -0.4749099001786121, -0.5622528647640068, 0.19688121716540438, -0.37151975988247965, -0.5295856121937713, 0.19163801394132962, -0.0245621620529863, -0.023477236769335684], [-0.4017599836529933, 0.21863007456811767, 0.5334667044836783, -0.5680380821801969, 0.13575222507639348, 0.6078408067310168, -0.10984370582965558, -0.5274090872898316, -0.35015352572088604, 0.6061588475790178, 0.5430450449428235, 0.2391955274113874, 0.036896419351614064], [-0.4887373278832968, -0.769713159068186, -0.3737494971694555, -0.17183560488731273, 0.15994645585612932, -0.38943339153931567, -0.380860163828684, 0.14148241210512524, 0.6141107308388881, 0.2742736654788247, 0.29022958583845737, 0.711055056080085, -0.014493730984963114]], "inverted": false, "swapped": true, "error_lsq": 0.042094662009814494, "error_max": 0.2484922967228463, "target": "603.xyz", "model": "17.xyz", "model_rescale": 3.7474275329858107, "target_rescale": 4.168513128943722},
{"mapping": [2, 4, 13, 0, 8, 7, 3, 10, 1, 9, 6, 11, 12, 15], "R": [[-0.6830692659586828, 0.7205733890595845, 0.11912333474954162], [0.0983981446137498, -0.07082126303979802, 0.9926238732964363], [0.7236948134671397, 0.6897523756252186, -0.02252725638264319]], "T": [0.04309397666778204, 0.0009551550310286996, 0.059168321146434305], "aligned_model": [[0.468328890964493, 0.15582346784022283, 0.6882434452550421, -0.3938445832419921, 0.266772824421404, -0.41337351168726116, 0.5578848542034038, 0.13230967917976982, -0.1300232547972881, 0.340966404503358, -0.6809604582059232, -0.4323410987952805, -0.1577834480391466, 0.012844436282074923], [-0.460975619733729, 0.3276373351301152, 0.21543526784595443, -0.052278880298691176, -0.7143403442570684, -0.350155987051042, -0.2985804462078223, 0.7152826412938224, -0.7110267811526475, -0.043579961273355346, -0.27005285391849243, 0.6231831605148358, 0.3597659996251147, 0.020094710994239377], [-0.4355231875435165, -0.6099805162459396, -0.28606510602545565, -0.4284343984180874, 0.3690419151757359, 0.63492688128289, 0.2633193486041018, 0.06205659978531551, -0.28403574139052046, 0.6820126470954218, 0.003190545909374898, -0.23368767914794927, 0.5423999950100552, 0.04557341457022834]], "inverted": false, "swapped": true, "error_lsq": 0.03189705405691034, "error_max": 0.17208787391898708, "target": "603.xyz", "model": "18.xyz", "model_rescale": 3.922800546911778, "target_rescale": 4.168513128943722},
{"mapping": [11, 0, 5, 10, 8, 4, 1, 14, 2, 12, 7, 9, 13, 3, 15], "R": [[-0.8712879707311313, -0.4861525807676295, 0.06717842117972761], [-0.059400649623959356, -0.031413009501082334, -0.9977398386645371], [0.48716407388422955, -0.8733091612064185, -0.0015080018112058613]], "T": [0.07524339347907713, 0.0353992021227494, -0.0285146278211597], "aligned_model": [[-0.09741987612481176, -0.28516008816291627, 0.43338376684105984, 0.04449366065540436, 0.32945561390312905, -0.605608290433803, -0.20204528073921854, 0.2470343287373766, -0.5037273695770683, 0.5879866108135037, 0.7530385200990682, 0.6031432446266889, -0.425150964497809, 0.14718102177838813, 0.06944593896862643], [0.5935634947888908, -0.0821754885920347, 0.1958658945967493, 0.7545661449494886, -0.6399623610032235, 0.34327365173990343, -0.7042572726155799, 0.4060503962988544, -0.4017132919962984, 0.3921680356130168, -0.3353849626209798, 0.047461807729104674, 0.29913610536682433, -0.20177854057414474, 0.05079789135400743], [-0.6265203605859461, -0.5649762781782779, -0.5779862230593156, -0.019300310958844647, 0.3415724275454772, -0.12255536018636876, -0.20371785938891332, 0.446412392036389, 0.30711907846122494, -0.13996060176271077, -0.28591002617790506, 0.41850064587770264, 0.4828111071272207, 0.5502604252169899, -0.06308988880339321]], "inverted": true, "swapped": true, "error_lsq": 0.037985104360548874, "error_max": 0.2094347939103061, "target": "603.xyz", "model": "19.xyz", "model_rescale": 3.9282355846067225, "target_rescale": 4.168513128943722},
{"mapping": [4, 0, 6, 11, 10, 5, 12, 7, 14, 3, 1, 13, 8, 15], "R": [[-0.6149666913810325, -0.12088303179412051, 0.7792324820720241], [-0.2846580611522895, -0.8875163558508642, -0.36233203876861547], [0.7353813682116818, -0.44463694259638803, 0.5113826674474322]], "T": [-0.04159131736787988, -0.07059035302350272, 0.10221529878520184], "aligned_model": [[-0.6906450871775069, -0.08336154084606653, 0.4316785892839048, -0.4480112199309033, -0.5934127987022004, 0.17906760380011502, 0.04888042960600039, 0.7204577379307887, -0.29638251094480583, 0.06680658771572051, 0.35845560814253496, -0.659531803698933, 0.5484651686861141, -0.049943944780086375], [-0.45145716456361906, -0.6961760962411121, -0.557473718197378, -0.3378252816801982, 0.20733173735071794, -0.12074252766305771, 0.33930213767065687, 0.05886732797288022, 0.4950575707197842, 0.24882291205584298, -0.6643738966047411, 0.03442227467974099, 0.057281458385316536, -0.09015464645999721], [0.1315244666517943, -0.09375231612523229, -0.2716748736857105, -0.5777694028102542, -0.26722198382003876, -0.533966687981847, -0.37361326451494126, -0.15402963821685345, 0.18924392288337094, 0.6338485617402911, 0.4791243628651586, 0.5364129245550546, 0.6436796703032848, 0.0703774153996066]], "inverted": true, "swapped": true, "error_lsq": 0.0444779282671709, "error_max": 0.25804355038910015, "target": "603.xyz", "model": "20.xyz", "model_rescale": 4.067790424073018, "target_rescale": 4.168513128943722},
{"mapping": [14, 11, 3, 8, 13, 4, 2, 12, 10, 5, 6, 1, 7, 0, 15], "R": [[0.9544789136606133, 0.11705006010904673, -0.2743524864216175], [0.29351087949099913, -0.5323617109710022, 0.7940040127810736], [-0.05311654165771197, -0.8383855271415982, -0.5424834936491882]], "T": [0.05629877698115094, 0.006127083264642428, -0.04508703211661843], "aligned_model": [[-0.0394596107530766, -0.0022051968237398537, -0.03805256042914206, 0.2965451805944623, -0.6395134897262108, -0.5927409381641764, -0.4974388396020203, 0.48569198853860107, -0.128377112690335, 0.5464385134753394, 0.49802364224215073, 0.026251509645195188, 0.8436234681883401, -0.05065493380342085, 0.06031233321554803], [0.0021908695448727734, 0.8212626095437868, -0.5371414672738912, -0.7682574863461947, -0.06674476731472087, 0.3457136333915715, -0.511436456510623, 0.32770450708649357, 0.5725141196239143, 0.4465277355193844, 0.1385855491015008, -0.4584214703782587, -0.16995072161439514, 0.25870733368284954, 0.03964115187155694], [-0.6641709882743919, 0.13127111922322462, -0.34900473995886727, -0.027431256564666072, -0.3483042112821099, 0.129892322936536, 0.20873789979064297, -0.383936914714689, -0.44923067264177957, 0.10236948554867406, 0.5779439262906281, 0.6167049932643066, 0.06561960198552419, 0.5517962903412272, -0.027007282323119455]], "inverted": false, "swapped": true, "error_lsq": 0.045788236432594866, "error_max": 0.32199706478285606, "target": "603.xyz", "model": "21.xyz", "model_rescale": 4.186013935880536, "target_rescale": 4.168513128943722},
{"mapping": [6, 1, 7, 11, 4, 5, 0, 2, 9, 3, 13, 10, 15], "R": [[0.8722917186432076, -0.004980773784078914, 0.48896047844277885], [0.07060425393044292, 0.9907525585051091, -0.1158637438653971], [-0.48386175392709535, 0.13558967404670846, 0.8645769158255979]], "T": [0.025529571991178703, 0.06396723842769922, 0.023348650356199076], "aligned_model": [[0.2279520981705624, -0.4994042547593935, 0.4270271070187927, 0.45781167008871926, -0.26151181669782914, 0.6071475691690953, -0.06919851380287195, -0.7737463305994513, 0.22305844052899115, -0.29833512644561705, -0.41397530262189547, 0.38729518773146066, 0.04445330764266251], [-0.4009883961297438, -0.17495808722277675, 0.2533630736926148, -0.5727163275288931, -0.4139867838962349, -0.2080214801032045, -0.5707787702996296, 0.05887135052066305, 0.7251678722758528, 0.6034105509222439, 0.19183640971050686, -0.0030591720922494847, 0.030816419696943508], [-0.5628894034103553, -0.5441335503511635, -0.6593434241113441, 0.35005503719694403, 0.5296652956303926, -0.18563881996112758, -0.11675728794318765, 0.015830323014779248, -0.026072823809651167, 0.0005136831612743767, 0.6331769992177209, 0.6421092186858164, 0.02636431401524737]], "inverted": false, "swapped": true, "error_lsq": 0.051812734846281655, "error_max": 0.31128051326225886, "target": "603.xyz", "model": "22.xyz", "model_rescale": 4.166573947596378, "target_rescale": 4.168513128943722},
{"mapping": [9, 10, 8, 0, 3, 12, 14, 13, 7, 1, 2, 11, 6, 4, 1, 15], "R": [[-0.36418674407171786, -0.9268535213892619, -0.09116230213616844], [0.7245673322423984, -0.34347282571837784, 0.5975187018329777], [-0.5851240864035381, 0.15155516448263262, 0.7966560334479789]], "T": [0.015532597139914301, -0.09922404380008022, -0.007394249735570829], "aligned_model": [[-0.208134611652827, 0.13809432356596135, -0.7371776886635379, -0.3448908304623733, -0.3905526373585085, 0.539239752666951, 0.5101189736589622, 0.5726378483963902, -0.060809097264049664, 0.07658476920146848, -0.01673954290653808, 0.06947908460153819, 0.5580662116629851, -0.5862382984749658, 0.07658476920146848, 0.03338516501379053], [-0.6424083600096795, -0.18700917001028244, -0.12011119293216908, 0.6106706612517186, -0.29702844908514336, -0.41675833690876535, -0.5733497939454995, 0.04531658993026692, 0.2898922325094475, 0.5713352489572394, 0.1462014418501162, -0.6887455481849871, 0.2524073537815079, 0.24358399149683818, 0.5713352489572394, -0.033015139622534065], [-0.13138192903020196, -0.7410246934439846, -0.30247066842741605, -0.18877843706416014, 0.3893359502596498, 0.22559532766857995, -0.40307954442195176, -0.6283249086009811, -0.602499380663506, 0.22653293562455631, 0.6183325909539421, 0.5138038889647827, 0.39400364427262513, 0.23797884066214525, 0.22653293562455631, 0.0003939014839572331]], "inverted": true, "swapped": false, "error_lsq": 0.047271598734101, "error_max": 0.3609347355001818, "target": "603.xyz", "model": "23.xyz", "model_rescale": 4.274766983524099, "target_rescale": 4.168513128943722},
{"mapping": [1, 6, 7, 3, 12, 14, 13, 10, 4, 11, 15], "R": [[-0.47686245806899147, -0.8787429089674973, -0.02032476380528129], [0.8762836276128693, -0.4770827413012742, 0.0672239684196939], [-0.06876917959398549, 0.014246329064100852, 0.9975308727283421]], "T": [-0.0761985349709795, 0.050565636554535276, -0.04603356551767398], "aligned_model": [[0.3072161950934011, 0.2027180548613825, -0.48044449147587603, -0.42836882107404595, -0.475131121684751, -0.5031268224934426, 0.051067223999550826, -0.11006579619675007, 0.5234788824257023, 0.34654350305139653, -0.053992102548492384], [-0.024831354394704977, 0.6594678795842571, 0.5862771455275169, -0.4243772051028716, 0.4519542300696092, -0.22086356627260784, -0.6169686921965617, 0.1014795644849175, -0.19689513782770524, 0.5220680446019217, 0.07827562276971242], [-0.7545427894162168, -0.4362607701628841, -0.5072687629962213, -0.2623995812408198, 0.24093298450879833, 0.3234370456784333, 0.2998089150726276, 0.6712476359078828, 0.3365099114420605, 0.49981026488764674, -0.03170841965972989]], "inverted": false, "swapped": true, "error_lsq": 0.051548506455381164, "error_max": 0.2229380333303344, "target": "603.xyz", "model": "24.xyz", "model_rescale": 3.7841303162186577, "target_rescale": 4.168513128943722},
{"mapping": [2, 8, 0, 7, 4, 12, 9, 14, 10, 11, 3, 5, 13, 6, 11, 15], "R": [[0.43991145810228394, -0.5962591913345228, -0.6715302567862624], [-0.8010719454959714, -0.5985309137525648, 0.006669589329132419], [-0.405908422146698, 0.5350100204964584, -0.740947117410384]], "T": [-0.0668351205881078, -0.042670138723394396, -0.12391948036814311], "aligned_model": [[0.01464018216599193, -0.3392153269039976, -0.6306619310612707, -0.3717435161325962, -0.45900697332207974, 0.5596996188211053, 0.34971774721652105, 0.6998059564425376, 0.19731656059693237, 0.05578506123856704, 0.0025669435715696826, 0.15883406226173413, 0.5221033039340753, -0.489754161069134, 0.05578506123856704, -0.09622439781180796], [-0.7920054216099506, -0.4497115391216483, 0.1060420531951039, 0.5052192670096092, -0.4461262307534942, -0.37206018239538796, -0.3266997545018211, 0.03151643862383893, 0.4184457643523054, 0.6502540188601669, -0.013674922114946211, -0.6319543000118911, 0.24090138007762543, 0.22121440824738745, 0.6502540188601669, -0.01929822068175128], [-0.09839622059055164, -0.4549543806551139, -0.5725997241030875, -0.2961217727811105, 0.36610986832982884, 0.1483456952811259, -0.42048582068784685, -0.3138056911928272, -0.6921193734823512, 0.18307884537418245, 0.6781681199208505, 0.4853065389465944, 0.30589294746201195, 0.3990823201179186, 0.18307884537418245, -0.06562974345121413]], "inverted": true, "swapped": false, "error_lsq": 0.0462459291782143, "error_max": 0.32955572277902073, "target": "603.xyz", "model": "25.xyz", "model_rescale": 4.19342608120988, "target_rescale": 4.168513128943722},
{"mapping": [9, 5, 7, 2, 8, 14, 1, 4, 6, 10, 0, 15], "R": [[-0.6436918705388348, 0.7135911640194375, -0.2764930856922115], [0.7330987053851277, 0.6786454378341629, 0.04479573494795317], [0.21960661184232563, -0.17386207274808957, -0.9599713098290347]], "T": [-0.06382635094405723, -0.007355447238452882, 0.05887936429972249], "aligned_model": [[-0.3757450985041215, 0.5674424166003931, 0.20144211655496677, -0.6187014869053326, -0.5576919956497582, -0.3668511384922356, -0.16969221403787074, -0.018973892712083662, 0.4995715452741908, 0.13131101650358581, 0.3337899481838722, -0.02809266218382539], [-0.6237614580414867, -0.24132344948884132, -0.560608328689443, 0.5205471142998467, -0.26603568540445965, -0.3257453486834942, 0.3827233795777754, 0.6385381262957865, 0.062424869144941386, -0.058624078695843594, 0.4799396827280607, 0.004701604698138155], [0.09625233557850726, 0.006996443749288629, -0.4765488857082856, -0.16993700485881916, -0.5300881915746506, 0.505258078130327, -0.6420541630229002, 0.4435858760922501, -0.4688963407851561, 0.7499108227824857, -0.13072631799634812, 0.06550580882272239]], "inverted": true, "swapped": true, "error_lsq": 0.04421352044704812, "error_max": 0.24121047781276, "target": "603.xyz", "model": "26.xyz", "model_rescale": 3.795458400668931, "target_rescale": 4.168513128943722},
