[{"mapping": [2, 3, 6, 5, 0, 1, 11, 12, 7, 8, 13], "R": [[0.31933257766368595, 0.1641999413199294, -0.9333086756873088], [-0.3200448654034691, 0.9456936601843713, 0.056875172227982385], [0.8919629975349548, 0.280538554137607, 0.35454214230587544]], "T": [-0.01529351652605123, -0.0170775664828349, 0.08426713145333578], "aligned_model": [[-0.5912634935002661, -0.0013230450421969284, -0.10412410266952407, 0.6509433828527911, -0.35341282489091147, 0.3206860210307089, 0.2413724712922173, 0.04911773643352311, -0.5513632459360385, -0.13834935758065303, -0.10065758362778632], [-0.25773045110474935, -0.15562396009270657, 0.391157428460276, 0.2645705233835397, -0.7093689043427468, -0.4860833981311561, 0.5172478641667728, -0.29968955760408145, 0.45145922393486504, 0.7536697730014035, 0.09367060423080749], [-0.36473511815926685, -0.41952849034378725, -0.5560449799867484, -0.13755263282001884, 0.12693411418739642, 0.09824545917821544, 0.4526158055403543, 0.5853673818426847, 0.33822973443033444, 0.04705247999704633, 0.16785948150303603]], "inverted": false, "swapped": false, "error_lsq": 0.03425651264085084, "error_max": 0.2177866322577644, "target": "604.xyz", "model": "0.xyz", "model_rescale": 3.8414455957264533, "target_rescale": 3.6483193367799904},
{"mapping": [11, 13, 0, 9, 12, 8, 2, 10, 3, 4, 14], "R": [[0.5886505074914282, -0.1403662430915285, 0.7961079687017675], [-0.5344882653351782, -0.8064128226775521, 0.25302302986134606], [0.6064757820796117, -0.57445250214582, -0.549719427098343]], "T": [0.006217135033496128, 0.1427802637415285, 0.08836739594885099], "aligned_model": [[-0.5650477137111807, 0.16430913304774322, -0.24879050892548904, 0.643526675188558, -0.2577199707461306, 0.3624087565653469, 0.33461050477781784, -0.16208535108962485, -0.6038649157867246, -0.16693142585024942, -0.07878922510820299], [-0.3164861242779077, -0.239616930211105, 0.46188555555858213, 0.12010645776436593, -0.5729038025950729, -0.5625057399989787, 0.6891947644933507, -0.26524529514818407, 0.4658385570561834, 0.6582787066368027, 0.12473299662418762], [-0.34636960449426346, -0.5469485151224405, -0.5105151332369715, -0.15418595600344628, 0.06779884588681898, 0.08962404977048755, 0.4601115494933782, 0.6114072767112119, 0.4582459063109321, 0.0982752758747764, 0.11099954017876337]], "inverted": false, "swapped": false, "error_lsq": 0.03978080567972942, "error_max": 0.25802858975831733, "target": "604.xyz", "model": "1.xyz", "model_rescale": 4.316132596720782, "target_rescale": 3.6483193367799904},
{"mapping": [10, 6, 8, 4, 7, 3, 0, 5, 1, 2, 11], "R": [[-0.8820258340936133, -0.22411343867480155, -0.4144919716916384], [0.393467414855557, -0.8342904456076865, -0.3861901679414085], [-0.25925628524367733, -0.503718789577165, 0.8240470615132155]], "T": [-0.1498360505588991, 0.034146426717494384, 0.11204325027306049], "aligned_model": [[-0.5621308934159792, 0.20002773546529423, -0.44539643893215886, 0.5975151871160547, -0.3520362447538585, 0.2229873795289245, 0.13319155723799614, 0.1221227194578301, -0.5133744717189339, 0.06413354393380902, -0.045414115557113804], [-0.1808372842593577, -0.08954777951915463, 0.4381495635926012, 0.19119657454265052, -0.8183294236867064, -0.49845722194660363, 0.45619114465839694, -0.20798127043413345, 0.4226260192256568, 0.8176164976161956, 0.03265232611267845], [-0.3134338527035467, -0.6217080956008759, -0.4680098835281571, 0.006539175704565456, 0.29331962966351605, 0.020648216237555334, 0.6077121799725081, 0.644182787988532, 0.21937770862623174, -0.0907301759533858, 0.04054554496230363]], "inverted": false, "swapped": false, "error_lsq": 0.04870875857961699, "error_max": 0.23704011880419326, "target": "604.xyz", "model": "2.xyz", "model_rescale": 3.795458400668931, "target_rescale": 3.6483193367799904},
{"mapping": [5, 4, 10, 0, 9, 7, 1, 8, 6, 2, 11], "R": [[-0.15320367946567526, 0.40144187863617387, 0.9029800942851613], [0.9780542609824596, 0.19216724918675598, 0.08050845243855359], [-0.14120373639615294, 0.8954977199396184, -0.42207266958512135]], "T": [-0.06311431108821214, 0.08542377821690236, 0.03197908105239712], "aligned_model": [[-0.6107762206538112, 0.11093906332671602, -0.22658473629629086, 0.6565030919214709, -0.3699862058468914, 0.41965569851932544, 0.274195793817622, -0.23763754050474623, -0.4447117236427653, -0.20892019226165526, 0.05894892998288988], [-0.17062830903802764, -0.14344575632176307, 0.4167633061676579, 0.26812858206487866, -0.7211639580142045, -0.4839737163345865, 0.37580765540994543, -0.15090446863030113, 0.2882663872835487, 0.8378682657956558, 0.04656115751942058], [-0.326250422161087, -0.5409771933162741, -0.6024515871059317, -0.21495753452377275, 0.13097658999110753, 0.1932921544159581, 0.47713965764740784, 0.7560326282210347, 0.43264675793638274, 0.049103611485721156, -0.01611142722130001]], "inverted": true, "swapped": false, "error_lsq": 0.04791566247874592, "error_max": 0.3027630934328156, "target": "604.xyz", "model": "3.xyz", "model_rescale": 3.7530521520055578, "target_rescale": 3.6483193367799904},
{"mapping": [6, 7, 0, 1, 8, 5, 3, 9, 4, 2, 10], "R": [[0.13409267377283765, -0.6967240090132503, 0.704694834736963], [-0.45709666326308773, 0.5874619668412618, 0.6677956857817722], [-0.8792507010370834, -0.4116601666174424, -0.2396958738616433]], "T": [-0.02095336773061527, 0.055889102624711195, 0.10158288171657988], "aligned_model": [[-0.7034229174770046, 0.07341967616025175, -0.36491608621433225, 0.588133532202303, -0.33895391041117734, 0.5450824626477307, 0.3854234237580205, -0.14466273083550454, -0.6252303898927537, 0.05821621122256034, -0.051463312798229924], [-0.12568078011430328, -0.32914961826355404, 0.3119486041540157, 0.42532198444253344, -0.7933649039422075, -0.3829250346503592, 0.3575767160134528, -0.19810060479060293, 0.47361952637145355, 0.7289873835453167, 0.09504587313647854], [-0.11659877193702096, -0.34784993034425304, -0.6029336658107181, -0.24113911199207877, -0.036702255731390646, 0.1694454903132335, 0.6707157944546394, 0.5680043551185574, 0.10942367088577443, 0.14660359935982203, 0.01947406105268129]], "inverted": true, "swapped": false, "error_lsq": 0.0677431080954326, "error_max": 0.3078845799082102, "target": "604.xyz", "model": "4.xyz", "model_rescale": 3.7855080009869324, "target_rescale": 3.6483193367799904},
{"mapping": [10, 5, 7, 1, 9, 2, 11, 14, 8, 6, 16], "R": [[0.5101060811730598, 0.8574341014093596, 0.06781259241901955], [0.6470739753554997, -0.3306241618369692, -0.6870101411385657], [-0.5666454414957329, 0.39432781457808164, -0.7234766881401087]], "T": [-0.03417343209170825, 0.06787784879222898, 0.08754491102001441], "aligned_model": [[-0.6316187007867834, -0.02283464735366722, -0.3139348532113119, 0.7144608101173059, -0.26552618777172493, 0.37550262142239943, 0.33991041708665315, -0.01150318054474253, -0.6718969504331216, -0.058068830784291856, -0.03286453937885087], [-0.16623840265226453, -0.12743728731892667, 0.42843482529095, 0.17546947427599208, -0.6034716835958954, -0.5397735046229001, 0.6581169590914454, -0.3454645956856575, 0.3431628834371981, 0.7162807289698242, 0.02419974871245826], [-0.2577274536397318, -0.6978382274454409, -0.5066786881639537, 0.05476149284456002, 0.13931099113577758, 0.1808779247319883, 0.4671701140261245, 0.6226444174865331, 0.20084423943103066, 0.01627231484389427, 0.11880611011846423]], "inverted": true, "swapped": false, "error_lsq": 0.04061564998440409, "error_max": 0.21804545243464557, "target": "604.xyz", "model": "5.xyz", "model_rescale": 4.2253639853439635, "target_rescale": 3.6483193367799904},
{"mapping": [8, 9, 1, 0, 11, 12, 3, 6, 2, 4, 13], "R": [[-0.9473737417362302, 0.2446304915548885, 0.20649192737322264], [0.3183896311602946, 0.652850129285627, 0.687324342258698], [0.03333221022233897, 0.7168979225059547, -0.6963808817510285]], "T": [-0.14155443373908413, 0.05891819457579525, 0.010843158859485245], "aligned_model": [[-0.5747264485660903, 0.08716161196245817, -0.19377545378406338, 0.5905956490616416, -0.2826195174689926, 0.4163262356230625, 0.19946716437413034, -0.08484950401864627, -0.5096511178080396, -0.10901416164938005, -0.11728849936421622], [-0.26345949469774055, -0.15580952004253978, 0.5118838262803086, 0.2696569897042703, -0.6638345446220089, -0.6739836519005717, 0.39508530931545105, -0.11292304460988775, 0.4022205576975215, 0.7648727996333543, 0.08956991914406678], [-0.49343801928229164, -0.5127763656989673, -0.5643097629954416, -0.23937287941402055, 0.2624041036572286, 0.1623944922505398, 0.5340117868239938, 0.6280733489698186, 0.45448708216928396, 0.04932092512625027, 0.05764852376285283]], "inverted": true, "swapped": false, "error_lsq": 0.04557904368758385, "error_max": 0.2105810331045812, "target": "604.xyz", "model": "6.xyz", "model_rescale": 3.89814844738969, "target_rescale": 3.6483193367799904},
{"mapping": [11, 7, 4, 0, 8, 3, 1, 6, 10, 2, 12], "R": [[-0.02097660212693353, 0.6415873153425874, 0.7667631309307326], [-0.6331386953441197, -0.6020720068667929, 0.4864613972406637], [0.7737540789043729, -0.47526310117542675, 0.41884318072515114]], "T": [-0.08654516416415606, 0.037386411501866695, 0.037408722145507105], "aligned_model": [[-0.7562183744216557, 0.14747605690895588, -0.2417862051079296, 0.4940196440014314, -0.2938010004605031, 0.472918447182917, 0.36702400894309173, 0.15019372555788787, -0.6410667276362316, -0.0845389765843749, -0.19259464002172477], [-0.27094230672039465, -0.2280254575361507, 0.4020966552936519, 0.15433505046452092, -0.6011669622639179, -0.5450014047575524, 0.5291300509866628, -0.28418171646578605, 0.49385630356795873, 0.7455418084987672, 0.16763712483446433], [-0.2969736371467288, -0.5158229539244301, -0.4709046119942773, 0.054079260011643725, 0.12096337185556141, 0.051790506491948614, 0.5543804914587791, 0.5832333168609996, 0.1892136507011424, 0.0451387568494021, 0.023345084205205906]], "inverted": true, "swapped": false, "error_lsq": 0.04437444402447725, "error_max": 0.20933346050652774, "target": "604.xyz", "model": "7.xyz", "model_rescale": 3.7474275329858107, "target_rescale": 3.6483193367799904},
{"mapping": [10, 1, 12, 2, 6, 3, 4, 5, 11, 13, 14], "R": [[0.5558630796001891, -0.5302098313785568, -0.6402294678058141], [0.8262228820179951, 0.43716460885238795, 0.3553067041259097], [0.09149855718683175, -0.7264741148013885, 0.6810751607247669]], "T": [-0.10781285677844693, 0.04446399745297269, 0.05864205323541265], "aligned_model": [[-0.7564498904658907, 0.30992491117568316, -0.39924935486869423, 0.7250670078542869, -0.3012074162704733, 0.30200860897919896, 0.4031177235462961, -0.10541899403232033, -0.6413913381425871, -0.04870903416236379, -0.06606626525127175], [-0.24235746135636188, 0.014079637427014041, 0.4175186687779699, 0.1234406500605422, -0.7459383057531943, -0.5236479977500872, 0.5776293688528638, -0.38865766584255923, 0.3149235303396274, 0.9319639177527372, 0.08432480339367204], [-0.2101828135159749, -0.5653561582527028, -0.3370062736697406, -0.034434878826769835, 0.1279301607504532, 0.21170956806225355, 0.3173126442861991, 0.6290992016936927, 0.22783307216294735, -0.07159794950048488, 0.04313666217937385]], "inverted": false, "swapped": false, "error_lsq": 0.049247581340270276, "error_max": 0.24577208620429294, "target": "604.xyz", "model": "8.xyz", "model_rescale": 4.019505241142653, "target_rescale": 3.6483193367799904},
{"mapping": [6, 11, 5, 8, 10, 9, 0, 1, 2, 4, 12], "R": [[0.17876689257679582, 0.5499895796305332, -0.8158148444446606], [-0.4247317651295057, 0.7910709816157943, 0.44023815115843623], [0.8874938455045255, 0.26780247262348644, 0.3750153461504423]], "T": [-0.07292975827360229, 0.08306791238383898, 0.06571039155339368], "aligned_model": [[-0.6416339648367136, 0.11435342877891067, -0.2673022236438776, 0.5495526672226573, -0.3549869158000363, 0.4461037235050521, 0.05748223891851409, -0.07594753272163855, -0.5788035517790747, 0.2446692273764514, -0.0718611386583805], [-0.228336685158332, -0.14029006180935535, 0.43031946061909526, 0.1364253500372556, -0.7781103068063899, -0.3614778248337806, 0.5173005075895996, -0.2563773582161599, 0.30099033319421087, 0.8474119995915201, 0.0954237316945602], [-0.2624123599191576, -0.4840947986774326, -0.47480827241303764, -0.1908155236705017, 0.19607753809823103, 0.04772723986040557, 0.5316297432874928, 0.6497250347561396, 0.28151976523578925, 0.015673685948063773, 0.028221182863254153]], "inverted": true, "swapped": false, "error_lsq": 0.046614237220013406, "error_max": 0.31400191121646287, "target": "604.xyz", "model": "9.xyz", "model_rescale": 3.877068213659057, "target_rescale": 3.6483193367799904},
{"mapping": [8, 2, 9, 13, 1, 4, 6, 5, 11, 10, 15], "R": [[-0.13994967428328736, 0.5980036160022864, -0.7891804381231153], [-0.40585448375392563, -0.7616389577848385, -0.5051615939491638], [-0.9031590262433502, 0.24959521876954205, 0.3492935729190393]], "T": [0.0015766247884069912, 0.06983281120814713, 0.08344772448212587], "aligned_model": [[-0.6398198175166931, 0.20698832113513732, -0.2306086230150166, 0.7068181580194269, -0.35491399919835037, 0.3580254516040801, 0.3078780979000831, -0.07920352449171218, -0.6323361268182406, -0.14918913517460486, -0.07201284408224558], [-0.11464673782199106, -0.06464207628498156, 0.3304236735336509, 0.2844553748463305, -0.6947604495933806, -0.5007594506422667, 0.4823267750340109, -0.40085187051546434, 0.4250872931199521, 0.7611585646377278, 0.05548804958863559], [-0.30372256827817257, -0.5330568558635307, -0.476755557438434, -0.1493827523610179, 0.286470360534991, 0.009560077861529445, 0.4245235408363377, 0.70225782468699, 0.21230482632664197, 0.03295844118679368, 0.13328589787711773]], "inverted": true, "swapped": false, "error_lsq": 0.039179287028542606, "error_max": 0.1818991692722293, "target": "604.xyz", "model": "10.xyz", "model_rescale": 4.260839863003843, "target_rescale": 3.6483193367799904},
{"mapping": [7, 1, 8, 2, 0, 3, 4, 5, 10, 9, 11], "R": [[-0.8041833074523127, -0.5730781410167678, -0.15770431923008585], [-0.261133501403531, 0.10229674779975173, 0.9598670063265671], [-0.5339461606377476, 0.8130909049290611, -0.2319152385287544]], "T": [-0.10021041044614731, 0.04988980722651787, 0.049977426117284465], "aligned_model": [[-0.6320795777019534, 0.15340464603841336, -0.20880529439750445, 0.5218716143115643, -0.37972542282020105, 0.4303836115439893, 0.25239847613202837, 0.013163829868812732, -0.5651548222453318, -0.04760829636791346, -0.11622280600003962], [-0.18444759722586107, -0.3222972786116392, 0.492611680088401, 0.2037624901100826, -0.7813594869553098, -0.4066323094573127, 0.47748810958353666, -0.14674767464137345, 0.37861008675756064, 0.8447470147716281, 0.007544111482511398], [-0.2530189419787423, -0.5160762987189054, -0.5048359673115338, -0.1943466989236311, 0.01947761899045862, 0.16783586756129837, 0.5284432279555309, 0.6864449308695366, 0.3128528030622242, 0.08415780594696408, 0.007508887916046494]], "inverted": false, "swapped": false, "error_lsq": 0.03788254404272287, "error_max": 0.18028991782125967, "target": "604.xyz", "model": "11.xyz", "model_rescale": 3.890672605050136, "target_rescale": 3.6483193367799904},
{"mapping": [9, 6, 11, 0, 5, 8, 4, 7, 10, 2, 13], "R": [[0.5489666175242387, -0.557777650360438, -0.6225108397468958], [0.5521283327018359, 0.8011396034962746, -0.2309321111013432], [0.6275268576498437, -0.2169318521292372, 0.7477637424079158]], "T": [0.021555623044076884, 0.045389673742240455, -0.0654908444975038], "aligned_model": [[-0.6249414799754457, 0.13257292623769185, -0.2862653448302484, 0.5954655232624431, -0.3410444489754515, 0.46711002643352806, 0.18075158000845837, -0.019793104258831788, -0.6023501735924545, -0.08250499669821013, 0.0026254507503843186], [-0.28469686700901903, -0.15369546294932987, 0.3979248415763258, 0.17667068763412846, -0.6003269175122099, -0.5174453250704385, 0.5141830508989329, -0.3509504712517739, 0.591552674376659, 0.7461260901796578, 0.04393684502929098], [-0.34639080431172914, -0.5947342768437853, -0.3548476675937617, -0.019804286626739984, 0.1722978292975818, -0.003128327149862317, 0.43043905039224706, 0.6882789761327432, 0.2691552941383775, -0.004630383079718664, 0.10180783101389408]], "inverted": false, "swapped": false, "error_lsq": 0.04019036200976634, "error_max": 0.21872920618315286, "target": "604.xyz", "model": "12.xyz", "model_rescale": 4.124412569039231, "target_rescale": 3.6483193367799904},
{"mapping": [6, 9, 8, 10, 3, 7, 4, 0, 1, 2, 12], "R": [[0.712620392012489, -0.5585693580653452, -0.4244672532933901], [0.6992225995376202, 0.6147430103608441, 0.3649366897262323], [0.057095824574303816, -0.5568584231588453, 0.8286427235987927]], "T": [0.0015916524222110984, -0.06763678043926678, 0.07775862340737524], "aligned_model": [[-0.5938212035795492, 0.005489690265054553, -0.2598476061601448, 0.6060398875505149, -0.3705155207786503, 0.5264898864115688, 0.20204780096864375, -0.15459445479096048, -0.6420774982299318, 0.027171894211286726, 0.07524308249403176], [-0.1350464207931813, -0.35127687827912435, 0.33442782258298, 0.3125319132064617, -0.6737719350879972, -0.3805333103394407, 0.45354286318175774, -0.21824305877736705, 0.4036936455408273, 0.7900394662226198, 0.027915038444687984], [-0.21981873809591976, -0.4951064324293061, -0.4559919643833209, -0.10858452167580243, 0.1315154994080395, -0.062438666321518316, 0.6313517658274375, 0.6159881675916088, 0.2402454011860767, -0.0005524281173753531, 0.06183515237932734]], "inverted": false, "swapped": false, "error_lsq": 0.050882783016947736, "error_max": 0.2798982525652694, "target": "604.xyz", "model": "13.xyz", "model_rescale": 3.9028299243045295, "target_rescale": 3.6483193367799904},
{"mapping": [9, 6, 11, 2, 7, 3, 8, 4, 13, 12, 15], "R": [[-0.11655240550863778, -0.4125574622858827, -0.9034444515754043], [0.8163998646152317, 0.47823120967999877, -0.32370692168107335], [0.565603039088707, -0.7753007483552676, 0.28107285847868857]], "T": [-0.01688375779150241, 0.08493833086867307, 0.08632969266307419], "aligned_model": [[-0.48407636110262603, 0.12677136343483963, -0.380514497207247, 0.6734122271735183, -0.44082344320302214, 0.3361302953205671, 0.40511326104141954, -0.017137253599734163, -0.5699921196517075, -0.14511378787459056, -0.0821437259695533], [-0.2797816915604585, -0.28706907327380643, 0.39101659434080266, 0.27950434715934275, -0.7139622516743643, -0.4286168375023789, 0.5885928002283816, -0.30861531844022033, 0.5464608581901295, 0.7668746225026208, 0.008875095932174865], [-0.41322594299158555, -0.4478818381539382, -0.4793075323493633, -0.0803595031527772, 0.0347452164832425, 0.1045399255808738, 0.4922334388243297, 0.6381256103158206, 0.4235528363088952, 0.03379168262923478, 0.03222934187451425]], "inverted": false, "swapped": false, "error_lsq": 0.03982587458230613, "error_max": 0.19514965963799047, "target": "604.xyz", "model": "14.xyz", "model_rescale": 3.942246331269136, "target_rescale": 3.6483193367799904},
{"mapping": [9, 11, 10, 13, 7, 8, 12, 0, 5, 3, 14], "R": [[0.4516530052677825, 0.3687347015881178, -0.8124310941103268], [-0.524939584046812, 0.8461308071051739, 0.09220135773570587], [0.7214208175076049, 0.3848342202978697, 0.5757209627539979]], "T": [-0.08513473473498395, 0.11087775948936453, -0.012933384183502414], "aligned_model": [[-0.7776696109806387, 0.35789196495321546, -0.34600612194421926, 0.6789284449653037, -0.4134270343328838, 0.3338096559695635, 0.45897980846161607, -0.08256541503323822, -0.5757923711379183, -0.12871285948509986, -0.08381050307383645], [-0.20036594981180816, -0.11882295614248904, 0.23955308900198208, 0.36725525242587465, -0.6575498907158944, -0.527037292269667, 0.483283335125183, -0.2755896253057799, 0.35584890543500325, 0.8030793534963497, 0.0936249246634694], [-0.2806741258277744, -0.5277886543887772, -0.6643850669302052, -0.11974108543763538, 0.16796056417792415, 0.11509360720604365, 0.4701087560900546, 0.6126494176534165, 0.3064782306376883, 0.1754965253269012, 0.08324506686161014]], "inverted": true, "swapped": false, "error_lsq": 0.04749992356721806, "error_max": 0.28389416259551387, "target": "604.xyz", "model": "15.xyz", "model_rescale": 4.355366556412066, "target_rescale": 3.6483193367799904},
{"mapping": [10, 6, 8, 4, 7, 3, 0, 5, 1, 2, 11], "R": [[-0.8820258340936133, -0.22411343867480155, -0.4144919716916384], [0.393467414855557, -0.8342904456076865, -0.3861901679414085], [-0.25925628524367733, -0.503718789577165, 0.8240470615132155]], "T": [-0.1498360505588991, 0.034146426717494384, 0.11204325027306049], "aligned_model": [[-0.5621308934159792, 0.20002773546529423, -0.44539643893215886, 0.5975151871160547, -0.3520362447538585, 0.2229873795289245, 0.13319155723799614, 0.1221227194578301, -0.5133744717189339, 0.06413354393380902, -0.045414115557113804], [-0.1808372842593577, -0.08954777951915463, 0.4381495635926012, 0.19119657454265052, -0.8183294236867064, -0.49845722194660363, 0.45619114465839694, -0.20798127043413345, 0.4226260192256568, 0.8176164976161956, 0.03265232611267845], [-0.3134338527035467, -0.6217080956008759, -0.4680098835281571, 0.006539175704565456, 0.29331962966351605, 0.020648216237555334, 0.6077121799725081, 0.644182787988532, 0.21937770862623174, -0.0907301759533858, 0.04054554496230363]], "inverted": false, "swapped": false, "error_lsq": 0.04870875857961699, "error_max": 0.23704011880419326, "target": "604.xyz", "model": "16.xyz", "model_rescale": 3.795458400668931, "target_rescale": 3.6483193367799904},
{"mapping": [11, 7, 4, 0, 8, 3, 1, 6, 10, 2, 12], "R": [[-0.02097660212693353, 0.6415873153425874, 0.7667631309307326], [-0.6331386953441197, -0.6020720068667929, 0.4864613972406637], [0.7737540789043729, -0.47526310117542675, 0.41884318072515114]], "T": [-0.08654516416415606, 0.037386411501866695, 0.037408722145507105], "aligned_model": [[-0.7562183744216557, 0.14747605690895588, -0.2417862051079296, 0.4940196440014314, -0.2938010004605031, 0.472918447182917, 0.36702400894309173, 0.15019372555788787, -0.6410667276362316, -0.0845389765843749, -0.19259464002172477], [-0.27094230672039465, -0.2280254575361507, 0.4020966552936519, 0.15433505046452092, -0.6011669622639179, -0.5450014047575524, 0.5291300509866628, -0.28418171646578605, 0.49385630356795873, 0.7455418084987672, 0.16763712483446433], [-0.2969736371467288, -0.5158229539244301, -0.4709046119942773, 0.054079260011643725, 0.12096337185556141, 0.051790506491948614, 0.5543804914587791, 0.5832333168609996, 0.1892136507011424, 0.0451387568494021, 0.023345084205205906]], "inverted": true, "swapped": false, "error_lsq": 0.04437444402447725, "error_max": 0.20933346050652774, "target": "604.xyz", "model": "17.xyz", "model_rescale": 3.7474275329858107, "target_rescale": 3.6483193367799904},
{"mapping": [10, 8, 3, 0, 5, 4, 2, 9, 7, 1, 13], "R": [[0.7120667190859017, -0.6483913650878954, -0.2693503763682086], [0.2709613876365401, 0.6076867766574459, -0.7465230792720107], [0.6477197804454644, 0.45859068803797076, 0.608402553302121]], "T": [-0.16444398000320187, 0.08325134351948793, 0.07412151351834602], "aligned_model": [[-0.5902576819897072, 0.1278290164562212, -0.23867257370839298, 0.628760295118405, -0.32568244931867396, 0.40560816740107025, 0.25539173374069574, -0.10553696338294155, -0.5873405297582384, -0.07746654172014575, -0.0710065144764287], [-0.23692304961189364, -0.22637881895767764, 0.32833777360675953, 0.28022101694697654, -0.6209255299528991, -0.5201630532205945, 0.4783199486162399, -0.24908564379242942, 0.458671638288099, 0.7521134021138975, 0.1190914618657457], [-0.3647525226776403, -0.5051539902306853, -0.554378239045536, -0.10243532282492292, 0.03728371296305684, 0.0866689063625355, 0.48823682903051274, 0.6518812006837055, 0.5717532975890909, -0.07942616185397182, 0.10876552537310166]], "inverted": false, "swapped": false, "error_lsq": 0.03673779445417396, "error_max": 0.2132059736723449, "target": "604.xyz", "model": "18.xyz", "model_rescale": 3.922800546911778, "target_rescale": 3.6483193367799904},
{"mapping": [13, 8, 4, 1, 12, 5, 2, 3, 11, 10, 14], "R": [[0.4770559115020696, 0.03534324378605658, 0.878162008071181], [-0.782017454133083, 0.47305998817430495, 0.4057868270653175], [-0.4010814863991369, -0.8803210225293986, 0.25331509738002816]], "T": [-0.006530471008412808, 0.03921211741501189, 0.04027838329299232], "aligned_model": [[-0.6067882650315841, 0.0786384280190002, -0.338450031850947, 0.7086928478714436, -0.283321195114663, 0.4097204284719045, 0.2753884335823537, -0.010664048787759926, -0.6272307006522861, -0.11152434706608041, -0.07283559107951738], [-0.1289097876460304, -0.21510868348257978, 0.4635596450730479, 0.20144228934346287, -0.6807394371701757, -0.6004652778787721, 0.5025847048264094, -0.23258858999068732, 0.38495645418758245, 0.8389140534859683, 0.029633775153998194], [-0.24823392593014493, -0.5096832907270114, -0.44307006244028674, -0.060319824357016, 0.1941312307337289, 0.03123743103662889, 0.5081849329990156, 0.6192917964136286, 0.08963110640472222, 0.04760959724820181, 0.10966424398777949]], "inverted": true, "swapped": false, "error_lsq": 0.039886729812905704, "error_max": 0.28001357876884686, "target": "604.xyz", "model": "19.xyz", "model_rescale": 3.9282355846067225, "target_rescale": 3.6483193367799904},
{"mapping": [4, 11, 0, 10, 8, 12, 2, 7, 5, 1, 13], "R": [[0.5026616220767721, -0.43534049193105917, 0.7468667550349071], [-0.04894399769685906, -0.8768916046201923, -0.47818991921209975], [0.8630966219263045, 0.2038130757136256, -0.4620870603983126]], "T": [-0.1843601195660883, -0.06550784187934615, 0.11117032586202946], "aligned_model": [[-0.5725539918360794, 0.036799046133650176, -0.2060006917148082, 0.5983916298211572, -0.4985452151575819, 0.5344199486604998, 0.24147350887515343, 0.0443225596580846, -0.4723933478169896, -0.15432690637631383, -0.129960581884908], [-0.16343093815422316, -0.1800500179893924, 0.37007114241192623, 0.21006204350703145, -0.734063278813518, -0.47187434965554714, 0.5405401600030867, -0.1667912438475897, 0.4148043514650368, 0.6722615293680717, 0.07174974760734158], [-0.3777922797508979, -0.5606420621191132, -0.5596497858502673, -0.12033623147665765, -0.07033155451971312, 0.31369395447242554, 0.47184712115492733, 0.6817346790144289, 0.5283360106884114, -0.016482160448657635, 0.04806554420436006]], "inverted": false, "swapped": false, "error_lsq": 0.047050262860733265, "error_max": 0.26698674989980864, "target": "604.xyz", "model": "20.xyz", "model_rescale": 4.067790424073018, "target_rescale": 3.6483193367799904},
{"mapping": [6, 5, 13, 1, 2, 8, 9, 0, 12, 10, 14], "R": [[-0.05090046731833009, 0.9531558371467003, -0.2981662162954566], [0.6136500707737541, 0.2653953146657485, 0.7436389699261567], [0.7879357417113039, -0.14511814864668637, -0.5984128924640713]], "T": [-0.1341826455688165, -0.047279661922752944, 0.023696456666064313], "aligned_model": [[-0.6623523711097532, 0.1855450027802911, -0.10771889625586098, 0.5860899783941016, -0.4610602772529623, 0.3527993934722409, 0.1957755625872565, -0.07491639967240152, -0.4257113386577288, -0.03570352237886826, -0.13112117354445144], [-0.34375464876712664, -0.1620896644044868, 0.41702811517600286, 0.33360194857503495, -0.6914358565831518, -0.3439517999489678, 0.5432581312805014, -0.4085450185216491, 0.4281702288633952, 0.7606022823443372, 0.030395427888334534], [-0.40138733024307194, -0.4590654049895346, -0.49960218003683327, -0.07347168231479242, 0.2024021989468612, 0.02227066024924975, 0.4063746441003034, 0.632328433923074, 0.549027104310953, -0.07072519326992302, 0.030291984692960544]], "inverted": false, "swapped": false, "error_lsq": 0.0452759480881189, "error_max": 0.25657967232477635, "target": "604.xyz", "model": "21.xyz", "model_rescale": 4.186013935880536, "target_rescale": 3.6483193367799904},
{"mapping": [11, 9, 8, 1, 4, 7, 0, 6, 5, 2, 12], "R": [[-0.8123794662218397, 0.05246371071705325, -0.5807642911878417], [0.5730502297883958, 0.2561957871856205, -0.7784453434685104], [0.1079492334413989, -0.9652001231279126, -0.23819253832409776]], "T": [-0.08138090395747898, -0.010124274221788077, 0.01184891084792564], "aligned_model": [[-0.6375781275534355, 0.13100198085823972, -0.34414183068463644, 0.6176159536399045, -0.27601506331541714, 0.4631086356610923, 0.2609969586425147, -0.07152945992862311, -0.5108377859189213, -0.09505419327112911, -0.11594110976772481], [-0.15980551143902358, -0.061723332212265156, 0.38195315765032756, 0.20520079155939835, -0.6943980463813592, -0.4764675015232915, 0.3609946313846406, -0.20878796597605326, 0.5216041327526636, 0.7264713000822757, -0.03176250999508939], [-0.2473925873755002, -0.5692550451618236, -0.5922207155244553, 0.024566813491703813, 0.15848825588876317, 0.16798627177357936, 0.5284111995501865, 0.531741722537323, 0.37429954730373827, -0.07145297352453689, 0.03327074641026862]], "inverted": false, "swapped": false, "error_lsq": 0.04030529863257442, "error_max": 0.2234648075595076, "target": "604.xyz", "model": "22.xyz", "model_rescale": 4.166573947596378, "target_rescale": 3.6483193367799904},
{"mapping": [5, 10, 13, 9, 0, 8, 11, 4, 6, 12, 15], "R": [[-0.3030743870542747, 0.7697291810297737, -0.5618388592674145], [-0.899147628125601, -0.42629922649948715, -0.09900763769550645], [-0.3157205390021077, 0.47516939859083185, 0.8213005441950259]], "T": [0.0010752623904926942, 0.09931225542124156, 0.10840890250439036], "aligned_model": [[-0.6936867092216824, 0.11808366160886988, -0.32945667918609095, 0.5887881750227989, -0.3540632173179191, 0.47888950223890114, 0.3744737064735436, 0.01446679244329372, -0.6481948358301106, -0.06343117406540644, -0.06424326380433343], [-0.10070854886946556, -0.04219962161069232, 0.1877498011967862, 0.19471656581568655, -0.634320377787252, -0.5524908091313501, 0.6708311455375839, -0.44047890366335685, 0.4514160528168651, 0.7507676915765832, 0.07799615002083589], [-0.3019073923874983, -0.6176934706327109, -0.666020290508474, 0.031332861055015954, 0.15755747888239321, 0.13883023480794957, 0.5034191398691257, 0.6067056864209077, 0.29165433186909107, 0.07966712822666873, 0.11489752776677788]], "inverted": true, "swapped": false, "error_lsq": 0.04597040351696952, "error_max": 0.3199359158575622, "target": "604.xyz", "model": "23.xyz", "model_rescale": 4.274766983524099, "target_rescale": 3.6483193367799904},
{"mapping": [4, 3, 5, 6, 2, 0, 8, 1, 9, 7, 10], "R": [[-0.4333607543713456, 0.8315300686170762, 0.34749993029694104], [-0.26599711367934276, 0.2503938942638225, -0.9308858325432054], [-0.8610714210127737, -0.49584336508728066, 0.11267371128157905]], "T": [0.05305384525087092, 0.054922693270961775, 0.04192525781167089], "aligned_model": [[-0.5967895960437559, 0.14330351251806267, -0.22706135405829148, 0.5671102412016789, -0.452524272452098, 0.566118591946189, 0.339621730766732, -0.2616331317017324, -0.5383004734573122, -0.15684898119124333, 0.03862969083363439], [-0.046511808829355406, -0.28870731805477035, 0.34949708340917474, 0.3284730200217466, -0.7503978384293947, -0.3995008964147148, 0.5578491506571402, -0.2744265077321196, 0.38760674684647717, 0.6509457529143197, 0.04845176151372044], [-0.1927983040659896, -0.39372103985004214, -0.6658899386930375, -0.29856159455316456, -0.11402707109531177, 0.3183906426176184, 0.5001336745352328, 0.5082776898187025, 0.5589231749090435, 0.0003344859171753173, 0.11738151582901965]], "inverted": true, "swapped": false, "error_lsq": 0.0643516246208153, "error_max": 0.29147428870533293, "target": "604.xyz", "model": "24.xyz", "model_rescale": 3.7841303162186577, "target_rescale": 3.6483193367799904},
{"mapping": [4, 3, 6, 13, 2, 12, 10, 9, 0, 7, 15], "R": [[0.027482430927524892, 0.6739354232241938, 0.7382789183729556], [0.7698339976099143, 0.4568518408214539, -0.4456927323414506], [-0.6376522030968393, 0.5806009308136497, -0.5062630018321223]], "T": [-0.09916079605797246, 0.08958873588434846, 0.11771557726226894], "aligned_model": [[-0.5192387378061576, 0.13299558259850164, -0.2593584651341296, 0.626530290435756, -0.33703578152818114, 0.37096115072839597, 0.21634765372347547, 0.09167710771367937, -0.6245843846575119, -0.17282882716023978, -0.10383963055172424], [-0.25585280603741073, -0.12017129039775865, 0.3427476623572091, 0.014874555385201077, -0.6161213554414284, -0.5050032646827229, 0.5538188809503657, -0.23859993249598527, 0.5461446497234308, 0.7355183935741115, 0.10592365296721137], [-0.3930769509032099, -0.624649585482046, -0.5397596823579727, -0.16475607704473144, 0.2368028822772611, 0.09286372744019872, 0.6564176245998405, 0.5627029938898731, 0.3560781150766996, 0.10532773602336329, 0.050492451849970144]], "inverted": false, "swapped": false, "error_lsq": 0.04352163643712544, "error_max": 0.22587236213087752, "target": "604.xyz", "model": "25.xyz", "model_rescale": 4.19342608120988, "target_rescale": 3.6483193367799904},
{"mapping": [10, 6, 8, 4, 7, 3, 0, 5, 1, 2, 11], "R": [[-0.8820258340936133, -0.22411343867480155, -0.4144919716916384], [0.393467414855557, -0.8342904456076865, -0.3861901679414085], [-0.25925628524367733, -0.503718789577165, 0.8240470615132155]], "T": [-0.1498360505588991, 0.034146426717494384, 0.11204325027306049], "aligned_model": [[-0.5621308934159792, 0.20002773546529423, -0.44539643893215886, 0.5975151871160547, -0.3520362447538585, 0.2229873795289245, 0.13319155723799614, 0.1221227194578301, -0.5133744717189339, 0.06413354393380902, -0.045414115557113804], [-0.1808372842593577, -0.08954777951915463, 0.4381495635926012, 0.19119657454265052, -0.8183294236867064, -0.49845722194660363, 0.45619114465839694, -0.20798127043413345, 0.4226260192256568, 0.8176164976161956, 0.03265232611267845], [-0.3134338527035467, -0.6217080956008759, -0.4680098835281571, 0.006539175704565456, 0.29331962966351605, 0.020648216237555334, 0.6077121799725081, 0.644182787988532, 0.21937770862623174, -0.0907301759533858, 0.04054554496230363]], "inverted": false, "swapped": false, "error_lsq": 0.04870875857961699, "error_max": 0.23704011880419326, "target": "604.xyz", "model": "26.xyz", "model_rescale": 3.795458400668931, "target_rescale": 3.6483193367799904},
{"mapping": [0, 3, 7, 11, 2, 9, 8, 1, 6, 5, 12], "R": [[0.09410358180832791, 0.9878797760961111, 0.12344255291892225], [-0.8359731261690728, 0.01107446897236496, 0.5486586265248072], [0.5406417004023563, -0.15482539881194463, 0.8268830918991943]], "T": [0.1224124107347731, 0.022825459960214275, 0.03815502396138476], "aligned_model": [[-0.6124645106443174, -0.06846583910408699, -0.2810374213130329, 0.8056325735574421, -0.21151412387656376, 0.2773589886492133, 0.20835754518719035, -0.1659465993281009, -0.45559730857963615, -0.09331482149488082, 0.01861747530863686], [-0.2791100928690896, -0.2842039222536949, 0.3914073211274078, 0.221292083275614, -0.7905452358583872, -0.37762481536872344, 0.4857074960841424, -0.13040823355628028, 0.4727542539590687, 0.7427828335386871, 0.11122745782347929], [-0.20692460484314626, -0.6055646440958031, -0.5631633137504639, 0.11161113518218993, 0.08006080596375537, 0.040484207721966925, 0.5941274734621624, 0.5318367909308379, 0.4184914597451266, -0.006382705939842637, -0.05613336900753679]], "inverted": false, "swapped": false, "error_lsq": 0.05374055535285637, "error_max": 0.25408999751536376, "target": "604.xyz", "model": "27.xyz", "model_rescale": 3.6321398670334006, "target_rescale": 3.6483193367799904},
{"mapping": [4, 13, 1, 11, 12, 9, 0, 8, 3, 5, 14], "R": [[-0.3893883834067058, 0.33168564645331566, -0.8592795347293909], [-0.8880521316420242, -0.38275361253732076, 0.2546823189302455], [-0.24441787650245445, 0.8622553589433217, 0.44359395579691374]], "T": [-0.03870942081910404, -0.016899052600963832, 0.10780637623519473], "aligned_model": [[-0.6892336347939502, 0.32760829433230443, -0.3168534157486992, 0.5562497882101647, -0.31146432214916364, 0.42598450432673163, 0.1942747451518062, -0.14451655783353334, -0.4893999712460041, -0.09832476808349878, -0.03269870380429386], [-0.10515747888692811, -0.16244364407478612, 0.3759376549436104, 0.15388627052888315, -0.769320767937943, -0.48902199860300144, 0.46795561414423315, -0.18977960306117767, 0.4282967988752605, 0.8532965890331107, -0.00037028905903751727], [-0.39765969540657686, -0.6071100072482302, -0.35650218004656126, -0.06360467770653272, 0.3151130499090942, 0.01987662580257646, 0.4241069054192125, 0.5831449722106807, 0.3728323401453563, 0.0020950844049962697, 0.04615081788523154]], "inverted": false, "swapped": false, "error_lsq": 0.04322417880391894, "error_max": 0.18003018440882582, "target": "604.xyz", "model": "28.xyz", "model_rescale": 4.156811204709835, "target_rescale": 3.6483193367799904},
{"mapping": [3, 7, 5, 4, 8, 6, 1, 2, 0, 10], "R": [[0.5898266781445004, 0.764633401496084, -0.2596926088003908], [0.07566567436964916, 0.2678429727525863, 0.9604867764156069], [0.8039771112856451, -0.5861705411086318, 0.10012442891324592]], "T": [-0.1907933652870767, 0.013969698883764741, -0.05025062941681835], "aligned_model": [[-0.759620518359685, 0.19197144863815074, 0.006949518550732781, 0.6715838127352315, -0.04138889213081859, -0.6787045525523507, -0.29657649418533577, -0.5161433568577628, 0.282998747359846, -0.2181443390874201], [-0.017429040958205428, -0.46008607739176366, -0.01719877341402801, 0.08764184222678655, -0.40046513207244233, -0.6199708920203091, 0.6005042248353806, 0.391079752104498, 0.41709061106787715, -0.06244618375158971], [-0.42461987424372405, -0.245533948235325, -0.6721774199608553, -0.20890766419429896, 0.6320855885973555, 0.0069998522558936335, -0.21556118073508443, 0.4607025731535601, 0.3588554169448127, 0.06694338339276532]], "inverted": true, "swapped": true, "error_lsq": 0.06072702964882981, "error_max": 0.33024216198314094, "target": "604.xyz", "model": "29.xyz", "model_rescale": 4.117894457231895, "target_rescale": 3.6483193367799904},
{"mapping": [5, 8, 6, 7, 0, 1, 13, 3, 11, 10, 14], "R": [[-0.8642444060221571, 0.5027314470814112, -0.018512125076262265], [-0.25740376687390465, -0.47351944298398607, -0.8423316674061709], [-0.4322324692321638, -0.7232153408436286, 0.538641497946362]], "T": [-0.12018825509082168, 0.09179629106367218, 0.13112494934438895], "aligned_model": [[-0.5751949696914561, 0.10993694160674272, -0.2037659756841354, 0.45524773369909033, -0.2161168551553751, 0.3669799827686784, 0.42890857728480125, -0.21782452668881508, -0.6264938225540141, -0.006288330858813113, -0.09376279636483967], [-0.2978203879638993, -0.20644453623138923, 0.32818059663501853, 0.3480737659280002, -0.6697890449783314, -0.5976825441677446, 0.5239233647332071, -0.24037683266016066, 0.46690115227509, 0.7713660568027719, 0.1369475555296608], [-0.44949498195475074, -0.4687787841299162, -0.4595752012731184, -0.04265347145819684, 0.20231435050836144, -0.03474991809358413, 0.49829679372624874, 0.5552527312755073, 0.4895306492993398, -0.06770338225450762, 0.11600444972386313]], "inverted": true, "swapped": false, "error_lsq": 0.048528910516924095, "error_max": 0.22479827292277638, "target": "604.xyz", "model": "30.xyz", "model_rescale": 4.100398675895297, "target_rescale": 3.6483193367799904},
