[{"mapping": [2, 0, 3, 4, 1, 12, 6, 8, 7, 5, 9, 10, 11, 13], "R": [[0.582061896048776, 0.11344940347983401, 0.8051913946498521], [0.7876706985144393, 0.16724789555756076, -0.5929612231279064], [-0.20193766332677887, 0.9793658020788951, 0.007987856313394118]], "T": [-0.11650244737161321, 0.15927440572159024, -0.07421510580016992], "aligned_model": [[-0.1690419567613884, 0.1271218300487157, -0.5409585534376556, -0.04116815597840824, -0.273016128596887, 0.2768081893802807, -0.6170746295957562, -0.10591156869066246, 0.3736015534719603, -0.6758278390354224, 0.5736287685889075, 0.7131207924217339, 0.03347834821498695, -0.0035627915162107088], [-0.5315779815456079, -0.010799092693676016, -0.08308937236526148, -0.6959692966938467, 0.5063524126646829, 0.5191907958142996, -0.3120762995146301, -0.06161208178550748, -0.20980958528309868, 0.558283186635141, -0.05935952867813027, 0.5741385625118612, 0.5033553415147811, 0.11915807581165036], [-0.4077129684170073, -0.7863489774625435, -0.2594099191520893, 0.34565056394445176, -0.5079021336309499, -0.2997960073278887, 0.26015338440835784, 0.6752354426339763, 0.36733846786518076, 0.24256298598587211, -0.1867374558021953, 0.319538543131638, 0.5141520511878571, 0.03612607629073998]], "inverted": false, "swapped": false, "error_lsq": 0.04326209346724876, "error_max": 0.271427181961919, "target": "605.xyz", "model": "0.xyz", "model_rescale": 3.8414455957264533, "target_rescale": 3.867982715236859},
{"mapping": [10, 5, 6, 12, 2, 4, 8, 13, 11, 9, 1, 0, 7, 14], "R": [[-0.8635230786774766, 0.06230390057525413, -0.500445917721867], [-0.439192952993827, -0.5806377381253189, 0.6855431183414182], [-0.24786577543488092, 0.8117746245343116, 0.5287575212989815]], "T": [-0.02381511486355983, 0.10553138179926524, -0.008465185404604943], "aligned_model": [[-0.13464285644783577, -0.08576688401866808, -0.6607501507920968, 0.019922250977142845, -0.27461847839215103, 0.2786290792492534, -0.5510323620501991, -0.09672398395550547, 0.49205283918037346, -0.5447259250932989, 0.7998720291786442, 0.4707949077627858, -0.08424404956990125, 0.042431442485650936], [-0.4761044645952647, 0.003555005184362442, 0.0541927930752536, -0.6126734630734757, 0.5904021490154999, 0.49041801250489153, -0.38165430583268956, 0.025415998437698928, -0.37300859044973234, 0.3957698218179688, -0.13603701553068662, 0.4766301997297282, 0.7079183171998488, 0.05136067890925376], [-0.3516826883012927, -0.656605279746516, -0.45758129856264207, 0.24561824085085054, -0.5050563044958707, -0.24554539503778502, 0.3216779313434088, 0.7419432519119624, 0.4723103870618305, 0.32308157708109275, -0.11654889981051325, 0.36990495395016204, 0.20701874913361445, -0.035685171722902274]], "inverted": false, "swapped": false, "error_lsq": 0.039357368698520766, "error_max": 0.24821194663086987, "target": "605.xyz", "model": "1.xyz", "model_rescale": 4.316132596720782, "target_rescale": 3.867982715236859},
{"mapping": [4, 9, 2, 10, 1, 5, 3, 11, 6, 12, 7, 13], "R": [[-0.6827169580344299, 0.04552574854930247, 0.7292633004829189], [0.6476156542391127, -0.4244806872898259, 0.6327796697922612], [0.33836595513830925, 0.9042917407214237, 0.2603169761393922]], "T": [-0.08462251889165426, 0.08277132164325617, -0.14689629225811104], "aligned_model": [[-0.15211587781803124, 0.4563417947923091, 0.1216928337075425, -0.60244899726904, -0.6749779290216599, -0.41977952944452457, -0.07135690603752595, -0.294965269496004, 0.4557389974583991, 0.2133290614804149, 0.6065266394919251, -0.040176263212024534], [-0.7690272576859123, -0.3128105979932086, -0.5880591711468206, 0.5260805253176432, -0.3366818803314181, -0.12347724309051493, 0.45594771202186446, 0.5551925369741787, 0.0643917047497775, 0.098583020152661, 0.42678205933667324, 0.015855019436057022], [0.11184776013032613, 0.10464520044614725, -0.4518482206589405, -0.05250891365256502, -0.41027335500274764, 0.3772014643877233, -0.6275788053757178, 0.5296751185535581, -0.5394397718679104, 0.49044825769057965, 0.017498659272080525, -0.10040893271311246]], "inverted": false, "swapped": true, "error_lsq": 0.04277027574475098, "error_max": 0.2544830390888212, "target": "605.xyz", "model": "2.xyz", "model_rescale": 3.795458400668931, "target_rescale": 3.867982715236859},
{"mapping": [1, 0, 2, 7, 5, 12, 6, 10, 3, 8, 4, 13], "R": [[0.9081737813377236, -0.12562770073274032, 0.3992969617957864], [0.05915614213249691, 0.9828468119011559, 0.17467883438967055], [-0.4143922462338558, -0.13501786972226734, 0.9000273557603239]], "T": [0.09198852771683524, 0.013082734808582361, 0.057599489121912956], "aligned_model": [[-0.1639472182785166, -0.1464734279985102, -0.6676161577935993, 0.21728676618419113, 0.1756904830214517, 0.19614192708601036, -0.22205922988528531, 0.689702516170037, 0.27815499927128956, 0.775348893840607, -0.5700482951871766, 0.031122569313066457], [-0.20346325354681094, -0.5733644883505271, -0.0707210489619868, 0.1686976852229876, 0.5244055505960015, 0.6562910005666068, -0.28538706371443956, -0.08403191382335497, -0.5440138525379139, -0.0635879349600106, 0.47968726212191487, 0.08125710267724272], [-0.6362540292416932, -0.15452479123340998, 0.018192624404930885, 0.8212359114563988, -0.34376083705904226, 0.3234348247446719, 0.5662334905100974, -0.26933020062747703, 0.21721687687560834, 0.3905135007249938, -0.31796956991065484, 0.07378362999467653]], "inverted": false, "swapped": true, "error_lsq": 0.049076198001685195, "error_max": 0.2667617101497812, "target": "605.xyz", "model": "3.xyz", "model_rescale": 3.7530521520055578, "target_rescale": 3.867982715236859},
{"mapping": [6, 8, 7, 11, 9, 10, 2, 0, 1, 5, 13], "R": [[0.13709295222879703, 0.9348346348002305, 0.32755110750402394], [0.9299898697476219, -0.0076141458587069, -0.36750628151045756], [-0.34106357855390257, 0.3550017328982525, -0.8704305859879028]], "T": [-0.0894473676653489, -0.0373151020317409, 0.026127670304602182], "aligned_model": [[-0.369618849817832, -0.033485894278267495, 0.1663257300843658, 0.48446048922783225, 0.2977868805097621, -0.13916620588250336, -0.28103949588837823, -0.7231679793664196, -0.41539304608860644, 0.3804347995146964, -0.02893682556944429], [-0.6155327991624643, 0.20342520929755223, -0.49843967687675633, 0.4723919900627663, -0.6201322590241168, 0.6157820705082862, -0.5385534035894117, -0.04248667530400143, 0.283631709198467, 0.2996753864428418, -0.09255819323881692], [-0.15713988647174892, -0.6967858353865407, -0.561239757982694, -0.34265845120633476, 0.177039448938012, -0.1849846442526722, 0.5716804861391872, 0.23625287423309788, 0.6462732460970366, 0.3346650429882364, 0.06972825414973702]], "inverted": false, "swapped": true, "error_lsq": 0.05005958255305318, "error_max": 0.2554664881535009, "target": "605.xyz", "model": "4.xyz", "model_rescale": 3.7855080009869324, "target_rescale": 3.867982715236859},
{"mapping": [6, 13, 8, 4, 15, 14, 7, 5, 0, 10, 1, 2, 3, 16], "R": [[0.14832799564700735, 0.988793407850723, -0.01692342454397483], [-0.9348021387050822, 0.14577202138826098, 0.32387571575032414], [0.32271313450144196, -0.03221978229806374, 0.9459482641502759]], "T": [0.016882619235500527, 0.06987798778092232, -0.07195092841474086], "aligned_model": [[-0.1700324453750902, -0.06371448132517431, -0.5956484493371866, 0.09629690444977126, -0.41860686015374327, 0.29866057618800007, -0.5092519587372971, -0.17965674672959916, 0.4235693789732563, -0.5926527986217645, 0.673353585301679, 0.5576989731433649, 0.11356884770228262, 0.03761333303569466], [-0.5151224054901542, -0.018430401302307844, 0.07920346452172018, -0.584296560324469, 0.6467182589012117, 0.6131356232454266, -0.36321104569344104, -0.03998271520093978, -0.15163253912856628, 0.3501266699917847, -0.2828671745506357, 0.49971392819997, 0.4641087927711278, 0.11872124045193011], [-0.29311685382204006, -0.7864951010689833, -0.41840236726350544, 0.2638314650789641, -0.46808515016415303, -0.36034254240179914, 0.23947445080400004, 0.7054846947629415, 0.5557534998337774, 0.2124634252506975, 0.06116804150762263, 0.18985897065053153, 0.4916539429454028, -0.08039642245805699]], "inverted": true, "swapped": false, "error_lsq": 0.03554380200807072, "error_max": 0.20582158848487572, "target": "605.xyz", "model": "5.xyz", "model_rescale": 4.2253639853439635, "target_rescale": 3.867982715236859},
{"mapping": [4, 1, 10, 3, 8, 9, 2, 6, 7, 5, 0, 12, 11, 13], "R": [[0.9720116669526817, 0.06629761358277499, -0.22538399619559962], [0.0273341580647404, 0.9209259474317708, 0.3887778840800839], [0.2333370161606615, -0.38405732095629214, 0.8933385758541466]], "T": [-0.039237474443632354, 0.08097511812928898, -0.029200526204758093], "aligned_model": [[-0.15707284140070385, -0.04228501269170629, -0.731048344457535, 0.0946963847959931, -0.2680252583307148, 0.3448318073888794, -0.5623764711288606, -0.0975123995139654, 0.5291263827313314, -0.5910761267715243, 0.674745944646556, 0.6005116125871219, -0.09000989978225518, -0.0333079195584223], [-0.5623718046970669, -0.07720699585688048, 0.06963807603740513, -0.5135025923124001, 0.6817558832109851, 0.40977000855874524, -0.29039672063631816, -0.02511020440227668, -0.1567175571345559, 0.29741801947493873, -0.21095406870422195, 0.5086512182888998, 0.6561813019214997, 0.029030572643903442], [-0.29962773524718567, -0.7459117046328329, -0.38945275173064287, 0.33365956506394195, -0.3933206957238064, -0.37122557538321166, 0.16721780174927264, 0.602517690704118, 0.47065538704427556, 0.1929882194703955, -0.2484439444996045, 0.4991535439646826, 0.49244475151337086, 0.002195501362626393]], "inverted": false, "swapped": false, "error_lsq": 0.04332703712921277, "error_max": 0.2284902398945939, "target": "605.xyz", "model": "6.xyz", "model_rescale": 3.89814844738969, "target_rescale": 3.867982715236859},
{"mapping": [8, 3, 6, 11, 9, 0, 10, 12, 5, 1, 2, 4, 13], "R": [[0.755023151517377, -0.16625665495793485, -0.634270262076795], [0.60303812581282, 0.5558831757362638, 0.5721353980916822], [0.2574588500885716, -0.8144646214634276, 0.5199637688296236]], "T": [-0.06131680829380391, 0.08142273269547248, -0.10033841848140762], "aligned_model": [[-0.10195878509005722, -0.1361051801892612, 0.4506179247673261, -0.3027753735343107, 0.549512803091078, -0.27052798902567793, -0.6361423902685852, 0.2680679782498088, -0.3275813495336951, -0.5926098165548415, 0.22984799798117406, 0.02242368330352075, -0.004137702292256608], [-0.41218529474435694, 0.2995296830439256, 0.41013869451793383, -0.7350665191980038, 0.05386615769583308, 0.6900795162092638, -0.2123898198149187, -0.48128781598487014, -0.2501427159462344, 0.5416858408334462, 0.6825549158661974, 0.3021545131522253, 0.07484410984004433], [-0.6820521502105887, -0.6636574496497016, -0.37654017007290796, -0.11509694715703997, 0.2718556000148624, -0.2779581300291474, -0.33872051366863787, 0.16441756389245948, 0.39837462330114654, 0.21543616370765223, 0.27307610634823193, 0.7606666157989823, -0.027526281439015768]], "inverted": true, "swapped": true, "error_lsq": 0.0439735659931182, "error_max": 0.27311854947234615, "target": "605.xyz", "model": "7.xyz", "model_rescale": 3.7474275329858107, "target_rescale": 3.867982715236859},
{"mapping": [2, 1, 4, 3, 13, 12, 8, 5, 6, 9, 0, 10, 11, 14], "R": [[0.7696355281936923, -0.46605336077775467, 0.4364119827064522], [-0.059585322856811895, -0.7329580974859351, -0.6776592186562862], [0.6356970528813753, 0.4955468617977101, -0.5918805324728761]], "T": [0.014476963082512378, 0.11685098914771355, 0.01486788098207011], "aligned_model": [[-0.2955813345564657, 0.307781198509975, -0.6833624160440875, 0.07788676268963225, -0.43806815891932555, 0.1901003326650684, -0.5608574883366395, -0.13500854330125706, 0.5061652213315028, -0.4416861315593807, 0.5818102951188495, 0.6292971623025226, -0.052788331183640666, -0.014490710202559601], [-0.4862840993595742, -0.19057778788389615, 0.022065278901642074, -0.5634617131740612, 0.6204832898044333, 0.6005322833613836, -0.22019306772741373, -0.18678659887030633, -0.21751498019587698, 0.380064408795745, -0.21481726270659898, 0.4713772666350079, 0.692052463495464, 0.10924565531670835], [-0.4838117886720792, -0.6050208127227055, -0.32610384206674103, 0.23232675377883955, -0.5764604939333653, -0.3255017070889173, 0.15840146099700622, 0.6461204156666249, 0.5746715551775331, 0.5652989546800575, -0.033529419556422704, 0.2823947037313622, 0.24091787475629947, -0.03685360109209218]], "inverted": true, "swapped": false, "error_lsq": 0.04920608793558229, "error_max": 0.3712301728891684, "target": "605.xyz", "model": "8.xyz", "model_rescale": 4.019505241142653, "target_rescale": 3.867982715236859},
{"mapping": [1, 10, 5, 4, 2, 9, 12, 0, 6, 3, 11, 7, 13], "R": [[0.8265232657928054, -0.4486290849095411, -0.33998711045629837], [-0.537229358848949, -0.4483628935324475, -0.7143915814831236], [0.16805923685993185, 0.7731123203496624, -0.6115990786696939]], "T": [-0.05555117851326871, -0.06042914909458861, 0.0755449201457069], "aligned_model": [[-0.3894511251665912, -0.6928073822066741, -0.11688056800660324, 0.37865890052666895, 0.39331931012982935, 0.6508143326258558, 0.3211926797103395, -0.28494108692259434, 0.3195507370849394, -0.3381572935271211, -0.32675083292863705, 0.379558176244555, 0.02559492417720903], [-0.6228769282815072, 0.19239341051617684, 0.16053977737560124, -0.39145220740454545, -0.6691630708109392, -0.01264262887850074, 0.49403188476300375, -0.6579400451493215, -0.2807928092854726, -0.20226941944640917, 0.7139773650797048, 0.3970925006388191, -0.05751960100255166], [-0.33187537562903485, 0.015866002450250848, -0.5384246151063773, -0.6308190087323176, -0.04078886852994504, -0.030118600207910268, -0.1386285063796786, 0.2656558330537059, 0.582651587657859, 0.5956481740297419, -0.15231479459923578, 0.5492642846419924, 0.030587381394828174]], "inverted": true, "swapped": true, "error_lsq": 0.04834753677971076, "error_max": 0.286809341794566, "target": "605.xyz", "model": "9.xyz", "model_rescale": 3.877068213659057, "target_rescale": 3.867982715236859},
{"mapping": [9, 14, 2, 8, 13, 6, 7, 1, 0, 4, 11, 12, 3, 15], "R": [[0.7265810564033559, 0.6228675077926751, -0.2900276473233636], [0.6781315980539719, -0.5821899072676968, 0.44854481113529465], [0.1105328195449198, -0.5225810746781524, -0.8453942962852764]], "T": [0.004006069456363448, 0.12481303425046777, -0.013911114363612222], "aligned_model": [[-0.05496186260229769, -0.054444566108969, -0.5535526589035404, -0.02349170065244463, -0.35490231077283657, 0.3131931149288916, -0.5992494277011704, -0.17180248311853885, 0.4855477931223467, -0.5739385485611717, 0.6195805784237938, 0.6551173237296608, -0.07774630129344576, 0.061848908023916085], [-0.3817686735848468, 0.05772203721632893, -0.08989820390626993, -0.6299044387987048, 0.559495986651349, 0.5980536840585825, -0.2807971133885063, -0.08193318549190129, -0.16529649478307049, 0.33118486158690585, -0.28224019894003016, 0.37499899482472243, 0.7112884627828916, 0.09527941816520616], [-0.4328897059110017, -0.7895423849797211, -0.3026717532817178, 0.1441026328908991, -0.5429423057474253, -0.26038876731821586, 0.3573701573136898, 0.8102575356511723, 0.5497555115479479, 0.2715382981972752, -0.008346447044415641, 0.2537758957876486, 0.2143967136509364, 0.04843467289832752]], "inverted": false, "swapped": false, "error_lsq": 0.03727486046238686, "error_max": 0.24170975727987865, "target": "605.xyz", "model": "10.xyz", "model_rescale": 4.260839863003843, "target_rescale": 3.867982715236859},
{"mapping": [1, 10, 3, 0, 6, 2, 4, 5, 8, 7, 9, 13], "R": [[0.6215772268909947, 0.7625448526382267, -0.17935188520181827], [-0.7815896033227329, 0.6190577293092829, -0.07671518598196972], [0.052530400610641535, 0.18786398137317306, 0.9807893155588034]], "T": [0.054627491651123065, -0.04651377944312663, -0.0003113487514491836], "aligned_model": [[0.15168715437048583, 0.38930332459765205, -0.3753165926572827, -0.3720560867765739, -0.560878294623666, -0.2896983006814399, 0.34001301300026276, 0.683357466483686, 0.09433672183154285, -0.17672762776847387, 0.0014017344833893858, 0.07347613683454794], [-0.07476840313631569, -0.6448617184534134, -0.4772400610879412, -0.20957002901271526, 0.13375219263081164, 0.5222712242199187, 0.6869350631375476, 0.09687972201956291, -0.590718205711876, 0.06714290772689424, 0.6197818346083114, 0.043473978592149416], [-0.7642544580268235, -0.05987744426609953, 0.010423077460494312, -0.4872763819594987, 0.18697337680816756, -0.3791234680838109, -0.42182357563709266, -0.11729029208736771, 0.5344374148574217, 0.7457538046039354, 0.25584824963295155, 0.012387774093226557]], "inverted": false, "swapped": true, "error_lsq": 0.05333669590833922, "error_max": 0.33146819508457753, "target": "605.xyz", "model": "11.xyz", "model_rescale": 3.890672605050136, "target_rescale": 3.867982715236859},
{"mapping": [5, 8, 7, 9, 3, 0, 12, 10, 11, 4, 6, 1, 2, 13], "R": [[0.4344917680275003, -0.10502940220799556, 0.8945310101881143], [-0.9002709513789212, -0.020868708006328562, 0.43482951961595134], [-0.027002178053431358, -0.9942501303484843, -0.10362220168667094]], "T": [0.10113621329173078, 0.022677702213697228, 0.014803697800792538], "aligned_model": [[-0.25517576885444504, 0.12812529898612002, -0.6566360914748381, 0.1873141464881731, -0.3327652221225095, 0.21282468769482965, -0.5479376128615068, -0.3558773801772615, 0.3181343055821423, -0.31193031095667667, 0.6302239480062859, 0.6690544099263238, 0.05103055782716914, -0.06518710954961196], [-0.5911113097666656, 0.027276740360307222, -0.07456349062598763, -0.7331314664326201, 0.6222968136824814, 0.5463651128319322, -0.2825118491238751, -0.033103902899561576, -0.060742099515706284, 0.5472033820826394, -0.14048867137373244, 0.5528067522798803, 0.38900326183536804, 0.046885863058197405], [-0.30343678043271727, -0.7052251099143154, -0.3637322381686723, 0.17956498100031598, -0.5376903035321479, -0.2341375008640572, 0.21653285459831872, 0.7813332095341042, 0.5135171711670143, 0.22765552778706544, -0.14488740228467034, 0.05640180590051996, 0.6221414467716797, 0.004812392092961594]], "inverted": true, "swapped": false, "error_lsq": 0.04796740928085568, "error_max": 0.305425724835097, "target": "605.xyz", "model": "12.xyz", "model_rescale": 4.124412569039231, "target_rescale": 3.867982715236859},
{"mapping": [8, 0, 1, 7, 10, 11, 6, 12, 2, 9, 5, 4, 13], "R": [[-0.49891239299527007, -0.44405605924197167, 0.7442450136656773], [0.6638223118043689, 0.35627908950676823, 0.6575752038595524], [-0.5571591895198686, 0.8221188640523458, 0.11702226669674565]], "T": [0.08336499910590833, 0.1316163587278274, 0.10418893424939835], "aligned_model": [[-0.18574954356544165, 0.06113266243373294, 0.6348103657769932, -0.5669865555540289, 0.4167770202902361, 0.36084984200273856, -0.5247109398014926, 0.06091402451982314, 0.016051600800442767, -0.15578297241924544, 0.6394158919889043, 0.525560962491564, 0.08501594854553099], [-0.47997242560862896, 0.6800492839699838, 0.6372638656670409, -0.2548396615579635, -0.2221084088801476, -0.6734142886244723, 0.4032224089739596, -0.3496469393423528, 0.8078541177615743, 0.20282929075479036, -0.08711160701451923, 0.5405204740305807, 0.1428392663786322], [0.4746319696946365, 0.4843312890420574, 0.288733190187418, -0.12109055129596732, 0.5913146900062016, 0.11431662600523229, 0.050406334414250915, -0.4087582570637164, -0.24758749059467622, -0.566733961769396, -0.1650927625383924, -0.5548443064499231, 0.012071311330113701]], "inverted": true, "swapped": true, "error_lsq": 0.03999101825868538, "error_max": 0.23787195995446528, "target": "605.xyz", "model": "13.xyz", "model_rescale": 3.9028299243045295, "target_rescale": 3.867982715236859},
{"mapping": [1, 12, 14, 6, 13, 5, 9, 7, 3, 10, 2, 0, 4, 15], "R": [[0.08774616423749104, -0.5191974805243487, -0.8501379810823511], [0.6600409116766708, -0.60889560104038, 0.4399910703033688], [-0.746087532113114, -0.5997333768024281, 0.28926332497314666]], "T": [0.06776157431125142, 0.04598595554219706, -0.04828530124489816], "aligned_model": [[0.10656626460501868, -0.0008882674259149542, -0.783889735371103, 0.0568412234973517, -0.3524966403021893, 0.09916423822184459, -0.5288104043972424, -0.4340362654682961, 0.3641792460690172, -0.48644791186265435, 0.7223772593013935, 0.7769549520568093, 0.14638638723075437, -0.014702487640595494], [-0.5544590750057601, 0.0954625922848653, 0.0647582654414949, -0.5429184500864584, 0.5448187141348755, 0.5284137021696378, -0.3722066195511333, 0.0065608560608011735, -0.06921590815619899, 0.4645459121280031, -0.24916823728179252, 0.36011667388165725, 0.5393541393809445, 0.00012257099172119368], [-0.29355804136143415, -0.7389947557965079, -0.28784385333671536, 0.26393354703063177, -0.5034778580820853, -0.21674650045243365, 0.21640754115984845, 0.7048896753446272, 0.48795581962170664, 0.22192204548482686, -0.2111105971269895, 0.2442605139740348, 0.4097204278150534, 0.015492089380836141]], "inverted": false, "swapped": false, "error_lsq": 0.04445165445720597, "error_max": 0.28849585349142126, "target": "605.xyz", "model": "14.xyz", "model_rescale": 3.942246331269136, "target_rescale": 3.867982715236859},
{"mapping": [9, 7, 2, 10, 0, 8, 5, 3, 4, 1, 11, 13, 12, 14], "R": [[0.09434269586785177, 0.1748712664257002, 0.9800609654072843], [-0.88093706458733, -0.44390517041154226, 0.16400636548060668], [0.463734130696291, -0.8788448326414463, 0.11217136963942226]], "T": [0.04256572651089374, -0.008443728279922826, 0.034282714461649336], "aligned_model": [[-0.188613492980784, -0.16514585660155104, -0.612427716375789, 0.2942492410666838, -0.3203545884190675, 0.36214991855547607, -0.5652776587791447, -0.24998061837056784, 0.32901491966345975, -0.548020278737621, 0.751433755905826, 0.5954305728029701, 0.009290306592291186, -0.02055064580798799], [-0.6485002952975485, -0.029410506542170915, 0.04054758107798611, -0.6666088330797845, 0.4781189608133734, 0.43882859887212805, -0.14693189602467166, 0.024851855553482488, -0.2121105059729281, 0.4226564010252863, -0.04374977181144047, 0.42025124137008835, 0.6755341371037874, 0.06270816930506912], [-0.3958870957589102, -0.7948106461312713, -0.354602049989639, 0.1459725500233261, -0.3807631594627829, -0.5103771205243643, 0.1531397905781446, 0.6899167363780966, 0.5034635754619641, 0.38357096891383075, -0.0675535504366972, 0.448397349842399, 0.4805374446966715, 0.011845260064632056]], "inverted": false, "swapped": false, "error_lsq": 0.04686765491935648, "error_max": 0.3057381555227314, "target": "605.xyz", "model": "15.xyz", "model_rescale": 4.355366556412066, "target_rescale": 3.867982715236859},
{"mapping": [4, 9, 2, 10, 1, 5, 3, 11, 6, 12, 7, 13], "R": [[-0.6827169580344299, 0.04552574854930247, 0.7292633004829189], [0.6476156542391127, -0.4244806872898259, 0.6327796697922612], [0.33836595513830925, 0.9042917407214237, 0.2603169761393922]], "T": [-0.08462251889165426, 0.08277132164325617, -0.14689629225811104], "aligned_model": [[-0.15211587781803124, 0.4563417947923091, 0.1216928337075425, -0.60244899726904, -0.6749779290216599, -0.41977952944452457, -0.07135690603752595, -0.294965269496004, 0.4557389974583991, 0.2133290614804149, 0.6065266394919251, -0.040176263212024534], [-0.7690272576859123, -0.3128105979932086, -0.5880591711468206, 0.5260805253176432, -0.3366818803314181, -0.12347724309051493, 0.45594771202186446, 0.5551925369741787, 0.0643917047497775, 0.098583020152661, 0.42678205933667324, 0.015855019436057022], [0.11184776013032613, 0.10464520044614725, -0.4518482206589405, -0.05250891365256502, -0.41027335500274764, 0.3772014643877233, -0.6275788053757178, 0.5296751185535581, -0.5394397718679104, 0.49044825769057965, 0.017498659272080525, -0.10040893271311246]], "inverted": false, "swapped": true, "error_lsq": 0.04277027574475098, "error_max": 0.2544830390888212, "target": "605.xyz", "model": "16.xyz", "model_rescale": 3.795458400668931, "target_rescale": 3.867982715236859},
{"mapping": [8, 3, 6, 11, 9, 0, 10, 12, 5, 1, 2, 4, 13], "R": [[0.755023151517377, -0.16625665495793485, -0.634270262076795], [0.60303812581282, 0.5558831757362638, 0.5721353980916822], [0.2574588500885716, -0.8144646214634276, 0.5199637688296236]], "T": [-0.06131680829380391, 0.08142273269547248, -0.10033841848140762], "aligned_model": [[-0.10195878509005722, -0.1361051801892612, 0.4506179247673261, -0.3027753735343107, 0.549512803091078, -0.27052798902567793, -0.6361423902685852, 0.2680679782498088, -0.3275813495336951, -0.5926098165548415, 0.22984799798117406, 0.02242368330352075, -0.004137702292256608], [-0.41218529474435694, 0.2995296830439256, 0.41013869451793383, -0.7350665191980038, 0.05386615769583308, 0.6900795162092638, -0.2123898198149187, -0.48128781598487014, -0.2501427159462344, 0.5416858408334462, 0.6825549158661974, 0.3021545131522253, 0.07484410984004433], [-0.6820521502105887, -0.6636574496497016, -0.37654017007290796, -0.11509694715703997, 0.2718556000148624, -0.2779581300291474, -0.33872051366863787, 0.16441756389245948, 0.39837462330114654, 0.21543616370765223, 0.27307610634823193, 0.7606666157989823, -0.027526281439015768]], "inverted": true, "swapped": true, "error_lsq": 0.0439735659931182, "error_max": 0.27311854947234615, "target": "605.xyz", "model": "17.xyz", "model_rescale": 3.7474275329858107, "target_rescale": 3.867982715236859},
{"mapping": [3, 1, 11, 8, 7, 2, 10, 5, 4, 12, 0, 6, 9, 13], "R": [[0.8063313722389805, -0.5430662701680874, -0.2343261495201176], [0.5711129144355821, 0.6118462606977567, 0.5472423523769597], [-0.15381728481577828, -0.5750853671203039, 0.8035029952750689]], "T": [-0.06675283068411475, 0.05663219193485423, -0.018009471290488608], "aligned_model": [[-0.20678000376660738, 0.04164486550766061, -0.6611386909014337, 0.1270983458128684, -0.3963395892580945, 0.4277900894984835, -0.5656971833657451, -0.2757402460869264, 0.4606379266249, -0.6047012402667522, 0.707458932428712, 0.5385181742504728, 0.045953449905482, 0.03249302813117408], [-0.5223367451459814, -0.02738246462241741, -0.018764557699881924, -0.5897749461137736, 0.6484655585110174, 0.4528206960326995, -0.3542438062719128, -0.04054951475265347, -0.08060085790246649, 0.443930608594686, -0.2027765118427208, 0.4477987534127952, 0.577508295946544, 0.08209062824672288], [-0.34324252927083504, -0.6960285667100468, -0.42144154875122924, 0.22984932816843257, -0.3474409767906748, -0.33784488697746734, 0.224219382251277, 0.6676288537460059, 0.6082906972852328, 0.32818175966979724, -0.1981362628653004, 0.25700787948456827, 0.38660088997246483, -0.044793965556825216]], "inverted": false, "swapped": false, "error_lsq": 0.03467885208635485, "error_max": 0.20660064746730009, "target": "605.xyz", "model": "18.xyz", "model_rescale": 3.922800546911778, "target_rescale": 3.867982715236859},
{"mapping": [13, 8, 4, 7, 6, 1, 11, 9, 3, 10, 12, 0, 2, 14], "R": [[0.7165849854304999, -0.6818228112251383, 0.1470496948266803], [0.08386326373557124, 0.2935160616264606, 0.9522684886957616], [-0.6924398252925582, -0.6700492337584912, 0.2675090889829173]], "T": [0.047740342706687436, 0.08139985735417941, -0.0866690766495912], "aligned_model": [[-0.18309757176643732, 0.10265014444710134, -0.619138837967498, 0.06856820070947928, -0.34090140631785193, 0.19859167714429832, -0.4970012332538683, -0.17596017357021448, 0.4723458715347455, -0.6549716337667734, 0.5706077290569628, 0.7231708271008488, -0.04395009446913248, 0.050284359632534636], [-0.5134318618329686, 0.06794343060277262, 0.006731894782127587, -0.5592555572338428, 0.5181327900977806, 0.7952217602458901, -0.31250314573495397, 0.0798288652308946, -0.07662221331743284, 0.35554891966480695, -0.5027779110539747, 0.4220911013779559, 0.5205929941348382, 0.014684069428763338], [-0.34103658619187793, -0.6959264051024637, -0.3578959057812807, 0.3901305239676076, -0.4527151233232737, -0.21190960438041345, 0.14857686347728338, 0.6960817118624228, 0.36487096991815937, 0.19905599578590918, -0.14959820945320051, 0.26852913938404577, 0.4717494179609103, -0.017062734468429014]], "inverted": true, "swapped": false, "error_lsq": 0.0498256712116184, "error_max": 0.39748500481614685, "target": "605.xyz", "model": "19.xyz", "model_rescale": 3.9282355846067225, "target_rescale": 3.867982715236859},
{"mapping": [0, 1, 3, 11, 5, 2, 4, 8, 9, 6, 10, 12, 7, 13], "R": [[0.5122297146605264, -0.3760504554858438, 0.7721442704234003], [0.8562775181420171, 0.1540982817859737, -0.49299343958632785], [0.06640430214484122, 0.9136956684145437, 0.40093726962850007]], "T": [-0.06879158325401208, 0.11766430438622066, 0.10916208560200309], "aligned_model": [[-0.1243119458260708, -0.08754840583421775, -0.6467925335596734, 0.1534722557542277, -0.38360247523787455, 0.3201437810855094, -0.4540760710326726, -0.3407287979022821, 0.3059131407223706, -0.5871951974986847, 0.6925060575566595, 0.6764464272651418, 0.17088528137007913, -0.02391365834831853], [-0.5263138059565737, 0.03339979932012277, -0.053948102056283365, -0.5607824164153279, 0.5637054699891542, 0.5112213469687925, -0.37430831443651996, -0.10124211185794038, -0.10547232136932394, 0.49587656403151825, -0.10107249909520752, 0.29248065197697243, 0.6801785375303782, 0.062462337762895434], [-0.36243803201463765, -0.6351822373422057, -0.34119238872052676, 0.16975915012578469, -0.3263049431435647, -0.5012134930048255, 0.20343111946594825, 0.7849961712655368, 0.646033803346566, 0.23187000486202014, -0.22968074210768608, 0.4790997797615036, 0.2284538055737938, -0.034781944412306906]], "inverted": false, "swapped": false, "error_lsq": 0.04581958233191301, "error_max": 0.26927267653354353, "target": "605.xyz", "model": "20.xyz", "model_rescale": 4.067790424073018, "target_rescale": 3.867982715236859},
{"mapping": [4, 6, 2, 5, 3, 11, 8, 7, 1, 0, 13, 10, 12, 14], "R": [[0.024178055778717233, 0.31414101542581924, 0.9490684085175295], [0.8364567187795637, -0.5262751769790701, 0.152887526319756], [0.5474993874218371, 0.7901581237466863, -0.27548967358111526]], "T": [-0.025852918976514816, 0.05174074316491304, 0.01664136125945272], "aligned_model": [[-0.3872614572529193, -0.01954633139260606, -0.6549456716676443, 0.17369568946599406, -0.33800162159830366, 0.3398827935384521, -0.2561124116019276, -0.27099350645888753, 0.3490877953473038, -0.6772130981952675, 0.6589266464581449, 0.6812913883602223, 0.03966618801080918, 0.032721455500823775], [-0.5823959606099245, -0.05496488666090998, 0.04570044605001806, -0.503655646870361, 0.6934976606213857, 0.487416335657742, -0.38096416593065613, -0.00875067094251903, -0.2500278079561503, 0.23266925652939877, -0.07458501696620426, 0.3265479771947064, 0.7936630992261239, 0.09203451705000716], [-0.31460930534029197, -0.7155683342594555, -0.3807598904511995, 0.003175713769270075, -0.44645286565243597, -0.29069627177031443, 0.30804301606864565, 0.7187174528598335, 0.6812166418525979, 0.23447804205676467, -0.055762051419864386, 0.3260193408892398, 0.19628637536742274, 0.048762189685187]], "inverted": false, "swapped": false, "error_lsq": 0.04549717769342025, "error_max": 0.28873292390418165, "target": "605.xyz", "model": "21.xyz", "model_rescale": 4.186013935880536, "target_rescale": 3.867982715236859},
{"mapping": [3, 0, 10, 7, 9, 8, 6, 2, 11, 5, 4, 12, 13], "R": [[0.5926910938978803, 0.0024456018618416175, 0.8054261519504242], [0.6712612396493238, 0.5511379367583605, -0.49563628076462585], [-0.4451130366082167, 0.8344105666260893, 0.32501290888846485]], "T": [-0.04549443660324394, -0.01505754447739216, -0.0896980520031004], "aligned_model": [[0.09172918233552195, -0.45654755133443775, 0.29438802823852617, 0.455689074589955, -0.1958825312263578, 0.6876932726568517, -0.12499276586141785, -0.7322276865557402, 0.6166958947123621, -0.07469119371303097, -0.7113146360435358, 0.285950177875297, -0.07791523025076844], [-0.35444096789911567, -0.21749275631578827, 0.4026995520802059, -0.5050346877808429, -0.2502410391474982, -0.08484662752976738, -0.6765278094474595, -0.2851997209832942, 0.5023473875365663, 0.5871718232397006, 0.2890470718249571, 0.12656913205928844, -0.015094698090859145], [-0.575991012623919, -0.5753280367328423, -0.5181081445312993, 0.27333601529576873, 0.5694473880972649, -0.2928157213228288, -0.039142476059023615, 0.1127763940211557, 0.048036666909748324, 0.16723479667922853, 0.4214462546791085, 0.5147186762826172, -0.0027312393596336804]], "inverted": false, "swapped": true, "error_lsq": 0.050187998632524385, "error_max": 0.30108614274063433, "target": "605.xyz", "model": "22.xyz", "model_rescale": 4.166573947596378, "target_rescale": 3.867982715236859},
{"mapping": [4, 8, 0, 2, 7, 10, 1, 6, 12, 5, 9, 14, 13, 15], "R": [[-0.7295680583423991, 0.2936463595347224, -0.6176586952180841], [0.409129721908879, -0.5363114928340558, -0.7382295397130014], [-0.5480358737320624, -0.7912912221085933, 0.27113628107765986]], "T": [0.12293940503482055, -0.06777987470945995, 0.019004371666093364], "aligned_model": [[-0.25443283984109016, 0.11238101669639972, -0.6001351669680131, -0.13667080520065122, -0.25711400241384075, 0.23186920337975608, -0.5484356236591454, -0.2094373511539141, 0.46129631558752476, -0.4908392216398915, 0.6567479643015809, 0.6292030691629883, 0.019209582770248382, 0.057555717492242336], [-0.5271800515388212, -0.11310586202216555, -0.024580915876603382, -0.640132588464702, 0.4567206960966483, 0.6463726919333079, -0.22849310407778128, -0.19330184855931998, -0.07453646475005243, 0.43658715916040997, -0.06948855079338179, 0.478506810858816, 0.7336409928027756, -0.06482382837647377], [-0.4127307087837829, -0.7884070572417524, -0.357894522092817, 0.2594708952979613, -0.2840603183935443, -0.17863581578108806, 0.19655968591864664, 0.691966152150805, 0.5801196047523726, 0.26385468059781464, -0.2557585602619233, 0.28592331586937614, 0.2715471521699917, 0.04089554945333959]], "inverted": true, "swapped": false, "error_lsq": 0.04622699473868447, "error_max": 0.3168508976558408, "target": "605.xyz", "model": "23.xyz", "model_rescale": 4.274766983524099, "target_rescale": 3.867982715236859},
{"mapping": [9, 5, 4, 2, 1, 0, 6, 3, 8, 10, 13], "R": [[-0.46297503629394066, -0.2652253429876563, -0.8457597963994888], [-0.7025799982696934, -0.4719372893787726, 0.5325941615575357], [-0.5404030549506379, 0.8407917175679699, 0.03215316266125473]], "T": [0.07340742697451091, 0.08887261922566475, 0.056679595208704005], "aligned_model": [[0.11194484305442909, 0.1427702082563443, -0.4035070993258886, -0.534740105175495, -0.5766797741210341, -0.4681933261916164, -0.012925317131191216, 0.05073057667455995, 0.7129532190433869, 0.2899074949736778, 0.06763398390090232], [-0.20424959244706642, 0.6651917273636607, 0.3522110487872625, -0.1909131484200448, 0.4846955058725855, -0.06330845908162519, -0.5734937757692415, -0.2058548007489192, 0.02972184908533468, 0.5403852669619889, 0.0812009096395484], [-0.5952366593521776, -0.24761013657097194, -0.6506181242930924, -0.3140652722854418, 0.17725674675420086, 0.41624976049775514, 0.041311507166268045, 0.5887639697331399, 0.47041125577148496, 0.5287392720522798, -0.035635885451867154]], "inverted": true, "swapped": true, "error_lsq": 0.05329445975839356, "error_max": 0.2699314525668222, "target": "605.xyz", "model": "24.xyz", "model_rescale": 3.7841303162186577, "target_rescale": 3.867982715236859},
{"mapping": [13, 11, 14, 3, 10, 7, 12, 2, 4, 9, 6, 1, 8, 15], "R": [[-0.7106311568857868, 0.609287260706014, 0.3518130082935109], [0.19500161782442485, -0.30988584293728366, 0.9305617300281084], [0.6760012780380118, 0.7298902645524263, 0.10140253351156425]], "T": [0.0015654111921163082, 0.16207707377050393, 0.024751383586232304], "aligned_model": [[-0.32491349966546235, 0.14170793149440428, -0.7495552755168711, 0.2279990981446202, -0.3449633814981454, 0.33215217366950245, -0.5417836444686971, -0.21878864959696176, 0.44914817628441966, -0.5420844612536247, 0.626955319949769, 0.512809782822174, 0.04868457618298708, 0.053829711966079274], [-0.43818585800794774, -0.14366513605327727, 0.07049112545161199, -0.6109908755285104, 0.6157829959923254, 0.45046770681964077, -0.3260323778976961, 0.08277601757653669, -0.1711744275146895, 0.28152259436369353, -0.1674179945181827, 0.5002719999501544, 0.5534876717904221, 0.11885169396857545], [-0.3561632141506194, -0.6654002985084213, -0.21342647092360623, 0.014972896338032674, -0.5037595786980658, -0.45519527526712145, 0.22893971168753913, 0.7416533701279815, 0.5200466976584005, 0.20452427455168076, -0.12473745961137003, 0.4458093109384339, 0.46524577820109697, 0.010340311311437997]], "inverted": true, "swapped": false, "error_lsq": 0.03888818995693899, "error_max": 0.24428837584240815, "target": "605.xyz", "model": "25.xyz", "model_rescale": 4.19342608120988, "target_rescale": 3.867982715236859},
{"mapping": [4, 9, 2, 10, 1, 5, 3, 11, 6, 12, 7, 13], "R": [[-0.6827169580344299, 0.04552574854930247, 0.7292633004829189], [0.6476156542391127, -0.4244806872898259, 0.6327796697922612], [0.33836595513830925, 0.9042917407214237, 0.2603169761393922]], "T": [-0.08462251889165426, 0.08277132164325617, -0.14689629225811104], "aligned_model": [[-0.15211587781803124, 0.4563417947923091, 0.1216928337075425, -0.60244899726904, -0.6749779290216599, -0.41977952944452457, -0.07135690603752595, -0.294965269496004, 0.4557389974583991, 0.2133290614804149, 0.6065266394919251, -0.040176263212024534], [-0.7690272576859123, -0.3128105979932086, -0.5880591711468206, 0.5260805253176432, -0.3366818803314181, -0.12347724309051493, 0.45594771202186446, 0.5551925369741787, 0.0643917047497775, 0.098583020152661, 0.42678205933667324, 0.015855019436057022], [0.11184776013032613, 0.10464520044614725, -0.4518482206589405, -0.05250891365256502, -0.41027335500274764, 0.3772014643877233, -0.6275788053757178, 0.5296751185535581, -0.5394397718679104, 0.49044825769057965, 0.017498659272080525, -0.10040893271311246]], "inverted": false, "swapped": true, "error_lsq": 0.04277027574475098, "error_max": 0.2544830390888212, "target": "605.xyz", "model": "26.xyz", "model_rescale": 3.795458400668931, "target_rescale": 3.867982715236859},
{"mapping": [8, 12, 11, 10, 1, 6, 7, 3, 9, 5, 0, 4, 13], "R": [[0.466547974763592, 0.8799501859022691, 0.0895581240008575], [-0.24784487671451516, 0.22725663515038186, -0.9417681980543267], [-0.8490617788655652, 0.41718352329722763, 0.32411726822086173]], "T": [-0.17116630911750852, -0.026560955997812205, -0.07382636405538286], "aligned_model": [[-0.07943452031360182, 0.38772096009395807, 0.5276685499589384, 0.02489547090899974, -0.29645935503006604, -0.6695524785749174, -0.16294424302752636, -0.649065493768819, -0.03492075642071407, 0.41530115476144536, -0.737808119606694, 0.10851707027806717, -0.13424185643781322], [-0.7184548809964239, -0.26990183411802277, -0.40636315627016345, -0.15365635341617245, 0.6631777097481766, -0.23649479477094898, -0.6908555185984673, -0.2922031192747632, 0.0053639114742995014, 0.2546222321013082, 0.2622016807777248, 0.702220168488882, 0.0022254581114852616], [-0.38456676404561163, 0.2778318034230644, -0.3780546989654066, -0.7211151924612788, -0.3938110538726668, 0.3185481655524839, 0.3524380827376025, -0.34129390159333484, 0.6281839767387908, -0.15469093751296248, -0.2770857018454554, 0.3594402256726103, 0.006312658271590776]], "inverted": false, "swapped": true, "error_lsq": 0.03774798930902641, "error_max": 0.20370882642612584, "target": "605.xyz", "model": "27.xyz", "model_rescale": 3.6321398670334006, "target_rescale": 3.867982715236859},
