[{"mapping": [4, 2, 0, 5, 8, 9, 1, 12, 11, 14, 7, 13, 3, 15], "R": [[0.6943328732665041, -0.6900167600718263, -0.20439846359858146], [0.7196308456453648, 0.667994738666983, 0.18951114771687225], [0.00577123013037778, -0.2786752589183493, 0.960368050785517]], "T": [-0.0633019620315371, 0.08105559606897064, 0.03798625935232147], "aligned_model": [[0.1082736385649127, 0.21123207543468508, -0.5909290376072465, -0.4333972402553021, -0.5059476934180395, 0.14273483897626216, -0.7631926695862321, -0.05869301574644209, -0.3491948040455571, 0.2374617317648442, 0.6665089587820356, 0.1808531873805315, 0.5752450194470078, -0.049462888563155866], [-0.6349754812430011, -0.3683304087167565, -0.49621484550919837, -0.22575676706932138, 0.23045876986743716, 0.2273023640528989, 0.06686506325341267, 0.5270291256710856, 0.6611188503032344, -0.003006817510797663, 0.4586848375602567, 0.8016606023022146, -0.13101864579966488, 0.12145668464823431], [0.3222690809697931, -0.3301475984805604, 0.3136283832623132, -0.3643140468293533, 0.54492605415921, -0.6952122027971316, 0.057642736686004725, 0.6991532944567639, 0.201337087564496, 0.6658819214939383, 0.3315599486901434, -0.05869944705121749, 0.18159329914468558, 0.027969575910748296]], "inverted": false, "swapped": true, "error_lsq": 0.03893434205215834, "error_max": 0.23465813159044033, "target": "606.xyz", "model": "0.xyz", "model_rescale": 3.8414455957264533, "target_rescale": 4.131997764099364},
{"mapping": [4, 14, 1, 12, 8, 11, 10, 0, 9, 5, 13, 3, 6, 2, 15], "R": [[0.29977190778445173, 0.7293221296767471, -0.6150008410295424], [0.35599974438255444, -0.6835996656110646, -0.637146513116094], [-0.8850994211402619, -0.02794151642655035, -0.46456246765850406]], "T": [-0.0121961427061431, 0.056360100850966044, -0.03651888380342942], "aligned_model": [[-0.6863040108333377, -0.6098175767176576, 0.08247233636300624, -0.2752139297632988, -0.25117692018782817, 0.24696183352657064, 0.6576933386403574, -0.47965244094557513, 0.6194514469016864, 0.1892736247424175, 0.4455664324919246, -0.3584732533470216, 0.3047686835974168, -0.030589126570625118, 0.017083715606509058], [0.31282430177081777, 0.07544142552738958, -0.5416083513164034, -0.3602252796075634, -0.580061921704174, -0.44120914008329576, -0.22420909439260256, -0.3218216024121456, 0.4917917459918804, 0.009356479872556306, 0.07276096080808293, 0.6064543882761144, 0.6000315925262274, 0.588184444042519, 0.05933457874361195], [0.2840432924415501, -0.4029377371362962, 0.315484468634392, -0.6636821355012672, -0.15097282482631746, -0.3972869296949242, 0.12254943043632101, 0.5345093839971587, 0.07679426797557291, 0.5552162511269206, -0.6516740466333412, -0.26197209643493413, -0.44941434604384783, 0.3235697475654841, -0.06904493856693594]], "inverted": false, "swapped": true, "error_lsq": 0.04119542467915696, "error_max": 0.2588773710149145, "target": "606.xyz", "model": "1.xyz", "model_rescale": 4.316132596720782, "target_rescale": 4.131997764099364},
{"mapping": [9, 10, 5, 3, 2, 6, 4, 7, 1, 13, 8, 15], "R": [[-0.28086580818102985, 0.838509581541655, 0.466921920086919], [0.14009956632748566, -0.4454734707156729, 0.8842655135214665], [0.9494664340089476, 0.3137755066147943, 0.007643437640338369]], "T": [0.039916969364527995, 0.07706250275310991, -0.11909151958894626], "aligned_model": [[-0.2301018080135207, 0.47447639331132624, 0.13881621130035995, -0.5790870351950163, -0.47776687061814777, -0.4150945463604165, -0.36829996896869066, -0.36314232001230057, 0.6460020734286382, 0.12887168820285952, 0.5993406785782833, 0.043794058978405964], [-0.5953300618372959, -0.5011973617137205, -0.3887661934665415, 0.366129566781643, -0.20697881063604204, -0.0829325371550931, 0.41331221086816783, 0.5154532928606674, -0.06009239618076184, 0.016520419303595657, 0.4674336866652815, 0.06922461225107997], [0.15730921188692365, 0.052801922226652864, -0.5267340630197268, -0.037758941057250306, -0.3723961393981001, 0.45874423776364204, -0.7049673409997274, 0.5186937574717398, -0.442022055732877, 0.6402852985610287, -0.2185900610613199, -0.07610736543156407]], "inverted": false, "swapped": true, "error_lsq": 0.04785824381920704, "error_max": 0.2435000563266695, "target": "606.xyz", "model": "2.xyz", "model_rescale": 3.795458400668931, "target_rescale": 4.131997764099364},
{"mapping": [2, 5, 0, 11, 3, 12, 1, 9, 10, 13, 14, 15], "R": [[-0.8294702944726302, -0.3148871037190777, 0.46132975462124626], [-0.5580501163009521, 0.5021654546449479, -0.6606132937337296], [-0.023645259228485926, -0.8054042265053268, -0.5922541123904284]], "T": [0.025192794750316997, 0.04140317710577317, -0.007957632894028864], "aligned_model": [[0.019703512473769228, -0.15167845018066411, -0.7743200965122631, 0.2273203513941133, 0.08622439034096989, 0.0005238974318750346, -0.31237430643351205, 0.6094590488112486, 0.346649812942347, 0.7053514534323588, -0.22936766273262144, 0.06581187477594393], [-0.1664095053875425, -0.5517957606540909, -0.17073460039307636, 0.10817831789826356, 0.4949485146262531, 0.6436154387432399, -0.36522456939251474, -0.3773393704327302, -0.5231480254014668, 0.25033733096800553, 0.6937078029682501, 0.04963347174711875], [-0.6159239256132255, -0.10685889905899013, 0.050238364707519904, 0.6241634951523709, -0.5216817657226669, 0.5143328200524194, 0.4515389164077492, -0.2990021117287365, 0.3535960205740304, 0.2783327025790947, -0.04637507663577286, 0.006410889925307943]], "inverted": true, "swapped": true, "error_lsq": 0.04721085284331412, "error_max": 0.26304958097096276, "target": "606.xyz", "model": "3.xyz", "model_rescale": 3.7530521520055578, "target_rescale": 4.131997764099364},
{"mapping": [8, 13, 10, 9, 1, 3, 0, 14, 4, 2, 15], "R": [[-0.2633892076026701, 0.37032113880353, -0.8907796469799332], [0.5290537190349472, -0.7166880014293593, -0.45437921495429573], [-0.8066773132385272, -0.5909488664533062, -0.007151890926444249]], "T": [-0.05788027166873039, -0.03360299471386142, -0.05342255188707941], "aligned_model": [[-0.4477579585340692, -0.10760321094628901, 0.47649770131647523, 0.5770886908686599, 0.1042260671771486, -0.33591551965833616, -0.12323485944333204, -0.7285493358583499, -0.29536066474533074, 0.27510224459944654, -0.05629355233081808], [-0.6021429658590878, 0.08940183597992055, -0.3995658496379516, 0.3074515504903456, -0.7037957657131536, 0.5815471454113608, -0.4954454938702195, 0.12235359169136603, 0.19564326799003906, 0.3972455344227068, -0.02548949259098023], [-0.05490508664711171, -0.808822365728193, -0.41850485759007455, -0.3396313554262739, 0.06904350647378263, 0.07934574055023817, 0.6321723415477115, 0.07946386922135358, 0.6635186081838458, 0.28765140652703386, -0.09650102986699585]], "inverted": false, "swapped": true, "error_lsq": 0.04582096843442425, "error_max": 0.22898019758005014, "target": "606.xyz", "model": "4.xyz", "model_rescale": 3.7855080009869324, "target_rescale": 4.131997764099364},
{"mapping": [15, 8, 9, 2, 14, 10, 0, 1, 13, 5, 7, 6, 11, 4, 12, 16], "R": [[0.8332340587777691, 0.5288897532553245, 0.16123471150545587], [0.5528053820008703, -0.8028031091834316, -0.2234130200240967], [0.011278870670302213, 0.2752867537440507, -0.9612959951489787]], "T": [0.03359737519413601, -0.00673611181559114, 0.029622721618023193], "aligned_model": [[-0.7816792933913491, -0.506919949127142, -0.362072746921958, 0.20844042969050802, -0.2545005030207032, -0.4258746460284636, 0.6931519711674636, 0.7392206832285035, -0.24987222541197268, 0.2928000030712725, 0.10212177385721309, 0.20383409163233424, 0.3716240387078495, 0.6454545335698386, 0.18577330852583201, 0.011801035924542767], [-0.10292946176880763, 0.4228190888051642, -0.4548368543481704, -0.6950294354252957, -0.587823407573592, 0.22492381495144942, -0.14270296958502743, -0.22338793274407695, 0.11774205828846218, 0.20449820725095358, 0.6694044971788282, 0.5402664025875619, 0.11624195226438808, 0.3966051362048903, -0.3742857778650996, -0.05584488151998196], [0.10303184755470204, 0.16612629553405434, -0.3571134911361341, -0.17401395127607222, 0.22206639080365936, -0.48630693843089584, -0.3640454531678998, 0.19773481111897934, 0.6846172327210995, -0.7074643185403177, -0.28582577739953113, 0.3424881522426471, 0.7388833216863389, -0.07011412841765184, 0.58172324807283, 0.02959973572992685]], "inverted": true, "swapped": false, "error_lsq": 0.034056138985214895, "error_max": 0.2741703549985743, "target": "606.xyz", "model": "5.xyz", "model_rescale": 4.2253639853439635, "target_rescale": 4.131997764099364},
{"mapping": [3, 9, 11, 12, 13, 1, 8, 14, 5, 2, 10, 0, 4, 15], "R": [[-0.09956473985999875, 0.9739427205231035, -0.20377055654992615], [0.6880408213179938, 0.2153262749423555, 0.6929894829790058], [0.7188092172312979, -0.07120514349051615, -0.6915512538950557]], "T": [0.05556846474800106, -0.02129347585173174, -0.03561485703269417], "aligned_model": [[0.6839941962776548, -0.2222300486871208, -0.3814430740009852, 0.12703984763911583, -0.2082177203316314, -0.4171568634162933, -0.09770861346134518, 0.6050348744553361, -0.2256912421679029, 0.3182529745210334, -0.6692864257699319, 0.1273091570466582, 0.6954301809412974, 0.038734909711898774], [-0.06518991042133768, 0.27429647885030045, -0.5140714543815916, -0.768666225656197, -0.5632278371041757, 0.10888984424510356, -0.3623554114726746, -0.39563059975048337, 0.5296370036844941, 0.4977666029387126, 0.07341707354803884, 0.35431027051210795, 0.3248276296682322, -0.04890431802553955], [-0.31219200084783116, -0.6965791753026611, 0.06965796938309576, 0.2334228616570282, -0.5099095275389459, 0.46440296077452725, 0.543546088457157, 0.18740225821566658, 0.0659649710605968, -0.3084018421310718, -0.17122097289039423, 0.7001739529257058, 0.2705429087142709, -0.0652522435456956]], "inverted": true, "swapped": true, "error_lsq": 0.038531417134109146, "error_max": 0.24920919219628168, "target": "606.xyz", "model": "6.xyz", "model_rescale": 3.89814844738969, "target_rescale": 4.131997764099364},
{"mapping": [5, 0, 4, 10, 3, 8, 1, 9, 13, 12, 14, 7, 15], "R": [[0.03875741455495482, 0.872400427230368, 0.4872528680113512], [0.07870158767047297, 0.4834394141890125, -0.8718327780639655], [-0.9961445291297657, 0.07213755871150773, -0.049922436919500796]], "T": [-0.020167983867786718, -0.00033006080381284275, -0.04508607925743082], "aligned_model": [[0.03636909383571647, -0.03235161935952009, 0.5349710625812205, -0.45865075309702785, 0.527397712571776, -0.5379161195879568, -0.4868000020414653, 0.18103144474815597, -0.34026660659974733, -0.47936858286350525, 0.10053098399725004, 0.1406638869744971, -0.03697870025517126], [-0.36270099891244434, 0.33805659600106297, 0.44662878928659144, -0.5917121151611383, 0.24897306769344058, 0.41557235120133185, -0.04869454110058069, -0.7232608609548681, -0.2241309832209247, 0.5468962238728007, 0.6580172857228963, 0.27746406487985487, -0.017327613837536813], [-0.5534567506684761, -0.8020247185120701, -0.38420823792140985, -0.14888321797786325, 0.28862108533689107, -0.23003623216677024, -0.5650381804215227, 0.15064106124988053, 0.6149756274533484, 0.30950337777905534, 0.16417161330538765, 0.7663181777541261, -0.008308574374280966]], "inverted": true, "swapped": true, "error_lsq": 0.05240567101278455, "error_max": 0.341065178169556, "target": "606.xyz", "model": "7.xyz", "model_rescale": 3.7474275329858107, "target_rescale": 4.131997764099364},
{"mapping": [5, 2, 9, 10, 6, 11, 1, 8, 13, 12, 0, 14, 4, 3, 15], "R": [[-0.8020325781668128, 0.474584473269701, 0.3626476544669991], [0.4890535191129112, 0.8703617472598012, -0.05742024338283294], [-0.3428854021424258, 0.13130120577582957, -0.9301556828614448]], "T": [0.004215239026864987, -0.04339274127204448, -0.011467498062654364], "aligned_model": [[-0.32419890845634397, 0.2591469903514773, 0.3846828073391454, -0.23715869129975115, 0.7167062920511004, -0.1932997633205344, -0.6734830099242508, -0.4986127271214638, 0.39660942842224256, -0.04576333492396701, -0.6702717975591461, 0.14366604482023468, -0.02849296161127892, 0.5452926436089592, 0.02733070996232298], [0.028750316132324705, 0.3310238812999683, -0.34314001347408296, -0.6298266941311561, -0.27108089493568277, -0.6015687930975179, -0.1989624354249818, -0.14206324878530713, -0.6757684385958698, -0.25867506091032944, 0.4388737884404319, 0.29426761533603685, 0.7437062909381748, 0.35374658081746124, -0.08016493162987745], [-0.5405132470231063, -0.4671661388506605, -0.6171202597038218, -0.39954940156512686, -0.09538804831369814, 0.2956463377076253, -0.09488155247750553, 0.44969697890928995, 0.1738948912684748, 0.7548295362506903, -0.02128105351147529, 0.5871285324604709, 0.03711953897519789, 0.1397155519080207, -0.005337010338113909]], "inverted": true, "swapped": true, "error_lsq": 0.04035577597362794, "error_max": 0.28335605570974437, "target": "606.xyz", "model": "8.xyz", "model_rescale": 4.019505241142653, "target_rescale": 4.131997764099364},
{"mapping": [13, 8, 10, 9, 6, 2, 5, 7, 3, 14, 0, 4, 15], "R": [[0.10650585910595528, 0.47362916218168966, 0.8742607841526311], [0.9941804843633171, -0.036421732051068634, -0.101383538829144], [-0.01617610853149798, 0.8799709507509161, -0.47475199772861015]], "T": [-0.04648533963080137, -0.0017089904470161538, -0.03807709879196569], "aligned_model": [[-0.27524986252979444, -0.6800200696346447, -0.0938747917979525, 0.48000141346571124, 0.25049952841202683, 0.5837946743048139, 0.250139849077444, -0.15043365689154553, 0.24586520686287378, -0.3144212244075594, -0.1468817439715116, 0.22627265978128708, -0.055991210929972814], [-0.6734952753257514, 0.2650635359597954, 0.0314004073307884, -0.3113850339213686, -0.6920522036983885, 0.06814143831224413, 0.4441039525170137, -0.7687660209993228, -0.31757955133370025, -0.11547386489279114, 0.7970286503537392, 0.3762504042580924, -0.03985821044629148], [-0.32894032838143716, 0.013987019831910169, -0.7793137187288597, -0.5159177755091724, -0.07996135340073668, 0.06539887882202652, -0.3639822917568017, 0.36470273493658173, 0.4986701976403725, 0.5999245990195621, 0.16079174551890468, 0.5988728072243783, -0.05752902117284951]], "inverted": true, "swapped": true, "error_lsq": 0.05295861727971223, "error_max": 0.2906027240329532, "target": "606.xyz", "model": "9.xyz", "model_rescale": 3.877068213659057, "target_rescale": 4.131997764099364},
{"mapping": [2, 14, 8, 1, 7, 9, 0, 5, 13, 11, 10, 6, 3, 12, 4, 15], "R": [[0.8016204581572453, -0.22003343940532927, -0.5558686235138929], [0.5758577501576457, 0.5339729892064033, 0.6190805265725559], [0.16060041297314037, -0.8163688702672585, 0.5547516336266323]], "T": [0.03670065434578128, 0.04587151070907199, 0.0868338222237221], "aligned_model": [[-0.5866928875895848, -0.5494956899750706, -0.19232707448598169, 0.39782281829079147, -0.25049286623737876, -0.49522638180179124, 0.585913173274031, 0.7125091151994267, -0.35372992885176935, 0.24193241119389236, -0.0681091987412198, 0.25813286584138295, 0.3885902851739435, 0.7176339847162033, -0.034463541637743775, 0.10130542110463835], [-0.1361416989378941, 0.5615024001701467, -0.3562512837853024, -0.7373318180958311, -0.7180796423834193, 0.14068762059998038, -0.19902693779128214, -0.3173888163969984, 0.3869204951653451, 0.24808354484347322, 0.6585256789622795, 0.5737425927807266, 0.04004810823050672, 0.30958958154763067, -0.42153375836209783, 0.022314370154382687], [0.22324145154405622, 0.0823417873801614, -0.5305530041520095, -0.00850734758254007, 0.07322915976882785, -0.2922556624894093, -0.43485228513241275, 0.23623362554336275, 0.6603214383664218, -0.5926111685562303, -0.25504414471438, 0.31623406535680076, 0.6149447181796923, -0.07120982496706169, 0.5711463777077782, 0.02872779084267771]], "inverted": false, "swapped": false, "error_lsq": 0.033172960213065594, "error_max": 0.2066490314650815, "target": "606.xyz", "model": "10.xyz", "model_rescale": 4.260839863003843, "target_rescale": 4.131997764099364},
{"mapping": [13, 10, 5, 9, 4, 3, 7, 11, 1, 0, 14, 15], "R": [[-0.3983256746156766, -0.6884803867626712, -0.6060787192973279], [-0.41371022904780386, 0.7245842436225024, -0.5512000728185911], [0.8186455297155052, 0.031183824927821735, -0.5734518861593282]], "T": [-0.0292949043239109, 0.012136009201415183, -0.03134799308891424], "aligned_model": [[0.4747816555131692, 0.23404742496748887, -0.3321771290172547, -0.2575144988539691, -0.5898212809716117, -0.36146309200855703, 0.17595189319708482, 0.6266546628527805, 0.19182287050744928, -0.24827854257445928, 0.047780648652291986, -0.0028859631702825017], [0.04692388216418712, -0.6633960556010178, -0.5075609826786401, -0.39877109060815635, 0.3950442369437143, 0.5655925183366891, 0.6889192281590963, -0.1083449665893582, -0.44440200616105513, -0.0943080568014694, 0.6825658349525167, 0.010815963416427338], [-0.6083471815919271, -0.19591094809557608, 0.14508123376290605, -0.6481870623867483, 0.3713266687322858, -0.2694465043894627, -0.5424757284781356, -0.04164793961864381, 0.45147156018818263, 0.7613221155094657, 0.1593388163550516, -0.06634695259189341]], "inverted": true, "swapped": true, "error_lsq": 0.04732803248577671, "error_max": 0.2585883611889365, "target": "606.xyz", "model": "11.xyz", "model_rescale": 3.890672605050136, "target_rescale": 4.131997764099364},
{"mapping": [11, 10, 1, 12, 8, 3, 9, 14, 13, 2, 0, 5, 4, 15], "R": [[-0.11028444280107465, 0.4673998598695759, 0.8771400758544541], [-0.9677446227537234, 0.1506305547795358, -0.2019425192921569], [-0.2265120014641837, -0.8711187100279216, 0.43571149426194805]], "T": [0.016688018359494572, -0.038131100556837015, 0.09605399150938243], "aligned_model": [[0.5297573346066353, 0.06762391376655735, 0.42980868958889556, 0.6624158400333164, 0.693008851801711, -0.3350917370079313, -0.5657754406832496, 0.2559264017803277, 0.09426652328445875, -0.5833610905835804, 0.2875902257941383, -0.17793440268353905, -0.16603982681074453, 0.017680551906698438], [-0.23536430601186129, 0.16427663470553405, 0.48025776427940203, -0.48396738449912224, 0.06987698909408327, -0.4074179019508317, -0.10514746122077867, -0.357407658488749, -0.6510503794442055, 0.134043241226839, 0.6489238501219216, 0.5254362380906141, 0.22118817627513251, -0.0714952823502125], [-0.2817694176342658, -0.6175357802771965, -0.12986423852293574, 0.2386059751411137, 0.17459627462224492, 0.5578103943098953, -0.41155254085295556, 0.6727737907815211, -0.3584159975519308, 0.24816026749983217, 0.47311839294352326, -0.09750180284737636, 0.818770713556238, 0.06759440418915386]], "inverted": false, "swapped": true, "error_lsq": 0.04384800974987883, "error_max": 0.29143626137034795, "target": "606.xyz", "model": "12.xyz", "model_rescale": 4.124412569039231, "target_rescale": 4.131997764099364},
{"mapping": [5, 2, 6, 0, 9, 10, 4, 11, 3, 14, 13, 7, 15], "R": [[0.8744713118425615, 0.3691934905313632, -0.3146364430793382], [0.3553682332339406, -0.9290881231446051, -0.10251184438796607], [-0.3301716880238778, -0.02216812984677051, -0.9436605483152083]], "T": [0.02335932108112429, 0.006776449893272335, -0.0361812839711338], "aligned_model": [[-0.22039788635025284, -0.08180585496244358, 0.6576430214100414, -0.7779993206238439, 0.5218849239723177, 0.33467737751656046, -0.6033416780379026, 0.31237550033699724, 0.058907275212526776, -0.17108238410999746, 0.7520040033369517, 0.5183210953227234, 0.0661122344860792], [-0.2770262635026921, 0.3691485813279627, 0.3948264580559423, -0.206070056083408, 0.018657605035977173, -0.6038924506587655, 0.4840864114268506, -0.4494206023181123, 0.6919199957206789, 0.41445521904114835, -0.06399464611064476, 0.5725967343696067, 0.002198390203933414], [0.46679816012796954, 0.48388215486581027, 0.0805638802746983, -0.024745973204556744, 0.5577465961860804, 0.25180878663757816, 0.012567781531640655, -0.4276471021306265, -0.08771164459051342, -0.5726220504007561, -0.2648728159663156, -0.4792090291002477, -0.0448606632629222]], "inverted": false, "swapped": true, "error_lsq": 0.04262434914613795, "error_max": 0.27803241401545753, "target": "606.xyz", "model": "13.xyz", "model_rescale": 3.9028299243045295, "target_rescale": 4.131997764099364},
{"mapping": [9, 11, 10, 4, 7, 14, 5, 0, 1, 13, 12, 1, 2, 8, 3, 15], "R": [[-0.5425778143937228, 0.6558862945133903, 0.5248070921750441], [-0.472312129848234, -0.7548591037990016, 0.45509228230106624], [0.6946442019667018, -0.000949779586289945, 0.719352855414352]], "T": [0.106749248910576, -0.014828337356338466, 0.08877751866277725], "aligned_model": [[-0.6543976271769261, -0.42726782073075764, -0.17933816911821646, 0.35736910387131693, -0.4556263392154404, -0.5547895055301849, 0.4144882283563879, 0.8160841740823389, -0.13701440809967885, 0.09311723386139434, 0.1882938959980485, -0.13701440809967885, 0.524057390003698, 0.8161136336870166, 0.20584089223179752, 0.0033862313526542287], [-0.13891883738879784, 0.4948144051730552, -0.4338335520162706, -0.612750580754085, -0.7249065651118571, 0.17202923124668476, -0.023823700247049644, -0.37239947414429797, 0.42536982776512955, 0.2226119176087722, 0.6124644555551724, 0.42536982776512955, 0.26428357736428315, 0.2732078874491529, -0.46624989169816633, -0.0616080918652087], [0.16689561699852187, 0.058008497607058604, -0.45706240419224575, -0.10881284808715294, 0.07650705882341655, -0.4684489866397663, -0.320267268165349, 0.3258497762393747, 0.49987800599827736, -0.6702268589814074, -0.2012130181716891, 0.49987800599827736, 0.6273870469800693, -0.012930211467071157, 0.5072137404907389, 0.09873082366468322]], "inverted": true, "swapped": false, "error_lsq": 0.047990749515713436, "error_max": 0.413313056640224, "target": "606.xyz", "model": "14.xyz", "model_rescale": 3.942246331269136, "target_rescale": 4.131997764099364},
{"mapping": [5, 1, 10, 8, 14, 11, 6, 9, 2, 13, 7, 3, 0, 4, 15], "R": [[-0.7044863547635061, 0.02584628183140769, -0.709246745263959], [-0.7093020542075354, 0.008548894718301059, 0.7048528302390974], [0.02428110065458433, 0.9996293743756167, 0.01231024111929152]], "T": [-0.08949400984014325, -0.023841307506762624, -0.04222585647640097], "aligned_model": [[-0.693515009741682, -0.33811012004857166, -0.35286572224010293, 0.19451540606785286, 0.4016808400254367, 0.28214032403845557, 0.12669197582683017, -0.43130239726408304, -0.5254758173289482, 0.3816881017660926, 0.6136637724760897, 0.10874428643052236, -0.44992894163153274, -0.27742789651610844, -0.06620476532804061], [-0.10576680024635639, -0.4919394199467452, 0.15857935243876847, -0.5926473489689742, -0.2827795543805791, -0.10174467381542408, 0.6875146242019783, 0.6543757345889117, 0.23256019654634147, 0.465291927799098, 0.38836604461451885, 0.2114094524850847, -0.7618759939030645, -0.36995898789430215, 0.006760136362395277], [-0.18850204322331676, -0.4999473195072781, -0.7131444529290055, -0.30876449586342175, 0.38611571585180343, -0.590596694965912, 0.0750959775391245, -0.1990950233360343, 0.3540283404298322, -0.3985508957833589, 0.26933082739466946, 0.5731596904065309, 0.07179842030047498, 0.6417615839239186, -0.06332714987751087]], "inverted": true, "swapped": true, "error_lsq": 0.03945109278368476, "error_max": 0.25264521616277136, "target": "606.xyz", "model": "15.xyz", "model_rescale": 4.355366556412066, "target_rescale": 4.131997764099364},
{"mapping": [9, 10, 5, 3, 2, 6, 4, 7, 1, 13, 8, 15], "R": [[-0.28086580818102985, 0.838509581541655, 0.466921920086919], [0.14009956632748566, -0.4454734707156729, 0.8842655135214665], [0.9494664340089476, 0.3137755066147943, 0.007643437640338369]], "T": [0.039916969364527995, 0.07706250275310991, -0.11909151958894626], "aligned_model": [[-0.2301018080135207, 0.47447639331132624, 0.13881621130035995, -0.5790870351950163, -0.47776687061814777, -0.4150945463604165, -0.36829996896869066, -0.36314232001230057, 0.6460020734286382, 0.12887168820285952, 0.5993406785782833, 0.043794058978405964], [-0.5953300618372959, -0.5011973617137205, -0.3887661934665415, 0.366129566781643, -0.20697881063604204, -0.0829325371550931, 0.41331221086816783, 0.5154532928606674, -0.06009239618076184, 0.016520419303595657, 0.4674336866652815, 0.06922461225107997], [0.15730921188692365, 0.052801922226652864, -0.5267340630197268, -0.037758941057250306, -0.3723961393981001, 0.45874423776364204, -0.7049673409997274, 0.5186937574717398, -0.442022055732877, 0.6402852985610287, -0.2185900610613199, -0.07610736543156407]], "inverted": false, "swapped": true, "error_lsq": 0.04785824381920704, "error_max": 0.2435000563266695, "target": "606.xyz", "model": "16.xyz", "model_rescale": 3.795458400668931, "target_rescale": 4.131997764099364},
{"mapping": [5, 0, 4, 10, 3, 8, 1, 9, 13, 12, 14, 7, 15], "R": [[0.03875741455495482, 0.872400427230368, 0.4872528680113512], [0.07870158767047297, 0.4834394141890125, -0.8718327780639655], [-0.9961445291297657, 0.07213755871150773, -0.049922436919500796]], "T": [-0.020167983867786718, -0.00033006080381284275, -0.04508607925743082], "aligned_model": [[0.03636909383571647, -0.03235161935952009, 0.5349710625812205, -0.45865075309702785, 0.527397712571776, -0.5379161195879568, -0.4868000020414653, 0.18103144474815597, -0.34026660659974733, -0.47936858286350525, 0.10053098399725004, 0.1406638869744971, -0.03697870025517126], [-0.36270099891244434, 0.33805659600106297, 0.44662878928659144, -0.5917121151611383, 0.24897306769344058, 0.41557235120133185, -0.04869454110058069, -0.7232608609548681, -0.2241309832209247, 0.5468962238728007, 0.6580172857228963, 0.27746406487985487, -0.017327613837536813], [-0.5534567506684761, -0.8020247185120701, -0.38420823792140985, -0.14888321797786325, 0.28862108533689107, -0.23003623216677024, -0.5650381804215227, 0.15064106124988053, 0.6149756274533484, 0.30950337777905534, 0.16417161330538765, 0.7663181777541261, -0.008308574374280966]], "inverted": true, "swapped": true, "error_lsq": 0.05240567101278455, "error_max": 0.341065178169556, "target": "606.xyz", "model": "17.xyz", "model_rescale": 3.7474275329858107, "target_rescale": 4.131997764099364},
{"mapping": [10, 2, 5, 6, 11, 12, 1, 4, 13, 8, 7, 3, 14, 15], "R": [[-0.8526867084768655, 0.4866864843469429, -0.1898990340704828], [-0.4812522400247256, -0.8731967659260014, -0.07696550816798536], [-0.20327729498906982, 0.025761869698942785, 0.9787822369718107]], "T": [0.1302819795297276, 0.008319516994936375, -0.03160485062556775], "aligned_model": [[0.5515509074467819, 0.15091180032598112, 0.6887902442748544, -0.4237742158299012, 0.1434743636419958, -0.23204070698051, 0.7507808136250207, 0.11829545341367584, -0.2894024661437559, 0.3116348262361518, -0.73590350998332, -0.4149764564446207, -0.3125959879022801, 0.10810258220280268], [-0.5390696072258307, 0.44927802214949364, 0.12582522552838782, -0.16693088496663405, -0.5933778083917839, -0.3012789084055385, -0.17384700436770284, 0.7805161231171885, -0.6188232790203214, -0.17402459951122273, -0.09197414003586063, 0.41390461983413196, 0.27777521678876194, -0.027564733981835496], [-0.3066891216950356, -0.49847663552317323, -0.2908553167106597, -0.5099740424729308, 0.2559327620952772, 0.6078688123426403, 0.23715397476475839, 0.131257476965288, -0.16867533352214326, 0.6080093108668598, 0.00121610846904497, -0.1390044588705234, 0.4406567116797635, -0.04362552972751088]], "inverted": false, "swapped": true, "error_lsq": 0.037621873046616176, "error_max": 0.20658492023268255, "target": "606.xyz", "model": "18.xyz", "model_rescale": 3.922800546911778, "target_rescale": 4.131997764099364},
{"mapping": [1, 10, 11, 8, 6, 5, 9, 14, 2, 12, 13, 7, 4, 3, 15], "R": [[0.8138370192972653, 0.12875249058650284, 0.5666498938402047], [-0.5712849957961835, -0.0011306880489038475, 0.820750982407387], [0.10631443739914781, -0.9916761153281392, 0.07263417025198353]], "T": [-0.03149538412630866, 0.0912256031177332, -0.007094258313139546], "aligned_model": [[-0.2847142784034094, -0.1509359703646731, 0.4011674263685445, 0.18542864554761235, 0.28611269515997184, -0.6102887926579121, -0.2194409488764663, 0.3335298845019642, -0.4715028693795738, 0.65678823806443, 0.5682906356690786, 0.6763356278505296, -0.3816454833102003, 0.1070976628737577, -0.00017163615603582594], [0.5047859070907614, -0.1388331739206327, 0.23195006616172706, 0.7004930520473468, -0.5691248807124967, 0.06256875262695533, -0.6381301189028601, 0.43629959517903416, -0.23739686779676128, 0.49348777225459517, -0.30702342283156475, -0.186397356753929, 0.4012878564111415, -0.10155954860146363, 0.06520387278272564], [-0.512349458586219, -0.7039304116519502, -0.49483507782794617, -0.24580254983110322, 0.16492434879097398, -0.24610650204181567, -0.1918534552700399, 0.48225096204248363, 0.32643226362904876, -0.029594980651088863, -0.27145363795388067, 0.42105768419722833, 0.6286822119871471, 0.6386352253696846, -0.02339745503919377]], "inverted": false, "swapped": true, "error_lsq": 0.042214154250989004, "error_max": 0.2757990210273986, "target": "606.xyz", "model": "19.xyz", "model_rescale": 3.9282355846067225, "target_rescale": 4.131997764099364},
{"mapping": [1, 5, 2, 0, 8, 4, 14, 3, 12, 13, 9, 11, 6, 15], "R": [[-0.4587382527747163, 0.7186933943367034, 0.5225313582723896], [-0.5766915524763007, 0.2065765397338078, -0.7904131745701617], [-0.6760074472545956, -0.6639321788920871, 0.31969984843276184]], "T": [-0.02545920760541471, -0.1561081758467629, 0.05317359545294682], "aligned_model": [[-0.6725629508730149, -0.1697659747720087, 0.4493741079557641, -0.45018101720447223, -0.6219587810153693, 0.22591387638462446, 0.08487086321526927, 0.5726713478008287, -0.32987290033934574, 0.04894195049963731, 0.3470828049494559, -0.48208533213123134, 0.5498704524458303, -0.019775627831291838], [-0.412983652732043, -0.7580904654390086, -0.5450654043240841, -0.3777040137032749, 0.15451598314800413, -0.16316807066453726, 0.4375883247061982, 0.11467336990281263, 0.5781395344686557, 0.16528929481310417, -0.6163179767586109, 0.1163718283216888, -0.02856655739505226, -0.14180010691901704], [-0.022367689075386027, -0.045531811993163154, -0.13678654024957926, -0.6236696235938376, -0.09830378960875975, -0.6949688666449245, -0.3033793348716119, -0.1523936846972081, 0.11850416542660679, 0.7455604608263894, 0.5540115467304426, 0.4558382435587804, 0.5214224315869146, 0.0942476498490191]], "inverted": true, "swapped": true, "error_lsq": 0.045195177785263586, "error_max": 0.2607431699962921, "target": "606.xyz", "model": "20.xyz", "model_rescale": 4.067790424073018, "target_rescale": 4.131997764099364},
{"mapping": [4, 7, 0, 5, 8, 12, 1, 3, 14, 6, 13, 10, 9, 11, 15], "R": [[-0.30421767366269725, 0.287687763821014, 0.9081229859324789], [-0.8293314201728679, 0.3890414625087488, -0.4010687421915452], [-0.46868006416457586, -0.875147125343344, 0.1202352130532931]], "T": [0.10684954800286653, -0.04471260074131214, -0.03936576723406219], "aligned_model": [[0.08843082335911275, 0.2544758976052915, -0.3411849267795052, 0.24900547304516704, -0.5789845494442624, -0.4776858387817956, -0.32330511187793043, 0.4043584843967051, -0.19803677787747295, 0.6603135911511404, 0.22387132225094974, 0.1791694376864081, 0.7876353042923778, -0.27675088762340383, 0.11713171250473343], [-0.06792004149818318, 0.8138708149039876, -0.5479280438280971, -0.6540285079108837, -0.0677996640013481, 0.4724717642246059, -0.5743023869737074, 0.42604734938043354, 0.4627746760353091, 0.4076705127946125, 0.3907888107628831, -0.4639042136235997, -0.1926680616054355, 0.05829399174305758, -0.022471860475787274], [-0.8280847148569657, 0.010175271525458489, -0.5227387095048269, -0.07778055263484679, 0.026536324565104526, 0.12462872667269037, 0.11854679637419702, -0.44336355884265716, -0.41523707981350805, 0.1963355824487229, 0.5810178743501426, 0.5704062757284617, 0.30130885912868616, 0.49648116687809213, -0.002982688397610511]], "inverted": true, "swapped": true, "error_lsq": 0.04961153413475076, "error_max": 0.40189952270390805, "target": "606.xyz", "model": "21.xyz", "model_rescale": 4.186013935880536, "target_rescale": 4.131997764099364},
{"mapping": [5, 10, 1, 4, 3, 0, 2, 9, 11, 13, 6, 14, 15], "R": [[0.5893002629638153, 0.16883213865585683, -0.7900765209950665], [-0.5373932491962913, -0.6483004456308237, -0.539365393692558], [-0.6032691735776253, 0.742429957067847, -0.2913143715287734]], "T": [0.05810337546190226, 0.0014844651590386476, 0.030821461811092542], "aligned_model": [[0.022152541046335024, -0.27516906215208947, 0.39723469172848735, 0.48548866152487813, -0.034569399375546185, 0.7423896072397366, -0.18800484046154187, -0.6804152120055013, 0.09446087314272236, -0.409332249858812, -0.5816835430498479, 0.4578817595889229, 0.02814020805548116], [-0.3500848432403174, 0.25261399528873585, 0.12418985588477818, -0.5935681557350848, -0.26294331877765253, -0.3396014999562108, -0.5888112175502349, -0.15127942150887974, 0.6446466337654833, 0.5879339530562434, 0.0808355450249688, 0.08225339552101439, 0.03277173777324966], [-0.4869202077388109, -0.5845135368335878, -0.5694852000362567, 0.3244361901325257, 0.6591767891408618, -0.2901501747469245, 0.09263577518166322, -0.1499346067145803, -0.1421298213328764, 0.19148375403217918, 0.4192853079256677, 0.6012878279468444, 0.037707464378640324]], "inverted": true, "swapped": true, "error_lsq": 0.04959672735126453, "error_max": 0.30979349207116597, "target": "606.xyz", "model": "22.xyz", "model_rescale": 4.166573947596378, "target_rescale": 4.131997764099364},
{"mapping": [11, 9, 6, 1, 2, 12, 5, 0, 9, 13, 14, 10, 8, 7, 4, 15], "R": [[0.9830137240920156, -0.1734399845239178, -0.06002157957843396], [-0.0621814683345201, -0.007041619066669811, -0.9980400195366333], [0.17267739644351313, 0.9848192663475178, -0.0177067610879781]], "T": [-0.031189421652267554, -0.015308698044660049, 0.08573215183880217], "aligned_model": [[-0.8138110454931835, -0.3075579522970658, -0.13706727923993145, 0.29872619721679494, -0.2506517111101124, -0.5165956738011935, 0.5873241599923055, 0.6781608302490767, -0.3075579522970658, 0.3715110915074945, -0.21806665208713466, 0.35703617071953614, 0.28937899922104565, 0.6562221803206078, 0.17719339104323817, 0.009057751529357158], [-0.028126958830956367, 0.3991053691385637, -0.47978008055018734, -0.6141820465427197, -0.6514226913725681, 0.07349665517250546, -0.11611375715830603, -0.37441507487456654, 0.3991053691385637, 0.4310410588836747, 0.6477102894984891, 0.6129072822879731, 0.13178785866243442, 0.17902720942543182, -0.4930927669945256, -0.061387279182160304], [0.18285276506496745, 0.42088970057072, -0.5077017923141376, -0.11577580768663887, 0.08360372814154998, -0.3454009306820417, -0.4604741009445599, 0.27179825053926776, 0.42088970057072, -0.5104367253148323, -0.3034470949389481, -0.03903484935281727, 0.8135217029900212, 0.052739846810552354, 0.6035665850270693, 0.05379599861484301]], "inverted": true, "swapped": false, "error_lsq": 0.05043661309851266, "error_max": 0.3961572256089144, "target": "606.xyz", "model": "23.xyz", "model_rescale": 4.274766983524099, "target_rescale": 4.131997764099364},
{"mapping": [14, 4, 0, 8, 5, 10, 13, 9, 6, 2, 15], "R": [[0.6363453990726303, -0.7636083966822625, -0.10939263958530078], [-0.7359669609282778, -0.5584891853872952, -0.38267801377585087], [0.2311215383755697, 0.3240247618960316, -0.9173825745985862]], "T": [-0.0567877540424225, 0.03487976639952339, -0.019910410842258613], "aligned_model": [[0.317381676346287, 0.19712057488800414, -0.506933754407353, -0.44990180581508316, -0.4460486546667476, -0.564692478599649, 0.12190134493092575, 0.055067233910576295, 0.49609305736876413, 0.20703997047177206, -0.04713246046942154], [-0.03310580411884409, 0.6635874147654909, 0.5632899711734656, -0.19939076808058448, 0.4385835325371473, -0.19575085820454013, -0.6585464170921509, 0.040947873296263815, -0.24068772397862898, 0.5396706839470548, -0.0030113730011905454], [-0.6091077046098385, -0.4239062851395833, -0.4735196126010607, -0.5354908278364295, 0.26017725033426753, 0.47163411908414665, 0.2547926502470902, 0.7474688338355732, 0.4101051950754492, 0.27744512996182125, -3.2314329858854074e-05]], "inverted": false, "swapped": true, "error_lsq": 0.05048155121803062, "error_max": 0.23448300058624738, "target": "606.xyz", "model": "24.xyz", "model_rescale": 3.7841303162186577, "target_rescale": 4.131997764099364},
{"mapping": [10, 7, 13, 12, 14, 11, 5, 2, 0, 3, 6, 1, 8, 4, 9, 15], "R": [[0.48701683312269795, 0.8567705539170561, -0.16958426281881048], [-0.7053284978603623, 0.5003301297859013, 0.5021767331671871], [0.5150983540656903, -0.12495590890023706, 0.8479738831295058]], "T": [-0.0033456561488096684, 0.02634767024869409, 0.11495165621707569], "aligned_model": [[-0.6880195886436149, -0.5094899030664424, -0.20127431869635087, 0.2851476241403144, -0.28386789871101337, -0.5335957358969381, 0.7235458308114244, 0.6690788240680753, -0.2081101022340542, 0.26764484646915426, 0.03742656857039304, 0.3397423089718552, 0.2865257690772128, 0.6223919917675887, 0.06274122248447955, 0.0034150663616858007], [-0.20285206171619874, 0.430748533023825, -0.3762569957887957, -0.6053023339180695, -0.7133586096019408, 0.15254118174325934, -0.2347452054628613, -0.2475721323404069, 0.5180122496975468, 0.114396632175267, 0.5924502720891899, 0.5623044733198755, 0.11430572347162174, 0.3779196776553355, -0.4979634392203013, 0.0710324715742997], [0.40468290117784783, 0.17048096018508502, -0.525933454156089, -0.18994472928508854, 0.056292869254098585, -0.42573089366451666, -0.30073815828538913, 0.3189278511071218, 0.6225611638963342, -0.6385822948612202, -0.3321410882151024, 0.4997598516005476, 0.6225890478161681, -0.08889598896548025, 0.36569274476465224, 0.062366194726766286]], "inverted": true, "swapped": false, "error_lsq": 0.03679279939273117, "error_max": 0.2548598629322777, "target": "606.xyz", "model": "25.xyz", "model_rescale": 4.19342608120988, "target_rescale": 4.131997764099364},
{"mapping": [9, 10, 5, 3, 2, 6, 4, 7, 1, 13, 8, 15], "R": [[-0.28086580818102985, 0.838509581541655, 0.466921920086919], [0.14009956632748566, -0.4454734707156729, 0.8842655135214665], [0.9494664340089476, 0.3137755066147943, 0.007643437640338369]], "T": [0.039916969364527995, 0.07706250275310991, -0.11909151958894626], "aligned_model": [[-0.2301018080135207, 0.47447639331132624, 0.13881621130035995, -0.5790870351950163, -0.47776687061814777, -0.4150945463604165, -0.36829996896869066, -0.36314232001230057, 0.6460020734286382, 0.12887168820285952, 0.5993406785782833, 0.043794058978405964], [-0.5953300618372959, -0.5011973617137205, -0.3887661934665415, 0.366129566781643, -0.20697881063604204, -0.0829325371550931, 0.41331221086816783, 0.5154532928606674, -0.06009239618076184, 0.016520419303595657, 0.4674336866652815, 0.06922461225107997], [0.15730921188692365, 0.052801922226652864, -0.5267340630197268, -0.037758941057250306, -0.3723961393981001, 0.45874423776364204, -0.7049673409997274, 0.5186937574717398, -0.442022055732877, 0.6402852985610287, -0.2185900610613199, -0.07610736543156407]], "inverted": false, "swapped": true, "error_lsq": 0.04785824381920704, "error_max": 0.2435000563266695, "target": "606.xyz", "model": "26.xyz", "model_rescale": 3.795458400668931, "target_rescale": 4.131997764099364},
