[{"mapping": [12, 11, 5, 7, 9, 0, 4, 10, 1, 2, 3, 6, 13], "R": [[-0.1979833561559965, -0.377754940386582, -0.9044909041547835], [-0.05045702785351977, 0.9254607487381842, -0.37546836202954403], [0.9789058581014811, -0.02869856370081067, -0.20228621657471763]], "T": [-0.12804383636099426, -0.12710415193069885, -0.07396903735888072], "aligned_model": [[0.030346226302861323, 0.09415315925909803, -0.6435682191805134, 0.5723448016804712, 0.5150850818630285, -0.09828654776488663, 0.3515983653714, 0.6084992960583616, -0.5231106926518054, -0.06793019796661737, -0.4898444171267843, -0.30947762367046827, 0.021996581502580104], [0.04660471945349495, -0.7467969008057669, -0.6780330175489322, -0.29475003999994087, 0.20597136722019194, 0.6361283938921585, -0.20480078821138345, -0.43883366491793774, 0.11641104810466729, 0.39893792846263526, 0.027697641554612518, -0.3868839252921669, -0.18875709908272614], [-0.6029847498149243, -0.3056395641255526, -0.12976559808405233, 0.15569396443149291, -0.1843731353380283, -0.183527329390084, 0.749019916175156, -0.6869599422345137, -0.4169947504405722, 0.4836368499344178, 0.2700324892205814, 0.6218344797078684, -0.05891415874121844]], "inverted": true, "swapped": false, "error_lsq": 0.05402739527418668, "error_max": 0.26801734268789046, "target": "607.xyz", "model": "0.xyz", "model_rescale": 3.8414455957264533, "target_rescale": 3.7601543637231702},
{"mapping": [10, 1, 11, 4, 2, 6, 7, 3, 12, 9, 13, 0, 14], "R": [[-0.1664718894954794, -0.9859560765392383, -0.013331359388921743], [0.8991717513892876, -0.15734010087269126, 0.4083310595104078], [-0.40469404679501497, 0.055988461246251814, 0.9127365560203837]], "T": [0.01444409480834253, -0.02739846452674652, -0.01469630964442304], "aligned_model": [[-0.10264574969270981, 0.016809646424070575, -0.6125677604676071, 0.46796554800012913, 0.6811919103477831, 0.26918024120517525, 0.22736454323306132, 0.45564666008374743, -0.6334389440986284, -0.10120801953228242, -0.6179677590940338, 0.004758252469642201, 0.006717244798377378], [0.14235672054536985, -0.8230833524370865, -0.591871380008182, -0.30416153629748177, 0.2764805044471894, 0.6652577274483951, -0.010791468184394942, -0.49089366622235997, -0.08798089415986121, 0.43710623303733775, -0.05435474735183815, -0.57709175969502, -0.08807671829316185], [-0.6672715511807847, -0.3543694679678395, -0.13507846430728643, 0.10165543485056783, 0.07310830473974386, -0.2703602868117774, 0.5913928689837913, -0.46623742232365684, -0.4132773942225674, 0.4714823143024581, 0.40264720174558644, 0.4578085424072801, -0.08044160891494476]], "inverted": false, "swapped": false, "error_lsq": 0.044671217258960394, "error_max": 0.2559181459919893, "target": "607.xyz", "model": "1.xyz", "model_rescale": 4.316132596720782, "target_rescale": 3.7601543637231702},
{"mapping": [3, 1, 7, 9, 4, 6, 5, 10, 0, 11, 8, 12], "R": [[0.46811214225173525, 0.5630655328049328, 0.6810493580083522], [0.8028612430286288, -0.5929761432234025, -0.06158829442697855], [0.3691677758404933, 0.5756183625762786, -0.7296428262828241]], "T": [-0.05831056230516203, 0.0940607646938526, -0.048129367615714756], "aligned_model": [[-0.13977071493463, 0.4617438351874024, 0.23649116851136198, -0.4580043498593595, -0.4346814393846136, -0.5835364601985514, -0.3229912666259636, -0.059673550282941926, 0.2716005738530504, -0.051041870742916565, 0.6160248241133851, 0.061647804995557554], [-0.5136809470021464, -0.27787645432851804, -0.6576881741316478, 0.3786597400141528, -0.350423490880434, -0.17018099088273586, 0.3572069833652582, 0.6772237294037878, 0.09295821861245428, -0.10776934647397451, 0.44467092535549685, 0.1396762346892866], [0.06762839804306059, 0.054707752633761826, -0.5027418397482689, 0.035335133342366355, -0.459673521008606, 0.3305828445693908, -0.6689126639382684, 0.5204783535426085, -0.5867511765396459, 0.7476255704591876, -0.1206725660591029, 0.03165217591293756]], "inverted": true, "swapped": true, "error_lsq": 0.05571545752765514, "error_max": 0.3159923297347153, "target": "607.xyz", "model": "2.xyz", "model_rescale": 3.795458400668931, "target_rescale": 3.7601543637231702},
{"mapping": [4, 3, 7, 2, 5, 8, 1, 9, 11, 10, 0, 12], "R": [[-0.5513796237820217, 0.38533390301474524, 0.7399312763124823], [-0.521637893819913, 0.5329273525526395, -0.6662449584292253], [-0.6510563863515368, -0.7533300870724983, -0.09284051756760478]], "T": [0.1394284308997526, 0.009086962739495327, -0.05318434138634221], "aligned_model": [[-0.21964768361487108, -0.19808623899838457, -0.7729565818171593, 0.23438073334029347, 0.1267088516154927, 0.04081011786990779, -0.3141892715012085, 0.5719258949225368, 0.40649470886637, 0.8546429821799959, -0.29500384206041724, 0.15822415494100892], [-0.2019760051973627, -0.514454298024697, -0.1222654560411573, 0.03812281592460852, 0.4590116104946444, 0.5641724538249285, -0.10378349514146154, -0.0025890331047344096, -0.6057484835894033, 0.0717914527908915, 0.4629207101954178, 0.0405667731580346], [-0.6320683093018654, -0.0902518580674255, -0.14809038959291762, 0.8952294152448909, -0.6207050302419529, 0.46166781185517136, 0.3949903838636105, -0.2992079951635194, 0.42080629800671365, 0.3314348654543516, -0.1184496177461834, 0.09341585632822669]], "inverted": false, "swapped": true, "error_lsq": 0.05514594694439218, "error_max": 0.24901531737215046, "target": "607.xyz", "model": "3.xyz", "model_rescale": 3.7530521520055578, "target_rescale": 3.7601543637231702},
{"mapping": [1, 11, 2, 10, 8, 6, 0, 3, 4, 9, 12], "R": [[-0.8601782935617651, 0.5005669669003469, 0.0976013060023119], [0.31617519229678726, 0.3732574233357921, 0.8721881354964736], [0.40015815755930745, 0.7810964137498728, -0.4793347904813797]], "T": [-0.03800042826825375, -0.009511062720616165, 0.1873923316885321], "aligned_model": [[-0.3688910897264451, -0.15803565777694087, 0.2159940237574269, 0.5984806843049789, 0.339650603804278, -0.29093822308660494, -0.0753702864299518, -0.6345325747310928, -0.5414323513581082, 0.23141226803474566, 0.021862205652919457], [-0.4812358387394985, 0.2218424447771701, -0.505721567732691, 0.17746992160952302, -0.6662751061938103, 0.6004292228296809, -0.48784571312836267, 0.09045070972301902, 0.21399266180585894, 0.4025437950654276, -0.09844717170197106], [-0.10816891475008716, -0.5911198694791213, -0.5863063353208864, -0.2851809922971135, 0.09274085018335873, -0.04305117306155326, 0.5981909226523103, 0.03395619774911218, 0.6403738596736137, 0.2605060563141951, 0.08089017558148844]], "inverted": false, "swapped": true, "error_lsq": 0.05038521415294515, "error_max": 0.23840994490312203, "target": "607.xyz", "model": "4.xyz", "model_rescale": 3.7855080009869324, "target_rescale": 3.7601543637231702},
{"mapping": [4, 8, 13, 10, 5, 0, 9, 7, 11, 2, 14, 15, 16], "R": [[0.13710333819237389, -0.6031834555377067, 0.7857304840860504], [0.3549167944662831, 0.77046962150824, 0.5295381302028473], [-0.924790107895995, 0.20626749937530356, 0.3197138955991332]], "T": [-0.06800328695217699, -0.08554865278467891, -0.06093888356035863], "aligned_model": [[0.1310353753138161, 0.013805720267650964, -0.6004846823596112, 0.5315108919551534, 0.6709605838664185, 0.1903182650231583, 0.1463347244477286, 0.47676889859787847, -0.6995100567992635, -0.15898716167735633, -0.4459394572762863, -0.10884558549147051, -0.08516170219109157], [0.20811722244289624, -0.7840243550155819, -0.5682653482120051, -0.42199788957068285, 0.22057921426980673, 0.6234078770226297, -0.04202283987215874, -0.3046522353918892, -0.09323771640945563, 0.48410596791706295, -0.05495792892497155, -0.6979759700257683, -0.07618033540097666], [-0.7098955450683011, -0.08830407485100092, -0.15212986105304768, 0.1806163573876892, -0.18471841036819828, -0.25873801892031506, 0.6166146122822064, -0.5263272781466545, -0.5442362105115978, 0.4005816850298604, 0.4993519849243547, 0.48913637895629497, -0.010893148360719848]], "inverted": true, "swapped": false, "error_lsq": 0.046399313450351164, "error_max": 0.300689704917404, "target": "607.xyz", "model": "5.xyz", "model_rescale": 4.2253639853439635, "target_rescale": 3.7601543637231702},
{"mapping": [6, 5, 10, 11, 12, 7, 9, 11, 2, 0, 1, 8, 13], "R": [[0.6032790388934651, 0.47954334987256064, 0.637253934334485], [0.7620786379795105, -0.5822012940931496, -0.2833333772988217], [0.23513942835490503, 0.6565666978679813, -0.7166795800660596]], "T": [-0.12861495663981848, -0.06615606046698809, 0.008548020554569588], "aligned_model": [[0.10105542188388639, -0.12087186613495043, -0.654372118792241, 0.5276301268919033, 0.7547158153960392, 0.2361926180366839, 0.10586983609534983, 0.5276301268919033, -0.5357216967931191, -0.11114481287924488, -0.618619455796174, -0.0046018579144943145, -0.1459563232088169], [0.049248158438942216, -0.5912998417176136, -0.6424266337999699, -0.3874686147297899, 0.23475062735517338, 0.5920220623536309, -0.02833709719418505, -0.3874686147297899, -0.20546694269200227, 0.6308446878621761, -0.07584302844539063, -0.6711920428206759, -0.0244670570515989], [-0.5810716463584323, -0.3448714469538197, 0.006521411305891345, -0.25913541491865155, -0.014379623621478946, -0.24266545067236567, 0.5708495726405465, -0.25913541491865155, -0.5062608685029852, 0.40471389519822143, 0.5549064518212438, 0.4140317896508702, -0.03244478336981773]], "inverted": false, "swapped": false, "error_lsq": 0.05569925157479347, "error_max": 0.3644038866315475, "target": "607.xyz", "model": "6.xyz", "model_rescale": 3.89814844738969, "target_rescale": 3.7601543637231702},
{"mapping": [0, 2, 4, 5, 6, 3, 9, 1, 7, 8, 11, 10, 12], "R": [[-0.6745647705482269, 0.33657989043040204, -0.6570208122221672], [-0.6100793356949893, -0.7552936906828028, 0.2394465388614148], [-0.4156507843047794, 0.5623570202038995, 0.7148349511140404]], "T": [-0.08447693501617533, -0.09256420817031755, -0.0692688338519302], "aligned_model": [[0.10149937264443258, -0.009136055549983854, -0.5787619870138045, 0.6151837992094178, 0.4721205173364202, 0.026979623942590902, 0.3290643289661563, 0.5812493062115125, -0.5751856941173136, -0.12199891451593502, -0.6171359078324768, -0.0475069418592963, -0.1145656337449952], [-0.03701435961159985, -0.7699370729887679, -0.4930139288432326, -0.3421385189420384, 0.29054444981854566, 0.626481110132378, -0.10793372218575907, -0.4260721976623809, 0.2219270403343732, 0.46018277688269094, 0.005383820007139481, -0.6874936417486235, -0.24802009236381908], [-0.6290343336662177, -0.2617203820656881, -0.17327891494486558, 0.15604011938906323, -0.04093363954607587, -0.4198871482080937, 0.7223707811607588, -0.4697405615926742, -0.37188219757094665, 0.31899608071538244, 0.5324129522089747, 0.3592120312054288, -0.011496315784475297]], "inverted": false, "swapped": false, "error_lsq": 0.05616221083587894, "error_max": 0.3714729833095502, "target": "607.xyz", "model": "7.xyz", "model_rescale": 3.7474275329858107, "target_rescale": 3.7601543637231702},
{"mapping": [0, 3, 2, 5, 7, 10, 9, 6, 1, 11, 13, 4, 14], "R": [[0.7034024882840503, 0.48962746301756144, -0.5152571076024022], [0.3499704543467216, -0.8695193424410951, -0.3485065196020807], [-0.6186643844283879, 0.06481558901832743, -0.7829772147770658]], "T": [-0.07018348968134923, -0.0653343973822891, 0.0006879420178557485], "aligned_model": [[-0.051106873395977734, 0.18685213785661847, -0.5624938157542388, 0.5602313118030479, 0.5658056325975535, 0.23193213592777912, 0.4234911655480175, 0.5473633158969066, -0.645050568372722, 0.119048889250519, -0.7243705997812386, -0.46609778129038465, -0.12379913660915541], [-0.051591983472357966, -0.61272740409781, -0.7405286679092835, -0.4036828334143533, 0.1703613552403305, 0.5576190951328251, -0.08043093982542651, -0.09471712142206132, -0.17288268617664723, 0.3894741162969617, 0.12889071068610525, -0.5100439825097238, -0.08684399569965288], [-0.6578410751089452, -0.3845757590489813, -0.10096212310446193, 0.03413906944178908, 0.06267971939667635, -0.309019104421661, 0.5806861051863499, -0.532894944557266, -0.47128984078987884, 0.379924383091922, 0.5858611309692502, 0.5083404850441133, 0.01601042520166392]], "inverted": true, "swapped": false, "error_lsq": 0.051881184169405896, "error_max": 0.34308440222789777, "target": "607.xyz", "model": "8.xyz", "model_rescale": 4.019505241142653, "target_rescale": 3.7601543637231702},
{"mapping": [0, 2, 10, 5, 4, 7, 11, 3, 1, 8, 9, 6, 12], "R": [[-0.8212505736225018, 0.4868819549396472, 0.29747849885136185], [0.22292642474263508, 0.7537392021725935, -0.6182079134560547], [-0.5252154838503703, -0.4413877853570145, -0.7275476056324093]], "T": [-0.04647749059139785, -0.1731571255824172, -0.01323077835426266], "aligned_model": [[0.08637023436885663, 0.09850593618832404, -0.8204818582106892, 0.5407127004684977, 0.6003324072595039, 0.02491826281658307, 0.005241599353053107, 0.6913645776685906, -0.6240680184364787, 0.04880899834311631, -0.4853992908693562, -0.08683288289813124, -0.01766685237514498], [0.12970555018087043, -0.5719389145721421, -0.6192643026537887, -0.3705768881013376, 0.2982944058182018, 0.6902953789375625, -0.13713418192455143, -0.3623643059694466, -0.15589181496148297, 0.392824355053573, 0.21945726141222216, -0.8449199431165846, -0.1755909372741899], [-0.5729376299055691, -0.42545044424372713, 0.18698256707870675, 0.2451445997915157, -0.22994506220569294, -0.27578821761123273, 0.6058629199326198, -0.41103793381728326, -0.3630827375646696, 0.3427500919038552, 0.3339603185880732, 0.2609370484548361, 0.013662950899138451]], "inverted": true, "swapped": false, "error_lsq": 0.06073417874984554, "error_max": 0.40365390975961185, "target": "607.xyz", "model": "9.xyz", "model_rescale": 3.877068213659057, "target_rescale": 3.7601543637231702},
{"mapping": [9, 11, 0, 6, 13, 2, 3, 10, 8, 4, 1, 5, 15], "R": [[0.4445813624780031, 0.06359412450598795, 0.8934781471673046], [-0.7974427392837142, -0.4261977615772304, 0.4271305954743172], [0.40796138260978687, -0.9023919632592456, -0.13876690867867558]], "T": [0.07887271520929658, -0.08885273179998046, -0.029158248757269477], "aligned_model": [[0.04558505144991433, -0.13231126323849085, -0.4810692527548985, 0.6079398576337071, 0.7220708158107881, 0.09185227308137496, 0.2917313123040562, 0.4354590150131252, -0.5428715575382774, -0.054732579596140626, -0.6862746746009484, -0.2546856415411368, 0.01911245765365173], [0.11437029708726032, -0.6453166389543588, -0.6537082388894965, -0.3803710444692999, 0.33474615506687555, 0.5383892564722095, -0.12063683831905, -0.42173556292479897, -0.021738003459412458, 0.3855183046714378, -0.08433119744502723, -0.3962650962918688, -0.15602572971556433], [-0.6562448742493072, -0.46551191672071407, 0.005036549923529147, 0.0949771906230678, 0.03791396897455729, -0.24538585378331693, 0.5678696659534754, -0.544178647376992, -0.48110139601526253, 0.4347516829126137, 0.38003075133569575, 0.6074200284734155, -0.024518678750190846]], "inverted": false, "swapped": false, "error_lsq": 0.04432530393691579, "error_max": 0.2331643721765053, "target": "607.xyz", "model": "10.xyz", "model_rescale": 4.260839863003843, "target_rescale": 3.7601543637231702},
{"mapping": [4, 6, 10, 9, 8, 0, 7, 3, 11, 2, 1, 12], "R": [[-0.7936482436769874, 0.5319112069505778, -0.29528449540877166], [-0.17401139148817624, 0.2666147459250132, 0.9479644576078206], [0.5829601195114311, 0.803733192779619, -0.11903971557214765]], "T": [-0.09350114368341557, -0.035182857405843926, -0.18919176770239352], "aligned_model": [[0.33052939243141155, 0.38344816572153334, -0.5080376504466907, -0.23118712932433982, -0.6218762068657213, -0.30572672760374187, 0.42448476757788867, 0.5230964616946113, 0.27504849979008317, -0.2957527736355769, 0.13551830694946643, -0.15064645719479358], [0.10223743979357228, -0.5443732062994129, -0.5864270414026019, -0.472327531066454, 0.36529898388585086, 0.5253480701032336, 0.7170294173688864, 0.053363818019488723, -0.4375016031755008, 0.05743706632879625, 0.40680438597239926, -0.013811293995323985], [-0.7458816698190488, -0.23770396944627226, 0.24403447328102087, -0.38326682310934734, 0.18942717157368152, -0.388494068875867, -0.34595374252147437, -0.15241563107665945, 0.4242615200217196, 0.7380964842373139, 0.22501435546500834, -0.05094002233457054]], "inverted": true, "swapped": true, "error_lsq": 0.05182541401127288, "error_max": 0.30688254756339484, "target": "607.xyz", "model": "11.xyz", "model_rescale": 3.890672605050136, "target_rescale": 3.7601543637231702},
{"mapping": [12, 4, 3, 2, 11, 9, 1, 10, 7, 6, 8, 0, 13], "R": [[0.07797894171879653, -0.9731559772975827, 0.21653343505889094], [0.9968168591372791, 0.07249128424768565, -0.03318377687682311], [0.016596204027007885, 0.218431814436697, 0.975711078369917]], "T": [0.005442594996178379, 0.007617212566854867, 0.045062042074726055], "aligned_model": [[-0.03188763516525744, 0.09315780237807059, -0.6321238081224562, 0.5778624364731256, 0.5436088536140474, 0.1557824662539461, 0.2554266910456168, 0.5751069473061986, -0.6057308440000506, 0.02211545565998569, -0.6644527325039339, -0.1693006483422553, -0.057759170920312554], [0.010175015385043187, -0.6552916786392144, -0.6589943379703719, -0.40483004839678743, 0.1220455885139991, 0.7163004033922303, -0.2557612183630551, -0.1955693722467911, -0.167332569818762, 0.3813224008461706, 0.08289955098636805, -0.4026968993569727, -0.07937117150295026], [-0.6990697058744595, -0.16449675201188005, 0.09197982448988376, -0.04318146008709636, 0.03832492410069703, -0.23951918389277085, 0.7331303847802177, -0.6135260248544689, -0.5231137858035365, 0.4833824635838816, 0.29954949864919056, 0.43210424676426795, -0.0845059585433556]], "inverted": true, "swapped": false, "error_lsq": 0.0449286527247928, "error_max": 0.2246107494575123, "target": "607.xyz", "model": "12.xyz", "model_rescale": 4.124412569039231, "target_rescale": 3.7601543637231702},
{"mapping": [9, 10, 5, 2, 8, 6, 1, 11, 7, 1, 0, 4, 12], "R": [[0.33541456163867345, 0.9374798713270337, -0.09289005704264056], [-0.9420217158028547, 0.33275795936530606, -0.04321142713314895], [-0.009599937321806036, 0.10199819280597992, 0.9947382619904253]], "T": [-0.1927073785911121, -0.02778205748052652, -0.07938885759303865], "aligned_model": [[-0.08184973808585669, 0.06250672821228404, -0.7561112702659224, 0.5127930185703072, 0.49327981054742487, 0.07346677785660533, 0.23709221750831516, 0.6355138686632777, -0.4832162105448473, 0.23709221750831516, -0.5835239624714672, -0.1579427346333295, -0.1272949091883821], [0.2597039564825368, -0.6622256165103682, -0.5313622824235111, -0.43072743861482377, 0.14931779557306685, 0.5851450661657636, 0.2460067597136889, -0.38940707077702813, -0.2825161716352274, 0.2460067597136889, 0.026045561401824097, -0.5930067575791726, -0.13008489868153195], [-0.6394813921956961, -0.35679974849605206, -0.02715006966429548, 0.20749042551492014, -0.1932015953891537, -0.04645749986045917, 0.5555727866665927, -0.4963178403840922, -0.5731426668530184, 0.5555727866665927, 0.34620763981215763, 0.4661280657726908, -0.0873624202896158]], "inverted": false, "swapped": false, "error_lsq": 0.05645816741065961, "error_max": 0.3842073321027244, "target": "607.xyz", "model": "13.xyz", "model_rescale": 3.9028299243045295, "target_rescale": 3.7601543637231702},
{"mapping": [2, 5, 13, 4, 3, 6, 7, 0, 12, 9, 14, 10, 15], "R": [[0.5148469626067715, 0.837239748502896, 0.18428838439084982], [0.7466664975926227, -0.5435543418424226, 0.3834551066774532], [0.42121460856355375, -0.05981873444882349, -0.9049861725692795]], "T": [-0.024299685501817464, -0.07053711847971343, -0.16326987666004344], "aligned_model": [[0.17138537226165695, -0.104583728992766, -0.5886452602988274, 0.4439862578608177, 0.5740133419301505, 0.17744780830239515, 0.3254650500363714, 0.63464602652706, -0.6327127216887496, -0.16683984364656393, -0.6873287437258263, -0.06473292978745235, -0.020294815101540985], [0.1886099728353442, -0.5702808357895746, -0.6112011185966348, -0.5068825688332473, 0.10179936241610792, 0.5517165735488393, 0.07001175983969431, -0.3625784158022959, -0.20115453181613385, 0.3893029612040924, -0.09944260063239362, -0.4414448169087023, -0.015560078636189884], [-0.8241026185749969, -0.24016280887892655, -0.015459650424386462, 0.05960721298231364, -0.13147201830781574, -0.03479204296959243, 0.6604646669972124, -0.5728047817678104, -0.4747389083341214, 0.4442454407568296, 0.42205703527469585, 0.4818233212979127, -0.0636063767507437]], "inverted": true, "swapped": false, "error_lsq": 0.04318559517431102, "error_max": 0.25040349339309703, "target": "607.xyz", "model": "14.xyz", "model_rescale": 3.942246331269136, "target_rescale": 3.7601543637231702},
{"mapping": [6, 8, 13, 0, 2, 9, 1, 7, 11, 5, 3, 12, 14], "R": [[-0.5879933232492812, 0.40391850560764897, -0.700795043248702], [0.8078218422295649, 0.24924013316838323, -0.5341378354273725], [-0.04108190637127923, -0.8801870237886322, -0.4728457254993547]], "T": [-0.15072192485500366, -0.030459286717724535, -0.057838717711869075], "aligned_model": [[-0.04224774346379867, 0.11937577036183092, -0.718613729018512, 0.4950370029887323, 0.5748284485935723, 0.16515347809426703, 0.0957202667895159, 0.5696568536009973, -0.5628173913253317, 0.14261181420578076, -0.40983042466394537, -0.29050631460382337, -0.07656221788256048], [-0.02622977801321813, -0.618537184870542, -0.6040945001552148, -0.36636770543347424, 0.1521799152338188, 0.6040926235841654, -0.1508835769575671, -0.006838700010471391, -0.29423962068598236, 0.35229857642634965, 0.12005935022799917, -0.5966778823265294, -0.07186585419042732], [-0.606477809069792, -0.48216470917422305, 0.03896720759106262, 0.046460966919728425, 0.0933813078754242, -0.43958327769435246, 0.7046609034541316, -0.5177039061778849, -0.5819649301671774, 0.3547522345872768, 0.595426049254334, 0.5148157021017662, -0.009511268199723408]], "inverted": false, "swapped": false, "error_lsq": 0.057966604132202955, "error_max": 0.35440667208261195, "target": "607.xyz", "model": "15.xyz", "model_rescale": 4.355366556412066, "target_rescale": 3.7601543637231702},
{"mapping": [3, 1, 7, 9, 4, 6, 5, 10, 0, 11, 8, 12], "R": [[0.46811214225173525, 0.5630655328049328, 0.6810493580083522], [0.8028612430286288, -0.5929761432234025, -0.06158829442697855], [0.3691677758404933, 0.5756183625762786, -0.7296428262828241]], "T": [-0.05831056230516203, 0.0940607646938526, -0.048129367615714756], "aligned_model": [[-0.13977071493463, 0.4617438351874024, 0.23649116851136198, -0.4580043498593595, -0.4346814393846136, -0.5835364601985514, -0.3229912666259636, -0.059673550282941926, 0.2716005738530504, -0.051041870742916565, 0.6160248241133851, 0.061647804995557554], [-0.5136809470021464, -0.27787645432851804, -0.6576881741316478, 0.3786597400141528, -0.350423490880434, -0.17018099088273586, 0.3572069833652582, 0.6772237294037878, 0.09295821861245428, -0.10776934647397451, 0.44467092535549685, 0.1396762346892866], [0.06762839804306059, 0.054707752633761826, -0.5027418397482689, 0.035335133342366355, -0.459673521008606, 0.3305828445693908, -0.6689126639382684, 0.5204783535426085, -0.5867511765396459, 0.7476255704591876, -0.1206725660591029, 0.03165217591293756]], "inverted": true, "swapped": true, "error_lsq": 0.05571545752765514, "error_max": 0.3159923297347153, "target": "607.xyz", "model": "16.xyz", "model_rescale": 3.795458400668931, "target_rescale": 3.7601543637231702},
{"mapping": [0, 2, 4, 5, 6, 3, 9, 1, 7, 8, 11, 10, 12], "R": [[-0.6745647705482269, 0.33657989043040204, -0.6570208122221672], [-0.6100793356949893, -0.7552936906828028, 0.2394465388614148], [-0.4156507843047794, 0.5623570202038995, 0.7148349511140404]], "T": [-0.08447693501617533, -0.09256420817031755, -0.0692688338519302], "aligned_model": [[0.10149937264443258, -0.009136055549983854, -0.5787619870138045, 0.6151837992094178, 0.4721205173364202, 0.026979623942590902, 0.3290643289661563, 0.5812493062115125, -0.5751856941173136, -0.12199891451593502, -0.6171359078324768, -0.0475069418592963, -0.1145656337449952], [-0.03701435961159985, -0.7699370729887679, -0.4930139288432326, -0.3421385189420384, 0.29054444981854566, 0.626481110132378, -0.10793372218575907, -0.4260721976623809, 0.2219270403343732, 0.46018277688269094, 0.005383820007139481, -0.6874936417486235, -0.24802009236381908], [-0.6290343336662177, -0.2617203820656881, -0.17327891494486558, 0.15604011938906323, -0.04093363954607587, -0.4198871482080937, 0.7223707811607588, -0.4697405615926742, -0.37188219757094665, 0.31899608071538244, 0.5324129522089747, 0.3592120312054288, -0.011496315784475297]], "inverted": false, "swapped": false, "error_lsq": 0.05616221083587894, "error_max": 0.3714729833095502, "target": "607.xyz", "model": "17.xyz", "model_rescale": 3.7474275329858107, "target_rescale": 3.7601543637231702},
{"mapping": [4, 9, 12, 2, 0, 8, 1, 6, 5, 3, 11, 7, 13], "R": [[0.8682834405735413, -0.2307696732463345, -0.4391232454966981], [-0.47520661757386445, -0.640946044610121, -0.6027991693032164], [-0.14234653996420263, 0.7320748088880131, -0.6661861126980948]], "T": [-0.06917198929669686, -0.09071101108179053, 0.03117500251785424], "aligned_model": [[0.18322052386398324, -0.04806419102208308, -0.6467140990716046, 0.5483727977043816, 0.68359892624816, -0.050813816549793556, 0.2616513291314267, 0.4402038079315589, -0.5167983325921955, -0.1503622813612529, -0.48690520447282526, -0.190931357539618, 0.03534771140658716], [0.0748892868946022, -0.6134625747798506, -0.547339373219611, -0.4181573629737613, 0.2568637174590446, 0.5614570791760847, 0.03318129040579365, -0.42678897407403676, -0.045599622583139265, 0.4834657323538564, -0.061696294977688165, -0.6995928218678307, -0.10432441898455763], [-0.7421944969008721, -0.3859693722006674, -0.09986916424121775, 0.15466608110296756, -0.07685345470704416, -0.2708087896986997, 0.6259228872774306, -0.44061595908420204, -0.535230820268174, 0.38376312636966725, 0.6197272678215118, 0.45762180901931526, 0.02089935681055499]], "inverted": false, "swapped": false, "error_lsq": 0.04690900330488486, "error_max": 0.26663829033454606, "target": "607.xyz", "model": "18.xyz", "model_rescale": 3.922800546911778, "target_rescale": 3.7601543637231702},
{"mapping": [2, 3, 5, 7, 11, 10, 13, 9, 1, 4, 8, 12, 14], "R": [[-0.8348403356629254, -0.32794276773677816, -0.44214834053669805], [-0.42204595697660546, 0.8969723776545236, 0.13159697536224815], [0.3534385719611197, 0.2964693825910737, -0.8872356400844997]], "T": [-0.1271733992869042, -0.10096784957626748, -0.016880066659002355], "aligned_model": [[0.03466016308646844, 0.08579353540275242, -0.6676347058820743, 0.5639371165710579, 0.5035261791812827, 0.2149251583649614, 0.1508156512860328, 0.5040070412303322, -0.6978378248810495, 0.025567125641564603, -0.5574236885005757, -0.056721093801146455, -0.04180884402288154], [-0.016581568274857808, -0.6601852012075173, -0.634880904267117, -0.4763178628773159, 0.18290696019263103, 0.5463808099419205, -0.03495258101783723, -0.1155253372513047, 0.05045411478007697, 0.543487325083015, 0.011828991492524032, -0.7578691106846754, -0.1458499730806358], [-0.7095688975242396, -0.242867415748565, 0.05641486010842543, 0.12343971613765028, 0.15305152801228827, -0.3552717585425716, 0.6077620860163521, -0.5308280377378287, -0.4634184479966157, 0.2750360154461373, 0.40330110295485916, 0.4098883135807219, -0.01588059340604307]], "inverted": true, "swapped": false, "error_lsq": 0.05314125828650044, "error_max": 0.2885727087272199, "target": "607.xyz", "model": "19.xyz", "model_rescale": 3.9282355846067225, "target_rescale": 3.7601543637231702},
{"mapping": [6, 1, 2, 0, 4, 8, 11, 3, 7, 9, 12, 10, 13], "R": [[0.9893564733016104, 0.03743285794491849, 0.140614899218667], [0.07009673116516353, -0.9694344221558652, -0.23512411492503899], [0.12751555597713998, 0.24247820991874652, -0.9617401419814199]], "T": [-0.03770843611891992, -0.044037798798357244, -0.12997363636591003], "aligned_model": [[-0.041552048121582565, 0.15592437225518477, -0.48457316885974416, 0.5740027017385104, 0.5647363747746796, 0.1917204626840939, 0.3508171780420858, 0.5146871857743608, -0.6412547057637613, -0.1720583713797737, -0.6806030150605757, -0.27110071057273644, 0.0010595581659837011], [0.17909325555554895, -0.7637156308053951, -0.7349790743826554, -0.474777813419543, 0.1453153439104502, 0.680501546205654, -0.01557679274013099, -0.35221852614783633, 0.004915144990325658, 0.40351450114595044, 0.14901045749001834, -0.5353895618824549, -0.19279718709102578], [-0.7440109424693351, -0.20788993726257632, -0.17032552214950814, 0.15369784937445702, -0.10602614978620342, -0.09793152246278491, 0.47135904160936987, -0.5376975445992129, -0.2763747499950119, 0.3799987736208948, 0.39176698537923865, 0.5381100710622, -0.08361788102095727]], "inverted": true, "swapped": false, "error_lsq": 0.049671562202278675, "error_max": 0.26291565970761294, "target": "607.xyz", "model": "20.xyz", "model_rescale": 4.067790424073018, "target_rescale": 3.7601543637231702},
{"mapping": [6, 11, 10, 0, 2, 4, 7, 3, 13, 8, 1, 9, 14], "R": [[0.1542546989307117, -0.6420905910461066, -0.7509495061239849], [-0.8986116473141994, 0.2247858947655778, -0.37678695416070296], [0.4107342147533567, 0.7329331309229377, -0.5423158032239549]], "T": [0.008947845551685013, -0.08881176461710259, -0.06092502310494881], "aligned_model": [[0.12380187161579112, -0.10431354324996903, -0.6050973692844732, 0.6187822683621592, 0.6655695430800807, 0.18633166249259167, 0.059229011446881336, 0.6192366850530961, -0.6435099945417757, 0.003322332768147279, -0.5823272419894729, -0.2420747795000904, -0.03714463257624085], [0.1623995457324784, -0.541113976619848, -0.6271586114085951, -0.10142259717703715, 0.1946789977721443, 0.6807070311983531, -0.10486316585611839, -0.4901988733972963, -0.16778902404385676, 0.32226794370013095, -0.06459328668051395, -0.6189856910980478, -0.15103262929288724], [-0.747407603324348, -0.5088388773261507, 0.0055427754154018655, 0.3029444221340269, -0.26635838337981615, -0.19821413086840056, 0.6833048567596464, -0.4970224181165651, -0.30214041330883434, 0.3342328235092794, 0.5075046888722222, 0.4489309848627748, -0.051420253928666074]], "inverted": false, "swapped": false, "error_lsq": 0.05319525967279396, "error_max": 0.36981538569186856, "target": "607.xyz", "model": "21.xyz", "model_rescale": 4.186013935880536, "target_rescale": 3.7601543637231702},
{"mapping": [9, 11, 11, 4, 7, 1, 6, 10, 8, 0, 5, 3, 12], "R": [[-0.880593610079922, -0.3735140865276807, 0.29161982280325616], [-0.33504424702585955, 0.055556110693572025, -0.940563060671361], [0.33511228927224535, -0.9259593650533461, -0.17406610195187083]], "T": [-0.03918891014184889, -0.031031475174706252, -0.04648870225769208], "aligned_model": [[0.0014091990994077458, -0.2589556774158639, -0.2589556774158639, 0.45321104198643025, 0.6638606463081036, 0.1531238731997685, 0.23225321426854129, 0.5870532368706597, -0.6202817646790321, -0.06474834814494021, -0.634137623626233, -0.1567447560756057, -0.035281550698646864], [0.03679052203930197, -0.6056472604229717, -0.6056472604229717, -0.5505776505081642, 0.178595145718913, 0.6641711541822567, -0.06328900471808789, -0.29445956084934466, -0.11056861529502127, 0.5252770740565865, -0.04030879152601935, -0.5729020707157544, -0.06853801870981702], [-0.6622830920163761, -0.18961538061399066, -0.18961538061399066, 0.07692202502689124, -0.056575370146603327, -0.1682767699446006, 0.43841486949707104, -0.5309738409573477, -0.5401212259541412, 0.4135721134911735, 0.4479693200651839, 0.6916816950838545, -0.020040491616553226]], "inverted": false, "swapped": false, "error_lsq": 0.0525981811748607, "error_max": 0.45602704131215505, "target": "607.xyz", "model": "22.xyz", "model_rescale": 4.166573947596378, "target_rescale": 3.7601543637231702},
{"mapping": [1, 8, 10, 3, 2, 6, 11, 4, 7, 12, 14, 9, 15], "R": [[0.3119621451409447, -0.5600798242170844, -0.7674569763211618], [0.3267939146444679, 0.821737267923536, -0.46685500945894076], [0.892124070603638, -0.105159179392592, 0.4393815991129718]], "T": [-0.040116375998749405, -0.11157838139763226, -0.03607657674213404], "aligned_model": [[0.16336494274065183, 0.057611701429083305, -0.7466435726704291, 0.49367207974760985, 0.5349846389178529, 0.06880673581003699, 0.368597548201381, 0.4754088853519628, -0.5111813669218987, -0.09711615137163589, -0.6420503282743782, -0.06454802545636934, -0.039101273827142145], [0.25972818002734605, -0.8786096346366226, -0.35910990945431276, -0.3420772122444371, 0.2154378732372409, 0.6332379231807397, -0.029019030417947636, -0.397080769863546, -0.31033679248046436, 0.3265087147166336, -0.024433923366212584, -0.5296283631229262, -0.07172139274658469], [-0.6095099654055206, -0.27312387087996964, -0.05818304831181114, 0.1167855359811879, -0.15907426385683354, -0.14784446173139454, 0.6334233927553614, -0.47491094692538705, -0.5360590924370502, 0.4478780461873587, 0.46994627229978136, 0.39414019834497904, -0.09240932472013123]], "inverted": false, "swapped": false, "error_lsq": 0.04983099328403494, "error_max": 0.31021764333713653, "target": "607.xyz", "model": "23.xyz", "model_rescale": 4.274766983524099, "target_rescale": 3.7601543637231702},
{"mapping": [8, 9, 5, 0, 4, 7, 1, 3, 11, 6, 12], "R": [[0.6529776647846762, 0.3459837135523307, -0.673732468602256], [-0.25010771576847546, -0.7411519282357376, -0.6230087878878784], [-0.71488901222877, 0.575316512216525, -0.39742245906036394]], "T": [0.044088171785818975, 0.14890955493054076, -0.07782458453998767], "aligned_model": [[0.13099194502720823, 0.2078415554115872, -0.45048889767361416, -0.444460289355555, -0.5153310360768835, -0.6383137456304284, 0.027448261387799655, -0.07058272628430597, 0.7130960271368338, 0.27982275974255083, 0.1398708502728821], [-0.3957645580330614, 0.6055699830698307, 0.5155284096389462, -0.1330045137899924, 0.4130831369177119, -0.3127230222426906, -0.45933121940242466, 0.05117564075802514, 0.0347938317284891, 0.5548510913111073, 0.041407751287541886], [-0.6057413001680819, -0.18901858710181066, -0.4594760569216968, -0.3620795500047653, 0.27693216199654913, 0.34635699702053446, 0.14384097067199106, 0.5277200232869017, 0.3841497008031952, 0.44058602679826975, -0.1237039523595091]], "inverted": true, "swapped": true, "error_lsq": 0.05060630498845223, "error_max": 0.30430389271304237, "target": "607.xyz", "model": "24.xyz", "model_rescale": 3.7841303162186577, "target_rescale": 3.7601543637231702},
{"mapping": [10, 9, 2, 13, 11, 7, 3, 14, 8, 6, 4, 5, 15], "R": [[-0.37606604742053656, -0.6895172156431117, -0.6189833093947407], [-0.8500619593525389, -0.009107265362139294, 0.5266039526810883], [-0.3687397364527141, 0.7242120318314204, -0.582707422049341]], "T": [-0.08023488199061053, -0.04453965286179136, -0.13122202371718264], "aligned_model": [[0.28405401287035426, -0.07823710854723462, -0.5520607450255645, 0.6147318123363413, 0.5671275950073242, 0.06527708215773016, 0.18065940572580158, 0.4334259782344911, -0.6295421884269691, -0.0458582135411463, -0.5072102445169231, -0.2016082123217292, -0.068953360275751], [0.1112537192249659, -0.5264815334507772, -0.6216380566984371, -0.2956953162122573, 0.3296216727886943, 0.5622646467942454, -0.1147670928116394, -0.5374917167846215, -0.1121119836509565, 0.41677677693400994, -0.06419271448205738, -0.6445363448184023, -0.010106394003861145], [-0.8007570351781315, -0.46268656354270343, -0.016632254593851786, 0.12556996177749144, 0.042998224604461316, -0.3140344147329389, 0.6277273586188119, -0.4811502244349758, -0.33895561957065806, 0.4237841460771721, 0.48034166047509286, 0.49695886565238423, -0.0721056338515836]], "inverted": true, "swapped": false, "error_lsq": 0.05121006337439701, "error_max": 0.3010817379222474, "target": "607.xyz", "model": "25.xyz", "model_rescale": 4.19342608120988, "target_rescale": 3.7601543637231702},
{"mapping": [3, 1, 7, 9, 4, 6, 5, 10, 0, 11, 8, 12], "R": [[0.46811214225173525, 0.5630655328049328, 0.6810493580083522], [0.8028612430286288, -0.5929761432234025, -0.06158829442697855], [0.3691677758404933, 0.5756183625762786, -0.7296428262828241]], "T": [-0.05831056230516203, 0.0940607646938526, -0.048129367615714756], "aligned_model": [[-0.13977071493463, 0.4617438351874024, 0.23649116851136198, -0.4580043498593595, -0.4346814393846136, -0.5835364601985514, -0.3229912666259636, -0.059673550282941926, 0.2716005738530504, -0.051041870742916565, 0.6160248241133851, 0.061647804995557554], [-0.5136809470021464, -0.27787645432851804, -0.6576881741316478, 0.3786597400141528, -0.350423490880434, -0.17018099088273586, 0.3572069833652582, 0.6772237294037878, 0.09295821861245428, -0.10776934647397451, 0.44467092535549685, 0.1396762346892866], [0.06762839804306059, 0.054707752633761826, -0.5027418397482689, 0.035335133342366355, -0.459673521008606, 0.3305828445693908, -0.6689126639382684, 0.5204783535426085, -0.5867511765396459, 0.7476255704591876, -0.1206725660591029, 0.03165217591293756]], "inverted": true, "swapped": true, "error_lsq": 0.05571545752765514, "error_max": 0.3159923297347153, "target": "607.xyz", "model": "26.xyz", "model_rescale": 3.795458400668931, "target_rescale": 3.7601543637231702},
{"mapping": [3, 9, 11, 1, 0, 3, 6, 2, 4, 7, 5, 8, 12], "R": [[-0.5860163244221238, 0.7998319424201599, 0.12982192185905414], [0.6700040110666612, 0.3881880108755843, 0.6327753893499989], [0.4557186551649708, 0.4577979162216136, -0.7633751209187912]], "T": [-0.051728831715951475, -0.25757512864151655, -0.019600508713239526], "aligned_model": [[0.05206522512169901, 0.06092844017452451, -0.6534770050260005, 0.4167236528839807, 0.5905855123125775, 0.05206522512169901, 0.2526867068106094, 0.6766280414004231, -0.6618503709197426, -0.15924160193948458, -0.3149198961475852, -0.19479631209518483, -0.05559180402079074], [0.30981467436923005, -0.42433480159939746, -0.6352447248025044, -0.5457243491027717, 0.26726083444347903, 0.30981467436923005, -0.17437282971877638, -0.2866623929292367, -0.12569017524902493, 0.527294582354886, 0.042568446265375315, -0.6649738167450561, -0.10685445882652697], [-0.4804390531650527, -0.39890756200988503, -0.10230119666049807, 0.19920412325544246, -0.076632845161607, -0.4804390531650527, 0.7430235907180734, -0.5130426130574028, -0.5756771662927878, 0.16103348484473173, 0.618760490977131, 0.567178593756868, 0.049297677260610365]], "inverted": true, "swapped": false, "error_lsq": 0.0617024942318694, "error_max": 0.4272355770548807, "target": "607.xyz", "model": "27.xyz", "model_rescale": 3.6321398670334006, "target_rescale": 3.7601543637231702},
{"mapping": [8, 9, 6, 11, 0, 3, 2, 10, 12, 1, 4, 13, 14], "R": [[0.9078619133552772, -0.30617255871129356, 0.2864351769093223], [0.34793984951922763, 0.16899785054239586, -0.9221591986357819], [0.233932912168067, 0.936855426842493, 0.25995634595127304]], "T": [0.009933684913579065, -0.04094667429184552, -0.09823575335963979], "aligned_model": [[-0.0001989486575552299, 0.01335066343126428, -0.613680117081404, 0.47082494862309365, 0.5855143453693459, 0.06329468553314238, 0.40280357722404214, 0.5792423566688724, -0.5704903379610249, -0.10968629294503035, -0.6819629781970582, -0.07941343076454804, 0.002207342433584914], [0.09488883946833422, -0.6901912717615981, -0.474540090617691, -0.4209198980335213, 0.19818849876335964, 0.6436262026212614, -0.036642588117003064, -0.3206752449130116, -0.23213131482331922, 0.23465359406649988, 0.1930468663745753, -0.6397540648811509, -0.05665386531782876], [-0.5967090813652456, -0.2564822008217476, 0.06611147789483084, 0.13782658733518194, -0.12878025428872394, -0.10675982339947852, 0.5939191326959167, -0.5480259222596162, -0.655071561973689, 0.4992613170300136, 0.29290780450855347, 0.4494175437268256, -0.03655654778225034]], "inverted": true, "swapped": false, "error_lsq": 0.04175395169253943, "error_max": 0.23546136962579864, "target": "607.xyz", "model": "28.xyz", "model_rescale": 4.156811204709835, "target_rescale": 3.7601543637231702},
