[{"mapping": [13, 14, 7, 1, 3, 2, 6, 9, 4, 11, 8, 0, 10, 16], "R": [[0.2397321086747477, 0.26987182421329126, -0.9325758492295141], [0.7320622056948215, 0.5806789260984788, 0.356225927998441], [0.637662483656983, -0.7681023260483645, -0.05835557947189077]], "T": [-0.0005684944599523845, 0.10685784126678868, 0.14016161337572675], "aligned_model": [[0.24711373219850752, 0.21381730235709615, -0.5920485647800926, -0.3278401159531341, -0.6265892217292308, -0.1755293561926023, -0.7155010232283718, -0.1250071487728214, -0.2855297114391338, 0.36753134455262887, 0.5721071772102357, 0.2551615165465057, 0.5385681169174563, 0.025238053441260327], [-0.6833444782209491, -0.3319957885330257, -0.4023176209514997, -0.05556177931741915, 0.15447069330475377, 0.4115090321779057, 0.14478303418667074, 0.5223667525795443, 0.63518310452027, -0.027498313750853598, 0.5094206993573551, 0.5780935854502555, -0.29054918919872164, 0.07071360020574823], [0.5272657753241387, -0.4489275243477694, 0.2848518185387789, -0.37770977278985374, 0.5035388281999744, -0.588464571875932, -0.049815668502693644, 0.7222353908585214, 0.06609385127360581, 0.7950244408773821, 0.41186840366030697, -0.2192042399664033, 0.11586354954011827, 0.15496780638965937]], "inverted": true, "swapped": true, "error_lsq": 0.0447562957033631, "error_max": 0.28817630514473386, "target": "609.xyz", "model": "0.xyz", "model_rescale": 3.8414455957264533, "target_rescale": 4.246700579702387},
{"mapping": [0, 1, 9, 6, 4, 3, 12, 8, 13, 11, 7, 14, 15, 10, 16], "R": [[-0.006098435070920505, -0.9958519885758206, -0.0907834012321074], [-0.6852592859009148, 0.07027944809389491, -0.7249003450559162], [0.7282736574779115, 0.057789411012758696, -0.6828454172054934]], "T": [-0.13179724497710957, 0.01283553249011764, -0.018881419980106], "aligned_model": [[-0.7444844650716524, -0.36802914263600317, 0.08178163020868268, -0.16805128460630123, -0.4606413059413209, 0.23354182406195864, 0.5221655319793731, -0.2774485731048458, 0.6049254834077779, 0.38437798303464077, 0.4020134401426708, -0.3530833058776024, 0.12400484976414902, -0.0060205562834119986, -0.1030079555735698], [-0.02906999605872653, 0.18827954296305652, -0.6131298639561992, -0.3086267282341722, -0.48507018574843436, -0.5166654077045334, -0.1919532650264655, -0.0946092792917876, 0.538823116285724, 0.011002009854323301, 0.00014864247790576275, 0.7064708952132148, 0.4999390881928652, 0.5956270092495605, 0.04587894982668278], [0.17977174179611471, -0.5802115454073838, 0.2802738959124523, -0.685219073215854, -0.11771457064753496, -0.35409486522062833, 0.028934295175058654, 0.7098710500393604, 0.10836835997280075, 0.5432165811704386, -0.6061877928852708, -0.2544281314415614, -0.3722408285928978, 0.2872645398084988, -0.002421869124057799]], "inverted": true, "swapped": true, "error_lsq": 0.03980328939320272, "error_max": 0.2444411408919053, "target": "609.xyz", "model": "1.xyz", "model_rescale": 4.316132596720782, "target_rescale": 4.246700579702387},
{"mapping": [4, 0, 2, 12, 6, 9, 15, 11, 14, 8, 10, 16], "R": [[0.18014341542661466, -0.6763733252651534, 0.7141900830648614], [0.19857877126611728, 0.7361257224476352, 0.6470590331286528], [-0.9633871607411394, 0.025259564935027956, 0.2669215856734332]], "T": [-0.06143777204502628, 0.009039418548257567, -0.07570170038199565], "aligned_model": [[-0.24362338285627597, 0.36057292097037413, 0.23149111718917928, -0.5809295009220568, -0.5243851216076479, -0.503977219091323, -0.021184944298617427, -0.1539934877330573, 0.45755086589877775, 0.24134403409373553, 0.38460647433368617, -0.0496632013449938], [-0.5524526756810443, -0.44943430396387796, -0.6454134016635474, 0.42649689382829853, -0.36731089447337556, -0.09180502936397295, 0.39146448413028495, 0.5605207430656068, 0.15742013561932583, 0.019674242854531003, 0.5092681138142022, 0.054348119574549145], [0.056023557971357704, 0.09256476217175642, -0.450139867593897, 0.09088073509632931, -0.5146759615871295, 0.490806685817039, -0.6045667459091676, 0.44362110762641704, -0.618116437401443, 0.6113564761263841, -0.07309168082904123, -0.07540417027918395]], "inverted": false, "swapped": true, "error_lsq": 0.039898794789650874, "error_max": 0.20622647894171753, "target": "609.xyz", "model": "2.xyz", "model_rescale": 3.795458400668931, "target_rescale": 4.246700579702387},
{"mapping": [14, 1, 7, 9, 10, 11, 3, 0, 4, 8, 13, 16], "R": [[-0.6178843623649249, -0.7228048591617235, 0.30947059685387135], [-0.23058100438553694, 0.5428634683072874, 0.8075466891727934], [-0.7516989524812758, 0.42761243006908045, -0.5020919183665167]], "T": [0.08374672305831828, -0.07302197486885484, 0.035230466690168896], "aligned_model": [[-0.03081181770406849, -0.17263304477173547, -0.6985500846117402, 0.23835346993867246, 0.12510187610552526, 0.12022888490590107, -0.32750815717842635, 0.6557411200843536, 0.316791710280664, 0.7133471874363632, -0.41715445764705544, 0.07039713890511172], [-0.10063150231738069, -0.5356159336820872, -0.15504912659914513, 0.01996770708328202, 0.4414823889237819, 0.6291449833181678, -0.28596506741565053, -0.32794426502017604, -0.5362405876106662, 0.29731316044822875, 0.6705098984351267, -0.03120261027377235], [-0.7208739210643442, -0.3139884673776499, 0.14165805460562902, 0.7383607457779875, -0.3922809839773727, 0.33192054979539626, 0.5935642357937767, -0.12110832385349059, 0.34657442936974525, 0.20928218983108787, -0.14330295839631269, 0.01896588013464788]], "inverted": false, "swapped": true, "error_lsq": 0.04026715387235202, "error_max": 0.2240208735425376, "target": "609.xyz", "model": "3.xyz", "model_rescale": 3.7530521520055578, "target_rescale": 4.246700579702387},
{"mapping": [11, 7, 3, 6, 9, 14, 8, 10, 5, 0, 16], "R": [[-0.24274310210172384, -0.36771182289034865, -0.8976991710415518], [0.8253876422563831, -0.5645091337970238, 0.008042255292089295], [-0.5097166138085764, -0.7389976002440002, 0.4405354928279082]], "T": [-0.006118009817283776, 0.0101083341492786, -0.030398917895067122], "aligned_model": [[-0.46976033294134384, 0.007858934780813565, 0.38784745436962226, 0.5410214967536366, 0.2691037972131693, -0.357816145179521, -0.1580825617713542, -0.6507785027322635, -0.39897356835970404, 0.21980345765074452, -0.05202442733859469], [-0.5946717338154904, 0.03599079976228952, -0.32802678111716776, 0.20897611044069309, -0.6596826866249956, 0.6897300545420378, -0.38479419228251127, 0.12391581790490135, 0.15718906509205433, 0.21356057836931808, 0.005016326043216878], [0.010482084004715293, -0.8236065347109579, -0.5370228333936505, -0.48838164298561876, 0.020350091214933703, -0.02880857130484662, 0.589921667843375, 0.1133081974921629, 0.7356597017525784, 0.5389616502274087, -0.03803303289478368]], "inverted": false, "swapped": true, "error_lsq": 0.04310179367027954, "error_max": 0.23344461247552037, "target": "609.xyz", "model": "4.xyz", "model_rescale": 3.7855080009869324, "target_rescale": 4.246700579702387},
{"mapping": [1, 3, 0, 7, 4, 12, 5, 10, 11, 6, 14, 13, 8, 15, 2, 9, 16], "R": [[0.5988055726991779, -0.14149882038878675, -0.7882956107533466], [0.4940604333887741, 0.8399347394192664, 0.2245304471032515], [0.6303460749969866, -0.5239157540533317, 0.5728665711931727]], "T": [0.01734911903763302, 0.06313845653052806, 0.03507970664716809], "aligned_model": [[-0.17972284211137798, 0.6592492840120444, 0.19149617399288726, -0.19382151051621238, -0.3423768965398878, -0.20029431533047615, 0.3440641069896554, 0.3843680441950844, -0.6740138783018031, -0.5997665014816395, 0.3239824852701657, -0.45098137183589915, -0.18779801654972922, 0.26593807072794773, 0.5404226417576807, 0.6936280450938713, 0.05432295919768265], [-0.6676579238310387, -0.11305718193604732, -0.578370876246966, 0.313791247714048, -0.29856467572653944, -0.2500795471130379, -0.05731145812343781, 0.588404956826549, -0.19777312496823507, 0.151601027040106, 0.053847329356770314, 0.3584797512215776, 0.7363531231757104, 0.745494405468843, -0.3992307403980864, 0.22197258334691233, 0.06041847122488159], [0.049335637647449006, -0.16325304554071346, -0.3731021921801799, -0.638678124744536, -0.5004282967454008, 0.5986319053653938, -0.6955723167720966, -0.311844616970136, 0.32898203880869625, -0.15836215179333013, 0.638061507534737, 0.5023138126837133, 0.037636919531636705, 0.42483860485458325, 0.2767292527661697, 0.19106866003727255, 0.07396786705032068]], "inverted": false, "swapped": false, "error_lsq": 0.03423876414759375, "error_max": 0.2722558504685115, "target": "609.xyz", "model": "5.xyz", "model_rescale": 4.2253639853439635, "target_rescale": 4.246700579702387},
{"mapping": [14, 10, 8, 0, 5, 9, 4, 2, 12, 15, 11, 3, 6, 16], "R": [[-0.8099936787458779, 0.40028658119907107, 0.42858008971915534], [-0.35611046709826694, -0.9163789011830514, 0.18285252169329685], [0.46593516245801186, -0.004512469224591573, 0.8848073586983347]], "T": [0.062181267592495974, 0.004852343089142688, 0.03836007978878641], "aligned_model": [[0.5493640372694795, -0.09652022531148577, -0.530394023504061, 0.14508045592926513, -0.17279269858043178, -0.45789311344358974, 0.15369227497462318, 0.7024447927256625, -0.3176200657066986, 0.38794684883802344, -0.6446904493196913, 0.04793213941358431, 0.5629259907252893, 0.04458618874781439], [-0.05827008006371971, 0.011418190508592663, -0.44960587210934444, -0.6342488865389772, -0.645902397620781, 0.03643084139307053, -0.27073178241469825, -0.4684261644082818, 0.5616648803686156, 0.4120071455349984, 0.22264017009177223, 0.45459777142833085, 0.24845586938276037, 0.02506946108265254], [-0.5483666871771835, -0.6127633764733894, -0.04013268767505069, 0.07416684639450322, -0.494668571123449, 0.5437984569777373, 0.5689217045366798, 0.18115308319315213, 0.17103582512783388, -0.35618929637153324, -0.14951016520696886, 0.6073398219040169, 0.5267966189738756, -2.336414877546905e-05]], "inverted": true, "swapped": true, "error_lsq": 0.04184374330317214, "error_max": 0.24255516336382207, "target": "609.xyz", "model": "6.xyz", "model_rescale": 3.89814844738969, "target_rescale": 4.246700579702387},
{"mapping": [15, 7, 12, 14, 11, 6, 1, 10, 0, 4, 9, 8, 16], "R": [[-0.32751488101879755, 0.7690160256619106, 0.5489520516278288], [-0.598771883979219, 0.28050531988175287, -0.7501926395760039], [-0.7308941330091654, -0.5743963072593652, 0.36859550802958163]], "T": [-0.09865399393641931, 0.07160499831733638, 0.02455574529578868], "aligned_model": [[-0.03336538907154818, 3.774655770076574e-05, 0.4361926377475704, -0.3298564126369914, 0.6409142414557606, -0.5456522324918281, -0.5892664302351461, 0.24747977408419602, -0.48916224737480807, -0.4819300514793156, 0.17054977658344717, 0.18460797990760763, -0.061917592142422324], [-0.3170039525255324, 0.24904187863115917, 0.4023715773544999, -0.6280564681617222, 0.1285996253813785, 0.4387064917894411, -0.09641779994183564, -0.49812256588281734, -0.03312714569205498, 0.4973564565632791, 0.6978888475644237, 0.07866314397966537, 0.04388117641060146], [-0.4972564227369824, -0.7427901182129626, -0.25189435620005934, -0.18183966250327974, 0.20395705075481751, -0.43813991796251556, -0.3397866714068776, 0.09378685624671858, 0.527685215394213, 0.2185961325164921, 0.27403597820159914, 0.7199345602430738, 0.015986386502058754]], "inverted": false, "swapped": true, "error_lsq": 0.03843540206257087, "error_max": 0.20208851178640366, "target": "609.xyz", "model": "7.xyz", "model_rescale": 3.7474275329858107, "target_rescale": 4.246700579702387},
{"mapping": [15, 14, 2, 6, 0, 3, 7, 12, 4, 9, 13, 11, 10, 5, 16], "R": [[-0.36450842844084325, -0.9137978067701054, 0.17918474806113416], [0.18042822797386315, 0.11947003686130503, 0.9763055694005696], [-0.9135530965115266, 0.38820159535285764, 0.12132708361984887]], "T": [0.066928939574759, -0.09420833761064504, 0.027402520784954875], "aligned_model": [[-0.34507670599203666, 0.12279028541946568, 0.5371994838310866, -0.17629797547093806, 0.7057386910513384, -0.37862737068612434, -0.6694215467352123, -0.48652820069046265, 0.34573142722317013, 0.042233283284853776, -0.5663601102933618, -0.14776849607526743, 0.05668898091607788, 0.715304233883509, 0.04654774267264787], [0.173348888959272, 0.30599384827400034, -0.43216978662226047, -0.7183945248981884, -0.1516069546646364, -0.6308353952647301, -0.30354866092486554, -0.10099233881736241, -0.6248204909564701, -0.4067205688030652, 0.5596557123053353, 0.30900260137795443, 0.5734163846526423, 0.48909879963580205, -0.05230955227383531], [-0.40414346267307666, -0.6224416997038753, -0.5373518003875394, -0.2886520314302021, -0.04493199277908677, 0.22670859265332455, -0.18237872415133177, 0.43425787476938044, 0.1082506992412264, 0.6821305150055665, 0.11120351641556069, 0.638729226009674, -0.030592332147236254, 0.07405336639562217, 0.031952908478254397]], "inverted": false, "swapped": true, "error_lsq": 0.03044257700927341, "error_max": 0.17963467106220263, "target": "609.xyz", "model": "8.xyz", "model_rescale": 4.019505241142653, "target_rescale": 4.246700579702387},
{"mapping": [12, 6, 15, 13, 11, 10, 14, 9, 8, 0, 2, 5, 16], "R": [[-0.06639316261559197, -0.04781836899374986, -0.9966470546510823], [-0.6864776331512565, 0.7270700192671427, 0.010846486340095163], [0.7241135319416069, 0.6848960436954317, -0.08109871879010769]], "T": [-0.126494874350758, -0.0636711236943206, 0.014749668770885401], "aligned_model": [[-0.16240401424099488, -0.7967277008109561, 0.05895828571956477, 0.45781331761231336, 0.29740251199227324, 0.5292319011918019, 0.22495113153746377, -0.3872297098333682, 0.22988495070807669, -0.11835539865858655, -0.4537881658659716, 0.5268456216664592, -0.08688195927689871], [-0.6625218689049676, 0.10741236074673421, 0.16656420935327454, -0.3837791263524104, -0.6982618547167334, 0.002553813109972866, 0.5617373803296408, -0.6783643530166618, -0.3529797619639852, 0.2640212154765404, 0.6355827466976487, 0.17652382013889578, -0.07511035278389018], [-0.3198850970286626, -0.25015901033535204, -0.568488082188234, -0.6111342076496298, 0.014723829603961586, -0.10701930543401732, -0.2515766320123682, 0.29955152250735045, 0.6089994408678397, 0.5707678892079607, 0.2560853171263792, 0.5422595030391467, -0.007421673660496005]], "inverted": true, "swapped": true, "error_lsq": 0.045385108477375175, "error_max": 0.24895724869891442, "target": "609.xyz", "model": "9.xyz", "model_rescale": 3.877068213659057, "target_rescale": 4.246700579702387},
{"mapping": [4, 0, 10, 1, 14, 2, 7, 5, 8, 11, 12, 9, 6, 15, 13, 16], "R": [[0.30013439812404963, 0.1750411180898186, -0.9376992855071293], [-0.7193437292712821, 0.6871282385649125, -0.10197736476672264], [0.6264694264054702, 0.7051350159682519, 0.33214555097826337]], "T": [0.01591745276064745, 0.0409492968477499, -0.1207638338911182], "aligned_model": [[0.3140393191176296, -0.19209584993675066, -0.5221277532322359, 0.396880755021066, -0.13689737833973906, 0.27498572842254926, 0.5810430341004794, -0.7728150461797975, -0.5783667226401198, -0.4246722988579264, 0.13349115106659773, 0.07984229688502383, 0.7480142905550959, 0.10935626880244174, -0.2834323844322844, -0.011836885034935078], [0.08573305699788195, -0.26181210820748463, -0.10629726281950658, -0.458091614228569, -0.6317857540369628, -0.604639410625377, 0.1632854903096409, -0.25137631633722585, 0.3114593165764374, 0.6212511061001601, 0.6253159404545516, 0.6932564079896374, -0.06183657579637209, -0.23362377599087397, 0.2642076584723894, 0.046752718275221816], [-0.6451055926549781, -0.6514904859293655, 0.25074233896651044, -0.03414540976836744, 0.2103780830509515, -0.5335817337270192, 0.4230288779631538, -0.355840036472287, -0.49155961005140647, 0.1062270726728638, 0.22068039164960582, -0.4327759547422134, -0.1668885892323176, 0.4652790592797834, 0.7135989183104182, -0.08351300220529034]], "inverted": false, "swapped": true, "error_lsq": 0.04231525236333925, "error_max": 0.31306409881582675, "target": "609.xyz", "model": "10.xyz", "model_rescale": 4.260839863003843, "target_rescale": 4.246700579702387},
{"mapping": [5, 14, 15, 10, 12, 11, 8, 0, 6, 3, 9, 16], "R": [[-0.18628891398837988, -0.9509403207836506, -0.24699989237430403], [-0.9823254710436597, 0.1849449159152945, 0.028845225184368856], [0.018251286636352067, 0.24800783129766776, -0.9685860860817408]], "T": [0.058836789425004324, -0.047250600453909615, 0.04151862962093337], "aligned_model": [[0.4003665840125851, 0.10204860835802051, -0.31403732197615364, -0.1963103062009992, -0.5256965189553865, -0.4293558869539722, 0.24197680771782515, 0.6678983395080631, 0.15650074937780867, -0.17609256280821128, 0.008269789617529624, 0.02333036739702083], [0.04999261271750315, -0.7193238777956985, -0.5810160603532573, -0.19042764454094707, 0.24186065928403355, 0.4544864162234399, 0.5258070201713141, 0.013755538672578657, -0.32265956180243144, 0.12821545352885128, 0.6244914609171497, -0.052103511489601836], [-0.7564257274177376, -0.3218407503828482, -0.018704191408077657, -0.5614667127690811, 0.25745287594452304, -0.262327166040815, -0.40781816685444766, -0.1632423551225655, 0.7221579346235137, 0.7050182892006301, 0.31197768015544586, 0.011396367466964881]], "inverted": false, "swapped": true, "error_lsq": 0.03905903160848387, "error_max": 0.18917193990213368, "target": "609.xyz", "model": "11.xyz", "model_rescale": 3.890672605050136, "target_rescale": 4.246700579702387},
{"mapping": [4, 9, 8, 2, 0, 15, 12, 14, 6, 13, 5, 11, 10, 16], "R": [[0.25827321244599943, 0.9439105829816204, 0.2057371115480165], [0.6799085248151614, -0.026308520715665973, -0.7328248492112043], [-0.6863084915812236, 0.32915144397837703, -0.6485676381923898]], "T": [0.09770593883635398, -0.0930692499523653, 0.03492013014278313], "aligned_model": [[0.532730118786378, 0.08579423126134444, 0.3399255988376386, 0.7398019780230565, 0.7172173557652257, -0.31056732517659125, -0.4721746102027971, 0.1059367132809367, 0.14796033389194263, -0.7333751992693562, 0.4767183921602103, -0.3400527655336049, -0.14319729786370997, 0.0631583108330204], [-0.2520416148638457, 0.18349849044403566, 0.6116229505738326, -0.5342443189296914, 0.04746888781505433, -0.390752416919242, -0.0006057540826087809, -0.3027953760880218, -0.7790511991283543, 0.13206311358530531, 0.5183810595333895, 0.5112887095480599, 0.25938049184982626, -0.07206050350997437], [-0.3540506430654273, -0.6361319637331507, -0.057694114712434776, 0.25262866022320435, 0.14919793989373026, 0.44996847829543374, -0.3373415649147412, 0.7708053092416275, -0.23996433606336268, 0.34189795360391667, 0.5301898741045963, -0.12480827763896649, 0.5515784694232896, 0.058514650699145895]], "inverted": true, "swapped": true, "error_lsq": 0.05128486606859362, "error_max": 0.364464370582303, "target": "609.xyz", "model": "12.xyz", "model_rescale": 4.124412569039231, "target_rescale": 4.246700579702387},
{"mapping": [11, 3, 4, 13, 9, 8, 15, 5, 1, 14, 0, 2, 16], "R": [[0.5705413694100743, 0.7241769329032808, 0.38736328638950074], [-0.5836759741244526, 0.02573329264384346, 0.8115788038629261], [0.5777585161826251, -0.6891339256635851, 0.43736658477522933]], "T": [0.08825524510375958, 0.15188027116133376, 0.05314734423573182], "aligned_model": [[-0.19440488174340959, 0.07477091338103893, 0.6281936455920648, -0.7735520812386264, 0.37231188513305846, 0.40617397235180586, -0.4766834110949373, 0.2850529111836065, 0.05056710402202656, -0.21969287275711924, 0.6181148523748173, 0.5474072179244782, 0.04903905238095328], [-0.44680232671573095, 0.543434002413096, 0.37287893550850226, -0.14119395309119173, -0.04430940289453447, -0.5266855063146533, 0.38203103334620303, -0.49758825137138785, 0.6906243285690244, 0.27399030791993373, 0.024121428297771447, 0.5901184012760967, 0.12686637956534783], [0.43272183021389515, 0.6636518759504336, 0.21265479356594613, 0.13688177362677884, 0.6917113218837952, 0.1012620823841129, -0.182314751876555, -0.49664839682951395, -0.2785333224065318, -0.6366619671525103, -0.2925855820622275, -0.4482971454782703, 0.047855569148486043]], "inverted": true, "swapped": true, "error_lsq": 0.045278117651118145, "error_max": 0.21720868176246433, "target": "609.xyz", "model": "13.xyz", "model_rescale": 3.9028299243045295, "target_rescale": 4.246700579702387},
{"mapping": [7, 10, 13, 12, 3, 1, 11, 9, 15, 8, 4, 5, 14, 2, 0, 16], "R": [[0.8380479080001701, -0.48242134673352466, -0.25484377197089003], [-0.12460470277321131, -0.6239808800092066, 0.7714412028338491], [-0.5311773450960973, -0.6147499537200054, -0.5830378396450039]], "T": [0.005051414263491524, 0.009340524969193187, 0.1402162785788128], "aligned_model": [[0.17788251218666007, -0.042449128876121, -0.2356963803933924, -0.44380159631694227, -0.1476878606817762, 0.6217198957648454, -0.6782192837432095, -0.5927712704162934, 0.35111636934615187, -0.5191248209844992, 0.03288903518922878, -0.07323534141424949, 0.587252533766117, 0.6552993257220859, 0.14242270368279908, -0.007757421250808005], [-0.6758062306348522, 0.4416901602207491, -0.04195403366630995, -0.426488929063576, -0.6855734438656087, -0.13628149324275787, 0.09077799586367408, -0.2371106902523704, -0.1106755293818075, 0.5104334907747847, -0.13145213642111556, 0.8792169132575189, 0.3366520808785087, 0.1617564817042303, 0.45575850554058267, 0.021309140409449905], [-0.22137315054927187, -0.36969402804028073, -0.7401388718839488, -0.14346623716563972, 0.2815570890718575, 0.15406661176060818, -0.18978899758419338, 0.4700834529060989, -0.4014502709413801, 0.33511105415038867, 0.7277696852719931, 0.13967497209872143, -0.23326570528021906, 0.5965788524961501, 0.5856878232813512, 0.09680783003209686]], "inverted": false, "swapped": true, "error_lsq": 0.04057632100738344, "error_max": 0.27836699061567854, "target": "609.xyz", "model": "14.xyz", "model_rescale": 3.942246331269136, "target_rescale": 4.246700579702387},
{"mapping": [4, 9, 3, 11, 10, 12, 1, 6, 2, 7, 15, 14, 8, 5, 16], "R": [[-0.4820380167320874, -0.7023958475676251, -0.5237169309319242], [-0.7799668258316432, 0.07172659874919812, 0.6216969081747012], [-0.3991128925844255, 0.7081633768782665, -0.5824204071126489]], "T": [-0.10288528637996572, -0.030959165023098954, -0.013538267902102746], "aligned_model": [[-0.6750605506301866, -0.36640066047217323, -0.1672742856508209, 0.26389017361126743, 0.36601706141622525, 0.25065455497055944, -0.14505165531898967, -0.31975770424195654, -0.6149600214286296, 0.3090594462527697, 0.422762651923692, 0.19738817587415972, -0.30789560970711205, -0.1790516325131644, -0.06002590755343105], [0.06297298693052869, -0.4085589407871974, 0.20834320238762283, -0.6502512531961073, -0.29725841579698253, -0.17692731122205327, 0.5685351521794608, 0.6035544446064358, 0.43497769454928564, 0.48269275094524805, 0.3300916036237558, 0.2907308804814147, -0.7428785439771528, -0.5600433212273356, -0.04783623961527278], [-0.1856101429034623, -0.5747161126719632, -0.695300960213654, -0.2672062836041422, 0.3844646551594971, -0.5841475814624482, 0.18772320622270097, -0.32820800293348884, 0.40479422869939585, -0.4568291733574731, 0.13104404333992628, 0.6125057824157559, 0.10885627741209289, 0.6771734544532969, -0.005180910195518071]], "inverted": true, "swapped": true, "error_lsq": 0.037345990027616065, "error_max": 0.2509555065497931, "target": "609.xyz", "model": "15.xyz", "model_rescale": 4.355366556412066, "target_rescale": 4.246700579702387},
{"mapping": [4, 0, 2, 12, 6, 9, 15, 11, 14, 8, 10, 16], "R": [[0.18014341542661466, -0.6763733252651534, 0.7141900830648614], [0.19857877126611728, 0.7361257224476352, 0.6470590331286528], [-0.9633871607411394, 0.025259564935027956, 0.2669215856734332]], "T": [-0.06143777204502628, 0.009039418548257567, -0.07570170038199565], "aligned_model": [[-0.24362338285627597, 0.36057292097037413, 0.23149111718917928, -0.5809295009220568, -0.5243851216076479, -0.503977219091323, -0.021184944298617427, -0.1539934877330573, 0.45755086589877775, 0.24134403409373553, 0.38460647433368617, -0.0496632013449938], [-0.5524526756810443, -0.44943430396387796, -0.6454134016635474, 0.42649689382829853, -0.36731089447337556, -0.09180502936397295, 0.39146448413028495, 0.5605207430656068, 0.15742013561932583, 0.019674242854531003, 0.5092681138142022, 0.054348119574549145], [0.056023557971357704, 0.09256476217175642, -0.450139867593897, 0.09088073509632931, -0.5146759615871295, 0.490806685817039, -0.6045667459091676, 0.44362110762641704, -0.618116437401443, 0.6113564761263841, -0.07309168082904123, -0.07540417027918395]], "inverted": false, "swapped": true, "error_lsq": 0.039898794789650874, "error_max": 0.20622647894171753, "target": "609.xyz", "model": "16.xyz", "model_rescale": 3.795458400668931, "target_rescale": 4.246700579702387},
{"mapping": [15, 7, 12, 14, 11, 6, 1, 10, 0, 4, 9, 8, 16], "R": [[-0.32751488101879755, 0.7690160256619106, 0.5489520516278288], [-0.598771883979219, 0.28050531988175287, -0.7501926395760039], [-0.7308941330091654, -0.5743963072593652, 0.36859550802958163]], "T": [-0.09865399393641931, 0.07160499831733638, 0.02455574529578868], "aligned_model": [[-0.03336538907154818, 3.774655770076574e-05, 0.4361926377475704, -0.3298564126369914, 0.6409142414557606, -0.5456522324918281, -0.5892664302351461, 0.24747977408419602, -0.48916224737480807, -0.4819300514793156, 0.17054977658344717, 0.18460797990760763, -0.061917592142422324], [-0.3170039525255324, 0.24904187863115917, 0.4023715773544999, -0.6280564681617222, 0.1285996253813785, 0.4387064917894411, -0.09641779994183564, -0.49812256588281734, -0.03312714569205498, 0.4973564565632791, 0.6978888475644237, 0.07866314397966537, 0.04388117641060146], [-0.4972564227369824, -0.7427901182129626, -0.25189435620005934, -0.18183966250327974, 0.20395705075481751, -0.43813991796251556, -0.3397866714068776, 0.09378685624671858, 0.527685215394213, 0.2185961325164921, 0.27403597820159914, 0.7199345602430738, 0.015986386502058754]], "inverted": false, "swapped": true, "error_lsq": 0.03843540206257087, "error_max": 0.20208851178640366, "target": "609.xyz", "model": "17.xyz", "model_rescale": 3.7474275329858107, "target_rescale": 4.246700579702387},
{"mapping": [1, 14, 15, 0, 3, 9, 7, 10, 4, 12, 8, 5, 11, 16], "R": [[-0.8284643824909939, -0.5027051092841484, 0.2468488202188313], [-0.22390179502406868, -0.10670439616485516, -0.9687528880081308], [0.5133368807409189, -0.8578471570965928, -0.02415578465870044]], "T": [0.03112404686666076, -0.09947235467360589, -0.024550467762240784], "aligned_model": [[0.4285740161509603, 0.35800822101179114, 0.6099331240696533, -0.43888897972006474, 0.28902304050338107, -0.3265152034865855, 0.7550191818638479, 0.05267985883928786, -0.22461352769719684, 0.23648023050286085, -0.6609404528155642, -0.5371506237967039, -0.17029357542852774, 0.04353233788573682], [-0.27319664926897474, 0.32962316456777385, 0.18975594709364546, -0.15704842677705513, -0.6421531554617854, -0.44136555810890693, -0.29495304750388296, 0.570148546805599, -0.6347534402608682, -0.12173351643142105, 0.13965989012622543, 0.47750422278524257, 0.2766326742905694, -0.05771241034492768], [-0.486644626324979, -0.5673244193383938, -0.1188611188665013, -0.4631591001827059, 0.3818945991784714, 0.5066234402491702, 0.2358467531124273, -0.042832283029531765, -0.142401919707689, 0.630602481073594, 0.14188677957224516, -0.35162227604768737, 0.6081977754850127, -0.0074113665117775535]], "inverted": true, "swapped": true, "error_lsq": 0.043215692991752146, "error_max": 0.2655338955737679, "target": "609.xyz", "model": "18.xyz", "model_rescale": 3.922800546911778, "target_rescale": 4.246700579702387},
{"mapping": [14, 1, 15, 10, 3, 0, 6, 11, 4, 13, 7, 12, 8, 9, 16], "R": [[-0.23763680197309048, -0.9656541818204819, -0.1050749802789325], [-0.010392327287935377, 0.11069503529670324, -0.9938000848733121], [0.9712984865022404, -0.23507150038504776, -0.03634060848664877]], "T": [-0.05436453993802175, 0.06763755319168599, 0.0008245801794136329], "aligned_model": [[-0.11387364333556879, -0.16591008762397003, 0.3333234420947119, 0.11961156157736964, 0.26302420077080474, -0.6886709474173779, -0.03994909424446856, 0.35905632961665357, -0.4438964307571804, 0.7322265009884807, 0.5549452573819413, 0.5391422301911092, -0.32892019037056125, -0.0007644165894062499, -0.023293875394919294], [0.42251875884618184, -0.17891163536559315, 0.18132455204627573, 0.7010543792314509, -0.5560845671705056, 0.18362409533675841, -0.6194166051932212, 0.43677853413190393, -0.3588685203325569, 0.5259050208356113, -0.35020681666707976, -0.06360062470933672, 0.4852250000664531, -0.19424063899647795, 0.10251057297471475], [-0.6745255415613001, -0.5722798678994189, -0.5133162100583196, -0.13224108063623766, 0.19173565567146092, 0.029237343960653042, -0.27559355770338406, 0.5254315869214373, 0.18019566937362327, -0.0821289354631492, -0.28933267692178005, 0.32085327001960384, 0.5612518979931284, 0.6757240954658534, -0.002352481998841382]], "inverted": true, "swapped": true, "error_lsq": 0.03343701358021648, "error_max": 0.28030364081135295, "target": "609.xyz", "model": "19.xyz", "model_rescale": 3.9282355846067225, "target_rescale": 4.246700579702387},
{"mapping": [3, 12, 13, 9, 4, 11, 8, 10, 0, 1, 7, 6, 14, 16], "R": [[0.4787489996813198, 0.12869091168538666, 0.8684687930799355], [-0.14929648334540607, -0.962857902184821, 0.22497826619685074], [0.8651646984042003, -0.23736745659384345, -0.4417541569530945]], "T": [-0.031390207496425876, 0.00894396587415651, 0.05417976168003076], "aligned_model": [[-0.5363935051962639, -0.07703949188308182, 0.6523510247354922, -0.509452092078214, -0.5961392298646639, 0.20840506899513564, 0.008780455284424421, 0.6203708494415083, -0.15268822334521565, -0.04755527264519008, -0.07051961152138206, -0.5018092433780256, 0.5243148667017569, 0.009897223838396321], [-0.5088481733684297, -0.6164557482542973, -0.5750689206422238, -0.17695558666969158, 0.2224594656102022, -0.297415306227711, 0.36370151385949956, 0.06300819837317019, 0.6422601845977468, 0.07488273224849246, -0.6808824985922276, -0.2101857669849313, 0.23100276310326862, -0.00862076962803194], [0.10963158540340374, -0.22632593924555977, -0.1102668833233245, -0.45947450665101813, 0.09004318961879258, -0.6023540245680384, -0.606405024341317, -0.09236583846043443, 0.025857683249475735, 0.6843133901687198, 0.44488670946022063, 0.5827119739778823, 0.5311090557401857, 0.040821786214694684]], "inverted": false, "swapped": true, "error_lsq": 0.042274558112480154, "error_max": 0.2804969434099046, "target": "609.xyz", "model": "20.xyz", "model_rescale": 4.067790424073018, "target_rescale": 4.246700579702387},
{"mapping": [7, 14, 12, 9, 13, 10, 11, 1, 15, 2, 0, 8, 4, 5, 16], "R": [[-0.11385146628918633, -0.5577278503851069, -0.8221785016215215], [0.8389991619836825, -0.4971913386305559, 0.22109088398537446], [-0.532088573279375, -0.664635552536549, 0.5245391620174374]], "T": [0.1481895417999935, -0.012953586936912748, -0.01830965571737255], "aligned_model": [[0.08164310128550001, -0.047448434416124285, -0.15563199102708863, 0.2773437415409141, -0.7071925050662886, -0.43773604164950125, -0.427073748348395, 0.43632506963794515, -0.1646841805620462, 0.7587117071340039, 0.4725897668062391, -0.016957133007386715, 0.7157940634139435, -0.1189481344572964, 0.10170867262309669], [-0.02026821368639319, 0.72683180352651, -0.49861797597183266, -0.7244370099496718, -0.008969159960461732, 0.24472548568577837, -0.4993803896724355, 0.47529009279190565, 0.39438415273087013, 0.49820305654395425, 0.15701738928976422, -0.34157777689248103, -0.19924646896560216, 0.24507414319211637, -0.00813398873417364], [-0.8092342082959472, -0.02312097238832333, -0.39740685336286075, 0.04535389718323738, -0.3406782360173061, 0.18039549189780238, 0.10357349858962575, -0.30163569899077547, -0.42297427859058634, 0.12417311712700654, 0.5131780138764516, 0.6363441284310181, 0.0762238383774538, 0.7721795551116621, -0.021121719327317247]], "inverted": false, "swapped": true, "error_lsq": 0.04120688131091681, "error_max": 0.2618060497641071, "target": "609.xyz", "model": "21.xyz", "model_rescale": 4.186013935880536, "target_rescale": 4.246700579702387},
{"mapping": [11, 12, 9, 5, 14, 8, 10, 15, 4, 6, 1, 0, 16], "R": [[-0.8123559136728455, -0.5528097501857177, 0.18568588966413394], [-0.14296048747029244, -0.1199145339067042, -0.982437175385884], [0.5653672864103589, -0.8246343945395089, 0.018383329389553282]], "T": [-0.037887180233503466, 0.03313108695395268, -0.0035778520444553607], "aligned_model": [[0.1065716049075604, -0.2757624204799332, 0.3114322833639447, 0.5105929309941729, -0.3612586286661837, 0.6285633236526659, -0.09924998395784237, -0.6274795621549534, 0.2558795663954948, -0.3951619230084631, -0.3990819908819703, 0.4572346325358354, -0.05370579727710255], [-0.3881935762290453, 0.03355317183876748, 0.3227618513467581, -0.5606992177063788, -0.34474528749802535, -0.25818084715743855, -0.6318272174040531, -0.213154281782986, 0.5565185737127228, 0.6714654322698035, 0.256199271262189, 0.08386374218024112, -0.008604955286461359], [-0.623264529571879, -0.6480212551224723, -0.570175106864693, 0.3271020186514906, 0.5779891195235183, -0.19017887679471482, 0.05348430074969823, 0.13531706375075558, 0.0711426246422268, 0.11279323690980657, 0.46701381161375166, 0.40737880003398536, -0.017701646186128094]], "inverted": false, "swapped": true, "error_lsq": 0.042172480368758786, "error_max": 0.238160388573284, "target": "609.xyz", "model": "22.xyz", "model_rescale": 4.166573947596378, "target_rescale": 4.246700579702387},
{"mapping": [13, 10, 14, 1, 15, 11, 5, 12, 7, 6, 9, 2, 0, 9, 4, 16], "R": [[0.08256889179624166, -0.9576953627066052, -0.2756845486381217], [-0.8303854357663676, -0.21906950731714414, 0.5123168736543077], [-0.5510375723801786, 0.18662299754876968, -0.8133446075380789]], "T": [-0.0356695802671377, 0.09167336317194785, 0.011052553369809887], "aligned_model": [[-0.8208824664714859, -0.2620748009589637, 0.17358622822135947, 0.2904554958081185, -0.2546940192983094, -0.648983404300019, 0.24273535672803995, -0.6690818476571831, -0.4435320977440672, 0.1528414509567531, -0.2548047066268107, 0.7345486078338633, 0.528525155265815, -0.2548047066268107, 0.34291878747993393, -0.0695197915894776], [-0.011299024756319442, 0.2593472419677012, -0.22347071539411534, -0.4414978847804727, -0.38409124467156813, 0.5444758452629066, 0.7006594471738957, 0.0596813513334256, -0.5684135251134238, -0.48784111424114696, 0.4573711044530827, -0.1537315352702747, 0.39972732785120024, 0.4573711044530827, 0.14493515700450313, 0.09648390234920201], [-0.4455142369107182, -0.5970734006151867, -0.6541361467805592, -0.09405917340851454, -0.3804110979926678, -0.023739057373397526, -0.5496975519154924, 0.2749796617672758, 0.17831595980519388, 0.43210453371744245, 0.5985791271669492, -0.018275720277841506, -0.04718692564676244, 0.5985791271669492, 0.47972145726815835, -0.020926022806734498]], "inverted": false, "swapped": true, "error_lsq": 0.04167009504645435, "error_max": 0.27544078728087, "target": "609.xyz", "model": "23.xyz", "model_rescale": 4.274766983524099, "target_rescale": 4.246700579702387},
{"mapping": [6, 0, 14, 15, 10, 13, 12, 11, 9, 8, 16], "R": [[-0.7320763123362468, -0.24736654393288846, -0.6347236137555152], [-0.13684202998836828, -0.8593499291622815, 0.49273923943343956], [-0.6673368952371992, 0.4475795931356571, 0.5952595871245545]], "T": [0.06291370549857916, 0.11951261458037896, -0.10968855452989751], "aligned_model": [[0.30169897829261905, 0.31411052091661607, -0.5507561446222196, -0.5162909404766702, -0.4913514330989323, -0.6465382933164061, 0.06006629381352119, -0.03046185114463526, 0.6223071351706, 0.29240510102211215, 0.024705337401470143], [-0.2788421378072887, 0.6998788274134767, 0.40935253791603865, -0.10209776751259783, 0.35483032835791417, -0.2464876264976583, -0.45451583349707136, -0.027098717976030556, -0.11125770969313556, 0.5569901171464965, 0.11483451339333921], [-0.6867096055548718, -0.23883963117825674, -0.4632163813592159, -0.3170005752540909, 0.1846017090111936, 0.3356624398917119, 0.2676380160866069, 0.6333999417498386, 0.2912685064817149, 0.45580768210910044, -0.08304566796215385]], "inverted": false, "swapped": true, "error_lsq": 0.04285359289896287, "error_max": 0.2665157551974098, "target": "609.xyz", "model": "24.xyz", "model_rescale": 3.7841303162186577, "target_rescale": 4.246700579702387},
{"mapping": [5, 8, 4, 12, 9, 3, 11, 10, 0, 1, 14, 13, 6, 7, 1, 16], "R": [[-0.08174535231018565, 0.6663081844987012, 0.7411822317390835], [0.9644425350727993, -0.13465250010512136, 0.22741877837547303], [0.251333033877435, 0.7334180986896117, -0.6316087385371416]], "T": [-0.04967798523239078, -0.059578289563826006, 0.04730617994146677], "aligned_model": [[0.14064330327651445, 0.18142468743473114, -0.5582520700514895, 0.3641699250346574, -0.0079410936611079, -0.1895990941532876, 0.622809709752419, 0.45674992658516655, -0.4106308854881774, -0.4418859715427058, -0.034114574009350224, 0.7839626923927902, -0.5670645987256911, 0.025076951553743093, -0.4418859715427058, -0.0056203883827282974], [-0.0019352201791142248, -0.5266699847728035, -0.3867615508581158, -0.32675218571754927, -0.7667022005232187, -0.36034012539905275, -0.41977495582380675, 0.24854108596026508, -0.13580826756215617, 0.41509337008908825, 0.6705890339103796, 0.23185998431197613, 0.03519119691003779, 0.18914241105509605, 0.41509337008908825, -0.0439534931221527], [-0.8031461254355093, -0.49330066655292637, 0.05826182397463506, 0.5260964515953077, 0.20597666532567055, 0.6924234842255355, 0.026982488719417524, -0.2653985530829026, -0.48232272403294474, 0.1974305650070177, -0.181152241682212, 0.28336290289804267, 0.5688309110813663, 0.7973683726235039, 0.1974305650070177, 0.04477609614623383]], "inverted": false, "swapped": true, "error_lsq": 0.03978919145045191, "error_max": 0.271962899514534, "target": "609.xyz", "model": "25.xyz", "model_rescale": 4.19342608120988, "target_rescale": 4.246700579702387},
{"mapping": [4, 0, 2, 12, 6, 9, 15, 11, 14, 8, 10, 16], "R": [[0.18014341542661466, -0.6763733252651534, 0.7141900830648614], [0.19857877126611728, 0.7361257224476352, 0.6470590331286528], [-0.9633871607411394, 0.025259564935027956, 0.2669215856734332]], "T": [-0.06143777204502628, 0.009039418548257567, -0.07570170038199565], "aligned_model": [[-0.24362338285627597, 0.36057292097037413, 0.23149111718917928, -0.5809295009220568, -0.5243851216076479, -0.503977219091323, -0.021184944298617427, -0.1539934877330573, 0.45755086589877775, 0.24134403409373553, 0.38460647433368617, -0.0496632013449938], [-0.5524526756810443, -0.44943430396387796, -0.6454134016635474, 0.42649689382829853, -0.36731089447337556, -0.09180502936397295, 0.39146448413028495, 0.5605207430656068, 0.15742013561932583, 0.019674242854531003, 0.5092681138142022, 0.054348119574549145], [0.056023557971357704, 0.09256476217175642, -0.450139867593897, 0.09088073509632931, -0.5146759615871295, 0.490806685817039, -0.6045667459091676, 0.44362110762641704, -0.618116437401443, 0.6113564761263841, -0.07309168082904123, -0.07540417027918395]], "inverted": false, "swapped": true, "error_lsq": 0.039898794789650874, "error_max": 0.20622647894171753, "target": "609.xyz", "model": "26.xyz", "model_rescale": 3.795458400668931, "target_rescale": 4.246700579702387},
