[{"mapping": [5, 12, 0, 1, 8, 6, 2, 9, 7, 10, 11, 13], "R": [[-0.6073209898862377, 0.7787059394760296, -0.15741116564066962], [-0.3398448197298848, -0.07554974476460657, 0.9374421233168291], [0.7180993759545836, 0.6228236475044575, 0.31052212539991536]], "T": [0.0008226050789246139, -0.10006118170759783, -0.2266915119658503], "aligned_model": [[0.3983965744581486, -0.4444388157116842, -0.6808620595079001, -0.40966139707212823, 0.7154828797210451, 0.6126832032675468, -0.09738186309143387, -0.3134060922279423, 0.2931334681145863, -0.08192529398985546, 0.37450475228274566, 0.06432682101439766], [-0.7397901182857747, -0.18579161021505775, 0.17425207642140272, -0.4770433315505508, 0.09204235374066864, 0.02025408809888371, 0.448098108975007, 0.4610133965086354, 0.4782926132786398, 0.008868316004438256, -0.30427218782287074, -0.004341470230055419], [-0.29798728335658775, 0.1331867573934727, -0.4622136745375011, -0.3764628580264753, 0.02417908244374878, -0.6690681935657152, -0.7569136539775021, 0.12430537581598161, 0.16248162386424864, 0.7716651749800185, 0.3262292406613326, -0.11117175760117003]], "inverted": false, "swapped": false, "error_lsq": 0.05619196121541833, "error_max": 0.35174777501535565, "target": "61.xyz", "model": "0.xyz", "model_rescale": 3.8414455957264533, "target_rescale": 3.7653348076974975},
{"mapping": [8, 13, 7, 9, 10, 6, 2, 0, 3, 11, 12, 14], "R": [[0.6203671118658722, -0.13987673438123013, -0.7717377441165096], [-0.6088650768676448, -0.7061407670426121, -0.36145336530654737], [-0.4943965662159815, 0.6941179412025843, -0.5232325668519999]], "T": [0.032269603341679845, 0.09743878494150986, -0.1269039471685161], "aligned_model": [[0.2436266966295748, -0.40529822976856356, -0.5376044269396464, -0.31829965510217534, 0.7005583997730978, 0.4733373486636809, 0.0580806568976303, -0.5688257183067076, 0.36436631566133487, -0.029354123067294888, 0.3710726366155309, 0.07919227620106416], [-0.6637573027480969, -0.4456192363250718, 0.18401332693129785, -0.3264350780917729, -0.015349902171100396, -0.07118817596229372, 0.4441803978853975, 0.35252862118984035, 0.7776833503187276, -0.06123305662836388, -0.33800281622643974, 0.134762106751242], [-0.11237491748654296, 0.17053407596329684, -0.4109874567661311, -0.5305644769021138, -0.031771949218033335, -0.7490384711073153, -0.7778331068977709, 0.18794674640287878, 0.07398404894198402, 0.7081356717516107, 0.4002513055643036, -0.060051636152315374]], "inverted": false, "swapped": false, "error_lsq": 0.04552665635615094, "error_max": 0.21861009883468058, "target": "61.xyz", "model": "1.xyz", "model_rescale": 4.316132596720782, "target_rescale": 3.7653348076974975},
{"mapping": [2, 6, 3, 4, 1, 0, 5, 7, 9, 10, 8, 11], "R": [[-0.6526978259201748, 0.7221662313475339, -0.22904471690125855], [0.043711962829657613, -0.26592219735214584, -0.9630029331528464], [-0.7563562734218947, -0.6385619149751315, 0.14199953661416392]], "T": [0.0690610669802412, 0.040080819911522625, -0.0761611438793777], "aligned_model": [[0.48641725099168187, -0.48553958002671793, -0.5662189922374121, -0.23055719954120577, 0.5946275401481136, 0.44038462787677857, -0.0519865346139196, -0.4157165473771357, 0.41350541494467885, -0.04997441158631896, 0.3085345448620075, -0.012623936183025153], [-0.6645453753458777, -0.5236643604821429, 0.14749850163599693, -0.44069332508834635, 0.0275097474594449, -0.004133261250325912, 0.4307688722222879, 0.767497872840853, 0.6947329583829049, 0.05920193874446007, -0.47173619423718544, -0.05085513995870371], [-0.24948495173476345, 0.14901757829899817, -0.2022472131038006, -0.5990519996065277, 0.05881705370858811, -0.6795498964564988, -0.574629002268382, 0.11440699486720005, -0.023814472712893678, 0.5424669643134978, 0.44126702817158825, -0.10896824938315487]], "inverted": true, "swapped": false, "error_lsq": 0.056355209828833165, "error_max": 0.35315140241352205, "target": "61.xyz", "model": "2.xyz", "model_rescale": 3.795458400668931, "target_rescale": 3.7653348076974975},
{"mapping": [9, 4, 0, 7, 6, 8, 1, 0, 2, 10, 5, 11], "R": [[0.16882732251385846, 0.12300393730787523, -0.9779403696440605], [0.8676961102796705, 0.45210084386490934, 0.20665983446757763], [0.4675476396885469, -0.8834448813499329, -0.030403062975159142]], "T": [0.1083503499371101, 0.0008577505760638798, -0.07643377445972152], "aligned_model": [[0.3327814798479998, -0.35238529603524604, -0.6133312409634829, -0.2887552752660246, 0.6586316072218485, 0.5937139832980673, 0.07253410967341857, -0.6133312409634829, 0.3250130196419053, -0.031309802213819765, 0.3721361400317398, -0.024845307015397583], [-0.8200026342272988, -0.287921668413534, 0.29587540045198457, -0.3963005102021584, 0.18243257884070588, -0.12394076247587181, 0.44353154769257636, 0.29587540045198457, 0.6863656558682563, 0.1541241649326048, -0.44163333303325203, -0.016823604962631307], [-0.2507138346922962, 0.2631009734263561, -0.1423747464924296, -0.5939999392576312, -0.18375300033606218, -0.675942249447366, -0.5225570177899402, -0.1423747464924296, 0.18976448014251981, 0.6278496795072384, 0.4015236644609729, -0.1022934289350807]], "inverted": true, "swapped": false, "error_lsq": 0.056184441534574164, "error_max": 0.4017155208011376, "target": "61.xyz", "model": "3.xyz", "model_rescale": 3.7530521520055578, "target_rescale": 3.7653348076974975},
{"mapping": [2, 1, 9, 10, 7, 0, 6, 3, 5, 4, 11], "R": [[0.49564866851137324, 0.34911566166792396, 0.7952676607162336], [0.6357850102478408, -0.7696552877847394, -0.05837943755418533], [0.5917007843049186, 0.5345549483104218, -0.6034411231344665]], "T": [0.036837501291258075, -0.11637547854966344, -0.019475883075096526], "aligned_model": [[-0.5208013624911803, -0.18936461673434696, 0.6019339585929995, 0.46187232410201656, 0.12338971719205771, -0.2584696989622937, -0.25629078288561935, -0.6354440078952306, -0.27858085742079236, 0.26901209166938417, 0.020942837278210738], [-0.6069606999707382, -0.23973638886956306, -0.16960962410998345, 0.4307746439398502, -0.7323793608253315, 0.6704305509409763, -0.4237708297280916, 0.033279850793724766, 0.4025341992089414, 0.17880679754993428, -0.07616578061537306], [-0.07324913411577098, -0.5524200332880795, -0.4901499775826164, -0.2569721072913989, -0.16907635232341423, -0.10641411192977195, 0.5621787599432138, 0.056087242367440546, 0.7351945039867691, 0.43183437630480737, -0.04418238882586231]], "inverted": false, "swapped": true, "error_lsq": 0.06466703198877242, "error_max": 0.3695097634336814, "target": "61.xyz", "model": "4.xyz", "model_rescale": 3.7855080009869324, "target_rescale": 3.7653348076974975},
{"mapping": [13, 9, 2, 12, 6, 11, 1, 3, 4, 10, 8, 16], "R": [[0.6029781002647907, -0.5108631542216797, -0.6127285273754929], [0.7557787155840121, 0.11994412689889028, 0.6437483510601357], [-0.25537412490548983, -0.8512533371923655, 0.4584231803122701]], "T": [0.022023125836526762, 0.004317712843950421, -0.019676861478437183], "aligned_model": [[0.39192167929191457, -0.6012919149868963, -0.653272150512753, -0.029935330818491153, 0.6686996721183798, 0.4982334638873229, 0.001973744762825056, -0.5546959404172463, 0.4133490373366482, -0.07018893281351041, 0.3901872480422376, -0.024128398632905425], [-0.577603146307277, -0.16738263997875116, 0.13892050023669364, -0.25843218678602886, 0.056572073984820934, -0.11388158025469487, 0.4311348357805671, 0.3146262318846482, 0.6211957762386043, -0.022865537506944218, -0.4289360901120231, -0.021766002256248706], [-0.24196229220143156, 0.27850323170837593, -0.2873409549709064, -0.6452390662483684, -0.09148211405578147, -0.6455273782513058, -0.6446001406704035, 0.2116677884043407, -0.1351163250790977, 0.702626593597175, 0.39511970951547176, -0.028419217654217406]], "inverted": true, "swapped": false, "error_lsq": 0.04014930250328861, "error_max": 0.19928367932303861, "target": "61.xyz", "model": "5.xyz", "model_rescale": 4.2253639853439635, "target_rescale": 3.7653348076974975},
{"mapping": [11, 2, 3, 6, 9, 12, 7, 4, 0, 1, 8, 13], "R": [[0.5003612081958893, 0.8647481643561801, -0.043003180991265766], [0.5933441701863511, -0.37864538953738686, -0.7103311655051828], [-0.6305405276733772, 0.3299064734507312, -0.7025527465868178]], "T": [0.021113056101185294, -0.09058973187957432, 0.02364703192074527], "aligned_model": [[0.3169620804856341, -0.6128473143452039, -0.46847138266288246, -0.2556107181484192, 0.5812891466531411, 0.5803406312784011, 0.020214434701222424, -0.4858512746692165, 0.24026056038095478, 0.07582085662555911, 0.4635274029478008, -0.024782245989465726], [-0.6597621666858987, -0.30577293924418136, 0.23930877686075314, -0.2890380923973574, 0.10259113920090625, -0.08085531471449549, 0.2833063569816399, 0.31195182484232614, 0.672144188451558, 0.25486569793966835, -0.49139319217476185, -0.06576404413679118], [-0.4168866024825757, 0.06794204302798326, -0.36939688922461844, -0.5220270183106792, 0.17020871213729097, -0.7236905924184148, -0.6760615668836273, 0.30975675675538583, -0.09156576021124843, 0.668917040931279, 0.45895268030860814, -0.007918969535531784]], "inverted": false, "swapped": false, "error_lsq": 0.05003151624871219, "error_max": 0.296967188081473, "target": "61.xyz", "model": "6.xyz", "model_rescale": 3.89814844738969, "target_rescale": 3.7653348076974975},
{"mapping": [2, 10, 9, 5, 0, 1, 6, 8, 3, 11, 4, 12], "R": [[-0.5449092064843322, 0.5900618930115742, 0.5957356117475376], [0.6500419332402543, 0.7460580822577213, -0.14437043647230505], [-0.5296408610727539, 0.30858434878251445, -0.7900988912589253]], "T": [0.13340459678925096, 0.03966506977748491, 0.03260118404877978], "aligned_model": [[0.3295670917244147, -0.27725498635771806, -0.7175254141422407, -0.20327546443218117, 0.6501721817298572, 0.42099869473836915, -0.003026943063046933, -0.25841528141505354, 0.4378430317788229, -0.3685415049714904, 0.3339329080682414, 0.08637786359955048], [-0.6182214973715854, -0.5684325500622043, 0.026102395251359774, -0.15422984861820505, 0.1379645518941297, -0.21196788405302197, 0.47091554029082844, 0.5680547008240726, 0.7813534379568854, 0.06002620591594256, -0.39957443848097696, -0.12040837862385884], [-0.14133381779555848, 0.01070016656126005, -0.23883950816674576, -0.6394314796076003, -0.23997699269793166, -0.7215653117631248, -0.4701764185185272, 0.1906149592747038, -0.0653658536648791, 0.6674050153898929, 0.45962909782577716, 0.05656997725658472]], "inverted": true, "swapped": false, "error_lsq": 0.06270357548796213, "error_max": 0.4013584061695942, "target": "61.xyz", "model": "7.xyz", "model_rescale": 3.7474275329858107, "target_rescale": 3.7653348076974975},
{"mapping": [1, 12, 10, 0, 8, 3, 7, 11, 9, 13, 4, 14], "R": [[-0.42418324290395376, 0.8942264581542543, 0.14292521812606349], [0.2657078174007387, 0.273782165987846, -0.9243606879130781], [-0.8657181598023811, -0.3541219664520982, -0.353736767476153]], "T": [0.048410074499152585, -0.03910014217486598, -0.14453885779893183], "aligned_model": [[0.01711939553460829, -0.45305770409859114, -0.6041551162352449, -0.10103414353389376, 0.6979185324274393, 0.5191604041416538, -0.1267972335702629, -0.30387729785254225, 0.21655442755386123, -0.06218043291296033, 0.5621367267355235, 0.0690646190679347], [-0.7888334869761267, -0.18807144168581685, 0.13333083298828116, -0.4015049556272815, 0.1328398108941176, -0.15345446639694238, 0.5454447510505711, 0.4111613296245063, 0.6865264336782126, -0.18853567184583053, -0.1405105118658886, -0.07681038891443631], [-0.18604337746732796, 0.182539478000947, -0.490500691437164, -0.6742014055687101, -0.027126203136927235, -0.6731708211324033, -0.44700753208959015, 0.09967041697266285, 0.01525472480045828, 0.7349783909431598, 0.4368617868056872, -0.10302493259694072]], "inverted": true, "swapped": false, "error_lsq": 0.0522023078589198, "error_max": 0.29681776254766523, "target": "61.xyz", "model": "8.xyz", "model_rescale": 4.019505241142653, "target_rescale": 3.7653348076974975},
{"mapping": [4, 5, 11, 8, 0, 7, 9, 6, 1, 2, 3, 12], "R": [[-0.644485951350575, -0.6792339352506873, -0.35111126401129583], [-0.7428300493817375, 0.6650405828670721, 0.07697103919885062], [0.18122189781389636, 0.3104227510085087, -0.9331646903998456]], "T": [-0.019915392674327022, 0.13993893271747077, -0.054735096277680376], "aligned_model": [[0.31965741628623906, -0.39269437760281767, -0.5622996279896078, -0.09881521145088254, 0.6006465768601926, 0.5867164329712912, -0.11670957776030502, -0.5557748553419201, 0.35470529124705225, 0.1599614873115538, 0.183189631333768, -0.047731008607038425], [-0.60591116611808, -0.3754685587577809, 0.05494104917996509, -0.12873202948148843, -0.051686017268566475, -0.16645642847726794, 0.4326697070831794, 0.3609419722646967, 0.701776500048382, 0.13284889505313538, -0.4953253720069282, 0.11198368340411964], [-0.18119698272870133, 0.1595443130663583, -0.34772694781726227, -0.669330625104741, -0.0259462341713632, -0.6528184523643602, -0.6648823251521848, 0.3835275313183574, -0.07214754253082223, 0.5087950285862187, 0.4871582697155419, -0.056746198723190124]], "inverted": false, "swapped": false, "error_lsq": 0.055505332263422136, "error_max": 0.33194136945157077, "target": "61.xyz", "model": "9.xyz", "model_rescale": 3.877068213659057, "target_rescale": 3.7653348076974975},
{"mapping": [7, 3, 12, 0, 9, 8, 11, 6, 10, 13, 2, 15], "R": [[0.8691386207886924, -0.4736139442680314, -0.14243556314491054], [-0.49135798136897246, -0.7941479007855563, -0.35762612575551994], [0.05626181652362752, 0.380813528479192, -0.9229386027947306]], "T": [-0.01388851562141772, -0.07494987871256818, -0.021463550771547726], "aligned_model": [[0.3667484930894665, -0.5588373644233466, -0.5845458949460166, -0.22490691296224827, 0.608680628434357, 0.5278905303609943, 0.0771038915759395, -0.3955180079710598, 0.13357511046838025, 0.018890068262616876, 0.5027779206851365, -0.04100628531669415], [-0.7850031093000452, -0.26913056645023137, 0.24238063223999706, -0.09758656705332762, 0.14289959284715026, -0.22388586561473028, 0.36904337706687584, 0.3345244440447519, 0.6185492268530035, 0.020965775616055185, -0.3072270006902106, -0.07394770463592266], [-0.15271310981357278, 0.23946930539533223, -0.3845705845157245, -0.7887476259082997, -0.045847408351195426, -0.5502512898010797, -0.6039115286360979, 0.23736899103151932, -0.04436003565631412, 0.7449333748857391, 0.32416412484134904, -0.10730437937780404]], "inverted": true, "swapped": false, "error_lsq": 0.04579224715068342, "error_max": 0.29293020689486093, "target": "61.xyz", "model": "10.xyz", "model_rescale": 4.260839863003843, "target_rescale": 3.7653348076974975},
{"mapping": [9, 7, 6, 10, 2, 4, 5, 0, 3, 1, 8, 11], "R": [[-0.7683779637207299, -0.5262159785738013, 0.3642691982064935], [-0.3603884886441149, -0.11459676868656737, -0.9257363111920198], [0.5288813119417206, -0.8425938075373056, -0.10158854944623602]], "T": [0.05554907532693916, -0.03927395860444781, -0.08444569332035781], "aligned_model": [[0.4920270670320411, -0.4883544488039136, -0.6606039249045237, -0.20888011691314345, 0.6931350016139664, 0.5229625025945995, -0.009306342113364105, -0.5949784877837926, 0.2742597843643928, 0.147170484027133, 0.23836341744869222, 0.025057240695437882], [-0.6429757432552978, -0.21219919097568285, 0.21886964248460083, -0.45492161017597144, 0.07193466025575068, -0.056963884478613044, 0.3759243714064533, 0.4811293397040629, 0.6318580364117489, 0.21025756754655056, -0.6248333214679888, -0.026497632532247378], [-0.36863643758144526, 0.23784524625076744, -0.4362156410567726, -0.4725797218163599, 0.14243303162618653, -0.6477525485366665, -0.6136101515303745, 0.19128708709913464, -0.00974266506392947, 0.5883099666824676, 0.28880027911092987, -0.031908611090086615]], "inverted": false, "swapped": false, "error_lsq": 0.0582297416300401, "error_max": 0.3297781439443803, "target": "61.xyz", "model": "11.xyz", "model_rescale": 3.890672605050136, "target_rescale": 3.7653348076974975},
{"mapping": [2, 12, 9, 11, 0, 1, 6, 5, 8, 7, 4, 13], "R": [[-0.7351729934218751, 0.24043046636099066, 0.6338090095514233], [0.4541423308490941, 0.8688336465705867, 0.19718731682795648], [-0.5032647544524369, 0.43280629088807554, -0.7479326851352567]], "T": [0.05265295906187392, 0.00834350913132444, -0.1633272546237643], "aligned_model": [[0.21007617964038097, -0.4336621630580576, -0.6798711628296453, -0.11896593923213108, 0.6367012783067317, 0.6613528463905615, 0.06360963707092535, -0.5082100001873299, 0.268057562284967, -0.09862327440013621, 0.38928626489573503, 0.04110094837552397], [-0.6753128836857364, -0.25170692014514884, 0.14288322354913674, -0.3490109282939855, 0.08437208433460905, -0.04943853844607486, 0.3566359891476728, 0.4024627984412592, 0.6599275734751484, 0.16685732297231481, -0.47814836704789243, -0.037939119377936856], [-0.2790683443445, 0.33767526330969955, -0.38944203103794184, -0.544912007589661, -0.12088015475780345, -0.6444134969276203, -0.622272396784159, 0.204198130310552, 0.056286291956628126, 0.6606588146077079, 0.21225325024853747, -0.0018534848975879648]], "inverted": true, "swapped": false, "error_lsq": 0.04080741945115152, "error_max": 0.2514258648946331, "target": "61.xyz", "model": "12.xyz", "model_rescale": 4.124412569039231, "target_rescale": 3.7653348076974975},
{"mapping": [7, 10, 8, 9, 0, 3, 6, 2, 1, 4, 5, 12], "R": [[0.584509049833214, 0.6525406244650943, -0.48222391488371674], [0.21728619661713214, -0.698498373031776, -0.6818260273938086], [-0.7817518016754003, 0.29375288304060354, -0.5500666907590379]], "T": [0.09490444833506154, -0.05590415633290923, -0.14447910623614557], "aligned_model": [[0.056193841032336156, -0.43720695602727355, -0.48225023927950095, -0.1442638440244897, 0.623154029418376, 0.613865030399091, 0.07338492570407493, -0.5124492695485514, 0.07994379243043184, 0.11697971015340272, 0.4396900232293781, 0.003811133770250358], [-0.681500173121873, -0.39067571748631286, 0.2865149524794496, -0.3021651771854934, 0.08322225176937037, -0.05561882446185132, 0.3567510139985474, 0.3613235932040497, 0.755825109943346, 0.14170179869763724, -0.5141190395301627, -0.06967755338334106], [-0.15892857598699286, 0.24203755250958991, -0.39852190062939163, -0.6837335077377479, 0.051387215646627266, -0.6337982338159018, -0.6706591470287724, 0.3021056897860632, -0.08335565775482973, 0.6162710663577514, 0.35040260410839247, -0.0649772713609367]], "inverted": true, "swapped": false, "error_lsq": 0.05081893348834913, "error_max": 0.2662137283639678, "target": "61.xyz", "model": "13.xyz", "model_rescale": 3.9028299243045295, "target_rescale": 3.7653348076974975},
{"mapping": [7, 11, 1, 6, 4, 3, 2, 12, 8, 13, 10, 15], "R": [[0.011099356148366935, -0.961065637564827, 0.27609716511620397], [0.6856652416846558, -0.19366218154353781, -0.7016823610333387], [0.7278323849888891, 0.19709845187598624, 0.6568197771302835]], "T": [0.0632937117645543, 0.03496423404309969, -0.10003344596164834], "aligned_model": [[0.3900818933010229, -0.6238803635523691, -0.514057207030571, -0.15777007598267162, 0.7331827663825138, 0.4071272893466856, -0.07932257491076077, -0.3671454530013086, 0.18936232438685296, 0.013040456962161842, 0.39023244691933495, 0.050000674436634855], [-0.8060304961296293, -0.17576860334698613, 0.05394944974769646, -0.3142818329955413, -0.050423973631273586, -0.09161300817898109, 0.5508413068196183, 0.40924520551347837, 0.7904674232496204, 0.11968226534719269, -0.4368358885424894, -0.07764961292933935], [-0.181060009920374, 0.07096406804303232, -0.3975300575287055, -0.6230690553173858, -0.042407216031839, -0.6044599697653399, -0.6056827415354278, 0.29855928953630595, -0.0008931636951103605, 0.6892376211306142, 0.37522260064122204, -0.11065153146314052]], "inverted": false, "swapped": false, "error_lsq": 0.04387647739466751, "error_max": 0.25103389080725197, "target": "61.xyz", "model": "14.xyz", "model_rescale": 3.942246331269136, "target_rescale": 3.7653348076974975},
{"mapping": [9, 0, 8, 6, 4, 10, 11, 12, 13, 1, 5, 14], "R": [[0.9671902868194013, -0.2520230581730888, -0.03205194582686054], [-0.13464748038446503, -0.6154981235031085, 0.7765514252065133], [-0.21543677752027213, -0.7467572819284964, -0.6292380763895689]], "T": [0.08250301203509548, -0.056157116976316805, -0.08432332446487735], "aligned_model": [[0.26929671331625193, -0.5625013148955302, -0.6088318314990991, -0.09289940541643203, 0.5515030093704463, 0.6515087319117895, 0.05212950312794247, -0.1304797034260945, 0.047632977240467694, -0.015385096810607624, 0.25536086383946016, 0.013517730498931], [-0.779898437970003, -0.27081653226935465, 0.0727775039280017, -0.23523985636479153, 0.28700224743256336, -0.17344252907183585, 0.3221084027745492, 0.5300410908204264, 0.7548791637517839, -0.013182783484486753, -0.45029970385636003, -0.0723463307671263], [-0.3834368807948463, 0.1960482799016829, -0.40723650774422493, -0.5842760759761583, -0.1614247514331183, -0.49842130671104967, -0.6926847887119352, 0.44396285011610903, -0.12830148406105646, 0.7189279192865178, 0.3821006698430935, -0.017028089621162756]], "inverted": false, "swapped": false, "error_lsq": 0.05671574060824836, "error_max": 0.40894302383742703, "target": "61.xyz", "model": "15.xyz", "model_rescale": 4.355366556412066, "target_rescale": 3.7653348076974975},
{"mapping": [2, 6, 3, 4, 1, 0, 5, 7, 9, 10, 8, 11], "R": [[-0.6526978259201748, 0.7221662313475339, -0.22904471690125855], [0.043711962829657613, -0.26592219735214584, -0.9630029331528464], [-0.7563562734218947, -0.6385619149751315, 0.14199953661416392]], "T": [0.0690610669802412, 0.040080819911522625, -0.0761611438793777], "aligned_model": [[0.48641725099168187, -0.48553958002671793, -0.5662189922374121, -0.23055719954120577, 0.5946275401481136, 0.44038462787677857, -0.0519865346139196, -0.4157165473771357, 0.41350541494467885, -0.04997441158631896, 0.3085345448620075, -0.012623936183025153], [-0.6645453753458777, -0.5236643604821429, 0.14749850163599693, -0.44069332508834635, 0.0275097474594449, -0.004133261250325912, 0.4307688722222879, 0.767497872840853, 0.6947329583829049, 0.05920193874446007, -0.47173619423718544, -0.05085513995870371], [-0.24948495173476345, 0.14901757829899817, -0.2022472131038006, -0.5990519996065277, 0.05881705370858811, -0.6795498964564988, -0.574629002268382, 0.11440699486720005, -0.023814472712893678, 0.5424669643134978, 0.44126702817158825, -0.10896824938315487]], "inverted": true, "swapped": false, "error_lsq": 0.056355209828833165, "error_max": 0.35315140241352205, "target": "61.xyz", "model": "16.xyz", "model_rescale": 3.795458400668931, "target_rescale": 3.7653348076974975},
{"mapping": [2, 10, 9, 5, 0, 1, 6, 8, 3, 11, 4, 12], "R": [[-0.5449092064843322, 0.5900618930115742, 0.5957356117475376], [0.6500419332402543, 0.7460580822577213, -0.14437043647230505], [-0.5296408610727539, 0.30858434878251445, -0.7900988912589253]], "T": [0.13340459678925096, 0.03966506977748491, 0.03260118404877978], "aligned_model": [[0.3295670917244147, -0.27725498635771806, -0.7175254141422407, -0.20327546443218117, 0.6501721817298572, 0.42099869473836915, -0.003026943063046933, -0.25841528141505354, 0.4378430317788229, -0.3685415049714904, 0.3339329080682414, 0.08637786359955048], [-0.6182214973715854, -0.5684325500622043, 0.026102395251359774, -0.15422984861820505, 0.1379645518941297, -0.21196788405302197, 0.47091554029082844, 0.5680547008240726, 0.7813534379568854, 0.06002620591594256, -0.39957443848097696, -0.12040837862385884], [-0.14133381779555848, 0.01070016656126005, -0.23883950816674576, -0.6394314796076003, -0.23997699269793166, -0.7215653117631248, -0.4701764185185272, 0.1906149592747038, -0.0653658536648791, 0.6674050153898929, 0.45962909782577716, 0.05656997725658472]], "inverted": true, "swapped": false, "error_lsq": 0.06270357548796213, "error_max": 0.4013584061695942, "target": "61.xyz", "model": "17.xyz", "model_rescale": 3.7474275329858107, "target_rescale": 3.7653348076974975},
{"mapping": [7, 1, 3, 11, 9, 12, 10, 8, 5, 0, 2, 13], "R": [[0.41280681298146454, 0.13452396174257508, 0.9008295281978542], [-0.4196669991023325, -0.8496998500472955, 0.31920177739800704], [0.808375002718744, -0.5098170932272535, -0.2943066197569888]], "T": [0.06996802105770386, 0.011205000358187292, -0.052620104149278805], "aligned_model": [[0.3418668376148225, -0.3881482646565775, -0.5960178462042118, -0.2553222772938599, 0.7337811209427128, 0.5596912376748056, -0.14636538344115183, -0.30035832694230735, 0.38066832560102903, -0.20771299480882158, 0.2289333772920388, 0.07983637147904694], [-0.6175867334543883, -0.48340512366276855, 0.07974134627880176, -0.3000305931531875, 0.03959807858595553, 0.039026833483265036, 0.4235705638313701, 0.5993180777369723, 0.6131088086131977, 0.05444303658006057, -0.4556191053400572, -0.020582954575855572], [-0.365847291794462, 0.10232734109910979, -0.16377214058801526, -0.6174698974005709, 0.02656428437448311, -0.6170968884560024, -0.5621236572505653, 0.1313251469765106, -0.3063858682607808, 0.7348861602269988, 0.45790706815990184, 0.04791557700724378]], "inverted": false, "swapped": false, "error_lsq": 0.0586788941159729, "error_max": 0.29963067248992986, "target": "61.xyz", "model": "18.xyz", "model_rescale": 3.922800546911778, "target_rescale": 3.7653348076974975},
{"mapping": [5, 8, 6, 1, 3, 0, 2, 4, 9, 13, 12, 14], "R": [[-0.03961513339958683, -0.9977475271336704, -0.054134215653122195], [-0.9966231230107794, 0.03555470233954944, 0.07401495674380458], [-0.07192351413810487, 0.0568835234509241, -0.9957867607444046]], "T": [-0.014245462080939415, 0.03995619430448983, -0.030287220759226116], "aligned_model": [[0.23161967223549812, -0.3894103042385958, -0.6658276827219489, -0.25067202739381195, 0.6218430887002087, 0.5442867687156606, 0.15454839852100244, -0.6025491495134069, 0.37568790412018227, -0.12940048724770498, 0.4826983502174563, 0.058027645862985304], [-0.662391421413438, -0.41795407949735436, 0.0704034309542288, -0.15761666469527635, 0.04125805577848601, -0.208648550221201, 0.4886124958243443, 0.33924239628568326, 0.7397356631258434, 0.034963739915376074, -0.38206116373135834, 0.08603833259803215], [-0.19996893046483127, 0.12450352953664838, -0.2545222479918986, -0.7033774587933713, -0.09765861162320182, -0.6000942616402313, -0.5625889383192992, 0.26668698645277933, -0.17521427432118192, 0.6468598403716627, 0.4096698697635803, 0.013934331123196274]], "inverted": true, "swapped": false, "error_lsq": 0.044748725273981806, "error_max": 0.1992297321672039, "target": "61.xyz", "model": "19.xyz", "model_rescale": 3.9282355846067225, "target_rescale": 3.7653348076974975},
{"mapping": [2, 0, 11, 10, 7, 12, 9, 4, 8, 3, 5, 13], "R": [[-0.8451812793629417, -0.41325808583424856, 0.3389489039767413], [0.36469881224465156, -0.909501183925047, -0.199505320195424], [0.390721616194653, -0.04500389907053774, 0.9194081072661299]], "T": [0.13858682031729627, 0.05273804144519713, -0.009533329192341622], "aligned_model": [[0.33859915939807056, -0.6174136099782715, -0.4874254237773664, -0.15907805798387267, 0.7148170219684581, 0.4273993339929628, 0.09141681504161453, -0.3090107716519068, 0.12662080196939254, -0.1684742159530677, 0.42966408984085547, 0.04373703439065685], [-0.7407472240396314, -0.17047215615109934, 0.20668406349639284, -0.47389534562029223, -0.08345494488896664, 0.05420459297694506, 0.4487475572897451, 0.41380266438048197, 0.8131813547279378, -0.08358430407016922, -0.33608748960871226, -0.0767965335692656], [-0.10488744831567265, 0.12771660807094892, -0.3222192160886513, -0.6229558954917451, -0.2032031553348423, -0.8091454391797487, -0.5746671887341706, 0.252490674799246, -0.023828811578426423, 0.6638794767887418, 0.49224239941153036, -0.007192170253359113]], "inverted": true, "swapped": false, "error_lsq": 0.04740676909838746, "error_max": 0.26097069614041385, "target": "61.xyz", "model": "20.xyz", "model_rescale": 4.067790424073018, "target_rescale": 3.7653348076974975},
{"mapping": [0, 8, 4, 2, 11, 3, 6, 5, 13, 1, 9, 14], "R": [[-0.7804924931910869, 0.3802270985900954, -0.49624471943801995], [0.5412816746694107, 0.013833000101214188, -0.8407275401551195], [-0.3128028400437558, -0.9247897066933422, -0.21660651341684717]], "T": [0.08362240576873904, -0.021109265703899753, -0.060311220176316904], "aligned_model": [[0.008270054441139693, -0.4064352690803085, -0.6359855338784858, -0.15109470690160376, 0.62677583443389, 0.5686341633840538, -0.005954077056130075, -0.3581975324083222, 0.22063969312462023, -0.06432349063116603, 0.4860949485371184, 0.1424280932927196], [-0.7042143847946698, -0.22071319121125121, 0.07631363468622554, -0.29602928416953483, 0.29187676199608487, -0.218574900413821, 0.4122153342789873, 0.3179184711171389, 0.5923999262432605, 0.009030588979466965, -0.28316681775598096, -0.00547390403254025], [-0.23960831703609808, 0.1522202950600225, -0.39964245424198697, -0.7107332308782031, -0.2186032078858129, -0.7307707153990566, -0.6534071209122505, 0.1354474494991491, 0.24783848279153614, 0.7462299766493088, 0.550746544031713, -0.01148786758447018]], "inverted": true, "swapped": false, "error_lsq": 0.05278109441193454, "error_max": 0.3528823686712191, "target": "61.xyz", "model": "21.xyz", "model_rescale": 4.186013935880536, "target_rescale": 3.7653348076974975},
{"mapping": [4, 9, 8, 11, 6, 3, 5, 2, 5, 1, 7, 12], "R": [[0.1280674310584975, 0.9911500558106835, -0.03493279216662176], [-0.6491763077941114, 0.1104052392503956, 0.7525827559444003], [0.7497792038332904, -0.07370379917305692, 0.6575704490673038]], "T": [0.006936288588603755, -0.08552588271844225, -0.007258607249462576], "aligned_model": [[0.3803749919534174, -0.5110766534955927, -0.7049133465304371, -0.19992505136234903, 0.5635239261997649, 0.6146503555781344, 0.14351131287537944, -0.3324756259219848, 0.14351131287537944, -0.0353190296031884, 0.3354610948000216, 0.03352888988898021], [-0.6507133859305279, -0.3607154600941905, 0.08919900760819055, -0.2634806569318506, -0.08611406004904046, 0.07299638130236069, 0.5790186161405473, 0.5708578769410733, 0.5790186161405473, 0.051988903900775096, -0.5157786372074198, -0.09469496689709853], [-0.26940888821547887, 0.19617208998024305, -0.23177907487958954, -0.5769132948280085, -0.015177238636844288, -0.6839364917183962, -0.3791008424678109, 0.05323201358127423, -0.3791008424678109, 0.7099773424058288, 0.48799663890069334, -0.0437315775602492]], "inverted": true, "swapped": false, "error_lsq": 0.05653134243737664, "error_max": 0.40239643855946333, "target": "61.xyz", "model": "22.xyz", "model_rescale": 4.166573947596378, "target_rescale": 3.7653348076974975},
{"mapping": [10, 1, 6, 13, 9, 14, 12, 2, 11, 4, 8, 15], "R": [[-0.23892438014635797, 0.5816577020703302, -0.7775535082513243], [-0.8971284879994434, 0.174195430895974, 0.40597589568199594], [0.37158527499284943, 0.7945629424263565, 0.48020215944043754]], "T": [0.04858717777028067, -0.025995847538649513, -0.033463379255165085], "aligned_model": [[0.3625934416803531, -0.6278622872006556, -0.6098699769060257, -0.04175528864882687, 0.6373108451962686, 0.412031801377084, 0.023665353864359688, -0.38962003783458643, 0.31770474329111503, -0.10517253127900876, 0.468543743196853, -0.016717629479404292], [-0.6110024828054196, -0.12687751288648622, 0.23040225767350217, -0.5652456249451709, 0.09067891210421468, -0.08713734689223256, 0.39336149037840307, 0.40253934385050666, 0.7123173689497903, -0.04872549041434972, -0.3708969986078508, -0.04783168148154075], [-0.3800301636173842, 0.1673800219416946, -0.3159555367853614, -0.6798851109629365, -0.017951765642490194, -0.733568718363753, -0.5363547005737401, 0.2442797846966785, -0.10101082711989018, 0.6846555722928462, 0.56550141050083, -0.028830132272642042]], "inverted": true, "swapped": false, "error_lsq": 0.0445919095270291, "error_max": 0.3108947062465717, "target": "61.xyz", "model": "23.xyz", "model_rescale": 4.274766983524099, "target_rescale": 3.7653348076974975},
{"mapping": [9, 4, 8, 7, 6, 2, 1, 3, 0, 5, 11], "R": [[-0.5573630396556295, 0.7866647320943336, -0.2655278541034581], [-0.7939908588401408, -0.41151450482584956, 0.44747550591762175], [0.24274463558260734, 0.46023299707527054, 0.8539675815269461]], "T": [0.0076947804145675175, 0.004098066635202222, -0.07242778108119866], "aligned_model": [[0.19578608180632007, 0.22258724737713542, -0.4319456677930165, -0.5180516467102696, -0.49092726905028145, -0.5607383940964438, -0.02318573933805966, -0.012996609214614915, 0.7096738557578658, 0.2412091018082363, 0.04848374341120305], [-0.35658466457350435, 0.5426023390715221, 0.5796246803805358, -0.2557458947746653, 0.44337129777518397, -0.2537248431108409, -0.5748706745904714, -0.01323287921229023, 0.035640970414858406, 0.7823908362279959, -0.01388463636484119], [-0.6874331577223911, -0.16490990353044394, -0.4471333461344853, -0.32817018964819045, 0.20533704182958903, 0.33369732000248864, 0.04697226005710864, 0.6199163788803268, 0.3966764175805909, 0.4548433202470289, -0.0502297075400445]], "inverted": true, "swapped": true, "error_lsq": 0.04212966122148311, "error_max": 0.2374451345218228, "target": "61.xyz", "model": "24.xyz", "model_rescale": 3.7841303162186577, "target_rescale": 3.7653348076974975},
{"mapping": [7, 13, 3, 6, 8, 1, 4, 12, 2, 14, 10, 15], "R": [[-0.35049410485479504, 0.03065176163718414, -0.9360632200714722], [-0.7897339459286954, -0.5469470832579639, 0.2777934174229091], [-0.5034621903479235, 0.8366058555999614, 0.21590846501684025]], "T": [0.12349633934784385, -0.06580357286916198, -0.062036729881797884], "aligned_model": [[0.2689733466507894, -0.5840869016511359, -0.5991600314711496, -0.19692267151567913, 0.6341357382988796, 0.6062004953584808, -0.01188644454754148, -0.30993797687111035, 0.256546950560546, -0.0833696592675183, 0.36912195775846857, 0.08123737395449573], [-0.6867965907579383, -0.13969319832572408, 0.06341725502833025, -0.3144814441004621, 0.21021017284558285, 0.05604058020426873, 0.3279258175638869, 0.42967203497679113, 0.6764195022299955, -0.011602658460333357, -0.5555064837576222, -0.08402275252340902], [-0.18856606316000585, 0.2633342546547913, -0.39380718514470925, -0.659964339279574, -0.1739366854416829, -0.6144741416626084, -0.6811918088340022, 0.31454064859655234, -0.0760177732441139, 0.7018792876258059, 0.49033472115904453, -0.11390108117564574]], "inverted": false, "swapped": false, "error_lsq": 0.04079363307413494, "error_max": 0.20341486303405845, "target": "61.xyz", "model": "25.xyz", "model_rescale": 4.19342608120988, "target_rescale": 3.7653348076974975},
{"mapping": [2, 6, 3, 4, 1, 0, 5, 7, 9, 10, 8, 11], "R": [[-0.6526978259201748, 0.7221662313475339, -0.22904471690125855], [0.043711962829657613, -0.26592219735214584, -0.9630029331528464], [-0.7563562734218947, -0.6385619149751315, 0.14199953661416392]], "T": [0.0690610669802412, 0.040080819911522625, -0.0761611438793777], "aligned_model": [[0.48641725099168187, -0.48553958002671793, -0.5662189922374121, -0.23055719954120577, 0.5946275401481136, 0.44038462787677857, -0.0519865346139196, -0.4157165473771357, 0.41350541494467885, -0.04997441158631896, 0.3085345448620075, -0.012623936183025153], [-0.6645453753458777, -0.5236643604821429, 0.14749850163599693, -0.44069332508834635, 0.0275097474594449, -0.004133261250325912, 0.4307688722222879, 0.767497872840853, 0.6947329583829049, 0.05920193874446007, -0.47173619423718544, -0.05085513995870371], [-0.24948495173476345, 0.14901757829899817, -0.2022472131038006, -0.5990519996065277, 0.05881705370858811, -0.6795498964564988, -0.574629002268382, 0.11440699486720005, -0.023814472712893678, 0.5424669643134978, 0.44126702817158825, -0.10896824938315487]], "inverted": true, "swapped": false, "error_lsq": 0.056355209828833165, "error_max": 0.35315140241352205, "target": "61.xyz", "model": "26.xyz", "model_rescale": 3.795458400668931, "target_rescale": 3.7653348076974975},
{"mapping": [11, 1, 2, 9, 10, 4, 3, 0, 7, 6, 8, 12], "R": [[-0.8155702814331556, 0.5615074376292772, 0.13983745396011382], [-0.4982387424146977, -0.5585144957416417, -0.6631890481631014], [-0.29428433801353443, -0.6105497158573273, 0.735272584057418]], "T": [0.03537574095671477, -0.1186129067183372, -0.08125816572488759], "aligned_model": [[0.4952103031459577, -0.4281217465551423, -0.7692791113463552, -0.1950913120093263, 0.6995776709201396, 0.5206198358022474, -0.02858114768201548, -0.4584168161268534, 0.3653350671150545, -0.06357586826401393, 0.20272699508455244, 0.09044830717328065], [-0.62803720448612, -0.29052314568075444, 0.0401854801235436, -0.24436360486302944, 0.11121789213082166, -0.12450997174941471, 0.46775006795971913, 0.5466602187038188, 0.6127892778386461, 0.01749570795329862, -0.5621601351189531, 0.025077652111789764], [-0.28278645652636025, 0.24427235413662962, -0.4008650412778761, -0.42103160425220804, -0.19830528718650742, -0.7619685121117661, -0.5252903010149039, -0.011589153583036138, 0.04674881117802465, 0.7267455370640676, 0.47192455637165814, -0.019625068703870818]], "inverted": false, "swapped": false, "error_lsq": 0.05008437075920879, "error_max": 0.27065311512673135, "target": "61.xyz", "model": "27.xyz", "model_rescale": 3.6321398670334006, "target_rescale": 3.7653348076974975},
{"mapping": [0, 1, 13, 11, 8, 10, 9, 6, 12, 4, 3, 14], "R": [[0.12525504695755074, -0.815403527888041, -0.5651798474108911], [-0.9389742219701668, -0.28138333118000897, 0.1978656903294788], [-0.3203725701229454, 0.5059056311623521, -0.8008875755504268]], "T": [0.1002103051070565, -0.0643558768878272, -0.06677262128511906], "aligned_model": [[0.34520748355984354, -0.3329342261700723, -0.6562377029689583, -0.17726176882621994, 0.5955880579496647, 0.49198700226204717, -0.03680638538726724, -0.3554435457973424, 0.39250741368722253, -0.2840937357626625, 0.4107648633039994, 0.03757472140727097], [-0.5927479073586419, -0.3909236678233584, 0.09592129608837423, -0.2818190248151698, 0.08247049426906831, -0.1183881366993903, 0.36300550193924386, 0.5486005912572559, 0.6944299551971266, 0.12745615001653454, -0.4796592526094665, -0.07676376453820993], [-0.2908037327516944, 0.32438781778625236, -0.3286408530633092, -0.6036570258820584, -0.05825707573193879, -0.7362972044503594, -0.5619098140238956, 0.07665461969742139, 0.08261342961244024, 0.6417369431281476, 0.38338185493339555, -0.06097912516054982]], "inverted": true, "swapped": false, "error_lsq": 0.04712350586581596, "error_max": 0.3037016813035418, "target": "61.xyz", "model": "28.xyz", "model_rescale": 4.156811204709835, "target_rescale": 3.7653348076974975},
{"mapping": [2, 1, 3, 0, 9, 7, 6, 8, 4, 11], "R": [[0.49937438560088576, -0.863824383880777, 0.0665782007772357], [0.6600351847366407, 0.32953180256518977, -0.675101730117621], [0.5612297015620309, 0.38107246674501793, 0.7347142282367076]], "T": [-0.05852328366962434, -0.040796671095984074, 0.05382593696217182], "aligned_model": [[-0.5268163524916181, -0.06894437384047597, 0.07305531801554349, 0.7296086585018204, -0.014065229575437058, -0.6304655323913287, -0.479056480853612, -0.5631938059649518, 0.1368645481563028, -0.014061375445655257], [-0.1411490750791154, -0.5638482032090324, 0.12721364681505543, 0.06411392897961023, -0.5637193076817725, -0.3212593301801197, 0.49039264966638163, 0.4446054967046267, 0.4374680081111038, -0.055097483500533784], [-0.5163999140064626, -0.22316372940519708, -0.6053618479486174, -0.23195393273065606, 0.5717809360898141, 0.11345085156979616, -0.19056709123130428, 0.4716910667969881, 0.33276151834154755, 0.036548869499191054]], "inverted": false, "swapped": true, "error_lsq": 0.045762190112864226, "error_max": 0.22289034977346328, "target": "61.xyz", "model": "29.xyz", "model_rescale": 4.117894457231895, "target_rescale": 3.7653348076974975},
