[{"mapping": [10, 9, 11, 5, 13, 2, 6, 8, 3, 12, 7, 0, 1, 14], "R": [[0.8988700445161268, 0.4134600352192205, 0.1452013854895908], [-0.005731470085820145, -0.32022650626424753, 0.9473236695746861], [0.4381778101664108, -0.852353086439132, -0.28547228011744696]], "T": [0.04760173210171479, 0.09738197494535097, 0.14037445360895887], "aligned_model": [[0.12761694662096335, 0.24961130809540025, -0.5450332343125822, -0.4264883107524607, -0.6024866048745986, -0.19441540898653212, -0.6683692604759702, -0.07030612146023771, -0.29702518167329206, 0.09215762180880538, 0.6964809186424518, 0.28205851892168265, 0.6777857719907675, 0.04990513758390644], [-0.5938565668239286, -0.3726368891424999, -0.4530319578645525, -0.28710194553173807, 0.09529593721041055, 0.21830605664295272, 0.2129875802071416, 0.5884056547569714, 0.6617169889216227, -0.014569395812892738, 0.37634250503604216, 0.7774793035305085, -0.0680864195857857, 0.09402248026578255], [0.3331819719045459, -0.4358046138546052, 0.31111048899019744, -0.24248837568877687, 0.6765675603971076, -0.5740250189677139, -0.04936521653881398, 0.4953121177929972, -0.06864836565680688, 0.7822497131042856, 0.47290606170764526, 0.0705471256162575, 0.055980746200957554, 0.07006389217255635]], "inverted": true, "swapped": true, "error_lsq": 0.042612105631932996, "error_max": 0.23789359826917683, "target": "612.xyz", "model": "0.xyz", "model_rescale": 3.8414455957264533, "target_rescale": 4.136699837091188},
{"mapping": [2, 9, 10, 5, 6, 12, 3, 7, 4, 8, 13, 11, 0, 1, 14], "R": [[0.14643534745551862, 0.12148895917376953, -0.9817316954313209], [-0.93984455357517, -0.2925390813966494, -0.17638906136916166], [-0.3086242118348314, 0.9485047805121907, 0.07134267457034685]], "T": [0.013912981289863693, -0.020305093670697504, -0.03578083363754599], "aligned_model": [[-0.24437700996028888, -0.5660035015269901, 0.5992990009909275, 0.3692774781365231, 0.023323080745772627, 0.4943623132725428, 0.5180133151732302, -0.5936719456731863, -0.07609806436169828, 0.06034961310797353, -0.2912828712366659, 0.37302862991192515, -0.2745132643835798, 0.5651991302558722, 0.09478113384607204], [0.031010683837589138, -0.37796787990161546, -0.3529982316533095, -0.0586267660932088, -0.561628091351847, -0.3381937422667795, 0.4891080020339343, 0.18347573133031236, 0.44722657318444436, -0.7423350449394334, -0.19495400204521982, 0.16653607381024382, 0.5500952902887247, 0.6049122161614005, 0.01575010147877853], [-0.7251702004087104, 5.049757283058509e-05, -0.15833606318006077, -0.5894687500545073, -0.5987266889321443, 0.4646237929979669, -0.3516257850668162, -0.08341416256104894, -0.29870551295950665, 0.28173890779096344, 0.6359335781800972, 0.714146983674953, 0.3062295058155659, 0.19591894757358075, -0.02080205290387228]], "inverted": false, "swapped": false, "error_lsq": 0.05067924082483135, "error_max": 0.4796106073550104, "target": "612.xyz", "model": "1.xyz", "model_rescale": 4.316132596720782, "target_rescale": 4.136699837091188},
{"mapping": [0, 2, 4, 12, 7, 8, 10, 13, 9, 6, 5, 14], "R": [[-0.7180816607703876, 0.6903129997364447, -0.08846858685496062], [-0.19339362081756206, -0.32003347765245016, -0.9274575357442258], [-0.6685489031419581, -0.6488809872207308, 0.3633123016512579]], "T": [-0.08042927476041359, 0.021841997999542423, -0.09160904889620136], "aligned_model": [[-0.3111016524211315, 0.6005362984883452, 0.16952912556778338, -0.6268013691665814, -0.6981781021736276, -0.49569557822320176, -0.07161983393116222, -0.3080507436037201, 0.4913609094528987, 0.31833174858938207, 0.5480581975974415, -0.01856044554464563], [-0.640213300954003, -0.288671336982361, -0.6696806091951543, 0.3796079576065122, -0.32982585237508266, -0.1460127140519925, 0.6095907080947439, 0.552824291176615, 0.03616459150946888, 0.16194933542882012, 0.3554500269481381, -0.008406669464723814], [0.08403619664461828, 0.06145594834735735, -0.3712500800871599, -0.08980958365474219, -0.41434199686004947, 0.3330860821969168, -0.5109677769881388, 0.5218797582121443, -0.6079023451215356, 0.5275353937534187, 0.021891523820597544, -0.10635465905400605]], "inverted": true, "swapped": true, "error_lsq": 0.0526729728597749, "error_max": 0.30309299175727755, "target": "612.xyz", "model": "2.xyz", "model_rescale": 3.795458400668931, "target_rescale": 4.136699837091188},
{"mapping": [12, 10, 11, 2, 8, 3, 5, 1, 9, 4, 13, 14], "R": [[-0.5824994164516444, -0.5107183031659657, -0.6323458267789631], [0.2870090966641094, 0.5986112584585973, -0.7478571652920536], [0.7604736736176642, -0.6171153668949518, -0.20210990989202687]], "T": [0.13063759592692487, 0.050987316746084164, -0.03151309805963915], "aligned_model": [[-0.11236841575805731, -0.17146904931529955, -0.6586453344613721, 0.24045715625331593, 0.11738794748957773, 0.16502952478455468, -0.2893297336118716, 0.6104531760649736, 0.3022582157131689, 0.8340414278915069, -0.6009541697444851, 0.1564430804375527], [0.04209003505347119, -0.5711633948898431, -0.18096952980632433, 0.13394792254778073, 0.6012744406354408, 0.660947428393532, -0.17303536957496538, -0.3627785033621167, -0.551563978241994, 0.05319890496442899, 0.39879889701905175, 0.03502219255124738], [-0.6376410566111927, -0.23899312650715637, 0.04942497555821112, 0.7198980667412962, -0.31079036104683483, 0.2966608102572445, 0.5094254178830937, -0.20532007932518598, 0.4170247698480104, 0.320765176230188, -0.2637260137706253, 0.03204285138205163]], "inverted": false, "swapped": true, "error_lsq": 0.045299859750719956, "error_max": 0.26330174439575776, "target": "612.xyz", "model": "3.xyz", "model_rescale": 3.7530521520055578, "target_rescale": 4.136699837091188},
{"mapping": [10, 9, 5, 2, 11, 4, 12, 1, 7, 3, 14], "R": [[0.9168404158481028, 0.2962024012762366, -0.26770840357685743], [-0.12526635849761747, -0.42325208313850843, -0.8973104332100792], [-0.3790936444946349, 0.8562253275844536, -0.3509504197271616]], "T": [-0.018168688429751542, -0.05673603170397027, 0.16020794458343052], "aligned_model": [[-0.37881542049731726, -0.23774819132349173, 0.36258329842586207, 0.4055219979778848, 0.28655323428660356, -0.1794565832400546, -0.24307851290772964, -0.6296784609161902, -0.5835452758043984, 0.5414427106457708, -0.005579194201734316], [-0.6250604731833802, 0.01601590899221255, -0.3141124884441518, 0.3299553788187984, -0.793228200464198, 0.6689445653528601, -0.47877857728832707, 0.13593167340082235, 0.22664864250456015, 0.3195418259252856, -0.01865489730013587], [-0.10119052358210234, -0.5747749914148428, -0.39473212778307837, -0.34428932182353705, -0.05898678572901972, -0.09719390180549453, 0.60497512642624, 0.016789099472673374, 0.6179009501354817, 0.32201743921884407, 0.10231581413015219]], "inverted": false, "swapped": true, "error_lsq": 0.04800147713789681, "error_max": 0.24520402200069397, "target": "612.xyz", "model": "4.xyz", "model_rescale": 3.7855080009869324, "target_rescale": 4.136699837091188},
{"mapping": [5, 8, 9, 3, 10, 14, 2, 7, 0, 15, 13, 12, 6, 1, 16], "R": [[-0.4990328373768488, 0.8217945412894814, 0.27499083462257917], [0.859013480998168, 0.5109578386304124, 0.031904962083468824], [-0.11428939882168368, 0.25214245784664746, -0.9609173295700467]], "T": [0.0220220539288999, 0.040289416813644584, 0.048015149651350654], "aligned_model": [[-0.13996979553318617, -0.4463770193836245, 0.4607238988316883, 0.4001469591480419, -0.21540551683364229, 0.5747748218743012, 0.728233190417121, -0.63399143708666, 0.2164699287991998, 0.06322215011968021, -0.14864768675022277, 0.3739447299928175, -0.5262972070743407, 0.27525014807218356, 0.0696098737050726], [0.22113760445598712, -0.45438752724274484, -0.4239446563600237, -0.017756587380852118, -0.46352925682568275, -0.25566184745413745, 0.1496081849852182, 0.10936018262936245, 0.6390656356953089, -0.764516575049405, -0.15511839489720167, 0.2360431433401899, 0.27793669487222894, 0.7473167100947735, 0.015857603010993128], [-0.7240961236465052, 0.22466990645857707, -0.2665344264610921, -0.5316992825040922, -0.4218350039172009, 0.3021305274620374, -0.1393372594715547, -0.30729457550561257, -0.4125616050602986, 0.2209543708276335, 0.724443464858733, 0.5965551861419739, 0.31059242839261675, 0.14336648882123698, 0.05303890114283926]], "inverted": true, "swapped": false, "error_lsq": 0.04108929602976429, "error_max": 0.3010828100014852, "target": "612.xyz", "model": "5.xyz", "model_rescale": 4.2253639853439635, "target_rescale": 4.136699837091188},
{"mapping": [12, 7, 9, 10, 1, 2, 5, 11, 0, 8, 4, 6, 13, 14], "R": [[-0.05685512483915023, -0.8499943509842885, -0.5237147105765914], [-0.165760932908526, -0.5092460688405926, 0.8445068113944953], [-0.9845256766081929, 0.13482597919244121, -0.11194260776835441]], "T": [0.02946667872158297, -0.017880523119389573, -0.01708590130385456], "aligned_model": [[0.5781853092595879, -0.06110896882861391, -0.45133856748726026, 0.3094513999588469, -0.3067891735182348, -0.48833521750619097, 0.017250805470391414, 0.5811432715712987, -0.29410823699423777, 0.27747136061082867, -0.7386741245107094, 0.18516545761418263, 0.7963332241415867, -0.0305843870236924], [-0.05911904440118594, 0.13733050697726198, -0.5881997629356405, -0.6800209096846259, -0.33686316694152196, 0.07006431040160414, -0.32229007186623737, -0.38754679593910246, 0.5738119686024129, 0.5261378524500926, 0.10289466057091808, 0.24036776357554404, 0.19865807528385765, -0.030126239458386904], [-0.3688378513161048, -0.7767871811936186, 0.1759690108020855, -0.08466222590142228, -0.4827210442477512, 0.5376288353425152, 0.6358756587969108, 0.475176506632354, -0.27704260179214035, -0.17046434283821368, -0.13647972817838688, 0.6692419891966636, 0.25704724537916573, 0.01761393824939126]], "inverted": true, "swapped": true, "error_lsq": 0.04483484378640164, "error_max": 0.26251466069246276, "target": "612.xyz", "model": "6.xyz", "model_rescale": 3.89814844738969, "target_rescale": 4.136699837091188},
{"mapping": [0, 3, 2, 7, 9, 6, 8, 1, 12, 13, 5, 10, 14], "R": [[0.06035983913225809, -0.9976526018019778, 0.03234155125643104], [0.9555893585830704, 0.06711740081492232, 0.286956847401566], [-0.2884539262737197, 0.013584573073655987, 0.957397405360847]], "T": [-0.05093684886207771, 0.026812166606130124, 0.012519081435953979], "aligned_model": [[-0.14534300748970225, -0.18881961427038457, 0.44099584159697836, -0.20759844168798758, 0.684752673154145, -0.17988258505521337, -0.5722980585928635, 0.30294965066799723, -0.5528982235052766, -0.7452219978034332, 0.24809364433968362, 0.051850194741847155, 0.012051724808432071], [-0.337863059771993, 0.26700428305532403, 0.4216226381935431, -0.7368688526323746, 0.11546228551237914, 0.7162376158951319, -0.08320138928666157, -0.494115965908065, -0.16660165021518383, 0.4809285316884418, 0.6681364807521947, 0.06788566684891681, 0.04515468133883222], [-0.6043096415078245, -0.623270464617226, -0.4183967527073324, -0.028577057641020923, 0.2237298832151586, -0.2521426037371648, -0.29903631978769385, 0.19968809002255222, 0.3828541449977976, 0.1603997905128864, 0.14837594772310644, 0.726056527221496, -0.013096512858439113]], "inverted": false, "swapped": true, "error_lsq": 0.04622091362569821, "error_max": 0.305290782129993, "target": "612.xyz", "model": "7.xyz", "model_rescale": 3.7474275329858107, "target_rescale": 4.136699837091188},
{"mapping": [13, 2, 9, 11, 4, 5, 7, 1, 12, 8, 3, 6, 0, 10, 14], "R": [[-0.4624607925208268, -0.15499131482863895, 0.8729878050171713], [-0.5947733129815781, 0.7844335319587619, -0.17580881691092784], [-0.6575520675550544, -0.6005345337833554, -0.45495445067356066]], "T": [0.042114241413939, 0.038087015394582015, -0.058349213355313734], "aligned_model": [[-0.21180722038793887, -0.6419660302559026, 0.6935585424899927, 0.5083648472490608, -0.23529776873709407, 0.4801235978646314, 0.6866899580025877, -0.6750446887459496, -0.05918381537446576, 0.07365919933346077, -0.07749467423357506, 0.34049211479127844, -0.20542755306671648, 0.3794162383969421, -0.004395709027881792], [-0.08970278945861884, -0.4373413455357841, -0.32496973432314513, 0.19342115812348154, -0.5907597075086817, -0.296499087535395, 0.16316647370782772, 0.24393773148946277, 0.4385254751162046, -0.6379025958897947, -0.21576801493095701, 0.2758798382225368, 0.41485187044474997, 0.709823010814932, 0.014748631137195642], [-0.9111712848945926, 0.06244628070397398, -0.21375371511871258, -0.4390874859927342, -0.43227463581721953, 0.3990580531038766, 0.1226339533102972, 0.03170838835049172, -0.5166399098199301, 0.026816959048860084, 0.6014885453859224, 0.6637057128712677, 0.4222592984412258, 0.04294972531717217, -0.08774688735060712]], "inverted": false, "swapped": false, "error_lsq": 0.050679408236722706, "error_max": 0.33070692870577756, "target": "612.xyz", "model": "8.xyz", "model_rescale": 4.019505241142653, "target_rescale": 4.136699837091188},
{"mapping": [1, 12, 5, 9, 4, 2, 6, 7, 0, 8, 13, 3, 14], "R": [[-0.6049953679011896, 0.5880796307108926, 0.5367894864479416], [-0.7744987303671549, -0.5910699568755555, -0.22536198157363335], [0.18474934770593907, -0.5520857306814491, 0.8130615133556384]], "T": [-0.0878659278915418, -0.07779219764973751, -0.06343198667968954], "aligned_model": [[-0.2041705435577089, -0.7242831577109604, 0.24535666447208015, 0.2448606527936682, 0.44290710568177427, 0.6621266545149506, 0.28349574027255336, -0.44788801509635695, 0.14424934677355739, -0.2290749669700452, -0.436827421835287, 0.3637584248617561, -0.024809712458805283], [-0.7071722235194886, 0.027896030839038008, 0.30364740422718967, -0.3969199270684112, -0.6438594748675999, -0.008063830767701008, 0.5733560460144447, -0.6387779810633896, -0.3354077945603899, 0.10845291987021584, 0.6776304325747351, 0.19864896606921312, -0.09605233963379788], [-0.21171560337621964, 0.03818146431138365, -0.575915873211952, -0.6808122860061057, 0.06591115761509019, -0.19075291080439938, -0.05467203235116388, 0.34291699386708907, 0.5707091020889898, 0.507847301415247, 0.06955211267988497, 0.3843938541037239, -0.0889397862876889]], "inverted": true, "swapped": true, "error_lsq": 0.050410670482576005, "error_max": 0.3605333699963054, "target": "612.xyz", "model": "9.xyz", "model_rescale": 3.877068213659057, "target_rescale": 4.136699837091188},
{"mapping": [14, 6, 11, 9, 10, 0, 8, 13, 2, 12, 5, 1, 4, 7, 15], "R": [[0.39028749086528836, -0.4944203881083271, 0.776675063521991], [0.8604273408387524, 0.49605555306813265, -0.11659193543046978], [-0.3276285482237944, 0.7137768335362815, 0.6190170969332661]], "T": [-0.02715860309638321, -0.01428259757982593, -0.012408816432029618], "aligned_model": [[-0.25672183802324733, -0.4638290411972473, 0.4951981437309213, 0.2657213053744849, 0.007980231971339291, 0.5545573441845079, 0.7019994575823029, -0.6962061461338285, -0.07545101256478892, 0.005046702919161428, 0.006018742136328609, 0.40785512949986846, -0.25599630296036346, 0.3194887083492406, 0.03602561342975004], [0.007708883835447699, -0.4444301151893642, -0.5111058033662992, 0.13811806332506166, -0.48157604170111795, -0.3731250418205304, 0.20562745483354694, 0.1930832270092595, 0.5585259574828447, -0.6876266148856245, -0.15093753207474636, 0.26003668290620147, 0.5138372061390558, 0.6923010255124085, -0.0590264381321292], [-0.7582899346765262, -0.08020716971586109, -0.17041327048238608, -0.5839337079892587, -0.544961986370227, 0.3957635644614388, -0.1360657094988661, -0.3395376838707161, -0.3439409572332742, 0.3097182832296781, 0.7564995883107123, 0.6864606957157959, 0.3436999587840042, 0.20406703548263616, 0.03353429139214132]], "inverted": true, "swapped": false, "error_lsq": 0.030871335612988167, "error_max": 0.1864931025987405, "target": "612.xyz", "model": "10.xyz", "model_rescale": 4.260839863003843, "target_rescale": 4.136699837091188},
{"mapping": [11, 5, 2, 6, 0, 8, 12, 10, 9, 4, 1, 14], "R": [[-0.25662085233800846, -0.20816168819696818, 0.9438296719812863], [-0.835192173200012, 0.539217730249482, -0.10815855587995882], [-0.48641522588294406, -0.816034895670268, -0.3122295262745975]], "T": [-0.026829485713323033, 0.13877246967413948, -0.06586645790554782], "aligned_model": [[0.43121922962024656, 0.17966941242585538, -0.3327386649047783, -0.30551616292879263, -0.6533946783712946, -0.4479309358129793, 0.22013599550380952, 0.6921076883553803, 0.34393846099369335, -0.35940749493358537, 0.22837412149349387, -0.03755832234691828], [-0.19643810845198972, -0.5270913647449453, -0.527796169948421, -0.36988065359087596, 0.3945677118244152, 0.4895026991990282, 0.6428145363635177, 0.1486084876538013, -0.33638922579463904, 0.002469616574265393, 0.36946997893369066, 0.08324099751508672], [-0.666822144557614, -0.24795643285417832, 0.1478327683235249, -0.5408254000718703, 0.18783232098779454, -0.34985437374905426, -0.3997404334848431, -0.13235320685295643, 0.4141964671664303, 0.633915811447889, 0.4938511402274166, -0.023898439187033743]], "inverted": false, "swapped": true, "error_lsq": 0.0458497361335121, "error_max": 0.26079709778853694, "target": "612.xyz", "model": "11.xyz", "model_rescale": 3.890672605050136, "target_rescale": 4.136699837091188},
{"mapping": [6, 13, 3, 5, 2, 1, 12, 9, 10, 7, 0, 8, 4, 14], "R": [[-0.9485570356601878, 0.2972653228800929, 0.10896273634849479], [-0.01804319310783567, -0.39435449500499153, 0.9187812446125746], [0.31609174820300323, 0.8695503781163875, 0.37943134640619375]], "T": [0.03160191769994135, -0.05367791890219445, 0.06437698543449663], "aligned_model": [[0.6771310301488517, 0.12027412205010096, 0.4315719319952921, 0.6329260798695068, 0.7061702108288704, -0.36142978025922234, -0.4511023532969401, 0.28445028436300757, -0.16981807754528933, -0.6606876786236187, -0.07773047443533984, -0.126108863914632, 0.12509147754070954, 0.07913792607239646], [0.08187785730816252, 0.009410566205733911, 0.5108562952357208, -0.44042261580770203, 0.03084936208935732, -0.25307662176308565, -0.12498790099251092, -0.569433767252657, -0.7336397747219573, 0.21654979386822062, 0.6088659223450424, 0.46457008331301775, 0.19250155162649157, -0.06176823162606898], [-0.2918491465734405, -0.7712541104539091, 0.016865245793042688, -0.025127155828974096, 0.41276512129170906, 0.5516143539381833, -0.36971247388245265, 0.5779639084990146, -0.07152649295638186, 0.3034429690707699, 0.33169758588374254, -0.23148375729122342, 0.8056847453915336, 0.11570964247524765]], "inverted": true, "swapped": true, "error_lsq": 0.05324759495567861, "error_max": 0.40737273019063447, "target": "612.xyz", "model": "12.xyz", "model_rescale": 4.124412569039231, "target_rescale": 4.136699837091188},
{"mapping": [1, 10, 5, 7, 9, 4, 12, 0, 13, 8, 2, 6, 14], "R": [[0.8318717212394491, -0.5470293161334482, -0.09353270386708859], [0.4492748400664055, 0.5648694965120908, 0.6921521292270094], [-0.32579373457054406, -0.6178036736704866, 0.7156654688566642]], "T": [0.06947216499443723, 0.136721131039381, -0.003864057494461193], "aligned_model": [[-0.16475381862230046, -0.07995838728895238, 0.6700489477013922, -0.5681061971884674, 0.49935773041435805, 0.31514292359781293, -0.4943934609592958, -0.045386096518734945, -0.059889606082583896, -0.21514626133819734, 0.795099315350654, 0.5864170950078975, 0.12886612343617482], [-0.29084173582272926, 0.4970737978969162, 0.4834986038157323, -0.3134699905349433, -0.06821408684562422, -0.6099839905043518, 0.4662204253187928, -0.39111613252028166, 0.8759515741462005, 0.1629974560230466, -0.08628115893219254, 0.5189461792766419, 0.1027044351912699], [0.43654733546567964, 0.6037578321919853, 0.1916509351403338, -0.0200576547095137, 0.6018651528700261, 0.02710632043551562, -0.0010433463061657825, -0.48404487752919667, -0.38717350084421653, -0.5509373319843055, -0.08928509627364986, -0.3894184796475582, 0.012730792158904864]], "inverted": false, "swapped": true, "error_lsq": 0.04033329352399087, "error_max": 0.30149265943191833, "target": "612.xyz", "model": "13.xyz", "model_rescale": 3.9028299243045295, "target_rescale": 4.136699837091188},
{"mapping": [11, 10, 6, 1, 9, 3, 2, 14, 12, 7, 4, 0, 5, 8, 15], "R": [[-0.42390156508137355, -0.19306328144867646, -0.884892102167169], [0.8932649027812449, 0.07227819744935166, -0.44368195324205545], [0.14961709989427996, -0.9785205319919157, 0.14181781231383941]], "T": [0.08873191878056609, 0.05639388182083595, 0.004041254986571386], "aligned_model": [[-0.10377619174712015, -0.5464174962093276, 0.4596349381723531, 0.408375277580762, -0.12039031544077593, 0.48837645076646535, 0.7565850472059835, -0.658176344733688, -0.11615543996519113, -0.1660244755847347, -0.03864730488982758, 0.5451982039520363, -0.18142693860612036, 0.26650673343540093, 0.05802489436221352], [0.053544489589681096, -0.2551138037521774, -0.41618689147471816, 0.06781428905817584, -0.5613704245384248, -0.30949940706195095, 0.36311151967117195, -0.09227317088402263, 0.6239429351634781, -0.7984611430416558, -0.1217522880740987, 0.21773397272962458, 0.3797420645795325, 0.75778203841881, -0.04760326650941164], [-0.7092533522290583, 0.23835041937395676, -0.28493387398938164, -0.5615526392664241, -0.4148628025330447, 0.31241731508602205, -0.04119433984401894, -0.44659918496209217, -0.3425846690827977, 0.16199701409180373, 0.6454473271527158, 0.6769634754638199, 0.29483667815777814, 0.27414850889908393, -0.030786878779072054]], "inverted": false, "swapped": false, "error_lsq": 0.04066764024168902, "error_max": 0.2774957427107677, "target": "612.xyz", "model": "14.xyz", "model_rescale": 3.942246331269136, "target_rescale": 4.136699837091188},
{"mapping": [8, 4, 1, 0, 12, 5, 2, 11, 8, 3, 10, 9, 6, 7, 14], "R": [[-0.27337948298040343, -0.013237529810478182, -0.9618151725201077], [-0.32089942494802026, 0.9438777822343862, 0.07821950698084876], [0.9068005389022425, 0.3300295441453899, -0.26228473580784106]], "T": [-0.01582990326433699, -0.09280967010801516, 0.04025975083685797], "aligned_model": [[-0.1647984141069035, -0.4166586775525022, 0.5179278241080931, 0.47232615034376013, -0.0222077036186768, 0.5354013260070313, 0.7110921495291294, -0.684387490419867, -0.1647984141069035, 0.12489376841071965, -0.3436122806100246, 0.24758551245495664, -0.18670277577847022, 0.36885207182219676, 0.056773991815890754], [0.4476190662616481, -0.4619941557742939, -0.6095691970911057, 0.1727888550582295, -0.6169681008332193, -0.3194733146963854, 0.13969503119444826, 0.16017081260738558, 0.4476190662616481, -0.7944540620724292, -0.0666184434402605, 0.3544134906552782, 0.4316518372560802, 0.6697159528739087, -0.09318592438691826], [-0.4932063586499853, 0.2563687191111458, -0.2833197842438542, -0.44127796692109916, -0.5868714326686987, 0.25831314403909095, 0.027075985279482864, -0.01579961660881482, -0.4932063586499853, 0.10689252022118767, 0.6734052702795921, 0.6556994874241887, 0.1326284580410339, 0.0008394455540220169, -0.025148514668015376]], "inverted": false, "swapped": false, "error_lsq": 0.054841193259834754, "error_max": 0.43748574053039396, "target": "612.xyz", "model": "15.xyz", "model_rescale": 4.355366556412066, "target_rescale": 4.136699837091188},
{"mapping": [0, 2, 4, 12, 7, 8, 10, 13, 9, 6, 5, 14], "R": [[-0.7180816607703876, 0.6903129997364447, -0.08846858685496062], [-0.19339362081756206, -0.32003347765245016, -0.9274575357442258], [-0.6685489031419581, -0.6488809872207308, 0.3633123016512579]], "T": [-0.08042927476041359, 0.021841997999542423, -0.09160904889620136], "aligned_model": [[-0.3111016524211315, 0.6005362984883452, 0.16952912556778338, -0.6268013691665814, -0.6981781021736276, -0.49569557822320176, -0.07161983393116222, -0.3080507436037201, 0.4913609094528987, 0.31833174858938207, 0.5480581975974415, -0.01856044554464563], [-0.640213300954003, -0.288671336982361, -0.6696806091951543, 0.3796079576065122, -0.32982585237508266, -0.1460127140519925, 0.6095907080947439, 0.552824291176615, 0.03616459150946888, 0.16194933542882012, 0.3554500269481381, -0.008406669464723814], [0.08403619664461828, 0.06145594834735735, -0.3712500800871599, -0.08980958365474219, -0.41434199686004947, 0.3330860821969168, -0.5109677769881388, 0.5218797582121443, -0.6079023451215356, 0.5275353937534187, 0.021891523820597544, -0.10635465905400605]], "inverted": true, "swapped": true, "error_lsq": 0.0526729728597749, "error_max": 0.30309299175727755, "target": "612.xyz", "model": "16.xyz", "model_rescale": 3.795458400668931, "target_rescale": 4.136699837091188},
{"mapping": [0, 3, 2, 7, 9, 6, 8, 1, 12, 13, 5, 10, 14], "R": [[0.06035983913225809, -0.9976526018019778, 0.03234155125643104], [0.9555893585830704, 0.06711740081492232, 0.286956847401566], [-0.2884539262737197, 0.013584573073655987, 0.957397405360847]], "T": [-0.05093684886207771, 0.026812166606130124, 0.012519081435953979], "aligned_model": [[-0.14534300748970225, -0.18881961427038457, 0.44099584159697836, -0.20759844168798758, 0.684752673154145, -0.17988258505521337, -0.5722980585928635, 0.30294965066799723, -0.5528982235052766, -0.7452219978034332, 0.24809364433968362, 0.051850194741847155, 0.012051724808432071], [-0.337863059771993, 0.26700428305532403, 0.4216226381935431, -0.7368688526323746, 0.11546228551237914, 0.7162376158951319, -0.08320138928666157, -0.494115965908065, -0.16660165021518383, 0.4809285316884418, 0.6681364807521947, 0.06788566684891681, 0.04515468133883222], [-0.6043096415078245, -0.623270464617226, -0.4183967527073324, -0.028577057641020923, 0.2237298832151586, -0.2521426037371648, -0.29903631978769385, 0.19968809002255222, 0.3828541449977976, 0.1603997905128864, 0.14837594772310644, 0.726056527221496, -0.013096512858439113]], "inverted": false, "swapped": true, "error_lsq": 0.04622091362569821, "error_max": 0.305290782129993, "target": "612.xyz", "model": "17.xyz", "model_rescale": 3.7474275329858107, "target_rescale": 4.136699837091188},
{"mapping": [4, 2, 3, 9, 7, 12, 0, 6, 1, 8, 10, 5, 13, 14], "R": [[-0.0692115820520896, -0.10509601532311774, 0.9920506965236453], [-0.9695575161191523, -0.227046709384386, -0.0916952272181159], [0.2348786491929537, -0.9681965809281321, -0.08618236961448794]], "T": [-0.0332981614810334, -0.07551479543916532, 0.06306020451363187], "aligned_model": [[0.4099984671531788, 0.2351644925735953, 0.5498597233525919, -0.3542339463272821, 0.188800392732721, -0.28435986003094993, 0.6536475624898139, 0.09429575899334142, -0.15135088843802152, 0.36086827158680634, -0.7465651964359469, -0.34017959853985746, -0.18036227745845326, -0.020735253768661376], [-0.3905044298319154, 0.3068566798912007, 0.29979424174255404, -0.15098131817569305, -0.7811842173171117, -0.24983158291189944, -0.29650227112029476, 0.6631310407179073, -0.6735372241955099, -0.03715384479405686, -0.1874316640922431, 0.4703218617375757, 0.45074781927438984, -0.06331684941366973], [-0.5054039137455486, -0.5413249332622643, 0.061555333224499374, -0.633368503342344, 0.3123458753845251, 0.6402117154714129, 0.1036597719923949, 0.05294186501526033, -0.18202496421766448, 0.5365034661954649, 0.07367371716028145, -0.29339361741510805, 0.7045756379521577, -0.0051567317514122635]], "inverted": true, "swapped": true, "error_lsq": 0.03908322513197405, "error_max": 0.2880907247655219, "target": "612.xyz", "model": "18.xyz", "model_rescale": 3.922800546911778, "target_rescale": 4.136699837091188},
{"mapping": [0, 12, 9, 2, 3, 11, 10, 5, 1, 7, 13, 4, 8, 6, 14], "R": [[-0.91946067638746, 0.30514303512168206, 0.24795119014403422], [0.3918082663253353, 0.7637568460849478, 0.5129929458555049], [-0.032838194473055256, 0.5688261669219357, -0.821801949869096]], "T": [0.016577854626499036, 0.053967863274945044, 0.012781311799027717], "aligned_model": [[-0.28257639129806866, -0.594227325494442, 0.592194797999811, 0.48028806332843116, -0.15021099536662313, 0.488332485028037, 0.8107457798198813, -0.6890025656404601, 0.006299681525835835, 0.0777358299782139, -0.06639003550904352, 0.4166194157853131, -0.336106508433055, 0.2654017978162414, 0.03258300875835716], [-0.03257045318392729, -0.42695527168287384, -0.4159164464441638, 0.03584911432251067, -0.4253289444470527, -0.3019952608659433, 0.18945722392566913, 0.16857069198715355, 0.6422124580406618, -0.7350242603909338, -0.18724164991440911, 0.28319906715084564, 0.42837576641106223, 0.6799226607092856, -0.041143781743870025], [-0.7627575283673725, 0.13212960364387047, -0.31981011306990365, -0.5329049680997758, -0.37658393216938235, 0.41025009763682346, 0.052031623999095854, -0.25471856179491764, -0.43649107754008615, 0.12215292558771165, 0.6505493313591156, 0.5707122605797791, 0.3441770211015344, 0.16122324919393438, 0.012433065478864596]], "inverted": true, "swapped": false, "error_lsq": 0.03389977770176078, "error_max": 0.20609589892437455, "target": "612.xyz", "model": "19.xyz", "model_rescale": 3.9282355846067225, "target_rescale": 4.136699837091188},
{"mapping": [9, 5, 11, 2, 4, 6, 3, 8, 0, 7, 10, 1, 12, 14], "R": [[0.1150218427740579, 0.9484227395957853, 0.2954052855019442], [-0.3383251474891894, 0.31700225224872086, -0.8860280281377428], [-0.9339732706353423, 0.0019695397593366137, 0.3573374464730198]], "T": [0.029417709481829778, -0.09917012317917814, 0.08859154923458908], "aligned_model": [[-0.5762027861557579, -0.047246611433011836, 0.47881864693580733, -0.4390640031289475, -0.6853796150513995, 0.2579227689463601, 0.05274694320194725, 0.40391518727047016, -0.1389557003498249, -0.03301056408270029, 0.13178934771487077, -0.3850293195602904, 0.5433474672430717, -0.03112894246591888], [-0.5749012846527546, -0.6665706128195623, -0.7665064616683246, -0.17688521921152575, 0.2248754662455644, -0.23803304900228597, 0.2921330568806596, 0.3850389215551858, 0.5985702868717112, 0.41355422699347855, -0.6921424816963413, -0.07837756599096457, -0.08460671394348215, -0.11326648213652254], [0.1133220251994683, -0.34884697919116864, -0.10120703709636598, -0.5097785580825472, 0.034359959768365325, -0.6117532131784412, -0.4834834675250876, 0.009341933140033884, 0.003815774316925133, 0.6739605763095835, 0.4877052235346074, 0.5979395061887732, 0.4913151475912512, 0.055492266268285205]], "inverted": false, "swapped": true, "error_lsq": 0.04198035633321045, "error_max": 0.35278127110967317, "target": "612.xyz", "model": "20.xyz", "model_rescale": 4.067790424073018, "target_rescale": 4.136699837091188},
{"mapping": [4, 3, 13, 5, 6, 10, 1, 2, 8, 11, 12, 9, 0, 7, 14], "R": [[-0.02239379931369112, -0.8210432159271499, -0.5704266432524887], [-0.07835961818481924, -0.5673729684889612, 0.8197241516912588], [-0.996673611565104, 0.0630551521132729, -0.05163099652093256]], "T": [0.03968898231705049, -0.022539246885375716, -0.06484514489586786], "aligned_model": [[-0.20946111323382116, -0.6526283153739758, 0.5921218320127057, 0.3736544729011755, -0.2894014674858914, 0.6715470406879914, 0.7728616776862482, -0.6617514257664805, 0.14347408811771134, 0.03526447672770306, -0.05936847865472487, 0.4592367880504663, -0.43054339518848006, 0.21709906866726, 0.0895817891505421], [0.1832653826979263, -0.3979706663776295, -0.4385752215514313, 0.04754671211898433, -0.5130938407765968, -0.3219488954541139, 0.3379791403747132, 0.07077186192792213, 0.4791381245453195, -0.6177017254456757, -0.19878329588117727, 0.17240548769297392, 0.45823056459571215, 0.6491132310335217, -0.04896594562643415], [-0.7983580480307413, 0.25685817374826175, -0.17372819884826537, -0.5465308622544272, -0.5105048457395589, 0.36223339351283984, 0.011242912585376366, -0.29505444622527643, -0.3152774981040495, 0.1877301940495611, 0.674167386470873, 0.5596755422181324, 0.16362789297708208, 0.20731761408375915, -0.011006212904275725]], "inverted": true, "swapped": false, "error_lsq": 0.03882227833880594, "error_max": 0.24822891748533954, "target": "612.xyz", "model": "21.xyz", "model_rescale": 4.186013935880536, "target_rescale": 4.136699837091188},
{"mapping": [9, 10, 1, 2, 6, 4, 5, 11, 7, 12, 13, 3, 14], "R": [[-0.25200205192728464, -0.48443302651786346, -0.8377467449314149], [-0.7764211801447104, 0.6179403174974232, -0.12377364434272346], [0.5776375306774426, 0.6192531040131546, -0.5318462901280216]], "T": [0.055487544404178475, 0.0805826792755466, 0.01846118561447691], "aligned_model": [[0.17893872667436916, -0.44540994260692046, 0.3414139587325159, 0.38673376664748793, -0.16077225288164287, 0.8034283696702893, -0.2420881669492304, -0.7126604433753376, 0.408965122897654, -0.33905883553592775, -0.5928076115455138, 0.33919764335013636, 0.09269370034534499], [-0.45158264656014313, 0.06299783651252475, 0.24911836174932192, -0.5873482427547666, -0.3709030304637606, -0.10122566331613367, -0.5755132506321631, -0.2212791753995981, 0.7425091547592103, 0.6000843498393034, 0.2265341914880012, -0.07656575282758141, 0.022130527151878986], [-0.5249243043915142, -0.5013275946647346, -0.5485271924781479, 0.18491165926365835, 0.5764689047255086, -0.14405673015433856, 0.03111135034954027, 0.0648355771275293, -0.1968232518516579, -0.012737433458434862, 0.5366636480249231, 0.63144177806019, 0.005843150782824571]], "inverted": false, "swapped": true, "error_lsq": 0.04534890175325224, "error_max": 0.2900964969441058, "target": "612.xyz", "model": "22.xyz", "model_rescale": 4.166573947596378, "target_rescale": 4.136699837091188},
{"mapping": [4, 7, 1, 2, 0, 6, 6, 8, 3, 5, 14, 12, 9, 11, 15], "R": [[-0.4781732863870841, -0.5448663446183781, 0.6888185353835816], [-0.7799957850825048, 0.6239476600916319, -0.047915474741511976], [-0.40367918380726886, -0.5601874543118439, -0.7233485553951934]], "T": [-0.021082357509637994, 0.04323480136212675, 0.06559546240417612], "aligned_model": [[-0.12247424405176655, -0.413905462999909, 0.3602045846874682, 0.4877075974124145, -0.19946162823947197, 0.7014456610146373, 0.7014456610146373, -0.7104095332256515, -0.025328970885138496, 0.131833250857224, -0.13100869497902856, 0.3954113401228616, -0.3884563105519856, 0.2522509672813323, 0.012432820840806866], [0.06647441896297993, -0.5542408089080526, -0.39638672092160293, 0.17512477035126733, -0.5189633175284866, -0.19235487662967188, -0.19235487662967188, 0.12699557639710607, 0.5242318016704572, -0.7679570895825879, 0.0801053015936804, 0.26749733257361596, 0.48343821055878494, 0.7712511190587391, -0.011449927092542292], [-0.661751166708648, 0.055468736602021354, -0.3460503145959751, -0.35457956902861965, -0.4990901791060033, 0.10507201288631633, 0.10507201288631633, -0.3490023156966112, -0.2950296947677705, 0.16381213097258157, 0.8482413144748854, 0.5190496190244906, 0.24365866309362955, 0.1974076854814879, 0.04011406202118964]], "inverted": true, "swapped": false, "error_lsq": 0.04659407709121163, "error_max": 0.40011039310707913, "target": "612.xyz", "model": "23.xyz", "model_rescale": 4.274766983524099, "target_rescale": 4.136699837091188},
{"mapping": [10, 8, 7, 1, 0, 4, 9, 2, 5, 3, 14], "R": [[-0.7094176093232523, -0.3818640610866101, -0.5923736105132669], [-0.022204576799915526, -0.8279715494218813, 0.5603303223252031], [-0.7044385085663749, 0.4106616030241579, 0.5788984673070148]], "T": [0.08732973001983813, 0.145596704546905, -0.09180715795696187], "aligned_model": [[0.3527812829349529, 0.042982563262350754, -0.5449038030302346, -0.41178094375488034, -0.4279113351097448, -0.5391717334124666, 0.007751246278235341, 0.11684281479954947, 0.6021098019721242, 0.1073536594476388, 0.07384115057054984], [-0.32381145084381324, 0.7598740855101285, 0.36362984721013514, -0.20840590862488573, 0.5837122754432211, -0.043828400078466334, -0.5941792906476454, -0.07309152138115596, -0.23252458633094386, 0.5796252780713756, 0.10458620291553367], [-0.5719939466140658, -0.13284238137903412, -0.494526358947385, -0.33098219169032794, 0.16306459079432684, 0.34465116827404546, 0.10845931710580273, 0.6395381600700207, 0.24165793287331155, 0.4487023204854404, -0.036162176950557505]], "inverted": true, "swapped": true, "error_lsq": 0.04781723227240901, "error_max": 0.2565753633468341, "target": "612.xyz", "model": "24.xyz", "model_rescale": 3.7841303162186577, "target_rescale": 4.136699837091188},
{"mapping": [8, 7, 4, 2, 1, 3, 5, 0, 9, 6, 11, 13, 10, 14, 15], "R": [[0.32004490390617235, 0.47827489874088536, -0.8178168381233569], [0.6887717730092722, -0.7101707465838307, -0.14577707433690854], [-0.6505111099661195, -0.5166339438431825, -0.5567087783389865]], "T": [0.011363388971072336, 0.0369963812495647, -0.030665281772769233], "aligned_model": [[-0.11809464945696843, -0.5384011110980486, 0.4324112498361592, 0.4737337648354095, -0.18625430542794416, 0.6106390485019363, 0.8716114391457076, -0.6267881101406549, 0.11859486518204698, 0.07833163851360249, -0.09408636284160937, 0.4089373315473248, -0.5503262177732037, 0.1420579046052848, 0.029320552869387635], [0.046999761459491904, -0.18932775171769442, -0.505034915912516, 0.18574994570965406, -0.4151289902790949, -0.3518568774475813, -0.03773911014262418, -0.19932021594006324, 0.5801989184020914, -0.6337643784364204, -0.11970173053804292, 0.24923012384328883, 0.5092465249299989, 0.7642213815825065, -0.022361771638979747], [-0.6073786701292411, 0.23266329890283294, -0.3232829753869488, -0.6076219876968025, -0.5870520978312488, 0.3417104890926429, -0.18469983614544772, -0.31039207603060154, -0.2192736661749393, 0.22937646307162807, 0.7134809543713962, 0.6087811944549728, 0.22767498366502248, 0.25805898943499267, 0.0003479339410325799]], "inverted": true, "swapped": false, "error_lsq": 0.047532691198455976, "error_max": 0.3234253409658262, "target": "612.xyz", "model": "25.xyz", "model_rescale": 4.19342608120988, "target_rescale": 4.136699837091188},
{"mapping": [0, 2, 4, 12, 7, 8, 10, 13, 9, 6, 5, 14], "R": [[-0.7180816607703876, 0.6903129997364447, -0.08846858685496062], [-0.19339362081756206, -0.32003347765245016, -0.9274575357442258], [-0.6685489031419581, -0.6488809872207308, 0.3633123016512579]], "T": [-0.08042927476041359, 0.021841997999542423, -0.09160904889620136], "aligned_model": [[-0.3111016524211315, 0.6005362984883452, 0.16952912556778338, -0.6268013691665814, -0.6981781021736276, -0.49569557822320176, -0.07161983393116222, -0.3080507436037201, 0.4913609094528987, 0.31833174858938207, 0.5480581975974415, -0.01856044554464563], [-0.640213300954003, -0.288671336982361, -0.6696806091951543, 0.3796079576065122, -0.32982585237508266, -0.1460127140519925, 0.6095907080947439, 0.552824291176615, 0.03616459150946888, 0.16194933542882012, 0.3554500269481381, -0.008406669464723814], [0.08403619664461828, 0.06145594834735735, -0.3712500800871599, -0.08980958365474219, -0.41434199686004947, 0.3330860821969168, -0.5109677769881388, 0.5218797582121443, -0.6079023451215356, 0.5275353937534187, 0.021891523820597544, -0.10635465905400605]], "inverted": true, "swapped": true, "error_lsq": 0.0526729728597749, "error_max": 0.30309299175727755, "target": "612.xyz", "model": "26.xyz", "model_rescale": 3.795458400668931, "target_rescale": 4.136699837091188},
