[{"mapping": [10, 11, 7, 9, 12, 1, 8, 5, 6, 0, 2, 3, 13], "R": [[0.7432870869825667, -0.4479239381991366, 0.49687870945850254], [0.5202124180558265, -0.07997130696392382, -0.8502844407390932], [0.42059879508324904, 0.8904879199914274, 0.17357395520025778]], "T": [-0.055665739639728526, -0.0631757631834743, 0.07382100558368236], "aligned_model": [[-0.563659097259236, 0.09685216653078034, -0.100962366332762, -0.6138791578048234, -0.572832832030033, -0.26185300521971167, 0.4220335137616089, 0.4807740064300198, 0.6330507942043516, -0.6258972940911175, -0.06044798742883585, 0.22024626571342337, -0.07078320133664097], [-0.03759587566385876, -0.2025273193730937, 0.5447671831702661, 0.38210615235422296, -0.276449333205635, -0.5193982655802378, 0.282405643099514, -0.5809208340563123, 0.22920875277843794, 0.049802096156927614, 0.4750251019092845, -0.0460560954332067, 0.038084755749979785], [-0.7960740125711343, -0.5927982807621122, -0.37311083716690346, -0.09008435503563005, -0.07508295961592833, 0.3608609910255309, -0.4389713954461863, -0.05491788079142075, 0.2310695827574294, 0.5812502244777467, 0.6229796387027418, 0.5174196846572964, -0.05289770618600541]], "inverted": true, "swapped": false, "error_lsq": 0.05237848985925704, "error_max": 0.2514235752713016, "target": "615.xyz", "model": "0.xyz", "model_rescale": 3.8414455957264533, "target_rescale": 3.8806445162922727},
{"mapping": [6, 5, 8, 9, 2, 4, 12, 1, 11, 7, 13, 0, 14], "R": [[0.31833132157809474, -0.6022628557363181, 0.7320823876468268], [-0.43585066249804444, -0.7787764021155061, -0.4511557552642362], [0.8418428414510393, -0.17546158584819188, -0.5104055859699013]], "T": [-0.09941222137138811, -0.016541360614879562, -0.04983571597263192], "aligned_model": [[-0.5763687492694884, -0.18600689544380095, -0.05085474248349579, -0.5996611493072801, -0.7045038412138358, -0.21091052125516987, 0.48738211358899336, 0.6120952170003144, 0.6782351928810411, -0.5302456402370703, 0.04372906293353096, 0.04055963342816765, -0.02080787548488272], [0.010700128016175078, -0.44249349235977364, 0.690020358247421, 0.42768893078146775, -0.41854884459652963, -0.493482060222044, 0.3931488549166766, -0.47423020760784856, 0.22454043369923818, -0.020126197641203235, 0.6229515987566882, -0.12584993769933608, -0.055867602384643104], [-0.6677333980982371, -0.5452031844914745, -0.40014287573813584, 0.08403040482851998, -0.17967731961960148, 0.1866234412394448, -0.31462974842650604, 0.1312056484961721, 0.20197665403084863, 0.42695010204959494, 0.33148610123831995, 0.6529991752691948, -0.06824230673271543]], "inverted": true, "swapped": false, "error_lsq": 0.03868207809316477, "error_max": 0.2172437967468877, "target": "615.xyz", "model": "1.xyz", "model_rescale": 4.316132596720782, "target_rescale": 3.8806445162922727},
{"mapping": [9, 3, 4, 7, 5, 11, 1, 8, 0, 10, 6, 12], "R": [[0.35753856569213693, -0.7811213710227018, 0.5118745723069514], [-0.8796350459270639, -0.09756141740189445, 0.4655362024713285], [-0.31370106792885144, -0.6167099590294843, -0.7219837023189306]], "T": [-0.02927466564709391, 0.084528805943432, -0.034229735011890215], "aligned_model": [[-0.2016055065565129, 0.5389238103620344, 0.0007005163722364205, -0.6841777341349039, -0.49867130812370297, -0.3839744245422777, 0.004681846742663531, -0.24175193923158353, 0.5983737879100496, 0.2116321877201705, 0.27996109304009476, -0.026283774926487445], [-0.6186673674850868, -0.35946119242514474, -0.47763200020533664, 0.4990971852775961, -0.19696381115406214, -0.19293397635732762, 0.29813835668815414, 0.5723991304559066, -0.05086161349708222, -0.046009021268777886, 0.5647953739822061, 0.020875363729935162], [0.1096806117536624, 0.15260587219289032, -0.58282926105251, -0.14407158448808668, -0.35754383607795387, 0.4877146130828074, -0.7116402921682189, 0.5146789234543964, -0.6288663269984683, 0.6436700643903853, -0.03690439510489298, 0.00276407222540994]], "inverted": true, "swapped": true, "error_lsq": 0.04249344845998091, "error_max": 0.22718384306262995, "target": "615.xyz", "model": "2.xyz", "model_rescale": 3.795458400668931, "target_rescale": 3.8806445162922727},
{"mapping": [4, 9, 3, 8, 1, 6, 10, 5, 11, 7, 2, 12], "R": [[0.5421293431236541, -0.83317610729235, 0.10914829161046036], [0.41079685921811127, 0.14947389908435552, -0.8993906236719702], [0.733035958040839, 0.5324238234054584, 0.4233003147760025]], "T": [0.08250036244107328, 0.06050230756632713, 0.058447833770536306], "aligned_model": [[0.0070427320866184445, -0.042889837325524593, -0.6317517918368484, 0.29660808511483655, 0.3050553000009786, -0.029676931773386955, -0.35906125213250273, 0.49381097992794815, 0.16795609756372454, 0.8442871790505154, -0.506135663123319, 0.0480589281905252], [-0.13834931311105225, -0.634063361792993, -0.12785654954439685, 0.12166509996542335, 0.5349857194781003, 0.5763343286870757, -0.22991729162679597, -0.2266679962170982, -0.5361373926048681, 0.15520042617546703, 0.5952116458396834, -0.004636269958835759], [-0.6982878548646623, -0.1577668597846721, -0.03772374190176678, 0.7898039416868261, -0.42217877747581856, 0.2766758459101394, 0.5637241653970329, -0.3320135624831365, 0.39302488400658064, 0.2118861423078676, 0.04321450828095119, 0.0584127395597589]], "inverted": false, "swapped": true, "error_lsq": 0.04774207458112672, "error_max": 0.2032255317362883, "target": "615.xyz", "model": "3.xyz", "model_rescale": 3.7530521520055578, "target_rescale": 3.8806445162922727},
{"mapping": [7, 1, 6, 2, 8, 4, 11, 5, 9, 3, 12], "R": [[0.11070239993241751, 0.9662452955852531, -0.2326263256997592], [-0.9470408800922351, 0.0315677521648192, -0.319557582381307], [-0.3014275204478323, 0.2556824315095347, 0.9185684210411571]], "T": [-0.020923173764998297, -0.08743567149088034, -0.005119179662691074], "aligned_model": [[-0.4937499187604021, -0.24194077328824987, 0.3798713595157364, 0.6384224126419494, 0.20211299065314484, -0.41835150929263804, -0.15856714390270324, -0.6465358885677083, -0.30902547026969907, 0.40636804834426316, -0.020404504628488137], [-0.6590312882071151, 0.12929340322277444, -0.25031969322306985, 0.2113521801737983, -0.8107453247234647, 0.5901753399233636, -0.35061756127189786, 0.02137563225855868, 0.22764040140873992, 0.41938444015777326, -0.061304171405114405], [-0.2552062091598135, -0.6453120230502348, -0.37811036211855353, -0.3347063739189767, 0.10231813029649237, -0.03302543001657296, 0.6169843868006448, 0.02441284787348141, 0.5970577876767376, 0.33464508692051503, 0.06377293594159678]], "inverted": false, "swapped": true, "error_lsq": 0.04937540190223008, "error_max": 0.22781806948652028, "target": "615.xyz", "model": "4.xyz", "model_rescale": 3.7855080009869324, "target_rescale": 3.8806445162922727},
{"mapping": [5, 0, 7, 10, 3, 2, 6, 12, 13, 9, 8, 15, 16], "R": [[0.28727754267666483, 0.24509872079495798, -0.9259580068979006], [0.12029199352462344, -0.9682854073263544, -0.21898220533346624], [-0.9502638842803243, -0.04847666473172049, -0.30765006616114904]], "T": [0.04254571752091284, -0.020031537731820856, -0.046470745270057796], "aligned_model": [[-0.5730433670532512, -0.21376387953356557, -0.13128301017040916, -0.5149930661318535, -0.5842658005249922, -0.23096354971806865, 0.4729546444905407, 0.5443711176992728, 0.6306325342555029, -0.4916631967449159, 0.12750718047681542, -0.0822875707291235, 0.029439768821070897], [0.0929506934945223, -0.41483488666575863, 0.5702116386308614, 0.42047607876290644, -0.31574108168770076, -0.7015661360550774, 0.37507264675832785, -0.4464144447006463, 0.1820401451257419, -0.2219874826159936, 0.5977093945326939, 0.254661065387018, -0.054125669060606965], [-0.5596844814458964, -0.6684913152264153, -0.47398219314299644, 0.1149845693139247, -0.09207548030529294, 0.034083333468665246, -0.3375341525375992, 0.12509308364150457, 0.3252664869861258, 0.37867470218752486, 0.27985357864861865, 0.7205225601911669, -0.007067997733905505]], "inverted": true, "swapped": false, "error_lsq": 0.04391500068356788, "error_max": 0.271649719983808, "target": "615.xyz", "model": "5.xyz", "model_rescale": 4.2253639853439635, "target_rescale": 3.8806445162922727},
{"mapping": [7, 0, 12, 6, 3, 4, 9, 1, 8, 2, 5, 10, 13], "R": [[0.11013108401231114, -0.8666873621328544, 0.4865430717351421], [-0.05832232470878779, -0.4943124608486621, -0.8673256006196879], [0.9922044400096363, 0.06714318557332707, -0.10498638890937134]], "T": [-0.025696629563706247, 0.07356061864254526, 0.006794910720170548], "aligned_model": [[-0.5320811797051743, 0.014191225463170198, -0.14719285510078123, -0.5945643184531744, -0.6657189527858046, -0.20813138737681883, 0.4679151026915349, 0.44676138763036366, 0.6134469229996077, -0.43796763483837575, -0.10392448575152241, 0.21162958405280916, -0.08172160368881036], [0.1237747172357386, -0.3651668611488754, 0.6615786097896597, 0.3736392177416016, -0.19546329049151434, -0.586646794557883, 0.08918097231148622, -0.4807243443085676, 0.3568913734292417, -0.048279664613371714, 0.4369232430930037, -0.07773539614080421, 0.050480179566573344], [-0.60184656642989, -0.6632721059459408, -0.7079199091461784, -0.0009739388350716947, -0.13814312704065598, 0.18499435769853684, -0.35195275800622045, 0.09766505869846889, 0.24571765599034795, 0.5219251618442565, 0.5192295622801703, 0.7343237820581152, -0.0001044791205134215]], "inverted": true, "swapped": false, "error_lsq": 0.043252750232746294, "error_max": 0.2542737890679736, "target": "615.xyz", "model": "6.xyz", "model_rescale": 3.89814844738969, "target_rescale": 3.8806445162922727},
{"mapping": [11, 8, 4, 10, 9, 6, 7, 3, 0, 5, 2, 1, 12], "R": [[-0.2574471053983392, 0.8789509026620066, 0.40145522618551166], [-0.9561494286472847, -0.29175719429981845, 0.025612685758608505], [0.13963974369601118, -0.3772572733347124, 0.9155204485409218]], "T": [-0.008517559275292158, 0.06623925049648033, -0.07745853673341518], "aligned_model": [[-0.3931585319918287, -0.11868077198115891, 0.02110906040001327, -0.6410520336519971, -0.8030973691738335, 0.009133736509788784, 0.4903949198824288, 0.5752887047938577, 0.47325407737096836, -0.4550925581516878, -0.13125041082245584, 0.0732795384645619, -0.11748655651163353], [0.11778505662061159, -0.45921380713239895, 0.6786575116247886, 0.42060173887441354, -0.33969841361399017, -0.5461142803622014, 0.1477679085534923, -0.4868897379498556, 0.06356565982464608, -0.15914162381644656, 0.623296060088748, 0.08429840014265017, 0.19353748905183119], [-0.7879053828814575, -0.48910149259385194, -0.2763603346827246, 0.03756767161803404, -0.03499187224529121, 0.20905051378644407, -0.49664118857157935, -0.15229505752284303, 0.2673592840131523, 0.5161329354908041, 0.34227018822944966, 0.7638379115826553, -0.05928048217736695]], "inverted": true, "swapped": false, "error_lsq": 0.05603401885242588, "error_max": 0.32659851365871356, "target": "615.xyz", "model": "7.xyz", "model_rescale": 3.7474275329858107, "target_rescale": 3.8806445162922727},
{"mapping": [4, 8, 2, 1, 13, 11, 3, 7, 6, 12, 0, 10, 14], "R": [[0.7558181517812074, 0.6389243378895533, -0.14322922847811556], [0.1053411834805178, 0.09724299399658257, 0.9896701648435731], [0.6462523938067573, -0.7630986113019582, 0.006192974088376352]], "T": [-0.07047328764063411, -0.03038730119789783, -0.0015749171419920365], "aligned_model": [[-0.4862251120472946, 0.06901502829769544, -0.3278219935323985, -0.42420893190080844, -0.9018004944992549, -0.12546715124748598, 0.4185365796709133, 0.43724180095023946, 0.6712585531971467, -0.5330920160448142, 0.1505353528077396, 0.15400294579796675, -0.11933275631262097], [-0.12535192003075685, -0.11481566519868051, 0.5105689018825432, 0.6285279450756871, -0.34055996031105884, -0.598598534268694, 0.40594522810600275, -0.42151288866831244, 0.18627996352583248, -0.14996895510524777, 0.5058647747667031, -0.13402386189499005, -0.013903065972739714], [-0.6575916757068848, -0.6638627525469349, -0.5929525678648386, 0.072611417569417, -0.14579636273134847, 0.2445787445565967, -0.29246632390371813, 0.22891108149372083, 0.26267358537463303, 0.38871569122290067, 0.3111584029532274, 0.7154559354692183, -0.03179248184056407]], "inverted": true, "swapped": false, "error_lsq": 0.05344008711549927, "error_max": 0.28261098797710077, "target": "615.xyz", "model": "8.xyz", "model_rescale": 4.019505241142653, "target_rescale": 3.8806445162922727},
{"mapping": [10, 1, 9, 11, 6, 2, 9, 0, 7, 5, 8, 4, 12], "R": [[0.5996612883653497, 0.7934103033700757, -0.1044338534298791], [-0.1918828858428442, 0.0158617549701857, -0.9812896426896027], [-0.7769088089065738, 0.6084804805706345, 0.1617535390892537]], "T": [-0.13639070267738782, -0.07668479450879996, 0.006297942728788577], "aligned_model": [[-0.5033453546100546, 0.16274979891200878, 0.0319180539772122, -0.4795577844217338, -0.8272866890002513, -0.2309566727967858, 0.0319180539772122, 0.4163003079051406, 0.6960408284540024, -0.5264041804104992, 0.091470063199909, 0.2779231140515108, -0.15812773410064804], [-0.07385410850051244, -0.2761969237510997, 0.4853918042523204, 0.4375604346421619, -0.23694154071248857, -0.6576228582159871, 0.4853918042523204, -0.3711922788818739, 0.19939885368403792, -0.05601161361642058, 0.5246859289090967, -0.06214614215022314, -0.06001139800504308], [-0.8324606809881223, -0.5655544619742123, -0.34453267308025964, 0.07727485654964715, -0.15194980400417885, 0.0657992506823087, -0.34453267308025964, 0.1807802241805079, 0.23084093472470563, 0.5521796386302654, 0.21262209491594608, 0.7244395444329719, 0.03473644305610485]], "inverted": true, "swapped": false, "error_lsq": 0.05782299519691572, "error_max": 0.34484248313742877, "target": "615.xyz", "model": "9.xyz", "model_rescale": 3.877068213659057, "target_rescale": 3.8806445162922727},
{"mapping": [1, 5, 7, 8, 0, 12, 4, 6, 13, 11, 9, 10, 15], "R": [[-0.13833199268108004, 0.44319158414721327, -0.8856892680517054], [0.9825032256093853, -0.05119584810102579, -0.17907092674236824], [-0.12470634092954352, -0.8949638008759353, -0.4283551373027575]], "T": [0.07316042366496578, 0.06097704363279947, 0.028257273086402912], "aligned_model": [[-0.419310708423662, -0.13008747331832676, -0.15615806037551955, -0.5596094521053409, -0.6352697484211521, -0.15531739633749286, 0.3344088448605655, 0.417666124741648, 0.8194799003755907, -0.5007393798486961, -0.07055167510896673, 0.04339517139038537, -0.00526434229200877], [0.08098905242244908, -0.40582061062634195, 0.6470098228174221, 0.5005674072758101, -0.2754235625048536, -0.6476919682490786, 0.27621663998905666, -0.386663860697845, 0.20842261866335574, -0.1417548706302132, 0.5363198829076589, -0.0725522957982718, 0.018833706337139988], [-0.685870386206376, -0.564857964108328, -0.49161307999725723, 0.06931250805022271, -0.10859066844741513, 0.08974981799078105, -0.557841573805632, 0.27572043765954607, 0.16575468051635772, 0.4456228954487857, 0.4630460973629245, 0.7243138259095271, 0.014896103672288316]], "inverted": true, "swapped": false, "error_lsq": 0.037788321325556436, "error_max": 0.299938106166016, "target": "615.xyz", "model": "10.xyz", "model_rescale": 4.260839863003843, "target_rescale": 3.8806445162922727},
{"mapping": [7, 5, 4, 1, 2, 6, 8, 11, 9, 3, 10, 12], "R": [[0.2736591955372278, -0.2606556562142526, 0.9258343661700158], [0.6228271091731563, 0.7815338419020312, 0.035933912128519374], [-0.732937266603989, 0.5668010963692364, 0.3762173313095838]], "T": [-0.028032701889546714, 0.023281082182470568, -0.0973860661758319], "aligned_model": [[0.32512657746893653, 0.20474289478416974, -0.25561870340068904, -0.5025080973839153, -0.7155598129686614, -0.37299146549149936, 0.3572672050058052, 0.6166333321058804, 0.3426942554412057, -0.26191949965921013, 0.21569527201728958, 0.005336691174818345], [-0.04408840872596587, -0.5484726829705713, -0.6929239911173387, -0.31085968132628466, 0.37397734805591715, 0.42733404318369084, 0.6271657953493294, 0.09081778095270068, -0.36627109806779207, 0.09490237989113759, 0.5097549927612931, 0.011742027546817862], [-0.7927780975168524, -0.24909784232845059, 0.13313427647249731, -0.5083485913312698, 0.09485623371696889, -0.3072301529487387, -0.3644665701795456, 0.13727947446063382, 0.40828535572755187, 0.6062129151008487, 0.39104425989295666, -0.03271318367109549]], "inverted": false, "swapped": true, "error_lsq": 0.04468875221421372, "error_max": 0.21935799572625234, "target": "615.xyz", "model": "11.xyz", "model_rescale": 3.890672605050136, "target_rescale": 3.8806445162922727},
{"mapping": [2, 4, 1, 11, 10, 12, 0, 7, 8, 9, 6, 5, 13], "R": [[-0.32353040284765344, 0.9434008374788136, 0.07295846953924212], [0.3193948383742278, 0.036302342406421106, 0.9469261202204258], [0.8906823315038512, 0.3296619477283971, -0.31306226947171967]], "T": [-0.04606479038235439, 0.13324214247548483, 0.0037900103076184914], "aligned_model": [[-0.4951737832712618, -0.014339114440636812, -0.023285416473272043, -0.5764040517215308, -0.7013689411956865, -0.2144157416172135, 0.3265012347803196, 0.41120423169630416, 0.6251467577026706, -0.44468043311321337, -0.038223707533636596, 0.1280377762168033, -0.0003570058926228442], [0.042508724180947505, -0.23804610607990628, 0.7504506918317828, 0.2648029900906107, -0.4319305315144788, -0.5706503418527712, 0.3431311822262706, -0.5688370231126506, 0.2631629269724848, 0.10102957871394636, 0.6554821263714459, -0.24697787688561101, -0.02567437903578243], [-0.5399311433893736, -0.5896706554452625, -0.46931991044657884, -0.06097244140831524, -0.22136953966620362, 0.18078005090196045, -0.40343927109807154, 0.1617585418912737, 0.23135690884763319, 0.671538717627651, 0.24722842260457564, 0.6596049346694338, -0.027921921043298138]], "inverted": true, "swapped": false, "error_lsq": 0.050538168033002706, "error_max": 0.27841663126479294, "target": "615.xyz", "model": "12.xyz", "model_rescale": 4.124412569039231, "target_rescale": 3.8806445162922727},
{"mapping": [6, 1, 3, 9, 8, 2, 0, 4, 5, 11, 7, 10, 12], "R": [[0.23024786373213169, -0.7536480655157229, 0.6156301768035729], [-0.5426236145472703, -0.624578528651307, -0.5616593936572452], [0.8078029055298362, -0.2047345962268647, -0.5527551093616208]], "T": [-0.022069987921661302, 0.14575857838264078, -0.07812977765714733], "aligned_model": [[-0.49019210023145227, -0.11381990100508375, -0.04478148647190968, -0.5389746725106646, -0.6412264181341364, -0.15422243325077656, 0.44658933696744557, 0.5243750771522705, 0.6414703148663086, -0.6342405386696551, 0.03994768263773875, -0.031622427401795064, -0.020660628811266353], [0.13581752075200734, -0.4639089969896572, 0.650073921563006, 0.5063252830976708, -0.2167067620329095, -0.6679959296692146, 0.18028896881154655, -0.40097171642338864, 0.35158116730595357, -0.30785806676278876, 0.5748716880120999, -0.07343705229992623, 0.07037193654188892], [-0.5560164568227038, -0.6098737949225799, -0.5820182556286124, 0.028839706315056654, -0.0654683076624727, 0.17233947288618578, -0.41861984025125487, 0.06595364035889446, 0.22369336184207467, 0.5622076469717728, 0.3747426350581401, 0.6264777007924937, 0.017385185108429957]], "inverted": false, "swapped": false, "error_lsq": 0.03776437952041066, "error_max": 0.23285061976493757, "target": "615.xyz", "model": "13.xyz", "model_rescale": 3.9028299243045295, "target_rescale": 3.8806445162922727},
{"mapping": [14, 11, 13, 10, 9, 6, 5, 2, 0, 7, 4, 3, 15], "R": [[0.462386940768807, -0.3319563881742218, -0.8221941822688782], [0.6014810248879519, -0.5638726854293052, 0.5659224075140363], [-0.6514743998855236, -0.7562093301309298, -0.0610618974216145]], "T": [0.08218048581018855, -0.019799820658531184, -0.07016538287756716], "aligned_model": [[-0.5997846333757418, -0.23250382802417668, -0.05377286469140402, -0.4659631740013548, -0.6242777545081092, -0.13330711140052967, 0.24568327788570232, 0.6986427498225614, 0.6623636622521042, -0.6701619987457227, 0.04994586040258328, 0.1299453666910324, -0.024167747169921275], [0.10150903710384208, -0.4109747385726438, 0.5065141957699452, 0.48378771725630726, -0.33859680556265154, -0.5843635303353469, 0.4442810385413883, -0.40920543808775045, 0.2103744009631639, 0.04923151691356499, 0.48197847129438137, -0.14547702844035448, -0.05060687493755731], [-0.6208543967729424, -0.6122102652991321, -0.6508215585904848, -0.03423876441364293, -0.05873325420095807, 0.21133270843663757, -0.21157834820581606, 0.03224219359552609, 0.47538362382975385, 0.429678008798682, 0.38430436147551694, 0.5386147094683919, -0.04347632407610711]], "inverted": false, "swapped": false, "error_lsq": 0.047335467836168425, "error_max": 0.24482645472507797, "target": "615.xyz", "model": "14.xyz", "model_rescale": 3.942246331269136, "target_rescale": 3.8806445162922727},
{"mapping": [12, 4, 1, 0, 13, 11, 5, 10, 9, 8, 7, 6, 14], "R": [[0.8054682737441986, 0.3454593077824746, -0.4815378766597642], [-0.5259738238557841, 0.04230253842328324, -0.8494480748471158], [-0.2730794694041744, 0.9374797928005703, 0.21577590569971994]], "T": [-0.0203718428408129, 0.003589043272803554, -0.0765354383016185], "aligned_model": [[-0.6463440350768886, 0.08280814788858717, -0.22270477138033762, -0.36348989962957906, -0.6030767956609601, -0.22658724695917348, 0.31591249501078905, 0.5168769348978454, 0.6532209000570268, -0.5575483580112987, 0.05588596967574918, 0.04425684656680639, -0.06656838224154304], [0.07352670993392461, -0.48573585197958996, 0.5203288619831786, 0.6257868173847696, -0.505020935439442, -0.5889317368835782, 0.4482820008981608, -0.4595136988617386, 0.17233249167536757, 0.06556567701747594, 0.49092989395365133, -0.10806186649938601, 0.08896359872349487], [-0.5974421434724272, -0.3824423086427726, -0.6670291144476096, 0.1128250957699596, -0.3269364646943141, 0.27060337664670137, -0.37975248225402575, 0.00027678135741183996, 0.33084739328181667, 0.47703588926761437, 0.6217933878375403, 0.4676580899499739, -0.08779480655444395]], "inverted": false, "swapped": false, "error_lsq": 0.05270285537908292, "error_max": 0.2784428243723344, "target": "615.xyz", "model": "15.xyz", "model_rescale": 4.355366556412066, "target_rescale": 3.8806445162922727},
{"mapping": [9, 3, 4, 7, 5, 11, 1, 8, 0, 10, 6, 12], "R": [[0.35753856569213693, -0.7811213710227018, 0.5118745723069514], [-0.8796350459270639, -0.09756141740189445, 0.4655362024713285], [-0.31370106792885144, -0.6167099590294843, -0.7219837023189306]], "T": [-0.02927466564709391, 0.084528805943432, -0.034229735011890215], "aligned_model": [[-0.2016055065565129, 0.5389238103620344, 0.0007005163722364205, -0.6841777341349039, -0.49867130812370297, -0.3839744245422777, 0.004681846742663531, -0.24175193923158353, 0.5983737879100496, 0.2116321877201705, 0.27996109304009476, -0.026283774926487445], [-0.6186673674850868, -0.35946119242514474, -0.47763200020533664, 0.4990971852775961, -0.19696381115406214, -0.19293397635732762, 0.29813835668815414, 0.5723991304559066, -0.05086161349708222, -0.046009021268777886, 0.5647953739822061, 0.020875363729935162], [0.1096806117536624, 0.15260587219289032, -0.58282926105251, -0.14407158448808668, -0.35754383607795387, 0.4877146130828074, -0.7116402921682189, 0.5146789234543964, -0.6288663269984683, 0.6436700643903853, -0.03690439510489298, 0.00276407222540994]], "inverted": true, "swapped": true, "error_lsq": 0.04249344845998091, "error_max": 0.22718384306262995, "target": "615.xyz", "model": "16.xyz", "model_rescale": 3.795458400668931, "target_rescale": 3.8806445162922727},
{"mapping": [11, 8, 4, 10, 9, 6, 7, 3, 0, 5, 2, 1, 12], "R": [[-0.2574471053983392, 0.8789509026620066, 0.40145522618551166], [-0.9561494286472847, -0.29175719429981845, 0.025612685758608505], [0.13963974369601118, -0.3772572733347124, 0.9155204485409218]], "T": [-0.008517559275292158, 0.06623925049648033, -0.07745853673341518], "aligned_model": [[-0.3931585319918287, -0.11868077198115891, 0.02110906040001327, -0.6410520336519971, -0.8030973691738335, 0.009133736509788784, 0.4903949198824288, 0.5752887047938577, 0.47325407737096836, -0.4550925581516878, -0.13125041082245584, 0.0732795384645619, -0.11748655651163353], [0.11778505662061159, -0.45921380713239895, 0.6786575116247886, 0.42060173887441354, -0.33969841361399017, -0.5461142803622014, 0.1477679085534923, -0.4868897379498556, 0.06356565982464608, -0.15914162381644656, 0.623296060088748, 0.08429840014265017, 0.19353748905183119], [-0.7879053828814575, -0.48910149259385194, -0.2763603346827246, 0.03756767161803404, -0.03499187224529121, 0.20905051378644407, -0.49664118857157935, -0.15229505752284303, 0.2673592840131523, 0.5161329354908041, 0.34227018822944966, 0.7638379115826553, -0.05928048217736695]], "inverted": true, "swapped": false, "error_lsq": 0.05603401885242588, "error_max": 0.32659851365871356, "target": "615.xyz", "model": "17.xyz", "model_rescale": 3.7474275329858107, "target_rescale": 3.8806445162922727},
{"mapping": [5, 12, 4, 8, 10, 11, 9, 7, 2, 3, 0, 1, 13], "R": [[0.82545862529584, 0.5316401798992054, 0.18967545186829718], [0.5523507533154359, -0.8300142766978684, -0.07736243138361756], [0.11630435605157965, 0.16862686498436433, -0.9787942976790233]], "T": [-0.04653832863561037, 0.011995263812340796, -0.0025963814062825996], "aligned_model": [[-0.395712287783079, 0.026358426331970643, -0.17035101279301193, -0.6336682611977486, -0.6502988851121403, -0.1989430108434988, 0.34656952154245374, 0.46918968830438834, 0.5642862004854465, -0.5232914483607624, 0.027723873937473047, 0.1038915090151264, 0.01688749161040589], [0.07014005873460669, -0.45642153179383455, 0.7331871655140354, 0.4227963621768328, -0.2677413675573271, -0.6469458788456285, 0.12638179562331686, -0.5370294391292627, 0.26552910088003956, -0.08752298999905021, 0.7212349017527814, -0.09306775757543047, 0.08791154212520914], [-0.6334027429365252, -0.580963645368152, -0.39474237741062584, 0.05550139041679161, -0.18606293960302295, 0.2509899848671758, -0.5318468942305145, 0.0013747820652307285, 0.2551762158484512, 0.4700469950414369, 0.43398883596138804, 0.6643751639319891, 0.035207925461801695]], "inverted": false, "swapped": false, "error_lsq": 0.039295203103412606, "error_max": 0.2395686399838365, "target": "615.xyz", "model": "18.xyz", "model_rescale": 3.922800546911778, "target_rescale": 3.8806445162922727},
{"mapping": [5, 12, 0, 1, 8, 13, 3, 11, 9, 6, 2, 10, 14], "R": [[-0.7606609450931594, -0.5988932345167659, -0.250443247583216], [-0.018701472723357815, -0.36542456262581147, 0.9306530738936569], [-0.6488799438478273, 0.7125951043052294, 0.26676400767768527]], "T": [-0.12579922047729789, -0.05309889571341858, -0.005389785518284949], "aligned_model": [[-0.5184307729511599, 0.008541391170044765, -0.10007712518733725, -0.6010682252425514, -0.6534697037450761, -0.020376361247178787, 0.26482608468029567, 0.3596089458336925, 0.5877303785680904, -0.5822980118678491, 0.16095268105911428, 0.11111744256706846, -0.03441491850012965], [0.13254309549272583, -0.3443082921046226, 0.6434259582150761, 0.49457117001657186, -0.35184767396922334, -0.7304390994721142, 0.2110869706182838, -0.443081770250469, 0.2589946680540534, -0.043888198611949286, 0.5371520562228111, 0.04298553439752571, -0.06874245670238081], [-0.6330132676225623, -0.7235567104613667, -0.46651247781466476, 0.14347221819185998, -0.08726580520801036, -0.04909351469624679, -0.4375551966587534, 0.34034983097832955, 0.23170999233068337, 0.5116129112164446, 0.28184900624113746, 0.7596193152939104, -0.03197360774533641]], "inverted": true, "swapped": false, "error_lsq": 0.04642372390583898, "error_max": 0.3578549014563002, "target": "615.xyz", "model": "19.xyz", "model_rescale": 3.9282355846067225, "target_rescale": 3.8806445162922727},
{"mapping": [9, 8, 12, 10, 11, 4, 7, 6, 5, 0, 2, 1, 13], "R": [[0.4802867054857426, 0.3152183480021289, -0.8185121096333643], [0.8143632932318008, -0.5068746853977548, 0.2826490402240617], [-0.32578690454084813, -0.8023187934890569, -0.5001474247099114]], "T": [0.012102725258549954, -0.04405116004729419, -0.05302839919671835], "aligned_model": [[-0.37403054719951984, -0.04527647606157735, -0.21602161310431672, -0.5580417729252096, -0.6862769420879137, -0.2190354609569814, 0.37584164904623246, 0.5991700751554461, 0.5596252252102779, -0.511969011638111, 0.16069717014774904, -0.04503181641415925, -0.057008674034893334], [-0.0003899460195212895, -0.5735795292805509, 0.5460015787698345, 0.5800189462474274, -0.20394712942809634, -0.6262551577073533, 0.3885762352032203, -0.32704719281066613, 0.03873645547631645, -0.25947044238087286, 0.646568802183899, 0.1201429297079085, 0.00909641194474365], [-0.6252343232557304, -0.596101978522041, -0.6209996985847026, 0.11342310308412382, -0.06092083473785329, 0.030526905371288056, -0.3149927261195959, -0.09895471172333029, 0.372477740607535, 0.5118966715709379, 0.37085834166189086, 0.6758589318386911, 0.08180527285421174]], "inverted": false, "swapped": false, "error_lsq": 0.046958846473780715, "error_max": 0.26884794001221407, "target": "615.xyz", "model": "20.xyz", "model_rescale": 4.067790424073018, "target_rescale": 3.8806445162922727},
{"mapping": [2, 0, 4, 6, 3, 12, 8, 9, 1, 11, 13, 10, 14], "R": [[0.17386076504571768, 0.9686371023097752, -0.17752351508079206], [-0.9461737741016162, 0.21428397632164364, 0.24256456190896775], [0.27299747907264993, 0.1257956339493057, 0.9537545988876126]], "T": [-0.0533092202669469, 0.090279631059105, -0.061323289705270165], "aligned_model": [[-0.5004489326774517, -0.017220781981621427, -0.15691878420513072, -0.6765762169505896, -0.7694214674388924, -0.17120450872089724, 0.3488704006006964, 0.4420143037369338, 0.7217358035079495, -0.45217706014702214, 0.02617265156012237, 0.2194859987254711, -0.03166960087254407], [0.08787181086780887, -0.33602155613171625, 0.6785384991354092, 0.4887974110575869, -0.35950037751515307, -0.6097106592564536, 0.2811587360002058, -0.4058162145076647, 0.17877197158500613, -0.05934502949088502, 0.4179795810785588, -0.08235233779731588, 0.0580801268809013], [-0.6561192307861669, -0.628265043276818, -0.5958221738260918, -0.07801857542924927, -0.15420068193883152, 0.22699625753699954, -0.41767229921799004, 0.27422613742679824, 0.19319472158044865, 0.42503990919432894, 0.5522065627756917, 0.6917157487099392, 0.006361361296365928]], "inverted": false, "swapped": false, "error_lsq": 0.040217731027257515, "error_max": 0.2780567217983989, "target": "615.xyz", "model": "21.xyz", "model_rescale": 4.186013935880536, "target_rescale": 3.8806445162922727},
{"mapping": [1, 7, 0, 2, 9, 10, 6, 4, 3, 8, 5, 11, 12], "R": [[0.1102347374563844, -0.8587824854615875, 0.5003408291578257], [0.6620052152541911, -0.312048285905873, -0.6814506308159518], [0.7413483645589125, 0.40634776968457087, 0.5341199232739788]], "T": [-0.11449242529471441, 0.01689801823943019, -0.004866169708694926], "aligned_model": [[-0.520159117258825, 0.02144853683775365, -0.09006091896080164, -0.5712184614036008, -0.5959404289556162, -0.0977268322743554, 0.36502034176864867, 0.44792365293163644, 0.6929011326861048, -0.6528834479183385, 0.039157087298068396, 0.016697998434406544, -0.07251773804805718], [0.09167055019713968, -0.37283821633375175, 0.5469944407418798, 0.5857925602240931, -0.3704389965460508, -0.8104196156365508, 0.12859493672926223, -0.44169403727359297, 0.34196863961954777, 0.0607440686824317, 0.7201027580746242, -0.15790044942212736, 0.01587532284938377], [-0.6089910238803096, -0.6114545492182845, -0.4949573095538587, 0.12726834851162572, 0.055371833132838014, -0.11240165318456626, -0.26456629223524925, 0.026719117076408547, 0.30300293946467804, 0.5390830570785614, 0.27874218219260816, 0.5877555875166068, 0.014070457144366284]], "inverted": false, "swapped": false, "error_lsq": 0.04909317198835063, "error_max": 0.3415621678546115, "target": "615.xyz", "model": "22.xyz", "model_rescale": 4.166573947596378, "target_rescale": 3.8806445162922727},
{"mapping": [4, 3, 8, 7, 1, 6, 9, 12, 14, 5, 10, 13, 15], "R": [[-0.8068640785491462, 0.05798005730075212, -0.587884913654398], [0.5586130749343625, 0.39858799451962723, -0.7273781981453652], [0.19215043913406457, -0.9152955389273038, -0.3539947530124747]], "T": [-0.020658895021241172, -0.03931040310014777, -0.1366791567882567], "aligned_model": [[-0.5219795973143706, 0.05412007132116996, -0.22547439663599678, -0.42247848412057387, -0.6407194528088063, -0.19236749907281558, 0.4312752320689208, 0.4395858221470524, 0.5728086806085729, -0.5205679910588942, 0.09002920634451707, -0.002988663097883801, -0.07860112324386845], [0.0007869723309498755, -0.13621631397414713, 0.595079048687421, 0.43787860019527924, -0.37995234720914167, -0.7123310250205146, 0.2694634484599836, -0.44873519733388423, 0.12394032535989069, -0.05894810896728928, 0.5338373834598934, 0.17963306416953292, -0.06598388825168554], [-0.6723313455268587, -0.7252740961536113, -0.5945871977529793, 0.21292250310507999, -0.049575589370152245, 0.17423406218360726, -0.38338428370310085, 0.08676545248786119, 0.36043571882258585, 0.5272238763486901, 0.33256597326793, 0.6809788768293733, -0.11033125649300068]], "inverted": true, "swapped": false, "error_lsq": 0.044184116625647474, "error_max": 0.2781165158769438, "target": "615.xyz", "model": "23.xyz", "model_rescale": 4.274766983524099, "target_rescale": 3.8806445162922727},
{"mapping": [2, 3, 10, 6, 11, 7, 1, 5, 4, 9, 12], "R": [[0.9276090898520467, 0.04920649081630257, 0.3702973098543962], [0.36036421940806446, -0.3789497622559328, -0.8523700528858276], [0.09838193835391706, 0.924108109989149, -0.3692495027187023]], "T": [-0.14615726698938247, 0.025491986773156755, 0.016391626368906436], "aligned_model": [[0.13305394888619332, 0.3060321270644706, -0.3442893603241156, -0.3066854229139997, -0.44475689024307724, -0.6664537207790706, 0.13052005966141744, 7.665602755885237e-05, 0.5557559145169324, 0.14186145688933738, -0.12522006482757186], [-0.19175229951360231, 0.4570076964084705, 0.6100535518850234, -0.3050770179297433, 0.6015286081507829, -0.32844555565227596, -0.6180837004654112, -0.016584639161378298, 0.0018361327979619646, 0.60933425704347, 0.09576949768018594], [-0.6959878499212836, -0.38882820921808015, -0.3755979456186762, -0.4209237391493571, 0.2492939510781713, 0.4820632041902028, 0.1385682999308297, 0.6336018877109447, 0.369439795432712, 0.3643375749013197, 0.023599464684794128]], "inverted": true, "swapped": true, "error_lsq": 0.057231458867977196, "error_max": 0.2946594235864309, "target": "615.xyz", "model": "24.xyz", "model_rescale": 3.7841303162186577, "target_rescale": 3.8806445162922727},
{"mapping": [12, 2, 14, 13, 5, 4, 9, 1, 7, 3, 11, 6, 15], "R": [[0.08377204114159612, 0.24528435847963545, -0.9658249471867065], [0.23592457793416957, 0.9367935377264647, 0.2583746527825801], [0.9681538300546845, -0.24950641506616325, 0.02060849803544122]], "T": [0.15016765761094028, 0.06142874404951066, -0.04476728057994539], "aligned_model": [[-0.4815424874527119, -0.079631838567988, -0.09249289604344593, -0.4542619382294071, -0.5965729035105737, -0.12560734440639107, 0.10404639214220276, 0.5440613773816974, 0.5752755043388785, -0.5328408997776012, -0.01279826007342591, 0.011223985517464674, 0.12378311381832546], [0.15044050912009005, -0.4533223448758486, 0.6392260590875987, 0.5515821528160257, -0.36791864543701386, -0.5916030133404142, 0.1741619675007353, -0.555916421156263, 0.31651082801583413, -0.044916233183058894, 0.591061959308363, -0.11882670431506748, 0.04797184836530789], [-0.4548783688606882, -0.5457827852634725, -0.531146845061724, 0.03532327328179606, -0.21023056641917998, 0.18804598141541884, -0.6168728282964329, 0.08472819550094302, 0.37597255493600923, 0.3689862015619923, 0.4866067271872285, 0.6409652340079912, 0.017925920055543415]], "inverted": false, "swapped": false, "error_lsq": 0.04394109751445895, "error_max": 0.3314401426603523, "target": "615.xyz", "model": "25.xyz", "model_rescale": 4.19342608120988, "target_rescale": 3.8806445162922727},
{"mapping": [9, 3, 4, 7, 5, 11, 1, 8, 0, 10, 6, 12], "R": [[0.35753856569213693, -0.7811213710227018, 0.5118745723069514], [-0.8796350459270639, -0.09756141740189445, 0.4655362024713285], [-0.31370106792885144, -0.6167099590294843, -0.7219837023189306]], "T": [-0.02927466564709391, 0.084528805943432, -0.034229735011890215], "aligned_model": [[-0.2016055065565129, 0.5389238103620344, 0.0007005163722364205, -0.6841777341349039, -0.49867130812370297, -0.3839744245422777, 0.004681846742663531, -0.24175193923158353, 0.5983737879100496, 0.2116321877201705, 0.27996109304009476, -0.026283774926487445], [-0.6186673674850868, -0.35946119242514474, -0.47763200020533664, 0.4990971852775961, -0.19696381115406214, -0.19293397635732762, 0.29813835668815414, 0.5723991304559066, -0.05086161349708222, -0.046009021268777886, 0.5647953739822061, 0.020875363729935162], [0.1096806117536624, 0.15260587219289032, -0.58282926105251, -0.14407158448808668, -0.35754383607795387, 0.4877146130828074, -0.7116402921682189, 0.5146789234543964, -0.6288663269984683, 0.6436700643903853, -0.03690439510489298, 0.00276407222540994]], "inverted": true, "swapped": true, "error_lsq": 0.04249344845998091, "error_max": 0.22718384306262995, "target": "615.xyz", "model": "26.xyz", "model_rescale": 3.795458400668931, "target_rescale": 3.8806445162922727},
{"mapping": [10, 4, 7, 5, 11, 9, 3, 2, 0, 8, 6, 1, 12], "R": [[-0.4100845594951575, 0.5819931607081524, 0.7022212008709203], [0.7556200217519581, 0.6479720135198896, -0.09576352344473615], [-0.5107534011548365, 0.4913412567492321, -0.7054890024832792]], "T": [-0.11478855074614772, -0.08810056315998954, 0.04397856603899179], "aligned_model": [[-0.45146220420220373, -0.29502660426069527, 0.027491742309201928, -0.4972507796333355, -0.7059875820551578, 0.08219708006171628, 0.4027184158174437, 0.6794498434515415, 0.6307359295481527, -0.6578096277756293, -0.1874114669053704, 0.04470480369587501, -0.08970774491451491], [0.16298313080707882, -0.43169690772274616, 0.5813287955256667, 0.5604220434412013, -0.4483990507134936, -0.468126468240004, -0.015052393549406531, -0.4148354307405968, 0.27757771229230327, 0.03785607373471106, 0.5336813911215199, -0.103226104183446, 0.0659391701335002], [-0.531603103406479, -0.6965070710296714, -0.3940040255867612, 0.0452195664724593, -0.13558562019890996, 0.01004830169059559, -0.4774876968415042, 0.23701901099434713, 0.08576181910842577, 0.5130358606524439, 0.5818447883045877, 0.6137910426037018, -0.011890178717810777]], "inverted": true, "swapped": false, "error_lsq": 0.060492837954272856, "error_max": 0.3290403087855556, "target": "615.xyz", "model": "27.xyz", "model_rescale": 3.6321398670334006, "target_rescale": 3.8806445162922727},
{"mapping": [5, 3, 0, 11, 1, 4, 8, 7, 12, 13, 9, 6, 14], "R": [[-0.5277855748342322, -0.7033510088483235, -0.4761719703520411], [0.35378551578299844, -0.6917076452504742, 0.6295842614965863], [-0.7721905178251396, 0.1638227452281577, 0.6139087166076509]], "T": [-0.049269945575874594, 0.12888342575804487, -0.05134290205895918], "aligned_model": [[-0.635932539215284, 0.03061462627451396, -0.21927262450688606, -0.49954239506930886, -0.50519471332242, -0.09485686431102273, 0.42505164194099465, 0.5198664389437094, 0.6614985995751023, -0.5915896322496087, 0.004074334314427344, -0.007858565893682792, -0.10421650134351065], [-0.06444518107257127, -0.2228341505271383, 0.4143610154262394, 0.5810844035122711, -0.35469781412263424, -0.6561355570526153, 0.2438235043085771, -0.3826702451661974, 0.048303335424018864, 0.1891538915483499, 0.5677848889071893, -0.1328995889039011, 0.10762345962470088], [-0.676179178673895, -0.6357000545561365, -0.5795600251942887, 0.0214227035800907, -0.12583442330150296, 0.20968254081238696, -0.22115876042571336, -0.17497138414850366, 0.36317447408548353, 0.5558919456841297, 0.4497479626240387, 0.6791789579891074, -0.02605206442977246]], "inverted": true, "swapped": false, "error_lsq": 0.052335935648745766, "error_max": 0.31603424514542794, "target": "615.xyz", "model": "28.xyz", "model_rescale": 4.156811204709835, "target_rescale": 3.8806445162922727},
