[{"mapping": [7, 8, 9, 0, 11, 5, 12, 1, 10, 13, 2, 3, 6, 14], "R": [[0.8300045002771231, -0.3851426615395459, 0.40343234845753], [0.14680228707775989, 0.8486591092990948, 0.5081602155938678], [-0.538090715426741, -0.3625504743699863, 0.7609307034846445]], "T": [-0.07655929826272562, -0.00506565435647241, 0.15832428805595056], "aligned_model": [[0.09167860053030524, 0.2062498352109543, -0.5733006814355823, -0.3581886436061738, -0.6680325081447471, -0.009755072424255384, -0.7611078980097121, 0.05477989712172959, -0.39664887323611253, 0.37772966529269364, 0.5739806270191363, 0.14677541077334424, 0.7489638692127247, -0.06163212717600104], [-0.6248766710855391, -0.3794725307479917, -0.3670040471517062, -0.40082006635465306, 0.16023395795281328, 0.2592302047399704, 0.2919088647256205, 0.5275042891554176, 0.63534063361666, 0.05223460784623421, 0.3444189189859763, 0.813912176214836, -0.1735775355339717, 0.09624052944636795], [0.39562121470972067, -0.31093994275989006, 0.240904611726443, -0.3188629703943434, 0.5325592164897739, -0.6416941992219473, -0.13526870326068358, 0.5114426716224634, 0.3636444320782979, 0.7699948286251614, 0.3024371327321904, -0.028735731574970613, 0.14423485947889902, 0.0722506669287188]], "inverted": true, "swapped": true, "error_lsq": 0.04675792220778872, "error_max": 0.28523281577754567, "target": "619.xyz", "model": "0.xyz", "model_rescale": 3.8414455957264533, "target_rescale": 4.165340084610744},
{"mapping": [11, 2, 5, 3, 9, 1, 10, 8, 12, 13, 4, 7, 0, 6, 14], "R": [[-0.21807267007684572, 0.08978609662759929, 0.971793582721112], [0.8629541195569059, 0.48280090994055674, 0.14904183607408966], [-0.45580094131684346, 0.8711152267139806, -0.1827669655099892]], "T": [0.03444231466501973, -0.045160944025240034, -0.09387989439448134], "aligned_model": [[-0.14802941989203744, 0.13376204267961259, -0.4351457681871434, -0.523435951119568, 0.6052445427490769, -0.4471598934926209, -0.5659501750987828, 0.054335388770230565, -0.325352639807542, 0.47974108812843674, 0.06729470605081747, 0.6177953666921587, 0.3956827845481451, -0.1035299244301717, -0.04082496279130788], [-0.06243132719922689, -0.24479810398149698, -0.1058866409187228, -0.5880248770852194, 0.28963942477696697, -0.588783853255241, 0.2782727751759271, 0.7274095878259609, 0.38571376044117606, 0.24978317929012664, -0.5593319950040044, -0.2777236012583535, -0.5453313325819816, 0.3710736868226943, -0.07428429355579658], [0.7383888134653878, -0.7973607566858002, -0.5522707834428178, -0.18017863591419875, -0.2600220307043998, 0.3762598048723819, -0.15133237849493536, 0.07056291152407558, 0.4230186678536049, 0.44423158765457865, -0.268138568680205, -0.23014738606588847, 0.2867147388267239, -0.7402076495664107, -0.05450139107323142]], "inverted": false, "swapped": false, "error_lsq": 0.043187047691427054, "error_max": 0.24496205374602195, "target": "619.xyz", "model": "1.xyz", "model_rescale": 4.316132596720782, "target_rescale": 4.165340084610744},
{"mapping": [10, 9, 12, 2, 3, 1, 5, 6, 0, 4, 8, 14], "R": [[-0.47512914102114845, -0.48932154718644916, -0.7313116454778807], [0.8104373972000685, -0.5670504211866607, -0.14712255113207223], [-0.3427003422409791, -0.6625845178474143, 0.6659866606297948]], "T": [0.07520013910047238, 0.013028484527957343, 0.05691676514289922], "aligned_model": [[-0.3383925262944699, 0.6238953623485102, 0.19994701486749444, -0.5678462482167934, -0.7151606083458812, -0.4903921684570667, -0.08593986438121212, -0.19224078778896672, 0.6141878447471414, 0.24601288770726507, 0.3121756168193034, -0.008437968373543617], [-0.6033759122551398, -0.27022088737384004, -0.5855577030601259, 0.35200380868499087, -0.09507261690768413, -0.2314064977931775, 0.22705738188228874, 0.7780908022593194, 0.11516273179955695, -0.2571198026022846, 0.5725681473009194, 0.010646975806157043], [-0.004080267420177482, 0.11413788969691743, -0.46186092131342915, 0.2510745534533588, -0.2883926192304128, 0.27123009379635765, -0.7446880103462641, 0.2876509558176712, -0.3464505254223077, 0.6278744859459396, -0.20978235771359333, -0.04745481605463942]], "inverted": true, "swapped": true, "error_lsq": 0.059860478524893235, "error_max": 0.29727495016496847, "target": "619.xyz", "model": "2.xyz", "model_rescale": 3.795458400668931, "target_rescale": 4.165340084610744},
{"mapping": [12, 10, 3, 6, 0, 8, 2, 9, 13, 7, 5, 14], "R": [[-0.5419796635867458, -0.8198530803404473, -0.18465906670044102], [0.5282857055451919, -0.16148514378948287, -0.8335686904220364], [0.6535841625797069, -0.5493300237485387, 0.5206383268963333]], "T": [0.14830081729725675, -0.05572570049826251, 0.011414028316776771], "aligned_model": [[-0.09867262178664199, -0.24950260443006067, -0.6939889719167234, 0.11626040334700458, 0.33707256235168787, 0.20433811421632375, -0.22653973136752825, 0.6035262840672688, 0.27798838376672685, 0.7583285512292818, -0.4540489722765667, 0.018542428542791978], [-0.05922574958121699, -0.5942873136291176, -0.253770478651111, 0.17350006530273354, 0.4995434302894828, 0.5752026760478266, -0.24155284143577163, -0.03355783509201166, -0.5347686283012612, 0.06727068672167866, 0.5156018551299069, -0.028186821511428865], [-0.7514682463451388, -0.31483394140480897, 0.09460481509086188, 0.8216684490397688, -0.33454224502602464, 0.2093019723949628, 0.6367723337373061, -0.40912047911460875, 0.5923629426647977, 0.2969268494175792, -0.14702915043236284, -0.005871869383232198]], "inverted": true, "swapped": true, "error_lsq": 0.04406688323725879, "error_max": 0.21962669992059364, "target": "619.xyz", "model": "3.xyz", "model_rescale": 3.7530521520055578, "target_rescale": 4.165340084610744},
{"mapping": [2, 7, 4, 9, 1, 0, 3, 8, 5, 12, 14], "R": [[0.9289585554287223, -0.32381330760173155, -0.1793904794458393], [0.2125751797113049, 0.06989228357116434, 0.9746419145860261], [-0.30306401182998965, -0.9435359084408153, 0.13376170683823357]], "T": [-0.034320100956549145, -0.07941838250290831, -0.07247384735385774], "aligned_model": [[-0.41493377487224953, -0.19199868963855785, 0.37919611588561986, 0.33444601833991155, 0.1630693699373068, -0.1409393591132245, -0.12725671841920083, -0.5966748930960256, -0.4438298543815784, 0.44514261062916716, -0.06802122282596376], [-0.7239502249410635, 0.049526148651594964, -0.24005055982984164, 0.35248995506308256, -0.6752218659082373, 0.5924833291152718, -0.5677871117182768, 0.26887594170057927, 0.21104190137329568, 0.2948515985832909, -0.09505575377535005], [0.0038288963873227277, -0.7261482992065621, -0.553463923224829, -0.3215474288377512, 0.10537138798136327, -0.04375545400407882, 0.6405852663464021, -0.1255641936888811, 0.6074373755658311, 0.45005364896232447, 0.05603350096417477]], "inverted": false, "swapped": true, "error_lsq": 0.047384840986753225, "error_max": 0.2642840343716546, "target": "619.xyz", "model": "4.xyz", "model_rescale": 3.7855080009869324, "target_rescale": 4.165340084610744},
{"mapping": [9, 4, 11, 6, 0, 8, 12, 2, 14, 3, 7, 5, 10, 1, 16], "R": [[0.24984893240995537, -0.12126983448758866, 0.9606607820750039], [-0.20888374205014304, 0.9620152886223732, 0.17576736546908034], [-0.9454856388548347, -0.24458170761560405, 0.215027195998786]], "T": [-0.1196891572061623, -0.09117163435076636, -0.001034252308523366], "aligned_model": [[0.1216519440102812, 0.16677999701841045, -0.6927435036754912, -0.3558823207205538, 0.4502179827968457, -0.40254389726952017, -0.6085904299131102, 0.11250578815229931, -0.4015273900994461, 0.45415493119169553, 0.21584462721004521, 0.6654144520638794, 0.24000833151576678, -0.0736564928236096, -0.1272068346581884], [0.14441226424389297, -0.2522556553237528, -0.01612134378879332, -0.507202805619231, 0.23754282059366644, -0.6728830871187891, 0.35644554474388696, 0.5913523547342044, 0.36091478619336764, 0.19047005522005744, -0.722604436780334, -0.2618069845388037, -0.5210063318568583, 0.38160077513580404, -0.05356156634550906], [0.6259974206041119, -0.6635960575239918, -0.5473056117806392, -0.4451152382885761, -0.42011245766486194, 0.2763010243978971, -0.1549162510446469, 0.16031071740609468, 0.4159579267213149, 0.27062274890028665, -0.2248180037454608, -0.09900947671073068, 0.4646095208714351, -0.590501114504759, 0.03659179593139117]], "inverted": true, "swapped": false, "error_lsq": 0.04080184173451937, "error_max": 0.2796322195980645, "target": "619.xyz", "model": "5.xyz", "model_rescale": 4.2253639853439635, "target_rescale": 4.165340084610744},
{"mapping": [5, 0, 11, 10, 12, 4, 1, 3, 7, 8, 9, 13, 2, 14], "R": [[-0.9172909351696198, -0.363034212784759, -0.16365665462606352], [-0.3878737363408413, 0.907586090651996, 0.16075276890934823], [0.09017374846727735, 0.2109351758308157, -0.9733319303734893]], "T": [0.0162270191750198, 0.05773301499466468, 0.0032187672276304015], "aligned_model": [[0.6017038145029285, -0.14662925725018278, -0.49088169538128357, 0.030148286921642155, -0.1512634740273972, -0.5023107087474673, 0.2098212257718624, 0.6941528166127376, -0.31287623300500794, 0.24871625853393364, -0.5570075781188785, 0.0524664331180604, 0.5751586221914937, 0.12286364163534225], [-0.1102610107274534, 0.2024515849247384, -0.43322820230718706, -0.6459615852200576, -0.5930425402576831, 0.09817869784528416, -0.28667557125643794, -0.45748264532975425, 0.6520568232568872, 0.5278726922392545, 0.04396187986167791, 0.28655223951137065, 0.17425364008092611, -0.013576855986575362], [-0.5827331208707511, -0.6419003621959397, 0.141110522688747, 0.24684557026148482, -0.4343147815690979, 0.4002484670365306, 0.5223308270738416, 0.17804429939253064, 0.08836440003140991, -0.4033373431079999, -0.23296625366839177, 0.7313197904556057, 0.49324793010439605, -0.03470173670091735]], "inverted": false, "swapped": true, "error_lsq": 0.037552318692495264, "error_max": 0.2515051725933308, "target": "619.xyz", "model": "6.xyz", "model_rescale": 3.89814844738969, "target_rescale": 4.165340084610744},
{"mapping": [7, 6, 8, 4, 0, 2, 1, 9, 10, 3, 5, 12, 14], "R": [[-0.025945104413185593, 0.3377947648921562, 0.9408621303721616], [-0.8921996732484871, -0.43234071145609543, 0.13061872864536053], [0.45089532556046974, -0.8360479687368966, 0.3125975037626305]], "T": [-0.03852713442291251, -0.011751405347894733, -0.05444868263076112], "aligned_model": [[0.25064391912643486, -0.08990612382942378, 0.46696493191813054, -0.22473922924799358, 0.6166808409125369, -0.5402972837714511, -0.688228338711267, 0.29996423149927154, -0.5776137313862135, -0.59902901541582, 0.23107406502154854, 0.06985520897123337, -0.0667376741827646], [-0.36620418104984276, 0.3562693262210006, 0.31960445884808775, -0.6260790032617223, 0.021972180548094716, 0.3720964373320639, 0.026555247052118286, -0.4876911773285657, -0.05343920977825858, 0.5957937204782102, 0.726112576765694, -0.02432359645224428, 0.10311448609584975], [-0.5638825350931621, -0.8107582797650094, -0.3284039627729169, -0.181241699997237, 0.12778619661316826, -0.46310223306615056, -0.009791462416250271, 0.15405992735051588, 0.4577833733358985, 0.21447712806837688, 0.2573471205311896, 0.7399647504134435, 0.008036707634429444]], "inverted": false, "swapped": true, "error_lsq": 0.04515894879999056, "error_max": 0.2769604665070805, "target": "619.xyz", "model": "7.xyz", "model_rescale": 3.7474275329858107, "target_rescale": 4.165340084610744},
{"mapping": [10, 8, 4, 2, 9, 1, 13, 11, 12, 7, 3, 5, 6, 4, 14], "R": [[-0.6416658836609977, -0.5604879764134294, 0.5235629112547322], [0.267190749427632, 0.47651316649081715, 0.8375824171872256], [-0.7189394947878798, 0.67733922849402, -0.15600503958934908]], "T": [-0.04755392448342897, -0.06742203245431613, 0.05265598749177513], "aligned_model": [[0.18791214243675552, 0.12472287887593167, -0.380961984107447, -0.4884478224890344, 0.47372444384859214, -0.6344874190596879, -0.6855872953741285, 0.1229959938359391, -0.4312652771178539, 0.5697276474097807, 0.23331776379215022, 0.6088820014945211, 0.5433040044849774, -0.380961984107447, -0.09844790912374543], [0.0726592201040828, -0.16808279006761004, 0.05716621056205298, -0.5665386771500426, 0.3867478557426257, -0.5122173831061192, 0.5072565212776147, 0.5128868387192074, 0.2918858186375637, 0.13254297255269326, -0.7046205372588016, -0.24180296770273516, -0.5007064778994232, 0.05716621056205298, -0.06904642548035284], [0.759901583942592, -0.5995697638838682, -0.6441529399233142, -0.462207724124172, -0.2672487099615163, 0.20254924628913784, -0.21336996275179831, 0.1963024110060238, 0.3756205131018663, 0.25967069638370943, -0.11829341199464127, -0.17473053042264702, 0.4133353402529727, -0.6441529399233142, 0.02136313557783489]], "inverted": false, "swapped": false, "error_lsq": 0.050540796810230174, "error_max": 0.4372138895756983, "target": "619.xyz", "model": "8.xyz", "model_rescale": 4.019505241142653, "target_rescale": 4.165340084610744},
{"mapping": [7, 9, 8, 6, 13, 2, 5, 4, 1, 10, 12, 3, 14], "R": [[0.8513547036295254, 0.14778327945116537, 0.5033440879980037], [0.22619912088324176, 0.7623023503242431, -0.6064066988430981], [-0.4733171519388789, 0.63012318557945, 0.6155612436432903]], "T": [-0.09918145808536796, -0.054314955462318626, -0.04801029094159118], "aligned_model": [[-0.2999810447424076, -0.7166217589799748, 0.01285743786899246, 0.5213207548512538, 0.23852263696319978, 0.6139409406337913, 0.19451066273873138, -0.4183476955729929, 0.23695906267057845, -0.07440619352146552, -0.49484798221449167, 0.5298914057182055, -0.024097454672243987], [-0.5478063956176769, -0.08582755237334869, 0.11062998996526446, -0.3942294972886021, -0.7179693394920381, -0.27618816545098246, 0.7082196029925252, -0.5807180004631354, -0.20575101489194406, 0.11962145429787624, 0.5484356339004453, 0.3328412987249262, 0.052120213810748994], [-0.478039642195771, -0.09643903096550185, -0.6809485850586325, -0.5057420618840189, 0.12322473877647847, 0.043307267748514955, -0.2639516511293499, 0.1737611186956178, 0.49018111738770276, 0.6757757429448398, 0.30289884780556076, 0.41021661468651105, -0.017540982768071946]], "inverted": true, "swapped": true, "error_lsq": 0.05924368951514621, "error_max": 0.3304733616226835, "target": "619.xyz", "model": "9.xyz", "model_rescale": 3.877068213659057, "target_rescale": 4.165340084610744},
{"mapping": [3, 8, 9, 2, 0, 13, 10, 12, 6, 5, 7, 1, 4, 11, 15], "R": [[0.028872814834848548, -0.5067447627894226, -0.8616125033615776], [0.822905652915924, 0.5013748302880929, -0.2673005161846929], [0.5674439593145124, -0.7013080813302226, 0.4314792325227165]], "T": [-0.11709292172996519, -0.06603076997877613, -0.017718476207207796], "aligned_model": [[0.0719043551779722, 0.09582629062623702, -0.49551891471474696, -0.36442608415554967, 0.44384366713954637, -0.6593987050015913, -0.6433938035488329, 0.10250482582912449, -0.4105382694890971, 0.5746835362879851, 0.309011184196606, 0.7268450964260991, 0.1783710251917909, -0.1098492607759399, -0.05543775839029916], [-0.04846986689867279, -0.19488721545758556, -0.2213723494233293, -0.6640044844390857, 0.3981296592297069, -0.38601782998856426, 0.35922657115370504, 0.6283774849641866, 0.2950326550558803, 0.13279135959719832, -0.7008067805198747, -0.22465059063106693, -0.5910204956727411, 0.4827613318319457, -0.009793059308893258], [0.5878663541284115, -0.7480501551560805, -0.5357030951186257, -0.16471882154219258, -0.33969871606397845, 0.43078036974460926, -0.23073104642195552, 0.14892251649138977, 0.38703775426443443, 0.28709381876388307, -0.3036927351377154, -0.14227763568768975, 0.29079007104904586, -0.5111047697236143, -0.05149696602105635]], "inverted": false, "swapped": false, "error_lsq": 0.0391706793147363, "error_max": 0.22873269205901373, "target": "619.xyz", "model": "10.xyz", "model_rescale": 4.260839863003843, "target_rescale": 4.165340084610744},
{"mapping": [7, 0, 12, 9, 10, 4, 13, 8, 5, 3, 2, 14], "R": [[-0.7761619284115953, 0.5593009197365542, 0.29112736399424577], [-0.14979708159076505, 0.2849340263625615, -0.9467700010919806], [-0.6124814243969224, -0.7784568593073503, -0.13737329786407954]], "T": [0.011981737574536995, 0.033007432753695116, -0.09682262980724546], "aligned_model": [[0.3485568686245039, 0.21250792028249965, -0.5190088031066173, -0.20862590154470959, -0.6409276710702998, -0.28605892309959996, 0.0530671435193904, 0.6171058535301541, 0.27625439218686354, -0.15720675473225218, 0.2541414437254671, 0.009093080778730939], [0.15103816896863032, -0.5985009630315412, -0.5292750696176142, -0.30620345644041835, 0.15573258639797705, 0.32607407104045305, 0.7823827045623121, -0.2393241573844475, -0.45129507229429583, 0.2455697305670201, 0.63217014795561, 0.004709814809248373], [-0.6812586356415851, -0.25376439768069114, 0.11503800406333312, -0.5667578955700675, 0.23989943954604806, -0.6002444421861253, -0.24017995985037424, -0.09127802068359084, 0.5434552265490513, 0.7288813448659471, 0.2884991718333134, 0.03388824215024561]], "inverted": false, "swapped": true, "error_lsq": 0.055026832096309514, "error_max": 0.34200593896964115, "target": "619.xyz", "model": "11.xyz", "model_rescale": 3.890672605050136, "target_rescale": 4.165340084610744},
{"mapping": [7, 7, 9, 13, 4, 3, 8, 1, 6, 5, 12, 0, 10, 14], "R": [[0.7363037471387937, 0.44390683822041144, -0.5106892508468618], [0.648632099058454, -0.2481035311402522, 0.7195283440607201], [0.19269974577148613, -0.8610408566478684, -0.4706117839182411]], "T": [0.09232723744804112, 0.019999637325732903, 0.10579179646543367], "aligned_model": [[0.41700269026792863, 0.41700269026792863, 0.3682795688488117, 0.5515291100200977, 0.7450881359388081, -0.32139315853628153, -0.3333339607033223, 0.27554180692492947, -0.0763186219268145, -0.7394676267457321, -0.09196417290791319, -0.20386006688988806, 0.21716492067720267, -0.015395480442061349], [-0.04879266934609146, -0.04879266934609146, 0.5458641446895847, -0.5906275178195401, 0.05266096647795773, -0.33744286775958404, -0.01230541671761914, -0.3365402405930386, -0.6967094024679737, 0.12286140370080118, 0.6630125215312255, 0.5169793997202666, 0.09631108803181387, 0.005673779726054299], [-0.4930679428118938, -0.4930679428118938, -0.07277959677171407, 0.11420311517855851, 0.07438705080254983, 0.7815615943084133, -0.40228237258882205, 0.6204616506187409, -0.30404962717059547, 0.21479384521169875, 0.5480231858585842, -0.2532743797767964, 0.8360835371832349, 0.18379831812679592]], "inverted": false, "swapped": true, "error_lsq": 0.05238750399391901, "error_max": 0.3440900603092503, "target": "619.xyz", "model": "12.xyz", "model_rescale": 4.124412569039231, "target_rescale": 4.165340084610744},
{"mapping": [8, 2, 3, 7, 5, 0, 13, 9, 1, 4, 12, 10, 14], "R": [[-0.050577264063525834, 0.9451335008916879, -0.32274541956791625], [0.15775462980125826, 0.32666245282205497, 0.9318825670075316], [0.9861822433689, -0.0037825135162521395, -0.16562087868195552]], "T": [0.04881885337231538, 0.038607405888334265, -0.014575813481653255], "aligned_model": [[-0.07567623199739336, -0.1604424178983524, 0.550514487752939, -0.5654135625230772, 0.628515430268842, 0.21795563970685133, -0.501797780741179, 0.040577947066436096, 0.11615828301609334, -0.31310675611492145, 0.7678774243068538, 0.5091407197548297, 0.15299512491183564], [-0.38072957591603707, 0.6298790128362703, 0.6629349456061397, -0.2569509349584155, -0.13602214518976752, -0.6163528825520822, 0.5654436367062228, -0.38903659518271655, 0.6794295760333564, 0.13453472513484394, -0.1409144800405745, 0.5161047746316592, 0.07916531939957792], [0.48445114250224935, 0.4010174739450703, 0.3232275964555009, -0.07894447718973621, 0.5751708137545948, 0.0632964567843699, -0.06996119776408964, -0.4636009882819131, -0.11648591727414051, -0.551192635515853, -0.3207198302253368, -0.35344740184049955, 0.058887045617622744]], "inverted": true, "swapped": true, "error_lsq": 0.03786185392245746, "error_max": 0.19668978644092094, "target": "619.xyz", "model": "13.xyz", "model_rescale": 3.9028299243045295, "target_rescale": 4.165340084610744},
{"mapping": [6, 5, 13, 12, 4, 1, 14, 7, 9, 3, 8, 0, 2, 10, 15], "R": [[-0.16332499037203202, -0.9332149210098695, -0.3200544621224938], [-0.5291845777312121, -0.1909260742275401, 0.8267471904225008], [-0.8326395559973202, 0.30439636230514155, -0.46265994467209137]], "T": [-0.013150309716136122, -0.11443507214898194, -0.030560004625980047], "aligned_model": [[-0.025592148939139296, 0.0651311394009407, -0.43375731766997566, -0.4550914119686668, 0.47264069098351985, -0.32070799540973294, -0.7804052627302966, 0.045359587950631525, -0.4337406722719783, 0.48587759129256874, 0.2592911221723322, 0.7859663002213146, 0.28252878441300916, -0.13161500297977607, -0.05145821966544709], [0.04936278572121505, -0.197871160975535, -0.11668696100519046, -0.5803094517315932, 0.24174934839948495, -0.4017408652618386, 0.26242174352695813, 0.7703862383331527, 0.4168726669014722, 0.07914760444205618, -0.7358184964136028, -0.3154917220919041, -0.7004925794984443, 0.5028482294556765, -0.019080990309098517], [0.615523368200717, -0.5295712945389546, -0.7056422408401557, -0.29868201705543596, -0.3412093826721758, 0.4644777787374691, -0.2593599835088054, 0.1546312376855086, 0.3458191789295163, 0.2891059875859642, -0.399566055792298, -0.12114298581192923, 0.30299694842714897, -0.43090990666041074, 0.01854631088270651]], "inverted": false, "swapped": false, "error_lsq": 0.04249619299971031, "error_max": 0.30097168581694417, "target": "619.xyz", "model": "14.xyz", "model_rescale": 3.942246331269136, "target_rescale": 4.165340084610744},
{"mapping": [4, 0, 7, 8, 1, 11, 9, 5, 10, 3, 12, 12, 13, 2, 14], "R": [[-0.16855139056901647, -0.9696914391672496, -0.1768868043212929], [0.58241745274639, 0.0468022029305548, -0.8115414127062488], [0.7952234525425276, -0.23980839561323886, 0.5568766415641322]], "T": [-0.11198999733463744, -0.02702052341710883, 0.019600398119531424], "aligned_model": [[0.027079426661422767, -0.027219132427650283, -0.6742916668919182, -0.391486030083052, 0.6004381532670514, -0.46257587612019835, -0.7054532342843112, 0.11960855524822414, -0.4800059261298993, 0.5057767692246893, 0.6126528553029756, 0.6126528553029756, 0.23770033279163916, -0.14331381394771006, -0.06713608311493485], [-0.036221025918602816, -0.14303571195886358, 0.024704356445571236, -0.6344574128470793, 0.1660777150510642, -0.5365724943990428, 0.5098088409007324, 0.526817349002039, 0.24305529136251317, 0.2554111566734353, -0.39728325219405136, -0.39728325219405136, -0.6606448270723265, 0.36627372895118704, -0.03135407230971532], [0.5890202985319852, -0.7015596807525593, -0.622366016379954, -0.36994205056267604, -0.3147656233470115, 0.38230875909447837, -0.06859215331016516, -0.18632502455787744, 0.5678921511737297, 0.2544290563295413, -0.057044927651995696, -0.057044927651995696, 0.38996071097571816, -0.6338415413106986, -0.06711208701165408]], "inverted": false, "swapped": false, "error_lsq": 0.05126104586638292, "error_max": 0.48434449548198366, "target": "619.xyz", "model": "15.xyz", "model_rescale": 4.355366556412066, "target_rescale": 4.165340084610744},
{"mapping": [10, 9, 12, 2, 3, 1, 5, 6, 0, 4, 8, 14], "R": [[-0.47512914102114845, -0.48932154718644916, -0.7313116454778807], [0.8104373972000685, -0.5670504211866607, -0.14712255113207223], [-0.3427003422409791, -0.6625845178474143, 0.6659866606297948]], "T": [0.07520013910047238, 0.013028484527957343, 0.05691676514289922], "aligned_model": [[-0.3383925262944699, 0.6238953623485102, 0.19994701486749444, -0.5678462482167934, -0.7151606083458812, -0.4903921684570667, -0.08593986438121212, -0.19224078778896672, 0.6141878447471414, 0.24601288770726507, 0.3121756168193034, -0.008437968373543617], [-0.6033759122551398, -0.27022088737384004, -0.5855577030601259, 0.35200380868499087, -0.09507261690768413, -0.2314064977931775, 0.22705738188228874, 0.7780908022593194, 0.11516273179955695, -0.2571198026022846, 0.5725681473009194, 0.010646975806157043], [-0.004080267420177482, 0.11413788969691743, -0.46186092131342915, 0.2510745534533588, -0.2883926192304128, 0.27123009379635765, -0.7446880103462641, 0.2876509558176712, -0.3464505254223077, 0.6278744859459396, -0.20978235771359333, -0.04745481605463942]], "inverted": true, "swapped": true, "error_lsq": 0.059860478524893235, "error_max": 0.29727495016496847, "target": "619.xyz", "model": "16.xyz", "model_rescale": 3.795458400668931, "target_rescale": 4.165340084610744},
{"mapping": [7, 6, 8, 4, 0, 2, 1, 9, 10, 3, 5, 12, 14], "R": [[-0.025945104413185593, 0.3377947648921562, 0.9408621303721616], [-0.8921996732484871, -0.43234071145609543, 0.13061872864536053], [0.45089532556046974, -0.8360479687368966, 0.3125975037626305]], "T": [-0.03852713442291251, -0.011751405347894733, -0.05444868263076112], "aligned_model": [[0.25064391912643486, -0.08990612382942378, 0.46696493191813054, -0.22473922924799358, 0.6166808409125369, -0.5402972837714511, -0.688228338711267, 0.29996423149927154, -0.5776137313862135, -0.59902901541582, 0.23107406502154854, 0.06985520897123337, -0.0667376741827646], [-0.36620418104984276, 0.3562693262210006, 0.31960445884808775, -0.6260790032617223, 0.021972180548094716, 0.3720964373320639, 0.026555247052118286, -0.4876911773285657, -0.05343920977825858, 0.5957937204782102, 0.726112576765694, -0.02432359645224428, 0.10311448609584975], [-0.5638825350931621, -0.8107582797650094, -0.3284039627729169, -0.181241699997237, 0.12778619661316826, -0.46310223306615056, -0.009791462416250271, 0.15405992735051588, 0.4577833733358985, 0.21447712806837688, 0.2573471205311896, 0.7399647504134435, 0.008036707634429444]], "inverted": false, "swapped": true, "error_lsq": 0.04515894879999056, "error_max": 0.2769604665070805, "target": "619.xyz", "model": "17.xyz", "model_rescale": 3.7474275329858107, "target_rescale": 4.165340084610744},
{"mapping": [7, 0, 8, 11, 13, 1, 6, 5, 4, 2, 10, 12, 3, 14], "R": [[0.6636978666466441, -0.6956345741882409, -0.2749503246090799], [0.39440087749986164, 0.6377822020700304, -0.6615752493481314], [0.6355730403628153, 0.3306454323238833, 0.6976535733781627]], "T": [0.062430339403928656, -0.04976756049970176, -0.09229263655856093], "aligned_model": [[0.49909384481601393, 0.2633515974683831, 0.6469045694422438, -0.5783937206221513, 0.15560251237759726, -0.29245610447108933, 0.7578248745804657, 0.19383583175223007, -0.1329946993465428, 0.2565546819064295, -0.6337994088038793, -0.5177870186640012, -0.2388350587638473, 0.03594574621102471], [-0.4686036971059104, 0.35014478192361653, 0.243731873920093, -0.2511170614014492, -0.6979951755336995, -0.26839351251437993, -0.2336140135139851, 0.7648731107094701, -0.6373982909315709, -0.21478736671070003, -0.016493452883251762, 0.4330884537390629, 0.30136362141090356, 0.05560897040303355], [-0.41273107395700004, -0.6054642344059126, -0.2046242429965973, -0.34923466129550285, 0.3013093679430505, 0.4095356476667704, 0.3466950492539036, 0.09056758083273117, -0.3035957126178047, 0.6156581926639342, 0.17017809075469367, -0.3628390870249737, 0.6436017737536156, -0.014261971909253268]], "inverted": true, "swapped": true, "error_lsq": 0.04125012418148938, "error_max": 0.3133994685908252, "target": "619.xyz", "model": "18.xyz", "model_rescale": 3.922800546911778, "target_rescale": 4.165340084610744},
{"mapping": [0, 4, 11, 10, 8, 2, 7, 12, 3, 5, 6, 8, 1, 13, 14], "R": [[-0.8878411307060468, -0.4567875530848752, -0.05552709224641007], [-0.34545916863974924, 0.5819650939375105, 0.7361892367055078], [-0.303967250586872, 0.672801427454667, -0.674493995366616]], "T": [-0.019242796013639936, -0.0643443952957215, -0.04720905447870145], "aligned_model": [[-0.027118683934239256, -0.01505664997053677, -0.5167046607066497, -0.4403971337493523, 0.5475034341310918, -0.440883647287744, -0.6117582546517649, 0.05914014172593337, -0.3282788746385959, 0.48229807154740073, 0.29716715974520386, 0.5475034341310918, 0.33104631686572555, -0.02113474547927214, -0.09889872292898802], [-0.005829411971467746, -0.34638430307166934, -0.035225802105390835, -0.6853420843994857, 0.004583377863059443, -0.5094922789867793, 0.4647972521390333, 0.7112680905711701, 0.2756170453640217, 0.2649096079139046, -0.6238998045493704, 0.004583377863059443, -0.579364557239997, 0.3250380070273568, -0.009962126924636126], [0.7864315172264565, -0.7137697086544531, -0.5560581612633894, -0.3431677360501068, -0.26729614343606245, 0.3231844078961191, -0.13174051183950752, 0.05717212871639637, 0.3978439362513546, 0.42457721039371893, -0.297309545851229, -0.26729614343606245, 0.3528344358131981, -0.61306372849714, -0.04732501370042812]], "inverted": false, "swapped": false, "error_lsq": 0.038457604846912206, "error_max": 0.3097372949362677, "target": "619.xyz", "model": "19.xyz", "model_rescale": 3.9282355846067225, "target_rescale": 4.165340084610744},
{"mapping": [11, 9, 7, 12, 10, 0, 5, 8, 3, 2, 13, 1, 6, 14], "R": [[0.5879092834618385, -0.7304002006151653, -0.34767545406702793], [0.7800416688144503, 0.6257111914786109, 0.004527667344745023], [0.21423741347522657, -0.2738631990606688, 0.9376040096265061]], "T": [0.005753110061224247, -0.19353107480110945, -0.0013200685104214523], "aligned_model": [[-0.6019864128690587, -0.0757475383801362, 0.47677545472603283, -0.5429519079000328, -0.7153237386579664, 0.26051936269422044, 0.1129477990125276, 0.5978918972687579, -0.3762992215423012, 0.12118259506205262, 0.0574618978477262, -0.40149986285245987, 0.6491528783247599, -0.02960038364944545], [-0.5686154030876684, -0.6839235591984655, -0.6789896224033026, -0.09180646049769939, -0.04139248717246752, -0.2579964853785218, 0.5194855879140265, -0.018815525179437492, 0.5485139368322651, 0.2057904194691675, -0.364324469361743, -0.021999027938761934, 0.04340546819355651, -0.06645028476611214], [-0.08605920020235952, -0.3720541610126215, 0.10473401125444952, -0.5771433061960922, 0.10654994409313333, -0.6294782410755315, -0.4422976451093039, -0.24466461189152752, 0.24157856631111913, 0.6258390433559045, 0.7416189937935422, 0.4785706427367334, 0.4885585684257828, -0.023569447239546123]], "inverted": true, "swapped": true, "error_lsq": 0.05166771106071379, "error_max": 0.3442024143852667, "target": "619.xyz", "model": "20.xyz", "model_rescale": 4.067790424073018, "target_rescale": 4.165340084610744},
{"mapping": [3, 1, 8, 7, 13, 0, 4, 6, 2, 11, 9, 10, 12, 5, 14], "R": [[0.36050846427455574, -0.03885854310214032, 0.9319461684101615], [-0.8688343932531626, -0.37749122233423127, 0.32035476297538845], [0.3393529788978001, -0.9251974873985487, -0.16985041955968852]], "T": [-0.041434409601458784, 0.003070208408517877, -0.04832463525422388], "aligned_model": [[0.023360723819017208, 0.08886144300260432, -0.47152067476022985, -0.3487324784274623, 0.5096945902817502, -0.5508580671305852, -0.6245423983950904, -0.019492816845479106, -0.5626714010125732, 0.5108202002343372, 0.2798614592637059, 0.6813309430612652, 0.3447173321292308, -0.12239341861145825, 0.025991748190271065], [0.043561236822381534, -0.36370396755296286, -0.07873816425289575, -0.6136038292582855, 0.23862994539240343, -0.37854925458793165, 0.53306313403037, 0.6865546890935896, 0.24515879076010816, 0.11947419635049245, -0.6802813973472382, -0.27905398746537, -0.4965035589279927, 0.3135859173584805, -0.0342973609223403], [0.7989693420369112, -0.770685207213115, -0.413702646920668, -0.33458498069577675, -0.41011454787896034, 0.2668136711017443, -0.1951751270209014, 0.2343844623449874, 0.4243560694700324, 0.26710715053386946, -0.23230682740906, -0.31157927366826826, 0.38564166556330326, -0.5437958798419467, -0.06031092683328647]], "inverted": false, "swapped": false, "error_lsq": 0.039401792074538415, "error_max": 0.21767198266015622, "target": "619.xyz", "model": "21.xyz", "model_rescale": 4.186013935880536, "target_rescale": 4.165340084610744},
{"mapping": [0, 8, 5, 11, 4, 12, 9, 7, 3, 2, 13, 10, 14], "R": [[0.28504217558772005, -0.9471153715717652, 0.14738870739882684], [-0.8093314785475043, -0.32020093745288414, -0.49239609816326235], [0.5135499157514587, 0.0210673345910629, -0.857801055866043]], "T": [-0.07171695737346644, -0.03559167264682968, -0.011909626845277615], "aligned_model": [[-0.013324939927269283, -0.37404583797338337, 0.30744466485320854, 0.3196329578462398, -0.2662712915307362, 0.6733896531561339, -0.017075733425019834, -0.6804244247617793, 0.39988630352300714, -0.30504350248982603, -0.5173708059401537, 0.517749897735878, 0.014027094356925729], [-0.41516089415019136, 0.018793788521099822, 0.32519473412711647, -0.43775061096893847, -0.390380570706696, -0.304770543711084, -0.6532221058093669, -0.34903996374760404, 0.689123318069386, 0.6488548623184273, 0.23230553046349672, 0.09930847389446036, 0.055700641245987614], [-0.5741923855955416, -0.6001356913454183, -0.6755468158494814, 0.43790114857342444, 0.5023113956194802, -0.1358304453848355, -0.022767640939746408, -0.014124666359261202, 0.07738245967330269, 0.1959408903753415, 0.5479353235475533, 0.42290606791994745, -0.05890007889941955]], "inverted": false, "swapped": true, "error_lsq": 0.044081899948872245, "error_max": 0.3276814705072054, "target": "619.xyz", "model": "22.xyz", "model_rescale": 4.166573947596378, "target_rescale": 4.165340084610744},
{"mapping": [10, 2, 1, 6, 3, 13, 0, 8, 7, 9, 12, 11, 14, 4, 15], "R": [[-0.7756030777242244, 0.5608290110481448, -0.28967341298688554], [0.5854302087430535, 0.8107200380694091, 0.0021190950429449684], [0.23603249038167534, -0.16793998999492687, -0.9571232017064097]], "T": [0.03156834140177272, -0.06562179224494118, -0.060385054470941696], "aligned_model": [[-0.1388418936397426, 0.0034519962566864834, -0.5313204215410322, -0.28542543919099145, 0.4229401992450413, -0.41131159487606045, -0.6068446003448316, 0.11881944210121206, -0.49663082839224076, 0.5444604987712802, 0.2874467438442231, 0.7276385696462944, 0.24519427304140223, -0.08393008460683993, -0.031219675515097266], [-0.0368492219202739, -0.13481373067100572, -0.07695516945464412, -0.6248834278063963, 0.21061717403821928, -0.4465228002800597, 0.42600858327904917, 0.7218607095197445, 0.19495838930349302, 0.09736228762129374, -0.6683679364153882, -0.3179409869208826, -0.5262426975892321, 0.5118772280835834, -0.07481201129469191], [0.668362998078145, -0.7291385112706938, -0.49756563041283197, -0.4676306781693391, -0.42362981274170286, 0.5524647827780516, -0.19261308671298077, 0.10190387017382399, 0.3451926244801018, 0.20574835361812763, -0.0849753794052551, -0.3322574303683612, 0.5463851706646957, -0.49971239083156616, -0.08751793631134945]], "inverted": true, "swapped": false, "error_lsq": 0.04616141924957661, "error_max": 0.27819976299725563, "target": "619.xyz", "model": "23.xyz", "model_rescale": 4.274766983524099, "target_rescale": 4.165340084610744},
{"mapping": [3, 8, 6, 13, 7, 4, 10, 9, 12, 0, 14], "R": [[0.13490250221017036, 0.8097401218375413, -0.5710711426643439], [0.47335852087938124, -0.558985802553438, -0.6807838006699144], [-0.8704786186968179, -0.17848195323397054, -0.4587059698341273]], "T": [-0.03318056979841168, 0.08089586550572701, 0.023040568812888258], "aligned_model": [[0.36185361428837415, 0.06482082729814208, -0.44734480539784005, -0.6945400498252864, -0.5539142994800802, -0.5185394733122469, 0.2070701104682709, -0.036419703474833934, 0.6202314319341242, 0.30513620837299316, 0.07154084308645813], [-0.35290251449608534, 0.7238600501094614, 0.49079006873078984, -0.1593095954549822, 0.4671124839069173, -0.1821020618031769, -0.6237580230780236, 0.13990087083175184, -0.20303171046133278, 0.5561490254653443, 0.058877937492819984], [-0.6183341181545069, -0.10872899092132902, -0.5856777521263952, -0.2747976546578776, 0.24316013834478345, 0.37433622219004276, 0.0012135406431360192, 0.6403563949122241, 0.39105603390532134, 0.37421077534816877, -0.05722815546199066]], "inverted": true, "swapped": true, "error_lsq": 0.0518125081143099, "error_max": 0.27238289516624314, "target": "619.xyz", "model": "24.xyz", "model_rescale": 3.7841303162186577, "target_rescale": 4.165340084610744},
{"mapping": [6, 9, 9, 8, 13, 1, 10, 11, 7, 3, 2, 5, 4, 14, 15], "R": [[0.006908975623562352, 0.42999221121034464, -0.9028061610081487], [-0.557249054248378, -0.7479952232640781, -0.3605227281509588], [-0.8303166610366922, 0.5055787221319349, 0.23444487226706084]], "T": [-0.1232940737366564, -0.04511155686101344, -0.03394677577197669], "aligned_model": [[0.1251904506366986, -0.16568157631747632, -0.16568157631747632, -0.40662549633942063, 0.39348088355214, -0.38740850751367145, -0.6632821628377836, 0.00876441209143139, -0.5325625455694207, 0.6122142604306133, 0.1298440010536247, 0.6607923824750188, 0.2859533583586394, -0.04285750854403769, -0.08771319035957534], [0.05156521382697794, -0.14148229265474582, -0.14148229265474582, -0.5595512317998617, 0.5086537586161061, -0.6162040440728869, 0.43015030396378456, 0.6556705401968, 0.2923355468840423, 0.08618835014258207, -0.6748190905638582, -0.4138674316836961, -0.5329470746629427, 0.3429466337023272, -0.03186049974707401], [0.6375705325673675, -0.6093220354361885, -0.6093220354361885, -0.10127366084450058, -0.22961899190070922, 0.3624536918412775, -0.3302475225672928, 0.25046942968532837, 0.34213078303472283, 0.26736653695165, -0.3628579568172132, -0.1702049109891372, 0.3549457411947102, -0.7211438086724986, 0.024071150957537243]], "inverted": true, "swapped": false, "error_lsq": 0.04968657721230744, "error_max": 0.38274041704062123, "target": "619.xyz", "model": "25.xyz", "model_rescale": 4.19342608120988, "target_rescale": 4.165340084610744},
{"mapping": [10, 9, 12, 2, 3, 1, 5, 6, 0, 4, 8, 14], "R": [[-0.47512914102114845, -0.48932154718644916, -0.7313116454778807], [0.8104373972000685, -0.5670504211866607, -0.14712255113207223], [-0.3427003422409791, -0.6625845178474143, 0.6659866606297948]], "T": [0.07520013910047238, 0.013028484527957343, 0.05691676514289922], "aligned_model": [[-0.3383925262944699, 0.6238953623485102, 0.19994701486749444, -0.5678462482167934, -0.7151606083458812, -0.4903921684570667, -0.08593986438121212, -0.19224078778896672, 0.6141878447471414, 0.24601288770726507, 0.3121756168193034, -0.008437968373543617], [-0.6033759122551398, -0.27022088737384004, -0.5855577030601259, 0.35200380868499087, -0.09507261690768413, -0.2314064977931775, 0.22705738188228874, 0.7780908022593194, 0.11516273179955695, -0.2571198026022846, 0.5725681473009194, 0.010646975806157043], [-0.004080267420177482, 0.11413788969691743, -0.46186092131342915, 0.2510745534533588, -0.2883926192304128, 0.27123009379635765, -0.7446880103462641, 0.2876509558176712, -0.3464505254223077, 0.6278744859459396, -0.20978235771359333, -0.04745481605463942]], "inverted": true, "swapped": true, "error_lsq": 0.059860478524893235, "error_max": 0.29727495016496847, "target": "619.xyz", "model": "26.xyz", "model_rescale": 3.795458400668931, "target_rescale": 4.165340084610744},
