[{"mapping": [13, 3, 10, 5, 0, 1, 2, 9, 4, 12, 8, 6, 7, 14], "R": [[0.771481392025737, -0.4925148898417077, 0.40279715123401993], [0.229751045702611, -0.3747149560915314, -0.8982222212124785], [0.5933219351722876, 0.785504796271501, -0.17592980497311891]], "T": [-0.04950934934371064, 0.03699620105958311, 0.2164113008598269], "aligned_model": [[0.29766347493073947, 0.17813915708051548, -0.5040640654526437, -0.35371300285544827, -0.6451335088562702, -0.12546740795773148, -0.7939883192340935, -0.048639634833992904, -0.3876881384547748, 0.1790221289395622, 0.5594441169593971, 0.4810435339615877, 0.6334691224444855, -0.09859535554302881], [-0.5999630147703777, -0.2255584733781596, -0.4027808893920488, -0.500594368729865, 0.38311529602627437, 0.49143477209199493, 0.18966838117335805, 0.48713291558427074, 0.7085704415264883, -0.11634082383711951, 0.4417065481827359, 0.44137397864759953, -0.042191408812403366, -0.02030002250271294], [0.24450717110201853, -0.453551081643563, 0.4289561340711253, -0.12004800378667996, 0.5040713035005251, -0.49514436032691117, -0.10698787240832319, 0.5979710580255824, 0.03217808607270484, 0.6916932734267904, 0.5001965429158717, -0.1881022643207267, 0.1556853251891522, 0.10616277536226751]], "inverted": false, "swapped": true, "error_lsq": 0.049491820089101544, "error_max": 0.33792470010626097, "target": "620.xyz", "model": "0.xyz", "model_rescale": 3.8414455957264533, "target_rescale": 3.9872515260265984},
{"mapping": [6, 12, 8, 11, 10, 13, 1, 1, 3, 5, 9, 2, 4, 0, 14], "R": [[-0.5316196603620829, -0.7397972194145164, -0.4124083060063827], [0.20656687500906737, -0.5854580525222592, 0.7839445100808042], [-0.821407732411555, 0.33157041919235486, 0.4640586107929838]], "T": [-0.05611874101443614, 0.10594522830919892, -0.022055615504483192], "aligned_model": [[-0.16166472655628572, -0.47668817604989777, -0.7946967301682716, -0.2488224147888868, -0.11022922288276249, -0.6471569547253715, 0.4364060784688757, 0.4364060784688757, 0.6443559815084605, 0.3118976766097296, -0.49608947796146097, 0.3140262508560744, 0.4404181247180891, 0.13147724526438853, -0.016994209604181895], [0.5025660372074656, -0.5140257219593433, 0.005858145496915046, -0.6375368001056532, -0.24588227232275287, 0.003187320312908498, -0.572104703433637, -0.572104703433637, -0.2068583329771019, 0.13589716665486026, 0.6134280080876947, 0.6952376270075643, 0.2516177234389002, 0.055197485434841626, 0.026156138907117737], [-0.6865698385791493, -0.16713116480258638, -0.2843293795224946, 0.34722093353152195, -0.6065817192513062, 0.44158394591898154, 0.1928059292754254, 0.1928059292754254, -0.17974511164526785, -0.5679398364991067, 0.09793046223799555, -0.2676811057288026, 0.14541945720604965, 0.6763352364061072, -0.034977353843545354]], "inverted": false, "swapped": false, "error_lsq": 0.04512660598531697, "error_max": 0.35914267768686764, "target": "620.xyz", "model": "1.xyz", "model_rescale": 4.316132596720782, "target_rescale": 3.9872515260265984},
{"mapping": [12, 9, 7, 5, 13, 10, 3, 2, 6, 0, 1, 14], "R": [[0.3762752874887816, -0.5309223395243616, -0.7593012428668962], [-0.8858048812467478, -0.4463870153295032, -0.12683983957989137], [-0.27160011116468535, 0.7203194443711736, -0.6382580024379907]], "T": [-0.006532294378174021, -0.0930987994672954, 0.0002647486881885014], "aligned_model": [[-0.127284456984321, 0.40617863508651, 0.08848282708658964, -0.5811623197847486, -0.5390470434886201, -0.5565655242426578, -0.16420993147105137, -0.02245564239935225, 0.5395031460957666, 0.16450667969108582, 0.45725794145752563, -0.06739575641494569], [-0.6284568852865895, -0.3843888164221896, -0.3988716693162345, 0.30898843064120973, -0.34523318773565503, -0.07482940452108637, 0.3414277326616846, 0.5780333111703824, 0.01069215282512874, -0.005321114191462112, 0.5888846937072456, 0.02185118420854615], [0.02129968133589709, 0.30527537338446487, -0.6112031518281942, -0.053349992797272636, -0.4238716476543813, 0.3775297226798614, -0.5963363317270899, 0.4813810480577624, -0.5471945734302062, 0.7216215201486097, -0.19567563167840174, -0.030217555281628505]], "inverted": false, "swapped": true, "error_lsq": 0.04287050378838747, "error_max": 0.2365996335497321, "target": "620.xyz", "model": "2.xyz", "model_rescale": 3.795458400668931, "target_rescale": 3.9872515260265984},
{"mapping": [13, 12, 8, 4, 3, 1, 9, 5, 0, 2, 6, 14], "R": [[0.957250377171535, -0.2833701765490085, -0.05807803756617385], [0.28236771311872305, 0.9589812689899055, -0.02496798579408045], [0.0627709327081945, 0.0075012511686132445, 0.9979997701592165]], "T": [0.03870016988980044, -0.11626567074039063, -0.025686373823237303], "aligned_model": [[-0.02706047944175318, -0.2676188184418364, -0.7357586273973497, 0.1392000874802205, 0.18168423644899698, 0.18473433963553623, -0.2679981163229177, 0.6216941063888731, 0.31454524244278553, 0.7322286266264286, -0.42387621987362656, 0.14152944819820754], [-0.223703964894724, -0.5372635734935587, -0.10764299696431279, 0.1474287311268767, 0.4923846700064449, 0.6456081711635622, -0.34660246798483857, -0.031687974521464574, -0.44581203621916105, 0.02754494719434719, 0.5083496549289142, -0.04283411505237632], [-0.7406464709047335, -0.2005042118220255, 0.09795857593781535, 0.695204575129728, -0.4484259070288091, 0.31609977388680643, 0.42274733089146244, -0.41002090327285334, 0.5847426010483867, 0.39914481891806936, 0.041527850699056325, -0.06905660284380313]], "inverted": true, "swapped": true, "error_lsq": 0.04081305565450733, "error_max": 0.2182578024540648, "target": "620.xyz", "model": "3.xyz", "model_rescale": 3.7530521520055578, "target_rescale": 3.9872515260265984},
{"mapping": [8, 0, 4, 2, 6, 10, 7, 12, 13, 5, 14], "R": [[0.7853067573581141, 0.6029939943739391, 0.14032654630057054], [0.6127624239398286, -0.7246643639220796, -0.3152519174704467], [-0.08840536553326284, 0.33355629571388645, -0.9385758834183631]], "T": [-0.07525576782358552, -0.047486707312104734, 0.013593402349033765], "aligned_model": [[-0.48796155438306477, -0.06141950427034014, 0.3320894683215787, 0.5188428780045978, 0.17035735382406209, -0.1790777708123807, -0.28283633040592804, -0.6199054617737616, -0.33709730402308474, 0.25149130478110915, 0.0337165231824173], [-0.7142222880196833, 0.17351821030760556, -0.30460798824235064, 0.3208723524469839, -0.7622843180816038, 0.6096962879915191, -0.4814352158836227, -0.030034836951259115, 0.1557885736562606, 0.48961875832485163, 0.01029382276564518], [-0.003331489342502089, -0.6993443429090224, -0.5924406204390882, -0.4262965368161855, 0.20692612983815822, -0.036712538919826634, 0.5085852371817775, 0.08203298386836842, 0.6594676629741196, 0.3290334387217399, 0.06491085308777743]], "inverted": true, "swapped": true, "error_lsq": 0.04540760227786573, "error_max": 0.245136236230159, "target": "620.xyz", "model": "4.xyz", "model_rescale": 3.7855080009869324, "target_rescale": 3.9872515260265984},
{"mapping": [12, 9, 2, 5, 14, 0, 10, 7, 8, 13, 1, 11, 6, 4, 16], "R": [[0.10620758589753257, -0.783627227115906, -0.6120852208806017], [0.5312204593134328, 0.5650744401976538, -0.6312651587424526], [0.8405502794625935, -0.2581070436038986, 0.47629400766481567]], "T": [0.0006445946922075743, -0.08317596463615036, -0.10310884343599284], "aligned_model": [[-0.16062818654238653, -0.34541022224644957, -0.7172735909936044, -0.21082506116664798, -0.28420708149544716, -0.5387262661518041, 0.19388365223403714, 0.41112636206402997, 0.6354011299388284, 0.46854164795320363, -0.4147853935929908, 0.2236773148564134, 0.49636096026416154, 0.036111572455977035, -0.030601314419944733], [0.4453613979845385, -0.6249605002880587, -0.11475504370693641, -0.48772807192147877, -0.10859410280695533, 0.03883751599591921, -0.7779260517460176, -0.29453728519213374, -0.3322037978898774, 0.23641242701739956, 0.5014987966708131, 0.6757160487797763, 0.2557612321997766, 0.22395697363945333, -0.09620642042007659], [-0.5002292399871875, -0.4090983854975493, -0.2745204183232354, 0.5652633745393213, -0.716224525308413, 0.4470417435281137, 0.001510739699584887, 0.4869763899871497, -0.2774050085982812, -0.5545545725611806, 0.13912510817561596, -0.18542254830957877, 0.15275035528881292, 0.5687633435012598, -0.14482997215518523]], "inverted": true, "swapped": false, "error_lsq": 0.03957375667233398, "error_max": 0.22092122631645206, "target": "620.xyz", "model": "5.xyz", "model_rescale": 4.2253639853439635, "target_rescale": 3.9872515260265984},
{"mapping": [13, 10, 9, 8, 12, 4, 6, 7, 2, 5, 0, 1, 3, 14], "R": [[0.06968510448937726, -0.42817181372321783, 0.901006594951044], [-0.9975597445461011, -0.03380836215317251, 0.06108642000999645], [0.004306074014963246, -0.9030647222549943, -0.4294829043688326]], "T": [0.01957356859907953, -0.07324952154338404, -0.055790757993815956], "aligned_model": [[0.6278061220780854, -0.08376421021845606, -0.4377873958364812, 0.016913281284313776, 0.04449140941255233, -0.5341126529196834, 0.28006529128817004, 0.5258398942693322, -0.3975926605083363, 0.3214651637360625, -0.703714685507671, 0.007002770525082837, 0.6324232743838969, 0.07502655077091569], [-0.17092239452062208, 0.24344499363252103, -0.4361149223407842, -0.8051621452109701, -0.49712113169283384, 0.10671653161136335, -0.3149072212020711, -0.5109933436013694, 0.6310276045423514, 0.5059047945550138, 0.08564583035365275, 0.3064382721981634, 0.2537247992132254, 0.04741747909734971], [-0.4399112615377737, -0.6339127804720734, 0.030007351364809393, 0.22607035494543737, -0.40413511712162087, 0.45446654877043025, 0.6387483640229444, 0.11300695628852143, 0.05425842839562357, -0.31692308105989775, -0.15024293124343557, 0.7020183570191578, 0.23935568904752147, -0.04124866948819572]], "inverted": false, "swapped": true, "error_lsq": 0.04639828678992689, "error_max": 0.28420772332364164, "target": "620.xyz", "model": "6.xyz", "model_rescale": 3.89814844738969, "target_rescale": 3.9872515260265984},
{"mapping": [12, 7, 3, 11, 5, 6, 9, 10, 0, 4, 1, 2, 14], "R": [[0.5273334561090506, 0.020753858321364962, -0.8494049113543319], [0.16903438554816608, 0.9771559362742124, 0.12881635263591748], [0.8326744877624376, -0.2115078097112346, 0.5117789013438501]], "T": [-0.029890854404869327, 0.02337447142543103, -0.14506963045926777], "aligned_model": [[-0.13544207108276696, 0.03136750583739592, 0.5084497863096227, -0.4002391444447984, 0.6188219556981323, -0.21955202962696502, -0.6070286412506323, 0.2785317855332722, -0.43844248793953816, -0.5118163968799953, -0.0834308387350475, 0.03165226744407029, 0.07576011004147254], [-0.37793705536467576, 0.24380751803861936, 0.5413617340407101, -0.6913624728107324, -0.021367307848126876, 0.7030340764435047, -0.09943420272579445, -0.48699670468958467, -0.24448730782338757, 0.37550522784551393, 0.8033924729263625, 0.1417687795446932, 0.07649650789338346], [-0.5048471066037071, -0.7962797347004333, -0.25224679145613466, -0.029313442480567026, 0.1231060776414972, -0.4778314571848108, -0.1515249385689984, 0.15425615044234012, 0.4194217108106062, 0.3479521065738975, 0.1824985119015308, 0.6700009115297734, -0.0829169670686982]], "inverted": true, "swapped": true, "error_lsq": 0.04745623400831123, "error_max": 0.27391979117679016, "target": "620.xyz", "model": "7.xyz", "model_rescale": 3.7474275329858107, "target_rescale": 3.9872515260265984},
{"mapping": [1, 3, 2, 5, 1, 8, 6, 7, 10, 12, 4, 13, 11, 9, 14], "R": [[0.5138490786161052, -0.7131018881235172, -0.4769117544788078], [-0.8577105739974518, -0.4381130817967138, -0.26905296655407474], [-0.017079100044843948, 0.547304873642891, -0.8367590331919921]], "T": [0.03711236158652009, -0.027664423580762723, -0.0774125183843309], "aligned_model": [[-0.21950208461304582, -0.4289800537621751, -0.7431598960628257, -0.12679347383378153, -0.21950208461304582, -0.4999746228424269, 0.16310826938479175, 0.42949105013632705, 0.7140190890734693, 0.43571617955124065, -0.48995678459520375, 0.0613951739604089, 0.5288497367436337, 0.1552945573531771, 0.002640467276831371], [0.007538354898077429, -0.572439516086101, 0.11639542879201543, -0.4910483388872365, 0.007538354898077429, 0.028734602741991258, -0.8326201944629497, -0.37429341246563486, -0.34491966880782243, 0.34514446150850137, 0.5255249406619132, 0.8677278596564312, 0.1935503605223996, 0.04787964946743496, 0.015920235879044495], [-0.7828993080827011, -0.06680610877353944, -0.3585022882568262, 0.4435785450441156, -0.7828993080827011, 0.3392012558039332, -0.02165109319362772, 0.35820766108466706, -0.205513070089191, -0.3651122755997366, 0.09112675976049321, -0.15353631778417764, 0.2320035910179598, 0.6713641517379817, -0.09941581060740248]], "inverted": true, "swapped": false, "error_lsq": 0.05354317458364666, "error_max": 0.4231116680178985, "target": "620.xyz", "model": "8.xyz", "model_rescale": 4.019505241142653, "target_rescale": 3.9872515260265984},
{"mapping": [12, 10, 9, 8, 7, 6, 4, 13, 3, 5, 2, 1, 14], "R": [[-0.3267105140667934, 0.9127518862877119, 0.24524321412923056], [0.6452014786201782, 0.025781313108707904, 0.7635773542220372], [0.6906339783014932, 0.40770003430538826, -0.5973318927052513]], "T": [-0.07664542540939018, -0.07676880778869058, -0.05748434306688756], "aligned_model": [[-0.2647421577563893, -0.7329730900920286, 0.027639644660169854, 0.4121762909052201, 0.3137377503930671, 0.695073799372407, 0.23596396553539684, -0.2868277002975504, 0.21480926842914966, -0.4411712817028706, -0.2728924716953443, 0.5087433234121601, -0.08983656942221149], [-0.4695504397733663, -0.014276050205981078, 0.06636022957218193, -0.4142117781412432, -0.6451376740139464, -0.16728630066217554, 0.6083342959846966, -0.7080980969836342, -0.22086530257434356, -0.039448351283671995, 0.6837893547778631, 0.42336077612634004, -0.039592434708660605], [-0.39210956936264957, 0.04512090616402249, -0.6203789773276306, -0.5696702704592808, -0.026247784986043646, 0.012479897740478696, -0.23700547604939948, 0.23282950503121447, 0.6236167912339442, 0.5429125513616274, 0.1978255365650764, 0.29717875414426254, 0.07015162998825682]], "inverted": true, "swapped": true, "error_lsq": 0.04631604801056853, "error_max": 0.29809867082485164, "target": "620.xyz", "model": "9.xyz", "model_rescale": 3.877068213659057, "target_rescale": 3.9872515260265984},
{"mapping": [1, 12, 5, 6, 0, 3, 10, 14, 9, 8, 4, 7, 2, 13, 15], "R": [[-0.7158421789781537, 0.6308852438492659, 0.29925538238945926], [-0.6869860580893247, -0.7130336511008395, -0.14011840845762524], [0.12498052162917404, -0.30588694233500546, 0.943828929267503]], "T": [-0.007371034045313795, -0.0772595831985479, -0.0111813127794433], "aligned_model": [[-0.36664524115318065, -0.5035919277045413, -0.7106517178575537, -0.2504266367244801, -0.2749892618591062, -0.562357489049675, 0.31072368550361273, 0.5666534834984503, 0.6465052846139717, 0.4362035102354762, -0.22090793075082446, 0.1674132430292698, 0.45729207442720465, 0.10721167116407139, -0.03978722421532015], [0.44706165695669653, -0.5822702883774866, 0.08163271703465078, -0.5124240074278448, -0.24496268805446492, 0.0246917755504453, -0.7076369997426991, -0.3388731227259597, -0.1404217673105831, 0.09889096856851745, 0.5394736018563814, 0.6674705996868339, 0.3305287837068458, -0.022294394257307004, -0.10023371714788364], [-0.6018723415182544, -0.2497693008765785, -0.31308354686478607, 0.35194466125202106, -0.74194953075097, 0.27926196557134114, 0.0570157660882749, 0.4487923341104341, -0.07522506574904265, -0.6174284097509224, 0.1680750732779397, -0.29598647530960126, 0.22996636270343096, 0.751372375583038, -0.09196748378707673]], "inverted": false, "swapped": false, "error_lsq": 0.03481360268138926, "error_max": 0.1832928192208406, "target": "620.xyz", "model": "10.xyz", "model_rescale": 4.260839863003843, "target_rescale": 3.9872515260265984},
{"mapping": [7, 13, 10, 12, 0, 9, 6, 3, 5, 2, 1, 14], "R": [[0.15427756997300746, 0.7624902204939021, -0.6283367688225672], [-0.11907611897367526, 0.645664291616051, 0.7542801206595001], [0.9808258302539707, -0.0415486002544439, 0.19040589414066333]], "T": [-0.08628600007117329, 0.0133816944725308, -0.1100221932421783], "aligned_model": [[0.3352818231989698, 0.2682090782558877, -0.3500425226383628, -0.3023690890017411, -0.728963070974118, -0.5328741521249725, 0.38108986592822613, 0.6488505104682187, 0.19706505941888133, -0.2545859574522441, 0.3022289306623185, -0.004991826646933206], [0.02928068529556844, -0.5614181748143717, -0.5157810341126893, -0.251966083111474, 0.19053167034715895, 0.3237413719001465, 0.5754113015406896, -0.007518041513178522, -0.4256488387977351, 0.17724240826676552, 0.6517794496116404, -0.012576209079587128], [-0.6563240393662925, -0.37643116489991624, 0.19920020055766077, -0.5395923142086017, 0.2259821415484319, -0.33903651490568865, -0.38264188083974193, 0.059523981658945097, 0.3608416035843912, 0.6817918930688919, 0.2901027313848472, -0.007238560187422763]], "inverted": true, "swapped": true, "error_lsq": 0.043205112351461926, "error_max": 0.23626486813357786, "target": "620.xyz", "model": "11.xyz", "model_rescale": 3.890672605050136, "target_rescale": 3.9872515260265984},
{"mapping": [10, 11, 0, 5, 2, 6, 12, 3, 13, 8, 4, 9, 1, 14], "R": [[-0.9505746849830242, 0.3104607382799738, 0.0046795572523567475], [0.033950944837500774, 0.11890891074831861, -0.9923245458464129], [-0.30863425217247914, -0.9431197171787378, -0.12357223577581061]], "T": [0.04089070741919428, -0.07720773534915275, 0.0647104673134356], "aligned_model": [[0.523724696021619, 0.057523366741744686, 0.35800804037848283, 0.6001144090081433, 0.7513371460820555, -0.4355432686972005, -0.2617877613877947, 0.1435786970618324, -0.05927018383784218, -0.7259019546520235, 0.17147788974908038, -0.2349069199995307, 0.18241663006879094, 0.13910504825633616], [-0.1953859227647198, 0.2967093656019104, 0.5588139945412757, -0.5021206253442992, 0.2817540757614101, -0.07742921440042816, -0.17004695112395918, -0.5929753235601944, -0.76344513780541, 0.08729722009723177, 0.5897371964873246, 0.4170279879096294, 0.1389439008136965, -0.13672804638570202], [-0.38037878308162754, -0.6573114206561197, -0.16382355785311487, 0.10300191174649699, 0.28506707015470173, 0.682488413467734, -0.38406392784813037, 0.6060489614647635, -0.1499553515836768, 0.07548013895370995, 0.43545320426576195, -0.10225774828423279, 0.8720792702031628, 0.13296225440743245]], "inverted": false, "swapped": true, "error_lsq": 0.048080100708398875, "error_max": 0.31836265534236774, "target": "620.xyz", "model": "12.xyz", "model_rescale": 4.124412569039231, "target_rescale": 3.9872515260265984},
{"mapping": [10, 13, 3, 11, 5, 2, 12, 4, 7, 9, 1, 6, 14], "R": [[-0.5555207653830924, -0.8270360445394281, 0.08607008923407071], [0.6884410435891225, -0.3994219246742712, 0.6054015655673688], [-0.466310635446055, 0.3955673231222195, 0.7912527308943827]], "T": [0.03281557149904553, 0.12159745822500029, -0.016255197078475496], "aligned_model": [[-0.2307967467204597, -0.05731868533900078, 0.674514135592593, -0.7177113391560008, 0.306876585065652, 0.3604310450780695, -0.45282503694447107, 0.28196453288687245, 0.09405620976270093, -0.29934342824587573, 0.7870552577074841, 0.48462338107082675, 0.13577239675136665], [-0.21883309766438497, 0.6089000436628388, 0.4126490455207064, -0.18951445432851166, -0.043186966759378054, -0.6340186751900394, 0.37423647978864566, -0.36329225869651927, 0.8046439038644515, 0.011736575160095991, -0.05104500351435709, 0.5464904382913716, 0.08871934637355794], [0.49346508665327576, 0.5142609633162238, 0.25415249491425984, -0.05265553631860805, 0.6102310368844552, 0.04585049392289992, 0.028000395015958225, -0.56591462686865, -0.09445399456862519, -0.49145268414617005, -0.362539150836166, -0.489514779238138, 0.06226838223712356]], "inverted": false, "swapped": true, "error_lsq": 0.04011581764885856, "error_max": 0.24328413637055418, "target": "620.xyz", "model": "13.xyz", "model_rescale": 3.9028299243045295, "target_rescale": 3.9872515260265984},
{"mapping": [0, 7, 3, 9, 4, 6, 10, 14, 13, 5, 2, 8, 12, 11, 15], "R": [[0.884590645242914, 0.30095307713661357, 0.3562676461745147], [0.3812965680287399, -0.02684008505494149, -0.9240630590191065], [-0.26853736715442433, 0.9532611684088718, -0.1384948636070047]], "T": [-0.05183016275114443, 0.05805710929933856, -0.03004018118340591], "aligned_model": [[-0.3630366056941636, -0.43776820270379563, -0.6245612197936454, -0.25250927023864594, -0.14457890068113607, -0.6061384653520087, 0.1936445551219935, 0.46020249494079696, 0.7222057144024296, 0.3293072918780963, -0.34601362295627835, 0.24359327685269766, 0.5112793244576348, 0.1699819191535969, -0.09296276623019714], [0.44855760691704477, -0.7579260815282637, 0.03367389982759113, -0.5227156688499046, -0.19015931529355412, -0.03668730096208718, -0.6063277502240229, -0.5256202110189624, -0.11728974612037067, 0.10760844309482569, 0.7314553770488135, 0.6878094960483999, 0.3640179680626412, -0.03732103371170313, -0.038442564974305204], [-0.6917624193436526, -0.10653343213720767, -0.2751402436741925, 0.4424810696006114, -0.6538587061226891, 0.3279738753020909, -0.2617458638288714, 0.39445245242279436, -0.08270224503159786, -0.368242398285814, 0.01622680801543479, -0.36566509425470894, 0.24113494171907268, 0.6682141410336326, 0.014313498564345061]], "inverted": false, "swapped": false, "error_lsq": 0.040369588174235554, "error_max": 0.23747470556083564, "target": "620.xyz", "model": "14.xyz", "model_rescale": 3.942246331269136, "target_rescale": 3.9872515260265984},
{"mapping": [13, 1, 12, 2, 3, 0, 5, 9, 10, 4, 8, 11, 6, 7, 14], "R": [[-0.8398407280004732, -0.5298092488414781, -0.1181935338064814], [0.3086792458854655, -0.2870085678325713, -0.9068314094418415], [0.446525110997372, -0.7980778419632544, 0.4045826039464122]], "T": [0.04279244916343327, -0.017902715831114593, -0.09840972354626448], "aligned_model": [[-0.2338671022239302, -0.5610795786880787, -0.6484923058422362, -0.16801884055656557, -0.11443624730011157, -0.5005025420216886, -0.007225287005621396, 0.6150038060599414, 0.7371549060428595, 0.29033151389396844, -0.25843325734695294, 0.28689219359210705, 0.31205399512272536, 0.055216368210865875, -0.04195209877990718], [0.4892086899040533, -0.5313811990984346, 0.02135078717267895, -0.4852607773166676, -0.46683662669078996, -0.08352774398699554, -0.6464446490348219, -0.28960545721194353, -0.014721375337287415, 0.045209007538262944, 0.5639678020028355, 0.6465900182403698, 0.30951647585769365, 0.030441108024829786, -0.04787294174764131], [-0.6704476255289573, -0.26669477035855227, -0.5327607430701412, 0.46708383179326635, -0.6371911367272114, 0.39275358035678104, -0.026209844999390858, 0.39849478387660137, -0.2622730006775089, -0.6260509830477212, 0.31333133646689565, -0.21232085466438566, 0.26639746130606323, 0.7551053782882182, -0.06007102903470958]], "inverted": true, "swapped": false, "error_lsq": 0.048234602330073977, "error_max": 0.28704206298140705, "target": "620.xyz", "model": "15.xyz", "model_rescale": 4.355366556412066, "target_rescale": 3.9872515260265984},
{"mapping": [12, 9, 7, 5, 13, 10, 3, 2, 6, 0, 1, 14], "R": [[0.3762752874887816, -0.5309223395243616, -0.7593012428668962], [-0.8858048812467478, -0.4463870153295032, -0.12683983957989137], [-0.27160011116468535, 0.7203194443711736, -0.6382580024379907]], "T": [-0.006532294378174021, -0.0930987994672954, 0.0002647486881885014], "aligned_model": [[-0.127284456984321, 0.40617863508651, 0.08848282708658964, -0.5811623197847486, -0.5390470434886201, -0.5565655242426578, -0.16420993147105137, -0.02245564239935225, 0.5395031460957666, 0.16450667969108582, 0.45725794145752563, -0.06739575641494569], [-0.6284568852865895, -0.3843888164221896, -0.3988716693162345, 0.30898843064120973, -0.34523318773565503, -0.07482940452108637, 0.3414277326616846, 0.5780333111703824, 0.01069215282512874, -0.005321114191462112, 0.5888846937072456, 0.02185118420854615], [0.02129968133589709, 0.30527537338446487, -0.6112031518281942, -0.053349992797272636, -0.4238716476543813, 0.3775297226798614, -0.5963363317270899, 0.4813810480577624, -0.5471945734302062, 0.7216215201486097, -0.19567563167840174, -0.030217555281628505]], "inverted": false, "swapped": true, "error_lsq": 0.04287050378838747, "error_max": 0.2365996335497321, "target": "620.xyz", "model": "16.xyz", "model_rescale": 3.795458400668931, "target_rescale": 3.9872515260265984},
{"mapping": [12, 7, 3, 11, 5, 6, 9, 10, 0, 4, 1, 2, 14], "R": [[0.5273334561090506, 0.020753858321364962, -0.8494049113543319], [0.16903438554816608, 0.9771559362742124, 0.12881635263591748], [0.8326744877624376, -0.2115078097112346, 0.5117789013438501]], "T": [-0.029890854404869327, 0.02337447142543103, -0.14506963045926777], "aligned_model": [[-0.13544207108276696, 0.03136750583739592, 0.5084497863096227, -0.4002391444447984, 0.6188219556981323, -0.21955202962696502, -0.6070286412506323, 0.2785317855332722, -0.43844248793953816, -0.5118163968799953, -0.0834308387350475, 0.03165226744407029, 0.07576011004147254], [-0.37793705536467576, 0.24380751803861936, 0.5413617340407101, -0.6913624728107324, -0.021367307848126876, 0.7030340764435047, -0.09943420272579445, -0.48699670468958467, -0.24448730782338757, 0.37550522784551393, 0.8033924729263625, 0.1417687795446932, 0.07649650789338346], [-0.5048471066037071, -0.7962797347004333, -0.25224679145613466, -0.029313442480567026, 0.1231060776414972, -0.4778314571848108, -0.1515249385689984, 0.15425615044234012, 0.4194217108106062, 0.3479521065738975, 0.1824985119015308, 0.6700009115297734, -0.0829169670686982]], "inverted": true, "swapped": true, "error_lsq": 0.04745623400831123, "error_max": 0.27391979117679016, "target": "620.xyz", "model": "17.xyz", "model_rescale": 3.7474275329858107, "target_rescale": 3.9872515260265984},
{"mapping": [13, 3, 7, 5, 11, 0, 12, 6, 10, 9, 2, 1, 4, 14], "R": [[0.9158891049447154, 0.001513387282106829, 0.40142852053946343], [0.09501847363765681, -0.9723933774314226, -0.21312580602799058], [0.3900238930003366, 0.23334272901987996, -0.890748299859403]], "T": [0.10829156041449085, -0.06324561724057987, 0.02013405431546432], "aligned_model": [[0.518792727532403, 0.02780558808888682, 0.683954424118696, -0.23407154706351008, 0.19753943543600402, -0.32425507578875223, 0.55493705180166, 0.3158903285428035, -0.11903045552808107, 0.22205748257837388, -0.7138691639756912, -0.3633597693532028, -0.37363022888320285, 0.02208685037648947], [-0.2880851684104116, 0.3401034244874421, 0.2502213374051735, -0.2902401811198536, -0.692730166399743, -0.3338174953935942, -0.3636509030070708, 0.6887777984761188, -0.6716640919080132, -0.05845033151928125, -0.10560384315557697, 0.640534304616897, 0.29038729344827063, -0.04537373600912341], [-0.5348176178999308, -0.6126691949743895, -0.19612655305796345, -0.5508382023020605, 0.5272733543316805, 0.5651194767598268, 0.1292042267950238, 0.021717433950037238, -0.13267578207916408, 0.5991383605549353, 0.08648373726728197, -0.008750979801488493, 0.5120831215693463, -0.08034666245148021]], "inverted": false, "swapped": true, "error_lsq": 0.04746056138970472, "error_max": 0.27210179120356176, "target": "620.xyz", "model": "18.xyz", "model_rescale": 3.922800546911778, "target_rescale": 3.9872515260265984},
{"mapping": [11, 6, 10, 1, 4, 2, 8, 5, 12, 13, 9, 7, 3, 0, 14], "R": [[-0.6502823468887944, 0.4638572813118289, 0.601638838422854], [0.6959084886641627, 0.6813579457729655, 0.22685397315719702], [-0.30470353580154474, 0.5662047088342201, -0.7658772636421538]], "T": [0.01180114559844712, -0.11320401788411175, -0.05447427360099702], "aligned_model": [[-0.17897803475454824, -0.4337216155018136, -0.7410040585346085, -0.3131391352766213, -0.32051211240923627, -0.5070387802731647, 0.24173609298880222, 0.5360618335930822, 0.7758269040518095, 0.31740600460020446, -0.3775220341104367, 0.3023442354949438, 0.2741645029433053, 0.15069867041279553, 0.03632304993286162], [0.316891619219291, -0.6154483910932225, 0.05494898723104033, -0.5719301740638083, -0.2708529238019179, 0.17478163217137174, -0.6452904558254408, -0.4348205133982447, 0.07340288154250482, -0.038721598355669185, 0.5896804216633733, 0.6078051736376907, 0.32944081947103854, -0.00862285726977087, -0.020631502812094138], [-0.5891374012405064, -0.21267614095565, -0.290291021870153, 0.42715540928542783, -0.6778376187757055, 0.3467717350663133, -0.250445181005953, 0.39746297981181355, -0.04695429536549864, -0.6651065575132469, 0.07638485790447311, -0.2387064035705785, 0.3254997521832299, 0.7629686260084395, -0.0659423559831578]], "inverted": false, "swapped": false, "error_lsq": 0.043775263802088106, "error_max": 0.32852048816068874, "target": "620.xyz", "model": "19.xyz", "model_rescale": 3.9282355846067225, "target_rescale": 3.9872515260265984},
{"mapping": [0, 2, 5, 4, 9, 1, 6, 3, 8, 12, 10, 11, 13, 14], "R": [[-0.2917705235544076, -0.3617539605793755, 0.8854400225819492], [0.8885851625058826, -0.445088514876831, 0.11096225889522693], [0.35395814803332504, 0.8191643827278337, 0.4513129108622377]], "T": [0.01599814099010549, -0.055395392705380096, 0.08763366522124166], "aligned_model": [[-0.5963919565511735, -0.12728966191006014, 0.518765978277755, -0.46390225341981933, -0.5448073701131995, 0.09840333422151748, 0.1344083324538713, 0.6880516307617262, -0.2635112785734514, -0.09314494488163583, 0.06454103995111726, -0.5618713915727283, 0.5692457435510654, 0.11002561688969167], [-0.4815392129154499, -0.7719367205415414, -0.5432332228275477, -0.22342184733994205, 0.12785266627050812, -0.11671903793632904, 0.4940799322672612, -0.016385287143160114, 0.6774101521632601, 0.19511609606425176, -0.5726637451012154, -0.21658669855599902, 0.10587857033251571, -0.13496955731177612], [0.06127731219201621, -0.2973103404511361, 0.15077715665494587, -0.4961312303336916, 0.09899122008701255, -0.7538200145148266, -0.4533791509018103, -0.25358578332429355, 0.08323246255150002, 0.5640406488166441, 0.5062936990409905, 0.6367150951573604, 0.5291573787142823, 0.03592470355468869]], "inverted": false, "swapped": true, "error_lsq": 0.043578849785839806, "error_max": 0.30690124402835217, "target": "620.xyz", "model": "20.xyz", "model_rescale": 4.067790424073018, "target_rescale": 3.9872515260265984},
{"mapping": [2, 12, 3, 10, 0, 11, 9, 1, 7, 8, 6, 4, 5, 13, 14], "R": [[-0.27319939405539934, 0.9092533867392564, -0.314038803002042], [-0.9457564128273451, -0.31354440643669107, -0.08505711485946149], [-0.1758035798375995, 0.2737666595760992, 0.9455923632415977]], "T": [-0.025721855949287335, 0.027809203939350758, -0.054290118109897895], "aligned_model": [[-0.2696518927768704, -0.46941803487832606, -0.8078525394546231, -0.04389814375072196, -0.007177221238479251, -0.5630599334028409, 0.14035954149227559, 0.6305557570537375, 0.4847487239006484, 0.4963526875914318, -0.42515804265208335, 0.24285631640016597, 0.38101006676406524, 0.009186007772859436, -0.03620776966386359], [0.45372074460004486, -0.5928954689665562, 0.024429042520299194, -0.520314983424587, -0.1178462482872273, -0.09645157813277273, -0.7240482809475106, -0.3483020123254541, -0.40501548130616, 0.13461965285814997, 0.6381141753031125, 0.7519357126212192, 0.3524173084251029, 0.023886866871802272, -0.03361633149332044], [-0.6135927447837409, -0.12409897667547633, -0.3889618753274403, 0.5544103988457318, -0.7491991879032579, 0.28314032292423774, 0.05143211849315166, 0.26374313321719256, -0.38405751516209463, -0.25726202679079857, 0.07035127700576423, -0.2687174006508888, 0.22439400846704297, 0.6449162615803067, -0.007351409260482715]], "inverted": false, "swapped": false, "error_lsq": 0.05155279716071064, "error_max": 0.3720620401810201, "target": "620.xyz", "model": "21.xyz", "model_rescale": 4.186013935880536, "target_rescale": 3.9872515260265984},
{"mapping": [3, 5, 13, 6, 4, 7, 1, 2, 12, 10, 0, 9, 14], "R": [[-0.9080143547051747, 0.3012596653853763, -0.2911229047348152], [-0.24889018328760223, -0.9468952860392283, -0.20357552392110312], [-0.3369920003685681, -0.11239186486832098, 0.9347750854612098]], "T": [0.0708434986083439, 0.05969419117528755, 0.028982256887316895], "aligned_model": [[0.10694637805658068, -0.3397385912410185, 0.37509061441846303, 0.5062194725168405, -0.2618095051948468, 0.7107187960978731, -0.15379242267482207, -0.7204128249315731, 0.4016802984660362, -0.34139324589652986, -0.41168055765641426, 0.19442506930660952, -0.007679445843973121], [-0.43119031599010954, 0.08862237120356875, 0.32300893615733445, -0.5827759169363226, -0.3555812389354893, -0.08558541397899785, -0.7528893741782274, -0.1471811848373976, 0.4960877604200992, 0.54029770004212, 0.25408945139017447, 0.16972188142653652, 0.002332003762804409], [-0.5431517975408735, -0.5413981908095031, -0.5752812850100463, 0.10847373398992699, 0.5913051423376138, -0.1851937328814579, 0.11753818646812206, 0.14413765501508907, 0.07068954401257574, -0.1814466363110893, 0.5644221343214145, 0.5954036276145552, -0.06261881987098114]], "inverted": true, "swapped": true, "error_lsq": 0.049206301594058956, "error_max": 0.2551239508435372, "target": "620.xyz", "model": "22.xyz", "model_rescale": 4.166573947596378, "target_rescale": 3.9872515260265984},
{"mapping": [3, 7, 4, 5, 8, 1, 10, 13, 14, 9, 2, 11, 12, 6, 15], "R": [[0.6131013597782553, 0.32816373983896924, 0.7186204022242592], [0.7898314369624274, -0.27364918022773466, -0.548891999710832], [0.01652343257079636, 0.904115416313421, -0.4269687226958062]], "T": [-0.019040863944415353, 0.011898556919259676, -0.0999664375114177], "aligned_model": [[-0.2138536210849439, -0.20358634692673966, -0.7013613016086254, -0.17890360871700817, -0.37172136692418684, -0.554709958287726, 0.31373162793708553, 0.3649227126837966, 0.7392500687633169, 0.29431672794296604, -0.3897941380984606, 0.3241886238416434, 0.4717176491587639, -0.07066553371594565, -0.06088601180656117], [0.45860763023467543, -0.6784523225941236, 0.13644019770325963, -0.5349878677109051, -0.24661072908673898, 0.004169594635652921, -0.6506406522416205, -0.6301615618556721, -0.2079290016526687, 0.08258408074286425, 0.5181339955539099, 0.7008670582370925, 0.3301493267987249, 0.26192175091313774, -0.00345838136144639], [-0.4519971826020309, -0.07261181237900709, -0.34241584134888603, 0.5053608480047349, -0.7803108738727291, 0.3702440955209439, -0.20601123029036783, 0.29644737985288167, -0.04850315850795034, -0.6071742278798407, 0.14309102393243595, -0.2720398239846984, 0.19542124760274082, 0.6169233224258712, -0.04727738249485072]], "inverted": false, "swapped": false, "error_lsq": 0.04472501592330709, "error_max": 0.3021752933045353, "target": "620.xyz", "model": "23.xyz", "model_rescale": 4.274766983524099, "target_rescale": 3.9872515260265984},
{"mapping": [2, 10, 11, 9, 12, 8, 6, 7, 3, 13, 14], "R": [[0.8125756129054977, 0.33268152491521297, -0.4785852863297654], [0.00759806028392887, -0.8270804081430656, -0.5620322659294766], [-0.582806265229859, 0.45305739310377524, -0.6745931038506359]], "T": [0.004255530276895125, 0.059457737233006146, -0.056299957929973506], "aligned_model": [[0.39801868175820454, 0.1675233354882057, -0.5521778854542514, -0.5331979986628061, -0.37544294067081774, -0.5942733842392431, -0.003257837586039279, -0.09111666255045775, 0.626369653115515, 0.20049772678985966, 0.13695201596990556], [-0.10277966953329634, 0.6195671940977404, 0.5036846394905097, -0.09979707960477874, 0.4016024355106112, -0.22972581880564455, -0.5908172726840911, -0.03665819239549407, -0.13469168743814394, 0.5300192084293585, 0.05518277417671236], [-0.7639540830797633, -0.3800594449878331, -0.44930194725748324, -0.24067260774285673, 0.144692354903501, 0.35997502595074776, 0.3746582003480037, 0.6205189155594443, 0.3243421477027384, 0.4605136376761933, -0.07114576505111446]], "inverted": true, "swapped": true, "error_lsq": 0.04487466392402368, "error_max": 0.2706466734696901, "target": "620.xyz", "model": "24.xyz", "model_rescale": 3.7841303162186577, "target_rescale": 3.9872515260265984},
{"mapping": [14, 8, 10, 1, 9, 7, 2, 4, 5, 12, 11, 13, 3, 6, 15], "R": [[0.1824467220016778, 0.6474341962243346, -0.7399609146368425], [-0.5653684986156082, -0.5466436380668812, -0.617688589609795], [-0.8044076419353409, 0.5310458497346104, 0.266305559603381]], "T": [-0.15459522177656382, -0.07888751288741659, -0.022132623529809953], "aligned_model": [[-0.20384582969974235, -0.2590701034837388, -0.8187286344607821, -0.22168166557361185, -0.16536471414105472, -0.6492726749964695, 0.28551150874162523, 0.3898678504336408, 0.7058537629082338, 0.36598229716173813, -0.25244381466359106, 0.15794010614872034, 0.5012450051407705, 0.05162032063304689, -0.12496789099141013], [0.28093721976833363, -0.6594154988947135, 0.18462140339013433, -0.684545682392329, -0.21138508404196682, 0.12826358273112715, -0.6101828417513802, -0.3914978207778247, -0.18465279697732712, 0.08125261602026916, 0.6403021740477727, 0.6005748150283167, 0.2943453976472798, 0.12422054716915372, -0.05220491265070374], [-0.7273981775582031, -0.06124835174042262, -0.3299393266339547, 0.4041466095719538, -0.5917545333950114, 0.3455468577581241, -0.3268035397773979, 0.38102876011009784, -0.15547427073714273, -0.5498883362583483, 0.22810609497469966, -0.2515941911462807, 0.2599536733439836, 0.6398709400948851, 0.034594175372264835]], "inverted": true, "swapped": false, "error_lsq": 0.03997766421618989, "error_max": 0.2801606158850633, "target": "620.xyz", "model": "25.xyz", "model_rescale": 4.19342608120988, "target_rescale": 3.9872515260265984},
{"mapping": [12, 9, 7, 5, 13, 10, 3, 2, 6, 0, 1, 14], "R": [[0.3762752874887816, -0.5309223395243616, -0.7593012428668962], [-0.8858048812467478, -0.4463870153295032, -0.12683983957989137], [-0.27160011116468535, 0.7203194443711736, -0.6382580024379907]], "T": [-0.006532294378174021, -0.0930987994672954, 0.0002647486881885014], "aligned_model": [[-0.127284456984321, 0.40617863508651, 0.08848282708658964, -0.5811623197847486, -0.5390470434886201, -0.5565655242426578, -0.16420993147105137, -0.02245564239935225, 0.5395031460957666, 0.16450667969108582, 0.45725794145752563, -0.06739575641494569], [-0.6284568852865895, -0.3843888164221896, -0.3988716693162345, 0.30898843064120973, -0.34523318773565503, -0.07482940452108637, 0.3414277326616846, 0.5780333111703824, 0.01069215282512874, -0.005321114191462112, 0.5888846937072456, 0.02185118420854615], [0.02129968133589709, 0.30527537338446487, -0.6112031518281942, -0.053349992797272636, -0.4238716476543813, 0.3775297226798614, -0.5963363317270899, 0.4813810480577624, -0.5471945734302062, 0.7216215201486097, -0.19567563167840174, -0.030217555281628505]], "inverted": false, "swapped": true, "error_lsq": 0.04287050378838747, "error_max": 0.2365996335497321, "target": "620.xyz", "model": "26.xyz", "model_rescale": 3.795458400668931, "target_rescale": 3.9872515260265984},
