[{"mapping": [10, 3, 7, 9, 12, 2, 0, 11, 5, 13, 6, 4, 15, 16], "R": [[0.9972294088220084, 0.022646584495321122, 0.07085646329872833], [0.026376820911392658, 0.782987457250591, -0.6214780005011139], [-0.0695540760783728, 0.6216251072784548, 0.7802207742055665]], "T": [-0.04006671278537664, 0.04552847235729861, 0.06597510521397838], "aligned_model": [[0.18888571414854965, 0.11130275016595982, -0.45867758138379555, -0.44781264830983314, -0.6765847521619972, -0.03184971925357862, -0.7499095013543942, 0.07995587641113315, -0.36699510599841845, 0.29521507735728064, 0.5806831068488018, 0.20815196740838005, 0.6568537464202021, -0.017726829169986767], [-0.6085662343078616, -0.46323579654117286, -0.37023284917330684, -0.3284869236895534, 0.15695306364608103, 0.3391498191975557, 0.30798948714224195, 0.4835078689571738, 0.693788582518602, -0.19221515682195311, 0.5202732969069933, 0.6870909049023121, -0.04410159148674872, 0.05335886055967144], [0.2505257218706635, -0.3890823870947638, 0.45726306294720453, -0.14206962408985968, 0.38328632324538436, -0.602439903952838, -0.23249775399968747, 0.6003047561848821, 0.20531774831525074, 0.7477038630393299, 0.3760460688346296, -0.07683441610572218, 0.2447167236387094, 0.07534790434665085]], "inverted": false, "swapped": true, "error_lsq": 0.038372992430090624, "error_max": 0.22599716080745172, "target": "621.xyz", "model": "0.xyz", "model_rescale": 3.8414455957264533, "target_rescale": 4.268788108131258},
{"mapping": [2, 1, 15, 3, 8, 10, 13, 4, 14, 11, 7, 0, 12, 5, 16], "R": [[0.09038746046531568, -0.38238497552334877, -0.9195715510413747], [0.8781483096233708, -0.4049459846117318, 0.25470433025854156], [-0.46977191624899006, -0.8305422807063126, 0.2991886807065214]], "T": [-0.043907879859280796, -0.010341732485989779, -0.0688389000109386], "aligned_model": [[-0.7672851439452929, -0.5998350924059767, 0.14117193104560624, -0.3442527652754775, -0.43227537677954203, 0.3093255620231169, 0.6713271205798755, -0.361356614797119, 0.7246209274462869, 0.34765330893682955, 0.4532458741086847, -0.39133086347658785, 0.24097735491163563, -0.08253189399501004, -0.03741017487248507], [0.03891326922609163, 0.07176597176833314, -0.6469721716301464, -0.4262161007128938, -0.5063509495993632, -0.4875984431068247, -0.33666645769308445, 0.04390783682574774, 0.3332596753298924, 0.1424957773995834, 0.21658896513852396, 0.7022148348531755, 0.6393012478209996, 0.5878943760185179, -0.025493303595538426], [0.01694523250925692, -0.6212650713967189, 0.22463578119959537, -0.5438889779864067, 0.03911910176344316, -0.4710455594510516, 0.05622539996310562, 0.5555749950503617, 0.0641386630116904, 0.49246322956872624, -0.518882681267661, -0.25162025915031055, -0.1915640573002103, 0.36378271400653156, -0.049436723180816905]], "inverted": true, "swapped": true, "error_lsq": 0.03786605242811621, "error_max": 0.2421747198251309, "target": "621.xyz", "model": "1.xyz", "model_rescale": 4.316132596720782, "target_rescale": 4.268788108131258},
{"mapping": [8, 9, 2, 11, 4, 15, 5, 13, 0, 10, 12, 16], "R": [[0.797528256369661, 0.5974511077471927, -0.08367110698216385], [0.4475318553056525, -0.6789180002885153, -0.5820529077076447], [-0.40455397511166397, 0.4267581548557636, -0.808834691692595]], "T": [0.024280855576872547, -0.03452291630755389, 0.012506424006757617], "aligned_model": [[-0.25839745318534446, 0.6060918576187233, 0.026412983587221023, -0.44288426164284356, -0.48620350996079553, -0.5316151224934101, -0.09874648434675734, -0.2872108127179533, 0.5270889158836933, 0.1479508781815216, 0.3955619560391968, -0.00024039233147149508], [-0.5973111479742207, -0.12350350059688839, -0.5977651679937755, 0.47272045001941065, -0.15942020779095525, -0.1580903498522463, 0.3217523231454288, 0.41577732437069637, 0.012764440684153104, -0.0596764683666658, 0.5190155189858382, -0.033486786889794354], [0.1214640594688339, 0.06732692501223148, -0.45205063247613103, -0.11477464387252412, -0.4537722550591869, 0.46127250103749373, -0.6234746639869739, 0.5903408683683751, -0.625299641197857, 0.7184745915061531, -0.2595277800498874, 0.019279132458893775]], "inverted": true, "swapped": true, "error_lsq": 0.04510691731094757, "error_max": 0.26440835447576244, "target": "621.xyz", "model": "2.xyz", "model_rescale": 3.795458400668931, "target_rescale": 4.268788108131258},
{"mapping": [2, 9, 12, 13, 4, 11, 7, 8, 10, 15, 5, 16], "R": [[0.9722198010300742, -0.22888643685807616, 0.048986299181061864], [0.23400115609522096, 0.9453448406774061, -0.2270827847960069], [0.005667224289070662, 0.23223723049292394, 0.9726426637475007]], "T": [0.039736766717013906, -0.05884086097833691, -0.0092681136472847], "aligned_model": [[0.10841421852200198, -0.2503430641478269, -0.6512749291861349, 0.29093404693580166, 0.1864270646770371, -0.016433995745773262, -0.35607181654439696, 0.5931948485771869, 0.3499990716263306, 0.7000322528143396, -0.4198814212711562, 0.05830754948615574], [-0.059781972106014526, -0.5701050960070719, 0.0132129367973702, 0.0789229000464158, 0.5134881000746063, 0.5691410050091406, -0.37349069860863576, -0.12259599056232501, -0.5119507056864745, 0.09840799928832586, 0.49338537363033547, -0.04286480658596298], [-0.736139602086529, -0.07163354889640951, 0.17932708627958302, 0.7334371332856299, -0.38944036967634493, 0.2976898168665685, 0.4862415701657144, -0.32252331527693795, 0.45197672369575265, 0.24561010814780448, -0.18344338164493515, -0.002330790220796325]], "inverted": false, "swapped": true, "error_lsq": 0.04089824626737283, "error_max": 0.21851300041365976, "target": "621.xyz", "model": "3.xyz", "model_rescale": 3.7530521520055578, "target_rescale": 4.268788108131258},
{"mapping": [7, 5, 11, 4, 13, 2, 10, 9, 3, 8, 16], "R": [[-0.8403914254224156, -0.5413098906813061, 0.026941683820303375], [-0.13211919088179064, 0.2528202329585952, 0.9584500243661653], [-0.52562988069289, 0.801913668705899, -0.28398538072482565]], "T": [-0.08897962123627087, -0.03875880041350355, -0.0250465126069086], "aligned_model": [[-0.5359594358535694, -0.030554252758815112, 0.35285649616664927, 0.3817901967053452, 0.2606790947697989, -0.11793028633791573, -0.1499823892783142, -0.6614632990191411, -0.31294445564667606, 0.2157016181577505, -0.06399368445990708], [-0.5875803096301512, 0.07493389804945222, -0.34453093731610374, 0.363601513766586, -0.737856427232743, 0.6905478865245189, -0.4565736455150409, -0.022320188263733838, 0.18192073558558336, 0.3479480652456512, -0.042887232899672834], [-0.039287228968240634, -0.7531949614386972, -0.4756281315423054, -0.35684672887851476, 0.12558981023515103, -0.04330176281394041, 0.5546322317840398, 0.12130609075460774, 0.5994303983089718, 0.3825519769462833, -0.022420917142038903]], "inverted": true, "swapped": true, "error_lsq": 0.041474975619844326, "error_max": 0.22455647737780274, "target": "621.xyz", "model": "4.xyz", "model_rescale": 3.7855080009869324, "target_rescale": 4.268788108131258},
{"mapping": [0, 3, 5, 9, 7, 4, 6, 12, 10, 2, 14, 6, 1, 13, 11, 8, 16], "R": [[0.3941954327894447, 0.8939995085008411, 0.213013707465499], [-0.811457825273748, 0.22976551117823185, 0.537349055712398], [0.4314465883164942, -0.3846721833890002, 0.8160154120828831]], "T": [0.04031152108047381, -0.009530984460224164, 0.06332668560205551], "aligned_model": [[-0.5672342246316913, -0.15279350770760228, -0.02691379341422878, 0.14336870031619614, 0.36760009645467284, -0.2456262302499363, 0.18315224075663133, -0.31331819915450887, 0.5746872535157324, -0.47322892730471483, -0.04583295225361002, 0.18315224075663133, -0.6756161442853703, 0.3153365434979563, -0.20730963386723072, 0.7208650564585422, 0.031644966761347454], [0.014676181641789958, -0.5345595218429239, -0.07002098718661226, -0.7109997213969642, 0.3858484397842096, 0.5344293689182985, 0.6267604681319005, 0.04020735252003182, -0.28868529612916966, -0.5402249101019567, -0.49296577562352695, 0.6267604681319005, 0.23526912544628742, 0.25445901471143445, 0.5692691028299786, 0.12413896977508054, -0.05672484425318235], [-0.42532049109793546, -0.34834319207881115, -0.7409897703284156, -0.001749025361354406, -0.4825000004344336, -0.34819186827099824, 0.09173063299610895, 0.6425825719002609, -0.3459161774208725, 0.0839628853006037, 0.5286946378073578, 0.09173063299610895, 0.0883151457975445, 0.6793933672664754, 0.5492386641285771, 0.18286372079518765, 0.08750069292110371]], "inverted": false, "swapped": false, "error_lsq": 0.04088991922139195, "error_max": 0.44123384107895275, "target": "621.xyz", "model": "5.xyz", "model_rescale": 4.2253639853439635, "target_rescale": 4.268788108131258},
{"mapping": [6, 2, 3, 15, 8, 9, 10, 13, 0, 5, 1, 7, 14, 16], "R": [[0.25106944252453756, 0.8755655442209697, 0.4127337068903573], [-0.8706272595305241, 0.39061849510766267, -0.29904074344843845], [-0.4230511907473939, -0.2842572233961036, 0.8603635981109092]], "T": [0.04969420737165146, -0.003945876216894954, -0.009693148298898557], "aligned_model": [[0.7056089570648186, -0.3872953607858856, -0.5129024441274288, 0.371057574194725, -0.1553731273549172, -0.41194854786980317, -0.010066048787200237, 0.6251891926336147, -0.30187265821028725, 0.3525054682157965, -0.7310948680899927, 0.0753443322957989, 0.6871584093900296, 0.06775127418851529], [-0.3063014528005937, 0.07962180438982228, -0.40758924208298636, -0.6471152472935818, -0.48064813993882216, 0.1652101423059863, -0.4992181225476241, -0.36285972719720533, 0.7232258855964594, 0.597555728872558, 0.10145336249169232, 0.19719661710629177, 0.303857997435553, -0.019290459702559083], [-0.4400580352691459, -0.588585365263306, 0.08719935833917027, -0.10317570032895731, -0.38280402493368615, 0.3184822342916762, 0.5055273316832364, 0.4070518346049147, -0.107010075391339, -0.3147191738810546, -0.02488642639176203, 0.6686007187880335, 0.464941083387599, -0.019005550703930743]], "inverted": false, "swapped": true, "error_lsq": 0.041942369868268145, "error_max": 0.2457705817049303, "target": "621.xyz", "model": "6.xyz", "model_rescale": 3.89814844738969, "target_rescale": 4.268788108131258},
{"mapping": [9, 0, 2, 7, 8, 5, 12, 10, 13, 11, 4, 15, 16], "R": [[0.48446768748163915, -0.7254788123407279, -0.48884716694574415], [0.2192197564302194, 0.6416543965155446, -0.7349981862718765], [0.8468965451440149, 0.24891791473688618, 0.46990011017893174]], "T": [0.005367906860198404, 0.04441827102982448, -0.029180695529344658], "aligned_model": [[0.10342951773816195, -0.10882043479063001, 0.5139874779087898, -0.40983837772695286, 0.5749838321547185, -0.4195739302748168, -0.572480190561397, 0.10892771231282085, -0.3804218086113138, -0.5156801096562953, 0.0749737271733749, 0.174210947552964, 0.004933437684797978], [-0.3508302062373378, 0.22582145600025788, 0.4561351998563202, -0.5068585430225622, 0.18545485337018558, 0.5843251184167142, -0.023548850946717707, -0.5803466607054881, -0.2537101809588097, 0.387352046921437, 0.7355643945995516, 0.05018261618681124, 0.054240021990123594], [-0.4576540733463492, -0.8139752696480618, -0.35299382257407846, -0.18696668091531393, 0.22410919050100253, -0.3020629926809245, -0.4531253967826713, 0.3073637680457747, 0.6000853315323057, 0.2912017938596071, 0.07608797541712808, 0.6759001798995861, -0.00569497247170939]], "inverted": false, "swapped": true, "error_lsq": 0.04310677124969015, "error_max": 0.22451644003880297, "target": "621.xyz", "model": "7.xyz", "model_rescale": 3.7474275329858107, "target_rescale": 4.268788108131258},
{"mapping": [15, 8, 3, 10, 1, 7, 13, 14, 9, 12, 11, 5, 4, 2, 16], "R": [[0.2636275671593283, 0.6226703445730475, 0.7367375026581289], [-0.4366866751146984, -0.603974637965275, 0.6667228693182686], [0.8601193252165213, -0.4974899784759464, 0.11268747803140616]], "T": [0.029076198731881796, -0.034361714494463236, 0.0077997067297762585], "aligned_model": [[-0.36571909006274356, 0.24716324231868195, 0.4272505943856235, -0.19646789275551296, 0.7708758688743299, -0.18708643365520286, -0.7158347838539553, -0.6548058684480969, 0.37330742977147746, -0.06486158752438964, -0.5306450475631804, -0.01852136439163602, 0.05860931442873137, 0.6462979844663664, 0.012591356348253938], [0.13388139251605083, 0.21188214429226904, -0.3511007244920418, -0.5625459633729714, -0.2980670284869417, -0.6448052424131921, -0.23266932968704657, -0.22725447601857496, -0.4979639389513442, -0.24560794968025523, 0.31395151361481094, 0.3924809829414528, 0.6670305136870582, 0.34989267167873284, -0.019986603648413623], [-0.5765898703933207, -0.5402070356576116, -0.47174660711261407, -0.4216991771179601, -0.02632026291395704, 0.29386126870247353, -0.19087522637029103, 0.4784154609499818, 0.13430943308906207, 0.6895678370478514, 0.24681763752182306, 0.6095301285400655, 0.035838336396083505, -0.058874671436487114, -0.005232595548838365]], "inverted": true, "swapped": true, "error_lsq": 0.037678363052379885, "error_max": 0.2885466699955328, "target": "621.xyz", "model": "8.xyz", "model_rescale": 4.019505241142653, "target_rescale": 4.268788108131258},
{"mapping": [9, 10, 7, 12, 0, 5, 11, 1, 2, 8, 15, 4, 16], "R": [[-0.36265860157803564, 0.794665552053041, -0.4868114615348528], [0.7079843350670851, 0.5746182667797025, 0.41057524131723794], [0.6060007590763242, -0.1957562460391145, -0.7710010195425118]], "T": [-0.03750581504941917, 0.006672429112469042, 0.0036761631462290806], "aligned_model": [[-0.2546103327612596, -0.6969812106931904, -0.20516739847741436, 0.34939823789043656, 0.4295201678744591, 0.6988263783876802, 0.3924210276527043, -0.2639889431202118, 0.13493718833240329, -0.3048878742374974, -0.3581611496631289, 0.4358755982791701, -0.03748091772297469], [-0.5089127941946177, 0.15430673114872226, -0.14939427879945, -0.24637861088751864, -0.6558922219864057, -0.012005740778196966, 0.5256582501026211, -0.7098389407767599, -0.344473323544523, 0.11855905822922301, 0.621230465794809, 0.2395740107688149, 0.03094562303733975], [-0.18728032326990635, -0.236353719571401, -0.6661981368389177, -0.5481639296867779, -0.06519640643538045, -0.0596147823302005, -0.19011799880266445, 0.2409276438550651, 0.6201335499606584, 0.5733230738917197, 0.21622925508801305, 0.4676549538325784, 0.011360314351092641]], "inverted": false, "swapped": true, "error_lsq": 0.04249757255324298, "error_max": 0.28899005019054985, "target": "621.xyz", "model": "9.xyz", "model_rescale": 3.877068213659057, "target_rescale": 4.268788108131258},
{"mapping": [13, 11, 0, 4, 5, 6, 8, 12, 7, 9, 3, 10, 15, 2, 1, 16], "R": [[0.995027444347843, -0.06756736463489929, -0.07317811305912926], [-0.020171401418452955, -0.8561902855713149, 0.5162667038054319], [-0.09753717014254502, -0.5122234337958432, -0.853295760162313]], "T": [-0.025682332567525168, 0.030036171421148797, -0.06964002072470332], "aligned_model": [[0.1855438502474958, 0.010918992757072053, -0.6700977555094906, 0.25506055357014246, -0.3591402368833955, 0.5428491262434021, 0.5299139198932867, -0.7043141000898429, -0.511926733928352, -0.3995624800365192, 0.19051417142215624, 0.15659221832777154, 0.6294014231432149, 0.10043937900652147, -0.23568854036941314, -0.005095262476955801], [0.17756397473934965, -0.4730954319987384, -0.1899762146587739, -0.5886869009594415, -0.6297697880880803, -0.4823119434911365, 0.10604330765875648, -0.11923312062169554, 0.39350423037372684, 0.42879942525386106, 0.5924274095743917, 0.654448987306599, 0.09400688106614878, -0.1756183274709861, 0.3926914143282296, 0.021004974121338085], [-0.8228392362076886, -0.5567318829999099, 0.3755250375385308, 0.10917446139792136, -0.06835988517400604, -0.4176750462341643, 0.23702772418027918, -0.2578809983222146, -0.4338599459390353, 0.15536748254844562, 0.2850517945733029, -0.3716377900022264, -0.37370130118066874, 0.6194602475509092, 0.5977054543153857, -0.08159178893481878]], "inverted": false, "swapped": true, "error_lsq": 0.034781256980629616, "error_max": 0.26669880144117186, "target": "621.xyz", "model": "10.xyz", "model_rescale": 4.260839863003843, "target_rescale": 4.268788108131258},
{"mapping": [13, 10, 9, 7, 0, 12, 11, 15, 8, 2, 4, 16], "R": [[-0.9542465542398909, -0.189610264180317, -0.23121734675141842], [0.0981630237706009, -0.9290348349943035, 0.3567328077585801], [-0.2824491715079152, 0.3177140586826116, 0.9051410069320219]], "T": [-0.01305668122270351, 0.0029197682331825736, 0.0054894372848644235], "aligned_model": [[0.46390373619626313, 0.23276466198214474, -0.46894100891390256, -0.3417720124928544, -0.7645800687837058, -0.5550118431360265, 0.2406587690970857, 0.7033113266573742, 0.37440288549429185, -0.1512799536993719, 0.21437029738040703, 0.01107185931242455], [-0.04773978147671651, -0.5831122156218345, -0.37311993514824077, -0.22812329738506168, 0.2325081364604167, 0.27049360350158175, 0.56873437978052, -0.09839711888753552, -0.1956759858359146, 0.07546266943433524, 0.5411299251573773, 0.01091812555400642], [-0.6298312545719321, -0.3268603939451167, -0.008312557290551068, -0.5774034640909509, 0.21608477335894194, -0.3855935567708313, -0.32195803224066877, -0.041754680139335115, 0.47340416979267175, 0.7187155537539853, 0.3956384137244564, 0.0040491058148352825]], "inverted": true, "swapped": true, "error_lsq": 0.04324187745267099, "error_max": 0.24072778403071982, "target": "621.xyz", "model": "11.xyz", "model_rescale": 3.890672605050136, "target_rescale": 4.268788108131258},
{"mapping": [11, 6, 15, 14, 13, 0, 4, 12, 5, 2, 3, 8, 9, 16], "R": [[-0.0759521415582777, -0.19456469731324216, -0.9779447074104536], [-0.7113276831257382, 0.6978712609135597, -0.0835980287440285], [0.6987447312228411, 0.6892896936341966, -0.19140407215624958]], "T": [0.08695146494379884, 0.07143888546402244, 0.21033803179104107], "aligned_model": [[0.37579937814892656, 0.236907681009491, 0.3887970272973184, 0.7358763466217608, 0.843874574543435, -0.40039628626915014, -0.2923387754389708, 0.2201202023971347, -0.13340617884019024, -0.6322765598436626, -0.059588905091706765, -0.18126938548107596, 0.012801587376286852, 0.09497512836409683], [-0.3218527503252368, 0.10083879886571487, 0.5361433849640461, -0.47899408838999924, 0.15875348150596252, -0.45242463916030806, -0.06709442922623571, -0.5710304237479589, -0.5912360325884432, 0.1864397805424825, 0.6624498689128141, 0.6015594869841947, 0.08999204518841072, 0.07860803630232167], [-0.2932770215238536, -0.6164060446004725, -0.2572293169331986, 0.1623638031628276, -0.02016918877858226, 0.5975173099147763, -0.36460271446119485, 0.5065749929725719, -0.03224015913258935, 0.15988526899312133, 0.553941079392546, -0.02532933869943546, 0.7964988030209735, 0.18726296202937112]], "inverted": true, "swapped": true, "error_lsq": 0.043439117293292744, "error_max": 0.26249367078714253, "target": "621.xyz", "model": "12.xyz", "model_rescale": 4.124412569039231, "target_rescale": 4.268788108131258},
{"mapping": [2, 4, 15, 0, 8, 1, 5, 9, 11, 12, 10, 13, 16], "R": [[-0.6672528109883525, 0.47279635472602805, -0.5755321825805415], [-0.38250757678901975, -0.8805389812989836, -0.2798911504709298], [-0.6391100374169805, 0.033387263600486765, 0.768390298417502]], "T": [0.16177391435827887, 0.10088314972866594, -0.036729766914897176], "aligned_model": [[-0.11373973708293311, -0.13680859406872647, 0.7295626042666781, -0.5507776935873951, 0.48103678833241686, 0.06460851056641598, -0.5108890036496088, 0.12122875932544701, -0.007740966239764835, -0.3255505785851091, 0.805657847587889, 0.637942198220435, 0.1727681724240131], [-0.23538033590904264, 0.4370837266337101, 0.47944627491880476, -0.28078200006739007, -0.0019950843408951813, -0.6713291203012817, 0.40688902591032305, -0.42122190648236124, 0.7765814436684569, 0.1258689128257006, -0.010057386288423537, 0.6210452565558225, 0.121336569385054], [0.5498524821165344, 0.5031101030279592, 0.20819104645030842, -0.12865656332242223, 0.5073259954193974, 0.08663355786587065, -0.016121045919521813, -0.31093639427854936, -0.11695489074028934, -0.566019492211197, -0.33240476956423715, -0.40603338093402097, -0.026288566941993333]], "inverted": true, "swapped": true, "error_lsq": 0.03853284889676288, "error_max": 0.22461261404687935, "target": "621.xyz", "model": "13.xyz", "model_rescale": 3.9028299243045295, "target_rescale": 4.268788108131258},
{"mapping": [2, 12, 0, 4, 8, 3, 5, 6, 1, 11, 15, 14, 7, 10, 13, 16], "R": [[0.1263450915197314, 0.9124840970199863, -0.3891139814173876], [0.5215429398328291, -0.39477097141005035, -0.7564052102163863], [-0.8438186296588865, -0.10737156428769018, -0.5257770130226441]], "T": [0.049364016172657885, -0.006904672610373912, 0.03942796593255217], "aligned_model": [[-0.06304088020207864, -0.06262323983954714, -0.041902319989351594, -0.5594597277693132, 0.11808617939512797, 0.6355260604350496, -0.5692973631639786, -0.5591542850829273, 0.524462392140453, -0.5213927167339113, 0.006829232833262505, -0.18206725736133783, 0.39847345255963157, 0.6027511214641073, 0.06384780915859321, 0.0368008137368165], [-0.6447229851429562, 0.5415145927258805, 0.011808314723036013, -0.35709667551188157, -0.5803600774899237, -0.38399787690972276, 0.15088911271806477, -0.1035635999842448, -0.38956516708521605, 0.327491759846993, -0.15429251548603642, 0.8069246597435795, 0.5984275542226818, 0.16353360977693143, 0.4755848795486136, -0.010323303574698727], [-0.2976366840257865, -0.4132885314288801, -0.7687606855846445, 0.056996043405033295, 0.3131715488146058, 0.09461754887785645, -0.3332635095946833, 0.6114590125455612, -0.4593945422813803, 0.2721409382218458, 0.7480518837760192, 0.14191148075207327, -0.07412509760842366, 0.4625491457246951, 0.6724240662845554, 0.06130749174588458]], "inverted": true, "swapped": true, "error_lsq": 0.04032305521352124, "error_max": 0.2607544251438498, "target": "621.xyz", "model": "14.xyz", "model_rescale": 3.942246331269136, "target_rescale": 4.268788108131258},
{"mapping": [12, 9, 7, 3, 8, 10, 11, 14, 5, 13, 15, 4, 1, 2, 16], "R": [[-0.937995839067442, 0.23269726283768044, -0.2569353805142782], [-0.10552499941051068, -0.8977032809520896, -0.42777715444757636], [-0.3301943070247838, -0.3741400850426285, 0.8665973207740246]], "T": [-0.07241752136523372, -0.023205162198457, 0.005395481520768582], "aligned_model": [[-0.7143761796654581, -0.33852115162893437, -0.3412345846703228, 0.23676844401696967, 0.40947570308390774, 0.3504039517263511, -0.1025321669832922, -0.33959307019954954, -0.589355325044574, 0.3145128938376758, 0.6152352893737922, -0.039140977796131765, -0.2821020731123495, -0.15144318597849227, -0.05380353042738215], [0.20723314610476623, -0.4352676004507663, 0.07476145197976661, -0.6258535166375149, -0.31386476556456, -0.11197447754117687, 0.6607261120765017, 0.6799401813413213, 0.33419542406479136, 0.5274509572442445, 0.20409414034587853, 0.17134861242974175, -0.7826883516252322, -0.48396743962052646, -0.00798918426558449], [-0.22491806602697806, -0.3244837065920109, -0.6421682069602332, -0.1679542131165849, 0.3083893782806158, -0.5670204858848642, 0.15728580332582176, -0.39533552469464883, 0.394728044977155, -0.4197547309617051, 0.03929061253793493, 0.6796735605473532, -0.008355493591931544, 0.5662098062484134, 0.013775702272178832]], "inverted": true, "swapped": true, "error_lsq": 0.03613598969247443, "error_max": 0.2367127074583849, "target": "621.xyz", "model": "15.xyz", "model_rescale": 4.355366556412066, "target_rescale": 4.268788108131258},
{"mapping": [8, 9, 2, 11, 4, 15, 5, 13, 0, 10, 12, 16], "R": [[0.797528256369661, 0.5974511077471927, -0.08367110698216385], [0.4475318553056525, -0.6789180002885153, -0.5820529077076447], [-0.40455397511166397, 0.4267581548557636, -0.808834691692595]], "T": [0.024280855576872547, -0.03452291630755389, 0.012506424006757617], "aligned_model": [[-0.25839745318534446, 0.6060918576187233, 0.026412983587221023, -0.44288426164284356, -0.48620350996079553, -0.5316151224934101, -0.09874648434675734, -0.2872108127179533, 0.5270889158836933, 0.1479508781815216, 0.3955619560391968, -0.00024039233147149508], [-0.5973111479742207, -0.12350350059688839, -0.5977651679937755, 0.47272045001941065, -0.15942020779095525, -0.1580903498522463, 0.3217523231454288, 0.41577732437069637, 0.012764440684153104, -0.0596764683666658, 0.5190155189858382, -0.033486786889794354], [0.1214640594688339, 0.06732692501223148, -0.45205063247613103, -0.11477464387252412, -0.4537722550591869, 0.46127250103749373, -0.6234746639869739, 0.5903408683683751, -0.625299641197857, 0.7184745915061531, -0.2595277800498874, 0.019279132458893775]], "inverted": true, "swapped": true, "error_lsq": 0.04510691731094757, "error_max": 0.26440835447576244, "target": "621.xyz", "model": "16.xyz", "model_rescale": 3.795458400668931, "target_rescale": 4.268788108131258},
{"mapping": [9, 0, 2, 7, 8, 5, 12, 10, 13, 11, 4, 15, 16], "R": [[0.48446768748163915, -0.7254788123407279, -0.48884716694574415], [0.2192197564302194, 0.6416543965155446, -0.7349981862718765], [0.8468965451440149, 0.24891791473688618, 0.46990011017893174]], "T": [0.005367906860198404, 0.04441827102982448, -0.029180695529344658], "aligned_model": [[0.10342951773816195, -0.10882043479063001, 0.5139874779087898, -0.40983837772695286, 0.5749838321547185, -0.4195739302748168, -0.572480190561397, 0.10892771231282085, -0.3804218086113138, -0.5156801096562953, 0.0749737271733749, 0.174210947552964, 0.004933437684797978], [-0.3508302062373378, 0.22582145600025788, 0.4561351998563202, -0.5068585430225622, 0.18545485337018558, 0.5843251184167142, -0.023548850946717707, -0.5803466607054881, -0.2537101809588097, 0.387352046921437, 0.7355643945995516, 0.05018261618681124, 0.054240021990123594], [-0.4576540733463492, -0.8139752696480618, -0.35299382257407846, -0.18696668091531393, 0.22410919050100253, -0.3020629926809245, -0.4531253967826713, 0.3073637680457747, 0.6000853315323057, 0.2912017938596071, 0.07608797541712808, 0.6759001798995861, -0.00569497247170939]], "inverted": false, "swapped": true, "error_lsq": 0.04310677124969015, "error_max": 0.22451644003880297, "target": "621.xyz", "model": "17.xyz", "model_rescale": 3.7474275329858107, "target_rescale": 4.268788108131258},
{"mapping": [13, 7, 10, 12, 6, 4, 15, 1, 11, 8, 5, 0, 2, 16], "R": [[0.6019437054455697, -0.528361880285016, 0.5987466066176409], [-0.4724799478109699, -0.8401267003654779, -0.2663640858853873], [0.6437596402315081, -0.12255958059122622, -0.7553493726841258]], "T": [0.07396720102360589, 0.03832248535766927, 0.004178778927291411], "aligned_model": [[0.5345088144813327, 0.16793595561000269, 0.7398561383704609, -0.38256690169682184, 0.13000373480166816, -0.27726164878250165, 0.5998586511905772, 0.02212024189444199, -0.13579774098719016, 0.36750133786932704, -0.6178593287187502, -0.6047380024091441, -0.21165019920032746, 0.08293659545980099], [-0.487666664117426, 0.18846545694388817, 0.12324255345206195, 0.08488495426922457, -0.7334843753713721, -0.31228793545245637, -0.3958393564704914, 0.8050989504567289, -0.6163762210708356, 0.0802361796473596, -0.2195955919703699, 0.47530650112514705, 0.351960877069608, 0.016462913000166123], [-0.3765138111909075, -0.6812595938688183, -0.24820690677734497, -0.5504973541687869, 0.3328595756084285, 0.5014916133816144, 0.2503939667260018, 0.17835444019790442, -0.134052268866475, 0.570385754343416, -0.033157999639044804, -0.09707749618492195, 0.5984121495117224, 0.013662649588866645]], "inverted": false, "swapped": true, "error_lsq": 0.034383609807751084, "error_max": 0.19656745539495837, "target": "621.xyz", "model": "18.xyz", "model_rescale": 3.922800546911778, "target_rescale": 4.268788108131258},
{"mapping": [5, 12, 11, 4, 10, 0, 7, 8, 9, 6, 13, 15, 2, 3, 16], "R": [[-0.821136043444857, -0.3228618629729868, -0.4706334195457632], [-0.29910924096740854, -0.45885500480833585, 0.8366515084132958], [-0.48607536465411083, 0.8277755142548943, 0.2802114163920141]], "T": [0.029798650816079755, 0.0216923254657334, 0.03022732603323978], "aligned_model": [[-0.19171874154340496, -0.35723331815057535, 0.3979894415556877, 0.15863382010664984, 0.332648320967089, -0.737513432281377, -0.12264508853146443, 0.25026118737641584, -0.4201885847668873, 0.7131639388821756, 0.6704831383534081, 0.7217303849241392, -0.30984888454768644, -0.06335784692948798, 0.05364650147293622], [0.4611367327373393, -0.16142604294459229, 0.23266612346439358, 0.7082022430164246, -0.5731434771754794, 0.1934105414198985, -0.6034916950322907, 0.27859980475159074, -0.3310024484967065, 0.47724697544624495, -0.370344245505708, 0.046571141045874336, 0.5437944069469735, -0.21517892986717682, 0.030570375227793187], [-0.5214595187452234, -0.54850489290125, -0.5280424544875004, -0.045370687751388236, 0.2924685782806477, -0.17856356911001642, -0.2649076405571347, 0.5723566494727833, 0.1803764453776032, -0.14960268659173986, -0.23344050612052933, 0.24538252776128996, 0.4111585626321033, 0.681414697112474, 0.029393662791210005]], "inverted": true, "swapped": true, "error_lsq": 0.036444694920263025, "error_max": 0.2860532492422202, "target": "621.xyz", "model": "19.xyz", "model_rescale": 3.9282355846067225, "target_rescale": 4.268788108131258},
{"mapping": [12, 7, 13, 9, 0, 10, 3, 15, 2, 4, 11, 5, 6, 16], "R": [[0.9067759380260991, 0.07821226542733808, 0.4142948705374132], [0.40683493617668093, -0.4201995407887801, -0.8111212490294004], [0.1106468839281266, 0.9040548586549504, -0.41284631477024686]], "T": [-0.042999047836363796, -0.047643242365006284, -0.027531211172633924], "aligned_model": [[-0.5596097463408428, -0.24209453731832306, 0.5220989875392897, -0.42419322693224326, -0.8443714063470737, 0.34086059475483377, 0.04574245838268651, 0.6795321597056813, -0.2923092228473485, 0.03453133367343103, 0.15879292885126747, -0.4174839890675386, 0.5515841101586582, -0.0205576251278011], [-0.5352137260936576, -0.6275960719310921, -0.6070506766983196, -0.06336008247067593, 0.035987430607390396, -0.26185441151818206, 0.32881842539188755, 0.006898451786391278, 0.6262164156796514, 0.287365731222411, -0.4184494778245762, -0.16644779526006687, -0.03516574170538393, -0.047266383760941694], [0.08928262649922367, -0.3813878250755917, -0.06518149788973306, -0.47905181155363147, 0.08497154437463321, -0.5941734077962769, -0.6099680529949602, -0.0019558580367607555, 0.1021500776796631, 0.5851411768036958, 0.5323993948482489, 0.598716522479268, 0.5667516925854842, -0.015511424679580083]], "inverted": false, "swapped": true, "error_lsq": 0.03868585912339179, "error_max": 0.2801318313773483, "target": "621.xyz", "model": "20.xyz", "model_rescale": 4.067790424073018, "target_rescale": 4.268788108131258},
{"mapping": [12, 10, 0, 5, 1, 3, 2, 7, 9, 13, 15, 4, 11, 8, 16], "R": [[0.08522294014367643, 0.8046393257783855, 0.5876160361019539], [0.23359177647785329, -0.5894601158026714, 0.7732862690102689], [0.9685927588182703, 0.07136054434214067, -0.23819265369865072]], "T": [0.08499501108740898, 0.033355657389514785, 0.03876938071599724], "aligned_model": [[0.3248683344703103, 0.11928844535806837, -0.2320875222046035, 0.3435336283981874, -0.6680244109812121, -0.46250593903961273, -0.47221120104365916, 0.28611003090805887, -0.27216695028319376, 0.7195636753124879, 0.33229434471708985, 0.15623842192558446, 0.7284253679260944, -0.23413417065063674, 0.09925189909455183], [-0.17556685571410593, 0.749106715849675, -0.47293123942385135, -0.63234642048381, 0.060110992716566496, 0.4506574032550101, -0.3867020303679294, 0.39397248556107023, 0.22563034526187328, 0.4983037862567031, 0.34791384453482477, -0.530525105925188, -0.22573525333506006, 0.10478171218828045, 0.03422475955378847], [-0.6070395967161946, 0.06779371315902898, -0.5134813428224817, -0.15238041336137997, -0.19191940877925068, 0.16097036040074147, 0.25355395860947677, -0.5363019658999366, -0.39122207450305263, 0.16057192218858962, 0.643398545946444, 0.45177336205944435, 0.1417685338604045, 0.5879180585180449, 0.05984592096126263]], "inverted": false, "swapped": true, "error_lsq": 0.03501014356208947, "error_max": 0.19995388557250293, "target": "621.xyz", "model": "21.xyz", "model_rescale": 4.186013935880536, "target_rescale": 4.268788108131258},
{"mapping": [12, 0, 5, 13, 10, 11, 7, 9, 4, 2, 3, 15, 16], "R": [[-0.452955200615768, -0.8679525615233841, -0.20369078815725894], [-0.4059508043382864, -0.00261959705820769, 0.9138911763270017], [-0.7937477752360806, 0.4966402004029161, -0.3511594803668609]], "T": [-0.009183099838736528, 0.013276648402125876, 0.06069198220569552], "aligned_model": [[-0.04381302256822228, -0.40480809491869874, 0.2911718178254876, 0.4740647478355957, -0.14440611374086895, 0.6529373630483973, -0.18645240773390323, -0.5573207406368168, 0.37860397357136527, -0.2851148563741445, -0.5265830775902823, 0.39794997953213235, 0.01234446717318351], [-0.3732130510824708, 0.14501816526534772, 0.1754733914690878, -0.5149834139261326, -0.42519867774581555, -0.08676945604516838, -0.6599611614702945, -0.1887300582640995, 0.5759010115340639, 0.6809730472863479, 0.10589190116205262, 0.0660650969511875, 0.018489864411986835], [-0.5456771658620139, -0.6378591272022842, -0.5950662482992993, 0.40869030911223814, 0.6118472725416946, -0.14745897090564888, -0.06785857397043488, -0.02967001760664377, -0.10266174176831278, -0.04467795389938889, 0.5217242965907153, 0.6583007809552384, 0.07324670164948524]], "inverted": true, "swapped": true, "error_lsq": 0.04139644598571297, "error_max": 0.20454586442469702, "target": "621.xyz", "model": "22.xyz", "model_rescale": 4.166573947596378, "target_rescale": 4.268788108131258},
{"mapping": [14, 7, 9, 0, 12, 13, 10, 11, 5, 2, 6, 1, 3, 15, 8, 16], "R": [[-0.03650362544281848, 0.8916121310283585, 0.45132614940040816], [-0.6644059720582816, 0.31570208979172765, -0.6774192902438088], [-0.7464798655173628, -0.32459204904649935, 0.5808681537775803]], "T": [-0.03482408474800279, 0.04324626091722748, 0.028695905964766975], "aligned_model": [[-0.7921521798904219, -0.21063825696947586, 0.31654254779463004, 0.1382983558205093, -0.35962508440389496, -0.5606886216106379, 0.06636455682293597, -0.704872845649688, -0.4264302096058814, 0.4502402047263847, -0.5242542122179161, 0.6894486571155697, 0.5883868262007721, -0.1709297542282776, 0.3345014348731124, -0.04695817775696474], [0.059061036351632776, 0.13124936899587863, -0.059725536795267, -0.7122285892795611, -0.3862153115146946, 0.6288068054925169, 0.6826882567313792, -0.004447842836552765, -0.5686590077055466, -0.3332410840689115, 0.25969416373240256, -0.19074375208485178, 0.350576896688769, 0.6429236967776035, 0.29342150555347035, 0.05654683158341106], [-0.3619260808267163, -0.6514096972111019, -0.4353786270785929, -0.21855899842401025, -0.4491368383204459, -0.09078358503523584, -0.2798374342124686, 0.22994073236125437, 0.16564955544933183, 0.42370166911824153, 0.6771289751283632, -0.175385168092861, -0.04868081998658786, 0.41280846839451274, 0.4864298830742198, 0.04669849882619024]], "inverted": true, "swapped": true, "error_lsq": 0.042230504890520076, "error_max": 0.2588420821128212, "target": "621.xyz", "model": "23.xyz", "model_rescale": 4.274766983524099, "target_rescale": 4.268788108131258},
{"mapping": [8, 4, 0, 9, 12, 7, 10, 13, 15, 11, 16], "R": [[0.9652379641845941, 0.21358674151152798, -0.15065316573928517], [-0.2602852933523682, 0.8380070729816806, -0.4795786814456501], [0.023816770588230868, 0.502120353583844, 0.8644697287676322]], "T": [-0.039527259309228714, 0.09288092108207496, -0.08113374168667134], "aligned_model": [[0.4479049700469074, 0.3890572183035143, -0.6280104195324853, -0.5259184850368243, -0.6330681444999929, -0.5793762896080893, -0.01734474101462393, 0.17778675981037415, 0.5922933165750751, 0.17296913361060756, -0.016398614696387627], [-0.13428350761050284, 0.6089576644088435, 0.48721398634418694, -0.18377853942735306, 0.425513679532854, -0.12154087240900535, -0.5592025259135303, -0.11201351337514154, -0.1539139949915443, 0.56292393385909, 0.09571022082558621], [-0.4265545435998306, -0.28991489020448236, -0.48118076420677225, -0.27168555158031843, 0.15407197401065956, 0.3235700025733562, 0.21654585659161005, 0.6567571032797273, 0.17494294653491785, 0.3938866776698846, -0.07087237704717457]], "inverted": false, "swapped": true, "error_lsq": 0.048715950954951646, "error_max": 0.23635288283484135, "target": "621.xyz", "model": "24.xyz", "model_rescale": 3.7841303162186577, "target_rescale": 4.268788108131258},
{"mapping": [14, 7, 0, 3, 9, 1, 10, 13, 12, 5, 6, 15, 2, 8, 4, 16], "R": [[-0.5920874829349261, 0.3360939775301931, -0.7324433430783007], [-0.6703227529399274, -0.709900807907681, 0.21612091482098372], [-0.44732518310824, 0.6189359265707202, 0.6456148227520986]], "T": [-0.002087925607433684, -0.03521750993683717, 0.10253531451084438], "aligned_model": [[0.05685332616481489, 0.150121224001275, -0.7330079862365887, 0.30528139241314073, -0.06492098424718867, -0.22290237399327092, 0.6622001493344419, 0.5968791805492019, -0.38243836715840585, -0.6203778410147603, 0.15794685464783603, 0.5606981721649368, -0.4180135131455321, 0.20120042327801924, -0.34127841171062673, 0.00960130342548509], [0.018411364954459858, -0.5212067108842482, -0.39195340868277506, -0.3969039288036169, -0.6198632298723084, -0.5975591539001043, -0.3032725483316906, 0.17498093430844977, -0.31059600442739865, 0.2363541579352554, 0.7863394169599055, 0.40814202441327707, 0.02702527676636833, 0.1867811671862728, 0.5527387858776568, -0.012605675131541969], [-0.7460113017669093, -0.389242758398601, 0.08398861754448658, 0.6158949873282409, 0.16310149906140667, 0.6084841957513845, 0.0680987195016102, -0.37782395836924665, -0.44313609711743207, -0.19830704722770023, 0.023225324787907647, 0.21382040972171448, 0.6993530253044924, 0.6663613699886517, 0.28382689120139615, 0.1019861385058519]], "inverted": true, "swapped": true, "error_lsq": 0.0384644284868066, "error_max": 0.30590372915266106, "target": "621.xyz", "model": "25.xyz", "model_rescale": 4.19342608120988, "target_rescale": 4.268788108131258},
{"mapping": [8, 9, 2, 11, 4, 15, 5, 13, 0, 10, 12, 16], "R": [[0.797528256369661, 0.5974511077471927, -0.08367110698216385], [0.4475318553056525, -0.6789180002885153, -0.5820529077076447], [-0.40455397511166397, 0.4267581548557636, -0.808834691692595]], "T": [0.024280855576872547, -0.03452291630755389, 0.012506424006757617], "aligned_model": [[-0.25839745318534446, 0.6060918576187233, 0.026412983587221023, -0.44288426164284356, -0.48620350996079553, -0.5316151224934101, -0.09874648434675734, -0.2872108127179533, 0.5270889158836933, 0.1479508781815216, 0.3955619560391968, -0.00024039233147149508], [-0.5973111479742207, -0.12350350059688839, -0.5977651679937755, 0.47272045001941065, -0.15942020779095525, -0.1580903498522463, 0.3217523231454288, 0.41577732437069637, 0.012764440684153104, -0.0596764683666658, 0.5190155189858382, -0.033486786889794354], [0.1214640594688339, 0.06732692501223148, -0.45205063247613103, -0.11477464387252412, -0.4537722550591869, 0.46127250103749373, -0.6234746639869739, 0.5903408683683751, -0.625299641197857, 0.7184745915061531, -0.2595277800498874, 0.019279132458893775]], "inverted": true, "swapped": true, "error_lsq": 0.04510691731094757, "error_max": 0.26440835447576244, "target": "621.xyz", "model": "26.xyz", "model_rescale": 3.795458400668931, "target_rescale": 4.268788108131258},
