[{"mapping": [6, 3, 7, 5, 0, 5, 11, 2, 9, 12, 10, 13], "R": [[0.539015563745982, 0.8081915254149816, 0.23725235570380865], [0.09037940910898451, -0.3355424630221065, 0.9376794857082933], [0.8374328536955737, -0.48398110888387336, -0.2539064823804708]], "T": [-0.1495193447437615, 0.026247641914936143, 0.07269916088011272], "aligned_model": [[-0.4167170667270836, -0.6310325258848668, 0.29041459965357436, -0.09907558329716418, -0.5629767523611142, -0.09907558329716418, 0.4869012267659496, -0.6986616328146293, 0.09347031226470809, 0.08147582585150354, 0.788719489085162, -0.023430471826976884], [-0.21747486917975434, -0.10643794098414591, 0.453204438788541, -0.7275283867382005, 0.5474117934319724, -0.7275283867382005, -0.24414058732478802, 0.472705960120236, 0.7137936741989526, 0.21078560004827687, 0.30663739464781914, 0.09741328850648108], [-0.6009112600163243, -0.0813784113873535, -0.3695230690517419, 0.031731051323750814, 0.46366378055878976, 0.031731051323750814, -0.021751368452125067, -0.2279267910390301, 0.1432658091046046, 0.5704006589120633, 0.3104351528951207, -0.001979545102124891]], "inverted": false, "swapped": false, "error_lsq": 0.052429972705974215, "error_max": 0.37450228012342773, "target": "624.xyz", "model": "0.xyz", "model_rescale": 3.8414455957264533, "target_rescale": 3.957040431794311},
{"mapping": [0, 4, 13, 1, 2, 10, 12, 7, 9, 6, 8, 14], "R": [[0.5713069669942368, 0.8146888421367839, -0.09945069110706309], [0.2725396096879666, -0.07401770831315657, 0.9592932502666739], [0.7741643950834842, -0.5751551698054141, -0.2643218114933541]], "T": [-0.10917755950750503, 0.02291299639165742, 0.03780984311130417], "aligned_model": [[-0.42066753934988155, -0.6436131046916734, 0.33347758711595216, -0.29186673160626997, -0.626723906672151, 0.23475383324650034, 0.5612495331010044, -0.4619462677741512, 0.02041635654844441, -0.02812204979378409, 0.6380594754649879, -0.10500534817707977], [0.025983654401634665, -0.06126318551811662, 0.31372018412483005, -0.7515257971663956, 0.2966653161956806, -0.36545326846962334, -0.3293478582227204, 0.49815693202203803, 0.6924422899110267, 0.28121997775449814, 0.24483149630656334, -0.06658776256222568], [-0.6167754706747205, -0.017959801777148086, -0.5047162865541882, -0.3018475027520775, 0.48704271541349675, 0.48419996599304715, -0.055621134995114216, -0.2124948557050589, 0.01670008152621902, 0.7704316292382992, 0.16700500734590823, 0.03179271201071755]], "inverted": false, "swapped": false, "error_lsq": 0.049638025745677126, "error_max": 0.2970612105343219, "target": "624.xyz", "model": "1.xyz", "model_rescale": 4.316132596720782, "target_rescale": 3.957040431794311},
{"mapping": [3, 10, 4, 7, 8, 9, 5, 6, 2, 1, 0, 11], "R": [[-0.4695507348891822, -0.7858836579699594, 0.402379153909326], [0.04995339502743812, -0.47866135060229154, -0.8765774180098544], [0.8814912170238918, -0.39149736598775003, 0.2640133457505359]], "T": [-0.06226581259639567, 0.026856732751572916, 0.062724194985903], "aligned_model": [[-0.1500261145729911, -0.6660073241153915, 0.21419624787415353, -0.26292421664296683, -0.5525378410159159, 0.14184758700118905, 0.42839667768792283, -0.5762102109723175, 0.10335028320241214, -0.0025101172955804274, 0.611665642408535, -0.07922877614715144], [-0.1724098985350106, -0.10159946179281532, 0.5167455728250938, -0.7947450604989186, 0.493478899247702, -0.5568904784365312, -0.3035302763821705, 0.44499541346806787, 0.8118287008964986, 0.11302959266028667, 0.2223402207159365, 0.10559875460905041], [-0.5566367239392298, 0.1901251052700212, -0.4644450232244758, -0.22911106332401487, 0.4217969002932814, 0.47202655115654646, -0.1938973682948335, -0.4242225804076619, 0.30171314825371365, 0.5952659853639696, 0.17003989036485828, -0.034897762442794786]], "inverted": false, "swapped": false, "error_lsq": 0.04652217400332403, "error_max": 0.2628555265773751, "target": "624.xyz", "model": "2.xyz", "model_rescale": 3.795458400668931, "target_rescale": 3.957040431794311},
{"mapping": [10, 6, 4, 2, 3, 1, 0, 5, 9, 8, 7, 11], "R": [[0.4651689693788805, -0.25348111214782, -0.848153969342415], [0.8137941298595328, 0.4995054626341897, 0.29704108639171445], [0.348363235909239, -0.8283970174879364, 0.4386358823488288]], "T": [-0.03833746965697371, 0.004048273957010844, -0.015833102037353636], "aligned_model": [[-0.2623667878042686, -0.49133578751320617, 0.2398478076242464, -0.4306522381180609, -0.6051525536035097, 0.15114736798695788, 0.5916825970532286, -0.4425996595146171, -0.06032222043474328, -0.1696105288628697, 0.5968324827331456, 0.09254135786559475], [-0.11181866658622627, -0.13337419642040257, 0.27238410104531996, -0.6384467454947753, 0.42671863869498283, -0.470112134381458, -0.3597558587033784, 0.5011450597438407, 0.8278419635773613, 0.13063928098956093, 0.3260226975425991, 0.007597838769765115], [-0.7053230962357981, 0.33517100801792254, -0.5272659605128335, -0.1607971798012978, 0.3544916863834594, 0.3523193737481565, -0.3038074286316437, -0.3044357405580871, 0.25882171856880654, 0.7439728191665715, 0.2601993213361221, -0.055589462411998816]], "inverted": false, "swapped": false, "error_lsq": 0.054456928222905925, "error_max": 0.2910707282207231, "target": "624.xyz", "model": "3.xyz", "model_rescale": 3.7530521520055578, "target_rescale": 3.957040431794311},
{"mapping": [7, 9, 8, 10, 2, 5, 0, 1, 3, 6, 11], "R": [[0.9323098050216438, 0.30746537014716185, -0.19042970782095303], [0.35846096002324607, -0.7157038929367802, 0.599394425878612], [0.04800174579864326, -0.6270829162043937, -0.7774720886339753]], "T": [-0.054890289440811035, -0.015610789626780405, 0.004917977783797883], "aligned_model": [[-0.4432017614000912, -0.10488413573333205, 0.17582777919272533, 0.5519912157463176, 0.3921344103732425, -0.2142079109233963, -0.32242388508354675, -0.6188053396040936, -0.4429174555278194, 0.4420407518000672, -0.07735406639486822], [-0.7475763723700221, 0.20292420083346907, -0.43216664349642525, 0.19787166390666538, -0.43646908929532824, 0.5564489910254992, -0.47055837176092935, -0.07294601657630102, 0.33128277103690945, 0.3890398483158571, -0.05064762330504818], [-0.08981305348936844, -0.636024280487867, -0.6294760170548269, -0.27365043061333094, 0.1639302867198526, 0.10133668180110475, 0.5413706564916209, 0.03501589755007602, 0.64168881071487, 0.33791353698704574, -0.09946131137386027]], "inverted": false, "swapped": true, "error_lsq": 0.055690294204879545, "error_max": 0.2538920982513559, "target": "624.xyz", "model": "4.xyz", "model_rescale": 3.7855080009869324, "target_rescale": 3.957040431794311},
{"mapping": [7, 10, 6, 5, 15, 3, 1, 8, 13, 14, 12, 16], "R": [[0.462668906812823, 0.8358450117985629, -0.29546674757083485], [-0.2692003491352456, -0.185087357358067, -0.945131653354002], [-0.84467073744394, 0.5168227804554162, 0.13937560370539548]], "T": [0.01995580384313196, 0.020242052864636255, 0.02850318550166219], "aligned_model": [[-0.3265629001487456, -0.687257266778062, 0.12417984453204475, -0.23445664505954616, -0.5441930694416783, -0.14176659597694224, 0.7332732871090503, -0.48074235117147973, 0.09556206276940489, 0.09814123076227192, 0.5537394072852053, 0.02009483353037514], [-0.13923223262680667, -0.15372985622218566, 0.3221914830179406, -0.6881038183580066, 0.4496035730395491, -0.5813621663254395, -0.21667228915209846, 0.4840199832733826, 0.7407626245365665, 0.1988568229220543, 0.34229962859876856, 0.02020822607346474], [-0.61637060984646, 0.005099731365294749, -0.5407427710404402, -0.2691941056927334, 0.4488635552446039, 0.3356429488804467, -0.06179466388205138, -0.14331434210935912, 0.029702470341329022, 0.6763312502439028, 0.3013020960911325, 0.08223149947371441]], "inverted": true, "swapped": false, "error_lsq": 0.0447851090988823, "error_max": 0.21559128493459645, "target": "624.xyz", "model": "5.xyz", "model_rescale": 4.2253639853439635, "target_rescale": 3.957040431794311},
{"mapping": [1, 9, 4, 8, 7, 5, 10, 0, 3, 6, 2, 13], "R": [[-0.8627474896800794, -0.49035016161066747, 0.12338349994676635], [0.4694546904660929, -0.8674448464220007, -0.1647778262245765], [0.18782721488140725, -0.08423869315406138, 0.9785830470254375]], "T": [-0.13777597755935655, -0.007159735882884058, 0.07920268997050034], "aligned_model": [[-0.1371520188005996, -0.6567375162295402, 0.21668473563630414, -0.22416709327096876, -0.49854533189397465, 0.28742418470954817, 0.4539194856875133, -0.6761976776244019, 0.03106594562918047, 0.021352046091902388, 0.5102282670031962, -0.11786318952626129], [-0.08579953784676607, -0.22029373759317972, 0.4084606378340063, -0.7252044232638171, 0.590374604522731, -0.3660709172566482, -0.4055632137368295, 0.48747737731498364, 0.6638034811178755, 0.24428162065033332, 0.13851660174688962, 0.04885948528761076], [-0.650537794161232, -0.1613160123821736, -0.37082910886018433, -0.07183795902443807, 0.45628278893611923, 0.38107824767941945, -0.23652444221185126, -0.2501889439137646, 0.2351201011352892, 0.6494425381367688, 0.17428431659165095, 0.09278332714377667]], "inverted": false, "swapped": false, "error_lsq": 0.04952913004882856, "error_max": 0.2853131897830628, "target": "624.xyz", "model": "6.xyz", "model_rescale": 3.89814844738969, "target_rescale": 3.957040431794311},
{"mapping": [5, 6, 10, 1, 8, 0, 2, 9, 11, 7, 4, 12], "R": [[0.9839376653222225, 0.17763662334275282, 0.017660713678648937], [-0.0501091575105847, 0.1798852998243876, 0.9824104800136599], [0.17133517763096306, -0.9675156375761971, 0.18589714347372627]], "T": [-0.05051651967889696, 0.05804579148431154, 0.16572374133258272], "aligned_model": [[-0.36573863904045356, -0.6812802160276267, 0.2341304329679726, -0.09804482115876492, -0.5461494502856893, -0.039611570882206376, 0.4547915928806469, -0.5285316809236316, 0.027463686306496773, 0.11160009322991042, 0.5769880936542571, 0.06439431669098697], [-0.17426755507685493, -0.17556818232923513, 0.3135413453240772, -0.6822710774016876, 0.47057520407360753, -0.4986168832986688, -0.23012104211750595, 0.48064745898945116, 0.8602658346399173, 0.11991942520662766, 0.19269014064325887, 0.10204731012420232], [-0.5045315298138573, 0.09545624077002338, -0.460855700852595, -0.23982355089744772, 0.3703068641985384, 0.3682530875111259, -0.23822109637967226, -0.45946040376121255, 0.2412383694314058, 0.7990992514487606, 0.22576246108447548, 0.05053306632983541]], "inverted": false, "swapped": false, "error_lsq": 0.04413341174631391, "error_max": 0.24140696778402762, "target": "624.xyz", "model": "7.xyz", "model_rescale": 3.7474275329858107, "target_rescale": 3.957040431794311},
{"mapping": [5, 3, 11, 6, 2, 0, 10, 8, 4, 1, 12, 14], "R": [[-0.11645628750730735, 0.9386123235355054, 0.3247227112588449], [0.9573490466367472, 0.019038549523797632, 0.2883059772806333], [0.26442529380474644, 0.34444802182522355, -0.9007967718952837]], "T": [0.04360216762429428, 0.1323882097781175, -0.025026330306856442], "aligned_model": [[-0.41315908557430236, -0.5882277766193836, 0.49101996793795455, -0.17955425532471475, -0.5201655318521735, -0.02700265032755869, 0.5467733073682585, -0.5103592264204669, -0.2429071941799165, 0.002907988959047758, 0.6148127530303285, 0.0358735404148253], [-0.10327500694077207, -0.200250175696443, 0.24190448473247111, -0.6269023037440333, 0.4595417967458003, -0.4186718461075827, -0.41776814537737506, 0.4695916345891183, 0.8554677571462832, 0.07741053255113067, 0.263560593439706, 0.1782326574388864], [-0.5238784826366231, 0.040373693015163664, -0.4425229806796168, -0.2265634866071671, 0.5076330424737565, 0.3293195630180079, -0.1643466400217208, -0.23628669114210862, 0.06037975625562411, 0.7233874983196187, 0.16772971158026126, 0.0125320754941846]], "inverted": false, "swapped": false, "error_lsq": 0.04744699189324434, "error_max": 0.32349132905252775, "target": "624.xyz", "model": "8.xyz", "model_rescale": 4.019505241142653, "target_rescale": 3.957040431794311},
{"mapping": [11, 9, 5, 10, 7, 1, 6, 8, 4, 0, 2, 12], "R": [[0.325948067931556, 0.26407485274072395, -0.9077567566047917], [0.5653248319670855, -0.8240500847561124, -0.03673271259832156], [-0.7577372178882813, -0.5012044791932823, -0.41788560475747233]], "T": [0.010106733637511953, 0.03560505487804803, 0.018311779264230558], "aligned_model": [[-0.22946173392682806, -0.625874561995417, 0.31849182467535925, -0.00963583987161784, -0.5819903701153558, -0.11021025412659526, 0.4509208732077843, -0.5549745583626027, -0.037151679785582724, 0.020804263600696635, 0.5551950369448581, 0.013898837167198927], [0.04004341420207668, -0.1960817614670115, 0.43280303559877, -0.8722051993218458, 0.5306168457269569, -0.42972572483740695, -0.34273718532493586, 0.35318054706534907, 0.845455750285289, 0.3474536388074749, 0.012848617407188848, 0.05719000063528423], [-0.5560023980885266, -0.07754786901070629, -0.4262746790078553, -0.09860926836428416, 0.49156471028919313, 0.49296574804078575, -0.41826797473268296, -0.17133492273603257, 0.19007663234035038, 0.5886468576392047, 0.24707595558520015, -0.014535732885266679]], "inverted": false, "swapped": false, "error_lsq": 0.05680949905242782, "error_max": 0.352852595125919, "target": "624.xyz", "model": "9.xyz", "model_rescale": 3.877068213659057, "target_rescale": 3.957040431794311},
{"mapping": [6, 3, 11, 13, 5, 2, 9, 12, 0, 1, 8, 15], "R": [[-0.7148837780221527, 0.6801286566100662, -0.16237670515982328], [0.4299532511968154, 0.24442309157482045, -0.8691360964143044], [-0.5514357493906806, -0.6911456885221767, -0.4671576302824825]], "T": [-0.0591121181324186, -0.0744560281908881, -0.006658260460574494], "aligned_model": [[-0.4521973900949648, -0.6822295499071018, 0.2974163219769914, -0.2989291320262767, -0.5459590857510574, 0.2585948029092275, 0.5513340225359815, -0.40894045357882797, 0.026577749905460517, -0.09831780853794375, 0.614955705459308, -0.0522933454788982], [-0.12804445306456408, -0.12470435979358181, 0.4683061413653687, -0.782547602426709, 0.4151997109416838, -0.6114196121034305, -0.26908936740847966, 0.5072293746014971, 0.7094174294299445, 0.3887435803187134, 0.19083641633937237, 0.014914720577374849], [-0.47879894374314996, 0.10270861806255763, -0.3573033444920495, -0.20346430281431271, 0.35969229501546185, 0.21936779959343805, -0.16514698721335946, -0.3188400081822902, 0.1027295111914785, 0.7260187807518634, 0.2590020939048624, 0.0017915469948799403]], "inverted": false, "swapped": false, "error_lsq": 0.04683198525571106, "error_max": 0.23188762564934834, "target": "624.xyz", "model": "10.xyz", "model_rescale": 4.260839863003843, "target_rescale": 3.957040431794311},
{"mapping": [5, 10, 3, 6, 9, 7, 0, 4, 2, 8, 1, 11], "R": [[-0.33111788640313256, 0.7109700296550213, 0.6203890410349465], [0.7245002967910427, 0.6127895336845319, -0.3155761514379455], [-0.6045330969050523, 0.34497913609236164, -0.7180035726981826]], "T": [-0.0794569132110606, 0.08398394957171257, 0.05664154402617719], "aligned_model": [[-0.29284539918982433, -0.5992775713199617, 0.31987420684584256, -0.15935794982322196, -0.6876376797706312, 0.1554099606459268, 0.4997074674424976, -0.6102310959682601, 0.10237815154889265, -0.10053386642394666, 0.6079032705948919, -0.02537765717030764], [-0.017717610307166676, -0.2344133984095469, 0.33525591395225146, -0.6533951521658752, 0.46550117740331715, -0.4309056784453447, -0.5144400350252338, 0.4909987028129778, 0.7451058457793682, 0.28051018707794084, 0.2528580525172265, 0.059483973587275175], [-0.5763932488705413, 0.20409799266078407, -0.4736698059213901, -0.33469363114109274, 0.40347582896916245, 0.38729521753873275, -0.21992964806786922, -0.24121851735097385, 0.07116647844897456, 0.7469650964808578, 0.20590023963178267, 0.07476105669095275]], "inverted": true, "swapped": false, "error_lsq": 0.04084509795217639, "error_max": 0.23642176580519397, "target": "624.xyz", "model": "11.xyz", "model_rescale": 3.890672605050136, "target_rescale": 3.957040431794311},
{"mapping": [7, 4, 5, 3, 10, 0, 8, 12, 9, 11, 6, 13], "R": [[-0.6389684999037306, -0.4973274472564875, -0.5868429656527561], [-0.7670346279812017, 0.469562064632876, 0.43722916981309745], [0.058113127677967, 0.7295045425924753, -0.6815027415413879]], "T": [0.03876341394528225, 0.05668214148801773, 0.18704826311551875], "aligned_model": [[-0.2809680709326437, -0.5663697972920395, 0.15643487069424306, -0.16863297401103827, -0.7245823305196145, 0.09204380584055934, 0.46973380284557326, -0.4629111836180284, 0.25884997027308015, -0.05637716523366007, 0.5811060046704172, -0.08831509530495031], [-0.03820707904562101, -0.2919765086278904, 0.43784313521224116, -0.7333294243400759, 0.4858735008754287, -0.5226725805474212, -0.3014164454860191, 0.4271354054812929, 0.7951243848779151, 0.37257508832172215, 0.11578433992657414, 0.03210816212904279], [-0.5976376509167622, 0.24456335836972942, -0.4806656778538155, -0.244149626631811, 0.3677097030441341, 0.288062349469555, -0.26596495052892116, -0.22065153342783456, 0.07711475174401798, 0.6274141112798217, 0.37260091970344145, 0.0793613048178248]], "inverted": false, "swapped": false, "error_lsq": 0.048983476090764415, "error_max": 0.25644301114666934, "target": "624.xyz", "model": "12.xyz", "model_rescale": 4.124412569039231, "target_rescale": 3.957040431794311},
{"mapping": [5, 10, 0, 7, 2, 9, 3, 4, 1, 8, 6, 12], "R": [[-0.994550497531495, 0.09108412280214974, 0.05072465311087888], [0.08622843358795178, 0.44517772422162055, 0.891280792510322], [0.05860004352237529, 0.890797663013449, -0.4506057683485133]], "T": [-0.011479287156060197, 0.0005550772065058274, -0.021409035818411234], "aligned_model": [[-0.3513270022835402, -0.7074900040689925, 0.1687977264976748, -0.21804180617176902, -0.5588715700219413, 0.19909727418868842, 0.6520245465331815, -0.5279143536318793, 0.18802834067279903, -0.021956079564651787, 0.5149627678781137, -0.1272980026157852], [-0.16988424735900037, -0.18301182093915014, 0.2563338473365604, -0.5720399356116627, 0.5126801461260996, -0.47252968513941696, -0.1619437989482237, 0.5051116349264793, 0.7558086091520961, 0.148944633573243, 0.14537115578012455, 0.014001439880040644], [-0.6765424926319813, 0.1413237148651541, -0.5101265539133464, -0.17155746754412277, 0.40342636300318124, 0.3534103759637367, -0.2266166226519783, -0.33284724465832594, 0.20805361436794412, 0.6805645372458123, 0.3652431087017441, 0.013425726321561776]], "inverted": false, "swapped": false, "error_lsq": 0.044471566159409566, "error_max": 0.21881953455838218, "target": "624.xyz", "model": "13.xyz", "model_rescale": 3.9028299243045295, "target_rescale": 3.957040431794311},
{"mapping": [10, 5, 9, 13, 0, 12, 11, 4, 3, 2, 1, 15], "R": [[0.4729332006887199, -0.8489822581341808, 0.23571871597247107], [0.8272093916555543, 0.519949131345365, 0.21302000650185032], [-0.3034119477594298, 0.0942445021557642, 0.9481873041600174]], "T": [-0.05165949057365829, 0.10262314172781056, 0.042729107199333594], "aligned_model": [[-0.3465294897981682, -0.4727063643101179, 0.44718216970988844, -0.29631792965707454, -0.6102774999049092, 0.07660318264293053, 0.5687607791998536, -0.6368640736794796, -0.14814149279826308, 0.07568526804746412, 0.5525666894562961, 5.059850347791106e-05], [-0.008001244410783648, -0.1874963395133855, 0.2415577079274008, -0.6124422740391438, 0.5232762093014462, -0.5384550941139488, -0.27163124733521093, 0.3702271280012638, 0.7171585329249701, 0.3045140157909517, 0.0985825021475677, 0.1415520820960622], [-0.6326719076042948, 0.06826438429291184, -0.5340721070366876, -0.20521252132345658, 0.4879406587525359, 0.28107270612793533, -0.10173206218245415, -0.17007826185824382, 0.08428535162825944, 0.7392728294289819, 0.2816708413961834, -0.05098285255229107]], "inverted": true, "swapped": false, "error_lsq": 0.04054928912957955, "error_max": 0.22233654549861576, "target": "624.xyz", "model": "14.xyz", "model_rescale": 3.942246331269136, "target_rescale": 3.957040431794311},
{"mapping": [0, 8, 5, 7, 13, 6, 9, 12, 4, 11, 10, 14], "R": [[-0.8743476450687352, -0.3121454332979252, 0.3715930893248795], [-0.3892928998902253, 0.9083202562563014, -0.15298807198453834], [-0.2897710020996173, -0.2784233117857371, -0.9157036779419673]], "T": [-0.01972523054982102, 0.16435175515341854, -0.04674207720552978], "aligned_model": [[-0.44627542644103524, -0.5747719897130883, 0.2632538204942422, -0.026386045423969953, -0.5239695078536383, 0.04463169191659652, 0.6149930066498375, -0.6355369735361552, 0.15469617447479467, -0.15558815827491101, 0.5713629318787412, -0.07639768675951593], [-0.21758522450240608, -0.3310384681992733, 0.2539944736675842, -0.668962924809785, 0.6287697707720621, -0.3020485434340534, -0.3251466425371149, 0.6662605157269132, 0.6222242858125395, 0.07963770199383816, 0.2264150909939424, 0.14632194329294268], [-0.5081492258549744, 0.16621929966059454, -0.6076935883691115, -0.23784881657407017, 0.3902744694840764, 0.25511606389155816, -0.12215019452004769, -0.2389392452972056, 0.2751179794334637, 0.6521683739423929, 0.34792669863610426, -0.12428475536340083]], "inverted": true, "swapped": false, "error_lsq": 0.05369570195606096, "error_max": 0.22169254098399047, "target": "624.xyz", "model": "15.xyz", "model_rescale": 4.355366556412066, "target_rescale": 3.957040431794311},
{"mapping": [3, 10, 4, 7, 8, 9, 5, 6, 2, 1, 0, 11], "R": [[-0.4695507348891822, -0.7858836579699594, 0.402379153909326], [0.04995339502743812, -0.47866135060229154, -0.8765774180098544], [0.8814912170238918, -0.39149736598775003, 0.2640133457505359]], "T": [-0.06226581259639567, 0.026856732751572916, 0.062724194985903], "aligned_model": [[-0.1500261145729911, -0.6660073241153915, 0.21419624787415353, -0.26292421664296683, -0.5525378410159159, 0.14184758700118905, 0.42839667768792283, -0.5762102109723175, 0.10335028320241214, -0.0025101172955804274, 0.611665642408535, -0.07922877614715144], [-0.1724098985350106, -0.10159946179281532, 0.5167455728250938, -0.7947450604989186, 0.493478899247702, -0.5568904784365312, -0.3035302763821705, 0.44499541346806787, 0.8118287008964986, 0.11302959266028667, 0.2223402207159365, 0.10559875460905041], [-0.5566367239392298, 0.1901251052700212, -0.4644450232244758, -0.22911106332401487, 0.4217969002932814, 0.47202655115654646, -0.1938973682948335, -0.4242225804076619, 0.30171314825371365, 0.5952659853639696, 0.17003989036485828, -0.034897762442794786]], "inverted": false, "swapped": false, "error_lsq": 0.04652217400332403, "error_max": 0.2628555265773751, "target": "624.xyz", "model": "16.xyz", "model_rescale": 3.795458400668931, "target_rescale": 3.957040431794311},
{"mapping": [5, 6, 10, 1, 8, 0, 2, 9, 11, 7, 4, 12], "R": [[0.9839376653222225, 0.17763662334275282, 0.017660713678648937], [-0.0501091575105847, 0.1798852998243876, 0.9824104800136599], [0.17133517763096306, -0.9675156375761971, 0.18589714347372627]], "T": [-0.05051651967889696, 0.05804579148431154, 0.16572374133258272], "aligned_model": [[-0.36573863904045356, -0.6812802160276267, 0.2341304329679726, -0.09804482115876492, -0.5461494502856893, -0.039611570882206376, 0.4547915928806469, -0.5285316809236316, 0.027463686306496773, 0.11160009322991042, 0.5769880936542571, 0.06439431669098697], [-0.17426755507685493, -0.17556818232923513, 0.3135413453240772, -0.6822710774016876, 0.47057520407360753, -0.4986168832986688, -0.23012104211750595, 0.48064745898945116, 0.8602658346399173, 0.11991942520662766, 0.19269014064325887, 0.10204731012420232], [-0.5045315298138573, 0.09545624077002338, -0.460855700852595, -0.23982355089744772, 0.3703068641985384, 0.3682530875111259, -0.23822109637967226, -0.45946040376121255, 0.2412383694314058, 0.7990992514487606, 0.22576246108447548, 0.05053306632983541]], "inverted": false, "swapped": false, "error_lsq": 0.04413341174631391, "error_max": 0.24140696778402762, "target": "624.xyz", "model": "17.xyz", "model_rescale": 3.7474275329858107, "target_rescale": 3.957040431794311},
{"mapping": [2, 1, 9, 0, 11, 8, 4, 7, 12, 10, 5, 13], "R": [[-0.0641684723434718, -0.6811284063942881, 0.7293466262072398], [-0.2936041768828752, 0.7113913816703726, 0.6385286911345862], [-0.9537709339637243, -0.17316580519229574, -0.24563104331103894]], "T": [-0.11723288943941446, 0.05544959164700218, 0.03918050826477231], "aligned_model": [[-0.38178175733787195, -0.7663301950072179, 0.2706955175281413, -0.16704716678267467, -0.5990992777122657, 0.1911763333397803, 0.5864131015999143, -0.5232300071298851, 0.12443859804305507, 0.0708198907494142, 0.5344096493504592, -0.1304528492289512], [-0.12992129221721804, -0.18124680965413692, 0.3500794280302399, -0.729699761436539, 0.40805437262847205, -0.45622097857649185, -0.3433511280705336, 0.6261669466916231, 0.7617097928365832, 0.2235871718374316, 0.259207521001637, -0.00952328429387786], [-0.5928671606010538, 0.005034962063480357, -0.4195448741117387, -0.24401804735678234, 0.4456424549312985, 0.4390947866927844, -0.1480790102320509, -0.2380690600201925, 0.08421764479855776, 0.6816797506413028, 0.2780625807082552, -0.043396968444480426]], "inverted": false, "swapped": false, "error_lsq": 0.040918389397806766, "error_max": 0.22790816768356445, "target": "624.xyz", "model": "18.xyz", "model_rescale": 3.922800546911778, "target_rescale": 3.957040431794311},
{"mapping": [7, 3, 13, 9, 5, 2, 10, 12, 8, 1, 6, 14], "R": [[0.3764579842814986, -0.9235538243252174, -0.07299122991823659], [-0.8089660689963548, -0.3661002626316557, 0.4599396666016293], [-0.45150114649167417, -0.11410053144178887, -0.8849450736861615]], "T": [-0.017926744233165162, 0.12925661005634434, 0.03389136580547074], "aligned_model": [[-0.39586552638099093, -0.5970211333500942, 0.08955013341600739, -0.08466258551700664, -0.5333338905647971, 0.010183123622729114, 0.5945570147038532, -0.6418248625914041, 0.13542549656620473, 0.1109978017302125, 0.5863806099447093, -0.06437434416752567], [-0.13969540136078304, -0.1370546202452196, 0.46111053719172024, -0.655826341377141, 0.5473391318761252, -0.5286709262416452, -0.39247773948579245, 0.478365677858019, 0.7128997601076902, 0.0976209463193751, 0.2524110362571519, 0.08281991787768975], [-0.6165224344493788, -0.019748737602926447, -0.5578310679722246, -0.17088722870970202, 0.4108478601716134, 0.31579587995479774, -0.023183679613081307, -0.29396232298605113, 0.13505666450800552, 0.7621500218912768, 0.3427819304182453, -0.03673982654119437]], "inverted": false, "swapped": false, "error_lsq": 0.03841941097883024, "error_max": 0.24114338737129712, "target": "624.xyz", "model": "19.xyz", "model_rescale": 3.9282355846067225, "target_rescale": 3.957040431794311},
{"mapping": [9, 11, 7, 8, 10, 4, 6, 12, 2, 1, 5, 13], "R": [[0.215053622807708, 0.16597423886098622, -0.9623951846054699], [0.7867589136563653, -0.6132736600399147, 0.07004162821853233], [-0.5785865113356307, -0.7722356958440626, -0.2624684342253379]], "T": [0.003139790569651524, -0.01878707578986903, 0.021292488962263406], "aligned_model": [[-0.5281558858080652, -0.6289192270678777, 0.19509990233119315, -0.10617096060330317, -0.6013734985675727, -0.08627520097344019, 0.595396718981648, -0.47682825319492683, 0.13618961042092242, 0.12223425407186078, 0.622991481758926, -0.034177103937466695], [-0.14034050333868553, -0.2645384421427696, 0.39515078873767734, -0.6494402371631898, 0.5482775144174356, -0.5969528530005094, -0.22820504761488325, 0.4113536180810112, 0.756028388644114, 0.279718562534346, 0.21668432725953185, 0.051105862363111126], [-0.4045883555837949, 0.25253010589497277, -0.4028590596409377, -0.38974197292144086, 0.256315429929697, 0.26024256385151123, -0.1582065302042744, -0.5331477744644171, 0.2676153500031603, 0.6982058430618752, 0.24044369595034912, 0.1609477631926793]], "inverted": false, "swapped": false, "error_lsq": 0.05493306941007068, "error_max": 0.2906370645239068, "target": "624.xyz", "model": "20.xyz", "model_rescale": 4.067790424073018, "target_rescale": 3.957040431794311},
{"mapping": [8, 5, 0, 4, 10, 6, 2, 1, 12, 11, 3, 14], "R": [[0.24581350461883386, -0.8544826160555885, -0.45764088519908797], [0.9690845620613235, 0.22698201356147643, 0.09671751182692297], [0.02123281708628902, -0.467267187354704, 0.88386115600823]], "T": [-0.1220200989664568, 0.08613660423154212, 0.007307543966500933], "aligned_model": [[-0.33564115500351277, -0.5805817357895113, 0.3474659113866574, -0.10405909262356652, -0.5821582329264575, 0.11464084496686697, 0.4775370603840471, -0.8354004009492177, 0.1921340847098527, 0.005543397771217623, 0.6630960926733593, -0.15256493718783745], [-0.06316293153663924, -0.2779136339252363, 0.241206898311275, -0.6552682945602759, 0.6234240402099644, -0.4883180642805315, -0.30700628282262804, 0.39713688149706333, 0.7448501867774192, 0.25191439544539934, 0.16452443002918338, 0.1474543536321963], [-0.4998843228473038, -0.06789066206289851, -0.5025886410532536, -0.2967790769738549, 0.4206862206894422, 0.40924078983780693, -0.1919205026765326, -0.2528317909341885, 0.24058298619292823, 0.619089802796765, 0.32541590764549994, 0.044636348454969464]], "inverted": false, "swapped": false, "error_lsq": 0.04255330443844952, "error_max": 0.22032288827173593, "target": "624.xyz", "model": "21.xyz", "model_rescale": 4.186013935880536, "target_rescale": 3.957040431794311},
{"mapping": [8, 5, 9, 2, 3, 0, 1, 11, 4, 6, 7, 12], "R": [[0.9699133897325862, -0.06588105592708388, 0.23436659934251908], [0.2399048656254022, 0.09495340200560687, -0.966141556345042], [0.04139651998299032, 0.9932993193984854, 0.10790176187534581]], "T": [-0.014840573163773449, 0.10634994123226374, -0.037075744115349134], "aligned_model": [[-0.33038722626730904, -0.6434828638066202, 0.26589440106121315, -0.28074230559937585, -0.6566818406832232, 0.11232166326982924, 0.5552917398608459, -0.4482013148477378, 0.0320793596238977, 0.006648158986630487, 0.6388628534995688, -0.04159078768582079], [-0.05513824693026603, -0.2797615926451209, 0.1701915605221085, -0.548051085629174, 0.3773526744237504, -0.44481010502253737, -0.3519840441511125, 0.49220957599261406, 0.7798445836276515, 0.19879246144893495, 0.3047641274921983, 0.13543206964814314], [-0.7167962789697527, 0.1958738854980586, -0.5871329067190905, -0.26236393198908736, 0.5686766480783245, 0.4121912255630166, -0.03554622780796778, -0.28662892189834743, 0.2309161127392481, 0.5114180697638533, 0.2305571771411093, -0.013407792329984639]], "inverted": true, "swapped": false, "error_lsq": 0.045951924261764705, "error_max": 0.2361377009646992, "target": "624.xyz", "model": "22.xyz", "model_rescale": 4.166573947596378, "target_rescale": 3.957040431794311},
{"mapping": [14, 9, 6, 10, 3, 7, 5, 11, 2, 4, 1, 15], "R": [[-0.5299661930248454, 0.6494978535512735, -0.545241572592407], [0.619045253548474, -0.14313166306769082, -0.7722022410525516], [-0.5795850311299094, -0.7467702894865099, -0.32621362085353867]], "T": [-0.14030807948472923, 0.046719154331462454, 0.02312312992454614], "aligned_model": [[-0.4151378194301424, -0.7305923957969749, 0.393011185616044, -0.19712328387124023, -0.46048045511093805, 0.17988312072124296, 0.5937273085044602, -0.6574077133660954, 0.09321641880948517, -0.030374014111134245, 0.5132177987016052, -0.0719283132544139], [-0.32032311610239106, -0.06244798499332871, 0.4471363274645645, -0.6803133531660668, 0.44117567163477417, -0.5636774315559194, -0.3109135083561444, 0.5900485669388931, 0.6622460387113995, 0.26595246152593127, 0.25746151626951314, 0.05249679040596433], [-0.6216453160904124, 0.0329276130583188, -0.3434069246403294, -0.14757250181936477, 0.34455797224702434, 0.21360475869200207, -0.1329310560490385, -0.22079170246952007, 0.16241491895410365, 0.7157303574724571, 0.21440994152611353, 0.030458998188025554]], "inverted": false, "swapped": false, "error_lsq": 0.045156626272979, "error_max": 0.23627649441302187, "target": "624.xyz", "model": "23.xyz", "model_rescale": 4.274766983524099, "target_rescale": 3.957040431794311},
{"mapping": [7, 1, 3, 0, 5, 6, 2, 10, 8, 9, 11], "R": [[-0.3765474673979452, 0.8549030154707873, 0.3568652952237697], [-0.3787731417491639, -0.4936241690109517, 0.7828576415017711], [0.8454246932078939, 0.15961207318747017, 0.5096872317481933]], "T": [-0.07176205560078588, 0.10344653361250805, 0.056240539635607364], "aligned_model": [[0.45774635945031905, 0.021826591550620056, -0.725590149058508, -0.23365325488421695, -0.4319353541252644, -0.6419425293426588, -0.04952047731365697, -0.04864261043551307, 0.6417806157937551, 0.3526030986896245, 0.03722241363357455], [-0.11522648225556822, 0.4233139471588379, 0.3934011732343953, -0.20423759657824975, 0.569909686550557, -0.04929947130931697, -0.5283800169182378, -0.058448794795498, -0.13222521311928476, 0.4895851164526635, 0.12719418282318518], [-0.5498422372052634, -0.40323677177358364, -0.34973045549872606, -0.611183403149911, 0.1771470556728783, 0.47233130657129146, 0.1066213621441527, 0.7379557817687712, 0.31025044331240276, 0.41938667527143597, 0.06986667690812931]], "inverted": false, "swapped": true, "error_lsq": 0.06127782562308682, "error_max": 0.3647500885798417, "target": "624.xyz", "model": "24.xyz", "model_rescale": 3.7841303162186577, "target_rescale": 3.957040431794311},
{"mapping": [12, 9, 3, 2, 10, 8, 4, 14, 11, 7, 6, 15], "R": [[-0.6477606149172785, 0.7605089331248243, -0.04508157494288309], [-0.6869325304967298, -0.6086317513497974, -0.39710337419145375], [-0.32943874135770435, -0.22625992549768964, 0.9166660034093288]], "T": [-0.06471387261201603, 0.02682133243805164, 0.12275069495910385], "aligned_model": [[-0.33781792031726443, -0.586254546653138, 0.4520177611044036, -0.15198020665417453, -0.622096470093966, -0.1304301114590138, 0.5320112430967837, -0.7364324953684463, 0.10828017011346625, 0.06485397224567527, 0.6192901763164609, -0.0014297349188888003], [-0.0010715162884164103, -0.16920208778480283, 0.2744521706830291, -0.6235227425875794, 0.3932039834156389, -0.5154504661441769, -0.3482339975797211, 0.29847071866977426, 0.7748189769297853, 0.38402137520288104, 0.2584191690541201, 0.052936395206657494], [-0.5842203614110049, -0.055324717636205833, -0.4435259814986159, -0.24904252572831048, 0.5231798377098641, 0.3487605532685639, -0.12211044643726843, -0.20020389180611642, 0.1223580386235888, 0.6504114412042613, 0.14571491424118493, 0.11176019853943889]], "inverted": true, "swapped": false, "error_lsq": 0.043054639474232964, "error_max": 0.21721356941178815, "target": "624.xyz", "model": "25.xyz", "model_rescale": 4.19342608120988, "target_rescale": 3.957040431794311},
{"mapping": [3, 10, 4, 7, 8, 9, 5, 6, 2, 1, 0, 11], "R": [[-0.4695507348891822, -0.7858836579699594, 0.402379153909326], [0.04995339502743812, -0.47866135060229154, -0.8765774180098544], [0.8814912170238918, -0.39149736598775003, 0.2640133457505359]], "T": [-0.06226581259639567, 0.026856732751572916, 0.062724194985903], "aligned_model": [[-0.1500261145729911, -0.6660073241153915, 0.21419624787415353, -0.26292421664296683, -0.5525378410159159, 0.14184758700118905, 0.42839667768792283, -0.5762102109723175, 0.10335028320241214, -0.0025101172955804274, 0.611665642408535, -0.07922877614715144], [-0.1724098985350106, -0.10159946179281532, 0.5167455728250938, -0.7947450604989186, 0.493478899247702, -0.5568904784365312, -0.3035302763821705, 0.44499541346806787, 0.8118287008964986, 0.11302959266028667, 0.2223402207159365, 0.10559875460905041], [-0.5566367239392298, 0.1901251052700212, -0.4644450232244758, -0.22911106332401487, 0.4217969002932814, 0.47202655115654646, -0.1938973682948335, -0.4242225804076619, 0.30171314825371365, 0.5952659853639696, 0.17003989036485828, -0.034897762442794786]], "inverted": false, "swapped": false, "error_lsq": 0.04652217400332403, "error_max": 0.2628555265773751, "target": "624.xyz", "model": "26.xyz", "model_rescale": 3.795458400668931, "target_rescale": 3.957040431794311},
{"mapping": [11, 1, 10, 8, 2, 6, 5, 9, 3, 0, 7, 12], "R": [[-0.9728618478302469, -0.17197955179523877, -0.15479941472959874], [0.10720732741671318, 0.25784273168536437, -0.9602206593617922], [0.20505222257874506, -0.9507576765303228, -0.23240788827873032]], "T": [-0.18174040041953993, 0.08618935781458699, -0.09017932383224575], "aligned_model": [[-0.27532658832930534, -0.521865023794514, 0.3913392003240798, -0.21837801739762064, -0.705218332338907, 0.06867130272463923, 0.4297360042465164, -0.5175794415711198, 0.052603397360539206, -0.0411597262140006, 0.5764385486030521, -0.02924948620146145], [0.007349329408937386, -0.2450382666031687, 0.2408338311771558, -0.6166705255846048, 0.5039122720083158, -0.5695570478188199, -0.35257297488846523, 0.35276312010412736, 0.7461564643773093, 0.35413318966929835, 0.2676061506338347, 0.08992643629326966], [-0.7948781723390732, 0.26331278633123617, -0.48432559944471293, -0.2783212368564687, 0.4810590989389502, 0.34396073433235713, -0.1112669936391198, -0.11308909931336528, 0.14349344211426907, 0.684234240811249, 0.13886374454484324, -0.02528588641078483]], "inverted": false, "swapped": false, "error_lsq": 0.04642524360197959, "error_max": 0.23760028700133376, "target": "624.xyz", "model": "27.xyz", "model_rescale": 3.6321398670334006, "target_rescale": 3.957040431794311},
{"mapping": [6, 9, 4, 12, 11, 8, 7, 13, 2, 0, 3, 14], "R": [[0.15634741695480253, 0.21755550977327964, -0.9634443862407678], [0.5654746859866349, 0.7800414081435139, 0.26790629162041146], [0.8098110055561594, -0.5866898684558756, -0.0010646742926822966]], "T": [-0.042004123618350014, 0.05876680844568783, 0.12286681560716514], "aligned_model": [[-0.3432952782517108, -0.677107377302929, 0.32210094560756963, -0.10723770958237841, -0.5090760783983204, 0.09811026437057097, 0.5276635653152254, -0.6161886701388818, -0.1235735625925071, 0.07708366504941279, 0.6179935761430764, -0.05646150280722999], [-0.04235795494483222, -0.1405605763730922, 0.1996158371543158, -0.6800807815466822, 0.4098716864161991, -0.3986513364956115, -0.3907063493019114, 0.4893667326050946, 0.8427083184254608, 0.2519648229452445, 0.12537042108235366, 0.112301158810651], [-0.5862910367146391, 0.06383621302853293, -0.6079247429338838, -0.24231608224634868, 0.38950325374352124, 0.31822856916070413, -0.14978679000504289, -0.26620020145413037, 0.23343715199306134, 0.7041621966343136, 0.30042546804523695, 0.09068305981805522]], "inverted": true, "swapped": false, "error_lsq": 0.03871320998387499, "error_max": 0.20821252434120188, "target": "624.xyz", "model": "28.xyz", "model_rescale": 4.156811204709835, "target_rescale": 3.957040431794311},
{"mapping": [4, 1, 7, 0, 5, 9, 8, 10, 2, 11], "R": [[-0.18884660157879862, -0.4472024419037788, -0.8742693732640051], [0.496705864270683, 0.7245050956903858, -0.4778866504912844], [0.8471246929887316, -0.5245019945376401, 0.08530775026212464]], "T": [-0.023920449136102334, -0.05784790704947383, 0.17248938371988976], "aligned_model": [[-0.5831013790536371, 0.10321945107272318, 0.14194035518619985, 0.6492329313367123, -0.06419276646067196, -0.6855277069428537, -0.5480557822992455, -0.43611623704290403, 0.17589880496572544, -0.11037229665146105], [-0.18338728213044786, -0.46175316069991124, 0.10496331608267605, -0.01208091781252267, -0.5459342568801848, -0.19591419042102287, 0.4199240204805355, 0.2961877651306295, 0.5438964882996568, -0.04718145142320403], [-0.5966744127622988, -0.20551774408689333, -0.628457606457167, -0.16083165197129567, 0.5218901839556958, 0.10708722034312354, -0.18278724803146523, 0.6154720613920959, 0.18710627097469215, 0.10149965361861223]], "inverted": false, "swapped": true, "error_lsq": 0.05540072946657132, "error_max": 0.2758428374829725, "target": "624.xyz", "model": "29.xyz", "model_rescale": 4.117894457231895, "target_rescale": 3.957040431794311},
