[{"mapping": [2, 6, 0, 1, 3, 4, 8, 9, 11, 12, 5, 13], "R": [[0.5616352392907269, -0.2348951581048917, 0.7933411136993507], [-0.8168126520123156, -0.004617145617318796, 0.5768845408562762], [-0.13184441398654703, -0.9720097461781063, -0.19445848872013172]], "T": [0.064018594700592, 0.20370165529634493, -0.057509661353865295], "aligned_model": [[-0.04558517833935659, 0.6150724144375226, -0.4162855779549677, 0.08815145172379056, 0.3838531165760058, 0.07724658788954057, 0.29186222104930637, -0.6367018421048924, 0.1446978375460461, -0.3571382280615429, 0.7229092571497466, -0.007539098159837429], [-0.42319631142299124, -0.3220709679411337, 0.15628711487845987, 0.6157763754116902, -0.009622747942289567, -0.7081862356915398, -0.13770296675339844, 0.014556576329617266, 0.4476609961883041, 0.6003930788799247, 0.5385263400137752, 0.1472222285395727], [-0.48906985144126575, 0.009192067221727072, -0.6595663012701158, -0.4608161746619565, -0.4116267089487789, 0.22830447593983358, 0.6074033386679718, 0.042281021127155004, 0.5913636241254538, -0.0770711814824876, 0.10422093526528095, 0.07750675691116674]], "inverted": true, "swapped": false, "error_lsq": 0.04065531825478489, "error_max": 0.2684551769555469, "target": "625.xyz", "model": "0.xyz", "model_rescale": 3.8414455957264533, "target_rescale": 3.8579086083551264},
{"mapping": [12, 0, 8, 9, 13, 1, 4, 10, 2, 6, 7, 14], "R": [[0.7658175558291463, -0.0677023388372408, -0.6394840611773214], [-0.5463872113897165, 0.4558775842921995, -0.7025928005393154], [0.33909362484960104, 0.8874638141670208, 0.3121273652381061]], "T": [0.06051223762205579, 0.05483533122381644, 0.021266977014743303], "aligned_model": [[-0.3044546484437579, 0.7248675584550035, -0.28748163338558375, 0.2872525599829232, 0.41382528315813005, 0.10443097528360176, 0.30986290759584395, -0.605592693659664, 0.04097933726890039, -0.45909417424695, 0.6082529131637592, 0.027694576579155264], [-0.38015879941910646, -0.22926999069452259, 0.21299119801037053, 0.6011093248191451, -0.0241823466684062, -0.7546507851596579, 0.02387465465881885, -0.09930069327460346, 0.5805529124246527, 0.6315801045332908, 0.3824773489064859, -0.02537944764647647], [-0.4885063277479758, 0.0798634209835965, -0.6702454126375921, -0.3188553982129714, -0.644895990339248, 0.3234279656174393, 0.5036391515215772, -0.009189662399151845, 0.5388036600030767, 0.10730079006788393, 0.0960056065249871, 0.04477419807236223]], "inverted": true, "swapped": false, "error_lsq": 0.046452537691626494, "error_max": 0.22097141283055877, "target": "625.xyz", "model": "1.xyz", "model_rescale": 4.316132596720782, "target_rescale": 3.8579086083551264},
{"mapping": [0, 1, 5, 7, 9, 2, 8, 4, 6, 3, 10, 11], "R": [[-0.9304305221931694, -0.21583731624481714, -0.29616430623486917], [0.2643752932198787, -0.9549816507313565, -0.1345947662478629], [-0.2537809049283451, -0.20352960394657207, 0.945606129744886]], "T": [0.11625887618023056, 0.07293663948435133, -0.07159953715412554], "aligned_model": [[-0.1866930577009827, 0.4932820328361782, -0.22716303956492767, 0.2365271108814758, 0.5346251572611846, -0.018349975854771827, 0.4997601409460537, -0.6025354094629414, -0.16190069996381612, -0.2819869901583155, 0.554820118798142, 0.020157573734082626], [-0.4890144558816568, -0.3162368071643925, 0.13317167746281552, 0.837854649621692, 0.06569261435426073, -0.6201850040458882, -0.12620802554276703, -0.07224468342842474, 0.39926115551030084, 0.5942747859855732, 0.421179189221105, 0.09209838439737297], [-0.381994689759674, -0.1031404815523122, -0.6139951583594012, -0.5198150090748686, -0.6838647445491068, 0.37805393605470033, 0.5610965179364229, 0.16628045263224028, 0.6299954481752341, -0.09657504087362914, 0.217583729331969, 0.008497041492409069]], "inverted": true, "swapped": false, "error_lsq": 0.04733179474274379, "error_max": 0.23406356459365021, "target": "625.xyz", "model": "2.xyz", "model_rescale": 3.795458400668931, "target_rescale": 3.8579086083551264},
{"mapping": [1, 6, 0, 10, 2, 8, 3, 7, 5, 4, 5, 11], "R": [[0.6703269243702044, -0.15132589172654728, -0.7264724970413868], [0.09151861370461865, -0.9546539731255802, 0.283302197204909], [-0.7364008132871441, -0.2563908463434481, -0.6260811258146369]], "T": [0.022484515295014725, 0.05340305023067966, -0.07891412929599821], "aligned_model": [[-0.054930240633684534, 0.481038320332728, -0.48229075853775105, 0.2961467864652887, 0.5706977102918853, 0.08660976859040226, 0.4479111201035031, -0.6842260579790332, 0.298417816014034, -0.2939580526922759, 0.298417816014034, -0.10329126621776924], [-0.4545093726291432, -0.30266610053404114, 0.1824437416034012, 0.6793837969386295, 0.0035926863273829865, -0.6200220262563525, -0.13768759329427294, -0.13365579420965962, 0.5027913995550404, 0.6107948179563213, 0.5027913995550404, 0.08638652547764503], [-0.4426458549246763, 0.02227610926498809, -0.6626592509654193, -0.34774084204800154, -0.6124931130407879, 0.3121735274762048, 0.5688254753402406, 0.14215475353305024, 0.3855592720899776, -0.06737065664302198, 0.3855592720899776, -0.12151669071854754]], "inverted": true, "swapped": false, "error_lsq": 0.05598028191643702, "error_max": 0.40613244258643516, "target": "625.xyz", "model": "3.xyz", "model_rescale": 3.7530521520055578, "target_rescale": 3.8579086083551264},
{"mapping": [4, 2, 3, 9, 10, 7, 1, 0, 5, 8, 11], "R": [[0.07319906004537569, 0.8638633748868034, 0.49837934060076783], [-0.906901725321293, -0.1502531539747778, 0.39364101708268917], [0.41493512531206095, -0.48079523630108323, 0.77244079548691]], "T": [-0.09853933258782378, 0.05017771788951904, 0.10632762490293425], "aligned_model": [[-0.2544407247925755, -0.30243927051400576, 0.2387854900110103, 0.5002209347696386, 0.36302211759961844, -0.1567569093452696, -0.30439568131553635, -0.7019789818746013, -0.6144570979157713, 0.6154405461230172, -0.04480082030031933], [-0.7117289686410286, 0.1631362838402181, -0.45821333494117705, 0.2605218003011566, -0.48639734598609125, 0.6899747806140581, -0.44636378566864826, 0.06803071251912017, 0.22709601811491198, 0.1612904446798663, -0.00014324651804004107], [-0.1319244039235301, -0.6100143669671784, -0.5037437639961974, -0.39701748382447577, 0.1723059193613966, 0.027945165568386374, 0.5444016788828127, -0.06373105077942963, 0.6374958233165018, 0.31786747023533624, 0.09924578937169377]], "inverted": false, "swapped": true, "error_lsq": 0.05720116039158547, "error_max": 0.3229420168367563, "target": "625.xyz", "model": "4.xyz", "model_rescale": 3.7855080009869324, "target_rescale": 3.8579086083551264},
{"mapping": [9, 8, 3, 4, 7, 15, 13, 14, 11, 1, 6, 16], "R": [[-0.39418918404063497, 0.857667965274142, 0.3301825987660341], [-0.8973527931574855, -0.43676344291355673, 0.0632112295937631], [0.19842593529535796, -0.2713730942389273, 0.941798169421322]], "T": [0.013598860333423723, 0.08929328815565069, -0.10606670771913759], "aligned_model": [[-0.38821067219684935, 0.5427865533399039, -0.3876824818867065, 0.29125492542812, 0.6370898295432513, 0.07104586480582964, 0.2423466086795878, -0.4880951610754235, 0.13465623486592507, -0.3102328803342194, 0.546236030502946, -0.030651889921003005], [-0.4393255516867733, -0.3395810061260683, -0.04806770510510286, 0.7271754919299254, 0.20324850327325814, -0.7016300695691182, -0.04020710377472936, -0.24566483082130153, 0.5718520180982984, 0.7702617321448786, 0.4012383763008919, 0.06034362582583206], [-0.3630204797881533, 0.0709561700070396, -0.6560865685566081, -0.357092976244072, -0.5056198232584841, 0.11856229879689614, 0.5690419909300773, 0.20020697046250155, 0.514351226038242, -0.03884378739858009, 0.10621841894503459, -0.09655143847990999]], "inverted": false, "swapped": false, "error_lsq": 0.04331486516142363, "error_max": 0.26467847256926175, "target": "625.xyz", "model": "5.xyz", "model_rescale": 4.2253639853439635, "target_rescale": 3.8579086083551264},
{"mapping": [9, 11, 0, 7, 12, 8, 5, 1, 2, 3, 6, 13], "R": [[-0.1246216962377219, -0.180910440237329, -0.9755720606085277], [-0.18613040661280172, 0.9700441056658539, -0.15610863139841769], [0.9745896082767281, 0.16212910187893403, -0.1545614756753576]], "T": [-0.029938974056727186, 0.030307127207506036, 0.05505368008802989], "aligned_model": [[-0.16691486480201229, 0.723969177318632, -0.4344484852586869, 0.20563007358239171, 0.5886046089630904, 0.01728707224419894, 0.3214882359393498, -0.7122322627162245, -0.025301822559176096, -0.06652143016031496, 0.44187505910650526, -0.032892399906391284], [-0.40049230072276143, -0.1601009034497432, 0.2082550483321172, 0.5509316693097162, 0.021941024584640388, -0.6877511823052158, -0.07033281887526602, -0.23712705337946619, 0.40414175270018277, 0.734725910082568, 0.4642365348986122, 0.09121579931460705], [-0.35512419076176754, 0.02470454559946409, -0.6141019386145109, -0.49526307050400353, -0.644001116548787, 0.22246586688817283, 0.571882262673702, 0.09580425385391805, 0.6121872203151209, -0.01887449408519893, 0.10810794828766793, 0.05433471435020604]], "inverted": true, "swapped": false, "error_lsq": 0.04009002752550106, "error_max": 0.28957321800738417, "target": "625.xyz", "model": "6.xyz", "model_rescale": 3.89814844738969, "target_rescale": 3.8579086083551264},
{"mapping": [5, 2, 9, 11, 10, 1, 0, 6, 7, 8, 4, 12], "R": [[0.9627076077810547, 0.27054341369646084, -0.0005685296342066576], [0.12368940495562075, -0.4382681932059793, 0.8902931662804625], [0.2406137839405793, -0.8571623254258394, -0.45538747770263094]], "T": [0.07289638311710808, 0.16073712840542687, 0.08290359022798571], "aligned_model": [[-0.17585337709892404, 0.6150122459171165, -0.3423347522507557, 0.1430849453168478, 0.41689456595415597, 0.06499330647951732, 0.06419546683169321, -0.5480572289427265, 0.17285809369940514, -0.4402851454895057, 0.691610661132485, 0.1984241802020524], [-0.45081847350576876, -0.28339559337212744, 0.0841286952399779, 0.8449322965006559, -0.003235624560741668, -0.6743250711456268, -0.15446253930380588, -0.10421481740103777, 0.6060695159790778, 0.581887088764582, 0.34110177639714945, 0.13197622689765684], [-0.3253854086298453, -0.019098180678359555, -0.7042813506999159, -0.3440518019554187, -0.54453712373759, 0.21483264803731442, 0.5844849405592081, 0.12281510624768986, 0.5550914771346374, -0.04734310608787207, 0.09543452471056867, -0.025839723446432233]], "inverted": false, "swapped": false, "error_lsq": 0.04751600875030049, "error_max": 0.2591345865337874, "target": "625.xyz", "model": "7.xyz", "model_rescale": 3.7474275329858107, "target_rescale": 3.8579086083551264},
{"mapping": [12, 0, 13, 2, 1, 10, 6, 11, 5, 8, 3, 14], "R": [[-0.394329164013194, -0.17872418327519873, -0.9014223076456834], [0.5274735413354631, -0.8472500968051904, -0.06276094848408012], [-0.7525132381557692, -0.5002248892010562, 0.42836770025774573]], "T": [-0.024839073905147835, 0.0651230640880322, -0.046169040071158934], "aligned_model": [[-0.22113296933504034, 0.5865146894362763, -0.5730781776914567, 0.34341386812755537, 0.5108599858460735, 0.029090279418746284, 0.423994680274783, -0.5502631927207458, -0.006820798246128579, -0.14778720643787782, 0.49249510965810284, -0.026743306578926096], [-0.39257596494766017, -0.16631948411802386, 0.06876807118320448, 0.6625416508452429, 0.0032188707481877604, -0.6218186957338998, -0.07728387738111442, -0.23572325715886971, 0.4025860047177654, 0.7299554782550122, 0.4564108074917953, 0.08988387658835095], [-0.4103433448156021, 0.03686204179055813, -0.7585821419266974, -0.5110026648565459, -0.5696155113348913, 0.2707946852209887, 0.6210690152943134, 0.09490165833543932, 0.5853494232105543, 0.043786135633988935, 0.2594349215581825, -0.10053221665630496]], "inverted": false, "swapped": false, "error_lsq": 0.04448863941168051, "error_max": 0.23207382167014323, "target": "625.xyz", "model": "8.xyz", "model_rescale": 4.019505241142653, "target_rescale": 3.8579086083551264},
{"mapping": [10, 11, 1, 7, 9, 6, 5, 2, 4, 0, 8, 12], "R": [[0.4314937366415716, -0.02195125875775368, 0.9018488218532219], [-0.2093974267893454, -0.9748367472569324, 0.07645936078417728], [0.8774769927998654, -0.2218365579350581, -0.4252324877880696]], "T": [0.014695104311258936, 0.025212435451377496, -0.009375346792661748], "aligned_model": [[-0.09859257275808399, 0.577430763597115, -0.33839578012161836, 0.2050018976159566, 0.4629684641126204, -0.07086563233355174, 0.20275596924658212, -0.5217453129946501, 0.11337907191336109, -0.31638240737045203, 0.6051881547120097, 0.03980034613207311], [-0.6581730772131411, -0.2304901245065998, 0.04739222026189997, 0.888002039501436, 0.05945822816547523, -0.675657982260495, -0.09924547645097036, -0.06490802506254659, 0.7019942440686342, 0.5846392580189027, 0.3484056457077499, 0.018226530259646167], [-0.6079819801691004, 0.06269616347345844, -0.5848231608007818, -0.2067618043851794, -0.5243688244253643, 0.16244390675035678, 0.6228177078881398, 0.22318033147402463, 0.45947700662596336, -0.0006926328310420671, -0.06415707420882247, 0.020292362062331527]], "inverted": false, "swapped": false, "error_lsq": 0.053710597010507066, "error_max": 0.3743648078992072, "target": "625.xyz", "model": "9.xyz", "model_rescale": 3.877068213659057, "target_rescale": 3.8579086083551264},
{"mapping": [6, 11, 13, 2, 9, 12, 0, 3, 1, 4, 8, 15], "R": [[0.40227284165981547, -0.8359870249203339, 0.37323217308772555], [0.8884157451460813, 0.4549145773629877, 0.06140188172350329], [-0.22111993270501387, 0.30688502972204934, 0.9257038154253372]], "T": [0.04113084087500453, 0.06915263268670697, -0.11880761952950358], "aligned_model": [[-0.2525572911511736, 0.6247565798774569, -0.39489815615281154, 0.10031208772717365, 0.5603023994099879, -0.01594146469571496, 0.3786980400603299, -0.5678570617710116, 0.03692274742740727, -0.3920648034621573, 0.7052273313683598, 0.07764255311351516], [-0.4325249846424815, -0.34196222074102706, 0.13613063823875743, 0.6002393948272374, 0.22764845998747207, -0.5641532829904539, -0.15571189353871506, -0.02681576544471588, 0.4625962443384573, 0.5749767179841889, 0.40004535033768607, 0.039174822133584905], [-0.3246508232131089, 0.0683309663597729, -0.7536549684936914, -0.5122536629072645, -0.4942876715113037, 0.27344432096115223, 0.5662108959234593, 0.03180826183471408, 0.6545558309925632, 0.0019160658236520023, 0.09287326418004638, -0.042170478496007704]], "inverted": true, "swapped": false, "error_lsq": 0.03944681120206147, "error_max": 0.17535024164450264, "target": "625.xyz", "model": "10.xyz", "model_rescale": 4.260839863003843, "target_rescale": 3.8579086083551264},
{"mapping": [1, 7, 2, 9, 8, 0, 6, 3, 5, 4, 10, 11], "R": [[-0.7655028600793218, -0.41583254457562024, -0.4910078065389013], [0.6425578665570476, -0.4542755632349439, -0.6170519433347812], [0.033537431864019765, -0.7878559560727705, 0.6149457156079934]], "T": [0.08813290241910754, 0.09276261717712841, -0.07276179851472442], "aligned_model": [[-0.16047811830959066, 0.5658200565823174, -0.3978540990827448, 0.2823751211329131, 0.43062401665025196, 0.09312039997600657, 0.3355136452569931, -0.5710986017821456, -0.19661836123991228, -0.19430276302992638, 0.5758543837687831, 0.09758728182841638], [-0.489364213761999, -0.35336872554855525, 0.1767270799275129, 0.7616854541357596, 0.11667910551273003, -0.6395157098231211, -0.07547597132676595, -0.12393227994614706, 0.3145765126104991, 0.7661553137071123, 0.4335953438832796, 0.03188157111968577], [-0.42287828800685745, -0.023900391786328995, -0.5493367973425342, -0.4607636797235219, -0.7034291001224304, 0.41074398855391414, 0.7106626586382425, 0.07653728668693693, 0.49848789810240524, -0.01914062971303085, 0.12546686005494054, -0.08032780388775128]], "inverted": true, "swapped": false, "error_lsq": 0.0441831048902498, "error_max": 0.3059162665320342, "target": "625.xyz", "model": "11.xyz", "model_rescale": 3.890672605050136, "target_rescale": 3.8579086083551264},
{"mapping": [5, 6, 7, 3, 8, 9, 11, 12, 2, 4, 0, 13], "R": [[0.17875125800529382, 0.28499453991785695, 0.9417144471539842], [-0.9808125834471105, -0.024080166084028104, 0.19346012962150783], [0.07781172092512723, -0.9582266213262783, 0.27522187098465734]], "T": [0.18627949784653924, 0.03770528735518848, 0.07621307633484148], "aligned_model": [[-0.15703029807419833, 0.6792511332041549, -0.3657993329797899, 0.15866097908040316, 0.489180923394003, 0.016060277391177796, 0.16681014758461374, -0.543341014115374, -0.0037351065351504675, -0.13625566235567949, 0.5087826018576285, 0.04795831329957345], [-0.47659714354114596, -0.2576027065206505, 0.12198788295338271, 0.7098481584973799, 0.01351899812348309, -0.7102204215636188, -0.08223626767487636, -0.08883614625540061, 0.4231751641716871, 0.6552159758667844, 0.508888282701546, 0.1025017037314203], [-0.39559575723447843, 0.11899741257397133, -0.5680458614448884, -0.5566568425236325, -0.5771297093853709, 0.20832275405479445, 0.6128667185218675, -0.00608711108466134, 0.642668333045759, 0.15176877653281046, -0.07436206287101416, 0.00537535126882685]], "inverted": true, "swapped": false, "error_lsq": 0.03909626796204827, "error_max": 0.28078041637720474, "target": "625.xyz", "model": "12.xyz", "model_rescale": 4.124412569039231, "target_rescale": 3.8579086083551264},
{"mapping": [8, 1, 9, 3, 6, 2, 4, 10, 5, 7, 0, 12], "R": [[-0.5321925423881739, 0.11024642675357393, 0.8394145717191719], [-0.4598512861926412, -0.8701222679886287, -0.17726825247995984], [0.7108501195142232, -0.48034671242592475, 0.5137695431302061]], "T": [0.06808160026479312, 0.16471418435523116, -0.06954824641698676], "aligned_model": [[-0.04499472704471169, 0.6802179570716994, -0.2814830770000809, 0.3959563124698908, 0.36289614872435894, 0.0021094716711540784, 0.243583565395635, -0.5255042605339711, -0.05384520779558559, -0.43560536377045145, 0.5172655575653365, -5.341500191219373e-05], [-0.43290745720490137, -0.36918792068340317, 0.24851163466930318, 0.6528710607109983, -0.00492433171333348, -0.6437288993187396, -0.09615873399397423, -0.10231587957130212, 0.6121040006470901, 0.53187729040195, 0.43456003005533406, 0.0889426864909688], [-0.45028206240869584, -0.12524314581734414, -0.5981537663748825, -0.47322437022037883, -0.6456732073991658, 0.22107689419797488, 0.6511601803803613, 0.2782454325317437, 0.5293858775288414, -0.0019585257848654947, 0.17981972557670214, -0.0030310307563069933]], "inverted": false, "swapped": false, "error_lsq": 0.04409763605285605, "error_max": 0.2536838152365992, "target": "625.xyz", "model": "13.xyz", "model_rescale": 3.9028299243045295, "target_rescale": 3.8579086083551264},
{"mapping": [9, 10, 1, 12, 13, 7, 4, 6, 0, 2, 5, 15], "R": [[-0.7287499941660516, 0.2507546370210438, -0.6372170415293559], [-0.6337033682736695, 0.10568988523653117, 0.7663221836781807], [0.25950623699939535, 0.9622638724233253, 0.08188255484094403]], "T": [0.04237162614086969, 0.1556387604565503, -0.05517146945861], "aligned_model": [[-0.18784174236431145, 0.5611214549550674, -0.46869548771874087, 0.25581742766007626, 0.7395457513068119, 0.023337855282210933, 0.3702858274178206, -0.5573797154773604, 0.021856870130296267, -0.4209210322439099, 0.5076321414985312, 0.015783611304869792], [-0.5267929078214741, -0.3762894436792177, 0.25265904227833347, 0.5464206136411163, 0.1952378378925683, -0.7077594199338759, -0.0017311813365174789, -0.13537333685365235, 0.5570846242491526, 0.7142548056109149, 0.35604780315257056, 0.04588504329007233], [-0.3417622570921843, 0.0023055067937267845, -0.44452506940246034, -0.5899337736614643, -0.4360014893632304, 0.21834133371990966, 0.5167290917438202, -0.050864533716415375, 0.6698366494437696, 0.06915791700591527, 0.01879272532468136, -0.06995409934208416]], "inverted": true, "swapped": false, "error_lsq": 0.04277886158110519, "error_max": 0.22626694267312292, "target": "625.xyz", "model": "14.xyz", "model_rescale": 3.942246331269136, "target_rescale": 3.8579086083551264},
{"mapping": [5, 7, 3, 12, 0, 9, 6, 10, 11, 13, 8, 14], "R": [[-0.8823436741480604, 0.44760474421915103, -0.14532595653705585], [-0.3894010277155339, -0.5210006022821365, 0.7595559308146683], [0.26426592724940506, 0.7267794475452368, 0.6339993330602587]], "T": [-0.01927407170864183, 0.0647945565338001, -0.07678667574860082], "aligned_model": [[-0.10383316572714318, 0.6786132104724893, -0.49454783670971847, -0.0003406587181084379, 0.6440055487471728, 0.011967226948959242, 0.22401082174644027, -0.5129530185372166, -0.05995748243838531, -0.2020394736371664, 0.627743468709075, 0.047874320894963684], [-0.3636824715511911, -0.3784735060696553, 0.14535792322030444, 0.6840673023297156, 0.030627088511429992, -0.6810051982120681, -0.05785711979160939, -0.19951983165270648, 0.44026788364603897, 0.8553973228495458, 0.37699155590202055, 0.06747253130816569], [-0.5372611638707314, 0.14103498105956075, -0.6098648339491446, -0.6099086602415178, -0.3923975312101781, 0.22482402235667392, 0.41163774650067336, 0.36527612261717873, 0.5327013597165844, -0.02704815690142015, 0.21086287190457892, -0.147734756528274]], "inverted": false, "swapped": false, "error_lsq": 0.05044704499665453, "error_max": 0.257235160592151, "target": "625.xyz", "model": "15.xyz", "model_rescale": 4.355366556412066, "target_rescale": 3.8579086083551264},
{"mapping": [0, 1, 5, 7, 9, 2, 8, 4, 6, 3, 10, 11], "R": [[-0.9304305221931694, -0.21583731624481714, -0.29616430623486917], [0.2643752932198787, -0.9549816507313565, -0.1345947662478629], [-0.2537809049283451, -0.20352960394657207, 0.945606129744886]], "T": [0.11625887618023056, 0.07293663948435133, -0.07159953715412554], "aligned_model": [[-0.1866930577009827, 0.4932820328361782, -0.22716303956492767, 0.2365271108814758, 0.5346251572611846, -0.018349975854771827, 0.4997601409460537, -0.6025354094629414, -0.16190069996381612, -0.2819869901583155, 0.554820118798142, 0.020157573734082626], [-0.4890144558816568, -0.3162368071643925, 0.13317167746281552, 0.837854649621692, 0.06569261435426073, -0.6201850040458882, -0.12620802554276703, -0.07224468342842474, 0.39926115551030084, 0.5942747859855732, 0.421179189221105, 0.09209838439737297], [-0.381994689759674, -0.1031404815523122, -0.6139951583594012, -0.5198150090748686, -0.6838647445491068, 0.37805393605470033, 0.5610965179364229, 0.16628045263224028, 0.6299954481752341, -0.09657504087362914, 0.217583729331969, 0.008497041492409069]], "inverted": true, "swapped": false, "error_lsq": 0.04733179474274379, "error_max": 0.23406356459365021, "target": "625.xyz", "model": "16.xyz", "model_rescale": 3.795458400668931, "target_rescale": 3.8579086083551264},
{"mapping": [5, 2, 9, 11, 10, 1, 0, 6, 7, 8, 4, 12], "R": [[0.9627076077810547, 0.27054341369646084, -0.0005685296342066576], [0.12368940495562075, -0.4382681932059793, 0.8902931662804625], [0.2406137839405793, -0.8571623254258394, -0.45538747770263094]], "T": [0.07289638311710808, 0.16073712840542687, 0.08290359022798571], "aligned_model": [[-0.17585337709892404, 0.6150122459171165, -0.3423347522507557, 0.1430849453168478, 0.41689456595415597, 0.06499330647951732, 0.06419546683169321, -0.5480572289427265, 0.17285809369940514, -0.4402851454895057, 0.691610661132485, 0.1984241802020524], [-0.45081847350576876, -0.28339559337212744, 0.0841286952399779, 0.8449322965006559, -0.003235624560741668, -0.6743250711456268, -0.15446253930380588, -0.10421481740103777, 0.6060695159790778, 0.581887088764582, 0.34110177639714945, 0.13197622689765684], [-0.3253854086298453, -0.019098180678359555, -0.7042813506999159, -0.3440518019554187, -0.54453712373759, 0.21483264803731442, 0.5844849405592081, 0.12281510624768986, 0.5550914771346374, -0.04734310608787207, 0.09543452471056867, -0.025839723446432233]], "inverted": false, "swapped": false, "error_lsq": 0.04751600875030049, "error_max": 0.2591345865337874, "target": "625.xyz", "model": "17.xyz", "model_rescale": 3.7474275329858107, "target_rescale": 3.8579086083551264},
{"mapping": [9, 5, 2, 0, 4, 12, 10, 7, 3, 1, 8, 13], "R": [[0.35753596065638865, 0.9090304112236844, -0.214083507790798], [-0.1267363515629851, 0.27434347166152545, 0.9532437027062939], [0.9252599278202946, -0.31368674027953614, 0.21329485446860197]], "T": [0.005018316926869562, 0.07434189011253994, 0.007518690442122548], "aligned_model": [[-0.009159794512042282, 0.5491712059103528, -0.41287077126938393, 0.15698282566607796, 0.644732793632568, -0.06802640690055416, 0.3734836293526788, -0.6738191674887545, 0.11183848523294199, -0.4324839549674296, 0.6367302822097963, -0.01603616511488964], [-0.44757885922944735, -0.395204923006056, 0.2652733496756838, 0.7148895943367455, 0.01620289362274127, -0.6372437302302312, -0.06090381861794095, -0.24053120161451186, 0.569326666341673, 0.6031935935655024, 0.40968078208383674, 0.1225391335619957], [-0.41095697004292797, 0.08902550225189071, -0.5335419452774556, -0.5079886494451188, -0.5184195829331086, 0.22557211636308522, 0.5753049902701451, 0.09385459198262996, 0.4593690022199188, 0.09369324963393483, 0.08060953575496133, -0.08439983932397124]], "inverted": true, "swapped": false, "error_lsq": 0.037223377050086576, "error_max": 0.177849273863633, "target": "625.xyz", "model": "18.xyz", "model_rescale": 3.922800546911778, "target_rescale": 3.8579086083551264},
{"mapping": [2, 11, 0, 12, 7, 10, 4, 1, 8, 5, 13, 14], "R": [[0.4775876072015479, -0.000471784608192638, 0.8785840055832929], [-0.8610179777539916, 0.19871514073521326, 0.46814563420693284], [-0.17480880822180278, -0.9800571770370687, 0.09449767354916784]], "T": [0.026352191576418917, 0.08239856353197028, -0.005948352810224086], "aligned_model": [[-0.26212448610044364, 0.6510457886130097, -0.5570484180048495, 0.2857569498064114, 0.6235658929729353, 0.14479298673753785, 0.38054009968845026, -0.6824629301590376, -0.04585203157071859, -0.4003418284703935, 0.6324010601972576, 0.09026987804120257], [-0.4984910040792687, -0.2582669614804951, 0.1880405860303636, 0.7291895183097715, 0.09285313811837137, -0.6845022893917974, -0.1816971678594339, -0.04910893073859679, 0.4841676271973524, 0.6943053956912713, 0.33114855543321586, 0.07200501325923694], [-0.3100494535394609, 0.02484974223267848, -0.5949527055102118, -0.370618994337305, -0.5364552008274249, 0.21413233032599643, 0.5673504431942921, 0.16218827641039668, 0.44985733348907975, -0.16730498328686316, 0.20055093821208647, -0.07742572490928006]], "inverted": false, "swapped": false, "error_lsq": 0.03909140152151784, "error_max": 0.19449534767746157, "target": "625.xyz", "model": "19.xyz", "model_rescale": 3.9282355846067225, "target_rescale": 3.8579086083551264},
{"mapping": [7, 5, 12, 8, 6, 2, 1, 10, 0, 11, 4, 13], "R": [[0.3036609752134629, -0.3001491591369725, 0.9042679328615923], [0.8163053048470448, -0.4074962541154121, -0.4093805713031352], [0.49136102960143513, 0.8624716141133437, 0.12127264092837131]], "T": [0.13585024935639006, 0.1163036352722504, -0.14729606431537423], "aligned_model": [[0.021750389523963604, 0.5908922513817156, -0.5840927297645064, 0.2746119030991834, 0.7114072104847418, -0.08258250036415835, 0.2151713473970443, -0.6140494214321213, 0.09125101091257491, -0.24299396924402333, 0.3839025005141342, 0.09527496924281306], [-0.3587436709590985, -0.3871280034505816, -0.04202927048118282, 0.6950941551560549, -0.009130710159217015, -0.6071448474096053, -0.16725911058906495, -0.058141459014527413, 0.4427049062247444, 0.6573348540889723, 0.6723973607182381, 0.08168927636525926], [-0.5338307396139592, 0.017578171920065444, -0.5708608681385534, -0.620971392648386, -0.429863690804929, 0.1807674007561253, 0.5417620819043979, 0.23929641080801067, 0.5818610562338714, 0.1304186267340719, 0.021812463426399115, 0.004152480876869674]], "inverted": true, "swapped": false, "error_lsq": 0.04944274482556918, "error_max": 0.28227625194410993, "target": "625.xyz", "model": "20.xyz", "model_rescale": 4.067790424073018, "target_rescale": 3.8579086083551264},
{"mapping": [7, 10, 0, 3, 12, 1, 13, 8, 6, 2, 11, 14], "R": [[-0.5221500952556175, 0.20626087033243984, -0.8275359396390312], [0.2638793407988046, 0.9617726631954877, 0.07321910836282747], [0.8110036815724933, -0.18013827383308512, -0.5566176701976846]], "T": [-0.008221726419804315, 0.0847834335259902, 0.04389650996198296], "aligned_model": [[-0.30237663287523686, 0.6623823978212804, -0.387148304657847, 0.24271586735845033, 0.5193836697017827, -0.005877643879300051, 0.41661003376835704, -0.4983747542515744, 0.001654967647658434, -0.43178304802926826, 0.5849352019936832, 0.05842120715337623], [-0.4599563819527351, -0.3807248942699357, 0.1879935349206166, 0.7882646755752853, 0.10462918367994087, -0.7273558733817702, -0.14468517622662413, -0.20451599276338633, 0.700596864400318, 0.6723295424429809, 0.33777868926185267, 0.0452893088034479], [-0.3725112008806311, 0.11374582532839994, -0.5478976711482053, -0.3633988162625891, -0.511308460370504, 0.16106883063220281, 0.5508340186855224, 0.07887861940437016, 0.45405888264438643, -0.12671213070981888, 0.09069942471491649, 0.03466467941593378]], "inverted": true, "swapped": false, "error_lsq": 0.040755899481156, "error_max": 0.23274324941734523, "target": "625.xyz", "model": "21.xyz", "model_rescale": 4.186013935880536, "target_rescale": 3.8579086083551264},
{"mapping": [6, 4, 0, 1, 7, 3, 11, 5, 8, 2, 9, 12], "R": [[0.7281563444864024, -0.27115393591271597, -0.6294949412213275], [0.19014521621349345, -0.8024568766733244, 0.5656038877437256], [-0.6585082647433695, -0.5315435110305983, -0.5327554421551606]], "T": [0.15022026641236108, 0.11361236125237184, -0.025577683264597518], "aligned_model": [[0.06414850218195864, 0.6048863055510247, -0.33173395225720803, 0.13146239607993565, 0.5951616167670976, -0.20070740673058574, 0.2691383218397254, -0.5761188772903691, 0.05477013602224255, -0.4293651166766036, 0.5293545148223764, 0.14954652144176733], [-0.3311839923346772, -0.452808729207103, 0.15153392440300423, 0.5878355799460699, 0.046008311293075504, -0.7212459943317227, -0.08760026919636635, -0.06572086522273068, 0.5850495946433951, 0.5569295372050274, 0.5811434227717681, 0.0697029605202503], [-0.3489980046037574, -0.01769796847760945, -0.5622997036449703, -0.5822496846125428, -0.6050434950727299, 0.15386575927506985, 0.5612254797748778, 0.17142439368402332, 0.5713346539213106, 0.10576106988911495, 0.1264837794254981, -0.011684278104301003]], "inverted": true, "swapped": false, "error_lsq": 0.042857816115139745, "error_max": 0.23699769169235194, "target": "625.xyz", "model": "22.xyz", "model_rescale": 4.166573947596378, "target_rescale": 3.8579086083551264},
{"mapping": [14, 6, 10, 7, 5, 12, 2, 9, 4, 8, 1, 15], "R": [[0.2451711753276948, -0.6566562150142722, 0.7132276705734057], [0.8643744139604054, 0.48121238480438344, 0.14591611700385762], [-0.4390307133664366, 0.5807213238671435, 0.6855762369911532]], "T": [-0.013649979814451749, 0.03013026430538461, 0.04733966617342091], "aligned_model": [[-0.31085456627557523, 0.6550021370962179, -0.2693657627276277, 0.08084041826601969, 0.5892063579547545, 0.03670400572146343, 0.3787328173099948, -0.6060810010135386, 0.07706527893539851, -0.46890687583596935, 0.6462959535334364, 0.05190419878678752], [-0.4873796653362223, -0.3241640464386983, 0.11939103408349329, 0.49094626541465247, 0.180111628548918, -0.6231115015701713, -0.008444466240701873, -0.055248068945800546, 0.6062116246313327, 0.6947783818665936, 0.2764116922432834, 0.05014060223331139], [-0.4721126124134165, 0.12788480812574016, -0.6509319045294106, -0.4912787752510005, -0.5050477047833152, 0.05834087909069795, 0.5926441406399191, 0.09408569931368502, 0.49427872407678475, 0.11849568256262183, 0.15649956804950235, 0.0392634965721756]], "inverted": true, "swapped": false, "error_lsq": 0.04528085939009404, "error_max": 0.22832783717745223, "target": "625.xyz", "model": "23.xyz", "model_rescale": 4.274766983524099, "target_rescale": 3.8579086083551264},
{"mapping": [7, 6, 8, 9, 10, 3, 2, 4, 0, 1, 11], "R": [[0.2050764342808794, 0.9779912888402111, 0.038427790143369], [-0.6963167896776756, 0.17337814129221363, -0.696478964890565], [-0.6878128993524444, 0.11607350720435686, 0.716547525576402]], "T": [0.10340630720256139, 0.09796268119425582, -0.043570566113528116], "aligned_model": [[0.33005021263715556, 0.14287569455913976, -0.4136908010434749, -0.5349715961891105, -0.4493870250863291, -0.5715173564269657, 0.06392142257008462, -0.08637453806149736, 0.5790667428778136, 0.28226187312810747, 0.03766007499315126], [-0.1997930428522206, 0.748741715474212, 0.4309979239504513, -0.2812263613060157, 0.4503845513326757, -0.2051915600000062, -0.6421552327099207, 0.09477940136890044, -0.21258902741586277, 0.6101081232342989, 0.12153004016697096], [-0.5716306446772292, -0.26511760572254833, -0.47780612332631434, -0.36730519781109916, 0.23124439715626932, 0.40028994397019363, 0.09114056567620088, 0.7473429372556312, 0.222291953125266, 0.38835177710656726, -0.019235568731359814]], "inverted": true, "swapped": true, "error_lsq": 0.03984585128762179, "error_max": 0.2068758263576659, "target": "625.xyz", "model": "24.xyz", "model_rescale": 3.7841303162186577, "target_rescale": 3.8579086083551264},
{"mapping": [7, 14, 6, 3, 13, 10, 9, 0, 2, 4, 12, 15], "R": [[0.3757169388656508, -0.48404841216351807, -0.7902745829972024], [0.19153315699133594, 0.8748992248129779, -0.44482175778010596], [0.9067258856028968, 0.01576328340251365, 0.4214257790809847]], "T": [-0.03191682641468255, 0.03754672852430427, 0.00956347630596982], "aligned_model": [[-0.3711598820214559, 0.688632678145079, -0.3616409333290014, 0.1755595487671164, 0.6180803682644904, 0.12163444547935304, 0.3312887512981476, -0.6676189726245828, 0.06513208203316614, -0.32607651268213267, 0.6378042907377732, -0.051092902316591055], [-0.41672951798742885, -0.25593920225032074, 0.2932709535874858, 0.585644913019419, 0.07245106657787495, -0.7217346409200655, -0.04057841400261228, -0.3083997043083636, 0.5542086930311289, 0.7190956191065864, 0.3706606975579875, 0.06769301707829967], [-0.30879607071288445, 0.16439687782707574, -0.5802785248082432, -0.5431967081571769, -0.42435510057832093, 0.08145863741995299, 0.461358649973819, 0.14197871812530266, 0.5503360271332578, -0.06570624921134072, 0.13478573991284148, -0.049859995470299456]], "inverted": true, "swapped": false, "error_lsq": 0.04514262809140135, "error_max": 0.268108974241255, "target": "625.xyz", "model": "25.xyz", "model_rescale": 4.19342608120988, "target_rescale": 3.8579086083551264},
{"mapping": [0, 1, 5, 7, 9, 2, 8, 4, 6, 3, 10, 11], "R": [[-0.9304305221931694, -0.21583731624481714, -0.29616430623486917], [0.2643752932198787, -0.9549816507313565, -0.1345947662478629], [-0.2537809049283451, -0.20352960394657207, 0.945606129744886]], "T": [0.11625887618023056, 0.07293663948435133, -0.07159953715412554], "aligned_model": [[-0.1866930577009827, 0.4932820328361782, -0.22716303956492767, 0.2365271108814758, 0.5346251572611846, -0.018349975854771827, 0.4997601409460537, -0.6025354094629414, -0.16190069996381612, -0.2819869901583155, 0.554820118798142, 0.020157573734082626], [-0.4890144558816568, -0.3162368071643925, 0.13317167746281552, 0.837854649621692, 0.06569261435426073, -0.6201850040458882, -0.12620802554276703, -0.07224468342842474, 0.39926115551030084, 0.5942747859855732, 0.421179189221105, 0.09209838439737297], [-0.381994689759674, -0.1031404815523122, -0.6139951583594012, -0.5198150090748686, -0.6838647445491068, 0.37805393605470033, 0.5610965179364229, 0.16628045263224028, 0.6299954481752341, -0.09657504087362914, 0.217583729331969, 0.008497041492409069]], "inverted": true, "swapped": false, "error_lsq": 0.04733179474274379, "error_max": 0.23406356459365021, "target": "625.xyz", "model": "26.xyz", "model_rescale": 3.795458400668931, "target_rescale": 3.8579086083551264},
{"mapping": [0, 1, 7, 5, 6, 2, 9, 3, 11, 10, 8, 12], "R": [[-0.4021834486792896, 0.21542906753844557, -0.8898532409717623], [0.6966401857061093, -0.5586566800001634, -0.45010572708037455], [-0.5940883143673092, -0.8009326006292359, 0.07460592457371135]], "T": [0.10136328777032264, 0.09586010996806665, 0.12137522600788], "aligned_model": [[-0.13774928946910267, 0.584279404649371, -0.4104707571593137, 0.1791957381026459, 0.5815653945368665, 0.042753568593267816, 0.033652790173624963, -0.5672360871289297, 0.15903544314308127, -0.34635382924994895, 0.7135449531363509, 0.028325632423448488], [-0.5323466631706124, -0.23332452252320518, 0.23987445648153852, 0.5845439559298049, 0.12397460548374106, -0.7684851943131787, -0.15496916480298795, -0.20556118437571647, 0.6252326315074146, 0.6400381848272285, 0.47861598886015855, 0.12205038658580515], [-0.36796577746671366, 0.02765931305134535, -0.4930300775814369, -0.4460669968232598, -0.5492979220118823, 0.27728228064028093, 0.4632439925666908, 0.036542225068949635, 0.5988825533517307, 0.015990054001260412, 0.023993216019428734, -0.025110859362409838]], "inverted": true, "swapped": false, "error_lsq": 0.04183117982298618, "error_max": 0.2993769539257614, "target": "625.xyz", "model": "27.xyz", "model_rescale": 3.6321398670334006, "target_rescale": 3.8579086083551264},
{"mapping": [6, 9, 4, 7, 12, 13, 11, 1, 0, 3, 8, 14], "R": [[-0.24096371990612578, -0.9231659744567833, 0.2995013677669279], [0.35342175293428524, -0.37087091197372885, -0.8588060498183696], [0.9038968692510554, -0.10109080203971627, 0.4156333714959708]], "T": [0.11070626736453326, 0.1342282911589016, 0.07948391103104765], "aligned_model": [[0.10251183123185376, 0.5797178061355377, -0.4434878193682046, 0.06492088355727826, 0.5921181796680044, -0.05553961964720794, 0.17668035580467317, -0.5533391559758485, 0.099212757039742, -0.22738618198551003, 0.4594978462472212, 0.06563607904382215], [-0.43300630400584267, -0.34121734539779175, 0.012395567465033674, 0.5970996822927841, 0.13368117740152569, -0.6602090683414921, -0.21796897406886112, 0.05497496823045665, 0.4613863917938571, 0.731868924384171, 0.49135352758803613, 0.0892849331481139], [-0.45163302751028955, 0.10297400253968872, -0.5242486075786688, -0.5406299155389325, -0.5926410789959571, 0.16728435975297476, 0.6125226923962412, 0.07402655894439067, 0.6107533065632849, 0.07058171058169543, -0.05406613876497321, 0.0871981390645297]], "inverted": true, "swapped": false, "error_lsq": 0.042742908252719626, "error_max": 0.23512337242465997, "target": "625.xyz", "model": "28.xyz", "model_rescale": 4.156811204709835, "target_rescale": 3.8579086083551264},
{"mapping": [3, 9, 10, 6, 7, 2, 4, 0, 5, 11], "R": [[-0.14004885920816093, 0.11934984693272283, -0.9829251909843538], [-0.7423921221921537, 0.6442037551815766, 0.18399852911636488], [0.6551642953805733, 0.755484702589729, -0.0016156148631004535]], "T": [-0.02745386843102844, 0.0049069508270854385, 0.044965660357532855], "aligned_model": [[-0.5684389941247858, -0.1715911216885908, 0.06442607114172334, 0.6286008020688878, 0.05863030942669534, -0.7036383903557202, -0.5094491318678157, -0.41082869059274424, 0.28150924514321013, -0.026294725040272148], [-0.15569484777823667, -0.7265837568429759, 0.11037540649730312, 0.19084181062957942, -0.41297441952417546, -0.2880304004932562, 0.4785778916788502, 0.2707943673683597, 0.4491351786782596, 0.0022791004124962182], [-0.6077048186407124, -0.27167386033926755, -0.6519844012498568, -0.05081936969231393, 0.5316257596893982, 0.20130782400918024, -0.4076793198735203, 0.4641383221341718, 0.5805158042023999, -0.02893921326437955]], "inverted": true, "swapped": true, "error_lsq": 0.0507908298741014, "error_max": 0.22844070997927676, "target": "625.xyz", "model": "29.xyz", "model_rescale": 4.117894457231895, "target_rescale": 3.8579086083551264},
