[{"mapping": [10, 9, 2, 0, 7, 1, 12, 11, 3, 5, 6, 8, 13], "R": [[0.24787439531482353, 0.9256354349467799, 0.28593237962531626], [0.4788032562522932, 0.13952870995979066, -0.866763624582364], [-0.8422029007011977, 0.3517538637568065, -0.4086116657446854]], "T": [-0.11096069099466377, -0.014061632540391736, -0.006040825716596296], "aligned_model": [[0.6998889477940808, 0.08387674966365755, -0.5472544359244593, -0.6363924293922988, 0.4366228565020721, -0.495797295543454, -0.05111323905053033, 0.5283361995030796, -0.5172835726988334, -0.0351074181678305, -0.14893411362293224, 0.4978477939705409, 0.03071208710428658], [0.043652203637798245, -0.4960957324413228, -0.6356236146345222, -0.2913846988212383, -0.5346781857735283, 0.35212548573989266, 0.14894810781785506, 0.259514934471219, -0.07058481200398024, 0.586895697000085, -0.23210841055788245, -0.19555953949284643, -0.09265839606986516], [-0.601541372342193, -0.5222042397771441, 0.11465182509551307, -0.4984084117472518, -0.02851626755891644, -0.23154447452944987, -0.5582780166207741, 0.05326506459236626, 0.3178529096113328, 0.4472778585604078, 0.7257787599448832, 0.44892056828178484, -0.023106433347642594]], "inverted": false, "swapped": false, "error_lsq": 0.05415419448237913, "error_max": 0.3837779226830703, "target": "626.xyz", "model": "0.xyz", "model_rescale": 3.8414455957264533, "target_rescale": 3.9848207517181686},
{"mapping": [3, 10, 8, 12, 6, 11, 1, 4, 13, 0, 9, 7, 14], "R": [[0.1033428519068823, 0.9944333638988145, 0.020555771078708603], [0.9940352019327601, -0.10398138146133584, 0.032892090658534975], [0.0348464098329988, 0.01703399760127497, -0.9992475021972639]], "T": [0.09912769409340386, -0.1420987298561603, 0.023089443771413056], "aligned_model": [[0.5285907532532178, 0.012924800231963948, -0.4788713602088861, -0.5377647999199657, 0.3998777271962358, -0.5537987996859459, 0.06868715372133645, 0.5326594680559057, -0.5470836519827874, 0.043735941775491616, -0.0065278966575582215, 0.2927579555562697, 0.09021483880210115], [0.14323721966395148, -0.5530333261163268, -0.6755655404989158, -0.2779137959986563, -0.8623478806221576, 0.2939839220891753, 0.46452189038519026, 0.18626142985795296, 0.0004947525978335754, 0.5436284416490065, -0.3946325896935311, 0.08521167137468275, -0.11140315581654138], [-0.566420317613932, -0.5173577035952812, 0.09814044422361323, -0.3746689788235237, 0.05168581055371471, -0.30824772064468714, -0.5930133786280608, 0.02994811169157638, 0.39312322007213035, 0.2516225257132657, 0.6480480230165867, 0.5921169523096358, -0.06082921811212173]], "inverted": true, "swapped": false, "error_lsq": 0.04146865930398792, "error_max": 0.2743682358455202, "target": "626.xyz", "model": "1.xyz", "model_rescale": 4.316132596720782, "target_rescale": 3.9848207517181686},
{"mapping": [9, 7, 6, 2, 5, 8, 1, 10, 0, 11, 4, 12], "R": [[-0.9940948611397222, -0.029853356879425468, 0.10432729335426079], [-0.038313450433227904, 0.9960540638410929, -0.08005236674542802], [-0.10152579264155938, -0.08357678498646369, -0.9913160113908326]], "T": [-0.0668598078130678, -0.07995936087797761, -0.05340278628681646], "aligned_model": [[-0.16500174336842305, 0.5238358173123795, -0.0030135069008107723, -0.5855505438171645, -0.5308458079505808, -0.498773512167047, 0.04047555071231752, -0.252276891123673, 0.5375873837816219, 0.17533112443697088, 0.4193073962491012, -0.06326671253291069], [-0.6710988572794394, -0.11331517438831021, -0.46366160688871294, 0.486744139770963, -0.4418840361285716, -0.09268398168481391, 0.4229523711615434, 0.5396530591338379, -0.16740469256923088, -0.11273515580121024, 0.5584430490975624, 0.06776731331736285], [0.2938112583021674, 0.07297097644673467, -0.5677444205620972, 0.029932630199760647, -0.36858587446449803, 0.2598469376617737, -0.6924071084723238, 0.5636691155260221, -0.6693498781557778, 0.5914067149875546, 0.024053253301409484, -0.08834514356130457]], "inverted": true, "swapped": true, "error_lsq": 0.051170972644183736, "error_max": 0.2481982680648768, "target": "626.xyz", "model": "2.xyz", "model_rescale": 3.795458400668931, "target_rescale": 3.9848207517181686},
{"mapping": [4, 1, 0, 5, 11, 9, 6, 2, 3, 8, 7, 12], "R": [[-0.7763980754560871, -0.23305795834072857, 0.5855681142976752], [0.33814855972857333, 0.6300163492087123, 0.6990958098023599], [-0.5318473276999476, 0.7407856557627024, -0.4103352680853151]], "T": [0.08496553109087401, 0.09991741540395799, 0.0556445517432088], "aligned_model": [[-0.12686660890473092, -0.18793689037618988, -0.7414813990664932, 0.23245824800614073, 0.18430319531860584, 0.18745884759650389, -0.31230664619586557, 0.7020377044404941, 0.3166468765386843, 0.5955843129585353, -0.3585166489361493, 0.10192283436403021], [-0.05917297166501395, -0.6491730864599599, -0.16121059004384775, -0.07460946179046113, 0.6894883564505188, 0.6732861882615662, -0.06892807882418381, -0.297930373430539, -0.5704018536118602, 0.22955307256328705, 0.3837141493295313, -0.00884630548932816], [-0.7057574568199575, -0.13711255333777228, 0.09016338497154806, 0.6828599258738127, -0.2879367738115234, 0.4303160169812271, 0.534723978055314, -0.18534673171390015, 0.41705514731478466, 0.1410834745721915, -0.24232730859996365, -0.048949672846660866]], "inverted": false, "swapped": true, "error_lsq": 0.047519984839076025, "error_max": 0.2936119123101802, "target": "626.xyz", "model": "3.xyz", "model_rescale": 3.7530521520055578, "target_rescale": 3.9848207517181686},
{"mapping": [3, 2, 8, 11, 5, 4, 6, 1, 0, 7, 12], "R": [[0.1101998788975781, 0.6888500533115957, 0.7164786045260327], [0.8221306346221396, -0.4682713321809747, 0.3237640793436688], [0.558531293936837, 0.5533602474971141, -0.6179281755861078]], "T": [0.10229932753436025, -0.06214424723812515, -0.008043058447513613], "aligned_model": [[-0.45217046021836615, -0.2154353916789805, 0.33036025895911025, 0.6384959442139029, 0.05711917320987012, -0.2091610537781394, -0.05520377727585035, -0.7036485697581936, -0.2894539974896366, 0.25428317394820177, -0.016985697686713708], [-0.6125431586649004, -0.1339834149383774, -0.2867507773969012, 0.34259516538348156, -0.7239121335532245, 0.6746849397005437, -0.40189245565819265, 0.050480128455750194, 0.13218669629738053, 0.4210963368561983, 0.005242031832587736], [-0.160509709238686, -0.7087723293473251, -0.4350991106292298, -0.16357180004476354, 0.06702275433925033, -0.10799707579984236, 0.5169474246408242, 0.09457930770041663, 0.7410622279844903, 0.3226890205199581, -0.07351993287977635]], "inverted": false, "swapped": true, "error_lsq": 0.047715156357652624, "error_max": 0.24400600081456023, "target": "626.xyz", "model": "4.xyz", "model_rescale": 3.7855080009869324, "target_rescale": 3.9848207517181686},
{"mapping": [12, 1, 5, 3, 6, 9, 14, 13, 10, 15, 7, 8, 16], "R": [[-0.22274919729181647, -0.08492223067834834, 0.9711699181103505], [0.9735622252217266, 0.03231921283373551, 0.2261239971854549], [-0.05059040153202321, 0.9958632854053919, 0.07547799715418765]], "T": [0.02803150592742764, -0.17216863646301608, -0.09576239047097906], "aligned_model": [[0.4690580441292919, 0.18258257735761102, -0.6025783609797092, -0.6390742343652627, 0.4895509266246175, -0.4941365842807083, 0.033359751300448375, 0.6693731636020025, -0.4379615448316321, 0.012033612412078613, -0.08570145241400179, 0.23585249374379985, 0.013043737838843012], [-0.025020155914844883, -0.6491268699573162, -0.6394188530640521, -0.15783826534401305, -0.5101579333868301, 0.300511372568406, 0.38327549623142665, 0.1448468236078639, 0.016306782863683894, 0.5917608157805747, -0.6059162384246868, 0.12386992346087863, -0.1306498595494266], [-0.5926609518335542, -0.6629737697742764, 0.10200432934039688, -0.2885866035028841, 0.2186261073326755, -0.19982061397823037, -0.48196288734977943, 0.018472959060919725, 0.4317712738843618, 0.21322622757786508, 0.5044853116115156, 0.5079606271661108, -0.12639423937220523]], "inverted": false, "swapped": false, "error_lsq": 0.03924144577893582, "error_max": 0.20327265425262706, "target": "626.xyz", "model": "5.xyz", "model_rescale": 4.2253639853439635, "target_rescale": 3.9848207517181686},
{"mapping": [1, 4, 3, 2, 0, 5, 10, 9, 6, 11, 7, 12, 13], "R": [[0.4506581347543217, 0.6206446226461533, -0.6416443703175224], [-0.4101138525065663, 0.7823715588562927, 0.4687231292298226], [0.7929147959030517, 0.05191335351514825, 0.6071170646299059]], "T": [0.049170384690555145, -0.01231826912269593, -0.08690725347797498], "aligned_model": [[0.5006631158526169, -0.048456724477243675, -0.32242037048084593, -0.5401182835432758, 0.5518063267316853, -0.3796436772178578, -0.13169156176838867, 0.6403257666427945, -0.4689143292798459, -0.15863358122890467, -0.0288756623797159, 0.2180421589082623, 0.013318952378098325], [-0.1681306023260514, -0.5386689455017689, -0.5947175991457612, -0.10230216023218468, -0.6005386332648964, 0.43531488487148406, 0.282429141772627, 0.09933892952902457, -0.06628151825936388, 0.5352298801557905, -0.4700842655188636, 0.09145641966900755, -0.06060249287737953], [-0.6442066456253337, -0.5498707782154613, 0.0735321548922091, -0.3948250621042805, 0.12384511852158778, -0.21529855460665484, -0.7861392568092906, 0.01636138582522953, 0.2904442603866587, 0.4255011039704929, 0.5563270141936412, 0.8252642777088849, -0.07678724797476762]], "inverted": false, "swapped": false, "error_lsq": 0.04787268767492726, "error_max": 0.2774091546056341, "target": "626.xyz", "model": "6.xyz", "model_rescale": 3.89814844738969, "target_rescale": 3.9848207517181686},
{"mapping": [3, 0, 2, 1, 7, 5, 6, 8, 10, 9, 4, 11, 12], "R": [[0.17523722166957217, 0.8041754342160891, -0.5679734035541574], [0.8733916969121956, -0.3932421559217938, -0.28731089532214915], [-0.45439944972057844, -0.4457156916795102, -0.7712708099521797]], "T": [0.05362747341334221, -0.1666048909939944, -0.007062289455399853], "aligned_model": [[0.5971138838999925, -0.011789489662617884, -0.5670631242088341, -0.5905363657271759, 0.5709170532466787, -0.5203521985929215, 0.08757270743021428, 0.5536811384595524, -0.46026919446878617, -0.15574483988027693, -0.029829907114375935, 0.43290565639182277, -0.061203189635893794], [-0.1650208405215694, -0.4925667665291327, -0.48475868879508754, -0.2297260892777229, -0.5711561067297258, 0.3080044177515713, 0.26899573121109105, 0.2883373407467417, 0.010169411500465825, 0.674063999696318, -0.6340401633926094, 0.05451621793929873, -0.1843754247279746], [-0.6045586903402489, -0.49744975270037534, 0.11569432946648603, -0.5509972807041844, -0.0021141596523677163, -0.2258543007365848, -0.5232751041450979, 0.018641215506855466, 0.48646047979579554, 0.2106185082420819, 0.42886765920304915, 0.6730802576063634, 0.11503460862114322]], "inverted": true, "swapped": false, "error_lsq": 0.0451935147533565, "error_max": 0.2683181350404278, "target": "626.xyz", "model": "7.xyz", "model_rescale": 3.7474275329858107, "target_rescale": 3.9848207517181686},
{"mapping": [13, 12, 0, 1, 11, 2, 4, 9, 3, 8, 6, 5, 14], "R": [[-0.0937877946802168, -0.1476791684670551, -0.9845784441931993], [-0.680818377499648, 0.7310806723332149, -0.044803877059483244], [0.7264228702537994, 0.6661170420742091, -0.16910913585770007]], "T": [0.026108824627877038, -0.2095601748176112, -0.03844431805020061], "aligned_model": [[0.34936646866956916, 0.1746821575216282, -0.5003904385882135, -0.6199361586194069, 0.6062036680243797, -0.5350776608263673, 0.10084799849476245, 0.6768914412204372, -0.43485556190978497, 0.07658862143563887, -0.19608010587748242, 0.13772093701040586, 0.009440763581812256], [-0.01753084178431505, -0.5747578196210346, -0.5548997377387863, -0.2987164690112856, -0.42744885538361677, 0.3669599660314025, 0.4665773013348505, 0.047217539681858656, 0.04109599775486972, 0.4495690051082359, -0.5135111233463123, 0.03602219446473376, -0.17813411861893655], [-0.8549864538374303, -0.512995963060763, 0.15585532101608007, -0.41191299796395225, -0.08838879858468092, -0.28599987058092613, -0.4250681857529077, 0.2630314378005279, 0.4502456189035736, 0.12951648136755584, 0.686251479127575, 0.6250716955388212, -0.08647199381055774]], "inverted": true, "swapped": false, "error_lsq": 0.04948208927206296, "error_max": 0.29150022516032975, "target": "626.xyz", "model": "8.xyz", "model_rescale": 4.019505241142653, "target_rescale": 3.9848207517181686},
{"mapping": [10, 6, 5, 11, 2, 8, 9, 1, 4, 7, 3, 0, 12], "R": [[0.8028567532254415, -0.30758454402560975, 0.5106983278579054], [0.5955452644417605, 0.45305300733094855, -0.6633768239465239], [-0.027328955364162036, 0.8367405337528124, 0.5469171851146775]], "T": [0.03695450871584783, -0.11605546104793478, -0.08089665705598677], "aligned_model": [[0.5784083087679668, 0.13081649664517345, -0.44604481929722206, -0.417344738450501, 0.35967674627049856, -0.46831990724943395, -0.04756942425873297, 0.6401888787325724, -0.4194019262439981, -0.1555927440496677, -0.11665976491060626, 0.20600901763352483, 0.0012360065478048965], [-0.15603299628697048, -0.6995892056448141, -0.5719689606646985, -0.12694103232806342, -0.523841586939164, 0.32935857516271505, 0.4251662657118706, 0.17882179501105433, 0.006085857750981485, 0.622189462083124, -0.6151206894040598, 0.1067548958661149, -0.1324393414464261], [-0.8180596901111722, -0.5036733523758642, 0.015949866619752853, -0.5060357194285043, 0.20111929131395961, -0.13030346127952736, -0.48988908812053084, -0.15479524202351802, 0.6005833307322992, 0.4064471425345755, 0.6015968304776544, 0.505978283572361, -0.08477042174857015]], "inverted": true, "swapped": false, "error_lsq": 0.050531098956782525, "error_max": 0.25443594213993115, "target": "626.xyz", "model": "9.xyz", "model_rescale": 3.877068213659057, "target_rescale": 3.9848207517181686},
{"mapping": [7, 4, 6, 3, 9, 5, 1, 8, 12, 0, 10, 11, 15], "R": [[0.8936251877191441, -0.42319498363902547, 0.14946581447504775], [-0.1380085252395799, 0.05778777593836019, 0.9887437584699559], [-0.42706869568621, -0.9041938833982803, -0.006763903460021073]], "T": [-0.010991093238499871, -0.29963047211677174, -0.046813901741204235], "aligned_model": [[0.4965876605712547, -0.058129793452027116, -0.5042352761618432, -0.5664128969602251, 0.5560586161628769, -0.44887084766867064, 0.07974741288886059, 0.661736219596546, -0.515739201801224, -0.01822348532712887, 0.02714859541773966, 0.151443189883176, -0.015708063011956527], [-0.055897258217943835, -0.31620653577445934, -0.5579901915521469, -0.3125955350784113, -0.5293760413851731, 0.2882680369613363, 0.4304054808503559, 0.0686694594510241, 0.08573384597966854, 0.45794006385998653, -0.5515745182333802, 0.05010361805310376, -0.21503738604229644], [-0.6377830198347754, -0.7217908323105137, 0.21826157149312866, -0.35357092255919814, 0.20080860202007617, -0.3181662666220742, -0.5069450146694516, 0.03754283350259879, 0.34678348767334477, 0.19772773307453384, 0.6152135457528368, 0.5824368003668671, -0.016370747724457946]], "inverted": true, "swapped": false, "error_lsq": 0.041340918964135796, "error_max": 0.288417999820159, "target": "626.xyz", "model": "10.xyz", "model_rescale": 4.260839863003843, "target_rescale": 3.9848207517181686},
{"mapping": [10, 2, 1, 4, 0, 7, 11, 8, 3, 6, 9, 12], "R": [[-0.7774277951181278, 0.13769231133563187, 0.6137156106673659], [0.45595333848501907, 0.7955014358856882, 0.3991040198095905], [-0.4332580945604273, 0.5901002397075091, -0.6812261963511151]], "T": [0.03958404075044138, 0.10108898790414267, 0.041515427682281454], "aligned_model": [[0.4548113375086053, 0.4498463965079509, -0.4547246483793081, -0.39857982386257335, -0.786675872191739, -0.38002663431456185, 0.1905792032514968, 0.570217944121343, 0.18100500642393097, -0.24662278317000025, 0.37878225944038185, 0.00028626375860386216], [-0.12624534380688912, -0.5033943967833013, -0.5506946906153983, -0.12216501088892578, 0.11605870599614393, 0.44729299562614816, 0.5587132938938343, 0.0817603739806737, -0.5299122734648922, 0.15245633840754427, 0.6740730570352595, -0.02486454384726322], [-0.716760360850908, -0.21032254798925437, 0.10155349436407995, -0.5973004340550342, 0.30507638315208946, -0.22319937385595673, -0.4517293886102253, -0.01225090764458036, 0.5056913700279337, 0.617100460259104, 0.2319600690867722, -0.033640686488515974]], "inverted": false, "swapped": true, "error_lsq": 0.051430823342730934, "error_max": 0.29712435579448265, "target": "626.xyz", "model": "11.xyz", "model_rescale": 3.890672605050136, "target_rescale": 3.9848207517181686},
{"mapping": [7, 8, 6, 9, 0, 9, 12, 4, 11, 10, 1, 2, 13], "R": [[-0.9447981666206247, 0.27259023697545814, -0.18179930433301952], [-0.04066581727496502, -0.6481185768046736, -0.7604528924963359], [-0.32511954056264514, -0.7110814813411668, 0.6234263478856075]], "T": [-0.017877722271750003, -0.19993071765887244, -0.040915423453074765], "aligned_model": [[0.4494541499455753, 0.13261433269867806, -0.4250234140602121, -0.685907629315091, 0.3723982307047333, -0.685907629315091, 0.09325926307399435, 0.5841419610847051, -0.3253894724023828, 0.04066488913589978, 0.0369323218572326, 0.1551515808608237, 0.10301354586851386], [0.030458754284468703, -0.7397294212131023, -0.6030638906125497, 0.07715380964713808, -0.5974937834747067, 0.07715380964713808, 0.4406116614465015, 0.06725797373982173, 0.04800887517576474, 0.6587555877661517, -0.6762207314632649, 0.16875076515460424, -0.10920037122630116], [-0.7158122916514085, -0.4938619400199683, 0.020520514433087597, -0.32863164483218144, 0.154846751071597, -0.32863164483218144, -0.404901931174666, 0.19833245608860117, 0.34213110861821505, 0.2015120831703625, 0.5718177747686544, 0.5419215676126949, -0.11509503308989122]], "inverted": true, "swapped": false, "error_lsq": 0.05500653961448179, "error_max": 0.3354566475585466, "target": "626.xyz", "model": "12.xyz", "model_rescale": 4.124412569039231, "target_rescale": 3.9848207517181686},
{"mapping": [11, 10, 5, 4, 9, 4, 2, 8, 0, 1, 3, 6, 12], "R": [[0.19381642595883336, -0.6698701332384883, 0.7167350958503388], [-0.035049280154967, -0.7348503665291041, -0.6773230298555191], [0.980411516144707, 0.10615527969484922, -0.16590453762253043]], "T": [-0.017545874989526512, -0.2378143819244286, 0.1064301077083655], "aligned_model": [[0.6140274051203245, 0.04453375833685499, -0.6256096283162026, -0.5930007604853791, 0.5377351802566354, -0.5930007604853791, 0.06634074361154846, 0.5647755856252072, -0.5136583516365236, -0.03560454074224232, -0.0016201551622079327, 0.3963739177193351, -0.015890263704592456], [-0.0875418075229159, -0.39828233412034386, -0.6498026861439743, 0.08960077689306462, -0.5338830823773086, 0.08960077689306462, 0.35337630958913235, 0.14677212248371874, -0.1587405537371455, 0.5613749055018004, -0.417605987245322, 0.0682834826303586, -0.22070888397246508], [-0.6479479185957683, -0.6112089573805012, -0.0786914419523668, -0.31774820890505817, 0.21889141793212158, -0.31774820890505817, -0.5147398490154899, -0.06057605395367502, 0.3969247438120571, 0.26081490735885254, 0.7964842547649894, 0.5337324799261334, -0.0140393949233215]], "inverted": true, "swapped": false, "error_lsq": 0.054467374664593136, "error_max": 0.34011473165184625, "target": "626.xyz", "model": "13.xyz", "model_rescale": 3.9028299243045295, "target_rescale": 3.9848207517181686},
{"mapping": [8, 2, 6, 1, 4, 11, 12, 5, 9, 14, 7, 10, 15], "R": [[0.6333056649315404, -0.7544944878623366, 0.17222660233242104], [0.646512554105558, 0.638113549175707, 0.4181299029515715], [-0.4253768354641887, -0.1534573756576496, 0.8919110839689905]], "T": [0.07389296957519487, -0.17550886664943569, -0.10437131589617742], "aligned_model": [[0.5615151559486055, -0.015336282601022655, -0.48142491145346433, -0.49408427331405136, 0.5814801964004274, -0.4859946026619322, 0.07980602085673899, 0.5381665801813014, -0.49633430142918844, -0.17160475871910397, -0.09221611719736622, 0.31416400949735646, 0.0072654146290779265], [-0.1311334502428911, -0.5323576345799141, -0.5317788682062847, -0.15084039354734005, -0.45624616541451257, 0.30503801382122775, 0.3926942970017694, 0.037231616723388455, -0.08950285632383045, 0.543497333768239, -0.42855153096224496, 0.06559107025395242, -0.18119839341989508], [-0.7016673776049287, -0.7422168041912323, -0.00896691741392909, -0.4190013744372321, 0.24620684960855915, -0.14254578985792138, -0.5060558807006887, -0.1403342813498104, 0.4135951714892785, 0.3492933200919388, 0.7494466607043571, 0.5585715548316701, -0.012177361007145962]], "inverted": false, "swapped": false, "error_lsq": 0.04385672856293065, "error_max": 0.24100077956407293, "target": "626.xyz", "model": "14.xyz", "model_rescale": 3.942246331269136, "target_rescale": 3.9848207517181686},
{"mapping": [3, 12, 8, 0, 13, 2, 5, 4, 6, 9, 11, 10, 14], "R": [[0.7135386857945387, -0.6373599465617282, 0.29092068058739584], [0.5858830363010422, 0.3151167663174898, -0.7466207145266466], [0.3841921545909993, 0.7031882550956319, 0.5982663840182619]], "T": [0.0041472912578522855, -0.06223600674945297, -0.024643609404111127], "aligned_model": [[0.5293156102516405, 0.2045326863835776, -0.5551839469104606, -0.6116410149636763, 0.39215439539225194, -0.5274899438495241, 0.008714157819462491, 0.5672234213869504, -0.3065265232443869, -0.25819563736726264, 0.0914276810526421, 0.36405769201495675, -0.052986447828792506], [0.03527228467473413, -0.6137227047519977, -0.560522688852411, -0.17856580527569144, -0.7763365390172008, 0.34121835405260514, 0.4126803283643325, -0.1234309376479731, -0.05333348511888057, 0.6179485698548658, -0.46614768328013034, 0.28379367040190534, -0.07641032453249402], [-0.5055160460538125, -0.5936641481452933, 0.1695209464131622, -0.4093378032307445, -0.003649242029199345, -0.3950951550030916, -0.44561056364281776, 0.126566274643755, 0.44032081442814974, 0.31695181750082124, 0.561315873645696, 0.48499202710549283, -0.10264702546920201]], "inverted": false, "swapped": false, "error_lsq": 0.046487683807299125, "error_max": 0.24722828481222003, "target": "626.xyz", "model": "15.xyz", "model_rescale": 4.355366556412066, "target_rescale": 3.9848207517181686},
{"mapping": [9, 7, 6, 2, 5, 8, 1, 10, 0, 11, 4, 12], "R": [[-0.9940948611397222, -0.029853356879425468, 0.10432729335426079], [-0.038313450433227904, 0.9960540638410929, -0.08005236674542802], [-0.10152579264155938, -0.08357678498646369, -0.9913160113908326]], "T": [-0.0668598078130678, -0.07995936087797761, -0.05340278628681646], "aligned_model": [[-0.16500174336842305, 0.5238358173123795, -0.0030135069008107723, -0.5855505438171645, -0.5308458079505808, -0.498773512167047, 0.04047555071231752, -0.252276891123673, 0.5375873837816219, 0.17533112443697088, 0.4193073962491012, -0.06326671253291069], [-0.6710988572794394, -0.11331517438831021, -0.46366160688871294, 0.486744139770963, -0.4418840361285716, -0.09268398168481391, 0.4229523711615434, 0.5396530591338379, -0.16740469256923088, -0.11273515580121024, 0.5584430490975624, 0.06776731331736285], [0.2938112583021674, 0.07297097644673467, -0.5677444205620972, 0.029932630199760647, -0.36858587446449803, 0.2598469376617737, -0.6924071084723238, 0.5636691155260221, -0.6693498781557778, 0.5914067149875546, 0.024053253301409484, -0.08834514356130457]], "inverted": true, "swapped": true, "error_lsq": 0.051170972644183736, "error_max": 0.2481982680648768, "target": "626.xyz", "model": "16.xyz", "model_rescale": 3.795458400668931, "target_rescale": 3.9848207517181686},
{"mapping": [3, 0, 2, 1, 7, 5, 6, 8, 10, 9, 4, 11, 12], "R": [[0.17523722166957217, 0.8041754342160891, -0.5679734035541574], [0.8733916969121956, -0.3932421559217938, -0.28731089532214915], [-0.45439944972057844, -0.4457156916795102, -0.7712708099521797]], "T": [0.05362747341334221, -0.1666048909939944, -0.007062289455399853], "aligned_model": [[0.5971138838999925, -0.011789489662617884, -0.5670631242088341, -0.5905363657271759, 0.5709170532466787, -0.5203521985929215, 0.08757270743021428, 0.5536811384595524, -0.46026919446878617, -0.15574483988027693, -0.029829907114375935, 0.43290565639182277, -0.061203189635893794], [-0.1650208405215694, -0.4925667665291327, -0.48475868879508754, -0.2297260892777229, -0.5711561067297258, 0.3080044177515713, 0.26899573121109105, 0.2883373407467417, 0.010169411500465825, 0.674063999696318, -0.6340401633926094, 0.05451621793929873, -0.1843754247279746], [-0.6045586903402489, -0.49744975270037534, 0.11569432946648603, -0.5509972807041844, -0.0021141596523677163, -0.2258543007365848, -0.5232751041450979, 0.018641215506855466, 0.48646047979579554, 0.2106185082420819, 0.42886765920304915, 0.6730802576063634, 0.11503460862114322]], "inverted": true, "swapped": false, "error_lsq": 0.0451935147533565, "error_max": 0.2683181350404278, "target": "626.xyz", "model": "17.xyz", "model_rescale": 3.7474275329858107, "target_rescale": 3.9848207517181686},
{"mapping": [11, 1, 6, 2, 8, 7, 7, 10, 9, 12, 4, 5, 13], "R": [[0.9189769201456005, 0.24939071444782163, 0.30542706459466207], [0.38918698400028967, -0.698144039956507, -0.600939590106997], [0.0633633310714093, 0.6711178518117459, -0.7386378796508629]], "T": [0.06559008536147626, -0.17973358714339643, -0.07512432143739464], "aligned_model": [[0.4307862150538526, 0.05197314080727847, -0.5771635834749693, -0.5456925005423768, 0.5177679973951874, -0.27122534455491365, -0.27122534455491365, 0.6885727454440886, -0.41858426434506535, 0.039378117155020514, -0.07547709272047456, 0.2862545200424992, -0.009962475567834472], [0.2186276499064142, -0.4107099622860163, -0.4367651720104178, -0.42577307221737437, -0.6513735676287837, 0.3644294574898545, 0.3644294574898545, 0.051176048576940136, 0.06145374587341851, 0.5244017467976976, -0.6042516843730146, 0.039474365864800826, -0.25267597461170976], [-0.5543703683484861, -0.7270314542075924, 0.2651715748622345, -0.33900098915341825, 0.22478452453964018, -0.4724418632877454, -0.4724418632877454, 0.11199252930392775, 0.318738643735213, 0.1753617810351926, 0.6242398600969082, 0.5779262258215094, -0.08878083094672275]], "inverted": true, "swapped": false, "error_lsq": 0.052327582745532696, "error_max": 0.2996405853000688, "target": "626.xyz", "model": "18.xyz", "model_rescale": 3.922800546911778, "target_rescale": 3.9848207517181686},
{"mapping": [4, 13, 12, 7, 8, 9, 11, 6, 3, 2, 5, 1, 14], "R": [[0.21630527826457815, 0.9544730545371046, 0.20540987015597192], [-0.7581527614835254, 0.031648086098171456, 0.6513085205194449], [0.6151556037701265, -0.29661353106177163, 0.7304820301289274]], "T": [0.04625688892067781, -0.0929128617123866, 0.0329750761433447], "aligned_model": [[0.5190424614765726, 0.04674340247863826, -0.4394881538196095, -0.6300077483866655, 0.46146847925466555, -0.4252009659670648, -0.06743156926111261, 0.7117149715733919, -0.5610746400897002, -0.10422511778032367, -0.047696793718280464, 0.4205532198628581, -0.038995415485990975], [-0.006238759425026594, -0.4937239235042161, -0.7114507777926242, -0.14197784304132482, -0.5393622539209828, 0.5418378254649018, 0.09919283458660079, 0.08837330929351013, -0.07537366708856649, 0.5772576079467915, -0.5668060853909979, 0.15538424384982086, -0.08466947210622208], [-0.5081612666279021, -0.5248456861719797, 0.041729754370841074, -0.38948177016573576, 0.08467545786838393, -0.16083473296752737, -0.6433487728332632, 0.041259781769143675, 0.2329501598587151, 0.23633601153611622, 0.6238486990575742, 0.6213914490872813, -0.01137131461873192]], "inverted": true, "swapped": false, "error_lsq": 0.04575380878371619, "error_max": 0.27066224682949175, "target": "626.xyz", "model": "19.xyz", "model_rescale": 3.9282355846067225, "target_rescale": 3.9848207517181686},
{"mapping": [8, 9, 10, 11, 7, 0, 4, 6, 1, 3, 2, 5, 13], "R": [[-0.420120952472296, -0.7867845187124854, 0.4521819394979569], [0.7743231102936937, -0.050970384482839, 0.6307342869788927], [-0.47320408510374395, 0.6151196152131996, 0.6306391621371881]], "T": [0.10786786570660892, -0.15481566077781095, -0.07495287032945389], "aligned_model": [[0.4528357118648866, 0.09333632076794049, -0.5649342975764043, -0.43096144475476406, 0.46826349471828554, -0.588249455594609, -0.01952287365790706, 0.6663038345912035, -0.36429819834058663, -0.019161211330724126, -0.12743523928754633, 0.31090196057698727, -0.03167647183938321], [-0.008135348951697485, -0.5546632241478979, -0.6795007655932206, -0.13755308302731406, -0.5955812405345342, 0.2385340328652032, 0.3380827288369496, 0.1513887927742541, 0.08296618549676243, 0.5421585684516469, -0.4841151237650781, 0.08809240491870693, -0.1392308884521167], [-0.7368468575870049, -0.6391652288492622, 0.04453411163094936, -0.5468937023445319, 0.17790770522676094, -0.10484737972838305, -0.4493732516912994, 0.07075970750056662, 0.4561024919926374, 0.17890852200621307, 0.6426197899749121, 0.5475123738314829, 0.002929488199874597]], "inverted": true, "swapped": false, "error_lsq": 0.036978810617110114, "error_max": 0.2206254909063839, "target": "626.xyz", "model": "20.xyz", "model_rescale": 4.067790424073018, "target_rescale": 3.9848207517181686},
{"mapping": [4, 8, 9, 7, 13, 0, 2, 6, 12, 3, 10, 11, 14], "R": [[-0.8359117427481834, -0.24613366834940745, 0.4905810591946645], [0.04078309220947133, -0.9191946893205322, -0.39168592330432817], [0.5473465974366962, -0.3074074501858961, 0.7784037267669502]], "T": [0.05021269594968055, -0.1454004722695968, -0.08503455028507698], "aligned_model": [[0.49166961169245593, -0.04991220240314131, -0.5382043063606848, -0.5628330558812173, 0.42174709985432074, -0.45053037363566234, 0.13452679067285572, 0.6817831378711435, -0.43410978807714073, -0.017541254773658706, -0.06902304736877904, 0.2112782877045464, 0.02655123084234093], [-1.974511479602148e-05, -0.36540952071606486, -0.5448896335705884, -0.4299222251901444, -0.6117143344330846, 0.23719082065217073, 0.5036054999758703, 0.2380232742405064, 0.04409195810239108, 0.6304138405577164, -0.6703240074340107, -0.003879449671058577, -0.18472343852724366], [-0.7380680336923952, -0.6015022840851375, 0.22837211981625324, -0.40108238762286674, 0.28189469868070516, -0.4126598093290915, -0.43915926413552187, -0.044268017459048487, 0.4775827416598952, 0.2574075190120274, 0.5326425023075032, 0.5249342434203607, -0.02194625840976812]], "inverted": false, "swapped": false, "error_lsq": 0.04759113447148137, "error_max": 0.23901373962877567, "target": "626.xyz", "model": "21.xyz", "model_rescale": 4.186013935880536, "target_rescale": 3.9848207517181686},
{"mapping": [3, 11, 9, 8, 4, 2, 5, 6, 1, 0, 7, 7, 12], "R": [[0.020277482757327908, 0.8734981315240229, -0.4864050142803498], [-0.3353150900709625, 0.4642690576913313, 0.8197670598658535], [0.9418877927140414, 0.14647612875292804, 0.302311312460892]], "T": [-0.05885540715651112, -0.14713943830437004, -0.04774545841676914], "aligned_model": [[0.6840693056948783, 0.01853671749503201, -0.5147322742700761, -0.6556523766147832, 0.5283365619350707, -0.5672936141468182, 0.011356948964887759, 0.43701132599238707, -0.3998294055141571, -0.018971603329408074, 0.17091491009025261, 0.17091491009025261, -0.019259276250140026], [0.05795163103272999, -0.529532246885088, -0.5406596582674252, -0.32586416515101146, -0.5691512360777418, 0.31777796788326895, 0.4004032019033733, 0.06661189980000837, 0.14002715782657982, 0.529297140363039, -0.2751233815676749, -0.2751233815676749, -0.15417189042071902], [-0.5560162317742715, -0.5444870186868253, 0.10314814233979691, -0.4944657064049613, 0.02101341550437144, -0.32168267378049276, -0.5897842562136352, 0.08745586344075496, 0.5322505022958121, 0.20251696033479405, 0.6371993944436274, 0.6371993944436274, -0.07020001577968261]], "inverted": true, "swapped": false, "error_lsq": 0.054273279989148424, "error_max": 0.4022291596787292, "target": "626.xyz", "model": "22.xyz", "model_rescale": 4.166573947596378, "target_rescale": 3.9848207517181686},
{"mapping": [14, 9, 4, 8, 11, 7, 10, 12, 1, 5, 2, 6, 15], "R": [[-0.8637849485327332, -0.4440894785841807, -0.2380338162932617], [0.49825602703301874, -0.8231156659287916, -0.2724362898511759], [-0.07494327330438229, -0.35392815021333474, 0.9322651823773063]], "T": [-0.0063075085038739945, -0.14940775964509428, -0.05847395415695441], "aligned_model": [[0.557120017901001, 0.12997251634720783, -0.6064123087142608, -0.6297129519040844, 0.5264389981220728, -0.45080500349406777, -0.042904896436493374, 0.6387234744929169, -0.31529424146763924, -0.18664618887729115, -0.026034745183135928, 0.2827340974856241, -0.03177663813447139], [0.17301911792249242, -0.4677348084952979, -0.5047797886877132, -0.428930807606609, -0.7303212942090396, 0.3683498661072753, 0.3473071767243245, -0.13216918689320914, 0.06196178059767196, 0.6202156958665743, -0.44722570789403554, 0.09442413863926111, -0.11167314320003159], [-0.5107659995563252, -0.5489276329880982, 0.17269365409121182, -0.49126912397574746, -0.029944101989830496, -0.2723399532613649, -0.6178272738826108, 0.055627832914452786, 0.5481141904494844, 0.19885789052768374, 0.5446218467096102, 0.6019112268949248, -0.006604785770475401]], "inverted": true, "swapped": false, "error_lsq": 0.04312513972111143, "error_max": 0.22274010252207882, "target": "626.xyz", "model": "23.xyz", "model_rescale": 4.274766983524099, "target_rescale": 3.9848207517181686},
{"mapping": [4, 1, 0, 7, 6, 9, 11, 8, 2, 3, 12], "R": [[0.3807610596193812, 0.9059929131887764, -0.1849266252578049], [0.3241754601075662, 0.05650626099484568, 0.9443078489202716], [0.8659857311420173, -0.4195043309908694, -0.2721852856756392]], "T": [-0.10296278228975717, 0.028025762917100447, 0.12294495353657692], "aligned_model": [[0.272071381585953, 0.26132517908248987, -0.4811603874149978, -0.37531665917272805, -0.5118911331273389, -0.5709110205411285, -0.190987178689013, 0.09064772799366516, 0.6346752367791606, 0.22499688967701212, 0.026444667785000292], [-0.1772507958010296, 0.6100966425673194, 0.4943130957136316, -0.22713238924019452, 0.5266443025858928, -0.26918950990419527, -0.6534098340699643, -0.17922824028524376, 0.04582539811598789, 0.6883647683610788, 0.05655309320020038], [-0.5605216043898413, -0.325670009930979, -0.5031034536925778, -0.3532083231288318, 0.12007506457623107, 0.5380628457062195, 0.06457350393897651, 0.5750483731229785, 0.3525338354888533, 0.42297268273259064, 0.048803519597957784]], "inverted": true, "swapped": true, "error_lsq": 0.040077447746661214, "error_max": 0.20145549624256448, "target": "626.xyz", "model": "24.xyz", "model_rescale": 3.7841303162186577, "target_rescale": 3.9848207517181686},
{"mapping": [0, 10, 13, 11, 9, 6, 7, 8, 3, 4, 12, 2, 15], "R": [[-0.7000187170157801, -0.018440041372451227, -0.7138863780054663], [0.38925687193156405, -0.8479555711371258, -0.359792213689464], [-0.5987093480827197, -0.5297464622361279, 0.6007626838167228]], "T": [0.07021242145719503, -0.10088435703075424, -0.05602817734555014], "aligned_model": [[0.4491473569369137, 0.21694280460799523, -0.5432713810416987, -0.5916656561593716, 0.3934817851103871, -0.42235212711693065, -0.04651623650553394, 0.6166131434335889, -0.6031518950470223, -0.023067862659164856, -0.0760096606145913, 0.4597504050945568, 0.01550145409825028], [0.23338548177489718, -0.6287055183950745, -0.5482915889752736, -0.24151175835597571, -0.5309026668561035, 0.41701354994262096, 0.013825630908534697, 0.11373314873009899, 0.10655298964009344, 0.5063960256893799, -0.5186997782764755, -0.02205746797957714, -0.058295008975481774], [-0.5908196683861411, -0.6084140221620499, 0.13229173701902763, -0.41875247144480027, 0.17358427933817128, -0.16180329579783065, -0.6853306476866792, 0.013566081638426666, 0.3345510490581563, 0.36730817618059536, 0.5597812760667762, 0.5849394574016918, -0.05675418106242818]], "inverted": false, "swapped": false, "error_lsq": 0.04994782565490015, "error_max": 0.3578176907630578, "target": "626.xyz", "model": "25.xyz", "model_rescale": 4.19342608120988, "target_rescale": 3.9848207517181686},
{"mapping": [9, 7, 6, 2, 5, 8, 1, 10, 0, 11, 4, 12], "R": [[-0.9940948611397222, -0.029853356879425468, 0.10432729335426079], [-0.038313450433227904, 0.9960540638410929, -0.08005236674542802], [-0.10152579264155938, -0.08357678498646369, -0.9913160113908326]], "T": [-0.0668598078130678, -0.07995936087797761, -0.05340278628681646], "aligned_model": [[-0.16500174336842305, 0.5238358173123795, -0.0030135069008107723, -0.5855505438171645, -0.5308458079505808, -0.498773512167047, 0.04047555071231752, -0.252276891123673, 0.5375873837816219, 0.17533112443697088, 0.4193073962491012, -0.06326671253291069], [-0.6710988572794394, -0.11331517438831021, -0.46366160688871294, 0.486744139770963, -0.4418840361285716, -0.09268398168481391, 0.4229523711615434, 0.5396530591338379, -0.16740469256923088, -0.11273515580121024, 0.5584430490975624, 0.06776731331736285], [0.2938112583021674, 0.07297097644673467, -0.5677444205620972, 0.029932630199760647, -0.36858587446449803, 0.2598469376617737, -0.6924071084723238, 0.5636691155260221, -0.6693498781557778, 0.5914067149875546, 0.024053253301409484, -0.08834514356130457]], "inverted": true, "swapped": true, "error_lsq": 0.051170972644183736, "error_max": 0.2481982680648768, "target": "626.xyz", "model": "26.xyz", "model_rescale": 3.795458400668931, "target_rescale": 3.9848207517181686},
{"mapping": [2, 0, 7, 3, 6, 4, 9, 1, 10, 11, 5, 8, 12], "R": [[0.6455314514672422, -0.46071674888726666, 0.6091216811617718], [0.49226397901198016, 0.8607782269885355, 0.1293716310083722], [-0.5839223579671261, 0.21633520572764145, 0.7824536782640176]], "T": [0.054724071505341525, 0.02538371030268477, -0.028561695723517445], "aligned_model": [[0.37128728387189697, 0.12641035245968363, -0.44972237073586663, -0.4145035843479894, 0.49592185733489025, -0.6492154966065574, 0.09173268178360908, 0.6351939691387055, -0.5809480800742625, -0.13726922070833467, -0.06915655964928871, 0.4435523203965802, -0.01788102272568761], [-8.93763105328585e-05, -0.6041320046559842, -0.6090453774083213, -0.20158256988757373, -0.5598385489113846, 0.4702763880332134, 0.29990408327094226, -0.06865648311651018, -0.027475481991551975, 0.6008415200131243, -0.42048965184658016, 0.0839501819006328, -0.12121964021781004], [-0.8495207497169338, -0.5669335317587294, 0.02837351487400299, -0.5514271406391689, 0.3509727306140025, -0.10206524927556285, -0.35665195419829815, -0.09612137685377053, 0.28894932771565357, 0.3503333777751385, 0.5653330778102084, 0.5847361694080286, -0.0018304255916551729]], "inverted": false, "swapped": false, "error_lsq": 0.05348467132157396, "error_max": 0.2813295645689219, "target": "626.xyz", "model": "27.xyz", "model_rescale": 3.6321398670334006, "target_rescale": 3.9848207517181686},
{"mapping": [2, 0, 8, 10, 3, 9, 11, 1, 12, 6, 7, 4, 14], "R": [[-0.3696317116298279, -0.8876105423962768, 0.27480888410783116], [0.46495471564297075, -0.43275071979242485, -0.772362561832526], [0.8044808948377633, -0.15771600916243667, 0.5726570966074779]], "T": [-0.023778178330445206, -0.100332081591835, -0.06395398724542203], "aligned_model": [[0.558630840401015, 0.06901295609590008, -0.37336267826448877, -0.5618760306769627, 0.3324244715917594, -0.5032180300488576, -0.03295540802606464, 0.630469557771311, -0.5882582757776507, -0.10603488289465937, -0.041792060917266144, 0.44216421525006966, 0.020197455633273746], [0.10954975797802592, -0.4989321425464325, -0.45370167935235106, -0.28984013316995216, -0.6706248942479981, 0.33978043228012966, 0.16775683002267994, 0.016040280148935576, -0.03070495377570727, 0.536578100964361, -0.46646313560723657, 0.13749969285060404, -0.0544951166733947], [-0.5641469620575883, -0.5350373036542178, 0.07729126251186691, -0.5923563270242478, 0.07549442609576595, -0.215646323695737, -0.6475377004718723, 0.01144209604082519, 0.5360660236858966, 0.37363793572760906, 0.619062070635779, 0.5785419156901941, -0.07266334332135788]], "inverted": false, "swapped": false, "error_lsq": 0.0426421073730361, "error_max": 0.2689449637804725, "target": "626.xyz", "model": "28.xyz", "model_rescale": 4.156811204709835, "target_rescale": 3.9848207517181686},
