[{"mapping": [10, 6, 11, 12, 5, 7, 13, 4, 2, 8, 0, 1, 9, 14], "R": [[0.9411079603238304, 0.3255820951822985, -0.091170753599081], [-0.03738420736184886, 0.368201094710027, 0.9289942814109589], [0.33603307583487363, -0.8708755669732859, 0.3586886097911553]], "T": [-0.07022449314168318, 0.08041655467669251, 0.16270583906867225], "aligned_model": [[0.0671618260394501, 0.3062159092731507, -0.5491175004128137, -0.362443765574214, -0.7179425366151594, -0.06842463219280419, -0.8528147953167613, 0.04985062132736938, -0.4020712414433996, 0.3901150072348378, 0.6418688204620052, 0.307689148206228, 0.6342726175820022, -0.0728673774415876], [-0.5641540899441434, -0.19685809518027364, -0.3542782538924917, -0.3326995614050074, 0.2456390211304061, 0.35610681689031, 0.0989892751692159, 0.6303105896351442, 0.6453272875851884, -0.15741817563068328, 0.48999944213960706, 0.4435445254419246, -0.1418697649771378, 0.07263431484797563], [0.2157939946402066, -0.4130005625135866, 0.48740649711002376, -0.2809143917492805, 0.6045168751320329, -0.5688480862944671, -0.031076787571779063, 0.4202687018085294, -0.0871654854569871, 0.6658398963713874, 0.6015581956746492, 0.007781123769336706, 0.09598982365304615, 0.17943829260672198]], "inverted": true, "swapped": true, "error_lsq": 0.048929858818111925, "error_max": 0.31810261503477244, "target": "628.xyz", "model": "0.xyz", "model_rescale": 3.8414455957264533, "target_rescale": 3.954002096692138},
{"mapping": [0, 4, 2, 13, 7, 9, 3, 5, 11, 1, 12, 8, 10, 6, 14], "R": [[-0.913057437642718, 0.3571346143019214, -0.19692887759983865], [-0.2372709497283163, -0.8579096078964717, -0.4557341342207595], [-0.3317056104143208, -0.369385939020884, 0.8680584174312941]], "T": [0.006495018889870516, 0.024354843659528693, -0.06711706424376535], "aligned_model": [[-0.6209164497127138, -0.1933706805871233, 0.4107509478297373, -0.23175871002520698, -0.06268469464781928, 0.32648271121546807, -0.25549686085155215, 0.33590355177326003, -0.632624336748151, -0.6837351410619952, -0.09586611024554237, 0.3783829010782903, 0.28281203221889795, 0.7737193620331082, -0.03934570354050825], [0.06149096808858591, -0.41030684816864593, -0.4573359001397444, 0.7345530785582483, 0.061968079476851595, 0.42919357735750885, -0.6576784390994173, -0.4920191633026725, 0.3897206266042417, -0.3131676714076421, 0.439211318403719, 0.6557421805063898, -0.06650672006276326, -0.11362847590651523, -0.008996481639021382], [-0.4283553883948787, -0.3258450114737308, -0.45332413159688756, -0.18416674790046586, -0.7048900754799852, -0.5134612772133031, 0.21496047509367927, 0.17613319450205212, 0.36218434040337855, 0.3305747376384149, 0.5651058778202025, 0.2284363682374217, 0.5523782019151102, -0.0185930022373234, 0.002527148260072526]], "inverted": true, "swapped": false, "error_lsq": 0.05124775351161559, "error_max": 0.3254280044863655, "target": "628.xyz", "model": "1.xyz", "model_rescale": 4.316132596720782, "target_rescale": 3.954002096692138},
{"mapping": [7, 12, 6, 4, 1, 2, 8, 5, 10, 13, 11, 14], "R": [[-0.3323131759756178, -0.34829565866292606, -0.8765033298451049], [0.12326696309406773, -0.937384708012242, 0.32575322714344634], [-0.9350792527281119, 0.00020818588450144393, 0.3544386375327521]], "T": [-0.07788630542758102, 0.04249876060914327, -0.13600494864987275], "aligned_model": [[-0.24513584866917407, 0.4619713076920904, 0.12032900946330835, -0.6625214348227565, -0.5274565022915945, -0.4577380239871587, -0.07781639799072076, -0.061524972380416265, 0.46753674976141923, 0.1995801081912984, 0.4523713704188783, -0.07178681075339312], [-0.6838695222190994, -0.30642463237855033, -0.5879208215377482, 0.2413221965126457, -0.20832784584004904, -0.15501663069222346, 0.443305850963533, 0.6070828379084168, 0.09454648224380632, 0.024059783006684557, 0.48426705079324905, 0.05975167898031576], [0.09978354530115782, 0.06314866322068016, -0.4726179434001989, -0.09344771808906277, -0.31945783761139185, 0.4193169592920414, -0.7368172035180451, 0.43233583405939624, -0.5060987129961331, 0.6209736684927115, 0.08170169189284648, -0.13956248543458113]], "inverted": true, "swapped": true, "error_lsq": 0.03821196770841203, "error_max": 0.23246988995346757, "target": "628.xyz", "model": "2.xyz", "model_rescale": 3.795458400668931, "target_rescale": 3.954002096692138},
{"mapping": [8, 10, 6, 13, 4, 2, 12, 3, 11, 5, 1, 14], "R": [[-0.296859329133055, -0.7956533251559573, 0.5280249282703813], [-0.0402730268324234, 0.5628909900885091, 0.8255494028747965], [-0.9540716021433755, 0.22380687979918473, -0.19914280940602866]], "T": [-0.053028286133300524, 0.05865407454967853, 0.00945507074745204], "aligned_model": [[0.02105370117561261, -0.2265724145553477, -0.7822178871682205, 0.2582434251654195, 0.19284331753032796, 0.0639633782872128, -0.31498481658080035, 0.6427614629772017, 0.3912640299764966, 0.707121347891957, -0.32016384537939785, -0.040007873576896544], [-0.24559355308694447, -0.5716408986217472, -0.06596091254137054, 0.062150067890309635, 0.5501225571201817, 0.6384510119804652, -0.2727980800419625, -0.1442391882214267, -0.4664614201945786, 0.08272407840764279, 0.4716137446389097, 0.047401637960230225], [-0.6413651305363034, -0.08941530475558519, 0.062181720377127214, 0.7533918511047446, -0.2754062923962995, 0.38605902868714614, 0.533262461980973, -0.30945237919423, 0.234369857651203, 0.2616995704993421, -0.22884141421521242, 0.002287461436194644]], "inverted": true, "swapped": true, "error_lsq": 0.04299800021951461, "error_max": 0.2701970813584641, "target": "628.xyz", "model": "3.xyz", "model_rescale": 3.7530521520055578, "target_rescale": 3.954002096692138},
{"mapping": [10, 12, 6, 7, 9, 13, 8, 11, 3, 4, 14], "R": [[0.3244605437582518, 0.848299209285543, 0.4184660166245546], [-0.8011679587378313, 0.011275775646567412, 0.5983333174539296], [0.502847151166193, -0.5293971178700265, 0.6832886901997962]], "T": [0.02157680940481186, 0.033289742622996416, 0.06781292489566232], "aligned_model": [[-0.37331978544117944, -0.209060666112318, 0.3112268218341706, 0.5633750432513734, 0.2832458531725879, -0.29793531395178974, -0.13345948880548825, -0.6938778908463994, -0.46089617949275924, 0.3421476945040634, 0.006753514332943805], [-0.460972899879429, 0.05334801025705574, -0.39618341142839664, 0.24161402735475923, -0.6605751881122985, 0.6866102986515153, -0.5099457804150452, 0.14136693428739186, 0.09773058740841686, 0.24446297444898654, 0.02974780574139003], [-0.12434791521649036, -0.5640572821286962, -0.46292443867991934, -0.455861756643184, 0.08391208840081185, -0.2806529808847865, 0.5177913765041935, 0.05467904226102138, 0.6923593244378039, 0.553385046055066, 0.07854827313949632]], "inverted": true, "swapped": true, "error_lsq": 0.04718582540062981, "error_max": 0.23583548528515086, "target": "628.xyz", "model": "4.xyz", "model_rescale": 3.7855080009869324, "target_rescale": 3.954002096692138},
{"mapping": [11, 13, 8, 4, 6, 7, 14, 15, 1, 12, 2, 5, 9, 10, 16], "R": [[-0.3206259407623923, -0.7775859454495141, 0.5408873298105775], [0.8087112564506939, 0.07256905960056886, 0.5837121167824336], [-0.4931380230728221, 0.624574918667148, 0.6055749839382027]], "T": [-0.013181033261186111, 0.048256665889334076, 0.020427389657035666], "aligned_model": [[-0.696083408478382, -0.2881349265897496, 0.3457911996522503, -0.16978949128903167, -0.1661918170365691, 0.3995231133318276, -0.17433773989400334, 0.38329030298774913, -0.6250163884092689, -0.6302742190872378, -0.1908368549403666, 0.4461704816051126, 0.35985416708452533, 0.7145838808187083, -0.01629548102741571], [-0.024743696301804126, -0.4966235543171197, -0.34921389753315424, 0.6989049049659358, 0.16041574275128204, 0.44604568509011, -0.436581288732152, -0.6730455645456631, 0.4718095658984904, -0.21773893850398124, 0.11972919877231908, 0.7039899576795356, -0.18082240359689963, 0.012110146522822433, 0.018004271119402098], [-0.380510911510382, -0.369923146459709, -0.43615333833459935, -0.2944240732997146, -0.6041405486754416, -0.4620751030454639, 0.4638888560761452, 0.06345852476102574, 0.1595833384124632, 0.1277008787428387, 0.7339508816637652, 0.13922671813715126, 0.5819267560639789, 0.01643576764901436, 0.06472010939268497]], "inverted": true, "swapped": false, "error_lsq": 0.0356860923323514, "error_max": 0.1912942581466483, "target": "628.xyz", "model": "5.xyz", "model_rescale": 4.2253639853439635, "target_rescale": 3.954002096692138},
{"mapping": [11, 12, 2, 5, 13, 1, 4, 3, 6, 10, 7, 0, 8, 14], "R": [[0.29201685819435635, -0.9375142617117977, -0.18919081271901186], [0.6474958251079519, 0.3393762572728158, -0.6823290353394531], [0.7039000717417708, 0.0767513197702725, 0.7061401588321199]], "T": [0.009808545025504274, 0.011171773693142976, 0.028580261216269318], "aligned_model": [[0.5222477960467713, -0.1422441735704973, -0.4978512137833518, 0.3045548035020443, -0.15384372382687855, -0.3194831982398514, -0.06615882497966688, 0.6838928581465326, -0.33514064858998077, 0.39577662063801905, -0.7562709220836986, 0.15417373914530452, 0.556258779773834, 0.02815026057920366], [-0.23639370055876754, 0.14604451543294603, -0.46888579752146625, -0.7260519973393951, -0.5482305439983366, 0.16312909408096243, -0.2712051323964903, -0.3508624261755186, 0.6391868453553673, 0.4451226674675944, 0.10168712759308424, 0.20809090282723025, 0.3356136726727876, 0.00785391919499231], [-0.4184610750311333, -0.6129376668586626, 0.08781181479634108, -0.07940063240932423, -0.5287627348404809, 0.43743014990074724, 0.5741371809433841, 0.23237572142840573, -0.16281877858136518, -0.2874576087730323, -0.09833989744701994, 0.9273616401889229, 0.37172933857938395, 0.02889075703528231]], "inverted": true, "swapped": true, "error_lsq": 0.04041725210112055, "error_max": 0.26358659945967944, "target": "628.xyz", "model": "6.xyz", "model_rescale": 3.89814844738969, "target_rescale": 3.954002096692138},
{"mapping": [8, 3, 4, 10, 1, 5, 11, 9, 12, 13, 2, 7, 14], "R": [[-0.6955884966759049, -0.4896241154378493, -0.5257612280055067], [0.6095838005278612, -0.014932120039777674, -0.7925809876127022], [0.3802160352038872, -0.8718057452052156, 0.3088535400493495]], "T": [-0.009664198024326331, 0.030289375175452125, 0.007145390279723846], "aligned_model": [[0.18809452175270047, -0.15945188160061163, 0.4346955477634689, -0.3188975390965565, 0.5138722482381692, -0.4014943543535484, -0.6572496610378282, 0.38746028599549603, -0.49723771215926915, -0.5964820015948704, 0.10019680459111302, 0.17188435553742, -0.016758813131461044], [-0.41324143775959327, 0.16347804530746265, 0.3908686674249992, -0.5470914493474511, 0.05536544958650751, 0.6012140123842745, 0.026510974839966166, -0.5957424440204321, -0.12771489711745357, 0.5333190582499476, 0.6583529069546269, 0.19131712415496638, 0.027145254812664964], [-0.5274512809543088, -0.7588934081311556, -0.22879337589619567, -0.08324704916963425, 0.16194555438319438, -0.3960274089869539, -0.3158830885378052, 0.03069786748457873, 0.44322182393521503, 0.23725457469282218, 0.29894813099208306, 0.7503073461488967, -0.009804655124441421]], "inverted": false, "swapped": true, "error_lsq": 0.0394724207951554, "error_max": 0.19556259007959859, "target": "628.xyz", "model": "7.xyz", "model_rescale": 3.7474275329858107, "target_rescale": 3.954002096692138},
{"mapping": [6, 3, 1, 11, 0, 12, 8, 2, 7, 5, 9, 11, 4, 13, 14], "R": [[0.8050710990703283, 0.5707143449727624, -0.16169620244150773], [-0.30702501763705425, 0.6341564527080228, 0.7096345764079879], [0.5075393226013732, -0.5216615089606367, 0.6857646141951705]], "T": [0.010104247799776575, 0.04348377629245311, -0.09368566503837256], "aligned_model": [[-0.7467382596941375, -0.4441197632774081, 0.36930763158742236, 0.03306911090446159, -0.22570574191043147, 0.4359552875388033, -0.07505411542636782, 0.3267039306832824, -0.5227476424838933, -0.6178965259632432, -0.2569336100675078, 0.03306911090446159, 0.4773931379871951, 0.8443115080967868, 0.061638759848725126], [0.011088765816782885, -0.5079137494536877, -0.36301761897948237, 0.6300133242780568, -0.15263614435850628, 0.42863782487724517, -0.3537115545376956, -0.7348209852636676, 0.4496066674496337, -0.08135175665473213, 0.3518971020227046, 0.6300133242780568, -0.30206152839904726, 0.23206627184077377, 0.014430186352688713], [-0.3987726699146055, -0.1551336377193329, -0.6138119619772293, 0.11109631657195784, -0.6769042030699535, -0.3194064430170274, 0.45421417817742665, -0.042736329547315266, 0.0288324651435318, 0.22733237477984153, 0.5496746096647338, 0.11109631657195784, 0.43020877218977255, 0.18316577153563735, -0.0851908498156385]], "inverted": false, "swapped": false, "error_lsq": 0.05255571521793831, "error_max": 0.4140971644835635, "target": "628.xyz", "model": "8.xyz", "model_rescale": 4.019505241142653, "target_rescale": 3.954002096692138},
{"mapping": [8, 11, 4, 0, 9, 1, 2, 10, 6, 12, 13, 7, 14], "R": [[-0.3879506042691454, -0.8525409926312706, -0.35024018120497413], [0.8498939942831412, -0.18386953743918266, -0.4938341742764965], [0.35661537702215407, -0.48925029288206784, 0.7959017676737237]], "T": [-0.050581187367781666, -0.026110892997938104, -0.03332579856048824], "aligned_model": [[-0.16278221047862762, -0.7726040732186223, 0.24101817345376014, 0.4267356906362234, 0.27326231823446, 0.4824658679007164, 0.22124107420816813, -0.3952101642146012, 0.2861547831034917, -0.2713506517018278, -0.42267101441215776, 0.4786382003728045, -0.06519722214261144], [-0.6553825947876493, 0.019944735429444194, 0.11742629050595783, -0.47432808326825765, -0.6853121954121351, -0.07844898260028868, 0.6168585614265141, -0.5080448991641235, -0.3217759668977128, 0.09181311096469365, 0.6506386057322117, 0.32286437629675263, -0.03287473011134788], [-0.3695545152173787, -0.016283564538608117, -0.5601151310081288, -0.6956673782600036, 0.07039228284714659, -0.1419714249144851, -0.09954526792337788, 0.26016210729795297, 0.5576204926648218, 0.5913426820318013, 0.1988454958994934, 0.42419207754190374, -0.04271436237725854]], "inverted": false, "swapped": true, "error_lsq": 0.049459260137092995, "error_max": 0.32420030039763137, "target": "628.xyz", "model": "9.xyz", "model_rescale": 3.877068213659057, "target_rescale": 3.954002096692138},
{"mapping": [4, 5, 6, 2, 3, 14, 0, 12, 7, 1, 8, 9, 11, 10, 15], "R": [[-0.41290988151115254, -0.7884022102823515, -0.45599055316130055], [0.8528018514788006, -0.15891559800233862, -0.4974684259587626], [0.3197411951325255, -0.5942792168109717, 0.7379686853801877]], "T": [0.01875438890583038, 0.05584945871141742, -0.12071761115231423], "aligned_model": [[-0.5713605890138845, -0.43639560296229774, 0.4198589804328712, -0.13696084669145192, -0.1917829512973514, 0.5616945816246997, -0.09519545973709757, 0.2528554334383632, -0.6681991956313064, -0.7220102386941716, -0.13744079494666173, 0.2819779588604164, 0.4097352215889615, 0.7162424952608782, 0.009233826496181062], [0.17708791105413316, -0.5795781474297287, -0.2142434736584176, 0.6953497702695378, -0.288850289961159, 0.5884744877948632, -0.47145681992279054, -0.6491389703319335, 0.4165825271997723, -0.22743411423323442, 0.3175449440407784, 0.5723453755418353, -0.1745535892420758, 0.09677465367490348, -0.006664135527360747], [-0.4291916461266185, -0.1288222085331276, -0.5034309368474582, -0.20526035105027784, -0.6102249700075795, -0.29692224265455625, 0.4647134745793771, -0.04082248253175717, 0.13276413455605657, 0.23131192454004396, 0.588113450037596, 0.19486221079060134, 0.46126494892302844, 0.0019455429336949354, -0.056636139035266264]], "inverted": true, "swapped": false, "error_lsq": 0.038494734062766586, "error_max": 0.2945906220161313, "target": "628.xyz", "model": "10.xyz", "model_rescale": 4.260839863003843, "target_rescale": 3.954002096692138},
{"mapping": [3, 5, 13, 11, 12, 10, 8, 4, 2, 7, 1, 14], "R": [[0.4550534894169472, -0.08201171835759499, 0.8866794233664694], [0.8628134649781759, 0.286822436276384, -0.4162761279497465], [-0.2201800318417053, 0.9544668501841822, 0.20128036535556934]], "T": [0.0015710776510708736, 0.15028994876588864, 0.004859819631933014], "aligned_model": [[0.34392915359504794, 0.16176425436760103, -0.340097617175536, -0.3134518629558687, -0.6535463912486584, -0.4260899791945774, 0.23741510981410388, 0.6067759795070927, 0.19827854454460728, -0.18055292734578623, 0.3207186201842732, 0.00375576500183119], [-0.0800198609410552, -0.5607323768151953, -0.5726220170228379, -0.20069563462509854, 0.05251335002080551, 0.4760822614246691, 0.604149163687802, 0.06312630610592793, -0.31249934698539816, 0.14545706528352798, 0.40991071261088785, 0.14840888278889883], [-0.6709651222444052, -0.3280358359544237, 0.10976466264505622, -0.5440466145494477, 0.12367386096819566, -0.380016859756614, -0.5050530157514546, 0.10113877490297438, 0.49354613982127554, 0.7651143795881472, 0.36461559228200474, -0.013557884555803857]], "inverted": true, "swapped": true, "error_lsq": 0.04146158904147972, "error_max": 0.21495762041713376, "target": "628.xyz", "model": "11.xyz", "model_rescale": 3.890672605050136, "target_rescale": 3.954002096692138},
{"mapping": [12, 13, 11, 6, 10, 0, 2, 9, 7, 4, 3, 5, 8, 14], "R": [[0.06743569062616724, 0.1411836098771373, 0.9876839656144226], [0.25772504807373614, 0.9538752463269826, -0.1539474392123119], [-0.9638621411930041, 0.2649324494030476, 0.02793868336445671]], "T": [0.07641470736494531, -0.04783119933051791, 0.08326358135367137], "aligned_model": [[0.5942385168331618, 0.12284029592122, 0.42358699228913815, 0.48346391954353113, 0.6835784036685724, -0.4449199930552053, -0.39996868787620943, 0.2946580533213089, -0.004418198483442895, -0.5230842598025335, -0.08652411964496605, -0.18301353785846447, 0.16969664630327697, 0.07974180363430577], [-0.15466397048983183, 0.2374301938531385, 0.5696279031741008, -0.6664454433064457, 0.04467534803453657, -0.1822383403048789, -0.1715252846687805, -0.4565737149146686, -0.6883418372302974, -0.019246575187164536, 0.6705242923090072, 0.6398617956771692, 0.14048054009340605, -0.03141238721152574], [-0.333031024775985, -0.6696074804349784, -0.06487239556408925, 0.1239308269110286, 0.32812977635118756, 0.8432446801140874, -0.41617681881904667, 0.6624680457148459, -0.35763512579162005, 0.23467038003887877, 0.3737929928724313, -0.23581234855517683, 0.7742475629539837, 0.09144136434131446]], "inverted": false, "swapped": true, "error_lsq": 0.05506615434305954, "error_max": 0.3463209224485661, "target": "628.xyz", "model": "12.xyz", "model_rescale": 4.124412569039231, "target_rescale": 3.954002096692138},
{"mapping": [12, 5, 3, 7, 11, 10, 2, 9, 4, 1, 8, 0, 14], "R": [[0.5872146860942269, -0.7968450480485124, -0.14218608172329383], [-0.0790520559273058, -0.231279776745323, 0.9696702724752886], [-0.8055617200990408, -0.5581645225820056, -0.19880312080517537]], "T": [0.027563828154752862, 0.04660311119937921, 0.03496057552536417], "aligned_model": [[-0.24981915326216272, 0.12657604796938962, 0.641303940068882, -0.7099476293135728, 0.34828609398665655, 0.4026421997861025, -0.5367589737524644, 0.28665099121178494, 0.034703958023700465, -0.149393360171832, 0.6976886926915649, 0.43106883273429, 0.044296667537418656], [-0.4538653654074499, 0.5669978501428783, 0.4646073654814359, -0.11049604884105868, -0.025510782719966485, -0.4860176234901551, 0.45746352919378996, -0.33797653539673667, 0.6027831354775154, 0.17291004875537913, 0.005268543848274472, 0.4417141273468757, 0.04960713211769515], [0.38914403544621246, 0.6361427566126304, 0.30989062317967375, -0.17137945915186859, 0.6796817717382023, 0.1480801449207781, 0.10141034231871154, -0.5439614839949735, -0.236614294813959, -0.46645244973850725, -0.2312081935603343, -0.705645538463928, 0.042609826475200376]], "inverted": true, "swapped": true, "error_lsq": 0.05226770489785853, "error_max": 0.3447983567443348, "target": "628.xyz", "model": "13.xyz", "model_rescale": 3.9028299243045295, "target_rescale": 3.954002096692138},
{"mapping": [13, 5, 4, 9, 10, 7, 8, 0, 11, 12, 1, 6, 2, 3, 15], "R": [[-0.710047469438003, -0.6641066751225113, -0.23408313737305309], [-0.7033058461029718, 0.6525491497647997, 0.2820292431267016], [-0.03454675067312958, 0.364886189378223, -0.9304109795240856]], "T": [-0.03294917163252167, 0.0006069837573900519, 0.015590622871479864], "aligned_model": [[-0.7103676093244576, -0.24346351668465013, 0.31641393815157304, -0.022518944846564068, -0.13735170177878642, 0.3800107196194329, -0.1876426741226586, 0.5076664972461699, -0.517874723065112, -0.6685208119398229, -0.12483645800063693, 0.32891862470334843, 0.19153968637617258, 0.5903935778011379, -0.010113785406996752], [-0.19602239529433046, -0.41147923746831927, -0.31512171331972166, 0.7478734559429693, 0.1048680460709753, 0.5128685111457968, -0.6985706203931967, -0.6222475180257758, 0.5195125328223645, -0.14039482742452108, 0.3658400414746786, 0.5090016592215676, -0.23586602232917403, 0.01104000472763754, 0.10093821211817333], [-0.35195869268220936, -0.20343104376984095, -0.47187638241881114, -0.19015068649582945, -0.7148765869560901, -0.6070490896525775, 0.3049481140466748, 0.0992768070121001, 0.21916107518541902, 0.26136993087236365, 0.5450812232575394, 0.2501003544050175, 0.6757686591451205, 0.02053167944587298, -0.03323065182099243]], "inverted": false, "swapped": false, "error_lsq": 0.050013921088925176, "error_max": 0.2939662810407358, "target": "628.xyz", "model": "14.xyz", "model_rescale": 3.942246331269136, "target_rescale": 3.954002096692138},
{"mapping": [8, 6, 2, 12, 0, 1, 10, 9, 13, 11, 4, 3, 10, 5, 14], "R": [[-0.37613333860512393, 0.20427846048599296, 0.9037665750464752], [0.22890275907882052, 0.965647250480187, -0.12299965254486986], [-0.8978458879317024, 0.16061039263238194, -0.4099720274635886]], "T": [-0.03427343141155134, -0.00533602601757344, -0.014104985048372688], "aligned_model": [[-0.6289299831881373, -0.3200261905636238, 0.4287636560755107, -0.15807195425749498, -0.006784444945999585, 0.4095467054034465, 0.02690539084729468, 0.310809511095834, -0.5862226209308833, -0.6743100443719451, -0.0903532014168267, 0.37756819944067466, 0.02690539084729468, 0.5881434688129719, -0.011691064119967384], [-0.14866510234488173, -0.48404021556946614, -0.22179029521825, 0.7794054611873037, 0.022634900754939426, 0.580541095551838, -0.3665821669816236, -0.7308540758615548, 0.548063804055578, -0.1548791465505157, 0.19699906845337944, 0.5326312718221904, -0.3665821669816236, 0.03696789094418498, 0.028389806007625324], [-0.4881105626486079, -0.058569002870249236, -0.581019549683809, -0.20627933860104808, -0.7483933927921155, -0.35529865491883844, 0.5980705562702627, 0.037891440534473235, 0.20957015163265416, 0.2724277597261247, 0.5332336175224589, 0.22573993996070132, 0.5980705562702627, -0.1306688693080469, -0.10299994152046502]], "inverted": true, "swapped": false, "error_lsq": 0.05211042682864846, "error_max": 0.45184698868391837, "target": "628.xyz", "model": "15.xyz", "model_rescale": 4.355366556412066, "target_rescale": 3.954002096692138},
{"mapping": [7, 12, 6, 4, 1, 2, 8, 5, 10, 13, 11, 14], "R": [[-0.3323131759756178, -0.34829565866292606, -0.8765033298451049], [0.12326696309406773, -0.937384708012242, 0.32575322714344634], [-0.9350792527281119, 0.00020818588450144393, 0.3544386375327521]], "T": [-0.07788630542758102, 0.04249876060914327, -0.13600494864987275], "aligned_model": [[-0.24513584866917407, 0.4619713076920904, 0.12032900946330835, -0.6625214348227565, -0.5274565022915945, -0.4577380239871587, -0.07781639799072076, -0.061524972380416265, 0.46753674976141923, 0.1995801081912984, 0.4523713704188783, -0.07178681075339312], [-0.6838695222190994, -0.30642463237855033, -0.5879208215377482, 0.2413221965126457, -0.20832784584004904, -0.15501663069222346, 0.443305850963533, 0.6070828379084168, 0.09454648224380632, 0.024059783006684557, 0.48426705079324905, 0.05975167898031576], [0.09978354530115782, 0.06314866322068016, -0.4726179434001989, -0.09344771808906277, -0.31945783761139185, 0.4193169592920414, -0.7368172035180451, 0.43233583405939624, -0.5060987129961331, 0.6209736684927115, 0.08170169189284648, -0.13956248543458113]], "inverted": true, "swapped": true, "error_lsq": 0.03821196770841203, "error_max": 0.23246988995346757, "target": "628.xyz", "model": "16.xyz", "model_rescale": 3.795458400668931, "target_rescale": 3.954002096692138},
{"mapping": [8, 3, 4, 10, 1, 5, 11, 9, 12, 13, 2, 7, 14], "R": [[-0.6955884966759049, -0.4896241154378493, -0.5257612280055067], [0.6095838005278612, -0.014932120039777674, -0.7925809876127022], [0.3802160352038872, -0.8718057452052156, 0.3088535400493495]], "T": [-0.009664198024326331, 0.030289375175452125, 0.007145390279723846], "aligned_model": [[0.18809452175270047, -0.15945188160061163, 0.4346955477634689, -0.3188975390965565, 0.5138722482381692, -0.4014943543535484, -0.6572496610378282, 0.38746028599549603, -0.49723771215926915, -0.5964820015948704, 0.10019680459111302, 0.17188435553742, -0.016758813131461044], [-0.41324143775959327, 0.16347804530746265, 0.3908686674249992, -0.5470914493474511, 0.05536544958650751, 0.6012140123842745, 0.026510974839966166, -0.5957424440204321, -0.12771489711745357, 0.5333190582499476, 0.6583529069546269, 0.19131712415496638, 0.027145254812664964], [-0.5274512809543088, -0.7588934081311556, -0.22879337589619567, -0.08324704916963425, 0.16194555438319438, -0.3960274089869539, -0.3158830885378052, 0.03069786748457873, 0.44322182393521503, 0.23725457469282218, 0.29894813099208306, 0.7503073461488967, -0.009804655124441421]], "inverted": false, "swapped": true, "error_lsq": 0.0394724207951554, "error_max": 0.19556259007959859, "target": "628.xyz", "model": "17.xyz", "model_rescale": 3.7474275329858107, "target_rescale": 3.954002096692138},
{"mapping": [1, 4, 8, 2, 6, 12, 9, 3, 7, 10, 13, 5, 11, 14], "R": [[0.9937808752838021, -0.0030846401708089777, -0.11131063253425993], [0.03630436115728169, -0.9360219173902037, 0.35006422771561324], [-0.10526901386980916, -0.3519281960289396, -0.9300886944580579]], "T": [0.06248316416218211, -0.05438074173609316, -0.005251126149035484], "aligned_model": [[0.32196450580294944, 0.17438493486712225, 0.6802089605160037, -0.40509504529823637, 0.286467163642872, -0.2865759701919278, 0.7395114161736123, 0.14066513039898426, -0.19193559583701872, 0.2993141920319695, -0.7367220622655901, -0.4415452701778274, -0.2318492197475118, 0.06605450796747546], [-0.32388211437901065, 0.14329932851380728, 0.2907590505819754, -0.2038512566886795, -0.7110922118999797, -0.3801293075053234, -0.3264449966584351, 0.7335675715063894, -0.7577717894869114, -0.03194830159130637, -0.0026921314807914695, 0.5591306976424721, 0.4089384208326909, -0.03747471787566419], [-0.4036488600323797, -0.5810468317595299, 0.13936926813495445, -0.5059618835044593, 0.25664137427463013, 0.46898671540480863, 0.12813628258245643, -0.0012450698412585053, -0.232609069484081, 0.6116544733832905, 0.08931909650616852, -0.11292271004161335, 0.46637627733942905, 0.0017456556992387932]], "inverted": true, "swapped": true, "error_lsq": 0.04282023897119347, "error_max": 0.3240394197261844, "target": "628.xyz", "model": "18.xyz", "model_rescale": 3.922800546911778, "target_rescale": 3.954002096692138},
{"mapping": [0, 2, 9, 12, 3, 7, 6, 10, 5, 1, 8, 13, 4, 11, 14], "R": [[0.7463655979728098, -0.1907857214367233, 0.6376042680680231], [-0.5548496015933413, 0.35068564121430434, 0.7544279293993714], [-0.3675327383708843, -0.9168535267653071, 0.1558823167765284]], "T": [-0.06348873540690164, 0.04346579829623058, 0.05822548907703685], "aligned_model": [[-0.7074460384932, -0.1415209528859026, 0.27815424295433633, -0.11537261885986838, -0.19001642121478546, 0.41806017084473374, -0.11663576066899067, 0.36378492525133194, -0.7072756763832626, -0.6434086082328785, -0.22995782212942717, 0.42117194854233037, 0.42904567100331026, 0.6429379057672198, -0.009268146766797422], [0.009920338338838361, -0.5410636450094811, -0.34770719723170274, 0.793092883325336, 0.2306380225105351, 0.38343232159139146, -0.370760029923431, -0.6387113798305428, 0.45316990357781967, -0.3863398987257069, 0.2966351551006709, 0.47227913050731346, -0.1540897705653828, -0.020317083851594045, 0.07206137945505992], [-0.4734100341857964, -0.3484257936355732, -0.5686771738788243, -0.17411335957965818, -0.5401945530270666, -0.4809817373073191, 0.6071882645496895, 0.10991846552462978, 0.043574860099848595, 0.22236880403331216, 0.5898117699032195, 0.2885228932571004, 0.5504132528482116, -0.006092139557504088, -0.016238809470512337]], "inverted": false, "swapped": false, "error_lsq": 0.042523684247342174, "error_max": 0.25355223301942315, "target": "628.xyz", "model": "19.xyz", "model_rescale": 3.9282355846067225, "target_rescale": 3.954002096692138},
{"mapping": [4, 5, 13, 3, 8, 11, 10, 12, 9, 6, 2, 1, 7, 14], "R": [[0.7939239222865694, -0.2930512185429307, 0.5327342573287484], [-0.5931868306471186, -0.18098425819178487, 0.7844578269311845], [-0.13346980770172812, -0.9388107805075915, -0.31752185568050423]], "T": [-0.06667514816604511, -0.09678820778428047, 0.05737725783675954], "aligned_model": [[-0.5192570471479754, -0.05006605289250374, 0.5369187693335086, -0.5076800777756859, -0.6181368412744909, 0.1459757704522367, 0.04292040677591161, 0.5735416117455934, -0.3646155822311953, 0.21586403250468147, 0.10981205904270622, -0.3139081827190283, 0.35538576481678563, -0.07423181154586755], [-0.45210960546633905, -0.7618155179378131, -0.6020235124714657, -0.3743923314046445, 0.26241409591671966, -0.2069595543409753, 0.4261821602083012, 0.09097218345912365, 0.5564957249764145, 0.4901768843416527, -0.6520110760557604, -0.04787693678610787, -0.10887730381814045, -0.09729312319612961], [0.28553606245225505, -0.38927353814785337, -0.1179963520589008, -0.5388119866841662, -0.24008769844387565, -0.6255359632619092, -0.3320524243983214, -0.030511726380645685, 0.2434686724210799, 0.41187699106352493, 0.44758478156469916, 0.5423162489217825, 0.7153270624436534, 0.04034302775235981]], "inverted": false, "swapped": true, "error_lsq": 0.049972394782320614, "error_max": 0.3222666493262219, "target": "628.xyz", "model": "20.xyz", "model_rescale": 4.067790424073018, "target_rescale": 3.954002096692138},
{"mapping": [3, 11, 10, 0, 12, 7, 6, 13, 2, 6, 4, 8, 5, 1, 14], "R": [[0.07361782168363601, 0.9818888131119645, 0.17457025810868998], [0.12033666696289558, 0.16502037575964462, -0.9789215301383495], [-0.989999748946846, 0.09307327365964926, -0.1060087865012071]], "T": [0.01120905256719524, 0.039244530765060584, -0.03282901408270943], "aligned_model": [[-0.7680077803628669, -0.23746396546440474, 0.4676193366576789, -0.20899186078789111, -0.13752731391532655, 0.4597003120212877, -0.5024503643570639, 0.3356202351224204, -0.5908230713510294, -0.5024503643570639, -0.1434974238420403, 0.31084397277746406, 0.3338079227452198, 0.8293821292463683, 0.0464910545953972], [0.009191957676578585, -0.4829187790458673, -0.4721981738082411, 0.6856611022877666, -0.03512608191155421, 0.5889313192017633, -0.29295281264063194, -0.5760431528799959, 0.40491716232447367, -0.29295281264063194, 0.2870302834174341, 0.4351299440994, -0.06604496116186885, 0.06209011693581251, -0.002474982585314006], [-0.3729216290863659, -0.32186095344149507, -0.48160828507108666, -0.22806016769138773, -0.7807330000016036, -0.2638354685817384, 0.38353120391920564, 0.04655584634432231, 0.20709343138218947, 0.38353120391920564, 0.7135895157487882, 0.24763765207342875, 0.450192944742681, -0.09093234504290287, -0.08851523963948353]], "inverted": false, "swapped": false, "error_lsq": 0.04533951334359616, "error_max": 0.4187177454330999, "target": "628.xyz", "model": "21.xyz", "model_rescale": 4.186013935880536, "target_rescale": 3.954002096692138},
{"mapping": [5, 13, 11, 0, 1, 3, 4, 2, 10, 12, 7, 9, 14], "R": [[0.6920688756785869, -0.6917626292634126, -0.206167737707787], [-0.22259312133004494, 0.0671730970749895, -0.9725945081923411], [0.6866534596530658, 0.718993908029772, -0.10749319309868513]], "T": [0.020908071342635358, 0.015072981409356076, 0.0614338800386951], "aligned_model": [[-0.009014275092158457, -0.48349870355217167, 0.26019275701445554, 0.47832554713779246, -0.10030572289774264, 0.5512214643854757, 0.010735034510852663, -0.5835879561658625, 0.4267389354872751, -0.25167531274991767, -0.6651940716793563, 0.3884957895812874, 0.03614054944329561], [-0.27768572579802064, 0.1697701345370346, 0.28429202213567, -0.6235120003898474, -0.2637160880704259, -0.31433404490216127, -0.5996648812770499, -0.32335997446880616, 0.5369688432562112, 0.6174894099061097, 0.12763560094797255, 0.17103226983565495, 0.014041093833751335], [-0.6838386281001991, -0.5484733503226584, -0.5662543814860964, 0.5618386099702345, 0.5155992482735945, -0.42564899673840934, 0.13308568086576594, -0.04687016621932562, 0.07095690276212681, -0.06366081662054554, 0.41888739018554116, 0.6865213806255068, 0.05073668813981064]], "inverted": true, "swapped": true, "error_lsq": 0.04429943271332334, "error_max": 0.23810138858826105, "target": "628.xyz", "model": "22.xyz", "model_rescale": 4.166573947596378, "target_rescale": 3.954002096692138},
{"mapping": [1, 2, 12, 7, 6, 13, 3, 11, 0, 4, 8, 10, 9, 14, 15], "R": [[0.5396655950869002, 0.2531572594041077, 0.8029149690287901], [-0.8305630199608357, 0.3159464440017344, 0.4586315671606077], [-0.13757221868181857, -0.9143791590656799, 0.3807684836134704]], "T": [0.011414714527606638, -0.019888058659285078, -0.001967867017182299], "aligned_model": [[-0.5681338612870227, -0.4238990961253315, 0.4400526270161041, -0.11651768852313249, -0.13596741806101845, 0.4040370762315227, -0.18207233662176003, 0.31190709653985077, -0.6611038971566374, -0.6496903455475809, -0.24497172774204748, 0.4077926520308483, 0.3692795330757043, 0.7758387183512648, -0.034298513452615184], [0.06426921682650757, -0.4765295949009533, -0.3510883351761645, 0.6825595459628764, -0.2099802720931253, 0.6194555369326868, -0.47600228071218237, -0.7440282722976901, 0.4413366870651398, -0.11033400277448827, 0.2121314616621742, 0.6054635260924739, -0.15256694858872574, 0.14498565553732506, 0.0025682057332694214], [-0.4083421552308738, -0.23603972099103915, -0.37069170953602804, 0.0379108323154987, -0.7239450753501849, -0.3942695197811138, 0.3385453184759301, 0.08416346741307208, 0.03981985495651179, 0.3056246298039947, 0.7291354599013149, 0.11099743390844766, 0.46147387699680087, -0.1221775337061301, -0.048540449602444136]], "inverted": false, "swapped": false, "error_lsq": 0.041608230876616754, "error_max": 0.30677448852378253, "target": "628.xyz", "model": "23.xyz", "model_rescale": 4.274766983524099, "target_rescale": 3.954002096692138},
{"mapping": [10, 1, 7, 12, 2, 13, 11, 5, 3, 4, 14], "R": [[0.8322896507036122, -0.5461390353132181, 0.09500574424110736], [0.36370895407406256, 0.6673325975560742, 0.649909994511097], [-0.4183416475298757, -0.5063589224514663, 0.7540496718358674]], "T": [0.05416487890189005, 0.1481910258551763, -0.1076056934468749], "aligned_model": [[0.2708452327682232, 0.10514014178959204, -0.5619140992742031, -0.4109480448488723, -0.42243824906272337, -0.5685249744776191, 0.08724339274193008, -0.007421796237045981, 0.5710119614310152, 0.24998517323461872, 0.06691596589315912], [-0.33384499059296535, 0.6757817536763645, 0.5447419145290607, -0.2431406489492166, 0.5107904766914406, -0.18405879853127266, -0.528082186760303, -0.13753595142360325, -0.13539473218757958, 0.6097446225334593, 0.13658507225809863], [-0.5049161161168765, -0.2407667139075627, -0.3803209134741401, -0.3963710414254825, 0.25715885527110316, 0.2825374009249535, 0.14791135131442187, 0.6384514724258211, 0.4210144194791411, 0.2553857675837917, -0.10051804805359303]], "inverted": true, "swapped": true, "error_lsq": 0.04865421389085098, "error_max": 0.21441560500281145, "target": "628.xyz", "model": "24.xyz", "model_rescale": 3.7841303162186577, "target_rescale": 3.954002096692138},
{"mapping": [14, 9, 8, 11, 9, 7, 5, 2, 13, 12, 3, 6, 4, 1, 15], "R": [[0.25235166724297814, -0.568487647595619, -0.7830328413105598], [0.9354868670254798, 0.35018899502669326, 0.04724393490223883], [0.24735189035570682, -0.7444390252353739, 0.6201835051370397]], "T": [0.0706591449501403, 0.08980526730686844, -0.1609040613896348], "aligned_model": [[-0.6543282645787118, -0.24658781139783187, 0.44800921246356296, -0.19436984806241997, -0.24658781139783187, 0.32528179143834696, -0.1770112036643171, 0.0862977908489375, -0.6163326386724322, -0.54421581323354, -0.14016552191865356, 0.35748427332219274, 0.4218834543561069, 0.7867830322440736, 0.08611217698066642], [-0.013346111451755516, -0.32114969330957893, -0.32910625389653936, 0.8029298050097973, -0.32114969330957893, 0.6280396940867754, -0.37519600352091914, -0.6366937483597059, 0.358676298846359, -0.2712063055812471, 0.288107150369723, 0.5340214883028774, -0.11849692187017052, -0.10368006684425363, 0.13049049079734026], [-0.46594833915173345, -0.4303685257607382, -0.3386056302896451, -0.057750797983098595, -0.4303685257607382, -0.4222019179145323, 0.5403604835500182, 0.04095638772601631, 0.09938549834146049, 0.09749744105878733, 0.5909145408320309, 0.331467492400193, 0.4635605295398349, -0.10830750904389652, -0.10692641797020169]], "inverted": false, "swapped": false, "error_lsq": 0.04714200274227141, "error_max": 0.35090516952347534, "target": "628.xyz", "model": "25.xyz", "model_rescale": 4.19342608120988, "target_rescale": 3.954002096692138},
{"mapping": [7, 12, 6, 4, 1, 2, 8, 5, 10, 13, 11, 14], "R": [[-0.3323131759756178, -0.34829565866292606, -0.8765033298451049], [0.12326696309406773, -0.937384708012242, 0.32575322714344634], [-0.9350792527281119, 0.00020818588450144393, 0.3544386375327521]], "T": [-0.07788630542758102, 0.04249876060914327, -0.13600494864987275], "aligned_model": [[-0.24513584866917407, 0.4619713076920904, 0.12032900946330835, -0.6625214348227565, -0.5274565022915945, -0.4577380239871587, -0.07781639799072076, -0.061524972380416265, 0.46753674976141923, 0.1995801081912984, 0.4523713704188783, -0.07178681075339312], [-0.6838695222190994, -0.30642463237855033, -0.5879208215377482, 0.2413221965126457, -0.20832784584004904, -0.15501663069222346, 0.443305850963533, 0.6070828379084168, 0.09454648224380632, 0.024059783006684557, 0.48426705079324905, 0.05975167898031576], [0.09978354530115782, 0.06314866322068016, -0.4726179434001989, -0.09344771808906277, -0.31945783761139185, 0.4193169592920414, -0.7368172035180451, 0.43233583405939624, -0.5060987129961331, 0.6209736684927115, 0.08170169189284648, -0.13956248543458113]], "inverted": true, "swapped": true, "error_lsq": 0.03821196770841203, "error_max": 0.23246988995346757, "target": "628.xyz", "model": "26.xyz", "model_rescale": 3.795458400668931, "target_rescale": 3.954002096692138},
{"mapping": [8, 4, 0, 9, 7, 11, 3, 10, 5, 1, 12, 2, 14], "R": [[0.47125659947087184, 0.27919919115360226, 0.836639127171521], [-0.6005016607822047, 0.7963300974778954, 0.07249918102061216], [-0.6459992049940653, -0.5365689028540694, 0.5429353917705273]], "T": [-0.16261839316202759, 0.014619289477199107, -0.064694635618992], "aligned_model": [[-0.04851013474891326, 0.4220833847583541, 0.6113293073110206, -0.0459357617912273, -0.08153963302193261, -0.686992077194331, -0.0987282816458844, -0.6441363468146248, -0.22174266606538268, 0.2903265761985659, -0.748283450892895, 0.11874362848604786, -0.16693816175754067], [-0.65768733750554, -0.036182614756262575, -0.4325074439605866, -0.23266154825396357, 0.7555802692684892, -0.2844892065712208, -0.618502813541152, -0.3213366713706846, -0.1037636812668078, 0.1702863451557569, 0.3333369080726157, 0.5518901729504704, -0.00208087496419997], [-0.30261226599176827, 0.1319855832221317, -0.32643699187394626, -0.7541986344932291, -0.30045418892265474, 0.33442308314167135, 0.4065435939353831, -0.36873200428942055, 0.7255736172173534, -0.3279263460696764, -0.15564218912301045, 0.28723929266841064, -0.05762588732181873]], "inverted": true, "swapped": true, "error_lsq": 0.04941721059981222, "error_max": 0.3664120635221308, "target": "628.xyz", "model": "27.xyz", "model_rescale": 3.6321398670334006, "target_rescale": 3.954002096692138},
