[{"mapping": [12, 11, 8, 6, 9, 7, 4, 3, 5, 0, 1, 13], "R": [[-0.9701283129594618, -0.24158709131612705, -0.022062042150306015], [-0.002101671810609218, 0.0993092112771688, -0.9950544022972347], [0.24258326275740683, -0.9652840814314302, -0.09685041437728065]], "T": [-0.05938628822621933, 0.021875691670961157, 0.08367655766503115], "aligned_model": [[-0.5748864699277727, -0.4472277752579758, 0.07834651151707128, 0.6052768582122598, -0.3026204582564152, -0.08420530070945094, 0.5544053510326841, 0.39885872488772284, -0.04703247392115213, -0.04424562404357495, -0.22091083609253795, -0.10102148578897106], [-0.09179793197314629, 0.16417671078493118, -0.05288314239456105, 0.16275736310933714, -0.6664996667555921, -0.5495439798708441, -0.517456607428037, 0.19444641395780007, 0.7342146732462856, -0.33766715517587176, 0.3167627307417359, -0.08184641161365067], [0.32128480231762946, -0.47881010150067926, -0.681842824340897, -0.26692512602585394, 0.14466570592160594, -0.41054814636126635, -0.4120902436998213, 0.2665184553890867, -0.17092473660100907, 0.766254125528208, 0.5527134091464733, -0.03484811432154793]], "inverted": false, "swapped": false, "error_lsq": 0.05915665031679105, "error_max": 0.3438540402291026, "target": "630.xyz", "model": "0.xyz", "model_rescale": 3.8414455957264533, "target_rescale": 4.084993163490879},
{"mapping": [13, 0, 4, 5, 9, 2, 6, 10, 1, 8, 11, 14], "R": [[0.6496813862328294, -0.4321100310630141, -0.6254558477121391], [-0.5942784317868939, 0.2243914850915326, -0.772322217038541], [0.47407514372249, 0.8734582889143235, -0.1110107005264038]], "T": [-0.038687357173216266, -0.08044209405164976, -0.06745980967088006], "aligned_model": [[-0.6137693026017109, -0.6653544043842763, -0.10037708549459332, 0.5716555714910796, -0.30925166213582755, 0.2240576387945838, 0.5385972186215193, 0.5503729072211255, -0.0621830354854236, 0.05377777279921292, -0.3639141358905342, -0.00887446128326811], [-0.17432831083256153, 0.19362922953483092, 0.06112532303084792, -0.045234366940057114, -0.6982727107627331, -0.4637435699489562, -0.6064706478200959, 0.07730980507658591, 0.7769813287392995, -0.393927990813398, 0.5437617477184304, 0.003833159646194073], [0.41763104262389944, -0.3076486750133278, -0.588967507301908, -0.31355879456033364, 0.03544775043984834, -0.6407396482203079, -0.07543808977450514, 0.24319054626565073, -0.1804682974885859, 0.6519004545717563, 0.41302172842876783, -0.05892330451902551]], "inverted": false, "swapped": false, "error_lsq": 0.045220314103339175, "error_max": 0.26802736402887367, "target": "630.xyz", "model": "1.xyz", "model_rescale": 4.316132596720782, "target_rescale": 4.084993163490879},
{"mapping": [2, 4, 3, 7, 0, 5, 9, 10, 6, 1, 8, 11], "R": [[-0.3595233124459556, -0.678652495230223, -0.6404481075978602], [-0.05776372867713969, -0.6688371557180015, 0.741161393206883], [-0.931346519538889, 0.3034594698618682, 0.20126105111012488]], "T": [0.02528207033795924, -0.09323655346854487, -0.011411573726171517], "aligned_model": [[-0.6772557026981378, -0.6390989989163698, 0.10085503516793679, 0.7635570217683536, -0.42034191419481715, 0.037539412175695765, 0.5315982390736566, 0.43322200466677024, -0.21663888407230766, 0.041226405821533384, -0.08286881878979965, -0.05705677835062672], [-0.07040300561952828, 0.04870129508118137, 0.16704057958514268, -0.07693883656813877, -0.645389891975148, -0.516264818757669, -0.6274094702745945, 0.32603087252848056, 0.6811144645855426, -0.33197627252301926, 0.3330900428562159, -0.012931962290078217], [0.44317033120968247, -0.37580308447016875, -0.6093760792240075, -0.5165309658445499, -0.03285950536513202, -0.49788534100920356, 0.07944401201149706, 0.22318517404950336, -0.14539185457128, 0.4757705155552237, 0.615952064254156, -0.06422806114379234]], "inverted": true, "swapped": false, "error_lsq": 0.04477516239155486, "error_max": 0.2675771213616595, "target": "630.xyz", "model": "2.xyz", "model_rescale": 3.795458400668931, "target_rescale": 4.084993163490879},
{"mapping": [0, 1, 6, 3, 7, 8, 9, 5, 2, 4, 10, 11], "R": [[-0.27805600184735507, -0.5714440829199691, -0.7720987760205422], [0.9592342653578351, -0.20748079714384407, -0.19188888185606268], [-0.05054190340775244, -0.7939794574876046, 0.6058400259867376]], "T": [-0.07758720499983124, -0.025515221126433646, -0.00711275481760756], "aligned_model": [[-0.7586344146274027, -0.5699287693029207, 0.11096370492495336, 0.6015964459542607, -0.27522679183019866, 0.0754688958388347, 0.5372400664152404, 0.5727203242367194, -0.28523665288629496, -0.04586224328345734, 0.012825213394626195, -0.16118875718247305], [-0.09526519293182983, -0.012209847075320662, 0.21128747536591522, -0.06881564215830938, -0.7617798376290198, -0.3376943927874686, -0.6375772942787054, 0.05548554806580101, 0.6935120897147302, -0.16015445399216513, 0.4854013160780988, -0.09752677174333922], [0.37172439207718433, -0.39914794844261664, -0.5127503067472404, -0.42413154018716615, 0.039312505761020605, -0.7068848118536324, -0.05095437591120505, 0.2465870842791947, -0.17326552931129313, 0.618842944174756, 0.5123106004631867, 0.07380419114974031]], "inverted": true, "swapped": false, "error_lsq": 0.06191443189813978, "error_max": 0.3279907283785392, "target": "630.xyz", "model": "3.xyz", "model_rescale": 3.7530521520055578, "target_rescale": 4.084993163490879},
{"mapping": [1, 4, 5, 6, 2, 9, 8, 0, 10, 7, 11], "R": [[-0.9196602598488856, 0.08834560005726536, 0.3826487441573568], [-0.33171253404071216, 0.3468235922045867, -0.877314191524676], [-0.21021846069023048, -0.9337603819186313, -0.2896545320622512]], "T": [-0.0003173233498293543, -0.05083736411231178, 0.07323264213506366], "aligned_model": [[-0.4004922661252266, -0.3528985271039338, 0.2756333119018009, 0.6801059535265214, 0.274998732557047, -0.11089315424386852, -0.11216554921358173, -0.7094401085532537, -0.4986374583680779, 0.318674995428872, -0.02668632736109393], [-0.5587784050926115, 0.03927917921865037, -0.21979033185926433, 0.2762655638258837, -0.6254693710349642, 0.6660058254641478, -0.4948325941971542, 0.0658525235611687, 0.13079590366014987, 0.23878263367206304, -0.05090756890372301], [-0.0021536545849063504, -0.7597679528535908, -0.48811661463679146, -0.3862266125176599, 0.02157818570544888, -0.08821589721052413, 0.7308522966173602, -0.04203328088360739, 0.525024282485206, 0.5172074469869817, 0.0646825781373997]], "inverted": true, "swapped": true, "error_lsq": 0.0473962795692034, "error_max": 0.25166910274352083, "target": "630.xyz", "model": "4.xyz", "model_rescale": 3.7855080009869324, "target_rescale": 4.084993163490879},
{"mapping": [12, 13, 8, 7, 11, 6, 4, 3, 15, 1, 14, 16], "R": [[-0.36965096632376804, 0.3420428700686453, -0.8639240928062537], [0.9242543040653091, 0.23087467897388875, -0.3040573367400546], [0.09545755346045509, -0.91088064950569, -0.40147764301818445]], "T": [0.10334451967850465, 0.024354057560205263, 0.028206074216833438], "aligned_model": [[-0.4694043602258472, -0.5394871009552092, -0.04347522144825629, 0.6052887885181307, -0.42430176631353345, 0.017111942257050802, 0.473473009501572, 0.5629939548381004, -0.2089186739046821, 0.0746308870919116, -0.31669214267953394, 0.08351770497218358], [-0.16154243931161114, -0.025512845935676258, 0.26108563796407874, -0.183958756025733, -0.5688459938504284, -0.4490377208793339, -0.6137562891823312, 0.3528895247765951, 0.7227636974669213, -0.5469479818475117, 0.4254598551028432, 0.06206630835057448], [0.345170545458091, -0.3021701330447728, -0.6181003518834921, -0.48757216742473863, -0.018046754729834497, -0.41286221387931354, -0.024905791376112645, 0.4321905404251435, -0.2784432034677161, 0.5240825165506424, 0.3751653513455372, 0.0609388674784948]], "inverted": false, "swapped": false, "error_lsq": 0.046918558123080045, "error_max": 0.21410698367967024, "target": "630.xyz", "model": "5.xyz", "model_rescale": 4.2253639853439635, "target_rescale": 4.084993163490879},
{"mapping": [8, 11, 6, 3, 10, 2, 4, 0, 12, 1, 9, 13], "R": [[-0.4130343799864913, 0.778913436197449, 0.4719072576897474], [-0.9022249150319999, -0.2793740389863698, -0.32854276591631615], [-0.12406773812992561, -0.5614659430914088, 0.8181461917675835]], "T": [-0.0451516607718997, -0.06428365227147331, -0.034564178952229546], "aligned_model": [[-0.674432035149653, -0.5935474589115082, 0.006170559530622004, 0.5352831419564937, -0.3412833417679611, 0.04141343721869597, 0.4803932310407727, 0.5459454260597991, -0.14748229249087186, 0.11283071541742296, -0.15349449327031006, 0.002940132018384743], [-0.15055226056540313, 0.33660746111996126, 0.09500566533355825, -0.05385019266948217, -0.7801355968089538, -0.5682316268625545, -0.5319276756724785, 0.3156399881064244, 0.846056315771389, -0.41592872171260675, 0.2502171923910631, -0.06823755180253002], [0.3428332418719122, -0.41417207217863017, -0.6556204655505153, -0.44199031385366994, 0.05694809017871383, -0.46897704104618076, 0.043043464185882646, 0.3518616363703039, -0.21387772797948063, 0.5900101528206849, 0.477243867915105, -0.07185562728219694]], "inverted": true, "swapped": false, "error_lsq": 0.04008292569437951, "error_max": 0.22822361153080153, "target": "630.xyz", "model": "6.xyz", "model_rescale": 3.89814844738969, "target_rescale": 4.084993163490879},
{"mapping": [10, 5, 6, 3, 11, 8, 7, 0, 1, 4, 2, 12], "R": [[0.19796360521087655, -0.9451637332229612, -0.2597612912116578], [-0.07517695586205386, 0.2495854363237184, -0.9654302332547984], [0.9773222786364932, 0.21064811267878625, -0.02164569947214362]], "T": [0.0028020459573795745, -0.1250478050088073, -0.020826576651043587], "aligned_model": [[-0.6660025766487819, -0.5064303989660125, 0.0271417416889261, 0.6335430139665311, -0.2765614597272675, -0.00361283504661309, 0.5495890016346341, 0.4275621959030811, -0.04115055177584056, 0.012247804269049083, -0.22412505493496124, -0.11746385871085757], [-0.09639902729591585, 0.38947628675901, 0.14508525983128184, -0.1263225586279651, -0.8832742172205473, -0.5618514789132931, -0.46306570015488757, 0.2874567153029256, 0.719235179143134, -0.3015397996469852, 0.2858935035766609, -0.12003116612503134], [0.28047607413104586, -0.3010477037144317, -0.6403518445131174, -0.5253522379885024, 0.028051933341660888, -0.5374000681118252, 0.11349619583437603, -0.00010887386330056537, -0.027969675266869103, 0.5990582044678583, 0.5094367318095994, 0.09715846932543493]], "inverted": false, "swapped": false, "error_lsq": 0.052326924802349295, "error_max": 0.27497678516792284, "target": "630.xyz", "model": "7.xyz", "model_rescale": 3.7474275329858107, "target_rescale": 4.084993163490879},
{"mapping": [12, 11, 9, 8, 13, 4, 2, 3, 7, 1, 10, 14], "R": [[-0.0026572034243987352, -0.852588812168181, -0.5225755989668976], [-0.9109211501383627, -0.21353783761156042, 0.3530216001022908], [-0.41257193009288, 0.4769632158498486, -0.7760737679019997]], "T": [-0.001346582335846348, 0.017491039923576666, 0.053940357371532445], "aligned_model": [[-0.5434424854142181, -0.5273632543086502, -0.11955608605092395, 0.4414000561142574, -0.48674949977364557, 0.1690076680457394, 0.5838085216889998, 0.6791919815430291, -0.14538883494418378, 0.17941682724914768, -0.4205912221885697, 0.005003349690904734], [-0.1943983550570829, 0.20579821303281245, 0.3128397737114016, -0.12125699796873679, -0.6992485221754711, -0.6022558409696025, -0.584146473723565, 0.22089308639918276, 0.650607893938177, -0.4140770695970117, 0.5418258353742129, -0.041918546335929056], [0.25858037046704185, -0.21868910719921267, -0.6382562034186539, -0.445994350344076, -0.1885060007316716, -0.3922872514175577, 0.11886571648492586, 0.15206990209597057, -0.15171107235894263, 0.6420520615994673, 0.40688555697447676, 0.05243758330016107]], "inverted": false, "swapped": false, "error_lsq": 0.04931330312085588, "error_max": 0.25330096128090523, "target": "630.xyz", "model": "8.xyz", "model_rescale": 4.019505241142653, "target_rescale": 4.084993163490879},
{"mapping": [3, 5, 11, 9, 4, 8, 7, 1, 6, 0, 2, 12], "R": [[-0.863093836759391, 0.10417055720031235, 0.4941836945514596], [-0.05231738817479891, 0.9547916026422612, -0.29263609896660037], [-0.5023265072067382, -0.2784268136088889, -0.8186248161527232]], "T": [0.05049319048754125, 0.08298862748349961, -0.03738967630933124], "aligned_model": [[-0.6787355579949068, -0.5769652830399203, -0.010870063033479788, 0.5964648241088777, -0.32778657855450677, 0.1844710875558036, 0.36044662610705375, 0.5980643882874213, -0.20776041419475083, 0.0838281815225306, -0.2284893214226752, 0.02206913231043969], [-0.13131733804139178, 0.05817577684352167, 0.14129104264501527, -0.018460989808964018, -0.647492580073028, -0.3957635637267565, -0.7621215576349909, 0.24734162990985248, 0.746744536562908, -0.34346366642456816, 0.30183160330607395, 0.07789810307071494], [0.3635581922084269, -0.2744654143840305, -0.6538999385893994, -0.4360913340215917, 0.06699563388023988, -0.49453647318605254, 0.059055296770385485, 0.3224146817854596, -0.18159441547440816, 0.45217471931634545, 0.43615934142594415, -0.06432308427939049]], "inverted": false, "swapped": false, "error_lsq": 0.04747823948172381, "error_max": 0.3601506486873991, "target": "630.xyz", "model": "9.xyz", "model_rescale": 3.877068213659057, "target_rescale": 4.084993163490879},
{"mapping": [1, 8, 9, 14, 7, 2, 13, 6, 11, 3, 0, 15], "R": [[-0.4805884431739391, -0.10158584571711035, -0.871042515746269], [-0.5076704997664887, -0.7776753985208, 0.37079864913772115], [-0.7150562299249573, 0.620404134806865, 0.3221696720053771]], "T": [0.06390161234688457, -0.05569022773824514, 0.05863453766537565], "aligned_model": [[-0.7069950526579305, -0.5530431146956789, 0.02992937244769764, 0.5815780839869065, -0.5725819564077819, 0.046246198227067326, 0.6818700252352661, 0.6059493828661409, -0.1094276422494262, 0.2683075230732065, -0.4649177554207988, 0.007821957247218375], [-0.19813097891387757, 0.1194748625528706, 0.042289915032928393, -0.06485876658915779, -0.5374981590164907, -0.5217551411557243, -0.5005060750769519, 0.12039863327571912, 0.6474065864419083, -0.30380982413442603, 0.46594619271948656, 0.0057057514921025], [0.43056944392238505, -0.3703402060268144, -0.5932021615457271, -0.5257014574985903, -0.11176603005524496, -0.4134111601043642, -0.07512793312607816, 0.294179655693231, -0.08372808261997297, 0.6058239310864875, 0.3450111371975694, 0.09314006852904778]], "inverted": true, "swapped": false, "error_lsq": 0.04507438089161105, "error_max": 0.2749022690501867, "target": "630.xyz", "model": "10.xyz", "model_rescale": 4.260839863003843, "target_rescale": 4.084993163490879},
{"mapping": [5, 3, 1, 8, 4, 2, 8, 7, 0, 10, 6, 11], "R": [[0.7492833553228386, -0.2732511964734832, 0.6032480725721046], [0.6260704805851902, -0.0046841321216546, -0.7797524044503462], [0.2158939711431937, 0.9619313086349134, 0.16756476566374295]], "T": [-0.018856759149168508, -0.12924011465611515, -0.013406745018281568], "aligned_model": [[-0.6351815386392833, -0.558046886433343, 0.1430502041750609, 0.620112475048913, -0.4223423658121045, -0.11456317922195057, 0.620112475048913, 0.4165807729417846, -0.13980952883766462, 0.14920752084720157, -0.27150761434787274, 0.0071246868822326115], [-0.09274908753773922, 0.06829857014221125, 0.2035496006886849, -0.4049115506624532, -0.7278583414970122, -0.46625056673756227, -0.4049115506624532, 0.33317580354207377, 0.7396161191583045, -0.29484713014050346, 0.3994255204393765, -0.07787439010454039], [0.2612258702593019, -0.43064234520142775, -0.6349353314317668, -0.19042929775454717, 0.10889796589231363, -0.6030009804770079, -0.19042929775454717, 0.14836872755315464, 0.008809058400282843, 0.5676806031952688, 0.5865395244848063, -0.0366372917139026]], "inverted": false, "swapped": false, "error_lsq": 0.055089432518779395, "error_max": 0.41362930574336315, "target": "630.xyz", "model": "11.xyz", "model_rescale": 3.890672605050136, "target_rescale": 4.084993163490879},
{"mapping": [8, 5, 12, 10, 3, 4, 2, 11, 9, 1, 6, 13], "R": [[-0.12574155076071192, -0.9828816119387362, 0.13465808302884275], [0.9789095063647688, -0.1449561207856741, -0.14395798482701103], [0.161013169526521, 0.11371657732925508, 0.9803791609778043]], "T": [-0.060172603035288125, -0.03433692772130471, 0.06358696086608881], "aligned_model": [[-0.750757375565127, -0.5460534730087361, -0.03357263149354883, 0.5928252092086036, -0.5523191270253608, 0.1766034668003197, 0.5888852290262446, 0.44256520088312357, -0.0316503983455876, 0.17797367362448044, -0.15646868556100418, -0.0932940668915202], [-0.12573036130247162, 0.3898589246519519, 0.07718633706758604, -0.02269388060454921, -0.8070376796233639, -0.6283993495983906, -0.314080981278168, 0.17793729123953111, 0.7254875148031747, -0.3505314380367649, 0.2629607932154619, -0.11029417390560994], [0.24779053869857345, -0.3710966491978648, -0.672610804459152, -0.5471493169994804, -0.05383749543035822, -0.22291605044771226, -0.014074669337287252, 0.13398952027348413, -0.10276722875173855, 0.7333672777982106, 0.5477351546637754, -0.08298307135852118]], "inverted": true, "swapped": false, "error_lsq": 0.05350991956143585, "error_max": 0.30684289191708425, "target": "630.xyz", "model": "12.xyz", "model_rescale": 4.124412569039231, "target_rescale": 4.084993163490879},
{"mapping": [2, 10, 7, 3, 8, 9, 6, 0, 5, 1, 4, 12], "R": [[-0.9214094431006534, -0.29872412661546666, 0.24853276311740163], [0.3683498898526453, -0.8751531648278086, 0.3137280617627543], [0.12378609296075214, 0.3806190145929353, 0.9164093893669003]], "T": [0.05116389694370985, -0.04096785139120576, -0.09733974097065809], "aligned_model": [[-0.6213851375918212, -0.6484695480230476, -0.0754305510440382, 0.7366952399821092, -0.26025135928581444, 0.07481056525873789, 0.36014857945878787, 0.4272253020270689, 0.02622229111082039, 0.1387833560975512, -0.2754022850822666, -0.06820943125620034], [-0.22765132704193172, 0.12641672273145704, 0.22770821408225314, -0.1291013040528855, -0.6793995757706467, -0.4316425470465365, -0.6264814748722596, 0.30101766863322665, 0.7077511554773894, -0.39222882718906893, 0.4218046776767004, -0.02353038599931063], [0.40785585452994666, -0.2619760654170966, -0.6494852762205803, -0.2735005992787021, 0.004255497066543462, -0.6027656893079055, -0.0008250919622168756, 0.18264439624853093, -0.20933815222900415, 0.6319084034684307, 0.44807053656965157, -0.08139660801566917]], "inverted": false, "swapped": false, "error_lsq": 0.050450306518133155, "error_max": 0.2979166366651945, "target": "630.xyz", "model": "13.xyz", "model_rescale": 3.9028299243045295, "target_rescale": 4.084993163490879},
{"mapping": [11, 12, 5, 4, 14, 10, 7, 3, 2, 9, 1, 15], "R": [[0.5805602679812927, 0.8047343414683884, -0.12390486230543826], [-0.10325645900966932, 0.22371533532696763, 0.9691695168608676], [0.807643410741569, -0.5498673370923048, 0.21297425357245292]], "T": [-0.00017808977004271642, 0.09687072970218191, -0.10963509502718471], "aligned_model": [[-0.5668153754870668, -0.6674410553051285, -0.07444891951589824, 0.5358223256188435, -0.4478565050915686, 0.17953198452927766, 0.5789559290337066, 0.569057288228169, -0.03153351566310012, 0.028217716114292066, -0.3203000625662368, 0.03154721175659752], [-0.13868455764437257, 0.17490195343927736, 0.05715456487885914, -0.04029052332068642, -0.662161744586855, -0.5824086263818755, -0.5387707108619348, 0.2840971929113104, 0.820077869710665, -0.4355821283750716, 0.3217808643848697, 0.014548842474201337], [0.30181670212073414, -0.29105050757060846, -0.6146185638217003, -0.501111300248967, -0.028985282796633427, -0.35790198295696, 0.17530648343928523, 0.06243111649496491, 0.025042443796480768, 0.45297763909568045, 0.40914820230696647, -0.03760774440731403]], "inverted": true, "swapped": false, "error_lsq": 0.04688723807106122, "error_max": 0.2948241296646043, "target": "630.xyz", "model": "14.xyz", "model_rescale": 3.942246331269136, "target_rescale": 4.084993163490879},
{"mapping": [11, 8, 0, 1, 13, 12, 3, 5, 7, 4, 6, 14], "R": [[0.35375514075639536, -0.4381093085371266, -0.8263882466259694], [-0.14909799933943124, 0.845807742641186, -0.5122294886876396], [0.9233780845251863, 0.30441664911982486, 0.2338876156560145]], "T": [0.022220159007530514, -0.00041325151797638043, 0.11843277598520374], "aligned_model": [[-0.6201048474662237, -0.6120267043166085, 0.019476704126209575, 0.5765522069170151, -0.36878886685634876, 0.08143705153748843, 0.5626115605986108, 0.6300400860778423, -0.17365547172818996, 0.04342614472873448, -0.37207928924395184, 0.04784844727730928], [-0.1612253093187915, 0.20898184718280946, 0.33461543932153426, -0.22828484350347802, -0.7048802476327136, -0.600801582544663, -0.4739877274387097, 0.16542269016891858, 0.8041963405485079, -0.4472052007253749, 0.35883434857687874, 0.01899724199346922], [0.39351293299568124, -0.27236836947290577, -0.5361401631422362, -0.42694044851989477, 0.0099521805619881, -0.43302299719051873, 0.10254947206324722, 0.04205912286990621, -0.09420694224149298, 0.49736712018700646, 0.2865354121129118, 0.026149885228236427]], "inverted": false, "swapped": false, "error_lsq": 0.049225983465793294, "error_max": 0.28980041293816206, "target": "630.xyz", "model": "15.xyz", "model_rescale": 4.355366556412066, "target_rescale": 4.084993163490879},
{"mapping": [2, 4, 3, 7, 0, 5, 9, 10, 6, 1, 8, 11], "R": [[-0.3595233124459556, -0.678652495230223, -0.6404481075978602], [-0.05776372867713969, -0.6688371557180015, 0.741161393206883], [-0.931346519538889, 0.3034594698618682, 0.20126105111012488]], "T": [0.02528207033795924, -0.09323655346854487, -0.011411573726171517], "aligned_model": [[-0.6772557026981378, -0.6390989989163698, 0.10085503516793679, 0.7635570217683536, -0.42034191419481715, 0.037539412175695765, 0.5315982390736566, 0.43322200466677024, -0.21663888407230766, 0.041226405821533384, -0.08286881878979965, -0.05705677835062672], [-0.07040300561952828, 0.04870129508118137, 0.16704057958514268, -0.07693883656813877, -0.645389891975148, -0.516264818757669, -0.6274094702745945, 0.32603087252848056, 0.6811144645855426, -0.33197627252301926, 0.3330900428562159, -0.012931962290078217], [0.44317033120968247, -0.37580308447016875, -0.6093760792240075, -0.5165309658445499, -0.03285950536513202, -0.49788534100920356, 0.07944401201149706, 0.22318517404950336, -0.14539185457128, 0.4757705155552237, 0.615952064254156, -0.06422806114379234]], "inverted": true, "swapped": false, "error_lsq": 0.04477516239155486, "error_max": 0.2675771213616595, "target": "630.xyz", "model": "16.xyz", "model_rescale": 3.795458400668931, "target_rescale": 4.084993163490879},
{"mapping": [10, 5, 6, 3, 11, 8, 7, 0, 1, 4, 2, 12], "R": [[0.19796360521087655, -0.9451637332229612, -0.2597612912116578], [-0.07517695586205386, 0.2495854363237184, -0.9654302332547984], [0.9773222786364932, 0.21064811267878625, -0.02164569947214362]], "T": [0.0028020459573795745, -0.1250478050088073, -0.020826576651043587], "aligned_model": [[-0.6660025766487819, -0.5064303989660125, 0.0271417416889261, 0.6335430139665311, -0.2765614597272675, -0.00361283504661309, 0.5495890016346341, 0.4275621959030811, -0.04115055177584056, 0.012247804269049083, -0.22412505493496124, -0.11746385871085757], [-0.09639902729591585, 0.38947628675901, 0.14508525983128184, -0.1263225586279651, -0.8832742172205473, -0.5618514789132931, -0.46306570015488757, 0.2874567153029256, 0.719235179143134, -0.3015397996469852, 0.2858935035766609, -0.12003116612503134], [0.28047607413104586, -0.3010477037144317, -0.6403518445131174, -0.5253522379885024, 0.028051933341660888, -0.5374000681118252, 0.11349619583437603, -0.00010887386330056537, -0.027969675266869103, 0.5990582044678583, 0.5094367318095994, 0.09715846932543493]], "inverted": false, "swapped": false, "error_lsq": 0.052326924802349295, "error_max": 0.27497678516792284, "target": "630.xyz", "model": "17.xyz", "model_rescale": 3.7474275329858107, "target_rescale": 4.084993163490879},
{"mapping": [9, 4, 8, 3, 12, 10, 11, 1, 0, 7, 2, 13], "R": [[0.3921708041975869, -0.39373327431358796, 0.8313700554105368], [-0.6849030095873447, 0.4783514576365916, 0.5496250998955068], [-0.614092768067835, -0.7849547704646742, -0.08207362872162599]], "T": [-0.04696981735855176, -0.09039380216570572, -0.030648574491266], "aligned_model": [[-0.6504040304222, -0.6860623077177549, -0.03555170854202357, 0.5248597685905381, -0.3250448911729605, 0.09822113448635231, 0.5218220274980784, 0.5190394057531789, -0.04263416326375368, 0.07906093645543971, -0.11951883236634395, -0.06905031764666353], [-0.19973572103463505, 0.26327165872902536, 0.15536548579907414, -0.01658529909993678, -0.7689833989214918, -0.542552122769829, -0.5246692311415093, 0.21292718696538795, 0.7394567766591233, -0.43063838277602196, 0.38169465320218166, 0.005111391017018754], [0.23699981638450823, -0.4252462842631236, -0.7061679675428634, -0.3886323881165711, 0.11573221595416926, -0.5315595556788282, 0.06741951827354331, 0.2265446480373744, -0.13297945794555624, 0.6294795619297506, 0.494424615206555, 0.009432483212970171]], "inverted": true, "swapped": false, "error_lsq": 0.04263415413204532, "error_max": 0.22300736046584604, "target": "630.xyz", "model": "18.xyz", "model_rescale": 3.922800546911778, "target_rescale": 4.084993163490879},
{"mapping": [1, 2, 9, 7, 0, 3, 12, 13, 10, 8, 6, 14], "R": [[-0.025386440102374105, -0.10417912014618408, -0.9942344992930469], [-0.7326234781096191, 0.6786140233373701, -0.05240082682965774], [0.6801605457401164, 0.7270692664770216, -0.09355166360398254]], "T": [0.021326759714494686, -0.0487404845217082, 0.09248029639451255], "aligned_model": [[-0.6695692913992534, -0.500020211037887, -0.09603542923921701, 0.5617465483726023, -0.43886707694837557, 0.055827775176492886, 0.5559426429045802, 0.670932904253482, -0.2326175029483488, 0.1381836878266583, -0.30479290027898454, 0.07400587497013818], [-0.1410219617883166, 0.10264867311040085, 0.2039848498404389, -0.10735754186852137, -0.6774256263907873, -0.46785041986677556, -0.6229400675790174, 0.11896775787176952, 0.6858342189617473, -0.1280812635946786, 0.362352666713567, -0.05444828878143983], [0.34173879563730136, -0.37486071595786147, -0.6724374821219223, -0.49294391874642446, -0.2098758855622011, -0.38950080864203307, 0.03684990160703668, 0.239787965002322, -0.12318834695941633, 0.6878290623711472, 0.5401589314512909, 0.011889707372689753]], "inverted": true, "swapped": false, "error_lsq": 0.045294560906300886, "error_max": 0.2714952151803798, "target": "630.xyz", "model": "19.xyz", "model_rescale": 3.9282355846067225, "target_rescale": 4.084993163490879},
{"mapping": [2, 1, 4, 8, 10, 11, 9, 6, 3, 7, 5, 13], "R": [[0.039017213053012645, -0.9946806523677849, -0.09533130068751827], [0.35414259730524256, -0.07544608860289004, 0.9321431802509857], [-0.9343771603905313, -0.07013050348973027, 0.3493150936057649]], "T": [0.07293792685540194, -0.09014567323231962, -0.004509172348535137], "aligned_model": [[-0.5994874060937244, -0.630200533887719, 0.24957647877242034, 0.7824243456397889, -0.5069672043852286, 0.009511318624115028, 0.4436696728257314, 0.3825024411661638, -0.17970560041022998, 0.14979730579909922, -0.20496871829478902, -0.08141507810374023], [-0.18518892917528024, 0.15751708457224298, 0.1544222141301169, -0.09601801741814153, -0.7232736213858869, -0.4305660881962091, -0.6521737425571854, 0.41494603800626584, 0.5661590387948755, -0.2576371550498037, 0.42034788247144705, -0.09387170756405387], [0.46188889954702417, -0.08040554727544355, -0.5598047831609612, -0.278764739771431, -0.0758771554999883, -0.631768431164252, -0.16296183738935943, 0.2709835295052231, -0.27244655727874095, 0.5905849511030372, 0.3826011199647578, -0.0485822431279368]], "inverted": true, "swapped": false, "error_lsq": 0.056963549732248535, "error_max": 0.2947734212522136, "target": "630.xyz", "model": "20.xyz", "model_rescale": 4.067790424073018, "target_rescale": 4.084993163490879},
{"mapping": [6, 13, 1, 7, 4, 8, 0, 12, 10, 3, 11, 14], "R": [[0.8103140361318977, 0.08728613067539356, -0.5794586216800575], [0.556037641540539, 0.19759810096326166, 0.8073271528232826], [0.18496838658989495, -0.9763893290524182, 0.11158214048359366]], "T": [-0.05311260317335695, -0.1290156068912227, -0.03479977305224627], "aligned_model": [[-0.6064825478805292, -0.5148129887138571, 0.041138477249478736, 0.509285554995574, -0.4385353451745162, 0.023514755811638477, 0.5192114375142428, 0.4377619657275249, -0.05148684015169411, 0.14120542922157145, -0.20697465985461672, -0.03908821709292981], [-0.34978886877114235, 0.3689282308842425, 0.1986337738568279, -0.19746539971139854, -0.8193762875262198, -0.46309582189871656, -0.5377367394720596, 0.3284082505528156, 0.6730411407282908, -0.19108963941548615, 0.316742706325673, -0.052538348924439676], [0.4040598557917079, -0.20511769192865997, -0.7811694659078485, -0.5202757196859135, -0.16642019440763509, -0.490526176194071, 0.06444869169061807, 0.3350913449069134, -0.20209936075727905, 0.7911132571289953, 0.4075329610868731, -0.04119029627177145]], "inverted": false, "swapped": false, "error_lsq": 0.05158822502072158, "error_max": 0.2736921997429702, "target": "630.xyz", "model": "21.xyz", "model_rescale": 4.186013935880536, "target_rescale": 4.084993163490879},
{"mapping": [2, 0, 6, 4, 1, 7, 10, 11, 3, 9, 5, 12], "R": [[-0.20367927128018903, 0.16386914427436333, 0.9652262211552065], [0.8407109739393588, -0.47595519366555317, 0.2582086596547857], [0.5017168651228563, 0.8640680280959214, -0.040824380873688115]], "T": [-0.01403672257607386, -0.08646472744533426, 0.06267105697604564], "aligned_model": [[-0.5831031042610901, -0.6647769991286476, -0.06691489021506968, 0.5663459038604989, -0.4673015238091928, 0.09673974264251457, 0.6429909993506541, 0.4308961611525942, 0.10260005571391256, 0.1847917790351155, -0.4359434308390527, 0.008412328149650369], [0.001554692595642837, -0.0688329933126001, 0.12757164914989721, 0.04348356247512242, -0.6457229661382595, -0.5513592417200268, -0.5746976560794888, 0.24024926173188874, 0.7694859368488913, -0.5608168201993452, 0.5435321116311217, -0.04978454035445705], [0.5296991479904567, -0.2504018665260104, -0.4484504333746548, -0.35432486344260833, -0.06734616630431145, -0.49403838719732746, -0.09932466103821772, 0.3696868171002718, -0.2630327609030125, 0.41038944775408837, 0.21641593783790689, 0.04617499355534749]], "inverted": false, "swapped": false, "error_lsq": 0.058201051277773315, "error_max": 0.3276975792985129, "target": "630.xyz", "model": "22.xyz", "model_rescale": 4.166573947596378, "target_rescale": 4.084993163490879},
{"mapping": [13, 7, 8, 3, 14, 9, 11, 2, 0, 12, 5, 15], "R": [[0.5586234032777762, -0.46437750992045346, -0.6872360741335063], [-0.7749474694636578, 0.0031047828709136194, -0.6320180218120348], [0.29562867398516723, 0.8856319148514262, -0.3581337718149018]], "T": [0.05073507685365995, -0.05595178856044476, -0.028955483060358934], "aligned_model": [[-0.7194310049333205, -0.5491488511050819, -0.006827258959044194, 0.5735361772036334, -0.39348506151453627, 0.08182416035466854, 0.6180698501452607, 0.6135233183277132, -0.1252975230786334, 0.16795498905040024, -0.4887328391918093, 0.04275106535263684], [-0.13856958690661486, 0.3061126185967353, 0.16341342422595684, -0.0854195824884658, -0.688009754573585, -0.49744017053285533, -0.6025579846670918, 0.21670420299089432, 0.7239536776811077, -0.5194174788625336, 0.3952245657840905, 0.0006690653807486235], [0.3128509603503323, -0.17191801555375874, -0.8052573709468618, -0.3243151123429287, 0.1417751805233056, -0.43462855802657396, 0.009074095143896035, 0.21951452462425175, -0.19483420479897756, 0.4191967247068389, 0.4143009281050953, 0.009688053667309491]], "inverted": false, "swapped": false, "error_lsq": 0.04639031737742505, "error_max": 0.25161061364820914, "target": "630.xyz", "model": "23.xyz", "model_rescale": 4.274766983524099, "target_rescale": 4.084993163490879},
{"mapping": [3, 5, 6, 7, 9, 10, 8, 0, 1, 4, 11], "R": [[-0.4690057123565533, -0.07736891816872905, -0.8797998023859307], [-0.010938969146372407, -0.9955703472111713, 0.09338106182649084], [-0.8831273864686436, 0.053420354315828894, 0.46608184368610045]], "T": [-0.054883488536445146, 0.0040143405463785725, 0.010300545385777689], "aligned_model": [[0.10662407209184993, 0.31199020208134987, -0.21365853391510026, -0.5327244250564089, -0.6220369961620829, -0.3670089346081707, 0.07487140021464217, -0.04862199035886844, 0.46980956217070974, 0.24951489606181454, -0.04886454856166003], [0.06202398822498293, 0.45203449720905936, 0.5870110545824977, -0.26160005204169906, 0.4490858158621205, -0.3488741918488664, -0.7838342279104399, 0.1278455061241381, -0.15979791843781277, 0.7810824826793542, 0.01060957680014878], [-0.7116877346879761, -0.2803684774581104, -0.6346647903145383, -0.27929659502745785, 0.19031466795700136, 0.523600337744042, 0.07785572249391046, 0.7275065990840739, 0.35914137730874746, 0.3706215325764251, 0.03654379434545992]], "inverted": false, "swapped": true, "error_lsq": 0.06729511997032471, "error_max": 0.36494617726980627, "target": "630.xyz", "model": "24.xyz", "model_rescale": 3.7841303162186577, "target_rescale": 4.084993163490879},
{"mapping": [11, 13, 12, 2, 10, 9, 8, 4, 3, 0, 6, 15], "R": [[0.5490034809689904, 0.7392041345823359, 0.3900928418983247], [-0.3668408295573379, 0.6324676482765496, -0.682211462563636], [-0.7510146361114514, 0.23143448597802138, 0.6183971984464949]], "T": [-0.004229825908708247, -0.1637145700140228, 0.015943868565397715], "aligned_model": [[-0.7060319453655796, -0.575318065674418, -0.03514189134641053, 0.6143573679220677, -0.4655276391238966, 0.08801521174388749, 0.5179701148563962, 0.47449144743029853, -0.15510759524197015, 0.17722508100116863, -0.10217610410392003, -0.018018960445736212], [0.06937392098788203, 0.19035167986929002, 0.08562112500712427, -0.0780565152365626, -0.7901792644990684, -0.4662659752981468, -0.4341409160282085, 0.39028852967269523, 0.6244032584018988, -0.5771053222414659, 0.3659428503406712, -0.10557037434772237], [0.22227154400178722, -0.3846747909674694, -0.6996314676689029, -0.40691025428021127, 0.014752497992269367, -0.4760868303906702, 0.07623148657440769, 0.15950866525505836, -0.0555269288776291, 0.5969018292499467, 0.49749967622837893, 0.051111778334963116]], "inverted": true, "swapped": false, "error_lsq": 0.04624818621105486, "error_max": 0.2758340275131924, "target": "630.xyz", "model": "25.xyz", "model_rescale": 4.19342608120988, "target_rescale": 4.084993163490879},
{"mapping": [2, 4, 3, 7, 0, 5, 9, 10, 6, 1, 8, 11], "R": [[-0.3595233124459556, -0.678652495230223, -0.6404481075978602], [-0.05776372867713969, -0.6688371557180015, 0.741161393206883], [-0.931346519538889, 0.3034594698618682, 0.20126105111012488]], "T": [0.02528207033795924, -0.09323655346854487, -0.011411573726171517], "aligned_model": [[-0.6772557026981378, -0.6390989989163698, 0.10085503516793679, 0.7635570217683536, -0.42034191419481715, 0.037539412175695765, 0.5315982390736566, 0.43322200466677024, -0.21663888407230766, 0.041226405821533384, -0.08286881878979965, -0.05705677835062672], [-0.07040300561952828, 0.04870129508118137, 0.16704057958514268, -0.07693883656813877, -0.645389891975148, -0.516264818757669, -0.6274094702745945, 0.32603087252848056, 0.6811144645855426, -0.33197627252301926, 0.3330900428562159, -0.012931962290078217], [0.44317033120968247, -0.37580308447016875, -0.6093760792240075, -0.5165309658445499, -0.03285950536513202, -0.49788534100920356, 0.07944401201149706, 0.22318517404950336, -0.14539185457128, 0.4757705155552237, 0.615952064254156, -0.06422806114379234]], "inverted": true, "swapped": false, "error_lsq": 0.04477516239155486, "error_max": 0.2675771213616595, "target": "630.xyz", "model": "26.xyz", "model_rescale": 3.795458400668931, "target_rescale": 4.084993163490879},
{"mapping": [11, 10, 7, 0, 4, 3, 2, 1, 5, 9, 8, 12], "R": [[-0.5634320365399215, 0.8154171509044734, 0.1328126884424383], [0.47460345198005727, 0.4510489087152598, -0.7558481628709479], [-0.6762365736701101, -0.36283570931980336, -0.6411351998395542]], "T": [0.004591946945635188, -0.03704556467101891, 0.09854646761197003], "aligned_model": [[-0.6068937643237413, -0.584110178622145, -0.08203425346605375, 0.6579079975127976, -0.6106752084524568, 0.11445955384150769, 0.7245275660019078, 0.46953076122034143, -0.24190606877109516, 0.1076143027037891, -0.1389352525816717, 0.005251566588707155], [-0.11599553401917248, 0.00543906312547715, 0.15682495189024495, -0.09624738329544189, -0.5815939097820891, -0.4909908843001257, -0.5420854129764133, 0.17019019323619944, 0.6096860965717935, -0.42047775623860906, 0.5457868842568486, 0.03412668815967526], [0.4610746995976249, -0.3005917193135642, -0.6857482619635376, -0.41228273558201345, -0.05565019240931701, -0.4732396065360973, 0.13678741342830594, 0.40060343273060495, -0.19782720610764556, 0.26207150789364525, 0.511412050554852, -0.05116217684092886]], "inverted": true, "swapped": false, "error_lsq": 0.057290536499329255, "error_max": 0.36372645212137367, "target": "630.xyz", "model": "27.xyz", "model_rescale": 3.6321398670334006, "target_rescale": 4.084993163490879},
{"mapping": [0, 8, 12, 6, 10, 9, 13, 4, 7, 2, 3, 14], "R": [[0.5361857838257843, -0.7812281176854103, -0.3196676920817001], [0.3426507705448808, -0.14465679504053633, 0.9282590484846351], [-0.7714241729866451, -0.6072536865152087, 0.1901254994616968]], "T": [-0.06633928996525877, -0.0859506817099788, 0.03014841865746557], "aligned_model": [[-0.5360898659398211, -0.45109121559090354, -0.015303532099126771, 0.5940777237802434, -0.6399594136779962, 0.04916508006680996, 0.5771612222011078, 0.5605871928146341, -0.1253903795411181, 0.16020337815515145, -0.3452042416632607, -0.013418926853832648], [-0.2558176210052499, 0.11643293299677046, 0.23264493108387332, -0.05914933474556569, -0.5689392192060317, -0.5528717073922502, -0.5881034524867554, 0.44928641382804024, 0.6576043364446524, -0.45544730249903176, 0.4035991443661596, -0.10457612475622421], [0.4041688907253327, -0.24920161986079123, -0.7310361304418243, -0.3785550103679502, -0.17565162827113473, -0.43376499729376533, 0.04521552046505293, 0.11352520864298568, -0.18086411130420935, 0.6976769427512095, 0.4227492164986655, 0.06118492390835743]], "inverted": false, "swapped": false, "error_lsq": 0.04755248631424185, "error_max": 0.3078113179097403, "target": "630.xyz", "model": "28.xyz", "model_rescale": 4.156811204709835, "target_rescale": 4.084993163490879},
{"mapping": [3, 6, 5, 4, 10, 7, 2, 8, 0, 11], "R": [[0.5880863357373676, 0.7324643255314613, -0.34300214801475776], [0.6865704371010979, -0.22792878095592142, 0.6904125619589746], [0.4275225100714623, -0.6415173283986094, -0.6369301537425492]], "T": [-0.13054157482657303, -0.028409814056654763, 0.06331619517728919], "aligned_model": [[-0.5431884159193093, -0.10069972281728573, 0.03860799002484905, 0.705988281511305, -0.0824742169343709, -0.5344942043800329, -0.4679791193940692, -0.688132556832074, 0.42379286861862453, -0.10849552976704825], [-0.11184149463544657, -0.5300532652695179, 0.09267369911898013, 0.13545820277437615, -0.06052189274158131, -0.4746286779872917, 0.39608849711540295, 0.33359949095203756, 0.15495299575665977, -0.017007224457415124], [-0.547812782322338, -0.6636901869066862, -0.5503075120181025, -0.2524203411774081, 0.7576415013014263, 0.20635628902873177, -0.2752190972479505, 0.5106940665585646, 0.4978841325322289, 0.07566065722663297]], "inverted": true, "swapped": true, "error_lsq": 0.0813517281254009, "error_max": 0.4523973578464657, "target": "630.xyz", "model": "29.xyz", "model_rescale": 4.117894457231895, "target_rescale": 4.084993163490879},
