[{"mapping": [2, 9, 4, 10, 5, 12, 7, 6, 13, 1, 0, 8, 3, 14], "R": [[0.08028872392735908, 0.545540917435834, -0.8342294817455116], [0.9822542964179742, -0.18562189730912215, -0.026851599725010666], [-0.16949990554140965, -0.8172696119657394, -0.5507632552910761]], "T": [0.026690366053266072, 0.07590788155135565, 0.1639784077828414], "aligned_model": [[0.09878238948153087, 0.19690387187666866, -0.5771660169182449, -0.35943646585314004, -0.47677258661086713, -0.07532576643882544, -0.6656252278160212, -0.046757950849907186, -0.376204655582213, 0.3189629459684158, 0.5185992711012477, 0.2889454257388774, 0.5268432872717457, -0.00025642024096398167], [-0.6520590505882642, -0.3259432584744214, -0.4272298973980627, -0.29355971514657303, 0.10269375916936965, 0.2281204128870306, 0.17942811995830538, 0.6449946575869202, 0.7045712358761017, -0.1135571541981328, 0.45972699203473516, 0.7684027334101959, -0.17523146502974224, 0.1349159617225723], [0.37932318237060386, -0.46315874035842447, 0.2784278549874219, -0.28461997776843767, 0.7688786928487608, -0.49426500412378954, -0.025077503500525178, 0.4683513693502535, -0.13988435519422843, 0.6987830772274333, 0.6328266355409888, -0.09855401909937656, 0.0754221596988289, 0.10113471520032437]], "inverted": false, "swapped": true, "error_lsq": 0.05175536845344617, "error_max": 0.3548791569134229, "target": "631.xyz", "model": "0.xyz", "model_rescale": 3.8414455957264533, "target_rescale": 4.327322380912324},
{"mapping": [6, 8, 13, 7, 11, 12, 10, 1, 5, 7, 0, 2, 4, 3, 14], "R": [[0.2827912236204777, -0.7521346644607881, -0.5952500066020079], [-0.3450281845276043, -0.6588072253460695, 0.6685271809832406], [-0.8949774721884447, 0.016324409584136057, -0.4458125591848113]], "T": [0.013520821276815604, 0.065204672145555, -0.00538595971057973], "aligned_model": [[0.46112491963274826, -0.2721549099378139, -0.7262795107707308, -0.25894409186086104, -0.41579356706416226, -0.17046954773333461, 0.40997890038753887, 0.14981778905676527, 0.6680008445927401, -0.25894409186086104, -0.39518876561090005, 0.45978422660182605, 0.21480066617986274, 0.5794007272109232, 0.04624437261015758], [0.10674996794841288, -0.4089396633741871, -0.08052072868714652, 0.6470447188978519, -0.4958040670167384, -0.6752543009223468, -0.4705054485690089, -0.22814025359325532, 0.030906043149051127, 0.6470447188978519, 0.35880984206595046, 0.6134238286278993, 0.44637373561784377, 0.02050521818283982, 0.008909732296856779], [-0.644096953286914, -0.5691934828867964, -0.08479991877205706, -0.018803606273402884, 0.47129396715536165, -0.017939731327494324, -0.16100394865213102, 0.7970290091714974, -0.07468450307074401, -0.018803606273402884, 0.5164088728522345, -0.21730447506953243, 0.326297328888129, 0.5342053420313002, 0.05645292775478497]], "inverted": false, "swapped": false, "error_lsq": 0.05360957797999197, "error_max": 0.4327454971272102, "target": "631.xyz", "model": "1.xyz", "model_rescale": 4.316132596720782, "target_rescale": 4.327322380912324},
{"mapping": [7, 10, 4, 6, 5, 13, 1, 8, 2, 12, 3, 14], "R": [[0.6437948867282525, -0.7647824374073673, -0.025218391221546732], [-0.3418847535832634, -0.31697074398440195, 0.8846718955213204], [-0.6845750207901746, -0.5609254593002719, -0.46553159937743327]], "T": [0.015983493354285158, 0.1298369201059769, -0.07512633044189204], "aligned_model": [[-0.2025814273698896, 0.40697314822812514, 0.13725980222116968, -0.6116223000150933, -0.498691042898868, -0.44904353840269645, -0.01983316764499228, -0.2912708860157858, 0.49090914832599997, 0.21161089782504716, 0.42983455642417273, -0.0057366360454081215], [-0.5208782085285611, -0.41998410711258316, -0.5686426734658331, 0.2838765394505699, -0.2315707739628328, -0.11090489096037245, 0.43817116881687146, 0.5394975778805671, 0.015222833633338734, -0.032180667052516265, 0.5085722488968614, 0.11159738014547102], [0.1584516129957781, 0.10281937660662965, -0.433326199367618, -0.009704029587022545, -0.5490370638277822, 0.5377911439323819, -0.632785234314414, 0.5207117374725125, -0.6606310012214989, 0.5591768741646379, -0.15483187228724457, 0.010623116643061398]], "inverted": true, "swapped": true, "error_lsq": 0.04126810692775382, "error_max": 0.16892963034418285, "target": "631.xyz", "model": "2.xyz", "model_rescale": 3.795458400668931, "target_rescale": 4.327322380912324},
{"mapping": [5, 1, 2, 11, 7, 12, 3, 6, 0, 8, 10, 14], "R": [[-0.9858892486246642, 0.1647052000971875, 0.029909639035615165], [-0.09107236631191257, -0.3778195587236653, -0.9213892799138721], [-0.14045715909359757, -0.9111117264676163, 0.3874883331825044]], "T": [-0.004476916804007101, 0.01372509194108109, 0.02129467424562649], "aligned_model": [[0.005432101617603956, -0.19830337436361944, -0.7347000121449883, 0.20283167845071753, 0.09218122918919192, 0.15679578051537127, -0.2470101370546651, 0.5585540082259027, 0.37875153275883555, 0.6958042473025381, -0.3721738834832911, 0.05514065472996801], [-0.20997251014300564, -0.5923136892900314, -0.20145814077904486, 0.1932708001818887, 0.554788135598237, 0.6169931710293269, -0.188959738386292, -0.20171933193818936, -0.6514061976244429, 0.08270883575785754, 0.6032046376094639, 0.08063307327394131], [-0.7336609383526473, -0.028551039665915226, -0.023167595824152773, 0.8338264523678117, -0.451640252004499, 0.29863756158051125, 0.4915739760539099, -0.22052590247825876, 0.16217215362496373, 0.3707194095363201, -0.0431533884132765, 0.03254099421433313]], "inverted": true, "swapped": true, "error_lsq": 0.04688963781168756, "error_max": 0.3488141452352047, "target": "631.xyz", "model": "3.xyz", "model_rescale": 3.7530521520055578, "target_rescale": 4.327322380912324},
{"mapping": [7, 5, 4, 2, 10, 0, 12, 6, 8, 3, 14], "R": [[0.872612407873113, -0.4728705671561536, 0.12223343381949653], [-0.08395839409035319, 0.10131219097983198, 0.9913056178700063], [-0.48114298673851263, -0.8752881049553246, 0.04870482148678672]], "T": [-0.020638367231250204, 0.025237652874481598, 0.058218180297595006], "aligned_model": [[-0.28643091773077667, -0.2953834496111051, 0.25848288278930764, 0.6488538749029393, 0.2921443438723821, -0.3197380908887272, -0.08082399231741855, -0.6299120025881397, -0.5517287347654551, 0.37598765963609837, -0.07325197085390023], [-0.61663714143676, 0.008481290509676304, -0.43884611428932174, 0.12059471629186269, -0.5982769103372552, 0.7453778405756832, -0.43922868462822545, 0.22789419424517432, 0.1566167289105041, 0.3280399153452071, -0.026812476872199245], [-0.14941256740721323, -0.679569829123994, -0.5228209033009507, -0.294193020221847, 0.07362311277306764, 0.09058492983182358, 0.5557209915082945, -0.03982914065737935, 0.6220733667051263, 0.32666688998588495, 0.1099869471525037]], "inverted": true, "swapped": true, "error_lsq": 0.04898947276278717, "error_max": 0.23606611079652304, "target": "631.xyz", "model": "4.xyz", "model_rescale": 3.7855080009869324, "target_rescale": 4.327322380912324},
{"mapping": [2, 14, 13, 12, 8, 10, 3, 7, 0, 11, 6, 1, 4, 5, 16], "R": [[-0.3752894097861722, -0.2784893067136276, -0.8840823292818997], [-0.6805358593156351, -0.5647794111598013, 0.4667924173714884], [-0.6293081940415811, 0.7768319784716324, 0.02243377221896975]], "T": [-0.03271696087312828, -0.043624200019262926, 0.023154573276717966], "aligned_model": [[0.3762598186024624, -0.23015494174545567, -0.7337796410871785, -0.28705442987103924, -0.5551304271278231, 0.037677988398392176, 0.52296579059575, 0.10670037803621826, 0.6964543343492894, -0.4007124167869013, -0.28757982172345664, 0.3094581031949949, 0.32648112128881235, 0.6451336419273781, -0.035341536617545084], [-0.048655727682154204, -0.16934888481691673, 0.13644428147015897, 0.4045321252493789, -0.3757390917837927, -0.7162429581091637, -0.39239130391202026, -0.16415925203686285, 0.23318678060602444, 0.6608935445624772, 0.297196751538339, 0.611159027418064, 0.38993951972383567, -0.284013349938101, -0.06219811876739206], [-0.5920676346756958, -0.6115965164225894, -0.007733923944484678, -0.42129297480471384, 0.3579586098527566, 0.2944345604798728, -0.20486909295438946, 0.7493801434148529, 0.0357556267819486, 0.04904511781737804, 0.5180920129653308, -0.14200925322927954, 0.5027377491274344, 0.3944157502176846, -0.027192952385273327]], "inverted": false, "swapped": false, "error_lsq": 0.041141712648948246, "error_max": 0.2655979563096061, "target": "631.xyz", "model": "5.xyz", "model_rescale": 4.2253639853439635, "target_rescale": 4.327322380912324},
{"mapping": [2, 3, 12, 10, 9, 8, 7, 4, 0, 1, 11, 6, 5, 14], "R": [[-0.7040159995918938, -0.7053571852081756, 0.08266022981958138], [0.3023691107325577, -0.4030219076960131, -0.8637975820710941], [0.6425997145917737, -0.5831334180033465, 0.49701209604425656]], "T": [0.047671678015023075, 0.006229287982908824, 0.05120625760059623], "aligned_model": [[0.5606258044303448, -0.12378925010891591, -0.4139751913632927, 0.16093606690781903, -0.2208279359030313, -0.6466148483721659, 0.21974865389887616, 0.7134050042330652, -0.11448086038506801, 0.3529313404089314, -0.7468842247145522, -0.03721301598387464, 0.6828543812325827, -0.012653771522935314], [-0.08113065047623373, 0.10285607175767415, -0.48343845831428184, -0.6806230664483498, -0.5359222341244463, 0.21954195080268762, -0.45888144894231003, -0.4232684410951281, 0.769553844078639, 0.4880126880870928, -0.07003700695407382, 0.42191999588838097, 0.20850174053197862, -0.03198583815663909], [-0.5062457954218268, -0.48014159443561816, 0.16939255770416461, 0.0038167200631446657, -0.41541742727406167, 0.35072927592191766, 0.5801873306392705, 0.10794840160745219, 0.038864561551192736, -0.23521578956190914, -0.26229936462451664, 0.5430325864337933, 0.47040259738769724, 0.10650414894074788]], "inverted": false, "swapped": true, "error_lsq": 0.040979001414685336, "error_max": 0.22823154555098543, "target": "631.xyz", "model": "6.xyz", "model_rescale": 3.89814844738969, "target_rescale": 4.327322380912324},
{"mapping": [6, 5, 7, 0, 12, 4, 1, 8, 3, 2, 10, 9, 14], "R": [[-0.6518279259572116, -0.207248094378171, -0.7294988569689036], [0.7287946026127768, 0.09481691718239121, -0.678135811927458], [0.20971118745742903, -0.9736826893771114, 0.08923697811193954]], "T": [-0.07043474689125344, 0.01658885939174866, -0.022091143334324426], "aligned_model": [[0.08596559545218176, -0.24404524706534764, 0.4255191333074277, -0.3845621422160565, 0.5120819257847218, -0.17376401862975877, -0.6748151786373833, 0.3954669242349551, -0.37793910563685995, -0.6729967065422621, 0.19136523873377953, 0.047656385223115424, 0.01869899689570946], [-0.39399225206713845, 0.23339151352253695, 0.44300486509049203, -0.6717802349998965, 0.09001971987601452, 0.7655166895723309, -0.1374681250658028, -0.6115584635985118, -0.1262878948634028, 0.45228365364146556, 0.6196784159010463, 0.29760838989588373, 0.003364988565467901], [-0.5004836573600149, -0.7589444436655584, -0.335074525745278, -0.2133556473662906, 0.32739786949124583, -0.2656460624183359, -0.15746852129592864, 0.05285340155283623, 0.43188399643132735, 0.14701124316048156, 0.211542118859197, 0.6785089472128096, -0.015949688020195953]], "inverted": true, "swapped": true, "error_lsq": 0.0493623354692189, "error_max": 0.33489332180862375, "target": "631.xyz", "model": "7.xyz", "model_rescale": 3.7474275329858107, "target_rescale": 4.327322380912324},
{"mapping": [3, 2, 4, 8, 13, 1, 0, 12, 6, 9, 11, 5, 7, 10, 14], "R": [[-0.9683644493959812, -0.0037250963194666448, -0.2495123580174514], [-0.20518513103207425, -0.5571726642123422, 0.8046475528191652], [-0.14201885490796165, 0.8303883103174872, 0.5387818658220598]], "T": [0.02300851502201171, -0.01610519648842515, 0.1066903037427868], "aligned_model": [[0.3353551418655057, -0.33712479506103, -0.7102759476770957, -0.32264891397923184, -0.7561280415942687, 0.05239955389221454, 0.5600153103733123, -0.09818381251828275, 0.7818543986540033, -0.16768990907980888, -0.0601614133617093, 0.26180163813669366, 0.38499136641000103, 0.5914087986429644, -0.024235413269369312], [0.06233527722351165, -0.3910991921066369, -0.012870260980720236, 0.3291635616386508, -0.2703781456856055, -0.7345076198995654, -0.3571303111119719, -0.33582517507212606, 0.21371132460740705, 0.709228915846941, 0.28562451206260686, 0.5710123520888465, 0.5151267519108514, -0.014195617865530613, -0.04959302913478406], [-0.5339509482601968, -0.5553315977595475, -0.16627357262525572, -0.3692516489091742, 0.47601850757139, -0.11202399602058845, -0.0651782814305505, 0.6202408600068798, -0.08895066825422417, 0.24035023272730766, 0.6438326513381174, -0.22691469101544387, 0.33172066663843347, 0.6088663991290226, 0.09190330910466304]], "inverted": false, "swapped": false, "error_lsq": 0.04756868509171349, "error_max": 0.28760046065812706, "target": "631.xyz", "model": "8.xyz", "model_rescale": 4.019505241142653, "target_rescale": 4.327322380912324},
{"mapping": [6, 5, 1, 0, 8, 3, 2, 13, 12, 10, 4, 9, 14], "R": [[-0.04085098999159959, 0.8344081128624414, -0.5496310560785713], [-0.9991567211374428, -0.03184172474099116, 0.0259220209743255], [0.0041283438060134015, 0.5502265040461594, 0.8350052401168278]], "T": [0.04126333963685348, -0.06679241210527692, -0.009846327994400755], "aligned_model": [[-0.2415028527852226, -0.6471405434868188, 0.14240671204372451, 0.24538374634030002, 0.2529475192284985, 0.5748611969923368, 0.1579445629124459, -0.3257404107840553, 0.1660080245761129, -0.07667440608482247, -0.4604304980121985, 0.502147772541923, 0.029489948258952344], [-0.5584622297074152, 0.07662966272441055, 0.18017662223674386, -0.4152149143287031, -0.8216245915064677, 0.10270819652944621, 0.6742623570847832, -0.6874994831515207, -0.32243207545943203, 0.25867628098889756, 0.5170935396488678, 0.19163033297699278, -0.13256546992254448], [-0.32639235076199247, -0.3642853001316105, -0.5895985246231729, -0.6777136506126726, 0.04180926606305367, -0.09707588363566481, -0.1467032140783074, 0.35057782405944526, 0.6114003713145932, 0.5959602127400937, 0.18577913158626672, 0.5420243119325542, 0.05092130019129268]], "inverted": false, "swapped": true, "error_lsq": 0.05187297598036111, "error_max": 0.2984442408435173, "target": "631.xyz", "model": "9.xyz", "model_rescale": 3.877068213659057, "target_rescale": 4.327322380912324},
{"mapping": [2, 7, 1, 4, 0, 8, 9, 11, 14, 3, 12, 13, 6, 10, 15], "R": [[-0.1481276454159864, 0.5907871222494511, 0.7931133442628032], [0.5528936700433628, -0.6154563222885208, 0.5617135435264753], [0.8199797499264826, 0.5217126522706734, -0.23547636435787483]], "T": [0.0259445050827479, 0.10393131395635856, 0.06388964125104657], "aligned_model": [[0.3155586037705803, -0.32604169992180776, -0.7816019291684261, -0.2940740739269173, -0.4949176984278836, -0.06529978807880646, 0.48620154742689115, 0.07516171905137956, 0.802338497541515, -0.2558315854376073, -0.2429961315224565, 0.5032262520939634, 0.23876120812704701, 0.5626473768709117, -0.03175433696448495], [-0.00041015428757688877, -0.24268911653967906, -0.15027542859364296, 0.3644853908149711, -0.30341697858908445, -0.6502004024749239, -0.3480294939821235, -0.38658453515816094, 0.1177410088597917, 0.6725095630776268, 0.23164212840531306, 0.632797280272472, 0.5481872315925028, -0.025883463664355996, 0.060730313788745514], [-0.5239809991073907, -0.5859153741697647, -0.12625319656769926, -0.4725713189929974, 0.5072134158764907, -0.07132414889608923, -0.07589657752558743, 0.6130955624503104, -0.017000453564050583, 0.07296445064201945, 0.7491312756900976, -0.2363459655748541, 0.43490218238068246, 0.5092085498833887, 0.1178298197162778]], "inverted": false, "swapped": false, "error_lsq": 0.04001291439529096, "error_max": 0.242748966480309, "target": "631.xyz", "model": "10.xyz", "model_rescale": 4.260839863003843, "target_rescale": 4.327322380912324},
{"mapping": [5, 1, 3, 2, 9, 10, 7, 6, 8, 11, 12, 14], "R": [[-0.7173010941576492, 0.6960853207717143, 0.03073054712138107], [-0.13698495919937467, -0.09764155420249127, -0.9857490795562875], [-0.6831648858609357, -0.7112885160742173, 0.1653916129298973]], "T": [0.058650516252389734, -0.047646091635542995, -0.10278077695992571], "aligned_model": [[0.5111049118872295, 0.06213205436232846, -0.34036562599965503, -0.4703214288459041, -0.6183450078312541, -0.34347053674549655, 0.26256559384207645, 0.6966919955780763, 0.43697213214239516, -0.2351401204260176, -0.0896404046943978, 0.08671508582474974], [-0.05429859568479602, -0.6317029459617992, -0.39219087509572514, -0.306883937134371, 0.19225691111108856, 0.5015938933008212, 0.6086113102110149, -0.13737577071753304, -0.014579497717306655, -0.07959874388121886, 0.4685639497280063, 0.018682807374752766], [-0.7472476472321467, -0.36007781349252777, 0.10492366567900535, -0.58702338850197, 0.1577601766871593, -0.25599580406239075, -0.33409079083480636, -0.020628668042918005, 0.5849905997804777, 0.7022580390527828, 0.3195903054580553, -0.04828059709521615]], "inverted": true, "swapped": true, "error_lsq": 0.051857570599580044, "error_max": 0.37015715433360613, "target": "631.xyz", "model": "11.xyz", "model_rescale": 3.890672605050136, "target_rescale": 4.327322380912324},
{"mapping": [7, 13, 12, 4, 10, 1, 6, 2, 5, 0, 11, 8, 3, 14], "R": [[-0.4623464938085211, 0.32968002380662, 0.8231323110933224], [0.5759410759045623, 0.817481831494026, -0.003915643378604727], [-0.674186618636756, 0.4722653248757945, -0.5678361261588575]], "T": [0.07544310177774118, -0.02686656681802375, 0.16665689289699692], "aligned_model": [[0.5182227746269708, 0.15254385159948058, 0.4733152619721818, 0.600562683931157, 0.7731290458425335, -0.3263512859530484, -0.386599108918111, 0.2886947060891227, -0.054905111440146245, -0.7005453416457142, 0.04770088785330888, -0.2702032769889068, -0.004574494026047746, 0.09888524185091231], [-0.18267053174579678, 0.2658468012954484, 0.4882292318343476, -0.6217949540858577, -0.02863864702349876, -0.36886620945176307, -0.06001888954769777, -0.457015915503733, -0.7271125127206624, 0.017798774409992977, 0.7993324541021745, 0.5902869834915794, 0.1845743243380671, 0.03220161043516462], [-0.38600099828878387, -0.5805036981128247, -0.041271935444879754, 0.13203796326391629, 0.15817573535805834, 0.5257304363779756, -0.288661932411925, 0.7591109224696615, -0.16914325804952712, 0.2370634556304546, 0.39479490566483366, -0.1752498012932795, 0.6862298511888776, 0.102478789004304]], "inverted": false, "swapped": true, "error_lsq": 0.03902830711622724, "error_max": 0.23791926738590963, "target": "631.xyz", "model": "12.xyz", "model_rescale": 4.124412569039231, "target_rescale": 4.327322380912324},
{"mapping": [6, 0, 11, 5, 8, 13, 1, 7, 3, 4, 12, 9, 14], "R": [[-0.39936014987315727, -0.8510668185665982, -0.3408764307314578], [0.5048566637347756, -0.5145114042724108, 0.6931073249910316], [-0.765265457064332, 0.1047057076216994, 0.6351421061585809]], "T": [0.025466042373879713, 0.17759702044003361, -0.06964291453590934], "aligned_model": [[-0.15143188296177318, -0.2297089440465213, 0.7648747114520925, -0.6504817097885492, 0.4866356922135646, 0.3705659799003882, -0.4638239693317563, 0.08180053098536179, 0.15916507012012415, -0.3246613782514879, 0.6640890990940272, 0.5674727460021868, 0.09280236212210027], [-0.1942285381509885, 0.3822589251713831, 0.5146295588080478, -0.22144187681855104, -0.01672889543623418, -0.5264361353018807, 0.5503438426405384, -0.4571150933969999, 0.7266083025514585, -0.023025857644634662, -0.023891994371674746, 0.5177098182538171, 0.11880332020419632], [0.4327017795121071, 0.6389538482049294, 0.20441053580868954, -0.1325665002498298, 0.5360055840438857, 0.11775489491989613, 0.10062565621652123, -0.4156579673977856, -0.027484793451650974, -0.7537847725904177, -0.20537464862327318, -0.4871474017797317, -0.05673813364550108]], "inverted": true, "swapped": true, "error_lsq": 0.042763724816924725, "error_max": 0.25870362810687697, "target": "631.xyz", "model": "13.xyz", "model_rescale": 3.9028299243045295, "target_rescale": 4.327322380912324},
{"mapping": [13, 5, 4, 10, 0, 8, 12, 2, 11, 7, 3, 9, 6, 1, 15], "R": [[-0.05545284982794263, -0.9784268902268458, 0.19901206477744962], [0.7904550561130472, -0.1647924147495996, -0.5899358137173192], [0.6100047423678601, 0.1245964707446406, 0.7825406914446691]], "T": [0.04743482481345769, 0.004121359375754013, 0.069102233897053], "aligned_model": [[0.17731240201618648, -0.15952891051266643, -0.6119640491249199, -0.22347324877382585, -0.5931597113779413, -0.07672922564651048, 0.5120058720078604, 0.13136806112739308, 0.7509583633938389, -0.2759743856717367, -0.3447674787760953, 0.3356013564530562, 0.21783982188405243, 0.5909894586795204, 0.060899635755686056], [-0.20197142798805193, -0.30282435724284246, 0.0766587913775131, 0.39495827494124636, -0.3817628273738299, -0.7581423172101192, -0.42569785041371966, -0.4263222378631873, 0.18866238025876128, 0.8460898738854643, 0.20605848891424633, 0.7224478889180761, 0.4313250141488018, 0.034050436359367484, 0.11707321281014839], [-0.6880694307416868, -0.28452493271279194, -0.06980320116615252, -0.5046642021598615, 0.4268010511484768, 0.07577572539593508, -0.22015453433064908, 0.6605608469830859, -0.060728157817378114, -0.015298352503902934, 0.5096566505256386, 0.02652872732136763, 0.5516656355047156, 0.4238575948099582, 0.06345380198407835]], "inverted": true, "swapped": false, "error_lsq": 0.040842099113694956, "error_max": 0.283299503986747, "target": "631.xyz", "model": "14.xyz", "model_rescale": 3.942246331269136, "target_rescale": 4.327322380912324},
{"mapping": [5, 1, 12, 0, 13, 3, 5, 4, 9, 8, 11, 7, 6, 10, 14], "R": [[0.6547845971494421, 0.582074565048516, -0.4821268837758628], [-0.5951170873912406, 0.790287653353781, 0.1458803525206215], [0.4659321663405626, 0.19140173896847293, 0.8638707025296293]], "T": [0.053152332877630035, 0.0286429871511266, 0.11206847606788317], "aligned_model": [[0.3364245195269715, -0.2500416159490793, -0.6788291209410284, -0.1708412381468482, -0.6180971934101258, -0.05867489342476878, 0.3364245195269715, 0.027942462844719476, 0.8224669370378761, -0.311822237476761, -0.10689393110709923, 0.3537072640685026, 0.2482534851631003, 0.5478813140045332, 0.013477689716933777], [-0.2488788082158416, -0.35244051581956787, -0.26964107032568324, 0.43902833983297657, -0.15746413686219127, -0.6561906721519429, -0.2488788082158416, -0.3947672674520455, 0.26073948057822954, 0.7085257641621845, 0.27835510406134234, 0.7688460375270195, 0.4946726421626281, -0.15119519104235976, 0.04989244528296792], [-0.38342933377219024, -0.5356121774482383, -0.09603253422145502, -0.4554949347613856, 0.5312558546413217, -0.07513585359285468, -0.38342933377219024, 0.5167315404466395, 0.06258551236350796, 0.17032565421917362, 0.7648625298929003, -0.19247328737370484, 0.3519461331457438, 0.5936304979719638, 0.0253269545016018]], "inverted": false, "swapped": false, "error_lsq": 0.051750110958420074, "error_max": 0.34201472582640874, "target": "631.xyz", "model": "15.xyz", "model_rescale": 4.355366556412066, "target_rescale": 4.327322380912324},
{"mapping": [7, 10, 4, 6, 5, 13, 1, 8, 2, 12, 3, 14], "R": [[0.6437948867282525, -0.7647824374073673, -0.025218391221546732], [-0.3418847535832634, -0.31697074398440195, 0.8846718955213204], [-0.6845750207901746, -0.5609254593002719, -0.46553159937743327]], "T": [0.015983493354285158, 0.1298369201059769, -0.07512633044189204], "aligned_model": [[-0.2025814273698896, 0.40697314822812514, 0.13725980222116968, -0.6116223000150933, -0.498691042898868, -0.44904353840269645, -0.01983316764499228, -0.2912708860157858, 0.49090914832599997, 0.21161089782504716, 0.42983455642417273, -0.0057366360454081215], [-0.5208782085285611, -0.41998410711258316, -0.5686426734658331, 0.2838765394505699, -0.2315707739628328, -0.11090489096037245, 0.43817116881687146, 0.5394975778805671, 0.015222833633338734, -0.032180667052516265, 0.5085722488968614, 0.11159738014547102], [0.1584516129957781, 0.10281937660662965, -0.433326199367618, -0.009704029587022545, -0.5490370638277822, 0.5377911439323819, -0.632785234314414, 0.5207117374725125, -0.6606310012214989, 0.5591768741646379, -0.15483187228724457, 0.010623116643061398]], "inverted": true, "swapped": true, "error_lsq": 0.04126810692775382, "error_max": 0.16892963034418285, "target": "631.xyz", "model": "16.xyz", "model_rescale": 3.795458400668931, "target_rescale": 4.327322380912324},
{"mapping": [6, 5, 7, 0, 12, 4, 1, 8, 3, 2, 10, 9, 14], "R": [[-0.6518279259572116, -0.207248094378171, -0.7294988569689036], [0.7287946026127768, 0.09481691718239121, -0.678135811927458], [0.20971118745742903, -0.9736826893771114, 0.08923697811193954]], "T": [-0.07043474689125344, 0.01658885939174866, -0.022091143334324426], "aligned_model": [[0.08596559545218176, -0.24404524706534764, 0.4255191333074277, -0.3845621422160565, 0.5120819257847218, -0.17376401862975877, -0.6748151786373833, 0.3954669242349551, -0.37793910563685995, -0.6729967065422621, 0.19136523873377953, 0.047656385223115424, 0.01869899689570946], [-0.39399225206713845, 0.23339151352253695, 0.44300486509049203, -0.6717802349998965, 0.09001971987601452, 0.7655166895723309, -0.1374681250658028, -0.6115584635985118, -0.1262878948634028, 0.45228365364146556, 0.6196784159010463, 0.29760838989588373, 0.003364988565467901], [-0.5004836573600149, -0.7589444436655584, -0.335074525745278, -0.2133556473662906, 0.32739786949124583, -0.2656460624183359, -0.15746852129592864, 0.05285340155283623, 0.43188399643132735, 0.14701124316048156, 0.211542118859197, 0.6785089472128096, -0.015949688020195953]], "inverted": true, "swapped": true, "error_lsq": 0.0493623354692189, "error_max": 0.33489332180862375, "target": "631.xyz", "model": "17.xyz", "model_rescale": 3.7474275329858107, "target_rescale": 4.327322380912324},
{"mapping": [7, 12, 10, 8, 5, 1, 4, 9, 6, 2, 0, 11, 3, 14], "R": [[-0.5627220129864952, -0.1363604660855878, 0.8153218747153471], [-0.22160712056628934, 0.9750834102568755, 0.010130506213429327], [-0.7963882346034156, -0.17498047414138385, -0.5789193496977897]], "T": [0.005933134417136273, -0.09067950676832198, 0.039434613663687536], "aligned_model": [[0.5485313901031807, 0.1633489640360185, 0.6263492360024077, -0.5206092460329195, 0.247334819061645, -0.2532742608673598, 0.7375186280483021, 0.2424591906804464, -0.3216634879504813, 0.29600156380823706, -0.7118692461044478, -0.4149200381206076, -0.23465145028116918, 0.010291585499624323], [-0.3374718651112242, 0.3005119580328512, 0.20459449675366553, -0.03350514258784901, -0.8186711151450259, -0.2763746968545362, -0.28287374031127444, 0.6354257663149065, -0.5876779694863363, 0.07147312661948718, -0.3536740889931478, 0.5882493838674168, 0.33017902546338906, -0.07977689705108902], [-0.3734093322233875, -0.4981989323087081, -0.08196501806914272, -0.5408535259849833, 0.21790093430088212, 0.5923045059622495, 0.28178327557108157, 0.015257434491465223, -0.22050825451514552, 0.7257824233265319, 0.19660882703104907, -0.2725903438278913, 0.3328000487997827, -0.05011732389212863]], "inverted": false, "swapped": true, "error_lsq": 0.0421851032825274, "error_max": 0.28507658855437074, "target": "631.xyz", "model": "18.xyz", "model_rescale": 3.922800546911778, "target_rescale": 4.327322380912324},
{"mapping": [13, 12, 3, 7, 0, 5, 8, 1, 4, 9, 2, 11, 10, 6, 14], "R": [[0.0009030201959938748, 0.9722020251972836, -0.23414185178396935], [-0.9942068077925779, -0.02429281654768979, -0.10470282901179248], [-0.10748026746067385, 0.2328799718019584, 0.9665479350969105]], "T": [0.08023046431720968, -0.0387017944951315, 0.059263204574923234], "aligned_model": [[0.38567945952633254, -0.27554388282235653, -0.54815159567874, -0.31505982080919603, -0.6228826163471943, -0.21556292505448624, 0.4765630221172339, 0.10923691330193541, 0.7339908878271918, -0.32344519152564, -0.22755069553338156, 0.2669940263623728, 0.3826989888557064, 0.6398672509822919, 0.024544140231828222], [0.0665005702766148, -0.3420657623872094, -0.005096050524639406, 0.39099377741992847, -0.34355546000203874, -0.7411268507317681, -0.48748021875004094, -0.36652538554505754, 0.26629170559358645, 0.6503927414429593, 0.32085435591754563, 0.582870435327894, 0.6023164398430405, -0.09304828280908416, 0.019281328450143798], [-0.5469109623048234, -0.5731994120821431, -0.055435898440496054, -0.4860058345424008, 0.392638179794258, 0.018778252300316087, -0.06686801111964574, 0.7223418899541723, 0.0005826060107706754, 0.21718049727935168, 0.5969611635902308, -0.23401302660285123, 0.44424250554159006, 0.45878904620751954, 0.005976226654984082]], "inverted": true, "swapped": false, "error_lsq": 0.039562298171160866, "error_max": 0.28909401494310727, "target": "631.xyz", "model": "19.xyz", "model_rescale": 3.9282355846067225, "target_rescale": 4.327322380912324},
{"mapping": [7, 13, 8, 10, 4, 12, 9, 3, 2, 1, 6, 5, 0, 14], "R": [[-0.48282555411617917, -0.5299853793879304, 0.6971334032503651], [0.8749490742106573, -0.2586294194691752, 0.4093591832644667], [-0.036655174673139335, 0.8076053002674444, 0.5885831098066039]], "T": [0.023121937767053062, -0.060323961594633824, 0.05858651200001951], "aligned_model": [[-0.5408937633591322, -0.05541251982057178, 0.5692897421259736, -0.4150607756479996, -0.7395970371142568, 0.07665095079847295, 0.10152478809075483, 0.39049621977153604, -0.22678397410044904, 0.14409785450717671, 0.14100459535882834, -0.5034461664790529, 0.5605194552762629, 0.030133449677133557], [-0.46929703150252133, -0.8393583020567124, -0.6155969107492543, 0.03881412401952675, 0.16029716842813432, -0.34573341994088397, 0.2682539024834292, 0.3566608589789622, 0.656950494322732, 0.31688544493046217, -0.5513325490764098, -0.1937036395511389, -0.12542024676265445, -0.1345378060988353], [-0.1423781013995925, -0.13327913267297853, -0.04448042142314005, -0.47527517092170557, 0.03679398643494524, -0.5599087758988639, -0.6267218559501226, -0.05198437662882891, 0.12619476722913014, 0.5590005269910299, 0.4671346238620504, 0.6287028825041175, 0.6207933448844792, 0.0075908602331625705]], "inverted": true, "swapped": true, "error_lsq": 0.049753696808023426, "error_max": 0.33516863436696887, "target": "631.xyz", "model": "20.xyz", "model_rescale": 4.067790424073018, "target_rescale": 4.327322380912324},
{"mapping": [12, 3, 6, 11, 4, 2, 0, 8, 9, 13, 5, 10, 1, 7, 14], "R": [[-0.8042312278075218, -0.4961226637045842, 0.3272223017733882], [-0.08874300530735252, -0.4441669535187994, -0.8915382192653595], [0.5876536490384667, -0.7460415671800714, 0.3131855182017166]], "T": [-0.02007400383730932, 0.00906654016641796, 0.07067121483222547], "aligned_model": [[0.4050462935351937, -0.17300114040292447, -0.7349567867530459, -0.19552394340318974, -0.506052340565833, -0.30376135720999964, 0.3343979272721574, 0.12342509217544137, 0.6700187951131047, -0.22516401859575838, -0.26030640799685667, 0.26903722607197805, 0.43315452087843964, 0.6388606747855291, 0.016203426529661814], [0.08421432149706297, -0.3854658099041244, -0.09494198115774814, 0.3129155870595529, -0.3842037988793475, -0.6733913846925154, -0.6050193034309177, -0.1634802378138317, 0.3507736902963618, 0.6772843602087432, 0.21700515761521078, 0.7488335553769404, 0.48874687134830996, -0.12360349266598673, 0.07093580866416435], [-0.5622896138299307, -0.6673684401325175, -0.0895840093509003, -0.47239906550689437, 0.5723045384797728, -0.015900130730662487, 0.029364359834137294, 0.5948882648956618, -0.03448605717378464, 0.10999723549869625, 0.568181058175143, -0.13044139417208944, 0.558314307206182, 0.39450405582469095, 0.03997211322332856]], "inverted": true, "swapped": false, "error_lsq": 0.04531931842272731, "error_max": 0.3083224290860572, "target": "631.xyz", "model": "21.xyz", "model_rescale": 4.186013935880536, "target_rescale": 4.327322380912324},
{"mapping": [7, 5, 4, 12, 8, 10, 13, 6, 2, 1, 0, 3, 14], "R": [[0.5663367910355591, -0.6874622035810881, -0.454596917903081], [0.7375317083237075, 0.1765532222186408, 0.6518250830869654], [-0.367844557301939, -0.70443216733171, 0.6070137587334332]], "T": [0.043402085243962774, 0.016728943983020758, 0.08534600058877709], "aligned_model": [[0.14113494121292108, -0.3834803006565925, 0.34165912128334686, 0.41396306108256636, -0.26363892822869217, 0.6410644497566831, -0.1565660811666648, -0.5670908526832374, 0.39232518796658006, -0.22226768465421604, -0.5840079752612963, 0.25680406678726997, 0.0486750299845576], [-0.4406299230341287, 0.18326821095443718, 0.19339720499546698, -0.5390719493035009, -0.513262208867899, -0.16595339295030603, -0.7544343711077238, -0.2042083509361316, 0.6707927110867512, 0.5939522242981171, 0.24352775006880278, 0.32457799910834956, -0.07299924476614243], [-0.4687574324366286, -0.5550701797052234, -0.6293006938210298, 0.2289783977357546, 0.5773676518316936, -0.22492421819587896, -0.0379198265255464, 0.06579099860456987, -0.09342688052439554, 0.145088391117448, 0.4903510112300824, 0.5104985362875649, 0.09420380573693447]], "inverted": true, "swapped": true, "error_lsq": 0.04222577190529117, "error_max": 0.23049780974676395, "target": "631.xyz", "model": "22.xyz", "model_rescale": 4.166573947596378, "target_rescale": 4.327322380912324},
{"mapping": [14, 10, 8, 9, 0, 5, 13, 1, 12, 3, 4, 11, 2, 6, 15], "R": [[0.6618312900887032, 0.7388839824038014, -0.126608862275205], [0.7140602504120643, -0.6727747894413932, -0.19362861739306195], [-0.22824833458534297, 0.03774312174672267, -0.9728710883358748]], "T": [0.018674392458878565, 0.08586510985073176, 0.01682769641411766], "aligned_model": [[0.3932240146646347, -0.13203186266667005, -0.7774012451003273, -0.15093246993412499, -0.48565269499364916, 0.16000757562477305, 0.27279979291565826, 0.0618308926055224, 0.6328118544584022, -0.17370422223578802, -0.4907032515168961, 0.35252944021542576, 0.18768595738076907, 0.6129255254584954, 0.02798865455767279], [-0.06934634133201786, -0.3997936183573763, 0.18709704140975367, 0.43125695511914947, -0.3482117029636051, -0.7048410308469371, -0.6364710244333014, -0.20403980633120894, 0.2442146478778412, 0.6332232202462567, 0.26370987703678045, 0.7896370092873872, 0.3646284861268488, -0.07287531638391875, 0.04241494706622284], [-0.6625836290342562, -0.5330490693119808, -0.08364526282725984, -0.4440271090651918, 0.49010063275911087, 0.2310021850922499, -0.34437021172769955, 0.6665905123214116, -0.14792046534983577, 0.17435934278546003, 0.5155853208839827, -0.10702402168942488, 0.6055001946326816, 0.4649065956878694, 0.06963220708371598]], "inverted": false, "swapped": false, "error_lsq": 0.04671369652395744, "error_max": 0.4005993146482802, "target": "631.xyz", "model": "23.xyz", "model_rescale": 4.274766983524099, "target_rescale": 4.327322380912324},
{"mapping": [12, 3, 0, 6, 1, 5, 7, 4, 10, 2, 14], "R": [[-0.3367650095013691, 0.8033056985337346, 0.4912120551032636], [-0.4668030227559447, 0.31062566930534874, -0.8280136662607189], [-0.8177311699583524, -0.5081453023219176, 0.27037767179763816]], "T": [-0.02680532109589967, 0.10653073377247771, -0.09671123297737386], "aligned_model": [[0.47065275739742823, 0.1747781335965798, -0.6232542980073195, -0.5723176419879812, -0.39823662583784963, -0.5669746068162702, 0.08564522832937316, 0.12086446449831972, 0.5450997564218172, 0.1449046650301548, -0.0012671286661773556], [-0.23774824593275465, 0.6171615368236091, 0.4535411081935329, -0.14937565332197814, 0.5910176975917647, -0.15075876937882157, -0.5673746899741696, -0.10956547997809277, -0.15484181666821792, 0.5859946434276339, 0.03753620046097739], [-0.4143081151686049, -0.2370195322646166, -0.46132412234799447, -0.33925100795660545, 0.08942705687297689, 0.41526145882404175, 0.14611753929725968, 0.653212024864553, 0.2056953129713139, 0.4708594904358303, -0.1491036715065766]], "inverted": false, "swapped": true, "error_lsq": 0.04760915917787777, "error_max": 0.2619662568773184, "target": "631.xyz", "model": "24.xyz", "model_rescale": 3.7841303162186577, "target_rescale": 4.327322380912324},
{"mapping": [0, 8, 2, 9, 5, 4, 6, 3, 7, 14, 12, 10, 13, 11, 15], "R": [[0.9170997448405921, 0.33024541424677856, -0.22330701821101462], [-0.31946129162722525, 0.9438784948980806, 0.08389201404662461], [0.23847964518001485, -0.005599396209207783, 0.9711313534207958]], "T": [0.07249291675721961, 0.03767796750950771, -0.06262909298853128], "aligned_model": [[0.39884802007607867, -0.2204770226058471, -0.6555234592354409, -0.3501653672228311, -0.5398905177399979, -0.14969817205159022, 0.4854280645941419, 0.09898308478456108, 0.6876302454908771, -0.13724758724482608, -0.4502491707793421, 0.3918111267724581, 0.14029033476878883, 0.6850880934166941, 0.10655028841017333], [-0.08790138491688913, -0.10528364200569519, -0.14618697270020092, 0.4362882689345597, -0.3214448086280736, -0.6652362035244437, -0.5016162502806841, -0.3598481337442386, 0.07364157153784238, 0.7516634127080439, 0.25615794775523454, 0.7058781346163867, 0.3264818700074749, 0.16881880141018313, -0.010809267647625853], [-0.7099714461012384, -0.5557704281788463, -0.13319018691014725, -0.1305298375131068, 0.4524981789126099, 0.05246708884198656, 0.18368932406953867, 0.6375659922934427, -0.2702784274058908, 0.21220297816797948, 0.44153270105964937, -0.30095559740673805, 0.6612464579758246, 0.3811690597566876, -0.026618635320917634]], "inverted": false, "swapped": false, "error_lsq": 0.05145705630273783, "error_max": 0.32399138922845255, "target": "631.xyz", "model": "25.xyz", "model_rescale": 4.19342608120988, "target_rescale": 4.327322380912324},
{"mapping": [7, 10, 4, 6, 5, 13, 1, 8, 2, 12, 3, 14], "R": [[0.6437948867282525, -0.7647824374073673, -0.025218391221546732], [-0.3418847535832634, -0.31697074398440195, 0.8846718955213204], [-0.6845750207901746, -0.5609254593002719, -0.46553159937743327]], "T": [0.015983493354285158, 0.1298369201059769, -0.07512633044189204], "aligned_model": [[-0.2025814273698896, 0.40697314822812514, 0.13725980222116968, -0.6116223000150933, -0.498691042898868, -0.44904353840269645, -0.01983316764499228, -0.2912708860157858, 0.49090914832599997, 0.21161089782504716, 0.42983455642417273, -0.0057366360454081215], [-0.5208782085285611, -0.41998410711258316, -0.5686426734658331, 0.2838765394505699, -0.2315707739628328, -0.11090489096037245, 0.43817116881687146, 0.5394975778805671, 0.015222833633338734, -0.032180667052516265, 0.5085722488968614, 0.11159738014547102], [0.1584516129957781, 0.10281937660662965, -0.433326199367618, -0.009704029587022545, -0.5490370638277822, 0.5377911439323819, -0.632785234314414, 0.5207117374725125, -0.6606310012214989, 0.5591768741646379, -0.15483187228724457, 0.010623116643061398]], "inverted": true, "swapped": true, "error_lsq": 0.04126810692775382, "error_max": 0.16892963034418285, "target": "631.xyz", "model": "26.xyz", "model_rescale": 3.795458400668931, "target_rescale": 4.327322380912324},
