[{"mapping": [2, 3, 1, 8, 5, 12, 9, 11, 14, 4, 6, 13, 10, 15], "R": [[-0.8889592810609453, -0.41963491336869424, -0.183460993395479], [0.4564331012197424, -0.8447187073367944, -0.2794979956747162], [-0.03768581598606993, -0.33220000746132405, 0.9424557996617988]], "T": [0.008182949826948685, 0.110407265785878, 0.060784062483970336], "aligned_model": [[0.30994159209370165, 0.20699153603598136, -0.6692583731407081, -0.32612621999316377, -0.592224469033975, -0.17096519369738994, -0.7614192996198267, -0.06219875971337861, -0.3669574725282804, 0.16401116640602287, 0.745306140006125, 0.25794461291815096, 0.6379792868295676, -0.0015324454345239415], [-0.6718584725775801, -0.32764819106658233, -0.3598134085901052, -0.21100640526835224, 0.12753033950822987, 0.3020754643811704, 0.12534612300152273, 0.6508630412383966, 0.6118543176315375, 0.0784946280344386, 0.32625178253523, 0.7010620424254929, -0.18623674798301165, 0.06835881853964727], [0.3258211570889655, -0.27982533458454645, 0.18724476987517275, -0.240380731158917, 0.5772993716966694, -0.6047141022451978, 0.023838827004263638, 0.6594360075666534, -0.0872460613137798, 0.7144943088951292, 0.50576134307289, -0.016583681595275873, -0.016313471399534374, 0.14875568427734093]], "inverted": true, "swapped": true, "error_lsq": 0.04693594745651814, "error_max": 0.2558902118843067, "target": "632.xyz", "model": "0.xyz", "model_rescale": 3.8414455957264533, "target_rescale": 4.102366200691127},
{"mapping": [2, 1, 7, 8, 3, 12, 13, 10, 11, 6, 14, 0, 5, 4, 15], "R": [[0.47458596067163916, -0.8425047647389668, -0.254860525239817], [0.2192199560818967, -0.16728705991933593, 0.9612271586045599], [-0.8524733290777069, -0.5120554276400969, 0.10530176748511288]], "T": [0.04376321834824868, -0.035769294079558256, -0.09239799266597404], "aligned_model": [[-0.738870273350725, -0.40885585882657893, 0.09807662673574227, -0.2768481259297304, -0.4058028994524625, 0.2247003662718232, 0.6270619266525945, -0.26801681733386573, 0.5985345692396445, 0.2532950050478692, 0.5498450138892059, -0.49278916576971465, 0.08509886690069399, 0.02275284228449096, 0.00386207714555694], [0.14738271056631763, 0.3015365266619179, -0.7421218395267817, -0.213439731918678, -0.4083382281364493, -0.6214417025474173, -0.2008226428956632, -0.29074977131256513, 0.5413179045685375, 0.16061056033655227, -0.07763356327145335, 0.5204011081354847, 0.6368570333083658, 0.5413265326569481, 0.05215963141789917], [0.2642289636650453, -0.7067165529097478, 0.18631599927973064, -0.506416329620577, -0.011683101218735614, -0.4611365740479769, 0.1306708986574441, 0.4806319300412428, 0.028553629876721734, 0.7475279661500215, -0.4876460148345986, -0.1673596955585418, -0.5088538976444119, 0.2527931234630118, -0.07572855795909328]], "inverted": true, "swapped": true, "error_lsq": 0.04361619090913304, "error_max": 0.28035900727126534, "target": "632.xyz", "model": "1.xyz", "model_rescale": 4.316132596720782, "target_rescale": 4.102366200691127},
{"mapping": [4, 11, 6, 8, 10, 0, 7, 9, 13, 5, 14, 15], "R": [[0.5437936127696541, -0.8369754124737179, -0.06132426620333159], [0.5757867502611973, 0.4252597224114893, -0.6983006420719894], [0.6105392083515826, 0.34442172900232737, 0.7131728736123313]], "T": [-0.11882136630347162, 0.09612265903782084, -0.11258003515408835], "aligned_model": [[-0.03811536479159647, 0.5347881703603936, 0.09079769858831613, -0.4510784283666717, -0.49882983885049514, -0.5295355847268446, -0.21867614432558374, -0.018603124842912433, 0.40984463915112324, 0.07361526464712875, 0.3845609514808457, -0.14095968369192274], [-0.5313880894844473, -0.3024812164125124, -0.6623327440417176, 0.49961012986253633, -0.22393678967770975, -0.23779790992420735, 0.31839334217472637, 0.5605989245993925, 0.07756513643745329, 0.011254651529551948, 0.47809139550053564, 0.02519959717737838], [0.11623154148135043, 0.15074430034702754, -0.523371323187738, 0.06789907026517517, -0.606280994053441, 0.45543767452776673, -0.8338221032704434, 0.4941273449243365, -0.4832653388455177, 0.6511842591789124, 0.009069158629948199, -0.04869512878795536]], "inverted": true, "swapped": true, "error_lsq": 0.045127372942452865, "error_max": 0.22362018965647165, "target": "632.xyz", "model": "2.xyz", "model_rescale": 3.795458400668931, "target_rescale": 4.102366200691127},
{"mapping": [1, 5, 0, 6, 3, 10, 4, 14, 11, 13, 2, 15], "R": [[-0.3233224635785502, 0.4940571101617575, 0.8070750624595648], [0.7918515070063539, -0.325708997444885, 0.5166089815665371], [0.5181059499728446, 0.806114893102752, -0.2859108317652118]], "T": [0.22610277261988235, 0.07914122603611286, -0.057455923715576014], "aligned_model": [[-0.268623245004176, -0.11556969970752415, -0.5279416040810867, 0.1759740677930801, 0.10066325187893946, 0.08134438627934629, -0.1864400769512032, 0.6870981794518758, 0.284149608324222, 0.7570789584147546, -0.5330859568279243, 0.13865595617326082], [-0.20939299181309562, -0.618724579488258, -0.07968287911682288, 0.20938246449818537, 0.6188801834540156, 0.685658027201185, -0.17149383540889207, -0.3323340716978032, -0.5718304621041723, -0.0024812919282558715, 0.5141092300833011, 0.04367925161032219], [-0.6641030301989437, -0.21177239095587622, -0.15245705892607384, 0.8191674651506181, -0.25840114779852996, 0.2615542739683292, 0.41118935689187314, -0.23707695276209495, 0.4203480190408464, 0.30121074050215413, 0.030167895256710132, -0.0310557395299121]], "inverted": false, "swapped": true, "error_lsq": 0.05241362198254517, "error_max": 0.32506557911172346, "target": "632.xyz", "model": "3.xyz", "model_rescale": 3.7530521520055578, "target_rescale": 4.102366200691127},
{"mapping": [2, 5, 8, 14, 3, 11, 10, 4, 6, 13, 15], "R": [[0.41640534329693146, 0.09632045375237175, -0.9040624758625381], [0.5309776262174982, -0.8329358609256969, 0.15582237336274674], [-0.7380171749561087, -0.5449222162592618, -0.3979829490027165]], "T": [0.0937396553613716, -0.09199317010672058, -0.04293129448962344], "aligned_model": [[-0.5012664048248938, -0.21786059277428196, 0.33036791376349145, 0.4999470297649764, 0.1932371250968719, -0.23235014911558158, -0.09822292725898066, -0.5440904499988661, -0.4090109056107445, 0.3156778409972548, 0.0017711224059593633], [-0.7365435552197203, 0.22260379061374697, -0.45306494913634154, 0.3574503570017683, -0.6547814789640396, 0.6479312220745939, -0.48594426485480124, 0.11946957373581539, 0.1709925609235904, 0.37205938367233493, -0.09296928153260119], [0.018430049277928788, -0.6998212172280314, -0.3884799012156482, -0.2599301073010098, 0.10129689807265907, -0.0830251204529415, 0.5034550418679623, -0.009852593545642142, 0.6397286588309689, 0.34775833991213206, -0.07672927097306173]], "inverted": true, "swapped": true, "error_lsq": 0.036571568719949536, "error_max": 0.16890049655931652, "target": "632.xyz", "model": "4.xyz", "model_rescale": 3.7855080009869324, "target_rescale": 4.102366200691127},
{"mapping": [0, 1, 2, 14, 5, 4, 10, 15, 12, 11, 9, 7, 13, 8, 6, 16], "R": [[0.7600009821236404, -0.06666492668037628, -0.6464938473967111], [-0.04344514460450247, 0.9872893451415954, -0.15287991490111966], [0.6484682155521547, 0.14427590415790073, 0.7474446045681408]], "T": [0.019564313986218232, -0.02904847090707303, -0.06553792471383399], "aligned_model": [[0.01874355594495121, -0.2977696316408738, 0.4832210527907657, 0.4032624272579353, 0.21188872536808506, -0.47083973634541254, 0.4188387390371951, 0.43666986405190833, -0.16611245708583372, -0.6572008405781622, 0.7284600811598368, -0.23922664310834357, -0.31806201186799116, -0.06254864134779012, -0.5939644629963243, 0.060694073221858345], [-0.27504549131373657, -0.59440108758479, -0.5630956877940425, -0.4313131513360375, 0.32495364559114126, 0.04600549636477741, 0.5799718052868744, 0.24108146601674635, -0.6177647958890674, -0.3854164039667181, -0.035383396484654855, 0.6003328488617315, -0.07483804413683431, 0.4993175720062349, 0.18956681555519, -0.05740948261066082], [-0.8057802334396961, -0.4564081394370464, -0.2790834380713034, 0.3200217766087715, -0.7675329866058009, -0.6140555208586024, -0.09080669514581716, 0.5920112247554563, 0.22082284144330663, 0.15223959973390658, 0.00034590676472914805, -0.3790277438915336, 0.5738206741561755, 0.3920608747011859, -0.02233069839356802, -0.045770574963490865]], "inverted": false, "swapped": false, "error_lsq": 0.04203304854538984, "error_max": 0.2644223711933482, "target": "632.xyz", "model": "5.xyz", "model_rescale": 4.2253639853439635, "target_rescale": 4.102366200691127},
{"mapping": [12, 7, 11, 14, 13, 4, 5, 9, 10, 3, 6, 0, 1, 15], "R": [[0.5325139896384201, 0.7776206748926553, -0.334267762159117], [-0.8092945436723302, 0.5834497254012481, 0.06803498740650356], [0.24793384686558514, 0.23429149346209677, 0.94001931026428]], "T": [0.05169008119082766, 0.0026171449957382575, -0.03109251791599167], "aligned_model": [[0.5174848547171922, 0.023531276403898654, -0.4247524636264134, 0.2558724627496467, -0.27605345593670716, -0.4410741135689775, 0.18301604658467518, 0.6370831671661142, -0.27254328789989035, 0.24736849085355064, -0.8257981616738284, 0.10229354307918276, 0.6275030349990142, 0.020130758910325265], [-0.18305854734672944, 0.21319598812285256, -0.5655747882011665, -0.5979576943163464, -0.3948074961660737, 0.03790036738156815, -0.3411682060826232, -0.3625253511951815, 0.5627211919619202, 0.5143172590537559, 0.10889353723801062, 0.3353045815801353, 0.09140240177209265, 0.026455902832775612], [-0.5412673204763888, -0.7621390189246257, 0.29385457031087203, -0.1393136678238211, -0.4208072210126615, 0.42560922104960514, 0.6704311496286817, 0.31221730513148793, -0.29893819303123226, -0.2485899934528582, -0.11272550902413929, 0.6686157021922785, 0.5660533265763774, 0.058557857787872494]], "inverted": true, "swapped": true, "error_lsq": 0.04310862239843066, "error_max": 0.2838806749482454, "target": "632.xyz", "model": "6.xyz", "model_rescale": 3.89814844738969, "target_rescale": 4.102366200691127},
{"mapping": [8, 1, 2, 12, 10, 5, 14, 7, 13, 11, 4, 6, 15], "R": [[0.892544403587054, -0.44912125055013813, -0.04067665091561505], [0.015925551821248024, 0.12153551685905081, -0.9924593165167995], [0.4506782271472846, 0.8851662106328303, 0.1156283491592657]], "T": [-0.06286225603916888, 0.0167516975587904, -0.07059623365741323], "aligned_model": [[0.01717582639062458, -0.10210310788410248, 0.721327860888689, -0.27148816316895713, 0.5561613743088556, -0.4751642525412923, -0.6758026224428151, 0.2058376327042012, -0.37907676486719305, -0.5825049132042748, 0.005233364853566916, 0.17093609461634218, -0.0419005287494222], [-0.17969912139078703, 0.30500286583302944, 0.3826012583616757, -0.6469265431345093, -0.07816809236444466, 0.5881208512927748, -0.17517356170671622, -0.627319036896532, -0.19548314755388851, 0.5110977662467743, 0.6425728061416692, 0.32572620603672187, 0.11142901460471766], [-0.5812532447630423, -0.8525156404530735, -0.22693747738300923, -0.23710445160293148, 0.2430677669697438, -0.43269385415456807, -0.1101082815665324, 0.23360536545776472, 0.4511359546038029, 0.3049349299444979, 0.16678291930412403, 0.7280384246767851, -0.0846773801972655]], "inverted": false, "swapped": true, "error_lsq": 0.04765340621450216, "error_max": 0.3080300504388991, "target": "632.xyz", "model": "7.xyz", "model_rescale": 3.7474275329858107, "target_rescale": 4.102366200691127},
{"mapping": [0, 4, 11, 5, 13, 9, 1, 8, 14, 12, 2, 3, 10, 7, 15], "R": [[-0.07166123450434797, -0.8822936915204365, -0.46521232719324357], [-0.9957458604684737, 0.09036693574428606, -0.017999952335684383], [0.0579210568723645, 0.46194335023618294, -0.8850160972227338]], "T": [0.09049612276110669, -0.03240649337847613, 0.032153412203890105], "aligned_model": [[-0.5638384679588131, 0.05127937579682679, 0.42394557138104183, -0.28054104026750154, 0.728921777924828, -0.291295713975818, -0.6755449200953709, -0.31097477313517735, 0.3393266478506303, 0.25389566169108707, -0.44975124885208545, -0.1267869122819706, 0.17858828583564118, 0.4874574049346279, 0.03747207349080016], [0.060083398102670514, 0.11073089984667295, -0.3821016318787071, -0.5569769614368614, -0.12980111706261155, -0.6945037047147723, -0.36256652685917184, -0.1449097570813397, -0.6137436719828312, -0.2792660413886818, 0.6330615353600502, 0.3702409483776439, 0.6599754445632016, 0.3382883744322362, -0.019393226297905276], [-0.375431054458503, -0.6240566678860578, -0.6174271885943843, -0.43123366208791203, 0.019242507999036637, 0.1308348105261787, 0.01794031472155215, 0.3953802522099275, 0.15141302144834595, 0.6833672919488929, -0.16413134346642305, 0.40376519744455136, 0.09073796268204834, 0.5656066993159871, -0.04921348610697929]], "inverted": true, "swapped": true, "error_lsq": 0.05474836684884183, "error_max": 0.47529942927190516, "target": "632.xyz", "model": "8.xyz", "model_rescale": 4.019505241142653, "target_rescale": 4.102366200691127},
{"mapping": [8, 10, 0, 1, 9, 5, 4, 12, 14, 13, 6, 11, 15], "R": [[0.7658501690533649, -0.0870232873494721, 0.6371031831813618], [-0.5497352744793355, -0.6025839365547963, 0.5785185627093182], [0.3335635569933598, -0.7932966323293053, -0.5093287804364889]], "T": [-0.14300889647185755, -0.0981557535373449, 0.03027072717926363], "aligned_model": [[-0.14813371956627497, -0.7413683990528654, 0.19239924339226833, 0.3333765969454737, 0.42426805976798676, 0.6283632769058638, 0.12310575609527963, -0.3593113220830759, 0.1765029990570443, -0.23486904194051816, -0.38400278545375177, 0.40245978252714165, -0.09308967485339506], [-0.5722974936821772, 0.21436739590433984, 0.08403438476247599, -0.47706238370001725, -0.6140424009738168, -0.08230244329418412, 0.49860744819209574, -0.7033672344620399, -0.4015972252014895, 0.058215183908959134, 0.7319439673954313, 0.3678645509442868, -0.040985521679805424], [-0.25421644008318767, -0.15649199252627874, -0.6458515748656003, -0.5402668846124136, -0.04675890445111816, -0.14946234050971915, -0.13002465186862508, 0.3443581146536945, 0.4992353545563897, 0.6502300524078054, 0.23226239020451647, 0.40539627636382125, -0.0317059052254059]], "inverted": true, "swapped": true, "error_lsq": 0.04217537316390409, "error_max": 0.21534010585438218, "target": "632.xyz", "model": "9.xyz", "model_rescale": 3.877068213659057, "target_rescale": 4.102366200691127},
{"mapping": [9, 10, 8, 0, 2, 14, 4, 5, 11, 10, 1, 13, 12, 3, 6, 15], "R": [[0.5733314172156707, 0.4263883853599092, 0.6996313535453084], [-0.035087594990776294, 0.86590773117702, -0.49897160416764114], [-0.8185718946502097, 0.26152771539176395, 0.5114130496680065]], "T": [0.0307756387772585, 0.04072919522985147, -0.10127654640421634], "aligned_model": [[-0.025405567625182326, -0.5336024803990193, 0.5055304721337679, 0.3550833217660807, 0.17870555541476338, -0.4931611948547797, 0.42833024353910865, 0.38664755124003813, -0.07510216462777367, -0.5336024803990193, 0.827850670614069, -0.3919849169153984, -0.1939318432768097, -0.02508288788247294, -0.5175106655796288, 0.06329048071406107], [-0.3157269226414314, -0.37299513486907265, -0.5030432590525307, -0.4750029379929837, 0.2365358902742294, 0.0019847679604824697, 0.5863445561044287, 0.19727063613200174, -0.6704690492090688, -0.37299513486907265, 0.029575345479038173, 0.585575798713299, -0.19074905658063018, 0.5433283301083758, 0.18433921294192981, -0.017410933932840912], [-0.6539319652494074, -0.21755335724421931, -0.37375095249852397, 0.4111792362245249, -0.7178248704542651, -0.678780321593425, -0.14970065151029993, 0.5768424707623074, 0.06498296194591484, -0.21755335724421931, 0.24143848895536424, -0.4506390904564632, 0.5726074066331104, 0.2821752463246586, 0.14175198359226604, -0.04071636083064978]], "inverted": true, "swapped": false, "error_lsq": 0.04122082361018693, "error_max": 0.3442366076799901, "target": "632.xyz", "model": "10.xyz", "model_rescale": 4.260839863003843, "target_rescale": 4.102366200691127},
{"mapping": [13, 11, 4, 6, 2, 10, 7, 14, 5, 0, 8, 15], "R": [[0.8654386305031504, -0.13118465802696871, -0.4835354819774642], [-0.29915304589675545, 0.6388807617627291, -0.7087586524199677], [0.4018997785064393, 0.7580382297403093, 0.513667801491054]], "T": [0.11909433157317795, 0.13660794306107202, -0.01845491491252027], "aligned_model": [[0.3758530298398834, 0.2432949252794787, -0.2895789871047754, -0.4015859869392381, -0.688967776947624, -0.43074667076335527, 0.1317967108748238, 0.7410261515506226, 0.2759546348593238, -0.3133972416280319, 0.2561548529418099, 0.05909500713121255], [-0.04663257317909181, -0.6509852743075006, -0.39624095204094767, -0.25899442025919195, 0.318910737600127, 0.42596323417952275, 0.671607873141243, -0.02248420890524283, -0.3971705029818551, -0.05915184303290169, 0.5092282368543868, 0.0790281984643861], [-0.5821370996705746, -0.15881629880105336, 0.022728933653537953, -0.6187340243276558, 0.2765771934974356, -0.3417713456565586, -0.5599150505375154, -0.06298466141315291, 0.5455005343217291, 0.595924755455609, 0.3664322530105933, 0.03337288786311087]], "inverted": true, "swapped": true, "error_lsq": 0.04042736758158874, "error_max": 0.20944767702808062, "target": "632.xyz", "model": "11.xyz", "model_rescale": 3.890672605050136, "target_rescale": 4.102366200691127},
{"mapping": [14, 5, 0, 12, 8, 10, 11, 7, 13, 6, 2, 4, 10, 15], "R": [[-0.4764753826236596, -0.8102031400810669, 0.3413826028906814], [0.24890002783913098, -0.49671509703113936, -0.8314582903086758], [0.8432200103741119, -0.3111992676471545, 0.43833210003438916]], "T": [0.1998144140341312, -0.05196378946069335, 0.059570551672862654], "aligned_model": [[0.36660044492949495, 0.2998174121596393, 0.2625017227763014, 0.6593640265677747, 0.7369076687543543, -0.08448315818055163, -0.31611746063559026, 0.19463252697613617, -0.1475728153306471, -0.6679623305800892, 0.1175484513474016, -0.29556165416182106, -0.08448315818055163, 0.16868415835184208], [-0.4764094421558024, 0.3431776386010585, 0.7141928261362032, -0.5915935302420777, 0.051686707018618695, 0.038732055876855416, -0.07994949136202534, -0.5472639563002043, -0.5876399537757838, -0.04076058089846445, 0.671202694781427, 0.36121559290273964, 0.038732055876855416, 0.036829903368364954], [-0.3944346329313818, -0.619718035838555, -0.04955128758509894, 0.15617520696062123, 0.14054593194342557, 0.6932378782797316, -0.563696070887626, 0.6376849407620981, -0.03847475010199826, 0.24607053230464454, 0.5530329844565289, -0.13154010957317783, 0.6932378782797316, 0.032219969287917344]], "inverted": false, "swapped": true, "error_lsq": 0.05913411082335477, "error_max": 0.5363725794020034, "target": "632.xyz", "model": "12.xyz", "model_rescale": 4.124412569039231, "target_rescale": 4.102366200691127},
{"mapping": [13, 14, 5, 7, 11, 6, 12, 10, 8, 3, 0, 1, 15], "R": [[-0.10205942627842407, -0.045866598601665975, -0.9937203473012078], [-0.8046235587033193, -0.5835874553165081, 0.1095746812763308], [-0.5849485467007552, 0.8107539313070995, 0.02265525508039906]], "T": [0.09626759242339142, 0.09247922912455575, -0.008438016660405771], "aligned_model": [[-0.20713486959298769, -0.06523872294351327, 0.7410140399642904, -0.603671406131641, 0.5202037029065771, 0.23080824118461796, -0.5136667181183888, -0.07847915050949925, 0.004426256195638717, -0.15610145718638616, 0.7667637686720593, 0.5372083929079813, 0.1911662301610092], [-0.17314114395969765, 0.44593103886661983, 0.48613715929922424, -0.17088456529665835, -0.08878064452880077, -0.7667028220755913, 0.46059008485813624, -0.4461199085778458, 0.5359336417212508, 0.058773749158223906, 0.19632503431869563, 0.7326204123585465, 0.07680334036637401], [0.49617320476275095, 0.5044751613023039, 0.23011131853467445, -0.15088191504355103, 0.6570341570934181, 0.16946434385629547, 0.0563161156701777, -0.4206996707568394, -0.32574379159170724, -0.5400450162562799, -0.3859087578878065, -0.31145124274872765, -0.02714582596686989]], "inverted": false, "swapped": true, "error_lsq": 0.04500429939987544, "error_max": 0.2409535202891422, "target": "632.xyz", "model": "13.xyz", "model_rescale": 3.9028299243045295, "target_rescale": 4.102366200691127},
{"mapping": [2, 8, 1, 11, 3, 0, 7, 14, 12, 8, 9, 4, 13, 10, 5, 15], "R": [[-0.7810119104888898, 0.6156625953141692, 0.10478532533478233], [-0.3665418711167603, -0.5877413853598161, 0.7212538531290829], [0.5056356913754397, 0.5248996405660284, 0.6846991419163131]], "T": [0.041712913037249014, -0.046565424351568296, -0.1444012516869548], "aligned_model": [[-0.06121504403209796, -0.6180384903964566, 0.4703375721963102, 0.5231710179980966, 0.12823013650546236, -0.49065306073707127, 0.4980972812945741, 0.3739262213928399, -0.1356760756116343, -0.6180384903964566, 0.7440289374296111, -0.30069469039630814, -0.2898295647325265, 0.01871060310909671, -0.4216409711369633, 0.13533871137532785], [-0.5330276400565143, -0.4279664260500989, -0.5246329075013285, -0.41756104123237214, 0.2502285783788844, 0.09245034399731988, 0.7356452277900036, 0.05134423391375892, -0.5782360959756478, -0.4279664260500989, 0.19608673814949623, 0.5227061172201165, -0.06736773338723673, 0.5488314443950366, 0.011184787014981698, 0.014842907959853185], [-0.6874575267641789, -0.26997402392774417, -0.24405635119740846, 0.2756190261100433, -0.685804553509855, -0.7644637447974614, -0.12231596419076388, 0.6699074547338673, 0.26803023668634174, -0.26997402392774417, 0.07631935536849516, -0.2787523549581751, 0.5783007624020448, 0.3031767465141204, 0.06552712839287658, -0.12355529957778508]], "inverted": false, "swapped": false, "error_lsq": 0.048101334016698416, "error_max": 0.33326685778801896, "target": "632.xyz", "model": "14.xyz", "model_rescale": 3.942246331269136, "target_rescale": 4.102366200691127},
{"mapping": [14, 11, 5, 6, 10, 4, 8, 1, 12, 0, 2, 3, 13, 7, 15], "R": [[-0.8476391106943401, 0.19365424329142644, 0.49396960642992327], [0.3101671838708865, 0.9362173197896286, 0.16520728850606992], [-0.4304698085474892, 0.2932493208536879, -0.8536396076494687]], "T": [-0.14446572200356478, -0.006651905729536185, 0.0005176467676467691], "aligned_model": [[-0.7720433321404341, -0.29821574060961864, -0.2817376265240512, 0.3283938694040814, 0.3926969287517271, 0.2513003181633107, -0.2480555974599008, -0.159943030904415, -0.6688989909236339, 0.318548545570804, 0.6844674706742175, 0.1252473861255068, -0.4393975051354426, -0.1750096003455583, -0.08305905811438302], [-0.0684723156912193, -0.433293694767642, 0.31480950588853773, -0.7462497074973438, -0.22764462922042153, -0.20253691797040316, 0.50081821288933, 0.7727085543382983, 0.09639891180013851, 0.4536581425192296, 0.28220913296124184, 0.21592494427046607, -0.5790588841975726, -0.2958159309604912, 0.014689365519502385], [-0.1276111166237381, -0.6701297249815342, -0.7103897438240262, -0.13117567722798443, 0.3919299990706635, -0.5070611542312068, 0.19419990797973377, -0.2967772663753422, 0.47598461554165983, -0.4196795469486566, 0.05220601606056186, 0.4750137834721122, 0.051558959847662074, 0.7040918021377897, -0.07279837353717847]], "inverted": true, "swapped": true, "error_lsq": 0.049457814801575045, "error_max": 0.2877834366341077, "target": "632.xyz", "model": "15.xyz", "model_rescale": 4.355366556412066, "target_rescale": 4.102366200691127},
{"mapping": [4, 11, 6, 8, 10, 0, 7, 9, 13, 5, 14, 15], "R": [[0.5437936127696541, -0.8369754124737179, -0.06132426620333159], [0.5757867502611973, 0.4252597224114893, -0.6983006420719894], [0.6105392083515826, 0.34442172900232737, 0.7131728736123313]], "T": [-0.11882136630347162, 0.09612265903782084, -0.11258003515408835], "aligned_model": [[-0.03811536479159647, 0.5347881703603936, 0.09079769858831613, -0.4510784283666717, -0.49882983885049514, -0.5295355847268446, -0.21867614432558374, -0.018603124842912433, 0.40984463915112324, 0.07361526464712875, 0.3845609514808457, -0.14095968369192274], [-0.5313880894844473, -0.3024812164125124, -0.6623327440417176, 0.49961012986253633, -0.22393678967770975, -0.23779790992420735, 0.31839334217472637, 0.5605989245993925, 0.07756513643745329, 0.011254651529551948, 0.47809139550053564, 0.02519959717737838], [0.11623154148135043, 0.15074430034702754, -0.523371323187738, 0.06789907026517517, -0.606280994053441, 0.45543767452776673, -0.8338221032704434, 0.4941273449243365, -0.4832653388455177, 0.6511842591789124, 0.009069158629948199, -0.04869512878795536]], "inverted": true, "swapped": true, "error_lsq": 0.045127372942452865, "error_max": 0.22362018965647165, "target": "632.xyz", "model": "16.xyz", "model_rescale": 3.795458400668931, "target_rescale": 4.102366200691127},
{"mapping": [8, 1, 2, 12, 10, 5, 14, 7, 13, 11, 4, 6, 15], "R": [[0.892544403587054, -0.44912125055013813, -0.04067665091561505], [0.015925551821248024, 0.12153551685905081, -0.9924593165167995], [0.4506782271472846, 0.8851662106328303, 0.1156283491592657]], "T": [-0.06286225603916888, 0.0167516975587904, -0.07059623365741323], "aligned_model": [[0.01717582639062458, -0.10210310788410248, 0.721327860888689, -0.27148816316895713, 0.5561613743088556, -0.4751642525412923, -0.6758026224428151, 0.2058376327042012, -0.37907676486719305, -0.5825049132042748, 0.005233364853566916, 0.17093609461634218, -0.0419005287494222], [-0.17969912139078703, 0.30500286583302944, 0.3826012583616757, -0.6469265431345093, -0.07816809236444466, 0.5881208512927748, -0.17517356170671622, -0.627319036896532, -0.19548314755388851, 0.5110977662467743, 0.6425728061416692, 0.32572620603672187, 0.11142901460471766], [-0.5812532447630423, -0.8525156404530735, -0.22693747738300923, -0.23710445160293148, 0.2430677669697438, -0.43269385415456807, -0.1101082815665324, 0.23360536545776472, 0.4511359546038029, 0.3049349299444979, 0.16678291930412403, 0.7280384246767851, -0.0846773801972655]], "inverted": false, "swapped": true, "error_lsq": 0.04765340621450216, "error_max": 0.3080300504388991, "target": "632.xyz", "model": "17.xyz", "model_rescale": 3.7474275329858107, "target_rescale": 4.102366200691127},
{"mapping": [6, 4, 2, 11, 7, 12, 10, 0, 13, 3, 14, 5, 8, 15], "R": [[-0.9719250083472855, 0.18614341852017008, 0.14391805269233615], [0.23099547578098112, 0.6385323510506928, 0.7341100236547604], [0.04475341682874513, 0.7467443099236173, -0.6636038481495214]], "T": [-0.044055391583439754, -0.04843569844490134, 0.083007684089284], "aligned_model": [[0.4265429909688172, 0.1669400946220887, 0.7158902367687099, -0.37787845395666353, 0.2037449886745336, -0.3764802226953, 0.6159257659827078, 0.19228202200450434, -0.24156675761980273, 0.3501540159334901, -0.6667847828160345, -0.4539963852236965, -0.12516275656389714, -0.014763108196580305], [-0.4249393912115328, 0.18514470062695543, 0.3929136717712953, -0.06907662858699379, -0.6650824540139443, -0.3754950505475545, -0.2780595449516533, 0.6764680786330576, -0.6142326018341042, -0.04977376519993881, -0.21057640489634052, 0.548953766909819, 0.21838026779702205, 0.02578359701514618], [-0.5687026540390037, -0.5116006220785092, 0.11360180893181654, -0.6542618030317509, 0.4543661423030774, 0.6254507454342662, 0.13078725619748965, -0.06359509562493781, -0.15803763476762114, 0.5212192211379345, 0.0863086608614575, -0.23737418391274262, 0.5605015975590246, 0.026131279691154058]], "inverted": true, "swapped": true, "error_lsq": 0.0437136409131582, "error_max": 0.36020391515142997, "target": "632.xyz", "model": "18.xyz", "model_rescale": 3.922800546911778, "target_rescale": 4.102366200691127},
{"mapping": [0, 1, 5, 4, 12, 2, 8, 6, 3, 11, 14, 13, 10, 7, 15], "R": [[0.6199430993081103, -0.7803811268186301, -0.08170587815781544], [-0.4553218228250201, -0.44259560805913045, 0.7725225986248361], [-0.6390247188329694, -0.4417175846987006, -0.6297086501616368]], "T": [0.11790906198781528, -0.022056942695013917, 0.021835515243098885], "aligned_model": [[-0.28907750271073973, -0.1744224127490108, 0.3417629231937275, 0.15845990405917218, 0.23451525057454864, -0.6578295216345462, -0.17035336669022969, 0.24310255803837505, -0.4004089092762, 0.7492452472001938, 0.6565569705795283, 0.6234900418078214, -0.3120020014635331, -0.00032411864844869576, 0.09333577460695898], [0.3459280263868776, -0.1897805982501823, 0.16851304726846578, 0.6327427469220828, -0.7058072214635903, 0.38885717846774454, -0.424769217657595, 0.6950064496017384, -0.21490290037172516, 0.4535556989039724, -0.3474962700277906, -0.008463161437398184, 0.20657643103621554, -0.3365223283863249, 0.05417362404208906], [-0.5275115815799708, -0.7413404955395122, -0.7137886147829295, -0.12726489212745445, 0.19678441065556354, -0.029368586401865255, -0.22412626573807318, 0.5298620038492639, 0.2257696121286815, -0.15319996116610568, -0.11247782972345162, 0.42363497180887233, 0.5253118152574673, 0.7049883460909235, -0.0346137655680812]], "inverted": true, "swapped": true, "error_lsq": 0.04624901898090876, "error_max": 0.28651577341912743, "target": "632.xyz", "model": "19.xyz", "model_rescale": 3.9282355846067225, "target_rescale": 4.102366200691127},
{"mapping": [2, 10, 6, 3, 8, 7, 12, 13, 9, 5, 4, 0, 11, 15], "R": [[0.12999488784493818, -0.9780654173049493, -0.16275554861901695], [0.9381681469450466, 0.1744493387515993, -0.29901163232695055], [0.32084553478563427, -0.11382208784425374, 0.9402673423696558]], "T": [-0.003669226564223034, -0.02404409767341878, -0.018924115780407386], "aligned_model": [[-0.5898179548065255, -0.08818181609300954, 0.5107948025955402, -0.4036998183412344, -0.4616513277772218, 0.1254179639773738, 0.005713576957150697, 0.6144522528783253, -0.245829497994936, -0.0966333371797462, 0.12614580507202552, -0.5092719537892412, 0.5763976934719173, -0.03131356988574165], [-0.6657403516755406, -0.6400293285171638, -0.7405825882143028, -0.22536759450195734, 0.2567415394982391, -0.18192305542310833, 0.44813665329218955, 0.007343851627492799, 0.6512224249225905, 0.3001964375075551, -0.41370782472919243, -0.21765991995375703, 0.008337846381256148, -0.06408600278946443], [0.11486008020788256, -0.34142209148144753, 0.08029073908060295, -0.4021689120494423, -0.15000204230873315, -0.7523926468263537, -0.5562097608096654, -0.2038034132466919, 0.2625883504352006, 0.6978715890135375, 0.5139437601247654, 0.5375936554440156, 0.5449056099241776, 0.06612823973583411]], "inverted": true, "swapped": true, "error_lsq": 0.04262880515744411, "error_max": 0.2398510455207333, "target": "632.xyz", "model": "20.xyz", "model_rescale": 4.067790424073018, "target_rescale": 4.102366200691127},
{"mapping": [14, 2, 13, 11, 7, 10, 6, 8, 3, 1, 0, 4, 5, 2, 15], "R": [[0.8079120734022512, 0.31946872457027936, 0.4951947250045325], [-0.2619977632863872, 0.9474118434288087, -0.18376063496776668], [-0.5278591229521431, 0.018722525264117537, 0.8491255580677859]], "T": [0.05187449241745916, -0.005485155934398068, -0.1691413729170429], "aligned_model": [[0.3369929557898951, -0.11431501359463069, -0.2325556348082521, 0.29452900273870164, -0.5953636089946915, -0.5558243855178375, -0.5049436555078355, 0.28044171144217545, -0.2307602228454228, 0.7511021533754477, 0.45177464686992663, 0.12197814281368564, 0.7879627759646542, -0.11431501359463069, 0.09174009977632958], [-0.32111311418311933, 0.5077144197385793, -0.514201676665818, -0.7518468383536167, 0.14588312608163875, 0.20654100315023405, -0.5021941370560777, 0.4614162066804896, 0.5117670208409038, 0.43116752129834146, 0.2671205706890619, -0.3106754485923393, -0.1886507152387828, 0.5077144197385793, -0.009747218200227134], [-0.6520273363256148, 0.5253007547920924, -0.4476135000724781, 0.029587611496889876, -0.5402691640842596, 0.10714128733826761, 0.3116683309836845, -0.3576347305506769, -0.16918552619799743, -0.04091634881738565, 0.43798235284588183, 0.42632676163080274, 0.05932032986327834, 0.5253007547920924, -0.07973200407343624]], "inverted": true, "swapped": true, "error_lsq": 0.058493892712618956, "error_max": 0.5481974208028593, "target": "632.xyz", "model": "21.xyz", "model_rescale": 4.186013935880536, "target_rescale": 4.102366200691127},
{"mapping": [11, 6, 4, 9, 12, 5, 14, 13, 2, 10, 7, 8, 15], "R": [[-0.3635334645873834, -0.6391297864086254, -0.6777584645361199], [0.9209792411113962, -0.35601990333348765, -0.15826264838012538], [-0.14014513037194953, -0.6817352452057025, 0.7180504145791925]], "T": [0.024128438972727016, -0.011117852728259561, 0.0756526715425365], "aligned_model": [[0.017101513389495424, -0.44138295516378306, 0.20039118951241602, 0.5512752622923695, -0.23031375255753858, 0.6573847226342774, -0.050986989435543556, -0.5193290847395822, 0.3582671693281731, -0.29131835384259674, -0.603770634158115, 0.3201752330133279, 0.09108071515032506], [-0.4305444547148082, 0.324841158474854, 0.1559588800696592, -0.5177351225128074, -0.3161657819904068, -0.3747713128681016, -0.6447980241389639, -0.30832484162026125, 0.7981730661601368, 0.6141032105233984, 0.19654090993326312, 0.0010658223515179546, 0.020613149878612604], [-0.6167793680627571, -0.6013812403640288, -0.5517664419080848, 0.3192320443415433, 0.6705673670754541, -0.23145150143384968, 0.15871597641949653, -0.1075457100426264, -0.005846669546106367, 0.06234591736490128, 0.4527281896394607, 0.5425332298185961, 0.011527768033347208]], "inverted": false, "swapped": true, "error_lsq": 0.04338663791739022, "error_max": 0.2505605431557199, "target": "632.xyz", "model": "22.xyz", "model_rescale": 4.166573947596378, "target_rescale": 4.102366200691127},
{"mapping": [7, 0, 8, 3, 10, 5, 14, 11, 4, 1, 9, 13, 2, 12, 6, 15], "R": [[-0.27939444044361694, 0.6773482817239656, -0.6805424688399616], [-0.5362350631948594, -0.6980115929292411, -0.4745858964790134], [-0.7964864742414673, 0.23233407279599605, 0.558238457084803]], "T": [0.06583317980948683, -0.023042219566406702, -0.012257845522704494], "aligned_model": [[-0.06201112610063311, -0.314398306887112, 0.5141280237168435, 0.31125231506542095, 0.28535265269431487, -0.5657623542073014, 0.344642318741321, 0.3931557062219025, -0.011217894320597999, -0.5914931120545392, 0.6610538611290273, -0.14294301732326065, -0.29848812067600444, 0.025794361503601933, -0.5926810352288341, -0.0003301784123446727], [-0.15765313040644338, -0.6182790595564674, -0.6303487998970865, -0.3645963560018608, 0.24823654917734975, 0.11327399335257729, 0.6872213317522686, 0.19095756262859462, -0.7458726343878229, -0.29869809498513245, 0.0348430009513922, 0.5134083911304124, -0.26417192374311316, 0.5383627739684843, 0.23706329501186843, -0.03718479042886666], [-0.7028556907114881, -0.4219807807864698, -0.3025845419085525, 0.4173197050431102, -0.6749495262893468, -0.5352941279227117, -0.22146806261670438, 0.6726927982100315, 0.09466659859132072, -0.006337943617538991, 0.040759208876820316, -0.6331011274300973, 0.49953869116478244, 0.3233053847215735, 0.2666897872783265, -0.02587350524638234]], "inverted": true, "swapped": false, "error_lsq": 0.04624627577084365, "error_max": 0.28089281526042187, "target": "632.xyz", "model": "23.xyz", "model_rescale": 4.274766983524099, "target_rescale": 4.102366200691127},
{"mapping": [5, 8, 2, 4, 10, 6, 11, 13, 14, 12, 15], "R": [[-0.9418846166746389, -0.18070046948410962, 0.2831972973032959], [0.3188824515313231, -0.746105694075601, 0.5845000217051659], [0.10567568772921418, 0.6408382273212081, 0.7603676843651166]], "T": [0.0070444869713936625, 0.20493458064222392, 0.03300032563010893], "aligned_model": [[0.3430018944107969, 0.2895330978227377, -0.6276916766339369, -0.37544547023491087, -0.6131045588683891, -0.7120835027072007, 0.043317337434497255, 0.03051813282145955, 0.5624793154059473, 0.47082906678441344, -0.03145893227733971], [-0.2584973010748746, 0.612758833061432, 0.4989336370949288, -0.277703326443146, 0.49614295651700874, -0.22010953122237065, -0.6024822471789254, -0.07655026238107876, -0.014827693596968144, 0.5971968159578465, 0.1607246505096306], [-0.5146618369507763, -0.21123146135578805, -0.4998384703796822, -0.23792405325444357, 0.1785955504904345, 0.3332280235213251, 0.07982476454394835, 0.6139090899294958, 0.27235172843409616, 0.4108266947624448, -0.04551359571947732]], "inverted": false, "swapped": true, "error_lsq": 0.03989119504406209, "error_max": 0.21002278423002207, "target": "632.xyz", "model": "24.xyz", "model_rescale": 3.7841303162186577, "target_rescale": 4.102366200691127},
{"mapping": [7, 0, 10, 9, 11, 6, 13, 12, 8, 1, 14, 3, 2, 5, 4, 15], "R": [[0.2288804785757409, -0.909925879024148, -0.3459026181009215], [-0.2639348093368599, 0.28401810101650304, -0.9217766186638144], [0.9369910047312384, 0.3022724151772894, -0.17515491450608273]], "T": [0.009784698929451672, -0.12591772294324838, -0.10985879753436886], "aligned_model": [[-0.004802981223655236, -0.2853606047118658, 0.5903506316512446, 0.36844841277966817, 0.2665829361236006, -0.4349197244042038, 0.488191612806277, 0.35203339330684935, -0.26773670693354673, -0.6466893469068556, 0.7690412703849709, -0.178461956965265, -0.1961196552103427, -0.20120840743392548, -0.6368855660662345, -0.026409213334911384], [-0.3705108643352132, -0.7314209513155103, -0.5568250515548163, -0.27638931687764823, 0.22864939225214942, 0.23503843753961873, 0.4854414591055853, 0.3279294183740553, -0.5429921008994116, -0.4718122187474052, -0.046477576804530796, 0.6538797466768904, -0.10114079810852643, 0.5024933450431948, 0.1906815422926793, -0.0799823540749576], [-0.7121601796281013, -0.4058064948067692, -0.39711682995281294, 0.3270157248540795, -0.7405444524835497, -0.5502848166567372, -0.20664088549734727, 0.39219748411462485, 0.20397016253650727, -0.06051086222900956, 0.10582078933845238, -0.18389250979868915, 0.6152498349264719, 0.4645279921317532, 0.08581137515639997, -0.1471094646485996]], "inverted": true, "swapped": false, "error_lsq": 0.04788873070415007, "error_max": 0.37438357322206134, "target": "632.xyz", "model": "25.xyz", "model_rescale": 4.19342608120988, "target_rescale": 4.102366200691127},
{"mapping": [4, 11, 6, 8, 10, 0, 7, 9, 13, 5, 14, 15], "R": [[0.5437936127696541, -0.8369754124737179, -0.06132426620333159], [0.5757867502611973, 0.4252597224114893, -0.6983006420719894], [0.6105392083515826, 0.34442172900232737, 0.7131728736123313]], "T": [-0.11882136630347162, 0.09612265903782084, -0.11258003515408835], "aligned_model": [[-0.03811536479159647, 0.5347881703603936, 0.09079769858831613, -0.4510784283666717, -0.49882983885049514, -0.5295355847268446, -0.21867614432558374, -0.018603124842912433, 0.40984463915112324, 0.07361526464712875, 0.3845609514808457, -0.14095968369192274], [-0.5313880894844473, -0.3024812164125124, -0.6623327440417176, 0.49961012986253633, -0.22393678967770975, -0.23779790992420735, 0.31839334217472637, 0.5605989245993925, 0.07756513643745329, 0.011254651529551948, 0.47809139550053564, 0.02519959717737838], [0.11623154148135043, 0.15074430034702754, -0.523371323187738, 0.06789907026517517, -0.606280994053441, 0.45543767452776673, -0.8338221032704434, 0.4941273449243365, -0.4832653388455177, 0.6511842591789124, 0.009069158629948199, -0.04869512878795536]], "inverted": true, "swapped": true, "error_lsq": 0.045127372942452865, "error_max": 0.22362018965647165, "target": "632.xyz", "model": "26.xyz", "model_rescale": 3.795458400668931, "target_rescale": 4.102366200691127},
