[{"mapping": [6, 2, 4, 9, 8, 5, 11, 3, 1, 12, 0, 10, 7, 13], "R": [[-0.5351053001989857, -0.21235733916552266, 0.8176592677891523], [0.6757552775106799, -0.6884432505920123, 0.26344011773222414], [0.5069685617623814, 0.6935057686975958, 0.5118912249372316]], "T": [0.1193683905341872, -0.005582451932934225, 0.11189703232235575], "aligned_model": [[-0.13175199916196884, -0.5454898412834704, -0.6712466105505374, -0.31984395162510154, -0.022102596265899235, 0.7053140454818951, 0.4499679305674072, 0.01082625076825773, 0.4562862042215761, 0.31032012194321346, -0.18596352682772438, 0.2790609610532797, -0.3452292733571781, 0.05543071656812594], [0.6517472760326196, -0.06728149635241606, 0.517343049801002, -0.4034599627612327, 0.6524677943124363, 0.4414110657622002, 0.3012972765099504, 0.13174416068894057, -0.36428236290905447, -0.4893073935168456, -0.665508294419587, -0.23294276749247522, 0.18930208211182775, 0.03454753361825693], [0.4108994784649165, 0.49323022640821595, -0.010090943753945633, -0.3188339471024538, -0.28500971356755367, 0.2829693709046897, -0.4206352364125309, 0.6044011553087195, 0.4133350427138873, -0.14240087395125572, 0.3701270407237948, -0.8567280212826479, -0.451630705745888, -0.03246854654902921]], "inverted": true, "swapped": false, "error_lsq": 0.04308826118356461, "error_max": 0.3086645112242253, "target": "634.xyz", "model": "0.xyz", "model_rescale": 3.8414455957264533, "target_rescale": 4.0652320356924845},
{"mapping": [0, 3, 11, 10, 13, 7, 9, 4, 2, 6, 5, 8, 12, 14], "R": [[0.2592456006468494, -0.3680103141367431, 0.8929502378264033], [-0.6884532357638321, 0.5780193471304442, 0.43809334223337], [-0.6773653819849107, -0.7283282522543464, -0.10350891872957331]], "T": [0.014054593584300355, 0.06815411459316238, 0.03705108555366512], "aligned_model": [[-0.023524793013400304, -0.4653740051461643, -0.6320165733712052, -0.3606434720079863, 0.08949919218144956, 0.5083792563425036, 0.6182260494183792, 0.052411547643421943, 0.4790404217906044, 0.37029996287467765, -0.08632393619367681, 0.06893873545292972, -0.49989602035175323, -0.07343793408790464], [0.7004355552333857, -0.2101119269585176, 0.5715076474243929, -0.4318841456634028, 0.6707611805789659, 0.39198126854493437, 0.22038334825751027, 0.08871516474342489, -0.33827995361556, -0.598916411512209, -0.5494209255443928, 0.008935231099544118, 0.11576304348808321, 0.05720888530946382], [0.38964907056213216, 0.5903079073629924, -0.19851773739420378, -0.24213415462098323, -0.41684299592991864, 0.28950722884910113, -0.24100069445634761, 0.5791979495492209, 0.4410365498776127, -0.15822647036177684, 0.24404868346533776, -0.7489408051867448, -0.5249788960232121, 0.05405869046570885]], "inverted": false, "swapped": false, "error_lsq": 0.04087684038044816, "error_max": 0.22168953619235776, "target": "634.xyz", "model": "1.xyz", "model_rescale": 4.316132596720782, "target_rescale": 4.0652320356924845},
{"mapping": [7, 8, 5, 2, 0, 1, 4, 3, 6, 10, 11, 13], "R": [[-0.7898213014408472, 0.5115558298840776, 0.33836806099556654], [0.43980800567958167, 0.08785275342207777, 0.8937845444268484], [0.42749412853328844, 0.8547470541790552, -0.29437432537806674]], "T": [0.02175223715136853, 0.08416750797035281, 0.008663264335385001], "aligned_model": [[-0.21106816569097103, 0.4505566520463554, 0.24502951561143707, -0.6619509285237966, -0.5065795762520158, -0.5210867618366776, -0.15144074113603687, -0.12345374614745919, 0.48036849160217265, 0.1940535158716577, 0.3987548721025827, 0.0046254269845322216], [-0.5512766660388373, -0.4860082174138331, -0.5375677536518206, 0.3985266190143208, -0.23996323490113064, -0.1130587408798369, 0.41708252133819157, 0.5950085594674009, 0.11627315649083152, -0.21791952540428872, 0.5725969146249714, 0.0590827950950114], [0.11303514684326287, 0.16122884292836565, -0.4471192468653573, -0.06998889017934944, -0.3876000334930535, 0.45891507773791207, -0.6795474077471275, 0.3864434757359298, -0.595107960754206, 0.6942390413319555, -0.19376349377110536, 0.008523909442193812]], "inverted": true, "swapped": true, "error_lsq": 0.04172652558112134, "error_max": 0.20589354529248707, "target": "634.xyz", "model": "2.xyz", "model_rescale": 3.795458400668931, "target_rescale": 4.0652320356924845},
{"mapping": [2, 3, 11, 8, 0, 5, 9, 1, 10, 7, 4, 13], "R": [[0.2140476684451379, 0.04535004104503643, -0.9757699367219785], [-0.5162730652681816, -0.842751785388299, -0.1524189958746306], [-0.8292440640196326, 0.5363886669217092, -0.15697605003998383]], "T": [-0.040838298959574214, -0.015184602426215034, 0.058316056802213585], "aligned_model": [[0.00847153882440358, -0.20938252768089857, -0.6828640128905671, 0.26005383308043145, 0.29609854481214576, 0.14380761792244037, -0.26695080006404687, 0.5582070981162088, 0.3971915207943379, 0.605403669807701, -0.503404716881077, -0.013327940097514295], [-0.030950452474463375, -0.5662677962702977, -0.07562591529839921, 0.06531611075280253, 0.521273585839168, 0.6484500640117267, -0.3270551065439352, -0.29176419994679303, -0.5103787992936818, 0.18662201109882479, 0.4689557676136552, -0.0028062241988973165], [-0.6965202226189465, -0.24608729737373608, 0.13460953484804986, 0.7180382709774792, -0.3157240751175742, 0.47018993436424616, 0.566609021065596, -0.2594061583603358, 0.45058004543911323, 0.16094907615505444, -0.349240754122301, 0.054774055382455125]], "inverted": true, "swapped": true, "error_lsq": 0.04529020824339123, "error_max": 0.26891396273102275, "target": "634.xyz", "model": "3.xyz", "model_rescale": 3.7530521520055578, "target_rescale": 4.0652320356924845},
{"mapping": [10, 2, 3, 12, 9, 0, 8, 7, 5, 6, 13], "R": [[0.09852267487339317, -0.06608667233476873, -0.9929379810821565], [-0.015561889178321426, 0.9975681068543121, -0.06793894164840734], [0.9950131205873586, 0.02214551708181519, 0.09725464478463598]], "T": [-0.005668208740367976, -0.06230446516973245, -0.03368128463414472], "aligned_model": [[-0.3758434009263839, -0.02264611308572529, 0.2585306102533382, 0.6062981569544527, 0.24652271672036888, -0.4075122232772117, -0.34075633391194354, -0.6789806252279922, -0.30749764175993843, 0.39470059743437347, -0.0346161407281332], [-0.7360442577146742, 0.3410876902229425, -0.32717452184195117, 0.2260835775650701, -0.5782535957401841, 0.5513338271652026, -0.39722088298758135, -0.023616964013068606, 0.23333709886142803, 0.23079486288600756, -0.05312347608884531], [-0.031818110531981206, -0.6735596719798167, -0.5673516723520844, -0.5500180252361586, 0.24371381949148557, -0.09015498555391409, 0.5211130748066161, 0.08481679627005703, 0.6486970819028345, 0.5405111366804148, -0.03311866625213702]], "inverted": false, "swapped": true, "error_lsq": 0.05743537148161842, "error_max": 0.34546979265102207, "target": "634.xyz", "model": "4.xyz", "model_rescale": 3.7855080009869324, "target_rescale": 4.0652320356924845},
{"mapping": [2, 12, 1, 6, 5, 9, 10, 14, 15, 8, 13, 7, 4, 16], "R": [[-0.6902633951994048, -0.6148871719202664, 0.38137935321106076], [0.07545089402581945, 0.4630466617145699, 0.8831166127220671], [-0.7196135128237207, 0.6383584846172952, -0.27323037400445743]], "T": [-0.04327001219492704, 0.06906131470538115, 0.00548593285007466], "aligned_model": [[-0.09770661559262997, -0.4809557090620213, -0.7324086766021827, -0.3414874783517787, 0.1456996235452907, 0.48687291650552983, 0.6288828202293617, 0.0781787260580353, 0.5981454675813664, 0.3474708467276763, -0.15823846353557525, 0.08890060545024825, -0.4914839254711738, -0.026291705950271957], [0.6574664592385108, -0.0664690477635683, 0.37980518819445774, -0.3682090643911723, 0.6055100834453099, 0.40593002318989124, 0.11185274893787481, 0.10711608531848572, -0.30011646285376903, -0.49913871705955337, -0.5961840479418624, -0.02932111988342498, 0.20367344841368984, 0.08516238454075327], [0.44888386888063353, 0.5086042237292219, 0.04586024767222829, -0.3765324260159701, -0.5703755434659985, 0.34072013104877114, -0.27262148721385776, 0.6699401727667275, 0.3682696942640743, -0.1351560915749661, 0.26835187120662335, -0.7254185043177269, -0.5672135042628298, 0.05385167344198884]], "inverted": true, "swapped": false, "error_lsq": 0.0371425960572462, "error_max": 0.20420624850121358, "target": "634.xyz", "model": "5.xyz", "model_rescale": 4.2253639853439635, "target_rescale": 4.0652320356924845},
{"mapping": [9, 11, 12, 6, 0, 1, 4, 8, 10, 2, 5, 3, 7, 13], "R": [[0.5717882985848717, 0.2478180490660305, 0.7820769502795261], [-0.6996688205627443, -0.35048178581808936, 0.6225962249661505], [0.4283943080081202, -0.9031880935701431, -0.027010821893722947]], "T": [0.035053082316902386, 0.06595938135144952, 0.050418078022773996], "aligned_model": [[-0.04512744927855183, -0.6444041772955311, -0.8419252688881215, -0.34926315193677127, 0.0738641625515262, 0.6510749130931583, 0.6334815544178415, 0.06479083030516797, 0.5806559430655913, 0.30092396655373616, -0.02876979146526478, 0.0403475382245937, -0.42810082756837875, 0.038030189752879466], [0.6032353612333937, -0.19463189813218246, 0.3696548526404275, -0.327049568008266, 0.754820571840006, 0.42568600395815315, 0.04497570610413548, 0.1250125041057672, -0.3287698033432046, -0.516080332824541, -0.4951994825325271, -0.07182279698373098, 0.25803373872220936, 0.049213104605983146], [0.32880994442757777, 0.3260696810114636, -0.049690846181389026, -0.28359234986138226, -0.35827081296438024, 0.2231017279532485, -0.32688069133458386, 0.7862803413820529, 0.4441424276409802, -0.15135916567504237, 0.33637023611449923, -0.645281219639798, -0.5643884875126781, -0.008146459201649407]], "inverted": true, "swapped": false, "error_lsq": 0.039690532595815016, "error_max": 0.23780311397597925, "target": "634.xyz", "model": "6.xyz", "model_rescale": 3.89814844738969, "target_rescale": 4.0652320356924845},
{"mapping": [6, 4, 11, 5, 9, 2, 0, 8, 7, 1, 3, 10, 13], "R": [[-0.41326192143303947, 0.6369854336669815, 0.6507412247503304], [0.896280776580393, 0.15824744770565113, 0.4142927887703274], [0.16092033378638082, 0.7544582841951799, -0.6363154434581524]], "T": [-0.02212251808551527, 0.1378793837673486, -0.033548972799620005], "aligned_model": [[0.28622603353361464, -0.14275769749191128, 0.49375749019312454, -0.19105285928748245, 0.5626709317733894, -0.4891846833529784, -0.7006461944868003, 0.11897180050770487, -0.4965050716146281, -0.5062725996979062, 0.15062567254165715, 0.11132258601402215, -0.048523607727583615], [-0.29973947654193134, 0.2084715803858371, 0.2542983219466012, -0.6354513067497534, 0.022187928691749154, 0.6841919417113396, -0.014346643764313105, -0.45417668426463925, -0.20203099745275283, 0.42710384663018364, 0.7559648082957675, 0.0906725656025937, 0.12663538097980315], [-0.5714246439129196, -0.8048634600797414, -0.410358357415092, -0.16609088716300696, 0.1931312430080866, -0.26988211408278506, -0.27365874319477007, 0.36870945829840274, 0.32465523399607515, 0.4336201358607715, 0.07998391330300612, 0.7220450801791031, -0.0235918279608339]], "inverted": true, "swapped": true, "error_lsq": 0.046079813629128066, "error_max": 0.26548297251816166, "target": "634.xyz", "model": "7.xyz", "model_rescale": 3.7474275329858107, "target_rescale": 4.0652320356924845},
{"mapping": [12, 0, 1, 3, 4, 11, 9, 10, 7, 5, 6, 8, 2, 14], "R": [[-0.021704759450883675, -0.08463507310640539, 0.9961755908560765], [0.7230290793439541, 0.6868312473983191, 0.07410659903344335], [-0.6904765411222988, 0.7218723862273324, 0.04628611198020162]], "T": [-0.007629071863932829, 0.17064966078565794, 0.03249308058449168], "aligned_model": [[-0.011745663529856364, -0.5013025355112072, -0.7299256709598203, -0.31247444806847713, 0.033588223323869584, 0.5209001186402368, 0.7172994773040872, 0.10062919726783023, 0.46901311966040116, 0.28239272828150086, -0.07584084431368275, 0.14202317604850923, -0.5565703646507786, -0.03240808196073739], [0.6694409982328337, -0.14311702693110392, 0.37709883078444173, -0.41677050666765036, 0.5594218206477741, 0.36103699058652794, 0.03409656164732988, 0.014711150721593291, -0.2266204887286081, -0.44767266833576846, -0.584274532108287, 0.015598017081781074, 0.2711257403809686, 0.2130030740737902], [0.39558105086176426, 0.3358908633659698, 0.05413062183068959, -0.24344419573106818, -0.6452850454560826, 0.29874393039753755, -0.1576970606039159, 0.7668136426906175, 0.3133244917332628, -0.1833455553733565, 0.336425170829063, -0.614634038562901, -0.5977112595723416, -0.0016282902503196583]], "inverted": false, "swapped": false, "error_lsq": 0.046210155682215266, "error_max": 0.33723034331704715, "target": "634.xyz", "model": "8.xyz", "model_rescale": 4.019505241142653, "target_rescale": 4.0652320356924845},
{"mapping": [7, 1, 0, 5, 8, 6, 4, 10, 9, 3, 2, 11, 13], "R": [[-0.8364512363677962, -0.16902866648398285, 0.5213239291318135], [0.5037960872543026, -0.6115988694913818, 0.6100297741128045], [0.2157286064620097, 0.7729011144664695, 0.5967286113556557]], "T": [0.01565569990087834, -0.039762699757000315, 0.08309331248204958], "aligned_model": [[-0.2803961241344873, -0.7033503002232799, -0.14811612779028, 0.4302739385340464, 0.1900454100143415, 0.7583388615428945, 0.364502400773903, -0.32956744946486816, 0.28345456693541055, -0.29846090744873166, -0.41979726637662745, 0.4719693820963653, 0.0008043872824890549], [-0.4262843579538178, -0.1258723873008133, 0.1885450322558241, -0.3737686906188948, -0.7369096449904292, 0.045841075797721086, 0.6201211830634523, -0.6759309730092936, -0.40168482595023414, 0.21377566893096328, 0.5675344885924387, 0.21695575714523418, -0.048944097848091714], [-0.3984068986811908, -0.0260605286170658, -0.596814190559545, -0.5174704979481791, -0.0427009861982416, -0.0472640761991701, -0.15632553286192724, 0.3420708358993937, 0.5348099862951899, 0.5947673280392662, -0.03534937426303118, 0.4672082975705991, 0.058239131567780905]], "inverted": true, "swapped": true, "error_lsq": 0.04600638079194946, "error_max": 0.27056580700161514, "target": "634.xyz", "model": "9.xyz", "model_rescale": 3.877068213659057, "target_rescale": 4.0652320356924845},
{"mapping": [5, 0, 1, 8, 4, 6, 13, 12, 10, 9, 11, 2, 7, 15], "R": [[0.3090212406094018, 0.14166503240086756, 0.9404450496690848], [0.3166880343580078, -0.9477398107217275, 0.038703230712765865], [0.8967801078005062, 0.28586757383097067, -0.337735352732442]], "T": [0.12760781065291185, 0.08601726627773218, -0.013771259351810825], "aligned_model": [[-0.3148723216483208, -0.4829866766368207, -0.6810283888852449, -0.4196956237894829, -0.020564835503731477, 0.6055364812479064, 0.7935495074045088, 0.06749306377077469, 0.5159732663759903, 0.19699331725520677, -0.07584435411713317, 0.22853317839337978, -0.42916521620110826, 0.06165703386595095], [0.619251714488486, -0.039803158986466414, 0.39932542003334615, -0.41675682583597917, 0.6044880033680079, 0.21950016068271375, 0.2968479397755912, 0.17347253350243713, -0.43306969648158844, -0.4976445136393538, -0.4589453474613505, -0.018864672027750717, 0.1768747133505223, 0.07240169061700819], [0.3479852858586196, 0.48131421641122835, -0.042962144747248035, -0.22113591100413682, -0.4228233849507074, 0.3523859170757687, -0.3449971333467547, 0.7257779338432613, 0.27420751999518794, -0.31405426259577574, 0.4404073867124375, -0.6612040412784299, -0.6037164180708533, 0.04597936225632128]], "inverted": false, "swapped": false, "error_lsq": 0.037198466048058446, "error_max": 0.2103640828168258, "target": "634.xyz", "model": "10.xyz", "model_rescale": 4.260839863003843, "target_rescale": 4.0652320356924845},
{"mapping": [4, 2, 1, 0, 8, 5, 6, 11, 3, 10, 9, 13], "R": [[-0.1782471604088422, -0.02549645127165287, -0.9836553668733459], [0.9653205218994786, -0.1983168468471805, -0.16978432865347276], [-0.19074653288042487, -0.9798062865838044, 0.059961662459881715]], "T": [0.008781060342233136, -0.01496745165402418, -0.0027461513640219953], "aligned_model": [[0.42463569162118225, 0.18534814846374723, -0.37810826108060946, -0.3347700222595287, -0.4797600671339968, -0.4548590513497971, 0.24932182742170644, 0.593681756854488, 0.3969388628609946, -0.377162671738264, 0.15241390539087007, -0.01878146995666223], [-0.0578151714142398, -0.7021098224952877, -0.596719468163001, -0.30279841337836516, 0.4809931491309451, 0.4831322411638287, 0.576358895534212, 0.2669793055667839, -0.3899517949047256, 0.019958183081812096, 0.41935126016169505, -0.024299858750723602], [-0.665838257769484, -0.2656477611866755, 0.21675398938043444, -0.5861378172715803, 0.2154292117168996, -0.4282807786064411, -0.41307848527572677, -0.010996348621940717, 0.36260506085084926, 0.6611710784864061, 0.4416508270280296, -0.01145264133526595]], "inverted": false, "swapped": true, "error_lsq": 0.04790610771836764, "error_max": 0.3044208462289324, "target": "634.xyz", "model": "11.xyz", "model_rescale": 3.890672605050136, "target_rescale": 4.0652320356924845},
{"mapping": [6, 2, 0, 4, 8, 9, 5, 11, 10, 12, 10, 7, 3, 13], "R": [[0.7866014932866195, 0.038630750652710766, -0.6162513739240411], [0.49540077708202396, 0.5562415685490819, 0.6672131499637757], [0.36855957568049574, -0.83012226962181, 0.4184027445561846]], "T": [-0.04532507867620669, 0.23555094292557507, 0.08042880584123145], "aligned_model": [[0.00042195727362068225, -0.38994189080559327, -0.5818262180946518, -0.4686446306444537, -0.05861169763588913, 0.6753346225627747, 0.6290487006440517, -0.008069326284246586, 0.10998683490604483, 0.3922753999250552, 0.10998683490604483, 0.20989490820230797, -0.54077730228666, -0.03349976113652989], [0.7631277410365778, -0.24956247417044639, 0.3902370385024012, -0.2988911360948504, 0.7127417768347346, 0.3223673232541915, 0.2720668865495127, 0.09610521518982357, -0.586717800688008, -0.33073346842109963, -0.586717800688008, -0.07869082600766134, 0.15925152630847564, 0.11249395977997995], [0.30764736744724286, 0.46961816722960326, -0.11175152349848717, -0.0815257091278462, -0.4592965128421095, 0.36137884968920875, -0.3053933986281645, 0.6113987313786461, 0.39553644969983465, -0.12683897587789933, 0.39553644969983465, -0.6699571210203019, -0.6953086814219424, -0.033879766568700134]], "inverted": true, "swapped": false, "error_lsq": 0.050897433335567496, "error_max": 0.5041656096853587, "target": "634.xyz", "model": "12.xyz", "model_rescale": 4.124412569039231, "target_rescale": 4.0652320356924845},
{"mapping": [7, 0, 2, 5, 1, 10, 6, 9, 4, 11, 3, 12, 13], "R": [[0.9321867540651956, 0.3318091808881434, 0.1446738505181019], [0.23300723074527818, -0.8559048693902832, 0.4616649055044351], [0.2770117072721141, -0.3966478564575154, -0.8751771203601285]], "T": [0.09237508117387264, 0.01693886995791341, -0.020611892062780017], "aligned_model": [[-0.08158783669321698, -0.07184775346344444, 0.5746328706072861, -0.6680921520746982, 0.5491693852092444, 0.2699242845111488, -0.5128695435585116, 0.00595990017854435, -0.06887381637493672, 0.04543561187425385, 0.6995135028702746, 0.5390427625519476, 0.08689109187186564], [-0.23433017144967858, 0.42465544760079854, 0.534001144827432, -0.010559260829316547, -0.16278002422674206, -0.7226246445054906, 0.28112223329900754, -0.41760265797969864, 0.7725025419075474, 0.21168744389479383, 0.01919410768571722, 0.6382331024025415, 0.01398611388156562], [0.592159598916857, 0.5693185255571758, 0.24870550302703154, 0.2344932158748193, 0.522839256067399, 0.09110444897570374, -0.3944907875970608, -0.4793687873844823, -0.15321835378811471, -0.6383015743580781, -0.2575487959191076, -0.3931109991395934, 0.009116830735289981]], "inverted": true, "swapped": true, "error_lsq": 0.0534116740196993, "error_max": 0.4157907517230109, "target": "634.xyz", "model": "13.xyz", "model_rescale": 3.9028299243045295, "target_rescale": 4.0652320356924845},
{"mapping": [6, 7, 3, 4, 2, 11, 12, 9, 14, 13, 10, 8, 0, 15], "R": [[0.5563219237040722, 0.829250425460248, -0.053382104493907845], [-0.4943506104245526, 0.2786415461597362, -0.8233932005588727], [-0.6679246897510773, 0.4844611652420755, 0.5649548550045549]], "T": [0.01455019553791718, 0.10958942448496661, -0.0745180930296791], "aligned_model": [[-0.17652171260794805, -0.5091377618728711, -0.564119911154604, -0.5163895334198674, -0.006968471145461381, 0.604844353789089, 0.6705285520802758, 0.03703498995428849, 0.520245420046468, 0.49782529434729844, -0.11723078387440021, 0.16102562363281311, -0.5460635403140327, -0.009494087929173263], [0.5980373205730904, -0.14093018994062162, 0.34066058652652087, -0.2902858683694902, 0.7039701240173151, 0.2700347672126612, 0.05716399038301863, 0.15343358069583873, -0.3337909033685835, -0.517084655737903, -0.5432152175199711, 0.10228048554622127, 0.19239547701868218, 0.10440846434884413], [0.3369651277385807, 0.6209089713617935, -0.05362620629384393, -0.20705498699322952, -0.5085668236618398, 0.3398088154248157, -0.30075747635648775, 0.6990564544121769, 0.5005791835807021, -0.1543687526564929, 0.2598955354170541, -0.8328047722833967, -0.6795567745060229, 0.03668603097510989]], "inverted": false, "swapped": false, "error_lsq": 0.03902120971468786, "error_max": 0.2665092330482021, "target": "634.xyz", "model": "14.xyz", "model_rescale": 3.942246331269136, "target_rescale": 4.0652320356924845},
{"mapping": [8, 2, 6, 9, 11, 12, 13, 0, 1, 3, 5, 4, 10, 14], "R": [[-0.196304243242379, -0.9343947792700514, 0.29727267038513505], [-0.49910630004461154, 0.35617620755286833, 0.7899565876863328], [-0.844012763730985, 0.0067011675197914955, -0.536281221947083]], "T": [-0.039826630890230225, 0.05872355367668331, -0.04535027718217012], "aligned_model": [[-0.13602871228338304, -0.377232657543047, -0.4717010910980154, -0.8009348230746651, -0.062480805812123286, 0.7325785589914601, 0.6096993161816577, -0.08674548415847061, 0.43661113010175645, 0.44992952469705516, -0.10373688942823209, 0.22011080208872744, -0.3459121582906366, -0.01857827884020843], [0.7431835891777238, -0.2609095372019409, 0.4086795522323435, -0.1908173672309432, 0.6502147699306934, 0.11022786877742566, 0.48262602088878037, 0.1614790072864285, -0.38947719889569454, -0.45740582226059795, -0.5322297863797498, -0.012769571210538976, -0.0641040231676818, 0.0483804594393751], [0.30264475960044157, 0.5601575914976864, -0.10703203326584514, -0.12662730170126146, -0.449993273055706, 0.21697354242364092, -0.28897414480843625, 0.6812565083832458, 0.4329431276177659, -0.14682591888796115, 0.17706641940076578, -0.5659127047091428, -0.6779840988560658, 0.0494718525197914]], "inverted": false, "swapped": false, "error_lsq": 0.05600482400369493, "error_max": 0.35966571106158246, "target": "634.xyz", "model": "15.xyz", "model_rescale": 4.355366556412066, "target_rescale": 4.0652320356924845},
{"mapping": [7, 8, 5, 2, 0, 1, 4, 3, 6, 10, 11, 13], "R": [[-0.7898213014408472, 0.5115558298840776, 0.33836806099556654], [0.43980800567958167, 0.08785275342207777, 0.8937845444268484], [0.42749412853328844, 0.8547470541790552, -0.29437432537806674]], "T": [0.02175223715136853, 0.08416750797035281, 0.008663264335385001], "aligned_model": [[-0.21106816569097103, 0.4505566520463554, 0.24502951561143707, -0.6619509285237966, -0.5065795762520158, -0.5210867618366776, -0.15144074113603687, -0.12345374614745919, 0.48036849160217265, 0.1940535158716577, 0.3987548721025827, 0.0046254269845322216], [-0.5512766660388373, -0.4860082174138331, -0.5375677536518206, 0.3985266190143208, -0.23996323490113064, -0.1130587408798369, 0.41708252133819157, 0.5950085594674009, 0.11627315649083152, -0.21791952540428872, 0.5725969146249714, 0.0590827950950114], [0.11303514684326287, 0.16122884292836565, -0.4471192468653573, -0.06998889017934944, -0.3876000334930535, 0.45891507773791207, -0.6795474077471275, 0.3864434757359298, -0.595107960754206, 0.6942390413319555, -0.19376349377110536, 0.008523909442193812]], "inverted": true, "swapped": true, "error_lsq": 0.04172652558112134, "error_max": 0.20589354529248707, "target": "634.xyz", "model": "16.xyz", "model_rescale": 3.795458400668931, "target_rescale": 4.0652320356924845},
{"mapping": [6, 4, 11, 5, 9, 2, 0, 8, 7, 1, 3, 10, 13], "R": [[-0.41326192143303947, 0.6369854336669815, 0.6507412247503304], [0.896280776580393, 0.15824744770565113, 0.4142927887703274], [0.16092033378638082, 0.7544582841951799, -0.6363154434581524]], "T": [-0.02212251808551527, 0.1378793837673486, -0.033548972799620005], "aligned_model": [[0.28622603353361464, -0.14275769749191128, 0.49375749019312454, -0.19105285928748245, 0.5626709317733894, -0.4891846833529784, -0.7006461944868003, 0.11897180050770487, -0.4965050716146281, -0.5062725996979062, 0.15062567254165715, 0.11132258601402215, -0.048523607727583615], [-0.29973947654193134, 0.2084715803858371, 0.2542983219466012, -0.6354513067497534, 0.022187928691749154, 0.6841919417113396, -0.014346643764313105, -0.45417668426463925, -0.20203099745275283, 0.42710384663018364, 0.7559648082957675, 0.0906725656025937, 0.12663538097980315], [-0.5714246439129196, -0.8048634600797414, -0.410358357415092, -0.16609088716300696, 0.1931312430080866, -0.26988211408278506, -0.27365874319477007, 0.36870945829840274, 0.32465523399607515, 0.4336201358607715, 0.07998391330300612, 0.7220450801791031, -0.0235918279608339]], "inverted": true, "swapped": true, "error_lsq": 0.046079813629128066, "error_max": 0.26548297251816166, "target": "634.xyz", "model": "17.xyz", "model_rescale": 3.7474275329858107, "target_rescale": 4.0652320356924845},
{"mapping": [8, 5, 4, 9, 0, 3, 1, 10, 11, 7, 12, 2, 6, 13], "R": [[-0.21226260723197066, 0.58089254024142, -0.7858170539400101], [0.0496389203854285, -0.7966938277313371, -0.6023412010129807], [-0.9759511069485272, -0.16686162394829185, 0.14027343048233887]], "T": [0.05431417036682411, 0.025897414763270343, 0.022125139889329255], "aligned_model": [[-0.10893613507641005, -0.5030159880452412, -0.6625599085306211, -0.45921470632690525, 0.03895959633910649, 0.5134393445792005, 0.6704490492475381, 0.05974540549544853, 0.6251989135172394, 0.3454021409402072, -0.18175035692477004, 0.12548361225198523, -0.46191613635941303, 0.04429360042450993], [0.6464389063954782, -0.04867000859572118, 0.4369136751857027, -0.32928644952976616, 0.7117589490694836, 0.4074753321812896, 0.18138050121642857, 0.03559966665922829, -0.26598971418286654, -0.6321895191812159, -0.6213649306739201, 0.027673972339022787, 0.07970424183328964, 0.06763333866918989], [0.3463658624308777, 0.47714462361313303, -0.057768606385988325, -0.21840901819142558, -0.455892206654103, 0.34491229677853485, -0.2512267169972197, 0.7122814543982827, 0.3547347846678895, -0.20060488232436327, 0.31292046042809446, -0.6841074550782332, -0.5484972459652077, -0.07468902456135235]], "inverted": false, "swapped": false, "error_lsq": 0.0324552569283381, "error_max": 0.2025196591214512, "target": "634.xyz", "model": "18.xyz", "model_rescale": 3.922800546911778, "target_rescale": 4.0652320356924845},
{"mapping": [8, 12, 5, 3, 1, 4, 10, 13, 11, 9, 7, 2, 0, 14], "R": [[-0.7605297390819481, 0.6476116022753382, 0.04683725622101758], [0.6285812275411553, 0.7162618869872124, 0.30307515508924876], [0.16272724527502538, 0.2599386886323142, -0.9518149619528549]], "T": [0.00649330618895216, 0.1733058342705301, 0.028301996829701973], "aligned_model": [[-0.11370436527335667, -0.6121959244444696, -0.7041667237030391, -0.3889691780692481, -0.03247021797559932, 0.6185042629547959, 0.7718245559612729, 0.10421011032308297, 0.49758319921729394, 0.30773383983118024, -0.07323404445961613, 0.23013480533301311, -0.5595947388592055, -7.714930422944837e-05], [0.674435832316606, -0.09294298536624285, 0.4457601949330341, -0.2876692382705514, 0.6724854544707566, 0.35393019910856555, 0.08152613931782318, 0.05586036438093123, -0.24379009950075797, -0.4819452717062653, -0.57761802592591, -0.05084447480101817, 0.06942414442857325, 0.07846572800007902], [0.35816848323745715, 0.43444143902506793, -0.02883523670164141, -0.1723485691430425, -0.5169360929047567, 0.369893224348176, -0.209280016335503, 0.6979823195303234, 0.331790566244884, -0.3493795024817095, 0.28900858440449423, -0.61424767564046, -0.5776646321574168, 0.04457143473304684]], "inverted": true, "swapped": false, "error_lsq": 0.03699648032303988, "error_max": 0.29914399043006157, "target": "634.xyz", "model": "19.xyz", "model_rescale": 3.9282355846067225, "target_rescale": 4.0652320356924845},
{"mapping": [11, 8, 9, 7, 10, 0, 1, 4, 3, 5, 6, 2, 12, 13], "R": [[-0.38000533709244627, -0.772763745605699, -0.5083622106910654], [-0.3560196536956547, -0.38505872407442276, 0.8514574476722863], [-0.8537247507034588, 0.5045453126247714, -0.1287947108568097]], "T": [-0.07599930157012234, -0.027791904317024975, 0.03260195828311158], "aligned_model": [[-0.06706590495160318, -0.5849025931457479, -0.6459168076183976, -0.3676803932244041, 0.0574778704173904, 0.5063092903089744, 0.6419543882888031, 0.045485299066498966, 0.5498304556645115, 0.3381180863732319, -0.11031545719509216, 0.30313617827241224, -0.676849616630921, 0.05599763590621863], [0.6397899964586335, -0.04778683405802867, 0.3611102736300002, -0.3242697639805532, 0.6271546487227597, 0.45871468427736223, 0.05201253344162545, 0.11584509658095107, -0.23619950779158547, -0.5577696434155692, -0.6498256241869659, -0.07442037631974235, 0.28451296178727775, 0.048209516239457996], [0.29263613201335387, 0.5976145437503135, 0.08132523327114335, -0.4312092057484612, -0.5109633149003265, 0.2864228228212223, -0.166582748053977, 0.6359076425933191, 0.3948980456414858, -0.15533563059032487, 0.22942804106928869, -0.6973283698189208, -0.4814397859035627, -0.018209079985633828]], "inverted": false, "swapped": false, "error_lsq": 0.04461069408452085, "error_max": 0.3011230549538958, "target": "634.xyz", "model": "20.xyz", "model_rescale": 4.067790424073018, "target_rescale": 4.0652320356924845},
{"mapping": [5, 2, 8, 0, 1, 13, 10, 6, 11, 12, 3, 9, 7, 14], "R": [[0.29061703817367446, -0.011979522304036594, 0.9567644580399757], [-0.6162147579375894, 0.7626133718132874, 0.19672370785313972], [-0.7319980254229377, -0.646743640229215, 0.2142464809512268]], "T": [-0.060313205372037215, 0.08224894788933076, 0.09681551651527324], "aligned_model": [[-0.09668468880900462, -0.5907176385834148, -0.47455673039157975, -0.6071270330165937, 0.08625244607046711, 0.5219908720785168, 0.657591254851916, -0.013364323260027844, 0.48038058354068347, 0.2724837141169697, -0.03808835642319196, 0.22970218159235278, -0.3876328399374134, 0.0053489897021950505], [0.6539692188243508, -0.2550438624754544, 0.4326972562674084, -0.3001672903488585, 0.6443030274348697, 0.46068476180140394, 0.19475913236255554, 0.024954241179752513, -0.2184648425445523, -0.5107570245184556, -0.7129284570541343, 0.022488158898857552, 0.18318953271309846, 0.0773941088447816], [0.23922045973167927, 0.495095102792143, -0.07855888828594355, -0.14651653675642545, -0.48276952708253257, 0.1853129809442827, -0.28165702665532955, 0.8330695635308858, 0.2845751949695169, -0.2561773927123922, 0.39838469167645885, -0.621773116077827, -0.5660093565637406, 0.05496817664814384]], "inverted": false, "swapped": false, "error_lsq": 0.038640537123463256, "error_max": 0.24070424763358783, "target": "634.xyz", "model": "21.xyz", "model_rescale": 4.186013935880536, "target_rescale": 4.0652320356924845},
{"mapping": [7, 1, 10, 5, 4, 8, 0, 2, 9, 3, 12, 11, 13], "R": [[0.9130169976640229, -0.3834204530772573, 0.1392433773599468], [-0.26642116772974483, -0.818980300627541, -0.50822340419302], [0.3089008309507972, 0.42691922344402977, -0.8498942600652472]], "T": [0.051735984290007156, -0.0057605345752764145, 0.034872105353534716], "aligned_model": [[0.1597373351017563, -0.33323632468228037, 0.3355839550358147, 0.5619545775884831, -0.248008270522054, 0.7022736934063434, -0.23985703661879998, -0.6962527919144091, 0.5089041889466133, -0.3342693885584106, -0.5511317113973475, 0.143689900026148, 0.049185909011367816], [-0.43383596234735256, -0.04009182647634584, 0.32087928731290644, -0.6235871914752991, -0.3146563462782992, -0.10808373593144902, -0.6785634942632822, -0.11590774152024974, 0.4378269348429526, 0.5186088959878489, 0.2674234882015984, 0.3174527892838182, -0.028508437790753363], [-0.4885543598550187, -0.587154221461556, -0.6004980298011903, 0.08083279740280605, 0.6900048417066543, -0.2791031982996648, -0.024537761897060445, 0.06382403680631829, 0.06616430310639979, 0.006626786638969512, 0.5698442138093976, 0.5905235150551493, 0.014906638124141131]], "inverted": false, "swapped": true, "error_lsq": 0.04967109292580493, "error_max": 0.2790462087683118, "target": "634.xyz", "model": "22.xyz", "model_rescale": 4.166573947596378, "target_rescale": 4.0652320356924845},
{"mapping": [3, 8, 9, 10, 12, 2, 6, 4, 1, 5, 0, 13, 14, 15], "R": [[0.07258557085408374, 0.5650999501956784, -0.8218232055573931], [0.9535406941310631, -0.2808845959440382, -0.10892193717247783], [-0.29238926030180656, -0.7757357088920149, -0.5592339675037328]], "T": [-0.05357336103127578, 0.1539379571106634, 0.010432521769603634], "aligned_model": [[-0.12908478340877544, -0.6049845475915291, -0.5792968010766323, -0.4994943947391753, 0.13695746212830406, 0.4689900445442812, 0.6721795831614931, 0.02731779697523431, 0.5426666320110771, 0.33300093862225244, 0.1132507664294364, -0.0770846680750025, -0.360394938876942, 0.0015553414278531713], [0.5382094190198514, -0.09173365749647144, 0.44384219584251494, -0.2774293156354224, 0.5837465460176503, 0.40423385296679337, 0.2176033504072289, 0.028633684944424614, -0.1649305514763388, -0.514919445449657, -0.5112316118371805, -0.33432193963202295, 0.26253274094061196, 0.11284269277364048], [0.46656859869047906, 0.5486427979012688, 0.006009487259648703, -0.4091123993110372, -0.44601455901538156, 0.35261476978949285, -0.2094242808515243, 0.7298829879574079, 0.23608669477665772, -0.2965724734487016, 0.45368743474939954, -0.6808435667577383, -0.7107092503622489, 0.01634808478119647]], "inverted": false, "swapped": false, "error_lsq": 0.04584880294845818, "error_max": 0.371236148251945, "target": "634.xyz", "model": "23.xyz", "model_rescale": 4.274766983524099, "target_rescale": 4.0652320356924845},
{"mapping": [0, 1, 2, 4, 3, 11, 6, 9, 8, 10, 13], "R": [[0.44246406692913753, -0.10558059129707581, 0.8905494305303259], [-0.7979943668636944, -0.4994572525731569, 0.3372646487639719], [0.40918277081316523, -0.8598809171004052, -0.305244604335977]], "T": [-0.0248279586716511, 0.08022574518727617, 0.03719884038398352], "aligned_model": [[0.17458037498154755, 0.18676189603999455, -0.4159795519139165, -0.4815520668474996, -0.4792674207198777, -0.4986526432193869, -0.10805251691370121, -0.000464326849732459, 0.6033819223575593, 0.40112395090202113, -0.001984913858933266], [-0.03544195547956658, 0.7177111034017656, 0.3756270739227981, -0.40091239692213, 0.5265888811650299, -0.23403880929662785, -0.6646581324357203, 0.03252559013968659, -0.050343804046138765, 0.5623938763674579, 0.0861351044269286], [-0.6614263411164389, -0.25459084239348145, -0.5391659025919651, -0.38037908077626886, 0.17506098812459164, 0.35088470642024083, 0.15603071961819898, 0.672716677007708, 0.3844073915639245, 0.4579568663216275, 0.018071251843440245]], "inverted": false, "swapped": true, "error_lsq": 0.04752506536753614, "error_max": 0.22776788093515396, "target": "634.xyz", "model": "24.xyz", "model_rescale": 3.7841303162186577, "target_rescale": 4.0652320356924845},
{"mapping": [11, 6, 3, 4, 12, 10, 9, 7, 0, 8, 1, 2, 5, 15], "R": [[-0.518885992338083, 0.6805176594771782, -0.5173519518616181], [0.11892719576387645, 0.656782527666408, 0.744642889887404], [0.8465303592093218, 0.3248575479988533, -0.4217273105279159]], "T": [0.09927630066594559, 0.11111683029463051, 0.043338177401604186], "aligned_model": [[-0.16309216788602424, -0.5242847887376166, -0.6494019762750479, -0.4806111624188123, 0.019624048380145726, 0.7170790623569191, 0.5041785969696634, 0.17417517773783414, 0.3667990358270774, 0.3403478539013748, 0.020833794633809216, 0.10185034618443126, -0.4168142101576864, 0.034894821015807834], [0.6253309845887899, 0.013739004188603715, 0.38280813181510975, -0.29124882242544436, 0.5454594031811969, 0.4144670306238111, 0.24971145712267506, 0.07723263446785555, -0.4017951033005135, -0.39657606361440356, -0.6250431465985246, -0.176385656275904, 0.16713833604348996, 0.11223977156888097], [0.5494746801317691, 0.3950704321177959, -0.07776740441824455, -0.19860552374935936, -0.5732443024923777, 0.4060412362313456, -0.3553927699657841, 0.6883556807197716, 0.49796207019562644, -0.13993815858804526, 0.11370617773748941, -0.6538911409956144, -0.6636631811367766, 0.06905653037132331]], "inverted": false, "swapped": false, "error_lsq": 0.04146920859925289, "error_max": 0.3040002289977008, "target": "634.xyz", "model": "25.xyz", "model_rescale": 4.19342608120988, "target_rescale": 4.0652320356924845},
{"mapping": [7, 8, 5, 2, 0, 1, 4, 3, 6, 10, 11, 13], "R": [[-0.7898213014408472, 0.5115558298840776, 0.33836806099556654], [0.43980800567958167, 0.08785275342207777, 0.8937845444268484], [0.42749412853328844, 0.8547470541790552, -0.29437432537806674]], "T": [0.02175223715136853, 0.08416750797035281, 0.008663264335385001], "aligned_model": [[-0.21106816569097103, 0.4505566520463554, 0.24502951561143707, -0.6619509285237966, -0.5065795762520158, -0.5210867618366776, -0.15144074113603687, -0.12345374614745919, 0.48036849160217265, 0.1940535158716577, 0.3987548721025827, 0.0046254269845322216], [-0.5512766660388373, -0.4860082174138331, -0.5375677536518206, 0.3985266190143208, -0.23996323490113064, -0.1130587408798369, 0.41708252133819157, 0.5950085594674009, 0.11627315649083152, -0.21791952540428872, 0.5725969146249714, 0.0590827950950114], [0.11303514684326287, 0.16122884292836565, -0.4471192468653573, -0.06998889017934944, -0.3876000334930535, 0.45891507773791207, -0.6795474077471275, 0.3864434757359298, -0.595107960754206, 0.6942390413319555, -0.19376349377110536, 0.008523909442193812]], "inverted": true, "swapped": true, "error_lsq": 0.04172652558112134, "error_max": 0.20589354529248707, "target": "634.xyz", "model": "26.xyz", "model_rescale": 3.795458400668931, "target_rescale": 4.0652320356924845},
{"mapping": [4, 11, 12, 2, 1, 5, 6, 0, 8, 3, 7, 10, 13], "R": [[0.3112549302541359, 0.5130938062828169, 0.799909441341146], [0.41002896028996666, 0.6868354313207812, -0.6001111080507722], [-0.8573194387834806, 0.5147735776403135, 0.003397594350454141]], "T": [-0.04297808275052359, -0.022609232698585266, 0.011378185204152312], "aligned_model": [[-0.025483988634171645, 0.4353701846224596, 0.5204725242637384, 0.016105709302876352, -0.22448015597673585, -0.6896861040032736, -0.08537873042648439, -0.6186928064677574, -0.37989514662946045, 0.5004767258474648, -0.6447234332894998, -0.03396398920566371, -0.07044440658223577], [-0.7368847922190785, -0.42330108145212436, -0.40334317631467015, -0.06939283611460706, 0.5537991556762096, -0.3059475403723249, -0.679563292804733, -0.2061110816877174, 0.21397221448038484, 0.20656916851297014, 0.30416777665738126, 0.6802329684026104, -0.012315979507386787], [-0.31106021940170064, 0.19109975287587272, -0.5003240751616311, -0.7414685660197664, -0.4022755767222723, 0.39299751750967904, 0.388886968871894, -0.4082638921035895, 0.6136787337180367, -0.265921971730655, 0.00864919615603307, 0.3226498332143442, 0.0034889608931807526]], "inverted": true, "swapped": true, "error_lsq": 0.04855609661625972, "error_max": 0.3838134582509943, "target": "634.xyz", "model": "27.xyz", "model_rescale": 3.6321398670334006, "target_rescale": 4.0652320356924845},
