[{"mapping": [6, 4, 10, 14, 12, 9, 15, 1, 11, 5, 0, 7, 2, 16], "R": [[-0.060166292631123275, 0.44787496740129445, 0.8920695212853738], [0.9747641231918758, 0.2188331550331533, -0.044124306183891404], [-0.21497656004550802, 0.8669025688239284, -0.44973882954162936]], "T": [-0.012117335522307766, 0.09592830851928606, 0.065320903548721], "aligned_model": [[0.06161263534090721, 0.29620808252455755, -0.5133626611580019, -0.21999519344395738, -0.5097449475777558, -0.16381692119666033, -0.7124814613681006, -0.06828156117765949, -0.3925703514171416, 0.10448914488368286, 0.7547216736750877, 0.20774494091793805, 0.5384204109475924, -0.011451689822184849], [-0.6136154713098405, -0.36767999155012887, -0.29560177014663686, -0.2611750849932359, 0.20757590857636612, 0.06995027043515234, 0.06540439985823539, 0.5261821951983281, 0.7120244831711752, -0.09043552081055169, 0.4593688386299772, 0.8832138473288376, -0.2352262263718144, 0.17528745379417104], [0.22955778283844777, -0.34030579868188193, 0.3415496485789404, -0.34015848486888844, 0.5722851316296967, -0.7580398236046213, -0.08494622025327528, 0.698893569237194, 0.17323390251854964, 0.6835965727121713, 0.27870342486905203, 0.17141824325550498, 0.17899255588959412, 0.09280758305934944]], "inverted": true, "swapped": true, "error_lsq": 0.04803980550271606, "error_max": 0.3428136584107341, "target": "635.xyz", "model": "0.xyz", "model_rescale": 3.8414455957264533, "target_rescale": 4.240471894802528},
{"mapping": [8, 0, 6, 3, 2, 5, 10, 4, 15, 14, 12, 7, 11, 13, 16], "R": [[-0.22219259467287394, -0.24317395440587622, -0.9441911240692453], [0.9384229393435497, -0.31610713060219015, -0.1394226269163748], [-0.2645615954486756, -0.9170292851818087, 0.2984366806084544]], "T": [0.0332004275383797, 0.0629638705883143, 0.0014498671460936585], "aligned_model": [[-0.6367885680118077, -0.7130563187129284, 0.16889239445954296, -0.3538930398414539, -0.3778236263848472, 0.1280997575790986, 0.6648655799965154, -0.2562997207781058, 0.6576750823726951, 0.20355043271278475, 0.6070386048406806, -0.3248474254235344, 0.2776743428229784, -0.19470510946523933, 0.021661767338165737], [0.23944146865987098, 0.037132493446288495, -0.6329801686721358, -0.46798119365106594, -0.44354103749851004, -0.38875166093378183, -0.2230032347719969, -0.26375584001954, 0.3248430315393693, -0.006674093465845327, 0.10908623264223037, 0.6187973965826595, 0.6657915029559601, 0.6596526453494129, 0.11898698588009939], [0.23216414952924264, -0.4547264079804868, 0.18341640513436694, -0.5715244871096363, -0.012275510570936732, -0.46496255440183076, 0.009632065788978017, 0.5343421036203679, 0.23697595231830587, 0.5503405681087197, -0.42947196964242806, -0.49075477736982986, -0.33440063452133784, 0.23647583392299823, -0.060048949486958304]], "inverted": true, "swapped": true, "error_lsq": 0.039716878775990526, "error_max": 0.24460362437173802, "target": "635.xyz", "model": "1.xyz", "model_rescale": 4.316132596720782, "target_rescale": 4.240471894802528},
{"mapping": [0, 5, 2, 13, 8, 7, 14, 11, 6, 1, 10, 16], "R": [[0.7633631250247406, -0.36862506514154514, 0.530464231312399], [-0.14671094403232543, 0.7007948235101871, 0.6981135396498697], [-0.6290887363906673, -0.6107390414004314, 0.4808795951750043]], "T": [-0.012633753102209933, 0.11157885474376326, -0.1339006871705721], "aligned_model": [[-0.29218514532297535, 0.5226133204879502, 0.1370690861639001, -0.6670402470248316, -0.6036394347845381, -0.4975333197625602, -0.022428701034504797, -0.22926322190415996, 0.540779372698653, 0.18430825470333026, 0.5688768087144301, -0.04374821830291288], [-0.6753723615278715, -0.2034763242734377, -0.4526608089909532, 0.29530600344653474, -0.25056782133976524, -0.11467968375732575, 0.43263260349998994, 0.4488032393135451, -0.026035849872612912, -0.03248818962282517, 0.48767848669217023, 0.10363713417353163], [0.1272927041605091, 0.07786369987851391, -0.42527508995365937, -0.0990853410760803, -0.3637283314953679, 0.49307145712369027, -0.6155417582062019, 0.4787293780147278, -0.5928760044602807, 0.5942103498577666, -0.16910767364648757, -0.05629492898770916]], "inverted": false, "swapped": true, "error_lsq": 0.04377710922695797, "error_max": 0.23339064103789303, "target": "635.xyz", "model": "2.xyz", "model_rescale": 3.795458400668931, "target_rescale": 4.240471894802528},
{"mapping": [8, 13, 7, 12, 2, 5, 11, 14, 15, 10, 0, 16], "R": [[-0.8266468085425414, -0.4894831964046408, -0.2775990892707086], [-0.5476920966143645, 0.8131048833943966, 0.19721515131030518], [0.1291836724690571, 0.31506610264781065, -0.9402366349646916]], "T": [0.14849736059155105, 0.0238274482186657, 0.0005437035813368046], "aligned_model": [[-0.19778061774281064, -0.19025973593532403, -0.6652040113767135, 0.1937796662650155, 0.2032646028064916, 0.19241435391752773, -0.2608343578273222, 0.6062132921638704, 0.486429893036161, 0.6765750510070319, -0.524691785262097, 0.07339747469173429], [-0.06641034578350444, -0.5202144441435628, -0.059386731744017957, 0.07002561036022761, 0.5434924282816356, 0.6123744093259698, -0.3396435822256354, -0.2626765373252361, -0.47667241957345413, 0.08208700228541593, 0.4873488869133097, 0.01544476891856149], [-0.636015311066414, -0.22853637344378236, 0.10242629887165923, 0.7167325041359737, -0.3901290987601167, 0.2873835953384447, 0.4866512671872099, -0.2081694108990778, 0.3869674504228804, 0.44617222129327794, -0.3119101892321272, 0.03719847679117265]], "inverted": true, "swapped": true, "error_lsq": 0.040512950719206096, "error_max": 0.2110908951099743, "target": "635.xyz", "model": "3.xyz", "model_rescale": 3.7530521520055578, "target_rescale": 4.240471894802528},
{"mapping": [13, 14, 15, 10, 11, 2, 7, 8, 0, 5, 16], "R": [[-0.24410221960549605, 0.2802010460056147, -0.928386492901006], [-0.8809508166151636, 0.3361307718066744, 0.33307921422647546], [0.4053884126226933, 0.8991682145527661, 0.16479307281935152]], "T": [-0.017138420610560763, 0.021833994613813495, -0.0709694952373977], "aligned_model": [[-0.4363773525382046, -0.11474515474888619, 0.3617278148928523, 0.577762798533037, 0.23796751227802054, -0.2699475864019121, -0.1995695579396696, -0.7366408568028866, -0.4419073161818694, 0.36869592339631857, -0.008766622041595057], [-0.511174646696397, 0.06918205708079325, -0.35414309161158775, 0.17546618203176526, -0.6257240567158308, 0.59997600309098, -0.46268784196064516, -0.01109332054014206, 0.18569682953391403, 0.43391666884131497, -0.03221142473981883], [-0.12890168859342047, -0.6396351776336933, -0.5496378903674122, -0.39242662924344696, 0.15608499653501468, 0.09490914877342888, 0.5704134291753988, 0.04940788264186366, 0.6762811601962948, 0.2635646283149805, -0.007229082553692229]], "inverted": true, "swapped": true, "error_lsq": 0.043785471321680494, "error_max": 0.21542640485128234, "target": "635.xyz", "model": "4.xyz", "model_rescale": 3.7855080009869324, "target_rescale": 4.240471894802528},
{"mapping": [3, 10, 0, 5, 1, 7, 4, 9, 2, 12, 6, 15, 8, 14, 11, 13, 16], "R": [[-0.9941614551210421, 0.06878357337500347, 0.08313736335353446], [0.024712216620189558, -0.6048651310537344, 0.795944394782114], [0.10503479186121582, 0.7933517462444476, 0.5996338042752066]], "T": [-0.023000219544713214, -0.03886878475598011, 0.012767131933138727], "aligned_model": [[-0.2583807612804422, -0.2735771436187321, 0.37733982520458786, 0.25727287554182016, 0.4034706499695496, 0.4290640670587148, 0.6976136408819626, -0.6383178540910985, -0.3306343733365705, -0.0937779520164578, 0.47311746468161436, -0.712427153882596, -0.16621158991493756, -0.5956483731869301, 0.36805028533867834, -0.11882052270733207, -0.07058520000949459], [-0.4776834906839847, -0.6724131990499822, -0.24904477716596649, -0.7489469754650182, 0.30799198370371783, -0.5382798920615355, -0.15678786946834944, -0.32268561036772425, 0.022599197756699045, 0.6195002707591883, 0.10581245333514472, -0.07897645920558077, -0.14222158559948622, 0.27788364845122016, 0.6399841719823052, 0.48269544931601616, -0.026832223217908745], [-0.47143763862654275, 0.2712181994735103, -0.6228646672282298, -0.2561923443254555, -0.507727002278445, 0.340785269470503, -0.10475536585731979, -0.20574199228128892, -0.6560890574867398, -0.144095745563024, 0.4115297816500945, 0.4626559885917241, 0.6940296187310727, -0.15881196562931882, 0.1494214185782058, 0.5063832359189326, -0.009085625702723914]], "inverted": false, "swapped": false, "error_lsq": 0.034962178090977535, "error_max": 0.2330861352267847, "target": "635.xyz", "model": "5.xyz", "model_rescale": 4.2253639853439635, "target_rescale": 4.240471894802528},
{"mapping": [2, 14, 12, 5, 10, 11, 1, 3, 13, 8, 15, 7, 0, 16], "R": [[-0.2849130096257118, 0.5412944392614891, 0.791090959985392], [0.6265321147565459, -0.5194401751139379, 0.5810674777134682], [0.725453021307865, 0.6611975759953991, -0.19114308612424064]], "T": [-0.0029298854961265428, 0.00017443623417827403, -0.13111473830263348], "aligned_model": [[0.6126570160182455, -0.20509305152468782, -0.4163862513291251, 0.2538376551953951, -0.36248617482530704, -0.47095171365761973, -0.029994729574981553, 0.7099730020867446, -0.18803258557711694, 0.4037796251784043, -0.6993060166444088, 0.07496403198299095, 0.7039960173375758, -0.012894671908325366], [-0.115598256645437, 0.12344195319079478, -0.499666531377926, -0.5820202248233817, -0.5424907136343495, 0.10492282904754267, -0.3471352281062508, -0.4161138461435097, 0.6423632264037433, 0.606502593398241, -0.060739310010324024, 0.33604555653511864, 0.18109938381008023, 0.014487714990648517], [-0.3136683772155249, -0.6593994583811436, 0.1792463354179888, 0.02923849028340511, -0.37002645520815847, 0.42201052024032876, 0.5532321337032304, 0.14909440357912446, -0.0024827788776717874, -0.1456823953531473, -0.2903994700028963, 0.6175759280479878, 0.35177770997795055, -0.04895837728002474]], "inverted": true, "swapped": true, "error_lsq": 0.03584121499120665, "error_max": 0.21423920526134796, "target": "635.xyz", "model": "6.xyz", "model_rescale": 3.89814844738969, "target_rescale": 4.240471894802528},
{"mapping": [10, 12, 11, 6, 13, 1, 5, 14, 2, 0, 7, 8, 16], "R": [[0.5368255546473233, -0.8162292955188778, -0.2135136084992016], [0.8348102304992949, 0.5505093865834858, -0.005594134176833104], [0.12210734184031652, -0.1752402705437047, 0.9769240731236288]], "T": [0.012096183672485383, -0.04324700383413552, -0.004392666447789795], "aligned_model": [[-0.0324466746292012, -0.024147215189253113, 0.3756291560148457, -0.40191351962030974, 0.547973860711686, -0.26310429947999403, -0.571963997558919, 0.3027263215497363, -0.5116968781816078, -0.46549849655743175, 0.08437668586222599, 0.08887471480881443, 0.019822143173630437], [-0.4220765915239846, 0.11810223227515113, 0.4920786188156011, -0.6428608228993316, 0.22146253958140452, 0.5383163944255241, -0.009423257248428449, -0.5384824871324695, -0.21322240004638496, 0.5071781598536892, 0.7663682182810685, 0.10704842872829229, 0.03929223236035402], [-0.5834859886487987, -0.7042240714862829, -0.34678785453522254, -0.0745458572660617, 0.3211524236058527, -0.4236012754133057, -0.30158454066630014, 0.06926540129422191, 0.34550099432502884, 0.47996117730109517, 0.13240392282086597, 0.7060825385963037, -0.01786183909110114]], "inverted": true, "swapped": true, "error_lsq": 0.042022064819104935, "error_max": 0.24799830735085068, "target": "635.xyz", "model": "7.xyz", "model_rescale": 3.7474275329858107, "target_rescale": 4.240471894802528},
{"mapping": [3, 0, 7, 1, 13, 12, 5, 10, 11, 15, 6, 14, 4, 9, 16], "R": [[0.7851189673283058, -0.5265568682285702, 0.32607678798506223], [-0.5523517102474593, -0.3571286491882285, 0.7532374898501125], [-0.28017101086308294, -0.7714901116996328, -0.5712330629626114]], "T": [0.012714715046363631, 0.007080227908381143, 0.029161848771051383], "aligned_model": [[-0.5189836174091419, 0.08503104590713408, 0.4330049843645955, -0.20327409257045034, 0.6928128176389841, -0.311528679126574, -0.5820938488652766, -0.45331597063994955, 0.3180893775015117, 0.10383040891513527, -0.564534187149886, 0.09707500817464763, 0.03351816167984795, 0.6305717065763259, 0.04195060734184312], [0.07210879509558138, 0.07600542739801519, -0.4408144767763966, -0.6386694305780961, -0.01903868471915654, -0.6052819798937729, -0.13569079494042874, -0.15808887550398204, -0.6578435862377566, -0.27535732764739024, 0.42135933018273847, 0.3405333305307995, 0.6912647778336067, 0.3773132085388988, -0.05868175130306727], [-0.6586693754959829, -0.840138358594134, -0.5205298909747205, -0.325864014374649, 0.02908416157477348, 0.22148944227530462, -0.2083514320507643, 0.515350665826162, 0.05338675295217807, 0.6818093675818617, 0.20528330387661184, 0.49482475388435776, 0.1065502143132015, 0.45670224200418014, -0.01413317710211959]], "inverted": true, "swapped": true, "error_lsq": 0.04167491943286064, "error_max": 0.3041890411201921, "target": "635.xyz", "model": "8.xyz", "model_rescale": 4.019505241142653, "target_rescale": 4.240471894802528},
{"mapping": [14, 13, 2, 6, 10, 5, 0, 15, 12, 11, 7, 1, 16], "R": [[-0.6002119160492658, 0.7583069181118984, -0.25439393423606527], [0.5612565083517305, 0.6259067511790141, 0.5415088832709539], [0.5698568133007562, 0.1822398331105638, -0.8012813835117729]], "T": [-0.06004774747926882, -0.10255955357214717, -0.11058455111548013], "aligned_model": [[-0.310583035494612, -0.7050684923774698, 0.2593482754553718, 0.388292440272874, 0.2739025013440155, 0.5902762869530981, 0.0980324495309506, -0.2871765146800105, 0.2770472246603583, -0.27075374554085124, -0.25288882537758506, 0.32683072783157263, -0.06755852083653603], [-0.5623200647710641, 0.09642716365553773, 0.1007873276438304, -0.48788191196081415, -0.6774745104935139, -0.030208425262569505, 0.7349441828811006, -0.6605206066550913, -0.301488561447763, 0.04583260485492667, 0.5965261796342297, 0.2535345752073475, -0.04477972517209795], [-0.35757020597209443, -0.023589391479171773, -0.6419155282345173, -0.5423020429879911, 0.08637996896800132, -0.0612153734171782, -0.3087292661574501, 0.2781490499789676, 0.49266115754398454, 0.5746504149866989, 0.28121392005982626, 0.4490663818270243, -0.05009559107222082]], "inverted": true, "swapped": true, "error_lsq": 0.04708624179722276, "error_max": 0.3263959368168607, "target": "635.xyz", "model": "9.xyz", "model_rescale": 3.877068213659057, "target_rescale": 4.240471894802528},
{"mapping": [7, 0, 5, 4, 2, 8, 14, 3, 1, 12, 15, 11, 13, 6, 10, 16], "R": [[-0.3145696019689785, 0.9018167624090738, -0.29626422759944426], [-0.44391345933395465, 0.13611525052998527, 0.8856712026453843], [0.8390392160913818, 0.4101209158421164, 0.3575108785052336]], "T": [0.07755740115781401, 0.028492487662703923, -0.011835897270321201], "aligned_model": [[0.014189381404636867, -0.21873083589422732, -0.5664106100590864, 0.38266198640578775, -0.1532851961145555, 0.4519870450665836, 0.4746027365029127, -0.6349752239357307, -0.49472571442564256, -0.3309776474385813, 0.3333165040450951, 0.09110846277091798, 0.6244386091273404, -0.16378583872370112, -0.1520823577479763, 0.05807722433332114], [0.20310785720767535, -0.44450692568896133, -0.04191893167601283, -0.5220541065939684, -0.580097617720455, -0.4442507469198669, -0.021853060297274615, -0.43221281727934774, 0.38510660156491133, 0.6083677350408883, 0.6019634269825528, 0.6547048347964786, 0.1403789755979797, -0.3194793696638582, 0.3464757031889232, 0.06806731859388443], [-0.8148978827385813, -0.6857409506069013, 0.09276230439071792, 0.2680567258595894, 0.03295427717970411, -0.42363069179034285, 0.40645813733342384, -0.21206452793693276, -0.3792669239097715, 0.10629524586595457, 0.33419905661919247, -0.3908328287845422, -0.4012174466143147, 0.585266492348678, 0.5600008402046712, -0.0833075003105033]], "inverted": false, "swapped": true, "error_lsq": 0.03703289915588321, "error_max": 0.24408642921424725, "target": "635.xyz", "model": "10.xyz", "model_rescale": 4.260839863003843, "target_rescale": 4.240471894802528},
{"mapping": [0, 7, 11, 1, 10, 5, 2, 8, 13, 15, 14, 16], "R": [[0.23325431540862493, -0.26409552272268205, 0.935866432361524], [-0.9708040590246587, -0.11863164661982722, 0.20848503879538974], [0.055963410586743645, -0.9571729662386531, -0.2840563489475244]], "T": [-0.006909062975494604, 0.14117569530878019, 0.032972938344011514], "aligned_model": [[0.42908548723273077, 0.17428040098167985, -0.27069757714346854, -0.4346647760771891, -0.6026366443218469, -0.38167852278340636, 0.2578177449630642, 0.7132249001710528, 0.40227640437064, -0.39767527398859587, 0.08506794087197685, -0.015501435182507232], [-0.06628152883550092, -0.5881831449051793, -0.53496157129483, -0.28418277414265714, 0.4329209180508983, 0.3538650244466097, 0.5728631988159958, 0.048637475916636363, -0.30770794883528774, 0.03536434988317222, 0.4469972739836706, 0.06374723244940612], [-0.6967759483958595, -0.30558377192126873, 0.12898452917386327, -0.44219268786255234, 0.23505800059039264, -0.46190528152513144, -0.37841738396239655, -0.045145113024443885, 0.3400337794079523, 0.6246887094513067, 0.5158424493755231, 0.0015907960881189134]], "inverted": true, "swapped": true, "error_lsq": 0.04565115296791486, "error_max": 0.2693659802126575, "target": "635.xyz", "model": "11.xyz", "model_rescale": 3.890672605050136, "target_rescale": 4.240471894802528},
{"mapping": [14, 4, 6, 15, 10, 7, 8, 11, 13, 0, 5, 2, 1, 16], "R": [[-0.46261265542014485, -0.45605632449976075, -0.7602645328626685], [-0.7973414560069241, 0.5889415718124635, 0.13188793547486993], [0.3876030618788775, 0.6672034576310544, -0.6360844382212831]], "T": [0.14609790905239517, -0.02106920703771722, 0.07519186026890853], "aligned_model": [[0.489789856135145, 0.10370309913578163, 0.45761391124714373, 0.7535232366023513, 0.7896848775342901, -0.44409925167973574, -0.438100798453924, 0.1575703832853858, -0.10224069372397865, -0.6874166041588212, 0.17127822706331874, -0.1479077252378882, 0.0007274315935323905, 0.10574988545109318], [-0.12920067476152047, 0.16203568160198997, 0.5770070600259215, -0.3954007516306706, 0.19181358956659858, -0.3756094286302196, -0.195384183760452, -0.5202682536759368, -0.6370545315637213, 0.2033247992534468, 0.5358821551129092, 0.5027363062469035, 0.06785309115981264, -0.05558233911729625], [-0.37794498782682473, -0.5875339659351679, -0.20963228858147828, 0.14542142983114034, 0.22121147355067558, 0.528384014271888, -0.32678430309544415, 0.610572942528353, -0.07348783276917742, 0.21859364396030703, 0.42126191534171664, -0.17949393060134114, 0.8239557744101661, 0.14026655027204804]], "inverted": true, "swapped": true, "error_lsq": 0.03670092840144997, "error_max": 0.2055054301425314, "target": "635.xyz", "model": "12.xyz", "model_rescale": 4.124412569039231, "target_rescale": 4.240471894802528},
{"mapping": [15, 4, 8, 10, 13, 11, 6, 1, 2, 5, 7, 0, 16], "R": [[0.8530474431311725, 0.13241088079221358, 0.5047548101952067], [-0.5155488898963432, 0.06418179468602415, 0.8544530644555788], [0.08074281326543731, -0.9891147839754046, 0.12301439845510552]], "T": [0.03721926434709248, 0.08992177631365665, 0.08266200096356119], "aligned_model": [[-0.2648922896825961, -0.09019103423624254, 0.5812280894612699, -0.6023237062112831, 0.5608899048562428, 0.3474015796146218, -0.5722995621309374, 0.18484314287920867, -0.021677612259673504, -0.24832565815792745, 0.7665309322538649, 0.6301947021386739, 0.09591981898453528], [-0.43698317437515793, 0.6756622969995754, 0.530892189432637, -0.17624378157035914, -0.04247550120588227, -0.5705006132742061, 0.48811380287792905, -0.32064141141722396, 0.6919545823629545, 0.1491687302912938, -0.16672769352991756, 0.4825423347887185, 0.04272361512811578], [0.463610302086953, 0.42208047292847245, 0.28968414911827955, 0.05126640957868392, 0.49673404053684367, 0.022716961993180733, 0.006555846376655641, -0.5492653756556809, -0.16180484582629925, -0.5051706681784658, -0.20308286145227217, -0.4271344413520139, 0.04550809081350175]], "inverted": true, "swapped": true, "error_lsq": 0.036102150118455516, "error_max": 0.1985771575299779, "target": "635.xyz", "model": "13.xyz", "model_rescale": 3.9028299243045295, "target_rescale": 4.240471894802528},
{"mapping": [15, 8, 13, 14, 10, 12, 4, 6, 11, 2, 5, 0, 7, 1, 3, 16], "R": [[-0.6716539450051185, -0.4862349180465224, 0.5589781593509293], [-0.28913653644423576, -0.5226283922332876, -0.8020346793778184], [0.6821151233128411, -0.7003107653777287, 0.21043714131295171]], "T": [-0.0653722060168705, -0.03362441851576285, -0.003601702310089036], "aligned_model": [[0.0562404447320585, -0.32427045980410557, 0.020417136157955748, -0.4934912315153608, -0.06598979864169557, 0.4501802459273527, -0.7431065843821847, -0.5597980500154113, 0.5980081774505979, -0.44238645504252144, 0.07749679451047198, 0.08661251587771507, 0.5386917287688906, 0.6256119488324166, -0.0076766795254142595, 0.01129953824983082], [-0.7020187574436287, 0.5279282619960096, 0.10480676956254283, -0.36849395964714293, -0.6337868163655191, -0.4418892743940823, 0.07424970941599097, -0.21595359840703005, -0.16270369877206664, 0.3635039378738412, 0.026500791780271774, 0.8187632872103727, 0.4585917107980789, 0.08840266079505517, 0.5178906873970133, -0.003539429678606671], [-0.23268945216680692, -0.3920459815458499, -0.66442893216572, -0.20291568158011675, 0.3437449737058577, 0.2873220543362307, -0.06334721071235999, 0.5044941464852256, -0.2850785491552552, 0.3511174900039402, 0.63402417468193, 0.12288556501972804, -0.27238531499403346, 0.30838778407618683, 0.6691136450218752, -0.020038601386500456]], "inverted": false, "swapped": true, "error_lsq": 0.03995677124135959, "error_max": 0.27728038056260346, "target": "635.xyz", "model": "14.xyz", "model_rescale": 3.942246331269136, "target_rescale": 4.240471894802528},
{"mapping": [8, 7, 13, 1, 5, 11, 14, 9, 4, 15, 10, 6, 0, 3, 16], "R": [[-0.2057642365872901, 0.17481159212785108, -0.9628613535703756], [-0.34943536819868687, -0.932176060783086, -0.094565930200981], [-0.9140875244709874, 0.31699952517417834, 0.25289384857257335]], "T": [-0.03170655394662991, 0.05146270712074576, -0.020822938205809702], "aligned_model": [[-0.7538206173811479, -0.2282450774454382, -0.4001375744486403, 0.3582846908418662, 0.289822125670915, 0.25461200762999675, -0.08418058477244734, -0.4297897932258208, -0.4680917291653653, 0.4155264785103685, 0.5739973730357666, 0.0999495582726988, -0.5302158953245739, -0.09897330201008048, -0.024443623655887932], [-0.003753869416388722, -0.552986921469657, 0.1657858477967576, -0.5915097904998389, -0.3307797731309379, -0.17307206630443428, 0.6243741157017887, 0.7069382896028523, 0.433827038918873, 0.5084701789199801, 0.3133513279869792, 0.28607522222280335, -0.6610064216883454, -0.6168443098038647, -0.010724178954916452], [-0.11442361096318936, -0.5456351341300489, -0.5815407241017518, -0.17632324767608504, 0.40473944935811174, -0.656094554044596, 0.04374149403321498, -0.3577086831545697, 0.35052021507345354, -0.3450892048238525, 0.19220781462493236, 0.6599750292480461, 0.0768467214226939, 0.5349508827837808, -0.07680396728962367]], "inverted": true, "swapped": true, "error_lsq": 0.03883590872758721, "error_max": 0.24678254860781285, "target": "635.xyz", "model": "15.xyz", "model_rescale": 4.355366556412066, "target_rescale": 4.240471894802528},
{"mapping": [0, 5, 2, 13, 8, 7, 14, 11, 6, 1, 10, 16], "R": [[0.7633631250247406, -0.36862506514154514, 0.530464231312399], [-0.14671094403232543, 0.7007948235101871, 0.6981135396498697], [-0.6290887363906673, -0.6107390414004314, 0.4808795951750043]], "T": [-0.012633753102209933, 0.11157885474376326, -0.1339006871705721], "aligned_model": [[-0.29218514532297535, 0.5226133204879502, 0.1370690861639001, -0.6670402470248316, -0.6036394347845381, -0.4975333197625602, -0.022428701034504797, -0.22926322190415996, 0.540779372698653, 0.18430825470333026, 0.5688768087144301, -0.04374821830291288], [-0.6753723615278715, -0.2034763242734377, -0.4526608089909532, 0.29530600344653474, -0.25056782133976524, -0.11467968375732575, 0.43263260349998994, 0.4488032393135451, -0.026035849872612912, -0.03248818962282517, 0.48767848669217023, 0.10363713417353163], [0.1272927041605091, 0.07786369987851391, -0.42527508995365937, -0.0990853410760803, -0.3637283314953679, 0.49307145712369027, -0.6155417582062019, 0.4787293780147278, -0.5928760044602807, 0.5942103498577666, -0.16910767364648757, -0.05629492898770916]], "inverted": false, "swapped": true, "error_lsq": 0.04377710922695797, "error_max": 0.23339064103789303, "target": "635.xyz", "model": "16.xyz", "model_rescale": 3.795458400668931, "target_rescale": 4.240471894802528},
{"mapping": [10, 12, 11, 6, 13, 1, 5, 14, 2, 0, 7, 8, 16], "R": [[0.5368255546473233, -0.8162292955188778, -0.2135136084992016], [0.8348102304992949, 0.5505093865834858, -0.005594134176833104], [0.12210734184031652, -0.1752402705437047, 0.9769240731236288]], "T": [0.012096183672485383, -0.04324700383413552, -0.004392666447789795], "aligned_model": [[-0.0324466746292012, -0.024147215189253113, 0.3756291560148457, -0.40191351962030974, 0.547973860711686, -0.26310429947999403, -0.571963997558919, 0.3027263215497363, -0.5116968781816078, -0.46549849655743175, 0.08437668586222599, 0.08887471480881443, 0.019822143173630437], [-0.4220765915239846, 0.11810223227515113, 0.4920786188156011, -0.6428608228993316, 0.22146253958140452, 0.5383163944255241, -0.009423257248428449, -0.5384824871324695, -0.21322240004638496, 0.5071781598536892, 0.7663682182810685, 0.10704842872829229, 0.03929223236035402], [-0.5834859886487987, -0.7042240714862829, -0.34678785453522254, -0.0745458572660617, 0.3211524236058527, -0.4236012754133057, -0.30158454066630014, 0.06926540129422191, 0.34550099432502884, 0.47996117730109517, 0.13240392282086597, 0.7060825385963037, -0.01786183909110114]], "inverted": true, "swapped": true, "error_lsq": 0.042022064819104935, "error_max": 0.24799830735085068, "target": "635.xyz", "model": "17.xyz", "model_rescale": 3.7474275329858107, "target_rescale": 4.240471894802528},
{"mapping": [14, 2, 6, 8, 15, 11, 10, 3, 13, 12, 7, 0, 1, 16], "R": [[-0.8979958356862965, -0.24242408578642696, -0.3671975513544244], [-0.3543405737426284, 0.893188579220797, 0.276869860673348], [0.26085673633206224, 0.3787409729355266, -0.8879803142694301]], "T": [0.10041930744326524, -0.11712065704174601, -0.04825055207765631], "aligned_model": [[0.4455710406339739, 0.2089524704541541, 0.7437918676638092, -0.350386988853162, 0.3736359595722659, -0.30022218779402376, 0.6899890742565381, 0.045001561683635116, -0.38173212129731215, 0.26377343578869605, -0.6860347414116148, -0.4925356778709544, -0.17679993548017478, 0.031843890537045935], [-0.49251115681215113, 0.3870476764788132, 0.1664429243073628, -0.1128050609353505, -0.6893431280946491, -0.39295664524255947, -0.18810379486968964, 0.7528822465081002, -0.5669533164545956, -0.09977366217350428, -0.02081739097456231, 0.4913649263296572, 0.23552463421725356, -0.10959001077289146], [-0.3222976751447421, -0.44788942007594723, -0.2520290610138358, -0.62271877202091, 0.2863177232996486, 0.49889212490718454, 0.30981910979917576, -0.05646308109316656, -0.21676230558823767, 0.6518392035635746, 0.17897245665506128, -0.2575657822430247, 0.5750294330488473, -0.00034923543197327295]], "inverted": true, "swapped": true, "error_lsq": 0.036566581025088106, "error_max": 0.21001967156805576, "target": "635.xyz", "model": "18.xyz", "model_rescale": 3.922800546911778, "target_rescale": 4.240471894802528},
{"mapping": [4, 6, 2, 8, 12, 9, 10, 7, 15, 0, 5, 1, 13, 11, 16], "R": [[0.048130076877831274, 0.9950003851297713, 0.08750845268510521], [0.4019743334159965, -0.09949723973745261, 0.9102290560948896], [0.9143851108665864, -0.008633242509922368, -0.404753426358895]], "T": [0.024558933659021676, 0.030840127142973142, -0.04931723888714149], "aligned_model": [[-0.2654900150076768, 0.011416015305027628, 0.3173178566170503, -0.007924830548552524, 0.20660341992527853, -0.7305032653306169, -0.11406300097507371, 0.4306256628782562, -0.47030061742291907, 0.6921656006015315, 0.5392605931017307, 0.622525159624099, -0.2783368133563478, 0.07481015779341862, 0.06794491368241218], [0.34314733839015954, -0.2440263733949699, 0.2646151509775707, 0.7591921645237688, -0.5972556057871682, 0.3887455567858782, -0.6316434643054656, 0.392218703300225, -0.41230742926487446, 0.5964861901348333, -0.30383148687500255, -0.23772670420004105, 0.46997140620264516, -0.11149067561670718, 0.04151673416372674], [-0.5904882414823002, -0.7276518961144484, -0.5834687455522352, -0.0906305730684564, 0.2497926250880472, 0.008951868399742206, -0.20012986718008544, 0.5703035498447568, 0.22041613728300877, -0.046308080412452386, -0.28098610553130343, 0.35067701064769813, 0.37333334844670507, 0.6670492637702674, 0.0217988730243849]], "inverted": true, "swapped": true, "error_lsq": 0.04260802580012823, "error_max": 0.2777987790862041, "target": "635.xyz", "model": "19.xyz", "model_rescale": 3.9282355846067225, "target_rescale": 4.240471894802528},
{"mapping": [15, 11, 7, 12, 10, 1, 5, 0, 6, 4, 13, 14, 8, 16], "R": [[0.4409753837712572, 0.5116300776322036, 0.7374112655566487], [-0.8953391300889519, 0.30799791965701345, 0.3217221217425231], [-0.06251842159996884, -0.8021046971243951, 0.5939019294560604]], "T": [-0.04681025774150683, -0.058585895928762205, 0.09987854265131438], "aligned_model": [[-0.6675423995346382, -0.05856171977778186, 0.5451222282744886, -0.4094635643977613, -0.6727737335696801, 0.13480850679930578, -0.030820136625116186, 0.8017427758530907, -0.3419131891288219, -0.024550786200728987, 0.16566306030053157, -0.41446859803231645, 0.5106327971105927, -0.005352421986488255], [-0.4162158984919817, -0.7116970269917375, -0.5651267804387495, -0.22876843382211767, 0.10924036593257297, -0.23864586275008717, 0.3446064576787585, 0.0779026939768443, 0.6099166375934364, 0.3413023797342666, -0.591970285304604, 0.0068992395360732844, -0.09990875997784968, -0.11465263924998856], [0.12841300740812475, -0.23068455676009744, -0.16928098259672955, -0.49730789255942787, -0.14679750262164984, -0.6241934031306341, -0.4175899039749288, -0.064413268958363, 0.14324741602310162, 0.6603463149482377, 0.4653533230022914, 0.5422456003664324, 0.5697810201708164, 0.05306398592650903]], "inverted": true, "swapped": true, "error_lsq": 0.0334881983322786, "error_max": 0.20182617742406567, "target": "635.xyz", "model": "20.xyz", "model_rescale": 4.067790424073018, "target_rescale": 4.240471894802528},
{"mapping": [8, 6, 0, 7, 3, 5, 1, 4, 2, 14, 15, 11, 13, 12, 16], "R": [[0.3352160951640013, -0.929398641615258, 0.1544290597870513], [-0.9344282010762552, -0.34890616697904525, -0.07147323749057799], [0.12030838115606579, -0.12034388895039091, -0.9854152636406152]], "T": [0.1461184236587969, 0.10587549403336535, 0.06020105048974703], "aligned_model": [[0.43266056559014787, -0.11417336425176028, -0.242663594214169, 0.0717225260074546, -0.6315992971149559, -0.4960695261867121, -0.3870865435835178, 0.3842110455652835, -0.16457665414555578, 0.5506557625459456, 0.4940676614480301, 0.22934014190927293, 0.6852708983368666, -0.1724495569906354, 0.1291338889918195], [-0.14288396217852528, 0.780616515181386, -0.3921961007540081, -0.712231526529812, 0.05551765426859135, 0.2272303119371238, -0.3523113269770224, 0.5397501804414843, 0.33367245884579266, 0.5194906083947359, 0.2610701362043012, -0.445565209492082, -0.29934678872708087, 0.042317513011679506, 0.025764676301283082], [-0.5637148178110876, -0.05309050322444214, -0.5451388659238262, -0.00748010664339771, -0.33051989741524723, 0.11903128488868028, 0.3691419022947515, -0.41895957055235455, -0.4663476103796872, 0.08073518114350697, 0.6675459090591934, 0.534491578729165, -0.03104117320714725, 0.7017507213536971, 0.07884554130933587]], "inverted": true, "swapped": true, "error_lsq": 0.04406288996859315, "error_max": 0.2963373738626102, "target": "635.xyz", "model": "21.xyz", "model_rescale": 4.186013935880536, "target_rescale": 4.240471894802528},
{"mapping": [13, 9, 11, 0, 2, 7, 8, 4, 12, 10, 6, 5, 16], "R": [[0.6443059589751753, 0.7223230265753989, -0.2512355000951012], [-0.29529904747686897, -0.06805670811887951, -0.9529778365939452], [-0.7054560962868873, 0.6881989027592077, 0.16945195912909614]], "T": [-0.028035029073867693, 0.04365423733623259, -0.008653069726728638], "aligned_model": [[0.02263275775231601, -0.5525041960425701, 0.5048712161468188, 0.4363607785800339, -0.1903765231741873, 0.6766471392918948, -0.11022540831269405, -0.6225763954959036, 0.3353164380328381, -0.2046305616704488, -0.49056245452089536, 0.20184055470649165, 0.05178069012953131], [-0.2871867930950967, -0.17525854778609243, 0.25804692348101627, -0.620337180417373, -0.29581254331961065, -0.30534067664754666, -0.669098187477473, -0.2771886312272483, 0.6634734718824766, 0.6978428413487133, 0.23613554178905236, 0.25938492882284714, 0.03429551219242849], [-0.6012681393490767, -0.6239739577064016, -0.46253732700301026, 0.32167270332472736, 0.524342169405325, -0.2557161736369875, -0.14462144604191224, 0.1259227757080168, 0.021529429675500072, 0.13864352493818072, 0.5250899065849115, 0.5668561273909299, -0.03306003195485707]], "inverted": true, "swapped": true, "error_lsq": 0.04100292012095254, "error_max": 0.2813363945930331, "target": "635.xyz", "model": "22.xyz", "model_rescale": 4.166573947596378, "target_rescale": 4.240471894802528},
{"mapping": [10, 5, 1, 11, 12, 6, 3, 14, 15, 13, 4, 7, 0, 4, 8, 16], "R": [[0.7532327098993989, 0.4706154349461713, 0.4595232280614703], [-0.6426865961524293, 0.3779057658685379, 0.6664391729552805], [0.13998008381056323, -0.7973132035240229, 0.5871092160941164]], "T": [-0.1165386302864505, 0.025675539207042155, 0.036862500707847724], "aligned_model": [[-0.7139224512637263, -0.17734136769214523, 0.22758773429427087, 0.17211493551893864, -0.29169025418426175, -0.6472977845247667, 0.18108160127957917, -0.5438480854696653, -0.5503714527689471, 0.22531051729106893, -0.33384613241544936, 0.6573059016375774, 0.6299996122149009, -0.33384613241544936, 0.33623845632595695, -0.0502418568071258], [-0.10625776034522955, 0.32872609179054885, -0.16080104189967634, -0.6148251720953569, -0.35345119270321823, 0.5188030759576983, 0.6697099981731518, -0.0037778789212058912, -0.5437752821199716, -0.3238516745047725, 0.47146205988596557, -0.2315356313654068, 0.46812835267718883, 0.47146205988596557, 0.27440442529591436, -0.01471299208991696], [-0.28958990540457064, -0.541978359060596, -0.6238119121860455, -0.16905536359678888, -0.5485399123630739, -0.06793344056365655, -0.4697788298109779, 0.4263348329412914, 0.0760628896634983, 0.510344834018824, 0.514965071678697, -0.08322763151384008, -0.07529518157183238, 0.514965071678697, 0.5529879970154759, 0.004810372238991639]], "inverted": true, "swapped": true, "error_lsq": 0.04302211626328249, "error_max": 0.307439517204266, "target": "635.xyz", "model": "23.xyz", "model_rescale": 4.274766983524099, "target_rescale": 4.240471894802528},
{"mapping": [8, 5, 6, 14, 10, 15, 13, 11, 7, 1, 16], "R": [[-0.5776448954153854, -0.6546978186100707, -0.48754193779383076], [0.5569085129975526, -0.7527571944002102, 0.3510121286075155], [-0.5968075761511439, -0.06875589128168738, 0.7994331394573643]], "T": [-0.06288623347361917, 0.08171078338331657, -0.08610940598646435], "aligned_model": [[0.34512999298906344, 0.02890425598172161, -0.4608681881320481, -0.5424527558435447, -0.6166675061349347, -0.6030915115497192, 0.12413928683068932, 0.11941422260584393, 0.6524942181455463, 0.33481016095786054, -0.0019174718924034329], [-0.3756260822255996, 0.7310918145942396, 0.4960248305797354, -0.1779052378402155, 0.45179740255011885, -0.08727718007471914, -0.5571566824073607, -0.06321754289300012, -0.09245542195760219, 0.5117733807544104, 0.07853725016347654], [-0.48312883520018846, -0.10783804109438361, -0.5397794079465924, -0.2804417091422946, 0.10678226028257568, 0.35393962765915465, 0.055613735000913295, 0.6079558164723426, 0.28444629572556335, 0.41044964402885253, -0.028432951764365756]], "inverted": false, "swapped": true, "error_lsq": 0.047516769237526416, "error_max": 0.25787587403380774, "target": "635.xyz", "model": "24.xyz", "model_rescale": 3.7841303162186577, "target_rescale": 4.240471894802528},
{"mapping": [3, 0, 8, 11, 7, 13, 1, 5, 0, 4, 6, 12, 9, 15, 14, 16], "R": [[-0.053197471513983845, -0.5638440000307513, 0.8241662287753856], [0.908413916562869, 0.3154046100409263, 0.27441590362047286], [-0.4146735887652218, 0.7632823039965315, 0.49542500864037775]], "T": [-0.007438892907942887, 0.07000051322225147, 0.14715538894099364], "aligned_model": [[0.20136154293989483, -0.122172664161847, -0.6106747539389467, 0.3993003290062857, 0.14230295013658203, -0.34148289482195593, 0.6481787399763296, 0.4207787171155119, -0.122172664161847, -0.5993323532919431, -0.054132161231590356, 0.6878917063030857, -0.6374551865081656, 0.19896706863611832, -0.32585586527632027, 0.03234003775158607], [-0.01525296310967561, -0.5169784741765036, -0.3130255905117157, -0.3796399262275904, -0.7399981992253359, -0.3736598988508128, -0.2881715262439365, 0.2349806404950488, -0.5169784741765036, 0.38635955208461725, 0.7216778278925984, 0.1526537721166852, 0.10747588830210464, 0.324065958753679, 0.45706762737256484, -0.003763746127262463], [-0.6949715890891293, -0.4915581739690119, -0.003364299802990578, 0.5574612378376297, 0.11725468681095468, 0.5405962057440515, -0.030511320234753364, -0.3218910770999711, -0.4915581739690119, -0.008116408093224059, -0.18299405124303034, 0.3108470259516065, 0.6978690857343579, 0.7850183481206304, 0.43687810595654897, 0.15266041316259588]], "inverted": false, "swapped": true, "error_lsq": 0.04176900408243189, "error_max": 0.3675008067837748, "target": "635.xyz", "model": "25.xyz", "model_rescale": 4.19342608120988, "target_rescale": 4.240471894802528},
{"mapping": [0, 5, 2, 13, 8, 7, 14, 11, 6, 1, 10, 16], "R": [[0.7633631250247406, -0.36862506514154514, 0.530464231312399], [-0.14671094403232543, 0.7007948235101871, 0.6981135396498697], [-0.6290887363906673, -0.6107390414004314, 0.4808795951750043]], "T": [-0.012633753102209933, 0.11157885474376326, -0.1339006871705721], "aligned_model": [[-0.29218514532297535, 0.5226133204879502, 0.1370690861639001, -0.6670402470248316, -0.6036394347845381, -0.4975333197625602, -0.022428701034504797, -0.22926322190415996, 0.540779372698653, 0.18430825470333026, 0.5688768087144301, -0.04374821830291288], [-0.6753723615278715, -0.2034763242734377, -0.4526608089909532, 0.29530600344653474, -0.25056782133976524, -0.11467968375732575, 0.43263260349998994, 0.4488032393135451, -0.026035849872612912, -0.03248818962282517, 0.48767848669217023, 0.10363713417353163], [0.1272927041605091, 0.07786369987851391, -0.42527508995365937, -0.0990853410760803, -0.3637283314953679, 0.49307145712369027, -0.6155417582062019, 0.4787293780147278, -0.5928760044602807, 0.5942103498577666, -0.16910767364648757, -0.05629492898770916]], "inverted": false, "swapped": true, "error_lsq": 0.04377710922695797, "error_max": 0.23339064103789303, "target": "635.xyz", "model": "26.xyz", "model_rescale": 3.795458400668931, "target_rescale": 4.240471894802528},
