[{"mapping": [8, 14, 9, 12, 10, 6, 11, 2, 5, 7, 1, 0, 4, 15], "R": [[-0.49291856495740466, -0.37615503522404814, -0.7845627303128337], [0.19559876403671556, 0.8307306261026385, -0.5211791921809885], [0.8478044655624564, -0.4103583998539735, -0.3359070881086677]], "T": [0.04463911651483663, 0.03541852565641901, 0.13490751775060356], "aligned_model": [[0.1994236331996091, 0.13913884437306578, -0.5775689848500337, -0.3416383436719232, -0.5293025039484548, -0.0519389634686367, -0.6143465848274164, 0.0013235268892444543, -0.3480181323259542, 0.06000919846811969, 0.6431861644389487, 0.16805202898797247, 0.6237099993650724, -0.0005377815013099113], [-0.595678220161132, -0.3625648985197182, -0.4251161775713305, -0.4735397364287329, 0.20544646138430642, 0.44271118871018034, 0.19494549420977825, 0.47463471728674456, 0.7038221747660144, -0.19690302498100593, 0.4512653052632201, 0.7824476123253326, -0.13105407557843643, 0.16485651110481395], [0.39220855080943107, -0.28172281689315465, 0.3529004524150733, -0.26144588065263025, 0.48858562046559606, -0.6288180215941552, -0.22529819641154875, 0.6890866280032371, 0.23174893974557775, 0.8593265807562067, 0.17994043416812666, -0.11071828804662126, 0.06314849062470566, 0.1486455937899899]], "inverted": true, "swapped": true, "error_lsq": 0.04563736513648201, "error_max": 0.28986976085441263, "target": "638.xyz", "model": "0.xyz", "model_rescale": 3.8414455957264533, "target_rescale": 4.07539843906922},
{"mapping": [13, 1, 8, 3, 4, 7, 9, 14, 11, 12, 10, 0, 5, 6, 15], "R": [[0.6920497100223202, 0.03611948474967046, 0.7209456163119664], [-0.09721406361498373, 0.9943123054544236, 0.04350247185357578], [-0.7152738109937234, -0.1001919260386164, 0.6916248645495533]], "T": [-0.00440010541278891, -0.03238252891750594, -0.07096893345257345], "aligned_model": [[-0.5814731612066723, -0.6278994422176835, 0.0707509988734556, -0.3600648688348459, -0.5259807954028191, 0.2691910414345886, 0.7370040450584583, -0.14502269916720642, 0.4497585736233389, 0.3274866309737028, 0.6046692085305652, -0.35612607195590634, 0.24829515376458344, -0.253022059786187, 0.014477599817172745], [0.31000342743629655, 0.055416480487623834, -0.7130721389558335, -0.48876713090068785, -0.33530489292174986, -0.5860052481742144, -0.2795504372146429, -0.16814801100014837, 0.5120460153226026, -0.09223946546726523, 0.12909580810695886, 0.6331239485393805, 0.5843941640012515, 0.7075785144849713, 0.07847349429847218], [0.18538833138444705, -0.4407729182883494, 0.06852707763881431, -0.5417353283376086, -0.004808541098005589, -0.5155387145278159, 0.11872546450583314, 0.47920818369267854, 0.22364372625027668, 0.6010527526383339, -0.3648498624908108, -0.3298225845573349, -0.4784649840907752, 0.3152125218355217, -0.15058333721567008]], "inverted": true, "swapped": true, "error_lsq": 0.042773434042563216, "error_max": 0.24465351756086204, "target": "638.xyz", "model": "1.xyz", "model_rescale": 4.316132596720782, "target_rescale": 4.07539843906922},
{"mapping": [8, 7, 9, 13, 12, 4, 11, 1, 10, 3, 5, 15], "R": [[-0.9764021154849494, -0.08464009826831949, 0.19868307084813475], [0.16261469371696, -0.8935428314853895, 0.4184945276684182], [0.14211041574724564, 0.4409277288470327, 0.8862208345948219]], "T": [-0.09603092102012853, 0.04513908116408664, -0.03757008129487255], "aligned_model": [[-0.16035130170785347, 0.43657534534247155, 0.1456571240722164, -0.6281579985470047, -0.4845127386833319, -0.4253367404677887, -0.11211516412727927, -0.11941959205482447, 0.4751348900007939, 0.11981664299378078, 0.371372835404456, -0.020854747593855333], [-0.6233400315019011, -0.43314320515650034, -0.5068889884392992, 0.5016092372044045, -0.3111788725574904, -0.041415845937713185, 0.2766792310110766, 0.45822581615226887, 0.0327586282347072, -0.0997434495509362, 0.6021491997933744, 0.15706470848898912], [0.1559337568000374, 0.22043988126275327, -0.5701186265695508, 0.11875097318452355, -0.5737269598478072, 0.46467636635131354, -0.7694099687818388, 0.5641170431253848, -0.43383138860870485, 0.6615895634382454, -0.3232182397853916, -0.06594393935954382]], "inverted": false, "swapped": true, "error_lsq": 0.04747283029079876, "error_max": 0.2551635576827182, "target": "638.xyz", "model": "2.xyz", "model_rescale": 3.795458400668931, "target_rescale": 4.07539843906922},
{"mapping": [11, 14, 13, 3, 5, 2, 4, 9, 8, 7, 0, 15], "R": [[-0.8156244705574818, 0.4634252918099129, -0.346401099794335], [-0.5761176627507977, -0.5953113616276042, 0.5600828701037431], [0.05334005712769552, 0.6563850863844983, 0.7525380101215016]], "T": [0.027536750771974452, -0.05347425168444501, 0.02670450578315174], "aligned_model": [[0.016262121963071998, -0.17693823171701842, -0.6886430067489213, 0.12351666347794579, 0.026417233628980442, 0.29497228665282305, -0.24903560579979153, 0.6921234274823971, 0.403351260549404, 0.6685775789828224, -0.5253661571336145, 0.008066254405466364], [-0.020614876734847555, -0.597888059094172, -0.10803329081404256, 0.11165507128975757, 0.616265777414523, 0.5839674305526249, -0.2738351376244364, -0.3307090895860397, -0.5202901725750858, 0.04973649282618183, 0.5035741676420475, 0.07194073199319875], [-0.7402715753351418, -0.025309223821475116, 0.03509308330752374, 0.7477630959625515, -0.3754999873893272, 0.18177844114998898, 0.5197910943545588, -0.3313757193584341, 0.38627580753532803, 0.4234496632079862, -0.10600070407474767, -0.02692254489971098]], "inverted": false, "swapped": true, "error_lsq": 0.041619828719153644, "error_max": 0.255478367051507, "target": "638.xyz", "model": "3.xyz", "model_rescale": 3.7530521520055578, "target_rescale": 4.07539843906922},
{"mapping": [2, 0, 1, 13, 3, 11, 7, 10, 9, 14, 15], "R": [[0.8686175932937747, 0.4018302460589974, 0.2898895133886294], [0.45791293355782825, -0.42754621296338974, -0.7794356811572896], [-0.1892596679194875, 0.8097757029775774, -0.5553774292912667]], "T": [0.026361049558050208, 0.018612586929671493, 0.0834012704759442], "aligned_model": [[-0.4262265165997138, -0.021037368037033953, 0.3412439060261637, 0.5082283975827838, 0.2521644163740154, -0.39073534798437953, -0.22279743859650813, -0.6643156669746123, -0.41656503997419936, 0.44048287574521366, -0.062242615116524576], [-0.476938277906975, 0.0488673968688913, -0.4042180406037852, 0.2518839714951461, -0.6916408097171437, 0.6537438154524222, -0.555118345984096, 0.01647894944025377, 0.24353675066044228, 0.3668422762270471, 0.013765672382143362], [-0.14352476340801437, -0.7106096087020761, -0.42184928456702536, -0.3955025007733886, 0.11435736045359357, -0.02659001325481619, 0.5166972265546701, 0.16319979050430078, 0.7158422982615069, 0.3028119283685691, -0.022001656192002936]], "inverted": false, "swapped": true, "error_lsq": 0.043556188001595116, "error_max": 0.21046563041061034, "target": "638.xyz", "model": "4.xyz", "model_rescale": 3.7855080009869324, "target_rescale": 4.07539843906922},
{"mapping": [12, 14, 13, 15, 9, 11, 1, 8, 10, 7, 6, 4, 5, 2, 3, 16], "R": [[0.21212366603126154, -0.6086548617958057, -0.7645539938564094], [0.5502508841090886, 0.7209411626472283, -0.421269277942303], [0.8076060393822129, -0.3313353274451601, 0.4878415582340072]], "T": [-0.017738479694793308, -0.07536809371403763, 0.004015020148596079], "aligned_model": [[-0.005998835180504147, 0.24660444516221303, -0.5637307303954637, -0.20370227743364794, 0.44445404835955876, -0.4266549051783813, 0.24415978729133636, -0.5742496558371424, -0.027031259004572206, -0.34476278309069963, -0.5751711214132493, -0.10994124145409702, 0.3077666504363848, 0.6798283416437236, 0.6049093855628493, 0.014566710124287494], [-0.5957411092705064, -0.07518844791658622, -0.23341158696276693, 0.49180038440238527, 0.3849323841739889, -0.746474826718928, -0.7616000581229584, 0.3361436977070307, 0.6356195968977026, 0.1860758505567222, -0.29878126634407487, -0.4140417037599548, 0.21204050656428552, -0.21039849102615554, 0.19987418270652457, -0.06739320502468144], [0.4423520690476119, 0.6267671251938539, 0.4532169294187523, 0.572394726020911, 0.2893491336293083, 0.12583184240877518, -0.179285082858755, 0.13154239098992782, -0.15527848921562296, -0.6173316148857287, -0.25178269741183673, -0.6469839202866177, -0.6790266706460751, 0.20638351855707085, -0.1337090901595398, 0.046199472935501994]], "inverted": false, "swapped": false, "error_lsq": 0.03449829644557352, "error_max": 0.2917598223691483, "target": "638.xyz", "model": "5.xyz", "model_rescale": 4.2253639853439635, "target_rescale": 4.07539843906922},
{"mapping": [11, 0, 4, 14, 13, 3, 8, 12, 2, 10, 1, 7, 9, 15], "R": [[-0.19883206164646394, -0.12473840209102954, -0.9720628283733481], [-0.9446691451718916, -0.2396507077333344, 0.2239815716596329], [-0.26089464812759977, 0.962812478796722, -0.07018627537978761]], "T": [0.0438079442483606, -0.06450196252989487, 0.0004211821912684516], "aligned_model": [[0.6591346566372902, -0.2888242302288896, -0.40612038065014217, 0.19008359167076805, -0.2596005630774046, -0.5667304582185024, 0.0793024366015997, 0.662589740497775, -0.19270094456513326, 0.4288261531596101, -0.6602468248955777, -0.03705708373582815, 0.7305987824831512, 0.03480727707906728], [-0.014351276468411403, 0.07150792279608645, -0.4237343626772108, -0.623697180959331, -0.5258590894601382, 0.0972672304579553, -0.23912833858199564, -0.48075383378888376, 0.6028649304824536, 0.5138343455736556, -0.04879038654338119, 0.3768024396008549, 0.11098719168430343, 0.028149554519033282], [-0.4559965108187915, -0.7098410140181162, 0.19199925358601821, 0.08291956330522215, -0.45898428270802816, 0.3972573130233012, 0.6762103065484729, 0.09627666467715738, -0.023797925110839842, -0.02593743127606805, -0.1926464346552128, 0.6149972906309653, 0.3802605628704112, -0.1011591471230429]], "inverted": false, "swapped": true, "error_lsq": 0.03961647512855929, "error_max": 0.2751448001129352, "target": "638.xyz", "model": "6.xyz", "model_rescale": 3.89814844738969, "target_rescale": 4.07539843906922},
{"mapping": [0, 1, 4, 5, 14, 3, 2, 11, 10, 7, 8, 9, 15], "R": [[-0.9154615387065604, -0.02503385665378037, 0.4016260414490759], [-0.09804734657537856, -0.954107497386638, -0.28295865645025686], [0.3902779637368019, -0.298416134703948, 0.8709942144295856]], "T": [0.07789915716354374, 0.07526874437073343, -0.02319302110882438], "aligned_model": [[0.011447240170295164, -0.04569394339231238, 0.2949462148115821, -0.33998574082976823, 0.6297887307466862, -0.2768708007489522, -0.6073110417859809, 0.24116166011983114, -0.3937998728560512, -0.4773364090981977, 0.12689282326375043, -0.020592006740814836, 0.005984947244155492], [-0.44243522958467324, 0.19380325867121723, 0.5212706864669939, -0.576757317291782, 0.23102607762188415, 0.6325566825692773, -0.020180007748635903, -0.5906788580206292, -0.25612768097098654, 0.5315399805932525, 0.6957153483695127, 0.07765041937841664, -0.03360209458336197], [-0.62417719548177, -0.7330446891801354, -0.37270470147673285, -0.12593367112740034, 0.08662224166607274, -0.3695653039515047, -0.17576467152156675, 0.3222318054194314, 0.3655010968262112, 0.2268520670447366, 0.29475477817342344, 0.7749610192253071, -0.06745774477977659]], "inverted": true, "swapped": true, "error_lsq": 0.04172495295013448, "error_max": 0.2136460694634372, "target": "638.xyz", "model": "7.xyz", "model_rescale": 3.7474275329858107, "target_rescale": 4.07539843906922},
{"mapping": [6, 11, 12, 14, 9, 4, 13, 1, 8, 3, 0, 2, 5, 10, 15], "R": [[-0.6734541431457166, 0.38889157178056205, -0.6286675293650158], [-0.5474855418778357, -0.8338242014420821, 0.07068792346792357], [-0.49670826298200604, 0.3917914579052462, 0.7744548760243429]], "T": [0.04072810795910876, -0.1386584248659082, 0.05510070774186969], "aligned_model": [[-0.5017387485675253, 0.21824417985393235, 0.36126192077316244, -0.03326502612154202, 0.8153770710570686, -0.30327768662493154, -0.6291492687580017, -0.5580575482506697, 0.39680861533825096, -0.08362886778498163, -0.558325137688671, 0.13001142212632166, 0.010708938600539716, 0.5258263396429305, 0.011357518742863469], [0.14178166694202834, 0.29028782770216854, -0.4182475975294979, -0.5822361057338773, -0.16361787907563058, -0.594170040695783, -0.21502482128161715, -0.10025811557281365, -0.7108773483074888, -0.371990242607389, 0.385349177922776, 0.33243324929845763, 0.6419936976138352, 0.3582055615289391, -0.004511068224514081], [-0.5658456690371805, -0.5564157036579123, -0.5649257228165697, -0.3172777252726237, -0.1594967374003884, 0.26090341286880836, -0.19267535189141682, 0.47126921978080805, 0.24008002204471884, 0.7525940287376397, 0.04219796126886703, 0.5766395019648825, 0.05351093947449114, 0.08992264923057287, 0.06631383040156431]], "inverted": false, "swapped": true, "error_lsq": 0.04231076711534461, "error_max": 0.2656943237919974, "target": "638.xyz", "model": "8.xyz", "model_rescale": 4.019505241142653, "target_rescale": 4.07539843906922},
{"mapping": [8, 14, 4, 3, 7, 2, 0, 9, 10, 11, 6, 5, 15], "R": [[0.6882398290388457, 0.21174489609826108, -0.6938948311530483], [-0.5290094311034355, 0.8009978441229589, -0.28027036146191375], [0.49646244523448135, 0.5599701355310913, 0.6632936663236663]], "T": [-0.056958377735060614, -0.05988035156007695, -0.06579074372336169], "aligned_model": [[-0.27398403844271546, -0.6166176926728567, -0.14853846792127734, 0.36473289168238937, 0.31741043003048686, 0.6372076161506057, 0.2814284953898904, -0.2855402044674194, 0.24336757026816846, -0.295275417211258, -0.35259136377533556, 0.4137012244371282, 0.03439972827336961], [-0.6546922596613509, -0.04013004958869396, -0.024874203646413164, -0.29858238068754867, -0.7164228981707872, -0.13520999504727158, 0.6589325775863795, -0.646435906945605, -0.28401360316101343, 0.18091591496224488, 0.7328272999477082, 0.27678676622636156, 0.014276966300048717], [-0.36166880538949575, -0.2309973325901758, -0.6646005874890075, -0.6328913891188639, -0.15406532340443574, 0.05404500753675895, -0.016622290863435474, 0.43466802858345743, 0.5198501816317106, 0.6231804541569584, 0.14086610993526735, 0.4590484744270542, 0.005890966628086303]], "inverted": true, "swapped": true, "error_lsq": 0.041514133202584076, "error_max": 0.22585753192863142, "target": "638.xyz", "model": "9.xyz", "model_rescale": 3.877068213659057, "target_rescale": 4.07539843906922},
{"mapping": [5, 1, 4, 7, 8, 3, 12, 2, 9, 14, 13, 6, 10, 0, 11, 15], "R": [[-0.2928525944145066, -0.5908736846654006, 0.7517350907830668], [0.8568284018214931, -0.511105628624549, -0.06794207989406276], [0.42436122322464753, 0.624210962061896, 0.6559559642727883]], "T": [-0.06751973100845651, -0.07720320215483373, -0.026461131210078013], "aligned_model": [[0.1515043166656395, 0.18777326781558526, -0.5262939335231728, -0.22035140452063035, 0.3314799841043873, -0.33387095960095536, 0.4280034321752564, -0.5129968144760639, -0.020608414164892175, -0.3603662222119465, -0.7539829883000748, -0.13742282016146468, 0.1806082756279481, 0.6595753648988336, 0.6226666355723594, 0.015328839691786472], [-0.6553548095831865, -0.19043411057047877, -0.18470298708301786, 0.3065503020480761, 0.505554888869179, -0.6438447057096512, -0.6125188721132808, 0.4065577358432875, 0.5471955619716593, 0.3238066168775071, -0.10782533739196, -0.4753871447901194, 0.07802101705379555, -0.2234404432619339, 0.06630677166340054, -0.0970285759612497], [0.45183232223769526, 0.7950684521490549, 0.4593996586179871, 0.6775717494143033, 0.28420777694459415, 0.07715244031714635, -0.18798247332583914, 0.0623131945934865, -0.23519736574774577, -0.6289174402218097, -0.38067713478102355, -0.49215167339354793, -0.6726412249560816, 0.26287159499755786, -0.2448711654675852, 0.0026609313593442367]], "inverted": true, "swapped": false, "error_lsq": 0.03421023851752164, "error_max": 0.22108379923823934, "target": "638.xyz", "model": "10.xyz", "model_rescale": 4.260839863003843, "target_rescale": 4.07539843906922},
{"mapping": [3, 1, 13, 4, 12, 8, 7, 2, 5, 11, 10, 15], "R": [[-0.7714885162880809, -0.2420029616552439, 0.5884216479580833], [-0.6107721580220864, 0.5407584482385599, -0.5783923163767553], [-0.17822132369797766, -0.8056145897442, -0.5649976040397211]], "T": [-0.11170670965193072, 0.006488561551144563, -0.015878731653911005], "aligned_model": [[0.24504682684364146, 0.1902789073195769, -0.3841143774703113, -0.2809334485479712, -0.7414070139487274, -0.33525308814770416, 0.2802007620519307, 0.5949604173071362, 0.40517122459185595, -0.2713008993658439, 0.2719332039378036, -0.015683865477256698], [-0.032365632546947756, -0.5614942297343494, -0.6581574284477465, -0.2468941204117638, 0.32456827181007275, 0.4598264223984277, 0.5397781345302445, 0.055407361637904814, -0.14606440349829394, 0.07271506235716123, 0.40856690070974905, -0.04280783327152489], [-0.6698073158428561, -0.3614439385179143, -0.01535666033546686, -0.5406120921569393, 0.24421284819630773, -0.49853489434513265, -0.3913827744153715, -0.0044720577850792705, 0.5497061056346705, 0.7321873817244334, 0.40192518030517016, 0.06975629493368299]], "inverted": false, "swapped": true, "error_lsq": 0.044147632162406907, "error_max": 0.24142562603246898, "target": "638.xyz", "model": "11.xyz", "model_rescale": 3.890672605050136, "target_rescale": 4.07539843906922},
{"mapping": [10, 9, 7, 5, 2, 13, 12, 0, 11, 14, 3, 8, 1, 15], "R": [[0.8904239560570955, 0.2908738530951456, -0.3500536816907027], [0.1717973686342954, -0.92703235561544, -0.3333116796219733], [-0.4214627416628475, 0.23665040297382262, -0.8754231800462926]], "T": [-0.0016851583677985615, 0.019810921240633418, 0.12202319860208997], "aligned_model": [[0.5234750804442716, 0.057265822631587304, 0.40070385120779284, 0.5785804289172592, 0.6902961206051048, -0.3863514566265773, -0.49895471736684294, 0.22645721515238357, 0.002821723332195214, -0.5794154104936169, 0.20715490961789246, -0.22781609609632777, 0.11719738204556437, 0.09846098142300694], [-0.1518469586258924, 0.09109460124891891, 0.6208374609144607, -0.5009293024840732, 0.10344001069189765, -0.28387404614599726, -0.14963433702370968, -0.49247279299666324, -0.646108003543401, 0.027634941100928685, 0.632464507535431, 0.6204985429169424, 0.12906064365968892, -0.0680127474207661], [-0.3000514142551289, -0.6768506792087085, -0.11428741211233491, 0.171448716627904, 0.24878941840783186, 0.64715916350412, -0.415895099435345, 0.6869406202663954, -0.2600642762204297, 0.03794953612996575, 0.4927612956791547, -0.15453484407043255, 0.8341654006834642, 0.15726000936040535]], "inverted": true, "swapped": true, "error_lsq": 0.039748314992831046, "error_max": 0.29653505085673315, "target": "638.xyz", "model": "12.xyz", "model_rescale": 4.124412569039231, "target_rescale": 4.07539843906922},
{"mapping": [11, 14, 8, 6, 9, 10, 13, 5, 4, 0, 2, 3, 15], "R": [[-0.7644618719471965, 0.6366264528836163, 0.10151258950402758], [0.6198336757473801, 0.6825568171828202, 0.3871981478865186], [0.17721247345624497, 0.3589191424347316, -0.916391176542767]], "T": [0.1674654910461956, 0.1848158227993233, 0.045563496672094035], "aligned_model": [[-0.18642177812805885, -0.10114661800104643, 0.6072960612442477, -0.6804574865610127, 0.5593695197318834, 0.47876237664183874, -0.4678417060099802, 0.06330157943068432, 0.12069086098637222, -0.315247070289041, 0.5494358972164065, 0.5987755621761592, 0.14078110907130448], [-0.4219592094689504, 0.5083159375792008, 0.5961934801631978, -0.008867951263417329, -0.1551633127587363, -0.4357555305884423, 0.45270215129889724, -0.4915688237037418, 0.7755827010195806, -0.043370382755525794, -0.1302792369775887, 0.6205164266518991, 0.08113912731210467], [0.35547804250151477, 0.4506524385604296, 0.4001938159357578, 0.000791205367081986, 0.6600400816856307, 0.08287471939291133, -0.1558867017342629, -0.33123234156942655, -0.0847906435826924, -0.544804929390551, -0.4611073053775293, -0.3793387671072775, -0.0411715337137473]], "inverted": false, "swapped": true, "error_lsq": 0.049940016973232235, "error_max": 0.3229540008853734, "target": "638.xyz", "model": "13.xyz", "model_rescale": 3.9028299243045295, "target_rescale": 4.07539843906922},
{"mapping": [6, 3, 2, 0, 4, 1, 9, 8, 5, 13, 12, 11, 14, 7, 10, 15], "R": [[0.5482943974327827, 0.2669696228906173, -0.7925279012107167], [-0.6776906803466438, 0.6971164419689284, -0.23401711071604364], [0.4900087708553032, 0.6653990432742022, 0.5631478648584683]], "T": [-0.07031298936938839, -0.04870299712703774, 0.06625016587601532], "aligned_model": [[0.09738124032767216, 0.16774557232217013, -0.6262146018648863, -0.20345718153417885, 0.3232083949142012, -0.3784661507952283, 0.42651967232285487, -0.6694266413787878, -0.1510764004628887, -0.11412734648501703, -0.5743692027077215, -0.19551338176384692, 0.23795205383461515, 0.8178379163996299, 0.53119597069002, 0.021856645773987923], [-0.6313555180156617, -0.10569311776182758, -0.18754601828953632, 0.4094551829977751, 0.44060674421838864, -0.6204822101635818, -0.594296416477819, 0.4243683682567979, 0.43186677270899704, 0.35307010897860935, -0.0020442327685843836, -0.5632958144507791, -0.2151095499949689, -0.2137046751137646, 0.23063438141883313, -0.113018097680851], [0.3433836129329848, 0.6396345854354673, 0.5286847907206085, 0.7441735504278639, 0.3213583214075625, 0.04867414854054458, -0.17109048277184244, 0.18361061401531592, -0.09069505196586594, -0.6188118934412401, -0.41123342804575425, -0.44889620404326736, -0.7463580885024392, 0.13400244023199084, -0.27361775253398146, 0.04782048032958901]], "inverted": true, "swapped": false, "error_lsq": 0.047828474095727595, "error_max": 0.3330892162424283, "target": "638.xyz", "model": "14.xyz", "model_rescale": 3.942246331269136, "target_rescale": 4.07539843906922},
{"mapping": [9, 10, 7, 5, 0, 2, 4, 8, 14, 3, 1, 13, 11, 6, 15], "R": [[0.05870709305693672, 0.33840871456092675, -0.9391661296778253], [-0.3719381448036832, -0.86563690445957, -0.3351637899261319], [-0.9263992085838584, 0.36898819973933467, 0.0750480831755636]], "T": [-0.15300185119149748, 0.060790081652152064, -0.028080113645778185], "aligned_model": [[-0.8250858040684008, -0.27319375813450497, -0.16178178674611585, 0.16369018827791212, 0.4472873024563968, 0.2908054329446017, 0.03676835441494464, -0.4984570583646398, -0.5037063014961212, 0.2782182442980875, 0.5299374437451517, 0.12051901225649794, -0.4923892665644939, -0.06342754590884854, -0.07489042057825743], [-0.10202425655882809, -0.4332500451981478, 0.3264942602399696, -0.6400647859570235, -0.3424508298393901, -0.15922336031934448, 0.5995806857066963, 0.609002131092717, 0.31583744176504663, 0.5754244734827828, 0.2730255864990937, 0.11051290837547038, -0.60126411394935, -0.38158116910825607, -0.05187423634978544], [-0.4386293864536263, -0.5023004648909936, -0.7410434530738126, -0.16530263697734182, 0.30458328842934396, -0.5345687802858671, 0.17655987840742293, -0.28993774573833014, 0.3628918455349127, -0.353050880656502, 0.11944983640803487, 0.6342449423709957, 0.16155002414175085, 0.7167523901374313, -0.041836376992903435]], "inverted": true, "swapped": true, "error_lsq": 0.03752238130000138, "error_max": 0.2782207621036485, "target": "638.xyz", "model": "15.xyz", "model_rescale": 4.355366556412066, "target_rescale": 4.07539843906922},
{"mapping": [8, 7, 9, 13, 12, 4, 11, 1, 10, 3, 5, 15], "R": [[-0.9764021154849494, -0.08464009826831949, 0.19868307084813475], [0.16261469371696, -0.8935428314853895, 0.4184945276684182], [0.14211041574724564, 0.4409277288470327, 0.8862208345948219]], "T": [-0.09603092102012853, 0.04513908116408664, -0.03757008129487255], "aligned_model": [[-0.16035130170785347, 0.43657534534247155, 0.1456571240722164, -0.6281579985470047, -0.4845127386833319, -0.4253367404677887, -0.11211516412727927, -0.11941959205482447, 0.4751348900007939, 0.11981664299378078, 0.371372835404456, -0.020854747593855333], [-0.6233400315019011, -0.43314320515650034, -0.5068889884392992, 0.5016092372044045, -0.3111788725574904, -0.041415845937713185, 0.2766792310110766, 0.45822581615226887, 0.0327586282347072, -0.0997434495509362, 0.6021491997933744, 0.15706470848898912], [0.1559337568000374, 0.22043988126275327, -0.5701186265695508, 0.11875097318452355, -0.5737269598478072, 0.46467636635131354, -0.7694099687818388, 0.5641170431253848, -0.43383138860870485, 0.6615895634382454, -0.3232182397853916, -0.06594393935954382]], "inverted": false, "swapped": true, "error_lsq": 0.04747283029079876, "error_max": 0.2551635576827182, "target": "638.xyz", "model": "16.xyz", "model_rescale": 3.795458400668931, "target_rescale": 4.07539843906922},
{"mapping": [0, 1, 4, 5, 14, 3, 2, 11, 10, 7, 8, 9, 15], "R": [[-0.9154615387065604, -0.02503385665378037, 0.4016260414490759], [-0.09804734657537856, -0.954107497386638, -0.28295865645025686], [0.3902779637368019, -0.298416134703948, 0.8709942144295856]], "T": [0.07789915716354374, 0.07526874437073343, -0.02319302110882438], "aligned_model": [[0.011447240170295164, -0.04569394339231238, 0.2949462148115821, -0.33998574082976823, 0.6297887307466862, -0.2768708007489522, -0.6073110417859809, 0.24116166011983114, -0.3937998728560512, -0.4773364090981977, 0.12689282326375043, -0.020592006740814836, 0.005984947244155492], [-0.44243522958467324, 0.19380325867121723, 0.5212706864669939, -0.576757317291782, 0.23102607762188415, 0.6325566825692773, -0.020180007748635903, -0.5906788580206292, -0.25612768097098654, 0.5315399805932525, 0.6957153483695127, 0.07765041937841664, -0.03360209458336197], [-0.62417719548177, -0.7330446891801354, -0.37270470147673285, -0.12593367112740034, 0.08662224166607274, -0.3695653039515047, -0.17576467152156675, 0.3222318054194314, 0.3655010968262112, 0.2268520670447366, 0.29475477817342344, 0.7749610192253071, -0.06745774477977659]], "inverted": true, "swapped": true, "error_lsq": 0.04172495295013448, "error_max": 0.2136460694634372, "target": "638.xyz", "model": "17.xyz", "model_rescale": 3.7474275329858107, "target_rescale": 4.07539843906922},
{"mapping": [11, 9, 10, 14, 0, 1, 5, 7, 13, 2, 4, 8, 3, 15], "R": [[0.7285409962519172, 0.6176757977287879, 0.2961496677026155], [0.6134080708381779, -0.7807042988196515, 0.1192951651790678], [0.3048910549866115, 0.09474917785723379, -0.9476624071284718]], "T": [-0.01989076852058794, -0.06154011537308524, -0.07357540518185815], "aligned_model": [[0.5075984810009749, 0.3195352192664194, 0.6317773419294902, -0.4075271500613257, 0.1878895636174979, -0.29259938939729135, 0.6642712430444793, 0.04275312317376742, -0.3534311241011779, 0.3826600503469727, -0.5993744963460019, -0.3956456994876203, -0.3589064484738964, 0.08584693337058823], [-0.3766627151834234, 0.4486343922134376, 0.1797892696755547, -0.16954743138907688, -0.7120550532465963, -0.3323832511494173, -0.3387265612293991, 0.653917334383333, -0.6955677830088711, 0.12696017773761392, -0.07986150411867948, 0.5013758242461542, 0.27692447632315187, -0.12238893374254797], [-0.5339144145134413, -0.5944093753378371, -0.09583489085566, -0.4966289427189384, 0.33541467898649613, 0.5473022640505391, 0.18218117907167772, 0.17779862207070515, -0.021419389825856894, 0.47807853277335755, 0.10544556621786408, -0.2478712673717868, 0.49818977068509107, -0.009537614570555353]], "inverted": true, "swapped": true, "error_lsq": 0.03557853775775712, "error_max": 0.24483286457978698, "target": "638.xyz", "model": "18.xyz", "model_rescale": 3.922800546911778, "target_rescale": 4.07539843906922},
{"mapping": [11, 10, 12, 6, 3, 5, 7, 13, 2, 14, 8, 4, 0, 1, 15], "R": [[-0.6772507483528095, -0.7116859343259309, 0.18664017450213388], [-0.6215677922163941, 0.6891639221321498, 0.37243330692980486], [-0.39368122070375366, 0.13622121462554798, -0.9090978369521859]], "T": [0.13568626339631384, 0.010286291436675123, -0.07129578460494104], "aligned_model": [[-0.17097804232271324, -0.38705916976577115, 0.514397578342253, 0.020712277800936707, 0.2304850201157629, -0.6251401470903022, 0.08361148622814851, 0.3019326374175057, -0.43570051962058776, 0.649086495273317, 0.6355118923012064, 0.5606348758749375, -0.3367328441060022, 0.05116400592711154, 0.004125290511815566], [0.5494873005088807, -0.13604783676144513, 0.34476922172777, 0.852544359291499, -0.5868341766949253, 0.1876355517186756, -0.730387974596499, 0.5123670266736975, -0.38438494504263754, 0.27441374935060736, -0.43027040886735385, -0.10728252232342139, 0.40153111440837597, -0.07168553912333409, 0.04175658476468962], [-0.5237097987532809, -0.5057266974100412, -0.6281114762791835, 0.11810766871081815, 0.3655859724909729, -0.0747348553703209, -0.23767598287038771, 0.41474699179953733, 0.06889461743723571, -0.1582367307360714, -0.28231546450953193, 0.34557568609609224, 0.43601370193418043, 0.6493648034918658, -0.04511926886855597]], "inverted": true, "swapped": true, "error_lsq": 0.0362425738350548, "error_max": 0.2619136095289757, "target": "638.xyz", "model": "19.xyz", "model_rescale": 3.9282355846067225, "target_rescale": 4.07539843906922},
{"mapping": [4, 3, 7, 1, 13, 2, 5, 10, 6, 12, 8, 14, 9, 15], "R": [[0.8976620140335771, -0.08273263883976717, 0.4328489563713772], [-0.14350410062819352, 0.8738047166752336, 0.46462015692284386], [-0.41666471132563543, -0.47918746601588347, 0.7725088289134316]], "T": [-0.04620640116714061, -0.07373958340921169, 0.05282255431988196], "aligned_model": [[-0.5079078705472487, -0.15087322835094694, 0.440415909834796, -0.5158099915089711, -0.7203835411352891, 0.29416137924350233, 0.23220223035166634, 0.5943542703731626, -0.5181546237348951, 0.046833069040865156, 0.07963510715620828, -0.34055592022386155, 0.6173319178018066, -0.018725889216118525], [-0.46439309051234823, -0.7392771687481907, -0.6501225867327327, -0.2854824700446636, 0.16748003948713971, -0.19926349260457263, 0.41363454841626524, 0.13595445294041825, 0.6579344815144649, 0.18698952823123968, -0.6213871391838955, -0.04881072256852212, -0.03499641272384715, 0.004622119954080711], [0.10188540035611048, -0.26734912651542286, -0.047046765646946404, -0.4647221240861786, -0.004263166665544618, -0.5556962307754569, -0.4905709529540255, -0.11781483948120704, 0.032591976192645866, 0.7518996548928152, 0.468383909882331, 0.5564481620463706, 0.5055608008044086, -0.057123540806217316]], "inverted": true, "swapped": true, "error_lsq": 0.04072857872565875, "error_max": 0.27424001525012975, "target": "638.xyz", "model": "20.xyz", "model_rescale": 4.067790424073018, "target_rescale": 4.07539843906922},
{"mapping": [11, 8, 6, 5, 13, 4, 0, 12, 14, 9, 7, 2, 10, 3, 15], "R": [[0.7826038269563164, -0.04082568254273451, 0.6211799366353102], [-0.27940943639809096, -0.9147265325430233, 0.2919002184197857], [0.5562927438723512, -0.40200576402178273, -0.7272755659364843]], "T": [0.009825390997095187, 0.08100469816897343, 0.037525377881096146], "aligned_model": [[0.3725695012495138, 0.12751105454632797, -0.3508248182042336, 0.2555543314757505, -0.6233135827209222, -0.4866601986352273, -0.3646983743364189, 0.2583669732602788, -0.18628956885029546, 0.7405508345953434, 0.3857994338438781, 0.21846770691524775, 0.6341340064392098, -0.2412972524304765, 0.028573906759539313], [-0.2543548982636142, 0.7406014231671563, -0.368006607606451, -0.6604698998690972, -0.08106173550973722, 0.385412471888805, -0.6198631665413381, 0.4593303616381103, 0.4727700520335218, 0.3777172195396297, 0.33875785441454254, -0.3321194130501685, -0.21414536903490428, 0.2513116060017443, -0.054984758880352175], [-0.5501903836415848, 0.23634040690714742, -0.6157828282873613, 0.04993998620232169, -0.2605182650644904, 0.2078883400744287, -0.008641982719705087, -0.5628424922332322, -0.34842885550034247, -0.11982156230137816, 0.6467866934975046, 0.5739006590723196, 0.11834538457676838, 0.7189491098737945, 0.04932536316495044]], "inverted": true, "swapped": true, "error_lsq": 0.04066063606572704, "error_max": 0.2561194307109173, "target": "638.xyz", "model": "21.xyz", "model_rescale": 4.186013935880536, "target_rescale": 4.07539843906922},
{"mapping": [9, 12, 8, 2, 0, 7, 10, 11, 4, 14, 6, 1, 15], "R": [[0.39408236802108254, -0.6228153068572616, -0.675869943671999], [-0.8973001746235416, -0.4198510954978911, -0.1362991351028413], [-0.1988755486113314, 0.6601713044002411, -0.7243081975312899]], "T": [0.04827431413774232, 0.00862562988704841, 0.029416875872364003], "aligned_model": [[-0.08797059861955456, -0.45090212483816217, 0.40226130937720517, 0.4374990681050526, -0.14773406268249603, 0.6691395831183529, -0.005156759404606949, -0.6357689003397214, 0.3345640876177353, -0.20305405925202022, -0.666412901991628, 0.3897771851377246, 0.022332209195344233], [-0.34093074581758137, 0.1812406763260443, 0.2645050940454496, -0.5218153993924521, -0.1094065993924617, -0.26831829992774436, -0.6662371391893638, -0.33421979222480436, 0.5325174064082462, 0.48193050777765095, 0.17016561338776537, 0.21897090609446496, -0.08944556854912053], [-0.6819225071205757, -0.5057202408865681, -0.5161691190205832, 0.2921676986898215, 0.7918238202502556, -0.31237384762392656, -0.12905093241254104, -0.033837073006069716, 0.13786568589416, -0.20235538632445357, 0.5001804632386774, 0.6396182607651543, 0.12265273889199474]], "inverted": true, "swapped": true, "error_lsq": 0.04642760102923728, "error_max": 0.29173772052141717, "target": "638.xyz", "model": "22.xyz", "model_rescale": 4.166573947596378, "target_rescale": 4.07539843906922},
{"mapping": [7, 0, 8, 4, 1, 10, 13, 3, 2, 11, 9, 14, 12, 5, 6, 15], "R": [[-0.21102033939050413, 0.8949631412365022, -0.39307937136360743], [0.3783380211711664, -0.29601007067777924, -0.8770623579846658], [-0.9012939354615688, -0.33379486797347335, -0.27613443829911727]], "T": [-0.08818529197994324, -0.030117976762775694, -0.040812495126648016], "aligned_model": [[0.09543304883083514, 0.1371507100391957, -0.6582051235784605, -0.2679751845295205, 0.4343693478120492, -0.10100163228106429, 0.37808093006566285, -0.49534101215144133, 0.09310714914566626, -0.43116571015916116, -0.6328169348943014, -0.08463732654335487, 0.0790673673287389, 0.6270775890976559, 0.5668445824501809, -0.02894124104008483], [-0.5301469847259972, -0.02185594439574365, -0.15496738131988666, 0.3877796555588424, 0.2818074632024302, -0.7775901283294564, -0.7284863692538001, 0.411310626166152, 0.617053551118694, 0.3737316360304336, -0.18186189538569655, -0.5893204818949421, 0.03423212713232865, -0.3534489576977453, 0.29187130803667827, -0.01665231638026448], [0.4363090237377071, 0.7439875990713656, 0.5191599666849296, 0.5361542949068778, 0.33031851840026677, 0.004600687514974958, -0.14893528386502713, -0.012676040767435323, -0.007476276394267553, -0.6250754927730737, -0.2428009180113802, -0.6005068165338032, -0.6711036717363797, 0.2328991577519754, -0.25614107206258485, -0.008074033186608584]], "inverted": false, "swapped": false, "error_lsq": 0.038611358577338814, "error_max": 0.33316036738786725, "target": "638.xyz", "model": "23.xyz", "model_rescale": 4.274766983524099, "target_rescale": 4.07539843906922},
{"mapping": [4, 14, 6, 0, 11, 5, 2, 10, 7, 9, 15], "R": [[-0.08634278962776126, 0.9949580166132153, 0.05102418893420477], [0.43317220967854086, 0.08361322877914185, -0.8974244618547778], [-0.8971659598098374, -0.055383870849049166, -0.43820756201630007]], "T": [0.09791654543883224, 0.10428197991164935, -0.08896933286973058], "aligned_model": [[0.4077515944618122, 0.23694554709104407, -0.637736263563661, -0.5636528854839377, -0.4515772254951852, -0.5231586125830312, 0.014212492806927254, -0.07222237598650325, 0.646769459397192, 0.3359476330875796, -0.013384659774161825], [-0.012525175204466513, 0.5727084557789923, 0.3798205018416454, -0.2611400447086807, 0.5361308447522082, -0.19256259621045757, -0.5005457841173031, 0.03767783948211294, -0.21785299034651873, 0.5380656980987145, 0.0358097818772366], [-0.5974414591574095, -0.4085775518436853, -0.46498104265751916, -0.33878500843659837, 0.22887075023035003, 0.280449616210111, 0.2703057664177004, 0.5818684410084691, 0.3281422360562955, 0.5450093268604967, -0.04529464066663288]], "inverted": false, "swapped": true, "error_lsq": 0.04921525964113334, "error_max": 0.22677607057548052, "target": "638.xyz", "model": "24.xyz", "model_rescale": 3.7841303162186577, "target_rescale": 4.07539843906922},
{"mapping": [4, 1, 6, 0, 8, 3, 5, 7, 10, 14, 11, 12, 14, 2, 9, 15], "R": [[-0.9455604620608021, -0.26789446771027886, -0.18479168476311092], [-0.055771922812663285, 0.6927957141865303, -0.7189739849469895], [0.3206320402161034, -0.6695271858371413, -0.6700212251950363]], "T": [-0.047908339779892846, 0.004241170663489918, 0.05050703837305717], "aligned_model": [[0.08512895779538573, 0.17704817459163114, -0.5430439549836553, -0.08938075623850633, 0.41411808141273554, -0.36802645894137576, 0.29210689171529247, -0.5253877572779156, -0.22120900172382288, 0.05705861772589376, -0.7826840848952485, 0.2340343988031049, 0.05705861772589376, 0.6400449739247464, 0.3793924883705103, -0.09521262841207405], [-0.583015370069984, 0.03370468718089134, -0.3620544256536, 0.5009393568314293, 0.1705431570818299, -0.7307717678912344, -0.7909588257395403, 0.3828188429164825, 0.69127975042512, 0.17323542315194715, -0.025892198296861457, -0.3996423550774193, 0.17323542315194715, -0.30390981573837683, 0.15359244921385987, -0.039648423624463816], [0.4911147728466767, 0.7587180674028563, 0.428256573010134, 0.591710234854892, 0.37964685527783293, -0.028753655383778748, -0.0957302807885694, 0.2774385523536277, -0.27074049199272876, -0.7174264501325605, -0.17000181321335683, -0.5261716383816392, -0.7174264501325605, 0.07409168739704315, -0.31996415670622713, 0.0758778363258944]], "inverted": false, "swapped": false, "error_lsq": 0.054796271577846695, "error_max": 0.4672368336874634, "target": "638.xyz", "model": "25.xyz", "model_rescale": 4.19342608120988, "target_rescale": 4.07539843906922},
{"mapping": [8, 7, 9, 13, 12, 4, 11, 1, 10, 3, 5, 15], "R": [[-0.9764021154849494, -0.08464009826831949, 0.19868307084813475], [0.16261469371696, -0.8935428314853895, 0.4184945276684182], [0.14211041574724564, 0.4409277288470327, 0.8862208345948219]], "T": [-0.09603092102012853, 0.04513908116408664, -0.03757008129487255], "aligned_model": [[-0.16035130170785347, 0.43657534534247155, 0.1456571240722164, -0.6281579985470047, -0.4845127386833319, -0.4253367404677887, -0.11211516412727927, -0.11941959205482447, 0.4751348900007939, 0.11981664299378078, 0.371372835404456, -0.020854747593855333], [-0.6233400315019011, -0.43314320515650034, -0.5068889884392992, 0.5016092372044045, -0.3111788725574904, -0.041415845937713185, 0.2766792310110766, 0.45822581615226887, 0.0327586282347072, -0.0997434495509362, 0.6021491997933744, 0.15706470848898912], [0.1559337568000374, 0.22043988126275327, -0.5701186265695508, 0.11875097318452355, -0.5737269598478072, 0.46467636635131354, -0.7694099687818388, 0.5641170431253848, -0.43383138860870485, 0.6615895634382454, -0.3232182397853916, -0.06594393935954382]], "inverted": false, "swapped": true, "error_lsq": 0.04747283029079876, "error_max": 0.2551635576827182, "target": "638.xyz", "model": "26.xyz", "model_rescale": 3.795458400668931, "target_rescale": 4.07539843906922},
