[{"mapping": [5, 0, 6, 7, 12, 1, 8, 11, 13, 4, 10, 9, 3, 14], "R": [[-0.7268668504810043, 0.5339263379715291, -0.4319574600491789], [-0.43287939499529093, 0.13211315594666256, 0.8917183094533407], [0.5331791547503864, 0.8351459630783864, 0.13509703658311029]], "T": [-0.04862407372172786, 0.10898757203269302, 0.06931944759813935], "aligned_model": [[0.21494972231068746, 0.13583852373897617, -0.48232102277328426, -0.35922078060209417, -0.5071471029133251, 0.13481379249610584, -0.8753514078902214, 0.047456402631638334, -0.3607081816866461, 0.04871425990948479, 0.6002765128114799, 0.12142702218455159, 0.6694881525949534, -0.016723791684002592], [-0.6227858875849345, -0.3432933263552367, -0.45276672539646035, -0.2602172178806962, 0.16257390361978036, 0.2108816475969191, 0.22261005027348832, 0.5314498612637774, 0.7462992532320902, -0.12760594189362445, 0.4790870821500478, 0.8047251914642191, -0.24524205812465885, 0.12955749944532363], [0.3540951068781089, -0.3349767632965213, 0.2927816521066197, -0.3694532105909466, 0.5710525598555571, -0.6751952846196894, 0.0597476976556352, 0.5166695312053987, 0.2529397489621658, 0.6746470414845166, 0.2916657996260917, -0.10745797551204067, 0.3013285714472079, 0.06974361197772998]], "inverted": false, "swapped": true, "error_lsq": 0.04986830553409013, "error_max": 0.26277707047761256, "target": "64.xyz", "model": "0.xyz", "model_rescale": 3.8414455957264533, "target_rescale": 4.187913894513224},
{"mapping": [7, 13, 0, 4, 5, 2, 6, 9, 8, 11, 1, 10, 10, 12, 14], "R": [[0.9232006618096453, -0.38219030770215423, -0.04038696241073411], [-0.24720494776912788, -0.5100795744564648, -0.8238376912479636], [0.294262216114635, 0.7705513587171492, -0.5653851357671684]], "T": [-0.026242089747566914, 0.044516805129299855, -0.11777686063267236], "aligned_model": [[-0.22586134178500428, -0.3714897688388743, -0.7127706881995606, -0.2168744726902772, 0.40815211158782205, 0.35048852776866185, 0.7463649310752941, 0.14378620673808287, 0.31384314262148616, -0.6077115708866956, -0.5742532147713422, 0.3777237142569582, 0.3777237142569582, -0.051954206114884285, -0.05259479916613614], [-0.2576677610860827, -0.5775947332863078, -0.01939589152026315, 0.34948117405526796, 0.5350365897303622, 0.20946600184272302, 0.02849624866600734, -0.572732023736122, -0.4509568360228942, 0.048464869660816215, 0.6576381723482773, 0.3423645323817896, 0.3423645323817896, -0.014888063091885437, 0.11399507344945961], [-0.6486173680285915, 0.14419312713608207, -0.3416317694948398, -0.5257882123220105, -0.18859213965924004, -0.7305333636156012, -0.23112987969027216, -0.35358174109933, 0.39520491599145413, 0.5052344213038761, 0.1510425714745512, 0.34749688779495413, 0.34749688779495413, 0.6425516818873426, -0.06735559522886875]], "inverted": false, "swapped": false, "error_lsq": 0.05067688499037178, "error_max": 0.41840187910218596, "target": "64.xyz", "model": "1.xyz", "model_rescale": 4.316132596720782, "target_rescale": 4.187913894513224},
{"mapping": [5, 4, 3, 7, 0, 6, 1, 8, 10, 12, 9, 14], "R": [[-0.2560970018838716, 0.7897820018429907, 0.5573676660795557], [-0.24239373548043144, -0.6106423270438825, 0.7538973573519641], [0.9357668527074121, 0.05796842232897853, 0.34782187882126436]], "T": [0.02365624455200084, 0.10333216190022952, -0.05251093290827639], "aligned_model": [[-0.23038062741868248, 0.25307084181560113, 0.17378904820934693, -0.615842663647478, -0.4726584216523822, -0.40192701634308603, -0.28190815441648326, -0.2046179848940327, 0.6584794505497733, 0.19371418460238649, 0.475819869576911, 0.05027002824990638], [-0.6847191945358765, -0.4330260275679412, -0.6095321852752128, 0.22964509999663918, -0.0821468210440769, -0.20179676757701487, 0.48715466064908636, 0.5807259296356961, -0.06692161479328902, 0.08907038225309698, 0.6020600584526876, 0.1022629075471852], [-0.03012688562914593, 0.2500804964138059, -0.4578214284647604, -0.032759353848317456, -0.4008056156823609, 0.47604513373226026, -0.6505449849690588, 0.5928307112756716, -0.4714341567819222, 0.6075859371302283, -0.35423433113476854, -0.07955706083221066]], "inverted": false, "swapped": true, "error_lsq": 0.05276258125317426, "error_max": 0.2953818735899911, "target": "64.xyz", "model": "2.xyz", "model_rescale": 3.795458400668931, "target_rescale": 4.187913894513224},
{"mapping": [4, 6, 8, 1, 11, 9, 7, 3, 0, 2, 13, 14], "R": [[0.6906603789615198, -0.4162870215059708, 0.5913487605959934], [0.5244760317175248, -0.274660240149758, -0.8059073424623427], [0.4979087598009982, 0.8667565218713759, 0.028635619547465546]], "T": [0.024248833635242974, 0.009898765253761892, 0.016351267213105626], "aligned_model": [[0.09980596891343294, -0.32572767325145846, -0.8044487112762471, 0.26110890901112277, 0.0002011042190482662, 0.08800939999364812, -0.1719635965121744, 0.7658928984764543, 0.3239939893967741, 0.7149697430979057, -0.4104321054805168, 0.05189389915557569], [-0.1694476441695584, -0.6065837863381652, -0.02769746725750015, 0.09928735879007983, 0.46823471733781463, 0.7132929488216051, -0.4341978248729851, -0.19525782349360812, -0.4247652755879596, 0.036666834613099566, 0.5903802306226832, 0.03585677682420358], [-0.6113419083766013, -0.2096177557759528, 0.10760187476458477, 0.7472691996279266, -0.40457367003724354, 0.2293998070654874, 0.4517623806308451, -0.3043774174963773, 0.3674351606758566, 0.39084640431417533, -0.09029222317926605, 0.014659578425665584]], "inverted": true, "swapped": true, "error_lsq": 0.046178688957317617, "error_max": 0.2654511480476744, "target": "64.xyz", "model": "3.xyz", "model_rescale": 3.7530521520055578, "target_rescale": 4.187913894513224},
{"mapping": [9, 8, 12, 6, 11, 7, 10, 1, 2, 5, 14], "R": [[0.7416011104665848, 0.6105467323879404, -0.27795769556739613], [0.23318256466212733, -0.6231150541230498, -0.7465611300240739], [-0.6290100829814427, 0.4888356747370612, -0.6044716689904011]], "T": [-0.047631417246805696, -0.050205878394299186, 0.00811776997975973], "aligned_model": [[-0.5565183894490311, -0.03453102111977249, 0.40422490089574603, 0.46086968022220703, 0.12536653129163627, -0.21923943630681964, -0.09572396824001038, -0.7604898556554571, -0.45772709583195864, 0.5322407906307216, -0.06027253399205622], [-0.5835907368452571, 0.006656043553580682, -0.2626220407888938, 0.3936097564036697, -0.6484340876998749, 0.5370954510274872, -0.5915155553049283, 0.2002883750351499, 0.10714862773989672, 0.3821804385145498, -0.07361291332103385], [0.03556061842433929, -0.8243934146139333, -0.4561625557672235, -0.3050125660182487, 0.01287806982484495, -0.21756291826789448, 0.5668256176732228, 0.1737061623127596, 0.6601297375260231, 0.4116658015141392, 0.035196224637287624]], "inverted": false, "swapped": true, "error_lsq": 0.05402156905621654, "error_max": 0.25913732512945703, "target": "64.xyz", "model": "4.xyz", "model_rescale": 3.7855080009869324, "target_rescale": 4.187913894513224},
{"mapping": [2, 14, 12, 1, 4, 0, 5, 3, 10, 13, 11, 6, 7, 8, 16], "R": [[-0.3778384274529656, 0.5828611053492556, -0.7193824119416004], [-0.8915682625252181, -0.01951202534598334, 0.45246581542107894], [0.24968811745382316, 0.8123374992808974, 0.5270328559629126]], "T": [-0.03933939951679398, -0.0323736453625758, 0.026761303671994766], "aligned_model": [[-0.20049403623679812, -0.5376701247852852, -0.6784066903716024, -0.20718910277170727, 0.328346669991493, 0.3050436997487407, 0.7262901034988248, 0.2911302683543331, 0.4612769592776228, -0.5650976950738196, -0.5357118281064173, -0.0014091912600159712, 0.5854127236365462, 0.00038532146255017274, -0.06733479151197605], [-0.4031809579042681, -0.477714478890968, 0.10725089101648194, 0.3980554238410982, 0.5721702378856997, 0.16036102990953596, -0.06586666421532661, -0.48162126916190157, -0.44332931541314446, 0.14177671433826103, 0.5881234330763117, 0.5406627392768624, 0.2631709823654055, -0.09017696633373373, -0.07560991401737611], [-0.5915564201625585, -0.07828834543967875, -0.16075736102723415, -0.5729563236252745, -0.18849303747352275, -0.6460889836940225, -0.23360944433839426, -0.38722296719713717, 0.3606220121044074, 0.49379182274375627, 0.058917424165371116, 0.3370316200864432, 0.31608401192772656, 0.7270402456597136, 0.011476170514865068]], "inverted": false, "swapped": false, "error_lsq": 0.03512186347762653, "error_max": 0.2735986436447205, "target": "64.xyz", "model": "5.xyz", "model_rescale": 4.2253639853439635, "target_rescale": 4.187913894513224},
{"mapping": [0, 1, 10, 3, 2, 11, 4, 5, 13, 7, 9, 12, 6, 14], "R": [[-0.583261976655685, 0.3443547328481368, 0.7356801509846461], [-0.43168246258242127, 0.63580053716498, -0.6398499264980028], [-0.6880811856797712, -0.6907803521422794, -0.22218637898779706]], "T": [0.029074119526395718, 0.07943991627742787, 0.023632661482435056], "aligned_model": [[0.43777115197105476, -0.06475825675561356, -0.5290970312446167, 0.141101762345888, -0.06337736873135191, -0.4358141092544081, 0.18055228430672637, 0.6290973912822655, -0.502357678354597, 0.5047195574052541, -0.6705428846811479, 0.07281157718702952, 0.6737895667753397, 0.00016619050596114807], [-0.14091909603159114, 0.09905694613739546, -0.4605474912685146, -0.7440432851908717, -0.44857227908423514, 0.020829876506921155, -0.21172697614870767, -0.4459514680326242, 0.5212028989760819, 0.3515941351895357, 0.16776603393842188, 0.41419684995537753, 0.2663547684166901, 0.0558582332711109], [-0.40816419864677594, -0.7439249566725605, 0.08952716042704467, 0.08933850718854686, -0.5514450340394725, 0.4338420458719522, 0.592973459507717, 0.2472320463612378, 0.2679783097527515, -0.32991710212603376, -0.19305377555331296, 0.6159803712943626, 0.34457053906763335, 0.016620836498358414]], "inverted": true, "swapped": true, "error_lsq": 0.04723413375090694, "error_max": 0.4052338908358762, "target": "64.xyz", "model": "6.xyz", "model_rescale": 3.89814844738969, "target_rescale": 4.187913894513224},
{"mapping": [7, 6, 12, 1, 13, 5, 0, 9, 2, 3, 4, 10, 14], "R": [[0.3619950060184668, 0.09294695976658385, 0.9275346237676736], [0.5860170663079297, 0.75112030598178, -0.3039774398498766], [-0.7249438692847456, 0.6535894342872954, 0.21743329499981226]], "T": [0.04744957186487615, 0.02980789506987544, -0.07665491888918612], "aligned_model": [[-0.18757302767915995, 0.018784633894043987, 0.5642901678986952, -0.2904309093585274, 0.7468981118943545, -0.5012368543921453, -0.5346778329656755, 0.3479847807461624, -0.5693792493058014, -0.5435431540909036, 0.06582493710070049, -0.010378389497273544, 0.04206858665975242], [-0.24045544846257835, 0.4235159965489321, 0.4091214516094541, -0.6631131938649386, -0.10955801313507763, 0.6251449949946919, -0.12145262694983583, -0.4070057165977323, -0.2687008853864926, 0.46543747204365193, 0.6848316489337879, 0.14118516024193845, 0.024830425494684942], [-0.621655872686936, -0.7073438622689042, -0.3087066443389598, -0.013163306808074024, 0.09254309525789763, -0.25151961334875295, -0.27737319428007806, 0.43626897850421004, 0.30866731688516896, 0.31824570601426067, -0.02686570547047861, 0.6925879234823729, -0.03940979010543083]], "inverted": false, "swapped": true, "error_lsq": 0.0537766224550675, "error_max": 0.31523388720140627, "target": "64.xyz", "model": "7.xyz", "model_rescale": 3.7474275329858107, "target_rescale": 4.187913894513224},
{"mapping": [10, 11, 7, 6, 3, 0, 1, 12, 13, 9, 5, 8, 2, 4, 14], "R": [[-0.45464928342253386, -0.18886420130927767, 0.870416189272227], [0.2319884179365172, 0.9184170017279824, 0.3204552775042023], [-0.8599275568480688, 0.3476212369818508, -0.37374332445211594]], "T": [0.023782375815192783, -0.011811568242214084, -0.053922057528568795], "aligned_model": [[-0.29430756027920696, -0.43117141213467525, -0.6195173501957021, -0.2789224270776658, 0.12470371817700206, 0.27489483188081537, 0.7453639025926274, 0.14484304231695272, 0.28758337197348766, -0.6358908089264994, -0.43174462362233607, -0.02993485807664137, 0.6908424506488793, 0.287802545775024, 0.07002746280042708], [-0.28929200655988513, -0.4311608427519039, 0.05678006526890655, 0.46775257519983954, 0.6861305301076918, 0.2058807308253179, -0.021973497872008037, -0.6089293466700975, -0.6617254731741916, 0.027501750406168084, 0.5397671146579164, 0.41526922967840585, 0.36158657886601087, 0.009600807224730036, -0.02311632943396288], [-0.6840702612035108, 0.006436805848157534, -0.2668499379261364, -0.6415666210429688, -0.18363808194896553, -0.6229263061615158, -0.26372829063330333, -0.1510677857457905, 0.5083348048524325, 0.3250584068729655, -0.01817889908549533, 0.47515900118268495, 0.2984898834565052, 0.6823256629275085, -0.017787957148107693]], "inverted": true, "swapped": false, "error_lsq": 0.04979761856492877, "error_max": 0.3484351741799663, "target": "64.xyz", "model": "8.xyz", "model_rescale": 4.019505241142653, "target_rescale": 4.187913894513224},
{"mapping": [0, 7, 6, 5, 3, 4, 12, 2, 10, 9, 8, 11, 14], "R": [[-0.2766548988267951, -0.960134450684184, 0.04004876483134212], [-0.6506506343060092, 0.1564846377526547, -0.7430789394301311], [0.707188672867661, -0.2316341830490501, -0.6680043309821242]], "T": [-0.0749087337986774, -0.011258720896630589, 0.07738066905862592], "aligned_model": [[-0.3829370904824311, -0.5806588923396708, 0.009486888482185998, 0.3015271678401148, 0.3903860271145086, 0.5352712694280677, 0.2463827488523178, -0.27495611707814044, 0.3377714591624073, -0.20577118327533656, -0.35906489516012774, 0.3668701469319352, -0.0646067577346546], [-0.4640764432807578, -0.010662874871448444, 0.23765229255379522, -0.416022733222083, -0.6955460892824287, 0.009742822949243543, 0.5692418680830561, -0.742917559295605, -0.37690591973000126, 0.034224484147255776, 0.7520730353577236, 0.19828004416778122, -0.031704699462472674], [-0.2421729709235845, -0.3343478323807434, -0.6186918684426373, -0.5394846521887436, -0.02383008605419515, -0.16574900162077494, -0.07959649022792878, 0.28405650377136205, 0.6282714959701806, 0.8019665956460483, -0.10444253318425192, 0.46306560205156555, 0.10765873162758252]], "inverted": true, "swapped": true, "error_lsq": 0.048038635003993774, "error_max": 0.30149603102327804, "target": "64.xyz", "model": "9.xyz", "model_rescale": 3.877068213659057, "target_rescale": 4.187913894513224},
{"mapping": [8, 11, 0, 1, 4, 7, 2, 9, 14, 12, 5, 3, 13, 6, 15], "R": [[-0.5736826637369961, -0.24187866177047915, 0.7825489852448514], [0.19095946312074544, -0.9685715609878296, -0.15938511439352088], [0.7965065503636873, 0.05799865710274011, 0.6018417325194535]], "T": [0.0330415061888403, 0.014367146138272856, 0.041455826006168844], "aligned_model": [[-0.11727698033360529, -0.50117329368215, -0.7167344095850915, -0.34186487379106145, 0.3425394065294858, 0.24836214279856525, 0.6267646302126127, 0.278603007828668, 0.5368519133322888, -0.6187433449846955, -0.46421968314294515, 0.02161758435536562, 0.6795214951065451, -0.01640943587003732, -0.0532658729214565], [-0.3388801491558162, -0.4926001128385442, 0.0056629614412674265, 0.5049422361445256, 0.5734435696949935, 0.2602632500098592, -0.07708594488251158, -0.5533741383291768, -0.5163794641777505, 0.07479623265453195, 0.6149964270642521, 0.5644344222265733, 0.08461026334817454, 0.01616536558474197, 0.013076966987817252], [-0.6278300895673696, -0.006020717549933802, -0.22598827829959497, -0.5682062914975816, -0.18155825886904434, -0.7065138919420679, -0.24047420448313725, -0.18879335797348487, 0.313493793816894, 0.4016225221303832, -0.013053060619855533, 0.35777343303265907, 0.4595084834277803, 0.6561557087629167, 0.015874633875897534]], "inverted": false, "swapped": false, "error_lsq": 0.031825570152155064, "error_max": 0.20251865835637486, "target": "64.xyz", "model": "10.xyz", "model_rescale": 4.260839863003843, "target_rescale": 4.187913894513224},
{"mapping": [12, 11, 9, 13, 1, 7, 6, 4, 10, 2, 0, 14], "R": [[0.4835450140614016, 0.7907893382216677, -0.37528181668087257], [0.3651274317160571, -0.571880434399149, -0.7345983442398146], [-0.7955288668456948, 0.2181856808005002, -0.5652688127862949]], "T": [0.010008153866179386, 0.07097977728042827, -0.07681423649498943], "aligned_model": [[0.31496177919543655, 0.2348083215920831, -0.4095248876838537, -0.18345565021357793, -0.6379556862697995, -0.28070824440883657, 0.3497664445885623, 0.6618007729354665, 0.19134875280612157, -0.19189714282353307, -0.09900987289247996, 0.008764062268541034], [-0.05218490471738503, -0.49975906699686423, -0.5228338810883736, -0.4864595998169907, 0.21847153290857996, 0.6454765454605101, 0.5947005651463287, 0.02522738832362141, -0.507335963584682, 0.13265562133152736, 0.5806666993056148, 0.044453569261046884], [-0.674045118712608, -0.1842851501670439, 0.04806904427184254, -0.5116845411637583, 0.3190684276682532, -0.18045484590499894, -0.4816316414852704, -0.14714089273513034, 0.4132367913542815, 0.6804762318510257, 0.2842594379960517, -0.04968966557714051]], "inverted": false, "swapped": true, "error_lsq": 0.053379847879899085, "error_max": 0.29993455731758356, "target": "64.xyz", "model": "11.xyz", "model_rescale": 3.890672605050136, "target_rescale": 4.187913894513224},
{"mapping": [7, 8, 13, 1, 9, 3, 6, 2, 0, 4, 11, 12, 10, 14], "R": [[-0.6158467048247152, -0.5589193518534885, 0.5552855069963706], [0.320865831787931, 0.46577337960781107, 0.8246819246471678], [-0.7195678940500189, 0.6860497919046359, -0.10750687829170075]], "T": [0.08119096678722039, -0.02159833267707281, 0.05680412447016667], "aligned_model": [[0.17133482063041094, 0.24118221561085912, 0.4156607123911625, 0.6707958534814908, 0.6716791093032004, -0.3946512090882701, -0.4268503187656376, 0.294279378753543, 0.044485601035990655, -0.5262934887106601, 0.04095082961622902, -0.2016921247880843, 0.11685031602759885, 0.09214413929586031], [-0.45332973113848085, 0.3284607962126347, 0.6274119738191832, -0.5169856564423118, 0.25956268358125467, -0.3436078986794907, -0.0934059828636474, -0.5807398200467763, -0.6535446125293799, 0.1960135064166123, 0.5240370154528721, 0.5068152014381047, 0.1501136010889917, -0.01864855648180119], [-0.42359781348500947, -0.6836965018636113, -0.007962347162512401, 0.12954693803945339, 0.3981114700067977, 0.6608538716575489, -0.482022382569921, 0.5667184680673728, 0.02024591666097135, 0.18122462825102362, 0.3542780549139176, -0.26816860151190747, 0.8162295266437156, 0.09302920770902212]], "inverted": false, "swapped": true, "error_lsq": 0.049816728647787634, "error_max": 0.342187124762318, "target": "64.xyz", "model": "12.xyz", "model_rescale": 4.124412569039231, "target_rescale": 4.187913894513224},
{"mapping": [9, 10, 4, 1, 12, 8, 2, 7, 3, 0, 6, 5, 14], "R": [[0.9489525856218209, 0.3145916042586562, -0.022827894594676212], [-0.27254844002201006, 0.781396009833388, -0.5613711995266845], [-0.15876504049452866, 0.5389363583452363, 0.8272492149106856]], "T": [0.10731285739601772, 0.017517431700024358, 0.09388407887925605], "aligned_model": [[-0.386126963993479, -0.19883256445994552, 0.613096867198778, -0.5962967057833107, 0.7053005620087699, 0.47894881963588704, -0.5359254297683829, 0.074223241511196, 0.05531514891057405, -0.12045390967668808, 0.7192671151186641, 0.47548888308790843, 0.08329324371978619], [-0.10724749212328659, 0.5666761868329379, 0.4282642966841357, -0.17479614209808897, -0.17431621651371787, -0.7275239773901568, 0.40217840170924113, -0.33506454735350727, 0.8325719171029631, 0.12768176089488137, -0.10116405691522425, 0.5709073232070037, 0.03931792247129643], [0.6278965544667783, 0.5545175136078786, 0.17957122073811366, -0.16357098870073472, 0.3593299975001539, 0.15115345403604813, -0.14347420746415257, -0.4537425842421851, -0.07337158814862264, -0.487515961921067, -0.3123461290764464, -0.4003494290475618, 0.1136002292196368]], "inverted": false, "swapped": true, "error_lsq": 0.04998923929073683, "error_max": 0.32912211255324925, "target": "64.xyz", "model": "13.xyz", "model_rescale": 3.9028299243045295, "target_rescale": 4.187913894513224},
{"mapping": [9, 11, 14, 10, 4, 7, 3, 6, 2, 12, 13, 5, 0, 8, 15], "R": [[0.46286830402888807, 0.785350454573398, 0.41106884657776976], [-0.5194542612665749, 0.6160837794109808, -0.5921216489866578], [-0.7182758547921668, 0.060542879416484396, 0.6931192943314616]], "T": [0.03260191601820914, -0.011511588073619142, 0.028387415472781397], "aligned_model": [[-0.20687540861003526, -0.5607367805976493, -0.7449232502651932, -0.1795188245420722, 0.4043365714273113, 0.19862485850748704, 0.6199509007496865, 0.24734694554090494, 0.3905561327882118, -0.49872181040751684, -0.5901044069054993, -0.06633275375116401, 0.7422726403625282, 0.13033370713697415, 0.01836376441851519], [-0.29788000692255295, -0.4369433137836107, 0.08762874649789619, 0.515900638197191, 0.5305834325346879, 0.13451754774025654, -0.08296978532289416, -0.538425992307792, -0.4155667655563549, -0.05944977581622583, 0.46483634945091257, 0.43041267017279466, 0.24286841016521493, 0.19380368282963595, -0.035243952106222075], [-0.6509425456937508, -0.08481031505013542, -0.38231498607847325, -0.4534774380423922, -0.1368687749778754, -0.8500998239893665, -0.1680924598807455, -0.31896549606688046, 0.5291448036377022, 0.47519533488997445, 0.16248003123589144, 0.2671691458169069, 0.3731695042612638, 0.7664939769503669, -0.08209053276802601]], "inverted": true, "swapped": false, "error_lsq": 0.03676443824233818, "error_max": 0.20686038739852436, "target": "64.xyz", "model": "14.xyz", "model_rescale": 3.942246331269136, "target_rescale": 4.187913894513224},
{"mapping": [7, 8, 6, 9, 5, 2, 1, 0, 12, 11, 10, 4, 3, 13, 14], "R": [[-0.12409694134984964, -0.7999200067989477, -0.5871353607732918], [0.9754375943513697, 0.010181948323878892, -0.2200405132114144], [0.18199299072663427, -0.6000202585339109, 0.7790084984615213]], "T": [-0.03273273060803492, 0.10690803707905236, 0.010110811309867837], "aligned_model": [[-0.3699813397486398, -0.41611196069642875, -0.5565717570676547, -0.34960174100888886, 0.427090578172017, 0.2360977663588, 0.7577762652193925, 0.16966924941001502, 0.5018907866617774, -0.6201141413328529, -0.39325756690270036, -0.04402363197797413, 0.5722147367564088, -0.03684650946323401, 0.026341551472451867], [-0.1960669993631701, -0.562592101509922, 0.0355255491091028, 0.5309502165305526, 0.35536552310247105, -0.020201631840394724, -0.06282917841337873, -0.4605174624878806, -0.3177012083836346, 0.009666446760736747, 0.7152944916986393, 0.4517383457963752, 0.3871136120535701, -0.17284735943824772, 0.041173642158117724], [-0.7147678068425789, -0.050145778819061806, -0.17233535638756176, -0.5964735327231503, -0.34990441132745614, -0.6928978761238221, -0.0439839294086803, -0.41152792480702055, 0.45951145840821217, 0.4096582754537885, 0.10438848784718915, 0.48406075661925896, 0.27857184755757325, 0.773425845518087, -0.03158963072031684]], "inverted": false, "swapped": false, "error_lsq": 0.05437131077803416, "error_max": 0.30684731153325984, "target": "64.xyz", "model": "15.xyz", "model_rescale": 4.355366556412066, "target_rescale": 4.187913894513224},
{"mapping": [5, 4, 3, 7, 0, 6, 1, 8, 10, 12, 9, 14], "R": [[-0.2560970018838716, 0.7897820018429907, 0.5573676660795557], [-0.24239373548043144, -0.6106423270438825, 0.7538973573519641], [0.9357668527074121, 0.05796842232897853, 0.34782187882126436]], "T": [0.02365624455200084, 0.10333216190022952, -0.05251093290827639], "aligned_model": [[-0.23038062741868248, 0.25307084181560113, 0.17378904820934693, -0.615842663647478, -0.4726584216523822, -0.40192701634308603, -0.28190815441648326, -0.2046179848940327, 0.6584794505497733, 0.19371418460238649, 0.475819869576911, 0.05027002824990638], [-0.6847191945358765, -0.4330260275679412, -0.6095321852752128, 0.22964509999663918, -0.0821468210440769, -0.20179676757701487, 0.48715466064908636, 0.5807259296356961, -0.06692161479328902, 0.08907038225309698, 0.6020600584526876, 0.1022629075471852], [-0.03012688562914593, 0.2500804964138059, -0.4578214284647604, -0.032759353848317456, -0.4008056156823609, 0.47604513373226026, -0.6505449849690588, 0.5928307112756716, -0.4714341567819222, 0.6075859371302283, -0.35423433113476854, -0.07955706083221066]], "inverted": false, "swapped": true, "error_lsq": 0.05276258125317426, "error_max": 0.2953818735899911, "target": "64.xyz", "model": "16.xyz", "model_rescale": 3.795458400668931, "target_rescale": 4.187913894513224},
{"mapping": [7, 6, 12, 1, 13, 5, 0, 9, 2, 3, 4, 10, 14], "R": [[0.3619950060184668, 0.09294695976658385, 0.9275346237676736], [0.5860170663079297, 0.75112030598178, -0.3039774398498766], [-0.7249438692847456, 0.6535894342872954, 0.21743329499981226]], "T": [0.04744957186487615, 0.02980789506987544, -0.07665491888918612], "aligned_model": [[-0.18757302767915995, 0.018784633894043987, 0.5642901678986952, -0.2904309093585274, 0.7468981118943545, -0.5012368543921453, -0.5346778329656755, 0.3479847807461624, -0.5693792493058014, -0.5435431540909036, 0.06582493710070049, -0.010378389497273544, 0.04206858665975242], [-0.24045544846257835, 0.4235159965489321, 0.4091214516094541, -0.6631131938649386, -0.10955801313507763, 0.6251449949946919, -0.12145262694983583, -0.4070057165977323, -0.2687008853864926, 0.46543747204365193, 0.6848316489337879, 0.14118516024193845, 0.024830425494684942], [-0.621655872686936, -0.7073438622689042, -0.3087066443389598, -0.013163306808074024, 0.09254309525789763, -0.25151961334875295, -0.27737319428007806, 0.43626897850421004, 0.30866731688516896, 0.31824570601426067, -0.02686570547047861, 0.6925879234823729, -0.03940979010543083]], "inverted": false, "swapped": true, "error_lsq": 0.0537766224550675, "error_max": 0.31523388720140627, "target": "64.xyz", "model": "17.xyz", "model_rescale": 3.7474275329858107, "target_rescale": 4.187913894513224},
{"mapping": [3, 10, 2, 11, 5, 6, 0, 9, 4, 7, 12, 13, 8, 14], "R": [[0.7073755247860064, 0.28231508863244364, 0.6480108468723175], [0.5166643080396643, 0.4191180516363896, -0.7465909533274642], [-0.482366934741196, 0.8629242432119824, 0.15061172180614152]], "T": [0.05740217258862464, 0.03404646408378678, 0.07839814328867412], "aligned_model": [[0.46631248307419265, 0.2047853037016611, 0.8027304174772565, -0.3246554070005226, 0.25356103514888045, -0.2046007344180321, 0.5989995764889604, 0.07569633103394788, -0.2309020282640822, 0.27899045380726306, -0.605593370472493, -0.4688836573063729, -0.5028659962381328, 0.07127324085035022], [-0.5057142230757621, 0.11528462301716746, 0.09971558945876133, 0.13529310994637303, -0.7706785936947034, -0.47766668079681696, -0.1625539210720864, 0.6780249094362869, -0.4974755813329508, 0.009342023683709039, -0.10620619386932881, 0.5225315748908413, 0.2749779697512831, 0.045533635168460145], [-0.40785569226614743, -0.6826288556074344, -0.16291469383819968, -0.4028596500426532, 0.07841536253599311, 0.5507332205558653, 0.34308744737424063, -0.281011863974345, -0.17896879505629731, 0.691253967316906, 0.15334533126590666, -0.06885879638491241, 0.6480746827355707, 0.044983054047162026]], "inverted": true, "swapped": true, "error_lsq": 0.05346982370255671, "error_max": 0.42335346090360365, "target": "64.xyz", "model": "18.xyz", "model_rescale": 3.922800546911778, "target_rescale": 4.187913894513224},
{"mapping": [13, 4, 11, 7, 3, 12, 5, 8, 1, 10, 9, 2, 0, 2, 14], "R": [[-0.8432959926302975, 0.39756209682605326, -0.36165763918511834], [0.44472931004058835, 0.8940223978050963, -0.05421985811166061], [0.3017742692883269, -0.2065631414122524, -0.9307330224105076]], "T": [0.030032632632985418, -0.08920427859769706, -0.06814500415336441], "aligned_model": [[-0.3056591385215076, -0.551588841824503, -0.6452755672758065, -0.2470927795962082, 0.2774392194850587, 0.3550977789461667, 0.7711831675897952, 0.2115262478453894, 0.4107802861300661, -0.6037394045462621, -0.3509819424871421, -0.04733733739456511, 0.6804417930728833, -0.04733733739456511, -0.002883858176311302], [-0.24502547511935135, -0.5199121725793159, 0.06249332706780655, 0.5153172777488002, 0.49298134982152797, 0.15398639357099014, -0.14571048300765338, -0.6308817220420663, -0.3366112496919914, -0.10392696905916456, 0.5656304893690147, 0.289019225627157, 0.35544451591739445, 0.289019225627157, -0.00775184747736761], [-0.6468025335383236, -0.07676530600311623, -0.2360446299424214, -0.5108257162561888, -0.16300868755973838, -0.7417955012132608, -0.24145586238830005, -0.2873167836376834, 0.516495089362518, 0.43057023978705145, 0.22978536711313682, 0.5352535634432068, 0.21059862219353734, 0.5352535634432068, -0.10795100055916486]], "inverted": false, "swapped": false, "error_lsq": 0.04533628381002664, "error_max": 0.3065006987329648, "target": "64.xyz", "model": "19.xyz", "model_rescale": 3.9282355846067225, "target_rescale": 4.187913894513224},
{"mapping": [8, 13, 9, 12, 6, 11, 4, 10, 5, 0, 1, 7, 2, 14], "R": [[-0.8871354669870942, 0.46059291131102054, 0.02906601561323907], [0.2227874960711016, 0.4825589054419931, -0.8470552723246546], [-0.40417371860124646, -0.7449772297383755, -0.5307094613471447]], "T": [-0.030703507530014745, -0.11244506637147206, 0.0461399822479609], "aligned_model": [[-0.7024322736642666, -0.020233641266321146, 0.46110467296162594, -0.4505017918163874, -0.6949071887349354, 0.21480360952819333, -0.10770514696825173, 0.6946297402803897, -0.1677855513491674, -0.04751126988324242, 0.24120871631983995, -0.44024894066136133, 0.5451423203105535, 0.006959564028007535], [-0.5875034794327567, -0.6839216156833396, -0.6542170444280107, -0.16194418263771962, 0.22106198958565854, -0.2187718253263375, 0.36551298644655933, -0.01398084772331809, 0.7018817316627259, 0.16441811006865986, -0.41134799771703756, -0.14361428700219714, 0.05906503476576139, -0.11375648515381206], [-0.09378764171291215, -0.41275436288771167, -0.047808434592646054, -0.4888088163922386, 0.011458508213839619, -0.5162200597767204, -0.39826927194978234, -0.2215912189953838, 0.11049134229391899, 0.6163190486021022, 0.705726837818234, 0.5527018784469995, 0.5531354258024468, 0.041589922373537]], "inverted": false, "swapped": true, "error_lsq": 0.04272613840792638, "error_max": 0.26953412002609134, "target": "64.xyz", "model": "20.xyz", "model_rescale": 4.067790424073018, "target_rescale": 4.187913894513224},
{"mapping": [13, 1, 10, 11, 3, 11, 6, 5, 4, 7, 12, 0, 2, 0, 14], "R": [[0.702644114192934, 0.6876872463177472, 0.1826951013080022], [-0.7083340269068186, 0.7003788014286763, 0.08793429840114259], [-0.06748448055662437, -0.19119567401289433, 0.9792293189660721]], "T": [-0.0052753312006543086, -0.026414876450944445, -0.014282509565481924], "aligned_model": [[-0.18796905263675162, -0.6644106890709456, -0.6339539373460468, 0.005298397586027013, 0.36521890447845756, 0.005298397586027013, 0.6619340103498962, 0.06637776221034145, 0.5932717115037656, -0.5065442228169467, -0.37784916159677384, 0.02232716072271064, 0.6007449223979994, 0.02232716072271064, -0.0674990782379822], [-0.3319749302638867, -0.5136983733167004, -0.012223286439425482, 0.32516986483484306, 0.7365905341469184, 0.32516986483484306, -0.025824771089062535, -0.6079664950639256, -0.4770292524844379, -0.11279784740129692, 0.6325013519327428, 0.3007590355779552, 0.2041817067106064, 0.3007590355779552, -0.009544551784190905], [-0.6170922330594375, 0.023140410768219946, -0.5394954478121513, -0.5567846938317754, -0.07987047628009435, -0.5567846938317754, -0.33426414813043825, -0.08590422380873688, 0.2706045145651676, 0.5315484512972657, -0.13273930242375376, 0.6155217165621976, 0.35080186369825217, 0.6155217165621976, -0.058213030030677904]], "inverted": true, "swapped": false, "error_lsq": 0.05363130184428713, "error_max": 0.3258313548484108, "target": "64.xyz", "model": "21.xyz", "model_rescale": 4.186013935880536, "target_rescale": 4.187913894513224},
{"mapping": [11, 10, 9, 8, 6, 13, 12, 4, 1, 0, 5, 7, 14], "R": [[-0.13303474871506543, -0.7266332438459167, 0.6740221691994117], [-0.7759514530429235, -0.3467323863879156, -0.526949707989593], [0.6166044908650079, -0.5931111035612991, -0.5177046654970405]], "T": [0.003288930382026523, 0.03635497925976392, -0.0032106701363631366], "aligned_model": [[-0.07744925468254513, -0.2968692622767239, 0.39940793567886185, 0.5543337379063105, -0.19128573475302615, 0.43588880396850765, 0.006114885841911006, -0.5416733825037905, 0.39059973409429316, -0.12140375602668366, -0.7290207045831081, 0.23389707778880867, -0.003966045029590125], [-0.3277976528692169, 0.19116636961625286, 0.151305387966464, -0.4780749621800007, -0.29874506588449934, -0.4097278850348788, -0.6399596168651607, -0.3308839247206573, 0.7059033689612236, 0.5426750863169653, 0.10723634222441156, 0.25418368210510256, 0.05167552991008732], [-0.5019111283756695, -0.7056507114552707, -0.6148434070083014, 0.3548273536414073, 0.6319624956794125, -0.39198632789559673, 0.083053808136175, -0.008150597643380922, -0.008626855414381305, 0.3575268663054185, 0.3772616011207359, 0.566591466890661, -0.03717500264586399]], "inverted": false, "swapped": true, "error_lsq": 0.053062343240954754, "error_max": 0.3406081650439743, "target": "64.xyz", "model": "22.xyz", "model_rescale": 4.166573947596378, "target_rescale": 4.187913894513224},
{"mapping": [1, 6, 2, 4, 8, 0, 7, 5, 13, 12, 3, 9, 10, 14, 15], "R": [[-0.7511966065646881, 0.0591356532236154, 0.6574242411133876], [0.09807070396988311, -0.9749258406230569, 0.1997542047324103], [0.6527524762944595, 0.21452873887487067, 0.7265615079869074]], "T": [-0.09977307843216772, 0.13485954097996536, 0.04329841776816443], "aligned_model": [[-0.2217159336521669, -0.5157997751980242, -0.6608485630752654, -0.18386705107583606, 0.3030815079321455, 0.25577059705665467, 0.5577841136237979, 0.2808356015420176, 0.4402669464963987, -0.46402487450116287, -0.45497170523589653, -0.03700925238254239, 0.5789498796047092, 0.12492804707935044, -0.09880725236169137], [-0.2584831819684119, -0.49236244054867306, 0.06215002242884504, 0.4773956851227833, 0.7718250132703154, 0.059871698180632094, -0.03204415121630963, -0.5590659172336991, -0.4429942885154623, -0.13261632104315138, 0.6020578316364261, 0.6045247220622318, 0.04308249675762993, -0.05454003900689117, 0.08527075584667197], [-0.5385181368532145, -0.06904928106115019, -0.3210048427630433, -0.6012562401820908, -0.2500653659140676, -0.6879479710025537, -0.18286821185906593, -0.21099761517889062, 0.3453826148198589, 0.5178072664999017, -0.08703325428621744, 0.4119777989392144, 0.34637159951072927, 0.7778833117830805, -0.004691248208030192]], "inverted": false, "swapped": false, "error_lsq": 0.039943693313861675, "error_max": 0.2629720945821662, "target": "64.xyz", "model": "23.xyz", "model_rescale": 4.274766983524099, "target_rescale": 4.187913894513224},
{"mapping": [7, 12, 6, 0, 4, 3, 2, 10, 9, 11, 14], "R": [[-0.3059223095020649, -0.39257016297991043, 0.867352412625254], [0.7900723245804085, 0.4036494801566166, 0.4613597501965277], [-0.5312224227957928, 0.8264113771646779, 0.18667344002762765]], "T": [0.05272061324276184, 0.10152018192692523, -0.06847302990832177], "aligned_model": [[0.01383286671936107, 0.07688000123215755, -0.35358972020623014, -0.2491618577541873, -0.4108205056301438, -0.5963964080244422, -0.07320439867584652, 0.05083848031521972, 0.6514151325719173, 0.2115170265641611, 0.058584086846108004], [-0.13055693904496685, 0.7757381765996482, 0.45799415756139805, -0.38872400969820126, 0.5149482023991225, -0.15228578896387707, -0.6292301927115962, -0.032699796998095235, -0.053070763743752594, 0.4668825958189222, 0.08659089002488168], [-0.6766932941925397, -0.16694840144346315, -0.5797796979349199, -0.33411845775326826, 0.14618865961467992, 0.3889345081335172, 0.19268840169569934, 0.6992931934210165, 0.3338762955223614, 0.41019381320215764, -0.03406858624366325]], "inverted": false, "swapped": true, "error_lsq": 0.05639839222148368, "error_max": 0.3317746357422701, "target": "64.xyz", "model": "24.xyz", "model_rescale": 3.7841303162186577, "target_rescale": 4.187913894513224},
{"mapping": [3, 11, 6, 4, 2, 5, 12, 13, 14, 7, 1, 8, 9, 10, 15], "R": [[0.8810179124369364, -0.23931685229771277, -0.40808685616125606], [0.46159896865208455, 0.6237690897990105, 0.6307444131743427], [0.10360419926139468, -0.7440695981006273, 0.6600201535390995]], "T": [-0.06673583016491065, 0.09697758008233667, 0.09049751771559132], "aligned_model": [[-0.1743101412254614, -0.4160475862876571, -0.6519064764231122, -0.24392419844663554, 0.4176732416950954, 0.336201540231704, 0.5734753718676754, 0.1678897159080706, 0.5427480109526757, -0.5901049854561152, -0.4202103014156587, 0.004935286957796339, 0.48320049212724575, -0.010779783093845127, -0.11426790153928892], [-0.2230272238798743, -0.5862205134989782, -0.015339930481632152, 0.47013462198513045, 0.594209474999063, 0.20315687529569346, -0.11820470317882847, -0.5994278358414548, -0.3510684152244278, -0.07195230552117646, 0.7506143435835806, 0.6653711899332795, 0.15526796324559, -0.2178499434188628, 0.07840828777583514], [-0.6409575941498642, 0.0650175035086548, -0.3181423528568978, -0.5308417190000467, -0.2042927835232231, -0.6813225249430193, -0.2544635064460359, -0.17777537892700068, 0.3294184163759746, 0.4374167895066152, 0.06132264193476199, 0.23627041948358246, 0.28105717026718025, 0.7997278445625764, 0.04355549845120207]], "inverted": true, "swapped": false, "error_lsq": 0.041376321324173106, "error_max": 0.3034815689822937, "target": "64.xyz", "model": "25.xyz", "model_rescale": 4.19342608120988, "target_rescale": 4.187913894513224},
{"mapping": [5, 4, 3, 7, 0, 6, 1, 8, 10, 12, 9, 14], "R": [[-0.2560970018838716, 0.7897820018429907, 0.5573676660795557], [-0.24239373548043144, -0.6106423270438825, 0.7538973573519641], [0.9357668527074121, 0.05796842232897853, 0.34782187882126436]], "T": [0.02365624455200084, 0.10333216190022952, -0.05251093290827639], "aligned_model": [[-0.23038062741868248, 0.25307084181560113, 0.17378904820934693, -0.615842663647478, -0.4726584216523822, -0.40192701634308603, -0.28190815441648326, -0.2046179848940327, 0.6584794505497733, 0.19371418460238649, 0.475819869576911, 0.05027002824990638], [-0.6847191945358765, -0.4330260275679412, -0.6095321852752128, 0.22964509999663918, -0.0821468210440769, -0.20179676757701487, 0.48715466064908636, 0.5807259296356961, -0.06692161479328902, 0.08907038225309698, 0.6020600584526876, 0.1022629075471852], [-0.03012688562914593, 0.2500804964138059, -0.4578214284647604, -0.032759353848317456, -0.4008056156823609, 0.47604513373226026, -0.6505449849690588, 0.5928307112756716, -0.4714341567819222, 0.6075859371302283, -0.35423433113476854, -0.07955706083221066]], "inverted": false, "swapped": true, "error_lsq": 0.05276258125317426, "error_max": 0.2953818735899911, "target": "64.xyz", "model": "26.xyz", "model_rescale": 3.795458400668931, "target_rescale": 4.187913894513224},
{"mapping": [9, 7, 1, 10, 3, 12, 8, 11, 6, 0, 4, 5, 14], "R": [[-0.460908321547811, -0.7635678753563379, -0.45224729833553245], [0.10062436203482872, 0.46135244012061283, -0.881492293647449], [0.8817245924284202, -0.45179422939936353, -0.13580764848995752]], "T": [-0.0711863506922728, -0.15622689393619849, -0.07577850733791755], "aligned_model": [[-0.09529913220149802, 0.4176184982764821, 0.6234973367097336, -0.3143379754639065, -0.09431646249057013, -0.6176673372746142, -0.19818330599040415, -0.6106342602534478, -0.16432970553404225, 0.4710969991557638, -0.558922490983169, -0.08490601159757288, -0.07393976953149775], [-0.6533492974907079, -0.1848400978749077, -0.37107231779354105, -0.010122546874649363, 0.5880641309295433, -0.29093253683817466, -0.7045941100716612, -0.28463881624251686, 0.10679389691287411, 0.16428454640655976, 0.2731721798814448, 0.6433474569573435, -0.15423098464469234], [-0.6203024804416967, 0.3549824948189967, -0.3395777836677357, -0.8017360308839018, -0.4505956657613672, 0.3090122153177496, 0.5403748344794689, -0.35921151907394366, 0.6139610595788199, -0.003383257912799531, 0.022214506724636485, 0.13998373813576268, -0.11358544921456376]], "inverted": false, "swapped": true, "error_lsq": 0.04529662587418205, "error_max": 0.23406000222839124, "target": "64.xyz", "model": "27.xyz", "model_rescale": 3.6321398670334006, "target_rescale": 4.187913894513224},
