[{"mapping": [0, 1, 6, 3, 11, 8, 7, 5, 2, 4, 9, 12, 10, 13], "R": [[-0.4957075907776474, -0.5293132769872149, 0.6885502445359211], [0.7845655582778261, -0.6129330248437825, 0.09364823447377157], [0.3724659302669491, 0.5866349476982321, 0.7191165197167071]], "T": [-0.0443977377527284, 0.06981082257554758, -0.19534500256336662], "aligned_model": [[0.4506093025437773, -0.20554189661981792, 0.13275752708447772, 0.15972282903046384, -0.5616893236760531, -0.15559819306536954, 0.2016878713606252, -0.644313682758101, 0.6954210625642863, 0.5566197835893767, 0.338087458852514, -0.1896654946438869, -0.40426626330945037, -0.031105006935789076], [0.6440487799911897, 0.48577443374570706, -0.6319542107898846, -0.09761435186230119, -0.1485274053859301, -0.5949463086019581, -0.2079400591650488, -0.2454853304512006, -0.019457886911177363, -0.6069493923283469, 0.3737503524105088, 0.5882531086594509, 0.34589730810170893, 0.01996278243232287], [-0.3389807672622458, -0.561474689516324, -0.4416946205328829, -0.6464590801294483, 0.2191422399265009, 0.20001754865970267, 0.46320704788906353, -0.5316342460078185, -0.384969593831935, 0.11153897742598934, 0.35061196309031784, 0.01733946509121631, 0.7044882161305585, -0.04081882854515351]], "inverted": false, "swapped": false, "error_lsq": 0.0521980742831494, "error_max": 0.38074812441883354, "target": "640.xyz", "model": "0.xyz", "model_rescale": 3.8414455957264533, "target_rescale": 3.8911532860174733},
{"mapping": [1, 3, 7, 4, 5, 9, 8, 2, 0, 13, 11, 10, 12, 14], "R": [[0.735282202886289, -0.6455242944230576, -0.2065392636481021], [0.1996412979442882, -0.08493411267652595, 0.9761811044365547], [-0.6476908477613426, -0.7590023595572448, 0.06642276652420176]], "T": [-0.03842890775159642, -0.08417590376599837, -0.06857159441580261], "aligned_model": [[0.32273679084220713, -0.18782704420754542, 0.15677948427012456, -0.02430179412909469, -0.6115460202808773, -0.039874264948331614, -0.11436491851250015, -0.5433001821342516, 0.586227763454604, 0.5246392625230056, 0.6056743162505911, -0.4338629260007441, 0.12935213080392366, -0.027606623914058232], [0.6599562340725459, 0.5371230325151137, -0.5901544393269065, -0.03119495047136992, 0.1966684970500272, -0.7461764279251191, -0.25938223956095774, -0.3596346011085235, -0.1392576441058317, -0.38066905134550644, 0.3701686865968522, 0.34542215997467896, 0.2969843992182784, 0.004958164261759032], [-0.3221945246958343, -0.5213902232723288, -0.41329526254877935, -0.6096914315100272, -0.23284570326707815, 0.09654320488778746, 0.6981349072310761, -0.5309915658487236, -0.4322849630261562, 0.34360925145326204, 0.2554151833514009, 0.2884420485335724, 0.5708468056926385, -0.06998409459326826]], "inverted": true, "swapped": false, "error_lsq": 0.05157163245117262, "error_max": 0.34156176038377756, "target": "640.xyz", "model": "1.xyz", "model_rescale": 4.316132596720782, "target_rescale": 3.8911532860174733},
{"mapping": [0, 3, 8, 12, 10, 11, 6, 4, 2, 1, 5, 13], "R": [[-0.0828702712842766, -0.6526023980653027, -0.7531551156147627], [-0.70608757277758, -0.49487530554170434, 0.506496566162171], [-0.7032587416494274, 0.573766975351859, -0.41978399241662734]], "T": [-0.03489606520226633, 0.08167139080490428, -0.0980288379331043], "aligned_model": [[-0.17306988446820426, 0.44290018163085815, 0.2554030453639975, -0.6394507645401686, -0.5589151596434466, -0.47848597116929714, -0.26897639760699055, 0.008232202482806976, 0.5945891097452596, 0.1058685142759191, 0.3502638533246874, -0.04055017476364041], [-0.7127105819736645, -0.21807296887599742, -0.5708449442646366, 0.400521336026024, -0.30858024741625406, 0.04078051535497124, 0.4830202671934871, 0.4847129386749744, -0.048572767105034206, -0.3047576466882467, 0.5947377581569443, 0.17254276865841278], [0.1451543574021829, 0.0770594242093503, -0.43491164663807697, -0.13681765076942476, -0.39134606708283093, 0.39082291339631786, -0.5582799745391653, 0.45004200282568235, -0.37326807676042256, 0.6913300987184219, -0.3029254545332537, -0.1076014650193598]], "inverted": false, "swapped": true, "error_lsq": 0.05410631404747724, "error_max": 0.30046782690747703, "target": "640.xyz", "model": "2.xyz", "model_rescale": 3.795458400668931, "target_rescale": 3.8911532860174733},
{"mapping": [9, 8, 2, 1, 6, 4, 3, 10, 0, 11, 5, 13], "R": [[-0.002379635073394255, -0.8383634544759212, -0.5451064625704941], [0.8463640672644354, 0.2886365558308147, -0.44761233705264125], [0.532599477074959, -0.46242367676982654, 0.7088738535043843]], "T": [0.09457087026182143, 0.12291210229724724, 0.033809820874843535], "aligned_model": [[-0.1991415476046583, -0.1762343074668712, -0.5590496190477787, 0.21177349737867573, 0.14710598903670435, 0.13394948229842468, -0.2771240384812419, 0.5778461976637301, 0.399433815447798, 0.6476835513170084, -0.39776295996029326, 0.08482376516206756], [-0.13412430178060275, -0.6124239798170049, -0.11906983230735042, -0.07110352417594211, 0.41824003746285987, 0.6417972355489634, -0.16223300207072655, -0.2842218326230989, -0.5757417403408192, 0.23639490337049462, 0.5393249949333062, 0.20893008708963004], [-0.7499881671455434, -0.06358920368543251, -0.022730112078096207, 0.8945368854001233, -0.5473331076293068, 0.47414120367361706, 0.39343045217658335, -0.3032573331911958, 0.39187990105354753, 0.37820511565288933, -0.1605496041783005, 0.0040254005902147574]], "inverted": true, "swapped": true, "error_lsq": 0.04361492119664725, "error_max": 0.2479964848890641, "target": "640.xyz", "model": "3.xyz", "model_rescale": 3.7530521520055578, "target_rescale": 3.8911532860174733},
{"mapping": [4, 5, 6, 9, 12, 8, 11, 3, 0, 10, 13], "R": [[0.4706209974030025, -0.06073137989398039, 0.8802429075542593], [0.8511462650217582, -0.23165585469877553, -0.4710473442482095], [0.23252077830360574, 0.9709002340508284, -0.05733082222620389]], "T": [-0.1447409248891089, -0.0912155285854541, -0.029935511621594656], "aligned_model": [[-0.5184419049118885, -0.17550308102936155, 0.40636287439459035, 0.43310356175051407, 0.3299792919035151, -0.1829930456663042, -0.21627663656111457, -0.6329867083431039, -0.3461127851886005, 0.3619764337749665, -0.12090839767800764], [-0.6571476643734107, -0.18608181717803862, -0.23842541826539904, 0.4403750895131088, -0.5648876184179855, 0.6880247202749545, -0.5156456181424693, 0.24066329933063224, 0.29469011958157576, 0.12008135979571842, -0.15444309380434057], [-0.09887445914443438, -0.6959850298107216, -0.3498096777240572, -0.41746763605108106, 0.10765704320006036, 0.09197666062185186, 0.4722216790895892, -0.04619382361386824, 0.6910353574791577, 0.4299758850389611, -0.09170522184014138]], "inverted": false, "swapped": true, "error_lsq": 0.05007228129395222, "error_max": 0.2627188137173756, "target": "640.xyz", "model": "4.xyz", "model_rescale": 3.7855080009869324, "target_rescale": 3.8911532860174733},
{"mapping": [7, 5, 15, 10, 3, 14, 12, 9, 8, 13, 6, 0, 1, 16], "R": [[-0.21364232574039374, 0.5968688354561378, 0.7733721936515883], [-0.8989753292323468, 0.1897336305412822, -0.39477146157393134], [-0.38236149660214125, -0.7795824155936679, 0.49603522376270065]], "T": [0.04732747228777809, 0.006826468768498307, 0.014301241066369166], "aligned_model": [[0.36656744684583753, -0.28665998058654263, 0.22983836453937, 0.046230660174658406, -0.5798048346069693, -0.21264171264618922, 0.045438512321592656, -0.4188284428921749, 0.5992987206471636, 0.5984576859044103, 0.6058284632192674, -0.4593471136097115, -0.20686803230178188, 0.015216237008123086], [0.5679975205305143, 0.6207353706316171, -0.6588639341525271, 0.027004618142231165, 0.08656041156242257, -0.6055704669166204, -0.3237510646363226, -0.3634115339789126, -0.19474906701745603, -0.401398764915121, 0.3031093805661975, 0.5663423775616476, 0.3170515953604278, -0.0362446228930573], [-0.36588603013611465, -0.3939529519984986, -0.4361032086832158, -0.7140914506633902, -0.2733863906014659, 0.13711579468732416, 0.6090954821686041, -0.3762579776359822, -0.3730034430271843, 0.24770065215868153, 0.17669011806286772, 0.21101599682581174, 0.6563674021953063, 0.015009639034796931]], "inverted": false, "swapped": false, "error_lsq": 0.04144657672973099, "error_max": 0.24886113347008915, "target": "640.xyz", "model": "5.xyz", "model_rescale": 4.2253639853439635, "target_rescale": 3.8911532860174733},
{"mapping": [5, 10, 9, 8, 4, 0, 7, 1, 11, 12, 6, 2, 3, 13], "R": [[0.2578294066436712, 0.4201239036612448, 0.8700689068356656], [-0.8028484533471367, -0.40785178362396896, 0.43484627577209223], [0.5375484703986085, -0.8106496334219765, 0.2321396428982609]], "T": [0.0049371948878538345, -0.016160399507189477, -0.11714717380388526], "aligned_model": [[0.2681829476148604, -0.30390393238679664, 0.04608521587999857, 0.1798200640309227, -0.6586654544557713, -0.29823407164154747, 0.2156499634031912, -0.5956879368384527, 0.7746009573924794, 0.7279890453264882, 0.34954938035321825, -0.17728214665232592, -0.17399521081776131, -0.01138284719145019], [0.513525846239302, 0.48392573807720696, -0.5613980038564899, -0.07655228500033368, 0.14077714317505008, -0.6743551323305093, -0.2976283579055141, -0.23367554066945045, 0.08501118493071505, -0.5040952608673492, 0.2868516779703243, 0.6126291315115989, 0.12822361729791784, 0.0015720612725717356], [-0.34270297884748036, -0.6300248273322709, -0.3884757986433024, -0.8324329054143813, 0.07236125262488333, 0.22626151298373434, 0.5940258948696923, -0.47859204714169523, -0.17133012317669163, 0.21520709067265284, 0.33356791431127397, 0.029793117767447724, 0.5537819748980964, -0.061126445184418426]], "inverted": false, "swapped": false, "error_lsq": 0.04828954194428011, "error_max": 0.2950611225935778, "target": "640.xyz", "model": "6.xyz", "model_rescale": 3.89814844738969, "target_rescale": 3.8911532860174733},
{"mapping": [4, 5, 6, 1, 12, 2, 3, 11, 0, 8, 9, 10, 13], "R": [[-0.30792825088620274, 0.037832493467263584, 0.9506570857802583], [0.6214943927888265, -0.7485573991666187, 0.23109855015762318], [0.7203644300201196, 0.6619898206097712, 0.20698928805817773]], "T": [-0.010157599565641745, 0.05770712680368374, -0.08630376990107003], "aligned_model": [[0.14501463833509048, 0.09633057121109039, 0.5042614248749511, -0.5006159540941488, 0.6453194377722632, -0.5046741641879392, -0.5839042095422066, 0.20065514640720383, -0.4907908493596429, -0.6074405967672909, 0.04092106473173879, 0.14631859810940714, 0.057236693413705866], [-0.43944891718389567, 0.3813885006678345, 0.4591748768051215, -0.6846941180606083, -0.048370318447066116, 0.48210965840563813, 4.722165441102544e-05, -0.5319744090775576, -0.25161035224045086, 0.4269021858574087, 0.9168325576566141, 0.1835578874866492, 0.06986649194638678], [-0.5261237646541044, -0.667215571588502, -0.12991964254655436, -0.06348726661243137, 0.08029056731391648, -0.3398932476453981, -0.21390469884351682, 0.1264255781562047, 0.5322325393402113, 0.27492911558034877, 0.0748435154326097, 0.6011583272257489, -0.14706042032223732]], "inverted": false, "swapped": true, "error_lsq": 0.05019822922264375, "error_max": 0.2577571188579056, "target": "640.xyz", "model": "7.xyz", "model_rescale": 3.7474275329858107, "target_rescale": 3.8911532860174733},
{"mapping": [9, 7, 3, 5, 10, 0, 1, 6, 8, 2, 4, 11, 12, 14], "R": [[-0.8145613288607452, 0.5792819961844473, 0.030367917629929297], [-0.2482798690023395, -0.300849729309304, -0.9207858312456264], [-0.5242584745836707, -0.7575762729066163, 0.3888846134216706]], "T": [0.019391652320182348, 0.04097889625959803, 0.05215964620542053], "aligned_model": [[0.181168910485614, -0.33088224044390396, 0.17910661126765004, 0.11490583673321171, -0.7310451361549101, -0.3383378882991022, 0.036336032450597716, -0.42170099631780483, 0.6257614480839641, 0.656629348945903, 0.7584335525572996, -0.20553854710742564, -0.24298062342880428, 0.06086966524476393], [0.6047118274328797, 0.30778320349538424, -0.5205364143685154, -0.00196927050745848, 0.13097162998052375, -0.5123806999240119, -0.5035553240037445, -0.3356530921394722, 0.04599751862958857, -0.4556421588796882, 0.19427515372196996, 0.6195096214776257, 0.29605577824060536, 0.035244046689354325], [-0.434023180660825, -0.46745684084280853, -0.3641650165317681, -0.6563980152231679, -0.011159340432756543, 0.058157204607708166, 0.5698440973859074, -0.5227522766400112, -0.2600915348514672, 0.2885600299642752, 0.2584196107828105, 0.017684133823060486, 0.5488881354190959, 0.09480662558748829]], "inverted": true, "swapped": false, "error_lsq": 0.04764042552854062, "error_max": 0.2976269229485145, "target": "640.xyz", "model": "8.xyz", "model_rescale": 4.019505241142653, "target_rescale": 3.8911532860174733},
{"mapping": [2, 8, 3, 7, 5, 4, 1, 9, 6, 10, 0, 12, 13], "R": [[0.9512514556409327, -0.037668996559288834, -0.30610735835523983], [0.043553959419294366, -0.9661597062997833, 0.2542409773062149], [-0.305325597944079, -0.25517928720986177, -0.9174201930517759]], "T": [0.09527107450704034, -0.038348335069616775, 0.08217769989397081], "aligned_model": [[-0.27566172977221626, -0.6725441775160697, -0.1327621455609413, 0.4669506766019018, 0.3267898566192054, 0.7214176985241055, 0.20188452349499997, -0.44238968435654036, 0.20215357018099847, -0.29256549455906733, -0.38559258970278065, 0.4377028350026825, 0.16431743278489774], [-0.4277873828762754, -0.02183024514420453, 0.047413557415818756, -0.28907328605809723, -0.643387359844179, 0.08976515520241335, 0.6690041075044004, -0.65368505737723, -0.48601869963026967, 0.21177636249038495, 0.6477089984970041, 0.01435526497741129, -0.09486318704311783], [-0.3647203281746231, -0.1014743063433822, -0.4558163358825821, -0.5420131983260613, -0.10192747567380991, -0.15491199223837665, -0.4474596224357962, 0.39674980611608046, 0.5467990598817504, 0.6298525858937526, -0.0036608753606918454, 0.6726174207853095, 0.10266875580230968]], "inverted": true, "swapped": true, "error_lsq": 0.05276269102696766, "error_max": 0.3084339957633977, "target": "640.xyz", "model": "9.xyz", "model_rescale": 3.877068213659057, "target_rescale": 3.8911532860174733},
{"mapping": [1, 7, 11, 8, 2, 10, 6, 9, 0, 12, 5, 4, 3, 15], "R": [[-0.6153060960450898, 0.014533788565535749, 0.7881542851242284], [0.3584925625914214, 0.89561495704983, 0.2633570414385522], [-0.7020551906626623, 0.44459264242513485, -0.5562875978889423]], "T": [-0.10649366360527482, -0.05442855774412799, 0.03642640120362291], "aligned_model": [[0.3728422672803463, -0.26245354324628567, 0.2785908361222653, -0.062080807642007935, -0.7078997025286028, -0.1794111900669672, -0.04908537268705723, -0.4932192524894399, 0.6117472854864158, 0.5442013267050553, 0.5276487315195283, -0.2650770215696312, 0.050735261536421744, -0.02381284440298735], [0.5794658965109779, 0.5699009990596343, -0.5727306056453745, -0.05204718746050973, 0.13685768801052614, -0.759996035576121, -0.3684898074581955, -0.3645994045125953, -0.09120282482106332, -0.32316278671537907, 0.37021863240180325, 0.5932718158960653, 0.24881089139213994, -0.06148545123686768], [-0.3118859534869208, -0.46574457551684406, -0.3209644093590835, -0.7338623518681434, -0.1686972358574133, 0.044693687359710646, 0.5640383748042374, -0.3993288840388867, -0.30495846659606723, 0.28657267736578557, 0.20534540205631935, 0.1522979866250449, 0.5712967072728089, 0.0015106736269933918]], "inverted": true, "swapped": false, "error_lsq": 0.03787058422870297, "error_max": 0.2298169703523349, "target": "640.xyz", "model": "10.xyz", "model_rescale": 4.260839863003843, "target_rescale": 3.8911532860174733},
{"mapping": [11, 12, 9, 10, 8, 0, 1, 4, 5, 2, 3, 13], "R": [[-0.9980277548713421, 0.004221348353830954, 0.06263210618000872], [-0.05700283514654998, 0.35694525486163386, -0.9323844495791521], [-0.026292152664312667, -0.9341157665138936, -0.35600064249722596]], "T": [0.06976932294428953, -0.081768419996431, -0.023015933932927522], "aligned_model": [[0.3566433666331068, 0.25779369468376645, -0.5479682261987823, -0.43285085115844235, -0.6282833647603369, -0.35321903577382774, 0.32580444009891507, 0.7387411844893577, 0.3202341467883626, -0.19185074283309386, -0.015969162591057767, 0.1298231997161629], [0.04390530381785898, -0.5870808346377067, -0.5702038997558793, -0.2792699275523881, 0.23863097511608225, 0.4909668085318115, 0.7224153226903454, 0.04209870681249177, -0.3418471658008636, 0.1207542508699688, 0.43855678360825157, -0.1458478181670386], [-0.6055358918305265, -0.44487188482337325, 0.35974389408709934, -0.49343432694853817, 0.16030847995944872, -0.4728247776557278, -0.30579522155330374, -0.06565120841414648, 0.5454858704962647, 0.5930289294548012, 0.24288334921813584, 0.0028408654053709397]], "inverted": false, "swapped": true, "error_lsq": 0.0474824357903175, "error_max": 0.2902439079285696, "target": "640.xyz", "model": "11.xyz", "model_rescale": 3.890672605050136, "target_rescale": 3.8911532860174733},
{"mapping": [6, 9, 2, 11, 12, 4, 3, 10, 1, 0, 8, 5, 7, 13], "R": [[-0.07973993514703939, 0.32025990753507394, 0.94396776129716], [0.8754850604933715, 0.47529457725156055, -0.08729818834419065], [-0.4766208677719257, 0.8194685207260168, -0.3182827232877247]], "T": [0.10738572999848624, 0.0581086963042949, -0.1387959786678132], "aligned_model": [[0.5065523530899623, -0.2533935086426101, -0.00877661038682935, 0.029623636712954177, -0.6250479637994597, -0.051895401154988016, 0.2845616300702384, -0.5912476852950683, 0.783049498630261, 0.5462014853212376, 0.42867028488619, -0.32927874629024784, -0.37024084485651476, -0.006052154268072041], [0.4058500296374936, 0.6314899634445291, -0.5566723630605376, -0.06033305118286058, 0.05117625678133177, -0.5883640390373954, -0.2835618405969883, -0.38401534317616004, -0.2620403989317872, -0.23026033380331531, 0.4118412857069078, 0.6363750214792143, 0.1325666207207259, 0.0007600118638827966], [-0.36639280650808437, -0.5220617865343792, -0.4766046425430136, -0.6704789417156178, -0.0023226398179490293, 0.07974364598511749, 0.7008069635908407, -0.4793516851114298, -0.35392691314276015, 0.13134949159318357, 0.40050035529271477, 0.14387763904568937, 0.5635522560137287, -0.0283773037604996]], "inverted": true, "swapped": false, "error_lsq": 0.053075266324188596, "error_max": 0.3500747008408272, "target": "640.xyz", "model": "12.xyz", "model_rescale": 4.124412569039231, "target_rescale": 3.8911532860174733},
{"mapping": [6, 8, 0, 5, 10, 12, 2, 4, 3, 7, 11, 1, 13], "R": [[-0.004913197269882985, -0.9973216322009864, -0.0729754920267619], [-0.4227433443021177, -0.0640631155949733, 0.9039822907936452], [-0.9062361311164153, 0.03529134687463581, -0.4212963274168501]], "T": [0.07809717462270216, 0.030296410314563385, 0.055399905197550295], "aligned_model": [[-0.18891323270487248, -0.00801453118578739, 0.6720067417427059, -0.5402149460529271, 0.4698638056840283, 0.3374848661853499, -0.45465782493534435, 0.1571562320275956, -0.027212053620176146, -0.33983944657264825, 0.6732541179239283, 0.5812517905445327, 0.03513278847337252], [-0.48211583246740647, 0.6797915426889852, 0.6017845062376002, -0.16576496941851615, -0.013554295222239846, -0.5907402117161259, 0.480408689002179, -0.19608981004526027, 0.5759257760461025, 0.13724228021549512, -0.1472642431574584, 0.5137313317354267, -0.045869387390304356], [0.3617408380977582, 0.4961742409678908, 0.22844779394855225, -0.12575732056080613, 0.6533324865142981, 0.1806507879202489, 0.10582620547008705, -0.5827091199278618, -0.14457608307775888, -0.580614691063611, -0.1719336170284385, -0.49719009466902414, 0.02830665437650428]], "inverted": true, "swapped": true, "error_lsq": 0.043614669311185156, "error_max": 0.2481187128430834, "target": "640.xyz", "model": "13.xyz", "model_rescale": 3.9028299243045295, "target_rescale": 3.8911532860174733},
{"mapping": [0, 8, 10, 5, 12, 14, 9, 13, 4, 7, 3, 2, 1, 15], "R": [[0.6190142832541957, 0.7457704489698695, -0.24626764824185457], [-0.01562481926144249, 0.32519696497431705, 0.9455172124263737], [0.78522428779957, -0.5814407720608973, 0.2129540946656957]], "T": [0.0004248668290158762, 0.0614953983552169, 0.000978917407794891], "aligned_model": [[0.423159102958832, -0.286814548899148, 0.26126787527833933, -0.08661051620745877, -0.6775707961924107, -0.33673479321311567, 0.12187188444202249, -0.4209711360387912, 0.5350556891851987, 0.6707403054409757, 0.5450105827564631, -0.1237554297007759, -0.32762688031536985, 0.045704634522291926], [0.6606624268448502, 0.5581258652666989, -0.5896091829603575, 0.007068049194335062, 0.04660543328118987, -0.7503483380264675, -0.45658520239255573, -0.4104286490245987, -0.005671442516185725, -0.48696688937001154, 0.3258116012015021, 0.775089826261528, 0.24610822607586014, -0.01504990399074687], [-0.385687666122994, -0.5160886380866977, -0.2507676837250725, -0.5005829824791147, -0.15503537304380638, 0.10238781307801327, 0.5646176044275871, -0.4810630455652669, -0.41014365939481273, 0.2664865209502075, 0.15015260194653102, 0.13331189126775883, 0.5306003961823157, 0.07212585295289284]], "inverted": true, "swapped": false, "error_lsq": 0.04157044007888744, "error_max": 0.2421819476666555, "target": "640.xyz", "model": "14.xyz", "model_rescale": 3.942246331269136, "target_rescale": 3.8911532860174733},
{"mapping": [8, 12, 2, 0, 3, 5, 10, 1, 7, 9, 11, 13, 4, 14], "R": [[-0.17756857837434814, 0.9717878741614561, 0.15523442790460878], [-0.36725715790015245, -0.2117820934563274, 0.9056878738629319], [0.913012365713201, 0.10381075341222396, 0.3945018980065507]], "T": [0.05033036814719376, 0.010715116221767072, 0.02652353953010589], "aligned_model": [[0.53684774207519, -0.540579117555868, 0.195499887974958, 0.19954654074775635, -0.6498145440580029, -0.20993462039843497, 0.18874377454551755, -0.5585374461402672, 0.7540643039925791, 0.5347553996769989, 0.3691597173324847, -0.26838791285825264, -0.24256468400418257, 0.03392693268657693], [0.46072435998727396, 0.4231435222410907, -0.5416490820737047, -0.058703965402230024, -0.13216365914298214, -0.5496935410921402, -0.14338569977005028, -0.1861257481980938, -0.2679760171657019, -0.5907427342432254, 0.557171387289465, 0.7531187031312279, 0.18423538988090676, -0.003141095596795313], [-0.3730180123510398, -0.359229033730594, -0.47990268569313776, -0.6901584037398342, 0.10353449955589467, -0.11833442792105509, 0.709235179597148, -0.47064352957229405, -0.37105577059532074, 0.2539947444632571, 0.3639319190428566, 0.1169968394711168, 0.5037731387725826, -0.0688108249120386]], "inverted": false, "swapped": false, "error_lsq": 0.05827440498630062, "error_max": 0.3905324722938583, "target": "640.xyz", "model": "15.xyz", "model_rescale": 4.355366556412066, "target_rescale": 3.8911532860174733},
{"mapping": [0, 3, 8, 12, 10, 11, 6, 4, 2, 1, 5, 13], "R": [[-0.0828702712842766, -0.6526023980653027, -0.7531551156147627], [-0.70608757277758, -0.49487530554170434, 0.506496566162171], [-0.7032587416494274, 0.573766975351859, -0.41978399241662734]], "T": [-0.03489606520226633, 0.08167139080490428, -0.0980288379331043], "aligned_model": [[-0.17306988446820426, 0.44290018163085815, 0.2554030453639975, -0.6394507645401686, -0.5589151596434466, -0.47848597116929714, -0.26897639760699055, 0.008232202482806976, 0.5945891097452596, 0.1058685142759191, 0.3502638533246874, -0.04055017476364041], [-0.7127105819736645, -0.21807296887599742, -0.5708449442646366, 0.400521336026024, -0.30858024741625406, 0.04078051535497124, 0.4830202671934871, 0.4847129386749744, -0.048572767105034206, -0.3047576466882467, 0.5947377581569443, 0.17254276865841278], [0.1451543574021829, 0.0770594242093503, -0.43491164663807697, -0.13681765076942476, -0.39134606708283093, 0.39082291339631786, -0.5582799745391653, 0.45004200282568235, -0.37326807676042256, 0.6913300987184219, -0.3029254545332537, -0.1076014650193598]], "inverted": false, "swapped": true, "error_lsq": 0.05410631404747724, "error_max": 0.30046782690747703, "target": "640.xyz", "model": "16.xyz", "model_rescale": 3.795458400668931, "target_rescale": 3.8911532860174733},
{"mapping": [4, 5, 6, 1, 12, 2, 3, 11, 0, 8, 9, 10, 13], "R": [[-0.30792825088620274, 0.037832493467263584, 0.9506570857802583], [0.6214943927888265, -0.7485573991666187, 0.23109855015762318], [0.7203644300201196, 0.6619898206097712, 0.20698928805817773]], "T": [-0.010157599565641745, 0.05770712680368374, -0.08630376990107003], "aligned_model": [[0.14501463833509048, 0.09633057121109039, 0.5042614248749511, -0.5006159540941488, 0.6453194377722632, -0.5046741641879392, -0.5839042095422066, 0.20065514640720383, -0.4907908493596429, -0.6074405967672909, 0.04092106473173879, 0.14631859810940714, 0.057236693413705866], [-0.43944891718389567, 0.3813885006678345, 0.4591748768051215, -0.6846941180606083, -0.048370318447066116, 0.48210965840563813, 4.722165441102544e-05, -0.5319744090775576, -0.25161035224045086, 0.4269021858574087, 0.9168325576566141, 0.1835578874866492, 0.06986649194638678], [-0.5261237646541044, -0.667215571588502, -0.12991964254655436, -0.06348726661243137, 0.08029056731391648, -0.3398932476453981, -0.21390469884351682, 0.1264255781562047, 0.5322325393402113, 0.27492911558034877, 0.0748435154326097, 0.6011583272257489, -0.14706042032223732]], "inverted": false, "swapped": true, "error_lsq": 0.05019822922264375, "error_max": 0.2577571188579056, "target": "640.xyz", "model": "17.xyz", "model_rescale": 3.7474275329858107, "target_rescale": 3.8911532860174733},
{"mapping": [3, 11, 5, 10, 7, 9, 6, 12, 8, 4, 0, 1, 2, 13], "R": [[-0.093450561866319, -0.9488900683636318, -0.3014541932827135], [-0.061656582334439824, 0.3077135601818815, -0.9494792418663129], [0.9937129657711556, -0.07014273334461574, -0.0872613237192767]], "T": [-0.009106986981425536, 0.031113343450542792, -0.09346046794364182], "aligned_model": [[0.2785674911721723, -0.38059287835857303, 0.1797531807554952, 0.14138024051001705, -0.7549260137440521, -0.2390903368096412, 0.07484751462556724, -0.4831637385149967, 0.6850779608051025, 0.5688825095763215, 0.5361953528554029, -0.10214583421780224, -0.17477459593157163, 0.012715121293611607], [0.5451252013996716, 0.43073068567287703, -0.5723588239231145, -0.046478623541744306, 0.11881813592892734, -0.5356118220464836, -0.36470754707244846, -0.43598342044772187, 0.03853721538301794, -0.4983008110618828, 0.29816790363439283, 0.6933417662289282, 0.18626800725552717, 0.047263952435094306], [-0.43054263272839305, -0.5667900297807811, -0.44470556316636, -0.7626184847705072, -0.03445936006023652, 0.17793299448726446, 0.5632558145907868, -0.4345289842196337, -0.28029353678009117, 0.18017179786472642, 0.48140439516277533, 0.0835019737750885, 0.5790824655959104, 0.008902782416992078]], "inverted": false, "swapped": false, "error_lsq": 0.03728447660451217, "error_max": 0.2054851678907914, "target": "640.xyz", "model": "18.xyz", "model_rescale": 3.922800546911778, "target_rescale": 3.8911532860174733},
{"mapping": [5, 0, 7, 3, 2, 11, 4, 9, 12, 13, 8, 1, 6, 14], "R": [[-0.6533622014598525, -0.004990857718054631, 0.7570290120218468], [-0.7551349061025161, -0.06670225584017742, -0.6521672198534483], [0.05375041664098573, -0.9977604423933983, 0.03981196184378233]], "T": [0.034796842613459035, 0.029137718998225093, 0.012439127496491925], "aligned_model": [[0.41386411071394225, -0.18671399034524763, 0.15409899773091482, -0.007327724873274967, -0.6571068428895341, -0.05080360403128888, 0.02724551487297964, -0.5584910682230593, 0.6493030422735289, 0.5159932126215657, 0.4642052023355399, -0.30387262638940793, -0.1518863034059429, 0.03421805362633778], [0.608514411343825, 0.528874721059089, -0.5969664562387733, -0.008438614299944289, 0.06454204820891302, -0.6628642584326798, -0.3112859185202172, -0.4120099310184439, -0.048055344060203536, -0.42614413387719485, 0.29165689573427456, 0.6700977729687434, 0.25057578437375516, -0.04368515739610254], [-0.3087529876109989, -0.6197305612185224, -0.46919514930882855, -0.6247129607642512, -0.16961796862530856, 0.1575233772782716, 0.6511267378039357, -0.3283561067057983, -0.4723674382196803, 0.19404924492812362, 0.36040866131840243, 0.16229313616917357, 0.6384442058370376, -0.050798558494015295]], "inverted": false, "swapped": false, "error_lsq": 0.0321859857613107, "error_max": 0.22730690380695065, "target": "640.xyz", "model": "19.xyz", "model_rescale": 3.9282355846067225, "target_rescale": 3.8911532860174733},
{"mapping": [7, 6, 1, 5, 4, 0, 11, 3, 2, 10, 12, 8, 9, 13], "R": [[0.829405193094524, -0.4696231574133578, 0.3025576237495002], [0.49832175879793006, 0.8667446803272423, -0.020714338825182158], [-0.2525122776745184, 0.16795162739769887, 0.9529059767249294]], "T": [-0.006281711361370096, 0.10189914752531758, -0.08160125229241541], "aligned_model": [[0.43860418125915124, -0.28537003090534374, 0.12498044312034776, 0.05884593541053268, -0.5922566724613055, -0.24816218894929495, -0.16752944565796898, -0.4590041869850896, 0.6650740983014266, 0.6081901270353954, 0.6079825704833921, -0.5111311295736861, 0.06190762620860607, 0.040594646730890034], [0.49945468094418954, 0.46281427112769896, -0.552471717204951, 0.027985708801580703, -0.06837214433484158, -0.6458317775349894, -0.2549139005395271, -0.31371775466912744, -0.20580774807760094, -0.36561569322281184, 0.4391693802192037, 0.5525607284427961, 0.3806029894991868, -0.05104520360576588], [-0.26083271374631534, -0.5492485953900351, -0.42229145540895763, -0.7729660947964139, 0.08274252480916455, 0.06869607458711854, 0.518437736641506, -0.5159513643183948, -0.44672322313271295, 0.30061410910612363, 0.3997744091778296, 0.2657498432058294, 0.547762877562915, -0.09545049591011595]], "inverted": false, "swapped": false, "error_lsq": 0.05079314493676844, "error_max": 0.283772053483171, "target": "640.xyz", "model": "20.xyz", "model_rescale": 4.067790424073018, "target_rescale": 3.8911532860174733},
{"mapping": [13, 1, 12, 9, 8, 0, 2, 7, 11, 3, 6, 5, 4, 14], "R": [[0.12030824936813106, -0.7198061029299889, 0.6836703147853633], [-0.6845116928683954, 0.43863413785837674, 0.5822747078756572], [-0.7190060274159173, -0.5380327752934582, -0.4399443888147685]], "T": [0.05162736967350312, 0.027180735481681685, -0.05566341933709862], "aligned_model": [[0.3193726079396267, -0.4243867799662658, 0.3886006002643208, -0.09332812883027636, -0.5004953270465552, -0.27053546874552814, 0.05503222972658117, -0.5733394902418851, 0.6741642296624099, 0.6136413813982593, 0.4981281892577222, -0.17846591247161164, -0.24354842881836447, 0.07788627188861993], [0.5925268947440708, 0.3700851486461855, -0.49256528968835483, -0.16836111189912661, 0.1261798222184114, -0.5820800021909415, -0.31747952705795396, -0.2272005062308918, 0.020356994338106373, -0.5542901863580155, 0.24574678979830097, 0.560954679230396, 0.2991292739829699, 0.03180884031188394], [-0.3700194478625266, -0.6293638586378313, -0.5065813476597841, -0.7937699081619236, 0.046940700058359874, 0.11600628851307215, 0.6038209564392046, -0.3740508642545368, -0.23011555744697026, 0.20848963162154238, 0.4924449647498964, 0.0473345386257602, 0.6381576924258545, -0.1289801560225761]], "inverted": false, "swapped": false, "error_lsq": 0.04626728961691185, "error_max": 0.27357693377541814, "target": "640.xyz", "model": "21.xyz", "model_rescale": 4.186013935880536, "target_rescale": 3.8911532860174733},
{"mapping": [1, 0, 11, 7, 2, 4, 3, 8, 12, 10, 9, 6, 13], "R": [[0.9434564944884043, 0.03604437979171582, -0.32953094800501265], [-0.2971447833305005, -0.34871610459305885, -0.8888768509399448], [-0.14695176333450954, 0.9365350399653359, -0.31828807418752736]], "T": [0.07270465845396425, -0.0007434392730023276, 0.06212803526566947], "aligned_model": [[0.12148699959008032, -0.460319120718255, 0.3495042193618489, 0.4595379414089277, -0.2691814445902009, 0.685829339083369, -0.1640090566894178, -0.69500010597692, 0.4130036211155931, -0.33057735053059994, -0.41404308370331366, 0.21631534822284387, 0.14602672884926962], [-0.45824683824817924, -0.020180464379566748, 0.21856856740246197, -0.6455413032957539, -0.48460114659501874, -0.2225302684710768, -0.528329086961836, -0.1838644128878887, 0.5928966359702047, 0.5678065584082215, 0.25063951708921905, 0.4180502285295441, 0.014288672985761974], [-0.6998040626568565, -0.5896239439346699, -0.49707170539765344, 0.22093209954704518, 0.4335676351321677, -0.13680137852328056, -0.057921269622657326, 0.08737227463937962, 0.04104910889446532, -0.10231609128003642, 0.7451779808849, 0.5434735088466021, 0.11484540480594004]], "inverted": true, "swapped": true, "error_lsq": 0.04915199016603685, "error_max": 0.3168672680028021, "target": "640.xyz", "model": "22.xyz", "model_rescale": 4.166573947596378, "target_rescale": 3.8911532860174733},
{"mapping": [8, 0, 2, 4, 5, 6, 12, 1, 3, 11, 9, 7, 14, 15], "R": [[-0.552932910639989, 0.8234673051393457, -0.1271487070234454], [0.6449628500982869, 0.32637543194805624, -0.6910151947778099], [-0.5275302060776094, -0.4640912354131067, -0.7115695376338506]], "T": [0.06142769959164853, 0.03212999241111431, 0.030874426275951605], "aligned_model": [[0.38908179772064455, -0.34231851733307345, 0.1099509369106901, 0.21737431992178638, -0.7660836535666256, -0.36485776212822657, 0.09525480829056318, -0.4002410969311801, 0.5727890789466805, 0.6603315720271318, 0.5539976146424538, -0.39860385652598596, 0.012026301735619506, 0.0040244303065749], [0.6496176645385138, 0.32150027107715534, -0.5163670789330711, 0.08229402533647745, 0.10659020294183238, -0.5981221987668446, -0.4026624632183426, -0.24099491146852886, -0.11231275762873194, -0.41729165147043495, 0.27847888544358335, 0.5686559324405698, 0.17242504663717295, 0.013000852915689746], [-0.37585755792389647, -0.6172070477546889, -0.35591453085186414, -0.6853781372607277, 0.003623396144431086, 0.04393247392934402, 0.519947633959623, -0.43855476973239244, -0.2503238732941383, 0.2787204773217412, 0.269906365502938, -0.07821512731059815, 0.8079552218627578, -0.002320892204987747]], "inverted": true, "swapped": false, "error_lsq": 0.04510131605393843, "error_max": 0.24399412494875847, "target": "640.xyz", "model": "23.xyz", "model_rescale": 4.274766983524099, "target_rescale": 3.8911532860174733},
{"mapping": [9, 5, 2, 8, 3, 0, 10, 11, 12, 4, 13], "R": [[0.37612353780425445, 0.204028385050665, -0.9038271418823562], [0.7597410677959546, 0.49047478519780685, 0.4268817107694213], [0.5304004093266466, -0.8472348571551944, 0.029470368293304523]], "T": [0.017373402591460488, 0.1456785926344918, 0.0830511932913848], "aligned_model": [[0.14133545755286653, 0.2889404494623643, -0.35121311233127545, -0.5922819014796982, -0.5170646959107362, -0.6225161073891752, 0.03432160232084354, 0.09934067903434723, 0.6014026086388715, 0.2002079965507922, 0.0974217275088748], [-0.19378933826476286, 0.6173461145457045, 0.3969390975619168, -0.1626850418508119, 0.3892204598126448, -0.2937990474744339, -0.5699490762204024, 0.02134662116673061, -0.11752427555374645, 0.6397657756653214, 0.1887152418553229], [-0.7144880949419764, -0.31362117966852865, -0.45545034284324404, -0.3128950746213428, 0.020961645144101662, 0.40966045274466323, 0.1057920702438821, 0.7274447295812978, 0.32448520233199035, 0.5156405483262103, 0.0720364777245237]], "inverted": true, "swapped": true, "error_lsq": 0.0474316124830797, "error_max": 0.28080779737018213, "target": "640.xyz", "model": "24.xyz", "model_rescale": 3.7841303162186577, "target_rescale": 3.8911532860174733},
{"mapping": [2, 5, 14, 12, 3, 11, 7, 13, 9, 10, 8, 4, 6, 15], "R": [[0.6350849516732121, -0.35596021883388873, 0.6855358683292687], [0.33368291655086113, 0.926837366859222, 0.17212845957474715], [-0.6966511432276166, 0.1194354135137247, 0.7073983083372908]], "T": [0.1463743389817191, 0.0027544524290000257, 0.08156336132378857], "aligned_model": [[0.3426661496843064, -0.2575415206431428, 0.33031228222714387, 0.001524704773862795, -0.626832468842575, -0.3450619392472713, 0.14199263732083972, -0.3287408910934107, 0.5256557499262264, 0.5636903650960691, 0.5728840039394129, -0.21698601134673162, -0.44375322748676543, 0.08291613970908915], [0.5813413902372203, 0.5107036849932507, -0.5021192175832048, 0.009859616906415227, 0.12955754640718126, -0.5585079437266599, -0.3281199048812689, -0.43702427491027424, -0.05035699795143772, -0.6458366858288719, 0.40182880199711557, 0.6525621767173938, 0.12845576926401717, 0.012467858204164184], [-0.3605901282881653, -0.5085029916608407, -0.5020190001930857, -0.662842446375033, -0.10571743140434196, 0.2629537587122155, 0.6413030512380654, -0.3575951367171188, -0.36055143561989417, 0.18370040161125792, 0.1725960634331099, 0.1307926221620329, 0.4790241599982693, 0.1077621454910696]], "inverted": true, "swapped": false, "error_lsq": 0.04535277940882703, "error_max": 0.3446083490577806, "target": "640.xyz", "model": "25.xyz", "model_rescale": 4.19342608120988, "target_rescale": 3.8911532860174733},
{"mapping": [0, 3, 8, 12, 10, 11, 6, 4, 2, 1, 5, 13], "R": [[-0.0828702712842766, -0.6526023980653027, -0.7531551156147627], [-0.70608757277758, -0.49487530554170434, 0.506496566162171], [-0.7032587416494274, 0.573766975351859, -0.41978399241662734]], "T": [-0.03489606520226633, 0.08167139080490428, -0.0980288379331043], "aligned_model": [[-0.17306988446820426, 0.44290018163085815, 0.2554030453639975, -0.6394507645401686, -0.5589151596434466, -0.47848597116929714, -0.26897639760699055, 0.008232202482806976, 0.5945891097452596, 0.1058685142759191, 0.3502638533246874, -0.04055017476364041], [-0.7127105819736645, -0.21807296887599742, -0.5708449442646366, 0.400521336026024, -0.30858024741625406, 0.04078051535497124, 0.4830202671934871, 0.4847129386749744, -0.048572767105034206, -0.3047576466882467, 0.5947377581569443, 0.17254276865841278], [0.1451543574021829, 0.0770594242093503, -0.43491164663807697, -0.13681765076942476, -0.39134606708283093, 0.39082291339631786, -0.5582799745391653, 0.45004200282568235, -0.37326807676042256, 0.6913300987184219, -0.3029254545332537, -0.1076014650193598]], "inverted": false, "swapped": true, "error_lsq": 0.05410631404747724, "error_max": 0.30046782690747703, "target": "640.xyz", "model": "26.xyz", "model_rescale": 3.795458400668931, "target_rescale": 3.8911532860174733},
{"mapping": [6, 2, 9, 10, 0, 4, 5, 12, 7, 8, 11, 1, 13], "R": [[-0.7258901714470096, 0.5304069845056174, 0.4378948387276207], [-0.1267643138985517, -0.728911023858918, 0.6727700409640528], [0.6760283039329498, 0.43284772158878415, 0.5963460255564197]], "T": [-0.12766355929002846, -0.08385007269306359, -0.053753749096178936], "aligned_model": [[-0.17076734777294142, 0.49509974310146554, 0.4934560371684735, -0.08112856826501683, 0.00863032082236842, -0.6371114693218672, -0.0032854146122761885, -0.6259174167422143, -0.13615685843461897, 0.5715618809644153, -0.6899929266003707, -0.35672901670879686, -0.1679825807773636], [-0.6875513797525995, -0.1362283579440533, -0.5817254672721438, 0.03472450387123806, 0.6903640686921079, -0.06662187630444008, -0.6070717157522253, -0.3721710357687827, -0.1680817607391063, 0.23222965887189445, 0.2383280133787844, 0.7073841511998362, -0.1616972992235956], [-0.30152870064956633, 0.25992466770554234, -0.41845159913509145, -0.7585245726922075, -0.3558948271089456, 0.39885005058567014, 0.3516313431342681, -0.4242538973355695, 0.7100890957880653, -0.2400829065673162, -0.1856895920812275, 0.2834509630347648, -0.02738336257896066]], "inverted": true, "swapped": true, "error_lsq": 0.05949371087648099, "error_max": 0.2992024581344217, "target": "640.xyz", "model": "27.xyz", "model_rescale": 3.6321398670334006, "target_rescale": 3.8911532860174733},
