[{"mapping": [6, 2, 9, 3, 8, 5, 1, 4, 11, 10, 12, 13], "R": [[-0.5439949823269674, 0.8342095827705857, -0.09035392197800984], [-0.6167173136343692, -0.47052000935762583, -0.6310869004009726], [-0.5689720680900687, -0.2875852791918001, 0.7704320170693096]], "T": [0.211126512699587, -0.17682697779593418, 0.08365325383558884], "aligned_model": [[-0.3570377710092388, 0.3418804387840053, 0.467288167426077, 0.20048128678847926, -0.5318337936846307, -0.15318804359236787, 0.6483432497990783, -0.3568360520992618, -0.20857554757083352, 0.1886481281871772, 0.6206933904421716, 0.13278240267383548], [-0.6131520536916623, -0.4704538165412355, 0.37843307547121674, -0.6768562275817634, 0.0466952167167439, -0.5076488461055981, -0.402887348471124, -0.1268894782376607, 0.22750983569833547, 0.8001588472247978, 0.1766944578700396, -0.04283805571186863], [-0.18347229539150667, -0.6148773008230138, -0.3198447655619962, -0.06819448016678133, -0.009228086165543645, 0.6583123318666394, 0.38495434416425317, -0.6833728198646873, 0.4676112758918358, 0.32946282358399737, 0.2895594828682858, 0.03416556406911881]], "inverted": true, "swapped": false, "error_lsq": 0.04897498658286681, "error_max": 0.22968184784705464, "target": "641.xyz", "model": "0.xyz", "model_rescale": 3.8414455957264533, "target_rescale": 3.8207040068960354},
{"mapping": [0, 3, 5, 11, 9, 13, 12, 4, 8, 6, 10, 14], "R": [[-0.27087663890587116, -0.09073196308940012, 0.9583285226732023], [-0.7683461906947018, 0.6201066935499603, -0.1584670939327057], [-0.5798879010119107, -0.7792531036117082, -0.23768597512583917]], "T": [-0.015124620704077454, -0.06812135451571133, -0.058734446036377855], "aligned_model": [[-0.38757766606562916, 0.4484150972057101, 0.3780113459156658, 0.2705729191052269, -0.5523904571363096, -0.3424258778059423, 0.46389547166673273, -0.13944608373871437, 0.09091972082505984, 0.09198353048015283, 0.6106593850726082, 0.060028470619930385], [-0.6367400670970043, -0.1603961514791893, 0.3622990306072481, -0.8273307991514246, 0.17476428940818794, -0.47944441828153206, -0.35155860199253713, -0.10931642199590044, 0.07851854466120542, 0.696837310205823, 0.15152495692727844, -0.11039206517193507], [-0.3106647106146253, -0.6832287805227042, -0.36615140848812194, 0.20249981100663866, 0.28457542124373447, 0.48764840961812334, 0.46327381224589687, -0.5866211527191858, 0.7103908591640209, 0.05699480264772126, 0.1101772953967277, -0.08381828450762492]], "inverted": true, "swapped": false, "error_lsq": 0.04690536627447234, "error_max": 0.262273089879982, "target": "641.xyz", "model": "1.xyz", "model_rescale": 4.316132596720782, "target_rescale": 3.8207040068960354},
{"mapping": [3, 10, 8, 7, 4, 5, 9, 6, 0, 2, 1, 11], "R": [[-0.9118225668113713, -0.04131072532632335, -0.40850095547811816], [-0.3249617343628579, 0.6807282470623834, 0.6565126996877199], [0.25095712353588573, 0.7313702739545734, -0.6341277824872575]], "T": [0.13198531112750816, -0.11945075857739618, 0.045227339700351955], "aligned_model": [[-0.3303993807984449, 0.46760467825759255, 0.44368945865993853, 0.20313213218825654, -0.5847563211074207, -0.1333676536470197, 0.632008364132659, -0.29074628273819403, -0.03652613806671709, 0.03607110014141035, 0.5625067056416646, 0.02342919348076611], [-0.5477895592802288, -0.26032614490467426, 0.3870542932364678, -1.0078261167647498, 0.16260560308842775, -0.462013209515534, -0.47555901200754913, 0.018598365692071128, 0.18032830586309856, 0.7111101591235761, 0.1688487180786783, -0.08626579596936376], [-0.13846609329090082, -0.46931086541529454, -0.4378143486775844, -0.0334395059094594, 0.0777138384620065, 0.522719384879769, 0.4612986839844142, -0.6463913426931375, 0.6662349584942673, 0.08639076841607982, 0.20688130355595002, -0.01074070733550947]], "inverted": true, "swapped": false, "error_lsq": 0.036561208543627176, "error_max": 0.27415187563996957, "target": "641.xyz", "model": "2.xyz", "model_rescale": 3.795458400668931, "target_rescale": 3.8207040068960354},
{"mapping": [4, 5, 3, 10, 7, 0, 2, 5, 1, 8, 6, 11], "R": [[0.7399684960902413, 0.015329083452457648, -0.6724668348658205], [-0.5176495900282504, 0.6513656372869685, -0.5547627497456242], [0.4295177839595601, 0.7586091389920433, 0.48992514479277305]], "T": [0.042983656576152565, -0.10346422363087812, 0.08012623719331977], "aligned_model": [[-0.34591043541152966, 0.19288539136973049, 0.40431364086381116, 0.2601205863926488, -0.6537201583595387, -0.395937860177815, 0.6565047936125993, 0.19288539136973049, 0.08323809544663158, 0.14852371522016744, 0.5293868262138935, -0.07964413039583823], [-0.5441311046005336, -0.22575276689559473, 0.4000668493700561, -0.7833492019954393, 0.20531558778901401, -0.5164092378501974, -0.3852403644834165, -0.22575276689559473, 0.11530965882966579, 0.6699087064522081, 0.2280922858840642, -0.14929203896401166], [-0.17585973616683973, -0.5954472951784668, -0.4228321373399785, -0.09197462074832183, 0.13073373594125365, 0.5791575603961262, 0.44333324741026814, -0.5954472951784668, 0.6690119735327342, 0.11643799930224522, 0.1080284626517107, 0.11993417984833633]], "inverted": true, "swapped": false, "error_lsq": 0.05620923938211097, "error_max": 0.3950154956054012, "target": "641.xyz", "model": "3.xyz", "model_rescale": 3.7530521520055578, "target_rescale": 3.8207040068960354},
{"mapping": [1, 0, 7, 4, 2, 5, 10, 3, 6, 8, 11], "R": [[-0.46030326037207014, 0.8855053529258318, 0.06325486882873693], [-0.5159046846569256, -0.32480172034332766, 0.7926829118954521], [0.7224702518719235, 0.3322410456305982, 0.6063436507117118]], "T": [0.13466072232069992, -0.069745895585313, 0.001958601941703152], "aligned_model": [[-0.40705085091860516, -0.2043086770302237, 0.0953519705092509, 0.5695592173306396, 0.3000341439222376, -0.14680002785243573, -0.026439270602387877, -0.6344745798080501, -0.6065346806753278, 0.33107069253838073, 0.06779166503172629], [-0.6751890389493358, 0.15091070686097538, -0.4240120202713762, 0.29028283038991376, -0.7399325883063307, 0.6565457957754339, -0.31037215817969693, 0.03749360979621695, 0.19751213821643218, 0.3741777489096717, -0.090213665927558], [-0.09273949291996421, -0.6227818998515745, -0.5247984320542689, -0.3328516954813991, 0.09641120040443855, 0.06075872434037165, 0.5772030900978676, -0.06730164224523741, 0.5895553803737136, 0.3951158188314906, 0.014259725749878537]], "inverted": false, "swapped": true, "error_lsq": 0.0493207296330493, "error_max": 0.26381882125391304, "target": "641.xyz", "model": "4.xyz", "model_rescale": 3.7855080009869324, "target_rescale": 3.8207040068960354},
{"mapping": [2, 12, 6, 14, 5, 9, 15, 1, 10, 7, 8, 16], "R": [[-0.29359938565755206, -0.3086556784088488, -0.9047270709597905], [0.7402465595963477, -0.6722474756638455, -0.01087945170304444], [-0.6048424850713443, -0.6729153019879703, 0.42585274990677213]], "T": [0.09255640455280334, -0.06168792431437403, -0.07454923980301546], "aligned_model": [[-0.36135465442026965, 0.33400370776209254, 0.40009513727139945, 0.23534444140926303, -0.5662065028421384, -0.11942670325545351, 0.5737176668612197, -0.22913047924300406, 0.010457106824205642, 0.0025773266072952883, 0.6220849101034278, 0.09048389906645349], [-0.637251757054959, -0.46364613413957195, 0.45085084743263776, -0.7212466541565035, 0.32907078011364077, -0.5263575815466589, -0.3769676473455699, -0.11263442856802108, 0.12523817605147247, 0.651768131110326, 0.18400053400402833, -0.1140586592606011], [-0.16661830388864124, -0.5677003934438001, -0.3368486934830928, -0.02668216393050555, 0.18706557509401295, 0.4214943982981363, 0.5157054870607344, -0.7579422025173281, 0.6249381527844231, 0.13581638092863385, 0.31857493551830623, -0.0627270979502783]], "inverted": true, "swapped": false, "error_lsq": 0.04409949959456202, "error_max": 0.21824314652460924, "target": "641.xyz", "model": "5.xyz", "model_rescale": 4.2253639853439635, "target_rescale": 3.8207040068960354},
{"mapping": [3, 6, 5, 7, 1, 0, 12, 2, 9, 8, 11, 13], "R": [[-0.22554638184555492, -0.3366597309143562, -0.9142149939795632], [0.7045047226456838, -0.7045145791826437, 0.08562887065138147], [-0.6729055843179692, -0.6247554988151574, 0.3960790846458779]], "T": [-0.022599303453662817, -0.006932819655176767, -0.006750659315160883], "aligned_model": [[-0.14858415667571906, 0.37157529842765413, 0.2676053253431172, 0.20784925343796012, -0.6593389202359433, -0.35556637691216464, 0.6783552345455165, -0.14524097101632688, -0.041245241847269826, 0.10331867455392449, 0.7479598856559245, -0.03404214913218202], [-0.6298577202265281, -0.35722414830280397, 0.34994972623712955, -0.7560056738341911, 0.26720222023258716, -0.5106629878558657, -0.4180214589469269, -0.005117892125955328, 0.1263904488112687, 0.6790884959097887, 0.10065656629780291, -0.05763196955608616], [-0.3215551346726931, -0.3750444773858617, -0.4416729377891819, 0.116434314547666, 0.23432696777610462, 0.5209343745483985, 0.45261045220021995, -0.6663924859550013, 0.5886262486618189, 0.23693826740020268, -0.021476450371148807, -0.03865306448992296]], "inverted": true, "swapped": false, "error_lsq": 0.047069135292740184, "error_max": 0.28232425876136297, "target": "641.xyz", "model": "6.xyz", "model_rescale": 3.89814844738969, "target_rescale": 3.8207040068960354},
{"mapping": [2, 11, 7, 10, 0, 5, 9, 4, 6, 3, 8, 12], "R": [[0.4422779503962446, 0.003346759576222741, -0.8968717933983854], [0.18058656840227733, 0.9791801942845761, 0.09270727281885516], [0.878509365861279, -0.20296538207575943, 0.4324654295696414]], "T": [0.024129011400817885, -0.05124064592669466, -0.03021225847401665], "aligned_model": [[-0.4862261953622681, 0.722624341480818, 0.07155738485568325, 0.07620706182209228, -0.4638499502033201, -0.11632797277303938, 0.5474418542975041, -0.1121860018767642, 0.07151363427448507, 0.053247315501328274, 0.6239008875963923, 0.004743496531579787], [-0.5185772761801005, -0.2179927841997428, 0.4450455785044763, -0.7811746831014653, 0.2707332077401001, -0.48260075123089996, -0.5536422963707508, -0.25368801012163933, 0.1687110928474453, 0.7174184580764635, 0.20130620114880385, -0.20677313047247006], [-0.18081730976435526, -0.40389443286932813, -0.45767595561944135, -0.08841742224997524, 0.06580731273419861, 0.5996900348807208, 0.49101910006563465, -0.6268101718712443, 0.607558688773607, 0.21615584593335885, 0.15466759135229433, -0.092207206894869]], "inverted": true, "swapped": false, "error_lsq": 0.04951349423124077, "error_max": 0.30006434220825645, "target": "641.xyz", "model": "7.xyz", "model_rescale": 3.7474275329858107, "target_rescale": 3.8207040068960354},
{"mapping": [3, 10, 12, 5, 2, 8, 9, 0, 4, 13, 11, 14], "R": [[0.3068716930817397, -0.4229147594121332, -0.8526270405379626], [-0.6339491225295515, -0.759019397125796, 0.14831744614442727], [-0.7098860993350684, 0.4950077383821094, -0.5010280081119924]], "T": [0.09559439479092738, -0.08933056727703033, -0.08644082239081943], "aligned_model": [[-0.385458275462055, 0.5725963780065153, 0.36005852500180024, 0.13185287562827402, -0.6922237541458438, -0.16230718483607673, 0.5663421376968035, -0.18179674683129024, -0.19664615466128618, 0.21596290723588024, 0.7024074479617799, 0.061857700549989736], [-0.618050931664313, -0.188953711900902, 0.4322886033036549, -0.7760670106062603, 0.06680826868576971, -0.3401747548560826, -0.40491163204529923, -0.2504788182181379, 0.20793443466775124, 0.7033155864179093, 0.00329046189705344, -0.046234889040923294], [-0.1428113972439005, -0.667653087189068, -0.28294726888527943, 0.11380863202235725, 0.1656558335962596, 0.49301951675261657, 0.4226226257147654, -0.6620262924950483, 0.5757183923907642, 0.3201736448099628, 0.011942199752580401, -0.06242672475540928]], "inverted": true, "swapped": false, "error_lsq": 0.04707167618595399, "error_max": 0.203765495351831, "target": "641.xyz", "model": "8.xyz", "model_rescale": 4.019505241142653, "target_rescale": 3.8207040068960354},
{"mapping": [11, 4, 3, 8, 6, 9, 7, 5, 1, 2, 0, 12], "R": [[0.24404856980632494, 0.9499487966094858, 0.19503225219352205], [0.1619854812663168, -0.23821985071209473, 0.9576074386645226], [0.9561385879852395, -0.2021103326079534, -0.21201512686290894]], "T": [-0.03835812797609864, -0.05018721373212556, 0.111495507135567], "aligned_model": [[-0.42517719287624045, 0.6244574643220908, 0.34910945576510066, 0.11454336329973272, -0.6768227110828562, -0.16306267680906528, 0.7266079796633433, -0.1568039976286706, 0.029148763047470647, 0.03307585638559196, 0.5868265421494264, -0.04925699009143253], [-0.4937263182931273, -0.2270881314362691, 0.38458766027072344, -0.7038885157072878, 0.2568992326286125, -0.5895914744661239, -0.5049940727680794, -0.05876964270071891, 0.1531293778483472, 0.5272151555301084, 0.11055393204357164, -0.06556159630953627], [-0.09072614785715166, -0.35431156361900346, -0.5204067702992676, 0.037788837507191655, -0.0501297648572287, 0.5125340095674629, 0.27751226897758163, -0.549126651906349, 0.7521283859538399, 0.004370103681340415, 0.18864789119364142, 0.0767954761285432]], "inverted": true, "swapped": false, "error_lsq": 0.05195546832978642, "error_max": 0.28580060147499503, "target": "641.xyz", "model": "9.xyz", "model_rescale": 3.877068213659057, "target_rescale": 3.8207040068960354},
{"mapping": [7, 9, 11, 2, 1, 4, 13, 8, 3, 12, 6, 15], "R": [[-0.297168445131048, -0.5372789264968492, -0.7893175979039041], [-0.8323721428504007, -0.2592471867157598, 0.48984437527300106], [-0.467811426779026, 0.8025722717128707, -0.3701759279756242]], "T": [0.17086944958599826, -0.0527314272677822, 0.04173689433594312], "aligned_model": [[-0.4614338529097436, 0.41237537383144635, 0.2649556921411844, 0.20368462668370407, -0.6901565778999293, -0.22617059737371936, 0.645128086787381, -0.16580998369466837, 0.07800043430390088, 0.19604394244690085, 0.6107835029912805, 0.12524520883675377], [-0.5416870733964327, -0.35976377914977625, 0.42958556925761343, -0.7078181273057346, 0.052975386455204596, -0.43190101991424323, -0.49057254407673206, -0.16541403153388912, 0.07129458865641135, 0.6863965677179417, 0.22847721517828795, 0.017192854751569092], [-0.12379702722909748, -0.49028878864544884, -0.5088749200017739, -0.05896036250324441, 0.022583311700539663, 0.43756551996515813, 0.4671924119109891, -0.6432977950847572, 0.6571670171790895, 0.14780888711023943, 0.3699165709690656, 0.008061249099840621]], "inverted": true, "swapped": false, "error_lsq": 0.03897439528744668, "error_max": 0.2443178941954904, "target": "641.xyz", "model": "10.xyz", "model_rescale": 4.260839863003843, "target_rescale": 3.8207040068960354},
{"mapping": [4, 10, 6, 9, 3, 2, 8, 5, 1, 0, 7, 11], "R": [[-0.8457687637431678, -0.22437796381703848, -0.48407615891476563], [-0.48531796744224603, -0.05342902072623479, 0.8727037356525768], [-0.22167920234898134, 0.9730364171486879, -0.0637060605308793]], "T": [0.10189831251079065, -0.1352306486321627, 0.041118455562641945], "aligned_model": [[-0.2786262171504159, 0.5008293976878065, 0.251031014809762, 0.25432699131080516, -0.5344476936289084, -0.3144595242797459, 0.5277234760278904, -0.2936601054355862, -0.005945571990132709, 0.13919454156582525, 0.6257060653616789, 0.12097348186551186], [-0.651522221396783, -0.3222446359118303, 0.4358081294866871, -0.9128116913786368, 0.15067873734632833, -0.4557573463021177, -0.5216374115548471, 0.012754619684567509, 0.15736147897590638, 0.7414781513556153, 0.24418054284273252, -0.08952274650740216], [-0.31207689098027847, -0.4052149958875597, -0.5546411315559917, -0.04757472905601391, 0.17208660013307914, 0.4818745263833933, 0.47120699382190623, -0.48637069181470705, 0.6938206744793747, 0.04611252978037038, 0.14731739679629266, 0.07853579237073535]], "inverted": true, "swapped": false, "error_lsq": 0.04244933707031868, "error_max": 0.19513257138605672, "target": "641.xyz", "model": "11.xyz", "model_rescale": 3.890672605050136, "target_rescale": 3.8207040068960354},
{"mapping": [4, 8, 5, 0, 10, 2, 1, 7, 11, 9, 6, 13], "R": [[-0.4457773793597869, -0.5628744101295698, -0.6960279638580694], [-0.8840360841887803, 0.15471671894493422, 0.4410702197281997], [-0.14057997689318646, 0.8119329623190596, -0.5665705029354318]], "T": [0.15083849885004902, -0.09053916669643378, 0.029124095139936967], "aligned_model": [[-0.3568784569012878, 0.6343202137064266, 0.1536971358582937, 0.33785350472677667, -0.682537972866375, -0.3185514418231579, 0.49554452544952066, -0.16849898016580828, 0.0032860917711254878, 0.19346961463356074, 0.672281467193875, 0.028660154561541126], [-0.5719080803375477, -0.221390834927571, 0.4557245000593171, -0.6491555158531378, 0.0963703107038554, -0.3447677509617194, -0.6018119780852432, -0.06570465718113569, 0.08044626197038632, 0.6829471839089095, 0.04510728596808253, -0.1170911186239759], [-0.010429737135969175, -0.4888665593691939, -0.5245545268169495, -0.01171340942362134, 0.29386738228806714, 0.49881020756392597, 0.5035460149021098, -0.7610474001124121, 0.5308754620978074, 0.10476713457967818, 0.2334660012333034, -0.08364449533614544]], "inverted": false, "swapped": false, "error_lsq": 0.04795311492530002, "error_max": 0.22130431952504742, "target": "641.xyz", "model": "12.xyz", "model_rescale": 4.124412569039231, "target_rescale": 3.8207040068960354},
{"mapping": [8, 1, 4, 6, 10, 9, 3, 2, 7, 5, 0, 12], "R": [[0.6452481476960072, 0.3068218287049649, -0.6996536238203968], [-0.6323908453888437, 0.7283439534617435, -0.2638122516565555], [0.4286451289391444, 0.6126789133680539, 0.6639939024952605]], "T": [0.11659666476131808, -0.1050477242221464, 0.11150105961192776], "aligned_model": [[-0.2659097299718565, 0.42818285402581446, 0.19401680250919873, 0.27867276586301587, -0.5164239650491005, -0.185535815723119, 0.6058389074992592, -0.2840168175873486, -0.1704608039495819, 0.2327943200679613, 0.6501090026148362, 0.025378335845411992], [-0.6159140561965293, -0.43486154614300776, 0.45720703658186135, -0.7515357825453997, 0.2570159054750234, -0.5061327180640429, -0.40194413088663683, -0.05988423998421226, 0.16531132715256955, 0.6112460765964195, 0.12024440164348293, -0.05198666698930772], [-0.2165241981681874, -0.5645175706330654, -0.43269739864926066, 0.05321433143833883, -0.001655834046580637, 0.5070867822455428, 0.5372332846036355, -0.6499873586196863, 0.5989245587511246, 0.3286811113716229, 0.07441417817058162, 0.05090418800653496]], "inverted": true, "swapped": false, "error_lsq": 0.04090002344061921, "error_max": 0.2445326686413281, "target": "641.xyz", "model": "13.xyz", "model_rescale": 3.9028299243045295, "target_rescale": 3.8207040068960354},
{"mapping": [6, 2, 12, 3, 9, 7, 4, 1, 10, 13, 5, 15], "R": [[0.660071263997781, -0.673898941260432, -0.331912855147914], [0.7488524507728601, 0.5553666594157838, 0.36164607087708517], [-0.05937957069441091, -0.48726593414420155, 0.8712324465989121]], "T": [0.1717193895934363, -0.08546696259960142, -0.060190566198364895], "aligned_model": [[-0.30557913020939687, 0.44680248794709165, 0.28629728759767326, 0.19676225288920413, -0.581412200581733, -0.34093230095277843, 0.4868910746021861, -0.17659040805170229, 0.032501713893263645, 0.3148203054557993, 0.5621222067649911, 0.07096256678989236], [-0.5110903796465567, -0.3973403528419118, 0.510226087727814, -0.7010222625929249, -0.10941994003153178, -0.42477662343429123, -0.3321469658470473, -0.10224597346250071, 0.12755631000277634, 0.6528688230263189, 0.18257225054346005, -0.10641536680338423], [-0.24844330085190164, -0.6678204264049755, -0.40116268242113745, 0.035485830505471175, 0.1216459516302283, 0.6051553243589647, 0.4867820646062248, -0.6084582976960989, 0.6402322533552165, 0.19871819637784022, 0.13434080458104058, -0.01139964357027197]], "inverted": false, "swapped": false, "error_lsq": 0.04588233981169764, "error_max": 0.2706168557177089, "target": "641.xyz", "model": "14.xyz", "model_rescale": 3.942246331269136, "target_rescale": 3.8207040068960354},
{"mapping": [13, 3, 1, 4, 8, 11, 10, 12, 6, 0, 5, 14], "R": [[0.6877044455966881, -0.07476459283072795, -0.7221307715126173], [-0.6854623489514247, 0.26082452663305616, -0.6797881541161466], [0.2391735012005878, 0.9624867905407835, 0.12812187306605688]], "T": [0.15990908159510397, -0.06624171714609459, 0.14422366301931214], "aligned_model": [[-0.3732559616940557, 0.5278494395986796, 0.35541925083179127, 0.25521833575596575, -0.5241786272137762, -0.3115764043574013, 0.4835721871929676, -0.15545114445908842, -0.03637291187889652, -0.06430536048671884, 0.6904015855974517, 0.14532546725757223], [-0.5418161732845682, -0.2619128416417307, 0.28309617177517143, -0.6317029698390485, 0.22269633700444927, -0.5018388611513422, -0.5561907350131227, -0.0640397607721077, -0.025796635049696023, 0.6244119825918149, 0.22406706717917926, 0.01779202484122136], [-0.24371166636998162, -0.44133644020789775, -0.5603189182841133, 0.02243000679362725, 0.36189252576294295, 0.4637038491453874, 0.5494306101574908, -0.6098448599770561, 0.6663605834822391, 0.02828042747479198, -0.04833300689896189, 0.09652296339213198]], "inverted": false, "swapped": false, "error_lsq": 0.050539868609476755, "error_max": 0.28030759267876, "target": "641.xyz", "model": "15.xyz", "model_rescale": 4.355366556412066, "target_rescale": 3.8207040068960354},
{"mapping": [3, 10, 8, 7, 4, 5, 9, 6, 0, 2, 1, 11], "R": [[-0.9118225668113713, -0.04131072532632335, -0.40850095547811816], [-0.3249617343628579, 0.6807282470623834, 0.6565126996877199], [0.25095712353588573, 0.7313702739545734, -0.6341277824872575]], "T": [0.13198531112750816, -0.11945075857739618, 0.045227339700351955], "aligned_model": [[-0.3303993807984449, 0.46760467825759255, 0.44368945865993853, 0.20313213218825654, -0.5847563211074207, -0.1333676536470197, 0.632008364132659, -0.29074628273819403, -0.03652613806671709, 0.03607110014141035, 0.5625067056416646, 0.02342919348076611], [-0.5477895592802288, -0.26032614490467426, 0.3870542932364678, -1.0078261167647498, 0.16260560308842775, -0.462013209515534, -0.47555901200754913, 0.018598365692071128, 0.18032830586309856, 0.7111101591235761, 0.1688487180786783, -0.08626579596936376], [-0.13846609329090082, -0.46931086541529454, -0.4378143486775844, -0.0334395059094594, 0.0777138384620065, 0.522719384879769, 0.4612986839844142, -0.6463913426931375, 0.6662349584942673, 0.08639076841607982, 0.20688130355595002, -0.01074070733550947]], "inverted": true, "swapped": false, "error_lsq": 0.036561208543627176, "error_max": 0.27415187563996957, "target": "641.xyz", "model": "16.xyz", "model_rescale": 3.795458400668931, "target_rescale": 3.8207040068960354},
{"mapping": [2, 11, 7, 10, 0, 5, 9, 4, 6, 3, 8, 12], "R": [[0.4422779503962446, 0.003346759576222741, -0.8968717933983854], [0.18058656840227733, 0.9791801942845761, 0.09270727281885516], [0.878509365861279, -0.20296538207575943, 0.4324654295696414]], "T": [0.024129011400817885, -0.05124064592669466, -0.03021225847401665], "aligned_model": [[-0.4862261953622681, 0.722624341480818, 0.07155738485568325, 0.07620706182209228, -0.4638499502033201, -0.11632797277303938, 0.5474418542975041, -0.1121860018767642, 0.07151363427448507, 0.053247315501328274, 0.6239008875963923, 0.004743496531579787], [-0.5185772761801005, -0.2179927841997428, 0.4450455785044763, -0.7811746831014653, 0.2707332077401001, -0.48260075123089996, -0.5536422963707508, -0.25368801012163933, 0.1687110928474453, 0.7174184580764635, 0.20130620114880385, -0.20677313047247006], [-0.18081730976435526, -0.40389443286932813, -0.45767595561944135, -0.08841742224997524, 0.06580731273419861, 0.5996900348807208, 0.49101910006563465, -0.6268101718712443, 0.607558688773607, 0.21615584593335885, 0.15466759135229433, -0.092207206894869]], "inverted": true, "swapped": false, "error_lsq": 0.04951349423124077, "error_max": 0.30006434220825645, "target": "641.xyz", "model": "17.xyz", "model_rescale": 3.7474275329858107, "target_rescale": 3.8207040068960354},
{"mapping": [7, 1, 0, 11, 9, 12, 10, 2, 5, 4, 8, 13], "R": [[-0.5396057402034677, -0.4425330861854558, -0.7162332809711119], [0.4928967446005022, -0.8557359409197318, 0.15738106169564686], [-0.6825528875491592, -0.2681053282749107, 0.6798831433775274]], "T": [0.11231998225639979, -0.13567995601348481, -0.0077340687444482845], "aligned_model": [[-0.37500053033956837, 0.35233734749482437, 0.38618748881198306, 0.29755426453288686, -0.49272831779056797, -0.33160385061235836, 0.4670288500885568, -0.20953992632859952, 0.049121486742894474, 0.08228848426906453, 0.6756973095386973, 0.091303249736678], [-0.6787828263260749, -0.4011215675384491, 0.44595210494050963, -0.8334242160043497, 0.095708766750424, -0.45213987451860616, -0.35189918952609606, 0.03707558497432589, 0.07914051845714842, 0.6608990785418467, 0.2596393891657299, -0.0722821622761884], [-0.19475618587963134, -0.5997229470730123, -0.5423770573866877, 0.01630486062791415, 0.15989641608464433, 0.5041464582385018, 0.5435101898232985, -0.6163344681144678, 0.6800726269072699, 0.22418353053628465, 0.20007125758293898, -0.08991860687645231]], "inverted": false, "swapped": false, "error_lsq": 0.042072732537812414, "error_max": 0.2544995537622984, "target": "641.xyz", "model": "18.xyz", "model_rescale": 3.922800546911778, "target_rescale": 3.8207040068960354},
{"mapping": [8, 12, 7, 5, 4, 1, 0, 13, 2, 9, 3, 14], "R": [[-0.1573832424251736, 0.9862641625944075, -0.05013498365105469], [0.9740810725294473, 0.1633908277687895, 0.15642730433307328], [0.1624702407938796, -0.024216502286297154, -0.9864162315541026]], "T": [-0.06892781211419188, -0.11359298068247309, 0.03328925081665883], "aligned_model": [[-0.3667306522696683, 0.44343884098648034, 0.3635229519287341, 0.32291214898065257, -0.7337555737770641, -0.18329713133763004, 0.5893470638415084, -0.25973530593233707, 0.0736848274543066, 0.19659669998126936, 0.5589789327372998, -0.012316946449060846], [-0.5954636522065166, -0.3162832685187522, 0.4060477247365641, -0.7683049121919743, 0.1124622514420619, -0.4973745988982456, -0.3566600511296627, 0.004080419421553821, 0.23435695308881505, 0.6041152362551914, 0.0066890521497535715, -0.044899547508568366], [-0.19802174836392078, -0.5279692498528413, -0.3923524917426801, 0.01464919142822807, -0.14212516832733002, 0.6558760738991075, 0.4872002802338859, -0.6159866674422749, 0.6429788779316755, 0.31102083838208067, 0.053650879750913136, -0.0038447414262431506]], "inverted": false, "swapped": false, "error_lsq": 0.041974697075534924, "error_max": 0.27696767272412137, "target": "641.xyz", "model": "19.xyz", "model_rescale": 3.9282355846067225, "target_rescale": 3.8207040068960354},
{"mapping": [11, 8, 6, 9, 1, 10, 12, 4, 2, 5, 7, 13], "R": [[-0.6561939356561568, -0.7538730217725235, -0.03293912341955196], [-0.20033350598912691, 0.13195898571998305, 0.9708003463461776], [-0.7275135773208556, 0.6436321100841056, -0.2376167117070972]], "T": [0.09356319923317713, -0.049152512097482066, -0.07091451482294221], "aligned_model": [[-0.29291273276623286, 0.43135553568174717, 0.39489265486903813, 0.37542464215726684, -0.5186451041060485, -0.24441046841524078, 0.5432560931941108, -0.19182181936366477, -0.07070424606895512, 0.0395053599787431, 0.5734964350057685, -0.04679049402204133], [-0.6392987429216158, -0.3601267962428656, 0.4377956589675865, -0.680073228641631, 0.2785468607233705, -0.47344655476575204, -0.5678992895196376, -0.17565073456204952, 0.26942779614158324, 0.6360292971806698, 0.10272065512735357, -0.039259314846791904], [-0.19632165798157752, -0.6773903273373972, -0.3854396996963396, -0.10121305713033464, 0.21071451543129038, 0.5984005935706742, 0.43055575079879416, -0.6203882956474664, 0.6708664528326664, 0.05275355097438621, 0.29609557585246443, 0.006442672803440394]], "inverted": true, "swapped": false, "error_lsq": 0.03902835112612845, "error_max": 0.19202904612023372, "target": "641.xyz", "model": "20.xyz", "model_rescale": 4.067790424073018, "target_rescale": 3.8207040068960354},
{"mapping": [0, 8, 1, 2, 12, 3, 6, 7, 11, 10, 5, 14], "R": [[0.9363862782623457, -0.2707531493774261, -0.22332368881110304], [-0.34383531370710496, -0.580021507499943, -0.7384797410121895], [0.07041317298581218, 0.7682888668591386, -0.6362186747733606]], "T": [0.16719611146946242, -0.1039972187382284, 0.03411638300268556], "aligned_model": [[-0.25130558202207065, 0.3848388666784026, 0.29970382394149053, 0.14314749641905533, -0.5410394861009669, -0.3238001175428181, 0.5278477860756727, -0.09905536301004228, -0.010184432439883456, 0.0047392798770430344, 0.7219841832933985, 0.13576940097520995], [-0.5708515915103259, -0.22134183056075063, 0.4959586714340767, -0.8414337107019397, 0.10468232734880586, -0.5263155318785063, -0.43299296977904445, -0.0171749101803175, 0.12733099765785938, 0.6896110767584697, 0.015006239026802731, -0.03371316097490956], [-0.2995921075834084, -0.4797218891280856, -0.5097583610899283, 0.13071356708868603, 0.23873566918229694, 0.5857638810781236, 0.5902180536495173, -0.6574297082182472, 0.6112261237977767, 0.1569189592844818, -0.1287163325667956, 0.046718218976183654]], "inverted": true, "swapped": false, "error_lsq": 0.047453863089296534, "error_max": 0.3172365334706205, "target": "641.xyz", "model": "21.xyz", "model_rescale": 4.186013935880536, "target_rescale": 3.8207040068960354},
{"mapping": [1, 10, 4, 9, 0, 2, 8, 7, 5, 3, 11, 12], "R": [[0.19982557659370837, 0.49317027602838526, 0.8466716115360657], [0.3619170559924185, -0.8401429631820236, 0.4039503013954931], [0.910541478198974, 0.22570529514793286, -0.3463687864421562]], "T": [0.07223875933238633, -0.10232308188222797, 0.01523192983453548], "aligned_model": [[-0.4652547676325831, 0.48170865404755037, 0.3844756561972953, 0.34167176306413716, -0.6369686259993343, -0.17258284657742207, 0.46965574930554044, -0.17720173606569853, -0.11817730652433994, 0.14205521861583428, 0.6543206915419413, 0.08894340617157029], [-0.5624447907190883, -0.28888601274954506, 0.3402123780182229, -0.6453336396961913, -0.028648185604714882, -0.3946849111809273, -0.533529524637992, -0.14615635963607393, 0.24544778329748548, 0.7931559464181698, 0.06904288180986315, -0.05940995867898817], [-0.17054201198764568, -0.6874971152361907, -0.46879971761770967, -0.11891780307979694, 0.1309269394754594, 0.6510669280171238, 0.5089817354144609, -0.6733766838915531, 0.6795631147947604, 0.2287304699323221, 0.1906751097958304, 0.01426510885353997]], "inverted": false, "swapped": false, "error_lsq": 0.03448558248134309, "error_max": 0.1869903700506187, "target": "641.xyz", "model": "22.xyz", "model_rescale": 4.166573947596378, "target_rescale": 3.8207040068960354},
{"mapping": [6, 11, 3, 12, 0, 13, 14, 2, 10, 8, 9, 15], "R": [[-0.7058749321854051, 0.40825070831219024, -0.5788539878715919], [0.5217921661781213, 0.852348062389381, -0.035152750336382266], [0.4790339397447678, -0.32685492149218615, -0.8146731521714355]], "T": [0.026694677481458665, -0.05619493488098856, -0.0003970860107672322], "aligned_model": [[-0.35574725144706226, 0.6182418429920535, 0.25730645993208895, 0.31075602107477, -0.6592503174984745, -0.16421851018778705, 0.4603165865976257, -0.2073146738303736, 0.09577657166035321, 0.09507086558089407, 0.5821771633795425, -0.040468902109139226], [-0.645484129617492, -0.2532013023159688, 0.2467706062254232, -0.635749588934968, 0.3785580257827885, -0.4643380401787106, -0.4890364088721859, -0.1366230618116161, -0.03179869683121339, 0.7379664372738268, 0.15266750132346207, -0.07096573540312547], [-0.29294459998259953, -0.48346413062554777, -0.46564620069354296, -0.1135647106635441, 0.084603442776261, 0.716390538929594, 0.5002006182866298, -0.6261607627179872, 0.7449711106341884, 0.13639308943819356, 0.09051417228720707, -0.0062164931982516755]], "inverted": true, "swapped": false, "error_lsq": 0.04468895694751864, "error_max": 0.27270498719811775, "target": "641.xyz", "model": "23.xyz", "model_rescale": 4.274766983524099, "target_rescale": 3.8207040068960354},
{"mapping": [4, 2, 9, 8, 10, 6, 5, 3, 0, 1, 11], "R": [[-0.64054287799831, -0.29561559034308016, -0.708742720732816], [0.5434692662357656, 0.4775449276439301, -0.6903564287661209], [0.5425366145273521, -0.8273827801130901, -0.14523001435493121]], "T": [0.03909026667432634, 0.12950039732930588, -0.09557297441445861], "aligned_model": [[0.31696041338894854, 0.03426715284005953, -0.3635746066761811, -0.4128090776761563, -0.4963633660934106, -0.5705145463812519, -0.1141468025996646, 0.1022379331556919, 0.6321627920128541, 0.22121552882553397, 0.0304592831616516], [-0.21261948929106098, 0.8219801698686581, 0.3911877927197587, -0.22923259765362483, 0.42151931949149835, -0.15080447119346016, -0.6127569689109771, -0.0843261282720846, -0.2139911350811239, 0.6420118682746915, 0.14261817129120824], [-0.5819858489289632, -0.17217824333042245, -0.6937418127054633, -0.33497910763022154, 0.11124768069298635, 0.6226739250982396, 0.09350275666738536, 0.6515260786482457, 0.19454567602238876, 0.5152812951409664, -0.02632596565356443]], "inverted": false, "swapped": true, "error_lsq": 0.048650805623336596, "error_max": 0.29559236701295794, "target": "641.xyz", "model": "24.xyz", "model_rescale": 3.7841303162186577, "target_rescale": 3.8207040068960354},
{"mapping": [6, 8, 2, 7, 3, 11, 10, 4, 13, 12, 9, 15], "R": [[-0.6565380131314926, 0.5061027590233216, -0.5593012020569361], [-0.7137080506103393, -0.17686630300431, 0.6777456228966565], [0.2440873937903007, 0.8441435352892122, 0.4773290647154114]], "T": [0.193800941788701, -0.17440455563426527, -0.028514212492963174], "aligned_model": [[-0.4527212549202848, 0.539536038490712, 0.35134671182965116, 0.17198246802842077, -0.5609641946525679, -0.22394741474605323, 0.6902199944015165, -0.2683932295421259, -0.15080346330583744, 0.14162753307923087, 0.6278785290527527, 0.1268841384290761], [-0.4744547484856153, -0.17917881326879675, 0.398634010091525, -0.8033579215486106, 0.09819537706567749, -0.4714021595389831, -0.4881298305795768, -0.008974702284531844, 0.15500412612113385, 0.5496801277801875, 0.20470005638837324, -0.19194991510056225], [-0.14685855403696765, -0.5079954248583208, -0.49284077910352764, 0.13503143192487732, 0.04234306051362819, 0.5430680677170291, 0.48177950816278037, -0.5903984127218458, 0.5917580838774696, 0.19091963424988062, 0.07147103594053261, -0.033201577194935265]], "inverted": false, "swapped": false, "error_lsq": 0.0379139334156322, "error_max": 0.20042059081677654, "target": "641.xyz", "model": "25.xyz", "model_rescale": 4.19342608120988, "target_rescale": 3.8207040068960354},
{"mapping": [3, 10, 8, 7, 4, 5, 9, 6, 0, 2, 1, 11], "R": [[-0.9118225668113713, -0.04131072532632335, -0.40850095547811816], [-0.3249617343628579, 0.6807282470623834, 0.6565126996877199], [0.25095712353588573, 0.7313702739545734, -0.6341277824872575]], "T": [0.13198531112750816, -0.11945075857739618, 0.045227339700351955], "aligned_model": [[-0.3303993807984449, 0.46760467825759255, 0.44368945865993853, 0.20313213218825654, -0.5847563211074207, -0.1333676536470197, 0.632008364132659, -0.29074628273819403, -0.03652613806671709, 0.03607110014141035, 0.5625067056416646, 0.02342919348076611], [-0.5477895592802288, -0.26032614490467426, 0.3870542932364678, -1.0078261167647498, 0.16260560308842775, -0.462013209515534, -0.47555901200754913, 0.018598365692071128, 0.18032830586309856, 0.7111101591235761, 0.1688487180786783, -0.08626579596936376], [-0.13846609329090082, -0.46931086541529454, -0.4378143486775844, -0.0334395059094594, 0.0777138384620065, 0.522719384879769, 0.4612986839844142, -0.6463913426931375, 0.6662349584942673, 0.08639076841607982, 0.20688130355595002, -0.01074070733550947]], "inverted": true, "swapped": false, "error_lsq": 0.036561208543627176, "error_max": 0.27415187563996957, "target": "641.xyz", "model": "26.xyz", "model_rescale": 3.795458400668931, "target_rescale": 3.8207040068960354},
{"mapping": [7, 4, 11, 3, 5, 0, 2, 10, 1, 8, 9, 12], "R": [[0.7991619384892369, 0.5426323996981707, -0.25863154267786087], [0.11166290670612855, 0.28875526570684495, 0.9508689666786418], [0.5906535290134681, -0.788777836481461, 0.17017030686803727]], "T": [0.13997354655343414, 0.010081526376842773, 0.07703290017642862], "aligned_model": [[-0.4707770801777989, 0.47218820681780255, 0.3860818233968722, 0.18985342769904506, -0.5698043078152408, -0.07590538777522393, 0.606066829030912, -0.1477621248091726, 0.16235929831943408, -0.10777300025718425, 0.5520014242389153, -0.003883252523869646], [-0.4797469954443479, -0.21945293744356004, 0.4369026689571046, -0.7174895556841185, 0.1959398572976883, -0.6203618874383819, -0.4452847641719479, -0.10653375351136636, 0.2207136091778183, 0.6911928346937164, -0.09685141121183254, -0.07026205858055236], [-0.140360268500256, -0.6549579003536707, -0.4414543417581902, -0.037983954472786824, -0.09188289587400587, 0.5742356553810257, 0.6688381953203694, -0.5642903322355405, 0.6297409373570211, 0.15092974944933857, 0.13335931479748359, 0.058901915359812526]], "inverted": false, "swapped": false, "error_lsq": 0.04653758419480152, "error_max": 0.23233742929020731, "target": "641.xyz", "model": "27.xyz", "model_rescale": 3.6321398670334006, "target_rescale": 3.8207040068960354},
{"mapping": [13, 12, 7, 9, 1, 11, 10, 6, 0, 3, 8, 14], "R": [[-0.17982121188886668, -0.945061865612892, -0.2729879153352758], [0.20221813219240173, 0.2360708749046706, -0.9504621870618315], [0.9626900637107646, -0.2261163686821983, 0.14865809445348277]], "T": [0.050599883490496524, -0.0430796475102266, 0.059263802749421834], "aligned_model": [[-0.518106558983493, 0.5731168289284295, 0.3656583281340416, 0.18963417934500412, -0.543563457494342, -0.17420270132221696, 0.5187111897347113, -0.1561347537751858, 0.11571414472336791, 0.08183286507856893, 0.5518003372228202, -0.011814545447214858], [-0.6078482109421994, -0.15022676414287334, 0.4989667866651352, -0.6876454842084794, 0.26089665794581024, -0.48713696991120337, -0.42034191219236705, -0.36704165729167587, 0.09959660836183296, 0.6236406156941423, 0.0819215350535284, -0.05601559839143055], [-0.09593537238245331, -0.5724048350564073, -0.39659936055775097, -0.04925581740265765, 0.01642076250555613, 0.46522282617704674, 0.5524337750813189, -0.616174457281617, 0.6632632342179245, 0.22072175844089256, 0.04503617713096921, 0.05234738359777886]], "inverted": true, "swapped": false, "error_lsq": 0.04595765461795865, "error_max": 0.2736395294332683, "target": "641.xyz", "model": "28.xyz", "model_rescale": 4.156811204709835, "target_rescale": 3.8207040068960354},
{"mapping": [9, 10, 8, 5, 1, 2, 4, 7, 0, 11], "R": [[0.10849758468412468, -0.8245672224492526, 0.5552631536308132], [-0.9920195808258714, -0.12589586752733423, 0.006883443731353911], [0.06422947435386653, -0.5515787579320517, -0.8316462279252889]], "T": [-0.11793350979092995, 0.004505550165570332, -0.039870113859508303], "aligned_model": [[-0.612626913399652, -0.07363094480597242, 0.08066008124572643, 0.573583620198372, -0.12247895789039306, -0.6647623603983078, -0.25443204368763495, -0.39396025475482743, 0.19029975672802305, -0.07972660912474591], [-0.16221330365737915, -0.6194106393698322, 0.02356947596843562, 0.2682498023181984, -0.449183949421075, -0.38364995066054386, 0.6083111560588768, 0.19055645260443474, 0.4817978403431634, -0.03930655355807484], [-0.6019275063427044, -0.19325296262489466, -0.6318285820541034, -0.2897105781754131, 0.6406633052058125, 0.14916263555376416, -0.25814118451631535, 0.5020864671500858, 0.4408320887862317, 0.0009030439926361045]], "inverted": false, "swapped": true, "error_lsq": 0.04865677025686917, "error_max": 0.2532140039502382, "target": "641.xyz", "model": "29.xyz", "model_rescale": 4.117894457231895, "target_rescale": 3.8207040068960354},
