[{"mapping": [4, 2, 9, 6, 5, 3, 1, 12, 7, 8, 11, 10, 13], "R": [[-0.5870741456533473, 0.45207619276658517, -0.6715437911551726], [0.2656315298270976, -0.6760390896512607, -0.6873216420462915], [-0.7647116043758643, -0.5818919703838197, 0.27679938030228257]], "T": [-0.006163470396187604, -0.14366120698501755, 0.022073108705850962], "aligned_model": [[-0.16722934347499382, 0.1434388087049243, 0.6324818699630714, -0.6027327418231933, -0.651697042634882, -0.25323257250193293, 0.10090073150412453, 0.442045652047165, 0.15991220784414478, -0.4114922847955053, -0.21252004384550768, 0.45974940054651015, 0.026820142997216998], [0.6257793061768413, -0.06117417506935746, 0.21347814554659028, 0.09689474263697342, -0.3821461538677444, -0.35697643663318906, -0.7056986102970761, -0.3006293793059919, 0.593759317492411, 0.5131589146024462, 0.17867829802769192, 0.32583934747465493, 0.00983018929523588], [-0.5214554626182858, -0.7276423660332006, -0.014351935905470299, -0.39118737050570773, 0.3364178202323705, -0.38615939536816446, 0.09754050148352314, 0.35311598117160653, 0.02700480739054153, 0.14403626592217075, 0.6056620470397587, 0.782285809661063, 0.06557408307254578]], "inverted": true, "swapped": false, "error_lsq": 0.04651901147347634, "error_max": 0.3632698400966175, "target": "642.xyz", "model": "0.xyz", "model_rescale": 3.8414455957264533, "target_rescale": 4.188737082213215},
{"mapping": [8, 12, 10, 13, 0, 11, 1, 4, 6, 9, 7, 2, 14], "R": [[0.37116319252615604, -0.5428363581471333, -0.7533701432810758], [0.8490426051277421, -0.13011472398806165, 0.5120515728707484], [-0.3759847592545322, -0.8296980456015717, 0.4125973993292295]], "T": [0.035863318915401496, 0.06893400255331361, 0.09825844276084258], "aligned_model": [[-0.10599056196618119, 0.06193562644235755, 0.5647705369212009, -0.6352434466082507, -0.44036621207296034, -0.2257104492722593, 0.24318220784451572, 0.12324053707680216, 0.4582433208814232, -0.3903610879428169, -0.38556830473630155, 0.3158701758828884, 0.08244244208072385], [0.5537290778172738, -0.024770671239410888, 0.1638152268530947, 0.10335184353255292, -0.4216778207650671, -0.4931409810372923, -0.7607887008568498, -0.20135362114857613, 0.7218931478917345, 0.5891140632803323, 0.15178938799797959, 0.3676561388519756, 0.0011764149017393088], [-0.5093216828022109, -0.6585963734071538, -0.3255764406868631, -0.25285140063583456, 0.3391377530844685, -0.48647763338608174, -0.03242057203368784, 0.5620763564599054, 0.1708302157979185, 0.213389409115843, 0.5762598798133128, 0.7122339902827154, 0.062157283940419465]], "inverted": false, "swapped": false, "error_lsq": 0.04365779521149496, "error_max": 0.25915737890856955, "target": "642.xyz", "model": "1.xyz", "model_rescale": 4.316132596720782, "target_rescale": 4.188737082213215},
{"mapping": [7, 8, 10, 5, 4, 6, 3, 1, 9, 2, 0, 12], "R": [[-0.2413832400649019, -0.966065920434524, -0.09192806312963253], [0.2538965503623499, -0.154299395961469, 0.9548446146468148], [-0.9366272861335337, 0.20714326873186478, 0.2825260927581907]], "T": [-0.04384552739492946, -0.04209280069083317, 0.011601929804733582], "aligned_model": [[-0.2567366037155904, 0.6162925163467758, 0.11701270285034922, -0.5933431184784564, -0.4648290267194147, -0.6306350803949378, -0.19948616171541006, -0.1352496320526992, 0.4231542256583259, 0.18508312441867952, 0.5114869044601253, 0.025058703974033522], [-0.6407618630743254, -0.05687577044017928, -0.6646375148575073, 0.35053511922936803, -0.24617001357214258, -0.2027768992832868, 0.5069594468748293, 0.6275221927886113, -0.12977975983991702, -0.03256832135435746, 0.5002054939149909, 0.0011243173548965354], [0.04523854905324147, 0.11297730570377015, -0.5250450209043704, 0.04844858276276556, -0.5197602284267413, 0.3711248417760329, -0.4859946359569637, 0.41176584245653086, -0.46693452593906337, 0.6417274179995358, -0.21036793776159646, 0.02607827044627937]], "inverted": true, "swapped": true, "error_lsq": 0.050258117017333126, "error_max": 0.2952860334444577, "target": "642.xyz", "model": "2.xyz", "model_rescale": 3.795458400668931, "target_rescale": 4.188737082213215},
{"mapping": [1, 2, 6, 10, 3, 4, 7, 0, 11, 9, 5, 12], "R": [[-0.37919862302811774, 0.92228103217831, 0.07487390718862487], [-0.9213695301772743, -0.3688787570844945, -0.12250163848988962], [-0.08536154376818984, -0.11543898932297453, 0.9896399580603048]], "T": [0.018243055584087127, -0.03077105917921753, 0.02772433569152629], "aligned_model": [[-0.17061155208455062, -0.15308400252623264, -0.6857359774955591, 0.348401838427275, 0.2668059451030365, -0.05383354074241912, -0.2725353822958295, 0.6825787563271979, 0.28698889976942143, 0.6516548596997302, -0.3801368126194564, 0.07281079418095125], [-0.08089058321013312, -0.6368734408120007, -0.0021353824991281953, 0.09483636654800397, 0.5966462393225913, 0.5571870773246467, -0.10645282620425321, -0.03209172548455405, -0.643764350003729, 0.027748334169535763, 0.38116610365838177, -0.0696067675196516], [-0.732993796932378, -0.202154145987157, 0.08241987744825166, 0.7870959139018081, -0.3155667119067255, 0.4154491771734624, 0.5885976270779607, -0.4309787326092192, 0.5974291023168923, 0.2516436931430647, -0.3315293579917947, -0.020641214995065042]], "inverted": false, "swapped": true, "error_lsq": 0.0501519704389275, "error_max": 0.2706075090810042, "target": "642.xyz", "model": "3.xyz", "model_rescale": 3.7530521520055578, "target_rescale": 4.188737082213215},
{"mapping": [4, 3, 5, 1, 6, 0, 7, 9, 11, 2, 12], "R": [[0.6229534792955902, -0.464481753265842, -0.6294328109628609], [0.22889393089189308, 0.877650906124454, -0.4211133521746643], [0.7480217450277609, 0.11826067758141323, 0.6530527399097328]], "T": [-0.07037502958851839, -0.05645906726290597, 0.05413931891751021], "aligned_model": [[-0.4518181668108532, -0.23783855451005265, 0.30269325365796634, 0.5538777476920903, 0.3873027804526172, -0.2572470003140838, -0.1879078864877362, -0.6796281116577874, -0.41672854718854646, 0.3919587328706291, -0.06646464525903799], [-0.5987312961587516, -0.003196377719850159, -0.3376371764817499, 0.24619683436286102, -0.5862261075880246, 0.6499114912734547, -0.5223896403276296, 0.2326526047050508, 0.1191089867908032, 0.24149922965563878, 0.026014809802543816], [-0.19417967261478875, -0.682341348574799, -0.4349628062806017, -0.31406983645223546, 0.15045125205072268, -0.2891851237020361, 0.4712165388891298, 0.05432574165991656, 0.8426592766359536, 0.4375783878558941, 0.05133836777816034]], "inverted": false, "swapped": true, "error_lsq": 0.03938353799273207, "error_max": 0.20588554596337183, "target": "642.xyz", "model": "4.xyz", "model_rescale": 3.7855080009869324, "target_rescale": 4.188737082213215},
{"mapping": [7, 10, 3, 8, 13, 15, 14, 12, 4, 6, 11, 1, 16], "R": [[-0.007946774548095725, 0.5885911019777146, 0.8083918378156357], [0.9260773595577709, -0.3006531835920947, 0.22800962109184164], [0.3772500137691034, 0.7504453197059714, -0.5426916705115472]], "T": [0.08961414350546403, 0.05541702760025377, -0.008971142147068067], "aligned_model": [[-0.13110114445151788, 0.054794148721109645, 0.703272038402827, -0.5119346342631449, -0.5184753857435975, -0.2469561447670532, 0.2279791324117617, 0.05785388589145905, 0.1519326696602045, -0.3884582649677041, -0.2805087293975359, 0.43561070372912003, 0.11243650930521316], [0.6667689051609358, 0.0701468161140991, 0.005589719680267585, -0.03367621704507462, -0.23217056478771728, -0.5629774417233391, -0.5959048920408649, -0.26485600442863, 0.7651177018652741, 0.4589607607950067, 0.15455033170660565, 0.31246729229551595, 0.0067770984874076165], [-0.3816682246966955, -0.7366626120488661, -0.33046427242332144, -0.36324693258056684, 0.26007929921577977, -0.43748815236720195, 0.11074638110177526, 0.590596813969226, 0.18962930626890184, 0.1772445814717198, 0.6878917391081522, 0.6133756106546666, -0.009192752130819375]], "inverted": true, "swapped": false, "error_lsq": 0.03910995547775885, "error_max": 0.2335451923727097, "target": "642.xyz", "model": "5.xyz", "model_rescale": 4.2253639853439635, "target_rescale": 4.188737082213215},
{"mapping": [4, 0, 7, 1, 8, 9, 12, 11, 3, 2, 5, 6, 13], "R": [[-0.7456950531444662, 0.4554018618732685, -0.4863620379082152], [0.4431308594726201, 0.8840888210244124, 0.148398106196546], [0.49756801454567867, -0.10486229418635093, -0.8610632788355607]], "T": [-0.13685366406933042, 0.06031164176418382, 0.03443326197862248], "aligned_model": [[-0.2825850876429579, 0.17036696856838274, 0.6371234431681889, -0.6668912019888873, -0.6820607588774052, -0.2491260869535522, 0.561534516762983, 0.12134443195818512, 0.3505522818878293, -0.21106722067732192, -0.33106380649658196, 0.3462026459634649, -0.09788534114118572], [0.6547336476220464, -0.029835638269427152, 0.06308589685797489, 0.12730055396789242, -0.4041802205093132, -0.4408581858386317, -0.5546838855553934, -0.37098822596888664, 0.5623445872719617, 0.6474392812870099, 0.1435719054602177, 0.2460853506201416, 0.10677843913389302], [-0.32100469792668207, -0.7007888813976664, -0.13975903695513506, -0.46883453551710885, 0.2157104233954115, -0.29544570741114273, 0.10776957440076732, 0.6284601604557791, -0.08135895783226385, 0.35057420358723357, 0.6311672190468779, 0.4163530160612188, 0.027998005635461832]], "inverted": true, "swapped": false, "error_lsq": 0.049632893212319264, "error_max": 0.3612938364758182, "target": "642.xyz", "model": "6.xyz", "model_rescale": 3.89814844738969, "target_rescale": 4.188737082213215},
{"mapping": [7, 11, 8, 4, 2, 10, 9, 5, 3, 0, 1, 6, 12], "R": [[0.9041712886095766, 0.16356821540895064, -0.39461338011024066], [-0.08257212003044989, 0.9732861479038445, 0.21423332908810674], [0.41911349995887165, -0.16111956183662854, 0.8935235648519841]], "T": [-0.06067279392715259, 0.12876321494550672, -0.03820305904697823], "aligned_model": [[-0.13493331993894642, 0.19776237337592212, 0.5733824110828801, -0.5738492776119308, -0.6686521632221353, -0.2651446392688182, 0.4977446027499491, 0.08156883264155042, 0.32726314972165066, -0.27972663046743645, -0.34720279039656166, 0.4147508106113665, -0.15651857474634825], [0.6693482378512308, -0.12211873956746624, 0.20270187829952374, 0.07140751811530538, -0.17717434746184876, -0.5719040848892245, -0.5629642902159889, -0.36457528107688375, 0.8148394610943145, 0.5301595045526397, 0.05030940330969816, 0.21562718067745207, -0.004862934609266206], [-0.403617736957466, -0.7631926302987255, -0.26224288447058586, -0.424021680964483, 0.1575292554564965, -0.11669039851652244, 0.04914079434887187, 0.5440005582883005, 0.13839542556029247, 0.3385021610587671, 0.753341110659864, 0.4348750515570738, -0.07517824017913266]], "inverted": true, "swapped": false, "error_lsq": 0.054752007503186435, "error_max": 0.3394340861170009, "target": "642.xyz", "model": "7.xyz", "model_rescale": 3.7474275329858107, "target_rescale": 4.188737082213215},
{"mapping": [9, 4, 12, 8, 3, 2, 1, 0, 11, 7, 6, 10, 14], "R": [[-0.15115517248325358, -0.987213470180862, 0.050613023274823976], [0.2416761349727531, -0.08655425721288681, -0.9664890099442192], [0.9585117420335492, -0.13385785315694193, 0.2516690595445238]], "T": [0.04608515079080937, 0.06815335193037968, -0.014764089256149256], "aligned_model": [[-0.27565689648595293, -0.06562124306765146, 0.6575030407430642, -0.48806564816370474, -0.5395679681370817, -0.18169904467266362, 0.32010453102638714, 0.05181753174446839, 0.2840575446502584, -0.1604672790805457, -0.3519403402191612, 0.35398196177762487, 0.06199859441610026], [0.7184355817275647, -0.09499612003056364, 0.14193552395140197, 0.041327212152125176, -0.2746953791864533, -0.6363404409458753, -0.6288507354033345, -0.3092659927492013, 0.6405804732047837, 0.6203898539652191, 0.11889117035130187, 0.3802362386480303, 0.033146120394487194], [-0.24704735751401774, -0.7718174408870162, -0.05173669719159285, -0.4380531135142513, 0.21675202000241417, -0.4152542288922365, 0.047689906174555784, 0.5253609108106864, -0.061414771782439585, 0.3261883582472831, 0.6965301400792937, 0.6041601268562834, -0.060517066846211054]], "inverted": true, "swapped": false, "error_lsq": 0.03901870322175306, "error_max": 0.25006726569405435, "target": "642.xyz", "model": "8.xyz", "model_rescale": 4.019505241142653, "target_rescale": 4.188737082213215},
{"mapping": [2, 6, 5, 1, 9, 10, 11, 8, 3, 0, 7, 4, 12], "R": [[-0.9989343465209927, 0.0019608120909135086, 0.04611210856837482], [0.040337143585041174, 0.5226268009896301, 0.8516067999580237], [-0.02242958287791439, 0.8525593129532336, -0.5221489554797876]], "T": [-0.04973874350488856, 0.0326667368261215, -0.04054777912260845], "aligned_model": [[-0.031175004260087447, 0.21872217785864762, 0.6165585021079528, -0.7078776641060978, -0.3440945686339915, -0.4865153162377409, 0.287959037102417, 0.06301096532763904, 0.41862119549082905, -0.2888263445718884, -0.33445592142045255, 0.2664060297158297, -0.011888303841914895], [0.5099856002208745, -0.14241379643105578, 0.11061594521891766, 0.06125025879208615, -0.5267432598674737, -0.45408438445115223, -0.4867447521704847, -0.30225306246597833, 0.7529415806927668, 0.546062440426286, 0.18867922824378877, 0.4702914272125732, 0.023206280658337484], [-0.3895381120108567, -0.6927267258403945, -0.06283276379019914, -0.19001833017683184, 0.21975044454071088, -0.6812343871181623, 0.017945280843664903, 0.5349981900114145, -0.02311434634033218, 0.2786826213908905, 0.8045440627485254, 0.5888422303091458, -0.0344573790248243]], "inverted": true, "swapped": false, "error_lsq": 0.05376696813097497, "error_max": 0.37966031276113527, "target": "642.xyz", "model": "9.xyz", "model_rescale": 3.877068213659057, "target_rescale": 4.188737082213215},
{"mapping": [7, 8, 9, 1, 5, 0, 11, 6, 2, 4, 3, 13, 15], "R": [[-0.22286419225165002, 0.7610139325194378, 0.6092531053046183], [-0.7311232356236861, -0.5438711747867787, 0.41190163821864223], [0.6448180876364834, -0.3536409757753618, 0.6776043787561282]], "T": [0.0878161461940659, 0.012159611882087314, 0.13499807780892378], "aligned_model": [[-0.21172311010106576, 0.17816913106589505, 0.635143364596325, -0.6422013078181328, -0.6606321977695078, -0.28226557582701906, 0.2965643094253912, 0.20885174285499275, 0.35191528320486465, -0.3242292914129162, -0.3254688093261963, 0.3956386145027956, 0.04668263113571512], [0.5530097728347704, 0.012261667902023522, 0.1283453912153107, 0.06560290598462287, -0.2090476092191592, -0.5475492621429282, -0.59999944405409, -0.25542175464584443, 0.6044478712434208, 0.5438198667235672, 0.0632676303585212, 0.44632292171029636, -0.0542664518310245], [-0.3979596191543763, -0.6312651038182621, -0.21511488192897318, -0.3309685962745904, 0.17844786484382172, -0.2934077239694224, -0.22044639161855248, 0.6772666199103682, -0.005720156980950242, 0.21014200979371156, 0.6138977110477188, 0.6956994639022763, 0.09026958978998151]], "inverted": false, "swapped": false, "error_lsq": 0.041208893093274086, "error_max": 0.23608453899075646, "target": "642.xyz", "model": "10.xyz", "model_rescale": 4.260839863003843, "target_rescale": 4.188737082213215},
{"mapping": [11, 2, 1, 8, 3, 9, 10, 7, 6, 5, 4, 12], "R": [[0.44211149394757615, -0.50835615809082, 0.738993534106073], [-0.8406091530232975, 0.052592542185399604, 0.5390828102990595], [-0.3129116149536434, -0.8595394354173742, -0.40407707209081367]], "T": [-0.04306362625856986, -0.029305607817322138, -0.011343869818423835], "aligned_model": [[0.41957483637078374, 0.07167838230358664, -0.49002813724723265, -0.20722778418969157, -0.6404928015320757, -0.26089091310108625, 0.29733901237154464, 0.5713495484982961, 0.3983229169110523, -0.20964622804792238, 0.10802797149838916, -0.09910815474151372], [-0.0007977648347281263, -0.6545308332769205, -0.5966325748564241, -0.18902565144383085, 0.2986574265379288, 0.4033822760000859, 0.6468304722469093, 0.13608061791394835, -0.2637612162822291, -0.12309942390889736, 0.5787779639807225, -0.0628027865436308], [-0.7581380719001236, -0.22461567555158227, 0.2972544860042212, -0.63889257449649, 0.3185096560001393, -0.48049989923389563, -0.36966395846671574, -0.009754590068808383, 0.48826254572371414, 0.6374356911926662, 0.3182408044579827, -0.06196033626560306]], "inverted": false, "swapped": true, "error_lsq": 0.04514073470450843, "error_max": 0.23704887602303815, "target": "642.xyz", "model": "11.xyz", "model_rescale": 3.890672605050136, "target_rescale": 4.188737082213215},
{"mapping": [8, 7, 4, 5, 9, 12, 10, 11, 0, 6, 11, 1, 13], "R": [[0.9540188502266755, 0.2638203029681445, -0.14229153577767245], [0.08682560193552354, -0.697577613622153, -0.7112290684594916], [-0.28689605828715425, 0.6661713898952873, -0.6884085494996958]], "T": [-0.0188107958133258, 0.1480462753791093, 0.07126654109526064], "aligned_model": [[-0.21835297288926342, -0.015684751234544547, 0.6324086710879941, -0.5818461999350514, -0.6962142295193152, -0.07790942121472424, 0.25763295907880934, -0.016086023792126036, 0.36923067772653473, -0.35089989768033836, -0.016086023792126036, 0.33620644235143443, 0.04404555434385808], [0.714701833712841, 0.00333673037989346, -0.036140443447514936, -0.024533868723342844, -0.21454069781885132, -0.46096740164471217, -0.6991229742134796, -0.15056232811633508, 0.5923968965950162, 0.48724741286660855, -0.15056232811633508, 0.6121824966062764, 0.0773581779994216], [-0.3265719231278646, -0.7689795810069557, -0.11051767813672943, -0.4368470381388725, 0.1956678710394295, -0.35387089599851285, 0.14491175389574534, 0.5334219710440877, 0.04536519006356611, 0.397943385530101, 0.5334219710440877, 0.5849187766993416, -0.06802301736467321]], "inverted": false, "swapped": false, "error_lsq": 0.05694356313089237, "error_max": 0.4885749614414507, "target": "642.xyz", "model": "12.xyz", "model_rescale": 4.124412569039231, "target_rescale": 4.188737082213215},
{"mapping": [9, 11, 10, 6, 1, 8, 2, 4, 7, 0, 0, 5, 12], "R": [[-0.8866813515972338, 0.3537241861719007, 0.29778411785508185], [0.4617073741288967, 0.7120790624464637, 0.5289326133831836], [-0.0249495772449507, 0.6064838076506182, -0.7947042906974306]], "T": [-0.10956298870834498, 0.20924156242742104, 0.056509439032683524], "aligned_model": [[-0.18967237782996915, 0.3670787958017954, 0.5797580393464128, -0.6987465520120733, -0.5861668202675466, -0.24175588938349546, 0.16686347144959474, 0.23566609357885349, 0.300091207020661, -0.3026569689648316, -0.3026569689648316, 0.349740313011475, -0.011097558254903078], [0.5198958843686818, -0.2632760876602617, 0.03665222116573555, 0.11920038955156007, -0.44004184539822894, -0.214470008606587, -0.5958095606857277, -0.26669513067543127, 0.6710942734578369, 0.27039147635418903, 0.27039147635418903, 0.5026556340705948, 0.14080478378293548], [-0.4964079598924795, -0.6784004472466465, -0.14263651714494077, -0.24741181837446224, 0.17543859010226615, -0.5073076079616629, -0.07719401996419342, 0.5785988955925598, -0.05282119597654194, 0.6003318330267906, 0.6003318330267906, 0.5825270610409762, 0.035792139314294855]], "inverted": true, "swapped": false, "error_lsq": 0.05717436519119371, "error_max": 0.4308396160553903, "target": "642.xyz", "model": "13.xyz", "model_rescale": 3.9028299243045295, "target_rescale": 4.188737082213215},
{"mapping": [0, 2, 6, 8, 13, 12, 11, 14, 3, 4, 10, 7, 15], "R": [[-0.9064445911949428, 0.3943508267389559, -0.1511477043945267], [-0.39363564412613367, -0.9185648381487486, -0.03591124879710428], [-0.1530005972760797, 0.026945566742334878, 0.9878586708968533]], "T": [0.00036244997030927123, 0.04708889856270761, -0.0394971871945398], "aligned_model": [[-0.2785154786539091, 0.10098225170212025, 0.6586281828919732, -0.5686199089706842, -0.5658506649001406, -0.3072773616392305, 0.30460894782321296, 0.02117140040371849, 0.270815923027249, -0.27694352040130393, -0.1850409730405503, 0.41251470119447736, 0.0799712850942092], [0.7156273051269672, 0.13709949706057784, 0.1353067766928614, 0.05741307888644387, -0.3898563444220163, -0.547524685647097, -0.6196368208694714, -0.5501745951651346, 0.6019130491629057, 0.6063016541615638, 0.1291477896866342, 0.4268941737207615, 0.048282627684490265], [-0.4426099618860833, -0.7633227996270446, -0.09704797423133951, -0.5616654034545963, 0.30854435483307113, -0.22932005395959185, 0.05413812628180167, 0.6131083287374239, -0.12732956197946232, 0.224597051013151, 0.6776112503324093, 0.6721954645942332, 0.04194196488877882]], "inverted": false, "swapped": false, "error_lsq": 0.04352868653755137, "error_max": 0.2781940841711672, "target": "642.xyz", "model": "14.xyz", "model_rescale": 3.942246331269136, "target_rescale": 4.188737082213215},
{"mapping": [1, 12, 8, 3, 10, 13, 11, 6, 0, 5, 9, 7, 14], "R": [[0.852998109022558, -0.41221325196228126, -0.32011632403022083], [0.39521950514211285, 0.10957020981033196, 0.9120284600150061], [-0.3408750045972335, -0.9044747669386919, 0.25637789922697196]], "T": [-0.1020316505828851, 0.008790438905516923, 0.04341169586236896], "aligned_model": [[-0.2668304169404283, -0.009636251978945284, 0.6664925606262209, -0.644004263822881, -0.514504731561643, 0.034021540258308336, 0.1660116580010898, 0.205776738484579, 0.3889197738157017, -0.45943394138368354, -0.2595155834120055, 0.42007117109732983, -0.06092346865250149], [0.6104817391423434, 0.1250380213691743, -0.08123496869867058, 0.17092412527712356, -0.41423725749872653, -0.4889937310867952, -0.6542923497379449, -0.1992969738226529, 0.5525219377091372, 0.5296826395989251, 0.15166527770578236, 0.3579282156560941, 0.09060683046569651], [-0.4737443556413989, -0.7603456357066332, 0.05375041236456483, -0.39990115613045335, 0.4433042334096109, -0.5847843689711439, 0.09425483487557568, 0.4614344388108955, -0.020151178191791776, 0.10435819679748354, 0.8199088931984785, 0.6234901082931895, 0.009266362434373676]], "inverted": true, "swapped": false, "error_lsq": 0.049457029475577986, "error_max": 0.2809276300097197, "target": "642.xyz", "model": "15.xyz", "model_rescale": 4.355366556412066, "target_rescale": 4.188737082213215},
{"mapping": [7, 8, 10, 5, 4, 6, 3, 1, 9, 2, 0, 12], "R": [[-0.2413832400649019, -0.966065920434524, -0.09192806312963253], [0.2538965503623499, -0.154299395961469, 0.9548446146468148], [-0.9366272861335337, 0.20714326873186478, 0.2825260927581907]], "T": [-0.04384552739492946, -0.04209280069083317, 0.011601929804733582], "aligned_model": [[-0.2567366037155904, 0.6162925163467758, 0.11701270285034922, -0.5933431184784564, -0.4648290267194147, -0.6306350803949378, -0.19948616171541006, -0.1352496320526992, 0.4231542256583259, 0.18508312441867952, 0.5114869044601253, 0.025058703974033522], [-0.6407618630743254, -0.05687577044017928, -0.6646375148575073, 0.35053511922936803, -0.24617001357214258, -0.2027768992832868, 0.5069594468748293, 0.6275221927886113, -0.12977975983991702, -0.03256832135435746, 0.5002054939149909, 0.0011243173548965354], [0.04523854905324147, 0.11297730570377015, -0.5250450209043704, 0.04844858276276556, -0.5197602284267413, 0.3711248417760329, -0.4859946359569637, 0.41176584245653086, -0.46693452593906337, 0.6417274179995358, -0.21036793776159646, 0.02607827044627937]], "inverted": true, "swapped": true, "error_lsq": 0.050258117017333126, "error_max": 0.2952860334444577, "target": "642.xyz", "model": "16.xyz", "model_rescale": 3.795458400668931, "target_rescale": 4.188737082213215},
{"mapping": [7, 11, 8, 4, 2, 10, 9, 5, 3, 0, 1, 6, 12], "R": [[0.9041712886095766, 0.16356821540895064, -0.39461338011024066], [-0.08257212003044989, 0.9732861479038445, 0.21423332908810674], [0.41911349995887165, -0.16111956183662854, 0.8935235648519841]], "T": [-0.06067279392715259, 0.12876321494550672, -0.03820305904697823], "aligned_model": [[-0.13493331993894642, 0.19776237337592212, 0.5733824110828801, -0.5738492776119308, -0.6686521632221353, -0.2651446392688182, 0.4977446027499491, 0.08156883264155042, 0.32726314972165066, -0.27972663046743645, -0.34720279039656166, 0.4147508106113665, -0.15651857474634825], [0.6693482378512308, -0.12211873956746624, 0.20270187829952374, 0.07140751811530538, -0.17717434746184876, -0.5719040848892245, -0.5629642902159889, -0.36457528107688375, 0.8148394610943145, 0.5301595045526397, 0.05030940330969816, 0.21562718067745207, -0.004862934609266206], [-0.403617736957466, -0.7631926302987255, -0.26224288447058586, -0.424021680964483, 0.1575292554564965, -0.11669039851652244, 0.04914079434887187, 0.5440005582883005, 0.13839542556029247, 0.3385021610587671, 0.753341110659864, 0.4348750515570738, -0.07517824017913266]], "inverted": true, "swapped": false, "error_lsq": 0.054752007503186435, "error_max": 0.3394340861170009, "target": "642.xyz", "model": "17.xyz", "model_rescale": 3.7474275329858107, "target_rescale": 4.188737082213215},
{"mapping": [8, 0, 1, 4, 9, 6, 2, 7, 3, 10, 12, 11, 13], "R": [[0.09447420845683713, 0.5187786506389025, -0.8496724872430161], [-0.8926829976729618, -0.33365327055120003, -0.30297287125434547], [-0.4406718615955285, 0.7871113051479867, 0.4315832523467101]], "T": [-0.03362612779347751, 0.09601059131266299, 0.07924749885572907], "aligned_model": [[-0.22113313643234336, 0.16499271465389326, 0.6485666394408386, -0.6477203273732488, -0.48593718792769636, -0.3479526098042117, 0.24452021688580228, 0.24107820037893546, 0.34527212141716584, -0.2331050193072034, -0.41107298318113555, 0.37891953746601353, -0.009983381685668084], [0.5953056093099318, -0.05324363538564422, 0.06109642149012018, 0.023836520495377503, -0.3802461448774667, -0.5075717383597187, -0.5112209128310039, -0.2987960106881942, 0.6429575163849965, 0.7115670813746485, 0.0365130050031654, 0.40568760891621436, 0.024908185247059816], [-0.40283139295878606, -0.7191359441204048, -0.029896653019052838, -0.4747426089663755, 0.2069909604099673, -0.2839136850204496, -0.16103823756376257, 0.6589755050242916, -0.05444752426877761, 0.31953430633062996, 0.7220778278655011, 0.5848588917750619, 0.004409340054908284]], "inverted": false, "swapped": false, "error_lsq": 0.04009074845871366, "error_max": 0.22212697902302167, "target": "642.xyz", "model": "18.xyz", "model_rescale": 3.922800546911778, "target_rescale": 4.188737082213215},
{"mapping": [7, 0, 2, 12, 8, 5, 1, 6, 9, 11, 4, 10, 14], "R": [[0.4504140831735931, 0.07005261592284051, -0.8900672922207955], [0.8246176660154795, 0.34950981456901953, 0.44480174731571503], [0.3422467802245557, -0.93431018431905, 0.09965751804870591]], "T": [-0.11022734373491827, 0.00954993123456225, 0.023287639987833272], "aligned_model": [[-0.334251739706382, 0.2733512379934456, 0.5829524550443798, -0.6842042358918006, -0.49244157749296324, -0.314730202206161, 0.35665668384117893, 0.07196962209704807, 0.38801384291367497, -0.20218655526667878, -0.2349552856871133, 0.37797010038849, -0.121699561495977], [0.7094129509956418, -0.23187001485640396, 0.16960638951941293, 0.09557114660231184, -0.42346368613504864, -0.5179682743446082, -0.5643948556565798, -0.3391656363579706, 0.6411171771773082, 0.6331796916309657, 0.14664935185819664, 0.33615225993787257, 0.09596700570838729], [-0.29010642925914387, -0.6788708299785771, -0.06045398355379679, -0.5075276973405972, 0.22528303772464753, -0.4889982605065471, 0.04757159210954412, 0.589829333487398, -0.10169923810055106, 0.3547586615435437, 0.7229402884164653, 0.5760939548036581, -0.01797964380329304]], "inverted": false, "swapped": false, "error_lsq": 0.041558331620441695, "error_max": 0.20451481093715976, "target": "642.xyz", "model": "19.xyz", "model_rescale": 3.9282355846067225, "target_rescale": 4.188737082213215},
{"mapping": [10, 12, 7, 11, 4, 9, 8, 6, 2, 1, 3, 5, 13], "R": [[0.8878810997583825, 0.3167112485977962, -0.33370816247654245], [0.29247363607555976, -0.9484615863197191, -0.12198275073395971], [-0.3551426824426861, 0.010705339205612747, -0.93475080680356]], "T": [-0.003508052858299148, -0.013028338287002679, 0.05673697482524462], "aligned_model": [[-0.22976116412480146, 0.30420872770702634, 0.5884466333969568, -0.6336956510887028, -0.49232800290457496, -0.07633371048812922, -0.09285882445634927, 0.3505922650221124, 0.27905413184120886, -0.24670318901760208, -0.3123088651805678, 0.31276483984131576, -0.08463240601675083], [0.5685203123987206, -0.008525341194176576, 0.07138095865582106, -0.0872401312783467, -0.3372424272381619, -0.3763134261802122, -0.7667479692510044, -0.2745356645016412, 0.7589881137442392, 0.632384008359981, 0.12400719281025274, 0.32073256030421043, 0.12538531944980422], [-0.5372706391994476, -0.735780817557525, -0.11808435221949093, -0.27600823121619456, 0.2919137719420911, -0.5273393846886383, 0.0062915920582571755, 0.5395111842338731, 0.003207357501635394, 0.34965304616771054, 0.7292088260335738, 0.5823464041200356, 0.06319202836687068]], "inverted": false, "swapped": false, "error_lsq": 0.04755751349224399, "error_max": 0.3439047956631177, "target": "642.xyz", "model": "20.xyz", "model_rescale": 4.067790424073018, "target_rescale": 4.188737082213215},
{"mapping": [12, 0, 7, 3, 6, 2, 4, 5, 9, 11, 13, 1, 14], "R": [[-0.07515695115377236, -0.8524006057186397, 0.5174597956013258], [-0.880989721007958, -0.18633288349890986, -0.43489903196638907], [0.4671279740837515, -0.4885624462619677, -0.7369519603956096]], "T": [-0.01649013213435186, 0.02789380382158775, 0.06591376327548973], "aligned_model": [[-0.22188442244856935, 0.23042842692060417, 0.6677747996924565, -0.6426427103672403, -0.5959609564800409, -0.21499578269074526, 0.07438249026646426, 0.18593709354257243, 0.32864895593710036, -0.563487556668356, -0.17152293903763755, 0.6104278121200355, -0.020660426255501914], [0.6750500349600105, -0.05429505880237799, 0.22236731427139672, 0.09072123014310284, -0.4175170463708722, -0.48882857890753045, -0.7662706510973412, -0.27241817055041917, 0.7240588348536419, 0.3586785274142968, 0.23919451561748367, 0.3385111704958811, 0.10154138405221334], [-0.2890733701571443, -0.594944955041642, -0.15908737897531683, -0.5065639043456509, 0.18158416121000628, -0.43139440820659836, 0.12522210819926835, 0.5320704506794317, 0.049086436624000696, 0.1629062277766535, 0.7150981308132748, 0.49462793842135466, 0.0913093485451132]], "inverted": true, "swapped": false, "error_lsq": 0.04829931617157878, "error_max": 0.32269701273688217, "target": "642.xyz", "model": "21.xyz", "model_rescale": 4.186013935880536, "target_rescale": 4.188737082213215},
{"mapping": [3, 5, 11, 0, 1, 2, 8, 9, 4, 6, 7, 10, 12], "R": [[-0.31236178688470184, -0.513942124447905, -0.7989327924251014], [0.12698587043070603, 0.810876708029647, -0.5712736236567889], [0.9414375724418226, -0.2798972259472693, -0.1880235094393017]], "T": [-0.01437053267041729, 0.02379941237086395, 0.04163719258779401], "aligned_model": [[0.08489332614289505, -0.11976127487207974, 0.5856220023470593, -0.7035211276744072, -0.5725483701369046, -0.17982960724756078, 0.43934250524322455, 0.2342294889798607, 0.2373622038778547, -0.2986419567138854, -0.3472441923994568, 0.3042843103459569, 0.0022574766385847975], [0.6974102815471609, -0.015982849649605536, 0.11909921365501211, -0.011260023745605217, -0.31384661947001363, -0.5594050505373755, -0.5715947196738036, -0.36413639095908806, 0.6656278645558289, 0.49423085623989577, 0.31317385804202014, 0.23505663583754752, 0.062420450237512505], [-0.5818479620050258, -0.7237705021746595, -0.1312583958763513, -0.17197632372429045, 0.3726294808298171, -0.3852059307596232, -0.12364570869835638, 0.457755687692924, 0.2703357192210804, -0.04632224754680042, 0.6279658519009473, 0.7833439467657664, 0.02283716991732292]], "inverted": true, "swapped": false, "error_lsq": 0.06110893720931771, "error_max": 0.347080529736009, "target": "642.xyz", "model": "22.xyz", "model_rescale": 4.166573947596378, "target_rescale": 4.188737082213215},
{"mapping": [5, 14, 12, 7, 8, 10, 9, 3, 6, 1, 4, 2, 15], "R": [[-0.9775173217459566, -0.19092239168799108, 0.08949036841330667], [0.1991546877260738, -0.6965807471733193, 0.689284174360757], [-0.0692625154274812, 0.6916096464188435, 0.7189428356531975]], "T": [0.0360311144305869, -0.001630029563253109, 0.03955725476094636], "aligned_model": [[-0.34264466604445887, 0.3318772211905179, 0.6411033822198128, -0.5989001283842634, -0.52795560532562, -0.2986120491349238, 0.1625416842082197, 0.18319238542831465, 0.36014983169175707, -0.18333363456049787, -0.33102987815165164, 0.25888382929684683, 0.011172412097088143], [0.6012786271675111, -0.25578708680283163, 0.08921813986102828, 0.07431334032041337, -0.49881997724027705, -0.24883040716158752, -0.588364030768794, -0.23643764245118296, 0.6861640062093813, 0.6393966103318501, 0.04422702838541973, 0.38174480829438046, 0.06269008993417488], [-0.38959048917121747, -0.6488154891725675, -0.19499661132076512, -0.2805748572155283, 0.33755100652218345, -0.5832165079315633, 0.025865876233963872, 0.5730697637654399, 0.008028641670141737, 0.26105898096643987, 0.6743933527621768, 0.5456892932286396, 0.042377825205407574]], "inverted": true, "swapped": false, "error_lsq": 0.046017663254492094, "error_max": 0.29044506771893885, "target": "642.xyz", "model": "23.xyz", "model_rescale": 4.274766983524099, "target_rescale": 4.188737082213215},
{"mapping": [1, 3, 0, 8, 9, 11, 2, 7, 6, 4, 12], "R": [[0.08122099309810338, 0.9160429640662495, 0.3927702105110289], [0.9960312972914851, -0.060207822217773765, -0.0655490118890789], [-0.03639787213560004, 0.3965353781549801, -0.9172976009864452]], "T": [0.03464090941054819, 0.09256399476279742, 0.06826838424936618], "aligned_model": [[0.38080799654215924, 0.2088944359529849, -0.39969563857252866, -0.5673169528374746, -0.5344528647857639, -0.6317885028679032, -0.03672791811469869, 0.09020911838342961, 0.6265178187806676, 0.2593797780098679, -0.015932566532664325], [-0.14339750276831453, 0.7092123695443409, 0.31688933214644294, -0.12444162437894085, 0.4540227773944414, -0.2522707943375801, -0.5532588129907379, -0.021827823918681682, -0.18263871911798224, 0.6382047174229115, 0.07509261224758398], [-0.5960813928253696, -0.3350493691823764, -0.5742128048944922, -0.12365095601395334, 0.08422884357535718, 0.5259903862928672, -0.0971902681190652, 0.6917147450189661, 0.3390880174185128, 0.45940646912087224, 0.005322763630258867]], "inverted": true, "swapped": true, "error_lsq": 0.046444273012290156, "error_max": 0.2835773755732637, "target": "642.xyz", "model": "24.xyz", "model_rescale": 3.7841303162186577, "target_rescale": 4.188737082213215},
{"mapping": [7, 1, 8, 6, 3, 4, 2, 12, 10, 11, 13, 14, 15], "R": [[0.8387694858454743, -0.2785559944294268, 0.4678379073802722], [-0.46680024686394594, -0.810198658589401, 0.35450763482285497], [0.28029141824586445, -0.5157370372460841, -0.809599919262813]], "T": [0.07289279635516466, 0.10326243332735169, -0.02922476066300763], "aligned_model": [[-0.12555823131426333, 0.17039425615183182, 0.49387549514666523, -0.5903233239913943, -0.5969884390041402, -0.22090977646213283, 0.4457692450719984, 0.1490255768054463, 0.37482663655339626, -0.5046084742436513, -0.29876049564066687, 0.3637744077003507, 0.005927907757702189], [0.6502737527631821, -0.11679010604181073, -0.09038075947749874, 0.048766574832656895, -0.2753962000061361, -0.508044196383787, -0.5517895700652287, -0.29350691403559337, 0.798754152236496, 0.5493541442353553, 0.1530822345186657, 0.29377823272034326, 0.09269216078284191], [-0.3193994772154309, -0.7328629766930254, -0.39628560689620546, -0.3106515386398268, 0.2092677078735439, -0.3401726590889346, -0.003474910742838004, 0.6126083883424231, 0.14508051851450718, 0.20935863582260136, 0.6573550345749237, 0.6837903728884753, -0.04377270319746257]], "inverted": true, "swapped": false, "error_lsq": 0.04549882469844209, "error_max": 0.3294618377656253, "target": "642.xyz", "model": "25.xyz", "model_rescale": 4.19342608120988, "target_rescale": 4.188737082213215},
{"mapping": [7, 8, 10, 5, 4, 6, 3, 1, 9, 2, 0, 12], "R": [[-0.2413832400649019, -0.966065920434524, -0.09192806312963253], [0.2538965503623499, -0.154299395961469, 0.9548446146468148], [-0.9366272861335337, 0.20714326873186478, 0.2825260927581907]], "T": [-0.04384552739492946, -0.04209280069083317, 0.011601929804733582], "aligned_model": [[-0.2567366037155904, 0.6162925163467758, 0.11701270285034922, -0.5933431184784564, -0.4648290267194147, -0.6306350803949378, -0.19948616171541006, -0.1352496320526992, 0.4231542256583259, 0.18508312441867952, 0.5114869044601253, 0.025058703974033522], [-0.6407618630743254, -0.05687577044017928, -0.6646375148575073, 0.35053511922936803, -0.24617001357214258, -0.2027768992832868, 0.5069594468748293, 0.6275221927886113, -0.12977975983991702, -0.03256832135435746, 0.5002054939149909, 0.0011243173548965354], [0.04523854905324147, 0.11297730570377015, -0.5250450209043704, 0.04844858276276556, -0.5197602284267413, 0.3711248417760329, -0.4859946359569637, 0.41176584245653086, -0.46693452593906337, 0.6417274179995358, -0.21036793776159646, 0.02607827044627937]], "inverted": true, "swapped": true, "error_lsq": 0.050258117017333126, "error_max": 0.2952860334444577, "target": "642.xyz", "model": "26.xyz", "model_rescale": 3.795458400668931, "target_rescale": 4.188737082213215},
{"mapping": [8, 11, 9, 5, 7, 10, 4, 3, 1, 6, 0, 2, 12], "R": [[0.8375418570800672, 0.49214732333468386, -0.23730707906292767], [0.502043705034446, -0.5218353042663968, 0.6896666103679977], [0.2155823644785416, -0.6967631788173824, -0.68413837545495]], "T": [0.07843868679368951, 0.11027455911657548, -0.03422688336023356], "aligned_model": [[-0.1570667253324374, 0.29397559565364384, 0.49220094313984475, -0.6390634310039582, -0.550209582777755, -0.2522213058407433, 0.35921907899886696, 0.11333759206680202, 0.13942219872760392, -0.5337475083179989, -0.11037693785115485, 0.5780719993122704, -0.0670971322438425], [0.5684331084700157, -0.09307068671407913, 0.07191241088726474, 0.11794344372820974, -0.3072164115175613, -0.46722566572493174, -0.6428334790086767, -0.395964849647804, 0.6833866888298804, 0.6614025264251424, 0.17996129986974735, 0.31516593086040373, 0.05889918962187508], [-0.5493770115945444, -0.6852024156581079, 0.0739555131836552, -0.26224523140472417, 0.26695535587908653, -0.2888715143427805, -0.26412650689369144, 0.5020382434870071, 0.10059399261568955, 0.017474043525721787, 0.772473562992743, 0.6609141042860459, 0.026258649466650096]], "inverted": false, "swapped": false, "error_lsq": 0.05497823732071015, "error_max": 0.35198526678606856, "target": "642.xyz", "model": "27.xyz", "model_rescale": 3.6321398670334006, "target_rescale": 4.188737082213215},
{"mapping": [7, 4, 1, 12, 9, 6, 13, 11, 3, 8, 10, 0, 14], "R": [[-0.6210102833152208, -0.7751588281601745, 0.11608195011324693], [-0.2779408249937629, 0.3562621638768125, 0.8920908969334895], [-0.7328677410137083, 0.521733707666235, -0.4366907515236703]], "T": [0.016208551069635545, 0.09812316171084318, 0.09058680119375212], "aligned_model": [[-0.1974935013942306, 0.24867237412046742, 0.6089709948063239, -0.7092696832817416, -0.410759160144586, -0.22527741607302293, 0.1788268113046685, 0.17739420337330059, 0.3355616384259273, -0.34444747278733034, -0.32230841461484266, 0.2678729029883495, 0.058701507807858974], [0.6114144510215, 0.030071579148576943, 0.02310138325007198, 0.1511904053066003, -0.38008657428636966, -0.4227091699471565, -0.6999853172118984, -0.2977146459487369, 0.6961908773048318, 0.46331455882983436, 0.1432630135662738, 0.37981246760740284, 0.05293047743855592], [-0.44955287434803887, -0.7017494944802463, -0.2098655481034319, -0.30231895086328564, 0.2792298058300069, -0.4331742579865125, 0.03531032135097517, 0.570021313861971, -0.01844848264797308, 0.1505208626323536, 0.7891856064567226, 0.5873039069357373, 0.0743785769044726]], "inverted": false, "swapped": false, "error_lsq": 0.03182327354658899, "error_max": 0.165459860797236, "target": "642.xyz", "model": "28.xyz", "model_rescale": 4.156811204709835, "target_rescale": 4.188737082213215},
