[{"mapping": [4, 7, 9, 2, 6, 3, 8, 1, 11, 5, 13], "R": [[-0.47979934204802976, -0.5025447594639998, -0.7191949360955963], [-0.5235588228662493, 0.8217617764835207, -0.22493052640661282], [0.7040445656129912, 0.2686193355771679, -0.6573925023795874]], "T": [0.03171401307668978, -0.2425363633333375, 0.2438439658000539], "aligned_model": [[-0.17524691873815829, -0.5808823947659936, -0.547124979720655, 0.23808839858306394, 0.37257556205234943, 0.5031281061923247, -0.2706874826513742, 0.3365767850577768, -0.35374923598750874, 0.40249705707938244, -0.11449351462312343], [0.23051641763368302, 0.01854505334656953, -0.5847998041819177, -0.4271589189348144, 0.3245876345462255, -0.2098626605851983, 0.4656301211719196, -0.6243302852211075, 0.18453223454671064, 0.20844617426180773, -0.1809290528304806], [-0.560390120603139, -0.11386627648848147, -0.04692110988833165, -0.47350000356175087, -0.13920963312138795, 0.020457556727294574, 0.1110557990546873, 0.5509859604743985, 0.6389291935281002, 0.7250257874703436, 0.2068607210544646]], "inverted": false, "swapped": false, "error_lsq": 0.04921520969271944, "error_max": 0.2399731977194725, "target": "644.xyz", "model": "0.xyz", "model_rescale": 3.8414455957264533, "target_rescale": 3.7465691926357647},
{"mapping": [11, 0, 2, 3, 12, 10, 13, 6, 9, 8, 14], "R": [[0.6660511447031969, 0.21273511749645974, -0.71492631957659], [-0.09861868038565831, 0.9751681072189056, 0.19829654193174537], [0.7393579840094733, -0.061570548534705755, 0.6704914906503909]], "T": [-0.11589415893137686, -0.1544433808554875, 0.05719750430974714], "aligned_model": [[0.0343541271561551, -0.6932822403649506, -0.320124233187546, 0.031067410060482276, 0.4318689614111594, 0.5609173746885401, -0.3063821010250908, 0.22699641971986348, -0.3953830792078461, 0.31089460639207067, -0.07024586316475365], [0.49756764893173877, 0.07348769788835288, -0.8110958287688255, -0.6222842950897154, 0.35950747979495445, -0.250616526060225, 0.5642151037069936, -0.5779052474264487, 0.014253619996195371, 0.31350326646302906, -0.1554560056826516], [-0.4706021467829129, -0.3172191035861808, 0.3249704809843384, -0.5534612041747785, -0.07733732648269463, 0.024667909924411993, 0.2058290188771154, 0.6167806280868118, 0.6563109704743646, 0.5296164736130745, -0.02012782628735256]], "inverted": false, "swapped": false, "error_lsq": 0.0462749814599263, "error_max": 0.26543947283122715, "target": "644.xyz", "model": "1.xyz", "model_rescale": 4.316132596720782, "target_rescale": 3.7465691926357647},
{"mapping": [7, 10, 8, 6, 5, 4, 9, 2, 1, 0, 11], "R": [[0.9022522965777944, 0.39555033828409775, 0.17169951427838037], [0.1813743703721459, 0.013124114819990672, -0.9833265456511887], [-0.39120855191598713, 0.9183505253951388, -0.05990143081988035]], "T": [-0.030371114603391286, -0.005616855234165254, 0.04955231794711331], "aligned_model": [[-0.20593767292506088, -0.5573507079441964, -0.46531410244751237, 0.08484366779511138, 0.3747288570095465, 0.6595316471171183, -0.34732219436529577, 0.14732216870543566, -0.3304250155063114, 0.40210313863534286, 0.04850159640390633], [0.5756974605257337, -0.17770196389734752, -0.6122644105783953, -0.6706870646726867, 0.4941584681232056, -0.3487433858201198, 0.6423461014450502, -0.5780088370378222, 0.005062320050391693, 0.16759536402211636, -0.09227713840672797], [-0.6074949936457741, -0.2503060188855146, 0.22229332851782135, -0.4200252937783361, 0.006210408907124085, 0.024490504062182082, 0.2217078436827241, 0.6339476618529427, 0.5017147612935169, 0.585161882809764, 0.0017277898297469313]], "inverted": true, "swapped": false, "error_lsq": 0.04057915131553387, "error_max": 0.21880274137083794, "target": "644.xyz", "model": "2.xyz", "model_rescale": 3.795458400668931, "target_rescale": 3.7465691926357647},
{"mapping": [3, 8, 1, 2, 5, 10, 9, 0, 7, 4, 11], "R": [[-0.48013299026853584, 0.8471977918306456, -0.2274383722529521], [0.7038492632052108, 0.5268163640952979, 0.47650890149806496], [0.5235155454628603, 0.0687053130310083, -0.8492414577845545]], "T": [-0.004057820656143071, -0.12896667732771527, 0.05853064526555876], "aligned_model": [[-0.23870546434461593, -0.7124454317994794, -0.3905511916691515, 0.25513703257414333, 0.35722029154921336, 0.7229446273228638, -0.2936855964213598, 0.13324161383347086, -0.43852939381337214, 0.41380983331849536, 0.002245061927876487], [0.40996598700313247, 0.035899226099608716, -0.6257420332800576, -0.6770749368086714, 0.43680799783466073, -0.20738496871529552, 0.6857849244291785, -0.622184215307944, 0.05710390387245415, 0.06572705785457236, -0.1537260292282407], [-0.4814342537460997, -0.2270725117496691, 0.048236868452551096, -0.41063955344986003, -0.14931968101627768, -0.007262573294921262, 0.14129671166443045, 0.6502174456027767, 0.6584593806550929, 0.5039918742923929, 0.19295416723578107]], "inverted": false, "swapped": false, "error_lsq": 0.04321824264205556, "error_max": 0.23102118759684967, "target": "644.xyz", "model": "3.xyz", "model_rescale": 3.7530521520055578, "target_rescale": 3.7465691926357647},
{"mapping": [4, 6, 8, 9, 2, 3, 0, 5, 7, 1, 10], "R": [[0.6323419645351731, 0.36963607382090735, -0.6808177530132883], [-0.10661538057001688, -0.8289411704626211, -0.5490807741470926], [-0.7673179266208424, 0.41979245924900155, -0.48476539753159675]], "T": [0.04448247690457503, -0.0960060603851109, 0.06184379335317506], "aligned_model": [[-0.12558941179996452, -0.6153410300907461, -0.685543875499761, 0.08420684216065168, 0.47509019547946746, 0.7786547034635267, -0.42906592576030694, 0.2197556339703835, -0.34160090781066726, 0.4496693004342828, 0.00044585793121816597], [0.342329048362093, 0.0017950058912390848, -0.6451612149554625, -0.5429064184792944, 0.40631143731733615, -0.24729198108270795, 0.569920469175881, -0.587462546303474, -0.16792047739760801, 0.28815008866276287, -0.012586497437367311], [-0.5026460555578731, -0.2565952646964352, 0.14532812157191136, -0.2481010623607056, -0.09181201432322991, -0.07296531999845518, 0.17371046993883404, 0.5571311693795269, 0.5145234562782748, 0.6214629156107738, 0.07939145880357532]], "inverted": false, "swapped": false, "error_lsq": 0.04775373566173493, "error_max": 0.23028816382801948, "target": "644.xyz", "model": "4.xyz", "model_rescale": 3.7855080009869324, "target_rescale": 3.7465691926357647},
{"mapping": [5, 3, 14, 1, 7, 6, 10, 13, 15, 8, 16], "R": [[0.7399344072463951, -0.3422719708947465, -0.5790915047837877], [0.03752886881031989, -0.8385280468615832, 0.543564438344081], [-0.6716313400808092, -0.42393467959854875, -0.6076106734208446]], "T": [-0.022353899939491575, -0.17985922138144436, 0.007167271697430089], "aligned_model": [[-0.10891608173635794, -0.5777531331110474, -0.5028587013903595, 0.12203895104674145, 0.4024109038378376, 0.6280078507992842, -0.23407575704551087, 0.2902553664300349, -0.3449592359144481, 0.2062883673771792, -0.0697571478152693], [0.4119182586765635, 0.0588578801797415, -0.5639082191618571, -0.6594952614239847, 0.42248949043019224, -0.15753481062088606, 0.4903588915976992, -0.5097609669153238, -0.02558039366461115, 0.13871314067030452, -0.2008810960144402], [-0.5381855016503028, -0.3348304514147486, 0.28880338731364813, -0.5604628126583482, -0.12744462497881975, 0.05823861324188881, 0.1993802013679879, 0.5713551160799586, 0.7497586446641922, 0.5915851339301663, 0.021230168750574468]], "inverted": true, "swapped": false, "error_lsq": 0.043822786261569734, "error_max": 0.19967453850559555, "target": "644.xyz", "model": "5.xyz", "model_rescale": 4.2253639853439635, "target_rescale": 3.7465691926357647},
{"mapping": [7, 9, 8, 11, 3, 2, 0, 10, 1, 4, 13], "R": [[0.46702767399231615, 0.7907244932986376, -0.39577762370166897], [-0.6720912297259304, 0.6082928482887834, 0.4222240988458687], [0.5746116346288278, 0.06880833102417341, 0.8155285911179658]], "T": [-0.01960901443644063, -0.12047248872691924, 0.00914024009547569], "aligned_model": [[0.05548923972456027, -0.628910154403587, -0.4356995270083144, -0.04106697667218394, 0.4485833777640573, 0.6176840728483782, -0.3936591920308492, 0.20156037157028936, -0.3178787876857333, 0.28000956049638254, 0.024569397875084466], [0.4564240258459759, -0.08516090365430494, -0.7114415411252235, -0.5555913405902675, 0.39886261705459763, -0.2261330804962451, 0.5882979439159042, -0.6071250806378026, -0.02045748816547055, 0.24668787488578042, -0.07918611327954617], [-0.5302500450622446, 0.019221920499975828, 0.16240191193098974, -0.6356581232887683, -0.10958803996794382, 0.19042722882652807, 0.03731093017391972, 0.5772650783739691, 0.6722676215138389, 0.5348143683855602, 0.0012150232603720234]], "inverted": true, "swapped": false, "error_lsq": 0.04867583746633202, "error_max": 0.2559699616808523, "target": "644.xyz", "model": "6.xyz", "model_rescale": 3.89814844738969, "target_rescale": 3.7465691926357647},
{"mapping": [7, 4, 2, 0, 8, 6, 11, 5, 10, 9, 12], "R": [[-0.9433302718175567, -0.27590488268657537, -0.1844030747637418], [-0.12166529393534681, -0.22944566559790752, 0.9656874457038154], [-0.30874836764627717, 0.9333976549402943, 0.18287499344557462]], "T": [-0.007008046326011392, -0.07795503993083902, -0.057160330624813335], "aligned_model": [[-0.13231684955392276, -0.6426873907121322, -0.478245342822723, 0.09884668044913798, 0.41775809932463737, 0.6493030641643244, -0.225323532279889, 0.29707188758032255, -0.3774878776591048, 0.3396924950416805, -0.13592985105424635], [0.19642223218509897, -0.022092653683880054, -0.5674385614956978, -0.51094785332555, 0.4478590571107191, -0.22765490692481952, 0.6724546310144979, -0.5001144255926468, -0.12389315955523805, 0.13867009021509125, -0.09808753619417679], [-0.6405037079985187, -0.14819303523091104, 0.14256231963774746, -0.44744533909452183, -0.029231328204449084, 0.007812949242416864, 0.15394164370854935, 0.5189416142755601, 0.5749298898286466, 0.7370802920074102, 0.049532576474267134]], "inverted": false, "swapped": false, "error_lsq": 0.03846271877736833, "error_max": 0.20683642706993843, "target": "644.xyz", "model": "7.xyz", "model_rescale": 3.7474275329858107, "target_rescale": 3.7465691926357647},
{"mapping": [6, 3, 4, 9, 10, 11, 0, 13, 1, 12, 14], "R": [[0.2010352190676341, -0.6666941827611517, -0.7177072574294266], [0.8071984387808357, -0.3023530365882465, 0.5069648130744858], [-0.5549914604065637, -0.6812499599547198, 0.47737089452278403]], "T": [-0.05784293018162859, -0.09153810943056023, 0.05585330129936963], "aligned_model": [[-0.18060743539655674, -0.6550367026448696, -0.33112202727298645, 0.24851867924330426, 0.4366189391325975, 0.5360923889164678, -0.30164664652831574, 0.22688518721103143, -0.44701119878075135, 0.3590602732362832, -0.08107007463811997], [0.48424770988671545, 0.10024842347628654, -0.7832446207096992, -0.5500775390231736, 0.4697172071488151, -0.24119570234213175, 0.519715664684915, -0.659605064238165, 0.20997038333239076, -0.022596685408500405, -0.12200286305405496], [-0.5101305014107541, -0.2915831114602981, 0.2989304149742294, -0.46971743215888195, -0.06969863653485422, -0.05055815109943935, 0.08964396794111262, 0.6917319553790732, 0.623693514349861, 0.5053879694096831, 0.10172788525646556]], "inverted": true, "swapped": false, "error_lsq": 0.05004620973037026, "error_max": 0.24763363950227968, "target": "644.xyz", "model": "8.xyz", "model_rescale": 4.019505241142653, "target_rescale": 3.7465691926357647},
{"mapping": [7, 8, 11, 9, 0, 1, 4, 6, 5, 2, 12], "R": [[0.7929131946651498, -0.26193700270934783, 0.5501614965967265], [-0.03710977533749431, 0.8804543228389432, 0.4726764749473148], [-0.60820352703705, -0.395207783331581, 0.6884034265558467]], "T": [0.07242863329807583, -0.1326662409115444, 0.1586744365204747], "aligned_model": [[-0.09892436157888945, -0.43995446266974714, -0.4064263725178333, -0.04267800198686461, 0.27386434413180355, 0.6667298638373163, -0.3435464330042337, 0.14739134682911248, -0.39864532681378073, 0.4161393780646002, 0.03673140818660058], [0.41092556986275836, -0.12380533887462053, -0.5299950698237119, -0.5008952375820523, 0.456080504480409, -0.223361397224063, 0.5809970753474802, -0.596307942358961, -0.03641108469171342, 0.10339622397583209, -0.13544638935795936], [-0.5446960806904091, -0.2812368940537932, 0.1498875648746208, -0.4056817718752988, -0.029599306371048434, -0.14936085069764454, 0.08625837142382624, 0.7131821481223115, 0.6270215173778091, 0.5783285784278263, 0.1753245981079975]], "inverted": true, "swapped": false, "error_lsq": 0.04139833241019054, "error_max": 0.1967399599210273, "target": "644.xyz", "model": "9.xyz", "model_rescale": 3.877068213659057, "target_rescale": 3.7465691926357647},
{"mapping": [13, 2, 8, 10, 3, 12, 4, 0, 1, 5, 15], "R": [[0.9981002058280479, 0.03244113664028845, -0.052378924955509276], [0.050083128306657704, -0.922352475274284, 0.38308953472317725], [-0.03588397114350082, -0.38498504387688587, -0.9222249490260416]], "T": [-0.04864023996394022, -0.09039711038111788, -0.07126517799957642], "aligned_model": [[-0.11865702013336958, -0.6486928122834299, -0.5266439507836874, 0.17226288894641667, 0.29270214832905683, 0.6421748195615495, -0.3179967192932822, 0.2111452286516145, -0.20008534386199012, 0.3192732309805877, -0.014801087635381786], [0.3788965974151728, 0.0648344275216368, -0.6072707120956721, -0.5651604304426635, 0.4356694524024066, -0.2834642389941123, 0.4848270693180433, -0.5262515781272018, 0.00507276518038062, 0.15770577158167653, -0.13968221000626888], [-0.6815926001929323, -0.30832094789901243, 0.24445157496306552, -0.5498175544659678, 0.026206295795509246, 0.13776796074989967, 0.1625187176769648, 0.542174655134664, 0.7777675030963962, 0.5722253659106161, -0.003953096123005512]], "inverted": false, "swapped": false, "error_lsq": 0.03936942962397814, "error_max": 0.18894259119329862, "target": "644.xyz", "model": "10.xyz", "model_rescale": 4.260839863003843, "target_rescale": 3.7465691926357647},
{"mapping": [9, 4, 5, 10, 8, 7, 2, 0, 3, 1, 11], "R": [[0.9667021805682974, -0.20615166328356727, 0.15161921319515503], [-0.25516301043647505, -0.8215598950207424, 0.5098344603873909], [0.01946104286759849, -0.5315456994642375, -0.8468060209939346]], "T": [0.001687220197104166, -0.09555255472480241, 0.05987938895225385], "aligned_model": [[-0.16055915650537275, -0.6379289534509174, -0.508187314998257, 0.08825798378117389, 0.41809440768975453, 0.6128799799928432, -0.2673419394218157, 0.3209667604824638, -0.38710455389798226, 0.28302498316537794, 0.04857918564081626], [0.28870314176224465, 0.005274147873248522, -0.5345333997069713, -0.3882043577568901, 0.40934240791564214, -0.32599194251112423, 0.5063996702363928, -0.6345285136619623, -0.07159281607435404, 0.24777941318718044, -0.09747083751000865], [-0.6196476039784047, -0.2819217009411068, 0.12260640343527394, -0.48802043502722137, -0.2355855632222939, 0.11416316380421784, 0.24864897410953918, 0.6743708537407944, 0.6532595021449393, 0.6310473730681216, 0.10050690751233798]], "inverted": false, "swapped": false, "error_lsq": 0.040479578971816865, "error_max": 0.1901648300962173, "target": "644.xyz", "model": "11.xyz", "model_rescale": 3.890672605050136, "target_rescale": 3.7465691926357647},
{"mapping": [3, 0, 6, 8, 7, 5, 4, 9, 11, 12, 13], "R": [[-0.34616884806793546, -0.3795385053117454, 0.8579729900253532], [0.8565795459043066, 0.24516012766378517, 0.4540572577795101], [-0.3826729807102802, 0.892102592076496, 0.24023812154757362]], "T": [-0.18203349806354344, -0.12222614462135692, 0.18495560751188758], "aligned_model": [[-0.14777412714537785, -0.5439975790968831, -0.36904063929930486, 0.011474337321437295, 0.4958567935744125, 0.5719468646647282, -0.33736762282420407, 0.23578954696139756, -0.41532429508170354, 0.3956794869896165, -0.08656138358603452], [0.3779606295845491, 0.018694557363123393, -0.6649933472824501, -0.3659148939146101, 0.2729499965471094, -0.3092534657366184, 0.5590791843589145, -0.5728465413314593, -0.1772628018601718, 0.25293957489376095, 0.013824021131250308], [-0.590739334082949, -0.2598116344710477, 0.13505133130395972, -0.4649378891093988, -0.1486080898992798, 0.14614097609985066, 0.13250179723022104, 0.6626433477107726, 0.6802419229718051, 0.46891077394973213, 0.15803467294253096]], "inverted": false, "swapped": false, "error_lsq": 0.043155530357553464, "error_max": 0.2188932988968378, "target": "644.xyz", "model": "12.xyz", "model_rescale": 4.124412569039231, "target_rescale": 3.7465691926357647},
{"mapping": [2, 4, 0, 1, 8, 6, 10, 3, 7, 9, 12], "R": [[-0.6036520657488503, 0.7111936292375767, -0.36028850279884034], [0.721360065671004, 0.29480671045770823, -0.6266806675845602], [-0.3394758300266318, -0.6381948175917675, -0.6909873628560367]], "T": [-0.07417811246252186, -0.1052220257414272, 0.19936538063371456], "aligned_model": [[-0.13414550623123284, -0.6736310348495846, -0.3437021332406474, 0.1866645268509114, 0.44450498276621625, 0.5522182320745376, -0.39026148375445624, 0.20814980369082736, -0.2895972098960233, 0.3738470347973699, -0.12336582972983393], [0.352708813333155, -0.09928227000685247, -0.6158435314946593, -0.3903297123949847, 0.26041679694228415, -0.31130893211340094, 0.5601411685311517, -0.6456971640156526, 0.16487119452735444, 0.13551109469475697, -0.00601054424975396], [-0.5280263789827649, -0.30945400666687795, 0.14114276063152137, -0.5172509905411224, -0.1355558324431041, 0.08636705605888483, 0.154724654859745, 0.5694072004782981, 0.7225498025556781, 0.5866150470612043, 0.14890856163473473]], "inverted": false, "swapped": false, "error_lsq": 0.04031557296214835, "error_max": 0.19656984343617187, "target": "644.xyz", "model": "13.xyz", "model_rescale": 3.9028299243045295, "target_rescale": 3.7465691926357647},
{"mapping": [12, 1, 9, 14, 5, 10, 2, 7, 3, 4, 15], "R": [[-0.5288096108316488, 0.48417399497021407, -0.6970910543728587], [-0.5675735558400886, 0.40893172720284393, 0.7145873642865069], [0.6310472678041782, 0.7735311144882812, 0.058557328451695784]], "T": [-0.061875162658841076, 0.09971575980190203, 0.06969499207826911], "aligned_model": [[-0.06193413091546038, -0.6679852989251562, -0.25769690519489497, 0.18371834228489609, 0.3710215841071963, 0.5257349812501916, -0.5513168063125493, 0.12201870580870361, -0.20650482318088, 0.428566078899031, -0.07494034534299379], [0.32117858293144386, 0.0422082732645532, -0.6502648020670487, -0.5428805115596743, 0.3410367860545436, -0.35681901332293386, 0.6403904879223578, -0.6387536480293687, 0.11545789721806275, 0.14434924757705134, -0.010726386235588886], [-0.5899977420450682, -0.15728991369784573, 0.06436034752229416, -0.48690586593814, -0.05862648929919133, 0.1102279632503296, 0.17102359310094378, 0.5610949663095912, 0.6759324799037926, 0.5353542175113182, 0.09425431802817298]], "inverted": true, "swapped": false, "error_lsq": 0.04315376203055815, "error_max": 0.23071624592441092, "target": "644.xyz", "model": "14.xyz", "model_rescale": 3.942246331269136, "target_rescale": 3.7465691926357647},
{"mapping": [3, 5, 0, 12, 4, 13, 10, 8, 6, 11, 14], "R": [[-0.06336399958650847, -0.3996063227717477, 0.9144942812053245], [0.9904933424510227, 0.08692707137092288, 0.10661436499400839], [-0.12209808400053665, 0.9125560098228036, 0.39029935539234706]], "T": [-0.15249572590291, -0.021332980522931574, 0.10381992304684606], "aligned_model": [[-0.10149976589323298, -0.6537977432672781, -0.4399310543393944, 0.2716835818509209, 0.2035795903861332, 0.6410928580342607, -0.15081631962956887, 0.04993510969217013, -0.19534522755946146, 0.37231441011692273, -0.18653405691338767], [0.14546277517092454, 0.019811357785860892, -0.6974049859822711, -0.46345051888552435, 0.40700368343512655, -0.12307784006165694, 0.6645934275072635, -0.5680098571137919, 0.006390784097161588, 0.12108961968206451, -0.10723153188175917], [-0.5934078148163673, -0.2831981501754013, 0.13583645423082594, -0.43717938869803097, -0.07894234976005515, -0.040384756167656244, 0.30004086587539724, 0.6127473006646454, 0.660762202301614, 0.5711540099036072, 0.07199950128761848]], "inverted": false, "swapped": false, "error_lsq": 0.04976716755245312, "error_max": 0.26045198221604965, "target": "644.xyz", "model": "15.xyz", "model_rescale": 4.355366556412066, "target_rescale": 3.7465691926357647},
{"mapping": [7, 10, 8, 6, 5, 4, 9, 2, 1, 0, 11], "R": [[0.9022522965777944, 0.39555033828409775, 0.17169951427838037], [0.1813743703721459, 0.013124114819990672, -0.9833265456511887], [-0.39120855191598713, 0.9183505253951388, -0.05990143081988035]], "T": [-0.030371114603391286, -0.005616855234165254, 0.04955231794711331], "aligned_model": [[-0.20593767292506088, -0.5573507079441964, -0.46531410244751237, 0.08484366779511138, 0.3747288570095465, 0.6595316471171183, -0.34732219436529577, 0.14732216870543566, -0.3304250155063114, 0.40210313863534286, 0.04850159640390633], [0.5756974605257337, -0.17770196389734752, -0.6122644105783953, -0.6706870646726867, 0.4941584681232056, -0.3487433858201198, 0.6423461014450502, -0.5780088370378222, 0.005062320050391693, 0.16759536402211636, -0.09227713840672797], [-0.6074949936457741, -0.2503060188855146, 0.22229332851782135, -0.4200252937783361, 0.006210408907124085, 0.024490504062182082, 0.2217078436827241, 0.6339476618529427, 0.5017147612935169, 0.585161882809764, 0.0017277898297469313]], "inverted": true, "swapped": false, "error_lsq": 0.04057915131553387, "error_max": 0.21880274137083794, "target": "644.xyz", "model": "16.xyz", "model_rescale": 3.795458400668931, "target_rescale": 3.7465691926357647},
{"mapping": [7, 4, 2, 0, 8, 6, 11, 5, 10, 9, 12], "R": [[-0.9433302718175567, -0.27590488268657537, -0.1844030747637418], [-0.12166529393534681, -0.22944566559790752, 0.9656874457038154], [-0.30874836764627717, 0.9333976549402943, 0.18287499344557462]], "T": [-0.007008046326011392, -0.07795503993083902, -0.057160330624813335], "aligned_model": [[-0.13231684955392276, -0.6426873907121322, -0.478245342822723, 0.09884668044913798, 0.41775809932463737, 0.6493030641643244, -0.225323532279889, 0.29707188758032255, -0.3774878776591048, 0.3396924950416805, -0.13592985105424635], [0.19642223218509897, -0.022092653683880054, -0.5674385614956978, -0.51094785332555, 0.4478590571107191, -0.22765490692481952, 0.6724546310144979, -0.5001144255926468, -0.12389315955523805, 0.13867009021509125, -0.09808753619417679], [-0.6405037079985187, -0.14819303523091104, 0.14256231963774746, -0.44744533909452183, -0.029231328204449084, 0.007812949242416864, 0.15394164370854935, 0.5189416142755601, 0.5749298898286466, 0.7370802920074102, 0.049532576474267134]], "inverted": false, "swapped": false, "error_lsq": 0.03846271877736833, "error_max": 0.20683642706993843, "target": "644.xyz", "model": "17.xyz", "model_rescale": 3.7474275329858107, "target_rescale": 3.7465691926357647},
{"mapping": [1, 2, 9, 7, 3, 10, 0, 5, 4, 8, 13], "R": [[-0.9866886528606426, 0.03697921755101004, -0.1583604741890023], [0.12901662413881543, -0.4148013946568267, -0.9007188871599037], [-0.09899602523270429, -0.9091602391548295, 0.404508895486934]], "T": [0.024086533605160127, -0.1353697289903655, -0.0007111619245050577], "aligned_model": [[-0.009796431044008094, -0.6106203794618946, -0.3892182556182917, -0.09178349276757175, 0.49537737476230115, 0.6711843343783586, -0.4164894526228643, 0.25001985813667416, -0.29836308678296514, 0.2796181290927877, -0.06924721559444168], [0.32216688247919845, 0.02674205278551417, -0.6293698047834599, -0.5454092280595803, 0.34287729043032944, -0.25078125911809734, 0.5485381840581043, -0.5291592643533982, -0.07432934475850314, 0.27925012860313114, -0.08534872352984046], [-0.5184278901468112, -0.274023489718226, 0.18058208719815294, -0.6218882930455298, -0.09947306128782309, 0.20996390876854626, 0.19243426931775737, 0.5624086045328607, 0.7618674476791123, 0.528106792210371, -0.0021225008622131197]], "inverted": false, "swapped": false, "error_lsq": 0.0482140679332257, "error_max": 0.2707062824881778, "target": "644.xyz", "model": "18.xyz", "model_rescale": 3.922800546911778, "target_rescale": 3.7465691926357647},
{"mapping": [1, 6, 11, 2, 5, 3, 8, 7, 13, 12, 14], "R": [[-0.26800107197919726, 0.9481604196235721, -0.1707842032427262], [-0.9607538672486863, -0.2762025734125459, -0.02577101098095888], [-0.07160608901968189, 0.15717492516155018, 0.9849713756834593]], "T": [-0.07797450617683296, -0.06175808192034475, 0.014805099260476517], "aligned_model": [[-0.0762639673374596, -0.6356686840630407, -0.3951776174061882, 0.0785637512600599, 0.3934093138124357, 0.5271615030898151, -0.33114019245815585, 0.23593630466465512, -0.3479210226146885, 0.39685720250166134, -0.035075208971010324], [0.25279461760206257, 0.13244347503241394, -0.6080235025037066, -0.4971857305359219, 0.5384667997685618, -0.25805426791039376, 0.4772790177272502, -0.5726929501291584, -0.0742880682840617, 0.146043672249078, -0.13160614926272618], [-0.65529690582225, -0.34160860858766856, 0.34377301451985953, -0.5320289702409733, 0.006988076836451043, 0.08134426997743426, 0.15529280162205117, 0.542646536004445, 0.6462998534152333, 0.6063854606350623, 0.06563234628655273]], "inverted": false, "swapped": false, "error_lsq": 0.04111185239548225, "error_max": 0.19665785014007947, "target": "644.xyz", "model": "19.xyz", "model_rescale": 3.9282355846067225, "target_rescale": 3.7465691926357647},
{"mapping": [8, 11, 10, 12, 6, 7, 4, 2, 1, 5, 13], "R": [[-0.7490560752959684, -0.39537595395647285, 0.5315946304236054], [0.6608408104957507, -0.5027689325167876, 0.5572367752394393], [0.04695124327981037, 0.7687010182957604, 0.6378826892348947]], "T": [-0.006231642089861128, 0.04222432206678676, 0.026557428870872105], "aligned_model": [[-0.03591165073747367, -0.6875340591948063, -0.4178014328996419, 0.10479649091807056, 0.4737539485772483, 0.5178057108841797, -0.39443570932071437, 0.18430425274681062, -0.23147948192638307, 0.39300642731302127, -0.09582311388222683], [0.47928295633378243, -0.014062707144471907, -0.7053200404084111, -0.6378880817463276, 0.481525624592469, -0.28462769998150045, 0.534492059279885, -0.5316443632995679, -0.06477691693594104, 0.16481076977280804, -0.016614686709326643], [-0.5953110672177558, -0.18796986103762614, 0.14497230300334124, -0.47135241952327833, 0.08548325010612691, -0.0549924623033609, -0.053053638351791, 0.5860992191730426, 0.7331796347259345, 0.5862642083785623, 0.14610870769300163]], "inverted": true, "swapped": false, "error_lsq": 0.0410613089813989, "error_max": 0.2515092040381334, "target": "644.xyz", "model": "20.xyz", "model_rescale": 4.067790424073018, "target_rescale": 3.7465691926357647},
{"mapping": [4, 5, 10, 7, 2, 0, 6, 12, 11, 3, 14], "R": [[-0.4202082164373292, 0.3789523469815391, 0.8245120821162915], [0.7533840204707634, 0.6521655471297155, 0.0842176753200139], [-0.5058038874285837, 0.656563186490213, -0.5595419641170364]], "T": [-0.10700787239186402, -0.11613816660508539, 0.005076601701954037], "aligned_model": [[-0.10653094868392707, -0.5229772539277382, -0.5717909815635888, 0.19658148961156455, 0.3885006295775305, 0.5848555449597302, -0.27348984572419666, 0.1781461838837384, -0.2964144816643278, 0.370835119615348, -0.137034073606049], [0.4831538196356703, 0.002101107177082201, -0.6926697777930394, -0.6588106461187508, 0.43578307927366744, -0.1700666187123858, 0.5762940703721332, -0.5209474722381389, -0.07957602559775963, 0.2049399784584224, -0.17502460070350273], [-0.5272028197560482, -0.3967381175630499, 0.3556115989324089, -0.40723885576432595, -0.05472468894150764, -0.1461674504285124, 0.20602000777806595, 0.5897392883513957, 0.6221832376961043, 0.631431067163, 0.046514607178666775]], "inverted": true, "swapped": false, "error_lsq": 0.04301842057401082, "error_max": 0.22030699291754446, "target": "644.xyz", "model": "21.xyz", "model_rescale": 4.186013935880536, "target_rescale": 3.7465691926357647},
{"mapping": [1, 2, 5, 0, 7, 6, 9, 3, 11, 4, 12], "R": [[0.5835094216659581, 0.7739468206155851, -0.24601437699062845], [0.7376518185694023, -0.6318187803458609, -0.23806474615852452], [-0.339685957007812, -0.04255993023134183, -0.9395754908203974]], "T": [-0.0867290373358811, 0.05310738885293332, 0.11363394148794446], "aligned_model": [[-0.031613132300707655, -0.6762219898477713, -0.3698843803199407, 0.06706671766768994, 0.5068371660432782, 0.38515392464548265, -0.35109169536913915, 0.20624865057493047, -0.3020738877012237, 0.4439629947231931, -0.06770298563770799], [0.29295090558444153, -0.22013355034983617, -0.6667905668135583, -0.32873006623341594, 0.4137226948708335, -0.2413145061368439, 0.6146759776759216, -0.6802011252744109, 0.03848670383096566, 0.1528107489338469, 0.02969969766545396], [-0.5752496193743848, -0.24348879784321942, 0.10320507378134107, -0.479944582923471, -0.12292366915377644, 0.09138384127427854, 0.09935580003744998, 0.591923970896221, 0.7072489764242877, 0.5994748165345507, 0.14844206499292006]], "inverted": true, "swapped": false, "error_lsq": 0.045674958716685324, "error_max": 0.23607945488276186, "target": "644.xyz", "model": "22.xyz", "model_rescale": 4.166573947596378, "target_rescale": 3.7465691926357647},
{"mapping": [9, 10, 5, 12, 3, 2, 8, 1, 0, 4, 15], "R": [[0.615851386632153, -0.27554929178579474, -0.7381054513953961], [-0.09039344950228223, -0.9553713732062125, 0.2812375571383632], [-0.7826596283636539, -0.10648064168863136, -0.6132746359301391]], "T": [-0.02053024202884055, -0.09568023160046248, -0.08975625288963966], "aligned_model": [[-0.06705544641305042, -0.7502125877633642, -0.46433703376819735, 0.19032996064640254, 0.43198848814809243, 0.5776912705651468, -0.23654400041801346, 0.1381328851434104, -0.23553344692494732, 0.247407050086383, -0.021185756823778486], [0.35433381290947485, -0.07034248784127346, -0.6849706802369171, -0.45726064239777153, 0.299626154595012, -0.2552610512074807, 0.6243079469148684, -0.46990418258588806, -0.05568120170618436, 0.26149262431550024, -0.14116337900594217], [-0.4844357828666955, -0.256678109363366, 0.293433360687256, -0.5939178705130178, -0.07010143444238061, 0.17382338037591777, 0.20862977092170792, 0.49580459574346464, 0.696964448712863, 0.49375953254841515, -0.03785401715796714]], "inverted": false, "swapped": false, "error_lsq": 0.04954225607242593, "error_max": 0.2340862875767002, "target": "644.xyz", "model": "23.xyz", "model_rescale": 4.274766983524099, "target_rescale": 3.7465691926357647},
{"mapping": [2, 1, 9, 4, 3, 5, 0, 7, 8, 6, 10], "R": [[-0.7508807624519735, -0.6008048137849362, 0.27424743629137344], [0.07153993828055744, -0.4868003171812054, -0.870578823785125], [0.6565516870821038, -0.6340812463124311, 0.4085105326237222]], "T": [-0.0189954619126657, 0.020517229259515497, 0.15927803778550664], "aligned_model": [[-0.07266173323308313, -0.5665297994187868, -0.501374348581655, 0.13778860977421192, 0.34225167910954457, 0.7099698405492181, -0.34178890614463026, 0.12779287309715187, -0.33970919079700096, 0.4100062433049726, -0.09506388518185886], [0.1991314134890031, -0.029420043976452835, -0.6810488910503256, -0.372191287773254, 0.3527919088792504, -0.32569346222457907, 0.6809704099495377, -0.5300908790492127, -0.14203642114190196, 0.24472793078601685, 0.00803623586531603], [-0.7860729157150075, -0.1910015626728968, 0.10654242770407102, -0.3964911431032191, -0.11478094159448238, 0.03684971785474103, 0.23527363395756123, 0.43553221829962535, 0.8040494256049687, 0.6290675165502624, 0.16045949776057367]], "inverted": false, "swapped": false, "error_lsq": 0.04462109734088559, "error_max": 0.23924437445571084, "target": "644.xyz", "model": "24.xyz", "model_rescale": 3.7841303162186577, "target_rescale": 3.7465691926357647},
{"mapping": [7, 10, 9, 8, 6, 4, 11, 5, 13, 3, 15], "R": [[0.224944077898612, -0.9738680684214964, -0.03132326814569746], [0.969431980410179, 0.22045510998197396, 0.10770877327699467], [-0.09798876045926105, -0.05459422855778677, 0.9936889216610187]], "T": [-0.07684251240488277, -0.15950846598837412, -0.048308350069672726], "aligned_model": [[-0.18516921984932294, -0.7822591376261585, -0.4291053075465113, 0.08281192436438467, 0.4213881797910827, 0.6490141459381409, -0.260788995202308, 0.3611277913567834, -0.35041183246210567, 0.3353910120159058, -0.031317178301806615], [0.3445789028934514, -0.0016395019657877985, -0.6155037682137003, -0.5860087260420207, 0.36008291338903575, -0.26430343108995785, 0.5513284294028823, -0.5282277928213118, 0.119512502221887, 0.13638995190170525, -0.11103256592278507], [-0.44449871982681943, -0.33591899023630545, 0.052289443313503756, -0.4252244848170765, 0.013476988592820802, 0.08900322878226573, 0.17597309985354986, 0.6161965908348045, 0.6294136605611449, 0.5773988780066175, -0.028681820418308027]], "inverted": false, "swapped": false, "error_lsq": 0.04492814888037319, "error_max": 0.2389247665955739, "target": "644.xyz", "model": "25.xyz", "model_rescale": 4.19342608120988, "target_rescale": 3.7465691926357647},
{"mapping": [7, 10, 8, 6, 5, 4, 9, 2, 1, 0, 11], "R": [[0.9022522965777944, 0.39555033828409775, 0.17169951427838037], [0.1813743703721459, 0.013124114819990672, -0.9833265456511887], [-0.39120855191598713, 0.9183505253951388, -0.05990143081988035]], "T": [-0.030371114603391286, -0.005616855234165254, 0.04955231794711331], "aligned_model": [[-0.20593767292506088, -0.5573507079441964, -0.46531410244751237, 0.08484366779511138, 0.3747288570095465, 0.6595316471171183, -0.34732219436529577, 0.14732216870543566, -0.3304250155063114, 0.40210313863534286, 0.04850159640390633], [0.5756974605257337, -0.17770196389734752, -0.6122644105783953, -0.6706870646726867, 0.4941584681232056, -0.3487433858201198, 0.6423461014450502, -0.5780088370378222, 0.005062320050391693, 0.16759536402211636, -0.09227713840672797], [-0.6074949936457741, -0.2503060188855146, 0.22229332851782135, -0.4200252937783361, 0.006210408907124085, 0.024490504062182082, 0.2217078436827241, 0.6339476618529427, 0.5017147612935169, 0.585161882809764, 0.0017277898297469313]], "inverted": true, "swapped": false, "error_lsq": 0.04057915131553387, "error_max": 0.21880274137083794, "target": "644.xyz", "model": "26.xyz", "model_rescale": 3.795458400668931, "target_rescale": 3.7465691926357647},
{"mapping": [8, 5, 10, 11, 1, 9, 6, 3, 7, 0, 12], "R": [[0.9547861488412047, 0.05056178245047338, -0.2929623118020679], [0.20905494742532077, -0.8148272836812186, 0.5406963350399957], [-0.21137511428258868, -0.577494592116773, -0.7885559949286448]], "T": [0.14745916282926685, -0.11947953736831196, -0.002413734397180553], "aligned_model": [[-0.1392806419534004, -0.5767225175027596, -0.3875608247333747, 0.047611345237191155, 0.3958075019368382, 0.5479089957114172, -0.24241585333603777, 0.25061108043899827, -0.4076078529296858, 0.29544021404066445, 0.026889935568233117], [0.2525598765910395, 0.08622402817188662, -0.585719204271567, -0.5375844521947647, 0.4092208743095631, -0.27441407812549257, 0.6076375911129903, -0.45874844727686115, -0.20065377200670456, 0.20628350838498033, -0.09962901094167219], [-0.5592967283197392, -0.012777366760701722, 0.061309216128078034, -0.5740720985040993, -0.09808059232292844, -0.005497488672035658, 0.019611544603887657, 0.645145411558428, 0.5853952909475634, 0.7480882566706795, 0.10960242931706542]], "inverted": false, "swapped": false, "error_lsq": 0.04865785651949772, "error_max": 0.24287256704361448, "target": "644.xyz", "model": "27.xyz", "model_rescale": 3.6321398670334006, "target_rescale": 3.7465691926357647},
{"mapping": [4, 6, 9, 12, 3, 8, 1, 10, 11, 0, 14], "R": [[0.3215307581467848, -0.5625301275140173, -0.7616940509184886], [0.4035446808332975, 0.8091063133220946, -0.4271986239601909], [0.8566035618281691, -0.17002008522933956, 0.48715860711056136]], "T": [0.001078527713199138, -0.014036630732191677, 0.11388015095191859], "aligned_model": [[-0.2549755063256901, -0.5709436678230857, -0.36219579996484946, 0.0826469041794171, 0.5120939513188825, 0.4201885354566719, -0.218382374599173, 0.23219618401041062, -0.3122341721224936, 0.3344850961477778, -0.052197767799783454], [0.4355540374666525, -0.18085141616315237, -0.5670703758150814, -0.5529938102531222, 0.43885612853126704, -0.29239147142879257, 0.6143257851363625, -0.5373412317124737, -0.09574333268582895, 0.12165458604824596, 0.021178014629321187], [-0.5332456599071129, -0.38498944354772324, 0.20746220516042677, -0.5077157704177909, 0.041000349867614055, -0.003996903068782295, 0.04857484621808894, 0.6405760371492176, 0.6685737631345736, 0.6236248400200534, 0.11956361003763288]], "inverted": true, "swapped": false, "error_lsq": 0.04669403393938079, "error_max": 0.22400782582022094, "target": "644.xyz", "model": "28.xyz", "model_rescale": 4.156811204709835, "target_rescale": 3.7465691926357647},
{"mapping": [9, 5, 7, 2, 0, 4, 8, 6, 1, 10], "R": [[-0.3636975998400364, -0.8264691919661717, -0.42973565200176234], [-0.8182103765068534, 0.06292076478407704, 0.5714654470180153], [-0.4452592903546314, 0.5594547810947458, -0.6991097998620246]], "T": [-0.09159532214245372, -0.11386228373665712, 0.061485636228856125], "aligned_model": [[-0.658304109195963, -0.09526579057867922, 0.09138124942329931, 0.5447982531697008, -0.10636585857661393, -0.5100821072409452, -0.23860477745840716, -0.5761753686717022, 0.24477483767666905, -0.05323095443677052], [-0.06547731007467221, -0.6234422905900739, -0.00013649668426331252, 0.32048829449134736, -0.3917273568701059, -0.4099308263183146, 0.5416306118759159, 0.3018996121079833, 0.24613265306215837, -0.0007165603737712412], [-0.4212011364774966, -0.3487124689509036, -0.8347238435152118, -0.21441486842962137, 0.7820940849842831, 0.16269111374539047, -0.25099824801416026, 0.4660461861205816, 0.47480546687467345, -0.056799559362435276]], "inverted": false, "swapped": true, "error_lsq": 0.06494069645118336, "error_max": 0.29274595917197616, "target": "644.xyz", "model": "29.xyz", "model_rescale": 4.117894457231895, "target_rescale": 3.7465691926357647},
{"mapping": [1, 3, 12, 4, 8, 7, 5, 10, 9, 6, 14], "R": [[-0.43496925765194044, 0.649056195012743, -0.6241216232540737], [0.7521704299559256, 0.6429474430257315, 0.14442378545998485], [0.49501655446827, -0.4066259229589942, -0.7678632492704077]], "T": [-0.13222487619940118, -0.10312929853589059, 0.11995096976684241], "aligned_model": [[0.09018193725580795, -0.5735767505565197, -0.43937001587944846, 0.01286567577432654, 0.30399889763219456, 0.4704868417596255, -0.22712509148016202, 0.2963545377962531, -0.28503448363482853, 0.2510095705636203, -0.08910973675278491], [0.28178016845407705, -0.16721625037153687, -0.7994960788539466, -0.46142782115172803, 0.43318433587666927, -0.327771387122219, 0.7018279166632946, -0.4201701451576996, 0.09483233311126338, 0.19868072653735536, -0.12904688423213134], [-0.616668565277515, -0.19762986508893096, 0.027684544119258844, -0.5509432041354034, -0.03453589486720146, 0.004719993356194191, 0.3174088193661744, 0.5996652098782039, 0.6920387505150324, 0.5368820321969463, 0.14080605458343803]], "inverted": true, "swapped": false, "error_lsq": 0.04987491453532637, "error_max": 0.23274092441703617, "target": "644.xyz", "model": "30.xyz", "model_rescale": 4.100398675895297, "target_rescale": 3.7465691926357647},
