[{"mapping": [2, 0, 9, 4, 8, 11, 3, 5, 12, 7, 1, 13], "R": [[-0.7818884420550511, 0.3094387626102284, 0.5412006248841325], [-0.47259489317660397, 0.27195847054901295, -0.838267652507262], [-0.4065765993316869, -0.911200440348276, -0.06640200588076078]], "T": [0.24680834829134424, -0.10124309291802942, -0.05793733656556756], "aligned_model": [[-0.20862094487925043, 0.4237810743318472, 0.09478210861786998, -0.7066453844736915, -0.2975459959465613, 0.27521559440374366, 0.12516790108239717, 0.4613749420578558, 0.6640987424611685, -0.2930110437588974, 0.758231611980464, 0.1581849998369893], [0.08653238120218266, 0.4045255808021559, 0.610307346708026, -0.035440475460030776, -0.32001113584290075, -0.23089810662616883, -0.3843662098476341, -0.7958031842186835, 0.27909320613058547, 0.2553205678706899, -0.1502190253798079, -0.029778810870769015], [-0.6483463267162644, -0.6131770483133354, 0.027661530733812487, -0.05840810527329872, 0.4582002642027172, 0.6272228247339146, -0.4801282981701535, 0.15170215602459625, 0.0698626420463281, 0.3330254011050745, -0.32079036930447297, 0.05859000252533768]], "inverted": true, "swapped": false, "error_lsq": 0.04925840528198691, "error_max": 0.3005052225525494, "target": "645.xyz", "model": "0.xyz", "model_rescale": 3.8414455957264533, "target_rescale": 3.909446947892222},
{"mapping": [4, 9, 6, 3, 1, 12, 0, 11, 8, 10, 13, 14], "R": [[0.30223650474365976, 0.7615035509898556, 0.5733807086309906], [0.8594531506913348, -0.47786448705796186, 0.18161997075093148], [0.41230253087638685, 0.43790167142712766, -0.7989047184703908]], "T": [0.07743023488499085, 0.0776686318569199, -0.1665531823213586], "aligned_model": [[-0.3445931480125363, 0.5660019630611091, 0.025396616634721425, -0.6586786303443912, -0.3823802737072307, 0.4011895925555607, 0.08267519463454952, 0.31319718801821383, 0.7093219300058227, -0.05185937802438664, 0.7636586127943472, 0.031083938098155642], [-0.05414842190083523, 0.36683228728347134, 0.8527367598623063, -0.11177850863649895, -0.58437379354218, -0.10596154857919839, -0.5310408568742081, -0.6219121790227796, 0.35392867554874174, 0.332333484252123, -0.24027955476770874, 0.032925790844411454], [-0.48331454908590454, -0.5449600094278441, -0.085380075286739, 0.02220698701961929, 0.14772697029503226, 0.49959198130351656, -0.5602060982677305, 0.25920030855000564, 0.219057594754809, 0.45538838194224873, -0.2199063885355498, -0.10399042966720787]], "inverted": false, "swapped": false, "error_lsq": 0.05355515113399831, "error_max": 0.33901145427900586, "target": "645.xyz", "model": "1.xyz", "model_rescale": 4.316132596720782, "target_rescale": 3.909446947892222},
{"mapping": [1, 8, 2, 0, 5, 3, 9, 7, 6, 4, 10, 11], "R": [[0.29688077526545975, 0.8863820702348431, -0.35523039121670535], [0.1164133090419992, -0.4028227443808241, -0.9078445781560814], [-0.9477920377148521, 0.228168056869701, -0.22277699851787502]], "T": [0.11395429875540536, -0.06322987606491795, -0.07511557463542062], "aligned_model": [[-0.04837286503028093, 0.4838286310397198, -0.16795043806583848, -0.5841678678368205, -0.28801085781995267, 0.33033563761360096, -0.10192427095688447, 0.4432199349420804, 0.663282010396292, -0.11030323133299558, 0.6947539862676824, 0.14032293649733263], [0.02727546630577564, 0.4588906161289924, 0.7051770455512305, 0.0637026458594265, -0.4478004076727343, -0.2650951750823004, -0.6563794085704502, -0.8655301902600971, 0.39566438900181955, 0.3844661162683778, -0.12592129423271023, 0.01481233117031501], [-0.5850723750650901, -0.49656460567157434, -0.2506317388914264, -0.05443626185798155, 0.25090497845169335, 0.5109275347734937, -0.46437330475706784, 0.14479228436160896, 0.3295461133358476, 0.5110640819410411, -0.31171081478839113, 0.020968781762102123]], "inverted": false, "swapped": false, "error_lsq": 0.04809043011750084, "error_max": 0.3328343744181478, "target": "645.xyz", "model": "2.xyz", "model_rescale": 3.795458400668931, "target_rescale": 3.909446947892222},
{"mapping": [5, 3, 9, 4, 0, 1, 10, 2, 8, 7, 6, 11], "R": [[0.34353927237631, 0.6001783780707828, -0.7223341905458167], [-0.9237868214576861, 0.07745732477314524, -0.37499102834613596], [-0.16911143319202454, 0.7961069509402063, 0.5810465091784196]], "T": [0.10106586191473661, -0.09253864892908298, -0.0022025181808526736], "aligned_model": [[-0.02989434642375087, 0.5556183507512445, 0.004890682591446441, -0.5245010346763206, -0.35698821524626234, 0.412125216062797, -0.1964441463799234, 0.47815276879789925, 0.6638890455116753, -0.2187358237258768, 0.675921828661143, -0.00902072021013621], [0.10535746587709896, 0.3853671813098298, 0.7349550537360914, -0.11630296651605176, -0.46828128345302505, -0.2559355886457248, -0.5970215977128182, -0.753564960266893, 0.4128408174208246, 0.408263545190558, -0.07210346981458532, -0.09431206265765968], [-0.6636487874467565, -0.4517112253847964, -0.24829020527406334, -0.14024616498379613, 0.5088863969532301, 0.5201119084319674, -0.4449162911212723, -0.09480376974580623, 0.19371735326924958, 0.4776165527639647, -0.13034040317790124, 0.07903930931023564]], "inverted": true, "swapped": false, "error_lsq": 0.04471745193746455, "error_max": 0.22468563244734832, "target": "645.xyz", "model": "3.xyz", "model_rescale": 3.7530521520055578, "target_rescale": 3.909446947892222},
{"mapping": [8, 9, 0, 3, 1, 4, 10, 5, 7, 6, 11], "R": [[0.5170821497908206, 0.00340758584955414, 0.8559289916379638], [0.6207431025073488, 0.687017164585498, -0.37773723175569285], [-0.5893250809674186, 0.7266331976476033, 0.35312907699475093]], "T": [-0.015963124077673377, -0.03722965129416843, -0.14652801752324152], "aligned_model": [[-0.4583260202745509, -0.27912291991172355, 0.5289142318363435, 0.3902991230300501, 0.12378633534795584, -0.21425009107880494, -0.11385652715632578, -0.6676522200746376, -0.3339089595810215, 0.3720919563663311, -0.009775306058410923], [-0.5528482162827324, -0.0264372119763671, -0.26097613755173643, 0.43477132122892337, -0.7909727516137758, 0.688769878053616, -0.4522061852374553, 0.06360323885826971, 0.26231620569983405, 0.16290414243168483, -0.06172092529591467], [-0.11863993493602898, -0.6961500093232965, -0.13239662814353276, -0.4498958070265438, 0.04505449312918683, -0.0911684322797203, 0.4874714691784404, -0.03324360804175033, 0.7299168818274733, 0.44833560660603156, -0.09645325374494301]], "inverted": true, "swapped": true, "error_lsq": 0.05674058831507758, "error_max": 0.414454808337309, "target": "645.xyz", "model": "4.xyz", "model_rescale": 3.7855080009869324, "target_rescale": 3.909446947892222},
{"mapping": [5, 4, 0, 9, 14, 12, 8, 13, 1, 2, 6, 16], "R": [[-0.7448937366738615, -0.08679359703250214, 0.6615135619004435], [-0.5571274336454115, -0.46458921810453413, -0.6883065313511818], [0.3670726682058061, -0.8812625771784353, 0.2977145047207021]], "T": [0.08563590583363985, -0.11369284949844817, -0.10694725691185128], "aligned_model": [[-0.15827523535829818, 0.5591743247602569, 0.1252707822077464, -0.6138470509119465, -0.23175400211700087, 0.35969769425453213, 0.08464035952332406, 0.42556841753387764, 0.48692272646017987, -0.2897283555710348, 0.6579856040151904, 0.04935834091710836], [0.44168282841447914, 0.3529606643210783, 0.6651441043537725, -0.13647536105500163, -0.32458483404443367, -0.19958783029558286, -0.7233870290085593, -0.7191297372303432, 0.42428178777959236, 0.28782987994493114, -0.2586421084203063, -0.12083023029198119], [-0.6428282662828742, -0.43097911908857733, -0.12472249838747435, 0.02389069491662349, 0.4520568716222849, 0.509962340526505, -0.4584894170045729, 0.09983693333992497, 0.24327569525772566, 0.3866789747444025, -0.38530422807739395, -0.06796330797231839]], "inverted": false, "swapped": false, "error_lsq": 0.04724280740868004, "error_max": 0.31333260693699994, "target": "645.xyz", "model": "5.xyz", "model_rescale": 4.2253639853439635, "target_rescale": 3.909446947892222},
{"mapping": [2, 5, 10, 3, 0, 9, 6, 12, 8, 1, 11, 13], "R": [[0.06548352887323437, -0.8582515812592845, -0.5090345083707456], [0.8991823884989022, -0.17042751833510747, 0.4030204625171607], [-0.4326464372437589, -0.48410606715891813, 0.7605645114519921]], "T": [0.0680867955497864, -0.013488372194023919, 0.0028283039738039514], "aligned_model": [[-0.21314513833001486, 0.3730497704780999, 0.1013722405610632, -0.49477666166632356, -0.33071687094633023, 0.30821689176042705, 0.03990264876804743, 0.4703079801061518, 0.6485525461159677, -0.16631470389636838, 0.6989929691749355, 0.019571933588279668], [0.27455790400776375, 0.26604734296173665, 0.7496522567676808, -0.3329412926727397, -0.4182166814889923, -0.10065003321489953, -0.3672584650886393, -0.8533608903084885, 0.37982791374566366, 0.4480365587215588, -0.31968419756147615, -0.03674828140152325], [-0.5339300719922756, -0.47633621299914053, -0.1553517642000159, -0.2872476047581861, 0.5687022126947222, 0.557207965602307, -0.5336139980183393, 0.0674505639093268, 0.2356945471971206, 0.5231709383590978, -0.3344480002967548, -0.025883901903606576]], "inverted": true, "swapped": false, "error_lsq": 0.04841535783419313, "error_max": 0.37073940151846513, "target": "645.xyz", "model": "6.xyz", "model_rescale": 3.89814844738969, "target_rescale": 3.909446947892222},
{"mapping": [2, 1, 0, 4, 11, 8, 10, 9, 6, 7, 5, 12], "R": [[-0.905582486924722, 0.1583255691516181, -0.3935141338351801], [0.17136778373441203, -0.7120822637091855, -0.6808611697025744], [-0.388012167429311, -0.684011596293234, 0.6177173253707476]], "T": [0.054727023855857954, 0.06593882758690972, 0.05915133438527793], "aligned_model": [[-0.1405993248123021, 0.48230609700595517, 0.1420648823813846, -0.5561276797752085, -0.29279483192870537, 0.2788001422741143, -0.03374255566461948, 0.5768762067141453, 0.7032700617922301, -0.3472708528243339, 0.6572772586619697, -0.015045798110694439], [0.07425414685659185, 0.4209025887841653, 0.6345403322052918, 0.011888585720986784, -0.5332695791449131, -0.1602381492297813, -0.50208531770274, -0.6588298014757952, 0.19356467940627914, 0.3957699247856667, -0.1530235357685082, -0.03421173996959871], [-0.6215294406498143, -0.5780091449875735, -0.082534285499719, -0.13942079555825432, 0.4781002743254254, 0.6560784531151226, -0.39738493681292497, 0.06321879078995968, 0.2022576617066793, 0.4602546053906853, -0.3785304015756111, -0.057086106649719366]], "inverted": false, "swapped": false, "error_lsq": 0.04208032539047423, "error_max": 0.22269163551755833, "target": "645.xyz", "model": "7.xyz", "model_rescale": 3.7474275329858107, "target_rescale": 3.909446947892222},
{"mapping": [4, 8, 2, 13, 12, 0, 11, 7, 3, 1, 5, 14], "R": [[0.6652709401321645, 0.7464809945778593, -0.013442505336288268], [-0.501840268227841, 0.46043067083689515, 0.7322294329905727], [0.5527846971477004, -0.4803849727944629, 0.6809253677992827]], "T": [0.13405430317292846, -0.13881394936412356, 0.024315772695991604], "aligned_model": [[-0.19466820081074596, 0.35264743092942613, 0.03406643280244566, -0.7020201932317568, -0.39012396982861974, 0.3766737554870372, -0.027850087718859273, 0.5496571375971709, 0.7112227501714394, -0.13833453929340425, 0.7912972439180141, 0.09244584569178749], [0.3124037720468547, 0.21866896424052856, 0.6946110707050588, -0.10633476319316576, -0.39854492617599563, -0.006426241985220765, -0.7007334783206423, -0.6702358547039133, 0.276168251325246, 0.35076755826585276, -0.18364363303731923, -0.09743858469963847], [-0.5239268096568512, -0.5138601528477704, -0.03888753062990059, -0.304373088721448, 0.2203248964551188, 0.6224984654585969, -0.1866661383227266, -0.06918649715656558, 0.11812885219425254, 0.5252310209530829, -0.2568309511412258, 0.012962607009692591]], "inverted": true, "swapped": false, "error_lsq": 0.0589742623499341, "error_max": 0.3131288634493951, "target": "645.xyz", "model": "8.xyz", "model_rescale": 4.019505241142653, "target_rescale": 3.909446947892222},
{"mapping": [1, 9, 10, 2, 3, 5, 0, 4, 11, 6, 8, 12], "R": [[-0.30755419488145425, 0.23308148753904787, -0.9225418350283119], [0.20694381085519678, -0.9299428599847255, -0.3039416659692415], [-0.9287543681509922, -0.28439285738220305, 0.23777305631723056]], "T": [0.11460150801733952, -0.0015530641687413888, -0.07832493162061939], "aligned_model": [[-0.18196251143772996, 0.5937549619553925, -0.11240474922906592, -0.4431232117540968, -0.23630818322773622, 0.2232368502820143, -0.07655370556746781, 0.33507968197769145, 0.5955868821424111, -0.14407705669715887, 0.7665638281531845, 0.13522081911649714], [0.21934918474125176, 0.3096965044970324, 0.8634027293263334, -0.134307403937315, -0.6474137423217641, -0.19302053164115285, -0.5303742745764124, -0.7962630287279925, 0.2684733853510087, 0.4842378083139747, -0.14761865880667163, -0.006899837750647169], [-0.6436189090887303, -0.4536590960861614, -0.274537552743912, 0.0675914295084226, 0.36685725664365737, 0.5557596766555123, -0.40459765468125497, 0.007815176810142141, 0.20975198593875766, 0.3961795112844241, -0.17705135448833786, -0.04507579615826412]], "inverted": true, "swapped": false, "error_lsq": 0.046133072870679685, "error_max": 0.2733288750315268, "target": "645.xyz", "model": "9.xyz", "model_rescale": 3.877068213659057, "target_rescale": 3.909446947892222},
{"mapping": [8, 0, 1, 2, 13, 3, 10, 6, 5, 4, 12, 15], "R": [[-0.9051042539625094, 0.03752283279203655, 0.42353078575025715], [0.38914829731477235, 0.47445397877382933, 0.7895929487544175], [-0.17131810224253263, 0.8794802209515251, -0.444032260989079]], "T": [0.01720780820302277, -0.11017478575474945, -0.0746212791496822], "aligned_model": [[-0.2644688537905025, 0.521758002606237, 0.1856747428148418, -0.6385458383480699, -0.31352225307557785, 0.3257411238899746, 0.08218960476248072, 0.3444497819540669, 0.5766050522170246, -0.1920212698910509, 0.749532120157968, 0.07762139241654296], [0.29527951791122353, 0.3125776906385298, 0.7409444447304416, -0.093969367596904, -0.5949622964021637, -0.08291590808624939, -0.6877080456104712, -0.5949735747619381, 0.38027080842863525, 0.2701743430280935, -0.18956713891724342, -0.06588833889430888], [-0.6675698448238256, -0.5223661626099164, -0.06359596082195179, 0.02577741310663592, 0.42860550079213244, 0.4792970265847414, -0.4813687183994047, 0.12079468723365105, 0.16523969053520765, 0.44465553802879265, -0.19949390262083433, -0.12456059341097238]], "inverted": true, "swapped": false, "error_lsq": 0.041982624351220105, "error_max": 0.2923860657364733, "target": "645.xyz", "model": "10.xyz", "model_rescale": 4.260839863003843, "target_rescale": 3.909446947892222},
{"mapping": [5, 6, 0, 3, 2, 8, 4, 9, 7, 1, 10, 11], "R": [[-0.6318244409097556, -0.5301704641075436, -0.5654353675329009], [-0.6617849206354941, -0.010803054118033895, 0.7496159102108199], [-0.4035326438945774, 0.847822253193271, -0.34403318488444906]], "T": [0.13856594656613197, -0.0540073332200134, -0.005400748676355174], "aligned_model": [[-0.07235519321319173, 0.38874625396387136, 0.032490225446841214, -0.5411755617856291, -0.3463815135053703, 0.4484304215515197, -0.012356758470490364, 0.43325502518426023, 0.5279414214498278, -0.22956762988817125, 0.6896959069370293, 0.1362910080434382], [-0.035054175151693776, 0.48032601446094425, 0.8094867114401576, 0.10980267267478537, -0.4108123994864652, -0.3082295553188076, -0.6649426040678487, -0.790353713046145, 0.4300484580089654, 0.2677798290016978, -0.1965003973642343, -0.0022887066837108533], [-0.6470891098309939, -0.6013479124422894, -0.12011886267963326, -0.12767435664301918, 0.3230398575194089, 0.5903915607670652, -0.3796777724698713, 0.07636487379030399, 0.203602504453899, 0.5276952419834448, -0.2686217309223851, 0.02885038006832583]], "inverted": true, "swapped": false, "error_lsq": 0.0463277206936594, "error_max": 0.26513177522533066, "target": "645.xyz", "model": "11.xyz", "model_rescale": 3.890672605050136, "target_rescale": 3.909446947892222},
{"mapping": [11, 2, 1, 9, 5, 8, 12, 7, 0, 6, 4, 13], "R": [[-0.9707909501770517, 0.23396560195431115, 0.05315099393702982], [-0.016414491943278847, -0.28577689024997777, 0.9581555893764313], [0.2393647749953643, 0.929296328466442, 0.28127004531270233]], "T": [0.09431590296460948, 0.040035165051062596, -0.02361981713408754], "aligned_model": [[-0.17234125575658563, 0.3124329253994323, 0.33198180192425264, -0.6493055634368429, -0.24376185795549873, 0.24023969282485938, 0.03814453928096449, 0.3899955404407798, 0.569761554089593, -0.2284363137132228, 0.6819362006097591, 0.18436634200644456], [0.28691097985939723, 0.26869897790092145, 0.7793667337039449, -0.18417348950234586, -0.6009366516905883, -0.06761806854696159, -0.6272426270042588, -0.7394616392472743, 0.3212407180914517, 0.4046690483208705, -0.0546020950891211, -0.09758975232839077], [-0.4367886151582273, -0.6605671924201624, 0.02330610805883212, -0.07439392423313626, 0.2589235238761248, 0.6737381072396473, -0.35029591493857604, 0.15504874290668202, 0.18511304925931296, 0.28448971167455395, -0.39348900835407336, -0.05966991431672262]], "inverted": true, "swapped": false, "error_lsq": 0.052452822118920245, "error_max": 0.2932464051028126, "target": "645.xyz", "model": "12.xyz", "model_rescale": 4.124412569039231, "target_rescale": 3.909446947892222},
{"mapping": [7, 9, 3, 5, 4, 1, 10, 2, 6, 0, 8, 12], "R": [[-0.2713359720350827, 0.933951107665698, -0.2326201168639391], [-0.9382837382147379, -0.31052852356334376, -0.1523012234203888], [-0.21447707775320454, 0.1769388723361425, 0.9605686953960453]], "T": [0.0892654823398311, 0.056764728313710835, -0.06463038148912398], "aligned_model": [[-0.22583760077413972, 0.41914071401615927, 0.09788900448175843, -0.6621844713856386, -0.2813673833606376, 0.5087873212422077, -0.033664877557688946, 0.3874314014335286, 0.6527598886778707, -0.25159632676122107, 0.7595639596168351, 0.08409197608490163], [0.11413840555627672, 0.31501130624072055, 0.7636679114725416, -0.015363203700199071, -0.5037227716878406, -0.09261961012854202, -0.5453172160276851, -0.7278029923846536, 0.37599478473330705, 0.2562486950325657, -0.1898972673087676, -0.061075907330078366], [-0.6036071738353066, -0.5474681477376537, 0.0300633367381527, -0.12681082489055456, 0.34373379048755165, 0.6169487005115428, -0.4732807592095675, 0.13016718004105704, 0.10323575532280499, 0.3605598906391246, -0.1335791463374409, -0.09454792813545491]], "inverted": false, "swapped": false, "error_lsq": 0.04094660689931682, "error_max": 0.20891856425548844, "target": "645.xyz", "model": "13.xyz", "model_rescale": 3.9028299243045295, "target_rescale": 3.909446947892222},
{"mapping": [6, 3, 7, 11, 12, 5, 2, 8, 4, 10, 0, 15], "R": [[-0.12016198279742446, 0.979737113000908, 0.16023822046826883], [0.6334997342473857, 0.19994607245963109, -0.7474621427312955], [-0.7643554046375829, 0.011694336946318273, -0.6446891172376827]], "T": [0.02380229798529665, -0.05256462891127925, -0.019522309259870696], "aligned_model": [[-0.1988667676495996, 0.3905036379505742, 0.01115233847230944, -0.7108530660418918, -0.3031520905782199, 0.26035693115595704, 0.20066237447699806, 0.40673028673769707, 0.5808305298453303, 0.035950103834895664, 0.8109113471807312, -0.029212019670846683], [0.1872306540184961, 0.20332777595834436, 0.8499694226696529, -0.12932533685468892, -0.5692724274718994, -0.19157925400841938, -0.5782467169533438, -0.6993140373178416, 0.28771644830341847, 0.505013683904845, -0.2222096499642293, 0.04595157218331092], [-0.6003191513166679, -0.4539629261868123, -0.09633519944372881, -0.0038386183667219256, 0.31267366854025364, 0.41270294820404524, -0.5038038649801652, 0.1582092796978236, 0.16293758025888866, 0.47475641569108123, -0.21674381100684492, -0.04086164749689607]], "inverted": true, "swapped": false, "error_lsq": 0.044843161695720835, "error_max": 0.2614133960476858, "target": "645.xyz", "model": "14.xyz", "model_rescale": 3.942246331269136, "target_rescale": 3.909446947892222},
{"mapping": [6, 2, 9, 11, 13, 3, 8, 12, 5, 10, 0, 14], "R": [[-0.3467794646321034, -0.38862907460013385, -0.8536459718670942], [0.6477638577896222, 0.5589859248605594, -0.5176260429589024], [0.6783406131516659, -0.7324630899801223, 0.05789502885216766]], "T": [0.09849215207479038, -0.0010413765328193304, 0.028874940238527554], "aligned_model": [[-0.2481318950107681, 0.695931409680185, 0.062282005371045265, -0.5865179532267455, -0.23961899430029826, 0.4396636958976027, -0.09615889863463585, 0.39878829247347997, 0.631515315435561, -0.3503812073568701, 0.5678478038337396, 0.1797940315516396], [0.1757092906301127, 0.2797211809177568, 0.7649953003164618, -0.19078570773852124, -0.6841692658182709, -0.09240388125077383, -0.38100007277053044, -0.7186252079313866, 0.306317183743509, 0.47822187689969403, -0.21095725451405345, -0.037761308016352815], [-0.37287169755438276, -0.35438298654866024, -0.21615350939490804, -0.06530185662051796, 0.3116239209310203, 0.6548164717874952, -0.6165576928835098, 0.27981702746135967, 0.18442744241979775, 0.3078372264798396, -0.49682276681521, -0.011016905668068552]], "inverted": false, "swapped": false, "error_lsq": 0.0566053076003887, "error_max": 0.27102189027549733, "target": "645.xyz", "model": "15.xyz", "model_rescale": 4.355366556412066, "target_rescale": 3.909446947892222},
{"mapping": [1, 8, 2, 0, 5, 3, 9, 7, 6, 4, 10, 11], "R": [[0.29688077526545975, 0.8863820702348431, -0.35523039121670535], [0.1164133090419992, -0.4028227443808241, -0.9078445781560814], [-0.9477920377148521, 0.228168056869701, -0.22277699851787502]], "T": [0.11395429875540536, -0.06322987606491795, -0.07511557463542062], "aligned_model": [[-0.04837286503028093, 0.4838286310397198, -0.16795043806583848, -0.5841678678368205, -0.28801085781995267, 0.33033563761360096, -0.10192427095688447, 0.4432199349420804, 0.663282010396292, -0.11030323133299558, 0.6947539862676824, 0.14032293649733263], [0.02727546630577564, 0.4588906161289924, 0.7051770455512305, 0.0637026458594265, -0.4478004076727343, -0.2650951750823004, -0.6563794085704502, -0.8655301902600971, 0.39566438900181955, 0.3844661162683778, -0.12592129423271023, 0.01481233117031501], [-0.5850723750650901, -0.49656460567157434, -0.2506317388914264, -0.05443626185798155, 0.25090497845169335, 0.5109275347734937, -0.46437330475706784, 0.14479228436160896, 0.3295461133358476, 0.5110640819410411, -0.31171081478839113, 0.020968781762102123]], "inverted": false, "swapped": false, "error_lsq": 0.04809043011750084, "error_max": 0.3328343744181478, "target": "645.xyz", "model": "16.xyz", "model_rescale": 3.795458400668931, "target_rescale": 3.909446947892222},
{"mapping": [2, 1, 0, 4, 11, 8, 10, 9, 6, 7, 5, 12], "R": [[-0.905582486924722, 0.1583255691516181, -0.3935141338351801], [0.17136778373441203, -0.7120822637091855, -0.6808611697025744], [-0.388012167429311, -0.684011596293234, 0.6177173253707476]], "T": [0.054727023855857954, 0.06593882758690972, 0.05915133438527793], "aligned_model": [[-0.1405993248123021, 0.48230609700595517, 0.1420648823813846, -0.5561276797752085, -0.29279483192870537, 0.2788001422741143, -0.03374255566461948, 0.5768762067141453, 0.7032700617922301, -0.3472708528243339, 0.6572772586619697, -0.015045798110694439], [0.07425414685659185, 0.4209025887841653, 0.6345403322052918, 0.011888585720986784, -0.5332695791449131, -0.1602381492297813, -0.50208531770274, -0.6588298014757952, 0.19356467940627914, 0.3957699247856667, -0.1530235357685082, -0.03421173996959871], [-0.6215294406498143, -0.5780091449875735, -0.082534285499719, -0.13942079555825432, 0.4781002743254254, 0.6560784531151226, -0.39738493681292497, 0.06321879078995968, 0.2022576617066793, 0.4602546053906853, -0.3785304015756111, -0.057086106649719366]], "inverted": false, "swapped": false, "error_lsq": 0.04208032539047423, "error_max": 0.22269163551755833, "target": "645.xyz", "model": "17.xyz", "model_rescale": 3.7474275329858107, "target_rescale": 3.909446947892222},
{"mapping": [10, 5, 12, 11, 1, 2, 8, 0, 9, 7, 4, 13], "R": [[-0.6064197050676421, 0.606679592810424, -0.5139990398561582], [0.2160123217671669, -0.4964161844474728, -0.840779191383428], [-0.7652410196470341, -0.6208951952511722, 0.16998628875170146]], "T": [0.07428988357115125, -0.05136344209397616, -0.018019578218144906], "aligned_model": [[-0.21737252562167442, 0.3619251066828816, 0.029582535722862416, -0.6296647599799842, -0.32492518814305876, 0.30722503529107814, 0.20956709770251863, 0.4277355919737122, 0.5570509572030902, -0.22426521994798926, 0.8259719868834193, 0.13218298794707925], [0.10773433980749852, 0.31054931048449425, 0.6879451737693729, 0.11043993318103298, -0.46164626532573494, -0.2498997057909891, -0.48466392706390476, -0.7898579198372639, 0.3813005363307897, 0.39942997891619497, -0.21207822818098807, -0.10999109182285716], [-0.6230487554660891, -0.5743513808475055, -0.12127143956742509, -0.01597278109509471, 0.37032787997731215, 0.6224156573054227, -0.5755186511145767, 0.15181689706131238, 0.1477145263453598, 0.5064510346601357, -0.33166044786630916, 0.04851213420171307]], "inverted": true, "swapped": false, "error_lsq": 0.044251126665182584, "error_max": 0.2305212471282463, "target": "645.xyz", "model": "18.xyz", "model_rescale": 3.922800546911778, "target_rescale": 3.909446947892222},
{"mapping": [6, 10, 11, 8, 5, 3, 1, 0, 9, 13, 2, 14], "R": [[-0.6983455393632205, -0.5438473868115139, 0.4653423766537713], [-0.6863752127974487, 0.3244568667623953, -0.6508585167822472], [0.20298417403519387, -0.7739236147508468, -0.5998663714713748]], "T": [0.010548492450313432, 0.00626309830242916, 0.023440416027511117], "aligned_model": [[-0.22339527192465353, 0.39306573049812865, 0.18404151659426898, -0.5883105297676298, -0.2795119564099712, 0.38812285435314564, 0.040093293685713974, 0.39126705169696185, 0.7850689719185766, -0.3564866285892234, 0.6579839257060345, 0.06307464795258298], [0.0356960324193622, 0.4389450684761153, 0.6958408435574108, -0.08134535047088842, -0.6341775590068246, -0.20733873762705854, -0.54176252667382, -0.7085810268521435, 0.25366529669500126, 0.5179170921910183, -0.12846946620154745, 0.048872467961020044], [-0.6247661786723963, -0.5396470749951493, 0.06376803176716911, -0.06646667620286248, 0.32048320866516505, 0.49350541207202264, -0.47332717855289025, 0.22958088040563368, 0.06410200760676316, 0.29786555569502304, -0.2518838629871534, 0.09220054879293035]], "inverted": true, "swapped": false, "error_lsq": 0.05034464011961998, "error_max": 0.27585132884403296, "target": "645.xyz", "model": "19.xyz", "model_rescale": 3.9282355846067225, "target_rescale": 3.909446947892222},
{"mapping": [4, 6, 3, 11, 10, 2, 9, 12, 5, 1, 7, 13], "R": [[-0.794363401253443, -0.33390380071882647, 0.5074396896327521], [0.4867090157261445, 0.1499713104829244, 0.8605945270816692], [-0.36345717871566263, 0.9306002675142301, 0.043382269909426785]], "T": [0.14577093618522868, -0.01799117784254422, -0.17346108087537515], "aligned_model": [[-0.2801329333605969, 0.5933248801776828, -0.028387787841091472, -0.5355390749612319, -0.20541167082007877, 0.3949669978607991, -0.03182242221681569, 0.29218310955871296, 0.5512530003426914, -0.04980373111408237, 0.6899913638236916, 0.06439187426425438], [0.27154076127547816, 0.3574744885473603, 0.7119305484082039, -0.22914942676095823, -0.49302723989978897, -0.04363691517788156, -0.6119494087548961, -0.849988388120296, 0.4689740175662652, 0.3822906283001986, -0.293631702919824, 0.018434772003783663], [-0.539719179866049, -0.4659761311484309, -0.11655693749188573, -0.24122562876933867, 0.4536321061977795, 0.6113700024551653, -0.4802167559993034, -0.077865773220363, 0.12003397249972891, 0.4290551608048637, -0.04719072229604526, -0.03992543957186623]], "inverted": true, "swapped": false, "error_lsq": 0.05130500571640793, "error_max": 0.2764182066414636, "target": "645.xyz", "model": "20.xyz", "model_rescale": 4.067790424073018, "target_rescale": 3.909446947892222},
{"mapping": [0, 12, 3, 4, 5, 13, 7, 1, 11, 6, 9, 14], "R": [[-0.7716874862885166, -0.17806904506196342, -0.6105651797281195], [-0.14908202844603297, 0.9839037974609203, -0.09852850418227457], [0.6182822755830275, 0.01499108177219768, -0.7858131426536288]], "T": [0.047995601863974294, -0.018949848079540886, -0.015096080370569046], "aligned_model": [[-0.17527121884081992, 0.6404357546718781, 0.07491813782682247, -0.7283247258993766, -0.18510158272658928, 0.3857917327748011, 0.12595144648748158, 0.3610599690520409, 0.4468751255154025, -0.30593760062651826, 0.6896276807004261, 0.12498888677838643], [0.08060431212176727, 0.32515060974434473, 0.8040144133353777, -0.11984929207372866, -0.41672419799535926, -0.19482540966744152, -0.51433824108968, -0.7773213580230902, 0.4122049096248761, 0.43890601582219707, -0.3204676034655331, -0.028092023866085152], [-0.6819535805008026, -0.3580587710003623, -0.22898861914166885, 0.15700431370029222, 0.3535601144002318, 0.5723433342544744, -0.5675245224050589, -0.002117013304892834, 0.2551500195080472, 0.44605053271575595, -0.333600739777455, -0.006450394854305694]], "inverted": true, "swapped": false, "error_lsq": 0.04390023948934143, "error_max": 0.22466366718417233, "target": "645.xyz", "model": "21.xyz", "model_rescale": 4.186013935880536, "target_rescale": 3.909446947892222},
{"mapping": [11, 4, 10, 8, 2, 1, 5, 0, 7, 9, 6, 12], "R": [[-0.5366865872318378, -0.8396249127936206, -0.08365113807802285], [-0.6304748177261545, 0.33315029199820057, 0.7010794442534214], [-0.5607753661660038, 0.428999870347089, -0.7081596570997006]], "T": [0.11155789691001966, -0.04177343360653147, -0.07617127279614475], "aligned_model": [[-0.26521300992256447, 0.4521622466253576, 0.23624861594157884, -0.6501666237112267, -0.2958287179160562, 0.3307870974619978, -0.04095948186908638, 0.4915733113616586, 0.685389184256542, -0.22011608479113126, 0.6083573234026152, 0.12277974487425036], [0.1573797869383587, 0.41502673553025937, 0.7801453285813128, -0.05989975205397721, -0.6023381564351745, -0.14015570043048364, -0.7330433659508676, -0.5923005752662994, 0.32121136213083623, 0.3500893966465554, -0.1667022729957294, -0.040150652227145645], [-0.5423768682398394, -0.5266581551801459, -0.004051888516602015, 0.008181095086983073, 0.18746207191879957, 0.614757611483755, -0.3882980193621256, 0.19640273932064986, 0.20182770491166604, 0.2729514167656728, -0.293969261636012, -0.12081377295854605]], "inverted": false, "swapped": false, "error_lsq": 0.0466569892755924, "error_max": 0.2769313465612315, "target": "645.xyz", "model": "22.xyz", "model_rescale": 4.166573947596378, "target_rescale": 3.909446947892222},
{"mapping": [5, 1, 6, 14, 9, 3, 7, 8, 2, 12, 0, 15], "R": [[-0.38109030825505186, -0.4850421651392531, -0.7870859387583389], [0.45894053160168785, 0.6397872924742879, -0.6164785550540914], [0.8025856748081353, -0.596159641728158, -0.021211227388448883]], "T": [0.05962406959017931, -0.06740439792939731, 0.07106855386955313], "aligned_model": [[0.0027544381204524238, 0.5198453892114083, 0.09707295016630531, -0.7307287050645679, -0.1668962688925688, 0.40245378554811795, 0.05143721430929486, 0.4034626032953121, 0.5220544878336145, -0.3589243297771187, 0.6225335878959579, 0.08994845306772704], [0.1513940292297791, 0.3019718307799599, 0.670373345171579, -0.10264334466369876, -0.4458400532280753, -0.14090210231075698, -0.41606915060524197, -0.7981434235755525, 0.3872689189230426, 0.3744962683553048, -0.2598891628033309, -0.03275502080536401], [-0.7289033671942512, -0.32875215532106483, -0.11165860638662994, 0.07992696506150482, 0.47840644473463767, 0.5594255189298805, -0.5532354692572545, 0.11436612145017147, 0.2506222294506846, 0.31380790740215625, -0.4882509007627682, 0.019659985487188794]], "inverted": false, "swapped": false, "error_lsq": 0.046705105784925156, "error_max": 0.22108509909301718, "target": "645.xyz", "model": "23.xyz", "model_rescale": 4.274766983524099, "target_rescale": 3.909446947892222},
{"mapping": [10, 8, 2, 0, 9, 3, 6, 4, 7, 5, 11], "R": [[0.7942984090259329, -0.5769945112300011, 0.190177210594026], [0.26590285238565337, 0.6116354285173833, 0.7451159478064678], [-0.5462469318101896, -0.5412757491268289, 0.6392455341221753]], "T": [-0.16219129622014358, 0.0934169761850279, 0.04311170426323672], "aligned_model": [[0.42406487063016274, 0.12630025542495946, -0.5813187583794686, -0.4564623105058174, -0.46285887452219043, -0.6549181456707075, 0.09896866787970074, -0.021472464375216133, 0.7309570555465679, 0.3006828866912271, -0.12404847876114299], [-0.05365572410610067, 0.5785695972499704, 0.5198460638957467, -0.2699496447169548, 0.5974651220436975, -0.1986728856856603, -0.5967194002489601, -0.0035019280948240528, -0.23322545940239556, 0.5069672054930308, 0.06846358481593363], [-0.424239682689837, -0.3359987552946129, -0.583020715235174, -0.3153890464079647, 0.2073930567489256, 0.43268802748984825, 0.039907451518624716, 0.7781373214572495, 0.27670039697759047, 0.29295766809462176, 0.010430711362305924]], "inverted": false, "swapped": true, "error_lsq": 0.045978024691487686, "error_max": 0.2557561547606343, "target": "645.xyz", "model": "24.xyz", "model_rescale": 3.7841303162186577, "target_rescale": 3.909446947892222},
{"mapping": [6, 1, 0, 11, 13, 9, 3, 5, 8, 10, 4, 15], "R": [[0.7130244446562685, 0.6495426855692114, 0.26398947127898376], [-0.13013112743866745, -0.24737489212286223, 0.9601414231345007], [0.6889572054882378, -0.7189575525514282, -0.09185862308514686]], "T": [0.11801985699250596, 0.040974954022321416, 0.08280051214544731], "aligned_model": [[-0.1006398955866024, 0.5846596873788756, 0.17869103663656521, -0.618918592323099, -0.36056928186600734, 0.32644198608581304, -0.03747402073070712, 0.5422706752824791, 0.621907899537437, -0.31196100901758156, 0.5356217863895646, 0.09498333392719799], [-0.06990589051442725, 0.43133028962962383, 0.7469756856983076, -0.09057054928089127, -0.5521911365614394, -0.028922846588241666, -0.6244116503866465, -0.7184761978809915, 0.3485361223703217, 0.46320762450916825, -0.2335237505126212, 0.017214433985482294], [-0.5968463102262092, -0.34487503597847163, -0.11521949741208226, -0.08762563503773124, 0.25917064119026423, 0.6248477629457281, -0.3439127502414321, -0.029377634107300987, 0.113796510976167, 0.5748280846614193, -0.47124229543429913, 0.021870832258202855]], "inverted": true, "swapped": false, "error_lsq": 0.04578159860828895, "error_max": 0.23492632043521372, "target": "645.xyz", "model": "25.xyz", "model_rescale": 4.19342608120988, "target_rescale": 3.909446947892222},
{"mapping": [1, 8, 2, 0, 5, 3, 9, 7, 6, 4, 10, 11], "R": [[0.29688077526545975, 0.8863820702348431, -0.35523039121670535], [0.1164133090419992, -0.4028227443808241, -0.9078445781560814], [-0.9477920377148521, 0.228168056869701, -0.22277699851787502]], "T": [0.11395429875540536, -0.06322987606491795, -0.07511557463542062], "aligned_model": [[-0.04837286503028093, 0.4838286310397198, -0.16795043806583848, -0.5841678678368205, -0.28801085781995267, 0.33033563761360096, -0.10192427095688447, 0.4432199349420804, 0.663282010396292, -0.11030323133299558, 0.6947539862676824, 0.14032293649733263], [0.02727546630577564, 0.4588906161289924, 0.7051770455512305, 0.0637026458594265, -0.4478004076727343, -0.2650951750823004, -0.6563794085704502, -0.8655301902600971, 0.39566438900181955, 0.3844661162683778, -0.12592129423271023, 0.01481233117031501], [-0.5850723750650901, -0.49656460567157434, -0.2506317388914264, -0.05443626185798155, 0.25090497845169335, 0.5109275347734937, -0.46437330475706784, 0.14479228436160896, 0.3295461133358476, 0.5110640819410411, -0.31171081478839113, 0.020968781762102123]], "inverted": false, "swapped": false, "error_lsq": 0.04809043011750084, "error_max": 0.3328343744181478, "target": "645.xyz", "model": "26.xyz", "model_rescale": 3.795458400668931, "target_rescale": 3.909446947892222},
{"mapping": [9, 11, 4, 2, 0, 7, 1, 6, 10, 3, 8, 12], "R": [[-0.7034082033763814, 0.24955626767170616, 0.665536301555805], [-0.1599395391999189, 0.8567539053732873, -0.49029795984496854], [-0.6925577544315921, -0.4513251764453082, -0.5627338108584579]], "T": [0.15469713898755533, -0.028540800266266653, -0.14494435495875288], "aligned_model": [[-0.1871332569540931, 0.5334131591422799, 0.1772887819977454, -0.7049891719782243, -0.3590390324901863, 0.32213052551799665, -0.0026130422851122215, 0.4830537824637743, 0.5740238345355068, -0.2734899661003848, 0.6927974946591131, 0.19957049720552006], [0.13981847227691507, 0.4272364347996824, 0.8047903828824026, -0.2097689311218483, -0.40393196850992397, -0.010345268541862906, -0.5398500031674827, -0.7682087961153483, 0.4130733661008355, 0.264985734752579, -0.36775624757743886, -0.06078104131086447], [-0.342887341382912, -0.5454638673512696, -0.08239885556251633, -0.1990805279288064, 0.39024702110495835, 0.6499412231778933, -0.3982615009392664, 0.017105422200922954, 0.2249589823794729, 0.3800075810545328, -0.5000958685945486, 0.011342405435794733]], "inverted": false, "swapped": false, "error_lsq": 0.045853378846257925, "error_max": 0.28015538831458436, "target": "645.xyz", "model": "27.xyz", "model_rescale": 3.6321398670334006, "target_rescale": 3.909446947892222},
{"mapping": [11, 0, 5, 13, 6, 4, 9, 12, 3, 1, 8, 14], "R": [[-0.05064782839085322, 0.5821407849577755, 0.8115090288887955], [-0.8550768992569031, -0.4451092142190516, 0.2659347359306387], [0.5160216021025582, -0.6804336072726299, 0.5203189524296283]], "T": [0.20892400186379306, -0.04860238003791576, -0.10709140412080387], "aligned_model": [[-0.22427778670065535, 0.3865706610967833, 0.17047809312235956, -0.5978167783676314, -0.19775919685129723, 0.07962421008389214, -0.10671538756217969, 0.5006271733331964, 0.6718398235709231, -0.05093676990875423, 0.6707974152647792, 0.1525821486325198], [0.10579210393503799, 0.4069755730548774, 0.8279562540047306, -0.16896547481514437, -0.5781222044957652, -0.07981046269272077, -0.5345943078345463, -0.7991060789439899, 0.3998611115086615, 0.3816344757696464, -0.24348763363284118, -0.028871221390300787], [-0.5554488397923911, -0.4947795356633945, -0.060872417165898654, -0.07304186900957799, 0.2905578993235214, 0.7106951644786789, -0.43989131875351944, 0.08042709774752418, 0.12986749257927496, 0.33408409762980756, -0.23248001492388473, -0.08370308285588472]], "inverted": false, "swapped": false, "error_lsq": 0.04343921753807551, "error_max": 0.3117676286290824, "target": "645.xyz", "model": "28.xyz", "model_rescale": 4.156811204709835, "target_rescale": 3.909446947892222},
{"mapping": [2, 8, 1, 10, 4, 9, 0, 3, 6, 11], "R": [[-0.7374205540402116, 0.6630444015331014, 0.12877518423453763], [0.3287270590614697, 0.1857603432955502, 0.925976033976861], [0.590041902850827, 0.7251656475966929, -0.35494413141485304]], "T": [-0.14946159716717922, -0.07017714980004847, 0.09814784824927357], "aligned_model": [[-0.5962320120656454, 0.02250971877759486, 0.03558503194842494, 0.5077731531921607, -0.07984061841774946, -0.6079176449376097, -0.27096440014622514, -0.5744780778434246, 0.30820526584662755, -0.10171504224356567], [-0.11656172281298482, -0.47943950898644977, 0.12946012803118467, 0.01310984180029412, -0.25945437842051045, -0.4712746511897984, 0.462479148904026, 0.23120809153172017, 0.4595351118627155, -0.050341730093993314], [-0.6419846202228949, -0.4168816358468803, -0.6436507318451776, -0.28244346954208177, 0.8253237359255468, 0.07833029538007495, -0.12246007451273942, 0.5546496277166179, 0.33149088865318016, 0.07641271126945418]], "inverted": true, "swapped": true, "error_lsq": 0.05975756320990675, "error_max": 0.29144522886205276, "target": "645.xyz", "model": "29.xyz", "model_rescale": 4.117894457231895, "target_rescale": 3.909446947892222},
