[{"mapping": [9, 0, 3, 4, 2, 12, 10, 7, 8, 11, 1, 6, 5, 13], "R": [[-0.824208402319122, 0.5399278358459696, 0.1707584306125135], [-0.4731823469115164, -0.49098879776453075, -0.7314564013261833], [-0.311093195229131, -0.6836723868553043, 0.660161413090542]], "T": [-0.10323800183062477, 0.14497425862654792, -0.05875338144170879], "aligned_model": [[-0.23120912444317437, -0.5554845833314246, 0.047024182199930584, 0.7326620494000612, 0.1352845247011638, -0.608493697244382, -0.33594642510177575, 0.3102810805824083, 0.5616650467762108, 0.03732178746309793, -0.5904863547057768, 0.5815017408703452, 0.011184509464388218, -0.031627650647567646], [-0.44137923604537355, 0.2029571337709232, 0.61306357995093, -0.07052043331112268, 0.33834120296086023, -0.13626559270852304, -0.7811212781778732, -0.47088711694312546, -0.15325418536922406, -0.2304203786875598, 0.4512912100208064, 0.4847036776356052, 0.527274556722325, -0.001252997950434015], [0.36143246176048127, 0.5637604339001349, 0.11876836119895855, 0.35141410716545235, 0.646210784020201, -0.08596801439153642, -0.3806582914558487, 0.08654361452579933, -0.3407868240826427, -0.6300533488430685, -0.10121608663050567, -0.04257652101605028, -0.7015249049447497, -0.06417641498465797]], "inverted": false, "swapped": false, "error_lsq": 0.04867612005735596, "error_max": 0.3340179350603882, "target": "646.xyz", "model": "0.xyz", "model_rescale": 3.8414455957264533, "target_rescale": 4.0375230120706505},
{"mapping": [0, 13, 12, 1, 11, 9, 7, 4, 3, 2, 8, 10, 10, 14], "R": [[0.32454186379511724, 0.3133408670678659, 0.8924629290169703], [-0.6973712245497821, -0.5581751525330787, 0.4495707666926445], [0.6390195253780039, -0.7682825002040805, 0.03736369984139881]], "T": [-0.04758752287255369, -0.027141416877698023, -0.11562137404227077], "aligned_model": [[-0.048713777786229484, -0.5607647522340367, 0.025633859723195596, 0.6742692183166132, 0.14432993408838668, -0.7135746711879243, -0.4025898094408778, 0.20886216246116446, 0.7155509375865057, -0.043615038783203136, -0.49373797043436296, 0.2628048282606761, 0.2628048282606761, 0.032417337152921416], [-0.5287204849234209, 0.10494500673001045, 0.6427825990489789, -0.08706721685462335, 0.2658092942652307, -0.10707008966531467, -0.5626682136524574, -0.5020410954998001, -0.1847649245333833, -0.4174740073148311, 0.624703093073432, 0.542118632180796, 0.542118632180796, -0.00014108316719853645], [0.40776618747922766, 0.42664176190072034, 0.24233111705468127, 0.35748499334842854, 0.6613039587178806, -0.24045007882851796, -0.10381338511321375, -0.18286041764828853, -0.19405224833645954, -0.741903591442085, -0.09688876911023248, -0.334666769598299, -0.334666769598299, -0.08505663260357603]], "inverted": true, "swapped": false, "error_lsq": 0.056570192761622784, "error_max": 0.39239621541290726, "target": "646.xyz", "model": "1.xyz", "model_rescale": 4.316132596720782, "target_rescale": 4.0375230120706505},
{"mapping": [9, 7, 6, 2, 5, 12, 1, 11, 0, 8, 3, 13], "R": [[-0.5703862216492588, 0.7295160859006402, -0.37744647112523433], [-0.30353900819818636, -0.6142116178507389, -0.728428554491955], [-0.7632323556131146, -0.30091588344483833, 0.5717744331778647]], "T": [-0.05233005176807351, 0.053585605235940546, -0.08797772117986008], "aligned_model": [[-0.229019815049867, 0.46890405974499794, 0.20629514148231978, -0.41908861560361765, -0.3463267725184167, -0.4052258937006563, -0.4096564918512531, -0.3569833819389746, 0.39147387424770286, 0.24648158555320174, 0.5304200995179328, -0.07946523525158898], [-0.7048332345695733, -0.23732574706257284, -0.7281583605830063, 0.5972388716539695, -0.25515663340231015, -0.04369730410315043, 0.4028558664921322, 0.5790362596046257, -0.06424426400306774, 0.0027622361536274107, 0.4102094298746585, 0.05408930768564792], [0.10122301406988726, 0.048316430651414444, -0.3810710272203836, 0.007526712746678613, -0.5884088672764225, 0.33929680738653695, -0.6583994621539804, 0.6166593749887852, -0.6143336191749837, 0.5518550436986507, 0.09619712293786381, -0.06960306944462552]], "inverted": true, "swapped": true, "error_lsq": 0.054236855279909096, "error_max": 0.25945102966598255, "target": "646.xyz", "model": "2.xyz", "model_rescale": 3.795458400668931, "target_rescale": 4.0375230120706505},
{"mapping": [3, 4, 11, 10, 7, 9, 2, 0, 1, 5, 8, 13], "R": [[0.7347518200087766, 0.6530793434172625, -0.1833770274474646], [-0.16275964344415916, 0.4321685231381904, 0.8869834643748924], [0.6585203576653655, -0.6218663351639429, 0.4238315700016295]], "T": [0.10008357172877877, 0.07026825900704639, 0.05216234580974481], "aligned_model": [[-0.15990634640211934, -0.1317076687385458, -0.803755011442818, 0.12541418716029473, 0.19125558274262805, 0.28666499701210857, -0.29537554204020133, 0.667855965847321, 0.37531208580520703, 0.645790014374661, -0.38880495914018065, 0.08056052056520993], [-0.10213205379542004, -0.671895817050221, -0.051826092609745425, 0.06009850360436783, 0.4276214214674513, 0.8060310638014033, -0.37745036895266904, -0.05948419999716467, -0.5430226098707717, 0.06401022085625169, 0.45676276827395046, 0.07705620956227639], [-0.5829612948662255, -0.21101515962451395, 0.2354497265300679, 0.7533917912153186, -0.43658799067261045, 0.30917556348530617, 0.3391326136917243, -0.333447744884743, 0.40312735538592126, 0.4187035974146807, -0.28379505498223606, 0.07759802794641016]], "inverted": true, "swapped": true, "error_lsq": 0.05119801897784427, "error_max": 0.2808515011962137, "target": "646.xyz", "model": "3.xyz", "model_rescale": 3.7530521520055578, "target_rescale": 4.0375230120706505},
{"mapping": [0, 3, 4, 11, 1, 8, 5, 7, 9, 12, 13], "R": [[-0.10111035154963566, 0.9909068803305785, 0.08877077966893021], [0.710694924742832, 0.134380908288957, -0.6905465193831735], [-0.6961963952465495, -0.0067324587600370855, -0.7178197916223507]], "T": [-0.05706006183309143, -0.0921048176675082, 0.0718529567481789], "aligned_model": [[-0.5539335106134446, -0.23188036569576342, 0.2906274515904458, 0.6281505292614251, 0.3372051821549999, -0.20401295432664981, -0.12102714194144323, -0.6101820002550485, -0.38021146944749273, 0.21680065144174454, -0.033336769723567854], [-0.5618742303998148, 0.04215393213637261, -0.3945471044464268, 0.47500631960098305, -0.7380043536392699, 0.5578180466141626, -0.5318882319812349, 0.12505264789321596, 0.23991410915047298, 0.3290823150899207, -0.07551009170403544], [-0.0707296822525538, -0.6005391266288194, -0.6074401688546153, -0.2007215888271965, 0.12106240270022026, -0.1674428734020012, 0.5562969007415018, -0.07575891984702224, 0.7257275068195442, 0.3251604208873061, 0.08721590590895235]], "inverted": false, "swapped": true, "error_lsq": 0.042375443131989085, "error_max": 0.2070019680752337, "target": "646.xyz", "model": "4.xyz", "model_rescale": 3.7855080009869324, "target_rescale": 4.0375230120706505},
{"mapping": [3, 7, 6, 1, 4, 10, 9, 2, 12, 15, 8, 11, 13, 16], "R": [[-0.23098518056460535, -0.9056234508513351, 0.3556571546133389], [-0.527253283790783, 0.42372577296211444, 0.7365191403212107], [-0.8177101082237965, -0.01739639605718646, -0.5753673125168381]], "T": [0.007148227313109275, -0.013348607292245868, 0.010686210929054508], "aligned_model": [[-0.14491698712449957, -0.4896036662449916, 0.013089695565429972, 0.6529286584711919, 0.11397014555728519, -0.7018095624961624, -0.2325135118801596, 0.35143458734809574, 0.6195228626956032, -0.3999089872910094, -0.4670457572931008, 0.5719551082319362, 0.15729384325000426, 0.019280657193881758], [-0.6468652899473084, 0.3431730325587353, 0.6254677771970177, -0.017357269321174804, 0.3072364570086672, -0.1814009947112256, -0.6392922034011115, -0.666125354004251, 0.03847132736935992, -0.12473671680099442, 0.35804913740377475, 0.540824679918712, 0.44965021600708804, -0.05456465740907496], [0.2514130036942331, 0.44369816046430366, 0.14468394945487714, 0.4057248221449566, 0.6685730387308901, 0.0006104267998480531, -0.22946141971968093, 0.0443775870458299, -0.2815076687501365, -0.6972793389281823, -0.3533380384852053, -0.0688209164803, -0.5259291285029833, -0.021575121246482337]], "inverted": false, "swapped": false, "error_lsq": 0.040789442700664855, "error_max": 0.2655468423930302, "target": "646.xyz", "model": "5.xyz", "model_rescale": 4.2253639853439635, "target_rescale": 4.0375230120706505},
{"mapping": [0, 3, 2, 1, 4, 7, 12, 9, 8, 11, 6, 10, 5, 13], "R": [[0.5487702404167623, -0.630972651683606, 0.5483837489024341], [0.8223462657286248, 0.52540657267259, -0.21839082543602556], [-0.15032578779143357, 0.5708077138755234, 0.8072054950909859]], "T": [0.06269095605656903, 0.017543301022122093, -0.015082795829031097], "aligned_model": [[-0.11444939261454308, -0.5085310870020916, -0.044825585546510616, 0.6245586163129985, 0.11166890057570901, -0.660344933692068, -0.476334586079847, 0.3316193012381161, 0.6721257790130916, -0.16440326929165866, -0.49674874419818116, 0.623178753537702, 0.15099358460657325, 0.01516974912421478], [-0.5350951787487855, 0.22414682880933162, 0.6764505713788489, -0.06002669691228907, 0.33732763979144953, -0.28189917609274506, -0.619526194208396, -0.5304177939374563, -0.1081823085470075, -0.07307910348306668, 0.24323221234653786, 0.5596050872920966, 0.4593617139939238, 0.04063254018577147], [0.5383380719341718, 0.35101805438592154, 0.051648114474914124, 0.45074271843214336, 0.6144014770762338, 0.11508832639713973, -0.4333383249500544, -0.01863400041307519, -0.41338813506654853, -0.7538449912805679, -0.23826367585056069, -0.0382112010851662, -0.459762908045581, 0.015375830212997418]], "inverted": true, "swapped": false, "error_lsq": 0.04608678058237743, "error_max": 0.2491890569973854, "target": "646.xyz", "model": "6.xyz", "model_rescale": 3.89814844738969, "target_rescale": 4.0375230120706505},
{"mapping": [3, 4, 0, 11, 7, 1, 2, 8, 12, 10, 5, 9, 13], "R": [[0.27563880442794697, -0.9575418199193619, 0.08448024975725815], [-0.9346986175307321, -0.246467551470047, 0.2561098210895046], [-0.22441422388001692, -0.14955737754412662, -0.9629490365239758]], "T": [0.006211747730822281, 0.12022817738235878, -0.005222126070294018], "aligned_model": [[0.3423125080113598, -0.16628542715509476, 0.5187002446617168, -0.5857819235632413, 0.5805556787147468, -0.39375938674346256, -0.5721806904620925, 0.21330123411396065, -0.3178118190853188, -0.5565348683696618, -0.054915884253810505, 0.16144645605672564, -0.020414321021604676], [-0.2900007627917821, 0.02220685674252676, 0.5272169943356652, -0.590301439609811, -0.06855078884105228, 0.6579054747093809, -0.009958028119471163, -0.5414366191697652, -0.1640876546472281, 0.3936909622666416, 0.739824199964371, 0.17736615106364398, 0.10990591956736614], [-0.4736740018398804, -0.8017355532454535, -0.24937776818124827, -0.10580361334512756, 0.09163891139023908, -0.36015744170244657, -0.30137336188001135, 0.13820387606593784, 0.35635248347729387, 0.31258622885085213, 0.2058497932447461, 0.7789033514740411, 0.010862126527352748]], "inverted": false, "swapped": true, "error_lsq": 0.050949114411627486, "error_max": 0.2713336548951153, "target": "646.xyz", "model": "7.xyz", "model_rescale": 3.7474275329858107, "target_rescale": 4.0375230120706505},
{"mapping": [3, 8, 4, 1, 2, 5, 6, 0, 12, 7, 9, 13, 11, 14], "R": [[0.20259956607579205, 0.8552939451197679, -0.47689168924124137], [0.8550309742120681, 0.08289122361246032, 0.5119092479981111], [0.47736301591541763, -0.5114697571601796, -0.7145090891980621]], "T": [0.08771272953816854, 0.003842830696223185, -0.07875228250018498], "aligned_model": [[-0.2800970521047924, -0.397924055107465, 0.027864456476710944, 0.6403918920786645, 0.17381281300631318, -0.6025923133964066, -0.2635990636625032, 0.27913691017762127, 0.6038018969518391, -0.32494707912394105, -0.4943575605921253, 0.5364439603752346, 0.05030818384305495, 0.11543409706130019], [-0.42283712998348333, 0.2937616259476255, 0.6445636304847833, -0.20977365324261296, 0.12901299645076567, -0.18719328541934724, -0.7215663425104488, -0.6127989396262737, 0.1734968822461714, -0.1909065935033033, 0.3540061805427782, 0.7827651509411128, 0.260663464588739, 0.039336154951707294], [0.36486321843134684, 0.302448873604503, 0.36635544241075735, 0.38354152140918807, 0.7492022458898743, -0.0811216833654412, -0.21028043075555292, 0.05286438736732452, -0.37117679048525043, -0.5843827562781421, -0.42360043148792925, -0.08442063220168114, -0.643662910439026, -0.039460697878002556]], "inverted": false, "swapped": false, "error_lsq": 0.0440650105950172, "error_max": 0.24721981272469332, "target": "646.xyz", "model": "8.xyz", "model_rescale": 4.019505241142653, "target_rescale": 4.0375230120706505},
{"mapping": [5, 1, 0, 6, 9, 7, 3, 10, 12, 2, 4, 8, 13], "R": [[-0.6370693571967153, 0.5531525782921344, 0.5368098911623447], [-0.655838116603025, -0.023077060900433544, -0.7545487486377503], [-0.4049925912057666, -0.8327602742620245, 0.37748023349504933]], "T": [0.025608916104076205, -0.04323716120937444, 0.05268042430506766], "aligned_model": [[-0.2879986113420015, -0.7212183521155102, 0.009491945826725138, 0.4079766317865998, 0.4520570127258682, 0.5614919336632227, 0.27822381058109497, -0.363772832103886, 0.14653164459831647, -0.41365815344435153, -0.39349667754271433, 0.6225307236420137, 0.02154169546579917], [-0.5055983412408602, -0.04959762141928554, 0.11177630177998796, -0.4958609075959228, -0.7208717287954985, 0.0798569314847539, 0.616988030988526, -0.563538027118597, -0.3115259224872758, 0.1432943370340075, 0.6588187276491531, 0.1585136764246786, -0.05887722858960853], [-0.293815797382677, -0.0787023704057361, -0.6282067937768084, -0.5898466015348084, 0.0184935709900755, -0.21670358702428053, 0.021262674461889418, 0.317513696768183, 0.532223745361569, 0.5125089324542994, 0.1252416026785739, 0.3755400403228931, 0.0811943811307059]], "inverted": true, "swapped": true, "error_lsq": 0.047602084079332405, "error_max": 0.28233436626200054, "target": "646.xyz", "model": "9.xyz", "model_rescale": 3.877068213659057, "target_rescale": 4.0375230120706505},
{"mapping": [9, 7, 1, 11, 0, 2, 14, 10, 12, 13, 4, 5, 3, 15], "R": [[0.8735119273383, 0.3432433322680513, -0.34519694038512666], [0.08365655156236884, -0.8044049507494454, -0.5881617605646212], [-0.47956073043820147, 0.4848883274149898, -0.73137187241394]], "T": [0.005564883134426127, -0.0217072834653526, -0.064695840163943], "aligned_model": [[-0.25834867475557305, -0.5854845694211658, -0.03808920606011704, 0.4939039038100321, 0.5112049694361629, -0.634716181852939, -0.2279396032824726, 0.32282410851197885, 0.738616191252214, -0.34214430774590143, -0.4339542671443448, 0.3362289019554468, 0.11513091993701088, 0.0664449013431734], [-0.5264665460799084, 0.37913512882271966, 0.7355692627804177, -0.2888868638510976, 0.2950795397887578, -0.19507420786501692, -0.7423587766545537, -0.6558245165849205, 0.1161663348310779, -0.3016963435498385, 0.4526247840510727, 0.6863494278153643, 0.36514910452116306, 0.012763813842976934], [0.26879032846424, 0.33061729465657175, 0.3566510041414427, 0.4198610181862318, 0.46231483085812597, -0.04627234178954276, -0.2535307596728632, -0.04341913850469445, -0.1073791010302397, -0.6958399922987983, -0.2645024616978435, -0.08237188355596534, -0.5557139267774873, -0.00803551475720976]], "inverted": false, "swapped": false, "error_lsq": 0.048535768349907416, "error_max": 0.3918849837896979, "target": "646.xyz", "model": "10.xyz", "model_rescale": 4.260839863003843, "target_rescale": 4.0375230120706505},
{"mapping": [2, 3, 7, 8, 9, 12, 10, 1, 0, 6, 5, 13], "R": [[-0.4231066533951709, 0.33538085997488454, 0.8417246810063527], [-0.731148525864645, 0.4223132370526031, -0.5357922759205371], [-0.5351659490089927, -0.8421230364814034, 0.06652968096004536]], "T": [0.049877756425465915, -0.03758852517028846, -0.11770349682540743], "aligned_model": [[0.4199365202141522, 0.06859793596515831, -0.33462924051249465, -0.4854983070508004, -0.577289474530292, -0.25842079325210815, 0.1573474374494269, 0.7524236369254352, 0.26398059044056144, -0.3274714029511445, 0.2380519921811267, 0.041869754215109196], [0.09880990939780046, -0.7267802694495885, -0.4352979685542677, -0.37648598115324017, 0.37028247970404526, 0.2707554029159097, 0.6458005698813623, 0.2416233939052125, -0.3419926204797208, 0.03491642656635571, 0.4063390200518803, -0.014891857252814833], [-0.6502856909737813, -0.27696102043059223, 0.14473140495660414, -0.4335806271158393, 0.1695556806392156, -0.4732861014948416, -0.23559077999026953, -0.058349871871812356, 0.4733924830388632, 0.6673219477401398, 0.3291812369769741, -0.13995058407915587]], "inverted": false, "swapped": true, "error_lsq": 0.049534529294629724, "error_max": 0.2553188576751033, "target": "646.xyz", "model": "11.xyz", "model_rescale": 3.890672605050136, "target_rescale": 4.0375230120706505},
{"mapping": [4, 2, 11, 12, 10, 0, 3, 7, 5, 8, 6, 9, 6, 13], "R": [[0.5216873988458788, 0.08224134583837928, -0.8491634818573592], [0.7213094377195305, -0.5740403845453687, 0.38754397423742837], [-0.4555819936544422, -0.8146864414888085, -0.35879109396994]], "T": [-0.0761837818071713, 0.1124995283808413, -0.06119180775505889], "aligned_model": [[-0.29507772307186036, -0.3617631700407, -0.12750107665196347, 0.5302979196453533, 0.21218575763186615, -0.5749345779725726, -0.3409010868657741, 0.4189235199802944, 0.6352489737009324, -0.08900477731724087, -0.22430667858811582, 0.5111956656700828, -0.22430667858811582, -0.006378981548681259], [-0.32220828356583264, 0.21505602601338952, 0.5628257481539232, -0.10886839410348544, 0.20121488961598716, -0.17982506444370505, -0.7635985401126288, -0.5812496685818075, -0.019036353134938608, -0.23822495707283436, 0.488521815242984, 0.6131722516684759, 0.488521815242984, -0.023771143054297075], [0.4429625381899975, 0.5818406264783915, 0.25079376070917453, 0.3107064786665067, 0.7805403930351908, -0.18156005731264538, -0.1854499213193521, -0.08453665101468996, -0.34673327251818814, -0.6904922155219044, -0.47195352843231914, -0.1618527478383947, -0.47195352843231914, 0.008857481532520084]], "inverted": true, "swapped": false, "error_lsq": 0.05112033462355147, "error_max": 0.3592047883964749, "target": "646.xyz", "model": "12.xyz", "model_rescale": 4.124412569039231, "target_rescale": 4.0375230120706505},
{"mapping": [2, 10, 5, 11, 1, 4, 12, 3, 9, 8, 0, 6, 13], "R": [[0.5395059488145747, 0.6615279569728252, -0.5208781943382212], [0.4906787152708647, 0.25570384030426063, 0.8329765569533077], [0.6842278345506119, -0.7049796509098781, -0.186643945064305]], "T": [0.14314292538360612, 0.10291282993320006, -0.06115339555680225], "aligned_model": [[-0.18352963323881272, -0.024918810166237926, 0.5475156205153671, -0.7104817798122873, 0.4621333751962489, 0.19772384984060803, -0.3576466219901134, 0.12427380675502908, 0.05018656845655767, -0.31755589393420863, 0.8087460188252464, 0.6545811463291933, 0.11627066073316741], [-0.24139888466876835, 0.4672214937874921, 0.49217038027315824, -0.23498384518549076, -0.08435291921447985, -0.6911396581750635, 0.3462068413250181, -0.4556374109080744, 0.8719083726810437, 0.04335024992976966, 0.01643838778420531, 0.7037289923445018, 0.11397337653516494], [0.4013682771940724, 0.5146089248424864, 0.2811161716706156, 0.08910031880872887, 0.6008356488245374, 0.13959187369857182, 0.019968831523846063, -0.4951628990794019, -0.26662918045702766, -0.5954438347357984, -0.2545209911929144, -0.4371390201028366, -0.04599604002704061]], "inverted": true, "swapped": true, "error_lsq": 0.03414862305340148, "error_max": 0.19967154909387103, "target": "646.xyz", "model": "13.xyz", "model_rescale": 3.9028299243045295, "target_rescale": 4.0375230120706505},
{"mapping": [3, 1, 11, 7, 9, 2, 0, 4, 10, 8, 12, 14, 13, 15], "R": [[-0.11284732492688403, -0.19229314832630104, 0.9748275880193409], [0.25333802281155743, 0.9431008749581935, 0.21536152360860866], [-0.960773296597474, 0.27126386556238874, -0.0577112448780412]], "T": [-0.0661194949859292, -0.026023067052907186, -0.02018937327790329], "aligned_model": [[-0.08123279663031416, -0.4960080690274148, -0.13563892703339925, 0.6486740922266472, 0.3048933195421146, -0.7673216963104643, -0.30109356349540667, 0.32895432547313863, 0.6707949812352828, -0.5045715805962309, -0.32464867211268, 0.4565859180367374, 0.2604012249482939, 0.003888529727200704], [-0.5541247542143244, 0.30604906942184423, 0.6752591178580615, -0.2087273518920577, 0.3093942433328656, -0.2469605672141386, -0.7879960873519214, -0.5483271657379509, 0.01671850245551729, -0.2026269456643624, 0.4813796028771981, 0.6879775482936028, 0.4067265458944631, -0.0022116161905828997], [0.31082367989194026, 0.3363532831160806, 0.2016822878963479, 0.5054694778968507, 0.5720016227809831, 0.020453749583368003, -0.24690662606037359, -0.19476995286048168, -0.1225749924856201, -0.6309904851310097, -0.4201212225758206, -0.014460039585259824, -0.6022231727627546, 0.06643174651771748]], "inverted": false, "swapped": false, "error_lsq": 0.048016753116083076, "error_max": 0.34114636662126446, "target": "646.xyz", "model": "14.xyz", "model_rescale": 3.942246331269136, "target_rescale": 4.0375230120706505},
{"mapping": [8, 11, 4, 12, 13, 6, 7, 0, 1, 2, 10, 3, 5, 14], "R": [[-0.3615207769050527, -0.8771574458171498, -0.31606572593924365], [0.8871868836095764, -0.4278778139408531, 0.17268471237583471], [-0.2867091931157687, -0.21798025503409874, 0.9328893005057858]], "T": [-0.06835015178581084, 0.09705737687922637, -0.037754812894623485], "aligned_model": [[-0.24309746934896265, -0.5018240967903733, -0.07800582115771926, 0.6502716293045089, 0.17308944711334873, -0.5748694957564385, -0.44956246330095484, 0.19565240145519974, 0.7064525519073565, 0.06868916196064488, -0.5618530034576191, 0.4712212456900273, 0.21054076982658992, -0.0030277714621031043], [-0.537412755972972, 0.1610427740661281, 0.6413518966888381, 0.06589810279009511, 0.2881686525369097, -0.1310434743754173, -0.59706436419221, -0.5765348967676563, 0.030841400908885444, -0.36096801535954004, 0.6027436439519527, 0.555177853540951, 0.16269690380581514, 0.0276324202464341], [0.36937164388605326, 0.5297989137300602, 0.1797635097285736, 0.3504308302499465, 0.7146501624379578, 0.027033651965201563, -0.3600150962841191, -0.16925988364745798, -0.2656531469312544, -0.632801773387584, -0.13643029479872343, -0.16239937310425273, -0.6040505523595726, -0.0592692352628607]], "inverted": false, "swapped": false, "error_lsq": 0.04756095176204504, "error_max": 0.28400119025899107, "target": "646.xyz", "model": "15.xyz", "model_rescale": 4.355366556412066, "target_rescale": 4.0375230120706505},
{"mapping": [9, 7, 6, 2, 5, 12, 1, 11, 0, 8, 3, 13], "R": [[-0.5703862216492588, 0.7295160859006402, -0.37744647112523433], [-0.30353900819818636, -0.6142116178507389, -0.728428554491955], [-0.7632323556131146, -0.30091588344483833, 0.5717744331778647]], "T": [-0.05233005176807351, 0.053585605235940546, -0.08797772117986008], "aligned_model": [[-0.229019815049867, 0.46890405974499794, 0.20629514148231978, -0.41908861560361765, -0.3463267725184167, -0.4052258937006563, -0.4096564918512531, -0.3569833819389746, 0.39147387424770286, 0.24648158555320174, 0.5304200995179328, -0.07946523525158898], [-0.7048332345695733, -0.23732574706257284, -0.7281583605830063, 0.5972388716539695, -0.25515663340231015, -0.04369730410315043, 0.4028558664921322, 0.5790362596046257, -0.06424426400306774, 0.0027622361536274107, 0.4102094298746585, 0.05408930768564792], [0.10122301406988726, 0.048316430651414444, -0.3810710272203836, 0.007526712746678613, -0.5884088672764225, 0.33929680738653695, -0.6583994621539804, 0.6166593749887852, -0.6143336191749837, 0.5518550436986507, 0.09619712293786381, -0.06960306944462552]], "inverted": true, "swapped": true, "error_lsq": 0.054236855279909096, "error_max": 0.25945102966598255, "target": "646.xyz", "model": "16.xyz", "model_rescale": 3.795458400668931, "target_rescale": 4.0375230120706505},
{"mapping": [3, 4, 0, 11, 7, 1, 2, 8, 12, 10, 5, 9, 13], "R": [[0.27563880442794697, -0.9575418199193619, 0.08448024975725815], [-0.9346986175307321, -0.246467551470047, 0.2561098210895046], [-0.22441422388001692, -0.14955737754412662, -0.9629490365239758]], "T": [0.006211747730822281, 0.12022817738235878, -0.005222126070294018], "aligned_model": [[0.3423125080113598, -0.16628542715509476, 0.5187002446617168, -0.5857819235632413, 0.5805556787147468, -0.39375938674346256, -0.5721806904620925, 0.21330123411396065, -0.3178118190853188, -0.5565348683696618, -0.054915884253810505, 0.16144645605672564, -0.020414321021604676], [-0.2900007627917821, 0.02220685674252676, 0.5272169943356652, -0.590301439609811, -0.06855078884105228, 0.6579054747093809, -0.009958028119471163, -0.5414366191697652, -0.1640876546472281, 0.3936909622666416, 0.739824199964371, 0.17736615106364398, 0.10990591956736614], [-0.4736740018398804, -0.8017355532454535, -0.24937776818124827, -0.10580361334512756, 0.09163891139023908, -0.36015744170244657, -0.30137336188001135, 0.13820387606593784, 0.35635248347729387, 0.31258622885085213, 0.2058497932447461, 0.7789033514740411, 0.010862126527352748]], "inverted": false, "swapped": true, "error_lsq": 0.050949114411627486, "error_max": 0.2713336548951153, "target": "646.xyz", "model": "17.xyz", "model_rescale": 3.7474275329858107, "target_rescale": 4.0375230120706505},
{"mapping": [0, 1, 11, 8, 3, 2, 6, 4, 5, 9, 7, 10, 12, 13], "R": [[-0.7079761495599788, -0.6513734017618871, 0.2729147543306776], [-0.6951449742753606, 0.7109408872330185, -0.10647309331486964], [-0.12467251659421572, -0.2650957305153669, -0.9561281385194085]], "T": [-0.010562500280821742, 0.07930023071565138, -0.001865587014754807], "aligned_model": [[-0.1852344965593342, -0.46262451479116223, -0.07774642984352861, 0.5315841093487832, 0.17859794331845735, -0.633259786195275, -0.24304890072738355, 0.3710385360406737, 0.5935436866223628, -0.098293689962498, -0.5362197187377926, 0.5684300502661235, 0.130829746047361, -0.07391944884328168], [-0.5591989295012146, 0.2438165894189701, 0.784969911353301, -0.18229038802411868, 0.3461228449989848, -0.26060619082910297, -0.5930497580081651, -0.646665992432272, 0.008216496308621798, -0.19192038009828422, 0.4987070517548063, 0.4536320363346912, 0.43310520041829503, -0.002308349826298864], [0.5089679542678291, 0.49521863076481853, 0.13689061372353736, 0.39120165032914933, 0.5927882622064251, 0.021467619303622124, -0.3000171889403803, -0.13062704843588854, -0.39330236903496724, -0.6072305880536558, -0.3412793303814721, 0.031038761886098807, -0.6453461223889662, 0.021398510975817703]], "inverted": false, "swapped": false, "error_lsq": 0.04565620056992133, "error_max": 0.34881969925101436, "target": "646.xyz", "model": "18.xyz", "model_rescale": 3.922800546911778, "target_rescale": 4.0375230120706505},
{"mapping": [2, 10, 4, 7, 11, 1, 0, 3, 12, 5, 6, 13, 8, 14], "R": [[-0.0029440820515735933, 0.503337281004213, 0.8640850154540116], [0.04821760594591676, -0.8630122381723535, 0.5028766640455582], [0.9988325159193197, 0.04314462093970464, -0.021728939832658722]], "T": [-0.015041549393658734, 0.03944913735266495, -0.04459417976921517], "aligned_model": [[-0.40309893273147923, -0.40467619846815467, -0.11635096798085515, 0.6607732572529125, 0.2727767621656956, -0.6877987293860992, -0.16125771819972481, 0.2779477149532075, 0.6593624344462067, 0.0383461449037374, -0.5617267916396546, 0.4852935737017178, -0.053407581003706434, 0.057494117969701525], [-0.37688052396826555, 0.27211614970016984, 0.7056265935331708, -0.15190198498052415, 0.3497095716486808, -0.1444945065732453, -0.7508192392550247, -0.5269591010886295, -0.1480617521793919, -0.2881429868566602, 0.45871447123007203, 0.5097204288772569, 0.41819863485215214, 0.005704386928453195], [0.39038862808551983, 0.6222277971250578, 0.21962379402242446, 0.33602388884779355, 0.5282432275379323, -0.2926779087070935, -0.2738088402741675, 0.00528810153804718, -0.403248578117163, -0.7318836925943019, -0.0780545687719588, -0.0266101928610839, -0.5236218614161128, 0.009279561807073566]], "inverted": false, "swapped": false, "error_lsq": 0.05251277513598256, "error_max": 0.2818946408005527, "target": "646.xyz", "model": "19.xyz", "model_rescale": 3.9282355846067225, "target_rescale": 4.0375230120706505},
{"mapping": [2, 10, 9, 7, 12, 10, 1, 5, 6, 0, 11, 8, 4, 13], "R": [[0.24954020962551063, 0.7683605430504262, -0.5893655569027684], [-0.2931164597859025, 0.6400015127626653, 0.7102681216724285], [0.9229368476676157, -0.004487710413369095, 0.3849252338735538]], "T": [0.16850314293033203, 0.037038277371599676, -0.07010512994231413], "aligned_model": [[-0.12051202775386965, -0.6002282525515774, 0.05762346673573554, 0.4285914349617553, -0.003434810955375789, -0.6002282525515774, -0.23141664274976909, 0.4301734852047137, 0.7826127176133904, -0.4257088630537195, -0.3616503985107094, 0.5257395641746876, 0.1450636502036875, 0.03705201521613399], [-0.6182970878244107, -0.02109240745877397, 0.6646096623649659, -0.10645500515107598, 0.38112356778084044, -0.02109240745877397, -0.5563219472335382, -0.6069061464357929, -0.13041874262343953, -0.048994051019719376, 0.4645175327165244, 0.678692780839352, 0.3036757371929871, -0.050511343820931226], [0.33698454150326684, 0.3144819396180819, 0.19875297274807227, 0.47749101193476984, 0.6880749266439496, 0.3144819396180819, -0.29256547513833964, -0.13759115271714603, -0.2173180057176298, -0.5989789510119679, -0.29273010624377294, -0.268305071022687, -0.6425760026865331, -0.09903321130617768]], "inverted": false, "swapped": false, "error_lsq": 0.05979965116334224, "error_max": 0.38139606734182274, "target": "646.xyz", "model": "20.xyz", "model_rescale": 4.067790424073018, "target_rescale": 4.0375230120706505},
{"mapping": [8, 1, 9, 0, 7, 5, 4, 2, 3, 6, 13, 12, 11, 14], "R": [[-0.5978060771926559, 0.6508290385982938, 0.4680271964199827], [-0.7409282839619826, -0.2257032177056695, -0.6325214111336144], [-0.30602805769517283, -0.7248997310211447, 0.617144397907647]], "T": [-0.02142807452018449, 0.025459305608060277, -0.051202204929500804], "aligned_model": [[-0.22592301727087297, -0.5304346164999223, 0.04256604532635005, 0.5185129648337532, 0.04666201147143629, -0.5754079355241029, -0.2619254835161348, 0.3959363294048689, 0.698196577570346, -0.06521271765512374, -0.548903083520942, 0.49861805685231875, 0.10036449889289406, -0.02937254438136315], [-0.2724349632563101, 0.3757863988798978, 0.6694418405835851, -0.22601342075867123, 0.1080457705947199, -0.17449235545241135, -0.7383331769321324, -0.5745066157474292, 0.0041629144330242035, -0.3339901063166042, 0.39218759588922447, 0.5876488150573926, 0.4119591520862751, 0.10306829280765284], [0.38994257821114603, 0.4886944233433136, 0.37919429452240533, 0.3356868895614546, 0.6871792501460225, -0.011305241396879308, -0.08662161511096292, -0.1910942314616644, -0.5044480989840665, -0.6965206751346626, -0.32941791452244, -0.07375976701629372, -0.5550044396534887, -0.05135609628191559]], "inverted": true, "swapped": false, "error_lsq": 0.046403677141386615, "error_max": 0.28522778433421236, "target": "646.xyz", "model": "21.xyz", "model_rescale": 4.186013935880536, "target_rescale": 4.0375230120706505},
{"mapping": [10, 5, 1, 11, 8, 2, 12, 9, 4, 0, 7, 3, 13], "R": [[0.2620302186566355, 0.7775950429884255, 0.5715646189457363], [-0.14791347637747773, -0.5529008348619678, 0.8200135793478476], [0.9536570494767421, -0.299410447260559, -0.029859940632005477]], "T": [-0.07202319733311868, 0.008239779037472882, 0.005537164540953307], "aligned_model": [[-0.030752057710374592, -0.3668043868889015, 0.27905919174534877, 0.5765787694239443, -0.1133075759186099, 0.541565138393802, -0.04962269974939881, -0.7543530275042503, 0.6419307255991022, -0.3328226890321952, -0.4459429044315249, 0.17712577254357395, -0.06408022104729068], [-0.38735212275740927, 0.13214493219209014, 0.28474676383133235, -0.5985648731809272, -0.2934548085599389, -0.1780121128531928, -0.553914916062213, -0.40576667521313137, 0.40115170662011795, 0.6558740111266714, 0.1719526228254328, 0.31260609866939576, -0.022453967092134982], [-0.5726250439917789, -0.5688657750586291, -0.6071111082841621, 0.28217606604010453, 0.6447033028452408, -0.1618289077686622, 0.012115838404455704, -0.06685058260620212, 0.10396026857095418, -0.01567275629551264, 0.4619061678120766, 0.593741719617416, -0.002769627949954766]], "inverted": false, "swapped": true, "error_lsq": 0.048814783342570084, "error_max": 0.3964616240373686, "target": "646.xyz", "model": "22.xyz", "model_rescale": 4.166573947596378, "target_rescale": 4.0375230120706505},
{"mapping": [12, 6, 1, 3, 2, 13, 14, 9, 8, 10, 5, 0, 7, 15], "R": [[-0.12097340858839434, -0.9829272488079674, -0.13863425970987728], [-0.7174262967324359, 0.18309738793680752, -0.672141990421296], [0.6860502482845471, 0.018148555907247954, -0.7273277711920488]], "T": [0.10220560184677902, -0.06896129808132394, 0.07544339315157156], "aligned_model": [[-0.30758464610037467, -0.40586731444127916, -0.024814197765088752, 0.6030752177587122, 0.21044994021555846, -0.5781987102181483, -0.3718194593829111, 0.3860427969337224, 0.77845318395102, -0.14011241709715283, -0.4582280838759267, 0.2981455010092047, -0.001198255479608154, 0.07533353047577651], [-0.44107923163585167, 0.2295317844683351, 0.6023287060281447, -0.16671156902572332, 0.23257324146754332, -0.06643773511641908, -0.6460472926429397, -0.5803497804061969, -0.00041888054194635926, -0.23861447113398188, 0.47124328312677816, 0.6689492260331273, 0.27339661465621656, -0.005833753408872447], [0.4261306490416814, 0.5569736864576253, 0.27875291520209466, 0.3932501967329194, 0.667194458937895, -0.4283985886732459, -0.18580315596872843, -0.06008311020748966, -0.36281484683623677, -0.6126271059052707, -0.21637003277394712, -0.21412762949290642, -0.5438209684309715, 0.08291288813854833]], "inverted": false, "swapped": false, "error_lsq": 0.04682959668305335, "error_max": 0.38878215118231474, "target": "646.xyz", "model": "23.xyz", "model_rescale": 4.274766983524099, "target_rescale": 4.0375230120706505},
{"mapping": [3, 2, 11, 8, 12, 9, 7, 5, 0, 1, 13], "R": [[-0.18915389018879278, -0.2759644152981961, 0.9423717139831665], [-0.3503844805948259, 0.9154893055255022, 0.19776260320578232], [-0.9173066671428592, -0.29278485780101127, -0.26986201188329834]], "T": [-0.0057677572426292414, 0.08022214561677517, 0.08828855668539254], "aligned_model": [[0.2787194343707195, 0.006160503108714764, -0.4410496941662068, -0.3851811246258785, -0.5363592763224105, -0.5786150985416598, -0.009785737741603677, 0.10376103714927207, 0.5427206738923903, 0.43132664557911016, -0.03180265874437281], [-0.18730692073784394, 0.6872539023001025, 0.5631100843218281, -0.25444391624182644, 0.25685412886919995, -0.2545736526535179, -0.5220161355536691, 0.1806892802510277, -0.2871703088505872, 0.6330751112927236, 0.10011495824604635], [-0.5017910148920126, -0.1773464901670066, -0.5771243625601872, -0.40699065764379394, 0.02634709369535329, 0.5377026466589409, -0.022089965908253115, 0.7286766981841812, 0.3164980207696929, 0.368208088196948, 0.08747637768771434]], "inverted": false, "swapped": true, "error_lsq": 0.05327138480086194, "error_max": 0.23455098742372948, "target": "646.xyz", "model": "24.xyz", "model_rescale": 3.7841303162186577, "target_rescale": 4.0375230120706505},
{"mapping": [3, 6, 7, 13, 11, 4, 5, 12, 14, 2, 1, 10, 8, 15], "R": [[0.2658064426756861, -0.9223119783418499, -0.2805130115328701], [-0.3568779581366561, -0.3644500006802991, 0.8601245956257388], [-0.8955361846560463, -0.12851774823452572, -0.42602597380960083]], "T": [0.034434271570044375, 0.16721346063131268, -0.08498396593232951], "aligned_model": [[-0.21204871768294814, -0.4440714591230486, 0.026190006940128255, 0.4646193162813599, 0.2521778109562877, -0.6298488475275562, -0.21101589143814437, 0.35205733364442543, 0.7898344593662511, -0.1586272015219541, -0.5937443582947904, 0.6394335800285594, -0.20552337849136265, -0.005755567153702006], [-0.4052871451998399, 0.16097317446654347, 0.7226061242234134, -0.2883514140248884, 0.24596561220432475, -0.1724466889592133, -0.6687148277151072, -0.5119575374651153, -0.061009737789571056, -0.27445650473738603, 0.44653858594873963, 0.6562262123618668, 0.32818433522524404, 0.15425995332920356], [0.42539930178422036, 0.4563290458875231, 0.2530642280120292, 0.3834191399041321, 0.6470088064642692, -0.09293779019866008, -0.18655590922948787, -0.19906399140274675, -0.16612390856577575, -0.6650252896550293, -0.3685425615536684, -0.07511124154497557, -0.6007033541158019, -0.029987119564060007]], "inverted": true, "swapped": false, "error_lsq": 0.043834948397719155, "error_max": 0.3371954353495637, "target": "646.xyz", "model": "25.xyz", "model_rescale": 4.19342608120988, "target_rescale": 4.0375230120706505},
{"mapping": [9, 7, 6, 2, 5, 12, 1, 11, 0, 8, 3, 13], "R": [[-0.5703862216492588, 0.7295160859006402, -0.37744647112523433], [-0.30353900819818636, -0.6142116178507389, -0.728428554491955], [-0.7632323556131146, -0.30091588344483833, 0.5717744331778647]], "T": [-0.05233005176807351, 0.053585605235940546, -0.08797772117986008], "aligned_model": [[-0.229019815049867, 0.46890405974499794, 0.20629514148231978, -0.41908861560361765, -0.3463267725184167, -0.4052258937006563, -0.4096564918512531, -0.3569833819389746, 0.39147387424770286, 0.24648158555320174, 0.5304200995179328, -0.07946523525158898], [-0.7048332345695733, -0.23732574706257284, -0.7281583605830063, 0.5972388716539695, -0.25515663340231015, -0.04369730410315043, 0.4028558664921322, 0.5790362596046257, -0.06424426400306774, 0.0027622361536274107, 0.4102094298746585, 0.05408930768564792], [0.10122301406988726, 0.048316430651414444, -0.3810710272203836, 0.007526712746678613, -0.5884088672764225, 0.33929680738653695, -0.6583994621539804, 0.6166593749887852, -0.6143336191749837, 0.5518550436986507, 0.09619712293786381, -0.06960306944462552]], "inverted": true, "swapped": true, "error_lsq": 0.054236855279909096, "error_max": 0.25945102966598255, "target": "646.xyz", "model": "26.xyz", "model_rescale": 3.795458400668931, "target_rescale": 4.0375230120706505},
{"mapping": [5, 7, 9, 10, 11, 4, 0, 1, 3, 12, 2, 11, 13], "R": [[0.25884607131857273, -0.48224876262342725, -0.8369198541742893], [0.6381328726743232, 0.7358169850662062, -0.22662700920343623], [0.7251104386059797, -0.4754045597554274, 0.4982021240303898]], "T": [-0.01907165214890147, -0.18371492709114726, -0.008414339213965762], "aligned_model": [[-0.08333945894358231, 0.3896355406952582, 0.676372533368221, -0.11098408056367803, -0.13553926938357702, -0.7188605920554083, -0.1196115018184343, -0.6764807317177753, -0.10933528259635616, 0.22350178024155237, -0.48543049440595876, -0.13553926938357702, -0.014712790615427842], [-0.6755143702746458, -0.3439558222618463, -0.3439781058639832, -0.1151338658655581, 0.7380198381498497, 0.020611639866220943, -0.7961038947305049, -0.40159125289615094, -0.008540229559252183, 0.21877832550738505, 0.2523332231784303, 0.7380198381498497, -0.16106382014287957], [-0.4399118831340155, 0.4184015411802824, -0.37295298682161687, -0.7007412436824897, -0.056014714627207425, 0.3688696227216842, 0.3121598723629806, -0.31727688390100095, 0.671192140075816, -0.3178012716713484, -0.186074847004721, -0.056014714627207425, -0.03169796877173002]], "inverted": false, "swapped": true, "error_lsq": 0.05524603296286511, "error_max": 0.3799275224111634, "target": "646.xyz", "model": "27.xyz", "model_rescale": 3.6321398670334006, "target_rescale": 4.0375230120706505},
