[{"mapping": [11, 5, 1, 8, 4, 3, 6, 2, 0, 12, 7, 9, 13], "R": [[-0.6937318714830404, -0.1285517533232029, -0.7086681432138523], [-0.20781429569135124, 0.9778211374147882, 0.026058429176713888], [0.68960083308748, 0.1653489339015543, -0.7050605797111857]], "T": [0.0028630938427617793, 0.009128279261713446, -0.1323009425310779], "aligned_model": [[0.19700129447980658, -0.4940664528002469, -0.09695791839147298, -0.02568516881727876, -0.052549803536502245, -0.4511428446070173, -0.5646791379174486, -0.14830553210558423, 0.22475747017216752, 0.44693540471056165, 0.42928460895200304, 0.6540610736338798, 0.10769231671823008], [-0.5754064427682432, -0.2952396616970814, 0.44986624513030626, -0.7437484330585782, -0.4248301385440883, 0.1951576834407806, -0.3270501197039038, 0.3323621612133458, 0.7158104141172948, 0.23597521637939778, -0.4434724511008443, 0.11065896074808398, -0.10305595234679293], [-0.46046455818347265, -0.6148177221680922, -0.49122979952298884, 0.07492064024345413, 0.7174129675766716, 0.0478988755344493, 0.25425588825219425, 0.5488203018131805, 0.08397591848268993, -0.42634185433496863, 0.29748010963698523, 0.18766137337050823, -0.07784550694257478]], "inverted": true, "swapped": false, "error_lsq": 0.04368291045421284, "error_max": 0.28890183885207227, "target": "647.xyz", "model": "0.xyz", "model_rescale": 3.8414455957264533, "target_rescale": 4.009551591905781},
{"mapping": [0, 1, 12, 4, 2, 10, 5, 6, 8, 13, 7, 9, 14], "R": [[0.15184057440436954, -0.30374724453491064, -0.9405753831575652], [-0.7959738620300403, -0.601741060887529, 0.06582785585854839], [-0.5859778587366026, 0.738678080816942, -0.333143575641293]], "T": [0.015292022367318258, -0.10089711865870055, -0.013905313706230093], "aligned_model": [[0.35098633444866695, -0.4625771144317785, -0.18448443761734448, -0.06101786138821501, -0.03292680147515577, -0.5286579318586002, -0.5259641119033074, -0.1589432239622429, 0.18166888098132092, 0.5822787935645463, 0.5254326177217611, 0.5967628694078622, -0.056212702996415495], [-0.5851580688898762, -0.45699332454705105, 0.4716835966975065, -0.6346560928719394, -0.43428485134710004, 0.31228007970822147, -0.15296507737936527, 0.21509163653511648, 0.6715067199829668, 0.19608245018703352, -0.4566136770061043, 0.08948895795241002, -0.10843486721214168], [-0.4361825098991997, -0.6410691451056098, -0.4770794000984241, 0.05747671439776052, 0.642701335923948, 0.028336258916867432, 0.3584567544097034, 0.6787853526890822, -0.017572529260896093, -0.4203239865238974, 0.14788870727110537, 0.2880126815640455, -0.06770360052644929]], "inverted": true, "swapped": false, "error_lsq": 0.04453877678087575, "error_max": 0.2870076078402815, "target": "647.xyz", "model": "1.xyz", "model_rescale": 4.316132596720782, "target_rescale": 4.009551591905781},
{"mapping": [6, 5, 7, 10, 4, 3, 11, 0, 8, 1, 9, 12], "R": [[-0.1981082444255019, 0.8632695398090571, -0.4642400511895804], [0.8505708441448459, -0.08396913995301053, -0.5191131115915646], [-0.4871163747826283, -0.4977096394218324, -0.7176369222979121]], "T": [0.0922320318577553, -0.0019502909797870212, -0.025786806516744386], "aligned_model": [[-0.12601436377861222, 0.5030126430534672, 0.05326071219834613, -0.5230356710105238, -0.6323173422091444, -0.5512221631030995, -0.12232965636405946, -0.1603460582435779, 0.5723111531041107, 0.15374740809791593, 0.4135275783636687, 0.017214314523289337], [-0.7295896827233497, -0.37785394989675763, -0.3912526288924884, 0.34824708075454064, -0.29402270776766887, -0.14701950647890955, 0.4225173016570752, 0.6558074330074466, 0.011209278353715131, -0.05724039950458967, 0.5269827960323661, 0.044991413199600545], [0.1843706937851641, 0.09805258388266008, -0.548935821649505, -0.103565526073014, -0.33959610735324475, 0.29186750695303887, -0.5893018458617569, 0.3820230377294438, -0.6045579938986401, 0.7310155451000913, -0.06955445610217456, 0.01744084469735846]], "inverted": false, "swapped": true, "error_lsq": 0.0397897803996339, "error_max": 0.23992202323494555, "target": "647.xyz", "model": "2.xyz", "model_rescale": 3.795458400668931, "target_rescale": 4.009551591905781},
{"mapping": [2, 5, 8, 4, 0, 10, 7, 1, 6, 3, 9, 12], "R": [[-0.4146557783390451, -0.894543266461601, -0.16689197080222323], [0.9055981679001014, -0.3876870483763851, -0.1720195070833149], [0.08917703620339124, -0.22246594559486135, 0.970853418011475]], "T": [-0.037659141525512245, 0.009072036654213602, 0.0549486668399701], "aligned_model": [[-0.10668585736050573, -0.12254781253277552, -0.7781756191629282, 0.22129035635825772, 0.304257436499121, 0.21273572202626007, -0.34069285223772555, 0.5156628624442237, 0.3961645832419733, 0.6278590439383172, -0.36905262915563003, 0.032488591684977565], [-0.189501080358452, -0.5200998168637, -0.11546175456543906, 0.10226597775737789, 0.6546858552805038, 0.5983592648258915, -0.2560609765466348, -0.16136022777334758, -0.5715187796186622, 0.11943623278816294, 0.34689140400117097, 0.07813294636283775], [-0.7266966780796907, -0.140375496834219, 0.09680443653902215, 0.8505706978873433, -0.3042527181781114, 0.366854180736219, 0.5693755533629182, -0.4393979121837299, 0.36473573636808243, 0.33935670152403363, -0.3462658360043577, 0.058062765501590376]], "inverted": false, "swapped": true, "error_lsq": 0.04806097214747535, "error_max": 0.30730243742455554, "target": "647.xyz", "model": "3.xyz", "model_rescale": 3.7530521520055578, "target_rescale": 4.009551591905781},
{"mapping": [11, 0, 9, 2, 8, 1, 7, 3, 6, 5, 12], "R": [[-0.14787200998736658, 0.869778993051502, -0.47076360512322046], [-0.7222622082258602, -0.42014169465433454, -0.549379885854668], [-0.6756265027594761, 0.2587768530207043, 0.6903356930578779]], "T": [-0.10261093164917055, -0.09971128737888874, 0.03496650125735049], "aligned_model": [[-0.28457277383465485, -0.33427751496807645, 0.2433766147378219, 0.5377080671564392, 0.39077031145232244, -0.06112385188625606, -0.1472239876280096, -0.7591518898067756, -0.35857047053132435, 0.28765229484711313, -0.1763871970933945], [-0.7703144979310903, 0.08758181554671013, -0.28556809219478463, 0.3203077373549606, -0.6394031936900559, 0.6416061154732708, -0.4863960325079774, 0.2235390962080956, 0.3071239061107837, 0.14359998749168468, -0.07487348354725137], [-0.21189353359050453, -0.722662479113681, -0.44531103490242796, -0.22721857490808214, 0.21084378655312033, -0.13331382281144832, 0.5596040420560902, 0.05608049985007341, 0.6596476906266242, 0.3724197624677757, -0.02536555898222361]], "inverted": false, "swapped": true, "error_lsq": 0.04517277345034014, "error_max": 0.2251985634284952, "target": "647.xyz", "model": "4.xyz", "model_rescale": 3.7855080009869324, "target_rescale": 4.009551591905781},
{"mapping": [1, 5, 7, 2, 14, 10, 9, 15, 8, 6, 12, 13, 16], "R": [[0.3329666033282019, 0.2860610241787126, -0.8985000453611042], [-0.05629444304616013, -0.9451420475637966, -0.32177235059749465], [-0.9412567007730691, 0.15772000625393207, -0.29859709120662425]], "T": [0.05291233340663234, -0.111595569861425, -0.07092816415804759], "aligned_model": [[0.3786723250353218, -0.5381888771603713, -0.12121814006213363, -0.19693267130360456, 0.06307066654742863, -0.5297605228366413, -0.4948688670679547, -0.12397846971468376, 0.09528848745035504, 0.4821471141754974, 0.5614971473421877, 0.6115330478432129, 0.039084070242483115], [-0.699093045098091, -0.13362980242596822, 0.372678164086145, -0.7764557578228276, -0.39438617826582656, 0.32367100964955614, -0.2517490498516055, 0.3031312620940728, 0.5620553075573168, 0.23900904612404378, -0.46978913077841744, 0.18939766891469362, -0.13781201237341528], [-0.41997126097273785, -0.623392729610727, -0.6154710923959692, 0.13235511519360452, 0.5435827621882122, -0.02621103732278858, 0.3617458213117343, 0.6190206783753014, 0.12834208170179512, -0.4157628699156743, 0.20494159308600818, 0.27866246284563123, -0.026114890726354388]], "inverted": true, "swapped": false, "error_lsq": 0.04234807661858315, "error_max": 0.2451185145299317, "target": "647.xyz", "model": "5.xyz", "model_rescale": 4.2253639853439635, "target_rescale": 4.009551591905781},
{"mapping": [6, 11, 12, 5, 10, 9, 8, 1, 0, 7, 2, 4, 13], "R": [[-0.008125614941401876, 0.9936210774539047, 0.11247723690225375], [-0.7784499279053732, -0.07688691196583305, 0.6229800257732807], [0.6276541118529723, -0.08249580115193672, 0.774109009549919]], "T": [0.03024258997738169, -0.05880013267449161, 0.04292974308005598], "aligned_model": [[0.312623709704395, -0.3718316772293615, -0.2510457098513488, -0.09634165458487778, -0.03827895276052147, -0.3942580258856313, -0.6412306495381834, -0.02087714440349417, 0.22472828624735294, 0.38101221539774877, 0.4588828802075542, 0.5742352373326328, 0.08872679585483233], [-0.35092836214406276, -0.4019165174913696, 0.2404843434759746, -0.679001132829281, -0.5355358106054661, 0.37666002697467144, -0.20813453211527166, 0.2520483010588916, 0.7178234474252796, 0.2874901038139095, -0.5544470449048309, 0.04083482802015794, -0.058350168868926196], [-0.4557083710787003, -0.5281755177375493, -0.7953121427642598, 0.03465841390719593, 0.6565585934103277, 0.09556152032186244, 0.3125364962536831, 0.7058519149528917, -0.002828077082166369, -0.578709185898957, 0.18705903234894944, 0.48458140042702763, 0.02565255669773025]], "inverted": true, "swapped": false, "error_lsq": 0.04039235030852985, "error_max": 0.22693053242854158, "target": "647.xyz", "model": "6.xyz", "model_rescale": 3.89814844738969, "target_rescale": 4.009551591905781},
{"mapping": [2, 5, 1, 10, 11, 6, 9, 8, 3, 0, 4, 7, 12], "R": [[-0.8252212216004259, 0.5645175134215812, 0.018163492522530147], [0.5373736107577332, 0.7748283347735928, 0.3329724524539193], [0.17389519223226754, 0.28453651553411613, -0.94276159947582]], "T": [0.1127507495956111, -0.05508782667668047, 0.04945142986231651], "aligned_model": [[0.24215497055179167, -0.5327283934365548, -0.07953050809620077, -0.1545311078192731, 0.09093809322090424, -0.34647795016384225, -0.7229699468163975, -0.1661631245851154, 0.20843589707646315, 0.34855713831414636, 0.5785713213930259, 0.6514799996086633, 0.10860892124348645], [-0.5087429281155039, -0.14032242143276583, 0.06070354237784459, -0.7319989650051377, -0.41515829089303236, 0.42978150417965566, -0.2919147314283288, 0.21863959684114384, 0.7377512547380429, 0.30291707517677513, -0.5003554447918777, 0.186024628252479, -0.22029733808961846], [-0.47875254689119223, -0.3732403535828492, -0.7656662848432186, -0.04675346895187108, 0.7741678144183093, -0.05725650957964371, 0.2578496395691061, 0.6016897124166187, 0.17041621896615672, -0.3594962743209073, 0.06506333341768714, 0.33739284543910414, 0.016312507700735772]], "inverted": true, "swapped": false, "error_lsq": 0.045916745805212295, "error_max": 0.29360673824238903, "target": "647.xyz", "model": "7.xyz", "model_rescale": 3.7474275329858107, "target_rescale": 4.009551591905781},
{"mapping": [2, 12, 13, 0, 6, 11, 10, 7, 9, 4, 3, 8, 14], "R": [[0.4015553797226096, -0.893602395182614, -0.20056928064817614], [0.3343507394515156, -0.060845371875352744, 0.9404825483492902], [-0.8526211703001843, -0.4447163141208629, 0.2743438351971816]], "T": [-0.013874646029619735, -0.11720349577643027, -0.02738671907880666], "aligned_model": [[0.6121915998530354, -0.5203176147786807, -0.15213239426162936, -0.12477999611731619, -0.03258107348269358, -0.39655749268410767, -0.6596138355380403, -0.2044522560222086, 0.11316856825558899, 0.480562005222042, 0.48241617532301584, 0.6215628303427325, 0.006878794379359288], [-0.45751208469079063, -0.07051718693041237, 0.28506487807878145, -0.7334477615364978, -0.45481737899414876, 0.3666210533740907, -0.2278685220781217, 0.15628412304279618, 0.5676043867753514, 0.18289624458810697, -0.49675344266027366, 0.13052826421762329, -0.12105509137682835], [-0.47551685188328796, -0.37664096281870385, -0.8193316534917154, 0.17793314325000545, 0.7159873683282943, 0.04973396624996766, 0.354761826352046, 0.5665512649280419, 0.28122084043234075, -0.5543576761321397, 0.32442544024234365, -0.019737891174506864, -0.08330218052464958]], "inverted": false, "swapped": false, "error_lsq": 0.05025455147347447, "error_max": 0.31665682513724636, "target": "647.xyz", "model": "8.xyz", "model_rescale": 4.019505241142653, "target_rescale": 4.009551591905781},
{"mapping": [5, 4, 3, 8, 9, 0, 7, 1, 2, 2, 11, 6, 12], "R": [[0.40131263771476444, 0.9102238993877857, -0.10217935111221282], [-0.48968990018486724, 0.1189396803122599, -0.8637460009193401], [-0.7740490736816067, 0.3966683821916136, 0.49345944727214913]], "T": [0.10879961984313288, -0.05781544383621479, 0.12613579844335118], "aligned_model": [[0.3645803796688323, -0.4570558015346645, -0.007996807198824132, -0.18223032168997685, 0.0028871328681782937, -0.4574972229546831, -0.7626278837731265, -0.04591619758524018, 0.2093413931228774, 0.2093413931228774, 0.4074785548028317, 0.8231226678308623, 0.12291802381115367], [-0.29077740776088945, -0.2511923250928245, 0.22106944653890048, -0.6649160546943551, -0.45989352313527015, 0.22568743664730723, -0.2977892784297497, 0.3420888540454497, 0.4613167991676002, 0.4613167991676002, -0.6026265377703148, 0.06756413857476196, -0.08482086544853941], [-0.44904212655838605, -0.448327163927543, -0.67825379640013, 0.17968346704815205, 0.6687736377804228, -0.020765803541995975, 0.1772303649578567, 0.6480983167756544, -0.13912865133507404, -0.13912865133507404, 0.16108275440032838, 0.08048077248928306, 0.10102351340454144]], "inverted": false, "swapped": false, "error_lsq": 0.058579008171802796, "error_max": 0.40403243476816747, "target": "647.xyz", "model": "9.xyz", "model_rescale": 3.877068213659057, "target_rescale": 4.009551591905781},
{"mapping": [10, 2, 13, 8, 0, 4, 7, 5, 3, 6, 11, 12, 15], "R": [[0.850685724010073, 0.5253403008383298, 0.018744793425137046], [0.49233957754396485, -0.8087298770743229, 0.3218038631079201], [0.1842160127385461, -0.26452514860111853, -0.9466207827891103]], "T": [-0.0030515106547453555, -0.07635907900805566, -0.07821092802679495], "aligned_model": [[0.5141353355462227, -0.5303857441712946, -0.11503757125000807, -0.2708180046723847, 0.2577927746243371, -0.5446264220632261, -0.7562789648865043, 0.046463741441913564, 0.03916607473369065, 0.4681820883997852, 0.46067203397691936, 0.6262609930989329, 0.030818975712713637], [-0.4002224037078513, -0.20587962072600458, 0.3136280467589424, -0.7536494399003382, -0.3513897949224191, 0.3163383694107631, -0.24080939879475566, 0.30836240975889334, 0.5466033481202421, 0.24824210656525048, -0.6088627190907612, 0.060117943807911634, -0.10545136547019646], [-0.43993056046463896, -0.4596534445140209, -0.7362441034306046, 0.17654740359751386, 0.6218493549307996, 0.024628797192676494, 0.1899141620531974, 0.6004149321740054, 0.03535329432608983, -0.3081620979985216, 0.13639481214950355, 0.300649218433738, -3.513469170215999e-05]], "inverted": false, "swapped": false, "error_lsq": 0.04197230230939067, "error_max": 0.26791776843504067, "target": "647.xyz", "model": "10.xyz", "model_rescale": 4.260839863003843, "target_rescale": 4.009551591905781},
{"mapping": [2, 8, 11, 9, 10, 0, 1, 5, 7, 4, 3, 12], "R": [[-0.905597602678858, 0.42395321504871203, 0.01251612848151673], [-0.3983829468115943, -0.8401099314367945, -0.3681118454912517], [-0.14554727655306976, -0.33834741694170684, 0.9296972710172162]], "T": [0.08766904884417323, -0.0061542066634571475, -0.03297531363995425], "aligned_model": [[0.4113349625319427, 0.20802888082904605, -0.4975476159796548, -0.178334679984229, -0.5460087172562885, -0.4927762949994198, 0.3331398505192129, 0.642078388278852, 0.26720768680679585, -0.1354103367031049, -0.07142977007446433, 0.018616295125442148], [0.08174817119883748, -0.7426246111789031, -0.4307647057696737, -0.23810584417244615, 0.1911564232024706, 0.4205256897147717, 0.6321007158865154, -0.06389560447470001, -0.4160321431974018, 0.08585868752122591, 0.5893422950278678, 0.0637694317743696], [-0.7696427853098263, -0.1265171672809549, 0.11189025880838367, -0.5432273102036689, 0.22541020969696224, -0.412155024285395, -0.3675880396280247, -0.15412266714960282, 0.44297207916293796, 0.7735751091162123, 0.3620615497744624, -0.026478135305981605]], "inverted": false, "swapped": true, "error_lsq": 0.041941997509080085, "error_max": 0.23428487919647673, "target": "647.xyz", "model": "11.xyz", "model_rescale": 3.890672605050136, "target_rescale": 4.009551591905781},
{"mapping": [12, 5, 9, 7, 3, 6, 8, 0, 1, 11, 4, 2, 13], "R": [[-0.5218877867004634, -0.8437845540611331, -0.12514297591453638], [0.36184064083539713, -0.3518383044810236, 0.8632966802552571], [-0.7724664968351188, 0.4052621791233093, 0.4889356577705353]], "T": [0.018198053365720335, 0.03888515609647493, -0.04360630981528312], "aligned_model": [[0.2230558932989704, -0.4340810957196867, -0.1879616013991358, -0.16221772867351364, -0.09209343515461543, -0.3230629420544371, -0.6100994072815513, 0.0014600435914889562, 0.14176134614221286, 0.35969022742822565, 0.5329620854320316, 0.715309520480946, 0.06162240440016235], [-0.5552271941895707, -0.4201780753478781, 0.12039410705711347, -0.793834853718507, -0.48472936032367, 0.500890862525071, -0.11520078150057282, 0.11427788154005007, 0.6283581934747731, 0.36881438238355424, -0.277086045216107, 0.16352514597807538, -0.12297678085265538], [-0.4438511441361606, -0.47912519881265825, -0.7897128060220464, -0.012115023380634908, 0.7092062709484164, -0.08997444730013823, 0.27371193834760077, 0.5418254246561265, 0.44888931582262287, -0.321620634250059, 0.31169248705442026, 0.02014797635796301, -0.027347525527416962]], "inverted": true, "swapped": false, "error_lsq": 0.05603755154185805, "error_max": 0.29780923780621876, "target": "647.xyz", "model": "12.xyz", "model_rescale": 4.124412569039231, "target_rescale": 4.009551591905781},
{"mapping": [9, 6, 3, 8, 2, 0, 1, 4, 5, 7, 11, 10, 12], "R": [[-0.5823889815632941, 0.266000164831814, 0.7681581780226759], [-0.015828904550891226, 0.9410584244980138, -0.33787347848275257], [-0.8127561257439947, -0.20893289351072525, -0.5438515662153123]], "T": [-0.019125103090135022, 0.029982080789190665, -0.09421679890387497], "aligned_model": [[0.25547376447432857, -0.4109276682223881, -0.3524379367854688, -0.02350745950123429, 0.007858260761399637, -0.3975370993833876, -0.6829933452513858, -0.11184799541054, 0.23362137421407894, 0.5231286775306273, 0.5458510874260286, 0.5895166213466, 0.05014702929243895], [-0.303616969118021, -0.41390462350961293, 0.19603201697570088, -0.6810940313189416, -0.4039129301797822, 0.46864116726357824, -0.30185609154149873, 0.3229837885933157, 0.7268111652424316, 0.26265723555710957, -0.6984228873952529, -0.050999698670331384, 0.0037093399109813727], [-0.5653308061608362, -0.4057744315926164, -0.7025615608213007, 0.001948052470790898, 0.649693498901184, -0.06030573420757479, 0.24048707520380774, 0.6295433272519748, 0.061649568034541025, -0.30611485050477893, 0.28099110054729326, 0.3151813874230283, 0.002320007212523373]], "inverted": true, "swapped": false, "error_lsq": 0.04403463054901414, "error_max": 0.23726436967453443, "target": "647.xyz", "model": "13.xyz", "model_rescale": 3.9028299243045295, "target_rescale": 4.009551591905781},
{"mapping": [14, 12, 13, 1, 6, 5, 2, 3, 4, 10, 9, 7, 15], "R": [[0.5608290498845004, -0.06936755946286294, -0.8250205564104541], [-0.3005570535670281, 0.9114466445902573, -0.28094567378101487], [0.7714507335901338, 0.4055282428627235, 0.4903168464206761]], "T": [-0.13630237054736855, -0.03936164057687554, 0.054964149282516715], "aligned_model": [[0.38524337005213777, -0.5098598546506776, -0.11052856545085382, -0.2881197372212684, 0.09354558643160191, -0.28852222205646294, -0.7368601816991529, -0.03373271541242846, 0.05936588858890221, 0.4452690235753696, 0.5165382703366814, 0.723922744105068, -0.029916296107819096], [-0.34166568217376364, -0.2926777915461231, 0.10477804487703858, -0.6548196298504357, -0.4326330130033863, 0.32390157355064636, -0.1932356700172635, 0.15335497225711853, 0.5986828376936805, 0.29226128338596363, -0.4548170670552798, 0.09923886240220635, -0.07534123871072491], [-0.5928421178063811, -0.47468292442734317, -0.7268355781690398, 0.1976586003251384, 0.541704127660705, -0.27209974007771864, 0.4522082405968382, 0.6389412192274274, 0.17318618613582049, -0.27237902215908566, 0.10014536975532748, 0.3028161384460471, 0.07390613425029989]], "inverted": true, "swapped": false, "error_lsq": 0.043732250071429495, "error_max": 0.2551807790799399, "target": "647.xyz", "model": "14.xyz", "model_rescale": 3.942246331269136, "target_rescale": 4.009551591905781},
{"mapping": [8, 13, 11, 12, 1, 4, 3, 5, 9, 6, 0, 2, 14], "R": [[-0.586970555008322, 0.7095467798882178, -0.3898832321394239], [0.7970061707272018, 0.5910553847714789, -0.12423645179818141], [0.14229100946997753, -0.38366248094243005, -0.9124452692304973]], "T": [-0.008402903100987853, 0.046306111556839835, -0.030768159754839645], "aligned_model": [[0.46495196621745166, -0.5115080931437428, -0.13976832621017377, -0.32273179041506556, -0.0919057222832225, -0.5671201738135022, -0.5280936244157245, 0.051296444913446114, 0.3797643297740712, 0.31765513231635384, 0.5625078821813031, 0.5690078147187608, 0.04228947065114186], [-0.2868392721844126, -0.41232567104224893, 0.1380139984991704, -0.7022951786811071, -0.46901471000022954, 0.18631344844787562, -0.11048095734214328, 0.1287108352991988, 0.7339979739195218, 0.30559722122690697, -0.38552345352982664, 0.024551395363452855, -0.023678148166481797], [-0.5443733069956048, -0.47514626705462787, -0.7296557141872156, 0.0634110153144056, 0.589000479205688, -0.13984122676427035, 0.4402809881120056, 0.5956701911949657, 0.12597496735007552, -0.40392183764676365, 0.13746258902098898, 0.4680018412573645, 0.014862914951024653]], "inverted": false, "swapped": false, "error_lsq": 0.04956684526379694, "error_max": 0.2231234832901629, "target": "647.xyz", "model": "15.xyz", "model_rescale": 4.355366556412066, "target_rescale": 4.009551591905781},
{"mapping": [6, 5, 7, 10, 4, 3, 11, 0, 8, 1, 9, 12], "R": [[-0.1981082444255019, 0.8632695398090571, -0.4642400511895804], [0.8505708441448459, -0.08396913995301053, -0.5191131115915646], [-0.4871163747826283, -0.4977096394218324, -0.7176369222979121]], "T": [0.0922320318577553, -0.0019502909797870212, -0.025786806516744386], "aligned_model": [[-0.12601436377861222, 0.5030126430534672, 0.05326071219834613, -0.5230356710105238, -0.6323173422091444, -0.5512221631030995, -0.12232965636405946, -0.1603460582435779, 0.5723111531041107, 0.15374740809791593, 0.4135275783636687, 0.017214314523289337], [-0.7295896827233497, -0.37785394989675763, -0.3912526288924884, 0.34824708075454064, -0.29402270776766887, -0.14701950647890955, 0.4225173016570752, 0.6558074330074466, 0.011209278353715131, -0.05724039950458967, 0.5269827960323661, 0.044991413199600545], [0.1843706937851641, 0.09805258388266008, -0.548935821649505, -0.103565526073014, -0.33959610735324475, 0.29186750695303887, -0.5893018458617569, 0.3820230377294438, -0.6045579938986401, 0.7310155451000913, -0.06955445610217456, 0.01744084469735846]], "inverted": false, "swapped": true, "error_lsq": 0.0397897803996339, "error_max": 0.23992202323494555, "target": "647.xyz", "model": "16.xyz", "model_rescale": 3.795458400668931, "target_rescale": 4.009551591905781},
{"mapping": [2, 5, 1, 10, 11, 6, 9, 8, 3, 0, 4, 7, 12], "R": [[-0.8252212216004259, 0.5645175134215812, 0.018163492522530147], [0.5373736107577332, 0.7748283347735928, 0.3329724524539193], [0.17389519223226754, 0.28453651553411613, -0.94276159947582]], "T": [0.1127507495956111, -0.05508782667668047, 0.04945142986231651], "aligned_model": [[0.24215497055179167, -0.5327283934365548, -0.07953050809620077, -0.1545311078192731, 0.09093809322090424, -0.34647795016384225, -0.7229699468163975, -0.1661631245851154, 0.20843589707646315, 0.34855713831414636, 0.5785713213930259, 0.6514799996086633, 0.10860892124348645], [-0.5087429281155039, -0.14032242143276583, 0.06070354237784459, -0.7319989650051377, -0.41515829089303236, 0.42978150417965566, -0.2919147314283288, 0.21863959684114384, 0.7377512547380429, 0.30291707517677513, -0.5003554447918777, 0.186024628252479, -0.22029733808961846], [-0.47875254689119223, -0.3732403535828492, -0.7656662848432186, -0.04675346895187108, 0.7741678144183093, -0.05725650957964371, 0.2578496395691061, 0.6016897124166187, 0.17041621896615672, -0.3594962743209073, 0.06506333341768714, 0.33739284543910414, 0.016312507700735772]], "inverted": true, "swapped": false, "error_lsq": 0.045916745805212295, "error_max": 0.29360673824238903, "target": "647.xyz", "model": "17.xyz", "model_rescale": 3.7474275329858107, "target_rescale": 4.009551591905781},
{"mapping": [1, 7, 2, 11, 10, 9, 12, 5, 4, 0, 3, 8, 13], "R": [[-0.09786853507351684, -0.6340323392392099, -0.7670884842320469], [0.6007492041609214, -0.65215069683427, 0.46238497198610984], [-0.793424314942883, -0.41557485657511994, 0.4447194565565859]], "T": [-0.0017611994215446167, -0.0761917252582706, -0.018232265703899034], "aligned_model": [[0.27952282388320576, -0.5816202417249543, -0.04806479540566528, -0.1057575946048073, 0.07363532627954777, -0.49718559523273226, -0.6576430106784857, -0.1731441111598721, 0.20329192616771147, 0.6095437842619764, 0.512883426282275, 0.5841113927713375, 0.026771979651560425], [-0.4571347199458094, -0.41570331349680745, 0.1538012397267275, -0.7889940877591316, -0.36306127902551716, 0.3734629761816177, -0.16620095126206663, 0.20056661053782154, 0.6915693781985773, 0.3201831612522346, -0.5053217914043595, 0.1000843510157748, -0.016224092209385164], [-0.5224942510266665, -0.35869467852947917, -0.6881516167201472, 0.0350049732189818, 0.6050338038819895, -0.02769183039787672, 0.3295525991335628, 0.6277187059663693, 0.22202161194515285, -0.4285194298320779, 0.08936641864150956, 0.3593051521361338, -0.10072482465941618]], "inverted": false, "swapped": false, "error_lsq": 0.041615363702378505, "error_max": 0.2587721293001741, "target": "647.xyz", "model": "18.xyz", "model_rescale": 3.922800546911778, "target_rescale": 4.009551591905781},
{"mapping": [1, 5, 0, 8, 4, 3, 13, 11, 9, 2, 6, 10, 14], "R": [[0.4768008898989922, -0.49465064023426086, -0.7266234619852051], [0.6723662787352752, 0.7377013811459812, -0.06099392982084481], [0.5662018179158447, -0.45947515315971965, 0.6843230852584508]], "T": [-0.09157232023993286, -0.11225113079046849, 0.007284404791244927], "aligned_model": [[0.3669627892917604, -0.4896353255382273, -0.13780830191491802, -0.25135590487198, 0.1780444331598879, -0.37325821089662914, -0.48279640769734233, -0.048507315835758985, 0.18629506705083923, 0.4188089605546217, 0.40821995570209824, 0.5841446981267201, -0.13276912663997437], [-0.38331340876624426, -0.371716112413226, 0.1816567853808938, -0.702453502593613, -0.3810797663934336, 0.37528295280783064, -0.23973073552038726, 0.18559513102321307, 0.645453575992515, 0.33575277513553237, -0.5751189722932759, 0.08659182954554955, -0.029893070095677682], [-0.5067718360240835, -0.5900073893178882, -0.7736912711982419, 0.0301102765532347, 0.6228370914543392, -0.29621653412001386, 0.5572902325705568, 0.6527893408591955, 0.11413232622211182, -0.22060243396286805, 0.11558405448748407, 0.40030938552121703, 0.03596339071299225]], "inverted": false, "swapped": false, "error_lsq": 0.04643455406390619, "error_max": 0.30108427313061353, "target": "647.xyz", "model": "19.xyz", "model_rescale": 3.9282355846067225, "target_rescale": 4.009551591905781},
{"mapping": [11, 9, 12, 4, 3, 7, 6, 5, 2, 10, 0, 1, 13], "R": [[0.36460359262095626, 0.9061394386537113, -0.21441907089675688], [-0.9151757314326195, 0.39120052566732505, 0.09703365042282203], [0.17180687077256712, 0.16085231249175524, 0.9719099406433669]], "T": [-0.14258553503051144, -0.11736323901064115, -0.00012876196951454137], "aligned_model": [[0.2602756257862534, -0.3097775448935158, -0.2853463758674936, -0.06363614541704528, 0.11344413781796261, -0.47102033318146985, -0.6131303905790063, -0.1582271746995168, 0.2299323581376543, 0.4822608839875073, 0.5600482656148712, 0.46870223813946077, 0.012819765645435771], [-0.5406771487563864, -0.2669013322129737, 0.29646385257829855, -0.7368318422143464, -0.4112641246436295, 0.4060731447557113, -0.1473033484667548, 0.20245052850458417, 0.6013728741037158, 0.23949038185710625, -0.4857772562849723, 0.05728570078357058, -0.08735394819424698], [-0.4147025072152721, -0.6544299279146503, -0.7289365733012279, 0.0967912486801109, 0.6436306225731927, -0.07913959599096766, 0.45212689893443264, 0.6204875812448536, 0.1527274755044432, -0.47389747653961095, 0.1036683587191244, 0.39651440576222236, 0.02688612330138527]], "inverted": true, "swapped": false, "error_lsq": 0.03742026230099363, "error_max": 0.2378342623929894, "target": "647.xyz", "model": "20.xyz", "model_rescale": 4.067790424073018, "target_rescale": 4.009551591905781},
{"mapping": [6, 11, 3, 13, 1, 12, 9, 7, 0, 2, 5, 8, 14], "R": [[0.8685011838261487, -0.04836313208287327, 0.49332210689134237], [-0.45912290862404415, 0.2966601072763098, 0.8373762210186089], [-0.18684712593234104, -0.9537577198670231, 0.23544503249140972]], "T": [0.08301062126619135, -0.1106453544779091, -0.018894462092436948], "aligned_model": [[0.3889794203328647, -0.3581735302978591, -0.16041128220179707, -0.11524099331579987, -0.04533979056571047, -0.6160088759236262, -0.514040824229286, 0.03766006392578636, 0.17641510824957893, 0.5059698332743182, 0.45198342684393017, 0.46232382979613446, 0.012228924602563446], [-0.34148387607164543, -0.3278836955183375, 0.31285939119638106, -0.7810677714470402, -0.3991889125921826, 0.18216880904909968, -0.03044948257757124, 0.2532368802337307, 0.588994589085682, 0.3400498821355352, -0.51784762675358, -0.014917446020413866, -0.13744325890998121], [-0.651866478568274, -0.4386518939145066, -0.7154104518257638, 0.017896640338720404, 0.7384521482070711, -0.13134656338076456, 0.4721738559966004, 0.6308724218120629, 0.06008389382020557, -0.43326294570376056, 0.19677078558439326, 0.39598570627202795, 2.9515120024053987e-05]], "inverted": true, "swapped": false, "error_lsq": 0.04587648371329968, "error_max": 0.2969861605277118, "target": "647.xyz", "model": "21.xyz", "model_rescale": 4.186013935880536, "target_rescale": 4.009551591905781},
{"mapping": [5, 2, 8, 0, 7, 9, 1, 7, 10, 11, 6, 4, 12], "R": [[0.305621366245877, -0.5946181936882443, 0.743656361654315], [-0.3057557918178134, 0.6783725427937699, 0.6680749126807392], [-0.9017255548468537, -0.4315552072660517, 0.025517186711894468]], "T": [0.055823709528878475, -0.0797806231093557, -0.07131358422834291], "aligned_model": [[0.22140673082863924, -0.3798707905456876, -0.2349100725977706, -0.17210052199989848, -0.005069452199113929, -0.31631303708305475, -0.5556944260205532, -0.005069452199113929, 0.1284550657468778, 0.42330287337062444, 0.38273371878543844, 0.637826289292752, 0.10164838511195867], [-0.6193551926734244, -0.3919275691985775, 0.2546785816250923, -0.7464003806415408, -0.025461096047486004, 0.4171742264296849, -0.2755442453575388, -0.025461096047486004, 0.5910860169918958, 0.27567931616444785, -0.41750493099748354, 0.1731080644986019, -0.08304421293650882], [-0.6004452531462496, -0.5835965036361033, -0.6968365965966737, 0.08823917994739591, 0.657840138737807, -0.07225144298506564, 0.27917951132528385, 0.657840138737807, 0.4195652907816313, -0.4422222986386336, 0.2268893445409025, 0.28214993241317243, -0.07462480772323828]], "inverted": false, "swapped": false, "error_lsq": 0.05547707328155681, "error_max": 0.4262590477550807, "target": "647.xyz", "model": "22.xyz", "model_rescale": 4.166573947596378, "target_rescale": 4.009551591905781},
{"mapping": [5, 10, 14, 0, 4, 9, 8, 3, 11, 12, 1, 2, 15], "R": [[0.3055354552648513, 0.5861169759926254, -0.7504098720228568], [0.951902011654474, -0.20708410448275788, 0.22582899255573874], [-0.02303575013464354, -0.7833154307964543, -0.6211974646534706]], "T": [0.024297158647601277, -0.032942496957624856, -0.04467049334965301], "aligned_model": [[0.29806809703043924, -0.44603428518668153, -0.16103751064423188, -0.007638706973047957, -0.012815153009857486, -0.42472604272501413, -0.6287617217898805, -0.025578242132239346, 0.16187499858379517, 0.35548234539043755, 0.5081801085499116, 0.5408558416178127, 0.06847558177965404], [-0.6778736013382507, -0.23247538551089075, 0.3168613315839083, -0.8061306859113118, -0.34530207810126357, 0.36377503952747325, -0.26672390660648104, 0.23509942116994503, 0.7174853831257816, 0.43848193136658453, -0.5273643833045325, -0.0028653989050549666, -0.08594018528623087], [-0.4920800653312012, -0.5923165400170488, -0.7297004964271959, 0.21593627514954, 0.6193383030949454, -0.006689877815192424, 0.37118944870478726, 0.4911397590154989, 0.1553886533505648, -0.3568511072425114, 0.12709489886352013, 0.38552915147808087, -0.046251769065751666]], "inverted": false, "swapped": false, "error_lsq": 0.037164415427056854, "error_max": 0.23235519592620232, "target": "647.xyz", "model": "23.xyz", "model_rescale": 4.274766983524099, "target_rescale": 4.009551591905781},
{"mapping": [0, 1, 2, 9, 5, 8, 11, 7, 4, 6, 12], "R": [[0.018376288990173073, 0.9411891447096217, -0.33738006147921784], [0.9582719712843906, 0.0796963854725532, 0.2745237971348545], [0.2852667892581927, -0.3283465852165686, -0.9004506532414427]], "T": [-0.021509201459872222, 0.07465445970653779, 0.035383978449642126], "aligned_model": [[0.24480164252312503, 0.10333249106797926, -0.5522995280534592, -0.4011144176343859, -0.34697275668373145, -0.6226584620302408, 0.005637331248698092, -0.06346647349414977, 0.6368365972836697, 0.3199538473082463, 0.055844432422323405], [-0.13921427679357828, 0.6591399009135045, 0.4572176374563823, -0.2285012377101614, 0.5141503815071731, -0.2219594682493265, -0.6577172270882834, -0.043818354898357156, -0.1316558604926703, 0.6527798238971626, 0.055165212701638336], [-0.7035940199055939, -0.4361902552096033, -0.4411372275404801, -0.3505086865076853, 0.19754832372208714, 0.3763604710755392, 0.11695255673043985, 0.6764485193639751, 0.5178476874025248, 0.44821662997298484, -0.02237756508261083]], "inverted": true, "swapped": true, "error_lsq": 0.03896132061083675, "error_max": 0.21743718609495113, "target": "647.xyz", "model": "24.xyz", "model_rescale": 3.7841303162186577, "target_rescale": 4.009551591905781},
{"mapping": [3, 2, 1, 12, 14, 8, 9, 10, 7, 6, 13, 11, 15], "R": [[0.8807781446294913, 0.0791551192585224, 0.4668664980893361], [0.4615542107190794, 0.07681610594903102, -0.8837799479702598], [-0.10581857356116013, 0.9938982608707977, 0.031123568681708024]], "T": [-0.03580228437479635, 0.023008160452567858, -0.03250095522272021], "aligned_model": [[0.5143345012868854, -0.5829825852577978, -0.3161176933559562, -0.11955829237197038, -0.1262163683465109, -0.552570972418052, -0.4559769227832826, -0.07274181176355947, 0.26933728711891913, 0.5191314842059106, 0.4452171414861348, 0.6834458803176037, 0.02104366237277311], [-0.4247970913544941, -0.3670649252438937, 0.4642235517999515, -0.7246908756077147, -0.4246783338722779, 0.22423716371683494, -0.2586297621728406, 0.3080902342716167, 0.5704851668781735, 0.18577079033470928, -0.5181618358640312, 0.06696329450804282, 0.02528010441559992], [-0.41436724222511834, -0.3748892349112206, -0.5614514668295282, 0.06290863039129141, 0.6161137674973602, -0.23723198594885364, 0.2612235114184942, 0.6904228220736996, 0.1406011228819298, -0.46560982265179096, 0.26373433015387515, 0.23240958239227413, -0.07213738048437715]], "inverted": false, "swapped": false, "error_lsq": 0.046565648564825195, "error_max": 0.23467162075402298, "target": "647.xyz", "model": "25.xyz", "model_rescale": 4.19342608120988, "target_rescale": 4.009551591905781},
{"mapping": [6, 5, 7, 10, 4, 3, 11, 0, 8, 1, 9, 12], "R": [[-0.1981082444255019, 0.8632695398090571, -0.4642400511895804], [0.8505708441448459, -0.08396913995301053, -0.5191131115915646], [-0.4871163747826283, -0.4977096394218324, -0.7176369222979121]], "T": [0.0922320318577553, -0.0019502909797870212, -0.025786806516744386], "aligned_model": [[-0.12601436377861222, 0.5030126430534672, 0.05326071219834613, -0.5230356710105238, -0.6323173422091444, -0.5512221631030995, -0.12232965636405946, -0.1603460582435779, 0.5723111531041107, 0.15374740809791593, 0.4135275783636687, 0.017214314523289337], [-0.7295896827233497, -0.37785394989675763, -0.3912526288924884, 0.34824708075454064, -0.29402270776766887, -0.14701950647890955, 0.4225173016570752, 0.6558074330074466, 0.011209278353715131, -0.05724039950458967, 0.5269827960323661, 0.044991413199600545], [0.1843706937851641, 0.09805258388266008, -0.548935821649505, -0.103565526073014, -0.33959610735324475, 0.29186750695303887, -0.5893018458617569, 0.3820230377294438, -0.6045579938986401, 0.7310155451000913, -0.06955445610217456, 0.01744084469735846]], "inverted": false, "swapped": true, "error_lsq": 0.0397897803996339, "error_max": 0.23992202323494555, "target": "647.xyz", "model": "26.xyz", "model_rescale": 3.795458400668931, "target_rescale": 4.009551591905781},
{"mapping": [1, 0, 2, 6, 5, 3, 7, 10, 4, 9, 8, 11, 12], "R": [[0.4355715101568854, 0.608849562603063, 0.6630080464501992], [0.11084170032722016, 0.6946665224273156, -0.7107408389049492], [-0.8933037428603002, 0.3830673997311689, 0.23509102546668995]], "T": [0.1382069525837823, -0.04784233059111386, -0.039774341015141795], "aligned_model": [[0.26874025541633323, -0.5649638940841304, -0.07995546213873778, -0.015351521091670761, -0.044156922454724856, -0.4458203766745537, -0.5662412239091883, -0.03672438240849685, 0.1910445624000786, 0.2494854449817531, 0.5867280034023783, 0.6849760473705406, -0.0014152203184836232], [-0.46431106098544794, -0.19623851334844616, 0.10847936812697595, -0.8551352577853467, -0.49283510395579766, 0.39071063152679886, -0.08653423586061154, 0.20627723900905293, 0.7158169102094188, 0.23521387966941487, -0.5685631917379694, 0.2272744020683548, -0.0931275851267207], [-0.43960933699046434, -0.4578682604068226, -0.8781081654619026, 0.03693866010265086, 0.5395229199954568, -0.14775552893617272, 0.3632936454731934, 0.6024940615186252, 0.29622556012389156, -0.3428759231258105, 0.2019493893988003, 0.33026475439260283, 0.037254857673987424]], "inverted": false, "swapped": false, "error_lsq": 0.04829515109859869, "error_max": 0.297895595215038, "target": "647.xyz", "model": "27.xyz", "model_rescale": 3.6321398670334006, "target_rescale": 4.009551591905781},
{"mapping": [10, 9, 12, 11, 2, 6, 13, 1, 4, 8, 0, 3, 14], "R": [[0.5426765591679711, -0.33037151544140575, -0.772241422040129], [-0.7017925090439543, 0.3268234347844362, -0.6329879277881171], [0.46150777499344786, 0.8854609558081329, -0.05449283769400202]], "T": [0.11184688483028568, -0.04059479237949419, -0.03156627049937398], "aligned_model": [[0.2599934664781717, -0.37490964669737203, -0.05256871049498754, -0.1280181665616378, -0.003430502918566919, -0.5499623785869717, -0.6374290079259163, 0.07116098141516584, -0.0981511471806813, 0.41393753369636543, 0.5401299288323372, 0.7135417623508394, 0.07205119808435181], [-0.6637990156754513, -0.2964672047906705, 0.42960277239508443, -0.6192461919811251, -0.41534657783662315, 0.3573258691366947, -0.20725964610590558, 0.16460975454982602, 0.6784740816489534, 0.03356863453132776, -0.47417765641900006, 0.1808314016505383, -0.041088739293972276], [-0.47240719351893123, -0.41126292416158133, -0.6914082917088763, 0.110395524637686, 0.6610489812117835, -0.11860122402031287, 0.2464369578646149, 0.6036525479633134, 0.32242247694044557, -0.4442049038955662, 0.10256511453590601, 0.2143885930938333, 0.018700974815721007]], "inverted": true, "swapped": false, "error_lsq": 0.04757652527378363, "error_max": 0.32702841095909574, "target": "647.xyz", "model": "28.xyz", "model_rescale": 4.156811204709835, "target_rescale": 4.009551591905781},
