[{"mapping": [6, 9, 3, 11, 4, 14, 13, 2, 5, 1, 10, 12, 7, 15], "R": [[-0.21482783156329993, 0.8026315556252873, -0.5564454948153876], [-0.954117386288479, -0.2941598752832833, -0.05594623271825254], [-0.20858814915486468, 0.518895513266259, 0.8289984501458935]], "T": [-0.08616372761064447, 0.08120880388648596, 0.21430505964559954], "aligned_model": [[0.07869829849160193, 0.24737698506122338, -0.42326200773425093, -0.38087321160895893, -0.7500998803821871, -0.13059348365620196, -0.6275368218801796, 0.042209541632161174, -0.33664918152438306, 0.2859951460012563, 0.6454879793258467, 0.02942045158385946, 0.7137003673117337, -0.022382081493217493], [-0.6161159126371404, -0.3329332778942613, -0.3503334954385182, -0.37851519622758734, 0.3096436660095051, 0.19825896920489466, 0.205668166226997, 0.427495734654487, 0.7777130172211139, -0.12040109351178346, 0.38897587916019927, 0.7201244863980851, -0.1321239882994288, 0.13781637694347257], [0.23879739623334123, -0.30409830947379535, 0.3535319357597355, -0.19767314232799083, 0.37592909833445526, -0.633076555195437, -0.18273264275797219, 0.6864338280674874, 0.2817506004664655, 0.8293482727880603, 0.43781159792993196, -0.15711368304951467, 0.015579714010859114, 0.15309997639420703]], "inverted": true, "swapped": true, "error_lsq": 0.04031399876357115, "error_max": 0.23476361990352204, "target": "648.xyz", "model": "0.xyz", "model_rescale": 3.8414455957264533, "target_rescale": 4.259657332794157},
{"mapping": [11, 0, 7, 1, 6, 10, 8, 9, 12, 14, 2, 4, 5, 13, 15], "R": [[0.8687202045613017, -0.03475649648706866, 0.49408217144409805], [0.23541878745146982, 0.9066280559749282, -0.3501479153643535], [-0.4357788437979181, 0.42049679436479315, 0.7957884425066017]], "T": [-0.11424121574569995, 0.059052123299921905, -0.09928240910845992], "aligned_model": [[-0.5608809989942097, -0.4747315004121964, 0.13851716390610486, -0.2320822244886892, -0.6288326102625319, 0.4573084223904991, 0.6744435512062934, -0.19242090354451258, 0.5611619421794876, 0.1413194681128787, 0.14233270531218406, -0.27988446714565174, 0.3384078028256054, -0.19037153756492295, -0.02224266001579349], [0.15316003514637344, 0.1868412110896849, -0.7129781523928759, -0.4411684635440797, -0.4168527228673419, -0.4630272302614026, -0.22247620365012818, -0.359193135227555, 0.3083393571758975, 0.26407205359425223, 0.048586937316367956, 0.7245465033258227, 0.5971793652670733, 0.6418523841878782, 0.03816258888304738], [0.41020996579861796, -0.6791437059183982, 0.15540891091438297, -0.6408724691404915, 0.05155325166364086, -0.38345511235919844, 0.052324156684052714, 0.5093751006296954, 0.10372321533504741, 0.6921630474087794, -0.6409097824600005, -0.32017961255823485, -0.33998538007296786, 0.24822575944548436, -0.053255558030875116]], "inverted": false, "swapped": true, "error_lsq": 0.047675051731255635, "error_max": 0.3160349629983769, "target": "648.xyz", "model": "1.xyz", "model_rescale": 4.316132596720782, "target_rescale": 4.259657332794157},
{"mapping": [6, 1, 7, 13, 9, 3, 12, 4, 10, 0, 2, 15], "R": [[-0.5998018209605948, 0.7237823219238498, 0.34114062502562736], [-0.7010516408005977, -0.6808761003772442, 0.21197719892919353], [0.38569984768359034, -0.11201288499810098, 0.9157995092220009]], "T": [-0.10757849212423376, 0.06577608742709971, -0.04447464669571739], "aligned_model": [[-0.23995902748187806, 0.49919974360588515, 0.08002489785784558, -0.6577906777284886, -0.4812395320127266, -0.32062228261761994, -0.12106475836043526, -0.24843422010911193, 0.5526932944511761, 0.19119318520634843, 0.4469129356961189, -0.10310500387533277], [-0.6175297705711889, -0.317574859418679, -0.5218909891376629, 0.46310100386506636, -0.44441136560960903, -0.13533956189145213, 0.5657763473210486, 0.5977079034121757, -0.05332947094611237, 0.1109254064284881, 0.2818905373528384, 0.0834512469360677], [0.12759981614077398, 0.16116862736475696, -0.6311922864122496, 0.030447705064199318, -0.43382193904414845, 0.4386536680746897, -0.6006604924285436, 0.4206320487076129, -0.5238961724521072, 0.58100072744299, 0.027175263670025304, -0.14784850491857826]], "inverted": true, "swapped": true, "error_lsq": 0.04655005703202055, "error_max": 0.24565902519283533, "target": "648.xyz", "model": "2.xyz", "model_rescale": 3.795458400668931, "target_rescale": 4.259657332794157},
{"mapping": [1, 6, 7, 14, 2, 12, 9, 3, 11, 13, 10, 15], "R": [[0.08428903315486003, -0.7940412003761337, 0.6019916369809868], [-0.9905214015946683, -0.132525747161861, -0.03611480751886814], [0.10845603658973207, -0.5932415178023362, -0.7976852698168793]], "T": [0.18853594877747493, 0.07131347441024342, -0.03778555859299131], "aligned_model": [[-0.16142843489138936, -0.056355850707990374, -0.642942066937426, 0.18767832473236123, 0.13555323067188857, 0.12460188906132627, -0.2272840071094614, 0.4805102788484594, 0.3968832871735187, 0.7120127357450703, -0.48380462533505975, 0.12787906449226744], [-0.014038577694783158, -0.5928021625574671, -0.05929540392167977, 0.0896762690503138, 0.4799659266416133, 0.6758797280494377, -0.3508022028713739, -0.3818466517486263, -0.46375077719102603, 0.08270427853261327, 0.49148045840226223, 0.1285981605984252], [-0.6917480111346911, -0.15188880024967621, 0.09016303987205398, 0.8185977772140186, -0.4730968420624287, 0.3980319665633872, 0.40989428605601264, -0.2070339566379452, 0.33399866428701147, 0.40045661223338336, -0.2645184929156008, 0.025915187413575548]], "inverted": true, "swapped": true, "error_lsq": 0.04333808197744892, "error_max": 0.2580770914712154, "target": "648.xyz", "model": "3.xyz", "model_rescale": 3.7530521520055578, "target_rescale": 4.259657332794157},
{"mapping": [5, 8, 14, 9, 13, 1, 4, 2, 0, 3, 15], "R": [[0.8415327658113337, -0.30665249778168285, -0.4447323348601741], [0.37080531026199054, 0.9265887292438867, 0.06274351535982303], [0.3928435133070622, -0.21770983542884403, 0.8934631506727683]], "T": [-0.014075439855958709, 0.03946612301724735, -0.001596204565126139], "aligned_model": [[-0.4956442099759699, -0.27560722072522587, 0.5093806770162218, 0.5755461833910661, 0.276714595079412, -0.37476539292849853, -0.16573750816141308, -0.6073651241731259, -0.32823429867845366, 0.24532148434622414, -0.021409582745032046], [-0.5261091698611589, -0.0008870153409102008, -0.44817044240341236, 0.27404545806629615, -0.5603637677380054, 0.6807270132673283, -0.44850899673439387, 0.11715681053423053, 0.20063893579623715, 0.16261345918980996, 0.016061073538324706], [-0.026618005509187644, -0.8104467241970359, -0.4726955776996893, -0.3873733435886533, 0.14625221423572576, 0.12534535820225426, 0.5063358092054374, 0.03406071908724983, 0.5966094086477817, 0.4850207894964816, -0.10365987063504788]], "inverted": true, "swapped": true, "error_lsq": 0.04710810036899673, "error_max": 0.26672314040667233, "target": "648.xyz", "model": "4.xyz", "model_rescale": 3.7855080009869324, "target_rescale": 4.259657332794157},
{"mapping": [0, 1, 4, 3, 5, 7, 2, 12, 13, 14, 11, 9, 8, 10, 15, 16], "R": [[0.6230413731712834, -0.5557896497546431, -0.5503792442874761], [-0.3593082758470797, -0.8283699670427733, 0.4297682638461733], [-0.6947783892901686, -0.07000759192520649, -0.715808582547173]], "T": [0.09041979591251328, -0.017783056070483857, 0.10583048000347428], "aligned_model": [[-0.09461657190232495, 0.053177582276423815, 0.5041780882908588, -0.4547175308798811, 0.03638488451550606, 0.5966237524816751, -0.5925427432983981, -0.013087920676139786, 0.4163912277777294, -0.40602989770785525, 0.5206119515648027, -0.5211006304983944, 0.46139211437174277, 0.04170978246712134, -0.08057905962007808, 0.042572526288898134], [-0.2548580865704147, -0.6780008027408235, -0.21289236290960223, 0.21566813521601388, 0.3628388022397718, 0.39038921467826543, -0.2581496772892403, -0.6118295352346438, -0.2048818151464538, -0.16466267913776572, -0.6557417937331953, 0.33017522962979956, 0.41441704668475204, 0.7079334562367005, 0.44400047315920876, -0.021392318905575913], [-0.6139131242194894, -0.2627200368790735, -0.475321150587254, -0.25575276300399363, -0.6064268288014748, -0.26635552674777985, -0.04104274770380728, 0.4212035863543825, 0.7251884692434383, 0.5413318882270582, 0.3067772056682041, 0.21483423564420562, 0.5192219217133478, 0.06193113571302952, 0.766764266569549, 0.13000410627545625]], "inverted": true, "swapped": false, "error_lsq": 0.03525912102678485, "error_max": 0.2054506421401287, "target": "648.xyz", "model": "5.xyz", "model_rescale": 4.2253639853439635, "target_rescale": 4.259657332794157},
{"mapping": [8, 7, 11, 14, 9, 3, 13, 12, 1, 2, 6, 4, 5, 15], "R": [[0.9459140162953532, 0.23584701685330461, 0.22276188726393853], [0.3206578410514365, -0.5754635405394342, -0.7523431813222281], [-0.04924655062261996, 0.7830823061155299, -0.6199652241058022]], "T": [-0.010788544547216915, 0.06777648428635366, 0.07546471942853336], "aligned_model": [[0.5961266535233104, -0.08870106596523405, -0.45873754877097916, 0.19129875114803888, -0.31557561596479444, -0.49733153402207436, 0.08065881007596581, 0.6748252187410254, -0.22543250333016862, 0.2959653323779653, -0.677160933881321, 0.10480107542711908, 0.6328821686079789, 0.0604433447909516], [-0.0870927626573548, -0.05928376840312924, -0.41627074980142953, -0.7643502363234791, -0.44678580508333077, 0.12688362069628192, -0.37390128979829906, -0.22623727508062183, 0.6988302535923824, 0.5819432908149008, 0.04454011409693001, 0.17480714959733687, 0.1722773163258819, 0.01973928865892058], [-0.5006740398915759, -0.7627300937015962, 0.25702969382540386, 0.054106082776317704, -0.36480294402293334, 0.3565881717049184, 0.5880776556827145, 0.020560155345193815, -0.26087743251240036, 0.04657765131869171, -0.18806712363867226, 0.7785290888212753, 0.432084365439809, 0.015156977784302514]], "inverted": false, "swapped": true, "error_lsq": 0.045533313080201185, "error_max": 0.33412362959935415, "target": "648.xyz", "model": "6.xyz", "model_rescale": 3.89814844738969, "target_rescale": 4.259657332794157},
{"mapping": [13, 4, 5, 11, 12, 0, 3, 14, 9, 1, 2, 7, 15], "R": [[-0.8073823159138779, -0.40762396908353693, -0.42658703189164926], [-0.5899703886046309, 0.5475695767293645, 0.593382253871925], [-0.008290749015862853, 0.7307600553321237, -0.6825840644285125]], "T": [-0.11100568988753472, 0.12478676681633763, 0.009724774302102519], "aligned_model": [[0.11500094322345893, -0.021851867192681687, 0.4779644147747825, -0.3924462868136062, 0.6300601390119442, -0.4745145820207982, -0.5889181080889736, 0.3284679970724892, -0.25600351350599854, -0.5081833099964079, 0.028962754676601546, -0.160264638719273, -0.029642141517315146], [-0.3141055524838283, 0.1975871876545611, 0.38305206014615134, -0.48466055908411565, 0.053650140389698786, 0.5761245574050537, 0.011313389372516247, -0.6044379978690082, -0.41524424897032564, 0.6913052734821803, 0.7072351200951821, 0.056281758842814916, 0.10568013648960502], [-0.4619832191135685, -0.7015190135069787, -0.3628651301064893, -0.12177055829762483, 0.08242863859220899, -0.37326073973428825, -0.2695092543223671, 0.10366340657499946, 0.49844479349511844, 0.2903199482794487, -0.011784733768413113, 0.8568763743171299, 0.07323451842711988]], "inverted": true, "swapped": true, "error_lsq": 0.04362531927075329, "error_max": 0.3044622239140367, "target": "648.xyz", "model": "7.xyz", "model_rescale": 3.7474275329858107, "target_rescale": 4.259657332794157},
{"mapping": [5, 12, 14, 13, 9, 3, 4, 0, 11, 6, 2, 1, 10, 7, 15], "R": [[0.36492939801394486, 0.23894389293935253, -0.8998512935436428], [-0.7365752200729812, 0.6652495812192761, -0.12206530982231334], [0.5694589358677405, 0.7073533846067078, 0.4187692797302777]], "T": [-0.047277065157733195, -0.06886764898789899, 0.02808761787614816], "aligned_model": [[-0.5045897856672125, 0.04779033458344564, 0.4739129194581364, -0.1483789244326559, 0.6719118021729471, -0.1926226665906682, -0.6519284485738465, -0.624374094410581, 0.22858391050849639, 0.2935733211261695, -0.4255179976758757, -0.17388057559919623, 0.13270394523276657, 0.6611895719932013, 0.013780410213619823], [0.12550165812438424, 0.19964725838877334, -0.3794410465089465, -0.5742883272279021, -0.2343153325725745, -0.4915142589152111, -0.3918663228080735, -0.0979833122900131, -0.6929605716431184, -0.2921833001782361, 0.3944125672307546, 0.3549711072416318, 0.7343112624059588, 0.35045931809005026, -0.015632737357884327], [-0.5246289739725039, -0.6635674755681907, -0.5765904041176074, -0.4197318203594578, 0.11115121477494944, 0.3737646765053764, -0.1936883779298133, 0.41361805352707104, 0.07640553522542785, 0.6179963028269386, 0.06815190217751058, 0.6295518244847582, 0.07809199500910603, 0.24494040732266587, -0.038670204209969986]], "inverted": true, "swapped": true, "error_lsq": 0.03999443717556601, "error_max": 0.28954818957804396, "target": "648.xyz", "model": "8.xyz", "model_rescale": 4.019505241142653, "target_rescale": 4.259657332794157},
{"mapping": [13, 9, 12, 5, 4, 2, 10, 11, 3, 6, 7, 1, 15], "R": [[0.5743816216207497, -0.20414661839446124, -0.7927230985296344], [0.27380396112524846, -0.8647121387007327, 0.42107518100183566], [-0.7714383602183922, -0.45890856974097954, -0.4407786076953453]], "T": [0.049933624478166204, -0.11617457054528588, 0.02303838915880478], "aligned_model": [[-0.16210461964221207, -0.6428104741230103, -0.012338476769667185, 0.4570085737383957, 0.3961250018920381, 0.6006494272686747, 0.27123078694576397, -0.4724060803180078, 0.03328034322703168, -0.26315882118207023, -0.34322886526961094, 0.4462595272440264, 0.011194448729824294], [-0.7090450816990452, 0.11922991409317021, -0.04084273324897736, -0.33167727493833116, -0.7393084443638278, 0.09509108168162586, 0.6504896531680886, -0.48566722418331165, -0.4402603759374397, 0.029188219345127914, 0.6357879642132133, 0.3414739224651059, -0.061081392481340174], [-0.24107945809448456, 0.15029979922106512, -0.7185626720326497, -0.5602784654544877, -0.08170766841149489, -0.08363324434476709, -0.18491232496168375, 0.2650348495498724, 0.48557399705120874, 0.6514362744692093, 0.09203705972848518, 0.45997152776443356, -0.05747618044082797]], "inverted": false, "swapped": true, "error_lsq": 0.04830210083850617, "error_max": 0.37839758490732456, "target": "648.xyz", "model": "9.xyz", "model_rescale": 3.877068213659057, "target_rescale": 4.259657332794157},
{"mapping": [13, 3, 6, 2, 14, 10, 4, 5, 0, 7, 12, 2, 11, 9, 8, 15], "R": [[-0.7660148535076395, -0.6300790123256416, 0.12736436877091675], [0.6047329004995711, -0.7735283352923027, -0.18961021479154372], [0.21798936501363073, -0.06822281675996295, 0.9735637031105315]], "T": [0.043624327402641036, -0.065517474062761, 0.06372470081570641], "aligned_model": [[-0.19629588153416072, -0.012230620528109394, 0.4274179795806706, -0.48707758934867956, 0.0857893455543094, 0.5723957651337389, -0.5455854365996112, 0.08992084518662723, 0.41352193271292775, -0.640740704476476, 0.6728394250751335, -0.48707758934867956, 0.6109229659606602, -0.0055285605930592285, -0.07720250735326735, 0.08929818602966141], [-0.06403495551176312, -0.6633775523732427, -0.28072815270717427, 0.2902907754047099, 0.47694843934216635, 0.3389270959089457, -0.39849107427350794, -0.7386996533136319, -0.20250911197799198, 0.022154273502597036, -0.43670320472164575, 0.2902907754047099, 0.23884994344493493, 0.592547717058086, 0.42025620845198164, -0.08270823746237714], [-0.6711729733173248, -0.1417135971777861, -0.36835326838673826, -0.11547162480754275, -0.4961631367701917, -0.1812980244978189, 0.05657520348547107, 0.4582849981374914, 0.7552267531342864, 0.4998952376894618, 0.22026456771789799, -0.11547162480754275, 0.42454045173799937, 0.05032687500632535, 0.6508769308097961, 0.1393778695120142]], "inverted": true, "swapped": false, "error_lsq": 0.04583316968757488, "error_max": 0.3061808146715748, "target": "648.xyz", "model": "10.xyz", "model_rescale": 4.260839863003843, "target_rescale": 4.259657332794157},
{"mapping": [0, 1, 10, 2, 12, 5, 4, 3, 9, 14, 13, 15], "R": [[0.9141840566977945, -0.005657692832495877, 0.40525979444225263], [-0.09984023965358271, -0.9722333813676878, 0.21164635291038494], [0.39280967022908037, -0.23394495648798488, -0.8893651220440095]], "T": [0.08338089377311464, -0.05325686054687436, 0.004241282645101464], "aligned_model": [[0.3878305916143242, 0.19230845531878007, -0.47172245423808157, -0.21348133767971667, -0.5894846549198669, -0.4223531819671953, 0.1854647154981592, 0.6324235159496303, 0.23729024839896184, -0.12284025065692811, 0.14655729462485612, -0.0030942928487927013], [-0.023698388340981973, -0.6435538198174046, -0.6498653205781747, -0.18338899895510213, 0.19591062418622454, 0.4028440922278163, 0.5633661461963064, 0.03993882198320129, -0.3388734113956619, 0.29010218982568214, 0.5896933530744449, -0.06939678287341665], [-0.6194245718318165, -0.4397308090242996, -0.1218879526150215, -0.4999792551541081, 0.21564694055998052, -0.2934413475250065, -0.3541872206429953, -0.09123066817185396, 0.6722534236018249, 0.761412166733467, 0.22523373134596644, 0.061513640119367635]], "inverted": true, "swapped": true, "error_lsq": 0.045753638306386124, "error_max": 0.26087937950386747, "target": "648.xyz", "model": "11.xyz", "model_rescale": 3.890672605050136, "target_rescale": 4.259657332794157},
{"mapping": [9, 14, 12, 7, 8, 0, 11, 1, 6, 4, 5, 13, 2, 15], "R": [[-0.4256323702562437, 0.5135302596384674, -0.7450662774718102], [-0.6960817641752293, -0.7119100181874478, -0.09302850953900288], [-0.5781931018031541, 0.47903110383355707, 0.6604709975367968]], "T": [0.018093869088587983, -0.05395786814404236, 0.14837272841493557], "aligned_model": [[0.3374979223251805, 0.2343903399601143, 0.4112703558284232, 0.7413763325910275, 0.8194676043233676, -0.44540917270782665, -0.280814928494987, 0.13859533873494234, -0.043871476436721644, -0.5661623961484711, -0.022929126016200604, -0.3378795542496791, 0.11482857223999732, 0.10951602284452666], [-0.3851217316149148, 0.3206889891667358, 0.5766412237034019, -0.4775729047134788, 0.23164324258393915, -0.22095674412568633, -0.2247324785070522, -0.5541935456676145, -0.735137019067886, 0.3438014510153161, 0.6304854330519623, 0.3754143827206767, 0.060567785645323495, -0.00937556436295757], [-0.4345652359798786, -0.5909417612236877, 0.06303885530086692, -0.0006171784499205968, 0.17070103591044813, 0.6380652089591169, -0.44274099864892913, 0.6893631116152504, -0.06656070960116575, 0.2881875045491622, 0.4351905523248647, -0.24550071479656663, 0.7287400090904608, 0.12243075630683944]], "inverted": true, "swapped": true, "error_lsq": 0.04702275112637338, "error_max": 0.2693378565576432, "target": "648.xyz", "model": "12.xyz", "model_rescale": 4.124412569039231, "target_rescale": 4.259657332794157},
{"mapping": [7, 14, 12, 6, 8, 10, 11, 1, 13, 3, 2, 4, 15], "R": [[0.972971366539784, 0.10523955636267995, -0.20555134558132176], [-0.10193216689217843, 0.9944344709094072, 0.026644256788148468], [0.2072113733518765, -0.004971804874894593, 0.9782835621178123]], "T": [0.10421063236883268, 0.12887134688682594, -0.11580267736838037], "aligned_model": [[-0.15318741233300961, -0.05540043661725863, 0.5925548184743282, -0.5472200138395164, 0.49387436716575683, 0.47459363981961933, -0.46582350725654387, 0.11295525842416879, 0.09010997884037349, -0.26385141495453646, 0.5842108754711751, 0.3654794194070743, 0.13900273490812637], [-0.4460246884130537, 0.6616676081302695, 0.3692664669743681, -0.15478580404994208, -0.12893836593188762, -0.5247455328542836, 0.5061707742398327, -0.5545018802007404, 0.8113789971950822, 0.2375280682703477, -0.1704534589932673, 0.6180376203834641, 0.12288557175828749], [0.4569328713324394, 0.5356440175008647, 0.39728111344907147, -0.21181234552648542, 0.5955078996999341, 0.22418462805737963, -0.09066113959759987, -0.41638793313569167, -0.10171807429062069, -0.5304979580502562, -0.3140558888301712, -0.5757711641860264, -0.016947945454999017]], "inverted": false, "swapped": true, "error_lsq": 0.05031846492405629, "error_max": 0.27568818081228474, "target": "648.xyz", "model": "13.xyz", "model_rescale": 3.9028299243045295, "target_rescale": 4.259657332794157},
{"mapping": [13, 5, 12, 10, 14, 11, 4, 0, 2, 3, 8, 7, 1, 9, 6, 15], "R": [[-0.3814293516033458, -0.6632425050955395, 0.6439107307461529], [0.6656232424360295, -0.6804186152902849, -0.3065553899304305], [0.6414494125528514, 0.3116727248269324, 0.7010012580121074]], "T": [0.06104748408075647, -0.05955519464807581, 0.122440534137477], "aligned_model": [[0.1398360555553865, 0.004752125317489489, 0.6232235028228768, -0.48698452895832145, 0.05951703382405696, 0.49256883339046187, -0.532996246314294, -0.1620889925257682, 0.48582441664380016, -0.2844657383551117, 0.39926353135507675, -0.6946899500425663, 0.5447064046563176, -0.12789124949578176, 0.04367851597223266, 0.006113841605830714], [-0.21622907842149774, -0.45727159458130856, -0.17137094894620147, 0.06007663592293662, 0.4570560286883546, 0.4805181898335821, -0.38586057856800504, -0.710280431806503, -0.31635842418376203, -0.08099986184203103, -0.7539014159117119, 0.4396133198160904, 0.3024661894263307, 0.6890042752407024, 0.4263989057341191, 0.040152075775701596], [-0.653379681468931, -0.19497769385363362, -0.2721423468937284, -0.36817310188127333, -0.5960030297057808, -0.1382638056852133, 0.1220989409456021, 0.5850237026352763, 0.6662846555713282, 0.6409481855844675, 0.12181608184282487, 0.14032015017094734, 0.36163359792349115, 0.05311282353062312, 0.5784615791757667, 0.11896457957403184]], "inverted": true, "swapped": false, "error_lsq": 0.038528760979374216, "error_max": 0.2503077408905574, "target": "648.xyz", "model": "14.xyz", "model_rescale": 3.942246331269136, "target_rescale": 4.259657332794157},
{"mapping": [14, 8, 9, 10, 2, 7, 3, 11, 13, 6, 1, 4, 12, 5, 15], "R": [[0.025963704488678685, -0.8442084367938771, -0.5353858433833144], [-0.9241530820378738, 0.1839241250371274, -0.3348327898955327], [0.3811390389465811, 0.5034719768521039, -0.7754024771146345]], "T": [-0.007873776754342712, 0.08215569396327653, 0.04525534499266013], "aligned_model": [[-0.8065507302079501, -0.13471652455274702, -0.23436823294783277, 0.3942930355357218, 0.3727168552632078, 0.17802870272749832, 0.09519632909079645, -0.37041626349924833, -0.6002852435545938, 0.254152641751557, 0.7323435753620029, -0.17815837428322417, -0.454879806285125, -0.22110186616661082, -0.05196006170124207], [0.015751178939037366, -0.6728590981514866, 0.2605858353367284, -0.5702928581869541, -0.284308217031711, -0.16107772854132357, 0.6254204951125026, 0.6325607370838354, 0.26930257532073304, 0.584312473163731, 0.04809237940922256, 0.2406233716336046, -0.5162075087677207, -0.3746916383340029, 0.0009326928954543762], [-0.25712836819374385, -0.32640309000870626, -0.6391188728068954, -0.25898585443795336, 0.32837171931091846, -0.7491393830013539, 0.1613933607965715, -0.13789243400862888, 0.32851952558180153, -0.3943147263097635, -0.046095047437145174, 0.7271696959565747, 0.08614448102141445, 0.5913636489492401, -0.004522175051813841]], "inverted": false, "swapped": true, "error_lsq": 0.04280006749238438, "error_max": 0.28451009249148834, "target": "648.xyz", "model": "15.xyz", "model_rescale": 4.355366556412066, "target_rescale": 4.259657332794157},
{"mapping": [6, 1, 7, 13, 9, 3, 12, 4, 10, 0, 2, 15], "R": [[-0.5998018209605948, 0.7237823219238498, 0.34114062502562736], [-0.7010516408005977, -0.6808761003772442, 0.21197719892919353], [0.38569984768359034, -0.11201288499810098, 0.9157995092220009]], "T": [-0.10757849212423376, 0.06577608742709971, -0.04447464669571739], "aligned_model": [[-0.23995902748187806, 0.49919974360588515, 0.08002489785784558, -0.6577906777284886, -0.4812395320127266, -0.32062228261761994, -0.12106475836043526, -0.24843422010911193, 0.5526932944511761, 0.19119318520634843, 0.4469129356961189, -0.10310500387533277], [-0.6175297705711889, -0.317574859418679, -0.5218909891376629, 0.46310100386506636, -0.44441136560960903, -0.13533956189145213, 0.5657763473210486, 0.5977079034121757, -0.05332947094611237, 0.1109254064284881, 0.2818905373528384, 0.0834512469360677], [0.12759981614077398, 0.16116862736475696, -0.6311922864122496, 0.030447705064199318, -0.43382193904414845, 0.4386536680746897, -0.6006604924285436, 0.4206320487076129, -0.5238961724521072, 0.58100072744299, 0.027175263670025304, -0.14784850491857826]], "inverted": true, "swapped": true, "error_lsq": 0.04655005703202055, "error_max": 0.24565902519283533, "target": "648.xyz", "model": "16.xyz", "model_rescale": 3.795458400668931, "target_rescale": 4.259657332794157},
{"mapping": [13, 4, 5, 11, 12, 0, 3, 14, 9, 1, 2, 7, 15], "R": [[-0.8073823159138779, -0.40762396908353693, -0.42658703189164926], [-0.5899703886046309, 0.5475695767293645, 0.593382253871925], [-0.008290749015862853, 0.7307600553321237, -0.6825840644285125]], "T": [-0.11100568988753472, 0.12478676681633763, 0.009724774302102519], "aligned_model": [[0.11500094322345893, -0.021851867192681687, 0.4779644147747825, -0.3924462868136062, 0.6300601390119442, -0.4745145820207982, -0.5889181080889736, 0.3284679970724892, -0.25600351350599854, -0.5081833099964079, 0.028962754676601546, -0.160264638719273, -0.029642141517315146], [-0.3141055524838283, 0.1975871876545611, 0.38305206014615134, -0.48466055908411565, 0.053650140389698786, 0.5761245574050537, 0.011313389372516247, -0.6044379978690082, -0.41524424897032564, 0.6913052734821803, 0.7072351200951821, 0.056281758842814916, 0.10568013648960502], [-0.4619832191135685, -0.7015190135069787, -0.3628651301064893, -0.12177055829762483, 0.08242863859220899, -0.37326073973428825, -0.2695092543223671, 0.10366340657499946, 0.49844479349511844, 0.2903199482794487, -0.011784733768413113, 0.8568763743171299, 0.07323451842711988]], "inverted": true, "swapped": true, "error_lsq": 0.04362531927075329, "error_max": 0.3044622239140367, "target": "648.xyz", "model": "17.xyz", "model_rescale": 3.7474275329858107, "target_rescale": 4.259657332794157},
{"mapping": [0, 1, 2, 6, 13, 14, 5, 10, 11, 12, 9, 7, 8, 15], "R": [[-0.6603715629537186, -0.17054184476039816, 0.731317221202799], [-0.5074672156137704, 0.8191945550874492, -0.26720274323495197], [-0.5535218368946888, -0.5475726071497704, -0.6275171838124699]], "T": [0.10240390659242452, -0.16049622364072208, -0.06888127901378405], "aligned_model": [[0.5630905070397264, 0.22708789713981636, 0.5816799161519475, -0.3936245435721899, 0.13931756747601842, -0.36037414304193294, 0.692590975348717, 0.15158777723463418, -0.3431061227529819, 0.2209486959195788, -0.6362554328392469, -0.4857607354737399, -0.01517116470177196, 0.0728364539543015], [-0.2641954949361366, 0.31836632719962094, 0.1924743129861754, -0.18205399191523597, -0.7466882158412256, -0.43313606269305965, -0.18906679417867459, 0.6577304803239161, -0.676372936826247, -0.004694194815693109, -0.12255248904834218, 0.4549873257213832, 0.46205660338324955, -0.10644662784849712], [-0.5783287612298441, -0.6279622140075288, -0.13963589428654916, -0.586116391637757, 0.2793000345618597, 0.5983775467293255, 0.381976713223096, 0.020985140350055803, -0.1264825436386562, 0.6530589505079782, -0.002189620605566933, -0.06363076920166838, 0.499335661479404, 0.016106866417506]], "inverted": true, "swapped": true, "error_lsq": 0.04043643395413705, "error_max": 0.3064476955486744, "target": "648.xyz", "model": "18.xyz", "model_rescale": 3.922800546911778, "target_rescale": 4.259657332794157},
{"mapping": [4, 5, 2, 3, 8, 13, 12, 6, 14, 1, 10, 7, 11, 9, 15], "R": [[-0.15063749330748738, 0.9827122656007456, 0.10763339931399801], [0.6542209484690203, 0.017470435082744762, 0.7561016694084965], [0.7411499822534793, 0.18431328475145098, -0.6455426530213153]], "T": [0.07557223903503475, 0.1645847603706056, -0.057724015630670616], "aligned_model": [[-0.36249481115167026, -0.17800419534183126, 0.4185877663420322, -0.027919787875270302, 0.30842618487171203, -0.6057355799250318, -0.16736213838183978, 0.322067834214417, -0.5103036224351275, 0.7772169158523506, 0.7268743472340629, 0.5914298917906538, -0.3389621551812979, 0.06526882045584834, 0.07696136641861014], [0.4552148624309625, -0.13245632064469376, 0.09753648932276121, 0.7084363684726209, -0.6536349048773473, 0.17897539023582934, -0.5132827350428351, 0.5549491801508785, -0.3129075822632642, 0.4034886769395006, -0.3309015253081556, -0.22910413128539558, 0.42888991530864146, 0.0013142227594510336, 0.061093598835625], [-0.550418073225688, -0.6900811701801047, -0.5446991546513132, 0.05524924816370991, -0.03401683109451417, -0.10046115169573779, -0.26021693203895824, 0.4908164694783085, 0.345365159697261, -0.14742684786906135, -0.15915808338519458, 0.4933523422777537, 0.4179122910425149, 0.6666665524604904, -0.04022465181613702]], "inverted": true, "swapped": true, "error_lsq": 0.038140827474823405, "error_max": 0.27876492987539603, "target": "648.xyz", "model": "19.xyz", "model_rescale": 3.9282355846067225, "target_rescale": 4.259657332794157},
{"mapping": [4, 13, 14, 3, 0, 11, 6, 9, 1, 10, 12, 2, 8, 15], "R": [[-0.13675957916108378, -0.06835649879196079, 0.9882429896440388], [-0.23469666052654206, -0.9669768324313108, -0.09936439542812894], [0.9624002779744882, -0.24552636236056843, 0.11620030267006415]], "T": [-0.08474758968340732, -0.09873214658607261, 0.02685954132531992], "aligned_model": [[-0.6198282549453686, -0.0855919268252015, 0.5668679368220931, -0.3506776024203875, -0.7489586311014991, 0.12414680330680136, 0.05667462784876698, 0.5677407794179758, -0.3510021672490147, 0.12534884781923952, 0.22257362893899438, -0.42739976927470236, 0.45635441864804727, -0.003725871901068517], [-0.5747480817561734, -0.7381268527097293, -0.6421744408740798, -0.028433199964037953, 0.08802667303200505, -0.28052436311519696, 0.383279922876743, 0.06028208885668983, 0.58354060414815, 0.3532228781611775, -0.5483776523327025, 0.062035941330698244, -0.07730140154454654, -0.11782002868416155], [-0.05196648356042391, -0.21269753763274055, -0.09060544916071286, -0.46668621747628075, -0.05355970754166993, -0.5986327429816167, -0.48471180634504846, -0.2901239363823659, 0.1719089311914586, 0.6838116766410302, 0.5395947771057843, 0.49166381666849823, 0.6833774398135826, 0.09081039690418731]], "inverted": false, "swapped": true, "error_lsq": 0.04082430067070963, "error_max": 0.25378963551488964, "target": "648.xyz", "model": "20.xyz", "model_rescale": 4.067790424073018, "target_rescale": 4.259657332794157},
{"mapping": [8, 1, 12, 14, 5, 2, 13, 10, 2, 7, 6, 11, 9, 3, 15], "R": [[0.42378323284093855, 0.5172728656071557, -0.743529793666296], [-0.11709788061420824, 0.8452867032953486, 0.521323772321714], [0.8981624897080392, -0.1338625105794865, 0.41878988806179807]], "T": [-0.053904652430668096, 0.04580518616905052, 0.12668795106101366], "aligned_model": [[0.27779380453496894, 0.05612387015002353, -0.13552106437995365, 0.22281490499828221, -0.626793872004778, -0.34350852423731554, -0.3441979869683453, 0.22995968226884933, -0.34350852423731554, 0.7328568093477023, 0.4161088492078378, 0.1451252883220684, 0.6316646690949721, -0.14119278604309937, -0.009281166146381928], [-0.021859961697757696, 0.7837836442763477, -0.3450165355299749, -0.7505990660029614, -0.11308016353614528, 0.4640331872467891, -0.5541707033536056, 0.49732858711245453, 0.4640331872467891, 0.23409626906939604, 0.2517240728083793, -0.3685177621486293, -0.2115672316715896, 0.10272117903382005, 0.00798643707453539], [-0.6541218674604954, 0.1533047043924878, -0.5058640052345014, -0.024629262938590912, -0.319365151760505, -0.19035281161390627, 0.27491955739913115, -0.5022298682346118, -0.19035281161390627, -0.13852532901006126, 0.6274132678561108, 0.6332937665844214, 0.250216360519829, 0.6820162153229561, 0.03952680941278322]], "inverted": true, "swapped": true, "error_lsq": 0.04558631005397992, "error_max": 0.3445691412545532, "target": "648.xyz", "model": "21.xyz", "model_rescale": 4.186013935880536, "target_rescale": 4.259657332794157},
{"mapping": [5, 12, 13, 0, 10, 4, 2, 8, 11, 9, 7, 6, 15], "R": [[0.524044730366542, -0.34679160156893274, 0.7778899058712058], [0.7349779008905274, -0.27734441117380565, -0.6187790904621857], [0.4303308097006454, 0.8959998117588586, 0.10954328619535386]], "T": [0.11566292412599939, -0.03037718385275431, 0.04431613859759695], "aligned_model": [[0.038479687339028304, -0.39371998970438987, 0.36549355855866783, 0.6238669027370449, -0.5434562617592722, 0.6192188508102622, 0.024917684683184463, -0.7236000080713403, 0.4149059826946006, -0.16060387596700237, -0.5197288664623918, 0.29643732522728, 0.01636304533755366], [-0.4834496264708419, -0.10744019802165392, 0.23807048565586783, -0.4634916794931399, -0.4179922825498957, -0.2709467899544008, -0.6201310665126615, -0.12061275239486827, 0.5830286131040444, 0.6198535849297256, 0.22649773870522685, 0.3517864389276687, -0.016215806378978372], [-0.5397883832912904, -0.4980077251677877, -0.5316477491917719, 0.23579190632096506, 0.35303348440344084, -0.41139618775927156, 0.10137372402151504, -0.06413515968056546, -0.001649014498341976, 0.27318668392968415, 0.549368373697285, 0.6233780556726511, 0.013371552878833907]], "inverted": true, "swapped": true, "error_lsq": 0.054995516838701596, "error_max": 0.42486276100104337, "target": "648.xyz", "model": "22.xyz", "model_rescale": 4.166573947596378, "target_rescale": 4.259657332794157},
{"mapping": [0, 7, 5, 4, 1, 6, 8, 10, 14, 9, 13, 3, 12, 2, 11, 15], "R": [[-0.15278924369078767, -0.9882162788859769, -0.009166960082283238], [-0.6385259658470859, 0.0916349936163412, 0.7641253947383106], [-0.7542811398619503, 0.12260348318741265, -0.6450025953117325]], "T": [-0.00884787042836016, 0.028119289796608035, 0.14737540474561656], "aligned_model": [[-0.1885748641945273, 0.04405534361566294, 0.5479227497558616, -0.5340923014491581, 0.1843866768439039, 0.5700535694084976, -0.7254864250248907, 0.14038110319447175, 0.39302536855374004, -0.3392154475685814, 0.6071743898404065, -0.47473528808248566, 0.41375712840595474, -0.027784298625038978, -0.12326588272042956, 0.0227657334982983], [-0.20733657721920618, -0.5853162891021423, -0.3070448343612742, 0.21279107554233162, 0.24074879595452087, 0.45709916896077135, -0.3237407710389968, -0.6899097382097332, -0.30972516600972483, -0.09244194606802951, -0.5524833053148648, 0.39913444735134507, 0.31298203049084433, 0.6397681531165014, 0.5737045244660514, 0.034783717618402384], [-0.6135546217598575, -0.216338340025162, -0.37101968355914544, -0.3320702466015591, -0.5049651226774974, -0.09748581757016095, 0.018136014946121243, 0.29938284362879514, 0.7392679513207565, 0.6339670391408097, 0.1625523708102558, 0.22937125191038635, 0.5592486730620172, -0.13251085585987643, 0.7053526422743743, 0.08639053842554056]], "inverted": true, "swapped": false, "error_lsq": 0.04612016266555461, "error_max": 0.37749139128832165, "target": "648.xyz", "model": "23.xyz", "model_rescale": 4.274766983524099, "target_rescale": 4.259657332794157},
{"mapping": [12, 7, 10, 2, 1, 0, 4, 3, 11, 6, 15], "R": [[0.4703706357514226, -0.5497038032228692, -0.6903457059655806], [0.32537154311637734, 0.8352049320139314, -0.443357734194039], [0.8202955710918294, -0.016076388335625497, 0.5717138495656828]], "T": [0.048454349990776496, -0.002509789299915327, -0.0005287214039405574], "aligned_model": [[0.22637529117128458, 0.1648983799439209, -0.35729654535121513, -0.5090732511836352, -0.5480625975914357, -0.47311691494549024, -0.05777896489203621, 0.07592743126124629, 0.6029852476603131, 0.172241862375607, 0.0827947655095152], [-0.24330772197613088, 0.7888603407203607, 0.4533450409488803, -0.07870329511506272, 0.41864393314282133, -0.19959437082296239, -0.6866750452291496, -0.05908271364744028, -0.007081213953096965, 0.5076104090408096, 0.021571168134454248], [-0.6860105436084775, -0.2920065400547668, -0.5551029276283886, -0.2070654790251453, 0.15511190725531696, 0.4137700876141918, 0.19884132765215917, 0.5609807296632534, 0.3999715417012012, 0.4878309385795761, -0.09675460812734316]], "inverted": true, "swapped": true, "error_lsq": 0.04831336440331684, "error_max": 0.22929840617906425, "target": "648.xyz", "model": "24.xyz", "model_rescale": 3.7841303162186577, "target_rescale": 4.259657332794157},
{"mapping": [5, 3, 4, 12, 2, 8, 13, 11, 7, 11, 6, 14, 0, 9, 10, 15], "R": [[0.19837296972342855, -0.6020150533597995, -0.7734507356071918], [-0.7959771530135112, 0.36150317464175474, -0.4855263397638059], [0.5718990616914958, 0.7119644164227108, -0.40747776992647805]], "T": [0.13524354047323464, 0.0796646495895444, 0.10700798059190565], "aligned_model": [[-0.07087828186199133, -0.07420336998159896, 0.5095718864004622, -0.4515219123061497, 0.19927900197695259, 0.534578063803611, -0.5623737367914237, -0.1714879868751593, 0.35150005781149707, -0.1714879868751593, 0.402671853222917, -0.5872272870229307, 0.726991322557112, -0.16068679030179348, -0.11345553313126763, 0.1490982548266087], [-0.15374957374507647, -0.6186530206136858, -0.27505821850804857, 0.1289430483852851, 0.3900680595161233, 0.4746085738819142, -0.27435214610880926, -0.449615595070002, -0.07155026436455468, -0.449615595070002, -0.5902849964409372, 0.3987765534827789, 0.27552694484456636, 0.5580954201136831, 0.4480994878122996, 0.011774608061262626], [-0.712973933931814, -0.23575478111946957, -0.43220841302234536, -0.3709562955468745, -0.5773473442965472, -0.07740736253308249, 0.10551128544730722, 0.5709107310756016, 0.7012913545868708, 0.5709107310756016, 0.14794722297032922, 0.1811865389575349, 0.497907549596324, -0.0532104505238221, 0.7454902795237033, 0.10442752520648126]], "inverted": false, "swapped": false, "error_lsq": 0.044622780207420734, "error_max": 0.4200159307582491, "target": "648.xyz", "model": "25.xyz", "model_rescale": 4.19342608120988, "target_rescale": 4.259657332794157},
{"mapping": [6, 1, 7, 13, 9, 3, 12, 4, 10, 0, 2, 15], "R": [[-0.5998018209605948, 0.7237823219238498, 0.34114062502562736], [-0.7010516408005977, -0.6808761003772442, 0.21197719892919353], [0.38569984768359034, -0.11201288499810098, 0.9157995092220009]], "T": [-0.10757849212423376, 0.06577608742709971, -0.04447464669571739], "aligned_model": [[-0.23995902748187806, 0.49919974360588515, 0.08002489785784558, -0.6577906777284886, -0.4812395320127266, -0.32062228261761994, -0.12106475836043526, -0.24843422010911193, 0.5526932944511761, 0.19119318520634843, 0.4469129356961189, -0.10310500387533277], [-0.6175297705711889, -0.317574859418679, -0.5218909891376629, 0.46310100386506636, -0.44441136560960903, -0.13533956189145213, 0.5657763473210486, 0.5977079034121757, -0.05332947094611237, 0.1109254064284881, 0.2818905373528384, 0.0834512469360677], [0.12759981614077398, 0.16116862736475696, -0.6311922864122496, 0.030447705064199318, -0.43382193904414845, 0.4386536680746897, -0.6006604924285436, 0.4206320487076129, -0.5238961724521072, 0.58100072744299, 0.027175263670025304, -0.14784850491857826]], "inverted": true, "swapped": true, "error_lsq": 0.04655005703202055, "error_max": 0.24565902519283533, "target": "648.xyz", "model": "26.xyz", "model_rescale": 3.795458400668931, "target_rescale": 4.259657332794157},
