[{"mapping": [3, 1, 2, 0, 11, 8, 7, 12, 6, 10, 13, 5, 1, 14], "R": [[-0.760913891954656, -0.5347759097720162, 0.3674571748625011], [-0.41899403670124885, -0.0274437382772611, -0.9075741503801009], [0.49543319049011125, -0.8445481440136386, -0.20318559546362408]], "T": [-0.09852065849950425, -0.02921128060940162, 0.15764281283463616], "aligned_model": [[0.041575556233039546, 0.40140223973793215, -0.5812273817921867, -0.3396931699608465, -0.6501098443093782, 0.11961211020474777, -0.6934814681763308, -0.12013494091383878, -0.267154408163389, 0.3293467131551908, 0.5245040518603792, 0.20795073065881475, 0.40140223973793215, -0.0025003271437628594], [-0.738749659170336, -0.15188051394887478, -0.4180206968690916, -0.20678556758332528, 0.22811773507860797, 0.23829940561827098, 0.1652374279493073, 0.3770311974581173, 0.7003619693306599, -0.04148629936622096, 0.5191148881791863, 0.5979995666973437, -0.15188051394887478, 0.11791439238526477], [0.12044382249800163, -0.10626271115706926, 0.5006415840645009, -0.2918942720496935, 0.62461704233572, -0.6677454411343684, 0.02513959290720308, 0.6171060631591789, 0.05374197142444326, 0.7923493406666515, 0.34741279200094516, -0.14510083575587368, -0.10626271115706926, 0.1334018493772632]], "inverted": true, "swapped": true, "error_lsq": 0.04759579938241097, "error_max": 0.3519153894477454, "target": "649.xyz", "model": "0.xyz", "model_rescale": 3.8414455957264533, "target_rescale": 4.23601132880094},
{"mapping": [10, 5, 1, 3, 2, 9, 13, 12, 6, 8, 0, 11, 0, 7, 14], "R": [[-0.498881009274072, 0.5110102200618829, -0.6999902096300985], [0.8654450463917952, 0.33667233369778593, -0.37102103902392125], [0.04607179464256522, -0.7908984098572918, -0.6102106972379464]], "T": [0.19390589164422586, 0.0031181746085099434, 0.08273267671704018], "aligned_model": [[0.017534316347615125, 0.29653716718199075, -0.5921758149135082, -0.1866310281349858, 0.7517038526764857, 0.7233598124302922, 0.08217827452695811, -0.28481136945166574, 0.7586870875567671, 0.29532427230803865, -0.06500304935818127, -0.5731818650312891, -0.06500304935818127, 0.5425719246117956, 0.11443492476308634], [-0.5866783472897695, -0.20406091896966044, 0.23313373671751972, 0.17432001258000235, 0.20169628211001206, 0.007902639743572365, 0.0003077775924604006, -0.5343866688412383, -0.44557242649158774, -0.6409098715935937, 0.6305161115351994, -0.049063660510295586, 0.6305161115351994, 0.4999920716261178, -0.00976151763793596], [-0.2162897816276038, -0.5344110905269567, -0.1959540344331299, -0.5800330929181972, -0.3577589775827954, 0.5130410947744545, 0.8326366984966538, 0.3361253977332175, -0.2168105071674801, 0.5291008938530747, 0.3373998291264405, 0.45031781212397337, 0.3373998291264405, 0.29369080064763176, 0.042952304446256626]], "inverted": true, "swapped": false, "error_lsq": 0.06110436663312149, "error_max": 0.406167308689627, "target": "649.xyz", "model": "1.xyz", "model_rescale": 4.316132596720782, "target_rescale": 4.23601132880094},
{"mapping": [13, 1, 10, 7, 12, 5, 2, 9, 3, 8, 0, 14], "R": [[-0.19339684891508716, 0.13885893994034915, 0.9712444870517196], [0.5648191668703051, 0.8251963085976002, -0.005510082833247776], [-0.802232489722057, 0.5475118693467178, -0.23802055658873938]], "T": [-0.006461051656383832, 0.028921935080927576, -0.18132572395493177], "aligned_model": [[-0.2575724490258587, 0.4153735602995345, -0.07319873449828362, -0.36417257650279494, -0.5310512806579766, -0.2549245784953408, -0.041999347492478606, -0.2888576912185609, 0.6396684617758357, 0.210908619495141, 0.21720430011629205, -0.07356972916372834], [-0.7334185256926549, -0.2665887358663494, -0.6055446844944953, 0.5540499043801912, -0.24663688534602077, -0.2722267192246118, 0.40657070707100984, 0.5708836632440957, 0.10251442148764563, 0.11377748154455214, 0.4716398914140733, -0.08224409077645545], [0.10260051658799682, 0.08201013402084625, -0.6044944026377711, -0.10630006531550606, -0.34094725981549234, 0.4717801173560149, -0.7796108854730873, 0.469810828694483, -0.5000045948134376, 0.6823638059783789, 0.032578506769422394, -0.06052824014242651]], "inverted": true, "swapped": true, "error_lsq": 0.04928403240833001, "error_max": 0.2673019584240343, "target": "649.xyz", "model": "2.xyz", "model_rescale": 3.795458400668931, "target_rescale": 4.23601132880094},
{"mapping": [10, 1, 3, 9, 12, 7, 0, 13, 8, 6, 2, 14], "R": [[0.5463424716036165, 0.07532465107844455, 0.8341679091537639], [-0.8374767422919716, 0.03492915376320975, 0.545355535717217], [0.011941936278430543, -0.9965471143690582, 0.08216592359746994]], "T": [-0.06265170134639667, 0.03389975655552664, -0.0046754891389301015], "aligned_model": [[-0.034668176859023445, -0.09921151287987215, -0.7413723594761235, 0.32863701953971025, 0.3182435026424826, 0.045516637782755276, -0.25726555000105844, 0.5651226578282132, 0.2652788159922139, 0.6368997426035202, -0.5318567588781684, 0.09797980744891555], [0.0341148178935336, -0.5398331747016348, -0.20437873322681627, 0.10755577737788828, 0.3656147367663379, 0.4757794214524617, -0.0439317862416603, -0.2914566397637836, -0.5642241733524801, 0.2201130604509151, 0.5632773048059807, -0.03686156617103267], [-0.7697182437550598, -0.06879003004230666, -0.08844334962448952, 0.7946474209103889, -0.35323053797846404, 0.4451997610840682, 0.49316795936953384, -0.47888703626445994, 0.5742191317447136, 0.2131828045280794, -0.04252684769184236, -0.03004960164106155]], "inverted": false, "swapped": true, "error_lsq": 0.04738924598397224, "error_max": 0.21024155875649073, "target": "649.xyz", "model": "3.xyz", "model_rescale": 3.7530521520055578, "target_rescale": 4.23601132880094},
{"mapping": [12, 2, 7, 0, 6, 3, 13, 10, 4, 1, 14], "R": [[0.29333570045602775, -0.9517574737121961, 0.09006596510863579], [-0.052539006205846006, -0.11011697350303082, -0.9925290449016768], [0.9545647278549914, 0.28641222630940755, -0.08230563137243482]], "T": [0.020017007100992572, -0.012487922792031321, -0.09652081527450096], "aligned_model": [[-0.32824896438535767, -0.21475057571204736, 0.367784514660112, 0.4836615738581693, 0.3007524643198191, -0.1167015320147449, -0.25739914326632624, -0.7094139984302172, -0.31007329474795736, 0.08435917646577087, 0.038229381697984705], [-0.5177740580934056, 0.1270151841385178, -0.3150871045099422, 0.20856306352647797, -0.7048672266913266, 0.6916605642859234, -0.4054947451687774, -0.05788210603910649, 0.25285194132570776, 0.304880343023633, -0.11666249748335555], [-0.0946929295043798, -0.7501642694344904, -0.5401842738919094, -0.26370507149898426, 0.01884103280195236, -0.19621220970359676, 0.6059177508441873, 0.13138994924049355, 0.752984716299411, 0.3828060457276141, 0.045850036365018665]], "inverted": false, "swapped": true, "error_lsq": 0.047748463958392724, "error_max": 0.23209688845212328, "target": "649.xyz", "model": "4.xyz", "model_rescale": 3.7855080009869324, "target_rescale": 4.23601132880094},
{"mapping": [2, 12, 0, 1, 13, 15, 10, 3, 14, 9, 6, 5, 7, 8, 16], "R": [[-0.7026604269350065, -0.15565337962748127, -0.6942912572041056], [0.6483740284803641, -0.5419596924467036, -0.5346875825706247], [-0.29305194695080655, -0.8258642244180442, 0.48173523767181914]], "T": [0.12932511678225267, 0.07008684651970891, 0.051095904228483674], "aligned_model": [[-0.057995239791158115, 0.39094453056275835, -0.6129810695522544, -0.2937409680968924, 0.7407702876792386, 0.8207264498029541, 0.14434901897051472, -0.22827067361426956, 0.5356058743143668, 0.2479261478793064, 0.13023610903840083, -0.5501982599251632, -0.19189411568829545, 0.588419259713684, 0.15162810486202716], [-0.6048095712116937, -0.03455683332796815, -0.09012544758751827, 0.05296866713243294, 0.38000961180557036, -0.12689566468470298, 0.012685751848386759, -0.4672058436018716, -0.43704422565378126, -0.5491589790856692, 0.7144010258592293, 0.03204887469107008, 0.5814703558254533, 0.4225687511835164, 0.021594858913547448], [-0.18387557686065187, -0.5683153045910163, -0.12719439238614613, -0.5764596668159194, -0.18331894474597626, 0.4541842241568297, 0.7773490768672379, 0.30772486056786874, -0.13718957112255614, 0.38182603914526403, -0.053476924279270005, 0.48916477761098986, 0.49457598605525743, 0.4514694158076704, 0.0449431766623975]], "inverted": true, "swapped": false, "error_lsq": 0.04665988839134042, "error_max": 0.24264962891929223, "target": "649.xyz", "model": "5.xyz", "model_rescale": 4.2253639853439635, "target_rescale": 4.23601132880094},
{"mapping": [13, 10, 11, 6, 12, 7, 9, 5, 3, 1, 2, 0, 8, 14], "R": [[-0.9973807251956848, 0.06139508013783217, -0.038240464733048214], [-0.032799319950459024, 0.08730944093623338, 0.9956411332072366], [0.0644662207587645, 0.9942875367107202, -0.08506703664058546]], "T": [-0.06074702127182576, 0.09145275890424448, -0.01698952913980175], "aligned_model": [[0.527981931616385, -0.10323451180962119, -0.5887977750463308, 0.20407826977791169, -0.1402460425230618, -0.32538502241640943, 0.16393436291905716, 0.6032339718189181, -0.26091571400708125, 0.3819409626259163, -0.764380554979969, -0.0705936786669537, 0.6594345285252573, 0.08701142492376548], [-0.23887386057690224, 0.06412760130720019, -0.46445896238254686, -0.5871864104521951, -0.41275884803713464, -0.24805841603680417, -0.266858332486696, -0.27423811074395, 0.7836366138449598, 0.4500775769079493, 0.1720123287803741, 0.2982982567653373, 0.16907498251963154, 0.0003047272257663547], [-0.5357539907054314, -0.7808754428696255, -0.04264772100175034, 0.18506565251900853, -0.3576611710990445, 0.4563440308820295, 0.7695094374266417, 0.049126314528310545, -0.08958037100984428, -0.11715119549929834, -0.0016042799666366406, 0.4819076363341157, 0.5081037650008294, -0.053224455607855964]], "inverted": true, "swapped": true, "error_lsq": 0.05341789507562128, "error_max": 0.3631079238415154, "target": "649.xyz", "model": "6.xyz", "model_rescale": 3.89814844738969, "target_rescale": 4.23601132880094},
{"mapping": [13, 5, 6, 4, 12, 8, 1, 10, 3, 0, 7, 2, 14], "R": [[0.34945562267874913, -0.4383606994488741, -0.8280825230355376], [0.19201541954264648, 0.8985514887375261, -0.39463312170348497], [0.9170664351267414, -0.021097849802052066, 0.3981758836213726]], "T": [-0.0642456289260422, 0.127253035351853, 0.1421047740264019], "aligned_model": [[0.20000808853034507, 0.004505855743212925, 0.3687006913332669, -0.37794607286090803, 0.5206824443824223, -0.559739939717075, -0.49560474455581766, 0.23617466082049982, -0.5756524398384677, -0.4127512924405649, 0.161237470235141, 0.10195339304756311, -0.022936313775396032], [-0.32548840172038385, 0.22614776719340984, 0.5026252749710902, -0.6251044925790112, -0.02139276083002012, 0.50828496806511, -0.1355457489816208, -0.5763998283844725, -0.13868914069027327, 0.5307471488493363, 0.7128770018146013, 0.20118423778165612, 0.10453523998106316], [-0.5287373728743535, -0.6092040449578618, -0.35101085024108447, -0.3442846591238804, 0.03088344998005177, -0.4979809202717167, -0.13982231388729136, 0.16844556272041253, 0.5805032887019117, 0.22880368541721516, 0.2667952327620181, 0.8267497640406842, -0.028865791429810744]], "inverted": true, "swapped": true, "error_lsq": 0.04594312815254915, "error_max": 0.2129903618253356, "target": "649.xyz", "model": "7.xyz", "model_rescale": 3.7474275329858107, "target_rescale": 4.23601132880094},
{"mapping": [11, 8, 12, 13, 2, 5, 6, 10, 9, 7, 1, 10, 0, 3, 14], "R": [[-0.16455963463906584, 0.9848211420041775, -0.05520366753255465], [-0.19539483182863251, 0.022310127804453683, 0.9804708653968301], [0.9668200382398564, 0.1721324387177982, 0.1887576149429363]], "T": [0.11279750960483892, 0.03260104839234918, 0.0030551991495254005], "aligned_model": [[-0.14017376047675056, 0.7506901283628964, -0.46220800016005636, -0.19708052911048146, 0.5012374863337167, 0.6714386425660932, 0.2715019335103044, -0.3899265646825024, 0.4423898008207978, 0.16601898281801403, -0.11656827323074737, -0.3899265646825024, -0.02950612868231084, 0.623568615345136, 0.11406968742361123], [-0.5270141052940999, 0.004914767940038027, -0.008097665276587257, -0.0152025073197452, 0.6991837691782785, -0.24191297675670487, -0.0005402424766526789, -0.2259249197485751, -0.647081105214259, -0.5103948794073695, 0.7465355360409638, -0.2259249197485751, 0.43963396734803734, 0.3539563879158258, 0.06582022492542752], [-0.09346615531499855, -0.23681308275791665, -0.21684227069736103, -0.8394424268861775, -0.33365143380911233, 0.35743296168848354, 0.8034630071262561, 0.5087193056639148, -0.09564399906452312, 0.410732190290746, -0.04685176489339479, 0.5087193056639148, 0.5013393701238937, 0.3903253377933374, -0.046613168855082876]], "inverted": true, "swapped": false, "error_lsq": 0.05791333855669605, "error_max": 0.36673355419932085, "target": "649.xyz", "model": "8.xyz", "model_rescale": 4.019505241142653, "target_rescale": 4.23601132880094},
{"mapping": [0, 1, 3, 2, 7, 11, 10, 9, 6, 5, 4, 12, 14], "R": [[0.7489262961914251, -0.39129905519713937, -0.5347844914307258], [-0.31521758880016226, -0.920249418729207, 0.23190273616231652], [-0.5828784389424657, -0.005104579354186553, -0.8125433334202006]], "T": [0.0030913934850020364, -0.060041145515464994, -0.08898529525027944], "aligned_model": [[-0.25912135143372134, -0.5115984485503813, -0.2344454781345888, 0.4790266812138409, 0.2626540801453659, 0.7356351198660682, 0.2767024871831455, -0.18595944553136048, 0.14586402639399626, -0.2985852364104336, -0.5086859818702014, 0.4614363674272533, -0.04322204855780669], [-0.505682098668675, 0.20355486320014024, 0.07080059405246905, -0.23699631497438492, -0.632617498487988, -0.256471919104442, 0.6545243450250147, -0.812875012945048, -0.2962463543983721, -0.016670481439296572, 0.7309650334185979, 0.1643971210400908, -0.0033040486040476075], [-0.24528313797389678, -0.10409427530664601, -0.7604851826094262, -0.5829480163594625, 0.0298814381654708, 0.02646349583247036, -0.11361595538556134, 0.3525462838513837, 0.6148136305718384, 0.6082105686117301, 0.026849250555790002, 0.25182837225284904, 0.07253702183733975]], "inverted": true, "swapped": true, "error_lsq": 0.04602905602315353, "error_max": 0.2841916628114493, "target": "649.xyz", "model": "9.xyz", "model_rescale": 3.877068213659057, "target_rescale": 4.23601132880094},
{"mapping": [12, 6, 5, 3, 13, 9, 8, 0, 10, 11, 4, 1, 7, 2, 15], "R": [[0.2588595499738136, -0.5707454611351701, -0.7792569229599166], [0.5814832294122829, 0.7362695035674823, -0.34609893387405305], [0.7712775034315585, -0.36353381783555655, 0.5224693062662027]], "T": [0.21255696144624464, 0.01745821870133412, 0.04666961170740122], "aligned_model": [[-0.12904014372753786, 0.3624731859895574, -0.5483253197413795, -0.10051943775767153, 0.6862196788713673, 0.7091667640393851, 0.17788669906619492, -0.3253140476303588, 0.7095296526808946, 0.23543885189545838, -0.06760229198119128, -0.5567602940436083, -0.05384822442011811, 0.5638287850998547, 0.15239159781437076], [-0.5666939052547759, -0.20316509571262803, -0.026935604957912036, 0.2152416583368067, 0.43735958711313094, -0.03238626645833242, -0.09421515782564432, -0.49443160865952784, -0.48445060215977587, -0.6637192849759719, 0.6317789655321532, 0.1738091393229551, 0.5430035244481948, 0.5159281727880282, -0.04317218943069879], [-0.26998939973548775, -0.5093475228132222, -0.12677428365406376, -0.46871977700340317, -0.39713774164652915, 0.4785718404203625, 0.8093294085301133, 0.3337751983356899, -0.019030153655024612, 0.3297401044068847, -0.00035689653186203596, 0.41628016381565325, 0.6115740089001972, 0.308377786454354, 0.07511444024831766]], "inverted": true, "swapped": false, "error_lsq": 0.043066399159712956, "error_max": 0.3107954738451558, "target": "649.xyz", "model": "10.xyz", "model_rescale": 4.260839863003843, "target_rescale": 4.23601132880094},
{"mapping": [4, 3, 2, 10, 11, 12, 13, 1, 0, 7, 6, 14], "R": [[0.8177835213199939, -0.3837233100658623, -0.42893651461442306], [0.5054010597397077, 0.12227848597169423, 0.8541766448940469], [-0.27531778197466916, -0.9153165535379375, 0.2939314983937249]], "T": [0.04369611301293244, -0.0658682308948985, 0.049389654772934645], "aligned_model": [[0.569261619531577, 0.1951428444547001, -0.4914902284635547, -0.22788238805672825, -0.6692302911967549, -0.36705065096729894, 0.21545513714649417, 0.5534500295047238, 0.28224858236908534, -0.2011559523979274, -0.010104282085408506, 0.11025422925522262], [0.04250598488093073, -0.7504739605894559, -0.5075457649284784, -0.0030205905812403094, 0.12625714761361295, 0.34565582614348356, 0.5669642073638355, -0.12629712671012616, -0.2864309502160188, 0.042235173171875265, 0.6309655609796825, 0.09226299840483328], [-0.7335920990069349, -0.13181273847924987, 0.19194924153013884, -0.6636102275191393, 0.25761444760293656, -0.14693062677728425, -0.49361675845471875, -0.2172862979400557, 0.4809278391493858, 0.6305151908628608, 0.33755286788055283, 0.004467238547012468]], "inverted": false, "swapped": true, "error_lsq": 0.05083865141602636, "error_max": 0.3112342127469553, "target": "649.xyz", "model": "11.xyz", "model_rescale": 3.890672605050136, "target_rescale": 4.23601132880094},
{"mapping": [1, 4, 8, 3, 0, 11, 13, 2, 10, 6, 9, 5, 7, 14], "R": [[-0.060021546544808735, -0.43627908310122376, -0.8978073154072234], [0.5977186299143558, -0.736061091571184, 0.31772080342392284], [-0.799455973399208, -0.5175660645013282, 0.3049516608791173]], "T": [0.15020455635851065, -0.1357275938445316, 0.16293812148045383], "aligned_model": [[0.4177026428677087, 0.20362381355842735, 0.3635529481350638, 0.7812148495528692, 0.5234808323820337, -0.34047567539967666, -0.3841122376050771, 0.2781177075974104, -0.1483226886707506, -0.42579436616008876, 0.08597145515518928, -0.21076746218610748, 0.023300295510779778, 0.0423837200559118], [-0.001953615540618625, -0.22140443997501533, 0.6951133602641408, -0.4797366605104446, 0.1691343338700857, -0.37005756308515675, -0.04790004741884456, -0.603192018450235, -0.7074069077335614, 0.34064525330888346, 0.6609508984986426, 0.4308169229687441, 0.11122448606027763, -0.04408148242913301], [-0.3322043499620703, -0.7808999790626259, -0.09121815823880552, 0.07383595063288656, 0.40687341034475044, 0.7040999816599293, -0.49404430436325597, 0.6796023619863644, -0.24953949770797906, 0.27609290552387333, 0.5612177664202782, -0.1944109913075946, 0.7393544184499031, 0.05603092098120724]], "inverted": false, "swapped": true, "error_lsq": 0.05147422973229493, "error_max": 0.3412920579600383, "target": "649.xyz", "model": "12.xyz", "model_rescale": 4.124412569039231, "target_rescale": 4.23601132880094},
{"mapping": [7, 0, 3, 9, 2, 11, 8, 12, 1, 5, 10, 4, 14], "R": [[-0.3970877445401455, 0.8088000543178491, -0.43377850946244967], [0.5512736880049884, -0.1676843903900737, -0.8172999853988057], [-0.733770157508057, -0.563670486503377, -0.379284772427852]], "T": [0.18127862945520207, 0.09179632267499967, 0.04860280958042415], "aligned_model": [[-0.2006100076293375, -0.1489772034809413, 0.5740628626513596, -0.6887459608419952, 0.5220710082822176, 0.2527210471494257, -0.5528274830183626, 0.32025124189127524, 0.1831977746502848, -0.3069416215607708, 0.814339023674048, 0.487979710001928, 0.11077791574062547], [-0.30635837385914805, 0.29243834806096347, 0.5673622693783895, -0.04417437727880323, -0.21119582436753748, -0.6596131186731419, 0.5707620409013618, -0.3980497281189282, 0.6233061593289163, 0.1374909290432033, -0.0009069582831210399, 0.6858700009316688, 0.09055400944465397], [0.3726084809753951, 0.42603394346559, 0.4280932592678265, 0.19698868511461567, 0.5907125893421745, 0.18576554374086715, -0.1305331672959134, -0.2939523919620488, -0.17967417350239992, -0.5332260875710705, -0.37177104695186447, -0.6252186883205316, -0.11412886533480118]], "inverted": false, "swapped": true, "error_lsq": 0.05033846559604168, "error_max": 0.3089668876332766, "target": "649.xyz", "model": "13.xyz", "model_rescale": 3.9028299243045295, "target_rescale": 4.23601132880094},
{"mapping": [10, 5, 14, 13, 8, 3, 6, 9, 4, 7, 12, 11, 1, 2, 15], "R": [[0.026472768567376237, 0.8670530545184095, 0.4975120030458305], [-0.4892902755882783, -0.42275617065673254, 0.7628055101966705], [0.8717191168829128, -0.26362135881212645, 0.4130491017287451]], "T": [0.23796183010577257, 0.04235850360193096, 0.11133965174040329], "aligned_model": [[-0.01564663272753261, 0.33928559202912245, -0.5930117761196688, -0.1627383592640443, 0.6513005306623052, 0.6747591578129637, 0.18033361537588338, -0.2986915064078256, 0.6315771507119847, 0.08763623689988356, -0.08080290595003023, -0.4335847410560444, -0.00040788633851440714, 0.6574918840510717, 0.1780250964756629], [-0.5590086748987967, 0.0682596365263888, -0.1635823985600535, 0.09131492921286347, 0.5551555128354705, -0.23667660907818108, -0.06576613741041651, -0.34837393815665196, -0.4381696277142054, -0.8159053808039259, 0.5762726244614935, 0.28577794387352895, 0.4286901761151936, 0.5676596445461043, -0.03769636884281039], [-0.24837254745553228, -0.3898234556788107, -0.11253947492473719, -0.5740025827859889, -0.29201813670677446, 0.4578031355848122, 0.7666230355692883, 0.5115606055020234, -0.1598115390749783, 0.3591566741360371, -0.20101438385850012, 0.30009575679821326, 0.5762336964841293, 0.41167781900388745, 0.1658385734789097]], "inverted": true, "swapped": false, "error_lsq": 0.0445079266358663, "error_max": 0.31232510028650134, "target": "649.xyz", "model": "14.xyz", "model_rescale": 3.942246331269136, "target_rescale": 4.23601132880094},
{"mapping": [6, 14, 10, 4, 12, 0, 2, 9, 8, 7, 3, 9, 5, 1, 14], "R": [[0.9320386812450947, 0.3563579331715038, -0.0656728264097041], [-0.3115470155046524, 0.8806256905107714, 0.35698298326750993], [0.18504689619944703, -0.3122617758838912, 0.9317994577851985]], "T": [0.11112908056753824, 0.006158629200405481, -0.06944415880554593], "aligned_model": [[-0.02979553312010781, 0.18949766645293192, -0.5745602474039582, -0.16750070389845662, 0.7413112213273659, 0.6703560651384143, 0.259311619133207, -0.45465341319711916, 0.587314781198991, 0.2007939589935297, 0.09600431760925136, -0.45465341319711916, 0.012953738985076471, 0.5496477316802787, 0.18949766645293192], [-0.5350627341244358, 0.020517773042493068, -0.053269602317443106, 0.27056437281274703, 0.4535328983796369, -0.1580301615783802, -0.02181279420754316, -0.29906803549302036, -0.5979812301768226, -0.62474954931303, 0.7227770856762662, -0.29906803549302036, 0.39094105860774825, 0.6181425132483128, 0.020517773042493068], [-0.0664311078254133, -0.0128589303540761, -0.2573242983834711, -0.5122974334641428, -0.3355324729165906, 0.37891362642698784, 0.678825480680284, 0.41520948973321653, -0.15372425796060696, 0.5005510937981495, -0.12214292429637445, 0.41520948973321653, 0.42561507251295444, 0.23025327874192253, -0.0128589303540761]], "inverted": true, "swapped": false, "error_lsq": 0.056526632879343675, "error_max": 0.4315285711122978, "target": "649.xyz", "model": "15.xyz", "model_rescale": 4.355366556412066, "target_rescale": 4.23601132880094},
{"mapping": [13, 1, 10, 7, 12, 5, 2, 9, 3, 8, 0, 14], "R": [[-0.19339684891508716, 0.13885893994034915, 0.9712444870517196], [0.5648191668703051, 0.8251963085976002, -0.005510082833247776], [-0.802232489722057, 0.5475118693467178, -0.23802055658873938]], "T": [-0.006461051656383832, 0.028921935080927576, -0.18132572395493177], "aligned_model": [[-0.2575724490258587, 0.4153735602995345, -0.07319873449828362, -0.36417257650279494, -0.5310512806579766, -0.2549245784953408, -0.041999347492478606, -0.2888576912185609, 0.6396684617758357, 0.210908619495141, 0.21720430011629205, -0.07356972916372834], [-0.7334185256926549, -0.2665887358663494, -0.6055446844944953, 0.5540499043801912, -0.24663688534602077, -0.2722267192246118, 0.40657070707100984, 0.5708836632440957, 0.10251442148764563, 0.11377748154455214, 0.4716398914140733, -0.08224409077645545], [0.10260051658799682, 0.08201013402084625, -0.6044944026377711, -0.10630006531550606, -0.34094725981549234, 0.4717801173560149, -0.7796108854730873, 0.469810828694483, -0.5000045948134376, 0.6823638059783789, 0.032578506769422394, -0.06052824014242651]], "inverted": true, "swapped": true, "error_lsq": 0.04928403240833001, "error_max": 0.2673019584240343, "target": "649.xyz", "model": "16.xyz", "model_rescale": 3.795458400668931, "target_rescale": 4.23601132880094},
{"mapping": [13, 5, 6, 4, 12, 8, 1, 10, 3, 0, 7, 2, 14], "R": [[0.34945562267874913, -0.4383606994488741, -0.8280825230355376], [0.19201541954264648, 0.8985514887375261, -0.39463312170348497], [0.9170664351267414, -0.021097849802052066, 0.3981758836213726]], "T": [-0.0642456289260422, 0.127253035351853, 0.1421047740264019], "aligned_model": [[0.20000808853034507, 0.004505855743212925, 0.3687006913332669, -0.37794607286090803, 0.5206824443824223, -0.559739939717075, -0.49560474455581766, 0.23617466082049982, -0.5756524398384677, -0.4127512924405649, 0.161237470235141, 0.10195339304756311, -0.022936313775396032], [-0.32548840172038385, 0.22614776719340984, 0.5026252749710902, -0.6251044925790112, -0.02139276083002012, 0.50828496806511, -0.1355457489816208, -0.5763998283844725, -0.13868914069027327, 0.5307471488493363, 0.7128770018146013, 0.20118423778165612, 0.10453523998106316], [-0.5287373728743535, -0.6092040449578618, -0.35101085024108447, -0.3442846591238804, 0.03088344998005177, -0.4979809202717167, -0.13982231388729136, 0.16844556272041253, 0.5805032887019117, 0.22880368541721516, 0.2667952327620181, 0.8267497640406842, -0.028865791429810744]], "inverted": true, "swapped": true, "error_lsq": 0.04594312815254915, "error_max": 0.2129903618253356, "target": "649.xyz", "model": "17.xyz", "model_rescale": 3.7474275329858107, "target_rescale": 4.23601132880094},
{"mapping": [10, 12, 13, 11, 3, 0, 4, 5, 2, 1, 7, 6, 8, 14], "R": [[0.5395888844263231, 0.7685217900677044, -0.34382858228292734], [0.6812235365365109, -0.15854589482755296, 0.7147011211002959], [0.4947507747060589, -0.6198689034178616, -0.6090847342556639]], "T": [-0.043050129845039475, -0.17670010079200169, 0.04408714032682276], "aligned_model": [[0.561267016623118, 0.05339609150120411, 0.571131004029084, -0.4369693163765687, 0.12417829649327711, -0.400333644516576, 0.8655261215856132, 0.11235291094359534, -0.36842045458385075, 0.35648760511451966, -0.6609568644387966, -0.28263304746417983, -0.11104204399105906, 0.030863972963496675], [-0.3220018925199533, 0.047428252241994845, 0.3776931116131834, -0.18406575478387951, -0.8002910948205679, -0.23639020118008608, -0.0429422401395482, 0.5575708427421802, -0.7325809478409387, -0.11920799540931637, -0.05440145481513417, 0.5066638580556055, 0.3785268304147351, -0.015593072047041107], [-0.4028599662640813, -0.5190036288603646, -0.15657108383138255, -0.6141736019775477, 0.3721486444784174, 0.4447939913099124, 0.2841340713410059, 0.1692588324494333, -0.25079815196981414, 0.4584312325323232, -0.06807380269033125, -0.17299251955124406, 0.742306157750507, 0.03819454394482123]], "inverted": false, "swapped": true, "error_lsq": 0.05132214587113188, "error_max": 0.2837288679089232, "target": "649.xyz", "model": "18.xyz", "model_rescale": 3.922800546911778, "target_rescale": 4.23601132880094},
{"mapping": [13, 5, 4, 8, 5, 3, 9, 11, 12, 7, 1, 10, 2, 0, 14], "R": [[0.5003359199900179, -0.8648625497187227, 0.0409479823895193], [0.25845523473212284, 0.19432285255323073, 0.9462766617724113], [-0.8263563751840399, -0.46287298373269253, 0.32075495650588004]], "T": [0.040496431420259965, 0.028335356900190477, 0.03408796451547107], "aligned_model": [[-0.13899887220572701, 0.638303045534092, -0.649134710038147, -0.053439947829829165, 0.638303045534092, 0.583169303519577, 0.018297308645963198, -0.353811053553055, 0.6250843624999014, 0.2874790736654732, 0.03046730079251332, -0.6077400598191006, 0.013321642422986953, 0.7127818960052561, 0.07144312098122113], [-0.5845292318295422, 0.25359005187891703, -0.15757641401652417, 0.05982401488688421, 0.25359005187891703, -0.07033387510210859, -0.0599832076112436, -0.475315402034622, -0.4402104112058162, -0.6221128574463127, 0.7637133065170569, 0.14611932321431495, 0.409784441717101, 0.47183788150374056, -0.04044634024475988], [-0.21887878957987533, -0.3835497908389889, -0.08301387687718476, -0.5697125613978469, -0.3835497908389889, 0.3580011938357014, 0.8430689383496367, 0.34729896861208814, -0.20536110855120343, 0.42667899082869915, -0.05018368962748869, 0.4994018757284303, 0.6398000160078293, 0.2572031824072395, 0.09420361801393144]], "inverted": true, "swapped": false, "error_lsq": 0.04700091817824583, "error_max": 0.28228951011623005, "target": "649.xyz", "model": "19.xyz", "model_rescale": 3.9282355846067225, "target_rescale": 4.23601132880094},
{"mapping": [11, 2, 3, 7, 6, 0, 8, 1, 5, 13, 10, 12, 4, 14], "R": [[-0.3669849144074585, -0.10655467321525736, 0.9241039845241119], [-0.9014809493171387, 0.28579065535840953, -0.32504738012800716], [-0.22946496598744814, -0.9523496222111922, -0.2009378671594251]], "T": [-0.006670033237836284, -0.22472587560968307, -0.05976079588425315], "aligned_model": [[-0.6854925316220236, -0.16361062344915644, 0.5823149468812755, -0.5043100030216784, -0.5891542313633846, 0.07713941567246747, 0.18907047552409306, 0.488621999179563, -0.14267419230254147, -0.01265139463020061, 0.11339443295384029, -0.42679751199965305, 0.6420147423662282, -0.03534270510415336], [-0.5722433499190414, -0.8962451266363141, -0.6153914661751628, -0.25915215851815654, 0.25521118015478383, -0.16297149496619187, 0.5567157830799478, 0.06465363231807267, 0.5073604761813375, 0.2795467065187597, -0.4506404891732325, -0.24932581371082524, 0.13747202629899705, -0.07210781802813823], [0.02369819987165664, -0.2218047608879246, -0.21766112665511023, -0.4604041037295669, -0.016373760519723723, -0.5898011444520386, -0.4489191558260696, 0.014818514912245354, 0.0968416254003033, 0.6261746298808664, 0.6617796753446932, 0.38688710932092946, 0.5310397125717572, 0.02590774201166486]], "inverted": true, "swapped": true, "error_lsq": 0.04314670641189017, "error_max": 0.24394535708251278, "target": "649.xyz", "model": "20.xyz", "model_rescale": 4.067790424073018, "target_rescale": 4.23601132880094},
{"mapping": [5, 11, 4, 6, 3, 9, 7, 8, 10, 1, 2, 8, 0, 12, 14], "R": [[0.8306188412984222, -0.1439488091406041, 0.537913636959567], [0.23569006271029652, -0.7843266178619445, -0.5738309427460847], [0.504502264434644, 0.6034156915926582, -0.617549162674577]], "T": [0.12021435354797604, -0.01915524954363311, 0.021116370943063678], "aligned_model": [[-0.25915289265127883, 0.6100032737406631, -0.6598564913789876, -0.10891328375650429, 0.42667814650413866, 0.6580009692901333, 0.08502495451326082, -0.3043568406563949, 0.7574537518491968, 0.1730134981211977, -0.26691670573103293, -0.3043568406563949, 0.00035437668695180446, 0.8193490221092861, 0.18920051817098305], [-0.46140038245474424, 0.02336307153852009, 0.043700558647964835, 0.16371785616875012, 0.7151224594486416, -0.2568108955648452, -0.0917578577154944, -0.1612106015563613, -0.5338768545692565, -0.6922226610882916, 0.603896843256164, -0.1612106015563613, 0.5143767483768507, 0.25706024745900347, -0.05479659828453841], [-0.07357183204713763, -0.39880178775930136, -0.15212080465095493, -0.6583060718167748, -0.2799836229705843, 0.5294029528156607, 0.7628403928615972, 0.3742841423229955, 0.03768260546430702, 0.4874827624505656, -0.10401381781343794, 0.3742841423229955, 0.4743659960535657, 0.1692027691332456, 0.028659349705236814]], "inverted": false, "swapped": false, "error_lsq": 0.060320286804418234, "error_max": 0.39155523547923343, "target": "649.xyz", "model": "21.xyz", "model_rescale": 4.186013935880536, "target_rescale": 4.23601132880094},
{"mapping": [2, 3, 0, 6, 13, 7, 12, 10, 8, 1, 4, 5, 14], "R": [[-0.015099131498157448, -0.8123259177332818, 0.5830082500332077], [0.5914198258904344, -0.4773971766559271, -0.649857311465123], [0.8062224294645552, 0.3349903567264755, 0.4876339355792817]], "T": [0.01515604199690163, -0.0857785461242826, -0.1657391558194883], "aligned_model": [[-0.05291091409869497, -0.4116169232249256, 0.3372748913681779, 0.5498263371591137, -0.2279752012588901, 0.5794472205114712, -0.0245993269652186, -0.6289413545067208, 0.46735692259226663, -0.22843963885629667, -0.6361675072768819, 0.2963350904706926, 0.03898443950913222], [-0.44105849773238115, 0.2577173564772943, 0.2450479857311273, -0.331896226155632, -0.16757025760266653, -0.3030059263813367, -0.619946653730437, -0.4216198725443655, 0.5974095072942778, 0.3930799534134568, 0.31201255213157686, 0.07510534587788598, -0.07631860723270703], [-0.7748120130562752, -0.6393749082358665, -0.4460490754895138, 0.30866954608920394, 0.646068294612262, -0.37486471551960676, 0.13374465016117612, 0.07596870001148137, 0.19367437908636323, 0.04867271948988092, 0.39867591781801137, 0.5227567353137684, 0.009749331054461186]], "inverted": false, "swapped": true, "error_lsq": 0.051483216049597866, "error_max": 0.3404147511663756, "target": "649.xyz", "model": "22.xyz", "model_rescale": 4.166573947596378, "target_rescale": 4.23601132880094},
{"mapping": [2, 12, 1, 6, 14, 9, 8, 4, 11, 3, 13, 0, 7, 10, 15], "R": [[0.6481749892844686, -0.2150437670491194, 0.7304966540097243], [-0.4719640813395376, 0.6393779020988848, 0.6069973675667424], [-0.5975944186414438, -0.7382086944495796, 0.31293583087853954]], "T": [0.16343957232286338, -0.02876855274741344, 0.09133966523069308], "aligned_model": [[-0.186847322608575, 0.4891074401279182, -0.5271864754963409, -0.19337153048339262, 0.7464948999521002, 0.693734116434054, 0.15631918231906475, -0.27643308733054134, 0.6580852595478932, 0.2478390988585373, 0.18498073715956015, -0.538643919344767, -0.12455289283161503, 0.3869246250092559, 0.09907532484206548], [-0.5313346067571115, -0.042189888599783995, -0.06672708067302677, -0.04440242550252513, 0.45134258073571376, -0.13706880743947827, -0.1384890572512253, -0.4572620123524427, -0.5668067394468659, -0.6012805374075914, 0.7971009609703451, 0.09621454048544181, 0.5220609553153907, 0.6405665627092381, -0.01377311268007633], [-0.18711264987102078, -0.4771158412537318, -0.08097943730436478, -0.5806343304742926, -0.14428195442454078, 0.3511625233506673, 0.8925823570281337, 0.49477356530571986, -0.2051968100792536, 0.254230424198421, -0.09383231813832348, 0.48910059842015324, 0.4449451526198899, 0.3423101167712474, 0.07145577992327437]], "inverted": false, "swapped": false, "error_lsq": 0.04567398482047531, "error_max": 0.2614221837842809, "target": "649.xyz", "model": "23.xyz", "model_rescale": 4.274766983524099, "target_rescale": 4.23601132880094},
{"mapping": [13, 1, 8, 6, 0, 7, 12, 2, 10, 3, 14], "R": [[0.09876349115814376, 0.9058533241777662, -0.411916894397822], [0.2588468501069969, -0.4230773701916968, -0.868333949020401], [-0.9608559106358985, -0.020863698324340263, -0.27626187773250543]], "T": [-0.05169619154221228, 0.11299411577344326, 0.12351982870686809], "aligned_model": [[0.34258283550906166, 0.1745563384699616, -0.5008881576457823, -0.46171230517499773, -0.4528250098718537, -0.618287729896295, 0.09854495985578327, -0.05835686154607211, 0.6576630934461359, 0.2426356110453452, -0.04401807023321177], [-0.21110894274118835, 0.5173579491980569, 0.5376867058667564, -0.3713977208467506, 0.46343747986441214, -0.10611049644464637, -0.4782346413047924, 0.014811746681124019, -0.17469705280053915, 0.6686732215805571, 0.05516828219049352], [-0.5579016842930747, -0.22276972277395665, -0.5232200133675379, -0.2872857074981998, 0.21332805792468418, 0.3243007196624247, 0.056566413410499394, 0.8250485578576247, 0.11271535694254713, 0.48274809356126036, -0.04396363740469428]], "inverted": false, "swapped": true, "error_lsq": 0.043221837976899775, "error_max": 0.2176987282684448, "target": "649.xyz", "model": "24.xyz", "model_rescale": 3.7841303162186577, "target_rescale": 4.23601132880094},
{"mapping": [0, 9, 11, 10, 14, 2, 4, 6, 8, 1, 13, 6, 3, 12, 15], "R": [[0.9922408699346594, 0.12391524101209492, 0.010152294136060776], [0.05217393878281377, -0.3408746407989313, -0.9386598741674681], [-0.11285360491892966, 0.9319063752894463, -0.3446948963238188]], "T": [0.138033949511036, -0.06140540109266645, 0.022807875254525198], "aligned_model": [[-0.03745766581456364, 0.6350649900890433, -0.5260617397577771, 0.026780920836433575, 0.41165419916357526, 0.8093820002353684, 0.18052374639849106, -0.42164745002428083, 0.5086945514931146, 0.19456004076521502, -0.04668499834903314, -0.42164745002428083, -0.13837508403321505, 0.5535219791147824, 0.08721741606234447], [-0.7418786494119924, 0.10519389670369272, 0.3027252620780162, -0.04275424917938594, 0.5134099891062086, -0.09593508733639369, -0.21917370021170213, -0.12520507300547498, -0.5210475801948634, -0.7415989833442065, 0.6987175864486265, -0.12520507300547498, 0.3971480877767112, 0.5578125904575921, -0.05425768477535144], [-0.19511137727665911, -0.2367022925652098, -0.10294324719034591, -0.7469518297315404, -0.45049772209369837, 0.3647033614542859, 0.75082444361812, 0.47525984521491355, 0.05104913881212987, 0.3180668894683939, 0.013218746836927739, 0.47525984521491355, 0.6247452737055651, 0.16104926784225954, 0.06943683276192378]], "inverted": true, "swapped": false, "error_lsq": 0.05575635819792436, "error_max": 0.33860902908683077, "target": "649.xyz", "model": "25.xyz", "model_rescale": 4.19342608120988, "target_rescale": 4.23601132880094},
{"mapping": [13, 1, 10, 7, 12, 5, 2, 9, 3, 8, 0, 14], "R": [[-0.19339684891508716, 0.13885893994034915, 0.9712444870517196], [0.5648191668703051, 0.8251963085976002, -0.005510082833247776], [-0.802232489722057, 0.5475118693467178, -0.23802055658873938]], "T": [-0.006461051656383832, 0.028921935080927576, -0.18132572395493177], "aligned_model": [[-0.2575724490258587, 0.4153735602995345, -0.07319873449828362, -0.36417257650279494, -0.5310512806579766, -0.2549245784953408, -0.041999347492478606, -0.2888576912185609, 0.6396684617758357, 0.210908619495141, 0.21720430011629205, -0.07356972916372834], [-0.7334185256926549, -0.2665887358663494, -0.6055446844944953, 0.5540499043801912, -0.24663688534602077, -0.2722267192246118, 0.40657070707100984, 0.5708836632440957, 0.10251442148764563, 0.11377748154455214, 0.4716398914140733, -0.08224409077645545], [0.10260051658799682, 0.08201013402084625, -0.6044944026377711, -0.10630006531550606, -0.34094725981549234, 0.4717801173560149, -0.7796108854730873, 0.469810828694483, -0.5000045948134376, 0.6823638059783789, 0.032578506769422394, -0.06052824014242651]], "inverted": true, "swapped": true, "error_lsq": 0.04928403240833001, "error_max": 0.2673019584240343, "target": "649.xyz", "model": "26.xyz", "model_rescale": 3.795458400668931, "target_rescale": 4.23601132880094},
{"mapping": [5, 1, 8, 6, 7, 10, 4, 12, 3, 0, 11, 2, 14], "R": [[0.3752379247195764, -0.8022774055467808, -0.46427089549235356], [-0.9098381509159411, -0.41452614800063775, -0.01904236754226518], [-0.1771751647099752, 0.4295567915571581, -0.8854885227020808]], "T": [-0.0903333587914951, 0.011972929313061223, 0.011024499602360481], "aligned_model": [[0.028455625638834386, 0.2110782100606192, 0.6295822993884485, -0.20415575757004825, -0.0351786437421161, -0.6831542483859625, -0.08288896064543239, -0.6472412892730449, 0.15212849380438678, 0.3845151458406275, -0.6261771911298452, -0.3206718455744294, -0.1066154555907809], [-0.552379602340218, -0.4167210301517393, -0.37542113905266056, -0.14417039573771834, 0.4590692996774231, -0.3096227875555979, -0.8371047316929334, -0.09045234869160824, 0.17212817485541915, 0.25997864955403566, 0.45199256481432254, 0.6423512683436805, -0.137766418765491], [-0.485329480242986, 0.25595168442276384, -0.35237187176226686, -0.7198472928331757, -0.44329759056872897, 0.3732580265389319, 0.43533123482613423, -0.22555366080544673, 0.6743630046481415, -0.05820308696226107, -0.3172861626579108, 0.23772701643201935, -0.08260515893578879]], "inverted": false, "swapped": true, "error_lsq": 0.05617636195893078, "error_max": 0.2896005661022223, "target": "649.xyz", "model": "27.xyz", "model_rescale": 3.6321398670334006, "target_rescale": 4.23601132880094},
