[{"mapping": [8, 3, 5, 9, 4, 1, 12, 2, 11, 7, 0, 9, 10, 13], "R": [[-0.6000464097064497, 0.32329013479848195, 0.7317293180817477], [0.1489480079533006, 0.9438574709684515, -0.2948687257472091], [-0.7859763336927794, -0.06794529593002524, -0.6145117082984167]], "T": [0.17064740279488813, 0.04909833041705999, -0.17402291433143904], "aligned_model": [[-0.3530615111007196, 0.16360442123667177, 0.524957439831554, -0.15669641718621471, -0.7655153557615866, 0.7022064897791311, 0.46874854057219206, -0.2557902985783711, 0.1614564992110164, -0.4754301513318413, 0.27421024991539067, -0.15669641718621471, 0.120147965767984, 0.05626007968490089], [-0.519505784028069, 0.30482550151996346, -0.43742942342944147, 0.27797671377686606, 0.0627699681741172, 0.2728989628501748, 0.10550061954231124, 0.6551692998811232, -0.623993518521967, -0.15725479573692736, 0.7714561844830579, 0.27797671377686606, -0.4525971097341899, -0.026337223017283445], [-0.288029344698563, -0.6298236560686694, -0.6324511015470077, 0.44014634647132034, -0.36589944344339786, -0.19408101468984285, 0.31900274566093334, -0.37917435164077296, 0.010163760068298139, 0.1597384732728925, 0.07674849940244119, 0.44014634647132034, 0.6984336271839736, -0.08590435870786489]], "inverted": true, "swapped": false, "error_lsq": 0.0553741953544873, "error_max": 0.3863607157998102, "target": "651.xyz", "model": "0.xyz", "model_rescale": 3.8414455957264533, "target_rescale": 3.8563381358119306},
{"mapping": [10, 6, 8, 4, 5, 9, 13, 2, 12, 1, 7, 0, 11, 14], "R": [[-0.2482973845429179, -0.6220655574200799, -0.7425515814411761], [0.2738033468193012, 0.6902287291109079, -0.6697880476542488], [0.9291825095747852, -0.3696197286152161, -0.0010583566119886367]], "T": [-0.0017186694483080703, 0.08713709222242028, -0.0382420483635076], "aligned_model": [[-0.25058919242477046, -0.030630710459051802, 0.5439209453088176, -0.35051232894216455, -0.5136577389602153, 0.5718118818273183, 0.6624607469961726, -0.260829216318657, 0.1589045860345239, -0.5522289677898692, 0.2348858754611416, 0.058342751114200946, 0.09935543446382664, -0.06283253145738016], [-0.41980483360914755, 0.1892154157814111, -0.36131535704841544, 0.45431120386249163, 0.08559295934359606, 0.39962294275148386, -0.08482852477079861, 0.6666313474583786, -0.658179944233955, -0.25146689933771815, 0.6563606970255599, 0.32844529524934096, -0.5215405075388077, 0.028412314603181235], [-0.42483569424764944, -0.8120451780596996, -0.39245979079216536, 0.16010963347054907, -0.45325866217966393, -0.2355361941612099, 0.2844660705038988, -0.41461003354224324, -0.0067423843485415955, 0.5368958824741036, 0.1433007267563881, 0.6426987320418802, 0.5496023249167366, -0.008568905097323658]], "inverted": true, "swapped": false, "error_lsq": 0.042894255737526775, "error_max": 0.2423550536813265, "target": "651.xyz", "model": "1.xyz", "model_rescale": 4.316132596720782, "target_rescale": 3.8563381358119306},
{"mapping": [6, 11, 8, 1, 2, 5, 0, 7, 9, 10, 4, 13], "R": [[0.6692663295144536, -0.05333391568329132, -0.741105980016447], [0.6817310669915171, -0.35260861998402243, 0.6410225529664076], [-0.29550859966650433, -0.9342497816702185, -0.1996296896062577]], "T": [0.060576912727825664, -0.06139389470633804, -0.07656305795813417], "aligned_model": [[-0.12097476302710342, 0.4888160006293066, 0.0627190767788802, -0.49306857434696266, -0.7293077339916677, -0.4897598862089208, -0.019237730927467396, -0.03733796137071011, 0.5807964563402866, 0.16479313515971875, 0.16561773053933965, 0.02475280505708094], [-0.618520095829398, -0.3361352653356342, -0.39009153144428876, 0.38399913599242075, -0.31912529635499876, -0.13522566866403718, 0.3782681632818652, 0.5660035210185886, -0.08256200954263321, -0.08820096912262626, 0.7012278415440464, -0.04686139780232418], [0.185114709634641, 0.1943328697610856, -0.7508126471441396, -0.11695559749806171, -0.3986540897024624, 0.45474954180838084, -0.7089706353562468, 0.4262168982727281, -0.37830241507237994, 0.7257909404866669, -0.14073316809240782, -0.04251794588838312]], "inverted": true, "swapped": true, "error_lsq": 0.05247963054928461, "error_max": 0.31351907810569346, "target": "651.xyz", "model": "2.xyz", "model_rescale": 3.795458400668931, "target_rescale": 3.8563381358119306},
{"mapping": [5, 1, 7, 9, 6, 11, 4, 2, 0, 8, 10, 13], "R": [[0.3299159112918003, -0.9352527011169699, 0.12828825561957272], [0.22438460454328124, 0.2096935202963316, 0.9516723053602472], [-0.9169553100999287, -0.28518592636934914, 0.27903753632871664]], "T": [0.09572130422208433, 0.08960294575582013, 0.12634960820194754], "aligned_model": [[-0.1594433925485582, -0.060416875010251586, -0.6641060172818031, 0.24435222458990552, 0.286022092846412, -0.00783990671759581, -0.36028985053946794, 0.6403666705469925, 0.30442521250206744, 0.8108316085870657, -0.5077978780923553, 0.06719993686115398], [0.06907963149749831, -0.5491008346344461, -0.17081437117090115, 0.2623447985732073, 0.4890206406168262, 0.6439300832564216, -0.4054323347543785, -0.32576160961134343, -0.5445276950645227, 0.012420126033757736, 0.5299137891435035, 0.07469682140408632], [-0.5982775875850578, -0.14606218358574882, 0.02219689937269155, 0.6832986220888819, -0.3384912074333116, 0.24573403355094198, 0.5054764825144029, -0.4436675620083306, 0.5186931509909624, 0.33923290654216015, -0.18548774820493255, 0.08612562439644045]], "inverted": false, "swapped": true, "error_lsq": 0.050458923453210486, "error_max": 0.24853633681675355, "target": "651.xyz", "model": "3.xyz", "model_rescale": 3.7530521520055578, "target_rescale": 3.8563381358119306},
{"mapping": [2, 0, 1, 4, 5, 9, 6, 8, 12, 3, 13], "R": [[-0.2668722283155116, 0.9400179554921605, -0.2124746034382749], [-0.8630581215842804, -0.1350069763397274, 0.48672763955524206], [0.4288471668570597, 0.31327202187865905, 0.8473197435364823]], "T": [0.025794809250000557, 0.003977185307816947, 0.09202390369385358], "aligned_model": [[-0.44172799813329955, -0.1729818045720424, 0.24508295074636793, 0.4801043125569088, 0.34077527044860934, -0.1792723345575601, -0.15097947592463798, -0.697933978925133, -0.607369352012649, 0.4640505716483432, 0.05845144117029796], [-0.6989939851800738, 0.20984630635317997, -0.39817758254551733, 0.29447031247939887, -0.6762452044670395, 0.5692235453732413, -0.36684073117483684, 0.1222680991756397, 0.17545330155620908, 0.2719235699807205, -0.035724273236575885], [-0.19317746602307154, -0.6275024747831593, -0.4526907813438179, -0.46111252370341427, 0.2614334999168349, 0.11583821109919587, 0.5850460065614967, -0.0657199857101444, 0.6654639106712932, 0.17654033338220299, 0.08871204717790027]], "inverted": false, "swapped": true, "error_lsq": 0.051902286799825864, "error_max": 0.24641041967154342, "target": "651.xyz", "model": "4.xyz", "model_rescale": 3.7855080009869324, "target_rescale": 3.8563381358119306},
{"mapping": [7, 4, 11, 3, 5, 1, 14, 0, 8, 10, 2, 9, 15, 16], "R": [[0.12108444624869735, -0.6419567772024677, 0.7571195764741974], [-0.08016372333089289, -0.7665642420256471, -0.6371444422651538], [0.9893999870317236, 0.01645475771523086, -0.14428065223777808]], "T": [0.1319294499844102, -0.058485885975906565, -0.05324294306025836], "aligned_model": [[-0.42433578728627847, -0.053473547050679526, 0.7611056192931236, -0.25968307052648476, -0.5908465796961428, 0.4555200616870559, 0.5122355625213277, -0.09056919009484332, 0.014742704611104801, -0.4833099625680916, 0.2527587263906657, -0.0783457551337488, 0.14294529578562704, 0.14965745692125781], [-0.3751130917996802, 0.045496907465822495, -0.2359709704583159, 0.4511168367931657, 0.23508627951316216, 0.4344423632273039, 0.11335310329941306, 0.5754158631386126, -0.7303933704388696, -0.2812758329986539, 0.6146585749400505, 0.1886208703428825, -0.4880086230928252, -0.035972800395466645], [-0.4427113887812473, -0.7616313190404188, -0.5060923894114991, 0.21012240037864657, -0.26891268870989415, -0.5280216242841895, 0.4792380622955792, -0.4496478004383557, 0.1203009216975762, 0.26739607331475906, 0.2261537431763506, 0.5805051207183739, 0.6501111470868952, -0.007793730267515425]], "inverted": false, "swapped": false, "error_lsq": 0.04398963327484584, "error_max": 0.29884911649473656, "target": "651.xyz", "model": "5.xyz", "model_rescale": 4.2253639853439635, "target_rescale": 3.8563381358119306},
{"mapping": [3, 4, 0, 5, 2, 1, 9, 10, 7, 6, 8, 11, 12, 13], "R": [[0.49657779396945784, 0.5530542884677552, -0.6689853873918712], [-0.8234891972551581, 0.5437999109059457, -0.16170095516953886], [0.2743647873552333, 0.6311993432396067, 0.7254731921672964]], "T": [0.05321474456698031, 0.0855356213470302, -0.03753305287021918], "aligned_model": [[-0.2651517271456936, -0.007105745429887865, 0.6071418401917046, -0.4139382284216255, -0.5312998924505689, 0.5071166850141733, 0.6344208952789046, -0.1632894349278979, 0.02463888251592506, -0.45223354392200504, 0.3105485078017964, -0.1917477111087707, 0.2275582354972638, 0.021742771960574954], [-0.4568448627539349, 0.05155693077953796, -0.4358912450979082, 0.4559648520402863, 0.204937178896559, 0.41297473543984886, 0.1291033307765584, 0.780926493227498, -0.6995932447021348, -0.2606875137858744, 0.700270176388823, 0.07691592788799845, -0.49069175599271553, 0.04251510643205927], [-0.3653678784363387, -0.7418896381878992, -0.2911892079478549, 0.17528506507699496, -0.3445469274821362, -0.5123619030664236, 0.14384415781258736, -0.3169430561909871, 0.07268173666051206, 0.1583483818943012, 0.28144286586921774, 0.7010283088372334, 0.6758463141172429, -0.06716169122138893]], "inverted": false, "swapped": false, "error_lsq": 0.04242762207504077, "error_max": 0.26831843605627437, "target": "651.xyz", "model": "6.xyz", "model_rescale": 3.89814844738969, "target_rescale": 3.8563381358119306},
{"mapping": [11, 3, 7, 12, 5, 4, 9, 6, 8, 0, 1, 2, 13], "R": [[-0.6623487064145234, -0.7284501072606814, 0.175084643366886], [0.4757289200970739, -0.22839988168440148, 0.8494206782447808], [-0.5787712723470988, 0.6459055157516875, 0.4978251490506151]], "T": [-0.06785242734493531, 0.0379497864765736, -0.07395244176307085], "aligned_model": [[-0.046048113749221325, -0.0005181749879611952, 0.35572725603305083, -0.3338777037547631, 0.6792314860437261, -0.240833069920171, -0.5978676053531999, 0.295225620806612, -0.6091625040044022, -0.5935320685063972, 0.15719364961224108, 0.10436347461268279, -0.02127044592797457], [-0.3771087955531506, 0.18572861212649255, 0.6141883922948672, -0.7871095947242879, 0.08096042840484419, 0.7367556231828234, -0.10846159285871099, -0.4620087703483437, -0.20949412031857617, 0.5404014307159524, 0.6302003843094137, 0.060568271817653285, 0.05916099642150863], [-0.4733358242277246, -0.56855725610575, -0.4541258827206826, 0.013465662522475899, 0.10106330843427568, -0.3541155887368379, -0.318432955006571, 0.09937280569840677, 0.38257154192048975, 0.19215976501500104, 0.25027483502994985, 0.800070412905437, -0.06813579389217418]], "inverted": true, "swapped": true, "error_lsq": 0.045833635292878774, "error_max": 0.2561677008269942, "target": "651.xyz", "model": "7.xyz", "model_rescale": 3.7474275329858107, "target_rescale": 3.8563381358119306},
{"mapping": [8, 9, 13, 6, 5, 11, 12, 7, 2, 3, 10, 0, 1, 14], "R": [[-0.3922877999722841, -0.9058222864034305, -0.15998833534907136], [0.8394686518992743, -0.28145036683309316, -0.46484198765594836], [0.37603545640181435, -0.3166570328673895, 0.8708189588337525]], "T": [0.09752828800894142, -0.009665287425598107, -0.028589801702740503], "aligned_model": [[-0.2863056876547137, -0.048245666783731794, 0.8323632244406055, -0.48161700017674824, -0.5326187050075576, 0.41540242320991616, 0.6966927368123336, -0.12201207484051446, -0.09705041160796068, -0.5718635978989035, 0.2491647474540182, -0.1085706440107426, 0.2418292463995377, 0.12123294451835472], [-0.40290616343825547, 0.220771126418257, -0.4280345324353457, 0.48985893166533445, 0.18387584878665877, 0.3740733096791864, 0.09134716487586139, 0.5849060732474293, -0.8057733189595719, -0.1483113181520988, 0.6896204127838197, 0.12750725123833273, -0.4009728043738703, -0.06450587179913625], [-0.4326237215851621, -0.7399191581665983, -0.33370718849348835, 0.2577742814355842, -0.3087291595370525, -0.4003164201364376, 0.07837311976787126, -0.2779180152514108, 0.16360964583117743, 0.18780409430437228, 0.22294399987837588, 0.5820820925938611, 0.5965961551430495, -0.026953198049081264]], "inverted": true, "swapped": false, "error_lsq": 0.049249093185172454, "error_max": 0.26941178634176244, "target": "651.xyz", "model": "8.xyz", "model_rescale": 4.019505241142653, "target_rescale": 3.8563381358119306},
{"mapping": [5, 6, 2, 1, 7, 0, 8, 10, 3, 11, 12, 9, 13], "R": [[-0.8057302206552428, -0.25799879808876963, -0.5331373478828922], [0.011839867976617867, -0.9069762130509493, 0.4210153993455054], [-0.5921643598268558, 0.3329125548015716, 0.7338328159780949]], "T": [0.08706105437835583, -0.05193778225214005, 0.048189916302693314], "aligned_model": [[-0.3548791522372814, -0.5355795092164769, -0.03351973776938548, 0.39487743658016994, 0.2818475699236181, 0.7987323948569276, 0.21917598446572584, -0.3906300368080863, 0.17657242256808636, -0.23554667595586565, -0.39006949679193914, 0.3146377530841135, 0.07408181904156984], [-0.5522258695793301, 0.03584146642549341, 0.14485760812184537, -0.4290640905542722, -0.8340198312683176, 0.1453407504099311, 0.6573845737747557, -0.6188890383912488, -0.37462774821709033, 0.015975243171550052, 0.6454513074165822, 0.3230068868759953, -0.09565303007183588], [-0.33261907155784604, -0.08002631148253267, -0.8125177635408537, -0.4709966174579403, 0.12824243771175892, -0.1846566645588828, -0.15691170307144914, 0.373349990174759, 0.44676902520359846, 0.5210199218048999, 0.2606263771664392, 0.4601953089523285, 0.024228564699599286]], "inverted": false, "swapped": true, "error_lsq": 0.04773661822513926, "error_max": 0.24434432696083594, "target": "651.xyz", "model": "9.xyz", "model_rescale": 3.877068213659057, "target_rescale": 3.8563381358119306},
{"mapping": [5, 4, 7, 6, 3, 2, 9, 13, 0, 12, 14, 10, 11, 15], "R": [[-0.939618923058986, 0.33545093089359607, -0.06774180682629617], [-0.06855393255918293, 0.009434595639743137, 0.9976028000841747], [0.3352859045056061, 0.9420104359123281, 0.014131555898882264]], "T": [0.04351613214972402, 0.024248609064943753, -0.05969204868944211], "aligned_model": [[-0.4122994516627774, 0.06456293734098903, 0.5850707058807154, -0.4505446760695597, -0.47606784826487153, 0.5460555755803852, 0.6003745356679653, -0.05118253088096986, -0.04990842164944293, -0.527441379145362, 0.3000555781857155, 0.03685953518324275, 0.11396884535604021, 0.0288981293318238], [-0.5210052828406043, 0.054166298171175395, -0.25289151378003244, 0.31932241971552183, 0.08803494240928755, 0.3722912991192581, 0.20214701696099147, 0.7685573687412344, -0.733396190500699, -0.3229057070914274, 0.6810383261031863, 0.2628148009204473, -0.34664880207692833, -0.06006886631480944], [-0.38515447226250377, -0.7355268240707884, -0.6039333236744657, 0.16198325253895982, -0.4184748990366046, -0.3179085308234506, 0.24674910193954924, -0.245904640779806, 0.1661668587557898, 0.27450342821480017, 0.27547406961453785, 0.6083293890505956, 0.5744426387972382, -0.03172952052879108]], "inverted": false, "swapped": false, "error_lsq": 0.04135839499521167, "error_max": 0.22304099375170544, "target": "651.xyz", "model": "10.xyz", "model_rescale": 4.260839863003843, "target_rescale": 3.8563381358119306},
{"mapping": [6, 5, 1, 2, 0, 8, 12, 11, 7, 4, 9, 13], "R": [[-0.14121735073475242, -0.6474392041288318, -0.7489193126155067], [0.4613976043027312, 0.626269065493495, -0.6284101434171834], [0.8758823611622502, -0.43429199228506343, 0.21028683944058937]], "T": [0.07538503024484307, 0.03952482597680143, 0.000526944820030073], "aligned_model": [[0.38774190169217154, 0.25162175578982804, -0.38587305249700304, -0.48235968622737774, -0.6206173699657662, -0.3459251344842533, 0.3561980607957698, 0.598670546512063, 0.20881136705518888, -0.18913450321762587, 0.10006887615204015, 0.07969588748909502], [-0.0787731545774453, -0.662173016910108, -0.4843893398189987, -0.2742419404707205, 0.22137995135085106, 0.5445597173824464, 0.6334444202783119, 0.28037176839604405, -0.5266238352826972, -0.08011246855806442, 0.6114439378916775, -0.0118075341483634], [-0.5474371431054452, -0.2586555307399096, 0.1393965325186942, -0.6195997444697283, 0.287095992002473, -0.3601623083332386, -0.5717823356663918, -0.019995228287721628, 0.5641541533674936, 0.7163897970591186, 0.18605952808110432, 0.0007143649690558914]], "inverted": true, "swapped": true, "error_lsq": 0.04506364888284032, "error_max": 0.2564284432275162, "target": "651.xyz", "model": "11.xyz", "model_rescale": 3.890672605050136, "target_rescale": 3.8563381358119306},
{"mapping": [9, 12, 10, 8, 5, 4, 2, 7, 11, 6, 3, 0, 1, 13], "R": [[0.7667613227096137, 0.6402100028684322, 0.046991767617376806], [0.595562235905066, -0.7367826658542536, 0.32008893523590903], [0.23954685796386926, -0.21744529317486133, -0.9462213521770351]], "T": [-0.04567941588426925, -0.04948160878818594, 0.03902664967331955], "aligned_model": [[-0.47951258604018837, 0.07925420915533007, 0.5644661844922652, -0.5275813180221521, -0.5660151721221545, 0.5808189582806654, 0.6221511790940233, -0.12939301752586013, 0.16070221266147264, -0.42582036258892364, 0.13180293193458256, 0.11289561068162993, 0.16916925649352427, 0.015463448359678424], [-0.5041289619828334, 0.10025054341805187, -0.31005327800551985, 0.4274663853610686, 0.1555416147434959, 0.2623661904767721, -0.2934909629090221, 0.6437609470106311, -0.5571614067753344, -0.33197741098840194, 0.8269498317448251, 0.2509382421263219, -0.22912203395216366, 0.07011640926870996], [-0.4202172732336342, -0.680072800107603, -0.5604441636153779, 0.2829164063893936, -0.5015178539784017, 0.002863393633007527, 0.04411243173316831, -0.4502288684418247, -0.010268482031420667, 0.36727552829943594, 0.2701783363640602, 0.5220343244294718, 0.7648831478977572, -0.06249759960297224]], "inverted": false, "swapped": false, "error_lsq": 0.05345981153095462, "error_max": 0.4064873562919946, "target": "651.xyz", "model": "12.xyz", "model_rescale": 4.124412569039231, "target_rescale": 3.8563381358119306},
{"mapping": [6, 2, 1, 12, 5, 10, 8, 11, 0, 9, 7, 4, 13], "R": [[0.1886020692971705, -0.7905740371863853, 0.5825993058557873], [0.29624265977024133, 0.6114106852447923, 0.7337692147404024], [-0.9363063312768308, 0.03420037566041506, 0.34951507594896125]], "T": [0.08334149172563188, 0.0924511022691607, -0.06262492149692685], "aligned_model": [[-0.1555898649725882, -0.09233881325935367, 0.5540372908796725, -0.7238960021684895, 0.4716589143310725, 0.4895407158564955, -0.5558694281698732, -0.09048735541465841, 0.08935609053855043, -0.24115336669386, 0.88385404203262, 0.6147738845783195, 0.12341219997184998], [-0.3040653838589529, 0.5327863403194391, 0.5377596827267517, -0.2348795202871708, -0.1609947402388499, -0.6052845851088511, 0.48444355177790127, -0.41310303253752817, 0.8326767014869918, 0.1290358158268283, 0.011173540911847857, 0.4527160678182492, 0.08522093767182107], [0.3817986962536775, 0.691912799111311, 0.23178222385347758, -0.04373981779651208, 0.5502287200822116, -0.0033064593480138654, -0.042362809170906596, -0.2781584211635707, -0.28987441740509395, -0.5680828800523497, -0.15523236739825008, -0.4921968659573262, -0.031070320040815294]], "inverted": true, "swapped": true, "error_lsq": 0.042907639343815314, "error_max": 0.29526952547502705, "target": "651.xyz", "model": "13.xyz", "model_rescale": 3.9028299243045295, "target_rescale": 3.8563381358119306},
{"mapping": [12, 14, 13, 6, 11, 10, 4, 9, 8, 2, 7, 3, 0, 15], "R": [[0.3118913365910748, -0.6543031760092277, 0.6889202769723582], [-0.8455997507301913, 0.1394617538155002, 0.5152780616208529], [-0.43322610231202774, -0.7432615778357864, -0.5097816897345235]], "T": [-0.025900583691661705, -0.038421245049209796, 0.013557921271970242], "aligned_model": [[-0.21395649605254757, 0.09130310612716791, 0.3551897991983168, -0.4457917584972809, -0.466859488012014, 0.5720433861749045, 0.5690045377779573, -0.17993022546846837, 0.024457974375422242, -0.4952679777510179, 0.318398740228685, -0.0027244070237917584, 0.20912875328453107, -0.026594409507970797], [-0.499825588536474, 0.2848876995778621, -0.31734246300627733, 0.43054105410569954, 0.12376879236162219, 0.299491840430454, 0.029116118259045157, 0.668785351687541, -0.7949094081198145, -0.41164535860165147, 0.7958133404430408, 0.20962220072162993, -0.38014265623536975, 0.07329518644929361], [-0.47222113817593114, -0.8017857327782305, -0.6264611612852218, 0.23304374209175666, -0.5566230366731312, -0.27563121685530917, 0.3311895867105649, -0.26389325542366676, 0.16085637449226087, 0.44081402715310053, 0.09190706136766862, 0.5850706149921878, 0.7313351131234523, -0.008584451004441218]], "inverted": false, "swapped": false, "error_lsq": 0.04658079663728685, "error_max": 0.3134549994419523, "target": "651.xyz", "model": "14.xyz", "model_rescale": 3.942246331269136, "target_rescale": 3.8563381358119306},
{"mapping": [11, 4, 10, 12, 13, 5, 2, 12, 6, 8, 1, 0, 7, 14], "R": [[0.5519095784323519, 0.2080417923000994, -0.8075360238968825], [-0.21303284532451688, -0.901072852631931, -0.37773631154906856], [-0.806233727927308, 0.3805079853384378, -0.4529910032728235]], "T": [0.11738996775137586, -0.02823194184108943, -0.12683238844629552], "aligned_model": [[-0.35405160396169977, 0.05262423464601393, 0.40645631542368077, -0.3533193051149187, -0.5833020865655649, 0.6410810324496676, 0.549806004827642, -0.3533193051149187, 0.06003173810694305, -0.41575854323268, 0.2199502226768887, 0.0338315074386519, 0.2928075230600683, 0.11156380021411938], [-0.501432383811957, 0.013075972297509453, -0.4394445461513571, 0.6399680664674735, 0.1637175658829196, 0.30933077104474926, 0.1033139483745257, 0.6399680664674735, -0.564161234760947, -0.32262191160193243, 0.7492642825656151, 0.1563053163774545, -0.46497986996954743, 0.029152066354621385], [-0.3874762274984222, -0.7080062290202221, -0.6331379846457879, -0.13104991104482613, -0.49168287564198526, -0.006090341861699544, 0.48827733208015267, -0.13104991104482613, 0.022429849982916722, 0.3505858110680144, 0.07718342202816725, 0.5800491199464527, 0.5869318840513269, -0.04794741066420111]], "inverted": false, "swapped": false, "error_lsq": 0.0517698890620643, "error_max": 0.3402815779390361, "target": "651.xyz", "model": "15.xyz", "model_rescale": 4.355366556412066, "target_rescale": 3.8563381358119306},
{"mapping": [6, 11, 8, 1, 2, 5, 0, 7, 9, 10, 4, 13], "R": [[0.6692663295144536, -0.05333391568329132, -0.741105980016447], [0.6817310669915171, -0.35260861998402243, 0.6410225529664076], [-0.29550859966650433, -0.9342497816702185, -0.1996296896062577]], "T": [0.060576912727825664, -0.06139389470633804, -0.07656305795813417], "aligned_model": [[-0.12097476302710342, 0.4888160006293066, 0.0627190767788802, -0.49306857434696266, -0.7293077339916677, -0.4897598862089208, -0.019237730927467396, -0.03733796137071011, 0.5807964563402866, 0.16479313515971875, 0.16561773053933965, 0.02475280505708094], [-0.618520095829398, -0.3361352653356342, -0.39009153144428876, 0.38399913599242075, -0.31912529635499876, -0.13522566866403718, 0.3782681632818652, 0.5660035210185886, -0.08256200954263321, -0.08820096912262626, 0.7012278415440464, -0.04686139780232418], [0.185114709634641, 0.1943328697610856, -0.7508126471441396, -0.11695559749806171, -0.3986540897024624, 0.45474954180838084, -0.7089706353562468, 0.4262168982727281, -0.37830241507237994, 0.7257909404866669, -0.14073316809240782, -0.04251794588838312]], "inverted": true, "swapped": true, "error_lsq": 0.05247963054928461, "error_max": 0.31351907810569346, "target": "651.xyz", "model": "16.xyz", "model_rescale": 3.795458400668931, "target_rescale": 3.8563381358119306},
{"mapping": [11, 3, 7, 12, 5, 4, 9, 6, 8, 0, 1, 2, 13], "R": [[-0.6623487064145234, -0.7284501072606814, 0.175084643366886], [0.4757289200970739, -0.22839988168440148, 0.8494206782447808], [-0.5787712723470988, 0.6459055157516875, 0.4978251490506151]], "T": [-0.06785242734493531, 0.0379497864765736, -0.07395244176307085], "aligned_model": [[-0.046048113749221325, -0.0005181749879611952, 0.35572725603305083, -0.3338777037547631, 0.6792314860437261, -0.240833069920171, -0.5978676053531999, 0.295225620806612, -0.6091625040044022, -0.5935320685063972, 0.15719364961224108, 0.10436347461268279, -0.02127044592797457], [-0.3771087955531506, 0.18572861212649255, 0.6141883922948672, -0.7871095947242879, 0.08096042840484419, 0.7367556231828234, -0.10846159285871099, -0.4620087703483437, -0.20949412031857617, 0.5404014307159524, 0.6302003843094137, 0.060568271817653285, 0.05916099642150863], [-0.4733358242277246, -0.56855725610575, -0.4541258827206826, 0.013465662522475899, 0.10106330843427568, -0.3541155887368379, -0.318432955006571, 0.09937280569840677, 0.38257154192048975, 0.19215976501500104, 0.25027483502994985, 0.800070412905437, -0.06813579389217418]], "inverted": true, "swapped": true, "error_lsq": 0.045833635292878774, "error_max": 0.2561677008269942, "target": "651.xyz", "model": "17.xyz", "model_rescale": 3.7474275329858107, "target_rescale": 3.8563381358119306},
{"mapping": [4, 8, 0, 12, 5, 3, 1, 10, 6, 9, 11, 7, 2, 13], "R": [[0.15867444222864682, 0.09283732472820569, -0.9829565873021746], [-0.903061677699337, 0.41610350152379616, -0.1064776140345712], [0.3991265809919038, 0.9045657008514894, 0.14986282123584682]], "T": [0.044372350837282, 0.08477206138359977, -0.0047630057987054115], "aligned_model": [[-0.2830578384561745, 0.1414248430648416, 0.5402969936734139, -0.5728345588408145, -0.5768808815062285, 0.5095202847543095, 0.6988033540375844, -0.15894756941455335, -0.16064294529291265, -0.47536991544732654, 0.2408463069180896, -0.00238416005455451, 0.3194044275369573, 0.08822319388126149], [-0.4778936929234177, 0.06504052193902868, -0.5182606121928124, 0.39654144067794195, 0.18251318488555615, 0.46029749514373874, 0.13696014510238935, 0.6345896276519709, -0.653725869640261, -0.26157035312171956, 0.7361678631334221, 0.2632278169091397, -0.44183370527876514, -0.010597752749610098], [-0.5199547585374037, -0.7168345831856046, -0.3040166340273512, 0.28000428181266074, -0.3621298072081384, -0.32602182588185, 0.21321608213791993, -0.3691817543764497, 0.08234810535513902, 0.23531838541693978, 0.23776154110473188, 0.7255702428250496, 0.3836651691756254, 0.009272083123792078]], "inverted": false, "swapped": false, "error_lsq": 0.04723985155153687, "error_max": 0.32450674761764686, "target": "651.xyz", "model": "18.xyz", "model_rescale": 3.922800546911778, "target_rescale": 3.8563381358119306},
{"mapping": [5, 1, 0, 4, 8, 2, 9, 6, 12, 13, 10, 11, 7, 14], "R": [[-0.5218163652345423, -0.6316866085474676, 0.5733059476014614], [-0.5136436332831215, 0.7692374942057466, 0.38005775284261556], [-0.6810858234915226, -0.09615459474129581, -0.725862517939184]], "T": [-0.022596195631287563, 0.000796538154253755, -0.08232178665146958], "aligned_model": [[-0.15287331123934567, 0.10733306616741484, 0.5137711461315071, -0.3947278636364142, -0.5905664717239006, 0.6273613181888685, 0.6795299124419402, -0.28241447918553597, -0.19290600445254166, -0.48217139058909786, 0.2331058635400523, -0.003573868772880434, 0.2246170423141382, 0.021916575669688618], [-0.5359422618508125, 0.27062481026932916, -0.3993977785804621, 0.5338411727673045, -0.017081072607864463, 0.2842672586803535, 0.14163285987495955, 0.5850791897892408, -0.7511706910464896, -0.11525298614591048, 0.7214418538871081, 0.22836813550063192, -0.3932438714553007, -0.04171050954548696], [-0.609078897570422, -0.7592960213396761, -0.5829186496264843, 0.23587403084166877, -0.3092156176172718, -0.18395122933872352, 0.30488260996756167, -0.3409257588607616, 0.07309346290254962, 0.414806863608583, 0.17436368841702246, 0.5922839737233695, 0.5671616924593762, -0.008063619831731234]], "inverted": true, "swapped": false, "error_lsq": 0.04866237030244679, "error_max": 0.3284749222665375, "target": "651.xyz", "model": "19.xyz", "model_rescale": 3.9282355846067225, "target_rescale": 3.8563381358119306},
{"mapping": [11, 4, 8, 1, 0, 6, 7, 3, 9, 10, 5, 2, 12, 13], "R": [[-0.4450867728592278, -0.8369121907622401, 0.3185525852654566], [0.023586621561240362, 0.3446510289440379, 0.9384345153132119], [-0.8951767623822039, 0.42519836923648224, -0.1336596831118166]], "T": [0.13457067451879323, 0.027010471080670066, -0.04969065433884112], "aligned_model": [[-0.3515994795071875, -0.0026210049916619016, 0.5294625761345364, -0.4115238763677067, -0.5909044069982915, 0.6411486490971564, 0.509609132527844, -0.08778407707642175, 0.2188796332936502, -0.49048626258549277, 0.2466290683851805, -0.13910305345635798, 0.24982325920915185, -0.013128622810506307], [-0.41404236126488597, 0.004065048035333623, -0.36129689834584894, 0.5212167675983884, 0.13668209720511657, 0.4039726149132878, 0.01787701991953759, 0.6230620873075744, -0.6592460105401531, -0.28559673105656047, 0.6934454090794275, 0.36694316726660253, -0.6136136416514769, 0.07798754107025836], [-0.3368737870960967, -0.6661481107575165, -0.5711303459768531, 0.08830091888548844, -0.3688380007445998, -0.217387857196445, 0.4476628532025284, -0.45173033444253713, -0.06889654253733196, 0.45410981364546577, 0.12637053396587855, 0.649068719866488, 0.4972206119337659, -0.012711945013174339]], "inverted": true, "swapped": false, "error_lsq": 0.045336199167419114, "error_max": 0.27128756492014205, "target": "651.xyz", "model": "20.xyz", "model_rescale": 4.067790424073018, "target_rescale": 3.8563381358119306},
{"mapping": [3, 11, 6, 7, 12, 13, 5, 9, 2, 0, 1, 8, 4, 14], "R": [[-0.7989986884871431, 0.15673256578352013, 0.5805480157736654], [0.43082145423735874, 0.8227319522892943, 0.3708166787660096], [-0.41951635291682365, 0.5463945804134235, -0.7248855027728214]], "T": [0.06122166949005975, 0.031758147779703136, -0.050383815055882415], "aligned_model": [[-0.3256874257386705, 0.13077355582361744, 0.48226261611607707, -0.37359441539814764, -0.47698049372600765, 0.5769290791741832, 0.5512178035919759, -0.3257841333226182, -0.1120313581359551, -0.5400913249431389, 0.164106036748497, 0.07594721933760634, 0.42797421718080275, 0.053360158145671154], [-0.5352213556403036, 0.01097498571792753, -0.5365380844238787, 0.43083004364122957, 0.2014230660565718, 0.4021314324587238, 0.15392920271866192, 0.6939979481365204, -0.6701725983138833, -0.2047464359287156, 0.7902262855930938, 0.12410699928405979, -0.4421413123325844, 0.09265593256917856], [-0.5529578010337759, -0.6928500392741721, -0.2679172985080891, 0.40605955653008374, -0.5686174630500438, -0.3453295773074571, 0.25530253197022335, -0.1757427193330326, 0.1256802291037712, 0.24448275499173516, 0.24532887012102578, 0.5121308465597658, 0.48195476630367895, -0.09850812933865255]], "inverted": false, "swapped": false, "error_lsq": 0.0491648808192662, "error_max": 0.304812711230308, "target": "651.xyz", "model": "21.xyz", "model_rescale": 4.186013935880536, "target_rescale": 3.8563381358119306},
{"mapping": [2, 1, 5, 12, 9, 6, 8, 0, 10, 7, 4, 11, 13], "R": [[0.6709200441972809, 0.209961602765027, 0.711183815661366], [-0.13290609164634387, 0.977594637877998, -0.16323202748075993], [-0.7295219428486114, 0.014994977710117222, 0.6837930136714333]], "T": [0.00026121915298470133, -0.04565078100116582, 0.07099930100491066], "aligned_model": [[-0.026694652768664853, -0.44460099568467065, 0.2981056778185589, 0.5878082180573838, -0.09740191990959084, 0.591983489948578, -0.0853547050204866, -0.7150608640607619, 0.4624353816720949, -0.26532441633946136, -0.6648065442502287, 0.4143556344056636, 0.003129731554810819], [-0.4717280440687728, 0.14971328232300457, 0.35048958391420226, -0.6248833764715438, -0.30051622670549216, -0.1299326569816311, -0.7904398020208305, -0.34200447197211664, 0.6171173529550203, 0.7142102940014211, 0.31424342445510434, 0.0425644202451614, -0.00987712012743406], [-0.7111882788727355, -0.44905870246681295, -0.5163475228626139, 0.35102158507608267, 0.6073094893550645, -0.16263971248661635, 0.09586818674441044, 0.0609368141634984, 0.12084930791652752, -0.018878066176949468, 0.22881032724691647, 0.46215148919056465, 0.034044644508008995]], "inverted": false, "swapped": true, "error_lsq": 0.04669814608519876, "error_max": 0.3103625699550811, "target": "651.xyz", "model": "22.xyz", "model_rescale": 4.166573947596378, "target_rescale": 3.8563381358119306},
{"mapping": [12, 9, 10, 2, 11, 8, 0, 3, 13, 6, 4, 1, 5, 15], "R": [[0.8601931164628944, 0.270824441474591, -0.4321133234347553], [0.004853295068880242, 0.8429476575073744, 0.5379736910201139], [0.5099453381655998, -0.4648584393154614, 0.7237833816000241]], "T": [0.011990538663580045, 0.012701778948617855, -0.13225760689023452], "aligned_model": [[-0.5371961889658674, 0.08161657208462697, 0.5154647208476651, -0.40896329864582776, -0.5970626455762265, 0.6393857759847993, 0.5405920830722122, -0.14864212252085227, 0.25968564462216365, -0.5008555044228039, 0.2232188103691771, -0.02629594431763521, 0.2531028748465609, 0.01435075747590103], [-0.30536871196019905, 0.11094036471863078, -0.49845205996942904, 0.39458797134386703, 0.23540216239164008, 0.4749686023931338, 0.23737099752500482, 0.5631831205013818, -0.7894241486414751, -0.20410859273021914, 0.6613951915953935, 0.11513954386203515, -0.4886818846111129, 0.004503553117949911], [-0.29537246285957997, -0.7204332286377304, -0.34714533091719874, 0.22797848527910264, -0.5812031329934435, -0.3485068620342784, 0.44813873382109287, -0.31279594846659114, -0.022465668808955785, 0.3864810853142196, 0.14056648842676728, 0.5721142483166684, 0.4854326427148193, -0.06377252141983142]], "inverted": true, "swapped": false, "error_lsq": 0.04558198215567621, "error_max": 0.266645617825246, "target": "651.xyz", "model": "23.xyz", "model_rescale": 4.274766983524099, "target_rescale": 3.8563381358119306},
{"mapping": [11, 9, 12, 6, 8, 2, 5, 1, 4, 0, 13], "R": [[0.8072967439014289, -0.5826126773360847, 0.09399167778814163], [0.5881467054992675, 0.7811941663639952, -0.20933018714275387], [0.04853267040364295, 0.2242724741160661, 0.9733172336177707]], "T": [0.057652135977471194, 0.031993067542580904, -0.026765164692288602], "aligned_model": [[0.1260450577025113, 0.21478538252888607, -0.479561181093222, -0.4129780861376238, -0.4030004955454114, -0.6413959119843533, -0.12623268581581143, 0.13175032262914732, 0.7142699945827192, 0.19490414961606334, 0.06130815747516995], [0.01806799354851745, 0.5560317904285988, 0.3650659679111361, -0.2807593380059916, 0.6170317429237693, -0.08872595169852421, -0.7043495652744127, -0.21781511925193048, 0.13394169308789142, 0.5327383791185392, -0.015641061544109783], [-0.5989405236243085, -0.277395693594898, -0.6264306132178258, -0.33093451859739736, 0.06372315035833015, 0.512534944971446, 0.09406819655587592, 0.6355302097058432, 0.367192643394806, 0.5477158743452429, -0.007497236275537479]], "inverted": true, "swapped": true, "error_lsq": 0.05722827546206785, "error_max": 0.2902855256491273, "target": "651.xyz", "model": "24.xyz", "model_rescale": 3.7841303162186577, "target_rescale": 3.8563381358119306},
{"mapping": [10, 7, 11, 8, 0, 6, 3, 1, 14, 9, 4, 2, 12, 15], "R": [[-0.6138586744961846, 0.25471546847277104, -0.747193119525658], [-0.14840980443477822, 0.8923996895236566, 0.4261423753696792], [0.7753399626572968, 0.37248197843490155, -0.5100050176692416]], "T": [0.005475345203518268, 0.004632946111819143, -0.04084442004404602], "aligned_model": [[-0.35286308685592277, 0.002582424177328003, 0.535209539755873, -0.4632158615387025, -0.4111717673666222, 0.5510651720734722, 0.7739313665309461, -0.25723107440280363, -0.08683041669568138, -0.3347172217524341, 0.2994602146542839, -0.21455873053889546, 0.20106026249391173, 0.06568071431914058], [-0.5450271724896661, 0.009869585620627737, -0.32133702174639206, 0.3396918064632504, 0.34189908357570764, 0.385551976203853, 0.10936569643655081, 0.6941848723859311, -0.7454743635123386, -0.3120995293297566, 0.6262784436624231, 0.24733506057716978, -0.3526802902951885, 0.03389796198442994], [-0.4588425389457718, -0.6910519013258675, -0.49090311881474064, 0.09152588048210676, -0.5448153373187906, -0.32237396658008344, 0.1771195263511972, -0.13325584721889694, 0.200231569384967, 0.3142474904730693, 0.24869679423715724, 0.638474148135458, 0.5988787213577603, -0.05891489248250452]], "inverted": true, "swapped": false, "error_lsq": 0.0454627619418639, "error_max": 0.26468260035057223, "target": "651.xyz", "model": "25.xyz", "model_rescale": 4.19342608120988, "target_rescale": 3.8563381358119306},
{"mapping": [6, 11, 8, 1, 2, 5, 0, 7, 9, 10, 4, 13], "R": [[0.6692663295144536, -0.05333391568329132, -0.741105980016447], [0.6817310669915171, -0.35260861998402243, 0.6410225529664076], [-0.29550859966650433, -0.9342497816702185, -0.1996296896062577]], "T": [0.060576912727825664, -0.06139389470633804, -0.07656305795813417], "aligned_model": [[-0.12097476302710342, 0.4888160006293066, 0.0627190767788802, -0.49306857434696266, -0.7293077339916677, -0.4897598862089208, -0.019237730927467396, -0.03733796137071011, 0.5807964563402866, 0.16479313515971875, 0.16561773053933965, 0.02475280505708094], [-0.618520095829398, -0.3361352653356342, -0.39009153144428876, 0.38399913599242075, -0.31912529635499876, -0.13522566866403718, 0.3782681632818652, 0.5660035210185886, -0.08256200954263321, -0.08820096912262626, 0.7012278415440464, -0.04686139780232418], [0.185114709634641, 0.1943328697610856, -0.7508126471441396, -0.11695559749806171, -0.3986540897024624, 0.45474954180838084, -0.7089706353562468, 0.4262168982727281, -0.37830241507237994, 0.7257909404866669, -0.14073316809240782, -0.04251794588838312]], "inverted": true, "swapped": true, "error_lsq": 0.05247963054928461, "error_max": 0.31351907810569346, "target": "651.xyz", "model": "26.xyz", "model_rescale": 3.795458400668931, "target_rescale": 3.8563381358119306},
{"mapping": [8, 9, 12, 6, 10, 1, 0, 2, 4, 11, 5, 7, 13], "R": [[-0.5006185173576111, -0.0849637204821951, 0.8614884017097914], [0.06109882911253646, 0.9892220462940805, 0.13306643531270243], [-0.8635091390134472, 0.11925145419480625, -0.4900316903146977]], "T": [-0.039643529700793025, -0.07324534290108853, -0.034596577157092356], "aligned_model": [[0.07892725354828281, 0.4862300209501737, 0.4704002117330373, -0.09582714995888827, 0.023397953120909774, -0.6811716915004953, -0.18790365921742483, -0.725105963458695, -0.11803081171541971, 0.42650365177520144, -0.58451743065203, -0.3134851244183086, -0.0797408773850867], [-0.7991452434726282, -0.31279068522253156, -0.39724052958877953, 0.03660728445782288, 0.7096418870666429, -0.0747331947202899, -0.5971979132162146, -0.5297361105209181, 0.04538471956300558, 0.1755589312691906, 0.36430665882548907, 0.5422220070200112, -0.04099630820388586], [-0.18180234297950262, 0.13332644083521894, -0.6623041969776111, -0.6643597628678897, -0.23072137333082404, 0.27357421691439143, 0.5159532249341248, -0.37495417474181036, 0.7246962723685912, -0.2649427930005488, -0.354401954891091, 0.4150846948559002, -0.037011589019522805]], "inverted": false, "swapped": true, "error_lsq": 0.05823348728772472, "error_max": 0.32328514882768916, "target": "651.xyz", "model": "27.xyz", "model_rescale": 3.6321398670334006, "target_rescale": 3.8563381358119306},
