[{"mapping": [3, 0, 9, 2, 5, 11, 12, 10, 7, 4, 6, 13], "R": [[0.0044078685013074215, 0.41498386222947825, -0.9098180943377532], [0.9694915014785217, -0.22476078654788822, -0.09782033219784098], [-0.24508528975888477, -0.8816297311907533, -0.40331404367356644]], "T": [-0.06964659421057007, -0.09692548456728248, -0.11596303516673864], "aligned_model": [[-0.13735024987046657, 0.4844960477313984, 0.5803634353785062, 0.45034557892758154, -0.8221277342560608, -0.41224772297960366, 0.06839875678109511, 0.08606444770659205, 0.31522041206135826, 0.3383049410582844, -0.2560320810936131, -0.01189550482605406], [0.21120055172330768, -0.37238884509542214, -0.2898795094028337, 0.3299473846569869, -0.020461392538551407, -0.19053890632105142, -0.6540533384560338, -0.6397918851870901, 0.15097506844655317, 0.7139241479235382, 0.6422472287451988, -0.07145192783064044], [-0.5327062013589011, -0.5768950301169112, 0.16152368072718673, -0.4883149370082709, -0.13403613527872274, 0.4848055015235707, -0.040651392876134854, 0.7185901789213693, 0.485549380145021, 0.1832068914174115, -0.17453294519986395, 0.034222755897149765]], "inverted": true, "swapped": false, "error_lsq": 0.050057359684879205, "error_max": 0.25303363684716984, "target": "652.xyz", "model": "0.xyz", "model_rescale": 3.8414455957264533, "target_rescale": 3.9258979982547313},
{"mapping": [11, 1, 4, 0, 12, 8, 5, 6, 9, 7, 13, 14], "R": [[0.5607273378298467, 0.794112566041068, -0.2344570004626086], [0.39938408590368185, -0.5074389008066009, -0.7635431316402955], [-0.7253117981510666, 0.33450111270944893, -0.6016907852535279]], "T": [0.12854266952675036, -0.0935597061588413, 0.06666702020147187], "aligned_model": [[-0.3066452713209789, 0.22152493616585306, 0.6491418302659149, 0.4632567962684548, -0.5780212977117123, -0.5877229872939902, 0.2677400341434187, 0.05323893938994702, 0.08861667546817026, 0.5500420076833221, -0.2505645298151282, 0.11293319337574678], [0.14985156954578305, -0.29469127017631613, -0.15652923628114562, 0.39973871137843225, -0.15171411793457767, 0.014442432789314438, -0.727252067051068, -0.5215157287034782, 0.3299336314812066, 0.3473629579249025, 0.5608267372889686, -0.1407250435980599], [-0.6244392011064646, -0.7696333344650086, -0.07765410424690729, -0.3458138813223767, -0.21560052745205427, 0.3822639852412954, 0.18234273248846827, 0.7156740808555917, 0.6001171003086625, 0.2688563234941727, 0.012786460829713867, -0.0081378878321883]], "inverted": true, "swapped": false, "error_lsq": 0.05813528533694203, "error_max": 0.3903496272357747, "target": "652.xyz", "model": "1.xyz", "model_rescale": 4.316132596720782, "target_rescale": 3.9258979982547313},
{"mapping": [3, 4, 0, 5, 6, 8, 4, 2, 1, 9, 10, 11], "R": [[0.28740844678023586, 0.696652689277315, -0.6573213941764389], [-0.388515461069206, -0.5424882341249576, -0.7448236384179596], [-0.8754725131205177, 0.46944812957202225, 0.11474464001327131]], "T": [0.07246953641115497, 0.1470813387176757, 0.015964697778187882], "aligned_model": [[-0.07889837379033648, 0.10660798365746213, 0.6810854539421264, 0.5725228254855902, -0.6156477901055492, -0.44247259517062854, 0.10660798365746213, 0.0735973965755303, 0.20964403706277493, 0.4947937519411556, -0.4416290194591366, 0.017328672822566393], [0.14981459455606636, -0.5481528115377483, -0.20073675969851323, 0.20667801829748067, -0.226644583281777, -0.0008410400060138989, -0.5481528115377483, -0.5271205282469346, 0.22564681320918847, 0.7391084942045866, 0.49003058921155024, 0.05009860149382467], [-0.622860234353352, -0.31541691588644005, 0.12787222178138039, -0.386719826118497, -0.23487278580963789, 0.5636778405889352, -0.31541691588644005, 0.5121259339281771, 0.5352024910807455, 0.16121485913802613, 0.13975599402739838, -0.043800915697391314]], "inverted": true, "swapped": false, "error_lsq": 0.060623680330697184, "error_max": 0.4385815888543542, "target": "652.xyz", "model": "2.xyz", "model_rescale": 3.795458400668931, "target_rescale": 3.9258979982547313},
{"mapping": [9, 8, 1, 7, 5, 10, 6, 2, 0, 0, 4, 11], "R": [[-0.045131302820987734, 0.9340534818749617, 0.3542700361347838], [-0.4975706333819647, -0.3285301982920597, 0.8028022007979616], [0.8662485961325137, -0.14004285703826766, 0.4795845784541122]], "T": [0.02578148902926056, -0.08248926664319842, -0.002833602730546147], "aligned_model": [[-0.2531215461989475, 0.3665534523294154, 0.6187105444063539, 0.38310659634325456, -0.6488741356574338, -0.47448363223159595, 0.06900248336134282, 0.0586369914671943, 0.38953817353853526, 0.38953817353853526, -0.28680077083707806, 0.07173399655944172], [0.04773756904515555, -0.49211830129083123, -0.2481493527903649, 0.4260688005642851, -0.12318806157642101, 0.004401883809801416, -0.661773668908678, -0.5547579458735697, 0.4494521436134725, 0.4494521436134725, 0.46748216126832054, 0.0451212051893187], [-0.8151197044301655, -0.574359157744092, 0.12854643040612454, -0.44666888363687896, -0.1952082676914337, 0.5274450710090053, -0.10212017564841913, 0.6001656692362862, 0.44093137414877565, 0.44093137414877565, 0.10098591673190414, 0.015232100263022347]], "inverted": true, "swapped": false, "error_lsq": 0.05363762335960496, "error_max": 0.4286410687863375, "target": "652.xyz", "model": "3.xyz", "model_rescale": 3.7530521520055578, "target_rescale": 3.9258979982547313},
{"mapping": [10, 3, 0, 1, 4, 2, 5, 8, 7, 6, 11], "R": [[-0.24744039722723798, -0.6091955986009995, -0.7534281468495831], [0.8803844572266838, -0.4660778855910078, 0.08771893773121758], [-0.4045941884082178, -0.6416012213269124, 0.6516528335686956]], "T": [-0.10852025109544847, -0.09814671546709566, -0.03795327209506815], "aligned_model": [[-0.4124320936175808, -0.1712653349228749, 0.34636214844559676, 0.5258429802327126, 0.3380757199167308, -0.21152614644958775, -0.3433375676141302, -0.7483636571181154, -0.19474073197478028, 0.32604109820557714, -0.11645681265834275], [-0.5750052576732313, 0.03826306433738341, -0.388798484987287, 0.324976110709691, -0.6072158835929051, 0.5973122352474921, -0.4231389138089059, 0.10065348450103417, 0.1234591388240038, 0.37106037338390163, -0.09436250862683088], [-0.26748564133274083, -0.6507247361413102, -0.42262753216355703, -0.3521985806475613, 0.23214218861462255, -0.11260202338965944, 0.48772530389819346, 0.03786028523999924, 0.8232569897934687, 0.3246281939480039, -0.007143670574142884]], "inverted": false, "swapped": true, "error_lsq": 0.046236839254533584, "error_max": 0.2963944087881939, "target": "652.xyz", "model": "4.xyz", "model_rescale": 3.7855080009869324, "target_rescale": 3.9258979982547313},
{"mapping": [10, 7, 6, 8, 3, 2, 4, 1, 12, 13, 14, 16], "R": [[0.44941746308930497, -0.3770733690623509, -0.809839254552619], [-0.8845486900853603, -0.061097934522579, -0.46242908349859224], [0.12489018671875923, 0.9241659573588734, -0.36099823340330994]], "T": [0.030007436151231824, 0.001500184177248516, -0.010796129392365654], "aligned_model": [[-0.17153731212532705, 0.3136170620604226, 0.6507029385221522, 0.4132336397794208, -0.6321355347102198, -0.6045313289940882, 0.2846967191083823, 0.017051861063907468, 0.14299285110944512, 0.5537710086522406, -0.2773924251411647, -0.006929152706153539], [0.09574961705696425, -0.41570524419993327, -0.19560191236910165, 0.37007307770089937, -0.1591585322826569, 0.0005762185333861927, -0.6922887680411767, -0.45082636700466844, 0.22743410454709545, 0.47243516370350025, 0.5206254503218619, 0.036415768697791305], [-0.7046700609665927, -0.5647588379749647, -0.055123603271514665, -0.471883510455814, -0.14559994374295027, 0.3675494657901778, 0.017329353568468632, 0.5961114279501009, 0.6210689057561104, 0.1587904386340785, 0.2953275088007163, 0.006620602705087806]], "inverted": true, "swapped": false, "error_lsq": 0.048596933701712704, "error_max": 0.26125573905170857, "target": "652.xyz", "model": "5.xyz", "model_rescale": 4.2253639853439635, "target_rescale": 3.9258979982547313},
{"mapping": [0, 3, 6, 7, 1, 8, 2, 10, 11, 12, 9, 13], "R": [[0.20988780857745765, -0.4725576378157374, 0.8559418127142538], [0.813156162562792, 0.5704605930249005, 0.11554984678411812], [-0.5428850367220549, 0.671761855680783, 0.5039958791057759]], "T": [-0.004499975885518384, -0.08550685551985007, 0.04283171088036062], "aligned_model": [[-0.2088919007351921, 0.4113513388824715, 0.6355644843003584, 0.504393201250247, -0.7023511323369785, -0.4202955504840009, 0.2374468141254497, -0.347897890865781, 0.4600092650698272, 0.4669784111146447, -0.38441137827491184, 0.031644664572883466], [0.2980670699403003, -0.30349156450263454, -0.1484411017923251, 0.26651350242574956, -0.23462179056107352, 0.060029951513626, -0.7106837487812666, -0.6737906572331626, 0.25311223867602073, 0.7201146194522224, 0.39212824817898295, -0.10920819065247764], [-0.6310804748604344, -0.48873185385462636, 0.03418673683837007, -0.4536565748660706, -0.12884904385143178, 0.6359572907886204, 0.07088906237020084, 0.42297972812901014, 0.5673525044874825, 0.03773915508014911, 0.05416579816220075, -0.00019058163056568517]], "inverted": false, "swapped": false, "error_lsq": 0.05116123034588466, "error_max": 0.3180247211036764, "target": "652.xyz", "model": "6.xyz", "model_rescale": 3.89814844738969, "target_rescale": 3.9258979982547313},
{"mapping": [7, 3, 6, 0, 11, 10, 8, 9, 5, 1, 2, 12], "R": [[0.6430187943004663, 0.2952489220896777, 0.7066504823328562], [-0.6804827277830688, -0.20308531037236846, 0.7040593823676188], [0.3513831062605156, -0.9335868629730405, 0.07032412046281825]], "T": [-0.03264977504061547, 0.02023691206886439, -0.10522955723233929], "aligned_model": [[-0.16204590375855196, 0.5187393714579741, 0.5713414499850148, 0.36675413080527297, -0.6573943700540387, -0.4415779071452005, 0.027134794044930667, -0.028969356359308716, 0.32381146529617905, 0.5120217533716607, -0.196913142373693, -0.1493619586512215], [-0.04353377083418344, -0.26618432668844666, -0.24117707731137947, 0.36878208777294913, -0.49454816549848285, 0.1735247760765227, -0.6507872900045182, -0.47061845850495865, 0.1031234857742446, 0.583029168425139, 0.6542735231256318, 0.09384462433144342], [-0.7459046866238634, -0.621286549997863, 0.0504405339095452, -0.369810675146612, -0.09967220727898239, 0.4848418592704017, -0.16719001111842566, 0.641090306319328, 0.5793446199477269, 0.21319533871062696, 0.16414558362704718, -0.008432364826025052]], "inverted": true, "swapped": false, "error_lsq": 0.05343511996014483, "error_max": 0.3054324635493432, "target": "652.xyz", "model": "7.xyz", "model_rescale": 3.7474275329858107, "target_rescale": 3.9258979982547313},
{"mapping": [8, 9, 11, 4, 3, 0, 7, 10, 12, 13, 1, 14], "R": [[0.3935293861525494, 0.4605434001017552, 0.7956345887762247], [0.8207000218271101, 0.21397044162868573, -0.5297812041609311], [-0.41422952140978386, 0.861461796443661, -0.2937643219669155]], "T": [-0.005502812023590237, -0.014876183428844345, 0.02126064020996222], "aligned_model": [[-0.05943795797949543, 0.4259676084142925, 0.5398839406479891, 0.21560062711038053, -0.6471404232295825, -0.5507529908091391, 0.11490421478861673, 0.04390607682414199, 0.3559598080580737, 0.6493356134860366, -0.40533765864399396, 0.0006514679516971614], [0.07468672511719333, -0.43617542595345865, -0.29559875748899916, 0.5304656142922927, -0.13436501385462285, -0.08908741406963928, -0.6847206144728898, -0.5059304995637004, 0.17856881968146135, 0.6006422564063613, 0.5275560478028091, 0.0436868387671543], [-0.6527421797396383, -0.4442290638907208, 0.12239462071729365, -0.49443446225556875, -0.27565371153807916, 0.38376329317689883, -0.004973269478465513, 0.5971840552543789, 0.48230990423139836, 0.04212964573192171, 0.3539785237072892, 0.011034390876196648]], "inverted": false, "swapped": false, "error_lsq": 0.055186677110654725, "error_max": 0.3527568780590764, "target": "652.xyz", "model": "8.xyz", "model_rescale": 4.019505241142653, "target_rescale": 3.9258979982547313},
{"mapping": [5, 11, 9, 6, 3, 0, 8, 7, 1, 10, 2, 12], "R": [[-0.3041804902521154, 0.6113705441851959, 0.7305479361771414], [-0.2590487021316213, 0.6849014154601052, -0.6810314390868217], [-0.9167158770709196, -0.39640397173015596, -0.04995890233634456]], "T": [0.05151981377334006, 0.007402474144848157, 0.005972012901325637], "aligned_model": [[-0.24336137155809082, 0.4112874203257583, 0.6329806952948787, 0.2189063596615336, -0.7791042927011168, -0.39143351963495826, 0.24022374737550947, -0.12091897237072657, 0.269806064500438, 0.7457783765843834, -0.3472220539418815, 0.046597873083290046], [-0.105799884662828, -0.24587706359783731, -0.3013898204817293, 0.5218247489735499, 0.051246748713186324, -0.12034285584999047, -0.6403248055116515, -0.690100807274235, 0.3058703913289764, 0.5998020243957373, 0.44403099822634584, -0.009211097595562504], [-0.5862737398397692, -0.4341032863707256, 0.190066074375049, -0.47922207752288865, -0.20990313868600627, 0.4643600070264735, -0.025287034076481474, 0.5567333291885793, 0.5712801742839749, 0.0784121885214727, 0.024209806245040925, -0.02951055635181498]], "inverted": false, "swapped": false, "error_lsq": 0.05356156771882128, "error_max": 0.2821916641868438, "target": "652.xyz", "model": "9.xyz", "model_rescale": 3.877068213659057, "target_rescale": 3.9258979982547313},
{"mapping": [1, 5, 12, 0, 7, 2, 3, 13, 10, 11, 8, 15], "R": [[0.9426273921220476, 0.3153529512137849, -0.10957242254301011], [-0.3269143837029631, 0.805382813488771, -0.4944547597758804], [-0.067680021788557, 0.5019074017163604, 0.8622693168338027]], "T": [0.0359571461892097, -0.09597508375103736, 0.16841059958749088], "aligned_model": [[-0.1822172259529835, 0.28224778744207635, 0.74075404525379, 0.3757791291029288, -0.6678565243477679, -0.5696722519839816, 0.2070126762033846, -0.13201294271613112, 0.40885509863079034, 0.4327550070263514, -0.2908695442795797, 0.07876507224014004], [-0.011139009979518943, -0.3307832674732608, -0.06933338542608608, 0.3429639969411417, 0.01376670993615145, -0.1160358599806375, -0.6732735863822683, -0.6181924850108378, 0.21836513204511565, 0.5260481970657751, 0.5752313087260974, -0.04788917379771034], [-0.6671188099073682, -0.5352949348023219, -0.07805799210898481, -0.4022202259060877, -0.23019901557550765, 0.43890266097737496, -0.03215806007680827, 0.7131247732770176, 0.6835301248027392, 0.15127082068981246, -0.026497658070174207, 0.10548006349321283]], "inverted": false, "swapped": false, "error_lsq": 0.04382970493004396, "error_max": 0.23305182069895072, "target": "652.xyz", "model": "10.xyz", "model_rescale": 4.260839863003843, "target_rescale": 3.9258979982547313},
{"mapping": [5, 6, 7, 10, 3, 2, 0, 1, 8, 9, 4, 11], "R": [[0.8225246015255514, 0.361092568311938, 0.4393921221359365], [-0.5438390432152295, 0.27331591223372276, 0.7934339967474244], [0.1664102609816385, -0.8915775733102178, 0.4211852986635296]], "T": [0.07228644817680241, 0.01032930912089874, 0.04047441902093317], "aligned_model": [[-0.2395005827346336, 0.3238524351923162, 0.5888444025656009, 0.5233795193307895, -0.565763122005166, -0.4130357373628557, 0.13918454518933776, -0.11621539785898494, 0.41940572204918514, 0.20837484439660703, -0.27246925161530594, 0.08748294947212715], [0.053932762504722453, -0.32947529086911537, -0.3902883363364766, 0.33059573072883547, -0.2936687133102974, 0.1701741574513575, -0.8175446537696347, -0.4829343733006159, 0.22354478179441617, 0.7702064371887686, 0.6207511020039636, -0.045565027421962], [-0.557437354116487, -0.6837511830235988, 0.08821340925003246, -0.2549545104858298, -0.025183937349709376, 0.49793384544766184, -0.24269269707670466, 0.5348615515257742, 0.6317956337407007, 0.23997369172852617, -0.17078750569693846, 0.06279080284947722]], "inverted": false, "swapped": false, "error_lsq": 0.05601438829627551, "error_max": 0.3504970478891907, "target": "652.xyz", "model": "11.xyz", "model_rescale": 3.890672605050136, "target_rescale": 3.9258979982547313},
{"mapping": [3, 7, 12, 4, 8, 6, 5, 9, 11, 2, 0, 13], "R": [[0.2203143581611826, 0.6725909049516757, 0.706458107862251], [0.6645830894536445, 0.4266380255870139, -0.6134405532204921], [-0.7139964291229158, 0.6046498736454844, -0.3529980587768501]], "T": [-0.000661853667116491, 0.05166521756851921, 0.14957609668632307], "aligned_model": [[-0.18562256784368178, 0.22333953861502967, 0.6056039026960032, 0.38019263279190973, -0.5573237779020669, -0.4522487617683628, 0.05363496985765484, 0.13759610010265175, 0.2376490648508171, 0.45174189726906633, -0.3098730543950541, 0.09885038234505104], [0.23429705680094526, -0.40758424726201453, -0.3365224969867236, 0.4647519240672467, -0.20866632281547115, 0.009876038659826163, -0.7138324736778283, -0.5202351064277719, 0.2336954342698565, 0.5864598163305351, 0.44914391515742186, 0.018345038547939667], [-0.7367073238468104, -0.5329760812348446, -0.042476702498964514, -0.26919147235789853, -0.226649948433461, 0.505077535360277, 0.022937550079490637, 0.6591201807985174, 0.610916611076784, 0.27159952452104047, -0.1587964994609876, 0.017908372789761262]], "inverted": false, "swapped": false, "error_lsq": 0.04840719356572154, "error_max": 0.2824374913834726, "target": "652.xyz", "model": "12.xyz", "model_rescale": 4.124412569039231, "target_rescale": 3.9258979982547313},
{"mapping": [6, 1, 2, 8, 3, 7, 4, 5, 10, 11, 9, 12], "R": [[-0.7549187698585808, -0.5946577711718849, -0.27654978954989917], [0.05087762539484175, -0.4735197076331697, 0.8793125460933559], [-0.653841814317033, 0.6497393490222706, 0.38772369051004196]], "T": [-0.11098730759058315, -0.11153124267162107, -0.0014243790191635335], "aligned_model": [[-0.21314548705359587, 0.2911918147364959, 0.7487081217354068, 0.2971092611051591, -0.7497616053314946, -0.36744392149864635, 0.39237507079455547, -0.27160795175088726, 0.33145058210113676, 0.5921397241807528, -0.35894934087746666, -0.008525941522397967], [0.14587080582703726, -0.3507145381518118, -0.08781069937338137, 0.3744336607198767, -0.15237895136328833, 0.0865017287930124, -0.6820219012143783, -0.563800282550148, 0.09288440979160567, 0.5659323598823042, 0.4774235832304019, -0.09659159892726844], [-0.6104569779673453, -0.6676882934225995, -0.05392788624067202, -0.3363742621194507, -0.3161500325750391, 0.5353163609212126, 0.19717818967377768, 0.5845786954685878, 0.5527169631406521, 0.1914701666361836, -0.01840422281539761, 0.06250304609299506]], "inverted": true, "swapped": false, "error_lsq": 0.04752363756152068, "error_max": 0.3417219838663133, "target": "652.xyz", "model": "13.xyz", "model_rescale": 3.9028299243045295, "target_rescale": 3.9258979982547313},
{"mapping": [6, 7, 4, 3, 11, 12, 10, 13, 8, 0, 2, 15], "R": [[-0.051548526068520284, -0.9638096151309514, 0.261560270762382], [-0.13903591524620257, -0.25243172035808337, -0.9575736216232722], [0.9889447728421513, -0.08572778043426693, -0.12099166884542206]], "T": [-0.013796797166737866, -0.01243234340886721, 0.00682657931436959], "aligned_model": [[-0.1940227337896473, 0.3439264336825998, 0.6542469295664158, 0.36149277429141813, -0.7022787587421147, -0.4776010064574433, 0.3012026113374843, -0.11062730920778899, 0.08214471444461002, 0.5924823224127306, -0.1445834816398724, -0.022842169279374398], [0.18219823430126544, -0.48287565017490824, -0.12640655751405197, 0.2937817822432474, -0.2615730249796577, -0.07915608529811483, -0.6858060942449816, -0.5738260681361359, 0.37984987523185376, 0.529904777877139, 0.7079148632645316, -0.07427747590622544], [-0.6047662691051097, -0.6797192247416414, 0.01635189160812088, -0.385703791541206, -0.09205819054271994, 0.521291239590862, -0.04509419086353779, 0.561905212996072, 0.6651707498252561, 0.1665528616910698, 0.08521353331910846, -0.08838207544337039]], "inverted": false, "swapped": false, "error_lsq": 0.04252699620040582, "error_max": 0.28178183394330303, "target": "652.xyz", "model": "14.xyz", "model_rescale": 3.942246331269136, "target_rescale": 3.9258979982547313},
{"mapping": [12, 1, 5, 0, 13, 11, 3, 10, 6, 7, 8, 14], "R": [[0.05856917669713911, 0.2539336553900665, -0.9654467101820062], [-0.7823091434356086, 0.6124390381545469, 0.11362582735178844], [0.6201306762594997, 0.7486228177156857, 0.23452467067957547]], "T": [0.08740576811539258, -0.09234214139787389, 0.11320837927541476], "aligned_model": [[-0.2392580585099644, 0.37134025688194505, 0.6407104101012013, 0.38198531429430427, -0.6724459675306441, -0.5055472230594911, 0.1393502959460765, 0.0402049648937995, 0.04432466389111406, 0.532631347310563, -0.17760055143251996, 0.12784487383263354], [-0.1953829261119191, -0.30010496154883926, -0.34621846143851476, 0.43594593681059035, -0.19333354317214746, 0.08526542491662353, -0.7025296097686368, -0.4420644490517107, 0.28106170775757316, 0.6049359461739745, 0.6326773144391137, -0.05052380234214506], [-0.6289166770478044, -0.6167623409815096, -0.06618043160389399, -0.3049447987157275, -0.15763460680450797, 0.4751107518859711, -0.2629843239663856, 0.7332623347887021, 0.527337553849163, 0.3289789990351726, 0.05880832830760975, 0.0346869580461156]], "inverted": false, "swapped": false, "error_lsq": 0.05453175583023696, "error_max": 0.3018728892141008, "target": "652.xyz", "model": "15.xyz", "model_rescale": 4.355366556412066, "target_rescale": 3.9258979982547313},
{"mapping": [3, 4, 0, 5, 6, 8, 4, 2, 1, 9, 10, 11], "R": [[0.28740844678023586, 0.696652689277315, -0.6573213941764389], [-0.388515461069206, -0.5424882341249576, -0.7448236384179596], [-0.8754725131205177, 0.46944812957202225, 0.11474464001327131]], "T": [0.07246953641115497, 0.1470813387176757, 0.015964697778187882], "aligned_model": [[-0.07889837379033648, 0.10660798365746213, 0.6810854539421264, 0.5725228254855902, -0.6156477901055492, -0.44247259517062854, 0.10660798365746213, 0.0735973965755303, 0.20964403706277493, 0.4947937519411556, -0.4416290194591366, 0.017328672822566393], [0.14981459455606636, -0.5481528115377483, -0.20073675969851323, 0.20667801829748067, -0.226644583281777, -0.0008410400060138989, -0.5481528115377483, -0.5271205282469346, 0.22564681320918847, 0.7391084942045866, 0.49003058921155024, 0.05009860149382467], [-0.622860234353352, -0.31541691588644005, 0.12787222178138039, -0.386719826118497, -0.23487278580963789, 0.5636778405889352, -0.31541691588644005, 0.5121259339281771, 0.5352024910807455, 0.16121485913802613, 0.13975599402739838, -0.043800915697391314]], "inverted": true, "swapped": false, "error_lsq": 0.060623680330697184, "error_max": 0.4385815888543542, "target": "652.xyz", "model": "16.xyz", "model_rescale": 3.795458400668931, "target_rescale": 3.9258979982547313},
{"mapping": [7, 3, 6, 0, 11, 10, 8, 9, 5, 1, 2, 12], "R": [[0.6430187943004663, 0.2952489220896777, 0.7066504823328562], [-0.6804827277830688, -0.20308531037236846, 0.7040593823676188], [0.3513831062605156, -0.9335868629730405, 0.07032412046281825]], "T": [-0.03264977504061547, 0.02023691206886439, -0.10522955723233929], "aligned_model": [[-0.16204590375855196, 0.5187393714579741, 0.5713414499850148, 0.36675413080527297, -0.6573943700540387, -0.4415779071452005, 0.027134794044930667, -0.028969356359308716, 0.32381146529617905, 0.5120217533716607, -0.196913142373693, -0.1493619586512215], [-0.04353377083418344, -0.26618432668844666, -0.24117707731137947, 0.36878208777294913, -0.49454816549848285, 0.1735247760765227, -0.6507872900045182, -0.47061845850495865, 0.1031234857742446, 0.583029168425139, 0.6542735231256318, 0.09384462433144342], [-0.7459046866238634, -0.621286549997863, 0.0504405339095452, -0.369810675146612, -0.09967220727898239, 0.4848418592704017, -0.16719001111842566, 0.641090306319328, 0.5793446199477269, 0.21319533871062696, 0.16414558362704718, -0.008432364826025052]], "inverted": true, "swapped": false, "error_lsq": 0.05343511996014483, "error_max": 0.3054324635493432, "target": "652.xyz", "model": "17.xyz", "model_rescale": 3.7474275329858107, "target_rescale": 3.9258979982547313},
{"mapping": [8, 5, 9, 4, 3, 1, 12, 7, 2, 6, 0, 13], "R": [[0.4350432095950705, -0.08426284609024393, 0.8964581298387513], [0.6717437717901972, -0.6326027883359442, -0.3854530026484009], [0.5995812795996045, 0.7698788768100866, -0.21860650538202292]], "T": [-0.04111081311667341, -0.14189560165451048, 0.007093438446712204], "aligned_model": [[-0.2753948985563451, 0.3343191303794874, 0.6219755869069274, 0.40246216995940803, -0.6935191914735167, -0.5545211346503209, 0.36780407891264943, 0.07309036188841464, 0.09901130422183632, 0.5337042103267761, -0.20149200628528063, -0.02389928501101829], [0.17356267723955987, -0.3586943865100794, -0.16352102741728478, 0.3711602907912949, -0.1383782669640235, 0.015240743222461217, -0.7667356072290656, -0.5740516124015931, 0.2713633247532273, 0.3511674264515944, 0.6778330024908226, -0.04921798776295204], [-0.594946006112851, -0.5719321059655459, 0.09411603850207106, -0.4716992953455105, -0.17982931970676483, 0.44325444962389055, -0.03291283385822494, 0.6134089965836627, 0.5669287497540461, 0.15363814356728908, 0.04537240401041201, 0.05536252574043043]], "inverted": false, "swapped": false, "error_lsq": 0.04918533223592537, "error_max": 0.36516175890361935, "target": "652.xyz", "model": "18.xyz", "model_rescale": 3.922800546911778, "target_rescale": 3.9258979982547313},
{"mapping": [10, 4, 8, 6, 9, 3, 13, 12, 5, 1, 2, 14], "R": [[0.7076399038482917, 0.7029755176520119, -0.07121227466853303], [0.06754911255314244, 0.03301716666296399, 0.9971694861450751], [0.7033369632508046, -0.7104472452529014, -0.024121107721256474]], "T": [0.06558712798138935, -0.04849596280631045, 0.05279390521997901], "aligned_model": [[-0.17236261448794715, 0.3050936977327398, 0.6609935132603724, 0.5040284393795003, -0.7057508570883823, -0.4008748560401346, 0.19319420091471393, 0.020722927474063048, 0.3584913407800395, 0.3321846327058171, -0.3963909260998143, -0.015789171911949923], [0.15133429343688615, -0.2892630450839685, -0.1725517314506726, 0.2334453369608525, 0.06626513911598467, -0.03838093919638973, -0.7126198735971204, -0.5344285320783041, 0.09308997714314722, 0.6415378656278474, 0.46996117155036604, -0.09866108576466687], [-0.6915503941548875, -0.586373486180435, 0.11981671220902218, -0.3989207080683439, -0.18089560714433137, 0.4903554978502961, -0.06749579871803368, 0.6696170453501713, 0.7432243969562196, 0.08040024556153302, -0.12301121464230982, 0.06559505777400396]], "inverted": true, "swapped": false, "error_lsq": 0.049300596689382546, "error_max": 0.278005235730911, "target": "652.xyz", "model": "19.xyz", "model_rescale": 3.9282355846067225, "target_rescale": 3.9258979982547313},
{"mapping": [3, 5, 7, 6, 0, 11, 2, 10, 9, 8, 4, 13], "R": [[0.811050747609698, 0.5584598119530745, -0.17412444755141884], [-0.5669134495120612, 0.8237761072451717, 0.0014373219289063113], [0.14424224611425693, 0.09754775018076156, 0.9847226060523777]], "T": [0.15869343827487514, 0.002105714581693764, 0.024134116483617345], "aligned_model": [[-0.2536320566265401, 0.30753516104253636, 0.7220274037799688, 0.5102265685014888, -0.6362953851312719, -0.3833710803036312, 0.22556143949806676, -0.1442674662772092, 0.25734936943442543, 0.28380182598876214, -0.24829599048127726, 0.042900537193698976], [0.08772840823342737, -0.2811469862262672, -0.2581648128071424, 0.26461818582096513, -0.07079881065200525, 0.15601894168274544, -0.8090484488103117, -0.6178676235952559, 0.24197707262796259, 0.72727891006196, 0.47709203604584943, -0.10795829571796589], [-0.5995737556229334, -0.5965946498041571, 0.07901464363729643, -0.45996888376942136, -0.02948201034961504, 0.46667219117047054, -0.1034347040961339, 0.5399655804853567, 0.6653466897180056, 0.21673034440295397, -0.06595164400328002, 0.00803794502436235]], "inverted": false, "swapped": false, "error_lsq": 0.045568948379967174, "error_max": 0.2676009866014046, "target": "652.xyz", "model": "20.xyz", "model_rescale": 4.067790424073018, "target_rescale": 3.9258979982547313},
{"mapping": [11, 3, 0, 12, 6, 5, 2, 4, 7, 9, 13, 14], "R": [[-0.7517551013984972, -0.023410997286102686, 0.6590267010731851], [-0.5189859358560382, -0.5955510473464859, -0.6131660039403161], [0.40683886970761207, -0.8029762606768481, 0.4355585596500876]], "T": [0.01754238056213074, 0.03115464237178891, 0.08722923338504046], "aligned_model": [[-0.1651612081040027, 0.25253888068149205, 0.63486179895942, 0.4707471644415783, -0.48912068500712313, -0.3968454032637573, 0.14877343780751, -0.2952884285665035, 0.5628294681623881, 0.44008961187732215, -0.5027132801948719, 0.02282896982556567], [0.23038628579872203, -0.3464813704603713, -0.3115238770169381, 0.34669024879041266, -0.4157279934725002, 0.06013375413824252, -0.6946204681745326, -0.5813382054540988, 0.23786683224243552, 0.6830953676556651, 0.4968565813817474, 0.10439142123517742], [-0.5001023636920006, -0.6379691556056544, 0.1643408248622053, -0.44386075131482355, -0.21467364911891607, 0.5066444173674307, -0.011517058011987186, 0.4988867256748524, 0.5526280084845212, 0.1090701924548656, 0.036442852042626456, 0.06087170364978432]], "inverted": true, "swapped": false, "error_lsq": 0.05125119821864818, "error_max": 0.2742041909966876, "target": "652.xyz", "model": "21.xyz", "model_rescale": 4.186013935880536, "target_rescale": 3.9258979982547313},
{"mapping": [6, 3, 11, 4, 0, 1, 5, 2, 9, 10, 7, 12], "R": [[-0.34981522671421855, -0.38267850095409717, -0.8550944228951591], [0.9275628248995074, -0.013492224475172676, -0.3734235741663315], [0.13136404768172322, -0.9237830507138767, 0.3596781369369529]], "T": [0.09487045227539632, -0.04233400075220413, 0.09855459899413349], "aligned_model": [[-0.11797213428648647, 0.3214667152700531, 0.7116976787548724, 0.4156645018514609, -0.5783380768326843, -0.5227288944654842, 0.03233344191942329, -0.12057370820937928, 0.26330303332932864, 0.39274212684007465, -0.23169295817214947, 0.11763860061998828], [0.020550520020614055, -0.4157035752570613, -0.16627010176229146, 0.38370488817278486, -0.2666095069685696, 0.15441309065047576, -0.7817271060840142, -0.6359511524412664, 0.23148265815091523, 0.7328246265465547, 0.6005323705611066, -0.04751813492528664], [-0.4119318547047038, -0.7148259694776653, 0.04260824744272396, -0.3945966877816551, -0.036646046913713204, 0.4376487818728276, -0.12036487076215832, 0.4870152711329828, 0.6296907992149199, 0.18041423895305225, -0.03710271732967371, 0.05885255514596714]], "inverted": true, "swapped": false, "error_lsq": 0.04358301171143939, "error_max": 0.24286678726285907, "target": "652.xyz", "model": "22.xyz", "model_rescale": 4.166573947596378, "target_rescale": 3.9258979982547313},
{"mapping": [4, 8, 9, 3, 0, 5, 10, 13, 12, 11, 2, 15], "R": [[0.6633133471840553, -0.43578812422291735, 0.608361828383205], [0.6394213578644207, -0.0923005618190384, -0.7632960981131178], [0.3887875133724148, 0.8953040361096118, 0.21742803952465137]], "T": [0.08266796334175225, 0.01227781596535701, 0.06951624474141045], "aligned_model": [[-0.20117857551617752, 0.19287345928796884, 0.6501730222685222, 0.3105543331496579, -0.5787753474866664, -0.5875883475375738, 0.17917686051036652, -0.10159044651159527, 0.33515638351684196, 0.6468803694426359, -0.17686509473690065, 0.014723710231937526], [0.19659965544060115, -0.3393810035550043, -0.10748510371116363, 0.38363769146863463, -0.22406859446123392, -0.3238414867087177, -0.7056307451472646, -0.5686208260443708, 0.29745544062319346, 0.5586420940121768, 0.6235742301294529, 0.018847224617657813], [-0.582641799934441, -0.6503934464963034, -0.0855450897207065, -0.34471351920370846, -0.34688366361210987, 0.42846230377768896, 0.25987003049988017, 0.6572396022875557, 0.6027185284023289, 0.1419300825255853, -0.038966587926031956, 0.07968530619316647]], "inverted": false, "swapped": false, "error_lsq": 0.0511630267197927, "error_max": 0.3232534839715711, "target": "652.xyz", "model": "23.xyz", "model_rescale": 4.274766983524099, "target_rescale": 3.9258979982547313},
{"mapping": [3, 0, 1, 2, 6, 7, 8, 5, 10, 4, 11], "R": [[-0.43134707024755803, 0.8765057020086433, -0.21372285637054383], [-0.5125203782232031, -0.4330243341139382, -0.7414936196428973], [-0.7424705831848111, -0.21030378125824645, 0.6360108117742108]], "T": [0.021071395742012097, 0.052869556046506644, 0.02802293648429332], "aligned_model": [[0.250693181759433, 0.3373098192073205, -0.3236229902394603, -0.4734073915744445, -0.6643941484901116, -0.5887771848492737, -0.008996812468414966, 0.06876040015223385, 0.6077993331413364, 0.17064061616143317, 0.003889881158023245], [-0.05080756217653423, 0.5753024585042789, 0.5213843240224947, -0.26373710431831265, 0.318576970322048, -0.09693981699668067, -0.616877486170657, -0.06679932085598433, -0.08614393997631623, 0.6374208603966666, 0.044207148492480496], [-0.5503872391379269, -0.22971308515490463, -0.5566816399484987, -0.3658003159821747, 0.028880678790317187, 0.6635291139998819, 0.10015892965156442, 0.6764843348247335, 0.12218854181163516, 0.43726584484343456, 0.05364127032351572]], "inverted": false, "swapped": true, "error_lsq": 0.05096144187331944, "error_max": 0.24508765185138323, "target": "652.xyz", "model": "24.xyz", "model_rescale": 3.7841303162186577, "target_rescale": 3.9258979982547313},
{"mapping": [13, 14, 9, 12, 11, 6, 10, 0, 4, 5, 3, 15], "R": [[0.9901061763518831, 0.07969623058987989, 0.11549142989684825], [0.028086332312697845, 0.6938430709791309, -0.7195783145644882], [-0.13748060767640877, 0.7157026642985295, 0.6847399351789787]], "T": [0.11334729822471368, -0.16156057737337226, 0.16309612272750448], "aligned_model": [[-0.1332111375602127, 0.37352080508824725, 0.6132074946488975, 0.46347789952011914, -0.5672517795296784, -0.4722907381845589, 0.060740082334828, 0.012943937154264479, 0.11254009200592167, 0.4074574122843474, -0.24625309209152124, 0.05865935094836345], [0.14496242159709893, -0.3011992575953407, -0.26658113307616116, 0.27864092755223757, -0.18405627860419946, 0.15405751324580252, -0.8514113688427923, -0.6741987466887807, 0.4224857405135575, 0.6617497515475651, 0.5475378769560278, -0.12225886994105356], [-0.5131084218568094, -0.5731849021690761, -0.12194979539232662, -0.345630821247239, -0.19145487212188286, 0.4449467275301675, -0.19270364065427228, 0.6812189091385028, 0.6274166906966554, 0.09239896193861188, 0.03321606657869322, 0.1795968443518802]], "inverted": true, "swapped": false, "error_lsq": 0.049992436337488295, "error_max": 0.26941671199746514, "target": "652.xyz", "model": "25.xyz", "model_rescale": 4.19342608120988, "target_rescale": 3.9258979982547313},
{"mapping": [3, 4, 0, 5, 6, 8, 4, 2, 1, 9, 10, 11], "R": [[0.28740844678023586, 0.696652689277315, -0.6573213941764389], [-0.388515461069206, -0.5424882341249576, -0.7448236384179596], [-0.8754725131205177, 0.46944812957202225, 0.11474464001327131]], "T": [0.07246953641115497, 0.1470813387176757, 0.015964697778187882], "aligned_model": [[-0.07889837379033648, 0.10660798365746213, 0.6810854539421264, 0.5725228254855902, -0.6156477901055492, -0.44247259517062854, 0.10660798365746213, 0.0735973965755303, 0.20964403706277493, 0.4947937519411556, -0.4416290194591366, 0.017328672822566393], [0.14981459455606636, -0.5481528115377483, -0.20073675969851323, 0.20667801829748067, -0.226644583281777, -0.0008410400060138989, -0.5481528115377483, -0.5271205282469346, 0.22564681320918847, 0.7391084942045866, 0.49003058921155024, 0.05009860149382467], [-0.622860234353352, -0.31541691588644005, 0.12787222178138039, -0.386719826118497, -0.23487278580963789, 0.5636778405889352, -0.31541691588644005, 0.5121259339281771, 0.5352024910807455, 0.16121485913802613, 0.13975599402739838, -0.043800915697391314]], "inverted": true, "swapped": false, "error_lsq": 0.060623680330697184, "error_max": 0.4385815888543542, "target": "652.xyz", "model": "26.xyz", "model_rescale": 3.795458400668931, "target_rescale": 3.9258979982547313},
{"mapping": [7, 6, 1, 0, 10, 4, 8, 11, 9, 2, 3, 12], "R": [[0.7461177399613086, -0.5481933283208357, 0.37787880715853084], [0.2634910120176281, -0.278101600314461, -0.9237055734856547], [0.6114579337133143, 0.7887607841969964, -0.0630525226456799]], "T": [0.09930258701347791, -0.09725973072496819, 0.08261867621565872], "aligned_model": [[-0.3665607207498013, 0.4592346863082736, 0.6818038754585983, 0.34271944678164423, -0.5928887283457489, -0.5853340534815662, 0.31242190026192956, -0.21588478225968924, 0.20454505538942996, 0.6183046381886399, -0.20535788450066603, 0.030536893567973927], [0.12819319178056304, -0.43534579291053926, -0.16591375298668182, 0.5323903484376834, -0.21449139231226097, 0.05578085240297859, -0.788024352837032, -0.5333136229599006, 0.13738784342062604, 0.5939255339042562, 0.5686434084426572, -0.06950368771838772], [-0.5437601682889968, -0.5786933969608119, 0.0030445300481251047, -0.40272883050914715, -0.039095534014609426, 0.5372772657574192, -0.007803142307629615, 0.5538813599184538, 0.42647741016483864, 0.24915610364446913, -0.011357731415932049, -0.06563611924327442]], "inverted": false, "swapped": false, "error_lsq": 0.04544603814428393, "error_max": 0.19226116865320325, "target": "652.xyz", "model": "27.xyz", "model_rescale": 3.6321398670334006, "target_rescale": 3.9258979982547313},
{"mapping": [2, 13, 9, 11, 1, 3, 6, 7, 8, 10, 0, 14], "R": [[0.41241139514707087, 0.6162432385529664, -0.6709404683655611], [-0.8701933984178758, 0.48443007192022464, -0.08994973468173517], [0.2695928235372654, 0.620944261876312, 0.7360352798202592]], "T": [0.05157962443952964, -0.04884656694536202, 0.10466671990972869], "aligned_model": [[-0.2952738781923943, 0.29628801282698614, 0.6931030854443909, 0.2658530236704413, -0.48634357248557897, -0.5369007297109016, 0.34113118564234124, -0.19700085507386084, 0.1827666265370952, 0.522214010537668, -0.13663225373466426, 0.0343356711574947], [0.17346909506030986, -0.34185478087506416, -0.09921691425546868, 0.2895171350935194, -0.26171722899870803, 0.0989760023693291, -0.7471794443533158, -0.41250922846490734, 0.07322348798492562, 0.563485784435676, 0.5459916120146197, -0.07245694334695385], [-0.5762973451270113, -0.6169573672274662, -0.07556268477339313, -0.3974515449873836, -0.23088046245535349, 0.42622455412068233, -0.07532917692380693, 0.7425104294697353, 0.5893506251144848, 0.19535298717662997, 0.09219579430006852, 0.047605938105718046]], "inverted": false, "swapped": false, "error_lsq": 0.048017964370414966, "error_max": 0.2236520241484993, "target": "652.xyz", "model": "28.xyz", "model_rescale": 4.156811204709835, "target_rescale": 3.9258979982547313},
{"mapping": [9, 2, 3, 1, 7, 8, 10, 5, 4, 11], "R": [[-0.06632144006784896, 0.6918702138743621, 0.7189694525783216], [0.7781750755860432, -0.4151409958073911, 0.47127646380516813], [0.6245358423052939, 0.5907398418538337, -0.5108634073042665]], "T": [-0.05472533817942524, 0.06901321870445032, 0.006445970149389274], "aligned_model": [[-0.6156954811285901, 0.0726001755210289, -0.0392557892912431, 0.696497596295619, -0.11023922272463263, -0.6012313570787812, -0.4821890655304105, -0.40736499174934804, 0.19242540156759416, -0.06262189177064893], [-0.12056603998418436, -0.5818068203724506, 0.08350860497868082, -0.05199543776708104, -0.3829827441261759, -0.3220505409846901, 0.4774770343085557, 0.16282418552724612, 0.5990870611002566, 0.05522502794604657], [-0.6819047745997503, -0.23864032684299982, -0.6240966672306288, -0.31170612715290247, 0.7751098104390117, -0.048953545899257905, -0.14479443109761672, 0.5577551788628278, 0.4417495086220762, 0.034268101874340186]], "inverted": true, "swapped": true, "error_lsq": 0.05520719716524801, "error_max": 0.24109592042982214, "target": "652.xyz", "model": "29.xyz", "model_rescale": 4.117894457231895, "target_rescale": 3.9258979982547313},
