[{"mapping": [6, 1, 0, 3, 5, 11, 12, 8, 9, 2, 4, 10, 7, 13], "R": [[0.9696585062765836, -0.1993407797510196, 0.14151195968440422], [0.21891799345432383, 0.9656845518263583, -0.13974354548907983], [-0.1087993260429383, 0.1664830318446339, 0.980023523575032]], "T": [0.08740947131730091, -0.1074020810881462, -0.10981944438040975], "aligned_model": [[-0.6759419877503458, 0.37826989903297664, 0.41487170483114794, -0.27540371660976054, -0.1449037934796618, 0.17880313564862066, 0.6659645098982774, -0.340670124747086, 0.4424713511591605, -0.26365957261749384, -0.5798335708431396, 0.7461095026073458, -0.0020002080685703194, 0.09250849869972441], [-0.06508837620874766, -0.3727240945794979, -0.7891982035399968, -0.4280044044935052, 0.27453170056368204, 0.5844656984749111, -0.11155600413397172, 0.47668017866891155, -0.21395548613763127, -0.7021858508443751, -0.0764356347816791, 0.5233201128880614, 0.197349607493074, -0.010711380062792458], [-0.11691764882429989, -0.5317774448602217, 0.04293842812497267, -0.3067484841155913, -0.7201950614180723, -0.10452656559287075, -0.0904127385934877, 0.18373618049014234, 0.5220987505782033, 0.22817617546544283, 0.5737242839228422, 0.31882108968742495, 0.5761301164580528, 0.021194946090172445]], "inverted": false, "swapped": false, "error_lsq": 0.04554665335532097, "error_max": 0.29957896299048625, "target": "653.xyz", "model": "0.xyz", "model_rescale": 3.8414455957264533, "target_rescale": 4.063284352015415},
{"mapping": [6, 5, 4, 2, 10, 12, 1, 8, 0, 7, 9, 11, 13, 14], "R": [[0.7829467646049368, -0.1933596936514118, 0.5912752258176337], [-0.4472509154935892, -0.8355958317364615, 0.3189768401856119], [0.4323898500020645, -0.5141902710628461, -0.7407073529805877]], "T": [0.03575685577591161, -0.10571767749253713, 0.03319851103535501], "aligned_model": [[-0.59933422458184, -0.0323690674942547, 0.25739827547935357, -0.3143547609472772, 0.014582383271058562, 0.21333967028296655, 0.8841224683545519, -0.38572320477701155, 0.4725194851807911, -0.12010135393071214, -0.5145424440552501, 0.6449957501695748, 0.006739155789308553, 0.10931349501993606], [-0.12744634845559377, -0.2615741432097379, -0.5995526894582913, -0.6965055869515799, 0.3003855387760648, 0.6345623812189382, -0.0750915888733032, 0.5565556476331416, -0.37523749179146415, -0.5515546064050684, -0.14388481148843202, 0.426804507728633, 0.27839248001663774, -0.07936542543350195], [-0.42090980015465773, -0.6035042497998906, -0.019898540453562534, -0.23697963295656596, -0.5172677639178235, -0.019140026706546104, -0.13364189551742503, 0.12292586964939227, 0.5451700383323078, 0.4689652530201126, 0.43472513590762163, 0.30061858121564333, 0.6862408991121887, -0.011061840318085214]], "inverted": true, "swapped": false, "error_lsq": 0.0497795017921671, "error_max": 0.2852043246436739, "target": "653.xyz", "model": "1.xyz", "model_rescale": 4.316132596720782, "target_rescale": 4.063284352015415},
{"mapping": [10, 8, 9, 4, 3, 7, 1, 5, 2, 11, 6, 13], "R": [[0.826440122211487, -0.3167666777612832, 0.465462776448495], [0.5565696729348695, 0.33481117008672706, -0.7603497087224595], [0.08501131435423556, 0.8874459714513532, 0.45300411056250833]], "T": [-0.15531083979904925, -0.023159894768910196, 0.0030635636150294424], "aligned_model": [[-0.3556254997795272, 0.5903090157941085, 0.07490794346528634, -0.4413614497692003, -0.4336545359039134, -0.5165520318116705, -0.19741568206527393, -0.2813600318854707, 0.4054202694317012, 0.37187721836469734, 0.4437273450339161, -0.06246400624287314], [-0.756141097832171, -0.1886501976543982, -0.599485267189639, 0.3838044654096872, -0.23616352477103766, -0.11056899764143159, 0.4381562122931637, 0.5681650453396974, -0.03151633902827808, 0.14849702254638028, 0.41227078407914997, -0.01559167781014282], [0.019035502514506565, 0.11113111713788337, -0.4952193356125828, -0.05733063369932275, -0.5836989647709073, 0.48205216558602326, -0.6308434385463225, 0.5328699960072055, -0.5167607123132878, 0.677248345435511, -0.01676317167632295, -0.07246240885296243]], "inverted": false, "swapped": true, "error_lsq": 0.0425641705669328, "error_max": 0.23478335554429555, "target": "653.xyz", "model": "2.xyz", "model_rescale": 3.795458400668931, "target_rescale": 4.063284352015415},
{"mapping": [1, 6, 2, 12, 3, 10, 8, 4, 11, 7, 9, 13], "R": [[-0.4391770136248184, 0.859243948847105, -0.2623421183744989], [-0.894817186941199, -0.39230528282971844, 0.213069864172609], [0.0801607925249336, 0.32832362302083623, 0.9411577157460095]], "T": [0.22031111608052098, 0.021053427373486495, 0.0028049182448060678], "aligned_model": [[-0.02020593863829373, -0.13963960353540708, -0.5215256851753977, 0.12253012443476728, 0.023597464596575107, 0.20377098307172056, -0.3189459803585344, 0.4990806881872615, 0.27156204677428236, 0.7630799091191842, -0.39604500104109364, 0.10604481830850132], [-0.11456584395194482, -0.6261863624041205, -0.09136324173975288, 0.06942997327944829, 0.5255459981829108, 0.6992648723067044, -0.2681838798697035, -0.13359915164732475, -0.6077865870100261, 0.11968890860163635, 0.5216258346785775, -0.008101475136695898], [-0.7321661120692523, -0.016059237686079773, -0.14466418927293168, 0.6632283681733098, -0.4142406543143665, 0.3454390815166786, 0.47244112805739596, -0.38379889246940824, 0.6060064139194671, 0.2542779983866967, 0.05730145628008311, -0.018993929882491954]], "inverted": false, "swapped": true, "error_lsq": 0.049336777784316714, "error_max": 0.3236147695931423, "target": "653.xyz", "model": "3.xyz", "model_rescale": 3.7530521520055578, "target_rescale": 4.063284352015415},
{"mapping": [1, 3, 9, 10, 2, 7, 6, 4, 5, 12, 13], "R": [[-0.0253132265586285, 0.35464638477608235, -0.9346577888866312], [0.6106670247313588, -0.7347542590942688, -0.2953336480128572], [-0.791482801750576, -0.5782405386239253, -0.19797185159757236]], "T": [-0.0873444978792083, 0.03914799986206527, 0.048113277213452536], "aligned_model": [[-0.5576457768692558, -0.13689259829372757, 0.4581562849685279, 0.3981977045180758, 0.1805267149989906, -0.1682902194512693, -0.10411774020537637, -0.588408008988319, -0.5823806035895541, 0.48817346505320447, -0.04911961969609143], [-0.5477308837687117, -0.15667192895730223, -0.28115748452320877, 0.404455184397554, -0.6761203106372665, 0.6352549431727073, -0.4734564185657727, 0.036851157208004026, 0.3153157253554172, 0.2848602492553557, -0.07439687462243001], [-0.17730486468063122, -0.6048304918017269, -0.434867843858065, -0.40844114505985923, 0.011469830721599787, 0.12341223594348619, 0.5827113420738628, 0.043371617382969775, 0.618130014566995, 0.2857371619066811, 0.05344292005000415]], "inverted": true, "swapped": true, "error_lsq": 0.05415169284039509, "error_max": 0.28133150392215184, "target": "653.xyz", "model": "4.xyz", "model_rescale": 3.7855080009869324, "target_rescale": 4.063284352015415},
{"mapping": [5, 1, 12, 4, 3, 9, 14, 10, 13, 6, 7, 15, 8, 16], "R": [[0.6621149933577484, -0.5464714434888687, 0.5128086358692306], [0.7385799725326345, 0.35997484620315445, -0.5700155561690473], [0.12689901396213374, 0.7561660343814761, 0.6419576066246357]], "T": [0.07657866844617862, -0.10919451726044532, -0.0009187423925775817], "aligned_model": [[-0.6274596357196153, 0.08931947726074542, 0.6287893461786894, -0.47652619659345546, -0.07364777552915756, 0.27655080229575685, 0.6994997471809914, -0.25271741776522333, 0.5050968126320436, -0.16077344805576654, -0.6143358782369213, 0.4712114657650806, 0.05359379100036758, 0.11798453734766], [0.13673433500456486, -0.6696724135577032, -0.4890108481150294, -0.5801125883186491, 0.34524756686006536, 0.5372544853205197, 0.1136778210229433, 0.4998092932657597, -0.3668013809055592, -0.5706894667839792, -0.11814543505729902, 0.44843920079291494, 0.08126381765113255, -0.0815065238732385], [-0.315485604141032, -0.509648669310899, -0.11868200162276019, -0.13988622954571242, -0.5042387331638286, -0.2223433390271078, -0.14232117882427867, 0.22633160512024725, 0.523369863989278, 0.3950149040979428, 0.2887818653530554, 0.46019696809243693, 0.6762128489802739, -0.02106027258490624]], "inverted": false, "swapped": false, "error_lsq": 0.048989430268923426, "error_max": 0.3219331233673761, "target": "653.xyz", "model": "5.xyz", "model_rescale": 4.2253639853439635, "target_rescale": 4.063284352015415},
{"mapping": [12, 0, 3, 7, 9, 1, 4, 8, 2, 6, 11, 10, 5, 13], "R": [[0.5115462492709246, 0.5931807462935679, 0.6216566874758569], [0.43986928268068487, -0.8022762193352649, 0.40356893096854474], [0.7381296966054334, 0.06700350823442008, -0.6713233802523573]], "T": [0.05656618077121607, 0.006179736794964315, 0.0370428611454322], "aligned_model": [[-0.7761509318521056, 0.10560209095985303, 0.3180459582788607, -0.20152605037806293, -0.20652101242679383, 0.5049238458775063, 0.7400630390485883, -0.17180091006371145, 0.4740023020920407, -0.11756960950954741, -0.6177106886649439, 0.5009177739595386, 0.002468523770277356, 0.08184129666969511], [-0.3389030296288096, -0.19344746775158073, -0.6504475722305456, -0.6758951107812938, 0.3485129377715194, 0.46967920442989, -0.11850186828621034, 0.6942537802731823, -0.20870102351999142, -0.5249967003299704, -0.0539476158591107, 0.4736413556816773, 0.11456088290081182, -0.04931990936312542], [-0.20553467105948015, -0.7380746190106428, -0.021934894786886885, -0.27529272528545023, -0.39445399373270207, -0.3134559685257137, -0.09785656170681623, 0.1794066841968611, 0.5163600374497296, 0.35523507869586746, 0.4208256038780526, 0.47584095923606007, 0.6583867571695877, 0.0367903408942426]], "inverted": true, "swapped": false, "error_lsq": 0.05623850334386314, "error_max": 0.4035849314342215, "target": "653.xyz", "model": "6.xyz", "model_rescale": 3.89814844738969, "target_rescale": 4.063284352015415},
{"mapping": [4, 5, 6, 0, 2, 11, 7, 3, 10, 12, 8, 9, 13], "R": [[0.5460466494368661, -0.6536654551345189, -0.52397951238818], [0.7773313027699731, 0.16209979144254175, 0.6078484213586649], [-0.31239254532192184, -0.7392192708378665, 0.5966286678070575]], "T": [-0.050662035043612594, -0.008526320774317017, -0.09500137439690164], "aligned_model": [[0.07410646341149042, -0.22551705079317674, 0.42340731332781895, -0.3581082659607071, 0.5784920690838965, -0.26900494989850265, -0.6119528384266325, 0.1834166962812231, -0.5003672955818078, -0.4408818806550476, 0.09502055264530364, 0.15031112253944495, 0.04970986493091932], [-0.2777777024313112, 0.15304490055824588, 0.5161818627902548, -0.725397760339869, 0.2290785007937074, 0.7836605283047126, -0.09396284230318086, -0.5418201459855384, -0.19398030252890724, 0.45048422797626536, 0.6914972965558669, -0.06338403154299434, 0.03615673362323386], [-0.49876976872485557, -0.8628352778737781, -0.31586173172121623, -0.061054949563919755, 0.26888809630999577, -0.3894242567445382, -0.3076486544559181, 0.26268685270345493, 0.4889631015560542, 0.19671481295505594, 0.1944085845757167, 0.6731378657325124, -0.04692964391226869]], "inverted": false, "swapped": true, "error_lsq": 0.04330107131916971, "error_max": 0.2758113824280548, "target": "653.xyz", "model": "7.xyz", "model_rescale": 3.7474275329858107, "target_rescale": 4.063284352015415},
{"mapping": [10, 3, 8, 7, 0, 1, 2, 12, 4, 9, 11, 13, 13, 14], "R": [[0.7198970286227659, -0.466775033909439, -0.5136821350786442], [0.147384774562954, 0.8260158786445571, -0.5440363006767909], [0.6782521628473732, 0.31594119064456055, 0.6634419097757976]], "T": [-0.01665082233865968, -0.07775916500746649, -0.05572306443743693], "aligned_model": [[-0.7246013321733978, 0.2736930290546355, 0.44035500389464277, -0.5543675488026555, -0.08685436443442197, 0.35056414949776227, 0.8079941138552347, -0.24537341834482662, 0.6075604451357397, -0.22925304573676947, -0.472064164218208, 0.2186857529934801, 0.2186857529934801, 0.03156125404649947], [0.10149484427521072, -0.3919433530585385, -0.5717594436894469, -0.49082453881935795, 0.16947946895550886, 0.5074571655255615, 0.027760397069768628, 0.411205616646651, -0.17489435980312268, -0.6994165002851482, -0.15725329147503617, 0.3034401302357128, 0.3034401302357128, -0.05169840250703322], [-0.2605093810435089, -0.6311561890674054, 0.05527114850840396, -0.11987406569621509, -0.6624831143585665, -0.3514878882189102, -0.1876921785461645, 0.24301098982738314, 0.4059596115809939, 0.3298711421969869, 0.35992020506794853, 0.7236456687752907, 0.7236456687752907, -0.03187959038881757]], "inverted": false, "swapped": false, "error_lsq": 0.05502424274442961, "error_max": 0.5130083457140148, "target": "653.xyz", "model": "8.xyz", "model_rescale": 4.019505241142653, "target_rescale": 4.063284352015415},
{"mapping": [10, 12, 7, 0, 3, 4, 5, 9, 2, 8, 11, 6, 13], "R": [[0.04143816346658583, -0.04100963335358071, -0.9982990977561391], [0.6189061806656415, 0.7854373968241162, -0.006575348205561715], [0.7843710972125281, -0.6175810114004161, 0.05792819879173024]], "T": [0.11837280205784292, -0.07446091215925484, -0.03540517765391369], "aligned_model": [[-0.36897184441934294, -0.5405200499147403, -0.030356526923747573, 0.3394059987279422, 0.3555346296480839, 0.5797846904010151, 0.36834615486977607, -0.17885123323990074, 0.13005254118418969, -0.37245962890047235, -0.2968445420366038, 0.2125119033598496, 0.12206867898512745], [-0.5634473932971713, 0.04317852135954188, 0.13586396080007535, -0.48127092464594373, -0.7152952210746265, 0.05541801803523193, 0.6505524201375743, -0.7397049835289035, -0.3221337306912029, 0.09846105918874838, 0.6709335311295694, 0.3329360683769407, -0.10211309767577564], [-0.3532572292341313, -0.026365319397425577, -0.5842299815805704, -0.664078499212283, -0.05029411059997805, -0.18142892153222662, -0.2764807473411419, 0.2848223493876219, 0.6879399982604546, 0.5339770507945849, 0.14871474806918275, 0.5761545105682675, 0.08122964586152442]], "inverted": false, "swapped": true, "error_lsq": 0.03968843886619155, "error_max": 0.219787642363535, "target": "653.xyz", "model": "9.xyz", "model_rescale": 3.877068213659057, "target_rescale": 4.063284352015415},
{"mapping": [2, 8, 11, 9, 7, 1, 0, 4, 12, 10, 13, 5, 3, 15], "R": [[-0.5069549770197262, -0.15275464559861804, 0.8483293402464458], [0.133583769669364, 0.9583588871238712, 0.2523957605658575], [-0.8515585873889426, 0.24127631818878528, -0.4654392662049613]], "T": [-0.048882261492202886, -0.10989225068774058, 0.14229412935608712], "aligned_model": [[-0.617726006803158, 0.1360116777821247, 0.4428958218654862, -0.31757465307081206, -0.1684994128658704, 0.42382011909613115, 0.7200775632053396, -0.28695876783158797, 0.5672697447900771, -0.05461547161967158, -0.7249822801465596, 0.5000499418966424, -0.022282249564363005, 0.03909960102741632], [-0.04177351552445435, -0.24958479963057478, -0.632298983260028, -0.5457365733938665, 0.3806402025489435, 0.5024759985445467, -0.11732497660593, 0.5216268472107727, -0.23826347502918677, -0.8041243189385342, -0.10316336221751105, 0.41842485261877205, 0.30824322958645367, -0.11265326260295998], [-0.19256701991307543, -0.5936563844677523, -0.030624344948680604, -0.2742264931492804, -0.4990764490427493, -0.25072520467436477, -0.06364658594892589, 0.09136392354802376, 0.5448767291153533, 0.2879641165660055, 0.5171033912469924, 0.3170794739334081, 0.6189664510085329, 0.1234104241392217]], "inverted": true, "swapped": false, "error_lsq": 0.042184007272647005, "error_max": 0.2596201525485697, "target": "653.xyz", "model": "10.xyz", "model_rescale": 4.260839863003843, "target_rescale": 4.063284352015415},
{"mapping": [9, 2, 6, 8, 11, 12, 10, 3, 4, 5, 7, 13], "R": [[-0.7178375670940209, -0.4704647315075754, -0.5131979770771141], [-0.6959370237800435, 0.5055519032509959, 0.5099891489546332], [0.01951630602117764, 0.7232428427069298, -0.690317973308306]], "T": [0.11827586333952184, 0.03610998957705916, 0.06728946384324441], "aligned_model": [[0.41145223609432496, 0.1062403572296655, -0.3494724777036337, -0.4402832036296818, -0.7498396623547252, -0.3104740239467458, 0.36603968369005924, 0.7611459063087291, 0.2887221182634155, -0.2709746241410323, 0.03905221976239631, 0.10729011952135804], [-0.03854762934367498, -0.560580261295487, -0.5382633582995571, -0.16782390757848223, 0.08796147096109022, 0.3923866340192108, 0.5898313644060713, -0.06034750307189461, -0.10549421811728996, 0.06937382042202286, 0.5661517176938579, -0.06156962426293307], [-0.6688568022762686, -0.41075067669993715, 0.07939190585936323, -0.4240732736794059, 0.1421581749171218, -0.303252075681731, -0.39058414127299684, -0.14377944489962075, 0.5167210198501522, 0.7698747006493435, 0.3507414203422743, -0.0014127297127898009]], "inverted": false, "swapped": true, "error_lsq": 0.04241068694504452, "error_max": 0.24503135226851683, "target": "653.xyz", "model": "11.xyz", "model_rescale": 3.890672605050136, "target_rescale": 4.063284352015415},
{"mapping": [8, 1, 11, 6, 0, 3, 2, 7, 10, 9, 5, 4, 12, 13], "R": [[-0.5758119158019159, -0.8113354566629056, 0.10087325900416713], [-0.7804441345937363, 0.5086931253996724, -0.3635082625599414], [0.24361360881272903, -0.2880383324016228, -0.9261135614321447]], "T": [0.009402421302663201, -0.1560531213981215, -0.024583062449569405], "aligned_model": [[-0.57444578949365, 0.3077663671960801, 0.3497079992340555, -0.25427474951767026, 0.10228293754134832, -0.05937680514048541, 0.7183320019640553, -0.2975665884631163, 0.6334931767551213, -0.30104095386551083, -0.5777994645337496, 0.5168549774877093, 0.044909253219418195, 0.027743265377589824], [0.1489048615779951, -0.29918742159816236, -0.5792701096853343, -0.5515094565377726, 0.15468529423308075, 0.7224903416297768, -0.19599629354417525, 0.5050909514912676, -0.20050026804774285, -0.6951053873179658, -0.08578933424712634, 0.32531228223649816, 0.056654445638125134, -0.01929204252202127], [-0.31666685386431953, -0.7287065021157924, 0.06397007611216898, -0.3503851197292279, -0.5180497649751413, -0.30115847275002433, 0.012666452028629642, 0.4177095015881363, 0.6142249560943818, 0.44325022136238335, 0.480619003381935, 0.018268953023261335, 0.6885977719520769, 0.0719018053042414]], "inverted": true, "swapped": false, "error_lsq": 0.0565408349484113, "error_max": 0.43985214457904104, "target": "653.xyz", "model": "12.xyz", "model_rescale": 4.124412569039231, "target_rescale": 4.063284352015415},
{"mapping": [3, 9, 8, 0, 2, 1, 10, 4, 12, 7, 6, 11, 13], "R": [[0.9974957261123626, -0.06125765337155851, -0.03535217519446822], [0.041780189198586455, 0.10704907213522093, 0.9933755140658131], [-0.05706743535590772, -0.9923648502735263, 0.10934034828690209]], "T": [0.07269928971764289, 0.048119518695200876, -0.11789622414102971], "aligned_model": [[-0.2856529484831224, -0.06765513178742605, 0.5981933123496164, -0.6558509877578202, 0.5244143568943376, 0.28777390153791227, -0.5043974204594419, 0.06370229781092107, 0.09494444260496884, -0.2683394885404452, 0.8125239096350283, 0.6149680030186941, 0.152674060686535], [-0.25432792370554497, 0.28262286866912895, 0.5678387925888139, -0.22894698710049105, 0.02840279290723087, -0.6402845400001863, 0.4744502946602137, -0.400786959994348, 0.7156695793487052, 0.20447286270708678, 0.01144261836545768, 0.5425238053515584, 0.044408172710852074], [0.3793413873034456, 0.6295971109070232, 0.10292613444131546, -0.16293898255397282, 0.4987651364726894, 0.19237175533548842, 0.13279076484568283, -0.34036965742306335, -0.16197133538317524, -0.5941438639570576, -0.1054841675560752, -0.5905774167874279, -0.02860878467703329]], "inverted": false, "swapped": true, "error_lsq": 0.04100505841220668, "error_max": 0.2854305940247757, "target": "653.xyz", "model": "13.xyz", "model_rescale": 3.9028299243045295, "target_rescale": 4.063284352015415},
{"mapping": [7, 6, 1, 9, 3, 0, 2, 4, 12, 14, 10, 8, 5, 15], "R": [[-0.3277709326878777, -0.21826691010072807, 0.9191984397506339], [-0.21796856944980875, 0.9641689730419266, 0.15122134159992345], [-0.9192692306484118, -0.1507904087744228, -0.36360188971555113]], "T": [0.10857557131011746, -0.06506863311564257, 0.08376640973564996], "aligned_model": [[-0.7115030168124252, 0.08976502403105742, 0.4856626871470213, -0.3426833819323453, 0.008211615835545624, 0.3143437111684479, 0.7639359678997635, -0.2887392367887491, 0.4878310902933844, -0.3373131842290092, -0.5852947894358953, 0.6438006401838344, 0.08364148208794227, 0.02492701831262216], [-0.13647896298871187, -0.3473149793941237, -0.5300657875245446, -0.6312317978268189, 0.24996762736202385, 0.712189581690915, 0.10265033997260486, 0.48402333130370434, -0.3335596710294997, -0.6937903163006872, -0.04577129341494869, 0.36798079112785764, 0.21317206121982082, -0.12528306089114943], [-0.2943865089725455, -0.5198820190478158, -0.16878399949829948, -0.19312722418612238, -0.44478697097806497, -0.11808885866152254, -0.2069617557452163, 0.08526031675154307, 0.6017607174664964, 0.5184420538194728, 0.3549197560318896, 0.43377995428660254, 0.5127911652749224, 0.035305400871369554]], "inverted": true, "swapped": false, "error_lsq": 0.04552132770402182, "error_max": 0.2583976511280942, "target": "653.xyz", "model": "14.xyz", "model_rescale": 3.942246331269136, "target_rescale": 4.063284352015415},
{"mapping": [13, 10, 9, 11, 4, 3, 5, 12, 2, 6, 8, 1, 0, 14], "R": [[0.389626007652872, 0.022901605407201063, -0.9206883786766602], [-0.21602611713420483, -0.969527734664143, -0.11553652423772497], [-0.8952788899981967, 0.24390877021293933, -0.3728058756736655]], "T": [0.045159175870041354, -0.105033115043248, 0.004429992854854327], "aligned_model": [[-0.623684434438518, 0.16669360242807418, 0.542540211928642, -0.5536033966804648, -0.07203127808607375, 0.31796868991904126, 0.6455191184642227, -0.2456089077763901, 0.562493280355808, -0.12426953978479142, -0.48698743306724646, 0.3565492160387369, 0.08864262600442495, 0.06236387245572957], [0.291323473223398, -0.49484296091649205, -0.7379578562012636, -0.41642495128957024, 0.03226456439165756, 0.4881540832223862, 0.08373155478501107, 0.6463771501487074, -0.1643452330008352, -0.6294818764364687, -0.3352407362407245, 0.5915126862111064, -0.008917994201938145, -0.059664040388531105], [-0.23322422316571786, -0.5806154611610279, -0.009011849715772062, -0.2377053632755415, -0.5533152192679879, -0.2959894595092735, 0.08637751839439656, 0.14195378374023399, 0.5625477363810583, 0.09949205849142426, 0.5169388845113171, 0.2773798516554892, 0.7321583460047977, 0.08925542432931396]], "inverted": false, "swapped": false, "error_lsq": 0.0510336589815017, "error_max": 0.29119376539940156, "target": "653.xyz", "model": "15.xyz", "model_rescale": 4.355366556412066, "target_rescale": 4.063284352015415},
{"mapping": [10, 8, 9, 4, 3, 7, 1, 5, 2, 11, 6, 13], "R": [[0.826440122211487, -0.3167666777612832, 0.465462776448495], [0.5565696729348695, 0.33481117008672706, -0.7603497087224595], [0.08501131435423556, 0.8874459714513532, 0.45300411056250833]], "T": [-0.15531083979904925, -0.023159894768910196, 0.0030635636150294424], "aligned_model": [[-0.3556254997795272, 0.5903090157941085, 0.07490794346528634, -0.4413614497692003, -0.4336545359039134, -0.5165520318116705, -0.19741568206527393, -0.2813600318854707, 0.4054202694317012, 0.37187721836469734, 0.4437273450339161, -0.06246400624287314], [-0.756141097832171, -0.1886501976543982, -0.599485267189639, 0.3838044654096872, -0.23616352477103766, -0.11056899764143159, 0.4381562122931637, 0.5681650453396974, -0.03151633902827808, 0.14849702254638028, 0.41227078407914997, -0.01559167781014282], [0.019035502514506565, 0.11113111713788337, -0.4952193356125828, -0.05733063369932275, -0.5836989647709073, 0.48205216558602326, -0.6308434385463225, 0.5328699960072055, -0.5167607123132878, 0.677248345435511, -0.01676317167632295, -0.07246240885296243]], "inverted": false, "swapped": true, "error_lsq": 0.0425641705669328, "error_max": 0.23478335554429555, "target": "653.xyz", "model": "16.xyz", "model_rescale": 3.795458400668931, "target_rescale": 4.063284352015415},
{"mapping": [4, 5, 6, 0, 2, 11, 7, 3, 10, 12, 8, 9, 13], "R": [[0.5460466494368661, -0.6536654551345189, -0.52397951238818], [0.7773313027699731, 0.16209979144254175, 0.6078484213586649], [-0.31239254532192184, -0.7392192708378665, 0.5966286678070575]], "T": [-0.050662035043612594, -0.008526320774317017, -0.09500137439690164], "aligned_model": [[0.07410646341149042, -0.22551705079317674, 0.42340731332781895, -0.3581082659607071, 0.5784920690838965, -0.26900494989850265, -0.6119528384266325, 0.1834166962812231, -0.5003672955818078, -0.4408818806550476, 0.09502055264530364, 0.15031112253944495, 0.04970986493091932], [-0.2777777024313112, 0.15304490055824588, 0.5161818627902548, -0.725397760339869, 0.2290785007937074, 0.7836605283047126, -0.09396284230318086, -0.5418201459855384, -0.19398030252890724, 0.45048422797626536, 0.6914972965558669, -0.06338403154299434, 0.03615673362323386], [-0.49876976872485557, -0.8628352778737781, -0.31586173172121623, -0.061054949563919755, 0.26888809630999577, -0.3894242567445382, -0.3076486544559181, 0.26268685270345493, 0.4889631015560542, 0.19671481295505594, 0.1944085845757167, 0.6731378657325124, -0.04692964391226869]], "inverted": false, "swapped": true, "error_lsq": 0.04330107131916971, "error_max": 0.2758113824280548, "target": "653.xyz", "model": "17.xyz", "model_rescale": 3.7474275329858107, "target_rescale": 4.063284352015415},
{"mapping": [6, 1, 3, 0, 2, 7, 11, 9, 10, 8, 4, 12, 5, 13], "R": [[0.7451017502274442, -0.629687752870384, 0.21981063598708286], [-0.27303768955299823, -0.5886814434884431, -0.760857791033202], [0.6085012751766098, 0.5068998835839376, -0.6105560630532061]], "T": [0.10141612622199556, -0.04981342660983369, 0.02329735553626583], "aligned_model": [[-0.6174815708090072, 0.3058656361395313, 0.45711425473541256, -0.4705559152449269, -0.26730425020453263, 0.4398626821101306, 0.8143789783263912, -0.25427161946446475, 0.509332962435494, -0.07269581349336249, -0.612224105457021, 0.3718508252312501, 0.01247795952338164, 0.020235603932918927], [0.21026499617995276, -0.3147663728433375, -0.6258617951750022, -0.5483790539890256, 0.10841186241179927, 0.5175963723599624, -0.04810292621130384, 0.49797543845584946, -0.23842434768300375, -0.6492302488522572, -0.1797461013797233, 0.5406984481391593, 0.07588020069855526, -0.05982860880518213], [-0.0793872424472172, -0.5821105656097514, -0.02399217559584227, -0.32801829990342984, -0.5622304112960019, -0.338530408568166, -0.09253747304998813, 0.16868563819552887, 0.5471953853559599, 0.3800030561916524, 0.42710540619507514, 0.39396934350636215, 0.7300583131652529, -0.04396853872672485]], "inverted": true, "swapped": false, "error_lsq": 0.04333519757945897, "error_max": 0.2763414006329084, "target": "653.xyz", "model": "18.xyz", "model_rescale": 3.922800546911778, "target_rescale": 4.063284352015415},
{"mapping": [5, 13, 7, 12, 8, 6, 11, 1, 9, 3, 0, 10, 2, 14], "R": [[0.861730388838785, -0.36313503581870726, 0.3543355510144341], [-0.08658528599341, -0.7933914180278008, -0.6025222369749312], [0.49992371938246316, 0.4885314765302047, -0.7151316460890417]], "T": [0.038367959290971344, 0.01660246866969136, -0.04772949893427445], "aligned_model": [[-0.7053351854834902, 0.3646119303600116, 0.3367455778642877, -0.2804130720701147, -0.16546462572150072, 0.1677994041662392, 0.7182317852739956, -0.3487414809901018, 0.4464342472258154, -0.1864200398687678, -0.5925522395986633, 0.6736865715725714, 0.13374682970994506, 0.07425592532096767], [-0.08220953469021239, -0.2679558299503647, -0.7181625232961454, -0.6358527058425559, 0.2464346654370563, 0.681288626250267, -0.1926248991944771, 0.5926038792596461, -0.23424968404677446, -0.47207396378802385, -0.12260677121583066, 0.39103219442931186, 0.16951230350741284, -0.06864789355286682], [-0.18799902745096175, -0.5810260326261292, 0.04871853046299137, -0.34988003072773105, -0.5768987465647839, -0.1789071834365648, -0.08312299304210222, 0.20985869990158526, 0.6105244703234698, 0.2984134532968327, 0.48236778066677855, 0.2790323235289128, 0.64556006270306, -0.020399279622648342]], "inverted": false, "swapped": false, "error_lsq": 0.04290248124747288, "error_max": 0.24609390254737984, "target": "653.xyz", "model": "19.xyz", "model_rescale": 3.9282355846067225, "target_rescale": 4.063284352015415},
{"mapping": [11, 8, 6, 4, 9, 12, 7, 10, 5, 3, 0, 2, 1, 13], "R": [[0.8342564744069376, 0.29613170017800705, -0.46510445177378146], [0.5512245111810952, -0.4677464731243979, 0.6909158958605961], [-0.012948868030433713, -0.8327780334695254, -0.5534555752608881]], "T": [0.11826508234084206, -0.10225198896405466, -0.02941411121014332], "aligned_model": [[-0.5540492952480506, 0.007716303550856146, 0.5319136049725677, -0.3386566688430297, -0.04376037147039723, 0.31064968259562176, 0.6810470052506361, -0.178249583085678, 0.5123665315970314, -0.08938512689798143, -0.5822004420192286, 0.4056743647025331, -0.06811890798674912, 0.04163853064306379], [0.07104621847179382, -0.4618074696490032, -0.6079011545958763, -0.5242533379967047, 0.19504853629185145, 0.605111115084101, 0.1552336988790338, 0.6783293753372736, -0.3384700345219327, -0.6344217310838165, -0.14185545322141582, 0.3762459530115677, -0.04117429744771009, -0.04464355525271897], [-0.20640077825807707, -0.6905649283053384, -0.0370216783309515, -0.1412408506309976, -0.6325600100087749, -0.46001827965691106, -0.10065598219588506, 0.18273238507000134, 0.4964900957473401, 0.4605163178477139, 0.35526316001682373, 0.5765164411614212, 0.693794931913082, 0.0993912030432629]], "inverted": false, "swapped": false, "error_lsq": 0.04884242180985713, "error_max": 0.26554754100284245, "target": "653.xyz", "model": "20.xyz", "model_rescale": 4.067790424073018, "target_rescale": 4.063284352015415},
{"mapping": [4, 13, 11, 6, 5, 1, 10, 8, 12, 3, 2, 9, 0, 14], "R": [[-0.7471708654300658, -0.2960842006115618, -0.5950376828409265], [-0.01934554402740865, -0.8852211725432885, 0.46476792661216326], [-0.6643503953327417, 0.3587723816423137, 0.6556835596474354]], "T": [-0.0008413500813516175, -0.028289621455212053, 0.04664364431840764], "aligned_model": [[-0.7589851676345565, 0.35649145440971114, 0.34311409864265807, -0.40715140037349024, -0.18352922696378643, 0.40191729097301343, 0.7792039329430964, -0.25921177626024133, 0.5450769662800099, -0.07419752339569835, -0.6197669172034489, 0.6722484340845885, -0.23532710208621696, 0.07670256434555611], [0.08305958535695357, -0.1344941864075982, -0.5721922181272778, -0.587409639262214, 0.2172094840799448, 0.6248877204791091, -0.027048500742449997, 0.47868921956592947, -0.27473246355402386, -0.699860561065509, -0.25594862886818, 0.30026552176633303, 0.16593558510041143, -0.03187305501498615], [-0.18849844205583785, -0.5459416763696973, -0.015781259410771777, -0.21765514760934454, -0.45815478048055314, -0.243959071289129, -0.20398484090295252, 0.00942705718239411, 0.524401935023157, 0.5637087867892944, 0.3913528699641171, 0.25413234228291953, 0.6883219365849429, 0.0388723177041707]], "inverted": true, "swapped": false, "error_lsq": 0.04989538077821887, "error_max": 0.34014043873961164, "target": "653.xyz", "model": "21.xyz", "model_rescale": 4.186013935880536, "target_rescale": 4.063284352015415},
{"mapping": [8, 9, 2, 11, 7, 6, 12, 10, 1, 3, 0, 4, 13], "R": [[0.8934395033400329, 0.2027681693378429, -0.40081282835619897], [-0.24107321736043005, -0.5364609397862143, -0.8087603872317085], [-0.3790112897302755, 0.8192037167805527, -0.4304134206433641]], "T": [0.028138560645706814, -0.035084965162361224, 0.1368081983592214], "aligned_model": [[0.2557594389913921, -0.3979980221408697, 0.2556331236082317, 0.4846220855490517, -0.1884310830573382, 0.6975290298033902, -0.16533187227269108, -0.7059702434066145, 0.3617944707249771, -0.33648317262078276, -0.5151270269361687, 0.238198501788962, 0.07437880539168581], [-0.4807127862239076, 0.12793305066973495, 0.18346341621679976, -0.7790800473362542, -0.32817704035135997, -0.12990230083388046, -0.6406110489599348, -0.18833061846930882, 0.6679533650078049, 0.5200497637984848, 0.31601918144145463, 0.25565504034503644, -0.005303315758576111], [-0.45023454826608567, -0.5153192508801306, -0.5597471215423969, 0.13326205060976448, 0.6213288437166182, -0.16612049796943837, -0.07287703994721531, 0.013347502448474768, 0.03272027520249102, -0.02447555347141603, 0.5740364969810986, 0.48671886026246514, 0.03023954419111667]], "inverted": false, "swapped": true, "error_lsq": 0.043664338996751935, "error_max": 0.32450637388064935, "target": "653.xyz", "model": "22.xyz", "model_rescale": 4.166573947596378, "target_rescale": 4.063284352015415},
{"mapping": [14, 11, 2, 12, 9, 8, 4, 10, 1, 6, 13, 0, 5, 15], "R": [[-0.3038999020728359, -0.5910164540508358, -0.747224464643187], [-0.6810236774546836, -0.4137066785736319, 0.6041966028120921], [-0.6662218851600569, 0.6924928412227452, -0.2767707798685224]], "T": [0.06486106334304656, -0.04194453257984049, -0.05935994898686293], "aligned_model": [[-0.7149633705689735, 0.016580997510393346, 0.5193722425829964, -0.3447547752457887, -0.08735540179463208, 0.45246733221334046, 0.7854612105514777, -0.4368690727537672, 0.45003449926329686, 0.037232615949817444, -0.5877330185498849, 0.5639328134153082, -0.10335867060332338, 0.08653822579093444], [0.0008898069630489114, -0.4932207102815269, -0.5370106255406173, -0.5311122913662429, 0.1935385318480747, 0.633221671409083, 0.10109356188002783, 0.48772614156817967, -0.27476403121224596, -0.6860432013149871, 0.14292609716550814, 0.30714759682612697, 0.001333791995436269, -0.05923847663342226], [-0.18591758348580595, -0.7044275222755491, -0.025619902520483857, -0.20872903471168808, -0.5902337950093642, -0.278428699713257, -0.04800016285018711, 0.10992407442920948, 0.4933927680440765, 0.34496814278405946, 0.4473519547924193, 0.4845314338320156, 0.7535921338164934, 0.0038382202807712915]], "inverted": false, "swapped": false, "error_lsq": 0.04632250737718346, "error_max": 0.31202169683232905, "target": "653.xyz", "model": "23.xyz", "model_rescale": 4.274766983524099, "target_rescale": 4.063284352015415},
{"mapping": [6, 2, 1, 4, 3, 0, 7, 10, 12, 9, 13], "R": [[-0.5542353342750428, 0.0036022871536202164, -0.8323522197773577], [-0.08435129653033459, 0.9945994660783515, 0.060471157176871904], [0.8280749078523532, 0.10372524092004437, -0.5509383099598316]], "T": [-0.01301094774688482, -0.06643877528190303, -0.034629396420267446], "aligned_model": [[0.3440131214319312, 0.24559712682890888, -0.4657297038069451, -0.4131229932895788, -0.4263175031534884, -0.6327447220512032, -0.08873669742256252, 0.06279316643872551, 0.5630191556543979, 0.15978854634449868, 0.031335206983390936], [0.060554789085471045, 0.6048723903715645, 0.38013419096457957, -0.21162426071685086, 0.4152092864599817, -0.17246095647073428, -0.6067472031985531, 0.023675785828883467, -0.21498518842825362, 0.6039117675953025, 0.03304592975209289], [-0.6712188803411373, -0.29380051266856894, -0.4951093302888481, -0.2990607236486715, 0.21900195052145285, 0.4282631954532061, 0.22975298659361695, 0.7162205300149115, 0.2722644432920127, 0.3580638110996433, -0.08481103600604006]], "inverted": true, "swapped": true, "error_lsq": 0.04095689865526861, "error_max": 0.2395151327210156, "target": "653.xyz", "model": "24.xyz", "model_rescale": 3.7841303162186577, "target_rescale": 4.063284352015415},
{"mapping": [11, 10, 9, 13, 7, 0, 8, 6, 2, 12, 3, 1, 4, 15], "R": [[-0.7072600618690446, -0.08583572552242835, -0.7017231883791742], [0.6556481143509139, -0.45087682842960763, -0.6056695763643322], [-0.26440263809781983, -0.8884493873087521, 0.37516520515316554]], "T": [0.0902820742986356, -0.0883868136054297, -0.008852687731668897], "aligned_model": [[-0.5942246299599738, 0.18414510065658657, 0.4021749865154195, -0.5351805220686316, -0.05023411215871165, 0.4596965738851841, 0.6494030001224225, -0.38025156302044577, 0.5131808299648302, -0.04730898228277913, -0.5526311874462317, 0.5024203832873543, 0.047601790714905536, 0.03779395955126641], [-0.008862842181683886, -0.2567042311073512, -0.580992033974183, -0.55737943487556, 0.33757448367025816, 0.4674261582983051, 0.04920561286552204, 0.41839607982827093, -0.35980845147135593, -0.7618527826246335, -0.10077619632587768, 0.47712162716608136, 0.2137179949169027, -0.050578120878252544], [-0.3473110735883324, -0.7625861184123104, -0.055795383654563206, -0.03787783218832883, -0.4796156160373677, -0.31858614913090405, 0.12497517977973649, 0.20042140841324502, 0.553535047626584, 0.31159106107609064, 0.4764419946022025, 0.24289840260022558, 0.6720404176228005, 0.016110688703630985]], "inverted": false, "swapped": false, "error_lsq": 0.047374501685448725, "error_max": 0.3105468349103878, "target": "653.xyz", "model": "25.xyz", "model_rescale": 4.19342608120988, "target_rescale": 4.063284352015415},
{"mapping": [10, 8, 9, 4, 3, 7, 1, 5, 2, 11, 6, 13], "R": [[0.826440122211487, -0.3167666777612832, 0.465462776448495], [0.5565696729348695, 0.33481117008672706, -0.7603497087224595], [0.08501131435423556, 0.8874459714513532, 0.45300411056250833]], "T": [-0.15531083979904925, -0.023159894768910196, 0.0030635636150294424], "aligned_model": [[-0.3556254997795272, 0.5903090157941085, 0.07490794346528634, -0.4413614497692003, -0.4336545359039134, -0.5165520318116705, -0.19741568206527393, -0.2813600318854707, 0.4054202694317012, 0.37187721836469734, 0.4437273450339161, -0.06246400624287314], [-0.756141097832171, -0.1886501976543982, -0.599485267189639, 0.3838044654096872, -0.23616352477103766, -0.11056899764143159, 0.4381562122931637, 0.5681650453396974, -0.03151633902827808, 0.14849702254638028, 0.41227078407914997, -0.01559167781014282], [0.019035502514506565, 0.11113111713788337, -0.4952193356125828, -0.05733063369932275, -0.5836989647709073, 0.48205216558602326, -0.6308434385463225, 0.5328699960072055, -0.5167607123132878, 0.677248345435511, -0.01676317167632295, -0.07246240885296243]], "inverted": false, "swapped": true, "error_lsq": 0.0425641705669328, "error_max": 0.23478335554429555, "target": "653.xyz", "model": "26.xyz", "model_rescale": 3.795458400668931, "target_rescale": 4.063284352015415},
{"mapping": [2, 3, 1, 6, 5, 12, 9, 8, 10, 4, 11, 7, 13], "R": [[0.41562789503727776, 0.2233709637890045, 0.8816795707074385], [0.16572656208148534, -0.9717453380948051, 0.16806458434680618], [0.8943087607127269, 0.07626539468844554, -0.44090297128221123]], "T": [-0.011743280046209087, 0.01873909939749803, 0.006568769670572433], "aligned_model": [[-0.0688045186954648, 0.47221022576451166, 0.5863063587566233, -0.24979590442556818, -0.045583116894813425, -0.6387549933391893, -0.06355364530996113, -0.6497808538999114, -0.1520176232903032, 0.3701379869254653, -0.7360852316211821, -0.09999546241309444, -0.02460683873585551], [-0.6789250292148651, -0.3656262765569044, -0.28222105942656345, -0.15272428943215766, 0.7071627890329875, 0.010136598349388487, -0.6944118447794777, -0.3475069440656567, -0.12869553929285898, 0.2685860920852805, 0.32553796576102595, 0.5459754476197518, -0.08540640682303516], [-0.3011896803443246, 0.2984390940514542, -0.4035325203722172, -0.6737039526397669, -0.4071655997199011, 0.2407542818304926, 0.35609543188248804, -0.22535038763811932, 0.7388451149262759, -0.20039881032710613, -0.37174546315393353, 0.2925740428921516, -0.05148488928806704]], "inverted": true, "swapped": true, "error_lsq": 0.04624840860519276, "error_max": 0.25357214516301324, "target": "653.xyz", "model": "27.xyz", "model_rescale": 3.6321398670334006, "target_rescale": 4.063284352015415},
