[{"mapping": [12, 13, 6, 7, 0, 11, 2, 3, 1, 5, 10, 9, 8, 14], "R": [[-0.314361627273369, 0.14477090444750473, 0.9381994204450839], [-0.9435688761914653, 0.06081406651987836, -0.32554481288463366], [-0.10418513896336082, -0.9875945699216695, 0.11748371070245417]], "T": [-0.09829036651829062, 0.05609112487708027, 0.1603854811770392], "aligned_model": [[0.06797553177020538, 0.3516033073870235, -0.5429604928007659, -0.2776975121074789, -0.6005574335907853, 0.04600693496868763, -0.757561370927168, -0.09372383179591881, -0.42606794564631933, 0.31916488530583254, 0.6874422681295362, 0.09985506924227125, 0.5323407054890468, -0.034328014295863324], [-0.7052098543944469, -0.16608841288210527, -0.3490378263978921, -0.45594867913327936, 0.25272567665090584, 0.3214884030313145, 0.2097141201903973, 0.5508895130644451, 0.7397110815236053, -0.058111433082084364, 0.4727872315047849, 0.6453423067067197, -0.3448025719978776, 0.12181377702554744], [0.3078260352798946, -0.3650319226694485, 0.3680527316485544, -0.17259545058752918, 0.49451279205494975, -0.5623017997439195, -0.17615209874984095, 0.7809896287645115, 0.14137846510343227, 0.6874619149771994, 0.26141245989588535, -0.032966644537377465, 0.040453598483303474, 0.12454837726021833]], "inverted": false, "swapped": true, "error_lsq": 0.04240800899462304, "error_max": 0.2380774246714427, "target": "654.xyz", "model": "0.xyz", "model_rescale": 3.8414455957264533, "target_rescale": 4.211776743686411},
{"mapping": [4, 3, 1, 2, 7, 9, 0, 11, 8, 5, 6, 10, 13, 12, 14], "R": [[0.5099029058935591, -0.8284077352104462, -0.23181814166454712], [-0.319128863925583, -0.4324188791852397, 0.8433093626503553], [-0.798846540188334, -0.3560260343959146, -0.4848604624646642]], "T": [-0.04426347139534824, -0.07232743577817846, 0.05774876360972324], "aligned_model": [[-0.18679850349146992, -0.3491530608131701, 0.18948559703121587, -0.6437085780971341, 0.07245986612462614, 0.0369373713709743, 0.4538950220811483, 0.639628576539062, 0.10956793127659294, -0.6547686922258452, -0.6924928080743681, -0.34510023170520654, 0.6276503729321072, 0.27678447366343245, -0.039125984781461995], [-0.3517319483047976, 0.1741710236802102, 0.32346930969553056, -0.49943443326331527, -0.7042271435638201, -0.5016808499138632, -0.4121220150599427, 0.3973557204629391, 0.25107586798607917, 0.12854623521733377, -0.05486682509164908, 0.5319847144517086, -0.13786526459998039, 0.5872519575583889, -0.003593669160893362], [-0.38658682786738413, -0.6202318628017763, -0.6751933899405248, 0.004364268023955467, 0.05196742174639017, 0.5817447071985183, -0.3446131739230449, -0.13707115745954063, 0.7620559410308523, -0.088045367348922, 0.49308889262010314, 0.17037810765997302, 0.40283365089653866, 0.26792198913184606, 0.00018771232257953907]], "inverted": true, "swapped": false, "error_lsq": 0.04493292076909886, "error_max": 0.32549542330320075, "target": "654.xyz", "model": "1.xyz", "model_rescale": 4.316132596720782, "target_rescale": 4.211776743686411},
{"mapping": [2, 0, 1, 13, 11, 7, 10, 12, 3, 6, 5, 14], "R": [[0.22189942622966083, 0.9531858711190737, 0.20541991076309973], [-0.13822175170872186, 0.23929418476956169, -0.9610582919313704], [-0.9652229752723045, 0.184864783651304, 0.18485026311054253]], "T": [-0.037336101003500384, 0.0175846622161763, -0.030339741460478575], "aligned_model": [[-0.14822006477798075, 0.45085389400902254, 0.17955120719587056, -0.6973136314937655, -0.6966366114167363, -0.4154050181726878, -0.05642396709405959, -0.1082595310464547, 0.6530614421264452, 0.18555189702692926, 0.32442987419033803, -0.07338093591514006], [-0.7083902163927226, -0.3742177949068992, -0.5717170176705946, 0.31389916519587946, -0.22706641842581832, -0.007229696703276764, 0.5077367611943554, 0.5524396745938532, 0.0026053392613597653, -0.093613328866094, 0.5901578739607982, 0.028172086500139283], [0.14899527144224703, 0.07329315318883756, -0.45556800814686804, -0.09711464434735767, -0.3753078822830469, 0.48122269574554066, -0.7790749697580088, 0.5509194346159433, -0.4216486456767101, 0.5552732898160504, -0.11037707632335585, -0.12135415706385032]], "inverted": true, "swapped": true, "error_lsq": 0.039698875417671316, "error_max": 0.2174933949379669, "target": "654.xyz", "model": "2.xyz", "model_rescale": 3.795458400668931, "target_rescale": 4.211776743686411},
{"mapping": [11, 1, 2, 4, 13, 12, 0, 10, 3, 5, 7, 14], "R": [[0.4094006424938139, 0.3200380999480483, -0.8543809036415173], [-0.8595464107172566, -0.17867666910815264, -0.47880540487707257], [-0.3058939060339941, 0.9304032794966165, 0.2019372569715832]], "T": [0.01325320805334209, 0.05375663756936069, 0.04132203425793798], "aligned_model": [[-0.1674397059329298, -0.22457687873716534, -0.7103853983562494, 0.17829725968240004, 0.15001150837365088, 0.16038898868396353, -0.2598868852237203, 0.7911397806536608, 0.3460938523692847, 0.6141117016709295, -0.34361955230026087, 0.059169154860001134], [-0.018822067044146108, -0.6629828177374263, -0.15758939605980046, 0.006645357763682649, 0.4685539684067764, 0.7847331145545559, -0.30722334306327237, -0.20484022796083293, -0.5485367825356773, 0.13790567928515518, 0.5763815143527323, 0.01154404532796257], [-0.7173720641406219, -0.028370549193965817, -0.015032610884878651, 0.7824134694593774, -0.5392568619373554, 0.3114825404762858, 0.48591888143351636, -0.31817485051917493, 0.4368666559941996, 0.3527842117584657, -0.027620382170508988, -0.03486700963623882]], "inverted": true, "swapped": true, "error_lsq": 0.03789708234800646, "error_max": 0.2066533672682076, "target": "654.xyz", "model": "3.xyz", "model_rescale": 3.7530521520055578, "target_rescale": 4.211776743686411},
{"mapping": [10, 11, 1, 2, 3, 7, 5, 8, 12, 6, 14], "R": [[-0.07051247906626439, -0.4201660384852441, -0.9047035372980179], [0.8621323873768867, 0.4305356863059926, -0.2671455959825232], [0.5017526650968176, -0.7988113187234169, 0.3318806112860413]], "T": [-0.009203106073807352, -0.02871704541332147, -0.0027495650515506776], "aligned_model": [[-0.5347759566962819, -0.27659666467290556, 0.5050343739321458, 0.5210604172158257, 0.3488690426912105, -0.12700442445880972, -0.2514280774558717, -0.7412599400068796, -0.36558209678560044, 0.31512448068963805, -0.055241552007266256], [-0.7366525515337969, 0.11401455713802446, -0.3465342300151174, 0.3504023517553717, -0.7164360744645875, 0.5942281794185351, -0.42848169435130384, 0.027905500440378164, 0.3475131543833092, 0.34578707514270784, -0.08454290959917464], [-0.15708156666130318, -0.7250117798502093, -0.4606662654386027, -0.3856136443346272, 0.16702286956180046, 0.05478374655286357, 0.4938750087322109, 0.18077602132427303, 0.5975895880176579, 0.3966812242454002, -0.06952442490414747]], "inverted": false, "swapped": true, "error_lsq": 0.04191135830119149, "error_max": 0.22852096562872712, "target": "654.xyz", "model": "4.xyz", "model_rescale": 3.7855080009869324, "target_rescale": 4.211776743686411},
{"mapping": [9, 14, 15, 2, 3, 0, 10, 8, 4, 12, 1, 13, 7, 6, 16], "R": [[0.11028198284145097, -0.9692387827485055, 0.22003196648840156], [0.08554296144206405, -0.21130460736295154, -0.9736697410595188], [0.9902122429097104, 0.12620041570210475, 0.05960846473728798]], "T": [-0.025483217146635997, 0.018797461165191064, 0.06058081165610082], "aligned_model": [[-0.04250313951580734, -0.4653149273420261, 0.17759722420827856, -0.539381673136698, -0.030204372152432782, -0.19916537516894306, 0.5806664341614468, 0.45693994270117033, 0.10498556073767933, -0.637844177789921, -0.5486677732177014, -0.13044033454001508, 0.6327082527102222, 0.19175257979263444, -0.05586686961738348], [-0.4376058137927336, -0.0076528069398067375, 0.2025080433307539, -0.4937130444179391, -0.6662793167784972, -0.5164633828815214, -0.2432140873502884, 0.4321119177767669, -0.01443840908957491, 0.31423868171462827, -0.06693309010195289, 0.7044503326605076, 0.021808837866025575, 0.49776901308286786, 0.0017458050146923233], [-0.4856063285250561, -0.45278635573644016, -0.7168038183857715, -0.0773577477703549, -0.053717589106752985, 0.6007698712784043, -0.2474724674011016, -0.24232004466813553, 0.7878180898474276, 0.032406318041401524, 0.6009807856175394, -0.1485406415573313, 0.41855342582364086, 0.447196808542798, 0.019680605289296806]], "inverted": true, "swapped": false, "error_lsq": 0.03867558460422426, "error_max": 0.2830360706898532, "target": "654.xyz", "model": "5.xyz", "model_rescale": 4.2253639853439635, "target_rescale": 4.211776743686411},
{"mapping": [12, 7, 0, 4, 6, 1, 3, 5, 11, 13, 2, 9, 10, 14], "R": [[0.0063101217842929935, -0.205051855797191, 0.9787307693115589], [-0.2403222490034117, 0.9497540557564308, 0.2005304221512368], [-0.9706726528531696, -0.23647615103502312, -0.0432854593905549]], "T": [0.036087970206897774, -0.017373451048392812, -0.023077065231348858], "aligned_model": [[0.486802182257853, -0.0558898603258807, -0.36962089987403357, 0.1602426293129142, -0.15580265846370753, -0.4909442292890407, 0.06999681355635892, 0.6116814994561296, -0.1544054172379743, 0.3433661693588729, -0.7068104267725707, -0.048106035184561524, 0.6242629136350503, 0.05928947232837405], [-0.24870604742024807, 0.09453818603223581, -0.4729289424635305, -0.7651697365317377, -0.4692807065843966, 0.01790736061288709, -0.4590128857564933, -0.34370377189325696, 0.7414409979556611, 0.5816989469808928, 0.05112661418487792, 0.36326740389908263, 0.29935312944482156, 0.05456859817419468], [-0.6332443995575702, -0.6429672570190921, 0.1514162597715563, 0.04065568170124403, -0.4279776632920919, 0.5210993567013228, 0.6355583470024372, 0.14221446319995043, 0.01496546091348814, -0.2960676938782863, -0.1451653016619756, 0.4983512831729658, 0.5727017343165419, 0.04001793756095808]], "inverted": false, "swapped": true, "error_lsq": 0.03960130480146933, "error_max": 0.24705228616082459, "target": "654.xyz", "model": "6.xyz", "model_rescale": 3.89814844738969, "target_rescale": 4.211776743686411},
{"mapping": [5, 4, 3, 12, 9, 0, 6, 8, 7, 2, 1, 11, 14], "R": [[0.8576497818558962, -0.03678316973560834, -0.5129170011870682], [0.5136454223704129, 0.10899584563750907, 0.8510512826567412], [0.02460145850256966, -0.9933614166344321, 0.1123737699891777]], "T": [-0.03925269626937397, 0.03078033952158446, 0.031938197285377945], "aligned_model": [[0.26251452754672433, -0.18461566986780284, 0.353409688787898, -0.38749363506677337, 0.46845078244249616, -0.2544594274122447, -0.6130766980523172, 0.16563546255285816, -0.5426501568093038, -0.4768778262166651, 0.15134381186700377, 0.1590390322118241, 0.0474119089205247], [-0.2957096155151768, 0.07822779128414577, 0.43937952068581765, -0.6435810045904469, 0.3345457071156045, 0.5275584087120285, 0.027841568612852585, -0.6909195657783038, -0.2591129519469252, 0.5565408453657388, 0.759771622304551, 0.09277694717947778, 0.03646199204112159], [-0.4852286331261165, -0.7132422320200722, -0.5238124362797224, -0.19812108438033527, 0.3036501636633581, -0.29893341880403135, -0.24320549951864673, 0.13176329796765157, 0.29232418381639524, 0.35373931720182905, 0.11784706689215957, 0.7871673966201763, 0.07832690880365047]], "inverted": true, "swapped": true, "error_lsq": 0.04800926803159548, "error_max": 0.3339488407489717, "target": "654.xyz", "model": "7.xyz", "model_rescale": 3.7474275329858107, "target_rescale": 4.211776743686411},
{"mapping": [5, 8, 3, 9, 7, 11, 6, 0, 12, 4, 13, 2, 10, 1, 14], "R": [[0.8680643885477057, -0.26442161642010165, 0.42017309064845954], [-0.4440896539701396, -0.035255410541238964, 0.8952884648336817], [-0.2219202482244007, -0.9637625562333026, -0.14803087053270683]], "T": [-0.02176633833357012, 0.0018680807683164671, 0.09812170527682668], "aligned_model": [[-0.01551717761370442, -0.5097618466821626, 0.1745090350892406, -0.40920432816187746, 0.18306973109027933, -0.13047767858265316, 0.6015195175333092, 0.5701940402513896, 0.021839159199784422, -0.7471082011596227, -0.6364704563829418, -0.3237659243293912, 0.5729656378624245, 0.20128726869517966, -0.05781742497875052], [-0.36330405305951674, 0.03203481585134337, 0.20275529743934378, -0.6305533187845942, -0.6306728376268397, -0.5089684980771325, -0.2450824679104075, 0.2629787543687136, 0.027592522523416096, 0.29170527581836353, 0.18369140215199145, 0.7297254334645409, -0.3764590568476257, 0.7057858920299015, 0.047103518752430476], [-0.5180209118888845, -0.3774418212709458, -0.5616167587757981, -0.0758766209040215, -0.04956649040183139, 0.43532756199434064, -0.36821322455506295, -0.0268477467683009, 0.7130033463107843, 0.05230218713140578, 0.728352580231967, -0.19786717970746254, 0.37816779634327463, 0.23793809712705402, 0.1131600964230453]], "inverted": true, "swapped": false, "error_lsq": 0.0423061355060193, "error_max": 0.24972416301832423, "target": "654.xyz", "model": "8.xyz", "model_rescale": 4.019505241142653, "target_rescale": 4.211776743686411},
{"mapping": [8, 7, 9, 10, 5, 3, 1, 12, 4, 6, 2, 0, 14], "R": [[-0.7414973572858218, -0.6709491487432608, -0.002984784554376285], [-0.2558771814511597, 0.286888631865437, -0.9231585892570074], [0.6202487703742368, -0.6837559160307657, -0.38440773944104695]], "T": [-0.08082792582943421, -0.03879984856123128, -0.04821838506693202], "aligned_model": [[-0.3500621418821314, -0.6888225747196584, 0.19136970976256024, 0.3734611328373923, 0.28919653791873645, 0.7052134065353327, 0.3125353883674276, -0.4519742624611768, 0.3350163717794619, -0.25377939249118914, -0.31613424277445756, 0.2291285459818186, -0.055447707112940364], [-0.6885501798498355, -0.07015848240347197, 0.213986577096603, -0.4272736153848645, -0.6057796676585341, 0.007999799329828194, 0.5944777890644805, -0.6422413001274674, -0.25573412516518845, -0.010364705389777101, 0.660605158662473, 0.32295622412778535, -0.03654524418797262], [-0.32774012940625286, 0.13781152839493327, -0.5828875198595785, -0.7144971949684825, 0.03385755264761095, 0.05150434537328785, -0.1873600031821061, 0.30825189182034907, 0.5506877568054609, 0.5635543734798973, 0.11597478690603674, 0.3708734222334994, -0.14332731620077613]], "inverted": false, "swapped": true, "error_lsq": 0.053183378348700315, "error_max": 0.28034805663839535, "target": "654.xyz", "model": "9.xyz", "model_rescale": 3.877068213659057, "target_rescale": 4.211776743686411},
{"mapping": [3, 6, 13, 12, 5, 0, 4, 2, 8, 10, 11, 14, 7, 9, 15], "R": [[-0.7744902785779967, -0.631630418665932, -0.034753742303197], [-0.48357253530757294, 0.5557363653095421, 0.6762504679249735], [-0.40782644775000015, 0.5405553685686961, -0.7358515353161789]], "T": [-0.013653817255644705, -0.032602262357239856, -0.0062169076498409664], "aligned_model": [[0.02471342779260753, -0.45556750914319727, 0.10579433244563913, -0.5996443071876761, 0.021672010613715813, -0.2646577679569838, 0.575578646325192, 0.47191867278602734, 0.18624946599809528, -0.5854009800047741, -0.524060915756501, -0.15915237416846015, 0.7289431347934889, 0.015068056848708697, -0.0461925415553788], [-0.42934982368318436, -0.03394068935638338, 0.3726908761315173, -0.49587954854525296, -0.8133088366113227, -0.5446289004236489, -0.2494356860489656, 0.4187836339941722, 0.09101028117019437, 0.3813301868672469, -0.019922267486237835, 0.7126648909980641, -0.10986826189121184, 0.5392347510080778, -0.09104792602913674], [-0.5000596658406931, -0.4363506922568271, -0.6536025017053034, 0.007366815146869113, -0.02186213197958782, 0.5492934651394711, -0.2589599589441416, -0.034948204858072804, 0.7286855023578763, 0.06432307269617517, 0.5266799752400037, -0.187679263813745, 0.3237320301271454, 0.3221468966785598, 0.054035573301834644]], "inverted": false, "swapped": false, "error_lsq": 0.037609802468784, "error_max": 0.2100999296126248, "target": "654.xyz", "model": "10.xyz", "model_rescale": 4.260839863003843, "target_rescale": 4.211776743686411},
{"mapping": [11, 1, 0, 2, 6, 7, 13, 9, 3, 4, 5, 14], "R": [[0.8283726357634575, -0.2732727638320121, -0.4889997677565048], [-0.543317632062656, -0.1793906749427283, -0.8201371448931092], [0.13639914592155855, 0.9450613642992745, -0.29707623718611964]], "T": [0.007260884042226979, 0.1370053246300978, -0.04292721000727245], "aligned_model": [[0.3775015368606411, 0.19782719895090695, -0.29031720538917405, -0.3523402857899006, -0.6152246973863568, -0.4140868282536507, 0.2729032844024428, 0.5585544204049894, 0.24865246811520597, -0.3114276834441144, 0.18454370098016332, 0.102312739642977], [0.12242591193322973, -0.5906463633298162, -0.37379890593424353, -0.3466412215449058, 0.14215484956701777, 0.46432607128609155, 0.6610200153071606, -0.16563876264486316, -0.32579564135028594, 0.04119342624394873, 0.4131202799699682, 0.13135884602963174], [-0.7330312834621663, -0.13958720067385533, 0.187517430241381, -0.4992920220543036, 0.08925394823425781, -0.390166637275866, -0.4703312719547164, -0.21128874575935203, 0.5550202586062501, 0.6411292233906887, 0.5549456969250158, -0.06799131882182899]], "inverted": true, "swapped": true, "error_lsq": 0.04597950418280449, "error_max": 0.2612927664861612, "target": "654.xyz", "model": "11.xyz", "model_rescale": 3.890672605050136, "target_rescale": 4.211776743686411},
{"mapping": [0, 4, 12, 2, 6, 9, 3, 11, 1, 10, 8, 5, 13, 14], "R": [[-0.8577645702779658, -0.12039478230735781, 0.4997449733304189], [-0.5117679252043725, 0.29136955527226716, -0.8082062688401107], [-0.04830665283238818, -0.9490041510202185, -0.31154066931706675]], "T": [0.17588894935480215, -0.006937873896557262, 0.12567852142468883], "aligned_model": [[0.3231400045834582, 0.20285290746805265, 0.503371417739708, 0.6429053868757499, 0.700107110999983, -0.2921056073318165, -0.3094412270557694, 0.09510038954292092, -0.019754670762345716, -0.6840727041112049, 0.009484376240625286, -0.19283258545045318, 0.13380593206682792, 0.09731510398795769], [-0.3259102687777667, 0.24730384899697372, 0.7153544457785688, -0.6011383509271876, 0.12398882238841624, -0.4106359345146523, -0.17786828883966715, -0.3675565055573304, -0.7172703743785623, 0.1443381767894819, 0.609850844117851, 0.48566244169323186, 0.23945752346214386, -0.03342386040373588], [-0.40266999189695973, -0.5907777705394403, 0.1290378080273076, 0.14349045080307737, -0.21053598523568695, 0.3303064381016114, -0.4786667601053467, 0.8163026909812302, -0.054007220443969134, 0.3226541034525304, 0.5314816227416814, -0.1684473656358524, 0.8078440738385274, 0.17877834126815023]], "inverted": true, "swapped": true, "error_lsq": 0.04980681660966283, "error_max": 0.38046576946567295, "target": "654.xyz", "model": "12.xyz", "model_rescale": 4.124412569039231, "target_rescale": 4.211776743686411},
{"mapping": [11, 10, 3, 13, 1, 2, 8, 7, 5, 12, 0, 4, 14], "R": [[-0.2292098466013756, -0.6236297098763275, -0.747361245436597], [-0.3362235637910071, -0.6698174356616445, 0.6620410244352937], [-0.9134640449260434, 0.4030267830346095, -0.056150251861638356]], "T": [0.13122316657788602, 0.041786083419291756, -0.021754299730480257], "aligned_model": [[-0.25958235571188537, -0.20257128578684747, 0.6791248005308818, -0.5761284208397803, 0.6447838144687299, 0.4845205294566126, -0.5576899135028227, -0.1394079024124648, 0.07368215897208907, -0.22800816039456073, 0.7598947322608088, 0.5955409412648298, 0.09313936920416704], [-0.41072965409519824, 0.6403234143995961, 0.5553850351761184, -0.09523792341326685, -0.13768762393997813, -0.6246741186176252, 0.32167400753864195, -0.3602767688711765, 0.7058798160993498, 0.21424161955168253, -0.003854534680560004, 0.48410991965175754, 0.05833218770913612], [0.48424459702974454, 0.5540513930616819, 0.23518094981867, 0.07157129382749228, 0.5066208534221884, 0.028321613942818125, -0.16266732144078805, -0.43449183497948174, -0.16593899117249936, -0.7074467882021919, -0.09433122424956406, -0.43094148794921255, 0.06752502785898135]], "inverted": false, "swapped": true, "error_lsq": 0.04554225682844263, "error_max": 0.29113051718458294, "target": "654.xyz", "model": "13.xyz", "model_rescale": 3.9028299243045295, "target_rescale": 4.211776743686411},
{"mapping": [14, 11, 9, 12, 13, 5, 10, 7, 4, 1, 2, 6, 4, 3, 15], "R": [[-0.20648411164869962, -0.5668727551480593, 0.7975083642868557], [-0.9459220799648034, -0.0927644136905626, -0.310847522408828], [0.25019138728523016, -0.8185658452583364, -0.5170630780715226]], "T": [-0.1300019057934862, -0.019820638994771756, 0.16582529826689335], "aligned_model": [[0.049080251005142905, -0.4847154247211857, 0.06742946323724042, -0.5752925424571965, -0.011797767617593435, 0.005344923186966333, 0.522798120478623, 0.5953861875153179, 0.4465072932887619, -0.6594608543567531, -0.6762431625267631, -0.2289976102657616, 0.4465072932887619, 0.07503630562948815, -0.07632112385454609], [-0.389292054242688, -0.08373122591522066, 0.31571325235983166, -0.5342157973938461, -0.7733754017776036, -0.4656654409938146, -0.2604688806078478, 0.3985596998048206, -0.04189438070972733, 0.2474855659856871, 0.22900999735026042, 0.6022775458245204, -0.04189438070972733, 0.4894234560477066, 0.03640072507157689], [-0.6180567765466631, -0.4791169043430293, -0.5044606994525522, 0.019694675616796414, -0.05963945064219586, 0.3779702535934887, -0.10118247607056396, -0.1797148036444861, 0.5215121931378668, -0.09954118474863555, 0.5922682292838832, -0.052353438528920215, 0.5215121931378668, 0.46132357027366167, 0.08258553022304654]], "inverted": false, "swapped": false, "error_lsq": 0.04736136201159263, "error_max": 0.38853700360073484, "target": "654.xyz", "model": "14.xyz", "model_rescale": 3.942246331269136, "target_rescale": 4.211776743686411},
{"mapping": [12, 12, 13, 1, 3, 5, 4, 11, 9, 0, 2, 8, 10, 6, 14], "R": [[-0.7984157676073795, -0.1607260264881359, -0.5802580515988159], [0.4993792281768313, -0.7151684221186965, -0.4890342671733409], [-0.33638170060428585, -0.6802214877623239, 0.6512649837700317]], "T": [0.04185849569844008, 0.014778107801732235, 0.10767701904370583], "aligned_model": [[-0.3140555064139324, -0.3140555064139324, 0.24392238522437765, -0.545312065056712, 0.01542085494960975, -0.23762280445661305, 0.5107656083340875, 0.5123452977015757, 0.19491173591248445, -0.6547636130480663, -0.5460328152845553, -0.20745783959634698, 0.6911127801112258, 0.20159487302594958, -0.05551203315864851], [-0.22449414851991223, -0.22449414851991223, 0.07626774373965163, -0.5082122409914153, -0.6694371363519808, -0.44770737322064696, -0.24468377258149027, 0.48463088455843234, 0.10263626097141669, 0.24536732076177264, -0.027129561997539506, 0.7220898807177973, -0.0682966521268576, 0.49970077678520575, 0.01209484686940682], [-0.5881320557877826, -0.5881320557877826, -0.6773828867769826, -0.08816287329776976, -0.11072280082791694, 0.4405087196015913, -0.1299563735388758, -0.16063541445767135, 0.893181924638799, 0.15525574685664195, 0.5927290495746341, -0.08309076423560319, 0.39152200222574274, 0.33598313854699247, 0.09983555455554755]], "inverted": true, "swapped": false, "error_lsq": 0.04891507373468169, "error_max": 0.33246037062160755, "target": "654.xyz", "model": "15.xyz", "model_rescale": 4.355366556412066, "target_rescale": 4.211776743686411},
{"mapping": [2, 0, 1, 13, 11, 7, 10, 12, 3, 6, 5, 14], "R": [[0.22189942622966083, 0.9531858711190737, 0.20541991076309973], [-0.13822175170872186, 0.23929418476956169, -0.9610582919313704], [-0.9652229752723045, 0.184864783651304, 0.18485026311054253]], "T": [-0.037336101003500384, 0.0175846622161763, -0.030339741460478575], "aligned_model": [[-0.14822006477798075, 0.45085389400902254, 0.17955120719587056, -0.6973136314937655, -0.6966366114167363, -0.4154050181726878, -0.05642396709405959, -0.1082595310464547, 0.6530614421264452, 0.18555189702692926, 0.32442987419033803, -0.07338093591514006], [-0.7083902163927226, -0.3742177949068992, -0.5717170176705946, 0.31389916519587946, -0.22706641842581832, -0.007229696703276764, 0.5077367611943554, 0.5524396745938532, 0.0026053392613597653, -0.093613328866094, 0.5901578739607982, 0.028172086500139283], [0.14899527144224703, 0.07329315318883756, -0.45556800814686804, -0.09711464434735767, -0.3753078822830469, 0.48122269574554066, -0.7790749697580088, 0.5509194346159433, -0.4216486456767101, 0.5552732898160504, -0.11037707632335585, -0.12135415706385032]], "inverted": true, "swapped": true, "error_lsq": 0.039698875417671316, "error_max": 0.2174933949379669, "target": "654.xyz", "model": "16.xyz", "model_rescale": 3.795458400668931, "target_rescale": 4.211776743686411},
{"mapping": [5, 4, 3, 12, 9, 0, 6, 8, 7, 2, 1, 11, 14], "R": [[0.8576497818558962, -0.03678316973560834, -0.5129170011870682], [0.5136454223704129, 0.10899584563750907, 0.8510512826567412], [0.02460145850256966, -0.9933614166344321, 0.1123737699891777]], "T": [-0.03925269626937397, 0.03078033952158446, 0.031938197285377945], "aligned_model": [[0.26251452754672433, -0.18461566986780284, 0.353409688787898, -0.38749363506677337, 0.46845078244249616, -0.2544594274122447, -0.6130766980523172, 0.16563546255285816, -0.5426501568093038, -0.4768778262166651, 0.15134381186700377, 0.1590390322118241, 0.0474119089205247], [-0.2957096155151768, 0.07822779128414577, 0.43937952068581765, -0.6435810045904469, 0.3345457071156045, 0.5275584087120285, 0.027841568612852585, -0.6909195657783038, -0.2591129519469252, 0.5565408453657388, 0.759771622304551, 0.09277694717947778, 0.03646199204112159], [-0.4852286331261165, -0.7132422320200722, -0.5238124362797224, -0.19812108438033527, 0.3036501636633581, -0.29893341880403135, -0.24320549951864673, 0.13176329796765157, 0.29232418381639524, 0.35373931720182905, 0.11784706689215957, 0.7871673966201763, 0.07832690880365047]], "inverted": true, "swapped": true, "error_lsq": 0.04800926803159548, "error_max": 0.3339488407489717, "target": "654.xyz", "model": "17.xyz", "model_rescale": 3.7474275329858107, "target_rescale": 4.211776743686411},
{"mapping": [5, 6, 12, 0, 10, 9, 8, 7, 3, 13, 1, 2, 11, 14], "R": [[0.5464037930586791, -0.0990058586483149, 0.8316494062310138], [0.7590037820624005, 0.4783155073728371, -0.4417324237834907], [-0.35405670978822024, 0.8725893165515923, 0.3364992286677113]], "T": [0.02681591343759271, -0.012039546069292056, -0.034779933516136355], "aligned_model": [[0.4383631027613505, 0.11238371591734611, 0.7492331585102114, -0.3811109237197426, 0.17749725069658495, -0.3491269594163017, 0.7025290068493117, 0.27978882723919707, -0.27652606381734823, 0.3973607325491961, -0.7122195413306437, -0.5332401826323226, -0.19786426576745625, 0.007779790043493658], [-0.5117154009428582, 0.3423553068431434, 0.2155371625386937, -0.027246852924004722, -0.7580792413833798, -0.3311831855354126, -0.09003560399926144, 0.5717831921919173, -0.6579643342326628, 0.16303668787351458, -0.18061603188432565, 0.49242665512490824, 0.19557325184924632, -0.06346336400828483], [-0.24942762067707214, -0.5563823824133683, -0.2699063095109774, -0.5205194180512546, 0.4363227903943344, 0.3902823057586933, 0.2970685138224164, -0.014687624785251093, -0.3822862198853547, 0.565117026320836, -0.011451448991635596, -0.09263186307760314, 0.6862957044621907, 0.04700126529570085]], "inverted": false, "swapped": true, "error_lsq": 0.043801832486659927, "error_max": 0.2695265392331624, "target": "654.xyz", "model": "18.xyz", "model_rescale": 3.922800546911778, "target_rescale": 4.211776743686411},
{"mapping": [11, 4, 13, 10, 9, 2, 7, 12, 0, 6, 1, 8, 3, 5, 14], "R": [[0.10109160004416201, -0.881448923215394, -0.46133315961779064], [0.9376022351061261, 0.2394751788697364, -0.25209856689260446], [0.33268985124964123, -0.4070619540901981, 0.8506574095414449]], "T": [-0.06666811841005568, 0.06281987199062594, 0.03377041035579835], "aligned_model": [[-0.03150211038478379, -0.5267706329985493, 0.10267113603682634, -0.5677758761444931, 0.10985488211389335, -0.20323712872615912, 0.5770984520261373, 0.6278039123078385, 0.24852917160931468, -0.7485731216324174, -0.5172786216246003, -0.26613529285792514, 0.4787884939022702, 0.2032635052857724, 0.008524582917378676], [-0.3644765467898986, -0.00692033190338176, 0.2313049413292066, -0.5441295953873022, -0.7290921589038766, -0.5102511997489858, -0.2871827696438944, 0.41780506507575293, 0.03869143057785926, 0.16083163087424848, 0.1787403855828375, 0.6243365545912354, -0.11862691949856088, 0.628255878574079, 0.009046315364609828], [-0.5349340253097854, -0.5205842767555604, -0.6102410376274912, -0.14259286941445304, 0.10053980098916067, 0.4412841094436685, -0.2844649941741427, -0.06775867812328103, 0.8074054162573628, -0.00039146333346563866, 0.6095269846622483, -0.1051630827285142, 0.31431165425434876, 0.46960611469128133, 0.006257258458187285]], "inverted": true, "swapped": false, "error_lsq": 0.03530745526472762, "error_max": 0.20831144295593382, "target": "654.xyz", "model": "19.xyz", "model_rescale": 3.9282355846067225, "target_rescale": 4.211776743686411},
{"mapping": [6, 0, 1, 4, 12, 3, 5, 9, 8, 13, 2, 7, 11, 14], "R": [[-0.9062012641139582, 0.40003700036593204, -0.13700243522102573], [-0.05632218637534124, 0.20692053040495273, 0.9767352278989605], [0.41907884728314004, 0.8928349749170673, -0.1649806877324565]], "T": [-0.01633441638574392, -0.0912140303825823, 0.043365968828976316], "aligned_model": [[-0.5517221881995351, -0.04809521120880999, 0.5511179672607184, -0.4198927836821975, -0.7308500290219656, 0.24525269638992866, -0.19937084087936705, 0.631827675181068, -0.21365293223799023, 0.041194385926287005, 0.09096184971395768, -0.42241931124481324, 0.4887229895018262, 0.06944855158556926], [-0.4350890558179718, -0.6529945824254877, -0.578049937437608, -0.28371637945872263, 0.2487592512757928, -0.2635878345558096, 0.2958990578249301, -0.032639520010113124, 0.6279011494602911, 0.4425380562377656, -0.73734408920948, -0.10712767057184944, 0.04146307677329503, -0.043129434660196475], [0.03353866188839094, -0.24984432558439945, -0.08361530955610211, -0.5720680380126845, 0.09673125740819652, -0.6859181049444025, -0.4874464300790428, 0.025518187201714348, 0.1727248613840557, 0.5328868162059367, 0.42085674091192193, 0.5333555604750161, 0.627187974638876, 0.04827530530620567]], "inverted": false, "swapped": true, "error_lsq": 0.0383685932814238, "error_max": 0.27928284708839024, "target": "654.xyz", "model": "20.xyz", "model_rescale": 4.067790424073018, "target_rescale": 4.211776743686411},
{"mapping": [11, 3, 12, 6, 13, 5, 10, 9, 8, 2, 4, 0, 1, 7, 14], "R": [[0.551522822672398, 0.7572419128672011, 0.349867491300197], [0.5175618927681106, 0.01828619341090959, -0.855450350566782], [-0.6541806044402126, 0.6528784730160443, -0.3818343047009749]], "T": [-0.0873157823232782, -0.03744984172073959, 0.04995293484824352], "aligned_model": [[-0.07040048764017111, -0.5670340194691952, 0.18160222375035856, -0.6846809010093131, 0.239193721665045, -0.046342891152699274, 0.6058086671940022, 0.6234664039762151, -0.03767839722493942, -0.7744217858757446, -0.6381580832425444, -0.2710669013760971, 0.6305401431285654, 0.3270766665129631, -0.022643007405941704], [-0.3642269014333174, 0.15094457363515604, 0.22340738130363227, -0.46428737975420264, -0.656483567154494, -0.3654571021208878, -0.35322525649727665, 0.20946397038901207, 0.1741775935051509, 0.24803946147098335, -0.11283323407959764, 0.6486191404174514, -0.06874207619830919, 0.5139498039973915, -0.055013727386764105], [-0.5076875228218706, -0.6268948869426996, -0.6183662120442275, -0.042359219270936846, 0.03228104592531174, 0.5390322537442681, -0.2519596459723343, -0.14465475384270554, 0.5771320840806125, 0.0601081888674604, 0.6273285477820754, 0.048247790965057616, 0.4461962535728589, 0.33438444902733205, 0.010012538219361627]], "inverted": false, "swapped": false, "error_lsq": 0.04160810693749201, "error_max": 0.26507111143281675, "target": "654.xyz", "model": "21.xyz", "model_rescale": 4.186013935880536, "target_rescale": 4.211776743686411},
{"mapping": [11, 2, 7, 10, 3, 13, 9, 1, 12, 6, 0, 5, 14], "R": [[-0.2361512869316937, -0.22969881222333693, -0.9441774331891719], [-0.8995026845819335, 0.4192495037049234, 0.12298282023547119], [0.3675969125419849, 0.8783326871444348, -0.3056210080855646]], "T": [0.028232373492214014, 0.02708674497342497, 0.00925086068357689], "aligned_model": [[0.11469274983517337, -0.5607602663710013, 0.18778367670033583, 0.4627461924062799, -0.310550292953036, 0.5968529435187917, -0.08138253743071241, -0.5989212531702941, 0.5409866169681758, -0.16748824786460964, -0.5445670000292239, 0.3658026936329493, 0.0533787601803966], [-0.481578061152436, 0.09849646950137567, 0.43469809097875944, -0.6501503639731652, -0.19793703834709434, -0.1547201538175059, -0.6145300492351113, -0.39860510582076747, 0.6309753262826843, 0.6326041167389906, 0.19572187749043035, 0.09203176570378238, -0.06805021480384904], [-0.5800869463546297, -0.4592404904384792, -0.45296592606322356, 0.4013803141766031, 0.6908566177391671, -0.4048124339687789, -0.004018435136959682, 0.03375453175402637, 0.04618206875084502, 0.003881861386586194, 0.22382365314763397, 0.5982747157436823, 0.005850030598872985]], "inverted": true, "swapped": true, "error_lsq": 0.05029876952161234, "error_max": 0.3035502135254115, "target": "654.xyz", "model": "22.xyz", "model_rescale": 4.166573947596378, "target_rescale": 4.211776743686411},
{"mapping": [4, 0, 8, 1, 2, 6, 3, 9, 12, 7, 5, 10, 11, 14, 15], "R": [[-0.8125035166739487, 0.562423731233654, -0.15335443240311444], [0.1685907671284083, -0.025122767210530972, -0.985365921780706], [-0.55804586606436, -0.8264674180588732, -0.07440711159276608]], "T": [0.032229790721500756, 0.018732632927334937, 0.06060432415005087], "aligned_model": [[-0.032413860858996515, -0.5912193920036024, 0.08021314526724019, -0.4638525612084121, 0.09903787411577245, -0.21361448511797737, 0.4648227974591689, 0.499630795494012, 0.30105285571730844, -0.552476865581991, -0.7639272135127361, -0.23868197254544896, 0.7643224313675574, 0.16833209202494442, -0.025964288786335617], [-0.38714734074762913, -0.16406172498987576, 0.25123853196129414, -0.4928187406874198, -0.6506411415384337, -0.47047532160963, -0.2637544075928807, 0.3659719020443233, -0.015523340738673078, 0.3647002541175582, 0.050499563452770034, 0.7163372126370425, -0.171020632152274, 0.612606628982275, -0.017578763044518067], [-0.5484409604097621, -0.43401987876671944, -0.7125177521238933, 0.042812384298388, 0.07747646804838318, 0.5891341730910405, -0.24678958352519617, -0.08571845945811035, 0.6572131098913192, -0.16258657802247148, 0.29764201721827005, 0.09053591274325822, 0.28449579636352207, 0.5653494119021654, 0.06821485003937015]], "inverted": true, "swapped": false, "error_lsq": 0.04338867909565891, "error_max": 0.3356180382808765, "target": "654.xyz", "model": "23.xyz", "model_rescale": 4.274766983524099, "target_rescale": 4.211776743686411},
{"mapping": [3, 5, 10, 9, 13, 11, 2, 7, 6, 12, 14], "R": [[-0.47711991144302107, 0.8378047068546646, 0.2654050927860532], [-0.21805343203477776, 0.17969853742490316, -0.9592502991530445], [-0.8513573226809401, -0.5155499091450997, 0.09694844144194026]], "T": [0.024160579659159423, 0.025689331918756192, 0.0269004823704157], "aligned_model": [[0.27986428522747575, 0.24780554753384998, -0.4820446572437719, -0.4676609924850588, -0.5099982710549587, -0.7004884282992939, 0.05221971116895753, 0.08129087829622009, 0.5785670846213603, 0.3634686446164226, -0.06312909842312828], [-0.06638000456380165, 0.5632834527774562, 0.46512827242973465, -0.17812255881456007, 0.36503754642583763, -0.19175724737320557, -0.6765569739036957, 0.0629852082288439, -0.06261501186942306, 0.6017278107381537, 0.03285603716814325], [-0.7188438829675003, -0.3281997403131855, -0.56628375928895, -0.3478472566327082, 0.3837598728848284, 0.22971846207656157, 0.3053939935048796, 0.6598247529479713, 0.32660441195988005, 0.4535290737025202, -0.018089493852719546]], "inverted": true, "swapped": true, "error_lsq": 0.044997203392872324, "error_max": 0.24114663820770343, "target": "654.xyz", "model": "24.xyz", "model_rescale": 3.7841303162186577, "target_rescale": 4.211776743686411},
{"mapping": [12, 5, 2, 3, 13, 11, 14, 9, 7, 4, 6, 1, 10, 0, 15], "R": [[0.44155735427848875, -0.8499920207099988, 0.28729891683038855], [0.26521688363968854, 0.42954621003184246, 0.8632207470165048], [-0.8571389079461005, -0.3049649458160947, 0.41510152289331975]], "T": [0.038691964912880045, 0.07469391247717581, 0.07806690441000858], "aligned_model": [[0.07478824054554165, -0.45505142779956287, -0.05912572739026237, -0.600747456448095, 0.018464293568366125, -0.05023532911352106, 0.6006966801442759, 0.4569291182048083, 0.11557710756666709, -0.6388887714945479, -0.5777006780907135, -0.24948040231731097, 0.7264703743855054, 0.15550213297271726, -0.0219368029033647], [-0.3639762099666698, -0.1295225831572413, 0.35043550068559537, -0.4036976849827343, -0.7027512377098871, -0.4937161099728522, -0.4127711854011746, 0.06032752898235851, 0.12895735724930718, 0.29027504015395017, -0.014185867674378475, 0.7558973580213985, -0.0351179963739124, 0.6433516672762535, 0.05482710296391578], [-0.5395393528354053, -0.6175276833401318, -0.6170527281224125, -0.02804903936117023, -0.0066082220063972685, 0.5864265722812776, -0.19730092362857982, -0.3306041113932506, 0.7214561439072418, -0.14801596954892962, 0.44438226932702235, 0.15523520325630344, 0.42470404814244933, 0.5300776254070863, 0.10521707920446075]], "inverted": true, "swapped": false, "error_lsq": 0.04626837733412394, "error_max": 0.3774544964484233, "target": "654.xyz", "model": "25.xyz", "model_rescale": 4.19342608120988, "target_rescale": 4.211776743686411},
{"mapping": [2, 0, 1, 13, 11, 7, 10, 12, 3, 6, 5, 14], "R": [[0.22189942622966083, 0.9531858711190737, 0.20541991076309973], [-0.13822175170872186, 0.23929418476956169, -0.9610582919313704], [-0.9652229752723045, 0.184864783651304, 0.18485026311054253]], "T": [-0.037336101003500384, 0.0175846622161763, -0.030339741460478575], "aligned_model": [[-0.14822006477798075, 0.45085389400902254, 0.17955120719587056, -0.6973136314937655, -0.6966366114167363, -0.4154050181726878, -0.05642396709405959, -0.1082595310464547, 0.6530614421264452, 0.18555189702692926, 0.32442987419033803, -0.07338093591514006], [-0.7083902163927226, -0.3742177949068992, -0.5717170176705946, 0.31389916519587946, -0.22706641842581832, -0.007229696703276764, 0.5077367611943554, 0.5524396745938532, 0.0026053392613597653, -0.093613328866094, 0.5901578739607982, 0.028172086500139283], [0.14899527144224703, 0.07329315318883756, -0.45556800814686804, -0.09711464434735767, -0.3753078822830469, 0.48122269574554066, -0.7790749697580088, 0.5509194346159433, -0.4216486456767101, 0.5552732898160504, -0.11037707632335585, -0.12135415706385032]], "inverted": true, "swapped": true, "error_lsq": 0.039698875417671316, "error_max": 0.2174933949379669, "target": "654.xyz", "model": "26.xyz", "model_rescale": 3.795458400668931, "target_rescale": 4.211776743686411},
