[{"mapping": [7, 8, 10, 11, 4, 9, 0, 2, 5, 12, 6, 1, 13], "R": [[0.38277515860766165, 0.8222134043838263, -0.42124612236130815], [-0.9045343042140577, 0.42628088632145644, 0.010114269967946343], [0.1878852587428574, 0.3771600769017742, 0.906889963522906]], "T": [0.11473277307183255, 0.05509323953128485, 0.1444691468899412], "aligned_model": [[0.06033707512276565, -0.2759180655825254, -0.43716408789300104, -0.5451264149538313, 0.40133373128359356, 0.36280495914150335, 0.7535101911495383, 0.8310237038990349, -0.40255960683421815, 0.03936384448027361, 0.1855530210949922, 0.18629383744008754, 0.06502259077806717], [-0.21845755016867013, -0.5327211701284253, 0.4771576827696287, -0.004888560292395754, -0.7150092690210541, 0.30549150794434354, 0.48696706192834605, -0.2165303850836302, -0.13969246725862766, 0.6082745026045164, -0.6859147376188565, 0.46646456177528856, 0.0159817475956979], [-0.558101529963736, -0.19085945862672718, -0.5853941178745594, -0.0747336736012745, -0.34359462321041756, -0.49779565008914217, 0.11512896518023996, 0.0780902769428006, 0.6610622000401803, -0.008598886223673052, 0.3189339125517998, 0.5428367694757563, -0.00566096744523259]], "inverted": true, "swapped": false, "error_lsq": 0.03978878994206669, "error_max": 0.1888984622508793, "target": "655.xyz", "model": "0.xyz", "model_rescale": 3.8414455957264533, "target_rescale": 3.8017953324622478},
{"mapping": [4, 0, 3, 1, 7, 2, 6, 9, 11, 10, 13, 8, 14], "R": [[0.6255757410126124, -0.25540242480613257, 0.7371733810031864], [0.6837990377274574, -0.275407008527843, -0.675699530602729], [0.3755980141847459, 0.9267796831269516, 0.0023559888758204195]], "T": [0.13106450947987336, 0.020137040329896015, -0.03848874097247998], "aligned_model": [[-0.009361916365576012, -0.17548280075548328, -0.4100207782241999, -0.7253628214301863, 0.42111834583895047, 0.5331821688017067, 0.6884889924649521, 0.7319796267609349, -0.5142795698978081, 0.003790932519948609, 0.18871015910958178, 0.44319948875537785, 0.048512951548081495], [-0.11580489849468417, -0.6210648297054391, 0.32690723133562477, 0.025083712514214727, -0.4888828708171779, 0.16765460263600543, 0.5597601696545982, -0.2634549658811742, -0.1907656322744812, 0.6586255483258472, -0.4749166682165182, 0.20857361844777803, 0.05540790752156793], [-0.5460490261023131, -0.18133928510103484, -0.5144043252734829, -0.1609862857369122, -0.3025389335577696, -0.6394418876413561, -0.12855537103198766, 0.11638629197250389, 0.47660007081678557, 0.17249742486623199, 0.5328656196239372, 0.6624861574657415, -0.036207233144328624]], "inverted": false, "swapped": false, "error_lsq": 0.04507250936180796, "error_max": 0.24629185722137353, "target": "655.xyz", "model": "1.xyz", "model_rescale": 4.316132596720782, "target_rescale": 3.8017953324622478},
{"mapping": [10, 1, 8, 6, 11, 7, 9, 5, 3, 4, 0, 12], "R": [[-0.7446318168259826, -0.452094091600932, -0.49105436533032143], [0.09650577578746818, 0.6550378029732556, -0.7494078408421074], [0.6604620296505284, -0.6054225045499206, -0.44413229827879663]], "T": [0.038381879326176656, 0.026839493658878416, -0.15651175444155144], "aligned_model": [[-0.08722993439135929, 0.5114983315378365, 0.13918090504390046, -0.7275554102777346, -0.6310959804061111, -0.4386688777957176, -0.2088478992066565, -0.20072418874090336, 0.5622910127164559, 0.18958860762613522, 0.5042024173825276, -0.014830428856592408], [-0.5991577190348271, -0.2993508564285349, -0.5869463699236561, 0.36419803572057696, -0.13906320119584029, -0.10284558491304757, 0.39931143485896325, 0.6215391707843563, -0.0017304570524014733, 0.018314851160532136, 0.32961222651774147, 0.008894897247117908], [0.1446000643039075, 0.13232015164467384, -0.616119298845935, -0.008836122014453135, -0.4614493502960737, 0.3796940273392594, -0.5639481693482998, 0.2848425173203263, -0.6221795481411462, 0.6903357012101018, 0.13625544051032626, -0.04625695247326607]], "inverted": false, "swapped": true, "error_lsq": 0.04667490638480915, "error_max": 0.3032066486105035, "target": "655.xyz", "model": "2.xyz", "model_rescale": 3.795458400668931, "target_rescale": 3.8017953324622478},
{"mapping": [11, 8, 10, 0, 6, 5, 1, 9, 3, 2, 7, 12], "R": [[-0.37111347705916, 0.8219561561767008, -0.4320449796818419], [0.8593699227568439, 0.12774473739160447, -0.4951410081276305], [-0.3517927273352259, -0.5550399619774894, -0.7537721921124914]], "T": [0.040038962567027804, -0.057548177066727775, 0.09370826718518846], "aligned_model": [[-0.0073447673556270784, -0.2022197041796455, -0.6578218275379146, 0.18342552151685323, 0.14793916565830476, 0.2604121723213082, -0.3333136123613792, 0.5433769627729561, 0.33418790920017444, 0.7846729437914851, -0.4182663832978913, -0.041744554785059056], [-0.05900629062770885, -0.7597710314618403, -0.12320253391854338, 0.10142611878538044, 0.5768508375213618, 0.6843140686656944, -0.24286202095538356, -0.034248167257515755, -0.641733539381736, 0.07837262943937995, 0.47034171724919904, 0.03528725723142171], [-0.6589296950787268, -0.12152747785761842, 0.010048309652476578, 0.6840812000410045, -0.46142617273278874, 0.17561716622276077, 0.5835345893387024, -0.24091138205616233, 0.3473761127508799, 0.39298881385797646, -0.11413964432875004, 0.09205961082934591]], "inverted": false, "swapped": true, "error_lsq": 0.04959126500209716, "error_max": 0.25546075279101654, "target": "655.xyz", "model": "3.xyz", "model_rescale": 3.7530521520055578, "target_rescale": 3.8017953324622478},
{"mapping": [4, 1, 10, 8, 7, 3, 5, 0, 2, 9, 12], "R": [[-0.22008309546617977, -0.30141604829507396, -0.9277455453518524], [0.9364015658742072, -0.33177921746109473, -0.1143444720536877], [-0.2733414321290452, -0.8939076667593164, 0.35526545679330745]], "T": [0.06341229188414055, 0.015109097801516286, 0.04583387434210784], "aligned_model": [[-0.42717326325232896, -0.2684107003696947, 0.3214285666710126, 0.48619680921527275, 0.24488877036958098, -0.10973819412609426, -0.2375555069186046, -0.5644168488516842, -0.42541919503006914, 0.25574412593844376, 0.06265503879937091], [-0.6478296512868249, -0.017306043195922362, -0.3344168527095809, 0.4391924442569839, -0.6910937823139038, 0.6764187749254885, -0.46180627942153385, 0.0016433463516455638, 0.34652797632769794, 0.26357265082156545, -0.10769922544126936], [-0.19896152064155662, -0.5041715367792067, -0.5105638047493084, -0.44359353800526036, 0.0298318506213862, -0.11174764855652941, 0.582120288503543, 0.050521673263727696, 0.6059484890504817, 0.5626865332273828, 0.03075999131065677]], "inverted": true, "swapped": true, "error_lsq": 0.046157986283330656, "error_max": 0.272752163572816, "target": "655.xyz", "model": "4.xyz", "model_rescale": 3.7855080009869324, "target_rescale": 3.8017953324622478},
{"mapping": [13, 8, 11, 6, 15, 14, 2, 9, 7, 1, 10, 0, 16], "R": [[0.7384620657491171, -0.4127917124799375, -0.5331761243317514], [-0.5025462905419568, -0.8641279628625592, -0.02702017138218621], [-0.44957869534939693, 0.28789905506424324, -0.8455726644003163]], "T": [0.0857579497247139, 0.024838864661685736, 0.008117495732511582], "aligned_model": [[-0.19970533062049273, -0.1705909663874901, -0.41381629565833883, -0.5643289468693116, 0.39203846527477887, 0.5959937347312545, 0.7053665515283247, 0.7511122627469993, -0.3877191852655371, -0.01612213143218623, 0.23983389886039813, 0.1576948208916829, 0.13471790132619807], [-0.13466155535485974, -0.6024344757961138, 0.4247720468357333, 0.011932231549417367, -0.6361444558741136, 0.05833871645743363, 0.4248418163980095, -0.21846804980296364, -0.26878364055762194, 0.7738683920409074, -0.5895567842802307, 0.5770468012593554, 0.02637188217120804], [-0.6383637263184447, -0.18194371420426575, -0.4640215213444859, -0.049306486761012513, -0.3773839990164853, -0.43486625358713477, 0.0513437233251931, 0.07896523927722088, 0.5090912464880475, 0.04909499159173855, 0.3683158612666489, 0.5543458039020572, -0.013957947463061737]], "inverted": false, "swapped": false, "error_lsq": 0.03937275707381586, "error_max": 0.23616547082388378, "target": "655.xyz", "model": "5.xyz", "model_rescale": 4.2253639853439635, "target_rescale": 3.8017953324622478},
{"mapping": [3, 6, 0, 12, 2, 4, 1, 10, 11, 9, 5, 8, 13], "R": [[0.8377326715626486, 0.08326672071857982, 0.5396949362531409], [-0.4308846485050209, -0.5063541512161719, 0.7469564198993508], [0.3354733829668345, -0.8582960600905287, -0.3883110641661699]], "T": [0.0846262744688435, 0.018988881897878465, -0.04498926430062644], "aligned_model": [[-0.05922064144190989, -0.249718144796618, -0.18198116549086982, -0.8354686824675487, 0.43795585202407017, 0.5405429785617394, 0.598422698462771, 0.803721897597194, -0.39468369133494396, -0.06442853546228583, 0.2594835530874764, 0.29356049447703375, 0.0762881659101717], [-0.28566472746643434, -0.5179684201793164, 0.5742899218486097, 0.09419295632175818, -0.5249678749488554, 0.03094421397631532, 0.5329771757569085, -0.1383499604701579, -0.3016491064701862, 0.5794648407228387, -0.45207150376712396, 0.2669044251120679, -0.010979015390262664], [-0.6690915922746562, -0.16164531075828203, -0.5584324230965771, 0.0932618907733827, -0.21657267941601857, -0.5861993355026422, -0.14762965803137193, 0.21319370932287685, 0.4775114781961105, 0.14539400886437548, 0.34006698045059164, 0.6189002225426836, -0.09744407391445689]], "inverted": true, "swapped": false, "error_lsq": 0.04654192222613682, "error_max": 0.23581606230126614, "target": "655.xyz", "model": "6.xyz", "model_rescale": 3.89814844738969, "target_rescale": 3.8017953324622478},
{"mapping": [5, 10, 1, 2, 9, 6, 3, 8, 4, 0, 11, 7, 12], "R": [[-0.7464709272107778, -0.5141783998755974, 0.42237628713086156], [0.07719171092148708, -0.6973805075928913, -0.7125320114875506], [0.6609255590413307, -0.49928048302617595, 0.5602645845268583]], "T": [0.09634602114105997, 0.023197845291061336, 0.055233277727195905], "aligned_model": [[-0.029629020406500645, -0.3254235140585565, -0.3128930381285404, -0.6018830933473448, 0.3594671961798447, 0.4969820042119276, 0.6684081792998697, 0.7420768588220106, -0.3418214437935152, -0.02214520257786931, 0.35505411428554867, 0.2697562710026231, -0.033474532363217485], [-0.13738943441552476, -0.5539746610175258, 0.41475078907502816, 0.007212534661316772, -0.645632812709493, 0.21607327418435537, 0.5929495542030947, -0.17528246056402486, -0.09308536411083308, 0.5966908516961191, -0.6048664128536072, 0.3139116707248934, -0.0842346038276378], [-0.693711725946877, -0.11175780045092024, -0.572465930983539, -0.062105624797819205, -0.47521811231657496, -0.4543407885535027, 0.07781234025011227, 0.09162044263823385, 0.5134725997722132, -0.03463322868307748, 0.49562603357785673, 0.617984587357421, 0.05903042529248889]], "inverted": false, "swapped": false, "error_lsq": 0.03321335713184469, "error_max": 0.17221656167676955, "target": "655.xyz", "model": "7.xyz", "model_rescale": 3.7474275329858107, "target_rescale": 3.8017953324622478},
{"mapping": [8, 3, 4, 2, 5, 9, 11, 7, 1, 13, 0, 12, 14], "R": [[-0.6312204098144943, 0.1948489335061085, 0.7507294368446957], [0.6956280383720389, 0.5703031357651018, 0.4368706508420552], [-0.343019571547005, 0.7979901167608681, -0.4955293604698769]], "T": [0.15818626881778936, -0.031114297425107483, 0.06505887165877364], "aligned_model": [[-0.08447968356658067, -0.08081100313794304, -0.3291684191392866, -0.6628428135406002, 0.40738915472305437, 0.6185038556461863, 0.6639016686363048, 0.7910171198021207, -0.42185490217176475, -0.08822699768118011, 0.059570385451284735, 0.24391411044315736, 0.10756230366152719], [-0.08788109510550987, -0.6756684431513404, 0.37742728384910695, -0.11157749502977193, -0.4860333889936966, 0.1210556220662376, 0.32901808917582714, -0.23576088462496148, -0.1093501273595821, 0.833368685751265, -0.5202386791587982, 0.41217643875361665, 0.0005869188737683759], [-0.5698435476869266, -0.1388155853226146, -0.390797498639757, -0.10235204675104695, -0.4288723035111933, -0.5225570530291788, 0.03286331144651669, -0.081646684861478, 0.5364750518237987, 0.0729012300002404, 0.4954604101881337, 0.4855189520323284, 0.06297898146719237]], "inverted": false, "swapped": false, "error_lsq": 0.04511006872883105, "error_max": 0.24820439791568275, "target": "655.xyz", "model": "8.xyz", "model_rescale": 4.019505241142653, "target_rescale": 3.8017953324622478},
{"mapping": [5, 11, 3, 6, 8, 4, 0, 7, 10, 2, 9, 1, 12], "R": [[0.39210899163946417, 0.8745721920213514, -0.2852613181250687], [0.2440640629495212, 0.20007868540048818, 0.9488947532919471], [0.8869516739101715, -0.4416922011892236, -0.1349989909464647]], "T": [0.03694479219989225, -0.007274972317262542, 0.009593545424279933], "aligned_model": [[-0.23347408696615904, -0.1668238537051736, 0.029211972138896265, -0.6892278521576992, 0.424279873049347, 0.5676341327028842, 0.5341566996070963, 0.9361640590666568, -0.46641766574613225, -0.1699023281362879, 0.25753271208518574, 0.17643577149945716, 0.02490534568820871], [-0.06103535824385534, -0.5731774607584098, 0.5579058573237132, -0.006932377593065532, -0.5288857038656943, 0.12538695508407557, 0.40860523497477125, -0.08569275747513, -0.15743904479029303, 0.5446360167043544, -0.5505508712785347, 0.19987374027828625, -0.02557130531405684], [-0.6023771808670664, -0.15003801948417658, -0.6376866420077235, 0.03670463508248685, -0.1748806025286465, -0.6135952767939805, -0.040106056046103684, -0.059971899605773336, 0.7594313582122454, -0.0412069587313749, 0.36106520664171543, 0.6372375366602446, -0.02326288337583146]], "inverted": true, "swapped": false, "error_lsq": 0.052405261496782894, "error_max": 0.3097382774632094, "target": "655.xyz", "model": "9.xyz", "model_rescale": 3.877068213659057, "target_rescale": 3.8017953324622478},
{"mapping": [3, 6, 5, 12, 13, 4, 7, 2, 11, 1, 9, 8, 15], "R": [[0.8815588849405989, 0.27166480710865626, -0.3860727456851944], [0.2536248903347396, 0.4172105005493707, 0.872702591513303], [0.39815618466247577, -0.8672563812448774, 0.2988946667390711]], "T": [0.0705818519316534, -0.13184688574529366, -0.017809545912599367], "aligned_model": [[-0.07470166023515684, -0.2710361727714643, -0.3173694456736642, -0.6716715632974761, 0.43466690404635583, 0.46782694135731645, 0.6300456326743085, 0.7230936686280214, -0.38989373339500594, 0.05542133029774127, 0.3780201248778678, 0.2525075428354987, 0.0075652097819375735], [-0.09240159831851884, -0.5712812788439157, 0.4233452732930283, -0.08807684556109469, -0.6934350657965878, 0.177243239578639, 0.45787646146787253, -0.22441162298481607, -0.11380482651624937, 0.732649120997849, -0.3469171579399666, 0.2619249772352371, -0.07558775156531575], [-0.6343305213226176, -0.28332623933286943, -0.4080029588134923, -0.09087983314685921, -0.4047194667171465, -0.4703029857538897, 0.05644152280457293, 0.059749827736810146, 0.5586381929853428, -0.09077133805329773, 0.5252114391750962, 0.6202889564536878, 0.01331662114067797]], "inverted": true, "swapped": false, "error_lsq": 0.041724567883487364, "error_max": 0.2707939907515477, "target": "655.xyz", "model": "10.xyz", "model_rescale": 4.260839863003843, "target_rescale": 3.8017953324622478},
{"mapping": [5, 0, 1, 4, 10, 7, 6, 9, 3, 8, 11, 12], "R": [[0.25323859596425935, -0.9181139603643358, 0.3048556532166753], [-0.6251991109828807, -0.39579868196533147, -0.6726585129028861], [0.7382386369868936, -0.02025238599823731, -0.6742355343061595]], "T": [0.07682239642781702, -0.04654033558681084, 0.0486391358220161], "aligned_model": [[0.31478442570509746, 0.11284458706073469, -0.39198341747442217, -0.4393533269395971, -0.5946867667406943, -0.30612037650681, 0.3205753300241855, 0.6352599477724012, 0.28724872310187727, -0.15516202804055934, 0.1738325268846356, 0.0016590242472815653], [0.02144837563806487, -0.5932087456243269, -0.48378516436530206, -0.2986037151396699, 0.15362407247407156, 0.3751426270271675, 0.6193219358195474, 0.17685232971322146, -0.4935522388892295, 0.026103033155417482, 0.6749265674101323, -0.005190571686160418], [-0.6891851106827485, -0.25832793590878583, 0.10061278659648157, -0.591761857814861, 0.13424765736197458, -0.4068283126177012, -0.4198592663110691, 0.11271378685680528, 0.5466799329168501, 0.7828317485434221, 0.24558021499563398, -0.0405255665404971]], "inverted": true, "swapped": true, "error_lsq": 0.03857285086007368, "error_max": 0.23277405915400892, "target": "655.xyz", "model": "11.xyz", "model_rescale": 3.890672605050136, "target_rescale": 3.8017953324622478},
{"mapping": [5, 8, 9, 6, 7, 12, 10, 4, 1, 11, 3, 2, 13], "R": [[-0.6481331883967993, -0.2750468235611117, -0.7101215494178036], [0.39974167907816144, -0.9165750608427699, -0.009836048436509093], [-0.6481743284845302, -0.2902402499482384, 0.7040103956644482]], "T": [-0.04201120141035218, 0.00028282591686538787, 0.007223756003668515], "aligned_model": [[-0.013779396346365255, -0.3271732535182885, -0.27043809256710283, -0.615788777126579, 0.46558271673897433, 0.522280502970523, 0.6275870443274607, 0.5494700511909545, -0.382450861187458, -0.07628287975754121, 0.31002318847076044, 0.32662263491023913, 0.1088219010207027], [-0.16789996748280603, -0.6433833956447778, 0.43209886433360123, 0.050785895478154736, -0.5053227288443245, 0.11793813334354204, 0.5912278522054226, -0.09667296179847673, 0.0031905801700885805, 0.5353397483219541, -0.8180055709393663, 0.40833939632486516, -0.06051292042171609], [-0.7516502091724813, -0.14629316520139377, -0.5987271334122474, 0.02416711787947782, -0.45502683353499895, -0.46486124454849276, -0.03707827162737761, 0.370275469778481, 0.7067883873325328, 0.13092381964517966, 0.2512299934516619, 0.45795989137902626, -0.036394604813352306]], "inverted": true, "swapped": false, "error_lsq": 0.049680533469436114, "error_max": 0.3284710967266074, "target": "655.xyz", "model": "12.xyz", "model_rescale": 4.124412569039231, "target_rescale": 3.8017953324622478},
{"mapping": [4, 2, 5, 10, 1, 0, 3, 6, 11, 7, 8, 9, 12], "R": [[0.9556969374215605, -0.15447107057787673, -0.25056346931979984], [0.25650026172324997, 0.8546244221566708, 0.4514695037201082], [0.14439868260809685, -0.49573761750335343, 0.8563838129326973]], "T": [0.17962713629732635, 0.10212479743270104, -0.08158576002084195], "aligned_model": [[-0.2095224078607908, -0.26123928432101146, -0.1677231446720499, -0.5441473624362683, 0.5257784141790014, 0.42473834798984944, 0.8003999326331042, 0.7123627482084378, -0.4397529152345549, -0.13760167107224747, 0.17852648634867302, 0.27448559161843133, 0.06817004374570551], [-0.20532030077726915, -0.6379976433470533, 0.5621854011422149, 0.04922529572757567, -0.6064885686651507, 0.20404277074316307, 0.45291043324182767, -0.15469626645105927, -0.3669987954008704, 0.6171771334395747, -0.42109673159845623, 0.30071351684696224, 0.05346668014470182], [-0.6917631109752329, -0.0974314368544281, -0.5729490699017745, 0.05243584271466506, -0.28384966959713775, -0.5976289888427464, -0.06303990319587142, 0.23122172667246998, 0.5403823000495929, 0.0832312581077009, 0.409468352095563, 0.5185856038210944, -0.07734968693787975]], "inverted": true, "swapped": false, "error_lsq": 0.040259670633285574, "error_max": 0.21111843412103723, "target": "655.xyz", "model": "13.xyz", "model_rescale": 3.9028299243045295, "target_rescale": 3.8017953324622478},
{"mapping": [6, 3, 1, 2, 7, 9, 14, 10, 8, 11, 4, 13, 15], "R": [[0.07744115316088496, -0.09052868589884178, -0.9928783534887551], [-0.3674409772940981, -0.9283601651135531, 0.055986891639866754], [-0.9268171319102115, 0.36048850308957836, -0.10515723055484388]], "T": [-0.03065631086943245, -0.04097591448837667, 0.05956106462536804], "aligned_model": [[-0.12479685485867528, -0.1790133312152331, -0.33531576569814436, -0.7633387950768376, 0.6258026948257812, 0.4436742623853061, 0.6705949386228793, 0.6838885439859048, -0.5260489064409475, 0.10797193020701727, 0.19500254019665486, 0.3792909750248101, 0.046762547167764526], [-0.09649197304680683, -0.574418836348668, 0.3597742439703924, -0.06377719892314967, -0.4634947863697052, 0.11999347610869437, 0.4979381832243196, -0.19238740369666382, -0.029690420790823825, 0.627198607328139, -0.6319629631946792, 0.34034795760997155, -0.04590596082485922], [-0.5980587248189456, -0.22700182353257498, -0.3512681977471527, -0.00976604637440192, -0.39996840405205125, -0.5320002754149534, 0.030083392482975084, 0.20738803572492087, 0.6519848769780988, -0.22360268218775475, 0.30282155274387934, 0.6245271513519083, -0.02382563799793306]], "inverted": true, "swapped": false, "error_lsq": 0.04581061153328313, "error_max": 0.29359064985259326, "target": "655.xyz", "model": "14.xyz", "model_rescale": 3.942246331269136, "target_rescale": 3.8017953324622478},
{"mapping": [6, 11, 9, 10, 8, 0, 1, 12, 4, 5, 13, 3, 14], "R": [[-0.8567186016351171, -0.4813789871579317, -0.18522286126494636], [0.2721737606466643, -0.11688452996098908, -0.9551227411549006], [0.4381263306716706, -0.8686842219003421, 0.23115588029201306]], "T": [0.04636492852905236, 0.016820514481592656, -0.09118491918329019], "aligned_model": [[-0.2088399456258341, -0.23290827223075203, -0.4760590399307352, -0.657669267996252, 0.3524518450825673, 0.6264652110816888, 0.6571487921819275, 0.7017109875626997, -0.24160213147108048, 0.12769143586296128, 0.258971431308892, 0.18224661869688238, 0.1348671146033149], [-0.22817848524331003, -0.6432626089422914, 0.4001336399123278, 0.022903981525096227, -0.5011002822600519, 0.1364532759139345, 0.46057976913091775, -0.13350044219732088, -0.1225017657685569, 0.6448160259574801, -0.5950661287523364, 0.3575209349439961, 0.04832501082627599], [-0.5243538835376247, -0.11137833803433173, -0.5689992672135792, 0.024137921550285463, -0.5779187007364646, -0.5269476383811138, 0.2031995770031772, 0.37357460041254553, 0.40006679990111516, -0.048909690501232145, 0.4000615131833549, 0.5268824883658558, -0.11810216485597291]], "inverted": false, "swapped": false, "error_lsq": 0.04838099820519537, "error_max": 0.29450679521981815, "target": "655.xyz", "model": "15.xyz", "model_rescale": 4.355366556412066, "target_rescale": 3.8017953324622478},
{"mapping": [10, 1, 8, 6, 11, 7, 9, 5, 3, 4, 0, 12], "R": [[-0.7446318168259826, -0.452094091600932, -0.49105436533032143], [0.09650577578746818, 0.6550378029732556, -0.7494078408421074], [0.6604620296505284, -0.6054225045499206, -0.44413229827879663]], "T": [0.038381879326176656, 0.026839493658878416, -0.15651175444155144], "aligned_model": [[-0.08722993439135929, 0.5114983315378365, 0.13918090504390046, -0.7275554102777346, -0.6310959804061111, -0.4386688777957176, -0.2088478992066565, -0.20072418874090336, 0.5622910127164559, 0.18958860762613522, 0.5042024173825276, -0.014830428856592408], [-0.5991577190348271, -0.2993508564285349, -0.5869463699236561, 0.36419803572057696, -0.13906320119584029, -0.10284558491304757, 0.39931143485896325, 0.6215391707843563, -0.0017304570524014733, 0.018314851160532136, 0.32961222651774147, 0.008894897247117908], [0.1446000643039075, 0.13232015164467384, -0.616119298845935, -0.008836122014453135, -0.4614493502960737, 0.3796940273392594, -0.5639481693482998, 0.2848425173203263, -0.6221795481411462, 0.6903357012101018, 0.13625544051032626, -0.04625695247326607]], "inverted": false, "swapped": true, "error_lsq": 0.04667490638480915, "error_max": 0.3032066486105035, "target": "655.xyz", "model": "16.xyz", "model_rescale": 3.795458400668931, "target_rescale": 3.8017953324622478},
{"mapping": [5, 10, 1, 2, 9, 6, 3, 8, 4, 0, 11, 7, 12], "R": [[-0.7464709272107778, -0.5141783998755974, 0.42237628713086156], [0.07719171092148708, -0.6973805075928913, -0.7125320114875506], [0.6609255590413307, -0.49928048302617595, 0.5602645845268583]], "T": [0.09634602114105997, 0.023197845291061336, 0.055233277727195905], "aligned_model": [[-0.029629020406500645, -0.3254235140585565, -0.3128930381285404, -0.6018830933473448, 0.3594671961798447, 0.4969820042119276, 0.6684081792998697, 0.7420768588220106, -0.3418214437935152, -0.02214520257786931, 0.35505411428554867, 0.2697562710026231, -0.033474532363217485], [-0.13738943441552476, -0.5539746610175258, 0.41475078907502816, 0.007212534661316772, -0.645632812709493, 0.21607327418435537, 0.5929495542030947, -0.17528246056402486, -0.09308536411083308, 0.5966908516961191, -0.6048664128536072, 0.3139116707248934, -0.0842346038276378], [-0.693711725946877, -0.11175780045092024, -0.572465930983539, -0.062105624797819205, -0.47521811231657496, -0.4543407885535027, 0.07781234025011227, 0.09162044263823385, 0.5134725997722132, -0.03463322868307748, 0.49562603357785673, 0.617984587357421, 0.05903042529248889]], "inverted": false, "swapped": false, "error_lsq": 0.03321335713184469, "error_max": 0.17221656167676955, "target": "655.xyz", "model": "17.xyz", "model_rescale": 3.7474275329858107, "target_rescale": 3.8017953324622478},
{"mapping": [12, 5, 7, 9, 10, 11, 1, 3, 4, 2, 8, 0, 13], "R": [[-0.49208651297817485, 0.07109745268794926, -0.8676381826350574], [0.737342366422485, 0.5638752739902145, -0.37198240557982076], [0.462792716476254, -0.8227939156336448, -0.32989858134400074]], "T": [0.08881669636570881, 0.020573336170024548, -0.057166735059642496], "aligned_model": [[-0.2915216585668805, -0.24758308030143894, -0.03808293645080631, -0.5763759202412672, 0.3368603449708624, 0.5476847209045841, 0.5725895388886294, 0.749156996533174, -0.35065276378215715, -0.09634052522354193, 0.3401231890060205, 0.21322825157173791, 0.06538862181736338], [-0.21854344526106007, -0.6175961149775554, 0.4724049029243048, 0.057881356599209066, -0.5763312040779837, 0.052136267378462164, 0.5134292633807034, -0.11814104002530887, -0.3199198832205923, 0.664726356778777, -0.4528403502730568, 0.2980275577069013, 0.09188925811336036], [-0.6549985039701866, -0.11003334598358243, -0.6463729812177285, -0.11922364667547548, -0.2992797018363384, -0.6141053126742443, -0.017476828782707468, 0.01562193933902753, 0.5594018200637615, 0.17653481209752042, 0.4219772719611036, 0.7217320456965299, 0.01753564913833562]], "inverted": false, "swapped": false, "error_lsq": 0.046154714696781646, "error_max": 0.22913462737244308, "target": "655.xyz", "model": "18.xyz", "model_rescale": 3.922800546911778, "target_rescale": 3.8017953324622478},
{"mapping": [2, 3, 1, 5, 9, 10, 4, 11, 12, 8, 7, 13, 14], "R": [[-0.8466124020879514, 0.43282800665138094, -0.3096891300789575], [0.4493686228762997, 0.8931271543035451, 0.01979209488431892], [0.2851583444423944, -0.12240834491097445, -0.9506318507661254]], "T": [0.012708437937916262, 0.08888761672948887, -0.0720092696959168], "aligned_model": [[0.11380923603163501, -0.2554396228026724, -0.3274255147494571, -0.7352561208869091, 0.3920134975754159, 0.6738823857820146, 0.604421970323255, 0.673037231823423, -0.3565025032481916, -0.1660901859168808, 0.24774135478282722, 0.3191968286265226, 0.041086221785297396], [-0.25008797239860897, -0.49040302243251965, 0.38677731643780455, 0.1565763007027634, -0.5559203560434811, 0.11746431135609142, 0.49978014518866337, -0.09465086511717387, -0.18888276313838925, 0.6199577628861718, -0.5523647217444981, 0.19491813640970346, 0.0039586529396341], [-0.6949082513838454, -0.031165463734198304, -0.6581437636243999, 0.06400904153336474, -0.3930910908829618, -0.5331307617994335, -0.0019409834270453369, 0.12169959023552511, 0.5644975578739345, 0.17372677973592615, 0.3424373317615832, 0.5334955957590498, -0.03617236489148397]], "inverted": true, "swapped": false, "error_lsq": 0.041899467805369114, "error_max": 0.2688684128168529, "target": "655.xyz", "model": "19.xyz", "model_rescale": 3.9282355846067225, "target_rescale": 3.8017953324622478},
{"mapping": [6, 3, 8, 4, 5, 7, 12, 2, 0, 9, 1, 10, 13], "R": [[0.9418653685009728, -0.33598362435398577, -0.0021521580998419276], [0.17214009238056782, 0.47704091680659044, 0.8618583133482773], [-0.288543612325306, -0.8121249705915263, 0.5071445710327342]], "T": [0.059745773686110386, 0.045466796855953014, -0.1216768463002994], "aligned_model": [[0.0007501036332701883, -0.31040714868094077, -0.43658931522535416, -0.5691245665045915, 0.3125462353776305, 0.6011390065673312, 0.5535825987514904, 0.7430556162637058, -0.34498520618518164, -0.013098285355256777, 0.16726394685203322, 0.43975949630989053, 0.08058229732225279], [-0.23209145188393288, -0.6085167269189184, 0.46979235327000723, -0.0006939464540497917, -0.5715616694575665, 0.16294356038358906, 0.731076180666154, -0.29539732535077634, -0.2289672537220908, 0.7318210073601124, -0.5382713264718557, 0.25861726717602684, -0.03162774355053782], [-0.7101706725453402, -0.08108825386731605, -0.5118317909278636, -0.07973491089775556, -0.3291809440331689, -0.40661605701218917, -0.027552947590635257, 0.18754074632453077, 0.5116285887092148, -0.07654962587432157, 0.33569657019808347, 0.6215531292869431, 0.017619385385833464]], "inverted": false, "swapped": false, "error_lsq": 0.047391606736147396, "error_max": 0.3048886486216112, "target": "655.xyz", "model": "20.xyz", "model_rescale": 4.067790424073018, "target_rescale": 3.8017953324622478},
{"mapping": [13, 11, 5, 6, 10, 1, 7, 9, 3, 8, 12, 0, 14], "R": [[-0.7034325038688248, -0.6915505053903184, 0.16413595278070936], [0.544848136734462, -0.3763602355165693, 0.7493286869050841], [-0.45642438628739024, 0.6165313224940872, 0.6415340271457715]], "T": [-0.03968145460702595, 0.08797827887455416, -0.007851788212565707], "aligned_model": [[-0.08184824708655078, -0.22432938032592092, -0.147893338291473, -0.7756668028570959, 0.3727897243955548, 0.5787289734834903, 0.6147964481398976, 0.6846485656524312, -0.388584493625965, 0.1406243194273205, 0.2888367174551514, 0.1580494782773168, 0.004322814482123086], [-0.24488603614126864, -0.5316202958292456, 0.39101515437674605, 0.015667469442718365, -0.48820080449892495, 0.22917349707506107, 0.42732515798524934, -0.19189877111736653, -0.3111069887381731, 0.6199060820105502, -0.4848878645445493, 0.38851986367062213, 0.028116461354742356], [-0.6223001704858317, -0.013768183388461024, -0.5027507285763724, -0.03341771663121774, -0.4191570421648912, -0.5283684104880071, 0.1068928311061888, -0.04048241964447099, 0.6575372973521484, -0.10639384434009796, 0.380624799559125, 0.6045494393416534, -0.031652634483750317]], "inverted": true, "swapped": false, "error_lsq": 0.03658829523102733, "error_max": 0.23040217549816913, "target": "655.xyz", "model": "21.xyz", "model_rescale": 4.186013935880536, "target_rescale": 3.8017953324622478},
{"mapping": [2, 1, 8, 9, 0, 5, 3, 6, 10, 11, 7, 4, 12], "R": [[0.33212629826254697, -0.9412280447979485, -0.06149707056640569], [0.6709047496700936, 0.18990414846697515, 0.7168146421949977], [-0.6630074953366116, -0.2793316703864151, 0.6945465276326768]], "T": [0.05835200849320317, -0.013428317194599311, -0.05505208001795092], "aligned_model": [[-0.0198229864500305, -0.1282351781377511, -0.4476017266293994, -0.5589657899205965, 0.4555738917254321, 0.5261101972935835, 0.8442073825198282, 0.5547075838636265, -0.3693775778736504, -0.032144197652243967, 0.05510489402062699, 0.25616259408790354, 0.08875569227895122], [-0.06895188179362738, -0.7089031729675704, 0.35770165337140286, -0.045392564866772865, -0.5309728133165461, 0.226666649947776, 0.4652637836209992, -0.14439821253800034, -0.026162420901355073, 0.6074176785544457, -0.5171676882575441, 0.2159011312773974, 0.016120782915555947], [-0.7902425361616868, -0.18398300224011127, -0.4954399699136451, 0.0028079482452941576, -0.36513418369646616, -0.6225866249382982, 0.019940309374645304, 0.16019400782020093, 0.6613170121315443, 0.0179319247195045, 0.4783894277123383, 0.605171461715209, -0.037052557612513186]], "inverted": false, "swapped": false, "error_lsq": 0.044879989148020334, "error_max": 0.2594168736876063, "target": "655.xyz", "model": "22.xyz", "model_rescale": 4.166573947596378, "target_rescale": 3.8017953324622478},
{"mapping": [3, 9, 4, 8, 11, 2, 6, 12, 10, 1, 14, 5, 15], "R": [[0.6697337286503087, 0.6491899623556208, -0.3605677820949376], [-0.6446277804757417, 0.26719490546279356, -0.7162833986165306], [-0.36866211813403554, 0.7121511604086849, 0.5974353248523976]], "T": [0.047400435145325305, -0.026695609504921024, -0.004670892360207325], "aligned_model": [[-0.04298030369613865, -0.18094373386705243, -0.315244447370137, -0.7347424136952749, 0.42153885196679813, 0.3730584668653289, 0.7049760303647186, 0.6232190223346629, -0.27492335804589063, 0.2014600527505661, 0.24179118574620387, 0.14393394886394162, 0.06333147690855348], [-0.13993395205903006, -0.5699742462296266, 0.38067209307671424, -0.052988384542912235, -0.5315713453253211, 0.31289690557685623, 0.35326753823177953, -0.3318652627253615, -0.23195791006601693, 0.6676203843117091, -0.5810256752856343, 0.5330850884185118, 0.038897691664493146], [-0.5881390164579455, -0.1193723729029012, -0.49700589765974984, -0.20873067333014134, -0.48134086609941285, -0.4857457402433383, 0.04359892119591382, 0.0637819573234128, 0.6394688389211901, -0.05252479315098294, 0.5253368221804612, 0.6022795439711603, 0.009706493408349132]], "inverted": false, "swapped": false, "error_lsq": 0.04404991642560462, "error_max": 0.26971557710614724, "target": "655.xyz", "model": "23.xyz", "model_rescale": 4.274766983524099, "target_rescale": 3.8017953324622478},
{"mapping": [3, 0, 2, 9, 5, 6, 11, 7, 10, 4, 12], "R": [[-0.35489004052040846, -0.8751514154361988, 0.32888152760445677], [0.05393155268935271, -0.37035756570379486, -0.9273223070488896], [0.9333511915479289, -0.31136035968950443, 0.1786344861724185]], "T": [0.08403295909617553, 0.006701200785923761, -0.08839563532844999], "aligned_model": [[0.2999942675157013, 0.10137804337466805, -0.4295801869482741, -0.4181328347859488, -0.47706955277447455, -0.5637567349823318, -0.15351913761703997, 0.03710882993148164, 0.6009901732728224, 0.2931768217134827, 0.0893050152579882], [-0.013906324260006316, 0.6132923149343505, 0.39076632210553874, -0.2405948373975285, 0.43594808148690023, -0.18601550615001008, -0.6640994728752554, 0.029581090604651583, -0.150654402373337, 0.6597246300723918, 0.04154463509578758], [-0.7555384681608612, -0.2500096822596053, -0.5896127500085969, -0.31760411580053394, 0.23801529822469067, 0.426878653797223, 0.1612174728213066, 0.6390567147495243, 0.36582195382789373, 0.4311291503064949, 0.030212206524041718]], "inverted": false, "swapped": true, "error_lsq": 0.03496273230945959, "error_max": 0.20941387090502842, "target": "655.xyz", "model": "24.xyz", "model_rescale": 3.7841303162186577, "target_rescale": 3.8017953324622478},
{"mapping": [13, 11, 14, 10, 3, 12, 2, 4, 7, 9, 6, 8, 15], "R": [[-0.29254639984521646, -0.9180972588390767, 0.2674210673259985], [-0.9353759671983118, 0.21662757380061914, -0.27954300967307344], [0.19871689391047112, -0.3319185405810149, -0.9221397282912953]], "T": [0.07504253824817572, 0.029734142877298468, 0.10783903726332078], "aligned_model": [[-0.04334091918090463, -0.3235035912067641, -0.2749294266910437, -0.6746103619307073, 0.4933276587512463, 0.33934276527149454, 0.6588318581462053, 0.7654078808748052, -0.38074191428604887, 0.029353346085340543, 0.2672826338255063, 0.27108644087014455, 0.09696840859700599], [-0.23962831750119123, -0.5707932190656831, 0.38790491792298115, 0.23736685928298454, -0.527312820657393, 0.26302496257503044, 0.5034786428542422, -0.2037709347177527, -0.29534502056457623, 0.5606126070465821, -0.6500624177852496, 0.4176848033057024, -0.03603713764951547], [-0.6170259289317798, -0.15665186885062388, -0.5074107347563999, 0.09502148646045591, -0.29680664233262266, -0.5636463980726351, 0.0482638189102723, 0.26776219160846476, 0.4385800695291515, -0.13345178835359697, 0.25932116164378427, 0.5084870835043779, 0.10887076679716692]], "inverted": false, "swapped": false, "error_lsq": 0.04544026099446043, "error_max": 0.24613773445693632, "target": "655.xyz", "model": "25.xyz", "model_rescale": 4.19342608120988, "target_rescale": 3.8017953324622478},
{"mapping": [10, 1, 8, 6, 11, 7, 9, 5, 3, 4, 0, 12], "R": [[-0.7446318168259826, -0.452094091600932, -0.49105436533032143], [0.09650577578746818, 0.6550378029732556, -0.7494078408421074], [0.6604620296505284, -0.6054225045499206, -0.44413229827879663]], "T": [0.038381879326176656, 0.026839493658878416, -0.15651175444155144], "aligned_model": [[-0.08722993439135929, 0.5114983315378365, 0.13918090504390046, -0.7275554102777346, -0.6310959804061111, -0.4386688777957176, -0.2088478992066565, -0.20072418874090336, 0.5622910127164559, 0.18958860762613522, 0.5042024173825276, -0.014830428856592408], [-0.5991577190348271, -0.2993508564285349, -0.5869463699236561, 0.36419803572057696, -0.13906320119584029, -0.10284558491304757, 0.39931143485896325, 0.6215391707843563, -0.0017304570524014733, 0.018314851160532136, 0.32961222651774147, 0.008894897247117908], [0.1446000643039075, 0.13232015164467384, -0.616119298845935, -0.008836122014453135, -0.4614493502960737, 0.3796940273392594, -0.5639481693482998, 0.2848425173203263, -0.6221795481411462, 0.6903357012101018, 0.13625544051032626, -0.04625695247326607]], "inverted": false, "swapped": true, "error_lsq": 0.04667490638480915, "error_max": 0.3032066486105035, "target": "655.xyz", "model": "26.xyz", "model_rescale": 3.795458400668931, "target_rescale": 3.8017953324622478},
{"mapping": [0, 6, 2, 1, 7, 3, 4, 10, 8, 9, 5, 11, 12], "R": [[0.6706264893912424, -0.5130499981344219, 0.5357609645551342], [-0.7246962162472399, -0.6073157255849932, 0.3255503088834465], [0.15835247356360446, -0.6065866045928175, -0.779087405394828]], "T": [0.03259357423801465, 0.08402404415468095, 0.02534969881624661], "aligned_model": [[-0.1102225478414672, -0.3997171153836504, -0.35210784179337273, -0.5549366196334585, 0.5128168144068628, 0.4465991111484465, 0.7460925070098922, 0.6897276449691667, -0.3009282839658999, -0.020027546413783542, 0.18663999066959927, 0.27961332172507414, 0.10092534422887027], [-0.149636966948032, -0.6179924282460598, 0.5080997822567339, 0.0362271410938966, -0.4731668292352738, 0.18454298643923012, 0.503983535839318, -0.12722422600914568, -0.20610632971958315, 0.4928285173107218, -0.6126409503894319, 0.3608107853229133, -0.0526020926691263], [-0.7596848731979741, 0.06365504821716866, -0.6432305153359873, -0.028287022731366206, -0.319805438538086, -0.5776195512267035, 0.14117923267509652, 0.20208512239151127, 0.6044345340191383, -0.09500066680168198, 0.2657411604817405, 0.6368600715804653, -0.03901388437730618]], "inverted": true, "swapped": false, "error_lsq": 0.04108288636636788, "error_max": 0.274409085475948, "target": "655.xyz", "model": "27.xyz", "model_rescale": 3.6321398670334006, "target_rescale": 3.8017953324622478},
{"mapping": [0, 8, 5, 3, 10, 11, 13, 9, 7, 1, 12, 6, 14], "R": [[-0.24296997816024682, -0.1325101856586089, 0.960940497850689], [0.12565202117210256, 0.9779804850312214, 0.16663055084066186], [-0.9618612994024525, 0.16123033707965106, -0.22096972443528867]], "T": [0.07663960609985826, -0.01708021368613026, -0.03016483596348308], "aligned_model": [[-0.1081257815729812, -0.09352539766375667, -0.3751693281769994, -0.5986960328358462, 0.3776935628372711, 0.5141197625098698, 0.7004801437288333, 0.7108216160692442, -0.4635990194491399, -0.16732322316425904, 0.1729012458191229, 0.4591502297855297, 0.09574700123939094], [-0.1132695935987922, -0.5011278723186604, 0.4704240172362031, 0.005027647934422355, -0.5557258776926575, 0.1319131864041308, 0.503675432369845, -0.20997290323361656, -0.24228107401976468, 0.6055204275606235, -0.4984530637602351, 0.20728177349361132, 0.044110824671051437], [-0.6184003746127296, 0.03124649410725793, -0.604775689767374, -0.15261113929732473, -0.5033445024500319, -0.476189404676607, 0.04802642074508314, 0.05455676559453456, 0.4780813484528651, -0.01931238910193169, 0.6350596425323409, 0.608000313991544, -0.02902426836161153]], "inverted": true, "swapped": false, "error_lsq": 0.041076512885752356, "error_max": 0.24800300673214165, "target": "655.xyz", "model": "28.xyz", "model_rescale": 4.156811204709835, "target_rescale": 3.8017953324622478},
