[{"mapping": [2, 12, 9, 4, 6, 3, 1, 0, 11, 5, 7, 10, 8, 13], "R": [[-0.6949547385038491, 0.27613484020114115, 0.6639182641395981], [0.6251608530522463, 0.6882178905036395, 0.36814405197111133], [-0.3552630282509489, 0.6708991617358088, -0.6509089763862185]], "T": [-0.11914029684094796, -0.14896406154341457, -0.024642180439602146], "aligned_model": [[0.3518557544540872, -0.4716040998250202, 0.1410835463409698, 0.8330648968279531, 0.360996877790849, -0.047814796708655016, -0.6354462104207168, -0.2239248659615347, -0.15804126293302095, -0.4346812398670731, 0.4739737762693391, -0.1926632442632421, 0.3920680309854784, -0.019101382978190723], [-0.6403201498163307, 0.15731044789858056, 0.21355334235713064, -0.19499765168315886, -0.5179016279907827, -0.6587011453567835, -0.36827655655157915, -0.42745489544388504, 0.4197281047372601, -0.23220257627548158, 0.3124339272087697, 0.8419414435914365, 0.18561381319285197, -0.020418897684338494], [-0.38239930418604356, -0.36681903591886483, -0.6056825018227814, 0.04311034231709693, 0.44215504511785836, 0.06635828227379897, -0.1601941872813522, -0.7365940637071866, 0.37802117236442134, 0.6579312759597664, -0.10663044014447226, -0.19236093531635867, 0.4624951953801683, -0.027509028360636456]], "inverted": false, "swapped": false, "error_lsq": 0.04585599792935757, "error_max": 0.25745414905918573, "target": "658.xyz", "model": "0.xyz", "model_rescale": 3.8414455957264533, "target_rescale": 3.9765743091433454},
{"mapping": [9, 12, 13, 7, 2, 6, 10, 8, 1, 3, 0, 11, 4, 14], "R": [[-0.4297293553643129, -0.2539471725016585, 0.8665122703785476], [-0.8146191032368832, 0.5230072710901581, -0.25071719332419606], [-0.3895232955545901, -0.8136179865054847, -0.43162179538926515]], "T": [0.05742148869988623, -0.12758730370066684, -0.014930527443730843], "aligned_model": [[0.487110373503277, -0.5229934667811593, 0.25766473242215554, 0.6997687206436096, 0.3500663863226687, -0.10143660594693549, -0.5979969562206897, -0.23607166732038498, -0.27060534440209055, -0.23829387502193283, 0.49951643929872436, -0.255781551172737, 0.30673974315965163, -0.007921148772933963], [-0.44678057287875284, 0.1201774516379526, 0.1896732974587132, -0.14416597633724015, -0.6460342661618205, -0.8920826792830041, -0.32407910933116857, -0.36134163664815355, 0.5570858556111321, 0.07254931301710707, 0.44169163712760473, 0.610655197509054, -0.02946088923707038, -0.0775800443006641], [-0.4380059334664228, -0.44390680806190524, -0.6737896587721981, -0.006552976311830175, 0.4211617089336036, 0.0034569754330912826, -0.0008261739190505574, -0.7102887636774777, 0.3999416852336545, 0.6821165587331581, 0.06247045247008584, -0.3033178838797182, 0.458386332203002, 0.021036301757421903]], "inverted": false, "swapped": false, "error_lsq": 0.04011216710592231, "error_max": 0.22456424384068208, "target": "658.xyz", "model": "1.xyz", "model_rescale": 4.316132596720782, "target_rescale": 3.9765743091433454},
{"mapping": [6, 8, 1, 3, 7, 5, 2, 4, 11, 9, 10, 13], "R": [[0.17623207275449115, -0.8933559363319861, -0.41334903840828807], [-0.9821751786586272, -0.1316983252520626, -0.13411737230014598], [0.06537717460666037, 0.4296169481598725, -0.9006414952100797]], "T": [0.008674601847123826, 0.04379670045528185, -0.02446003784164314], "aligned_model": [[-0.19907854121855764, 0.569153804515863, 0.07721237530446892, -0.35818034346957534, -0.6488164381676561, -0.5865845614031664, 0.04550919182891117, -0.3668019022391266, 0.5582278068911427, 0.2691067979840394, 0.35335615037286344, -0.11529578576742552], [-0.5925919789218899, -0.16739318120463503, -0.4883692728049869, 0.5931285152226381, -0.32001880656293674, -0.049324209473181, 0.13630894019800333, 0.42331531166134595, -0.00020711873113432588, -0.12237533023541296, 0.5724509271350626, 0.027852631458107367], [0.13307010400799973, 0.08467552792244759, -0.5564596333296202, 0.05906157851534393, -0.37672959413565343, 0.33232100692665967, -0.7987191463156934, 0.7068238546387434, -0.5183185105760132, 0.6243375155211682, -0.24906171759392645, 0.008257475627965125]], "inverted": true, "swapped": true, "error_lsq": 0.05633435704136621, "error_max": 0.34807305288996565, "target": "658.xyz", "model": "2.xyz", "model_rescale": 3.795458400668931, "target_rescale": 3.9765743091433454},
{"mapping": [5, 6, 9, 11, 3, 10, 8, 7, 1, 2, 12, 13], "R": [[-0.19425203096113597, -0.0038223707846878896, 0.9809442073579203], [-0.9545115803811415, -0.22987069803186808, -0.18991341475693047], [0.22621624916386984, -0.9732136721542326, 0.0410043527726493]], "T": [0.010851552600433495, 0.04777377487886814, 0.028304445207379604], "aligned_model": [[-0.05532989958268883, -0.07795375912487303, -0.6952023263639571, 0.21185444624260788, 0.12873191399398204, 0.09369933815556988, -0.34427933078118034, 0.5922528023917332, 0.42680252508558236, 0.6954528038769784, -0.4173365852162313, 0.03461189706604174], [-0.11002784424817522, -0.6067818744918909, -0.08074561772802122, 0.06273696373792048, 0.5517950853127863, 0.6104946847128319, -0.0960955702027437, -0.3930980824102167, -0.47812838015749526, 0.13626740763977377, 0.4714275257214766, 0.01792474740346346], [-0.6506774055022833, -0.16310658835770458, -0.008397374113059679, 0.7404948636316306, -0.39049215583422525, 0.3821518669759893, 0.5014136732602109, -0.367112579375284, 0.37663378778804485, 0.39283492718075186, -0.029834596259638517, -0.0951369887553318]], "inverted": true, "swapped": true, "error_lsq": 0.035501258962452306, "error_max": 0.2068885583002001, "target": "658.xyz", "model": "3.xyz", "model_rescale": 3.7530521520055578, "target_rescale": 3.9765743091433454},
{"mapping": [6, 7, 1, 2, 8, 0, 9, 5, 4, 10, 13], "R": [[-0.16861891584213534, -0.9601820489628602, 0.2227511931947984], [-0.8734889802610203, 0.2502707433700463, 0.41759017753722044], [-0.45671069900187977, -0.12415710959299904, -0.8809088202275683]], "T": [0.050538932973525665, -0.07409330605410096, 0.10731509547878842], "aligned_model": [[-0.3675457251528483, -0.3088903484751021, 0.293501505940346, 0.5851613910521762, 0.33955861696229434, -0.29759134323816344, -0.20630270230517242, -0.634670104531557, -0.5827357884425323, 0.5830178285255185, -0.06530372788975491], [-0.5004605157409657, 0.12258284854000236, -0.347744265288156, 0.22894487039961686, -0.5803675304187186, 0.6618540145695143, -0.5564462966839694, 0.06557177355077214, 0.18613080369393836, 0.21594719672655693, -0.02880954103424517], [-0.23383573102973504, -0.6144044573875715, -0.55374916745904, -0.3740778412225292, 0.28282209381617784, -0.22359324296882732, 0.5739458966866837, 0.07153899080507076, 0.699801089148792, 0.3920418212467059, 0.07234132560958913]], "inverted": true, "swapped": true, "error_lsq": 0.04854297573050515, "error_max": 0.2762116379878826, "target": "658.xyz", "model": "4.xyz", "model_rescale": 3.7855080009869324, "target_rescale": 3.9765743091433454},
{"mapping": [15, 7, 10, 14, 12, 13, 6, 8, 0, 1, 3, 5, 2, 16], "R": [[-0.9020941499399481, 0.3464555560895483, 0.25728329191535965], [0.2652457456956961, -0.02513080833951281, 0.9638532755884252], [0.34039805968080433, 0.937729699927908, -0.06922550713905273]], "T": [-0.004160428211612877, -0.10732961776618373, -0.022207654624279274], "aligned_model": [[0.4937905071717092, -0.5532292993153677, 0.12832357161927646, 0.6012489296073268, 0.1327892706512895, -0.06483333988239508, -0.600951067567023, -0.09985047911247914, -0.17444279180013164, -0.22248153443192445, 0.3676123100908577, -0.19747553646026705, 0.5109652950725462, 0.048299944067804995], [-0.4670153512449919, 0.17825518320465567, 0.19464009569920648, -0.36280779884808384, -0.5479477699960867, -0.8257622603220293, -0.36317314959743835, -0.45146677442375677, 0.505069638544071, 0.002991934885222078, 0.47893623061783214, 0.6623829264450289, 0.17904434563666266, -0.11283967241660235], [-0.5717430454486939, -0.44450395832015915, -0.6719972790510806, 0.13875136807781102, 0.4779580048496785, -0.09320747698329925, -0.08900651737532443, -0.6286092587859525, 0.42994823756542494, 0.6942202821486332, 1.8264319442851118e-05, -0.18118914042063278, 0.4232372127550729, -0.011994876655506949]], "inverted": true, "swapped": false, "error_lsq": 0.042430172271471736, "error_max": 0.27428874002886655, "target": "658.xyz", "model": "5.xyz", "model_rescale": 4.2253639853439635, "target_rescale": 3.9765743091433454},
{"mapping": [0, 10, 4, 7, 12, 9, 8, 1, 5, 11, 3, 2, 6, 13], "R": [[-0.7329381317518245, 0.6800499000284232, -0.01827097412501663], [0.6469172955183422, 0.6884164896977358, -0.32799504488861014], [-0.21047495761581536, -0.25221988459195505, -0.9445027379701141]], "T": [-0.02074105238432286, -0.08745548565059692, -0.0651628492374498], "aligned_model": [[0.5293579561639785, -0.6343529345807337, 0.16526915007198192, 0.7228166891296102, 0.3842951839807174, -0.11641757749817805, -0.6957443156734991, -0.24944999077392382, -0.4167545419483467, -0.16507292737140122, 0.5870115481196767, -0.057096783428840676, 0.28750901484239755, 0.028395308677783934], [-0.557882173372106, 0.28979635226448963, 0.22802189266925232, -0.18505224968256984, -0.5756427283357464, -0.6862373493085471, -0.379130616577109, -0.29357308952253663, 0.3023888855659652, -0.13892690574264782, 0.2713901958280843, 0.578537234548892, 0.26852362484157627, -0.0519054949933071], [-0.41034752676550185, -0.3646189949519877, -0.6707910689870955, 0.1936574990972561, 0.6196456114139546, -0.13518220214671953, 0.006677864474597117, -0.7314312162135945, 0.23804656480633113, 0.6977741020171153, -0.13499139757599693, -0.13798845942189364, 0.3729909332077469, -0.07155989227879747]], "inverted": true, "swapped": false, "error_lsq": 0.05024445854738942, "error_max": 0.27452853872277705, "target": "658.xyz", "model": "6.xyz", "model_rescale": 3.89814844738969, "target_rescale": 3.9765743091433454},
{"mapping": [2, 11, 10, 7, 3, 8, 1, 0, 6, 9, 12, 5, 13], "R": [[0.9964006851251457, -0.05266199622871859, -0.06642581452527876], [0.0829739916546932, 0.44552813316382966, 0.8914146057073777], [-0.017349103464652342, -0.8937177388374695, 0.4482941131625682]], "T": [-0.07072148825970556, 0.15980848088237978, -0.015987058462098403], "aligned_model": [[0.08837670885627172, -0.19998875587140305, 0.37504587000090184, -0.22051010478451746, 0.5413756152479765, -0.42539972420879724, -0.545783376316271, 0.4248238796169258, -0.6475966853793228, -0.3622455081871505, 0.2269668620956998, -0.04801727779862146, -0.05841570236746982], [-0.2576812616243733, 0.26228040739043923, 0.42015272360787037, -0.6425034065907013, 0.07727588283131638, 0.5924956842312813, -0.24927655999694778, -0.5182281212492827, -0.06621262193525954, 0.7056379001621329, 0.6532673818497082, -0.0957133136433296, 0.08228657043763085], [-0.6561296575386342, -0.737534513707144, -0.44288155762681725, 0.13437595799202856, 0.23270825744523088, -0.25605748033141185, -0.43775387902862967, 0.24288478424820986, 0.28250437075080126, 0.34933516734986336, 0.16864145838026628, 0.635542542212347, 0.08663958069018526]], "inverted": false, "swapped": true, "error_lsq": 0.05653103239224017, "error_max": 0.3274960139159949, "target": "658.xyz", "model": "7.xyz", "model_rescale": 3.7474275329858107, "target_rescale": 3.9765743091433454},
{"mapping": [1, 3, 0, 12, 13, 4, 8, 2, 7, 9, 10, 6, 11, 14], "R": [[-0.0487594023836733, 0.9868289138999851, -0.15424401242888752], [-0.9868893007236306, -0.02381140196951489, 0.15963246929578528], [0.1538571701169974, 0.16000534937064437, 0.975051926502567]], "T": [0.0549898122765449, -0.05917675218902067, -0.03172598031940364], "aligned_model": [[0.3718135815858771, -0.4476400809759332, 0.19771426036107295, 0.6390319492621769, 0.4344135609959663, -0.2101932721302958, -0.5563559044468869, -0.2176390385311617, -0.10076608580049692, -0.34288623170390775, 0.47359938849868255, -0.18076380667091227, 0.24707970676010432, 0.062357752506937356], [-0.32467868858737187, 0.1216871753853251, 0.2798258280759191, -0.17423852184112584, -0.7841060805965538, -0.7860356073449649, -0.3551590204897144, -0.654744750120304, 0.5016727146529107, 0.043410882101181825, 0.5657384325544228, 0.6745971826521657, 0.07936552219597832, -0.11702749045417848], [-0.6593669931756426, -0.5100417411887236, -0.5784619496132132, 0.13044118710094, 0.34060037708075774, 0.08480720066948903, 0.03041279462840176, -0.5604619876020913, 0.32192018137523803, 0.6097651505667553, 0.06579526998253031, -0.30178919902680956, 0.543067431469035, -0.0448059055912531]], "inverted": false, "swapped": false, "error_lsq": 0.04684426840795305, "error_max": 0.28563114997205674, "target": "658.xyz", "model": "8.xyz", "model_rescale": 4.019505241142653, "target_rescale": 3.9765743091433454},
{"mapping": [2, 3, 10, 11, 1, 8, 12, 7, 6, 5, 4, 9, 13], "R": [[0.6746893264291673, -0.5946524408786861, -0.4372445395423221], [-0.45040593544504437, 0.13761511467290086, -0.8821545066083601], [0.5847467880360107, 0.7921177657208461, -0.1749875398735114]], "T": [0.03847178257437508, -0.07331079081348847, -0.01171439004392313], "aligned_model": [[-0.12081120436699247, -0.5398877616235082, 0.005965775207467015, 0.4281155723682137, 0.27812449522611826, 0.6350929295019577, 0.056052103829706344, -0.3808265690024795, 0.22914822033721374, -0.342068519046061, -0.33960344570394246, 0.4605802297389408, -0.05018105472545783], [-0.6552669421663314, 0.23402611230039855, 0.08435630869480977, -0.4150094489099796, -0.7893844617736565, -0.00696949175748264, 0.5155052131881712, -0.6677640055592359, -0.3224834468972536, 0.07359299545301796, 0.6743647714323066, 0.41353016948212573, -0.07511954537283164], [-0.5070409858875091, -0.1315814815969462, -0.6619535929883081, -0.540165898224968, 0.015242875436845275, -0.11315754423749518, -0.15025815875509455, 0.3877406124051614, 0.6002685744465067, 0.5574130522996124, 0.33155443778145605, 0.30638414190631913, 0.08225746145829893]], "inverted": true, "swapped": true, "error_lsq": 0.0504312292439399, "error_max": 0.30310314281279277, "target": "658.xyz", "model": "9.xyz", "model_rescale": 3.877068213659057, "target_rescale": 3.9765743091433454},
{"mapping": [4, 9, 14, 3, 5, 1, 8, 2, 11, 0, 6, 10, 12, 15], "R": [[-0.6324942622684474, 0.6397283001473233, -0.4366906344176716], [-0.4594091982631538, -0.7637532333925438, -0.45345803227381576], [-0.6236138202034162, -0.08618990934587836, 0.7769666033866903]], "T": [0.08601908459859245, -0.07373157212543295, -0.13999814035445285], "aligned_model": [[0.3397136422592054, -0.4299783031034361, -0.004236640373709161, 0.6842325959009086, 0.382714995275635, -0.07974566116715429, -0.6592696774871929, -0.10166427580144094, -0.3600698774823279, -0.21510360209513027, 0.5290420578865219, -0.07303659769460583, 0.30220717196764657, 0.054959951626302454], [-0.6599342971157587, 0.15724635310739937, 0.4494480737264656, -0.25498969842676034, -0.4995384331143275, -0.8105005131840789, -0.2610393811055175, -0.2555631516922468, 0.3109457078637308, -0.1800687637449333, 0.34950591819392535, 0.6175623234475346, 0.18944144455163642, -0.08220800432337931], [-0.36381975765777164, -0.4806463428148086, -0.7124127705960213, -0.03023735831774141, 0.4445149013861351, 0.2873192905513942, -0.0708361449247693, -0.7499715748995104, 0.3046177662811619, 0.5892367771245595, -0.06996067143858331, -0.14498004096308822, 0.5249814757890279, -0.05592373284456997]], "inverted": true, "swapped": false, "error_lsq": 0.043687281865013326, "error_max": 0.2799417594770324, "target": "658.xyz", "model": "10.xyz", "model_rescale": 4.260839863003843, "target_rescale": 3.9765743091433454},
{"mapping": [9, 6, 7, 5, 0, 3, 12, 8, 1, 2, 10, 13], "R": [[-0.5007861162022746, 0.6957749026445781, 0.5148888721549244], [0.8653166129503291, 0.38800763520224435, 0.3172967607413173], [0.020986309137447118, 0.6044397073941208, -0.7963744188220121]], "T": [0.09660462754812513, 0.0641209156933595, -0.04572096803294966], "aligned_model": [[0.5200982459330677, 0.14679412317134335, -0.4591414514481593, -0.35129363583937834, -0.7779548863755621, -0.4073002261356158, 0.21533657633564712, 0.7052355135879235, 0.23098147566792396, -0.05300473807302272, 0.19518161181393678, -0.006033959543973719], [0.032597299843691044, -0.5940750743668907, -0.5150476326451063, -0.19507271968463502, 0.05630736804126664, 0.4683289594710897, 0.528202677451231, 0.05399107748200589, -0.4489606242691189, 0.11499810181836649, 0.6610130841555605, 0.010795988235473994], [-0.6254068783750307, -0.2386632352580258, 0.16513471586954526, -0.5174237285074885, 0.04029113275013542, -0.20702691893727015, -0.41550275889540567, -0.03502024887089493, 0.4924349713796251, 0.7187533730844035, 0.24190534027280264, -0.10329768711689158]], "inverted": false, "swapped": true, "error_lsq": 0.04405040846988948, "error_max": 0.29673553653360696, "target": "658.xyz", "model": "11.xyz", "model_rescale": 3.890672605050136, "target_rescale": 3.9765743091433454},
{"mapping": [8, 7, 5, 6, 1, 0, 4, 3, 10, 2, 9, 12, 11, 13], "R": [[-0.8468031996478802, -0.1756465282571723, -0.5020683600639609], [-0.527689301404753, 0.39603720193835185, 0.7514642612019584], [0.06684565991204315, 0.9012784429864302, -0.4280523635711873]], "T": [0.1473266246827058, -0.09160431108217695, 0.0022912562410944415], "aligned_model": [[0.3460281283771116, -0.31011332457034074, 0.27836133044411204, 0.6990684901815256, 0.30013070192460417, 0.011812826474909693, -0.5229439799455573, -0.3897367558609342, -0.37836135159173484, -0.2448729445723581, 0.5889950323711582, -0.25420511851286653, 0.24186716803699218, 0.0037355769546009165], [-0.43541213179930194, 0.11654873223442594, 0.3929165663909626, -0.24750377745184676, -0.7211919648825282, -0.6658655681446346, -0.24471303691787558, -0.6459958049748464, 0.48667255382513885, -0.08441154226496364, 0.5489458174219066, 0.5033445445631184, 0.11560637009057256, -0.0486331799064377], [-0.5989615530508507, -0.6864649950276749, -0.5918817884300185, 0.06003737457896925, 0.43306798559245957, -0.021257817616669783, 0.13776109963575206, -0.5049327108390573, 0.43678926953460917, 0.5953274234514703, -0.018802973888271318, -0.19755935075761177, 0.5031784522897194, -0.07441859879741133]], "inverted": false, "swapped": false, "error_lsq": 0.04748585164603646, "error_max": 0.27143519587236686, "target": "658.xyz", "model": "12.xyz", "model_rescale": 4.124412569039231, "target_rescale": 3.9765743091433454},
{"mapping": [5, 6, 1, 4, 7, 0, 9, 3, 8, 12, 2, 11, 13], "R": [[0.029713613911303838, -0.41601419356314984, 0.9088725388646819], [0.7373532543665753, -0.6047751575762341, -0.3009272122186064], [0.6748535244209302, 0.6791017593355534, 0.28877936395110665]], "T": [0.11216357540230835, 0.17557257295577686, -0.09439029358943911], "aligned_model": [[-0.23470908219986586, 0.016394124381625838, 0.6930160860650446, -0.6527179039793848, 0.497036792535273, 0.3402962921731553, -0.5173043038963243, -0.02430725646729505, 0.024545567743192373, -0.338522183214256, 0.8739605195855737, 0.6086254811019758, 0.08098417368104317], [-0.21996698846903798, 0.40435615948524817, 0.5199625045226767, -0.3086449804524797, -0.14798892383129672, -0.6389717201290026, 0.5214632187699152, -0.4428805823317483, 0.7550219267062155, 0.104047271483687, 0.10294542683654101, 0.6095006812124639, 0.0886413827052954], [0.3676979057417842, 0.5470564680908798, 0.2446193743819221, -0.11120684032389712, 0.5658601101732924, 0.1439089605936923, -0.07189167390518812, -0.2998538202347335, -0.25934545606218373, -0.4918499875738183, -0.24860826289258614, -0.4306539184769613, -0.004034778544363765]], "inverted": true, "swapped": true, "error_lsq": 0.0385011925549558, "error_max": 0.23279639280893522, "target": "658.xyz", "model": "13.xyz", "model_rescale": 3.9028299243045295, "target_rescale": 3.9765743091433454},
{"mapping": [4, 9, 14, 5, 0, 3, 6, 7, 1, 2, 12, 11, 8, 15], "R": [[-0.8913681173542375, 0.38062394281358736, -0.2461468941940993], [-0.4033908368945047, -0.9137788858131303, 0.04779100910909045], [-0.2067334324049045, 0.14189278346397, 0.9680535759589619]], "T": [0.09156957313398184, -0.06850863179699984, -0.027722057425764533], "aligned_model": [[0.3874173958716798, -0.4331599598563415, 0.13987383321758323, 0.6031305507992346, 0.32347888610366293, -0.19168099051316645, -0.5700336544354975, -0.25377363714694456, -0.373638458316859, -0.07934847278061632, 0.3854323191839871, -0.1954783401883436, 0.607361133827699, 0.020185173945144866], [-0.6485274097760586, 0.07091791654647989, 0.47164780598651745, -0.08578580349802724, -0.7012160927351963, -0.6134318505096197, -0.15029543858665573, -0.5061700931089328, 0.31449570998268433, -0.09698132726135197, 0.5393992561538921, 0.5885326197934945, -0.03586664357926839, -0.07641107122426759], [-0.21591227198473537, -0.58095312243246, -0.7269704925057076, -0.038147944598398764, 0.4550985600666948, 0.0795963899148579, -0.027130657361447933, -0.7417377913086654, 0.21535800632762167, 0.6879078027320645, 0.140601961097802, -0.20592693250953323, 0.5462123692119453, -0.1161140599746236]], "inverted": true, "swapped": false, "error_lsq": 0.05043458841333777, "error_max": 0.32131905632993146, "target": "658.xyz", "model": "14.xyz", "model_rescale": 3.942246331269136, "target_rescale": 3.9765743091433454},
{"mapping": [13, 6, 8, 12, 3, 4, 10, 11, 2, 5, 0, 7, 1, 14], "R": [[-0.6948393199079761, -0.7079336981295933, 0.12660252194320354], [-0.6570990349703228, 0.5534154973782384, -0.5118126077996397], [0.29226559453841267, -0.43881791931751746, -0.849717397688757]], "T": [-0.0660671975629433, -0.11763681319125395, -0.03836756878182378], "aligned_model": [[0.4339672646870154, -0.3904796208459379, 0.1655955535912045, 0.724108264455717, 0.19052683684200508, -0.13027248349024792, -0.6707754749400342, -0.17776714902353746, -0.09907927920129021, -0.12021983960567888, 0.28807457157634875, -0.3328226565412754, 0.49051584330663744, -0.0016060510997031457], [-0.6202460980637067, 0.10658508831038944, 0.3068019857859253, -0.3102613523365414, -0.5290731326850825, -0.700221935467789, -0.4939501884569431, -0.37094575797026097, 0.5303083591769708, 0.030749687852761956, 0.5252276682435828, 0.6775843738912488, -0.030851821478340632, -0.051399298618525296], [-0.43621086686250354, -0.4349410271033098, -0.6425405588585834, 0.04284070853896897, 0.49212992132516165, -0.05003947880685815, -0.07980015150288743, -0.6997817536880722, 0.36378311778989025, 0.5763099855967462, 0.006647414597805587, -0.20403077184573187, 0.5441486280834469, -0.0066333505886592425]], "inverted": false, "swapped": false, "error_lsq": 0.046113542363181326, "error_max": 0.2462634822430728, "target": "658.xyz", "model": "15.xyz", "model_rescale": 4.355366556412066, "target_rescale": 3.9765743091433454},
{"mapping": [6, 8, 1, 3, 7, 5, 2, 4, 11, 9, 10, 13], "R": [[0.17623207275449115, -0.8933559363319861, -0.41334903840828807], [-0.9821751786586272, -0.1316983252520626, -0.13411737230014598], [0.06537717460666037, 0.4296169481598725, -0.9006414952100797]], "T": [0.008674601847123826, 0.04379670045528185, -0.02446003784164314], "aligned_model": [[-0.19907854121855764, 0.569153804515863, 0.07721237530446892, -0.35818034346957534, -0.6488164381676561, -0.5865845614031664, 0.04550919182891117, -0.3668019022391266, 0.5582278068911427, 0.2691067979840394, 0.35335615037286344, -0.11529578576742552], [-0.5925919789218899, -0.16739318120463503, -0.4883692728049869, 0.5931285152226381, -0.32001880656293674, -0.049324209473181, 0.13630894019800333, 0.42331531166134595, -0.00020711873113432588, -0.12237533023541296, 0.5724509271350626, 0.027852631458107367], [0.13307010400799973, 0.08467552792244759, -0.5564596333296202, 0.05906157851534393, -0.37672959413565343, 0.33232100692665967, -0.7987191463156934, 0.7068238546387434, -0.5183185105760132, 0.6243375155211682, -0.24906171759392645, 0.008257475627965125]], "inverted": true, "swapped": true, "error_lsq": 0.05633435704136621, "error_max": 0.34807305288996565, "target": "658.xyz", "model": "16.xyz", "model_rescale": 3.795458400668931, "target_rescale": 3.9765743091433454},
{"mapping": [2, 11, 10, 7, 3, 8, 1, 0, 6, 9, 12, 5, 13], "R": [[0.9964006851251457, -0.05266199622871859, -0.06642581452527876], [0.0829739916546932, 0.44552813316382966, 0.8914146057073777], [-0.017349103464652342, -0.8937177388374695, 0.4482941131625682]], "T": [-0.07072148825970556, 0.15980848088237978, -0.015987058462098403], "aligned_model": [[0.08837670885627172, -0.19998875587140305, 0.37504587000090184, -0.22051010478451746, 0.5413756152479765, -0.42539972420879724, -0.545783376316271, 0.4248238796169258, -0.6475966853793228, -0.3622455081871505, 0.2269668620956998, -0.04801727779862146, -0.05841570236746982], [-0.2576812616243733, 0.26228040739043923, 0.42015272360787037, -0.6425034065907013, 0.07727588283131638, 0.5924956842312813, -0.24927655999694778, -0.5182281212492827, -0.06621262193525954, 0.7056379001621329, 0.6532673818497082, -0.0957133136433296, 0.08228657043763085], [-0.6561296575386342, -0.737534513707144, -0.44288155762681725, 0.13437595799202856, 0.23270825744523088, -0.25605748033141185, -0.43775387902862967, 0.24288478424820986, 0.28250437075080126, 0.34933516734986336, 0.16864145838026628, 0.635542542212347, 0.08663958069018526]], "inverted": false, "swapped": true, "error_lsq": 0.05653103239224017, "error_max": 0.3274960139159949, "target": "658.xyz", "model": "17.xyz", "model_rescale": 3.7474275329858107, "target_rescale": 3.9765743091433454},
{"mapping": [5, 11, 10, 4, 6, 9, 7, 12, 1, 2, 8, 3, 0, 13], "R": [[-0.022051285093335538, -0.9838804117045774, 0.17746288707716895], [-0.42255760696325656, -0.15169943122799878, -0.8935504190377777], [0.9060677731953714, -0.0946922279235905, -0.4124009849014043]], "T": [-0.022000507691493476, -0.04008576010657634, -0.05932978389737062], "aligned_model": [[0.4170660224497964, -0.5524501539331519, 0.12605818905191005, 0.7452951501841931, 0.2588146133040452, 0.049996672927912864, -0.7192772727194872, -0.2314913874162765, -0.4096562520624436, -0.21978970950627072, 0.5809854758074757, -0.02041214585316066, 0.35172947396301746, -0.007102896486337183], [-0.33774965009599994, 0.279309911251758, 0.1855095222272667, -0.30726286801952357, -0.5472864973353868, -0.7032557034580654, -0.3247377488883341, -0.5284000709872634, 0.40734097510902884, -0.20947115248456927, 0.3422812743222867, 0.6273334589082677, 0.23744340715483475, -0.05074727952061035], [-0.5510987615447471, -0.43127902737786583, -0.6946444786517225, 0.11125623086643291, 0.44948166589041094, -0.006925603967572969, -0.07338824295173862, -0.5855423154991524, 0.2985120209273119, 0.6009888848559135, -0.1433405326415488, -0.1823673574491945, 0.6352534385551846, 0.04497589566370272]], "inverted": false, "swapped": false, "error_lsq": 0.043375746440801236, "error_max": 0.23904092509493138, "target": "658.xyz", "model": "18.xyz", "model_rescale": 3.922800546911778, "target_rescale": 3.9765743091433454},
{"mapping": [5, 3, 12, 8, 6, 1, 2, 0, 11, 10, 13, 7, 4, 14], "R": [[0.6857395742452757, 0.5350990986550672, -0.49338645191415914], [-0.4272516720460813, -0.2528564183758689, -0.8680550906595478], [-0.5892514277010588, 0.8060599148355302, 0.05522833192847476]], "T": [0.054738599143351475, -0.09194884340360372, -0.033950679711718015], "aligned_model": [[0.335485658170184, -0.3178959991754605, 0.2928422830412657, 0.64929204262129, 0.2756365498824446, 0.001570518103124842, -0.6013998707404197, -0.33865333263935166, -0.10122164648018495, -0.32901416346947826, 0.4396723732005319, -0.2408820436603276, 0.29962233384398, 0.004711077013624436], [-0.41127784949747953, 0.05030694671898746, 0.3038857754818773, -0.2356917015311802, -0.48474058450493146, -0.8291861322865564, -0.34921444090283177, -0.5048432487093845, 0.4742332598950633, -0.09845175691885398, 0.46627159765746556, 0.6138118798790326, 0.08910461122565426, -0.013900778323173199], [-0.6677833034386738, -0.5340066664746804, -0.6705318880210284, -0.018625941297638518, 0.4882432645225753, 0.006513612878904916, 0.09421204290970168, -0.6448546277692968, 0.36898584191191014, 0.6754802024509775, 0.07572919807753885, -0.2635617771755926, 0.6226456514827599, -0.06056379338204379]], "inverted": true, "swapped": false, "error_lsq": 0.042605986106982775, "error_max": 0.24897280718390793, "target": "658.xyz", "model": "19.xyz", "model_rescale": 3.9282355846067225, "target_rescale": 3.9765743091433454},
{"mapping": [8, 3, 4, 9, 12, 7, 5, 6, 1, 2, 11, 0, 10, 13], "R": [[-0.15805363184832083, 0.375456825678372, 0.9132640480775954], [-0.756577109694456, -0.6403745448490236, 0.13233109761424022], [0.6345156629634442, -0.6700392632980003, 0.3852755625434014]], "T": [0.033860089809693295, -0.16313059405508273, -0.09857340611999543], "aligned_model": [[0.49024699203542793, -0.469435781520633, 0.17324784152817727, 0.7077253420324994, 0.5600554638214157, -0.06386594867879863, -0.6578515304068271, -0.33038919252249604, -0.45082015724200636, -0.41244263287713956, 0.5415841977906206, 0.017362491396889473, 0.28025727480471413, -0.015908580450620845], [-0.36684877552475426, 0.2641642672147565, 0.19850478444846098, -0.31130587088469086, -0.5536506368025806, -0.6998965164520061, -0.2576153420886882, -0.5185049019459431, 0.33953244377962294, -0.14451472003876967, 0.3424177517040197, 0.6367062838051671, 0.1778206944121688, -0.03650188344307323], [-0.6720117002229212, -0.4597761699186596, -0.5977314498549203, -0.049844211370359104, 0.44309703782975673, 0.20214197814617174, -0.08131597018488751, -0.5082996753152246, 0.17330105906440063, 0.593657436386178, -0.09909455980303386, -0.1122037494104785, 0.6532743145725102, -0.013312523243118934]], "inverted": false, "swapped": false, "error_lsq": 0.04690950497126687, "error_max": 0.2512492117241607, "target": "658.xyz", "model": "20.xyz", "model_rescale": 4.067790424073018, "target_rescale": 3.9765743091433454},
{"mapping": [11, 2, 6, 10, 9, 12, 0, 3, 8, 7, 5, 4, 1, 14], "R": [[0.09587690633640295, -0.3105530998019095, -0.9457084069811295], [0.9397236167475107, -0.28503868315105146, 0.18887157868375], [-0.3282181331954987, -0.9068129472559043, 0.26450545501127604]], "T": [0.06256139824068882, -0.017543804010693484, -0.08251569851784044], "aligned_model": [[0.40329307916293466, -0.5345118879298284, 0.12891747267570067, 0.7164562931830596, 0.23531020476763437, 0.04197183617170097, -0.6167514532218659, -0.27957420759307583, -0.14288835720321233, -0.22230615119541994, 0.31659026798565826, -0.21102379079493208, 0.419733111140867, 0.1145493625620019], [-0.40614415259026, 0.1532933595678755, 0.25841951361702153, -0.43561307282927003, -0.528272797732287, -0.7834271450282893, -0.1705728490591702, -0.49183021229778773, 0.3567390748537676, -0.09817373741380567, 0.4991302256653189, 0.7135686167328801, 0.0738208441785392, -0.0706300894808428], [-0.47100500941183154, -0.4924426261780036, -0.7658882333806717, 0.1800226308580337, 0.47727322981545073, -0.08607164891393657, 0.057392095154717965, -0.7003673366848928, 0.2954666043774482, 0.6023297222352385, 0.04780468074929542, -0.2644449905823516, 0.6505504443669807, -0.05873774573006375]], "inverted": true, "swapped": false, "error_lsq": 0.0429804721863568, "error_max": 0.2609544198020222, "target": "658.xyz", "model": "21.xyz", "model_rescale": 4.186013935880536, "target_rescale": 3.9765743091433454},
{"mapping": [6, 1, 7, 4, 12, 5, 9, 8, 0, 2, 10, 3, 13], "R": [[0.2760236233631533, -0.9597143001982601, -0.05253019455932151], [0.40765529163153247, 0.1663897658678058, -0.8978483218335194], [0.870418360646354, 0.2264131352404732, 0.43716011899565227]], "T": [-0.12697757723154499, -0.05219000354260377, 0.014518711760570752], "aligned_model": [[0.03280674147297985, -0.44840150944625445, 0.3106867785953029, 0.5273287784397694, -0.09869204239671786, 0.5362253418654561, -0.16636067601285082, -0.6381562413811405, 0.5569242853542961, -0.4170456884762217, -0.4518956596081102, 0.3179647114553247, -0.002810784438608341], [-0.3260044146677487, 0.24938864041248543, 0.3509223029338156, -0.49021793037198746, -0.36087130827842745, -0.22862432743091138, -0.7673188181427224, -0.37986746901990726, 0.49925628197860855, 0.6669754031370565, 0.20961879371593528, 0.1458830611310807, -0.050183555851184], [-0.5957781873308302, -0.5992064681007039, -0.5640142701377396, 0.46151741535998, 0.5342527887059976, -0.1245154806548008, 0.07296602031406162, -0.02989442133054347, 0.036850593431000875, -0.07522579921696389, 0.5385520783039797, 0.46852011573049646, -0.021144823738588583]], "inverted": false, "swapped": true, "error_lsq": 0.04857556949725043, "error_max": 0.25492115007458166, "target": "658.xyz", "model": "22.xyz", "model_rescale": 4.166573947596378, "target_rescale": 3.9765743091433454},
{"mapping": [14, 5, 7, 9, 11, 12, 6, 13, 1, 2, 8, 0, 3, 15], "R": [[0.1408656408791643, -0.7600052889219386, 0.6344673608865813], [-0.8495914183829454, -0.4218150014434359, -0.3166489007833904], [0.508282690074881, -0.4944330747107794, -0.7051132119045053]], "T": [0.11451271313246364, -0.07718837626048555, -0.0003720443622161687], "aligned_model": [[0.29381168446632383, -0.49495378966272835, 0.05434984399815421, 0.6889837180989953, 0.35950233252280217, -0.03328230016879208, -0.5929970337646957, -0.13324609053295872, -0.4915418828595281, -0.2410620583572322, 0.6689213009665054, -0.14199246874210075, 0.3809256751472599, 0.052346848599218246], [-0.6791478961405447, 0.1158767854381387, 0.3429348230460836, -0.2501007071931138, -0.5998573033971906, -0.7107927451380691, -0.3134037773651886, -0.2757230119389204, 0.2784734925724418, -0.004907578503238141, 0.5113198500264486, 0.6869282970693328, 0.016631799810235506, -0.04792445010272616], [-0.4814898870209917, -0.5317272988861814, -0.5759296646159633, 0.02272679860193571, 0.5371134032762728, 0.07762470564531712, 0.15042541680117874, -0.785236817771021, 0.11921692921977739, 0.566330088459532, -0.019563853804179167, -0.1310876289299445, 0.5303336747030922, -0.006854049003411054]], "inverted": false, "swapped": false, "error_lsq": 0.04195416628429981, "error_max": 0.294623006116267, "target": "658.xyz", "model": "23.xyz", "model_rescale": 4.274766983524099, "target_rescale": 3.9765743091433454},
{"mapping": [7, 2, 1, 6, 8, 9, 5, 12, 3, 10, 13], "R": [[0.8544284315651856, -0.24159089911015005, -0.45998466583159753], [0.10585108716160016, 0.9476923865737623, -0.30112238006636755], [0.5086723922917032, 0.20859764595334213, 0.835307978785645]], "T": [-0.05384636847292362, 0.1176348454034889, 0.0850434447588202], "aligned_model": [[0.1698333104845596, 0.27828886041234974, -0.29392280831705375, -0.4704831317200115, -0.5632385089796597, -0.5603865309454832, 0.07729236665012607, -0.008936389589619703, 0.5293553107488083, 0.23081966911812896, -0.008727443904069612], [-0.17205183151510162, 0.6915515119291078, 0.4301601378159502, -0.25635868330952843, 0.39736119771341005, -0.17505536532067079, -0.5631657251925746, 0.03871998144751085, -0.09419608924867715, 0.613624113661301, 0.004997283262756225], [-0.6598049032795978, -0.3269011124255423, -0.5596369905889448, -0.3143439777722782, 0.26648624419631445, 0.5023273315393377, -0.01299177560459347, 0.6833437607842492, 0.3265539217471711, 0.4338793211295504, 0.04065461429591084]], "inverted": false, "swapped": true, "error_lsq": 0.045398918979348994, "error_max": 0.2967027159822201, "target": "658.xyz", "model": "24.xyz", "model_rescale": 3.7841303162186577, "target_rescale": 3.9765743091433454},
{"mapping": [13, 7, 10, 12, 5, 3, 6, 11, 1, 4, 9, 0, 2, 15], "R": [[-0.8197377523452265, 0.38767953916760434, 0.4215858065575622], [-0.3721843061030007, 0.19891109406856483, -0.9065942967761682], [-0.4353261532123061, -0.9000771920047974, -0.018766692892869363]], "T": [0.05089571250819062, 0.05836739343832874, -0.0898625128339938], "aligned_model": [[0.3470320896393038, -0.41082899579723137, 0.2143189283127415, 0.6778159031265107, 0.3614452863328869, -0.08347779245918233, -0.5510303287089467, -0.20793944682288593, -0.38531297025039213, -0.23137014218220256, 0.6042859533311574, -0.40374985566689725, 0.43666072303734277, 0.0019164278190180253], [-0.5823717523875097, 0.22311822155576677, 0.42032329258250406, -0.342178121629099, -0.47944648062485007, -0.7146324637197247, -0.33521347490868614, -0.38684455179975424, 0.4384743549052984, -0.19913244714309764, 0.24710190790780212, 0.6336360937980223, 0.13771975733959985, 0.009753242307418288], [-0.42714072205758835, -0.5170311194463603, -0.7588437419339065, 0.05746797071436702, 0.5295355372970493, 0.09294030341773618, -0.020540126702933384, -0.6592641753483076, 0.37733881072317854, 0.5510151371389143, -0.07315224844366766, -0.15063486737793036, 0.5533183224852383, -0.08312726379037552]], "inverted": false, "swapped": false, "error_lsq": 0.04217514037183987, "error_max": 0.31139599159334197, "target": "658.xyz", "model": "25.xyz", "model_rescale": 4.19342608120988, "target_rescale": 3.9765743091433454},
{"mapping": [6, 8, 1, 3, 7, 5, 2, 4, 11, 9, 10, 13], "R": [[0.17623207275449115, -0.8933559363319861, -0.41334903840828807], [-0.9821751786586272, -0.1316983252520626, -0.13411737230014598], [0.06537717460666037, 0.4296169481598725, -0.9006414952100797]], "T": [0.008674601847123826, 0.04379670045528185, -0.02446003784164314], "aligned_model": [[-0.19907854121855764, 0.569153804515863, 0.07721237530446892, -0.35818034346957534, -0.6488164381676561, -0.5865845614031664, 0.04550919182891117, -0.3668019022391266, 0.5582278068911427, 0.2691067979840394, 0.35335615037286344, -0.11529578576742552], [-0.5925919789218899, -0.16739318120463503, -0.4883692728049869, 0.5931285152226381, -0.32001880656293674, -0.049324209473181, 0.13630894019800333, 0.42331531166134595, -0.00020711873113432588, -0.12237533023541296, 0.5724509271350626, 0.027852631458107367], [0.13307010400799973, 0.08467552792244759, -0.5564596333296202, 0.05906157851534393, -0.37672959413565343, 0.33232100692665967, -0.7987191463156934, 0.7068238546387434, -0.5183185105760132, 0.6243375155211682, -0.24906171759392645, 0.008257475627965125]], "inverted": true, "swapped": true, "error_lsq": 0.05633435704136621, "error_max": 0.34807305288996565, "target": "658.xyz", "model": "26.xyz", "model_rescale": 3.795458400668931, "target_rescale": 3.9765743091433454},
{"mapping": [9, 3, 12, 8, 11, 7, 5, 6, 0, 10, 1, 2, 13], "R": [[-0.8607214381510893, -0.25004819370845005, -0.44343489570653155], [-0.12322482772318971, -0.7428209689951859, 0.6580521634746319], [-0.49393749375777424, 0.6210417931542087, 0.6085497871301033]], "T": [-0.0553402175282909, -0.10327754056721206, -0.120078671629376], "aligned_model": [[0.00814204222063692, 0.38595399300846733, 0.46523273241873175, -0.08475352085614177, -0.07286863301335864, -0.6471954888088675, -0.2103657986639985, -0.667982470575418, -0.0537028549849092, 0.4753783702556159, -0.6623011277654, -0.14166836954598508, -0.0941924908681164], [-0.6254492623605972, -0.24405532728499188, -0.3638969275943721, -0.023936536872542158, 0.5485229706926341, -0.06994974351305244, -0.663801242857229, -0.40813901877000447, -0.1225291051057314, 0.29985714206220565, 0.34193402983192966, 0.6346341225498103, -0.18130959752114456], [-0.6096530106981607, 0.35821505458013814, -0.28527270603031846, -0.7229787770982916, -0.47035013855275354, 0.4607368127881205, 0.2698930421780886, -0.18861051950762078, 0.7585225875941628, -0.18750851717258102, -0.1857043534374971, 0.11955917217133119, -0.024711984715192023]], "inverted": true, "swapped": true, "error_lsq": 0.047197681291286195, "error_max": 0.26615229182568484, "target": "658.xyz", "model": "27.xyz", "model_rescale": 3.6321398670334006, "target_rescale": 3.9765743091433454},
