[{"mapping": [4, 1, 8, 9, 11, 2, 13, 7, 12, 0, 5, 6, 3, 14], "R": [[0.03017104219081424, 0.9978295499880487, 0.058531165918411676], [-0.7613839561595506, 0.060882020463642876, -0.6454361710402481], [-0.6475987797363055, -0.025091208717658353, 0.7615682843508751]], "T": [-0.08522083377462927, 0.09736141060060716, 0.1510600919859654], "aligned_model": [[0.0672566759824045, 0.5064573600747596, -0.5291527788258573, -0.6577969308243679, -0.6578504464806719, 0.06620644108232535, -0.7991398834515543, -0.03600402919960108, -0.35497539377629417, 0.42439201188248743, 0.5901908750770699, 0.21187853592380076, 0.5952558909663938, -0.055226227302591246], [-0.6752444612119721, -0.4376989209742756, -0.4015377877760893, -0.2078876186904583, 0.2285802910978155, 0.11210587363260205, 0.36986045408670404, 0.431462279766071, 0.5625070326058143, -0.09012013989762324, 0.47674722785108814, 0.7391946613502174, 0.08162142408586488, 0.04568301588427597], [0.3583633386304812, -0.10778871700261392, 0.2566717528552015, -0.2541263541558567, 0.5624528102878417, -0.7218946499361408, -0.0825136874495381, 0.6760363026112512, 0.2546898587055688, 0.5564221842254417, 0.4350222316897544, -0.07071606237981037, -0.06797376149959619, 0.10294284059784917]], "inverted": true, "swapped": true, "error_lsq": 0.05114744499900169, "error_max": 0.33252294938028154, "target": "659.xyz", "model": "0.xyz", "model_rescale": 3.8414455957264533, "target_rescale": 4.336120409747272},
{"mapping": [4, 3, 10, 5, 1, 2, 6, 7, 11, 12, 0, 13, 9, 8, 14], "R": [[-0.01153756528328409, 0.22411518846860243, -0.9744943647271733], [-0.05102734945825945, -0.9734214224219182, -0.22326429176506124], [-0.9986306094821042, 0.04714993815237242, 0.022666917250231178]], "T": [0.06028967822152898, -0.03975032797343341, -0.026391887434006063], "aligned_model": [[0.1324679070658319, -0.44823467165305386, -0.4577439089265364, -0.20309247228400085, -0.5884275799941967, 0.4090499280729978, 0.19700892273346737, 0.6401842065692958, -0.4242853642867144, -0.44774003530457096, 0.22661324782386488, 0.2820445932883414, 0.6665555328287069, 0.05272712452002586, -0.025562149681434977], [-0.4481127363219244, -0.5680892506237638, -0.08383725373710962, -0.5700176409024085, -0.1099462198895935, -0.6713407403496764, -0.3590681923282198, -0.10278504026733165, 0.5497044095289361, 0.49574842079572395, 0.09079438490646527, 0.674070037859391, 0.18062159561742963, 0.5178009942853141, -0.046891454739922574], [-0.37831188058146936, -0.3014152508731454, 0.41866860954770313, 0.26303721375773725, -0.5944907756743443, 0.12873569469238158, 0.6731587708228679, -0.2960286118864966, -0.40585933365847576, 0.1670931096803145, -0.7197979139732977, -0.15340465689177918, 0.19584134325783367, 0.533413193223186, -0.05173882061364841]], "inverted": true, "swapped": false, "error_lsq": 0.04435681723422312, "error_max": 0.28143680564382073, "target": "659.xyz", "model": "1.xyz", "model_rescale": 4.316132596720782, "target_rescale": 4.336120409747272},
{"mapping": [10, 0, 4, 12, 8, 7, 9, 6, 1, 5, 3, 14], "R": [[0.4444322049003313, 0.8886215706141012, 0.11327717990292038], [0.13452982352485965, 0.05881039709552513, -0.9891628095393787], [-0.8856532853378913, 0.45485496747072607, -0.09340886862287036]], "T": [-0.15669710985601978, 0.10906529276054597, -0.10154825593371575], "aligned_model": [[-0.3079571896230804, 0.2816532281248856, 0.21128194842386575, -0.5907299517516986, -0.40456036960263825, -0.34898859890520567, -0.4760777930957333, -0.06705317182020169, 0.6289659817443217, 0.25656685160794845, 0.514967359537983, -0.10025974000866587], [-0.498089348711066, -0.3309086928921392, -0.4816198736054803, 0.2715006102313876, -0.2512037615466032, -0.15240150680389106, 0.2827123327850773, 0.6435494815032434, 0.04114491119130104, 0.07798036858022017, 0.2882761103783875, 0.12183579663054346], [0.03132714924141841, 0.16945890855026496, -0.524426852120526, 0.19016626317147012, -0.617203002703149, 0.4316541468337106, -0.7746300470980153, 0.40411293127149195, -0.38702273409452503, 0.6118910878186128, 0.06585088523763727, -0.1519202748989696]], "inverted": true, "swapped": true, "error_lsq": 0.06082008468008746, "error_max": 0.33656266344441294, "target": "659.xyz", "model": "2.xyz", "model_rescale": 3.795458400668931, "target_rescale": 4.336120409747272},
{"mapping": [9, 10, 4, 5, 2, 3, 0, 12, 7, 6, 1, 14], "R": [[0.6017127840861837, 0.12077504984929555, 0.7895284116491023], [-0.6000006244857214, -0.5841239633011389, 0.5466245934040239], [0.5272010774685484, -0.8026285459857945, -0.27900975087751245]], "T": [0.10180679423967554, -0.09136908690107727, -0.0905057127353916], "aligned_model": [[-0.0009741118606915872, -0.1753812112049269, -0.7116113945452446, 0.28205947873756654, 0.27005292130018554, 0.006570829558570412, -0.25701280645271085, 0.5767762736421883, 0.3040685919339355, 0.7095360119738016, -0.46744804933764506, 0.05666729199853598], [-0.0641944571543338, -0.6275269448602736, -0.12161129246014298, 0.03423518031716373, 0.709171650728601, 0.47637532924806814, -0.12078068063973486, -0.36161763853097495, -0.5164602073136698, 0.21547923180534978, 0.4940318869836444, -0.031333012833987754], [-0.84806365624348, 0.12132866756762872, -0.0664200454803194, 0.7047814111122253, -0.4311306800080002, 0.33360339825518154, 0.4835643721614257, -0.1256740911556542, 0.31941307299177224, 0.20260165173639239, 0.1008838696751577, -0.10611653997322962]], "inverted": false, "swapped": true, "error_lsq": 0.054098228857788644, "error_max": 0.2641681343259048, "target": "659.xyz", "model": "3.xyz", "model_rescale": 3.7530521520055578, "target_rescale": 4.336120409747272},
{"mapping": [1, 8, 9, 13, 2, 7, 3, 0, 5, 6, 14], "R": [[0.0028978769044515906, -0.4975887111004705, -0.8674082527246438], [-0.9332380751527671, -0.31296199181216755, 0.17641283050311118], [-0.3592468474386454, 0.8089871854772075, -0.465275656293193]], "T": [-0.05560147343139525, 0.05043610872572708, -0.0941522167747677], "aligned_model": [[-0.4932830683375068, -0.1444288076224925, 0.3600964591576645, 0.6305719223842938, 0.4367193810365706, -0.24756756194593288, -0.29388516895590744, -0.69680506038804, -0.4096800771439986, 0.26445341638301373, -0.06799183212245942], [-0.6472028434294209, -0.012351543772547602, -0.23937004685129737, 0.2691373530030025, -0.642754276809632, 0.6191073247023634, -0.3468140652987413, 0.07653975313343792, 0.2586167988637675, 0.15753445184663978, -0.025239547073225913], [0.06430933481745371, -0.7614581588161184, -0.6672176876973632, -0.44031501844265875, 0.1554572098546538, 0.07733473705047894, 0.4505360690798117, 0.12344734637575591, 0.6214162385225046, 0.5657700758437881, -0.09644936934298987]], "inverted": true, "swapped": true, "error_lsq": 0.048282812232254495, "error_max": 0.22475150990010126, "target": "659.xyz", "model": "4.xyz", "model_rescale": 3.7855080009869324, "target_rescale": 4.336120409747272},
{"mapping": [13, 14, 2, 12, 15, 11, 1, 6, 10, 3, 8, 7, 4, 5, 16], "R": [[-0.8629372261952728, 0.280060878297104, 0.42060105574506523], [-0.17095919232897022, 0.6214654299669583, -0.7645610988758256], [-0.4755126688161262, -0.7316738507036031, -0.48840667275532457]], "T": [-0.031226268280651167, -0.020969686029648278, -0.023590658723250918], "aligned_model": [[0.1459325706199287, -0.5737717885906799, -0.5596510301030404, -0.061143026517251065, -0.49320384521189936, 0.47569384019233424, 0.20799407987094537, 0.5951662538011745, -0.2518658061573996, -0.49495160315774983, 0.0846961171772351, 0.43505317962405116, 0.5639811888191452, 0.01891734217365865, -0.0812821917684286], [-0.5427110606567971, -0.42239508413719434, -0.13874469075976148, -0.6850474441628001, -0.07665967990231817, -0.6315400314169299, -0.3089513257621843, -0.08338913877488835, 0.5723255570312767, 0.3697190906291568, 0.07118117203349164, 0.5456626970325454, 0.2011352332875543, 0.7183963313261577, -0.04033031193399897], [-0.49398232816157117, -0.07048849106748156, 0.4790841933754636, 0.1219118558241375, -0.7038798984448935, 0.028101557902970392, 0.6343942493077454, -0.19625590787871053, -0.38453833216234823, 0.31513887790621, -0.7116168892345596, -0.17485430538977123, 0.35508898384186127, 0.301873249151837, -0.0210761241415216]], "inverted": false, "swapped": false, "error_lsq": 0.037134654447092165, "error_max": 0.27081262725844985, "target": "659.xyz", "model": "5.xyz", "model_rescale": 4.2253639853439635, "target_rescale": 4.336120409747272},
{"mapping": [2, 13, 7, 5, 6, 10, 0, 3, 8, 9, 11, 4, 1, 14], "R": [[-0.7399303641654378, -0.5669626737067819, 0.3620171029236875], [-0.6692177863263893, 0.6749863553933688, -0.3107104351276023], [-0.0681953858439829, -0.4721723696448512, -0.8788644051806607]], "T": [-0.0038969183500810224, -0.042937370526193216, -0.03938190388818881], "aligned_model": [[0.7489832105116054, -0.30939180557470874, -0.4783837860711256, 0.048582778274184224, 0.1456224975813083, -0.4700597493852247, 0.02856361190421774, 0.5549493655794182, -0.18950160544912042, 0.07326693240652765, -0.6836409906600196, 0.15116861266382015, 0.6885346724029079, 0.06536840857399308], [0.006784649401728418, 0.24781250891787304, -0.4195655181203884, -0.8079667675305007, -0.6738840933503959, 0.030115726097050974, -0.2986771379893372, -0.4239278076692414, 0.5947902633679147, 0.6228859649939132, 0.14822013420906194, 0.40329825625915844, 0.029729476075532377, -0.014516508027378933], [-0.5040289016235598, -0.7180793549774789, 0.11114768507098018, 0.2651258541926071, -0.3984818859338911, 0.3925066277113089, 0.5872890587183748, 0.19258634136582703, 0.08704661340172358, -0.4080571525097643, -0.16497585741108528, 0.6239221792359841, 0.42820057113514964, -0.02264356944472781]], "inverted": false, "swapped": true, "error_lsq": 0.05266042801472477, "error_max": 0.39001354717413567, "target": "659.xyz", "model": "6.xyz", "model_rescale": 3.89814844738969, "target_rescale": 4.336120409747272},
{"mapping": [3, 5, 6, 4, 2, 7, 0, 1, 8, 11, 12, 9, 14], "R": [[-0.3571599485191878, -0.28407421696441093, 0.8897969489888287], [0.7946955709777385, 0.40815866478534096, 0.44929439550145056], [-0.4908112882179234, 0.8675876575981845, 0.0799745943481937]], "T": [-0.07831173875063493, 0.1457005428568614, 0.042453316771613556], "aligned_model": [[0.28208528413178946, -0.0536099712401771, 0.4019655549430564, -0.478268256084019, 0.7627535922905512, -0.44050543364624295, -0.3861772787976333, 0.13104636888902468, -0.44203948023768325, -0.5518918553110986, -0.08987378029256882, 0.05663681963155648, -0.043489763372332846], [-0.219367978367431, 0.21869762303289625, 0.5277708965976191, -0.5585165530537584, -0.07025724332634398, 0.5098413018400272, -0.17655328696854883, -0.6379309559130321, -0.06602954635614802, 0.5970619532617754, 0.6928351757041387, 0.06801615820556121, 0.07821372081373026], [-0.45565421155041697, -0.7790150761307396, -0.37318906057093415, 0.1276409114089907, 0.21900060140784178, -0.31231835822120574, -0.46798207431638283, -0.17077474497893408, 0.5716057563237877, 0.33632707710840215, 0.06187272966489818, 0.7914195616083258, 0.05334191908266328]], "inverted": false, "swapped": true, "error_lsq": 0.06058971824423271, "error_max": 0.38233315683462527, "target": "659.xyz", "model": "7.xyz", "model_rescale": 3.7474275329858107, "target_rescale": 4.336120409747272},
{"mapping": [7, 12, 13, 11, 10, 9, 8, 5, 0, 1, 6, 3, 3, 2, 14], "R": [[-0.1739220631109623, -0.9574801785619289, 0.23017998093718667], [-0.05066495968111273, -0.22473253297158363, -0.9731024357613578], [0.9834552241071974, -0.1809060426994999, -0.0094247488597346]], "T": [-0.09668068239816735, -0.06754376478255772, 0.025653455332057762], "aligned_model": [[0.20008618167347597, -0.683694907378464, -0.616472897975022, -0.22577785246216805, -0.3547158786210235, 0.3422600175189445, 0.4318187935781697, 0.5892148087661504, -0.18133803494608533, -0.493894605702324, 0.2900726156094386, 0.41236092096884897, 0.41236092096884897, 0.007082696365954599, -0.11779749759272115], [-0.4638636879990956, -0.2574225949220673, -0.39088244501381786, -0.6652179818486449, -0.2557952928725893, -0.6869960051943426, -0.057317705659928414, -0.14298417372815103, 0.4313615455254506, 0.5600598063353778, 0.14346335871249685, 0.42392387106961527, 0.42392387106961527, 0.5356852543007006, -0.049286505941309504], [-0.4420404389778183, 0.023936383700216272, 0.6839694730504331, -0.08659362269571647, -0.6622728193298878, 0.08850585300704593, 0.4566917917524767, -0.16638191620263812, -0.3964127262473351, 0.14026879768720046, -0.661977244035217, -0.09041008733326611, -0.09041008733326611, 0.6035266313950669, 0.0785007023920733]], "inverted": false, "swapped": false, "error_lsq": 0.05571940039977312, "error_max": 0.38103952507637123, "target": "659.xyz", "model": "8.xyz", "model_rescale": 4.019505241142653, "target_rescale": 4.336120409747272},
{"mapping": [8, 9, 12, 11, 10, 7, 6, 4, 0, 1, 2, 3, 14], "R": [[0.8982556477241452, -0.419196607633768, -0.1319507312598815], [-0.017136065327478495, -0.3334281190261817, 0.9426197773799122], [-0.4391390970942682, -0.8444524223371045, -0.3066870714787757]], "T": [0.0366759338375334, -0.018634007289193892, -0.05461042509686678], "aligned_model": [[-0.3809244690108875, -0.654444308445112, 0.2890525478365894, 0.16648994883956084, 0.30550881187185763, 0.6174955015413621, 0.40690800855284204, -0.24557503385722276, 0.3951990704979169, -0.23518604674327906, -0.48006060633511893, 0.15117716550374874, -0.01593981851108115], [-0.5270887541448969, -0.06700852694533505, 0.11631999380142943, -0.40040093744609256, -0.5980359431534238, -0.1863410923366684, 0.6226438578785195, -0.6047468369135595, -0.2912471859997582, 0.007327316227138982, 0.676205755493503, 0.32238218701316157, -0.006631605359958766], [-0.21021723352816596, -0.37896999330490366, -0.5214728921668442, -0.6477119081216953, -0.0891723130181058, -0.21007318510515985, -0.08767899607033558, 0.43523649221039973, 0.4516664016819739, 0.738353901094837, 0.13348171272786755, 0.563345537923919, -8.403027990788736e-05]], "inverted": false, "swapped": true, "error_lsq": 0.06260775690379591, "error_max": 0.3562984504827092, "target": "659.xyz", "model": "9.xyz", "model_rescale": 3.877068213659057, "target_rescale": 4.336120409747272},
{"mapping": [1, 3, 13, 4, 5, 7, 2, 8, 12, 6, 0, 11, 9, 10, 15], "R": [[0.7380929796980524, -0.5389958361616602, 0.4058352398706196], [-0.5555067426233082, -0.8268571630379493, -0.08786063300976184], [0.38292429045503545, -0.16059489572594454, -0.9097132884850485]], "T": [-0.0418520769007691, -0.004967216504292299, 0.06455581106660119], "aligned_model": [[0.1620915227876179, -0.6240204554526403, -0.4345470610960212, -0.20534002360522308, -0.3453679641132982, 0.40477943416335516, 0.2240971360945011, 0.7092088403869501, -0.3504734812936843, -0.5340180880724872, 0.1959366504846763, 0.3126009922380588, 0.4762176482697954, 0.03887590723886998, -0.018475777258446395], [-0.51523237672851, -0.2178568448412192, -0.11849707840522648, -0.6616530077332423, -0.2365727935987804, -0.6825075790343376, -0.3604511286389789, -0.05057757223866876, 0.4411359153496359, 0.34997377615261405, 0.193245509812802, 0.5689329581822015, 0.16186543572726722, 0.6559649498859658, 0.020881149941786335], [-0.6069671480427143, -0.07152992620617621, 0.7207113686962816, 0.07578713446772102, -0.6175236601908545, -0.02345509668942941, 0.5577672893090686, -0.10617827979053135, -0.44919514047917614, 0.17452891825148603, -0.6688842150351553, -0.23487178875776604, 0.4379402375103568, 0.3092238381304342, -0.018452840344177712]], "inverted": true, "swapped": false, "error_lsq": 0.04281599849154874, "error_max": 0.36523171071323296, "target": "659.xyz", "model": "10.xyz", "model_rescale": 4.260839863003843, "target_rescale": 4.336120409747272},
{"mapping": [5, 6, 13, 12, 8, 10, 0, 3, 2, 9, 4, 14], "R": [[0.27808413951139577, 0.9333034209334793, -0.22718700628792984], [0.2328026825425446, 0.16397956552569518, 0.958599819054333], [0.9319185170138011, -0.3194611503201439, -0.17167542364278207]], "T": [-0.04433579198948646, 0.005184303816188956, -0.05907080263036263], "aligned_model": [[0.47128871418286156, 0.3090823915088139, -0.6199975788400705, -0.3370954104930124, -0.4912191491939825, -0.350565254453908, 0.27667720718565675, 0.6686391489464653, 0.4245075689145861, -0.41966600333238674, 0.02525191891846936, 0.001995095750637575], [0.023470768621715467, -0.5594745477537546, -0.5052233920276464, -0.36197705518640566, 0.3573907990880264, 0.4725247915247871, 0.5012481829430274, 0.04587757432732346, -0.47415806597017374, -0.11777755336820456, 0.766248091489545, 0.02492891184469416], [-0.7029233054672941, -0.384122473607091, 0.1567771526891312, -0.3407646845158237, 0.30613551526597876, -0.3705007763951826, -0.3908000480202491, -0.09488895996672791, 0.5202515563967718, 0.5960658449966403, 0.22214676757678958, -0.0011985115574386224]], "inverted": true, "swapped": true, "error_lsq": 0.055244960471849645, "error_max": 0.2998253165228087, "target": "659.xyz", "model": "11.xyz", "model_rescale": 3.890672605050136, "target_rescale": 4.336120409747272},
{"mapping": [12, 13, 11, 6, 7, 1, 9, 3, 2, 4, 10, 8, 0, 14], "R": [[-0.9301534569828095, 0.112460763381842, -0.34952413816859995], [-0.3543746108549954, -0.5240918798813355, 0.7744329129264966], [-0.09608944606094783, 0.844203931607773, 0.5273391131081394]], "T": [0.13036037936586659, -0.030840598849788115, 0.09496511173251253], "aligned_model": [[0.5852616916945437, 0.26334889427596164, 0.35445837559055554, 0.6790913100387725, 0.6227709823897708, -0.4215445494446037, -0.3283133026771867, 0.08588084854071157, -0.13713156821184697, -0.5175702271560356, 0.1664038816774441, -0.33199701534824005, 0.12159698892808318, 0.06761952449576335], [0.06530939769774956, 0.05196751044843419, 0.5568672620830324, -0.528653352274006, 0.29461565601319184, -0.3950865863016288, -0.00857252023085001, -0.5413360590575591, -0.8353177916679365, 0.2696426882684428, 0.5633373281847266, 0.4045346444122505, 0.10684928086904531, -0.0720049386171273], [-0.19432207268501067, -0.6885843254880674, -0.2496311664024491, 0.11686141597168236, 0.2980801790032041, 0.6108150507619243, -0.5168510363124519, 0.5936514916420895, -0.1628373405861373, 0.4861678513767048, 0.32911399739759023, -0.13699144022741805, 0.7583938645551337, 0.11092396635006664]], "inverted": true, "swapped": true, "error_lsq": 0.052188548819324346, "error_max": 0.37159512083864304, "target": "659.xyz", "model": "12.xyz", "model_rescale": 4.124412569039231, "target_rescale": 4.336120409747272},
{"mapping": [9, 1, 3, 8, 2, 13, 4, 12, 0, 10, 6, 5, 14], "R": [[-0.33642401745957057, 0.49756611381769317, -0.7995291382161884], [0.1297734134483606, 0.8654132162250301, 0.4839615959402257], [0.9327259734982851, 0.059058678984615254, -0.35571664397139025]], "T": [0.10161394246860837, 0.024354668617601327, -0.07354452018853631], "aligned_model": [[-0.23151538751298695, 0.03674984586217149, 0.47646153184374923, -0.5364863851526256, 0.5322526859822666, 0.10074560246355056, -0.5350209947611556, 0.31450319484617195, 0.011588374852337255, -0.3198274859880695, 0.836752087191719, 0.5883527568748106, 0.0927424810078184], [-0.4856073585951816, 0.6781486801050824, 0.5819874467262605, -0.16670495669748858, -0.07471102851435951, -0.7742312249129404, 0.4923909046870546, -0.3567979062278689, 0.6545986405047195, 0.17119543513547925, 0.002115526584730687, 0.567998014422914, 0.05710320329007529], [0.38922971552465807, 0.44772449762399646, 0.17101041961222413, 0.04244684308290163, 0.6945270002063633, -0.046109774483714616, 0.12338668260759815, -0.4041015981243331, -0.30562412535893485, -0.5317989859179519, -0.1656311566945644, -0.45862413621876935, -0.004737300891633947]], "inverted": true, "swapped": true, "error_lsq": 0.04618979764720542, "error_max": 0.2656725886399762, "target": "659.xyz", "model": "13.xyz", "model_rescale": 3.9028299243045295, "target_rescale": 4.336120409747272},
{"mapping": [2, 6, 7, 3, 1, 0, 4, 8, 11, 14, 12, 13, 5, 13, 15], "R": [[0.8011272266844816, -0.5427083547023674, -0.2523148992847627], [0.577779009927841, 0.5913536174541949, 0.5625587212110761], [-0.1560979895822957, -0.5964633608697911, 0.7873149794004166]], "T": [-0.03061064937547767, -0.09637740125247304, -0.03130627572925427], "aligned_model": [[0.17564736920947285, -0.585206832779743, -0.6044213768385679, -0.13398361068389697, -0.37321379776582864, 0.5052430405380444, 0.22496949102376926, 0.6864198900928087, -0.46940288281172227, -0.41638651996423076, 0.20595747459485855, 0.26165624970854257, 0.406295517781261, 0.26165624970854257, -0.1336649810412864], [-0.5551465318589157, -0.4411690471868118, -0.2075909344880917, -0.6791665621872195, -0.13348085303438845, -0.7151554808225262, -0.30685145709367306, -0.14320311836719146, 0.36188109377741884, 0.6835232170277299, 0.3976636991372411, 0.6300120095417115, 0.11518560005182771, 0.6300120095417115, -0.08786233020551318], [-0.5690220781079857, -0.16528409664207816, 0.6607925285687296, 0.16455150431905827, -0.5821648531533441, 0.09980787489678755, 0.5600842361442159, -0.3144700397318785, -0.40987887899961334, 0.12988508899168572, -0.46049062167836025, 0.10865741735263823, 0.131346517774813, 0.10865741735263823, 0.016428673742061597]], "inverted": false, "swapped": false, "error_lsq": 0.04919383189455795, "error_max": 0.34599997826531237, "target": "659.xyz", "model": "14.xyz", "model_rescale": 3.942246331269136, "target_rescale": 4.336120409747272},
{"mapping": [10, 3, 12, 4, 5, 10, 11, 9, 2, 0, 9, 7, 6, 8, 14], "R": [[0.32402839448175574, 0.8668209748896335, 0.37898152601540014], [-0.8200232206008263, 0.45711004570566255, -0.3444013992283075], [-0.47177061931093656, -0.1991778190621456, 0.8589299617248329]], "T": [-0.09849393161327266, -0.093994247926968, 0.06173825709244006], "aligned_model": [[0.37749440601137996, -0.6537607757309433, -0.7867584801393389, -0.08305338912719447, -0.4184030141395104, 0.37749440601137996, 0.37333545067148277, 0.4075142644523414, -0.26958769435144136, -0.35909461361895223, 0.4075142644523414, 0.2710479252289165, 0.4153851306408388, 0.11636958255427685, -0.16393218214355249], [-0.5746798520909163, -0.5186219914118085, -0.1323840267963953, -0.6692653843722334, -0.052046637934018425, -0.5746798520909163, -0.26421434933436605, 0.040113182173649536, 0.4672181973554843, 0.593445184490467, 0.040113182173649536, 0.6462556498763364, 0.11588855591934424, 0.4530064695479904, -0.02149701367295767], [-0.16492662425891041, -0.10534837249599159, 0.500935700485859, 0.1734910474079988, -0.4847762762204578, -0.16492662425891041, 0.5740986534407444, -0.5499260371397743, -0.4265397725706528, 0.07696304490794285, -0.5499260371397743, -0.15378068168757408, 0.13005302390655069, 0.5651911462978187, 0.05831850015449847]], "inverted": false, "swapped": false, "error_lsq": 0.056901537372360665, "error_max": 0.4187241404180658, "target": "659.xyz", "model": "15.xyz", "model_rescale": 4.355366556412066, "target_rescale": 4.336120409747272},
{"mapping": [10, 0, 4, 12, 8, 7, 9, 6, 1, 5, 3, 14], "R": [[0.4444322049003313, 0.8886215706141012, 0.11327717990292038], [0.13452982352485965, 0.05881039709552513, -0.9891628095393787], [-0.8856532853378913, 0.45485496747072607, -0.09340886862287036]], "T": [-0.15669710985601978, 0.10906529276054597, -0.10154825593371575], "aligned_model": [[-0.3079571896230804, 0.2816532281248856, 0.21128194842386575, -0.5907299517516986, -0.40456036960263825, -0.34898859890520567, -0.4760777930957333, -0.06705317182020169, 0.6289659817443217, 0.25656685160794845, 0.514967359537983, -0.10025974000866587], [-0.498089348711066, -0.3309086928921392, -0.4816198736054803, 0.2715006102313876, -0.2512037615466032, -0.15240150680389106, 0.2827123327850773, 0.6435494815032434, 0.04114491119130104, 0.07798036858022017, 0.2882761103783875, 0.12183579663054346], [0.03132714924141841, 0.16945890855026496, -0.524426852120526, 0.19016626317147012, -0.617203002703149, 0.4316541468337106, -0.7746300470980153, 0.40411293127149195, -0.38702273409452503, 0.6118910878186128, 0.06585088523763727, -0.1519202748989696]], "inverted": true, "swapped": true, "error_lsq": 0.06082008468008746, "error_max": 0.33656266344441294, "target": "659.xyz", "model": "16.xyz", "model_rescale": 3.795458400668931, "target_rescale": 4.336120409747272},
{"mapping": [3, 5, 6, 4, 2, 7, 0, 1, 8, 11, 12, 9, 14], "R": [[-0.3571599485191878, -0.28407421696441093, 0.8897969489888287], [0.7946955709777385, 0.40815866478534096, 0.44929439550145056], [-0.4908112882179234, 0.8675876575981845, 0.0799745943481937]], "T": [-0.07831173875063493, 0.1457005428568614, 0.042453316771613556], "aligned_model": [[0.28208528413178946, -0.0536099712401771, 0.4019655549430564, -0.478268256084019, 0.7627535922905512, -0.44050543364624295, -0.3861772787976333, 0.13104636888902468, -0.44203948023768325, -0.5518918553110986, -0.08987378029256882, 0.05663681963155648, -0.043489763372332846], [-0.219367978367431, 0.21869762303289625, 0.5277708965976191, -0.5585165530537584, -0.07025724332634398, 0.5098413018400272, -0.17655328696854883, -0.6379309559130321, -0.06602954635614802, 0.5970619532617754, 0.6928351757041387, 0.06801615820556121, 0.07821372081373026], [-0.45565421155041697, -0.7790150761307396, -0.37318906057093415, 0.1276409114089907, 0.21900060140784178, -0.31231835822120574, -0.46798207431638283, -0.17077474497893408, 0.5716057563237877, 0.33632707710840215, 0.06187272966489818, 0.7914195616083258, 0.05334191908266328]], "inverted": false, "swapped": true, "error_lsq": 0.06058971824423271, "error_max": 0.38233315683462527, "target": "659.xyz", "model": "17.xyz", "model_rescale": 3.7474275329858107, "target_rescale": 4.336120409747272},
{"mapping": [13, 6, 12, 2, 8, 4, 11, 5, 9, 10, 1, 3, 0, 14], "R": [[0.8038618279850587, 0.5925064043351977, 0.052367187534710175], [0.5849931495222405, -0.8034506587275269, 0.1106799620633887], [0.10765303767460535, -0.05833695065804067, -0.9924755028046545]], "T": [0.08097927897558478, -0.041427140330522014, 0.002341855683605565], "aligned_model": [[0.5729777421350367, 0.17868052311326182, 0.5828220835868434, -0.4362997929558098, 0.10369007483472119, -0.381716777848332, 0.7190588517168023, 0.035272395169874175, 0.04821046221627239, 0.330361717513164, -0.7395391833606696, -0.4580654669441131, -0.14767403193445083, 0.0070690506402759645], [-0.5064777120699747, 0.4918592612826766, 0.04041189007557075, -0.15486961337086286, -0.6398959819542144, -0.3030888774504511, -0.299571313363814, 0.7763154422877233, -0.7705263886154353, -0.03680035037060338, 0.04490936564354414, 0.4186911719215552, 0.3599956692200198, -0.06054432172450074], [-0.42210876170995193, -0.5030913254953563, -0.2009394110990445, -0.7081162833064992, 0.31610780387823656, 0.6192611004290737, 0.20379428529904348, 0.1021267288636397, -0.22686744546156593, 0.591374313071, 0.1529101462305978, -0.09249510804445352, 0.4980740429008151, -0.0052353668938798234]], "inverted": false, "swapped": true, "error_lsq": 0.045070223463985086, "error_max": 0.3262263629262372, "target": "659.xyz", "model": "18.xyz", "model_rescale": 3.922800546911778, "target_rescale": 4.336120409747272},
{"mapping": [2, 0, 12, 3, 1, 9, 7, 10, 6, 8, 10, 4, 11, 13, 14], "R": [[-0.965684531231393, 0.13942002867590111, -0.21912426096718768], [0.22410348359421725, 0.8737310745593933, -0.43170781553062565], [0.1312669599760033, -0.46600006969237595, -0.8749930972672638]], "T": [-0.15529905561606683, 0.01637171818140811, -0.00426768898428535], "aligned_model": [[0.09908360470816457, -0.6098928626145412, -0.47088241123061525, -0.23057923445363088, -0.5211405443310793, 0.4327666274745422, 0.233321360388143, 0.49984565470228837, -0.13463669958948465, -0.5117065690961967, 0.49984565470228837, 0.26950445559977043, 0.5105081197907536, 0.050355723785580564, -0.10482759906395892], [-0.47564113810056824, -0.6707852469585084, -0.11110532542983112, -0.5604450301454187, -0.04860224748176351, -0.5419908704728212, -0.3151695611717865, 0.08490482709025543, 0.46420022997926697, 0.5124098559368, 0.08490482709025543, 0.5912361130309444, 0.14010994055329004, 0.4300486090039309, -0.035423669090735264], [-0.4585162708944596, -0.14427630148798684, 0.704795632290841, 0.26174843291240696, -0.6445187435375991, -0.07605318805970508, 0.609951792478341, -0.46976663505019495, -0.528472289285978, 0.03193319841772284, -0.46976663505019495, -0.11802200092514163, 0.21626183346076758, 0.5040543433228495, 0.05954752223769917]], "inverted": true, "swapped": false, "error_lsq": 0.046008025600626175, "error_max": 0.3294196609079614, "target": "659.xyz", "model": "19.xyz", "model_rescale": 3.9282355846067225, "target_rescale": 4.336120409747272},
{"mapping": [6, 3, 1, 5, 7, 0, 10, 4, 11, 13, 2, 12, 9, 14], "R": [[0.8923815975429057, -0.1392913036501292, 0.4292470350441794], [-0.3775531412184513, -0.7514708230516938, 0.5410593568713973], [0.24720175954643128, -0.6448949796900714, -0.7231886028192722]], "T": [-0.008863277308604228, -0.06967228755003613, 0.08509769920309392], "aligned_model": [[-0.599155879829976, 0.0013773343465807858, 0.5200842536280821, -0.5039657907712972, -0.4654783492532626, 0.027415168999109285, 0.013629563101643566, 0.6721175985013256, -0.18752525808974804, -0.15193835406520537, 0.17980791612996586, -0.4599147902174977, 0.43576250522560134, 0.05030690137935463], [-0.5052168407084441, -0.7123682441715042, -0.6186448945772416, -0.41142247800886295, 0.21307785304890603, -0.14752447429914334, 0.42236085884529395, 0.04216185495228805, 0.6118491288234935, 0.26412182839970294, -0.7713370625778091, 0.14711658878451928, 0.1072063383781377, -0.11849836946450035], [0.19120239047957516, -0.22812616048488132, -0.26450054974338066, -0.4795520861100871, -0.23302293894607146, -0.5870599619245694, -0.32303181292596783, -0.3472239768232759, 0.21917041181157354, 0.7968587962016945, 0.5923129636191863, 0.3074087800399728, 0.6819379442674625, 0.08580935778245183]], "inverted": true, "swapped": true, "error_lsq": 0.05605852376607586, "error_max": 0.35785577303177535, "target": "659.xyz", "model": "20.xyz", "model_rescale": 4.067790424073018, "target_rescale": 4.336120409747272},
{"mapping": [8, 0, 3, 2, 7, 4, 6, 5, 9, 12, 1, 10, 13, 11, 14], "R": [[0.7578054720600866, -0.34969159295412616, -0.5508599244208959], [-0.6324106956413529, -0.18586341899672237, -0.7520049876944096], [0.1605851131151623, 0.9182432026952635, -0.3619970195315646]], "T": [0.024347694686975136, -0.07473169957942677, -0.002787308474225113], "aligned_model": [[0.11575463330712944, -0.5717969465379222, -0.5038078563787636, -0.24231115471819334, -0.2857113949690394, 0.36375547623230475, 0.31910212512265773, 0.5583333177580697, -0.2591075641128366, -0.5318982442570311, 0.28313531697012323, 0.16732266586240713, 0.5587362580520374, 0.018615743743254882, 0.021442904697826465], [-0.4090294599342553, -0.42650104042658554, -0.1024376309735188, -0.6869983026690303, -0.10003874549602326, -0.8003429576455545, -0.33740769941273036, -0.22478581287610855, 0.4958204586548893, 0.4334181605942467, 0.24570789101988844, 0.7206068947273845, 0.37475692622668166, 0.3633033291876325, 0.0025793028563936282], [-0.455620253078403, -0.1619348095534214, 0.6635677859723106, 0.32545741168736675, -0.6809369022641536, 0.024837946826820174, 0.6230545625646837, -0.20480027413239124, -0.4479538508623363, 0.1364536406444313, -0.7124721234508434, -0.13799640423748574, 0.04733597646161045, 0.47273841353307955, -0.012830429281900518]], "inverted": true, "swapped": false, "error_lsq": 0.04737737041747273, "error_max": 0.3407828683866425, "target": "659.xyz", "model": "21.xyz", "model_rescale": 4.186013935880536, "target_rescale": 4.336120409747272},
{"mapping": [13, 11, 8, 2, 6, 9, 12, 7, 4, 0, 5, 1, 14], "R": [[-0.9756771520175942, 0.17978215621958796, 0.1254291486691684], [-0.17491320523082046, -0.2935841594788575, -0.9397945051653441], [-0.1321342713557598, -0.9388752407046045, 0.317889629785487]], "T": [-0.002596862419171767, -0.040157687793954004, 0.017577316455965768], "aligned_model": [[0.09518885360467562, -0.29819452987528433, 0.32657589160028283, 0.5946867268652315, -0.3208765604393974, 0.5857479936506313, -0.348050267952456, -0.6146234681699922, 0.34341881727249013, -0.24962909876177752, -0.5693724943310028, 0.4514630635211785, 0.06223910843864546], [-0.628042428752237, -0.09234209526240658, 0.2260237917643988, -0.5167884504241216, -0.530513125000468, -0.2631740397396562, -0.40955481687436174, 0.048448329642383055, 0.6947920455023917, 0.5164146754210321, 0.0935277339811384, 0.4010556183735986, -0.02089057908559834], [-0.5147029985307361, -0.6337796081485801, -0.5096062595788055, 0.4662119454037561, 0.47326602480679986, -0.4175208908879882, -0.19236269043950696, -0.06738216729588295, -0.039570729402894696, 0.3148571320734863, 0.602079380306644, 0.5676098168888455, 0.05378060614020866]], "inverted": false, "swapped": true, "error_lsq": 0.06448388931483753, "error_max": 0.3838442148036153, "target": "659.xyz", "model": "22.xyz", "model_rescale": 4.166573947596378, "target_rescale": 4.336120409747272},
{"mapping": [2, 4, 8, 3, 1, 11, 9, 12, 5, 7, 6, 13, 14, 10, 15], "R": [[0.8514078467762007, 0.3916190595226998, 0.3489114367091879], [-0.5230484309206547, 0.6834644089974002, 0.5092118817793589], [-0.03905147064266215, -0.6160445713196332, 0.7867426954146157]], "T": [0.0020972210552498024, -0.08922683864725582, -0.0007631226966014273], "aligned_model": [[-0.08955018463887753, -0.6194273725843007, -0.5614896116943289, -0.0836552935669086, -0.3805105710348611, 0.5312484903429489, 0.19977088505640236, 0.6280892312421946, -0.2137332371575783, -0.4162738664614342, 0.2061416512632752, 0.19502907831532176, 0.6146164235817202, 0.031118107657371177, -0.029808449548920812], [-0.5392222971847742, -0.47769924109026957, -0.22349593812437302, -0.6726349882262648, -0.042548771047333164, -0.6701968880359049, -0.26570398468271617, -0.12114560980022077, 0.5859639553250432, 0.47901933746053366, -0.04214692748900682, 0.734397715027478, 0.32869898096497535, 0.5417155555751347, -0.06634958483899112], [-0.4926107408815799, -0.05224016035358684, 0.563524774655529, 0.1163184269038269, -0.6003725758444057, 0.06680952969304041, 0.5379669634965054, -0.19180382636838297, -0.4350402073373212, 0.11521775555148739, -0.732375714464456, -0.035877677143715016, 0.2751644023131869, 0.4017424256102798, -0.057522685001040345]], "inverted": false, "swapped": false, "error_lsq": 0.04192513789426286, "error_max": 0.2944941051552794, "target": "659.xyz", "model": "23.xyz", "model_rescale": 4.274766983524099, "target_rescale": 4.336120409747272},
{"mapping": [13, 8, 10, 12, 0, 5, 6, 3, 2, 1, 14], "R": [[-0.8082649326036592, 0.30787348426893857, 0.5019180375393036], [-0.5134066718585968, 0.0488857018333525, -0.8567518762438397], [-0.2883078008210693, -0.9501705667091378, 0.1185517024144086]], "T": [-0.035346543566028996, 0.1180390174370731, -0.09549066855887023], "aligned_model": [[0.3127487705427439, 0.16316598080326083, -0.5036610723127116, -0.18846701200980687, -0.5002870284290796, -0.6188730465683907, -0.12804473754103363, -0.046225184664213166, 0.6966756424611782, 0.1783361987169218, 0.014526192959205972], [-0.22704113694902398, 0.6168651597040385, 0.4757633466162645, -0.2936455281665079, 0.4343578272517761, -0.13858431790874357, -0.5559144222603019, 0.0740552792599257, -0.17377984895215828, 0.5514898411878195, 0.15202033146039473], [-0.7265549980662577, -0.5064591130275722, -0.3442617484097749, -0.4225029893013664, 0.28259102387472457, 0.42833215990488127, 0.19878203802829852, 0.6181053200833795, 0.3097041840592855, 0.5899547475443683, -0.04812419066838926]], "inverted": false, "swapped": true, "error_lsq": 0.052849000434262106, "error_max": 0.2818432616295729, "target": "659.xyz", "model": "24.xyz", "model_rescale": 3.7841303162186577, "target_rescale": 4.336120409747272},
{"mapping": [12, 13, 6, 3, 14, 5, 4, 2, 10, 7, 9, 8, 8, 0, 15], "R": [[-0.7476816086531979, -0.6157214328790032, -0.24871535773890902], [0.005198052724499691, 0.3691008449503639, -0.929374814864703], [0.6640370413837164, -0.6961692921627287, -0.2727693610360331]], "T": [-0.06546636842596167, 0.06312969011191336, -0.0035054272764106775], "aligned_model": [[0.08096117901482335, -0.5282798230114808, -0.3163537927368667, -0.23473123465727036, -0.264389111862483, 0.36088261740127603, 0.3270856675714036, 0.6374903613489749, -0.47505393601917356, -0.5047791345920368, 0.17032617815754292, 0.4359850246722117, 0.4359850246722117, -0.022325473637417756, -0.09123826554969088], [-0.5082964333640765, -0.49052307676205753, -0.1663258372874138, -0.6673926834964051, -0.06335081025168643, -0.703395938001657, -0.3040148317460347, -0.16584350216099594, 0.5647269467462714, 0.46595683837312607, 0.0903482026611527, 0.3722880121289489, 0.3722880121289489, 0.7232370640510646, 0.02894935081412349], [-0.48016365408867834, -0.3056185141469642, 0.6340148575079759, 0.2909234339965913, -0.7609560114612952, -0.005441705372496081, 0.5140002654095511, -0.15255622805152214, -0.4346589056192866, 0.25637943609102276, -0.5381097071661215, 0.045743084644004534, 0.045743084644004534, 0.31856144065569236, 0.05103981378688886]], "inverted": false, "swapped": false, "error_lsq": 0.04488418070005138, "error_max": 0.3183098822640994, "target": "659.xyz", "model": "25.xyz", "model_rescale": 4.19342608120988, "target_rescale": 4.336120409747272},
{"mapping": [10, 0, 4, 12, 8, 7, 9, 6, 1, 5, 3, 14], "R": [[0.4444322049003313, 0.8886215706141012, 0.11327717990292038], [0.13452982352485965, 0.05881039709552513, -0.9891628095393787], [-0.8856532853378913, 0.45485496747072607, -0.09340886862287036]], "T": [-0.15669710985601978, 0.10906529276054597, -0.10154825593371575], "aligned_model": [[-0.3079571896230804, 0.2816532281248856, 0.21128194842386575, -0.5907299517516986, -0.40456036960263825, -0.34898859890520567, -0.4760777930957333, -0.06705317182020169, 0.6289659817443217, 0.25656685160794845, 0.514967359537983, -0.10025974000866587], [-0.498089348711066, -0.3309086928921392, -0.4816198736054803, 0.2715006102313876, -0.2512037615466032, -0.15240150680389106, 0.2827123327850773, 0.6435494815032434, 0.04114491119130104, 0.07798036858022017, 0.2882761103783875, 0.12183579663054346], [0.03132714924141841, 0.16945890855026496, -0.524426852120526, 0.19016626317147012, -0.617203002703149, 0.4316541468337106, -0.7746300470980153, 0.40411293127149195, -0.38702273409452503, 0.6118910878186128, 0.06585088523763727, -0.1519202748989696]], "inverted": true, "swapped": true, "error_lsq": 0.06082008468008746, "error_max": 0.33656266344441294, "target": "659.xyz", "model": "26.xyz", "model_rescale": 3.795458400668931, "target_rescale": 4.336120409747272},
{"mapping": [4, 9, 1, 0, 5, 11, 8, 10, 13, 3, 7, 6, 14], "R": [[-0.8073833970318733, -0.373514345921323, 0.4567483810461059], [0.589652520511502, -0.48320454296750315, 0.6471655697810256], [-0.021022731785029503, 0.7918335702952565, 0.6103750008820494]], "T": [-0.056225481451148925, -0.022424415870677242, 0.04434826142157707], "aligned_model": [[0.047406531619036456, 0.17904422921451568, 0.5497099903860672, -0.16853401542585617, -0.16875782771704095, -0.6693409308776636, -0.16530678462075338, -0.5732470884272078, -0.19603059208922233, 0.39321942381161196, -0.5993090943643374, 0.058235109464300515, 0.012587431847806231], [-0.6752318850005825, -0.49025669718725196, -0.2176646790347096, -0.022990016010445827, 0.5706238477769477, -0.19971445728643883, -0.6718096370257343, -0.2877793026646487, -0.05396226956884893, 0.28065408676396514, 0.23330654098532272, 0.7067212813927316, -0.05001530988339238], [-0.43130568245523704, 0.6020018570652461, -0.5016359810486192, -0.6239028016929264, -0.5181277821557225, 0.37149459489933484, 0.1977428791030784, -0.2229487375637604, 0.8304479646754424, -0.42192938916504474, -0.1268462870980883, 0.11252410155451917, 0.024621925981203857]], "inverted": false, "swapped": true, "error_lsq": 0.05509807534877238, "error_max": 0.38743148423518314, "target": "659.xyz", "model": "27.xyz", "model_rescale": 3.6321398670334006, "target_rescale": 4.336120409747272},
