[{"mapping": [2, 6, 1, 4, 11, 10, 0, 14, 12, 8, 9, 3, 5, 15], "R": [[-0.6211519274156159, -0.24654921656214382, 0.7438976857609243], [-0.6657714610828145, -0.33473651853327774, -0.6668581744028301], [0.4134230819336533, -0.9094860894883516, 0.04377680152393676]], "T": [-0.12803549527847105, 0.051461218988087636, 0.17017183766493088], "aligned_model": [[0.031933204747170124, 0.4008066004246278, -0.48082931942982143, -0.1580609240238549, -0.7433799810617407, -0.20773080736037317, -0.6959800461232171, -0.1865800178883449, -0.40339380915741707, 0.3166342013893979, 0.727164400406348, 0.23590888229219956, 0.5583384840686962, -0.023338767155366452], [-0.6598424213602778, 0.003946745830398439, -0.5758132026936398, -0.21898248670767806, 0.44331310405609964, 0.30617010365195707, 0.15486173091767896, 0.4849031175504304, 0.7619441661654323, -0.32121856749306543, 0.42090477113400976, 0.6277340764898042, -0.24431448243909248, 0.051666676707977796], [0.2909229899506405, -0.34654600790831974, 0.5232499171766802, -0.22921576625191703, 0.37376122951415025, -0.5258549940884552, -0.08294956097207773, 0.6278076125798733, 0.06974647315302807, 0.6965598159581698, 0.1567314588313217, -0.1055057680743215, 0.22312271720172447, 0.22575797010933682]], "inverted": true, "swapped": true, "error_lsq": 0.05705423495307854, "error_max": 0.4100280066327681, "target": "66.xyz", "model": "0.xyz", "model_rescale": 3.8414455957264533, "target_rescale": 4.394489113587826},
{"mapping": [10, 6, 1, 5, 4, 2, 13, 0, 14, 11, 8, 3, 7, 12, 15], "R": [[0.4973008763268747, -0.8653461907081546, -0.06219170870308441], [-0.7923106362915855, -0.42378363239287475, -0.43892059479491763], [0.3534624365102267, 0.2675507487240273, -0.8963709627344401]], "T": [-0.029997301326624724, -0.02272459089686826, -0.0479925336019201], "aligned_model": [[-0.7076757935811783, -0.6164919600815001, 0.3695135418060601, -0.07493247895380001, -0.42110325222047873, 0.06681415402605698, 0.5919140519690439, -0.2000135637848111, 0.4313362312698832, 0.2588170261798794, 0.42799302541953665, -0.3544736319553146, 0.1804917866596071, -0.09032465663813065, 0.010179673389690745], [0.17388909677460943, 0.054441365770036526, -0.707843477117882, -0.11982828186257535, -0.30645256318994923, -0.6591578754246745, -0.2592845982202369, -0.08644279959614926, 0.3961431652238663, 0.19591119907595692, -0.24080340598833735, 0.6193317448964046, 0.6967029786533584, 0.582536090446806, 0.007901888601780972], [0.19237432803049803, -0.49408484430077504, 0.06864369854690167, -0.7895773256087254, -0.03869977308020214, -0.41090286825319633, 0.32761844030376597, 0.555627861621271, 0.06359159440629555, 0.6171616230104329, -0.6449784271481754, -0.19972529570055295, -0.3484499761515233, 0.42180911700173707, -0.1552263653382166]], "inverted": true, "swapped": true, "error_lsq": 0.054239140055955495, "error_max": 0.3985996779596425, "target": "66.xyz", "model": "1.xyz", "model_rescale": 4.316132596720782, "target_rescale": 4.394489113587826},
{"mapping": [7, 3, 9, 13, 8, 14, 2, 11, 6, 12, 4, 15], "R": [[-0.6214638954729698, 0.7812649010232606, -0.05837620279426219], [0.7731406529419291, 0.5995428263241501, -0.20688627352189864], [-0.12663395039281364, -0.17370536500743178, -0.9766218760480155]], "T": [-0.004177002265643097, 0.18624569882133915, -0.0825298356192577], "aligned_model": [[-0.08881496288816582, 0.42798510771800524, 0.20774538537000126, -0.6431360944805294, -0.5193429706347603, -0.3740206260212594, -0.23329330098832596, -0.21904522112794358, 0.567287435345385, 0.1877599073007662, 0.32703984672042635, -0.042355951681819444], [-0.5835020656401861, -0.3664165372222504, -0.6926681683924233, 0.5267916709028888, -0.06980158421713809, -0.12567681966497277, 0.4435664078910674, 0.39335759427363626, -0.07857538798255334, 0.01485817353862151, 0.4596303931028436, 0.09121275115144659], [0.1465578190062466, 0.13734381471293639, -0.3075528549369929, 0.16155558286415156, -0.6142717654695369, 0.32569789429067453, -0.736300031393375, 0.6135891827776436, -0.47269276031979424, 0.6416800869950157, -0.30413306295268505, -0.1422154443648631]], "inverted": true, "swapped": true, "error_lsq": 0.053106462529438125, "error_max": 0.27703897877265615, "target": "66.xyz", "model": "2.xyz", "model_rescale": 3.795458400668931, "target_rescale": 4.394489113587826},
{"mapping": [8, 5, 9, 10, 14, 12, 6, 1, 4, 0, 7, 15], "R": [[0.8333880072273839, 0.34794785153149793, -0.429414394290858], [-0.22505566909795144, -0.49597937125396957, -0.8386622735627198], [-0.5047914175344537, 0.7955732247286429, -0.3350356232976206]], "T": [0.20869678417714205, 0.0021365754963081083, 0.03470262550505051], "aligned_model": [[-0.05332701703984022, -0.31039577218756725, -0.7229014835047689, 0.17772837450588008, 0.10012102464266398, 0.18838221636785035, -0.26587389523173144, 0.7790401867203094, 0.3368062202722114, 0.6906892344915487, -0.43947606290512436, 0.11251079961213326], [-0.3157440053925831, -0.48802138367969106, 0.011714866074814118, 0.030219337570998678, 0.5496864589631694, 0.6912548173228708, -0.3968171776382428, -0.305712365703766, -0.35200760615082655, 0.2167732293465924, 0.46212451973288216, -0.017701645156508537], [-0.631631472352413, -0.19263939372258, 0.04300729806748312, 0.7789697988318668, -0.2638443098265381, 0.37440372972168195, 0.4403471649558062, -0.43703696925530056, 0.337558455023202, 0.37957579902448285, -0.10826383991935912, -0.03167482990923174]], "inverted": true, "swapped": true, "error_lsq": 0.04609054913950967, "error_max": 0.2580975574547749, "target": "66.xyz", "model": "3.xyz", "model_rescale": 3.7530521520055578, "target_rescale": 4.394489113587826},
{"mapping": [8, 9, 6, 10, 2, 12, 1, 14, 13, 0, 15], "R": [[0.04827895503940102, -0.9973298254193226, -0.05479381196236621], [0.35997040142712966, -0.03379833550328912, 0.9323513193070507], [-0.9317137181541841, -0.06473709791356697, 0.35737746929127284]], "T": [-0.015470419220431207, -0.026863880403125793, 0.013682956728214691], "aligned_model": [[-0.4540034595279579, -0.2777845071200591, 0.3857456512531018, 0.5558941886808174, 0.08545480036275799, -0.11470215744494247, -0.06797508740392816, -0.5749626177553515, -0.39726133140198117, 0.2830667289034088, -0.08527260610066056], [-0.6723682135266222, -0.1188926825157787, -0.20633482284479424, 0.38116745672796953, -0.7346616164903501, 0.7309489851378869, -0.4691683429218051, 0.268752186160982, -0.01169439391979513, 0.3884713523422833, -0.08901654983563025], [-0.055009070141013125, -0.8755628262001102, -0.5827604730233721, -0.2367850491568939, 0.20065931721515376, -0.06734911123793687, 0.6801743932389831, 0.031274545817103636, 0.6753653262958736, 0.38205143635140176, -0.0592277119138732]], "inverted": false, "swapped": true, "error_lsq": 0.04963242306604538, "error_max": 0.256125541367777, "target": "66.xyz", "model": "4.xyz", "model_rescale": 3.7855080009869324, "target_rescale": 4.394489113587826},
{"mapping": [8, 13, 11, 5, 6, 1, 4, 3, 12, 0, 7, 15, 10, 15, 9, 16], "R": [[0.4729396314068105, -0.008772704784289542, 0.8810511589547787], [-0.6614383912517521, 0.6570749127737764, 0.36159620238828416], [-0.5820887901541181, -0.7537742358651578, 0.3049541633144448]], "T": [0.06280623491372267, 0.11070072861465735, -0.05284679293929507], "aligned_model": [[-0.30890752878555716, -0.6317713267007385, -0.34736476513770737, 0.8378280864725558, -0.07159209491305288, 0.28042027914877293, 0.5010792026609803, 0.5609104808384782, -0.34863901518261964, 0.7358767097527972, 0.41391865438476744, -0.43935330642838993, 0.27066243472909657, -0.43935330642838993, 0.14682534719531437, 0.04772264780057874], [-0.25289032498538827, -0.08342666638745297, -0.18172779104367032, -0.004308704761957161, -0.501274796327535, 0.1898891654506033, -0.3536645939560668, 0.5516752890509908, 0.3503935913475676, 0.21585097776772316, -0.5028288504653811, 0.31006910831707046, 0.041708818050933155, 0.31006910831707046, 0.6719770272241055, 0.16170066890419213], [0.4214319200366776, -0.12172497734337648, -0.668217851657195, 0.15017341408456686, -0.23587715620851896, -0.7735945006793301, -0.4260524156208762, 0.14677836238676517, -0.5389799030420875, -0.4328381669512123, 0.1954896650425506, 0.5695728009841046, 0.6421353583058741, 0.5695728009841046, 0.377064505632554, -0.045215037829934884]], "inverted": true, "swapped": false, "error_lsq": 0.04273302889376398, "error_max": 0.3545705011691495, "target": "66.xyz", "model": "5.xyz", "model_rescale": 4.2253639853439635, "target_rescale": 4.394489113587826},
{"mapping": [8, 7, 6, 5, 9, 10, 4, 2, 12, 14, 3, 0, 1, 15], "R": [[0.8674033557176091, -0.3725929971541925, 0.32982704097979443], [0.23295069601342547, -0.28165693058285174, -0.9308078999887719], [0.43971057721720963, 0.884219334739013, -0.1575143687318899]], "T": [0.11496430778037295, 0.06247895807331644, 0.13741803039386422], "aligned_model": [[0.650783312511854, -0.18900959952580068, -0.32752740634646305, 0.2132829689606943, -0.31551797929146785, -0.5358287754697599, 0.018620713821683427, 0.6471917054501184, -0.3789818414142432, 0.1609763089129544, -0.5423238648478238, -0.020315174619610715, 0.8594169198332685, 0.13329486478237987], [-0.32346427631493935, 0.1445772653569138, -0.531179428417887, -0.6135380748643908, -0.3913781108231535, 0.04930534246362733, -0.19039216569170503, -0.42094820646690095, 0.6403650675531976, 0.49276447465733403, 0.019809266175180806, 0.4774703009524986, 0.0921599734790125, -0.00045228142379771796], [-0.2840691937025166, -0.6062324859051937, 0.16387029605704068, -0.17036551816767578, -0.553041820078859, 0.5007032184496862, 0.537825184617139, 0.3081689258332536, 0.024465300212487703, -0.3246069830077334, -0.18922491546755657, 0.592175952948736, 0.4332391899130785, 0.038651057229561886]], "inverted": true, "swapped": true, "error_lsq": 0.04724592493947055, "error_max": 0.2637805730156463, "target": "66.xyz", "model": "6.xyz", "model_rescale": 3.89814844738969, "target_rescale": 4.394489113587826},
{"mapping": [12, 3, 6, 11, 4, 7, 14, 0, 13, 8, 5, 1, 15], "R": [[-0.14208918101378773, 0.9723872656541912, 0.18513149443678284], [-0.35130471291647525, -0.22439233333410727, 0.9089736406648697], [0.925416481008148, 0.06411775366028016, 0.37348795207349816]], "T": [0.03166221888657708, 0.07951056034205858, 0.023088176228061735], "aligned_model": [[-0.12240944321348468, 0.08021183095099776, 0.5243572853225142, -0.28907999800359196, 0.5013393580384163, -0.4498991540463724, -0.549017163960211, 0.23951035624927, -0.43615429457985233, -0.33457714000528416, 0.07751410664692107, -0.07133871306892708, -0.021825229426173057], [-0.4030324620363732, 0.22672162302731394, 0.5449149783011956, -0.6012545387701816, 0.09196456337800457, 0.35349567538127424, -0.05975060141126404, -0.5155711243316359, -0.3127268965526878, 0.66448736148338, 0.8244884265529737, -0.03432070540227794, 0.18436496585076415], [-0.5549322624944999, -0.6956022277402222, -0.2762096996995234, -0.06251957239230098, 0.1362255495879179, -0.5644381292337023, -0.18702518889356531, 0.02284016357939773, 0.4825611996778785, 0.39373159004101616, 0.08867692501907308, 0.8098753543407483, 0.009091329044077962]], "inverted": true, "swapped": true, "error_lsq": 0.05124848860254313, "error_max": 0.29167104028197843, "target": "66.xyz", "model": "7.xyz", "model_rescale": 3.7474275329858107, "target_rescale": 4.394489113587826},
{"mapping": [11, 13, 1, 0, 2, 10, 12, 3, 4, 6, 7, 9, 14, 8, 15], "R": [[-0.5965236285136644, -0.034554036606117874, -0.8018513448134355], [0.09999016720173512, 0.988089584660498, -0.11696554684356275], [0.7963425940434563, -0.1499499624530386, -0.5859637204404993]], "T": [0.057321208899858464, -0.1228699381347373, -0.01087336171686154], "aligned_model": [[-0.3952121806920468, 0.20342640634769454, 0.6607743658629267, -0.2270812981585849, 0.7933981041344569, -0.37452006120042547, -0.6979848307203625, -0.47621783648833016, 0.20597488174605771, 0.0878110583971478, -0.35096185850749007, -0.10863084594691964, -0.24979076933450628, 0.6373627051228725, 0.09380588177625643], [-0.06382626510144099, 0.11583366146866104, -0.15721802533560475, -0.5312030846660626, -0.18303902757702412, -0.6731135031441646, -0.0907504413621064, -0.03367558701457897, -0.5654663954086009, -0.3759849840333066, 0.48797064034287646, 0.31937415560079757, 0.3872262785948795, 0.386737620373168, -0.03374708075789977], [-0.6153340738131599, -0.7218528515450628, -0.5374332433486972, -0.39778727536199854, 0.015473924984751253, 0.246859922550208, -0.14934573271447327, 0.487046826003156, 0.11387536189265379, 0.6847788947291, 0.32429090148440887, 0.7921933357827178, -0.22584760562075987, 0.12163197798292019, 0.05824429269049726]], "inverted": false, "swapped": true, "error_lsq": 0.053988287968026634, "error_max": 0.5028112300065658, "target": "66.xyz", "model": "8.xyz", "model_rescale": 4.019505241142653, "target_rescale": 4.394489113587826},
{"mapping": [7, 13, 8, 9, 3, 6, 2, 12, 10, 0, 1, 4, 15], "R": [[-0.5565949537850228, 0.5666868742229191, 0.6075097069220426], [0.8203985520245359, 0.2596512079236841, 0.5094383829864186], [0.13095141563608018, 0.7819509171343362, -0.6094296431383015]], "T": [-0.042849516248705366, -0.016958489342028163, 0.05335889921207445], "aligned_model": [[-0.0824549261780341, -0.7493821797922949, -0.04513575433293543, 0.4466349629001916, 0.265562169785559, 0.687224012554943, 0.13509994316374369, -0.31114662614796806, 0.34797713132305685, -0.25773869099050234, -0.38813162689669156, 0.2851652236065768, -0.013972867254468477], [-0.6635067276843696, 0.2735162078250098, 0.325016846351044, -0.544505994352263, -0.6829641652062005, -0.1384251648627543, 0.659020079338647, -0.6671320382319715, -0.3364655604796054, -0.038728320820523784, 0.7061931503807828, 0.20193005575034445, -0.030570139894080826], [-0.4288891135100253, 0.03742096355595833, -0.6514483857751118, -0.5383628413168016, 0.010199541028333405, 0.019191538191782896, -0.18645490172169174, 0.36317253711875147, 0.6018578256067441, 0.6455344121857913, 0.032555468728943694, 0.3327258939506423, -0.0607994439994378]], "inverted": true, "swapped": true, "error_lsq": 0.04954978264685018, "error_max": 0.2861560245630408, "target": "66.xyz", "model": "9.xyz", "model_rescale": 3.877068213659057, "target_rescale": 4.394489113587826},
{"mapping": [10, 13, 2, 0, 9, 7, 8, 5, 4, 1, 11, 6, 12, 13, 3, 15], "R": [[-0.1429031761343825, -0.06402829407179386, 0.9876634344800671], [-0.34157247745760555, 0.9397850418213384, 0.011502947984713963], [-0.9289278362145142, -0.33571483840771976, -0.15616857039333945]], "T": [0.022719520316636356, 0.036075612162615546, 0.014539315664061667], "aligned_model": [[-0.15125089799092784, -0.7306956496102264, -0.37080889506571213, 0.8017677323145143, -0.15086396410166628, 0.2221736992470021, 0.42937992902843103, 0.5552037094398462, -0.07171108302442872, 0.6999494518184115, 0.4481204180468162, -0.2271577785756941, 0.4256668237012705, -0.7306956496102264, -0.050694500655477946, 0.10987915444495489], [-0.4851285465405717, 0.2072356435614524, -0.0994122511939364, -0.045527865159631815, -0.5617913890382967, 0.1236572733822486, -0.45349234103476677, 0.6004766592890655, 0.5424111201929525, 0.3787203623102097, -0.48133231601884385, 0.16620500981534064, 0.15642470539907447, 0.2072356435614524, 0.6400335871041515, 0.027496730872905117], [0.46319430333752115, 0.04115362270551898, -0.5023105494991588, 0.15663362063655972, -0.20470740999423026, -0.7721207459521562, -0.4216641540568699, 0.10891880802810368, -0.4245482544233573, -0.40600890425587605, 0.3243431057135557, 0.5631122374252981, 0.6320705150100896, 0.04115362270551898, 0.1951119845745313, 0.035387016169617064]], "inverted": true, "swapped": false, "error_lsq": 0.04110372578381071, "error_max": 0.28524664361915425, "target": "66.xyz", "model": "10.xyz", "model_rescale": 4.260839863003843, "target_rescale": 4.394489113587826},
{"mapping": [12, 14, 8, 7, 5, 6, 10, 0, 1, 2, 4, 15], "R": [[0.44724949033309497, 0.3232342739902329, -0.833958930352565], [-0.36618305933419965, 0.9168610608889263, 0.15898352770736626], [0.8160133947757433, 0.23427633073710194, 0.5284285575202454]], "T": [0.08012431737802406, -0.008609838167381754, -0.04162706811668226], "aligned_model": [[0.47070453840663096, 0.13583968153359968, -0.4873078384010082, -0.3092473744201779, -0.6431939907848571, -0.36893186897363944, 0.29763504802906626, 0.6878850695311927, 0.2795171023169395, -0.2007006516773503, 0.12701726310682776, -0.030318329573093536], [-0.06348159363814537, -0.5366304795981556, -0.4073294145530311, -0.3290306267245117, 0.07175277223359514, 0.5682193139000947, 0.6196972875968889, 0.15356403416227815, -0.29015360574854504, 0.012707143555402521, 0.42425903199255643, -0.05049535764549274], [-0.7012706495166771, -0.38632961156391554, 0.3227204501578137, -0.6724016416850077, 0.13655479585733193, -0.16223216794822376, -0.3786738704760741, -0.08224263687196748, 0.6819587505238519, 0.6416054088516888, 0.16808076524100873, -0.05159151517432501]], "inverted": true, "swapped": true, "error_lsq": 0.04802531048961859, "error_max": 0.2651084384641702, "target": "66.xyz", "model": "11.xyz", "model_rescale": 3.890672605050136, "target_rescale": 4.394489113587826},
{"mapping": [1, 13, 0, 2, 4, 9, 14, 5, 8, 7, 10, 12, 6, 15], "R": [[0.6325809251761376, 0.7297062169103509, 0.25955772018124523], [-0.2411712944698607, 0.5040591169462967, -0.8293134590413033], [-0.7359876220610191, 0.4620100038156137, 0.4948423754563297]], "T": [0.13682435641977678, 0.06902558070439813, 0.04891495275016455], "aligned_model": [[0.6587967634384876, 0.218316822962955, 0.3647140938414939, 0.6253190658245071, 0.5310634346200432, -0.4924673223411521, -0.3832160278420207, 0.10348857306635631, 0.07475498737629738, -0.6542179166767701, 0.2255024642021901, -0.3151053901275843, 0.17775457598896166, 0.07517171045992797], [-0.27400377585518976, -0.02767960617084833, 0.6117124575283818, -0.48492891453194853, 0.17683922614244488, -0.22744680979010634, 0.06777970056269522, -0.5295294819771266, -0.7099219402822307, -0.029769493893876925, 0.6686907240073343, 0.6786912601544547, 0.03754175387322628, -0.025822579939444645], [-0.45355542402501703, -0.7046267228520496, -0.17665176121798362, 0.07403527579922747, 0.30679777412725096, 0.6686989056736321, -0.312036968644445, 0.4983778135182771, -0.006707156642641654, 0.17794213664192823, 0.48275734155374805, -0.07257881900686403, 0.7880106198021659, 0.08432742062963197]], "inverted": true, "swapped": true, "error_lsq": 0.048650994012542206, "error_max": 0.26700406818068484, "target": "66.xyz", "model": "12.xyz", "model_rescale": 4.124412569039231, "target_rescale": 4.394489113587826},
{"mapping": [5, 7, 14, 6, 8, 2, 3, 4, 12, 10, 13, 11, 15], "R": [[-0.858584245624068, 0.4505878852416002, 0.2445478497956035], [0.4549145934283271, 0.44963970644886836, 0.7686851417001084], [0.23640178902049447, 0.7712293381725557, -0.591032572782441]], "T": [0.16730603808887462, 0.03017852317713035, -0.08817904251727841], "aligned_model": [[-0.13120492098393538, -0.05317315119982227, 0.4360541782885206, -0.5295767100729507, 0.39163530585949635, 0.34502895150206536, -0.40895651733489896, -0.0460181485776513, 0.07483264133574938, -0.3750325565412363, 0.9262012409176992, 0.5915910702227611, 0.14591692409395984], [-0.3680674818678704, 0.5910783549811609, 0.5449982027059606, -0.20680082632842628, -0.3106009885297275, -0.6628599645561684, 0.47031158146341745, -0.3004820729929777, 0.7468143743005677, 0.1601314085927483, 0.10426589731994051, 0.5565903959574733, 0.022106495462378722], [0.471899190859501, 0.4493492493395121, 0.16374352048177082, -0.003774406961491214, 0.5805895049640665, 0.0968504554210959, 0.033264017328253556, -0.36872876005008404, -0.35004771354712055, -0.5828126499096509, -0.13724129131694673, -0.4295265607326669, 0.028133525091599526]], "inverted": false, "swapped": true, "error_lsq": 0.04717992150834774, "error_max": 0.29472253710728535, "target": "66.xyz", "model": "13.xyz", "model_rescale": 3.9028299243045295, "target_rescale": 4.394489113587826},
{"mapping": [3, 2, 1, 10, 6, 11, 9, 13, 12, 14, 7, 0, 4, 8, 5, 15], "R": [[0.044766752260435916, -0.11591161548836193, -0.9922501878492798], [-0.9981979152816824, -0.04492069977833324, -0.03978759428173684], [-0.03996072846378057, 0.9922432303252582, -0.11771368677575691]], "T": [0.004275441057185483, 0.06446573404749364, 0.009828213329548717], "aligned_model": [[-0.16898509678278334, -0.7300521147585949, -0.29450912814098135, 0.7159316960764163, -0.10561518584174844, 0.1606103612055173, 0.47146897010922345, 0.4393510837691042, -0.09007001741479993, 0.7234936610544952, 0.635447532962604, -0.46033782955704017, 0.21382339559317165, -0.4778106727390532, 0.0958200622687078, 0.079695781602648], [-0.4089146144080795, 0.01661136698931126, -0.1375951920723234, 0.11383845663398119, -0.5554097277699377, 0.07267072155669738, -0.42631619427208534, 0.7214438996123232, 0.6195462474238022, 0.23283075174879606, -0.5489406075416902, 0.06754062367435314, 0.03889361628962298, 0.6267248609752186, 0.5065798535381305, -0.01629203587531569], [0.37668142234050433, -0.015127144389125859, -0.5306326262208055, 0.22537475356013453, -0.20945864037039957, -0.7122166324107382, -0.36661402886768457, -0.09852411421866863, -0.39910313432735417, -0.47743868029374487, 0.22426329985943935, 0.6963713387540656, 0.653877120964575, 0.22883691778883755, 0.25119209076237925, -0.017763124806747375]], "inverted": true, "swapped": false, "error_lsq": 0.04664868109101647, "error_max": 0.32942227383016437, "target": "66.xyz", "model": "14.xyz", "model_rescale": 3.942246331269136, "target_rescale": 4.394489113587826},
{"mapping": [8, 1, 5, 1, 0, 2, 3, 9, 7, 6, 10, 12, 13, 11, 15], "R": [[0.00021975645069703328, -0.9833185458040152, 0.1818916963057392], [0.9725954718991201, -0.042080337125176316, -0.22866414950481334], [0.23250376286940067, 0.17695729062490867, 0.9563619176578818]], "T": [-0.005670880571160927, -0.02455323694531646, -0.022933094056052365], "aligned_model": [[-0.5711682699937052, -0.06076783161356714, -0.25119719003524515, -0.06076783161356714, 0.4157212385691111, -0.027293305591873915, -0.014034635718713759, -0.39321090747094567, -0.5526651449163583, 0.27077264035889076, 0.5995894516501706, 0.04135279507190778, -0.28821418425311085, -0.03841568470771352, -0.09540710320306986], [-0.09066434832190419, -0.747676324822748, 0.3346964675536088, -0.747676324822748, -0.29971902112398113, -0.2964300657837717, 0.649248222554748, 0.8121669969834127, 0.4938263702898739, 0.5789264043626368, 0.3366125742308213, 0.15004036619887703, -0.7130621897281394, -0.3937416338522411, 0.03159719616320636], [-0.5610294512141503, -0.36448563533136413, -0.6328943894688903, -0.36448563533136413, 0.3565871218657197, -0.7097657921827693, 0.27111741068767026, -0.15615479375051006, 0.26730166669774835, -0.35205346951703775, 0.21976115039981833, 0.72406042717392, 0.15010642635373675, 0.6375766196349121, -0.0762791756569231]], "inverted": false, "swapped": true, "error_lsq": 0.048706129269769444, "error_max": 0.3612549974185927, "target": "66.xyz", "model": "15.xyz", "model_rescale": 4.355366556412066, "target_rescale": 4.394489113587826},
{"mapping": [7, 3, 9, 13, 8, 14, 2, 11, 6, 12, 4, 15], "R": [[-0.6214638954729698, 0.7812649010232606, -0.05837620279426219], [0.7731406529419291, 0.5995428263241501, -0.20688627352189864], [-0.12663395039281364, -0.17370536500743178, -0.9766218760480155]], "T": [-0.004177002265643097, 0.18624569882133915, -0.0825298356192577], "aligned_model": [[-0.08881496288816582, 0.42798510771800524, 0.20774538537000126, -0.6431360944805294, -0.5193429706347603, -0.3740206260212594, -0.23329330098832596, -0.21904522112794358, 0.567287435345385, 0.1877599073007662, 0.32703984672042635, -0.042355951681819444], [-0.5835020656401861, -0.3664165372222504, -0.6926681683924233, 0.5267916709028888, -0.06980158421713809, -0.12567681966497277, 0.4435664078910674, 0.39335759427363626, -0.07857538798255334, 0.01485817353862151, 0.4596303931028436, 0.09121275115144659], [0.1465578190062466, 0.13734381471293639, -0.3075528549369929, 0.16155558286415156, -0.6142717654695369, 0.32569789429067453, -0.736300031393375, 0.6135891827776436, -0.47269276031979424, 0.6416800869950157, -0.30413306295268505, -0.1422154443648631]], "inverted": true, "swapped": true, "error_lsq": 0.053106462529438125, "error_max": 0.27703897877265615, "target": "66.xyz", "model": "16.xyz", "model_rescale": 3.795458400668931, "target_rescale": 4.394489113587826},
{"mapping": [12, 3, 6, 11, 4, 7, 14, 0, 13, 8, 5, 1, 15], "R": [[-0.14208918101378773, 0.9723872656541912, 0.18513149443678284], [-0.35130471291647525, -0.22439233333410727, 0.9089736406648697], [0.925416481008148, 0.06411775366028016, 0.37348795207349816]], "T": [0.03166221888657708, 0.07951056034205858, 0.023088176228061735], "aligned_model": [[-0.12240944321348468, 0.08021183095099776, 0.5243572853225142, -0.28907999800359196, 0.5013393580384163, -0.4498991540463724, -0.549017163960211, 0.23951035624927, -0.43615429457985233, -0.33457714000528416, 0.07751410664692107, -0.07133871306892708, -0.021825229426173057], [-0.4030324620363732, 0.22672162302731394, 0.5449149783011956, -0.6012545387701816, 0.09196456337800457, 0.35349567538127424, -0.05975060141126404, -0.5155711243316359, -0.3127268965526878, 0.66448736148338, 0.8244884265529737, -0.03432070540227794, 0.18436496585076415], [-0.5549322624944999, -0.6956022277402222, -0.2762096996995234, -0.06251957239230098, 0.1362255495879179, -0.5644381292337023, -0.18702518889356531, 0.02284016357939773, 0.4825611996778785, 0.39373159004101616, 0.08867692501907308, 0.8098753543407483, 0.009091329044077962]], "inverted": true, "swapped": true, "error_lsq": 0.05124848860254313, "error_max": 0.29167104028197843, "target": "66.xyz", "model": "17.xyz", "model_rescale": 3.7474275329858107, "target_rescale": 4.394489113587826},
{"mapping": [8, 13, 2, 14, 9, 3, 5, 0, 7, 6, 12, 11, 10, 15], "R": [[0.38589400843699384, 0.1989795192235704, 0.900829043260699], [0.6323339910174507, 0.6539557075738994, -0.4153259639553776], [-0.671743655017576, 0.7298966251881686, 0.12653607581456877]], "T": [0.11387861894255381, 0.10509595847444475, -0.0017483699412458656], "aligned_model": [[0.6373868123967883, 0.045041942055138104, 0.8344805429009241, -0.30081705046692675, 0.09832464713777146, -0.28490715270944655, 0.6499628675986525, -0.2028419028557037, -0.27321316982795135, 0.35017413275132664, -0.6496046982810703, -0.4792968174454362, -0.16445993075645, 0.15461742538525983], [-0.3284211544509767, 0.39524646791222334, 0.1827541326432816, -0.16256062031221175, -0.7622712516865998, -0.3212153570623567, -0.3984904978716093, 0.646664922240461, -0.6026399956503824, -0.15239471401679733, 0.12016815736794867, 0.42233738277292043, 0.3260991277405278, -0.004868358115195065], [-0.39124516102567425, -0.705234095403643, -0.14605973370486178, -0.3981286174866947, 0.3380578105252895, 0.4452109449161844, 0.14111751139847695, 0.059196602835351116, -0.039512441214628616, 0.6515447518768366, 0.08519716606340391, -0.3498089348775198, 0.6535123111170659, -0.019053396357931504]], "inverted": true, "swapped": true, "error_lsq": 0.05063865743359037, "error_max": 0.3451360959028405, "target": "66.xyz", "model": "18.xyz", "model_rescale": 3.922800546911778, "target_rescale": 4.394489113587826},
{"mapping": [2, 8, 5, 4, 7, 1, 14, 10, 13, 6, 9, 3, 0, 12, 15], "R": [[-0.9544819468948941, 0.14926248221083696, 0.25823424338377887], [0.21586462552918334, 0.9431507189916198, 0.25272353414499504], [-0.20583167029609076, 0.2969636891437244, -0.9324408243064389]], "T": [-0.02449963240279629, 0.10105058701003725, 0.04652576321112567], "aligned_model": [[-0.26147090437026055, -0.11905830819751903, 0.3393023382331706, 0.0485653484790223, 0.4209500709839129, -0.7309691051331608, -0.12669775249194537, 0.3824190583381706, -0.7458016859141975, 0.6197341757088342, 0.7750081820248781, 0.6290587117849977, -0.27530458609821057, 0.11525037572251803, 0.0250649178174078], [0.4276774930996059, -0.14307533493376356, 0.12407689665877863, 0.5787662936569374, -0.5725288347603616, 0.2905172882869046, -0.5073219668446078, 0.48256337627472057, -0.1499329912096771, 0.4278282968433137, -0.27351583888477027, -0.11701011883296089, 0.32929783141376845, -0.2198466631725913, 0.040115777439281894], [-0.572572916338052, -0.6918283910705534, -0.6080842091759999, 0.04552842884623212, 0.051182274117131235, -0.28150482361657836, 0.1885406321705658, 0.5410421734224947, 0.06994718941714917, -0.11811945573879076, -0.2510028754880533, 0.3031482054767733, 0.5778667006264935, 0.7307686755921107, -0.04225244107759395]], "inverted": true, "swapped": true, "error_lsq": 0.05346304224730395, "error_max": 0.48204033367504695, "target": "66.xyz", "model": "19.xyz", "model_rescale": 3.9282355846067225, "target_rescale": 4.394489113587826},
{"mapping": [7, 9, 5, 3, 12, 6, 10, 4, 11, 13, 8, 14, 1, 15], "R": [[-0.5119515396670837, -0.5607353263820132, -0.6507545733836678], [-0.40072662847076423, -0.5141834937723482, 0.7583096359446553], [-0.7598182613408001, 0.6489924718202198, 0.038535454502636346]], "T": [0.08338767242446249, -0.00013749860386538804, 0.06549690282571191], "aligned_model": [[-0.5661263658426645, -0.24476171087199555, 0.37289714528419543, -0.3867528271240573, -0.5810226941916106, 0.28327812020553533, 0.023826749426847094, 0.4506251983269139, -0.3658423833833011, 0.03973920517258139, 0.31243446455068463, -0.4589200485363443, 0.5820420193111707, 0.0711059467567211], [-0.4757715007233825, -0.7746694716886511, -0.6826822527100604, -0.21128793886656486, 0.3397442368630563, -0.32712199724953517, 0.3250547789466407, 0.14388326246765734, 0.5360857366008778, 0.28451696941760307, -0.6193484186355398, -0.0695597812070202, 0.17118579209734092, -0.1171473278875859], [0.0017774482190554136, -0.33507050535455407, -0.04273074840039073, -0.4588383533089098, -0.11816785622865514, -0.5685802737169248, -0.6026226884814034, -0.21369192652401092, 0.35584561640005874, 0.7732289264640635, 0.48718525885204306, 0.38457796698247027, 0.6693122596041603, 0.07995803273668017]], "inverted": false, "swapped": true, "error_lsq": 0.04387832115610566, "error_max": 0.2539334365998514, "target": "66.xyz", "model": "20.xyz", "model_rescale": 4.067790424073018, "target_rescale": 4.394489113587826},
{"mapping": [3, 8, 12, 10, 11, 13, 0, 9, 14, 5, 2, 4, 6, 1, 15], "R": [[-0.581597817532679, 0.29634594941482784, 0.7575770963450841], [0.23868045273173677, -0.828129701226203, 0.5071812688090647], [0.7776732090827083, 0.4757943633676463, 0.4109064414956018]], "T": [0.021963674246226028, 0.012110823054901455, 0.04701779488022343], "aligned_model": [[0.33824322771161336, 0.23066976940266448, -0.3189962134681281, 0.23063271311736447, -0.6843359131863362, -0.6498365232918538, -0.3635543403004256, 0.6765573701159959, -0.3402408973844905, 0.6455775079330451, 0.25512651777307693, 0.24555478794622487, 0.7291009823480442, -0.3106465152796505, 0.08459148047037078], [-0.19791514620874326, 0.746795239514266, -0.3512027080284117, -0.6867924128571687, -0.16269012777540892, 0.3040667474588991, -0.47790864122164173, 0.28959564272886223, 0.2914236630246501, 0.4207827073270408, 0.34338281502608825, -0.290505878457135, -0.19997859998904174, 0.30583552115427864, 0.1060063182313133], [-0.5825855682455026, 0.22133428903464927, -0.5381685909755989, -0.10684190830235954, -0.16329363341167336, 0.2644211180711624, 0.13964557818326057, -0.555099562254395, -0.39061450369563416, 0.12110813273350399, 0.6650935590653045, 0.35030302090452586, -0.015462789338885362, 0.7146232743643082, 0.010787157488474856]], "inverted": true, "swapped": true, "error_lsq": 0.05002336841017035, "error_max": 0.4293354391083124, "target": "66.xyz", "model": "21.xyz", "model_rescale": 4.186013935880536, "target_rescale": 4.394489113587826},
{"mapping": [2, 13, 8, 6, 10, 5, 4, 0, 7, 14, 12, 3, 15], "R": [[0.531408629399413, 0.1958475961340028, -0.8241653885527893], [0.2043052685790325, 0.9145579002972509, 0.3490604592828198], [0.822109619108478, -0.35387507130683316, 0.4459912645746518]], "T": [-0.07977478597548837, -0.07962672586225988, -0.059298579866167905], "aligned_model": [[0.17081050500443062, -0.5719857193318365, 0.4067474498250643, 0.45358315458870346, -0.18813938332926036, 0.6389748389933456, -0.07212412554216274, -0.6549490013378692, 0.28599870862416454, -0.1967898229906552, -0.444769819099208, 0.20752105458814363, 0.02369619543036501], [-0.45648063484276863, 0.19514393757032727, 0.09540449120141839, -0.4409141429029963, -0.4246197528226302, -0.17685039709294104, -0.5573061149556879, -0.2477931045248355, 0.5768581194669486, 0.5424921821748043, 0.30085315106248217, 0.14125834826154537, -0.029089423049573307], [-0.6435175779907384, -0.575096458635118, -0.6478271290486308, 0.3066653921394339, 0.5925589464417488, -0.24729548165690177, 0.01360993208206969, 0.13619518530111843, 0.23632577176121852, -0.06161987563709717, 0.49990367526140045, 0.5804005232977963, -0.08742334198095468]], "inverted": false, "swapped": true, "error_lsq": 0.04751229785647448, "error_max": 0.27609515789189504, "target": "66.xyz", "model": "22.xyz", "model_rescale": 4.166573947596378, "target_rescale": 4.394489113587826},
{"mapping": [11, 14, 10, 4, 9, 7, 8, 1, 13, 0, 3, 11, 2, 12, 6, 15], "R": [[-0.602697444004494, -0.4484084505868992, -0.6600648850171524], [-0.19149553092556443, 0.8842839672209478, -0.4258771265887831], [0.7746516976202831, -0.1302755800533566, -0.6188239011348668]], "T": [0.06653809503048835, 0.05310588862266396, -0.02352006552234471], "aligned_model": [[-0.2444355803778801, -0.6937768526709269, -0.255029070926667, 0.7762154650275037, -0.17563023140638154, 0.23956957469428874, 0.5045797033674324, 0.534523819562029, -0.3726762252780007, 0.7540465311509579, 0.3106218807464204, -0.2444355803778801, 0.406043149088564, -0.4563936604373684, 0.024207118341626588, 0.10083245890316851], [-0.2708207681988237, 0.03745192731352242, 0.010687655039287113, -0.11298482795783407, -0.49605842308655634, 0.21454763954945133, -0.5241611271706903, 0.5856661695799894, 0.4920884123368726, 0.27468426748628083, -0.33651580207469245, -0.2708207681988237, 0.2595328059851146, 0.22589356999899773, 0.7213514229761285, 0.112669872924581], [0.624908975799733, -0.24181779115724977, -0.6986026414654868, 0.06935306161618743, -0.03842733548696809, -0.6983432392154723, -0.38263214003920754, 0.05042565543894683, -0.5990183397206265, -0.40429681786073607, 0.3638359667074077, 0.624908975799733, 0.5195577237918113, 0.3315407060606524, 0.3380924704828161, -0.029766412626875006]], "inverted": false, "swapped": false, "error_lsq": 0.050146231713184046, "error_max": 0.44540638667763516, "target": "66.xyz", "model": "23.xyz", "model_rescale": 4.274766983524099, "target_rescale": 4.394489113587826},
{"mapping": [13, 0, 12, 14, 3, 9, 8, 5, 2, 4, 15], "R": [[0.8637859865158987, 0.4252139139747797, 0.27030889156852494], [-0.2605541744574712, 0.8361375171144242, -0.48268579287825725], [-0.43126012065984215, 0.346507113687403, 0.8330351304071659]], "T": [0.02587053673566775, 0.1768026859717396, -0.006258136892320826], "aligned_model": [[0.35272326981026325, 0.18761570499654912, -0.4888880205549617, -0.3455815888421741, -0.6467767678371349, -0.6820725661302169, 0.1552687552233157, -0.011768215136344629, 0.5918099641909718, 0.2889641846586744, -0.021400016420867085], [-0.13827546473341273, 0.653278339855835, 0.5302693375852794, -0.11316743232561455, 0.3993260297938849, -0.07660746580871064, -0.5509851364999845, -0.2108821529513764, -0.14837143293092198, 0.4858199344083762, 0.0851819748501288], [-0.6208401265170971, -0.38590609612492377, -0.45434119502171766, -0.4289524613600946, 0.1901420251997146, 0.5438653962017889, 0.2531385720152227, 0.6338044309477308, 0.3402935207093959, 0.256119177438507, 0.05224319053305082]], "inverted": true, "swapped": true, "error_lsq": 0.050708968729523955, "error_max": 0.2692325276017854, "target": "66.xyz", "model": "24.xyz", "model_rescale": 3.7841303162186577, "target_rescale": 4.394489113587826},
{"mapping": [7, 10, 13, 4, 11, 12, 3, 2, 14, 5, 6, 0, 1, 10, 8, 15], "R": [[-0.12108753013411305, -0.9575098437938797, 0.2617493248966286], [-0.9637543344467986, 0.05025130416369078, -0.26201600955830345], [0.2377296634436456, -0.2839889178606602, -0.9288890685390279]], "T": [0.04593820811878654, 0.10437025674032344, 0.039519390204917564], "aligned_model": [[-0.33106409859775204, -0.7275159871483572, -0.06350971470216416, 0.7730584962193977, -0.25980195712379966, 0.23193230756087016, 0.5297576446396456, 0.538290716654298, -0.3907741222846213, 0.7649968426907078, 0.3568862886436629, -0.15602415683277174, 0.3959458772753141, -0.7275159871483572, 0.1950163320903985, 0.07858401747041496], [-0.280515971052287, 0.18433886363044855, -0.20496123104207706, -0.006007944668121393, -0.5624056960437703, 0.3556649777082507, -0.3888549665174147, 0.6660597137763243, 0.3788178976060831, 0.23031556250775412, -0.5287149933334242, 0.11225186889142749, 0.2070526703010278, 0.18433886363044855, 0.5326180923048389, 0.0432143188032962], [0.4035762710439469, 0.0645939791927079, -0.6706462102908729, 0.1652853718719663, -0.18710882804909007, -0.6514430288994183, -0.374786679772514, -0.06482134546727075, -0.5631909840275207, -0.44672253049546407, 0.1961744558746384, 0.7469648175593296, 0.6875836981869011, 0.0645939791927079, 0.41877825684652364, 0.04088759535809541]], "inverted": false, "swapped": false, "error_lsq": 0.05015525884628696, "error_max": 0.3856332807558664, "target": "66.xyz", "model": "25.xyz", "model_rescale": 4.19342608120988, "target_rescale": 4.394489113587826},
{"mapping": [7, 3, 9, 13, 8, 14, 2, 11, 6, 12, 4, 15], "R": [[-0.6214638954729698, 0.7812649010232606, -0.05837620279426219], [0.7731406529419291, 0.5995428263241501, -0.20688627352189864], [-0.12663395039281364, -0.17370536500743178, -0.9766218760480155]], "T": [-0.004177002265643097, 0.18624569882133915, -0.0825298356192577], "aligned_model": [[-0.08881496288816582, 0.42798510771800524, 0.20774538537000126, -0.6431360944805294, -0.5193429706347603, -0.3740206260212594, -0.23329330098832596, -0.21904522112794358, 0.567287435345385, 0.1877599073007662, 0.32703984672042635, -0.042355951681819444], [-0.5835020656401861, -0.3664165372222504, -0.6926681683924233, 0.5267916709028888, -0.06980158421713809, -0.12567681966497277, 0.4435664078910674, 0.39335759427363626, -0.07857538798255334, 0.01485817353862151, 0.4596303931028436, 0.09121275115144659], [0.1465578190062466, 0.13734381471293639, -0.3075528549369929, 0.16155558286415156, -0.6142717654695369, 0.32569789429067453, -0.736300031393375, 0.6135891827776436, -0.47269276031979424, 0.6416800869950157, -0.30413306295268505, -0.1422154443648631]], "inverted": true, "swapped": true, "error_lsq": 0.053106462529438125, "error_max": 0.27703897877265615, "target": "66.xyz", "model": "26.xyz", "model_rescale": 3.795458400668931, "target_rescale": 4.394489113587826},
