[{"mapping": [0, 3, 12, 4, 6, 9, 8, 2, 5, 11, 13], "R": [[0.6215246079390364, 0.4109849920733908, 0.6669321539831938], [-0.501637241394121, 0.8626971627166928, -0.0641380034539973], [-0.6017202338069778, -0.29469465847043014, 0.7423528935056918]], "T": [0.010567559204190245, -0.0032838511269586007, -0.18522449553855372], "aligned_model": [[0.01214553566667883, -0.48246153897989774, 0.3773212745523756, 0.06106844199296437, -0.44502263626061184, 0.5956500995924804, 0.19620058730805534, -0.24574757138262074, -0.3638150193869057, 0.37449490358033766, 0.14196044966863397], [-0.7004155211546228, -0.02253007693921215, -0.3898634711865673, 0.5572661379219337, 0.5362486689696407, -0.23277007911957504, 0.7498629054989381, -0.15873551993514545, 0.34883199581209834, 0.44304296663492093, 0.0818456187930572], [0.14555848349052328, -0.012736243957464366, -0.4114273195847553, 0.5871987027316187, 0.10784293312285462, 0.19128269411223156, -0.09094049114978012, 0.5228684206149125, -0.7404302012220149, -0.5794466418027634, -0.14018291539381356]], "inverted": false, "swapped": false, "error_lsq": 0.052214272964684165, "error_max": 0.2450308640572329, "target": "660.xyz", "model": "0.xyz", "model_rescale": 3.8414455957264533, "target_rescale": 3.8362179806529983},
{"mapping": [6, 9, 10, 0, 13, 3, 11, 7, 8, 12, 14], "R": [[0.29584713420857384, 0.18996624738819023, 0.9361555949914648], [0.5577032777334092, -0.8300035398579114, -0.00782162571009637], [0.7755266128160828, 0.5244110493463938, -0.3514989674770442]], "T": [0.06311635129040298, -0.004305918019301677, 0.07891325679170294], "aligned_model": [[-0.11121359468238463, -0.615313004946854, 0.41539395044346694, 0.04843706852539022, -0.38877902847320117, 0.7961750717801437, 0.3457658951509805, -0.3458916780202962, -0.3068292032198161, 0.23632942237678634, 0.14771962741727462], [-0.6961448235413307, -0.07670673837045892, -0.20836845478651572, 0.48038268715815025, 0.5880978171293486, -0.15908783770274848, 0.7720160800929481, 3.946533225038327e-05, 0.09888385432744498, 0.39257532891485397, 0.021096246741524452], [-0.2388841197343611, 0.08010060738107783, -0.47121425082218915, 0.617781370689536, -0.06142697610523162, 0.30704556860462284, -0.1301293052199262, 0.5745427068226995, -0.6115898605667377, -0.5493956256092116, 0.06275730552126947]], "inverted": true, "swapped": false, "error_lsq": 0.040693325045903866, "error_max": 0.2168087283656913, "target": "660.xyz", "model": "1.xyz", "model_rescale": 4.316132596720782, "target_rescale": 3.8362179806529983},
{"mapping": [6, 4, 8, 5, 0, 10, 9, 3, 2, 1, 11], "R": [[-0.75098854147978, -0.5456914758885404, -0.37180239873978704], [-0.036135580184437965, 0.5961877943715106, -0.8020313794903338], [0.6593257392297126, -0.5888810805120337, -0.46744908022604237]], "T": [0.10368017414872385, 0.15670431758482595, 0.03213753075307272], "aligned_model": [[-0.06750530972459487, -0.6283568327330795, 0.35325157870065904, -0.1650219081547201, -0.37094636714464435, 0.6253933068250832, 0.5192238936844743, -0.06983882259157337, -0.301778230947121, 0.3096030376010097, 0.017770180835996713], [-0.6474024159606317, -0.08442536718136665, -0.24567931997492892, 0.551604613735898, 0.6484164122442437, -0.19657365796049592, 0.7527467937400443, -0.12381823607181436, 0.07249526385411703, 0.4211617900219966, 0.0642577488484048], [0.04641528188628805, 0.04968822352658862, -0.5702225260792555, 0.46528049673842403, -0.15985965894507798, 0.016457040425669194, 0.18048944009421347, 0.5997776134633315, -0.6953497328824595, -0.3947761408300258, 0.04168738356385219]], "inverted": true, "swapped": false, "error_lsq": 0.05091780964528186, "error_max": 0.25855707420935004, "target": "660.xyz", "model": "2.xyz", "model_rescale": 3.795458400668931, "target_rescale": 3.8362179806529983},
{"mapping": [10, 4, 2, 9, 7, 6, 8, 5, 0, 1, 11], "R": [[-0.4497751608479146, -0.5251076404914372, 0.7224709479153801], [0.7543375399237993, -0.6564438788931091, -0.007503980642271424], [0.4782020290065101, 0.5416118534165258, 0.6913605569402788]], "T": [0.04291776013883463, 0.08611796698933508, -0.0517452299296333], "aligned_model": [[-0.165210527060869, -0.564146022554526, 0.49270193969278636, -0.11927465568918943, -0.3635473694620614, 0.6207570297202956, 0.5332242076967765, -0.05602957129313114, -0.41198764904055984, 0.32768166381025593, -0.07237451946828732], [-0.6179323788068768, -0.10289676459806807, -0.4180749972765557, 0.5289832644567372, 0.7318214702250874, 0.0918670144353468, 0.6636393135140636, -0.21635624548809199, 0.08147569969365386, 0.34653254560221813, 0.12372470353795234], [-0.05428728652121944, 0.030118854433208463, -0.41397300084557365, 0.6777193623257083, -0.0857361249395554, 0.063861965365171, 0.13964865404451743, 0.5747876039568893, -0.6883357279968161, -0.5491008455321307, -0.11511603332865084]], "inverted": false, "swapped": false, "error_lsq": 0.050752817755413245, "error_max": 0.26587331328602265, "target": "660.xyz", "model": "3.xyz", "model_rescale": 3.7530521520055578, "target_rescale": 3.8362179806529983},
{"mapping": [0, 6, 2, 5, 9, 1, 3, 7, 4, 2, 10], "R": [[-0.1042539888562925, -0.19129103761459365, 0.9759809653553109], [-0.6937608120544833, -0.6891582202670129, -0.20918145973271074], [0.7126198435807527, -0.6989053486465359, -0.06086273217830557]], "T": [-0.06538726584093534, 0.19069884404018167, 0.04569367387793941], "aligned_model": [[-0.14791698940674222, -0.7089126937083381, 0.39077927231697035, 0.12953126796709052, -0.3439594864525182, 0.66482758933142, 0.403531583485401, -0.18670192019230591, -0.308354980385584, 0.39077927231697035, -0.0618083889208737], [-0.6149326495672582, -0.1375316841483193, 0.0990868321920977, 0.4902362600432524, 0.6590303059364624, -0.0707839967652849, 0.7566651763049616, -0.12329703518855051, -0.04175950841285553, 0.0990868321920977, 0.09698309270886313], [-0.11040606028559305, -0.11075212086609593, -0.44915510279750975, 0.6700684360059772, 0.025031424609523203, 0.198464286430456, -0.1539735707660392, 0.541516508185104, -0.6074837204609492, -0.44915510279750975, 0.025432443704184897]], "inverted": true, "swapped": false, "error_lsq": 0.058027528047732944, "error_max": 0.3655120507416773, "target": "660.xyz", "model": "4.xyz", "model_rescale": 3.7855080009869324, "target_rescale": 3.8362179806529983},
{"mapping": [8, 9, 13, 0, 2, 6, 1, 5, 14, 12, 16], "R": [[0.720130833474494, -0.021479613675751158, -0.6935057381706882], [0.26012399285106, 0.9349765600789228, 0.24115211059869757], [0.6432317552970721, -0.3540585520776547, 0.6788928123629847]], "T": [0.037394058320325094, -0.001431738752496678, 0.009219842658196552], "aligned_model": [[0.11591089106121531, -0.6655031393162769, 0.4113139196113949, 0.011056642188798746, -0.4079534597736416, 0.6397820154282633, 0.3627723365155398, -0.21155905951274195, -0.3026469814786264, 0.26964195000992075, -0.0010205883823558234], [-0.6867959107702034, -0.013205360347263911, -0.2776412562100094, 0.5719275098825883, 0.5786605827440706, -0.2262094815564749, 0.675803699958292, 0.032435943348340976, 0.17185678823023925, 0.37128828523462953, 0.014662824781257376], [-0.13013916370466022, -0.10352292047184788, -0.5464418157935573, 0.5374616394110086, -0.0953945647958385, 0.12182882781584667, 0.10187552582060638, 0.7786212787431672, -0.5493860794384734, -0.5105935503348341, -0.024721756289868904]], "inverted": true, "swapped": false, "error_lsq": 0.03974970733931533, "error_max": 0.2531393123513547, "target": "660.xyz", "model": "5.xyz", "model_rescale": 4.2253639853439635, "target_rescale": 3.8362179806529983},
{"mapping": [1, 9, 4, 11, 12, 2, 6, 8, 0, 3, 13], "R": [[-0.6401960844202558, -0.7205601074043805, 0.2663495919095061], [0.5417374964720395, -0.17763269803500323, 0.8215638194960952], [-0.5446737173842517, 0.6702535014501552, 0.5040741863898878]], "T": [0.052711155026289966, 0.05744983147220301, 0.029052019373811112], "aligned_model": [[-0.11552006879668443, -0.5425196557643025, 0.4115073793895467, -0.05186565972738742, -0.4683480206108339, 0.7208740919854772, 0.38728778618094273, -0.260236203330122, -0.3800446237199565, 0.4308089965507298, 0.08985050419408036], [-0.6360565332029742, -0.07743946412020025, -0.34227363528265564, 0.62324009747239, 0.8319144261518935, 0.004027579600040861, 0.606729843838447, -0.2535647996929742, 0.03940861085734949, 0.3371030594405324, 0.07969444023361817], [-0.14256662601272882, 0.03913107218358736, -0.43181426461176625, 0.5529784011571693, 0.022292467538425544, 0.05864872047736063, 0.020811022877537534, 0.6216722398334434, -0.645825450725062, -0.5018392755442683, -0.013900886212150014]], "inverted": false, "swapped": false, "error_lsq": 0.040914862578701666, "error_max": 0.22585325082578206, "target": "660.xyz", "model": "6.xyz", "model_rescale": 3.89814844738969, "target_rescale": 3.8362179806529983},
{"mapping": [9, 6, 10, 7, 0, 11, 4, 8, 5, 2, 12], "R": [[-0.6979884178779994, -0.3460416925581289, -0.6269508078945849], [-0.700980402427094, 0.5091683644569296, 0.49937365974729236], [0.1464194110127362, 0.7880372603168968, -0.5979620660467708]], "T": [-0.03050815475229881, 0.22684595691524434, 0.02752215227296411], "aligned_model": [[-0.05997666951622862, -0.652785757745192, 0.41178309988378436, 0.06989656700954278, -0.40025263861057625, 0.5372373731675125, 0.5266471681509235, -0.16169944852813864, -0.3531561894927526, 0.20768861800458793, 0.0964124040280272], [-0.6413079962277007, -0.03791184599346753, -0.08856008806500093, 0.6136646160870115, 0.6822115691545338, -0.18306662741672292, 0.5454561651460554, -0.2140977920171691, -0.16433463522019187, 0.49308460793107556, 0.20764565191704326], [-0.18077138894831102, 0.03457492762378402, -0.46624007381818305, 0.5486410411173805, -0.05579389248806552, 0.4336958318194758, -0.03215422291855604, 0.5235506061237324, -0.5602300013083906, -0.5839736552960173, -0.081711750945301]], "inverted": true, "swapped": false, "error_lsq": 0.051135109009423134, "error_max": 0.3006735189309471, "target": "660.xyz", "model": "7.xyz", "model_rescale": 3.7474275329858107, "target_rescale": 3.8362179806529983},
{"mapping": [12, 1, 10, 8, 3, 11, 5, 4, 0, 6, 14], "R": [[-0.3783120403563207, 0.039556048681935796, 0.9248325897880706], [-0.2766924358083184, -0.9582424696565282, -0.07219879024621556], [0.8833579659956076, -0.2832078536326805, 0.3734595233125982]], "T": [0.037646197034418405, 0.01862973024380779, 0.04318615993161753], "aligned_model": [[0.06589014767695862, -0.6608311943447898, 0.4098585661806034, -0.011399341544414035, -0.2320008330371855, 0.5818413141703666, 0.3444233832835269, -0.21872721972350956, -0.26287492402288815, 0.20979725531355664, -0.004182627600734817], [-0.5951719437197651, -0.18152406780262978, -0.21517750042381797, 0.48096372020991907, 0.6603505462184684, -0.2719516902443906, 0.6657777196281841, 0.025142644378445024, 0.12917077758354767, 0.5163266699851342, -0.0011232505176286475], [-0.01242321959174087, -0.1488284512560074, -0.5749202150803069, 0.542237392496023, -0.1289167467927931, 0.11995899459544496, 0.032760141769045605, 0.7824128497736891, -0.5327313430828806, -0.5809931954649187, 0.08103121359599373]], "inverted": false, "swapped": false, "error_lsq": 0.047751104438336724, "error_max": 0.24857858996402182, "target": "660.xyz", "model": "8.xyz", "model_rescale": 4.019505241142653, "target_rescale": 3.8362179806529983},
{"mapping": [10, 9, 6, 0, 8, 2, 4, 1, 11, 5, 12], "R": [[0.3595514251383971, 0.01105772336612229, -0.9330597512672518], [0.41090255574760626, -0.8996389392758273, 0.14767826048118804], [-0.8377838995594467, -0.4364945654789102, -0.3280101095185093]], "T": [0.05573307153654185, 0.11913131780801556, -0.0020779726341294893], "aligned_model": [[-0.18381303546993477, -0.6229806641220803, 0.34676042888811615, 0.20114725265670397, -0.4394446194409937, 0.6032976766713796, 0.21424404382114443, -0.11379403155357211, -0.2392211692294276, 0.39494410594626017, 0.06065453818389396], [-0.7642331574644372, 0.038516804607706956, -0.3859460406355568, 0.4629170865031054, 0.5461691168461282, -0.014660939817431884, 0.9278442801233157, -0.2658664386548612, 0.13567151755062282, 0.395799208259403, 0.13657218797747145], [-0.023633126599117538, -0.015826671490308426, -0.43596940747413576, 0.530192766034613, -0.17111851196402683, 0.1774903910039934, 0.08985835039285894, 0.5264507314179606, -0.5497803933332118, -0.5109153451509536, -0.03716136187612329]], "inverted": false, "swapped": false, "error_lsq": 0.05259555706430444, "error_max": 0.28839512851309557, "target": "660.xyz", "model": "9.xyz", "model_rescale": 3.877068213659057, "target_rescale": 3.8362179806529983},
{"mapping": [9, 10, 8, 3, 12, 7, 5, 13, 11, 0, 15], "R": [[-0.6017515727502654, -0.5836090873896466, -0.5452480883128396], [0.7986782079895843, -0.43726308656932616, -0.41341760147145695], [0.0028574070638768267, -0.6842524579715368, 0.729239610131527]], "T": [0.009212905604546642, 0.05833471929470583, 0.11968107639747114], "aligned_model": [[-0.08744532774618922, -0.621913447197323, 0.3735243779648435, 0.03794269069670682, -0.3002368023556036, 0.7834441058449371, 0.3480828622322157, -0.2661653784668893, -0.255108258156309, 0.18478049354226894, 0.02488920999283225], [-0.5554455832991178, -0.14849571623471397, -0.30908602005276925, 0.5336610030393433, 0.6680681765597887, -0.20011194078398695, 0.7602846745275363, -0.18223108502283622, 0.076811131289375, 0.4627434953371185, 0.10658548993572908], [-0.1029761264346, -0.12954066662989497, -0.45268426777714366, 0.5392056479761759, -0.18141891538013968, 0.11206911966469724, 0.06112464988151631, 0.8008076361634201, -0.5691209422200806, -0.5431881411404968, 0.045309426858094845]], "inverted": false, "swapped": false, "error_lsq": 0.0406268948754842, "error_max": 0.20877723088849753, "target": "660.xyz", "model": "10.xyz", "model_rescale": 4.260839863003843, "target_rescale": 3.8362179806529983},
{"mapping": [1, 7, 3, 9, 10, 2, 4, 8, 6, 5, 11], "R": [[0.9221535835840382, 0.3669684349159189, 0.12233942969655176], [0.3814603140605979, -0.8102052984450795, -0.44503415955217407], [-0.06419343486608714, 0.45705748232238896, -0.8871176138332576]], "T": [-0.014670450612187746, 0.07326413200410813, -0.05140962354437529], "aligned_model": [[0.07381161109781538, -0.6187018875936808, 0.487652153875093, 0.11224357779735555, -0.37954042813911115, 0.5483568716597464, 0.47087636004499794, -0.20550980200301128, -0.4441850831597721, 0.2200911337276387, -0.0432999809555815], [-0.6411724298245615, -0.1785275509975181, -0.23641212542379458, 0.5718343542525136, 0.5791415892751142, -0.16009252094553794, 0.6169270381320489, -0.053328854091906366, 0.284770759151186, 0.4107932911901852, 0.018850074577737595], [0.01938562360731174, -0.08818734494641903, -0.4458784917955074, 0.5577322515859168, 0.014101366119379198, 0.2630773126562928, 0.017711992194685104, 0.6291548222583474, -0.7399134083957066, -0.5876669940907318, -0.059929708232019784]], "inverted": true, "swapped": false, "error_lsq": 0.037215831305743664, "error_max": 0.20814804378351978, "target": "660.xyz", "model": "11.xyz", "model_rescale": 3.890672605050136, "target_rescale": 3.8362179806529983},
{"mapping": [4, 0, 7, 11, 6, 12, 9, 2, 8, 5, 13], "R": [[0.28943730930322636, -0.20648041235680928, -0.9346613735980913], [0.9526504859678094, -0.03291905110057049, 0.30228031305385217], [-0.09318312920590982, -0.9778968122392055, 0.1871756635991836]], "T": [-0.09948293918760565, 0.16087152758852286, 0.014204891793907777], "aligned_model": [[-0.09997409306139377, -0.5967045827372699, 0.3753742472469666, -0.04684948465399229, -0.402707825746799, 0.6091128285227894, 0.3905263329900198, -0.12897800011136723, -0.3330420245749237, 0.4589663833942107, -0.003929254916750585], [-0.5089532023157866, -0.13620212051633945, -0.2805507559371913, 0.3585127626783006, 0.6470280665511382, -0.06903092176236508, 0.7644878970331493, -0.15413355031187354, 0.19360608959271014, 0.3688613741635386, 0.02915798612018569], [0.2200971786859444, -0.10074041926598185, -0.5395289706118397, 0.5250177983960191, -0.04715333289205247, 0.001203026141194087, 0.051064188312470324, 0.6509669948942391, -0.6666546002612197, -0.48564184438096375, -0.02904259805626081]], "inverted": true, "swapped": false, "error_lsq": 0.05379980655860084, "error_max": 0.3692374757111108, "target": "660.xyz", "model": "12.xyz", "model_rescale": 4.124412569039231, "target_rescale": 3.8362179806529983},
{"mapping": [4, 2, 5, 6, 8, 0, 9, 1, 10, 7, 12], "R": [[0.6143247428685323, 0.7888310604652979, 0.018726140678361036], [0.4233255127092784, -0.34951898701429374, 0.8358420831747639], [0.6658833385728604, -0.5055512197213019, -0.5486504749377017]], "T": [0.1674204239320381, 0.16973247979246042, -0.01655397740025042], "aligned_model": [[-0.09541910282752614, -0.6529286041382683, 0.5346599196433938, 0.10744336334472024, -0.41328145038650993, 0.5136874339390702, 0.20612541013200744, -0.21060953748645278, -0.24874132143958044, 0.4068657332678498, 0.07399268230278615], [-0.564570060092791, -0.09373234318860912, -0.2975573470117511, 0.5515969063027507, 0.5380931349012618, -0.2404643300022548, 0.8008291186068075, -0.06889752472776053, 0.1068612227663282, 0.343744956509019, 0.13687989123246577], [-0.11651106239378203, -0.013508842825483487, -0.4861508786114614, 0.5295184781890715, 0.18836523065302738, 0.20391173061134402, -0.11068276428761029, 0.6638968791069236, -0.6227439468213166, -0.5692412997626245, -0.08726610289653944]], "inverted": true, "swapped": false, "error_lsq": 0.04653318548268864, "error_max": 0.2733133818068188, "target": "660.xyz", "model": "13.xyz", "model_rescale": 3.9028299243045295, "target_rescale": 3.8362179806529983},
{"mapping": [14, 12, 9, 0, 2, 7, 3, 5, 1, 6, 15], "R": [[-0.7715636268788882, -0.3687618618041774, 0.5183669153757913], [-0.30835848544522165, -0.4959238634749708, -0.8117724841912222], [0.5564212560025228, -0.7861769590332546, 0.26892596556264275]], "T": [-0.05881958509374122, 0.09401549032316797, 0.06953337258238687], "aligned_model": [[-0.016777314489678535, -0.693799798110552, 0.40453913741845127, -0.024406020257075223, -0.4037193838062981, 0.8155199939340994, 0.3614545841427941, -0.25559292797227584, -0.26931675181222625, 0.27359783625362843, 0.030295171050622738], [-0.7649351305432928, -0.18412998541919473, -0.2694863926996985, 0.7512010547913717, 0.7253310582324846, -0.13728009502009458, 0.5536286881299849, -0.051201696753771564, 0.21331004557782163, 0.3277102245068221, 0.048635854493034064], [-0.13900183110881098, 0.008907368573658363, -0.4344612025613954, 0.5736556292370303, -0.08742060831379633, 0.01795228512480604, 0.0980776594447878, 0.5193044852219388, -0.5335076771255836, -0.45894906936704405, 0.015030381835957625]], "inverted": false, "swapped": false, "error_lsq": 0.04590607026795688, "error_max": 0.2802869016536427, "target": "660.xyz", "model": "14.xyz", "model_rescale": 3.942246331269136, "target_rescale": 3.8362179806529983},
{"mapping": [4, 13, 10, 0, 8, 5, 7, 12, 11, 6, 14], "R": [[-0.4376134016854279, -0.3485365293542928, 0.8288647648265504], [0.7256497225441891, -0.6812412736934357, 0.09665819772831918], [0.5309679753401797, 0.6437644093317133, 0.5510357469719552]], "T": [0.1320396231622843, 0.01872604916520841, -0.0018259114337378854], "aligned_model": [[-0.025779126929046103, -0.6317312185963067, 0.3764171757194211, 0.14224683445693675, -0.2903856279329626, 0.6339748879855147, 0.4565042896156091, -0.39443534849053546, -0.3274618253034955, 0.1492906658202357, 0.1331538200061192], [-0.5031422339323437, -0.25980159579423795, -0.3092944412282099, 0.5835565071428245, 0.6634947451738789, -0.11139082822641443, 0.8055167925368144, -0.1824379815932332, 0.07250235528269236, 0.3882069474081846, 0.06557335852551102], [-0.21725737185451324, 0.0006838252126337221, -0.5863622111888575, 0.46889677704286414, -0.07017181235096687, 0.36411144158423603, -0.08345013882442842, 0.5901482392814159, -0.5496192597091245, -0.42132043666523356, 0.08392836843352242]], "inverted": true, "swapped": false, "error_lsq": 0.047523219291980286, "error_max": 0.2543933224237117, "target": "660.xyz", "model": "15.xyz", "model_rescale": 4.355366556412066, "target_rescale": 3.8362179806529983},
{"mapping": [6, 4, 8, 5, 0, 10, 9, 3, 2, 1, 11], "R": [[-0.75098854147978, -0.5456914758885404, -0.37180239873978704], [-0.036135580184437965, 0.5961877943715106, -0.8020313794903338], [0.6593257392297126, -0.5888810805120337, -0.46744908022604237]], "T": [0.10368017414872385, 0.15670431758482595, 0.03213753075307272], "aligned_model": [[-0.06750530972459487, -0.6283568327330795, 0.35325157870065904, -0.1650219081547201, -0.37094636714464435, 0.6253933068250832, 0.5192238936844743, -0.06983882259157337, -0.301778230947121, 0.3096030376010097, 0.017770180835996713], [-0.6474024159606317, -0.08442536718136665, -0.24567931997492892, 0.551604613735898, 0.6484164122442437, -0.19657365796049592, 0.7527467937400443, -0.12381823607181436, 0.07249526385411703, 0.4211617900219966, 0.0642577488484048], [0.04641528188628805, 0.04968822352658862, -0.5702225260792555, 0.46528049673842403, -0.15985965894507798, 0.016457040425669194, 0.18048944009421347, 0.5997776134633315, -0.6953497328824595, -0.3947761408300258, 0.04168738356385219]], "inverted": true, "swapped": false, "error_lsq": 0.05091780964528186, "error_max": 0.25855707420935004, "target": "660.xyz", "model": "16.xyz", "model_rescale": 3.795458400668931, "target_rescale": 3.8362179806529983},
{"mapping": [9, 6, 10, 7, 0, 11, 4, 8, 5, 2, 12], "R": [[-0.6979884178779994, -0.3460416925581289, -0.6269508078945849], [-0.700980402427094, 0.5091683644569296, 0.49937365974729236], [0.1464194110127362, 0.7880372603168968, -0.5979620660467708]], "T": [-0.03050815475229881, 0.22684595691524434, 0.02752215227296411], "aligned_model": [[-0.05997666951622862, -0.652785757745192, 0.41178309988378436, 0.06989656700954278, -0.40025263861057625, 0.5372373731675125, 0.5266471681509235, -0.16169944852813864, -0.3531561894927526, 0.20768861800458793, 0.0964124040280272], [-0.6413079962277007, -0.03791184599346753, -0.08856008806500093, 0.6136646160870115, 0.6822115691545338, -0.18306662741672292, 0.5454561651460554, -0.2140977920171691, -0.16433463522019187, 0.49308460793107556, 0.20764565191704326], [-0.18077138894831102, 0.03457492762378402, -0.46624007381818305, 0.5486410411173805, -0.05579389248806552, 0.4336958318194758, -0.03215422291855604, 0.5235506061237324, -0.5602300013083906, -0.5839736552960173, -0.081711750945301]], "inverted": true, "swapped": false, "error_lsq": 0.051135109009423134, "error_max": 0.3006735189309471, "target": "660.xyz", "model": "17.xyz", "model_rescale": 3.7474275329858107, "target_rescale": 3.8362179806529983},
{"mapping": [7, 2, 11, 4, 0, 10, 8, 9, 1, 3, 13], "R": [[-0.9741362805582916, -0.15251057957720604, 0.16673041119448678], [0.06840734023768325, -0.9022921566725348, -0.4256633644193874], [0.2153577087119562, -0.4032485426188805, 0.8893883685848863]], "T": [0.06221504901212281, 0.03303635592775127, 0.032575734860421764], "aligned_model": [[-0.14619880302606963, -0.6446587050472725, 0.39530632567345847, -0.019650611851729408, -0.43409775993838556, 0.7517232079113764, 0.37147634485689307, -0.161927270817182, -0.2231646791957671, 0.36855145731815775, -0.03556497953198928], [-0.6757881487193946, 0.003234263127440018, -0.3611576489514909, 0.579707436569727, 0.6958695352518282, 0.058045945217626536, 0.6814628515211157, -0.21551183184209882, 0.05282331160058966, 0.3205031706101361, 0.07359474090998797], [-0.11422607005569024, -0.024643622846404804, -0.4727933874011585, 0.6519904305059684, -0.08347667933101882, 0.012766905557047327, 0.060052669253147124, 0.6119790353980837, -0.5972538483784642, -0.5004439802644093, 0.03563596852444803]], "inverted": false, "swapped": false, "error_lsq": 0.04203898021194693, "error_max": 0.30130057359498197, "target": "660.xyz", "model": "18.xyz", "model_rescale": 3.922800546911778, "target_rescale": 3.8362179806529983},
{"mapping": [7, 2, 12, 6, 1, 13, 8, 10, 0, 5, 14], "R": [[-0.4402791845742646, -0.236338101285495, 0.8661977496573101], [-0.6603996582965772, -0.5683635586646554, -0.4907495863511382], [0.6082980609474149, -0.7881035255997884, 0.09416104281919896]], "T": [0.04681618265667882, 0.07969297008300642, 0.024210044427952652], "aligned_model": [[0.17638039164748726, -0.659312507795173, 0.5244236351243377, -0.023109123631049625, -0.37500295688407975, 0.6447805268840013, 0.4813648115764606, -0.3676995373349949, -0.42660793626346144, 0.20012534871058663, 0.04645187431737548], [-0.6957919374396424, -0.02665637640175282, -0.1960887587891869, 0.5782136330617211, 0.6842366678947538, -0.18710929926825198, 0.5097297538614957, -0.04417368641687751, 0.17017561862753383, 0.43535655910757737, -0.015108548941903652], [-0.1173784191269232, 0.08078788294095782, -0.5365480174259367, 0.4957557707758242, -0.043454975257543584, 0.23174061789121905, 0.049240180724217264, 0.7049702199307724, -0.6585235270433312, -0.6334626942740036, 0.006460381826295759]], "inverted": false, "swapped": false, "error_lsq": 0.04249198719999056, "error_max": 0.23073354817546096, "target": "660.xyz", "model": "19.xyz", "model_rescale": 3.9282355846067225, "target_rescale": 3.8362179806529983},
{"mapping": [8, 6, 9, 1, 2, 11, 10, 3, 7, 12, 13], "R": [[0.38740547087549854, 0.19145553326309928, -0.9018102793374423], [-0.5292835400892998, 0.8471126517006884, -0.047529880277217385], [0.7548350384860734, 0.49572667278609317, 0.42951033813187534]], "T": [-0.05629854802236814, 0.008603665902809907, -0.002290634222541145], "aligned_model": [[0.07387683222328992, -0.6367528396269367, 0.42343579484246197, -0.1188599014638598, -0.2500017947527161, 0.6268201426361782, 0.4992905950255435, -0.3198713718197489, -0.3537981212914304, 0.28705819653969933, -0.00940300596099089], [-0.7137017050436657, -0.2912574848133081, -0.2099041975300892, 0.5074183630173712, 0.8093393357240124, -0.09881478349920277, 0.6639026035131144, -0.08062851120979984, 0.2411928030683152, 0.2614311701129268, 0.12380603195579234], [-0.20216784805132657, -0.002690266688786337, -0.45010097257107, 0.5533808256390298, 0.0019105134765492193, 0.1852548336698474, -0.06662068540827157, 0.6969389806142273, -0.4977642193478778, -0.7378032067501546, 0.09924946637938162]], "inverted": true, "swapped": false, "error_lsq": 0.04806073467392014, "error_max": 0.20104605050749177, "target": "660.xyz", "model": "20.xyz", "model_rescale": 4.067790424073018, "target_rescale": 3.8362179806529983},
{"mapping": [9, 13, 12, 4, 6, 0, 2, 5, 11, 3, 14], "R": [[0.43062269722896557, -0.19923879300089964, -0.8802658666532491], [-0.6537285890855233, -0.741303058451094, -0.15201548389327055], [-0.6222563976718135, 0.6409162807220603, -0.4494700175338723]], "T": [0.001692538048120626, 0.013048080307992635, 0.06743830610338825], "aligned_model": [[0.09914941070718754, -0.6711014018415784, 0.2463574587529045, 0.006640848375341221, -0.2740901783238797, 0.7095284309693347, 0.43058332228006774, -0.3632909623945181, -0.2775665187395646, 0.34226125827084153, -0.026677141704646197], [-0.7351343155333351, -0.16801616338022912, -0.3081910837265423, 0.5678797228756083, 0.6900641157098383, 0.040006162011604174, 0.6197086426940983, 0.046709133628142954, 0.06809335606625794, 0.4378489387559573, -0.04618488380593365], [-0.1190426848676372, -0.0010274457913079516, -0.5836825298131125, 0.6458930211562661, -0.047235508931341624, 0.11939636653916616, 0.10912270108774283, 0.5301694361907234, -0.5130930460197309, -0.5862452519876429, 0.025332363398422916]], "inverted": false, "swapped": false, "error_lsq": 0.04827387278654285, "error_max": 0.2783728973930281, "target": "660.xyz", "model": "21.xyz", "model_rescale": 4.186013935880536, "target_rescale": 3.8362179806529983},
{"mapping": [3, 11, 5, 7, 9, 0, 1, 4, 8, 2, 12], "R": [[0.008682404333299532, 0.527951355461195, 0.8492302291614924], [0.6581734574558744, -0.6423797399501807, 0.3926270107902908], [0.7528162563040028, 0.5555318496434077, -0.3530609696301773]], "T": [-0.019166161423822457, 0.14705364429052495, 0.02061241736400666], "aligned_model": [[0.03519527671837539, -0.5442625871107264, 0.3125127766628572, 0.10624550159467974, -0.3587975463003434, 0.7031579165212413, 0.43234260117362866, -0.3632934724155563, -0.36857055405647743, 0.2988033836047534, -0.031538770040941674], [-0.7697917936263537, -0.15492524024415863, -0.3620787657960499, 0.4439992754261848, 0.658637471820464, 0.14558544547753918, 0.7161788791384404, -0.15924994353183794, 0.33523332265085526, 0.25447956151527595, 0.10471541246510718], [0.11430303456075491, -0.15840846336750328, -0.45825295739594063, 0.679717072793804, -0.0709477817129194, 0.026461504423614703, 0.10640018041544633, 0.5821911337388465, -0.6352634167424379, -0.640488364368804, 0.03387547861668737]], "inverted": true, "swapped": false, "error_lsq": 0.054374121585753006, "error_max": 0.33729954579842186, "target": "660.xyz", "model": "22.xyz", "model_rescale": 4.166573947596378, "target_rescale": 3.8362179806529983},
{"mapping": [11, 2, 9, 5, 0, 14, 7, 6, 4, 8, 15], "R": [[-0.0371580525992857, -0.08269892010998414, -0.9958816032740394], [0.9935506827320792, -0.10989123507626139, -0.027945613180483053], [-0.10712758734167432, -0.9904972514177192, 0.08624891282964459]], "T": [0.07988081497454683, 0.014778562788985636, -0.024071880264698357], "aligned_model": [[0.030863509056742025, -0.5623122661977085, 0.4590524172256538, 0.041004368353550966, -0.2644861552887603, 0.7610987452996537, 0.3017565112165562, -0.3454202804483708, -0.42491729537212897, 0.18745065484734913, 0.03770431765895275], [-0.7591924850294078, -0.1831859547650287, -0.25320307943552767, 0.6001615617228351, 0.7460619120419741, -0.21841468439617018, 0.6918686705885589, -0.11332601502572758, 0.27150028702066586, 0.3761046172497378, 0.054408795323556566], [-0.16780582992817322, 0.010674853008850647, -0.404681787859174, 0.5648910622526413, -0.13979489325267988, 0.303862265702242, 0.036836321049259456, 0.59384059520561, -0.49218120239205393, -0.7395796385306386, 0.013525675705664965]], "inverted": true, "swapped": false, "error_lsq": 0.04113406255705144, "error_max": 0.21891579166263536, "target": "660.xyz", "model": "23.xyz", "model_rescale": 4.274766983524099, "target_rescale": 3.8362179806529983},
{"mapping": [6, 5, 8, 2, 4, 0, 1, 3, 7, 9, 10], "R": [[-0.8335768570037765, -0.15203875972616923, 0.5310685822082056], [0.20806925034299598, -0.9769895500582089, 0.046889296633265486], [0.5117194646770916, 0.14958487429545428, 0.8460304692223584]], "T": [0.0728246470340848, 0.018821628284749384, -0.025422714973950447], "aligned_model": [[-0.0870268135534047, -0.7399325825476959, 0.42758746606374726, -0.02200458639575277, -0.36839597014459013, 0.664998897625022, 0.44098343561506664, -0.15416439943369015, -0.23586429345094745, 0.16246336200988087, 0.13315001056385434], [-0.6365106502409797, -0.05395912670106201, -0.2656754741953417, 0.6951988332567518, 0.5567202982931443, -0.1938832749528545, 0.5557206308107007, -0.07837554869683691, -0.012873130760956489, 0.5891588631468512, 0.05726220533605033], [-0.0239491522740104, -0.04464759673052883, -0.6069860121471095, 0.6542778175042172, 0.03515776612505826, 0.3622054873488309, 0.008956755368564787, 0.4795950722003034, -0.5774544683659639, -0.6533922965211916, -0.0541759515466219]], "inverted": true, "swapped": false, "error_lsq": 0.047951452303617685, "error_max": 0.24166536253517096, "target": "660.xyz", "model": "24.xyz", "model_rescale": 3.7841303162186577, "target_rescale": 3.8362179806529983},
{"mapping": [0, 4, 7, 12, 3, 10, 13, 2, 6, 11, 15], "R": [[-0.01710478078190153, -0.9956896819945702, 0.09115636919028308], [-0.11885757282062354, -0.08849838171301111, -0.9889595107067675], [0.9927639718773007, -0.02775056042191365, -0.11683151346565895]], "T": [0.05725300736326995, -0.019268067545602605, 0.08022626873663657], "aligned_model": [[0.11822859598324048, -0.6855672080693768, 0.33371504437906935, 0.02360287707625465, -0.36450070936282875, 0.8144353643954506, 0.28446007187600786, -0.3724097794085324, -0.3140185153654611, 0.36234418974964283, 0.02150459509802341], [-0.7021110083693823, 0.022488711836424286, -0.27067433739388863, 0.550239382608022, 0.619424868112393, -0.19529381827169356, 0.7276268913862227, -0.05249006735247591, 0.1207313728849866, 0.38556747703174477, 0.007274152823113698], [-0.18686443703796302, 0.023845050422446758, -0.45191017022456154, 0.5799270185652912, -0.17116391404989312, 0.049486741126306105, 0.029978209781366283, 0.6991602040799354, -0.5235817018407982, -0.49636294503650863, 0.02707336517592738]], "inverted": true, "swapped": false, "error_lsq": 0.045356664448980996, "error_max": 0.2679735851791842, "target": "660.xyz", "model": "25.xyz", "model_rescale": 4.19342608120988, "target_rescale": 3.8362179806529983},
{"mapping": [6, 4, 8, 5, 0, 10, 9, 3, 2, 1, 11], "R": [[-0.75098854147978, -0.5456914758885404, -0.37180239873978704], [-0.036135580184437965, 0.5961877943715106, -0.8020313794903338], [0.6593257392297126, -0.5888810805120337, -0.46744908022604237]], "T": [0.10368017414872385, 0.15670431758482595, 0.03213753075307272], "aligned_model": [[-0.06750530972459487, -0.6283568327330795, 0.35325157870065904, -0.1650219081547201, -0.37094636714464435, 0.6253933068250832, 0.5192238936844743, -0.06983882259157337, -0.301778230947121, 0.3096030376010097, 0.017770180835996713], [-0.6474024159606317, -0.08442536718136665, -0.24567931997492892, 0.551604613735898, 0.6484164122442437, -0.19657365796049592, 0.7527467937400443, -0.12381823607181436, 0.07249526385411703, 0.4211617900219966, 0.0642577488484048], [0.04641528188628805, 0.04968822352658862, -0.5702225260792555, 0.46528049673842403, -0.15985965894507798, 0.016457040425669194, 0.18048944009421347, 0.5997776134633315, -0.6953497328824595, -0.3947761408300258, 0.04168738356385219]], "inverted": true, "swapped": false, "error_lsq": 0.05091780964528186, "error_max": 0.25855707420935004, "target": "660.xyz", "model": "26.xyz", "model_rescale": 3.795458400668931, "target_rescale": 3.8362179806529983},
{"mapping": [0, 7, 1, 4, 10, 9, 11, 3, 5, 8, 12], "R": [[-0.9094206359038668, -0.2673214402213807, -0.3185802168844971], [0.37563487018142905, -0.8567452966805942, -0.3533920498815181], [-0.1784728306941631, -0.44105186113840084, 0.8795571070091841]], "T": [0.18390168173021712, 0.06736552901662114, -0.0731486583524383], "aligned_model": [[-0.10099519782324198, -0.6169014469107283, 0.5133382800738956, 0.05707646531240995, -0.3434459005181981, 0.4790982130355398, 0.386485651597279, -0.17093318980093739, -0.351175037718123, 0.3445086966775337, 0.024737992426060784], [-0.7062436958378938, -0.06056612120890033, -0.2798427283708344, 0.5804850712867754, 0.5202462320235159, -0.007505918385511637, 0.7507605095629222, -0.22661100940450102, 0.2574414139959906, 0.3561190107318081, 0.02850086090209584], [0.034720370259170824, -0.022592346591550766, -0.4213886965802981, 0.5745294117237599, 0.08334423238053879, 0.22955179487587038, -0.013940318987477829, 0.5036932330279125, -0.5675417510771913, -0.7224394434812909, -0.09834906458789525]], "inverted": true, "swapped": false, "error_lsq": 0.03978035509501884, "error_max": 0.2057333266493127, "target": "660.xyz", "model": "27.xyz", "model_rescale": 3.6321398670334006, "target_rescale": 3.8362179806529983},
{"mapping": [13, 9, 2, 7, 8, 1, 3, 6, 10, 0, 14], "R": [[0.49897195220421664, 0.7528144222667305, -0.42929877304823705], [0.1256123868680445, -0.5529673960873258, -0.8236799057459854], [-0.8574663370528466, 0.35706792699934753, -0.37047803758058717]], "T": [-0.009492233853114734, 0.15778746044949443, -0.01856463481253315], "aligned_model": [[-0.046529985661968726, -0.5739116566425086, 0.5243233637616325, 0.034923115130728294, -0.2699798766811543, 0.5950815327099921, 0.46671807377941366, -0.25690612244747424, -0.46724837570529454, 0.19271202315150981, 0.022612434956614247], [-0.6563769317846347, -0.19168339361507075, -0.3069680428938151, 0.6972192956990182, 0.6040460250006904, -0.0721703410832572, 0.652230982652006, -0.29505280989230653, 0.30232880496719194, 0.3762854680598562, 0.10292456818578825], [0.028783852734870885, -0.09520012631418456, -0.3825521257895347, 0.5363479311812734, -0.013170444126176545, 0.15136819440014768, -0.0009741197899380272, 0.562494307488632, -0.6303151945329388, -0.5670021912757611, -0.01019266301484169]], "inverted": true, "swapped": false, "error_lsq": 0.03866543399529243, "error_max": 0.20955002573539733, "target": "660.xyz", "model": "28.xyz", "model_rescale": 4.156811204709835, "target_rescale": 3.8362179806529983},
{"mapping": [6, 6, 3, 7, 2, 9, 4, 8, 1, 10], "R": [[-0.044975318716453605, -0.6679910846092362, 0.7428089468961245], [-0.9872271661921915, 0.14347973971035816, 0.06925378419106698], [-0.15283894477026597, -0.7302064606501534, -0.665911992523252]], "T": [0.09106102150583831, -0.0427512496613877, 0.13937290439169464], "aligned_model": [[-0.40302366581030424, -0.40302366581030424, 0.1310216174389601, 0.6954411363810618, -0.11791386893430028, -0.6153292794724359, -0.3778115433825112, -0.45206835488669306, 0.1588319345404799, 0.026801064046634918], [-0.3244315302141404, -0.3244315302141404, 0.02652941344656541, 0.21259521910888057, -0.5398296938414088, -0.3036022048006976, 0.413073065151545, 0.2814131431243077, 0.5701115039339187, -0.09270705506862663], [-0.44480627638236475, -0.44480627638236475, -0.6955343883963723, -0.12051714755019649, 0.5914272530309563, 0.20030646754661008, -0.282510212128505, 0.527854898892008, 0.32649223722684056, 0.10088017111848768]], "inverted": false, "swapped": true, "error_lsq": 0.05773700911359918, "error_max": 0.3723425562583013, "target": "660.xyz", "model": "29.xyz", "model_rescale": 4.117894457231895, "target_rescale": 3.8362179806529983},
{"mapping": [5, 2, 6, 4, 12, 8, 13, 0, 11, 10, 14], "R": [[-0.3558026595144035, 0.7080675137266255, -0.6099548044629806], [-0.8834408233119357, -0.4677274709219441, -0.02762833058459052], [-0.3048553414136071, 0.5290287411379058, 0.7919544253690587]], "T": [0.03990992381650331, 0.11700166754996946, -0.04142126424575591], "aligned_model": [[0.026454491183954078, -0.6608599901644436, 0.4530771420600089, 0.145720793649515, -0.33541739991023345, 0.5266782081033906, 0.2749403078755989, -0.27940789275873745, -0.44658273643613233, 0.436870734906638, 0.08032086784193136], [-0.7170748890959964, -0.3313975605006748, -0.23217571048115618, 0.6300416781290763, 0.7826939659433224, -0.3251794906022243, 0.8703801992826027, -0.2431109772739979, 0.2790947708439758, 0.35787942301519526, 0.1416322160353437], [-0.05074974301962903, 0.07528568921324749, -0.38661316982843263, 0.5287735266168768, -0.10274896422947583, 0.22186972960844029, -0.05684231879241542, 0.5607726134034191, -0.5538218377170324, -0.5879750000063398, -0.06836310428710976]], "inverted": true, "swapped": false, "error_lsq": 0.04944815556966056, "error_max": 0.26158554680654267, "target": "660.xyz", "model": "30.xyz", "model_rescale": 4.100398675895297, "target_rescale": 3.8362179806529983},
