[{"mapping": [5, 4, 1, 2, 12, 6, 9, 0, 7, 11, 13], "R": [[-0.051073886371230476, -0.29693270468404986, 0.9535315553351937], [0.9755913314425376, -0.21901431566174048, -0.01594627070497756], [0.21357203034366545, 0.9294426816239044, 0.30087088498332654]], "T": [-0.056631986702568526, 0.11507583154749437, -0.09405741133823059], "aligned_model": [[-0.7985092285416442, 0.4422990223146651, -0.27597106625621076, 0.4500787953935371, 0.046103417919295675, -0.1915809397903913, 0.6034440685482559, 0.4207398920622296, 0.40994879568009585, -0.3370178836894532, 0.019097000234614248], [-0.01608269512241642, -0.6517811086010059, 0.46789512231239094, -0.28760933708408865, 0.6832479675454597, -0.6373462454635376, 0.36521191699240607, 0.4113035575108295, -0.08043515079127533, 0.2074576220447676, 0.09979586842125121], [-0.02465381370365982, 0.18235262501755206, -0.4946232981380031, -0.5092044740538546, -0.05227621357778697, -0.10806034940703023, 0.10209230649749013, -0.6229975386832685, 0.46761180783937323, 0.5383279098059739, 0.049370290029838004]], "inverted": false, "swapped": false, "error_lsq": 0.045297571200928394, "error_max": 0.24584376907761601, "target": "661.xyz", "model": "0.xyz", "model_rescale": 3.8414455957264533, "target_rescale": 3.686068172360958},
{"mapping": [9, 11, 7, 0, 2, 13, 3, 4, 10, 6, 14], "R": [[0.5464529969739983, 0.05392161713182437, 0.835752105174749], [-0.09601138569544798, 0.9953791885293005, -0.0014439042875119476], [-0.8319681099146623, -0.07945269189046089, 0.5491050298771486]], "T": [0.07399314781548583, 0.017415348171077046, 0.02919736609011006], "aligned_model": [[-0.5915978275224538, 0.5074069342480045, -0.236765271724733, 0.26813978798919624, -0.12074134494859601, -0.22931366851459567, 0.7704351963251412, 0.30912765015933025, 0.271364841965642, -0.3180359172133405, 0.1586114931113981], [-0.02645700128468887, -0.7141407673069579, 0.17048445156123074, -0.1698731556723223, 0.7269075566499693, -0.6386027752721133, 0.37258866492055864, 0.37699108849145324, 0.006581921788517858, 0.45586697704462986, 0.0013105568445037769], [-0.11423746404316992, -0.027754734546205667, -0.5120549377454686, -0.6436677525960407, -0.02828316151785866, -0.19991439162021638, 0.07607241464371858, -0.30432068084102204, 0.6844136293433211, 0.5431045124642339, 0.05458181808533255]], "inverted": true, "swapped": false, "error_lsq": 0.04654796064911762, "error_max": 0.29749709982225936, "target": "661.xyz", "model": "1.xyz", "model_rescale": 4.316132596720782, "target_rescale": 3.686068172360958},
{"mapping": [5, 6, 0, 4, 1, 3, 8, 2, 10, 9, 11], "R": [[-0.46277263463876134, -0.13654444781225544, 0.8758978835464476], [-0.6903529477253367, 0.6753462843499127, -0.25946137242700673], [-0.5561063712963902, -0.7247503087177083, -0.4067956413448261]], "T": [-0.0005093544765472358, 0.04969329054657333, 0.051254055736139864], "aligned_model": [[-0.6040452194897931, 0.5908319085347556, -0.30173504602541323, 0.10279211319587025, 0.08717825123380203, -0.1619900654076565, 0.7142321696248894, 0.48634722252066953, 0.330749035244028, -0.5118057758321555, 0.05607728027599735], [-0.08236152916402552, -0.5140806380380011, 0.38578346529962937, -0.296789535159678, 0.5808607273751161, -0.5866552952651093, 0.296073655634203, 0.42848081352014017, -0.03486318770693221, 0.42243519501182114, -0.0372261537423825], [-0.13331535167178565, -0.04132256716631147, -0.4966697854788714, -0.6296337392815703, 0.12031418361460391, 0.05004319993683246, 0.17566219549127604, -0.5146223332562838, 0.5807385973559924, 0.4380239452008978, -0.021279093118155956]], "inverted": true, "swapped": false, "error_lsq": 0.04933673582539922, "error_max": 0.2449822386876394, "target": "661.xyz", "model": "2.xyz", "model_rescale": 3.795458400668931, "target_rescale": 3.686068172360958},
{"mapping": [10, 7, 5, 9, 6, 4, 8, 3, 1, 2, 11], "R": [[0.6595215864749311, -0.712497277049234, 0.2395389470858898], [-0.5101215071018513, -0.19018756371997061, 0.8388115036159183], [-0.5520935835216032, -0.6754082623152378, -0.48889298852671775]], "T": [0.01040608082819669, -0.024516301683421553, 0.06840969755841157], "aligned_model": [[-0.7202799339878073, 0.52741222695516, -0.24621528075417423, 0.4658004341350648, 0.17172266987177098, -0.31601605348337247, 0.7078535215608243, 0.29837285629117005, 0.2853489884493037, -0.39709062609406476, 0.01172307093111919], [-0.03232235723169969, -0.5845316380375352, 0.10943442918135324, -0.12418731050662607, 0.5413542900931033, -0.5229213873993587, 0.3249039571023584, 0.5043997852231307, 0.05662512586684868, 0.4460312351498124, -0.15712861167660608], [-0.0026378122448610236, 0.0195244796382074, -0.5719240388865977, -0.6645543641688036, 0.10102454207338445, -0.1682243956901429, 0.023293323624753073, -0.4554155927597315, 0.6288481939553016, 0.515910268331977, 0.10209464775313735]], "inverted": false, "swapped": false, "error_lsq": 0.05650742541205485, "error_max": 0.27913991214884526, "target": "661.xyz", "model": "3.xyz", "model_rescale": 3.7530521520055578, "target_rescale": 3.686068172360958},
{"mapping": [7, 4, 1, 2, 5, 0, 9, 3, 6, 8, 10], "R": [[0.96841080999985, -0.10685773234609289, 0.2253040792202515], [0.09183555696006182, 0.9928571750498686, 0.07616337984773382], [-0.2318334176801736, -0.053066514770104475, 0.9713069604696986]], "T": [0.12287981265514147, 0.1040322716965269, -0.06762991248184211], "aligned_model": [[-0.43524654786826333, 0.4973180374576489, -0.2623786238368122, 0.37185319149503393, -0.1799402630531053, -0.268275077893503, 0.4794539342237028, 0.5727280659997572, 0.11825495112392331, -0.18225673584190788, 0.07712094206851931], [0.16290074816394862, -0.5174787242799697, 0.09240795591901291, -0.22214340170937896, 0.7525344362567747, -0.6205304847826731, 0.41383227060277494, 0.46864425984537783, -0.32628970490326076, 0.33771497153757946, 0.02006519111459519], [0.14256144966396542, 0.04739618063889532, -0.7578231341265, -0.6089040294819636, -0.14046318989564432, -0.020438289357926437, 0.20484508701077828, -0.5623666426277264, 0.5333169651629192, 0.7652947987738659, -0.07547994413403897]], "inverted": false, "swapped": false, "error_lsq": 0.06514819907826015, "error_max": 0.32754524641279287, "target": "661.xyz", "model": "4.xyz", "model_rescale": 3.7855080009869324, "target_rescale": 3.686068172360958},
{"mapping": [14, 5, 15, 10, 13, 3, 6, 8, 1, 12, 16], "R": [[0.7937847539156635, -0.6073280257546732, 0.03253357625562886], [-0.06909045624085175, -0.14318905554277123, -0.9872808127524814], [0.6042617589319059, 0.7814406973697366, -0.155621859604681]], "T": [0.11977301734064022, 0.005584190918968515, 0.03439655647645873], "aligned_model": [[-0.5502991194976579, 0.543145551629129, -0.2641833921773591, 0.2717449447030351, 0.012129998773054429, -0.07748885349942305, 0.6220416667875261, 0.30199168759284467, 0.13254188554173169, -0.2701043344189306, 0.06711183844104285], [0.09197980315186721, -0.6773395664096834, 0.28215758592024714, -0.26006210229254206, 0.7208115979595292, -0.6526313348448908, 0.4027877829692102, 0.4154607673620196, -0.11242395816405432, 0.3535801005018193, -0.0026631583887410347], [-0.0007677457735362769, -0.06293834736364481, -0.640438785998555, -0.6268907141336957, -0.007201227684394879, -0.06687871866671039, 0.16101637448354944, -0.5079201611881012, 0.782069594471164, 0.47024029052422617, 0.02764869295632283]], "inverted": true, "swapped": false, "error_lsq": 0.038597647651880014, "error_max": 0.21185030608340838, "target": "661.xyz", "model": "5.xyz", "model_rescale": 4.2253639853439635, "target_rescale": 3.686068172360958},
{"mapping": [7, 1, 3, 4, 6, 0, 5, 2, 9, 12, 13], "R": [[-0.905698484857157, 0.38274182585376176, -0.18226066297909488], [-0.24920308882905035, -0.13288830693107495, 0.9592906329153085], [0.34294033744298874, 0.9142479929554789, 0.21573718346953524]], "T": [0.2382862962638785, 0.06311349256655849, 0.052260990256768905], "aligned_model": [[-0.5458558949650856, 0.5736485729287053, -0.21252425234433206, 0.3098736703123295, -0.07075205833741197, -0.30354897378414913, 0.6272281215949309, 0.46631284419211233, 0.1883943441413165, -0.4479002182577746, 0.2037557183943527], [0.1644147546325654, -0.583124840162238, 0.16400419826218424, -0.26847501854824996, 0.6013549311301919, -0.5279797966590702, 0.5625477449967172, 0.3839515736880361, -0.3268684508909908, 0.3174692239254794, 0.07436319739015598], [-0.01293329066866751, -0.04055033804078435, -0.4858843316277057, -0.568895688351807, -0.11658632929964795, 0.04299206955327253, 0.046697676643230296, -0.4910974836621107, 0.519188505376467, 0.6317391983738002, 0.003269263330577442]], "inverted": false, "swapped": false, "error_lsq": 0.04486055569883777, "error_max": 0.21638068156425738, "target": "661.xyz", "model": "6.xyz", "model_rescale": 3.89814844738969, "target_rescale": 3.686068172360958},
{"mapping": [7, 9, 4, 10, 0, 11, 1, 2, 6, 3, 12], "R": [[-0.3562861191746788, 0.7809400471732961, -0.5130232392440099], [0.4170606054092765, -0.35841079775090773, -0.8352258086716464], [-0.8361343508665904, -0.5115411447542886, -0.19800253666147222]], "T": [0.006373934626666716, 0.034099912307243525, -0.019704867091974474], "aligned_model": [[-0.6284546438373602, 0.5360472202991926, -0.23353841901841896, 0.4266105445873325, 0.011680861251737978, -0.35702081213329084, 0.6426290331355582, 0.36275282468370007, 0.2905452122143076, -0.3334524460981432, 0.07083249879037777], [0.19841372807738536, -0.6718096305205424, 0.13620895578615128, -0.2676329428360438, 0.5952607267695866, -0.6468936930716093, 0.5823382948297072, 0.3566650250566561, 0.017876458938356606, 0.2591383880338713, 0.0020922067012623183], [0.015908690134942092, 0.118439285242284, -0.6092060072033163, -0.5405331870093668, 0.17024450592637652, -0.26369736018015855, 0.0773040891153471, -0.5397949355220898, 0.5937764574671142, 0.6776169037398445, -0.17211919008435286]], "inverted": false, "swapped": false, "error_lsq": 0.05315172715623602, "error_max": 0.29798714937159776, "target": "661.xyz", "model": "7.xyz", "model_rescale": 3.7474275329858107, "target_rescale": 3.686068172360958},
{"mapping": [1, 11, 0, 10, 3, 12, 5, 6, 4, 2, 14], "R": [[-0.2930628854319486, -0.39120241585858484, 0.8723960195970105], [-0.2796774534688714, -0.837470636722502, -0.46949276314845834], [0.9142727531778839, -0.38158040103497715, 0.13602106580422824]], "T": [0.13335169694277596, -0.05934381670986636, 0.023507422964627447], "aligned_model": [[-0.6096036054173137, 0.5237870266499922, -0.19669396349734633, 0.2674404190475197, 0.11166297361525909, -0.09225400512045184, 0.6625869911969888, 0.3733213665721177, 0.035980086818985485, -0.3821719062190383, 0.09457649022828077], [0.04583934843754619, -0.535830614585322, 0.25697984556308545, -0.2930744733594199, 0.656408353854288, -0.6201356054346162, 0.4230317226063362, 0.4488121561227661, -0.09762215024459875, 0.3465299562957766, -0.06928102149106065], [-0.01839413445812789, -0.060161808875272865, -0.4510686408416212, -0.6854732216475844, -0.013410954542196568, -0.10001284134374046, 0.007845162369586017, -0.5690549478709243, 0.7989294916273848, 0.5508511351856704, 0.06789001202345063]], "inverted": false, "swapped": false, "error_lsq": 0.04168971411159309, "error_max": 0.2706405136749059, "target": "661.xyz", "model": "8.xyz", "model_rescale": 4.019505241142653, "target_rescale": 3.686068172360958},
{"mapping": [11, 7, 5, 4, 6, 8, 2, 3, 1, 10, 12], "R": [[0.4060686527686932, 0.5725915350065913, 0.7122128777812249], [-0.2718979292418087, -0.6683626112694615, 0.6923604089858716], [0.8724561681326088, -0.47479506515533865, -0.11571465244947515]], "T": [0.06599525847195864, 0.046827637198020564, 0.04570846633571049], "aligned_model": [[-0.5322269284882067, 0.4062606596896489, -0.1121555689536673, 0.4195092117845112, -0.2651356490221527, -0.22307263336308736, 0.4618539498716818, 0.5579939423296894, 0.32094513446805206, -0.28919631245901134, 0.04385606801753586], [-0.024357379176290758, -0.7853486335461847, 0.28669483083346453, -0.3395919143844358, 0.6912278264034812, -0.5284251231990167, 0.4848079437350755, 0.3374400468253052, -0.00722663561819805, 0.3959743950653836, 0.0504621608261967], [-0.11021597839754935, -0.06052759731561197, -0.5553329059898381, -0.5971775937179078, 0.10194507559507118, -0.15840166803231362, 0.007743880921613239, -0.5961190262155598, 0.6689130864168223, 0.8138980572753997, 0.013213921086498485]], "inverted": true, "swapped": false, "error_lsq": 0.0543540022720221, "error_max": 0.2709976716383955, "target": "661.xyz", "model": "9.xyz", "model_rescale": 3.877068213659057, "target_rescale": 3.686068172360958},
{"mapping": [13, 11, 3, 12, 4, 10, 1, 5, 8, 2, 15], "R": [[0.056423481535307685, 0.08285651989499951, -0.994962907772106], [-0.3220547659137919, -0.9417705189512876, -0.09669031692178537], [-0.9450381571575022, 0.3258881506669308, -0.02645363436732956]], "T": [-0.020813803065391226, 0.0006172811277027485, -0.006203169162771832], "aligned_model": [[-0.7813283177089575, 0.4040226989706062, -0.13598518687668165, 0.3284611922867932, -0.10574706263422935, -0.2032411535618443, 0.6691952903861922, 0.4758665284782976, 0.4401077225190903, -0.36755971137564125, 0.06483987339136814], [0.12484369440354509, -0.6008939530067497, 0.3563466875845395, -0.29964483879459325, 0.6714562803796644, -0.6848884373043258, 0.5243634688713071, 0.3734238392089282, -0.10877573754726814, 0.2255544648702133, -0.020127950900479474], [-0.06804140349034535, 0.04230928296624275, -0.5189930720090391, -0.5944589406389473, 0.022986867606818076, -0.009801953361742234, 0.04363649357284191, -0.4808813346094364, 0.6028185468097783, 0.5129556662523568, -0.024590901471903716]], "inverted": false, "swapped": false, "error_lsq": 0.042126850905338145, "error_max": 0.20366690709878155, "target": "661.xyz", "model": "10.xyz", "model_rescale": 4.260839863003843, "target_rescale": 3.686068172360958},
{"mapping": [5, 9, 3, 2, 0, 4, 7, 1, 10, 6, 11], "R": [[0.5945060267141298, -0.49502611418535436, 0.6336495328453473], [0.6611041748722061, -0.14765956938971, -0.7356207729082868], [0.457715909890751, 0.8562393344399649, 0.23947932685450732]], "T": [0.17239684375168143, 0.0060460460613642394, -0.04731298955304568], "aligned_model": [[-0.4918331852428751, 0.4470820601505483, -0.26961880735587496, 0.2630079304611092, -0.05333297408915064, -0.17412640285286715, 0.49732527017049744, 0.43871150283820026, 0.21361688477814256, -0.27908857550421307, 0.19688817052147695], [-0.0482219985501857, -0.7321790431154603, 0.20282085623322946, -0.26351517286066695, 0.8507988553515149, -0.6375915509713028, 0.4832064902835676, 0.4259751578008971, -0.21337970442274676, 0.43170219284121275, 0.062041435174721944], [0.06433086457169808, 0.07640043235010952, -0.5666730858932978, -0.6713991265245813, 0.02666680491119315, -0.08920740266360802, 0.2630820127535426, -0.5726668575416327, 0.5387646847226959, 0.5168085359732267, -0.05816761103272178]], "inverted": false, "swapped": false, "error_lsq": 0.04614779985122713, "error_max": 0.26496201960655913, "target": "661.xyz", "model": "11.xyz", "model_rescale": 3.890672605050136, "target_rescale": 3.686068172360958},
{"mapping": [12, 3, 9, 8, 11, 7, 1, 6, 4, 10, 13], "R": [[0.37578545066037977, -0.29146264265943855, -0.8796788180955317], [-0.4804362453540978, 0.7504490414823797, -0.4538802157929276], [0.7924432529979875, 0.5931911699209234, 0.14197861355082234]], "T": [0.13761303154642757, 0.1428416712845803, -0.11398310638320906], "aligned_model": [[-0.540225735131077, 0.5137353912500562, -0.4125793735105, 0.4238873503804327, 0.02175238777635198, -0.24089813685230094, 0.8378737251008185, 0.3939600102678825, 0.18863308043107813, -0.45749528079396906, 0.05998845495622093], [-0.10193775136874189, -0.6688008709448456, 0.4815611838968733, -0.33348164056490803, 0.6538386862747148, -0.6211100246949455, 0.4489130028827656, 0.436050079728528, -0.11274109506728391, 0.36405098193488405, 0.015314965687740267], [0.07509303536846314, 0.11586795447221464, -0.5480082499115139, -0.5726269363896684, 0.05400655339264722, -0.10554083868805114, 0.031803008959355075, -0.5386870028330842, 0.5365024414815207, 0.5156620650487205, -0.0361327792739793]], "inverted": false, "swapped": false, "error_lsq": 0.04459785744998556, "error_max": 0.25814220908224733, "target": "661.xyz", "model": "12.xyz", "model_rescale": 4.124412569039231, "target_rescale": 3.686068172360958},
{"mapping": [2, 3, 4, 0, 10, 1, 7, 5, 9, 11, 12], "R": [[0.5241871387906232, 0.7577795503109942, 0.3885846068193738], [-0.837563382870539, 0.37623237858725683, 0.3961524668319436], [0.1539981272644544, -0.5331222659325368, 0.8319045776806367]], "T": [0.17631781295519483, -0.07291869603673584, -0.015836717351732234], "aligned_model": [[-0.659200717111607, 0.6906840175920224, -0.24959060419562423, 0.32720871555204195, -0.0773297079229413, -0.40963180218331535, 0.5839906831231546, 0.5011756308415101, 0.4133400723523847, -0.42994346154517077, 0.09792904737253894], [0.13751058636827168, -0.5667590062839621, 0.19262510906372854, -0.29500355403389084, 0.6094946120601549, -0.6132537462546424, 0.3832505586600313, 0.37553043264997343, -0.0879826381175362, 0.4061660899449583, 0.020079073707694226], [-0.010956484729686779, 0.0015567086579823738, -0.6211174485189959, -0.5303050300357279, 0.1049303492771484, -0.18186497077197697, 0.12124032855478661, -0.5326603393065393, 0.5776570047714507, 0.6114414475946981, -0.011982313866515031]], "inverted": true, "swapped": false, "error_lsq": 0.0445372852014597, "error_max": 0.28258547313316607, "target": "661.xyz", "model": "13.xyz", "model_rescale": 3.9028299243045295, "target_rescale": 3.686068172360958},
{"mapping": [9, 2, 14, 12, 10, 1, 5, 13, 3, 7, 15], "R": [[0.7113984498088772, -0.5681956480843163, -0.4136011981457146], [0.2505675502049821, -0.3447762352371082, 0.9046243697800764], [-0.6566034940462933, -0.7471834133020958, -0.10290188770100028]], "T": [0.2046960943773041, -0.049890835255386186, 0.04111840238092537], "aligned_model": [[-0.5652033843644133, 0.5322731489645232, -0.3130943303028507, 0.40123653336495296, -0.006755147394770594, -0.07225130175353486, 0.5847630012096111, 0.36369108863500144, 0.17584329800816223, -0.4092918721326587, 0.09742083964097119], [0.04010423987633698, -0.6958449077539879, 0.38098108819595766, -0.16706786447998884, 0.6646897849208259, -0.6053300509601989, 0.25793084546549894, 0.44647327889545324, -0.15641165541937807, 0.41669352144715094, -0.020560762422888616], [0.042184023762951085, 0.17373204830855207, -0.532722267556155, -0.6160586579502499, 0.04505688820700417, -0.15119949376079334, -0.11019846007744277, -0.5597098674096042, 0.6547227343827638, 0.5164559360331827, 0.06567636768641533]], "inverted": false, "swapped": false, "error_lsq": 0.03916324410823743, "error_max": 0.23809808148249337, "target": "661.xyz", "model": "14.xyz", "model_rescale": 3.942246331269136, "target_rescale": 3.686068172360958},
{"mapping": [12, 7, 13, 8, 4, 0, 10, 11, 5, 3, 14], "R": [[0.42735595679022303, 0.9040731211276981, -0.004321787863355908], [0.7722325916354683, -0.36254071257647263, 0.5217480772753377], [0.47013158861310445, -0.22630957420967912, -0.8530886624549365]], "T": [0.15582229794196795, 0.04784939419645533, 0.035094623279437076], "aligned_model": [[-0.6494644359362414, 0.6266522938350667, -0.31772674250823124, 0.19475251902910573, 0.089971927042832, -0.045722551795801425, 0.6504173125258219, 0.381735805359291, 0.07466653896043679, -0.3182167976753409, 0.10156600503805457], [0.06193049178345518, -0.6608252852445611, 0.45429990252724545, -0.3801932283666796, 0.6303466298132112, -0.657387104126616, 0.5465487016204538, 0.35746872525434814, -0.1212522992930269, 0.36310448957130753, -0.03238350577435646], [-0.10415787074943078, -0.049041111194781606, -0.4859419753119231, -0.6084151881789208, 0.04006212505483586, -0.01723737310375023, 0.16029561515563345, -0.5708839090616156, 0.6413931621464173, 0.47378482281341744, 0.048080954056742335]], "inverted": false, "swapped": false, "error_lsq": 0.04521214784837103, "error_max": 0.2157205108916078, "target": "661.xyz", "model": "15.xyz", "model_rescale": 4.355366556412066, "target_rescale": 3.686068172360958},
{"mapping": [5, 6, 0, 4, 1, 3, 8, 2, 10, 9, 11], "R": [[-0.46277263463876134, -0.13654444781225544, 0.8758978835464476], [-0.6903529477253367, 0.6753462843499127, -0.25946137242700673], [-0.5561063712963902, -0.7247503087177083, -0.4067956413448261]], "T": [-0.0005093544765472358, 0.04969329054657333, 0.051254055736139864], "aligned_model": [[-0.6040452194897931, 0.5908319085347556, -0.30173504602541323, 0.10279211319587025, 0.08717825123380203, -0.1619900654076565, 0.7142321696248894, 0.48634722252066953, 0.330749035244028, -0.5118057758321555, 0.05607728027599735], [-0.08236152916402552, -0.5140806380380011, 0.38578346529962937, -0.296789535159678, 0.5808607273751161, -0.5866552952651093, 0.296073655634203, 0.42848081352014017, -0.03486318770693221, 0.42243519501182114, -0.0372261537423825], [-0.13331535167178565, -0.04132256716631147, -0.4966697854788714, -0.6296337392815703, 0.12031418361460391, 0.05004319993683246, 0.17566219549127604, -0.5146223332562838, 0.5807385973559924, 0.4380239452008978, -0.021279093118155956]], "inverted": true, "swapped": false, "error_lsq": 0.04933673582539922, "error_max": 0.2449822386876394, "target": "661.xyz", "model": "16.xyz", "model_rescale": 3.795458400668931, "target_rescale": 3.686068172360958},
{"mapping": [7, 9, 4, 10, 0, 11, 1, 2, 6, 3, 12], "R": [[-0.3562861191746788, 0.7809400471732961, -0.5130232392440099], [0.4170606054092765, -0.35841079775090773, -0.8352258086716464], [-0.8361343508665904, -0.5115411447542886, -0.19800253666147222]], "T": [0.006373934626666716, 0.034099912307243525, -0.019704867091974474], "aligned_model": [[-0.6284546438373602, 0.5360472202991926, -0.23353841901841896, 0.4266105445873325, 0.011680861251737978, -0.35702081213329084, 0.6426290331355582, 0.36275282468370007, 0.2905452122143076, -0.3334524460981432, 0.07083249879037777], [0.19841372807738536, -0.6718096305205424, 0.13620895578615128, -0.2676329428360438, 0.5952607267695866, -0.6468936930716093, 0.5823382948297072, 0.3566650250566561, 0.017876458938356606, 0.2591383880338713, 0.0020922067012623183], [0.015908690134942092, 0.118439285242284, -0.6092060072033163, -0.5405331870093668, 0.17024450592637652, -0.26369736018015855, 0.0773040891153471, -0.5397949355220898, 0.5937764574671142, 0.6776169037398445, -0.17211919008435286]], "inverted": false, "swapped": false, "error_lsq": 0.05315172715623602, "error_max": 0.29798714937159776, "target": "661.xyz", "model": "17.xyz", "model_rescale": 3.7474275329858107, "target_rescale": 3.686068172360958},
{"mapping": [8, 2, 3, 1, 10, 0, 7, 11, 9, 5, 13], "R": [[0.3497739447433448, 0.9284305327070004, 0.12519957474398874], [-0.8983190811602038, 0.2944602282742387, 0.32606134758381083], [0.26585901527344724, -0.22651693071838858, 0.9370213786759372]], "T": [0.08869935190261818, 0.05766951814909084, 0.038776325469642034], "aligned_model": [[-0.6214050143880374, 0.4514666333926943, -0.20186270310992782, 0.3214562191022847, -0.24744009841491765, -0.23522391197256237, 0.827036369739254, 0.37165638065348067, 0.2988807660297535, -0.27401069797406835, 0.0980779308170401], [0.028490359058025272, -0.5524331134817863, 0.20653232163921048, -0.18999438730544982, 0.6563549945187103, -0.6875985883133217, 0.2068434952644737, 0.5471924817191458, -0.037652669000164854, 0.4317090238958371, -0.047786400229898926], [-0.06964330775416523, 0.036055633083366526, -0.556204967709549, -0.5637228425929188, -0.03211331261494102, -0.1581794040516124, 0.03379087865115689, -0.41071143835060775, 0.6668381215125753, 0.5405290579280464, 0.04130083352527315]], "inverted": false, "swapped": false, "error_lsq": 0.0514896953221325, "error_max": 0.250162743966768, "target": "661.xyz", "model": "18.xyz", "model_rescale": 3.922800546911778, "target_rescale": 3.686068172360958},
{"mapping": [1, 9, 6, 10, 8, 2, 13, 4, 3, 5, 14], "R": [[-0.5745410904549286, -0.13291792480214185, -0.8076108968093201], [0.6688936465796437, 0.49239129558005396, -0.5568950543885116], [0.47168191076640703, -0.8601648896015743, -0.19399107647637567]], "T": [0.10723359219238232, 0.1088107684052417, 0.06817405457223691], "aligned_model": [[-0.604255000663606, 0.41898193553460733, -0.19492749211612387, 0.25896147172886397, -0.07041518716703055, -0.07725073057842119, 0.6491989444673578, 0.3910261050316448, 0.17808407059033843, -0.3428659748753556, 0.18209373192271844], [0.000761956694435878, -0.6418802080959549, 0.28568282369926945, -0.294107539426099, 0.6905981772640266, -0.5677149694515788, 0.5303109584564393, 0.3477935159959484, -0.23827254836359388, 0.3830958725541138, 0.065389478437775], [-0.10529773120151464, 0.023238387913758235, -0.526117731588977, -0.6139081509198856, 0.002181811792416416, -0.07813870446424942, 0.047561108629178644, -0.5532888929174256, 0.6007739273816756, 0.6201811030355627, 0.11075412396608426]], "inverted": true, "swapped": false, "error_lsq": 0.032033624651944856, "error_max": 0.1668977388585172, "target": "661.xyz", "model": "19.xyz", "model_rescale": 3.9282355846067225, "target_rescale": 3.686068172360958},
{"mapping": [0, 8, 1, 6, 2, 4, 7, 5, 9, 10, 13], "R": [[-0.655754737672782, -0.7297559545543519, 0.19349927858306704], [-0.7228921657513043, 0.6808361347531097, 0.1178519168695787], [-0.21774443899923013, -0.06259715973518325, -0.9739963834008823]], "T": [0.15332549866956655, -0.020276877518044793, -0.015400495648539719], "aligned_model": [[-0.6356402983826658, 0.4364483549565509, -0.38082995559441046, 0.5675344847263777, 0.03570078276918992, -0.13164804660504667, 0.6405031689238664, 0.2486367573352994, 0.28840296463118464, -0.2963064633195247, 0.015830124434172227], [-0.1254528187899755, -0.7110162083200395, 0.3839475551829672, -0.15762279262316228, 0.7923542712351039, -0.5665952065091271, 0.355767133075709, 0.33698234157175233, -0.2809374850308671, 0.4726331627114571, 0.06159756526096342], [-0.09705819985419084, 0.1306892174023714, -0.35122984962791104, -0.5016217102523354, -0.08256635487308345, -0.15573654533578676, 0.08127729953618705, -0.607829197346469, 0.6108861408991507, 0.5296730223196847, -0.028544571240993237]], "inverted": true, "swapped": false, "error_lsq": 0.05134477494738752, "error_max": 0.2744557418682422, "target": "661.xyz", "model": "20.xyz", "model_rescale": 4.067790424073018, "target_rescale": 3.686068172360958},
{"mapping": [2, 7, 3, 12, 6, 0, 13, 11, 8, 4, 14], "R": [[-0.31651460057451897, -0.6788297613782273, -0.6625772880882139], [0.5976682061378973, 0.3996961135716458, -0.6950077209410197], [0.7366214923521177, -0.615981470389249, 0.27920531001762483]], "T": [0.20979956182119885, 0.05446120646286769, 0.020034699989147767], "aligned_model": [[-0.5343004988687049, 0.37105667349687427, -0.293912252260752, 0.36669994953871554, -0.17175836162014219, -0.227259387982377, 0.7524003727469748, 0.3624002730980326, 0.16394297951573303, -0.27749673440198885, 0.2768588606126283], [0.060329584759195656, -0.6477164760770797, 0.16108368125574535, -0.19741718305801503, 0.6883378066992701, -0.49893920055508245, 0.49385071417537263, 0.4211082863709931, -0.22903841863167518, 0.2593540982081357, 0.05070462461792065], [0.018424309854762386, 0.21395892046104725, -0.657203125943613, -0.6863316441440839, 0.006961466753121995, -0.06473258986915535, 0.07146159540439519, -0.49017623255914355, 0.5126735465649829, 0.6225574940274348, -0.01965448892312463]], "inverted": true, "swapped": false, "error_lsq": 0.04969599575171453, "error_max": 0.2526936358701923, "target": "661.xyz", "model": "21.xyz", "model_rescale": 4.186013935880536, "target_rescale": 3.686068172360958},
{"mapping": [4, 8, 6, 5, 7, 11, 1, 0, 9, 10, 12], "R": [[0.12908515746160712, 0.44017603856726106, -0.8885843106843296], [-0.7965034645636302, -0.48775121600594257, -0.35732475736066527], [-0.5906938742371095, 0.7538858045857857, 0.2876402972165001]], "T": [0.10978711227910826, -0.00770817151751689, -0.09356376758054757], "aligned_model": [[-0.6050659813164891, 0.46046988646124454, -0.16405083938295995, 0.3181561081817169, -0.09452538180769651, -0.2115909147446584, 0.5999707917842232, 0.4815541173179218, 0.27249035637506713, -0.34027740690309377, 0.07150113790971806], [0.10734614118390652, -0.6282856749859798, 0.30500273855054016, -0.3546480877915935, 0.6584544567511375, -0.5452235024622876, 0.5124383130616594, 0.40632050776724077, -0.08906215658992882, 0.20904536980684763, -0.019730587526761014], [-0.03556628078954421, 0.1885236032540692, -0.4638035709122867, -0.7529224197245317, 0.13623505169205308, -0.011348127599434626, 0.062291392292641745, -0.5541698766374743, 0.5000353763809482, 0.5748367587017902, -0.11617265503160666]], "inverted": false, "swapped": false, "error_lsq": 0.04251590696762774, "error_max": 0.1819886638211127, "target": "661.xyz", "model": "22.xyz", "model_rescale": 4.166573947596378, "target_rescale": 3.686068172360958},
{"mapping": [12, 10, 6, 5, 2, 14, 4, 1, 9, 11, 15], "R": [[-0.8928709311971782, -0.4502184660597107, 0.009210485433738202], [0.16257063919640036, -0.3413485010450784, -0.9257710235828035], [0.4199431955566822, -0.8250966813974706, 0.3779724577962301]], "T": [0.17799227045302063, 0.03044245741851786, 0.04685928269753947], "aligned_model": [[-0.47251081999342176, 0.3829674876254426, -0.23844843756658352, 0.3514173115043201, 0.03259890769693363, -0.23698192446676358, 0.677906373767064, 0.35117778366319363, 0.13666971347921325, -0.38955316296870907, 0.19338864113430485], [-0.04340559290994803, -0.688154570849789, 0.31198097907733885, -0.2063549489978463, 0.672921573928731, -0.6392613323270704, 0.562048496410501, 0.4297928207592351, -0.1756139113381322, 0.2854088475142947, 0.05229515649746641], [0.019046515637628963, -0.0035857806204415144, -0.5244732207478361, -0.7309020718657893, -0.0905837749802656, 0.11946103729975058, 0.13250052264397919, -0.5176096058879232, 0.6092491701084565, 0.5316042139243372, -0.016767753885272504]], "inverted": false, "swapped": false, "error_lsq": 0.04264907380416708, "error_max": 0.21374512631064518, "target": "661.xyz", "model": "23.xyz", "model_rescale": 4.274766983524099, "target_rescale": 3.686068172360958},
{"mapping": [1, 6, 9, 8, 4, 0, 5, 7, 3, 2, 10], "R": [[-0.3203621181863847, -0.7560274123473788, 0.5707807503853469], [-0.5792637016199257, 0.6331030739290149, 0.5134530764999021], [-0.7495476483964946, -0.16614165510479037, -0.6407614791966869]], "T": [0.09686662997278224, -0.052008833825210314, -0.049230054851844465], "aligned_model": [[-0.5375936245338919, 0.663984834481444, -0.23378049566725934, 0.1723293549050694, 0.010832304402022569, -0.24001828593565783, 0.7085117856027973, 0.44414848993970246, 0.21632655176671023, -0.45070546136604944, 0.03459642028010645], [0.08114639342112881, -0.41551808178803884, 0.4427927122532193, -0.35399207648655134, 0.6093751273899395, -0.6846936197786179, 0.43626448495390285, 0.2572895749457476, -0.08936047474512107, 0.33595904859152137, -0.057605570992349114], [-0.11788317868544405, -0.013831963419127, -0.6603841797218741, -0.7186496736276109, 0.1577722581339293, 0.13073621203365243, 0.18254638565727244, -0.47906988612794643, 0.49881051462955645, 0.642230173772788, -0.0943374110185721]], "inverted": false, "swapped": false, "error_lsq": 0.05478850406229843, "error_max": 0.2920700226328689, "target": "661.xyz", "model": "24.xyz", "model_rescale": 3.7841303162186577, "target_rescale": 3.686068172360958},
{"mapping": [8, 14, 4, 12, 6, 9, 11, 3, 10, 0, 15], "R": [[0.41618284185996673, 0.5617835453528175, 0.7149762865383585], [0.8600611117894466, -0.49840731122696563, -0.10901851266187795], [0.295104602012343, 0.6602949343182376, -0.6905967517913845]], "T": [-0.0005845568879162821, 0.05124183439888146, -0.00596949320411877], "aligned_model": [[-0.5751570577214303, 0.45766729872538736, -0.32159132158688664, 0.2847900272275564, 0.11579728414237109, -0.04423254429273617, 0.6598423766487996, 0.38189314492082815, 0.2467257786897309, -0.43669040387596414, 0.019587290997337616], [-0.08122415382215531, -0.5953230707460921, 0.44912646673533607, -0.4011313303478189, 0.7509754002701066, -0.5304707210730966, 0.394870433087981, 0.4397284840945431, -0.27004159224220464, 0.29156944678962543, 0.11357815501855648], [0.0361848291058009, 0.029499120701653392, -0.5494276969570288, -0.5436420450292156, -0.14328175090374934, -0.04893534624922218, 0.18160241510024866, -0.5990890580984938, 0.6580106743908419, 0.5356800967495661, -0.028661987183777254]], "inverted": false, "swapped": false, "error_lsq": 0.0438874619799597, "error_max": 0.21045030792528552, "target": "661.xyz", "model": "25.xyz", "model_rescale": 4.19342608120988, "target_rescale": 3.686068172360958},
{"mapping": [5, 6, 0, 4, 1, 3, 8, 2, 10, 9, 11], "R": [[-0.46277263463876134, -0.13654444781225544, 0.8758978835464476], [-0.6903529477253367, 0.6753462843499127, -0.25946137242700673], [-0.5561063712963902, -0.7247503087177083, -0.4067956413448261]], "T": [-0.0005093544765472358, 0.04969329054657333, 0.051254055736139864], "aligned_model": [[-0.6040452194897931, 0.5908319085347556, -0.30173504602541323, 0.10279211319587025, 0.08717825123380203, -0.1619900654076565, 0.7142321696248894, 0.48634722252066953, 0.330749035244028, -0.5118057758321555, 0.05607728027599735], [-0.08236152916402552, -0.5140806380380011, 0.38578346529962937, -0.296789535159678, 0.5808607273751161, -0.5866552952651093, 0.296073655634203, 0.42848081352014017, -0.03486318770693221, 0.42243519501182114, -0.0372261537423825], [-0.13331535167178565, -0.04132256716631147, -0.4966697854788714, -0.6296337392815703, 0.12031418361460391, 0.05004319993683246, 0.17566219549127604, -0.5146223332562838, 0.5807385973559924, 0.4380239452008978, -0.021279093118155956]], "inverted": true, "swapped": false, "error_lsq": 0.04933673582539922, "error_max": 0.2449822386876394, "target": "661.xyz", "model": "26.xyz", "model_rescale": 3.795458400668931, "target_rescale": 3.686068172360958},
{"mapping": [8, 2, 5, 0, 10, 1, 3, 7, 9, 11, 12], "R": [[0.11822944408396499, -0.15692745305802425, -0.9805078138537798], [-0.838013661680346, 0.5139391746448643, -0.18330201199783544], [0.5326864944680835, 0.8433506383717733, -0.07074460664409139]], "T": [-0.000849050225765216, 0.015110795628589767, 0.06731544469931329], "aligned_model": [[-0.7209045126839497, 0.5767097133958329, -0.37123500302315826, 0.5637259206451019, 0.01880647416147256, -0.18331610155856626, 0.7108907238145229, 0.3051676921075766, 0.2121200253912458, -0.3616629425058233, 0.03832988413073865], [-0.05001804024747187, -0.6418508806331537, 0.39401297391336587, -0.298603959312442, 0.725283114667972, -0.5326171996791821, 0.19204709028395597, 0.48588751177566974, -0.16608404903485138, 0.36259823771801736, 0.09100271831290091], [-0.022295245665908056, 0.16561165208522233, -0.4675750610508388, -0.45624099628041725, 0.012952165360034837, -0.06327164840437592, -0.01751733511230409, -0.5199929373070028, 0.39317874612129844, 0.5778449780871434, -0.0747550662062282]], "inverted": false, "swapped": false, "error_lsq": 0.05052257877465765, "error_max": 0.3007780570618491, "target": "661.xyz", "model": "27.xyz", "model_rescale": 3.6321398670334006, "target_rescale": 3.686068172360958},
{"mapping": [3, 13, 0, 11, 8, 1, 9, 10, 6, 7, 14], "R": [[0.3339509850591941, 0.24648527363021794, -0.9097921462957517], [0.11833547003941544, 0.9466042538809145, 0.299895153453849], [0.935132854790454, -0.20781096318046743, 0.2869514723319292]], "T": [0.021823630783780357, 0.06446383529012391, -0.01670768658547197], "aligned_model": [[-0.6582017903729811, 0.5760659068229702, -0.19541001950293446, 0.3986217222272984, -0.07775585324510578, -0.30017517671527494, 0.6805969967931916, 0.3520101369463068, 0.42161276060553793, -0.44148565810045304, 0.03275284841643798], [0.12969172825327457, -0.5328408975877269, 0.16834865858265924, -0.15400098110386573, 0.5684501667424211, -0.5192973169956578, 0.17289372965745015, 0.5447096261727032, -0.19151425136330313, 0.3738981008339164, 0.0013189545729101193], [-0.08649900783969267, 0.03349079393602914, -0.5924065478770627, -0.4887481072076636, 0.039071519794317035, 0.03627232094064302, 0.012150093376778227, -0.5315013194951613, 0.5985575472530562, 0.522256432948302, -0.014704474202921066]], "inverted": false, "swapped": false, "error_lsq": 0.04738018749397609, "error_max": 0.224224171342735, "target": "661.xyz", "model": "28.xyz", "model_rescale": 4.156811204709835, "target_rescale": 3.686068172360958},
{"mapping": [7, 4, 2, 0, 8, 6, 3, 1, 5, 10], "R": [[-0.9620814663985107, -0.06672690346081701, 0.2644745212057729], [-0.11281318573843761, -0.7854540907971241, -0.6085516053496272], [0.24833935881377484, -0.615312434137808, 0.74814314890893]], "T": [0.01030743285484928, -0.04554169276305968, 0.04066403401163392], "aligned_model": [[-0.5726609847922015, -0.022218905226558977, 0.08068702894547777, 0.6266016085750662, -0.04616881178225174, -0.628730104609578, -0.4648167942182465, -0.4642869675227257, 0.19985856159722806, -0.06533925685562164], [-0.03684184887532781, -0.5835079374521999, 0.08151432323544262, 0.039938730172720954, -0.3394849662521707, -0.4698194775179427, 0.4736736165602469, 0.4018149360394527, 0.4712745728200826, -0.11984161810410075], [-0.5218378780671364, -0.3735884132725178, -0.5989809475254269, -0.1838742408383504, 0.6687380794348713, 0.023187604420982347, -0.2162451619031069, 0.6255749698878115, 0.3416986098004859, -0.005885894962512787]], "inverted": false, "swapped": true, "error_lsq": 0.04026016270159749, "error_max": 0.19654952596085384, "target": "661.xyz", "model": "29.xyz", "model_rescale": 4.117894457231895, "target_rescale": 3.686068172360958},
{"mapping": [5, 4, 6, 7, 9, 1, 12, 10, 3, 2, 14], "R": [[-0.8298376879009751, -0.5543822077337706, -0.0634805441642898], [0.503303013174742, -0.6945053298143754, -0.5141482507882833], [0.24094706611284872, -0.45860954482833904, 0.8553489327309378]], "T": [0.10362527101964285, 0.08084948780454251, -0.04431143469612799], "aligned_model": [[-0.7239524826063379, 0.5558291111988334, -0.23644409527243399, 0.366274369253184, -0.17669566028987366, -0.167658390709995, 0.7929685757245211, 0.36935663195823715, 0.19245894467454838, -0.31169106141935893, 0.12818593136366957], [0.18238682962943437, -0.5402807314785562, 0.29047489707887336, -0.20417401367468382, 0.635946028259228, -0.7338291899906353, 0.2015468986999055, 0.4208276716933931, -0.05028003883614246, 0.27022352852508114, 0.08881563785888363], [-0.016797775389069385, 0.051798032981270704, -0.5465060753842205, -0.5704109648762354, -0.10009690641921284, 0.009838862470433897, 0.2687634223638185, -0.617131339191873, 0.4797780869791102, 0.660962036911554, -0.09225812881895173]], "inverted": true, "swapped": false, "error_lsq": 0.04778155748411545, "error_max": 0.29917194675403636, "target": "661.xyz", "model": "30.xyz", "model_rescale": 4.100398675895297, "target_rescale": 3.686068172360958},
