[{"mapping": [12, 0, 9, 1, 5, 8, 3, 2, 6, 11, 7, 13], "R": [[-0.8423413260540625, 0.23748993049590306, 0.48379708900998447], [0.2967768066205829, 0.9537116985907211, 0.04855433063374037], [-0.4498717789254764, 0.18447907438040934, -0.8738322800412988]], "T": [-0.04909931303360976, -0.11467199807945821, 0.12722180014312537], "aligned_model": [[-0.49759207140423994, -0.20172471281451804, 0.05331783418154659, -0.5299290097283382, -0.2423858629006076, 0.45595976339625016, 0.12764115440857085, 0.44831156165821084, 0.5530143230055731, -0.1342991122588847, 0.43034832852070587, 0.023956730422536487], [-0.05488513424640959, -0.7214454604927572, -0.07189204680596448, -0.41751476592336245, 0.12877287423036032, 0.46359628579428497, -0.5008004892611606, -0.6749274788390986, -0.15426809400494532, 0.5732583596333025, 0.29379021173315584, 0.0033435133740730982], [-0.23388702635619715, -0.3243796693333604, -0.5969492953098574, 0.22788546868381768, 0.8169870966231427, 0.2724810607919143, 0.4319641524077783, -0.04585177792934009, 0.5967296303981569, 0.20818264248339863, -0.290729231245086, 0.04192809682163562]], "inverted": false, "swapped": false, "error_lsq": 0.04478571726897507, "error_max": 0.24859117414176352, "target": "662.xyz", "model": "0.xyz", "model_rescale": 3.8414455957264533, "target_rescale": 3.799301258887865},
{"mapping": [4, 1, 3, 0, 9, 6, 13, 12, 8, 2, 10, 14], "R": [[-0.8090330599114273, -0.4149467297528895, 0.41627481239889536], [-0.5172820044274874, 0.8389487249839693, -0.16906911232763083], [-0.27907854784242, -0.3521139706333089, -0.8933817301797766]], "T": [-0.008953809775955585, -0.07421107432745061, 0.1284136381093639], "aligned_model": [[-0.4688827753654504, -0.16947850521287364, -0.16564921910236538, -0.597549864291776, -0.050685876194510565, 0.36976226329369366, 0.03265845596014255, 0.5826320079944829, 0.637760911272903, -0.2783336755257779, 0.5840673080301684, 0.0103178956281684], [0.06461396679293385, -0.5678727049885404, -0.010957763850365065, -0.4957456544098107, 0.1001917810813387, 0.6014859506690484, -0.6019617640648096, -0.5525705990704364, -0.1873068768626585, 0.6118588233571116, 0.018928008768095944, -0.11363539223042951], [-0.1265573198797601, -0.5637047822037066, -0.6363232116957008, 0.16557076273391577, 0.7867082215985033, 0.22858768760935808, 0.6711793605544902, 0.06935494554324678, 0.5680405327918723, 0.0917079023432425, -0.2002691351637208, 0.05006618380426235]], "inverted": true, "swapped": false, "error_lsq": 0.051683400218094123, "error_max": 0.2997446577658965, "target": "662.xyz", "model": "1.xyz", "model_rescale": 4.316132596720782, "target_rescale": 3.799301258887865},
{"mapping": [1, 2, 0, 8, 10, 7, 6, 4, 3, 9, 5, 11], "R": [[-0.9702505924076459, 0.211181999814066, 0.1183889812742065], [0.15980849885012471, 0.19131698481647297, 0.968431234015097], [0.1818654217488368, 0.9585405438870417, -0.2193740962302806]], "T": [0.013241334709915686, -0.04481563777263838, 0.08703672612893654], "aligned_model": [[-0.4712852814483533, -0.34644858062207484, 0.09370431691734164, -0.5958811740076465, -0.27334452538121506, 0.41830759491923614, 0.1754934515810866, 0.4603545251070104, 0.5956910961395688, -0.14114998533869513, 0.49509194952984736, 0.07608553909069896], [0.05593658054239207, -0.6727216993904257, -0.0818685420006143, -0.44498926151944235, 0.016761869947481696, 0.5944927890458904, -0.6757883984125174, -0.62578048557098, -0.07263412687491559, 0.6647118162759941, 0.2613363710342486, -0.15242913788563334], [-0.13585385721550475, -0.33377504216789583, -0.6172834066012056, 0.323398643628068, 0.6449906255938428, 0.5641815469313944, 0.5886776224888967, -0.15149916578740436, 0.3886911905641875, -0.06358072796230019, -0.21271452811057456, 0.10912824667449862]], "inverted": false, "swapped": false, "error_lsq": 0.03705263681779051, "error_max": 0.1852096689381096, "target": "662.xyz", "model": "2.xyz", "model_rescale": 3.795458400668931, "target_rescale": 3.799301258887865},
{"mapping": [4, 0, 7, 10, 5, 3, 2, 1, 6, 9, 8, 11], "R": [[-0.0903448663299805, -0.8601814167908816, 0.5019220410934849], [0.7807789595484106, 0.251686478300269, 0.5718724796379958], [-0.6182410706628277, 0.44355591175007497, 0.6488729703857608]], "T": [0.02235735482479334, -0.16764064195568407, 0.08218311744108359], "aligned_model": [[-0.6030541433905328, -0.26567241970314787, -0.0014730621880695849, -0.5020857514464558, -0.31282713878969975, 0.3479801580101645, 0.21717021476248477, 0.47474366238135707, 0.5004745646485178, -0.016319852955821723, 0.6950925752286334, -0.047409880070625146], [-0.13023197907881737, -0.7138147439668469, 0.10096763103574569, -0.45065771211942507, 0.2794744556401608, 0.4474897236220696, -0.7385309520078203, -0.5285253561932926, -0.10114866691630259, 0.6897130551010987, 0.21342176679548852, -0.20112944672057975], [-0.05352164727048636, -0.39837972283417555, -0.6323684926764268, 0.5109855214463065, 0.5082864620553662, 0.4728933027777975, 0.5553189487902339, -0.16556210193686782, 0.4202349589486293, -0.05199346229112939, -0.030873067247265906, -0.03065955172597852]], "inverted": false, "swapped": false, "error_lsq": 0.05550155452422073, "error_max": 0.2863798097878176, "target": "662.xyz", "model": "3.xyz", "model_rescale": 3.7530521520055578, "target_rescale": 3.799301258887865},
{"mapping": [9, 2, 10, 7, 5, 1, 4, 0, 3, 6, 11], "R": [[-0.9068480280578131, 0.29142062036569344, -0.3044678571431316], [0.19519531773743715, 0.9306783785841413, 0.30941322461939935], [0.3735310454848927, 0.22116007248522127, -0.9008677929625937]], "T": [-0.0950363600258292, -0.1212690672051736, -0.06221350356976603], "aligned_model": [[-0.41539251187258963, -0.3217327868853074, 0.2644320658519644, 0.5070036380136782, 0.29474475195055927, -0.1565481705228644, -0.17140990511197302, -0.6251576693339775, -0.4235501482571224, 0.3851260537034069, 0.0006842849094308018], [-0.7619871262217318, 0.1678358670455885, -0.2686743843029257, 0.31871696224691737, -0.8097640399725131, 0.6294188449557021, -0.383653734746923, 0.00648896282220697, 0.33553427872757347, 0.33274736883327016, -0.0994596410728191], [-0.12037632664261827, -0.6644796802753457, -0.47754807420937434, -0.30396646411401235, 0.018600583689883363, -0.0983606876488587, 0.6516591370290269, 0.02609860966542861, 0.468822282010876, 0.5710455488854708, 0.021335848854839842]], "inverted": true, "swapped": true, "error_lsq": 0.04888185136579777, "error_max": 0.3143540448756631, "target": "662.xyz", "model": "4.xyz", "model_rescale": 3.7855080009869324, "target_rescale": 3.799301258887865},
{"mapping": [6, 8, 13, 7, 5, 2, 10, 15, 9, 1, 14, 16], "R": [[0.9138166211760398, -0.3804816030925554, -0.14203144923053249], [-0.38976349056909143, -0.91988937011438, -0.04345075568925094], [-0.1141210071888779, 0.09506469617417593, -0.9889080337723561]], "T": [-0.015595580436513913, 0.020222718398369408, 0.06681095485017485], "aligned_model": [[-0.5809990493382752, -0.09276201860528152, 0.0042810922255400105, -0.6086773091478501, -0.30176394737124496, 0.4788173099838283, 0.05785663395785245, 0.5003819644794364, 0.5907313735685401, -0.2193014605115421, 0.6205714095126196, 0.0374829277331828], [-0.06434593244290573, -0.6214502377332827, -0.13666402159972263, -0.3520004879433923, -0.03931400056943835, 0.48601531601552606, -0.5905406085869245, -0.5798184579423089, -0.1483126724226282, 0.7493338184542544, 0.13558111183261967, 0.028543948129682042], [-0.24821940672741027, -0.2117766115508274, -0.640196193325892, 0.3334069405764041, 0.8215733608295405, 0.3572913111050441, 0.45737107145798134, -0.1634842177524208, 0.39979363628692643, 0.06460705205620687, -0.1323909540166756, 0.06638515909712595]], "inverted": false, "swapped": false, "error_lsq": 0.037541865249655956, "error_max": 0.19154827514634812, "target": "662.xyz", "model": "5.xyz", "model_rescale": 4.2253639853439635, "target_rescale": 3.799301258887865},
{"mapping": [6, 5, 11, 2, 4, 0, 10, 8, 1, 7, 9, 13], "R": [[0.20350886980562488, 0.783805347258757, -0.5867139997639539], [0.9398715645817679, -0.3242697909463738, -0.10719395864606909], [-0.2742728240293911, -0.5296208835461218, -0.8026681367232464]], "T": [0.05344157281858637, -0.052624000913509036, 0.06816363001888875], "aligned_model": [[-0.5130583642358317, -0.2220912975879376, -0.08443074309098679, -0.4845754994706038, -0.10248422495119612, 0.35093600958593174, 0.06365901439313028, 0.549171097116601, 0.5306667899000514, -0.23683802380744934, 0.6303085978150402, 0.0053555708200558536], [0.08407818034192456, -0.5712078701152501, -0.15069804276485554, -0.36637182562184406, -0.025271833052431483, 0.6390010009689329, -0.7722864483609057, -0.5415914050415115, -0.18345511346907623, 0.6669142611847626, 0.1109767781414031, -0.02305990701967022], [-0.20406477239433507, -0.16825480069237836, -0.6913931457614737, 0.317706300625318, 0.757982676370671, 0.34423348746477456, 0.36898590314844476, -0.1788748124111872, 0.6102384349372576, -0.09734667535856112, -0.046097684737023525, 0.09124623684449608]], "inverted": false, "swapped": false, "error_lsq": 0.04564521359370147, "error_max": 0.2331489645654586, "target": "662.xyz", "model": "6.xyz", "model_rescale": 3.89814844738969, "target_rescale": 3.799301258887865},
{"mapping": [4, 10, 11, 2, 0, 3, 5, 9, 6, 7, 8, 12], "R": [[0.9671445375236858, 0.1362874505315548, -0.21460935293156463], [-0.17342621798369265, 0.97093313190191, -0.1649612084431397], [0.18588918864196652, 0.19676022007193741, 0.9626684919240238]], "T": [-0.020844778831957192, -0.031141128014341046, 0.12431330067932], "aligned_model": [[-0.5988225591868025, -0.24133501890937414, 0.09215915890241788, -0.5821189934474137, -0.16091339566474966, 0.39840655212513315, 0.22696280609576547, 0.5392368075583723, 0.537002841914153, -0.16006844942395043, 0.5590168021400187, -0.12290762561676487], [0.026695853322355897, -0.662709411941186, 0.027363578884818232, -0.4283138709693502, 0.1832037917334021, 0.5623156679143522, -0.696639464612077, -0.665695817714971, -0.09710130015047094, 0.6009485619507129, 0.1640783134776045, -0.14711812670371222], [-0.15513679753182508, -0.17802627632049906, -0.6751538209399364, 0.29393910290988584, 0.6585861012458384, 0.47704448660802257, 0.4378096624807993, -0.16133480696370828, 0.5009180520400195, 0.013164423344772996, -0.16436764585333086, 0.05691866701596428]], "inverted": true, "swapped": false, "error_lsq": 0.03684205864974837, "error_max": 0.1961981310704735, "target": "662.xyz", "model": "7.xyz", "model_rescale": 3.7474275329858107, "target_rescale": 3.799301258887865},
{"mapping": [12, 0, 1, 10, 11, 4, 5, 3, 8, 13, 2, 14], "R": [[0.41827282078701855, -0.8688693700765322, -0.26479022854644974], [0.9071265961679376, 0.3846316313957141, 0.17082109546143015], [-0.046574520025891034, -0.3116480801684522, 0.9490554716199028]], "T": [-0.037032761827674066, -0.15009566326266863, 0.1554795018694095], "aligned_model": [[-0.5298617542612911, -0.12175911665478478, 0.022031229887304132, -0.691303851647801, -0.4493083412824565, 0.4618561246378075, 0.29965038228066115, 0.46430479107835404, 0.5825324851386531, -0.1636453428884161, 0.6258396106175705, -0.01371729041879587], [0.1909129621263351, -0.604361560504075, -0.050088459602047636, -0.533023085716046, -0.0009265911515316805, 0.44835717099598105, -0.6190579183561205, -0.6399041321065125, -0.05653364308742519, 0.73988717020655, 0.09365178850794714, -0.10188592612157645], [0.008934899694769516, -0.3142833926083601, -0.5870242517564753, 0.17912881152230137, 0.5962259029898189, 0.22752067047838392, 0.5794374335004594, 0.0042086888232144015, 0.4249147797912246, 0.15889112022534363, -0.302534573737433, 0.128941059112756]], "inverted": false, "swapped": false, "error_lsq": 0.04791126201511862, "error_max": 0.22376868093334204, "target": "662.xyz", "model": "8.xyz", "model_rescale": 4.019505241142653, "target_rescale": 3.799301258887865},
{"mapping": [8, 9, 7, 11, 5, 3, 6, 1, 2, 4, 0, 12], "R": [[0.5764955368286913, -0.010618819537074609, 0.8170312948034719], [-0.4496498271155057, 0.8307740418689493, 0.32806938950734926], [-0.6822521007601183, -0.5565085192774394, 0.4741627768815653]], "T": [0.08337028082055478, -0.24078202953149408, 0.13297779335575569], "aligned_model": [[-0.47446537574285164, -0.27410377956107834, -0.03117791176189172, -0.4952244483123682, -0.209635636974187, 0.3373774766977242, 0.1065231897176932, 0.5250444282789533, 0.5704984630917491, -0.05688650647592078, 0.43515298002079283, 0.053516047508190105], [-0.10630013292884882, -0.6245619230130454, 0.19737979666662625, -0.41265564778515385, 0.11168132264164299, 0.48788020507638763, -0.5942420750100557, -0.6093198290525542, -0.09111085537939775, 0.5551767984155878, 0.1794938300873391, -0.22639371452704932], [-0.22321166625630304, -0.3055029370577943, -0.6509079864071627, 0.2844278602457507, 0.6233264822028795, 0.5111212846928833, 0.7674789966854193, -0.22115373582743933, 0.43343883223060375, -0.0524197499761333, -0.2166837750731115, 0.1544475425764109]], "inverted": true, "swapped": false, "error_lsq": 0.04625796775333932, "error_max": 0.2719075233816766, "target": "662.xyz", "model": "9.xyz", "model_rescale": 3.877068213659057, "target_rescale": 3.799301258887865},
{"mapping": [6, 13, 14, 3, 5, 8, 4, 2, 7, 11, 9, 15], "R": [[-0.9796777815234433, 0.15561270655401693, -0.12655484956428306], [0.2005300706193563, 0.7736354149255026, -0.601062339154968], [0.004374376149905667, -0.614225471900978, -0.789118454036731]], "T": [-0.04862786951355698, -0.027946336626528498, 0.11218843919372723], "aligned_model": [[-0.5911667943072195, -0.15024239088386235, 0.10370712314614432, -0.49627145697552044, -0.4047212659845745, 0.5668294611051302, 0.09443314130937107, 0.4718846781384309, 0.5987294371140958, -0.07459339806855972, 0.4312802055504971, -0.06324981365712792], [-0.08745119504826522, -0.6362826807550045, -0.13337461465122652, -0.4072473525707668, -0.0047561942929621875, 0.4106853287258315, -0.5759543298576424, -0.38604354149124914, -0.22802526263132478, 0.7041104715907432, 0.16782481504615687, 0.04354233112718851], [-0.1748921453688544, -0.3539015493522139, -0.6462312828881166, 0.35407126337948314, 0.8076416385758377, 0.26755082893472343, 0.482744057532055, -0.09076090806912185, 0.5673625930528484, 0.022333572139659252, -0.296476704366031, 0.1649197844657339]], "inverted": false, "swapped": false, "error_lsq": 0.04392689621302376, "error_max": 0.20099084711290882, "target": "662.xyz", "model": "10.xyz", "model_rescale": 4.260839863003843, "target_rescale": 3.799301258887865},
{"mapping": [5, 0, 3, 6, 10, 9, 7, 1, 8, 4, 2, 11], "R": [[-0.10147252193503109, 0.8811169690990215, -0.461883333816992], [0.8265081863605308, -0.18374092657852537, -0.5320934972155658], [-0.5537034812705902, -0.43574322561093154, -0.7096057328989177]], "T": [0.07223010625131986, -0.07844216116266355, 0.11625201106791613], "aligned_model": [[-0.5109203060775632, -0.270551105143517, 0.005606796428017244, -0.6817617809017922, -0.21407089428667614, 0.3203568122708672, 0.07519400596406633, 0.5363656228537709, 0.6657847463456125, -0.08443881088675755, 0.5549952903187862, 0.09005854960199103], [0.12632200316943948, -0.845174508779106, -0.11136872917442418, -0.43127244672956, 0.06835889215251224, 0.5549984368696775, -0.6475802282864737, -0.49979670631617334, -0.05935385591314511, 0.6315141773050807, 0.21784490225947822, -0.1374641613658276], [-0.15691119262893397, -0.13802503801102653, -0.5896589232006514, 0.21755530987056534, 0.6545966775026251, 0.5320878052000837, 0.441334623847055, -0.244717811282854, 0.5199126765828745, 0.02953576995082724, -0.27041176955090285, 0.1090630197563412]], "inverted": true, "swapped": false, "error_lsq": 0.03822285936196504, "error_max": 0.2400018459842804, "target": "662.xyz", "model": "11.xyz", "model_rescale": 3.890672605050136, "target_rescale": 3.799301258887865},
{"mapping": [0, 8, 6, 3, 4, 10, 7, 5, 12, 2, 9, 13], "R": [[0.711059248173918, -0.2701810096071936, -0.6491509590488023], [-0.08795296646296452, -0.950153579853106, 0.29911945838191756], [-0.69760950486408, -0.15559690466061527, -0.6993787114170178]], "T": [0.0046952912567917796, 0.007164555134907144, -0.0928068200166187], "aligned_model": [[-0.5814281935374074, -0.23411771419829705, -0.025049038637895503, -0.6143995818262119, -0.3082456862933465, 0.40980828874859676, 0.15837481278328516, 0.5533303977166999, 0.5063307948585638, -0.12661001457936166, 0.7288109245166328, 0.019813936935547206], [-0.06415641808580227, -0.6424950994290084, -0.0023514552343025935, -0.5044192392983537, 0.18634671250379825, 0.5461544725023084, -0.6112978133153925, -0.5422506376625286, -0.0915922415541443, 0.6309523966789194, 0.013325232943951756, -0.05118813485796713], [-0.08461419535961535, -0.2930609772656863, -0.6682049989564954, 0.36333648575212923, 0.5080415326279859, 0.4944868311341904, 0.4736303554500301, -0.046821521081619674, 0.4491720203258677, 0.22217219367766589, -0.3781820322180883, 0.06440545394963941]], "inverted": true, "swapped": false, "error_lsq": 0.043148893428396194, "error_max": 0.29247404635026536, "target": "662.xyz", "model": "12.xyz", "model_rescale": 4.124412569039231, "target_rescale": 3.799301258887865},
{"mapping": [9, 8, 11, 6, 0, 5, 1, 2, 4, 7, 10, 12], "R": [[-0.8826433112627985, 0.11484203352492105, -0.455798302343157], [-0.11236285107224601, 0.890030026535102, 0.441838365881509], [0.45641579155629497, 0.4412004750697656, -0.772675071434464]], "T": [-0.09458735106153751, -0.0003465330254681792, 0.22873049636227544], "aligned_model": [[-0.576720100886066, -0.2012129197565491, 0.1673773229551687, -0.5865710668879557, -0.01516542777710772, 0.29363183345575106, -0.0002435419987224796, 0.49110230335677996, 0.6495143006184224, -0.12436150717223093, 0.38676978297626285, 0.0024979476030524694], [0.10341754195777202, -0.5260540293246391, -0.2661771597857249, -0.45368341501400766, 0.04821339938497572, 0.5904650723747391, -0.7673678241062056, -0.5316053351136019, -0.10005388064073646, 0.5790884788698006, 0.19714991860113512, -0.006364992012028639], [-0.1779909074141957, -0.24788122960946884, -0.6939078123915203, 0.23583750519995367, 0.8015319318179843, 0.5007109934008935, 0.48493721686173974, -0.11350805722301832, 0.46249839952310406, -0.008853680581118295, -0.2946241954131274, 0.15561098386477637]], "inverted": true, "swapped": false, "error_lsq": 0.048605337705731166, "error_max": 0.293920888796834, "target": "662.xyz", "model": "13.xyz", "model_rescale": 3.9028299243045295, "target_rescale": 3.799301258887865},
{"mapping": [5, 3, 2, 4, 10, 11, 7, 6, 9, 12, 1, 15], "R": [[0.6456736787215746, -0.7422602138005132, 0.17931892151963605], [-0.7604384940107576, -0.6464007442327074, 0.062444973232863105], [0.06956146514270692, -0.17668008621295825, -0.981807185603661]], "T": [-0.0734034465625685, -0.027493230719637884, 0.008389751469631293], "aligned_model": [[-0.5416171632578721, -0.057195543819050745, 0.021989121597557892, -0.5753471501644997, -0.3176183234689101, 0.47733517610080844, 0.09811951629465054, 0.488580612552344, 0.4955299927414557, -0.09030622743650119, 0.4937548472303285, -0.006605931883505695], [0.16866375589098112, -0.6225820533586575, -0.03417926915923813, -0.45024752603114115, -0.1369884778717269, 0.4221337643849165, -0.6552974877222077, -0.37656777012760306, -0.1901360775277509, 0.6634405205921037, 0.154255192122013, -0.0754667960002105], [0.07472364746077657, -0.17680215520264542, -0.7216823849563414, 0.17778455095521012, 0.7038913595178784, 0.20933557281962017, 0.6385243751329422, -0.07364161745153545, 0.5090967541044148, -0.07263577696368624, -0.2514135131736532, 0.08718033579302235]], "inverted": true, "swapped": false, "error_lsq": 0.045165246402319205, "error_max": 0.24850272217572003, "target": "662.xyz", "model": "14.xyz", "model_rescale": 3.942246331269136, "target_rescale": 3.799301258887865},
{"mapping": [4, 12, 3, 13, 11, 9, 8, 0, 7, 10, 5, 14], "R": [[0.3401411463195835, -0.4503621218984061, 0.825516783439056], [-0.9156995121302952, -0.3584041281360245, 0.18177151707403366], [0.214005616899976, -0.8177532880363256, -0.5343043662941932]], "T": [0.05542092861089108, -0.05499655579553257, 0.0699786353437993], "aligned_model": [[-0.45885477340459335, -0.23194418116085214, -0.1463584665157548, -0.6489408998318539, -0.4179548797290847, 0.5324444778286483, 0.14774331984384897, 0.5829296276028308, 0.7502306376491918, -0.18515329136795533, 0.4469771256338038, 0.11550022993857575], [0.18132351831295773, -0.6951482514282156, -0.021108522438804206, -0.4609088744204101, -0.04955341051472287, 0.5505548924011767, -0.5582094051815963, -0.5659062868842532, -0.1020946271376462, 0.6029121107982697, 0.111168166143897, -0.12600153445917417], [-0.08278687716620076, -0.34919120902387857, -0.6189949544244769, 0.07625961669110623, 0.6084920900545212, 0.30218174301233147, 0.6505768876470411, 0.10770531071998174, 0.5659632601367502, 0.20518494860430014, -0.4010336659232273, 0.04000399770775466]], "inverted": true, "swapped": false, "error_lsq": 0.05151000371357182, "error_max": 0.2823339415452732, "target": "662.xyz", "model": "15.xyz", "model_rescale": 4.355366556412066, "target_rescale": 3.799301258887865},
{"mapping": [1, 2, 0, 8, 10, 7, 6, 4, 3, 9, 5, 11], "R": [[-0.9702505924076459, 0.211181999814066, 0.1183889812742065], [0.15980849885012471, 0.19131698481647297, 0.968431234015097], [0.1818654217488368, 0.9585405438870417, -0.2193740962302806]], "T": [0.013241334709915686, -0.04481563777263838, 0.08703672612893654], "aligned_model": [[-0.4712852814483533, -0.34644858062207484, 0.09370431691734164, -0.5958811740076465, -0.27334452538121506, 0.41830759491923614, 0.1754934515810866, 0.4603545251070104, 0.5956910961395688, -0.14114998533869513, 0.49509194952984736, 0.07608553909069896], [0.05593658054239207, -0.6727216993904257, -0.0818685420006143, -0.44498926151944235, 0.016761869947481696, 0.5944927890458904, -0.6757883984125174, -0.62578048557098, -0.07263412687491559, 0.6647118162759941, 0.2613363710342486, -0.15242913788563334], [-0.13585385721550475, -0.33377504216789583, -0.6172834066012056, 0.323398643628068, 0.6449906255938428, 0.5641815469313944, 0.5886776224888967, -0.15149916578740436, 0.3886911905641875, -0.06358072796230019, -0.21271452811057456, 0.10912824667449862]], "inverted": false, "swapped": false, "error_lsq": 0.03705263681779051, "error_max": 0.1852096689381096, "target": "662.xyz", "model": "16.xyz", "model_rescale": 3.795458400668931, "target_rescale": 3.799301258887865},
{"mapping": [4, 10, 11, 2, 0, 3, 5, 9, 6, 7, 8, 12], "R": [[0.9671445375236858, 0.1362874505315548, -0.21460935293156463], [-0.17342621798369265, 0.97093313190191, -0.1649612084431397], [0.18588918864196652, 0.19676022007193741, 0.9626684919240238]], "T": [-0.020844778831957192, -0.031141128014341046, 0.12431330067932], "aligned_model": [[-0.5988225591868025, -0.24133501890937414, 0.09215915890241788, -0.5821189934474137, -0.16091339566474966, 0.39840655212513315, 0.22696280609576547, 0.5392368075583723, 0.537002841914153, -0.16006844942395043, 0.5590168021400187, -0.12290762561676487], [0.026695853322355897, -0.662709411941186, 0.027363578884818232, -0.4283138709693502, 0.1832037917334021, 0.5623156679143522, -0.696639464612077, -0.665695817714971, -0.09710130015047094, 0.6009485619507129, 0.1640783134776045, -0.14711812670371222], [-0.15513679753182508, -0.17802627632049906, -0.6751538209399364, 0.29393910290988584, 0.6585861012458384, 0.47704448660802257, 0.4378096624807993, -0.16133480696370828, 0.5009180520400195, 0.013164423344772996, -0.16436764585333086, 0.05691866701596428]], "inverted": true, "swapped": false, "error_lsq": 0.03684205864974837, "error_max": 0.1961981310704735, "target": "662.xyz", "model": "17.xyz", "model_rescale": 3.7474275329858107, "target_rescale": 3.799301258887865},
{"mapping": [2, 0, 1, 6, 9, 12, 4, 8, 5, 7, 3, 13], "R": [[0.9624174053550778, 0.2701307794038153, 0.027966048850120325], [0.26998851815682473, -0.940597057531382, -0.2058722308296777], [-0.02930764291242095, 0.20568553031750542, -0.9781791884337576]], "T": [0.14274099111590866, 0.013099108332957451, 0.03277462683687059], "aligned_model": [[-0.5444037261136522, -0.20059059006434754, -0.05388122371372514, -0.4425928530339681, -0.19414927732784315, 0.29219428358546223, 0.09044341829293262, 0.5636692518938207, 0.536463673975615, -0.17671791454364727, 0.5613654517215205, 0.05481843181463732], [-0.052666514285513666, -0.6666265180032265, 0.11048213954966728, -0.3400222915063439, 0.06855630533467093, 0.5221352779757482, -0.6789978492827824, -0.5654145196953694, -0.10544891483153529, 0.6951476883244495, -0.0786664987811238, -0.04145052960716219], [-0.13257271748650884, -0.3125352181531279, -0.6232548440531278, 0.3901097347238399, 0.6082341060225775, 0.5598256819339131, 0.4882881690685676, -0.03790657775589609, 0.6278786109235507, 0.019544957049408687, -0.49345898634541063, 0.010208232108216673]], "inverted": true, "swapped": false, "error_lsq": 0.04845008868981738, "error_max": 0.3451208317529775, "target": "662.xyz", "model": "18.xyz", "model_rescale": 3.922800546911778, "target_rescale": 3.799301258887865},
{"mapping": [3, 12, 7, 5, 1, 10, 8, 13, 4, 2, 11, 14], "R": [[-0.5258318547679207, 0.6755136016850313, -0.5168967348028478], [-0.759080576831226, -0.0984777571571068, 0.6435050965010916], [0.3837936143149096, 0.7307417500621016, 0.5645519961237189]], "T": [-0.005857324982196495, -0.09195708345027936, 0.17918022718742482], "aligned_model": [[-0.4426771073911372, -0.27168854482713, 0.08355537985305819, -0.6179108371618621, -0.3565463152185663, 0.478518421899411, 0.08671388580915101, 0.4637596512344345, 0.6900199302536303, -0.19722294989927402, 0.5715116348440481, -0.0014142229089582799], [0.008424418157893993, -0.6437497245413073, -0.06904865617077471, -0.5308842431551781, 0.12608808700904892, 0.5374420762008632, -0.5852604361988413, -0.5074558140740919, -0.08308572761966501, 0.598054160170236, 0.09097868616388821, -0.07447505075059367], [-0.2771762950801979, -0.3142492899272852, -0.6143508630871015, 0.3027406046862059, 0.7935551613296012, 0.32002581968724897, 0.5291416923821954, -0.10123811621994588, 0.37803515869113136, 0.19899547548645613, -0.19555061114008365, 0.08443241122777838]], "inverted": true, "swapped": false, "error_lsq": 0.03814790538852718, "error_max": 0.1910021638062262, "target": "662.xyz", "model": "19.xyz", "model_rescale": 3.9282355846067225, "target_rescale": 3.799301258887865},
{"mapping": [7, 5, 6, 2, 10, 11, 1, 3, 0, 9, 4, 13], "R": [[0.9943917006902471, -0.03651380715164188, 0.09925667476624045], [0.060085941175849235, -0.5772826944830202, -0.8143306271554797], [0.08703347213211082, 0.8157275479826075, -0.5718511538773988]], "T": [-0.017323934367339575, 0.03676709744502611, -0.04736178555796676], "aligned_model": [[-0.6179858584232494, -0.15242390933839955, -0.01671782993258618, -0.5199804033325661, -0.27502675897653606, 0.3856517509813479, 0.11501574015833503, 0.4987152849273643, 0.5633439849705404, -0.10312841225424348, 0.5989716150381289, 0.010183722668669251], [0.02472969466958319, -0.6156189284312168, -0.19405425548479355, -0.4771157479355241, 0.11836182571036837, 0.41985808532229213, -0.5723770018931492, -0.5037299060420847, -0.1508487633098315, 0.7170317040120704, 0.14918599287400652, -0.04839492430024181], [-0.21215902553332894, -0.25671942753172694, -0.6585615808181796, 0.3551020088271652, 0.7706638274268666, 0.404539822484017, 0.36848731338843504, -0.13636505804119425, 0.47015347454734635, 0.043756170216542004, -0.1304859858449584, 0.0859496089150197]], "inverted": true, "swapped": false, "error_lsq": 0.03406145894517097, "error_max": 0.24516224697254424, "target": "662.xyz", "model": "20.xyz", "model_rescale": 4.067790424073018, "target_rescale": 3.799301258887865},
{"mapping": [11, 2, 6, 3, 12, 1, 0, 4, 7, 10, 5, 14], "R": [[-0.46884526224034007, 0.7869331018806032, -0.40114886668088634], [0.20467100622387646, 0.538586471517081, 0.817333709025932], [0.8592403035740893, 0.30109949495698823, -0.4135761052703045]], "T": [0.08803807888106391, -0.05812733136189758, 0.06487425614431615], "aligned_model": [[-0.4891242585735997, -0.0046123976647372, -0.16854767646847052, -0.6438218914641956, -0.4797326256703663, 0.6116431674758045, 0.12901116342305963, 0.5330406965926147, 0.5099529892300402, -0.10567631340095596, 0.5346154767268805, 0.05987059628073088], [0.19877416319833735, -0.7799170095881414, -0.28227899629224723, -0.4911592217168109, 0.06967010894415823, 0.5018244000941057, -0.6064540799801847, -0.512974374642014, -0.0723724759196464, 0.7137127532968789, 0.12014446587058808, 0.008058041926454644], [-0.0726666915612114, -0.09055251484711806, -0.5919945922234786, 0.08955992795422134, 0.5631895260308412, 0.35744368536742704, 0.5144485132073416, -0.42252633083264085, 0.6800562141783035, 0.25987281893494074, -0.27754933373033713, 0.09507992555771366]], "inverted": false, "swapped": false, "error_lsq": 0.05701005873805951, "error_max": 0.2875274867012215, "target": "662.xyz", "model": "21.xyz", "model_rescale": 4.186013935880536, "target_rescale": 3.799301258887865},
{"mapping": [9, 2, 8, 1, 7, 4, 0, 5, 6, 10, 11, 12], "R": [[0.6608089678281948, -0.6052791790256151, 0.44381147289802386], [-0.438331135049519, 0.16877345685219416, 0.882825767809459], [-0.609259652434031, -0.7779155710616917, -0.15378569574484402]], "T": [0.08518712546634782, -0.09642536771378354, 0.07707468323343113], "aligned_model": [[-0.40353542270363024, -0.03909011218891295, -0.07760954512255389, -0.5116670581596923, -0.22205616413008666, 0.41004409812648984, 0.04106348291046344, 0.5745450256272886, 0.38711512363656964, -0.2208446970636488, 0.42049314304694857, 0.12816105250756984], [0.16273591824039638, -0.7187608223303753, -0.1545655426486462, -0.3978169359293414, 0.17492106637338298, 0.4832205025293699, -0.6964499886147262, -0.6613676882667163, -0.13865668838638345, 0.6659589652058105, 0.22876527099234398, -0.0809562819736362], [-0.20477005950829757, -0.3062697480459721, -0.6697754321226075, 0.3738093155718318, 0.6855945379522347, 0.37049377121615035, 0.476839613519533, -0.1226946740594184, 0.5428094237159993, 0.22341020576839082, -0.34811574679057344, 0.08302994081873225]], "inverted": false, "swapped": false, "error_lsq": 0.043755473925287884, "error_max": 0.2161697365569282, "target": "662.xyz", "model": "22.xyz", "model_rescale": 4.166573947596378, "target_rescale": 3.799301258887865},
{"mapping": [2, 4, 3, 1, 5, 14, 0, 8, 10, 12, 9, 15], "R": [[-0.12723369976331217, -0.3865479965355232, 0.9134507277455706], [0.8123713819051295, 0.4877787641633164, 0.3195694213983215], [-0.569090786699354, 0.7827212298166448, 0.2519586332877473]], "T": [0.05040401734627352, 0.011388878356050153, 0.06234714322271511], "aligned_model": [[-0.5484109385436813, -0.1396931734521844, 0.0018870432021591416, -0.5363603757951156, -0.19938545450934658, 0.46371384129220083, -0.115176750215482, 0.5239362836730022, 0.6080017421140352, -0.1049302704236554, 0.532984498009929, 5.248113494421558e-05], [-0.072023762316448, -0.6300204132821277, -0.12486269964414629, -0.3172226076509257, -0.12002477604640174, 0.6278068469408217, -0.729798605326092, -0.6040738344462865, 0.05264108747236812, 0.6469035828703208, 0.15181926261194453, -0.014116305991548748], [-0.23307157515451254, -0.24147960348556813, -0.5211837151973175, 0.2986120349710361, 0.8442663541313797, 0.33653985037565187, 0.3623136184905497, -0.16359971362341674, 0.5606685913673014, 0.025284026538266238, -0.26604980125495686, 0.10206108087758978]], "inverted": false, "swapped": false, "error_lsq": 0.04772181587055257, "error_max": 0.3119565890265933, "target": "662.xyz", "model": "23.xyz", "model_rescale": 4.274766983524099, "target_rescale": 3.799301258887865},
{"mapping": [8, 4, 9, 10, 0, 2, 7, 1, 6, 3, 11], "R": [[0.09830265273320621, -0.5849636003891714, 0.8050802287259032], [-0.8565784209081759, 0.36206956691616826, 0.3676670199346068], [-0.5065668734728622, -0.7257569944085116, -0.4654747982082953]], "T": [-0.19518729507942284, 0.1161530277714281, -0.042900187836389846], "aligned_model": [[0.35398723350332334, 0.27770627717715357, -0.5813721310855782, -0.3941635743592244, -0.3552498830864689, -0.7223880360189714, 0.03243941195929201, -0.04851851217852912, 0.6904892651871135, 0.19947923848999932, -0.07251458563003468], [-0.22603717341913337, 0.6570768464935556, 0.5113886699501242, -0.3561710923025897, 0.5387482147134461, -0.13513563330846506, -0.6104489773960867, -0.06994808685048191, -0.0208159356589767, 0.5429842500918798, 0.08394544893021136], [-0.5133973024321788, -0.30379455497182395, -0.5024441669660341, -0.2894099202211514, 0.27481512822038456, 0.35284072251786525, 0.14343276044059164, 0.67297501530364, 0.1428965530367425, 0.46763193300754213, -0.06597973391400036]], "inverted": false, "swapped": true, "error_lsq": 0.0439900103187826, "error_max": 0.21409790182201868, "target": "662.xyz", "model": "24.xyz", "model_rescale": 3.7841303162186577, "target_rescale": 3.799301258887865},
{"mapping": [8, 5, 4, 9, 10, 7, 13, 3, 11, 0, 6, 15], "R": [[0.9255435091642656, -0.10329191843630998, 0.36428010133638106], [0.36873563548780863, 0.02725919704640506, -0.9291345259421735], [0.08604210460756567, 0.9942774842880293, 0.06331698407669756]], "T": [-0.09021045892021246, -0.06917505310426302, 0.11710111736200081], "aligned_model": [[-0.5368114600166949, -0.11285310352222439, 0.06791564624077095, -0.5837576964005626, -0.23538549417452675, 0.2284525226124069, 0.2710619209937509, 0.47602133971492194, 0.5667009527836191, -0.1776033188100241, 0.5498215039882743, -0.026943886922906057], [0.19431176025070873, -0.7673643973315357, -0.16665735191470427, -0.3160656418863661, 0.1884554542869965, 0.4350339426733261, -0.6702890669545674, -0.5572258425739205, -0.11318001654324479, 0.6604674054343884, 0.05091461177098629, -0.07137308202058865], [-0.16676509874432832, -0.41333049528622856, -0.6055313474107942, 0.3110002408062932, 0.83668838522979, 0.37600795944609094, 0.4637193614506777, -0.18321515716473236, 0.5120169685615937, 0.08084756457685294, -0.19589091302965134, 0.08881367960043918]], "inverted": false, "swapped": false, "error_lsq": 0.0431555859417985, "error_max": 0.24263561973656309, "target": "662.xyz", "model": "25.xyz", "model_rescale": 4.19342608120988, "target_rescale": 3.799301258887865},
{"mapping": [1, 2, 0, 8, 10, 7, 6, 4, 3, 9, 5, 11], "R": [[-0.9702505924076459, 0.211181999814066, 0.1183889812742065], [0.15980849885012471, 0.19131698481647297, 0.968431234015097], [0.1818654217488368, 0.9585405438870417, -0.2193740962302806]], "T": [0.013241334709915686, -0.04481563777263838, 0.08703672612893654], "aligned_model": [[-0.4712852814483533, -0.34644858062207484, 0.09370431691734164, -0.5958811740076465, -0.27334452538121506, 0.41830759491923614, 0.1754934515810866, 0.4603545251070104, 0.5956910961395688, -0.14114998533869513, 0.49509194952984736, 0.07608553909069896], [0.05593658054239207, -0.6727216993904257, -0.0818685420006143, -0.44498926151944235, 0.016761869947481696, 0.5944927890458904, -0.6757883984125174, -0.62578048557098, -0.07263412687491559, 0.6647118162759941, 0.2613363710342486, -0.15242913788563334], [-0.13585385721550475, -0.33377504216789583, -0.6172834066012056, 0.323398643628068, 0.6449906255938428, 0.5641815469313944, 0.5886776224888967, -0.15149916578740436, 0.3886911905641875, -0.06358072796230019, -0.21271452811057456, 0.10912824667449862]], "inverted": false, "swapped": false, "error_lsq": 0.03705263681779051, "error_max": 0.1852096689381096, "target": "662.xyz", "model": "26.xyz", "model_rescale": 3.795458400668931, "target_rescale": 3.799301258887865},
{"mapping": [8, 6, 5, 1, 9, 4, 0, 7, 3, 11, 10, 12], "R": [[-0.6238021498916879, 0.10045364412075142, -0.7750999568916063], [0.02181091214778052, 0.9935572845688323, 0.11121243811503417], [0.7812779031188518, 0.05246892092534332, -0.6219741557614272]], "T": [-0.07394774393192985, -0.044358162909602025, 0.2094991443896902], "aligned_model": [[-0.5861182003175606, -0.3762307370110226, 0.05227972465705957, -0.5635429878888575, -0.12378246007942359, 0.44789608020199234, 0.18073217263945277, 0.5817187296959424, 0.5463748169811508, -0.16530323146225664, 0.45851821417802807, 0.0340768048923004], [0.03841075733928291, -0.6156502641787146, -0.21854710967970403, -0.36490126437743076, 0.08851360165111515, 0.5906770434688324, -0.7812156165666098, -0.3967801662221351, -0.21899948240051725, 0.6440111594084779, 0.23990501714681406, -0.13839590039793281], [-0.30195216272833925, -0.30376227710868553, -0.5120168324791332, 0.29839114485863527, 0.6147594130620933, 0.3620523892249557, 0.49838047846688266, -0.11624355402577352, 0.5697447395002574, 0.038103570576425744, -0.169131119096326, 0.12603535778501018]], "inverted": false, "swapped": false, "error_lsq": 0.04387884250995578, "error_max": 0.2565787037386123, "target": "662.xyz", "model": "27.xyz", "model_rescale": 3.6321398670334006, "target_rescale": 3.799301258887865},
{"mapping": [11, 9, 10, 13, 1, 3, 6, 12, 7, 5, 8, 14], "R": [[0.40230594555637084, 0.47822010040590945, 0.7806762848567624], [-0.8519036888802656, -0.11673763390736197, 0.5105217230460489], [0.33527605199624755, -0.8704469314079252, 0.36043322344137046]], "T": [0.052402520717053466, -0.04701195160302207, 0.07527678257319573], "aligned_model": [[-0.5170449116831083, -0.15524877096787298, -0.0039659202080900985, -0.6149830251962011, -0.2022999561185102, 0.37682302953802516, -0.010552651422931367, 0.6286649423969658, 0.76180220571139, -0.2746853312274326, 0.49608382511746024, 0.0020254905471104867], [-0.03189966690994478, -0.5837379241449023, -0.009562546711844228, -0.4747150859169069, 0.20424056111972483, 0.521753444649778, -0.7281293707891557, -0.6387143556419402, -0.042023578321144894, 0.7367211552469966, -0.03381483792764636, -0.05309001946153549], [-0.22141679167965514, -0.26439707965465287, -0.6993791242251529, 0.27058140084474724, 0.6403130816643602, 0.28220028883575166, 0.4440899395006731, 0.03895024579748074, 0.38771011476711126, 0.30054390380122065, -0.18930279356743537, 0.11446796195155484]], "inverted": false, "swapped": false, "error_lsq": 0.048076824119428395, "error_max": 0.2862544677016598, "target": "662.xyz", "model": "28.xyz", "model_rescale": 4.156811204709835, "target_rescale": 3.799301258887865},
{"mapping": [8, 10, 7, 1, 9, 5, 6, 4, 3, 11], "R": [[-0.4367284208168723, -0.3269526013806524, -0.8380753444059938], [-0.4342003754150585, -0.7393033259571943, 0.5146849776494866], [-0.7878694818561149, 0.5886701866742146, 0.1809118317875376]], "T": [0.0368802298799456, -0.1409573001514586, 0.0882495003862541], "aligned_model": [[-0.6335391293120078, -0.042814439744038424, 0.11327390586680267, 0.5769384257320542, -0.17053235439108855, -0.6685267805845496, -0.26448330914951984, -0.4618044568886564, 0.24000498524187017, -0.045591472660278604], [-0.042982850159796415, -0.5670099257668237, -0.0748339422477459, 0.29242837627521356, -0.5730657096266517, -0.5080167951078683, 0.6271020771002703, 0.2632032213842346, 0.5655893781557854, -0.06369349938041374], [-0.33718348076043975, -0.2799577810734054, -0.6891024579267656, -0.21030813855987446, 0.6237800331391908, 0.10065257375331614, -0.3079432628328171, 0.5032924320933377, 0.32933400136637886, 0.026222807776178546]], "inverted": false, "swapped": true, "error_lsq": 0.050585628054958656, "error_max": 0.24441467041498405, "target": "662.xyz", "model": "29.xyz", "model_rescale": 4.117894457231895, "target_rescale": 3.799301258887865},
