[{"mapping": [1, 10, 14, 11, 15, 12, 13, 5, 8, 4, 3, 6, 0, 16], "R": [[-0.3276238186506003, -0.4004017804666153, -0.8557692724396938], [-0.4271390433747489, 0.8706824692484947, -0.24385297900220237], [0.8427424701993503, 0.2856404242093695, -0.45628354888138206]], "T": [0.027100734305070658, 0.13779771230394816, 0.1230464897902122], "aligned_model": [[0.034249358220236725, 0.18020475778791464, -0.6346797346301769, -0.4514341745148364, -0.6824951055528639, -0.09904704335014819, -0.6299528752120196, 0.08084235785318195, -0.3335742615288263, 0.45304034729934695, 0.6084261163322682, 0.13154712645110278, 0.6902593716984183, 0.02410586027470531], [-0.5946668504130179, -0.5539625790705889, -0.4092750450701291, -0.44733781695725944, 0.23995498290759765, 0.3458189843025647, 0.15501925408884146, 0.392279248827244, 0.8070610956949011, -0.025712979098182792, 0.5237399216565461, 0.7043596232366647, -0.004334975953205422, 0.10233046765805819], [0.3816711637588731, -0.30185332139811977, 0.3098987158114941, -0.2215862062940715, 0.362968698627655, -0.5945098600749733, -0.23964467800227734, 0.7031299775746888, 0.32555437698958223, 0.5994288012438305, 0.4123035140976881, 0.00552137460571088, 0.0763302694616564, 0.07837526077809656]], "inverted": false, "swapped": true, "error_lsq": 0.045704649155163604, "error_max": 0.22223046056261495, "target": "663.xyz", "model": "0.xyz", "model_rescale": 3.8414455957264533, "target_rescale": 4.2411531741616395},
{"mapping": [12, 13, 3, 8, 6, 5, 4, 2, 1, 0, 7, 11, 14, 10, 16], "R": [[0.7947191389403797, -0.2960957841888899, -0.529857317385943], [0.19350849049821767, -0.7037986688561306, 0.6835363178510998], [-0.5753050967156147, -0.6457512836238926, -0.5020252238594515]], "T": [-0.033104998169235164, -0.028071725714683405, -0.05369793300908892], "aligned_model": [[-0.7631509746022456, -0.545840127709082, 0.2066040865174058, -0.29129095669514776, -0.36292365272791977, 0.34422065173625693, 0.5700954717304542, -0.3227797770719091, 0.5258204030265545, 0.20144573076076638, 0.3992964065188017, -0.19334084296319587, 0.17124182186647524, -0.01297632831802692, -0.05437775856464321], [0.08985857529325818, 0.32480556259337634, -0.6750774265487369, -0.5437008706168656, -0.5136866378608919, -0.47010224198529027, -0.20989005434286545, -0.19010051105027936, 0.5103044578593907, -0.13227020451279878, 0.08370009186221078, 0.7723584136558193, 0.6207757094559634, 0.6608386538501048, 0.01923101039061916], [0.11122187490151414, -0.47338974470866524, 0.25368357695397875, -0.5889324321710361, -0.020360076786563062, -0.3113415705047318, 0.14172902335583398, 0.4941881715114243, -0.019119886450999386, 0.5758194354859804, -0.5525180116325823, -0.20792830551682795, -0.6099309132501987, 0.4018350711245529, -0.029774424972145143]], "inverted": false, "swapped": true, "error_lsq": 0.041594954521364254, "error_max": 0.2756643175383926, "target": "663.xyz", "model": "1.xyz", "model_rescale": 4.316132596720782, "target_rescale": 4.2411531741616395},
{"mapping": [7, 1, 11, 6, 13, 5, 12, 3, 10, 4, 0, 16], "R": [[0.10006965649683619, -0.9731552851996481, -0.20725553005070074], [-0.8180894844569344, 0.03808558133444373, -0.5738284446726258], [0.5663176310778187, 0.22697638507652992, -0.7923168945239011]], "T": [-0.12813630063029632, 0.029155655939903036, -0.05103414692817109], "aligned_model": [[-0.195435933036745, 0.46497372737646414, 0.14158803787212162, -0.5363304453302807, -0.45767966777615576, -0.3705366101399441, -0.2990749765517592, -0.1702352212527142, 0.5764941429977882, 0.18948685581072314, 0.35009400626154497, -0.09553536159926271], [-0.5561078664852817, -0.4560373295066375, -0.48892864904788774, 0.4518681283523078, -0.29944406522411954, -0.03963441334992236, 0.34304709573757614, 0.542692373212028, -0.041354438251958406, 0.062024469573866245, 0.4676399033295449, 0.02701121940146435], [0.2671210881615572, 0.07644299610824101, -0.6417865281490541, -0.030901925222045552, -0.6400878820802891, 0.5326231871727339, -0.7191100106884797, 0.5012954066501653, -0.4765188785069243, 0.5261448360304503, 0.15192107725605086, -0.09788490552298457]], "inverted": false, "swapped": true, "error_lsq": 0.04665849054586311, "error_max": 0.25237510538601693, "target": "663.xyz", "model": "2.xyz", "model_rescale": 3.795458400668931, "target_rescale": 4.2411531741616395},
{"mapping": [11, 10, 1, 3, 15, 5, 0, 12, 2, 6, 7, 16], "R": [[-0.757218521803905, 0.6395249944638869, 0.13277007077302744], [0.6429164978781116, 0.7656419570677585, -0.021231352608749053], [-0.11523231748625659, 0.06928329548612937, -0.9909194407081375]], "T": [0.09345464793920952, 0.0587717206210775, 0.05951556188056312], "aligned_model": [[-0.16663396539796302, -0.2924280944020897, -0.6619223878801753, 0.20072698650533888, 0.14255128172383907, 0.003340108487767668, -0.08359287414041178, 0.6554654717155729, 0.40086621205244044, 0.6217809571291382, -0.3136490300279956, 0.08679915997810372], [-0.2002727982113755, -0.6196519032012588, -0.03653348291872242, 0.14475211286724077, 0.6382453730076705, 0.579811113847489, -0.36459932472379664, -0.34831310295172674, -0.42501001628430435, 0.1411669035770241, 0.5644010100345974, 0.011773160246872527], [-0.6857366050056541, -0.21131443660562294, -0.09464218972599778, 0.8022538956078569, -0.42352153495059364, 0.41242233118196814, 0.5610877077892524, -0.24462093217767023, 0.34551792135085363, 0.3040476564910427, -0.10446919927525622, 0.027746815958921277]], "inverted": false, "swapped": true, "error_lsq": 0.0453931361350236, "error_max": 0.20722524185682825, "target": "663.xyz", "model": "3.xyz", "model_rescale": 3.7530521520055578, "target_rescale": 4.2411531741616395},
{"mapping": [6, 15, 13, 11, 12, 1, 2, 4, 0, 10, 16], "R": [[0.3479153765861375, 0.4251744129915163, -0.8355726235775355], [-0.7550533858783687, 0.6553850981333744, 0.019098628702563125], [0.5557420941484793, 0.6242572319821587, 0.549047933344108]], "T": [-0.22575017159496677, -0.08919155228905368, -0.05199670289944734], "aligned_model": [[-0.41819151641954355, -0.15444164770890487, 0.33867298836139914, 0.5035955209593059, 0.31122728948514644, -0.12312462502336766, -0.15373078267973572, -0.7188671571344292, -0.41382313617763034, 0.34070270429631677, -0.17382003551335268], [-0.6431025575086728, -0.09238727496316727, -0.2911654735010074, 0.25789241535017576, -0.6064910091460685, 0.6802236469543301, -0.4193200511850441, 0.28755501596235306, 0.036518898417359336, 0.3357047138346279, -0.07822496590053982], [-0.008839692462166676, -0.8046120840551166, -0.5038749410684298, -0.24626075498765887, 0.08264988959555176, -0.0218237214495221, 0.492220505734441, 0.17160577622292472, 0.589087478186525, 0.3735703243779812, -0.030892002849213167]], "inverted": true, "swapped": true, "error_lsq": 0.04465912495872045, "error_max": 0.2553792388948754, "target": "663.xyz", "model": "4.xyz", "model_rescale": 3.7855080009869324, "target_rescale": 4.2411531741616395},
{"mapping": [1, 2, 4, 11, 12, 13, 6, 14, 8, 5, 0, 3, 7, 10, 9, 15, 16], "R": [[-0.8645221049087013, 0.4853969195712877, -0.13035091328768472], [-0.29188145249174813, -0.6960275743718962, -0.6560113058517224], [-0.40915369705715254, -0.5290892610748016, 0.743409581589977]], "T": [0.030711427517675104, -0.0014455692621713132, 0.06876551024869748], "aligned_model": [[-0.0877196846079687, 0.47234508565977246, -0.6288632292157263, -0.05949234273826726, 0.4027104506265435, 0.2269329257342517, -0.4324780442344882, 0.7055127993343243, -0.03348439895739939, -0.4556892444876317, -0.2730279839950033, 0.1592318557395537, -0.6480241272627723, -0.06940584796612598, 0.5018230275880191, 0.524778164931084, 0.08244534284953785], [-0.552051848906519, -0.589972761172419, -0.2642554263261552, 0.13209378664382326, -0.06994859826408645, 0.5549393809438408, 0.3103590330445317, -0.02709931763264444, 0.679306395869835, -0.3935770029610502, -0.7199048251891376, -0.4774891058761255, 0.1797754552628193, 0.22925824996198654, -0.12997848434408774, 0.5628472950009146, -0.012539681188979487], [-0.43711069544422065, 0.13495572068014294, -0.13834082739062262, -0.7099942399670962, -0.49691047901880125, -0.3517110642442151, -0.2693328057856674, 0.027748534229223923, 0.23539543491925002, 0.5833046920389197, 0.0744708399775808, 0.5579297527858889, 0.32923903831421825, 0.7526635677246436, 0.5868843858638864, 0.41051063312434044, 0.07810761283731574]], "inverted": true, "swapped": false, "error_lsq": 0.038514677823050736, "error_max": 0.23372599358763957, "target": "663.xyz", "model": "5.xyz", "model_rescale": 4.2253639853439635, "target_rescale": 4.2411531741616395},
{"mapping": [15, 5, 2, 12, 6, 0, 9, 13, 4, 7, 3, 10, 11, 16], "R": [[-0.37158324645636165, -0.10868961001576843, -0.9220154335083394], [-0.8525739695167218, 0.4330509282189987, 0.2925483209166709], [0.3674826764018281, 0.8947924129334601, -0.25358040204492455]], "T": [0.009176880683764994, -0.00041759376305924856, -0.03919651757278457], "aligned_model": [[0.6384675798477176, -0.16001253247507746, -0.43607843092415555, 0.12435406906733337, -0.24519507059993179, -0.5790307920311292, 0.30172300018274517, 0.6589697320357474, -0.3864979959880291, 0.3541724909613063, -0.6792130455841462, 0.0954413514888782, 0.6612621567653599, 0.025699640011164974], [0.0033988378678037057, 0.2593403537287101, -0.35750255654206065, -0.68057345294936, -0.4504528950293383, 0.15654766277618895, -0.38247199336732374, -0.3709924801861444, 0.5175746560322163, 0.47709945619822836, 0.035668219996311396, 0.1756402770510804, 0.07144797593965868, -0.009624914880980677], [-0.45812811219136057, -0.5942159933778027, 0.2516333728758368, 0.27416501346400773, -0.3193335170310469, 0.263354513926513, 0.6272019088372355, 0.02408392458704521, -0.14031935331822032, -0.3573802391929736, -0.34802873467202294, 0.7633463532311405, 0.47048090431510564, 0.014698167477991492]], "inverted": true, "swapped": true, "error_lsq": 0.04738620582061785, "error_max": 0.23554240089942588, "target": "663.xyz", "model": "6.xyz", "model_rescale": 3.89814844738969, "target_rescale": 4.2411531741616395},
{"mapping": [6, 8, 5, 12, 4, 15, 13, 2, 11, 14, 7, 1, 16], "R": [[0.0637829733114724, -0.04784028126942097, -0.99681645241419], [0.9509923344250624, 0.30574704446749745, 0.0461771010800926], [0.3025645586983363, -0.9509101178804722, 0.06499719634129023]], "T": [0.07089328295676615, -0.044325830876402725, -0.009817515714303272], "aligned_model": [[0.20032656028059298, -0.01935420622725463, 0.448063011794552, -0.3553957373203479, 0.6407874294632258, -0.3966525145602901, -0.6649616145302996, 0.27305172967356695, -0.6089683794703452, -0.4952945273438038, 0.009575291202099719, 0.07739727790657766, 0.04005748003594825], [-0.28145594972121135, 0.2009419753688998, 0.3950764838029592, -0.6386864814725268, 0.192080873565241, 0.48440203759932965, -0.0505207884432373, -0.650635711020678, -0.028269892726116054, 0.5139131383990372, 0.6157498228511802, 0.2874902701076072, -0.0763045128399997], [-0.5320530314627487, -0.7519148592355136, -0.27214263619630713, -0.20752010764787449, 0.22349116106203212, -0.2806916534527758, -0.15827661048660438, -0.052994824532590246, 0.46734206826714797, 0.3642899046123743, 0.08412725562427067, 0.6925342007518099, 0.026084163533075206]], "inverted": false, "swapped": true, "error_lsq": 0.045831287911967125, "error_max": 0.24708253888743584, "target": "663.xyz", "model": "7.xyz", "model_rescale": 3.7474275329858107, "target_rescale": 4.2411531741616395},
{"mapping": [0, 10, 9, 2, 13, 6, 3, 5, 12, 8, 4, 7, 1, 14, 16], "R": [[-0.010624327407135481, -0.08397453616210973, 0.9964112609477596], [0.8561565594549829, -0.5155753353311244, -0.034322285768940086], [0.5166072680183198, 0.8527193857738646, 0.0773729911279814]], "T": [-0.029030998197185805, -0.08122272735996965, 0.05116438091477209], "aligned_model": [[-0.502838749000548, 0.2687949165051892, 0.5578973778522441, -0.2414570955128597, 0.6783355915549005, -0.23342837417736997, -0.764436303424873, -0.43498799513787667, 0.3589148369121415, -0.042119066844224756, -0.5577595646546063, 0.05170598823309878, 0.06723977378372784, 0.5900497152326563, 0.00624267101714706], [-0.023824663917740005, 0.21900065774609884, -0.2898511559001839, -0.4876567756509954, -0.27970034474261524, -0.6119992045976319, -0.24772357166539782, 0.053402483458068986, -0.6665929735673216, -0.4852239232479114, 0.31259338634969897, 0.4143374316279375, 0.6615587857433396, 0.4996439916270952, -0.07884616128284865], [-0.43295870493647465, -0.6585388217300002, -0.48514235893235774, -0.3960833199237055, 0.20543704076147695, 0.2002000959456896, 0.09607229501461703, 0.5215055725832692, -0.2332876018865298, 0.7261614990759115, 0.029824784365086204, 0.494094457410616, -0.15486892391624385, 0.27807553164681614, 0.006303110218090387]], "inverted": false, "swapped": true, "error_lsq": 0.046661688717538216, "error_max": 0.3513244577713142, "target": "663.xyz", "model": "8.xyz", "model_rescale": 4.019505241142653, "target_rescale": 4.2411531741616395},
{"mapping": [6, 12, 0, 4, 5, 1, 10, 8, 15, 13, 9, 14, 16], "R": [[-0.9075936348966822, 0.3775575004067223, 0.18364130194935901], [0.24088334550586227, 0.8265130255687081, -0.5087744415978099], [-0.34387353453403646, -0.41752431360567227, -0.8410852749841606]], "T": [0.015283619594690514, -0.14600192190422462, -0.08240331159372677], "aligned_model": [[-0.45114812373177016, -0.6573888706499283, 0.08341617909559643, 0.48268839857657986, 0.2746931108442593, 0.6988927984930743, 0.16679272344201432, -0.28814640661639396, 0.11661926812506632, -0.2721840343023662, -0.35437748902038485, 0.5138650696123819, 0.005978147873047039], [-0.48949477744090447, 0.1847640540715733, -0.02628686026932653, -0.3555133099896476, -0.7252672552547759, 0.2228320184399643, 0.6477553501350364, -0.7685156623522729, -0.36460343067449275, 0.10147000433530975, 0.5751530863776602, 0.15075128037725388, -0.08966626964131849], [-0.18323826319227052, 0.027954364387612646, -0.7481282871023831, -0.49802111394802845, -0.11851780675788698, -0.09146837758849971, -0.25418042535825347, 0.29098152405517913, 0.6341645476314848, 0.5654245236848925, 0.05515314161754847, 0.5775283666337125, -0.08094870001922908]], "inverted": true, "swapped": true, "error_lsq": 0.0444508455120369, "error_max": 0.24923775424057623, "target": "663.xyz", "model": "9.xyz", "model_rescale": 3.877068213659057, "target_rescale": 4.2411531741616395},
{"mapping": [11, 9, 6, 0, 2, 10, 4, 12, 13, 8, 7, 14, 1, 3, 5, 16], "R": [[-0.6211547175751123, 0.7252869955394331, 0.29685954748932186], [-0.7734136432170103, -0.5061928661835436, -0.3815758361200041], [-0.12648380655235525, -0.46661285486607795, 0.8753709444308482]], "T": [-0.047731813594974686, 0.024016874064875432, 0.01621335007205392], "aligned_model": [[0.11582486872330874, -0.2086490142968922, -0.5323011250417381, 0.27444176048424795, -0.22533877567231492, 0.38282162748265003, 0.4474998142135278, -0.5863980947130336, -0.4497957127980013, -0.6309749333813952, 0.24469415177568982, 0.26206905827458227, 0.6754016578606459, -0.03703910010048516, 0.022845613227427154, -0.039693270721125135], [0.17392803136687698, -0.3251738723372759, -0.12103804861771708, -0.5265110535608863, -0.5886580317872669, -0.37219465971135646, -0.015722525471563414, -0.3201680838678109, 0.3128399731865107, 0.4438976684586913, 0.6241749240119755, 0.6487250760574061, 0.16666351394719597, -0.2442497755204436, 0.34733728993667157, -0.002051548957458668], [-0.784365689348042, -0.7102900127267736, 0.3159886863836677, 0.2513445341619079, 0.07477285055687034, -0.5670131472306683, 0.45011059796495456, -0.39054035791649877, -0.5481329521635487, 0.33642727086042534, 0.0670341595825984, -0.5185004307923095, -0.2290866275803291, 0.722243721556624, 0.5590103681521691, -0.03396864435100558]], "inverted": true, "swapped": true, "error_lsq": 0.03618844515448247, "error_max": 0.27824814561114397, "target": "663.xyz", "model": "10.xyz", "model_rescale": 4.260839863003843, "target_rescale": 4.2411531741616395},
{"mapping": [7, 1, 10, 11, 12, 13, 15, 5, 0, 2, 6, 16], "R": [[-0.6176429233249822, -0.35132253764601024, 0.7036261037003516], [0.2809225588707622, -0.9342079864716236, -0.21985894098293549], [0.7345745266370686, 0.06187012651193206, 0.6757013780223659]], "T": [0.10278105787129184, 0.05316752635266985, 0.036248140901289465], "aligned_model": [[0.4774302400982025, 0.1917441142959217, -0.405564416840516, -0.4708470026713824, -0.561341598972556, -0.4054188625178026, 0.1667261737837633, 0.7174685591944455, 0.20024680263387712, -0.14408907390025005, 0.14019300955719374, 0.0523507044332336], [-0.0007560695496532585, -0.6127594801379667, -0.5975783843216494, -0.21243049033581318, 0.3458748463574555, 0.40271231454331585, 0.4598277151629228, 0.21105610091465546, -0.38039489685757594, 0.020256985178456463, 0.5107609212264228, 0.02650894335236382], [-0.5160340522574689, -0.35371205843120745, 0.011195588979829661, -0.5027875568614718, 0.25381824023804606, -0.39166796354073785, -0.5978366666458259, -0.0008509301508238323, 0.5507260689412855, 0.6264311825544925, 0.40356575726368193, 0.033330467305704894]], "inverted": true, "swapped": true, "error_lsq": 0.0433978935150609, "error_max": 0.2501896408259525, "target": "663.xyz", "model": "11.xyz", "model_rescale": 3.890672605050136, "target_rescale": 4.2411531741616395},
{"mapping": [11, 14, 15, 9, 13, 0, 1, 2, 10, 4, 8, 7, 6, 16], "R": [[-0.47203022648853904, 0.26899474766628717, 0.8395411193081189], [0.5199351204556798, 0.8540009405615785, 0.018704652808248512], [-0.7119374521669134, 0.44533607449643003, -0.5429740739245235]], "T": [0.010729128547233818, 0.03423963299622519, 0.2546420480223373], "aligned_model": [[0.4394745292119755, 0.1971396363946624, 0.34192674349348473, 0.5835827518945353, 0.7112744855502867, -0.43454736654414516, -0.3454291924918327, 0.046515925029009725, 0.04719093043135572, -0.6484713587122897, 0.26502559331042375, -0.18407051428761986, 0.15427016140098906, 0.03599351011285813], [-0.24755611537653494, 0.22692105961975984, 0.6235267729298689, -0.5364118412932087, 0.1459595717787347, -0.42104051749274973, -0.17395811262415967, -0.40149504298260474, -0.6904289386051309, 0.04557563431080013, 0.7071401331169799, 0.4737557385007088, 0.19276540234505957, -0.012601224399757707], [-0.39874870748408925, -0.582185733359545, -0.08384552447782617, 0.10688792753224366, 0.009049359744646046, 0.49257546760072823, -0.40357304563524193, 0.7228285340335211, -0.14037566121829054, 0.23398727962828764, 0.5733073870409104, -0.21136661817622499, 0.8023455743856625, 0.23390419574207968]], "inverted": false, "swapped": true, "error_lsq": 0.0348098874348834, "error_max": 0.1978877229753927, "target": "663.xyz", "model": "12.xyz", "model_rescale": 4.124412569039231, "target_rescale": 4.2411531741616395},
{"mapping": [2, 4, 1, 6, 10, 9, 5, 13, 7, 15, 11, 14, 16], "R": [[-0.2491564802108777, 0.7825911830920991, -0.5705016113171248], [-0.9230787207313627, -0.013683676291398106, 0.3843675745118255], [0.29299611550646537, 0.6223855695223512, 0.725802644765408]], "T": [-0.08683403133714779, 0.073460769499254, 0.09082647456892062], "aligned_model": [[-0.24256522923448415, -0.17499224300959354, 0.5194458321792998, -0.6066009442861491, 0.631479286159907, 0.4244179066205768, -0.4953761085259308, 0.16506689411215064, 0.041095133666893935, -0.06522680237221631, 0.6726753948554649, 0.5388349893037381, -0.040955801959899875], [-0.37175068994478516, 0.5856096863321572, 0.5325867166349277, -0.20037096377728708, -0.13036726066378007, -0.5699721882180895, 0.5563972999750249, -0.29249731823229796, 0.6395528532635013, 0.2587076371930163, -0.09759352776829049, 0.3963076932702715, 0.04087543844410854], [0.524276054932628, 0.49706781107717096, 0.24916235870982328, 0.06690705765681462, 0.4443701130399485, 0.07497895519773518, 0.027489707747847703, -0.5143028605795403, -0.24302868303598907, -0.6418001396353541, -0.19906454061483325, -0.4349718572237988, 0.10061410369538688]], "inverted": true, "swapped": true, "error_lsq": 0.0417656737055598, "error_max": 0.23640525726019315, "target": "663.xyz", "model": "13.xyz", "model_rescale": 3.9028299243045295, "target_rescale": 4.2411531741616395},
{"mapping": [4, 6, 3, 0, 1, 7, 2, 10, 5, 9, 11, 12, 8, 15, 13, 16], "R": [[0.6827255478275502, 0.7115773015068177, 0.16596255699357948], [-0.6962153669475176, 0.5645940014442803, 0.4433032555252323], [0.22174307017290262, -0.418200140499034, 0.8808738010162883]], "T": [0.009964214531134462, 0.012987494167729022, 0.01834372166594636], "aligned_model": [[0.020680213801410878, 0.022270792696939296, -0.053995010474201514, -0.49519492080287514, -0.023462467497378507, 0.5536091948045447, -0.5319412286775568, -0.587165970220941, 0.4558898358763899, -0.4979858338117617, -0.08913896590133671, -0.35252591720079857, 0.5793596933148231, 0.6696473890639759, 0.18747445834643997, -0.029681991737077515], [-0.558101927588599, 0.43310112587644894, -0.12516806864771474, -0.304691666943523, -0.6507640592529014, -0.3326337722966044, 0.22461050292455734, -0.24905409416830968, -0.19816077782440716, 0.3533149739311963, 0.011494693325667141, 0.6526536347695149, 0.4776375589356259, 0.1996897400588862, 0.5003136289430608, 0.018010790078201937], [-0.3115690645428809, -0.39283347254300216, -0.7215092859376668, -0.30732126454939734, 0.4205360795069397, 0.2007757923379959, -0.24979464023291317, 0.5255741828148983, -0.38254605719556345, 0.5677066380690594, 0.8431632612909528, 0.20137748797070149, -0.26254500968069117, 0.3369114708054082, 0.5610814688156461, 0.05915252269484533]], "inverted": false, "swapped": true, "error_lsq": 0.04503240368396803, "error_max": 0.35978786938346213, "target": "663.xyz", "model": "14.xyz", "model_rescale": 3.942246331269136, "target_rescale": 4.2411531741616395},
{"mapping": [13, 12, 8, 2, 0, 6, 7, 15, 14, 5, 4, 1, 9, 10, 16], "R": [[-0.01261681258756267, -0.08532537867245735, -0.9962732535778185], [0.8984128174261524, 0.4364370123979687, -0.04875596059496995], [0.4389706431238122, -0.8956798054905208, 0.07115096985937475]], "T": [0.02169177573921599, -0.0014847062887903507, -0.07850169358798076], "aligned_model": [[-0.7128428164601601, -0.3555569204494349, -0.09817785120570777, 0.2735611722623106, 0.568147083723142, 0.16403540156666727, -0.0937305552815409, -0.4920258374587032, -0.5846884777672626, 0.357249755818465, 0.5725738264524538, 0.00909393584578995, -0.4868673500440561, -0.14058518302234665, -0.00589214744740664], [-0.048428773528929166, -0.5945804183117918, 0.3411795369325633, -0.5755388624720249, -0.3282876865543118, -0.14775737589353463, 0.6301044226679788, 0.5195048105133744, 0.4458077805917707, 0.502038767012437, 0.24582069377865987, 0.2233051998632003, -0.6174708601207222, -0.45667440919103003, -0.04087813540598971], [-0.226204428461155, -0.3613340189099169, -0.7765144888140153, -0.21028796449717388, 0.15972066709245328, -0.6299146049023427, 0.11138838646872531, -0.26873620004459675, 0.37359139929418494, -0.2734653342311785, 0.18695906073526236, 0.6649718788862746, 0.11531350933102502, 0.5915591359670447, -0.0476845175540749]], "inverted": false, "swapped": true, "error_lsq": 0.03675525192951014, "error_max": 0.25144580065613187, "target": "663.xyz", "model": "15.xyz", "model_rescale": 4.355366556412066, "target_rescale": 4.2411531741616395},
{"mapping": [7, 1, 11, 6, 13, 5, 12, 3, 10, 4, 0, 16], "R": [[0.10006965649683619, -0.9731552851996481, -0.20725553005070074], [-0.8180894844569344, 0.03808558133444373, -0.5738284446726258], [0.5663176310778187, 0.22697638507652992, -0.7923168945239011]], "T": [-0.12813630063029632, 0.029155655939903036, -0.05103414692817109], "aligned_model": [[-0.195435933036745, 0.46497372737646414, 0.14158803787212162, -0.5363304453302807, -0.45767966777615576, -0.3705366101399441, -0.2990749765517592, -0.1702352212527142, 0.5764941429977882, 0.18948685581072314, 0.35009400626154497, -0.09553536159926271], [-0.5561078664852817, -0.4560373295066375, -0.48892864904788774, 0.4518681283523078, -0.29944406522411954, -0.03963441334992236, 0.34304709573757614, 0.542692373212028, -0.041354438251958406, 0.062024469573866245, 0.4676399033295449, 0.02701121940146435], [0.2671210881615572, 0.07644299610824101, -0.6417865281490541, -0.030901925222045552, -0.6400878820802891, 0.5326231871727339, -0.7191100106884797, 0.5012954066501653, -0.4765188785069243, 0.5261448360304503, 0.15192107725605086, -0.09788490552298457]], "inverted": false, "swapped": true, "error_lsq": 0.04665849054586311, "error_max": 0.25237510538601693, "target": "663.xyz", "model": "16.xyz", "model_rescale": 3.795458400668931, "target_rescale": 4.2411531741616395},
{"mapping": [6, 8, 5, 12, 4, 15, 13, 2, 11, 14, 7, 1, 16], "R": [[0.0637829733114724, -0.04784028126942097, -0.99681645241419], [0.9509923344250624, 0.30574704446749745, 0.0461771010800926], [0.3025645586983363, -0.9509101178804722, 0.06499719634129023]], "T": [0.07089328295676615, -0.044325830876402725, -0.009817515714303272], "aligned_model": [[0.20032656028059298, -0.01935420622725463, 0.448063011794552, -0.3553957373203479, 0.6407874294632258, -0.3966525145602901, -0.6649616145302996, 0.27305172967356695, -0.6089683794703452, -0.4952945273438038, 0.009575291202099719, 0.07739727790657766, 0.04005748003594825], [-0.28145594972121135, 0.2009419753688998, 0.3950764838029592, -0.6386864814725268, 0.192080873565241, 0.48440203759932965, -0.0505207884432373, -0.650635711020678, -0.028269892726116054, 0.5139131383990372, 0.6157498228511802, 0.2874902701076072, -0.0763045128399997], [-0.5320530314627487, -0.7519148592355136, -0.27214263619630713, -0.20752010764787449, 0.22349116106203212, -0.2806916534527758, -0.15827661048660438, -0.052994824532590246, 0.46734206826714797, 0.3642899046123743, 0.08412725562427067, 0.6925342007518099, 0.026084163533075206]], "inverted": false, "swapped": true, "error_lsq": 0.045831287911967125, "error_max": 0.24708253888743584, "target": "663.xyz", "model": "17.xyz", "model_rescale": 3.7474275329858107, "target_rescale": 4.2411531741616395},
{"mapping": [15, 6, 5, 12, 14, 11, 7, 0, 13, 1, 9, 2, 10, 16], "R": [[-0.7887058926391077, -0.409430498585526, 0.45859533550217885], [0.3637780332498686, 0.290529401527321, 0.8850187621587658], [-0.4955891014148775, 0.8648464220173339, -0.0802004294415557]], "T": [0.1453175932415126, 0.09301947292761237, -0.0827913161830463], "aligned_model": [[0.41768217085458637, 0.10020497468815703, 0.75194770027486, -0.5345819937464323, 0.27834136003145715, -0.2587724817082916, 0.6621893325326267, 0.06052994863162964, -0.19216555833555654, 0.30510337086282935, -0.6348278628353976, -0.26608917652376335, -0.3711962644829233, 0.09648212763909464], [-0.5960253282057313, 0.2620363644370089, 0.184741127439703, -0.01786749223885109, -0.6260716967257398, -0.45621056848856223, -0.2642576777955748, 0.733986289947749, -0.562493894174119, 0.017199383145566224, -0.11020399106035883, 0.5531796761364571, 0.15718083327907584, 0.08521521581460995], [-0.23299061400788693, -0.6441394634882145, -0.2493233511412539, -0.39824948965920604, 0.40441327378889647, 0.3917700757426364, 0.14847049975697793, 0.1272945697373936, -0.22410040445455606, 0.6736225782562524, 0.07754879127580872, -0.25408359712530093, 0.5587768773034847, -0.05421502732337716]], "inverted": true, "swapped": true, "error_lsq": 0.042245532515094227, "error_max": 0.27786574136483727, "target": "663.xyz", "model": "18.xyz", "model_rescale": 3.922800546911778, "target_rescale": 4.2411531741616395},
{"mapping": [3, 4, 0, 6, 11, 5, 1, 12, 7, 2, 10, 9, 8, 13, 16], "R": [[0.7316731278950221, 0.6445456877565597, -0.22184519447294312], [0.6649506537458344, -0.6032772435377607, 0.44033759266325295], [0.14998353909446868, -0.4696992908488418, -0.8699928242099433]], "T": [0.0016352577094951165, 0.06403554289582965, 0.0010980040730124547], "aligned_model": [[-0.19709399205208256, -0.24736481839187963, 0.29101837765208044, -0.03173584394512763, 0.3422728324139507, -0.5820669810658881, -0.007663088278195193, 0.5470033124514571, -0.5283063121873937, 0.47135464799308635, 0.6414601499202381, 0.7189295502837111, -0.49471305191122084, 0.12121379115478936, 0.051742262850092605], [0.568965719272868, -0.02458980579591706, 0.17666955122808053, 0.6422610391062186, -0.5768272250338682, 0.20772945607353926, -0.6532659233560943, 0.3444611224328339, -0.34306886932560055, 0.4569557368697538, -0.4364959431699364, -0.11194764493093158, 0.512264871757276, -0.08432680651203574, 0.03882622641839317], [-0.5243659976752528, -0.6032569549181297, -0.603661844727897, 0.10236619037942778, 0.4053403783416501, -0.20575852373631232, -0.29695284346841994, 0.446079358571631, 0.04249021183779249, -0.18684189029593096, -0.14925268944519826, 0.36186728554723047, 0.4155110801585957, 0.7272181718777752, 0.01187723471636711]], "inverted": true, "swapped": true, "error_lsq": 0.03979212214949886, "error_max": 0.2534493728528093, "target": "663.xyz", "model": "19.xyz", "model_rescale": 3.9282355846067225, "target_rescale": 4.2411531741616395},
{"mapping": [14, 11, 10, 13, 15, 9, 12, 2, 8, 5, 1, 7, 4, 16], "R": [[-0.5275897284934693, -0.5482558002717476, -0.6488949497850736], [-0.3921166773231216, 0.8347828335754149, -0.3864998475198615], [0.7535871480812704, 0.0505291820257059, -0.6554030912427488]], "T": [0.10473508829345035, 0.04820038846043312, 0.10467417563486467], "aligned_model": [[-0.5281392101003155, -0.18873178088840414, 0.44434963872467353, -0.408881099803028, -0.6505236105520378, 0.21000546362400851, 0.18464156788685013, 0.6442077883379282, -0.3616183582931567, -0.045207550315331635, 0.10127277104239829, -0.36606104970189174, 0.3783544035031967, 0.11885384561978717], [-0.5595624288408407, -0.6191189634436793, -0.6523574149948301, -0.047481079065873455, 0.08074648374240534, -0.31655230388113903, 0.1775542109416224, 0.23560199135582957, 0.6818194269079636, 0.35541781133592915, -0.6531830059915364, -0.1489706952000179, -0.020028340488102786, 0.008996395047106212], [0.1521107188558631, -0.2937138525992531, -0.17171995134766535, -0.4344031644313089, 0.11175087503709599, -0.6243726544933347, -0.6375897732213466, -0.1854875611176943, 0.11179810146685887, 0.6406597421773066, 0.43857761495785064, 0.5379869322384666, 0.7009775528487002, 0.06560857687214403]], "inverted": false, "swapped": true, "error_lsq": 0.04256063009823933, "error_max": 0.24339685160179095, "target": "663.xyz", "model": "20.xyz", "model_rescale": 4.067790424073018, "target_rescale": 4.2411531741616395},
{"mapping": [10, 3, 9, 14, 12, 6, 13, 0, 2, 4, 5, 7, 1, 8, 16], "R": [[0.7440229170067872, -0.5192242388796463, -0.4205188327870269], [-0.3744037243227044, 0.19729305722523008, -0.9060338298231532], [0.5534001718304755, 0.8315537501151529, -0.04760893285325846]], "T": [0.04113051080229376, 0.045678609384312174, 0.04803483996890367], "aligned_model": [[0.2674425224331986, 0.16590135974181172, -0.32684189492147864, 0.3170912450528187, -0.6197440448081022, -0.38192583699473465, -0.4264661390732805, 0.31952083174686186, -0.21034604185806807, 0.6077083673223944, 0.2777132058602138, 0.4253964580562461, 0.7056762066425506, -0.3865551894633667, 0.03387290417045023], [-0.2767562379998247, 0.7796992128118496, -0.3588671207834911, -0.7698501265323934, -0.05335215913576841, 0.42620125156050087, -0.5388865765528468, 0.5030670360104665, 0.44172926086894576, 0.3776461332450331, 0.31980169399118213, -0.26427959427422243, -0.3133669599540367, 0.15137421426006012, 0.01673511241239247], [-0.6781411957559346, 0.17533842930963311, -0.565622002119161, 0.22385946662897113, -0.30905192158381106, 0.1961545409916792, 0.1045841714500084, -0.370842398676531, -0.3881387645247221, 0.11038467869587232, 0.5705585525579052, 0.5003079638491261, -0.1333692882204044, 0.6998958330064236, -0.0006684919879136678]], "inverted": false, "swapped": true, "error_lsq": 0.04433329610117385, "error_max": 0.29901237541435277, "target": "663.xyz", "model": "21.xyz", "model_rescale": 4.186013935880536, "target_rescale": 4.2411531741616395},
{"mapping": [8, 13, 7, 3, 2, 5, 6, 12, 1, 11, 9, 0, 16], "R": [[0.6558364374366192, 0.0009656206051090743, -0.7549024009150392], [0.5280179433403717, -0.7152663902342262, 0.45781114284375385], [-0.5395142434088721, -0.6988512420953024, -0.46960762619532226]], "T": [0.08070636289053625, -0.019136080401699743, -0.000366838408433344], "aligned_model": [[0.04335624985937982, -0.5294596238589112, 0.43481970885213417, 0.5539651269127976, -0.12232820200553167, 0.6002103534330754, -0.03371252275084856, -0.6373933734564341, 0.3856184663912122, -0.37900447608776044, -0.6381831256129922, 0.33798159116060145, 0.04270386258650231], [-0.5547523262977423, 0.13571424736288024, 0.2874372333408384, -0.5422545189299648, -0.3198922949723058, -0.25994851910559097, -0.5958155098677616, -0.20651411943428333, 0.6902197595121623, 0.6648225244145518, 0.2744056746482547, -0.06878998173460844, 0.014324490609662788], [-0.5754577699439865, -0.4093653164995394, -0.47880380011956514, 0.2696951107960388, 0.5275220260232086, -0.2765385974804093, -0.008288624221347164, 0.15226168379445312, 0.0849857360361937, -0.10533118091135124, 0.2692009645168522, 0.6269348686380251, 0.02606446070677315]], "inverted": false, "swapped": true, "error_lsq": 0.046178089030622586, "error_max": 0.28112359525366276, "target": "663.xyz", "model": "22.xyz", "model_rescale": 4.166573947596378, "target_rescale": 4.2411531741616395},
{"mapping": [14, 15, 5, 4, 7, 13, 8, 11, 1, 0, 9, 3, 6, 12, 2, 16], "R": [[0.37838534535094803, -0.3475719127941473, 0.8579150866258628], [0.6062452842272803, -0.6073297385913041, -0.5134366990923054], [0.6994935208962468, 0.7143838982362607, -0.019090839817464178]], "T": [-0.007312277332595679, 0.02813502681632276, 0.012507005008480659], "aligned_model": [[-0.819434172085738, -0.40746619723312905, 0.30239643774637304, 0.27067885704292804, -0.29782112803720817, -0.5304499197187444, 0.21888950726989093, -0.8046549206842494, -0.45100799620255105, 0.3657355767519759, -0.4434977509589946, 0.720270594173339, 0.42913824435190684, -0.08123036269886233, 0.3567143471007971, -0.04102787579697816], [-0.12088495772604238, 0.3020548869936931, -0.16090433705569449, -0.5586753755387533, -0.24701903021915492, 0.5648705422897802, 0.5303185241513518, 0.06906907120488251, -0.6084676590553006, -0.3602538812400033, 0.34845821300151103, -0.16285826661547512, 0.42014841389831803, 0.6372345468885421, 0.16499213254469494, 0.0316246140993289], [-0.28817025978501837, -0.5674669433400291, -0.5094992191345317, -0.10357437886891946, -0.5243172095886074, -0.02995361231710295, -0.5493238067067984, 0.2421154867254801, 0.04874634610268018, 0.42742005532638067, 0.6311918585503473, -0.05608557342024782, -0.026863630254513663, 0.4570372266432972, 0.5215244287295036, 0.05847976450217281]], "inverted": true, "swapped": true, "error_lsq": 0.0396696262054375, "error_max": 0.2417567881273112, "target": "663.xyz", "model": "23.xyz", "model_rescale": 4.274766983524099, "target_rescale": 4.2411531741616395},
{"mapping": [6, 7, 4, 0, 1, 10, 12, 11, 13, 14, 16], "R": [[-0.008519509117207669, -0.8437677395293776, -0.5366408665894599], [-0.9962067985958537, -0.039314337621320194, 0.07762987368788649], [-0.08659926325207493, 0.535266648117442, -0.8402322196972194]], "T": [0.003088413249779723, 0.030395053930907086, -0.18363239148515487], "aligned_model": [[0.25917625692913127, 0.15846480607539193, -0.43415478502269, -0.612814763581846, -0.4413584986846848, -0.5359547667522943, 0.22644390982665202, 0.03353813357224118, 0.5377777056523683, 0.20472745501406303, -0.015950749070257918], [-0.3135140769592529, 0.6771135432143055, 0.3960210625490085, -0.14090620340563717, 0.5303558211989874, -0.1307762936810568, -0.6481819064687349, 0.0747896804122721, -0.11629059308871315, 0.5821357670987621, 0.004839730373542749], [-0.5859495878131508, -0.1068290257380862, -0.5156510870022398, -0.41489553309233684, 0.2112705511603309, 0.4213215233540626, 0.0687935533121321, 0.6453747697898587, 0.32248181699354417, 0.4698809041435944, -0.13623145108613188]], "inverted": true, "swapped": true, "error_lsq": 0.049042046155520526, "error_max": 0.22928174780041227, "target": "663.xyz", "model": "24.xyz", "model_rescale": 3.7841303162186577, "target_rescale": 4.2411531741616395},
{"mapping": [3, 0, 1, 9, 10, 11, 2, 6, 4, 7, 8, 12, 14, 13, 15, 16], "R": [[0.9900110809193965, -0.13917636337213296, 0.022538845030668678], [-0.13329366540139226, -0.9760281797440318, -0.17205171056811341], [0.04594407927764116, 0.1673288146855173, -0.9848300408472874]], "T": [0.007164651378673007, -0.008429350388698811, -0.031187146487316034], "aligned_model": [[0.1597688395371778, 0.15662679425262258, -0.5961365306670608, 0.39652027581631916, 0.004333411026337303, -0.18188057176469435, 0.5619733783522352, 0.44076177489345286, -0.33367861021254885, -0.6246993653341641, 0.11228929138422121, 0.6479318678170567, -0.6305581548227792, 0.11190811745302487, -0.32916445557974067, 0.02184648632131899], [0.03364744437593348, -0.5155302743055149, -0.48175884478347875, -0.3647641132883213, -0.7497810063574778, -0.2771903272780022, -0.27557901551445985, 0.3195151881289568, -0.2300591629877496, 0.20797106092477075, 0.7672506849298447, -0.0031636568488375566, 0.024140921621367162, 0.2733325565925143, 0.5560664545036117, -0.0472854413451956], [-0.7697680289633426, -0.45859000734885935, 0.0930265158998604, 0.5989425175348423, 0.33337107732270393, 0.731820312638461, -0.20771567458822587, -0.2551503456681975, -0.5506161637568334, 0.015760816039919773, -0.11042518165709546, 0.37311827451575624, 0.5724721490808679, 0.6567081540959973, 0.3426473733819048, 0.008018227289494181]], "inverted": true, "swapped": true, "error_lsq": 0.046490241125927374, "error_max": 0.3344880745352604, "target": "663.xyz", "model": "25.xyz", "model_rescale": 4.19342608120988, "target_rescale": 4.2411531741616395},
{"mapping": [7, 1, 11, 6, 13, 5, 12, 3, 10, 4, 0, 16], "R": [[0.10006965649683619, -0.9731552851996481, -0.20725553005070074], [-0.8180894844569344, 0.03808558133444373, -0.5738284446726258], [0.5663176310778187, 0.22697638507652992, -0.7923168945239011]], "T": [-0.12813630063029632, 0.029155655939903036, -0.05103414692817109], "aligned_model": [[-0.195435933036745, 0.46497372737646414, 0.14158803787212162, -0.5363304453302807, -0.45767966777615576, -0.3705366101399441, -0.2990749765517592, -0.1702352212527142, 0.5764941429977882, 0.18948685581072314, 0.35009400626154497, -0.09553536159926271], [-0.5561078664852817, -0.4560373295066375, -0.48892864904788774, 0.4518681283523078, -0.29944406522411954, -0.03963441334992236, 0.34304709573757614, 0.542692373212028, -0.041354438251958406, 0.062024469573866245, 0.4676399033295449, 0.02701121940146435], [0.2671210881615572, 0.07644299610824101, -0.6417865281490541, -0.030901925222045552, -0.6400878820802891, 0.5326231871727339, -0.7191100106884797, 0.5012954066501653, -0.4765188785069243, 0.5261448360304503, 0.15192107725605086, -0.09788490552298457]], "inverted": false, "swapped": true, "error_lsq": 0.04665849054586311, "error_max": 0.25237510538601693, "target": "663.xyz", "model": "26.xyz", "model_rescale": 3.795458400668931, "target_rescale": 4.2411531741616395},
