[{"mapping": [4, 3, 8, 7, 6, 5, 10, 12, 2, 0, 9, 10, 13], "R": [[0.6007014507836849, -0.5472359592598417, -0.582829796698262], [0.7636903352545532, 0.6084364367190173, 0.21582903954624222], [0.23650547322454163, -0.5747503000135158, 0.7834074634372649]], "T": [0.20824335616815084, -0.14702548555825795, -0.062389875512690596], "aligned_model": [[-0.7053134803833806, 0.23170665352836403, -0.4503800812460531, -0.4414957912347587, -0.2648872959377815, 0.39038128666251565, 0.09855085844180089, 0.5478214945584587, -0.06387124436949962, 0.5116524006345774, -0.0016899683516532482, 0.09855085844180089, 0.08551017113603386], [-0.4011199684334249, -0.6603143770642326, 0.06547131743250093, 0.17327439247231036, -0.6140030495787997, -0.16145155330047328, 0.8364601539898782, 0.23035343434227085, -0.7284659698190052, -0.3931742695769901, 0.15164419392418177, 0.8364601539898782, -0.0435548705085958], [0.05700077225102812, -0.15822459433257535, -0.4252113302670987, 0.15357658239504174, -0.440047954900527, -0.7965689567226666, 0.127748172722726, 0.2158036663168944, 0.3608581048092079, 0.6030168891378473, 0.5728011143306367, 0.127748172722726, -0.03463632855890493]], "inverted": false, "swapped": false, "error_lsq": 0.056288420551589224, "error_max": 0.3705237061961475, "target": "664.xyz", "model": "0.xyz", "model_rescale": 3.8414455957264533, "target_rescale": 4.0421695944476825},
{"mapping": [7, 6, 13, 0, 9, 8, 11, 10, 2, 5, 4, 1, 14], "R": [[-0.6680888920210236, 0.04061638085930924, 0.7429721003940948], [0.5647630464443331, -0.6224320833714027, 0.5418680678549451], [0.4844583921546178, 0.7816192239164969, 0.39290132994829097]], "T": [0.013664077235480708, -0.05486123492419583, 0.03780172722060538], "aligned_model": [[-0.5705963363847719, 0.45152464012314414, -0.3525807691932065, -0.6019553924322948, -0.30041279002916604, 0.30747689336037354, -0.004915533969770382, 0.6928567938150544, -0.018369093702613505, 0.4893071402436514, -0.20881088008708576, 0.09479449977082957, 0.058216690366280646], [-0.31782067468313047, -0.6991333386408208, 0.1950308008041327, 0.29547385157730893, -0.4921408409200192, -0.12074716033626204, 0.7611074843890002, 0.015612229997606093, -0.6681465796171137, -0.28734999807123296, -0.08527911715207498, 0.6804939378475149, 0.014478992674590331], [0.08726994179400799, -0.018932368558701347, -0.5772313479739803, 0.19205919134833244, -0.3813067881102148, -0.6927018466337095, -0.20738238580431753, -0.008155262428026382, 0.44702011581399476, 0.4302752124461169, 0.5331772218237235, 0.4863198601716212, 0.07345276601548861]], "inverted": true, "swapped": false, "error_lsq": 0.042654783583639846, "error_max": 0.22969026716046345, "target": "664.xyz", "model": "1.xyz", "model_rescale": 4.316132596720782, "target_rescale": 4.0421695944476825},
{"mapping": [9, 10, 8, 2, 1, 7, 4, 6, 0, 11, 3, 12], "R": [[0.7316298691049715, -0.12702900962676533, -0.6697621707342731], [0.5378286421653938, -0.4961361106858659, 0.6816078867941827], [-0.4188771732858825, -0.8589019678559048, -0.29466815795617174]], "T": [-0.09703333804312858, 0.0692886427084448, -0.018864953314109048], "aligned_model": [[-0.1533375062554878, 0.4625084929632041, 0.12524164506946847, -0.12603469454446614, -0.5774208855025, -0.5017887321452023, -0.25672716473257506, -0.24950889470607518, 0.4146091312967248, 0.11934426014248997, 0.43079881748854004, -0.08987591444234051], [-0.6511551312969873, -0.18426560528150981, -0.5363442305898635, 0.6243642434356546, -0.34574461021446473, -0.18994620341423674, 0.2152828513109744, 0.5463700817780878, 0.06995955565618325, 0.022196570224483445, 0.4197708215109997, 0.022288084621659432], [0.01033745436606208, 0.18982466502722556, -0.6028532237296135, -0.15307235995188895, -0.49753198006985044, 0.46006633645762746, -0.6420059733046106, 0.6290566396946172, -0.6430925640807726, 0.8413124526096306, -0.12343760626636939, -0.019345379542636366]], "inverted": true, "swapped": true, "error_lsq": 0.05534427810439632, "error_max": 0.46368797502954073, "target": "664.xyz", "model": "2.xyz", "model_rescale": 3.795458400668931, "target_rescale": 4.0421695944476825},
{"mapping": [1, 5, 4, 3, 9, 10, 2, 7, 6, 11, 8, 12], "R": [[-0.5469919318416494, -0.7322372508604014, -0.40574429749848895], [0.22891763800255835, 0.3353737795843099, -0.9138496282095128], [0.8052307380567824, -0.5927503997634558, -0.0158247296594074]], "T": [0.026325238254168694, -0.002316039438332684, 0.1140029732418685], "aligned_model": [[-0.3384999798938936, -0.1505276288779915, -0.607488791824248, -0.16731533230741433, 0.20632950565444744, 0.26311884009795306, -0.21900315285135388, 0.5626494206746133, 0.5661629110444973, 0.8693404545542122, -0.4268150186271263, 0.03535259809986909], [-0.0249721360513895, -0.5848484792107985, -0.1458078535320568, 0.16517912500681586, 0.4327732950560749, 0.5550136630133211, -0.37806925764138166, -0.18281963556664582, -0.5067843746449584, 0.089885450122017, 0.6318957144725756, 0.03432353426613559], [-0.5920679727532645, -0.2003541247090793, 0.0008171411477029267, 0.7029245988737898, -0.4349577778164355, 0.34689901660482686, 0.4683828946901023, -0.2604027397983879, 0.46719537319064974, 0.37813613730603735, -0.2728807355324424, 0.08507961943560091]], "inverted": true, "swapped": true, "error_lsq": 0.05936647046139718, "error_max": 0.3998771771529089, "target": "664.xyz", "model": "3.xyz", "model_rescale": 3.7530521520055578, "target_rescale": 4.0421695944476825},
{"mapping": [3, 8, 4, 1, 2, 9, 6, 10, 11, 7, 12], "R": [[-0.47903914674445447, 0.2898300245149127, 0.8285650564536441], [-0.7828558947525008, 0.2859101947438092, -0.5526228447981665], [-0.3970618893039299, -0.9133750146742807, 0.08993296743214604]], "T": [-0.018563668807244568, -0.1196625134592164, 0.011001795841976008], "aligned_model": [[-0.4280860980561144, -0.15613675585251174, 0.33797405401609404, 0.5062682098617142, 0.13866375547495996, -0.09171452067587903, 0.013550758550835332, -0.648222493333484, -0.4816745003238444, 0.18042051367127554, -0.032843320887840415], [-0.6007310859267017, 0.25306611485712044, -0.3714632763119172, 0.26771320878521815, -0.6671685983795904, 0.5778553753636059, -0.3726116385251556, 0.036032522734964725, 0.08378790781702748, 0.33805336214203674, -0.07733053424226231], [-0.10408247911801871, -0.763198863337813, -0.4835670932460322, -0.44357324552897015, 0.060783853119437375, -0.1655765695334024, 0.7892326672774652, -0.003728938146856157, 0.741123964909337, 0.47068243190067205, -0.005264951050502606]], "inverted": true, "swapped": true, "error_lsq": 0.04989975940734682, "error_max": 0.32162849849729247, "target": "664.xyz", "model": "4.xyz", "model_rescale": 3.7855080009869324, "target_rescale": 4.0421695944476825},
{"mapping": [1, 5, 6, 11, 4, 7, 8, 10, 0, 3, 14, 15, 16], "R": [[0.38285430614029475, 0.592428267677958, -0.708838012472474], [0.6055332172660641, 0.41854550527957074, 0.6768671825385527], [0.6976762164910333, -0.6883664777328734, -0.19849304591444591]], "T": [-0.04782191775913336, 0.021315339146418595, 0.12763011264484375], "aligned_model": [[-0.5789406407356222, 0.46585040725869975, -0.3438144427782449, -0.8119764821321928, -0.2375441717878793, 0.25583225886990335, 0.1616852884948802, 0.6525942836335258, -0.06971076635738499, 0.40547657710741036, -0.1232818467788197, 0.30206194637174505, -0.04169654928559605], [-0.5120847918919241, -0.5525598639808005, 0.1279577300769643, 0.13272828478904058, -0.480833832511831, -0.09955461321191494, 0.6103349934406558, 0.16759214229757985, -0.7582798430032198, -0.3769972440195206, 0.27501182031283844, 0.7262491133920869, 0.032015692179543656], [0.20825976786841718, -0.12118957782552464, -0.4442902433981894, -0.0623466901269521, -0.38114533840850023, -0.5465761373325235, -0.1955918719823712, -0.010154196189068265, 0.14266718671622375, 0.47155476433855853, 0.7502385715409541, 0.372513273018231, 0.17992480168508038]], "inverted": false, "swapped": false, "error_lsq": 0.041086602014429624, "error_max": 0.24769617621544862, "target": "664.xyz", "model": "5.xyz", "model_rescale": 4.2253639853439635, "target_rescale": 4.0421695944476825},
{"mapping": [1, 2, 8, 9, 10, 5, 11, 6, 4, 3, 0, 12, 13], "R": [[0.02160677446027387, 0.668544566488626, -0.7433581303220931], [-0.608644946924723, -0.5810726978600028, -0.5402831187300775], [-0.7931484576549488, 0.4641149452670458, 0.3943511654595978]], "T": [-0.02105348559208533, -0.043067210752315614, 0.04655400120650889], "aligned_model": [[-0.624931334735173, 0.4021840397036559, -0.4978507600932951, -0.5313171995748412, -0.1861587691275117, 0.24009365816266218, 0.2802389043683101, 0.6057553775664216, -0.030719916462624473, 0.47461527824714045, -0.2925569774371227, 0.17386586237315724, 0.023317698889645987], [-0.452888124733631, -0.5130630468129482, 0.15210969135034041, 0.26533262250188033, -0.5480394884044126, -0.0695015641595077, 0.5787666320784881, 0.1001320769929292, -0.7016588163129329, -0.28216848847818954, 0.00947170184367297, 0.8201053927229944, -0.06701900071918473], [0.1245549225863496, -0.1773779601220078, -0.4830073375565461, 0.17738562019324838, -0.5246339875858667, -0.5295055970290954, -0.3113557031539858, 0.06451454625124002, 0.3055423588711711, 0.493938095964347, 0.7992745110279049, 0.34367900666295187, 0.08085583379462472]], "inverted": true, "swapped": false, "error_lsq": 0.04285507561955382, "error_max": 0.25951300155813173, "target": "664.xyz", "model": "6.xyz", "model_rescale": 3.89814844738969, "target_rescale": 4.0421695944476825},
{"mapping": [9, 2, 11, 8, 10, 4, 7, 0, 5, 1, 6, 3, 12], "R": [[0.6013254191832942, -0.2500506324064011, -0.758869172833628], [-0.04553548319161445, -0.9589498443145829, 0.27989590182698953], [-0.7977056224037423, -0.1337530460296006, -0.5880270934772154]], "T": [0.03751216135760117, 0.022180892996086034, -0.032326251300601724], "aligned_model": [[-0.6919408928068931, 0.4613903179014747, -0.5637906635618687, -0.5239037767066782, -0.1479480888665004, 0.27425056224223265, 0.2024174026226614, 0.5414422877314354, -0.07677859938339492, 0.5369832763883214, -0.1218338022214376, 0.1069856457793544, 0.03926219276171783], [-0.44076581496551515, -0.5068702223285972, 0.16322673270344268, 0.368440272478799, -0.6199428153403876, -0.037260211864966725, 0.6102439167234565, 0.15844068250730114, -0.587400848548055, -0.43958285213829945, 0.0619969958403462, 0.6703871180656364, -0.10933336526366175], [0.1946637625595269, -0.23721663736017873, -0.5556630005052818, 0.11801788367773926, -0.33594657642913317, -0.628914445102456, -0.2737031786857403, 0.24784884567184445, 0.43449740535154835, 0.46976882033750544, 0.6237220646587804, 0.44452179725710717, -0.13773243152692632]], "inverted": false, "swapped": false, "error_lsq": 0.04961071286027741, "error_max": 0.2589801138041925, "target": "664.xyz", "model": "7.xyz", "model_rescale": 3.7474275329858107, "target_rescale": 4.0421695944476825},
{"mapping": [7, 0, 12, 11, 10, 1, 13, 2, 6, 3, 9, 4, 14], "R": [[0.33077977086895993, -0.41390944069721725, -0.8480941681709615], [0.9436392863345024, 0.15591188212582452, 0.29195270558447284], [0.011385976900961658, -0.8968670246551045, 0.4421537058719638]], "T": [0.004890333533630938, -0.03709409005672572, 0.04553214440959907], "aligned_model": [[-0.5007060862530449, 0.2702422492162866, -0.2512695861867592, -0.5982891957521513, -0.4826684475537035, 0.5604588040277141, -0.09252695040303219, 0.799499427132166, -0.030029536252304135, 0.4736756027642061, -0.4649002398363667, 0.3131603169155232, 0.03988950406189053], [-0.38428369459828526, -0.5779465231195616, 0.17556442784626475, 0.11331146242021538, -0.521605220211502, -0.066779568551068, 0.8000830164977358, 0.23439843394466764, -0.8265944437017133, -0.4468805119329194, 0.1385281058673863, 0.6449710027471549, 0.008813100661123424], [0.34168965439573495, -0.221451458308839, -0.4738916412332056, 0.039824182903487486, -0.2750903118049278, -0.45970469808041525, -0.26712772468791035, 0.10450411768261542, 0.2514639114741228, 0.40113022762003414, 0.6189378485666821, 0.27352923292102543, 0.03005096845593115]], "inverted": false, "swapped": false, "error_lsq": 0.05529845023186649, "error_max": 0.3138168662362586, "target": "664.xyz", "model": "8.xyz", "model_rescale": 4.019505241142653, "target_rescale": 4.0421695944476825},
{"mapping": [5, 0, 8, 11, 4, 7, 9, 1, 3, 2, 6, 10, 12], "R": [[-0.9075465940129148, -0.11126494059412564, -0.4049435672907319], [-0.3775878707369088, 0.6382503044992551, 0.6708680560877642], [0.18381126072122256, 0.7617457986764311, -0.6212541819826092]], "T": [0.022616998907710822, -0.008342375146315674, 0.08679578402505624], "aligned_model": [[-0.5315284681399556, 0.41683210375227053, -0.3035173229829925, -0.5135020689523269, -0.15182328557379884, 0.2282177371886908, 0.0023463250835165095, 0.6398729812192592, -0.07888757095862667, 0.2637622163708119, -0.20335263308650464, 0.2840911651744512, -0.01597531721437003], [-0.34594478840485515, -0.43179737223619435, 0.12701720659610635, 0.3036744284863196, -0.6544364303874028, -0.20156482359339872, 0.5571746049585931, 0.26589320220257767, -0.8443967873598489, -0.36998085390604013, 0.16946826190409525, 0.7331259425979035, -0.016653002988357], [0.2584702755911928, -0.20972806766835056, -0.4889221322338608, 0.03708277445263926, -0.4028242014486351, -0.7734236135184578, -0.2967660837696714, 0.0965529653435142, 0.2575899579780922, 0.48809212962476906, 0.7541659517243797, 0.5558754706183461, 0.08769888321037764]], "inverted": false, "swapped": false, "error_lsq": 0.04767852849850714, "error_max": 0.2568398268637156, "target": "664.xyz", "model": "9.xyz", "model_rescale": 3.877068213659057, "target_rescale": 4.0421695944476825},
{"mapping": [10, 13, 12, 11, 6, 3, 5, 4, 14, 2, 8, 1, 15], "R": [[0.42105219040375086, 0.8648177290359487, -0.2735056644775541], [-0.061007862292731974, 0.3278568980887179, 0.942755480023381], [0.9049823720353204, -0.38026326396425514, 0.19080554600057223]], "T": [0.016411220244000428, -0.06619653045563363, 0.0722953814370954], "aligned_model": [[-0.5500752378451116, 0.4039384847588713, -0.45331520207516995, -0.6900190718283367, -0.15097935683417385, 0.3314861969355474, 0.12652646831772613, 0.6704026306414026, -0.08753614973610543, 0.40811615472380236, -0.18774679817203926, 0.25196974205021766, -0.03623199905620568], [-0.4931642784134426, -0.7056525741105777, 0.22105533301934394, 0.08671552064564199, -0.36163537988523725, 0.03534358440086249, 0.5959248819766017, 0.10717882686443624, -0.816342949205573, -0.3701369837800319, 0.22862220764485597, 0.7568788153557825, 0.006792583356836607], [0.07074152643489712, -0.12406419549883894, -0.43271815384578755, 0.22139073124485287, -0.4424869571080375, -0.46916441103689405, -0.3282858332783896, 0.05421499577954134, 0.2620237170895361, 0.513365447397866, 0.7554676517974847, 0.2135956578887796, 0.06978413303932554]], "inverted": true, "swapped": false, "error_lsq": 0.042135847527774335, "error_max": 0.21873164535778972, "target": "664.xyz", "model": "10.xyz", "model_rescale": 4.260839863003843, "target_rescale": 4.0421695944476825},
{"mapping": [6, 5, 4, 2, 0, 3, 11, 7, 1, 8, 10, 12], "R": [[0.9402053478969203, 0.31243657360360694, 0.13563661475010777], [-0.2649215615573694, 0.42050781710722457, 0.867749815311834], [0.21408052225281077, -0.851796080776705, 0.47813488344337407]], "T": [0.038970956609227676, 0.02551681090271852, -0.055382704959879514], "aligned_model": [[0.3674925459404407, 0.19113880955999046, -0.3742540799435301, -0.28505813329348106, -0.6847919002155003, -0.4839437223307571, 0.543214137944631, 0.7157125126121785, 0.1545234143075659, -0.22660014669980844, -0.014005610772685757, 0.05547082198508621], [0.11231955758335119, -0.6304282918104822, -0.45711744362780576, -0.19981913686322667, 0.1334150842772519, 0.32564399631267155, 0.6512555296281528, -0.005192464649991013, -0.514853961522354, 0.05977970950835055, 0.6555760072449985, 0.042499919452017296], [-0.8004979538196743, -0.18196205472591498, 0.12190351430923799, -0.46913442850828263, 0.2851519721047716, -0.2764344928826647, -0.433710562662308, -0.09388753056819782, 0.5162762642845359, 0.7725893284968814, 0.09003760495614435, -0.014153583589023938]], "inverted": false, "swapped": true, "error_lsq": 0.04753853352061854, "error_max": 0.3206493333445004, "target": "664.xyz", "model": "11.xyz", "model_rescale": 3.890672605050136, "target_rescale": 4.0421695944476825},
{"mapping": [9, 7, 2, 11, 12, 4, 1, 0, 5, 8, 6, 1, 13], "R": [[-0.6492835688422399, 0.7468485582740452, 0.14369439180240923], [-0.2546243749733209, -0.39149218061129, 0.8842512653028338], [0.71665701343176, 0.5375417225892304, 0.4443552875513837]], "T": [-0.02965237565899103, -0.06026386925496595, 0.056532280835123516], "aligned_model": [[-0.6487944422505034, 0.36484115682145457, -0.2360957246996759, -0.5016759195642965, -0.22102759984594725, 0.23989184152857607, 0.14254408033420446, 0.459300218252513, -0.09907785038799696, 0.4997478911884963, -0.13727662119911424, 0.14254408033420446, 0.03161475136851041], [-0.4179579091682175, -0.7827126122928472, 0.31633110726528685, 0.19626887583110164, -0.6569281644663181, 0.03273162521469859, 0.6918286703953961, 0.2701978667231649, -0.795950069463614, -0.2571722404630513, 0.1713631480858946, 0.6918286703953961, -0.16824938018739205], [0.3640034033958116, -0.1657442064290179, -0.5101435532739941, -0.06240841276019282, -0.346579848891092, -0.5835886427521512, 0.1565496929986575, 0.03616216280042345, 0.29926279007587103, 0.5039174578896621, 0.5730826564532748, 0.1565496929986575, -0.057198882601574574]], "inverted": true, "swapped": false, "error_lsq": 0.05593132598234267, "error_max": 0.4017236967132608, "target": "664.xyz", "model": "12.xyz", "model_rescale": 4.124412569039231, "target_rescale": 4.0421695944476825},
{"mapping": [11, 6, 2, 10, 8, 1, 4, 0, 9, 3, 7, 5, 12], "R": [[0.7862950792009407, 0.2953534008436729, -0.5426844543880569], [-0.5934476409637028, 0.6054461434838572, -0.5303346724240651], [0.17193006095212743, 0.7390543525009518, 0.6513361023238283]], "T": [0.11814099092229861, -0.052184181553884955, 0.12025754923207957], "aligned_model": [[-0.8108592094257103, 0.3572441526888481, -0.3998573438386987, -0.5688953157658432, -0.236549203566292, 0.36201909514030906, 0.029903254088513506, 0.6025849300665522, -0.05914155367188566, 0.7048345737265274, -0.12322809341237091, 0.1664478021830782, 0.012032773667397204], [-0.30673973552967054, -0.6284235903625466, 0.10072212962815347, 0.21058963131980055, -0.5299020465155894, -0.15410830903033404, 0.6270899814305732, 0.2647450965460697, -0.5814190734796637, -0.35128344482383206, 0.04158429392107749, 0.6017605861342299, -0.0030359313687689307], [-0.1301680066322025, -0.12138399635386202, -0.5510791016625785, 0.17976140505381455, -0.2808367393442086, -0.6498068905584659, -0.2658473187115168, 0.07979403599526938, 0.43190254044951004, 0.3942715021133866, 0.6912445128753737, 0.499425812502313, 0.08658655417750265]], "inverted": true, "swapped": false, "error_lsq": 0.04879536834722987, "error_max": 0.3750248223568684, "target": "664.xyz", "model": "13.xyz", "model_rescale": 3.9028299243045295, "target_rescale": 4.0421695944476825},
{"mapping": [7, 14, 6, 3, 9, 11, 2, 12, 10, 13, 4, 8, 15], "R": [[-0.8351814213031792, -0.5482640865143681, 0.043341492228203105], [-0.14474758216802025, 0.29515541833717035, 0.9444212071330897], [-0.5305847066835927, 0.7824894698746916, -0.3258682227046854]], "T": [-5.5047665153503365e-05, 0.09461592457006199, 0.05857107131796417], "aligned_model": [[-0.6467106533263111, 0.3833511739409975, -0.41608245688730844, -0.5918253859258834, -0.2341726366297127, 0.37672642218629643, -0.015806853505455132, 0.6879068683824169, -0.08091603739273263, 0.6112526836820742, -0.3576501845153084, 0.3767339265963647, -0.05627100472501293], [-0.5397849408139311, -0.6842158419978859, 0.10290214528673289, 0.2884732896786849, -0.4787407077124597, -0.1928471611343975, 0.8034767042080457, 0.16218469433654115, -0.5562029757491838, -0.28958492308237327, 0.008071896367049691, 0.6597129476539643, 0.008134460828710777], [0.05841137093358441, -0.11310129512840754, -0.46225595905908273, 0.08884703515191271, -0.40757974464048635, -0.5082246473248091, -0.13996871124357635, -0.021323561676289113, 0.41247623004908296, 0.3922534323343807, 0.6277802799277897, 0.42627010984579106, 0.010279770734445269]], "inverted": true, "swapped": false, "error_lsq": 0.0406837049579219, "error_max": 0.2188272792269279, "target": "664.xyz", "model": "14.xyz", "model_rescale": 3.942246331269136, "target_rescale": 4.0421695944476825},
{"mapping": [10, 7, 11, 4, 6, 8, 12, 0, 9, 2, 5, 1, 14], "R": [[0.8646774071387409, -0.14792259208081257, 0.48005404730708967], [0.2510614544740158, 0.9549984610085698, -0.15794329852404265], [-0.4350874942597358, 0.25709306918576524, 0.8629032542037535]], "T": [-0.12506320645357855, 0.02415182187997223, 0.020677188837448516], "aligned_model": [[-0.7291219261858752, 0.45616774655859244, -0.46030168840707475, -0.6759108542784373, -0.10124507960337467, 0.30142280910664704, 0.05370361075732594, 0.6090034671323097, -0.14696938733265483, 0.4772635571047162, 0.03977422956963417, 0.2475549756575703, -0.034805598198954166], [-0.34379598757672114, -0.5964766977524197, -0.10040093629789781, 0.22467834173558351, -0.44176419013411916, -0.09056632347385005, 0.814786764699513, 0.0562854236809407, -0.7156073633773621, -0.20746765882490487, 0.041067600288006455, 0.5932971451985053, 0.057543469704224914], [0.1141008939371784, -0.06859950469735926, -0.6007830233276992, 0.016209455293234535, -0.28777759864469366, -0.6147678142477385, -0.08427551679595911, -0.008150458206718555, 0.33759795685219973, 0.4283569708954742, 0.6333125080243671, 0.4609847257766243, 0.03765571504542526]], "inverted": true, "swapped": false, "error_lsq": 0.04796360724510426, "error_max": 0.3297852471855495, "target": "664.xyz", "model": "15.xyz", "model_rescale": 4.355366556412066, "target_rescale": 4.0421695944476825},
{"mapping": [9, 10, 8, 2, 1, 7, 4, 6, 0, 11, 3, 12], "R": [[0.7316298691049715, -0.12702900962676533, -0.6697621707342731], [0.5378286421653938, -0.4961361106858659, 0.6816078867941827], [-0.4188771732858825, -0.8589019678559048, -0.29466815795617174]], "T": [-0.09703333804312858, 0.0692886427084448, -0.018864953314109048], "aligned_model": [[-0.1533375062554878, 0.4625084929632041, 0.12524164506946847, -0.12603469454446614, -0.5774208855025, -0.5017887321452023, -0.25672716473257506, -0.24950889470607518, 0.4146091312967248, 0.11934426014248997, 0.43079881748854004, -0.08987591444234051], [-0.6511551312969873, -0.18426560528150981, -0.5363442305898635, 0.6243642434356546, -0.34574461021446473, -0.18994620341423674, 0.2152828513109744, 0.5463700817780878, 0.06995955565618325, 0.022196570224483445, 0.4197708215109997, 0.022288084621659432], [0.01033745436606208, 0.18982466502722556, -0.6028532237296135, -0.15307235995188895, -0.49753198006985044, 0.46006633645762746, -0.6420059733046106, 0.6290566396946172, -0.6430925640807726, 0.8413124526096306, -0.12343760626636939, -0.019345379542636366]], "inverted": true, "swapped": true, "error_lsq": 0.05534427810439632, "error_max": 0.46368797502954073, "target": "664.xyz", "model": "16.xyz", "model_rescale": 3.795458400668931, "target_rescale": 4.0421695944476825},
{"mapping": [9, 2, 11, 8, 10, 4, 7, 0, 5, 1, 6, 3, 12], "R": [[0.6013254191832942, -0.2500506324064011, -0.758869172833628], [-0.04553548319161445, -0.9589498443145829, 0.27989590182698953], [-0.7977056224037423, -0.1337530460296006, -0.5880270934772154]], "T": [0.03751216135760117, 0.022180892996086034, -0.032326251300601724], "aligned_model": [[-0.6919408928068931, 0.4613903179014747, -0.5637906635618687, -0.5239037767066782, -0.1479480888665004, 0.27425056224223265, 0.2024174026226614, 0.5414422877314354, -0.07677859938339492, 0.5369832763883214, -0.1218338022214376, 0.1069856457793544, 0.03926219276171783], [-0.44076581496551515, -0.5068702223285972, 0.16322673270344268, 0.368440272478799, -0.6199428153403876, -0.037260211864966725, 0.6102439167234565, 0.15844068250730114, -0.587400848548055, -0.43958285213829945, 0.0619969958403462, 0.6703871180656364, -0.10933336526366175], [0.1946637625595269, -0.23721663736017873, -0.5556630005052818, 0.11801788367773926, -0.33594657642913317, -0.628914445102456, -0.2737031786857403, 0.24784884567184445, 0.43449740535154835, 0.46976882033750544, 0.6237220646587804, 0.44452179725710717, -0.13773243152692632]], "inverted": false, "swapped": false, "error_lsq": 0.04961071286027741, "error_max": 0.2589801138041925, "target": "664.xyz", "model": "17.xyz", "model_rescale": 3.7474275329858107, "target_rescale": 4.0421695944476825},
{"mapping": [5, 11, 8, 4, 10, 3, 0, 1, 12, 7, 9, 2, 13], "R": [[-0.10826186985334907, -0.7711046602948761, 0.6274368258298045], [-0.7988780949411802, 0.443120403022913, 0.4067408239259515], [-0.591669803994599, -0.45721101397093994, -0.6639916654180668]], "T": [0.029708278007414414, -0.051242401296630255, 0.051739185397789655], "aligned_model": [[-0.6113637295502388, 0.514001700815443, -0.368034037718799, -0.6975857417859012, -0.19001150160078034, 0.25898249701844817, 0.01124222639239756, 0.6475105844492502, -0.13119691610361978, 0.5207587740456359, -0.28211964613485996, 0.32227751283199374, 0.04207413922145514], [-0.38604178754047214, -0.5523687790764501, 0.11466744543440734, 0.34875619833336907, -0.5720766909557936, -0.10342105746845846, 0.7523911413988024, 0.190270047907602, -0.6604617578349362, -0.3322486096478399, -0.03913330333347574, 0.4809510748745667, 0.050295665778177207], [0.06422873170823667, -0.13817894413232013, -0.5236992772175736, 0.06818154190546385, -0.3443595795934908, -0.58489249905266, -0.17842276795986026, -0.14450164583821412, 0.4544775836672402, 0.5490561901794382, 0.6436351908985143, 0.41917090771454935, 0.0791688776250116]], "inverted": true, "swapped": false, "error_lsq": 0.04447755904225011, "error_max": 0.2788844979176861, "target": "664.xyz", "model": "18.xyz", "model_rescale": 3.922800546911778, "target_rescale": 4.0421695944476825},
{"mapping": [9, 12, 0, 2, 3, 5, 1, 8, 7, 13, 10, 6, 14], "R": [[-0.6756132533236299, -0.44300534508126216, 0.5893157016089873], [-0.1886965991761442, -0.6688071787504679, -0.7190900855325412], [0.712699323272317, -0.5970286608541265, 0.3682613918481137]], "T": [0.09398354463419885, -0.01605284669689149, 0.10155909664067136], "aligned_model": [[-0.6487089810104111, 0.4206913646619438, -0.2967530187270691, -0.5942748532493767, -0.2227769677498489, 0.38345249338913545, -0.043436879809505655, 0.6661833004336802, -0.10385878902234867, 0.5293237473712336, -0.3392662139363252, 0.23094761710850864, 0.05501304242080848], [-0.27183499751494467, -0.6281244749567962, 0.007001784398144646, 0.18178559118062457, -0.4235826969093075, 0.003822654293916712, 0.6401285077317062, 0.19550614263995797, -0.7793843490588721, -0.4016186585389902, 0.27053487944524973, 0.6006804358244218, -0.10333523066561254], [0.3153966274660734, -0.2689059715891156, -0.6368419175207232, 0.08455048033292034, -0.27623905391746284, -0.6043774531658896, -0.21232731749955397, 0.05443280339153456, 0.22959990097190147, 0.467115739911733, 0.718618874285079, 0.3784140640782265, 0.1144275331596123]], "inverted": false, "swapped": false, "error_lsq": 0.04639737151850704, "error_max": 0.2538485170635152, "target": "664.xyz", "model": "19.xyz", "model_rescale": 3.9282355846067225, "target_rescale": 4.0421695944476825},
{"mapping": [0, 5, 4, 11, 3, 6, 9, 7, 1, 2, 10, 12, 13], "R": [[0.8970751390597254, 0.21374995289498344, -0.3867391272141554], [0.19829028362205853, 0.587417115938506, 0.7846158903078445], [0.3948887923226714, -0.780546020129422, 0.48457275218285023]], "T": [0.05842341325143673, 0.03139879734604004, -0.10532011126218385], "aligned_model": [[-0.6317799417880784, 0.4319709952694639, -0.451096946673169, -0.5904790447249599, -0.20325823955366762, 0.4040246197973788, -0.07911639706973861, 0.6474965280391832, -0.10095140103066391, 0.4191200625420976, -0.13103705350062061, 0.32871999086159714, -0.007077310288397566], [-0.3218336762916732, -0.5546310879907062, -0.012318571902987387, 0.2777391678227491, -0.6174124334359287, -0.16257511238955022, 0.7060315965767333, 0.1799701655688407, -0.6105301832573898, -0.35681657391165006, 0.13652714807570707, 0.6916491034176957, -0.06421995441234202], [0.09227325010610068, -0.17403204406338885, -0.4765958031517237, 0.07245838358897314, -0.3826678506399057, -0.6247216730936268, -0.03915205237604941, 0.03258271814421418, 0.246855482356397, 0.5254753889354803, 0.7285186683603627, 0.35706894433070624, 0.005800897406795846]], "inverted": false, "swapped": false, "error_lsq": 0.04348188042277304, "error_max": 0.2927799644272515, "target": "664.xyz", "model": "20.xyz", "model_rescale": 4.067790424073018, "target_rescale": 4.0421695944476825},
{"mapping": [9, 11, 0, 7, 12, 3, 2, 6, 10, 13, 8, 4, 14], "R": [[0.5816153700582017, 0.5920018061024325, -0.5579044926181534], [0.6165585661472132, 0.1265706467131055, 0.7770684692490869], [0.5306402696955387, -0.795935759318605, -0.2913883512005274]], "T": [0.02485807662942987, -0.014426107827911622, 0.11890983076610323], "aligned_model": [[-0.5352510033699338, 0.39516455861658367, -0.41070097961262064, -0.7103676314087258, -0.1889143307911875, 0.2997547364115652, 0.19166153190793425, 0.7247095922301763, -0.05759052175624594, 0.3298389304797493, -0.28610304763769145, 0.27398095940587325, 0.010353067404947975], [-0.5528736946660486, -0.48288437673246376, 0.35011553946032625, 0.057203086302994116, -0.5278294822286103, -0.02811721795893534, 0.5761659362178055, 0.20482835450429482, -0.7998115354050981, -0.46895571647116585, 0.34858802447424186, 0.7060396288290633, -0.09088895845690538], [0.1389576286337929, -0.12898573932823332, -0.30753562347027535, 0.22367802248828464, -0.40809320516182884, -0.6860680550138882, -0.30192217414320227, 0.020460658326083014, 0.3372187410911426, 0.5553878012623679, 0.4298629070790673, 0.3665777663507398, 0.12432558179028566]], "inverted": true, "swapped": false, "error_lsq": 0.04771090355835293, "error_max": 0.3040146740441013, "target": "664.xyz", "model": "21.xyz", "model_rescale": 4.186013935880536, "target_rescale": 4.0421695944476825},
{"mapping": [1, 10, 6, 0, 7, 4, 3, 11, 9, 8, 2, 5, 12], "R": [[0.37785258490921025, 0.392401158502622, 0.8385992814707324], [0.7894809695684487, -0.6097222605813049, -0.07041706924380098], [0.4836809100705659, 0.6886654454504191, -0.5401783793117654]], "T": [0.008991596081341126, -0.08005552724559858, 0.05556803139887724], "aligned_model": [[-0.6107460425189026, 0.28277886077477765, -0.21147632875775402, -0.6581627817921935, -0.33950139156794634, 0.31041382584932337, 0.23828266076273003, 0.6288052317959614, 0.17452084786934394, 0.40538490482281714, -0.1829489390755916, -0.0322817691835609, 0.03146678290142044], [-0.4377714947595245, -0.7321562655479722, 0.20296537111113608, 0.19036405854046154, -0.4803010775548485, -0.09589810182376216, 0.7242061260503834, 0.04016428409205186, -0.6337422044179147, -0.19335573868095707, 0.12963178887204455, 0.6284744001925727, -0.051001558204172806], [0.20751467275733443, -0.3872689515136289, -0.3700443676541635, 0.11529009360242388, -0.4510678110933144, -0.6051208522679353, -0.33549137001154444, 0.0741215393157958, 0.2824642423912948, 0.7018679134794051, 0.7403229242532777, 0.3634976132175553, 0.027778663427834853]], "inverted": false, "swapped": false, "error_lsq": 0.05130229825140176, "error_max": 0.31089501202019343, "target": "664.xyz", "model": "22.xyz", "model_rescale": 4.166573947596378, "target_rescale": 4.0421695944476825},
{"mapping": [11, 4, 9, 12, 3, 8, 10, 7, 2, 1, 6, 13, 15], "R": [[-0.9860294743576739, -0.0014151368657504826, -0.1665649215338605], [-0.14091134716666817, 0.5403231968083835, 0.8295750931835189], [0.08882492858204064, 0.8414563805560098, -0.5329740065744063]], "T": [-0.021633505310118106, -0.019773834869016724, 0.013658126035232511], "aligned_model": [[-0.7528949570089423, 0.3743020508013887, -0.32444166009762354, -0.5801011653389783, -0.2061848833703498, 0.37511507755094325, 0.18668249626053374, 0.5878306315207843, -0.08771031925405248, 0.397052024170069, -0.11759653566355001, 0.16242028688679683, 0.022062815423405647], [-0.2989312324796596, -0.6095611419720702, 0.07807704990191257, 0.12900757286054693, -0.5192610119488833, -0.16717922668246976, 0.6682541837590945, 0.3502979741405609, -0.6041345203117922, -0.320234175794056, -0.13926813970484975, 0.7551100257457563, -0.03059776964459211], [-0.08340455497547095, -0.17406369249259393, -0.49544067776008827, 0.32246117110622236, -0.26541175912782083, -0.6755017630204554, -0.19649211111992834, -0.04102248975827993, 0.340714211679515, 0.5061264720253541, 0.7590572405262891, 0.3008729289831731, 0.06596933383841935]], "inverted": false, "swapped": false, "error_lsq": 0.04869051890921384, "error_max": 0.31872299097865575, "target": "664.xyz", "model": "23.xyz", "model_rescale": 4.274766983524099, "target_rescale": 4.0421695944476825},
{"mapping": [3, 2, 11, 10, 7, 9, 8, 1, 4, 5, 12], "R": [[-0.6342473327748223, -0.29678910164045647, -0.7138953354767595], [0.3837631514432116, 0.6807409804035568, -0.6239531722762368], [0.6711603120435526, -0.6697073590357623, -0.31786143017193214]], "T": [-0.02347775643240417, 0.151837053355301, -0.04763535813595373], "aligned_model": [[0.26410503248577527, 0.4538328417538527, -0.6954759028472968, -0.3775415787558226, -0.5289823036574499, -0.5321432070909276, -0.02024091929177839, 0.0688738622416588, 0.5396223018880377, 0.26332421766217873, -0.05547964043015298], [-0.03493731605284128, 0.40319669316054657, 0.4762165724941973, -0.21465450878838588, 0.5242876332383997, -0.19831671181761007, -0.6493108498515454, -0.05390125121947115, -0.019077086617905026, 0.5610599194184012, 0.12102343727969743], [-0.5905823686877204, -0.2372522179720021, -0.5294429096824945, -0.4491959621826325, 0.20956210122346416, 0.32881380379323694, 0.2920574521982669, 0.7147883087632068, 0.2504046376695335, 0.4211104563294354, -0.0306968674307169]], "inverted": false, "swapped": true, "error_lsq": 0.051646488298137824, "error_max": 0.32575496947081817, "target": "664.xyz", "model": "24.xyz", "model_rescale": 3.7841303162186577, "target_rescale": 4.0421695944476825},
{"mapping": [2, 3, 1, 8, 4, 6, 7, 11, 5, 13, 9, 10, 15], "R": [[0.7177453894244717, 0.41153800383959627, 0.561674307188458], [0.20413172969110238, 0.6468437140769984, -0.7347948329243975], [-0.6657114937367632, 0.6420511513538428, 0.3802611288995664]], "T": [-0.028696360770276867, 0.0680141673450784, 0.09128742136229666], "aligned_model": [[-0.6038696694388969, 0.40718595602206425, -0.5328743529693319, -0.6063640266317586, -0.24005577434574615, 0.31215511015786396, 0.2417520313425593, 0.7250280460668099, -0.14432267858663222, 0.5932940039060653, -0.27762100694493014, 0.15242787512918338, 0.00980034817317453], [-0.3850116501605636, -0.5773956563391972, 0.13290442437603375, 0.16303991992319425, -0.4744384335986749, -0.12423288211371744, 0.5717255674622664, 0.18081778590636693, -0.796005245397056, -0.23792326738917255, 0.06744531751356073, 0.7309265786080266, 0.039727129078430984], [0.2722191808622782, -0.11475784801490764, -0.45151106843644057, 0.0092632919614105, -0.37537810862759463, -0.5160739200017542, -0.218451263170041, -0.0014618715743467403, 0.18844582026147416, 0.4539584424669025, 0.6206048171304847, 0.4559739325476971, 0.04103290449917287]], "inverted": false, "swapped": false, "error_lsq": 0.03929887219410244, "error_max": 0.2334122280835861, "target": "664.xyz", "model": "25.xyz", "model_rescale": 4.19342608120988, "target_rescale": 4.0421695944476825},
{"mapping": [9, 10, 8, 2, 1, 7, 4, 6, 0, 11, 3, 12], "R": [[0.7316298691049715, -0.12702900962676533, -0.6697621707342731], [0.5378286421653938, -0.4961361106858659, 0.6816078867941827], [-0.4188771732858825, -0.8589019678559048, -0.29466815795617174]], "T": [-0.09703333804312858, 0.0692886427084448, -0.018864953314109048], "aligned_model": [[-0.1533375062554878, 0.4625084929632041, 0.12524164506946847, -0.12603469454446614, -0.5774208855025, -0.5017887321452023, -0.25672716473257506, -0.24950889470607518, 0.4146091312967248, 0.11934426014248997, 0.43079881748854004, -0.08987591444234051], [-0.6511551312969873, -0.18426560528150981, -0.5363442305898635, 0.6243642434356546, -0.34574461021446473, -0.18994620341423674, 0.2152828513109744, 0.5463700817780878, 0.06995955565618325, 0.022196570224483445, 0.4197708215109997, 0.022288084621659432], [0.01033745436606208, 0.18982466502722556, -0.6028532237296135, -0.15307235995188895, -0.49753198006985044, 0.46006633645762746, -0.6420059733046106, 0.6290566396946172, -0.6430925640807726, 0.8413124526096306, -0.12343760626636939, -0.019345379542636366]], "inverted": true, "swapped": true, "error_lsq": 0.05534427810439632, "error_max": 0.46368797502954073, "target": "664.xyz", "model": "26.xyz", "model_rescale": 3.795458400668931, "target_rescale": 4.0421695944476825},
{"mapping": [3, 6, 10, 4, 7, 5, 11, 8, 0, 1, 9, 11, 12], "R": [[-0.18138205569750182, 0.31127332813906977, -0.9328501836094452], [-0.05115654889560692, -0.9502868454146884, -0.30714478497427156], [-0.9820812376662329, -0.007989156465308095, 0.18828865075445494]], "T": [0.03444294923627255, -0.0561907293613719, 0.18150638924954393], "aligned_model": [[-0.6323154508228462, 0.6452645472237291, -0.31253912821593854, -0.6156276951158106, -0.31513157286327975, 0.28822344245201276, 0.0528941746993064, 0.6946744704928699, -0.16934941820965085, 0.48333090157233916, -0.13343463239292086, 0.0528941746993064, -0.002347951638691774], [-0.3719594455001237, -0.5110356572606494, 0.16762223160241166, 0.4592755538451758, -0.48282532252798194, -0.17580400180310848, 0.6513146478807144, 0.16602319299250604, -0.851581091685336, -0.2936955640610586, 0.04163050668825814, 0.6513146478807144, -0.1587001101820234], [0.20978911731006722, -0.13661312708388895, -0.39918081135057576, 0.07871606448364113, -0.41514147678355157, -0.5171699265070366, 0.07820931675578999, -0.031723583215576945, 0.31225819453670933, 0.4855528171072591, 0.5644194518100478, 0.07820931675578999, 0.05653895608566134]], "inverted": true, "swapped": false, "error_lsq": 0.058818229930308434, "error_max": 0.4036333777990175, "target": "664.xyz", "model": "27.xyz", "model_rescale": 3.6321398670334006, "target_rescale": 4.0421695944476825},
{"mapping": [1, 11, 6, 4, 13, 9, 12, 8, 2, 0, 3, 7, 14], "R": [[0.34640146246612097, -0.9281085571344208, 0.13645707374554386], [-0.7065180255185519, -0.35380981510522674, -0.6129036582959613], [0.6171209819951836, 0.11590134127381552, -0.7782856626408015]], "T": [0.12120168242430197, -0.05707961890309154, 0.06693658818520423], "aligned_model": [[-0.44968711117160154, 0.2989880572168923, -0.32993965754356014, -0.652516198407588, -0.25105797920333245, 0.3478190463725849, 0.2013435759365361, 0.4680615464475409, -0.15014031206802847, 0.4724905205154082, 0.050642272718297895, -0.041845077055555666, 0.07237717812283075], [-0.2927742950163979, -0.6371971291887693, 0.16447055572138494, 0.23735342563651218, -0.5085010871336577, -0.12420781328092295, 0.6699374576525635, 0.3123962244097618, -0.7884753518723229, -0.3828523030740338, 0.08839707662063134, 0.6491805367073296, -0.09614770931258046], [0.3234540362170337, -0.14373262080549887, -0.5257643892364907, 0.10065713864305556, -0.502377678507182, -0.5581318377466555, -0.3184634353756307, 0.16795862406153805, 0.22466251361200457, 0.4667865659274901, 0.7343330076569388, 0.3417087316497813, 0.052773653807951126]], "inverted": true, "swapped": false, "error_lsq": 0.049687795283600504, "error_max": 0.30620086573688954, "target": "664.xyz", "model": "28.xyz", "model_rescale": 4.156811204709835, "target_rescale": 4.0421695944476825},
