[{"mapping": [11, 1, 13, 6, 12, 5, 8, 10, 7, 9, 4, 0, 2, 14], "R": [[-0.2554222814847232, -0.9586418051701033, -0.12556013500050342], [0.9242403604621534, -0.20398278152610352, -0.32275498591603946], [0.2837943167400076, -0.1984865592957864, 0.9381171950055027]], "T": [0.10177787331038876, 0.09468406691187148, 0.06741239944442537], "aligned_model": [[0.1046319757601919, 0.3107168297646264, -0.515028544484105, -0.31513462962549865, -0.6676295051997939, -0.12615817144740585, -0.584803093955443, -0.036963692251403724, -0.4530104867073985, 0.20299542433625928, 0.7000145711376053, 0.2141050760516728, 0.5338665063531179, 0.0038898413958791123], [-0.7038566101000904, -0.3271051024853501, -0.41192514425336124, -0.3749624478328823, 0.2888161778425101, 0.42324782442712894, 0.11937552254492323, 0.5033178930743369, 0.7054738298195253, -0.08009616321607155, 0.33854257761749723, 0.8422989980093731, -0.16584982357174882, 0.07799579993424353], [0.28912206438806176, -0.4394733755149548, 0.5300697021230842, -0.15261334448034924, 0.5138694163672016, -0.5695632468213334, -0.14353366965736547, 0.6588983773042274, -0.03959917850019029, 0.656609992805576, 0.4290535127078201, -0.058411009318831864, 0.08609921035658627, 0.13705963542030153]], "inverted": false, "swapped": true, "error_lsq": 0.03795288776981725, "error_max": 0.22852952791415104, "target": "665.xyz", "model": "0.xyz", "model_rescale": 3.8414455957264533, "target_rescale": 4.028245099492887},
{"mapping": [8, 2, 5, 6, 10, 9, 4, 13, 0, 10, 12, 3, 11, 1, 14], "R": [[-0.25137568412869077, -0.9515917920338609, -0.17687093249773408], [0.9238912335792785, -0.18143812745510765, -0.3369053196685136], [0.288505206095474, -0.24809930922791673, 0.9247764480221361]], "T": [0.020939000742846187, 0.16624743609849668, -0.07072254446767576], "aligned_model": [[0.6800222831993178, -0.5790406320237106, -0.42946934411749416, -0.15532914292598832, 0.08745445009029601, 0.25848212640775653, -0.4525764669429009, 0.68539060943257, 0.002195415575212613, 0.08745445009029601, 0.6034087545105727, -0.5323720689728457, 0.5394944075516421, -0.13794448315211713, 0.01208947612196272], [-0.2472763831477865, -0.01206685403682145, -0.28696876829033635, -0.5179945817865456, -0.404097368250656, 0.17064862145828835, 0.4330406125721016, 0.49302568188980594, 0.8900203880730876, -0.404097368250656, -0.046506971211008524, 0.1754418904066775, 0.5089317995278363, 0.5055320409740791, 0.16480177149760064], [-0.20823499918702618, -0.4616613911141506, 0.09067813688789253, -0.40354318125540756, 0.3016533403052558, -0.7103033235802244, -0.050186291214880746, -0.23371652726005523, -0.03440778834544403, 0.3016533403052558, 0.3739729603254557, 0.4834788667359653, 0.5123152924351844, 0.709110698353224, 0.018628421029259712]], "inverted": true, "swapped": false, "error_lsq": 0.04822794104818686, "error_max": 0.38659551852392676, "target": "665.xyz", "model": "1.xyz", "model_rescale": 4.316132596720782, "target_rescale": 4.028245099492887},
{"mapping": [7, 10, 0, 6, 5, 8, 1, 13, 4, 12, 9, 14], "R": [[-0.35415907544707215, 0.6919124404912287, -0.6291490475014224], [0.8759642770936964, 0.009838589636827377, -0.482275634269114], [-0.3275025717978306, -0.7219143833221707, -0.6095750065565162]], "T": [-0.0017682043818511642, 0.10238868351149968, -0.2502878463866363], "aligned_model": [[-0.2022499599531206, 0.5279546584732925, 0.14793523265903857, -0.5144973228778839, -0.5545831102102284, -0.5089519589205264, -0.4302623081551848, -0.05772106537903288, 0.6578466259267751, 0.03948416715974825, 0.4897199504354918, 0.003133645473410898], [-0.6037438006184931, -0.19345571536863668, -0.6242560633260874, 0.43753069628464103, -0.3845300387679088, -0.08332218755661516, 0.4404322050619335, 0.5791192917793725, 0.04518016005800944, -0.12554635425342187, 0.4094690583337989, 0.11589917611438758], [0.14148979110391485, 0.1595368333524943, -0.44252028043430885, 0.009681179126904416, -0.40178964497597336, 0.22381915436492023, -0.6752750936899221, 0.5375903384101006, -0.5816092540172921, 0.6302476264713168, -0.02205997215769176, -0.12985221634504188]], "inverted": true, "swapped": true, "error_lsq": 0.0465079991941842, "error_max": 0.26855163682844596, "target": "665.xyz", "model": "2.xyz", "model_rescale": 3.795458400668931, "target_rescale": 4.028245099492887},
{"mapping": [13, 9, 11, 3, 8, 5, 2, 10, 4, 0, 6, 14], "R": [[-0.9739203734234572, 0.15477822806446645, 0.1658999889931825], [0.015686135948705868, -0.6835091929531703, 0.7297733403513073], [0.2263471920959321, 0.7133434539306646, 0.6632556561119982]], "T": [0.05973993903010803, 0.03505149820952795, 0.1284206876449235], "aligned_model": [[-0.32024571929606765, -0.031263006778113056, -0.6936674745866659, 0.15813816098109892, 0.1067330278760517, 0.3051021284856972, -0.2284955678930944, 0.5629840990192534, 0.3071922077852338, 0.768334410806495, -0.4031437759647012, 0.06163533530837711], [-0.0426972303506057, -0.5217851534197258, -0.21457050021111235, 0.13859013370934214, 0.5952537644897729, 0.7147555581401576, -0.2434221699469249, -0.34177451521400265, -0.5780780202271122, 0.1369808197844714, 0.4114887109214068, 0.031027647614042135], [-0.7086700268332223, -0.13539427167006782, -0.11010952277863104, 0.7321684358777066, -0.3193140632038982, 0.3368595134126585, 0.43550439038661326, -0.24685782086259547, 0.46155426893441254, 0.40206517203959247, -0.16624675742515374, 0.007212112761685319]], "inverted": true, "swapped": true, "error_lsq": 0.045396017050717115, "error_max": 0.2329944440074569, "target": "665.xyz", "model": "3.xyz", "model_rescale": 3.7530521520055578, "target_rescale": 4.028245099492887},
{"mapping": [12, 5, 0, 3, 10, 1, 9, 6, 11, 2, 14], "R": [[-0.3106844729694152, 0.9365038923992511, 0.16259033727983077], [0.818092231260238, 0.17636951964098524, 0.5473745460772302], [0.4839424133172897, 0.30307466417148843, -0.8209418301743294]], "T": [-0.020279018636792642, -0.04384776808175063, -0.00015108166606542066], "aligned_model": [[-0.5084088565524383, -0.11453348536632026, 0.4553791369359758, 0.39789969138193776, 0.15206411520182622, -0.1304383043210836, 0.04347976692231163, -0.6459568726213099, -0.41469092862967766, 0.2061876817613974, -0.10278234226741416], [-0.810376237048786, 0.12843043008877408, -0.3105519796247696, 0.3265275440028795, -0.7482604327378956, 0.638953641108831, -0.3223615675426778, 0.1814944124191994, 0.23384878953650795, 0.2775054839004207, -0.1280067257881375], [-0.05638475626927569, -0.7261560920652385, -0.5386631042344926, -0.27008162329801816, 0.10078023158305949, -0.012065240723174107, 0.5533033485047392, 0.023158500617143488, 0.6737587056316632, 0.3166652891997277, 0.0285155182991826]], "inverted": true, "swapped": true, "error_lsq": 0.04542848872643958, "error_max": 0.2646157439538772, "target": "665.xyz", "model": "4.xyz", "model_rescale": 3.7855080009869324, "target_rescale": 4.028245099492887},
{"mapping": [1, 7, 6, 4, 11, 0, 10, 2, 3, 13, 12, 8, 14, 15, 16], "R": [[0.12120824389290455, -0.9926210190928483, 0.0034747758882838764], [0.7132234316632394, 0.08465546127586096, -0.6958058561141058], [0.6903773592311024, 0.08681569749329232, 0.718221509375654]], "T": [0.020828182509776277, 0.14560678700937663, 0.04179094121731217], "aligned_model": [[0.5528747359816252, -0.6205588784166326, -0.2931005988394577, -0.09566921179323122, 0.2530250093549813, 0.3091099689769359, -0.5156729972750363, 0.63288681616063, 0.17333809412473766, -0.026366726465939176, 0.5544530774861623, -0.5412267718642894, 0.45334513070950255, -0.22115654946026342, 0.053978736164844374], [-0.23950421294913865, 0.004647887805734635, -0.4266875693472761, -0.30123800563063485, -0.5883763512439308, 0.1392689379149109, 0.6373486323726179, 0.5276740832553184, 0.7157428148434548, -0.22365449284951072, -0.1440916768107186, 0.1278603265342408, 0.4425894812644743, 0.5700891475236474, 0.18076550874247738], [-0.33466612358430564, -0.3189342986639433, 0.039564286804962524, -0.5359277379652659, 0.24126428445691353, -0.6830037376957384, 0.005449289045968732, -0.11693680585753735, -0.3244087884713049, 0.6633103589663868, 0.3490116021954937, 0.46498021963512814, 0.46890657821255, 0.7055501006957156, 0.06527832664528173]], "inverted": false, "swapped": false, "error_lsq": 0.03406563937948502, "error_max": 0.20875808833275283, "target": "665.xyz", "model": "5.xyz", "model_rescale": 4.2253639853439635, "target_rescale": 4.028245099492887},
{"mapping": [10, 4, 5, 7, 0, 1, 8, 12, 2, 9, 3, 6, 13, 14], "R": [[-0.3394994812521436, -0.4022082620596118, -0.8502756118815311], [0.7747296510201618, 0.3930677718453438, -0.4952693151879239], [0.5334173507298987, -0.8268774036503377, 0.17815636186443873]], "T": [-0.057037632451242014, 0.06354863391413926, 0.010631729967499878], "aligned_model": [[0.4874260790910236, -0.11941970267193072, -0.4576878530152183, 0.15100891292693897, -0.25644228314609896, -0.5727082585145887, 0.16772629621484222, 0.7436926621761832, -0.2809007715072951, 0.3715235245935951, -0.6409436009721606, 0.025288138643861126, 0.6984371410439185, 0.057061867894713715], [-0.1417936193504351, 0.29283863502556967, -0.5203114030501546, -0.7413360316289088, -0.5143786253979108, 0.3426423159077303, -0.3760652347152702, -0.34114616225764605, 0.49833820187066136, 0.4446760218941993, 5.773238379602752e-05, 0.15256007916260889, 0.2998776287862944, 0.04913960800445554], [-0.4337558415748727, -0.6905622427522227, 0.26407563931657857, 0.04502717774871853, -0.4515531725268741, 0.37762669163298584, 0.5328598023092052, 0.16571872419085554, -0.11495098526625842, -0.23231718298687104, -0.1892095269564597, 0.6649211475299318, 0.48451072547899093, 0.049167252787741186]], "inverted": true, "swapped": true, "error_lsq": 0.039387056229079905, "error_max": 0.28295319792964424, "target": "665.xyz", "model": "6.xyz", "model_rescale": 3.89814844738969, "target_rescale": 4.028245099492887},
{"mapping": [6, 13, 12, 1, 7, 9, 2, 5, 3, 4, 10, 0, 14], "R": [[0.6079902216970637, 0.7809525091937493, -0.14304219204396493], [0.5384327552607995, -0.273171581923776, 0.7971621258511509], [0.5834707005351851, -0.5616853792055202, -0.5865760619081993]], "T": [-0.1548683990087104, 0.015921665788836123, -0.042837476708336264], "aligned_model": [[0.029402554838758754, 0.11027915828484547, 0.5618613281108266, -0.47015230171198075, 0.6232704945181814, -0.391719224041722, -0.6567999850199475, 0.26884437761848584, -0.403220180170692, -0.6176431535920344, 0.08244840923356911, 0.09581544685690635, -0.08375512402097451], [-0.3433340724255962, 0.2927382845775093, 0.4810404827246444, -0.5878953391964638, 0.08112492165224038, 0.5292276418140058, -0.03289286042019115, -0.5005474114527331, -0.29691790641122473, 0.4479473339693951, 0.6983273335744098, 0.11985325505793736, 0.07510960200655242], [-0.5717748473241383, -0.8820181259224934, -0.35741948979120397, -0.16323625156893212, 0.24448487623999726, -0.30430561465224126, -0.0675258705921945, 0.302668141718003, 0.4318904427147686, 0.3410007225718442, 0.07586267073597824, 0.6739141190641685, -0.12126574235726054]], "inverted": false, "swapped": true, "error_lsq": 0.04118349050947233, "error_max": 0.23626499712916876, "target": "665.xyz", "model": "7.xyz", "model_rescale": 3.7474275329858107, "target_rescale": 4.028245099492887},
{"mapping": [1, 8, 4, 2, 13, 3, 5, 0, 6, 11, 12, 9, 10, 7, 14], "R": [[-0.2879309928140506, 0.7425826058210229, -0.6047039084619634], [-0.9470898691739486, -0.31432541794448127, 0.06496392338906204], [-0.14183272924536108, 0.5914140725127248, 0.7937964926533283]], "T": [0.09879731167518777, 0.0603017222779703, 0.07353409549063833], "aligned_model": [[0.6431431556326678, -0.4971104018189271, -0.30753793907892546, 0.04089748369539534, 0.10257347507901997, -0.046351237532370027, -0.40382392903612085, 0.5579374898128634, 0.16454759696248422, -0.012357556945415987, 0.48637241478684046, -0.5484620917225004, 0.5064439094241076, -0.11890586133833167, 0.10189332692378252], [-0.19614691775739435, -0.062348644769779166, -0.5748445155647764, -0.36213999455830614, -0.7835810732909427, 0.43377014826774773, 0.5538496855269751, 0.41663473427529757, 0.8596729195071424, 0.06337323871172904, -0.23085488605369192, 0.18194295971187527, 0.5279029279153263, 0.5902903726269527, 0.004913556877510619], [-0.3767141885039633, -0.23478586869882634, -0.13552753751341695, -0.652262089155007, 0.38330723284330187, -0.5210983711946844, -0.0560952236484793, -0.23699822007020238, -0.08015613654374742, 0.6851836001569958, 0.4551831327908133, 0.4564167330667182, 0.5099246585399366, 0.4417663467738832, 0.05129348557698299]], "inverted": false, "swapped": false, "error_lsq": 0.04913477152031395, "error_max": 0.31577573556681937, "target": "665.xyz", "model": "8.xyz", "model_rescale": 4.019505241142653, "target_rescale": 4.028245099492887},
{"mapping": [6, 5, 2, 11, 13, 9, 4, 8, 12, 7, 0, 10, 14], "R": [[-0.026224804172034932, -0.2936758654423812, 0.9555452609389087], [0.4556863292054143, -0.8542972890828162, -0.25005221702885594], [0.8897540272577772, 0.4288713419225161, 0.15622785621055907]], "T": [-0.045609005247662524, 0.031215347012221575, -0.153646238819695], "aligned_model": [[-0.19608499731618123, -0.7769544171671545, 0.1158492595710199, 0.3826824156697521, 0.4270435752586588, 0.5772147543345385, 0.3311030580790547, -0.3676817167014695, 0.19490222988241623, -0.4069070210795003, -0.3498022988178009, 0.3798888730922488, 0.008447056935593271], [-0.6064780164881054, 0.045105975278461705, 0.1734017515227652, -0.49235009969531646, -0.734282674165413, 0.0252225083095957, 0.6584399753101027, -0.4695851244869525, -0.3735358221314468, 0.030109936104981132, 0.6110542327428745, 0.24371152766293314, -0.047435941850421146], [-0.26983299307527214, 0.02124771790474772, -0.6104196475153375, -0.6324741996317323, 0.05072388449990439, -0.1549015818007622, -0.26685269479230256, 0.248807973415013, 0.6256673664849469, 0.5958657747737589, 0.24463798458112715, 0.40302549267075316, -0.07879158347096506]], "inverted": false, "swapped": true, "error_lsq": 0.046169810915072426, "error_max": 0.35304124993251174, "target": "665.xyz", "model": "9.xyz", "model_rescale": 3.877068213659057, "target_rescale": 4.028245099492887},
{"mapping": [6, 9, 2, 14, 13, 10, 8, 12, 0, 4, 3, 7, 5, 1, 15], "R": [[-0.9644362054385011, 0.2349880646959171, -0.12100997929862252], [-0.1792736282065444, -0.2451328222975167, 0.952770101158782], [0.19422608441979994, 0.9405798790548953, 0.2785421319083186]], "T": [0.0726081463472591, 0.06648020180036053, 0.002117380099051651], "aligned_model": [[0.6017707660353396, -0.43937781247333474, -0.4350744613018731, -0.11302618534460995, 0.18634525526459556, 0.16099840170823043, -0.5593994404445362, 0.6561717951592028, 0.1491331913291975, -0.01682011757626567, 0.5548048842621538, -0.5362406153806186, 0.46301830269489375, -0.08865414489942994, 0.08561001581162499], [-0.14468933693866032, -0.03139917018911757, -0.35036626960967665, -0.4768738933839314, -0.6980337552811441, 0.022907435182715194, 0.4997584611814997, 0.5050453281130692, 0.858885076905783, -0.15029655767817812, -0.0831057693134508, 0.1698637063199674, 0.5097212092652839, 0.6354758165334804, 0.1555422303180259], [-0.23388881252827082, -0.4027718768702529, 0.09620641831861895, -0.5268701138763332, -0.012741134173121983, -0.7003777132833752, -0.08821144139973444, -0.15697163109008858, 0.004230915871651496, 0.6370198150499494, 0.3866582568838187, 0.5358791300891411, 0.5140868727103056, 0.6370544431531637, 0.00013442556483285809]], "inverted": true, "swapped": false, "error_lsq": 0.03946142531652396, "error_max": 0.25706144974006506, "target": "665.xyz", "model": "10.xyz", "model_rescale": 4.260839863003843, "target_rescale": 4.028245099492887},
{"mapping": [13, 11, 1, 6, 5, 8, 12, 9, 4, 0, 10, 14], "R": [[-0.09527617948713235, 0.34769658671820747, -0.932753736635155], [-0.8909815924918792, -0.44765715131969197, -0.07586090371840892], [-0.4439304579131409, 0.82383867259121, 0.35244232163601247]], "T": [-0.0621053593534679, -0.08721169780135855, 0.10460551702095702], "aligned_model": [[0.3408041489519705, 0.2671886509733671, -0.45432321826475064, -0.28903737850541816, -0.7710737640137011, -0.40218991567111945, 0.19624023760215265, 0.554305967963246, 0.369214136895589, -0.26895161878728213, 0.4276037493412181, -0.010882347391141592], [0.07401601132286499, -0.6020873216632038, -0.6441121818047196, -0.1935495753633667, 0.14737191117905724, 0.33808504713148047, 0.667778014917306, -0.1397757922555677, -0.22816284395846304, 0.3374351428527631, 0.43350561650669855, -0.017425523331914952], [-0.7095347556099036, -0.4551257408061202, -0.015900839114421222, -0.511827225770207, 0.19394357598409345, -0.36440035710667007, -0.3338542243265401, 0.0323489115673436, 0.6896137915142535, 0.7081506284659274, 0.2631140510017489, 0.019650261595999405]], "inverted": true, "swapped": true, "error_lsq": 0.05307478253017268, "error_max": 0.2983153578093859, "target": "665.xyz", "model": "11.xyz", "model_rescale": 3.890672605050136, "target_rescale": 4.028245099492887},
{"mapping": [13, 12, 8, 11, 6, 4, 10, 2, 9, 0, 5, 7, 3, 14], "R": [[-0.8064594123043763, 0.5895120651428267, 0.04581202196715961], [0.3761051634924876, 0.5712118825468778, -0.7295628082842086], [-0.45625444907416424, -0.5711326555961332, -0.6823777307413684]], "T": [0.09486559106641312, -0.04220946594096759, 0.24772358438386363], "aligned_model": [[0.6258137746127583, 0.06947250000126959, 0.3875534206937326, 0.7297020712150509, 0.7271174060308393, -0.44766266296500956, -0.39343109806742027, 0.1609118812280021, 0.033339067730733196, -0.5662091703806328, 0.08171234444873554, -0.2080192253782842, -0.11460501251305755, 0.1241805381369766], [-0.2577901611702844, 0.1645892246597811, 0.4941128873116383, -0.5695695458705935, 0.12087678348648018, -0.5086044622292433, -0.18371377142343193, -0.4152130989009121, -0.5868017344406485, 0.331541884744969, 0.6771048876187622, 0.6229847429138757, 0.08672168041176234, -0.044086797284390335], [-0.47530741068142945, -0.6386106364673085, -0.13068559157794843, 0.17219528609744192, 0.11944369653043471, 0.43818937051890927, -0.27918187470186373, 0.5815407037050666, -0.04821673648914396, 0.35100525510320635, 0.4669513427868902, -0.14987318266970737, 0.8172959049513742, 0.13004430825093916]], "inverted": false, "swapped": true, "error_lsq": 0.04223268994684577, "error_max": 0.2446938471468571, "target": "665.xyz", "model": "12.xyz", "model_rescale": 4.124412569039231, "target_rescale": 4.028245099492887},
{"mapping": [3, 5, 7, 1, 0, 4, 6, 9, 8, 11, 10, 12, 14], "R": [[-0.9361146727989467, 0.07935458434066167, -0.34262540669752084], [-0.1571965818846221, -0.9658896775470445, 0.20578232541172664], [-0.314608572696791, 0.24649539702028367, 0.9166577688720587]], "T": [0.027259521345113752, 0.0006868653510002376, -0.012486071025019288], "aligned_model": [[-0.15139066810363452, -0.0565104392574699, 0.5478596256584644, -0.6464767846597516, 0.5045231883509039, 0.3099681360834021, -0.38147714924189835, 0.22687369077970504, 0.06059680724586526, -0.4551870991988861, 0.7273915884979945, 0.6045751698834924, 0.0765522414715705], [-0.26701818816429945, 0.43649718366127155, 0.5676963249592938, -0.029542475569149407, -0.051155407045427634, -0.6812419340995658, 0.46063920031592354, -0.2974663261717416, 0.7183648295334331, -0.08913427536827835, -0.06405738288981425, 0.5751128508772518, 0.06879097646958018], [0.5179212410972144, 0.5947197567986232, 0.3033960918171548, 0.14133316288155998, 0.5849323642591372, 0.04397069390030419, -0.26581075514318864, -0.521608633133167, -0.030605170290482965, -0.6803243413259187, -0.2167157426387327, -0.4195982025868129, -0.09991238466785198]], "inverted": true, "swapped": true, "error_lsq": 0.04623469114334134, "error_max": 0.33944873026743994, "target": "665.xyz", "model": "13.xyz", "model_rescale": 3.9028299243045295, "target_rescale": 4.028245099492887},
{"mapping": [12, 0, 5, 8, 13, 2, 3, 1, 6, 10, 14, 4, 9, 7, 15], "R": [[0.05678046571046321, 0.9983790610392738, -0.0039024597423989588], [-0.971231211196286, 0.0543302096697981, -0.23185806588391764], [-0.23127021665553527, 0.016955199661870986, 0.9727417992933829]], "T": [0.06424395511479927, 0.10222759374826138, -0.021943458026538208], "aligned_model": [[0.5145616619227096, -0.6651022254447059, -0.11959858788006222, -0.14801740485995704, 0.2855418080035166, 0.0038003312944275905, -0.365435732193926, 0.5455221771547959, 0.20623098220716451, -0.06609806931869602, 0.6417505341708393, -0.5522945204687977, 0.4377973670642161, -0.14098314728006223, 0.09158466047310729], [-0.37359232336726556, 0.10059448086234854, -0.3748640172824188, -0.3860576110599139, -0.6045914006048362, 0.2843292482599778, 0.551581676680775, 0.41822122735733835, 0.7535194516521889, -0.10014246034639249, -0.13332726176042903, 0.012120365282611303, 0.5423110161528208, 0.5615493331775245, 0.17078278642133732], [-0.2565700941366015, -0.4159839268749703, 0.0042738592367761105, -0.5814341490882653, 0.2680315776640424, -0.7328128731228281, -0.06826537189359277, -0.32313783422131076, -0.030120389893632464, 0.6833294819912107, 0.6057911307737147, 0.24474787926434957, 0.49538611411225, 0.7314046235184111, 0.06479752709075218]], "inverted": false, "swapped": false, "error_lsq": 0.04233655734021386, "error_max": 0.27342190930797045, "target": "665.xyz", "model": "14.xyz", "model_rescale": 3.942246331269136, "target_rescale": 4.028245099492887},
{"mapping": [6, 0, 2, 7, 9, 8, 12, 11, 13, 5, 10, 1, 4, 3, 14], "R": [[0.6325596205062364, 0.4660201927935661, 0.6186222647251338], [-0.12216020534284631, -0.7286962969621198, 0.6738535382590847], [0.7648171093376506, -0.5018235613264301, -0.4040147306250834]], "T": [0.10918160817182934, 0.11777699432186328, 0.08563600558917367], "aligned_model": [[0.44326745741314466, -0.46507406441401966, -0.3946523724781891, 0.006644578289652842, 0.38066616745899096, 0.07717528850885857, -0.3898297477946774, 0.6671955855533008, 0.21895555670034614, -0.258951922810562, 0.7282113951791899, -0.6342845381326743, 0.43628057490632566, -0.16225034040523598, 0.015906216870118797], [-0.14012427463644356, -0.08160865306961099, -0.4536554760068564, -0.5485541348010119, -0.633063521407179, 0.16755273488625347, 0.7651072860868154, 0.40115912113613095, 0.911304981113396, -0.19582931869889486, -0.03380118192588266, 0.27359534737528984, 0.4661969599726914, 0.4155485583673549, 0.10860608303361405], [-0.2813285296793247, -0.3281190777457798, 0.03805270562101193, -0.4401667064557669, 0.18906211515906332, -0.6859460687494474, 0.08039977195054013, -0.26425825830448163, -0.05290229564319984, 0.4966206062606308, 0.4063020239418999, 0.3678064610437918, 0.4251559172581438, 0.6807870145257338, 0.05797187523748984]], "inverted": false, "swapped": false, "error_lsq": 0.04687548571780567, "error_max": 0.25938663014374075, "target": "665.xyz", "model": "15.xyz", "model_rescale": 4.355366556412066, "target_rescale": 4.028245099492887},
{"mapping": [7, 10, 0, 6, 5, 8, 1, 13, 4, 12, 9, 14], "R": [[-0.35415907544707215, 0.6919124404912287, -0.6291490475014224], [0.8759642770936964, 0.009838589636827377, -0.482275634269114], [-0.3275025717978306, -0.7219143833221707, -0.6095750065565162]], "T": [-0.0017682043818511642, 0.10238868351149968, -0.2502878463866363], "aligned_model": [[-0.2022499599531206, 0.5279546584732925, 0.14793523265903857, -0.5144973228778839, -0.5545831102102284, -0.5089519589205264, -0.4302623081551848, -0.05772106537903288, 0.6578466259267751, 0.03948416715974825, 0.4897199504354918, 0.003133645473410898], [-0.6037438006184931, -0.19345571536863668, -0.6242560633260874, 0.43753069628464103, -0.3845300387679088, -0.08332218755661516, 0.4404322050619335, 0.5791192917793725, 0.04518016005800944, -0.12554635425342187, 0.4094690583337989, 0.11589917611438758], [0.14148979110391485, 0.1595368333524943, -0.44252028043430885, 0.009681179126904416, -0.40178964497597336, 0.22381915436492023, -0.6752750936899221, 0.5375903384101006, -0.5816092540172921, 0.6302476264713168, -0.02205997215769176, -0.12985221634504188]], "inverted": true, "swapped": true, "error_lsq": 0.0465079991941842, "error_max": 0.26855163682844596, "target": "665.xyz", "model": "16.xyz", "model_rescale": 3.795458400668931, "target_rescale": 4.028245099492887},
{"mapping": [6, 13, 12, 1, 7, 9, 2, 5, 3, 4, 10, 0, 14], "R": [[0.6079902216970637, 0.7809525091937493, -0.14304219204396493], [0.5384327552607995, -0.273171581923776, 0.7971621258511509], [0.5834707005351851, -0.5616853792055202, -0.5865760619081993]], "T": [-0.1548683990087104, 0.015921665788836123, -0.042837476708336264], "aligned_model": [[0.029402554838758754, 0.11027915828484547, 0.5618613281108266, -0.47015230171198075, 0.6232704945181814, -0.391719224041722, -0.6567999850199475, 0.26884437761848584, -0.403220180170692, -0.6176431535920344, 0.08244840923356911, 0.09581544685690635, -0.08375512402097451], [-0.3433340724255962, 0.2927382845775093, 0.4810404827246444, -0.5878953391964638, 0.08112492165224038, 0.5292276418140058, -0.03289286042019115, -0.5005474114527331, -0.29691790641122473, 0.4479473339693951, 0.6983273335744098, 0.11985325505793736, 0.07510960200655242], [-0.5717748473241383, -0.8820181259224934, -0.35741948979120397, -0.16323625156893212, 0.24448487623999726, -0.30430561465224126, -0.0675258705921945, 0.302668141718003, 0.4318904427147686, 0.3410007225718442, 0.07586267073597824, 0.6739141190641685, -0.12126574235726054]], "inverted": false, "swapped": true, "error_lsq": 0.04118349050947233, "error_max": 0.23626499712916876, "target": "665.xyz", "model": "17.xyz", "model_rescale": 3.7474275329858107, "target_rescale": 4.028245099492887},
{"mapping": [5, 6, 8, 1, 0, 4, 7, 13, 3, 10, 2, 11, 9, 14], "R": [[0.6653335162819097, 0.7232630700021805, -0.18499146921674792], [-0.37011650118116113, 0.5347655900460174, 0.7596311863372585], [0.6483402560888576, -0.43693969294830143, 0.6234890673146393]], "T": [-0.01716301964028354, -0.08517848467910524, 0.03032006053481773], "aligned_model": [[0.42921797620299884, 0.11374424470705692, 0.5996845797831484, -0.3499856374068482, 0.29868525665233614, -0.43757437264890625, 0.7845707568338683, 0.1746075766145031, -0.22565474578954914, 0.2389022795664123, -0.5198700772904571, -0.46891463136702355, -0.269903689294343, 0.047338131319679747], [-0.516331920591132, 0.3456035384407491, 0.1444045813861776, -0.1529346833383642, -0.7265407386322297, -0.3808331581906643, -0.27927309415992896, 0.8163120496756179, -0.6440633641518562, -0.0018854471816037444, -0.11626350874800875, 0.5805818591352221, 0.2800012009940519, 0.011630926873202302], [-0.3945301229878765, -0.45966498883268275, -0.2582834590627, -0.5722851024429098, 0.3064927265167327, 0.5632187591309001, 0.1392051877524135, 0.07147445851056977, -0.14024574566462028, 0.7111866556546728, -0.00499321267332534, -0.16846167952059432, 0.4670269148161481, 0.0646543274649271]], "inverted": false, "swapped": true, "error_lsq": 0.035032410584733595, "error_max": 0.19505839920402288, "target": "665.xyz", "model": "18.xyz", "model_rescale": 3.922800546911778, "target_rescale": 4.028245099492887},
{"mapping": [11, 12, 3, 7, 9, 13, 5, 4, 8, 2, 10, 0, 6, 1, 14], "R": [[0.6376506157159304, -0.7585524505739069, 0.13416360164148783], [-0.7617236160764044, -0.646848587397371, -0.03693288092624734], [0.11479906353529921, -0.07864530952540358, -0.9902707156636875]], "T": [0.03482675748038127, 0.18129270296557481, 0.037551051741402545], "aligned_model": [[0.5357685533030979, -0.5025632076261332, -0.4400531425341644, -0.06133456336936811, 0.1767601633453662, 0.265717526569365, -0.6393391836460106, 0.722351822139009, 0.04222064328511707, 0.08683547061578553, 0.7152538166425016, -0.6587978846380369, 0.47673213758657523, -0.07268464523601958, 0.02239232840748464], [-0.21627572340478007, 0.13000018376705047, -0.2469647214405402, -0.4549346413477067, -0.5882075317290885, 0.2258934261978913, 0.5391110981427478, 0.3441407091930343, 0.7628545323097791, -0.2329764278399396, -0.08868692831957703, 0.01638861860871174, 0.6127334470026096, 0.5232550763226578, 0.09610339396281639], [-0.27588199744153885, -0.5344586924444825, 0.02225717753238976, -0.4359241701859503, 0.2622007413014094, -0.6078278873764131, 0.03756020127817831, -0.11947426922963134, -0.15250636885602672, 0.6196207587417144, 0.376270202535136, 0.47359478175640823, 0.34470946580665623, 0.6852284849053105, -0.005930873902855377]], "inverted": false, "swapped": false, "error_lsq": 0.038020182646104864, "error_max": 0.25251457811187344, "target": "665.xyz", "model": "19.xyz", "model_rescale": 3.9282355846067225, "target_rescale": 4.028245099492887},
{"mapping": [7, 0, 3, 10, 12, 4, 9, 2, 13, 6, 5, 8, 1, 14], "R": [[-0.7087440572304109, -0.6341679630457047, -0.30905154260582113], [-0.5671680849590321, 0.2516983935307604, 0.7841991342114186], [-0.41952619077297204, 0.7310806476309547, -0.5380695697723703]], "T": [0.0988228361667852, -0.08705156058058258, 0.010146991473061386], "aligned_model": [[-0.5814980513742454, -0.08068723705075806, 0.5189629542058647, -0.4060832385221327, -0.7838031007859902, 0.35808977322946567, 0.041885149776490604, 0.5606425942604975, -0.364924681877821, 0.03410743278951711, 0.0028114382363545187, -0.40299238058882725, 0.6365446994970271, -0.0005325327107658095], [-0.5412145153203217, -0.794476772943582, -0.5434774551133114, -0.0882416625319257, 0.1363075031480994, -0.21593930797020636, 0.3472366736477437, 0.054436991556263914, 0.6957354140021469, 0.26791013805942643, -0.6491479802742526, -0.08440199317702204, -0.04424658340963181, -0.01759836224859103], [0.16247964462288442, -0.22373913123413733, 0.018601968382695924, -0.5200934514422764, 0.0011446235421782268, -0.6712537853038147, -0.432683399287539, -0.13692847366581243, 0.1629135503886557, 0.5692617569462404, 0.5005309059962189, 0.5246135158335422, 0.443180144276865, 0.014155288187981615]], "inverted": false, "swapped": true, "error_lsq": 0.03918191149038872, "error_max": 0.24678780043135257, "target": "665.xyz", "model": "20.xyz", "model_rescale": 4.067790424073018, "target_rescale": 4.028245099492887},
{"mapping": [6, 8, 5, 4, 13, 2, 7, 3, 0, 13, 11, 1, 12, 9, 14], "R": [[0.15755628313644568, -0.9219704578324123, 0.353760501651217], [0.7942510929756644, -0.09456146651844823, -0.6001860797759666], [0.5868059465881296, 0.37553775300783393, 0.717377290632089]], "T": [0.059649392492704886, 0.09148379430867865, 0.02107976364051477], "aligned_model": [[0.5299696524578605, -0.4577768263936824, -0.2931459602138952, -0.13892748205575545, 0.06261740104351503, 0.3181461246636546, -0.5125079408191753, 0.8172888888874441, -0.01258380056453716, 0.06261740104351503, 0.597620459008795, -0.6157293962336728, 0.42793008712065234, -0.18211323782776234, 0.06585446472761346], [-0.36334469417263526, 0.10888852849049288, -0.37701130119535453, -0.26758304680094397, -0.4224370870986976, 0.24384790203536652, 0.5649731333052943, 0.4286258779882746, 0.6964221156007031, -0.4224370870986976, -0.011038559238587597, 0.035384306542199, 0.6096180379996297, 0.499066665670911, 0.0994597193977115], [-0.324588866448308, -0.2179496905320838, -0.04610584088291217, -0.6674772225606281, 0.49647436148098845, -0.6598655716636657, 0.09254856104730157, -0.16882185711540793, -0.34400929778710665, 0.49647436148098845, 0.36474901247406677, 0.4837042771389333, 0.44877136091225234, 0.6370967544950995, 0.09843721238078638]], "inverted": false, "swapped": false, "error_lsq": 0.05102692136223825, "error_max": 0.4286261548937277, "target": "665.xyz", "model": "21.xyz", "model_rescale": 4.186013935880536, "target_rescale": 4.028245099492887},
{"mapping": [4, 0, 10, 11, 1, 9, 2, 3, 12, 7, 5, 6, 14], "R": [[-0.19536284036632562, 0.27350054335118656, 0.941823132754026], [0.7114389027184274, 0.7005247664277376, -0.055854626667482865], [-0.6750467008309883, 0.6591376976079958, -0.33143543457094143]], "T": [0.002842823570992439, -0.0820149859834606, 0.041899264573886374], "aligned_model": [[-0.046822987414017275, -0.5356084821828387, 0.28560468414893353, 0.6049361614515818, -0.23054956940206564, 0.5197527093415298, 0.015252590567958014, -0.5551465096416156, 0.4977443696514001, -0.22660960415832185, -0.5922459807278472, 0.224156488264568, 0.09811016552396006], [-0.45459734950192454, 0.2198455728307623, 0.25925072327075993, -0.50747233461574, -0.48880832706134314, -0.25460905536492445, -0.5862567210186306, -0.34751083482537926, 0.6771796370955896, 0.7117101926807048, 0.27923203119702245, 0.018330642572338685, -0.007337517713142158], [-0.5959518969735095, -0.41233350640677363, -0.5409128267498904, 0.42044938179423197, 0.550369468576204, -0.25970044150829763, 0.019228531697896296, -0.013541342286915808, -0.04582098699302703, -0.05637413397258266, 0.3265338808180015, 0.6613718051722992, 0.04956162816770977]], "inverted": false, "swapped": true, "error_lsq": 0.04782326299200905, "error_max": 0.2561659429773942, "target": "665.xyz", "model": "22.xyz", "model_rescale": 4.166573947596378, "target_rescale": 4.028245099492887},
{"mapping": [4, 11, 9, 3, 8, 2, 12, 1, 6, 10, 7, 14, 5, 13, 15], "R": [[0.8522272565320462, 0.02074966331522455, 0.522760131127238], [-0.19007412986084524, -0.9186547456940961, 0.34633117585825085], [0.48742233061432955, -0.3945160449031458, -0.7789586394234771]], "T": [0.021213549572498696, 0.04580012694402487, 0.0047096717159625795], "aligned_model": [[0.5451571757336527, -0.5843089833538789, -0.3858159360899664, -0.039470400090653085, 0.3092331673057319, 0.21038325581110137, -0.4877755973152372, 0.5984321324695238, 0.10926657514772563, -0.048029218779881214, 0.45610796621569777, -0.5715816442779317, 0.48920570297201005, -0.006500018360400057, 0.07495565745707465], [-0.29651661030193927, -0.00385105301126297, -0.39279105009883225, -0.2930109278628776, -0.7046258761241194, 0.26665008691594355, 0.44701844334070556, 0.41607017564368737, 0.7629671368701038, -0.06086930864328732, -0.019887846671335127, 0.20503167104942444, 0.5643595987699253, 0.44281248766301345, 0.08907758388651678], [-0.3802005014036529, -0.49825210603049364, 0.05384157075929723, -0.4881911087763984, 0.09406656255913036, -0.6021258551041918, -0.09190950944142935, -0.18975847339125335, -0.23409103290527616, 0.7427938834739852, 0.5685727616102163, 0.5039259942955504, 0.4554217746569389, 0.7519889250640726, 0.003354669053809746]], "inverted": true, "swapped": false, "error_lsq": 0.03558163542629329, "error_max": 0.24782224143048767, "target": "665.xyz", "model": "23.xyz", "model_rescale": 4.274766983524099, "target_rescale": 4.028245099492887},
{"mapping": [12, 9, 11, 6, 2, 1, 5, 3, 0, 4, 14], "R": [[0.9792657529913451, -0.1546999870526799, 0.13079181558566602], [-0.20136075357934913, -0.672592577827142, 0.7120906340977929], [-0.022190807471807916, -0.7236623095462004, -0.6897973831539292]], "T": [-0.010109013999084107, 0.06387092397187438, 0.012950243574145988], "aligned_model": [[0.44706950361322945, 0.07572468407892984, -0.6290502630269815, -0.47577161589163064, -0.2861687216949791, -0.6306986622587762, 0.03598094762823788, -0.05803527931246124, 0.5910205402765356, 0.29324413493811885, 0.01657943560785225], [-0.12478186491898258, 0.6125944715928269, 0.4532236455378298, -0.221984268925978, 0.41259219776736206, -0.06909195670715876, -0.640175579903294, -0.025844006057384572, -0.17001928887200105, 0.6281047549825562, 0.06096842674770719], [-0.7515082489794986, -0.26897522541074714, -0.3771096527673081, -0.3668396480735996, 0.25193183865343594, 0.2880577509882478, 0.2734136632829376, 0.6249699385541301, 0.42685318289766766, 0.38410447788389784, -0.10533164300758618]], "inverted": false, "swapped": true, "error_lsq": 0.046818075536165044, "error_max": 0.24622187231027243, "target": "665.xyz", "model": "24.xyz", "model_rescale": 3.7841303162186577, "target_rescale": 4.028245099492887},
{"mapping": [4, 0, 8, 1, 2, 6, 7, 3, 11, 9, 12, 10, 13, 14, 15], "R": [[-0.047059924286810606, -0.5279562443744317, 0.8479667254982148], [0.7361433222886242, 0.5554769378897824, 0.38670192722878627], [-0.6751876573042388, 0.6424232059154121, 0.3625107611166565]], "T": [-0.005680181824554702, 0.07130500659023888, 0.0477038363912545], "aligned_model": [[0.46826127453124083, -0.6144330818326192, -0.22957585892068783, -0.19048645954542848, 0.30878636789239516, 0.24938527909770808, -0.44006410528739787, 0.7181975197129032, 0.05281577318725684, -0.05335625221527155, 0.5279636371532366, -0.6052921464128451, 0.43782120993324475, 0.009433082872304606, 0.02980359467853029], [-0.263241172739738, -0.07179708513685988, -0.47113453191198174, -0.4126188540395184, -0.5886671594782531, 0.3517315622993073, 0.444095179003851, 0.3476217575042655, 0.8297209917194294, -0.1641003138424897, 0.014169574649570513, 0.4021621654544733, 0.6132023419112856, 0.2895448365600064, 0.1017452194723181], [-0.4215111385417899, -0.33994503491716743, -0.023625375619147904, -0.4858697111458681, 0.23301588956427846, -0.5673807185609009, -0.26074981408011755, -0.1728681790919289, -0.05627205461460112, 0.581044286713736, 0.5835505712995558, 0.41683001756519367, 0.3964928711269875, 0.8102272315441711, -0.0035012868220958213]], "inverted": false, "swapped": false, "error_lsq": 0.049276026087119444, "error_max": 0.3899667919600112, "target": "665.xyz", "model": "25.xyz", "model_rescale": 4.19342608120988, "target_rescale": 4.028245099492887},
{"mapping": [7, 10, 0, 6, 5, 8, 1, 13, 4, 12, 9, 14], "R": [[-0.35415907544707215, 0.6919124404912287, -0.6291490475014224], [0.8759642770936964, 0.009838589636827377, -0.482275634269114], [-0.3275025717978306, -0.7219143833221707, -0.6095750065565162]], "T": [-0.0017682043818511642, 0.10238868351149968, -0.2502878463866363], "aligned_model": [[-0.2022499599531206, 0.5279546584732925, 0.14793523265903857, -0.5144973228778839, -0.5545831102102284, -0.5089519589205264, -0.4302623081551848, -0.05772106537903288, 0.6578466259267751, 0.03948416715974825, 0.4897199504354918, 0.003133645473410898], [-0.6037438006184931, -0.19345571536863668, -0.6242560633260874, 0.43753069628464103, -0.3845300387679088, -0.08332218755661516, 0.4404322050619335, 0.5791192917793725, 0.04518016005800944, -0.12554635425342187, 0.4094690583337989, 0.11589917611438758], [0.14148979110391485, 0.1595368333524943, -0.44252028043430885, 0.009681179126904416, -0.40178964497597336, 0.22381915436492023, -0.6752750936899221, 0.5375903384101006, -0.5816092540172921, 0.6302476264713168, -0.02205997215769176, -0.12985221634504188]], "inverted": true, "swapped": true, "error_lsq": 0.0465079991941842, "error_max": 0.26855163682844596, "target": "665.xyz", "model": "26.xyz", "model_rescale": 3.795458400668931, "target_rescale": 4.028245099492887},
{"mapping": [10, 0, 4, 9, 11, 8, 7, 12, 5, 2, 6, 1, 14], "R": [[0.04493290051117177, -0.9645984688786957, -0.25986694343169014], [-0.9870854753234224, -0.002830054295486162, -0.16016945775714506], [0.1537637761541593, 0.26370776368844495, -0.9522683006974731]], "T": [-0.0043227271538087, 0.006616655781972999, -0.052104872462368515], "aligned_model": [[-0.027312913396669497, 0.3477563761908753, 0.6257740473893203, 0.011789742735832734, -0.26765788330523016, -0.6374270924647368, -0.328063757587436, -0.6871975191101666, -0.08885847206216259, 0.31969704916150604, -0.5412578226547268, 0.07747796498331315, -0.10504333705846224], [-0.6372035461267551, -0.5513895421943369, -0.19406811185723066, -0.06848933016801323, 0.5988750796434626, -0.11272256948840625, -0.6252231695155157, -0.5637882223155708, -0.0648407539975865, 0.34145363842798043, 0.3904709898938, 0.6446881633447932, -0.0358811223897069], [-0.4000322885338857, 0.3378264085044653, -0.38503443471407045, -0.6702038974497561, -0.5685495347183999, 0.2663890028297227, 0.38180285630035193, -0.24528652819853958, 0.6918000297989617, -0.24658641761877365, 0.03246323800958749, 0.20219451370195718, -0.10464628581219501]], "inverted": false, "swapped": true, "error_lsq": 0.04650067271911939, "error_max": 0.281100361768707, "target": "665.xyz", "model": "27.xyz", "model_rescale": 3.6321398670334006, "target_rescale": 4.028245099492887},
