[{"mapping": [0, 1, 4, 3, 6, 2, 12, 7, 8, 11, 5, 13], "R": [[0.6178145392457404, -0.36031295250276596, -0.6989132788517568], [-0.47722062112834224, 0.5346149100164717, -0.6974577956822617], [0.6249525372909955, 0.7644353957312678, 0.1583440933117724]], "T": [0.20069419237071845, -0.09210110879852626, 0.008958611764912156], "aligned_model": [[0.34236261569360776, 0.7402785476023217, -0.7396675669873629, 0.1899844410299359, -0.2350373760924247, -0.2062009992119515, 0.5163382226030997, -0.44260013060735376, -0.34976220857027945, 0.16908670308486945, 0.5195996036056181, 0.08608449270509413], [-0.740948693836841, -0.1925631894043867, -0.0014963524685043528, 0.09384468334851812, 0.44322571842223035, -0.34388065517210253, -0.4912272847533581, -0.24937180954170066, 0.33202844506934315, 0.19631732620693712, 0.5887805154060097, -0.11735470893252448], [-0.38390180085486375, -0.1693675146793317, -0.13566077240758398, -0.47941600818043184, -0.31984143764211087, -0.5929563394570379, 0.28497844768243835, 0.3734209873092251, 0.36629739194644484, 0.6436850203956901, 0.09322493331326419, 0.12194858777263927]], "inverted": false, "swapped": false, "error_lsq": 0.041708739806827246, "error_max": 0.2619313476030693, "target": "667.xyz", "model": "0.xyz", "model_rescale": 3.8414455957264533, "target_rescale": 3.6965520880539655},
{"mapping": [0, 11, 2, 1, 5, 4, 13, 9, 6, 8, 10, 14], "R": [[0.2051154306495508, -0.8564880434160185, 0.47366221254692686], [-0.6441859241140597, 0.2462080260481418, 0.724158893532899], [-0.7368528722090757, -0.453662693413155, -0.5012364764483503]], "T": [0.016684803909537117, -0.07113946643539956, -0.024570307377752773], "aligned_model": [[0.16385061932962183, 0.8464324776629533, -0.7016110336628495, 0.5250209508668598, -0.2588983735451907, -0.24114041978847187, 0.41318797198842117, -0.27495628096079644, -0.4661332608667437, 0.2904272917078879, 0.22047182464351292, 0.07381457747997003], [-0.6917025985460777, -0.23146439068932856, 0.041445311087618036, -0.00947888292664692, 0.4879258064359727, -0.20333895767206128, -0.5620348858618288, -0.3930250833192741, 0.42822631726707827, 0.10409407578098248, 0.5770221475552577, -0.030314864768070757], [-0.3691874737288986, -0.13447990065213516, -0.15098425128706555, -0.7219154337726286, -0.23863272340566638, -0.48486008935214153, 0.3957318762103036, 0.5015901313216842, 0.3325679070106541, 0.6956106792893769, 0.05751911179296833, -0.08054833822810926]], "inverted": true, "swapped": false, "error_lsq": 0.0416591185513577, "error_max": 0.2436936712617739, "target": "667.xyz", "model": "1.xyz", "model_rescale": 4.316132596720782, "target_rescale": 3.6965520880539655},
{"mapping": [5, 7, 2, 9, 1, 0, 3, 4, 8, 6, 10, 11], "R": [[-0.11202122059019948, 0.8307138543269698, 0.5453125144050086], [0.9570883992107203, 0.2377938069696034, -0.16563786240822076], [-0.2672696058921469, 0.5033573259585419, -0.821704545545492]], "T": [0.06959375550050204, -0.01599792047077912, -0.06367166568719625], "aligned_model": [[0.2457406933373481, 0.9517466584394282, -0.7521378922574921, 0.39167739248095623, -0.1782118572261294, -0.3893695578038744, 0.4520355519811363, -0.31978998277766246, -0.25544321842002604, 0.03318105374179656, 0.3770401291321418, 0.03399737422755183], [-0.5684494528628844, -0.14628545046131364, 0.09866764391931991, 0.0836136208033727, 0.325242543448446, -0.3983903455780509, -0.4078751948805567, -0.5441646292016824, 0.619382890194535, 0.03418452785806515, 0.4882700723216025, -0.06684223121723205], [-0.3456813154605959, -0.1364214776811014, 0.04738826930753674, -0.7241950769804251, -0.4053507365858662, -0.4471332267955994, 0.29852646095751817, 0.3409886403592832, 0.21503661699519244, 0.756237963497548, 0.1563881384006613, 0.04662723918419]], "inverted": false, "swapped": false, "error_lsq": 0.04732999584869533, "error_max": 0.25682786952288433, "target": "667.xyz", "model": "2.xyz", "model_rescale": 3.795458400668931, "target_rescale": 3.6965520880539655},
{"mapping": [3, 9, 2, 8, 1, 6, 5, 10, 0, 4, 7, 11], "R": [[0.966672540373205, 0.15581036485124988, 0.20314361888411622], [0.2559996994565953, -0.5972335832543736, -0.7601159128128251], [0.0028902537168144504, 0.7867878857977301, -0.6172167116948397]], "T": [-0.011362283236087373, -0.004980110646905442, 0.01319465736073517], "aligned_model": [[0.35461804666703, 0.8268014066413643, -0.7419138862619628, 0.2999880928836174, -0.295549840660737, -0.1420397129067976, 0.26655717153245206, -0.3764429785202844, -0.28342529446514064, 0.15119283831315933, 0.5194264712457477, 0.011254030386726687], [-0.5644078283942134, -0.21642943207013132, -0.19744409427802428, 0.025250337932937475, 0.4103855312133347, -0.2882227962584387, -0.6042171237118408, -0.3461425004437707, 0.6143319899312474, 0.03675081033744872, 0.5437837377569996, 0.10371536232807209], [-0.42288911013813996, -0.07239422186983918, -0.11710224105262956, -0.7028430513530693, -0.3649292082265796, -0.48679862963732706, 0.25298705587118914, 0.5510933886467108, 0.40644036194528244, 0.6318941773342873, 0.03378187224109858, 0.0931711014373586]], "inverted": false, "swapped": false, "error_lsq": 0.05000277364765935, "error_max": 0.24483325197754888, "target": "667.xyz", "model": "3.xyz", "model_rescale": 3.7530521520055578, "target_rescale": 3.6965520880539655},
{"mapping": [9, 10, 1, 3, 6, 4, 7, 8, 2, 5, 11], "R": [[-0.4421602439616502, 0.6395035851882533, 0.6289113476406227], [0.3860537604202987, -0.497215060227853, 0.7770068712360009], [0.8096028734664424, 0.5863551384732489, -0.027034031532434055]], "T": [-0.049589666922761254, -0.031565912089580234, 0.036242165381953115], "aligned_model": [[-0.4925916278376273, -0.3351507531562311, 0.5775425974400834, 0.5204328369949427, 0.19396139019634037, -0.3028607316701309, -0.16970485379473105, -0.6847550823332095, -0.3989862454997809, 0.36056231347985634, 0.06974975862569324], [-0.5404175418545396, 0.027223019435874296, -0.37135117181264266, 0.3586605910058035, -0.7180094793773981, 0.5293591529069941, -0.4002354701069537, 0.08246144606839409, 0.32163689139390184, 0.26725876351977396, -0.08938284286486173], [-0.11375658902125603, -0.7009202351411832, -0.4574776974230874, -0.26829275310785106, -0.010545144186486874, -0.0812227689761635, 0.5475441015826117, 0.10959302480734849, 0.6752478086783325, 0.44821912970495936, -0.05555809967190782]], "inverted": true, "swapped": true, "error_lsq": 0.04460825293424076, "error_max": 0.2487305737662198, "target": "667.xyz", "model": "4.xyz", "model_rescale": 3.7855080009869324, "target_rescale": 3.6965520880539655},
{"mapping": [14, 12, 10, 2, 5, 9, 13, 8, 7, 6, 4, 16], "R": [[0.3177825719895896, 0.8159435032224884, -0.48296007753094283], [0.8599267125162968, -0.03344368908973194, 0.5093206934348766], [0.39942494418926267, -0.5771635116750558, -0.7122794358609]], "T": [0.11645158157618077, -0.0368209888125767, -0.036759237390964344], "aligned_model": [[0.28739244060718405, 0.7294135853467726, -0.6110349411666296, 0.3392536011528329, -0.31211974252558494, -0.22960227126813418, 0.34846079821417886, -0.2828799877168118, -0.31077370641491087, 0.23519114451870118, 0.27596749704419843, 0.12119792706337815], [-0.5816517658759612, -0.33078781135650304, -0.05331342393876351, -0.0680301374370142, 0.6081748046789902, -0.33071845691362833, -0.5302139473763001, -0.3588523381372233, 0.4336186748918752, 0.1555716804135961, 0.6464637789765592, -0.07290706358200583], [-0.399576058405537, -0.06719527174371023, -0.07491199463690323, -0.740443070297046, -0.27215314375887933, -0.5851979563235711, 0.44031806316960165, 0.4450498345262872, 0.3601469832588001, 0.575583024001478, 0.19707271655266337, -0.07628163114484125]], "inverted": true, "swapped": false, "error_lsq": 0.03697191862595323, "error_max": 0.21519468679288364, "target": "667.xyz", "model": "5.xyz", "model_rescale": 4.2253639853439635, "target_rescale": 3.6965520880539655},
{"mapping": [12, 7, 8, 0, 1, 9, 6, 5, 10, 2, 4, 13], "R": [[-0.5440735197066917, 0.8354996414778749, -0.07696982684347586], [0.4118219764921707, 0.345845273623444, 0.8430858238580502], [0.7310175543939108, 0.42700280538032487, -0.5322423690061496]], "T": [0.032988155242505694, -0.06361276474366473, -0.005398115815633091], "aligned_model": [[0.2878154188083731, 0.72268528791319, -0.694813293534965, 0.45692388338133444, -0.22402469993477425, -0.20677996652141858, 0.40962277968175287, -0.2607705907261849, -0.4604395203397869, 0.1649592154366709, 0.30573526213526286, 0.08955256855572026], [-0.8725439993504526, -0.3979810927060402, -0.14442143694528864, 0.11890583183862002, 0.5545804639175361, -0.12433497410729916, -0.43285050361784116, -0.23642035197020211, 0.36327189779038005, 0.16185394619588467, 0.5806278605756999, -0.05333364727737621], [-0.395317450922398, -0.21010987040826384, -0.10358103313385228, -0.6611634012917964, -0.30620919651135714, -0.5634487305103775, 0.3627429169254917, 0.5280666003695424, 0.42216601767990436, 0.6125986589061791, 0.10172025131284121, 0.014946732782428512]], "inverted": true, "swapped": false, "error_lsq": 0.04801124294198072, "error_max": 0.2532962204650659, "target": "667.xyz", "model": "6.xyz", "model_rescale": 3.89814844738969, "target_rescale": 3.6965520880539655},
{"mapping": [5, 10, 3, 9, 8, 6, 2, 0, 7, 4, 11, 12], "R": [[0.30683442613647527, 0.8943322405419197, 0.32561093111990236], [0.0316667954197849, -0.351516968710742, 0.9356457848867021], [0.9512359586376776, -0.2767772827305036, -0.13617814347015267]], "T": [0.0047997146485532285, -0.048936453161123314, 0.06579834530242895], "aligned_model": [[0.2537779518676318, 0.7277976558411077, -0.7860368059409961, 0.4487177870215049, -0.1883220940427983, -0.3453326819041825, 0.41026741455313187, -0.40151394420820186, -0.36718572130736976, 0.3150465087080055, 0.3577204023993489, 0.1655298718679926], [-0.5909342841827115, -0.16033193171736776, 0.044505765769101105, -0.0055800379684635, 0.4171035593620928, -0.2757198629708363, -0.5124277505917789, -0.41948714757553723, 0.33054537962656466, 0.08802509300051024, 0.6745309050603315, -0.07287569346828414], [-0.43101630080213393, 0.0044087090379993366, -0.06921308418827146, -0.7081543957076009, -0.38497592864172087, -0.4665102502951774, 0.41554054473095725, 0.28627914030222246, 0.45166756351856907, 0.6139627823403677, -0.02012219338643441, 0.1105449082895653]], "inverted": false, "swapped": false, "error_lsq": 0.04025278401845515, "error_max": 0.20700812961794926, "target": "667.xyz", "model": "7.xyz", "model_rescale": 3.7474275329858107, "target_rescale": 3.6965520880539655},
{"mapping": [8, 4, 6, 9, 10, 5, 2, 3, 0, 1, 12, 14], "R": [[-0.9380931058984402, -0.2861906566574233, -0.19513132169851855], [0.31652422845169165, -0.9370744177506535, -0.1473225997609845], [-0.1406902180994798, -0.19996610622619715, 0.9696493277942568]], "T": [0.13588944343095136, 0.08874777981574711, -0.06565347638262535], "aligned_model": [[0.3000489077360383, 0.7806687413199361, -0.6770091991782591, 0.20523187046398247, -0.30387290575489334, -0.27726963362845347, 0.41532483403155096, -0.31293194901574406, -0.34819478830019257, 0.2019320677612267, 0.42195221995337384, 0.18458617946660882], [-0.5497234109184551, -0.3539326687115921, 0.036419123867296024, -0.08701983319021589, 0.6926393981926152, -0.3475486965595018, -0.47761017534097305, -0.4328030752691343, 0.19210599687934515, 0.14245983991539857, 0.6282038940944864, 0.07416360138435187], [-0.2406292596728889, -0.04286042149857872, -0.12392531356386, -0.8036492853949484, -0.1967540072014458, -0.4554821897528057, 0.4908930400564186, 0.1360358892940277, 0.36930947972014877, 0.6810427178096807, 0.022651718566040577, -0.03422087316344668]], "inverted": true, "swapped": false, "error_lsq": 0.04802281800060002, "error_max": 0.24153620652130478, "target": "667.xyz", "model": "8.xyz", "model_rescale": 4.019505241142653, "target_rescale": 3.6965520880539655},
{"mapping": [9, 10, 4, 11, 5, 8, 1, 0, 3, 2, 6, 12], "R": [[-0.350763769059841, 0.9338333052394341, 0.07014368353977829], [0.8120515942034952, 0.340614692210216, -0.47387112151100974], [-0.4664086048375361, -0.1092565305880332, -0.8777961174768144]], "T": [0.07785795420094285, -0.0821275632216793, -0.005302138571404304], "aligned_model": [[0.2812572884387158, 0.9845154374637215, -0.7510359371732614, 0.19010917537399608, -0.18347601777543274, -0.2251639179154197, 0.41124622874275507, -0.35609590742982766, -0.48636337156384, 0.08435838898715778, 0.5763364799298394, 0.06477849777677087], [-0.5702383414652452, -0.20661560108316768, -0.0616505930080127, 0.06843510477154319, 0.4990846846415607, -0.35190487381683605, -0.5467653511900954, -0.3480393309196885, 0.4375181528554562, 0.20668206259365046, 0.4464585357415162, -0.05561045477706051], [-0.43856492306198785, 0.020284863808502647, -0.015803651629928132, -0.5985812215879138, -0.2160664552067591, -0.5452418380687102, 0.35423824380644076, 0.39919885752941114, 0.3821038926886662, 0.5109525530301904, -0.018633805268179045, -0.03147502084139084]], "inverted": false, "swapped": false, "error_lsq": 0.04339358411956638, "error_max": 0.2704693060750893, "target": "667.xyz", "model": "9.xyz", "model_rescale": 3.877068213659057, "target_rescale": 3.6965520880539655},
{"mapping": [13, 2, 12, 14, 11, 6, 4, 3, 0, 1, 8, 15], "R": [[-0.9577102087880368, -0.07593782355911326, 0.27753306638359393], [-0.24620531587926558, 0.7154507993751986, -0.6538448562971042], [-0.14890969886466904, -0.6945240101151973, -0.7038908302837446]], "T": [0.0813992551527033, -0.05917477739432171, -0.05227550164730925], "aligned_model": [[0.3271679221380092, 0.7307131102696472, -0.655684515128515, 0.39510593337362165, -0.23159599145391224, -0.3266347984187552, 0.3723429383953958, -0.20189301894481448, -0.3452988750806394, 0.07768833417789575, 0.41935313453770773, 0.029202170989533538], [-0.684321305937169, -0.16917356587924998, 0.0592200241052651, -0.14466081329223973, 0.5794932785631928, -0.3703720664056052, -0.4605829608648107, -0.5760610429007458, 0.5004344018826266, 0.16685356641385002, 0.613951604186909, 0.002572874471597701], [-0.4349347183699231, -0.13380550860502693, -0.022519791616663273, -0.7620654736422948, -0.24923327926682154, -0.3942828605782535, 0.4084998483542604, 0.18295931443165575, 0.31992378335756555, 0.7854619435372119, 0.11508932630672454, -0.012681088710092728]], "inverted": false, "swapped": false, "error_lsq": 0.03953506067489004, "error_max": 0.28479121062529306, "target": "667.xyz", "model": "10.xyz", "model_rescale": 4.260839863003843, "target_rescale": 3.6965520880539655},
{"mapping": [9, 2, 6, 8, 7, 10, 4, 5, 0, 3, 1, 11], "R": [[0.4189468022109175, 0.8318056728163119, -0.36411934799986856], [-0.6781886111978328, 0.5532951495185993, 0.48365761149882264], [0.6037746140397106, 0.044314785227889175, 0.795922367603402]], "T": [0.07444863925652229, -0.0494176829539609, -0.04998493420157531], "aligned_model": [[0.39299788951848885, 0.7335949689440022, -0.7435674847269753, 0.45580941359914623, -0.2526031039805844, -0.2954364360649247, 0.24395030193440959, -0.25516284057609356, -0.4312675329877624, 0.24171619149716944, 0.4311148939393428, 0.06932008375895582], [-0.6361019045915841, -0.08040371711652225, 0.00283863293659789, 0.04637053136057592, 0.40704323498397443, -0.3921275990055427, -0.73630924317437, -0.37482971657739816, 0.5945884038209815, 0.10606192526822927, 0.5679311015806696, 0.012292344858009605], [-0.48594509338611186, 0.13689231933092338, 0.12714279656576943, -0.6508193413804334, -0.3880473795028429, -0.42290414332945864, 0.13856752388005594, 0.44202541425007036, 0.26551717796638247, 0.622087032783556, 0.07220468952088131, -0.0543095015004499]], "inverted": true, "swapped": false, "error_lsq": 0.05566133167169529, "error_max": 0.39580042384722586, "target": "667.xyz", "model": "11.xyz", "model_rescale": 3.890672605050136, "target_rescale": 3.6965520880539655},
{"mapping": [5, 9, 3, 12, 4, 7, 6, 8, 0, 1, 2, 13], "R": [[-0.7166046422511659, 0.6971462523779239, 0.021561296331487248], [0.6886405873065724, 0.7120909702649826, -0.13675010632951867], [-0.11068842856476614, -0.08314777725526723, -0.9903708996731331]], "T": [0.1943581667669535, -0.021082573687849215, 0.06385805082310593], "aligned_model": [[0.24186616707168157, 0.8209122142299394, -0.7213763109805106, 0.28894050232909846, -0.148317593674006, -0.2761179836236047, 0.38409601132443155, -0.2854815326404082, -0.26827439577401974, 0.09067143056107893, 0.35219304510600985, 0.11135479092548443], [-0.6375729712219194, -0.4372492820944762, 0.04591398580620991, -0.02299090504323563, 0.5368990062309746, -0.28091106156346207, -0.30214915677723003, -0.5336085004091049, 0.15375321610639398, 0.31863492635199714, 0.6710478180270905, 0.005586918930382802], [-0.40800502411536543, -0.13628118182043458, -0.03616686248639518, -0.6751836846804584, -0.1857154323489742, -0.5980373480718814, 0.5297544665151562, 0.22591385340142595, 0.386500420066532, 0.7560569899236281, 0.023760598149557437, -0.08018529933444883]], "inverted": false, "swapped": false, "error_lsq": 0.04825822779556512, "error_max": 0.2994952376895471, "target": "667.xyz", "model": "12.xyz", "model_rescale": 4.124412569039231, "target_rescale": 3.6965520880539655},
{"mapping": [1, 2, 3, 8, 9, 6, 4, 0, 7, 5, 10, 12], "R": [[-0.8902443861467594, -0.41845430281541096, -0.179891437788039], [-0.284798712216214, 0.20316769142890473, 0.936809790021131], [-0.35546395943072157, 0.885222506274393, -0.3000441433041422]], "T": [-0.03805627332859197, -0.012079858822149354, 0.00491461108264837], "aligned_model": [[0.19339297798718952, 0.7836550141646004, -0.733537871545578, 0.2749358484657079, -0.28596082360130615, -0.28502596141333963, 0.5013240004222848, -0.24891678225347386, -0.15898412985507834, -0.050651469198534964, 0.5235464637153716, 0.07668907796733182], [-0.7029666159429095, -0.17269903918480475, -0.15034658083241936, 0.03889959852960174, 0.43719285991045487, -0.22671405499809966, -0.3665340724380346, -0.43147423082034614, 0.5371736697094236, 0.0912397646500247, 0.4383417373130728, 0.025240958447657065], [-0.3583635630611568, -0.19852469818384894, -0.0721635044366627, -0.6387725392639043, -0.37631842809036165, -0.5786528227099731, 0.4540330659338162, 0.3461089837006668, 0.28199707069994373, 0.7551894244135894, 0.16718729448080522, 0.020691211715428013]], "inverted": true, "swapped": false, "error_lsq": 0.047602954446473826, "error_max": 0.25584202993570054, "target": "667.xyz", "model": "13.xyz", "model_rescale": 3.9028299243045295, "target_rescale": 3.6965520880539655},
{"mapping": [12, 11, 0, 13, 4, 8, 1, 2, 3, 6, 7, 15], "R": [[0.13200407831222807, -0.8385142425135022, -0.5286480761441841], [0.4664813111029291, 0.5231181221184174, -0.7132619551770536], [0.8746256969130461, -0.15245096068345537, 0.46020494878484314]], "T": [0.09708280922101156, -0.007426554427259355, -0.06363013436812041], "aligned_model": [[0.31425370391904206, 0.7542327066961636, -0.7268676100351245, 0.40613622012310535, -0.26869904570661096, -0.41632648609032175, 0.34320060657289075, -0.3409825610748862, -0.2614086685044912, 0.24336085510925246, 0.37186045867392514, 0.17170616517223006], [-0.5651781568783498, -0.3287269182871762, 0.08200569042316048, -0.08283254703026298, 0.5206996804767464, -0.46053372044972524, -0.42974207969854034, -0.49047793330452333, 0.30933529968612017, 0.07663577247700583, 0.8221298928105841, 0.06403901411858169], [-0.4185811752458503, 0.04018112113824772, -0.045630427887705285, -0.7926371832260661, -0.27961529241036914, -0.4208582843572185, 0.36447543985897074, 0.2782907135895267, 0.33616385434980733, 0.5813074755879089, 0.17503553145842704, -0.015720277657336842]], "inverted": true, "swapped": false, "error_lsq": 0.04173382761083602, "error_max": 0.20297972415577817, "target": "667.xyz", "model": "14.xyz", "model_rescale": 3.942246331269136, "target_rescale": 3.6965520880539655},
{"mapping": [11, 13, 9, 4, 5, 10, 8, 7, 2, 0, 1, 14], "R": [[0.40122515503845846, 0.7125435141016285, -0.5755867575579444], [-0.037345872960878435, 0.6405867859879391, 0.7669770892213358], [0.9152178214704713, -0.28623471160805314, 0.28363009208033585]], "T": [0.10879882239811697, -0.033156525840737874, -0.1184459552599172], "aligned_model": [[0.31514066119354134, 0.8674599654167537, -0.6902724934202287, 0.3050230698248536, -0.18118119844172567, -0.23668028051728499, 0.3040473515962876, -0.40910939202819685, -0.31312200499907317, 0.12535906463161153, 0.3773071761114284, 0.12649442548720813], [-0.6976822508740218, -0.25016467210351795, -0.12735386432397533, -0.07325150565309611, 0.5310414950330838, -0.27715837150587747, -0.5210522503840662, -0.26691124773041697, 0.34420234405370764, 0.1350262439334733, 0.7016713130640433, 0.018986760834284674], [-0.29147667793095505, -0.3140746367832663, -0.14627040119104268, -0.6694018647828683, -0.09916542246381903, -0.6929960442895305, 0.4496004337842202, 0.5203883891151059, 0.3936390155798293, 0.5972060531886727, 0.09267663220365811, -0.03771398123166195]], "inverted": true, "swapped": false, "error_lsq": 0.04557235712359777, "error_max": 0.229890237840533, "target": "667.xyz", "model": "15.xyz", "model_rescale": 4.355366556412066, "target_rescale": 3.6965520880539655},
{"mapping": [5, 7, 2, 9, 1, 0, 3, 4, 8, 6, 10, 11], "R": [[-0.11202122059019948, 0.8307138543269698, 0.5453125144050086], [0.9570883992107203, 0.2377938069696034, -0.16563786240822076], [-0.2672696058921469, 0.5033573259585419, -0.821704545545492]], "T": [0.06959375550050204, -0.01599792047077912, -0.06367166568719625], "aligned_model": [[0.2457406933373481, 0.9517466584394282, -0.7521378922574921, 0.39167739248095623, -0.1782118572261294, -0.3893695578038744, 0.4520355519811363, -0.31978998277766246, -0.25544321842002604, 0.03318105374179656, 0.3770401291321418, 0.03399737422755183], [-0.5684494528628844, -0.14628545046131364, 0.09866764391931991, 0.0836136208033727, 0.325242543448446, -0.3983903455780509, -0.4078751948805567, -0.5441646292016824, 0.619382890194535, 0.03418452785806515, 0.4882700723216025, -0.06684223121723205], [-0.3456813154605959, -0.1364214776811014, 0.04738826930753674, -0.7241950769804251, -0.4053507365858662, -0.4471332267955994, 0.29852646095751817, 0.3409886403592832, 0.21503661699519244, 0.756237963497548, 0.1563881384006613, 0.04662723918419]], "inverted": false, "swapped": false, "error_lsq": 0.04732999584869533, "error_max": 0.25682786952288433, "target": "667.xyz", "model": "16.xyz", "model_rescale": 3.795458400668931, "target_rescale": 3.6965520880539655},
{"mapping": [5, 10, 3, 9, 8, 6, 2, 0, 7, 4, 11, 12], "R": [[0.30683442613647527, 0.8943322405419197, 0.32561093111990236], [0.0316667954197849, -0.351516968710742, 0.9356457848867021], [0.9512359586376776, -0.2767772827305036, -0.13617814347015267]], "T": [0.0047997146485532285, -0.048936453161123314, 0.06579834530242895], "aligned_model": [[0.2537779518676318, 0.7277976558411077, -0.7860368059409961, 0.4487177870215049, -0.1883220940427983, -0.3453326819041825, 0.41026741455313187, -0.40151394420820186, -0.36718572130736976, 0.3150465087080055, 0.3577204023993489, 0.1655298718679926], [-0.5909342841827115, -0.16033193171736776, 0.044505765769101105, -0.0055800379684635, 0.4171035593620928, -0.2757198629708363, -0.5124277505917789, -0.41948714757553723, 0.33054537962656466, 0.08802509300051024, 0.6745309050603315, -0.07287569346828414], [-0.43101630080213393, 0.0044087090379993366, -0.06921308418827146, -0.7081543957076009, -0.38497592864172087, -0.4665102502951774, 0.41554054473095725, 0.28627914030222246, 0.45166756351856907, 0.6139627823403677, -0.02012219338643441, 0.1105449082895653]], "inverted": false, "swapped": false, "error_lsq": 0.04025278401845515, "error_max": 0.20700812961794926, "target": "667.xyz", "model": "17.xyz", "model_rescale": 3.7474275329858107, "target_rescale": 3.6965520880539655},
{"mapping": [4, 0, 12, 6, 7, 9, 8, 10, 11, 3, 1, 13], "R": [[-0.5303329928682449, 0.4970090959137524, 0.686825214486484], [-0.21296027637545223, -0.8622580206670211, 0.4595204309728592], [0.8206063839390364, 0.09743235794327121, 0.5631270711518965]], "T": [0.023407353163889998, -0.011141443623455292, -0.018473555602428467], "aligned_model": [[0.3101924298353167, 0.8484794099331764, -0.7047894476127053, 0.2999175636528818, -0.36818245126122384, -0.21689530784937264, 0.3474060966478082, -0.3341962908246334, -0.3181872569794962, 0.23456800630253552, 0.38383515961398995, 0.10831843339689745], [-0.727656928152311, -0.09881158068435339, -0.06633103086344813, -0.21680750689591313, 0.5822757403802902, -0.18854432489398945, -0.5273872526903474, -0.29780820527097007, 0.43335599887484283, 0.07704724827421758, 0.5437337103567697, 0.0042881259088330195], [-0.324391358695921, -0.12197446857952315, -0.179471854079495, -0.7085767256963461, -0.2673364753708486, -0.6172281085562519, 0.3628000076830582, 0.49764772087831577, 0.4370171772775222, 0.6204498470810795, 0.18332777403310097, -0.07985204077634904]], "inverted": true, "swapped": false, "error_lsq": 0.04659003013573548, "error_max": 0.2331641696576965, "target": "667.xyz", "model": "18.xyz", "model_rescale": 3.922800546911778, "target_rescale": 3.6965520880539655},
{"mapping": [11, 10, 12, 4, 8, 13, 9, 3, 5, 0, 1, 14], "R": [[0.6203961524871064, -0.4571756148047055, -0.6372590299141588], [-0.7816611797735029, -0.426881853719491, -0.4547281418607241], [-0.06414369816506282, 0.7802322347820236, -0.6221922900460586]], "T": [0.07209379766216696, 0.014547870086912669, -0.04268296185634946], "aligned_model": [[0.23072238238241172, 0.8105050931376305, -0.6953263262045873, 0.382834680312508, -0.15251612083040272, -0.259515036181705, 0.44914569510057534, -0.18548420670252652, -0.42561035146250803, -0.036357585533188894, 0.42718177058142126, 0.0448863502555461], [-0.5801952600178054, -0.25210405377942496, -0.12984900317842796, -0.06467564794172823, 0.4545161016359736, -0.2546060217544412, -0.6139226678876948, -0.26002256761963904, 0.4912616631885809, 0.20335504764319987, 0.5989331674118521, -0.07533676335682374], [-0.4009582667151957, -0.2277401353891109, 0.05128480411710539, -0.6915518832364828, -0.4037494290946848, -0.5806471898897247, 0.31171770892601125, 0.4744378073941612, 0.28529304274828365, 0.7641830634930397, 0.24084724763530752, -0.02070527479036746]], "inverted": false, "swapped": false, "error_lsq": 0.043591160253553966, "error_max": 0.2247496235973098, "target": "667.xyz", "model": "19.xyz", "model_rescale": 3.9282355846067225, "target_rescale": 3.6965520880539655},
{"mapping": [3, 1, 8, 0, 9, 4, 5, 6, 9, 7, 10, 13], "R": [[-0.19113190161793048, 0.9631037403637767, 0.18947237656507274], [-0.2762809914279297, 0.13244066959173295, -0.9519077070880841], [-0.9418797215990553, -0.2342875462661138, 0.2407736192050317]], "T": [0.027639417355658766, -0.021720395068872557, 0.07269105989112735], "aligned_model": [[0.2524283699525364, 0.7147068510355249, -0.7189607942509598, 0.38508565806670525, -0.38544035699013635, -0.23563156128506602, 0.3880821604095059, -0.20967425406977885, -0.38544035699013635, 0.05144373725416397, 0.5623674584726879, 0.17149943325012812], [-0.6393485559162174, -0.22543185743108526, -0.02966378215637925, -0.04171930244950899, 0.5316439877118061, -0.22779414110308485, -0.547733678204773, -0.5634338291143033, 0.5316439877118061, 0.09119814147252547, 0.6443278597021115, -0.006334835879276208], [-0.2938610521751951, -0.14626276625818652, -0.07272766572120913, -0.6428711085484569, 0.03296971633416616, -0.46358298193897474, 0.35743868006204527, 0.35031099935216525, 0.03296971633416616, 0.6848842768080916, -0.03991441666812583, 0.0030580976178561647]], "inverted": true, "swapped": false, "error_lsq": 0.050554804992425074, "error_max": 0.348380106720849, "target": "667.xyz", "model": "20.xyz", "model_rescale": 4.067790424073018, "target_rescale": 3.6965520880539655},
{"mapping": [3, 12, 4, 0, 8, 2, 11, 6, 5, 13, 1, 14], "R": [[0.9551805824711515, 0.09969253997837321, 0.2787318645988153], [-0.05011586561385093, 0.9824535795748828, -0.17964788892239766], [-0.29175067246511416, 0.15762728651207616, 0.9434167603254637]], "T": [0.1094125067348693, 0.020663493378347157, -0.007722442875839954], "aligned_model": [[0.273174767273463, 0.81007647838069, -0.6801540380857733, 0.158788866852516, -0.15251250936233685, -0.3046157294271437, 0.40852601655145837, -0.35714963692222734, -0.27228294456630536, 0.19012768917426198, 0.3397345617583014, 0.17675282322827063], [-0.7681285777480895, -0.26202974448070704, 0.07860160672373966, -0.0007123342260468221, 0.47552570098769215, -0.37919300734703343, -0.43011394754010696, -0.5004549754372938, 0.36293448250327875, 0.1307006943244303, 0.7795264440982153, 0.0306976524855423], [-0.28109765609418597, -0.13487746245413268, -0.13302344470043442, -0.7159336250642593, -0.23057565635117871, -0.4793338613414641, 0.34634402120026925, 0.23375677001982126, 0.28489552191326767, 0.6789364089632115, 0.2029523640502304, 0.030368115057197484]], "inverted": false, "swapped": false, "error_lsq": 0.03873786348082211, "error_max": 0.19486651284215692, "target": "667.xyz", "model": "21.xyz", "model_rescale": 4.186013935880536, "target_rescale": 3.6965520880539655},
{"mapping": [5, 2, 4, 0, 7, 6, 8, 11, 10, 9, 1, 12], "R": [[0.25622385643184686, 0.4247394318001194, -0.8683004954906475], [-0.9635649932821879, 0.04089897334657425, -0.2643289195307488], [-0.0767583162679405, 0.904391336232998, 0.41974334042412503]], "T": [0.03498930667278152, -0.08428849279445964, -0.025180741508265023], "aligned_model": [[0.32998643340713874, 0.7314435195215587, -0.6901649720538554, 0.39908458199520336, -0.25346945939897836, -0.23817210768943628, 0.422571249291286, -0.23605735638417932, -0.4872560437053277, 0.15651626798836935, 0.4559158171940271, 6.841468936909234e-05], [-0.6951180521420418, -0.33785430839297337, -0.048883426154130674, 0.0707441373620676, 0.570765304942592, -0.0501742314332129, -0.4139370168734943, -0.5350867126373983, 0.39060600045713684, 0.1791500715194569, 0.4983196007196125, -0.11117737302399384], [-0.3972059029699167, -0.0440250889377195, -0.047850149729704555, -0.6294885728996931, -0.1864872888877087, -0.5089905263334624, 0.5482128571935311, 0.324505761153738, 0.4198298728883137, 0.5237109424731505, -0.16123925114530166, -0.03856115760688451]], "inverted": false, "swapped": false, "error_lsq": 0.051927788158773906, "error_max": 0.3115468758720242, "target": "667.xyz", "model": "22.xyz", "model_rescale": 4.166573947596378, "target_rescale": 3.6965520880539655},
{"mapping": [2, 6, 8, 1, 7, 4, 12, 9, 10, 14, 13, 15], "R": [[0.3535132189764121, 0.8554501451224477, -0.37846195742626276], [-0.7079139593820947, 0.5091235681896567, 0.4895416411560898], [0.6114623701593591, 0.09485906136903852, 0.7855670107351019]], "T": [0.017681402561651814, -0.15382929858120764, -0.0043357543079603385], "aligned_model": [[0.29076577046802754, 0.7437521226029272, -0.7673205861985675, 0.33733697947712526, -0.1727564655077987, -0.3327988554054058, 0.4867358290853539, -0.3709948256284085, -0.1745805533377135, 0.18150812092028373, 0.3148835256939747, 0.05393528268537625], [-0.6166629496115165, -0.2282619605970051, -0.09673760727042903, -0.07914644380546942, 0.5047457513744944, -0.39026263356461294, -0.34921687134102053, -0.3171279449455428, 0.4897793553466573, 0.13544818867337882, 0.5947004687930414, -0.1299033587083544], [-0.4093285674148364, -0.21971616263436675, -0.19032380942699478, -0.637061480208625, -0.20781049384882486, -0.605265351056667, 0.409418999862631, 0.4231142521461487, 0.32694128082576374, 0.7136176598769434, 0.2567910812644028, -0.05796591418723265]], "inverted": false, "swapped": false, "error_lsq": 0.040658955534453096, "error_max": 0.22146460704301216, "target": "667.xyz", "model": "23.xyz", "model_rescale": 4.274766983524099, "target_rescale": 3.6965520880539655},
{"mapping": [10, 6, 9, 8, 7, 2, 4, 5, 3, 0, 11], "R": [[0.8007598731770965, 0.03440232590811035, -0.5979967437047736], [0.36120862145679794, -0.8241328811864362, 0.4362720778741441], [-0.47782000512188716, -0.5653507531784633, -0.6723589581361017]], "T": [-0.04281912148468626, 0.07737532956360679, 0.011368285781850226], "aligned_model": [[0.2697962608659802, 0.043192460024449285, -0.3416729904918874, -0.5231475681031315, -0.5415728301170577, -0.6667619984224777, -0.04492755082492254, 0.01715823246253325, 0.6366977685773485, 0.43657216104306074, 0.09456075894417998], [-0.2419425777661577, 0.7780317364614245, 0.3162690539031814, -0.27096795377657756, 0.45888317937325895, -0.2509636945658794, -0.5490797313529181, 0.06455691542229006, -0.09586090034487746, 0.5473178909509329, 0.15934261293880597], [-0.6433968430712853, -0.17408669029225518, -0.5642153295704111, -0.2527514451004715, 0.14354646003020183, 0.4089197582062738, 0.022804314866478156, 0.6621249670279333, 0.2909928555853055, 0.49475686976454636, -0.009128483424738296]], "inverted": false, "swapped": true, "error_lsq": 0.048551552895342104, "error_max": 0.3213934121310638, "target": "667.xyz", "model": "24.xyz", "model_rescale": 3.7841303162186577, "target_rescale": 3.6965520880539655},
{"mapping": [2, 9, 6, 8, 7, 4, 12, 3, 11, 13, 10, 15], "R": [[0.8454303533473687, -0.5253061596626283, 0.09644146545674828], [-0.49806070366397065, -0.7102495001602476, 0.4974748063850766], [-0.19282907743567682, -0.4686140054913216, -0.8621008414058566]], "T": [0.10369698068164165, 0.02912653819852424, -0.12911714935751015], "aligned_model": [[0.407891789997453, 0.6713001110105314, -0.6180832981999719, 0.3124398796000646, -0.16410609357925496, -0.3343630795408059, 0.42227717912640417, -0.4217377977382454, -0.28477640178535313, 0.06734094216488956, 0.49583393729300174, 0.036449176506461414], [-0.6153907165790051, -0.09784812467805928, 0.016528353607686466, -0.0914540865827598, 0.6160900015510907, -0.5216040197410734, -0.4734343084588399, -0.39416422036840854, 0.41880344128289665, -0.047478278555506785, 0.6868811882291476, 0.02042476463645229], [-0.37580734820330197, -0.06711045653853207, -0.09910103692394188, -0.6688805222509953, -0.21011694075126935, -0.37711630066210744, 0.3411074342130056, 0.31104772312986384, 0.40629662659517385, 0.6485781237311788, 0.008150956551588567, -0.11463676369232094]], "inverted": true, "swapped": false, "error_lsq": 0.04460366543120059, "error_max": 0.2407765953017584, "target": "667.xyz", "model": "25.xyz", "model_rescale": 4.19342608120988, "target_rescale": 3.6965520880539655},
{"mapping": [5, 7, 2, 9, 1, 0, 3, 4, 8, 6, 10, 11], "R": [[-0.11202122059019948, 0.8307138543269698, 0.5453125144050086], [0.9570883992107203, 0.2377938069696034, -0.16563786240822076], [-0.2672696058921469, 0.5033573259585419, -0.821704545545492]], "T": [0.06959375550050204, -0.01599792047077912, -0.06367166568719625], "aligned_model": [[0.2457406933373481, 0.9517466584394282, -0.7521378922574921, 0.39167739248095623, -0.1782118572261294, -0.3893695578038744, 0.4520355519811363, -0.31978998277766246, -0.25544321842002604, 0.03318105374179656, 0.3770401291321418, 0.03399737422755183], [-0.5684494528628844, -0.14628545046131364, 0.09866764391931991, 0.0836136208033727, 0.325242543448446, -0.3983903455780509, -0.4078751948805567, -0.5441646292016824, 0.619382890194535, 0.03418452785806515, 0.4882700723216025, -0.06684223121723205], [-0.3456813154605959, -0.1364214776811014, 0.04738826930753674, -0.7241950769804251, -0.4053507365858662, -0.4471332267955994, 0.29852646095751817, 0.3409886403592832, 0.21503661699519244, 0.756237963497548, 0.1563881384006613, 0.04662723918419]], "inverted": false, "swapped": false, "error_lsq": 0.04732999584869533, "error_max": 0.25682786952288433, "target": "667.xyz", "model": "26.xyz", "model_rescale": 3.795458400668931, "target_rescale": 3.6965520880539655},
{"mapping": [5, 6, 4, 7, 3, 10, 8, 11, 9, 1, 0, 12], "R": [[-0.09272213798012544, -0.9050813283249018, 0.4150064990407092], [0.47631454592049705, -0.40633648450346393, -0.7797532396251503], [0.8743723797518683, 0.12537324466965757, 0.46877978950468513]], "T": [0.002610569763506841, 0.0034232933785167327, 0.1427160209910048], "aligned_model": [[0.3795553860353914, 0.7924083504936343, -0.7832172584181488, 0.1945237623773516, -0.2043019809908697, -0.28621787148511635, 0.30688184499545595, -0.4888217631977554, -0.24654183591605486, 0.4167908894704768, 0.4331507423858535, 0.07625607910495605], [-0.4823685794560004, -0.23185425903120996, -0.03487854817769851, 0.07504443546244133, 0.5536333103737082, -0.30762432139106366, -0.6002450149592943, -0.4946204910212511, 0.26507705260144754, 0.10114625593115281, 0.6664549466640184, 0.0075892073473709035], [-0.29177141226100767, 0.09742917343324242, -0.1398981612881056, -0.643571354678204, -0.3039748031662929, -0.4295723166337255, 0.41429524457679623, 0.2911115824958664, 0.37473903524606506, 0.5541258603344476, -0.11476675239923254, -0.005734600461506784]], "inverted": false, "swapped": false, "error_lsq": 0.05502853933043123, "error_max": 0.31717895549836356, "target": "667.xyz", "model": "27.xyz", "model_rescale": 3.6321398670334006, "target_rescale": 3.6965520880539655},
{"mapping": [11, 2, 12, 13, 6, 9, 0, 8, 7, 3, 4, 14], "R": [[-0.6666135153057903, -0.7366820956343878, -0.11369217731833603], [0.6470631117875818, -0.6476164333580839, 0.40237082971846516], [-0.37004830843476194, 0.19465981921362552, 0.9083896764100142]], "T": [0.05786060739838325, -0.12258795841125483, 0.04830421966352752], "aligned_model": [[0.3589539163754367, 0.8269811237996665, -0.7170956775292466, 0.349932540885715, -0.16437514796578925, -0.24264923488171522, 0.32853773868615554, -0.348634731473935, -0.32458471895733865, 0.244628508729505, 0.1740379833704882, 0.10473404381623258], [-0.5520702569856367, -0.23267997640827764, 0.1562290934888996, -0.002905520105598164, 0.38619987760496455, -0.3469612422920301, -0.590823190402363, -0.25361404729610126, 0.3530832774179331, 0.0011552904703304723, 0.6977440326324399, -0.09800334378093992], [-0.32238919937601684, -0.12425603809121241, -0.02390062006915457, -0.7045884895216754, -0.49543620011452694, -0.5047985062324644, 0.35959404015225105, 0.33920509505097396, 0.5261743189135801, 0.6974308940121106, 0.043255047300171684, 0.012121153174304955]], "inverted": false, "swapped": false, "error_lsq": 0.04816787642077577, "error_max": 0.28784444669009634, "target": "667.xyz", "model": "28.xyz", "model_rescale": 4.156811204709835, "target_rescale": 3.6965520880539655},
{"mapping": [0, 3, 1, 10, 2, 5, 6, 7, 9, 11], "R": [[-0.2638038978208287, -0.952946180367492, -0.14933546403164], [-0.3642934356806124, 0.2417837674969629, -0.8993502668565736], [0.8931392927279336, -0.18285017664192194, -0.41093553836029406]], "T": [-0.02955228653833486, -0.06553833095612702, 0.11908701544511648], "aligned_model": [[-0.6189448478851298, -0.03012666097159805, -0.10512136482838176, 0.719394367019651, -0.22511686473412956, -0.5102252131144711, -0.31218356117921386, -0.4462756164013926, 0.2153596506316004, -0.043834514426346775], [-0.15800038612340736, -0.5432394220798649, 0.16742499795378418, 0.04439265518915016, -0.3995078096529594, -0.5078928660547521, 0.5383735372240156, 0.25239570731110494, 0.5528240728710004, -0.028050156011867777], [-0.45396945025000335, -0.46550278339117246, -0.7130942174890151, -0.1162930295782406, 0.8299859426693775, 0.09624285101661965, -0.17776473020808303, 0.4892683017731688, 0.3070402686124724, -0.03712642618002489]], "inverted": true, "swapped": true, "error_lsq": 0.05578070533509316, "error_max": 0.2654956865039405, "target": "667.xyz", "model": "29.xyz", "model_rescale": 4.117894457231895, "target_rescale": 3.6965520880539655},
