[{"mapping": [4, 7, 3, 2, 6, 0, 12, 11, 1, 5, 8, 9, 10, 13], "R": [[0.46016859255947584, 0.6864669396703019, -0.5630346411736326], [0.7104343654290713, 0.09563203675061693, 0.6972356315940268], [0.5324733597460288, -0.720845097289715, -0.44368284491758003]], "T": [0.04258997861168483, -0.11273221458337415, 0.09624723005938893], "aligned_model": [[-0.4178588396652825, -0.055692081573111604, -0.21478104804909448, -0.703847059539741, -0.0936407916313002, -0.5309727250805598, 0.1625168721898742, 0.6437825935813437, 0.09164207382728291, 0.6085441252056492, 0.29312637047218143, -0.2737123897500308, 0.5161712575626844, 0.06132822376070442], [-0.19571930915616528, 0.2910209017676805, -0.5622570089601996, -0.2617928901544755, -0.697403292498911, 0.1313505565085933, 0.3433219862808935, 0.06488075107464825, -0.1915567914828278, -0.6134147495844509, -0.17126066213437796, 0.5371076106925546, 0.7549410134604906, -0.012784997147916893], [-0.7371219885303014, -0.535194406323668, 0.166160888766265, -0.012706468747569283, -0.37719462706325757, 0.5510679204088224, 0.4320327479787084, -0.21048215389230604, 0.6658301401388204, 0.13385259589447343, -0.6415773214455694, -0.023770206250283754, -0.09943840100406023, -0.031029217687410987]], "inverted": false, "swapped": false, "error_lsq": 0.04461115830439625, "error_max": 0.239856112385505, "target": "668.xyz", "model": "0.xyz", "model_rescale": 3.8414455957264533, "target_rescale": 3.874949165773475},
{"mapping": [13, 9, 1, 11, 0, 12, 10, 2, 3, 4, 7, 8, 6, 14], "R": [[-0.05500652121845604, 0.9888943947852772, -0.1380657763013861], [-0.9919354392262153, -0.06993369620910864, -0.1057041273632564], [-0.11418566911192916, 0.13113792013293846, 0.9847662051840875]], "T": [0.06994387084265806, -0.01493458337782419, -0.07246022614114492], "aligned_model": [[-0.5265585542086041, 0.1034157701675189, -0.15222814745795954, -0.6878963148430322, -0.060234862382975554, -0.589746532145526, -0.030130981541890076, 0.7963864673251297, 0.3522454969652163, 0.44041876453681844, 0.3088713887780502, -0.3956074708346086, 0.48422095677610955, 0.043450600176353354], [-0.016552542157232314, 0.295182770766373, -0.64851406198437, -0.352657970457798, -0.6628542549041833, 0.20163929619010632, 0.36595405667412606, 0.08242890060032983, -0.4112100899230232, -0.4125113333661624, -0.23218303511006075, 0.6149957081015895, 0.642110547588934, -0.049394873353093345], [-0.5404658241383072, -0.679268712080185, 0.4731720032420079, 0.12218449870153528, -0.37040479510005575, 0.24407392803697184, 0.48726306997040425, -0.15851970337562066, 0.5412566441182292, -0.05013723666388614, -0.6280425814479893, -0.17615291459953658, 0.00935276626840989, 0.0061183593106863415]], "inverted": true, "swapped": false, "error_lsq": 0.043524237376209064, "error_max": 0.2550171197638194, "target": "668.xyz", "model": "1.xyz", "model_rescale": 4.316132596720782, "target_rescale": 3.874949165773475},
{"mapping": [8, 2, 9, 1, 7, 6, 10, 11, 4, 5, 0, 13], "R": [[0.6719645079747347, 0.740582941963161, -0.0007785213305592231], [0.46816387246448354, -0.42397132105614554, 0.7752876288455568], [0.573834722321098, -0.5213302456170139, -0.6316078581395045]], "T": [-0.07125431227609844, -0.0037862407179965352, 0.02591734121109971], "aligned_model": [[-0.12709131460989728, 0.42216690374902777, 0.06628312699799041, -0.3845296402664301, -0.5256881697328497, -0.47710793274229324, -0.06836968504973025, -0.2857427516910356, 0.5052031035994422, 0.2968525431331136, 0.2917806042611961, -0.11594823301675333], [-0.7212434949816997, -0.4160737110493023, -0.48277023253827417, 0.6098845456428047, -0.2039018199812494, -0.2021141550984609, 0.25288997474371944, 0.597580390358849, 0.022200226289434313, -0.048957874175008284, 0.6472364020928176, -0.04195382356264982], [0.1268524659790408, 0.012583638198811982, -0.45353197878531054, -0.1383007984960951, -0.46127030557411236, 0.44801284885665604, -0.6405532021446283, 0.5252225996846024, -0.469382149822879, 0.6158935696738097, -0.11673858365793749, 0.00047035729746306223]], "inverted": true, "swapped": true, "error_lsq": 0.04271252856273385, "error_max": 0.2668445856757578, "target": "668.xyz", "model": "2.xyz", "model_rescale": 3.795458400668931, "target_rescale": 3.874949165773475},
{"mapping": [11, 1, 0, 9, 5, 2, 10, 6, 7, 8, 3, 13], "R": [[0.5185076903278669, 0.23006604137055395, 0.8235407650377385], [-0.5970010327755274, -0.59211074743788, 0.5412897834187425], [0.6121597356375333, -0.7723176026588012, -0.16966431176752408]], "T": [0.10196267708449705, -0.0246631884657706, 0.036391001078882046], "aligned_model": [[-0.08713979674169972, -0.2728898270234179, -0.645212987402955, 0.24183035109307213, 0.14872536306499115, 0.16482765338046446, -0.32899008869603363, 0.6122788481522319, 0.3273704280937051, 0.7277325951422794, -0.44154436995936697, 0.14631565664029408], [-0.25247948916058827, -0.5896201437363322, -0.027966707255610967, 0.09809264851967385, 0.5239513701456753, 0.5461319547872634, -0.3730959731751341, -0.1294178914674784, -0.5112186350163536, 0.24702625834971775, 0.6112071362431091, -0.05684148294423269], [-0.718123971791241, -0.16857265771083646, -0.09662463010481509, 0.7024104454801815, -0.3907511308853798, 0.3259840628845429, 0.4868888301798146, -0.2965047756867193, 0.4795200141935014, 0.2866856995449239, 0.008313898372084093, 0.06954564616304368]], "inverted": false, "swapped": true, "error_lsq": 0.04062672186892956, "error_max": 0.22689887796132494, "target": "668.xyz", "model": "3.xyz", "model_rescale": 3.7530521520055578, "target_rescale": 3.874949165773475},
{"mapping": [8, 5, 4, 0, 9, 11, 7, 6, 12, 1, 13], "R": [[-0.13353085418111144, -0.4774657624287092, -0.8684445616676028], [-0.5272016912970273, 0.7762369714116318, -0.34570875156300523], [0.8391828690310693, 0.41168265681477184, -0.3553723433283943]], "T": [-0.047424602237162286, -0.07607294724354131, -0.07577001176822276], "aligned_model": [[-0.5275711772056088, -0.33383404748028345, 0.5786240588688087, 0.563342680642621, 0.10356948062431894, -0.18151769562724096, -0.004149695495347411, -0.6371115000755271, -0.41351889758265525, 0.2595902681201533, -0.06922387234403388], [-0.6198905646545003, 0.09290867512477881, -0.4235947648699583, 0.3234297463114802, -0.7450655826881866, 0.7229068452545406, -0.38274714174864216, 0.05253447350831024, 0.12682676131103904, 0.4307470494813366, -0.11085213871585223], [-0.11786808151844283, -0.6881668803075834, -0.3318787675830236, -0.28394414316736416, 0.012906381532530334, -0.10032994335329083, 0.5471155314242145, 0.05818981164127901, 0.7111417698164049, 0.31227151032484035, -0.02660641156424781]], "inverted": false, "swapped": true, "error_lsq": 0.04852925735570152, "error_max": 0.308830720832621, "target": "668.xyz", "model": "4.xyz", "model_rescale": 3.7855080009869324, "target_rescale": 3.874949165773475},
{"mapping": [10, 8, 0, 3, 5, 2, 12, 6, 1, 4, 7, 15, 13, 16], "R": [[0.7217009318827807, -0.12839430757944448, -0.6801931098597815], [-0.6881294256751178, -0.026601773794789757, -0.7251001580133625], [0.07500438946860705, 0.9913663537825792, -0.1075504260720323]], "T": [-0.0058115122463168025, 0.05148989153170503, -0.016980112128417893], "aligned_model": [[-0.37232918317038477, 0.13160464658900875, -0.06193196772299696, -0.5958593545319605, -0.21972659862430652, -0.509473294797656, 0.16427879046199495, 0.6201296019278908, 0.25686871806742706, 0.45475807293414516, 0.267743130652714, -0.36820790428280414, 0.365931556215495, -0.04717963240796659], [-0.022366634384400612, 0.4406506635130345, -0.6547402248302538, -0.31150793978388447, -0.675361458100699, -0.07490435862201222, 0.39323521246197424, 0.03715586418639933, -0.28818314903443076, -0.5269675137796663, -0.345128800441296, 0.6947491915162813, 0.6732988933193882, 0.0765033726451009], [-0.642419385403038, -0.5870507803840829, 0.30946038863853226, 0.03294707158421664, -0.30163902376961904, 0.5085053680743927, 0.5463534369852622, -0.2015588901972361, 0.6064982444359818, -0.0007483127062685724, -0.5907666076142545, -0.38331934659306705, -0.02229943744277589, 0.006466776634619493]], "inverted": true, "swapped": false, "error_lsq": 0.04021132851543068, "error_max": 0.2397647981676783, "target": "668.xyz", "model": "5.xyz", "model_rescale": 4.2253639853439635, "target_rescale": 3.874949165773475},
{"mapping": [3, 7, 10, 4, 2, 1, 9, 11, 8, 5, 6, 0, 12, 13], "R": [[0.03796134921965466, 0.5188181465482894, 0.8540413729894012], [0.9509315285355586, 0.24386796876577024, -0.19041439506267288], [-0.30706377839538457, 0.8193632555968415, -0.4841029760033449]], "T": [-0.00303077933138804, -0.051011454354049204, 0.005588467305165781], "aligned_model": [[-0.2935470076293115, 0.021544348540053382, -0.13464404700434549, -0.6652494736026338, -0.12830295136486003, -0.5412784606334109, 0.021204322887762278, 0.7682039150232086, 0.3033704405847545, 0.3665673704857115, 0.2797012524040048, -0.4518022729635205, 0.5687326601801485, -0.02789351559696141], [-0.03945008240449111, 0.4450216417350422, -0.7182543047531909, -0.2691481950130383, -0.6392570950844616, -0.051922000160503815, 0.39905350048740745, -0.021233957589906496, -0.1546866868009708, -0.5647818066054571, -0.1535022559828662, 0.608761866770066, 0.6314982920589087, -0.05566579799100271], [-0.6413088417575128, -0.6130701192361383, 0.3876583571850336, -0.11604243147834777, -0.29180951707420977, 0.5045818404451274, 0.41723227416902225, -0.09372988811527917, 0.669843398946375, 0.018948828450208913, -0.5629853642553171, -0.07419850257488213, -0.2747876724754676, -0.0499028599859494]], "inverted": false, "swapped": false, "error_lsq": 0.036796066744093574, "error_max": 0.24648093535302057, "target": "668.xyz", "model": "6.xyz", "model_rescale": 3.89814844738969, "target_rescale": 3.874949165773475},
{"mapping": [5, 3, 2, 11, 8, 4, 0, 6, 1, 10, 9, 7, 13], "R": [[0.25944342420703165, -0.1454726463916793, 0.9547391365119225], [0.32630729949233744, -0.9172472472547042, -0.22843168278871825], [0.9089624062268736, 0.3708034473349311, -0.1905049802781616]], "T": [-0.01856574432747639, -0.012482185529441234, 0.030747595309313248], "aligned_model": [[0.22208996741901976, -0.2190026206727818, 0.32457361685986263, -0.37081397140730077, 0.6857496654942596, -0.26789852677566145, -0.6975545676973572, 0.3509669222107996, -0.6266822652660075, -0.5078823810028991, 0.2332617091355394, 0.011831701902160333, 0.009992550704588675], [-0.3044520602436732, 0.22876827452209636, 0.37551552420945167, -0.7346391357172466, 0.1416625392878067, 0.6441811716157252, 0.03263971729477616, -0.46859122683939225, -0.24728759716660842, 0.43492342524309197, 0.6135962020221214, 0.24598040386152903, 0.0014840273808076933], [-0.5544476749062446, -0.7452308695039721, -0.35048251668768005, -0.07585157246055871, 0.12146578111464787, -0.2606738067589603, -0.3052787974073363, 0.22472154005192918, 0.307806394477546, 0.2962121585579179, 0.18181926171420024, 0.6758687189714002, 0.08634641367340636]], "inverted": false, "swapped": true, "error_lsq": 0.04393646544326539, "error_max": 0.2087954706146833, "target": "668.xyz", "model": "7.xyz", "model_rescale": 3.7474275329858107, "target_rescale": 3.874949165773475},
{"mapping": [11, 12, 5, 9, 7, 8, 2, 0, 3, 6, 10, 13, 1, 14], "R": [[-0.557390771835133, 0.16378425104110828, -0.813935038307074], [0.7762673699002005, 0.45053792687564903, -0.4409359895436271], [0.2944902339658483, -0.8776048629978617, -0.37826605258897394]], "T": [-0.013090535768334355, 0.04102467573579225, -0.0764386822886535], "aligned_model": [[-0.3854414541431891, -0.0157498046812498, -0.13228495555042158, -0.6427685072411653, -0.13032154054310596, -0.38148588557556756, 0.10440953450506435, 0.6393503695460183, 0.31228298175251307, 0.44864853888339884, 0.2954185281583569, -0.513234341478626, 0.5114785182635999, -0.02369540058502549], [-0.12218956051214738, 0.3771258530775857, -0.5705900648107275, -0.38772550170316616, -0.5923913621996643, -0.013277867762870488, 0.5422158966706762, -0.04807079791406101, -0.23679891174320292, -0.6281738370276454, -0.3129159923082952, 0.7465587426448778, 0.5660139145387374, 0.0966526077154389], [-0.5467533240565565, -0.5938085168148506, 0.2767490347414161, -0.08084069050320633, -0.29761428295396875, 0.4950037171415136, 0.5895872852181645, -0.05202353791763539, 0.49895741199859844, 0.0004279284907257319, -0.67209925733777, -0.32177453929475963, 0.04194808531228475, -0.05732981178129208]], "inverted": false, "swapped": false, "error_lsq": 0.035840394719884004, "error_max": 0.20585556641530725, "target": "668.xyz", "model": "8.xyz", "model_rescale": 4.019505241142653, "target_rescale": 3.874949165773475},
{"mapping": [0, 10, 1, 11, 5, 6, 12, 3, 2, 9, 7, 8, 13], "R": [[0.13319120480261454, -0.5619197357293065, -0.816398379200458], [-0.9685479527644691, -0.24848624619778265, 0.013017244189568067], [-0.2101784150644016, 0.7889871963780158, -0.577342392166533]], "T": [0.047053176740183486, -0.08920922382247132, 0.033012132755167845], "aligned_model": [[-0.41392171980171544, -0.6290328679385242, -0.20010497437279956, 0.3590094202494499, 0.4641986759825498, 0.6188436201596841, 0.3095877899627278, -0.21274088130213992, 0.011414855964567247, -0.26291708774804046, -0.16945744878324803, 0.39303347721183757, 0.05178791215682743], [-0.5503583167317883, 0.111184986529855, 0.03626200698602608, -0.33033050890860305, -0.6375847256597238, 0.1332720052410213, 0.6576112996562249, -0.8644363049636744, -0.3560046135288574, 0.16616418073862393, 0.5694857151538771, 0.15605204198270733, -0.02793953838163008], [-0.355342349444996, -0.08023011407361849, -0.6188089171863314, -0.6751521735810533, 0.13736262420631307, -0.04297162847781821, -0.3765707762923592, 0.21203538208138745, 0.6171126141585248, 0.5959657022821383, 0.08915752837582272, 0.6230927417556178, 0.051052860240251186]], "inverted": true, "swapped": true, "error_lsq": 0.050695962112507056, "error_max": 0.3498082516914657, "target": "668.xyz", "model": "9.xyz", "model_rescale": 3.877068213659057, "target_rescale": 3.874949165773475},
{"mapping": [7, 9, 5, 4, 1, 3, 6, 11, 12, 0, 8, 13, 10, 15], "R": [[0.282982215753441, 0.8816228242792186, -0.37770658092917453], [0.006479231925626161, 0.3920370658979166, 0.9199266049613993], [0.9591032713534694, -0.26277011754019275, 0.10522727881583954]], "T": [-0.04765963145939373, 0.09046938731730977, -0.07153591909610305], "aligned_model": [[-0.4108659923977658, 0.1961427408839888, -0.1608703850387442, -0.6798927275880208, -0.188905205066757, -0.4312976549715585, 0.01444956093001231, 0.6835399456446679, 0.36281942259482525, 0.4488384082656753, 0.2815809415907984, -0.5129367409045908, 0.47404224660435607, 0.009962020763713338], [-0.33984326742358584, 0.40726844036571774, -0.5655922457965671, -0.14049085440324882, -0.75462665569945, -0.021515787515501053, 0.41627688774494653, -0.002863174126142898, -0.13679096104288987, -0.5263614492039741, -0.20666195797502004, 0.6983898145123738, 0.5666008499034079, 0.0226434793254687], [-0.6624663109025796, -0.5967445130157224, 0.33805155760756533, -0.1424538903654669, -0.20853583229744807, 0.42145751925938824, 0.4483645483115335, -0.10747319335208293, 0.509888965097448, 0.010777210472678295, -0.7029126248039151, 0.03611379799114317, -0.005681836305000104, -0.05795589545487795]], "inverted": false, "swapped": false, "error_lsq": 0.045526434866050514, "error_max": 0.34219098902138634, "target": "668.xyz", "model": "10.xyz", "model_rescale": 4.260839863003843, "target_rescale": 3.874949165773475},
{"mapping": [11, 1, 10, 0, 4, 3, 5, 6, 7, 9, 8, 13], "R": [[0.2678696177897264, 0.8073791062552069, 0.525723165409067], [-0.43982522945381713, -0.38301302688111055, 0.8123144642164555], [0.8572045470021046, -0.44882067690995836, 0.2525081475457848]], "T": [0.09554714951120308, 0.045858894106728484, -0.017710649428967804], "aligned_model": [[0.4468512421837222, 0.12369801950613268, -0.3550226730227919, -0.3963486618460261, -0.6544235734587815, -0.5255259777679635, 0.17149285459418753, 0.701865890233796, 0.1950917697154282, -0.20736418270354706, 0.33625732476728676, 0.12232661689268727], [-0.14856739344863734, -0.5884654661637649, -0.48001817714676565, -0.2060172675906149, 0.08464481563708597, 0.44799325793061806, 0.6195749067749186, 0.16561337585391744, -0.37595658447364655, 0.13515323679477872, 0.49120126624124094, 0.02792253512380403], [-0.7217963756964713, -0.331623052903223, 0.15697228268059848, -0.5378764450323354, 0.10203742605816588, -0.4089591992432222, -0.40590811246431346, -0.001830183673387848, 0.5264131872712897, 0.5975007835328848, 0.5036139759695908, 0.03763379089592829]], "inverted": false, "swapped": true, "error_lsq": 0.04467372544028147, "error_max": 0.2587386838675158, "target": "668.xyz", "model": "11.xyz", "model_rescale": 3.890672605050136, "target_rescale": 3.874949165773475},
{"mapping": [0, 3, 11, 1, 2, 6, 5, 12, 9, 10, 4, 8, 7, 13], "R": [[-0.0951187422219527, -0.2376917725695734, -0.9666721502820117], [0.08732876267063772, 0.9653387454678217, -0.245956894005897], [0.9916280109438871, -0.10781339319095187, -0.0710644788915255]], "T": [-0.09442762013150809, -0.06261612647133678, 0.027943832896369626], "aligned_model": [[-0.44992396970689785, -0.09717592191542229, -0.089018600172904, -0.7555129242143547, 0.034850945942028436, -0.5609392257129, 0.31400273447187, 0.6464929236432272, 0.13473089509190223, 0.5865336415845345, 0.16872830077119827, -0.36385826440514957, 0.4769493815204642, 0.04074666441300419], [0.03116772100399999, 0.4545268246366409, -0.574090851843598, -0.3716173720222307, -0.6926402518726322, -0.029450216587756692, 0.4627327167203605, -0.00479848063361045, -0.08588878070472927, -0.6395726074709008, -0.2527998351618007, 0.6032093498415182, 0.5267462991791804, -0.011091396418905497], [-0.4341400070488408, -0.7373134904653033, 0.23074055797769247, -0.24183893409204452, -0.27524057869662644, 0.3645820485241018, 0.43064151134853573, 0.08110410365759532, 0.7714256245274335, -0.026402128473884595, -0.5930522718158346, -0.029280365282227584, -0.20258691015310373, -0.058209657764829746]], "inverted": true, "swapped": false, "error_lsq": 0.048754418018835045, "error_max": 0.26659965411803704, "target": "668.xyz", "model": "12.xyz", "model_rescale": 4.124412569039231, "target_rescale": 3.874949165773475},
{"mapping": [6, 8, 2, 12, 5, 11, 7, 1, 9, 10, 0, 4, 13], "R": [[-0.9074494178239767, -0.4150086656816218, -0.06560001143358028], [0.391288731640641, -0.8916057269018314, 0.22788671801339266], [-0.1530643086483079, 0.1811271243216127, 0.971475312220027]], "T": [0.15214833089754917, 0.08439235580404908, 0.05314016452213003], "aligned_model": [[-0.16851144007797683, -0.08757086913095097, 0.4775648153002455, -0.6646501856771276, 0.6313145860293048, 0.26698740219911565, -0.45268202244585154, 0.005616735147088686, 0.008643797340585901, 0.05649136310652583, 0.6427067005496971, 0.5583579552965143, 0.09302946987258681], [-0.16083359965296698, 0.5365395758377298, 0.5920448399206548, -0.2723223955094839, -0.05771975948264929, -0.7169463885511513, 0.31711442516381294, -0.4033988026553504, 0.7540053982657731, 0.25964990092350826, -0.17385113887901948, 0.5645367528899751, 0.1086665682376448], [0.5213893316230439, 0.569035675736045, 0.2767834280047363, 0.048868592273970245, 0.5387520777319137, 0.09340256947371878, -0.19970140870982314, -0.43908858285523145, -0.04297791016173832, -0.6325773598350878, -0.46516315246123635, -0.3743585297409017, 0.05733334988842969]], "inverted": false, "swapped": true, "error_lsq": 0.046724078900749096, "error_max": 0.3124000238879252, "target": "668.xyz", "model": "13.xyz", "model_rescale": 3.9028299243045295, "target_rescale": 3.874949165773475},
{"mapping": [12, 8, 9, 11, 14, 1, 3, 4, 7, 10, 13, 2, 0, 15], "R": [[-0.07160463526795768, 0.8484485254759909, -0.5244119333365328], [-0.018509048868113664, 0.5245407104515553, 0.851184150574349], [0.9972613455449585, 0.07065509674889048, -0.021855571034964938]], "T": [-0.006093444211191641, 0.043993835269783586, -0.05043324257664532], "aligned_model": [[-0.38618383806075457, 0.02102270568426502, -0.17827758750178405, -0.5946800152550067, -0.13744426833995935, -0.6320865979995004, 0.22821258834536282, 0.6640819722812713, 0.41935269630059085, 0.49000777417990937, 0.11352457047665084, -0.33884388534324383, 0.4218178119715273, -0.0038973454287286923], [-0.06429760455780353, 0.5511723198097798, -0.5187550091432958, -0.4019912051909835, -0.8194790226239046, 0.09508593625935366, 0.37389619864563745, 0.1262487540856318, -0.4138098775446084, -0.512095659745287, -0.4214886177987279, 0.7008111507910887, 0.7539596602429718, -0.03282390456431756], [-0.6231849737169697, -0.6322767428343898, 0.45405839796330566, -0.0732341287440368, -0.19260299134393122, 0.11606277650322534, 0.4238605049941867, 0.008408182817892094, 0.605340573532352, -0.05124360898966597, -0.6842068364117736, -0.046199153111877035, -0.05797601706598206, 0.033623518650327935]], "inverted": true, "swapped": false, "error_lsq": 0.04869782466046073, "error_max": 0.30985730171786097, "target": "668.xyz", "model": "14.xyz", "model_rescale": 3.942246331269136, "target_rescale": 3.874949165773475},
{"mapping": [7, 8, 5, 9, 2, 10, 4, 12, 3, 1, 0, 11, 13, 14], "R": [[0.4903275401578793, 0.8687649006001048, -0.06947266259481799], [-0.04205940013352516, -0.056032492431143485, -0.9975426640762599], [-0.8705227798415911, 0.4920446191934671, 0.00906545639362441]], "T": [-0.051243362840761905, 0.017995805286358676, -0.005570858086872153], "aligned_model": [[-0.4925638265267094, -0.01828626701092266, -0.02232355026376294, -0.7857478340964726, -0.13694219362248827, -0.5688481829731422, -0.0021491991514400316, 0.7628241889520414, 0.37102968356790517, 0.5729511945476399, 0.17357413983616293, -0.2281216602234672, 0.45746235024208315, 0.0037477380331730897], [-0.2581804893422691, 0.33556847349133223, -0.5889481600901589, -0.3116208448372241, -0.6583451467891912, 0.20977439184757835, 0.3198245984266752, 0.09121440618247281, -0.21479035503779997, -0.494992593151114, -0.3264359455005706, 0.7088247546399058, 0.643727755526704, -0.039187726700804656], [-0.6837613997094023, -0.7104838715370622, 0.17762910240071633, -0.009854758066806921, -0.3488878334721129, 0.44643217282715714, 0.49458223812039, -0.008623031678838627, 0.5273869341808884, 0.056602233969680074, -0.6151127700242047, -0.0802733032049513, 0.09742365842058207, -0.06262986998337178]], "inverted": true, "swapped": false, "error_lsq": 0.04577373683870556, "error_max": 0.2183276529168448, "target": "668.xyz", "model": "15.xyz", "model_rescale": 4.355366556412066, "target_rescale": 3.874949165773475},
{"mapping": [8, 2, 9, 1, 7, 6, 10, 11, 4, 5, 0, 13], "R": [[0.6719645079747347, 0.740582941963161, -0.0007785213305592231], [0.46816387246448354, -0.42397132105614554, 0.7752876288455568], [0.573834722321098, -0.5213302456170139, -0.6316078581395045]], "T": [-0.07125431227609844, -0.0037862407179965352, 0.02591734121109971], "aligned_model": [[-0.12709131460989728, 0.42216690374902777, 0.06628312699799041, -0.3845296402664301, -0.5256881697328497, -0.47710793274229324, -0.06836968504973025, -0.2857427516910356, 0.5052031035994422, 0.2968525431331136, 0.2917806042611961, -0.11594823301675333], [-0.7212434949816997, -0.4160737110493023, -0.48277023253827417, 0.6098845456428047, -0.2039018199812494, -0.2021141550984609, 0.25288997474371944, 0.597580390358849, 0.022200226289434313, -0.048957874175008284, 0.6472364020928176, -0.04195382356264982], [0.1268524659790408, 0.012583638198811982, -0.45353197878531054, -0.1383007984960951, -0.46127030557411236, 0.44801284885665604, -0.6405532021446283, 0.5252225996846024, -0.469382149822879, 0.6158935696738097, -0.11673858365793749, 0.00047035729746306223]], "inverted": true, "swapped": true, "error_lsq": 0.04271252856273385, "error_max": 0.2668445856757578, "target": "668.xyz", "model": "16.xyz", "model_rescale": 3.795458400668931, "target_rescale": 3.874949165773475},
{"mapping": [5, 3, 2, 11, 8, 4, 0, 6, 1, 10, 9, 7, 13], "R": [[0.25944342420703165, -0.1454726463916793, 0.9547391365119225], [0.32630729949233744, -0.9172472472547042, -0.22843168278871825], [0.9089624062268736, 0.3708034473349311, -0.1905049802781616]], "T": [-0.01856574432747639, -0.012482185529441234, 0.030747595309313248], "aligned_model": [[0.22208996741901976, -0.2190026206727818, 0.32457361685986263, -0.37081397140730077, 0.6857496654942596, -0.26789852677566145, -0.6975545676973572, 0.3509669222107996, -0.6266822652660075, -0.5078823810028991, 0.2332617091355394, 0.011831701902160333, 0.009992550704588675], [-0.3044520602436732, 0.22876827452209636, 0.37551552420945167, -0.7346391357172466, 0.1416625392878067, 0.6441811716157252, 0.03263971729477616, -0.46859122683939225, -0.24728759716660842, 0.43492342524309197, 0.6135962020221214, 0.24598040386152903, 0.0014840273808076933], [-0.5544476749062446, -0.7452308695039721, -0.35048251668768005, -0.07585157246055871, 0.12146578111464787, -0.2606738067589603, -0.3052787974073363, 0.22472154005192918, 0.307806394477546, 0.2962121585579179, 0.18181926171420024, 0.6758687189714002, 0.08634641367340636]], "inverted": false, "swapped": true, "error_lsq": 0.04393646544326539, "error_max": 0.2087954706146833, "target": "668.xyz", "model": "17.xyz", "model_rescale": 3.7474275329858107, "target_rescale": 3.874949165773475},
{"mapping": [8, 4, 11, 3, 10, 1, 2, 9, 7, 12, 5, 0, 6, 13], "R": [[0.2804276964463924, 0.24321420832778173, 0.9285511057196909], [0.9000468694165025, -0.4028101950130306, -0.1663116942584545], [0.33358048491979186, 0.8823779211092349, -0.3318633218956593]], "T": [-0.012554205779483966, -0.08289758065107264, -0.013271891201628652], "aligned_model": [[-0.42512172283494115, 0.1628170888560037, -0.22789514161654645, -0.6514698736169483, -0.15024427592295098, -0.4763813305801645, 0.06997889887015812, 0.626965338020809, 0.32625766790902616, 0.5653095191638938, 0.31993383713135576, -0.4215987503015757, 0.38715090653771067, -0.019095580305230096], [-0.016400435023409612, 0.38622265196061967, -0.6644555520421156, -0.30968272043295, -0.6559245945378093, 0.03628232403580284, 0.48634481478459957, 0.10355303832816945, -0.28922310520927763, -0.5575623210557685, -0.3333030462469523, 0.6399895238053157, 0.5703081737647664, 0.020284366534544115], [-0.5982681516279398, -0.6753873935068009, 0.3570729063457481, -0.04400381393932436, -0.3726057977612428, 0.48590639901904786, 0.402641688385804, -0.07632017139861587, 0.6270839272304053, -0.0152271212664873, -0.6048534500684717, -0.10949655325997067, -0.10577528057664139, 0.009662314667152765]], "inverted": false, "swapped": false, "error_lsq": 0.03611442382780949, "error_max": 0.24316726682850576, "target": "668.xyz", "model": "18.xyz", "model_rescale": 3.922800546911778, "target_rescale": 3.874949165773475},
{"mapping": [10, 2, 13, 4, 11, 8, 5, 3, 12, 7, 9, 1, 0, 14], "R": [[0.044511698478923264, 0.9974471855555715, 0.055837449133991135], [-0.5228735589330662, 0.07088650012516624, -0.8494576772674871], [-0.8512472907840535, 0.00861487825070284, 0.5246940382790096]], "T": [-0.09476069963868751, 0.005165040673827163, 0.007490424444208506], "aligned_model": [[-0.4448412153315261, 0.07506919905612584, -0.20853943397516378, -0.6810171156006433, -0.1446840771222702, -0.4717825700629577, 0.14740423625514515, 0.5411863336895442, 0.40107430177773623, 0.4688252392198917, 0.2982022879404063, -0.3335155880566901, 0.46140265310083983, -0.02217766957983744], [-0.1767411378170929, 0.2715513773021961, -0.5939786767322442, -0.39867261209845545, -0.64156622487477, 0.07725891518707056, 0.4803616713060188, 0.06692093376242264, -0.18885597437632948, -0.558055239171415, -0.18706614684027129, 0.6926250575083527, 0.6276750139490591, -0.055023838439006455], [-0.6960395479253927, -0.6354132137122519, 0.32355205186172414, -0.1232218704594488, -0.28660129477166185, 0.48398558339241066, 0.5534556488358939, -0.022623095027223608, 0.5863838012035175, -0.05051668676292225, -0.6790738091529228, -0.12807451367117137, -0.03258817232858643, -0.012795379239301234]], "inverted": false, "swapped": false, "error_lsq": 0.0336512704379528, "error_max": 0.20162531511257795, "target": "668.xyz", "model": "19.xyz", "model_rescale": 3.9282355846067225, "target_rescale": 3.874949165773475},
{"mapping": [0, 11, 5, 1, 3, 2, 12, 8, 7, 6, 4, 10, 9, 13], "R": [[-0.032730764837223536, 0.9952678957752432, 0.09149050591340235], [0.17759642112857438, -0.08429124779528757, 0.9804868671978406], [0.9835589500561177, 0.04834047149370152, -0.17399709934442648]], "T": [0.10740877762219202, -0.07351377797099518, -0.008332563029740205], "aligned_model": [[-0.3716087018977645, 0.03895607310255453, -0.1669673575840503, -0.5959149661345626, -0.14625457369995615, -0.5617465481850642, 0.23184383950931914, 0.8148774084908407, 0.18835032123272655, 0.41967022610407856, 0.2803548164455976, -0.4738836416117238, 0.4761947344904656, -0.04726504895186069], [-0.0552748708883629, 0.37547400629416067, -0.6468205147011898, -0.30506681802755253, -0.6705896577376995, -0.06698411203260274, 0.6432171363046697, -0.015782288290640975, -0.017213128602883855, -0.6195571913227496, -0.21217436808152842, 0.560440000491488, 0.508989884916139, -0.06222495965571137], [-0.6489623974736395, -0.5624872058421664, 0.28102409284265084, -0.12330950600163315, -0.38979077455282374, 0.47219290327396735, 0.4316754563997721, -0.28178601531058595, 0.6067905789331481, 0.1682274340936839, -0.6001355313775711, 0.04102408906283666, -0.06411092781044062, -0.04992269399453471]], "inverted": false, "swapped": false, "error_lsq": 0.042263041833054626, "error_max": 0.23371512473576903, "target": "668.xyz", "model": "20.xyz", "model_rescale": 4.067790424073018, "target_rescale": 3.874949165773475},
{"mapping": [9, 7, 11, 12, 10, 3, 2, 5, 6, 13, 1, 0, 4, 14], "R": [[-0.9015013996749932, 0.38937348270540323, 0.18890081352364224], [-0.22900910980248718, -0.05883178442883047, -0.9716448161588639], [-0.3672193540807744, -0.9191991689001818, 0.1422070106630266]], "T": [0.06077387599216122, 0.00923723779899694, -0.0272399569742865], "aligned_model": [[-0.33962790361873846, -0.11860905068612021, -0.16898685475179634, -0.6537043235155667, -0.07058039001895139, -0.5132754154731034, -0.015069400886341969, 0.6363883065856757, 0.3360114781714658, 0.38710029389381684, 0.288226525603688, -0.3415931137637349, 0.6282837501980536, 0.03204267957225437], [-0.2720097128840716, 0.3271495346166466, -0.5009466355666993, -0.26490666418088943, -0.7151601359238765, 0.061818905457189495, 0.5682622028761949, -0.009161918186248931, -0.03389472894739625, -0.6065683742758788, -0.18855928709233213, 0.5904758299848177, 0.5154977431697577, -0.05556364038167782], [-0.6310846945391597, -0.677945339122957, 0.29672713386169003, -0.06438683212045812, -0.3867970780242723, 0.5984177736143566, 0.4580030927561559, -0.15683787057408446, 0.6582823245647943, -0.09370816135622889, -0.7904220638167024, -0.09594609956418057, 0.2259503629766017, -0.0598230464128915]], "inverted": false, "swapped": false, "error_lsq": 0.04747470551231814, "error_max": 0.2948792928140628, "target": "668.xyz", "model": "21.xyz", "model_rescale": 4.186013935880536, "target_rescale": 3.874949165773475},
{"mapping": [10, 7, 1, 3, 2, 0, 4, 9, 11, 6, 8, 5, 13], "R": [[0.8483305527114668, -0.28449370908381455, 0.4465407067983742], [-0.11320170237505772, -0.9213331989771845, -0.3719280992905177], [0.5172239823477316, 0.26496880185071264, -0.8138002741030208]], "T": [-0.02563513266179766, 0.07503068923294018, 0.005177553032212526], "aligned_model": [[-0.038154507022828174, -0.5336906779720827, 0.3341089261521863, 0.4575865550901705, -0.20940520379903543, 0.6167946388695296, 0.028890573824549754, -0.5593699119191929, 0.5932194464661839, -0.19365748015740583, -0.6299063981746991, 0.2757992446813301, -0.08364117061548054], [-0.3478970170400485, 0.0928731774068966, 0.23597464247121894, -0.48059349742216384, -0.3280169485308284, -0.26087558597510685, -0.6827818844169007, -0.3646092309400343, 0.5919489308166671, 0.6474143354695597, 0.14764656116942598, 0.1773879691197521, 0.09048520741765537], [-0.5701913776124136, -0.46965861612746096, -0.5833648147146655, 0.4030441983018543, 0.4714440057169217, -0.21938092020787758, -0.027181142156596963, -0.0024242933581042694, -0.0770866443137672, 0.16753885601269597, 0.4022087290820247, 0.6250770505553601, -0.01714546984262469]], "inverted": true, "swapped": true, "error_lsq": 0.0430820486658116, "error_max": 0.24340638078972224, "target": "668.xyz", "model": "22.xyz", "model_rescale": 4.166573947596378, "target_rescale": 3.874949165773475},
{"mapping": [5, 13, 4, 0, 1, 8, 9, 12, 3, 2, 6, 10, 14, 15], "R": [[0.9732279568551795, 0.19009030357840967, -0.12920147244114974], [0.10534478092024496, 0.13069384836138073, 0.985810121237025], [0.20427878286390563, -0.9730286709475527, 0.10716988562875675]], "T": [0.08030295836016627, -0.009158550862347195, 0.035580360128244455], "aligned_model": [[-0.2937737355847271, -0.11159399083441968, -0.26689599403597386, -0.6228779036252996, -0.11477881223955738, -0.4883887426240006, 0.1900965117903924, 0.6806422135851322, 0.23623540832520032, 0.3281679202954675, 0.42226944880955036, -0.2788610373946368, 0.34904163852129194, 0.05732365632218063], [-0.05182070740202918, 0.5017549585461709, -0.5543659000780368, -0.404649158154521, -0.5839317876856219, 0.0354946455486269, 0.3642880085596538, 0.14522856339149587, -0.2826660935804077, -0.6347275741374656, -0.39049517820893526, 0.6213415704021853, 0.7025603770451225, -0.05157860558070246], [-0.7055731655653111, -0.6116878112577946, 0.3849445643347112, -0.09043399508202307, -0.3381546929220602, 0.6088821842167467, 0.4926713895339067, -0.17687846604172458, 0.54773790145737, 0.04154667829924393, -0.5272241601277007, -0.14992450326604023, -0.18170620794199796, -0.013770213394662618]], "inverted": false, "swapped": false, "error_lsq": 0.045047545163723425, "error_max": 0.29787198398143844, "target": "668.xyz", "model": "23.xyz", "model_rescale": 4.274766983524099, "target_rescale": 3.874949165773475},
{"mapping": [11, 6, 12, 1, 7, 10, 0, 2, 5, 8, 13], "R": [[0.7105319409120381, -0.08141418794502425, -0.6989392612702652], [-0.7018911401467467, -0.15248459091748384, -0.6957709945924935], [-0.04993183681051511, 0.9849467902044149, -0.16548906954463255]], "T": [-0.011426224640222263, 0.06000023278209079, 0.13848703073284763], "aligned_model": [[0.23910698630810157, 0.23005064861548907, -0.408203127494738, -0.39592172139694276, -0.6006706088465213, -0.6493100294236035, -0.10072581406900678, 0.2548216635007928, 0.6762639205608675, 0.180598491907914, -0.04611570570427765], [-0.23984463960052885, 0.5054019984750195, 0.5606368174965688, -0.26912277623134817, 0.4295702730731264, -0.2253217635641038, -0.6916118348419875, 0.10149835044700023, -0.050152868512928085, 0.680723667831077, 0.11380930667158778], [-0.5716390281274328, -0.21580370756389244, -0.48308724175543716, -0.35703503787839797, 0.1493138514861595, 0.2860322638478573, 0.08298542618337607, 0.722450394774326, 0.16222817830220776, 0.46387834492662144, 0.1402429898261898]], "inverted": true, "swapped": true, "error_lsq": 0.04645538618086285, "error_max": 0.25928321154354556, "target": "668.xyz", "model": "24.xyz", "model_rescale": 3.7841303162186577, "target_rescale": 3.874949165773475},
{"mapping": [11, 7, 12, 13, 14, 3, 4, 8, 2, 9, 10, 6, 1, 15], "R": [[-0.6128770452875165, -0.06776745665066303, -0.787266980876719], [0.6393640861313425, -0.6279819901502361, -0.4436802738598846], [-0.46432240170497585, -0.7752716890652267, 0.4282038246079475]], "T": [0.09080706956984164, -0.006921878991272931, -0.10648144519836528], "aligned_model": [[-0.5548994201322415, 0.03082585410126648, -0.14015213835078588, -0.5768579717984599, -0.02670136390485428, -0.5835684720819102, 0.030592288705014896, 0.6500401055102005, 0.44044710815286037, 0.3515573716564065, 0.22122651523539846, -0.33764118526023884, 0.5408187944768036, 0.04091909500113952], [0.05453829357314442, 0.31422156094129033, -0.5776611225284545, -0.4144140921955759, -0.7783493179551016, 0.14489302104718743, 0.44160158698437935, 0.1078390931392882, -0.18217147429978242, -0.522834341738745, -0.34618137164036994, 0.5726591735817005, 0.5623828107405197, 0.03990929901605458], [-0.5172287464769638, -0.6686866611822191, 0.33633507051826644, -0.09331003739343668, -0.24927653190163004, 0.3072476359421437, 0.4867345555070642, 0.04696598693212342, 0.5383692744965816, -0.017126427041984485, -0.7943396210725531, -0.056039908004385665, 0.05605474000004548, -0.09526982808038831]], "inverted": false, "swapped": false, "error_lsq": 0.04031089330192459, "error_max": 0.2299937115050374, "target": "668.xyz", "model": "25.xyz", "model_rescale": 4.19342608120988, "target_rescale": 3.874949165773475},
{"mapping": [8, 2, 9, 1, 7, 6, 10, 11, 4, 5, 0, 13], "R": [[0.6719645079747347, 0.740582941963161, -0.0007785213305592231], [0.46816387246448354, -0.42397132105614554, 0.7752876288455568], [0.573834722321098, -0.5213302456170139, -0.6316078581395045]], "T": [-0.07125431227609844, -0.0037862407179965352, 0.02591734121109971], "aligned_model": [[-0.12709131460989728, 0.42216690374902777, 0.06628312699799041, -0.3845296402664301, -0.5256881697328497, -0.47710793274229324, -0.06836968504973025, -0.2857427516910356, 0.5052031035994422, 0.2968525431331136, 0.2917806042611961, -0.11594823301675333], [-0.7212434949816997, -0.4160737110493023, -0.48277023253827417, 0.6098845456428047, -0.2039018199812494, -0.2021141550984609, 0.25288997474371944, 0.597580390358849, 0.022200226289434313, -0.048957874175008284, 0.6472364020928176, -0.04195382356264982], [0.1268524659790408, 0.012583638198811982, -0.45353197878531054, -0.1383007984960951, -0.46127030557411236, 0.44801284885665604, -0.6405532021446283, 0.5252225996846024, -0.469382149822879, 0.6158935696738097, -0.11673858365793749, 0.00047035729746306223]], "inverted": true, "swapped": true, "error_lsq": 0.04271252856273385, "error_max": 0.2668445856757578, "target": "668.xyz", "model": "26.xyz", "model_rescale": 3.795458400668931, "target_rescale": 3.874949165773475},
{"mapping": [9, 2, 8, 7, 12, 0, 3, 10, 5, 6, 1, 11, 13], "R": [[0.12236755485707104, -0.020064664289165677, 0.992282011711018], [0.003259839682416544, 0.999798356235172, 0.019814648992428893], [-0.9924794985104461, 0.0008100101303690436, 0.12240828779148104]], "T": [-0.07224339797420083, -0.07397185898037942, -0.03539747724433499], "aligned_model": [[0.05679110473539854, 0.23191729860348048, 0.5857388263822773, -0.14089505097195695, -0.043323942769312854, -0.7179856846408181, -0.24354067709656818, -0.6507144562201354, 0.2631243639582329, 0.35089463811048716, -0.6535287204436263, -0.2875125693716112, -0.05128874745459122], [-0.6260582272750923, -0.6152825542492262, -0.27082590008183893, -0.07707220034411277, 0.5834815627924657, -0.15447441027085812, -0.5579056466506388, -0.32612281690845035, -0.0519255310672675, 0.3711993383883547, 0.3210890426748393, 0.5956292050882798, -0.06985035883954], [-0.4313325743509474, 0.132209933381982, -0.27279684723103603, -0.7276297485746355, -0.6365148868429668, 0.3551300933882001, 0.6256506564377103, -0.3698599041425568, 0.5750593249140937, -0.10605544136914992, -0.12334701069396396, 0.3674008042796222, -0.09577773709692573]], "inverted": false, "swapped": true, "error_lsq": 0.05695815105238027, "error_max": 0.3767707712604545, "target": "668.xyz", "model": "27.xyz", "model_rescale": 3.6321398670334006, "target_rescale": 3.874949165773475},
