[{"mapping": [12, 9, 7, 2, 1, 8, 5, 8, 6, 4, 3, 5, 0, 13], "R": [[-0.7480245643029733, -0.1650042614023516, 0.6428318947581952], [-0.6636477565351021, 0.19408365901738034, -0.7224286736753679], [-0.005559356552061467, -0.967008338651477, -0.254684052373205]], "T": [-0.11093966108110612, 0.012082021389059769, 0.0038681850792018774], "aligned_model": [[-0.4439343341599298, 0.15167280234058375, 0.2861203815634259, 0.576977728535704, -0.46490252115209385, 0.10611558068489022, -0.5463611490586856, 0.10611558068489022, 0.3258646596252578, 0.7450773033811522, 0.10498638696644061, -0.5463611490586856, 0.0781079941571858, -0.06433168952048988], [-0.454061494340385, -0.6630379405070124, -0.28813153501846533, -0.0016117874878372046, 0.0005992550644848965, 0.25430504581397245, 0.617318661285044, 0.25430504581397245, 0.6212183914768807, 0.12741477085298353, 0.3696512809117706, 0.617318661285044, -0.43453743254022015, -0.057146672557510325], [0.08720232225074802, -0.10563479601841123, -0.5649987814074602, 0.3471470659777223, 0.4595243637829185, -0.7066204918770556, -0.12457634760478091, -0.7066204918770556, -0.14680083043539727, -0.40520092896510335, 0.318066326729787, -0.12457634760478091, 0.6040385625566664, -0.13604231194248745]], "inverted": false, "swapped": false, "error_lsq": 0.061268192252907416, "error_max": 0.47034807282299346, "target": "67.xyz", "model": "0.xyz", "model_rescale": 3.8414455957264533, "target_rescale": 4.032397636049679},
{"mapping": [5, 6, 10, 9, 4, 11, 0, 12, 13, 8, 7, 1, 2, 14], "R": [[0.6571270320080994, 0.4326838596135666, 0.6172266532110662], [-0.7174786900065852, 0.6100877330546786, 0.33618043869719394], [-0.23110255989638165, -0.6637602244832924, 0.7113465900693056]], "T": [0.008561369471369009, 0.05148904878312448, -0.03673410650756356], "aligned_model": [[-0.26053180247168817, 0.3243778198903143, -0.006088740871475571, 0.5877940484685574, -0.41527574646977544, -0.1262895528600775, -0.2600994086036631, 0.18601162766772694, 0.4660925367229378, 0.683155545473911, 0.10050316439600657, -0.718499712230279, -0.09060644032954632, -0.055395763793303424], [-0.5498078108087001, -0.652135949100681, -0.4060578750305947, 0.13422187641395456, 0.07140775160434032, 0.6214239269980149, 0.6864581339680602, 0.1516582232225011, 0.6389685255807781, -0.01880897487692164, 0.3205232719188047, 0.3163597757216379, -0.4009870791261414, 0.05038045356766893], [-0.055541988927641756, 0.08655014139716767, -0.5454751872017956, 0.31419959493387517, 0.30353428649537717, -0.6558099221154017, 0.1872145855866098, -0.7721027801844156, -0.1794929800471857, -0.44205284907138087, 0.5395664186205492, -0.4236754103956789, 0.5377533405180069, -0.09975993604277604]], "inverted": false, "swapped": false, "error_lsq": 0.03904922318073008, "error_max": 0.19855565803959976, "target": "67.xyz", "model": "1.xyz", "model_rescale": 4.316132596720782, "target_rescale": 4.032397636049679},
{"mapping": [4, 0, 12, 8, 10, 6, 3, 5, 1, 11, 2, 13], "R": [[0.2138417570156386, 0.8953849594065397, 0.39058606916403704], [-0.5949763453324475, -0.19773762834236333, 0.7790397800063753], [0.774774064777151, -0.39898070731062507, 0.49044830894050845]], "T": [0.014713049222560316, 0.005045541154287752, -0.11785234362654073], "aligned_model": [[-0.10483094410804705, 0.5917745334532339, 0.0456952163658618, -0.5409723253662287, -0.46406212281151804, -0.5303069720837326, -0.18953182663624377, -0.26119489769279824, 0.5242618988478203, -0.05761106267939008, 0.5765875132076547, 0.007999544135168443], [-0.5773815439535483, -0.1447469537746906, -0.5709213883595768, 0.42034259167736027, -0.160945771801271, -0.10765547476910636, 0.20050595669669835, 0.5599937900272813, -0.0401725456127358, -0.1013639339392489, 0.4780742794285152, 0.05704742212130334], [0.056425783080591624, 0.04913084058173489, -0.6127282424734535, -0.0047697387312886225, -0.29610705511786795, 0.4155975860692609, -0.7484817476240463, 0.5921158261196113, -0.6526401946052155, 0.7633481255396587, -0.1335123441929224, 0.020879622563357736]], "inverted": true, "swapped": true, "error_lsq": 0.0509815503654149, "error_max": 0.30574423076499785, "target": "67.xyz", "model": "2.xyz", "model_rescale": 3.795458400668931, "target_rescale": 4.032397636049679},
{"mapping": [6, 8, 5, 2, 4, 0, 7, 10, 9, 1, 11, 13], "R": [[0.40906658639040017, -0.5566958854175252, 0.72301744035542], [-0.848152120734617, -0.5242409698394594, 0.0762193258639493], [0.3366043790450107, -0.6444075548137072, -0.6866122597993296]], "T": [0.24819547789096855, 0.05993615670776404, 0.015101863698992253], "aligned_model": [[-0.25014385579617127, -0.10286984015481596, -0.660344830382855, 0.13105576050235038, 0.32749805288000383, 0.23757440792584253, -0.25828624223750707, 0.41729963405435455, 0.34229262080228173, 0.8110674912048506, -0.502835684125795, 0.10099631107102533], [0.015752424426978037, -0.5159949750953845, -0.19042402287085813, 0.0866017984824631, 0.4461245718569317, 0.5868623797433664, -0.3247800665068689, -0.1997428605053871, -0.5314941720616099, 0.18698097544469564, 0.4478750977589312, 0.07800789461645179], [-0.5714327698984879, -0.18264045630433598, 0.010428013678133237, 0.7398580753235923, -0.4628673307705559, 0.3399973550160026, 0.42842548674662495, -0.42367383741640574, 0.5809340453944402, 0.4784780194728544, -0.26511874958037884, 0.016383578977617573]], "inverted": false, "swapped": true, "error_lsq": 0.048009790648650984, "error_max": 0.27304994425437273, "target": "67.xyz", "model": "3.xyz", "model_rescale": 3.7530521520055578, "target_rescale": 4.032397636049679},
{"mapping": [2, 11, 5, 6, 7, 4, 9, 0, 1, 10, 13], "R": [[0.3397253925458999, 0.9284124248783149, 0.1504560633244852], [-0.4564839650399878, 0.022897162669418603, 0.8894369621300102], [0.8223193098309836, -0.37084510145511906, 0.43158413247689864]], "T": [-0.07626164323631006, 0.08585973407704449, 0.1499823621050016], "aligned_model": [[-0.49069360100898923, -0.005758755367400489, 0.36208343135128496, 0.4359954556077284, 0.11099853697459865, -0.11173404582796703, 0.017633092093657363, -0.6664378218261018, -0.59681653540839, 0.3341298765773523, -0.05120003072056832], [-0.5189549590677544, 0.14286498100323874, -0.4244253837453268, 0.3021990456753904, -0.6312514865545115, 0.6644925611796364, -0.5752210815079132, 0.061424975553494174, 0.030804679940208343, 0.38770134612782803, 0.02756867971005593], [0.1963469548720111, -0.7359339799024394, -0.5100254032014042, -0.3839718841075136, -0.011423476543264227, -0.0686742209443624, 0.632647979149964, -0.03553354753332788, 0.6731212502880436, 0.32034657548752055, 0.015930529680089095]], "inverted": false, "swapped": true, "error_lsq": 0.06048221904692233, "error_max": 0.3368711303311228, "target": "67.xyz", "model": "4.xyz", "model_rescale": 3.7855080009869324, "target_rescale": 4.032397636049679},
{"mapping": [12, 0, 2, 5, 6, 15, 8, 9, 10, 3, 7, 13, 4, 16], "R": [[-0.012315748781530134, -0.12345137292195044, 0.992274196407241], [-0.4231898022947743, -0.8984509567392249, -0.11703106240687247], [0.9059573464383741, -0.42136164616402494, -0.04117826582413303]], "T": [-0.0708450956564594, 0.012459667817415913, -0.10832380921809974], "aligned_model": [[-0.555910853318129, 0.39137812825647084, 0.23416623373520656, 0.6519460528521196, -0.43635549117097, -0.19976436932929142, -0.306927496326298, 0.33581791860912974, 0.3701200812564814, 0.5687157955654285, 0.15911704879771305, -0.7580155917389418, 0.02716878944488542, -0.06630867164415895], [-0.3821885558965079, -0.5608229599015194, -0.4605733857157603, 0.004366493946043819, 0.10552577767324128, 0.6430857376063414, 0.6716112492450003, 0.17135768067323082, 0.592458626651756, -0.11297959996598819, 0.3456672564550002, 0.22494222738529757, -0.28454685704093163, 0.005700558937518422], [-0.3767064712395279, 0.14891266438493173, -0.5868564693224017, 0.25583371273310274, 0.42442183180967247, -0.6231137544036082, -0.0369503774728035, -0.6707210296841516, -0.119056682808378, -0.34841433780402314, 0.5221201509149745, -0.19501585077114592, 0.5618859985169529, -0.16143207128828493]], "inverted": true, "swapped": false, "error_lsq": 0.03729593854019554, "error_max": 0.2999097381454097, "target": "67.xyz", "model": "5.xyz", "model_rescale": 4.2253639853439635, "target_rescale": 4.032397636049679},
{"mapping": [6, 7, 3, 0, 11, 10, 8, 4, 1, 0, 9, 5, 12, 13], "R": [[0.5651340953560215, -0.1769567440918796, -0.8057975955452658], [-0.5482601832606171, 0.6492885226348888, -0.5271007359372946], [0.6164691603942286, 0.7396693349700283, 0.2699167449192996]], "T": [-0.04169603349266142, 0.13242926089430757, -0.13579204326921646], "aligned_model": [[-0.3632312101684421, 0.21666178783845624, 0.13986498707436962, 0.7203303876852726, -0.6145293605391426, -0.3466826704964839, -0.2937250368932896, 0.31063462174520423, 0.4017068370071369, 0.7203303876852726, 0.26088036434093576, -0.6538561914356903, -0.053414881868094996, -0.029822446985858574], [-0.4218569474019254, -0.5922933424955674, -0.44977106886761414, -0.056911043461890326, -0.07372777130269739, 0.690409136630284, 0.7532784777235066, 0.16231546397286317, 0.681656629454886, -0.056911043461890326, 0.4043055083101947, 0.23056804986668394, -0.3914206564102745, 0.08396285749616303], [-0.19146876709316762, 0.057649421571575654, -0.4978525969534163, 0.02708408113105082, 0.34888831151501676, -0.5876261764551696, 0.1754835693414521, -0.7488835832954421, -0.3369113462086108, 0.02708408113105082, 0.3193203132434176, -0.26373728771732363, 0.6367283106385411, -0.17085101728366475]], "inverted": false, "swapped": false, "error_lsq": 0.050298733825054606, "error_max": 0.39594527755299824, "target": "67.xyz", "model": "6.xyz", "model_rescale": 3.89814844738969, "target_rescale": 4.032397636049679},
{"mapping": [0, 11, 4, 2, 12, 6, 7, 1, 9, 8, 10, 3, 13], "R": [[0.3148418868177009, 0.5022320656344529, -0.8053803688653087], [0.16199393073397503, -0.8645168165054404, -0.47578213541983133], [-0.9352179172312869, 0.01932941354126448, -0.3535446521469738]], "T": [-0.006059898240871574, 0.07928015623835476, -0.05707560871932339], "aligned_model": [[0.18899762031222442, -0.23313265001902092, 0.44086080103290687, -0.31918165122188213, 0.7006016101009748, -0.200861815341391, -0.7435990279294249, 0.32637825498073914, -0.47676651945793275, -0.5379044699615548, 0.11138609906946029, -0.00443780447150826, -0.10370864618936843], [-0.37071500680267777, 0.3866277286877117, 0.4036594279267942, -0.5843754465484168, 0.10382141012100064, 0.7434136855291061, -0.09790504375214494, -0.5055922392309352, -0.3054588457589486, 0.4972840523073172, 0.5291616624107, 0.06087343791388433, 0.10298644266709478], [-0.43493543672896245, -0.861465722731302, -0.3380113983878892, -0.0920090429823547, 0.22154096171387727, -0.3966283122472228, -0.05993212418931389, 0.2512941472236102, 0.49900113150552095, 0.13386848162482234, 0.21193478442880653, 0.6337736874930748, -0.1661561258863716]], "inverted": true, "swapped": true, "error_lsq": 0.0515176183495805, "error_max": 0.28940503747010937, "target": "67.xyz", "model": "7.xyz", "model_rescale": 3.7474275329858107, "target_rescale": 4.032397636049679},
{"mapping": [11, 10, 12, 6, 9, 2, 8, 1, 3, 0, 5, 4, 7, 14], "R": [[-0.7809585397645736, 0.005444175340333812, -0.6245591406133201], [0.3288889962485177, -0.8465125979146232, -0.41862686215588035], [-0.5309762587116563, -0.5323408518296333, 0.6593007129966363]], "T": [-0.02252928137036581, 0.0030251334952836606, -0.17816052518730857], "aligned_model": [[-0.3213316825182533, 0.38421481708755517, -0.13618241549750024, 0.6334742354191701, -0.47649575354741397, -0.07514100873233592, -0.35181179399287177, 0.30072310253497814, 0.37688934960473347, 0.6230224126264513, 0.06625955057807978, -0.6321073230910816, 0.07441929686513282, -0.050785212346998385], [-0.4829390993780892, -0.6064273957635453, -0.49375263436694994, 0.04926024815224236, -0.03827264427757232, 0.6993215182359237, 0.5632959299538038, 0.16175010632369097, 0.5671865212572784, 0.034427681342333705, 0.317524232148426, 0.4240688056578892, -0.25699251077319474, 0.025153491540485462], [0.06889381099386085, 0.01777367968241711, -0.5259211228119561, 0.3060499647136886, 0.43220770447290874, -0.6482592877797565, 0.028914285867221112, -0.837793831919152, 0.012420750842237427, -0.3065744184914023, 0.4591999099586765, -0.42987997820850704, 0.4438277622998464, -0.2259519160547726]], "inverted": false, "swapped": false, "error_lsq": 0.048612106005087675, "error_max": 0.3238611785036934, "target": "67.xyz", "model": "8.xyz", "model_rescale": 4.019505241142653, "target_rescale": 4.032397636049679},
{"mapping": [8, 10, 6, 5, 7, 11, 4, 9, 2, 1, 12, 0, 13], "R": [[0.7657345471082395, 0.08129900081885305, 0.6379977083272288], [0.5973712144967878, 0.27767787248431386, -0.7523580472243374], [-0.23832380379553475, 0.9572280144241714, 0.16406185707222198]], "T": [-0.053705452881301005, 0.021898550787078364, 0.07284288325795135], "aligned_model": [[-0.2142852321224996, -0.4462193346841343, 0.14479898583066314, 0.44667529998392486, 0.16428478930635843, 0.6784058456179498, 0.02573386986985028, -0.37121627115259803, 0.21752673553578739, -0.2746125647884166, -0.4856530714362067, 0.36869400562862686, 0.06556771415187061], [-0.43968973407762457, 0.15081771281647782, 0.08018527241277693, -0.5658789840237731, -0.7037885124261497, 0.10702321306247978, 0.5894374187776633, -0.659852813395956, -0.4028227518070937, 0.11806560266116745, 0.6067645258999578, 0.21594166876711807, -0.03282439055298502], [-0.43232633691431127, -0.2704736263298295, -0.6697982252198311, -0.4677902898683927, 0.037839123545912054, -0.4269919483545101, -0.1626862414336463, 0.40931297353317214, 0.6073980733167241, 0.7725819039809554, 0.2940961314015004, 0.48180143585588286, 0.0037405205302533107]], "inverted": true, "swapped": true, "error_lsq": 0.058861567400466566, "error_max": 0.3441970367733043, "target": "67.xyz", "model": "9.xyz", "model_rescale": 3.877068213659057, "target_rescale": 4.032397636049679},
{"mapping": [4, 1, 7, 0, 3, 14, 6, 9, 10, 8, 12, 13, 5, 15], "R": [[-0.14876692416231482, 0.6598164336829713, -0.7365532405177303], [0.48636358174345773, 0.6973456982870431, 0.5264593464211946], [0.8609987622691214, -0.27991293453937005, -0.42465265859122964]], "T": [-0.002688165929736825, 0.11726900441893058, -0.12949839683451275], "aligned_model": [[-0.39485238022555114, 0.29054572980523163, 0.11352267811788214, 0.6299444571407316, -0.46343970899536796, -0.18094315578447798, -0.29330651283091425, 0.27038854343596, 0.19813615797142864, 0.6398140234421086, 0.19959498143107451, -0.6808101313633574, 0.018984242931342026, 0.06756864991355546], [-0.4324620242725333, -0.6502973908224952, -0.6113007271643788, -0.04931543612179766, -0.01336660821097839, 0.6555822683008216, 0.5755925065888698, 0.31541598083165207, 0.7906334886527087, -0.1403418397350753, 0.36848092989975983, 0.3586843189139483, -0.3058623600835842, 0.10216114327580415], [-0.1752554166734691, 0.14936056660688674, -0.47873721965232735, 0.3241442202447267, 0.28691929611773587, -0.6661225997543003, 0.16339257081037117, -0.6967833256314553, -0.22676422722780165, -0.4703070314592002, 0.5444224534910642, -0.4114695689202181, 0.5273772362277345, -0.07526964061443749]], "inverted": false, "swapped": false, "error_lsq": 0.0374750745035391, "error_max": 0.22829477413626142, "target": "67.xyz", "model": "10.xyz", "model_rescale": 4.260839863003843, "target_rescale": 4.032397636049679},
{"mapping": [6, 10, 3, 8, 2, 7, 11, 4, 12, 1, 0, 13], "R": [[-0.7739643503186253, 0.11335772461806948, 0.6230001691053402], [-0.6271032466338279, -0.2737306341381072, -0.7292551391630109], [0.08786752811580023, -0.9551029086982008, 0.28294474955202015]], "T": [-0.008801237113614458, 0.006032165322099383, -0.0009885072531079647], "aligned_model": [[0.37401948780747135, 0.16984945274433533, -0.3666546697762808, -0.25427189242362375, -0.5516778769643632, -0.6072487410209964, 0.4014427997586434, 0.6095966523344145, 0.3495765246461859, -0.23988974289439755, 0.0826980912751047, -0.008541436392363214], [0.019962753325542683, -0.46616938395998614, -0.565135216453279, -0.22141563456751456, 0.43427593064769643, 0.28000094060579805, 0.5900917496193946, -0.027426864667958684, -0.41793041785278207, -0.0546825628274092, 0.49073443432264413, 0.11077277734078783], [-0.6699962810465858, -0.18446371367268033, 0.15172996337911393, -0.6190962704643386, 0.2471980505893731, -0.378040781924176, -0.533569254757223, 0.017706007865876935, 0.5180693525060733, 0.6994360606779586, 0.37319422251675705, -0.10598927827464398]], "inverted": false, "swapped": true, "error_lsq": 0.04663193737168922, "error_max": 0.2749409490753629, "target": "67.xyz", "model": "11.xyz", "model_rescale": 3.890672605050136, "target_rescale": 4.032397636049679},
{"mapping": [12, 10, 10, 11, 5, 3, 8, 4, 0, 2, 6, 7, 9, 13], "R": [[0.14222074758048942, 0.6945686732748124, -0.7052287693102954], [0.22920630463332498, -0.7162154149177352, -0.659166101487745], [-0.9629318402015703, -0.06789578440141658, -0.26106021065366175]], "T": [0.12260053125456814, 0.1998027317962199, 0.04392991159840319], "aligned_model": [[-0.30585334173608836, 0.2804128521019565, 0.2804128521019565, 0.5343130342905329, -0.5795941367178907, -0.22991133833296473, -0.30538769726051596, 0.2252722266595928, 0.274861712722606, 0.6323427983068489, 0.2897634852286081, -0.6427715064117605, -0.05919942306742722, 0.020486057104192032], [-0.37152405877381667, -0.6099031532009644, -0.6099031532009644, -0.13616641230520152, 0.004971439118097887, 0.7341876317504487, 0.7706524068544123, 0.11439374090171903, 0.6892044098906758, -0.11607796621651564, 0.46492260729921586, 0.13203748161265141, -0.2533046483453766, 0.15011392466834042], [-0.1685439075919168, -0.3010514728736428, -0.3010514728736428, 0.1866874436269138, 0.31584092185631785, -0.6218262873985319, 0.1446660549463064, -0.6439805993419243, -0.24932265845598456, -0.3380993274266698, 0.5274858467015785, -0.3256342710579409, 0.6501170895320351, -0.08038004607758759]], "inverted": false, "swapped": false, "error_lsq": 0.055387696079161615, "error_max": 0.40540090640041043, "target": "67.xyz", "model": "12.xyz", "model_rescale": 4.124412569039231, "target_rescale": 4.032397636049679},
{"mapping": [7, 11, 0, 8, 2, 9, 6, 3, 4, 10, 1, 12, 13], "R": [[0.05071457711405292, -0.9979099338774233, 0.040047416107655984], [-0.9194087805956455, -0.03099038999595094, 0.3920804635422783], [-0.39001990440459794, -0.05670414091277484, -0.919058819973767]], "T": [0.12940691971712903, 0.1612181754750358, -0.022656369462861585], "aligned_model": [[-0.10153849138720183, -0.31497322130602134, 0.5831210738306745, -0.4864486789100744, 0.5299002239821959, 0.2585528557589757, -0.5646153360557108, 0.2018001039288714, 0.06162375374504951, -0.17130301414022708, 0.8246093408066434, 0.4967097354887594, 0.04985996176782323], [-0.3492881640178318, 0.6947936951379162, 0.41569871316799356, -0.17752025578386532, -0.2128608451242463, -0.650491321867462, 0.4899884908037487, -0.34130395542307, 0.7412536745390554, 0.17914705246754686, -0.03516799762950365, 0.406714415279846, 0.1865218749583493], [0.48863045515273246, 0.5349200607164909, 0.31305817329694224, -0.017787276864658856, 0.4666025964395675, 0.0344328857645222, 0.044874055961317195, -0.49153260407296756, -0.22965686099257165, -0.467409800648187, -0.1833075935612695, -0.6410576886739348, 0.09993167844985612]], "inverted": false, "swapped": true, "error_lsq": 0.04655834533193485, "error_max": 0.2929789415000201, "target": "67.xyz", "model": "13.xyz", "model_rescale": 3.9028299243045295, "target_rescale": 4.032397636049679},
{"mapping": [6, 9, 11, 10, 3, 8, 0, 12, 5, 14, 4, 2, 7, 15], "R": [[-0.46082105502706294, -0.23668749510493237, -0.8553496272897403], [-0.7141755669239325, 0.6710618856578033, 0.19907085478862374], [0.5268749518174352, 0.7026058463166573, -0.4782758721376497]], "T": [-0.008717116686423314, 0.10260337081105536, -0.1544168607014152], "aligned_model": [[-0.39017217810849986, 0.1868769520616886, 0.21274921574963804, 0.6000900363801425, -0.43830327540301206, -0.1627578451806285, -0.48412186578474536, 0.2380260698174649, 0.2647788646789085, 0.7479605420706057, 0.08310259012357045, -0.658214932989746, 0.19688755057883492, 0.018245850995423866], [-0.429068764885751, -0.624727064212302, -0.4243636345984925, 0.061864758621051924, 0.08253992646054592, 0.777112580593039, 0.7080907714785603, 0.2317980087149362, 0.5347682553805237, -0.3317213818301416, 0.4530886112546977, 0.27921260044974283, -0.36140839658687435, 0.006417979213185612], [-0.027039317593088086, 0.028828480366113685, -0.6225142086376536, 0.2734228498220354, 0.2969617339152004, -0.4976601263919199, 0.15314084349797358, -0.7921212078809516, -0.17755329035736728, -0.3022396693748307, 0.41837674222654847, -0.4529324150355722, 0.5959482213434268, -0.09971132233460549]], "inverted": true, "swapped": false, "error_lsq": 0.04138682885039674, "error_max": 0.234156378945388, "target": "67.xyz", "model": "14.xyz", "model_rescale": 3.942246331269136, "target_rescale": 4.032397636049679},
{"mapping": [8, 6, 11, 9, 0, 3, 1, 4, 5, 10, 2, 12, 7, 14], "R": [[0.8538258219203474, 0.48512964042902307, -0.18876095411723812], [0.23798746950330535, -0.6862808027676062, -0.6872995155767707], [-0.4629723859815579, 0.5419113319814017, -0.7014190459979587]], "T": [0.047969757766297125, 0.04990843866827509, -0.19968315383286422], "aligned_model": [[-0.3767950140743109, 0.2375185005030117, 0.07457388337649294, 0.713772248552996, -0.4093271182221917, -0.013355324573805054, -0.3889082382175302, 0.22150910099504134, 0.19203605620490288, 0.6944357438625866, 0.03195568676083789, -0.6573308598786112, 0.11574163886719173, -0.02067872916696646], [-0.5510927893430051, -0.4457952523369592, -0.560920687231507, -0.03422958503089303, 0.05701314271563336, 0.6921631006255553, 0.7199854667404713, 0.1312106326321527, 0.5967454500508844, -0.06142945477719999, 0.3066535261275793, 0.34743942774583986, -0.31717884562564813, 0.08304011775981805], [0.03950994560756843, -0.023222069768589787, -0.5742375879403451, 0.24505288289295296, 0.37611765656933177, -0.516378771059826, -0.07016161564053564, -0.7537030330168162, 0.08840319229525212, -0.4801936141491206, 0.5189777037591106, -0.4862186794679681, 0.5694939427910521, -0.13853263930675688]], "inverted": false, "swapped": false, "error_lsq": 0.046165640557919774, "error_max": 0.26628272374483947, "target": "67.xyz", "model": "15.xyz", "model_rescale": 4.355366556412066, "target_rescale": 4.032397636049679},
{"mapping": [4, 0, 12, 8, 10, 6, 3, 5, 1, 11, 2, 13], "R": [[0.2138417570156386, 0.8953849594065397, 0.39058606916403704], [-0.5949763453324475, -0.19773762834236333, 0.7790397800063753], [0.774774064777151, -0.39898070731062507, 0.49044830894050845]], "T": [0.014713049222560316, 0.005045541154287752, -0.11785234362654073], "aligned_model": [[-0.10483094410804705, 0.5917745334532339, 0.0456952163658618, -0.5409723253662287, -0.46406212281151804, -0.5303069720837326, -0.18953182663624377, -0.26119489769279824, 0.5242618988478203, -0.05761106267939008, 0.5765875132076547, 0.007999544135168443], [-0.5773815439535483, -0.1447469537746906, -0.5709213883595768, 0.42034259167736027, -0.160945771801271, -0.10765547476910636, 0.20050595669669835, 0.5599937900272813, -0.0401725456127358, -0.1013639339392489, 0.4780742794285152, 0.05704742212130334], [0.056425783080591624, 0.04913084058173489, -0.6127282424734535, -0.0047697387312886225, -0.29610705511786795, 0.4155975860692609, -0.7484817476240463, 0.5921158261196113, -0.6526401946052155, 0.7633481255396587, -0.1335123441929224, 0.020879622563357736]], "inverted": true, "swapped": true, "error_lsq": 0.0509815503654149, "error_max": 0.30574423076499785, "target": "67.xyz", "model": "16.xyz", "model_rescale": 3.795458400668931, "target_rescale": 4.032397636049679},
{"mapping": [0, 11, 4, 2, 12, 6, 7, 1, 9, 8, 10, 3, 13], "R": [[0.3148418868177009, 0.5022320656344529, -0.8053803688653087], [0.16199393073397503, -0.8645168165054404, -0.47578213541983133], [-0.9352179172312869, 0.01932941354126448, -0.3535446521469738]], "T": [-0.006059898240871574, 0.07928015623835476, -0.05707560871932339], "aligned_model": [[0.18899762031222442, -0.23313265001902092, 0.44086080103290687, -0.31918165122188213, 0.7006016101009748, -0.200861815341391, -0.7435990279294249, 0.32637825498073914, -0.47676651945793275, -0.5379044699615548, 0.11138609906946029, -0.00443780447150826, -0.10370864618936843], [-0.37071500680267777, 0.3866277286877117, 0.4036594279267942, -0.5843754465484168, 0.10382141012100064, 0.7434136855291061, -0.09790504375214494, -0.5055922392309352, -0.3054588457589486, 0.4972840523073172, 0.5291616624107, 0.06087343791388433, 0.10298644266709478], [-0.43493543672896245, -0.861465722731302, -0.3380113983878892, -0.0920090429823547, 0.22154096171387727, -0.3966283122472228, -0.05993212418931389, 0.2512941472236102, 0.49900113150552095, 0.13386848162482234, 0.21193478442880653, 0.6337736874930748, -0.1661561258863716]], "inverted": true, "swapped": true, "error_lsq": 0.0515176183495805, "error_max": 0.28940503747010937, "target": "67.xyz", "model": "17.xyz", "model_rescale": 3.7474275329858107, "target_rescale": 4.032397636049679},
{"mapping": [1, 11, 3, 12, 2, 4, 6, 8, 5, 10, 9, 0, 7, 13], "R": [[-0.827555234592232, 0.08962709677394379, 0.5541834689187961], [0.38160928045039977, -0.6342104588145275, 0.6724220780167727], [0.41173619074976175, 0.7679479653297747, 0.49064165311634034]], "T": [0.045413271865204594, 0.012947115385078714, -0.07457750748785386], "aligned_model": [[-0.38992337202624305, 0.34658596313556705, 0.06069379190900302, 0.6364454271927565, -0.5848958540802126, -0.05862158979458741, -0.36803605345114726, 0.08461880095560839, 0.5905503297984246, 0.6406912671833176, 0.1012523533834117, -0.6735741968582966, 0.08476239377345332, -0.0554016861314095], [-0.5238903034462119, -0.6373621067348911, -0.4461221191860539, 0.11652907685273452, 0.0652409852325175, 0.7766659940708517, 0.6224443686359622, 0.1906738552478085, 0.47063038401536594, -0.11010987898989766, 0.514187819983867, 0.19206113246328615, -0.3117441554833175, 0.044399197390700564], [-0.10296780578788939, 0.015586717483810686, -0.574188481032971, 0.37172809626464376, 0.247615727599393, -0.38301882106140783, 0.15470739200492492, -0.77008493638075, -0.20330804137202307, -0.401595022139443, 0.36515413668230196, -0.46202760683685284, 0.6039845805064672, -0.06667862236489437]], "inverted": false, "swapped": false, "error_lsq": 0.05246337056566016, "error_max": 0.35067270724370314, "target": "67.xyz", "model": "18.xyz", "model_rescale": 3.922800546911778, "target_rescale": 4.032397636049679},
{"mapping": [8, 5, 1, 3, 13, 10, 11, 2, 9, 0, 7, 4, 12, 14], "R": [[0.008604634209825712, -0.8581380571318373, 0.5133468955512549], [-0.9873331634972062, -0.08862511675164675, -0.13160096101228236], [0.158427221552088, -0.5057120362249181, -0.8480307493767743]], "T": [-0.04532491271454041, -0.01978357714725343, -0.13485268472036366], "aligned_model": [[-0.44226808365117487, 0.254162499701953, 0.13645753383648773, 0.519171987155906, -0.5202964608173242, -0.24687197562560415, -0.33598969601740775, 0.39237678631800565, 0.35805404692167314, 0.7368961166505238, 0.15307863399927207, -0.6992995473851503, 0.11999474564176456, -0.010319011739278822], [-0.48448800588968144, -0.7021600425677943, -0.3760966363785736, 0.05386487175600341, 0.09327102529868148, 0.586589495935234, 0.6019944703114626, 0.33376739958613233, 0.6837339559712273, -0.2982539845130321, 0.4538362506588049, 0.2501419803949228, -0.2760086030251908, 0.043412072514525196], [-0.10524581093128633, 0.030081755073021132, -0.7577324242230916, 0.1568121907718783, 0.34829784273337105, -0.6270834486266132, 0.055277944623592645, -0.5781899065985607, -0.20620870361629928, -0.22986388994098483, 0.4771369478870812, -0.2875763229861961, 0.5901522747394448, -0.07095113534004699]], "inverted": true, "swapped": false, "error_lsq": 0.03887120012846391, "error_max": 0.23461737005666894, "target": "67.xyz", "model": "19.xyz", "model_rescale": 3.9282355846067225, "target_rescale": 4.032397636049679},
{"mapping": [7, 12, 2, 10, 8, 3, 4, 1, 0, 10, 11, 6, 9, 13], "R": [[0.04288662003749055, 0.8118936698919823, -0.5822279679052603], [0.9605271448605837, 0.1268198202455606, 0.2475971267580854], [0.2748605861300154, -0.5698643715676676, -0.7744070352276328]], "T": [-0.14870274789222215, 0.04725105424228937, -0.10734289005078539], "aligned_model": [[-0.28652255065113297, 0.1298944315478412, 0.2717412283644499, 0.6806716199746218, -0.5952575903127588, -0.26505665324221883, -0.25844370669158107, 0.255908557103262, 0.34076591598439865, 0.6806716199746218, 0.2877507270286619, -0.761145754443229, -0.048386589204577, -0.017443680442713633], [-0.5433235521994242, -0.6553946234306721, -0.31301034395430344, -0.18455999775797657, 0.1891608989933546, 0.6637413349061547, 0.6200042416127524, 0.32745687328925793, 0.677713510949889, -0.18455999775797657, 0.37755228799973084, 0.07017361954175293, -0.17997426858678098, 0.09862426644696397], [-0.2499090591559866, 0.2818447363238356, -0.717387804920824, -0.08212101289090389, 0.4918832340473583, -0.5229828444564579, 0.13612898359909836, -0.6723873017112153, -0.16332954883564582, -0.08212101289090389, 0.35501263390643073, -0.33368814355507137, 0.538203503486631, -0.18423904938103552]], "inverted": true, "swapped": false, "error_lsq": 0.05692710885452745, "error_max": 0.35581148192019646, "target": "67.xyz", "model": "20.xyz", "model_rescale": 4.067790424073018, "target_rescale": 4.032397636049679},
{"mapping": [0, 2, 8, 6, 12, 1, 10, 5, 13, 4, 11, 9, 3, 14], "R": [[0.9397105457792835, 0.2843076268761564, -0.19003490061367573], [-0.06172081296582552, -0.40557343912593036, -0.9119762753067664], [-0.33635491879566587, 0.8687228319640354, -0.36357393997142806]], "T": [0.05008667954976981, 0.03170875049230993, -0.1157424705607725], "aligned_model": [[-0.27671892573935886, 0.32531345252070054, 0.06651566449532036, 0.6948629526653098, -0.5382303108906561, -0.26702307939134623, -0.31337307417974164, 0.4116979438147634, 0.23090345432882298, 0.6727186680055648, 0.053722794981934316, -0.6549592345775421, 0.005524365020594085, 0.004192903935280441], [-0.5976306882407014, -0.634683068836911, -0.15756082085089743, -0.03506268791453706, 0.09876047916403602, 0.4797796810191809, 0.7606322967955632, 0.2411916001644448, 0.7080413905896614, -0.34761479379979776, 0.3539913732586285, 0.34217061813659777, -0.3407748634243542, 0.09236373399180803], [-0.15559214719413367, 0.06836102780368264, -0.6533994379128854, 0.24113570940500653, 0.37046844184138716, -0.7256432356692532, -0.02711802349767095, -0.5326601484155267, -0.1174626376007247, -0.44878233369060117, 0.4447510117443966, -0.21857041997188367, 0.6478118327721367, -0.09839232604862036]], "inverted": true, "swapped": false, "error_lsq": 0.041433959018009704, "error_max": 0.28890298386702745, "target": "67.xyz", "model": "21.xyz", "model_rescale": 4.186013935880536, "target_rescale": 4.032397636049679},
{"mapping": [8, 3, 7, 11, 4, 5, 6, 10, 2, 1, 12, 0, 13], "R": [[-0.40919339364000873, 0.04836353191516857, -0.911165042888534], [0.4359436880480742, -0.8668855304854186, -0.2417903593736899], [-0.8015696273265452, -0.4961556669188666, 0.33364005564661825]], "T": [-0.06824875487438398, 0.029348304360808354, 0.05087010147639752], "aligned_model": [[-0.004348961373299098, -0.5508516229912422, 0.4555546894812216, 0.5423342986569324, -0.25677918377860864, 0.6415369801115451, 0.07785945243876391, -0.4784123487005876, 0.3694166368776358, -0.3047558872857551, -0.717567713210816, 0.22211686014561072, 0.062470835051824686], [-0.351788585923094, 0.28090875309218244, 0.11781031287206326, -0.5541969479662423, -0.32300031145036023, -0.4329627318960995, -0.7269215815208098, -0.2880038003874158, 0.6057150042069696, 0.715161481086351, 0.17390647886746172, 0.3422195505200429, -0.03989096195495579], [-0.5362389501402316, -0.3750712100493705, -0.4905827102527606, 0.33323740418290854, 0.5243589308803538, -0.36219196688197913, 0.01884789712261562, -0.08915486563044835, -0.07544208439883808, 0.197182828290763, 0.41841299470419413, 0.49933473204242, 0.040186561465718876]], "inverted": false, "swapped": true, "error_lsq": 0.05019649136478896, "error_max": 0.304578489731953, "target": "67.xyz", "model": "22.xyz", "model_rescale": 4.166573947596378, "target_rescale": 4.032397636049679},
{"mapping": [10, 14, 9, 12, 7, 4, 1, 3, 2, 11, 6, 0, 13, 15], "R": [[0.9899116810208954, 0.07445545865779972, -0.12054562810173634], [-0.12112465451535846, 0.0032943455179646063, -0.9926318377707537], [-0.0735097398099089, 0.9972188987196671, 0.012279502816260553]], "T": [0.04029261879754661, 0.03981139690050789, -0.14875848363351407], "aligned_model": [[-0.3411236447189548, 0.27836474448490667, 0.20094380467285256, 0.6109414585431815, -0.627909336525255, -0.26107080098706864, -0.19435037397987578, 0.25632044356358397, 0.2901704404948675, 0.7742316821727668, 0.31598658025786114, -0.6708806430233125, -0.22838564345413095, 0.01190886348822301], [-0.5639658364296607, -0.6332713371863434, -0.39042126445423525, -0.07802767285937565, -0.11289140993080127, 0.5292974097463237, 0.6573990308945141, 0.24374012372773662, 0.6615961438743263, 0.005612072723512752, 0.49702908360752607, 0.44089020448479055, -0.38160328068028043, 0.08822098253468871], [0.07688707812509188, 0.19220934368325343, -0.5354627890951511, 0.15100010350670967, 0.055147493078401666, -0.6064014075475868, 0.11887417720084942, -0.671416790099167, -0.21002871983020577, -0.43556361766033963, 0.39350755674101057, -0.159900503911033, 0.5346409601829436, -0.10858557080946754]], "inverted": false, "swapped": false, "error_lsq": 0.05397042151632233, "error_max": 0.43519314652628316, "target": "67.xyz", "model": "23.xyz", "model_rescale": 4.274766983524099, "target_rescale": 4.032397636049679},
{"mapping": [11, 8, 6, 4, 10, 12, 0, 1, 2, 9, 13], "R": [[0.13257480364748958, -0.16055718030086866, -0.9780824675310685], [0.715559030045551, 0.698329424247895, -0.01764340527998054], [0.6858565418205907, -0.697536670780424, 0.2074690265038674]], "T": [-0.05838227193694363, 0.0959519722190943, 0.0654704236039576], "aligned_model": [[0.0952945728847026, 0.03660129495085766, -0.25375131795053724, -0.5345512270588896, -0.4866252862033115, -0.6638416930280011, 0.15972538259478936, -0.008848212855707235, 0.5989394104780577, 0.4131865019414273, 0.023765278204687226], [-0.1451056813624556, 0.7342637753631438, 0.30878987592049045, -0.19477905909306276, 0.4170227026765373, -0.12841683530840012, -0.48031357598677354, -0.18037571348687997, -0.060086186752506265, 0.5504802159218687, 0.09410701335152163], [-0.7779408968241232, -0.21306452074451165, -0.6492659842521596, -0.20401711760607638, 0.019917923371727972, 0.46631638086788707, 0.12603609798761897, 0.7502128117931232, 0.3540611977140271, 0.5653075281829125, -0.05799698646884835]], "inverted": false, "swapped": true, "error_lsq": 0.06458122521303106, "error_max": 0.4034688854306665, "target": "67.xyz", "model": "24.xyz", "model_rescale": 3.7841303162186577, "target_rescale": 4.032397636049679},
{"mapping": [11, 13, 3, 12, 10, 1, 0, 4, 8, 5, 9, 7, 14, 15], "R": [[0.7116465764542242, 0.48059466170476794, -0.5124333335779998], [0.4286085382226026, 0.28092605735849485, 0.858705578914971], [0.5566451932637753, -0.8307281874583835, -0.006066908474910939]], "T": [-0.016545340776430825, 0.14048330352642635, -0.09067392301823314], "aligned_model": [[-0.46099215586726966, 0.10707938277585824, 0.26328992239338683, 0.5940463239159121, -0.5134382154692938, -0.05387915943897045, -0.5096887552528371, 0.35604832001906644, 0.11784691131580308, 0.7865302424105033, 0.2792389711167946, -0.6612807942766773, 0.1376291229669725, -0.027282541619602915], [-0.4806977028001185, -0.6137989888559182, -0.44206534364677885, -0.2207042770117535, 0.1354791294217791, 0.7407886542607521, 0.674632363558941, 0.239040884149274, 0.7161451318972933, -0.08890969460971898, 0.24841110979674047, 0.14643126631905024, -0.19767237097966733, 0.10652408855284785], [-0.16831898144075425, 0.07598485531671055, -0.5716429311637669, 0.17745525685845442, 0.5079307333269975, -0.5280251156163721, -0.2039183656038442, -0.7295516187434289, -0.09383075262258583, -0.358605267841416, 0.40228037303531816, -0.17485454334564662, 0.6101683822397501, -0.15016471083410632]], "inverted": true, "swapped": false, "error_lsq": 0.04788045663154753, "error_max": 0.2968270666726187, "target": "67.xyz", "model": "25.xyz", "model_rescale": 4.19342608120988, "target_rescale": 4.032397636049679},
{"mapping": [4, 0, 12, 8, 10, 6, 3, 5, 1, 11, 2, 13], "R": [[0.2138417570156386, 0.8953849594065397, 0.39058606916403704], [-0.5949763453324475, -0.19773762834236333, 0.7790397800063753], [0.774774064777151, -0.39898070731062507, 0.49044830894050845]], "T": [0.014713049222560316, 0.005045541154287752, -0.11785234362654073], "aligned_model": [[-0.10483094410804705, 0.5917745334532339, 0.0456952163658618, -0.5409723253662287, -0.46406212281151804, -0.5303069720837326, -0.18953182663624377, -0.26119489769279824, 0.5242618988478203, -0.05761106267939008, 0.5765875132076547, 0.007999544135168443], [-0.5773815439535483, -0.1447469537746906, -0.5709213883595768, 0.42034259167736027, -0.160945771801271, -0.10765547476910636, 0.20050595669669835, 0.5599937900272813, -0.0401725456127358, -0.1013639339392489, 0.4780742794285152, 0.05704742212130334], [0.056425783080591624, 0.04913084058173489, -0.6127282424734535, -0.0047697387312886225, -0.29610705511786795, 0.4155975860692609, -0.7484817476240463, 0.5921158261196113, -0.6526401946052155, 0.7633481255396587, -0.1335123441929224, 0.020879622563357736]], "inverted": true, "swapped": true, "error_lsq": 0.0509815503654149, "error_max": 0.30574423076499785, "target": "67.xyz", "model": "26.xyz", "model_rescale": 3.795458400668931, "target_rescale": 4.032397636049679},
{"mapping": [11, 8, 6, 4, 12, 2, 7, 0, 9, 10, 1, 3, 13], "R": [[0.11744979554463963, 0.9388979015667698, 0.32353713227393105], [0.5307611761875919, -0.3347047980838193, 0.7786303821400975], [0.8393438624178333, 0.0802709696788731, -0.537641564658395]], "T": [-0.1153494167105969, -0.05085136387724121, -0.11565585709012904], "aligned_model": [[0.06612221431265597, 0.4515544824037146, 0.49164678648971954, 0.022998426971318653, -0.20992036301380826, -0.6731255919111014, -0.1007870830739209, -0.6675482812586877, -0.2482356156791592, 0.3368244633746251, -0.6878703542615123, 0.009193166595105134, -0.09117586812769263], [-0.8208907580065155, -0.23835697931356772, -0.4406600006902612, 0.009667097653970058, 0.6096732207566053, -0.2714634494443231, -0.5154484347641901, -0.22016559786710027, 0.08807984300441984, 0.23004414924663646, 0.4007537643440577, 0.4878261862144113, -0.1971775378772283], [-0.5245267401737728, 0.25516372786160635, -0.3875418737840888, -0.7165571228731575, -0.47947389271187274, 0.30851437077837945, 0.48376404811854357, -0.3386586285709283, 0.6854992725899131, -0.1876976253733738, 0.010658573240416691, 0.2989883645211658, -0.11599581152340495]], "inverted": false, "swapped": true, "error_lsq": 0.042646990175490486, "error_max": 0.21348833068537867, "target": "67.xyz", "model": "27.xyz", "model_rescale": 3.6321398670334006, "target_rescale": 4.032397636049679},
