[{"mapping": [11, 1, 5, 3, 6, 12, 8, 4, 7, 2, 0, 13], "R": [[-0.9480285086199342, 0.27838638787209186, -0.15408752672229198], [-0.1472762806512295, -0.8131918887644766, -0.5630529719353268], [-0.2820490099280692, -0.5110968314274633, 0.8119288053169461]], "T": [-0.09178546083943945, -0.03536011153109073, 0.002116702180867215], "aligned_model": [[-0.12556861553146836, -0.40298114304116806, 0.1722897476261238, 0.24352552114119425, 0.672457714803538, -0.6687254545047516, 0.3827541904326292, 0.5746914434243238, 0.021516949521571446, 0.20830050305681275, -0.4748242702398295, -0.08905736041410234], [-0.5556144540297732, 0.42631157148373644, 0.10614025159339946, 0.35559528048979727, -0.015765022430411557, -0.0802516306774251, -0.6380813466109908, -0.4767187505266651, -0.7155103467612912, 0.19844147382315036, 0.34608257530982656, -0.19503965230380044], [-0.4618401475515179, -0.1497405265052559, -0.692608561467364, 0.09111519998116346, 0.011847331858690392, -0.013529485591548492, -0.14660573653314676, 0.525963353862488, 0.31187903655700966, 0.6703557899092076, 0.5527483228941537, 0.03428600403970521]], "inverted": false, "swapped": false, "error_lsq": 0.047941625672695797, "error_max": 0.2661533369380724, "target": "672.xyz", "model": "0.xyz", "model_rescale": 3.8414455957264533, "target_rescale": 3.9062627286706926},
{"mapping": [1, 4, 0, 9, 13, 5, 11, 12, 10, 8, 6, 14], "R": [[-0.13986910081949672, 0.9118365211136737, 0.3859932556396013], [0.10237914359689737, -0.3744181520718799, 0.9215907759713337], [0.98486300854094, 0.16841973210521333, -0.040983511871200806]], "T": [-0.0444866135863475, 0.019182887099284854, 0.009018112301756871], "aligned_model": [[-0.11399299442458177, -0.35957946402504976, 0.24273978696305573, 0.22916757492817427, 0.7075731323193185, -0.6572899235050295, 0.5154789829152078, 0.3496568695767403, -0.26045430498729516, 0.38602142527157374, -0.4637941348624004, -0.061147723894839766], [-0.664091910633589, 0.11798300923581727, 0.09402282167905944, 0.6034289288175517, 0.11507285754468656, -0.12972687850528553, -0.5852815777041235, -0.54333624823874, -0.43930784342295226, -0.018405328628204612, 0.27187032327270866, -0.06663820405737657], [-0.5171019357620027, -0.423153458161191, -0.6523572338721807, 0.23100826487262446, 0.01665046420762177, 0.200383652676176, -0.20852876461115233, 0.34145258844059334, 0.46893713420291777, 0.6704955132896526, 0.6175881049772723, -0.01150374880674706]], "inverted": false, "swapped": false, "error_lsq": 0.04484335880468016, "error_max": 0.2974864652585945, "target": "672.xyz", "model": "1.xyz", "model_rescale": 4.316132596720782, "target_rescale": 3.9062627286706926},
{"mapping": [4, 5, 0, 9, 1, 3, 2, 8, 6, 10, 7, 11], "R": [[-0.8562373094925857, 0.5075696545961764, 0.09607661300241571], [-0.12035735960578382, -0.015145439852374931, -0.9926150923899968], [-0.5023661770278944, -0.8614776035305829, 0.07405783411349487]], "T": [0.06769350772388477, -0.05412687428567952, 0.07367705236878296], "aligned_model": [[-0.2519074236919296, -0.3132222402565083, 0.21143187070888642, 0.22308291002701355, 0.5913325867196451, -0.5771908742721397, 0.5729728867684292, 0.5940785485949003, -0.2080689045448379, 0.16365988415242194, -0.49871887490601435, 0.00692885697500735], [-0.580436276323393, 0.30320234947117664, 0.03747843622413475, 0.6703367376015108, 0.08346741347374848, -0.1338955069909809, -0.5967193299788013, -0.49292347984103346, -0.7649652670936672, -0.09588260777443339, 0.48964154284642336, -0.16371406225513213], [-0.390201583808387, -0.30444845683002586, -0.6154251234217433, 0.10463046793565114, 0.03537313182199079, 0.1673686097954989, -0.31492502930637867, 0.41633204432601356, 0.38150790574349275, 0.6951935138605778, 0.5025756897097339, 0.055889411627160844]], "inverted": true, "swapped": false, "error_lsq": 0.0376288223871141, "error_max": 0.205707064166256, "target": "672.xyz", "model": "2.xyz", "model_rescale": 3.795458400668931, "target_rescale": 3.9062627286706926},
{"mapping": [10, 0, 4, 7, 9, 2, 5, 3, 6, 8, 1, 11], "R": [[-0.8504651410115682, -0.3399093061349434, -0.4014607172900415], [-0.5236481900871063, 0.47449560280371833, 0.7075637751739653], [-0.050016166813052265, 0.8119825038280056, -0.5815348626991605]], "T": [-0.024656113734531075, -0.08558714805176719, 0.03110784692765289], "aligned_model": [[-0.2629265409763012, -0.45610334057655494, 0.1324068210182069, 0.32418640898047985, 0.836684122451071, -0.6705092624377046, 0.4205570753002012, 0.47829588482882573, -0.0784540864328638, 0.24858395220197843, -0.42551942740376647, -0.03282238067869804], [-0.4819119695524375, 0.4530488217636081, 0.041336276747655956, 0.5931135484602255, -0.05129974699422106, -0.4886836456317763, -0.5622681196926405, -0.5427001145772729, -0.4263168850232791, -0.01335099707585495, 0.20466010531042822, 0.029962675625117216], [-0.5391241889705847, -0.337582438606314, -0.5773133986642796, 0.06235773518241283, 0.13821533715930362, 0.12117579552150176, -0.23039757009895634, 0.4496255269739636, 0.5089209077556063, 0.7595889667176803, 0.42012452732770084, -0.04172061884444994]], "inverted": true, "swapped": false, "error_lsq": 0.052238283343279186, "error_max": 0.3209598667663381, "target": "672.xyz", "model": "3.xyz", "model_rescale": 3.7530521520055578, "target_rescale": 3.9062627286706926},
{"mapping": [2, 3, 4, 9, 6, 10, 0, 1, 5, 8, 11], "R": [[0.5763332719765728, -0.5431267810807892, 0.6106171134889677], [-0.5370216876650535, 0.3115063529404777, 0.7839461072389483], [-0.615993235831495, -0.7797288578413292, -0.11213938496041882]], "T": [-0.10550721167014415, -0.05001204612963493, -0.035017661811596525], "aligned_model": [[-0.3979174551523102, -0.24171594032837299, 0.2597940832556198, 0.47625139955535406, 0.3502840300171101, -0.2415603986961244, -0.1262444436800331, -0.6807636511416328, -0.4015571876704745, 0.3605472792495168, -0.01891811296344767], [-0.6602627423546225, 0.15532129536669392, -0.3777894698080691, 0.29145342897391463, -0.7034090862845532, 0.7470901790346819, -0.44239323279205567, 0.047008146015369526, 0.2903088237480208, 0.1707512292289639, -0.05087521281399786], [-0.08761173365015384, -0.6392762198865111, -0.5626475320661827, -0.2859036089632056, 0.1637538313429524, -0.06253634932491994, 0.6038362072832569, -0.0745419141399153, 0.5464695150628659, 0.47221803816540703, 0.019070543421722874]], "inverted": false, "swapped": true, "error_lsq": 0.03999159523671452, "error_max": 0.2322976065191067, "target": "672.xyz", "model": "4.xyz", "model_rescale": 3.7855080009869324, "target_rescale": 3.9062627286706926},
{"mapping": [6, 10, 5, 9, 2, 8, 1, 12, 13, 14, 15, 16], "R": [[-0.12450665187736701, -0.9201194908896175, -0.371319560652707], [0.6449913600141122, 0.20932115159129575, -0.7349631290096394], [0.7539789381311882, -0.3310057068715355, 0.5674072460526398]], "T": [0.06104964732669415, -0.17360511530573322, -0.05451802241011052], "aligned_model": [[-0.2720286407201287, -0.35936649271102855, 0.1459441401920632, 0.18063820703996147, 0.7137136672771033, -0.6277523598561087, 0.6657919185797767, 0.3802451460675185, -0.2839567008258498, 0.29148101182301994, -0.40417880036878623, 0.08384812977733268], [-0.6980515966316633, 0.3860342634618176, 0.18320752075611438, 0.4923400588335083, 0.13364918306796955, -0.1441381480360556, -0.6005965932887677, -0.5504626294860331, -0.5726472933371325, 0.035483719508329264, 0.23549352296338041, -0.14472205845191424], [-0.25474741666482803, -0.2570477955367704, -0.7760309553829233, 0.1671340036925263, 0.10488762608374672, 0.08687987964112254, -0.21284995879344676, 0.4136250226088177, 0.4420739617799297, 0.5462153992881735, 0.4890984805651638, -0.015367665827926695]], "inverted": false, "swapped": false, "error_lsq": 0.04081137798114159, "error_max": 0.21862590143795832, "target": "672.xyz", "model": "5.xyz", "model_rescale": 4.2253639853439635, "target_rescale": 3.9062627286706926},
{"mapping": [2, 3, 4, 0, 1, 6, 10, 8, 5, 9, 7, 13], "R": [[0.2599512764635727, -0.5322808145581932, 0.8056689570277771], [-0.8171786727078956, 0.32323709263145445, 0.4772177687581708], [-0.5144359539693173, -0.7824288570856978, -0.35094263471862114]], "T": [0.03350871452725686, -0.13042763854257952, 0.17515575683300266], "aligned_model": [[-0.20427920049446086, -0.42961504732342704, 0.19477043764943458, 0.17427469421769082, 0.7125789998456233, -0.6045518422436472, 0.4111339000991299, 0.5023400015585974, -0.1287850108641332, 0.4124395708905685, -0.5194810682658949, -0.006446208794607278], [-0.44176247933501567, 0.22101267509244846, 0.09247871083191064, 0.6571752102760748, 0.019702409386441883, -0.20327807995378824, -0.6941297398883113, -0.5681450372140784, -0.7408114861639258, 0.09432272311412898, 0.42379287354465633, -0.10476783033098921], [-0.3695452037092066, -0.2310653158106089, -0.4769322190343107, 0.22927914199258015, -0.05942961838192626, 0.13924604780459082, -0.20974895156812107, 0.5418512419422199, 0.13233553132880607, 0.5976425714394815, 0.30334756677052044, 0.13688978867955942]], "inverted": true, "swapped": false, "error_lsq": 0.05066260095872519, "error_max": 0.3147849373834565, "target": "672.xyz", "model": "6.xyz", "model_rescale": 3.89814844738969, "target_rescale": 3.9062627286706926},
{"mapping": [5, 10, 9, 11, 8, 2, 6, 3, 0, 7, 4, 12], "R": [[0.6986432305013857, 0.5610935608138248, -0.4439275306712242], [-0.36594514129567424, -0.2529325993392718, -0.8956055235166701], [-0.6148022365254352, 0.788161859141092, 0.028619814090606543]], "T": [0.016233586994459447, -0.12546704895577113, 0.14851847137507268], "aligned_model": [[-0.16307120826222243, -0.4278496058814763, 0.22902386551097492, 0.29063215127900077, 0.6586284387834329, -0.6884773899816622, 0.3857412464456875, 0.6003896571305156, -0.09592089301106865, 0.23310052934243405, -0.392545072295139, -0.11527249278560359], [-0.4584217787095697, 0.2357830501405502, 0.06638980579705511, 0.6338003993585468, 0.03695697167043896, -0.1679256439527537, -0.6017015707607456, -0.5737835204662134, -0.6289234411357806, -0.010959888379703325, 0.2597879949329108, -0.03541242913518303], [-0.5293956399674797, -0.31103799605862464, -0.6975649309487355, 0.08886330335203375, 0.01201182599334355, 0.092593958313189, -0.15814196114898316, 0.48041599135004526, 0.440003327338615, 0.7577241173103374, 0.4647056742343948, 0.09369291168544891]], "inverted": true, "swapped": false, "error_lsq": 0.037447346551409195, "error_max": 0.20642356901850145, "target": "672.xyz", "model": "7.xyz", "model_rescale": 3.7474275329858107, "target_rescale": 3.9062627286706926},
{"mapping": [3, 1, 0, 12, 10, 2, 6, 7, 8, 11, 13, 14], "R": [[0.8493819111037058, -0.3160655607765417, -0.42267355060475054], [-0.25085180515528394, -0.9463764677775646, 0.20358033570852452], [-0.46435303481311696, -0.0668890314466456, -0.8831206692926952]], "T": [0.020696769848419068, -0.11199220873469501, 0.1432719855165267], "aligned_model": [[-0.12048105197407152, -0.33487849328524155, 0.18478269379258339, 0.13946752240692242, 0.7349806714400774, -0.7683380674640323, 0.5221751843249473, 0.5969872696570236, -0.40066393460657496, 0.39132130673962623, -0.39748966430937444, -0.033484210447011525], [-0.641711514860769, 0.2756291803340148, -0.07390814067868526, 0.4780893246566927, 0.0970531567438887, -0.18712937336368693, -0.5564309646607505, -0.4331499819834931, -0.6056184626518124, 0.024288126984488456, 0.46583225806677336, -0.08735365922710839], [-0.3188976979627987, -0.3934939886600453, -0.49378268321344715, 0.278696913378833, -0.002885131269436514, -0.1402203915391449, -0.3235595584506219, 0.312459976923244, 0.35303040380163175, 0.6234230850053353, 0.6904016050259776, 0.1486980484140574]], "inverted": true, "swapped": false, "error_lsq": 0.047880238816020715, "error_max": 0.2443542333378346, "target": "672.xyz", "model": "8.xyz", "model_rescale": 4.019505241142653, "target_rescale": 3.9062627286706926},
{"mapping": [2, 4, 5, 8, 11, 0, 6, 10, 1, 9, 7, 12], "R": [[-0.3845082096088638, -0.7806553088828501, -0.4926771006007978], [-0.4425450574472013, 0.6242649521901603, -0.6437756919891202], [0.810127958332781, -0.02950522292814345, -0.5855101476042248]], "T": [0.04915856968826826, -0.1706722863882318, 0.015266792693879913], "aligned_model": [[-0.20708941470501657, -0.45757898475198555, 0.2321155399841021, 0.1420577434599863, 0.5851998818493254, -0.5972946359383012, 0.5540316718458408, 0.5584188175653283, -0.15202981219115874, 0.3108198400351002, -0.5225920501171466, 0.0683206292387995], [-0.5839896557954645, 0.407920820675403, 0.06664810396366821, 0.46178813448270345, 0.14495184486562823, -0.1123143569828696, -0.5904489306474523, -0.7972995246251005, -0.5810209728945664, 0.07036485522516628, 0.41638839209484874, -0.14739876100241206], [-0.3215979945091197, -0.2946392230939416, -0.585341647544308, 0.23321286613956876, -0.0017814746634737394, 0.0518548109750218, -0.2961052638865952, 0.44674339976501515, 0.5127027108278849, 0.5990257646966815, 0.4000329276470556, -0.010236294900204904]], "inverted": true, "swapped": false, "error_lsq": 0.03702944939142997, "error_max": 0.19443644520092881, "target": "672.xyz", "model": "9.xyz", "model_rescale": 3.877068213659057, "target_rescale": 3.9062627286706926},
{"mapping": [1, 2, 8, 14, 11, 4, 0, 12, 3, 6, 13, 15], "R": [[0.4392047157968335, 0.8335902849179311, -0.33500217090679496], [-0.461774789703932, 0.5293334700355545, 0.7117373961609776], [0.7706252404481133, -0.15790286378201457, 0.6174167347859356]], "T": [0.025515787070965777, -0.056267849526352824, 0.07243243256782862], "aligned_model": [[-0.15472776245349365, -0.3935704951408079, 0.23827279868097712, 0.07405382021767137, 0.7382793003939195, -0.6144941161152775, 0.5154305435836221, 0.5223276940132322, -0.2727477672396931, 0.18052947802373173, -0.40210073007823255, 0.08312646238922465], [-0.7224521429436918, 0.3952864609055579, 0.030694490022059658, 0.6972440910074932, -0.06912752487864582, -0.261231381481873, -0.5946836766888983, -0.5188082364225263, -0.4282541249279463, -0.03577406670360072, 0.38026065083850086, -0.11756458936687689], [-0.45351182328282635, -0.17418620164657972, -0.6641101265006492, 0.2708898875796083, -0.11850755561970995, -0.007991159349126212, -0.2498375847248243, 0.38456947830872945, 0.4912717881817056, 0.6689685468204882, 0.5459569605429617, 0.04035837114380728]], "inverted": false, "swapped": false, "error_lsq": 0.0396953093578099, "error_max": 0.23193481364649418, "target": "672.xyz", "model": "10.xyz", "model_rescale": 4.260839863003843, "target_rescale": 3.9062627286706926},
{"mapping": [10, 5, 4, 3, 2, 6, 9, 8, 7, 1, 0, 11], "R": [[-0.4167097647963338, -0.7460032502751852, 0.5194536769551679], [-0.568913425201502, -0.23166833121873415, -0.7890927061732496], [0.7090066900593248, -0.6243468065820363, -0.3278728085125911]], "T": [0.07314100803123678, -0.13412305855266607, 0.05937005615412526], "aligned_model": [[-0.20139476443065318, -0.2752416430667983, 0.2988629098260154, 0.13239394529935933, 0.7015917539826813, -0.7611323173135501, 0.5138587851908132, 0.51427726905318, -0.26049311654853413, 0.33370205048001805, -0.5432236176433751, 0.06117797144571764], [-0.5959195753170954, 0.2612173572161307, -0.009812686790797498, 0.5690494566489068, 0.14024902161796768, -0.07130416207542414, -0.5891231680038391, -0.6573449339275281, -0.4564423815618247, 0.11365820255806475, 0.1828168030381427, -0.13145398404315095], [-0.26421591199838024, -0.3636504945541795, -0.6259761433128271, 0.13598973184490698, 0.07062828325085527, 0.0019493323885668573, -0.42485716576979116, 0.2767431809868318, 0.522408018110867, 0.6870427677974402, 0.597587523175424, 0.12022145953387053]], "inverted": false, "swapped": false, "error_lsq": 0.04155729910166576, "error_max": 0.19993487442774394, "target": "672.xyz", "model": "11.xyz", "model_rescale": 3.890672605050136, "target_rescale": 3.9062627286706926},
{"mapping": [12, 9, 5, 6, 8, 10, 7, 3, 4, 0, 11, 13], "R": [[0.10829944461613977, -0.9694492469773262, -0.22008949959262242], [-0.7778813861312162, 0.05521451417214335, -0.6259807557228193], [0.6190087070521815, 0.23899689320120768, -0.748136822802993]], "T": [0.01310584640250722, 0.051139206819443866, 0.17878408430122406], "aligned_model": [[-0.2692911482008732, -0.2755742063030676, 0.20290724332619917, 0.16737705854419116, 0.7235301325494251, -0.7725584320488251, 0.33229963399844253, 0.6395135008894788, -0.12538947164024555, 0.35394636136532104, -0.4815198879468217, 0.019138441741649203], [-0.41140106369917795, 0.4466165297166781, 0.0010435870677094894, 0.6039088054097911, 0.09586819213186804, -0.36180824773825815, -0.5804488289125034, -0.579894598401421, -0.5527085958340585, -0.06380477578050542, 0.26741939165257833, -0.10920044625314829], [-0.33252852294859825, -0.4262629636754969, -0.5738366969974086, 0.23078896791958442, 0.06703571803264771, 0.0704026016465576, -0.29679561391645914, 0.42872996458461976, 0.5062652622884711, 0.6470897152423457, 0.28522856965948207, 0.12775357961783887]], "inverted": false, "swapped": false, "error_lsq": 0.04389630775788798, "error_max": 0.2707437873597725, "target": "672.xyz", "model": "12.xyz", "model_rescale": 4.124412569039231, "target_rescale": 3.9062627286706926},
{"mapping": [6, 0, 1, 4, 2, 3, 8, 11, 9, 10, 5, 12], "R": [[0.7232555010360894, 0.6862345626053403, 0.07735376724434748], [0.40568398401458006, -0.5128522829569586, 0.7565732224840459], [0.5588577505368368, -0.515814560623964, -0.6493176061937747]], "T": [-0.1336373149486001, -0.09546925060674032, 0.10168012967795673], "aligned_model": [[-0.17481794246111762, -0.4420415542394252, 0.20800269259203485, 0.23120351323179705, 0.710343957032451, -0.7647967646640264, 0.37241751530910194, 0.7007961881852616, -0.24581882913900935, 0.3412975813662942, -0.39161614597048416, -0.030590984968003623], [-0.5418728926842791, 0.33158100200903023, 0.008039334990027028, 0.6009404467804005, 0.04746030747663797, -0.28803769527083833, -0.5631019507396131, -0.5177851977217348, -0.6998425038127833, -0.02309331574828445, 0.46957069095701814, -0.06826827687602773], [-0.3949492684064333, -0.1417994389151376, -0.630052319284179, 0.08822802102095503, 0.003383295444812834, -0.16907532995397276, -0.09863034792551131, 0.4421545501512302, 0.27714964464703395, 0.6618660279414136, 0.5351806097865941, 0.1604151369467787]], "inverted": false, "swapped": false, "error_lsq": 0.041484317323465913, "error_max": 0.22176561131960137, "target": "672.xyz", "model": "13.xyz", "model_rescale": 3.9028299243045295, "target_rescale": 3.9062627286706926},
{"mapping": [4, 9, 3, 1, 2, 10, 0, 8, 5, 12, 14, 15], "R": [[0.08893770352356085, -0.08945333413484444, -0.9920121904009622], [-0.5467895282565199, 0.8280828761214767, -0.12369301541879972], [0.8325330604131993, 0.5534228503473116, 0.024735642956865065]], "T": [0.04442488588256406, -0.047711824159060584, 0.04990534652394572], "aligned_model": [[-0.1817568317117228, -0.43516877911268165, 0.18704346165645863, 0.34688181881786323, 0.7762221414087588, -0.669324203548311, 0.4917687339021116, 0.5459793633306487, -0.032879070046294465, 0.17378694727112587, -0.65429629282511, -0.03387806286797311], [-0.5876950390596244, 0.5262705845785964, -0.1190100926018504, 0.520484152831765, -5.544791188039078e-05, -0.2596370029639441, -0.6373373882228542, -0.5232768968102924, -0.48206472110512055, 0.018345152549245902, 0.28230318532453114, 0.017263462750980854], [-0.2915960914444152, -0.15351433644652634, -0.55281012863779, 0.13862902540179073, -0.01605991829854035, 0.018242150632044568, -0.3235134332478349, 0.39456188190900265, 0.30964270034019453, 0.7304508790655577, 0.4811007323107789, -0.0012628801306777335]], "inverted": false, "swapped": false, "error_lsq": 0.043200007091112436, "error_max": 0.20700615109897638, "target": "672.xyz", "model": "14.xyz", "model_rescale": 3.942246331269136, "target_rescale": 3.9062627286706926},
{"mapping": [10, 3, 5, 1, 2, 4, 9, 7, 6, 0, 12, 14], "R": [[-0.3393325980105107, 0.495399982071298, -0.7996450748245716], [-0.3149671690985747, -0.8608520516139523, -0.39966164141943716], [-0.8863684732194996, 0.11624372239311054, 0.448149893101322]], "T": [-0.11606204769465187, -0.18795989232721239, 0.12123778889862274], "aligned_model": [[-0.34147350892587003, -0.35193598383313807, 0.2532128561580189, 0.053685169061613164, 0.6243183339099707, -0.6344772818668446, 0.3794148116145394, 0.6022739936773707, 0.013381639209943508, 0.40641680896806276, -0.4319958824407216, -0.05844172925807049], [-0.6597172066173795, 0.3700086358193892, 0.14465707882971435, 0.6035006321593344, -0.0042135104077584695, -0.2073841756273513, -0.6792987184399826, -0.5506036042181692, -0.7027775508242897, 0.07387991552680945, 0.4898230460520118, -0.12228459289277574], [-0.3641849398672409, -0.26552122954709984, -0.27345393139977286, 0.08358733918550315, 0.09436631134360379, -0.15176829000635533, -0.28032309811054085, 0.41013634898669155, 0.2972960172168481, 0.5675260838735736, 0.45119590543376137, 0.16501406434461244]], "inverted": false, "swapped": false, "error_lsq": 0.0551483206151221, "error_max": 0.4056931931453964, "target": "672.xyz", "model": "15.xyz", "model_rescale": 4.355366556412066, "target_rescale": 3.9062627286706926},
{"mapping": [4, 5, 0, 9, 1, 3, 2, 8, 6, 10, 7, 11], "R": [[-0.8562373094925857, 0.5075696545961764, 0.09607661300241571], [-0.12035735960578382, -0.015145439852374931, -0.9926150923899968], [-0.5023661770278944, -0.8614776035305829, 0.07405783411349487]], "T": [0.06769350772388477, -0.05412687428567952, 0.07367705236878296], "aligned_model": [[-0.2519074236919296, -0.3132222402565083, 0.21143187070888642, 0.22308291002701355, 0.5913325867196451, -0.5771908742721397, 0.5729728867684292, 0.5940785485949003, -0.2080689045448379, 0.16365988415242194, -0.49871887490601435, 0.00692885697500735], [-0.580436276323393, 0.30320234947117664, 0.03747843622413475, 0.6703367376015108, 0.08346741347374848, -0.1338955069909809, -0.5967193299788013, -0.49292347984103346, -0.7649652670936672, -0.09588260777443339, 0.48964154284642336, -0.16371406225513213], [-0.390201583808387, -0.30444845683002586, -0.6154251234217433, 0.10463046793565114, 0.03537313182199079, 0.1673686097954989, -0.31492502930637867, 0.41633204432601356, 0.38150790574349275, 0.6951935138605778, 0.5025756897097339, 0.055889411627160844]], "inverted": true, "swapped": false, "error_lsq": 0.0376288223871141, "error_max": 0.205707064166256, "target": "672.xyz", "model": "16.xyz", "model_rescale": 3.795458400668931, "target_rescale": 3.9062627286706926},
{"mapping": [5, 10, 9, 11, 8, 2, 6, 3, 0, 7, 4, 12], "R": [[0.6986432305013857, 0.5610935608138248, -0.4439275306712242], [-0.36594514129567424, -0.2529325993392718, -0.8956055235166701], [-0.6148022365254352, 0.788161859141092, 0.028619814090606543]], "T": [0.016233586994459447, -0.12546704895577113, 0.14851847137507268], "aligned_model": [[-0.16307120826222243, -0.4278496058814763, 0.22902386551097492, 0.29063215127900077, 0.6586284387834329, -0.6884773899816622, 0.3857412464456875, 0.6003896571305156, -0.09592089301106865, 0.23310052934243405, -0.392545072295139, -0.11527249278560359], [-0.4584217787095697, 0.2357830501405502, 0.06638980579705511, 0.6338003993585468, 0.03695697167043896, -0.1679256439527537, -0.6017015707607456, -0.5737835204662134, -0.6289234411357806, -0.010959888379703325, 0.2597879949329108, -0.03541242913518303], [-0.5293956399674797, -0.31103799605862464, -0.6975649309487355, 0.08886330335203375, 0.01201182599334355, 0.092593958313189, -0.15814196114898316, 0.48041599135004526, 0.440003327338615, 0.7577241173103374, 0.4647056742343948, 0.09369291168544891]], "inverted": true, "swapped": false, "error_lsq": 0.037447346551409195, "error_max": 0.20642356901850145, "target": "672.xyz", "model": "17.xyz", "model_rescale": 3.7474275329858107, "target_rescale": 3.9062627286706926},
{"mapping": [2, 11, 1, 10, 8, 7, 0, 4, 9, 5, 12, 13], "R": [[0.13920198721313037, 0.9313905230148656, 0.3363547240548456], [0.9700530295435865, -0.196527478921655, 0.14273776620785592], [0.19904754866419622, 0.30641253836420324, -0.9308552141466365]], "T": [0.03729632277069783, -0.08065448954508517, 0.01102843532115446], "aligned_model": [[-0.15101073309355262, -0.29633740737467307, -0.03591936110370139, 0.21350939586854994, 0.7386870738378039, -0.7061228791912203, 0.567562777378525, 0.5804098958824999, -0.22754637689001056, 0.21619587763087503, -0.44032798843606613, 0.055278951765843846], [-0.6814114189011855, 0.4980845359690407, -0.07715558728848915, 0.5374779713110286, 0.06493713992777636, -0.07579067002509887, -0.5960398416862874, -0.5107362123066085, -0.4754570518686084, 0.094049747853207, 0.15411616045381007, -0.17648482407903202], [-0.31678902661772723, -0.26371933311800955, -0.6768273912351666, 0.26262450875798843, 0.07192624286508831, -0.11031205853921844, -0.37927633879364364, 0.4685032220240037, 0.48189300934991225, 0.6897723600646511, 0.5363803959693094, -0.030305009273603273]], "inverted": true, "swapped": false, "error_lsq": 0.043745487891180684, "error_max": 0.24489439806629268, "target": "672.xyz", "model": "18.xyz", "model_rescale": 3.922800546911778, "target_rescale": 3.9062627286706926},
{"mapping": [12, 8, 13, 6, 11, 5, 7, 9, 3, 2, 1, 14], "R": [[0.9488553891856014, -0.15141511906666988, 0.27703233048051845], [-0.0898668265904956, -0.9707225992978111, -0.22275903728256516], [0.3026506300868954, 0.18647009661210465, -0.9346825659963268]], "T": [0.015614155027982031, -0.0032466469138529297, 0.0696036878201491], "aligned_model": [[-0.27084573731008044, -0.3189376297973481, 0.26115538060831456, 0.029026434370488748, 0.6954482177788093, -0.7220069755014975, 0.41953211305657534, 0.577257161900412, -0.06958502658387092, 0.22872306122512406, -0.38236267481561337, 0.06697490134356011], [-0.552184106786096, 0.3568427056839466, -0.006914805054414136, 0.6756446137827615, -0.048016970163295467, -0.18876593701804106, -0.6496569381600037, -0.3889045716736258, -0.6176469142942467, -0.09454382272004137, 0.35354155408291055, -0.08380485832030184], [-0.41539367278832734, -0.2948155973960734, -0.571886606710134, 0.19082472075466794, -0.13791710161707688, 0.00611053085527917, -0.16959296268259821, 0.5152137009664705, 0.22581717789279432, 0.7473782687665416, 0.5817556637735577, 0.05637645963848358]], "inverted": false, "swapped": false, "error_lsq": 0.04169047677773161, "error_max": 0.22834937759731908, "target": "672.xyz", "model": "19.xyz", "model_rescale": 3.9282355846067225, "target_rescale": 3.9062627286706926},
{"mapping": [5, 1, 3, 11, 4, 2, 6, 8, 7, 9, 10, 13], "R": [[-0.6747113700382933, 0.73783621520432, 0.01903382972535933], [-0.6320156250030401, -0.5908790983567368, 0.5014161354375688], [0.3812096757600284, 0.326281489910314, 0.8649968626815012]], "T": [0.08489513397850844, -0.16425199647592847, 0.1252840314333075], "aligned_model": [[-0.21213502823862213, -0.33793728428354297, 0.2309121686012014, 0.3094682962181055, 0.6122520544100557, -0.7268428735683453, 0.2993866369254425, 0.7844667477747671, -0.2512389395520323, 0.30455229510614434, -0.4905411348551051, -0.007963712263194825], [-0.48059988910410933, 0.1879532608817579, -0.0069226475071594296, 0.47280241160082037, 0.12245556402507363, -0.1668257075547509, -0.691662960875907, -0.30678072411918855, -0.6359129425980358, -0.06544194815778032, 0.3745967248157883, -0.04807119204695669], [-0.4218788746664811, -0.38330715907522284, -0.596021431387137, 0.3642228254322002, -0.07235528187336002, -0.015396434428248978, -0.19514556122522667, 0.3877848849463532, 0.35473470782060046, 0.7736759893989332, 0.47277432635475725, 0.0647825901564165]], "inverted": false, "swapped": false, "error_lsq": 0.05413713302977543, "error_max": 0.4008652674272201, "target": "672.xyz", "model": "20.xyz", "model_rescale": 4.067790424073018, "target_rescale": 3.9062627286706926},
{"mapping": [8, 2, 0, 3, 12, 4, 9, 10, 13, 11, 6, 14], "R": [[-0.9744532589363518, -0.004924785181715047, -0.22453639491012956], [-0.06495439675532719, 0.963214490778275, 0.2607657398833292], [0.21499249403287368, 0.26868865112926243, -0.9389273860442363]], "T": [-0.026842620982061617, -0.198169913726927, 0.02178906588362947], "aligned_model": [[-0.30954254943565945, -0.37079529443817855, 0.074804514796524, 0.22203408236971883, 0.7024724936755813, -0.8074608713624275, 0.6308825751989262, 0.5214419512990255, -0.005129743595571744, 0.2830661589393579, -0.4639010679755704, 0.036506976803147455], [-0.48796290375300594, 0.4035153101035858, 0.11103520255933147, 0.6103628936649761, 0.035283751813262626, -0.114027964413249, -0.5856839548270742, -0.6449967400284372, -0.592305194232098, 0.029280532739873716, 0.22137567390651658, -0.23028665817412908], [-0.3797936405532004, -0.24912306264764847, -0.6094938226626784, 0.1116784565286759, 0.04654217630325305, -0.13954219046513205, -0.12408873821214397, 0.4353306437806217, 0.59998404743735, 0.541649716932368, 0.44666353735055875, 0.05406345766156075]], "inverted": true, "swapped": false, "error_lsq": 0.04320774329824318, "error_max": 0.25412250352433935, "target": "672.xyz", "model": "21.xyz", "model_rescale": 4.186013935880536, "target_rescale": 3.9062627286706926},
{"mapping": [1, 6, 0, 3, 5, 7, 2, 8, 9, 11, 4, 12], "R": [[-0.9435662558030256, -0.21405066001986545, 0.2527153257222829], [-0.3060241928653697, 0.8552496801954412, -0.41820709930212185], [-0.12661719587385661, -0.47194311041761783, -0.8724894189836263]], "T": [-0.00745301125394781, -0.1553378958088755, 0.11066886478094642], "aligned_model": [[-0.26278766108098073, -0.19400520493225662, 0.055213294145476176, 0.26392204676665687, 0.6590149307606322, -0.7152222966089196, 0.5881648545630807, 0.4899905615222894, -0.15168833142586635, 0.22397340192146226, -0.43767672233562804, -0.004519647021072718], [-0.6001166727366882, 0.30729482243935, -0.08400379136557937, 0.7254442620796404, 0.15370625975278915, -0.1566663174902322, -0.48324405779576274, -0.6176301319362086, -0.6912003144127865, 0.0015184958153239003, 0.31304056607354924, -0.11255317106384222], [-0.4109625109286167, -0.13635764403392422, -0.6054127092853261, 0.16467833585918626, -0.1319233203670588, -0.0826821473312285, -0.18499328990847094, 0.46634274774625306, 0.3890542109850941, 0.6770643682970491, 0.4615895447589532, 0.1274729956616738]], "inverted": true, "swapped": false, "error_lsq": 0.03868726466580104, "error_max": 0.22308663026863046, "target": "672.xyz", "model": "22.xyz", "model_rescale": 4.166573947596378, "target_rescale": 3.9062627286706926},
{"mapping": [4, 7, 8, 10, 9, 1, 3, 11, 2, 12, 5, 15], "R": [[-0.6575688585161155, 0.4636280546571674, -0.5938452856128638], [0.4298840858957408, -0.4164190291969181, -0.8011210051024001], [-0.6187106504686957, -0.7820768626276494, 0.0745178632214894]], "T": [0.0822378787231206, -0.0658166562819756, 0.1352877287242849], "aligned_model": [[-0.17985500702918877, -0.28205229373832535, 0.21070275087541462, 0.1657645492293754, 0.6529596563856342, -0.5945067196555807, 0.32627051953180775, 0.6494186888264686, -0.1677754780531805, 0.3212789056769342, -0.6019118503096821, 0.014085504535196913], [-0.48990721718127334, 0.4687418922176065, -0.011788752049599519, 0.6724223565539659, -0.0021855782166271404, -0.2864647773963056, -0.5618781069738027, -0.531879924310285, -0.6777427828081763, -0.1217607029200978, 0.3674727134706805, -0.0694391710265329], [-0.40444185982792685, -0.16955563453666217, -0.6613658361383459, 0.04058984941734049, -0.03986050760162285, 0.17310592647494052, -0.10092776478433893, 0.4237045906995968, 0.26118044613549096, 0.7428327939728103, 0.3230680565678437, 0.14554052107445853]], "inverted": true, "swapped": false, "error_lsq": 0.04717581295688931, "error_max": 0.2498117846364914, "target": "672.xyz", "model": "23.xyz", "model_rescale": 4.274766983524099, "target_rescale": 3.9062627286706926},
{"mapping": [2, 5, 0, 6, 8, 7, 4, 9, 3, 10, 11], "R": [[-0.21190148804422143, 0.9610557130015791, -0.1773969443696009], [-0.9623063811215298, -0.17352133411727416, 0.2094200932550327], [0.1704822225847316, 0.215086640945429, 0.9615994741415899]], "T": [0.11801164836110872, 0.11501803830117922, -0.035223255467296606], "aligned_model": [[0.20225806976983648, 0.0857728138806057, -0.356572282208943, -0.5230849241668507, -0.4759504906745196, -0.6602708737563951, 0.0693251130281918, -0.07585505670634518, 0.6386947518786068, 0.45534970194286056, 0.020227880971026943], [-0.20738227455246144, 0.8365086923682346, 0.3260587784693542, -0.3060904007008788, 0.45584934823792134, -0.19219395722073535, -0.5836871707758956, -0.04111741167770748, -0.13672468665093557, 0.6405686851777909, 0.12379692856879645], [-0.6265238371350627, -0.17665561837884483, -0.5762955180436132, -0.32821868523892034, 0.19774511823099472, 0.37616851002623647, 0.13423767695791092, 0.6400714452575441, 0.2670311242273306, 0.4792077509830703, -0.007201532865068715]], "inverted": false, "swapped": true, "error_lsq": 0.048994817848994926, "error_max": 0.3045341769797139, "target": "672.xyz", "model": "24.xyz", "model_rescale": 3.7841303162186577, "target_rescale": 3.9062627286706926},
{"mapping": [10, 13, 11, 3, 6, 9, 7, 1, 8, 4, 5, 15], "R": [[0.8437186127778156, -0.4194824985308649, -0.33492288049427404], [0.22718636229497075, -0.286247209283024, 0.9308323651253536], [-0.48633862610269524, -0.8614505027011035, -0.14621139544016137]], "T": [-0.043434533020348616, -0.2268686507125216, 0.049657331091881245], "aligned_model": [[-0.2511507219288907, -0.2836952640222515, 0.24656396268242475, 0.16587721685575013, 0.5938270937003782, -0.6117379308704269, 0.393659616807921, 0.3628651643331636, -0.09228527605484035, 0.2723183643545628, -0.29185744960852517, 0.00999445002560799], [-0.6624824829652841, 0.38505200529767547, 0.10674539123670973, 0.5478606730585237, 0.11343616875818258, -0.3577891808749227, -0.4935250000025342, -0.5769502346572322, -0.6347686110199023, 0.0905296582952535, 0.4201590823115722, -0.1826775200784887], [-0.5605472897465485, -0.3744038545376481, -0.5780608482426919, 0.12026153695963229, 0.06046016392839608, 0.09473250497035997, -0.35115266837106174, 0.564827045182695, 0.4747326313918145, 0.6465348428953573, 0.5872258501247665, 0.049260666898513286]], "inverted": false, "swapped": false, "error_lsq": 0.044383426007574195, "error_max": 0.2161393431885207, "target": "672.xyz", "model": "25.xyz", "model_rescale": 4.19342608120988, "target_rescale": 3.9062627286706926},
{"mapping": [4, 5, 0, 9, 1, 3, 2, 8, 6, 10, 7, 11], "R": [[-0.8562373094925857, 0.5075696545961764, 0.09607661300241571], [-0.12035735960578382, -0.015145439852374931, -0.9926150923899968], [-0.5023661770278944, -0.8614776035305829, 0.07405783411349487]], "T": [0.06769350772388477, -0.05412687428567952, 0.07367705236878296], "aligned_model": [[-0.2519074236919296, -0.3132222402565083, 0.21143187070888642, 0.22308291002701355, 0.5913325867196451, -0.5771908742721397, 0.5729728867684292, 0.5940785485949003, -0.2080689045448379, 0.16365988415242194, -0.49871887490601435, 0.00692885697500735], [-0.580436276323393, 0.30320234947117664, 0.03747843622413475, 0.6703367376015108, 0.08346741347374848, -0.1338955069909809, -0.5967193299788013, -0.49292347984103346, -0.7649652670936672, -0.09588260777443339, 0.48964154284642336, -0.16371406225513213], [-0.390201583808387, -0.30444845683002586, -0.6154251234217433, 0.10463046793565114, 0.03537313182199079, 0.1673686097954989, -0.31492502930637867, 0.41633204432601356, 0.38150790574349275, 0.6951935138605778, 0.5025756897097339, 0.055889411627160844]], "inverted": true, "swapped": false, "error_lsq": 0.0376288223871141, "error_max": 0.205707064166256, "target": "672.xyz", "model": "26.xyz", "model_rescale": 3.795458400668931, "target_rescale": 3.9062627286706926},
{"mapping": [6, 10, 7, 4, 3, 8, 0, 2, 1, 9, 11, 12], "R": [[0.22113564260318758, -0.2450334589881838, -0.9439584903727289], [-0.44038176986342753, 0.8385290328312984, -0.32083166594175583], [0.8701510928237868, 0.48664942728343297, 0.07752038817160462]], "T": [-0.0407282420354149, -0.10798647256361806, 0.14287122359396015], "aligned_model": [[-0.3998772236098772, -0.11822447546612794, 0.21017022710431413, 0.15201089391390374, 0.6414219303398689, -0.7427154665367817, 0.5732064177005012, 0.6197788589996988, -0.14281100598253205, 0.1879958012168316, -0.45728809917167945, -0.009288632233246504], [-0.6901569414033473, 0.4775631785559621, 0.04549970477444783, 0.6940697222379827, 0.09513492289226484, -0.3025748073393974, -0.5628009984137994, -0.5478895830903906, -0.6669467964268827, -0.07431993107967337, 0.3960574063286372, -0.10804592767625129], [-0.3189474788432867, -0.25564147179606406, -0.6145586742704587, 0.27859398694068804, -0.05331593165398785, 0.1328200190776204, -0.18500249103338468, 0.5237262310840317, 0.30868930524617466, 0.5047084330380174, 0.4326853800929117, -0.019886726428677004]], "inverted": false, "swapped": false, "error_lsq": 0.04530771127431873, "error_max": 0.2630161848228997, "target": "672.xyz", "model": "27.xyz", "model_rescale": 3.6321398670334006, "target_rescale": 3.9062627286706926},
{"mapping": [4, 8, 12, 10, 9, 3, 6, 13, 1, 11, 0, 14], "R": [[-0.4569562721940328, -0.11951358549900251, 0.8814235464200544], [0.3286497741591088, -0.9434973178090436, 0.04245158692331377], [0.8265472105377283, 0.3090781683786701, 0.47041513005428165]], "T": [-0.04315176833283665, -0.06795482350489017, 0.06887736950036741], "aligned_model": [[-0.18422395061176813, -0.18174462057473914, 0.2137986864958427, 0.15810800245804826, 0.5988466205816152, -0.7290504119895649, 0.4671067595631778, 0.5677294706102737, -0.29536631368656135, 0.27823101491362867, -0.35309105260420476, -0.025964978880874345], [-0.8137429583765379, 0.3113143703008274, 0.04348779229714721, 0.6548897820844602, 0.11475409051415571, -0.08685736950028736, -0.5360421770074474, -0.5069962751692888, -0.6384828217272206, 0.052408772399128015, 0.2812163157245594, -0.12035957217994318], [-0.2633363412804488, -0.2535765275639701, -0.7089829894372016, 0.2729896274080771, 0.036819880680153544, 0.04156758467871005, -0.28388019787577046, 0.3859641833886117, 0.31002633280466835, 0.6117876271235981, 0.48291704128847845, 0.10157436023867855]], "inverted": true, "swapped": false, "error_lsq": 0.04034944412684768, "error_max": 0.24191136628458362, "target": "672.xyz", "model": "28.xyz", "model_rescale": 4.156811204709835, "target_rescale": 3.9062627286706926},
{"mapping": [7, 8, 9, 10, 0, 6, 4, 2, 1, 11], "R": [[-0.8473374491763089, 0.36987424087066156, 0.38106730791782467], [0.3289610400179066, 0.9288915283318969, -0.17013277974444097], [-0.4168979268043002, -0.018803577680457942, -0.908758793130879]], "T": [-0.00734280436121057, 0.12207067371631222, 0.06777800479645493], "aligned_model": [[-0.5023800493954929, 0.0685118688207964, -0.024088284128287646, 0.7421975728443977, -0.21694569140257852, -0.7453027220707622, -0.5596400763973509, -0.4141821453233415, 0.33205904000816366, -0.03730413884495618], [-0.34627700269984674, -0.5381685528393383, 0.09913375974581567, 0.18754957530750055, -0.44110952791916835, -0.2357569613419032, 0.4548651428079672, 0.3048985099192256, 0.39686402000024756, 0.036721367645704106], [-0.5685667595934777, -0.21781173566746423, -0.651373577128909, -0.22978113488702592, 0.5165786116646369, 0.10724948837209713, -0.25392359634352124, 0.5793750455265597, 0.4566096653336661, 0.020430719698537526]], "inverted": false, "swapped": true, "error_lsq": 0.053472026449108125, "error_max": 0.24056600379609966, "target": "672.xyz", "model": "29.xyz", "model_rescale": 4.117894457231895, "target_rescale": 3.9062627286706926},
