[{"mapping": [11, 5, 3, 6, 12, 10, 8, 1, 0, 9, 2, 7, 4, 13], "R": [[-0.403756414421616, 0.7979602104078175, 0.4474821341900836], [-0.779047232539248, -0.5563215195775101, 0.2891224244639445], [0.479652131535282, -0.23187468482109425, 0.8462670756048465]], "T": [-0.19908451878069156, -0.009693523422637119, -0.049581891573655695], "aligned_model": [[0.1883606455945791, -0.22479827775325473, -0.34214165027555266, 0.19470905161115304, -0.4716168768118188, 0.13454622679322337, 0.5520562774061775, -0.7648523485574403, -0.6871238142900394, -0.049283225234045686, -0.18861309633979276, 0.45539853148213494, 0.5658136523749352, -0.061038528418629084], [-0.5810431283379682, -0.3233769872006801, 0.3949168225379795, 0.41745002985602825, -0.35045393398514374, -0.7610926683967957, -0.107433936136713, -0.1029918165311203, 0.3448412648646717, 0.029799346740272136, 0.7403311710971907, 0.005235598190886936, 0.5581929064265765, -0.04902052644385117], [-0.15208903478131391, -0.7375809813937715, -0.3479531885642083, -0.5465942586211696, 0.33084979006297044, 0.5331005049182261, -0.2414501996626636, -0.11474556792576965, 0.4315991185602014, 0.6664789001348932, 0.11956760541704511, 0.32833812737477763, 0.026838113444481643, 0.027467142383467952]], "inverted": false, "swapped": false, "error_lsq": 0.039968258873046225, "error_max": 0.21189321965605212, "target": "673.xyz", "model": "0.xyz", "model_rescale": 3.8414455957264533, "target_rescale": 4.235288388900786},
{"mapping": [10, 5, 2, 4, 8, 12, 1, 6, 9, 13, 7, 11, 0, 14], "R": [[-0.8022854549277725, 0.29654615309270566, -0.5180718366184897], [-0.5957959657377678, -0.3440734159746072, 0.7257001113615498], [0.03694882977765336, 0.8908837542044881, 0.4527260987314289]], "T": [-0.06358753862390229, 0.05286603496734377, -0.016718867688307788], "aligned_model": [[-0.12622536961117795, -0.21323580586435625, -0.474109689910865, 0.12332130180147197, -0.4353291495826134, 0.14662835991045112, 0.7601968253028676, -0.7471691770457588, -0.5650161804426114, 0.003978801810147203, -0.19195098761601073, 0.600461340867688, 0.4141890794983115, 0.0056772184640856566], [-0.6058078221115573, -0.21635760448681418, 0.360076337869012, 0.4014676062685048, -0.3995672069219851, -0.5661252252084195, -0.09905793099180837, -0.19230186515229672, 0.3471166262427746, 0.1557385267441925, 0.6769976279882275, -0.2178355626002127, 0.5683497745179729, 0.002660860523742564], [-0.19166615272126564, -0.5993395101766089, -0.5474712776802173, -0.3900274059048805, 0.5137665079969278, 0.3769162929572932, -0.2330434420800108, -0.3041836797037245, 0.3403463738171426, 0.73141149576134, 0.06657327894741076, 0.44374300136309375, 0.16082939882467825, -0.044028810054011505]], "inverted": false, "swapped": false, "error_lsq": 0.04803099247669521, "error_max": 0.2930998097060812, "target": "673.xyz", "model": "1.xyz", "model_rescale": 4.316132596720782, "target_rescale": 4.235288388900786},
{"mapping": [2, 10, 8, 0, 7, 3, 4, 6, 9, 12, 11, 13], "R": [[0.2755160726789171, 0.5397362768882372, 0.7954719637463096], [0.6386611681971945, -0.7212467250249986, 0.2681698601217313], [0.7184725505769728, 0.4341519469627404, -0.5434236662272645]], "T": [-0.11022079412533192, 0.08526621177359837, -0.021352466148196116], "aligned_model": [[-0.3236916220575729, 0.32670896207116806, 0.20127597189754748, -0.5190644190477561, -0.4881405393862145, -0.33343541572884167, -0.17868233638787556, -0.16467705192226934, 0.4704235785643591, 0.28130055209864874, 0.4666071824412249, -0.14081630791063765], [-0.6459324601691987, -0.41886607569179335, -0.372437434801014, 0.47201510248469924, -0.3830020769957096, -0.14563256116076873, 0.26359180228071755, 0.6576019574133292, 0.056812430627066604, 0.027047911221282958, 0.5137789153303303, -0.01220108279796138], [0.10631206878778932, 0.0913792831839235, -0.6575743756286165, -0.12634873405273261, -0.4414510426536295, 0.5494042775522168, -0.7626819484448043, 0.4720442407654644, -0.4435867501521201, 0.6018491980007166, 0.11353824418882216, -0.05362600033760872]], "inverted": false, "swapped": true, "error_lsq": 0.04591850101511626, "error_max": 0.2494637846411903, "target": "673.xyz", "model": "2.xyz", "model_rescale": 3.795458400668931, "target_rescale": 4.235288388900786},
{"mapping": [6, 12, 11, 8, 0, 4, 9, 3, 10, 7, 5, 13], "R": [[-0.6152666171512209, 0.15833423044474665, -0.7722546609045249], [-0.34463687985237845, -0.935071923110946, 0.08286084512732367], [-0.7089939427561496, 0.31712894866137165, 0.6298863540798633]], "T": [0.14470695760615307, -0.0030204023175031637, -0.01534956228541575], "aligned_model": [[-0.20317890870720343, -0.05824996833809404, -0.5579377938663885, 0.22459009736649152, 0.14913035747354314, 0.03078978578813954, -0.2600420835190008, 0.4919640499948693, 0.2048677163815229, 0.7236168976452265, -0.38643927386761245, 0.234192949392071], [-0.04590788633817498, -0.6751018329244847, -0.20092691925455156, 0.05708053462761676, 0.47284151602243146, 0.6363932998668709, -0.03151333557538847, -0.3926472904892787, -0.5552137815672344, 0.26902500988229544, 0.562330216143194, -0.010590485103585855], [-0.6869968565383293, -0.24376516182000632, -0.05624600683172278, 0.8220916253771396, -0.333607160132359, 0.38990269957711077, 0.5776138954830002, -0.4109575385940416, 0.37095158635232167, 0.3444224671052466, -0.12770508814448342, 0.04306696880522417]], "inverted": false, "swapped": true, "error_lsq": 0.04918183970523602, "error_max": 0.25919315998555154, "target": "673.xyz", "model": "3.xyz", "model_rescale": 3.7530521520055578, "target_rescale": 4.235288388900786},
{"mapping": [7, 3, 10, 12, 8, 6, 4, 0, 5, 11, 13], "R": [[-0.21376069398012043, -0.7640404673790822, -0.6087269748551407], [-0.9768068592978432, 0.17510702289694602, 0.12323104381953451], [0.012438864008458561, 0.6209506379248855, -0.7837509680522614]], "T": [-0.0944059006212385, -0.060730134435846586, -0.054947947393227115], "aligned_model": [[-0.40273579186799163, -0.16148430183152246, 0.46718476983175733, 0.39060402096846136, 0.21995707386920554, -0.2140392172881519, -0.3191650264899787, -0.5984668755641096, -0.30943086810185644, 0.3699083957341394, -0.10413257681474762], [-0.7164922704927048, 0.15199073746734004, -0.31068337048083944, 0.359231872317, -0.8058356685604444, 0.6873213277820694, -0.45165453877030276, 0.11255762719782976, 0.21191329297217515, 0.38417880740015176, -0.1553244585179286], [-0.1710945667361497, -0.6707016236855521, -0.3376221787502648, -0.42026416399178895, 0.18441546819014995, -0.04595464097182067, 0.5636939892351478, 0.15396810174491024, 0.6477548561054565, 0.2929276382246423, -0.10429210211941406]], "inverted": true, "swapped": true, "error_lsq": 0.04462248465419297, "error_max": 0.20599559598373277, "target": "673.xyz", "model": "4.xyz", "model_rescale": 3.7855080009869324, "target_rescale": 4.235288388900786},
{"mapping": [6, 13, 15, 14, 7, 4, 1, 8, 10, 5, 9, 0, 2, 16], "R": [[0.34605400718695944, 0.9285385588359686, 0.1343978008178356], [-0.8316925889836487, 0.2373050701049652, 0.5019698607806582], [0.43420509156333453, -0.28548633672612134, 0.8543790084050381]], "T": [-0.013666652310313436, -0.0017088083024002464, -0.05234864649400289], "aligned_model": [[-0.1560522086628663, -0.22811173364910686, -0.601032375332771, 0.12006290302279579, -0.394854743909764, 0.22788367230060322, 0.700081686349158, -0.6798188090579235, -0.5843163967750908, -0.02547003961481232, -0.11927896190256143, 0.5428308042160571, 0.5019362958627133, -0.0024435252648010407], [-0.6350502731850577, -0.23810845334778438, 0.43698895113009756, 0.49940263876061114, -0.41598374293894885, -0.5643769349781278, -0.25156695680446417, -0.12445258918937666, 0.26531892130384155, 0.025564334914330442, 0.6974258322456566, -0.0510152092811558, 0.5248600794604751, 0.04634754459123623], [-0.12077386311350796, -0.7027301912716919, -0.428996877570518, -0.48674607073325055, 0.44206149623221674, 0.3624510687529296, -0.017161238556858457, -0.24335948984510075, 0.3137378662839261, 0.7564900891798787, 0.031142752448480637, 0.49203480570005115, -0.0007299109986109165, -0.07359436516077722]], "inverted": true, "swapped": false, "error_lsq": 0.03939023675547975, "error_max": 0.23705640228168, "target": "673.xyz", "model": "5.xyz", "model_rescale": 4.2253639853439635, "target_rescale": 4.235288388900786},
{"mapping": [9, 12, 6, 11, 0, 1, 8, 7, 3, 4, 2, 10, 5, 13], "R": [[0.7254797586370318, -0.6867691800559507, 0.04502458365417086], [0.537752480886511, 0.524803725547276, -0.6598509823832214], [0.42953624888751457, 0.5029206129967004, 0.7500463105133351]], "T": [-0.0017777425726231491, -0.013276084945501972, 0.03993705305486575], "aligned_model": [[0.10631364708841085, -0.4128198242451775, -0.3260311941991451, 0.12664539819187676, -0.5354827708983417, 0.24525523497601814, 0.6766851070951645, -0.7489483148627392, -0.6142858898939868, -0.18013535091566477, 0.024027463474582598, 0.6112972862526042, 0.3802969780925797, -0.051401202574551344], [-0.5915391421518603, -0.21670209670887014, 0.4739333091245331, 0.23086544662403857, -0.5929268060212604, -0.4499331318125807, -0.2391119144508675, -0.024589796313842418, 0.2771863536024508, 0.04530712213976684, 0.576572880563438, 0.23826354896616714, 0.4720534531389705, 0.015974915981250185], [-0.12292643467914258, -0.7730857198742662, -0.22690498553970276, -0.6877003554751308, 0.189023047107952, 0.5756712347000552, -0.14594251906369538, -0.22651998262940018, 0.2484432015399151, 0.7223356782002279, 0.35865934795455934, 0.45149421310881166, -0.09868261994288988, 0.05996196593987349]], "inverted": true, "swapped": false, "error_lsq": 0.048822698658257856, "error_max": 0.27638542045879816, "target": "673.xyz", "model": "6.xyz", "model_rescale": 3.89814844738969, "target_rescale": 4.235288388900786},
{"mapping": [7, 4, 9, 1, 10, 5, 0, 2, 3, 6, 11, 12, 13], "R": [[-0.4250225336589452, 0.7421293996518981, 0.5182661478955038], [0.5984751221558031, -0.1991625439886614, 0.7759908564104099], [0.679104832881292, 0.6399829960587062, -0.3594974140560606]], "T": [-0.060393947171071244, 0.08441724628921961, -0.03250231478554845], "aligned_model": [[0.10059764461748275, -0.030785519149770735, 0.47438211311370604, -0.457942844095657, 0.5503538753968826, -0.4313295311709645, -0.5752708189086883, 0.24551984356453024, -0.2126540145757577, -0.6110960017216762, 0.01906985317839696, 0.0858398531894585, -0.008052652533720506], [-0.481408484848114, 0.2270631206482432, 0.4882847004211102, -0.5831985495942247, 0.0003740311608759206, 0.6399252518202664, 0.10064936985431018, -0.6062600363337378, -0.2802678494177034, 0.42918262189729756, 0.77755669464374, 0.25711991273652224, -0.005239517518100104], [-0.47125542014568966, -0.7840553041610768, -0.29162572288555666, -0.14485893138044575, 0.24622561284621103, -0.44259871016999963, -0.28228292951397227, 0.12843608838706388, 0.48972744687386327, 0.35716174955582913, 0.18611233468562544, 0.670240962592699, -0.058952145848255554]], "inverted": false, "swapped": true, "error_lsq": 0.04677197335982344, "error_max": 0.27507778215697015, "target": "673.xyz", "model": "7.xyz", "model_rescale": 3.7474275329858107, "target_rescale": 4.235288388900786},
{"mapping": [11, 9, 5, 8, 10, 12, 13, 7, 6, 0, 3, 1, 2, 14], "R": [[0.891400392558548, 0.2623498837170422, -0.369564444529126], [0.015350291300208124, -0.8324343748635189, -0.553910985721155], [-0.4529566300469238, 0.48808354823660816, -0.7460594756702024]], "T": [0.02922828739002197, -0.024001700263557923, 0.028330567385490276], "aligned_model": [[-0.15351958243178454, -0.29235737739174533, -0.4869272105246654, 0.13110647796252395, -0.46491783914092494, 0.2676813199548981, 0.7501489867166354, -0.6072696133613316, -0.6794416268250852, -0.1531521247888276, -0.19193333523412795, 0.48016937367192486, 0.6135568908598596, 0.0882722281142807], [-0.5627756290464156, -0.16983766002954861, 0.3458634699359843, 0.4095244545300818, -0.45019129784059164, -0.5534785158083504, -0.492644110725214, -0.19348444533453504, 0.26943569537708406, 0.2092685761603116, 0.6520929115267358, 0.18590372120278706, 0.5814866087050453, -0.015809635972041484], [-0.22228033686518933, -0.6466916345711564, -0.30303738801694846, -0.48827975311927735, 0.4149122434124975, 0.23674619026562774, -0.2338896932575123, -0.1449427813625029, 0.30872233959668555, 0.6170033126502648, 0.11843134191599836, 0.5917075910488504, 0.051427898815261275, 0.023996740834568146]], "inverted": false, "swapped": false, "error_lsq": 0.0445985709978094, "error_max": 0.2790169861317134, "target": "673.xyz", "model": "8.xyz", "model_rescale": 4.019505241142653, "target_rescale": 4.235288388900786},
{"mapping": [7, 4, 0, 1, 2, 3, 6, 8, 10, 9, 5, 12, 13], "R": [[-0.48557794800666365, -0.5433921961482815, 0.6847911926819632], [-0.8552721530521714, 0.4573953052166076, -0.2435140221410457], [-0.18089665730228727, -0.7039278769383652, -0.6868492872864503]], "T": [0.05470115438350057, 0.01749434312139002, 0.031647231837146995], "aligned_model": [[-0.17853691268717875, -0.6939722465636331, -0.10032655441923641, 0.2467410360150681, 0.3960725087668852, 0.6884233560482729, 0.3813290363264779, -0.4692703249385552, 0.24498481431135125, -0.4101090365097363, -0.4593677299268267, 0.6204432889577305, 0.053289536360556604], [-0.6114389879186217, -0.037343404284247414, 0.2772109267813947, -0.30445023340876964, -0.6736264009135964, -0.07875679288255931, 0.6862867650124796, -0.5369786025043575, -0.34541145755576697, -0.02307546486673169, 0.5891042445918027, 0.210856725470477, -0.08899908940744472], [-0.26605094968723875, -0.11847725149106983, -0.4544245077807882, -0.6581732949358985, -0.016697791488825463, -0.10264409720086645, -0.10979152983013055, 0.3912509343479607, 0.5700308599517424, 0.5780398314462976, -0.12118178346643962, 0.4647817092525237, 0.020041364926612276]], "inverted": true, "swapped": true, "error_lsq": 0.056371377443367836, "error_max": 0.33738630421117755, "target": "673.xyz", "model": "9.xyz", "model_rescale": 3.877068213659057, "target_rescale": 4.235288388900786},
{"mapping": [2, 4, 5, 3, 8, 9, 13, 1, 0, 11, 12, 10, 6, 15], "R": [[0.22380524504563457, 0.21265516065090323, 0.9511514048449923], [0.9740275280462098, -0.08322073562991378, -0.2105817745423525], [0.03437421851116995, 0.9735769573124432, -0.22575721758559975]], "T": [0.02932434774316741, -0.04287663121501582, -0.008504362323111091], "aligned_model": [[0.17814564841483438, -0.14215066192301848, -0.48206646873134074, 0.09105864962285626, -0.45500632066211244, 0.17099688720100223, 0.691133002008749, -0.8019527278691948, -0.5952484571059855, -0.14885218990794402, -0.08280737664177512, 0.44679206746275213, 0.4698832948195537, -0.038508779106746875], [-0.6696139461007979, -0.23645195866480584, 0.4520911350942461, 0.3340618142748147, -0.4743610293098857, -0.5343728475985152, -0.20722146931274155, -0.024674069780362837, 0.3096335778028959, 0.15015083984435024, 0.6657958404398566, 0.060875568774876126, 0.3884730160843269, 0.0009676711330755261], [-0.16790297130593218, -0.6339766585982212, -0.3317407856774194, -0.5153254619345643, 0.4093089376697215, 0.40863550000597115, -0.37270015484889457, -0.25660454475353894, 0.33705518336301293, 0.6811685986596955, 0.19983435231860747, 0.5555585450278917, -0.02074654556493657, 0.03126207698577367]], "inverted": false, "swapped": false, "error_lsq": 0.03482377553242257, "error_max": 0.21618859551966926, "target": "673.xyz", "model": "10.xyz", "model_rescale": 4.260839863003843, "target_rescale": 4.235288388900786},
{"mapping": [5, 6, 12, 11, 10, 9, 4, 0, 3, 2, 7, 13], "R": [[-0.05950388738106466, -0.8632129029264687, -0.5013210264967951], [-0.923120529863113, -0.1435337111280452, 0.35671635947213887], [-0.3798786315809128, 0.48400574169225485, -0.7883087385518083]], "T": [0.0366977938093888, 0.02210316568582929, -0.0056183941802372475], "aligned_model": [[0.390152632612912, 0.27072823424192866, -0.4248928847053733, -0.298215738038411, -0.59156582317242, -0.4264486076711055, 0.2848491141651955, 0.5862528833839573, 0.04662129497529753, -0.12288532434163861, 0.21983988198456378, 0.024462985659223942], [0.05760345568916857, -0.6523364234697431, -0.5469529668035159, -0.2969119598159694, 0.09426625465742608, 0.393514974964284, 0.6373568103867644, -0.012697552548858744, -0.4017882916032518, 0.2004284578780344, 0.609301226457463, 0.09129451974113223], [-0.7043106093435361, -0.25926183224653454, 0.08475755865436571, -0.5718439952271144, 0.23488677954688564, -0.4103256643277097, -0.38763969621550465, -0.16223941420275453, 0.493500657431342, 0.7287199776043018, 0.394679933410257, 0.0752543823115068]], "inverted": false, "swapped": true, "error_lsq": 0.038141219266651046, "error_max": 0.24154840259396348, "target": "673.xyz", "model": "11.xyz", "model_rescale": 3.890672605050136, "target_rescale": 4.235288388900786},
{"mapping": [12, 10, 2, 4, 9, 5, 7, 11, 6, 6, 0, 8, 3, 13], "R": [[-0.44439058162488915, 0.7788725557817083, -0.4425771715906306], [-0.6233710483843872, 0.08595160975512359, 0.7771877873568609], [0.6433704586000534, 0.6212647283007242, 0.4473305158047957]], "T": [-0.13759176620876631, 0.07974873858644006, 0.09122236398170333], "aligned_model": [[0.09484831904284852, -0.3909520864323015, -0.4690549975728837, 0.08735225217978168, -0.4580967824120342, 0.21198576087626145, 0.6233370078475949, -0.6564606878561774, -0.40929868777959943, -0.40929868777959943, 0.06608301503770855, 0.3611094004860438, 0.6640950116373268, -0.014232269693340682], [-0.49379115380549987, -0.2744585253562469, 0.2970713923649739, 0.34712117063287506, -0.5872614848429824, -0.5715596391218786, -0.26578327143512703, 0.020632453549477375, 0.17690231761115194, 0.17690231761115194, 0.6332020522455727, 0.20248411783275036, 0.5200110756013939, 0.03388131979372038], [-0.3236941882891561, -0.689729789961818, -0.4990886761276624, -0.5162059980478684, 0.3324573375045665, 0.33322470181986263, -0.07777231386331054, -0.0821052763043559, 0.5900157829386375, 0.5900157829386375, 0.12123157641958604, 0.5966174756088662, -0.03734878688393661, -0.013791556404881652]], "inverted": true, "swapped": false, "error_lsq": 0.04634469592318745, "error_max": 0.2844705279792561, "target": "673.xyz", "model": "12.xyz", "model_rescale": 4.124412569039231, "target_rescale": 4.235288388900786},
{"mapping": [0, 6, 11, 1, 5, 4, 3, 7, 12, 2, 9, 10, 13], "R": [[-0.0005979667818736267, -0.10520024737362416, -0.9944508788211999], [-0.7564090362290634, -0.6504216030273081, 0.06926115958029128], [-0.6540986258560307, 0.7522530466989918, -0.07918548721411872]], "T": [0.11647401985951378, 0.10523893504273521, -0.0014464424017831975], "aligned_model": [[-0.10438445735922378, -0.06416990711730278, 0.6208752212032942, -0.5882377115528417, 0.4325025242554954, 0.458955535772098, -0.39908605211583414, -0.08587336817630867, 0.12930252109704515, -0.26745181006567853, 0.8121349029466466, 0.3348835926568342, 0.08784731596553334], [-0.19340772566002232, 0.5011786702651297, 0.5106745335803691, -0.23172048401340914, -0.1831618037332817, -0.5702332272679232, 0.48655603466771824, -0.44596276498187193, 0.841097436494225, 0.11117053703058435, 0.03363525034192169, 0.4252705077097966, 0.06238841207524083], [0.4341953088934395, 0.6186934594444798, 0.3387748957238184, -0.08031158787707217, 0.6552973459026289, 0.11035771459793549, -0.13447784034248772, -0.44168905568670963, -0.05981034103594457, -0.6715847109132289, -0.16627406103938663, -0.5561017168103484, -0.09537132988928475]], "inverted": true, "swapped": true, "error_lsq": 0.04988249338653867, "error_max": 0.3529444153704483, "target": "673.xyz", "model": "13.xyz", "model_rescale": 3.9028299243045295, "target_rescale": 4.235288388900786},
{"mapping": [5, 4, 7, 3, 13, 12, 2, 10, 14, 11, 9, 1, 6, 15], "R": [[-0.19060535677793786, 0.03148012096810382, -0.9811618622589187], [-0.9438019885076678, 0.2690383516946798, 0.19197961299675126], [0.2700137116083693, 0.9626148592771897, -0.021569150243554436]], "T": [0.06882556843901014, -0.09317482696593496, -0.05690140152201653], "aligned_model": [[-0.15718904452280316, -0.22620956108738136, -0.4312795463889364, 0.2866474560562717, -0.48243782228599563, 0.09615015835099233, 0.7895478749045819, -0.6598646264510328, -0.5857727363174972, 0.028105862166585123, -0.21037756704134256, 0.485536315209229, 0.3495793253905036, 0.01898047959845521], [-0.5448907484076169, -0.19594773519454606, 0.5787156848597603, 0.19425478705983915, -0.553765520521947, -0.514722496072654, -0.23580511894709147, -0.011688258775286717, 0.07879283822767558, 0.14418380312684922, 0.5889987693661964, 0.16679079591511384, 0.5114349024311498, 0.009002439613891175], [-0.1403996332336333, -0.6583623525091007, -0.4019897526419903, -0.5654555161391326, 0.2845897972682242, 0.4960825208642681, -0.10554013431904863, -0.1900296897428023, 0.5131677471965561, 0.6415679783218609, 0.18295324210384417, 0.3685028581993467, -0.05118604280685113, -0.05007495121437415]], "inverted": false, "swapped": false, "error_lsq": 0.04005295024911846, "error_max": 0.2174451572033197, "target": "673.xyz", "model": "14.xyz", "model_rescale": 3.942246331269136, "target_rescale": 4.235288388900786},
{"mapping": [0, 9, 10, 5, 8, 0, 1, 6, 11, 13, 4, 12, 3, 14], "R": [[-0.20469089585593306, -0.8045552836989126, -0.5574876075984633], [0.8415177237344481, -0.4355499781468331, 0.3195999642945639], [-0.499949555249816, -0.4037164995494435, 0.7662006461737392]], "T": [-0.10368885903651351, 0.052116181151973515, -0.03733811188049481], "aligned_model": [[0.14157455856242104, -0.4623078139114982, -0.5136492548536095, 0.32923351733783135, -0.4292942762030677, 0.14157455856242104, 0.6977496220429484, -0.6215551727019107, -0.6761358645089196, -0.07539994615374926, -0.13899969412352917, 0.47016570465708973, 0.47816150014093917, -0.03970087126573647], [-0.6395732158427652, -0.051803737752002935, 0.5482684520153631, 0.024532065862346228, -0.5089624877937976, -0.6395732158427652, -0.06588554316294297, -0.15169347805609396, 0.21156382669956747, 0.34959139138415113, 0.6232010086640762, 0.0635933295081347, 0.47336234321314724, -0.021266596215085226], [0.008804243293500894, -0.7506090294088392, -0.3451788402153816, -0.500584148892354, 0.3845774790303262, 0.008804243293500894, -0.01700612023259486, -0.09270500923373988, 0.3638998460840452, 0.7187294004559032, 0.0902520195307318, 0.5445858289883987, -0.06078509408391368, -0.028958747262416894]], "inverted": false, "swapped": false, "error_lsq": 0.05171164989006123, "error_max": 0.38399445285281936, "target": "673.xyz", "model": "15.xyz", "model_rescale": 4.355366556412066, "target_rescale": 4.235288388900786},
{"mapping": [2, 10, 8, 0, 7, 3, 4, 6, 9, 12, 11, 13], "R": [[0.2755160726789171, 0.5397362768882372, 0.7954719637463096], [0.6386611681971945, -0.7212467250249986, 0.2681698601217313], [0.7184725505769728, 0.4341519469627404, -0.5434236662272645]], "T": [-0.11022079412533192, 0.08526621177359837, -0.021352466148196116], "aligned_model": [[-0.3236916220575729, 0.32670896207116806, 0.20127597189754748, -0.5190644190477561, -0.4881405393862145, -0.33343541572884167, -0.17868233638787556, -0.16467705192226934, 0.4704235785643591, 0.28130055209864874, 0.4666071824412249, -0.14081630791063765], [-0.6459324601691987, -0.41886607569179335, -0.372437434801014, 0.47201510248469924, -0.3830020769957096, -0.14563256116076873, 0.26359180228071755, 0.6576019574133292, 0.056812430627066604, 0.027047911221282958, 0.5137789153303303, -0.01220108279796138], [0.10631206878778932, 0.0913792831839235, -0.6575743756286165, -0.12634873405273261, -0.4414510426536295, 0.5494042775522168, -0.7626819484448043, 0.4720442407654644, -0.4435867501521201, 0.6018491980007166, 0.11353824418882216, -0.05362600033760872]], "inverted": false, "swapped": true, "error_lsq": 0.04591850101511626, "error_max": 0.2494637846411903, "target": "673.xyz", "model": "16.xyz", "model_rescale": 3.795458400668931, "target_rescale": 4.235288388900786},
{"mapping": [7, 4, 9, 1, 10, 5, 0, 2, 3, 6, 11, 12, 13], "R": [[-0.4250225336589452, 0.7421293996518981, 0.5182661478955038], [0.5984751221558031, -0.1991625439886614, 0.7759908564104099], [0.679104832881292, 0.6399829960587062, -0.3594974140560606]], "T": [-0.060393947171071244, 0.08441724628921961, -0.03250231478554845], "aligned_model": [[0.10059764461748275, -0.030785519149770735, 0.47438211311370604, -0.457942844095657, 0.5503538753968826, -0.4313295311709645, -0.5752708189086883, 0.24551984356453024, -0.2126540145757577, -0.6110960017216762, 0.01906985317839696, 0.0858398531894585, -0.008052652533720506], [-0.481408484848114, 0.2270631206482432, 0.4882847004211102, -0.5831985495942247, 0.0003740311608759206, 0.6399252518202664, 0.10064936985431018, -0.6062600363337378, -0.2802678494177034, 0.42918262189729756, 0.77755669464374, 0.25711991273652224, -0.005239517518100104], [-0.47125542014568966, -0.7840553041610768, -0.29162572288555666, -0.14485893138044575, 0.24622561284621103, -0.44259871016999963, -0.28228292951397227, 0.12843608838706388, 0.48972744687386327, 0.35716174955582913, 0.18611233468562544, 0.670240962592699, -0.058952145848255554]], "inverted": false, "swapped": true, "error_lsq": 0.04677197335982344, "error_max": 0.27507778215697015, "target": "673.xyz", "model": "17.xyz", "model_rescale": 3.7474275329858107, "target_rescale": 4.235288388900786},
{"mapping": [8, 3, 11, 1, 5, 4, 0, 10, 12, 9, 7, 6, 2, 13], "R": [[0.883834277387379, -0.277993165107768, -0.3762403092021046], [0.287445894571894, 0.957260595819888, -0.032046987133223445], [0.3690688659435982, -0.07982450653726977, 0.925967721007157]], "T": [-0.08006009110381787, 0.05134089781478067, -0.012934700109807105], "aligned_model": [[-0.04780262183815184, -0.19735859259347488, -0.5431923470986778, 0.20104575467283706, -0.4823632943514461, 0.22987882237312626, 0.673568083765506, -0.6753016114273643, -0.6385742415032486, -0.018344789649809512, -0.22582933460527135, 0.4698484501835346, 0.5307054767563132, 0.025136812897756863], [-0.6302157421111759, -0.13156637874631621, 0.4132106096953365, 0.3800928012164424, -0.38661031866489276, -0.585728770426499, -0.24408714759132466, -0.2598601378555221, 0.27109904044495214, 0.1501196008749588, 0.7816286891944465, -0.002659832826306441, 0.4011734412682399, 0.05875828820899406], [-0.23941748856869757, -0.6558772877788133, -0.43281026130222694, -0.5527681061617602, 0.3988550536614171, 0.4198538507326143, -0.22248000502387374, -0.17193412886381443, 0.43316531767189975, 0.6459720878687849, 0.10042469053393727, 0.5252876784381095, 0.07880044292195554, -0.00324577278236576]], "inverted": false, "swapped": false, "error_lsq": 0.035739760229597524, "error_max": 0.2148889571526528, "target": "673.xyz", "model": "18.xyz", "model_rescale": 3.922800546911778, "target_rescale": 4.235288388900786},
{"mapping": [9, 7, 13, 12, 10, 2, 0, 11, 4, 6, 8, 1, 5, 14], "R": [[0.5915157538681187, -0.522576607265841, 0.6140218257231206], [0.806273878736948, 0.3780603805338183, -0.454964593278534], [0.005616528492626727, 0.7641884834313768, 0.6449685390765536]], "T": [-0.008537890601346042, 0.08019528427542888, 0.02675003979909346], "aligned_model": [[-0.12197003091351494, -0.2485439610001528, -0.5222131474201619, 0.15905327841459774, -0.4584284195089875, 0.18140519273112457, 0.780484681022472, -0.6475014047776249, -0.6533749709565142, -0.1751663535881246, -0.03107434868508189, 0.4529479406930487, 0.616911409480135, -0.031113297909585273], [-0.7065800879104062, -0.19638866260701682, 0.41066189316096396, 0.4200311338817605, -0.43414464971293687, -0.5760423040033246, -0.16713577323828888, -0.17692102657243403, 0.18357143638976187, 0.2122519138357351, 0.6661528464653913, 0.05347883197899711, 0.49355442622769263, 0.03286416478543827], [-0.14892252260330574, -0.6832565978862923, -0.2874844232440355, -0.6624805746955946, 0.4552982769525696, 0.24216316756067063, -0.0945486210927774, -0.1545244565215147, 0.3387847334875064, 0.6829236249310671, 0.20149699225050305, 0.6049369322716396, -0.11636219929242803, -0.05419826077084103]], "inverted": true, "swapped": false, "error_lsq": 0.03690760386487736, "error_max": 0.24291681693974587, "target": "673.xyz", "model": "19.xyz", "model_rescale": 3.9282355846067225, "target_rescale": 4.235288388900786},
{"mapping": [1, 0, 4, 11, 5, 2, 10, 3, 6, 7, 8, 12, 9, 13], "R": [[-0.39143620657962713, 0.25128609224226217, -0.8852304762174451], [0.2626881669355987, -0.8914484355222919, -0.3692080900479742], [-0.8819141812730796, -0.37706098531997617, 0.28293531101465974]], "T": [-0.08940372990471668, 0.08979617963954754, 0.10069182371121965], "aligned_model": [[-0.20859548556996338, -0.12496292166378822, -0.383295372326671, 0.2322105110587651, -0.5257746577519358, 0.14373925833370277, 0.6348882290773654, -0.6991207019885609, -0.6310417376577401, 0.08444921200191174, -0.2225996117064795, 0.6713424902611269, 0.38972190963912706, -0.059544554125230326], [-0.5875017934438156, -0.17205348624548994, 0.3826796108226303, 0.288909240220802, -0.3838599795210691, -0.6650020511331232, -0.31209140518019574, -0.18281038821989576, 0.1995599899771779, 0.006626361754072038, 0.8377666638195327, 0.2546478559010234, 0.5881363694460789, -0.03965284551639482], [-0.19690114889602506, -0.6545348207831163, -0.3759787577103347, -0.5078157279604121, 0.370729614524953, 0.33444423165086823, -0.13620873836729583, -0.24613081432493888, 0.44915161845742074, 0.6931069757481422, 0.06300109547740769, 0.44257405285559714, 0.0778773109380409, 0.010511179736859513]], "inverted": true, "swapped": false, "error_lsq": 0.04688592631081575, "error_max": 0.2851978487982701, "target": "673.xyz", "model": "20.xyz", "model_rescale": 4.067790424073018, "target_rescale": 4.235288388900786},
{"mapping": [8, 4, 6, 2, 1, 7, 0, 5, 13, 10, 11, 12, 3, 14], "R": [[-0.6751539372244422, 0.42387978318966396, 0.6037326315956575], [-0.013451456018099384, 0.8112138798300347, -0.5845948165200369], [-0.7375542145370249, -0.4028125749951035, -0.5419924446378259]], "T": [-0.05397420814395659, 0.015745472309383998, 0.015104221318524208], "aligned_model": [[-0.13750593251440346, -0.31231087685619713, -0.2797403862666525, 0.2958918783728336, -0.3888945361658307, 0.2141985070425375, 0.5649764875634682, -0.5806178991081569, -0.6287639740495076, -0.2884470880273635, -0.06503394420191466, 0.4529601008342128, 0.5146018484296685, -0.0598976174710644], [-0.5132463557162408, -0.16409257834309462, 0.5432136337368236, 0.13943978102657167, -0.5589738276960365, -0.647705511450337, -0.2575244650606451, -0.2066269444678327, 0.2122854973154751, 0.12722864719283905, 0.5996532521240727, 0.2840641319337249, 0.6285714643174872, 0.029067417768525863], [-0.18074774734878624, -0.7220476869557862, -0.45218998385804265, -0.6298883143245908, 0.49555317943771793, 0.22624432690376903, -0.20095504632356107, -0.1320795137956171, 0.36311607263690227, 0.7922018933461497, 0.29252383289881123, 0.5230772227427245, -0.14272666305234263, 0.09174449903981924]], "inverted": true, "swapped": false, "error_lsq": 0.04438768316269209, "error_max": 0.23707280147477372, "target": "673.xyz", "model": "21.xyz", "model_rescale": 4.186013935880536, "target_rescale": 4.235288388900786},
{"mapping": [1, 3, 2, 4, 5, 7, 0, 6, 10, 12, 11, 9, 13], "R": [[0.961856466516984, -0.14553396122605552, -0.23162902225177895], [-0.19246517601203703, -0.9617426924322235, -0.19495678899662175], [-0.19439468573527863, 0.23210096872497246, -0.9530686473044906]], "T": [0.004610652406630748, -0.03378797651760568, 0.019091586834538755], "aligned_model": [[0.10737314135413156, -0.273373990963613, 0.3893603465882204, 0.446356494123981, -0.20382546697786788, 0.6298176648349301, -0.16949941074437674, -0.7432809173533887, 0.24996672578376045, -0.4277357082532551, -0.3799318433037109, 0.34029191308595746, 0.09305508724845658], [-0.45117011538934926, 0.1803725533934531, 0.24750179479668294, -0.5095350918490489, -0.5413247891507211, -0.25482912543721703, -0.57884442615323, -0.1481481942901431, 0.5960303456360183, 0.5614742197541434, 0.2242009694057821, 0.21325253230558183, -0.020024013475859144], [-0.6378802593414261, -0.5338659853156453, -0.5886610463070516, 0.42477828109511734, 0.5788434721836568, -0.29529406837519895, 0.0003517095666248256, 0.058511640314835925, -0.010819962089777906, -0.042537881604655714, 0.5848812369420626, 0.6043508234256106, -0.03977839915880661]], "inverted": true, "swapped": true, "error_lsq": 0.04393740992926236, "error_max": 0.2565890042521952, "target": "673.xyz", "model": "22.xyz", "model_rescale": 4.166573947596378, "target_rescale": 4.235288388900786},
{"mapping": [7, 8, 3, 9, 1, 5, 10, 4, 2, 6, 12, 13, 14, 15], "R": [[-0.0519680394010924, 0.48043827000185485, 0.87548751652918], [0.9899627606882881, -0.09059051942894158, 0.10847621969822568], [0.1314269962040892, 0.8723373352707193, -0.47090818442829274]], "T": [-0.10002514470442825, 0.10775209972656005, -0.0333366142727758], "aligned_model": [[0.21313105706769553, -0.23807706390632627, -0.5598469530803427, 0.060096041631541225, -0.4713028191579538, 0.17258254844258603, 0.5775493772157254, -0.7109486528515292, -0.6960157698527556, -0.2594769707994847, 0.08026814341613689, 0.6328219676101037, 0.6190765443316978, -0.1184408824854643], [-0.5320139759935302, -0.24035496230350814, 0.35325486631240055, 0.42260572833112786, -0.30157711607720794, -0.4733063334652443, -0.15737965390823846, -0.2191127229063892, 0.21589062409390877, 0.18054118834263583, 0.6340222912117578, -0.16474603838373067, 0.43456183071889964, 0.06296841670845207], [-0.09675750436104513, -0.7501645442466662, -0.3328678282666873, -0.5188029514404445, 0.4168872660456671, 0.49497969633583483, -0.2109292761799902, -0.27784708088507326, 0.25976827049042617, 0.7071932606818115, 0.31295137431768216, 0.2914602662455276, 0.012115819923327095, 0.0158393026867973]], "inverted": false, "swapped": false, "error_lsq": 0.05088088879906393, "error_max": 0.3244081354875074, "target": "673.xyz", "model": "23.xyz", "model_rescale": 4.274766983524099, "target_rescale": 4.235288388900786},
{"mapping": [10, 7, 8, 9, 4, 5, 11, 0, 3, 1, 13], "R": [[-0.2065057315192548, -0.5429743263879968, 0.8139620775768356], [0.8826241677630794, 0.25566561045847397, 0.39447392069619414], [-0.4222913228213775, 0.7998837268705977, 0.42644584903288024]], "T": [0.06964504681366057, -0.014473757358087397, 0.08898416792003791], "aligned_model": [[0.27379300631947295, 0.058741980552256434, -0.33003741972770095, -0.43845655372638315, -0.6078832381839899, -0.5531016601267543, -0.19533237802118386, -0.08035583281835659, 0.7181188429007238, 0.435741255366271, 0.09866670142371944], [-0.13341086629230736, 0.6982932137013904, 0.32876243447397413, -0.18008671600089976, 0.3400785043462302, -0.18785101720514144, -0.6948090480113596, 0.13777979476904897, -0.05028431853001372, 0.5859156788448582, 0.07119887114770337], [-0.5450055773996193, -0.08544549188492315, -0.5696082887550746, -0.39127035547798883, 0.12510226683638997, 0.5322541420402566, 0.050513243649686984, 0.6200873804448226, 0.173255222361517, 0.43810603293425454, 0.03157785927225572]], "inverted": true, "swapped": true, "error_lsq": 0.05479468443328641, "error_max": 0.32132187117405925, "target": "673.xyz", "model": "24.xyz", "model_rescale": 3.7841303162186577, "target_rescale": 4.235288388900786},
{"mapping": [9, 8, 1, 4, 10, 14, 5, 0, 7, 11, 6, 13, 3, 15], "R": [[-0.26721262205273777, -0.2710167408346126, 0.9247417697947278], [0.7906750862242585, -0.6102207865084419, 0.04963365528832464], [0.5508450985893969, 0.7444330177392747, 0.3773448813216294]], "T": [-0.08297652336469356, -0.05850093594353524, -0.012977793552843574], "aligned_model": [[0.05193791859175893, -0.32337151076155396, -0.4439042689299552, 0.1987205488101807, -0.5170025366322729, 0.1939179495601796, 0.7122749977534062, -0.7889673268044232, -0.5927062225051886, -0.055664444761145, -0.050437251051194856, 0.4585641969366125, 0.5248565969386749, -0.06680207956344905], [-0.6200452696311707, -0.2092382761475241, 0.23855634287877409, 0.43474760891813413, -0.5029486364734741, -0.6885989602877671, 0.04742224472680738, 0.056813715858080205, 0.17724920257967336, 0.25394522044209966, 0.6568918940822187, -0.08798468535277099, 0.45096772772872595, 0.007576013359527012], [-0.10575043596973405, -0.5315781097324168, -0.591358748791747, -0.4967721459158126, 0.4553626452071461, 0.38149006685116194, -0.3675113510614523, -0.18505180637869267, 0.3147462765132529, 0.6877782402312995, 0.0828384198354963, 0.5508168091593113, 0.12838155785845323, 0.0004346535409011764]], "inverted": false, "swapped": false, "error_lsq": 0.04590600780552125, "error_max": 0.34613636581681384, "target": "673.xyz", "model": "25.xyz", "model_rescale": 4.19342608120988, "target_rescale": 4.235288388900786},
{"mapping": [2, 10, 8, 0, 7, 3, 4, 6, 9, 12, 11, 13], "R": [[0.2755160726789171, 0.5397362768882372, 0.7954719637463096], [0.6386611681971945, -0.7212467250249986, 0.2681698601217313], [0.7184725505769728, 0.4341519469627404, -0.5434236662272645]], "T": [-0.11022079412533192, 0.08526621177359837, -0.021352466148196116], "aligned_model": [[-0.3236916220575729, 0.32670896207116806, 0.20127597189754748, -0.5190644190477561, -0.4881405393862145, -0.33343541572884167, -0.17868233638787556, -0.16467705192226934, 0.4704235785643591, 0.28130055209864874, 0.4666071824412249, -0.14081630791063765], [-0.6459324601691987, -0.41886607569179335, -0.372437434801014, 0.47201510248469924, -0.3830020769957096, -0.14563256116076873, 0.26359180228071755, 0.6576019574133292, 0.056812430627066604, 0.027047911221282958, 0.5137789153303303, -0.01220108279796138], [0.10631206878778932, 0.0913792831839235, -0.6575743756286165, -0.12634873405273261, -0.4414510426536295, 0.5494042775522168, -0.7626819484448043, 0.4720442407654644, -0.4435867501521201, 0.6018491980007166, 0.11353824418882216, -0.05362600033760872]], "inverted": false, "swapped": true, "error_lsq": 0.04591850101511626, "error_max": 0.2494637846411903, "target": "673.xyz", "model": "26.xyz", "model_rescale": 3.795458400668931, "target_rescale": 4.235288388900786},
{"mapping": [2, 7, 1, 3, 6, 9, 8, 10, 4, 0, 11, 5, 13], "R": [[-0.37471621570805297, -0.6316022226308406, -0.6787240897840727], [0.7574396095354363, -0.6307191683209502, 0.16875594395260446], [-0.5346709227106348, -0.4508569208521823, 0.7147412408189746]], "T": [-0.13095113211095327, -0.016366081377263232, -0.13536412604215486], "aligned_model": [[0.031808508770940935, 0.29826813997379326, 0.5958722718258447, -0.018851265940927175, -0.14393057524110459, -0.629582660079089, -0.34205215823304314, -0.597839476019495, 0.07195486488599034, 0.3029327788311916, -0.7074678545051003, -0.06289292369805982, -0.0985432677496847], [-0.7135228857859782, -0.5531023868692141, -0.21662106446111715, -0.14213354319614677, 0.6347754733883701, -0.11834596214195184, -0.5795943192874321, -0.49114922485895735, 0.026468025370597524, 0.3443751879945968, 0.4307959366044993, 0.6180438933833545, -0.1181076268837063], [-0.42519375716367014, 0.12205827575063599, -0.3544660815138119, -0.7682293855342454, -0.5224302829932661, 0.371790681705369, 0.45583084198796053, -0.2552042837960629, 0.6015556769232865, -0.03860401660968195, -0.08820743119422358, 0.3198868699870717, -0.126650445449936]], "inverted": false, "swapped": true, "error_lsq": 0.045411862522487606, "error_max": 0.26211409058430374, "target": "673.xyz", "model": "27.xyz", "model_rescale": 3.6321398670334006, "target_rescale": 4.235288388900786},
