[{"mapping": [6, 10, 5, 4, 1, 8, 2, 3, 9, 7, 13, 12, 11, 14], "R": [[-0.4441308574172645, -0.6779528105877054, -0.5857710884859687], [0.7996574503806705, -0.005066778166347069, -0.6004350837598504], [0.4040986804488369, -0.7350879636990693, 0.5443803285243368]], "T": [-0.11307496344212156, 0.12569733560799679, 0.1608796773567093], "aligned_model": [[-0.0006703666922003582, 0.25718422513794537, -0.5452527077908095, -0.30703394540942186, -0.6034576722410055, -0.23842794981212068, -0.6706469591600315, -0.0752503982531586, -0.1425300900251086, 0.32008427921570504, 0.5417507461819563, 0.34842365789274976, 0.5702601545962045, -0.0829408725124008], [-0.6049563707552367, -0.1142123609839743, -0.4215789571389956, -0.38824633213070403, 0.21602527532858584, 0.1674776115381357, 0.06154095521251099, 0.41776215785152315, 0.8450869576738052, -0.14887519573196284, 0.46097933938792185, 0.6286727632527157, -0.04247171578940201, 0.15806920409511155], [0.4320418984570067, -0.4449129611669034, 0.40736209542152635, -0.361985102691623, 0.47409686603159873, -0.674708009747161, -0.07152559889516966, 0.6688670902202806, 0.19241136014217516, 0.7219820695837607, 0.43698424931873636, -0.10291503346913514, 0.13980432227840642, 0.08008484169633476]], "inverted": true, "swapped": true, "error_lsq": 0.04697956565255066, "error_max": 0.2918973626010513, "target": "675.xyz", "model": "0.xyz", "model_rescale": 3.8414455957264533, "target_rescale": 4.085252413860115},
{"mapping": [6, 10, 5, 12, 4, 3, 1, 11, 2, 8, 7, 0, 9, 13, 14], "R": [[0.9070142429566439, 0.3626290198809742, -0.2140685801652129], [0.3763240289643863, -0.9261332955440207, 0.025638722838383532], [-0.18895869468695503, -0.1038138373480903, -0.9764821037158165]], "T": [0.04461704414211044, -0.047465008317093466, 0.09841941746258846], "aligned_model": [[-0.43001498773756813, -0.4823067906409324, -0.10121024249727238, -0.4584346746620289, 0.5227655637484875, 0.33396891736293854, 0.39563984069674163, 0.04110268274166806, 0.2254462209648252, -0.6536646026198858, 0.4697309945310277, 0.6647831557084684, -0.06201095290823165, -0.030825364197602664, 0.04578691034239277], [-0.6528012427679617, -0.1498291576337326, -0.5711409917850272, 0.46124425247891665, -0.27511249237276064, -0.274933405453152, 0.28264831407604374, 0.7429921986972843, -0.7487104085747189, 0.20857154790622592, -0.12714086680888595, 0.31803347310529084, -0.09099790410579253, 0.5789375452024313, -0.02276996180601187], [0.2337695240685816, -0.3261440685823179, -0.2741670178685722, -0.16699233822214182, -0.02554771951147243, -0.5928912969112061, -0.6201250013775224, -0.22006206594413968, 0.24040682903689864, 0.3651597803123618, 0.5736929059862454, 0.1839894101572324, 0.7709110807735353, 0.5188659474844838, 0.012089902473348457]], "inverted": true, "swapped": false, "error_lsq": 0.047573929938704934, "error_max": 0.2834470448523276, "target": "675.xyz", "model": "1.xyz", "model_rescale": 4.316132596720782, "target_rescale": 4.085252413860115},
{"mapping": [10, 4, 8, 13, 12, 11, 9, 7, 2, 6, 1, 14], "R": [[-0.02597587182687411, -0.6285895829576085, -0.7773032807598421], [-0.7162659776694908, 0.5541167786503917, -0.4241670011343188], [0.6973437483164255, 0.5457377866844964, -0.4646309986093318]], "T": [0.054159991991942026, 0.11547370761727613, -0.07600272775710613], "aligned_model": [[-0.15151611110082555, 0.47305849797738214, 0.17108695004976018, -0.6890416692753646, -0.5763691832483679, -0.4799374963207413, -0.24353426599898062, -0.22528531337183696, 0.5874992502950223, 0.2742348762440607, 0.44260598416465924, 0.015007035217012785], [-0.5941778335833988, -0.497464546711621, -0.6223412821871123, 0.35418129654969754, -0.055949370545294, -0.08850048872972482, 0.38119342509876075, 0.4651898114490818, -0.01426081697326928, 0.11110464217084903, 0.5286444727258072, 0.04515711847720409], [0.049397753997555596, 0.078840730525447, -0.4730201993972931, 0.014077483040154284, -0.4055478615583954, 0.33485769159076517, -0.6761314142386671, 0.5383765256850171, -0.3362583187940728, 0.6800174695481184, -0.23455547951210742, -0.12079591967710095]], "inverted": false, "swapped": true, "error_lsq": 0.04440195721174995, "error_max": 0.2028855978340144, "target": "675.xyz", "model": "2.xyz", "model_rescale": 3.795458400668931, "target_rescale": 4.085252413860115},
{"mapping": [12, 9, 0, 5, 10, 4, 1, 11, 3, 6, 8, 14], "R": [[0.5842161082646011, 0.7749370634068296, -0.24117231723927934], [0.7916543348273413, -0.6095896756752579, -0.041034637310617794], [-0.17881541598319717, -0.1669520142691717, -0.9696143934256662]], "T": [0.11234132840867342, -0.07975507599536547, 0.10503891803444532], "aligned_model": [[-0.019116155445720484, -0.32938556186006285, -0.7861861437798563, 0.2815584065396979, 0.21490028652072984, 0.05696496528791203, -0.11257660942901007, 0.6445725078843968, 0.19523331138948052, 0.7550098718086781, -0.38216391784216486, 0.07449286466948442], [-0.25496303682685667, -0.5761006264327019, -0.06035860391963741, 0.13512210440279238, 0.49875819419416245, 0.6663575913075964, -0.3309670183239912, -0.011487036243835264, -0.6547785611035233, 0.19121402099712864, 0.5264543209729511, -0.043482303734375755], [-0.593226080492624, -0.17406989374307463, 0.08469662380701967, 0.7922331435203899, -0.3601893124737744, 0.22911592882640341, 0.5877850483501859, -0.35074757839386517, 0.19024854473987696, 0.4705132316928443, -0.2168934878304804, 0.029305262636198925]], "inverted": false, "swapped": true, "error_lsq": 0.050191175535093085, "error_max": 0.3354268186918769, "target": "675.xyz", "model": "3.xyz", "model_rescale": 3.7530521520055578, "target_rescale": 4.085252413860115},
{"mapping": [8, 9, 12, 13, 10, 3, 4, 1, 5, 7, 14], "R": [[-0.5130049025849353, -0.7182005953914932, -0.4701211276927747], [0.5351037603872342, -0.6958119675498596, 0.47907167671845813], [-0.6711854703010659, -0.005797464419736664, 0.7412667899366863]], "T": [-0.11749959991882852, -0.017668866571310775, 0.060807515691879255], "aligned_model": [[-0.30088121879173435, -0.23405234120358817, 0.25984800254244084, 0.507051003347697, 0.2397274392755751, -0.08348296530471716, -0.2794902556395039, -0.5940027675405273, -0.46142887107455766, 0.38182703779680033, -0.09691546096267983], [-0.8318170787327777, 0.11830132182548778, -0.22760414369941914, 0.2729841403647409, -0.668233980488907, 0.5247146251247159, -0.5993904217550099, 0.32776743340200204, 0.16741862137664026, 0.4773472670046837, -0.09428442610781027], [-0.07775516320150322, -0.6372690175074804, -0.5300299188888538, -0.317216081746354, 0.16466860156145063, -0.16155881776905065, 0.5196155563835552, 0.07972414783751902, 0.6888981174172171, 0.349744940398914, 0.014008412759902777]], "inverted": true, "swapped": true, "error_lsq": 0.04870408910937478, "error_max": 0.23421501749860407, "target": "675.xyz", "model": "4.xyz", "model_rescale": 3.7855080009869324, "target_rescale": 4.085252413860115},
{"mapping": [1, 12, 11, 14, 6, 13, 8, 15, 4, 2, 7, 10, 3, 9, 16], "R": [[-0.26268495173589473, 0.9643719628890954, 0.031358146069946836], [0.9337668320504902, 0.2622664720239857, -0.24350729150167913], [-0.24305579502225916, -0.03468450440074625, -0.9693920082508275]], "T": [0.04796136234932394, -0.04546241459795397, 0.09840892001643535], "aligned_model": [[-0.40083660739796056, -0.465914801556755, -0.10305302220896326, -0.4497465061858983, 0.4315862801635003, 0.09504897512101315, 0.5743048945975947, 0.1832925578713349, 0.2635538513427289, -0.5941609415909144, 0.7273544017915888, 0.5185700404069276, -0.14807580545834084, -0.16009459734647943, 0.00892795128365148], [-0.6398985461870851, -0.2215738650253885, -0.6110596025275756, 0.3555912419078301, -0.49090990935012563, -0.0490479278259896, 0.23093299860971522, 0.6813154608320012, -0.6959870929074988, 0.1134455290203503, -0.24909555796106408, 0.4377667956903509, 0.2405632132638501, 0.585595725190879, -0.008647562572100247], [0.23379727550328877, -0.3114463083358096, -0.4398574684594994, -0.12326706139412659, -0.1852907802266966, -0.6245278266590629, -0.2782579561245331, -0.2660049847538954, 0.37650657456468867, 0.4273662117978667, 0.33992105792542077, 0.3740559343940641, 0.7002190017228243, 0.35412822138095573, 0.09561398053982945]], "inverted": false, "swapped": false, "error_lsq": 0.03429118298332876, "error_max": 0.2506270478378723, "target": "675.xyz", "model": "5.xyz", "model_rescale": 4.2253639853439635, "target_rescale": 4.085252413860115},
{"mapping": [13, 9, 8, 10, 12, 2, 4, 11, 1, 3, 0, 5, 6, 14], "R": [[-0.44187637918133216, -0.8900473274561289, 0.11207595821494348], [0.631873615891001, -0.22012318633629, 0.743156454845136], [-0.6367738994827186, 0.39920112440392896, 0.6596646596659635]], "T": [0.08972257982152429, 0.0370505815256674, 0.03290563508669825], "aligned_model": [[0.5790379444113278, -0.21433707848398112, -0.46814507417552764, 0.13619426281585895, 0.07757973362186545, -0.4175782737271887, -0.11940415741404573, 0.6499670067073925, -0.13970402656384243, 0.26859160713322006, -0.7874922359481061, 0.13253062303518376, 0.6218152285591761, 0.055006592786450786], [-0.08699784662142093, 0.12294655091278481, -0.5760047727369468, -0.6850062107563512, -0.410983517428251, 0.15820787953935933, -0.3136008747224518, -0.37764809653146625, 0.5777701161253964, 0.45060903393590634, 0.026505583907192765, 0.45157620716612257, 0.15219381757824782, -0.0444687237331315], [-0.5692794927205875, -0.614823387322732, 0.20205810690439646, 0.22811737022395207, -0.5456018456158311, 0.3443242233417734, 0.6720107301327076, -0.06620577972018016, 0.07444070760674096, -0.3436033917112221, -0.16337126207750588, 0.6439526896184238, 0.6017975672632574, 0.0077419730082559785]], "inverted": true, "swapped": true, "error_lsq": 0.04745607823989328, "error_max": 0.29697760101457427, "target": "675.xyz", "model": "6.xyz", "model_rescale": 3.89814844738969, "target_rescale": 4.085252413860115},
{"mapping": [6, 7, 11, 5, 10, 3, 1, 4, 2, 9, 12, 8, 14], "R": [[0.8899449079359374, 0.10054296003363056, 0.4448473603682186], [-0.43650747183594585, 0.4703744097888309, 0.7669479393330425], [-0.13213359856708273, -0.8767206098886264, 0.4624950641101246]], "T": [-0.13716456227990392, 0.11967381442750516, -0.03762318513450868], "aligned_model": [[0.12551280181279012, 0.002164413639344026, 0.4433651024533506, -0.3371603809251427, 0.5572184490398674, -0.5076264954668918, -0.697650218367715, 0.22663350811565441, -0.38967243917479805, -0.4945725057676832, 0.11286961930511707, 0.19462171427535002, -0.08707176803501991], [-0.3806465205080989, 0.20420982343008218, 0.3733512623729571, -0.5470807073066454, 0.07411932433119381, 0.4316950046871756, -0.05582533440681611, -0.46372209817818133, -0.2769411233452528, 0.6901607773414231, 0.765485337243043, -0.0058328599425681305, 0.15480837975217304], [-0.5859832374615618, -0.7801149350418493, -0.3447142868496319, -0.2875883947133136, 0.24056788617938651, -0.36956369582881893, -0.07999325880382552, 0.2824485750083336, 0.34702099748828863, 0.21964606470771397, 0.19894243537246725, 0.7303818193195225, 0.031225061459584223]], "inverted": false, "swapped": true, "error_lsq": 0.04124128293787972, "error_max": 0.20894884559317603, "target": "675.xyz", "model": "7.xyz", "model_rescale": 3.7474275329858107, "target_rescale": 4.085252413860115},
{"mapping": [4, 9, 11, 5, 12, 10, 10, 6, 13, 8, 1, 0, 2, 3, 14], "R": [[0.2878700050065303, -0.7687775444344105, 0.5710621221819376], [0.7301422541689022, 0.5620476439814908, 0.3885804094032655], [-0.6196960132957885, 0.3050959407600394, 0.7231136273346342]], "T": [0.045686019532334664, -0.05902388243980821, 0.04220740782931929], "aligned_model": [[-0.36522160501668105, -0.5855746771541476, -0.03958221361567791, -0.4649607716366265, 0.45078768921285267, 0.4685174120724685, 0.4685174120724685, 0.10001167954920834, 0.06768024501945866, -0.5619385718570749, 0.5721078045387787, 0.48913230410816677, -0.04020174163447097, -0.12669742528593006, 0.048179130460234657], [-0.49339308105607704, -0.18023044995774198, -0.3881677512901139, 0.4126604668598799, -0.4987186914495386, 0.11200916151729742, 0.11200916151729742, 0.6992000905093134, -0.9366956440528866, -0.01333997574639309, -0.018120487706812453, 0.42097176597876135, -0.026756390308971305, 0.5712390507913367, -0.09367632544720217], [0.5468896536300518, -0.36664383761065267, -0.47824777525942264, -0.1303474915982561, -0.11012030124328723, -0.5637832447764779, -0.5637832447764779, -0.2562607276671269, 0.23539219399216746, 0.34866401562984445, 0.5770053478214237, 0.12689983855419842, 0.8789699770705504, 0.3374820595217287, 0.09083940858705178]], "inverted": true, "swapped": false, "error_lsq": 0.05997613468386741, "error_max": 0.4224422267387863, "target": "675.xyz", "model": "8.xyz", "model_rescale": 4.019505241142653, "target_rescale": 4.085252413860115},
{"mapping": [11, 8, 12, 13, 7, 3, 9, 6, 5, 2, 0, 1, 14], "R": [[0.6655599221625581, -0.6865388925663217, 0.2927359544107594], [0.745408248536985, 0.5918206512072557, -0.3067814528579654], [0.037370215733841666, 0.4223892349461908, 0.9056438600120789]], "T": [-0.0205828845202179, -0.10142556575448615, 0.05288971857788868], "aligned_model": [[-0.1018892497774038, -0.7849254570276275, -0.08641453813914729, 0.3566265132784709, 0.4033800905148132, 0.5584192950645096, 0.26781310992701163, -0.030761674624125247, 0.01310376729714132, -0.25959429315932797, -0.23664992420400868, 0.30495338207766914, -0.08436024948679915], [-0.6033975094657464, 0.25168473275656833, 0.11386572995782539, -0.2857237305671875, -0.7229947909562741, -0.048128645407464296, 0.46452875218202616, -0.8130301845288226, -0.3621449775827828, 0.22672520169987748, 0.765067428782492, 0.14553617551503423, -0.06860995427148732], [-0.4340243669438128, -0.029325209667902565, -0.6434354634601998, -0.6113329273479438, -0.05555378335168427, -0.02896187926454335, -0.2875610711599238, 0.3898375497267786, 0.7442167927718146, 0.5047806394243646, 0.15607196085606231, 0.47688899044416744, -0.004897737983297963]], "inverted": true, "swapped": true, "error_lsq": 0.04930416348206886, "error_max": 0.25075013938217516, "target": "675.xyz", "model": "9.xyz", "model_rescale": 3.877068213659057, "target_rescale": 4.085252413860115},
{"mapping": [13, 4, 2, 5, 9, 7, 8, 0, 14, 3, 10, 11, 6, 12, 15], "R": [[0.2900199638353041, -0.9402771940393743, 0.17823360779160072], [-0.5243494385303294, -0.00032472587891357874, 0.8515031185298337], [-0.8005910859420666, -0.34040959581443186, -0.4931279957450783]], "T": [-0.012166333276516408, -0.0327743436944939, 0.045267577670224574], "aligned_model": [[-0.32628875816119873, -0.5351987350256499, 0.034523693612724414, -0.4601944350581383, 0.536292287834786, -0.07369514028505025, 0.5391178261698216, 0.22223184490564396, 0.307298550969428, -0.6154244123127529, 0.4733405708611255, 0.5838138441929999, -0.17834885944925088, -0.04032061752526714, 0.01360901010380678], [-0.6811586036895002, -0.17930765629686496, -0.601854288791592, 0.5948273893273318, -0.38218193974243225, -0.11221274069829079, 0.09286810602638118, 0.7157371644724375, -0.6708736116303412, 0.07784559811092476, -0.13149828910223915, 0.3690290941080362, -0.04279600061702394, 0.5777404869269961, 0.052826191754325576], [0.32555929987936616, -0.35853407507934, -0.29284988036303194, -0.08272588686795929, -0.06766061479004065, -0.7647881712794279, -0.4797302186868456, -0.09094568101019956, 0.36195837108242135, 0.20837570524423824, 0.5529558758391792, 0.21265007883798803, 0.6390583737526693, 0.47500493185669046, 0.03462776345960718]], "inverted": true, "swapped": false, "error_lsq": 0.04407413119826016, "error_max": 0.2251572069083784, "target": "675.xyz", "model": "10.xyz", "model_rescale": 4.260839863003843, "target_rescale": 4.085252413860115},
{"mapping": [8, 4, 5, 2, 3, 9, 12, 10, 6, 7, 11, 14], "R": [[-0.8611602419830988, 0.15391080171562216, -0.4844734283145622], [0.3534580846021894, -0.50366129785878, -0.7882846436843488], [-0.3653360371725767, -0.8500804445194959, 0.37933206796759733]], "T": [-0.1290010991242883, 0.03853308539266948, -0.06134836545453122], "aligned_model": [[0.3896031183000738, 0.34583524592372283, -0.3324158972347956, -0.24827768627882252, -0.5923646689801813, -0.45509855670905025, 0.12109336693550726, 0.6137817459648651, 0.028782199570795364, -0.18290667302355162, 0.337269849483286, -0.06640339485771889], [-0.080922909638446, -0.5205308600282978, -0.6351789431399733, -0.3899589683107983, 0.32715170292592183, 0.567810054600973, 0.6961372800486824, 0.044981371040296154, -0.42027494928236986, 0.15728713805563638, 0.3507984608717715, 0.07577912838953824], [-0.7189543845944584, -0.2540235036049373, 0.16619734039021483, -0.4750903619375651, 0.15493215954783324, -0.4259160791370741, -0.2627494304595308, -0.16067265648996076, 0.5588275774160504, 0.6875471967622355, 0.3638029273172522, -0.1177227078145551]], "inverted": true, "swapped": true, "error_lsq": 0.05394308070995359, "error_max": 0.25657521947950884, "target": "675.xyz", "model": "11.xyz", "model_rescale": 3.890672605050136, "target_rescale": 4.085252413860115},
{"mapping": [2, 0, 8, 5, 4, 7, 9, 6, 1, 13, 10, 12, 11, 14], "R": [[-0.4788176180244553, 0.7537899787247404, 0.4500381724293419], [-0.36703329147970154, 0.2937938657890057, -0.8825937499044099], [-0.7975087783936696, -0.5877804287307522, 0.13599233796846755]], "T": [0.040866169674993, -0.0910622843275359, 0.0829417335837695], "aligned_model": [[0.5131721581859283, 0.22378919191550828, 0.5038333942387516, 0.5193874049886841, 0.7502859251650444, -0.30420288809381013, -0.43101522219796173, 0.3213961797380084, 0.09969735951997948, -0.6861692685647369, 0.29485663538312945, -0.41632963970724113, -0.22209779713964162, 0.04327240136205103], [-0.1779093539173539, 0.13824969287349065, 0.564342099474116, -0.6356651306008538, 0.1366142313935192, -0.4212877094057057, 0.0371595867277001, -0.4377463143991959, -0.5702203549066155, 0.0693335694353062, 0.5423451313882367, 0.4718549436622657, 0.21579790168263419, -0.0007157735797787834], [-0.28907899662408454, -0.7668210776685704, -0.18496158509962846, 0.22946030890154573, 0.22447891321882513, 0.6743226709090666, -0.4464639554907123, 0.7318883252939086, -0.2542314853480661, 0.3342127194554886, 0.392646656343889, -0.015288068837223279, 0.6594472950339136, 0.06517871526850931]], "inverted": true, "swapped": true, "error_lsq": 0.04980503838078009, "error_max": 0.2794650836761212, "target": "675.xyz", "model": "12.xyz", "model_rescale": 4.124412569039231, "target_rescale": 4.085252413860115},
{"mapping": [11, 5, 1, 10, 3, 13, 4, 12, 2, 8, 9, 0, 14], "R": [[0.9766864956489574, -0.21366024889105228, 0.02080353962124523], [0.13983819956818622, 0.7067545426441784, 0.6935007529868632], [-0.16287653961969858, -0.6744236906393722, 0.7201554820633395]], "T": [0.1115497321602818, 0.10586470052225636, 0.14458110537090163], "aligned_model": [[-0.23550073923233095, -0.04071901709217607, 0.5050870098656435, -0.5256741059283558, 0.6109635079882876, 0.32787340432029144, -0.5199864033320816, 0.2111475340489271, 0.09920720135890979, -0.28903827281911965, 0.6918198755664922, 0.45022119524269344, 0.08189711752257663], [-0.4879605395449773, 0.6629239057886263, 0.5158826578573573, -0.11923046836955756, -0.06340428573781573, -0.6414979761978902, 0.49271492673574246, -0.4638437999128662, 0.6737948397882432, 0.28319431521949856, -0.09061010688298679, 0.5112773855024878, 0.07424452226261523], [0.2949122017857417, 0.6066869325981539, 0.29870128829157877, -0.17931887185875595, 0.40287872548266923, 0.25457003668037076, -0.018681782498436772, -0.30382207276121165, -0.07063460695222179, -0.5791240856469753, -0.23498113005788568, -0.5828003937694508, 0.06331183967426245]], "inverted": true, "swapped": true, "error_lsq": 0.04534818590217991, "error_max": 0.2495907040858791, "target": "675.xyz", "model": "13.xyz", "model_rescale": 3.9028299243045295, "target_rescale": 4.085252413860115},
{"mapping": [0, 4, 3, 10, 6, 7, 9, 14, 2, 5, 1, 11, 12, 13, 15], "R": [[-0.5459554045285491, 0.793642414340266, -0.26844815966257274], [0.39949016789272285, 0.5282440225315526, 0.7492435241073018], [0.7364375751026779, 0.30181115092030397, -0.6054500203625803]], "T": [-0.005620444012533844, -0.1015594265119713, 0.1295579656392361], "aligned_model": [[-0.5148739843129743, -0.5653241473487963, -0.04197219792618127, -0.3192500648812156, 0.5175911308715143, 0.03839802442072778, 0.4960898106526738, 0.20873796756142532, 0.15035012635399256, -0.4522097925765527, 0.5987249165432453, 0.5738426762817422, 0.06375416891342811, -0.32136919465790154, 0.048267230937900106], [-0.7540571277575872, -0.21874902467047205, -0.6060658354983064, 0.3901646053578662, -0.3762978113011361, 0.0275262885778364, 0.20213547589760544, 0.7451077248968407, -0.6904797882464868, 0.06906936467512115, -0.20104592960412182, 0.3284024217545612, 0.24702523950592586, 0.583414853623144, -0.06715955705264134], [0.17564474037324743, -0.23425742221266715, -0.23491600944988517, -0.33433484465686253, -0.17894929534505893, -0.7660017523213882, -0.3772967305784, -0.012765113640723302, 0.5430742993792859, 0.31271255341237797, 0.34650928879723575, 0.28834080347750757, 0.7278189309875112, 0.38207393308387916, 0.03530249056925516]], "inverted": false, "swapped": false, "error_lsq": 0.04618012841549943, "error_max": 0.2754252708913863, "target": "675.xyz", "model": "14.xyz", "model_rescale": 3.942246331269136, "target_rescale": 4.085252413860115},
{"mapping": [7, 9, 6, 5, 11, 10, 4, 3, 8, 2, 13, 12, 0, 1, 14], "R": [[-0.017807474291424513, 0.4897466822275141, -0.8716829016944768], [-0.238676367346856, 0.8445344806629875, 0.4793694844703895], [0.9709358812658379, 0.21658646822560415, 0.10185193298161041]], "T": [0.07079577110832011, -0.018429623674318028, -0.0241226408662727], "aligned_model": [[-0.5412042154612356, -0.5586658703618751, -0.030452912514907948, -0.38142308299660455, 0.5500661084992806, 0.09773998667802765, 0.4729507862291782, 0.20862485060860556, 0.17896672574279562, -0.6255017482970228, 0.8666007556285253, 0.5203047856827565, -0.263720179831478, -0.04819183625542248, 0.03466251748240512], [-0.5591988324817051, -0.2796968946757174, -0.5600161858880564, 0.42629399409255847, -0.5246078529079041, -0.13553364694744244, 0.16855529165864064, 0.6824270866229941, -0.6053550509497536, 0.06472376292660192, 0.020431221919008282, 0.41681429086716193, -0.09232197922344612, 0.6491626518453998, 0.007313043299809349], [0.22886784783584296, -0.4527014097681986, -0.12015434934055222, -0.04645132155914775, -0.19203502457770788, -0.7273730749391871, -0.40749186520969005, -0.10381546975306927, 0.4684811691868014, 0.27737893028427796, 0.1374759599874598, 0.5017867038250691, 0.6265358572927089, 0.41950325867170046, 0.0629486599390075]], "inverted": true, "swapped": false, "error_lsq": 0.047127599326867754, "error_max": 0.4329282169861594, "target": "675.xyz", "model": "15.xyz", "model_rescale": 4.355366556412066, "target_rescale": 4.085252413860115},
{"mapping": [10, 4, 8, 13, 12, 11, 9, 7, 2, 6, 1, 14], "R": [[-0.02597587182687411, -0.6285895829576085, -0.7773032807598421], [-0.7162659776694908, 0.5541167786503917, -0.4241670011343188], [0.6973437483164255, 0.5457377866844964, -0.4646309986093318]], "T": [0.054159991991942026, 0.11547370761727613, -0.07600272775710613], "aligned_model": [[-0.15151611110082555, 0.47305849797738214, 0.17108695004976018, -0.6890416692753646, -0.5763691832483679, -0.4799374963207413, -0.24353426599898062, -0.22528531337183696, 0.5874992502950223, 0.2742348762440607, 0.44260598416465924, 0.015007035217012785], [-0.5941778335833988, -0.497464546711621, -0.6223412821871123, 0.35418129654969754, -0.055949370545294, -0.08850048872972482, 0.38119342509876075, 0.4651898114490818, -0.01426081697326928, 0.11110464217084903, 0.5286444727258072, 0.04515711847720409], [0.049397753997555596, 0.078840730525447, -0.4730201993972931, 0.014077483040154284, -0.4055478615583954, 0.33485769159076517, -0.6761314142386671, 0.5383765256850171, -0.3362583187940728, 0.6800174695481184, -0.23455547951210742, -0.12079591967710095]], "inverted": false, "swapped": true, "error_lsq": 0.04440195721174995, "error_max": 0.2028855978340144, "target": "675.xyz", "model": "16.xyz", "model_rescale": 3.795458400668931, "target_rescale": 4.085252413860115},
{"mapping": [6, 7, 11, 5, 10, 3, 1, 4, 2, 9, 12, 8, 14], "R": [[0.8899449079359374, 0.10054296003363056, 0.4448473603682186], [-0.43650747183594585, 0.4703744097888309, 0.7669479393330425], [-0.13213359856708273, -0.8767206098886264, 0.4624950641101246]], "T": [-0.13716456227990392, 0.11967381442750516, -0.03762318513450868], "aligned_model": [[0.12551280181279012, 0.002164413639344026, 0.4433651024533506, -0.3371603809251427, 0.5572184490398674, -0.5076264954668918, -0.697650218367715, 0.22663350811565441, -0.38967243917479805, -0.4945725057676832, 0.11286961930511707, 0.19462171427535002, -0.08707176803501991], [-0.3806465205080989, 0.20420982343008218, 0.3733512623729571, -0.5470807073066454, 0.07411932433119381, 0.4316950046871756, -0.05582533440681611, -0.46372209817818133, -0.2769411233452528, 0.6901607773414231, 0.765485337243043, -0.0058328599425681305, 0.15480837975217304], [-0.5859832374615618, -0.7801149350418493, -0.3447142868496319, -0.2875883947133136, 0.24056788617938651, -0.36956369582881893, -0.07999325880382552, 0.2824485750083336, 0.34702099748828863, 0.21964606470771397, 0.19894243537246725, 0.7303818193195225, 0.031225061459584223]], "inverted": false, "swapped": true, "error_lsq": 0.04124128293787972, "error_max": 0.20894884559317603, "target": "675.xyz", "model": "17.xyz", "model_rescale": 3.7474275329858107, "target_rescale": 4.085252413860115},
{"mapping": [9, 2, 1, 8, 13, 11, 3, 5, 12, 7, 10, 4, 6, 14], "R": [[0.8657518362550419, -0.30433648209247766, 0.39730726609086614], [-0.2620442358974604, 0.4006950696169863, 0.8779386536755031], [-0.42638782399822267, -0.8641890804981359, 0.2671528713936032]], "T": [0.09471832337872226, -0.025746313612595436, -0.022192524871450646], "aligned_model": [[0.459257763803078, 0.11105665921819802, 0.584742505262453, -0.49473897926491867, 0.1963737952110065, -0.27928457279587887, 0.613383455285677, 0.21782030142474917, -0.07427580107579902, 0.23490421362884462, -0.6451392197095225, -0.47255926618348715, -0.06995187325367798, 0.033258666332154664], [-0.5350095872559275, 0.37695477053182497, 0.2601307772976507, -0.03743485608404762, -0.6904625312689899, -0.36067074578243347, -0.22745953329569618, 0.6870002023448648, -0.726740003470501, -0.06944944908723072, -0.14336957452173674, 0.4432590293582537, 0.4597570306364778, -0.07609728789127548], [-0.37876677286261423, -0.4767028983448406, -0.1799579682561604, -0.6288796038695512, 0.38433297461514415, 0.47138557672215997, 0.1651094444207047, 0.13234171961807478, -0.14709945201047664, 0.7236565558102387, -0.042412182750545015, -0.2048832010286539, 0.5754602264891547, -0.06878969989098012]], "inverted": true, "swapped": true, "error_lsq": 0.03906618402836808, "error_max": 0.23844233516912725, "target": "675.xyz", "model": "18.xyz", "model_rescale": 3.922800546911778, "target_rescale": 4.085252413860115},
{"mapping": [5, 1, 0, 6, 3, 2, 9, 10, 12, 8, 7, 11, 13, 4, 14], "R": [[-0.7135088963541307, -0.6163284140444686, -0.33323316291290833], [-0.6407823784834047, 0.7663776543256737, -0.04542283979925952], [0.28337783655159327, 0.1811203384264411, -0.9417496614066979]], "T": [-0.048297456390032, -0.031384877108800766, 0.0778351423561584], "aligned_model": [[-0.4115098705383521, -0.5702197158716658, -0.04251714408071942, -0.536973820229368, 0.3497269774163768, 0.17617058968194846, 0.6241154536271684, 0.130825776958828, 0.15300842471859535, -0.5467839473302257, 0.6962832500210206, 0.44023108480077006, 0.10794621324136652, -0.135054985215455, 0.045508383632739464], [-0.7007412353436735, -0.07888557888162491, -0.6844920441474768, 0.43862519873351713, -0.5082866728076308, 0.06966904055835559, 0.125363950674099, 0.6748274781365774, -0.6177695693807924, -0.0374450015839801, -0.17302138734988426, 0.4373504554470331, 0.141510689614196, 0.6404261368990836, -0.048140560409649785], [0.12855523782938427, -0.44496870453531323, -0.44356705559586407, -0.04886810126678581, -0.07477701619428051, -0.594869224215468, -0.3534812952460631, -0.26825678739189557, 0.5618216912050642, 0.43260992621642147, 0.33032215126117287, 0.298902248060656, 0.7239843399319456, 0.3328061833431091, 0.09274227847323288]], "inverted": true, "swapped": false, "error_lsq": 0.041855013275443526, "error_max": 0.25279517467767015, "target": "675.xyz", "model": "19.xyz", "model_rescale": 3.9282355846067225, "target_rescale": 4.085252413860115},
{"mapping": [8, 0, 9, 2, 4, 1, 5, 3, 6, 11, 12, 10, 13, 14], "R": [[0.6818418102927377, -0.7310765883847344, -0.02487504075292138], [-0.5304170747882605, -0.5175411438949313, 0.6714230344194266], [-0.5037355184119806, -0.4446101509093817, -0.7406566959115063]], "T": [0.03298645638614269, -0.036126082927160214, 0.004322319166315636], "aligned_model": [[-0.6374151580990052, -0.13139184054895192, 0.45773372387004535, -0.30460278234561095, -0.7150149343505037, 0.23260964756460495, -0.16819954205825025, 0.6116028377976928, -0.1389382382070654, 0.06302146755181028, 0.2014332665255352, -0.509777540016248, 0.578559442190191, -0.007097530789567506], [-0.5389964882050358, -0.8274189897408728, -0.6183157705457737, -0.21445718187436735, 0.07229041609037153, -0.03882283034988712, 0.462759059263521, 0.0003703388023024029, 0.7322880919500848, 0.2233363336538641, -0.5020175971037054, -0.08880903712898294, -0.03937097392913788, -0.09995328345754505], [0.11985922357197777, -0.3893488144769211, -0.00098863487121632, -0.46816716116611645, -0.05801178631627274, -0.5496475844941301, -0.5032999170089795, -0.08870920299069189, 0.003951668868154557, 0.6581181867505667, 0.5429536187954913, 0.5183894360704174, 0.5698168412838456, 0.057267283227557586]], "inverted": true, "swapped": true, "error_lsq": 0.041504588057025685, "error_max": 0.2563737599271995, "target": "675.xyz", "model": "20.xyz", "model_rescale": 4.067790424073018, "target_rescale": 4.085252413860115},
{"mapping": [4, 0, 8, 3, 1, 7, 9, 12, 5, 2, 13, 11, 6, 3, 14], "R": [[-0.26463943671817514, -0.5380715742882516, -0.8002780451046061], [-0.6967039258947418, 0.6804560206484411, -0.2271194478818196], [0.6667605328574429, 0.4974520930765606, -0.5549520762348835]], "T": [0.07551599297715125, -0.07300681554502414, 0.07096361464913949], "aligned_model": [[-0.41657119232553796, -0.4463663877190749, -0.06409059849090182, -0.3393657613699522, 0.6401216738327561, 0.08809440574023261, 0.5598841463165977, 0.24448847863144912, 0.2237533599575138, -0.6519431356933737, 0.6827903279652552, 0.3363946172820894, -0.18101567290628964, -0.3393657613699522, 0.14394817098221652], [-0.6259273214580441, 0.043705107961524214, -0.5631987623354275, 0.6485906299571431, -0.5058259457364593, -0.29019929447261683, 0.12036280304295349, 0.6127240731274135, -0.6081826353191029, -0.003676336731125704, -0.1676454135933181, 0.42609493869410137, -0.01678901503845729, 0.6485906299571431, -0.039632557897577886], [0.37853736342826677, -0.39644962559037267, -0.18475058449818982, 0.246791010709698, -0.33792894699111264, -0.6427121995959805, -0.5052703500792206, -0.22608068223266314, 0.27116013264522754, 0.21138595033790503, 0.4062022205724542, 0.38856719818581575, 0.7627641393675313, 0.246791010709698, 0.053949234906257706]], "inverted": true, "swapped": false, "error_lsq": 0.05151688120568148, "error_max": 0.4177478887475323, "target": "675.xyz", "model": "21.xyz", "model_rescale": 4.186013935880536, "target_rescale": 4.085252413860115},
{"mapping": [8, 10, 12, 1, 5, 9, 2, 4, 13, 11, 6, 3, 14], "R": [[-0.9317723938336685, 0.22024582516804464, 0.2886035041116478], [0.32534944046814657, 0.8593096646730111, 0.39463228680205725], [-0.1610836666969645, 0.4616044591374788, -0.8723378792806471]], "T": [0.052874239529217326, -0.0556936802258005, 0.07312295920170328], "aligned_model": [[-0.21536748655496085, -0.4340667475385036, 0.3707183801637915, 0.3021768030593615, -0.31510502201484825, 0.7291899781307529, -0.04151385888760657, -0.6005611645413418, 0.4039427624870978, -0.1750231343356253, -0.5262943312862131, 0.5115226419319983, 0.04895521480932261], [-0.4150465549500602, 0.13075451938394017, 0.30176425517667455, -0.437917414244358, -0.3891600427600939, -0.0884904496788131, -0.6550878509270329, -0.38106429971074035, 0.6442482118182759, 0.5962588177936993, 0.14317871329267712, 0.12000358549009436, -0.05048483113816976], [-0.6442177083357383, -0.4651695208795452, -0.4807288571265764, 0.44526889030227046, 0.6212415356611425, -0.1736657631309729, 0.044273366645600665, -0.13255127640553513, 0.00772642525973008, -0.06359796566231554, 0.5681301508875742, 0.394923959114749, -0.018753674995037967]], "inverted": false, "swapped": true, "error_lsq": 0.047225809920010645, "error_max": 0.34121464295440607, "target": "675.xyz", "model": "22.xyz", "model_rescale": 4.166573947596378, "target_rescale": 4.085252413860115},
{"mapping": [13, 10, 7, 9, 0, 8, 4, 3, 5, 14, 1, 2, 12, 11, 15], "R": [[0.3112648531474118, 0.1272168877722529, 0.9417696399123634], [-0.7644842355503212, 0.6221981329064341, 0.16862187581327892], [-0.5645157613301524, -0.7724541066453656, 0.2909237156653767]], "T": [0.01892139207639985, 0.06374477895588172, 0.08652226012331457], "aligned_model": [[-0.4148765544159793, -0.5162552356085446, -0.016723363871389386, -0.38741531005026847, 0.5552323273201255, 0.06873871511960437, 0.6091356877713154, 0.23346967464440435, 0.16767240711295417, -0.7233724240828636, 0.6362462133168963, 0.5794534759200344, -0.24672019293375122, -0.1309601880387826, 0.06713143862927247], [-0.627095522831705, -0.412051160149319, -0.5740633565725933, 0.41232252589041335, -0.4192273791179596, 0.11429988753031696, 0.189736337590942, 0.5911907477512965, -0.7224134614556733, -0.04266012299454458, -0.24445933836305822, 0.33315841999878737, 0.268731829432008, 0.7922646406656199, 0.019256852783618272], [0.3131765297516972, -0.1328984194282018, -0.23491184086369762, -0.18520040203235297, -0.29539950948600147, -0.7191088934097538, -0.33255616413001876, -0.10634151684024709, 0.31211112899753046, 0.3388229746543753, 0.2654617694978066, 0.343483954138218, 0.6493687868778195, 0.34898683004276876, 0.10796064410537293]], "inverted": true, "swapped": false, "error_lsq": 0.05024186856467596, "error_max": 0.42361962841094175, "target": "675.xyz", "model": "23.xyz", "model_rescale": 4.274766983524099, "target_rescale": 4.085252413860115},
{"mapping": [12, 3, 7, 10, 6, 4, 8, 2, 0, 1, 14], "R": [[-0.9188611528399273, -0.19613461239809346, 0.3423819440641249], [-0.38441084804601633, 0.6407018414219352, -0.6646273018038636], [-0.08900832380301538, -0.7423155422177224, -0.6641123053187514]], "T": [-0.03907398988770186, 0.1945348233312503, -0.03428606066461618], "aligned_model": [[0.26550747245493855, 0.2430997261016484, -0.42162584198979136, -0.41519618922510004, -0.7526449251849421, -0.47711283349667755, 0.008807403807634645, 0.08104728233724705, 0.6447126913180405, 0.2255182502948567, -0.02221833245977976], [-0.16860312762372717, 0.665909522558769, 0.7188102885159933, -0.4293840726510827, 0.5129549740767039, -0.25229813004290724, -0.6190675062923348, 0.04063995005351989, -0.21910252302150698, 0.557677223115323, 0.10804993255473308], [-0.59188257172033, -0.24157247286915243, -0.43006657570778667, -0.21004314455601067, 0.06289269237921297, 0.39420902889666426, 0.19248335274278908, 0.5409547862177194, 0.37739533392204, 0.34631594797267234, -0.06111994325624066]], "inverted": false, "swapped": true, "error_lsq": 0.051820084432851646, "error_max": 0.2675623044556283, "target": "675.xyz", "model": "24.xyz", "model_rescale": 3.7841303162186577, "target_rescale": 4.085252413860115},
{"mapping": [10, 8, 9, 1, 12, 2, 5, 4, 14, 7, 13, 3, 11, 6, 15], "R": [[-0.1771527445259219, -0.15950122415078508, 0.9711726234822184], [0.5580704830605996, -0.8290815877553613, -0.034366506682501685], [0.8106628405468224, 0.5358946541433778, 0.23588700391735673]], "T": [-0.11418215452729855, -0.04847000088652291, 0.05351625372357294], "aligned_model": [[-0.4753906063956128, -0.43053735139884075, 0.0022034497283169724, -0.5562311588903995, 0.5635649455467057, 0.13899329891911158, 0.6193895029130737, 0.09437275910262169, 0.2153541775988966, -0.5676315637722233, 0.5057014864322772, 0.5107593075046398, 0.019742203687360405, -0.06371730149704594, -0.09581647864585346], [-0.6388467863374424, -0.03413479966993034, -0.5435422786302979, 0.40325746629568876, -0.3348377885024631, -0.05749888437398531, 0.20092918037292357, 0.5863636044571916, -0.7593987044708791, 0.046328766746769334, -0.2345977708018651, 0.4142107280581, 0.021962994110639164, 0.598412043989799, 0.01038312891390139], [0.40881726804345003, -0.44565473407250344, -0.23544488459396856, -0.3383655740484466, -0.13039748960564448, -0.6568454125861994, -0.3575937281924426, -0.2784407982959206, 0.17714936635624207, 0.5098082512546462, 0.49294852633003705, 0.2641737950787476, 0.8061988087593646, 0.3713579924368709, 0.0852444850110824]], "inverted": false, "swapped": false, "error_lsq": 0.04206406270151742, "error_max": 0.2920268417147292, "target": "675.xyz", "model": "25.xyz", "model_rescale": 4.19342608120988, "target_rescale": 4.085252413860115},
{"mapping": [10, 4, 8, 13, 12, 11, 9, 7, 2, 6, 1, 14], "R": [[-0.02597587182687411, -0.6285895829576085, -0.7773032807598421], [-0.7162659776694908, 0.5541167786503917, -0.4241670011343188], [0.6973437483164255, 0.5457377866844964, -0.4646309986093318]], "T": [0.054159991991942026, 0.11547370761727613, -0.07600272775710613], "aligned_model": [[-0.15151611110082555, 0.47305849797738214, 0.17108695004976018, -0.6890416692753646, -0.5763691832483679, -0.4799374963207413, -0.24353426599898062, -0.22528531337183696, 0.5874992502950223, 0.2742348762440607, 0.44260598416465924, 0.015007035217012785], [-0.5941778335833988, -0.497464546711621, -0.6223412821871123, 0.35418129654969754, -0.055949370545294, -0.08850048872972482, 0.38119342509876075, 0.4651898114490818, -0.01426081697326928, 0.11110464217084903, 0.5286444727258072, 0.04515711847720409], [0.049397753997555596, 0.078840730525447, -0.4730201993972931, 0.014077483040154284, -0.4055478615583954, 0.33485769159076517, -0.6761314142386671, 0.5383765256850171, -0.3362583187940728, 0.6800174695481184, -0.23455547951210742, -0.12079591967710095]], "inverted": false, "swapped": true, "error_lsq": 0.04440195721174995, "error_max": 0.2028855978340144, "target": "675.xyz", "model": "26.xyz", "model_rescale": 3.795458400668931, "target_rescale": 4.085252413860115},
{"mapping": [9, 2, 1, 3, 7, 10, 8, 12, 4, 1, 11, 6, 14], "R": [[-0.4928799449159658, -0.34163695252004467, -0.8002209398487716], [0.5094673243465249, 0.6322342079803246, -0.5837147862464035], [0.7053455928286696, -0.6953877328025772, -0.1375626975050437]], "T": [-0.06780428927586551, -0.06123776616053514, -0.09242583928891931], "aligned_model": [[-0.09199111633974938, 0.36123639987338024, 0.49520070908162733, 0.06659711047566474, -0.22653374483542205, -0.6194600106624824, -0.2768362294344134, -0.6375517562597686, -0.044842629613413384, 0.49520070908162733, -0.6892432117332477, -0.002745165574406516, -0.12935468123813978], [-0.5951821915384669, -0.3213377978030183, -0.10227018100532057, 0.02310872394402738, 0.6050945334383875, -0.11362385500909583, -0.6138299618923205, -0.44849996756890886, -0.03558149736088678, -0.10227018100532057, 0.26738772232034524, 0.6817123354036141, -0.12282617866612139], [-0.5758528015507502, 0.2500458304560903, -0.2599998761233395, -0.6577626443030379, -0.4220606758554346, 0.4121184232815547, 0.5130601297459944, -0.3393442853269424, 0.6651758215898806, -0.2599998761233395, -0.13103721014959865, 0.16018263078662612, -0.06238880432827756]], "inverted": false, "swapped": true, "error_lsq": 0.04783363237112892, "error_max": 0.35672958438679453, "target": "675.xyz", "model": "27.xyz", "model_rescale": 3.6321398670334006, "target_rescale": 4.085252413860115},
