[{"mapping": [10, 4, 8, 11, 5, 9, 12, 0, 1, 2, 3, 6, 13], "R": [[0.2887934384322494, -0.04587639068134883, -0.9562916431175853], [0.27689852939720594, -0.9521600772333393, 0.1292996200329533], [-0.9164745246520186, -0.3021366315113969, -0.26227447752841504]], "T": [0.1368052820274669, 0.02843714093053192, 0.10568849985802065], "aligned_model": [[-0.08409279429055333, -0.6284326771816992, -0.1265321420022888, 0.25124724797441444, 0.7552072000466522, -0.4417319048725873, 0.2062361637065897, -0.06595598044571349, 0.55301263624452, -0.3379110548315599, 0.22432833050738485, 0.03274894722250772, 0.024438129222248944], [-0.23727578370146743, -0.35905634059654923, -0.7059677892103152, -0.5350569788511054, -0.37941547865555775, 0.25196626898655494, 0.30661667826333117, 0.7729374671531685, 0.4258626573742526, 0.3617744904193085, 0.1488643137797395, -0.3720421143931551, -0.062037806987100236], [-0.840899903939603, 0.5271904502336895, 0.1490697321237155, -0.2898355250064574, 0.2594303904687286, -0.2842764011888717, -0.3972183559832726, 0.1012647824962759, 0.06246222777663284, 0.6104546401295804, 0.6067247438784122, 0.7485997918960411, 0.030006474084725107]], "inverted": false, "swapped": false, "error_lsq": 0.04712558635114599, "error_max": 0.3248101246779281, "target": "676.xyz", "model": "0.xyz", "model_rescale": 3.8414455957264533, "target_rescale": 3.9557308799178927},
{"mapping": [11, 10, 12, 13, 9, 1, 0, 4, 7, 5, 2, 6, 14], "R": [[-0.042009775451702314, -0.010090568380636655, 0.9990662436476638], [-0.679205009915188, -0.7330669497798893, -0.035963893650698076], [0.7327453399869609, -0.6800816330192759, 0.02394241335429731]], "T": [0.05225090345631888, -0.039476140713975316, 0.13361133366018002], "aligned_model": [[-0.2716246053579169, -0.49086352079779816, -0.34262992788037566, 0.4273665761272544, 0.6758472586808764, -0.5588725981908194, 0.28649585437463565, 0.059015504043103933, 0.6218412405152909, -0.3351346799976845, 0.2491486967505523, 0.0733400571535256, -0.03136775412072868], [-0.30013693569163996, -0.3551556160230058, -0.6305278451690343, -0.4707385870871781, -0.27540391802815833, 0.30007949666214195, 0.32777754971426226, 0.5043672093589966, 0.25194753455490526, 0.14349988273782557, 0.38078868585441106, -0.2311246521937047, -0.028203221108716914], [-0.6103147425610433, 0.4051891152368842, -0.14390723431443952, -0.3645331585347671, 0.27844002431116277, -0.37602375738966204, -0.44584651583647, 0.13118530635222136, 0.07366059090459601, 0.6343857035676872, 0.7073825965896996, 0.8904820421881174, 0.10287307645560989]], "inverted": false, "swapped": false, "error_lsq": 0.04158406733525766, "error_max": 0.22159750795453945, "target": "676.xyz", "model": "1.xyz", "model_rescale": 4.316132596720782, "target_rescale": 3.9557308799178927},
{"mapping": [7, 9, 10, 3, 8, 6, 4, 0, 11, 5, 2, 12], "R": [[0.7281552685851171, 0.2755181881323786, -0.6275983053195628], [-0.006327689751827931, 0.918314059091097, 0.3958020328624373], [0.6853830061900723, -0.2842340881806481, 0.6704186139584543]], "T": [-0.015488229488106235, 0.02746667639448579, 0.05558875900004467], "aligned_model": [[-0.06331966358413815, 0.6529651969736895, 0.050397566911646326, -0.3400054092501693, -0.5395475099314454, -0.508271067349342, -0.15478598465023352, -0.33248161942124155, 0.49190287971791236, 0.054457329439210424, 0.3054354237011349, -0.01893858792524293], [-0.5281207644850833, -0.424576468924644, -0.6333487207880162, 0.5333721869652827, -0.2065660540552181, -0.09702353561626013, 0.3191968956256283, 0.5902294282491782, 0.057848851719924085, -0.10382188845310246, 0.5412983434832925, -0.03571184598000168], [0.19134722689642267, -0.06916034283689032, -0.5714113856291886, -0.1566432411644864, -0.24939359423468377, 0.35737101642559177, -0.7094499550319519, 0.5358754874734967, -0.5966423033679167, 0.7150939426474491, 0.049642163822736306, -0.047370553791157934]], "inverted": true, "swapped": true, "error_lsq": 0.05146861603131784, "error_max": 0.29046415615296123, "target": "676.xyz", "model": "2.xyz", "model_rescale": 3.795458400668931, "target_rescale": 3.9557308799178927},
{"mapping": [5, 2, 0, 4, 7, 8, 3, 9, 11, 10, 6, 12], "R": [[0.015778626669764984, -0.3422454744184764, -0.9394780839277136], [-0.5270855110161144, -0.8012881983249349, 0.2830513863277504], [-0.849665757234748, 0.490719123802254, -0.1930358581130729]], "T": [-0.012488738053219955, -0.01762605575220002, -0.02549932165613101], "aligned_model": [[-0.23104246602630454, -0.19934879722110402, -0.8099222523731122, 0.1158780752554375, 0.2737017890640344, 0.04163979482410592, -0.413395302811274, 0.7015859662445362, 0.5641148923660716, 0.8015162955994964, -0.3342612961049283, 0.08283712692660627], [0.04622620420550876, -0.5878064158601628, -0.09182415315660789, -0.1327162952691254, 0.3721496536217654, 0.5203504041946561, -0.08962264784112248, -0.26703922736379987, -0.4700597633641658, 0.3055756199553751, 0.46205522448160685, 0.018480441685781633], [-0.6620787060368623, 0.058333908680784204, -0.10585165992385184, 0.7869481027243678, -0.3346360078108702, 0.3351599560516855, 0.4647910255280013, -0.3331122496945409, 0.3573925254759834, 0.23350567963464008, -0.15109215326697029, 0.039411009276733515]], "inverted": true, "swapped": true, "error_lsq": 0.056293521841739774, "error_max": 0.2929576378805614, "target": "676.xyz", "model": "3.xyz", "model_rescale": 3.7530521520055578, "target_rescale": 3.9557308799178927},
{"mapping": [0, 4, 8, 10, 6, 11, 5, 2, 1, 9, 12], "R": [[-0.2415808148310149, -0.9277330384772196, -0.28451734432791476], [0.053333294229474026, 0.2800645658772898, -0.9584985126053134], [0.9689139639989794, -0.24672909892793665, -0.018179166922420664]], "T": [-0.05546694652463755, -0.18718751288379343, 0.0209383509277812], "aligned_model": [[-0.5617301471470658, -0.23031350867343872, 0.330726805993955, 0.6223324736087745, 0.16111890037487975, -0.15265745797528138, -0.007812997989602201, -0.6309322105722598, -0.4306519963640164, 0.22233394208367172, 0.015785799105588465], [-0.8129054768259244, 0.20166017541870485, -0.3254413447344941, 0.3709556060956479, -0.7324461034096834, 0.6203675266988122, -0.5730985376785585, -0.01578923180180969, 0.411847691839906, 0.43338178397636906, -0.11132873126462399], [0.02699367748773016, -0.6918174097505441, -0.48320840113885, -0.23048025118528562, -0.051095734437769845, -0.1280013533997015, 0.5740006782129302, 0.10163961727803944, 0.542176452763544, 0.47310617493847607, -0.04048267352325268]], "inverted": true, "swapped": true, "error_lsq": 0.05417904577964601, "error_max": 0.29084051237249176, "target": "676.xyz", "model": "4.xyz", "model_rescale": 3.7855080009869324, "target_rescale": 3.9557308799178927},
{"mapping": [0, 10, 3, 2, 14, 4, 1, 6, 12, 8, 13, 15, 16], "R": [[-0.4061341564800412, 0.7913018237628077, -0.45705193430276597], [0.6381652382077952, -0.11238925639603548, -0.7616520096408426], [-0.6540643513320638, -0.6010075529944701, -0.459336201012032]], "T": [-0.029854209635499958, -0.011972937760073844, 0.11300172505681445], "aligned_model": [[-0.17952130186478368, -0.5450251697360297, -0.1544026784000695, 0.35986385860545883, 0.5341572158765897, -0.3966157504251845, 0.2485330573171829, -0.23902388198742422, 0.6099098641961663, -0.2696939860315474, 0.301475463078064, 0.08570660532070862, 0.007198805350784231], [-0.14371990279631408, -0.3960097796629672, -0.6391646106595189, -0.5171700794273474, -0.3326341124960659, 0.37852818738909283, 0.220890078400094, 0.6045734965302106, 0.20696652642972382, 0.15921315462658395, 0.4293010486541724, -0.3038854420083175, -0.04971898139824164], [-0.6411311425652538, 0.4566277718062351, -0.1581714479770176, -0.25939774180161657, 0.3047435343776384, -0.39689593851908317, -0.5513620941663389, 0.15985906812155937, 0.03662958442459725, 0.7521277512795781, 0.5824328230562978, 0.8750718626399846, 0.12243901629301611]], "inverted": true, "swapped": false, "error_lsq": 0.04170009962761279, "error_max": 0.1999033142036526, "target": "676.xyz", "model": "5.xyz", "model_rescale": 4.2253639853439635, "target_rescale": 3.9557308799178927},
{"mapping": [12, 3, 6, 11, 5, 0, 9, 1, 8, 4, 10, 2, 13], "R": [[-0.589315804408757, 0.7271969804703218, 0.35198215049758796], [-0.0762123709179609, 0.3836922124369194, -0.9203107956741166], [-0.804300041771181, -0.5691790910689787, -0.17069447881161337]], "T": [0.018326489586563723, -0.008395181604768546, 0.07610697679032963], "aligned_model": [[-0.08407681100247111, -0.5695947987523688, -0.09499147258867216, 0.4502565618128665, 0.49994533693806203, -0.6211863390148759, 0.08126817416728468, -0.031505529315120455, 0.6686450976271668, -0.39134824217892744, 0.4640524148781432, 0.02062434777680701, -0.02952663904797844], [-0.43124610150026116, -0.34149731887411405, -0.6406461136139668, -0.5352278869772108, -0.3167952063094069, 0.32333533907510376, 0.38812046379352216, 0.6997567581389844, 0.3108487919857925, 0.24408483737773107, 0.23750596323710893, -0.2829582885850223, -0.038111654167156374], [-0.7497588888567738, 0.2915158845978433, 0.10980811245459496, -0.2999747989841993, 0.34753648345583155, -0.2760873630708419, -0.3836865799086538, 0.2625027441446579, -0.06892360260909464, 0.5950788126099581, 0.667185229543346, 0.6883009265891822, 0.09947608700374566]], "inverted": false, "swapped": false, "error_lsq": 0.04290056656792803, "error_max": 0.21604440978167763, "target": "676.xyz", "model": "6.xyz", "model_rescale": 3.89814844738969, "target_rescale": 3.9557308799178927},
{"mapping": [1, 3, 6, 5, 9, 0, 2, 4, 10, 7, 11, 8, 12], "R": [[0.12167582526254128, -0.8955434458267354, -0.4280151050879589], [-0.971776318741324, -0.019678605077578126, -0.23508198322236684], [0.20210338908647715, 0.44453873750099404, -0.8726623235712555]], "T": [-0.033377271381332944, 0.03992624166273277, 0.14510971932953493], "aligned_model": [[-0.1431018324839381, -0.6828535583480416, -0.14350462212888138, 0.35669443758632835, 0.6975305352296169, -0.5235940257072011, 0.14726125467888151, 0.026696948667326033, 0.6362361558852954, -0.5010073223844935, 0.3807334626418939, 0.02055439692674916, 0.09091627073638037], [-0.2209520855972868, -0.3672973540949008, -0.6248490941756449, -0.43517821408970836, -0.46178671551808, -0.014271133391847851, 0.39619195311471206, 0.6812173148355082, 0.2419645186089825, 0.3287490486163866, 0.2785662429769956, -0.3220190352380057, 0.13683413753399387], [-0.6515706626874289, 0.3995334454166907, 0.08747665151185863, -0.3289118223877722, 0.25467141823324896, -0.18315932548540564, -0.4396913667393732, 0.11995746418752079, -0.0778298593122051, 0.5045234101207312, 0.7984883377143754, 0.7141209353855005, 0.08536442101185567]], "inverted": true, "swapped": false, "error_lsq": 0.042586806388369605, "error_max": 0.34470534404283587, "target": "676.xyz", "model": "7.xyz", "model_rescale": 3.7474275329858107, "target_rescale": 3.9557308799178927},
{"mapping": [10, 9, 11, 12, 13, 6, 0, 3, 1, 8, 2, 4, 14], "R": [[-0.5045012633256752, -0.6026062889181756, 0.6183398223138005], [0.25721147205674494, 0.5787491510742687, 0.7738809202798683], [-0.8242091566739599, 0.5494679978734683, -0.1369824272223346]], "T": [-0.005154299356763058, -0.060215143555970685, 0.05350648072227426], "aligned_model": [[-0.1502041488134321, -0.6077118768843429, -0.20848323335410626, 0.3842410259387053, 0.530541527933674, -0.4945068610464636, 0.11718958262414877, -0.24498828682503399, 0.6370588287195436, -0.25779277655139077, 0.40404425326230825, 0.21247229100770018, 0.04070177528860555], [-0.240513231855485, -0.4395222842922426, -0.6343214588244537, -0.47711759430863576, -0.6614761606328238, 0.3885357410760307, 0.4107609444317031, 0.6107555998120231, 0.31893677297524836, 0.11055136571719232, 0.4425740297542471, -0.15180615668219805, -0.06018798358950089], [-0.6687929725631345, 0.32441402738527764, -0.07115000309712571, -0.1814536137487096, 0.45303995699164895, -0.4219878013752801, -0.39082080485968196, 0.13358429902349514, -0.03927251672327728, 0.6636072224100408, 0.5904879399797901, 0.7994794020313356, 0.09183791151521753]], "inverted": true, "swapped": false, "error_lsq": 0.04360153917533202, "error_max": 0.27549167824549947, "target": "676.xyz", "model": "8.xyz", "model_rescale": 4.019505241142653, "target_rescale": 3.9557308799178927},
{"mapping": [3, 7, 0, 2, 1, 5, 5, 11, 6, 9, 10, 1, 12], "R": [[0.2503627959828778, -0.7725472375915444, 0.5835145551546337], [-0.58599059026732, -0.6006904224399818, -0.543862155795965], [0.7706708107264697, -0.20577118865028313, -0.6030959454478663]], "T": [-0.01227461675918981, -0.012411202757562072, 0.11155519125496777], "aligned_model": [[-0.060026004364486435, -0.7510289706725751, -0.21484728084323024, 0.3709972373581144, 0.2833913779296612, -0.1323514791982376, -0.1323514791982376, -0.19847241752533026, 0.5412425190238345, -0.2561152330119151, 0.6563904153747965, 0.2833913779296612, -0.027657961502139505], [-0.3310411495324907, -0.4782211507639838, -0.6258148427160435, -0.3092017679121337, -0.3711340231952686, 0.30249704056425475, 0.30249704056425475, 0.5797314492476844, 0.41810111057967214, 0.2149833696454164, 0.27088936618116993, -0.3711340231952686, 0.015017164113841942], [-0.6850975371918391, 0.3499814628526415, 0.03843632691292423, -0.22754687080507346, 0.6016621794243122, -0.46890933353248115, -0.46890933353248115, 0.15567981770138553, -0.07907472881656127, 0.7083579423692705, 0.6690564205433294, 0.6016621794243122, 0.08767452161985721]], "inverted": true, "swapped": false, "error_lsq": 0.06691596667979116, "error_max": 0.45750266385694377, "target": "676.xyz", "model": "9.xyz", "model_rescale": 3.877068213659057, "target_rescale": 3.9557308799178927},
{"mapping": [14, 4, 2, 9, 8, 6, 10, 12, 11, 5, 0, 1, 15], "R": [[-0.3049071824992836, 0.7958223334274233, -0.5231619478502615], [0.9513901322599805, 0.22945410539577643, -0.20544495553641795], [-0.04345602718479166, -0.5603727573099492, -0.8270997198440824]], "T": [-0.10866048360278235, -0.0791126903005403, 0.05564366160192323], "aligned_model": [[-0.06718654903569254, -0.5435976137466048, -0.14974625448343007, 0.32761606721273406, 0.5613037537859694, -0.40334586579467824, 0.1972540798157456, -0.059673975688558506, 0.5217427036055039, -0.31631906055493547, 0.3547783188908039, -0.00250233897335711, -0.05776116373358461], [-0.2827676697446577, -0.4637339805768266, -0.7133900604357781, -0.4108818122852473, -0.3951271847354244, 0.3565463167345386, 0.2178377908237723, 0.6503086507831624, 0.3012208823212834, 0.2598442565793437, 0.3191777371677977, -0.19197216057895064, -0.02989318247190855], [-0.6969027547324623, 0.40347528125923876, -0.135038102379257, -0.3121026161571668, 0.2715271851401281, -0.2663288997080012, -0.5113197156177777, 0.20972170977087007, 0.00471752530573076, 0.7286826989709334, 0.5658938427524931, 0.9093999491341143, 0.11124694323075315]], "inverted": false, "swapped": false, "error_lsq": 0.040609914313964025, "error_max": 0.24466631008539094, "target": "676.xyz", "model": "10.xyz", "model_rescale": 4.260839863003843, "target_rescale": 3.9557308799178927},
{"mapping": [10, 7, 6, 8, 3, 4, 11, 9, 5, 0, 2, 12], "R": [[0.7513304922203121, -0.2453720265696099, -0.6126133038362014], [-0.03368699734260079, 0.9128353534102542, -0.4069358718206294], [0.6590657612636412, 0.32638043161546737, 0.67757518858683]], "T": [0.017330287240279654, -0.015356278503657837, 0.05969869477855284], "aligned_model": [[0.27743667876500433, 0.2621723383011095, -0.29707814665327287, -0.3779024693446454, -0.5390322615175023, -0.37398096802100517, 0.3278581795700165, 0.7867559547383629, 0.25454534234160586, -0.43891249965789036, 0.050745122313737026, 0.02629137825861003], [-0.08300877767253845, -0.4901881790092856, -0.5049887750894654, -0.2573056742515808, 0.288682785169767, 0.5399497542134796, 0.6121993264325001, 0.07014239270511449, -0.4368199708282402, -0.05377248226688053, 0.49082692377563675, -0.0026388176455730706], [-0.8131786809907863, -0.15002171064472303, 0.16368246301987638, -0.39601529682651426, 0.12538864515752052, -0.4181143763145059, -0.3802110275451568, -0.19993459739391173, 0.5321111516598201, 0.7216871994943915, 0.3909272409533742, -0.060142933173879885]], "inverted": true, "swapped": true, "error_lsq": 0.0459584292159232, "error_max": 0.23420277797723568, "target": "676.xyz", "model": "11.xyz", "model_rescale": 3.890672605050136, "target_rescale": 3.9557308799178927},
{"mapping": [3, 1, 0, 4, 2, 8, 7, 5, 12, 6, 9, 11, 13], "R": [[-0.1552387414030557, -0.6430209717078471, -0.7499499737392432], [0.7244309046419236, 0.44203535092803037, -0.5289656065658879], [0.6716403781543214, -0.625402892920899, 0.3972032527043189]], "T": [0.005490948776370956, -0.032270008866428064, 0.21576265117659], "aligned_model": [[-0.2056244886397698, -0.43712063089006187, -0.33952748429594926, 0.3453736520509443, 0.41378188841648683, -0.5327119061203046, 0.2575849384061988, 0.12110891073036356, 0.639135716227979, -0.43636190040488126, 0.1972137576573775, 0.2340466255995079, 0.10566302256202437], [-0.25455828728098484, -0.6379870543934492, -0.4213408377101622, -0.5012716857290406, -0.5940672598032837, 0.24916790946068446, 0.36265765056284005, 0.7165074714949732, 0.2911927962738738, 0.06935321880828876, 0.5572159100503714, -0.2039598068850784, -0.015740441267927577], [-0.6554900959445422, 0.4219182736889048, -0.06402425118016158, -0.17866632714519548, 0.36823065147262324, -0.17195042694549573, -0.4965890418000166, 0.03987361339340045, -0.005592875334580083, 0.5714269918251005, 0.686473955454483, 0.6859190929526067, 0.0814434865324698]], "inverted": true, "swapped": false, "error_lsq": 0.053978081142908065, "error_max": 0.3196718025136742, "target": "676.xyz", "model": "12.xyz", "model_rescale": 4.124412569039231, "target_rescale": 3.9557308799178927},
{"mapping": [7, 11, 10, 5, 4, 9, 3, 6, 0, 8, 1, 2, 12], "R": [[0.06518515245010559, 0.4628914460639115, -0.884014934863047], [0.9334785233321501, -0.3413732736195735, -0.10991876334768463], [-0.35265952755835905, -0.8180438846535781, -0.4543516924181073]], "T": [0.08600990170835922, 0.033755921669537975, -0.02150568011090137], "aligned_model": [[-0.13557663765083755, -0.6594152075917014, -0.19929796528346866, 0.49846650434416406, 0.595547099631394, -0.4776653071989633, 0.2043106558721595, -0.10993509079009557, 0.643626734783695, -0.40095375229430064, 0.34776908416307023, -0.0018800163493854355, 0.05756599966418531], [-0.2926235304745236, -0.390161576883572, -0.6365175703103029, -0.45403504682996787, -0.44138413777895247, 0.2317242864742937, 0.6055290554969167, 0.6436205957843978, 0.15339901373737136, 0.1890877398712338, 0.4001300177980335, -0.3228237058153667, -0.06877555748845673], [-0.5087977212002275, 0.48365590016016535, 0.09657285002576022, -0.4285503964071041, 0.34303515928786044, -0.24892612202457268, -0.4311809060685145, 0.17158355823664573, -0.1288201310739766, 0.4821157519518887, 0.6568131615818545, 0.7579311968813606, 0.03754074561845671]], "inverted": true, "swapped": false, "error_lsq": 0.04303187637504188, "error_max": 0.2765992563232681, "target": "676.xyz", "model": "13.xyz", "model_rescale": 3.9028299243045295, "target_rescale": 3.9557308799178927},
{"mapping": [0, 12, 5, 4, 10, 2, 3, 6, 7, 11, 9, 14, 15], "R": [[0.48043005997920835, 0.3953139913060347, -0.7828881182813203], [0.8722362670898574, -0.3085979816796621, 0.37943534373643945], [-0.09160159300757498, -0.8651555547882307, -0.49306694695299064]], "T": [-0.10212428554996283, -0.06741871359299456, 0.05103369950617676], "aligned_model": [[-0.13379836886191704, -0.622120621927728, -0.1270540256816782, 0.36709835876848107, 0.5106591188715512, -0.6440116608010031, 0.15883535031435952, 0.0021378332972846886, 0.7585467850352594, -0.3242057076719368, 0.3031080041390232, 0.13392558663901888, -0.020558550820798827], [-0.19475261859211665, -0.36519613469244805, -0.5736143258873818, -0.35676356294792994, -0.4082989366577798, 0.20546144967773683, 0.25608569928649716, 0.5907857361336452, 0.19428631477009528, 0.1567747991355278, 0.3647545586084659, -0.24323731034061458, -0.009116084912592394], [-0.7675011124161694, 0.40483124980570473, -0.021397949695177977, -0.3432668737793376, 0.3033227694990235, -0.36615242034042284, -0.41365373150009294, 0.06848578198280131, 0.15772832085295413, 0.7190709732691409, 0.5508921901330402, 0.8855508842664521, 0.10506296489168027]], "inverted": true, "swapped": false, "error_lsq": 0.039304729224073236, "error_max": 0.2659969478205183, "target": "676.xyz", "model": "14.xyz", "model_rescale": 3.942246331269136, "target_rescale": 3.9557308799178927},
{"mapping": [1, 9, 5, 3, 4, 0, 12, 8, 13, 6, 11, 10, 14], "R": [[-0.33272584695783414, 0.6515029001495797, -0.6817899103557337], [0.7757667344561109, -0.2219645968546048, -0.5906925523946236], [-0.5361711335735022, -0.7254486121289778, -0.4315609188546225]], "T": [-0.02386204166110488, -0.054388667624171896, 0.14562370544032124], "aligned_model": [[-0.04262301741810469, -0.5738982195374438, -0.2993112331520836, 0.3350986188938786, 0.49883405028622235, -0.5173268634516199, 0.3889558703921377, -0.22597794306743113, 0.678865052642565, -0.25679166193539765, 0.3056718482791681, 0.142238953823223, -0.07117335445519808], [-0.2527353811824135, -0.4064674864463938, -0.5378681203399615, -0.5113118830585763, -0.26647890205349456, 0.2824751260636275, 0.17576823629187793, 0.6906659970619659, 0.3366101595787196, 0.19910342431738437, 0.35730339032111197, -0.4206065541317114, -0.029288422841031236], [-0.6398366963559177, 0.616434723255643, -0.1595892036866047, -0.27736134142500424, 0.3052185200343771, -0.28301686313173624, -0.5212236753227197, 0.19932319627521122, 0.026357639173335973, 0.5863900161542736, 0.631450927261165, 0.734941476209393, 0.06388432852818049]], "inverted": true, "swapped": false, "error_lsq": 0.04663811071200699, "error_max": 0.2926274669003105, "target": "676.xyz", "model": "15.xyz", "model_rescale": 4.355366556412066, "target_rescale": 3.9557308799178927},
{"mapping": [7, 9, 10, 3, 8, 6, 4, 0, 11, 5, 2, 12], "R": [[0.7281552685851171, 0.2755181881323786, -0.6275983053195628], [-0.006327689751827931, 0.918314059091097, 0.3958020328624373], [0.6853830061900723, -0.2842340881806481, 0.6704186139584543]], "T": [-0.015488229488106235, 0.02746667639448579, 0.05558875900004467], "aligned_model": [[-0.06331966358413815, 0.6529651969736895, 0.050397566911646326, -0.3400054092501693, -0.5395475099314454, -0.508271067349342, -0.15478598465023352, -0.33248161942124155, 0.49190287971791236, 0.054457329439210424, 0.3054354237011349, -0.01893858792524293], [-0.5281207644850833, -0.424576468924644, -0.6333487207880162, 0.5333721869652827, -0.2065660540552181, -0.09702353561626013, 0.3191968956256283, 0.5902294282491782, 0.057848851719924085, -0.10382188845310246, 0.5412983434832925, -0.03571184598000168], [0.19134722689642267, -0.06916034283689032, -0.5714113856291886, -0.1566432411644864, -0.24939359423468377, 0.35737101642559177, -0.7094499550319519, 0.5358754874734967, -0.5966423033679167, 0.7150939426474491, 0.049642163822736306, -0.047370553791157934]], "inverted": true, "swapped": true, "error_lsq": 0.05146861603131784, "error_max": 0.29046415615296123, "target": "676.xyz", "model": "16.xyz", "model_rescale": 3.795458400668931, "target_rescale": 3.9557308799178927},
{"mapping": [1, 3, 6, 5, 9, 0, 2, 4, 10, 7, 11, 8, 12], "R": [[0.12167582526254128, -0.8955434458267354, -0.4280151050879589], [-0.971776318741324, -0.019678605077578126, -0.23508198322236684], [0.20210338908647715, 0.44453873750099404, -0.8726623235712555]], "T": [-0.033377271381332944, 0.03992624166273277, 0.14510971932953493], "aligned_model": [[-0.1431018324839381, -0.6828535583480416, -0.14350462212888138, 0.35669443758632835, 0.6975305352296169, -0.5235940257072011, 0.14726125467888151, 0.026696948667326033, 0.6362361558852954, -0.5010073223844935, 0.3807334626418939, 0.02055439692674916, 0.09091627073638037], [-0.2209520855972868, -0.3672973540949008, -0.6248490941756449, -0.43517821408970836, -0.46178671551808, -0.014271133391847851, 0.39619195311471206, 0.6812173148355082, 0.2419645186089825, 0.3287490486163866, 0.2785662429769956, -0.3220190352380057, 0.13683413753399387], [-0.6515706626874289, 0.3995334454166907, 0.08747665151185863, -0.3289118223877722, 0.25467141823324896, -0.18315932548540564, -0.4396913667393732, 0.11995746418752079, -0.0778298593122051, 0.5045234101207312, 0.7984883377143754, 0.7141209353855005, 0.08536442101185567]], "inverted": true, "swapped": false, "error_lsq": 0.042586806388369605, "error_max": 0.34470534404283587, "target": "676.xyz", "model": "17.xyz", "model_rescale": 3.7474275329858107, "target_rescale": 3.9557308799178927},
{"mapping": [6, 8, 4, 9, 12, 0, 2, 1, 7, 3, 11, 10, 13], "R": [[-0.054645090544183816, 0.820592398884324, 0.568895446433427], [0.19905077322518738, 0.5672635794025682, -0.7991187778808863], [-0.9784644621844336, 0.06957116052400328, -0.19433772115950726]], "T": [0.05962319160865186, -0.04142483820948714, 0.15299758387602513], "aligned_model": [[-0.013255646228674048, -0.5683466376838268, -0.38029241182346957, 0.3942435460073523, 0.695495107753686, -0.6244699340791144, 0.06346139909087715, -0.06928799420698124, 0.7299915982365712, -0.30392353590754756, 0.3735343652179048, 0.047535046887927916, 0.017877198035210262], [-0.2829527459933769, -0.2964817169266081, -0.649342761685945, -0.4289183421685364, -0.39952013396406716, 0.16315934591182557, 0.30699010571284435, 0.6382061720115287, 0.2884505953725288, 0.26432919638086605, 0.33621716353234676, -0.3128348192841509, -0.010132475318150966], [-0.5759412038265839, 0.39269391955130195, -0.20215855389105564, -0.27781811763414666, 0.31631197004571365, -0.28209355344468345, -0.46540763830810583, 0.15157880720389544, 0.05704092829383825, 0.6377010278015016, 0.6826984007620636, 0.7875288040643764, 0.060838256351480824]], "inverted": false, "swapped": false, "error_lsq": 0.03827594106310395, "error_max": 0.27022318799394834, "target": "676.xyz", "model": "18.xyz", "model_rescale": 3.922800546911778, "target_rescale": 3.9557308799178927},
{"mapping": [0, 10, 2, 3, 7, 1, 5, 8, 12, 4, 13, 11, 14], "R": [[-0.17806272242649682, 0.6714643627236434, 0.7193255705688459], [-0.7915126867768898, -0.5320497008219875, 0.30071711379045685], [0.5846377797861624, -0.5158088070664991, 0.6262107800088894]], "T": [-0.03830846811403174, 0.02672489828956107, 0.10126419474190762], "aligned_model": [[0.0378910273122062, -0.5747424693011401, -0.38819609668764543, 0.3629695640281385, 0.5912036315905844, -0.6017463601187677, 0.20016187426101115, -0.08205930841937885, 0.7106013496466377, -0.3298186862918747, 0.3326433251259574, 0.07354983018878183, 0.030104419965405846], [-0.23668941291450082, -0.38479171312327926, -0.5660459799880257, -0.3399430184245078, -0.39870879875234894, 0.12870016774761586, 0.40259943656066166, 0.6365103683964027, 0.20975766413499908, 0.19181827558061884, 0.27826283418745096, -0.2671268937609594, -0.037173346063022056], [-0.6881971236433279, 0.5411429145783968, -0.09705447816848023, -0.23590019151170794, 0.3481076771460273, -0.3679072133895579, -0.518722859536431, 0.12652678448985044, -0.054450724437864806, 0.7428505946637761, 0.6217804583845057, 0.7403122822739031, 0.12448492612050661]], "inverted": false, "swapped": false, "error_lsq": 0.03505147809834011, "error_max": 0.18980330146218685, "target": "676.xyz", "model": "19.xyz", "model_rescale": 3.9282355846067225, "target_rescale": 3.9557308799178927},
{"mapping": [12, 11, 9, 7, 6, 10, 2, 1, 5, 0, 3, 4, 13], "R": [[0.3464244544203138, 0.3614126576216973, -0.8656621675286553], [-0.031166682900784642, -0.9178604156991099, -0.3956777668376366], [-0.9375599902174527, 0.16405227277754791, -0.30670526004614124]], "T": [0.10917278108289762, -0.17521780291110253, 0.11834071729216139], "aligned_model": [[-0.2195262934868505, -0.558360581207152, -0.2962640704622282, 0.3979101354833296, 0.7295654190449289, -0.5405670319924386, 0.16822314729268356, 0.05070400318730099, 0.6513507913843481, -0.36064236861946797, 0.3350365469397689, -0.03201480332487776, 0.037147207060570425], [-0.5225632032788071, -0.24878967745587907, -0.7088832051496722, -0.27360465634078873, -0.2999325524311356, 0.1755398378472335, 0.45457575277436313, 0.5659335823209527, 0.2645309695315351, 0.2774165508951608, 0.25653862379201153, -0.2918015765151043, -0.031790862408764886], [-0.5845834866501667, 0.3680396576817103, -0.052676893206015235, -0.424842993459245, 0.28083151725244043, -0.3255529656387161, -0.40947491512831374, 0.21202541447699302, 0.09952119207643509, 0.5815823983414479, 0.691862309226648, 0.7231895700489144, 0.12305224194746432]], "inverted": false, "swapped": false, "error_lsq": 0.04807548125792483, "error_max": 0.30593262201787225, "target": "676.xyz", "model": "20.xyz", "model_rescale": 4.067790424073018, "target_rescale": 3.9557308799178927},
{"mapping": [1, 4, 8, 7, 0, 13, 10, 11, 12, 6, 3, 2, 14], "R": [[0.9012367910766748, -0.17493029507296923, -0.39644878392486216], [0.2726203320518792, -0.482253803512213, 0.8325319354534858], [-0.3368239910721047, -0.8583884090921124, -0.3869353152331419]], "T": [-0.01978219685811554, -0.04820334964497488, 0.09034300586907623], "aligned_model": [[-0.10162453742558485, -0.5236387497738895, -0.12997721860311712, 0.35913883405119285, 0.49014775400179256, -0.4329730907625384, 0.05018556952650173, 0.029878050352753135, 0.6194519007073663, -0.446213588638401, 0.39691515556814666, 0.048475616118665035, 0.0027964061770283447], [-0.29656413655644864, -0.514900178743415, -0.5947208229723179, -0.5669839226203737, -0.45872655225740916, 0.3500756284991262, 0.43278391596241905, 0.5948852240915719, 0.36314529200807777, 0.22852901571217119, 0.3548519195505878, -0.2745271939702209, -0.0006786051226637183], [-0.6874255021678399, 0.5036166906465778, -0.0294217855162425, -0.2890638030402131, 0.3658428694875555, -0.3106191442650134, -0.5692345737562006, 0.1351001299455567, -0.005500253766225427, 0.6280533077636365, 0.7129622981380002, 0.7959210100588332, 0.0327418034411712]], "inverted": false, "swapped": false, "error_lsq": 0.03202698608248728, "error_max": 0.1761465164701896, "target": "676.xyz", "model": "21.xyz", "model_rescale": 4.186013935880536, "target_rescale": 3.9557308799178927},
{"mapping": [3, 8, 11, 4, 10, 5, 6, 0, 7, 2, 1, 9, 12], "R": [[0.9363191891386746, 0.2507866622897164, -0.24578939372617037], [0.10705030289268112, 0.46277699345577017, 0.879987322055621], [0.3344347600075086, -0.8502608448856278, 0.4064601911049818]], "T": [0.020883087375031563, -0.03912639456374027, 0.13487623105316454], "aligned_model": [[-0.22443337818623374, -0.49839991011945245, -0.21827647184455512, 0.4573101654385329, 0.6829486872097744, -0.6301524878597344, 0.22707007994538586, -0.02346000714098665, 0.7324415442741735, -0.5777413930598744, 0.2740773707394559, 0.1422883227836304, 0.018889579119799493], [-0.09145728825737019, -0.38129907958568304, -0.6009906847243693, -0.4018935008971163, -0.517700737756808, 0.21673635809429925, 0.20136457773386524, 0.6778108227470283, 0.13838360906819797, 0.27138761285255075, 0.47888773973365845, -0.31798581668845693, -0.056074028738691155], [-0.7536168550349278, 0.5831296781582971, -0.026608144005367373, -0.31849732448788054, 0.30497964721713033, -0.19561689700828883, -0.32283969105938276, 0.058566615605262745, 0.15720336492104514, 0.4429817089131108, 0.5850731296120484, 0.6761238192657899, 0.09209399487275963]], "inverted": true, "swapped": false, "error_lsq": 0.05051984299105832, "error_max": 0.3050869049878131, "target": "676.xyz", "model": "22.xyz", "model_rescale": 4.166573947596378, "target_rescale": 3.9557308799178927},
{"mapping": [6, 14, 12, 2, 3, 5, 1, 7, 4, 10, 8, 9, 15], "R": [[0.0009809371508828213, 0.8094740303257868, 0.5871548620171967], [0.999049800808917, 0.024790341732823518, -0.03584598248664633], [-0.04357216159394839, 0.5866321105981986, -0.8086805509897798]], "T": [0.041808339871642855, -0.10036432809608581, 0.14592194948162696], "aligned_model": [[-0.131847564739293, -0.6241686239804431, -0.2652400697153727, 0.45489749424362697, 0.5878371225569257, -0.4364178758054327, 0.17999497698235756, -0.21922857455177774, 0.6956595898546108, -0.4959468336245259, 0.4715072355177656, 0.1086017030210157, 0.03691352154045878], [-0.30903905460272507, -0.3779623447381347, -0.663559992842871, -0.29897232693119397, -0.32363048537424854, 0.4005005029681738, 0.1990029290422417, 0.5615799432625623, 0.21881241203345542, 0.2387599034809923, 0.35365319361918984, -0.3159629321908316, -0.06601216414550568], [-0.564997256390602, 0.47056296351867644, 0.012081474999024955, -0.3467457402728812, 0.2618160542045817, -0.3139650897394185, -0.4860454227336224, 0.2171901652161594, 0.043656291411171055, 0.5418453789972849, 0.6590555473654603, 0.7022537343309981, 0.0862649460627638]], "inverted": true, "swapped": false, "error_lsq": 0.03870085254886094, "error_max": 0.1969894472919103, "target": "676.xyz", "model": "23.xyz", "model_rescale": 4.274766983524099, "target_rescale": 3.9557308799178927},
{"mapping": [5, 2, 1, 9, 11, 10, 7, 8, 6, 3, 12], "R": [[-0.03147769997754783, -0.0271528470565007, 0.9991355650265132], [-0.10305283699827003, 0.994391650746046, 0.02377725201031308], [-0.9941776839130576, -0.1022153013167805, -0.03409933996411509]], "T": [0.09915654393346021, 0.12082081960976836, 0.04125446817209233], "aligned_model": [[0.43712235859731596, 0.07475185236815049, -0.40760518600783324, -0.5897397855992704, -0.6510203650384755, -0.6004420106535462, 0.013689144141851739, 0.15687856168490966, 0.5749526996131337, 0.36084374971720246, 0.010463685134636483], [-0.20998836358110978, 0.6562638443099762, 0.42986699471601586, -0.1314325873689527, 0.4622535700368719, -0.26563209495111645, -0.4467094626429961, -0.08879800709269824, -0.18659003539264163, 0.5997636183947512, 0.09658905481538316], [-0.4418816908621608, -0.241155718618838, -0.6060315332567943, -0.31724991508089984, 0.10783115461377853, 0.4832534680951076, 0.04069370501132966, 0.6537508357398596, 0.21013861053319088, 0.37053825049603883, 0.1196792673509652]], "inverted": true, "swapped": true, "error_lsq": 0.0503223416013999, "error_max": 0.23045740762824773, "target": "676.xyz", "model": "24.xyz", "model_rescale": 3.7841303162186577, "target_rescale": 3.9557308799178927},
{"mapping": [5, 1, 4, 3, 11, 2, 12, 9, 13, 0, 10, 7, 15], "R": [[-0.4747061078516917, -0.6055432607504405, -0.6387264442059858], [0.7514184377943416, -0.6567025266234745, 0.06412583620551067], [-0.45828423768553217, -0.44950990076534336, 0.7667570714397891]], "T": [-0.0017246479611405102, 0.015851137756213, 0.20303059458471628], "aligned_model": [[-0.09739062352478504, -0.6501147479530222, -0.35999067035964705, 0.33431663571170583, 0.6862133978441025, -0.49899306318475045, 0.2122605128730009, -0.07080321665157378, 0.6969303818101381, -0.3730183518080687, 0.297987940189346, 0.1667755125968468, 0.018388393756623225], [-0.1368781198329632, -0.29681300168110963, -0.5112680548632524, -0.5076249846682176, -0.26141130813522184, 0.20941614032596012, 0.31833163026055195, 0.5666653461557771, 0.054134359821475006, -0.08221146123340153, 0.4990388065418771, -0.18420380131833955, -0.050005967792030134], [-0.655375218792266, 0.3897598315714291, -0.18490645807371542, -0.30887847209816566, 0.4012586208439933, -0.3299325757454624, -0.45870032431302943, 0.018714106719505685, -0.1468487296895773, 0.8306090052352301, 0.7340269660551915, 0.7983383111011989, 0.19490798415526456]], "inverted": true, "swapped": false, "error_lsq": 0.05006163904447831, "error_max": 0.3164583122181401, "target": "676.xyz", "model": "25.xyz", "model_rescale": 4.19342608120988, "target_rescale": 3.9557308799178927},
{"mapping": [7, 9, 10, 3, 8, 6, 4, 0, 11, 5, 2, 12], "R": [[0.7281552685851171, 0.2755181881323786, -0.6275983053195628], [-0.006327689751827931, 0.918314059091097, 0.3958020328624373], [0.6853830061900723, -0.2842340881806481, 0.6704186139584543]], "T": [-0.015488229488106235, 0.02746667639448579, 0.05558875900004467], "aligned_model": [[-0.06331966358413815, 0.6529651969736895, 0.050397566911646326, -0.3400054092501693, -0.5395475099314454, -0.508271067349342, -0.15478598465023352, -0.33248161942124155, 0.49190287971791236, 0.054457329439210424, 0.3054354237011349, -0.01893858792524293], [-0.5281207644850833, -0.424576468924644, -0.6333487207880162, 0.5333721869652827, -0.2065660540552181, -0.09702353561626013, 0.3191968956256283, 0.5902294282491782, 0.057848851719924085, -0.10382188845310246, 0.5412983434832925, -0.03571184598000168], [0.19134722689642267, -0.06916034283689032, -0.5714113856291886, -0.1566432411644864, -0.24939359423468377, 0.35737101642559177, -0.7094499550319519, 0.5358754874734967, -0.5966423033679167, 0.7150939426474491, 0.049642163822736306, -0.047370553791157934]], "inverted": true, "swapped": true, "error_lsq": 0.05146861603131784, "error_max": 0.29046415615296123, "target": "676.xyz", "model": "26.xyz", "model_rescale": 3.795458400668931, "target_rescale": 3.9557308799178927},
{"mapping": [4, 2, 9, 11, 8, 3, 10, 7, 5, 0, 6, 1, 12], "R": [[-0.41962889917008733, 0.1850028153182945, 0.8886425295390749], [-0.8125995426700756, -0.5128107905518136, -0.27696042379012903], [0.4044670199579746, -0.8383311108493641, 0.36552343064212245]], "T": [0.04680004573067785, -0.16044858181729776, 0.10242289586569644], "aligned_model": [[-0.12551819397801373, -0.701151478034852, -0.24942891762078234, 0.42163302162471766, 0.7240243684341044, -0.568045594403301, 0.23679444131296518, -0.033707308380551235, 0.5759397755632963, -0.5103143243634136, 0.46099800483702913, 0.0816929005154186, 0.04964540579329869], [-0.2398283952732474, -0.4033272651607049, -0.4663666386604961, -0.5218943047303626, -0.29946026061157627, 0.17631596396612154, 0.22305092925695186, 0.635004234138445, 0.3745239604253277, 0.2799816627609157, 0.2070498277936677, -0.3531468916038185, 0.005266761279880655], [-0.711744440813921, 0.4979142069882002, 0.04731542010778195, -0.38791558039698093, 0.3321938252798712, -0.12916086513533293, -0.46724076206094767, -0.042426964857413124, 0.128422765853065, 0.5347630054881468, 0.714445713480702, 0.6609952015178995, 0.10541152151852576]], "inverted": false, "swapped": false, "error_lsq": 0.043645243481933244, "error_max": 0.2528104654623797, "target": "676.xyz", "model": "27.xyz", "model_rescale": 3.6321398670334006, "target_rescale": 3.9557308799178927},
{"mapping": [5, 13, 11, 0, 10, 1, 3, 7, 8, 6, 12, 9, 14], "R": [[-0.19762188674676817, 0.9367096790791706, 0.28899925086069866], [0.5995690743899026, -0.11773995515619051, 0.7916149493251462], [0.7755401439731429, 0.329715453200507, -0.5383541631741148]], "T": [0.03308714567028766, -0.008611104480720253, 0.09420372384354556], "aligned_model": [[-0.17448071881783356, -0.6035621759158097, -0.07141544930912334, 0.32378639299435974, 0.6095911937477883, -0.5056141062704903, 0.18241733058120058, 0.21264515727192407, 0.5050850890379066, -0.4317277068939032, 0.2814520909106022, 0.0629495724170961, -0.028564568453801287], [-0.21138929612811833, -0.3897221483621231, -0.6419266921327371, -0.3365350287521058, -0.5134902015024747, 0.09625995395941235, 0.32087437263834645, 0.7444729364997039, 0.19060162622649518, 0.22128273226559778, 0.48764502714890545, -0.325486525971552, -0.02541717230824497], [-0.7351128069170889, 0.43465833971714385, 0.1169283910196082, -0.35006144665209327, 0.22615755265256157, -0.2879876135849595, -0.4894913131443892, 0.05533559172842997, 0.16174515687154414, 0.6729985180517807, 0.7070286879692939, 0.6818008340679138, 0.08897315518985124]], "inverted": false, "swapped": false, "error_lsq": 0.044281998397819086, "error_max": 0.3323947763372731, "target": "676.xyz", "model": "28.xyz", "model_rescale": 4.156811204709835, "target_rescale": 3.9557308799178927},
