[{"mapping": [6, 11, 8, 3, 7, 12, 2, 9, 0, 1, 5, 13], "R": [[-0.35176974568621844, -0.06130889692908842, 0.9340766912717563], [0.8569343585158857, 0.38049140130791154, 0.3476921033410301], [-0.3767247685178411, 0.9227499730089839, -0.08130766321263191]], "T": [0.026724080904737595, 0.003061301990141131, -0.027647071915192542], "aligned_model": [[-0.10543715099013273, 0.22425900772115773, -0.17863941555849544, 0.055641634130385524, -0.5567525613420418, 0.12110338306017057, -0.5198769889140007, -0.5280644133260711, -0.2348567451742598, 0.4112707387276523, 0.6587875468527145, -0.07009101360254111], [0.5977933091000328, -0.42248411372571126, -0.03969886291896486, 0.5184523849109879, -0.29260040429128287, -0.46619304558051256, 0.4815790356714868, -0.4249843078045564, 0.037493527002534825, 0.03466558085398786, 0.18621979594323487, -0.09073520015042577], [-0.489570802297951, -0.5443219142426807, -0.7803598552794994, 0.05442675191951736, -0.4065054172985956, 0.297948862617626, 0.22435748049444848, 0.186198326372505, 0.6974752128679687, 0.40150226216059764, -0.4009432030875671, -0.11912885106897018]], "inverted": true, "swapped": false, "error_lsq": 0.05425152525094485, "error_max": 0.283773631616289, "target": "679.xyz", "model": "0.xyz", "model_rescale": 3.8414455957264533, "target_rescale": 3.878740899848374},
{"mapping": [13, 6, 9, 0, 8, 5, 11, 10, 3, 4, 7, 14], "R": [[-0.3349295319744652, -0.785164117790105, 0.5209025981373601], [-0.7961167482706624, 0.5315204632273893, 0.289282077380346], [-0.5040042973371484, -0.31781017180925425, -0.8031042042974621]], "T": [-0.03574142704147658, 0.0034990789527545906, -0.06127878657902288], "aligned_model": [[-0.32048337316687764, 0.05322211412029011, 0.16105546383724956, 0.20492949593753268, -0.5848261157161365, 0.04839838707940804, -0.6398021361859006, -0.4961757347373305, 0.05504915726033206, 0.3937501019297527, 0.4837350504537717, -0.08150838922755307], [0.528985315893247, -0.7266458943658597, 0.03221122821127654, 0.6729175143072149, -0.15858871389497686, -0.563274033840856, 0.5618596409713256, -0.4678428569071218, -0.1332814008697176, 0.08442880947296272, 0.28133854870201314, 0.007399541331303242], [-0.5277905651464774, -0.3239591628258246, -0.7139320453764217, 0.07826989577658006, -0.6058299316272852, 0.26431530930792313, 0.1614532151185664, 0.12370318066885241, 0.7045051595714082, 0.26245666113727684, -0.3179973494327857, 0.015884485985586734]], "inverted": false, "swapped": false, "error_lsq": 0.046151578294348045, "error_max": 0.23794754130920734, "target": "679.xyz", "model": "1.xyz", "model_rescale": 4.316132596720782, "target_rescale": 3.878740899848374},
{"mapping": [7, 8, 10, 3, 1, 2, 5, 0, 4, 6, 6, 11], "R": [[0.004416421610826782, -0.508171114829654, 0.8612448044969225], [0.6242150480924494, -0.6714511354576198, -0.39938571134633016], [0.7812400840683333, 0.5393658227450641, 0.31424264557733694]], "T": [-0.21978339075002726, 0.008044586633745411, -0.15668116153124484], "aligned_model": [[-0.3652099311172978, 0.22908869521006928, 0.10878766713835422, 0.010035946477861435, -0.4492662776852673, -0.04429113441757296, -0.6433402552331067, -0.6672607934325564, 0.051944100899242035, 0.5858736700632945, 0.5858736700632945, -0.12489133638177677], [0.8067077162415994, -0.537722042113669, 0.05275238396924055, 0.5928492142381174, -0.43378418059030793, -0.7248933088831959, 0.3855523341450095, -0.2550483468433681, 0.0164501279357753, 0.09679593819867588, 0.09679593819867588, 0.023051924514258137], [-0.5327788171229162, -0.4528040299565069, -0.6926644367971877, 0.03359134990368903, -0.3728343675263177, 0.2076400031401796, 0.14966401149296377, 0.32752968203728766, 0.564722503758972, -0.01834873237398632, -0.01834873237398632, -0.07428958102479179]], "inverted": true, "swapped": false, "error_lsq": 0.06109289661004368, "error_max": 0.32879866710376016, "target": "679.xyz", "model": "2.xyz", "model_rescale": 3.795458400668931, "target_rescale": 3.878740899848374},
{"mapping": [0, 5, 10, 1, 4, 3, 7, 9, 8, 6, 2, 11], "R": [[-0.8582336544938167, -0.175432997038063, 0.4823466158733063], [-0.2527358331825138, -0.6734936329307182, -0.6946444594375769], [0.44672093405137003, -0.7180735268424996, 0.5336766971943271]], "T": [-0.0442202096527598, 0.06713941664649951, -0.12082959728626735], "aligned_model": [[-0.30830228163685425, -0.07166155002607147, 0.161444200561694, 0.13714569109458796, -0.45882009124376893, 0.13851442963840027, -0.7203693122498638, -0.5410342642751829, 0.018696163563139523, 0.4104709413253054, 0.6600377600406482, -0.14877766520749575], [0.6965259907198939, -0.6122375994005366, -0.10393099144162528, 0.6045348322124945, -0.03948532327722511, -0.552103812640062, 0.27974170399588905, -0.5181633770293442, 0.013581159448956978, -0.06300019875925962, 0.2720635606153119, 0.1419817545663175], [-0.5033752073884928, -0.2983639839688632, -0.804531141271555, 0.15226639194536884, -0.5980013025921411, 0.3484420725616466, 0.16364352110439945, 0.28555824413145253, 0.6561748943987258, 0.2307609804389999, -0.34388142704102725, -0.16761418916111448]], "inverted": false, "swapped": false, "error_lsq": 0.051364420125046654, "error_max": 0.29932410339649007, "target": "679.xyz", "model": "3.xyz", "model_rescale": 3.7530521520055578, "target_rescale": 3.878740899848374},
{"mapping": [10, 8, 5, 7, 1, 6, 2, 3, 0, 4, 11], "R": [[-0.46302100127715634, -0.8805769326744963, -0.10097434336441861], [-0.8532428715635654, 0.41198175039974655, 0.31976184804244934], [-0.23997532061081017, 0.23421208973735075, -0.9421021932458296]], "T": [-0.11253086891894139, -0.10595768147737972, -0.11361237114289086], "aligned_model": [[-0.6320085363496224, -0.16775609315123402, 0.32400765541157495, 0.4792668323169028, 0.44086291044157155, -0.202581235221037, -0.09436195501992217, -0.6398362669405367, -0.46323093202592597, 0.3703558748586415, -0.07651865187520746], [-0.6667018868067338, 0.2113075942695094, -0.4193397631287895, 0.35235209270106915, -0.6332018994027453, 0.714578772539877, -0.41832622050088464, -0.07095992163105955, 0.24052741819038337, 0.0850287844520187, 0.07193838763170105], [0.05397195042908515, -0.7809528568830824, -0.5028527696456533, -0.30190363041592094, 0.21224382443241568, -0.02884409224376408, 0.5593618199697199, -0.049869448170468136, 0.6405647874740585, 0.41823249843484295, -0.12712130613591696]], "inverted": false, "swapped": true, "error_lsq": 0.048294516409566064, "error_max": 0.23237149893900882, "target": "679.xyz", "model": "4.xyz", "model_rescale": 3.7855080009869324, "target_rescale": 3.878740899848374},
{"mapping": [10, 13, 8, 9, 6, 12, 5, 1, 2, 14, 15, 16], "R": [[-0.9326448617983859, 0.11401321168739614, -0.3423076822418607], [-0.3552528940292651, -0.45585779046845515, 0.8160815254329986], [-0.06299954797378707, 0.882720036268546, 0.4656569494006886]], "T": [-0.19370613655795213, -0.017544615914667265, -0.07805001012827437], "aligned_model": [[-0.1424542825834954, 0.188281669584577, 0.043408145757412836, 0.21419681690359618, -0.5059029390306407, 0.07703914923558133, -0.7638236205900013, -0.564661647441909, -0.03471745443950172, 0.4043869416616097, 0.5124202307575033, -0.15082898823019356], [0.637387855992942, -0.5028378905671901, 0.07141143226229629, 0.5020958831039419, -0.37950887426934865, -0.5791884001046762, 0.5483430504094269, -0.45458597328251116, 0.10644686491987548, -0.06919977744384295, 0.24720225207758212, -0.008058724087684328], [-0.39332921778309926, -0.4567892243784586, -0.7346880478464888, 0.1874739089187281, -0.5225633398120276, 0.19456420980798908, 0.021149022742717488, 0.4164100993692106, 0.6326780667178477, 0.23390160888677927, -0.4106349706361557, -0.0470932628296429]], "inverted": true, "swapped": false, "error_lsq": 0.048188320597560313, "error_max": 0.24254431023130982, "target": "679.xyz", "model": "5.xyz", "model_rescale": 4.2253639853439635, "target_rescale": 3.878740899848374},
{"mapping": [12, 1, 0, 6, 9, 10, 11, 8, 5, 2, 3, 13], "R": [[-0.19545507468221218, -0.9539305284532155, -0.227626581633034], [0.5364565108861509, -0.29829567981562716, 0.7894517713775746], [-0.8209821713708698, 0.032190593164809544, 0.5700456472975386]], "T": [-0.02324237885304748, -0.024799882240830858, -0.11423098158080905], "aligned_model": [[-0.5062354274630951, 0.04703080294268217, 0.09069947505938061, 0.16584528116202718, -0.46065219783458367, 0.0851776216331204, -0.5110389928495335, -0.603957736379227, -0.09618123545961854, 0.46655260873291055, 0.570349668279069, 0.02975415376140613], [0.7016448750079951, -0.710483229679877, -0.014524363157569171, 0.5483260669959483, -0.20825875296726795, -0.5897284784614163, 0.4786742896254377, -0.4147923435117881, 0.016661421172527772, -0.025954983157483576, 0.333589669284874, 0.004353527859430242], [-0.44640487298273457, -0.366432902515911, -0.9079401959415648, 0.10823355776102314, -0.4984339494190382, 0.4126591958337612, 0.22358851230657298, 0.12355133332876012, 0.5132259093422857, 0.3443223391080463, -0.2632775636853625, -0.12201250997843907]], "inverted": false, "swapped": false, "error_lsq": 0.052619328848339565, "error_max": 0.27297393608105314, "target": "679.xyz", "model": "6.xyz", "model_rescale": 3.89814844738969, "target_rescale": 3.878740899848374},
{"mapping": [3, 9, 6, 0, 8, 10, 7, 11, 4, 2, 1, 12], "R": [[-0.04479163682241713, -0.5944401466423195, 0.8028914131628426], [-0.23468162136227955, 0.7874680079109296, 0.569928656159316], [-0.9710397756351385, -0.1628958212375315, -0.17477615843646935]], "T": [-0.08168081106601319, 0.04376454495449533, -0.04283410868707854], "aligned_model": [[-0.39412087428580234, 0.01253639388881933, 0.043031670111597184, 0.15544478087507368, -0.5776636381629427, 0.23118147727159458, -0.5559899773129583, -0.6740222636778345, -0.13180040080622482, 0.47342335798999025, 0.708977637661351, -0.013654141968125061], [0.5972176623682351, -0.7316075826642406, 0.11041996237291413, 0.5827152222155231, -0.1482078432884943, -0.5516313449178846, 0.4536780913512991, -0.46959008357272103, 0.04032127323773908, 0.009024863854647541, 0.2856762344799486, -0.058508756426154995], [-0.5412844977832638, -0.47627044892299775, -0.7041809945155966, -0.1085152216098777, -0.46096615683927883, 0.2513165090436322, 0.15280939066947838, 0.15949976912484676, 0.5997948347853044, 0.39557250688195134, -0.2192839994799581, 0.07258716180315887]], "inverted": true, "swapped": false, "error_lsq": 0.03870226413312627, "error_max": 0.18002885837581548, "target": "679.xyz", "model": "7.xyz", "model_rescale": 3.7474275329858107, "target_rescale": 3.878740899848374},
{"mapping": [10, 13, 11, 5, 12, 4, 0, 1, 2, 8, 9, 14], "R": [[0.32187420612513823, -0.6123113254368051, 0.7221300687363288], [-0.9212644233636624, -0.3784411840923546, 0.08974481838632825], [0.2183319895840517, -0.6941592835398801, -0.685911095842362]], "T": [-0.10850503357849392, 0.10536588580483815, -0.08629537940972441], "aligned_model": [[-0.46806191461103486, -0.005725352672617118, 0.10186799968267429, 0.3323394731759015, -0.4076941208109627, 0.2983398543869904, -0.6350223225454926, -0.7018668195380173, -0.14395083719982757, 0.4349147355957844, 0.5838084543129269, -0.11160512819178697], [0.5335963391891092, -0.7432937063500543, 0.10281177886964481, 0.6356232883695829, -0.22051082246986797, -0.49503072041483237, 0.43538763559067434, -0.17864784479005963, -0.29597926814319014, 0.03153452557895596, 0.2636189599789795, 0.05039753360186909], [-0.5987413646459394, -0.3643692230717022, -0.6712882161215306, 0.10736585034897457, -0.5163336101339239, 0.20734896026291416, 0.13297255421053467, 0.27710496710407023, 0.6527953851502973, 0.31923415166575053, -0.36197352342271566, -0.06303707818933059]], "inverted": false, "swapped": false, "error_lsq": 0.05268219837050128, "error_max": 0.33485325066199795, "target": "679.xyz", "model": "8.xyz", "model_rescale": 4.019505241142653, "target_rescale": 3.878740899848374},
{"mapping": [3, 1, 2, 5, 0, 9, 4, 7, 8, 11, 6, 12], "R": [[-0.16499458470135903, -0.9743996129102639, -0.15271601546515717], [-0.927131698185305, 0.10040652487505308, 0.36103371585289346], [-0.33645742856899225, 0.20115646676864107, -0.9199633007016628]], "T": [0.06961459911016746, -0.06028364505449306, -0.12929927413149014], "aligned_model": [[-0.3356782433217319, 0.06026751898316593, 0.024978462507611182, 0.13976931968942266, -0.5378408620204289, 0.19057034648297483, -0.6341340225513157, -0.707071015460674, -0.12656884834992485, 0.4140561855873216, 0.7119212439125504, 0.07707393612556727], [0.6122574935552445, -0.6594080522700987, 0.13983187624427657, 0.5949984402175623, -0.14636572032387343, -0.5396622976035054, 0.3273042273705805, -0.34784433689095967, -0.1092470186755715, 0.08582937799698233, 0.18995627694418826, -0.02814256755401439], [-0.47842237060715465, -0.4411772613992755, -0.6842168857290837, -0.0019869689763683807, -0.3443197781096481, 0.3428298142418291, 0.0759035277540801, 0.2362855924931325, 0.5151008922033872, 0.3679536816091967, -0.35926447464603894, -0.10760691567665698]], "inverted": true, "swapped": false, "error_lsq": 0.04803143025333192, "error_max": 0.3053970883675215, "target": "679.xyz", "model": "9.xyz", "model_rescale": 3.877068213659057, "target_rescale": 3.878740899848374},
{"mapping": [1, 11, 0, 3, 8, 10, 4, 2, 13, 6, 12, 15], "R": [[-0.9664541304749148, -0.25127882538179286, -0.053154168253512546], [-0.25671654811209915, 0.9386819853124424, 0.23015808561790752], [-0.00793899322235115, 0.2360827870994373, -0.9717005145732801]], "T": [-0.10975521941886277, -0.012970275000515804, 0.0057730950854520124], "aligned_model": [[-0.42541508704210707, 0.19204306070933827, 0.10258961542677722, 0.11800456928842351, -0.546128232907842, 0.2682543906357894, -0.506973430026195, -0.6743265577422594, -0.14403940029223167, 0.4203009045692293, 0.5540780736747791, -0.08104388470916327], [0.5056928246497101, -0.46429073886605365, 0.05052034250307801, 0.5390732082335673, -0.3570360059457817, -0.6058305305266275, 0.5096254575084525, -0.1667744873613232, -0.0031379313113712917, 0.0008589933065458692, 0.11669520645809354, -0.00588863963747868], [-0.6141091898983425, -0.4941098044735944, -0.7588474959511616, 0.22056325779086539, -0.5295028166607659, 0.0997743269056871, 0.17070360551422312, 0.3187568425122239, 0.7780207340738091, 0.32066010956153257, -0.3115712567030867, -0.07925945951399074]], "inverted": true, "swapped": false, "error_lsq": 0.048444218512122605, "error_max": 0.23527407019863103, "target": "679.xyz", "model": "10.xyz", "model_rescale": 4.260839863003843, "target_rescale": 3.878740899848374},
{"mapping": [8, 4, 9, 7, 2, 5, 1, 3, 0, 6, 10, 11], "R": [[0.2223948548827006, 0.9525540047687193, 0.20780133907358977], [0.9073711150225718, -0.2801965651638816, 0.3133170031981305], [0.35667658760338783, 0.11887284327985577, -0.9266342638744618]], "T": [-0.06482025246997303, 0.029740626269769026, -0.11109679686815642], "aligned_model": [[-0.21391384878376749, 0.060903287311374094, 0.10593628212122652, 0.09801396625213082, -0.6477461863097469, 0.18903621116700225, -0.6897438920298593, -0.5041715334968255, -0.07014437449455438, 0.5121790054524363, 0.525602080648722, -0.08860697625360009], [0.5479795433632801, -0.5489189544643086, -0.0016992243731683357, 0.5883288958689541, -0.1578408258799946, -0.5469049062342619, 0.3041339650872318, -0.40700315145951893, 0.19736505016158973, -0.0499476062928202, 0.12252117334478446, 0.07149373988904355], [-0.5852412172789709, -0.5417353225143539, -0.8892915044080917, 0.19068092192764102, -0.4199133777181205, 0.13313204655695854, 0.12856835177286285, 0.23539764159742793, 0.7502440042637941, 0.4922082475349774, -0.30116791692940625, -0.07180302164731936]], "inverted": false, "swapped": false, "error_lsq": 0.05036033248396063, "error_max": 0.29033360632133115, "target": "679.xyz", "model": "11.xyz", "model_rescale": 3.890672605050136, "target_rescale": 3.878740899848374},
{"mapping": [1, 9, 11, 4, 6, 5, 3, 8, 7, 12, 10, 13], "R": [[0.06065077870428803, -0.7215483649677168, -0.6897024286277221], [-0.9196063023332557, -0.3090761305794123, 0.2424792655362828], [-0.38813107547775727, 0.6195481438261863, -0.682286131861118]], "T": [-0.13219994100466112, 0.024464574856673325, -0.2102595879027504], "aligned_model": [[-0.5717815421809391, 0.2096960606881775, 0.17700320446292586, 0.06997125978717098, -0.47491437475859366, 0.009058554351198456, -0.5472961460987171, -0.7144842263068392, -0.007067165623322352, 0.4643620313466337, 0.7254518976344525, -0.06265553171760938], [0.45014316354186096, -0.6481923005267815, 0.06658341248174375, 0.6447908979579968, -0.2573679097017262, -0.5965484854770824, 0.4835273093875807, -0.19631874345914793, -0.06932013784183741, -0.10292835430468053, 0.2760104743429208, 0.06912837260996384], [-0.6907427254138654, -0.40120530806222243, -0.6634500359985982, 0.045433787574837126, -0.5779219486169229, 0.23623901032546507, 0.4753202413538829, 0.152219078064944, 0.6278993388324019, 0.21754527589509848, -0.23668852229602966, -0.06356933850159135]], "inverted": true, "swapped": false, "error_lsq": 0.0571405956664284, "error_max": 0.3376670910385132, "target": "679.xyz", "model": "12.xyz", "model_rescale": 4.124412569039231, "target_rescale": 3.878740899848374},
{"mapping": [7, 6, 9, 10, 3, 1, 5, 0, 4, 2, 11, 12], "R": [[-0.4407330436043264, -0.8697199021092943, 0.222129863256309], [-0.6951648972856317, 0.4872603811630325, 0.5285102520582867], [-0.5678909665218529, 0.07851504839109497, -0.8193504972348646]], "T": [-0.15317466682514425, -0.03283883960751534, -0.13991083187361913], "aligned_model": [[-0.3419968038541495, 0.0329877327796918, -0.0010682689083063301, 0.2094750620555254, -0.6206674141582074, 0.15119663049095533, -0.6560813354953462, -0.6020024930096187, -0.12776117020010713, 0.548559837774244, 0.7605503603449737, -0.07584811623511677], [0.5075807811463997, -0.5852287279419595, 0.04553331662298636, 0.5879502516639536, -0.4049105592882589, -0.6948995540748873, 0.435011076835487, -0.25511635787504333, 0.09242697055138142, -0.0029624222104481096, 0.3524920166614244, 0.04163090691977607], [-0.3955874021495018, -0.4682731120205768, -0.7558351136168693, 0.026569649260451356, -0.5294830875216899, 0.22326684177634576, 0.1793809114639247, 0.15319952398125902, 0.6359363739240504, 0.35915990297975614, -0.2246431590369124, -0.08261247588283738]], "inverted": true, "swapped": false, "error_lsq": 0.04258749027771854, "error_max": 0.2155630097141315, "target": "679.xyz", "model": "13.xyz", "model_rescale": 3.9028299243045295, "target_rescale": 3.878740899848374},
{"mapping": [12, 10, 13, 11, 5, 7, 2, 3, 6, 9, 14, 15], "R": [[-0.23753776981596358, 0.6396968497437941, 0.7310018798462316], [0.29584445079030275, 0.7644320544408147, -0.5728173313369452], [-0.9252307111458432, 0.0801970982720774, -0.370832248572446]], "T": [-0.27594661239936363, 0.020070901174471856, -0.06830241609403394], "aligned_model": [[-0.22364109345498664, 0.1714141660805646, 0.01920712671133895, 0.2522618237973268, -0.4157749441594125, 0.2256619929451496, -0.8483298925141083, -0.5362056577196328, -0.13143293588352878, 0.4006494270901532, 0.5485012991018814, -0.18496729041020699], [0.5698308062859629, -0.4911145633570396, 0.0953821677450512, 0.5333362014402198, -0.08589173284694365, -0.6539095714502875, 0.3877376296430197, -0.33842846409419874, 0.06255761377139103, -0.054398732448797615, 0.1138377496615573, -0.019431405339123672], [-0.49170348881427384, -0.37475038358363877, -0.8030566846843843, -0.009896356376871862, -0.549261657073556, 0.2704704951636533, 0.21338593470895095, 0.3703693058907476, 0.5810964896656081, 0.3025311442518151, -0.3757826140401585, -0.012323331950492566]], "inverted": false, "swapped": false, "error_lsq": 0.04398228613483856, "error_max": 0.21980164320265735, "target": "679.xyz", "model": "14.xyz", "model_rescale": 3.942246331269136, "target_rescale": 3.878740899848374},
{"mapping": [10, 13, 4, 5, 11, 12, 7, 8, 0, 1, 3, 14], "R": [[-0.19344877780527098, 0.9062515582256232, 0.3758798791891858], [-0.5640006493510576, -0.4162069951736282, 0.7132145572687961], [0.8027956389376019, -0.0740260115241218, 0.591641201845002]], "T": [-0.12934838980431684, 0.1196442711855764, -0.12133195533916874], "aligned_model": [[-0.27512878536433605, 0.011946164786719837, 0.08627934091443423, 0.2565491025586589, -0.5818471087293372, 0.38064643924511987, -0.7270279565810893, -0.675448090145741, -0.21223555408933395, 0.5392150112103558, 0.5784673533751606, -0.1040718955960735], [0.4804474170987734, -0.6157896555104537, 0.03171143141063444, 0.5566351973381704, -0.23958172005080075, -0.4897147643670883, 0.40815686338162593, -0.3203128937243378, 0.015507279818433153, 0.049432426252662406, 0.13989252437984984, 0.1031235929833423], [-0.719303260848611, -0.43772195962611676, -0.6593249612015135, 0.129469986514118, -0.545964291893991, 0.07014414838114025, 0.4176663078592249, 0.20585871784579313, 0.6018572922952563, 0.33114424451606034, -0.24435558091779985, -0.028391789766161607]], "inverted": true, "swapped": false, "error_lsq": 0.04987678145934337, "error_max": 0.2927048534001275, "target": "679.xyz", "model": "15.xyz", "model_rescale": 4.355366556412066, "target_rescale": 3.878740899848374},
{"mapping": [7, 8, 10, 3, 1, 2, 5, 0, 4, 6, 6, 11], "R": [[0.004416421610826782, -0.508171114829654, 0.8612448044969225], [0.6242150480924494, -0.6714511354576198, -0.39938571134633016], [0.7812400840683333, 0.5393658227450641, 0.31424264557733694]], "T": [-0.21978339075002726, 0.008044586633745411, -0.15668116153124484], "aligned_model": [[-0.3652099311172978, 0.22908869521006928, 0.10878766713835422, 0.010035946477861435, -0.4492662776852673, -0.04429113441757296, -0.6433402552331067, -0.6672607934325564, 0.051944100899242035, 0.5858736700632945, 0.5858736700632945, -0.12489133638177677], [0.8067077162415994, -0.537722042113669, 0.05275238396924055, 0.5928492142381174, -0.43378418059030793, -0.7248933088831959, 0.3855523341450095, -0.2550483468433681, 0.0164501279357753, 0.09679593819867588, 0.09679593819867588, 0.023051924514258137], [-0.5327788171229162, -0.4528040299565069, -0.6926644367971877, 0.03359134990368903, -0.3728343675263177, 0.2076400031401796, 0.14966401149296377, 0.32752968203728766, 0.564722503758972, -0.01834873237398632, -0.01834873237398632, -0.07428958102479179]], "inverted": true, "swapped": false, "error_lsq": 0.06109289661004368, "error_max": 0.32879866710376016, "target": "679.xyz", "model": "16.xyz", "model_rescale": 3.795458400668931, "target_rescale": 3.878740899848374},
{"mapping": [3, 9, 6, 0, 8, 10, 7, 11, 4, 2, 1, 12], "R": [[-0.04479163682241713, -0.5944401466423195, 0.8028914131628426], [-0.23468162136227955, 0.7874680079109296, 0.569928656159316], [-0.9710397756351385, -0.1628958212375315, -0.17477615843646935]], "T": [-0.08168081106601319, 0.04376454495449533, -0.04283410868707854], "aligned_model": [[-0.39412087428580234, 0.01253639388881933, 0.043031670111597184, 0.15544478087507368, -0.5776636381629427, 0.23118147727159458, -0.5559899773129583, -0.6740222636778345, -0.13180040080622482, 0.47342335798999025, 0.708977637661351, -0.013654141968125061], [0.5972176623682351, -0.7316075826642406, 0.11041996237291413, 0.5827152222155231, -0.1482078432884943, -0.5516313449178846, 0.4536780913512991, -0.46959008357272103, 0.04032127323773908, 0.009024863854647541, 0.2856762344799486, -0.058508756426154995], [-0.5412844977832638, -0.47627044892299775, -0.7041809945155966, -0.1085152216098777, -0.46096615683927883, 0.2513165090436322, 0.15280939066947838, 0.15949976912484676, 0.5997948347853044, 0.39557250688195134, -0.2192839994799581, 0.07258716180315887]], "inverted": true, "swapped": false, "error_lsq": 0.03870226413312627, "error_max": 0.18002885837581548, "target": "679.xyz", "model": "17.xyz", "model_rescale": 3.7474275329858107, "target_rescale": 3.878740899848374},
{"mapping": [0, 5, 4, 2, 8, 12, 1, 11, 7, 9, 6, 13], "R": [[0.5605697704120005, -0.04718983537522059, 0.826761544786341], [0.8277360436889, 0.0020420186859772677, -0.5611139564633317], [0.024790612708942172, 0.9988838519051882, 0.0402054215817909]], "T": [-0.18514325954045907, -0.05560242989727528, -0.0432463467556957], "aligned_model": [[-0.2672863401543879, 0.09821050287204103, 0.24156921928316233, 0.056338613276846944, -0.4608426301370655, 0.15969375020823784, -0.6272015704859757, -0.654127732952686, -0.037935871000324334, 0.4791148504081364, 0.4440552083071194, -0.15424397804056628], [0.6231245268360119, -0.6357799278739478, -0.020601815034731144, 0.5903727826583318, -0.15243935965479233, -0.6207004180951041, 0.40966559255955987, -0.30866198289553703, -0.02890585305221194, -0.1131544300864747, 0.3332452253971987, 0.04334335825250825], [-0.5246241851443084, -0.36932095913528934, -0.7545249415383942, 0.12478714298390148, -0.7001077608351595, 0.30458784327720395, 0.21487868847486782, 0.44435091343003447, 0.6950195671129095, 0.013083898209306923, -0.2621198273114306, -0.06493152636624257]], "inverted": false, "swapped": false, "error_lsq": 0.050516013188917075, "error_max": 0.29115688756487706, "target": "679.xyz", "model": "18.xyz", "model_rescale": 3.922800546911778, "target_rescale": 3.878740899848374},
{"mapping": [5, 7, 12, 8, 3, 11, 1, 2, 10, 4, 13, 14], "R": [[0.07812445206142993, -0.4643088487027889, 0.8822209830911938], [-0.8433636214180411, -0.5026785189909152, -0.18987392820960802], [0.5316336822086696, -0.7291992865886465, -0.4308526759576417]], "T": [-0.11565863394052446, 0.0875044217773643, -0.04739040261419423], "aligned_model": [[-0.39197512529111056, 0.09391956367858438, 0.06772433609574573, 0.166693206397869, -0.4392938843162926, 0.3218006332512747, -0.6367696140438497, -0.6569068484898943, -0.09831091832198265, 0.4060694854491912, 0.5482530332914388, -0.1038598461164353], [0.5588841318960066, -0.5769576921650219, 0.06050115231217888, 0.6280888245798745, -0.24546757894169918, -0.43207672628103644, 0.5250132791851335, -0.24959482715298853, -0.25512236466289184, 0.10059627733682652, 0.004585201522999308, 0.0010580213814296996], [-0.580291974841075, -0.4382587913035286, -0.8117565153542741, -0.09675228796913929, -0.48732120971511006, 0.16687213003940132, 0.24417840580218267, 0.2790195074766263, 0.682614110549764, 0.45410287934304794, -0.20282350026674822, -0.08850390060374763]], "inverted": false, "swapped": false, "error_lsq": 0.0530624627032008, "error_max": 0.3031657597153806, "target": "679.xyz", "model": "19.xyz", "model_rescale": 3.9282355846067225, "target_rescale": 3.878740899848374},
{"mapping": [11, 12, 9, 4, 10, 7, 1, 2, 5, 6, 8, 13], "R": [[0.01050922573080795, -0.9912533224931707, 0.1315538172034142], [0.9881523753129476, 0.030440210689795938, 0.15042698141138358], [-0.15311577102937118, 0.12841434584738273, 0.97982922820391]], "T": [0.011573697938607026, 0.06973234711221983, -0.018158920671379815], "aligned_model": [[-0.18493542765309967, 0.005817351011927423, 0.24282636008173836, 0.17411651015292398, -0.6880508055839076, 0.11560720086997395, -0.631382143778666, -0.6131082541419762, -0.11548872832043608, 0.4437406385006391, 0.6723500060298795, -0.14414868558445854], [0.45156784121950805, -0.5781563593386779, -0.06839956022815967, 0.6726935034651991, -0.1733384445714714, -0.531902646023303, 0.26107275376143163, -0.3796756946385552, -0.01743492927383454, 0.07379788320652579, 0.3019616877558393, 0.1073216636763091], [-0.5916996692891049, -0.5686145808212301, -0.655235531185381, -0.11503782996928472, -0.4582458362830617, 0.10557523662672227, 0.31575338921185875, 0.27598573951201255, 0.6629777455045017, 0.4717995071146754, -0.314917716897681, -0.007261600366628672]], "inverted": true, "swapped": false, "error_lsq": 0.047484188366837564, "error_max": 0.23415235455630415, "target": "679.xyz", "model": "20.xyz", "model_rescale": 4.067790424073018, "target_rescale": 3.878740899848374},
{"mapping": [13, 3, 6, 5, 11, 0, 10, 12, 7, 8, 4, 14], "R": [[-0.7157363823179093, -0.015754375678964178, -0.6981928320123587], [-0.5061947643571997, 0.7004633063089003, 0.5031083551802364], [0.48113230151781616, 0.713514510126998, -0.5093218552883818]], "T": [-0.023917045761512074, 0.01951751255099276, -0.050517924068760545], "aligned_model": [[-0.38950010679690994, -0.15936102728578777, 0.201357610958828, 0.22945601796684503, -0.5129839812989192, 0.2498846393569322, -0.7653875457336092, -0.6240903987290667, 0.03732911065585681, 0.37367095030867037, 0.7359014902722867, -0.09893273809058764], [0.5691564806019249, -0.717116733009471, -0.0007029047966986071, 0.5515906515480037, -0.0837420881373998, -0.5262362750950775, 0.3502059741459155, -0.44140869740620853, -0.008515780590026119, 0.2112982226719108, 0.17971196633143532, 0.0352668827465026], [-0.283690682685827, -0.4539654829747946, -0.7550740726170431, -0.08467032065610514, -0.46061942541796475, 0.31230912841937364, 0.05972481080651387, 0.06928542421441776, 0.692534563988816, 0.31046939057188777, -0.24922882969227972, -0.03599565079959549]], "inverted": false, "swapped": false, "error_lsq": 0.05230901642310446, "error_max": 0.29904088320483674, "target": "679.xyz", "model": "21.xyz", "model_rescale": 4.186013935880536, "target_rescale": 3.878740899848374},
{"mapping": [1, 5, 2, 9, 0, 3, 7, 6, 4, 11, 8, 12], "R": [[0.6312319011911048, 0.6709242400591158, 0.3891104612057628], [-0.7172087794812458, 0.6959055316009249, -0.036428803470002824], [-0.2952250896412519, -0.25607841609228277, 0.920470527099039]], "T": [-0.04477296211872505, 0.08909683610146181, -0.039355911325109384], "aligned_model": [[-0.4954440128316948, 0.13645285113965777, 0.1907791957473618, 0.18446423797270645, -0.5472324599904805, -0.02302658556739675, -0.6404009174561925, -0.4469683291678991, -0.16426260495503672, 0.48626482738117094, 0.6365650986018558, -0.03984727928951396], [0.48325432865897633, -0.5629191455863092, -0.00850272072617253, 0.6659011030678812, -0.14999278747610545, -0.7714660680699502, 0.4174283434888929, -0.24894397435898247, -0.0042745272822536096, -0.044504452215475734, 0.2879997264162839, 0.05552787309402597], [-0.459663787818504, -0.4142840915775762, -0.7355517963292302, -0.05342374491470897, -0.4999631690863957, 0.29425649523007436, 0.23587035914713037, 0.1445466340749499, 0.6710103058637309, 0.27547029564466935, -0.32898363434475414, -0.008205012731986754]], "inverted": false, "swapped": false, "error_lsq": 0.04686067970843305, "error_max": 0.2568922449944988, "target": "679.xyz", "model": "22.xyz", "model_rescale": 4.166573947596378, "target_rescale": 3.878740899848374},
{"mapping": [6, 4, 2, 12, 1, 8, 13, 7, 10, 9, 11, 15], "R": [[0.7102815052896222, -0.6945620973275913, 0.11438389833978119], [0.6787330246747821, 0.7188436772700803, 0.15028389422905503], [-0.18660563887334575, -0.02910774131954709, 0.9820036023029368]], "T": [-0.006038675988313279, 0.01470045177288908, -0.0555197076255529], "aligned_model": [[-0.3256887128452205, 0.043228745483014204, 0.07332285185335666, 0.1587498925203416, -0.4792860133877986, 0.16632082944808319, -0.6003494810365253, -0.5528599722622768, -0.29510886742035886, 0.47073310866864576, 0.6820563200380438, -0.06377467947476687], [0.4676501552447998, -0.6166232599724517, 0.008058606285934416, 0.6457804830019616, -0.11370855334174011, -0.7258959805006351, 0.37823398865424745, -0.2865695755671755, 0.03411582636742822, -0.03176700187696619, 0.3498273996871661, 0.010405611028241958], [-0.5768334826487624, -0.4281543886930107, -0.7237014740456301, -0.11848062488378347, -0.5728659610351142, 0.21995854126287362, 0.4255740186495046, 0.29321011360858606, 0.6351341135894407, 0.3063899598170435, -0.24606768754544744, -0.09308427491830121]], "inverted": false, "swapped": false, "error_lsq": 0.0463869893345652, "error_max": 0.2537028843742044, "target": "679.xyz", "model": "23.xyz", "model_rescale": 4.274766983524099, "target_rescale": 3.878740899848374},
{"mapping": [1, 9, 10, 2, 3, 0, 4, 6, 7, 8, 11], "R": [[-0.2651389539010109, -0.7920169951371799, 0.5499185526404342], [0.6369657501020373, 0.28429099364495597, 0.7165565324029308], [-0.7238618433936317, 0.5402663327898898, 0.42911108274261284]], "T": [0.029584932309045353, 0.18729585893834977, -0.0160954924208005], "aligned_model": [[0.20426396112926226, 0.013956529880880753, -0.5173796589410135, -0.41086298199675414, -0.4117697489232389, -0.6949675516116272, 0.07294987572547429, -0.03134587196040771, 0.6373399782716087, 0.43846277232115916, 0.07924740006273087], [-0.29858856511303977, 0.6338920364130691, 0.4911472173540384, -0.27467818816142264, 0.4575385626672598, -0.23862947556347963, -0.5535306865149221, 0.016535796428625682, -0.1252531384455271, 0.6669017285007379, 0.14025124367814368], [-0.6671077533807074, -0.1784387084710472, -0.486073899918428, -0.39475640946605073, 0.10845936554017677, 0.3086150750211076, 0.026447591796681512, 0.7936595570186135, 0.3426145505882142, 0.3735806889433482, 0.15256637634966866]], "inverted": false, "swapped": true, "error_lsq": 0.04585360185240547, "error_max": 0.1878492072320684, "target": "679.xyz", "model": "24.xyz", "model_rescale": 3.7841303162186577, "target_rescale": 3.878740899848374},
{"mapping": [1, 3, 4, 8, 6, 13, 0, 11, 10, 9, 2, 15], "R": [[0.8975386019680289, 0.08223904960336101, -0.43319879581736165], [0.4123907479760904, 0.1911813193113547, 0.8907208171644417], [0.15607155077398616, -0.9781034924110567, 0.13767799087834376]], "T": [-0.03238051581367341, 0.01828680353000308, 0.02369639713076027], "aligned_model": [[-0.2342712288251857, -0.010022548731625398, 0.029349814016076996, 0.10784677917756869, -0.5047950908533465, 0.12422046983210769, -0.5063412211398337, -0.4884225825882978, -0.22013545924126876, 0.4516635401605742, 0.5973283145941065, -0.0690767648163379], [0.5898688077851044, -0.6128533368606891, 0.04816189631279121, 0.5815011301206133, -0.25228468829978007, -0.7303710740421927, 0.5775939472009749, -0.5734749903375305, 0.08773193937295976, 0.13689229922022725, 0.28537901145181244, -0.0186372429134797], [-0.4070826021422177, -0.47646770806745037, -0.7192714272524261, -0.08848074716070298, -0.45132148605062017, 0.18797515691091427, 0.08587933849686849, 0.20053299349388215, 0.7754813129168197, 0.32992310529678437, -0.29398515615985893, -0.02210392712459354]], "inverted": true, "swapped": false, "error_lsq": 0.045041673625619526, "error_max": 0.24621099003901617, "target": "679.xyz", "model": "25.xyz", "model_rescale": 4.19342608120988, "target_rescale": 3.878740899848374},
{"mapping": [7, 8, 10, 3, 1, 2, 5, 0, 4, 6, 6, 11], "R": [[0.004416421610826782, -0.508171114829654, 0.8612448044969225], [0.6242150480924494, -0.6714511354576198, -0.39938571134633016], [0.7812400840683333, 0.5393658227450641, 0.31424264557733694]], "T": [-0.21978339075002726, 0.008044586633745411, -0.15668116153124484], "aligned_model": [[-0.3652099311172978, 0.22908869521006928, 0.10878766713835422, 0.010035946477861435, -0.4492662776852673, -0.04429113441757296, -0.6433402552331067, -0.6672607934325564, 0.051944100899242035, 0.5858736700632945, 0.5858736700632945, -0.12489133638177677], [0.8067077162415994, -0.537722042113669, 0.05275238396924055, 0.5928492142381174, -0.43378418059030793, -0.7248933088831959, 0.3855523341450095, -0.2550483468433681, 0.0164501279357753, 0.09679593819867588, 0.09679593819867588, 0.023051924514258137], [-0.5327788171229162, -0.4528040299565069, -0.6926644367971877, 0.03359134990368903, -0.3728343675263177, 0.2076400031401796, 0.14966401149296377, 0.32752968203728766, 0.564722503758972, -0.01834873237398632, -0.01834873237398632, -0.07428958102479179]], "inverted": true, "swapped": false, "error_lsq": 0.06109289661004368, "error_max": 0.32879866710376016, "target": "679.xyz", "model": "26.xyz", "model_rescale": 3.795458400668931, "target_rescale": 3.878740899848374},
{"mapping": [4, 0, 3, 10, 9, 6, 11, 1, 8, 5, 7, 12], "R": [[0.8490744906622241, 0.5045666906624173, 0.1564767202514842], [0.49646180906355775, -0.8633718881675188, 0.09008137911573669], [0.1805496647685184, 0.0011989145215392655, -0.9835651382373949]], "T": [-0.22544396208204143, -0.035190873995778596, -0.08205634667284502], "aligned_model": [[-0.343759353256062, 0.15213001969662532, 0.027280858955608556, 0.16579738332914268, -0.5668629691226432, 0.20414272495627944, -0.5485439801472365, -0.3997874570996116, -0.27430147054782283, 0.3714127614452253, 0.5504633718007937, -0.06062786842576107], [0.6959035400378683, -0.6159479124721344, 0.004636027207874274, 0.5594814517539433, -0.06334308130762274, -0.5072060152788122, 0.5474674774682994, -0.5572165134480461, -0.058158791702530764, 0.08461996928736455, 0.06888640669672914, -0.03961485923212129], [-0.46982639272684623, -0.5418740742963997, -0.7746027650592657, -0.11338465874827011, -0.3409285254991699, 0.4412446607739816, 0.17811708688401906, 0.13576639789424283, 0.644467657561636, 0.3609649635282697, -0.2996427145820026, -0.09922278257279564]], "inverted": true, "swapped": false, "error_lsq": 0.05557970685157562, "error_max": 0.3124465129416808, "target": "679.xyz", "model": "27.xyz", "model_rescale": 3.6321398670334006, "target_rescale": 3.878740899848374},
{"mapping": [12, 13, 9, 8, 6, 2, 7, 1, 3, 0, 10, 14], "R": [[0.7029299294032234, -0.5485498453863389, 0.45275002095616], [-0.28846220069306283, -0.801713828983625, -0.5234925932501149], [0.6501377339614235, 0.23737734420756934, -0.72178454079903]], "T": [-0.039565794013205986, 0.015076242214957115, -0.036746806001076944], "aligned_model": [[-0.4028777393669007, -0.09104711979599112, 0.17277132984680388, 0.030404835598402645, -0.5460571393074914, 0.16651123404567858, -0.5771067940698421, -0.363201507477929, -0.16950083250206344, 0.4426184100759775, 0.6717489644330396, -0.05691961989514568], [0.596025508687659, -0.6407181905646651, 0.005287917624216088, 0.5261686993050195, -0.14511864545360148, -0.7099918140415789, 0.5300761929671394, -0.4673845711352958, 0.1833491443042603, 0.007517293640062473, 0.2806948478978621, -0.04639868422026712], [-0.4993612361781877, -0.5202348275124173, -0.6702997207231183, -0.0064445438419440185, -0.603943026234965, 0.21869836626726358, 0.17938303457448523, 0.29455167678732463, 0.6162165897245915, 0.3592998450934237, -0.20452554043495952, -0.04226176436409731]], "inverted": true, "swapped": false, "error_lsq": 0.04735224132782137, "error_max": 0.274011501325334, "target": "679.xyz", "model": "28.xyz", "model_rescale": 4.156811204709835, "target_rescale": 3.878740899848374},
{"mapping": [1, 10, 2, 0, 8, 5, 4, 7, 6, 11], "R": [[-0.008398074683698551, 0.995424429470631, -0.09518233845980018], [-0.9291366780688467, -0.042953585164407976, -0.3672329274298709], [-0.3696410499508894, 0.08535335221649405, 0.9252460750830622]], "T": [-0.10514535939014887, -0.1746412628573465, 0.034528575528876754], "aligned_model": [[-0.6808560600050512, 0.18071414698180854, -0.023058114987548048, 0.5765327007175156, -0.15152704782544885, -0.7295596253186639, -0.2752635999993243, -0.49977109238740597, 0.3175128460860602, -0.07179877915135419], [-0.05974452179404563, -0.7121543509108029, 0.0052172571835799875, 0.2975779231798481, -0.36684853785816296, -0.37777570346251754, 0.4921131681784473, 0.32046241611232557, 0.36687908858460716, -0.047006408587075055], [-0.5534929620494555, -0.4571416781924843, -0.6808112546097064, -0.31782026843230127, 0.7486402663090114, 0.13005618251451678, -0.24656343020349644, 0.47596808955229, 0.5000289001986769, 0.15992288188804857]], "inverted": false, "swapped": true, "error_lsq": 0.05998051646631771, "error_max": 0.34583437723405813, "target": "679.xyz", "model": "29.xyz", "model_rescale": 4.117894457231895, "target_rescale": 3.878740899848374},
