[{"mapping": [9, 2, 4, 8, 10, 12, 3, 0, 1, 5, 13], "R": [[0.16301121477951488, -0.6111949010098765, 0.774511547257776], [0.36826195215880947, 0.7659702138819957, 0.5269466443936734], [-0.9153198776647918, 0.19932492173608685, 0.3499415624452364]], "T": [-0.014049287247869052, 0.1642858162274043, 0.09085769744702632], "aligned_model": [[-0.6271110734780362, -0.4876756383915898, -0.17079261708897245, 0.3520570160610169, -0.1267300558833391, -0.25456340235197195, 0.04072884777200586, -0.6911663867828058, -0.03332417864531442, 0.7199372710951197, -0.03574215131610298], [-0.2368045907002121, 0.5022217186591302, -0.08547066319839286, -0.3296793916784105, -0.7492555092585362, -0.005730423453042061, 0.6238029836368956, 0.4897625117898358, 0.5360618908169732, 0.3125066705501085, 0.011551306725440108], [0.09584803803083003, -0.41187051019567567, -0.8182393579580798, -0.3913701321924162, 0.5009481943507411, 0.589222269476597, -0.1521312623380516, 0.2668968656562104, 0.531828379405997, 0.1990037605157276, 0.03849882512235955]], "inverted": true, "swapped": false, "error_lsq": 0.04787966154078032, "error_max": 0.2480326920573017, "target": "68.xyz", "model": "0.xyz", "model_rescale": 3.8414455957264533, "target_rescale": 3.7181722116989544},
{"mapping": [11, 0, 1, 3, 10, 8, 4, 13, 9, 2, 14], "R": [[-0.28224992032571694, 0.9565125395505403, 0.07361211964549277], [0.37602715878311566, 0.180897575314866, -0.9087792048141834], [-0.8825749590451928, -0.22882270195017423, -0.4107330188073486]], "T": [-0.03307977376581295, 0.13046488367575307, 0.13236203433858382], "aligned_model": [[-0.7785131492479902, -0.3585039115332308, -0.24891552371099773, 0.29535465773352876, 0.0787432374509546, -0.3704770770861807, 0.24285044901216923, -0.7085498443495272, -0.07723224029633619, 0.6581320601060818, -0.047271027088461336], [-0.16465130403986997, 0.5535291974621562, -0.2478750224854779, -0.2357268965445463, -0.5198938532801507, -0.0892278275930215, 0.33028493759397426, 0.3895470715353315, 0.6048687300485452, 0.38701551924861355, 0.06109595194423541], [-0.1566032241189305, -0.3581816298401914, -0.6151483238640647, -0.4770731848150582, 0.31377434879911337, 0.8122153786916799, -0.2916093008457692, 0.35921794525750994, 0.6207279117700567, 0.16418497765066437, 0.07713017118923025]], "inverted": true, "swapped": false, "error_lsq": 0.04453026331129472, "error_max": 0.22496811105919612, "target": "68.xyz", "model": "1.xyz", "model_rescale": 4.316132596720782, "target_rescale": 3.7181722116989544},
{"mapping": [5, 7, 9, 1, 0, 4, 10, 3, 6, 8, 11], "R": [[-0.8457866847400207, 0.22183936418944347, 0.4852135410440524], [-0.07036005624573091, -0.947890806408851, 0.3107289519994493], [0.5288613678475508, 0.22867075812530546, 0.8173220527899733]], "T": [-0.06264848431090128, 0.048310141968302564, 0.026466071549328483], "aligned_model": [[-0.6380673449888058, -0.6557097253107788, -0.19463683858848166, 0.33688336665848817, -0.1566348740196738, -0.26842584728893626, 0.20576446753509356, -0.5765090605111364, 0.049156468766494626, 0.6629302120812518, -0.07913319334350558], [-0.23563920564757607, 0.4897470507258244, -0.19228179591417988, -0.22925630360107618, -0.636984661350552, -0.08226818384725477, 0.5665038254321068, 0.40523173500816134, 0.6284967156552066, 0.26761092371864936, 0.08780640371048035], [-0.03698300000934426, -0.4773919836507899, -0.662479571439333, -0.21421718869068493, 0.18600180322135376, 0.757858379992448, -0.21157928607989254, 0.22539141806948246, 0.5982869833567946, 0.13817479224042703, 0.14557272286377848]], "inverted": true, "swapped": false, "error_lsq": 0.040041075173643165, "error_max": 0.23262449540336474, "target": "68.xyz", "model": "2.xyz", "model_rescale": 3.795458400668931, "target_rescale": 3.7181722116989544},
{"mapping": [0, 2, 1, 8, 7, 4, 6, 10, 5, 3, 11], "R": [[-0.5329938271991368, 0.2061113387399774, -0.820631279083628], [0.6803174787905597, -0.47226539240399146, -0.5604761611251282], [-0.5030762449367624, -0.857020136974808, 0.11149339262937707]], "T": [-0.136307809394712, 0.07604288004935143, 0.059394712332889676], "aligned_model": [[-0.8010207886887353, -0.4540096005383804, -0.2200098496964012, 0.5326958968909773, -0.00500125249516542, -0.4586303331120703, 0.21550304853350488, -0.6081329546953924, 0.10257837257945135, 0.5962015958179685, -0.214556503605747], [-0.33310596104632434, 0.5862658782783564, -0.16573430160283703, -0.11397503609106309, -0.6571901681369967, -0.02256245148901606, 0.3755406320149467, 0.5614250164323437, 0.47971168139163833, 0.3871850306833858, -0.028593816544643533], [0.00497205929327918, -0.41648696980804756, -0.5157631832412828, -0.2968217521279785, 0.22800723197041428, 0.6046835464568594, -0.3064283506801887, 0.3436409952328374, 0.5826628142022015, 0.12014468278360077, 0.1000239957925449]], "inverted": true, "swapped": false, "error_lsq": 0.05294817055240009, "error_max": 0.2426217022218434, "target": "68.xyz", "model": "3.xyz", "model_rescale": 3.7530521520055578, "target_rescale": 3.7181722116989544},
{"mapping": [2, 0, 1, 5, 3, 9, 7, 4, 6, 8, 10], "R": [[-0.45444007788121793, 0.7600642356883303, 0.464528334165772], [-0.5844775887391125, -0.6479557056143382, 0.48840490560961636], [0.67221288583084, -0.049555637311404055, 0.738697553084911]], "T": [-0.11393580429905242, 0.026508306580893967, 0.07259353452912287], "aligned_model": [[-0.741156668933282, -0.46877940075802454, -0.3184102931698494, 0.4598963382579018, -0.28392266545967226, 0.1099746479020271, 0.27115898870912897, -0.6756293988447073, -0.12379004793635123, 0.6180301672248674, -0.1617540360020281], [-0.20329695261737762, 0.6862562975652324, -0.2615045222154996, -0.3311899729291608, -0.7067844263461681, -0.14024969769663737, 0.33893552496421947, 0.36588426118946826, 0.6994017955909276, 0.5269650202484947, 0.09454917613629119], [-0.050449193168675355, -0.2724267492428893, -0.6346296725699354, -0.17302477707274577, 0.18859362057918427, 0.5410160427924309, -0.2639212113062579, 0.4027982766081407, 0.3782940235214688, 0.30764328741171976, 0.024741422321799246]], "inverted": false, "swapped": false, "error_lsq": 0.06094683704087038, "error_max": 0.3755818545010572, "target": "68.xyz", "model": "4.xyz", "model_rescale": 3.7855080009869324, "target_rescale": 3.7181722116989544},
{"mapping": [10, 5, 7, 6, 13, 14, 0, 9, 2, 1, 16], "R": [[-0.6681787866419814, -0.5762109195256482, 0.4706570782438704], [-0.13692010015132994, -0.5265636704566753, -0.8390372978180074], [0.7312933715385361, -0.625069337893486, 0.2729438176057478]], "T": [-0.09239311172024435, -0.020533817344136465, 0.08025808961410275], "aligned_model": [[-0.7697495387561567, -0.3421997715004834, -0.22562283997091975, 0.24141719265429112, 0.09157493473163124, -0.20661953205646283, 0.18061627585420914, -0.6478229246245695, -0.08922157816250607, 0.5633626276108067, -0.11011721478982993], [-0.0463454719676636, 0.4899110000732417, -0.13753598087384267, -0.4295497182292984, -0.6690365411722666, 0.010949734689291543, 0.6601388510091968, 0.26538171767643715, 0.5740572572114802, 0.3567716925295606, -0.005776037056346953], [-0.18711113694913317, -0.49606297170543867, -0.6477046876729832, -0.30360873831381535, 0.3457154570906429, 0.7463350441632007, -0.18549457015337395, 0.4218192832822475, 0.5187065848930587, 0.10725626626931153, 0.12878453897052275]], "inverted": false, "swapped": false, "error_lsq": 0.048098849468460984, "error_max": 0.23138022888240364, "target": "68.xyz", "model": "5.xyz", "model_rescale": 4.2253639853439635, "target_rescale": 3.7181722116989544},
{"mapping": [5, 8, 10, 4, 2, 6, 9, 11, 12, 0, 13], "R": [[0.5279956406587172, -0.4282703910209379, -0.733351945262412], [0.6197614708619056, 0.7846978361326653, -0.012042641064161447], [0.5806171911685689, -0.4481448182713772, 0.6797425241781154]], "T": [-0.031282464150777706, 0.08958953058150514, 0.017620419478719188], "aligned_model": [[-0.6156345468305392, -0.4457934118351464, -0.3411210472749361, 0.41935984541149307, -0.19656106629904488, -0.23073698031044834, 0.1254059463907288, -0.6385292869335927, -0.0939593104408907, 0.7076040799353669, -0.0044165908229804075], [-0.151207207881904, 0.44175426179568084, -0.3130206433703594, -0.41534644246711033, -0.5600196058605963, -0.13249043181799264, 0.6409095848210837, 0.3915647286836694, 0.7357983880236691, 0.38097141166355325, 0.05005246030009624], [-0.01830785161654301, -0.4824051318057576, -0.574340368603737, -0.18943629777613363, 0.04698988593785999, 0.5873715532268307, -0.19235902542155525, 0.39921715002619573, 0.6883137100157947, 0.1281008416001092, 0.05549060429117627]], "inverted": false, "swapped": false, "error_lsq": 0.048788357283449456, "error_max": 0.32644169225162867, "target": "68.xyz", "model": "6.xyz", "model_rescale": 3.89814844738969, "target_rescale": 3.7181722116989544},
{"mapping": [10, 5, 9, 8, 11, 4, 6, 2, 0, 3, 12], "R": [[-0.4361111874910653, -0.8829846917775495, 0.17362334587157058], [-0.1412550211105808, -0.12337647431982707, -0.9822551932137893], [0.8887373353000212, -0.4528976481181098, -0.0709201605532766]], "T": [-0.06093003108022812, 0.11832180715560123, 0.17897096468963958], "aligned_model": [[-0.726959288336235, -0.429143746505187, -0.2756656108246552, 0.4079171853007686, -0.018133067649068697, -0.3734313391751785, 0.24184261141880656, -0.6930929849538844, 0.07844192169346842, 0.6937928213604776, -0.2199508713393018], [-0.12804295720260367, 0.4608003496402653, -0.156000272692805, -0.21553614248082922, -0.6884309517911191, -0.1307439715553014, 0.4658622962305744, 0.34599877383317534, 0.6442518391520383, 0.40602282130256395, 0.06478471945383116], [-0.007074982360717241, -0.4123865513151507, -0.6435750257170265, -0.17656796351806514, 0.12740765335360407, 0.6847426114813023, -0.3159231516983596, 0.40275890698144096, 0.41345646038730965, 0.18083620796740577, 0.19496090431249627]], "inverted": false, "swapped": false, "error_lsq": 0.045021034112186775, "error_max": 0.21784442500211038, "target": "68.xyz", "model": "7.xyz", "model_rescale": 3.7474275329858107, "target_rescale": 3.7181722116989544},
{"mapping": [10, 6, 0, 1, 12, 11, 3, 7, 9, 4, 14], "R": [[-0.9033371165646766, 0.24665410277200472, 0.3509185196343352], [0.14288483480002004, 0.944436819556776, -0.29601185423839466], [-0.40443290892407235, -0.2172575601704552, -0.8883879640832568]], "T": [0.01266568898698675, 0.07725692077514906, 0.07549223627847657], "aligned_model": [[-0.6971134358653354, -0.5577475842510995, -0.2071906437869565, 0.3410436662397093, -0.054608081919195084, -0.3020810029946699, 0.0756939726149567, -0.5649205444276552, -0.1467550805477853, 0.7307015362180876, 0.06859482970995301], [-0.18611345185926503, 0.4295454269952376, -0.05300165806290935, -0.35874582928451854, -0.4951808873153371, -0.01359955219048159, 0.548012734409759, 0.38750417872526005, 0.5592015960649044, 0.19494231643346732, 0.05640162997367315], [0.029524851857085213, -0.39083340583953485, -0.5318866678705265, -0.4411036658013502, 0.2955645298912297, 0.6038477764185575, -0.4616771377337998, 0.25993305016830215, 0.6435193379991532, 0.3632430235673836, 0.07850337721773985]], "inverted": true, "swapped": false, "error_lsq": 0.051014991192858086, "error_max": 0.22433495214949295, "target": "68.xyz", "model": "8.xyz", "model_rescale": 4.019505241142653, "target_rescale": 3.7181722116989544},
{"mapping": [5, 4, 3, 2, 6, 11, 0, 8, 9, 1, 12], "R": [[-0.8587702833896913, 0.31225963657933603, -0.4062111762742753], [-0.49302803991157745, -0.7193630370668624, 0.4893262436891037], [-0.13941647043207406, 0.6204923369915869, 0.77172035576819]], "T": [-0.02212038910954872, 0.0926526923993135, 0.12376291422541758], "aligned_model": [[-0.5536012304556495, -0.5056436091287739, -0.2675223810931265, 0.2397014134678233, 0.038898846779981136, -0.4477109239474121, 0.13140659226436108, -0.47598708476359874, -0.026062536658222668, 0.6111302932423024, -0.058991748717674646], [-0.27033627318486075, 0.46098528870150146, -0.14800035152511826, -0.22618709920994623, -0.6009918704615735, -0.019796829205757274, 0.4785654816644366, 0.5353973725145781, 0.4787928128738269, 0.30190597010703113, 0.07863200161567195], [-0.0667412728365196, -0.4402681713067987, -0.6638440832816923, -0.3002213935011275, 0.33159869370499606, 0.5636234895674248, -0.3763839273550505, 0.35639804096213334, 0.6878731235489819, 0.2310566290462228, 0.1255439413256693]], "inverted": false, "swapped": false, "error_lsq": 0.04932232336662919, "error_max": 0.25531448158499764, "target": "68.xyz", "model": "9.xyz", "model_rescale": 3.877068213659057, "target_rescale": 3.7181722116989544},
{"mapping": [4, 1, 3, 6, 13, 2, 0, 7, 8, 11, 15], "R": [[0.5498268372661769, 0.8317764013717783, 0.076409862863946], [-0.24746806517656605, 0.2495855151484692, -0.9361979637586486], [-0.7977781682520773, 0.4958377645451051, 0.3430669111285331]], "T": [0.008208526248944553, -0.00531707243153158, 0.0556409955940408], "aligned_model": [[-0.6503779887223112, -0.4946611376049501, -0.21033665552949138, 0.35664129871133976, -0.11471272747097455, -0.34786143835553784, 0.21460061297459607, -0.6634802515845408, -0.02749490573231053, 0.5883591663891382, 0.0349416579150523], [-0.11856997509936403, 0.6250368587086773, -0.3107666220980759, -0.4319884155355788, -0.7479081045139703, -0.16871883465513965, 0.6835542379945425, 0.3781758910981183, 0.641260149870052, 0.4487544940286561, 0.07013682409187226], [-0.051728749121577475, -0.2648003139698013, -0.45592514759583114, -0.2215786703259744, 0.23195724674047585, 0.591242902198458, -0.2858625327079146, 0.31651242383526, 0.47514796377648494, 0.09922451932742611, 0.01444542771723354]], "inverted": false, "swapped": false, "error_lsq": 0.04461873158661771, "error_max": 0.19557609979809307, "target": "68.xyz", "model": "10.xyz", "model_rescale": 4.260839863003843, "target_rescale": 3.7181722116989544},
{"mapping": [2, 9, 4, 5, 3, 1, 10, 8, 7, 6, 11], "R": [[0.1892907241120712, 0.7633986491196749, -0.6175690441459836], [0.6861631692730907, 0.3470549872546969, 0.6393222512589023], [0.7023881597081749, -0.5447709044579183, -0.45812174665460487]], "T": [-0.1046550240403551, 0.10916762541820932, 0.08969057828063023], "aligned_model": [[-0.6596741016200246, -0.5562907437991886, -0.20230973703262606, 0.3723482309701556, -0.03021811703994076, -0.39477301482584765, 0.11305844951460697, -0.6687069786902057, 0.08854280618926569, 0.7246754793907817, -0.1010346420669663], [-0.29143161334091316, 0.43000309484028887, -0.10134042397432139, -0.22773956796850517, -0.5845970500007006, -0.15012995509414626, 0.5984618652196029, 0.5386805806376126, 0.5223596215725057, 0.22192740989037393, 0.11277254210799284], [0.04689806059735062, -0.4837403585860912, -0.6047536432178071, -0.2502687428175898, 0.220008625495409, 0.6994913320554343, -0.23669229867833377, 0.20360906147418925, 0.5603843237147929, 0.14214514661053199, 0.1515535632263534]], "inverted": false, "swapped": false, "error_lsq": 0.048377296041696854, "error_max": 0.24262568706135582, "target": "68.xyz", "model": "11.xyz", "model_rescale": 3.890672605050136, "target_rescale": 3.7181722116989544},
{"mapping": [8, 7, 5, 9, 6, 0, 12, 3, 4, 10, 13], "R": [[-0.2923176290139975, 0.9431221630726099, 0.15833821171428022], [0.7473694079497162, 0.12199540435464845, 0.6531126161522501], [0.5966484491126458, 0.30925346697747325, -0.740522059991387]], "T": [-0.019747275099125383, -0.07382375811341403, 0.18710814416908983], "aligned_model": [[-0.7002060688608054, -0.41152763070102033, -0.15924611156464719, 0.37949228229575227, -0.07521768621097728, -0.4094343998046309, 0.21165330495633866, -0.7664385292636808, -0.01704477628921755, 0.684391580804556, -0.05080433437165696], [-0.246804925011878, 0.48801759088082186, -0.061307801188499725, -0.4124061690921236, -0.6452226559067507, -0.02101386884923788, 0.43058308087722874, 0.43414253832754746, 0.5461540513449821, 0.4742139736476043, 0.08261068886009525], [0.025106935133546338, -0.3206384676376175, -0.5779772153053147, -0.388904132443473, 0.23695467898545935, 0.6276187571875242, -0.31004340121172785, 0.3807200462728896, 0.513722987837427, 0.12893924684883118, 0.13313563420669483]], "inverted": false, "swapped": false, "error_lsq": 0.043490920946533854, "error_max": 0.19829011934880367, "target": "68.xyz", "model": "12.xyz", "model_rescale": 4.124412569039231, "target_rescale": 3.7181722116989544},
{"mapping": [9, 3, 7, 10, 11, 8, 0, 6, 1, 4, 12], "R": [[-0.785384059647761, 0.24894187357735859, -0.5667449359553172], [0.6125304296899663, 0.1804315584157452, -0.7695784075917741], [-0.08932161863192681, -0.9515631331170097, -0.2941925426272949]], "T": [-0.0982386674374161, 0.17638570893221694, -0.08015850870616723], "aligned_model": [[-0.6416094536024652, -0.5990861879540872, -0.13797047499556814, 0.2862220385549426, -0.031910283266816275, -0.32418782618646, 0.09090993500046224, -0.6060287267898841, -0.00283906154748359, 0.6693983483793726, -0.017280676602002734], [-0.15575607123762003, 0.6172690873994229, -0.18904155701655612, -0.453248931773211, -0.6819504613902471, -0.12965994465727237, 0.6972387836775735, 0.37893245475099896, 0.5952244134148528, 0.29824309756986445, 0.09171563315198424], [-0.1355778068646639, -0.3322041068616838, -0.5880580768152677, -0.0991284077336986, 0.41925357114971484, 0.5282649922189894, -0.2525019858619065, 0.305505705559453, 0.6114608618525856, 0.038839157371093586, -0.047218834140375913]], "inverted": true, "swapped": false, "error_lsq": 0.043328868789109264, "error_max": 0.26535077801910323, "target": "68.xyz", "model": "13.xyz", "model_rescale": 3.9028299243045295, "target_rescale": 3.7181722116989544},
{"mapping": [7, 4, 10, 14, 9, 6, 5, 3, 2, 12, 15], "R": [[0.7062159856071694, 0.696462931377162, -0.12727280499158178], [0.5075369513379364, -0.6233478061868436, -0.5948476742399208], [-0.49362457870277077, 0.3554952851158229, -0.7936988582333556]], "T": [-0.022858243278960078, 0.24881542313212784, 0.11220278412598952], "aligned_model": [[-0.6654178711780145, -0.49427737310824793, -0.18778158188472, 0.3750198815439934, -0.16259507418100833, -0.3189715523626868, 0.1297337267269834, -0.6042673012016218, 0.01573808691378057, 0.6674606280917588, -0.06902393837020687], [-0.34077772713493076, 0.45991386781368987, -0.09376056944899758, -0.4445470854669142, -0.5087040375809828, -0.08262509600878759, 0.5245104907286047, 0.3608255170084109, 0.716019857074651, 0.33340899491655923, 0.14470229198848694], [-0.1330012076636323, -0.32661918953386637, -0.5287298049496176, -0.2672601023854144, 0.1987090913759971, 0.6090652929796189, -0.2912941229846252, 0.30741213706139703, 0.6799880514197826, 0.08887742446970028, 0.11148750008489966]], "inverted": false, "swapped": false, "error_lsq": 0.041648199753971056, "error_max": 0.21832079494072523, "target": "68.xyz", "model": "14.xyz", "model_rescale": 3.942246331269136, "target_rescale": 3.7181722116989544},
{"mapping": [4, 13, 3, 5, 9, 6, 12, 11, 8, 0, 14], "R": [[-0.6235518585246087, 0.006009392715474571, -0.7817588930928114], [-0.7512737899201798, -0.28122937825721683, 0.5970743080924091], [-0.21626551345389378, 0.9596217609059575, 0.179875800724481]], "T": [-0.11093048670881056, -0.0027619514225517283, 0.05363425654545635], "aligned_model": [[-0.6114600395996835, -0.5453315583087621, -0.10649608012643078, 0.2865340462908476, -0.023886231246028233, -0.22578344683237533, 0.03215348420346412, -0.6708588426131005, 0.021033758229533406, 0.5502922768160303, -0.020579735823484838], [-0.06576586870820528, 0.619413759709715, -0.13183801378512036, -0.4120548547730931, -0.6617353730962448, -0.014612964633775274, 0.5715113489625542, 0.29919941970125863, 0.5601924789115579, 0.27306595311079673, 0.03159061849034623], [-0.2449702477945318, -0.23812410233255116, -0.6533789234334484, -0.2243600284018466, 0.5078804819023182, 0.6008615771126437, -0.5101151664214517, 0.3844069749789713, 0.5679383239149864, 0.21922684981451546, 0.039269330534634495]], "inverted": false, "swapped": false, "error_lsq": 0.04922077582462661, "error_max": 0.25189503668078983, "target": "68.xyz", "model": "15.xyz", "model_rescale": 4.355366556412066, "target_rescale": 3.7181722116989544},
{"mapping": [5, 7, 9, 1, 0, 4, 10, 3, 6, 8, 11], "R": [[-0.8457866847400207, 0.22183936418944347, 0.4852135410440524], [-0.07036005624573091, -0.947890806408851, 0.3107289519994493], [0.5288613678475508, 0.22867075812530546, 0.8173220527899733]], "T": [-0.06264848431090128, 0.048310141968302564, 0.026466071549328483], "aligned_model": [[-0.6380673449888058, -0.6557097253107788, -0.19463683858848166, 0.33688336665848817, -0.1566348740196738, -0.26842584728893626, 0.20576446753509356, -0.5765090605111364, 0.049156468766494626, 0.6629302120812518, -0.07913319334350558], [-0.23563920564757607, 0.4897470507258244, -0.19228179591417988, -0.22925630360107618, -0.636984661350552, -0.08226818384725477, 0.5665038254321068, 0.40523173500816134, 0.6284967156552066, 0.26761092371864936, 0.08780640371048035], [-0.03698300000934426, -0.4773919836507899, -0.662479571439333, -0.21421718869068493, 0.18600180322135376, 0.757858379992448, -0.21157928607989254, 0.22539141806948246, 0.5982869833567946, 0.13817479224042703, 0.14557272286377848]], "inverted": true, "swapped": false, "error_lsq": 0.040041075173643165, "error_max": 0.23262449540336474, "target": "68.xyz", "model": "16.xyz", "model_rescale": 3.795458400668931, "target_rescale": 3.7181722116989544},
{"mapping": [10, 5, 9, 8, 11, 4, 6, 2, 0, 3, 12], "R": [[-0.4361111874910653, -0.8829846917775495, 0.17362334587157058], [-0.1412550211105808, -0.12337647431982707, -0.9822551932137893], [0.8887373353000212, -0.4528976481181098, -0.0709201605532766]], "T": [-0.06093003108022812, 0.11832180715560123, 0.17897096468963958], "aligned_model": [[-0.726959288336235, -0.429143746505187, -0.2756656108246552, 0.4079171853007686, -0.018133067649068697, -0.3734313391751785, 0.24184261141880656, -0.6930929849538844, 0.07844192169346842, 0.6937928213604776, -0.2199508713393018], [-0.12804295720260367, 0.4608003496402653, -0.156000272692805, -0.21553614248082922, -0.6884309517911191, -0.1307439715553014, 0.4658622962305744, 0.34599877383317534, 0.6442518391520383, 0.40602282130256395, 0.06478471945383116], [-0.007074982360717241, -0.4123865513151507, -0.6435750257170265, -0.17656796351806514, 0.12740765335360407, 0.6847426114813023, -0.3159231516983596, 0.40275890698144096, 0.41345646038730965, 0.18083620796740577, 0.19496090431249627]], "inverted": false, "swapped": false, "error_lsq": 0.045021034112186775, "error_max": 0.21784442500211038, "target": "68.xyz", "model": "17.xyz", "model_rescale": 3.7474275329858107, "target_rescale": 3.7181722116989544},
{"mapping": [8, 4, 0, 1, 3, 10, 6, 5, 12, 7, 13], "R": [[-0.37182433431825923, -0.9097448047202018, 0.1846917829611957], [-0.3739520764082079, -0.03531029515595557, -0.9267756080119876], [0.8496508158995515, -0.41366359924533047, -0.32707173173575466]], "T": [-0.003121629628044728, 0.09532346088146855, 0.07749453289891997], "aligned_model": [[-0.6447580407974066, -0.6308268576871292, -0.16198558915081102, 0.41852363945487864, -0.1316587242648133, -0.3787579106917935, -0.03365623671596088, -0.5361567993556491, 0.08447088457786087, 0.6820033415494849, 0.018419924071349472], [-0.2066145777975371, 0.4454697999197538, -0.16689534304450426, -0.412108775015592, -0.5604770323811306, -0.08068403984768481, 0.6085513411419965, 0.4667694257923609, 0.5786198954730964, 0.293504994306593, 0.10283081534243842], [-0.040787282605733444, -0.3379684738128508, -0.7004167294011256, -0.13046269790149176, 0.19578700792630346, 0.6291811418528894, -0.4975390245163006, 0.3954903499392921, 0.6413996943220163, 0.3198726171279867, -0.025921533056745785]], "inverted": true, "swapped": false, "error_lsq": 0.05426974527347716, "error_max": 0.28691540988616065, "target": "68.xyz", "model": "18.xyz", "model_rescale": 3.922800546911778, "target_rescale": 3.7181722116989544},
{"mapping": [13, 6, 8, 5, 12, 7, 1, 11, 9, 0, 14], "R": [[0.4505341960742681, -0.6154920722348515, 0.6466749161547564], [-0.6131794297547476, 0.31313181474776147, 0.7252306209189019], [-0.6488681877649384, -0.7232689510886123, -0.23633048744887483]], "T": [-0.15092879700525058, 0.17422560287897976, -0.00959751678879605], "aligned_model": [[-0.6951468181053, -0.36999670965163556, -0.2778919986959655, 0.40488496464457185, -0.00646202552230557, -0.306098556889556, 0.27876977801823644, -0.7291683400045348, -0.12501205681927838, 0.6730568256042371, -0.16131743158845951], [-0.2385414953247777, 0.5561839669839803, -0.11466028161892433, -0.26896603786764034, -0.5642078514593933, -0.11062791552222973, 0.5625022783070237, 0.2799727380166333, 0.6152479618738402, 0.19954932482831855, 0.15251381567295966], [0.06295463666360637, -0.5405257884527743, -0.5338264221115808, -0.28742111571212026, 0.21944271988962147, 0.7204653830565213, -0.4706651711272627, 0.39252210109991426, 0.674193962654846, 0.12769428382713752, 0.08380048008633068]], "inverted": true, "swapped": false, "error_lsq": 0.044030294126390736, "error_max": 0.23508437753049555, "target": "68.xyz", "model": "19.xyz", "model_rescale": 3.9282355846067225, "target_rescale": 3.7181722116989544},
{"mapping": [7, 8, 12, 10, 2, 5, 11, 6, 3, 0, 13], "R": [[-0.5223898275787436, -0.7709725299144434, 0.3642941478524921], [-0.844826862546147, 0.5258985684814157, -0.09847978467498719], [-0.11565656212547826, -0.3592103197105014, -0.9260623660697994]], "T": [-0.19938452080492813, 0.1766608150620022, 0.009359347742548589], "aligned_model": [[-0.6168323582072178, -0.5195244839352355, -0.3228681405220554, 0.39583714726512503, -0.012780525169422186, -0.36932798757502894, 0.33808826712446044, -0.7115973332316283, 0.020180147428675077, 0.5436684563803589, -0.059225558568021], [-0.28079450177696647, 0.7589350782044753, -0.3112972444879835, -0.3617745906036876, -0.5667921883495652, -0.03339889846230282, 0.4458183642131807, 0.3655840814316206, 0.513600325862339, 0.41676187996263037, 0.12232419789605038], [-0.05824030109923945, -0.36089551801481234, -0.675799811175534, -0.3037425985576827, 0.3113076726113278, 0.653319196727591, -0.3805642182242906, 0.3682327073935941, 0.645455403119922, 0.18377477116176438, 0.0657877659315994]], "inverted": false, "swapped": false, "error_lsq": 0.041905677238138477, "error_max": 0.22858312864645508, "target": "68.xyz", "model": "20.xyz", "model_rescale": 4.067790424073018, "target_rescale": 3.7181722116989544},
{"mapping": [9, 10, 12, 3, 0, 8, 11, 1, 5, 6, 14], "R": [[-0.5293936137075939, -0.8482591250827389, -0.0141017190257553], [-0.46188681902803896, 0.2742386700780083, 0.8434771592888601], [-0.7116199604942056, 0.4530448195793787, -0.536979909566935]], "T": [-0.025182744311884844, 0.09685720939479149, 0.1659992133096047], "aligned_model": [[-0.7219532616783775, -0.5275676549349135, -0.2150633812878619, 0.5099164680514531, -0.04259543139062975, -0.23706507073883293, 0.16229417396686313, -0.7708260346912255, -0.07150940560986012, 0.6729682963224981, -0.07298106701910262], [0.006234185514630855, 0.5224806830691977, -0.19206854848871152, -0.3098643855535015, -0.6045925287755005, -0.00916916829881638, 0.32457936134691034, 0.36786458248924225, 0.4982900025694258, 0.3418863025519527, 0.12332601746496014], [-0.16618780200035033, -0.3215875807991899, -0.5177266945151084, -0.35552872820616105, 0.27610412995952294, 0.6846823378723093, -0.40935048956869496, 0.37546565100198126, 0.5963149972112411, 0.17613679995925474, 0.11031244895943536]], "inverted": false, "swapped": false, "error_lsq": 0.04185025655251199, "error_max": 0.22105188156548808, "target": "68.xyz", "model": "21.xyz", "model_rescale": 4.186013935880536, "target_rescale": 3.7181722116989544},
{"mapping": [7, 4, 10, 9, 1, 0, 11, 6, 5, 8, 12], "R": [[0.4558617960602209, 0.8833228552509182, -0.10922800137379918], [0.7755623714087643, -0.3340107743404468, 0.5356676307929285], [0.43668413177898224, -0.3289035360342911, -0.837334719832264]], "T": [-0.07287339249530829, 0.1433907735437242, 0.09701236442088611], "aligned_model": [[-0.6031280327889996, -0.5279416177065896, -0.23754090077775142, 0.2939702381420351, -0.14159937306479203, -0.3511453057687196, 0.18786735060990273, -0.5933296266637589, 0.06171856639422306, 0.6896565578858989, -0.09291022527143837], [-0.3080030258316554, 0.4105950710675487, -0.1328732707088584, -0.21906248499382686, -0.535690650820522, -0.06253669397538861, 0.6130979429094174, 0.29029235769793005, 0.6251410047472687, 0.20425957692026275, 0.18374667687761367], [-0.13406639750526073, -0.40211780152415016, -0.6729631041540055, -0.24868135301501915, 0.3601632614562853, 0.7310053150210415, -0.23518549626348, 0.22891415328432135, 0.6872161389364903, 0.04690054694478727, 0.0874498066932299]], "inverted": false, "swapped": false, "error_lsq": 0.04684471367096947, "error_max": 0.23559398175620272, "target": "68.xyz", "model": "22.xyz", "model_rescale": 4.166573947596378, "target_rescale": 3.7181722116989544},
{"mapping": [6, 11, 14, 10, 5, 1, 9, 2, 4, 8, 15], "R": [[0.6309066012441512, 0.4695606736072096, -0.6176322808177187], [-0.42697351015601087, 0.8748057555206209, 0.2289290539294888], [0.6478043548260607, 0.1192797715857116, 0.752410695005628]], "T": [-0.10056240300345938, 0.1208737207963094, -0.007301080378818894], "aligned_model": [[-0.773645695911123, -0.5020136968625412, -0.05429751725310368, 0.41085599547932544, -0.12032250213964116, -0.3716148911836546, 0.17329101853297907, -0.5932287023989526, 0.046776983501108135, 0.5922444852160902, -0.12242784599047643], [-0.18561561094645854, 0.6576393361120545, -0.21275262620292437, -0.3348222797054873, -0.6481817886853305, -0.10549949257145758, 0.4590430373197939, 0.3800015586954698, 0.5042022641324829, 0.4730717676345142, 0.08188033810713317], [0.17194958852735803, -0.4230087424443414, -0.7232136338060511, -0.31017664876301315, 0.30769914663603426, 0.6118796507393403, -0.4209373737053587, 0.37077552595215774, 0.6019639246992825, 0.21642708427660468, 0.045276547762226435]], "inverted": true, "swapped": false, "error_lsq": 0.043013402128827774, "error_max": 0.25870908624767913, "target": "68.xyz", "model": "23.xyz", "model_rescale": 4.274766983524099, "target_rescale": 3.7181722116989544},
{"mapping": [7, 6, 5, 4, 9, 1, 3, 8, 0, 2, 10], "R": [[0.6352712423929945, -0.48533743645238403, 0.6007312388799917], [-0.10339301095462511, 0.7174071417264734, 0.6889389510585018], [-0.7653367454096258, -0.49977451493416525, 0.40556762734237256]], "T": [-0.17496985787436536, 0.18649340680463267, 0.0563252256809735], "aligned_model": [[-0.5728151256309166, -0.5678127985134886, -0.12464874929899356, 0.2727482872859791, -0.303044838766115, 0.14151770927009455, 0.17856886167753716, -0.8464002333026839, -0.09602568811493445, 0.784230103656871, -0.1806998972733392], [-0.24930219471012516, 0.58485588335129, -0.05429587971841443, -0.29744148316548547, -0.5765413887733071, -0.03584274492652034, 0.4975477556616751, 0.13389405964530218, 0.7834136024099092, 0.12034641329745338, 0.162332480818013], [-0.17353084473246233, -0.32049942503382306, -0.7219608747601035, -0.1739704357508233, 0.41554682309430707, 0.5810972104326103, -0.2507087294879006, 0.3586920349292046, 0.48483828300805215, 0.1198195547046716, 0.12931147347050684]], "inverted": true, "swapped": false, "error_lsq": 0.06672875359623963, "error_max": 0.3987977437924509, "target": "68.xyz", "model": "24.xyz", "model_rescale": 3.7841303162186577, "target_rescale": 3.7181722116989544},
{"mapping": [11, 0, 10, 9, 13, 3, 8, 6, 4, 2, 15], "R": [[-0.9786613722419089, -0.161043816895392, 0.127619777156002], [0.026814656709441095, -0.7158655891917192, -0.6977230341595065], [0.20372258752317815, -0.6794125015415572, 0.7049083345243584]], "T": [-0.09001917488388597, 0.0990754364925496, -0.04543221490088289], "aligned_model": [[-0.7155855392109731, -0.3608362649359186, -0.2623356730495576, 0.3995237968674882, -0.1855013989601495, -0.260081380442337, 0.2258971172740656, -0.6135144667003869, -0.005381749714785319, 0.5990188699763866, -0.1355856801138222], [-0.3287401909007731, 0.6059665981618367, -0.2561367418661109, -0.12803193808207686, -0.6021962120359148, -0.07428448139151847, 0.5506888581504611, 0.3121897430365673, 0.5568489292500728, 0.3235037108222393, 0.10915822874500701], [0.07731990093967564, -0.5048333504119993, -0.7157951301063811, -0.2710660504592434, 0.28788627712537845, 0.7226999825397501, -0.25920779200563143, 0.4046360288524927, 0.5376494933079049, 0.1634973194970865, 0.005848390595206553]], "inverted": false, "swapped": false, "error_lsq": 0.04021694347423178, "error_max": 0.20910378857542655, "target": "68.xyz", "model": "25.xyz", "model_rescale": 4.19342608120988, "target_rescale": 3.7181722116989544},
{"mapping": [5, 7, 9, 1, 0, 4, 10, 3, 6, 8, 11], "R": [[-0.8457866847400207, 0.22183936418944347, 0.4852135410440524], [-0.07036005624573091, -0.947890806408851, 0.3107289519994493], [0.5288613678475508, 0.22867075812530546, 0.8173220527899733]], "T": [-0.06264848431090128, 0.048310141968302564, 0.026466071549328483], "aligned_model": [[-0.6380673449888058, -0.6557097253107788, -0.19463683858848166, 0.33688336665848817, -0.1566348740196738, -0.26842584728893626, 0.20576446753509356, -0.5765090605111364, 0.049156468766494626, 0.6629302120812518, -0.07913319334350558], [-0.23563920564757607, 0.4897470507258244, -0.19228179591417988, -0.22925630360107618, -0.636984661350552, -0.08226818384725477, 0.5665038254321068, 0.40523173500816134, 0.6284967156552066, 0.26761092371864936, 0.08780640371048035], [-0.03698300000934426, -0.4773919836507899, -0.662479571439333, -0.21421718869068493, 0.18600180322135376, 0.757858379992448, -0.21157928607989254, 0.22539141806948246, 0.5982869833567946, 0.13817479224042703, 0.14557272286377848]], "inverted": true, "swapped": false, "error_lsq": 0.040041075173643165, "error_max": 0.23262449540336474, "target": "68.xyz", "model": "26.xyz", "model_rescale": 3.795458400668931, "target_rescale": 3.7181722116989544},
{"mapping": [0, 2, 1, 8, 5, 7, 9, 3, 4, 11, 12], "R": [[-0.03980773815556954, 0.7258757716686008, 0.6866729265723607], [0.5317404526307132, 0.597216861173278, -0.600486562519447], [-0.8459712968056431, 0.34122776093813145, -0.4097513638124071]], "T": [-0.01787880031191702, 0.09257287421281475, -0.015642188526227868], "aligned_model": [[-0.8369487511887583, -0.6062443909927873, -0.0978741128374643, 0.48546119852193725, 0.0916150778680912, -0.44668674756312743, -0.060620457321394636, -0.577881740413752, 0.19722682871228264, 0.6422410768552388, -0.10467035065025604], [-0.017696481822479168, 0.5151268888087907, -0.1018729512958141, -0.38162711646473096, -0.5685494994679977, -0.23726749355553006, 0.4868466757649227, 0.4142527496935932, 0.6605689784309994, 0.3047561005581173, -0.005571346760081489], [-0.10640714202196785, -0.5157511270094113, -0.5689456689666069, -0.24484717215774351, 0.3275614908537926, 0.5906062546008962, -0.18024963149628728, 0.3421221523964366, 0.5587907288728828, 0.15984176504175898, 0.0859134197604893]], "inverted": false, "swapped": false, "error_lsq": 0.05485534285716851, "error_max": 0.24995397723469992, "target": "68.xyz", "model": "27.xyz", "model_rescale": 3.6321398670334006, "target_rescale": 3.7181722116989544},
{"mapping": [1, 7, 3, 0, 2, 13, 8, 6, 9, 10, 14], "R": [[-0.5986596365610823, 0.7539006209287664, -0.2706298086238353], [0.7687148761603317, 0.6357029179697392, 0.07042186630986982], [0.22513124776973756, -0.16587843093054602, -0.9601043002870373]], "T": [-0.11262767519535245, 0.14573258397938715, 0.007307954842500894], "aligned_model": [[-0.5573089852933358, -0.47439915876907823, -0.1784149878514297, 0.3524871358326537, -0.12192869843010895, -0.3593142088585129, 0.1030208365988594, -0.6522115887746875, 0.07826766753332846, 0.642566104305621, -0.14714648530329913], [-0.35131130302325314, 0.5318957081162203, -0.08762167818447356, -0.20541884198940108, -0.6105994258000077, -0.05656568083785665, 0.5045691413414085, 0.47610102751189, 0.4707827093389539, 0.29144407426218066, 0.10569077315412886], [-0.04242234768173868, -0.5591607726558518, -0.6351699807986422, -0.21578974308895538, 0.2549347823113022, 0.7587721909011684, -0.2956139166954876, 0.4585432912968689, 0.5590991702024942, 0.1218599081178993, 0.04358248796518224]], "inverted": false, "swapped": false, "error_lsq": 0.045999527874549855, "error_max": 0.22435152172616946, "target": "68.xyz", "model": "28.xyz", "model_rescale": 4.156811204709835, "target_rescale": 3.7181722116989544},
{"mapping": [5, 0, 7, 1, 3, 4, 8, 9, 6, 10], "R": [[-0.3888176430824438, 0.4138709297520699, -0.8231231341263412], [0.34586046938056386, 0.8936489959735278, 0.2859580523702069], [0.8539328873791368, -0.1735002175839073, -0.49060809038444064]], "T": [-0.1439750721491115, -0.11668673185295834, 0.14444847229422858], "aligned_model": [[-0.5910170314810692, 0.11756265444665345, -0.038631991076590405, 0.6536829700692353, -0.17751260767327423, -0.6611552789583607, -0.33928584388526895, -0.43331741108129507, 0.251967368618249, -0.13936745486769134], [-0.1004890070885286, -0.5532444181229285, 0.07388077582841872, 0.16968823309045894, -0.3430267060424552, -0.6265007126845082, 0.6165917964055039, 0.45893827679475513, 0.303036807934836, -0.08015471548934838], [-0.36137172141805435, -0.38911398946776693, -0.6498239999079287, -0.1864740595750603, 0.674163400709175, 0.0409929485653386, -0.30068572110954095, 0.6090256377885832, 0.3162428941253131, 0.005831337265041148]], "inverted": false, "swapped": true, "error_lsq": 0.05724297167479275, "error_max": 0.25339719150859535, "target": "68.xyz", "model": "29.xyz", "model_rescale": 4.117894457231895, "target_rescale": 3.7181722116989544},
{"mapping": [8, 2, 1, 4, 7, 10, 3, 9, 11, 12, 14], "R": [[0.7963828694750852, 0.5133777326154957, -0.3197149181086205], [-0.6018260393719334, 0.7249895308727723, -0.33495611422807314], [0.05983095804449043, 0.4591660742906104, 0.8863333304575813]], "T": [-0.1855041118730924, 0.09684000186124617, 0.06875228710126079], "aligned_model": [[-0.6737355320818394, -0.38567430180208706, -0.24933340751969552, 0.39293929258878263, -0.049818489453233555, -0.19219055651225564, 0.09019214863148411, -0.5783627183393143, -0.015085008402958455, 0.526329625470974, -0.17964342158984653], [-0.3469194907052523, 0.805091276492543, -0.34623498075242953, -0.277352390299218, -0.5170519064217495, -0.1567407056221616, 0.40353295468282446, 0.439549042588245, 0.6720404673016211, 0.3307082387028252, 0.0623439979225422], [-0.18911837764217082, -0.33630681980770993, -0.6659849507313647, -0.28467574466828477, 0.24688088578013162, 0.7395526157710183, -0.2913688115519424, 0.41231689723996595, 0.4756987013113782, 0.23116011030193812, 0.11048056387128011]], "inverted": false, "swapped": false, "error_lsq": 0.0441541053790017, "error_max": 0.20873228392141172, "target": "68.xyz", "model": "30.xyz", "model_rescale": 4.100398675895297, "target_rescale": 3.7181722116989544},
