[{"mapping": [4, 5, 3, 6, 10, 11, 12, 7, 13, 0, 8, 9, 2, 14], "R": [[0.6213959351466841, -0.7628926943168488, -0.17849881999934147], [0.1298930777100955, -0.12436079297896915, 0.98369821669689], [-0.772654437731498, -0.6344518343638241, 0.021817188778612884]], "T": [-0.07678921735731761, 0.06806383379628815, 0.21856410687452865], "aligned_model": [[0.22704836941592663, 0.354170689905294, -0.46830870909088407, -0.3442652955915826, -0.7131184583449456, -0.2153261881373363, -0.8261794915438371, -0.15139737573393747, -0.2604500991023213, 0.2844625861821922, 0.5124229234746561, 0.34104171859174903, 0.6698842362003673, -0.03849280509703699], [-0.6152617882942024, -0.32447522029225745, -0.42972571224067424, -0.2144892780021544, 0.23330740393839955, 0.33614546541825924, 0.2622160329980728, 0.5774267273216165, 0.7749855974531064, -0.15994992397775026, 0.42590482841577293, 0.5398699587476784, -0.1748269903972859, 0.004146230721453384], [0.36244386641352344, -0.42470139401047524, 0.32979023262415785, -0.3503100329624861, 0.6584530768471158, -0.500578867070112, 0.037053984041415466, 0.5051689664420128, -0.0059897651101287475, 0.6618994676245831, 0.48448160868004875, -0.21854116099026732, 0.2254247233848302, 0.1329933812656158]], "inverted": false, "swapped": true, "error_lsq": 0.04553145714502293, "error_max": 0.2571236883476122, "target": "680.xyz", "model": "0.xyz", "model_rescale": 3.8414455957264533, "target_rescale": 4.121355911079918},
{"mapping": [12, 8, 11, 10, 12, 1, 3, 9, 13, 0, 6, 4, 2, 7, 14], "R": [[-0.991080387673496, 0.09329367204142212, -0.09516278645552842], [-0.05951110912890366, -0.9487602881877809, -0.31034230044917627], [-0.11923964550098531, -0.3019109244708887, 0.9458497241242568]], "T": [0.016044127377633728, 0.07647225156683965, 0.09144089090511814], "aligned_model": [[-0.10217045726618854, -0.527726068261128, 0.4642695216366346, -0.3614827270627784, -0.10217045726618854, 0.6593856815617172, 0.34242726251009287, -0.2760483913147329, 0.12785881321528103, 0.6855548052215934, -0.70105185790125, 0.3483514547809217, -0.1934568187111696, 0.2097844373662116, 0.05178999037616146], [-0.41232900402082695, -0.4823800857582943, -0.46379484375746716, 0.16384000999069157, -0.41232900402082695, 0.20942754895791077, 0.6507476239678175, -0.1995478451564305, -0.6534907969579997, -0.06327012840030777, 0.3767409448144674, 0.47931284972792754, 0.6727084123866292, 0.08884233764202995, 0.09154609354470442], [-0.48248261303986056, -0.036232273470910764, -0.39174733720187266, -0.4726704893866725, -0.48248261303986056, -0.4715266256750143, -0.3293425781081989, 0.6428069641470864, 0.2631919446389484, 0.33174255340707803, 0.16653572119263907, 0.24345578318706404, 0.4725137471113888, 0.7040310274492383, 0.010453165699965544]], "inverted": false, "swapped": false, "error_lsq": 0.0429705594379989, "error_max": 0.31085168804539626, "target": "680.xyz", "model": "1.xyz", "model_rescale": 4.316132596720782, "target_rescale": 4.121355911079918},
{"mapping": [5, 9, 2, 3, 4, 6, 1, 12, 8, 11, 7, 14], "R": [[-0.3765232828588192, 0.42957475643625276, -0.820789708815816], [0.8519118317203205, -0.1875406090658268, -0.48895270827161563], [-0.36397314247090606, -0.8833425431756092, -0.2953464118216109]], "T": [-0.03005999110704992, 0.11573699404241479, -0.086867464021647], "aligned_model": [[-0.20793982012853768, 0.5728411507073493, 0.058972929150590506, -0.6455219542137266, -0.5256288035287559, -0.3978925751370548, -0.11912373632320689, -0.16447814225595297, 0.5399857213862175, 0.1566451292707896, 0.402216856854305, -0.07226820115023666], [-0.7016276322911237, -0.2783532048942877, -0.5320405711136816, 0.3016154210817301, -0.27308961127346004, -0.0919337984569283, 0.5543539202127981, 0.6526237293533382, -0.06149880723892946, -0.08145605620802769, 0.5067769944058867, 0.017406044163665757], [0.14524821689475595, 0.17666214356315366, -0.5216336448302876, -0.09730671354129625, -0.5148604467912438, 0.4577145155354929, -0.5806094606974654, 0.48401884539557605, -0.5222622257181467, 0.6442159576325217, -0.17279606785572904, -0.04913265837791095]], "inverted": true, "swapped": true, "error_lsq": 0.034475983967124, "error_max": 0.20637860197850288, "target": "680.xyz", "model": "2.xyz", "model_rescale": 3.795458400668931, "target_rescale": 4.121355911079918},
{"mapping": [12, 7, 9, 2, 6, 5, 8, 3, 0, 4, 11, 14], "R": [[-0.5275511876247705, 0.008779837364322418, -0.8494778742801666], [0.7073002382896535, 0.5584073072459326, -0.4334831624524146], [0.4705487406752823, -0.8295204600672628, -0.30079841917587125]], "T": [0.06828119132120464, -0.12679921137753739, -0.034463549339211606], "aligned_model": [[-0.04003309056251675, -0.2692571234362265, -0.6028698247309341, 0.15423279814678428, 0.1548094408444774, 0.09811019414224309, -0.2614292808859225, 0.6331633520911659, 0.37864632322042685, 0.6864716739344803, -0.42486186112577, 0.08632122410535711], [-0.10812493129307449, -0.6002348494284891, 0.1184417548912989, 0.032942091321078754, 0.4808502921822948, 0.6564743554436281, -0.45986029052471433, -0.06252412472318802, -0.4053932065145137, 0.04590491289342882, 0.40690001860407676, -0.019606977562116712], [-0.8219570869599778, -0.12978334171490197, 0.24420813542367267, 0.7295124347599914, -0.3479479081959126, 0.33862706350345384, 0.5367584426873735, -0.33484672676381894, 0.41841419593092666, 0.3753734704780657, -0.31766300590694035, -0.0019242426028313192]], "inverted": false, "swapped": true, "error_lsq": 0.0480332799341656, "error_max": 0.3150477596718236, "target": "680.xyz", "model": "3.xyz", "model_rescale": 3.7530521520055578, "target_rescale": 4.121355911079918},
{"mapping": [1, 4, 2, 5, 8, 6, 7, 3, 12, 11, 14], "R": [[0.940913903777727, -0.2572142041561084, 0.22027682324315911], [0.3224389157635966, 0.8792754284429427, -0.3505821822877992], [-0.10350928112471114, 0.40089346978570145, 0.9102583449791748]], "T": [-0.09233493032034962, -0.12180572971551529, 0.08201112049780496], "aligned_model": [[-0.5643634142653662, -0.20088191974286476, 0.36746770288451497, 0.44125919591498414, 0.3286884232505528, -0.0774847092139854, -0.11895874909660463, -0.6294829075229884, -0.4745990379964955, 0.30636178990542207, -0.03980677167196422], [-0.5870035288571904, -0.08117985925213872, -0.3317753455629652, 0.38831286651950125, -0.7262935276170261, 0.5672185000712138, -0.5348831166638235, 0.15252149404601262, 0.2516449941939497, 0.4100012394170174, -0.041360357980204376], [0.012165319372622566, -0.6706638823307363, -0.5188703700665511, -0.3747822480001742, 0.024852743713283998, 0.07725905886460122, 0.5013171242591032, -0.14085615051943842, 0.6707687047251203, 0.4899929133798235, 0.02164756384766177]], "inverted": false, "swapped": true, "error_lsq": 0.04862524679202445, "error_max": 0.24492429055552573, "target": "680.xyz", "model": "4.xyz", "model_rescale": 3.7855080009869324, "target_rescale": 4.121355911079918},
{"mapping": [12, 1, 13, 2, 14, 15, 9, 4, 6, 8, 0, 10, 5, 7, 16], "R": [[0.5158567602925457, 0.762058681265422, 0.39135453129928777], [0.35444659281429786, 0.2260328521682886, -0.9073459993756539], [-0.779909876654229, 0.606774847903796, -0.15350852825986858]], "T": [0.046450106733452304, -0.03153713972647428, -0.002568393396525521], "aligned_model": [[-0.1534090914548505, -0.6484750637128128, 0.4571667252287218, -0.427896515843852, 0.09488750956942357, 0.7488782608625741, 0.15331339788067083, -0.35077363993937866, 0.17065550379161915, 0.7305195222707158, -0.6640156946538689, 0.4711830090404558, -0.21670715040715416, 0.21434644617456733, 0.04564197007834644], [-0.5106990759615264, -0.3317683992476997, -0.5971158546429803, 0.2620974305571963, -0.008548172415253873, 0.13943794919067262, 0.5349918415435906, -0.1898793721168859, -0.48967422927648757, -0.10775892708044985, 0.1902833932347289, 0.5257305294882686, 0.5446846863829599, 0.09923757006304065, -0.01499525675914995], [-0.4424836156532207, 0.0040751956860241665, -0.19309454750824614, -0.48688204007863195, -0.67697385298396, -0.3983970355415631, -0.4203472459433361, 0.6008732495037367, 0.4454946541617715, 0.14422788660638217, 0.23090083270488723, 0.19747905252599035, 0.5012370350663338, 0.715817482270341, -0.05368067390549105]], "inverted": false, "swapped": false, "error_lsq": 0.043761613143055884, "error_max": 0.2616699676439095, "target": "680.xyz", "model": "5.xyz", "model_rescale": 4.2253639853439635, "target_rescale": 4.121355911079918},
{"mapping": [5, 11, 8, 2, 9, 7, 0, 4, 12, 6, 13, 1, 3, 14], "R": [[-0.019055876041228492, -0.18491644318014822, 0.9825694797976908], [0.5378502968332839, -0.8303308556024325, -0.14583459270996468], [0.8428249710258057, 0.5256962804473091, 0.11528004571136496]], "T": [0.018496857379341355, 0.021325944457878082, 0.10808526461824565], "aligned_model": [[0.5245825976453946, -0.14213892739181888, -0.34833516382200663, 0.29165930601827933, -0.36083686403169274, -0.5317136280414426, 0.192193901896624, 0.6849306222214385, -0.17987701674754802, 0.37236283706419326, -0.6532990343783553, -0.04666468468436445, 0.4747088627715719, 0.09648934423751071], [-0.3257694664940387, 0.22874146336492182, -0.6035241709017423, -0.7141810310256608, -0.3606409686634071, 0.04938541332496052, -0.3787893229122554, -0.2758727764184089, 0.7798495530460366, 0.3569672775929952, 0.20712164783974993, 0.07426918930178678, 0.41312944772337257, -0.005587109143320071], [-0.5059227601475915, -0.6263545338863149, 0.25275676719201307, 0.07684374652561435, -0.4382222777550293, 0.31698803641523643, 0.5425694311070317, 0.3260107737593986, -0.02426474659979498, -0.37886572295938564, -0.20506705815876503, 0.7691823105788108, 0.33571174938035037, 0.03019249347987446]], "inverted": true, "swapped": true, "error_lsq": 0.051907329745195734, "error_max": 0.37011602314102765, "target": "680.xyz", "model": "6.xyz", "model_rescale": 3.89814844738969, "target_rescale": 4.121355911079918},
{"mapping": [7, 10, 12, 8, 11, 3, 0, 9, 2, 4, 6, 5, 14], "R": [[-0.3530595717522356, -0.7129009115836453, -0.605905297102885], [0.37316801604222194, -0.7011687365040817, 0.6075426197003644], [-0.8579595390210658, -0.01160574049671459, 0.5135861526465477]], "T": [-0.07780143191818213, 0.06985719318374883, -0.12251857162516057], "aligned_model": [[0.03224480416573376, -0.024234168749244403, 0.4830312272986912, -0.3240439003398772, 0.6423850021797938, -0.26298990357173707, -0.6758337072998742, 0.3136143465549498, -0.540093781731897, -0.6897122071086826, 0.2865671105439462, -0.023487868001263748, -0.06881515303631597], [-0.3032047453932765, 0.29292827978241626, 0.4516665829620504, -0.625610149217468, 0.08657537555892872, 0.6737653777421511, -0.07604136309099874, -0.4769907720270319, -0.24477064516798264, 0.3464840507898353, 0.549735251629108, 0.18319975013899675, 0.10604427176375736], [-0.5650950012206123, -0.8795472929779403, -0.537145032941825, -0.0822312969651937, 0.17627713279385548, -0.24274057539428245, -0.11201189446692257, 0.24625739977207628, 0.4287158371538323, 0.23664066186784866, 0.21207090023043385, 0.7364385616701238, -0.015354368685097777]], "inverted": true, "swapped": true, "error_lsq": 0.04407018517233908, "error_max": 0.27101096988769774, "target": "680.xyz", "model": "7.xyz", "model_rescale": 3.7474275329858107, "target_rescale": 4.121355911079918},
{"mapping": [3, 2, 6, 1, 0, 10, 12, 8, 5, 7, 4, 11, 13, 9, 14], "R": [[0.792777018064135, -0.24275905213657323, -0.5590819637898284], [-0.43507292238055695, -0.8677834568579724, -0.2401320974273738], [-0.42686783884544444, 0.43361263197626104, -0.793576671500643]], "T": [0.04025624197650088, 0.06413811114389076, -0.02278681860534778], "aligned_model": [[-0.1206214881564519, -0.7720335705194155, 0.505564410501567, -0.4187758319350735, 0.10858900812488984, 0.7067597954330939, 0.12767710857512138, -0.30467919299218194, 0.2649648586552988, 0.6593509616211941, -0.5861665275218841, 0.4626467681963783, -0.34256594903717696, 0.3490671220356253, -0.014462284095806618], [-0.6218984258832461, -0.1408594627104775, -0.5449201360593827, 0.15018404139861616, -0.20204616142040696, 0.1838563761640773, 0.6489757908766651, -0.2745851413731293, -0.5373331520142346, -0.13549234925055026, 0.20300883350305163, 0.4132765824416317, 0.8292069705369522, -0.01343096390451487, 0.08808131065497207], [-0.1554772960168602, -0.10494977302531913, -0.3046989648766099, -0.6115885450437903, -0.6216939931632144, -0.3644063583546913, -0.19875584783289849, 0.458353929787242, 0.2946400567646465, 0.17907214036050953, 0.42502484065660556, 0.270757942563096, 0.2533085256999407, 0.6692820501076168, -0.020622330715255516]], "inverted": true, "swapped": false, "error_lsq": 0.0469498009875148, "error_max": 0.29218593991408764, "target": "680.xyz", "model": "8.xyz", "model_rescale": 4.019505241142653, "target_rescale": 4.121355911079918},
{"mapping": [0, 3, 7, 8, 2, 9, 13, 4, 5, 6, 12, 11, 14], "R": [[-0.8364940921514847, 0.2667729994783836, -0.4786541554661044], [0.17515093630856537, -0.6975076743966313, -0.6948418479539327], [-0.5192299907612196, -0.6650678242909587, 0.5367355082226202]], "T": [-0.09157111381804141, -0.04949141090362606, -0.07699735925209245], "aligned_model": [[-0.20770857477863958, -0.6981986877030387, 0.03917930178786393, 0.37943145496977937, 0.23269627575709956, 0.6679830903920114, 0.3291768025925799, -0.383560074597379, 0.24298805362684384, -0.16985242704743037, -0.3659372369314764, 0.3198774952721605, -0.0663747015991982], [-0.5862037699159633, -0.06820760971724453, 0.21626684044639327, -0.3724842294308729, -0.762117248366846, 0.029352932873742202, 0.5623750988734036, -0.71618679666981, -0.4166351060231623, 0.15907014769598776, 0.6882411707111263, 0.42039419123917093, -0.09048739360186653], [-0.35536997865135184, 0.13538410440384602, -0.5863461206943934, -0.5457888496565662, -0.01716975172794208, -0.0055431354859332704, -0.2572324997983161, 0.1470836072033943, 0.6349573625483336, 0.575207832894866, 0.03569981330722424, 0.3900619875514839, 0.02575912214923351]], "inverted": true, "swapped": true, "error_lsq": 0.04538030371515077, "error_max": 0.27831672293396753, "target": "680.xyz", "model": "9.xyz", "model_rescale": 3.877068213659057, "target_rescale": 4.121355911079918},
{"mapping": [11, 10, 0, 6, 12, 5, 3, 9, 8, 7, 14, 4, 13, 2, 15], "R": [[-0.2663345905172134, -0.6776276562957314, -0.6854827826555402], [0.19367671827458566, -0.7342879372852353, 0.6506232042863068], [-0.9442220155728288, 0.04052140891613476, 0.32680697778204854]], "T": [0.05567944980306463, 0.046448261900962594, 0.008560211312752378], "aligned_model": [[-0.1577577130929231, -0.5976366400142441, 0.3917860253689761, -0.3403246441304273, 0.002938181434807889, 0.6304216577934432, 0.24130582374823348, -0.25117440656846224, 0.2806329127163406, 0.6807611248636788, -0.6149920684831454, 0.5353405189805055, -0.3137491894653269, 0.047056400336729746, 0.09070720539699115], [-0.6116998360890883, -0.2129366294210209, -0.5253566992268568, 0.328488320052259, -0.10854798968433513, 0.11987388304433796, 0.5535744471565275, -0.2939749414048243, -0.6045655059230802, -0.04754003171558655, 0.13130305117103172, 0.47269929104785197, 0.6742467151545822, 0.18739934375118142, -0.016939304952955238], [-0.24822945917789258, -0.08687743534506887, -0.4317095831596362, -0.3708323799575245, -0.7204046275642298, -0.5161068400222667, -0.3247972908562133, 0.4835318498140448, 0.35626691161484103, 0.5250151169756521, 0.39909948710481363, 0.22379496364550838, 0.26746188868147613, 0.6569534511700624, -0.04491967601254845]], "inverted": false, "swapped": false, "error_lsq": 0.028612057904924555, "error_max": 0.1599774308534537, "target": "680.xyz", "model": "10.xyz", "model_rescale": 4.260839863003843, "target_rescale": 4.121355911079918},
{"mapping": [5, 9, 7, 8, 1, 0, 4, 6, 12, 10, 3, 14], "R": [[0.48954939394411723, 0.8043378942458493, -0.33672235264250067], [-0.4514893032724171, -0.09655025164547802, -0.8870374614061023], [-0.745988471706859, 0.5862751920278975, 0.31588383829046585]], "T": [0.011393923985692812, -0.03754699037694945, -0.05023548960361772], "aligned_model": [[0.6245844728503424, 0.12536049973801344, -0.4140565972461506, -0.505312474625631, -0.5282917734540162, -0.3920269253848706, 0.05797882797027099, 0.6916280872630458, 0.2894609499682807, -0.284817171780976, 0.19238008988871141, 0.10201066390711058], [0.05099775264146807, -0.6623272120058992, -0.3901476071863051, -0.29118567847410787, 0.2618689154539117, 0.3277368925682939, 0.6320426920269534, 0.012882076117747686, -0.25054845631680184, 0.013345540841458135, 0.4825029230407107, -0.014089333174496066], [-0.6583152825158934, -0.4802424895994853, 0.15427353008440925, -0.5135012401561668, 0.20113630919451186, -0.33808733437753313, -0.4100021835672634, 0.048435138005118464, 0.6635823364275071, 0.6814690841989781, 0.28179657346601533, -0.114366363764693]], "inverted": false, "swapped": true, "error_lsq": 0.04318339728473191, "error_max": 0.2262247960869155, "target": "680.xyz", "model": "11.xyz", "model_rescale": 3.890672605050136, "target_rescale": 4.121355911079918},
{"mapping": [1, 0, 8, 10, 7, 6, 4, 12, 3, 5, 9, 2, 11, 14], "R": [[-0.5526249547271038, -0.25772956551564064, 0.7925787850251771], [0.7164399348969234, -0.63278189090769, 0.29377014522272465], [0.42581625039183146, 0.7301798063480034, 0.5343388169540311]], "T": [0.13382017975989272, -0.024180635473345855, 0.11128707789651365], "aligned_model": [[0.5359666966124855, 0.13043236825566354, 0.3903781399488099, 0.7068756306936346, 0.7064154690951473, -0.34390779305868246, -0.371923830499712, 0.38317165767448624, -0.05404838430336009, -0.6718307350013958, 0.09681018055221599, -0.25696266025496883, -0.06497799064615536, 0.023477085725525204], [-0.24625338049675755, 0.12245555230410408, 0.6178051289671634, -0.5692370768570314, 0.10342818593596688, -0.30566352357706783, -0.09396352946075394, -0.564376355290179, -0.6125085955644499, 0.26598020606465594, 0.6226861230168873, 0.5166241409089252, 0.0828107688382615, -0.007635124961959561], [-0.371476003560221, -0.4866474775135878, -0.14941492328488415, 0.0956802789286248, 0.16614966491303418, 0.5206046417528809, -0.45378452282309284, 0.6387709249899669, -0.06767886750126095, 0.25389543972576123, 0.5216995320104953, -0.3026975022222833, 0.8577848992641195, 0.1319043506773081]], "inverted": false, "swapped": true, "error_lsq": 0.03702818438544493, "error_max": 0.2676625504217949, "target": "680.xyz", "model": "12.xyz", "model_rescale": 4.124412569039231, "target_rescale": 4.121355911079918},
{"mapping": [9, 5, 6, 8, 11, 13, 2, 7, 4, 0, 12, 3, 14], "R": [[0.3553188772933117, -0.9307550127192544, -0.08627631040442879], [-0.02784515217032274, -0.10279774746986867, 0.9943124612594034], [-0.9343303178959956, -0.35089561042153544, -0.06244299518173341]], "T": [0.1459808521332101, 0.08949241281084003, -0.14634721572276552], "aligned_model": [[-0.14844657950230294, -0.029532303237104707, 0.5995310746539932, -0.5226568937008507, 0.482303241781281, 0.3358474571615767, -0.5440107518719155, 0.08731973086312297, -0.13408226495498238, -0.317543575233218, 0.8971548572119971, 0.5198704508509784, 0.1415438634871826], [-0.2802934267320745, 0.5969303469234972, 0.3990063854123471, -0.2240639693966639, -0.1133219925564593, -0.6054539680244388, 0.41543250304628243, -0.4531441595573443, 0.7838744514315223, 0.30856998128839075, -0.1697087099665231, 0.5233270159425959, 0.1663309186973455], [0.45765249135243835, 0.5357860048410756, 0.2701750487549579, -0.1695679418835947, 0.5274334887032845, 0.10839646113157766, 0.038690377116746555, -0.36830149773684906, -0.2854543867614068, -0.4872130333266379, -0.17426094417270613, -0.4386609182692689, -0.06297706878177806]], "inverted": true, "swapped": true, "error_lsq": 0.04577732653416823, "error_max": 0.28804058583932424, "target": "680.xyz", "model": "13.xyz", "model_rescale": 3.9028299243045295, "target_rescale": 4.121355911079918},
{"mapping": [5, 8, 10, 12, 13, 14, 11, 3, 4, 7, 2, 9, 1, 6, 15], "R": [[-0.46413965999162665, 0.15845307100924755, 0.8714740388047115], [-0.2808902526356953, 0.9067581708791774, -0.3144682583633905], [-0.840044666667858, -0.39074575344024814, -0.3763545059798013]], "T": [-0.06306967795228817, -0.04210147429808907, 0.06646608454461977], "aligned_model": [[-0.1843466052727818, -0.7518376700695941, 0.5435850383377758, -0.3523896493067648, 0.06118598523516357, 0.5517001577691459, 0.1276217061134131, -0.046987356393712584, 0.08997633857214686, 0.7502886148244234, -0.704804973042253, 0.5936310408765294, -0.20840486629119032, 0.11493765132527924, 0.04115977620759721], [-0.4001834616712819, -0.29780096561844394, -0.39719479045000516, 0.22391682775458632, -0.1896113924135009, 0.23757353079983928, 0.609919681185573, -0.23682295029857509, -0.6869161112376746, -0.21336996420780852, 0.13634115185268325, 0.3477101844382088, 0.5792593492807018, 0.3434428070113682, -0.010239783465646558], [-0.27874548952803063, -0.17170104738342443, -0.1809836963731085, -0.5077886551914512, -0.7051897364135747, -0.5052773836239878, -0.22398511132618998, 0.6585086091622606, 0.20843183639055451, 0.42666512365017867, 0.38028738682347396, 0.19926854335707075, 0.1888881646396286, 0.5803505658458932, 0.09951726688172498]], "inverted": false, "swapped": false, "error_lsq": 0.04572313845148412, "error_max": 0.26750628003389065, "target": "680.xyz", "model": "14.xyz", "model_rescale": 3.942246331269136, "target_rescale": 4.121355911079918},
{"mapping": [4, 10, 13, 5, 3, 12, 1, 6, 11, 8, 9, 0, 2, 7, 14], "R": [[0.838830932577854, 0.3456389280253358, -0.42059053482462616], [0.4288341972270415, 0.05639945425072783, 0.9016209474323782], [0.3353563743828454, -0.9366711445292406, -0.10091218542413993]], "T": [0.003150698311570589, -0.0613886355716136, -0.013870495485400224], "aligned_model": [[-0.13240879481877538, -0.5652230529893497, 0.5502502399229626, -0.30022324450413224, -0.06954435590799637, 0.6346517469305638, 0.24329665209961104, -0.07135107120171769, 0.1663385936062845, 0.5409964572561569, -0.6588347256231182, 0.3877692645951089, -0.11351952378121608, -0.04208358243805415, 0.05520058573884954], [-0.4983438026552131, -0.4922157281415544, -0.5721612662565878, 0.4412427424284037, 0.05613382873711596, 0.032305277187399575, 0.5126280598409774, -0.2382571309403128, -0.7069431088317978, -0.10943909165718753, 0.09907752552751804, 0.5055520770224659, 0.6602314603549719, 0.3348949075662317, 0.021318362777593317], [-0.38041896800137204, 0.004563472698726614, -0.33123977222319684, -0.25492133422978747, -0.7191731468170569, -0.5242665519628843, -0.5329814566945236, 0.5114450392399897, 0.2520997237866033, 0.5404344923534986, 0.4153010503706595, 0.25327042190010746, 0.2059030585906347, 0.7423653945728667, -0.014135046673247394]], "inverted": true, "swapped": false, "error_lsq": 0.048661015516668016, "error_max": 0.3033347977009694, "target": "680.xyz", "model": "15.xyz", "model_rescale": 4.355366556412066, "target_rescale": 4.121355911079918},
{"mapping": [5, 9, 2, 3, 4, 6, 1, 12, 8, 11, 7, 14], "R": [[-0.3765232828588192, 0.42957475643625276, -0.820789708815816], [0.8519118317203205, -0.1875406090658268, -0.48895270827161563], [-0.36397314247090606, -0.8833425431756092, -0.2953464118216109]], "T": [-0.03005999110704992, 0.11573699404241479, -0.086867464021647], "aligned_model": [[-0.20793982012853768, 0.5728411507073493, 0.058972929150590506, -0.6455219542137266, -0.5256288035287559, -0.3978925751370548, -0.11912373632320689, -0.16447814225595297, 0.5399857213862175, 0.1566451292707896, 0.402216856854305, -0.07226820115023666], [-0.7016276322911237, -0.2783532048942877, -0.5320405711136816, 0.3016154210817301, -0.27308961127346004, -0.0919337984569283, 0.5543539202127981, 0.6526237293533382, -0.06149880723892946, -0.08145605620802769, 0.5067769944058867, 0.017406044163665757], [0.14524821689475595, 0.17666214356315366, -0.5216336448302876, -0.09730671354129625, -0.5148604467912438, 0.4577145155354929, -0.5806094606974654, 0.48401884539557605, -0.5222622257181467, 0.6442159576325217, -0.17279606785572904, -0.04913265837791095]], "inverted": true, "swapped": true, "error_lsq": 0.034475983967124, "error_max": 0.20637860197850288, "target": "680.xyz", "model": "16.xyz", "model_rescale": 3.795458400668931, "target_rescale": 4.121355911079918},
{"mapping": [7, 10, 12, 8, 11, 3, 0, 9, 2, 4, 6, 5, 14], "R": [[-0.3530595717522356, -0.7129009115836453, -0.605905297102885], [0.37316801604222194, -0.7011687365040817, 0.6075426197003644], [-0.8579595390210658, -0.01160574049671459, 0.5135861526465477]], "T": [-0.07780143191818213, 0.06985719318374883, -0.12251857162516057], "aligned_model": [[0.03224480416573376, -0.024234168749244403, 0.4830312272986912, -0.3240439003398772, 0.6423850021797938, -0.26298990357173707, -0.6758337072998742, 0.3136143465549498, -0.540093781731897, -0.6897122071086826, 0.2865671105439462, -0.023487868001263748, -0.06881515303631597], [-0.3032047453932765, 0.29292827978241626, 0.4516665829620504, -0.625610149217468, 0.08657537555892872, 0.6737653777421511, -0.07604136309099874, -0.4769907720270319, -0.24477064516798264, 0.3464840507898353, 0.549735251629108, 0.18319975013899675, 0.10604427176375736], [-0.5650950012206123, -0.8795472929779403, -0.537145032941825, -0.0822312969651937, 0.17627713279385548, -0.24274057539428245, -0.11201189446692257, 0.24625739977207628, 0.4287158371538323, 0.23664066186784866, 0.21207090023043385, 0.7364385616701238, -0.015354368685097777]], "inverted": true, "swapped": true, "error_lsq": 0.04407018517233908, "error_max": 0.27101096988769774, "target": "680.xyz", "model": "17.xyz", "model_rescale": 3.7474275329858107, "target_rescale": 4.121355911079918},
{"mapping": [12, 6, 3, 11, 7, 8, 1, 4, 13, 0, 9, 5, 2, 14], "R": [[-0.9498734669901882, 0.15035329409341414, -0.27410633641581444], [0.2790051037889045, 0.01209794163454292, -0.960213409543915], [-0.14105512669797926, -0.9885583072148385, -0.053440850187384925]], "T": [0.11969150616972714, -0.08030995589284828, 0.02637288608571924], "aligned_model": [[0.4165584731705982, 0.0516518720209604, 0.6518425893341268, -0.3546942173485832, 0.14021476400484695, -0.24596834683658542, 0.6309467474264487, 0.29271580456498625, -0.19291701881004042, 0.2570118494358701, -0.6251580927936914, -0.4083115979688754, -0.26580145512509296, 0.06675627680790787], [-0.4640801679074531, 0.22593328775484472, 0.21405901657437743, -0.19508757390842058, -0.6387632141351196, -0.2731147585837692, -0.24359127150230006, 0.6082104093638133, -0.7302739852226598, 0.14009473741535222, -0.2626306024436429, 0.5785207678831081, 0.3895414978509049, 0.011590098372197932], [-0.6035614060948996, -0.5872908526954727, -0.18246994557439214, -0.5819125355582858, 0.2131027293646323, 0.6387881227179129, 0.421411628713434, 0.301971995188425, -0.22604900584453774, 0.5845881455324261, 0.01212569203882503, -0.17551484189746822, 0.523564051525259, -0.013959058754202707]], "inverted": false, "swapped": true, "error_lsq": 0.03760502933116119, "error_max": 0.2668502745501044, "target": "680.xyz", "model": "18.xyz", "model_rescale": 3.922800546911778, "target_rescale": 4.121355911079918},
{"mapping": [6, 1, 4, 5, 8, 13, 12, 2, 10, 11, 0, 7, 0, 9, 14], "R": [[-0.5376207228491443, 0.11934821609927171, -0.8346975270582063], [0.34248686760085956, -0.8736830660852964, -0.34551504389352816], [-0.7704976988181825, -0.47162898908964124, 0.42883492484424385]], "T": [0.04836403968743637, -0.005444926753369365, -0.06711856391497234], "aligned_model": [[-0.09937631438952253, -0.6237497889126946, 0.48278415758954324, -0.44922750119515625, -0.015212609459257884, 0.645645321563717, 0.20607205290401676, -0.21257113521479204, 0.2615719356151106, 0.702708933542337, -0.5994263083025483, 0.5846648408790075, -0.5994263083025483, 0.23548923601641236, 0.10536867655155316], [-0.6493853940359212, -0.31567990984609917, -0.5603037179216831, 0.4438856465655687, -0.11042414381463357, 0.07821374271943808, 0.7169189853471247, -0.17956504905403273, -0.6403380910230302, -0.15647460041868272, 0.429548428517442, 0.4896746776795438, 0.429548428517442, 0.018888617603381428, 0.0515164921241658], [-0.26531350402761766, -0.0665888415603958, -0.23227915884403594, -0.4318628777961848, -0.6665583254340934, -0.39585864994412057, -0.3353211098176197, 0.576872103949502, 0.3823852851687227, 0.17008685408253538, 0.2321991295114842, 0.2576106263438181, 0.2321991295114842, 0.7248001348369031, -0.014124419069364319]], "inverted": true, "swapped": false, "error_lsq": 0.04614022305839555, "error_max": 0.3895522453341471, "target": "680.xyz", "model": "19.xyz", "model_rescale": 3.9282355846067225, "target_rescale": 4.121355911079918},
{"mapping": [9, 11, 6, 13, 7, 12, 10, 3, 1, 0, 5, 8, 4, 14], "R": [[0.2473581229002718, -0.5164713121017358, 0.819799574781035], [0.8942606793963553, 0.44738486307009623, 0.012025871333120774], [-0.3729769380549198, 0.7301398277533305, 0.5725242663918393]], "T": [-0.02000898508399337, -0.07353725242392187, 0.07701730094970305], "aligned_model": [[-0.5461581129065658, -0.09536059687505019, 0.4302962310872055, -0.5498149496151985, -0.4941753196378031, 0.13353882637887518, 0.018287633729110634, 0.5693653995267236, -0.034184263330534294, -0.02762949385994209, 0.2607372648640613, -0.620635622851659, 0.4527165121266416, 0.03553931044881173], [-0.6223268732601903, -0.7643614901618433, -0.5507144972458226, -0.30454003348509684, 0.18475126851108728, -0.10542442559981871, 0.4782473876696448, 0.15396699981462678, 0.592569685157203, 0.2983352545519681, -0.7634877383155906, 0.03466641153089296, 0.05163256959393192, -0.1604324313361564], [0.17821894681974926, -0.27697546396824557, -0.13399120528419003, -0.42282016856161997, -0.15880595331830394, -0.7024909170781393, -0.4884822359705693, -0.04270256197364472, 0.09112145315522202, 0.567621161296959, 0.522835341678562, 0.4935180226912287, 0.660811519908336, 0.1243252178483391]], "inverted": true, "swapped": true, "error_lsq": 0.04181714256218145, "error_max": 0.27591815147777243, "target": "680.xyz", "model": "20.xyz", "model_rescale": 4.067790424073018, "target_rescale": 4.121355911079918},
{"mapping": [0, 8, 2, 7, 0, 3, 12, 5, 4, 6, 1, 11, 10, 13, 14], "R": [[-0.13906347017146659, -0.9570415244435244, 0.25442655473571213], [0.76113328520406, 0.06106432071366397, 0.6457145428827307], [-0.6335120152122962, 0.283447824522598, 0.719944343234296]], "T": [0.049270687954868116, 0.011390168171201257, 0.05913749076642698], "aligned_model": [[-0.029458503147645997, -0.3837407254914551, 0.4446716006943253, -0.5947661671213065, -0.029458503147645997, 0.7602545727687394, 0.19929459391773502, -0.18779219955530685, 0.10051034221595667, 0.6641711557778155, -0.7025469854128419, 0.4894569631610549, -0.1570149368957719, 0.01793873123714574, 0.03379524988437957], [-0.22248948276178454, -0.35901260399156026, -0.5161146517347344, 0.010961563955126766, -0.22248948276178454, 0.12672748077292958, 0.6273271874709604, -0.2532636376779008, -0.7647213049443943, -0.26975242638660163, 0.23382878382917638, 0.46742256710407004, 0.7533984434324082, 0.34715645023517866, 0.08704522641893471], [-0.6068655519208924, 0.0374395893837562, -0.2859983009442307, -0.3175325276990761, -0.6068655519208924, -0.3935701814764971, -0.37112787246126805, 0.5305456698138525, 0.25278142655018165, 0.35982530044915884, 0.30120431946244136, 0.18681970653191177, 0.3387028355027488, 0.6726542528800387, 0.07023326275978459]], "inverted": false, "swapped": false, "error_lsq": 0.05189853810321484, "error_max": 0.46373916702047474, "target": "680.xyz", "model": "21.xyz", "model_rescale": 4.186013935880536, "target_rescale": 4.121355911079918},
{"mapping": [13, 9, 11, 10, 0, 12, 7, 8, 6, 5, 2, 3, 14], "R": [[-0.5367678808496709, 0.843674965780459, -0.009632974799889116], [0.638455791654007, 0.3986851688110199, -0.6583497081897919], [-0.5515926433443517, -0.35953120627488, -0.7526505613649145]], "T": [0.016758741765491553, -0.07010240547757704, 0.12828208990365841], "aligned_model": [[0.09286892796145502, -0.4249082110308059, 0.18937021980497099, 0.5539331866018848, -0.3471767946184138, 0.7339279821034398, -0.038853306042210954, -0.6559871604938208, 0.39838285983056676, -0.2536802255124061, -0.6676985787269664, 0.47689232226731226, 0.0015028132782192727], [-0.3721282570823762, 0.060335591333812805, 0.2831093237437585, -0.6398817808782352, -0.1913517941103743, -0.2087470739156873, -0.6166582320130661, -0.36838318662702885, 0.4799600029150616, 0.7508415364319122, 0.2307511501596283, 0.06881700323914647, 0.04229237634954129], [-0.5694870448092006, -0.4850375311491334, -0.5452708942404582, 0.2401647315219805, 0.6098305220465733, -0.1858400532475447, -0.08465759344185009, 0.06214005568391637, -0.03540016256805181, 0.04755003616329295, 0.36821870917806454, 0.5554023090184156, 0.12526647717934147]], "inverted": false, "swapped": true, "error_lsq": 0.043252620784361574, "error_max": 0.23531211653696102, "target": "680.xyz", "model": "22.xyz", "model_rescale": 4.166573947596378, "target_rescale": 4.121355911079918},
{"mapping": [4, 0, 3, 6, 2, 11, 12, 7, 8, 9, 5, 14, 13, 10, 15], "R": [[0.7053814893750168, -0.5297339762961099, 0.47097650557601667], [0.4466003123173883, 0.848113179466681, 0.28504770802960117], [-0.5504408374067957, 0.009270877651546217, 0.834822696949763]], "T": [0.09466141086699484, -0.01032082364991544, -0.039071208467615005], "aligned_model": [[-0.09544959920873164, -0.5495755953157759, 0.41178179032682827, -0.30441098245026155, -0.0646085033140179, 0.7202199240072163, 0.33142426080031656, -0.34003581076257483, 0.2241392537012511, 0.6521231644587583, -0.6479643502586047, 0.41551725912208226, -0.22583817925036145, 0.07034441274134998, 0.027648144287703], [-0.6894677590866854, -0.4883545990597005, -0.4034717491450452, 0.40939372858313866, -0.15051101645761117, 0.1125526890238428, 0.5425043825103777, -0.1074493767919113, -0.7119348031483842, -0.10658421063175799, 0.2832047519604916, 0.6051337870071124, 0.5619653670873938, 0.19611170974974884, -0.007068788640986017], [-0.24515555357763205, 0.11323818805847694, -0.36509830355272976, -0.5327194146860795, -0.6776548313913522, -0.5034761760846842, -0.2992807385669134, 0.5203874739409173, 0.34178631372210866, 0.16197336343442376, 0.19203849833101488, 0.34072467102788506, 0.4962620218868353, 0.6804672031967189, -0.055246338827972113]], "inverted": false, "swapped": false, "error_lsq": 0.03910542599710823, "error_max": 0.21821653912044853, "target": "680.xyz", "model": "23.xyz", "model_rescale": 4.274766983524099, "target_rescale": 4.121355911079918},
{"mapping": [0, 3, 10, 7, 12, 13, 9, 11, 5, 6, 14], "R": [[0.43431913251918, -0.16227104870033593, -0.8860220075604671], [-0.5837235510850017, 0.6984461938892084, -0.41405281082295986], [0.6860274827122471, 0.697022970206414, 0.20862711225563657]], "T": [0.02880346672705142, 0.0380279734028786, -0.1359444115172389], "aligned_model": [[0.29772038008145646, 0.18046009926936585, -0.5645427600306514, -0.48951448204652453, -0.49335028881628434, -0.5779598917800159, -0.005570062923120678, -0.07957386981309855, 0.7407580181346811, 0.24915738947510035, 0.12231017240716635], [-0.12934084699485965, 0.6433263755990604, 0.466180184771213, -0.19132738543373046, 0.5433128519579352, -0.2137425859038934, -0.5737053288816021, -0.00011956245444144642, -0.09159336930006469, 0.41950447406984975, 0.04309172381401674], [-0.6638750443249747, -0.2910808215083895, -0.43652482572539597, -0.29688509461702606, 0.18696336365505395, 0.2543682235304873, 0.32540746407056864, 0.6354348654227251, 0.3435583304219607, 0.3940719359271566, -0.07187196283058876]], "inverted": false, "swapped": true, "error_lsq": 0.0445029102723654, "error_max": 0.2547696977299066, "target": "680.xyz", "model": "24.xyz", "model_rescale": 3.7841303162186577, "target_rescale": 4.121355911079918},
{"mapping": [5, 12, 4, 9, 2, 1, 8, 13, 3, 6, 14, 7, 10, 11, 15], "R": [[0.649522294510134, -0.5796512455876912, -0.49206221397596567], [-0.03570296940538453, 0.6231934735825801, -0.7812523231707643], [0.7595038425906279, 0.5250088837083772, 0.38408278419808756]], "T": [0.09246024715654005, 0.1424734996745982, -0.002197034639085712], "aligned_model": [[-0.10125292448743847, -0.5113724476981618, 0.5008749745430898, -0.42038549625822536, -0.1129381727616055, 0.6630454162858472, 0.21328221657430213, -0.33397417012498326, 0.1986079254030912, 0.6552344917410609, -0.6715006185786923, 0.4464860631388977, -0.1989912712830546, 0.16115117351224026, 0.13704802887881024], [-0.6591552308021564, -0.31106342615745797, -0.39886295064460475, 0.2608127231289792, -0.15434640899765614, 0.24142948599101907, 0.34437159824703, -0.23761261337899145, -0.6002749650233831, -0.19188869356062263, 0.23909818754362613, 0.5354911561628859, 0.7939975706570237, 0.08336806842675465, 0.10065961136757823], [-0.3008696498041529, -0.07192679843799771, -0.313414966108226, -0.25739456632717694, -0.6643922164685412, -0.4687553604087882, -0.5445041368770271, 0.5323010773244853, 0.291161579048683, 0.30360277832731175, 0.18839789611682042, 0.3759674843294967, 0.30736314142841303, 0.7601779871160136, 0.030532127651703603]], "inverted": false, "swapped": false, "error_lsq": 0.04258126685301142, "error_max": 0.39634422333790664, "target": "680.xyz", "model": "25.xyz", "model_rescale": 4.19342608120988, "target_rescale": 4.121355911079918},
{"mapping": [5, 9, 2, 3, 4, 6, 1, 12, 8, 11, 7, 14], "R": [[-0.3765232828588192, 0.42957475643625276, -0.820789708815816], [0.8519118317203205, -0.1875406090658268, -0.48895270827161563], [-0.36397314247090606, -0.8833425431756092, -0.2953464118216109]], "T": [-0.03005999110704992, 0.11573699404241479, -0.086867464021647], "aligned_model": [[-0.20793982012853768, 0.5728411507073493, 0.058972929150590506, -0.6455219542137266, -0.5256288035287559, -0.3978925751370548, -0.11912373632320689, -0.16447814225595297, 0.5399857213862175, 0.1566451292707896, 0.402216856854305, -0.07226820115023666], [-0.7016276322911237, -0.2783532048942877, -0.5320405711136816, 0.3016154210817301, -0.27308961127346004, -0.0919337984569283, 0.5543539202127981, 0.6526237293533382, -0.06149880723892946, -0.08145605620802769, 0.5067769944058867, 0.017406044163665757], [0.14524821689475595, 0.17666214356315366, -0.5216336448302876, -0.09730671354129625, -0.5148604467912438, 0.4577145155354929, -0.5806094606974654, 0.48401884539557605, -0.5222622257181467, 0.6442159576325217, -0.17279606785572904, -0.04913265837791095]], "inverted": true, "swapped": true, "error_lsq": 0.034475983967124, "error_max": 0.20637860197850288, "target": "680.xyz", "model": "26.xyz", "model_rescale": 3.795458400668931, "target_rescale": 4.121355911079918},
{"mapping": [9, 5, 11, 13, 10, 0, 2, 8, 4, 6, 1, 3, 14], "R": [[-0.4777971392700108, -0.8556014003259669, 0.19913848815746044], [0.8781174752841652, -0.4587487744878054, 0.13586486487131372], [-0.02489163124340494, 0.23978283021555502, 0.9705073935977309]], "T": [-0.12356682138048175, 0.01667274944699497, -0.11476713732981453], "aligned_model": [[0.02980831831512032, 0.4221633371210673, 0.5153924180672884, -0.028797913544149706, -0.36255141542716185, -0.5907462992104178, -0.3106514226587953, -0.6419224636774863, -0.18856898539633957, 0.551270709367359, -0.6731493615886979, 0.019493804951024013, -0.04206434349755371], [-0.6592573722858601, -0.4865393870556764, -0.22079351113533063, -0.1250637011866194, 0.6899204192653708, -0.0581799353903837, -0.5573043132852636, -0.5035774612742963, 0.015481835199889854, 0.11714708595721562, 0.38785933833099934, 0.552305750260973, -0.03011724414410452], [-0.443156026956789, 0.33529951891085275, -0.49367047047603857, -0.8596320737495753, -0.45439426405148253, 0.2791615268383972, 0.38734236288490836, -0.19588673079440583, 0.6439988809808732, -0.017316046074471653, -0.049361742694131364, 0.21093846783060916, -0.051186740549320556]], "inverted": true, "swapped": true, "error_lsq": 0.04704311255674461, "error_max": 0.2722497305570229, "target": "680.xyz", "model": "27.xyz", "model_rescale": 3.6321398670334006, "target_rescale": 4.121355911079918},
