[{"mapping": [11, 3, 5, 12, 7, 4, 8, 1, 9, 0, 6, 2, 13], "R": [[-0.9811328146034997, 0.18574645838309242, -0.053634441419230836], [-0.1618613357752194, -0.9408860371244236, -0.2975472620027941], [-0.10573224715892723, -0.2832520403146918, 0.9531993356944222]], "T": [-0.09961138941410243, 0.08197916616359086, -0.07043676916181409], "aligned_model": [[-0.2095042383312109, 0.2539346447821487, 0.06915711663433068, -0.6740733197424257, 0.03930947342059381, 0.6222596077991916, 0.3354236364811219, -0.41780657176082875, -0.396490339151801, -0.393720806284524, 0.6588862974827014, 0.29541881679237086, -0.09623926402683525], [-0.5457293995599308, 0.46028444417327213, 0.0028221463308528427, 0.0707174460235007, -0.4874102953852863, -0.23265095822689896, -0.5666200736966815, 0.49978469116339364, -0.09807026162515026, 0.6277196885818246, 0.05562812025849246, 0.4772283038331488, -0.06175761303285812], [-0.3549844086134207, -0.14178537904212873, -0.8036847613302052, 0.00017818843605386936, 0.40694265794183926, 0.47114828862633207, -0.09578798056715761, -0.3096740627302386, 0.5746897800669512, 0.38899697761724067, -0.16281190401724366, 0.4577559047419856, 0.006167599721448938]], "inverted": false, "swapped": false, "error_lsq": 0.05522678346671294, "error_max": 0.3076448013884211, "target": "681.xyz", "model": "0.xyz", "model_rescale": 3.8414455957264533, "target_rescale": 4.033247435990374},
{"mapping": [7, 5, 2, 0, 13, 8, 9, 4, 11, 1, 6, 10, 14], "R": [[0.9956252888896232, -0.09056931927177073, -0.022966987832598682], [-0.058759918345738155, -0.41580391545398543, -0.9075540622404471], [0.07264679015246896, 0.9049333137307872, -0.41930673925034895]], "T": [0.010375739170072572, 0.029479329614389857, 0.03119170382448015], "aligned_model": [[-0.25087427390101374, 0.3195826718406528, 0.19546964034070197, -0.6863557073408791, -0.1447585367229965, 0.5458915045955905, 0.2287370522196756, -0.3231826036899288, -0.39833255367685033, -0.5603031747680102, 0.724115927264191, 0.45201623582577766, -0.015451127892077553], [-0.3862731178349075, 0.5563574347988415, 0.1359342097636832, -0.1690829434775335, -0.5794757250698584, -0.3152054226542218, -0.5892418666173334, 0.22808748159691955, 0.06044518360802929, 0.5965534148834566, 0.10317188153432605, 0.4583828765998308, 0.1022928317064464], [-0.3833602654693566, -0.21601938016688696, -0.6752163467102428, 0.00558536370153458, 0.4554016736000233, 0.49886432867526037, -0.15592349676136255, -0.3497425014167465, 0.7783624001011559, 0.3493904627338188, -0.27730712190187906, 0.3301510982368316, 0.07696468622930674]], "inverted": false, "swapped": false, "error_lsq": 0.04489838246034286, "error_max": 0.2772629740498147, "target": "681.xyz", "model": "1.xyz", "model_rescale": 4.316132596720782, "target_rescale": 4.033247435990374},
{"mapping": [0, 4, 6, 1, 2, 7, 10, 9, 5, 8, 11, 12], "R": [[0.20784725168401294, -0.45690495634407025, 0.8648915428165697], [0.36703683190882985, 0.85602377123447, 0.3640154764619846], [-0.9066881955720679, 0.24178743546706372, 0.3456231358872385]], "T": [-0.05776385982173391, -0.06505927440560075, -0.0005576980376081689], "aligned_model": [[-0.35289916159573975, 0.5394765750168016, 0.11018513044600692, -0.3876649481807975, -0.5093095380468167, -0.5613210068400614, -0.24954873802984695, -0.12168947932446403, 0.6205466956018532, 0.29989501358577314, 0.26724761077591186, -0.057109598776839535], [-0.6365323249432482, -0.282941943061196, -0.6471723415248628, 0.4306846649349051, -0.19330535660884968, -0.15368899425802576, 0.279699403103461, 0.5554977653381563, 0.13420238611508895, 0.012298574322762018, 0.5563470548945005, -0.0423124605717113], [0.004530622481124617, 0.12244865258668333, -0.5109465532638952, -0.09954293878608483, -0.4071814589409173, 0.3528479799649552, -0.7414609945193736, 0.5702968270554932, -0.48432665415063203, 0.6946057978213979, -0.11449173859323544, 0.06247891955390491]], "inverted": false, "swapped": true, "error_lsq": 0.03842572209338288, "error_max": 0.1895640259544109, "target": "681.xyz", "model": "2.xyz", "model_rescale": 3.795458400668931, "target_rescale": 4.033247435990374},
{"mapping": [6, 2, 10, 9, 4, 11, 1, 3, 7, 8, 5, 12], "R": [[-0.9374283070941776, -0.13088868342026255, 0.32263961568761934], [0.33853616090117833, -0.12607686112840533, 0.9324687087781018], [-0.08137221160098787, 0.9833477399376678, 0.16249857088185415]], "T": [0.05963350657830101, -0.06707318549113987, 0.00219976388178212], "aligned_model": [[-0.19360624713060776, -0.34004744474125326, -0.7736508776965388, 0.3710560699062454, 0.3338059096985244, -0.2099505710791253, -0.2478069623070182, 0.8257978411449807, 0.3457358693072876, 0.731317983548997, -0.35998452331895403, 0.11063677841102756], [-0.10949602272906157, -0.5284873392531645, -0.11241159616993267, 0.08531567009829578, 0.41164210966833725, 0.45943437385968483, -0.1974833293656117, -0.2180398980046282, -0.5745083307773634, 0.2841332252849719, 0.6449943708802978, -0.05932418820211623], [-0.7472194778009248, -0.11197359516381467, 0.0925282942886615, 0.77346238904004, -0.3368588094476196, 0.3957394222792986, 0.5050599948064259, -0.13158522581478257, 0.21893834413008217, 0.20871952779866523, -0.22301863234632005, 0.04497919886938865]], "inverted": false, "swapped": true, "error_lsq": 0.056971016738701225, "error_max": 0.35246043974608854, "target": "681.xyz", "model": "3.xyz", "model_rescale": 3.7530521520055578, "target_rescale": 4.033247435990374},
{"mapping": [0, 6, 2, 10, 7, 5, 3, 4, 8, 11, 12], "R": [[-0.37857902187306214, -0.8420341149469471, 0.3842609444936439], [-0.7131523454228698, 0.0007294852960478271, -0.7010087018497437], [0.5899929291233037, -0.5394237824908303, -0.6007747718303342]], "T": [0.020891737255877986, -0.07387474202832944, 0.0584416124358674], "aligned_model": [[-0.20347428878267088, -0.366309055009305, 0.32762375926177706, 0.5933818866247274, 0.18226138712505394, -0.13687685993300902, -0.47797021726629496, -0.5507429096796014, -0.34115565434597667, 0.29178813210484555, 0.019673422345659247], [-0.5937731636846822, -0.04119478488203615, -0.31646262722955876, 0.2590505869983699, -0.6427002982725127, 0.7367163201629213, -0.5552428785953973, 0.2147059591564126, -0.04514571679905849, 0.5383847059386897, -0.08713474447880179], [-0.246644772656358, -0.6318965921075859, -0.4240001194708487, -0.4573039005186722, 0.25006082719107736, -0.16936098080642417, 0.44200207278796033, 0.15464226694084154, 0.7550424463469322, 0.29616573688383896, 0.12412379265455498]], "inverted": true, "swapped": true, "error_lsq": 0.06606548866803039, "error_max": 0.3283152256754385, "target": "681.xyz", "model": "4.xyz", "model_rescale": 3.7855080009869324, "target_rescale": 4.033247435990374},
{"mapping": [7, 13, 8, 4, 3, 9, 10, 6, 1, 12, 15, 14, 16], "R": [[0.979853146020118, 0.1925343023359648, -0.05308817814241498], [0.13018578759415522, -0.4141521760842777, 0.9008493968212151], [0.15145782562471644, -0.8896114418490023, -0.4308735424557561]], "T": [-0.056816385995732764, 0.004329027941544977, 0.09053101859152304], "aligned_model": [[-0.3526041890607143, 0.07601715612432758, 0.2478154661870137, -0.7628723176695894, 0.12103602545524628, 0.5264147278265192, 0.32812653440931877, -0.4659233686308189, -0.6316455568763434, -0.11215492432668459, 0.7147834713148608, 0.41495476375584217, -0.017392734414144594], [-0.444105919860198, 0.6297965636624792, 0.06936703966661663, -0.19644111046026083, -0.5111934791070082, -0.26933028031287015, -0.5316561078318677, 0.19342681873071796, 0.18837927602372723, 0.6139773314991586, 0.12398299590258231, 0.320702281012464, 0.015040829912138341], [-0.4317573548421082, -0.25007616090183193, -0.540562766538848, 0.00010338598052352099, 0.5206724719143646, 0.39362517908362593, -0.2185048310024538, -0.3816454000750936, 0.5474783563395034, 0.38773777348594085, -0.17335284759833444, 0.45800529733259443, 0.12542779767357431]], "inverted": false, "swapped": false, "error_lsq": 0.04014771805480248, "error_max": 0.20973952769121842, "target": "681.xyz", "model": "5.xyz", "model_rescale": 4.2253639853439635, "target_rescale": 4.033247435990374},
{"mapping": [11, 2, 5, 12, 9, 1, 8, 6, 7, 3, 10, 4, 13], "R": [[0.7659597596065272, -0.1234263674800456, 0.6309291390276662], [0.23669662309565548, 0.9666019999604717, -0.09826129597929106], [-0.5977293327908751, 0.2246029952674215, 0.7695928399084013]], "T": [0.040966455465829735, -0.027382807928061956, 0.09415956594833794], "aligned_model": [[-0.4285982108803354, 0.2533161921352031, 0.16033725037047952, -0.8216539451161209, 0.03273366294249565, 0.6329415327244746, 0.3728104021430622, -0.40713328414510846, -0.655224771621167, -0.23448764746589396, 0.7382407592448432, 0.42270030397795966, 0.020572809784940884], [-0.29447113567483757, 0.5361963181981639, 0.05107778795164593, -0.3835301808006967, -0.569217547813233, -0.18002392094663094, -0.6177740652329284, 0.33719309124548114, 0.19871921950159754, 0.5870913465386018, 0.05570731846585138, 0.4529681047872195, 0.028009902617444522], [-0.4659534923834905, -0.20157303281020286, -0.5225541558616427, 0.11387904273619945, 0.3751288939295607, 0.5003269950700495, -0.20110748935981568, -0.1886990652184007, 0.40007926872377386, 0.3167713881162094, -0.2455712842470407, 0.446939358113706, 0.10948447404255084]], "inverted": true, "swapped": false, "error_lsq": 0.04267105967218092, "error_max": 0.25339476873525146, "target": "681.xyz", "model": "6.xyz", "model_rescale": 3.89814844738969, "target_rescale": 4.033247435990374},
{"mapping": [2, 7, 4, 1, 5, 9, 10, 0, 6, 3, 11, 8, 12], "R": [[0.019805108118166034, -0.22116967561414652, -0.9750342210820916], [0.02995406620684793, 0.9749189825872034, -0.22053510221460848], [0.9993550478233967, -0.02483851806902425, 0.025933306962885205]], "T": [0.018794606194592743, 0.09259732822557476, -0.03445549450464039], "aligned_model": [[-0.23568822540461357, 0.06370806381151839, 0.17432060833098076, -0.7076415001844024, -0.2006662988445074, 0.44571728597220844, 0.3071194989501861, -0.5440350641536356, -0.23531970831048885, -0.27724493883617085, 0.8200999310920937, 0.40503314457736145, 0.07115225709430278], [-0.41567423484500077, 0.6831691261701993, 0.03242015297525841, -0.3267062675209784, -0.5109447818747734, -0.40643888136308715, -0.5665406966435015, 0.2649132811952791, 0.1391728797062921, 0.7552944218897844, 0.18535713818978494, 0.40906865807766263, -0.04114455711924081], [-0.4568846023038192, -0.31814971782140444, -0.657099982653888, 0.07171272096862136, 0.40160692822846566, 0.571057317948981, -0.18043317581686996, -0.10183770281036507, 0.5905504928232074, 0.3199102579276446, -0.10261532996016408, 0.4220009230910894, -0.12266722877004155]], "inverted": true, "swapped": false, "error_lsq": 0.05322295590063722, "error_max": 0.30038972695146615, "target": "681.xyz", "model": "7.xyz", "model_rescale": 3.7474275329858107, "target_rescale": 4.033247435990374},
{"mapping": [3, 12, 0, 2, 8, 9, 5, 1, 4, 13, 10, 11, 14], "R": [[0.6992805403618391, -0.20137057179941828, -0.6858984025964998], [-0.24711907939291056, -0.9684439001719721, 0.03238167413368378], [-0.670774840368402, 0.14685470722069152, -0.7269764841422798]], "T": [0.08043344515246506, 0.040462039362742466, -0.01881176440699693], "aligned_model": [[-0.12349881675689894, 0.15939863723488995, 0.04356180306959992, -0.7413198130401958, -0.19559432067789298, 0.4921053220818058, 0.3312909770681126, -0.46280050344201085, -0.46181114826231295, -0.22660800082543622, 0.688164028627291, 0.5560397331175153, 0.027627155900366407], [-0.5627660282031401, 0.6519877235157824, -0.004635228121603392, -0.1414436699060973, -0.4489124781176738, -0.2613526824307045, -0.6282359453664144, 0.3119536368466173, 0.0054936359980080965, 0.6577502852984976, 0.28326483384711004, 0.2777601153589537, 0.06108204011834335], [-0.34845106430595296, 0.002246603523540898, -0.6751805297382856, -0.033690992713354115, 0.36788135679899947, 0.5466743800232772, 0.03536357982118497, -0.46152048313745164, 0.5441925495410307, 0.558070026408008, -0.40218325602862487, 0.30362929620171214, 0.00011943445737257197]], "inverted": true, "swapped": false, "error_lsq": 0.0531489914203546, "error_max": 0.29098873259045027, "target": "681.xyz", "model": "8.xyz", "model_rescale": 4.019505241142653, "target_rescale": 4.033247435990374},
{"mapping": [4, 11, 8, 3, 0, 1, 7, 5, 2, 6, 9, 1, 12], "R": [[-0.716807502912317, 0.12425094050400978, 0.6861112938528836], [0.3380795038774951, 0.9225258239292727, 0.1861406813180923], [-0.6098272319489805, 0.3653872027965482, -0.7032801285447775]], "T": [0.02684001471357806, 0.12842639526837854, 0.08369213002935022], "aligned_model": [[-0.3323908101490399, 0.11028720047695556, 0.2862379689758637, -0.7661405575788278, -0.0373938691162271, 0.46603642217830005, 0.34265682683750776, -0.5251186837356606, -0.36558131792910403, -0.21941566498472298, 0.6555030779568267, 0.46603642217830005, 0.005838038984661821], [-0.483500671285958, 0.5389344802509214, -0.007900063358262682, -0.201422147697053, -0.5033739419553476, -0.003803388092180948, -0.6429730471302346, 0.3107142636761072, 0.06011445217039735, 0.7754659413066819, 0.220639996969758, -0.003803388092180948, 0.14285375207503026], [-0.3453686476348973, -0.3764917498981492, -0.5248016903081794, 0.11271898676853725, 0.22279072859603216, 0.5796025072479137, -0.26955938309222655, -0.2519228985071359, 0.5210834174754743, 0.30450835236315255, -0.1685368651423339, 0.5796025072479137, 0.053525635735355175]], "inverted": false, "swapped": false, "error_lsq": 0.05682558362762899, "error_max": 0.3825641878023147, "target": "681.xyz", "model": "9.xyz", "model_rescale": 3.877068213659057, "target_rescale": 4.033247435990374},
{"mapping": [2, 8, 7, 14, 6, 5, 4, 9, 10, 11, 1, 0, 15], "R": [[0.13713933531566075, -0.6500771490226425, -0.747390462226922], [-0.2003865121153642, 0.7207118115789604, -0.6636412663576703], [0.9700711563959717, 0.24077829007027698, -0.03142875370446278]], "T": [-0.028643306303349214, -0.12716386648032332, 0.11190764141946614], "aligned_model": [[-0.2934710646480987, 0.026890865132460418, 0.3358413598589771, -0.7979376655386269, -0.2347424347864912, 0.709203900473585, 0.33227908729354777, -0.5058482343573457, -0.5936735743480871, -0.13308645698592247, 0.7719723147985958, 0.44539539422613506, 0.023731562976104258], [-0.2672658281262905, 0.5287313167955331, -0.019958070261307886, -0.22475706124640185, -0.4176130890964237, -0.1899348509019579, -0.5434501930035369, 0.2078091041948941, 0.11901548940509124, 0.5262102557558933, 0.09578758482505653, 0.4505449864158221, -0.06317340591869244], [-0.48020134914101503, -0.29063477891231293, -0.6105495647916649, 0.021446026229821863, 0.6153626775895695, 0.36218098240636576, -0.28119717907382913, -0.19746894052825192, 0.4631159846987968, 0.43878554053663626, -0.1375194778194132, 0.3863267138607378, 0.1475042657960155]], "inverted": false, "swapped": false, "error_lsq": 0.046926314473033415, "error_max": 0.2521820553634088, "target": "681.xyz", "model": "10.xyz", "model_rescale": 4.260839863003843, "target_rescale": 4.033247435990374},
{"mapping": [6, 0, 7, 2, 1, 10, 5, 4, 8, 9, 11, 12], "R": [[-0.16700906344518346, -0.7567870898242886, 0.6319661964080412], [0.8415678318063344, 0.22452762886730288, 0.4912747992152784], [-0.5136842972059279, 0.6138897657971756, 0.599389521307756]], "T": [0.01592941333415552, -0.06702737411344381, -0.0429696615489496], "aligned_model": [[0.3434758012641179, 0.037539299548053996, -0.3074459979852433, -0.38588235991023156, -0.5230084456406521, -0.45217145103646394, 0.4118199642544696, 0.6555214978744971, 0.4155169494610909, -0.22952017922737789, -0.024318789285314744, 0.017372359777184515], [-0.10423097830468302, -0.6050750315862415, -0.568141732028777, -0.1595938137084675, 0.1593505634624037, 0.4713336353028882, 0.6664602742963243, 0.015500461002480564, -0.211254213365443, 0.01545015578576206, 0.5784891957738901, -0.0852100110972033], [-0.7633088353909416, -0.39475072408017303, 0.13205417809560052, -0.5073640986369554, 0.10767519538924, -0.4852667158917876, -0.24073053526647975, 0.015431352354339123, 0.6178516548999862, 0.7620175233159496, 0.2510502151573611, 0.02151886744936543]], "inverted": false, "swapped": true, "error_lsq": 0.048496296413424254, "error_max": 0.26493728444329334, "target": "681.xyz", "model": "11.xyz", "model_rescale": 3.890672605050136, "target_rescale": 4.033247435990374},
{"mapping": [7, 6, 5, 3, 4, 10, 12, 8, 0, 1, 9, 11, 13], "R": [[0.616030997907805, -0.7191505553746752, -0.32144717811953205], [0.517538392488282, 0.061864708409261254, 0.8534206290886586], [-0.5938516834339688, -0.6920948176064703, 0.4102986004422974]], "T": [0.049069416351453315, 0.13816569610968651, 0.07543970836738441], "aligned_model": [[-0.2040081736208003, 0.07251657982306381, 0.21337270342606324, -0.786689160505372, -0.17451792156863646, 0.6223957689493869, 0.3678872447150239, -0.4793912890505473, -0.4826364641866747, -0.2490396233098581, 0.6878871590672493, 0.4827209967329201, 0.016057233623015185], [-0.5344042106984044, 0.6994735127508919, -0.10048973563879632, -0.25490419687589183, -0.3526838508146931, -0.43080629782586755, -0.5028128562099202, 0.28224590938315963, 0.23828629100079798, 0.6379598867612283, 0.26841717374812785, 0.27748101614862053, -0.025816402891573775], [-0.383434592706878, -0.052787080737606254, -0.6463775791704544, 0.06726557596112334, 0.5228013835599293, 0.45898666504454494, -0.13103991418377814, -0.39270687212554556, 0.3119968110446018, 0.5918068818528988, -0.3497271532127475, 0.38414622324900755, 0.05622055227636105]], "inverted": true, "swapped": false, "error_lsq": 0.04986793087906219, "error_max": 0.31728795126414255, "target": "681.xyz", "model": "12.xyz", "model_rescale": 4.124412569039231, "target_rescale": 4.033247435990374},
{"mapping": [4, 6, 0, 2, 10, 7, 5, 1, 11, 8, 3, 9, 12], "R": [[-0.6124167017169629, -0.6866368583605016, -0.3917596306396783], [-0.7032106346182692, 0.6995738266794308, -0.12685134758791136], [0.3611655947316795, 0.19780365458180613, -0.9112810364625142]], "T": [0.14078628903818585, 0.016511714201167683, -0.028248027720276722], "aligned_model": [[-0.34156087814252484, 0.1334478564367272, 0.2849222212791842, -0.7100152924739476, -0.1725266585293625, 0.5079161833713575, 0.3909880745577117, -0.3966756870872668, -0.47523097313277424, -0.30037817868146693, 0.7018789664091791, 0.40992383946159466, 0.0538655806264217], [-0.5038093102860159, 0.6819193222790452, -0.12420302651412077, -0.05561613092691139, -0.4314112124012454, -0.31461912011947174, -0.6828305475833046, 0.41815547819916726, 0.06842415380089695, 0.4776758717127251, 0.3650245613528147, 0.35024431404553746, -0.04700811472143763], [-0.367192709842416, -0.09746997007319914, -0.5724828926237234, 0.08720653694718473, 0.46754398614034903, 0.35729793032503293, -0.17679211705819775, -0.48942175850898456, 0.7517395956806936, 0.2997727843431249, -0.29744531325048057, 0.4459131292228001, 0.028481699549272994]], "inverted": false, "swapped": false, "error_lsq": 0.046439444305791104, "error_max": 0.23716915360351987, "target": "681.xyz", "model": "13.xyz", "model_rescale": 3.9028299243045295, "target_rescale": 4.033247435990374},
{"mapping": [14, 6, 9, 12, 5, 4, 10, 11, 8, 2, 7, 3, 15], "R": [[-0.6556143036035789, -0.6215197904214343, 0.4288158521147403], [-0.6323037739719332, 0.14145968747457105, -0.7616961955008358], [0.4127491033681903, -0.7705208024019164, -0.4857323035733387]], "T": [-0.04754217726819721, 0.060135148214268096, 0.13616676651552795], "aligned_model": [[-0.19656347507987465, 0.1822308344680726, 0.21652145866755523, -0.7150632204767422, -0.15192427119346505, 0.462506709158377, 0.3301938068170154, -0.4559701990379412, -0.4657711533766063, -0.3128022498311861, 0.7396125123397689, 0.43621355787291616, 0.01737074376694373], [-0.43719722522777704, 0.6003497020800548, 0.14554007868160948, -0.13202197083461342, -0.3562155425046267, -0.23654005229188194, -0.5332887510764823, 0.1279238343046172, -0.02131416883183205, 0.6200293213311482, -0.041576404398391366, 0.3998033917429096, 0.06645402586294447], [-0.5804250391227854, -0.17971432047524177, -0.5875886137697734, 0.09455441938759071, 0.415197794289911, 0.46962925727326815, -0.10983364837581266, -0.4757547426744364, 0.7803388645247941, 0.5340428507043462, -0.3004912352781862, 0.33439723413945166, 0.04279808022833105]], "inverted": false, "swapped": false, "error_lsq": 0.04660974403989104, "error_max": 0.24593983050661544, "target": "681.xyz", "model": "14.xyz", "model_rescale": 3.942246331269136, "target_rescale": 4.033247435990374},
{"mapping": [10, 8, 6, 4, 5, 2, 9, 11, 3, 12, 7, 0, 14], "R": [[0.5535774667636341, -0.638102335826799, 0.5351424084334383], [0.8038719600855344, 0.24154168188087935, -0.5435508142781105], [0.21758184685262374, 0.7310834596176685, 0.6466646078096916]], "T": [-0.10861783472895428, 0.031403148243895895, 0.0495402171731789], "aligned_model": [[-0.4004610161489657, 0.2728680522108555, 0.15215767428786334, -0.6773271176700979, 0.05364291293987686, 0.5430016048357876, 0.3017365902525089, -0.353074644641987, -0.5440079223591588, -0.40496305662674903, 0.7131028530035406, 0.48115174921919435, -0.0512726252078355], [-0.47068585379737204, 0.6226965869691811, 0.03279237976254892, -0.08074697397288616, -0.35772665415242794, -0.15715850952245924, -0.6005842052992466, 0.30352539658717864, -0.12503807254045296, 0.5918654502414524, 0.008836944238669181, 0.3623446643358067, 0.07182508598768686], [-0.3648686479962475, -0.2724559220489633, -0.4452158775555552, -0.0379588028552523, 0.5239124390012113, 0.3995181105339197, -0.23394441555323414, -0.5671455818365682, 0.599548895771537, 0.565425645985328, -0.18550315311892135, 0.33827371651932814, 0.11756449400487472]], "inverted": true, "swapped": false, "error_lsq": 0.051084952761786415, "error_max": 0.25312862401883446, "target": "681.xyz", "model": "15.xyz", "model_rescale": 4.355366556412066, "target_rescale": 4.033247435990374},
{"mapping": [0, 4, 6, 1, 2, 7, 10, 9, 5, 8, 11, 12], "R": [[0.20784725168401294, -0.45690495634407025, 0.8648915428165697], [0.36703683190882985, 0.85602377123447, 0.3640154764619846], [-0.9066881955720679, 0.24178743546706372, 0.3456231358872385]], "T": [-0.05776385982173391, -0.06505927440560075, -0.0005576980376081689], "aligned_model": [[-0.35289916159573975, 0.5394765750168016, 0.11018513044600692, -0.3876649481807975, -0.5093095380468167, -0.5613210068400614, -0.24954873802984695, -0.12168947932446403, 0.6205466956018532, 0.29989501358577314, 0.26724761077591186, -0.057109598776839535], [-0.6365323249432482, -0.282941943061196, -0.6471723415248628, 0.4306846649349051, -0.19330535660884968, -0.15368899425802576, 0.279699403103461, 0.5554977653381563, 0.13420238611508895, 0.012298574322762018, 0.5563470548945005, -0.0423124605717113], [0.004530622481124617, 0.12244865258668333, -0.5109465532638952, -0.09954293878608483, -0.4071814589409173, 0.3528479799649552, -0.7414609945193736, 0.5702968270554932, -0.48432665415063203, 0.6946057978213979, -0.11449173859323544, 0.06247891955390491]], "inverted": false, "swapped": true, "error_lsq": 0.03842572209338288, "error_max": 0.1895640259544109, "target": "681.xyz", "model": "16.xyz", "model_rescale": 3.795458400668931, "target_rescale": 4.033247435990374},
{"mapping": [2, 7, 4, 1, 5, 9, 10, 0, 6, 3, 11, 8, 12], "R": [[0.019805108118166034, -0.22116967561414652, -0.9750342210820916], [0.02995406620684793, 0.9749189825872034, -0.22053510221460848], [0.9993550478233967, -0.02483851806902425, 0.025933306962885205]], "T": [0.018794606194592743, 0.09259732822557476, -0.03445549450464039], "aligned_model": [[-0.23568822540461357, 0.06370806381151839, 0.17432060833098076, -0.7076415001844024, -0.2006662988445074, 0.44571728597220844, 0.3071194989501861, -0.5440350641536356, -0.23531970831048885, -0.27724493883617085, 0.8200999310920937, 0.40503314457736145, 0.07115225709430278], [-0.41567423484500077, 0.6831691261701993, 0.03242015297525841, -0.3267062675209784, -0.5109447818747734, -0.40643888136308715, -0.5665406966435015, 0.2649132811952791, 0.1391728797062921, 0.7552944218897844, 0.18535713818978494, 0.40906865807766263, -0.04114455711924081], [-0.4568846023038192, -0.31814971782140444, -0.657099982653888, 0.07171272096862136, 0.40160692822846566, 0.571057317948981, -0.18043317581686996, -0.10183770281036507, 0.5905504928232074, 0.3199102579276446, -0.10261532996016408, 0.4220009230910894, -0.12266722877004155]], "inverted": true, "swapped": false, "error_lsq": 0.05322295590063722, "error_max": 0.30038972695146615, "target": "681.xyz", "model": "17.xyz", "model_rescale": 3.7474275329858107, "target_rescale": 4.033247435990374},
{"mapping": [5, 3, 10, 4, 9, 7, 12, 8, 6, 0, 11, 1, 13], "R": [[0.3332109788671921, -0.9094705186850549, 0.24866406898686666], [-0.023888991505607637, 0.25550767072997316, 0.9665118448746446], [-0.9425496059344638, -0.327992691749193, 0.06341162757654276]], "T": [0.06499033486138543, 0.03608956421103636, 0.07489632855128492], "aligned_model": [[-0.2706317350144473, 0.24882405316248174, 0.1591965898351988, -0.7586372548535802, -0.16627423710469674, 0.6545258063039597, 0.30048983585171773, -0.38671898969779805, -0.45600581238344823, -0.4190123725103654, 0.7372105661665087, 0.4246533145899858, 0.018935289749316464], [-0.4132342346556713, 0.5770674592701974, -0.033219003423883606, -0.06561818637022261, -0.5266498955531578, -0.27947489393997593, -0.650116002884191, 0.38777832367470066, -0.16807047486095705, 0.6220731266315929, 0.1136915868197086, 0.5636034782083967, 0.07411495592114181], [-0.38192517559945643, -0.2913512139417492, -0.6053689685495309, 0.052115877444633266, 0.3534015601605365, 0.4217194573923946, -0.10648401226414614, -0.3599923397212915, 0.605820526966175, 0.4234749202786003, -0.17775867044375593, 0.3411481423697201, 0.16235079675932718]], "inverted": true, "swapped": false, "error_lsq": 0.04521601523420616, "error_max": 0.2510143717267837, "target": "681.xyz", "model": "18.xyz", "model_rescale": 3.922800546911778, "target_rescale": 4.033247435990374},
{"mapping": [7, 2, 11, 12, 8, 6, 13, 3, 5, 0, 10, 1, 14], "R": [[-0.48541321136468457, 0.8187503958676936, 0.30662974985985875], [-0.21793233640415088, -0.452962649588993, 0.8644826978180346], [0.8466873749986192, 0.3528067847190789, 0.3983062410685193]], "T": [0.06054239395760344, -0.027785813021796245, 0.06220719576954693], "aligned_model": [[-0.3345396933980628, 0.28254555375057366, 0.3052278787624001, -0.6686159438067011, 0.08613237180982769, 0.6576122580421018, 5.587020444253188e-05, -0.4416305558888175, -0.4778391224669264, -0.39985209382210807, 0.7630695325224213, 0.2979152546139031, 0.016473743771778356], [-0.12554630494945782, 0.6245840252669627, -0.2836003372731835, -0.31720101014948376, -0.43921395514551304, -0.09403168573350137, -0.6665068702574218, 0.2944344354781308, 0.03555336912577004, 0.6336864157971012, 0.15573747964781928, 0.4082301848580373, -0.02417950782758098], [-0.6252257460708968, -0.1333871648874556, -0.555798917045434, 0.0058067817032327745, 0.5143827047522519, 0.4011567991973943, -0.18313040491214294, -0.16832628007353911, 0.5994847878604664, 0.28341759742438644, -0.28904124606463116, 0.611322118670522, -0.023510129702697488]], "inverted": true, "swapped": false, "error_lsq": 0.05192389385639205, "error_max": 0.29309383408504514, "target": "681.xyz", "model": "19.xyz", "model_rescale": 3.9282355846067225, "target_rescale": 4.033247435990374},
{"mapping": [0, 5, 1, 4, 9, 12, 10, 3, 8, 6, 2, 7, 13], "R": [[0.8854457084491589, -0.43090493582936085, 0.1740885799438363], [0.30198389030761863, 0.2487270350623471, -0.9202937531156941], [0.35325858430283497, 0.8674421008384297, 0.35036063464574385]], "T": [-0.03601919866530232, 0.0329904390155119, 0.12663641405732473], "aligned_model": [[-0.3428553301099362, 0.11360244177813408, 0.09619244000183577, -0.6480972132240778, -0.0325325074032063, 0.5307745834587905, 0.49225355159106066, -0.4541211027253683, -0.5518020819942082, -0.22818017177829278, 0.6559911770985015, 0.45297714772396935, 0.00235211967763041], [-0.3569500487931818, 0.6252280841381844, 0.07248387353602617, -0.09753572407177014, -0.44316848118554203, -0.3647933118458565, -0.5843931836704545, 0.33435127193472425, -0.036939738540327206, 0.6386270022370274, 0.15006664139201822, 0.28504728690792713, -0.020077433201096423], [-0.5010537902667891, -0.21182789522676848, -0.609883203833018, 0.038936529317880414, 0.6283189341183627, 0.6198982526012085, -0.1597195056775319, -0.42174986890856314, 0.6813429731136557, 0.2786974799439082, -0.30479262185960576, 0.4189507911038633, -0.019967173575145603]], "inverted": false, "swapped": false, "error_lsq": 0.04162721339203806, "error_max": 0.25162298749848955, "target": "681.xyz", "model": "20.xyz", "model_rescale": 4.067790424073018, "target_rescale": 4.033247435990374},
{"mapping": [11, 5, 6, 10, 12, 0, 3, 13, 9, 1, 4, 8, 14], "R": [[-0.4651359309017851, -0.3249424533186869, -0.8234445748290306], [-0.5915195161700008, 0.8061315395131434, 0.016018832422418777], [0.6585994441040305, 0.49453447102644155, -0.5671705468308978]], "T": [0.10900728225708764, 0.017828247474679166, 0.028732999616613224], "aligned_model": [[-0.280656691637136, 0.1253065950275481, 0.3484282823561067, -0.7063251005456382, -0.25592735835043123, 0.5676435525041782, 0.29937523988276565, -0.43969983620012254, -0.4190977386038456, -0.31182311890028847, 0.7447813456764323, 0.38095628099480294, 0.03359360189046151], [-0.3834301414975905, 0.5734490340630802, -0.1087993615693275, 0.04116516977830556, -0.5900939945324579, -0.2462971267707412, -0.7926798256173608, 0.285294634938756, -0.028058128706755395, 0.5948658568737962, 0.40495816492996023, 0.44587425488821597, 0.005697702059798233], [-0.29559083038588374, -0.16997783242830342, -0.6598887659664645, 0.10603316238676662, 0.31902099911945897, 0.5023875021968307, -0.14614330184495158, -0.31405809537930285, 0.5971073717440865, 0.43275586045432946, -0.2685787257333989, 0.289478573592353, 0.044604983095936405]], "inverted": false, "swapped": false, "error_lsq": 0.047381280979001766, "error_max": 0.29517908601428855, "target": "681.xyz", "model": "21.xyz", "model_rescale": 4.186013935880536, "target_rescale": 4.033247435990374},
{"mapping": [4, 5, 3, 7, 9, 8, 11, 6, 1, 0, 5, 2, 12], "R": [[0.9115871339296442, 0.4082297012760937, 0.04855314871322408], [0.2820498179710441, -0.5351152366089145, -0.7963037006893078], [-0.2990932921956593, 0.739594615005421, -0.6029452777976996]], "T": [-0.05861068653289745, -0.09268713121671773, 0.08675291434431591], "aligned_model": [[-0.36135650979235434, 0.46428047377986537, 0.1702009795058754, -0.7882479751148076, -0.06922746499642651, 0.5543225027092271, 0.3485012157817411, -0.34272324271789617, -0.45803812530045845, -0.2545066958316877, 0.46428047377986537, 0.411181202126717, -0.05211177983482741], [-0.4655761390745593, 0.4288019984951295, 0.13962912277011819, -0.16643051839074924, -0.5103940067551438, -0.33892739762358326, -0.49426918922491553, 0.1642737318049164, 0.19891489641570198, 0.5972500229167894, 0.4288019984951295, 0.31781699349109827, -0.09794527448225326], [-0.4581460699511349, -0.1438391457401737, -0.7769675464268025, 0.10944828479276761, 0.5459467844921156, 0.47578603302313727, -0.18149646289916632, -0.3171084719138872, 0.6257790867817902, 0.17277568977813373, -0.1438391457401737, 0.4873538976337903, 0.0414579670210606]], "inverted": false, "swapped": false, "error_lsq": 0.05553476345442846, "error_max": 0.4006683532576096, "target": "681.xyz", "model": "22.xyz", "model_rescale": 4.166573947596378, "target_rescale": 4.033247435990374},
{"mapping": [5, 10, 13, 0, 2, 11, 6, 7, 4, 8, 14, 9, 15], "R": [[0.8747769594919403, 0.20045127320729936, 0.441117397312336], [-0.2926944200905983, -0.5069063365267776, 0.8107872362320647], [0.386128537652768, -0.8383705941041673, -0.38475901464626006]], "T": [0.09051469253436494, -0.023300651555263986, 0.14704406640258577], "aligned_model": [[-0.26741577680009354, 0.1345830769134314, 0.19338976268503588, -0.7175473399128226, -0.04903144775466607, 0.6761320407373163, 0.14682566072980474, -0.3508627123899544, -0.48932582628884225, -0.3404694276002208, 0.701240122702378, 0.4026452366751962, 0.04639168439827029], [-0.25711564678918103, 0.49745452760154124, 0.09192229714769426, -0.024857711420402252, -0.5799252950774877, -0.17306511010052042, -0.7501076559577075, 0.2819145571721624, -0.055629467989169935, 0.582731675738513, 0.2328064818797639, 0.42341710927681847, -0.06759952264434543], [-0.5658923321121228, -0.389438229655412, -0.6853942381758584, 0.029617109872529634, 0.4984770189600873, 0.653715810105344, -0.07133240938934224, -0.3256284528260688, 0.5971477585929639, 0.4649381473287516, -0.2858547074118411, 0.39897050775722626, 0.1178249178051993]], "inverted": false, "swapped": false, "error_lsq": 0.04590512817121344, "error_max": 0.2650718016678913, "target": "681.xyz", "model": "23.xyz", "model_rescale": 4.274766983524099, "target_rescale": 4.033247435990374},
{"mapping": [11, 1, 9, 8, 7, 3, 4, 0, 6, 2, 12], "R": [[-0.940993274650596, 0.28765401438971006, 0.1782886004988331], [-0.08751599883907138, -0.7157311149612406, 0.6928707823422336], [0.3269137608139916, 0.6363836414316631, 0.6986724940260842]], "T": [0.06751816435085786, 0.09242235776615981, 0.025216796487592903], "aligned_model": [[0.2571138291789429, 0.12491859542460074, -0.48420666195894846, -0.5523155490598805, -0.370416016374592, -0.6000574774953347, 0.042186240266767414, -0.008061460904586024, 0.5790159978459147, 0.3853577907041774, 0.006359416331013418], [0.057847919457335584, 0.6010542657803299, 0.3108844276828823, -0.30332595609107044, 0.463387217646517, -0.18494025478503312, -0.553393804501907, 0.13533593865233223, -0.21422344741862448, 0.5113905163707768, 0.09156970844994425], [-0.6586087220517689, -0.2947732534230014, -0.577216978515708, -0.2510906993581321, 0.2637945131442081, 0.34942337089604625, -0.01452404869789286, 0.6625223195073701, 0.5466547949827023, 0.35556069918661726, -0.0021755616488632404]], "inverted": true, "swapped": true, "error_lsq": 0.05497889583614803, "error_max": 0.2532263720014723, "target": "681.xyz", "model": "24.xyz", "model_rescale": 3.7841303162186577, "target_rescale": 4.033247435990374},
{"mapping": [0, 6, 7, 8, 9, 13, 10, 1, 2, 4, 11, 3, 15], "R": [[-0.5786582510071858, -0.5203835051969419, -0.6279774168393711], [-0.5028925898189545, 0.8338489506810876, -0.2275850842064001], [0.6420698339327972, 0.1841112027199699, -0.7442105840328507]], "T": [0.006329024829468502, -0.07480382855546475, 0.0854650723227513], "aligned_model": [[-0.33746819358021796, 0.2284094240788577, 0.21045297839869304, -0.5770916074063908, -0.13881542055441046, 0.6873721519004647, 0.2482328467340457, -0.5911897460325642, -0.5216129413075846, -0.285219990934314, 0.7284770257333946, 0.40011035408207374, 0.034898172982785934], [-0.13785937574354964, 0.5668724220986806, -0.09691904524691503, -0.15203690193734973, -0.5254880849376804, -0.08365683716693509, -0.7345628816965714, 0.23793344892728596, -0.026738071168197874, 0.5877138494925709, 0.039503998388704664, 0.5399179342000268, -0.01273421637239091], [-0.5619586065260895, -0.16143235143598153, -0.5315032322685127, 0.029668998120691403, 0.4289144857005282, 0.47030514375363125, -0.2483846513906401, -0.227908678242618, 0.6218977253980027, 0.2665005399509601, -0.14876463256638295, 0.4261339830850685, 0.07368217727279902]], "inverted": true, "swapped": false, "error_lsq": 0.04392585854259881, "error_max": 0.2454304177820514, "target": "681.xyz", "model": "25.xyz", "model_rescale": 4.19342608120988, "target_rescale": 4.033247435990374},
{"mapping": [0, 4, 6, 1, 2, 7, 10, 9, 5, 8, 11, 12], "R": [[0.20784725168401294, -0.45690495634407025, 0.8648915428165697], [0.36703683190882985, 0.85602377123447, 0.3640154764619846], [-0.9066881955720679, 0.24178743546706372, 0.3456231358872385]], "T": [-0.05776385982173391, -0.06505927440560075, -0.0005576980376081689], "aligned_model": [[-0.35289916159573975, 0.5394765750168016, 0.11018513044600692, -0.3876649481807975, -0.5093095380468167, -0.5613210068400614, -0.24954873802984695, -0.12168947932446403, 0.6205466956018532, 0.29989501358577314, 0.26724761077591186, -0.057109598776839535], [-0.6365323249432482, -0.282941943061196, -0.6471723415248628, 0.4306846649349051, -0.19330535660884968, -0.15368899425802576, 0.279699403103461, 0.5554977653381563, 0.13420238611508895, 0.012298574322762018, 0.5563470548945005, -0.0423124605717113], [0.004530622481124617, 0.12244865258668333, -0.5109465532638952, -0.09954293878608483, -0.4071814589409173, 0.3528479799649552, -0.7414609945193736, 0.5702968270554932, -0.48432665415063203, 0.6946057978213979, -0.11449173859323544, 0.06247891955390491]], "inverted": false, "swapped": true, "error_lsq": 0.03842572209338288, "error_max": 0.1895640259544109, "target": "681.xyz", "model": "26.xyz", "model_rescale": 3.795458400668931, "target_rescale": 4.033247435990374},
{"mapping": [8, 7, 5, 1, 9, 4, 11, 6, 2, 0, 10, 3, 12], "R": [[0.6238697686507052, -0.6641963618135263, 0.4118612687755323], [0.46092117607454686, 0.7382859858561959, 0.49242813946240105], [-0.6311403815394578, -0.1173754490599319, 0.7667364754256883]], "T": [-0.03330584013961618, -0.10725191220095467, 0.06293558129388614], "aligned_model": [[-0.28015071231297706, 0.32726226217750665, 0.10163982338492777, -0.62275010183539, -0.0717364293638717, 0.7225698974152457, 0.3429138814337555, -0.5098734811360577, -0.49493266176187267, -0.3351200521805388, 0.6244866024978064, 0.2718972549481226, 0.010348770828176805], [-0.43074916731557966, 0.5944045714623787, 0.17371037410128373, -0.15090517255820854, -0.2804970846620043, -0.31783301066180547, -0.6953039594941655, 0.21647749843615813, 0.06135609552507393, 0.6058199192192216, 0.017695349063657495, 0.3679429797511966, 0.03982784597047212], [-0.5413564384459023, -0.13168435898472797, -0.6224185822244908, 0.03126499927626257, 0.45393876561113183, 0.35132880760737034, -0.09271820923770514, -0.5280546994379554, 0.793214248097727, 0.36577206644405263, -0.1807521550015579, 0.5384536611387066, 0.00016279600854506027]], "inverted": true, "swapped": false, "error_lsq": 0.04655752973164321, "error_max": 0.2566987031743071, "target": "681.xyz", "model": "27.xyz", "model_rescale": 3.6321398670334006, "target_rescale": 4.033247435990374},
{"mapping": [7, 0, 8, 4, 6, 9, 12, 3, 1, 2, 10, 11, 14], "R": [[0.05326034074963646, -0.782924546499451, 0.6198326311125141], [0.9918063473207401, 0.11365359343359863, 0.05833549617447409], [-0.11611849774055993, 0.6116469694098546, 0.7825627638050614]], "T": [0.03447735019086017, 0.044064125214328675, 0.029266488041064263], "aligned_model": [[-0.348495760092691, 0.1556773451568302, 0.2157569546444696, -0.6670448729935738, -0.050728060354945766, 0.5696401046227544, 0.20703187850384866, -0.40508754758332305, -0.5446428408308112, -0.17308673909188876, 0.7431033551791072, 0.3773202271093147, 0.0071110098257421255], [-0.38527800251911465, 0.6153685901217179, -0.09898810201453975, -0.3554341387392953, -0.5826808631204877, -0.21047750189817988, -0.7243567299451793, 0.30069273548355946, 0.23540305889835025, 0.6368293663501096, 0.3004570917886876, 0.4162276051662891, 0.05418312926576141], [-0.49023742739838594, -0.19058224135480245, -0.43301414219187795, 0.21563966163490755, 0.48075092271370956, 0.33810551982949266, -0.22225697999832625, -0.43169396253827574, 0.3036319613681381, 0.5181327084673463, -0.16252367005419135, 0.4248406812779808, 0.0863578690957415]], "inverted": true, "swapped": false, "error_lsq": 0.04588231853333313, "error_max": 0.3201622194626706, "target": "681.xyz", "model": "28.xyz", "model_rescale": 4.156811204709835, "target_rescale": 4.033247435990374},
