[{"mapping": [10, 8, 0, 12, 9, 2, 3, 7, 4, 11, 5, 1, 6, 13], "R": [[0.8329873301617422, -0.4710080583824305, -0.2903162357306696], [0.46334007140406624, 0.8806045435791555, -0.09925530746021614], [0.30240384591021235, -0.05183673182753988, 0.9517693350871063]], "T": [-0.21267092762803436, 0.09032370356617234, 0.07819157158320494], "aligned_model": [[-0.43880525293181266, 0.42430576877946385, -0.5832960311969217, -0.7026910407670497, -0.2563081440436786, 0.10479078098093925, -0.06413557419943305, 0.24606515945110607, 0.6787156680912001, -0.12845886060447317, -0.2010245659920359, -0.7158791085235003, 0.45080305365874646, -0.13521139880347957], [-0.6893577474276668, -0.36223193505892315, 0.663851594400114, -0.05589207667392285, 0.1016944604702347, 0.7562357808174955, 0.4939348080036743, -0.18001326904609968, 0.23443648526431504, -0.6015348845254858, -0.21883315499088227, 0.27055255421700186, 0.24769301890038317, -0.004232509210794308], [-0.5187916999890996, 0.07242842963441737, -0.2811344998627011, -0.1931404064466849, -0.6530468785786758, -0.13868953489590372, 0.37523640145626075, -0.4583469695539812, -0.23496281483725956, 0.11427290601968709, 0.768617280482703, 0.2957765009692468, 0.4239999852089628, -0.029507111207970352]], "inverted": true, "swapped": false, "error_lsq": 0.04375745103939542, "error_max": 0.24671808452162233, "target": "682.xyz", "model": "0.xyz", "model_rescale": 3.8414455957264533, "target_rescale": 4.097640247299718},
{"mapping": [1, 10, 7, 0, 4, 2, 9, 3, 5, 11, 8, 13, 6, 14], "R": [[-0.669643744726681, 0.49883725131495105, 0.5502169134522967], [-0.20243251740178891, 0.5902032390945844, -0.7814609474955454], [-0.7145616355828253, -0.6346822301457677, -0.2942450266196398]], "T": [-0.10579573767930718, 0.06546604807587504, 0.00703245377436075], "aligned_model": [[-0.19554075349941602, 0.44900769154636444, -0.5012348938226314, -0.7387179112976029, -0.1493709635507032, 0.22090341424185417, -0.32833983866283695, 0.21567200020310606, 0.5124185358071062, -0.5098062280054545, -0.02831491210074069, -0.6976135884851032, 0.5135942433143837, -0.08378634178925423], [-0.6091083985714387, -0.2871094026032357, 0.5524615358452181, 0.016450479433073942, 0.21459043159520425, 0.6570724089841048, 0.5700554588446676, -0.24271999043207976, 0.09752921368867713, -0.6790489077781565, -0.03976706393608796, -0.040958055582936845, 0.460921878958179, -0.014066463305745083], [-0.5271894469697597, 0.1974661874148248, -0.1323170019693809, -0.3430023526093498, -0.5141972007719127, -0.2894035519424651, 0.4087454479018557, -0.637216520776312, -0.2190335774002622, 0.10051189721552183, 0.7862789560472375, 0.46884685617792016, 0.2716036371059255, -0.02838174102484157]], "inverted": true, "swapped": false, "error_lsq": 0.047546601728531125, "error_max": 0.3383847626480039, "target": "682.xyz", "model": "1.xyz", "model_rescale": 4.316132596720782, "target_rescale": 4.097640247299718},
{"mapping": [6, 2, 11, 1, 10, 12, 9, 8, 3, 5, 7, 13], "R": [[0.5550328689017556, -0.2211683464120158, 0.8018871971693158], [-0.5577151767616858, 0.6162885336734213, 0.5560055978786058], [-0.6171647235936026, -0.7558260420282161, 0.2187114495027482]], "T": [-0.0505237821694549, 0.11419730388247977, -0.059517157331593906], "aligned_model": [[-0.1160794052478628, 0.5408908551211291, -0.001663281202527775, -0.501021294815125, -0.5058342019518858, -0.4278816657818902, -0.2253086394654366, -0.2652869012441687, 0.5898753594154709, 0.23378692811292912, 0.2624167908831046, 0.013914010808043692], [-0.5575668414321975, -0.4991938935721448, -0.6274845578062571, 0.400579654924893, -0.20369187028485164, -0.07600695578316548, 0.363082102195585, 0.6107014530573438, -0.12082251181306693, -0.05624065366649318, 0.7535312041882534, 0.02588929773308163], [0.07844602304156609, 0.18713434405401794, -0.5388919197131671, -0.023199319205103083, -0.4403696723241152, 0.344782678298666, -0.7252947752225799, 0.5418417454312286, -0.5143864796651902, 0.5790231531639106, 0.02614957780043453, -0.06597689445024707]], "inverted": true, "swapped": true, "error_lsq": 0.04493917700753974, "error_max": 0.3205289041590905, "target": "682.xyz", "model": "2.xyz", "model_rescale": 3.795458400668931, "target_rescale": 4.097640247299718},
{"mapping": [7, 4, 0, 11, 1, 10, 3, 5, 2, 6, 9, 13], "R": [[-0.36428025336372005, -0.8363910374927188, -0.40957286215167865], [-0.3205067411735672, 0.5255191831742486, -0.7881021615109116], [0.8743999804846546, -0.155819191750325, -0.4595052269677805]], "T": [0.1269944938767429, 0.11739302756268273, -0.10254421752886525], "aligned_model": [[-0.26067954124407, 0.06130573654232582, -0.7149711023553992, 0.14275201037220853, 0.15592133173059372, 0.16376238648302077, -0.3165058884670469, 0.610787679925112, 0.44310563461701546, 0.6182919897404355, -0.4579196028666951, 0.14745319126606443], [-0.16307083504337544, -0.5284882143157645, -0.028192800979195395, 0.2025681484613303, 0.5395448894917573, 0.6601549489097246, -0.3217133825730364, -0.3942713519030689, -0.5615284444563098, 0.08352956589298029, 0.5428071502384871, 0.054429371566180246], [-0.6364611512517762, -0.21876124101394648, -0.02375307020899503, 0.7776696171584768, -0.43000854959617674, 0.2942773574898465, 0.4291929789800286, -0.25005395077223613, 0.3728465469834422, 0.3792010287455986, 0.009934888596279876, -0.015313024471441797]], "inverted": true, "swapped": true, "error_lsq": 0.048807348467765466, "error_max": 0.2514311305545856, "target": "682.xyz", "model": "3.xyz", "model_rescale": 3.7530521520055578, "target_rescale": 4.097640247299718},
{"mapping": [1, 5, 6, 2, 10, 4, 9, 7, 0, 3, 13], "R": [[-0.7729329994335576, 0.4067831740819798, 0.48693123505319874], [-0.3897987304918055, 0.30109681300676944, -0.8702859638671321], [-0.5006311297688355, -0.862477917677291, -0.07416409795462442]], "T": [-0.13887702963690896, -0.19255359631867952, -0.06736604743212539], "aligned_model": [[-0.4795769090331394, -0.11627747748976461, 0.454472762863967, 0.4532919333462263, 0.21054553213743266, -0.21752853244377957, -0.21460373721121961, -0.7312829291637964, -0.2689937212064643, 0.29285154134170677, -0.04469886069596381], [-0.6047921697793109, 0.18575411127867958, -0.2867463271392065, 0.38161969858647127, -0.7323976760424165, 0.4509415211834298, -0.4619188684657338, 0.18131407030958174, 0.15520241934896178, 0.33587051900876197, -0.13764393997487215], [-0.083638600558028, -0.6789115846553266, -0.404504296502107, -0.3937369164590481, 0.1323387008881337, -0.18865892791356342, 0.6089926159832446, 0.0852663406986922, 0.7062260568119089, 0.3871995364539372, -0.07774214750252668]], "inverted": false, "swapped": true, "error_lsq": 0.04489984221419347, "error_max": 0.24965631018566037, "target": "682.xyz", "model": "4.xyz", "model_rescale": 3.7855080009869324, "target_rescale": 4.097640247299718},
{"mapping": [2, 10, 11, 1, 12, 13, 6, 14, 15, 3, 7, 4, 8, 16], "R": [[-0.8101861483855306, -0.576743364576581, -0.10471626607697665], [0.24976367232727326, -0.17804524555716023, -0.9517972465394534], [0.5302985130563858, -0.7972872643855385, 0.28829933246334594]], "T": [-0.10066977839718771, -0.0262698937961613, -0.006067448578764501], "aligned_model": [[-0.2878141938640761, 0.40103978559568665, -0.48063511345677906, -0.8238231811830796, -0.30367579474057127, 0.14269873737778638, -0.2703563356526597, 0.15123087908930533, 0.7035119469600388, -0.10790835536572423, -0.12172347848882546, -0.6884386954168423, 0.44559391848382723, -0.08082966543901549], [-0.5498670535772578, -0.3419741396121975, 0.6372592230065344, -0.01505501231405132, 0.2659198505179506, 0.6154153655428979, 0.5088362403794644, -0.1345508377134277, 0.022237026742559375, -0.7207374108443437, 0.030749117503229027, 0.06201279260366666, 0.32572902805724124, -0.04967106515282136], [-0.4924918205086845, 0.41770444365347426, -0.22468053969735918, -0.22973533063136883, -0.5861355253216557, -0.23818688411109773, 0.3270165731355249, -0.6245484058241171, -0.18001266394032717, -0.014959926728485552, 0.7407089878055123, 0.4340855377031872, 0.2641224965478982, -0.050175353683500054]], "inverted": true, "swapped": false, "error_lsq": 0.039423668288980994, "error_max": 0.2543538780385576, "target": "682.xyz", "model": "5.xyz", "model_rescale": 4.2253639853439635, "target_rescale": 4.097640247299718},
{"mapping": [12, 6, 1, 9, 0, 4, 10, 7, 3, 11, 5, 8, 2, 13], "R": [[0.04931903446991459, 0.9437243797416603, -0.32703505610281947], [0.45990728576781575, 0.26919711322653184, 0.8461785879636656], [0.88659625610344, -0.19213851595065667, -0.4207491762934815]], "T": [-0.14146933506205933, 0.0769986990033022, -0.015531157780927524], "aligned_model": [[-0.2374346039242525, 0.35437064089268183, -0.4842397934299345, -0.6765675420815922, -0.1969958117583438, 0.18453129108258154, -0.23727570282841343, 0.25196019675223585, 0.5090875283840282, -0.22420510711455519, -0.05780877091327072, -0.7800482257124797, 0.35725693773657075, -0.08376058318618511], [-0.7519663287739957, -0.3245026986628059, 0.7156690024715164, 0.0377767431216357, 0.21991977726797735, 0.6940150242748091, 0.5470910356744287, -0.3185340183610245, 0.11497831944024353, -0.6445129444107691, -0.06811923126999384, 0.06226700854052416, 0.2900856140911733, 0.08213582173572473], [-0.43380309607397444, 0.06606120730596486, -0.13091936470157642, -0.30661185880159103, -0.8026480646632276, -0.13353860800452227, 0.5995678661880898, -0.579586375838245, -0.29542897583779726, 0.26398544146497055, 0.594946493546446, 0.3557704087529058, 0.37948489692565474, -0.034568381864096394]], "inverted": true, "swapped": false, "error_lsq": 0.043473658968956844, "error_max": 0.26541972324099666, "target": "682.xyz", "model": "6.xyz", "model_rescale": 3.89814844738969, "target_rescale": 4.097640247299718},
{"mapping": [3, 0, 9, 2, 10, 7, 4, 6, 5, 8, 1, 12, 13], "R": [[-0.3202582583524173, -0.4252997338450373, 0.8464955902710994], [0.7021655489521794, -0.7063969376119389, -0.08925753972163675], [0.6359231005567901, 0.5657945766122324, 0.524860274029597]], "T": [-0.0009678834018170684, 0.12921177092237773, 0.011792039470141142], "aligned_model": [[0.029257928832112465, 0.03762036993144387, 0.4755576294115575, -0.2891414153814367, 0.6612759614199554, -0.4950556229896813, -0.5717036268403678, 0.200966293638899, -0.5538624944782852, -0.4888919635386715, 0.13067162002652344, 0.012513411570717406, -0.0005762906985440266], [-0.34373404439578953, 0.3052354929572042, 0.48424874624865183, -0.7090206336108484, 0.09741212007587896, 0.5342432048697845, -0.09715398814946458, -0.43972553779323104, -0.20681015241167433, 0.6175836053971554, 0.5910141576306895, 0.10873029779820155, 0.021757996853927403], [-0.6572820451874082, -0.8271572674563543, -0.4155549009015536, -0.022551066227877833, 0.12939992948219417, -0.3135466624303563, -0.2290465834286595, 0.34365251117558987, 0.3264541146617987, 0.4333310539266992, 0.2477823825402434, 0.5961153692753056, -0.009321804593325711]], "inverted": false, "swapped": true, "error_lsq": 0.040886877007920965, "error_max": 0.21942768455323014, "target": "682.xyz", "model": "7.xyz", "model_rescale": 3.7474275329858107, "target_rescale": 4.097640247299718},
{"mapping": [2, 0, 9, 4, 8, 5, 11, 3, 6, 1, 12, 13, 10, 14], "R": [[-0.9582478724656376, -0.06609523092037352, -0.2781949592725607], [-0.26426234860497577, -0.16687594058854482, 0.949904117036278], [-0.10920817746332682, 0.9837600525037958, 0.14244203408006917]], "T": [-0.0837163622889409, 0.0594374656944361, 0.03555900486468758], "aligned_model": [[-0.40111211504498695, 0.46052941980299494, -0.27617553806823625, -0.7964567136024387, -0.39253991709511504, 0.18304831275591288, -0.20068265003688437, 0.27263139688748733, 0.688944823557522, -0.046268012831285746, -0.24295647450316454, -0.8887832078661949, 0.44884342289881235, -0.13015229295535138], [-0.5613361168988397, -0.3115377342906883, 0.7717881363322711, -0.06404071300948898, 0.1719264798485998, 0.46224928725623904, 0.5534842210404786, -0.12610981555523515, 0.20337075377812736, -0.6846780196682751, -0.023423853762011906, -0.035842767228109015, 0.27853681265201874, 0.021916454644357583], [-0.4361290182359405, 0.05523557209821474, -0.15379893077197818, -0.262736447395314, -0.5620901811533533, -0.4932138278150592, 0.39433002745762213, -0.5583458847728755, -0.18628778656015918, 0.13400485605287527, 0.6258294574534086, 0.42401862961233594, 0.5291569293455319, 0.032738193083692524]], "inverted": false, "swapped": false, "error_lsq": 0.04880791458432267, "error_max": 0.2928356083441672, "target": "682.xyz", "model": "8.xyz", "model_rescale": 4.019505241142653, "target_rescale": 4.097640247299718},
{"mapping": [10, 9, 1, 12, 6, 5, 7, 11, 2, 3, 0, 4, 13], "R": [[0.4658564424399029, 0.8122238307535276, -0.3510985955444754], [0.250807680595259, -0.5017163278952137, -0.8278745277382132], [-0.8485713183885397, 0.2976124578699758, -0.4374397587427643]], "T": [0.058743466871621394, -0.024459722377682853, -0.14290493500111137], "aligned_model": [[-0.39158302495413394, -0.6392669214445774, -0.010048340244421097, 0.38643249527951057, 0.21100608766024676, 0.7487296387867387, 0.17683590196709048, -0.3665073958447899, 0.4477782437255186, -0.24575364552184953, -0.48918988899323784, 0.4217658494909989, 0.06950177183408185], [-0.48538938975663065, 0.15842989256504345, 0.04803020189558515, -0.3710666964986145, -0.6684525910567952, -0.08952021442472127, 0.682687228646831, -0.6579369804446397, -0.34829818864405443, 0.04646564695491503, 0.5289058743413232, 0.29735162494082107, -0.07782818040500483], [-0.3382498506790239, -0.2657304706388556, -0.6685423988554897, -0.4813107504976737, 0.04863546592585005, 0.050231339227616356, -0.14687913690776097, 0.30447383359672675, 0.5855438192820097, 0.6150545462652532, 0.2174627903923327, 0.30390172839225926, -0.04788742145936534]], "inverted": false, "swapped": true, "error_lsq": 0.05110035000443304, "error_max": 0.31046842930764146, "target": "682.xyz", "model": "9.xyz", "model_rescale": 3.877068213659057, "target_rescale": 4.097640247299718},
{"mapping": [7, 3, 11, 8, 9, 10, 12, 2, 13, 1, 5, 0, 6, 15], "R": [[-0.23819418549980909, 0.41743480357765217, -0.8769331301508511], [-0.5116688308705418, -0.8213910385924101, -0.2520154146786556], [-0.8255050196756258, 0.38867074302315163, 0.40923894732561283]], "T": [0.02029027028456057, 0.047024901005016925, -0.07773768786954499], "aligned_model": [[-0.2819526147467124, 0.4026951428261012, -0.5173409282389242, -0.651026626548224, -0.15560248545734603, 0.025921611026777286, -0.1353034204489096, 0.18273320811584157, 0.7524749905377883, -0.49418799984940753, -0.15478661168226546, -0.6556010464074107, 0.41484054011754823, -0.05399330534578567], [-0.6518876427364204, -0.16361356560238938, 0.5499654435868745, -0.05408560357010876, 0.25386880322525196, 0.7358328327725551, 0.41327233798726065, -0.23171887465683044, 0.058172285063956816, -0.5744201487319028, -0.2826490198322004, 0.11233009064980072, 0.43332279168593196, 0.05791339529766497], [-0.3717735089282292, 0.382869837655162, -0.026174316515724688, -0.44438905592844347, -0.6793377564296117, -0.24721541677647157, 0.5545981675280471, -0.6576252264733895, -0.32556780553084974, 0.24167547704522746, 0.6090363896574971, 0.3378007530232829, 0.19686857454091106, -0.028054524468406526]], "inverted": true, "swapped": false, "error_lsq": 0.047162908116476866, "error_max": 0.35400971893668676, "target": "682.xyz", "model": "10.xyz", "model_rescale": 4.260839863003843, "target_rescale": 4.097640247299718},
{"mapping": [9, 10, 6, 11, 2, 3, 0, 1, 12, 5, 4, 13], "R": [[0.7651916458313375, -0.6438019949427225, -0.0008581711368554346], [-0.17791933263991178, -0.21018480395213218, -0.9613360802864795], [0.6187297117666952, 0.7357590227074181, -0.27537647735732196]], "T": [0.1885456204420649, 0.02654848579875116, 0.03877837324567219], "aligned_model": [[0.502057995992201, 0.1898895939613263, -0.3298138065489099, -0.443487574487639, -0.6553664157533483, -0.36139480074542807, 0.26200650029990014, 0.6791762847284903, 0.23982766147241993, -0.12197663227919697, -0.08139312247934094, 0.07937296493365494], [0.062138796343943814, -0.5055408198646967, -0.41489447229355725, -0.3241427532269828, 0.1525102684830981, 0.4475196433889935, 0.6380398777691828, -0.18464618810597772, -0.41511954799372275, 0.12701308855599266, 0.5601105887752464, 0.030090023701414018], [-0.6216734007909602, -0.37388239315348504, 0.14380248945968732, -0.4709560582956414, 0.28127188227146277, -0.4000841249627739, -0.5587089657694148, 0.06976556787238658, 0.4186921661036295, 0.6799477733578246, 0.317038225426378, 0.03096491587641082]], "inverted": false, "swapped": true, "error_lsq": 0.045335020823689266, "error_max": 0.26187053353504136, "target": "682.xyz", "model": "11.xyz", "model_rescale": 3.890672605050136, "target_rescale": 4.097640247299718},
{"mapping": [10, 7, 1, 11, 2, 0, 6, 4, 3, 12, 5, 9, 8, 13], "R": [[-0.636860266426954, 0.7466468097270306, -0.19216540419918696], [0.042976617836111064, 0.2832409634444406, 0.9580853651666088], [0.7697804955738736, 0.6019078817821817, -0.2124732700424436]], "T": [-0.17161809634466674, 0.1419347999894546, 0.010382551499436996], "aligned_model": [[-0.49780166301985934, 0.44859738545520234, -0.24887350308096495, -0.677255332123912, -0.39981878853474306, 0.19341905833231698, -0.41521553521490706, 0.14470033798342907, 0.7310466023133, -0.11652891053507723, -0.05045671654759902, -0.6916425750507916, 0.32413511860255434, -0.06543502467987704], [-0.5582858938818914, -0.3906649765052884, 0.8036882978893801, 0.1039401043098854, 0.0037868632439849448, 0.5263402943943518, 0.5898346076939698, -0.09369918612022546, 0.2090119220095307, -0.5977588188986119, -0.26623800365674744, -0.12927209629425643, 0.4415656386430016, 0.014054372312360786], [-0.43999036636746025, 0.2525279716293817, -0.3913788211304622, -0.2032750081351174, -0.6487105567361354, -0.24976131508956062, 0.2789051650270043, -0.5688206222828092, -0.1733570944680609, 0.08074360982138834, 0.6612950373562759, 0.5220873267126267, 0.43891627973491626, -0.01647001767298607]], "inverted": true, "swapped": false, "error_lsq": 0.05491460627315776, "error_max": 0.3816388856701397, "target": "682.xyz", "model": "12.xyz", "model_rescale": 4.124412569039231, "target_rescale": 4.097640247299718},
{"mapping": [3, 10, 12, 0, 6, 2, 9, 4, 1, 7, 5, 8, 13], "R": [[-0.4220898689198953, -0.8885610180073482, -0.17972050476484558], [-0.7023645322885161, 0.44587029192671945, -0.5548727300564662], [0.5731703118082092, -0.10797684962494142, -0.8122910768971633]], "T": [0.09944265899713992, 0.19404376712894478, 0.024382297527785535], "aligned_model": [[-0.3262692606987664, -0.026760670757156463, 0.6074153929513535, -0.7017265008719233, 0.5113911263013112, 0.4648880026039679, -0.5657417510741007, 0.17563293478118525, 0.09577115957851062, -0.14447722413194994, 0.6880603947427688, 0.4707640402892853, 0.11835066379527173], [-0.47651713811103313, 0.5147023521774855, 0.46811536094947137, -0.06306217890921739, 0.011313996398489623, -0.5837049679555758, 0.462851861996205, -0.34255395187494964, 0.7161538866853479, 0.12869182825376674, -0.14823394406912332, 0.5572831000485834, 0.10244517091902726], [0.22777577949087963, 0.6028808152311296, 0.11863436822029469, -0.14394432957937703, 0.545445381003072, 0.24441321208904357, 0.16938276093372567, -0.3514393594241334, -0.09253386219154205, -0.6466248876426748, -0.20797633705491225, -0.595657794893705, 0.08134233478603811]], "inverted": true, "swapped": true, "error_lsq": 0.04855428910412047, "error_max": 0.3190672631602618, "target": "682.xyz", "model": "13.xyz", "model_rescale": 3.9028299243045295, "target_rescale": 4.097640247299718},
{"mapping": [10, 3, 12, 14, 5, 8, 1, 4, 0, 7, 6, 11, 2, 15], "R": [[0.1763562798274495, 0.8205837406756337, 0.5436366314958986], [-0.6585411832499769, -0.31212511725490755, 0.6847637703196128], [0.7315886634777383, -0.4787695016575255, 0.4853429630204418]], "T": [-0.09667746879911089, 0.07501116682167172, -0.033954043822659055], "aligned_model": [[-0.3940224268898148, 0.39555409643235884, -0.47164803833921304, -0.9489836948063469, -0.07835592510598977, 0.23631480326687282, -0.26371521129832404, 0.25665090814691943, 0.7039720753809959, -0.1889721808554506, -0.0454051384599294, -0.7331758424341882, 0.3561613687702587, -0.1455043399090773], [-0.4504170970384933, -0.24687734856645374, 0.6448757198911977, -0.12303784732448333, 0.21034769871570305, 0.6817890104718738, 0.34259224310226377, -0.31686598027049195, 0.13966666784621734, -0.8227821239819573, -0.17052029051588044, 0.2379407739912525, 0.5472956592011049, -0.01770396038240879], [-0.47083356667066906, 0.17289207069041856, -0.171401314055746, -0.16586817455925368, -0.5273607501276603, -0.3766550137033539, 0.534110667227141, -0.4593416711865722, -0.2388842339757482, 0.04400010264562436, 0.583697730115152, 0.3039519368959339, 0.3037353326796348, 0.010668472424100059]], "inverted": true, "swapped": false, "error_lsq": 0.04190187606215077, "error_max": 0.22617119613214562, "target": "682.xyz", "model": "14.xyz", "model_rescale": 3.942246331269136, "target_rescale": 4.097640247299718},
{"mapping": [4, 5, 8, 13, 11, 6, 0, 10, 9, 3, 1, 12, 2, 14], "R": [[-0.42725510115081605, -0.58730713741655, 0.6874033785778069], [0.728693423590986, -0.6737537877952535, -0.12272623129061044], [0.5352186216452619, 0.44847091295994446, 0.7158315914186939]], "T": [-0.0637850882958779, 0.045152350852823084, -0.09132633034061087], "aligned_model": [[-0.24846927282322342, 0.3156680318560787, -0.35355368367685736, -0.8422592554023698, -0.3732594347287538, 0.10549959500511549, -0.07203334200851003, 0.2520318076864013, 0.7088046434939779, -0.1925591094517268, -0.2116351392315394, -0.7353216989910197, 0.4007337968348085, -0.07477648466331047], [-0.4101637786066286, -0.2169618064525859, 0.760684991181748, -0.08505613269202668, 0.24569597493428896, 0.45053692887831426, 0.5406002043998605, -0.25346298505104564, 0.16783046333766488, -0.5930489987130468, -0.21843030187575985, -0.12110760474148162, 0.3083371885328782, 0.08084898200726448], [-0.4110808473722517, 0.34466800028323363, -0.14506763701101938, -0.2861430864631796, -0.7062400709553137, -0.43744109344267457, 0.45197917634470053, -0.6570904909396186, -0.28163527175534564, 0.2130816514671955, 0.6605419981581389, 0.343958020198907, 0.4542044801657743, -0.0010232402795455897]], "inverted": true, "swapped": false, "error_lsq": 0.047954091595051374, "error_max": 0.2712996119828367, "target": "682.xyz", "model": "15.xyz", "model_rescale": 4.355366556412066, "target_rescale": 4.097640247299718},
{"mapping": [6, 2, 11, 1, 10, 12, 9, 8, 3, 5, 7, 13], "R": [[0.5550328689017556, -0.2211683464120158, 0.8018871971693158], [-0.5577151767616858, 0.6162885336734213, 0.5560055978786058], [-0.6171647235936026, -0.7558260420282161, 0.2187114495027482]], "T": [-0.0505237821694549, 0.11419730388247977, -0.059517157331593906], "aligned_model": [[-0.1160794052478628, 0.5408908551211291, -0.001663281202527775, -0.501021294815125, -0.5058342019518858, -0.4278816657818902, -0.2253086394654366, -0.2652869012441687, 0.5898753594154709, 0.23378692811292912, 0.2624167908831046, 0.013914010808043692], [-0.5575668414321975, -0.4991938935721448, -0.6274845578062571, 0.400579654924893, -0.20369187028485164, -0.07600695578316548, 0.363082102195585, 0.6107014530573438, -0.12082251181306693, -0.05624065366649318, 0.7535312041882534, 0.02588929773308163], [0.07844602304156609, 0.18713434405401794, -0.5388919197131671, -0.023199319205103083, -0.4403696723241152, 0.344782678298666, -0.7252947752225799, 0.5418417454312286, -0.5143864796651902, 0.5790231531639106, 0.02614957780043453, -0.06597689445024707]], "inverted": true, "swapped": true, "error_lsq": 0.04493917700753974, "error_max": 0.3205289041590905, "target": "682.xyz", "model": "16.xyz", "model_rescale": 3.795458400668931, "target_rescale": 4.097640247299718},
{"mapping": [3, 0, 9, 2, 10, 7, 4, 6, 5, 8, 1, 12, 13], "R": [[-0.3202582583524173, -0.4252997338450373, 0.8464955902710994], [0.7021655489521794, -0.7063969376119389, -0.08925753972163675], [0.6359231005567901, 0.5657945766122324, 0.524860274029597]], "T": [-0.0009678834018170684, 0.12921177092237773, 0.011792039470141142], "aligned_model": [[0.029257928832112465, 0.03762036993144387, 0.4755576294115575, -0.2891414153814367, 0.6612759614199554, -0.4950556229896813, -0.5717036268403678, 0.200966293638899, -0.5538624944782852, -0.4888919635386715, 0.13067162002652344, 0.012513411570717406, -0.0005762906985440266], [-0.34373404439578953, 0.3052354929572042, 0.48424874624865183, -0.7090206336108484, 0.09741212007587896, 0.5342432048697845, -0.09715398814946458, -0.43972553779323104, -0.20681015241167433, 0.6175836053971554, 0.5910141576306895, 0.10873029779820155, 0.021757996853927403], [-0.6572820451874082, -0.8271572674563543, -0.4155549009015536, -0.022551066227877833, 0.12939992948219417, -0.3135466624303563, -0.2290465834286595, 0.34365251117558987, 0.3264541146617987, 0.4333310539266992, 0.2477823825402434, 0.5961153692753056, -0.009321804593325711]], "inverted": false, "swapped": true, "error_lsq": 0.040886877007920965, "error_max": 0.21942768455323014, "target": "682.xyz", "model": "17.xyz", "model_rescale": 3.7474275329858107, "target_rescale": 4.097640247299718},
{"mapping": [5, 9, 3, 10, 8, 0, 1, 4, 6, 12, 7, 11, 2, 13], "R": [[0.9455023618727921, -0.1886689596519482, 0.2653852056103042], [0.2426923556060353, -0.13504213826696324, -0.960658129316918], [0.21708455546944275, 0.9727114909140008, -0.08189414643609459]], "T": [-0.13715970013291148, 0.0558048300295997, 0.007242257885604772], "aligned_model": [[-0.23939746346506632, 0.321425626442968, -0.636780180498511, -0.7290469478868156, -0.3061756851780166, 0.30470656035814103, -0.21756057744381513, 0.3183826813376688, 0.6200343004339717, -0.28723941202878134, -0.1225701666258581, -0.7283366118388112, 0.4291436707907431, -0.047715340498745776], [-0.5034000203488079, -0.4291730884423134, 0.4965013209707413, -0.1749440180235763, 0.27390835445913103, 0.6919962866745273, 0.644844815856112, -0.07730714348136587, -0.030045725055039343, -0.6452010595884157, -0.14405980920611372, 0.09264981051338479, 0.3480519303212618, 0.11248147048991815], [-0.44003540948936565, 0.05436001144007324, -0.12219946560665314, -0.2626907440461662, -0.6566243707751147, -0.30764983333379653, 0.3609172652508636, -0.6739245081950183, -0.11228070709397726, 0.2200890246254527, 0.733369349744545, 0.420629447194948, 0.3198519958358219, 0.00889953284738862]], "inverted": false, "swapped": false, "error_lsq": 0.04618508337452696, "error_max": 0.25369939447903445, "target": "682.xyz", "model": "18.xyz", "model_rescale": 3.922800546911778, "target_rescale": 4.097640247299718},
{"mapping": [1, 3, 4, 6, 8, 13, 11, 5, 12, 2, 9, 10, 7, 14], "R": [[-0.34255656117854305, 0.8289295995400872, 0.44218855864873075], [0.17492470442078684, -0.4061606750234764, 0.896902923313206], [0.9230689845167758, 0.38458968404103727, -0.005867261063193074]], "T": [-0.08264925711561416, 0.0037463358142059075, -0.1255871933814402], "aligned_model": [[-0.44895675677547586, 0.4246759397760342, -0.5866588292385277, -0.7232305004279624, -0.15496463891976486, 0.07248400897347773, -0.19140355338985254, 0.34417978255872117, 0.6659723617465212, -0.31854620843201376, -0.09194973406042002, -0.7237515116388828, 0.43544729819471123, -0.02442720446749428], [-0.5629138199593784, -0.2811497342657257, 0.5219753973803142, 0.027100616052122016, 0.2226922205928249, 0.6723526305396613, 0.49800849882266307, -0.32581092368962733, 0.1869189274692516, -0.4947868381107595, -0.1816010018688929, 0.061919450130824914, 0.28641642074690415, 0.025181281299262122], [-0.4300508324049586, 0.14012810056485542, -0.08980828829822703, -0.38029883470175074, -0.6923533172055855, -0.15228998773360225, 0.375532582748879, -0.6657193103535036, -0.28251876447254654, 0.3315192117844847, 0.6670685020231725, 0.36042148481185465, 0.41282213187061334, -0.051741090234684026]], "inverted": false, "swapped": false, "error_lsq": 0.0383632730069029, "error_max": 0.3076919471435368, "target": "682.xyz", "model": "19.xyz", "model_rescale": 3.9282355846067225, "target_rescale": 4.097640247299718},
{"mapping": [8, 7, 0, 4, 11, 10, 1, 9, 12, 6, 5, 3, 2, 13], "R": [[0.9143295563523697, -0.04845645963380553, 0.40206148024927296], [-0.18770415447583844, -0.9304391961034207, 0.31472218343633024], [0.3588434376897392, -0.36322840455308264, -0.8598235361705521]], "T": [-0.08078572982214628, -0.06682399072791617, -0.03369026399072048], "aligned_model": [[-0.3038292319137157, 0.4561376036485153, -0.5805420017003804, -0.6551041831142742, -0.2844987571319817, 0.3395261403933485, -0.2766031343262881, 0.18442878337685337, 0.6798100598227071, -0.25384586440310697, -0.15158077177495638, -0.7205265093505039, 0.34795081830177005, -0.10245249792891586], [-0.5990717938325285, -0.2939532394776934, 0.5486457623296279, -0.1016933348226554, 0.31054667914140005, 0.6613423993095855, 0.5107070672049385, -0.1735716685484619, -0.04933855915959312, -0.5884066659209823, -0.10737160967197842, 0.05651546374334476, 0.3951280192643532, 0.08682460558008703], [-0.5292560531582414, 0.18590803909183357, -0.14156815786380753, -0.2950526331075327, -0.6076724513037071, -0.22169555425450896, 0.4017568826560701, -0.6635243854118479, -0.4131407215276126, 0.31964492646492676, 0.6598759584289263, 0.3429716309770848, 0.49687690718251454, 0.007587200224903418]], "inverted": false, "swapped": false, "error_lsq": 0.04070990166746839, "error_max": 0.2487173982943858, "target": "682.xyz", "model": "20.xyz", "model_rescale": 4.067790424073018, "target_rescale": 4.097640247299718},
{"mapping": [3, 6, 7, 12, 0, 8, 1, 2, 4, 11, 13, 10, 5, 14], "R": [[0.9736574529446542, 0.11197734782503979, 0.19862587419417183], [0.00604491474160998, -0.8834763472976638, 0.4684367649655018], [0.22793556837645057, -0.4548962709669625, -0.8608802235672839]], "T": [-0.08539353348604903, 0.04612664287334313, -0.03295102982051606], "aligned_model": [[-0.250053100197952, 0.41194662939922855, -0.37521327089179857, -0.7864673839534709, -0.19002169894989823, 0.14640056602839638, -0.3176477079694051, 0.3001440802147948, 0.6900637113401888, -0.3439824928149191, -0.11437461100905949, -0.6515456268894995, 0.3093685830607418, -0.1497472234682762], [-0.6307870083376249, -0.5003465141863526, 0.698263547969758, -0.21867570810858228, 0.23649049024393304, 0.5590519056141166, 0.69438092436743, -0.17281413107254973, 0.17712212339705402, -0.5041861618482071, -0.05958712442982246, 0.033931046168560755, 0.30248824561601895, 0.04097148974571191], [-0.5212338910242492, 0.006757328113631451, -0.250634134424705, -0.1922904097707208, -0.7091703597179208, -0.12431331414862126, 0.4132882403456794, -0.6305693172454947, -0.1878017329675834, 0.18686666976680333, 0.65850265743943, 0.5591721804234111, 0.3232900694880706, 0.010847602121270852]], "inverted": true, "swapped": false, "error_lsq": 0.04670229144611849, "error_max": 0.31437729606401327, "target": "682.xyz", "model": "21.xyz", "model_rescale": 4.186013935880536, "target_rescale": 4.097640247299718},
{"mapping": [10, 11, 9, 8, 5, 1, 12, 6, 0, 3, 2, 4, 13], "R": [[0.6161833972363665, -0.7001804658018719, -0.3606457212829841], [-0.758660609438318, -0.4046677867086932, -0.510566413003213], [0.2115469230618352, 0.588210249578976, -0.7805489104683374]], "T": [0.1323113598075572, -0.09274283827977248, 0.0018652223823866047], "aligned_model": [[-0.05661972507662977, -0.5679055191966291, 0.45807995389665485, 0.6192177307711617, -0.13775394342549468, 0.5027388891238493, -0.0032271906296735264, -0.5191725263306164, 0.45571651508576994, -0.1981179796032756, -0.6062605219220538, 0.07865696036662875, 0.03322139236353375], [-0.21286312895088327, 0.1793067474952229, 0.2461752851041783, -0.5955367223306827, -0.3238190082588125, -0.4190721674438568, -0.6611284920419265, -0.3067047713594435, 0.692821042609854, 0.6572138894266844, 0.11454294555003966, 0.19846399518544855, -0.05044295543972959], [-0.6331827321257292, -0.465001825671435, -0.5591718124050162, 0.40731878750509454, 0.6273921531694568, -0.20447057118393566, 0.02640172076358958, -0.06437285640427302, -0.11899766765362231, 0.02702139333203447, 0.4472876923955078, 0.59119006791506, 0.021465211698613963]], "inverted": false, "swapped": true, "error_lsq": 0.0452648915428976, "error_max": 0.27501509839712757, "target": "682.xyz", "model": "22.xyz", "model_rescale": 4.166573947596378, "target_rescale": 4.097640247299718},
{"mapping": [8, 1, 14, 9, 10, 13, 12, 7, 5, 4, 2, 11, 6, 15], "R": [[-0.600645106276835, 0.6670063247480802, -0.44082651809044826], [0.4809009407736565, 0.7418803655365442, 0.4672770146223497], [0.6387172625416522, 0.0686737648408915, -0.7663707800757256]], "T": [-0.18263921497238517, -0.01385341675672519, 0.007055913497995711], "aligned_model": [[-0.442545821891064, 0.4376701078553736, -0.40468908307995943, -0.7543492865469517, -0.14568812793969166, 0.21454425737124233, -0.3126733773885224, 0.21123467131618595, 0.5917916277710356, -0.10568891879817485, -0.0299700951509507, -0.7629862525186097, 0.2978126289145472, -0.11559187601538881], [-0.627540925109036, -0.2561478435573177, 0.6911377138942534, 0.011375862240283946, 0.2789903696358306, 0.5628722300515667, 0.5313045535028547, -0.10705627879578457, 0.18004142890992247, -0.7363643952631804, -0.2617898461820388, 0.1488181399709115, 0.2646211717462286, -0.02395905590505036], [-0.4511092728633621, 0.2612385557485657, -0.2751835681432335, -0.17449364949676666, -0.6812887436632638, -0.4688074665874659, 0.34657801778047903, -0.582491570474145, -0.22472769211932936, 0.11618909461602099, 0.6137097736240701, 0.5158079238817702, 0.5273688589746781, 0.019921327120983462]], "inverted": false, "swapped": false, "error_lsq": 0.03691083153758356, "error_max": 0.22726162911632877, "target": "682.xyz", "model": "23.xyz", "model_rescale": 4.274766983524099, "target_rescale": 4.097640247299718},
{"mapping": [5, 6, 2, 4, 3, 0, 7, 9, 1, 10, 13], "R": [[0.792146671054774, 0.09266266351433039, 0.6032555696612089], [-0.6003131633383479, 0.2966376859176756, 0.7427181088516103], [-0.11012609799473357, -0.9504839367836978, 0.29060717206672293]], "T": [0.12138645889816999, 0.056093165652231186, 0.05391997499284313], "aligned_model": [[0.12892571119036092, 0.2063865885720267, -0.33751837508998894, -0.31188459409911473, -0.6626416606825608, -0.5255436091313724, -0.09309331587744743, 0.007189880020283146, 0.5577656842717764, 0.3542131629144805, 0.05609523186963168], [-0.03838158411437158, 0.6515259959799201, 0.4343748908647852, -0.22496310498024616, 0.28921163298635283, -0.18742326416373747, -0.6268807889451539, 0.06442420692082358, -0.1329719884655279, 0.5590857727800916, 0.1275847623805472], [-0.659265195081414, -0.2819865124551059, -0.6042337207079878, -0.35628430993249116, 0.11055179120067105, 0.562339662943387, 0.0934602254301832, 0.7768604710088675, 0.29909212760291615, 0.43628093882543584, 0.0027509551871157945]], "inverted": false, "swapped": true, "error_lsq": 0.05012035523117276, "error_max": 0.2596163608350385, "target": "682.xyz", "model": "24.xyz", "model_rescale": 3.7841303162186577, "target_rescale": 4.097640247299718},
{"mapping": [1, 2, 11, 7, 6, 3, 13, 4, 5, 8, 9, 10, 12, 15], "R": [[-0.5339810803679669, -0.6122928628578328, 0.5830623087650393], [0.4995260962220658, 0.3279202574260432, 0.8018366317166989], [-0.6821567891637541, 0.7194204298343194, 0.13075305019310549]], "T": [-0.22176720642279305, -0.02247119799497558, 0.02546407697159883], "aligned_model": [[-0.22709223831584477, 0.41144399697282363, -0.576101815417528, -0.8322224053807806, -0.2590012991333226, 0.20864645726339456, -0.06083987413171568, 0.2637550796118989, 0.6382558225280801, -0.1477920815698024, -0.04719743319698538, -0.8292039957985495, 0.3526795668604674, -0.21645932639306434], [-0.6154762698466626, -0.4076287378535226, 0.6409382557213272, 0.03756647498374124, 0.24103938888753126, 0.5288054161815628, 0.7150976652406269, -0.15809062543875532, 0.12385985037129185, -0.6088506507971913, -0.1604468227882365, 0.03281888639999982, 0.27421630324050544, 0.012453990837225822], [-0.42325969395737384, 0.16507163160818894, -0.12868666338040513, -0.19027995652347496, -0.646251819210626, -0.37433594855045715, 0.23063367261885537, -0.5246084850798303, -0.06556536552849536, 0.03748912887258855, 0.5664158583393313, 0.5083912544607809, 0.4218973471486014, -0.03419937241868248]], "inverted": false, "swapped": false, "error_lsq": 0.04571683850918897, "error_max": 0.3300618432030385, "target": "682.xyz", "model": "25.xyz", "model_rescale": 4.19342608120988, "target_rescale": 4.097640247299718},
{"mapping": [6, 2, 11, 1, 10, 12, 9, 8, 3, 5, 7, 13], "R": [[0.5550328689017556, -0.2211683464120158, 0.8018871971693158], [-0.5577151767616858, 0.6162885336734213, 0.5560055978786058], [-0.6171647235936026, -0.7558260420282161, 0.2187114495027482]], "T": [-0.0505237821694549, 0.11419730388247977, -0.059517157331593906], "aligned_model": [[-0.1160794052478628, 0.5408908551211291, -0.001663281202527775, -0.501021294815125, -0.5058342019518858, -0.4278816657818902, -0.2253086394654366, -0.2652869012441687, 0.5898753594154709, 0.23378692811292912, 0.2624167908831046, 0.013914010808043692], [-0.5575668414321975, -0.4991938935721448, -0.6274845578062571, 0.400579654924893, -0.20369187028485164, -0.07600695578316548, 0.363082102195585, 0.6107014530573438, -0.12082251181306693, -0.05624065366649318, 0.7535312041882534, 0.02588929773308163], [0.07844602304156609, 0.18713434405401794, -0.5388919197131671, -0.023199319205103083, -0.4403696723241152, 0.344782678298666, -0.7252947752225799, 0.5418417454312286, -0.5143864796651902, 0.5790231531639106, 0.02614957780043453, -0.06597689445024707]], "inverted": true, "swapped": true, "error_lsq": 0.04493917700753974, "error_max": 0.3205289041590905, "target": "682.xyz", "model": "26.xyz", "model_rescale": 3.795458400668931, "target_rescale": 4.097640247299718},
{"mapping": [7, 9, 0, 4, 2, 12, 1, 5, 10, 3, 6, 11, 13], "R": [[0.559783971069466, 0.7968482983799178, 0.2273206878018998], [0.8136521243850162, -0.47663474104811615, -0.3328506333323482], [-0.15688252362022143, 0.3712844098464474, -0.9151697988829866]], "T": [-0.159795756586108, -0.21293258738607695, 0.002232650399238721], "aligned_model": [[0.05757077139568084, 0.45871623904921066, 0.6632275325088279, -0.16569783606315908, -0.3812262711059967, -0.700465497098804, -0.24767729483393824, -0.6952073843851534, -0.059038139307015014, 0.3797923670239769, -0.5095328948263791, 0.05975767443273322, -0.16054288396872748], [-0.736778981082898, -0.352804784232757, -0.30360915146279, -0.17690794845333063, 0.4777339627966028, -0.2318287063204182, -0.6185041055992064, -0.10859708085486892, 0.03320930997935978, 0.28969513843037836, 0.36491345426038596, 0.5958560896992684, -0.11049569390281173], [-0.43635049585106545, 0.36778963017178623, -0.2229778510018898, -0.6562894668040706, -0.5084582944493665, 0.22439060815277237, 0.33997578371831905, -0.46687703440473904, 0.6208373808313239, -0.3561826126853985, 0.13779198086104677, 0.2849633739996129, -0.03647634043890542]], "inverted": true, "swapped": true, "error_lsq": 0.05105654195983934, "error_max": 0.30870151424369935, "target": "682.xyz", "model": "27.xyz", "model_rescale": 3.6321398670334006, "target_rescale": 4.097640247299718},
