[{"mapping": [12, 0, 5, 1, 11, 10, 7, 9, 8, 6, 4, 3, 2, 13], "R": [[0.10927217964806157, 0.9613314438480354, -0.25278735297481403], [0.8599306257891216, 0.03613242156063645, 0.5091304026888339], [0.4985768843266718, -0.2730133754621116, -0.8227300816391075]], "T": [0.0392902182204584, 0.1096818212271737, -0.13955850673670656], "aligned_model": [[0.1155896514486248, 0.7676067306820773, -0.42689956887049413, 0.29462511575820605, -0.6323647882500323, -0.4609222818390186, -0.20423065909435512, 0.25056994664002075, -0.5603005624443044, -0.09591295116028524, -0.004259551017937999, 0.2922404400748859, 0.6177138821293708, -0.04253474695578961], [-0.4176094029231729, -0.14381790673284223, 0.5115224225056578, 0.06221879024392295, -0.07979310690473991, -0.7545001430540601, -0.1384992489849603, -0.45319157024439566, 0.2848370102357891, 0.7921825502384562, 0.4233955051932738, 0.565487279233455, 0.37653213141458397, 0.03650117401863348], [-0.36597001129576223, -0.16611750108078743, -0.5795499544011311, -0.6549180552193582, -0.1459338291451784, -0.003890116767263585, 0.5316331359225657, 0.2791031625100444, 0.3298993583884572, 0.1773943952473631, 0.7621572847978437, -0.1777406427850261, 0.2911098371112898, -0.019187703784145888]], "inverted": true, "swapped": false, "error_lsq": 0.04692556887562772, "error_max": 0.36082224770181287, "target": "683.xyz", "model": "0.xyz", "model_rescale": 3.8414455957264533, "target_rescale": 3.9931042194953723},
{"mapping": [9, 2, 0, 7, 13, 8, 12, 6, 11, 1, 10, 4, 3, 14], "R": [[0.1729530805875118, -0.9826585716045917, -0.06685329885139096], [-0.8613408543397134, -0.1179828147041665, -0.4941376205874384], [0.47768102805179796, 0.14304610126286582, -0.8668094648496124]], "T": [0.05365649063101218, 0.04318325830502415, -0.004787808657490806], "aligned_model": [[-0.0142362288465823, 0.7506490560307483, -0.19882615860805514, 0.14595171342409122, -0.6266786867119557, -0.3607806724935815, -0.4989603142843769, 0.5368160522435809, -0.6735890426632054, -0.10597004506504684, 0.11289002359029054, 0.3804797262324876, 0.421720278836503, 0.041454955416070735], [-0.48548679068133915, -0.07986010375017194, 0.5155224398604905, 0.017889780490943502, -0.1449221350617101, -0.5754877976788164, -0.027866952291308755, -0.5244593515282899, 0.42993203573874905, 0.8428811544621346, -0.0794137045346465, 0.41632616807730605, 0.6538043904769535, 0.10640635065930701], [-0.4307082682977084, -0.2137529312260173, -0.4933219209852802, -0.6402379120997408, -0.2815682416642124, 0.2593908426556873, 0.5166103869343202, 0.22837711003230063, 0.2138550956113238, 0.28417678286248743, 0.6659153102304718, -0.22787563083935714, 0.31932291747935077, 0.057805818805285514]], "inverted": false, "swapped": false, "error_lsq": 0.04207404790828585, "error_max": 0.2847255907287613, "target": "683.xyz", "model": "1.xyz", "model_rescale": 4.316132596720782, "target_rescale": 3.9931042194953723},
{"mapping": [3, 2, 11, 7, 1, 0, 10, 5, 9, 4, 6, 13], "R": [[0.7173562677137103, -0.6894127672334237, -0.10054860291127299], [0.2927081297762857, 0.42919357709605654, -0.8544675676363385], [0.6322356648708809, 0.5835262716922389, 0.509681424333113]], "T": [-0.042858824946948676, 0.019995839614174563, -0.04641592483055767], "aligned_model": [[-0.1814330703788257, 0.4546544044867208, 0.05630025303638281, -0.6130595486307723, -0.6333572346654731, -0.394408241867639, -0.01984669189418614, -0.23735735258599389, 0.6158648855257637, 0.27313625680230624, 0.28386685890909835, -0.006551964105600973], [-0.6711180778855806, -0.5610212647635135, -0.529772766459071, 0.3778508877885378, -0.2913121225502862, -0.07797932157885062, 0.4704008358989689, 0.5911233018843839, 0.05667058678168335, 0.12667799746944156, 0.5356686224834577, -0.014412251328190535], [0.06909871869688455, 0.15475976080533124, -0.4579138596445955, -0.1165018358189149, -0.3760421651912395, 0.3838413411427536, -0.5882705623109498, 0.5537604077602302, -0.5451778629850466, 0.5077139971509592, -0.037156235841765244, -0.09885324255422627]], "inverted": true, "swapped": true, "error_lsq": 0.04487710547497501, "error_max": 0.2725036084731512, "target": "683.xyz", "model": "2.xyz", "model_rescale": 3.795458400668931, "target_rescale": 3.9931042194953723},
{"mapping": [6, 4, 5, 3, 10, 1, 0, 9, 2, 11, 7, 13], "R": [[0.21708685866147986, 0.9747276927049475, -0.052718316272244714], [0.909295892291428, -0.1822806416578312, 0.3741052631796904], [0.3550412314906915, -0.12914988482727763, -0.9258866189716074]], "T": [0.03504635426835519, 0.016901545390262625, 0.04541549591821376], "aligned_model": [[-0.07602516239659961, -0.23605008939261213, -0.7728979191096006, 0.24996035100497588, 0.17747586052314052, 0.12123333649794889, -0.3851682190010557, 0.6910418222915259, 0.4587843170719098, 0.6548784298044847, -0.39727079953761146, 0.10734189798705875], [-0.1631577308667087, -0.5682698119373352, -0.1595004562490566, -0.04769817394404296, 0.4163890148736655, 0.6303496225665438, -0.019364090796116055, -0.1371635418547215, -0.5605830158311458, 0.1423244144018536, 0.5323868917156721, 0.020055923211100963], [-0.5272935126918167, -0.0033199709141591635, -0.15542342099905718, 0.7235185497358216, -0.5177223775894344, 0.45834132245888065, 0.42013132920379764, -0.4341252527107398, 0.38086991303331635, 0.3308728401781179, -0.028597151388721757, 0.041519162323095125]], "inverted": false, "swapped": true, "error_lsq": 0.05295737441958973, "error_max": 0.3014526824818227, "target": "683.xyz", "model": "3.xyz", "model_rescale": 3.7530521520055578, "target_rescale": 3.9931042194953723},
{"mapping": [10, 9, 11, 2, 1, 8, 7, 6, 5, 0, 13], "R": [[-0.3263614622502867, -0.10134153475984001, 0.9397968340499852], [0.945236854780067, -0.03912849572257454, 0.32403124724010113], [0.0039350124957568955, 0.9940819152137358, 0.10856178665464955]], "T": [0.010313761339501397, -0.05911795302247115, 0.06976339294937345], "aligned_model": [[-0.535643511944927, -0.30117589801054484, 0.4147012833256037, 0.4718867944775756, 0.3859875876525907, -0.30363003548102396, -0.1942310470832601, -0.5580376074428818, -0.34923870990456424, 0.2854437641894895, 0.022136982667147302], [-0.4522311081947683, 0.01417826871586994, -0.28757733888807957, 0.4341705447496982, -0.694820569450938, 0.5992364557812128, -0.5004973572171657, 0.15868467007889459, 0.24447529236742666, 0.024502821773245198, -0.07291832140104969], [-0.14093394942414667, -0.6928815380422622, -0.44568363090302093, -0.3415621941193347, 0.16466248256933974, -0.3466102259888329, 0.5403447128214358, 0.021882579496826017, 0.7788339447219095, 0.5551688803773949, -0.00039028426399187466]], "inverted": true, "swapped": true, "error_lsq": 0.0511817712569228, "error_max": 0.29763182699506674, "target": "683.xyz", "model": "4.xyz", "model_rescale": 3.7855080009869324, "target_rescale": 3.9931042194953723},
{"mapping": [12, 15, 2, 14, 1, 11, 4, 6, 0, 5, 7, 9, 10, 16], "R": [[0.6889769366935425, 0.6892696057334274, 0.2240941572564269], [0.2220372087609107, 0.09359593488521893, -0.9705355629231862], [-0.689934966957065, 0.7184338602718052, -0.08855805883659718]], "T": [0.08141670683322134, 0.03095408910298892, 0.014622643877649395], "aligned_model": [[-0.1388294042740319, 0.8560215990917827, -0.24583375456573803, 0.2363708783633076, -0.6516002164118, -0.2080117134667695, -0.4270209815699394, 0.042809982265250596, -0.5987960944296766, -0.13743065938718924, 0.15944493054778724, 0.3604539411203302, 0.5716085104812774, 0.09173363933637692], [-0.41442911144147326, 0.0494404880509049, 0.395064281580185, 0.022108078919213563, -0.128409668906706, -0.7097117999248819, -0.027573319583665108, -0.427714698920598, 0.3938558224680448, 0.6633906893344613, 0.1500347612050176, 0.5520673951101616, 0.501479627215285, 0.04566293913365187], [-0.4503404925375462, -0.26638201912440335, -0.5386553972798496, -0.6438668027819933, -0.0873249988552744, 0.0055971990938331675, 0.5485387827131635, 0.47745039993606614, 0.13331030220501175, 0.4698511816532922, 0.750218226865739, -0.3822314394234028, 0.2778373617311247, -0.03601294469684983]], "inverted": false, "swapped": false, "error_lsq": 0.045238393175459655, "error_max": 0.3700868220624385, "target": "683.xyz", "model": "5.xyz", "model_rescale": 4.2253639853439635, "target_rescale": 3.9931042194953723},
{"mapping": [5, 10, 3, 2, 6, 11, 12, 8, 7, 0, 9, 4, 1, 13], "R": [[0.6934743721393379, -0.3048484449877487, 0.6528098657147442], [-0.4126197856068274, 0.5747257589722781, 0.706707304688097], [-0.5906252684331469, -0.7594456712381015, 0.2727710848421854]], "T": [0.04623726335326311, 0.06608984683556975, 0.04193594967046561], "aligned_model": [[0.13605216223789168, 0.7072657998592395, -0.3391911496857747, 0.13902919424919097, -0.4696681823966919, -0.3731359594862496, -0.7300002216327586, 0.48086684094956145, -0.674576110556971, -0.1288820511972436, 0.14909838379843138, 0.33393504294232895, 0.6643749367274003, 0.015751971292612972], [-0.4635318509496005, -0.17298495670926328, 0.4932560502003577, 0.025548859797172266, -0.07880746364111559, -0.5803871403303913, -0.10491683948252152, -0.4152144044212487, 0.39423327295270194, 0.7393076874728729, 0.11352222697352733, 0.5995671044713375, 0.4151756276117694, 0.10049731029400259], [-0.29299002367914284, -0.2962902861893585, -0.372772919083825, -0.6213269680083311, -0.3138228289777531, 0.15032134464234612, 0.5313803741009756, 0.39592496588321147, 0.08820892142684864, 0.44090162995588406, 0.6417410736070621, -0.32349983868566634, 0.2283513899476749, 0.0018625245589850362]], "inverted": true, "swapped": false, "error_lsq": 0.04395700220491303, "error_max": 0.3597554188182386, "target": "683.xyz", "model": "6.xyz", "model_rescale": 3.89814844738969, "target_rescale": 3.9931042194953723},
{"mapping": [4, 8, 2, 5, 3, 9, 6, 0, 7, 10, 11, 1, 13], "R": [[0.052342335102708, 0.14370531601241804, -0.9882353272909075], [0.29651002350336914, 0.9427280741848469, 0.1527926179688053], [0.9535942983879608, -0.3010192025328299, 0.006734522141312696]], "T": [-0.07339994457183821, 0.04974504480323005, 0.037198483512914535], "aligned_model": [[0.030646311111172733, -0.17806407551395395, 0.520932403080202, -0.36017416319403117, 0.6133193293416962, -0.32500917782946903, -0.5573305187036549, 0.19657510925327668, -0.408659942285319, -0.6988350438303155, 0.2702705800138724, 0.10831019574541648, -0.06334920628467021], [-0.2975984168799008, 0.23922017382850513, 0.3205243508721375, -0.7337842248287326, 0.1422185888211997, 0.7413554659230013, 0.003987383354949074, -0.42485983332899935, -0.2803010222759594, 0.339486000800833, 0.6285603709825607, 0.16361942434641832, 0.12135300385447303], [-0.49835808794703984, -0.7742833837373776, -0.408917615133254, -0.130343501609405, 0.2105483719483252, -0.3401518231099903, -0.33222169617784925, 0.17922355044169053, 0.5237901637245844, 0.1851234041249748, 0.20534122655387838, 0.7501280228861623, 0.03239639887159587]], "inverted": false, "swapped": true, "error_lsq": 0.0417761982440077, "error_max": 0.29485090995662944, "target": "683.xyz", "model": "7.xyz", "model_rescale": 3.7474275329858107, "target_rescale": 3.9931042194953723},
{"mapping": [6, 3, 9, 5, 11, 10, 12, 0, 13, 4, 1, 8, 2, 14], "R": [[0.13018636523753033, 0.6935137770344137, 0.708583200033491], [-0.9206527576500185, 0.34983492094011914, -0.17324557114753866], [-0.36803533816422673, -0.62980486593411, 0.684029108085366]], "T": [-0.06147497424182015, 0.037517477807952136, 0.03843349963065732], "aligned_model": [[0.3179650055283802, 0.623283588688085, -0.3591601458434317, 0.23257484077139012, -0.6387303664250213, -0.3597841428760953, -0.5305949190513072, 0.31752290314239484, -0.6063937141244055, -0.0296067430039983, 0.2657304493792292, 0.2257119906749157, 0.5091611867601601, -0.05675927651932805], [-0.5732570167017053, -0.03256540412074269, 0.277172129299966, 0.009383461191559327, -0.017104084366023183, -0.6574459448338094, -0.06424472940637851, -0.4569856118539235, 0.6067226600936572, 0.811979958097554, -0.022666683633859673, 0.5664441847156834, 0.5362360862426274, 0.08159647951499593], [-0.34875885179974864, -0.16238641257764977, -0.620573045644243, -0.6140729351434474, -0.1857821392774265, -0.01901944448048657, 0.4260074272421095, 0.2530040961253312, 0.4710775289162138, 0.14528914200379728, 0.7123150155623293, -0.28245667123498464, 0.404826208629826, 0.0785194411772907]], "inverted": true, "swapped": false, "error_lsq": 0.055765272307828406, "error_max": 0.4142699655306398, "target": "683.xyz", "model": "8.xyz", "model_rescale": 4.019505241142653, "target_rescale": 3.9931042194953723},
{"mapping": [7, 10, 6, 5, 0, 4, 8, 1, 3, 11, 9, 2, 13], "R": [[-0.703414174491447, -0.291094512987067, -0.6484384964153025], [-0.5679436199103954, 0.7787238337025506, 0.2665131055439462], [0.4273740091858562, 0.5557456030707077, -0.7130906540826232]], "T": [-0.005485693577675525, -0.13789230200920904, 0.009958671107982861], "aligned_model": [[-0.2877250211628973, -0.612637194517009, -0.033858436019954245, 0.38780265945516185, 0.3390944857698334, 0.5698295403583626, 0.3021454255843734, -0.38847414468983205, 0.22488878010651417, -0.2479845642806681, -0.3277967493851047, 0.43311104300587094, -0.038695052483474816], [-0.6540196592572565, 0.03662348478583155, 0.2080521404049589, -0.43138510107424916, -0.5845894891145422, 0.04723987478455646, 0.6242312658797637, -0.653712081888749, -0.34045275466994634, 0.02067810437999984, 0.6192686630432787, 0.2640131741093151, -0.09256939326890265], [-0.32478697677543367, -0.3029502008841243, -0.49230745712741397, -0.6853212249632181, 0.004165338394714294, -0.22032898302558113, -0.1629256471291584, 0.3861292155703957, 0.6550026744292714, 0.6404016243176897, 0.0927130732594471, 0.531184952540748, 0.05572710543654265]], "inverted": false, "swapped": true, "error_lsq": 0.04354005031821627, "error_max": 0.24840406602761386, "target": "683.xyz", "model": "9.xyz", "model_rescale": 3.877068213659057, "target_rescale": 3.9931042194953723},
{"mapping": [3, 12, 1, 5, 4, 13, 2, 6, 7, 8, 9, 0, 11, 15], "R": [[0.7752636171047393, 0.6077767581504957, -0.17197016091680134], [-0.44297728251646906, 0.3290836599972751, -0.8339514805413578], [-0.45026375733341106, 0.72271111585119, 0.5243578852817293]], "T": [0.024609713168072575, -0.027453447965155378, 0.12210368691227885], "aligned_model": [[-0.02065378289847255, 0.6708785756047057, -0.24065700578234883, 0.10765732957547654, -0.5537045374832664, -0.24436257018750596, -0.5236950794375693, 0.3974111258065624, -0.6442209596164074, -0.08784660095199191, -0.04561324332341124, 0.425902927429491, 0.596043825187622, 0.07378065317808415], [-0.4350691913157034, -0.03316533446247173, 0.5285904372396738, 0.09340914009637556, -0.14023591505537214, -0.7048634600809528, -0.05097310213009355, -0.5179751570088863, 0.42815760640284095, 0.6992248295937538, 0.20108210077155925, 0.5568424236542056, 0.4047069876740385, 0.03553411886063397], [-0.3622122888977693, -0.2527284722083497, -0.48892444316606015, -0.6456793361213431, -0.21094799429590172, 0.3798013435477886, 0.4951506520830879, 0.09541783267427725, 0.015470353957000665, 0.35580262603405705, 0.7373154742220289, -0.24028854014302248, 0.2991790656420036, 0.08063308617111294]], "inverted": false, "swapped": false, "error_lsq": 0.03933923399843453, "error_max": 0.27255062760444376, "target": "683.xyz", "model": "10.xyz", "model_rescale": 4.260839863003843, "target_rescale": 3.9931042194953723},
{"mapping": [1, 10, 6, 7, 4, 0, 3, 11, 9, 8, 2, 13], "R": [[0.6341961667719893, 0.7597644736693225, -0.14336375623459707], [-0.15547568005556625, -0.05631744816470035, -0.9862330647182115], [-0.7573787262413534, 0.6477548066839752, 0.08240858847736413]], "T": [-0.07126857130788801, -0.0019797451532314655, -0.13049915954159486], "aligned_model": [[0.3482463586710981, 0.06222490862372547, -0.3876757593004872, -0.2752117838370204, -0.5490922908045407, -0.36009527613365366, 0.2704180894651327, 0.6001643679640801, 0.3259892494541711, -0.23819172724959675, 0.16915108799797934, -0.007028575756757527], [0.04536749119287007, -0.6942033584463106, -0.4033830000411172, -0.30794562731720054, 0.2584127101172801, 0.35576667748639607, 0.609150505819321, 0.1595634554497987, -0.3638869064413012, -0.03769221831566672, 0.5615069414453645, -0.009578165416500205], [-0.743703807482661, -0.1330734789025811, 0.20344058304013013, -0.6987360650021796, 0.21903511238920642, -0.4574610401010026, -0.2717611272616878, -0.06349023680755081, 0.4981779159289138, 0.6918265088964739, 0.36975386341519745, -0.09783015071675433]], "inverted": false, "swapped": true, "error_lsq": 0.04056881664859779, "error_max": 0.19542259679104793, "target": "683.xyz", "model": "11.xyz", "model_rescale": 3.890672605050136, "target_rescale": 3.9931042194953723},
{"mapping": [0, 2, 6, 1, 8, 3, 7, 4, 5, 9, 12, 11, 10, 13], "R": [[0.3930468088668579, 0.9171911094963358, -0.06538099647803128], [-0.9122736610706944, 0.3978710793205031, 0.09723873485916004], [0.11519971074725732, 0.021425986586820413, 0.9931112494290504]], "T": [-0.029557894613684185, 0.1474471274085513, -0.0875279935343628], "aligned_model": [[-0.04909156248284603, 0.6744646028761361, -0.24973727003232768, 0.21227659985446298, -0.6875128489961734, -0.2878846670909543, -0.4031460202285394, 0.3825086423767751, -0.5616887271923754, -0.18344809226500441, 0.043025956720676245, 0.3901925652743807, 0.6572971282962404, -0.02633565000948248], [-0.3560786925429975, 0.04795427726279056, 0.4119576880027115, -0.09066601612327699, -0.12135802406316817, -0.7282830738587781, -0.17973205485342295, -0.36512416952604787, 0.4260163666359412, 0.8869124274442773, 0.2573894218347496, 0.48502214716446734, 0.3267290931712774, 0.06452609369107747], [-0.3953830311883105, -0.08332924791724683, -0.5497114526888164, -0.787611201841036, -0.20597677733535955, 0.05185295642579024, 0.6055447770823785, 0.15439943045187104, 0.4066462043052671, 0.10043288838342473, 0.6458044162000272, -0.19984371530029832, 0.4561894502709849, 0.05897466265023443]], "inverted": false, "swapped": false, "error_lsq": 0.05182669205087899, "error_max": 0.3234782069125339, "target": "683.xyz", "model": "12.xyz", "model_rescale": 4.124412569039231, "target_rescale": 3.9931042194953723},
{"mapping": [11, 2, 0, 9, 1, 12, 8, 10, 4, 6, 7, 5, 13], "R": [[0.5404222653727452, -0.8320648413955911, -0.12494748818091506], [-0.7518915395068064, -0.41093188444713247, -0.5155522273861428], [0.3776279755360755, 0.3725628618878406, -0.8476992544732281]], "T": [0.18686720728127454, 0.1512604521905837, 0.038894482728678216], "aligned_model": [[-0.04577465309763268, -0.309446959665265, 0.6094981599819944, -0.5547804390065769, 0.6648353408164607, 0.09495843243516085, -0.5591431773660953, 0.09351190620960359, 0.003964804775397179, -0.0818727346905731, 0.7606081258829596, 0.5534848163260162, 0.13745468490830834], [-0.20667634968637216, 0.47520999719189017, 0.5045409175312248, -0.2035757911866517, -0.27797197446969607, -0.702216201677805, 0.4619360985068099, -0.39378406596449644, 0.7529962254464632, 0.20431942848620485, -0.04950337546570033, 0.6732985964180476, 0.1089118713785589], [0.5858566422863389, 0.5626319031156802, 0.16089214786570952, -0.05096899100777246, 0.4151397016346886, 0.1974408112120343, -0.18981357240999008, -0.39838337870025875, -0.11195217872374935, -0.5067403969728949, -0.25879055139193774, -0.5243954872911653, 0.07078143135115603]], "inverted": false, "swapped": true, "error_lsq": 0.04507283350605269, "error_max": 0.2640169610023325, "target": "683.xyz", "model": "13.xyz", "model_rescale": 3.9028299243045295, "target_rescale": 3.9931042194953723},
{"mapping": [6, 2, 11, 1, 9, 7, 10, 3, 14, 13, 5, 12, 8, 15], "R": [[0.25012614085042334, -0.41523689566310984, -0.8746514929635334], [0.8778150909014697, 0.4784024568091382, 0.02391140950729348], [0.40850652363079704, -0.7737631483852435, 0.48416217360718783]], "T": [0.12501048146096153, 0.025887261934442525, 0.0833371265858443], "aligned_model": [[0.03530368758862823, 0.7885277151003098, -0.24870385326144193, 0.18995949540656573, -0.5245792686884055, -0.512160998829883, -0.45637931437940316, 0.3098155769286507, -0.6642763985983877, -0.18404847620433049, 0.20389069583941669, 0.19093624720871588, 0.7522044742933821, 0.030431074697150923], [-0.43977754348740133, -0.035503916544840246, 0.3548840586892773, 0.06845684178414975, -0.23210414209690033, -0.593858372075457, 0.004488787271688985, -0.5666786341240686, 0.41871378308873775, 0.680976610492801, 0.32142755417216745, 0.6995821642820625, 0.4162862548693202, -0.0316279620819357], [-0.3851895454124743, -0.22991321008483767, -0.46251577675531713, -0.5617738810723099, -0.251803214779503, 0.25813932813608753, 0.5490415528304107, 0.14166534236262857, 0.007414810848340114, 0.4119582730257268, 0.4938681011770459, -0.07799873713418928, 0.30855586743123325, 0.056540448926069735]], "inverted": false, "swapped": false, "error_lsq": 0.04211709701761276, "error_max": 0.28099764671633676, "target": "683.xyz", "model": "14.xyz", "model_rescale": 3.942246331269136, "target_rescale": 3.9931042194953723},
{"mapping": [3, 13, 10, 4, 5, 1, 2, 12, 9, 7, 0, 11, 8, 14], "R": [[-0.455481460140982, -0.24846578302512598, 0.8548692263343852], [0.09837983044525542, 0.9403328245301329, 0.3257231770579819], [-0.8847926584400451, 0.2324627578277727, -0.40386014633001915]], "T": [0.0009988694539618788, 0.1298453293452086, -0.05913560631376907], "aligned_model": [[-0.12956940667574357, 0.7384922896492395, -0.22733662371323396, 0.1318387477641847, -0.5337500199675063, -0.1258118637738015, -0.49930288986927995, 0.4677567188239406, -0.6341880485036141, -0.25416484446493287, 0.0026533502298967645, 0.5001413512677542, 0.4765274181661846, -0.0023655218321198502], [-0.5173238416388013, -0.09902293314790886, 0.4673986609626115, 0.013648214106009929, -0.19583678256074777, -0.6155208398092236, 0.07431612874733598, -0.5269262232201974, 0.6244897831625873, 0.6539543326957384, 0.04056527170050908, 0.5709824127686451, 0.49117560907951974, 0.08336569139352316], [-0.3431636329185976, -0.31340440128745345, -0.6447303184801676, -0.6186381832304971, 0.044567553889268065, 0.23239440517544646, 0.5146784542829689, 0.07821247687302654, -0.06430761710500013, 0.5663088275371287, 0.6707574110994536, -0.32440128659296036, 0.4329558024657006, 0.026759867790595117]], "inverted": false, "swapped": false, "error_lsq": 0.05462717952003104, "error_max": 0.31141214940522577, "target": "683.xyz", "model": "15.xyz", "model_rescale": 4.355366556412066, "target_rescale": 3.9931042194953723},
{"mapping": [3, 2, 11, 7, 1, 0, 10, 5, 9, 4, 6, 13], "R": [[0.7173562677137103, -0.6894127672334237, -0.10054860291127299], [0.2927081297762857, 0.42919357709605654, -0.8544675676363385], [0.6322356648708809, 0.5835262716922389, 0.509681424333113]], "T": [-0.042858824946948676, 0.019995839614174563, -0.04641592483055767], "aligned_model": [[-0.1814330703788257, 0.4546544044867208, 0.05630025303638281, -0.6130595486307723, -0.6333572346654731, -0.394408241867639, -0.01984669189418614, -0.23735735258599389, 0.6158648855257637, 0.27313625680230624, 0.28386685890909835, -0.006551964105600973], [-0.6711180778855806, -0.5610212647635135, -0.529772766459071, 0.3778508877885378, -0.2913121225502862, -0.07797932157885062, 0.4704008358989689, 0.5911233018843839, 0.05667058678168335, 0.12667799746944156, 0.5356686224834577, -0.014412251328190535], [0.06909871869688455, 0.15475976080533124, -0.4579138596445955, -0.1165018358189149, -0.3760421651912395, 0.3838413411427536, -0.5882705623109498, 0.5537604077602302, -0.5451778629850466, 0.5077139971509592, -0.037156235841765244, -0.09885324255422627]], "inverted": true, "swapped": true, "error_lsq": 0.04487710547497501, "error_max": 0.2725036084731512, "target": "683.xyz", "model": "16.xyz", "model_rescale": 3.795458400668931, "target_rescale": 3.9931042194953723},
{"mapping": [4, 8, 2, 5, 3, 9, 6, 0, 7, 10, 11, 1, 13], "R": [[0.052342335102708, 0.14370531601241804, -0.9882353272909075], [0.29651002350336914, 0.9427280741848469, 0.1527926179688053], [0.9535942983879608, -0.3010192025328299, 0.006734522141312696]], "T": [-0.07339994457183821, 0.04974504480323005, 0.037198483512914535], "aligned_model": [[0.030646311111172733, -0.17806407551395395, 0.520932403080202, -0.36017416319403117, 0.6133193293416962, -0.32500917782946903, -0.5573305187036549, 0.19657510925327668, -0.408659942285319, -0.6988350438303155, 0.2702705800138724, 0.10831019574541648, -0.06334920628467021], [-0.2975984168799008, 0.23922017382850513, 0.3205243508721375, -0.7337842248287326, 0.1422185888211997, 0.7413554659230013, 0.003987383354949074, -0.42485983332899935, -0.2803010222759594, 0.339486000800833, 0.6285603709825607, 0.16361942434641832, 0.12135300385447303], [-0.49835808794703984, -0.7742833837373776, -0.408917615133254, -0.130343501609405, 0.2105483719483252, -0.3401518231099903, -0.33222169617784925, 0.17922355044169053, 0.5237901637245844, 0.1851234041249748, 0.20534122655387838, 0.7501280228861623, 0.03239639887159587]], "inverted": false, "swapped": true, "error_lsq": 0.0417761982440077, "error_max": 0.29485090995662944, "target": "683.xyz", "model": "17.xyz", "model_rescale": 3.7474275329858107, "target_rescale": 3.9931042194953723},
{"mapping": [12, 10, 4, 5, 9, 7, 2, 11, 6, 0, 1, 8, 3, 13], "R": [[0.8989828491043945, 0.0684756045834955, 0.43259788325079696], [-0.2572867569582244, 0.8818836668176941, 0.395075591367143], [-0.35444796756373853, -0.4664678871874278, 0.8104161576084427]], "T": [0.027183618069564545, 0.03734311561355686, 0.04803681128659057], "aligned_model": [[-0.02299626987259928, 0.6039982098127537, -0.2797719605634445, 0.11017653555338588, -0.520217713622788, -0.19235376303323393, -0.5222289473232231, 0.5039608686317765, -0.6842601146988684, -0.19067861881598588, 0.14539106752430422, 0.3833932034692701, 0.6231274048965393, -0.04661924485691833], [-0.5655209759310189, -0.06478717692830896, 0.6257422900428383, 0.03666006708812542, -0.1312458683365759, -0.6291825399827825, 0.13333545430385188, -0.44032372991586144, 0.3119558325323476, 0.7713144175190094, 0.07113462958681352, 0.6191161375385235, 0.2319371488983009, 0.09512979782433828], [-0.39159233843592844, -0.31705728694139723, -0.4507522285866009, -0.670525396015275, -0.29787315157683425, 0.3218363196256153, 0.48708581505606285, 0.30543630591384674, -0.06787040277418467, 0.38413882630481155, 0.7287743152383539, -0.17891986618371855, 0.3079855494284316, 0.09732289844572779]], "inverted": true, "swapped": false, "error_lsq": 0.04747751774350755, "error_max": 0.2855476634859251, "target": "683.xyz", "model": "18.xyz", "model_rescale": 3.922800546911778, "target_rescale": 3.9931042194953723},
{"mapping": [1, 8, 10, 6, 2, 0, 3, 5, 9, 7, 12, 4, 13, 14], "R": [[-0.6434027032006042, -0.5511705770289651, 0.5312663706011451], [0.7233537405408242, -0.21055508724239003, 0.6575909984800186], [-0.25058397307041314, 0.8073893424203142, 0.5341630108743392]], "T": [0.06624361076503432, 0.08313949529169881, -0.002339921944134113], "aligned_model": [[-0.019964078323894685, 0.653567156015922, -0.29174094855656246, 0.2870316165992428, -0.596229338110634, -0.3677064040098393, -0.31697562977605104, 0.3088254665528499, -0.6839469358920773, -0.20397928433182783, 0.2997038633040925, 0.34270560766527, 0.4806183265997582, 0.01901123936471953], [-0.5005117016212983, -0.06213751732577308, 0.4973994675304112, 0.03766802887243123, -0.019143035053259344, -0.5768833487169788, -0.05716256129549338, -0.5520892190355875, 0.3977578309198304, 0.5554668124094055, 0.040067242809422116, 0.5858346099032574, 0.5832880294038466, 0.1357108454393875], [-0.4494445390303572, -0.09364324510649392, -0.5946543468498675, -0.6542239408727674, -0.25492028298195324, 0.2706067133904346, 0.4902121973098828, 0.3443187631084079, 0.02884713479214862, 0.582551103400344, 0.7474968176979133, -0.4436261387102724, 0.22117469843347565, 0.06329442491801548]], "inverted": false, "swapped": false, "error_lsq": 0.041626433127922795, "error_max": 0.2912351372767853, "target": "683.xyz", "model": "19.xyz", "model_rescale": 3.9282355846067225, "target_rescale": 3.9931042194953723},
{"mapping": [2, 1, 6, 5, 7, 12, 9, 10, 8, 4, 11, 3, 0, 13], "R": [[0.38819307430547867, 0.9067258300549059, 0.1647859404576226], [0.7886725537149921, -0.4193591399574936, 0.44959260975997406], [0.4767617225385592, -0.044566588890707776, -0.8779020896869495]], "T": [-0.11014069450626453, 0.1072383186400893, -0.018636586774778863], "aligned_model": [[0.30355446266317626, 0.6075513817503484, -0.3786295717365887, 0.11158732217298421, -0.4362375002238752, -0.5078363623502796, -0.5114319237189795, 0.29854126678659393, -0.6506048907405622, -0.01032993115015525, 0.10259706337597556, 0.362802114689651, 0.5747775550631959, 0.04457967051948332], [-0.49123757053106504, 0.04501722944073416, 0.44970728949532496, 0.1542606455522193, -0.3114782176290712, -0.5823815673367988, -0.06567416016055465, -0.550561361958032, 0.5412879628785514, 0.6629920297189926, 0.17831221732240404, 0.631515598835832, 0.33724592454186314, 0.06625946406920147], [-0.40515843269713503, -0.22490683679627504, -0.5059483769687161, -0.679178591222526, -0.3448805322130817, 0.27978746371527835, 0.5175457043070414, 0.3588723319414516, 0.29460603173915334, 0.26516522625697336, 0.6618443597794124, -0.2790468435658421, 0.3251372936042854, -0.005849438381108917]], "inverted": true, "swapped": false, "error_lsq": 0.04788922085966409, "error_max": 0.30480711807629435, "target": "683.xyz", "model": "20.xyz", "model_rescale": 4.067790424073018, "target_rescale": 3.9931042194953723},
{"mapping": [6, 3, 13, 11, 5, 4, 8, 2, 1, 9, 0, 12, 12, 14], "R": [[-0.5233736270502589, 0.8416000993364706, 0.13337660703848758], [-0.8161285606970473, -0.45009757920103327, -0.36241735832039773], [-0.24497799681363724, -0.29853214566309644, 0.9224230803069517]], "T": [-0.07073538787672094, 0.050781435806042184, 0.023117733345834755], "aligned_model": [[0.08528064264631098, 0.7577001847837145, -0.4137321314668029, 0.270734390143843, -0.6194334918431839, -0.3663686788039071, -0.45545612943631697, 0.2978551235470145, -0.6992808952030978, -0.09680774989145347, 0.25689775698191886, 0.48136872291416355, 0.48136872291416355, -0.0692058101853986], [-0.5139898300951709, -0.11062470954442671, 0.28246712001752583, 0.23791904622542548, -0.13625011525618275, -0.6823324004500567, -0.07763743019387495, -0.5492198407489185, 0.5558695437318605, 0.806518370205304, -0.03447160808995043, 0.5819433767402823, 0.5819433767402823, 0.1231305849575022], [-0.42882177380921493, -0.08359484719038643, -0.5415046915500012, -0.4930316243446091, -0.08830807366830734, 0.15584887182398546, 0.423949920918369, 0.2636617720575409, 0.17517578058623254, 0.20264995160391971, 0.6474945990427184, 0.015249426764059538, 0.015249426764059538, -0.006029379499454861]], "inverted": true, "swapped": false, "error_lsq": 0.04851124128893997, "error_max": 0.3596596404961894, "target": "683.xyz", "model": "21.xyz", "model_rescale": 4.186013935880536, "target_rescale": 3.9931042194953723},
{"mapping": [0, 7, 5, 2, 11, 4, 3, 1, 6, 10, 12, 9, 13], "R": [[-0.9883825088715799, 0.10124961948662968, -0.1133513595442698], [-0.11833686021685834, -0.04465246696509256, 0.9919690240667534], [0.09537506839178335, 0.9938584767197713, 0.056115279394462925]], "T": [0.0487342112563886, -0.03897509427831596, -0.04756315184662341], "aligned_model": [[0.03264807028062914, -0.37923873653201406, 0.3588259401287008, 0.46941952492342515, -0.21368482223587476, 0.6526783548005786, -0.08855247372907421, -0.6563635885539554, 0.38208039394382737, -0.20438747902513393, -0.5823252083312559, 0.2487026139918075, 0.03877144576156527], [-0.3555072413302473, 0.22423962959844168, 0.2030201600828281, -0.567586701463428, -0.3527460479062042, -0.11846107785433238, -0.7300205318723364, -0.27703204593398245, 0.47237467828575613, 0.5898609264654764, 0.17671479343699042, 0.29728305262978266, -0.043182934592651455], [-0.5143137015218304, -0.5010587977003486, -0.8022215528246815, 0.3637342845009208, 0.5128765263051597, -0.26488179997246797, 0.06988245528423392, -0.06806822420537229, -0.0600357582264444, 0.1460739727681787, 0.5156849650208112, 0.6811127235024493, 0.024094468404737404]], "inverted": false, "swapped": true, "error_lsq": 0.04293918548204604, "error_max": 0.27275822367970565, "target": "683.xyz", "model": "22.xyz", "model_rescale": 4.166573947596378, "target_rescale": 3.9931042194953723},
{"mapping": [1, 2, 8, 4, 7, 5, 10, 6, 10, 9, 12, 3, 11, 15], "R": [[-0.6941380947136733, 0.1301521772941275, 0.7079779065852758], [-0.3673970569429348, 0.7817166483112135, -0.5039230936390519], [-0.6190248040401463, -0.6099012153608817, -0.49480177797212677]], "T": [0.013822985063353433, 0.11721440185934537, 0.06473499201692606], "aligned_model": [[0.1659479050331663, 0.6004600047146795, -0.32656977672503296, 0.17330159628084638, -0.6289252928677903, -0.37918811529679436, -0.6931675288282937, 0.4040317827519599, -0.6931675288282937, -0.05634357386616583, 0.3194455495314241, 0.40373540452046885, 0.6068717181369652, 0.014488512543828842], [-0.4924127399803503, -0.11288588118041254, 0.5648135869663153, 0.14184921129151337, -0.1259490225078201, -0.614481519269327, 0.17370670447287553, -0.49954978424100005, 0.17370670447287553, 0.7014962769232999, 0.08145237723674953, 0.4767938953115094, 0.5451047341590084, 0.051620940584364464], [-0.27188321533924625, -0.17131607472229574, -0.5165281819712746, -0.6520726614668897, -0.1330928319027611, 0.09973978024246727, 0.3053888224803626, 0.28024987530171097, 0.3053888224803626, 0.18364887161823215, 0.6432652685903044, -0.218280104855746, 0.36019461895548377, 0.04328637008820079]], "inverted": true, "swapped": false, "error_lsq": 0.04502851473498325, "error_max": 0.3854592348317028, "target": "683.xyz", "model": "23.xyz", "model_rescale": 4.274766983524099, "target_rescale": 3.9931042194953723},
{"mapping": [9, 10, 12, 11, 1, 3, 2, 0, 4, 7, 13], "R": [[0.8188780302244744, 0.266101896104269, -0.5085553583489193], [-0.5701613432730581, 0.4789997539431926, -0.667439344329822], [0.06599101645486873, 0.8365100218240508, 0.5439633895173273]], "T": [0.10696586398813204, 0.09980185266890695, 0.12393804716244869], "aligned_model": [[0.22928443447053515, 0.24833915972238535, -0.39501499861760736, -0.45164657145759657, -0.5436233064960396, -0.4532060654418697, -0.041465819611494426, 0.0477654224235813, 0.5641897841834381, 0.10061074064731831, 0.07466192413542433], [-0.11055645753000984, 0.5868319734332483, 0.45022594822329143, -0.1283517913374542, 0.44592770405165605, -0.2765944903547112, -0.6731535308393872, 0.09521877612221202, -0.2809890024108619, 0.7304989248642028, 0.076528477021297], [-0.6665130793569322, -0.3657719893147068, -0.49833578862059036, -0.2185625441048548, 0.22969769813907706, 0.35785705828651404, 0.045963974924630474, 0.6849921825173488, 0.3773913099516092, 0.3694618774602525, 0.06338573413922965]], "inverted": true, "swapped": true, "error_lsq": 0.04574120512062308, "error_max": 0.23589558965705143, "target": "683.xyz", "model": "24.xyz", "model_rescale": 3.7841303162186577, "target_rescale": 3.9931042194953723},
{"mapping": [7, 11, 4, 6, 8, 0, 9, 10, 2, 12, 14, 3, 13, 15], "R": [[-0.6861379001499357, -0.5155936150413056, -0.5132036692254599], [0.2839073113784367, 0.45973490120234145, -0.8414514003567533], [0.6697846075595532, -0.7230539708383543, -0.16906074272634686]], "T": [-0.07625717903588558, 0.012046409166075425, -0.0015872123258952285], "aligned_model": [[0.21936637117394514, 0.6765686098389904, -0.3708451990324604, 0.20146954142421553, -0.6463570807489268, -0.3184056265105696, -0.28672764306857834, 0.1928516401323197, -0.6784976825326936, -0.03414708682445727, 0.1829407343939905, 0.27996842819916606, 0.5369864994324588, -0.04425084877643194], [-0.5230601009597077, -0.05757747138353607, 0.42358487434579306, 0.09651902131309938, -0.14402096203932635, -0.636379765833037, 0.10594054435091223, -0.5409859455115467, 0.4459940888658328, 0.6453194358863636, 0.1499279342355948, 0.6310996541502177, 0.43699485657776216, 0.03190932024117961], [-0.22311215332035783, -0.13512902609529245, -0.5498192188800322, -0.6632205690897183, -0.010907156031687164, -0.25106180885470797, 0.5360249003295753, 0.4748482643158195, 0.1317875047622017, 0.41358012765956903, 0.7353687490643792, -0.3742509806986386, 0.23368073094741076, -0.05980000460960952]], "inverted": true, "swapped": false, "error_lsq": 0.049023638334437195, "error_max": 0.43313322958884887, "target": "683.xyz", "model": "25.xyz", "model_rescale": 4.19342608120988, "target_rescale": 3.9931042194953723},
{"mapping": [3, 2, 11, 7, 1, 0, 10, 5, 9, 4, 6, 13], "R": [[0.7173562677137103, -0.6894127672334237, -0.10054860291127299], [0.2927081297762857, 0.42919357709605654, -0.8544675676363385], [0.6322356648708809, 0.5835262716922389, 0.509681424333113]], "T": [-0.042858824946948676, 0.019995839614174563, -0.04641592483055767], "aligned_model": [[-0.1814330703788257, 0.4546544044867208, 0.05630025303638281, -0.6130595486307723, -0.6333572346654731, -0.394408241867639, -0.01984669189418614, -0.23735735258599389, 0.6158648855257637, 0.27313625680230624, 0.28386685890909835, -0.006551964105600973], [-0.6711180778855806, -0.5610212647635135, -0.529772766459071, 0.3778508877885378, -0.2913121225502862, -0.07797932157885062, 0.4704008358989689, 0.5911233018843839, 0.05667058678168335, 0.12667799746944156, 0.5356686224834577, -0.014412251328190535], [0.06909871869688455, 0.15475976080533124, -0.4579138596445955, -0.1165018358189149, -0.3760421651912395, 0.3838413411427536, -0.5882705623109498, 0.5537604077602302, -0.5451778629850466, 0.5077139971509592, -0.037156235841765244, -0.09885324255422627]], "inverted": true, "swapped": true, "error_lsq": 0.04487710547497501, "error_max": 0.2725036084731512, "target": "683.xyz", "model": "26.xyz", "model_rescale": 3.795458400668931, "target_rescale": 3.9931042194953723},
{"mapping": [7, 0, 5, 6, 8, 11, 1, 10, 3, 4, 9, 2, 13], "R": [[-0.46109788384278694, -0.7795508180678534, -0.4238977041285368], [-0.7478727172509863, 0.5985150400384672, -0.287169193402389], [0.4775721309994234, 0.1846084204403818, -0.8589788069534529]], "T": [-0.0935147808612608, -0.13813920611135547, -0.03935698868367045], "aligned_model": [[0.019583118627110943, 0.39771106061198797, 0.5939223000323199, -0.110698350543393, -0.1318285060167, -0.5732966085373556, -0.296982083848024, -0.5724209544717203, -0.02197501135532265, 0.3724940004924064, -0.7338271504861387, -0.08627763593975155, -0.1567277957441635], [-0.7831777933820235, -0.31774146809297554, -0.316935976255166, 0.01891225887125872, 0.6103236434952493, -0.0021964071387628736, -0.6823133439924011, -0.3908557057528609, -0.038652826148498756, 0.2720101303110848, 0.32301396352452605, 0.53862906636745, -0.10913403854996526], [-0.2103400924561744, 0.17217939076650707, -0.5080678381567201, -0.6290970972088713, -0.41842643736624163, 0.4430718107942687, 0.4261857502760595, -0.49078130658389635, 0.6643257686076164, -0.2207606338044849, -0.2870730725589701, 0.36991587217013844, -0.01899545237980515]], "inverted": false, "swapped": true, "error_lsq": 0.0439456301788249, "error_max": 0.2669187066470124, "target": "683.xyz", "model": "27.xyz", "model_rescale": 3.6321398670334006, "target_rescale": 3.9931042194953723},
