[{"mapping": [9, 10, 0, 11, 7, 12, 1, 2, 4, 8, 6, 3, 5, 13], "R": [[-0.09466666924280556, 0.8695027060882173, 0.4847713541864253], [0.15523805204599045, 0.49389485485576023, -0.8555518801007769], [-0.9833307525606223, -0.005737286141963116, -0.181735287207206]], "T": [-0.17207760414338955, 0.06912838050155111, -0.07406061338275184], "aligned_model": [[0.07630246901773316, 0.4423765165093674, -0.6523346930728915, 0.33302621823002876, 0.5066692434176514, -0.27666705929008306, -0.6944414163875169, -0.336899228205378, 0.4130426946074035, 0.5357924536859155, 0.0052498447445451235, -0.4657066674316709, -0.22414036055824418, -0.017887872417706535], [-0.5111024828707452, 0.089950850869128, -0.5014312139262722, 0.49494544109077426, -0.2628853289476614, 0.011587392779220398, 0.20800405656427323, -0.5429667913983797, -0.3937755005243271, 0.23996628409535464, 0.15396293980531783, 0.04427584182377099, 0.7978591899667152, 0.028448393056150642], [-0.4460588072102779, -0.8724599388974118, -0.272119474128604, -0.2990312789776175, -0.09560350407067693, -0.6405143966498974, -0.27628254018317505, 0.3611767680403821, 0.5232319945842668, 0.2093357936994668, 0.6647927940035075, 0.35763908584281895, 0.12251542069142483, -0.10738519150766114]], "inverted": false, "swapped": false, "error_lsq": 0.05225305406968482, "error_max": 0.36430638108196345, "target": "684.xyz", "model": "0.xyz", "model_rescale": 3.8414455957264533, "target_rescale": 3.881071527335105},
{"mapping": [2, 3, 7, 1, 5, 4, 0, 9, 6, 10, 8, 13, 11, 14], "R": [[0.5604069738991446, -0.3526781569970238, -0.7493744999547196], [-0.388250942234226, 0.6873594645641696, -0.6138388814080563], [0.7315772204350264, 0.6349449456852466, 0.24827341075781786]], "T": [-0.043063282304584255, -0.02597818583256932, -0.01643073821370465], "aligned_model": [[0.12853921300809534, 0.3763198378163358, -0.5465325094466514, 0.07200887998557151, 0.5540565684255434, -0.10154100445838779, -0.6245921161553476, -0.40833838113686727, 0.4377143824560382, 0.5762261530851115, 0.025170302592958924, -0.6054652599120824, -0.23987899984822755, 0.0006950764370634022], [-0.6764235101946543, 0.1999141500985362, -0.3875479949557955, 0.6597259097195786, -0.2158638272015747, -0.14681694959683605, 0.19670367725586135, -0.4621385083232239, -0.5771669279759458, 0.16265019485053317, 0.03793849766415072, 0.22345284640000262, 0.7967864050316787, 0.04562510961100873], [-0.31987462303657327, -0.6380957067983004, -0.1859624832843108, -0.5312765228692855, -0.2206710673566169, -0.5434939071335383, -0.3875835002387278, 0.3601963389479824, 0.25756010357734405, 0.20556302211746397, 0.7681463663231157, 0.4266665156503862, 0.08646437089135033, -0.048402181553744934]], "inverted": false, "swapped": false, "error_lsq": 0.044568141326878426, "error_max": 0.2338047685475936, "target": "684.xyz", "model": "1.xyz", "model_rescale": 4.316132596720782, "target_rescale": 3.881071527335105},
{"mapping": [6, 12, 11, 4, 2, 5, 8, 1, 10, 3, 9, 13], "R": [[0.17587154364553365, 0.78491589274209, 0.5941180366363447], [0.9730806936354902, -0.22992819455192026, 0.015715884447508044], [0.14894013498587366, 0.5753608143339118, -0.8042243278584698]], "T": [-0.07015480924873069, 0.021322571868729667, -0.1547871127216395], "aligned_model": [[-0.22497540910139108, 0.5703666759411807, 0.07524889632345802, -0.31388127132544763, -0.6137686234013209, -0.5263648396633835, -0.1390645098755618, -0.16686300266238324, 0.5238951238924898, 0.07572436948358907, 0.4282717650081872, -0.09078061998763627], [-0.5957889328430366, -0.2607386339553033, -0.6205169153564325, 0.48656139910550633, -0.49097081650171903, -0.05941160406796306, 0.4433953375382758, 0.5261195587443741, 0.1304397619263149, -0.04505271747958263, 0.5781743750703912, -0.07943438443984481], [0.12068629418312679, 0.03570290171478194, -0.4769092863143668, -0.11357364869567715, -0.3330392873969683, 0.34651476687029237, -0.6077787245942796, 0.5778824726555465, -0.5537055730411075, 0.6286716576111462, -0.037657036404202066, -0.1375360753788712]], "inverted": false, "swapped": true, "error_lsq": 0.0448633597092877, "error_max": 0.2787244723728073, "target": "684.xyz", "model": "2.xyz", "model_rescale": 3.795458400668931, "target_rescale": 3.881071527335105},
{"mapping": [9, 4, 3, 2, 10, 11, 5, 8, 0, 7, 12, 13], "R": [[-0.04741693441706271, -0.8003550450533663, 0.5976482545679456], [-0.5965923349898477, 0.5025722586571775, 0.6256985781185576], [-0.8011424468606376, -0.3268836592518004, -0.5013161209778749]], "T": [0.001737162164290297, 0.0027668348140630393, 0.026843577076817726], "aligned_model": [[-0.16761000343614568, 0.09978066374920119, -0.791974402722545, 0.2483217773592825, 0.22884997317916606, 0.1717173899647451, -0.3570740802166181, 0.5128209190136408, 0.3200388702014817, 0.7528045926601041, -0.40071821418738723, -0.023653659821360258], [-0.0852481877190775, -0.4901633335026502, -0.09252229492713865, 0.04883524502629898, 0.4415568916566308, 0.6369566891255688, -0.3953605018785295, -0.19524165624536374, -0.5559426017682675, 0.1576466411110977, 0.5622053884511048, 0.05304676596003526], [-0.7051450353647605, -0.1311299183657102, 0.0477240021947144, 0.7526590230489609, -0.5021374049100816, 0.35207089837830785, 0.4495707818042295, -0.26926687147323713, 0.4602196778477324, 0.31896671968645923, -0.1993663191941229, 0.1146058769866083]], "inverted": false, "swapped": true, "error_lsq": 0.04342981591148134, "error_max": 0.2872576927093738, "target": "684.xyz", "model": "3.xyz", "model_rescale": 3.7530521520055578, "target_rescale": 3.881071527335105},
{"mapping": [10, 7, 11, 2, 12, 0, 9, 4, 1, 5, 13], "R": [[0.8424478586198286, -0.4163912241283866, 0.3419063526402067], [0.053319574391268484, 0.6959144055110617, 0.7161425578674402], [-0.5361330324589221, -0.5850824631375048, 0.6084734035562697]], "T": [-0.06244709556807366, -0.09552308450208545, 0.030316433574640596], "aligned_model": [[-0.33267099785947774, -0.15162954902794634, 0.3997268804113732, 0.3532612053804047, 0.25574309970890324, -0.19126279611001687, -0.5418638583985046, -0.46888043525297357, -0.23988038127287964, 0.218101702500633, 0.037554732365689715], [-0.7346232955502843, 0.06841217082453634, -0.35433865120145763, 0.35830734923840674, -0.7193273036833352, 0.6470076991428848, -0.5109483865289703, 0.19556875431004622, 0.17104865789593648, 0.4282530284207221, -0.0821566645541395], [-0.17576070024510285, -0.7688066433379193, -0.4759172852125603, -0.42898616647845367, 0.21935621293881594, -0.15228040982199492, 0.44240115955416504, 0.196526499670695, 0.8660401494327699, 0.366322577761317, 0.003935382983584316]], "inverted": true, "swapped": true, "error_lsq": 0.05730142412368082, "error_max": 0.3779479685665102, "target": "684.xyz", "model": "4.xyz", "model_rescale": 3.7855080009869324, "target_rescale": 3.881071527335105},
{"mapping": [13, 1, 8, 4, 12, 6, 7, 15, 14, 2, 9, 10, 5, 16], "R": [[0.017740980038465137, -0.9992527470600352, 0.034339556203426824], [-0.5693789683357093, -0.0383289785799894, -0.8211811492100742], [0.8218837192962507, -0.004983662708113401, -0.5696334918715487]], "T": [0.01245686942689746, 0.008874610655186225, -0.0822550820397234], "aligned_model": [[-0.030050820527507332, 0.5970589883126985, -0.5657003061116058, -0.03174342380846937, 0.5554103463332329, -0.24467967850021824, -0.5936906057924721, -0.30187262887231275, 0.3926953162660879, 0.5922307273908031, 0.05273900658754284, -0.5662188618864067, -0.25266942484446797, 0.040873508302248965], [-0.6623104601870771, 0.29973911625674354, -0.3923429020833278, 0.5101547484521927, -0.35909890459735366, -0.07104872976549641, 0.3634739251091909, -0.5687585531164425, -0.3788524001803858, 0.20662379218505394, 0.014429994198379906, 0.1425432884040379, 0.7619988308480571, -0.009712673140252715], [-0.35164575717270685, -0.4653244503854099, -0.09054132418443195, -0.6242563194861612, -0.26353463686641404, -0.6768727099680318, -0.3434332517818407, 0.4145899655314498, 0.32120977039069776, 0.3307137090384983, 0.6285617061613582, 0.3399194750479474, 0.050467190635653164, -0.04061664172406278]], "inverted": false, "swapped": false, "error_lsq": 0.04198564803749981, "error_max": 0.22614519058496918, "target": "684.xyz", "model": "5.xyz", "model_rescale": 4.2253639853439635, "target_rescale": 3.881071527335105},
{"mapping": [11, 7, 5, 3, 12, 6, 2, 8, 9, 0, 1, 10, 4, 13], "R": [[0.9744867358499226, 0.09674323782945828, -0.2025249307785003], [-0.026050248509805893, -0.8474863106386762, -0.5301776474283151], [-0.22292820863484464, 0.521926909839221, -0.8233439831446764]], "T": [-0.04078223318185986, -0.025262697909357625, -0.0006787119600666774], "aligned_model": [[-0.06538495724049811, 0.5230264551871131, -0.5821448156418119, 0.07443929465884525, 0.6192388545928038, -0.09706066901577422, -0.5754508380746912, -0.2505672083665275, 0.35198787621087363, 0.6598420570510393, -0.05634855976705433, -0.7358613372940417, -0.18484759245247884, -0.03648641699864335], [-0.6755454565433318, 0.15391308510591353, -0.29418685057391336, 0.5107945780699311, -0.5046926266424939, -0.020163382228208883, 0.2912304851754631, -0.5709518110661529, -0.28254618850056945, 0.32389449034726975, 0.24132918542488022, 0.015210526134048497, 0.6471473567751086, 0.021405680905375354], [-0.42738801418521344, -0.529268361619833, -0.1886883417044694, -0.45054098987416374, -0.4543998505427, -0.6414007287214553, -0.2539239686580436, 0.45107180720688445, 0.3893639448381419, 0.17332563037360055, 0.6829821975376271, 0.35108744836704353, 0.16671663691195726, -0.03970068469283058]], "inverted": false, "swapped": false, "error_lsq": 0.04256929237473535, "error_max": 0.41808150806095545, "target": "684.xyz", "model": "6.xyz", "model_rescale": 3.89814844738969, "target_rescale": 3.881071527335105},
{"mapping": [2, 0, 5, 7, 6, 4, 8, 11, 10, 9, 3, 12, 13], "R": [[0.7401346138672645, -0.31201884859907103, 0.5956886699228594], [-0.6723121592722774, -0.36184006886815656, 0.6458081178307808], [0.014039724007374577, -0.8784736778528983, -0.47758442548872876]], "T": [-0.11604982749295054, 0.12651237100005122, -0.0015710266534805853], "aligned_model": [[0.32672859175746216, -0.08157037749241136, 0.3326465186214549, -0.27903604182035363, 0.5665360871961163, -0.4079608712583419, -0.6861819316376765, 0.18685197638748083, -0.5643145262569317, -0.6172427469972318, 0.33186133165154486, 0.06123286127012151, -0.020919070517011168], [-0.3184491220730763, 0.10521336435677661, 0.4876864377726975, -0.5986865953835893, 0.00552858239992049, 0.41703629916279505, -0.012980361086065262, -0.49739420943321944, -0.13144063599176578, 0.5450355641118869, 0.7404602108546724, 0.13787498952029872, 0.08389674125915354], [-0.4439406386413806, -0.7759382369798288, -0.36786879619625157, -0.3493467059262632, 0.009429757960620865, -0.3301012292145124, -0.21034489548301152, 0.23476334616124492, 0.5048446407983903, 0.38036670347907114, 0.24730183664569055, 0.7016746498963894, 0.0014345983361362686]], "inverted": true, "swapped": true, "error_lsq": 0.04495147591582126, "error_max": 0.26275626512906997, "target": "684.xyz", "model": "7.xyz", "model_rescale": 3.7474275329858107, "target_rescale": 3.881071527335105},
{"mapping": [2, 5, 1, 6, 8, 3, 0, 13, 4, 9, 11, 12, 10, 14], "R": [[-0.1352936744770193, 0.7267186247036961, -0.6734802611474779], [0.9156578109061648, -0.16796254393845605, -0.3651840045240926], [-0.37850547548620295, -0.6660845474431087, -0.6427013152969835]], "T": [-0.06239418834634444, 0.026605550912145344, -0.008145828553691593], "aligned_model": [[-0.1283094631526386, 0.49311242610683703, -0.6745353269167399, -0.025230924079039832, 0.481020413591159, 0.08358164521768591, -0.4903044319739508, -0.16114768310401534, 0.2288062240661429, 0.6260190554421131, 0.10000422157557068, -0.45374906925047387, -0.35955588797566407, -0.07532905669783241], [-0.7139118402675809, 0.28876721845424674, -0.3308503656822148, 0.6278272321323047, -0.3360783816764165, 0.006639018021971012, 0.24099500728494136, -0.5192536181303726, -0.6823357158310073, 0.21886288512861782, 0.3280561389559177, 0.045620961799177843, 0.7133440718668149, -0.0308435396730804], [-0.4029605518827858, -0.3765275943784901, -0.2577661686930287, -0.5595889173829451, -0.20403164044348793, -0.7098772091860845, -0.46107322010966834, 0.6992418611454768, 0.14943096531183067, 0.255415859301406, 0.5107320520817855, 0.4684277650713304, 0.11574318548173107, 0.0020703389194754868]], "inverted": true, "swapped": false, "error_lsq": 0.05678378760892771, "error_max": 0.3744428523093888, "target": "684.xyz", "model": "8.xyz", "model_rescale": 4.019505241142653, "target_rescale": 3.881071527335105},
{"mapping": [11, 12, 6, 2, 7, 0, 5, 10, 8, 9, 3, 4, 13], "R": [[0.07675052062346008, -0.9285941357994746, -0.36307339277734874], [0.3169250815509347, 0.36798275882065534, -0.8741551246172918], [0.9453400712272603, -0.04797520369489294, 0.3225376405359105]], "T": [-0.00017570432261769867, -0.047483417443837383, 0.08377067914992607], "aligned_model": [[-0.2425073155298776, -0.7202057059402674, -0.09394627367914454, 0.4024045439606332, 0.4016373659615834, 0.7631910591497414, 0.28605814653388095, -0.4303669730756939, 0.2877897670895816, -0.3339856298124626, -0.33561472243705714, 0.34866308991104755, -0.013416580390788762], [-0.517575548374537, -0.03543765827234657, 0.11494359154422107, -0.23154534061709867, -0.7390041792524913, 0.023349913766246344, 0.4975176436430447, -0.5121271171001848, -0.382536767161821, 0.0950395956614413, 0.6667206145903246, 0.1324810487014455, -0.04844756901418582], [-0.42333053197307424, -0.002972844396533725, -0.5836918084640393, -0.5437519775024396, -0.09999891173683344, -0.032594608631089775, -0.2111754168329697, 0.43445504845241956, 0.5229864654150604, 0.747465307584129, -0.046180559349811065, 0.4351573477427313, -0.019664016263670328]], "inverted": false, "swapped": true, "error_lsq": 0.048023106406050856, "error_max": 0.3487537969554445, "target": "684.xyz", "model": "9.xyz", "model_rescale": 3.877068213659057, "target_rescale": 3.881071527335105},
{"mapping": [8, 10, 7, 14, 11, 9, 2, 1, 0, 12, 5, 4, 3, 15], "R": [[0.7149545921930316, 0.6636596808200161, -0.21999036150697682], [0.4936237802004051, -0.2562989727085156, 0.8310513824121959], [0.49515199153669787, -0.7027564760586942, -0.5108403279252802]], "T": [-0.035247406188853234, 0.14734346158593997, -0.08562637939846816], "aligned_model": [[-0.07541564971811912, 0.4807750705838394, -0.6667672231690589, -0.030031948765724056, 0.5778971414722532, -0.05962988416267054, -0.5672663109847098, -0.2778479294513244, 0.3986290152917423, 0.5917267411997418, 0.02519033339896784, -0.6346526989983802, -0.135531890887935, 0.01730737704053152], [-0.5793128847731082, 0.29763514087869275, -0.36567157007726364, 0.4910475905045577, -0.23010852658860487, -0.0687948534830887, 0.13526174569508032, -0.4460727262027478, -0.4111917591603829, 0.19672017340133024, 0.01222167535583818, 0.20168588254071473, 0.5358577201339946, 0.08756146415830782], [-0.34190747959118717, -0.5485993743567252, -0.02016748034189901, -0.786598431199927, -0.24761105941557515, -0.7087917085260045, -0.48206713793680867, 0.49910332258916856, 0.27982634490775327, 0.3176856270558081, 0.6818922358559314, 0.22397154692157395, 0.40606563371718135, -0.043565314442744724]], "inverted": false, "swapped": false, "error_lsq": 0.04807900723464926, "error_max": 0.279753653787474, "target": "684.xyz", "model": "10.xyz", "model_rescale": 4.260839863003843, "target_rescale": 3.881071527335105},
{"mapping": [2, 11, 12, 6, 3, 5, 0, 7, 10, 9, 4, 13], "R": [[-0.08813197705822381, -0.7930797193370901, 0.6027083153532988], [0.5621372899005103, -0.5391063261093292, -0.6271889957996803], [0.8223347383657815, 0.2835294128042177, 0.49333219046781984]], "T": [0.013031541237158316, 0.05152540881609737, 0.06478779692198264], "aligned_model": [[0.2809431586730421, 0.21160557563895963, -0.37793563701979815, -0.2719260938659974, -0.7823772237625395, -0.34614394085756073, 0.32568005681722867, 0.7763585697458152, 0.23894443095667567, -0.17918577143761447, 0.09127707840566758, -0.008341554199748259], [0.04215379540610647, -0.563663135316427, -0.5283886818752209, -0.1719864269802923, 0.12373757435213154, 0.4554248961829523, 0.636535443078052, -0.06886899558203866, -0.40121550389171057, 0.10485778887233682, 0.5404079137338195, 0.004083837553224869], [-0.6548439634854278, -0.280138670176707, 0.2570299758636505, -0.5264171005149563, 0.024733354655225054, -0.35211429070092326, -0.3368354370963519, -0.21136977573552504, 0.5824043098288695, 0.7944730697473174, 0.24484289015927144, -0.02558628514893746]], "inverted": false, "swapped": true, "error_lsq": 0.042636406626554026, "error_max": 0.2771297254805184, "target": "684.xyz", "model": "11.xyz", "model_rescale": 3.890672605050136, "target_rescale": 3.881071527335105},
{"mapping": [12, 3, 10, 0, 7, 4, 2, 9, 5, 8, 6, 11, 1, 13], "R": [[-0.037028584076469, 0.990534290501083, -0.13217678806359454], [-0.3518924407906943, 0.11087125219448044, 0.9294510614073213], [0.9353077536702344, 0.08092826933985692, 0.34445612368775785]], "T": [-0.046192496435788016, 0.048770141776148156, 0.058715575508585735], "aligned_model": [[-0.07350977098670261, 0.5663614175985089, -0.6784020319417645, 0.1452275600471563, 0.5060213400352582, -0.1777344259084451, -0.639868466531694, -0.19270816198517973, 0.3749804334688601, 0.6456988813349201, -0.010071308782187767, -0.5780013133169161, -0.2456725818231155, 0.002060571640455283], [-0.6431567306570347, 0.29918260886383335, -0.44713130545620994, 0.5486470918539855, -0.4518689139970129, 0.10830556696001495, 0.15893875142271566, -0.46937722436477314, -0.5672330766122717, 0.2119508758443371, 0.31581875497261686, 0.03526569866031807, 0.800279526736812, -0.04278255184401095], [-0.21628099985375704, -0.5855937094860956, -0.33362784840818166, -0.19063545517739605, -0.3552706379344317, -0.6270025136242068, -0.31675193792755063, 0.620744829846157, 0.2780910068715873, 0.1763991140076095, 0.568066772556255, 0.19928291239336277, 0.0859117193556053, -0.07409652738241122]], "inverted": true, "swapped": false, "error_lsq": 0.054714928957716256, "error_max": 0.36159958465544234, "target": "684.xyz", "model": "12.xyz", "model_rescale": 4.124412569039231, "target_rescale": 3.881071527335105},
{"mapping": [11, 6, 3, 7, 12, 10, 2, 8, 5, 0, 9, 1, 13], "R": [[0.6767299855798949, 0.7347501143399765, -0.04667757592706362], [-0.17736558460787846, 0.10116973987643033, -0.9789311176635672], [-0.7145473924196636, 0.6707510366825585, 0.1987839801783139]], "T": [0.13576206992405832, 0.046911631383748216, -0.04373031780590598], "aligned_model": [[-0.261600034327971, -0.11476494892913863, 0.640344293341806, -0.5825283702503237, 0.5326291590757801, 0.3621054254780869, -0.5778159935326512, 0.041892474082629444, 0.07281594327031618, -0.36384160134506505, 0.806642594640852, 0.7290101989766324, 0.08240916702880419], [-0.15890523572180043, 0.4854803513312301, 0.6248324099199282, -0.3423975951772216, -0.0791255222605447, -0.6197381477688515, 0.2990809515024023, -0.37652358923004514, 0.7179036301627408, 0.35221118126215833, -0.2406313567048745, 0.591971676584997, 0.09332662260835835], [0.536446926659044, 0.4312173803738346, 0.18187644668041583, -0.12069225428697575, 0.550175307584416, 0.12444988188222444, 0.08646689347895384, -0.49092879690406527, -0.15215861766983674, -0.5521350906821983, -0.24240288005178712, -0.4335294949082603, 0.03291237881207371]], "inverted": false, "swapped": true, "error_lsq": 0.04490035401556926, "error_max": 0.270726272710101, "target": "684.xyz", "model": "13.xyz", "model_rescale": 3.9028299243045295, "target_rescale": 3.881071527335105},
{"mapping": [13, 0, 10, 3, 5, 4, 7, 14, 12, 2, 1, 9, 6, 15], "R": [[0.5540884083851554, -0.18434352326421277, -0.8117903061282157], [-0.8274266600179601, -0.22900996489211714, -0.5127568217699642], [-0.09138467040334847, 0.9558095528977769, -0.27942251270186413]], "T": [0.08723019607717877, -0.0012676356605531534, -0.028588500234239575], "aligned_model": [[0.04153231159120266, 0.5596780419777992, -0.46996145492305386, 0.032348300147878636, 0.262280626817593, -0.03382062223867632, -0.741217909685603, -0.49237269133201733, 0.407289189149729, 0.6853775960393008, 0.1789596401392792, -0.603414873585223, -0.16088255115185934, -0.021413460097195608], [-0.7953421563063144, 0.319475674445595, -0.3693280028903843, 0.5396636849452754, -0.39331174358378107, 0.002403606418226876, 0.23838006185482963, -0.5690715419672154, -0.484471267748481, 0.4022919856673039, 0.24838369694600326, 0.1359797651815653, 0.5551468524593208, 0.026638456961376396], [-0.0315399083633868, -0.6295320676103648, -0.35937790783256535, -0.3336634568022788, -0.3074443730349187, -0.6954441782106435, -0.305844109683002, 0.3245543457541376, 0.3565306759324451, 0.11807127444189434, 0.5642510033100457, 0.29547630065712727, 0.24206117059873078, -0.008862043920674672]], "inverted": false, "swapped": false, "error_lsq": 0.04710372267624275, "error_max": 0.3714815718920375, "target": "684.xyz", "model": "14.xyz", "model_rescale": 3.942246331269136, "target_rescale": 3.881071527335105},
{"mapping": [4, 9, 3, 2, 6, 5, 1, 13, 11, 7, 8, 12, 0, 14], "R": [[0.19276107595077946, 0.9706037839351668, 0.14412308007059055], [-0.6959473495573741, 0.23877545764709268, -0.6772322847217841], [-0.6917372725553859, 0.03024194828640303, 0.7215157450267309]], "T": [0.01507902680737928, -0.12729381150624383, -0.09957802083100187], "aligned_model": [[-0.12380101088123326, 0.629846190058574, -0.5904858347202526, 0.061881592976898575, 0.5461540213252348, -0.1939306119315677, -0.6891558648290352, -0.3598379186076309, 0.3449046000438965, 0.5785148789681581, 0.269293977842247, -0.7241041478670016, -0.0749152392069999, -0.029982490322133872], [-0.6904404703062844, 0.039974611602403565, -0.3119281926858888, 0.5791566725396863, -0.09762606288636663, 0.16350398685031478, 0.2369783765225281, -0.5896968656977213, -0.566743592770167, 0.5117743518531954, 0.1615308093072144, -0.10510953524044375, 0.5675260396842104, -0.042061056389361556], [-0.18467885946708676, -0.5917618439613309, -0.4397974709952689, -0.3848588509453035, 0.07324722104097753, -0.6235352419610358, -0.26691129968251115, 0.4540920488137171, 0.3610845516044445, -0.028083746869453502, 0.5718354310524805, 0.24854889615131742, 0.12367942998411793, -0.08362353952851868]], "inverted": false, "swapped": false, "error_lsq": 0.055597787692670056, "error_max": 0.3282205364990506, "target": "684.xyz", "model": "15.xyz", "model_rescale": 4.355366556412066, "target_rescale": 3.881071527335105},
{"mapping": [6, 12, 11, 4, 2, 5, 8, 1, 10, 3, 9, 13], "R": [[0.17587154364553365, 0.78491589274209, 0.5941180366363447], [0.9730806936354902, -0.22992819455192026, 0.015715884447508044], [0.14894013498587366, 0.5753608143339118, -0.8042243278584698]], "T": [-0.07015480924873069, 0.021322571868729667, -0.1547871127216395], "aligned_model": [[-0.22497540910139108, 0.5703666759411807, 0.07524889632345802, -0.31388127132544763, -0.6137686234013209, -0.5263648396633835, -0.1390645098755618, -0.16686300266238324, 0.5238951238924898, 0.07572436948358907, 0.4282717650081872, -0.09078061998763627], [-0.5957889328430366, -0.2607386339553033, -0.6205169153564325, 0.48656139910550633, -0.49097081650171903, -0.05941160406796306, 0.4433953375382758, 0.5261195587443741, 0.1304397619263149, -0.04505271747958263, 0.5781743750703912, -0.07943438443984481], [0.12068629418312679, 0.03570290171478194, -0.4769092863143668, -0.11357364869567715, -0.3330392873969683, 0.34651476687029237, -0.6077787245942796, 0.5778824726555465, -0.5537055730411075, 0.6286716576111462, -0.037657036404202066, -0.1375360753788712]], "inverted": false, "swapped": true, "error_lsq": 0.0448633597092877, "error_max": 0.2787244723728073, "target": "684.xyz", "model": "16.xyz", "model_rescale": 3.795458400668931, "target_rescale": 3.881071527335105},
{"mapping": [2, 0, 5, 7, 6, 4, 8, 11, 10, 9, 3, 12, 13], "R": [[0.7401346138672645, -0.31201884859907103, 0.5956886699228594], [-0.6723121592722774, -0.36184006886815656, 0.6458081178307808], [0.014039724007374577, -0.8784736778528983, -0.47758442548872876]], "T": [-0.11604982749295054, 0.12651237100005122, -0.0015710266534805853], "aligned_model": [[0.32672859175746216, -0.08157037749241136, 0.3326465186214549, -0.27903604182035363, 0.5665360871961163, -0.4079608712583419, -0.6861819316376765, 0.18685197638748083, -0.5643145262569317, -0.6172427469972318, 0.33186133165154486, 0.06123286127012151, -0.020919070517011168], [-0.3184491220730763, 0.10521336435677661, 0.4876864377726975, -0.5986865953835893, 0.00552858239992049, 0.41703629916279505, -0.012980361086065262, -0.49739420943321944, -0.13144063599176578, 0.5450355641118869, 0.7404602108546724, 0.13787498952029872, 0.08389674125915354], [-0.4439406386413806, -0.7759382369798288, -0.36786879619625157, -0.3493467059262632, 0.009429757960620865, -0.3301012292145124, -0.21034489548301152, 0.23476334616124492, 0.5048446407983903, 0.38036670347907114, 0.24730183664569055, 0.7016746498963894, 0.0014345983361362686]], "inverted": true, "swapped": true, "error_lsq": 0.04495147591582126, "error_max": 0.26275626512906997, "target": "684.xyz", "model": "17.xyz", "model_rescale": 3.7474275329858107, "target_rescale": 3.881071527335105},
{"mapping": [7, 1, 12, 3, 2, 11, 10, 9, 6, 0, 4, 5, 8, 13], "R": [[-0.7701848777284366, 0.017629815393478826, 0.637577010036925], [0.48550579459581444, 0.6644801989489386, 0.56811107067075], [-0.4136416051756885, 0.7470978883747235, -0.520331978311644]], "T": [-0.03423724865290814, -0.013016183875338502, -0.1135143037451652], "aligned_model": [[-0.039416265180714755, 0.464372725327847, -0.6376428765840396, 0.011975131656988519, 0.5817645929079001, -0.25352245592060496, -0.6066851464155483, -0.15568048549460242, 0.2985498513651087, 0.6606425330983949, -0.022571313491109357, -0.6305617219194142, -0.08868090469422327, 0.061838478193171634], [-0.6356251073674865, 0.08144104615053542, -0.4532998358188309, 0.5484418803250991, -0.35653301467023807, 0.0009236144068603489, 0.34463377665371936, -0.5194613960758461, -0.3399895970768662, 0.3243240390708035, 0.177760984856553, 0.06246049033976029, 0.649938787853437, -0.028176596264180426], [-0.5374843359550495, -0.5836040210890213, -0.14941524141868928, -0.49195642529035605, -0.03369800237756326, -0.8015959425813349, -0.2578378310861839, 0.3065915794803262, 0.5007657175653714, 0.2066201268879327, 0.6943803675258178, 0.2888789503025955, 0.15921458177240028, -0.07162279849969991]], "inverted": true, "swapped": false, "error_lsq": 0.04394790397991375, "error_max": 0.24708472842993692, "target": "684.xyz", "model": "18.xyz", "model_rescale": 3.922800546911778, "target_rescale": 3.881071527335105},
{"mapping": [9, 0, 7, 5, 2, 3, 12, 11, 10, 1, 6, 13, 8, 14], "R": [[-0.0325414020201604, 0.1382364117326657, 0.9898645117519063], [0.9769763636234767, 0.2133348983425009, 0.002325095749288242], [-0.21085123209412568, 0.9671498930468184, -0.14199592354683085]], "T": [-0.03525196489115803, 0.06583152504659778, 0.02796028819191941], "aligned_model": [[0.109352733934201, 0.38684587902108936, -0.56997204690245, 0.005814497852674544, 0.5015213169152263, -0.09038552214703, -0.6056349916711612, -0.3909015001444536, 0.2695057182679821, 0.6444605276906266, 0.3107998047159566, -0.6744494920814137, -0.16553443898706885, -0.08704034361502533], [-0.6994787309433255, 0.19983410139013372, -0.4070477623013357, 0.6926199062608218, -0.3778408220221268, -0.09144638308860667, 0.3217997521850348, -0.4869195653543556, -0.5178762000469388, 0.3568624429864263, 0.21396875686076688, 0.05870449537388885, 0.5932022401425014, 0.0004568409404355489], [-0.20896349505756617, -0.6807846273981715, -0.3307466012732863, -0.4056104568985182, -0.13984392859991052, -0.589593915147377, -0.4492791842151742, 0.3022288662381055, 0.49380220717829376, 0.06366681654744714, 0.6059493064399579, 0.27933545303938834, 0.30955797963185744, -0.020481695248500527]], "inverted": true, "swapped": false, "error_lsq": 0.0426257646179717, "error_max": 0.21848003043440672, "target": "684.xyz", "model": "19.xyz", "model_rescale": 3.9282355846067225, "target_rescale": 3.881071527335105},
{"mapping": [6, 9, 5, 12, 8, 7, 2, 3, 4, 11, 0, 1, 10, 13], "R": [[0.4627194881071046, -0.6467537230855539, -0.6063005005777858], [-0.2938259962358236, 0.533375510278123, -0.7932066874223752], [0.8363952171443384, 0.54517904096776, 0.05677018607991792]], "T": [0.009535428273002525, -0.08004349545328661, -0.1388323546745318], "aligned_model": [[-0.11083993910230736, 0.569145023847153, -0.6020690421253193, 0.19360847885770946, 0.6860652612747838, -0.23248470522566758, -0.7198215262104247, -0.24306415898990852, 0.3828629690369502, 0.459512522617121, 0.014830525559745709, -0.5379925866802459, -0.14160434601957395, -0.07376633399086208], [-0.6817623898063754, 0.2500341694492341, -0.41700614701156963, 0.5438672419559407, -0.3947942035138317, 0.00835078490364112, 0.2989252312749526, -0.5314757970573701, -0.3563658717716725, 0.2754134588641013, 0.07984016874466578, 0.03206666301422316, 0.7527483817870336, -0.0030026184496527303], [-0.36308265493033887, -0.376131029158018, -0.14812189137940734, -0.6862324360240686, -0.2866868641159186, -0.7060276319477911, -0.19484438435133267, 0.40775468754711064, 0.2897004172259559, 0.2907420155094739, 0.6451358615588808, 0.36031209487525295, 0.021943286579974325, -0.02522474615322763]], "inverted": true, "swapped": false, "error_lsq": 0.048531959081028274, "error_max": 0.3175919329007729, "target": "684.xyz", "model": "20.xyz", "model_rescale": 4.067790424073018, "target_rescale": 3.881071527335105},
{"mapping": [7, 2, 9, 3, 8, 0, 12, 1, 5, 6, 13, 10, 11, 14], "R": [[-0.9161230665297951, -0.23604877149712836, -0.3240362702642118], [0.07252910108942137, -0.8925291396262988, 0.44511938220335867], [-0.39428169684529524, 0.3842820739933568, 0.8347869375715933]], "T": [0.09136833484247542, -0.0025698700949912927, -0.05521960241514566], "aligned_model": [[-0.1882187080756158, 0.5875691299860287, -0.6358080123115046, 0.050890287645459706, 0.30912074177776017, 0.0988324129472535, -0.5557885895003754, -0.2493029044806781, 0.40296581430596434, 0.6010851415352892, -0.054444512823740604, -0.5695243622951871, -0.17360585996635286, 0.020611564104852043], [-0.6273718361396748, 0.21655170436151758, -0.27690550876147707, 0.7015771617148504, -0.5243025393160641, -0.15966491301014213, 0.30925855256184687, -0.6530228915707472, -0.2956268191397897, 0.5115755613744104, 0.07738391076044554, 0.019750090211719057, 0.5529850983208824, 0.00465150101554253], [-0.35206559930208675, -0.5646236051924484, -0.0573212603644966, -0.5309122573293518, -0.12969649726447663, -0.7478403244199754, -0.3216118263935069, 0.3110577171528362, 0.35158594851360075, 0.09775148952511307, 0.6248315070314807, 0.42852566505078155, 0.1427187898512327, -0.02316302162215715]], "inverted": false, "swapped": false, "error_lsq": 0.04717059195128747, "error_max": 0.27471123300652167, "target": "684.xyz", "model": "21.xyz", "model_rescale": 4.186013935880536, "target_rescale": 3.881071527335105},
{"mapping": [5, 0, 1, 12, 11, 3, 6, 2, 9, 8, 7, 10, 13], "R": [[-0.46188969169841315, -0.8863468874128398, 0.03235904628253386], [-0.8247970776735086, 0.41582722967965186, -0.3831416131382574], [0.32614060367268716, -0.20365880837939815, -0.9231226334596605]], "T": [0.02146793602067268, 0.03384232792766404, 0.029112116610741038], "aligned_model": [[-0.040820834305252594, -0.5799677501361793, 0.5150513339883829, 0.5528595097261942, -0.22052045403115, 0.5895566939355422, -0.0805249881139116, -0.6238308874400051, 0.6064853622819744, -0.20123786336687868, -0.7071265279178771, 0.2570784987362334, -0.008428057933847356], [-0.2731035098903463, 0.14725778040918117, 0.17476980504169964, -0.2724184854374334, -0.4030405276742588, -0.3520290066592552, -0.6482828150016988, -0.3788814422988554, 0.5107133894381038, 0.6046126775833406, 0.14553291699695609, 0.32936928754131417, -0.0655434105026543], [-0.5773971868916891, -0.4470171800518249, -0.7040263896851441, 0.41633305097832324, 0.565244422331001, -0.38061039303438365, -0.041487869990886994, -0.02550336116212287, 0.07991602489609173, 0.14188933798314513, 0.389807679973774, 0.6464364244856018, 0.03929500150346032]], "inverted": true, "swapped": true, "error_lsq": 0.05575581838482228, "error_max": 0.4038324641580486, "target": "684.xyz", "model": "22.xyz", "model_rescale": 4.166573947596378, "target_rescale": 3.881071527335105},
{"mapping": [8, 14, 4, 12, 10, 9, 3, 0, 7, 13, 5, 1, 6, 15], "R": [[-0.12817712955017904, 0.48095811124628257, 0.8673234221942155], [0.7165757272216113, 0.6495102005465837, -0.25427490348588416], [-0.6856309872060157, 0.5889106847496872, -0.4278952614490597]], "T": [-0.11063326436209696, 0.05527057426864986, -0.1937238624129706], "aligned_model": [[-0.21759358577191157, 0.5811355584386202, -0.6933992612125072, 0.02695552242051956, 0.5862163595755575, 0.027745909122228532, -0.5861424411887453, -0.3155163020713602, 0.2508290424256386, 0.6390165938226157, 0.2025322306767579, -0.4521314178871409, -0.27941041077371537, -0.12585565472740345], [-0.728283350917739, 0.331870606022382, -0.37108399773409595, 0.6628080647779667, -0.21314225093791575, -0.11914129478871646, -0.049578600461040435, -0.44470417893668024, -0.3764338668277785, 0.17727361132456312, 0.1198787585449527, 0.13229923233214544, 0.6702832119275728, 0.06479312805770336], [-0.36308110669291926, -0.4600433725037456, -0.057859646329790376, -0.3970680991312666, -0.1363096656785567, -0.7512907826654235, -0.546320409940326, 0.41848847808198253, 0.2471456465797984, 0.18037971678471373, 0.5736190442740816, 0.4271985625670459, 0.22146448320360554, -0.12708612331265381]], "inverted": false, "swapped": false, "error_lsq": 0.049045649630114194, "error_max": 0.31931214701256583, "target": "684.xyz", "model": "23.xyz", "model_rescale": 4.274766983524099, "target_rescale": 3.881071527335105},
{"mapping": [9, 5, 0, 8, 2, 7, 10, 11, 12, 6, 13], "R": [[0.1310256970590779, 0.9732126796511071, -0.18891624301921256], [-0.39426226140192205, -0.12368877987560739, -0.9106362363573755], [-0.9096095513704905, 0.19379929282429018, 0.3674946233026815]], "T": [0.030753897389334497, 0.07252308736225141, -0.09148754764983547], "aligned_model": [[0.3974465622408937, 0.09761259382463526, -0.560963026723436, -0.3889409733671205, -0.41555269993369764, -0.6943218134909206, 0.12896107915054666, -0.04304549453904784, 0.630225635942442, 0.18901870233698975, 0.039454138516790326], [-0.41529008444101523, 0.7271206108679793, 0.5106613902819965, -0.307604693965569, 0.5390145667741437, -0.07185073033243009, -0.6283946203337557, 0.01276180116869638, -0.16162219657768004, 0.5760506545293078, 0.13473983327180983], [-0.5384855726922916, -0.2730947348111901, -0.33478359327751894, -0.35120749703937126, 0.32436152750138686, 0.26466885655213807, 0.06019481356432016, 0.6350419411523597, 0.24306045055907455, 0.358060965767552, -0.008250723254882145]], "inverted": false, "swapped": true, "error_lsq": 0.05185319597007117, "error_max": 0.2637426927386068, "target": "684.xyz", "model": "24.xyz", "model_rescale": 3.7841303162186577, "target_rescale": 3.881071527335105},
{"mapping": [2, 14, 4, 13, 9, 12, 3, 1, 8, 10, 7, 6, 11, 15], "R": [[-0.5081210421049319, 0.7969584221994086, -0.326604163867559], [0.6590884077407, 0.6039050407359636, 0.4482200046355844], [0.5544506085775605, 0.012488997522758422, -0.8321229161541278]], "T": [0.023227280540799453, -0.051103600253879534, 0.03077973421660629], "aligned_model": [[-0.014094855763602043, 0.5621847274222244, -0.6224779386497626, -0.04990586048358886, 0.4618166326350052, 0.061693224403902125, -0.6429378855742385, -0.21741409982121987, 0.15281681605532024, 0.6800897210821738, 0.06719319258133506, -0.6179140258774656, -0.136509892893767, -0.04015761226716247], [-0.6780503682034354, 0.24667580711247059, -0.4187805380640155, 0.5377042385298818, -0.23029472531040796, -0.03526663002563716, 0.22216727120113142, -0.5939525284855893, -0.6045580649784847, 0.29855511957086306, 0.273785681425418, 0.17048616297975097, 0.6935412604357942, -0.025173613804419896], [-0.3867580918860156, -0.46937150022170115, -0.03691651509592846, -0.479079922886938, -0.3122517941545977, -0.7264794472825988, -0.33053576490056974, 0.47848852459082897, 0.19311423886794218, 0.25777228725249424, 0.5923129151851161, 0.27950097230731075, 0.1278139345496732, 0.04162688891152951]], "inverted": false, "swapped": false, "error_lsq": 0.0390014202226216, "error_max": 0.2961394275706772, "target": "684.xyz", "model": "25.xyz", "model_rescale": 4.19342608120988, "target_rescale": 3.881071527335105},
{"mapping": [6, 12, 11, 4, 2, 5, 8, 1, 10, 3, 9, 13], "R": [[0.17587154364553365, 0.78491589274209, 0.5941180366363447], [0.9730806936354902, -0.22992819455192026, 0.015715884447508044], [0.14894013498587366, 0.5753608143339118, -0.8042243278584698]], "T": [-0.07015480924873069, 0.021322571868729667, -0.1547871127216395], "aligned_model": [[-0.22497540910139108, 0.5703666759411807, 0.07524889632345802, -0.31388127132544763, -0.6137686234013209, -0.5263648396633835, -0.1390645098755618, -0.16686300266238324, 0.5238951238924898, 0.07572436948358907, 0.4282717650081872, -0.09078061998763627], [-0.5957889328430366, -0.2607386339553033, -0.6205169153564325, 0.48656139910550633, -0.49097081650171903, -0.05941160406796306, 0.4433953375382758, 0.5261195587443741, 0.1304397619263149, -0.04505271747958263, 0.5781743750703912, -0.07943438443984481], [0.12068629418312679, 0.03570290171478194, -0.4769092863143668, -0.11357364869567715, -0.3330392873969683, 0.34651476687029237, -0.6077787245942796, 0.5778824726555465, -0.5537055730411075, 0.6286716576111462, -0.037657036404202066, -0.1375360753788712]], "inverted": false, "swapped": true, "error_lsq": 0.0448633597092877, "error_max": 0.2787244723728073, "target": "684.xyz", "model": "26.xyz", "model_rescale": 3.795458400668931, "target_rescale": 3.881071527335105},
{"mapping": [10, 8, 9, 12, 3, 2, 7, 11, 0, 4, 6, 5, 13], "R": [[-0.9951232995459394, 0.08621937586371553, -0.04791490296842585], [-0.07020678348428055, -0.2778944542512314, 0.9580426294529911], [0.06928655175135838, 0.9567344937453031, 0.28259243129341716]], "T": [-0.03013635285411488, -0.06423756457846433, -0.0897564000929607], "aligned_model": [[0.13448264786608477, 0.3506861439019888, 0.5952669829923979, -0.21064039073193558, -0.02890033375009314, -0.621283751794076, -0.3179320932985799, -0.6644633786601345, -0.018618811258141688, 0.39932043057559596, -0.6448829425619754, -0.14181714668911907, -0.1315409737707553], [-0.6419276292942798, -0.4715723412450149, -0.12878739812103332, -0.09897647405100762, 0.6241557355100991, -0.04236118239111333, -0.6441901760887959, -0.40972374492111163, 0.10634401210358999, 0.0521440396007814, 0.25393929948880456, 0.5627867300316601, -0.03994936736566408], [-0.4936284045019399, 0.18799883832721825, -0.5103945128861765, -0.791414609550561, -0.49670503970857655, 0.3999379016004503, 0.4144802012983826, -0.21276608751644321, 0.6665876542349554, 0.19232603054917563, -0.12889383630115986, 0.1558390146740461, -0.09123048811994501]], "inverted": true, "swapped": true, "error_lsq": 0.05049218052635798, "error_max": 0.40556388392655696, "target": "684.xyz", "model": "27.xyz", "model_rescale": 3.6321398670334006, "target_rescale": 3.881071527335105},
