[{"mapping": [7, 13, 1, 9, 0, 11, 3, 8, 4, 5, 10, 2, 6, 15], "R": [[0.7452768596839079, -0.38443002367093343, -0.5447714744000997], [0.23259475565076476, 0.9156220561405122, -0.32792671430181125], [0.6248696520582945, 0.11768520386771783, 0.7718083380782821]], "T": [0.05849135648328634, 0.07857595684710031, 0.13864201902883924], "aligned_model": [[0.24389921125883413, 0.14841969442261124, -0.6212962540558752, -0.3993909958777766, -0.4818799280730614, -0.14525501063535995, -0.6131499636159337, 0.025882770150159627, -0.3201966914900417, 0.0228900986219207, 0.5588752163201214, 0.22153298947359484, 0.6341980196635731, 0.09696294496553642], [-0.7178029509076751, -0.45981725133347084, -0.35347464416551155, -0.28290529391815045, 0.17724009119064807, 0.23562523003389726, 0.19063576540022303, 0.4025645184573987, 0.7660604161045429, -0.09505916565782288, 0.6517604675244377, 0.7841326543811484, -0.17530336443372976, 0.11161685913409874], [0.29206208381103527, -0.2113400116139769, 0.2192236898821084, -0.29534688014511146, 0.6340674774611562, -0.6441651476464237, -0.0708512718049597, 0.6688120386192963, 0.2010812870632304, 0.6452220190171205, 0.44313757864539205, -0.2022333671671663, 0.1815128068030188, 0.036405784255112775]], "inverted": true, "swapped": true, "error_lsq": 0.04385937371840023, "error_max": 0.2607824410417648, "target": "685.xyz", "model": "0.xyz", "model_rescale": 3.8414455957264533, "target_rescale": 4.196942301471389},
{"mapping": [11, 2, 13, 12, 14, 6, 7, 9, 0, 1, 5, 4, 8, 3, 15], "R": [[0.3571960726892456, -0.38627246671946325, 0.8504143384902683], [-0.1262341382575863, 0.8821612614406298, 0.4537140632070398], [-0.9254598359700672, -0.2694162026826491, 0.2663437660962201]], "T": [0.03697589676672917, 0.029376697650966337, -0.13012738181006728], "aligned_model": [[-0.6923597375027871, -0.6429511747605675, 0.03651928045795393, -0.30947766370428387, -0.34425609258231604, 0.1842678044703355, 0.5935242550473793, -0.10414794748126152, 0.42224631812097785, 0.3746102787018148, 0.5566508243781748, -0.270301045982946, 0.30275196794232084, -0.16670978656218388, -0.06832312703806578], [-0.026768309482395593, 0.23478251539433986, -0.5020547043677908, -0.3508683052457291, -0.6029649415916998, -0.506077841016046, -0.54060454090882, -0.049467986295009696, 0.6449938856009666, 0.2501072245054952, 0.1343090056079964, 0.7432766515978108, 0.4544157821808254, 0.47831339664780653, -0.014347304584734856], [0.24918961923177524, -0.49903995123413186, 0.24138605105917782, -0.6936210232763893, -0.2551173964418688, -0.4289991054550169, 0.10968184693623861, 0.5787723884415925, 0.010458185627577055, 0.5716940923592839, -0.21359643041844648, -0.25608736672640847, -0.49866098169206846, 0.384182724218012, -0.13506086528979214]], "inverted": true, "swapped": true, "error_lsq": 0.05370141568734478, "error_max": 0.3436018791745165, "target": "685.xyz", "model": "1.xyz", "model_rescale": 4.316132596720782, "target_rescale": 4.196942301471389},
{"mapping": [11, 13, 14, 4, 2, 3, 10, 0, 6, 1, 5, 15], "R": [[0.22351302223748734, -0.9368162123605294, 0.26910465092364333], [0.5925817642004593, 0.3498114196986585, 0.725588604779237], [-0.7738790484483576, -0.0027119931564077437, 0.633327611482228]], "T": [0.06457933888255907, 0.04563628846206554, -0.0641624732158083], "aligned_model": [[-0.3388897569074353, 0.4971157739587455, 0.2575080746608664, -0.6791923896308656, -0.5850595076564871, -0.34058266024631884, -0.18545821741004936, -0.11156201421276646, 0.5205568374756249, 0.21155177449904916, 0.3263987000973102, 0.0254219400041069], [-0.6623024854075696, -0.42083200581563335, -0.5186200453801528, 0.2910391543160242, -0.14452689183801412, -0.0740205760817734, 0.4235578372411622, 0.5962692347998785, -0.019348439307520844, 0.08869039873844589, 0.5026682968155451, -0.049798050339411516], [0.05830996333651024, 0.061381690796718805, -0.5171631076642749, 0.016579281074242155, -0.49124114320899803, 0.5094862796734387, -0.7470230444186382, 0.3973130988124383, -0.494966700425915, 0.7307071825848597, 0.038853385515858, -0.11297842486681857]], "inverted": true, "swapped": true, "error_lsq": 0.0408814877218493, "error_max": 0.20523705015293606, "target": "685.xyz", "model": "2.xyz", "model_rescale": 3.795458400668931, "target_rescale": 4.196942301471389},
{"mapping": [14, 6, 7, 0, 11, 3, 5, 2, 8, 4, 9, 15], "R": [[0.1334951571943413, 0.935598202128117, -0.3268563096840771], [-0.9885999390053447, 0.148888358211885, 0.02241466902717354], [0.06963622336317804, 0.32013787805194904, 0.9448082003412697]], "T": [0.0067925039423903585, -0.07265067449044507, 0.05687029366086478], "aligned_model": [[-0.1272837748939628, -0.295584486385893, -0.8097550964373266, 0.12022237135496794, 0.22575846803026625, 0.1857414414538853, -0.19279191734282383, 0.7153801381836481, 0.3006570747569227, 0.7181930200117865, -0.28974481062391494, 0.042511397636009564], [-0.2018551967780861, -0.5361586214019699, -0.23115525403836001, 0.0642546832909488, 0.5320758611028069, 0.57965009498386, -0.3217141160924028, -0.07663365976738329, -0.38812219038368856, 0.1268471492744867, 0.5859879566877061, -0.04740766158820836], [-0.6684889449613569, -0.24555211807220445, 0.07297830978320684, 0.7749042132156613, -0.45822565879959704, 0.2805394385349315, 0.4883484073055459, -0.31525408993450793, 0.50546085788342, 0.3289881093956517, -0.026388834693349253, -0.04853825901830129]], "inverted": true, "swapped": true, "error_lsq": 0.0381967508060374, "error_max": 0.19221923965148685, "target": "685.xyz", "model": "3.xyz", "model_rescale": 3.7530521520055578, "target_rescale": 4.196942301471389},
{"mapping": [10, 4, 2, 11, 12, 1, 6, 5, 7, 13, 15], "R": [[0.5031361497273673, 0.11035331399392395, 0.8571325223838369], [0.8394933619121151, 0.17308358764176143, -0.5150659831463842], [-0.20519481022436903, 0.9787053784360311, -0.005556264695827373]], "T": [-0.1295245192681095, 0.025665671523829564, -0.018465532241933938], "aligned_model": [[-0.32728622309785527, -0.1988466420993072, 0.2739417594596012, 0.6271260017871811, 0.1807553678914897, -0.3277920289793066, -0.11054835345838995, -0.6462181728931272, -0.30650665386005216, 0.19474326662563932, -0.021168718930668018], [-0.7389694346168657, -0.024860717131024515, -0.42974869895685097, 0.2300669385412957, -0.6578264717236019, 0.8104202930236492, -0.3313917224091184, 0.07163438114934287, 0.2635843733781668, 0.2831316134826185, -0.00883719642326522], [-0.23724738534540674, -0.8011402468754739, -0.5384670414001992, -0.2727571513510028, 0.11830543509830514, -0.007397488918836863, 0.501034899728577, 0.11920962076591114, 0.7588408223893396, 0.4805369388092679, -0.02808762565516497]], "inverted": false, "swapped": true, "error_lsq": 0.04310127188404292, "error_max": 0.1991020782885387, "target": "685.xyz", "model": "4.xyz", "model_rescale": 3.7855080009869324, "target_rescale": 4.196942301471389},
{"mapping": [2, 1, 10, 0, 3, 12, 13, 11, 14, 4, 15, 7, 8, 6, 8, 16], "R": [[-0.8789508497811679, 0.004958083387370471, -0.4768865914219928], [-0.47650876255187324, 0.031999819214968805, 0.87858716743502], [0.019616393150762926, 0.9994755769799145, -0.02576369811229573]], "T": [0.048586372951041554, -0.07209336868482218, 0.024933117445412142], "aligned_model": [[0.017392934638722587, 0.4590917594179124, -0.0011341522858384773, 0.7055935478033433, 0.2108281105457796, -0.21793317111908056, -0.42702507353234925, 0.04931049753084986, -0.4931277340558807, 0.7416159716919442, -0.6789473321053824, 0.5049576123005118, -0.28416704122171876, 0.25483462680012026, -0.28416704122171876, 0.012190220472748751], [-0.5357822054597731, 0.13241531562818132, -0.5031858649143267, -0.3119464097547576, -0.7376676538773739, 0.2501862189387172, 0.4716784792778188, 0.6647982584125097, -0.2609759745274456, 0.18569620669770365, -0.25144816702685774, 0.007102778505155213, 0.12233793011194362, 0.4971790696909151, 0.12233793011194362, -0.10114736369719202], [-0.5493536747022394, -0.5773670275916108, 0.6102974511206608, -0.3204448989404228, -0.08954436886479779, -0.5118801303791999, 0.07946355126607221, -0.27410941106479736, -0.3336287126657448, 0.04091103841368028, 0.3682182336453661, 0.6138496939151192, 0.6138146924400745, 0.2687929475874648, 0.6138146924400745, -0.001861241184404068]], "inverted": false, "swapped": false, "error_lsq": 0.04320733850949784, "error_max": 0.34101213894614907, "target": "685.xyz", "model": "5.xyz", "model_rescale": 4.2253639853439635, "target_rescale": 4.196942301471389},
{"mapping": [11, 13, 6, 12, 14, 5, 10, 2, 1, 3, 7, 8, 4, 15], "R": [[-0.3478276927091512, 0.8195928130597988, -0.4552839959468748], [-0.5841905216459572, 0.19035269874673796, 0.7889786337403935], [0.7333057551960522, 0.5404012128600004, 0.4125884129926433]], "T": [-0.014066085324781478, 0.03649486244570854, 0.05575891370682556], "aligned_model": [[0.5507173240338304, -0.31897122527637956, -0.43003895301525114, 0.07109688355713045, -0.050215093237429, -0.38387867354624616, 0.14820388996270822, 0.6714612195189714, -0.1841014512257489, 0.3957748278912904, -0.7991208793040677, 0.011474933771804703, 0.642938218984971, 0.048721130642199344], [-0.015376068474539706, -0.022474965423214185, -0.4363832664405609, -0.7203655319972917, -0.5783191176659591, 0.24305847632203859, -0.4782470160607212, -0.3627191772749444, 0.7910362482376966, 0.5862692302830643, 0.07882333737397296, 0.13689792412046684, 0.25700979259040535, -0.03411071895542325], [-0.5419811832913843, -0.5134485962441346, 0.02284045665061412, 0.10104718833426346, -0.37028486487346507, 0.3853192643742411, 0.6724851819358473, 0.1619159730159076, -0.18304559719160082, -0.1374391007374531, -0.21632641163675176, 0.6692562968954934, 0.4294656052347616, -0.00824600353489071]], "inverted": true, "swapped": true, "error_lsq": 0.04594717026752586, "error_max": 0.28130166463504425, "target": "685.xyz", "model": "6.xyz", "model_rescale": 3.89814844738969, "target_rescale": 4.196942301471389},
{"mapping": [13, 14, 11, 7, 3, 12, 6, 1, 5, 10, 2, 0, 15], "R": [[0.9454108004363971, -0.32122671454356, 0.05488001714432443], [-0.2757989547420808, -0.6989851352143636, 0.6598141536164058], [-0.17358961657134564, -0.6389312784743822, -0.7494220882825012]], "T": [-0.06464311523588681, 0.0680025312691557, 0.05991003605822258], "aligned_model": [[0.022274535240762824, -0.20643027259584426, 0.5784817469176808, -0.3774087282769327, 0.6064989731965099, -0.46817185540256834, -0.5730980539895413, 0.39013762250739104, -0.35381260583458596, -0.5924519297104471, 0.07321398398415133, 0.08083943607318847, -0.031441051205542206], [-0.3118348381951478, 0.24610318999945066, 0.351546788868384, -0.6492205160208516, 0.025507970449214656, 0.5633891480561178, -0.006044702308276501, -0.5516415884545747, -0.23138256982878383, 0.6663492498299025, 0.8525969994006289, -0.12743852522349758, 0.13585065889791856], [-0.45836659774502314, -0.6535273049524708, -0.3701564497124748, -0.2227592501085412, 0.2950895672621122, -0.3571008409363522, -0.3057692752312194, 0.3138548497971331, 0.39871598149632076, 0.24710270696809455, -0.017522497218832325, 0.7583509728190545, -0.025636831601505913]], "inverted": false, "swapped": true, "error_lsq": 0.04150945063191474, "error_max": 0.2337592296524595, "target": "685.xyz", "model": "7.xyz", "model_rescale": 3.7474275329858107, "target_rescale": 4.196942301471389},
{"mapping": [5, 8, 10, 6, 2, 13, 7, 9, 14, 11, 1, 3, 0, 4, 15], "R": [[-0.2715692716863921, -0.7873633626952575, 0.5534519543383501], [0.23371986474764447, -0.6118027639751761, -0.7556933259032252], [0.933608673641192, -0.07587037022152754, 0.35016928966484634]], "T": [-0.008021551698349743, -0.0987096534772817, -0.05001935572589998], "aligned_model": [[-0.2663299857261706, 0.21088221777501442, 0.5959386851884374, -0.14438903297989183, 0.7622362674875608, -0.452113067540451, -0.7649702296698606, -0.3776717237283969, 0.06797944903306051, 0.23163489078926305, -0.5752650973347333, -0.0004363080244368118, -0.10313003920416482, 0.5693157007512941, 0.04847199552222242], [0.14367587796629486, 0.2816208185624688, -0.20661951703517645, -0.6150725816346404, -0.22411478475544297, -0.4896680446584698, -0.37828906247048144, -0.03701421581777534, -0.8301259237812915, -0.28951186470176515, 0.38899880309898816, 0.37498604294345583, 0.6226980239891989, 0.4213861454458312, -0.17383175517160146], [-0.45321398462570084, -0.49108854460432727, -0.5933696385991113, -0.385435534110695, 0.1276469085722141, 0.21526546531452123, -0.2524970250900252, 0.5730566678497844, 0.09165057616928558, 0.7149142507307189, 0.2592500159766068, 0.48205371607236347, -0.1830887358946124, 0.07694614536571055, 0.014704372569527821]], "inverted": false, "swapped": true, "error_lsq": 0.05249231576818352, "error_max": 0.359350587206446, "target": "685.xyz", "model": "8.xyz", "model_rescale": 4.019505241142653, "target_rescale": 4.196942301471389},
{"mapping": [5, 6, 8, 0, 1, 3, 2, 7, 13, 14, 12, 11, 15], "R": [[-0.8345127123593205, 0.5424058390909516, 0.0968733122729422], [0.251339864650594, 0.5312020579449872, -0.8091060783805988], [-0.4903231641969522, -0.6508611828608704, -0.5796230803693357]], "T": [0.02533120367772485, -0.05831914091703775, -0.056873666613501905], "aligned_model": [[-0.1841890866940069, -0.5683084247456393, -0.061123381221391535, 0.3396415191006055, 0.477905579264862, 0.7290966129380954, 0.20287742100137962, -0.41279986771428373, -0.0658818388506732, -0.29102777129073687, -0.4334475578915487, 0.547517096534259, 0.039440471310255035], [-0.41920069981361147, -0.037328892747777793, -0.02432501796283818, -0.408040762505643, -0.7291329745262497, -0.1674059938757855, 0.7204337710909087, -0.6870488699148403, -0.3146791738514945, 0.27777030083625326, 0.5266684506196931, 0.299514971604036, 0.026153119161407938], [-0.3943727778533127, 0.1549804749455833, -0.6720827058708888, -0.6279130124154494, -0.035483057556443764, -0.07587918428863229, -0.10796279648258622, 0.2669677232090057, 0.5316851569028254, 0.5328526837216818, 0.11474504287047105, 0.4706116485741154, 0.01855429828750918]], "inverted": true, "swapped": true, "error_lsq": 0.05272443717444281, "error_max": 0.288341532998111, "target": "685.xyz", "model": "9.xyz", "model_rescale": 3.877068213659057, "target_rescale": 4.196942301471389},
{"mapping": [14, 13, 8, 2, 9, 6, 12, 3, 10, 4, 11, 7, 0, 3, 5, 15], "R": [[0.6909154342588797, 0.6599209895661792, -0.2951951053673805], [-0.6810093321326088, 0.7311491379044832, 0.040586052897875285], [0.24261523499393442, 0.1729890911922655, 0.9545745764880353]], "T": [0.054349804673062226, -0.021826870552510515, 0.029199291481910965], "aligned_model": [[0.09480866257399179, 0.4236582155336814, 0.04851938297284695, 0.5953729661090481, 0.08095029758144258, -0.23634028245782868, -0.5787945023848299, 0.16851184554877993, -0.43553629953705103, 0.6468494971036179, -0.5798664954489202, 0.6443303376112083, -0.42982172441742733, 0.16851184554877993, -0.03818503876107714, -0.003654971916298967], [-0.4644929486546496, 0.07755880485103567, -0.6016018474336241, -0.37897585080344326, -0.6712032038182941, 0.2841859516089442, 0.3605853317230553, 0.5960514441636519, -0.3463473893243256, 0.26834053003334823, -0.34143361211744877, -0.22273552125925797, 0.027766204651649612, 0.5960514441636519, 0.5817155833230073, -0.013886372990138639], [-0.6126195075210542, -0.6426431611480612, 0.5382669865612586, -0.11255367196166252, -0.08590107980754269, -0.42042277319181565, 0.13448181474414794, -0.059990166162089985, -0.3681781327104911, 0.18032067928626422, 0.22988933027190794, 0.5563095780842725, 0.6591869841742063, -0.059990166162089985, 0.5172251630943361, 0.09759095788370942]], "inverted": true, "swapped": false, "error_lsq": 0.04388563168721137, "error_max": 0.36018090859932667, "target": "685.xyz", "model": "10.xyz", "model_rescale": 4.260839863003843, "target_rescale": 4.196942301471389},
{"mapping": [0, 8, 2, 4, 11, 3, 1, 5, 6, 14, 13, 15], "R": [[0.496511890581781, -0.5024311120862658, 0.7078410274338893], [-0.8317545898161975, -0.508655156138423, 0.2223830804119007], [0.248314809930046, -0.6991658671170633, -0.6704527167726672]], "T": [0.0802110946827927, -0.020022550988407058, 0.034098199652782], "aligned_model": [[0.3224310532379282, 0.31036674097027983, -0.5695395947876987, -0.33369560198922826, -0.6707802543079331, -0.2707376646682704, 0.27290696805517317, 0.5779887015603155, 0.36303513825271844, -0.1571030686542117, 0.12756488533522564, -0.01353865391016805], [0.0003970766194127326, -0.4557236315814021, -0.4864506168889956, -0.3422468785646659, 0.29549609152266926, 0.34977694731682796, 0.6342367913722544, -0.0801455732515299, -0.16568533625991735, -0.020958020696655512, 0.46787167033716937, -0.023490014392233347], [-0.664539511845543, -0.3457769173022331, 0.06338569374893749, -0.5530907910130017, 0.15829198568798475, -0.4635263594528817, -0.4018895711326574, -0.15732431209014924, 0.5786380876447239, 0.7443780001236057, 0.45854916461849093, 0.09908260840822791]], "inverted": true, "swapped": true, "error_lsq": 0.04538486776046369, "error_max": 0.23428881756555872, "target": "685.xyz", "model": "11.xyz", "model_rescale": 3.890672605050136, "target_rescale": 4.196942301471389},
{"mapping": [13, 14, 12, 7, 6, 0, 11, 5, 9, 4, 10, 2, 8, 15], "R": [[0.5361975234213519, -0.8438622371535289, -0.01971650534578706], [0.6438853737898027, 0.4240110898384892, -0.6368879188001159], [0.5458056808941942, 0.32880255534320035, 0.7707042482712853]], "T": [0.06412639231262607, -0.09203936065587325, 0.1439470994178673], "aligned_model": [[0.39838882990288665, 0.42668607839672223, 0.3573224660981248, 0.745048688295709, 0.6594458683511549, -0.2869546929158032, -0.35895165261117795, 0.2610648945705023, -0.13613254755995335, -0.6413551021165931, 0.1312545062246001, -0.3438467304734592, -0.050747924417179124, 0.048653153048159446], [-0.42068357361695385, 0.19675916400880156, 0.566959836717937, -0.5697676817724707, 0.09883593291893263, -0.3965416506536726, -0.07922660968769966, -0.26526627067662917, -0.6489067543896488, 0.16757044462649368, 0.6562430380389177, 0.5565381526272314, 0.10744366107909407, -0.037805169392568165], [-0.30405220689384505, -0.44423838863747345, -0.1048450546814293, 0.1280212825415816, 0.06092830636161323, 0.7194490963063536, -0.5630217243903537, 0.6121858907304022, -0.27850570346310655, 0.3781196674316844, 0.4713754189292024, -0.0873405932621564, 0.7219804661233264, 0.044733978261062096]], "inverted": true, "swapped": true, "error_lsq": 0.04672045327519014, "error_max": 0.35960092745711675, "target": "685.xyz", "model": "12.xyz", "model_rescale": 4.124412569039231, "target_rescale": 4.196942301471389},
{"mapping": [2, 4, 3, 10, 11, 14, 8, 6, 0, 5, 13, 1, 15], "R": [[-0.8661551950811995, -0.49259595800880385, -0.08440616202172685], [-0.3555978832451292, 0.4887575450033637, 0.7966594050369759], [-0.3511770542980175, 0.7200453349308457, -0.5985059667028338]], "T": [0.12786210233725676, 0.060264063859341375, -0.09619869045714353], "aligned_model": [[-0.15339563897591663, -0.187842405608395, 0.4725126419213041, -0.6378092982107204, 0.6333653419654146, 0.31652761904230475, -0.41341470791082696, 0.02186839010594384, -0.04127445942905725, -0.08559198063577056, 0.659883200069384, 0.623111336265791, 0.15935826891030222], [-0.16472803709657832, 0.49543189696268897, 0.5732431520091212, -0.18709189973294343, -0.09517569812218193, -0.6584057273826279, 0.36141242431243714, -0.45732771828276586, 0.7727755244511437, 0.3019123174662621, -0.23280765937993678, 0.6547070724731784, -0.016460271169319772], [0.6185470642671697, 0.4790384800090472, 0.2582238866276202, 0.0593788463213296, 0.5356787277509015, -0.0027356702650274817, -0.1548607507139484, -0.4405747295117749, -0.20061307376192034, -0.5252480788818417, -0.32314425872810276, -0.3341861455020181, -0.017806216643595427]], "inverted": true, "swapped": true, "error_lsq": 0.043813928515036064, "error_max": 0.23957694910370383, "target": "685.xyz", "model": "13.xyz", "model_rescale": 3.9028299243045295, "target_rescale": 4.196942301471389},
{"mapping": [4, 0, 9, 3, 7, 5, 12, 8, 10, 2, 14, 6, 11, 2, 1, 15], "R": [[0.6190355640482628, 0.47442154528944214, 0.6258747221358496], [-0.6381102270019948, -0.1607389062758038, 0.7529796426230401], [0.45783218392650377, -0.8654982388049303, 0.20323014044834012]], "T": [0.006316782127950171, 0.010891466252782438, -0.0011203613383979627], "aligned_model": [[0.12724850729229914, 0.5611057528695776, -0.11078244463028733, 0.5696204380413495, 0.08435033153795268, -0.2567875157964821, -0.4534238662060608, 0.02698322446190307, -0.40758768805596846, 0.5048736331274397, -0.7531957220125327, 0.4075920455010751, -0.3693241027850188, 0.5048736331274397, 0.13298512714269498, 0.0007823820445825719], [-0.3068435997541256, 0.21168475169701553, -0.5604528259412361, -0.2303691375711626, -0.8914623607268141, 0.15940645625688224, 0.5143007045186303, 0.6724626867657021, -0.5455494698310878, 0.5429978933271994, -0.32172036325902814, -0.23783397978800142, 0.058321234254503376, 0.5429978933271994, 0.2333068778694928, -0.08966821302800672], [-0.5874506603687898, -0.583449876053808, 0.5094664846864491, -0.11588863881634447, 0.01609277140736967, -0.4144256477949426, 0.13837144508372898, -0.3991198310716213, -0.2739008156617422, 0.10112241905882813, 0.30800870508210487, 0.4695409582385133, 0.6333093282466894, 0.10112241905882813, 0.5961109764105526, 0.05206279792947949]], "inverted": true, "swapped": false, "error_lsq": 0.044463859286297994, "error_max": 0.4102054026833093, "target": "685.xyz", "model": "14.xyz", "model_rescale": 3.942246331269136, "target_rescale": 4.196942301471389},
{"mapping": [3, 0, 1, 8, 10, 5, 13, 9, 11, 7, 6, 14, 4, 2, 15], "R": [[0.8775200008159438, -0.47423658296788834, 0.07112180778725714], [-0.4520851262655466, -0.8675938007278232, -0.20712323758602125], [0.15993025597882088, 0.14960167216175013, -0.9757262182133664]], "T": [0.00011577742006137204, -0.005885872278350694, -0.02721737617122543], "aligned_model": [[-0.6786395923771579, -0.1846639793224079, -0.38844660452600444, 0.182221825850856, 0.42062204963271155, 0.2930379856604823, 0.01670197965597882, -0.5110334363876806, -0.6307088382674526, 0.4338070746735792, 0.5470877564248031, 0.18507779016135256, -0.44196515580721785, -0.23526433256129053, -0.03354048627834195], [-0.05851826950116386, -0.4168102994001278, 0.23514976628610007, -0.5675441834952393, -0.5935821887739652, -0.14119443121638994, 0.642243758593281, 0.48090858489578914, 0.26741643235281515, 0.5931578787653946, 0.244906474101993, 0.42775588752279725, -0.6530486266687998, -0.3892061176497059, 0.02651002406887248], [-0.23714088889902898, -0.6138856624579004, -0.6951944859838551, -0.22340475139046512, 0.3593438103169335, -0.4560857423564746, -0.017488355976046442, -0.2016563212293463, 0.4270185438600884, -0.40825752711195407, 0.16160960661791973, 0.5546418509447882, 0.04816829486567543, 0.6347876462804066, 0.07690646287977485]], "inverted": true, "swapped": true, "error_lsq": 0.04988190391843188, "error_max": 0.3271967017812774, "target": "685.xyz", "model": "15.xyz", "model_rescale": 4.355366556412066, "target_rescale": 4.196942301471389},
{"mapping": [11, 13, 14, 4, 2, 3, 10, 0, 6, 1, 5, 15], "R": [[0.22351302223748734, -0.9368162123605294, 0.26910465092364333], [0.5925817642004593, 0.3498114196986585, 0.725588604779237], [-0.7738790484483576, -0.0027119931564077437, 0.633327611482228]], "T": [0.06457933888255907, 0.04563628846206554, -0.0641624732158083], "aligned_model": [[-0.3388897569074353, 0.4971157739587455, 0.2575080746608664, -0.6791923896308656, -0.5850595076564871, -0.34058266024631884, -0.18545821741004936, -0.11156201421276646, 0.5205568374756249, 0.21155177449904916, 0.3263987000973102, 0.0254219400041069], [-0.6623024854075696, -0.42083200581563335, -0.5186200453801528, 0.2910391543160242, -0.14452689183801412, -0.0740205760817734, 0.4235578372411622, 0.5962692347998785, -0.019348439307520844, 0.08869039873844589, 0.5026682968155451, -0.049798050339411516], [0.05830996333651024, 0.061381690796718805, -0.5171631076642749, 0.016579281074242155, -0.49124114320899803, 0.5094862796734387, -0.7470230444186382, 0.3973130988124383, -0.494966700425915, 0.7307071825848597, 0.038853385515858, -0.11297842486681857]], "inverted": true, "swapped": true, "error_lsq": 0.0408814877218493, "error_max": 0.20523705015293606, "target": "685.xyz", "model": "16.xyz", "model_rescale": 3.795458400668931, "target_rescale": 4.196942301471389},
{"mapping": [13, 14, 11, 7, 3, 12, 6, 1, 5, 10, 2, 0, 15], "R": [[0.9454108004363971, -0.32122671454356, 0.05488001714432443], [-0.2757989547420808, -0.6989851352143636, 0.6598141536164058], [-0.17358961657134564, -0.6389312784743822, -0.7494220882825012]], "T": [-0.06464311523588681, 0.0680025312691557, 0.05991003605822258], "aligned_model": [[0.022274535240762824, -0.20643027259584426, 0.5784817469176808, -0.3774087282769327, 0.6064989731965099, -0.46817185540256834, -0.5730980539895413, 0.39013762250739104, -0.35381260583458596, -0.5924519297104471, 0.07321398398415133, 0.08083943607318847, -0.031441051205542206], [-0.3118348381951478, 0.24610318999945066, 0.351546788868384, -0.6492205160208516, 0.025507970449214656, 0.5633891480561178, -0.006044702308276501, -0.5516415884545747, -0.23138256982878383, 0.6663492498299025, 0.8525969994006289, -0.12743852522349758, 0.13585065889791856], [-0.45836659774502314, -0.6535273049524708, -0.3701564497124748, -0.2227592501085412, 0.2950895672621122, -0.3571008409363522, -0.3057692752312194, 0.3138548497971331, 0.39871598149632076, 0.24710270696809455, -0.017522497218832325, 0.7583509728190545, -0.025636831601505913]], "inverted": false, "swapped": true, "error_lsq": 0.04150945063191474, "error_max": 0.2337592296524595, "target": "685.xyz", "model": "17.xyz", "model_rescale": 3.7474275329858107, "target_rescale": 4.196942301471389},
{"mapping": [2, 4, 10, 3, 14, 13, 12, 5, 11, 6, 9, 0, 7, 15], "R": [[0.8585435142093991, 0.2501899679605293, -0.4475578332918377], [0.4346946607899501, 0.10776029925538862, 0.8941075269703856], [0.2719256995756107, -0.9621812188129107, -0.016239337240672905]], "T": [0.007596559045170401, 0.05890470318554401, 0.029303966785549133], "aligned_model": [[0.4669044614055247, 0.11882501576650978, 0.7986719274198959, -0.503010470475189, 0.25263716087646837, -0.30862025418544575, 0.6540720136980053, -0.008675574327935306, -0.23506671824467623, 0.3242945266140721, -0.6567183243993455, -0.2519171577402832, -0.27091543862051687, 0.034366480095792525], [-0.3725070569204642, 0.13297355477536582, 0.1997014133751358, -0.01831325173956254, -0.5320834843494723, -0.25020799507348696, -0.304575336070453, 0.576014722788671, -0.6768516479564161, 0.0066399455754848485, -0.23654091812172268, 0.6429529617137222, 0.24487445966240523, -0.05166912614797417], [-0.4641623446371679, -0.7466343150581632, -0.13199725528795628, -0.4614757712879973, 0.41853956103281464, 0.5035381295761067, 0.20844961523338287, 0.17203569772958038, -0.2513047325270697, 0.5721681935478792, 0.03760627665631741, -0.34315057265800747, 0.7908677989356441, 0.020314437406291335]], "inverted": true, "swapped": true, "error_lsq": 0.04229306268972094, "error_max": 0.2741134294212704, "target": "685.xyz", "model": "18.xyz", "model_rescale": 3.922800546911778, "target_rescale": 4.196942301471389},
{"mapping": [12, 10, 2, 14, 0, 6, 8, 9, 5, 11, 4, 3, 13, 1, 15], "R": [[-0.7055519281647777, 0.6816882924453006, -0.19364283773477084], [-0.29531166075757237, -0.5312239696370069, -0.7940983044332137], [-0.6441952341360256, -0.5030926018399704, 0.5761165978257528]], "T": [-0.013560309605653437, 0.028262622655367962, 0.036064795351396096], "aligned_model": [[-0.24247556391751662, -0.21025145001496273, 0.4184657590054852, -0.18755580459833385, 0.1541260961573058, -0.5612138903270172, -0.09212435250038234, 0.3310231214215966, -0.3385854381920881, 0.607018201141592, 0.5729469355601747, 0.6103035375867056, -0.17828088737305675, 0.18301743760908992, 0.029637135329025635], [0.41322940234908917, -0.19396689761864203, 0.18142461144783986, 0.7226742607223833, -0.6520380015358722, 0.30612520533936416, -0.5367146000283461, 0.31717519184921533, -0.3710348535411234, 0.5702427777568826, -0.3858321767848864, -0.10450187919845128, 0.5253571538746378, -0.19700411749442764, 0.12247542789691562], [-0.5816242855295165, -0.7278518701921007, -0.6200477999149295, -0.1837858967560593, 0.2732450042412184, -0.10745773568753833, -0.21241173601954233, 0.6074342855134337, 0.1875906776528107, 0.04625989199484596, -0.28715792977099563, 0.353420100452502, 0.41843363906677206, 0.7883176837058824, -0.011704861593454054]], "inverted": true, "swapped": true, "error_lsq": 0.04526302678315988, "error_max": 0.31176353007650703, "target": "685.xyz", "model": "19.xyz", "model_rescale": 3.9282355846067225, "target_rescale": 4.196942301471389},
{"mapping": [4, 3, 9, 0, 8, 1, 5, 13, 10, 12, 11, 2, 14, 15], "R": [[0.33757178261254356, 0.9208797971654559, 0.19500177116195222], [-0.9321281028534372, 0.3558795430540577, -0.06698470501903488], [-0.1310820027869642, -0.1591544847251996, 0.9785128300319901]], "T": [0.030651160663332448, 0.0027012837383054433, -0.022065501615844797], "aligned_model": [[-0.667390277856351, -0.10718988746125474, 0.44906428830593564, -0.399491155799253, -0.5031363419995535, 0.22153851502053762, -0.0658416077380112, 0.6756491668567105, -0.49964374609349554, 0.04640179037066828, 0.22120397650721735, -0.38037017851640914, 0.483358156992145, 0.058370120495790455], [-0.3514460582413793, -0.6700209894510605, -0.5710050434146723, -0.14639808798339868, 0.2483386417156581, -0.43340948250982547, 0.2971808662812718, -0.0625561151801931, 0.5057659820927543, 0.3945636067766699, -0.6434926235499295, -0.1620052403666843, 0.14896068153522132, -0.031594050279596664], [0.06311660841386521, -0.21177973689830099, -0.17847142434802019, -0.6050998800036929, -0.2266268567060138, -0.6767728717167023, -0.4602558972526079, -0.009384088235421684, 0.348549200506373, 0.6324092902674825, 0.452368029111306, 0.6446593862454971, 0.556277689069252, 0.08319370879066641]], "inverted": false, "swapped": true, "error_lsq": 0.04707951613241027, "error_max": 0.33495708858707685, "target": "685.xyz", "model": "20.xyz", "model_rescale": 4.067790424073018, "target_rescale": 4.196942301471389},
{"mapping": [11, 1, 2, 12, 4, 0, 10, 9, 3, 13, 7, 6, 14, 5, 15], "R": [[0.2806598251834961, 0.8376867784901036, 0.468519928787284], [0.6646709984976118, 0.18252127564897502, -0.7244987561698493], [-0.6924178841452301, 0.5147493031353643, -0.5055597181713549]], "T": [-0.0006811020511379648, 0.027827352087869968, 0.0780990140085062], "aligned_model": [[0.31526567206266004, -0.008916574141291482, -0.2028386156160648, 0.20511945011732657, -0.6463175080230624, -0.5814250062369122, -0.399005965479458, 0.3519189721320827, -0.1908133612636143, 0.620235840726744, 0.5105166492228538, 0.35628243210399707, 0.6003015878206495, -0.217914799533987, 0.05603518001559179], [0.011252293465293335, 0.8366808521500088, -0.5421770467906272, -0.7065388631298255, -0.038563832247428396, 0.47630676041361486, -0.6657538615847389, 0.5523112405640573, 0.4901858315961367, 0.21239669535623368, 0.3400035102144386, -0.29694410958775136, -0.40967639107551584, 0.21611653997471114, -0.03470447939075968], [-0.6827340950761623, 0.04710683125081054, -0.44613011662616625, 0.1003208599695896, -0.36764084680408843, 0.17182659533099998, 0.25677312938918145, -0.28143004779264186, -0.4294650340637773, 0.10704866079771128, 0.6554689638644738, 0.48409323713628677, -0.012601390473985855, 0.5313060352687488, 0.0013067914501604522]], "inverted": false, "swapped": true, "error_lsq": 0.04136106839538521, "error_max": 0.2583246826748226, "target": "685.xyz", "model": "21.xyz", "model_rescale": 4.186013935880536, "target_rescale": 4.196942301471389},
{"mapping": [0, 4, 3, 7, 6, 1, 5, 10, 11, 2, 12, 13, 15], "R": [[-0.8027173323906494, -0.5147974310250045, 0.3010456598087667], [-0.5139653463704987, 0.34116591788803574, -0.7870485621623787], [0.30246405903824897, -0.7865045590978289, -0.5384478354571007]], "T": [0.009323022566107661, -0.07726145869451462, 0.032264511485966665], "aligned_model": [[0.07620521863414957, -0.3178412505644171, 0.37265107696192196, 0.4567774306867722, -0.13758067464818724, 0.693350064489317, -0.006264892562471078, -0.8072764271845939, 0.26364485901544, -0.5042155500279619, -0.5086593324335662, 0.481456293604336, -0.003672780547514059], [-0.42676873031063306, 0.20962422385898333, 0.21678075625658033, -0.5885197081922242, -0.279019692352124, -0.2855981808132346, -0.6025935723654838, -0.1320818380150016, 0.7064586177913883, 0.5298181607662102, 0.1624486059984521, -0.01677558531185143, 0.02518360223503152], [-0.6162364988280371, -0.6239354009826404, -0.5053959791375926, 0.5124027296907421, 0.6114395240207845, -0.3471760491951731, -0.07646951706385934, 0.07471567130328395, 0.040471931218732674, -0.05895679376144823, 0.5385991642185359, 0.4725750926127955, 0.0808456872392217]], "inverted": true, "swapped": true, "error_lsq": 0.04394122850051984, "error_max": 0.26680327511295165, "target": "685.xyz", "model": "22.xyz", "model_rescale": 4.166573947596378, "target_rescale": 4.196942301471389},
{"mapping": [4, 2, 7, 1, 0, 3, 9, 11, 8, 6, 8, 5, 10, 12, 14, 15], "R": [[-0.04313262261532913, -0.7630749504528358, 0.6448691315745589], [-0.9648884637159822, -0.1355763291878181, -0.22496513408030086], [0.25909424820735594, -0.6319301218927285, -0.7304344540001564]], "T": [0.03961692748336875, 0.0793548298696964, 0.05574199342607673], "aligned_model": [[-0.04496721635767221, 0.43429312171968953, -0.02325323577757906, 0.5923694017194812, 0.1608578271030872, -0.18402915334728084, -0.4961165934282289, -0.06715686967847881, -0.5981019326411956, 0.7865425745410773, -0.5981019326411956, 0.5561513222485996, -0.2436371294102031, 0.29043026071063555, -0.09153346034449278, 0.09556675124372024], [-0.40033489470704037, 0.09842501799141813, -0.4819590270539435, -0.3326453315668297, -0.7248247513634644, 0.17770042417283344, 0.35030869807647264, 0.7602784362721324, -0.3863789533985733, 0.21900960013978793, -0.3863789533985733, -0.3514278316655828, -0.058214706233507094, 0.6748252516098314, 0.5542218041898347, 0.038973765052365564], [-0.49434600327151196, -0.48893797574593884, 0.49433490746740605, -0.1254198956932237, -0.01741269353978976, -0.4935641385498167, 0.050971023132555096, -0.32771038420372056, -0.11885995039253196, 0.014435155310638895, -0.11885995039253196, 0.5442913755221381, 0.7352881619045408, 0.1647787025531895, 0.6748370553453951, 0.057147445988497254]], "inverted": true, "swapped": false, "error_lsq": 0.046054246532470346, "error_max": 0.3586460435112634, "target": "685.xyz", "model": "23.xyz", "model_rescale": 4.274766983524099, "target_rescale": 4.196942301471389},
{"mapping": [1, 5, 7, 13, 6, 14, 11, 2, 4, 10, 15], "R": [[-0.10395534397968187, 0.863967287008998, 0.4927005311914913], [0.8995479656118082, -0.12964810198660848, 0.41713885843316867], [0.4242720165433059, 0.48657157400487505, -0.7637024023457666]], "T": [0.036600313663917555, 0.12039212419535629, -0.016077643196635003], "aligned_model": [[0.2695831109620319, 0.16687192105403453, -0.507198314483607, -0.49621047617398617, -0.4895413416877946, -0.6126853090516112, -0.05661202999598261, 0.21100036181876966, 0.7355416574452319, 0.17126032265754035, -0.012115198586551482], [-0.12474868240876273, 0.5509880132899391, 0.38193805201109376, -0.11442356433384764, 0.4532126022880343, -0.046184909226176254, -0.6674209859338042, -0.12802329849859284, -0.04386665545726799, 0.6051080454321692, 0.049007914080698864], [-0.7515348642884087, -0.3087487731694752, -0.5887991577871102, -0.3014125849847577, 0.08460137206719841, 0.3178333543044655, 0.20669147274798588, 0.7245054091404723, 0.3070914036677262, 0.6308838656809883, 0.058454936642492614]], "inverted": true, "swapped": true, "error_lsq": 0.04606830079272402, "error_max": 0.24126346158665654, "target": "685.xyz", "model": "24.xyz", "model_rescale": 3.7841303162186577, "target_rescale": 4.196942301471389},
{"mapping": [14, 10, 3, 11, 13, 9, 2, 8, 12, 7, 5, 6, 4, 0, 1, 15], "R": [[-0.8061983121137866, -0.48543438653157656, 0.33822734649580527], [0.2934318093641425, 0.16834690856996204, 0.9410404303898012], [-0.5137529122040742, 0.857911868869786, 0.0067208968288556825]], "T": [0.0919138911674077, 0.055726415483131383, -0.0032708886084707803], "aligned_model": [[-0.027809291492360028, 0.5515319530539216, -0.048004229344265126, 0.6502590423721569, 0.10722139382941095, -0.24216442828714232, -0.6399231464454918, -0.14991264566783388, -0.45026785922882895, 0.7268409486979169, -0.6387119892666934, 0.36748922941764206, -0.26184629161470874, 0.47847232342131485, 0.03436722606241693, 0.11177150015250772], [-0.29326898397783535, 0.15710739043769717, -0.5782508168799099, -0.46956425481775366, -0.7051621360427943, 0.11344523098361045, 0.23497968971736088, 0.5946037417342829, -0.41141670146633647, 0.1841734279705297, -0.32869008293942265, -0.1559735830667856, 0.06934506285775402, 0.6727138471164713, 0.6441197060856528, 0.023417010404640705], [-0.7055297675124385, -0.6227289100934986, 0.47369627591224395, 0.03853787821953381, -0.18441803815842067, -0.4799268686756141, 0.029529141597392415, 0.020997135075927913, -0.2542453180871418, 0.05307231594159688, 0.29295288495489535, 0.6301861310899954, 0.6535187340105261, 0.10269626201609477, 0.44785892720116344, 0.05477605194303851]], "inverted": true, "swapped": false, "error_lsq": 0.05258947509432494, "error_max": 0.36772807832886006, "target": "685.xyz", "model": "25.xyz", "model_rescale": 4.19342608120988, "target_rescale": 4.196942301471389},
{"mapping": [11, 13, 14, 4, 2, 3, 10, 0, 6, 1, 5, 15], "R": [[0.22351302223748734, -0.9368162123605294, 0.26910465092364333], [0.5925817642004593, 0.3498114196986585, 0.725588604779237], [-0.7738790484483576, -0.0027119931564077437, 0.633327611482228]], "T": [0.06457933888255907, 0.04563628846206554, -0.0641624732158083], "aligned_model": [[-0.3388897569074353, 0.4971157739587455, 0.2575080746608664, -0.6791923896308656, -0.5850595076564871, -0.34058266024631884, -0.18545821741004936, -0.11156201421276646, 0.5205568374756249, 0.21155177449904916, 0.3263987000973102, 0.0254219400041069], [-0.6623024854075696, -0.42083200581563335, -0.5186200453801528, 0.2910391543160242, -0.14452689183801412, -0.0740205760817734, 0.4235578372411622, 0.5962692347998785, -0.019348439307520844, 0.08869039873844589, 0.5026682968155451, -0.049798050339411516], [0.05830996333651024, 0.061381690796718805, -0.5171631076642749, 0.016579281074242155, -0.49124114320899803, 0.5094862796734387, -0.7470230444186382, 0.3973130988124383, -0.494966700425915, 0.7307071825848597, 0.038853385515858, -0.11297842486681857]], "inverted": true, "swapped": true, "error_lsq": 0.0408814877218493, "error_max": 0.20523705015293606, "target": "685.xyz", "model": "26.xyz", "model_rescale": 3.795458400668931, "target_rescale": 4.196942301471389},
