[{"mapping": [8, 4, 6, 11, 5, 0, 9, 12, 3, 2, 1, 13], "R": [[0.4663240609214098, 0.6299750103871697, 0.6210260513806569], [0.2888555697149906, 0.555110652621871, -0.7800093737836413], [-0.8361245900285394, 0.5431239726189643, 0.07688966325977192]], "T": [-0.08021238984519556, -0.012217518981304687, 0.12197111493339446], "aligned_model": [[-0.4616095159199713, -0.27599589691272286, 0.2144950882487306, -0.5530908854355802, 0.18241504083985188, 0.10802783379116086, -0.579737660134345, -0.33028216591823356, 0.40062995734889123, 0.21222902785430436, 0.24436175448021763, -0.22945958984277387], [-0.19414398082772089, 0.4860834866688663, -0.002102138059063813, -0.5039405803416916, -0.6983832106556276, 0.5588154656335487, 0.48680162644540625, -0.0297901092451216, 0.09776298967941316, 0.6675583236210838, -0.13828829149724714, 0.011156002298939136], [-0.5353097430905145, -0.6697164198550773, -0.5834305193232672, -0.025189342315909274, -0.05859670241639228, 0.605602568902027, 0.3174130976402162, 0.6437719573434144, -0.050931258264150875, -0.08693332838417314, 0.582190517583512, 0.060989035178403615]], "inverted": true, "swapped": false, "error_lsq": 0.04746069055126967, "error_max": 0.2916533362773932, "target": "686.xyz", "model": "0.xyz", "model_rescale": 3.8414455957264533, "target_rescale": 3.758183302703322},
{"mapping": [9, 2, 7, 8, 13, 1, 10, 12, 0, 4, 11, 14], "R": [[0.9740164999070955, -0.10498234868000092, -0.2006752709587356], [0.20034672411513457, 0.812590462777385, 0.5473188558231566], [0.10560799233517028, -0.573302229429527, 0.8125093880602665]], "T": [-0.16658211190007421, 0.16094363794730704, -0.058218651365715156], "aligned_model": [[-0.26593242675044776, -0.32431810024685903, 0.18535894477696208, -0.6633816649213926, 0.06327423722554576, 0.28025643579365006, -0.6912967483985729, -0.38620513622812425, 0.5539128932473594, 0.1509414338866774, 0.18555894012530139, -0.15618582011056925], [-0.29009118859008587, 0.5976870764144495, 0.05439604200893594, -0.43484107205591305, -0.5576405335226927, 0.5399689511249405, 0.31833735594037893, -0.1828229675264429, 0.08515423786094495, 0.5650718626853923, -0.15536715783336918, 0.2016769772142461], [-0.5604205830455494, -0.6317857830552767, -0.5852291868960083, 0.09189191103669678, 0.016946818889878902, 0.5783133709507603, 0.3520045417754768, 0.5866687744793921, -0.08391464131192494, -0.2361973318003194, 0.6504488038493744, 0.021133168125588082]], "inverted": true, "swapped": false, "error_lsq": 0.04617956621073663, "error_max": 0.24154166302756924, "target": "686.xyz", "model": "1.xyz", "model_rescale": 4.316132596720782, "target_rescale": 3.758183302703322},
{"mapping": [9, 7, 5, 1, 0, 6, 10, 8, 4, 3, 2, 11], "R": [[-0.8539849903156786, -0.3768358719919006, -0.35875390157548687], [-0.3116287205898596, 0.9226147775096686, -0.22730928890899282], [0.4166499451806725, -0.08232070153302064, -0.9053320524978965]], "T": [-0.13368737739086595, 0.03993489913131301, -0.010843274712625733], "aligned_model": [[-0.5713208922105368, -0.41185577684585695, 0.16777034521357276, -0.4344497291436799, 0.2521296269332604, 0.11213816377754143, -0.6146888897602756, -0.4450369892890524, 0.6096609350401849, 0.16122471916293768, 0.1455370794858576, -0.039125603964422995], [-0.23113417044167114, 0.5894271984668861, -0.02510685005040307, -0.3929427641884635, -0.5368424797454291, 0.6154043842305975, 0.38903987482604363, -0.0017215229520344821, 0.09515308198540547, 0.5811704980722879, -0.4398473978884391, 0.09892973140600445], [-0.5446503292364769, -0.6597975676295539, -0.5771053114610963, 0.11860246593469752, -0.1604666451360899, 0.522542737503981, 0.19891625339709199, 0.687985944398134, 0.1859153841182977, -0.2369138180931276, 0.6157092385640754, 0.0491215106381558]], "inverted": false, "swapped": false, "error_lsq": 0.043714585082237384, "error_max": 0.2808199973038234, "target": "686.xyz", "model": "2.xyz", "model_rescale": 3.795458400668931, "target_rescale": 3.758183302703322},
{"mapping": [1, 2, 0, 8, 7, 5, 6, 3, 4, 10, 9, 11], "R": [[0.3633423197510227, 0.6697473315577154, -0.6476271076393155], [-0.7628782425356013, 0.6129022330389035, 0.20583401031345192], [0.5347888795999204, 0.41927242290335, 0.7336289863745955]], "T": [-0.07458049497724457, 0.08331729487101891, -0.054891308930493814], "aligned_model": [[-0.44049584914202106, -0.4678394165131449, 0.31684160512984494, -0.6323800964556543, 0.21818910688305387, 0.12690038431661738, -0.6332623065886197, -0.4642168982448442, 0.5598071959366997, 0.24293197370489533, 0.07842298120827372, 0.027084308164429485], [-0.1777472674978431, 0.6139118975500442, -0.059142384071529164, -0.3779802665226667, -0.6218678702116426, 0.4312989623868665, 0.18856897176114573, 0.11130736723853091, 0.1741919387709457, 0.7371691178254581, -0.2981332141318839, 0.01995233062335887], [-0.4955953931199555, -0.4441753949849924, -0.7172370823744575, 0.23943351413766262, -0.03750914019716608, 0.5214235615188869, 0.10032793764464015, 0.6411475223379342, -0.03911822944258491, -0.15820810935855972, 0.7103799424985974, -0.1210092656619163]], "inverted": false, "swapped": false, "error_lsq": 0.04900325954614723, "error_max": 0.24982219359343452, "target": "686.xyz", "model": "3.xyz", "model_rescale": 3.7530521520055578, "target_rescale": 3.758183302703322},
{"mapping": [5, 8, 10, 4, 7, 2, 6, 9, 1, 3, 11], "R": [[0.3111874569902523, 0.9053260460730828, -0.289045181439889], [-0.17553821185576976, 0.35366926227564466, 0.9187515382843614], [0.9339960935627188, -0.2351654805091082, 0.26897675361729956]], "T": [-0.0180095078582568, 0.0648174807603475, -0.041499244611504754], "aligned_model": [[-0.4364856375775449, -0.3110615636747724, 0.296920328628049, 0.5524455583222246, 0.41051782363744516, -0.2502823316239324, -0.13439673155247112, -0.6352350832463687, -0.616525748501311, 0.5026406308666066, -0.04033764283271993], [-0.6177454207512357, 0.0591073286109431, -0.3694638997138286, 0.26232297390582077, -0.570687272066059, 0.7351088977593866, -0.37686750789589646, 0.03794251087018562, 0.24177045851283896, 0.014387237897001706, 0.051328051185189155], [-0.1631850254029295, -0.5589995635451427, -0.45292501699839816, -0.32559159150736194, 0.12508805353150565, -0.15845027509888004, 0.5085615410956011, 0.014899034672568624, 0.6977191641505442, 0.3896190715005097, 0.016095384847299422]], "inverted": true, "swapped": true, "error_lsq": 0.04717164423650451, "error_max": 0.3085959791444747, "target": "686.xyz", "model": "4.xyz", "model_rescale": 3.7855080009869324, "target_rescale": 3.758183302703322},
{"mapping": [14, 15, 13, 3, 1, 7, 10, 5, 6, 8, 4, 16], "R": [[-0.6575631373096579, 0.05899125267512323, 0.7510863815562763], [0.27644765329008575, 0.9462834904037637, 0.16770286455417205], [-0.7008476406765487, 0.3179112893514324, -0.6385491341009125]], "T": [-0.0913930445859513, -0.051121029334990895, -0.05666057070174959], "aligned_model": [[-0.4043709007256673, -0.41722773723080286, 0.33563449963968084, -0.707758335527214, 0.18228115279179793, 0.10199871872350588, -0.5070655924259013, -0.3923033622881832, 0.5156180200735626, 0.04069884126352122, 0.3129273578296018, -0.1284496737243714], [-0.22689786627500913, 0.4972512127099907, 0.17684007057315626, -0.24169985235216412, -0.7426977236806047, 0.364904335865234, 0.4991947096094231, -0.03597653193154478, 0.1402706694572109, 0.6213122996810913, -0.24472975454388385, -0.0662419853921147], [-0.6301104496749853, -0.5786162622211075, -0.5956864070738961, 0.2006138853554383, 0.08450616942143946, 0.5357007998061415, 0.1785695177575985, 0.6945563550381078, 0.08819747388439356, -0.21695725090661103, 0.5315923150360601, -0.09250628342449066]], "inverted": false, "swapped": false, "error_lsq": 0.04447563150030615, "error_max": 0.2405474506085167, "target": "686.xyz", "model": "5.xyz", "model_rescale": 4.2253639853439635, "target_rescale": 3.758183302703322},
{"mapping": [7, 12, 0, 6, 4, 8, 11, 5, 1, 9, 10, 13], "R": [[0.1584491012957091, -0.18220961005477548, 0.9704089551844979], [-0.3069185854210512, -0.9432253831785337, -0.12699156842424364], [0.9384534427566043, -0.27771484391619244, -0.20537673005207252]], "T": [-0.06817268939032758, -0.002744788822041752, 0.04959682551246988], "aligned_model": [[-0.4605011466008492, -0.6250311066789997, 0.26257378890457084, -0.6651674646805905, 0.3236862257532247, 0.1404122937553627, -0.7030585734446744, -0.37319876062094115, 0.6633857094616202, 0.22410163843974, 0.23196706768229933, -0.08718668357123258], [-0.12268016869207361, 0.5123859652856094, 0.0028734075723236135, -0.23231825319734867, -0.5899748714700332, 0.5423256836757147, 0.4208278218063551, -0.024944480759858674, -0.023302926569575055, 0.49005821981502407, -0.1792614675201084, -0.05445934622524471], [-0.6294356496646417, -0.49436344301480883, -0.6809083779538682, -0.01830921879845525, -0.0005901534987965418, 0.5026479930596638, 0.2014518437606775, 0.6038598821905851, 0.10532342598113492, -0.16092001337487727, 0.7476444333122009, 0.023459140999274965]], "inverted": true, "swapped": false, "error_lsq": 0.044100225004179115, "error_max": 0.2193557006835095, "target": "686.xyz", "model": "6.xyz", "model_rescale": 3.89814844738969, "target_rescale": 3.758183302703322},
{"mapping": [8, 7, 11, 6, 9, 2, 0, 1, 10, 4, 5, 12], "R": [[0.3451115494581233, 0.8294150465652377, 0.43928202667739363], [0.9385549070244772, -0.306753330008047, -0.15816788874246862], [0.0035643976895143037, 0.46687586686415833, -0.8843156789342548]], "T": [-0.181284239781394, 0.13894826928382084, -0.0661710413923064], "aligned_model": [[-0.3293786959096634, -0.4853206383997758, 0.25934309697202784, -0.5784361295992979, 0.2340526921200308, 0.17358354593392208, -0.6235578476459972, -0.3535918078459066, 0.5180770888496549, 0.16525811720421077, -0.024616724173206372, -0.023429709106468827], [-0.3090317640960557, 0.534641590031058, 0.03218022627435636, -0.37732637536159097, -0.6516665732333751, 0.47790822724624615, 0.3785100694605813, 0.11482985295830234, 0.0513964256460909, 0.6735142360205318, -0.3612513628946683, 0.17782503166930783], [-0.5510098744819949, -0.4930941536468956, -0.7368337765435342, 0.115781476419621, -0.046954308453666105, 0.44443922689514775, 0.2469017730627434, 0.7611892283907447, 0.13908993819995552, -0.1643719090360362, 0.5063953054588604, -0.021673063266857195]], "inverted": false, "swapped": false, "error_lsq": 0.047518453080612054, "error_max": 0.28571910610425855, "target": "686.xyz", "model": "7.xyz", "model_rescale": 3.7474275329858107, "target_rescale": 3.758183302703322},
{"mapping": [4, 13, 1, 8, 3, 10, 11, 7, 0, 12, 6, 14], "R": [[0.5025574445962313, -0.257443418733357, 0.8253235129522165], [-0.00038124477614259744, -0.9547005812687837, -0.2975678994405601], [0.8645437348875571, 0.14923031285877553, -0.47989003343552095]], "T": [-0.12362154411097943, 0.04806341945063265, -0.004681521446857774], "aligned_model": [[-0.5895176425333079, -0.5422947398988687, 0.43765050605201866, -0.5299797308408697, 0.13934559097964955, 0.1880484873124812, -0.47937219807502685, -0.28336972503019786, 0.5154278560543565, -0.06414609097892263, 0.2705392283780871, -0.13034855301986925], [-0.1557065354988572, 0.5353494344762363, 0.04750776152900778, -0.47952516139601886, -0.609861289237425, 0.481666544068501, 0.47820609161577726, 0.07880513103648741, -0.057938629807229455, 0.640514447162052, -0.26494984001092786, 0.04746162978318135], [-0.5993616680637265, -0.6334715685864349, -0.5044566678876865, -0.1521048211465196, 0.10539981459415129, 0.5339403139092506, 0.26899476429351926, 0.6566906111576163, 0.11611859166740895, -0.16625834230237216, 0.6384343959660272, -0.06406556060314506]], "inverted": true, "swapped": false, "error_lsq": 0.05097881237238724, "error_max": 0.2690700446661882, "target": "686.xyz", "model": "8.xyz", "model_rescale": 4.019505241142653, "target_rescale": 3.758183302703322},
{"mapping": [1, 10, 9, 2, 0, 5, 6, 3, 8, 11, 4, 12], "R": [[-0.2011935054972504, 0.5657054079489116, -0.7996865415668086], [-0.5655278681621573, -0.7336630596991083, -0.3767183897355004], [-0.7998121052332814, 0.37645173163408097, 0.4675304161998536]], "T": [-0.09563776304353765, 0.04673022048309572, -0.032648420854150734], "aligned_model": [[-0.35079404619955773, -0.5556864593568939, 0.31125290280857576, -0.5960016670972752, -0.0484487678359876, -0.03638204749310957, -0.5722017895259981, -0.2859070163888534, 0.5752786035083, 0.2174321364616013, 0.3535950531127376, -0.08015391359400886], [-0.27127624248568577, 0.42868895845660493, 0.18439141833660197, -0.1449550095732001, -0.5899414367023511, 0.3632045129505309, 0.5920088637766582, -0.22842814983869997, 0.11232450313372516, 0.5844561521077059, -0.36068899225392204, 0.07174500581281687], [-0.5712321774293435, -0.7259322571894959, -0.5644655342290442, 0.2180803136678923, 0.09010530715086167, 0.5562976730490183, 0.027516085274078103, 0.758898349851811, -0.07394673271469934, -0.04200707862525632, 0.5328550125785487, -0.0063090983862823455]], "inverted": true, "swapped": false, "error_lsq": 0.062269644576431415, "error_max": 0.30637265176472783, "target": "686.xyz", "model": "9.xyz", "model_rescale": 3.877068213659057, "target_rescale": 3.758183302703322},
{"mapping": [0, 7, 5, 11, 12, 13, 9, 10, 3, 4, 6, 15], "R": [[-0.5721917417350753, 0.7723742302832921, -0.2757438287332526], [0.7978358070989899, 0.446392480363947, -0.405205846928727], [-0.18988058247457695, -0.45185373946534474, -0.8716499082374185]], "T": [-0.13063323116803843, 0.16255239436328361, 0.055111883699661794], "aligned_model": [[-0.34774895201837486, -0.3461216170887782, 0.28951113145636687, -0.6101156239568792, 0.0778466853445168, 0.21574731051148588, -0.7070195357829496, -0.42595688636692425, 0.4984381833653027, 0.2184791775716015, 0.2217806244306843, -0.15285750906652174], [-0.38954459701815214, 0.7178820516008271, -0.12426715646040298, -0.3984287079997122, -0.5501765642411502, 0.5738404348260309, 0.3531507171113817, -0.18855788706181703, 0.1389027464579081, 0.6493159231735712, -0.13735239346475303, 0.09676501679705327], [-0.4757512921761904, -0.5029743970334479, -0.5383598528327198, 0.04789287678802822, -0.02703902433602135, 0.6105406946932799, 0.31414163318344535, 0.5961444967808276, -0.02533183761653609, -0.25996346098654805, 0.46274672978707726, -0.0021867032531057776]], "inverted": true, "swapped": false, "error_lsq": 0.04303540810725944, "error_max": 0.26962325696796563, "target": "686.xyz", "model": "10.xyz", "model_rescale": 4.260839863003843, "target_rescale": 3.758183302703322},
{"mapping": [4, 9, 2, 5, 3, 7, 10, 6, 1, 8, 0, 11], "R": [[-0.29730378730254203, 0.9157254778701174, 0.2702911527133479], [-0.6100724827068569, 0.03556879601448626, -0.7915468568530684], [-0.7344535546237468, -0.4002270729593706, 0.548084177997247]], "T": [-0.08567315102445579, 0.09631069192354366, -0.008699912344884854], "aligned_model": [[-0.5563058404467021, -0.4395246494544133, 0.257673952369218, -0.49877948078297324, 0.18610657164576933, 0.09535191047753204, -0.6009027430365051, -0.46902285651119086, 0.6337561043217632, 0.1543594920917764, 0.20626003520993336, -0.03698950748467733], [-0.1158364059546611, 0.5210075025679212, -0.05052287060372487, -0.43108390711040434, -0.5553252473666539, 0.4360275141704557, 0.42767979272781587, -0.1284968402785018, 0.0279344253540888, 0.7237826704294991, -0.21706100589936903, 0.10342395568431909], [-0.5279314012881695, -0.5832910689463233, -0.5839475091657441, 0.0796686311033695, -0.0817714963118705, 0.5217980019515871, 0.12571280502019933, 0.7024680786549122, 0.023031394960352135, -0.26222831999815044, 0.7572031254044445, 0.029147621613481764]], "inverted": true, "swapped": false, "error_lsq": 0.04062070790912905, "error_max": 0.20356719187165134, "target": "686.xyz", "model": "11.xyz", "model_rescale": 3.890672605050136, "target_rescale": 3.758183302703322},
{"mapping": [3, 7, 8, 4, 1, 9, 12, 2, 6, 5, 11, 13], "R": [[-0.7434580896805572, -0.23339303189752644, -0.6267357988420774], [-0.6023849080008311, -0.17339717705130903, 0.7791443008862141], [-0.29052106894572544, 0.9567973200486702, -0.011678906041058867]], "T": [0.001333247869049911, 0.007479677881230315, 0.0772687599620186], "aligned_model": [[-0.43711678001909504, -0.49062492143098085, 0.2509729874617989, -0.6317224360992723, 0.26313724796636573, 0.32671116042111853, -0.49769661173866464, -0.3814220987546411, 0.5720686708682209, 0.04264817108729073, 0.06314621925453734, -0.1481186206171478], [-0.26663470063614386, 0.47797759006260304, 0.06888477093398522, -0.29224855871454286, -0.7235495015060893, 0.6193016704299995, 0.5500375124503921, -0.3594461444835903, -0.07084235763862208, 0.7464298776728019, -0.07094027335108807, 0.06255969850107945], [-0.6880325117845754, -0.436124894623167, -0.5958586134238659, 0.05580882035983393, 0.12577952997842878, 0.4317027869378629, 0.1855846965207702, 0.5510069990556834, 0.09087315732249325, -0.1619337926634224, 0.6183709977253362, 0.022682687592710873]], "inverted": false, "swapped": false, "error_lsq": 0.052313486456591514, "error_max": 0.26136959906084367, "target": "686.xyz", "model": "12.xyz", "model_rescale": 4.124412569039231, "target_rescale": 3.758183302703322},
{"mapping": [7, 3, 9, 5, 10, 1, 0, 4, 8, 6, 2, 12], "R": [[0.11610245724302325, 0.915348762235662, -0.3855604529717403], [-0.8636404172688934, 0.28476033195043415, 0.41597690201150667], [0.4905562649500504, 0.284689650007021, 0.8235935612285565]], "T": [-0.13844610441306932, 0.08315719248033776, -0.060562098146015396], "aligned_model": [[-0.3196065301579943, -0.38909315686638896, 0.18902796510681458, -0.785947726026049, 0.04601711363084296, 0.13556158116160005, -0.6155942008684756, -0.3846737381215599, 0.5721718243369911, 0.23013613491459056, 0.3507612396461869, -0.0967775183570281], [-0.3485635881518017, 0.6123235491252161, 0.07964665664823492, -0.3070681462589289, -0.6225260356422675, 0.5869986027638967, 0.3470601473048845, -0.17612760876193073, 0.147401670784238, 0.6273999713689784, -0.18947674572987733, -0.015538889729858202], [-0.47754620123669406, -0.4678855542071353, -0.6095517901536615, -0.013533233747660696, 0.05166167399186259, 0.5173028691588216, 0.13806397737751955, 0.6397375519985506, 0.015536044044684678, -0.18530080610732716, 0.5942221593796202, -0.0028468275004921717]], "inverted": false, "swapped": false, "error_lsq": 0.04043349566227882, "error_max": 0.2652873518478264, "target": "686.xyz", "model": "13.xyz", "model_rescale": 3.9028299243045295, "target_rescale": 3.758183302703322},
{"mapping": [12, 14, 1, 5, 2, 7, 10, 4, 6, 9, 3, 15], "R": [[0.8358573716300647, -0.19413743827668478, 0.5134716246795403], [0.42802281164501205, -0.3551816761554195, -0.8310490055555843], [0.343713437332873, 0.9144160059747387, -0.21378597010568312]], "T": [-0.13698937685399926, -0.09977949791972193, -0.009565811884670122], "aligned_model": [[-0.44705699568378865, -0.46318578315191006, 0.32312004031164243, -0.6213451681158273, 0.24077970533184634, 0.03680220464068684, -0.56045045769724, -0.39406483343791165, 0.49968649335242876, 0.17604655019749738, 0.23631722716672898, -0.09466599451462292], [-0.28210954450738934, 0.6053969622248621, -0.140914180245129, -0.2515690753658525, -0.7247343893823345, 0.6325158104405791, 0.4527538235678703, -0.07966131509945298, 0.09701139648116833, 0.6015686112746733, -0.17373324445227387, 0.005004728784063772], [-0.6052621395764308, -0.4330899757280512, -0.46651878308442873, 0.05722659266110344, -0.10375537466740398, 0.49458498241425586, 0.2564045693722242, 0.6172282070919725, 0.008474211037221763, -0.11427872688620648, 0.4842585172106686, 0.004587783153163407]], "inverted": true, "swapped": false, "error_lsq": 0.03493812187530136, "error_max": 0.21421166439510952, "target": "686.xyz", "model": "14.xyz", "model_rescale": 3.942246331269136, "target_rescale": 3.758183302703322},
{"mapping": [5, 9, 0, 3, 12, 11, 10, 4, 8, 6, 13, 14], "R": [[0.8945874083826781, -0.18488973610891363, -0.40685274270273725], [-0.2911895667834575, -0.9317675978471568, -0.21683583605714574], [-0.3390014822380955, 0.31244988251512484, -0.8873855227333038]], "T": [-0.12088331290179993, 0.06440287028435471, -0.04973406631525618], "aligned_model": [[-0.5018175317798927, -0.4668944709761444, 0.3499631932696404, -0.5451757611421686, 0.1588349619612321, 0.1517278936402945, -0.601599530331662, -0.42842251320130487, 0.625125522002443, 0.08423463646915286, 0.18185961277909718, -0.07585302429115709], [-0.17101929872378743, 0.6611247989274134, -0.11685425400245891, -0.5070043243812037, -0.6773536573221881, 0.43958986062472, 0.509804397238915, -0.0003735090604086583, 0.26855859862902265, 0.5844294613497665, -0.25799117054500564, 0.008618680985999883], [-0.49945073424780373, -0.464898521076163, -0.5846797695316479, 0.050354228461292554, 0.14934179516343157, 0.49710126264909676, 0.23227641953524109, 0.44512716461795093, -0.07487731822632415, -0.06671525500047837, 0.632423283489907, -0.11614269283641407]], "inverted": true, "swapped": false, "error_lsq": 0.042054353624742996, "error_max": 0.25200289298583395, "target": "686.xyz", "model": "15.xyz", "model_rescale": 4.355366556412066, "target_rescale": 3.758183302703322},
{"mapping": [9, 7, 5, 1, 0, 6, 10, 8, 4, 3, 2, 11], "R": [[-0.8539849903156786, -0.3768358719919006, -0.35875390157548687], [-0.3116287205898596, 0.9226147775096686, -0.22730928890899282], [0.4166499451806725, -0.08232070153302064, -0.9053320524978965]], "T": [-0.13368737739086595, 0.03993489913131301, -0.010843274712625733], "aligned_model": [[-0.5713208922105368, -0.41185577684585695, 0.16777034521357276, -0.4344497291436799, 0.2521296269332604, 0.11213816377754143, -0.6146888897602756, -0.4450369892890524, 0.6096609350401849, 0.16122471916293768, 0.1455370794858576, -0.039125603964422995], [-0.23113417044167114, 0.5894271984668861, -0.02510685005040307, -0.3929427641884635, -0.5368424797454291, 0.6154043842305975, 0.38903987482604363, -0.0017215229520344821, 0.09515308198540547, 0.5811704980722879, -0.4398473978884391, 0.09892973140600445], [-0.5446503292364769, -0.6597975676295539, -0.5771053114610963, 0.11860246593469752, -0.1604666451360899, 0.522542737503981, 0.19891625339709199, 0.687985944398134, 0.1859153841182977, -0.2369138180931276, 0.6157092385640754, 0.0491215106381558]], "inverted": false, "swapped": false, "error_lsq": 0.043714585082237384, "error_max": 0.2808199973038234, "target": "686.xyz", "model": "16.xyz", "model_rescale": 3.795458400668931, "target_rescale": 3.758183302703322},
{"mapping": [8, 7, 11, 6, 9, 2, 0, 1, 10, 4, 5, 12], "R": [[0.3451115494581233, 0.8294150465652377, 0.43928202667739363], [0.9385549070244772, -0.306753330008047, -0.15816788874246862], [0.0035643976895143037, 0.46687586686415833, -0.8843156789342548]], "T": [-0.181284239781394, 0.13894826928382084, -0.0661710413923064], "aligned_model": [[-0.3293786959096634, -0.4853206383997758, 0.25934309697202784, -0.5784361295992979, 0.2340526921200308, 0.17358354593392208, -0.6235578476459972, -0.3535918078459066, 0.5180770888496549, 0.16525811720421077, -0.024616724173206372, -0.023429709106468827], [-0.3090317640960557, 0.534641590031058, 0.03218022627435636, -0.37732637536159097, -0.6516665732333751, 0.47790822724624615, 0.3785100694605813, 0.11482985295830234, 0.0513964256460909, 0.6735142360205318, -0.3612513628946683, 0.17782503166930783], [-0.5510098744819949, -0.4930941536468956, -0.7368337765435342, 0.115781476419621, -0.046954308453666105, 0.44443922689514775, 0.2469017730627434, 0.7611892283907447, 0.13908993819995552, -0.1643719090360362, 0.5063953054588604, -0.021673063266857195]], "inverted": false, "swapped": false, "error_lsq": 0.047518453080612054, "error_max": 0.28571910610425855, "target": "686.xyz", "model": "17.xyz", "model_rescale": 3.7474275329858107, "target_rescale": 3.758183302703322},
{"mapping": [0, 4, 8, 2, 1, 12, 9, 7, 10, 5, 11, 13], "R": [[-0.9716207635649514, -0.06977848454964353, -0.22601781988023856], [-0.19119812288112248, -0.3308986154023108, 0.924093817819148], [-0.13927084984373433, 0.9410829237738769, 0.3081664500963971]], "T": [-0.06861069224015794, 0.011286680621253868, 0.027053073468472147], "aligned_model": [[-0.4191523654749757, -0.3298986280937686, 0.26535013540395624, -0.699442759791239, -0.08849450339693683, 0.027376179412121907, -0.5191438660353092, -0.26984938134801206, 0.5752447617843025, 0.1516958125034641, 0.3942215865961215, -0.15592398316019423], [-0.3602532247680997, 0.48655715930528576, 0.0873190055242343, -0.3140464231856623, -0.6781224002727589, 0.5223050511973167, 0.4801568739728305, -0.12789956793642307, 0.25993608119951783, 0.6920797258014043, -0.27800025740829787, -0.028502439708563213], [-0.6349295734414551, -0.6014947836509489, -0.6050416206935699, 0.03353365417308558, 0.0803275518275396, 0.5645320672139896, 0.18486551579352511, 0.7394781293549774, 0.034990351243778056, -0.07880442637107453, 0.5001661793519988, -0.01776318180375666]], "inverted": false, "swapped": false, "error_lsq": 0.045921421501784625, "error_max": 0.229675426684882, "target": "686.xyz", "model": "18.xyz", "model_rescale": 3.922800546911778, "target_rescale": 3.758183302703322},
{"mapping": [7, 10, 13, 3, 12, 1, 2, 0, 8, 6, 5, 14], "R": [[0.7043455720020442, 0.606755231496216, -0.3684364317668474], [-0.3291802921580194, 0.7390325134845093, 0.5877680488658172], [0.6289178407835753, -0.2927098103322504, 0.720266142810686]], "T": [-0.04836084464415945, 0.11506824839431236, -0.0657694388777478], "aligned_model": [[-0.4481401092283855, -0.3890976366823634, 0.2633042521513935, -0.46305446470862643, 0.09979729662642504, 0.0003863569977479303, -0.6560870221348252, -0.4148597279276319, 0.560082900978572, 0.25109018393788807, 0.23835066409674427, -0.10978970570740829], [-0.430862496916736, 0.7480904682513917, -0.15167409644389834, -0.330384803579912, -0.657184224128952, 0.5649593846821699, 0.44250445087742657, -0.11011182813923602, 0.13614293925522528, 0.7363801068892284, -0.26210676613572076, 0.05577644910979804], [-0.4904424660307257, -0.43153159517885475, -0.6167024073320027, 0.13108081778904387, -0.048759782106857635, 0.5200673129205234, 0.12549840809033785, 0.6507604888720923, -0.004591666449220155, -0.05749732380004097, 0.5326194308010751, -0.11064135457728155]], "inverted": true, "swapped": false, "error_lsq": 0.04124945947067055, "error_max": 0.2534251102966891, "target": "686.xyz", "model": "19.xyz", "model_rescale": 3.9282355846067225, "target_rescale": 3.758183302703322},
{"mapping": [9, 8, 7, 11, 10, 3, 4, 0, 5, 6, 1, 13], "R": [[-0.7024155235513564, 0.3321347833009527, 0.6295227700375129], [0.32285894138336846, -0.6395485968134547, 0.6976673249355685], [0.6343299900232408, 0.6932994144203286, 0.34199617793411813]], "T": [-0.030062550139393428, 0.06481845853406347, -0.11919386140777166], "aligned_model": [[-0.4960088954344587, -0.5622359624614839, 0.39297675133168486, -0.6451207800107482, -0.046821169876995715, 0.05237493896482152, -0.5009405020867832, -0.3440627473223816, 0.5760017018100738, 0.2336708274735689, 0.27648207496231725, -0.0043332489500850085], [-0.17413211003407836, 0.47672865824495414, -0.034392108871921664, -0.24061752320145663, -0.7865656039590965, 0.45475481443234395, 0.37375883620317607, -0.12321917337426401, 0.3129230565999275, 0.6520413792525751, -0.14224855382879276, -0.02750208774258213], [-0.5711025405951915, -0.4737964921365668, -0.5656160708748493, 0.08519646677516671, 0.011568043551582391, 0.5191702728295138, 0.16750745068429035, 0.5923134915775586, 0.12333527741084704, -0.23080927688763903, 0.5324612939612202, 0.009631946702156224]], "inverted": true, "swapped": false, "error_lsq": 0.04187871329382079, "error_max": 0.22092637555027908, "target": "686.xyz", "model": "20.xyz", "model_rescale": 4.067790424073018, "target_rescale": 3.758183302703322},
{"mapping": [9, 10, 12, 8, 0, 6, 5, 4, 3, 11, 2, 14], "R": [[0.34862313204806383, -0.932663138029428, -0.09274364000888996], [-0.27686376208656155, -0.1970123196602697, 0.94049593467774], [-0.8954375293923493, -0.302201285343362, -0.32690367708630297]], "T": [-0.18872656068194366, 0.07036717005836154, 0.01694806550246592], "aligned_model": [[-0.3611954933937547, -0.4021090615008761, 0.2633456273896345, -0.5870527949506219, 0.07956705743480508, 0.1080828728355403, -0.6827571714612235, -0.36883318122762754, 0.6616682801771256, 0.16970154800063764, 0.2478789574568499, -0.19631365236095946], [-0.08557768952754455, 0.48221188719011543, 0.03440144120519152, -0.2912796576534351, -0.5868582669695597, 0.48855586391913297, 0.23359948641473585, -0.04990886916491691, 0.08562316359321626, 0.5527204829925672, -0.22303992331413394, 0.10108166503541588], [-0.7246620527448995, -0.6584323153708554, -0.6005882249436287, 0.20593399043969907, 0.03999777097219138, 0.5504077914400703, 0.2957940577058151, 0.788678442227817, 0.03541116254392912, -0.22158249100292599, 0.5432652993342981, -0.054363567603421946]], "inverted": false, "swapped": false, "error_lsq": 0.042540952751815804, "error_max": 0.22277715523294506, "target": "686.xyz", "model": "21.xyz", "model_rescale": 4.186013935880536, "target_rescale": 3.758183302703322},
{"mapping": [10, 4, 7, 9, 1, 5, 11, 8, 0, 6, 2, 12], "R": [[0.07264414894524607, 0.6040297850218901, 0.7936440300477479], [-0.5509251760854774, 0.6876282026966865, -0.4729153256253287], [-0.8313869604337121, -0.4028839456500275, 0.38272738124970773]], "T": [-0.0985115061807932, 0.10397702743286685, 0.03536868036798044], "aligned_model": [[-0.5824259279251206, -0.369851146942585, 0.09012326390251114, -0.46064618346351766, 0.34323380760818045, 0.19288212835055607, -0.6312665924907926, -0.5232048343974592, 0.6198143380725609, 0.21988175651876152, 0.14157600030535078, -0.10813362113891511], [-0.13481056746946307, 0.4975167985179487, -0.10697173798235507, -0.4000539395328241, -0.4675223678094137, 0.5293623346396805, 0.4016780439029078, -0.1552028763952238, 0.07489340880603879, 0.4593290062691482, -0.10489719218194568, 0.14820867295628598], [-0.6011112875701154, -0.5115475807671488, -0.6415665320166802, 0.019181645824871692, -0.08027194794030415, 0.6121492853487922, 0.1981940515955281, 0.6185748918605614, 0.10572893627745561, -0.2513429350609486, 0.7050169107655231, 0.02685442468055399]], "inverted": true, "swapped": false, "error_lsq": 0.049658052217955495, "error_max": 0.3206260300295965, "target": "686.xyz", "model": "22.xyz", "model_rescale": 4.166573947596378, "target_rescale": 3.758183302703322},
{"mapping": [9, 11, 4, 10, 7, 6, 12, 13, 1, 2, 5, 15], "R": [[0.589987672782923, 0.0444082565342972, 0.8061900847292622], [-0.7911267006524861, -0.1677354244224437, 0.5882035114724619], [0.1613477284590722, -0.9848313226869904, -0.0638292752245456]], "T": [-0.14616414982227455, 0.047270462805873686, -0.12911470979788195], "aligned_model": [[-0.5957028524348266, -0.532616603607257, 0.4331203857699827, -0.48788114738361055, 0.046065668162155016, 0.11133275768601941, -0.5318193017803432, -0.38915018467281537, 0.5042222067999602, 0.2739447462636267, 0.19096121442744907, -0.09049390083080996], [-0.06313088005379627, 0.6373253977891155, -0.02134093876381951, -0.5552545757943254, -0.5855871488968928, 0.5648172977529969, 0.5147270994322057, -0.32181998570870396, 0.17296379465212428, 0.5613589297811408, -0.2129502444775708, 0.0504208380083101], [-0.5114439718617466, -0.4820778836445203, -0.5758533534844328, 0.1557261309212347, 0.14278341089764515, 0.3658077570863203, 0.12015572942709579, 0.5930647461399506, 0.13413010841547843, -0.2387997258283175, 0.5848136153733082, -0.08844670044392791]], "inverted": true, "swapped": false, "error_lsq": 0.047104287524261, "error_max": 0.26532452163508136, "target": "686.xyz", "model": "23.xyz", "model_rescale": 4.274766983524099, "target_rescale": 3.758183302703322},
{"mapping": [2, 0, 1, 9, 6, 5, 8, 10, 4, 3, 11], "R": [[-0.1775294362347219, 0.9416270502149824, 0.2860450970976656], [0.9798160325546539, 0.1419824623837228, 0.14071788345591438], [0.09189037827237069, 0.3052531386880172, -0.9478273469899858]], "T": [0.01645166639942955, 0.029024886322459163, 0.09284981315536234], "aligned_model": [[0.30703861772545593, 0.35433030245060715, -0.5296599775866822, -0.4589410821489577, -0.5143360014115567, -0.6727735620995753, -0.035944468843402584, 0.09686496424722707, 0.6360641843496948, 0.2230847165516179, -0.025832989276353573], [-0.16472418197599792, 0.6283936204169687, 0.4750605751114768, -0.16174224115086588, 0.4858350634922629, -0.2523663504152238, -0.5620167000098453, -0.22888732304219425, -0.006686253994253821, 0.6296022586079032, 0.07311806420325292], [-0.5355921604167763, -0.415614300572306, -0.5695640598356528, -0.25712172644346454, 0.23702816364564436, 0.41161206186009236, 0.05231363684727428, 0.7125814319306865, 0.33767813254473006, 0.32968811521026364, 0.07655713925108573]], "inverted": true, "swapped": true, "error_lsq": 0.04365995104336746, "error_max": 0.25536362580983857, "target": "686.xyz", "model": "24.xyz", "model_rescale": 3.7841303162186577, "target_rescale": 3.758183302703322},
{"mapping": [10, 0, 11, 9, 12, 4, 8, 2, 3, 6, 5, 15], "R": [[-0.588455076871947, 0.26200278504091146, -0.7649020611388342], [-0.5297036542864013, 0.5898092291120547, 0.6095400822668483], [0.6108474941744979, 0.763858372923312, -0.20829240258753276]], "T": [-0.17426857266581702, 0.06990042721429969, -0.11106907744455186], "aligned_model": [[-0.5429227931648282, -0.6081743616159516, 0.34261565400805455, -0.501599443392829, 0.04305176559105539, 0.12567914803859614, -0.6401733572624786, -0.37400009351436686, 0.6001477849409818, 0.36035964328982023, 0.24180175723280312, -0.11480271575132613], [-0.20276269154606885, 0.60615524096226, 0.02447408649235437, -0.3889808799078346, -0.5562307928660991, 0.46799536570261874, 0.2838440414981756, -0.06555637277630925, 0.06640572582687256, 0.5514635130457759, -0.15075420207431006, 0.10547654936334908], [-0.7395625099109017, -0.36697236073590517, -0.6769265797780044, 0.045210017667690006, 0.2575818038085456, 0.4441391066202761, 0.1832413797871839, 0.6034600002304236, 0.11089709062252698, -0.1766138507799417, 0.6288875162791899, -0.1134817508129943]], "inverted": true, "swapped": false, "error_lsq": 0.04352826099988599, "error_max": 0.23408686668607032, "target": "686.xyz", "model": "25.xyz", "model_rescale": 4.19342608120988, "target_rescale": 3.758183302703322},
{"mapping": [9, 7, 5, 1, 0, 6, 10, 8, 4, 3, 2, 11], "R": [[-0.8539849903156786, -0.3768358719919006, -0.35875390157548687], [-0.3116287205898596, 0.9226147775096686, -0.22730928890899282], [0.4166499451806725, -0.08232070153302064, -0.9053320524978965]], "T": [-0.13368737739086595, 0.03993489913131301, -0.010843274712625733], "aligned_model": [[-0.5713208922105368, -0.41185577684585695, 0.16777034521357276, -0.4344497291436799, 0.2521296269332604, 0.11213816377754143, -0.6146888897602756, -0.4450369892890524, 0.6096609350401849, 0.16122471916293768, 0.1455370794858576, -0.039125603964422995], [-0.23113417044167114, 0.5894271984668861, -0.02510685005040307, -0.3929427641884635, -0.5368424797454291, 0.6154043842305975, 0.38903987482604363, -0.0017215229520344821, 0.09515308198540547, 0.5811704980722879, -0.4398473978884391, 0.09892973140600445], [-0.5446503292364769, -0.6597975676295539, -0.5771053114610963, 0.11860246593469752, -0.1604666451360899, 0.522542737503981, 0.19891625339709199, 0.687985944398134, 0.1859153841182977, -0.2369138180931276, 0.6157092385640754, 0.0491215106381558]], "inverted": false, "swapped": false, "error_lsq": 0.043714585082237384, "error_max": 0.2808199973038234, "target": "686.xyz", "model": "26.xyz", "model_rescale": 3.795458400668931, "target_rescale": 3.758183302703322},
{"mapping": [8, 11, 5, 1, 6, 3, 9, 2, 7, 10, 0, 12], "R": [[-0.8561051165389537, -0.398034052317861, -0.32962542776801523], [-0.17438267458668963, 0.8228971283526786, -0.5407688960664326], [0.48649225301110127, -0.4054740550816265, -0.7738966845877071]], "T": [-0.2277628475497271, 0.1407440983387186, -0.009465480788294591], "aligned_model": [[-0.4010602545694549, -0.5234763027258078, 0.2951098958672145, -0.493325329595647, 0.05198910812019153, 0.14130869935294937, -0.5214536034010874, -0.5156345613379452, 0.5804578834505673, 0.22673082830125607, 0.1552808030956847, -0.0639441781583909], [-0.23403038651805608, 0.5620567834829509, -0.08899009386558793, -0.3781517280291661, -0.5992491241651057, 0.4755304868109446, 0.30904590075183835, -0.015629937072616368, 0.19623964586485826, 0.5879866951259223, -0.18880508479723623, 0.11552642613203856], [-0.609685277468436, -0.5060777696995895, -0.5000638531909255, 0.09337838173558063, -0.24470117880865822, 0.535310460501743, 0.2547210694888914, 0.8075485652041909, 0.05304526081296887, -0.3274214317307673, 0.650798170859723, -0.006992534706632584]], "inverted": false, "swapped": false, "error_lsq": 0.0433834584820914, "error_max": 0.3172045135778228, "target": "686.xyz", "model": "27.xyz", "model_rescale": 3.6321398670334006, "target_rescale": 3.758183302703322},
{"mapping": [4, 7, 6, 1, 13, 10, 3, 2, 9, 8, 11, 14], "R": [[-0.38010022112267156, -0.5362822162587348, 0.7536081252395808], [0.07520140235821676, -0.8299801293151647, -0.5527004016873336], [0.9218831655832824, -0.1534091570493818, 0.35580480540254705]], "T": [-0.08832082304523659, 0.18199892346328353, 0.04599265710707131], "aligned_model": [[-0.4819574295820236, -0.41000646589643497, 0.22284410966946916, -0.5817279095524037, 0.24159762703270293, 0.3661957864831056, -0.7114047576932403, -0.3522300621472696, 0.5702700053705447, -0.01623690192192681, 0.18320343888207535, -0.09856445224506856], [-0.1924221795936115, 0.5780867800010747, -0.240355419280144, -0.2685389859367383, -0.5644270637548163, 0.571210826338156, 0.4692593519096889, -0.3773084444171265, 0.06873294284349288, 0.6845190504391121, -0.10600819499739936, 0.11878092016909611], [-0.5795681408485643, -0.5375483792310477, -0.527331536482547, 0.017144167991152537, 0.06788772088192263, 0.5425813997503048, 0.0744168825952482, 0.5469625618755005, 0.044944047989668605, -0.05048037588271607, 0.5518111139861336, 0.04904040037303316]], "inverted": true, "swapped": false, "error_lsq": 0.051685174084601014, "error_max": 0.28272104392315706, "target": "686.xyz", "model": "28.xyz", "model_rescale": 4.156811204709835, "target_rescale": 3.758183302703322},
{"mapping": [7, 6, 3, 0, 9, 5, 10, 8, 2, 11], "R": [[0.43992668613233843, 0.15306171298648924, 0.8848935658293944], [-0.5410308401411654, 0.8316427515042558, 0.12512379424624054], [-0.7167636575920713, -0.533800005515242, 0.4486729468857732]], "T": [-0.09623831281008918, 0.10079273289674198, 0.01797565204714637], "aligned_model": [[-0.4876842038313661, -0.11028240669510728, 0.13841839567605865, 0.7397606668572372, -0.09505691492709425, -0.7182241723830006, -0.6852444104278894, -0.42370233269843205, 0.35697386538858344, -0.07203311284840148], [-0.09569506200713968, -0.5526874686538518, 0.07322795185439449, 0.13002531677796333, -0.2888586720620093, -0.391547213137176, 0.3291110517824478, 0.2825071644963303, 0.38931762348591203, 0.04331963808933266], [-0.6327285460818777, -0.27179127605986897, -0.6173661385233064, -0.16144499641210672, 0.5007186765837008, 0.18093817210077595, -0.22284554251482472, 0.47999932501129006, 0.4957526930795105, 0.007554359791806499]], "inverted": true, "swapped": true, "error_lsq": 0.055968120499354415, "error_max": 0.30845213761421914, "target": "686.xyz", "model": "29.xyz", "model_rescale": 4.117894457231895, "target_rescale": 3.758183302703322},
