[{"mapping": [3, 5, 0, 9, 2, 1, 12, 11, 4, 4, 8, 7, 6, 13], "R": [[0.8697879435277893, -0.3866918689061837, -0.3064936081153115], [-0.46635900541069764, -0.8471514105475666, -0.2546443906305681], [-0.16117757711928854, 0.36442267510284165, -0.9171793186203255]], "T": [-0.2531747104730474, -0.045675527972503266, -0.08466931242109786], "aligned_model": [[-0.07035563777396506, -0.27626641311541594, -0.5657944043992642, -0.28924785933942104, 0.1266430070284309, -0.7393229811844022, -0.7522973187908616, -0.23391962881002532, 0.6504174637991658, 0.6504174637991658, 0.3390277129129321, 0.18307937559795573, 0.41903787309994034, -0.18390753114123692], [-0.5120769859524064, 0.010546258168700862, -0.4922880891627245, 0.18822540511194716, -0.569068096376631, -0.3308883063858158, 0.14201990321009908, 0.5973315553247478, 0.0009233608958795492, 0.0009233608958795492, 0.4340474256855701, 0.42847283381897505, -0.2544509545781, 0.0860104376087571], [-0.23382417305058145, -0.8387960553985411, 0.4614246188189556, 0.6086792674413797, 0.3313318489006003, -0.20859527151397617, 0.14064570028956153, -0.3552852275166317, 0.22315198762379318, 0.22315198762379318, -0.2571260000039431, 0.31062827911252144, -0.3831477001134623, -0.018331339948726197]], "inverted": true, "swapped": false, "error_lsq": 0.059595866947390115, "error_max": 0.3827523951197063, "target": "688.xyz", "model": "0.xyz", "model_rescale": 3.8414455957264533, "target_rescale": 3.968937698676009},
{"mapping": [7, 0, 2, 6, 9, 4, 3, 1, 8, 12, 11, 10, 13, 14], "R": [[-0.37765160709165435, -0.9110023675228118, -0.16569233545617723], [0.0317464668953123, -0.1915772371205673, 0.9809639769415159], [-0.9254033852870627, 0.3652024761486175, 0.10127055798287526]], "T": [-0.09045267411662491, -0.0631292578468575, 0.043908472082849155], "aligned_model": [[-0.2612291237863462, -0.2028386427021114, -0.6481914247163876, -0.1656799371993387, 0.16755324516955125, -0.5946109714424619, -0.660078964384247, -0.31948946357709607, 0.6206113483558473, 0.49796421830383897, 0.3586303600085571, 0.034894677903937604, 0.5322461177624642, -0.1022703180132101], [-0.6354453124666632, -0.22095697888389365, -0.392928256558323, -0.20178301472053298, -0.6805745328189494, -0.11479728415395946, 0.46814159364198293, 0.5980057232371346, -0.0849687355033434, 0.4226509719446062, 0.4079713264061866, 0.44778518865948513, -0.30674316614078784, 0.02337058562193614], [-0.19325126311211682, -0.6546451579589139, 0.39712913136930866, 0.8088549854924748, 0.17696469336308257, -0.1535049548749755, -0.0376639119348151, -0.4649535691714097, 0.3877302146494448, 0.052433313727690854, -0.5062315738212231, 0.48167070218378044, -0.3135065232900492, 0.02288183564246321]], "inverted": true, "swapped": false, "error_lsq": 0.051060669401318086, "error_max": 0.3858260024266728, "target": "688.xyz", "model": "1.xyz", "model_rescale": 4.316132596720782, "target_rescale": 3.968937698676009},
{"mapping": [7, 1, 10, 3, 11, 6, 8, 2, 12, 5, 4, 13], "R": [[0.28706756538426637, -0.6229572696183481, -0.7276788117940518], [0.051171763962580274, -0.7485946947251246, 0.6610502504366484], [-0.9565425570654493, -0.22700269438720433, -0.18301943411463611]], "T": [0.014455223246902543, -0.0002838506994697163, -0.14690830643047828], "aligned_model": [[-0.15166026958073894, 0.5028009776549032, 0.13963637319483288, -0.41635298389833, -0.6489732080254421, -0.5418949158958255, -0.17432859919242966, 0.002866557966072547, 0.5732832177893716, 0.10919569463173592, 0.2685753394245419, -0.06533962943691131], [-0.7395357677636488, -0.3041389200068733, -0.5224699701007277, 0.47912045972474676, -0.2029440180559551, -0.1880005980436011, 0.31141996882583617, 0.6089582518674651, 0.08284106701293674, -0.08304655682947024, 0.6445846868189945, -0.07401217570872276], [0.009565003387163457, 0.22360425782183455, -0.44734095163696486, -0.11211956409009669, -0.3989825791950884, 0.40532926205018094, -0.7042004958487696, 0.5628536405146789, -0.4963306332959624, 0.7033010787248866, -0.22986639822931032, -0.06655415899313114]], "inverted": false, "swapped": true, "error_lsq": 0.04148994761892751, "error_max": 0.23968762857574505, "target": "688.xyz", "model": "2.xyz", "model_rescale": 3.795458400668931, "target_rescale": 3.968937698676009},
{"mapping": [7, 11, 6, 4, 1, 0, 3, 10, 8, 12, 5, 13], "R": [[-0.8786660003441678, 0.1806025444835265, 0.4419601574409836], [0.4371572944106039, 0.6764776205346721, 0.5926816420805936], [-0.1919363430483757, 0.7139753145885537, -0.6733496048676291]], "T": [0.10844017434627948, -0.0274808086185681, 0.0912578313733703], "aligned_model": [[-0.035220387772816636, -0.14306632492200302, -0.6492228031423901, 0.27024547989955544, 0.21139755514258907, 0.08220731351697072, -0.26593556906855387, 0.46873132917063, 0.34442710858243253, 0.7337753883103213, -0.42822340749550436, 0.0041881435223345], [-0.11004095125172082, -0.7000830075065181, -0.07374856265493464, 0.16037493258628677, 0.5516378928808231, 0.5112290002971579, -0.2728808294572226, -0.1889700807300774, -0.5150790043704088, 0.1488944922059713, 0.6120878384631812, -0.03765267517282833], [-0.6644650783400647, -0.07933123252041356, -0.17991645590043803, 0.7438248951403281, -0.25818507751758607, 0.3500243005349012, 0.5562912638334594, -0.3806743000307422, 0.4784675335729325, 0.22961268447488148, -0.11276561493908703, 0.005888512330929338]], "inverted": true, "swapped": true, "error_lsq": 0.042177963460432295, "error_max": 0.2807396831266955, "target": "688.xyz", "model": "3.xyz", "model_rescale": 3.7530521520055578, "target_rescale": 3.968937698676009},
{"mapping": [11, 7, 6, 5, 3, 1, 8, 10, 12, 0, 13], "R": [[-0.7491518953665435, -0.5633709090614618, 0.3484030087298011], [-0.11738862966658112, -0.40473177971828195, -0.9068693930831908], [0.6519136041637097, -0.7202814764446844, 0.23707224088228418]], "T": [-0.07927442058776965, -0.07010862542467378, 0.13137113885007506], "aligned_model": [[-0.32241158268739967, -0.391261768021548, 0.30210474345402627, 0.5225626804939931, 0.29277694910822016, -0.03393093016241447, -0.30085970105342236, -0.6490245797226787, -0.3667929245508228, 0.3374392407029191, -0.0524025251156678], [-0.6848202185599158, 0.06553521486389263, -0.29758377146894816, 0.35283677316330664, -0.580654979172988, 0.5878864738904105, -0.536494392502022, 0.0866100989969634, 0.26625278441386035, 0.29578530947115766, -0.08814993478137119], [-0.1969028983726706, -0.5634930882898219, -0.5413356158104834, -0.313140632226011, 0.2638651378548326, -0.05049545075430675, 0.5517964792575415, -0.040187700866211595, 0.6268391537525739, 0.35570985524068754, 0.00017553745918658104]], "inverted": false, "swapped": true, "error_lsq": 0.044765977358253946, "error_max": 0.2631209630769499, "target": "688.xyz", "model": "4.xyz", "model_rescale": 3.7855080009869324, "target_rescale": 3.968937698676009},
{"mapping": [6, 8, 11, 1, 4, 13, 14, 9, 0, 5, 10, 2, 7, 16], "R": [[-0.4785038651773478, 0.3317592072163306, -0.8130005408593101], [0.7759060686820467, -0.2737253216694838, -0.5683697923529265], [-0.4111007462808963, -0.9027791959854468, -0.1264353578045348]], "T": [-0.12358245196061449, 0.028318466919404685, -0.031632894986838425], "aligned_model": [[-0.14363810910751565, -0.2835036930859208, -0.5761238453097685, -0.09505316875273742, 0.32058813521025153, -0.7487380073904893, -0.5955296844880763, -0.08478455053808934, 0.40412579923218506, 0.6814253429949257, 0.24206707202918828, -0.12535029774721304, 0.4104615009577398, -0.14843537232148224], [-0.6158836201074825, -0.14869187275247714, -0.5459765927195545, -0.17366591265078155, -0.4876065204019218, -0.2662293552901471, 0.5048612516428578, 0.7236982216653002, 0.05216857749147239, 0.1118070360005867, 0.2845875664587711, 0.5881914453591653, -0.372891691887061, 0.0753595754561508], [-0.1349697700778307, -0.6937525293806592, 0.28114130484465427, 0.697402309511999, 0.25739077327430115, -0.24909496253466018, 0.057081154467325784, -0.17946976042908414, 0.5423262125889983, -0.021867982652405277, -0.6074721505969414, 0.4503679455860362, -0.3710396372559599, -0.024134985081031634]], "inverted": false, "swapped": false, "error_lsq": 0.043231858001181525, "error_max": 0.28314419449124223, "target": "688.xyz", "model": "5.xyz", "model_rescale": 4.2253639853439635, "target_rescale": 3.968937698676009},
{"mapping": [2, 3, 10, 8, 5, 4, 1, 0, 11, 12, 7, 9, 6, 13], "R": [[0.4692965265885847, 0.17778330710933604, 0.8649588810140965], [0.7978135541047013, 0.3344792622553726, -0.5016145492386825], [-0.37848950186063934, 0.9254818846602939, 0.015132023886971623]], "T": [-0.08766152137398654, -0.010468604343679272, 0.04656439840122574], "aligned_model": [[-0.2610592317586092, -0.060622098045938266, -0.5755589526729157, -0.13838932151196162, 0.05352998896429163, -0.6698660549718264, -0.7529641825362795, -0.2209017922157216, 0.6180414207999922, 0.7363566980007872, 0.3524520490766018, -0.0925777917504882, 0.35619780452568167, -0.08712741422061612], [-0.6136520966485612, -0.1103061330172144, -0.5013931464733995, 0.004325754518753493, -0.5706002782993911, -0.09894222194213956, 0.24524181475909604, 0.6860036979656632, -0.18281389632812406, 0.42354508355699416, 0.2799534288004657, 0.5171682256076693, -0.3244730440700755, -0.02432908016485716], [-0.19065811461448579, -0.6550842388473544, 0.4063722149585797, 0.7834990582169399, 0.3055214058187755, -0.3460188567863703, 0.22175096344238643, -0.3279165913279521, 0.3255522951834609, -0.016442405376747335, -0.5461803221965777, 0.35343836837890247, -0.29710416106721527, -0.012821693517600125]], "inverted": false, "swapped": false, "error_lsq": 0.046009729067727836, "error_max": 0.2588913126827943, "target": "688.xyz", "model": "6.xyz", "model_rescale": 3.89814844738969, "target_rescale": 3.968937698676009},
{"mapping": [7, 10, 1, 11, 5, 12, 8, 6, 3, 4, 0, 2, 13], "R": [[-0.7748571669523443, 0.06602028953100753, -0.6286793238152728], [0.3205398325334782, -0.8161535339540402, -0.4807781450666625], [-0.5448399641931532, -0.5740511565919652, 0.6112402825676908]], "T": [-0.1508554039049962, 0.08497602994330856, -0.11921910337087606], "aligned_model": [[0.3216393526281411, -0.11579504516666345, 0.4088814953578599, -0.3892869722590857, 0.6245282467550382, -0.3783958687156273, -0.8135942622724105, 0.30056892101857746, -0.44706525823202076, -0.49680803962517167, 0.05895265115376247, 0.13652878686349756, -0.06152220660167536], [-0.3069384731718987, 0.05231063845285901, 0.44263442227652317, -0.5998057499272526, 0.12103447326757057, 0.6534133016696831, 0.02064912223372374, -0.5202469067892401, -0.17717938335931505, 0.5288528371352021, 0.5265266715236309, 0.23888564348722685, -0.016355331328227446], [-0.5900942225079707, -0.7326619950464686, -0.2831218710661592, -0.2569658529251397, 0.24978144406041564, -0.3768988405004743, -0.12274637745737045, 0.16300538585560626, 0.39084826695026775, 0.2938240699144806, 0.22555635649264127, 0.7575901209132037, -0.11584145384673666]], "inverted": false, "swapped": true, "error_lsq": 0.04882845159731657, "error_max": 0.261525555022327, "target": "688.xyz", "model": "7.xyz", "model_rescale": 3.7474275329858107, "target_rescale": 3.968937698676009},
{"mapping": [7, 5, 10, 12, 11, 6, 0, 3, 13, 4, 8, 1, 9, 14], "R": [[0.9042786190483848, -0.08845795501225893, 0.4176785478415138], [0.37630818641202135, -0.2969806979541383, -0.8776073232841489], [0.20167381577994192, 0.9507773952075861, -0.23526584280561427]], "T": [-0.03376369933118925, 0.0337166758391694, 0.06907553110238494], "aligned_model": [[-0.2769815384565585, -0.158079893892012, -0.5785333214815731, 0.03295595576639834, 0.1204388846826531, -0.7357045189262974, -0.6319187093472222, -0.3388871420757167, 0.687188325405628, 0.6788557242021677, 0.36279919265750205, -0.2111744008066657, 0.30107228909489925, 0.005480274859794708], [-0.5207022662415839, -0.10569099159704709, -0.4376241003690454, -0.14815358249478464, -0.5558736589244211, -0.06659876259931378, 0.2997718826337574, 0.4353146884681265, 0.017831041427097932, 0.34851917055113224, 0.238110092195024, 0.6424237274280369, -0.49025534094601875, 0.07265620873391847], [-0.24292182676665475, -0.6223956903174198, 0.3064092437388916, 0.6548351367057037, 0.19189554505238554, -0.3360836931475232, 0.1441651346249117, -0.4405844123155881, 0.6058135056670494, -0.0037172732922566426, -0.4468426018455397, 0.4725640543565414, -0.3710138082017903, 0.09178460800603157]], "inverted": false, "swapped": false, "error_lsq": 0.04924588229249288, "error_max": 0.2672562300065275, "target": "688.xyz", "model": "8.xyz", "model_rescale": 4.019505241142653, "target_rescale": 3.968937698676009},
{"mapping": [0, 12, 1, 5, 2, 6, 10, 4, 3, 8, 9, 11, 13], "R": [[0.7719899529234588, -0.5959836076341332, -0.2209865426143401], [-0.5101468572025822, -0.7883298169796403, 0.3439277304132003], [-0.37918557023120486, -0.15277316221198844, -0.9126218626770813]], "T": [0.028538306903589647, 0.012520738380439114, 0.010762662702488695], "aligned_model": [[-0.1641731906092767, -0.617495380457405, -0.02785416119334448, 0.4636552825278621, 0.22977930331098478, 0.8223462695434994, -0.05754595128680631, -0.4286499435528505, 0.21001938992765795, -0.2486142253483971, -0.476230783077128, 0.4555332397494237, 0.15893092220695626], [-0.4773424704901813, 0.10504009995688172, -0.01688615156351382, -0.4444369572510994, -0.8972177245913548, -0.11995707922114644, 0.5954146199984988, -0.47169893118881645, -0.3472261214560125, 0.12025552999508678, 0.5997994926980973, 0.3877670957363817, 0.02986682549123694], [-0.27340774760259706, -0.1132336455868528, -0.6704452083814492, -0.5727990760854006, -0.07260548702645093, -0.03449142984194532, -0.1665299236271105, 0.22010621853610776, 0.5150257628127953, 0.6065418799047694, 0.2771878318530755, 0.48152307358930874, -0.02016875450037116]], "inverted": true, "swapped": true, "error_lsq": 0.053744116427529715, "error_max": 0.37901499422168067, "target": "688.xyz", "model": "9.xyz", "model_rescale": 3.877068213659057, "target_rescale": 3.968937698676009},
{"mapping": [3, 12, 13, 2, 4, 6, 10, 11, 7, 1, 0, 8, 5, 15], "R": [[0.3293432150555791, 0.530358266047563, 0.7811870175136533], [0.2463871412228692, -0.8469522121253089, 0.47113196348376496], [0.9114968037995945, 0.03731032043641763, -0.409611421535161]], "T": [-0.17132206756492974, -0.0325947101456249, 0.07182802195829324], "aligned_model": [[-0.092928741082775, -0.2197610639166316, -0.640110408093503, -0.18336866654514672, 0.2295092336044866, -0.6249046911692318, -0.7691612399339366, -0.26963820533653415, 0.47769570955798635, 0.6864839191260045, 0.24829935331169273, 0.1804823977617111, 0.3620707024321468, -0.12715717803327167], [-0.5997011359911754, 0.046111905756375, -0.5476978309570552, -0.09532170728984941, -0.5132639678054008, -0.2773820608539511, 0.3309095704638042, 0.6204036973712284, 0.0016540096187321884, 0.0033247105157362122, 0.4135324652742449, 0.6004912736507548, -0.2700791173855738, 0.01674629589700917], [-0.20204444992592613, -0.6695586166852858, 0.40730494020821195, 0.7323396124938288, 0.32947509158766713, -0.26676691542601677, -0.045063985551375293, -0.25769025234198384, 0.5656797401791978, -0.053811520463586116, -0.43675278983779026, 0.3378330803780615, -0.44787261444238063, 0.01083660209212018]], "inverted": true, "swapped": false, "error_lsq": 0.04409348129215929, "error_max": 0.23788653677856994, "target": "688.xyz", "model": "10.xyz", "model_rescale": 4.260839863003843, "target_rescale": 3.968937698676009},
{"mapping": [8, 11, 7, 10, 1, 12, 4, 3, 6, 5, 0, 13], "R": [[0.1350995078501391, 0.12855267349499042, -0.9824572932784107], [-0.14119176865778302, 0.9839268077551955, 0.10932941710243496], [0.9807206571914032, 0.12394453242463549, 0.15107860682472946]], "T": [0.0050602549344141035, 0.03413378839629418, -0.11357083886782857], "aligned_model": [[0.3744315186899283, 0.3076283349119238, -0.432530704618837, -0.4586122381477082, -0.5563046198260027, -0.30248599493510203, 0.312069011431324, 0.6486854703378477, 0.22932769118591398, -0.1380943763867841, -0.027838519246110582, 0.0026230756977370035], [0.044704003650520734, -0.6155718185605782, -0.5671059399760725, -0.2572993616056416, 0.2281931645438743, 0.46174752828017196, 0.6444661556266772, 0.044032467608623484, -0.4399321904626108, 0.1400892928544784, 0.5549203783263984, -0.06516517475290731], [-0.6674899007976707, -0.2898803596282663, 0.09996274553919068, -0.3940756982595267, 0.22598692525395417, -0.518362434129961, -0.2569393642401062, -0.06578947181571557, 0.498552474954437, 0.7272392488789515, 0.17892788792944456, -0.02195397628922703]], "inverted": true, "swapped": true, "error_lsq": 0.04108417096353359, "error_max": 0.233862502334409, "target": "688.xyz", "model": "11.xyz", "model_rescale": 3.890672605050136, "target_rescale": 3.968937698676009},
{"mapping": [6, 9, 1, 0, 8, 11, 2, 10, 3, 7, 12, 4, 5, 13], "R": [[-0.08248598616643388, 0.7742324451915805, -0.6275031337760929], [-0.5836983320293196, -0.5478828638398516, -0.5992667391878448], [-0.8077699668051176, 0.31684142456962405, 0.49711084518882753]], "T": [-0.12463940313993153, -0.12508448380034903, -0.022957808181579633], "aligned_model": [[-0.3363851077963003, -0.1365456460942337, -0.6530306756765324, -0.13799300540766735, 0.36190338914606457, -0.6043142465627187, -0.5959869344666117, -0.3410966377300034, 0.42912589392587425, 0.6763080614919852, 0.23956266848301472, -0.10656200781537108, 0.4724977286585524, -0.00997235847305443], [-0.6569578882648648, -0.29446047293497063, -0.3684797862150042, -0.21712713765890135, -0.5918566339855421, 0.0034867004654616507, 0.3909533958831131, 0.6713289973871073, 0.014309950817251754, 0.16715924404320098, 0.3913808475263129, 0.4548021263201106, -0.23196642980506793, -0.002844805313328924], [-0.08878168017693322, -0.7825566705456454, 0.4936268221161754, 0.5601754278154484, 0.2311896232911194, -0.2599043402496047, 0.1078112443909946, -0.3670687452630059, 0.702973554527936, -0.02935567596786706, -0.41761279587116684, 0.37005843958233003, -0.5097592844332276, -0.006887996951810815]], "inverted": true, "swapped": false, "error_lsq": 0.05337439488489805, "error_max": 0.32158636854594885, "target": "688.xyz", "model": "12.xyz", "model_rescale": 4.124412569039231, "target_rescale": 3.968937698676009},
{"mapping": [10, 12, 4, 7, 8, 11, 1, 6, 0, 5, 3, 2, 13], "R": [[0.12459570256860342, -0.32266410905732434, 0.9382770292550486], [0.02730723566686738, -0.944172548448888, -0.3283177022881444], [0.991831752759343, 0.06652872674097675, -0.10882877715270978]], "T": [0.10276276835800614, 0.07438734130247938, 0.11627129390979599], "aligned_model": [[-0.3410208436419325, 0.0017516809647486614, 0.5673386868868989, -0.4990043175707607, 0.5788694721613931, 0.27756873381703956, -0.45947766030160375, 0.0677209620373934, 0.12719568609614607, -0.1963978319771677, 0.7035310901372747, 0.48237047464302424, 0.056852174257303725], [-0.15217191000517083, 0.4950358119730506, 0.5826981674219656, -0.388550152589074, -0.06850979080109336, -0.6416567669934442, 0.4248752045893666, -0.3452056305807192, 0.6265426048506068, 0.3239436696008691, -0.04120171323206025, 0.5401825523505616, -0.008496670076381191], [0.4772913061952683, 0.6204003114115488, 0.2307432515894147, -0.032513455200890745, 0.5593017706697482, 0.1546584696053406, -0.054412616668210456, -0.5710737405198112, -0.11260444582365112, -0.6498266079694411, -0.08952242516094255, -0.6006701742228895, 0.019926437062354557]], "inverted": false, "swapped": true, "error_lsq": 0.04288920813890029, "error_max": 0.269640681970525, "target": "688.xyz", "model": "13.xyz", "model_rescale": 3.9028299243045295, "target_rescale": 3.968937698676009},
{"mapping": [4, 5, 3, 6, 7, 0, 2, 12, 9, 14, 13, 1, 10, 15], "R": [[-0.04085909279662099, 0.5452826316301846, 0.8372558666132459], [0.4398755407073955, 0.7621991157607622, -0.4749336970787489], [-0.8971287773910799, 0.34888301703575764, -0.2709992568270504]], "T": [-0.14042014439754655, 0.05483248925834712, -0.017996040429025927], "aligned_model": [[-0.23918312883327486, -0.15808573934152514, -0.46661496473523034, -0.15201972183407522, 0.3193065092856743, -0.8614827495757413, -0.7879626547450987, -0.03386826014962081, 0.43692751275600406, 0.7231315709980093, 0.30862619427571103, -0.17147654009883553, 0.4021921108924452, -0.061979017211444304], [-0.5529226764249183, 0.027093106464863848, -0.3820363286487701, -0.008364000649584646, -0.6484161033297979, -0.30225595456735005, 0.3485543422205712, 0.6700012345560363, -0.05715501756359016, 0.2289763210333995, 0.26431794773774725, 0.5127592663273697, -0.3805186662955758, 0.009694637404477888], [-0.30126765103157677, -0.5288974859668758, 0.2843812410645667, 0.6455398785051699, 0.3207085163061787, -0.21742766265706065, 0.17322618615829372, -0.32533038561838107, 0.4869534001675301, -0.10168005010260521, -0.6401894028213384, 0.4419358272122897, -0.2851924360183882, 0.05114794706693977]], "inverted": false, "swapped": false, "error_lsq": 0.048052139339818424, "error_max": 0.2932375779302812, "target": "688.xyz", "model": "14.xyz", "model_rescale": 3.942246331269136, "target_rescale": 3.968937698676009},
{"mapping": [0, 8, 1, 5, 2, 12, 4, 11, 9, 9, 6, 10, 7, 14], "R": [[0.13442518194621844, 0.9257754197764099, -0.3533691307917808], [0.7151662608147837, 0.15619989788220462, 0.6812773380157232], [0.6859060357300605, -0.3442985100743271, -0.6410861456229356]], "T": [-0.2015834378014828, 0.07026229857818478, 0.01898090588988158], "aligned_model": [[-0.09676021694145817, -0.08839031770529855, -0.6296058176451927, -0.10985368766299837, 0.1897115110184916, -0.9505388761297454, -0.5022424985813825, -0.22205133124865395, 0.5542738802508466, 0.5542738802508466, 0.2179210469023553, 0.053414045805262655, 0.5021463838943591, -0.2147868805244341], [-0.60476187202455, -0.09637709070717435, -0.5387861526610416, -0.27964149891659557, -0.5632513193004031, -0.23618706548913354, 0.5354026752752539, 0.6039294019302727, 0.15361717465017255, 0.15361717465017255, 0.24905799322438854, 0.6791616780142659, -0.30030419766504124, -0.02574879271570804], [-0.25318070848451574, -0.7281867846517296, 0.33913440372591264, 0.5404524234508863, 0.1868995696227815, -0.0960442949315243, 0.21110726030192448, -0.45944517282466485, 0.28335561253581826, 0.28335561253581826, -0.3048052522882742, 0.28956979169220903, -0.29474559609392775, 0.006441057674028267]], "inverted": false, "swapped": false, "error_lsq": 0.05353962621101858, "error_max": 0.4280910937512347, "target": "688.xyz", "model": "15.xyz", "model_rescale": 4.355366556412066, "target_rescale": 3.968937698676009},
{"mapping": [7, 1, 10, 3, 11, 6, 8, 2, 12, 5, 4, 13], "R": [[0.28706756538426637, -0.6229572696183481, -0.7276788117940518], [0.051171763962580274, -0.7485946947251246, 0.6610502504366484], [-0.9565425570654493, -0.22700269438720433, -0.18301943411463611]], "T": [0.014455223246902543, -0.0002838506994697163, -0.14690830643047828], "aligned_model": [[-0.15166026958073894, 0.5028009776549032, 0.13963637319483288, -0.41635298389833, -0.6489732080254421, -0.5418949158958255, -0.17432859919242966, 0.002866557966072547, 0.5732832177893716, 0.10919569463173592, 0.2685753394245419, -0.06533962943691131], [-0.7395357677636488, -0.3041389200068733, -0.5224699701007277, 0.47912045972474676, -0.2029440180559551, -0.1880005980436011, 0.31141996882583617, 0.6089582518674651, 0.08284106701293674, -0.08304655682947024, 0.6445846868189945, -0.07401217570872276], [0.009565003387163457, 0.22360425782183455, -0.44734095163696486, -0.11211956409009669, -0.3989825791950884, 0.40532926205018094, -0.7042004958487696, 0.5628536405146789, -0.4963306332959624, 0.7033010787248866, -0.22986639822931032, -0.06655415899313114]], "inverted": false, "swapped": true, "error_lsq": 0.04148994761892751, "error_max": 0.23968762857574505, "target": "688.xyz", "model": "16.xyz", "model_rescale": 3.795458400668931, "target_rescale": 3.968937698676009},
{"mapping": [7, 10, 1, 11, 5, 12, 8, 6, 3, 4, 0, 2, 13], "R": [[-0.7748571669523443, 0.06602028953100753, -0.6286793238152728], [0.3205398325334782, -0.8161535339540402, -0.4807781450666625], [-0.5448399641931532, -0.5740511565919652, 0.6112402825676908]], "T": [-0.1508554039049962, 0.08497602994330856, -0.11921910337087606], "aligned_model": [[0.3216393526281411, -0.11579504516666345, 0.4088814953578599, -0.3892869722590857, 0.6245282467550382, -0.3783958687156273, -0.8135942622724105, 0.30056892101857746, -0.44706525823202076, -0.49680803962517167, 0.05895265115376247, 0.13652878686349756, -0.06152220660167536], [-0.3069384731718987, 0.05231063845285901, 0.44263442227652317, -0.5998057499272526, 0.12103447326757057, 0.6534133016696831, 0.02064912223372374, -0.5202469067892401, -0.17717938335931505, 0.5288528371352021, 0.5265266715236309, 0.23888564348722685, -0.016355331328227446], [-0.5900942225079707, -0.7326619950464686, -0.2831218710661592, -0.2569658529251397, 0.24978144406041564, -0.3768988405004743, -0.12274637745737045, 0.16300538585560626, 0.39084826695026775, 0.2938240699144806, 0.22555635649264127, 0.7575901209132037, -0.11584145384673666]], "inverted": false, "swapped": true, "error_lsq": 0.04882845159731657, "error_max": 0.261525555022327, "target": "688.xyz", "model": "17.xyz", "model_rescale": 3.7474275329858107, "target_rescale": 3.968937698676009},
{"mapping": [5, 9, 8, 3, 10, 4, 0, 2, 11, 7, 7, 1, 12, 13], "R": [[-0.40562667586484, 0.8963717192753071, 0.1788427821028004], [0.7244537990095052, 0.4345868582906288, -0.5350709819283571], [-0.5573452188074598, -0.08747573083153248, -0.8256599200566501]], "T": [-0.08065946652033469, -0.016593310820027112, 0.007071338568096083], "aligned_model": [[-0.15424635043578078, -0.08631195206899267, -0.5912724932086106, -0.10027418414832832, 0.10100425043913148, -0.7826623441097964, -0.7950377865440623, -0.24063555571130935, 0.5215531407828259, 0.5487206605640046, 0.5487206605640046, 0.0015176539226103014, 0.4331826762525342, -0.14674725461523308], [-0.6956845117737271, -0.08189685191133618, -0.370979416170107, -0.04950935476229949, -0.6034671424890582, -0.3155331157268547, 0.3921974507871404, 0.6239239929341154, -0.007982199082109145, 0.31695581299566855, 0.31695581299566855, 0.5387449744398631, -0.3954414922636415, 0.06144414829155617], [-0.23092035870970742, -0.6588323052003795, 0.3683735341464512, 0.6846560035456902, 0.32174064133853986, -0.3201178649808423, 0.15436736663938322, -0.2536544911618472, 0.40582249676806975, -0.2379693104462655, -0.2379693104462655, 0.4112553642420297, -0.38238627278511955, -0.020457570684994614]], "inverted": false, "swapped": false, "error_lsq": 0.04621745094641688, "error_max": 0.3153861517729117, "target": "688.xyz", "model": "18.xyz", "model_rescale": 3.922800546911778, "target_rescale": 3.968937698676009},
{"mapping": [3, 0, 12, 13, 7, 5, 8, 1, 11, 10, 2, 6, 9, 14], "R": [[-0.9893120230386162, 0.0804618097615333, 0.12160435124262514], [0.13037401841212437, 0.861595573544011, 0.4905666957432416], [-0.06530188660610028, 0.501177578129016, -0.8628769893712652]], "T": [-0.10448896656158267, 0.05964513978653965, 0.06266938737340512], "aligned_model": [[-0.13045742959531714, -0.35333452331257736, -0.5692384051131648, -0.13469651585993886, 0.16024139009151717, -0.8093383241706853, -0.5505433184286243, -0.259831176650347, 0.43572305896939745, 0.6247662053587479, 0.3592935400541509, -0.032874266737325394, 0.5817588849497368, -0.06395799787257285], [-0.4771902452405409, -0.1667902269177665, -0.5542173742743179, -0.14134236596177754, -0.6731809324980998, -0.039107399866712994, 0.35342186779454865, 0.5849628286752346, -0.12464149860211768, 0.4032610669201411, 0.1198573909461334, 0.7391835739771915, -0.2669588906349757, -0.027529686052061575], [-0.2841485070547761, -0.7023440434025859, 0.2232770390073981, 0.7187983939861619, 0.239006578869829, -0.21295542859167338, 0.3612014682005764, -0.43521930243710294, 0.4886424089979309, 0.08942076324214536, -0.4799255205969032, 0.15683213552738717, -0.22911285938520726, 0.0704347959015624]], "inverted": true, "swapped": false, "error_lsq": 0.049341234227254116, "error_max": 0.3051361778180178, "target": "688.xyz", "model": "19.xyz", "model_rescale": 3.9282355846067225, "target_rescale": 3.968937698676009},
{"mapping": [5, 7, 1, 0, 3, 2, 10, 12, 4, 8, 9, 11, 6, 13], "R": [[0.4642031255084118, -0.8755151695137907, 0.13412175893366662], [-0.026101208895974004, -0.16488123868558463, -0.985968003549647], [0.885344105510615, 0.45418868885161173, -0.09939039066662039]], "T": [0.027787758776478558, -0.030065753265445364, -0.08013053838112522], "aligned_model": [[-0.16024537167633657, -0.15810433786865247, -0.4755509297255138, -0.1458333713973271, 0.12693239609777246, -0.7469732076783985, -0.6821435866962953, -0.2416583028298267, 0.450234928042354, 0.7366082763351596, 0.20440812018996868, 0.05537193089758277, 0.3888975966782031, -0.0944330186856929], [-0.6884351534651223, -0.04047839331975518, -0.4141729169398339, -0.04566000809777096, -0.6134294470862439, -0.2596842500679606, 0.42278603974090484, 0.6270354488628451, -0.037377450561589656, 0.24223332534406716, 0.6288243861514514, 0.458900426828831, -0.4980900214184062, -0.0527238777065379], [-0.21754752052461604, -0.6746332563829855, 0.320634539660517, 0.7007724713263759, 0.38485570954857423, -0.24055809568951372, 0.1019603380449512, -0.5474753525322749, 0.3898192176585078, -0.12538829798586193, -0.19455893237114621, 0.4428554647760911, -0.3583337436961252, 0.021505380432248575]], "inverted": true, "swapped": false, "error_lsq": 0.04556737162290842, "error_max": 0.3236131152021289, "target": "688.xyz", "model": "20.xyz", "model_rescale": 4.067790424073018, "target_rescale": 3.968937698676009},
{"mapping": [13, 5, 10, 12, 11, 1, 7, 8, 3, 2, 4, 0, 6, 14], "R": [[-0.3917414664856427, -0.911254259598588, -0.12709955861098754], [-0.006017416153083988, 0.1406749064776453, -0.9900375555454182], [0.9200556581742863, -0.3870739529481873, -0.06059159026255845]], "T": [-0.047786394144098396, -0.01784545167929677, -0.006896027926803855], "aligned_model": [[-0.2845080784615501, -0.1923280386389214, -0.5840960818551257, -0.13837852555327942, 0.1340968533390331, -0.8416546385588071, -0.585248993884063, -0.27134863154359984, 0.5837419916499366, 0.5708044332188099, 0.31664903876422773, 0.05143666522635536, 0.594074725443894, -0.09572959746391195], [-0.6295592511275535, -0.07369895182488814, -0.5967137275152365, -0.1791104522514444, -0.5627542153972279, -0.031151719059283656, 0.4828478960068484, 0.3989853989723088, -0.062432743223883355, 0.395687888454644, 0.32586916559970536, 0.6067096315926068, -0.27758850684542213, -0.06736230511629474], [-0.25162562731291127, -0.5765048589556991, 0.2134905861215438, 0.7366095418000774, 0.2897943451686743, -0.21402220936493027, 0.12388654993579154, -0.3253922832879016, 0.5613722960363735, 0.0006866127129288337, -0.6326112761395583, 0.316436250030953, -0.2678648980044205, 0.029652893523820806]], "inverted": false, "swapped": false, "error_lsq": 0.04628333945171749, "error_max": 0.3006995202973348, "target": "688.xyz", "model": "21.xyz", "model_rescale": 4.186013935880536, "target_rescale": 3.968937698676009},
{"mapping": [7, 6, 11, 12, 0, 10, 1, 5, 8, 3, 2, 4, 13], "R": [[0.9761660179221849, 0.20401073301335682, -0.0740238223094268], [0.06316765168533407, 0.05923048602102552, 0.9962437439232799], [0.2076288834302806, -0.9771751994095359, 0.044931908755682724]], "T": [0.1274499150974385, -0.03309309416331545, -0.003424494558554217], "aligned_model": [[0.05397767525028624, -0.4929798639635131, 0.2644952065048376, 0.5682370166367818, -0.17764893736474538, 0.5229500108970485, -0.0834694810393713, -0.6621171393802388, 0.5797122277755439, -0.06807840155829781, -0.6533628772750868, 0.16240441780566384, 0.04445418113431686], [-0.4060982293618493, 0.1232793121089887, 0.3997522488510232, -0.30785083594401647, -0.2114832437018883, -0.3716497579020071, -0.6788244364215846, -0.372478838592882, 0.44255022883450906, 0.5744034241219419, 0.1698671052936413, 0.19734955505510937, -0.0398598727948927], [-0.6772498796644345, -0.49367335627065634, -0.5853294378071145, 0.41071238666461785, 0.47922253127450487, -0.33139933744139416, 0.07801923582978164, 0.0056641803656579635, 0.10880481055709387, 0.09327668665293685, 0.4700845325342378, 0.6545944088810491, -0.10984720024093429]], "inverted": false, "swapped": true, "error_lsq": 0.05713936935954505, "error_max": 0.3691849641102107, "target": "688.xyz", "model": "22.xyz", "model_rescale": 4.166573947596378, "target_rescale": 3.968937698676009},
{"mapping": [10, 9, 13, 5, 7, 14, 12, 11, 0, 4, 3, 2, 8, 15], "R": [[0.5916391467083031, 0.6761027137131005, 0.43914489703519555], [-0.6740973816921049, 0.11607979414367021, 0.7294643249586726], [0.44221696041436476, -0.7276060760475717, 0.5244364194261643]], "T": [-0.07139430435733697, 0.0735317878201876, -0.00545126334366347], "aligned_model": [[-0.2976544289357845, -0.1364894121482993, -0.5624211669701237, -0.16737557270190628, 0.1113393858351074, -0.7672437461266072, -0.6543570487821597, -0.33417328232458215, 0.5530421156075542, 0.6427988751691524, 0.23817515545672657, 0.1360992970450819, 0.5517068995278724, -0.055935948969034296], [-0.6382111387958, -0.015372153793720117, -0.5167265726152541, -0.2984177821912325, -0.5589177258787719, -0.24030362907406416, 0.3716737606154118, 0.649504549713696, -0.19796425476717194, 0.2425677167487092, 0.45683163179334574, 0.6699863506610468, -0.27134437425731067, 0.07642173010599451], [-0.06175042445582213, -0.5956274085658233, 0.35134115112790576, 0.7317753603594099, 0.2738436681191492, -0.21348647361455053, -0.030890561676511146, -0.4758722596030329, 0.4452424454196687, 0.029311797708397813, -0.3499431082059852, 0.22692257131175825, -0.3887063517230403, 0.061747516063218016]], "inverted": true, "swapped": false, "error_lsq": 0.04289393170419422, "error_max": 0.2298630173663835, "target": "688.xyz", "model": "23.xyz", "model_rescale": 4.274766983524099, "target_rescale": 3.968937698676009},
{"mapping": [11, 10, 9, 8, 12, 4, 3, 0, 6, 1, 13], "R": [[-0.7805557496890104, 0.6030115308831142, -0.16465058532975194], [0.2911777423865269, 0.11767695808334577, -0.9494038423531559], [-0.5531258843754397, -0.789005213644532, -0.26743696243345677]], "T": [0.020891516826259823, 0.09386951777958713, 0.08458922207966821], "aligned_model": [[0.29961496562857504, 0.08198785537664091, -0.4620792188254964, -0.4321948759563868, -0.5207765061010883, -0.5411942754614546, -0.03783513037860644, -0.1223940262141555, 0.7539241747925624, 0.20598712296696065, 0.15485461813052387], [-0.19612185368856055, 0.5870852012838019, 0.4146786024819083, -0.1836639260834947, 0.4733743362547894, -0.16897055423274587, -0.5487263126161341, 0.09567624151976784, -0.23726609559975326, 0.6004950754566605, 0.07902581646724381], [-0.5342549500711371, -0.27819716805177697, -0.4937630407379343, -0.3167349552642955, 0.14676870127677188, 0.40441599984395615, 0.06858170957015669, 0.6653839325209508, 0.13695060580631643, 0.5054920614104945, 0.07492353771807506]], "inverted": false, "swapped": true, "error_lsq": 0.040901924014183084, "error_max": 0.22964198812281486, "target": "688.xyz", "model": "24.xyz", "model_rescale": 3.7841303162186577, "target_rescale": 3.968937698676009},
{"mapping": [4, 3, 1, 8, 2, 6, 7, 11, 9, 14, 13, 10, 12, 15], "R": [[-0.7570105134179361, 0.40796299645203915, 0.5103932563235789], [0.45040124228334866, 0.8917056166797035, -0.044719281428556044], [-0.47336434542995454, 0.19602879050727107, -0.8587775671079954]], "T": [-0.09769675198601169, -0.0029093407704519, 0.09588117923383398], "aligned_model": [[-0.3828002464676873, -0.16271836945780155, -0.5912470848646576, -0.15040148921018245, 0.24740999288201354, -0.6599265054617842, -0.5528681843570289, -0.28361310344986834, 0.4326792811922865, 0.6077139139728335, 0.2765190364944755, 0.060191130580711044, 0.5584144638686865, -0.14184171403899934], [-0.6433883031637232, -0.21848998564694297, -0.4315066213928762, -0.34143362289648543, -0.6570525989866766, -0.06636867117884168, 0.4511809068496536, 0.5538411847942496, -0.03353983225035297, 0.3583311376725178, 0.2888759201129621, 0.6758995618371203, -0.19662177630584948, -0.00999919117987643], [-0.15947551056365517, -0.6776167602909845, 0.45049199937564033, 0.5776293548650946, 0.24349879438893435, -0.35344839906445685, 0.19297172599245077, -0.3989839859419769, 0.3406335948457665, 0.061239132580171204, -0.5260705089656321, 0.44163397467661736, -0.2314801978049818, 0.042884708171754354]], "inverted": false, "swapped": false, "error_lsq": 0.04634395276823981, "error_max": 0.27356927315529406, "target": "688.xyz", "model": "25.xyz", "model_rescale": 4.19342608120988, "target_rescale": 3.968937698676009},
{"mapping": [7, 1, 10, 3, 11, 6, 8, 2, 12, 5, 4, 13], "R": [[0.28706756538426637, -0.6229572696183481, -0.7276788117940518], [0.051171763962580274, -0.7485946947251246, 0.6610502504366484], [-0.9565425570654493, -0.22700269438720433, -0.18301943411463611]], "T": [0.014455223246902543, -0.0002838506994697163, -0.14690830643047828], "aligned_model": [[-0.15166026958073894, 0.5028009776549032, 0.13963637319483288, -0.41635298389833, -0.6489732080254421, -0.5418949158958255, -0.17432859919242966, 0.002866557966072547, 0.5732832177893716, 0.10919569463173592, 0.2685753394245419, -0.06533962943691131], [-0.7395357677636488, -0.3041389200068733, -0.5224699701007277, 0.47912045972474676, -0.2029440180559551, -0.1880005980436011, 0.31141996882583617, 0.6089582518674651, 0.08284106701293674, -0.08304655682947024, 0.6445846868189945, -0.07401217570872276], [0.009565003387163457, 0.22360425782183455, -0.44734095163696486, -0.11211956409009669, -0.3989825791950884, 0.40532926205018094, -0.7042004958487696, 0.5628536405146789, -0.4963306332959624, 0.7033010787248866, -0.22986639822931032, -0.06655415899313114]], "inverted": false, "swapped": true, "error_lsq": 0.04148994761892751, "error_max": 0.23968762857574505, "target": "688.xyz", "model": "26.xyz", "model_rescale": 3.795458400668931, "target_rescale": 3.968937698676009},
{"mapping": [5, 6, 2, 0, 4, 10, 7, 1, 11, 3, 12, 8, 13], "R": [[-0.5968980042758297, -0.0556786613854785, 0.8003828203790068], [0.7693997861668334, -0.32254039923693173, 0.551354386857049], [0.2274571202182144, 0.9449167040149107, 0.23536287076689644]], "T": [-0.17700349871498616, 0.008280841009054407, 0.005411097741077786], "aligned_model": [[0.08179573246597976, 0.3630397101626131, 0.47070584428937506, -0.12881773227497684, -0.04762262186509736, -0.6804426840507842, -0.38852161459054846, -0.5303622806522503, 0.08039105033154242, 0.4069797762024137, -0.686679147657772, -0.1164590591408563, -0.12433059039838232], [-0.6924413328160548, -0.5460260065631868, -0.14082897387166418, -0.05040841975536814, 0.4929958636614126, -0.0966798160480782, -0.5916676992199017, -0.4606845352748316, 0.056342837258807954, 0.28220198044928446, 0.3402651561992717, 0.6311140127949433, -0.10230156355772022], [-0.4196686760666146, 0.230858736625884, -0.6528526245812507, -0.5879608002749539, -0.48000258628824705, 0.34325823039423625, 0.445744478555341, -0.34572717464698977, 0.6954748313779591, 0.029185133476482522, -0.2616312009375663, 0.2329773475846929, 0.06248096688045253]], "inverted": false, "swapped": true, "error_lsq": 0.05260897010540396, "error_max": 0.349342821306539, "target": "688.xyz", "model": "27.xyz", "model_rescale": 3.6321398670334006, "target_rescale": 3.968937698676009},
