[{"mapping": [9, 10, 1, 3, 2, 4, 0, 12, 5, 8, 14, 6, 11, 15], "R": [[-0.10473313502507575, -0.01876955161192531, -0.994323224288816], [0.9804597240744086, -0.16936218100630188, -0.10007587677719165], [-0.166522370556494, -0.985375134442247, 0.036140621565903086]], "T": [0.04136351835829911, 0.07792158287368894, 0.09240352771958782], "aligned_model": [[0.15907162956161514, 0.3412681131491548, -0.5578198724936242, -0.2922258204490335, -0.5744339419957211, -0.2366264487602141, -0.7152023273991006, -0.15558508679029703, -0.251124547230015, 0.09681916247582281, 0.6859731495285561, 0.32782847524282616, 0.5717896507079884, -0.028240034419653913], [-0.5877955227513663, -0.1960434283990949, -0.4730339567424506, -0.333277395582792, 0.17597479157886445, 0.33474682405983935, 0.21435741227271177, 0.540653230593634, 0.688507888656368, -0.20666687065720601, 0.43561121519487006, 0.652169596864699, -0.15885545959451947, 0.14892500631647718], [0.25318872492320765, -0.3854239602150543, 0.3295733643755402, -0.26551834061321483, 0.6341558164954568, -0.5499237320662588, 0.021215798430342117, 0.6032530882131911, -0.02795420710896017, 0.7437414752578352, 0.3477066067627951, -0.3011520098390138, 0.3446545991706132, 0.1500708633933544]], "inverted": true, "swapped": true, "error_lsq": 0.04642678031154165, "error_max": 0.24729671040504297, "target": "689.xyz", "model": "0.xyz", "model_rescale": 3.8414455957264533, "target_rescale": 4.173682350124449},
{"mapping": [6, 7, 0, 12, 5, 2, 1, 4, 9, 3, 8, 14, 11, 10, 15], "R": [[0.9051760782326606, 0.19343394515395645, -0.3784700467111195], [0.4085567745034024, -0.15042574834797878, 0.9002518848862953], [0.11720763372202685, -0.9695129721133839, -0.21519053766640495]], "T": [0.0062524662293427374, 0.11396647928254018, 0.0023119577054830504], "aligned_model": [[-0.7256472669244753, -0.6366094277862856, 0.0694378668441445, -0.17069445383153548, -0.5002089436211946, 0.2821833963841115, 0.74874294147006, -0.37377637845245276, 0.624845633160514, 0.33892341301570694, 0.476101628558485, -0.40151615994604395, 0.15975400531167644, -0.0021814662036605398, -0.017310634474505603], [0.2332842515697618, -0.0026702014363848697, -0.6313154822080708, -0.28324612082580986, -0.3511040012064026, -0.5558823058586907, -0.2879728729027558, -0.15985805122114555, 0.42956319086669537, -0.019482762857899502, 0.18800900093658465, 0.567797865711353, 0.6610829636506974, 0.5403141248322293, 0.018524928992853087], [0.13190734367387924, -0.5288408799991958, 0.19371914236066318, -0.5675902638415414, -0.005249666721984708, -0.39452706902761897, 0.07960959846902582, 0.5823293183914601, 0.027362971018152084, 0.5314583000502235, -0.5287873813043167, -0.48390294543468, -0.27723532416220914, 0.4621763458920949, -0.057247702024417084]], "inverted": false, "swapped": true, "error_lsq": 0.035619880028998276, "error_max": 0.20697174328776105, "target": "689.xyz", "model": "1.xyz", "model_rescale": 4.316132596720782, "target_rescale": 4.173682350124449},
{"mapping": [4, 5, 6, 9, 10, 3, 11, 1, 7, 0, 12, 15], "R": [[-0.8056554402657339, 0.5671553782566503, -0.17103826614176953], [0.584722721910037, 0.8076538505049046, -0.07612224541301287], [0.09496657334211991, -0.1613382616714259, -0.9823193550309892]], "T": [-0.08963843859033113, 0.07104136710697666, -0.12672629187261103], "aligned_model": [[-0.07548910701453743, 0.46031862467758944, 0.16988064298704095, -0.6274649316672708, -0.6066776455950778, -0.5198018306325116, -0.31599007783557365, -0.32006268309076236, 0.6560049504502136, 0.18268178313055985, 0.5805386438006382, 0.013870185421472114], [-0.618720452404801, -0.30818115987114253, -0.5364067719969675, 0.51084665250489, -0.23518569888380159, -0.06725432716342379, 0.4025845305158179, 0.5278071854406035, -0.023058143287837812, -0.053871714844992244, 0.3230912227212546, 0.09112510501138073], [0.1558517747791212, 0.03633318576682604, -0.4877879470437265, -0.112572914703881, -0.3062092829299165, 0.3252784290910578, -0.6165118765680796, 0.5493594487508315, -0.5064104837898007, 0.5848302597175721, -0.09193904060364638, -0.08096309125693724]], "inverted": false, "swapped": true, "error_lsq": 0.0432461165704813, "error_max": 0.251261495795005, "target": "689.xyz", "model": "2.xyz", "model_rescale": 3.795458400668931, "target_rescale": 4.173682350124449},
{"mapping": [8, 9, 1, 4, 12, 5, 3, 14, 10, 6, 2, 15], "R": [[-0.5499224168583389, -0.11002797349723842, 0.8279367007717282], [-0.7984988669959355, 0.3599435849910592, -0.482535154190854], [-0.24491813906464863, -0.9264634157223237, -0.2857982583663419]], "T": [0.10769066568319081, -0.06303283683486899, 0.06276528548493589], "aligned_model": [[-0.17143761288516013, -0.2410900159319203, -0.7368064820546744, 0.19807300198560812, 0.1190648670891317, 0.2804527489948745, -0.3128554772999968, 0.7570307349421574, 0.28124049011581465, 0.7634135160550131, -0.42790974637613605, 0.08412780110885364], [-0.16454448182729237, -0.6197277822097838, -0.11108843403778235, 0.14242424141596294, 0.5369062775087305, 0.55676475612606, -0.2900673752446212, -0.07624532560556352, -0.5622106849902089, 0.14023446095929676, 0.4873309355852768, 0.045992457609634], [-0.5853780846773559, -0.16379401741560473, 0.004994177082791332, 0.7737085724453087, -0.32943401455408117, 0.30536597794816267, 0.4871127500366235, -0.3694684665887576, 0.40043470363633465, 0.37166472443914245, -0.24145240453173467, 0.035017512818270945]], "inverted": false, "swapped": true, "error_lsq": 0.03819845852442376, "error_max": 0.2050971097803939, "target": "689.xyz", "model": "3.xyz", "model_rescale": 3.7530521520055578, "target_rescale": 4.173682350124449},
{"mapping": [2, 7, 5, 6, 0, 14, 1, 8, 9, 10, 15], "R": [[0.4177015322129692, 0.9076756201009863, 0.04062509890729751], [-0.1276875389204837, 0.10291160184740061, -0.9864608936038123], [-0.8995672973109726, 0.4068589078286132, 0.15888519984296917]], "T": [0.011557254576857058, 0.033753810253785765, 0.10288504242048138], "aligned_model": [[-0.42288352908438365, -0.08020502599302026, 0.3107076460962334, 0.5059320450948716, 0.1909702122460941, -0.20934213215419395, -0.29479378896540387, -0.6926041159400903, -0.3226992663672178, 0.3721471609586909, -0.019029603446374773], [-0.6443403768732854, 0.15259509136832014, -0.269351278017222, 0.3383754724942646, -0.714734830355852, 0.628135837086767, -0.5640930082002293, 0.025854583238479265, 0.16116330729019657, 0.3987072314655911, -0.045108671182683954], [-0.08087013488349962, -0.7256409383646074, -0.4370105385690469, -0.3761850188781031, 0.042469375491443695, -0.35159991767855325, 0.6201378758693765, 0.21424663694564575, 0.6986414876864573, 0.4635824521223437, 0.025059497503859232]], "inverted": true, "swapped": true, "error_lsq": 0.04685232182644901, "error_max": 0.267228276859897, "target": "689.xyz", "model": "4.xyz", "model_rescale": 3.7855080009869324, "target_rescale": 4.173682350124449},
{"mapping": [10, 15, 9, 8, 7, 5, 4, 0, 14, 13, 6, 12, 3, 11, 1, 16], "R": [[-0.5906406390217498, 0.007508243794073499, -0.8068997842428192], [-0.5271696886995471, 0.7534768432441178, 0.3928928174595487], [0.6109302373040657, 0.6574315728423821, -0.4410759256381944]], "T": [-0.03143099209803707, 0.07703691389243943, -0.010963691097713902], "aligned_model": [[-0.1804467254425279, 0.5438818291731338, -0.016772008498147084, 0.34260346610763265, -0.4199845849989361, -0.7922012565315222, -0.5480439365921761, -0.7220591157206753, 0.3835593328721946, 0.6299260909095106, 0.02126981439554204, 0.35615873428002853, -0.46054590314286575, 0.2877445226144489, -0.3050820259145811, -0.010495119722992406], [-0.07040941688646433, 0.140340761468972, 0.5772150579397497, -0.38195354236042933, -0.5312147231219073, 0.004902319698664712, -0.28848682896319117, 0.295114109210349, 0.6084599034135401, -0.1672837299403671, -0.5125474538428967, 0.34489334005350086, 0.5285124807600824, -0.16132488944829176, 0.2765654220637085, 0.12487600637208829], [-0.7088305586519247, -0.5977565738501115, -0.5174426715759256, -0.39140535430929585, -0.21202468529867408, -0.2776628656251357, 0.3717950355895485, 0.2787758731047983, -0.06637158694683519, 0.15571525366817168, 0.26415440424320147, 0.4800479197431634, -0.3182856900495779, 0.6773290299276608, 0.6660942274790165, -0.02360737230235535]], "inverted": true, "swapped": false, "error_lsq": 0.03703519091201852, "error_max": 0.32913277203264757, "target": "689.xyz", "model": "5.xyz", "model_rescale": 4.2253639853439635, "target_rescale": 4.173682350124449},
{"mapping": [8, 14, 5, 12, 7, 4, 0, 2, 10, 11, 6, 3, 1, 15], "R": [[0.7021622835289275, 0.6244736567068536, -0.3420537672188586], [0.7088186792276123, -0.5675820874391786, 0.4188396518910405], [0.06741073777570902, -0.5365475059091745, -0.8411733271657983]], "T": [0.03738282868242556, 0.10762040924319133, 0.017742387929680713], "aligned_model": [[0.6838204701260232, -0.15745342805493298, -0.35437540631518144, 0.18250438972477412, -0.27990276700284555, -0.528504615562727, 0.09301741086109194, 0.5372337233964798, -0.22584022164275838, 0.23610676852744358, -0.6829357128480091, 0.109552791426403, 0.7065794117509934, 0.05425933837102945], [0.05018906899009653, 0.03257239344154067, -0.4352964665218459, -0.5667365750376241, -0.5086096085808325, 0.07491243138161754, -0.3252915966338838, -0.5086970554135946, 0.6749101351149953, 0.42451416673830966, -0.005465585266324763, 0.4188940228129083, 0.12450904332270768, -0.005305227713079244], [-0.277430536188546, -0.733955516963813, 0.17464248663928256, -0.17734475823945162, -0.46036772801796183, 0.5020186764497434, 0.654583259533459, 0.24712929279202242, 0.06480292662287529, -0.49326934868771904, -0.16950523104523152, 0.5712536747641899, 0.5380432443331781, 0.03095776693942108]], "inverted": false, "swapped": true, "error_lsq": 0.0436006611654182, "error_max": 0.27338752280986783, "target": "689.xyz", "model": "6.xyz", "model_rescale": 3.89814844738969, "target_rescale": 4.173682350124449},
{"mapping": [8, 2, 12, 9, 7, 0, 3, 11, 10, 4, 5, 6, 15], "R": [[-0.44826251560041425, 0.7740868963309332, 0.4470460759657014], [-0.8089776492417583, -0.13854523782952258, -0.5712795988848544], [-0.38028394672253435, -0.617733513744806, 0.6883236345365664]], "T": [-0.10435824010429823, -0.03298904472606001, 0.01342017498120095], "aligned_model": [[0.18105043662136983, 0.06625224828594534, 0.44249229590791533, -0.3574544345914806, 0.6346250717402435, -0.38001192311800636, -0.7353658325659327, 0.13802935643325767, -0.470435834244496, -0.49250004242974793, 0.06995439010847548, 0.10259539957414143, -0.05059933081746276], [-0.43532757059786664, 0.3046933092990443, 0.2977846429894873, -0.6247674366770587, 0.3258173511525293, 0.5778906316832738, -0.01767005065628227, -0.6125333589204175, -0.3050084939845923, 0.4931502231886188, 0.6239206709898734, 0.28706296384072194, 0.048768383163153864], [-0.5013347532127281, -0.7208680350161004, -0.31126407641746606, -0.2485473706435508, 0.19824577429069049, -0.3698752402050145, -0.08692551429777536, 0.09356063727941193, 0.44389818359244687, 0.37167336343683494, 0.11799369935667735, 0.662608758579779, -0.04689039590690987]], "inverted": false, "swapped": true, "error_lsq": 0.04755236167834295, "error_max": 0.25240936019794713, "target": "689.xyz", "model": "7.xyz", "model_rescale": 3.7474275329858107, "target_rescale": 4.173682350124449},
{"mapping": [12, 2, 0, 5, 3, 6, 7, 14, 4, 13, 14, 11, 8, 9, 15], "R": [[0.6651053524572368, -0.5297215755112816, -0.5263363207784356], [0.6703471792720035, 0.7341087297433015, 0.10825447869138871], [0.32904335485586544, -0.4248287011873393, 0.8433570093813624]], "T": [0.1511903840016255, -0.0629368749631989, 0.05035757204216014], "aligned_model": [[-0.3254908079075803, 0.14631722598586028, 0.42148063012632414, -0.1511078708966504, 0.7729257886076497, -0.2835111524530263, -0.6580974322651454, -0.5319842743915095, 0.3279476833020586, -0.14182683686918746, -0.5319842743915095, -0.005545888479269484, 0.09613105909515299, 0.5624680346181468, 0.10443183825743207], [0.08229844727869016, 0.21811179250189028, -0.33830915269105144, -0.5377908083662822, -0.20964532328212837, -0.6349278584457231, -0.199716346648036, 0.08602243613926212, -0.7841219831995943, -0.16376948893481486, 0.08602243613926212, 0.37196720972830305, 0.6375881993050014, 0.4408063164670175, -0.06541791401220338], [-0.46496596398294127, -0.726369139972294, -0.6183632956003798, -0.3445859640121332, 0.03045208205456719, 0.2752348791613364, -0.13764102804837264, 0.39637292083721287, -0.01650670687376267, 0.7531847930342521, 0.39637292083721287, 0.4831832075757701, -0.07022488652171223, 0.29526538121882684, -0.054614544011321084]], "inverted": false, "swapped": true, "error_lsq": 0.045894195072093934, "error_max": 0.4317224002455102, "target": "689.xyz", "model": "8.xyz", "model_rescale": 4.019505241142653, "target_rescale": 4.173682350124449},
{"mapping": [5, 0, 12, 7, 6, 14, 8, 4, 10, 3, 1, 11, 15], "R": [[-0.06297740796279766, -0.29682029808626664, -0.95285442578091], [-0.770468300389832, -0.5923998150074866, 0.2354592475854354], [-0.6343598696171528, 0.7489727430441482, -0.1913828257609168]], "T": [0.04992555691399598, -0.010201605032068586, 0.11550791541663422], "aligned_model": [[-0.21185258800817375, -0.6837559668373654, 0.036923975647223224, 0.36819694791206686, 0.26730801908836554, 0.7670607367079926, 0.25417350040965225, -0.3677782280769604, 0.18642632580282545, -0.40079534518708665, -0.5075857715165912, 0.6068047964361096, 0.004574369363118357], [-0.46967335715009123, -0.04642051652461342, 0.0718853450939827, -0.36090726377630883, -0.7242548286743944, -0.16072331404908735, 0.6443604355330611, -0.6077607658496401, -0.21125217322077577, 0.058431217928194154, 0.6198641273878911, 0.2567599318411062, -0.006930610425264683], [-0.3240473160397709, -0.12213450391952571, -0.5965098482885048, -0.580701628948526, 0.017621383230004256, -0.15226710368127724, -0.07978251158873934, 0.27129152277023, 0.6936643914056615, 0.5634082555617411, 0.22048679628127588, 0.25573238969704304, 0.009941667564266982]], "inverted": true, "swapped": true, "error_lsq": 0.04629294552350308, "error_max": 0.3209747186716895, "target": "689.xyz", "model": "9.xyz", "model_rescale": 3.877068213659057, "target_rescale": 4.173682350124449},
{"mapping": [8, 1, 7, 0, 11, 9, 10, 14, 4, 5, 12, 3, 2, 6, 13, 15], "R": [[-0.40513275304228036, 0.7547119793994261, 0.5160206202889409], [0.6216463597617881, 0.6412606933417713, -0.4498227724001404], [-0.6703903756821844, 0.13854440200105994, -0.7289596647736201]], "T": [-0.07134203365456324, 0.07451285594836408, 0.045740582221884804], "aligned_model": [[-0.29656944436906996, 0.554945245641526, 0.07363576809826139, 0.2695276167199374, -0.27898324248717715, -0.6810942262961185, -0.5875479480961082, -0.7812035666000107, 0.29321680526941307, 0.6909024097061706, 0.26678106246786615, 0.41372246870340545, -0.4132294539183433, -0.06675726078280281, -0.3153075044076996, -0.032525615861183244], [-0.03237265924818873, 0.12147898710628129, 0.562083212135126, -0.5068825026784387, -0.5928431321790701, 0.10232411445285966, -0.35048521844559294, 0.20991247140164676, 0.6409792140075848, -0.08204025881573083, -0.5566602315490153, 0.2188073024871413, 0.6217054657171133, -0.12824061151230964, 0.5537904803239606, 0.006102183213741175], [-0.6844450352152873, -0.5529789151384353, -0.5926504845887661, -0.37799678225588607, -0.19127500749467963, -0.2054049958177555, 0.28263479936716507, 0.34118109200012825, -0.019859706607479335, -0.028218684039179667, 0.2590209638821251, 0.4286934304662989, -0.10933552048045848, 0.6281275553035599, 0.6010893949664126, 0.0019422807979628809]], "inverted": true, "swapped": false, "error_lsq": 0.03402836640735548, "error_max": 0.25034586434150347, "target": "689.xyz", "model": "10.xyz", "model_rescale": 4.260839863003843, "target_rescale": 4.173682350124449},
{"mapping": [6, 4, 0, 5, 2, 12, 14, 10, 3, 1, 8, 15], "R": [[-0.37809089836128784, 0.5927806122132984, -0.7110966308177683], [-0.24895688903426444, -0.8049240179130843, -0.5386258374688662], [-0.8916657108909903, -0.02661712175806613, 0.4519112621417849]], "T": [0.15391008408691068, 0.09534573691966028, -0.01850747914548036], "aligned_model": [[0.3501689783307581, 0.1979831238835434, -0.4182048347205023, -0.23960085366728343, -0.6345009725944001, -0.45537221234087444, 0.3453765602154206, 0.7453675357776955, 0.26872638549065386, -0.19615922832487107, -0.047668187472794415, 0.04278235451678389], [-0.09117136057080252, -0.6024073583455682, -0.4063811093359738, -0.20434483840061415, 0.17650817866113658, 0.3732458109769049, 0.6559659954432816, -0.1064246657834026, -0.36666015748141867, -0.02722892717863376, 0.6735925633747927, 0.09838437417323237], [-0.7209337977102307, -0.2773899239032268, 0.11198772665201191, -0.4961952334222772, 0.21416643443950764, -0.2742871429711313, -0.5261378821832586, 0.03427025324973525, 0.4079222116020502, 0.7438895317056008, 0.3466005136189918, -0.04771461368226806]], "inverted": true, "swapped": true, "error_lsq": 0.04313062707220258, "error_max": 0.2530742447730328, "target": "689.xyz", "model": "11.xyz", "model_rescale": 3.890672605050136, "target_rescale": 4.173682350124449},
{"mapping": [12, 7, 14, 8, 11, 3, 5, 9, 2, 4, 13, 6, 10, 15], "R": [[0.4232891544960915, 0.7393078543332801, 0.5236890186046542], [-0.4029477656031848, -0.3640858681822219, 0.839687191033303], [0.8114551065101415, -0.566449801051355, 0.1437888486896518]], "T": [0.04017346287871539, -0.09070176331425313, 0.18235580283536726], "aligned_model": [[0.2147945573442818, 0.18137254330254762, 0.527589877808037, 0.6479192388925057, 0.6002309749282397, -0.3345309064156484, -0.3679932990062203, 0.3917794000947207, 0.08299246588189016, -0.682783213596349, 0.2517018944189735, -0.23730589699693463, -0.09389768202811405, 0.028005880165763043], [-0.2853696222226364, 0.2515646013910074, 0.44873129995591704, -0.463065240434773, 0.11223196547415969, -0.3612303872913737, -0.010769883686881546, -0.3494478973082785, -0.7808674879629254, 0.09107504443545054, 0.6190721195750472, 0.5536862371361037, 0.2486122328806803, -0.14207046211373164], [-0.48509344797234333, -0.5738950962365824, -0.10062886202276014, 0.16510613921417674, 0.39729611474674353, 0.6238140793702736, -0.3652404706778788, 0.7230128538966294, -0.26947856041262797, 0.1717364291566988, 0.38599560285745227, -0.09055118490423478, 0.6924632833665697, 0.08025355497474487]], "inverted": false, "swapped": true, "error_lsq": 0.048569998950282266, "error_max": 0.2498537685419898, "target": "689.xyz", "model": "12.xyz", "model_rescale": 4.124412569039231, "target_rescale": 4.173682350124449},
{"mapping": [6, 10, 3, 14, 4, 5, 11, 12, 9, 8, 0, 1, 15], "R": [[-0.0655628588868388, -0.3538377212453844, -0.9330060978141879], [0.9631720773047153, -0.2667911766884279, 0.03349653029380267], [-0.2607701306421117, -0.8964492930808065, 0.35829820527016076]], "T": [0.06420563118454783, 0.11354295403069754, 0.0144908553192681], "aligned_model": [[-0.128293253770543, -0.037977062046801596, 0.5314220730140123, -0.6575459011444774, 0.5123025307009492, 0.3243682717545149, -0.4961625737664357, 0.041920398832577865, -0.03971723318426716, -0.1749028967699615, 0.7873510195769317, 0.5999272264329591, 0.10460570788029872], [-0.37495117746886375, 0.47201850281335916, 0.5130894519749282, -0.18241488034828385, -0.10902725424987168, -0.5139069990039009, 0.38940527454350266, -0.42121655317619705, 0.7685920767832085, 0.33381244555507444, -0.11135420604080574, 0.5548898752907874, 0.028548819835540154], [0.5539596468355602, 0.5188445801327682, 0.18926471819677676, 0.025751303217365205, 0.5672056154104047, 0.1216022297971176, -0.09007160337855859, -0.4623867413436056, -0.19286639400471034, -0.6200290428824764, -0.135696767174625, -0.4723741582159706, -0.05150530562220693]], "inverted": false, "swapped": true, "error_lsq": 0.03519143892782038, "error_max": 0.2032181740022871, "target": "689.xyz", "model": "13.xyz", "model_rescale": 3.9028299243045295, "target_rescale": 4.173682350124449},
{"mapping": [9, 14, 11, 10, 7, 6, 3, 2, 12, 13, 4, 5, 1, 0, 8, 15], "R": [[-0.7837060176683133, -0.04611212113200083, -0.6194179123622285], [-0.43501818363575406, -0.6710684235469488, 0.6003551872220831], [-0.44335545308107244, 0.7399600281116008, 0.5058607506224972]], "T": [-0.09065272892363974, 0.075771387757508, 0.04637243025879788], "aligned_model": [[-0.23646209947729505, 0.4377176668801225, -0.03480088559815561, 0.3781272634670957, -0.20520624401801957, -0.6692342312359032, -0.5535061749094996, -0.5603191138976373, 0.27931939210126633, 0.6889796114543655, 0.048881299611878176, 0.33467883897486944, -0.4604792819934337, -0.3197604480920941, 0.09506583606019492, -0.11348831553968769], [-0.12076228111444162, 0.11385032006888965, 0.5146306192324923, -0.4399290572483271, -0.6878273414702526, 0.01947534683816393, -0.3034624867504987, 0.4672604890775287, 0.6650634317614186, 0.2092805200310551, -0.5112698245014503, 0.04774722664789337, 0.5360017319747272, -0.1669216960567112, 0.42501162738019604, 0.019510190546425665], [-0.6891271284916748, -0.6624472735694421, -0.5453537182966449, -0.21754227528808906, -0.4273600139947503, -0.27994407745745126, 0.2214090013027123, 0.45661569946486746, 0.03658440191231371, -0.03729403393990598, 0.35504076986117855, 0.3299381852403382, -0.2249486095612297, 0.8052045126926536, 0.7097328369807069, -0.04998389170985683]], "inverted": true, "swapped": false, "error_lsq": 0.0479000419462587, "error_max": 0.35306802426698775, "target": "689.xyz", "model": "14.xyz", "model_rescale": 3.942246331269136, "target_rescale": 4.173682350124449},
{"mapping": [8, 12, 2, 7, 6, 12, 3, 1, 9, 0, 4, 10, 14, 13, 15], "R": [[-0.7817068291244739, -0.574309878409518, -0.24311025659442173], [0.5424425408296161, -0.43378969905130405, -0.7194321280671928], [0.3077182529497908, -0.6942583528904956, 0.6506264798202613]], "T": [-0.08434032842594026, 0.04354405467897014, 0.06286268816975443], "aligned_model": [[-0.7340586371708716, -0.07120342360545137, -0.1875458016425438, 0.1606367734034882, 0.4606565665592887, -0.07120342360545137, 0.008047725188200655, -0.40226720561721746, -0.6634851576397913, 0.3055462204351758, 0.6156933422691518, -0.03287607111790029, -0.2447027081017364, -0.11402893134617033, -0.05491523147596126], [-0.0033145492460131404, -0.29750010432976826, 0.21912282989418985, -0.6905054716431814, -0.41393752803306677, -0.29750010432976826, 0.6558046334878055, 0.7423861744694918, 0.36594355561225056, 0.47766867136804525, 0.2547623741767302, 0.1778227473970691, -0.7078983531921025, -0.40862497513507284, 0.023914789385041817], [-0.2269259050680747, -0.5675283870096617, -0.7376603972573894, -0.2690354581849687, 0.3086225306466366, -0.5675283870096617, 0.22121653834862312, -0.2968100329143218, 0.271515922981705, -0.4427049171151369, 0.2083330163970882, 0.6733046301314325, 0.19799716442988163, 0.6830676266121556, -0.04650146462779148]], "inverted": false, "swapped": true, "error_lsq": 0.04100116266963548, "error_max": 0.37833411040375986, "target": "689.xyz", "model": "15.xyz", "model_rescale": 4.355366556412066, "target_rescale": 4.173682350124449},
{"mapping": [4, 5, 6, 9, 10, 3, 11, 1, 7, 0, 12, 15], "R": [[-0.8056554402657339, 0.5671553782566503, -0.17103826614176953], [0.584722721910037, 0.8076538505049046, -0.07612224541301287], [0.09496657334211991, -0.1613382616714259, -0.9823193550309892]], "T": [-0.08963843859033113, 0.07104136710697666, -0.12672629187261103], "aligned_model": [[-0.07548910701453743, 0.46031862467758944, 0.16988064298704095, -0.6274649316672708, -0.6066776455950778, -0.5198018306325116, -0.31599007783557365, -0.32006268309076236, 0.6560049504502136, 0.18268178313055985, 0.5805386438006382, 0.013870185421472114], [-0.618720452404801, -0.30818115987114253, -0.5364067719969675, 0.51084665250489, -0.23518569888380159, -0.06725432716342379, 0.4025845305158179, 0.5278071854406035, -0.023058143287837812, -0.053871714844992244, 0.3230912227212546, 0.09112510501138073], [0.1558517747791212, 0.03633318576682604, -0.4877879470437265, -0.112572914703881, -0.3062092829299165, 0.3252784290910578, -0.6165118765680796, 0.5493594487508315, -0.5064104837898007, 0.5848302597175721, -0.09193904060364638, -0.08096309125693724]], "inverted": false, "swapped": true, "error_lsq": 0.0432461165704813, "error_max": 0.251261495795005, "target": "689.xyz", "model": "16.xyz", "model_rescale": 3.795458400668931, "target_rescale": 4.173682350124449},
{"mapping": [8, 2, 12, 9, 7, 0, 3, 11, 10, 4, 5, 6, 15], "R": [[-0.44826251560041425, 0.7740868963309332, 0.4470460759657014], [-0.8089776492417583, -0.13854523782952258, -0.5712795988848544], [-0.38028394672253435, -0.617733513744806, 0.6883236345365664]], "T": [-0.10435824010429823, -0.03298904472606001, 0.01342017498120095], "aligned_model": [[0.18105043662136983, 0.06625224828594534, 0.44249229590791533, -0.3574544345914806, 0.6346250717402435, -0.38001192311800636, -0.7353658325659327, 0.13802935643325767, -0.470435834244496, -0.49250004242974793, 0.06995439010847548, 0.10259539957414143, -0.05059933081746276], [-0.43532757059786664, 0.3046933092990443, 0.2977846429894873, -0.6247674366770587, 0.3258173511525293, 0.5778906316832738, -0.01767005065628227, -0.6125333589204175, -0.3050084939845923, 0.4931502231886188, 0.6239206709898734, 0.28706296384072194, 0.048768383163153864], [-0.5013347532127281, -0.7208680350161004, -0.31126407641746606, -0.2485473706435508, 0.19824577429069049, -0.3698752402050145, -0.08692551429777536, 0.09356063727941193, 0.44389818359244687, 0.37167336343683494, 0.11799369935667735, 0.662608758579779, -0.04689039590690987]], "inverted": false, "swapped": true, "error_lsq": 0.04755236167834295, "error_max": 0.25240936019794713, "target": "689.xyz", "model": "17.xyz", "model_rescale": 3.7474275329858107, "target_rescale": 4.173682350124449},
{"mapping": [14, 8, 12, 9, 6, 4, 7, 2, 10, 5, 3, 1, 0, 15], "R": [[-0.6307959870434022, 0.6778924134409561, 0.3775689321556215], [0.1754504518391602, 0.5985939021071004, -0.7816025072309007], [-0.755852870391702, -0.42678708527718073, -0.4965271615543644]], "T": [-0.022920113589899396, -0.14537682292249698, -0.06844279849641649], "aligned_model": [[0.6007360152000032, 0.13327923006176814, 0.5510471526989166, -0.4100014481440866, 0.2959516330339925, -0.2672519629707752, 0.7855297986486126, 0.15192645123639129, -0.40003683154735564, 0.2875644036365768, -0.6440283352242767, -0.5104547457439891, -0.2004998101359197, 0.04108609713301824], [-0.5152457627407097, 0.27714497489830453, 0.26364439512416815, -0.030192938023127988, -0.699758944767402, -0.39157648816135265, -0.21987054179007798, 0.6510472161827026, -0.6380882417676867, -0.095527380788752, -0.06647254204328965, 0.5380830386004434, 0.3538072899436724, -0.06658583315565879], [-0.35635443809614226, -0.6210585181968231, 0.062476354971158554, -0.6339399752390578, 0.32865943824153293, 0.5914887185621851, 0.15484690641413795, 0.06367046735353407, -0.1597507410909731, 0.5430842142639265, 0.05990517444249385, -0.1868272318622557, 0.4931219619261072, -0.014527613028169059]], "inverted": false, "swapped": true, "error_lsq": 0.035277550616361585, "error_max": 0.2722911891981858, "target": "689.xyz", "model": "18.xyz", "model_rescale": 3.922800546911778, "target_rescale": 4.173682350124449},
{"mapping": [13, 14, 11, 10, 2, 6, 12, 3, 5, 9, 8, 1, 4, 0, 15], "R": [[0.9185772452055416, 0.3075841989141712, -0.2482091963826598], [0.3837884680619028, -0.8442216851820652, 0.3741606046219348], [-0.09445769620997546, -0.4389552446966337, -0.893530098418639]], "T": [0.06964309175364707, 0.08605866777942883, -0.022089050066598174], "aligned_model": [[-0.2085918575905077, -0.21738625495182445, 0.3169228265613101, 0.043285253215576386, 0.3251122097405648, -0.6563879872642316, -0.06841737504902749, 0.31064394430034636, -0.47723767804376244, 0.7087851688085826, 0.6130493723282298, 0.7478969946538482, -0.4130976054916633, 0.026946772615066852, 0.04452705305511003], [0.5329974890630755, -0.030286647326211058, 0.2132659453423969, 0.7103561192095899, -0.628652341033072, 0.23048198868213848, -0.6141870766623878, 0.43166560520489194, -0.2300165358412784, 0.32782325177558014, -0.26385080094999264, -0.0713312603759273, 0.35409381717004956, -0.22393934019313322, -0.02080870903114118], [-0.5813952393115509, -0.7381344631649981, -0.5910502913265823, -0.07572353607794158, 0.3038560219116992, -0.1589455110689222, -0.08896063764648199, 0.4584824269850127, 0.2496990639779882, -0.14831755345521677, -0.32305419119846424, 0.46166949264022306, 0.47885057993598995, 0.6837101895878713, 0.011972815374702597]], "inverted": false, "swapped": true, "error_lsq": 0.03252203155477851, "error_max": 0.18262389547052107, "target": "689.xyz", "model": "19.xyz", "model_rescale": 3.9282355846067225, "target_rescale": 4.173682350124449},
{"mapping": [4, 3, 9, 0, 5, 1, 2, 8, 7, 14, 10, 6, 11, 15], "R": [[0.8396010242286612, 0.4656246897254631, 0.2797566235717203], [-0.5116939481441496, 0.8507992663495668, 0.11962404361871044], [-0.1823168218975843, -0.24358624077953356, 0.9525892712791069]], "T": [-0.0036678399091608915, -0.14190722155789973, 0.08433558564586115], "aligned_model": [[-0.6698644578529133, -0.044796377714512114, 0.6119579524843722, -0.4268900492788589, -0.6215239461343515, 0.3059822891752568, 0.01409631187194102, 0.6043043495939713, -0.3238001223649921, 0.13198215170828523, 0.02379133800728722, -0.5392589224564341, 0.5132248047580616, -0.046682502712436846], [-0.4765752593522824, -0.7075265983315572, -0.4498170384539044, -0.16699835029744298, 0.14579925022817705, -0.3754323735785299, 0.27818737608251354, 0.16314960222440275, 0.5895620576744356, 0.3369653997761666, -0.6555303843784906, -0.0355978120656881, -0.06562214220054541, -0.05768163990241873], [0.08319290807359357, -0.21038067565742008, -0.01096799352912646, -0.5608990260006117, -0.006931646955140064, -0.6695908529790725, -0.6266647309887879, -0.12924622375173966, 0.3516684910974159, 0.6851044298341107, 0.44316136756045527, 0.6025531229675636, 0.4421741432720601, 0.01900984430038219]], "inverted": false, "swapped": true, "error_lsq": 0.04226228770462558, "error_max": 0.25923929918395283, "target": "689.xyz", "model": "20.xyz", "model_rescale": 4.067790424073018, "target_rescale": 4.173682350124449},
{"mapping": [9, 14, 1, 3, 2, 12, 0, 11, 8, 13, 6, 4, 10, 5, 15], "R": [[0.30379663679056146, -0.6671897605562253, 0.6801216265372472], [-0.2819311027827296, 0.6189347988615306, 0.7330992893475965], [-0.9100672814459698, -0.4144605387333804, -7.123467218632037e-05]], "T": [0.09353815912818843, 0.03307146141434, 0.0074465072926455465], "aligned_model": [[0.30209053166903194, 0.25808197959381585, -0.28411779675415927, 0.2284647368320456, -0.710470113049205, -0.524634136677372, -0.43451503837800165, 0.3843673334016411, -0.18160429159916008, 0.7296909371096045, 0.3444421720323423, 0.21772313411276006, 0.697763208789483, -0.24321173479660363, -0.01562696837870796], [-0.09962602561121059, 0.7909713009314192, -0.5162076460322251, -0.5830593255057617, -0.06958332048708551, 0.37743927414399725, -0.481030112278112, 0.4378949406659157, 0.29252869734257325, 0.44691917302911954, 0.28669665692361734, -0.3924015283635699, -0.13456192232986322, 0.03811945300581468, 0.046795524493218464], [-0.6420022040382408, 0.09204128398139591, -0.5164721076040062, -0.0957629046752181, -0.15176775190805325, 0.12212181667690221, 0.2375197561552643, -0.3831712019906162, -0.596942119985501, 0.12590377803787275, 0.6703419370174144, 0.6069235810414243, 0.018841226269843133, 0.6069670793971612, 0.04070740524549805]], "inverted": false, "swapped": true, "error_lsq": 0.036967308159852795, "error_max": 0.25135236438583264, "target": "689.xyz", "model": "21.xyz", "model_rescale": 4.186013935880536, "target_rescale": 4.173682350124449},
{"mapping": [5, 0, 4, 14, 8, 6, 12, 2, 10, 3, 1, 11, 15], "R": [[-0.26744075164094394, -0.36885361041014963, 0.8901811379989607], [0.5841197860302563, -0.7967946257350537, -0.1546686780434346], [0.7663416470019718, 0.4786077083448757, 0.4285500455993114]], "T": [0.08818647091838874, 0.020350045316461722, 0.07965191166670539], "aligned_model": [[0.0688480979281968, -0.4843005118794109, 0.20875035487860819, 0.627166207559777, -0.2335599687064284, 0.6708275626353494, -0.1704655551458056, -0.6455012608086056, 0.4743575420019077, -0.15665134159636515, -0.6847629518024636, 0.35973117571055746, 0.024134684647907814], [-0.30760329980198464, 0.05164253862344912, 0.3027837004183672, -0.48183575155137676, -0.22421710362509728, -0.15720543657452102, -0.6416239465212967, -0.3539425775782091, 0.5122156448650812, 0.5977888846637494, 0.32140022479349617, -0.037593243465336844, -0.06285297470022741], [-0.5244370887377925, -0.43741069740638494, -0.5996988926627481, 0.33646581462106717, 0.6669960837653852, -0.36274194377416985, -0.013975904025914185, 0.01701142101042298, 0.12717914010661238, -0.04320305590342728, 0.2549808975141045, 0.6488196385733837, 0.03289414825480654]], "inverted": false, "swapped": true, "error_lsq": 0.05098158532628095, "error_max": 0.292736546864731, "target": "689.xyz", "model": "22.xyz", "model_rescale": 4.166573947596378, "target_rescale": 4.173682350124449},
{"mapping": [5, 0, 7, 1, 6, 13, 12, 14, 8, 4, 2, 3, 10, 11, 9, 15], "R": [[0.3594848796342804, 0.7156249109163715, 0.5988752860072476], [0.39692650079613423, 0.46355767788189034, -0.7921891391848832], [-0.8445235190804715, 0.5224894890356027, -0.11740851573566272]], "T": [-0.05495798839361494, 0.05706627775338913, 0.08001562144351207], "aligned_model": [[-0.2854359366244959, 0.44735452530282677, -0.06849894461713041, 0.23078505119258458, -0.23386124955424992, -0.706962377079371, -0.5303426844039234, -0.7998431413622208, 0.46544130403338396, 0.6755884564037931, 0.2986380565139464, 0.3648976268236925, -0.46695490614164414, -0.12479227967806325, -0.11397508974517681, -0.042525297275884805], [-0.09325453843471573, 0.13695952557540836, 0.43313372468914346, -0.39042960382524483, -0.6549284856727967, 0.22000398287666112, -0.28107308398537123, 0.28616550513439964, 0.6761477281744892, 0.04628512678344715, -0.5076605799599201, 0.014505798833398947, 0.6076663411099552, -0.18001024008736966, 0.45505978858904517, 0.019087826616578353], [-0.7044240185551118, -0.5587761837437696, -0.5280794085559053, -0.39558653600044047, -0.12039573543688864, -0.4349161412973579, 0.37843230675334427, 0.21653454365067965, 0.08138471135000445, 0.002303510789993246, 0.17415728274218098, 0.50819376196526, -0.21669862341498417, 0.8290224464295752, 0.525624545684109, 0.02374792278503597]], "inverted": true, "swapped": false, "error_lsq": 0.03956511056150074, "error_max": 0.324279484679327, "target": "689.xyz", "model": "23.xyz", "model_rescale": 4.274766983524099, "target_rescale": 4.173682350124449},
{"mapping": [14, 5, 12, 8, 0, 1, 9, 3, 10, 4, 15], "R": [[-0.20238269031820943, -0.6350954244892159, 0.7454495613067504], [-0.8933285880613547, -0.19216430388323907, -0.4062473557641658], [0.401254632885242, -0.7481488368673263, -0.5284581700401619]], "T": [0.051386650814401774, 0.04629039152778633, -0.0323204307409413], "aligned_model": [[0.39176917110000564, 0.02792778128817086, -0.3621778240393291, -0.4035461573043895, -0.4128959124487146, -0.6268666892922784, -0.08579019091184906, -0.007173525429345268, 0.5464213210645803, 0.3379633241805381, -0.02573659424931396], [-0.07219495563935557, 0.7218866564117856, 0.3511801375234367, -0.420592998435807, 0.5579499524718687, -0.17239790499746557, -0.5990494790035352, -0.0008397020367933161, -0.16935425379833885, 0.5994886772413701, 0.11951040150631792], [-0.7242337737450786, -0.1582976428442913, -0.5322036893661587, -0.32104708092098033, 0.31223798586806645, 0.42699439541095463, 0.18586597901293891, 0.602363719619934, 0.28667292937296623, 0.37715167082254947, -0.07593805920932353]], "inverted": false, "swapped": true, "error_lsq": 0.05075340427322803, "error_max": 0.2832688348909751, "target": "689.xyz", "model": "24.xyz", "model_rescale": 3.7841303162186577, "target_rescale": 4.173682350124449},
{"mapping": [1, 0, 8, 7, 6, 4, 3, 5, 9, 10, 11, 14, 2, 13, 12, 15], "R": [[0.016943714318753293, 0.9031461596361683, -0.4289987469440044], [-0.9948782530431095, -0.02753346239584497, -0.09725826479218845], [-0.09965024920678989, 0.42844944017111053, 0.8980539544203828]], "T": [0.024341020000899292, 0.05115655366164175, -0.07089126511096952], "aligned_model": [[-0.20918949559379157, 0.3265129975093438, -0.005657980084596011, 0.3921889132894166, -0.3467906873302646, -0.6848395688894003, -0.5796481315031765, -0.7328918125697556, 0.20287470986365178, 0.7966142980579671, 0.1962775657730192, 0.4027370795904693, -0.3935092157656722, -0.015965165642553993, -0.22312620803575003, -0.0160741848808404], [0.10490645846498783, -0.06348496857032744, 0.437712408733808, -0.4232806674566907, -0.5550466919712764, 0.013517258599954132, -0.3176008576731354, 0.32949712526813735, 0.5670443705169953, 0.03241309702024488, -0.6099840501142879, 0.35129610514245413, 0.6774453789964209, -0.16792304838094096, 0.416328559655863, -0.005181661815098576], [-0.7748876002029307, -0.7318597717287708, -0.5171338163565449, -0.3206968109280581, -0.20052665009747833, -0.2996936223252743, 0.31409829849330784, 0.27329430826257484, 0.13917108403882789, 0.021292096236520036, 0.2794778194690445, 0.5584191781795776, -0.11512378321501904, 0.6790284216814094, 0.5460214382062415, -0.0703562045677033]], "inverted": false, "swapped": false, "error_lsq": 0.03536749524391028, "error_max": 0.28035967158222125, "target": "689.xyz", "model": "25.xyz", "model_rescale": 4.19342608120988, "target_rescale": 4.173682350124449},
{"mapping": [4, 5, 6, 9, 10, 3, 11, 1, 7, 0, 12, 15], "R": [[-0.8056554402657339, 0.5671553782566503, -0.17103826614176953], [0.584722721910037, 0.8076538505049046, -0.07612224541301287], [0.09496657334211991, -0.1613382616714259, -0.9823193550309892]], "T": [-0.08963843859033113, 0.07104136710697666, -0.12672629187261103], "aligned_model": [[-0.07548910701453743, 0.46031862467758944, 0.16988064298704095, -0.6274649316672708, -0.6066776455950778, -0.5198018306325116, -0.31599007783557365, -0.32006268309076236, 0.6560049504502136, 0.18268178313055985, 0.5805386438006382, 0.013870185421472114], [-0.618720452404801, -0.30818115987114253, -0.5364067719969675, 0.51084665250489, -0.23518569888380159, -0.06725432716342379, 0.4025845305158179, 0.5278071854406035, -0.023058143287837812, -0.053871714844992244, 0.3230912227212546, 0.09112510501138073], [0.1558517747791212, 0.03633318576682604, -0.4877879470437265, -0.112572914703881, -0.3062092829299165, 0.3252784290910578, -0.6165118765680796, 0.5493594487508315, -0.5064104837898007, 0.5848302597175721, -0.09193904060364638, -0.08096309125693724]], "inverted": false, "swapped": true, "error_lsq": 0.0432461165704813, "error_max": 0.251261495795005, "target": "689.xyz", "model": "26.xyz", "model_rescale": 3.795458400668931, "target_rescale": 4.173682350124449},
