[{"mapping": [9, 0, 10, 2, 6, 1, 7, 11, 4, 8, 12, 5, 13], "R": [[-0.5410572153112987, -0.8406792342245892, 0.022704953273261413], [0.747575184568086, -0.46841878752900196, 0.4708664172648671], [-0.3852121924051406, 0.2717393321428052, 0.8819122984679413]], "T": [-0.06987252013065115, 0.00021742559713178872, 0.18423110282502841], "aligned_model": [[-0.006515096272262502, -0.5814361672607605, 0.7771756802791849, -0.7294104835135208, -0.3009013168626542, -0.23944613632387945, 0.2233227865057389, 0.608602861477548, -0.23684793299448292, 0.341138403202158, 0.13211131984998026, 0.16852583367846233, 0.029896769032580026], [-0.5426772073939853, -0.5773968683831252, -0.4885932944441306, -0.002087034190471286, 0.6928521104830666, -0.22372790193844508, -0.019886445410306146, 0.16300249900691874, 0.395112185714669, 0.49738027131791857, -0.5190824801065856, 0.525601765266083, -0.009603827502222564], [-0.3036156211320925, 0.17546771847554868, -0.05867289219527991, -0.2110695545632022, -0.04254890634945274, 0.6883515173978828, -0.5122075728761265, 0.16893347981165346, -0.6699243669471588, -0.2567657875932836, 0.3412341101095856, 0.6736580953104473, 0.05581967738779875]], "inverted": true, "swapped": false, "error_lsq": 0.03753562041406626, "error_max": 0.21194546006496198, "target": "69.xyz", "model": "0.xyz", "model_rescale": 3.8414455957264533, "target_rescale": 3.785462197332682},
{"mapping": [7, 9, 0, 6, 10, 8, 4, 11, 5, 3, 13, 12, 14], "R": [[0.9110878284237027, -0.3210198729770597, 0.25858308152695153], [-0.25091432955119863, 0.06581114040265174, 0.9657695858872214], [-0.32704887727074383, -0.9447831152982652, -0.020588757205110445]], "T": [0.005853018306200903, -0.039223241395573774, -0.07234322914885122], "aligned_model": [[0.046609476064515945, -0.35527168149769117, 0.6147346868001345, -0.7493422162570877, -0.23913680655722425, -0.39002461336977623, 0.22012077540698802, 0.6394535996939965, -0.28251482713508785, 0.3186700674505808, 0.19709124791761165, 0.10945158599937507, 0.05637522628175663], [-0.6322313128217222, -0.5966786866325866, -0.4187399302475883, 0.11250867709864153, 0.5735859619457068, -0.02677622410113481, -0.0938721580176447, 0.14639659161893992, 0.4252826565413167, 0.4956118669365148, -0.46951717451489183, 0.3403420955580262, 0.034981409055806836], [-0.3165467109208285, 0.08367618554237902, -0.1760136982420963, -0.20151271620600011, 0.10883669916552735, 0.611344104359429, -0.5692537432529732, 0.4665083116178846, -0.4403120341852097, -0.5513774478640298, 0.5218975228154776, 0.5814816981996676, -0.07006827419290707]], "inverted": true, "swapped": false, "error_lsq": 0.03671895765070348, "error_max": 0.24637249062746758, "target": "69.xyz", "model": "1.xyz", "model_rescale": 4.316132596720782, "target_rescale": 3.785462197332682},
{"mapping": [10, 0, 2, 4, 7, 5, 9, 3, 6, 1, 8, 12], "R": [[0.0561923241793959, 0.5529992904215386, 0.8312846729590245], [0.5423721968513198, -0.7159447038169339, 0.43960844072783206], [0.8382570147550158, 0.42616307426824, -0.34016203689455377]], "T": [-0.09581558219658112, 0.009236160823698087, -0.04714748165581882], "aligned_model": [[-0.19749985812462292, 0.49093782884833315, 0.17121317411534245, -0.46213596639201093, -0.4943577706304002, -0.5562862834078107, -0.16308037214248963, 0.003201068157031889, 0.44558297609255626, 0.1671815948029121, 0.22446650807715454, -0.031414344764215466], [-0.6069679645565551, -0.3019162031005328, -0.6509667877763202, 0.5751559847422373, -0.38786164730483946, -0.11424364387756904, 0.3655489060253196, 0.5155645909883482, 0.06809670096811314, -0.18640702338273882, 0.6492350959655978, 0.0875384190499199], [0.18620619096622015, 0.062118725960791515, -0.4888540013749083, -0.04285782747408506, -0.5884736849825167, 0.46277096880021906, -0.6745761832475745, 0.46958175465321805, -0.4762775412901744, 0.704694211219552, -0.11292674580711042, -0.052147406214210254]], "inverted": true, "swapped": true, "error_lsq": 0.044484505848682104, "error_max": 0.27198295986961357, "target": "69.xyz", "model": "2.xyz", "model_rescale": 3.795458400668931, "target_rescale": 3.785462197332682},
{"mapping": [5, 4, 3, 6, 10, 0, 8, 7, 9, 2, 1, 12], "R": [[0.9861376656494621, -0.040732539021784725, 0.16085199610905837], [-0.04055475151375561, -0.9991676755955204, -0.00438955290460196], [0.16089691270216244, -0.0021946092781054537, -0.9869687772027185]], "T": [0.055579561416469664, -0.033868760731330785, 0.01017910730214551], "aligned_model": [[-0.17409426231824668, -0.24583254528050766, -0.6722019842571991, 0.2518263977167546, 0.2875623598809368, 0.07287409498324737, -0.35437066196682376, 0.7824909251592129, 0.314058501902146, 0.7634362879124975, -0.4313676033058763, -0.0010776846825759356], [0.02805142505029746, -0.6277707392260357, -0.09183610215373017, 0.03111201624761889, 0.4423503052146975, 0.5590294301512222, -0.3276593678393836, -0.22997415423851508, -0.6053540392172883, 0.36929894072659913, 0.5928556629370096, -0.054334332362783046], [-0.6461083146726737, -0.09425007439838239, 0.022656647205257244, 0.6719904460164166, -0.3946672031403896, 0.3283097368119409, 0.5221693996400316, -0.19645861309096663, 0.37314372505424703, 0.20683006421682393, -0.19672342368356988, 0.09187904068036525]], "inverted": false, "swapped": true, "error_lsq": 0.04485894364910236, "error_max": 0.2523822476541646, "target": "69.xyz", "model": "3.xyz", "model_rescale": 3.7530521520055578, "target_rescale": 3.785462197332682},
{"mapping": [2, 11, 9, 4, 6, 5, 0, 10, 1, 3, 12], "R": [[0.3621809960371136, -0.6889842295400543, 0.6277942796447434], [0.7394457586393575, -0.19767837707085076, -0.6435396097124868], [0.5674899965108017, 0.6972976342163599, 0.43787111480027774]], "T": [-0.01300865508519277, -0.06842437924161472, -0.026904799473529792], "aligned_model": [[-0.517594658473261, -0.20894782622109925, 0.44796250435762175, 0.47356605570967797, 0.21847512112988168, -0.3102939192370454, -0.2411341393447409, -0.671971482642226, -0.31259289953977754, 0.3867227984210806, 0.07400804828509308], [-0.7340814772764117, 0.26834731145794705, -0.4087572844488918, 0.3025601770401103, -0.7032395202351974, 0.5617887349921525, -0.4204343277009893, 0.008917910476047938, 0.2895277692064072, 0.39325422949994393, -0.09068016469677236], [-0.09451051388252614, -0.6713187518652057, -0.4705591736611639, -0.3099061809708934, 0.12851260077477444, -0.06874087630263974, 0.4994812021378074, 0.03857279022031683, 0.6475054923206132, 0.37340696303787857, 0.020387225436354767]], "inverted": true, "swapped": true, "error_lsq": 0.04358227376740057, "error_max": 0.21999072653678658, "target": "69.xyz", "model": "4.xyz", "model_rescale": 3.7855080009869324, "target_rescale": 3.785462197332682},
{"mapping": [9, 15, 2, 8, 6, 13, 5, 1, 7, 4, 14, 11, 16], "R": [[0.3344407164042058, 0.8319636527703083, 0.4427029338960019], [0.9226630735566712, -0.193379853988769, -0.3336121771851855], [-0.19194337682243373, 0.520039145200021, -0.8322962378586323]], "T": [0.04230048973222607, -0.04317969516760755, -0.021526734757363393], "aligned_model": [[0.06500863329520422, -0.5599931892454608, 0.620229360251304, -0.6610262264827941, -0.20182816010683746, -0.38035772962591147, 0.2662505708392607, 0.693456875496356, -0.2362176846280865, 0.3102170169861224, 0.11573886321966305, 0.1010759957060058, 0.05366219509326617], [-0.7246002775934304, -0.5934910162684383, -0.5018550460444513, -0.018640367389019134, 0.5527556993841609, 0.05722803713834735, 0.06710329474049737, 0.27560289890278444, 0.4113835936402505, 0.6024130600972641, -0.5961378094799539, 0.4520052680691137, -0.09287356277774118], [-0.22662268623232093, 0.09559662251025167, 0.015900938122990697, -0.027789770282709687, 0.08495930148752004, 0.5582542202399379, -0.7914535286334988, 0.19636534400117553, -0.5479954564256987, -0.26325284555028494, 0.36128069417854863, 0.5979678337273918, -0.004550770306982907]], "inverted": true, "swapped": false, "error_lsq": 0.03938309594149744, "error_max": 0.22300368966002668, "target": "69.xyz", "model": "5.xyz", "model_rescale": 4.2253639853439635, "target_rescale": 3.785462197332682},
{"mapping": [5, 2, 11, 4, 0, 3, 8, 12, 1, 9, 6, 7, 13], "R": [[-0.40839040215846334, -0.6837062836591938, -0.6047834299232928], [-0.7206763636467062, -0.1651228850468519, 0.67332014058304], [-0.560216795808381, 0.710830606065002, -0.4252963568800617]], "T": [-0.017563703980767877, -0.029749668534897328, -0.10081757732782863], "aligned_model": [[0.08604754414875787, -0.42966886944713634, 0.6653093051767646, -0.7180130053783516, -0.13658423202029743, -0.36196292776301714, 0.30286318941536106, 0.7498708820725692, -0.42437664863036517, 0.26038506045001863, 0.10730419152135098, 0.13458101920847923, -0.04953898795604191], [-0.6359572103112264, -0.5454743197631259, -0.384481425036974, 0.060776674059463104, 0.7217538140597457, -0.04088370436826349, -0.10043572637370723, 0.22152881118785964, 0.33788991353215103, 0.44209247466230617, -0.38431640545095114, 0.2339529919216127, -0.03555211569950645], [-0.25087887148867116, 0.01905330632909509, 0.014956440077961639, -0.055133119635401864, 0.1524397599398487, 0.5190813504036101, -0.7627805391424647, 0.3674206592851102, -0.5887214077302514, -0.37045790023939157, 0.42111000947773863, 0.6317833413862675, -0.049213131827130975]], "inverted": true, "swapped": false, "error_lsq": 0.03579778612441347, "error_max": 0.21450433637388025, "target": "69.xyz", "model": "6.xyz", "model_rescale": 3.89814844738969, "target_rescale": 3.785462197332682},
{"mapping": [0, 1, 3, 2, 10, 5, 7, 8, 4, 11, 6, 9, 12], "R": [[-0.49212653690900426, -0.6691455867352746, 0.5568264140849066], [0.20585105940679277, 0.53205267363626, 0.8213070642686625], [-0.8458349797750457, 0.5188103085225012, -0.12409291180295304]], "T": [0.04873918354475391, -0.009229173395032306, -0.09391012398724512], "aligned_model": [[-0.0739581024086555, -0.527525239557897, 0.6156791399806388, -0.6503631316779404, -0.4224969619900089, -0.31589670000365627, 0.402697855996182, 0.6653342743071954, -0.22273956730018443, 0.4148755857597808, 0.270665623541615, 0.1063032459992426, -0.07635950184821996], [-0.5687070312952299, -0.5520465049824401, -0.5834920612957116, 0.023105054817596907, 0.5122022120375557, -0.09566921551049033, -0.11051336329750817, 0.13756965191484594, 0.2867921687759601, 0.7061708046814568, -0.39122899211217327, 0.42323114682117285, 0.10347990186434962], [-0.24537064692105265, 0.20284780973708788, -0.12830718848932307, -0.20234579642546413, 0.11810277297781714, 0.5859026410979482, -0.6377202476684597, 0.14262184266849126, -0.5980593491212624, -0.19131328391650598, 0.4181451901714594, 0.6855835124119543, -0.10142735968636953]], "inverted": false, "swapped": false, "error_lsq": 0.03868071325850267, "error_max": 0.20662530241514243, "target": "69.xyz", "model": "7.xyz", "model_rescale": 3.7474275329858107, "target_rescale": 3.785462197332682},
{"mapping": [5, 6, 8, 10, 12, 0, 9, 2, 11, 13, 3, 1, 14], "R": [[-0.8491251078808907, 0.5187534334198398, 0.09940536444978006], [-0.5151782236678897, -0.8549237992341455, 0.06080045527339624], [0.11652445676622455, 0.000415714062932962, 0.9931877356054867]], "T": [0.01479721066065632, 0.05258559096301193, -0.023278717049248707], "aligned_model": [[0.047077966613409176, -0.4625365104745914, 0.5897048472457105, -0.741088776201371, -0.2105791256270479, -0.32031510206477454, 0.11090686658901627, 0.6887032695995711, -0.23345847928374547, 0.40235486633229, 0.15658270837291494, 0.09870413273580217, 0.06015985696090823], [-0.6356309590269477, -0.580065891523911, -0.2844367576985667, 0.07794185484197093, 0.6235094259599883, -0.09751128933850586, -0.23149847820289923, 0.06468421656727025, 0.2271297444863291, 0.815454073924329, -0.535932295758586, 0.3594631892318464, 0.08778693895706698], [-0.2190780968667646, 0.17380684500952004, -0.16856278966336946, -0.08034704833711563, -0.08568144514051554, 0.5238811334611175, -0.7235640987129448, 0.48099674619852223, -0.5658498243438821, -0.2988555120214939, 0.36101037547335146, 0.6575939495768098, -0.0066903377969144626]], "inverted": true, "swapped": false, "error_lsq": 0.04433177820486733, "error_max": 0.2645609258077947, "target": "69.xyz", "model": "8.xyz", "model_rescale": 4.019505241142653, "target_rescale": 3.785462197332682},
{"mapping": [5, 3, 6, 4, 7, 0, 11, 1, 8, 9, 2, 1, 12], "R": [[0.31149669423393156, -0.9432359947000696, -0.11522008411515355], [0.6568633467501456, 0.3013535119442391, -0.6911704598252675], [0.6866588331752028, 0.13961346332300423, 0.7134477750203062]], "T": [0.13426618444099864, -0.041799949870987056, -0.008761530410903549], "aligned_model": [[-0.10619362980393124, -0.4446096587305965, 0.6398743655742167, -0.6922101481803997, -0.5000115112989569, -0.32637284665577704, 0.2833288552377572, 0.4394844817258257, -0.14009696267245647, 0.3561150926977721, 0.11430742868861124, 0.4394844817258257, 0.12311657249020154], [-0.544820881472869, -0.644690604046501, -0.5488294122551525, -0.056626704737930904, 0.6004623649601907, 0.1073544909691462, -0.028510863669455537, 0.30892519346361264, 0.3633059251141828, 0.5438795831291607, -0.4581613602612532, 0.30892519346361264, -0.060319152237359536], [-0.3824910305117467, 0.19095433035624365, -0.13262972411889437, -0.07442514438333314, 0.060339220020663054, 0.42507105697619074, -0.6127923610444523, 0.4812782302269778, -0.4743268050444423, -0.28281008078190867, 0.4110205395055033, 0.4812782302269778, -0.04180656459145855]], "inverted": true, "swapped": false, "error_lsq": 0.05303371664509669, "error_max": 0.3304403524658264, "target": "69.xyz", "model": "9.xyz", "model_rescale": 3.877068213659057, "target_rescale": 3.785462197332682},
{"mapping": [9, 10, 8, 6, 3, 12, 2, 1, 13, 4, 11, 5, 15], "R": [[0.7266736061460537, 0.22012358379289107, 0.6507619211269696], [-0.2260091001686186, 0.9711463894703507, -0.07612211807138054], [-0.6487413635430236, -0.09176218217150219, 0.7554563820310625]], "T": [0.0038185895489800323, -0.01450765333241571, -0.04691929441821614], "aligned_model": [[0.11944614052290453, -0.4514394176615703, 0.6048224803007868, -0.5983129944135853, -0.20874400208940228, -0.314035133222227, 0.24149288247371975, 0.7053241747097223, -0.42000233170824247, 0.3105867070192405, -0.01891995561066629, 0.1838800360746022, 0.03211793440280958], [-0.5647111156823235, -0.5584430486119195, -0.4959627872386492, 0.08328483435746456, 0.5717004987302247, -0.0021628305945087054, -0.053304617178659155, 0.2970297082788308, 0.2311538071466813, 0.5419258454781507, -0.6031949379294844, 0.4779002757927545, -0.0343218601291779], [-0.3926818189543479, -0.03768825478626857, 0.0012285315412067649, 0.04351720303167732, 0.07114208715723232, 0.6291072080101904, -0.6652728211555861, 0.35772993208793036, -0.6449701028815334, -0.280083964233681, 0.39758662880604917, 0.5328287103668726, 0.03621655784657872]], "inverted": true, "swapped": false, "error_lsq": 0.039175135523997325, "error_max": 0.20749343128181613, "target": "69.xyz", "model": "10.xyz", "model_rescale": 4.260839863003843, "target_rescale": 3.785462197332682},
{"mapping": [6, 8, 4, 9, 11, 7, 2, 0, 3, 5, 10, 12], "R": [[-0.2470717738296693, -0.7863305552632236, -0.566250648066818], [0.6402537066673077, -0.5711112961955596, 0.5137188710341495], [-0.727344986698495, -0.23561864361136303, 0.6445565336782397]], "T": [0.04054520637508731, 0.0025671997879233247, 0.017387267484428627], "aligned_model": [[0.3777084033607993, 0.19680615208639152, -0.3966502956532568, -0.3047973661701814, -0.6575001659999309, -0.4436447254685569, 0.2505024833805419, 0.6742471020135625, 0.22107513591861616, -0.18233252508488818, 0.13957138785852746, 0.08391306285250555], [-0.0840472277224362, -0.6652422826246817, -0.49973825568219876, -0.26303186492041963, 0.22464002761012106, 0.5153539238115398, 0.6639334807343242, 0.20878613911023308, -0.5704748756145628, 0.13114505704585544, 0.5949650945301093, -0.08321071074494998], [-0.582236355908497, -0.1973664937640817, 0.12238057453404078, -0.5617031782618026, 0.19200968794641698, -0.31752539151277737, -0.45249519000848804, -0.07711204258913809, 0.4323735374430734, 0.666302212913123, 0.3067999526222463, -0.015249236018610758]], "inverted": false, "swapped": true, "error_lsq": 0.038301282015338424, "error_max": 0.26985623081432353, "target": "69.xyz", "model": "11.xyz", "model_rescale": 3.890672605050136, "target_rescale": 3.785462197332682},
{"mapping": [12, 10, 9, 4, 0, 2, 5, 6, 7, 8, 11, 1, 13], "R": [[0.9125910264686119, 0.2654304742768842, 0.3110052760551082], [-0.4018133222920485, 0.7229443717211772, 0.5620475864420192], [-0.07565495646414824, -0.6378856470573867, 0.7664060469754836]], "T": [0.09041311381396369, 0.060416615785063126, 0.05134172979026975], "aligned_model": [[-0.1829867700047685, -0.4124889497158799, 0.6162377098070618, -0.6079626467669605, -0.11981972049969833, -0.39026974080477617, 0.3866904799283337, 0.5967646323776248, -0.21103982848787858, 0.3356547123005722, 0.12851885324483503, 0.077633409956161, -0.030715620536534538], [-0.43825728389803603, -0.6751348285967312, -0.4908013013585158, 0.10315676669233845, 0.5888486576172259, -0.2010354528458263, -0.14841483188568555, 0.21979367586898, 0.10181725165592331, 0.6216134312452003, -0.31625336957753075, 0.4851368382411407, 0.040424219260901374], [-0.4300198723840489, 0.1261353900018357, -0.10830700365284701, 0.09009247634540676, 0.21026395066813003, 0.5053802113652309, -0.6368307272487567, 0.27554127552763136, -0.7451356906074789, -0.32827088660605974, 0.4506283920326016, 0.703068438001929, -0.06388605660725319]], "inverted": true, "swapped": false, "error_lsq": 0.05142285736511159, "error_max": 0.29885389092768816, "target": "69.xyz", "model": "12.xyz", "model_rescale": 4.124412569039231, "target_rescale": 3.785462197332682},
{"mapping": [10, 11, 7, 2, 1, 8, 5, 3, 4, 0, 9, 6, 12], "R": [[-0.6041089995854483, -0.7579338023546558, -0.24614765460609672], [-0.4763058299652786, 0.09578137980222257, 0.874047300564603], [-0.6388936319614995, 0.6452614032556077, -0.4188706823205083]], "T": [0.15550992649494721, 0.03502308314652236, 0.002500424292413766], "aligned_model": [[-0.19173543874672194, -0.5684000699214053, 0.48692886637482424, -0.6953308353049655, -0.33835297765823225, -0.3612231288991775, 0.47565930813040475, 0.7220618203641894, -0.23313933244670648, 0.3864448848644262, 0.3281587038625205, 0.10885501898174209, 0.06628970119719413], [-0.529654963193084, -0.6187714887235777, -0.47023392544795817, 0.003501180765255879, 0.6524607234256844, -0.09083666199818435, -0.05662839448228649, 0.32673217623806783, 0.26161284886245534, 0.49407037787806474, -0.3494412272446812, 0.2952936053318174, -0.027210478992189667], [-0.32179732870284855, 0.2001360390438125, -0.16469561654318615, -0.12968082013708387, 0.19675410167490304, 0.4842082142580777, -0.6778305680628532, 0.3229347113573434, -0.6423911071657289, -0.2671512391487094, 0.48314672429823974, 0.6170696959538008, -0.05204290998944612]], "inverted": false, "swapped": false, "error_lsq": 0.045093317458356805, "error_max": 0.24462854490501493, "target": "69.xyz", "model": "13.xyz", "model_rescale": 3.9028299243045295, "target_rescale": 3.785462197332682},
{"mapping": [4, 0, 7, 8, 12, 2, 10, 9, 13, 14, 3, 1, 15], "R": [[-0.737130961562177, 0.3127432654795931, 0.5990238688095668], [0.39388915611636, 0.9191452737289038, 0.004826849465282765], [-0.5490803932033654, 0.23950702636661717, -0.8007166203599488]], "T": [-0.025813621544654573, 0.007997235631005132, 0.07376152629119766], "aligned_model": [[-0.04232063471145991, -0.5211503130482227, 0.7634216177646659, -0.797123331871275, -0.36571711056582706, -0.47301819297468667, 0.3539672266149696, 0.7281181368154314, -0.1664272624842483, 0.46517825767948906, 0.09080798820018793, 0.062450743871782684, 0.08802939550728525], [-0.5603635211956124, -0.6491403516011006, -0.39155882824903804, 0.011051589590265046, 0.6067115958866347, -0.059253940855848106, -0.09692975871579054, 0.17563017217224802, 0.43137617841590564, 0.5850151490248912, -0.5425892178737082, 0.3762693015316402, 0.004675404288897602], [-0.2950973118820173, 0.17390224099702706, -0.12140672083475433, 0.03402286457014887, -0.02746604868623602, 0.6548253094587598, -0.5587805160091368, 0.13957610511907342, -0.5847439228762978, -0.38343422493737883, 0.3419841998215592, 0.6017613776337127, 0.07351654446186079]], "inverted": false, "swapped": false, "error_lsq": 0.03981242656109491, "error_max": 0.20935007034274633, "target": "69.xyz", "model": "14.xyz", "model_rescale": 3.942246331269136, "target_rescale": 3.785462197332682},
{"mapping": [11, 10, 13, 9, 2, 5, 8, 12, 7, 0, 4, 1, 14], "R": [[-0.5897209376549284, -0.6374154202386634, 0.4959141031805409], [-0.6443367085544379, 0.001149913608815445, -0.764741056638079], [0.48688748361466977, -0.7705194739529042, -0.4113882819900371]], "T": [-0.009761060844559893, -0.10280527977529974, 0.044742319530424284], "aligned_model": [[0.15024823308463212, -0.4729379101230777, 0.6872075392685449, -0.7964323025694123, -0.3084883501375934, -0.2853221133131862, 0.30099751412984516, 0.7368929585958133, -0.3783698709595424, 0.16242700053907239, 0.062216259619557415, 0.3024658018973106, 0.025311760766128403], [-0.6533720782962571, -0.6404591277274834, -0.5210010088267261, -0.032365665698330714, 0.5993822623158864, 0.282597651476031, 0.04587769132489258, 0.0541818172816905, 0.3758900790991191, 0.566136842975675, -0.6057222484638144, 0.43134488804958615, -0.011597331090884955], [-0.3858203946927361, 0.11820021303273828, 0.06138410924310483, -0.1112990991510526, 0.026233375663712415, 0.46701029740037736, -0.648195923368961, 0.3378960075063771, -0.5602021462073382, -0.2074187218590492, 0.33724490903445925, 0.5680390041899336, 0.04558826604475497]], "inverted": false, "swapped": false, "error_lsq": 0.046581516660481034, "error_max": 0.36655028064162515, "target": "69.xyz", "model": "15.xyz", "model_rescale": 4.355366556412066, "target_rescale": 3.785462197332682},
{"mapping": [10, 0, 2, 4, 7, 5, 9, 3, 6, 1, 8, 12], "R": [[0.0561923241793959, 0.5529992904215386, 0.8312846729590245], [0.5423721968513198, -0.7159447038169339, 0.43960844072783206], [0.8382570147550158, 0.42616307426824, -0.34016203689455377]], "T": [-0.09581558219658112, 0.009236160823698087, -0.04714748165581882], "aligned_model": [[-0.19749985812462292, 0.49093782884833315, 0.17121317411534245, -0.46213596639201093, -0.4943577706304002, -0.5562862834078107, -0.16308037214248963, 0.003201068157031889, 0.44558297609255626, 0.1671815948029121, 0.22446650807715454, -0.031414344764215466], [-0.6069679645565551, -0.3019162031005328, -0.6509667877763202, 0.5751559847422373, -0.38786164730483946, -0.11424364387756904, 0.3655489060253196, 0.5155645909883482, 0.06809670096811314, -0.18640702338273882, 0.6492350959655978, 0.0875384190499199], [0.18620619096622015, 0.062118725960791515, -0.4888540013749083, -0.04285782747408506, -0.5884736849825167, 0.46277096880021906, -0.6745761832475745, 0.46958175465321805, -0.4762775412901744, 0.704694211219552, -0.11292674580711042, -0.052147406214210254]], "inverted": true, "swapped": true, "error_lsq": 0.044484505848682104, "error_max": 0.27198295986961357, "target": "69.xyz", "model": "16.xyz", "model_rescale": 3.795458400668931, "target_rescale": 3.785462197332682},
{"mapping": [0, 1, 3, 2, 10, 5, 7, 8, 4, 11, 6, 9, 12], "R": [[-0.49212653690900426, -0.6691455867352746, 0.5568264140849066], [0.20585105940679277, 0.53205267363626, 0.8213070642686625], [-0.8458349797750457, 0.5188103085225012, -0.12409291180295304]], "T": [0.04873918354475391, -0.009229173395032306, -0.09391012398724512], "aligned_model": [[-0.0739581024086555, -0.527525239557897, 0.6156791399806388, -0.6503631316779404, -0.4224969619900089, -0.31589670000365627, 0.402697855996182, 0.6653342743071954, -0.22273956730018443, 0.4148755857597808, 0.270665623541615, 0.1063032459992426, -0.07635950184821996], [-0.5687070312952299, -0.5520465049824401, -0.5834920612957116, 0.023105054817596907, 0.5122022120375557, -0.09566921551049033, -0.11051336329750817, 0.13756965191484594, 0.2867921687759601, 0.7061708046814568, -0.39122899211217327, 0.42323114682117285, 0.10347990186434962], [-0.24537064692105265, 0.20284780973708788, -0.12830718848932307, -0.20234579642546413, 0.11810277297781714, 0.5859026410979482, -0.6377202476684597, 0.14262184266849126, -0.5980593491212624, -0.19131328391650598, 0.4181451901714594, 0.6855835124119543, -0.10142735968636953]], "inverted": false, "swapped": false, "error_lsq": 0.03868071325850267, "error_max": 0.20662530241514243, "target": "69.xyz", "model": "17.xyz", "model_rescale": 3.7474275329858107, "target_rescale": 3.785462197332682},
{"mapping": [10, 12, 8, 7, 2, 9, 3, 4, 1, 0, 5, 6, 13], "R": [[-0.08457267655158819, -0.9712203677265249, -0.2226622098472358], [0.9036534590287929, 0.019394242673315153, -0.42782506861616487], [0.4198307853959713, -0.23739178727218554, 0.876006421762717]], "T": [-0.05633173520331831, -0.04938022560250229, -0.08261179149853566], "aligned_model": [[0.09767463400788462, -0.4915688340806668, 0.6342311808540193, -0.8066250408227156, -0.23183307666566536, -0.2379795700473543, 0.18691535450342406, 0.56419174927783, -0.2028883585188312, 0.467180012549731, 0.18027733845009913, 0.06219327199603008, -0.03555214070569301], [-0.6980645482308356, -0.5468040618712318, -0.20309366025968803, 0.01750642121167894, 0.6297171224887913, -0.003937319533369087, -0.17345617731205518, 0.03255761752646622, 0.34952243943501343, 0.5969497236159811, -0.5876059532936454, 0.42505373483883174, 0.052548433803446655], [-0.26130162971565263, 0.26720976041905137, -0.2104769164974084, -0.08493860411883733, 0.026286302010816234, 0.5597768542919552, -0.703921048524216, 0.46278954430048164, -0.6284288275078553, -0.16825896009533992, 0.3387540222387736, 0.5139307898053281, -0.06276138977077587]], "inverted": false, "swapped": false, "error_lsq": 0.04512353518262569, "error_max": 0.27423798007530636, "target": "69.xyz", "model": "18.xyz", "model_rescale": 3.922800546911778, "target_rescale": 3.785462197332682},
{"mapping": [2, 10, 0, 11, 13, 6, 3, 5, 7, 12, 1, 8, 14], "R": [[0.7764910263979153, -0.5317313387550063, 0.338117537713324], [0.4013126849898819, 0.0036152770577517505, -0.9159339815936561], [0.4858084136670795, 0.8469053743822889, 0.2161977614423224]], "T": [-0.02234604064881371, 0.0036182447866315182, 0.06783674563817213], "aligned_model": [[-0.060481696860340495, -0.6657025947473686, 0.6783433422170164, -0.662425477054296, -0.3602461142005807, -0.2646347682150404, 0.3113952364083732, 0.7069962357455567, -0.19353745238156703, 0.3549118936376038, 0.3000824416351774, 0.08314007617859936, -0.04162460156504177], [-0.6713504602454547, -0.4817838019619197, -0.3667062231401551, 0.1279891243724861, 0.6006922370831068, -0.22831093440579261, -0.03737516516960019, 0.1895467922794482, 0.2928230174642467, 0.6045753846954143, -0.50572286430478, 0.34320752860264847, 0.02330913714973608], [-0.16900050172889883, 0.10066728894858382, -0.19737413813306884, -0.21864852827775874, 0.0340738245997845, 0.6705579085705673, -0.4763006854520845, 0.19442323495201808, -0.6569150181182822, -0.27148760005060135, 0.4974814038586819, 0.5657749461165218, -0.024592238449142406]], "inverted": true, "swapped": false, "error_lsq": 0.03922804228018187, "error_max": 0.19978072178530962, "target": "69.xyz", "model": "19.xyz", "model_rescale": 3.9282355846067225, "target_rescale": 3.785462197332682},
{"mapping": [2, 5, 12, 3, 4, 6, 10, 9, 0, 11, 7, 8, 13], "R": [[-0.38960978719570344, -0.21167541269663515, -0.8963245692164352], [0.8993009573897672, -0.2973592404326162, -0.32067938843521904], [-0.19865045119296154, -0.9310053715146047, 0.3062139716795857]], "T": [-0.009846236990170745, -0.03042293493858847, 0.08163699711167094], "aligned_model": [[-0.07697226769091568, -0.5512169201612698, 0.7961716631178231, -0.7268328830365636, -0.23095474021185147, -0.38842826554718646, 0.4288501920029087, 0.621977016757552, -0.27910646564208036, 0.2570339156779044, 0.2112602140897411, 0.17695471384113914, -0.05251965239910886], [-0.7118801486418859, -0.47000377824681183, -0.3007826253843816, 0.15539522628604976, 0.5609219784700253, -0.15393086814237456, -0.2001350728358802, 0.22756077447760711, 0.3952053707492964, 0.5166169222383159, -0.5639778699984812, 0.48122020264801424, -0.04531633920010918], [-0.3764310898077074, 0.11873979819030708, 0.07571012988516151, -0.05161775699412452, 0.1097451476847564, 0.5995805192706495, -0.6401507711627132, 0.19419190343425483, -0.5400835694296174, -0.2963650532765402, 0.3151511186197779, 0.6126250230192626, -0.07243550259714632]], "inverted": true, "swapped": false, "error_lsq": 0.03840037374337351, "error_max": 0.221307893990426, "target": "69.xyz", "model": "20.xyz", "model_rescale": 4.067790424073018, "target_rescale": 3.785462197332682},
{"mapping": [5, 1, 4, 10, 12, 7, 6, 2, 11, 3, 8, 0, 14], "R": [[0.613646298565092, 0.567470093638619, 0.549013581874929], [-0.7003655277845844, 0.7122608793121346, 0.04661080660668428], [-0.36459065779087474, -0.4131127359780649, 0.8345127438357878]], "T": [-0.009047359070848325, -0.0350272925509406, -0.0371931984702981], "aligned_model": [[0.022800047559181892, -0.6074627671069263, 0.6481143799741714, -0.7919809507316957, -0.39109747448202203, -0.26041226598294565, 0.48188156324823017, 0.6936256650706288, -0.2057432386723262, 0.31545042690134384, 0.1000999671037211, 0.2641867386414032, -0.0832455707246724], [-0.6124777237767599, -0.5275645366410978, -0.4938159135815805, -0.0020315666855339753, 0.6260674718716137, -0.14806653322717842, -0.016440209129011875, 0.183319671052654, 0.3397636872999394, 0.7323915536850258, -0.4383439316280018, 0.26475088781406125, -0.016659084634745663], [-0.15552689200659708, 0.23227138897656163, -0.026060153765095448, -0.2763857875639594, 0.02609415149068256, 0.6561333990645134, -0.5905468071653767, 0.07369934486735753, -0.5259412995912807, -0.20899109715309205, 0.350866650725131, 0.5458455652027352, -0.05279856624525961]], "inverted": true, "swapped": false, "error_lsq": 0.04354189918544947, "error_max": 0.2485907442274917, "target": "69.xyz", "model": "21.xyz", "model_rescale": 4.186013935880536, "target_rescale": 3.785462197332682},
{"mapping": [5, 3, 8, 6, 7, 4, 2, 9, 0, 1, 11, 10, 12], "R": [[0.03995320744559291, 0.9896981287832567, -0.1374821992031325], [-0.9447430417885183, -0.007387433198587775, -0.32772856272060663], [-0.32536798583601867, 0.1429791583191648, 0.9347152689880249]], "T": [0.051854469420478284, -0.0018158399968091323, 0.0031026221423433977], "aligned_model": [[-0.11969213734403056, -0.6373762291121329, 0.73076567091586, -0.5007133626964166, -0.216267153247994, -0.3645198017684271, 0.4094493692712093, 0.5867271668154364, -0.24613496750109776, 0.19216646556523287, 0.17725385631926902, 0.154102535501001, 0.020455108080182395], [-0.5723014601652373, -0.6135731507953, -0.3562299044533223, 0.05613327807288816, 0.6512569391314127, 0.006551951297737268, -0.2257650695520186, 0.22615334323832773, 0.21037371607313593, 0.6051670184370391, -0.4868536640633574, 0.41901022643639096, -0.029029451238311653], [-0.4905133166232955, 0.05835379064976591, -0.030637296398278235, -0.031008074739630343, 0.20292874781218573, 0.5982316796829953, -0.6065463203215677, 0.22079968072347908, -0.6197668094276874, -0.38031306511848756, 0.38778337510777944, 0.7163698844157625, 0.022977621073299075]], "inverted": false, "swapped": false, "error_lsq": 0.042700060434662866, "error_max": 0.24196584232466115, "target": "69.xyz", "model": "22.xyz", "model_rescale": 4.166573947596378, "target_rescale": 3.785462197332682},
{"mapping": [9, 8, 14, 4, 1, 7, 12, 13, 2, 6, 10, 5, 15], "R": [[0.4294625533180146, 0.7569264405011236, 0.4925690601000749], [-0.14405347558162887, 0.5958634975324189, -0.7900603068635248], [-0.8915214587829198, 0.26834503158943135, 0.36493894359309276]], "T": [-0.046828412602241784, -0.0794432560248999, -0.1385112144705556], "aligned_model": [[-0.02937433391311299, -0.6437189229761121, 0.6647634331678876, -0.7713669853933978, -0.2832381942185508, -0.09794958257805077, 0.4761144797086041, 0.5650799804997614, -0.3208459259084717, 0.21882398874825137, 0.2818479191369685, 0.18165889000123342, -0.05557822547691833], [-0.6558067861026173, -0.5519660273928317, -0.4181719378206816, 0.04249483802493739, 0.5768510652870078, -0.07881733992137976, 0.0025298871207992263, -0.01062121985800149, 0.3830439736782225, 0.609873118620708, -0.42924577929371666, 0.4372771325992886, -0.01654715252235059], [-0.30569256096459496, 0.1344779600136652, -0.06867076499749841, -0.1438470482237645, 0.00807405026302313, 0.5747740593572109, -0.5247656518736732, 0.44256088491549406, -0.5432694187754137, -0.32121143140807523, 0.43642469219496516, 0.47128840321578047, -0.11148327688079798]], "inverted": false, "swapped": false, "error_lsq": 0.04035066980553939, "error_max": 0.24912981766908182, "target": "69.xyz", "model": "23.xyz", "model_rescale": 4.274766983524099, "target_rescale": 3.785462197332682},
{"mapping": [7, 6, 2, 10, 0, 1, 5, 3, 4, 8, 12], "R": [[0.05380965092593332, 0.996260389867287, -0.06759997817093144], [0.27003342625760546, -0.07969379855507297, -0.9595472094563361], [-0.9613461760317182, 0.03337864666736293, -0.27331190200181155]], "T": [0.038758988786190884, 0.06132351460990635, 0.0017232791869316103], "aligned_model": [[0.22038452361191907, 0.02270680143140521, -0.3477943183501605, -0.46543964926954695, -0.5292362935775626, -0.6022109719864507, -0.07139878750061102, 0.09631235457345239, 0.6229388694678226, 0.3685740875457371, 0.0650580880120706], [-0.07394537582061292, 0.7442994702530121, 0.3670639128234733, -0.27831061315732597, 0.42169210452278216, -0.15405883344538276, -0.610780983980666, -0.01437457237025478, -0.12013940984399846, 0.4998981219559383, 0.1342427103065186], [-0.7454521325947787, -0.11666481768073372, -0.6760497574869689, -0.2720166434976799, 0.02518178920186974, 0.46591898717565117, 0.1548185510158594, 0.7256979262643488, 0.28505938025685823, 0.46581430511467903, 0.06725884625247217]], "inverted": false, "swapped": true, "error_lsq": 0.050306197732633895, "error_max": 0.3069063834927871, "target": "69.xyz", "model": "24.xyz", "model_rescale": 3.7841303162186577, "target_rescale": 3.785462197332682},
{"mapping": [8, 0, 2, 7, 11, 10, 4, 12, 6, 3, 9, 14, 15], "R": [[-0.6889217595687301, -0.3721357683218135, 0.6220142917395537], [0.5895340700170079, 0.21159115466955128, 0.7795375318448676], [-0.4217065205589152, 0.9037389851063966, 0.07361696351353847]], "T": [-0.009294114282991806, -0.047881414217042305, 0.0029235351121966536], "aligned_model": [[0.04590422528563777, -0.5770347816174216, 0.6246112194355133, -0.6535746080220757, -0.3709800628682651, -0.45272068008370997, 0.29563192673166383, 0.6633374553136027, -0.22686417161326272, 0.307812185344989, 0.30690993155924867, 0.2431709771081068, -0.019987095775934882], [-0.628800186474194, -0.49538553912242617, -0.44300412125112976, 0.03721889754960093, 0.6274009179369253, -0.07085214375609267, -0.09565233765141448, 0.19268725361334357, 0.3117520103085133, 0.5608416776464313, -0.2626195171799856, 0.1617651341296068, -0.00445827332979417], [-0.09165081123485914, -0.13397256490133982, -0.10116826185810893, -0.01866679663147297, 0.05395897024657951, 0.6417508448006789, -0.6763719758723167, 0.2576103900310776, -0.5847443322757976, -0.4188603903775896, 0.44569125870437354, 0.7251483371688568, -0.05006477096376086]], "inverted": false, "swapped": false, "error_lsq": 0.04535058935446167, "error_max": 0.2824388548499921, "target": "69.xyz", "model": "25.xyz", "model_rescale": 4.19342608120988, "target_rescale": 3.785462197332682},
{"mapping": [10, 0, 2, 4, 7, 5, 9, 3, 6, 1, 8, 12], "R": [[0.0561923241793959, 0.5529992904215386, 0.8312846729590245], [0.5423721968513198, -0.7159447038169339, 0.43960844072783206], [0.8382570147550158, 0.42616307426824, -0.34016203689455377]], "T": [-0.09581558219658112, 0.009236160823698087, -0.04714748165581882], "aligned_model": [[-0.19749985812462292, 0.49093782884833315, 0.17121317411534245, -0.46213596639201093, -0.4943577706304002, -0.5562862834078107, -0.16308037214248963, 0.003201068157031889, 0.44558297609255626, 0.1671815948029121, 0.22446650807715454, -0.031414344764215466], [-0.6069679645565551, -0.3019162031005328, -0.6509667877763202, 0.5751559847422373, -0.38786164730483946, -0.11424364387756904, 0.3655489060253196, 0.5155645909883482, 0.06809670096811314, -0.18640702338273882, 0.6492350959655978, 0.0875384190499199], [0.18620619096622015, 0.062118725960791515, -0.4888540013749083, -0.04285782747408506, -0.5884736849825167, 0.46277096880021906, -0.6745761832475745, 0.46958175465321805, -0.4762775412901744, 0.704694211219552, -0.11292674580711042, -0.052147406214210254]], "inverted": true, "swapped": true, "error_lsq": 0.044484505848682104, "error_max": 0.27198295986961357, "target": "69.xyz", "model": "26.xyz", "model_rescale": 3.795458400668931, "target_rescale": 3.785462197332682},
{"mapping": [10, 4, 7, 11, 1, 9, 5, 0, 8, 6, 3, 2, 12], "R": [[0.4002192822349005, 0.8547294845446879, 0.33054808179348627], [-0.6056392206474622, 0.5173904474558085, -0.6045727907332688], [-0.6877686097379812, 0.04176880572209879, 0.7247273324000096]], "T": [-0.1014411309652013, 0.050157349709245916, 0.030253522596993453], "aligned_model": [[-0.07460894081038422, -0.47361689824602876, 0.5387507462374024, -0.7296624873760764, -0.033785383583618656, -0.30282800148563166, 0.21704897217451913, 0.6209098039379999, -0.3129012816249751, 0.3607243161498746, 0.2606165601018731, 0.07482141863964195, 0.04074769668349615], [-0.5779606516222381, -0.6833355137216092, -0.40886519891467, -0.17825298654299893, 0.6352118711937623, 0.0656799872161176, -0.0382161274653504, 0.16108940944116729, 0.4385899864736487, 0.5335135574766587, -0.4061836801169164, 0.36157892410980813, -0.011955805107995432], [-0.3050586282178396, 0.17970786405791378, -0.16889656866089892, -0.22418947175685192, 0.08930500257838009, 0.4091686400339016, -0.6462186871901904, 0.4267083082422404, -0.5486734170813838, -0.45343732451662916, 0.4838432619917835, 0.8344817430070194, -0.0280808256511244]], "inverted": true, "swapped": false, "error_lsq": 0.05006230301838051, "error_max": 0.28275004098135603, "target": "69.xyz", "model": "27.xyz", "model_rescale": 3.6321398670334006, "target_rescale": 3.785462197332682},
{"mapping": [11, 9, 2, 12, 7, 6, 0, 1, 8, 3, 13, 4, 14], "R": [[0.7136532516660431, 0.6910094659481021, -0.11491281197761266], [-0.2096462187820345, 0.05416437205460113, -0.9762759260323518], [-0.6683917259638084, 0.7208135256569826, 0.1835221019198281]], "T": [-0.008683664510484655, -0.01579641366237533, -0.11855107748164125], "aligned_model": [[0.18343777306996464, -0.43727191973137103, 0.6947949040538872, -0.7697044200869174, -0.2533049030537365, -0.3355833162543166, 0.3121997046835821, 0.5415897536881147, -0.3398129887507171, 0.32862804084959946, 0.10280784041180546, 0.12925130742168886, 0.029184744496508104], [-0.6173973135394974, -0.5206543130595105, -0.3778321992847298, 0.2470581706591241, 0.7145910769205737, -0.11650216690865256, -0.0881126666364127, 0.12232038253773739, 0.2284180534195213, 0.5330286327196117, -0.6112782792268445, 0.41797905182916245, -0.04072465701069856], [-0.23556196119666722, -0.029092874262163088, -0.03199671749993803, 0.0692376547229205, -0.03147669974993089, 0.5792328475937559, -0.6488490287791223, 0.2355535849809569, -0.4311886959645668, -0.3563996886887165, 0.42866763932917124, 0.5737494652125713, -0.0732156288619502]], "inverted": true, "swapped": false, "error_lsq": 0.03947981171722048, "error_max": 0.260716051043591, "target": "69.xyz", "model": "28.xyz", "model_rescale": 4.156811204709835, "target_rescale": 3.785462197332682},
