[{"mapping": [10, 1, 3, 12, 9, 2, 0, 11, 5, 8, 4, 6, 13], "R": [[-0.30123716629990405, 0.11523327051633697, 0.9465608606981979], [-0.7016369917998563, 0.6454320630789083, -0.3018658372319609], [-0.645725716831576, -0.7550753242662702, -0.11357620044064945]], "T": [-0.06484635240725625, -0.05794510477158153, 0.12951951560478064], "aligned_model": [[0.1809150519497056, -0.5078131397425983, -0.16417394514623887, -0.15026102170978786, 0.4991433798054392, 0.3815550565485727, 0.08476493894855716, -0.1363675191176592, -0.6539071525747272, 0.24947500403937353, 0.7229179289701063, 0.06277812276125763, 0.054166637769838585], [-0.3441587798748743, -0.39421014197287296, 0.10903181434529162, -0.5550166254924557, -0.4857049262116647, -0.10125068398071371, -0.7029578278240209, 0.217763437512077, 0.4038107204562017, 0.5727426881153648, 0.44962707198220864, 0.614676104515233, -0.02747478387723752], [-0.8048851017607299, 0.2836310450138155, 0.614754555148143, -0.15463545185097688, -0.05937275232704067, 0.7541063024497443, 0.5257359756111132, -0.5076079153440709, 0.019110313017924832, -0.2081402605126052, 0.3171418729679355, 0.46987078465362364, 0.022527319772086107]], "inverted": false, "swapped": false, "error_lsq": 0.041505703325155116, "error_max": 0.30606511682074367, "target": "690.xyz", "model": "0.xyz", "model_rescale": 3.8414455957264533, "target_rescale": 3.9445838592101805},
{"mapping": [8, 3, 4, 10, 6, 2, 5, 12, 1, 13, 7, 0, 14], "R": [[0.4491289732204766, -0.1408106502374291, 0.8823012672515169], [-0.7374219137529833, 0.4991464644947876, 0.4550403587586947], [-0.5044720869689503, -0.8550000981064658, 0.12034427991028807]], "T": [0.12106560695589964, 0.036528837209682016, 0.08015169198548783], "aligned_model": [[0.40407236503722516, -0.49828852143509095, -0.0011905094102574315, -0.1533529010451652, 0.5216007908657669, 0.4489280718851842, -0.03304533640677203, -0.20584753518716892, -0.7135589131263168, 0.3237371391291584, 0.5184075876153476, -0.020743773424042808, 0.03247487800397035], [-0.09054339229482923, -0.20641991832176154, 0.10638083138664377, -0.49788086538638676, -0.6337148447023725, -0.3175665710905283, -0.5630604413095945, 0.01781236682681582, 0.22594192979652844, 0.5984928381715039, 0.3969008632214344, 0.6961444750662431, 0.024390796328840045], [-0.6465272060634524, 0.4933746921570843, 0.6055005054121074, -0.24769286363201948, 0.060860577686308336, 0.6384772005641586, 0.3061280164159341, -0.6090993762745665, 0.20673163511613638, -0.38671843161298675, 0.4339967928544039, 0.3453208444872555, 0.071884299728599]], "inverted": false, "swapped": false, "error_lsq": 0.043371037970945985, "error_max": 0.2491688882069847, "target": "690.xyz", "model": "1.xyz", "model_rescale": 4.316132596720782, "target_rescale": 3.9445838592101805},
{"mapping": [10, 0, 9, 2, 11, 5, 8, 6, 7, 4, 3, 12], "R": [[-0.0064250513726630265, 0.3575625716724363, 0.93386708157738], [0.7720167692895031, 0.5953357835005072, -0.22263291045942762], [-0.6355696866989937, 0.7195306193782384, -0.27986936439437604]], "T": [0.03983716083407706, 0.06986087352706279, -0.1280415609897011], "aligned_model": [[-0.39412881729267024, 0.6855472550401189, 0.11783733302561264, -0.5260890591014159, -0.5772906274217527, -0.48904167155724954, -0.1650567430684876, -0.20707177924487954, 0.5375102089730524, 0.2229997323500115, 0.42320099661612975, -0.030608273686688718], [-0.5925036098001284, -0.24245525183994043, -0.6212746458675674, 0.3430204916915673, -0.2739506833804778, -0.12968303243579127, 0.4052191738221935, 0.555161497035133, 0.009755696315895956, 0.015220941429104573, 0.5245744749539889, 0.019691375817002643], [0.07090093020347732, 0.04618363044642343, -0.4696893111919873, -0.07373839682112145, -0.46613321308349337, 0.4947542381117628, -0.6804411519435091, 0.5223560364377625, -0.49424877146320423, 0.5536389145002081, 0.011750552506848921, -0.06607499649374633]], "inverted": true, "swapped": true, "error_lsq": 0.036092053682775606, "error_max": 0.2496439937897727, "target": "690.xyz", "model": "2.xyz", "model_rescale": 3.795458400668931, "target_rescale": 3.9445838592101805},
{"mapping": [0, 4, 10, 2, 7, 8, 5, 3, 6, 1, 9, 12], "R": [[0.7998793400428458, 0.5932815269839895, 0.09060944273180165], [0.5603099723856686, -0.7923044304114194, 0.24146723255052224], [0.2150483113576881, -0.14237527625954746, -0.9661695009118353]], "T": [0.049347840917278785, 0.11171617301954363, 0.00873553489727344], "aligned_model": [[-0.07784307039157334, -0.022017533887959767, -0.7280702117204629, 0.1381655016327946, 0.1764734985953579, 0.36739859955103893, -0.36110452576529034, 0.5784322057908209, 0.36915077536326063, 0.7265818865222919, -0.5483583874914926, -0.02550491245522085], [-0.07206548041068415, -0.5718974412588249, 0.0021746026497588, 0.06712832038031925, 0.45067173196428467, 0.642114708564985, -0.4562011870481394, -0.0929778400910984, -0.5645506930658675, 0.11161132671977438, 0.5106411650410478, 0.05911983184415383], [-0.6947444443470991, -0.16097518986790416, 0.23290758833126535, 0.6316005632838572, -0.49559274350349525, 0.2864280229896733, 0.47392788646314765, -0.21807764978789287, 0.408594214385925, 0.4428857776519647, -0.28123279701344217, 0.06305020205310063]], "inverted": true, "swapped": true, "error_lsq": 0.05147386623839308, "error_max": 0.2682694184542434, "target": "690.xyz", "model": "3.xyz", "model_rescale": 3.7530521520055578, "target_rescale": 3.9445838592101805},
{"mapping": [3, 8, 7, 9, 0, 11, 4, 2, 5, 10, 12], "R": [[0.5150419559426844, 0.4840984623684171, -0.7073757575371582], [0.09770946310934867, 0.7867135472455247, 0.6095364266385124], [0.851577738340791, -0.3830541388797384, 0.3578894832898632]], "T": [-0.12572574465617672, -0.1358369826039994, -0.07223449084493357], "aligned_model": [[-0.35163844684626744, -0.38815086400698773, 0.24940519550084198, 0.5702012907507377, 0.41642594420105217, -0.06465294173209171, -0.1390046288714944, -0.6457344598080048, -0.35338922307753295, 0.17629807104239217, -0.1315603347074399], [-0.6938235519933165, 0.08560070588049984, -0.41219630407344093, 0.19381185236799298, -0.6152534911757395, 0.6416747275811467, -0.4964621227666085, 0.2155656314214403, 0.187464403920776, 0.43697142181579146, -0.07614991466419553], [-0.1765827743685184, -0.6567774031888958, -0.4824796850254019, -0.1587950201896054, 0.0729159925608225, -0.14368175940150196, 0.5368595084399407, -0.009428153050040286, 0.670093436153103, 0.4250616385627662, 0.015644996752647966]], "inverted": false, "swapped": true, "error_lsq": 0.049753744068168154, "error_max": 0.24231453861804783, "target": "690.xyz", "model": "4.xyz", "model_rescale": 3.7855080009869324, "target_rescale": 3.9445838592101805},
{"mapping": [7, 9, 14, 10, 8, 13, 15, 5, 3, 4, 11, 1, 16], "R": [[-0.44475250637876035, 0.2923308209790104, 0.8466037438941247], [-0.6757641072043535, -0.729889820349616, -0.10297437333777992], [0.5878248714405625, -0.6179025337832361, 0.5221670032280314]], "T": [0.07000717857733771, 0.054100318383435445, 0.14447201306327756], "aligned_model": [[0.29533573793671664, -0.547082125807884, -0.19993897577585654, -0.19231857263464294, 0.4155113579501962, 0.6144750398996317, -0.004998886263416186, -0.3121819110024364, -0.6041339327031612, 0.3151008766276573, 0.7029298024074427, 0.10512443840919769, 0.03537049345839411], [-0.07344844259182763, -0.2648896411796219, -0.06624587643666405, -0.5006721090018927, -0.5540400595518159, -0.17718674942142865, -0.7025290548091307, 0.17393253926465196, 0.1040132831528163, 0.539100269547763, 0.42929327681063145, 0.8049415566539093, 0.04460907525514614], [-0.5586124952190559, 0.3005496071002334, 0.7530303633265152, -0.2484364090128412, 0.0663566066169333, 0.5627167728974611, 0.46259807069638786, -0.5588593336461962, -0.015086952302711426, -0.3572300004985243, 0.44625906462613674, 0.23451729036160684, 0.1844341018930173]], "inverted": false, "swapped": false, "error_lsq": 0.03871891075448143, "error_max": 0.22611578258107778, "target": "690.xyz", "model": "5.xyz", "model_rescale": 4.2253639853439635, "target_rescale": 3.9445838592101805},
{"mapping": [1, 7, 6, 0, 4, 2, 3, 9, 12, 8, 5, 11, 13], "R": [[0.968372625631269, 0.09205080657093478, 0.23190753963086774], [0.21227906180916223, -0.792390023138188, -0.5718877959429486], [0.13111848780940097, 0.6030296014630644, -0.7868692660880039]], "T": [0.13911765484003202, 0.010352111224506858, 0.04087286006855356], "aligned_model": [[0.45879448848530946, -0.5205861440230066, -0.03863697797465879, -0.3539667419553914, 0.48173356155779196, 0.6040459806384089, -0.005375149018177594, -0.1348348160525989, -0.7298259422246188, 0.36774636576592334, 0.5010971423890385, -0.1387816577235364, 0.13178323263735556], [-0.2510167220791799, -0.29675012223490205, 0.025642298953110713, -0.5021616103357327, -0.6075803985153159, -0.1623300403715202, -0.5330644092687937, 0.15919472793932082, 0.3171613246372391, 0.586350195608243, 0.40606005336258705, 0.6509201309924135, -0.03554736099493305], [-0.5659210398400281, 0.3568955364650898, 0.6588433033708587, -0.3296134584048364, -0.0001766962888157253, 0.4927513154387092, 0.4731109745222527, -0.4839055185130076, 0.18969791224202842, -0.3613957006285539, 0.37721694218282137, 0.38438177253008954, 0.0803513437623547]], "inverted": true, "swapped": false, "error_lsq": 0.037257253618762594, "error_max": 0.18736108021039613, "target": "690.xyz", "model": "6.xyz", "model_rescale": 3.89814844738969, "target_rescale": 3.9445838592101805},
{"mapping": [7, 1, 5, 0, 4, 10, 2, 3, 6, 8, 11, 9, 12], "R": [[-0.5556585900736952, -0.09841219143047972, -0.8255656072385551], [0.8307134347574119, -0.025062286103884113, -0.5561358387379747], [0.0340399851770925, -0.9948300972493234, 0.09567840412572559]], "T": [0.10228950961015061, -0.05794849120964932, 0.018954140428913746], "aligned_model": [[0.34287368560541315, -0.5803769119360572, -0.36907669251226644, -0.3061520008910726, 0.5825367254842868, 0.37551494760859727, 0.10197661137571064, -0.29665168317106383, -0.46067887553110465, 0.17721098342221953, 0.8015133988869809, 0.0681398640336263, 0.18636329012656916], [-0.19151023170262735, -0.4327794406408061, 0.09991879833436892, -0.40932112022810163, -0.48591415929553594, -0.09557293108833678, -0.6089680627489952, 0.14588447217545875, 0.31464258703146597, 0.571582925089198, 0.3499598077102558, 0.6158385973548285, -0.11688317429863561], [-0.5773303514733351, 0.34799050357996975, 0.6151658699458213, -0.2274666288752365, 0.06023109488555348, 0.6992745977183432, 0.463841967185566, -0.653117272748182, -0.021274416273369276, -0.21718933496121637, 0.025048527999658787, 0.6044373938405007, 0.15262473601488882]], "inverted": true, "swapped": false, "error_lsq": 0.04997060503127198, "error_max": 0.3377818423064966, "target": "690.xyz", "model": "7.xyz", "model_rescale": 3.7474275329858107, "target_rescale": 3.9445838592101805},
{"mapping": [6, 2, 14, 3, 5, 9, 8, 0, 1, 10, 11, 12, 14], "R": [[0.443122329639542, 0.07179524866875883, -0.893581581750327], [0.09372426065167283, -0.9950354628048198, -0.03346925045613687], [-0.8915482959100547, -0.06891930084808907, -0.447651388951814]], "T": [0.037612397313693965, 0.05997493145336684, 0.20057357399983755], "aligned_model": [[0.29473915646365795, -0.6763680435207247, -0.007770175159731572, -0.1418025264998236, 0.42420022792101414, 0.679535340401672, 0.02900600839057632, -0.22470982091122094, -0.6729456410616422, 0.3999944565755715, 0.537282883656337, -0.010198348594115086, -0.007770175159731572], [-0.16488916448601376, -0.34553538754602436, 0.06059531226851715, -0.5047295741986794, -0.5057337523448177, -0.2090526631433859, -0.5508820510917252, 0.1281664321568392, 0.23984097586488495, 0.5344092029779224, 0.36073491093988225, 0.6533585140266198, 0.06059531226851715], [-0.5412215907755511, 0.3859995892747916, 0.2394595116832478, -0.20322543961198392, -0.008100809486826371, 0.5102500641813695, 0.5038720949361153, -0.4000512762056214, 0.03456965772735679, -0.26724554148856094, 0.4158705674931152, 0.3626003474282622, 0.2394595116832478]], "inverted": true, "swapped": false, "error_lsq": 0.04716072392389965, "error_max": 0.40806977377434006, "target": "690.xyz", "model": "8.xyz", "model_rescale": 4.019505241142653, "target_rescale": 3.9445838592101805},
{"mapping": [11, 3, 0, 5, 8, 7, 4, 6, 2, 10, 1, 1, 12], "R": [[-0.404325010570508, -0.057484495702156524, 0.9128071091862874], [-0.7629821207572293, 0.5715544344218016, -0.30196657413954714], [-0.5043605547938487, -0.818548142290142, -0.27495339518070705]], "T": [0.07820093681653878, 0.00399443689231058, 0.02758645684351964], "aligned_model": [[0.3375359605293582, -0.6481438837895146, -0.025586798234571217, -0.28737540970862563, 0.5700602551006007, 0.5276452065524837, -0.0575447354942763, -0.2504050098141859, -0.4592713805742365, 0.2978091159064506, 0.273541953189386, 0.273541953189386, 0.07138611564958366], [-0.28219368449558757, -0.3662823901590728, -0.033726652057632575, -0.481391504834176, -0.4579382026820553, -0.34383867095963083, -0.6543291188759083, 0.23649326620446903, 0.21599531911081424, 0.7607238256382493, 0.5958327854616657, 0.5958327854616657, -0.028299690120263395], [-0.4603594711498659, 0.2992095056985209, 0.6682511925458061, -0.25750851255713786, 0.05638886818524945, 0.7322821128250775, 0.5131561012949555, -0.5774129350357599, 0.15467420681897454, -0.4385815794940216, 0.2881139192264281, 0.2881139192264281, 0.0059093592543076265]], "inverted": false, "swapped": false, "error_lsq": 0.05300700346395129, "error_max": 0.4089068711643747, "target": "690.xyz", "model": "9.xyz", "model_rescale": 3.877068213659057, "target_rescale": 3.9445838592101805},
{"mapping": [11, 7, 4, 8, 9, 13, 2, 0, 1, 12, 6, 3, 15], "R": [[-0.4395028839250916, -0.5255064851535816, -0.7284779674657679], [-0.8626656286917098, 0.4729251457124961, 0.1793037077886332], [0.25029028765708183, 0.7072374004634816, -0.6611883478179211]], "T": [0.16316797109341286, -0.005983860905205966, 0.13464518343195273], "aligned_model": [[0.29670045752225316, -0.54138317050377, -0.2629710961401069, -0.22247692277811115, 0.32870496915994474, 0.5908936385696297, 0.09506407563235808, -0.19422786320962815, -0.6731567252696163, 0.3010553155157503, 0.6561815597644585, 0.12236292296042438, 0.12644618127825263], [-0.08417619491301578, -0.3706694312821148, 0.07393744450749906, -0.5270880597828626, -0.6307355366798033, -0.06625685535991369, -0.5303393915389499, 0.2312749624545163, 0.17242507263429802, 0.5715723427645335, 0.3601199505710108, 0.5328025496225092, 0.024011214694829915], [-0.5869574151181404, 0.32673550866928325, 0.6543650695854901, -0.28374621890680785, 0.000749142461330593, 0.7757819983826767, 0.5356046512916599, -0.5359832561637622, -0.012452963701240466, -0.3187984487477088, 0.19130359616238216, 0.4675197763430817, 0.05811524658071815]], "inverted": true, "swapped": false, "error_lsq": 0.03653319657683854, "error_max": 0.1828482530019987, "target": "690.xyz", "model": "10.xyz", "model_rescale": 4.260839863003843, "target_rescale": 3.9445838592101805},
{"mapping": [5, 11, 9, 10, 0, 4, 6, 2, 8, 7, 3, 12], "R": [[0.6483968645782264, 0.09039931239682447, -0.7559163117192977], [0.007377001392356648, 0.9921323545519433, 0.12497588127984784], [0.7612667639241728, -0.08661036525381234, 0.6426286320846738]], "T": [0.007707043713043963, 0.032731576986458406, 0.0877537819928155], "aligned_model": [[0.1375692612887802, 0.2233205975365822, -0.49833813644328007, -0.2038007246781052, -0.6792473731147992, -0.24828870897392305, 0.43764463907244294, 0.5813235154578571, 0.4637846361134382, -0.3234162536385222, 0.057547518314939296, 0.010799678158720865], [0.08985740479488918, -0.6815980597004668, -0.5537651069638732, -0.41428737822795764, 0.27703195604687714, 0.5476044569580716, 0.6307409671409911, -0.04214429336296429, -0.24562909370445218, -0.013728541352743075, 0.5662179188010136, 0.012778275103548564], [-0.7412683174595874, -0.15016011939703355, 0.10813597041547296, -0.561915219373386, 0.20285486472638867, -0.3252769826290439, -0.33300290302981617, -0.16363286130276986, 0.5050073934115462, 0.6108193950178381, 0.3813221302403539, -0.016705273224458167]], "inverted": true, "swapped": true, "error_lsq": 0.05143835417833392, "error_max": 0.323035840593763, "target": "690.xyz", "model": "11.xyz", "model_rescale": 3.890672605050136, "target_rescale": 3.9445838592101805},
{"mapping": [7, 1, 11, 0, 4, 10, 2, 8, 6, 5, 12, 9, 13], "R": [[-0.27858809111115185, -0.1863548852865399, -0.9421573818746447], [0.9327087990843671, 0.18141522747413757, -0.31167741552942957], [0.22900430476661868, -0.9655880964315724, 0.1232747193385983]], "T": [-0.06317879963935456, -0.006702209237420192, 0.08057426755305923], "aligned_model": [[0.5574866712181153, -0.6695215633301128, -0.11030929454385, -0.3221060864339009, 0.3073899286598884, 0.5996327830647431, 0.10375105697558352, -0.29849735032768854, -0.5838670175714779, 0.2759721138856054, 0.6556045526653754, 0.02043750387805622, 0.0872200443615014], [0.07270142959370303, -0.4719157785081554, 0.011863210785607214, -0.4642672886635235, -0.6014546797303884, -0.13398228443375937, -0.47594486203095526, 0.11644642855147606, 0.23752785509219657, 0.6110714407371511, 0.1874201452065801, 0.7139457595705401, -0.04653330847793559], [-0.49859203473157193, 0.22625569490903497, 0.6284759061020583, -0.18828517154145025, 0.08288949418004078, 0.6671073806284125, 0.5880285900654308, -0.589239615962962, 0.11654368964708574, -0.2485223095900957, 0.10884352116480174, 0.3625232609196727, 0.01620828104850497]], "inverted": true, "swapped": false, "error_lsq": 0.04734281772353931, "error_max": 0.3395954992881742, "target": "690.xyz", "model": "12.xyz", "model_rescale": 4.124412569039231, "target_rescale": 3.9445838592101805},
{"mapping": [3, 11, 2, 9, 6, 1, 8, 7, 10, 5, 0, 4, 12], "R": [[-0.732561305734273, -0.09496919474073662, 0.674043607929927], [0.5222448371343089, -0.7135286779126979, 0.4670515559151009], [0.4365939342540805, 0.6941596918911768, 0.572300671610728]], "T": [0.1373346443758272, 0.0020648101090408426, -0.017880328739882018], "aligned_model": [[0.6456976168818633, -0.6977990639358209, -0.20500738165084714, -0.09983666973025826, 0.43931401148157156, 0.5629179082531242, -0.09979542573669811, -0.23729963801473752, -0.5486366543865873, 0.07916000490017014, 0.6107362637611569, 0.13211017898845945, 0.041632191690442785], [-0.22596655256270748, -0.33300349822678826, 0.03612143571766513, -0.4896193805659872, -0.5876067429468554, -0.18841779558747648, -0.5431762521418745, 0.1580659426062025, 0.23324378503046705, 0.7023684607950358, 0.336259368543244, 0.6180797897334256, 0.04052950729818583], [-0.46321409299857785, 0.4073652230617745, 0.7720801747772411, -0.35050278198954954, 0.07544028068344436, 0.6495472413704222, 0.3838380238186795, -0.4957824898914651, 0.12567917504163703, -0.30061056629850913, -0.049062010386977245, 0.4707652540594631, 0.046693255591379976]], "inverted": false, "swapped": false, "error_lsq": 0.053991707604252856, "error_max": 0.3700532682900196, "target": "690.xyz", "model": "13.xyz", "model_rescale": 3.9028299243045295, "target_rescale": 3.9445838592101805},
{"mapping": [6, 4, 5, 3, 2, 8, 0, 9, 10, 11, 12, 13, 15], "R": [[0.26567160090877406, 0.5182697972715787, -0.8129052944265068], [0.4106809435593036, 0.702032499186374, 0.5818002515325802], [0.8722154338624198, -0.4884125175732194, -0.026333431412949332]], "T": [0.0648640336674148, -0.01945084174096486, 0.04425986910762689], "aligned_model": [[0.12086267578262232, -0.48660575648912074, -0.03598188322230994, -0.14484156853815316, 0.6244959278669906, 0.44324487759411313, 0.00656469385335437, -0.18956082532887727, -0.5914102231480574, 0.38113557049222624, 0.5236730675755553, -0.03189817952478771, 0.003514965588283167], [-0.24368574945674118, -0.2911211638334779, 0.0969408061654004, -0.5747309831517899, -0.4965956890607044, -0.20084681946948574, -0.7354564716522268, 0.2819203330034649, 0.327300758238027, 0.5261272025873449, 0.42818518206234973, 0.6306460866043497, 0.008194575656026534], [-0.5810329586876288, 0.32963607785945215, 0.53250664994644, -0.14646760714192983, 0.08024190944168028, 0.6926660656934224, 0.45796693232670005, -0.6230398106626704, 0.1107431737959702, -0.34067337299974787, 0.3151040116670022, 0.4922134489006311, -0.04762783330035897]], "inverted": false, "swapped": false, "error_lsq": 0.04185421572607489, "error_max": 0.24999641019248442, "target": "690.xyz", "model": "14.xyz", "model_rescale": 3.942246331269136, "target_rescale": 3.9445838592101805},
{"mapping": [1, 7, 6, 2, 5, 10, 9, 0, 8, 12, 4, 11, 14], "R": [[-0.7410563803320886, 0.6699657927526224, 0.04451154581064343], [0.27054417777135226, 0.358609558640611, -0.8934232100889304], [-0.6145252550083892, -0.6500346306105055, -0.44700524601388936]], "T": [0.1710521824920303, 0.06220900058294991, 0.12764078367659795], "aligned_model": [[0.3922975214718508, -0.5714160078840831, -0.21863268751624765, -0.14787337399521738, 0.3867535874976389, 0.4905010738717369, 0.025258640182880238, -0.35739408805822553, -0.5253720304547518, 0.33986312799318497, 0.6540422671683924, 0.024996017955067007, 0.1301692942696133], [-0.06699935854397328, -0.3531139766461848, 0.045016468157286785, -0.5396074556462549, -0.45727699809148054, -0.06531431937712483, -0.5927512863606158, -0.079161114007144, 0.3992724820957033, 0.5375029677376697, 0.31297138026772847, 0.5716214885828076, 0.04471778952411898], [-0.6411225971448683, 0.2126544237244517, 0.5284393718151352, -0.21696240996865432, -0.16627546161948994, 0.7526933612297175, 0.5725380433670952, -0.3637618137021369, 0.11272598097096756, -0.5155347503948425, 0.3455921176063359, 0.6106289186520818, 0.04062150230316958]], "inverted": true, "swapped": false, "error_lsq": 0.04815290299997887, "error_max": 0.34291480595248885, "target": "690.xyz", "model": "15.xyz", "model_rescale": 4.355366556412066, "target_rescale": 3.9445838592101805},
{"mapping": [10, 0, 9, 2, 11, 5, 8, 6, 7, 4, 3, 12], "R": [[-0.0064250513726630265, 0.3575625716724363, 0.93386708157738], [0.7720167692895031, 0.5953357835005072, -0.22263291045942762], [-0.6355696866989937, 0.7195306193782384, -0.27986936439437604]], "T": [0.03983716083407706, 0.06986087352706279, -0.1280415609897011], "aligned_model": [[-0.39412881729267024, 0.6855472550401189, 0.11783733302561264, -0.5260890591014159, -0.5772906274217527, -0.48904167155724954, -0.1650567430684876, -0.20707177924487954, 0.5375102089730524, 0.2229997323500115, 0.42320099661612975, -0.030608273686688718], [-0.5925036098001284, -0.24245525183994043, -0.6212746458675674, 0.3430204916915673, -0.2739506833804778, -0.12968303243579127, 0.4052191738221935, 0.555161497035133, 0.009755696315895956, 0.015220941429104573, 0.5245744749539889, 0.019691375817002643], [0.07090093020347732, 0.04618363044642343, -0.4696893111919873, -0.07373839682112145, -0.46613321308349337, 0.4947542381117628, -0.6804411519435091, 0.5223560364377625, -0.49424877146320423, 0.5536389145002081, 0.011750552506848921, -0.06607499649374633]], "inverted": true, "swapped": true, "error_lsq": 0.036092053682775606, "error_max": 0.2496439937897727, "target": "690.xyz", "model": "16.xyz", "model_rescale": 3.795458400668931, "target_rescale": 3.9445838592101805},
{"mapping": [7, 1, 5, 0, 4, 10, 2, 3, 6, 8, 11, 9, 12], "R": [[-0.5556585900736952, -0.09841219143047972, -0.8255656072385551], [0.8307134347574119, -0.025062286103884113, -0.5561358387379747], [0.0340399851770925, -0.9948300972493234, 0.09567840412572559]], "T": [0.10228950961015061, -0.05794849120964932, 0.018954140428913746], "aligned_model": [[0.34287368560541315, -0.5803769119360572, -0.36907669251226644, -0.3061520008910726, 0.5825367254842868, 0.37551494760859727, 0.10197661137571064, -0.29665168317106383, -0.46067887553110465, 0.17721098342221953, 0.8015133988869809, 0.0681398640336263, 0.18636329012656916], [-0.19151023170262735, -0.4327794406408061, 0.09991879833436892, -0.40932112022810163, -0.48591415929553594, -0.09557293108833678, -0.6089680627489952, 0.14588447217545875, 0.31464258703146597, 0.571582925089198, 0.3499598077102558, 0.6158385973548285, -0.11688317429863561], [-0.5773303514733351, 0.34799050357996975, 0.6151658699458213, -0.2274666288752365, 0.06023109488555348, 0.6992745977183432, 0.463841967185566, -0.653117272748182, -0.021274416273369276, -0.21718933496121637, 0.025048527999658787, 0.6044373938405007, 0.15262473601488882]], "inverted": true, "swapped": false, "error_lsq": 0.04997060503127198, "error_max": 0.3377818423064966, "target": "690.xyz", "model": "17.xyz", "model_rescale": 3.7474275329858107, "target_rescale": 3.9445838592101805},
{"mapping": [12, 6, 0, 9, 5, 8, 4, 7, 2, 11, 3, 1, 13], "R": [[-0.9680472678916685, -0.2418239620702725, -0.06637513462217526], [-0.08636441534515515, 0.5699994607588337, -0.8170935090286353], [0.23542658067764144, -0.7852526893320866, -0.5726714057879612]], "T": [0.1205816900702253, 0.026292331453300007, 0.05722854386141012], "aligned_model": [[0.2572069097083686, -0.4867879613674307, -0.2210687965786447, -0.23986344764876066, 0.48552910421995604, 0.5323949764170803, 0.03449647430151477, -0.18412900150022454, -0.5598987002492581, 0.45815377255657175, 0.5597876882719337, -0.04526725972611621, 0.03263958409684886], [-0.26610537519077976, -0.41216781503194105, 0.09418989358496227, -0.46470596312990115, -0.5859108324158085, -0.15529361915862144, -0.660606568056118, 0.3206313909216276, 0.18550858612530635, 0.5407608785214348, 0.45392134324450106, 0.6767458011734944, 0.029910347104380286], [-0.6173632244115296, 0.24122207069584306, 0.8173648847964009, -0.21976268933416299, -0.06622431242135064, 0.6178450000480511, 0.5154698116444535, -0.5656158946224344, 0.18144346425563987, -0.3210621710781559, 0.34846848055855334, 0.2243297897876076, 0.11612147692004715]], "inverted": false, "swapped": false, "error_lsq": 0.03961065656730045, "error_max": 0.23609404727204067, "target": "690.xyz", "model": "18.xyz", "model_rescale": 3.922800546911778, "target_rescale": 3.9445838592101805},
{"mapping": [9, 5, 8, 3, 7, 13, 12, 2, 1, 10, 4, 6, 14], "R": [[-0.6861087782309676, 0.19987166450477156, -0.6995041544998151], [-0.20972835594063133, 0.8663548300958306, 0.4532585631668356], [0.6966123463942113, 0.457690535294009, -0.5524948983958446]], "T": [0.006581157888611605, -0.014337263887852265, 0.14417773599688397], "aligned_model": [[0.29168096726884385, -0.6038397958117038, -0.11844911579512024, -0.12907917612397177, 0.4908363412706436, 0.5316498904382618, 0.003251124741635164, -0.13245124231777855, -0.5976364543374161, 0.3818262317927953, 0.5018058182247063, -0.05621081632065601, 0.05980956947159936], [-0.1103412105766202, -0.3571914390241341, 0.13096399780300946, -0.5480695648375038, -0.6062750638847529, -0.17633739271799032, -0.7375850779573124, 0.165658936437863, 0.40033137242438377, 0.5530231178823719, 0.47063381327267473, 0.6545653119875753, -0.08249873311702745], [-0.6122907212612616, 0.4481037040564301, 0.7252505610672305, -0.18120718726123228, -0.08672825647866686, 0.5563336909191776, 0.4532336449996093, -0.5350868091907338, 0.03951626710467929, -0.2892896549006264, 0.3525589472538561, 0.30036443157378695, 0.10147806895671391]], "inverted": true, "swapped": false, "error_lsq": 0.03438471060814223, "error_max": 0.18800628017997162, "target": "690.xyz", "model": "19.xyz", "model_rescale": 3.9282355846067225, "target_rescale": 3.9445838592101805},
{"mapping": [2, 0, 4, 1, 5, 6, 3, 10, 11, 12, 7, 9, 13], "R": [[-0.7792305267102068, -0.3734379184700012, 0.5033327997376355], [-0.284719481921905, -0.5045193040141006, -0.8151043420883304], [0.5583319826564263, -0.7784628397848676, 0.28681179232560117]], "T": [0.13062165026028424, 0.05406060476784398, 0.22479298927720137], "aligned_model": [[0.34631532524105024, -0.5788513233380269, -0.2799499448227587, -0.09120407537509001, 0.5222509421781278, 0.5894058361382893, -0.04732762046879127, -0.24587857944926791, -0.5467512814845876, 0.274587157972052, 0.6695656383696883, -0.03253740187396445, 0.04356866941511797], [-0.24220442694983818, -0.30717184155399274, -0.05597203665854704, -0.5506099512418163, -0.5173619147522674, -0.18084422559619312, -0.6338724695685434, 0.24401963898168372, 0.28755502348814715, 0.7747815464898536, 0.2454536236860615, 0.7244542784915025, -0.03134917712351361], [-0.5130548811639147, 0.14506716124920288, 0.6924377562440832, -0.15817915389762593, 0.13651527892057508, 0.6262663327471797, 0.47265829831142986, -0.5264709399385337, 0.22786529977249995, -0.20255885875928253, -0.0222006672602168, 0.2735400012444529, 0.12035105936911224]], "inverted": true, "swapped": false, "error_lsq": 0.04886923149884716, "error_max": 0.3738512553008837, "target": "690.xyz", "model": "20.xyz", "model_rescale": 4.067790424073018, "target_rescale": 3.9445838592101805},
{"mapping": [13, 2, 0, 6, 11, 12, 3, 5, 4, 1, 9, 7, 14], "R": [[-0.7537147965410015, -0.20763974619577208, -0.6235380832594848], [-0.08381276254147388, -0.9106614170397035, 0.4045629794610549], [-0.6518354288548018, 0.3571855530603033, 0.668976123919742]], "T": [0.025851760680420152, -0.007602316001104701, 0.05588249705813007], "aligned_model": [[0.3810365618013716, -0.5635825250291121, -0.21421136036534577, -0.3321815081926581, 0.4169486285490128, 0.6002383993079625, 0.023196374176449472, -0.1872644109489262, -0.7432708578838988, 0.3621003741775842, 0.669595733323321, 0.10733628878924616, 0.10325164479683248], [-0.07723308015487468, -0.29293924921932735, 0.1606382612396356, -0.6000276271223638, -0.5173720961561985, -0.20580015249024589, -0.6860426484219893, 0.22305644075821265, 0.03524646201324265, 0.6813628328854892, 0.3799746505538863, 0.6600428696599319, -0.004028595852861992], [-0.5433827353834242, 0.4092548062599762, 0.7028159059994424, -0.20565398570920623, -0.01629966945931284, 0.5225852652895433, 0.5691628112315594, -0.4439616348251831, -0.16567308190958857, -0.2366392881472238, 0.25444657273864646, 0.37879755547335486, 0.04678416528037901]], "inverted": true, "swapped": false, "error_lsq": 0.04231656884430064, "error_max": 0.38704595121493146, "target": "690.xyz", "model": "21.xyz", "model_rescale": 4.186013935880536, "target_rescale": 3.9445838592101805},
{"mapping": [0, 10, 11, 7, 6, 3, 4, 1, 9, 2, 5, 8, 12], "R": [[0.681220462186275, -0.6778280558217403, -0.27656429386245385], [0.5730626206685189, 0.7288229318752617, -0.37472171910002416], [0.45556329383659466, 0.09677944365239778, 0.8849270165358754]], "T": [0.021975357848187403, 0.008650623175561204, 0.09238974691654384], "aligned_model": [[0.44561396977302997, -0.6821372667218575, -0.010187335351248043, -0.2888026963891645, 0.3445455872399573, 0.7426953545824359, -0.07388306879826695, -0.17432596209691234, -0.5524850873416226, 0.27993406424830547, 0.7233044360273949, -0.17551157480093227, 0.04443292213071962], [-0.04903484300093988, -0.39690075487529797, 0.14770042072206613, -0.5680135210855866, -0.440858821449626, -0.30431684954280663, -0.5836157387970794, 0.028786118953813975, 0.24345507292042146, 0.6518254950152194, 0.3275100593412063, 0.7137343840029492, -0.013392954511803262], [-0.4898397220085218, 0.2822658231346863, 0.7076918626940654, -0.23806328394995802, 0.031213319102463707, 0.5771089461074266, 0.5018379942995621, -0.6120132552987516, 0.07470281584666244, -0.17120576308203067, 0.1631354901332637, 0.31937858442615585, 0.12602387543393895]], "inverted": false, "swapped": false, "error_lsq": 0.04678910749540201, "error_max": 0.2600111094132614, "target": "690.xyz", "model": "22.xyz", "model_rescale": 4.166573947596378, "target_rescale": 3.9445838592101805},
{"mapping": [5, 4, 3, 1, 6, 12, 2, 7, 8, 10, 14, 9, 15], "R": [[0.5300778944335913, 0.8002875327655764, 0.2802807355720997], [-0.033529552334026214, -0.31049894475569684, 0.9499821968994362], [0.847285781158359, -0.5129622502734343, -0.13775534414781967]], "T": [0.06449511380786395, 0.016516195246989166, 0.1749304923003998], "aligned_model": [[0.28414192049049813, -0.616704134413889, -0.28441370638093455, -0.07044958369048414, 0.47441548878347517, 0.6472712334550118, -0.05593356657177469, -0.09599768611163072, -0.6424348914471911, 0.23173170836772033, 0.6842648331473477, 0.0042481816414265405, 0.06305354523226389], [-0.23565589695358563, -0.2568567534309272, -0.05762023476081049, -0.6029855245827533, -0.6205810940238807, -0.05878348806142136, -0.5925066821897869, 0.21393916424334336, 0.4059374963210546, 0.5825093895647802, 0.5077497234158486, 0.5077407148114447, -0.03600874666076821], [-0.5861388195435688, 0.20792031675967532, 0.6588654847903247, -0.15080960135129068, 0.10295853838480998, 0.4649017103408865, 0.4345404052269679, -0.493392693094871, 0.1231602483270909, -0.28618213876715654, 0.15141711285638437, 0.5148098015048537, 0.1301863214048559]], "inverted": false, "swapped": false, "error_lsq": 0.04404675299182378, "error_max": 0.22192270619639098, "target": "690.xyz", "model": "23.xyz", "model_rescale": 4.274766983524099, "target_rescale": 3.9445838592101805},
{"mapping": [5, 4, 6, 2, 3, 8, 11, 7, 9, 0, 12], "R": [[0.8799994457317855, 0.365406004580626, -0.30344592158764366], [0.18388827077658476, -0.8511480223327256, -0.4916626363167003], [-0.437933875582317, 0.3768627016507656, -0.8162036662022158]], "T": [-0.07938124744942518, 0.07572174776259116, 0.11448444784414752], "aligned_model": [[0.16100416696678213, 0.14647075287168346, -0.44901428553121636, -0.42098252913663103, -0.42766354069607126, -0.5520825281852493, 0.08298510024639141, -0.020028085022382028, 0.5273089770257599, 0.3609446929772342, -0.02904801755822635], [-0.01112913364066595, 0.6051810603109602, 0.39565264924390253, -0.25515665849538904, 0.5676681762922009, -0.3221937216484875, -0.6839975794949937, 0.22424713820756226, -0.2432294506684351, 0.5928320236568805, 0.04571202747994815], [-0.6868126094775315, -0.2976878835354715, -0.5787062835158678, -0.2998409576849013, 0.21429567252266402, 0.39342671411672137, 0.015374550036546614, 0.7143312838592983, 0.4759711319623043, 0.4035300048186448, 0.02568481091917013]], "inverted": false, "swapped": true, "error_lsq": 0.05062647334483971, "error_max": 0.24885142872320645, "target": "690.xyz", "model": "24.xyz", "model_rescale": 3.7841303162186577, "target_rescale": 3.9445838592101805},
{"mapping": [6, 14, 9, 13, 7, 0, 10, 3, 12, 4, 1, 2, 15], "R": [[0.48935342035039514, -0.35899953733630036, -0.7947657278617969], [-0.5445074214015349, -0.8376476632384728, 0.04310522369478309], [-0.681208410128663, 0.41166214844633003, -0.6053836614135957]], "T": [0.09513022752694349, -0.04367216350010221, 0.14684100723945467], "aligned_model": [[0.44691174967568803, -0.5920087840164501, -0.2990702137070992, -0.5054859023350154, 0.5228500284537566, 0.7541661039242188, 0.037471009142743525, -0.12537324419925538, -0.6222962285944172, 0.302088679049853, 0.7128921039660101, -0.12509729171009626, 0.11614533285190255], [-0.05797597005307265, -0.3395143175293273, 0.04965709483487711, -0.3342938930848979, -0.5316884862368119, -0.1691494615699542, -0.6843375819852907, 0.12090063933507768, 0.19106371990996085, 0.5522356178384178, 0.3568082780477915, 0.6468744193488887, -0.04370199116312204], [-0.4840881599701746, 0.4106901327355946, 0.5687845700480989, -0.26156965877433214, 0.1055929680384669, 0.4489289259683539, 0.5844233896198698, -0.6103220525810952, 0.07355900723278017, -0.2516140822521935, 0.2518270718351475, 0.3552595395572473, 0.08076503538119917]], "inverted": false, "swapped": false, "error_lsq": 0.0434297581316189, "error_max": 0.30434154598887075, "target": "690.xyz", "model": "25.xyz", "model_rescale": 4.19342608120988, "target_rescale": 3.9445838592101805},
{"mapping": [10, 0, 9, 2, 11, 5, 8, 6, 7, 4, 3, 12], "R": [[-0.0064250513726630265, 0.3575625716724363, 0.93386708157738], [0.7720167692895031, 0.5953357835005072, -0.22263291045942762], [-0.6355696866989937, 0.7195306193782384, -0.27986936439437604]], "T": [0.03983716083407706, 0.06986087352706279, -0.1280415609897011], "aligned_model": [[-0.39412881729267024, 0.6855472550401189, 0.11783733302561264, -0.5260890591014159, -0.5772906274217527, -0.48904167155724954, -0.1650567430684876, -0.20707177924487954, 0.5375102089730524, 0.2229997323500115, 0.42320099661612975, -0.030608273686688718], [-0.5925036098001284, -0.24245525183994043, -0.6212746458675674, 0.3430204916915673, -0.2739506833804778, -0.12968303243579127, 0.4052191738221935, 0.555161497035133, 0.009755696315895956, 0.015220941429104573, 0.5245744749539889, 0.019691375817002643], [0.07090093020347732, 0.04618363044642343, -0.4696893111919873, -0.07373839682112145, -0.46613321308349337, 0.4947542381117628, -0.6804411519435091, 0.5223560364377625, -0.49424877146320423, 0.5536389145002081, 0.011750552506848921, -0.06607499649374633]], "inverted": true, "swapped": true, "error_lsq": 0.036092053682775606, "error_max": 0.2496439937897727, "target": "690.xyz", "model": "26.xyz", "model_rescale": 3.795458400668931, "target_rescale": 3.9445838592101805},
{"mapping": [11, 2, 0, 9, 8, 6, 1, 4, 3, 10, 5, 7, 12], "R": [[-0.4959831024131488, 0.03106090821385249, 0.867776458600692], [-0.8683283021192477, -0.014757741006486136, -0.4957702782732037], [-0.0025926548810453753, -0.9994085396179664, 0.034290655860623076]], "T": [0.047676699944406625, -0.13354818310585737, 0.03196456693390112], "aligned_model": [[0.31944807941130104, -0.6889063582315784, -0.39730425143237935, -0.29400275833976697, 0.7151571189805581, 0.5650213890519397, 0.10434059023591777, -0.20742866391801304, -0.5295000179386756, 0.2395300206374593, 0.649759746879365, 0.07200677914199763, 0.07507166802371361], [-0.21552877503520423, -0.4867622391802521, 0.060154556728177405, -0.34168892916231625, -0.42471269164353365, -0.1719703797383475, -0.5906755862870721, 0.2359506766046477, 0.32182117906758223, 0.4738724438196431, 0.26615566504121646, 0.6246515635756928, 0.00561058390230279], [-0.624536835641074, 0.35986720934287875, 0.70705300083387, -0.12394203245529281, 0.053055543144341556, 0.6738875896819797, 0.4036861177606723, -0.6731985550725209, 0.099657544230847, -0.28728285096280226, 0.24313583924661866, 0.3230818800701828, 0.11777223665926202]], "inverted": false, "swapped": false, "error_lsq": 0.043721023828991526, "error_max": 0.26214700659588747, "target": "690.xyz", "model": "27.xyz", "model_rescale": 3.6321398670334006, "target_rescale": 3.9445838592101805},
{"mapping": [10, 5, 1, 0, 11, 13, 2, 8, 3, 12, 6, 4, 14], "R": [[0.5256161030542267, 0.12677211213085038, -0.8412232425438401], [0.84951377222808, -0.025534903228577793, 0.5269481184252636], [0.045321771864160754, -0.9916031465777986, -0.12111621151647169]], "T": [0.07256580652087527, 0.04586880857169673, -0.01581847541622941], "aligned_model": [[0.24468765540674473, -0.554203398057511, -0.187690059843982, -0.2747237073735841, 0.3485304337388557, 0.6644443417761493, -0.02516203337643355, -0.04707208604218238, -0.6086869097262884, 0.38735364041705744, 0.6168329796859442, -0.029181062760357174, 0.08806354865742623], [-0.3977992249988805, -0.43854309934897096, 0.024471055241266304, -0.43334387312183864, -0.5303277994365969, -0.15835895977502892, -0.5344677965806668, 0.23715374209488196, 0.1321638870383928, 0.7220595600695393, 0.49017937404750744, 0.6129255529337914, 0.03076564952914046], [-0.6308017094318681, 0.36427991872091803, 0.5998731814392071, -0.2136994837593422, 0.05026351806831336, 0.5080595161564629, 0.5200008577191582, -0.4807125113692239, -0.01299429402307059, -0.3724477199821824, 0.31624899176813204, 0.5796321737764315, 0.04453424775602675]], "inverted": false, "swapped": false, "error_lsq": 0.04181077367151236, "error_max": 0.2533578691597891, "target": "690.xyz", "model": "28.xyz", "model_rescale": 4.156811204709835, "target_rescale": 3.9445838592101805},
