[{"mapping": [13, 7, 9, 5, 1, 4, 12, 8, 2, 10, 3, 0, 6, 14], "R": [[-0.44526237735670454, -0.7009264576175525, 0.5571745833420305], [-0.12047555774068047, -0.5697070519940547, -0.8129695657866385], [0.8872581672195121, -0.4291106802678688, 0.1692246104510784]], "T": [0.022487178777292595, 0.12660056743155693, 0.13247540267497404], "aligned_model": [[0.2113466696949424, 0.16363942932794381, -0.5016756544457047, -0.37368522050638514, -0.6170860420369483, 0.1474006449749758, -0.8055949184282188, -0.03241645528919731, -0.45663031069265436, 0.09310831399132413, 0.6589578262191041, 0.2564535215594435, 0.7199341409098622, -0.09225984415018434], [-0.6079355380005083, -0.27243713857196483, -0.33560547636337656, -0.4125770849830175, 0.30051435766509715, 0.2806537936376262, 0.09225959874972425, 0.5062340273139155, 0.6782282380873103, -0.038155967302952815, 0.3602808499943191, 0.7863229127848692, -0.20334903357389553, 0.10083979237288809], [0.23430848398380183, -0.4882495817613153, 0.5360048341998158, -0.17321369829022393, 0.48959650345097433, -0.513255918703044, -0.06078837134927956, 0.5937747418138527, 0.10761332795635786, 0.69790065431, 0.4512441270919244, -0.02800598897115983, -0.0020727502467087766, 0.052731723694838334]], "inverted": false, "swapped": true, "error_lsq": 0.04639904883867961, "error_max": 0.2827568896469258, "target": "691.xyz", "model": "0.xyz", "model_rescale": 3.8414455957264533, "target_rescale": 4.094824991149087},
{"mapping": [1, 7, 4, 11, 10, 6, 12, 10, 0, 9, 13, 5, 2, 8, 14], "R": [[-0.258805000007181, 0.09167956504380487, 0.9615689415349593], [0.7252659643431384, -0.6390498999359356, 0.25613376653086645], [0.6379727681780005, 0.7636819251136231, 0.09889724120545418]], "T": [0.059080433558159215, 0.12340165077388007, -0.08615773894846374], "aligned_model": [[-0.39227377735366303, 0.6472250986955712, 0.10644215519322989, -0.10423266383195208, -0.5536162595871361, -0.10792787885092549, -0.30438943450319295, -0.5536162595871361, 0.4462927747764515, 0.6137367895796415, 0.5053222168618363, -0.4180442665145044, 0.14991573317077797, 0.05496046661183264, -0.014209254338227936], [-0.5250803339274426, 0.18747387736693127, 0.1044747757578734, -0.6662294402895697, 0.27201570317721746, 0.8704929557837702, -0.21824624630093828, 0.27201570317721746, -0.39786433698093615, 0.4166646090345436, -0.2595191610508656, 0.5143143026409859, 0.7128470540088256, 0.24512156515630518, 0.0737537234259765], [-0.4386465798764307, -0.3370274357731938, -0.6276518530199662, 0.18966280846736555, 0.18010890569083, 0.06872925000971741, 0.4912986778510125, 0.18010890569083, -0.40843982396935263, 0.1819147214621804, 0.39247251849956005, -0.3182398454825334, -0.5207929797745027, 0.6945276559550577, -0.10124760394109755]], "inverted": false, "swapped": false, "error_lsq": 0.04119441145467974, "error_max": 0.3959375158988683, "target": "691.xyz", "model": "1.xyz", "model_rescale": 4.316132596720782, "target_rescale": 4.094824991149087},
{"mapping": [9, 5, 12, 8, 1, 10, 2, 3, 11, 13, 4, 14], "R": [[-0.7989226502775539, 0.553209720313914, 0.2359694985028585], [-0.5968574762418716, -0.7775799956092715, -0.1978143156661547], [0.07405235936601298, -0.29887849668132116, 0.9514136283940022]], "T": [-0.014586513949043527, 0.1787148537237663, 0.06273889823937162], "aligned_model": [[-0.24258207458502623, 0.44453222735578257, 0.09232510458836968, -0.5940608644410115, -0.4732871385212212, -0.4523380959071361, -0.2662833116268844, -0.33617853674018405, 0.6354208953774814, 0.21361577292092715, 0.5197887799394004, 0.05685579627128282], [-0.5933759463318752, -0.3930448254349266, -0.38028762654523307, 0.2909657698908511, -0.23374714390992432, -0.012832757411188556, 0.22150739327560587, 0.7093899105443718, -0.004772264660399511, -0.20867238930684603, 0.5184353530042397, 0.0992109546263052], [0.11851456999157026, 0.004328386022741243, -0.5699824314684231, -0.04469602218916338, -0.36889083817909984, 0.41419421662971023, -0.6223029246487025, 0.4825929373119645, -0.4430786298697922, 0.6819610022911303, -0.17250084670370666, -0.030880957978807688]], "inverted": false, "swapped": true, "error_lsq": 0.04501663115775065, "error_max": 0.2335283216014859, "target": "691.xyz", "model": "2.xyz", "model_rescale": 3.795458400668931, "target_rescale": 4.094824991149087},
{"mapping": [7, 13, 3, 1, 4, 2, 10, 5, 9, 12, 0, 14], "R": [[-0.08561897181448799, -0.9499032367467519, 0.30058814428296177], [0.4216106508243769, 0.23880980702126678, 0.8747653029138223], [-0.9027257893606873, 0.20162766895570178, 0.38004267172860295]], "T": [-0.08978609366435425, 0.023654367868125678, 0.029847266279740298], "aligned_model": [[0.14719741263641972, -0.06772850386787066, -0.8381161253179841, 0.2775327181497631, 0.001052253512526663, 0.16782253271136566, -0.3170109337971457, 0.5379633027553801, 0.35457087280481403, 0.71629002854805, -0.434890512403952, 0.048620780012198356], [-0.09287753423309693, -0.7036764322989336, 0.015540625908324765, 0.11457321993259743, 0.4164413570375353, 0.5928290075165992, -0.37091072371124123, -0.2798451034653754, -0.4914054358546127, 0.1834559830972307, 0.6524809386591054, 0.04916314270157644], [-0.6735115955294795, -0.20697448906073881, 0.0652194318440395, 0.6807282420827697, -0.5121596393700144, 0.40950869927792677, 0.4100117519918701, -0.2045236010680027, 0.46398709363850565, 0.2511047569135376, -0.004911669429967097, 0.010292449348653733]], "inverted": true, "swapped": true, "error_lsq": 0.04797270126635728, "error_max": 0.2681863031014208, "target": "691.xyz", "model": "3.xyz", "model_rescale": 3.7530521520055578, "target_rescale": 4.094824991149087},
{"mapping": [4, 5, 12, 9, 2, 13, 0, 6, 3, 10, 14], "R": [[0.8767908747571799, 0.16142558104076238, -0.45296748639189544], [0.46192953189033814, -0.02095948960573643, 0.8866689389862715], [0.13363708134388763, -0.9866622935843447, -0.09294433231116282]], "T": [-0.06734304081280068, -0.07775997113030322, 0.07549917729664275], "aligned_model": [[-0.5435929092640156, -0.05307617836600101, 0.43062386840619576, 0.5050494367727114, 0.37325982049707485, -0.2710973831992609, -0.23304986037350195, -0.7359082911104051, -0.30712597346577825, 0.20851472618580907, -0.03539765363762311], [-0.5250374594939176, 0.04050570039188375, -0.4123932549600098, 0.34633908474575636, -0.6588401873776865, 0.5989901736096336, -0.602542695163693, 0.30931298690562903, 0.11780194691012319, 0.39127021561649256, -0.13820315286986523], [-0.09606311796066837, -0.650393807131309, -0.5280732465835484, -0.30361023589200364, 0.12726479715998526, -0.21788552492037144, 0.5368801934700246, 0.2043294567268259, 0.7578294057056648, 0.3116155722589189, -0.04906271558820173]], "inverted": false, "swapped": true, "error_lsq": 0.05036654179225098, "error_max": 0.28077502765587153, "target": "691.xyz", "model": "4.xyz", "model_rescale": 3.7855080009869324, "target_rescale": 4.094824991149087},
{"mapping": [10, 6, 7, 15, 3, 1, 14, 2, 8, 11, 13, 0, 4, 12, 16], "R": [[-0.3670620292362886, 0.27943815886012613, 0.887231526753756], [-0.7709073189065916, -0.6251457284082351, -0.12204394253377693], [0.5205452644575577, -0.7287709747415851, 0.4448881814849786]], "T": [-0.032519206708110385, 0.07080450207956611, -0.046195549320520495], "aligned_model": [[-0.29699767946666983, 0.556235298654802, 0.1453289817262165, -0.04765049253963395, -0.7183158742720827, -0.026295147184995163, -0.2501660780304452, -0.619258742757531, 0.3345306555891303, 0.6027700952800505, 0.5520500475283127, -0.4147690587815906, 0.15113232715242814, 0.1705711829466584, -0.06358007552204716], [-0.4418940025749244, 0.20332170892721518, 0.0491800354062612, -0.7239211323701334, 0.10276316931370881, 0.8042257835207414, -0.1431271625236134, 0.30231502130106297, -0.5013129026617612, 0.43870163010111385, -0.1818297468182049, 0.7145313383481888, 0.6303052464003304, 0.2947521146478958, 0.054223649962013266], [-0.4913423283121625, -0.2949612832372563, -0.7737062888891071, 0.1717501246981738, -0.15144848156474888, 0.14131024792747623, 0.5575928911257843, 0.3384150120334224, -0.22858509875591176, 0.2595746818551648, 0.2992351414999819, -0.26522681233542816, -0.49366824690164673, 0.5634494485798742, -0.005611685934139819]], "inverted": false, "swapped": false, "error_lsq": 0.028895399201223696, "error_max": 0.18829619606278608, "target": "691.xyz", "model": "5.xyz", "model_rescale": 4.2253639853439635, "target_rescale": 4.094824991149087},
{"mapping": [13, 9, 11, 7, 5, 2, 4, 6, 1, 10, 12, 0, 3, 14], "R": [[0.09381212496804577, 0.6108126612349041, -0.7861979255150158], [-0.7781072753966607, 0.5376150776582986, 0.324837030292495], [0.6210864297211502, 0.5812726736649472, 0.5257125884612606]], "T": [0.11721668952003805, 0.05108438603932579, 0.09773947077081435], "aligned_model": [[0.5260295129300978, -0.10347597791157565, -0.4691847128577208, 0.1634415104156859, -0.18694013609146343, -0.4799386893799772, -0.013895229055185226, 0.8008423302265842, -0.400768878913897, 0.4038121558912693, -0.6853156635593755, 0.09495556349538026, 0.7291324345089211, -0.004632066940959731], [-0.23926064315146794, 0.25923811267754987, -0.5535126607974306, -0.697981899208616, -0.4109866040820351, 0.3646361651095187, -0.4535783777794456, -0.3277627415850803, 0.539616308472699, 0.45163973746993075, -0.007941397578185364, 0.1912878974044735, 0.3426819953994163, -0.012976745716336432], [-0.48032022630339155, -0.6500465129091583, 0.1489677127906319, 0.06284647448913272, -0.38712129562360986, 0.3797953407701594, 0.5271924595518245, 0.14806885488730442, -0.14692949639356775, -0.23279982304905195, -0.1792224892914669, 0.8017107182284127, 0.416870814311685, 0.06254567747254479]], "inverted": true, "swapped": true, "error_lsq": 0.04071622979512927, "error_max": 0.28851678566536065, "target": "691.xyz", "model": "6.xyz", "model_rescale": 3.89814844738969, "target_rescale": 4.094824991149087},
{"mapping": [10, 9, 5, 3, 7, 1, 8, 6, 0, 2, 11, 4, 14], "R": [[-0.4162574029952575, 0.5851883545709774, 0.6959054275734279], [0.09608303692511705, 0.7893894256218638, -0.606326961903914], [-0.9041558629278971, -0.18552337963420068, -0.3848158665416667]], "T": [-0.06947663546710939, 0.005435053683446933, -0.05482294795507868], "aligned_model": [[-0.20232013470978338, 0.03469486297823787, 0.47739949208973775, -0.32441712123814437, 0.6043187216628416, -0.5008359313533136, -0.6326080961999299, 0.3919016431270067, -0.5107869257869427, -0.6033571567421757, 0.29618068201970416, 0.14467626416608745, -0.026214499109103388], [-0.26707275575724465, 0.33664707275234346, 0.467226139764617, -0.6950945282707481, 0.08202375977044626, 0.481076075910799, -0.09554641310059706, -0.6084465341358729, -0.13505763782450148, 0.47919114633469717, 0.655066980908636, 0.12358764424144955, 0.14018031487646138], [-0.5646561306393486, -0.7832898326489824, -0.22448859324247467, 0.019866493748081984, 0.26857856991634305, -0.44792620113754367, -0.2354295770830993, 0.09906561505141799, 0.4940259664728234, 0.10326415521046818, 0.3405270385540952, 0.5748461801381971, -0.042108653503683056]], "inverted": false, "swapped": true, "error_lsq": 0.04928583515690764, "error_max": 0.2825017080781455, "target": "691.xyz", "model": "7.xyz", "model_rescale": 3.7474275329858107, "target_rescale": 4.094824991149087},
{"mapping": [2, 5, 3, 4, 1, 10, 13, 12, 8, 7, 9, 0, 6, 11, 14], "R": [[0.30278556799881917, 0.6196548352201955, -0.7241193168255249], [0.9081553319539734, -0.41805519920847156, 0.02199416873477228], [-0.2890930522430466, -0.6642723354189888, -0.6893239235234778]], "T": [-0.05021468743798622, 0.1232994950439302, 0.014654600940627895], "aligned_model": [[-0.4089363091186011, 0.5856382961976214, 0.1154690296688132, -0.10899900059699952, -0.7402828776451296, -0.02393239534352614, -0.4214977012317493, -0.4224770487045676, 0.2906680708955128, 0.49897727848115886, 0.6351162190908233, -0.3121832251582226, 0.2803853048596015, 0.19523046678450465, -0.08759066785663652], [-0.47807839234114735, 0.14161117755534924, 0.09673744346971865, -0.6513894260213288, 0.09390262424493817, 0.8584233943920642, -0.3771398126490362, 0.27522502167024976, -0.4252022717978866, 0.5133837012228994, -0.029729543090175725, 0.5397969189915938, 0.6880254756891734, 0.2798145358670028, 0.07685390377647983], [-0.45252088060023477, -0.3145522178028246, -0.682466550859011, 0.107538000699108, -0.2815607546730164, 0.19949359416910872, 0.6625907487797288, 0.4826097136842544, -0.20478804008174692, 0.11515399687714636, 0.3100257270388793, -0.42365535641448726, -0.4739416641646712, 0.56396296047534, 0.018888044661902713]], "inverted": true, "swapped": false, "error_lsq": 0.04126192029248112, "error_max": 0.2623468710382374, "target": "691.xyz", "model": "8.xyz", "model_rescale": 4.019505241142653, "target_rescale": 4.094824991149087},
{"mapping": [5, 4, 6, 13, 9, 10, 3, 12, 1, 2, 0, 8, 14], "R": [[0.8138507310638553, -0.3652932710065736, 0.4518935867039347], [-0.3491827611559176, -0.9290597168915724, -0.12214516675202895], [0.46445493522876674, -0.058385517096875686, -0.8836700427959369]], "T": [-0.01477691059357416, -0.006787144705541204, -0.048610881311506315], "aligned_model": [[-0.22569238357612487, -0.6531274351462094, 0.04303145669638781, 0.29898270713768443, 0.4134150142528558, 0.5780504134150796, 0.3221941676432178, -0.3110136569037239, 0.18861082661990436, -0.25015776704304293, -0.3038135480874438, 0.3202398510911359, -0.10101887435854467], [-0.6818578520141174, 0.1447656508519524, 0.27790601514471025, -0.35297163051935965, -0.6764153911080649, -0.02656722167026033, 0.6417805959319792, -0.6546373640797435, -0.3382043919121123, 0.007584537474734407, 0.5975332786615277, 0.23871807191150957, -0.1142560705586967], [-0.2508610745297925, -0.20937489442608173, -0.7759417599712755, -0.6546573960319417, 0.09091256430203887, -0.04709822563906185, -0.21330829299820175, 0.4169898398914965, 0.5960839522654033, 0.6433819551231024, 0.21019937286265505, 0.38431406736901136, -0.013936614173473437]], "inverted": false, "swapped": true, "error_lsq": 0.04605422873538729, "error_max": 0.3003881750300133, "target": "691.xyz", "model": "9.xyz", "model_rescale": 3.877068213659057, "target_rescale": 4.094824991149087},
{"mapping": [13, 7, 4, 14, 3, 0, 10, 12, 2, 8, 9, 5, 1, 11, 15], "R": [[0.9305445293166145, -0.24906486776080122, 0.2684279616698221], [-0.23073934161682486, 0.1703810826907316, 0.9579820681470863], [-0.28433472385404335, -0.9533818638449281, 0.10107812078989313]], "T": [-0.07126680510593095, 0.03561774238581135, -0.028574526424614673], "aligned_model": [[-0.29867037877106706, 0.5573984808616409, -0.001898342904361569, 0.019496843581917223, -0.5621671647347188, -0.028017424119504863, -0.1800925917764825, -0.5856984887284961, 0.3700363272810073, 0.6165132160244052, 0.4115314920878913, -0.37981989179507436, 0.18695922097580717, 0.02081719631828445, -0.0708030539786455], [-0.6508770556677774, 0.24469964488481272, 0.06744058164045105, -0.6895475106742693, 0.11685924153997505, 0.7705873754692127, -0.2597229088808847, 0.46049703665927605, -0.3831673999356926, 0.3037012088856878, -0.28354256625885216, 0.6929700223368639, 0.7738082287913147, 0.3205079788410245, 0.11802087334875226], [-0.30179788357652193, -0.505388206685068, -0.7010817777598949, 0.2460504223141397, -0.4225009135323278, 0.27427059095939016, 0.6071468176600225, 0.30762904865522583, -0.2935762393733034, 0.19595349706346132, 0.28873889199988545, -0.31784674247773814, -0.4044744272464619, 0.6459722592899879, 0.007681984498679892]], "inverted": true, "swapped": false, "error_lsq": 0.036689116224688616, "error_max": 0.271648756589208, "target": "691.xyz", "model": "10.xyz", "model_rescale": 4.260839863003843, "target_rescale": 4.094824991149087},
{"mapping": [3, 8, 2, 0, 11, 4, 6, 10, 1, 12, 5, 14], "R": [[-0.6966777553567387, 0.2570152770196385, -0.6697635796082189], [0.52440633926225, -0.4546279723813833, -0.7199384682526406], [-0.48952844302722825, -0.8527933830107448, 0.1819487547647058]], "T": [0.09940637979451572, 0.08335508750795854, -0.09566874687729081], "aligned_model": [[0.4098367023393687, 0.2913764098308772, -0.30389263325074406, -0.29678940721576325, -0.575404341687225, -0.48803114964088556, 0.31474988588428926, 0.6719427217489766, 0.16069675404530154, -0.24804608756283886, 0.005658966896716508, 0.01680082770605712], [-0.06974012356986285, -0.4789573548411093, -0.4855265067558972, -0.27161223379072813, 0.4050605946005068, 0.3502416368086283, 0.6339145447155448, -0.07014017933316445, -0.44690023495412184, -0.047389066931259674, 0.5439617120761935, 0.1101657175082037], [-0.7601307325241423, -0.17864632175863066, 0.12384985436853625, -0.5781158411201215, 0.2956937237485844, -0.29565231811211157, -0.6093940315484812, -0.07378003147524419, 0.43528150960667905, 0.6701203214696285, 0.47016152559424723, 0.01679041914656025]], "inverted": true, "swapped": true, "error_lsq": 0.04592000533807722, "error_max": 0.20964524869456222, "target": "691.xyz", "model": "11.xyz", "model_rescale": 3.890672605050136, "target_rescale": 4.094824991149087},
{"mapping": [3, 6, 7, 0, 4, 1, 10, 2, 8, 9, 5, 13, 12, 14], "R": [[-0.9331185660603147, -0.2148307346688782, -0.28833573679856633], [-0.35022221871948195, 0.7246626646289152, 0.593471498901273], [0.08145022522218978, 0.6547608555301321, -0.7514346830408509]], "T": [0.1341446082008584, -0.03741646440144603, 0.04497236831043418], "aligned_model": [[0.251740897592021, 0.3676348696790599, 0.4911078415568565, 0.6644511938157865, 0.7636620868297977, -0.3237115970319776, -0.35812132784526474, 0.21824352943643355, -0.07188407845368669, -0.6118096405945884, -0.039638182887909684, -0.21383708157895873, -0.06606119275871053, 0.13809851703483475], [-0.41651339677621935, 0.299333321897195, 0.6235668733744413, -0.5215790998934257, 0.16509168540360722, -0.35830241679813335, -0.19310256131658118, -0.48484658773716843, -0.6005814773450187, 0.15773569601247764, 0.590365480215389, 0.5321255597796088, 0.11028364245320282, 0.028575800558389368], [-0.5904577913180551, -0.6224735762190868, 0.03344708453184038, 0.03550837206639053, 0.18282338685515226, 0.5491898736787202, -0.24704452006957045, 0.6169849859048223, 0.026795414286378813, 0.28305848245715287, 0.3867329699029684, -0.32934273986923807, 0.8588227623569352, 0.17074573079245048]], "inverted": false, "swapped": true, "error_lsq": 0.049212000969969145, "error_max": 0.34637006851224983, "target": "691.xyz", "model": "12.xyz", "model_rescale": 4.124412569039231, "target_rescale": 4.094824991149087},
{"mapping": [6, 4, 11, 3, 7, 13, 0, 10, 2, 8, 5, 12, 14], "R": [[0.08366981397899215, 0.989666998989094, 0.1164413729764531], [-0.30276586218474466, 0.13657442441072848, -0.9432286357466075], [-0.9493851667917765, 0.043665291809385914, 0.3110645389094555]], "T": [0.04115695335198369, 0.06047279804833812, -0.08894385632620141], "aligned_model": [[-0.15829286339375492, 0.06852869449378643, 0.6164781131839367, -0.6444292886035626, 0.41921873928545794, 0.37276949374381985, -0.5026684010279316, -0.08273679923028868, -0.0002972381978502969, -0.32865099147444643, 0.7666085612231821, 0.6795880976759728, 0.16118218983143612], [-0.45267622179772965, 0.42584768548822133, 0.5601386291088506, -0.23480814438182973, 0.004514715171432523, -0.6138726190623953, 0.503406728257823, -0.3686898381932532, 0.7058465837227185, 0.1380138724306389, 0.010856392103438542, 0.5324802737014376, 0.13642731995912416], [0.46810197991831737, 0.4785565307800791, 0.27350358380132056, -0.024947535659746528, 0.5578888375978396, 0.055529516370824844, 0.06530145796486131, -0.4792098494493853, -0.42988227492354836, -0.5549508508153551, 0.022272662971032406, -0.39531742744018117, -0.08514855014821927]], "inverted": false, "swapped": true, "error_lsq": 0.048876859945687835, "error_max": 0.3055657207676272, "target": "691.xyz", "model": "13.xyz", "model_rescale": 3.9028299243045295, "target_rescale": 4.094824991149087},
{"mapping": [6, 14, 9, 1, 3, 5, 2, 0, 11, 13, 12, 4, 10, 8, 15], "R": [[0.5881164185198225, 0.6997450799919704, 0.40555628622232953], [0.42941475996068657, -0.6950888612860551, 0.5765886218474672], [0.6853627084947963, -0.16494937994150352, -0.7092740372109997]], "T": [-0.05435069089384555, 0.1046331219811669, -0.017279459829185266], "aligned_model": [[-0.36134849776784034, 0.6849246284576549, 0.08233667838416533, 0.017562090836608098, -0.6625612031481468, 0.11769184501739824, -0.40490123500116704, -0.6925863076695186, 0.4722207470513012, 0.629010213279245, 0.5095789281048997, -0.3760669514819898, 0.16804542611011714, -0.05439249297321929, -0.053928428876904785], [-0.3777289095345514, 0.13761352940552798, -0.17264339708538126, -0.5401399401732384, 0.10802001994178437, 0.5207101199970462, -0.28165980929645074, 0.41836100290685874, -0.37746582695900044, 0.5023538175478163, -0.023407365482953857, 0.6918225671000534, 0.6285125973825947, 0.282953102780248, 0.08493324244954073], [-0.3600439261552961, -0.50249585249004, -0.7281097852359288, 0.018706730391865052, -0.15423911426696518, 0.2264070831198974, 0.5023760576309789, 0.40868594188036694, -0.20743679602501203, 0.06925073583077346, 0.3697984487974458, -0.1224957945727228, -0.4983645504770445, 0.7341918584910985, -0.12945371512993972]], "inverted": false, "swapped": false, "error_lsq": 0.04195108531330404, "error_max": 0.27025180093617274, "target": "691.xyz", "model": "14.xyz", "model_rescale": 3.942246331269136, "target_rescale": 4.094824991149087},
{"mapping": [3, 2, 5, 12, 4, 6, 13, 11, 1, 7, 0, 10, 9, 8, 14], "R": [[0.664407193077876, -0.31724048287526996, 0.6766990156719928], [-0.33649243183823074, -0.9354533683616028, -0.10816579374518315], [0.6673349422156554, -0.15583796599672822, -0.7282709682886109]], "T": [-0.06911468511713027, 0.1279636026912695, -0.042857507905377346], "aligned_model": [[-0.29645139803643444, 0.6440995445469244, 0.213425134985876, -0.11449084764162623, -0.6400574883537021, 0.000868408349320296, -0.5712783658676083, -0.48862357171486126, 0.23907512676211357, 0.6126847933445089, 0.6115574274221053, -0.5313702036782652, 0.15754110025960982, 0.22680582389981552, 0.011799956044826906], [-0.4120438566856476, 0.15089987518824122, -0.036826059622141694, -0.6485289105644307, 0.04879742247002758, 0.6285368459731117, -0.27373310289085534, 0.43266825357521593, -0.5775753026928934, 0.6221009614240907, -0.04762824567100321, 0.5874948484298539, 0.7837683135215543, 0.27006195040041453, 0.07424175812435652], [-0.45910009736130986, -0.31386914722764, -0.586728058165186, 0.2082931219866167, -0.14972662535353348, 0.19655465569034447, 0.4545369441796012, 0.4523983799463215, -0.29559319716151, 0.10532228154995713, 0.17294439400550157, -0.3329460905708852, -0.45115842921271593, 0.6579135233232788, -0.03206433383936409]], "inverted": true, "swapped": false, "error_lsq": 0.040633888108446835, "error_max": 0.25683832674978896, "target": "691.xyz", "model": "15.xyz", "model_rescale": 4.355366556412066, "target_rescale": 4.094824991149087},
{"mapping": [9, 5, 12, 8, 1, 10, 2, 3, 11, 13, 4, 14], "R": [[-0.7989226502775539, 0.553209720313914, 0.2359694985028585], [-0.5968574762418716, -0.7775799956092715, -0.1978143156661547], [0.07405235936601298, -0.29887849668132116, 0.9514136283940022]], "T": [-0.014586513949043527, 0.1787148537237663, 0.06273889823937162], "aligned_model": [[-0.24258207458502623, 0.44453222735578257, 0.09232510458836968, -0.5940608644410115, -0.4732871385212212, -0.4523380959071361, -0.2662833116268844, -0.33617853674018405, 0.6354208953774814, 0.21361577292092715, 0.5197887799394004, 0.05685579627128282], [-0.5933759463318752, -0.3930448254349266, -0.38028762654523307, 0.2909657698908511, -0.23374714390992432, -0.012832757411188556, 0.22150739327560587, 0.7093899105443718, -0.004772264660399511, -0.20867238930684603, 0.5184353530042397, 0.0992109546263052], [0.11851456999157026, 0.004328386022741243, -0.5699824314684231, -0.04469602218916338, -0.36889083817909984, 0.41419421662971023, -0.6223029246487025, 0.4825929373119645, -0.4430786298697922, 0.6819610022911303, -0.17250084670370666, -0.030880957978807688]], "inverted": false, "swapped": true, "error_lsq": 0.04501663115775065, "error_max": 0.2335283216014859, "target": "691.xyz", "model": "16.xyz", "model_rescale": 3.795458400668931, "target_rescale": 4.094824991149087},
{"mapping": [10, 9, 5, 3, 7, 1, 8, 6, 0, 2, 11, 4, 14], "R": [[-0.4162574029952575, 0.5851883545709774, 0.6959054275734279], [0.09608303692511705, 0.7893894256218638, -0.606326961903914], [-0.9041558629278971, -0.18552337963420068, -0.3848158665416667]], "T": [-0.06947663546710939, 0.005435053683446933, -0.05482294795507868], "aligned_model": [[-0.20232013470978338, 0.03469486297823787, 0.47739949208973775, -0.32441712123814437, 0.6043187216628416, -0.5008359313533136, -0.6326080961999299, 0.3919016431270067, -0.5107869257869427, -0.6033571567421757, 0.29618068201970416, 0.14467626416608745, -0.026214499109103388], [-0.26707275575724465, 0.33664707275234346, 0.467226139764617, -0.6950945282707481, 0.08202375977044626, 0.481076075910799, -0.09554641310059706, -0.6084465341358729, -0.13505763782450148, 0.47919114633469717, 0.655066980908636, 0.12358764424144955, 0.14018031487646138], [-0.5646561306393486, -0.7832898326489824, -0.22448859324247467, 0.019866493748081984, 0.26857856991634305, -0.44792620113754367, -0.2354295770830993, 0.09906561505141799, 0.4940259664728234, 0.10326415521046818, 0.3405270385540952, 0.5748461801381971, -0.042108653503683056]], "inverted": false, "swapped": true, "error_lsq": 0.04928583515690764, "error_max": 0.2825017080781455, "target": "691.xyz", "model": "17.xyz", "model_rescale": 3.7474275329858107, "target_rescale": 4.094824991149087},
{"mapping": [2, 4, 0, 11, 1, 9, 8, 6, 12, 10, 5, 7, 13, 14], "R": [[-0.109763780639836, 0.9119143478846858, 0.3954290512616625], [0.6427706893485816, 0.3685750498102892, -0.6715640502377211], [-0.7581541752005325, 0.18045679477202137, -0.6266080049333949]], "T": [0.16310294619445873, 0.04852509713333819, 0.07392145811011741], "aligned_model": [[0.4319706107876007, 0.06448082381253092, 0.7280788031637567, -0.3665811813106751, 0.22105757051277325, -0.24322979183011015, 0.6516081747285165, 0.09127671039232307, -0.25321984231765005, 0.2913387948994196, -0.558727286618626, -0.3767968965605484, -0.3320980353761497, 0.06568919359971526], [-0.5268499192624516, 0.3162067721215153, 0.14081240753218027, -0.10064442283591613, -0.690630663885157, -0.4339887631106234, -0.23776516972574063, 0.8147550708403087, -0.6456861789436501, -0.012775701103474174, -0.08479944836619868, 0.4666592537180061, 0.3815470825890173, -0.026432078056582736], [-0.28818149403493976, -0.5383896619938928, -0.35968369979182147, -0.5657751152088567, 0.20478556437632006, 0.5772018823684167, 0.2722484053022957, 0.21929968512419018, -0.18874979674172943, 0.6497995310610007, 0.02599841740172623, -0.23933010508126706, 0.5529345257778937, 0.0026365801023182645]], "inverted": true, "swapped": true, "error_lsq": 0.031349879553797304, "error_max": 0.21130324056134953, "target": "691.xyz", "model": "18.xyz", "model_rescale": 3.922800546911778, "target_rescale": 4.094824991149087},
{"mapping": [5, 6, 8, 0, 12, 11, 3, 7, 1, 10, 2, 13, 4, 9, 14], "R": [[-0.35520140226283403, 0.6012554314579338, 0.7157680280459935], [-0.608068878899159, 0.4329482608395008, -0.665438233009174], [-0.7099888748035681, -0.6716008558499501, 0.21182088678121003]], "T": [0.0051127817560994914, 0.08564038552816011, -0.10970007104194023], "aligned_model": [[-0.3385017252209269, 0.5715447868709316, -0.05779570513911008, -0.07813936870424358, -0.7733346116509258, -0.00838958124878001, -0.34762228096672937, -0.5207073483540524, 0.5076780049538621, 0.6350393705609846, 0.43946786790123654, -0.3672819324716454, 0.3068300478596097, 0.15596250092561997, -0.04916458499322784], [-0.5316768498224834, 0.18144415821202994, 0.07630488537258046, -0.6808240180934572, -0.019006611290756703, 0.7456788875875303, -0.19939975467218524, 0.4031673736905267, -0.4315110151723779, 0.5017248470824438, -0.10953669716404851, 0.6205978606662849, 0.6927334780080879, 0.235081396448129, 0.11745681012759002], [-0.3984598703902714, -0.49146464854257715, -0.7182606881829275, 0.21285850209101048, -0.1507208745579956, 0.15752731296148115, 0.3413867693619832, 0.4010844447943708, -0.2769294019665732, 0.17431904949931698, 0.42543591944963144, -0.3263943797564613, -0.36321892140685175, 0.6762101861736521, -0.03659607773831189]], "inverted": true, "swapped": false, "error_lsq": 0.03492692339959998, "error_max": 0.29897835374927656, "target": "691.xyz", "model": "19.xyz", "model_rescale": 3.9282355846067225, "target_rescale": 4.094824991149087},
{"mapping": [13, 10, 8, 9, 5, 1, 12, 2, 11, 4, 3, 7, 0, 14], "R": [[-0.09255737269674796, 0.6180315876133784, 0.7806856534300872], [0.49296665707053905, -0.6527725878275819, 0.5752145891731012], [0.8651109800344536, 0.43809234790506096, -0.24425005001198707]], "T": [-0.011175750499982762, -0.21653845881698197, 0.13354264858887613], "aligned_model": [[-0.7140078290757117, -0.05326388692842243, 0.460841313966855, -0.35273067845300937, -0.5859632297050382, 0.2628547775100919, -0.0506686674698531, 0.5422524497186838, -0.22880162571804247, -0.005220217092581136, 0.25804557657881344, -0.5401431035297506, 0.5878648039134242, -0.0485368646307827], [-0.5189529526423491, -0.7422740657734003, -0.5028643019860228, -0.32428780005789826, 0.17018366665100926, -0.12332762922849436, 0.39813115269499544, 0.15690273537651162, 0.5982014319244577, 0.26375927914703245, -0.7955276217379624, 0.14851027824268626, -0.11410660007666204, -0.09146548510906793], [0.12114437487447027, -0.13787665067578983, -0.101298692685548, -0.5896083836394108, -0.11379576065846536, -0.5614785041838328, -0.4537151537307763, -0.16432255614382837, 0.16297758369956397, 0.6084987775935492, 0.5254690261727472, 0.5226281327068535, 0.5161471807903268, 0.07741378312382353]], "inverted": true, "swapped": true, "error_lsq": 0.04293416284832522, "error_max": 0.29174595872841047, "target": "691.xyz", "model": "20.xyz", "model_rescale": 4.067790424073018, "target_rescale": 4.094824991149087},
{"mapping": [5, 7, 1, 4, 13, 12, 6, 11, 8, 0, 2, 10, 9, 3, 14], "R": [[0.2661177237085237, 0.07200454647188897, -0.9612474719943724], [0.9607656265357478, -0.1006821225064218, 0.2584424908465601], [-0.07817140139185369, -0.9923096570602243, -0.0959727904640384]], "T": [-0.002043283956624591, 0.05822508239629678, 0.009155496443222565], "aligned_model": [[-0.20554582077705139, 0.540346773699847, -0.03396498084376984, 0.13840477580507626, -0.6454744677323924, 0.05205482544034168, -0.3538811364893867, -0.4522842766871217, 0.32120376549162055, 0.681908030386304, 0.3676174808739961, -0.4716417642357895, 0.09266338316682166, 0.08142294199667688, -0.03724408977256913], [-0.39727071372325656, 0.2094123383925663, 0.12600723563082217, -0.7199665747421323, 0.08006029981782584, 0.8060246935190941, -0.3106770580991079, 0.41995302611725394, -0.2747292458532611, 0.14781396981412515, -0.2453387687501882, 0.5880980002721155, 0.6669821703455489, 0.3856025366446543, 0.12026284159383417], [-0.3064018170244758, -0.480353845846089, -0.8079685371340278, 0.14016916750696368, -0.26587730178685487, 0.1668989687707788, 0.5455119441143724, 0.2997896258492725, -0.3222365026272786, 0.1783963318842449, 0.5791746529291142, -0.40315358637564197, -0.46465391095895825, 0.7899258904937381, -0.02244375800568144]], "inverted": false, "swapped": false, "error_lsq": 0.04495020293448085, "error_max": 0.33680511433481813, "target": "691.xyz", "model": "21.xyz", "model_rescale": 4.186013935880536, "target_rescale": 4.094824991149087},
{"mapping": [8, 0, 2, 9, 13, 1, 10, 3, 11, 4, 6, 5, 14], "R": [[0.4652418633654018, 0.7747367086037422, -0.4281740778166393], [-0.8777302918040237, 0.3411248632632174, -0.33648679396563963], [-0.1146278474975099, 0.5323691012873417, 0.8387154443388986]], "T": [-0.0492462189994381, -0.02638615944800319, 0.003539475179235689], "aligned_model": [[-0.04801387426979991, -0.38036391913118794, 0.3419130202419021, 0.5412259603396965, -0.12549044691576808, 0.55998051435869, -0.09001210765581472, -0.7109427033312766, 0.37376295029091605, -0.20085113546828048, -0.6906401878372018, 0.4205772353109118, 0.06742872949043821], [-0.4072465602285248, 0.244874563159287, 0.1171940170800699, -0.48943229676184535, -0.26900838048162296, -0.32207219789035885, -0.6146864739697514, -0.3189900282984873, 0.687189381269545, 0.6318094268068923, 0.01978215552936246, 0.18827401198856314, 0.051269041342964415], [-0.46000867725985184, -0.5730945409939705, -0.5971634139204377, 0.30043673839482865, 0.7252751951709694, -0.32547108068122577, 0.06740384645808536, -0.1910256751859692, 0.15814127633534653, -0.006421924705784406, 0.4506238889949452, 0.5272740165693401, 0.026909912159069967]], "inverted": false, "swapped": true, "error_lsq": 0.04418696529964206, "error_max": 0.21581210760229733, "target": "691.xyz", "model": "22.xyz", "model_rescale": 4.166573947596378, "target_rescale": 4.094824991149087},
{"mapping": [6, 4, 2, 5, 12, 9, 13, 14, 1, 8, 0, 11, 3, 10, 15], "R": [[-0.7435051706938405, -0.6046702194479343, -0.28561160141757236], [0.4594117516115911, -0.7722075997415689, 0.4389034807136244], [-0.48594331318857864, 0.19511368125826548, 0.8519329479208766]], "T": [-0.003964128194674157, 0.17439936935189818, -0.023327572306712077], "aligned_model": [[-0.33915147763400333, 0.6554580189402462, 0.07432724593411107, 0.013823646142832862, -0.6392131315424766, -0.07036886055268532, -0.33708358180314846, -0.6199665455935023, 0.25300706600817385, 0.6650095628311637, 0.6821734123226071, -0.40635697693766065, 0.1989487284866472, -0.06806733325230664, 0.013045666972604064], [-0.38942794377076606, 0.19428146960580758, 0.0022971789484503014, -0.5942554462682775, 0.1897722327491627, 0.7509588520501812, -0.2556614259163783, 0.31655065266021754, -0.42509625183510646, 0.564369143669029, -0.25969063359617794, 0.6730358205862655, 0.565393805201688, 0.1610658251806442, 0.10864147171515443], [-0.4091459670464887, -0.34677872367590806, -0.6691298144710248, 0.2927663230936533, -0.18333924077438885, 0.13035632637250305, 0.6254345419513211, 0.45239482324855684, -0.31085125201798564, 0.21007533267842066, 0.06348779310431422, -0.48325692797701963, -0.43244415195607616, 0.7227650685933646, -0.03555680933376534]], "inverted": false, "swapped": false, "error_lsq": 0.03695744285683455, "error_max": 0.2879174653540132, "target": "691.xyz", "model": "23.xyz", "model_rescale": 4.274766983524099, "target_rescale": 4.094824991149087},
{"mapping": [9, 5, 13, 10, 6, 3, 8, 0, 2, 4, 14], "R": [[-0.03110441554805704, -0.5942943139026745, 0.8036459318607689], [0.7592484156326144, -0.5369701734113116, -0.36770215695041963], [0.6500571964779553, 0.5987297398071818, 0.46791915966077474]], "T": [-0.0014194209675852873, 0.10272448016378077, 0.057206626020108564], "aligned_model": [[0.16848428888765338, 0.28988849693986674, -0.43273388714579003, -0.32016484651719873, -0.667624928093625, -0.6035205641940723, -0.0027752389340031033, 0.056624305190503106, 0.599932516207848, 0.17146761873839642, 0.12031694287849645], [-0.08700524431704174, 0.5708803834044145, 0.42554656214162095, -0.2769309991827155, 0.5015496442541774, -0.17958291133574694, -0.4896573358265339, -0.06189037376371628, -0.23934061626590009, 0.5880487401693327, 0.163968681965592], [-0.7085299251419368, -0.42970269253085114, -0.4862406194368291, -0.26852462264441984, 0.15972940597387564, 0.4023031476051729, 0.1521539747328694, 0.7538133840250274, 0.2934947890082237, 0.4940992262119466, 0.01697036621849904]], "inverted": true, "swapped": true, "error_lsq": 0.04784434814196369, "error_max": 0.21214448397187088, "target": "691.xyz", "model": "24.xyz", "model_rescale": 3.7841303162186577, "target_rescale": 4.094824991149087},
{"mapping": [1, 3, 4, 7, 8, 12, 10, 9, 6, 13, 11, 2, 5, 14, 15], "R": [[-0.6749485619649551, 0.001820550446151592, -0.737862537534948], [0.735309441267517, 0.0848116990969604, -0.6724038974300632], [0.06135523029287321, -0.996395333837107, -0.05858220227465699]], "T": [-0.08562645155301137, -0.004052307724376494, 0.01610211840593322], "aligned_model": [[-0.472535427230715, 0.6026249925712751, 0.023842293500759282, 0.0056053650395336135, -0.6290509188855709, 0.08570385643989296, -0.253778830734608, -0.3988985699616487, 0.4016699999252669, 0.5354618977425001, 0.5613248228558897, -0.4492123661104133, 0.1444441099269121, -0.05057568223924501, -0.031040102517225984], [-0.33107449192267013, 0.2241540148502732, 0.09189945944712385, -0.6201468162156261, -0.020269982025130376, 0.7287937419197262, -0.24905770729773752, 0.40801592176443263, -0.3522488946293008, 0.3452551984285641, -0.2864081764319473, 0.5440119255068481, 0.6884323761098633, 0.45699127964355557, -0.02611309816808013], [-0.5283189772410037, -0.334944476266256, -0.7156862356223158, 0.20294395619503539, -0.21602848919130258, 0.10966760088866156, 0.7350960243833519, 0.28850083829985373, -0.3880361716476925, 0.3389542916766592, 0.3180239313141395, -0.35298311147376465, -0.47059208213377857, 0.6607021621756981, -0.02052193956780837]], "inverted": true, "swapped": false, "error_lsq": 0.04137029978542803, "error_max": 0.26578672022596284, "target": "691.xyz", "model": "25.xyz", "model_rescale": 4.19342608120988, "target_rescale": 4.094824991149087},
{"mapping": [9, 5, 12, 8, 1, 10, 2, 3, 11, 13, 4, 14], "R": [[-0.7989226502775539, 0.553209720313914, 0.2359694985028585], [-0.5968574762418716, -0.7775799956092715, -0.1978143156661547], [0.07405235936601298, -0.29887849668132116, 0.9514136283940022]], "T": [-0.014586513949043527, 0.1787148537237663, 0.06273889823937162], "aligned_model": [[-0.24258207458502623, 0.44453222735578257, 0.09232510458836968, -0.5940608644410115, -0.4732871385212212, -0.4523380959071361, -0.2662833116268844, -0.33617853674018405, 0.6354208953774814, 0.21361577292092715, 0.5197887799394004, 0.05685579627128282], [-0.5933759463318752, -0.3930448254349266, -0.38028762654523307, 0.2909657698908511, -0.23374714390992432, -0.012832757411188556, 0.22150739327560587, 0.7093899105443718, -0.004772264660399511, -0.20867238930684603, 0.5184353530042397, 0.0992109546263052], [0.11851456999157026, 0.004328386022741243, -0.5699824314684231, -0.04469602218916338, -0.36889083817909984, 0.41419421662971023, -0.6223029246487025, 0.4825929373119645, -0.4430786298697922, 0.6819610022911303, -0.17250084670370666, -0.030880957978807688]], "inverted": false, "swapped": true, "error_lsq": 0.04501663115775065, "error_max": 0.2335283216014859, "target": "691.xyz", "model": "26.xyz", "model_rescale": 3.795458400668931, "target_rescale": 4.094824991149087},
{"mapping": [1, 5, 9, 8, 3, 4, 11, 2, 7, 10, 0, 6, 14], "R": [[-0.5975913690008167, -0.38124939577235495, -0.7053605134390106], [0.23108499690117024, 0.7604980320961943, -0.6068298504399751], [0.7677787962055975, -0.525634513137247, -0.36636604468216394]], "T": [-0.07573674226790406, -0.002616065242212043, -0.07718580065000977], "aligned_model": [[0.037529299760162116, 0.29639977074678586, 0.5926279763611675, -0.1713335261259935, -0.21169963856505702, -0.539968943058196, -0.2995397206907436, -0.4964491325173436, -0.052980549541535, 0.3312667671819317, -0.7556522681399209, 0.04564572337337047, -0.0761693759633714], [-0.5512086727470786, -0.43960440440197224, -0.4078930430373766, 0.03499730043623091, 0.6812133089826866, -0.030550293002456416, -0.5731364826967005, -0.4926533572938559, 0.008696320964193635, 0.19813670938354122, 0.16806836438403278, 0.6572338806822663, -0.13141812839659617], [-0.5802288868264003, 0.3828865245185993, -0.2778254749938084, -0.668269164334231, -0.3514235386761503, 0.4127252653808162, 0.5028548933115367, -0.4197194714003265, 0.6736861861509472, -0.45913375841226034, -0.23310181246198688, 0.32687676324888926, -0.017190863406199103]], "inverted": true, "swapped": true, "error_lsq": 0.048423884178829806, "error_max": 0.2696908013438961, "target": "691.xyz", "model": "27.xyz", "model_rescale": 3.6321398670334006, "target_rescale": 4.094824991149087},
