[{"mapping": [0, 6, 3, 7, 14, 9, 11, 12, 13, 1, 5, 10, 2, 15], "R": [[-0.039342863603396366, 0.9992176495944274, 0.0040283771513327515], [-0.21591288263278766, -0.0045648870837745326, -0.9764019607308831], [-0.9756196831740763, -0.0392842276862001, 0.2159235588313933]], "T": [0.011962687158218195, 0.09372505063712339, 0.10929229998285081], "aligned_model": [[0.11507946496993396, 0.3686633394954292, -0.515738176914988, -0.37856085017995805, -0.6106272199272192, -0.1217133087905618, -0.6837673211712368, -0.0233495527159246, -0.2819139905596707, 0.28876186623039307, 0.5633066152329301, 0.056617917308999434, 0.5798180548140848, 0.014915263336092301], [-0.6334067960306815, -0.31833952568424956, -0.2987212324607482, -0.34491400453492227, 0.3190528527639054, 0.2236377389466615, 0.1640973907345133, 0.45600028327796843, 0.7298615138418316, -0.10649502312756401, 0.4430836044485975, 0.6393385425896747, -0.16377008662524717, 0.12584807367029488], [0.23125658592171017, -0.3776760315950388, 0.3585090639524906, -0.31358357211774524, 0.528936286397803, -0.6602217260366869, -0.08987817745529006, 0.7766956025155799, 0.22914297892095056, 0.7524412190445898, 0.5016664327629167, -0.29393093860500163, 0.17606769238139056, 0.07816267109216499]], "inverted": true, "swapped": true, "error_lsq": 0.03770887811534571, "error_max": 0.2827766606308636, "target": "692.xyz", "model": "0.xyz", "model_rescale": 3.8414455957264533, "target_rescale": 4.04867048759348},
{"mapping": [12, 8, 11, 10, 13, 9, 7, 14, 0, 3, 6, 5, 2, 1, 15], "R": [[0.6672118426297915, -0.02255810185039364, 0.7445263521833635], [-0.5144860866150947, 0.708845699536506, 0.4825368803812684], [-0.5386394190309912, -0.7050027704126478, 0.461344415785482]], "T": [0.04241092433885069, 0.04703174722604472, -0.07824766969954725], "aligned_model": [[-0.5980416623944412, -0.6452964912699815, 0.11043476237697536, -0.23751978639668564, -0.5567947273657555, 0.31191109328235306, 0.6492225619934967, -0.3306519505512404, 0.6112812400537261, 0.28642055120391685, 0.6232224750912205, -0.47908483063168267, 0.2079910799059723, -0.11058117153652963, 0.029531009743200488], [0.27557273196710785, 0.02960074209216676, -0.6019267117277988, -0.3517498184465594, -0.3294394589409052, -0.5428131370288124, -0.3234219693172624, -0.24694257014609824, 0.4570546704365185, -0.051745978839053575, 0.17568920413130865, 0.5497579292374118, 0.5940004097731909, 0.6938921671746326, 0.01951631767716768], [0.261615492678668, -0.5470859453683848, 0.24251246784038819, -0.5524725239454588, -0.010282203030936604, -0.5325065013971874, 0.05695786808764561, 0.5453668572756468, 0.17174602160040192, 0.5738976709531495, -0.5028367977889923, -0.3134019800767833, -0.3363773107582194, 0.21926100457272454, -0.11121233330312702]], "inverted": true, "swapped": true, "error_lsq": 0.03701560316565941, "error_max": 0.225162644125744, "target": "692.xyz", "model": "1.xyz", "model_rescale": 4.316132596720782, "target_rescale": 4.04867048759348},
{"mapping": [3, 11, 14, 2, 1, 0, 5, 6, 13, 7, 10, 15], "R": [[0.38778550251814164, -0.5582336783464522, -0.7334831725380904], [0.4241510289519729, 0.8145661977676013, -0.3956991459346556], [0.8183631887345222, -0.15766125019871863, 0.5526523514018935]], "T": [-0.013354213845488305, 0.07722983998309964, -0.06329432727809682], "aligned_model": [[-0.08688672196862822, 0.5346066211312537, 0.27232135050070516, -0.5383261633283768, -0.6310102516217273, -0.5972597635370318, -0.31107746820384313, -0.2297951742144723, 0.4981680749733979, 0.15074412446205335, 0.5149560578037445, 0.021367868634705533], [-0.5892573261260953, -0.35003384002534893, -0.5754837111333968, 0.41862073416801565, -0.10248544985545717, -0.11716055847193192, 0.4091418322357784, 0.49980310793750193, -0.03510714761637339, -0.13650801600319928, 0.48578028812761315, 0.10546651450387393], [0.14878846354967634, 0.15082260549708743, -0.390167969951453, -0.030444259651313907, -0.4046882773716077, 0.35562781510314423, -0.6806955577871835, 0.492363724298002, -0.5440464838261313, 0.6083638606607312, -0.19077742619157223, -0.06588803311995871]], "inverted": true, "swapped": true, "error_lsq": 0.042062879606848035, "error_max": 0.19723603368574144, "target": "692.xyz", "model": "2.xyz", "model_rescale": 3.795458400668931, "target_rescale": 4.04867048759348},
{"mapping": [7, 6, 0, 5, 11, 12, 2, 10, 4, 8, 3, 15], "R": [[0.0915471163214871, 0.03889780959042405, -0.995040745850283], [-0.684407308618036, -0.7233677519130337, -0.09124544592745609], [-0.7233296353692669, 0.6893664162848021, -0.03960028655467618]], "T": [0.029467009136420898, 0.07187160821619926, 0.00501295566879547], "aligned_model": [[-0.27088416014880823, -0.20264647924794252, -0.696544112476932, 0.2592084902097927, 0.13557345695373124, 0.1690876368903348, -0.21823284564918027, 0.6733410432901848, 0.353976418235651, 0.7574502777532163, -0.4366701826756793, 0.06964428260919645], [-0.04762417963136932, -0.6048458327209059, -0.09205450110836769, 0.03732266801114663, 0.43844363536022274, 0.6349196586832331, -0.3401660959204568, -0.10093586859245557, -0.44214762311853134, 0.032777343284850935, 0.5136062692351469, 0.056473571807195797], [-0.6424797384505057, -0.1444780475321836, 0.021296730563144163, 0.7302813258780081, -0.6138794101517377, 0.49633814316926983, 0.40761962430247667, -0.12855708745216773, 0.4448879465273518, 0.4069665067402712, -0.2816539070280413, -0.007570655926785788]], "inverted": true, "swapped": true, "error_lsq": 0.04468268144500532, "error_max": 0.24076524059286422, "target": "692.xyz", "model": "3.xyz", "model_rescale": 3.7530521520055578, "target_rescale": 4.04867048759348},
{"mapping": [5, 10, 13, 11, 12, 7, 1, 2, 0, 3, 15], "R": [[-0.3406012381744553, -0.924016494754041, -0.17373633464673688], [0.825318883831365, -0.38234808216141236, 0.4155221823908311], [-0.4503771048192583, -0.0018605079803284963, 0.8928364922899812]], "T": [-0.128777387964907, 0.01231380859453176, -0.061493934446799264], "aligned_model": [[-0.4144896592380351, -0.1679585096434689, 0.33588202793601357, 0.4562174832766054, 0.21396841998984278, -0.021693202545738283, -0.21742670716238066, -0.6874574015559554, -0.3621831362766258, 0.33716568915084544, -0.13382540148589817], [-0.6935323506971044, -0.041320602692224324, -0.32064913766357445, 0.3980844239559751, -0.6514995354952192, 0.7251074005687306, -0.4358972705851197, -0.11899044188943328, 0.3076249828713182, 0.28407710652324664, 0.014198783417750861], [-0.07327033789617662, -0.7381514120140575, -0.48413395905492684, -0.25546151619334334, 0.07919942729897728, 0.003275885807841189, 0.5055991110669736, 0.19120797203210962, 0.5808005045386945, 0.3897632442121718, -0.10599814255294757]], "inverted": true, "swapped": true, "error_lsq": 0.04589307201607791, "error_max": 0.2711352759230909, "target": "692.xyz", "model": "4.xyz", "model_rescale": 3.7855080009869324, "target_rescale": 4.04867048759348},
{"mapping": [7, 4, 5, 6, 3, 0, 10, 8, 2, 15, 14, 13, 1, 12, 11, 16], "R": [[0.8173084693519115, 0.5761987680448029, 0.0013585393947938007], [0.02012565941686989, -0.026190742879714637, -0.9994543525446496], [-0.5758487854972622, 0.8168898485665373, -0.03300229613629876]], "T": [-0.018532290820943275, -0.006003311791027222, 0.07423162503050514], "aligned_model": [[-0.010982970119881478, 0.5636704747808804, 0.11194863900206616, 0.1953661861472927, -0.0807264147814601, 0.5677173895648218, -0.5600420000480049, -0.5334891255787303, 0.12756240249307454, -0.8090844433784447, -0.2641113866288408, -0.1903255876675317, 0.7075872594457338, 0.22751874664615618, 0.4315071734589672, -0.03948334454887906], [-0.14500185214284286, -0.09491436500561272, -0.6960836544754816, 0.40519548745004047, -0.6718313554804283, -0.5205721341487674, -0.36621328379675944, 0.31944467902777035, -0.40371443689112496, 0.16844228868419814, 0.07469828383475419, 0.695373172673342, -0.012652388198951314, 0.4026172396879537, 0.6484093938214108, -0.015120891173525382], [-0.6619693566402107, -0.3731334923034339, -0.3280954710149045, -0.3853769661863429, 0.2619055778869658, 0.07220120008233623, -0.25437191261742925, -0.2782069335465457, 0.6794323265633017, 0.22887357680102277, 0.6994320398564212, 0.1327613531554576, 0.28826463064601804, 0.5595700583742188, 0.11478676803357515, 0.12285955208562593]], "inverted": true, "swapped": false, "error_lsq": 0.029346526275549553, "error_max": 0.20247747344949885, "target": "692.xyz", "model": "5.xyz", "model_rescale": 4.2253639853439635, "target_rescale": 4.04867048759348},
{"mapping": [1, 0, 11, 14, 3, 9, 13, 12, 6, 2, 7, 10, 8, 15], "R": [[-0.822243295505021, 0.5077797451771727, -0.2570519274093247], [0.5157901906062211, 0.855753654764061, 0.040572917473983686], [0.24057523204070963, -0.09922405326209051, -0.9655455167845796]], "T": [0.05560888232390268, 0.024073220127421427, 0.004156502679730147], "aligned_model": [[0.5867911556827984, -0.11010979075518032, -0.4339318366287539, 0.12123123037417746, -0.2148055056434963, -0.5202737905911947, 0.2555214892808053, 0.6760206690989998, -0.2817621016833286, 0.30029455236731584, -0.649036238973544, 0.019164841892014617, 0.5766905062403723, 0.04826697209679797], [-0.053429282614733536, 0.15838889106869758, -0.4625534305345155, -0.752264041361589, -0.487352545131285, 0.29869675532127155, -0.38312003096218095, -0.4139598854801214, 0.6428802586453982, 0.5028274592180549, -0.010747643548705624, 0.1897804539670908, 0.17795047267750275, 0.03800171537010517], [-0.48796660194108293, -0.7090935946086483, 0.23264233851356125, 0.09067846526891807, -0.39573226674772677, 0.47302692792672996, 0.5515374418928133, 0.037826666383572606, -0.18931027645059345, -0.3185596554956543, -0.15708746659274095, 0.6625561509845846, 0.6349103298735876, 0.04612974992412748]], "inverted": true, "swapped": true, "error_lsq": 0.03941069911551577, "error_max": 0.23526254728457, "target": "692.xyz", "model": "6.xyz", "model_rescale": 3.89814844738969, "target_rescale": 4.04867048759348},
{"mapping": [2, 5, 8, 0, 10, 12, 1, 6, 3, 14, 13, 11, 15], "R": [[-0.6893206722389463, -0.3565384407132508, 0.6306483577381387], [0.5336786692508022, 0.33878517542462017, 0.7748623638422522], [-0.48992253347926396, 0.8706922218592937, -0.04325466429168473]], "T": [-0.0026715454233534053, -0.03545657304902215, 0.037752356438793724], "aligned_model": [[0.008039986458454357, 0.017151935975025012, 0.4448819089691478, -0.4076713185751479, 0.5975187182061641, -0.39470384635807493, -0.5345467786592635, 0.32271609990593314, -0.5626545140348866, -0.44640078438772174, 0.09874607278051634, -0.03329559035983527, 0.03884991098391179], [-0.41793623360785026, 0.2367405665630719, 0.5276716000873065, -0.6588422630394019, 0.2788894766843255, 0.5369734564691999, -0.0632530453400819, -0.6882625973642668, -0.11761637779456978, 0.514833154082545, 0.6582895242834441, 0.1760567627093736, -0.01976275826261088], [-0.4590544366537263, -0.6732362039426295, -0.3813385934002189, -0.0021793929793290506, 0.09463258832230673, -0.2729758254679919, -0.45891905200150357, -0.008485088140731983, 0.45519711188989576, 0.37654058653502986, 0.15534532357904624, 0.7327240583748564, 0.04402395472129175]], "inverted": false, "swapped": true, "error_lsq": 0.045483836909143135, "error_max": 0.22957967949977712, "target": "692.xyz", "model": "7.xyz", "model_rescale": 3.7474275329858107, "target_rescale": 4.04867048759348},
{"mapping": [10, 9, 11, 13, 3, 12, 8, 5, 14, 1, 4, 2, 6, 0, 15], "R": [[0.1610348578816156, -0.6304418452359906, 0.7593489674204394], [0.7117057292766107, 0.6072219727326438, 0.3532087636873189], [-0.6837709627220914, 0.4835540875704766, 0.5464729773117682]], "T": [0.08319366971202383, -0.016525663563359265, -0.00554405268904885], "aligned_model": [[-0.3797672583095052, 0.04304517495640217, 0.46302947146942275, -0.21886459906591157, 0.7287142775145192, -0.1534983190766933, -0.7183876328325083, -0.5236912121329935, 0.31645121335093196, 0.08308762376461784, -0.5629578034793914, -0.07514880983779637, 0.16058273668841022, 0.5840605443214493, 0.055498315007793286], [-0.005294657787466177, 0.33477642039913685, -0.32758936062450583, -0.5828639699698972, -0.28592618601656133, -0.6470600751812645, -0.21456971320425355, -0.12367208172398009, -0.760079929387537, -0.16842703639819967, 0.34248640294769883, 0.3991460191799538, 0.7095995791873382, 0.3295254546124201, -0.010932904053289522], [-0.5033574674866602, -0.713974260183035, -0.5418513618857335, -0.3111892910397763, 0.06737909801551882, 0.3470473892241161, -0.11184846448993142, 0.44189239138353126, -0.09045493691706222, 0.7066864979396066, 0.123338623224812, 0.43645948649891114, -0.035937975588582735, 0.4229534115714264, -0.040348484570879875]], "inverted": true, "swapped": true, "error_lsq": 0.03853995434489872, "error_max": 0.31401011132890777, "target": "692.xyz", "model": "8.xyz", "model_rescale": 4.019505241142653, "target_rescale": 4.04867048759348},
{"mapping": [11, 12, 10, 9, 7, 6, 4, 3, 0, 1, 5, 2, 15], "R": [[0.8269444360857389, 0.4672273338851336, 0.3128282565521048], [-0.33217736938609055, 0.8548318206797564, -0.39864865937447963], [-0.4536750983849305, 0.22574582349164968, 0.8621007645754067]], "T": [-0.04624030246802034, -0.09697388856427278, -0.024529476811049715], "aligned_model": [[-0.2326118245165859, -0.7433523177680788, 0.013451830513082533, 0.41535488951205674, 0.31725366056600585, 0.6783725690361418, 0.23564649089298062, -0.2741259297129089, 0.25975541669885793, -0.3155814335011276, -0.27317339660811923, 0.27569735478380625, -0.03698653815493555], [-0.7077657936494678, 0.17447102377789572, 0.10863242260186462, -0.3106131942257089, -0.7219499518148451, -0.07608892601629359, 0.5868121949925276, -0.6821923151531571, -0.3151246653810308, 0.18259030759609354, 0.6201707296706908, 0.29053580340010676, -0.08609940768461694], [-0.37217914857203716, 0.11063695537292306, -0.6698511379898543, -0.6313132443385624, -0.056371529882750064, 0.06858728422755034, -0.15097536255431343, 0.2919808967637774, 0.6181259034474279, 0.591624408937198, 0.09460890299006908, 0.3488534376296118, -0.06702387198716106]], "inverted": true, "swapped": true, "error_lsq": 0.0416990407058867, "error_max": 0.24046552785645528, "target": "692.xyz", "model": "9.xyz", "model_rescale": 3.877068213659057, "target_rescale": 4.04867048759348},
{"mapping": [9, 10, 11, 2, 0, 12, 8, 7, 12, 1, 5, 4, 6, 3, 13, 15], "R": [[0.5783021516545566, 0.3285086717842655, 0.7467587789602799], [-0.37633718818024725, -0.7047146420791875, 0.6014545652264914], [0.7238348859956223, -0.6288555683157623, -0.2839079639847466]], "T": [0.10029895759402974, 0.06948459225790139, -0.008462332138073472], "aligned_model": [[0.1144164212356507, 0.6158266101133004, 0.12935052008183262, -0.028953537599738954, -0.2751672491777017, 0.30232575047431576, -0.43213420496771093, -0.6377123479951947, 0.30232575047431576, -0.6913650783847417, -0.2327184810162518, -0.23600542452082696, 0.6622695120830001, 0.21246541209594938, 0.5777008899118892, 0.06200845597913303], [-0.017275559806762444, -0.30539152403738457, -0.6503688549435486, 0.5252143031190318, -0.5832812357320535, -0.4503070215609778, -0.25549805848049717, 0.3646443923508348, -0.4503070215609778, -0.01226924705128711, -0.04861563679891866, 0.6178029293005585, 0.041155515340157475, 0.34964416936404336, 0.6686221640366182, -0.005693129672859884], [-0.6626172657231508, -0.31976590805587657, -0.16853199676229452, -0.4731768478077695, 0.24977774417624732, 0.48872683596155553, -0.4625814133619801, -0.19422178586357386, 0.48872683596155553, 0.3372123329726985, 0.6887802108272161, 0.20210130094724943, 0.24390869316632935, 0.5498302798212837, -0.11219304632605208, 0.022956981242637946]], "inverted": false, "swapped": false, "error_lsq": 0.046646840644814315, "error_max": 0.305856939593714, "target": "692.xyz", "model": "10.xyz", "model_rescale": 4.260839863003843, "target_rescale": 4.04867048759348},
{"mapping": [9, 7, 3, 11, 12, 13, 10, 6, 0, 1, 5, 15], "R": [[0.7324506670320201, 0.6546318649514392, 0.18701107388213628], [-0.2873398573039012, 0.5462615185827238, -0.7867872391696948], [-0.617212950908293, 0.522547102858582, 0.5882114403215734]], "T": [0.02702976380898616, 0.05260844201214653, -0.0010485287971830626], "aligned_model": [[0.437291803943844, 0.22929769370769754, -0.34287870058029696, -0.2933202728312731, -0.5867387445328147, -0.45950102583304464, 0.1496697283393815, 0.7328278827013409, 0.25615859160641985, -0.1810154945108018, -0.022517908155907596, 0.03962509523958535], [0.01761517884497487, -0.5644520834844174, -0.5423983719930991, -0.29227679361552555, 0.39231774325250085, 0.42704813947490894, 0.4931046576323097, -0.1342187532420496, -0.4813105340655326, 0.09744430537922955, 0.6821407447933737, 0.07806427255626099], [-0.6773317125854572, -0.32051816671380995, 0.05999163638060648, -0.5552068257615547, 0.29187343268773536, -0.3594895845669137, -0.5042380313129353, 0.032348190771087915, 0.4644185340608834, 0.6954091593723358, 0.4246545298937676, -0.03573308483024086]], "inverted": true, "swapped": true, "error_lsq": 0.043615547546933454, "error_max": 0.2582062264837299, "target": "692.xyz", "model": "11.xyz", "model_rescale": 3.890672605050136, "target_rescale": 4.04867048759348},
{"mapping": [10, 8, 13, 9, 11, 0, 5, 7, 6, 1, 14, 12, 3, 15], "R": [[-0.5972593048639161, 0.5721661440074536, 0.5620562484352556], [0.7975191189547853, 0.4980354649103898, 0.3404760352698483], [-0.08511508476794716, 0.6516030842032088, -0.7537697546345379]], "T": [0.02988448334423774, -0.08978452531226583, 0.09714073194920031], "aligned_model": [[0.5085272783963786, 0.13517305274941496, 0.39251705650433344, 0.6891216628085003, 0.6110493691912935, -0.42203036899263113, -0.41938188240840857, 0.3661367930055467, -0.02540452371483204, -0.6584390987226152, 0.21103750714281796, -0.25086451860142234, 0.00952540592661505, 0.06290810150870274], [-0.1260738333030076, 0.1522481822267648, 0.4568945415804632, -0.5186413830608161, 0.12701554036072332, -0.41827903421684004, 0.11360514095761576, -0.43572452159651354, -0.8180969668627787, 0.14499867513102999, 0.6194587525616948, 0.5936521170035789, 0.13851880610224324, -0.09742349705639315], [-0.38437906327004034, -0.6924092308710272, -0.17678791107960945, 0.005562615067760707, 0.4764908298882798, 0.5891706123490262, -0.48318793568582347, 0.6365818875542173, 0.12311840654895492, 0.13500748153124645, 0.37758580840696804, -0.08177774263646259, 0.7620124333594667, 0.06780224419390389]], "inverted": false, "swapped": true, "error_lsq": 0.045130105072722644, "error_max": 0.32070415151296344, "target": "692.xyz", "model": "12.xyz", "model_rescale": 4.124412569039231, "target_rescale": 4.04867048759348},
{"mapping": [6, 9, 11, 4, 7, 0, 10, 1, 13, 5, 3, 14, 15], "R": [[-0.1621041300715063, -0.8324642058158218, 0.5298354433682153], [0.05989848117439861, -0.5442482220459448, -0.8367831527658933], [0.9849540207373948, -0.1039096667074873, 0.1380882261381416]], "T": [0.07974801131035299, 0.06223262892777468, -0.04541209052111998], "aligned_model": [[-0.1653892138663589, -0.10726459517449012, 0.5580692402771025, -0.6584524671044771, 0.4820826541758492, 0.3800383047277578, -0.3411975167899924, 0.14399745535967073, 0.05387081909150755, -0.42157755809417047, 0.7780782468594047, 0.61260026476211, 0.05244267328584415], [-0.36012665589646076, 0.40803349576193326, 0.5446996535960633, -0.06271728005473981, 0.015120222654929273, -0.6074875936418549, 0.5655752148761862, -0.39141607321010924, 0.7107365823624724, -0.04440498181759724, -0.018576197463263354, 0.4947507610296823, 0.09329822831123571], [0.4983627725903335, 0.6418625708988956, 0.21361640569365997, -0.09500753660310335, 0.5542912640364998, 0.07920589578083097, 0.1327121803148315, -0.6114697373660476, -0.3355332377500982, -0.6086971690175728, -0.06531430647189482, -0.4242107541204435, -0.028120267018052033]], "inverted": true, "swapped": true, "error_lsq": 0.045515656297883185, "error_max": 0.2704123847480915, "target": "692.xyz", "model": "13.xyz", "model_rescale": 3.9028299243045295, "target_rescale": 4.04867048759348},
{"mapping": [10, 4, 5, 7, 8, 0, 13, 14, 2, 11, 1, 9, 3, 6, 6, 15], "R": [[-0.4948172005008847, -0.8457488551770567, -0.19966174409527065], [-0.8462319254734216, 0.4167172295683894, 0.33202150365660327], [-0.19760431776156323, 0.33325009309457715, -0.9218985351189376]], "T": [0.010605491836055952, -0.11115412170124493, 0.09446320497151164], "aligned_model": [[-0.03948313023394316, 0.47960227236033043, -0.0610530424403654, 0.33949321468608873, 0.013464616737117668, 0.682675452632921, -0.5495191031870942, -0.6651723210549304, 0.21778012492927154, -0.6113435202646317, -0.2286036145565335, -0.15206420725059253, 0.6056207364982928, 0.20082856943267427, 0.20082856943267427, 0.01157838106594036], [0.056515402963461095, -0.26618644846344813, -0.5309743745570346, 0.56220900701283, -0.8579200821884116, -0.5870211742958407, -0.42006765256778156, 0.24984485175116555, -0.3672833313725947, 0.2419064136453254, 0.14951698451256717, 0.6355940392702218, 0.05182990685628637, 0.43650908267519806, 0.43650908267519806, -0.002905524051165939], [-0.6299197479524336, -0.36961682196271395, -0.189645653413102, -0.41449938548488185, 0.29154081714525193, 0.18979906021056295, -0.37827797188211865, -0.3483174874186754, 0.7529662565298211, 0.2798934427044606, 0.6394662632628687, -0.034963258892930504, 0.18436598742482152, 0.42353532103580915, 0.42353532103580915, 0.0590708088335265]], "inverted": false, "swapped": false, "error_lsq": 0.04806455351515617, "error_max": 0.42481517521981443, "target": "692.xyz", "model": "14.xyz", "model_rescale": 3.942246331269136, "target_rescale": 4.04867048759348},
{"mapping": [4, 2, 5, 0, 3, 1, 13, 8, 10, 12, 14, 11, 6, 7, 15], "R": [[-0.6194403657353741, -0.6392718491919936, 0.4556590130001544], [-0.4150083148046081, -0.22603249523215885, -0.8812930328455816], [0.666379570470663, -0.7350107576966293, -0.1252894813205072]], "T": [-0.08556004286429283, -0.055533272704091356, 0.02330480890132427], "aligned_model": [[-0.6981047591921483, -0.30543589231265256, -0.2453964804456216, 0.16417783294067304, 0.54004985388695, 0.27470762511750346, -0.014393908969306451, -0.5123304526425198, -0.5745774479421546, 0.31016438980210514, 0.531794666587774, 0.17396439250142323, -0.5314811275281597, -0.01891691011764013, -0.11992774515401608], [0.021331531847401726, -0.4065203662676665, 0.24696096949021562, -0.741848497830046, -0.2606661648027267, -0.16121966259102113, 0.6389202493212024, 0.600210418884673, 0.3637915810308478, 0.4457130438219029, 0.385225086897975, 0.11513495292518772, -0.6322935619627745, -0.48402899524286497, -0.032565895640655436], [-0.4031842374747596, -0.4475296506494626, -0.6570910559315009, -0.12102635370090778, 0.27053756597568734, -0.6007015932799962, 0.15771825279786233, -0.2611629158667924, 0.24080376726397543, -0.3890927787025327, 0.22103471890085294, 0.6807094134124904, 0.07500279128843809, 0.6026897981492961, 0.040654758177865236]], "inverted": true, "swapped": true, "error_lsq": 0.03798341841932606, "error_max": 0.20445962751320965, "target": "692.xyz", "model": "15.xyz", "model_rescale": 4.355366556412066, "target_rescale": 4.04867048759348},
{"mapping": [3, 11, 14, 2, 1, 0, 5, 6, 13, 7, 10, 15], "R": [[0.38778550251814164, -0.5582336783464522, -0.7334831725380904], [0.4241510289519729, 0.8145661977676013, -0.3956991459346556], [0.8183631887345222, -0.15766125019871863, 0.5526523514018935]], "T": [-0.013354213845488305, 0.07722983998309964, -0.06329432727809682], "aligned_model": [[-0.08688672196862822, 0.5346066211312537, 0.27232135050070516, -0.5383261633283768, -0.6310102516217273, -0.5972597635370318, -0.31107746820384313, -0.2297951742144723, 0.4981680749733979, 0.15074412446205335, 0.5149560578037445, 0.021367868634705533], [-0.5892573261260953, -0.35003384002534893, -0.5754837111333968, 0.41862073416801565, -0.10248544985545717, -0.11716055847193192, 0.4091418322357784, 0.49980310793750193, -0.03510714761637339, -0.13650801600319928, 0.48578028812761315, 0.10546651450387393], [0.14878846354967634, 0.15082260549708743, -0.390167969951453, -0.030444259651313907, -0.4046882773716077, 0.35562781510314423, -0.6806955577871835, 0.492363724298002, -0.5440464838261313, 0.6083638606607312, -0.19077742619157223, -0.06588803311995871]], "inverted": true, "swapped": true, "error_lsq": 0.042062879606848035, "error_max": 0.19723603368574144, "target": "692.xyz", "model": "16.xyz", "model_rescale": 3.795458400668931, "target_rescale": 4.04867048759348},
{"mapping": [2, 5, 8, 0, 10, 12, 1, 6, 3, 14, 13, 11, 15], "R": [[-0.6893206722389463, -0.3565384407132508, 0.6306483577381387], [0.5336786692508022, 0.33878517542462017, 0.7748623638422522], [-0.48992253347926396, 0.8706922218592937, -0.04325466429168473]], "T": [-0.0026715454233534053, -0.03545657304902215, 0.037752356438793724], "aligned_model": [[0.008039986458454357, 0.017151935975025012, 0.4448819089691478, -0.4076713185751479, 0.5975187182061641, -0.39470384635807493, -0.5345467786592635, 0.32271609990593314, -0.5626545140348866, -0.44640078438772174, 0.09874607278051634, -0.03329559035983527, 0.03884991098391179], [-0.41793623360785026, 0.2367405665630719, 0.5276716000873065, -0.6588422630394019, 0.2788894766843255, 0.5369734564691999, -0.0632530453400819, -0.6882625973642668, -0.11761637779456978, 0.514833154082545, 0.6582895242834441, 0.1760567627093736, -0.01976275826261088], [-0.4590544366537263, -0.6732362039426295, -0.3813385934002189, -0.0021793929793290506, 0.09463258832230673, -0.2729758254679919, -0.45891905200150357, -0.008485088140731983, 0.45519711188989576, 0.37654058653502986, 0.15534532357904624, 0.7327240583748564, 0.04402395472129175]], "inverted": false, "swapped": true, "error_lsq": 0.045483836909143135, "error_max": 0.22957967949977712, "target": "692.xyz", "model": "17.xyz", "model_rescale": 3.7474275329858107, "target_rescale": 4.04867048759348},
{"mapping": [9, 7, 6, 11, 8, 12, 4, 0, 13, 2, 14, 3, 1, 15], "R": [[-0.6543531154919708, -0.7561299319126382, 0.009461834480744169], [-0.05006040312144733, 0.030830300580222514, -0.9982702282475682], [0.7545302885141657, -0.6536948972050514, -0.05802607243996166]], "T": [0.061298246803756645, -0.045302479925160816, 0.028105968962490388], "aligned_model": [[0.461832028865648, 0.11913420600462546, 0.7037762514640118, -0.3224767324855907, 0.1914493245451783, -0.4608162352120885, 0.6254933388473177, 0.15333809222042977, -0.319671785084059, 0.46583452267057146, -0.7047947245539535, -0.437631466305198, -0.14058094868547077, 0.07996177559145412], [-0.2986899987273768, 0.3271434575822907, 0.2687090818017702, -0.1280857841363395, -0.8009182966830887, -0.2891949933526792, -0.3562433294406646, 0.6887147456438691, -0.6435635408225279, 0.20331305642820005, -0.17896691420356295, 0.3984290790349059, 0.2520298001835052, -0.082268121797068], [-0.6061383605036558, -0.5896932561905502, -0.12285587729691667, -0.5838785730311482, 0.3523899380135084, 0.5239188129518677, 0.4128290129502767, 0.11163116739384639, -0.02029676427000253, 0.4376949506390783, -0.07052092592689398, -0.19271687284588684, 0.6614973970680925, 0.010934069710039386]], "inverted": false, "swapped": true, "error_lsq": 0.04055687534045248, "error_max": 0.26965679363227013, "target": "692.xyz", "model": "18.xyz", "model_rescale": 3.922800546911778, "target_rescale": 4.04867048759348},
{"mapping": [14, 13, 12, 3, 4, 11, 8, 0, 10, 1, 5, 2, 7, 6, 15], "R": [[-0.6029915516291774, 0.6749564618026088, 0.42524694394521045], [-0.19588406714374537, -0.6420121395108356, 0.7412488414560554], [0.7733243956471709, 0.36366768813248074, 0.5193411130512535]], "T": [0.0283153876770022, 0.07497495484587699, 0.06924040042199525], "aligned_model": [[-0.19805254813677808, -0.28229517645279906, 0.335442518787524, -0.06505326346950585, 0.32950788932861336, -0.6090528902592542, 0.059248722784315866, 0.3896848355030165, -0.361168050829937, 0.7000803318550601, 0.56998585680807, 0.5435657489313122, -0.3950166971695269, 0.0783925955683466, 0.0007809636391599428], [0.4727698050950555, -0.1261719836211855, 0.1026339569079216, 0.7679459789750308, -0.5964266373708428, 0.39113924416255064, -0.6466967339794473, 0.5492147112070208, -0.4751767900054663, 0.27829097205023456, -0.3621905926938749, -0.08338614526330365, 0.4597916140888041, -0.05372516342572442, 0.03959926890780559], [-0.5671625386824799, -0.5377672382147163, -0.6256159672125348, -0.006024048057455267, 0.21592071019938625, -0.08063691695884373, -0.3446288548780672, 0.515040641576958, -0.019713863576903468, -0.12502964998531266, -0.23973916708466747, 0.38964833496612966, 0.512459242362171, 0.7869445729075262, 0.06896390980213932]], "inverted": true, "swapped": true, "error_lsq": 0.032596086466070956, "error_max": 0.23802140355301257, "target": "692.xyz", "model": "19.xyz", "model_rescale": 3.9282355846067225, "target_rescale": 4.04867048759348},
{"mapping": [8, 5, 1, 4, 10, 2, 6, 0, 9, 11, 12, 13, 3, 15], "R": [[0.23982433749221707, 0.17698490494691976, -0.9545473432823273], [-0.925608833012659, 0.3382341735304739, -0.16984090233245094], [0.2928012557953996, 0.9242694343518492, 0.24493557791294818]], "T": [0.04673130497335703, -0.027540632609101667, 0.08009309119263415], "aligned_model": [[-0.668236197815123, -0.17528041119412202, 0.4650493874873815, -0.37024740588948163, -0.62065981533678, 0.21015049436980465, 0.1330764018070349, 0.72385136786198, -0.38965638301333994, 0.009604152000434456, 0.03226596856946231, -0.4110618409488123, 0.5895849454095261, 0.004082155776711262], [-0.44819478143496133, -0.6955214649519992, -0.6067317280094439, -0.25135220888667287, 0.10107461927924682, -0.2029496812965384, 0.40463299760551735, 0.09465659406405194, 0.631566672781879, 0.37673812763303804, -0.7156131775637594, -0.2516036177404233, 0.09996488908737788, -0.013785153142476723], [0.009906089636207552, -0.21059813971718677, -0.0609531863704104, -0.5021862810763892, 0.09810313923890006, -0.49934478424778067, -0.5029516789548719, -0.20416970548761298, 0.034907247487187945, 0.6832859694273052, 0.40299306583469485, 0.5756922245733802, 0.5086296118143302, 0.07886958508592888]], "inverted": false, "swapped": true, "error_lsq": 0.03785349824696449, "error_max": 0.23208699670626737, "target": "692.xyz", "model": "20.xyz", "model_rescale": 4.067790424073018, "target_rescale": 4.04867048759348},
{"mapping": [12, 11, 5, 2, 8, 10, 4, 14, 13, 3, 7, 6, 0, 9, 15], "R": [[-0.20358559439746898, -0.34469568091937813, 0.9163720823493892], [0.13376065241328972, -0.9369902014469205, -0.32273433386987316], [0.9698767930102258, 0.05687046639500978, 0.2368644262699946]], "T": [0.12653628968364497, -0.0005957256472514522, 0.018615406148132323], "aligned_model": [[0.10429024178068658, 0.21659578620550374, -0.19270587559224392, 0.1836458784617998, -0.623421466837006, -0.5169994428274214, -0.39227786957624344, 0.31440161270437417, -0.2667593677950675, 0.737573881292607, 0.45558143811128216, 0.1581140552867178, 0.7597286385996463, -0.2548339574635078, 0.08551040155638737], [0.028905718021071607, 0.7083362862845428, -0.48302449179034596, -0.6216967355389528, -0.10189068427919774, 0.18168858301445495, -0.5417805101499568, 0.5832954827590228, 0.44170343911762733, 0.3422033613286319, 0.30925433657238005, -0.3770519119044308, -0.32898510430880773, 0.28889877132983877, 0.01103859947196928], [-0.7406949683863429, 0.15265301045524707, -0.47669854654108845, 0.08337996204426981, -0.3283101664834472, 0.14072742076963116, 0.049648155509238304, -0.4695132278228223, -0.3751957940781944, -0.04232005244259629, 0.5838225242746745, 0.6442785031457696, 0.23182174893814428, 0.6492088453214307, 0.03244215891722632]], "inverted": true, "swapped": true, "error_lsq": 0.038752229315738455, "error_max": 0.25412524769278416, "target": "692.xyz", "model": "21.xyz", "model_rescale": 4.186013935880536, "target_rescale": 4.04867048759348},
{"mapping": [12, 13, 5, 0, 7, 1, 3, 11, 4, 10, 9, 6, 15], "R": [[0.33497053377040137, -0.7740487060123884, -0.5372553789643432], [-0.33482492250029605, -0.6307674473068483, 0.7000176416996027], [-0.8807309536846332, -0.05459879246421012, -0.47045930651142076]], "T": [0.024498693285102915, -0.05528067404396815, 0.003411062499435462], "aligned_model": [[0.10676331832468565, -0.4478226995168506, 0.4619742016851654, 0.4875507524536504, -0.2580100861129191, 0.599327505363343, -0.11009531198291893, -0.6384965150938597, 0.3779442521393218, -0.35525106418374824, -0.45750463322036916, 0.29284582401261994, -0.0006515084448954142], [-0.1920218896153154, 0.09093901902758887, 0.29871959601869996, -0.49556953347394955, -0.34947378357598324, -0.33028834748015795, -0.7434268534957661, -0.3397437539237722, 0.6050895636311201, 0.5067176616941007, 0.32838503830575433, 0.15791014770288253, -0.018280205269109014], [-0.7398599769825748, -0.5074016135636245, -0.5097048840142849, 0.38545502608346144, 0.6012204476792851, -0.3491354052457163, 0.05754581987626351, 0.09385164893967868, -0.04130493550877159, -0.04376037639892263, 0.5007759477922622, 0.6489420201998924, 0.0062558424783968345]], "inverted": false, "swapped": true, "error_lsq": 0.04179291605349984, "error_max": 0.260151587325399, "target": "692.xyz", "model": "22.xyz", "model_rescale": 4.166573947596378, "target_rescale": 4.04867048759348},
{"mapping": [3, 2, 4, 11, 0, 1, 8, 9, 5, 10, 7, 14, 6, 13, 12, 15], "R": [[-0.377788029207944, -0.5168435275900215, 0.768211541813504], [-0.7512401069328579, -0.31388143546737735, -0.5806175558872186], [0.5412157672524762, -0.7964616829811977, -0.2696929380241022]], "T": [0.016074200806679817, 0.0367801672326786, -0.02385736376368572], "aligned_model": [[0.02176742128417164, 0.559727634649217, -0.0032860323000795666, 0.2250370247885944, -0.060268441597805034, 0.46928037464295236, -0.6256299937511935, -0.3968292718451761, 0.20893378480810765, -0.5024715809613447, -0.33361790091261706, -0.18423913040501072, 0.7431380162783281, -0.09560656652904737, 0.3629662716367576, 0.055731389001365414], [-0.08697707892297321, -0.21957086493197034, -0.6206628412513133, 0.49517359394776206, -0.7291266433261434, -0.46737380655205485, -0.390793678942407, 0.33298055598616216, -0.19401800842520187, 0.2329906144623681, -0.2732203033377134, 0.7415279569526703, 0.06796057307502759, 0.31133131500515354, 0.5924721324791463, -0.004617332352535912], [-0.6121416345721348, -0.3264037756882515, -0.35134382964306166, -0.6307373617569553, 0.24874916830832558, 0.19644242193954708, -0.2677333014349974, -0.3435841506558972, 0.7511260968166908, 0.47968306729681254, 0.5174418048034686, 0.27477767343708936, 0.1986592030132169, 0.7692140153440616, -0.03978489291782653, 0.014568446885987477]], "inverted": true, "swapped": false, "error_lsq": 0.04487578406251825, "error_max": 0.3800242232409609, "target": "692.xyz", "model": "23.xyz", "model_rescale": 4.274766983524099, "target_rescale": 4.04867048759348},
{"mapping": [12, 2, 4, 10, 6, 9, 11, 7, 3, 0, 15], "R": [[0.7340180137206804, 0.38499697192871885, -0.5594594597817295], [-0.012803154079906343, -0.8157973827818028, -0.5781960822177605], [-0.6790093038973424, 0.4315691854756063, -0.5938807989561277]], "T": [0.019469966915603085, 0.052504140071805594, -0.08429745614459638], "aligned_model": [[0.46077021312156247, -0.025010065504577197, -0.4559275791671651, -0.5504992190010811, -0.36250295913188124, -0.6390776963126132, 0.0685873409821911, -0.03344364848797872, 0.5698807824169441, 0.3676154028957459, -0.02049786785307174], [-0.1296218551113148, 0.6688358552925074, 0.44467196318838864, -0.2549621685068371, 0.5401214647907733, -0.19268995629013377, -0.5720768304004656, -0.05002702817322138, -0.1345028614631179, 0.5617650678784063, 0.03407288003849859], [-0.6759068553926295, -0.19097060575748004, -0.5123321580662706, -0.2913644706887946, 0.30364165608449784, 0.28052201302257285, 0.28468423000329596, 0.6301424405475033, 0.3115151233175883, 0.3324484402540784, -0.09281337930278447]], "inverted": false, "swapped": true, "error_lsq": 0.04967038389946161, "error_max": 0.23073210938189484, "target": "692.xyz", "model": "24.xyz", "model_rescale": 3.7841303162186577, "target_rescale": 4.04867048759348},
{"mapping": [10, 14, 9, 7, 2, 12, 8, 0, 5, 1, 4, 6, 13, 3, 11, 15], "R": [[-0.06655432556577873, -0.5594573557237235, -0.8261827817590387], [-0.9956450305219668, -0.01693618242146394, 0.0916740907885023], [-0.0652801267262556, 0.8286860882454863, -0.5558937598165661]], "T": [-0.016111837175987426, 0.0005454182184903601, -0.03198334283215924], "aligned_model": [[0.19416588691543477, 0.6063711977537548, 0.13227682921748427, -0.126932281723869, -0.22417970534376572, 0.48863854653709127, -0.5183784010691188, -0.5960828115753544, 0.1593191448375623, -0.7467200546246597, -0.34087591906127723, -0.10072262888901809, 0.7444368155786975, 0.327202838283786, 0.4587203820899719, -0.012606840139498792], [0.058099596172831766, -0.3768488178395216, -0.5299532003960237, 0.5363252709946174, -0.6366947408488565, -0.4833015119342226, -0.3034593851789137, 0.24993686509480706, -0.3869366876502509, 0.05376016077942439, 0.026686331535714165, 0.5919553956105886, 0.08211874400533506, 0.25241987111178554, 0.60107604037431, 0.052892252034351536], [-0.7787938279139706, -0.34724105348394985, -0.22868801451075188, -0.383358268701466, 0.3135969949117003, 0.26177013331992155, -0.10102798017030169, -0.4098292432079332, 0.7351022675301851, 0.0961424452584926, 0.6392463396361454, 0.37434374808081566, 0.13206401796388512, 0.651899820600605, -0.08964532825404813, 0.013350900116746348]], "inverted": true, "swapped": false, "error_lsq": 0.044369300043248155, "error_max": 0.2964107860763278, "target": "692.xyz", "model": "25.xyz", "model_rescale": 4.19342608120988, "target_rescale": 4.04867048759348},
{"mapping": [3, 11, 14, 2, 1, 0, 5, 6, 13, 7, 10, 15], "R": [[0.38778550251814164, -0.5582336783464522, -0.7334831725380904], [0.4241510289519729, 0.8145661977676013, -0.3956991459346556], [0.8183631887345222, -0.15766125019871863, 0.5526523514018935]], "T": [-0.013354213845488305, 0.07722983998309964, -0.06329432727809682], "aligned_model": [[-0.08688672196862822, 0.5346066211312537, 0.27232135050070516, -0.5383261633283768, -0.6310102516217273, -0.5972597635370318, -0.31107746820384313, -0.2297951742144723, 0.4981680749733979, 0.15074412446205335, 0.5149560578037445, 0.021367868634705533], [-0.5892573261260953, -0.35003384002534893, -0.5754837111333968, 0.41862073416801565, -0.10248544985545717, -0.11716055847193192, 0.4091418322357784, 0.49980310793750193, -0.03510714761637339, -0.13650801600319928, 0.48578028812761315, 0.10546651450387393], [0.14878846354967634, 0.15082260549708743, -0.390167969951453, -0.030444259651313907, -0.4046882773716077, 0.35562781510314423, -0.6806955577871835, 0.492363724298002, -0.5440464838261313, 0.6083638606607312, -0.19077742619157223, -0.06588803311995871]], "inverted": true, "swapped": true, "error_lsq": 0.042062879606848035, "error_max": 0.19723603368574144, "target": "692.xyz", "model": "26.xyz", "model_rescale": 3.795458400668931, "target_rescale": 4.04867048759348},
