[{"mapping": [0, 12, 2, 4, 9, 7, 10, 5, 3, 11, 8, 13], "R": [[-0.28964306050193406, 0.599164589563774, 0.7463971410153898], [0.9388160922676536, 0.3296850337920461, 0.09966003909707533], [-0.18636320023643657, 0.7295954859416361, -0.6579963407886265]], "T": [-0.22587389604299027, -0.17366614344084208, -0.003948374266270795], "aligned_model": [[-0.47071921884650647, -0.3813196090059211, -0.07521070030028246, 0.5731932498610367, 0.1709062942373921, 0.517495584705995, 0.20899619200362327, -0.5270868698809198, -0.42059767870495063, 0.03604443518694658, 0.3935275701345935, -0.07461428438970769], [-0.23246316310512163, 0.3220074053170621, -0.7614156891005103, -0.6963855604788767, 0.10874898435570379, -0.060448544247497155, 0.735226917426755, -0.20915387219275575, -0.6586440895226379, 0.25791261261980986, -0.22860144432048918, -0.11337340496565942], [-0.7333358659059803, -0.2594169072733668, -0.4762928655384271, -0.044695570480129045, -0.5512603035688861, -0.08126637216681429, -0.019125168087330814, 0.6891696719144206, 0.004959267275288552, 0.47792339905744896, 0.4692355942248675, 0.0010693767300020071]], "inverted": false, "swapped": false, "error_lsq": 0.04768892944875222, "error_max": 0.2616381610281193, "target": "693.xyz", "model": "0.xyz", "model_rescale": 3.8414455957264533, "target_rescale": 3.8328453144764945},
{"mapping": [10, 12, 6, 2, 5, 4, 1, 13, 9, 0, 7, 14], "R": [[0.49303031319502555, 0.8700115738164638, 0.0009857465268604537], [0.6232890286330455, -0.3540041653019532, 0.6972745784370331], [0.6069859117446549, -0.34316309879453444, -0.7168034532347364]], "T": [-0.04139411162603728, -0.11654574922666738, -0.032453237873773716], "aligned_model": [[-0.30136290190034004, -0.6914927228325956, -0.052830616072640495, 0.5051931835644918, 0.24091349824255448, 0.48722579673504557, 0.15404971777791301, -0.5649490398020878, -0.2197331638391786, 0.18900286762383917, 0.24449292813257134, -0.039894582628274146], [-0.004064670699204909, 0.23614562897404395, -0.7074897016324287, -0.5796288061055026, -0.17850982010091454, -0.016635703568475213, 0.7234636767606887, -0.09509330441822172, -0.6848562682298717, 0.20877264560672504, -0.4025892383719619, -0.03610428642909358], [-0.6554665085727248, -0.22025667585417905, -0.5430231403011913, -0.20965690258329764, -0.6247248413746235, 0.04752307180033716, -0.10089127531680683, 0.515522154305146, 0.30030495727620077, 0.573023882621067, 0.46694912991273085, -0.07233959573156616]], "inverted": true, "swapped": false, "error_lsq": 0.04743003154336916, "error_max": 0.26953940291253714, "target": "693.xyz", "model": "1.xyz", "model_rescale": 4.316132596720782, "target_rescale": 3.8328453144764945},
{"mapping": [3, 6, 7, 9, 5, 0, 4, 8, 10, 2, 1, 11], "R": [[-0.12076326017662892, -0.7682127231865226, 0.6287013972673032], [-0.5765942332791048, -0.4612614593743565, -0.6743715268641763], [0.8080565111059952, -0.44394490427325156, -0.387243588493109]], "T": [0.021509333680146514, -0.1778335212503378, -0.03380345229175357], "aligned_model": [[-0.24405330497267913, -0.7025771186963571, -0.11128655554825723, 0.4659900854984016, 0.4398095892040544, 0.6387179439325651, -0.008697457216804594, -0.38532869175327694, -0.4597185538225942, 0.11019608271809533, 0.2516352717684359, -0.04407232611028433], [-0.05241797330766329, 0.20989241862859287, -0.74627705925547, -0.7681081049536961, -0.12922463986226068, 0.16486797755879112, 0.5724593923060092, -0.17142399104328238, -0.5613452744162963, 0.3759686345737996, -0.3580435227137557, -0.07293770572898521], [-0.6209698972842266, -0.07205744593058022, -0.711814009498647, -0.09676599932503688, -0.5220881589904495, 0.040515271665939497, -0.20838244526507496, 0.6154098060424008, 0.10248394280592901, 0.5876168841107652, 0.42354069755204515, -0.060524389701971146]], "inverted": false, "swapped": false, "error_lsq": 0.04525615213767373, "error_max": 0.24138446034988845, "target": "693.xyz", "model": "2.xyz", "model_rescale": 3.795458400668931, "target_rescale": 3.8328453144764945},
{"mapping": [6, 2, 3, 9, 5, 4, 10, 1, 8, 0, 7, 11], "R": [[-0.6311156534811178, -0.7200319590273776, 0.28852557929982287], [0.7345620224590377, -0.4352638800767634, 0.5205420154621616], [-0.24922212400184302, 0.5404621473144235, 0.8036099801696668]], "T": [-0.023904720364103474, -0.06496409073241537, -0.005920138778452773], "aligned_model": [[-0.46991346780078785, -0.5965382058684219, -0.07902482363964257, 0.4788570459785944, 0.36897644095586135, 0.5437346063354833, 0.1520721606332931, -0.5151619526486163, -0.35322457410178515, 0.05862599515063048, 0.31675325926768727, 0.04545848073900284], [-0.2832022832266524, 0.40535763694553045, -0.597969059068725, -0.7374791255904208, -0.08283945875302128, 0.22060652761917898, 0.5818587350267976, -0.12430171202489175, -0.7731864271822453, 0.3663136185259064, -0.4770934320353486, -0.03465486845032577], [-0.3233230139508619, -0.20242376512714372, -0.5974752955302746, -0.22842581736032452, -0.5882855565766146, 0.07887225499554135, -0.30535812038976695, 0.3831996633225994, -0.02899595120339616, 0.6416878928805603, 0.5394273133714301, 0.10806465174934413]], "inverted": true, "swapped": false, "error_lsq": 0.045483120615513385, "error_max": 0.2543607087076757, "target": "693.xyz", "model": "3.xyz", "model_rescale": 3.7530521520055578, "target_rescale": 3.8328453144764945},
{"mapping": [10, 3, 8, 2, 7, 4, 9, 5, 6, 1, 11], "R": [[0.9281224283609084, 0.27862337221324834, 0.2468962827382552], [-0.18940292737526185, -0.2175457447927776, 0.9574969347335986], [0.3204922605541857, -0.9354372589217694, -0.1491370026042987]], "T": [-0.06217894305748616, -0.02519937057681017, 0.13083273590961117], "aligned_model": [[-0.298709508128164, -0.28515651023610816, 0.40335240409964723, 0.36433556004203493, 0.2576395835245512, -0.20791238766331413, -0.3221874318710645, -0.6304445516160682, -0.3861752573989349, 0.44614510611430436, -0.0026874044216786824], [-0.5840185523691427, 0.03691026740181726, -0.2761535337388697, 0.412700151026714, -0.7459666080877557, 0.6160298828653323, -0.42670592635991694, 0.10298140740726956, 0.3067057945130483, 0.10211837302367242, -0.07739789736782282], [-0.2721765370758936, -0.7118131075528883, -0.40037901265077247, -0.5882098182205798, 0.2693478643075766, -0.08284096351636075, 0.5003923633237954, 0.02823730222367922, 0.7189281550613781, 0.5580078440191899, 0.07333668732619211]], "inverted": true, "swapped": true, "error_lsq": 0.0542780398942962, "error_max": 0.33090854089918986, "target": "693.xyz", "model": "4.xyz", "model_rescale": 3.7855080009869324, "target_rescale": 3.8328453144764945},
{"mapping": [3, 0, 9, 15, 10, 8, 7, 11, 14, 6, 13, 16], "R": [[0.35988260748887985, 0.8789881341689316, 0.31283281288449505], [-0.8777874410313844, 0.43261671958078324, -0.20574737496924717], [-0.31618620652169327, -0.20055581250460586, 0.9272559780751153]], "T": [-0.13032964063680377, -0.09375366013866365, -0.013768341230922944], "aligned_model": [[-0.393121110526614, -0.7679234962552195, -0.08730824314915725, 0.4828286054049754, 0.3495870082921141, 0.5654440311217872, 0.18642003478066674, -0.29618675320031373, -0.2200040041952085, 0.06340751418494522, 0.20835016707895612, -0.14087878853563282], [-0.16773877607072463, 0.2735132604216957, -0.5394917131248933, -0.62875318742481, 0.0006742014426456694, -0.0873681490540723, 0.5716372366745246, -0.03364351755722522, -0.7642581146549501, 0.33167536689992666, -0.3487838159013595, -0.14405263986497485], [-0.6524258796448311, -0.27273352742448626, -0.5672850679224454, -0.14465217445880763, -0.5538865348814457, 0.09191087573900564, -0.14902391204771637, 0.7616763165437465, -0.022694904235879602, 0.4418116472030892, 0.5737035699041282, -0.029436152593264618]], "inverted": false, "swapped": false, "error_lsq": 0.04239775125256356, "error_max": 0.23803355949877142, "target": "693.xyz", "model": "5.xyz", "model_rescale": 4.2253639853439635, "target_rescale": 3.8328453144764945},
{"mapping": [3, 7, 2, 10, 4, 1, 0, 11, 5, 9, 8, 13], "R": [[0.41986365249244284, -0.27938268916487224, 0.8635159676061062], [-0.8994193542919144, -0.0007252734524948179, 0.4370861460896868], [-0.12148801768413683, -0.9601795597561029, -0.2515867138498283]], "T": [-0.05045021417171731, -0.11310078505392705, 0.008425644855326493], "aligned_model": [[-0.37751683380230827, -0.6280932661731897, -0.1069062565268567, 0.4373009323761783, 0.29448291877230615, 0.6643628710376941, 0.05072216884550195, -0.6017442415645154, -0.1793258165820653, 0.1791589078438025, 0.29577385603101586, -0.0776002752562644], [0.037565053882980246, 0.3837835407519854, -0.6038124140648313, -0.7192974205000364, -0.0857405557221655, 0.036456110971820846, 0.6633582063888093, -0.3400648616732815, -0.7214359469827394, 0.27481967670243324, -0.3567251161069214, -0.1054961218622706], [-0.6025872060727029, -0.2125397082427098, -0.4456519085122585, -0.04758268134863281, -0.6089752490983994, -0.0649280873115711, -0.16460103762152548, 0.5085416235028208, 0.12700336753163946, 0.42000041804165456, 0.6139344838741513, -0.04564975856137304]], "inverted": true, "swapped": false, "error_lsq": 0.047496490481937804, "error_max": 0.2839562903280176, "target": "693.xyz", "model": "6.xyz", "model_rescale": 3.89814844738969, "target_rescale": 3.8328453144764945},
{"mapping": [6, 5, 3, 7, 8, 11, 9, 2, 0, 10, 4, 12], "R": [[-0.21807199654248377, 0.2571488394088791, -0.9414452074946483], [0.4372648279150191, -0.8366721681416844, -0.32981684815294326], [-0.8724930226611692, -0.4835846952166284, 0.07001262714551543]], "T": [-0.006639293541754521, -0.2170548641989474, -0.01380658132708978], "aligned_model": [[-0.35876894305548934, -0.575799027452898, -0.04901423998017394, 0.3692182262935563, 0.35371241591670116, 0.738739577451977, -0.016944006692853952, -0.34922638974909925, -0.3942323261818774, -0.02109897852259099, 0.25429248910684465, -0.0002638321327974452], [-0.10123085047693711, 0.3062407707250776, -0.6940875970563708, -0.7523809914518188, -0.04396262707393084, 0.09752995744909124, 0.6391603419072428, -0.16698326734694913, -0.6631092259399726, 0.34701526166139673, -0.3726923755490098, -0.1320892450620359], [-0.579461386669037, -0.08305598412946663, -0.664211126488661, -0.07238765173082437, -0.55958354607749, 0.014248683558343068, -0.26823773656170674, 0.6039917362668292, -0.05643913800561949, 0.45578842894695115, 0.5546891163249305, 0.13162286074684396]], "inverted": true, "swapped": false, "error_lsq": 0.03701235337594316, "error_max": 0.23712614634834514, "target": "693.xyz", "model": "7.xyz", "model_rescale": 3.7474275329858107, "target_rescale": 3.8328453144764945},
{"mapping": [0, 1, 6, 7, 3, 8, 2, 13, 10, 4, 9, 14], "R": [[0.018500779646105553, -0.9027219723417761, 0.42982643218380606], [0.7508178313820137, -0.27134640312298425, -0.6021990647543627], [0.6602501838176922, 0.33386250188302474, 0.6727596336026048]], "T": [-0.0782895120202634, -0.19264735926251533, 0.02512165145889062], "aligned_model": [[-0.34239071839094926, -0.5750697219195425, 0.12534752635789775, 0.20936741034551293, 0.28350444114234225, 0.503376911418359, -0.006623584236342919, -0.3905527283149397, -0.4073671467750191, 0.1558778883104307, 0.4882793640384346, -0.0931346769748848], [-0.22281410799695836, 0.28416430439881724, -0.6131884527145168, -0.8077252856046004, 0.009791351733169168, 0.15049970131201854, 0.6320552241182654, 0.13748828244845798, -0.8504940697943604, 0.4071752883062105, -0.5241268942482533, -0.13941519017246648], [-0.5778325405750505, -0.2759794619545157, -0.644665810141064, -0.027890342144325612, -0.5599067587315822, 0.12064433211486328, -0.127584404772624, 0.800759434521292, -0.15983503383501452, 0.46964866518419196, 0.41172411737914466, 0.0478820591357782]], "inverted": false, "swapped": false, "error_lsq": 0.060115229013604714, "error_max": 0.3171219107724413, "target": "693.xyz", "model": "8.xyz", "model_rescale": 4.019505241142653, "target_rescale": 3.8328453144764945},
{"mapping": [8, 11, 7, 0, 9, 1, 10, 5, 4, 6, 2, 12], "R": [[-0.8906507037919036, 0.10023470201104127, -0.44350234311415404], [-0.0459033796303802, 0.9505937401625119, 0.30702511444889363], [0.45236512196841194, 0.29381039068862896, -0.8420458721173681]], "T": [0.021225243537088746, -0.10591513797905114, 0.030565757538027198], "aligned_model": [[-0.3917511143169766, -0.4797250726421304, 0.04032623761501706, 0.30697058051722015, -0.01264626143495192, 0.6541402454017758, 0.4410660885241694, -0.5224172538401188, -0.30767154343053993, -0.055642793924715196, 0.2951194861942086, -0.017153633661659305], [-0.2343212242824894, 0.227994106235012, -0.7565939555927265, -0.6873317840290051, 0.16595236338948213, 0.010515125870554587, 0.7064843888555273, -0.19159421423667647, -0.8663344687212952, 0.4345769166276793, -0.2408702085316794, -0.1050668937986002], [-0.4881820966646931, -0.12692367493705345, -0.5985894048899708, -0.023751497190314837, -0.5957575170422827, -0.17478247412002954, -0.013256975116105595, 0.41480090699610356, -0.003843778916405853, 0.5101713055570875, 0.5372621508428108, 0.03981731166194663]], "inverted": false, "swapped": false, "error_lsq": 0.060285805673969656, "error_max": 0.3857817505252605, "target": "693.xyz", "model": "9.xyz", "model_rescale": 3.877068213659057, "target_rescale": 3.8328453144764945},
{"mapping": [8, 11, 7, 4, 2, 13, 14, 12, 1, 6, 3, 15], "R": [[0.18588750906904028, 0.5601325959762831, -0.8072777148521922], [-0.1884936485659332, -0.7860088775376276, -0.5887785567446738], [-0.964321511956676, 0.2616133011849907, -0.040527795655344534]], "T": [-0.033724341571415455, -0.07127131610672433, -0.005276989645852118], "aligned_model": [[-0.5030742785124066, -0.7068654698143116, 0.019114082225621172, 0.3801797495222991, 0.36442850676407024, 0.6854193203019694, 0.2887745324162939, -0.4704671856082583, -0.36185734935898456, 0.11141436943683475, 0.26099174692071514, -0.11744305929254376], [-0.17449100058097516, 0.23109056518850568, -0.6491495068879715, -0.6016239440281157, -0.05496365095165595, 0.20619820783183196, 0.5949991864211991, -0.02856415520260197, -0.8694078055332808, 0.2573514756384807, -0.34971876525655043, -0.0983104548530829], [-0.6089153492939293, -0.01593487269991189, -0.5793427236927863, -0.07944014207164295, -0.5359027780966537, 0.053727695221713806, -0.25346973808229056, 0.5993939971756169, -0.09590526144648785, 0.49596785116280795, 0.48295531978694095, 0.013830258217716138]], "inverted": true, "swapped": false, "error_lsq": 0.04283394896762762, "error_max": 0.2415481899110061, "target": "693.xyz", "model": "10.xyz", "model_rescale": 4.260839863003843, "target_rescale": 3.8328453144764945},
{"mapping": [4, 5, 9, 8, 2, 1, 3, 6, 10, 0, 7, 11], "R": [[0.3743543513002471, -0.9237253951609343, 0.08118013302124444], [-0.3956275290240007, -0.23828347832015614, -0.8869610150609841], [0.838652298596346, 0.29992061998872876, -0.4546536525363477]], "T": [0.01376293112584418, -0.16172834244782106, -0.06337060153181137], "aligned_model": [[-0.42314007297358297, -0.5565584260090689, -0.09892292181187748, 0.4777929597143923, 0.36718062232310544, 0.6599225495741733, 0.06600997081359808, -0.5169611711151584, -0.3789540886608928, 0.07813697108957993, 0.21976989449238318, 0.05633867756464733], [-0.17556756240765095, 0.19962915603370238, -0.7367931638318078, -0.6921017265426639, 0.03476702864033274, 0.15021477306842937, 0.5326938525950304, -0.010750709153498766, -0.6334193410980213, 0.3073481932467089, -0.3645913597701025, -0.14801898899467578], [-0.6507606760147061, -0.09103303336389099, -0.6040512937259315, -0.20118791927758173, -0.6173043799125626, 0.02844379445278654, -0.20077923768143935, 0.5681300051183761, 0.06552756061335294, 0.6754510657835116, 0.5248583985435356, -0.02033002835435751]], "inverted": false, "swapped": false, "error_lsq": 0.03476565238921775, "error_max": 0.21641420050652985, "target": "693.xyz", "model": "11.xyz", "model_rescale": 3.890672605050136, "target_rescale": 3.8328453144764945},
{"mapping": [7, 12, 3, 0, 4, 2, 10, 9, 8, 11, 6, 13], "R": [[-0.5094084003872464, -0.47697094124239636, 0.7162414417116961], [0.04827985760563197, -0.8468613842437395, -0.5296176462565774], [0.859169446014281, -0.23521164317932847, 0.4544263922225398]], "T": [0.021386136721338544, -0.2034632474092154, 0.110068267328129], "aligned_model": [[-0.5668327545502967, -0.43790968858146784, 0.05678729625349931, 0.3792938816044405, 0.3246688059424964, 0.5348933143934873, 0.08048877633162377, -0.4595169757014539, -0.2602789918600556, 0.26454114721565114, 0.07642819549917504, -0.041948041545800493], [-0.24186056675240514, 0.2915106204608577, -0.6939438716721771, -0.6011522535367836, 0.0031255926097250586, 0.2648689692015386, 0.6635797069415527, 0.10628878475929437, -0.8592957570270182, 0.18557953461024845, -0.49719465995522616, -0.15809594785382408], [-0.5059579919294016, -0.2048608703048088, -0.6717492760465569, -0.13981178450709655, -0.4869222833130513, -0.040063165191280864, -0.1003691289310677, 0.63789995551192, 0.011379258275580145, 0.41385029201905554, 0.6027655100551201, -0.03919625945731889]], "inverted": true, "swapped": false, "error_lsq": 0.05056667712706811, "error_max": 0.27670901517967833, "target": "693.xyz", "model": "12.xyz", "model_rescale": 4.124412569039231, "target_rescale": 3.8328453144764945},
{"mapping": [7, 9, 5, 4, 10, 2, 11, 6, 0, 8, 1, 12], "R": [[0.8011064560474028, 0.3426678706958587, 0.4907210780799381], [0.19926569391176555, 0.6204160529811824, -0.7585361589490068], [-0.5643772048098974, 0.705452090220177, 0.4287373544431954]], "T": [-0.18401437554076328, -0.2437478393171264, -0.03662470815675673], "aligned_model": [[-0.4280446248706624, -0.6026085998019894, -0.13049822212130704, 0.4901573802600663, 0.23183688080901832, 0.6145770975348603, 0.291291712385625, -0.427805014133783, -0.21303360927818984, 0.013541615216536962, 0.19600810440511868, -0.08480775540399492], [-0.12346539879916463, 0.23900279236763922, -0.7109445132411745, -0.6260107580602576, 0.09934438207526275, 0.04383878170814348, 0.6220577638298238, -0.04364208722054208, -0.8169561969413861, 0.3374405586831877, -0.36079110975535333, -0.1964640628603953], [-0.6014778274993645, -0.05591136218212218, -0.6304337416597038, -0.1694545255319811, -0.5405742418502157, 0.11150060428880021, -0.1591711959724112, 0.5534063311084223, 0.049150907358474306, 0.33497695686127343, 0.6738315441836942, -0.08887919292377255]], "inverted": false, "swapped": false, "error_lsq": 0.04009912551341664, "error_max": 0.1721546088719784, "target": "693.xyz", "model": "13.xyz", "model_rescale": 3.9028299243045295, "target_rescale": 3.8328453144764945},
{"mapping": [4, 10, 0, 2, 8, 12, 13, 9, 3, 14, 1, 15], "R": [[-0.5706781204055942, -0.4612243398475358, 0.6794104732947113], [-0.6170002352427681, -0.3051340391590566, -0.7253991507141766], [0.5418830063774907, -0.8331658457226176, -0.11044220624656259]], "T": [-0.009048766860347352, -0.18500877527497947, -0.011643277901473327], "aligned_model": [[-0.4904388388240491, -0.5520971110837919, -0.06051363318933313, 0.45138606895393035, 0.5064816464163899, 0.575142315556467, 0.13567298000121022, -0.393639830051627, -0.35261723954000496, -0.1281302764430138, 0.3484458895171561, -0.08907700631203484], [-0.1735179487474316, 0.323708147705278, -0.6533137903711363, -0.7459509761481564, -0.20772273724551318, 0.19065930670162198, 0.5849933947087994, -0.09572396728657809, -0.6934614558400903, 0.5430085925240519, -0.43127174985410854, -0.17799666436095388], [-0.48860746251411763, -0.05236415901483426, -0.6937416502893988, -0.13611567967801225, -0.5862906728106834, 0.031188490327011036, -0.14876959193654493, 0.65541248711337, -0.12176149367376088, 0.47709075922039135, 0.47183461585973707, 0.06908861357793619]], "inverted": true, "swapped": false, "error_lsq": 0.04423003145445132, "error_max": 0.27632569459967854, "target": "693.xyz", "model": "14.xyz", "model_rescale": 3.942246331269136, "target_rescale": 3.8328453144764945},
{"mapping": [5, 3, 2, 7, 9, 6, 10, 13, 0, 11, 8, 14], "R": [[-0.05758465282976333, -0.9824777460493581, -0.177261068134683], [-0.898306404379482, 0.12845954048150932, -0.4201710964715285], [0.43557962717427756, 0.1350393460331195, -0.8899633494777553]], "T": [-0.1292330902981617, -0.03263335993237719, -0.01209190580937114], "aligned_model": [[-0.37625748830716693, -0.7827090500237839, -0.0638776459813101, 0.48471681764416824, 0.4340256759106193, 0.41922464972265555, 0.16916176074913108, -0.46971834634879556, -0.1403128028759817, 0.21890410236683017, 0.2230860630792441, -0.16562877093431125], [-0.16011292586217535, 0.18456161904052876, -0.5999829504968469, -0.5952105295040396, 0.03563705712321165, -0.0582989130715265, 0.5890390408731231, 0.18298642707794144, -0.7677694065373013, 0.2681996064553813, -0.4928002644607256, -0.1228386088517877], [-0.5826245212204036, -0.21786712703457747, -0.5185413372672039, -0.20587515313323232, -0.5832670265704032, 0.0943260256295551, -0.19507948732339467, 0.693958902820628, -0.025119408238212015, 0.5378272210395049, 0.5007029463761956, -0.021476778897363033]], "inverted": true, "swapped": false, "error_lsq": 0.05142501162772097, "error_max": 0.3058084523068833, "target": "693.xyz", "model": "15.xyz", "model_rescale": 4.355366556412066, "target_rescale": 3.8328453144764945},
{"mapping": [3, 6, 7, 9, 5, 0, 4, 8, 10, 2, 1, 11], "R": [[-0.12076326017662892, -0.7682127231865226, 0.6287013972673032], [-0.5765942332791048, -0.4612614593743565, -0.6743715268641763], [0.8080565111059952, -0.44394490427325156, -0.387243588493109]], "T": [0.021509333680146514, -0.1778335212503378, -0.03380345229175357], "aligned_model": [[-0.24405330497267913, -0.7025771186963571, -0.11128655554825723, 0.4659900854984016, 0.4398095892040544, 0.6387179439325651, -0.008697457216804594, -0.38532869175327694, -0.4597185538225942, 0.11019608271809533, 0.2516352717684359, -0.04407232611028433], [-0.05241797330766329, 0.20989241862859287, -0.74627705925547, -0.7681081049536961, -0.12922463986226068, 0.16486797755879112, 0.5724593923060092, -0.17142399104328238, -0.5613452744162963, 0.3759686345737996, -0.3580435227137557, -0.07293770572898521], [-0.6209698972842266, -0.07205744593058022, -0.711814009498647, -0.09676599932503688, -0.5220881589904495, 0.040515271665939497, -0.20838244526507496, 0.6154098060424008, 0.10248394280592901, 0.5876168841107652, 0.42354069755204515, -0.060524389701971146]], "inverted": false, "swapped": false, "error_lsq": 0.04525615213767373, "error_max": 0.24138446034988845, "target": "693.xyz", "model": "16.xyz", "model_rescale": 3.795458400668931, "target_rescale": 3.8328453144764945},
{"mapping": [6, 5, 3, 7, 8, 11, 9, 2, 0, 10, 4, 12], "R": [[-0.21807199654248377, 0.2571488394088791, -0.9414452074946483], [0.4372648279150191, -0.8366721681416844, -0.32981684815294326], [-0.8724930226611692, -0.4835846952166284, 0.07001262714551543]], "T": [-0.006639293541754521, -0.2170548641989474, -0.01380658132708978], "aligned_model": [[-0.35876894305548934, -0.575799027452898, -0.04901423998017394, 0.3692182262935563, 0.35371241591670116, 0.738739577451977, -0.016944006692853952, -0.34922638974909925, -0.3942323261818774, -0.02109897852259099, 0.25429248910684465, -0.0002638321327974452], [-0.10123085047693711, 0.3062407707250776, -0.6940875970563708, -0.7523809914518188, -0.04396262707393084, 0.09752995744909124, 0.6391603419072428, -0.16698326734694913, -0.6631092259399726, 0.34701526166139673, -0.3726923755490098, -0.1320892450620359], [-0.579461386669037, -0.08305598412946663, -0.664211126488661, -0.07238765173082437, -0.55958354607749, 0.014248683558343068, -0.26823773656170674, 0.6039917362668292, -0.05643913800561949, 0.45578842894695115, 0.5546891163249305, 0.13162286074684396]], "inverted": true, "swapped": false, "error_lsq": 0.03701235337594316, "error_max": 0.23712614634834514, "target": "693.xyz", "model": "17.xyz", "model_rescale": 3.7474275329858107, "target_rescale": 3.8328453144764945},
{"mapping": [3, 8, 11, 7, 1, 2, 0, 5, 10, 4, 9, 13], "R": [[-0.8279758979586714, -0.5603071206294659, -0.0226239468583445], [-0.5205245521793316, 0.7529291282802922, 0.4026809138332553], [-0.20859075477604033, 0.3451864110288767, -0.915060784135658]], "T": [0.029907275290260153, -0.19347222511499157, -0.019980448224253194], "aligned_model": [[-0.3593481992174502, -0.5428843077849907, -0.07129724198294468, 0.5441001990765391, 0.29164717532361634, 0.6730221746900573, 0.17000283652775935, -0.4211778229597757, -0.5934660753464188, -0.16509337284902065, 0.3270322815998532, 0.09807731792407451], [-0.11008021811413185, 0.2407938831490381, -0.7249865722546001, -0.7344704684133201, -0.08110185626827027, 0.10153494737931029, 0.6153573233168803, -0.3289230928277971, -0.48918514073085323, 0.36435471470592445, -0.2774546746680018, -0.11242869348839571], [-0.569630455086238, -0.033292126933640434, -0.4985061071750639, -0.12169485188734204, -0.6503640947011086, -0.07660834026155634, -0.17907283046147174, 0.5290142996949754, -0.03995312249244004, 0.5631401863410983, 0.5736421967689069, -0.019710497625026517]], "inverted": true, "swapped": false, "error_lsq": 0.05164215222275297, "error_max": 0.3535628149217126, "target": "693.xyz", "model": "18.xyz", "model_rescale": 3.922800546911778, "target_rescale": 3.8328453144764945},
{"mapping": [3, 7, 0, 1, 5, 8, 13, 10, 2, 4, 6, 14], "R": [[0.8279960053393514, 0.5580971250105626, 0.05431587426362117], [-0.009147851432156628, 0.11029723846836773, -0.9938565469927879], [-0.5606593724858725, 0.8224123772422182, 0.09643106243608068]], "T": [0.002606623336563677, -0.06473056650263873, -0.060939823806108476], "aligned_model": [[-0.3698537056556634, -0.6201032979622039, -0.08248999922043813, 0.3561523436556836, 0.433624197042126, 0.5791864788061544, 0.019392480575903905, -0.34093550915178805, -0.4133505879908934, 0.08707541123395411, 0.3826869838585318, -0.08076983019006807], [-0.16749942388459385, 0.35761945737425727, -0.6487684222883271, -0.7103630398599975, -0.20506840711611957, 0.13821359268602532, 0.6168525920378113, -0.25064490580394727, -0.631809562319867, 0.24599819344615828, -0.25363267437361103, -0.027487248112006063], [-0.5707055630084549, -0.3293868955091235, -0.6526331426086154, 0.01746398302965667, -0.6749942691402584, -0.033371861612812644, 0.022584901939922422, 0.6447621734355173, 0.07518502196201558, 0.587272950446292, 0.4827721266791701, -0.09198516943221653]], "inverted": true, "swapped": false, "error_lsq": 0.04788485392938908, "error_max": 0.2514557754164792, "target": "693.xyz", "model": "19.xyz", "model_rescale": 3.9282355846067225, "target_rescale": 3.8328453144764945},
{"mapping": [9, 10, 8, 6, 4, 3, 0, 2, 7, 1, 5, 13], "R": [[0.6261868596992621, -0.1886787368460264, 0.7564987448781162], [0.5782387627886286, 0.7632422896100459, -0.28827268437972253], [-0.52300090817192, 0.6179494652582872, 0.587033651878957]], "T": [-0.05853410345750507, -0.22779042016916903, -0.1297244673534934], "aligned_model": [[-0.4868528174551247, -0.7136357820865694, 0.119622175984953, 0.3754302661722985, 0.36718314284986586, 0.6062052476927418, 0.16339286486801133, -0.3855841382029377, -0.3884654540080402, 0.09947053137553022, 0.2639404228284231, -0.07009149501785299], [-0.3123473812215973, 0.3099448635883829, -0.539726461580081, -0.7000262093238399, 0.002891852052662097, 0.057704792000434074, 0.538957852797835, -0.0633193584657537, -0.6752449226696597, 0.29344931527541673, -0.3616039075552402, -0.08727028311277621], [-0.6662112097943373, 0.02492644357506424, -0.8002301163172412, -0.0051759250483470465, -0.5358258837741389, 0.07756554205877741, -0.1848832819600506, 0.6083160159501264, 0.15139392140035718, 0.3849059533092869, 0.47508482716737965, -0.05290203038578359]], "inverted": true, "swapped": false, "error_lsq": 0.047053899721021974, "error_max": 0.30607595358348644, "target": "693.xyz", "model": "20.xyz", "model_rescale": 4.067790424073018, "target_rescale": 3.8328453144764945},
{"mapping": [5, 13, 4, 2, 8, 0, 9, 11, 6, 12, 3, 14], "R": [[0.37643162574913713, -0.10435893886324701, -0.920547903704744], [0.7154213928075952, 0.6640527065664723, 0.21726995561969284], [0.5886182649638917, -0.7403669460349238, 0.3246310573093987]], "T": [-0.02557787070837287, -0.052995629423314886, -0.10745377548376028], "aligned_model": [[-0.3369350952860117, -0.696309564499738, 0.02852109755547854, 0.38763717805708603, 0.19186089319813532, 0.6825347420103123, 0.07175004794318637, -0.3699167523613512, -0.3318949064679873, 0.15333502536589805, 0.22682512231928337, -0.05679282283299289], [-0.13501504893767002, 0.14524184353041258, -0.6718233168308979, -0.6669273952103574, -0.024987335436476854, -0.09681551868952122, 0.7102897207196778, -0.035275247928168205, -0.7075484897408504, 0.3385321275106454, -0.4034582839936088, 0.011197096792598074], [-0.6022220185872602, -0.1381849378093936, -0.614008895551506, -0.0295882377260622, -0.6338602877381301, -0.07407152669231978, 0.0019658296011358933, 0.4394913558052846, 0.05156612688367124, 0.5263522343222893, 0.625494840391216, -0.07597022671783225]], "inverted": false, "swapped": false, "error_lsq": 0.044368343222598944, "error_max": 0.23492563847360137, "target": "693.xyz", "model": "21.xyz", "model_rescale": 4.186013935880536, "target_rescale": 3.8328453144764945},
{"mapping": [8, 9, 5, 3, 11, 4, 10, 1, 2, 7, 0, 12], "R": [[0.0390942817096161, -0.7991433783547591, 0.5998679004325465], [-0.7613608372451791, 0.36497510051855087, 0.5358384565433818], [-0.6471486016726986, -0.47766414648078426, -0.5941680322264528]], "T": [-0.0036714440539261997, -0.12579979800994665, -0.030199791783737745], "aligned_model": [[-0.5295203496271202, -0.42745482264284634, 0.0616492026993633, 0.760428228315733, 0.16425484299110707, 0.6155494660721464, 0.12075813397616864, -0.4304591683647459, -0.5288733925122351, 0.16809665746987176, -0.06233173682386992, 0.038517903447726334], [-0.16998284165958627, 0.3093824952605526, -0.8738023774961695, -0.5897285747427876, -0.047916078393980405, 0.24822264372785027, 0.699309249314459, -0.06837825223782676, -0.6431892793784507, 0.31857418231679735, -0.5864005718832349, -0.13268044304184018], [-0.586256369718883, -0.15855391089925816, -0.21665120718341985, -0.260982017139889, -0.6341044755293683, -0.09568892300106421, -0.026768644376569645, 0.5611361874962972, -0.10875067191768331, 0.5277887607765546, 0.5231485055533409, -0.047352977878964295]], "inverted": false, "swapped": false, "error_lsq": 0.06897296114224581, "error_max": 0.47401217268551044, "target": "693.xyz", "model": "22.xyz", "model_rescale": 4.166573947596378, "target_rescale": 3.8328453144764945},
{"mapping": [1, 6, 4, 8, 7, 10, 13, 11, 3, 14, 9, 15], "R": [[0.5510391109154957, 0.23097906492846262, -0.8018756573224014], [-0.040439768422944576, -0.952408701478733, -0.3021295921909873], [-0.8334989642293257, 0.19891288774829727, -0.5154737041947675]], "T": [-0.08338206028002233, -0.14114280799660844, -0.027896253678337205], "aligned_model": [[-0.4276708639222914, -0.696518549569558, -0.15962978505231956, 0.4504287191454916, 0.43196132741639687, 0.5682362266494695, 0.27839374459911415, -0.49071257845035343, -0.2806128087753821, 0.18961837046194996, 0.19435733647312098, -0.10723617397433927], [-0.09054914537751402, 0.25689904405663055, -0.7462501565254991, -0.7332274140761705, 0.04893752355281772, 0.2270461708113734, 0.6155293506486799, -0.34873793444744805, -0.683346937285026, 0.4037330465677356, -0.3669461401785596, -0.11967725596123674], [-0.6499931608049534, -0.23940029969777965, -0.4376338460322454, -0.1641350559114791, -0.4858048777135852, -0.00011645656805431628, -0.14356236898821031, 0.6148163102780189, 0.14104564771564287, 0.4766419818873326, 0.4541025522836916, -0.08899617026728544]], "inverted": true, "swapped": false, "error_lsq": 0.044267796112084555, "error_max": 0.23338404980506128, "target": "693.xyz", "model": "23.xyz", "model_rescale": 4.274766983524099, "target_rescale": 3.8328453144764945},
{"mapping": [3, 8, 0, 4, 1, 6, 5, 9, 10, 7, 11], "R": [[-0.23525237461250886, 0.6775117736782199, -0.6968745344511942], [0.9666469525854522, 0.23778316404864924, -0.09514639221889537], [0.10124223079542696, -0.6960150597669608, -0.7108537453521361]], "T": [-0.11573474809656932, 0.06703501800866395, 0.08095541108290305], "aligned_model": [[0.3913939982767178, 0.3051664781782547, -0.4580004081394811, -0.45083031820922675, -0.5748149657723071, -0.6619408517686781, -0.03777233568237208, 0.0222144821932002, 0.6062120967241051, 0.291000298440634, -0.05273377028277175], [-0.24837064101172368, 0.5324402132556696, 0.4629765481883843, -0.3006322765996218, 0.5467122452970548, -0.285943631733264, -0.519289403612269, -0.008963299226676477, -0.014088163058146155, 0.6166192002829177, 0.13412573946115836], [-0.5569852797020112, -0.329073259817476, -0.4264216017901453, -0.39925429471168516, 0.2083792359747661, 0.45251407063097554, 0.08619674580802984, 0.6645481735862612, 0.13437678331430203, 0.4974882068165508, 0.0477976539120099]], "inverted": true, "swapped": true, "error_lsq": 0.04261248038017036, "error_max": 0.22492569644279936, "target": "693.xyz", "model": "24.xyz", "model_rescale": 3.7841303162186577, "target_rescale": 3.8328453144764945},
{"mapping": [8, 0, 2, 5, 9, 13, 10, 6, 4, 11, 3, 15], "R": [[0.29858998573214096, -0.43763694159474087, -0.8481261272782965], [-0.30493792544794884, -0.8858312053521896, 0.3497369543639738], [-0.9043544006881268, 0.1541978695569054, -0.39795242803648095]], "T": [-0.046844347293323096, -0.013608976154103614, -0.11340835351455686], "aligned_model": [[-0.4061850047262906, -0.7091382009855082, 0.025685166955538616, 0.32650741957574203, 0.26797365147758084, 0.6418384780275108, 0.05994625918151936, -0.30629572807126887, -0.29713103165426874, 0.1667731124081769, 0.2394360067065756, -0.058795163894008885], [-0.17146355140143432, 0.28553718261720534, -0.5982797588849945, -0.8066413188511335, 0.012756213717863611, 0.03853917038498034, 0.7328344685886798, -0.1946008435173654, -0.6880117660643953, 0.3571277255931246, -0.46874041816205547, -0.03564695223469255], [-0.5554649207409589, -0.22833605428995124, -0.58425076166286, -0.08105241038364042, -0.6056838992600486, 0.25401039150492705, -0.30491045649638127, 0.5361710313213581, 0.08468706655156838, 0.5240470943803925, 0.48650898832730577, -0.04876181307061864]], "inverted": true, "swapped": false, "error_lsq": 0.042919565483070986, "error_max": 0.26329803092935417, "target": "693.xyz", "model": "25.xyz", "model_rescale": 4.19342608120988, "target_rescale": 3.8328453144764945},
{"mapping": [3, 6, 7, 9, 5, 0, 4, 8, 10, 2, 1, 11], "R": [[-0.12076326017662892, -0.7682127231865226, 0.6287013972673032], [-0.5765942332791048, -0.4612614593743565, -0.6743715268641763], [0.8080565111059952, -0.44394490427325156, -0.387243588493109]], "T": [0.021509333680146514, -0.1778335212503378, -0.03380345229175357], "aligned_model": [[-0.24405330497267913, -0.7025771186963571, -0.11128655554825723, 0.4659900854984016, 0.4398095892040544, 0.6387179439325651, -0.008697457216804594, -0.38532869175327694, -0.4597185538225942, 0.11019608271809533, 0.2516352717684359, -0.04407232611028433], [-0.05241797330766329, 0.20989241862859287, -0.74627705925547, -0.7681081049536961, -0.12922463986226068, 0.16486797755879112, 0.5724593923060092, -0.17142399104328238, -0.5613452744162963, 0.3759686345737996, -0.3580435227137557, -0.07293770572898521], [-0.6209698972842266, -0.07205744593058022, -0.711814009498647, -0.09676599932503688, -0.5220881589904495, 0.040515271665939497, -0.20838244526507496, 0.6154098060424008, 0.10248394280592901, 0.5876168841107652, 0.42354069755204515, -0.060524389701971146]], "inverted": false, "swapped": false, "error_lsq": 0.04525615213767373, "error_max": 0.24138446034988845, "target": "693.xyz", "model": "26.xyz", "model_rescale": 3.795458400668931, "target_rescale": 3.8328453144764945},
{"mapping": [9, 11, 2, 0, 3, 7, 10, 8, 1, 5, 6, 12], "R": [[0.5707629984469321, 0.6109424521098288, 0.5486154571408803], [0.7110761209852301, -0.7018699077347129, 0.041825623498809056], [0.41060972926669187, 0.3662348328961831, -0.8350279620497981]], "T": [-0.14947438917192735, -0.10287016675405815, -0.10997079135815163], "aligned_model": [[-0.33118709095673393, -0.6602155973829426, -0.07312876980873212, 0.495772479614742, 0.36667037661435387, 0.6069012474008421, 0.09219748675565642, -0.5045656389299105, -0.29597289151554684, 0.15859842063136087, 0.09184827238847482, 0.0036966701897347964], [-0.23980021369007737, 0.3978072370562571, -0.803604512113646, -0.6050131751732494, -0.05962732237216147, 0.17728855598023774, 0.5671732108348813, -0.07472306432027859, -0.6312970598653243, 0.2036501679083933, -0.4020504669817467, -0.06639320547750241], [-0.47412041221690493, -0.11630697966416512, -0.6372066375756886, -0.26090809459905623, -0.6360897855116086, -0.011914251013094679, -0.09199845027301758, 0.5255366083439041, 0.1128663195526663, 0.5048437304112681, 0.620399991634254, -0.05813778290746365]], "inverted": true, "swapped": false, "error_lsq": 0.038411755931161286, "error_max": 0.17719234594551841, "target": "693.xyz", "model": "27.xyz", "model_rescale": 3.6321398670334006, "target_rescale": 3.8328453144764945},
{"mapping": [12, 8, 6, 13, 4, 1, 3, 10, 9, 0, 11, 14], "R": [[-0.3069309258658899, -0.9492068629088789, -0.06928014256475434], [-0.43103228869671717, 0.07373758210012193, 0.8993185948744181], [-0.8485308319960905, 0.30589066738413717, -0.43177115091134766]], "T": [-0.011372270019390724, -0.038187038573466475, -0.01892033208012462], "aligned_model": [[-0.6000014218096763, -0.471879559370616, 0.056468288157687584, 0.40237137718058935, 0.4137163669092173, 0.628718732586845, 0.11988957139483619, -0.5041447871870973, -0.2982858763117942, 0.011875351396965812, 0.14612470026908944, 0.04576222178525228], [-0.20124955379084203, 0.19226641788077162, -0.5880696371630857, -0.741738488408941, 0.0008786173271679576, 0.08886057383872331, 0.633738660668452, -0.12878225514911726, -0.6333890965215933, 0.2891481751462466, -0.3812112840363119, -0.06704197800568754], [-0.5760882319573354, -0.06197676780400465, -0.56383704459252, -0.0013452431725205008, -0.729019464344249, -0.16524055866965268, -0.07227071773063579, 0.5757555342995525, 0.08101591739338554, 0.5118554211126883, 0.500747742553394, -0.022632330907009574]], "inverted": false, "swapped": false, "error_lsq": 0.04041886004551599, "error_max": 0.19037048413188445, "target": "693.xyz", "model": "28.xyz", "model_rescale": 4.156811204709835, "target_rescale": 3.8328453144764945},
{"mapping": [2, 0, 8, 7, 6, 4, 3, 5, 9, 11], "R": [[-0.7107543457562013, 0.2490133246923419, 0.6578910427375804], [0.5366259720007558, -0.4127608373129991, 0.735976261407198], [0.45481955340873226, 0.8761397464482127, 0.15974454147401473]], "T": [-0.02291219948766063, -0.016944682715548037, 0.09827113025687385], "aligned_model": [[-0.5533312190487463, -0.1532153293348077, 0.057675371293205074, 0.7033477391814673, -0.0686598259288038, -0.6601889380675663, -0.6333426688244852, -0.41443894898057865, 0.35758834741456313, 0.007490846406340568], [-0.23884991748781015, -0.5623259373024407, 0.13217667310788936, 0.23971774399145032, -0.327589218481862, -0.28311914748934375, 0.4437389815380206, 0.2611757351476789, 0.24239523010826428, 0.011400187494356995], [-0.6501315270696614, -0.36748341030597526, -0.6319013244933064, -0.12000997659976458, 0.778269659241308, 0.13142463595943846, -0.32454540642835306, 0.4435793611569753, 0.4898683598564849, 0.009716355657953327]], "inverted": false, "swapped": true, "error_lsq": 0.05602847547043292, "error_max": 0.32182083182319915, "target": "693.xyz", "model": "29.xyz", "model_rescale": 4.117894457231895, "target_rescale": 3.8328453144764945},
