[{"mapping": [10, 6, 8, 7, 9, 5, 12, 3, 0, 2, 1, 13], "R": [[-0.4891123775344922, -0.13842502202382206, -0.8611664156365259], [-0.8112758194760096, 0.43478479049714974, 0.3908883864812043], [0.3203133260981911, 0.8898318376131833, -0.32495949577425776]], "T": [-0.08899644334001265, 0.05446320942859806, -0.09962206353498403], "aligned_model": [[0.7102721481909452, -0.5236765761131361, -0.023156486448839775, 0.4550861938206596, 0.6142928525596768, -0.6718086009889341, 0.25523019412375697, -0.49413422538642954, 0.13939981529672268, -0.08515249631926662, -0.29896324616295705, 0.03216358675392485], [0.24187772107866007, -0.5740502307307632, -0.5649236233966893, -0.44882987903430904, 0.021309666330087712, 0.12464185327136884, 0.5179575920001995, -0.07509012395854922, 0.36720411209691917, -0.3048911687051937, 0.5716073925106918, -0.030745055004125166], [-0.6839802106132238, -0.0757406502803543, -0.571431540995885, -0.24816375304074556, 0.10293207889898608, -0.5769125487602775, -0.1420577485013238, 0.20415353977199846, 0.5677913851005467, 0.5801631234153358, 0.047074729339423096, -0.1674428644400051]], "inverted": true, "swapped": false, "error_lsq": 0.058583177632180024, "error_max": 0.4136475317247462, "target": "694.xyz", "model": "0.xyz", "model_rescale": 3.8414455957264533, "target_rescale": 3.975859598018509},
{"mapping": [1, 13, 11, 0, 3, 8, 5, 9, 2, 7, 6, 14], "R": [[-0.7103866809647292, -0.4285785010653794, -0.5582752295530125], [0.6984011642578786, -0.5274223301393959, -0.48379902793781016], [-0.08710096021948158, -0.7335844560068616, 0.6739935226943665]], "T": [-0.008787436346825652, 0.017116217690645974, -0.08387210137282314], "aligned_model": [[0.7120724926590645, -0.43666208777498666, 0.1282443518006343, 0.30899891209393987, 0.714681393118166, -0.706383846521721, 0.22208540667791907, -0.5630994048626666, 0.0922723058713831, -0.05446208554176212, -0.3598474949251661, 0.05165321673131847], [-0.13440322262848836, -0.5707118686136111, -0.43915661443399284, -0.6252291226396276, 0.3004803407747134, 0.1036167243870284, 0.6308884117058674, -0.15829656516019702, 0.3804506828739326, -0.3438566952405332, 0.6699373004825463, 0.03234888495065999], [-0.5376349393485009, -0.29888006461240757, -0.7904857113691526, 0.02531429891510731, -0.18223118118454307, -0.4446757991822266, -0.018265629208054524, 0.27316890070685085, 0.5504619766422203, 0.4458140176505288, 0.16231612522834007, -0.14851645434368663]], "inverted": false, "swapped": false, "error_lsq": 0.05417865752984008, "error_max": 0.3156445518751036, "target": "694.xyz", "model": "1.xyz", "model_rescale": 4.316132596720782, "target_rescale": 3.975859598018509},
{"mapping": [7, 4, 3, 5, 9, 6, 10, 2, 1, 0, 8, 11], "R": [[-0.0761505855744527, -0.20667366609304466, -0.9754419942058723], [-0.9020574081736095, -0.4025494169238295, 0.15571255342263013], [-0.42484529028315543, 0.8917622792414723, -0.15577713775222574]], "T": [0.05622967892775334, 0.009830626203188421, -0.05796323682264569], "aligned_model": [[0.7267688226241402, -0.48402168126175815, 0.07754869314874589, 0.4029499740507297, 0.7503186364625549, -0.5596340359488907, 0.09201970763735993, -0.5991951404041501, 0.11576588206503766, 0.027602057312221054, -0.39488992093670494, -0.04567983542316274], [0.005953551839757933, -0.531932377951498, -0.2869342614842482, -0.5333467927938338, 0.09663928639042547, 0.1272166500873087, 0.5717957762795859, 0.010719343219594142, 0.27854687749228146, -0.46921681365345536, 0.6122852108697705, -0.03565819383739118], [-0.6502666597783581, -0.15257320606170313, -0.6431923457258338, -0.08039558753691449, 0.1883217216639858, -0.5899673430986467, -0.3410710652800498, 0.4627506175453826, 0.4098447154547183, 0.46511234876119534, 0.08547907159868028, -0.11765672764798116]], "inverted": true, "swapped": false, "error_lsq": 0.04598664757143333, "error_max": 0.26247277655019835, "target": "694.xyz", "model": "2.xyz", "model_rescale": 3.795458400668931, "target_rescale": 3.975859598018509},
{"mapping": [0, 6, 1, 2, 10, 8, 4, 3, 5, 5, 9, 11], "R": [[0.49993306627152345, -0.45665867123894965, 0.7358870750533875], [-0.8642570170907726, -0.3179150795362174, 0.3898587059600452], [0.05591723936062126, -0.8308988266845476, -0.5536067215601068]], "T": [0.06133008288299594, 0.00386775536103255, -0.20608960862853798], "aligned_model": [[0.6317094471187785, -0.3162348783848798, -0.02022729388869516, 0.3352742290560989, 0.6490403227310862, -0.6901902431513132, 0.47907304765051345, -0.5870805185217063, 0.004905320662693703, 0.004905320662693703, -0.5124390060281612, 0.1308174114190138], [0.18157268531843285, -0.44087973488078497, -0.2755174540592079, -0.7121476414527141, -0.13679355338851618, -0.08853254329715461, 0.4537069692586029, -0.09966447010672254, 0.14971130890998596, 0.14971130890998596, 0.5677392339412394, 0.09716214730515112], [-0.7113581341657627, -0.12277894564176403, -0.764266230327244, -0.20472296378770216, 0.21082981476011553, -0.39907230577131053, -0.02145421020543714, 0.24768874675176855, 0.47901660185697514, 0.47901660185697514, 0.1216185405852182, -0.27813197601735673]], "inverted": true, "swapped": false, "error_lsq": 0.07484375424541027, "error_max": 0.5067508625747713, "target": "694.xyz", "model": "3.xyz", "model_rescale": 3.7530521520055578, "target_rescale": 3.975859598018509},
{"mapping": [5, 1, 7, 9, 10, 3, 6, 2, 0, 4, 11], "R": [[0.072300529614996, 0.2560538896753136, 0.9639548946914134], [0.6715480257581441, -0.7270775594599468, 0.14276369156794388], [0.7374251707920816, 0.6370201159397639, -0.22452057671928338]], "T": [0.07504353415828527, -0.06120267516145168, 0.009677763964691494], "aligned_model": [[-0.4956228870274485, -0.3276982271249187, 0.23815705886171643, 0.6425853714372292, 0.39955821604043873, -0.17586265677398102, -0.03792716278436903, -0.615360455160581, -0.49208732278280787, 0.18628957869542842, 0.016168089064498264], [-0.6137992415316988, 0.03720615919802667, -0.3633234654788278, 0.25404252909476344, -0.737667027888534, 0.5694314079798385, -0.38217405377269287, 0.06785205105596535, 0.3089590123632631, 0.34223505148414324, -0.015559064189900718], [-0.3953638826210541, -0.5727056736521726, -0.5184570340711209, -0.35679021300126107, 0.11246246768765364, -0.17500372712065124, 0.5902402449510467, 0.1311629629727112, 0.6924114891938349, 0.5537265578881335, 0.031147585018196026]], "inverted": false, "swapped": true, "error_lsq": 0.05169042304988972, "error_max": 0.30770081157499746, "target": "694.xyz", "model": "4.xyz", "model_rescale": 3.7855080009869324, "target_rescale": 3.975859598018509},
{"mapping": [12, 8, 13, 6, 1, 15, 14, 10, 3, 5, 9, 16], "R": [[0.62424722406737, 0.7600792594232126, -0.18054063985386531], [-0.6698513151480119, 0.639684019779581, 0.3769662722752728], [0.40201320729381673, -0.11438476399108824, 0.9084610651690261]], "T": [0.11370113075183834, -0.08049706788140351, -0.034132541948156285], "aligned_model": [[0.5474412732997105, -0.4123367016590161, 0.0879131634271904, 0.26474288612791014, 0.8580787798301558, -0.5641287675651138, 0.06205322871653242, -0.5498197094485434, -0.010325741286244389, 0.010356828319299974, -0.2896876640576187, 0.10526558362185982], [0.14409348555077744, -0.4368259114856301, -0.28287658449119535, -0.6977453789490601, -0.015574474328121576, 0.12805638253025373, 0.49054546938088484, -0.1316772519044944, 0.369712587255573, -0.18333452306440715, 0.49118048277701, -0.029486026813292772], [-0.5079403458747388, -0.3368268234464765, -0.7292909058289687, -0.18335713336660406, 0.08748534895742605, -0.4540970570620864, -0.3932151416174641, 0.26265855875640715, 0.48001258039876793, 0.7620129583126433, 0.09768656722958374, -0.04874306656401407]], "inverted": true, "swapped": false, "error_lsq": 0.047510246343665345, "error_max": 0.2477885195222666, "target": "694.xyz", "model": "5.xyz", "model_rescale": 4.2253639853439635, "target_rescale": 3.975859598018509},
{"mapping": [0, 8, 1, 9, 7, 10, 3, 5, 6, 11, 2, 13], "R": [[-0.97483693727733, 0.1898525796771583, 0.11682869386278154], [0.1793816042293378, 0.9792293949978191, -0.09450942829323772], [-0.13234494997492158, -0.07117436309608732, -0.9886450446211735]], "T": [0.024056150167835022, -0.04293075530945595, -0.11296834532904357], "aligned_model": [[0.7239538224877692, -0.383568671833503, -0.08873129281123665, 0.2625604953531544, 0.7144214206857779, -0.7093986868939741, 0.3390307871608507, -0.5047796365611107, 0.11240074366804761, -0.033870497611526294, -0.3684327491771752, 0.04596742485904892], [-0.0668031199573601, -0.6584065095771376, -0.2045779704741288, -0.5722399099314759, 0.22501223677258925, -0.00361479430115208, 0.591251344504365, 0.0055924755901747, 0.32901500693061997, -0.31171723285133796, 0.49869902547731354, 0.013857704275827804], [-0.5036549304760835, -0.1429095543176096, -0.8199725550011043, -0.3014993073655956, 0.1716253339467276, -0.3756672824981304, -0.07279976276514337, 0.23158857767283594, 0.4043029093082505, 0.6150097599604367, -0.0604206860752656, -0.10921696249484283]], "inverted": true, "swapped": false, "error_lsq": 0.05247295602689115, "error_max": 0.29080630164432675, "target": "694.xyz", "model": "6.xyz", "model_rescale": 3.89814844738969, "target_rescale": 3.975859598018509},
{"mapping": [3, 9, 6, 8, 7, 5, 0, 10, 4, 11, 2, 12], "R": [[0.08679992207012913, -0.9802768389118878, 0.17754743766536452], [0.6853620046998848, -0.07058447387334268, -0.7247735884824851], [0.7230108547196056, 0.1845945588064296, 0.6657177726459502]], "T": [0.06695770616027776, 0.05997971000617541, -0.06725520077318223], "aligned_model": [[0.6969608394111941, -0.5176522435820172, 0.05240059652909501, 0.31062470331352054, 0.6837331279598491, -0.5723894844047009, 0.2712925141844364, -0.5832734851783309, 0.07222251094111537, 0.13049544670455576, -0.3769424071426226, -0.057918959409972146], [-0.03277438592699004, -0.6029164837744958, -0.1756497868934658, -0.5643996130197647, 0.15052227941980276, -0.0024360990160610108, 0.49992637677278934, 0.01883602745518232, 0.36809689690327635, -0.4944971672002172, 0.5860746375316803, 0.09528557420656118], [-0.5641200379789968, -0.19666046329377737, -0.7010080562127345, -0.15925317787444307, 0.13929939669173771, -0.50304877659274, -0.4074089955469361, 0.27099065396659605, 0.49890013952973356, 0.5191394763794885, 0.0992520397978281, 0.040303341028719006]], "inverted": false, "swapped": false, "error_lsq": 0.04167828492502431, "error_max": 0.27818696657149866, "target": "694.xyz", "model": "7.xyz", "model_rescale": 3.7474275329858107, "target_rescale": 3.975859598018509},
{"mapping": [13, 0, 12, 1, 4, 10, 9, 3, 8, 2, 5, 14], "R": [[0.9709129462017121, 0.18510701167833954, 0.15186653721418247], [-0.054822605168167046, -0.44555775851421786, 0.8935730332716859], [0.2330719478197384, -0.8759073455881629, -0.4224497474069693]], "T": [-0.05774205724919021, 0.011826392119062992, -0.1912019369510699], "aligned_model": [[0.786732693164007, -0.5386984488612682, 0.16862350150339417, 0.021557460500158707, 0.6327453549883348, -0.5653894038880243, 0.011288851902419156, -0.4401478508500455, 0.1719050408155305, 0.29766235977283517, -0.4298148355101644, -0.006911564211054301], [-0.061885748645503565, -0.4326944297136199, -0.21940178149010914, -0.72216306055694, 0.10578879513325633, -0.022035495271335047, 0.7695900722637214, -0.0403488752183005, 0.35106742081636666, -0.3734722085406548, 0.5063817821856225, -0.014758214504206205], [-0.4904355328440473, -0.11843225953219375, -0.7164968868024391, -0.050585828716788794, 0.16464078983542813, -0.7537060735769029, -0.22820705448533535, 0.4130977300051407, 0.3541310353285937, 0.4674498561389845, 0.16935080240221917, -0.17442103785818325]], "inverted": false, "swapped": false, "error_lsq": 0.06332304356163902, "error_max": 0.38118111320006504, "target": "694.xyz", "model": "8.xyz", "model_rescale": 4.019505241142653, "target_rescale": 3.975859598018509},
{"mapping": [10, 8, 9, 11, 6, 7, 1, 4, 2, 5, 0, 12], "R": [[-0.007626035334225699, -0.9868787115282422, 0.16128314331459895], [0.700023691715099, 0.10990692261811166, 0.7056112948346139], [-0.7140788994380419, 0.11828303806113838, 0.6900003248436787]], "T": [0.06476421704739882, 0.0224082541245655, -0.03240762356050566], "aligned_model": [[0.836280818784443, -0.339532435694711, 0.031882001563673615, 0.2117795928334174, 0.7381305893347323, -0.7801184192768658, 0.18362647853702452, -0.679275510636969, 0.20719523744136564, 0.0646073849028728, -0.42823017124144974, 0.06320759277858914], [0.16541356119560952, -0.4498493895401743, -0.24107557179731998, -0.5762819528157729, -0.08732009557853841, 0.0738517336843383, 0.5241103969638354, -0.07064129360868684, 0.43911135063222945, -0.36170478450610094, 0.4415385319809645, -0.011084230152086455], [-0.504097536121107, -0.29632781219308324, -0.6623561094011259, -0.11729601728556027, 0.21779080950998095, -0.35351646698316724, -0.4688386316644362, 0.32162816070025213, 0.36261654786083414, 0.5180302640340458, 0.030301397886264812, -0.01154906644842247]], "inverted": true, "swapped": false, "error_lsq": 0.051555783665870186, "error_max": 0.26727307705535785, "target": "694.xyz", "model": "9.xyz", "model_rescale": 3.877068213659057, "target_rescale": 3.975859598018509},
{"mapping": [14, 3, 13, 6, 10, 4, 9, 5, 11, 12, 8, 15], "R": [[-0.20632885168063933, -0.8024919576065106, -0.5598527154002377], [0.8147541492280681, -0.45774943773060994, 0.3558667286681315], [-0.5418524534223277, -0.3827167493515031, 0.7482805680264744]], "T": [-0.0868085225000269, 0.03248719262993039, -0.118931357529169], "aligned_model": [[0.5645018782448002, -0.3699181165323131, 0.1653375904823442, 0.24224128205341655, 0.6011090147648724, -0.6325104958568183, 0.2874868826775219, -0.6759276025376516, 0.23937810438594054, -0.02136974296409945, -0.1801765274370345, -0.11059910795485622], [0.13209217157103317, -0.5312943812870191, -0.30477711744079644, -0.48660312906752756, 0.05807705182605715, -0.059884891210784184, 0.5521599631849966, -0.28647921156521067, 0.3053177269683349, -0.3525630942496073, 0.7721854698202802, 0.04783769790854103], [-0.5377334070589448, -0.18792872999237417, -0.7672473443936527, -0.06817666150783391, 0.05231524970611745, -0.5085047577330316, -0.2785824305172614, 0.28380253075560696, 0.4842444545166054, 0.5179746468548092, 0.07969343997559689, -0.03347145071116202]], "inverted": true, "swapped": false, "error_lsq": 0.04643393474345676, "error_max": 0.24659792124019464, "target": "694.xyz", "model": "10.xyz", "model_rescale": 4.260839863003843, "target_rescale": 3.975859598018509},
{"mapping": [0, 2, 3, 1, 7, 4, 6, 9, 10, 8, 10, 11], "R": [[0.8272640723117533, -0.13488591144960244, -0.5453805511334123], [0.13791703597008703, 0.9898037038385699, -0.03560223387197267], [0.5446219292788349, -0.045764820111729165, 0.8374321079280046]], "T": [-0.012520130345678887, -0.03881828220865797, -0.11523812693906657], "aligned_model": [[0.766940303537809, -0.3368822216987836, 0.014968599218869122, 0.38106972495873465, 0.5597342047685645, -0.7149374545374753, 0.3781282057415195, -0.6522278060337542, -0.13846359815478618, -0.05577563050435091, -0.13846359815478618, 0.04546243018456236], [0.10078890624562348, -0.6330648459699898, -0.32269470273844336, -0.6394940575071348, 0.08755969783712786, 0.09111060396329229, 0.6522129880192753, -0.024228615574569096, 0.4784575086986336, -0.3622698395611796, 0.4784575086986336, -0.060766895652971865], [-0.4933724078461058, -0.2248619441155303, -0.765231680004703, -0.2020498883099565, 0.1782907666723589, -0.27595914552274337, -0.3856544647104745, 0.36046607994844637, 0.2162702305719517, 0.5243879034966832, 0.2162702305719517, -0.11217014085740298]], "inverted": false, "swapped": false, "error_lsq": 0.06087536531913402, "error_max": 0.3829209536773774, "target": "694.xyz", "model": "11.xyz", "model_rescale": 3.890672605050136, "target_rescale": 3.975859598018509},
{"mapping": [10, 6, 11, 9, 12, 1, 4, 8, 7, 5, 3, 13], "R": [[0.07090366936612297, -0.5518503426753573, -0.8309235036749836], [-0.9810193152804147, 0.11214503895150973, -0.158191634688155], [0.18048205649638915, 0.826368373988051, -0.5334243505457724]], "T": [-0.08954758271227334, -0.07502579243580593, -0.18305819086990593], "aligned_model": [[0.7177589327434301, -0.46941869972177086, 0.11854582312775677, 0.2709413811736706, 0.5891854226069055, -0.6542102582430094, 0.09856130471555938, -0.5647956613625397, 0.20708840886492783, 0.19614146777270794, -0.4032229241177706, 0.0029779617662553104], [0.09193176046413246, -0.5031909231672276, -0.30274535028682675, -0.7500339337125228, 0.03945891104998832, 0.02348853053647243, 0.5756978503618855, -0.03752489473942226, 0.31113568415298903, -0.345126264130275, 0.7012692311185045, 0.04170765481060015], [-0.5293555631888369, -0.24962319090189433, -0.6386930241665759, -0.04081849124989215, 0.10215560070272833, -0.7091278454043818, -0.36258766198790066, 0.35724171867046084, 0.5168350672603418, 0.4880600427212213, 0.20686099639970362, -0.1045621089604985]], "inverted": true, "swapped": false, "error_lsq": 0.041362614938890284, "error_max": 0.284832195334148, "target": "694.xyz", "model": "12.xyz", "model_rescale": 4.124412569039231, "target_rescale": 3.975859598018509},
{"mapping": [11, 4, 10, 2, 8, 5, 9, 0, 6, 1, 3, 12], "R": [[0.1726826087236508, 0.874566213296816, -0.4531166022163201], [-0.7035780810582214, -0.21241935850906687, -0.6781267580511977], [-0.6893174888966808, 0.4359036071085728, 0.5786444891389788]], "T": [-0.12104196049880132, 0.11264931560473554, -0.0934905759486225], "aligned_model": [[0.7387658613791195, -0.37079863243526645, 0.12062895153386945, 0.3641493963060148, 0.577529836526117, -0.7327823299942675, 0.22688078661455846, -0.62716163145811, 0.20252007370235653, 0.08422188299009693, -0.4012943486049545, -0.0731066872334118], [-0.13281831872671282, -0.6276390024372561, -0.1853048930057716, -0.5980810800296229, 0.045888615527963, -0.026630796165348053, 0.6362074607480476, -0.00190059505632309, 0.3717662237548913, -0.3149493135197692, 0.6492970036517977, 0.030232951716402487], [-0.5305592333352654, -0.18220960853637488, -0.7239095891026474, -0.13646924103085586, 0.056297855597602364, -0.5178968080742549, -0.20958494573277653, 0.16629508576042965, 0.4316559300079459, 0.5682423504164953, 0.28363172999530895, -0.16910798607113178]], "inverted": false, "swapped": false, "error_lsq": 0.034063179952797, "error_max": 0.19463621002759618, "target": "694.xyz", "model": "13.xyz", "model_rescale": 3.9028299243045295, "target_rescale": 3.975859598018509},
{"mapping": [7, 5, 10, 4, 6, 13, 9, 12, 1, 2, 11, 15], "R": [[-0.9329648700067653, -0.35939442839681324, -0.020302614870700612], [-0.3577466264477973, 0.919477613705242, 0.1630284305271153], [-0.03992370972843381, 0.1593629904721991, -0.9864124566677359]], "T": [0.011965559568426131, -0.14297554043330396, 0.014969331185196097], "aligned_model": [[0.6489341749695956, -0.3326005009745299, 0.019203012302469204, 0.23613668067358987, 0.5324558436722776, -0.6540629808501457, 0.3486734403808874, -0.6420957077434957, 0.038262943300360786, 0.06414760857745824, -0.22778842142800917, 0.07828706644566437], [0.031648078116929185, -0.4727209950047603, -0.15147959128048116, -0.6599216373354256, 0.21650295722182095, -0.12414492822017614, 0.48328220395256005, 0.029588553680426455, 0.32500393197139726, -0.3143399853842193, 0.554161699899176, -0.07151203115894919], [-0.6050351290209467, -0.17115965303414654, -0.730166832509793, -0.3616967214965195, 0.22538163150612184, -0.419429958854302, -0.2936963407953039, 0.17826593551583342, 0.46497201646549435, 0.7291549025345955, 0.06369699351268168, -0.0439013039292396]], "inverted": false, "swapped": false, "error_lsq": 0.04680797472763488, "error_max": 0.2708553987990483, "target": "694.xyz", "model": "14.xyz", "model_rescale": 3.942246331269136, "target_rescale": 3.975859598018509},
{"mapping": [7, 11, 6, 8, 0, 10, 5, 4, 1, 12, 3, 14], "R": [[-0.8297621300855977, 0.2850587738860388, -0.4798294518955668], [0.4138579163311631, -0.2625541276372005, -0.8716575905426952], [-0.37445484716563615, -0.9218496761898097, 0.09988364201861721]], "T": [-0.05775062085469032, 3.757031384770369e-05, -0.1291917197887965], "aligned_model": [[0.6061681687913874, -0.3596426322473527, 0.03716437336703583, 0.393364398076389, 0.6650611598763548, -0.6062532078717471, 0.09066168569357555, -0.6310048688528423, 0.2227093868349612, 0.010904582191755607, -0.346174520157001, 0.02659463362360706], [-0.08225815603680738, -0.6296826686161047, -0.3120821841283857, -0.6270048206812961, -0.012520586069822601, 0.07692474281510552, 0.6162426718583336, -0.014573335861329815, 0.4535422611238816, -0.09375322928733593, 0.4519530059845788, 0.019280555357480078], [-0.661562607712192, -0.2917483523690956, -0.5834623352783201, -0.17560298865419727, 0.005355317387487846, -0.5788958344948105, -0.09687116464678916, -0.007412963450024096, 0.48098621760376026, 0.6798608169278065, 0.34948564944274596, -0.0837462148618963]], "inverted": false, "swapped": false, "error_lsq": 0.05023152507857631, "error_max": 0.25266779876490575, "target": "694.xyz", "model": "15.xyz", "model_rescale": 4.355366556412066, "target_rescale": 3.975859598018509},
{"mapping": [7, 4, 3, 5, 9, 6, 10, 2, 1, 0, 8, 11], "R": [[-0.0761505855744527, -0.20667366609304466, -0.9754419942058723], [-0.9020574081736095, -0.4025494169238295, 0.15571255342263013], [-0.42484529028315543, 0.8917622792414723, -0.15577713775222574]], "T": [0.05622967892775334, 0.009830626203188421, -0.05796323682264569], "aligned_model": [[0.7267688226241402, -0.48402168126175815, 0.07754869314874589, 0.4029499740507297, 0.7503186364625549, -0.5596340359488907, 0.09201970763735993, -0.5991951404041501, 0.11576588206503766, 0.027602057312221054, -0.39488992093670494, -0.04567983542316274], [0.005953551839757933, -0.531932377951498, -0.2869342614842482, -0.5333467927938338, 0.09663928639042547, 0.1272166500873087, 0.5717957762795859, 0.010719343219594142, 0.27854687749228146, -0.46921681365345536, 0.6122852108697705, -0.03565819383739118], [-0.6502666597783581, -0.15257320606170313, -0.6431923457258338, -0.08039558753691449, 0.1883217216639858, -0.5899673430986467, -0.3410710652800498, 0.4627506175453826, 0.4098447154547183, 0.46511234876119534, 0.08547907159868028, -0.11765672764798116]], "inverted": true, "swapped": false, "error_lsq": 0.04598664757143333, "error_max": 0.26247277655019835, "target": "694.xyz", "model": "16.xyz", "model_rescale": 3.795458400668931, "target_rescale": 3.975859598018509},
{"mapping": [3, 9, 6, 8, 7, 5, 0, 10, 4, 11, 2, 12], "R": [[0.08679992207012913, -0.9802768389118878, 0.17754743766536452], [0.6853620046998848, -0.07058447387334268, -0.7247735884824851], [0.7230108547196056, 0.1845945588064296, 0.6657177726459502]], "T": [0.06695770616027776, 0.05997971000617541, -0.06725520077318223], "aligned_model": [[0.6969608394111941, -0.5176522435820172, 0.05240059652909501, 0.31062470331352054, 0.6837331279598491, -0.5723894844047009, 0.2712925141844364, -0.5832734851783309, 0.07222251094111537, 0.13049544670455576, -0.3769424071426226, -0.057918959409972146], [-0.03277438592699004, -0.6029164837744958, -0.1756497868934658, -0.5643996130197647, 0.15052227941980276, -0.0024360990160610108, 0.49992637677278934, 0.01883602745518232, 0.36809689690327635, -0.4944971672002172, 0.5860746375316803, 0.09528557420656118], [-0.5641200379789968, -0.19666046329377737, -0.7010080562127345, -0.15925317787444307, 0.13929939669173771, -0.50304877659274, -0.4074089955469361, 0.27099065396659605, 0.49890013952973356, 0.5191394763794885, 0.0992520397978281, 0.040303341028719006]], "inverted": false, "swapped": false, "error_lsq": 0.04167828492502431, "error_max": 0.27818696657149866, "target": "694.xyz", "model": "17.xyz", "model_rescale": 3.7474275329858107, "target_rescale": 3.975859598018509},
{"mapping": [7, 3, 11, 1, 2, 10, 9, 8, 6, 0, 4, 13], "R": [[0.70891199476691, 0.7052452973830784, -0.008535466867957475], [0.21305151423955496, -0.20259124132565492, 0.9558063827043441], [0.672348745782896, -0.6794011035148411, -0.2938729395282646]], "T": [-0.0141554261310497, 0.025365954295586378, -0.19305428996791346], "aligned_model": [[0.5870363423067619, -0.35277433084930954, 0.020214166940243965, 0.29020439585805496, 0.5764126388981776, -0.5773080163505812, 0.2295462297841411, -0.6440721899580087, 0.2831409267451111, 0.011609207481349795, -0.3543606207216601, 0.03990440919184192], [0.03393074854866169, -0.5612590040907464, -0.3918935210527919, -0.5896063125498736, -0.012116021355015945, -0.01115539743043837, 0.6477651050363296, -0.08894859355307844, 0.4983268597285899, -0.21836756126271986, 0.5178405168448666, 0.021551437594514763], [-0.6468321914773594, -0.235452130418503, -0.7816542586309811, -0.10534667011995763, 0.1989370184544091, -0.5905020493786226, -0.1621841439126897, 0.1340412710209608, 0.338849528366622, 0.606365842271247, 0.38223264090751136, -0.10206931718816141]], "inverted": false, "swapped": false, "error_lsq": 0.04669758336058932, "error_max": 0.24948150124652685, "target": "694.xyz", "model": "18.xyz", "model_rescale": 3.922800546911778, "target_rescale": 3.975859598018509},
{"mapping": [9, 13, 7, 11, 2, 12, 0, 8, 1, 6, 5, 14], "R": [[-0.7837667986604657, -0.0971575093185748, 0.6134085292042621], [0.5533336280455956, -0.5577384359087192, 0.6186677082117622], [0.2820133000257674, 0.8243107760384469, 0.49089738552519285]], "T": [-0.007620364837670821, -0.05924139576019692, -0.006334831656681472], "aligned_model": [[0.6864596726407857, -0.4018324998628965, 0.03813767798501166, 0.20172422174854562, 0.6757304292512524, -0.5542349403240788, 0.15977991414777162, -0.5067495099520194, 0.18427182388636507, 0.08124896004758578, -0.4673778950714452, 0.012395304829245437], [-0.13194492793031315, -0.5799147643195082, -0.26904269378269796, -0.681093885908445, 0.1555679289308789, 0.10902678657384625, 0.7430564112945452, -0.11302330509479055, 0.3889243536127, -0.24754967145768425, 0.5497119367620734, -0.07764991222230669], [-0.42551293688031666, -0.21919577850259364, -0.7758155890013771, -0.283314862222558, -0.002138519991855492, -0.5462536859730726, -0.16985244865138283, 0.34347691306805467, 0.5507180140694439, 0.6512440672682988, 0.011901735703334436, -0.09887136899149991]], "inverted": true, "swapped": false, "error_lsq": 0.04800146784581342, "error_max": 0.270143202761854, "target": "694.xyz", "model": "19.xyz", "model_rescale": 3.9282355846067225, "target_rescale": 3.975859598018509},
{"mapping": [0, 2, 1, 10, 11, 5, 4, 7, 9, 12, 8, 13], "R": [[0.6653311428072846, 0.3411998062183319, -0.6640159355371867], [0.600700610126281, -0.7727991678281474, 0.2047931229266169], [-0.44327558855035804, -0.5351300201266, -0.7191262852619407]], "T": [-0.12292764274987715, 0.11402985975036076, -0.09513091414806381], "aligned_model": [[0.5142573590815475, -0.3251452454192626, 0.018233582661326145, 0.3437482002594987, 0.5826464469977773, -0.6019566733569146, 0.2201428742671298, -0.5958594992882063, 0.15330684862121485, -0.09838890376313035, -0.05731211645062195, -0.04411971428423571], [0.07009778925482846, -0.6525298525824913, -0.28175643297588293, -0.5953862709572507, 0.18097499136246165, -0.0334714877581454, 0.605332971534922, -0.16314986471540568, 0.2098514568351528, -0.28506561650489903, 0.7789195845601413, 0.012250988404866048], [-0.5770668381254132, -0.3192078182651529, -0.7155561838115714, 0.050391455385951564, 0.009972485207816725, -0.5814072682590247, -0.29585888341070127, 0.20084988893874728, 0.5317163978401575, 0.6551456991014049, 0.2685142916212843, -0.19110768632902397]], "inverted": true, "swapped": false, "error_lsq": 0.04869920941928373, "error_max": 0.33688540789353966, "target": "694.xyz", "model": "20.xyz", "model_rescale": 4.067790424073018, "target_rescale": 3.975859598018509},
{"mapping": [4, 11, 6, 13, 5, 3, 8, 12, 7, 9, 0, 14], "R": [[0.7290040473648891, -0.6815650224214616, -0.06342096764669614], [0.03606080106498277, -0.05428341616317134, 0.9978742051762877], [-0.6835588618050112, -0.7297413452321917, -0.014995049401353683]], "T": [0.0482411512564979, -0.021504416537818177, -0.09627611435981775], "aligned_model": [[0.523078113546199, -0.3130770338833015, 0.0628786664823299, 0.3362940739709726, 0.6303178113708182, -0.7036503147042681, 0.43954085346539457, -0.6243719044343016, 0.12893125540380024, -0.13309709485022958, -0.2658511036290954, 0.028559836587804574], [0.3501788267349373, -0.5456154093768056, -0.223066271940122, -0.6538334691141837, -0.09391990110959027, -0.004560537702891075, 0.3711183544661466, -0.18571403221321425, 0.42872715763135905, -0.1338019631633024, 0.6115251620246882, -0.0749696597787243], [-0.6243423229454583, -0.20936497434063328, -0.8081156077079783, -0.010783494440185892, -0.16267551347064801, -0.49391558050498996, 0.03751401780788202, 0.23181037779082164, 0.49316819507291265, 0.6510896602042331, -0.025018570149973954, -0.04298064742150613]], "inverted": true, "swapped": false, "error_lsq": 0.06444567479074585, "error_max": 0.4479076798088174, "target": "694.xyz", "model": "21.xyz", "model_rescale": 4.186013935880536, "target_rescale": 3.975859598018509},
{"mapping": [10, 8, 9, 11, 4, 2, 7, 5, 6, 3, 0, 12], "R": [[-0.5748651916174978, -0.16661768194543347, 0.8011045871356046], [-0.6554879439404647, -0.492233579060684, -0.5727492112555123], [0.4897607240431591, -0.8543679837799633, 0.17375206898474843]], "T": [-0.019983456659896454, 0.024010256580948533, -0.15052767102827871], "aligned_model": [[0.7186460714796427, -0.35294395734656314, 0.0834045521348093, 0.15680817653898793, 0.64922904236081, -0.7456696226524746, 0.42619158306939753, -0.5798061181108976, 0.12990482094491415, 0.0634176280133513, -0.43946085033670945, -0.00016816676914534895], [0.04076815858239581, -0.545100502182694, -0.1090936683152524, -0.5746385519822508, -0.02181226616143532, -0.07367522866650782, 0.5915016389989761, -0.17015022322583095, 0.32452232741642084, -0.19402484633967348, 0.569974537772348, 0.007796880561801882], [-0.5384001056233875, -0.5415754685486983, -0.7480601178903921, -0.05393418704207968, 0.12816763989827792, -0.26687343727678625, -0.2816959014985114, 0.3469048087335225, 0.2934079645497111, 0.7426932466098538, 0.06799043088467022, -0.1122393329017049]], "inverted": false, "swapped": false, "error_lsq": 0.0522044110584522, "error_max": 0.30076938054669444, "target": "694.xyz", "model": "22.xyz", "model_rescale": 4.166573947596378, "target_rescale": 3.975859598018509},
{"mapping": [10, 1, 7, 5, 14, 4, 9, 2, 12, 6, 11, 15], "R": [[-0.002444225184090376, 0.5385532098801309, 0.8425879573617567], [0.6518087890571549, -0.6381471642819654, 0.4097724969135094], [0.7583794091819049, 0.5502078124188117, -0.34947394020471806]], "T": [-0.02922654053657646, 0.07434498940827622, -0.15625250454835776], "aligned_model": [[0.6224391618717923, -0.3829432415451247, 0.2525225378723207, 0.2574915014319893, 0.7038296253687445, -0.6689515972508207, 0.10770415335883403, -0.5975029586186682, 0.19677032409569828, -0.1313671444093586, -0.20463552556088016, -0.045803677288404156], [0.00646063299154348, -0.53736874845224, -0.3560605669221991, -0.7058179303985892, 0.3016149560309517, -0.018817425463077242, 0.634974485011712, -0.050333160518928693, 0.2411151206311348, -0.36585580850435967, 0.688277303251279, 0.007879398801070497], [-0.5191088942710304, -0.06249825553805158, -0.65300008787998, -0.1704145725288492, 0.035983764453525635, -0.5054317273435991, -0.32176298763282185, 0.18186953077558982, 0.4357732514264215, 0.45603679514946166, 0.30679406915511354, -0.14785534587130428]], "inverted": false, "swapped": false, "error_lsq": 0.046448689524785286, "error_max": 0.25097388511273805, "target": "694.xyz", "model": "23.xyz", "model_rescale": 4.274766983524099, "target_rescale": 3.975859598018509},
{"mapping": [2, 6, 4, 3, 8, 9, 1, 7, 5, 10, 11], "R": [[0.5544227625044512, -0.3496169596096013, 0.7552373017603614], [-0.3098172504988986, -0.928960085245662, -0.20259918882778127], [0.7724174206413496, -0.1216599423545427, -0.6233539818723016]], "T": [-0.10287261735209981, 0.12074146660856014, 0.012134180700382805], "aligned_model": [[0.26883836536531774, 0.19987167505988856, -0.4836352400032139, -0.39265375351302684, -0.3960075903376458, -0.7134210425864279, 0.10780160246180713, 0.017050598666554187, 0.696873621396093, 0.1719710715432814, -0.0967946040945523], [-0.15624244631610137, 0.6597930558963204, 0.4160348831994407, -0.4131410004124827, 0.5661320056946639, -0.04284617864680815, -0.5570775615217554, -0.08165724117056652, -0.21075248859897247, 0.6448019165195393, 0.09054158660020531], [-0.5293289313512793, -0.25358573967188774, -0.4766892998993194, -0.3424880424468802, 0.22922709954096787, 0.40742111037768153, 0.0971837637810784, 0.5964821456395822, 0.22567475335812542, 0.4846805658314548, -0.059010991137946237]], "inverted": true, "swapped": true, "error_lsq": 0.04519343962653707, "error_max": 0.2148293070524574, "target": "694.xyz", "model": "24.xyz", "model_rescale": 3.7841303162186577, "target_rescale": 3.975859598018509},
{"mapping": [10, 6, 7, 11, 14, 1, 9, 4, 12, 3, 2, 15], "R": [[-0.055898974041680996, 0.9412770334689403, 0.3329757513168172], [-0.9835034027706716, 0.005552715245786724, -0.18080438073207517], [-0.17203593066449074, -0.3375895638453752, 0.9254387742812011]], "T": [-0.0012744720599944925, 0.02615498359582691, -0.17629784600874276], "aligned_model": [[0.6095016858131004, -0.35354904588874175, 0.08298358219029953, 0.36996766453547714, 0.7106689733101084, -0.6647177296556682, 0.27214104357893737, -0.664046816674207, 0.2596597463014369, -0.15436077440746607, -0.3294049686370861, -0.029290201140067876], [0.05267910302284149, -0.5939892957213921, -0.40660457114175946, -0.642658528503843, 0.3109966873772453, 0.10792949935432827, 0.5386737025392911, -0.04389325727881148, 0.33527673968646604, -0.4047662865952476, 0.625073752938703, -0.032649289219524105], [-0.6574465354381127, -0.060754998082398176, -0.6542364489459189, -0.11075906961171489, 0.0269278824116701, -0.5021695482575064, -0.10767403770163315, 0.1591576741773223, 0.465207399509705, 0.48693162450929794, 0.14373295387168683, -0.15253135654792255]], "inverted": false, "swapped": false, "error_lsq": 0.047327549340965995, "error_max": 0.24800510268495685, "target": "694.xyz", "model": "25.xyz", "model_rescale": 4.19342608120988, "target_rescale": 3.975859598018509},
{"mapping": [7, 4, 3, 5, 9, 6, 10, 2, 1, 0, 8, 11], "R": [[-0.0761505855744527, -0.20667366609304466, -0.9754419942058723], [-0.9020574081736095, -0.4025494169238295, 0.15571255342263013], [-0.42484529028315543, 0.8917622792414723, -0.15577713775222574]], "T": [0.05622967892775334, 0.009830626203188421, -0.05796323682264569], "aligned_model": [[0.7267688226241402, -0.48402168126175815, 0.07754869314874589, 0.4029499740507297, 0.7503186364625549, -0.5596340359488907, 0.09201970763735993, -0.5991951404041501, 0.11576588206503766, 0.027602057312221054, -0.39488992093670494, -0.04567983542316274], [0.005953551839757933, -0.531932377951498, -0.2869342614842482, -0.5333467927938338, 0.09663928639042547, 0.1272166500873087, 0.5717957762795859, 0.010719343219594142, 0.27854687749228146, -0.46921681365345536, 0.6122852108697705, -0.03565819383739118], [-0.6502666597783581, -0.15257320606170313, -0.6431923457258338, -0.08039558753691449, 0.1883217216639858, -0.5899673430986467, -0.3410710652800498, 0.4627506175453826, 0.4098447154547183, 0.46511234876119534, 0.08547907159868028, -0.11765672764798116]], "inverted": true, "swapped": false, "error_lsq": 0.04598664757143333, "error_max": 0.26247277655019835, "target": "694.xyz", "model": "26.xyz", "model_rescale": 3.795458400668931, "target_rescale": 3.975859598018509},
{"mapping": [8, 0, 1, 6, 5, 2, 11, 3, 10, 7, 4, 12], "R": [[-0.48450217002055135, 0.04318604501082713, 0.8737234189156768], [0.0802641251179734, 0.9967622694687079, -0.004759031691139733], [-0.8711000616831703, 0.06782288463279759, -0.48639977267229795]], "T": [-0.016757913749899933, 0.08326865533554391, -0.2149836708139078], "aligned_model": [[0.654178969975695, -0.47226890957611434, 0.041444066441738675, 0.49334169278712575, 0.5774736428828584, -0.7525157990578348, 0.26388555387893153, -0.6006162075279462, 0.1709232216279311, -0.005838456638854073, -0.26824000529935205, 0.00778538983194401], [0.07747622177483894, -0.5996038062781779, -0.25039811627687925, -0.5599981544662999, -0.16778147364544554, -0.20496072029126322, 0.740700047836316, -0.014060469332996525, 0.34908613267939287, -0.2693657381347489, 0.7589898041279491, -0.014015471534387827], [-0.49881787572269676, -0.08281663277514303, -0.7004032682497182, -0.2997961845957549, 0.17324713388952095, -0.6028226517482367, -0.23943361897530574, 0.22627939485746834, 0.4188958829430126, 0.516957480254711, 0.20812490785257381, -0.08302902783595592]], "inverted": false, "swapped": false, "error_lsq": 0.052398484750955966, "error_max": 0.3043063272236751, "target": "694.xyz", "model": "27.xyz", "model_rescale": 3.6321398670334006, "target_rescale": 3.975859598018509},
{"mapping": [0, 13, 11, 1, 3, 9, 8, 6, 7, 4, 12, 14], "R": [[0.7390752079774432, 0.06573123036432818, -0.6704082653934771], [-0.25534883796483104, -0.8936152087046992, -0.36911899127742986], [-0.6233496674444525, 0.4439946667770329, -0.6436644529337021]], "T": [0.08317653861307274, 0.015491595806383892, -0.189856109389079], "aligned_model": [[0.5574182229364734, -0.4556845490015693, -0.02798544710822347, 0.30857553921123815, 0.7140105429994685, -0.5003275474365347, 0.16893662924947672, -0.5774336792970329, 0.24206701656479146, -0.003304873866458405, -0.3861389554058014, 0.06942026048029469], [0.03304853867321391, -0.5827403131637281, -0.2865587001481163, -0.5423964668113886, 0.08935674961685884, 0.10712946302396952, 0.5247169401607037, -0.15139058579479495, 0.42057270680110254, -0.3050981383619003, 0.5862611783841213, -0.04683311592174342], [-0.5950699699949585, -0.3248547881188744, -0.7456748460856844, 0.10207435538676629, 0.07120418618386426, -0.5024223328929205, -0.17076759672246736, 0.18384419111596512, 0.4516659039007344, 0.5692291559141578, 0.1809198088389054, -0.1837625276310125]], "inverted": true, "swapped": false, "error_lsq": 0.0432041507865831, "error_max": 0.24012076118634934, "target": "694.xyz", "model": "28.xyz", "model_rescale": 4.156811204709835, "target_rescale": 3.975859598018509},
{"mapping": [1, 9, 7, 10, 4, 3, 5, 2, 6, 11], "R": [[0.010117810362197166, -0.844111074068652, -0.5360728724232756], [0.46792746803696883, -0.46978412831514943, 0.7485631285601015], [-0.8837089535418245, -0.2584170416552325, 0.39022957090944776]], "T": [-0.052291990317010706, -0.07557520545831191, 0.024214614886099706], "aligned_model": [[-0.6394122792709015, 0.04153149900210523, 0.015005530788223462, 0.5954291198394401, 0.0326915762922433, -0.6547577363883381, -0.3355228212988379, -0.578184929519654, 0.277573056873859, -0.11142764220755184], [0.033954357729237175, -0.721270143816645, -0.013327055415944325, 0.24680657534608713, -0.38740118005991264, -0.4197672648532985, 0.6587945293850191, 0.279343105331606, 0.31195556320962875, -0.07036815622957368], [-0.36865780010198346, -0.33641990015708656, -0.5990073120780391, -0.19940525330553022, 0.6297467171282599, 0.1396588337853457, -0.39478807463926785, 0.3490854408574572, 0.46449492623529254, 0.0740791492506514]], "inverted": true, "swapped": true, "error_lsq": 0.061596833456317245, "error_max": 0.28935839474072583, "target": "694.xyz", "model": "29.xyz", "model_rescale": 4.117894457231895, "target_rescale": 3.975859598018509},
