[{"mapping": [14, 5, 7, 13, 6, 1, 2, 11, 0, 10, 9, 3, 15, 16], "R": [[-0.11627796492383428, 0.9902171840152536, -0.07713211622970724], [-0.9601874327609363, -0.13193229502405718, -0.24623964647807478], [-0.25400694644267835, 0.04542904368998585, 0.9661349145684985]], "T": [-0.012394618239388581, 0.11673962643530728, 0.08675802051395058], "aligned_model": [[0.0842469043692056, 0.17395269388023077, -0.49897155720822534, -0.4149879547383226, -0.5807195457966783, -0.13359788825280935, -0.7229768119366813, -0.07981629971966805, -0.31695183807950567, 0.4612248257244621, 0.5841372990983797, 0.24003986447623205, 0.5608200372454706, 0.01509237206621341], [-0.5876874031715653, -0.49325931825271424, -0.4551044583641866, -0.25351871349340005, 0.19286009226593104, 0.26925497324442094, 0.22363464667128666, 0.3919682508292432, 0.7606809531182175, 0.057515383670340176, 0.6120937432188336, 0.7098877861398962, -0.26148609573871234, 0.06843349167244445], [0.35290057726409324, -0.20681529666033216, 0.19230783261405687, -0.37491191269285806, 0.4740687659912777, -0.5782870838675387, -0.1997397047309004, 0.7143220146512974, 0.3061371418608274, 0.8037157232432116, 0.40320022891542723, -0.14944831160939598, 0.043711356241607977, 0.11642675595905985]], "inverted": false, "swapped": true, "error_lsq": 0.04241985880779404, "error_max": 0.2716411401606562, "target": "695.xyz", "model": "0.xyz", "model_rescale": 3.8414455957264533, "target_rescale": 4.214511931246482},
{"mapping": [1, 2, 9, 0, 3, 11, 10, 8, 14, 15, 12, 13, 7, 5, 16], "R": [[0.2237617546597266, 0.35508100475938503, 0.9076608161701517], [0.9581747843810767, -0.25061860744740794, -0.13817161856690893], [0.17841457263317262, 0.9006152306396932, -0.39630852452594906]], "T": [-0.07142110049301689, 0.02976717018220099, -0.09210067355189522], "aligned_model": [[-0.7325207091027908, -0.5444708236686354, 0.10530739241512, -0.2782526090528902, -0.4922204995080264, 0.30258539724335487, 0.6778938228653814, -0.20554489180473787, 0.517620675863269, 0.22260001814271183, 0.49928663737669754, -0.38072154659431323, 0.1699424649681529, 0.026687103962873576, -0.016148279601622496], [0.20018252671120706, 0.29776722534345773, -0.7237462751201672, -0.4983847374926488, -0.4725230258321609, -0.425119639494966, -0.3633419304708663, -0.3817554833153797, 0.4935474366184554, 0.16907576418969783, 0.09085118300599952, 0.6652979163692763, 0.6463130137452225, 0.5990212582010119, 0.04985929558487508], [0.026819754849333383, -0.6424046584170016, 0.2278152970060605, -0.575649037974814, 0.11277432135101878, -0.44893421400140066, 0.06865882616947289, 0.6576518013499415, 0.027592829269771885, 0.5142222197265207, -0.37434214854810854, -0.20499737323671235, -0.4615846241422496, 0.30706581966081425, -0.06950702572311247]], "inverted": false, "swapped": true, "error_lsq": 0.03714281104850889, "error_max": 0.23452176325104393, "target": "695.xyz", "model": "1.xyz", "model_rescale": 4.316132596720782, "target_rescale": 4.214511931246482},
{"mapping": [5, 1, 4, 12, 15, 7, 9, 6, 3, 2, 0, 16], "R": [[0.5640965930427411, 0.3386574159368734, 0.7530645313308362], [0.6999596063025801, 0.28766952597141565, -0.6536840164575836], [-0.4380086566065897, 0.895855679480987, -0.07477311200792713]], "T": [-0.06993372980115767, 0.017212940799493915, -0.06790714798179937], "aligned_model": [[-0.404100727136105, 0.4722276384799593, 0.1373841308068396, -0.5919128761655392, -0.45734755516762926, -0.4715579238697295, -0.0036674374887765704, -0.12314764486319232, 0.4760419529642489, 0.3347714395065091, 0.3599409859460839, -0.13082342838088795], [-0.5988021218040117, -0.397829280752332, -0.5291491614394713, 0.3475515057569939, -0.3702719089687657, -0.08919530384591078, 0.38972677314498266, 0.511703874898799, 0.0907259839367595, 0.028183198719461806, 0.6227981097231431, 0.007334758371331809], [-0.02469619625467897, 0.0505713716279111, -0.3833663680005574, 0.0979633803154055, -0.484138781326319, 0.5663473986326302, -0.8150376077339849, 0.41317928656072644, -0.4775993801238735, 0.5912801738761104, -0.00452684196518692, -0.080717974398762]], "inverted": true, "swapped": true, "error_lsq": 0.04969182807454026, "error_max": 0.2542530579476537, "target": "695.xyz", "model": "2.xyz", "model_rescale": 3.795458400668931, "target_rescale": 4.214511931246482},
{"mapping": [15, 9, 10, 6, 5, 7, 11, 1, 0, 2, 14, 16], "R": [[0.016212061104464603, -0.594286361459098, -0.8040901004604222], [0.9439998626177343, -0.2559579344518514, 0.2082061362420445], [-0.3295473083677731, -0.7624363949699992, 0.5568566378994755]], "T": [0.14251516960481506, -0.04459158349883044, -0.014945338746684918], "aligned_model": [[-0.22420998066708256, -0.29912484114431537, -0.7024473485903394, 0.14969953102020098, 0.12215030077251103, 0.1651513223961874, -0.2571297065512138, 0.7836731061959716, 0.29413518599517297, 0.7773070448536438, -0.3073219043867478, 0.09142111584957588], [0.08961195625687907, -0.7444126494716758, -0.20553845866257126, 0.08116920021719629, 0.46307221996826375, 0.6629888123812702, -0.304846490308184, -0.10611106232072574, -0.5350520411114347, 0.14055378141540312, 0.5562108022502393, -0.011877025324950545], [-0.5815005677903785, -0.14365538964094654, 0.029615657145024836, 0.6654440882682096, -0.49958134708509316, 0.25657100632997454, 0.4817279965562218, -0.2706170200250174, 0.5254273487552265, 0.3865456510528774, -0.12927811876758502, -0.031927874159413006]], "inverted": false, "swapped": true, "error_lsq": 0.04334166377380288, "error_max": 0.29448052985084605, "target": "695.xyz", "model": "3.xyz", "model_rescale": 3.7530521520055578, "target_rescale": 4.214511931246482},
{"mapping": [15, 3, 9, 0, 10, 2, 14, 13, 7, 6, 16], "R": [[-0.736283058198601, -0.10617721693135199, 0.6682915956485074], [-0.15142949790927338, -0.9367114691293, -0.31565920034837225], [0.6595122177584436, -0.33361358216706505, 0.6736064224909067]], "T": [-0.12843647007301173, -0.04955798764450659, -0.06848835152567681], "aligned_model": [[-0.41526395898802027, -0.011884227379054813, 0.36675993571956195, 0.4331241403438585, 0.398487813472588, -0.25563506821509036, -0.30693280653357163, -0.6880387177560913, -0.32465878294316297, 0.27494821908667405, -0.1327069443624861], [-0.6750235952097051, 0.005540668000337014, -0.5038967624508147, 0.3756159993601584, -0.7111078010528453, 0.7053346343217164, -0.4616293791486193, 0.32128628825150585, 0.1504650889811277, 0.3604361373630476, -0.09981792010156251], [-0.06613913091704393, -0.7428184276969447, -0.5682067703103805, -0.31224949045599276, 0.0944652612721952, 0.042831870595159305, 0.5436595967845294, 0.17976878841292157, 0.6360619379781496, 0.3161969382558616, -0.030739796673138156]], "inverted": false, "swapped": true, "error_lsq": 0.04944513356351536, "error_max": 0.25728016538266874, "target": "695.xyz", "model": "4.xyz", "model_rescale": 3.7855080009869324, "target_rescale": 4.214511931246482},
{"mapping": [10, 3, 5, 9, 2, 1, 7, 4, 14, 15, 13, 8, 6, 0, 11, 12, 16], "R": [[-0.7718295596319801, -0.6235105950814651, 0.12455387870099163], [0.5546435684679479, -0.5644537560046305, 0.6113611610900764], [-0.31088525670324907, 0.5409496234894915, 0.7814882353632284]], "T": [0.0005654616307610699, 0.057596770315440735, 0.05834895604802934], "aligned_model": [[-0.6027110810674653, -0.13040934709511534, 0.016617829122270722, -0.4718436223417759, 0.13774943117883498, 0.7333098245341458, -0.05994660721338227, 0.5350370532071759, -0.18942178535255552, -0.7497714045885733, -0.07870520452727439, -0.4932617702107934, 0.23145891569410523, 0.5171188098022926, 0.5298102361666219, 0.3281631251139179, -0.01794716236852026], [-0.34645148547784504, -0.17368589591351646, -0.6851052194636016, 0.1556199698305049, 0.2906328009860065, 0.13147243887369098, -0.614151272105912, -0.4276629791398088, 0.6370461378353605, 0.3853862734511733, 0.5369673445960509, 0.03220762244075208, -0.0973835131186855, -0.32066584421722155, 0.4149389604607777, 0.6535480552602478, 0.09389761448117985], [-0.0030244428700943182, -0.5833445324497777, -0.2629598058858348, -0.46523019650304487, -0.6291541017539211, -0.1169565578919328, 0.38463461142256605, 0.2191714582725339, -0.23463683711835417, 0.15251230089109669, 0.5957386218177926, 0.5591482474068781, 0.6488964923940367, -0.3872561564228766, 0.5323138873129487, 0.08257909973647484, 0.02333062283096836]], "inverted": false, "swapped": false, "error_lsq": 0.03283735136120181, "error_max": 0.24979270314946314, "target": "695.xyz", "model": "5.xyz", "model_rescale": 4.2253639853439635, "target_rescale": 4.214511931246482},
{"mapping": [0, 6, 13, 1, 2, 5, 4, 3, 14, 11, 7, 15, 8, 16], "R": [[-0.926250079648688, 0.3535898354194254, -0.130518267835819], [0.06297426141216356, 0.4866011313544861, 0.8713515830961268], [0.3716113996507526, 0.7988701817270424, -0.4729813954026214]], "T": [0.08604778397533791, 0.024158227584834824, -0.003213992979702103], "aligned_model": [[0.5343803071344608, -0.06477031777459033, -0.48406998921286165, 0.07947714597090791, -0.18879610165518051, -0.39719228147803526, 0.16887214020382588, 0.6935028413445588, -0.4516790198635083, 0.3738838223206831, -0.628687759833199, 0.017968490323400504, 0.6608094653229075, 0.060363409954413666], [-0.13230964672860684, 0.09527356706216783, -0.40569460151184505, -0.6408733254488495, -0.5444666538143783, 0.05805076680186791, -0.2557859408909459, -0.2745265615130857, 0.5281581375008859, 0.435476678574859, 0.10945714960991648, 0.3494365182242278, 0.04600469788119277, 0.07689836088758434], [-0.5777211593714044, -0.6747746163332788, 0.04682629198945428, 0.19153203322329124, -0.44993664598336425, 0.5050572542273973, 0.5932574230467842, 0.11135951529378779, 0.17905739721701397, -0.47448948827077964, -0.24150107615647798, 0.599315671764058, 0.6438104275401528, 0.019765180744813912]], "inverted": false, "swapped": true, "error_lsq": 0.045915957514158834, "error_max": 0.3103705680160395, "target": "695.xyz", "model": "6.xyz", "model_rescale": 3.89814844738969, "target_rescale": 4.214511931246482},
{"mapping": [8, 4, 5, 9, 14, 1, 3, 10, 0, 2, 13, 6, 16], "R": [[-0.7643184629319708, -0.3953063245651509, -0.5094606922816529], [-0.6374444129945114, 0.5824822395020086, 0.5043600509624125], [0.09737508697501741, 0.7102445708511372, -0.6971877379967979]], "T": [-0.025014085182951673, 0.08259561981320034, 0.04933558545737024], "aligned_model": [[-0.14265205969612166, -0.055124932145774935, 0.48727856374005274, -0.21947319794026177, 0.7266157993827307, -0.40610997448737085, -0.5738523792538455, 0.3802339112181382, -0.6228132044079874, -0.40006312284526546, 0.06058397726058634, -0.12162068298206191, 0.03562910306140393], [-0.34568160003286097, 0.21925268193874076, 0.41762991995478893, -0.6998922658453507, 0.13316649982728873, 0.5434269932628335, -0.1560988558270867, -0.6673352880224959, -0.14391528246132668, 0.6671112210671116, 0.7930993197940023, 0.13743528277854483, 0.06558263903629571], [-0.6937719365556397, -0.5998369230881619, -0.29463764809359405, -0.17707126721788544, 0.14359049073424066, -0.30085939299868214, -0.287031495304359, 0.17274114051937392, 0.4325740953364883, 0.3900910361265151, 0.03632696805243538, 0.7323121141836515, 0.047847849141913326]], "inverted": true, "swapped": true, "error_lsq": 0.046087525916063306, "error_max": 0.2888447441552188, "target": "695.xyz", "model": "7.xyz", "model_rescale": 3.7474275329858107, "target_rescale": 4.214511931246482},
{"mapping": [9, 3, 0, 11, 2, 12, 10, 14, 6, 7, 15, 5, 4, 1, 16], "R": [[-0.10932570798375824, -0.79789949755646, -0.5927936246055614], [0.18319282702782053, 0.569979393446953, -0.8009768281113998], [0.9769791592963513, -0.19616289874742515, 0.08385606391670425]], "T": [0.05065283492078143, -0.014957108942015955, 0.010008240535945014], "aligned_model": [[-0.39326920255333797, 0.21452547719269693, 0.37536124383396663, -0.16671630033783638, 0.7751449228297215, -0.2792364655063204, -0.7336646729222098, -0.4256617468560724, 0.2684835667618912, 0.1416183589567647, -0.4784540053381203, -0.13235423081304626, 0.060103535982687695, 0.5801820512152772, -0.0039088101073156065], [0.06778203109493788, 0.2934494427769854, -0.4081596942518874, -0.5691582947409765, -0.22291462488248937, -0.5259160391912462, -0.29489847507822264, -0.13000337613632068, -0.6705422061409304, -0.3623347081535349, 0.38634439334917164, 0.3638605295317221, 0.6490235518142637, 0.4318855939379284, -0.019300161949808207], [-0.6952925180244275, -0.581069161105857, -0.5335898714332898, -0.3360333035783035, 0.18407556096856956, 0.20798008186026715, -0.20983287152293284, 0.5899027654607539, 0.04944318392032204, 0.6778088205699265, 0.19024644217959574, 0.5721602986875575, 0.01687322240004055, 0.022914150403883574, 0.0412078549101556]], "inverted": false, "swapped": true, "error_lsq": 0.03668190113208566, "error_max": 0.2411976592082465, "target": "695.xyz", "model": "8.xyz", "model_rescale": 4.019505241142653, "target_rescale": 4.214511931246482},
{"mapping": [1, 3, 15, 5, 13, 14, 10, 2, 6, 0, 9, 12, 16], "R": [[0.7498264264921956, -0.019381462038818964, 0.6613506551468611], [-0.48405660947389806, 0.665364218222806, 0.5683129911707003], [-0.45105379829747433, -0.7462672551023475, 0.4895259492646221]], "T": [-0.018971385021631752, -0.09126936975000892, 0.001960358788028027], "aligned_model": [[-0.4318317457461255, -0.686560425889278, 0.20448112547276795, 0.35725440396689406, 0.16367065525704844, 0.7050310618883725, 0.27953723940085384, -0.12946791834896526, 0.17683683505547898, -0.4396805552888605, -0.40726120012867895, 0.4951864814253828, 0.032504814676286], [-0.6035046592137048, 0.0529280388891077, 0.17364057314877407, -0.3169415202310323, -0.7735126685587354, -0.006487526337435781, 0.71611583285013, -0.7441384829925787, -0.18275551081015312, 0.010991589015294512, 0.6488353582488489, 0.1516411139885, -0.06343390988295596], [-0.2157492765213006, -0.06784879974570784, -0.5924927101659258, -0.546250879703715, -0.11421935743091094, -0.210222063533579, 0.03150645670735436, 0.40194408722942765, 0.6592932950597699, 0.6086639285939727, -0.051309818168100124, 0.2947657790856045, -0.021377147363010985]], "inverted": false, "swapped": true, "error_lsq": 0.049340998779036624, "error_max": 0.24730795960521196, "target": "695.xyz", "model": "9.xyz", "model_rescale": 3.877068213659057, "target_rescale": 4.214511931246482},
{"mapping": [13, 2, 11, 3, 0, 1, 8, 6, 7, 12, 15, 5, 4, 9, 10, 16], "R": [[-0.04682361584186018, -0.559501883981398, 0.8275054022909822], [-0.7989725442078933, -0.47623683682883683, -0.3672075010797439], [0.5995418439120495, -0.6783480795790096, -0.4247275130363109]], "T": [-0.02822757357708398, 0.01471099336048011, -0.09859707272994858], "aligned_model": [[0.05660505245100246, -0.2291359845796948, -0.5393647851835213, 0.36242525850252716, -0.33243669115578145, 0.43320565555003265, 0.6665893948116733, -0.6742165425265392, -0.45777072473094627, -0.5735008090864003, 0.32450332640767354, 0.2647867143981025, 0.6287618637084772, 0.13048453234694027, -0.30670964505862924, -0.0388180905378217], [0.13437093924851273, -0.3823269595664609, -0.15337622152697328, -0.48376385793325366, -0.6466306119979653, -0.28349055490793407, -0.0023587503896398826, -0.18728110498459727, 0.3888810895428357, 0.31962588886893983, 0.5561954360024166, 0.590526583397617, 0.09529130278173088, -0.1773339146470826, 0.35952038824683763, 0.07394922499856514], [-0.79916590091069, -0.7313934224708201, 0.33107545915870007, 0.1664586311812812, 0.06148673361447968, -0.5209610936925287, 0.4175490922720896, -0.24245327303165587, -0.5989898765456297, 0.03852635353022535, 0.13774645701934374, -0.37353044488399867, -0.15224830397098243, 0.7009596303353144, 0.6399186367820304, -0.07994435127711724]], "inverted": true, "swapped": true, "error_lsq": 0.03719633595418375, "error_max": 0.23618597271334016, "target": "695.xyz", "model": "10.xyz", "model_rescale": 4.260839863003843, "target_rescale": 4.214511931246482},
{"mapping": [9, 11, 12, 10, 5, 15, 8, 3, 2, 13, 4, 16], "R": [[-0.8449712434888911, -0.22169645310934136, -0.4866973190347107], [0.2515921206581553, 0.6382714134582392, -0.7275376331055006], [0.47193749850967515, -0.7371975891447009, -0.48354390913305]], "T": [0.01678467061869814, -0.08502112144307855, 0.09014883681463876], "aligned_model": [[0.3585178700701526, 0.12004894016103627, -0.3856507400112412, -0.2702204217595756, -0.5066867241276692, -0.38303540566111344, 0.2764813896889692, 0.6280705796972812, 0.2550610457068403, -0.1824622899116163, 0.0885674947315792, -0.03979308949051248], [0.001916684241570446, -0.6328255902860187, -0.5456148704619426, -0.29325226629912615, 0.343809882276259, 0.37988543119981993, 0.5716704746136767, 0.1686039026062084, -0.3575099123849553, 0.04463202813960851, 0.5734794606187659, -0.08171671873093224], [-0.6694707647034339, -0.31405383525547276, -0.0969286004430985, -0.6947837102207155, 0.27747474250516896, -0.2220827397354625, -0.41063317277787587, -0.09245790812644297, 0.7738218389196441, 0.765280283001236, 0.13738199435775694, 0.06262994987420126]], "inverted": false, "swapped": true, "error_lsq": 0.04527329696750634, "error_max": 0.20820205671546607, "target": "695.xyz", "model": "11.xyz", "model_rescale": 3.890672605050136, "target_rescale": 4.214511931246482},
{"mapping": [13, 5, 4, 2, 1, 11, 14, 0, 6, 10, 8, 15, 3, 16], "R": [[-0.059854613180202465, 0.4570613297816879, 0.8874189349451835], [-0.07451241333556047, -0.888578346335861, 0.45263276801612334], [0.9954221845729376, -0.039031567240149015, 0.08724225592463086]], "T": [0.072034719001753, -0.060339999510238614, 0.10222121901648157], "aligned_model": [[0.559959160078881, 0.12639143237972694, 0.38715913835127697, 0.6295433143104988, 0.7473035652378897, -0.4012995885182937, -0.3594390037326321, 0.13770328124186615, -0.034841400378417695, -0.7667900847877406, 0.04190237035865989, -0.19741442861502972, 0.3156100683753043, 0.024088010491703782], [-0.20452260881086626, 0.27776841061750035, 0.5205365763598117, -0.5933439453431945, 0.09460896087330062, -0.4036953819630863, -0.02898121542778504, -0.47733223235746114, -0.7422727649882012, 0.07524527417041671, 0.7311959146595984, 0.5062159321861227, 0.22076573239272634, -0.04403613254111713], [-0.4012198153481404, -0.5107529864139402, 0.03675546063843388, 0.042845249089667206, 0.11767953441673423, 0.46580719264885817, -0.5216665414797261, 0.7165076741237224, 0.15061915944049498, 0.24307865844724053, 0.45155171797630755, -0.18043455500895322, 0.6792757705355379, 0.06474391629062401]], "inverted": true, "swapped": true, "error_lsq": 0.04545828339729595, "error_max": 0.3220907353137388, "target": "695.xyz", "model": "12.xyz", "model_rescale": 4.124412569039231, "target_rescale": 4.214511931246482},
{"mapping": [1, 5, 15, 2, 4, 3, 7, 0, 12, 6, 9, 10, 16], "R": [[-0.4238512516838337, 0.9033850932357721, 0.06515742294967553], [0.6985280430802416, 0.2802468968605627, 0.6584225465690808], [0.5765489480317658, 0.3245875076453506, -0.749822819340705]], "T": [0.0857365058680806, 0.09730449564752336, 0.013099419808586388], "aligned_model": [[-0.12736244146377138, 0.03278000722509146, 0.5119815431179359, -0.6129519543387182, 0.33065766366287364, 0.4339160695304065, -0.5041218605879367, 0.021237183789521344, 0.008242414362142153, -0.34514994904783747, 0.8473508360345753, 0.666024914468468, 0.10469388075700697], [-0.36651036337412163, 0.5166094493996536, 0.4894005966270369, -0.23412447436433864, -0.063676046189068, -0.49325371342508734, 0.5736702959782569, -0.4037003988296239, 0.5826417203760463, 0.13099221546603806, -0.09759291064575648, 0.5557209579996258, 0.15730804748981564], [0.48182190671616415, 0.5738028091525585, 0.38466175549156817, -0.007487453001772925, 0.60900683979877, 0.049887079490487395, 0.006297251924730235, -0.5349668758264988, -0.39621863863685675, -0.5272700488578939, -0.27555316337794744, -0.42845572513159363, 0.016172343226124125]], "inverted": false, "swapped": true, "error_lsq": 0.04642845680124098, "error_max": 0.25861322354858907, "target": "695.xyz", "model": "13.xyz", "model_rescale": 3.9028299243045295, "target_rescale": 4.214511931246482},
{"mapping": [10, 4, 8, 15, 12, 11, 5, 7, 9, 13, 6, 1, 3, 0, 2, 16], "R": [[-0.9874470065955302, -0.13158189233440587, 0.08737628268142467], [-0.03914138379684389, -0.3320863981222867, -0.9424365104645696], [0.1530240544489512, -0.9340261397797511, 0.3227674224083675]], "T": [-0.029793717225357126, 0.04250523822198993, 0.09680334371609377], "aligned_model": [[0.13984209669518063, -0.25104308512072865, 0.12933003579069613, -0.4137386111006807, -0.10086956261321076, 0.43814453291410654, -0.7064209046088148, -0.5240394577634334, 0.5287486522064341, -0.522374254119684, 0.18221336511011124, -0.1021013062891408, 0.44674457625549835, 0.6570714496211749, -0.007432603599519416, -0.0662356517973931], [-0.7517122723264617, 0.42074990367882575, 0.1523790237524835, -0.18085504790834536, -0.5262647531288809, -0.4288967397610538, 0.07322512442341324, -0.11097401183950667, -0.24205951532232273, 0.4504687785192457, -0.14529355539303737, 0.729765457717309, 0.38120898905001915, 0.12010293456403504, 0.5171270192840902, -0.0067190531887128535], [-0.19006504545961755, -0.4021820787606021, -0.7470427570856072, -0.4287242526368491, 0.3806126988053774, 0.27831646932170234, -0.08824060700032947, 0.6509412376119642, -0.4585479174374668, 0.4181161579148301, 0.7281366727268588, 0.04502344608134269, -0.26310270344258735, 0.3756179260913875, 0.707269306289138, 0.0820315566047904]], "inverted": false, "swapped": true, "error_lsq": 0.043525580823517616, "error_max": 0.3616235845614386, "target": "695.xyz", "model": "14.xyz", "model_rescale": 3.942246331269136, "target_rescale": 4.214511931246482},
{"mapping": [15, 10, 14, 11, 0, 12, 13, 5, 4, 7, 2, 1, 9, 3, 16], "R": [[0.18736225188424485, 0.9509918466196146, -0.24598758958915115], [-0.8589213169317529, 0.2801140749380757, 0.4287076816920944], [0.47660209597639075, 0.13096034775687634, 0.8693099731547487]], "T": [-0.03720925920081692, -0.006753903334460884, 0.012696909656849248], "aligned_model": [[-0.6783946762447153, -0.322840448237448, -0.23596694156007042, 0.2453658859363823, 0.4594672258272245, 0.1537712470896912, 0.1383923059354315, -0.4325506966847651, -0.5445793198529042, 0.30518798916918494, 0.5867612916767456, -0.04705046583630438, -0.3994237199808172, -0.18618548114639, -0.06766015955903598], [0.08175306137736846, -0.5918612388556127, 0.26886226687438497, -0.5761441270959922, -0.48274957731100265, -0.13773017739735383, 0.6822198540299481, 0.5346333338595937, 0.22923029843866974, 0.48274211658474636, 0.3497060830913519, 0.35992699719978416, -0.7541339167356822, -0.3459116571645665, -0.002398627013986277], [-0.22082082339441508, -0.5511430196700736, -0.6662139790973076, -0.2520276755114176, 0.299547600479834, -0.5835165510639618, 0.09510450695317951, -0.19614353906641246, 0.3703193916854508, -0.4542734410965239, 0.29910845906825423, 0.6006462462253918, 0.12033287318813944, 0.5907275680753706, -0.04228513641499256]], "inverted": true, "swapped": true, "error_lsq": 0.037921935080399455, "error_max": 0.24961848867202588, "target": "695.xyz", "model": "15.xyz", "model_rescale": 4.355366556412066, "target_rescale": 4.214511931246482},
{"mapping": [5, 1, 4, 12, 15, 7, 9, 6, 3, 2, 0, 16], "R": [[0.5640965930427411, 0.3386574159368734, 0.7530645313308362], [0.6999596063025801, 0.28766952597141565, -0.6536840164575836], [-0.4380086566065897, 0.895855679480987, -0.07477311200792713]], "T": [-0.06993372980115767, 0.017212940799493915, -0.06790714798179937], "aligned_model": [[-0.404100727136105, 0.4722276384799593, 0.1373841308068396, -0.5919128761655392, -0.45734755516762926, -0.4715579238697295, -0.0036674374887765704, -0.12314764486319232, 0.4760419529642489, 0.3347714395065091, 0.3599409859460839, -0.13082342838088795], [-0.5988021218040117, -0.397829280752332, -0.5291491614394713, 0.3475515057569939, -0.3702719089687657, -0.08919530384591078, 0.38972677314498266, 0.511703874898799, 0.0907259839367595, 0.028183198719461806, 0.6227981097231431, 0.007334758371331809], [-0.02469619625467897, 0.0505713716279111, -0.3833663680005574, 0.0979633803154055, -0.484138781326319, 0.5663473986326302, -0.8150376077339849, 0.41317928656072644, -0.4775993801238735, 0.5912801738761104, -0.00452684196518692, -0.080717974398762]], "inverted": true, "swapped": true, "error_lsq": 0.04969182807454026, "error_max": 0.2542530579476537, "target": "695.xyz", "model": "16.xyz", "model_rescale": 3.795458400668931, "target_rescale": 4.214511931246482},
{"mapping": [8, 4, 5, 9, 14, 1, 3, 10, 0, 2, 13, 6, 16], "R": [[-0.7643184629319708, -0.3953063245651509, -0.5094606922816529], [-0.6374444129945114, 0.5824822395020086, 0.5043600509624125], [0.09737508697501741, 0.7102445708511372, -0.6971877379967979]], "T": [-0.025014085182951673, 0.08259561981320034, 0.04933558545737024], "aligned_model": [[-0.14265205969612166, -0.055124932145774935, 0.48727856374005274, -0.21947319794026177, 0.7266157993827307, -0.40610997448737085, -0.5738523792538455, 0.3802339112181382, -0.6228132044079874, -0.40006312284526546, 0.06058397726058634, -0.12162068298206191, 0.03562910306140393], [-0.34568160003286097, 0.21925268193874076, 0.41762991995478893, -0.6998922658453507, 0.13316649982728873, 0.5434269932628335, -0.1560988558270867, -0.6673352880224959, -0.14391528246132668, 0.6671112210671116, 0.7930993197940023, 0.13743528277854483, 0.06558263903629571], [-0.6937719365556397, -0.5998369230881619, -0.29463764809359405, -0.17707126721788544, 0.14359049073424066, -0.30085939299868214, -0.287031495304359, 0.17274114051937392, 0.4325740953364883, 0.3900910361265151, 0.03632696805243538, 0.7323121141836515, 0.047847849141913326]], "inverted": true, "swapped": true, "error_lsq": 0.046087525916063306, "error_max": 0.2888447441552188, "target": "695.xyz", "model": "17.xyz", "model_rescale": 3.7474275329858107, "target_rescale": 4.214511931246482},
{"mapping": [9, 15, 10, 4, 0, 2, 11, 14, 3, 6, 1, 5, 7, 16], "R": [[0.43266747189363797, -0.25594240874621094, -0.8644607233242906], [-0.896614482297758, -0.22238801726461538, -0.3829177978509705], [-0.09424080272945223, 0.9407640794494125, -0.3257017315253449]], "T": [-0.0170268216858506, -0.05918155529938987, 0.03567319759585263], "aligned_model": [[0.5107587377601053, 0.013833789734396994, 0.7711798290925193, -0.4416158964369131, 0.2293585041118236, -0.4415362008971176, 0.6138498204831929, 0.14159166761223052, -0.0830342904828236, 0.2316353761431974, -0.6562719859293009, -0.3566890002268805, -0.12793214339128495, 0.009719440309731285], [-0.4471322987512969, 0.35618098866339865, 0.14925559285877613, -0.06841903693981546, -0.6860795851668076, -0.26946934410064405, -0.24040160333548258, 0.6832475822365898, -0.6573244684944961, -0.12425073354420044, -0.32110555755699577, 0.512782520244031, 0.4778518537306903, -0.004727668332513285], [-0.4861489220680201, -0.5120533155630314, -0.24205952836737632, -0.47486137333924183, 0.35479051556800534, 0.6472329892467795, 0.2437284837876132, 0.040968009844473595, -0.29479527021536933, 0.678114070810536, -0.019077067871615207, -0.18904001200238263, 0.5593130212282483, 0.01868311760303546]], "inverted": true, "swapped": true, "error_lsq": 0.03949394128081001, "error_max": 0.22816865041112025, "target": "695.xyz", "model": "18.xyz", "model_rescale": 3.922800546911778, "target_rescale": 4.214511931246482},
{"mapping": [10, 9, 15, 12, 1, 11, 3, 7, 0, 5, 4, 13, 6, 2, 16], "R": [[0.8233741052921761, 0.24848747253210465, -0.5102049183699773], [0.5186354695364345, 0.03547920734431462, 0.8542590213658511], [0.23037433119388706, -0.9679851248034889, -0.09966175638700935]], "T": [0.09685961423177913, 0.025055620699630184, -0.016792354083473012], "aligned_model": [[-0.26724659515870486, -0.35421926028154405, 0.49922160601878435, -0.12492919670370639, 0.4268548451124257, -0.5414766989984963, -0.1059601807235322, 0.33065997183742707, -0.5617549191533289, 0.7606221705617303, 0.5674250594398258, 0.5977584026803446, -0.3315938002199854, 0.08540564229795605, 0.11528379017842222], [0.5225858113255498, -0.16247299800823878, 0.21261256891129487, 0.6240105114335757, -0.5349958105726447, 0.2712368310451296, -0.5850706875198208, 0.5504807990892637, -0.25384011446875154, 0.23893435379268457, -0.3544220996203195, 0.004764517263576348, 0.2917944977382425, -0.18562830295296515, 0.07762162757800256], [-0.6182419478430495, -0.697029494210633, -0.5425394151540807, 0.01728976886645017, 0.22337778657090052, -0.09460371855828059, -0.25752323609240296, 0.47734255906122147, 0.19293794074448015, -0.0985510365352932, -0.2916952153669244, 0.49408966258905773, 0.4565734719794961, 0.727462734419567, -0.04623069330718014]], "inverted": false, "swapped": true, "error_lsq": 0.03467776282141709, "error_max": 0.201572969503955, "target": "695.xyz", "model": "19.xyz", "model_rescale": 3.9282355846067225, "target_rescale": 4.214511931246482},
{"mapping": [7, 13, 1, 5, 14, 4, 15, 3, 10, 11, 2, 12, 0, 16], "R": [[0.7661595255261621, 0.005650287269986953, 0.6426255952724673], [0.43170760019712545, -0.7452642940358328, -0.5081433655645924], [0.47605475460031416, 0.6667452334205612, -0.573430609867834]], "T": [0.05099645008130819, -0.07653905834301941, 0.05589622450335767], "aligned_model": [[-0.5703610802863887, -0.13691434694433316, 0.4549641515024764, -0.3447270850725402, -0.6798669805133687, 0.29636816501343755, -0.19274870487959156, 0.7159849127947081, -0.2447580066192386, 0.020594230344278742, 0.1742736099223572, -0.4520710630004256, 0.4930018711821604, -0.0012168543588554417], [-0.4832709594681076, -0.7417236715546824, -0.5601131663906559, -0.23977920725936028, 0.030101590084778, -0.12887580117846253, 0.2532070175214576, 0.07600119291762583, 0.7217478723585337, 0.3237087467536496, -0.7700925940648051, 0.13075205286905026, -0.042422455248506075, -0.04635852991567903], [0.20882600496926323, -0.1299282163404777, -0.2325519212186543, -0.5006690127496807, -0.11976054982843741, -0.558969897872517, -0.4966782757830072, -0.020675016595482557, 0.1867339627419427, 0.6153695885765607, 0.3756160719803569, 0.39212873540807025, 0.6550706534975911, 0.037671030458154904]], "inverted": true, "swapped": true, "error_lsq": 0.04547629317981953, "error_max": 0.2977846144955323, "target": "695.xyz", "model": "20.xyz", "model_rescale": 4.067790424073018, "target_rescale": 4.214511931246482},
{"mapping": [6, 5, 11, 0, 10, 15, 9, 7, 14, 13, 1, 3, 2, 4, 16], "R": [[-0.14241454537266865, 0.9037091929163517, 0.40376700200087223], [-0.9721110721795048, -0.20449262933423248, 0.11481649661083522], [0.1863280993632196, -0.37615483405965744, 0.9076284373030858]], "T": [0.05459143521148738, 0.006048056156919116, 0.029303595218652452], "aligned_model": [[0.3801149976354239, -0.022217191002756848, -0.15678974948655702, 0.2729111579299586, -0.7022297218378108, -0.4608633710426341, -0.5778338831006963, 0.38675370180549284, -0.21255262782506415, 0.5944100041210322, 0.4845673449083916, -0.008655156705511202, 0.8227482842713917, -0.04449341211569821, 0.012573576352552768], [-0.2557803140036238, 0.6952862819980571, -0.47586979496273, -0.7005887480385892, -0.14208882425021974, 0.4299570546542991, -0.5073318914202144, 0.4544454280046071, 0.5793896414885078, 0.47251173075088004, 0.08377922872167377, -0.4396846332805387, -0.06358795692420233, 0.2670220196941701, 0.04343591749577079], [-0.5223099262339816, 0.13912357878202797, -0.41477548004260945, -0.0631283087880509, -0.3542696533797512, 0.1969050784583139, 0.22383109162596665, -0.4840301785212415, -0.3905801512638185, 0.08691707499583351, 0.5671834483718118, 0.5476312685467737, -0.03002958981220929, 0.6318660774316652, 0.0009152434504103371]], "inverted": true, "swapped": true, "error_lsq": 0.04152234390630929, "error_max": 0.2551078749731004, "target": "695.xyz", "model": "21.xyz", "model_rescale": 4.186013935880536, "target_rescale": 4.214511931246482},
{"mapping": [13, 1, 2, 14, 15, 7, 5, 4, 0, 3, 8, 11, 16], "R": [[-0.107843743551639, 0.5908761212857214, -0.7995218172577343], [0.95595929003517, 0.28244474824854776, 0.07979223008707331], [0.2729680618171699, -0.7557052159944089, -0.5953134164006567]], "T": [0.08779032488926179, 0.03444423244556318, 0.07534899853686629], "aligned_model": [[0.10401675537156917, -0.3438717057988321, 0.32673396191529414, 0.37193322853224586, -0.23690581119254334, 0.6116168573046448, -0.11021097361912048, -0.5460800256342881, 0.30288980842560254, -0.3802433661107946, -0.6647624284008219, 0.5217347261520122, 0.10172300847825701], [-0.3317076984566831, 0.10111300050262945, 0.21021882006617862, -0.6272382219661589, -0.4339093375267473, -0.4278520555206296, -0.6353341818935959, -0.1488044511723562, 0.7451596102176844, 0.5355484582068736, 0.1346930992817714, 0.40964151425999346, -0.012571896452867208], [-0.5394527797280027, -0.4626652402747292, -0.6391044839187486, 0.31582357989503307, 0.460965525917888, -0.21925487747493438, 0.0032262747548623127, 0.0002819600688853813, 0.010861827483653441, 0.10970533380461113, 0.4913819029717438, 0.45620632338280187, 0.11490421445228163]], "inverted": true, "swapped": true, "error_lsq": 0.045382503628375995, "error_max": 0.2954084931060824, "target": "695.xyz", "model": "22.xyz", "model_rescale": 4.166573947596378, "target_rescale": 4.214511931246482},
{"mapping": [9, 3, 4, 15, 8, 0, 1, 11, 10, 14, 6, 5, 13, 6, 7, 16], "R": [[-0.9082899974179096, 0.08629627725983192, 0.4093436613918287], [0.2511064794851453, 0.8950793614289457, 0.36848130577347776], [-0.3345964981154917, 0.4374767299812015, -0.8346611852565116]], "T": [-0.05369397517434671, 0.1155167877535007, -0.018983731646773413], "aligned_model": [[-0.7246736785355545, -0.3958796163713653, 0.24980844367218308, 0.16943820277542654, -0.2324765709667995, -0.632714206441703, 0.2687874305415543, -0.6475363722869365, -0.5359902626301247, 0.29851941103282087, -0.26494758030841836, 0.5651362288944334, 0.5827977814785513, -0.26494758030841836, 0.3919741400621648, -0.0400625295870582], [-0.26129251329033726, 0.2518299475343888, -0.04942147506890286, -0.5153550398307567, -0.3322066334714968, 0.5846078398163875, 0.505961982760056, 0.08631897267273865, -0.5422827395122924, -0.3701101062442793, 0.4918096209495091, -0.21564357679467488, 0.43623718068489503, 0.4918096209495091, 0.22631688976962472, 0.061127466697310194], [-0.3493815055485127, -0.5983532581056161, -0.5861595534131238, -0.17928195935235322, -0.7380451899987317, -0.0037558654979276233, -0.49205290967449666, 0.3283370718521091, 0.2576772688028796, 0.4463130928093171, 0.5219162407757174, -0.03876547312548449, 0.04680709885509288, 0.5219162407757174, 0.5843460340250138, 0.009743199984492575]], "inverted": true, "swapped": true, "error_lsq": 0.04297558954645525, "error_max": 0.33077312646056706, "target": "695.xyz", "model": "23.xyz", "model_rescale": 4.274766983524099, "target_rescale": 4.214511931246482},
{"mapping": [11, 15, 8, 3, 4, 1, 2, 13, 7, 5, 16], "R": [[-0.44673022641063653, 0.2022011543165816, -0.8715198207752614], [-0.452765290403228, -0.8912707715887438, 0.025298290805623375], [-0.7716447995141172, 0.40589543592487864, 0.48970725793903713]], "T": [0.052235077124673235, 0.0021231891838977696, -0.10466009275966878], "aligned_model": [[0.35542493419390064, 0.07150681879224971, -0.5408233431567551, -0.5642000692463685, -0.43350258453537294, -0.4815344619464105, 0.007156225802198268, 0.07711985834287916, 0.6363237294776375, 0.15782683064136363, 0.09459676559275337], [-0.26636579720789416, 0.6897633331688995, 0.5310231082185984, -0.08842992655680039, 0.40273157282443395, -0.11617755707068061, -0.6190030989490154, -0.08489376023087054, -0.10080123441789472, 0.5193075606504352, 0.04843233081427203], [-0.6615466344480778, -0.12085842091551614, -0.4481938540369744, -0.3930160920178297, 0.10647637634704207, 0.32116988168023497, 0.35425665053377087, 0.6053543847586105, 0.36772803887528105, 0.35835182211018857, -0.1101557188651521]], "inverted": true, "swapped": true, "error_lsq": 0.0495812816601577, "error_max": 0.24425857426796468, "target": "695.xyz", "model": "24.xyz", "model_rescale": 3.7841303162186577, "target_rescale": 4.214511931246482},
{"mapping": [2, 1, 4, 9, 3, 8, 0, 6, 1, 5, 7, 11, 15, 10, 14, 16], "R": [[-0.7140610105405006, -0.485572479538922, 0.5043175986819242], [0.6551688971543441, -0.20962465833361, 0.7258176209076752], [-0.24671965756185613, 0.8486912687974, 0.4678167812719205]], "T": [0.02035056643400524, 0.0007765950644322214, 0.043631622443151274], "aligned_model": [[0.21228318644708535, -0.2613098082607872, -0.5207565532725459, 0.2742976811491299, 0.12841520330766407, -0.30957529562778985, 0.6979822191448335, 0.5665658041890598, -0.2613098082607872, -0.6323991429847806, -0.05661682144016911, 0.6277072895036535, -0.49438439495219033, 0.2400328385107086, -0.290403506435464, -0.0026863425448423114], [0.008298412559063127, -0.42637764967413905, -0.38294653036935117, -0.42211500948473385, -0.6718106673930235, -0.6055237080882491, -0.2828872838421203, 0.33792661936752694, -0.42637764967413905, 0.2591467647219892, 0.6676573329377963, 0.13861939670829015, 0.07849486066010686, 0.26268928716191825, 0.6573089965043589, 0.04470929627266692], [-0.7057279958696272, -0.4237470666994391, 0.07471875153399238, 0.7204146411461623, 0.1290116399961955, 0.5661426053886749, -0.0824353371374463, -0.21477878237848974, -0.4237470666994391, 0.030516817975114047, -0.3088590020394376, 0.3373154976118385, 0.49362111587740054, 0.8341964061187175, 0.2645071450818802, 0.08247064591115666]], "inverted": false, "swapped": true, "error_lsq": 0.039714881216984195, "error_max": 0.3092924947968758, "target": "695.xyz", "model": "25.xyz", "model_rescale": 4.19342608120988, "target_rescale": 4.214511931246482},
{"mapping": [5, 1, 4, 12, 15, 7, 9, 6, 3, 2, 0, 16], "R": [[0.5640965930427411, 0.3386574159368734, 0.7530645313308362], [0.6999596063025801, 0.28766952597141565, -0.6536840164575836], [-0.4380086566065897, 0.895855679480987, -0.07477311200792713]], "T": [-0.06993372980115767, 0.017212940799493915, -0.06790714798179937], "aligned_model": [[-0.404100727136105, 0.4722276384799593, 0.1373841308068396, -0.5919128761655392, -0.45734755516762926, -0.4715579238697295, -0.0036674374887765704, -0.12314764486319232, 0.4760419529642489, 0.3347714395065091, 0.3599409859460839, -0.13082342838088795], [-0.5988021218040117, -0.397829280752332, -0.5291491614394713, 0.3475515057569939, -0.3702719089687657, -0.08919530384591078, 0.38972677314498266, 0.511703874898799, 0.0907259839367595, 0.028183198719461806, 0.6227981097231431, 0.007334758371331809], [-0.02469619625467897, 0.0505713716279111, -0.3833663680005574, 0.0979633803154055, -0.484138781326319, 0.5663473986326302, -0.8150376077339849, 0.41317928656072644, -0.4775993801238735, 0.5912801738761104, -0.00452684196518692, -0.080717974398762]], "inverted": true, "swapped": true, "error_lsq": 0.04969182807454026, "error_max": 0.2542530579476537, "target": "695.xyz", "model": "26.xyz", "model_rescale": 3.795458400668931, "target_rescale": 4.214511931246482},
