[{"mapping": [8, 9, 10, 7, 2, 12, 1, 6, 0, 11, 5, 3, 13], "R": [[-0.9765740877068714, 0.04576566559512241, -0.21025830559606284], [0.14416113179799442, -0.5862692712117139, -0.797186245310095], [-0.15975174270790665, -0.8088225055508292, 0.5659377485344705]], "T": [0.06976989183364873, 0.088340991033586, -0.013209630640830469], "aligned_model": [[0.38282164320802964, -0.3235727138777568, -0.7075406159940929, 0.05194536469238728, 0.4680976257203525, -0.5017881074780661, -0.14086528667768883, 0.8170188056385843, -0.17153540706144452, -0.1178240933464991, 0.3015067466071762, 0.49054544024851227, 0.039107959670638105], [-0.48301322709885025, -0.38077577028126997, -0.4672652619733441, -0.6671038993771947, -0.012805172635718343, 0.1559597488355598, 0.6199233292391679, -0.03301885664978721, 0.28732399129777386, -0.19603899007757314, 0.4393051356351177, 0.347991388905545, -0.06904299068593978], [-0.4446399147035109, 0.38922574373603597, -0.33339549960103726, 0.006278474959837414, 0.6366847572418233, 0.04899137409151787, 0.06487463604814339, -0.12015416007205211, 0.6921909313887432, -0.6223059809095937, -0.6421161895073967, 0.1562893797953267, -0.04201918581855102]], "inverted": false, "swapped": false, "error_lsq": 0.04899104861626565, "error_max": 0.36638584686624953, "target": "696.xyz", "model": "0.xyz", "model_rescale": 3.8414455957264533, "target_rescale": 4.003344270349432},
{"mapping": [7, 5, 6, 4, 1, 8, 12, 0, 10, 9, 13, 11, 14], "R": [[-0.9818519036835051, 0.1842003087869573, 0.04513408330593448], [0.17247088598651006, 0.9662347485357069, -0.19142675938637194], [-0.07887098782255553, -0.18016841278351003, -0.9804686177104117]], "T": [0.030352514624288725, -0.14883549598899584, -0.027850931039219453], "aligned_model": [[0.28356852906522867, -0.3278280214908928, -0.7080074900069646, 0.3213296822478733, 0.5887126381373099, -0.44625410052187686, -0.08227206917667962, 0.7337212162818875, -0.41202443359652524, -0.1642433221444009, 0.25363030237956186, 0.49238693285945456, 0.05519749731615657], [-0.4739074546175236, -0.48602111797738967, -0.40152022161307543, -0.5941211662470879, -0.026704168882838858, 0.43302591408962376, 0.5657774920257846, -0.1880415713767757, 0.07728904709860782, -0.16310142237855704, 0.3927380761090601, 0.5302212571790978, -0.12419523827543846], [-0.5209684361829531, 0.4107096062358924, -0.05950700124482004, 0.08559594918561944, 0.6216225500041213, -0.2698960329537314, 0.21491134846754198, -0.19888520447106295, 0.44284177881154074, -0.6816388352176178, -0.5091949827728968, 0.1994627827416974, 0.05485084404595468]], "inverted": false, "swapped": false, "error_lsq": 0.04183286025313753, "error_max": 0.2608446239696959, "target": "696.xyz", "model": "1.xyz", "model_rescale": 4.316132596720782, "target_rescale": 4.003344270349432},
{"mapping": [10, 7, 11, 5, 6, 9, 8, 2, 4, 0, 1, 12], "R": [[0.6382719768715795, -0.6563616234678304, 0.40224159752457234], [-0.7651930342153139, -0.4837960248117418, 0.4247599637026991], [-0.0841932534637276, -0.5789048502258647, -0.8110367873630407]], "T": [-0.02326221016385511, 0.03328469579516403, -0.0609553162452163], "aligned_model": [[-0.2811410051409714, 0.3815148227974713, 0.11537730864727763, -0.684719280461751, -0.4344761979123307, -0.3110799109004745, -0.08360089519733493, -0.23195653900704058, 0.5544511237575175, 0.313919150003941, 0.19802481949146067, 0.061495158554015696], [-0.6825065190830997, -0.5475025104679351, -0.6002605003999708, 0.2966375563766945, -0.1647757110030983, -0.0028423646514774345, 0.40027008537233655, 0.7086399383416044, 0.051630183657969654, -0.11233029833328934, 0.6446943029104089, 0.021122265020837146], [0.16903869799216045, 0.058578459846974074, -0.563061100115114, -0.14033440231551178, -0.5032222776431315, 0.5279184398125274, -0.593876539606862, 0.44653611921497305, -0.5153651562617143, 0.6445426871578337, -0.0368037553024291, -0.04469271157028499]], "inverted": false, "swapped": true, "error_lsq": 0.04932488204701327, "error_max": 0.260675918097413, "target": "696.xyz", "model": "2.xyz", "model_rescale": 3.795458400668931, "target_rescale": 4.003344270349432},
{"mapping": [11, 4, 3, 2, 10, 9, 1, 6, 8, 5, 0, 12], "R": [[-0.5682401396486818, 0.8193696673808184, -0.07573963208449058], [-0.0020001020032078265, -0.09341912698130295, -0.995624862237795], [-0.8228603425150733, -0.5656025237658497, 0.05472332067480962]], "T": [0.07192583717498531, 0.0015509820256819984, 0.03127215859712454], "aligned_model": [[0.12221064457094678, -0.29989765935767576, -0.6681340911314524, 0.08515380554353252, 0.22357483799780714, 0.12466878048243335, -0.13908872791842114, 0.6149721702888767, 0.3249388990864001, 0.7183366193704236, -0.5004387802255083, -0.012992672963797483], [-0.2400070348126328, -0.5936098291979394, -0.09067931236145434, 0.2558716824875764, 0.5568011233270915, 0.6205808528779037, -0.28296922503925814, -0.16506728526640185, -0.5751963030597119, 0.05926770906241802, 0.5494913170219059, -0.008714649749787428], [-0.7509246277936215, -0.18806423151896648, 0.07368679148384474, 0.8633488291997348, -0.5168661851765778, 0.24325492877275365, 0.5770688791374993, -0.25379619583981006, 0.19149395184882156, 0.3345922937852701, 0.10042823568032297, 0.014548761059829239]], "inverted": false, "swapped": true, "error_lsq": 0.05435555234893429, "error_max": 0.2943545940677651, "target": "696.xyz", "model": "3.xyz", "model_rescale": 3.7530521520055578, "target_rescale": 4.003344270349432},
{"mapping": [4, 8, 1, 2, 3, 5, 7, 6, 10, 9, 12], "R": [[-0.3409235957478134, -0.8695868026526994, -0.35719727674583035], [-0.7208827422935269, 0.48570258119911114, -0.4943895978678007], [0.6034063089873575, 0.08894827299490791, -0.792457589404933]], "T": [-0.09828935444577781, -0.045613434823030374, 0.03469535270388858], "aligned_model": [[-0.3409878045158479, -0.3544421594656901, 0.291870829681507, 0.6328935897282172, 0.25719747851880886, -0.16254923095072282, -0.2229928800082825, -0.6528340195810068, -0.3425618553037036, 0.3062193700983703, -0.07361371575644435], [-0.6905482216973018, -0.04366626064145085, -0.1924257922185148, 0.32205635608597455, -0.6999866097108767, 0.6149021882910588, -0.48175523786030056, 0.25551982421098274, 0.1717164440941937, 0.33823993663960716, -0.1268492688790262], [-0.22169134514199196, -0.5625533495777397, -0.4648985999218489, -0.260932810016935, 0.09316744302560617, -0.23506566045902533, 0.591180669090951, -0.04096116240784766, 0.7591637452754433, 0.3810272382007591, 0.05439460917794561]], "inverted": false, "swapped": true, "error_lsq": 0.04478915694045294, "error_max": 0.26456365265557796, "target": "696.xyz", "model": "4.xyz", "model_rescale": 3.7855080009869324, "target_rescale": 4.003344270349432},
{"mapping": [4, 12, 1, 6, 8, 2, 9, 7, 14, 0, 5, 10, 16], "R": [[0.19392771404130754, -0.9810156865553301, -0.0005142558578206669], [-0.6833412214994228, -0.13545934251453245, 0.717422847088945], [-0.7038727276478256, -0.13877676051091922, -0.6966377782001958]], "T": [0.04798880254875433, -0.06347560754322945, 0.11096915766938598], "aligned_model": [[0.2169549840510983, -0.48292400779404926, -0.44298944888158515, 0.39300443684387226, 0.5890427692393181, -0.5759833450209007, -0.10821248500286522, 0.7129120617920993, -0.4205206276116969, -0.2041153024354403, 0.34147536435662496, 0.5574357383244833, 0.01183722348917346], [-0.48479447961852196, -0.3912389928835357, -0.4646745797603834, -0.617579757683786, -0.06419949662422333, 0.28974928146949885, 0.6208725574229952, -0.15798965716581745, 0.19595251478989967, -0.06239576865229696, 0.2511743217546465, 0.4574895747672696, -0.030926092682257822], [-0.47293290724139025, 0.38257183448668297, -0.30265347263954145, 0.10782734992358245, 0.56104687882055, -0.06701012319765776, 0.23006057685490017, -0.2211657932422202, 0.5243616608988297, -0.6272152620514595, -0.574570268367031, 0.1158036714188117, 0.13378022098522943]], "inverted": true, "swapped": false, "error_lsq": 0.039853397393334336, "error_max": 0.2674833174584577, "target": "696.xyz", "model": "5.xyz", "model_rescale": 4.2253639853439635, "target_rescale": 4.003344270349432},
{"mapping": [8, 4, 1, 10, 2, 0, 7, 5, 3, 9, 11, 6, 13], "R": [[0.5539905004008646, -0.11238152387639261, -0.8249029752381913], [-0.7843962523979537, 0.26154778677695933, -0.5624191270361637], [0.2789570660328322, 0.9586256559905407, 0.056743343107892814]], "T": [0.03715679551559953, -0.02706362417349452, -0.08259900976363002], "aligned_model": [[0.24139807768191734, -0.2941791839278008, -0.42994008234336745, 0.32515739124131154, 0.3711879290148883, -0.7179130689775051, -0.18540014717048284, 0.6467607077081718, -0.09721153356585008, -0.296777610565695, 0.6033136426921917, 0.39214115502664204, 0.029380084535710824], [-0.4551600774490438, -0.31196241755031423, -0.5920959379473663, -0.7379560185806551, -0.19588991869700084, 0.24234158344267154, 0.7174036053581552, -0.19383508163276064, 0.34138550453096594, -0.058630823326294684, 0.3510647691558349, 0.4334570004359308, 0.0013172373933640416], [-0.6490650731342834, 0.47414191604050093, -0.11816265755202415, 0.059528168583189295, 0.4742604843350837, -0.10138685610787619, 0.0774889892950307, -0.04638274729622757, 0.5083323436058839, -0.5925870016400699, -0.4594798017475539, 0.19240067557253374, -0.029184073304900963]], "inverted": true, "swapped": false, "error_lsq": 0.05527103993797771, "error_max": 0.2983674917369749, "target": "696.xyz", "model": "6.xyz", "model_rescale": 3.89814844738969, "target_rescale": 4.003344270349432},
{"mapping": [9, 4, 11, 10, 2, 7, 0, 5, 4, 8, 6, 1, 12], "R": [[0.37841692053152776, -0.6567197120806471, 0.6523188285034763], [0.05694510835153105, 0.7199075559535093, 0.6917299802060609], [-0.9238819669688699, -0.22461596258003796, 0.30982217555232416]], "T": [-0.043466784720850415, 0.05704544280629843, -0.0582651602612332], "aligned_model": [[0.3849552897059575, -0.3282849341130577, -0.5304546265985283, 0.2664964173811888, 0.2985130841713193, -0.6382630548778537, 0.06766216022299099, 0.7083945100685344, -0.3282849341130577, -0.28690629494425346, 0.3004808044037422, 0.6753181489936619, -0.0017092089505118743], [-0.5388695761014857, -0.14106585447946834, -0.5628562834983051, -0.5545057868898977, -0.03520873886278157, 0.3289006056037999, 0.6167404516053019, -0.06795644061982321, -0.14106585447946834, -0.06413894809163563, 0.3298768064096077, 0.4368518944859806, -0.0652628499483375], [-0.5674661966099231, 0.4849901425650005, -0.24239842941948292, 0.20409255327478454, 0.5549939854170267, 0.0016251312192489958, 0.10111564846259306, -0.205424008321349, 0.4849901425650005, -0.6777313179967629, -0.5726958689067394, 0.17388110906341936, 0.049931475336469924]], "inverted": true, "swapped": false, "error_lsq": 0.04813180066176947, "error_max": 0.350518523864654, "target": "696.xyz", "model": "7.xyz", "model_rescale": 3.7474275329858107, "target_rescale": 4.003344270349432},
{"mapping": [13, 1, 2, 12, 10, 3, 5, 11, 0, 4, 9, 7, 14], "R": [[0.2138498876152677, -0.5568269253599522, -0.8026281833832648], [0.5610442287158407, 0.7426194509354358, -0.3657126255914598], [0.7996859377227942, -0.37210230620964213, 0.47121361899024206]], "T": [0.04226002458494122, -0.0386633812782623, 0.008642274270182299], "aligned_model": [[0.2837766077990292, -0.43256090649480666, -0.7142442352487967, 0.39549743653209857, 0.5102922628320551, -0.5192106750851749, -0.04246725277927937, 0.6533219332672052, -0.24361030810481532, -0.21253644252511256, 0.44025405081208063, 0.45375726599610183, 0.015647624349547425], [-0.727880942317669, -0.5423018245846406, -0.2860838401971376, -0.531540763088485, 0.050711739172481535, 0.38574656947705294, 0.6666383939124662, -0.010718230133786005, -0.016717122031392084, -0.27671443110966154, 0.4262301650771019, 0.4867591087773412, -0.0826893978201847], [-0.5155339578121705, 0.3013797366530173, -0.26535392499474864, 0.12238688337377812, 0.5987450377733489, 0.14561447618149417, -0.08296645023322503, -0.1022737654849758, 0.6019463718625371, -0.6918120810363784, -0.4450263115201968, 0.14457924193825775, -0.02178089005145234]], "inverted": true, "swapped": false, "error_lsq": 0.047913897073813355, "error_max": 0.25708112682624235, "target": "696.xyz", "model": "8.xyz", "model_rescale": 4.019505241142653, "target_rescale": 4.003344270349432},
{"mapping": [1, 6, 10, 2, 5, 9, 8, 0, 11, 1, 7, 4, 12], "R": [[-0.15840564067256271, 0.7608219260459577, 0.6293311130484766], [-0.19846371754797168, 0.5998361052637532, -0.7751185713418629], [-0.9672227281346081, -0.24768254615481272, 0.05597812528224916]], "T": [0.06491025326327364, -0.08677208652072425, 0.05332948512654449], "aligned_model": [[-0.08117821151095057, -0.2577904794548856, -0.6761585177666999, 0.39804288426702633, 0.2557343981859864, -0.42509112996441584, -0.038095661291135355, 0.5990936392258974, -0.3340091999935411, -0.08117821151095057, 0.42928865115390097, 0.7340054526375025, 0.06525374737239725], [-0.3422350813333814, -0.5811226674950951, -0.5754587365602465, -0.5742677751217408, -0.025865191142452143, 0.3030430210476254, 0.5802828454038447, -0.01408787656329856, 0.20654072794758133, -0.3422350813333814, 0.589270039484208, 0.38919024627905785, -0.07161504547923414], [-0.5547018634993427, 0.47705531412492197, -0.17068433787342718, 0.08997325639256515, 0.6939551285032775, -0.22104778757815613, 0.07708723645154253, -0.31000396207514247, 0.4302650057065964, -0.5547018634993427, -0.4260236384609492, 0.16894152244650104, 0.08979035601024177]], "inverted": true, "swapped": false, "error_lsq": 0.05693352634082526, "error_max": 0.4143337335957373, "target": "696.xyz", "model": "9.xyz", "model_rescale": 3.877068213659057, "target_rescale": 4.003344270349432},
{"mapping": [10, 2, 13, 9, 8, 3, 5, 11, 7, 6, 12, 0, 15], "R": [[0.06970250654906984, 0.8034181199812579, -0.5913213044247247], [0.4628363372449139, -0.5511467668080542, -0.6942764336795112], [-0.8836990921724936, -0.2252921790094133, -0.4102674110512573]], "T": [-0.05076416925343934, -0.060284934064144514, -0.009466642573682186], "aligned_model": [[0.3231555605041799, -0.3317480279637481, -0.6545894278781904, 0.21722833779404227, 0.4607492475232962, -0.49195226886959864, -0.0931012733785677, 0.6736379111341347, -0.1759453578160704, -0.17349009170085244, 0.27164307184558684, 0.5455760369042525, 0.016753643251667297], [-0.4802325388472654, -0.5054962116331685, -0.47944204134374596, -0.62355696840495, -0.1633071367552418, 0.32488563060039705, 0.7202271378604288, -0.06710001586093664, 0.03517512891912688, -0.07545007845243548, 0.3950620003374591, 0.46152685537300836, -0.0008523366591894274], [-0.44194649689615445, 0.39450160793510186, -0.24892618493401567, 0.2062876978128534, 0.5589200092911922, -0.2539212183158948, -0.007487390988498269, -0.1503582919144497, 0.7914725659946618, -0.6136296516034985, -0.5063649781831971, 0.06706342052565226, -0.005706722074467343]], "inverted": false, "swapped": false, "error_lsq": 0.03928009848301684, "error_max": 0.28259161976943586, "target": "696.xyz", "model": "10.xyz", "model_rescale": 4.260839863003843, "target_rescale": 4.003344270349432},
{"mapping": [6, 11, 7, 10, 0, 9, 5, 8, 4, 3, 1, 12], "R": [[-0.3583806902369011, 0.40679955982951344, 0.8402841180147562], [-0.9014338332423334, -0.384928449472983, -0.1981088919568193], [0.2428586526178464, -0.8284589349562475, 0.5046538099923599]], "T": [0.03407330577779292, 0.11140112430604146, -0.06445152547293725], "aligned_model": [[0.40513240728714833, 0.1823079564574306, -0.38804784917827345, -0.4401076326812007, -0.7080194890086164, -0.45844231997485213, 0.32320182432228617, 0.6755975602006823, 0.3538871041405314, -0.2309151086997848, 0.2433065214385833, 0.0009976747901956837], [-0.08314196473949548, -0.6767289165158439, -0.4564606048713383, -0.24596777898638963, 0.18452527586194145, 0.46914210709840054, 0.5496369000208889, 0.18145137230729008, -0.31529940695199765, -0.026809655283645206, 0.517595706463558, 0.0751354711295649], [-0.5423563939320604, -0.2364636677353314, 0.05717633347788492, -0.592841237089738, 0.21226777517421774, -0.31014694982516655, -0.5518274881309029, 0.01212299461090674, 0.4417335659908434, 0.6201454701153091, 0.39879827533931306, 0.007569399400229368]], "inverted": false, "swapped": true, "error_lsq": 0.03973569971083404, "error_max": 0.24979973606570072, "target": "696.xyz", "model": "11.xyz", "model_rescale": 3.890672605050136, "target_rescale": 4.003344270349432},
{"mapping": [3, 5, 8, 7, 12, 6, 11, 4, 9, 0, 2, 10, 13], "R": [[0.6892160415503988, 0.45542200573028674, 0.5635353092453053], [-0.26217417745805, 0.8818177247452343, -0.39199770534957623], [-0.6754598054242709, 0.12242670060791883, 0.7271628113665228]], "T": [-0.09089255207330081, 0.05965038681874625, -0.08048893557723084], "aligned_model": [[0.17512140253389563, -0.22649896804396336, -0.49099590794583836, 0.2437916178813676, 0.3890263854389545, -0.6381533360270675, -0.022772883930005136, 0.5359559179361266, -0.35967131131530505, -0.10559953032283355, 0.4097609111508783, 0.6391254943987095, 0.03882756959521315], [-0.6684425585417249, -0.37376310697018766, -0.5224674597759141, -0.6718052225359845, -0.12036276334191297, 0.22975472238203382, 0.5979509372096747, -0.01878251807146558, 0.27991634452152875, -0.10920698668981048, 0.5179640069759409, 0.4431314934889739, -0.042447463517665054], [-0.5826645969474227, 0.5509663876122416, -0.22278146220340994, 0.20221827728026848, 0.46025612998640114, -0.1407259118496051, 0.010913428484771517, -0.3837484266116655, 0.6159744895062448, -0.6461438055728628, -0.29228805976505706, 0.26528034746383017, -0.047352430734448336]], "inverted": false, "swapped": false, "error_lsq": 0.05112186706273454, "error_max": 0.3342198278568817, "target": "696.xyz", "model": "12.xyz", "model_rescale": 4.124412569039231, "target_rescale": 4.003344270349432},
{"mapping": [1, 2, 4, 8, 11, 5, 7, 6, 10, 0, 3, 9, 12], "R": [[0.6532021877886632, -0.6073893427981193, 0.4521118093164265], [0.2480511522395808, 0.7358013614151954, 0.6301325117879265], [-0.7154002570175105, -0.29945708005457805, 0.6312906853933977]], "T": [0.04928872937696892, 0.06474187005573871, -0.12478982936922331], "aligned_model": [[0.20481902794736967, -0.12063514874824045, -0.6182745567839051, 0.5100639671955464, 0.2306044644838195, -0.6131615301141277, -0.08951895895574173, 0.6541582935585416, -0.2757681517331102, -0.22135229917251048, 0.3875333712159176, 0.5470811454505187, -0.007632262993945552], [-0.6820864873858647, -0.6464513383627998, -0.3507522961515438, -0.34291886253516213, -0.24116374584400785, 0.4226495804894242, 0.6135847349128343, -0.1386251265876724, 0.06625932062726879, 0.04713236221925847, 0.38993914482871683, 0.3819302963546352, 0.021941842568400156], [-0.4092578058734535, 0.3309794210099075, -0.12512533993054784, 0.24452714589068256, 0.8047795438892514, -0.20729803250387188, 0.14461991409086214, -0.32575621906439767, 0.5377397123753405, -0.6378305025068043, -0.6619961868459348, 0.12063935537065143, -0.026116639252399654]], "inverted": true, "swapped": false, "error_lsq": 0.051993200672624695, "error_max": 0.31950879511180075, "target": "696.xyz", "model": "13.xyz", "model_rescale": 3.9028299243045295, "target_rescale": 4.003344270349432},
{"mapping": [4, 2, 8, 3, 6, 12, 11, 7, 1, 5, 10, 9, 15], "R": [[-0.7904358350686826, -0.22045839844850346, 0.571497406112045], [0.11258383584870779, 0.8648075312508321, 0.4893187241435102], [-0.6021096831515551, 0.4511164244907985, -0.6587548109955418]], "T": [-0.022486910698625434, -0.06870740386522886, -0.05768169378939987], "aligned_model": [[0.28211836404678625, -0.4153265556646961, -0.6812909501348797, 0.3383258826735851, 0.3394554157694052, -0.6118014568692008, -0.12237931628172824, 0.872307350073793, -0.1755330373800856, -0.2514217840517969, 0.40458822337414313, 0.532190101432149, 0.07668512436265831], [-0.4640457325866889, -0.483455978385838, -0.42702312361216266, -0.5421449843543193, -0.06378260567433026, 0.29676418473117827, 0.5982296061793055, 0.022434307838784334, 0.15349613971513149, -0.1322029914938575, 0.18142372790553354, 0.4184780080403808, -0.016731133169630527], [-0.5162517607624894, 0.4068722888991988, -0.24232795603788138, 0.12768397389944064, 0.5021234159791031, -0.11581234458115898, 0.2441017058163501, -0.16568343041235678, 0.5334200098716024, -0.511178074998352, -0.6148117044913712, 0.17860043228809386, -0.03683218882089348]], "inverted": false, "swapped": false, "error_lsq": 0.03470416299049183, "error_max": 0.20611855472082896, "target": "696.xyz", "model": "14.xyz", "model_rescale": 3.942246331269136, "target_rescale": 4.003344270349432},
{"mapping": [7, 5, 1, 9, 10, 12, 13, 6, 4, 0, 8, 11, 14], "R": [[0.1918718714379041, 0.9036704890680998, 0.38283786664636293], [-0.21522035728122813, -0.34184729219056015, 0.9147790042593472], [0.9575308782293432, -0.25791486193975677, 0.1288974058231557]], "T": [0.013948503613019539, -0.058289393954162466, 0.0642653642931931], "aligned_model": [[0.45914826261338487, -0.3296234345275913, -0.7617149582632352, 0.49613238967330836, 0.4126833493913998, -0.6469751413699437, -0.17300564424941, 0.5529733196883595, -0.035507878691957886, -0.15814445102470687, 0.323916313844613, 0.49012654977501546, -0.042091315509103985], [-0.48959153308063774, -0.5865738338976223, -0.22272824605785643, -0.6919871228518221, -0.1423369738190008, 0.3859521939530074, 0.7293244140576133, -0.0648594518792382, 0.21778059954627768, -0.24137148379265974, 0.257252982548108, 0.47224074551575423, -0.08166286510843636], [-0.524593827279786, 0.1394546722102343, -0.10290967454210123, 0.18295906482573404, 0.6498821699981839, -0.1198693832122657, 0.13938182408423344, -0.08472615000285053, 0.5790501755110219, -0.6268080371720085, -0.5707101403834217, 0.14109806647087947, -0.012304393858567589]], "inverted": false, "swapped": false, "error_lsq": 0.04726216264261456, "error_max": 0.28978187342804274, "target": "696.xyz", "model": "15.xyz", "model_rescale": 4.355366556412066, "target_rescale": 4.003344270349432},
{"mapping": [10, 7, 11, 5, 6, 9, 8, 2, 4, 0, 1, 12], "R": [[0.6382719768715795, -0.6563616234678304, 0.40224159752457234], [-0.7651930342153139, -0.4837960248117418, 0.4247599637026991], [-0.0841932534637276, -0.5789048502258647, -0.8110367873630407]], "T": [-0.02326221016385511, 0.03328469579516403, -0.0609553162452163], "aligned_model": [[-0.2811410051409714, 0.3815148227974713, 0.11537730864727763, -0.684719280461751, -0.4344761979123307, -0.3110799109004745, -0.08360089519733493, -0.23195653900704058, 0.5544511237575175, 0.313919150003941, 0.19802481949146067, 0.061495158554015696], [-0.6825065190830997, -0.5475025104679351, -0.6002605003999708, 0.2966375563766945, -0.1647757110030983, -0.0028423646514774345, 0.40027008537233655, 0.7086399383416044, 0.051630183657969654, -0.11233029833328934, 0.6446943029104089, 0.021122265020837146], [0.16903869799216045, 0.058578459846974074, -0.563061100115114, -0.14033440231551178, -0.5032222776431315, 0.5279184398125274, -0.593876539606862, 0.44653611921497305, -0.5153651562617143, 0.6445426871578337, -0.0368037553024291, -0.04469271157028499]], "inverted": false, "swapped": true, "error_lsq": 0.04932488204701327, "error_max": 0.260675918097413, "target": "696.xyz", "model": "16.xyz", "model_rescale": 3.795458400668931, "target_rescale": 4.003344270349432},
{"mapping": [9, 4, 11, 10, 2, 7, 0, 5, 4, 8, 6, 1, 12], "R": [[0.37841692053152776, -0.6567197120806471, 0.6523188285034763], [0.05694510835153105, 0.7199075559535093, 0.6917299802060609], [-0.9238819669688699, -0.22461596258003796, 0.30982217555232416]], "T": [-0.043466784720850415, 0.05704544280629843, -0.0582651602612332], "aligned_model": [[0.3849552897059575, -0.3282849341130577, -0.5304546265985283, 0.2664964173811888, 0.2985130841713193, -0.6382630548778537, 0.06766216022299099, 0.7083945100685344, -0.3282849341130577, -0.28690629494425346, 0.3004808044037422, 0.6753181489936619, -0.0017092089505118743], [-0.5388695761014857, -0.14106585447946834, -0.5628562834983051, -0.5545057868898977, -0.03520873886278157, 0.3289006056037999, 0.6167404516053019, -0.06795644061982321, -0.14106585447946834, -0.06413894809163563, 0.3298768064096077, 0.4368518944859806, -0.0652628499483375], [-0.5674661966099231, 0.4849901425650005, -0.24239842941948292, 0.20409255327478454, 0.5549939854170267, 0.0016251312192489958, 0.10111564846259306, -0.205424008321349, 0.4849901425650005, -0.6777313179967629, -0.5726958689067394, 0.17388110906341936, 0.049931475336469924]], "inverted": true, "swapped": false, "error_lsq": 0.04813180066176947, "error_max": 0.350518523864654, "target": "696.xyz", "model": "17.xyz", "model_rescale": 3.7474275329858107, "target_rescale": 4.003344270349432},
{"mapping": [3, 12, 7, 10, 5, 2, 6, 8, 9, 1, 0, 4, 13], "R": [[-0.45301208558101586, -0.8795063616547174, -0.14576903006613004], [0.8799056758075978, -0.46739040162843554, 0.08551148546940635], [-0.1433389409724838, -0.08952526053852972, 0.9856161401511216]], "T": [0.004212859975479516, -0.1394141883062749, -0.05618950563420047], "aligned_model": [[0.3421607615361658, -0.25543785778611106, -0.7138784651807321, 0.40231727218512714, 0.37304496338742754, -0.41723182630948197, -0.12395809026520743, 0.712869190487496, -0.25043048253856515, -0.21702498504551318, 0.2624835388359973, 0.4888438018836865, -0.015840459840157202], [-0.4897176942095488, -0.4748724548750408, -0.3610438505855049, -0.6692961598200653, -0.22353691013507515, 0.36675960942041713, 0.590136400579873, -0.07668364864576432, 0.18586566241172203, -0.1963537281999035, 0.4861572722416178, 0.4485323888882346, -0.04450746193747468], [-0.5291248615675859, 0.5596726376008496, -0.004765546532553677, 0.13662476693742828, 0.56033801511011, -0.3207744385135898, 0.15904747360172464, -0.1597536685374213, 0.47018864046062714, -0.7091291058552667, -0.5472078301087284, 0.27347319248469615, -0.0986849084310044]], "inverted": false, "swapped": false, "error_lsq": 0.04454049346790035, "error_max": 0.30569880695754864, "target": "696.xyz", "model": "18.xyz", "model_rescale": 3.922800546911778, "target_rescale": 4.003344270349432},
{"mapping": [9, 5, 0, 7, 13, 1, 6, 11, 8, 2, 10, 4, 14], "R": [[-0.6966562420739757, 0.18036080131127766, -0.6943630618989756], [-0.007016542422457542, 0.9661221264587625, 0.25798993177880647], [0.7173707887221228, 0.1846023242463463, -0.6717895007895307]], "T": [-0.009962585429149073, -0.0766089806912594, 0.08464382639046977], "aligned_model": [[0.29071209279113797, -0.6217977307980772, -0.6638714916942113, 0.4858984520237562, 0.5090930033155381, -0.6171484077320469, -0.08399253462866194, 0.6885619945149263, -0.1478653887308849, -0.13819779844345492, 0.36645906921013605, 0.47515520191465044, 0.04491089960732454], [-0.3863333785765104, -0.3252427027826257, -0.5228913386878178, -0.701765230531599, -0.10073701043644859, 0.2781773090162327, 0.6074105052182408, -0.07885024659937916, 0.23130836905971133, -0.1072838013830886, 0.3442335198761818, 0.4568020185526174, -0.15338858759202761], [-0.6055798483315217, 0.46723074111193674, -0.18308333869581714, 0.04575277497311839, 0.5338797118601271, -0.1465164854404999, 0.03560627515947612, -0.05428781402987218, 0.5950949764386209, -0.6194468980950089, -0.4913761167521894, 0.14789394402253608, 0.06473644442837982]], "inverted": true, "swapped": false, "error_lsq": 0.04344479651852983, "error_max": 0.34908230728270373, "target": "696.xyz", "model": "19.xyz", "model_rescale": 3.9282355846067225, "target_rescale": 4.003344270349432},
{"mapping": [7, 9, 8, 12, 10, 4, 0, 2, 11, 6, 5, 1, 13], "R": [[-0.6783990981569465, 0.72350120551839, 0.1277523746678646], [0.6837662361391934, 0.5581433416758512, 0.470042279437664], [0.2687720185136145, 0.4062290188506365, -0.8733496357746804]], "T": [-0.015611922675345474, -0.05442613387094772, -0.119433784894313], "aligned_model": [[0.3291229186943616, -0.2974319363437333, -0.7247524721492572, 0.2188378192646637, 0.49060148723967867, -0.5411365506521079, -0.07271389223960975, 0.8037819974726598, -0.30145859693726296, -0.16618049740422355, 0.34841974047725655, 0.4264060358070537, 0.07442130812065274], [-0.5111675199695253, -0.5442278877736111, -0.32400123121616276, -0.7815539497998047, -0.08934571141682782, 0.2857224279035737, 0.607515367406042, 0.030766969258693558, 0.08699894601394428, -0.051118537292296456, 0.23177508018276624, 0.5457413407393118, 0.05433413109738365], [-0.3656917223301969, 0.27943530015441487, -0.17484612207063568, 0.25354450277717994, 0.5768154202884911, -0.032885149709104694, 0.3264022860509229, -0.11222620808205995, 0.5221687376372836, -0.7551713236365611, -0.6421765185072469, -0.0424927483428848, -0.04297208758031636]], "inverted": true, "swapped": false, "error_lsq": 0.048536276147464016, "error_max": 0.30531247370056236, "target": "696.xyz", "model": "20.xyz", "model_rescale": 4.067790424073018, "target_rescale": 4.003344270349432},
{"mapping": [13, 9, 12, 1, 8, 3, 2, 5, 0, 11, 6, 4, 14], "R": [[0.8467749474098359, -0.5254558743888456, -0.08287528286119929], [0.4924765065840598, 0.7154700654767255, 0.49554967043626497], [-0.2010947013270874, -0.4604331759082789, 0.8646168004504572]], "T": [0.0629590155316829, -0.05804200442314103, -0.00651373024251436], "aligned_model": [[0.343801463265897, -0.25730979654988717, -0.6564761675261738, 0.3926805909172073, 0.41144853322779307, -0.5976204216736191, -0.04329912088479741, 0.648398297747893, -0.27386657883011334, -0.2570382573326522, 0.22026890888703218, 0.6223545476288683, 0.03457536247268435], [-0.47755199456924813, -0.7295323291450749, -0.3123102734455947, -0.7537403101581106, -0.05068099830372488, 0.41474551891165734, 0.6649464525954244, -0.12797271323974496, 0.2301940670109718, -0.15038127777676547, 0.4607703861038882, 0.49931949751095084, -0.12636660036114195], [-0.4915522779843059, 0.2183829822314168, -0.0756117160635278, 0.27737471862710716, 0.444783032841264, -0.25920283086083135, 0.13391002487798795, -0.035438869143857764, 0.5483975380049513, -0.5606864992731307, -0.5101447495250141, 0.1309536825059582, -0.0312606695887317]], "inverted": true, "swapped": false, "error_lsq": 0.04480448301418508, "error_max": 0.30447800763759675, "target": "696.xyz", "model": "21.xyz", "model_rescale": 4.186013935880536, "target_rescale": 4.003344270349432},
{"mapping": [0, 5, 3, 2, 8, 4, 10, 1, 11, 6, 7, 9, 12], "R": [[-0.3989914955548148, 0.579875552210283, -0.7103169225238495], [-0.7130880328694607, 0.2907788444628741, 0.6379287742304772], [0.5764644341616365, 0.7610466526840886, 0.2974840308067797]], "T": [0.0741007899558031, -0.026349595150124406, 0.007048455070555255], "aligned_model": [[0.2882524535837153, -0.16104270519659786, -0.7730900702895456, 0.4480381968768766, 0.31984962938875333, -0.4623459335520445, 0.07408941121637308, 0.706593404931696, -0.3109259841352695, -0.23769525214417547, 0.20355533831828768, 0.46456845304026007, 0.02807041931180304], [-0.5211675778766436, -0.7490005022504166, -0.3794717014770971, -0.5988770185109448, -0.10311081114339807, 0.4237616498967356, 0.8062662436198035, -0.05508557437615212, 0.10547589676359286, -0.12403659348632788, 0.4034931364853581, 0.3602264009397331, -0.027034123450755378], [-0.47366213347751007, 0.15203803838430152, -0.09250594752690326, 0.29354866112624906, 0.7291172567371336, -0.18593063366324128, -0.048181043730715536, -0.3593537439283376, 0.4901037330942904, -0.4436103155131822, -0.5732966886579549, 0.2960895655908924, 0.005547618214263476]], "inverted": false, "swapped": false, "error_lsq": 0.05429073991019299, "error_max": 0.3819304260067586, "target": "696.xyz", "model": "22.xyz", "model_rescale": 4.166573947596378, "target_rescale": 4.003344270349432},
{"mapping": [3, 12, 14, 2, 1, 10, 7, 4, 5, 9, 8, 0, 15], "R": [[-0.2863456746511716, -0.527336581284218, -0.7999514264304046], [-0.9357286700045356, -0.02555485987814765, 0.35179369702732216], [-0.20595633211947734, 0.849272087835272, -0.4861264342573957]], "T": [-0.013520958679373793, -0.16553573615023626, -0.04372154880057015], "aligned_model": [[0.3752268862800048, -0.39437495534724537, -0.7995129410659024, 0.4756848859849497, 0.41258792600697586, -0.5426635193985192, -0.09353867298998161, 0.6950041478287671, -0.1459705424278449, -0.2066635719039897, 0.31503781967171046, 0.48483775743197305, 0.012262141279234685], [-0.44821784765165285, -0.6773281885036921, -0.2215597291782133, -0.557692195281551, -0.07076390204553967, 0.3578707096007287, 0.5287600377686603, -0.010318599952419266, 0.2787989331765974, -0.23836721843898986, 0.3181883699692201, 0.4295645221190651, -0.14749546644872666], [-0.40482068877822786, 0.10594499443926476, -0.11482484724404683, 0.20061467916603115, 0.5197929396723783, -0.12735812026309667, 0.10773864849588873, -0.16099613020152853, 0.6462681544562364, -0.6074951491282935, -0.6024157930420533, 0.20975435838130657, 0.017701320695426875]], "inverted": false, "swapped": false, "error_lsq": 0.04585053781632061, "error_max": 0.32179220835666555, "target": "696.xyz", "model": "23.xyz", "model_rescale": 4.274766983524099, "target_rescale": 4.003344270349432},
{"mapping": [9, 1, 3, 7, 4, 11, 10, 6, 5, 8, 12], "R": [[-0.954546629134512, 0.08740945251547108, -0.2849566991998711], [-0.2890420756748612, -0.5048676064179436, 0.8133654642775191], [-0.07276957673030694, 0.858759737994721, 0.5071846814541326]], "T": [0.03979722145288675, 0.09993104197055015, -0.027317994521512838], "aligned_model": [[0.39779124755377704, 0.21993814042185386, -0.42562889896282063, -0.5746093151043208, -0.5196843364658902, -0.5587768438129326, -0.10464934489818603, 0.13336614557383095, 0.6851988836134628, 0.1560234748806322, -0.02907444884133159], [-0.26782814209032685, 0.6923471193832695, 0.4244862264481274, -0.22015572215476853, 0.544568529801834, -0.17584037755500004, -0.6816639375778994, -0.10389177259642403, 0.027150042274870834, 0.5517453979931742, 0.1246691673166263], [-0.43659779336618765, -0.22723146479904693, -0.5131539590549055, -0.21572080837068927, 0.14546929257783944, 0.4609133671890312, -0.026807901572759245, 0.5673466591330383, 0.2749084849480552, 0.4250969799101062, -0.07465642257290467]], "inverted": false, "swapped": true, "error_lsq": 0.04843795133995212, "error_max": 0.22412586844490137, "target": "696.xyz", "model": "24.xyz", "model_rescale": 3.7841303162186577, "target_rescale": 4.003344270349432},
{"mapping": [1, 11, 10, 6, 3, 14, 12, 4, 13, 8, 2, 5, 15], "R": [[-0.0839299700327959, 0.9897994290576242, -0.11512102487163423], [0.8021701044413592, -0.0014264964190103258, -0.5970938692102824], [-0.5911673905678774, -0.14246071509426028, -0.7938677855814523]], "T": [-0.06788172998933571, -0.1582839345576319, -0.13589672146129006], "aligned_model": [[0.3801106040549265, -0.30053018171165763, -0.824354091319495, 0.3652288549231157, 0.39920124942031143, -0.6516144020682357, -0.06242134519691034, 0.6779219557813781, -0.26190870080132667, 0.08114299012642191, 0.29800632307264874, 0.5133252176224685, -0.02619111255351382], [-0.4900229612314764, -0.4775551203511864, -0.3226185499431238, -0.5871667554548441, -0.031551445552625734, 0.3503615538426881, 0.5588524725384871, -0.13686986042778168, 0.1529566202361463, -0.1394276014269033, 0.39003155938973144, 0.46324120003347624, -0.18879168651910067], [-0.6281247993096266, 0.5224103322726572, -0.213348680809483, 0.2520481192301064, 0.5081329783271237, 0.03683109039363078, 0.11079633527789745, -0.13113829962892232, 0.5551046163957538, -0.7076430420739777, -0.5023241762882877, 0.07680902966678332, -0.08964913680436964]], "inverted": true, "swapped": false, "error_lsq": 0.04519451843257068, "error_max": 0.30340700736981985, "target": "696.xyz", "model": "25.xyz", "model_rescale": 4.19342608120988, "target_rescale": 4.003344270349432},
{"mapping": [10, 7, 11, 5, 6, 9, 8, 2, 4, 0, 1, 12], "R": [[0.6382719768715795, -0.6563616234678304, 0.40224159752457234], [-0.7651930342153139, -0.4837960248117418, 0.4247599637026991], [-0.0841932534637276, -0.5789048502258647, -0.8110367873630407]], "T": [-0.02326221016385511, 0.03328469579516403, -0.0609553162452163], "aligned_model": [[-0.2811410051409714, 0.3815148227974713, 0.11537730864727763, -0.684719280461751, -0.4344761979123307, -0.3110799109004745, -0.08360089519733493, -0.23195653900704058, 0.5544511237575175, 0.313919150003941, 0.19802481949146067, 0.061495158554015696], [-0.6825065190830997, -0.5475025104679351, -0.6002605003999708, 0.2966375563766945, -0.1647757110030983, -0.0028423646514774345, 0.40027008537233655, 0.7086399383416044, 0.051630183657969654, -0.11233029833328934, 0.6446943029104089, 0.021122265020837146], [0.16903869799216045, 0.058578459846974074, -0.563061100115114, -0.14033440231551178, -0.5032222776431315, 0.5279184398125274, -0.593876539606862, 0.44653611921497305, -0.5153651562617143, 0.6445426871578337, -0.0368037553024291, -0.04469271157028499]], "inverted": false, "swapped": true, "error_lsq": 0.04932488204701327, "error_max": 0.260675918097413, "target": "696.xyz", "model": "26.xyz", "model_rescale": 3.795458400668931, "target_rescale": 4.003344270349432},
{"mapping": [7, 6, 0, 5, 8, 2, 9, 10, 1, 3, 4, 11, 12], "R": [[0.6220092352853557, -0.71034198310119, -0.32942188491901364], [-0.7187362716748594, -0.6848930725489755, 0.11974828163003662], [-0.31068099877309824, 0.16228292029136196, -0.9365583648567011]], "T": [0.048927244001221976, 0.0763600792822514, 0.054949377156574206], "aligned_model": [[0.13874689426749254, -0.09366674057284022, -0.6249650572849292, 0.41929741765116346, 0.33902873927254107, -0.763065390219216, -0.12927035571847714, 0.6122146722865537, -0.3426872107504132, -0.18724202732021408, 0.5185296698140767, 0.6440164581410215, 0.056980291783372994], [-0.5711706789699849, -0.5719516548645988, -0.3057066761462131, -0.5635982015043722, -0.06393525972826332, 0.37644846779742536, 0.4536934785934367, -0.13662917502083782, 0.057594307086183814, 0.02130814572425148, 0.46286552808855064, 0.45743124207896313, -0.07491009800105379], [-0.4275902027461989, 0.5454040749693915, -0.24698994250308048, 0.19686414454663653, 0.7083329171998186, -0.10458066687690017, -0.046240599292734885, -0.32587772166432527, 0.4983894916869287, -0.6423811891768431, -0.5185924978188355, 0.1655305140315953, -0.012363955706166177]], "inverted": true, "swapped": false, "error_lsq": 0.04858217186260088, "error_max": 0.3400888525802524, "target": "696.xyz", "model": "27.xyz", "model_rescale": 3.6321398670334006, "target_rescale": 4.003344270349432},
{"mapping": [9, 8, 12, 10, 0, 4, 1, 11, 3, 6, 13, 2, 14], "R": [[-0.6988430106550574, 0.0404694964777777, -0.7141293064378541], [-0.18740377384538692, -0.973880833049041, 0.12820276349678641], [-0.6902885425726567, 0.22342413225643515, 0.6881739497528053]], "T": [-0.005681134147580175, -0.08018076582906597, 0.0664156091482683], "aligned_model": [[0.22210726156239363, -0.2267914010751763, -0.5924218428564081, 0.4571544353067284, 0.3738909810836314, -0.5718285409975485, -0.037942789281518036, 0.6206188192417906, -0.25194627824449123, -0.302402494210537, 0.3415160959500101, 0.5423952226524344, 0.013567892218822611], [-0.4527342802308394, -0.4912790713660784, -0.5649872026424392, -0.6864400134370924, -0.11998126337635152, 0.4762349396352248, 0.5868692469740229, -0.07049133586050296, 0.14140041923793678, 0.0233461451846336, 0.23157605797921782, 0.4953762126497929, -0.02745042961403823], [-0.43943860592460526, 0.2880866465852042, -0.2563967054063855, 0.21775824469510222, 0.5601287079756528, -0.17095736485838467, 0.10206195782134121, -0.07564184313801361, 0.6679264878441429, -0.644320664246524, -0.603464304071692, 0.10872560056312058, 0.03543620881032723]], "inverted": false, "swapped": false, "error_lsq": 0.034081006393370895, "error_max": 0.18854561152210553, "target": "696.xyz", "model": "28.xyz", "model_rescale": 4.156811204709835, "target_rescale": 4.003344270349432},
