[{"mapping": [7, 4, 11, 5, 12, 2, 0, 9, 1, 6, 13], "R": [[0.46791863188520433, 0.7655545047466479, -0.4415636468243205], [-0.7153507709437519, 0.03468982414602167, -0.6979039264905293], [-0.5189657295475865, 0.6424351456472728, 0.5638720202247215]], "T": [-0.06453512750994161, -0.023383351526655053, 0.1707447374429837], "aligned_model": [[-0.07418457504231696, 0.3101905897352219, -0.7095100264823062, -0.5715632195135979, -0.1919294236732767, 0.6769769551517141, 0.5276875208269468, 0.17208942272283181, -0.04454551628442821, 0.07686662856946169, -0.10643741237057548], [0.32475866750615756, -0.14556345317009267, 0.07054262781196305, -0.5657517111400043, 0.45061360343528206, -0.1162949868709432, 0.31263626112183296, 0.6370771924221994, -0.0510034682040052, -0.6367268209086856, 0.061820841966514606], [-0.5001490732465662, -0.6999198858239648, -0.07874901186579192, 0.31621066765021105, 0.477693247726819, -0.010322942428735687, 0.5337538134907166, -0.04030943540879259, 0.7468364471739554, -0.263261732706631, 0.03836533500425077]], "inverted": true, "swapped": false, "error_lsq": 0.05477395831315603, "error_max": 0.36700437239153094, "target": "697.xyz", "model": "0.xyz", "model_rescale": 3.8414455957264533, "target_rescale": 3.730864250585971},
{"mapping": [12, 8, 10, 5, 1, 13, 0, 11, 4, 9, 14], "R": [[-0.40022204710976667, 0.48975636229206504, 0.7745715064483791], [-0.49356966384453477, 0.5969572187314027, -0.6324800913363687], [-0.7721472009530701, -0.6354374749720949, 0.0028134429845820264]], "T": [-0.02357045052848601, -0.15216099967780167, 0.13673445392077285], "aligned_model": [[-0.09716371390468938, 0.07593095021298597, -0.5790500591972613, -0.6533635779607176, -0.23305620524924675, 0.6235484085017428, 0.47041729791272374, 0.2040935828977291, -0.07934894082809163, 0.40551898723850194, -0.07188578598400219], [0.3558522721399066, -0.19888656742629082, -0.0044121674103604624, -0.3196430026184316, 0.5969070248810044, 0.040605696014116316, 0.1276144450156032, 0.6508170503532023, -0.19774216259398034, -0.6316142256474075, -0.07738960873714334], [-0.42788585310845617, -0.6457095313392822, -0.23474096562563798, 0.23488322015151678, 0.5155625208870193, -0.20812085480850276, 0.5875328284118068, -0.03548848642832053, 0.6758340295608362, -0.0902380961763471, 0.14851861804083843]], "inverted": false, "swapped": false, "error_lsq": 0.04338225202993891, "error_max": 0.27346511387647604, "target": "697.xyz", "model": "1.xyz", "model_rescale": 4.316132596720782, "target_rescale": 3.730864250585971},
{"mapping": [5, 3, 9, 10, 1, 4, 2, 0, 8, 6, 11], "R": [[0.5640910339685922, 0.40234792791010304, 0.7210530149043768], [0.04417032479603378, 0.8572954477918872, -0.5129264056399523], [-0.8245303437737497, 0.3211863323707198, 0.4658208369046923]], "T": [-0.1010239877263906, 0.031362580424848546, -0.004052796074733793], "aligned_model": [[-0.08538517135986201, 0.04305160955523321, -0.7235449199176345, -0.44651671475831556, -0.2973006597123632, 0.6490362545401973, 0.4456788701498146, 0.19385324565741208, -0.062350539873072985, 0.3406139432047996, 0.008505026153466239], [0.3761959258655464, -0.3070673166700174, 0.41631515549338827, -0.4521485030382989, 0.31173867510107456, 0.03230463595893951, 0.2512762227254065, 0.6767496111024779, -0.27449852447899903, -0.6593890968819139, -0.02936803120738566], [-0.5486675894946598, -0.547858308973797, -0.12334533215246804, 0.20591769310321367, 0.4172095651362178, -0.18220575462188016, 0.5904885202903224, -0.024958691211565034, 0.6973668106878844, 0.05850934311680712, -0.022308826314604638]], "inverted": true, "swapped": false, "error_lsq": 0.045756292774818456, "error_max": 0.30287298041658284, "target": "697.xyz", "model": "2.xyz", "model_rescale": 3.795458400668931, "target_rescale": 3.730864250585971},
{"mapping": [5, 9, 10, 4, 2, 8, 1, 6, 0, 7, 11], "R": [[0.38247409328660725, -0.8645697791090607, 0.32593352852368146], [-0.7515761621420687, -0.08592647433850503, 0.654025927244137], [-0.5374447324743138, -0.49511184398988484, -0.6826546868487385]], "T": [-0.002048522325025134, 0.0623864418424807, 0.06278385423777691], "aligned_model": [[-0.34905002891971004, 0.24827542172661113, -0.7105749615179351, -0.48242774963593643, -0.17795317277532277, 0.7331467927085445, 0.3974461087908993, 0.29491825704888125, -0.20318797600326155, 0.34084863095610224, -0.025800378739198077], [0.16258879406192672, -0.27095138110067896, 0.24707715577153472, -0.3558526969029443, 0.6903955574259165, 0.19309675562619805, 0.14883324268843953, 0.5592099241682832, -0.35389777933946204, -0.6198110628024519, -0.05857975562654302], [-0.540021303819064, -0.699304370075669, 0.11654592779483797, -0.009787173819246736, 0.4657570743269632, -0.16735870952344384, 0.5415320472293557, -0.04800177650401358, 0.6940193978700289, 0.044606848326512794, 0.1221594677592092]], "inverted": false, "swapped": false, "error_lsq": 0.06021370236846191, "error_max": 0.34536657007553395, "target": "697.xyz", "model": "3.xyz", "model_rescale": 3.7530521520055578, "target_rescale": 3.730864250585971},
{"mapping": [5, 5, 1, 2, 0, 8, 6, 7, 4, 9, 10], "R": [[-0.17312002124121545, 0.17125221038737518, 0.9698980042679124], [-0.973313824841609, -0.18035801628519774, -0.1418844048296578], [0.15063086210215682, -0.9685781674181524, 0.19790572751503294]], "T": [-0.045317889768159064, -0.09688772258639468, 0.04394634382069952], "aligned_model": [[0.021802940053215203, 0.021802940053215203, -0.7321545393902571, -0.6382994501900632, -0.17733641824715815, 0.8085557147197384, 0.44120856013343857, 0.15446598815624754, -0.06289352313500943, 0.3020806153682294, -0.073591883881922], [0.004189207646254869, 0.004189207646254869, 0.20715347472130674, -0.29635687015404627, 0.48370648792173876, 0.21046968145457257, 0.08623719133833362, 0.4403031273170587, -0.2698065741952359, -0.4974842734277596, -0.03049190629825936], [-0.6651643600675896, -0.6651643600675896, -0.2025090028150402, 0.308409784007142, 0.6146492933773013, -0.08988484011691365, 0.5693916997675647, -0.13116314608461194, 0.7577397819255925, -0.08333464818600304, 0.10717722782561774]], "inverted": false, "swapped": false, "error_lsq": 0.06000675967103175, "error_max": 0.3756865022193644, "target": "697.xyz", "model": "4.xyz", "model_rescale": 3.7855080009869324, "target_rescale": 3.730864250585971},
{"mapping": [14, 12, 3, 5, 10, 13, 8, 15, 7, 6, 16], "R": [[0.05792595448941543, 0.25270357225750634, 0.9658082047512258], [0.9719310635828594, 0.2066930234833463, -0.11237438180477247], [-0.22802322565734845, 0.9452083889871103, -0.23363756108385006]], "T": [-0.05512580965988414, -0.08612066567757, -0.06480586738959013], "aligned_model": [[-0.017357728526478468, 0.22520738462732162, -0.7158853128504853, -0.6935490205414477, -0.25319958630001943, 0.6508327729445883, 0.4105991262992731, 0.24595392095182064, -0.08757100993110928, 0.3673832244421646, -0.06677282747595352], [0.3699985272024864, -0.1746264274479415, 0.1275372384873001, -0.27377592980321885, 0.3267857380971775, 0.004742412931542969, 0.2065988583460367, 0.6737056630641832, -0.36044416286043257, -0.5114057321111919, -0.04700743193572334], [-0.5630289624652959, -0.6785202091841509, -0.07760369261207817, 0.3959593117124237, 0.5019739441806559, -0.19983926869518126, 0.3741991875298861, 0.041650943813208274, 0.6316590633489451, 0.19344942575590604, -0.09975231381884797]], "inverted": false, "swapped": false, "error_lsq": 0.0456159777203114, "error_max": 0.22437125401691424, "target": "697.xyz", "model": "5.xyz", "model_rescale": 4.2253639853439635, "target_rescale": 3.730864250585971},
{"mapping": [6, 11, 7, 0, 4, 5, 10, 2, 1, 8, 13], "R": [[0.8774114656782589, -0.3971278627551295, -0.26914416307970035], [0.3518137165979582, 0.9140592429263424, -0.20179893268908322], [0.32615368878775686, 0.0823720889893205, 0.941721089413248]], "T": [-0.04833532098247687, -0.04780817204002717, 0.03212789419262019], "aligned_model": [[-0.11778342616204221, 0.19253315029455778, -0.7170720268437509, -0.7864717710052126, -0.19938006362136976, 0.511908928071406, 0.6024522806368886, 0.2270690114508194, -0.032517788538935756, 0.4653531077165249, -0.08045045835921061], [0.34408948863061606, -0.2353197121552717, 0.10581224211902761, -0.24055519925386437, 0.3807727163900313, 0.13195971412053698, 0.1090822197095055, 0.5618708500155954, -0.24614862379435848, -0.5732443678565093, 0.0037894260449091444], [-0.47315534555609196, -0.6836762624602046, -0.3660971710836929, 0.27924287547595117, 0.5747283180776168, -0.20143399259137162, 0.4325943434044502, 0.08327039881942294, 0.7386097784780927, 0.10897760431142843, 0.027086882689869262]], "inverted": true, "swapped": false, "error_lsq": 0.04968294263645134, "error_max": 0.246695715332542, "target": "697.xyz", "model": "6.xyz", "model_rescale": 3.89814844738969, "target_rescale": 3.730864250585971},
{"mapping": [8, 3, 9, 5, 10, 7, 4, 11, 2, 0, 12], "R": [[-0.6927256696795971, 0.715287304273871, -0.09216951183321132], [-0.09339017915783299, -0.21569122101474458, -0.9719853762346615], [-0.7151289541081535, -0.6647114934479375, 0.2162156550169092]], "T": [0.061929226720055235, -0.04155976534808961, 0.02179363401956095], "aligned_model": [[-0.07440150349867702, 0.2956060887214619, -0.7522794324525005, -0.6513531753794538, -0.31709736969542524, 0.6719415263680945, 0.45082350818511036, 0.10938740322710769, 0.02953684891786356, 0.2762065240983488, 0.02727052514774466], [0.2909397514853652, -0.37495681835167516, 0.31345012038386955, -0.3097349325354326, 0.260591545823449, 0.03592813724990761, 0.18336034421707234, 0.7624290085680648, -0.24724657932692834, -0.5929260639640029, 0.020274240420529208], [-0.5513946209353711, -0.6757903866429045, -0.07295930469805373, 0.16973584768429875, 0.5731075984891205, -0.20876069531526228, 0.4840359628269169, -0.05999965496207963, 0.6986920849976386, -0.011234112605822862, 0.17471471072698996]], "inverted": true, "swapped": false, "error_lsq": 0.041199897986532584, "error_max": 0.22603479910749816, "target": "697.xyz", "model": "7.xyz", "model_rescale": 3.7474275329858107, "target_rescale": 3.730864250585971},
{"mapping": [0, 10, 3, 8, 2, 12, 13, 1, 4, 11, 14], "R": [[-0.1925077006273323, -0.9591128535414817, -0.2074688395173923], [-0.12589141091360895, -0.18553760702761818, 0.974539454838359], [-0.9731865894356324, 0.21372489454900012, -0.08502665224893041]], "T": [-0.022199911799706103, -0.0854784295407139, -0.056799371747496614], "aligned_model": [[-0.16463900309738244, 0.2819638376974162, -0.6939592527777797, -0.4983890120911946, -0.36569060228793643, 0.5895845473089967, 0.5949708819121496, 0.07038947914573815, -0.08668768655762454, 0.34827372645126087, -0.010175972063969353], [0.3575798721121548, -0.21398006495818767, 0.12966224042663405, -0.25742646867076263, 0.47105531924253, -0.007774155671721697, -0.09078852409508452, 0.6592834546872278, -0.07068889575491502, -0.5799768948709813, -0.05483712847667525], [-0.5233009089729697, -0.7396134773978915, -0.18559540009976036, 0.40024343637821747, 0.4731759369821026, -0.07481159578896537, 0.5967936537488515, -0.01731823023094365, 0.722846985547076, -0.12535961341107962, -0.0069133571891666565]], "inverted": true, "swapped": false, "error_lsq": 0.04479261304772048, "error_max": 0.2484166323261661, "target": "697.xyz", "model": "8.xyz", "model_rescale": 4.019505241142653, "target_rescale": 3.730864250585971},
{"mapping": [9, 11, 7, 4, 0, 6, 2, 1, 3, 5, 12], "R": [[-0.14260175971848632, -0.9133554525874439, 0.38137456044416107], [0.989744199426472, -0.13487002291948014, 0.047079683721870935], [0.008435509874547498, 0.38417690475415733, 0.9232209638145528]], "T": [0.09865498723011798, 0.10142029391180651, -0.04421349111358503], "aligned_model": [[-0.11305560022309402, 0.17731573533389952, -0.7947472458363256, -0.5340188569070724, -0.3315877443480364, 0.8044856763767341, 0.36616074691298706, 0.13566049821943507, 0.04174914854363321, 0.21347208785107974, 0.10020649771643472], [0.3444467321888945, -0.24622643497119334, 0.2471533361966098, -0.30818980325818546, 0.2905997091743969, -0.059659983796544414, 0.1441058966776638, 0.7753123689124776, -0.3567051538903801, -0.5517226529324851, 0.06299473966896439], [-0.6470873078356346, -0.5543152090068821, -0.030859824425963252, 0.30152925499134925, 0.40495064240128337, -0.10680758315996677, 0.48170548560209187, -0.015834527456219966, 0.6805924190038758, 0.0594496341263397, -0.05317555467480293]], "inverted": true, "swapped": false, "error_lsq": 0.048162142280400694, "error_max": 0.20752745695092772, "target": "697.xyz", "model": "9.xyz", "model_rescale": 3.877068213659057, "target_rescale": 3.730864250585971},
{"mapping": [2, 7, 13, 3, 10, 8, 11, 9, 12, 1, 15], "R": [[-0.38446783973635595, 0.4716695693806372, -0.7935441371018657], [-0.2715105816227057, 0.7638178451702742, 0.5855461582713521], [0.8823074771729864, 0.4405792967443247, -0.16560011776842584]], "T": [-0.1088684630279849, 0.000265758950644443, 0.08592891478405196], "aligned_model": [[-0.16414884958916987, 0.24686896657983015, -0.7860942174252289, -0.5643818425119412, -0.0909836413228302, 0.6173978408283541, 0.4066108627821834, 0.168207372764764, -0.07037078310056093, 0.3471253869721703, -0.04459015233789636], [0.285169982668623, -0.25989599321649354, 0.29102513296598637, -0.4343617274089385, 0.5680152379624427, 0.12759377475454103, 0.21105819180755625, 0.5665637245269568, -0.2679868155310455, -0.7048187037657967, -0.040254050793613216], [-0.5108365501339567, -0.601132445868807, -0.14744366279729498, 0.16572773645505698, 0.5108423667884391, -0.14133253835394186, 0.5701839004850389, -0.10947041813070615, 0.7821714735505217, -0.13277663933229453, 0.13421420690341518]], "inverted": false, "swapped": false, "error_lsq": 0.042181138480519485, "error_max": 0.23512028402838264, "target": "697.xyz", "model": "10.xyz", "model_rescale": 4.260839863003843, "target_rescale": 3.730864250585971},
{"mapping": [5, 6, 4, 9, 2, 0, 1, 3, 8, 7, 11], "R": [[-0.6617116274839524, 0.2919239812534692, 0.6905925797615142], [0.7413923678749444, 0.3919821982049169, 0.544690107443879], [-0.11169189276452568, 0.8724278454173535, -0.4758093900199033]], "T": [-0.04267794772497107, -0.03396001324801186, 0.05728934818029714], "aligned_model": [[-0.17550961198496512, 0.26938655161766173, -0.7090125817879369, -0.7588326124502451, -0.2298848419479101, 0.7614652245309947, 0.4582521410716878, 0.16592108427318686, -0.15921786804996652, 0.42671806611223695, 0.01635539225493051], [0.27096666605117004, -0.23453582603442125, 0.22519813701728603, -0.2728699037452256, 0.42357252367276677, 0.013385633732313648, 0.21829028885642526, 0.6397430968688717, -0.40882438112392955, -0.4913365692093401, -0.041480912115697995], [-0.5309167139011743, -0.6948013552786214, -0.10062856467465416, 0.3137612210475781, 0.5326572925725194, -0.2907715914282069, 0.5141257241046353, -0.022982905313899057, 0.6585451670514126, 0.06621669565527434, 0.07494245973060686]], "inverted": true, "swapped": false, "error_lsq": 0.03832234396702551, "error_max": 0.21760035399970182, "target": "697.xyz", "model": "11.xyz", "model_rescale": 3.890672605050136, "target_rescale": 3.730864250585971},
{"mapping": [6, 9, 1, 2, 0, 5, 7, 8, 4, 12, 13], "R": [[-0.29547147640697086, -0.5367245140652764, 0.7903311980627349], [0.012373388440819533, -0.8293479613203761, -0.5585954334867308], [0.9552714304784676, -0.15526994253598778, 0.2516897674846827]], "T": [-0.07905735892191973, 0.021226152399809437, -0.024879952920946115], "aligned_model": [[-0.2402934331833334, 0.2597332851909579, -0.7879288800667867, -0.5538862869894257, -0.3606713585032954, 0.6745708381126689, 0.6364980704187524, 0.23196237918767065, -0.24028525965273892, 0.42982578556971524, 0.016115803555489708], [0.33891240792410465, -0.26794235132576266, 0.3412821520925925, -0.4482078097199802, 0.4102739038410668, 0.011565506029642101, 0.02355980727283333, 0.6684624320190907, -0.2105679111195566, -0.4932731713572502, -0.03195621168656203], [-0.4778001615110216, -0.6631768211069782, -0.005811288556242446, 0.21952417541052704, 0.31867490745145255, -0.21703456353741135, 0.4387353529873266, 0.03464287202013114, 0.6164733974002748, 0.15249123372137985, 0.10342832528603205]], "inverted": false, "swapped": false, "error_lsq": 0.045958305971862075, "error_max": 0.2439047823093872, "target": "697.xyz", "model": "12.xyz", "model_rescale": 4.124412569039231, "target_rescale": 3.730864250585971},
{"mapping": [3, 7, 6, 8, 1, 5, 4, 0, 2, 10, 12], "R": [[-0.5637448247853938, 0.789254534089197, -0.24345236278855517], [0.633740580535705, 0.22431032565311193, -0.7403092288953734], [-0.5296835367556302, -0.5716311382570403, -0.6266364118569934]], "T": [-0.023767563808801982, 0.031411522749262163, -0.0877069211217858], "aligned_model": [[-0.2613374560699151, 0.2705281518762195, -0.6641781800603299, -0.5773471265744897, -0.3911969526098471, 0.7124558771201259, 0.496097575539476, 0.22355452409852208, -0.059447325035382734, 0.2967622082465222, 0.019749647108773374], [0.4959344593381754, -0.305996117708188, 0.22481204913060032, -0.30089114179989246, 0.4113006575885942, 0.09904503449003599, 0.12971736128573974, 0.5562070071859747, -0.3065735767423228, -0.6047966372399861, -0.056650341558512396], [-0.5740528509287313, -0.52659619007971, -0.09683346328402165, 0.2253757001144054, 0.5316025236512185, -0.2524692717623141, 0.4939737943481034, -0.07396364123584159, 0.704056011080397, 0.10493137903362929, -0.015876561371664655]], "inverted": true, "swapped": false, "error_lsq": 0.04045234980265325, "error_max": 0.2469937094315727, "target": "697.xyz", "model": "13.xyz", "model_rescale": 3.9028299243045295, "target_rescale": 3.730864250585971},
{"mapping": [9, 7, 1, 2, 12, 10, 13, 14, 8, 4, 15], "R": [[-0.32708628992292504, 0.3689394148204478, -0.8699990041008103], [-0.19789371955712803, -0.9269680747190547, -0.31869776311027637], [-0.9240414680653142, 0.06792566999003093, 0.376209341526901]], "T": [-0.10099862934490506, -0.09703409169967002, 0.07028191589361822], "aligned_model": [[-0.07488353320341473, 0.29955196803770734, -0.6716557606185625, -0.7212614590159359, -0.18270458832594805, 0.5932985772425365, 0.4237835161535109, 0.3019437134908987, -0.1903017702307953, 0.36920250877966304, -0.0813322286699853], [0.30230190596410444, -0.17719753994738674, 0.20068947904319634, -0.39187698065293125, 0.3611821527110022, 0.022142503464229052, 0.34364507142208345, 0.6697566590853433, -0.34689294241716756, -0.5796781458818785, -0.06196340882037635], [-0.5935661233345328, -0.7382729655699954, -0.018655532312653364, 0.33578419934512627, 0.5875848238557263, -0.17282491276199524, 0.4740849950691297, -0.11060497042902774, 0.7956112640546242, -0.0027172659622815704, -0.03627608238865013]], "inverted": true, "swapped": false, "error_lsq": 0.04489485599694399, "error_max": 0.2363206420333363, "target": "697.xyz", "model": "14.xyz", "model_rescale": 3.942246331269136, "target_rescale": 3.730864250585971},
{"mapping": [9, 7, 10, 11, 4, 0, 12, 5, 13, 8, 14], "R": [[-0.8142877757147992, -0.3119683285817408, -0.48950095023744333], [0.5804611717325397, -0.438359104043342, -0.6862260006828695], [-0.0004964195120828463, -0.8429217388727341, 0.5380359613477844]], "T": [-0.0009107488011423168, 0.12736834991297635, 0.06541002250040523], "aligned_model": [[-0.287905144619856, 0.24105113541529335, -0.6828378188407668, -0.4453677041884925, -0.4082108217718478, 0.6639468197733926, 0.4792120795197925, 0.24432882616641075, -0.07188087811458747, 0.2369096479222057, 0.09639480237813], [0.31428410755503355, -0.19815138959079642, 0.29963945600929165, -0.408544886363646, 0.28681307515303933, -0.06916019845523425, 0.11453245990320256, 0.6775658107956786, -0.20147042902117995, -0.6010954804981647, 0.12769622848299395], [-0.6631907066003204, -0.6872325579512109, -0.05416695352210056, 0.23677525423623386, 0.4557278507811327, -0.17965818444145587, 0.726767390203761, -0.13438953479909277, 0.8055168693270256, -0.04239922094777443, 0.056397223279272574]], "inverted": false, "swapped": false, "error_lsq": 0.04766200327034254, "error_max": 0.21620066498150334, "target": "697.xyz", "model": "15.xyz", "model_rescale": 4.355366556412066, "target_rescale": 3.730864250585971},
{"mapping": [5, 3, 9, 10, 1, 4, 2, 0, 8, 6, 11], "R": [[0.5640910339685922, 0.40234792791010304, 0.7210530149043768], [0.04417032479603378, 0.8572954477918872, -0.5129264056399523], [-0.8245303437737497, 0.3211863323707198, 0.4658208369046923]], "T": [-0.1010239877263906, 0.031362580424848546, -0.004052796074733793], "aligned_model": [[-0.08538517135986201, 0.04305160955523321, -0.7235449199176345, -0.44651671475831556, -0.2973006597123632, 0.6490362545401973, 0.4456788701498146, 0.19385324565741208, -0.062350539873072985, 0.3406139432047996, 0.008505026153466239], [0.3761959258655464, -0.3070673166700174, 0.41631515549338827, -0.4521485030382989, 0.31173867510107456, 0.03230463595893951, 0.2512762227254065, 0.6767496111024779, -0.27449852447899903, -0.6593890968819139, -0.02936803120738566], [-0.5486675894946598, -0.547858308973797, -0.12334533215246804, 0.20591769310321367, 0.4172095651362178, -0.18220575462188016, 0.5904885202903224, -0.024958691211565034, 0.6973668106878844, 0.05850934311680712, -0.022308826314604638]], "inverted": true, "swapped": false, "error_lsq": 0.045756292774818456, "error_max": 0.30287298041658284, "target": "697.xyz", "model": "16.xyz", "model_rescale": 3.795458400668931, "target_rescale": 3.730864250585971},
{"mapping": [8, 3, 9, 5, 10, 7, 4, 11, 2, 0, 12], "R": [[-0.6927256696795971, 0.715287304273871, -0.09216951183321132], [-0.09339017915783299, -0.21569122101474458, -0.9719853762346615], [-0.7151289541081535, -0.6647114934479375, 0.2162156550169092]], "T": [0.061929226720055235, -0.04155976534808961, 0.02179363401956095], "aligned_model": [[-0.07440150349867702, 0.2956060887214619, -0.7522794324525005, -0.6513531753794538, -0.31709736969542524, 0.6719415263680945, 0.45082350818511036, 0.10938740322710769, 0.02953684891786356, 0.2762065240983488, 0.02727052514774466], [0.2909397514853652, -0.37495681835167516, 0.31345012038386955, -0.3097349325354326, 0.260591545823449, 0.03592813724990761, 0.18336034421707234, 0.7624290085680648, -0.24724657932692834, -0.5929260639640029, 0.020274240420529208], [-0.5513946209353711, -0.6757903866429045, -0.07295930469805373, 0.16973584768429875, 0.5731075984891205, -0.20876069531526228, 0.4840359628269169, -0.05999965496207963, 0.6986920849976386, -0.011234112605822862, 0.17471471072698996]], "inverted": true, "swapped": false, "error_lsq": 0.041199897986532584, "error_max": 0.22603479910749816, "target": "697.xyz", "model": "17.xyz", "model_rescale": 3.7474275329858107, "target_rescale": 3.730864250585971},
{"mapping": [10, 5, 3, 0, 1, 12, 7, 11, 2, 9, 13], "R": [[0.021367503860227455, -0.6209709262722685, -0.7835423016681005], [0.653196447588082, -0.5846528638289729, 0.4811605030287616], [-0.7568869338528004, -0.5220882468904486, 0.3931234307717678]], "T": [-0.044753452925708356, -0.03934751918857686, 0.01554695728131536], "aligned_model": [[-0.03676702170565481, 0.17935478974066643, -0.5202565321107178, -0.7176231463293479, -0.3569642201119417, 0.6486519138212393, 0.5131515385993897, 0.103759804476568, -0.08347088593841909, 0.421066292329557, -0.08526158913166479], [0.2893376084303679, -0.286122991709997, 0.42681483809664567, -0.42125718642455384, 0.3267513437231507, 0.030758982067848065, 0.24184561111680708, 0.6675070346524148, -0.312420948927323, -0.5187406393928772, -0.10236489766226478], [-0.5913646295762285, -0.6264010923310445, -0.11552042861271095, 0.33261756858338276, 0.5125524665439397, -0.2555821617037426, 0.4363696348270212, 0.02163907481731095, 0.6695841016097601, 0.04585152933208289, 0.09040136607569961]], "inverted": true, "swapped": false, "error_lsq": 0.045535232559384825, "error_max": 0.2876226709184739, "target": "697.xyz", "model": "18.xyz", "model_rescale": 3.922800546911778, "target_rescale": 3.730864250585971},
{"mapping": [5, 0, 12, 7, 13, 1, 6, 8, 11, 2, 14], "R": [[0.0013434443482274183, 0.6063352084647516, 0.7952080294698297], [0.7583474688242936, 0.5177388780234241, -0.3960499598672285], [-0.6518491479514802, 0.6035760674173989, -0.4591172172287566]], "T": [0.054221668567584286, 0.016849966284610603, 0.11487196635714084], "aligned_model": [[-0.032127713247389555, 0.10420273828370605, -0.6344562152939701, -0.6438873128173881, -0.3844588920512677, 0.7016608930294046, 0.6487505427767783, 0.14389668412684403, -0.1989798949454646, 0.3835087360133501, -0.022468622234928737], [0.36355060332783345, -0.29629733876077075, 0.2418963381478481, -0.3431721272319118, 0.331217198196829, 0.04392793419100727, 0.25289336190252315, 0.6221158813237164, -0.22156593098254854, -0.612350834182646, -0.040106331961661745], [-0.5595731186718114, -0.6583571676579487, -0.1912178037392772, 0.2606078965468931, 0.539779433995878, -0.2429998797249204, 0.3729159646012883, 0.11338277263591433, 0.7363946456968796, 0.021035178836907614, 0.12817950704566738]], "inverted": true, "swapped": false, "error_lsq": 0.04095642114703659, "error_max": 0.2347232075394931, "target": "697.xyz", "model": "19.xyz", "model_rescale": 3.9282355846067225, "target_rescale": 3.730864250585971},
{"mapping": [4, 8, 11, 10, 1, 6, 5, 3, 2, 7, 13], "R": [[-0.32754505986119664, -0.5094856529284547, 0.7957000711452721], [0.8113202922914896, 0.279938342915943, 0.5132191612571843], [-0.48422475884301586, 0.8136700151938389, 0.3216636275643876]], "T": [0.015737063074895877, -0.07999094302570285, -0.061197458321085536], "aligned_model": [[-0.09210805770573642, 0.13853725006655337, -0.625605620472463, -0.6914640266107368, -0.16082436921541587, 0.6513652998801804, 0.47848033266784695, 0.17993051878763633, -0.039512524073981176, 0.305434411576698, -0.0785922712609074], [0.38218695296028016, -0.1300480927201317, 0.060664307461816516, -0.3372173144750871, 0.3577688886256901, 0.0396895036610133, 0.1506424592398774, 0.6437463670072421, -0.23101991780504638, -0.5835592003551089, -0.010745199630326857], [-0.47848496990703354, -0.8102208057325458, -0.3480054674430761, 0.358249274375573, 0.5207760691926236, -0.1533787433725382, 0.40823523382382704, 0.06370203851113554, 0.7467963178039887, 0.16372971402781747, 0.04874876828569869]], "inverted": true, "swapped": false, "error_lsq": 0.04031553317795817, "error_max": 0.2701396071201968, "target": "697.xyz", "model": "20.xyz", "model_rescale": 4.067790424073018, "target_rescale": 3.730864250585971},
{"mapping": [8, 7, 2, 3, 6, 1, 13, 5, 11, 9, 14], "R": [[0.1126828592930707, 0.8453069784609418, 0.5222630423328568], [-0.9913715865720446, 0.13106982420033692, 0.0017545716628907249], [-0.06696977347404927, -0.5179544510372762, 0.8527826429351788]], "T": [-0.052751995885219775, 0.03365449702844037, 0.04268517140953988], "aligned_model": [[0.059191395957503286, 0.18759109464700882, -0.7644760398618192, -0.7362300472938192, -0.44792822400748, 0.7046548534181901, 0.4621685188950733, 0.24218282783068956, -0.07133929753840812, 0.42992645396128215, -0.00010059236854600972], [0.28972960389414243, -0.22535090036136896, 0.20194176456225818, -0.34488220287645105, 0.45153716345443173, 0.0194937790778827, 0.19184588238897132, 0.5420589336111118, -0.21552473927436952, -0.5531952459946375, -0.01554528451175255], [-0.45436825971383477, -0.6144414223036885, -0.09461090410075605, 0.3793047441004906, 0.5082673108040174, -0.2726550257969464, 0.4898494076061658, -0.01212814340180722, 0.6390042759097646, -0.12065126860436447, 0.07257671506642945]], "inverted": false, "swapped": false, "error_lsq": 0.04255385390004203, "error_max": 0.24008212911161222, "target": "697.xyz", "model": "21.xyz", "model_rescale": 4.186013935880536, "target_rescale": 3.730864250585971},
{"mapping": [6, 3, 7, 10, 1, 5, 2, 0, 9, 11, 12], "R": [[0.9495622202218374, 0.11202980144801489, -0.2928837884125605], [-0.22537323688935096, -0.4056007007094777, -0.8858301054254125], [-0.21803324063406399, 0.9071589690740536, -0.35989458290881415]], "T": [0.00936821455223688, -0.04144043549586918, 0.09697748105887205], "aligned_model": [[-0.12225207287222956, 0.33832618326797376, -0.6782910928814587, -0.7129833539694087, -0.2335789909457325, 0.7141569443168275, 0.6020640500205131, 0.13584389573236877, -0.19568355704140128, 0.2040474139119916, 0.013991524100230558], [0.1751091038412245, -0.19708955373945047, 0.2041629782794574, -0.4375647661056844, 0.5369189155369786, 0.12042211285918869, 0.237412345545232, 0.6581701556532588, -0.25733628036748624, -0.6357910074519476, -0.0623052500805526], [-0.3986385456880322, -0.7514909400064027, 0.025371755571525517, 0.2296166863908922, 0.47327570367749755, -0.17799913240430526, 0.4443274141079477, -0.030840216574753665, 0.6417650684466661, 0.008584123480450984, 0.056175512563984425]], "inverted": false, "swapped": false, "error_lsq": 0.03796739288023138, "error_max": 0.19973531127886246, "target": "697.xyz", "model": "22.xyz", "model_rescale": 4.166573947596378, "target_rescale": 3.730864250585971},
{"mapping": [1, 6, 7, 10, 8, 2, 3, 4, 9, 12, 15], "R": [[-0.7309246519039967, 0.2548245654228792, 0.6330984079083302], [0.6369409847098738, 0.5878343931946133, 0.4987553590432263], [-0.24506190082474677, 0.767798910545308, -0.5919708588516839]], "T": [-0.011556466959703192, -0.08022570987917081, 0.07721658807059706], "aligned_model": [[0.05365925205352484, 0.2790498151948296, -0.6800250180202894, -0.7060936539056677, -0.2721324861764279, 0.5380900029434603, 0.4320301010505259, 0.16141453790242044, 0.0040251725212939755, 0.2759280709565042, -0.020304850880499506], [0.2700943183577164, -0.28460536458997404, 0.13184059487856364, -0.313395380812547, 0.49349709084425747, 0.15433199690298272, 0.18850929833702018, 0.6336556234515525, -0.21330176617713525, -0.6614173403370464, -0.05710031688517182], [-0.5401340810606801, -0.5957504077616479, -0.06266667139806154, 0.23275190113514221, 0.5841893944028663, -0.23210634916681483, 0.3812545857880116, 0.0947661397323924, 0.6624491418757996, -0.01738935452307934, 0.012783130541542037]], "inverted": true, "swapped": false, "error_lsq": 0.043514769329500165, "error_max": 0.20539352602811908, "target": "697.xyz", "model": "23.xyz", "model_rescale": 4.274766983524099, "target_rescale": 3.730864250585971},
{"mapping": [7, 8, 9, 1, 4, 6, 3, 5, 2, 0, 10], "R": [[-0.19250685371774728, -0.9495541483273934, -0.24756419504026064], [-0.6666146431849055, -0.05859183189960404, 0.743096167885496], [-0.7201152885220218, 0.30808102283147354, -0.6217073705594603]], "T": [0.08269386106570215, -0.027242817012643365, 0.0025004127276525984], "aligned_model": [[-0.08443612845691767, 0.008721055202946665, -0.7150688376924166, -0.43600715482136204, -0.2847747338632438, 0.6851679081204607, 0.4344501544709161, 0.2787051599294409, -0.18753863097363377, 0.34080094708915976, 0.02562120463432427], [0.42128492379358223, -0.2186608979908656, 0.08843706028665893, -0.36494457701001887, 0.4041683673489271, 0.09513031356051724, 0.04516037752423541, 0.7543355525787796, -0.09425056070058602, -0.7132520799868947, -0.07529972543411725], [-0.4121354622412532, -0.7066527935485104, -0.2765305864453041, 0.20717126535745894, 0.4105835276187387, -0.2751052350100921, 0.4349811305204801, 0.1327147418810657, 0.9249731133003006, 0.09705920617517654, -0.016911478042590196]], "inverted": false, "swapped": false, "error_lsq": 0.05246889093891807, "error_max": 0.2610982756704, "target": "697.xyz", "model": "24.xyz", "model_rescale": 3.7841303162186577, "target_rescale": 3.730864250585971},
{"mapping": [12, 2, 14, 10, 11, 4, 6, 3, 7, 8, 15], "R": [[-0.20653944562570853, 0.9663088470629481, 0.1535860328561858], [-0.3924706104185228, 0.061969148782249406, -0.9176745853279995], [-0.8962746662482084, -0.2498140041852735, 0.3664487494242313]], "T": [-0.004660983625614517, -0.08923608237786874, 0.058537742512320204], "aligned_model": [[-0.21892649253682533, 0.2536623063299674, -0.7181381798660312, -0.6747560414884307, -0.23499155651605738, 0.7022108462684121, 0.467079757605468, 0.3205792422706889, -0.07936609703817553, 0.21155172720081053, 0.036735431409847995], [0.31374137416168457, -0.2370472936275142, 0.0769739375166993, -0.3524750645894035, 0.4163664819745677, 0.06938404731543323, 0.2666199558993636, 0.6465978788425167, -0.2148761967321256, -0.5991799709247709, -0.0439963958662324], [-0.5471613309887607, -0.6344369695967573, -0.24580331952519507, 0.3533816960695587, 0.5883881395819901, -0.12000136641540342, 0.474294408517101, 0.016477492788988427, 0.6921300939460516, -0.14802236459845847, 0.09090094978635566]], "inverted": true, "swapped": false, "error_lsq": 0.03895015029571089, "error_max": 0.20819486529573333, "target": "697.xyz", "model": "25.xyz", "model_rescale": 4.19342608120988, "target_rescale": 3.730864250585971},
{"mapping": [5, 3, 9, 10, 1, 4, 2, 0, 8, 6, 11], "R": [[0.5640910339685922, 0.40234792791010304, 0.7210530149043768], [0.04417032479603378, 0.8572954477918872, -0.5129264056399523], [-0.8245303437737497, 0.3211863323707198, 0.4658208369046923]], "T": [-0.1010239877263906, 0.031362580424848546, -0.004052796074733793], "aligned_model": [[-0.08538517135986201, 0.04305160955523321, -0.7235449199176345, -0.44651671475831556, -0.2973006597123632, 0.6490362545401973, 0.4456788701498146, 0.19385324565741208, -0.062350539873072985, 0.3406139432047996, 0.008505026153466239], [0.3761959258655464, -0.3070673166700174, 0.41631515549338827, -0.4521485030382989, 0.31173867510107456, 0.03230463595893951, 0.2512762227254065, 0.6767496111024779, -0.27449852447899903, -0.6593890968819139, -0.02936803120738566], [-0.5486675894946598, -0.547858308973797, -0.12334533215246804, 0.20591769310321367, 0.4172095651362178, -0.18220575462188016, 0.5904885202903224, -0.024958691211565034, 0.6973668106878844, 0.05850934311680712, -0.022308826314604638]], "inverted": true, "swapped": false, "error_lsq": 0.045756292774818456, "error_max": 0.30287298041658284, "target": "697.xyz", "model": "26.xyz", "model_rescale": 3.795458400668931, "target_rescale": 3.730864250585971},
{"mapping": [9, 3, 11, 10, 8, 0, 6, 1, 5, 7, 12], "R": [[0.11819291771933542, -0.9630897273673259, -0.2418441879403362], [0.8363315755817536, -0.034752368210791904, 0.5471213472244376], [-0.5353316074041701, -0.26692779912042097, 0.8013548653192268]], "T": [-0.07827371067611381, 0.15385266747586543, -0.0816520669874558], "aligned_model": [[-0.1315907959008217, 0.17286709039194575, -0.7882022224330062, -0.42093721801757406, -0.266499056649379, 0.704588809170045, 0.37848320687415227, 0.24501924020679522, -0.04391290123530628, 0.21603854102456538, -0.00021374979174178244], [0.3332328717638193, -0.3306425898485106, 0.21789352814374094, -0.4567980835178006, 0.4845199628117779, -0.030815822484048544, 0.2555720301158103, 0.6319986926480845, -0.19833276982494355, -0.585655660645053, 0.021136594807341952], [-0.46811593444230787, -0.5789137712407969, -0.02270405520676913, 0.050157680590455944, 0.5396224850703679, -0.2921206297918849, 0.5982106023877416, 0.04953946121714242, 0.5829118655337464, 0.08179771052262891, -0.02023798507485379]], "inverted": false, "swapped": false, "error_lsq": 0.050517133328321966, "error_max": 0.32404555485505177, "target": "697.xyz", "model": "27.xyz", "model_rescale": 3.6321398670334006, "target_rescale": 3.730864250585971},
{"mapping": [6, 12, 13, 11, 1, 7, 3, 4, 0, 8, 14], "R": [[-0.18280737634992905, -0.27244483789946816, -0.9446455808682895], [-0.26881304159996555, 0.9380749064248431, -0.21852921681504558], [0.9456854719291351, 0.2139842990454078, -0.24472373800719638]], "T": [-0.04456459457537619, -0.1028687119009515, 0.10802748006865998], "aligned_model": [[-0.24384972234454605, 0.31749996074224246, -0.7666738669225087, -0.6249717833619132, -0.11724650188578441, 0.6760942891936805, 0.4625038891475919, 0.16532674139499093, -0.04912226533654474, 0.3334040155850386, -0.0873238125725729], [0.2766681653881771, -0.23185812806328798, 0.2063458443645284, -0.2986344509729986, 0.4952099255825946, 0.08447577517160808, 0.04142447273355658, 0.667315825526181, -0.4041320077877638, -0.4390636364821554, -0.055643031490221345], [-0.5401581675419678, -0.6239429559195049, -0.11428286359057521, 0.3012348997740055, 0.39834881907399555, -0.10747240487820811, 0.5480514676479449, -0.11384784021676439, 0.6544992070669504, 0.00247030023798199, 0.11524696791161296]], "inverted": true, "swapped": false, "error_lsq": 0.04160137130748011, "error_max": 0.2221886221098918, "target": "697.xyz", "model": "28.xyz", "model_rescale": 4.156811204709835, "target_rescale": 3.730864250585971},
{"mapping": [6, 7, 4, 2, 1, 5, 8, 9, 3, 10], "R": [[0.8898980439782778, -0.27770933306902723, 0.3618825743939488], [0.4547437023307468, 0.6025424589314134, -0.6558587884410879], [-0.035911509494325256, 0.7482112746485733, 0.6624879259085382]], "T": [-0.08045537823000502, -0.06701059411981565, 0.04665361560758817], "aligned_model": [[-0.6838222556524429, -0.04135867824946019, 0.13898086905084622, 0.6674398726099664, -0.07862994186249854, -0.629131538230812, -0.34127440932936787, -0.5271458562554892, 0.2394930794705888, -0.10162576744074281], [-0.03833391038767571, -0.5467489378325163, 0.09469971177403362, 0.03191100858351256, -0.5534346440657363, -0.553758044798021, 0.5883678346338994, 0.2241860361406453, 0.6550956710347899, 0.016735605543272483], [-0.3696687411546077, -0.42366604058777685, -0.6123692216616411, -0.044340633925176925, 0.6698781847896914, 0.16335876691662754, -0.26783252227510174, 0.5175236395729451, 0.1225797639004595, 0.003323531399680557]], "inverted": true, "swapped": true, "error_lsq": 0.05697875330922464, "error_max": 0.3215752500503433, "target": "697.xyz", "model": "29.xyz", "model_rescale": 4.117894457231895, "target_rescale": 3.730864250585971},
{"mapping": [8, 1, 6, 9, 10, 4, 13, 7, 11, 3, 14], "R": [[-0.8306338469217949, -0.09791485366218719, 0.5481424028299702], [-0.5341080249405648, 0.4183862511834858, -0.7346302216181408], [-0.15740403438917888, -0.9029759832093776, -0.39982289042158237]], "T": [-0.03545180732647547, -0.11224638688275353, 0.05373705536090509], "aligned_model": [[-0.2587916226805498, 0.3040339913499122, -0.5664420069491394, -0.6023892048460887, -0.24158162463929442, 0.7076842996289848, 0.5052682718501406, 0.16581506357817527, -0.18457635890006863, 0.27473458557975355, -0.03811445033215094], [0.159454694071889, -0.08558715419720665, 0.23850979447751036, -0.23245818818698138, 0.4380889866468258, 0.026028332657008088, 0.33375316839304375, 0.5065103523908584, -0.41749304033447315, -0.5628371864280588, -0.06186100552019676], [-0.5611511752492054, -0.7363687006416949, -0.028779321085332377, 0.2860194755550368, 0.4647874655903509, -0.11406318490111997, 0.41672809533150923, -0.006557265547774832, 0.6941197370312963, 0.031186355088820034, 0.07422594839358485]], "inverted": true, "swapped": false, "error_lsq": 0.046458443630714344, "error_max": 0.22839334700384045, "target": "697.xyz", "model": "30.xyz", "model_rescale": 4.100398675895297, "target_rescale": 3.730864250585971},
