[{"mapping": [5, 11, 8, 7, 3, 4, 1, 12, 2, 10, 9, 13], "R": [[-0.6445675617215452, 0.1479389863041049, 0.7500978034280973], [-0.06260905240019335, -0.9880189498252374, 0.14106261497570916], [0.7619795042741585, 0.04396147310485828, 0.64610728516908]], "T": [-0.13743003284259417, 0.04249119230739516, -0.18159174036246012], "aligned_model": [[-0.5559381440633829, -0.2544619042714735, 0.280722808642929, 0.44943825315588304, -0.06886282396522556, 0.7925163625039411, -0.6197492608842794, -0.4381491568646161, 0.39687477109086977, -0.20791984612811285, 0.2032636337626814, -0.041466571049642034], [-0.35910897264373765, -0.6265780929691036, -0.6068821532879685, -0.2857568449896312, 0.30625014590751054, -0.10559853018431083, 0.3581388887383069, 0.13658947763446375, 0.5684534023880632, -0.48580506786454636, 0.19089936561475762, -0.054743474282768434], [-0.6673586894185157, -0.021243140703061103, -0.3000889589398076, 0.1637100455803998, -0.6276075002412697, -0.3449115569353296, -0.20949886171353604, 0.3040349981101443, -0.35229726303347964, 0.6736059983815912, 0.44979246231832587, -0.09284324252045963]], "inverted": false, "swapped": false, "error_lsq": 0.05343940116264711, "error_max": 0.25996190902784483, "target": "698.xyz", "model": "0.xyz", "model_rescale": 3.8414455957264533, "target_rescale": 3.9226648824583723},
{"mapping": [9, 13, 8, 12, 2, 10, 7, 0, 3, 11, 1, 14], "R": [[0.4902700791929333, -0.04385183555300881, -0.8704666943466516], [-0.5111046408917489, -0.8234480344893034, -0.2463846191518852], [-0.7059796707463123, 0.5656945739657886, -0.42612480974310063]], "T": [-0.0062163323804417, -0.011053603084611133, -0.21873333195452893], "aligned_model": [[-0.4441750531444574, -0.4071828513575986, 0.1681560431858282, 0.40227574009274203, -0.08341972602755866, 0.6621416063860904, -0.6136684374679593, -0.5270104110178935, 0.3886415358068384, 0.07829753506279524, 0.25838107930936977, 0.05383106110137486], [-0.3463796921167809, -0.5955475979254893, -0.7635782569220607, -0.5426566425199594, 0.45270045943966764, -0.14770271861559375, 0.1345986867418485, 0.1866237021082563, 0.6146935962305716, -0.3247296004396074, 0.355499552861418, 0.01233665521876405], [-0.6203030680086516, 0.05041276460572708, -0.3848757934349508, 0.1457141663998096, -0.7875712114246168, -0.2735601987512243, -0.3695390103229981, 0.24517892286853626, 0.03798555811758375, 0.5691309818858108, 0.5189148801098672, -0.15619370115989004]], "inverted": false, "swapped": false, "error_lsq": 0.04341305701529328, "error_max": 0.258014146185182, "target": "698.xyz", "model": "1.xyz", "model_rescale": 4.316132596720782, "target_rescale": 3.9226648824583723},
{"mapping": [8, 10, 6, 3, 2, 4, 1, 9, 0, 7, 5, 11], "R": [[-0.9483112665794501, -0.10580240003882627, -0.2991848823461905], [-0.027128472383687235, -0.9123052451135961, 0.4086112892766784], [-0.3161799925115553, 0.3956071180909742, 0.8622790850131686]], "T": [-0.05071302690019043, -0.061529790266020026, -0.05683601107589622], "aligned_model": [[-0.44051083500639143, -0.44245865099223836, 0.2759501650363878, 0.40157453830922735, 0.01654395138886236, 0.6526558888944148, -0.4686214414879103, -0.479952674546686, 0.18244702101636756, -0.09583410901585772, 0.28592813458743416, 0.0485461337459617], [-0.3054940224963325, -0.5550576025241653, -0.703605442805537, -0.428590587163437, 0.252537393220212, -0.009094482408635432, 0.2334676902224393, 0.2564914455938609, 0.6034681358578063, -0.4330671534948523, 0.23848851170599905, -0.1136857416463228], [-0.6696779466520829, -0.07102978160068418, -0.45322720478391754, 0.2460159966392276, -0.8298584589216579, -0.36804725431843427, -0.2382920854494122, 0.4575250718828353, -0.14244096941946208, 0.755804866220733, 0.404056198438528, -0.1155341411506701]], "inverted": false, "swapped": false, "error_lsq": 0.0353646824552086, "error_max": 0.20291580069292625, "target": "698.xyz", "model": "2.xyz", "model_rescale": 3.795458400668931, "target_rescale": 3.9226648824583723},
{"mapping": [2, 6, 10, 5, 0, 4, 1, 8, 7, 3, 9, 11], "R": [[-0.4415722311946441, -0.8422214453563006, 0.3093169921289939], [-0.6730714223763612, 0.5389098120913629, 0.5065087114866971], [-0.593286461178785, 0.01546775399326547, -0.8048427943197094]], "T": [-0.015408849523449269, -0.0806989329926109, -0.16081090872371756], "aligned_model": [[-0.458793539842213, -0.4636830670503645, 0.31643114403051215, 0.420002507106423, 0.09011891931479139, 0.5875243084394418, -0.5437046003774306, -0.4779933183254178, 0.18008871001257284, -0.12031684587662513, 0.3592657339057041, 0.04732817059217738], [-0.5744612439122017, -0.33560407871795317, -0.6088196987069997, -0.5048772005690647, 0.2945671515696856, -0.036329480074485956, 0.1940573285093441, 0.16863691187213004, 0.6456709366726734, -0.355071841764227, 0.13149029210144758, 0.016599067080686647], [-0.5446521625269765, 0.12444316960694857, -0.5480852441753679, 0.19177151197078712, -0.8392261207856575, -0.3740190042553795, -0.36497123384774555, 0.4174711874197839, -0.028637487515558058, 0.5813372198660767, 0.5936089558698963, -0.23374650074180484]], "inverted": true, "swapped": false, "error_lsq": 0.04403334552715387, "error_max": 0.2687750506567057, "target": "698.xyz", "model": "3.xyz", "model_rescale": 3.7530521520055578, "target_rescale": 3.9226648824583723},
{"mapping": [2, 6, 4, 8, 5, 7, 3, 1, 9, 10, 11], "R": [[0.6390065810604325, 0.7645161496430536, -0.08476819153678648], [-0.5497999233769143, 0.5310308010443853, 0.644768433312998], [0.5379504007027006, -0.3654057269353055, 0.7596630971073196]], "T": [-0.042574329574561996, 0.014120788851054486, -0.007572683353426897], "aligned_model": [[-0.3542703516250465, -0.2943354625084005, 0.329348454970637, 0.618206655892207, 0.3140441915029042, -0.1895690322258191, -0.1838541319264047, -0.7394135330132668, -0.4369896822027757, 0.3227493261193333, -0.047716832538162814], [-0.7472266032179694, 0.19698092566799813, -0.2973400121065096, 0.10310876677749868, -0.5979366134616424, 0.6003647365263333, -0.31420912328722755, -0.007379298643238837, 0.29646972552529083, 0.3047649153101909, -0.07039406077637769], [-0.020051737387495078, -0.6538209331890761, -0.6207545845077753, -0.2418398062574304, 0.07546902479368209, -0.04702412890618354, 0.5042180383911897, 0.022938543835647286, 0.6713355575779044, 0.49084154448592304, -0.0884807415910694]], "inverted": false, "swapped": true, "error_lsq": 0.04642989623772771, "error_max": 0.263435743522137, "target": "698.xyz", "model": "4.xyz", "model_rescale": 3.7855080009869324, "target_rescale": 3.9226648824583723},
{"mapping": [13, 8, 14, 9, 1, 2, 6, 7, 0, 10, 5, 16], "R": [[0.3635519808960159, -0.6284410782089358, -0.6876712647814891], [-0.929842337717003, -0.19980962981227568, -0.30898113020581064], [0.05677309376422657, 0.7517565583710403, -0.6569923079995434]], "T": [-0.04326850256317342, -0.10751725630837705, -0.16364014523358233], "aligned_model": [[-0.5123479714410019, -0.5553400244048996, 0.3208163438855934, 0.4765151510563234, 0.15914400365096812, 0.6728160953494389, -0.6432998266333466, -0.45929085921728835, 0.35984369676190225, -0.05285272733598099, 0.17438962396389732, -0.004125383706034137], [-0.4874474049763021, -0.5197056775988903, -0.5854510500736672, -0.5135792973694822, 0.44832586252190765, -0.09359471497150747, 0.1340795024477815, 0.22168336885749784, 0.5584999246548581, -0.34957151531086156, 0.36438315846881175, -0.14176401258911114], [-0.5642461522852252, 0.08774270190669664, -0.4746367881356627, 0.10441319178779973, -0.6360505002920862, -0.3447884244242686, -0.2512214466630296, 0.3654362377493116, -0.11469576110630159, 0.5235877299348708, 0.4568743051292969, -0.1771208027163991]], "inverted": false, "swapped": false, "error_lsq": 0.0438228927529595, "error_max": 0.21890250376176504, "target": "698.xyz", "model": "5.xyz", "model_rescale": 4.2253639853439635, "target_rescale": 3.9226648824583723},
{"mapping": [10, 1, 2, 3, 5, 6, 8, 9, 11, 0, 12, 13], "R": [[-0.2854264735274815, 0.6785279810227662, -0.6768541254796592], [-0.210667339098093, -0.7333788407534515, -0.6463549707184533], [-0.934960427209085, -0.041895762366760125, 0.3522694205415976]], "T": [-0.02538135263478279, -0.13621974379163262, -0.05835861891086671], "aligned_model": [[-0.41234776245766086, -0.6375103074857178, 0.2472907785088655, 0.5338540061769543, 0.06096886998638969, 0.5961780110385109, -0.5956006591840276, -0.429780413535332, 0.2530786231110306, -0.06931485723084295, 0.3667183548391787, 0.022733478162223486], [-0.3455636103335332, -0.5312439024918337, -0.47110242563120786, -0.5509503323406706, 0.08279347064460915, -0.023527967327581722, 0.2737362907316414, 0.09376159094125838, 0.5745745428204592, -0.4071377905471315, 0.5137053824997005, -0.17318710490467487], [-0.702520568733439, 0.03085930885349395, -0.5718516669054304, 0.0767851011608334, -0.6459963622581294, -0.1795299400662276, -0.2878163879995193, 0.33682034396875676, -0.20930666573637832, 0.6951239014190296, 0.484963490047585, -0.0522362628655717]], "inverted": true, "swapped": false, "error_lsq": 0.052119570536990296, "error_max": 0.26809778910725346, "target": "698.xyz", "model": "6.xyz", "model_rescale": 3.89814844738969, "target_rescale": 3.9226648824583723},
{"mapping": [2, 0, 5, 6, 10, 9, 4, 7, 11, 3, 8, 12], "R": [[0.8739840625674489, -0.37152710569128855, -0.3132402721789642], [-0.33445628537516303, 0.007756364970185364, -0.9423793461104167], [0.3525490767980325, 0.9283897072561195, -0.11748063631829547]], "T": [-0.0942213279496971, -0.09022968272653537, -0.056888342246928604], "aligned_model": [[-0.43100372308147644, -0.42703799156051664, 0.3593815122442567, 0.3370380182179149, 0.07081643982828713, 0.7413930319848812, -0.5597029381934467, -0.4817861623797967, 0.14585745761855745, -0.08109222523176987, 0.37686755095662033, -0.11446284847393928], [-0.27472580354738396, -0.5431229001200109, -0.5704925081217296, -0.5363360169472458, 0.08931314613224428, -0.02130058461029627, 0.26246988271702293, 0.17376102877308874, 0.682879858306304, -0.35085056533581266, 0.16262997552809805, -0.03836736871324401], [-0.6519401418848484, 0.13054481792025618, -0.4645262771060772, 0.21214765151417006, -0.7492975932425904, -0.3650170490215826, -0.32969903750113766, 0.4028692927098467, -0.05893370458014211, 0.7074978944683163, 0.35762828433501287, -0.21597984672622156]], "inverted": true, "swapped": false, "error_lsq": 0.04259795246290476, "error_max": 0.25892624152519, "target": "698.xyz", "model": "7.xyz", "model_rescale": 3.7474275329858107, "target_rescale": 3.9226648824583723},
{"mapping": [13, 9, 4, 8, 1, 2, 12, 7, 0, 5, 3, 14], "R": [[-0.2561671109690214, 0.654089202978789, 0.7117202581101355], [0.6905100792592107, -0.3914244048720271, 0.6082620863673968], [0.676442341740391, 0.6472667532147408, -0.3513851284326418]], "T": [-0.13086893685294107, 0.01767621706457194, -0.08071503867197004], "aligned_model": [[-0.36719760791877376, -0.43577716248066123, 0.18104430961470727, 0.2609306110913805, 0.26511395701998275, 0.6289569789138579, -0.5337823370032986, -0.5107496198772362, 0.08704008636703967, 0.02101797874181255, 0.44435168724646557, -0.10468075978570444], [-0.44131277942948, -0.536179701370368, -0.6107318519269351, -0.5061725854670797, 0.42739054811931576, -0.12821892439502952, 0.14831658942490034, 0.034999728865905175, 0.6340467579309708, -0.1507944755833452, 0.16799171689033487, -0.0034768789981545443], [-0.8166428129964681, 0.3442732383987549, -0.42718187886003645, 0.11238043557148454, -0.5707492565978627, -0.41233029959564094, -0.5293089573647987, 0.48432318528095974, 0.001845554702462629, 0.5986739917161654, 0.320110386054846, -0.1300992954248637]], "inverted": true, "swapped": false, "error_lsq": 0.057749032847703025, "error_max": 0.28894701081379975, "target": "698.xyz", "model": "8.xyz", "model_rescale": 4.019505241142653, "target_rescale": 3.9226648824583723},
{"mapping": [10, 2, 6, 5, 9, 11, 1, 0, 8, 3, 4, 12], "R": [[0.8589243333308791, 0.002801412186176966, 0.5120948561564236], [-0.38760217720058054, -0.6499831714612578, 0.6536714993378058], [0.3346842419975503, -0.7599434379655688, -0.5572005287610529]], "T": [-0.041433385834977306, -0.06067255916074303, -0.11717185585825658], "aligned_model": [[-0.3581504271600179, -0.3505470376204829, 0.07985037125522906, 0.4713746111096963, 0.05111455081348181, 0.5022392460960035, -0.6465648043448906, -0.39261173962579354, 0.37440624587181504, 0.014193148498644607, 0.19461666489291632, -0.0036527078570298827], [-0.3490885828733774, -0.47397234067221883, -0.7154495347229971, -0.3733458173892907, 0.4052509930969766, -0.04472704979843832, 0.0748497738422463, 0.218519284098537, 0.4702256606666742, -0.3850959476876063, 0.27780667100941997, -0.06911496550889058], [-0.9262987131667347, 0.17197205830742968, -0.4080656517813192, 0.18247478770761605, -0.6087918150788963, -0.4195215441554439, -0.3850430296716471, 0.3533297451563922, -0.15406917652169277, 0.6766265829135422, 0.6020686154292633, -0.10938756825350696]], "inverted": false, "swapped": false, "error_lsq": 0.040054663806411074, "error_max": 0.21172021771505622, "target": "698.xyz", "model": "9.xyz", "model_rescale": 3.877068213659057, "target_rescale": 3.9226648824583723},
{"mapping": [1, 4, 7, 2, 0, 8, 5, 6, 11, 13, 10, 15], "R": [[0.6529745834887819, -0.7565031626117227, -0.036430183586049755], [-0.7282079317286456, -0.6403183878373445, 0.24434723318440205], [-0.20817637110186205, -0.13302378417352906, -0.96900323598996]], "T": [-0.020975762097769905, -0.05367046176142223, 0.05801299854051774], "aligned_model": [[-0.250011824622758, -0.33414142250891005, 0.15395876241778758, 0.3167431652672089, -0.0570086350759772, 0.5549219194577999, -0.6241515027796601, -0.3126699116337967, 0.3206248867526434, -0.12922409044670272, 0.32446591105937567, -0.02723913595743862], [-0.2708278718604472, -0.6421391196257958, -0.6784985894705886, -0.599283893031555, 0.3971713452424205, -0.09727893175629743, 0.03494675620405391, 0.27227906579796923, 0.5562486689593038, -0.3820199495001998, 0.4444602034866654, 0.0008004596155061217], [-0.7502516558305417, -0.059130450254232095, -0.4372387479205947, 0.2271498297352198, -0.5971276983759815, -0.4536148911720383, -0.43119192454943017, 0.49272670172355676, -0.17855184869920776, 0.7494661128404067, 0.4264511483645658, -0.013392284976720209]], "inverted": true, "swapped": false, "error_lsq": 0.043848998273983926, "error_max": 0.22208824244476755, "target": "698.xyz", "model": "10.xyz", "model_rescale": 4.260839863003843, "target_rescale": 3.9226648824583723},
{"mapping": [9, 10, 4, 5, 2, 3, 8, 7, 1, 6, 0, 11], "R": [[0.5895592949100429, 0.13304455268136428, 0.7966925283865722], [-0.4888983048068648, 0.8439196357653295, 0.22085763723876023], [-0.6429605628202615, -0.5197102994664716, 0.5625859216922543]], "T": [-0.03753280999929856, -0.07540324103986626, -0.11336843713408212], "aligned_model": [[-0.4848853502406767, -0.4541959091876825, 0.1211115010495426, 0.4109849309946443, 0.19129691594987705, 0.6523176444778284, -0.6045108511142377, -0.36934912127620534, 0.14475296393281972, 0.0866950454709591, 0.2805893148407156, -0.03853896296801286], [-0.43804094693048345, -0.5092307146044383, -0.6420848145512436, -0.5477119647246905, 0.1559105176687909, 0.07995182519737973, 0.21951158762317383, 0.2292676489284435, 0.6221119209154868, -0.38351603251618804, 0.27100758765066624, -0.02131847059586211], [-0.6648236575855595, 0.06416853647286044, -0.5490367001688474, 0.0665404503417748, -0.7170968758344198, -0.175046839066114, -0.44074368327657726, 0.36273996823044247, -0.17257264818074483, 0.6566246032943084, 0.627463609222068, -0.08292247256418862]], "inverted": true, "swapped": false, "error_lsq": 0.040102685914706664, "error_max": 0.2514048874838199, "target": "698.xyz", "model": "11.xyz", "model_rescale": 3.890672605050136, "target_rescale": 3.9226648824583723},
{"mapping": [10, 4, 12, 7, 9, 5, 11, 0, 6, 3, 8, 13], "R": [[-0.5083159130601238, -0.7143823649616652, 0.48090827520602253], [-0.6135173391283215, -0.09147366576906396, -0.7843653759949342], [0.6043272351290794, -0.6937509676408015, -0.39178844773511984]], "T": [-0.11204420916518487, 0.08477846519444864, -0.0916887138062752], "aligned_model": [[-0.46083429551769833, -0.49562212527337696, 0.14455723746068716, 0.4249159869740783, 0.26756589259381824, 0.6222091225138241, -0.45310358373050064, -0.3329438531951824, -0.043615448991617484, -0.024913084718551554, 0.3625663946415581, -0.07451412082746664], [-0.48613786405402204, -0.4631877960750762, -0.5104495125260813, -0.5494281576399269, 0.2974031097295774, -0.06585621986795882, 0.21642293830543063, 0.12720370345604115, 0.6568933799335103, -0.35467730314435847, 0.24560524436032327, -0.0779333784164239], [-0.684934468196663, 0.11725626126978954, -0.4591006064734984, 0.09915121281156224, -0.7370625180470665, -0.2994227225999352, -0.5029190624135975, 0.45429478976602455, -0.08391870378169018, 0.7159931238182003, 0.4260666026275235, -0.07010961789564721]], "inverted": false, "swapped": false, "error_lsq": 0.04666551436249705, "error_max": 0.3058981937440491, "target": "698.xyz", "model": "12.xyz", "model_rescale": 4.124412569039231, "target_rescale": 3.9226648824583723},
{"mapping": [7, 10, 5, 4, 3, 0, 9, 8, 6, 2, 1, 12], "R": [[0.24059536694505096, 0.2665700512593854, -0.933302886085833], [0.838113832957559, -0.5420472519131495, 0.0612370778090508], [-0.48957029363490334, -0.7969474163738606, -0.3538301048882971]], "T": [-0.007341785291137778, -0.059291547292077, -0.17713230470171892], "aligned_model": [[-0.3570911062320413, -0.42641637195216514, 0.22580762042216984, 0.41585865400058863, 0.19213047863000368, 0.5455310114803117, -0.5315903445016341, -0.37914660303654285, -0.028831892271915353, -0.08187951156863242, 0.4137247913779523, -0.0518286044185231], [-0.37583492658501494, -0.6175868280954698, -0.6800377700069362, -0.5995837892092668, 0.41119843096094866, -0.09686787811496159, 0.2447448193617385, 0.27232008364566607, 0.5988301034255479, -0.28628548104047846, 0.3085421081636526, -0.1435807284443907], [-0.5901133890666427, 0.062226301880665746, -0.5432762117560057, 0.206614926241924, -0.6747299052340857, -0.34943170500836584, -0.38052013107797417, 0.3392890587473145, -0.05869716235476603, 0.6507042703852535, 0.4147001368178228, -0.10147189869013835]], "inverted": true, "swapped": false, "error_lsq": 0.04207238675106332, "error_max": 0.3027931033767102, "target": "698.xyz", "model": "13.xyz", "model_rescale": 3.9028299243045295, "target_rescale": 3.9226648824583723},
{"mapping": [11, 9, 14, 10, 12, 13, 1, 3, 8, 7, 4, 15], "R": [[-0.7508868156784746, 0.35989073533198546, -0.5537577526883424], [-0.356857083701961, 0.4844380334411724, 0.7987320035953117], [0.5557175648222505, 0.7973697074618852, -0.23532857406225766]], "T": [-0.06752719538883616, 0.12040158682519321, -0.045322004758081964], "aligned_model": [[-0.313778803851967, -0.3870115765166792, 0.18027698005514697, 0.40468031035010493, 0.12209238117187489, 0.5860323097832614, -0.6062735162911538, -0.34134362919840305, 0.22768432309611758, -0.13464599641746888, 0.30380672946687853, -0.10525138971814091], [-0.3017744453345591, -0.5830356194609342, -0.6458793022500794, -0.39358525083661533, 0.2060388137547179, -0.10038586580309712, 0.10091204489386608, 0.27401356919509073, 0.795232090709513, -0.5250440465140942, 0.18968331528099808, 0.019682840426228337], [-0.5993835821455551, 0.0175372307717079, -0.4120062591970885, 0.2158105368432966, -0.709363396923995, -0.44125662784167574, -0.4080496094593647, 0.493303435307974, -0.2776173123703248, 0.5867562789923528, 0.5174163289602947, -0.007852732052620694]], "inverted": true, "swapped": false, "error_lsq": 0.039529402909273585, "error_max": 0.21251316429935235, "target": "698.xyz", "model": "14.xyz", "model_rescale": 3.942246331269136, "target_rescale": 3.9226648824583723},
{"mapping": [9, 5, 7, 0, 11, 8, 10, 3, 13, 1, 12, 14], "R": [[0.9265309191005376, -0.08759550207735826, -0.3658790564743063], [-0.28945533418511704, 0.4552597727854112, -0.8419941500955682], [0.2403249164412532, 0.8860392583284283, 0.39645727038145406]], "T": [-0.07762557078244588, -0.039290747146489294, -0.1478021939989258], "aligned_model": [[-0.47951022768865864, -0.42306871493093073, 0.23134140304244039, 0.4190663549449619, 0.14331069930571189, 0.6420469651941675, -0.6086306501942222, -0.4388245512006557, 0.2469132162089766, -0.04847688899242682, 0.2777831328923483, -0.02568261665214075], [-0.5429801287522288, -0.4461571011030232, -0.7229354720948082, -0.5393137495463843, 0.44155410035295994, -0.0966508270150176, 0.16939346830383195, 0.14968620030926127, 0.6849283814318522, -0.2394034472159588, 0.27385684033154883, -0.0961201209409983], [-0.6304490996487653, 0.1955756771110801, -0.5578617107338363, 0.061939577845529226, -0.6316269782435054, -0.42640978270795094, -0.576153708416628, 0.4441192031272455, 0.028581127334697365, 0.6368930955252495, 0.5183055300004549, -0.08761864030856863]], "inverted": true, "swapped": false, "error_lsq": 0.04431677867505109, "error_max": 0.22628437712248314, "target": "698.xyz", "model": "15.xyz", "model_rescale": 4.355366556412066, "target_rescale": 3.9226648824583723},
{"mapping": [8, 10, 6, 3, 2, 4, 1, 9, 0, 7, 5, 11], "R": [[-0.9483112665794501, -0.10580240003882627, -0.2991848823461905], [-0.027128472383687235, -0.9123052451135961, 0.4086112892766784], [-0.3161799925115553, 0.3956071180909742, 0.8622790850131686]], "T": [-0.05071302690019043, -0.061529790266020026, -0.05683601107589622], "aligned_model": [[-0.44051083500639143, -0.44245865099223836, 0.2759501650363878, 0.40157453830922735, 0.01654395138886236, 0.6526558888944148, -0.4686214414879103, -0.479952674546686, 0.18244702101636756, -0.09583410901585772, 0.28592813458743416, 0.0485461337459617], [-0.3054940224963325, -0.5550576025241653, -0.703605442805537, -0.428590587163437, 0.252537393220212, -0.009094482408635432, 0.2334676902224393, 0.2564914455938609, 0.6034681358578063, -0.4330671534948523, 0.23848851170599905, -0.1136857416463228], [-0.6696779466520829, -0.07102978160068418, -0.45322720478391754, 0.2460159966392276, -0.8298584589216579, -0.36804725431843427, -0.2382920854494122, 0.4575250718828353, -0.14244096941946208, 0.755804866220733, 0.404056198438528, -0.1155341411506701]], "inverted": false, "swapped": false, "error_lsq": 0.0353646824552086, "error_max": 0.20291580069292625, "target": "698.xyz", "model": "16.xyz", "model_rescale": 3.795458400668931, "target_rescale": 3.9226648824583723},
{"mapping": [2, 0, 5, 6, 10, 9, 4, 7, 11, 3, 8, 12], "R": [[0.8739840625674489, -0.37152710569128855, -0.3132402721789642], [-0.33445628537516303, 0.007756364970185364, -0.9423793461104167], [0.3525490767980325, 0.9283897072561195, -0.11748063631829547]], "T": [-0.0942213279496971, -0.09022968272653537, -0.056888342246928604], "aligned_model": [[-0.43100372308147644, -0.42703799156051664, 0.3593815122442567, 0.3370380182179149, 0.07081643982828713, 0.7413930319848812, -0.5597029381934467, -0.4817861623797967, 0.14585745761855745, -0.08109222523176987, 0.37686755095662033, -0.11446284847393928], [-0.27472580354738396, -0.5431229001200109, -0.5704925081217296, -0.5363360169472458, 0.08931314613224428, -0.02130058461029627, 0.26246988271702293, 0.17376102877308874, 0.682879858306304, -0.35085056533581266, 0.16262997552809805, -0.03836736871324401], [-0.6519401418848484, 0.13054481792025618, -0.4645262771060772, 0.21214765151417006, -0.7492975932425904, -0.3650170490215826, -0.32969903750113766, 0.4028692927098467, -0.05893370458014211, 0.7074978944683163, 0.35762828433501287, -0.21597984672622156]], "inverted": true, "swapped": false, "error_lsq": 0.04259795246290476, "error_max": 0.25892624152519, "target": "698.xyz", "model": "17.xyz", "model_rescale": 3.7474275329858107, "target_rescale": 3.9226648824583723},
{"mapping": [1, 7, 3, 10, 0, 8, 2, 9, 4, 12, 5, 13], "R": [[-0.6964129994125087, -0.7149740061323985, -0.06181508557190936], [0.6487754333686532, -0.6640634377663218, 0.3716317904583659], [-0.3067562082608754, 0.21870510093951567, 0.9263199811708948]], "T": [-0.04569626104767689, -0.14930811315724568, -0.08360509711502453], "aligned_model": [[-0.30763271679451565, -0.662055330613254, 0.32725634510672164, 0.5040947089554054, -0.027605020562810084, 0.6014128824913552, -0.6183929790959147, -0.3266295385874699, 0.28332227846637364, -0.13461673322038137, 0.393243920292972, -0.09612969450890996], [-0.470761322005963, -0.503998625664991, -0.5467601422820962, -0.47500018896995627, 0.31941154922981696, 0.040729190168836193, 0.12534922753407957, 0.262737140955445, 0.6115492056683641, -0.31193441551648615, 0.06606523341395079, -0.08152870846996531], [-0.6372977415318741, 0.16482078667639177, -0.48799033351271415, 0.1773430424057124, -0.7757878590286292, -0.3325830698584607, -0.40048762763829104, 0.3625107712308939, -0.03812143998247705, 0.640882831509769, 0.4494669200286774, -0.14746198941399558]], "inverted": false, "swapped": false, "error_lsq": 0.04531017804777835, "error_max": 0.26825373456641777, "target": "698.xyz", "model": "18.xyz", "model_rescale": 3.922800546911778, "target_rescale": 3.9226648824583723},
{"mapping": [5, 3, 12, 7, 8, 13, 1, 2, 4, 9, 10, 14], "R": [[0.3383523072326531, -0.24879080063097114, 0.9075355936335173], [0.12756427850777735, -0.9433885536038533, -0.30617869256043845], [0.9323331330801939, 0.21936539027528856, -0.28746087474687715]], "T": [-0.0347432306410562, -0.013030981488254281, -0.15435245954414273], "aligned_model": [[-0.4361475298916911, -0.21597770251595091, 0.16980877313357698, 0.3954261432893854, 0.05306388315925511, 0.6232561197390212, -0.6801245810651232, -0.4424991421538217, 0.43777862282857694, -0.048545757745931735, 0.07387637611151857, 0.00635291704075603], [-0.3349824618661328, -0.6025405627765713, -0.6703748664988601, -0.6049544351629697, 0.2230012222627908, -0.06813213935272906, 0.33893207824620813, 0.03724410302390839, 0.5304833941256425, -0.22117830088356333, 0.492507098074666, -0.08414698513135482], [-0.7180505640391945, 0.015299429212234428, -0.5347095800998898, 0.16625938331376572, -0.7119987305619835, -0.3435995575973906, -0.24146124809620897, 0.4324494621393797, -0.08236384525810932, 0.6325575541099282, 0.4647062439760132, -0.10379425621354253]], "inverted": false, "swapped": false, "error_lsq": 0.05409983802606635, "error_max": 0.3671434884007844, "target": "698.xyz", "model": "19.xyz", "model_rescale": 3.9282355846067225, "target_rescale": 3.9226648824583723},
{"mapping": [6, 7, 8, 9, 3, 4, 5, 2, 0, 12, 10, 13], "R": [[-0.7367198789538978, 0.12736519733440274, 0.6640948173733351], [-0.3549231179171696, -0.9087757262533269, -0.2194453456801792], [0.5755635502028508, -0.3973723516812752, 0.7147179959936533]], "T": [0.000982638014563583, -0.12364977641889136, -0.12239569610373827], "aligned_model": [[-0.3584261614118502, -0.466212087691904, 0.40818547998671234, 0.42237113649507335, -0.03881162570639199, 0.4604921574332662, -0.5905436597773853, -0.5380650637569286, 0.44318596452924747, 0.02556878081368916, 0.15983628068574932, 0.008686920330294067], [-0.3612947742927799, -0.42716168321131287, -0.6841303820568583, -0.5579649862356646, 0.36365069547914247, -0.043592388783297784, 0.13973940591792644, 0.3154220309995916, 0.5373037268516465, -0.5378705018732342, 0.2617176450381599, 0.03003935622771553], [-0.613510981894608, 0.15636475139000103, -0.43651178184544126, 0.21260707568768808, -0.6945055944662972, -0.5487871373738107, -0.38395435089666485, 0.31959947751812023, -0.21067747639044077, 0.6196360130933181, 0.6315882690315318, -0.07655397296839385]], "inverted": false, "swapped": false, "error_lsq": 0.04760162370270487, "error_max": 0.24202427258449996, "target": "698.xyz", "model": "20.xyz", "model_rescale": 4.067790424073018, "target_rescale": 3.9226648824583723},
{"mapping": [9, 12, 10, 11, 1, 13, 7, 0, 5, 3, 6, 14], "R": [[-0.5867066257706312, -0.11298015868003619, 0.8018795539365462], [-0.778806337916893, 0.3500508460415844, -0.5205046524345862], [-0.22189191805317965, -0.9298924071795645, -0.2933668143680811]], "T": [0.005612844515580548, 0.08557746131593384, 0.029981241960055888], "aligned_model": [[-0.33139656867297124, -0.2902382756406803, 0.22847314006236705, 0.3253446272318033, -0.0541282346608162, 0.5774509550237829, -0.5933902167646535, -0.6511348382258597, 0.3275164044159578, -0.12214800718362749, 0.5053585708366778, 0.014560565507591508], [-0.3310594440215669, -0.6210051386332808, -0.45279871326055426, -0.4585410117622542, 0.20646183492971568, -0.07421009304207933, 0.23520066745071033, 0.1809953452560502, 0.5135944701268422, -0.3730648989458813, 0.18538913835495607, 0.024895987608377315], [-0.5329470341124725, 0.045048127802238554, -0.5460145955864096, 0.17047653851946049, -0.7794154920052239, -0.3409535473491858, -0.3889127613052622, 0.2830344738285656, -0.21830419689996453, 0.7350127070716381, 0.5664966106549596, -0.018226539733341915]], "inverted": false, "swapped": false, "error_lsq": 0.045195223873741565, "error_max": 0.22955926168880966, "target": "698.xyz", "model": "21.xyz", "model_rescale": 4.186013935880536, "target_rescale": 3.9226648824583723},
{"mapping": [2, 5, 0, 6, 9, 7, 8, 11, 10, 3, 4, 12], "R": [[0.8466153767669683, 0.532160041747183, 0.006934968591192581], [0.3927012615541254, -0.6158489576273721, -0.6830196048160534], [-0.35920484823499094, 0.5809782709851684, -0.730367117036057]], "T": [0.005613449255117134, -0.07383245179220738, -0.16890614749384514], "aligned_model": [[-0.49258626748720435, -0.45344521541550364, 0.22323987513071492, 0.3549319584922971, -0.06793046967664004, 0.720587020898308, -0.6664502537009594, -0.3813109927915166, 0.4251856488402648, -0.09117015291879202, 0.3601355165381337, 0.005081454020469512], [-0.4477988571219197, -0.6626197982467741, -0.7246303671490866, -0.37094292414652713, 0.41203556132294844, 0.055965692325686406, 0.18619881319044418, 0.24830169191729362, 0.646607407710581, -0.4584294684661778, 0.22760230041996804, -0.07643190769540129], [-0.5709576028918268, 0.0339075087541324, -0.394492612367349, 0.14661690291436486, -0.5483456368172708, -0.2703407250114882, -0.4304061496049437, 0.2125188756959122, -0.13390599302634137, 0.6647944725444945, 0.38882796723881696, -0.122922716543499]], "inverted": true, "swapped": false, "error_lsq": 0.0434168425272643, "error_max": 0.22092913620332202, "target": "698.xyz", "model": "22.xyz", "model_rescale": 4.166573947596378, "target_rescale": 3.9226648824583723},
{"mapping": [13, 10, 14, 9, 6, 12, 5, 0, 2, 8, 3, 15], "R": [[-0.9416236495381997, 0.3318938435345064, 0.05649229375989656], [0.04061365953387874, -0.05459151719303801, 0.9976824629659622], [0.33420866728681353, 0.9417357606433213, 0.03792524009043491]], "T": [0.08084892948170716, -0.03865201466539408, -0.0112380822683079], "aligned_model": [[-0.4138526523973072, -0.3226421813062528, 0.20157147196671832, 0.40815744634639206, 0.08850101774919825, 0.489341895904466, -0.6185220123086216, -0.5885474548456314, 0.29712559067686567, -0.11662563710957716, 0.4758250343020616, 0.03593560295126019], [-0.449872150830294, -0.661564354065181, -0.6732279060539745, -0.47087268469914423, 0.46416613296536174, -0.09440433243146801, 0.09063382993742897, 0.3002619020117337, 0.5985451397179701, -0.23567872334015008, 0.1589079877054935, 0.008963303143258758], [-0.5616756204092548, -0.11181826939609857, -0.468093933740727, 0.2466448242328993, -0.5823974189907202, -0.5205577566144521, -0.44161865497807695, 0.3109444755619837, -0.007573187029768735, 0.7478820741229997, 0.3966719250865247, -0.033114166960307]], "inverted": true, "swapped": false, "error_lsq": 0.04738254111295057, "error_max": 0.229512755699366, "target": "698.xyz", "model": "23.xyz", "model_rescale": 4.274766983524099, "target_rescale": 3.9226648824583723},
{"mapping": [10, 7, 9, 3, 1, 2, 5, 0, 4, 6, 11], "R": [[0.06407556704678785, -0.9691361204006694, 0.23805356927038981], [0.9288014790058174, -0.029332383086089542, -0.36941497519604904], [0.3649960743682584, 0.24477498123221378, 0.8982555729070266]], "T": [0.0646181100602641, 0.0897276258264848, -0.08072224946660697], "aligned_model": [[0.15909743068310103, 0.21359994252206874, -0.494100499929891, -0.45870180755526047, -0.4631105033228152, -0.454528472538425, 0.03154399748247157, -0.10935583680236688, 0.5581721463243142, 0.32379151641597437, 0.07348679067890365], [-0.02267343392867499, 0.6354763583320688, 0.38718615949277846, -0.19372387515205475, 0.4860588292471449, -0.3016278826024325, -0.612045009636969, 0.1920249548116708, -0.23153477074729684, 0.529636918970104, 0.0468082824571443], [-0.7476493698538395, -0.2970751091992667, -0.62436986293893, -0.269088294817347, 0.14599817750863978, 0.42354720247395183, 0.04219328976707015, 0.821504692804229, 0.43359411031147554, 0.4230309215927327, 0.027880676372861485]], "inverted": true, "swapped": true, "error_lsq": 0.05170742691325505, "error_max": 0.301252426906845, "target": "698.xyz", "model": "24.xyz", "model_rescale": 3.7841303162186577, "target_rescale": 3.9226648824583723},
{"mapping": [13, 12, 14, 9, 11, 10, 3, 4, 7, 2, 8, 15], "R": [[-0.1959607483050494, 0.6537822794913252, -0.7308680565921949], [0.7835995968062933, -0.343690973787747, -0.5175405166958861], [-0.5895515728150843, -0.6741255413941508, -0.4449535901993639]], "T": [0.06521137679686431, 0.05851428389727821, -0.004217040485190379], "aligned_model": [[-0.29294242432669715, -0.2871653118165418, 0.2559854671666437, 0.27904067946937017, -0.06890043109569291, 0.723251474277878, -0.7075901367790369, -0.5012528343053017, 0.3679567181806237, -0.14001614391597844, 0.2932558907516909, 0.014645174322614266], [-0.2983018856758236, -0.6114903614476935, -0.6202401937536414, -0.47119194569083034, 0.279686164796549, -0.049611087087304676, 0.10361342172333045, 0.2967683308641382, 0.5447781448002464, -0.3303739114791126, 0.09048960439549185, 0.10173186261568502], [-0.6012162642225118, -0.05000296590059354, -0.3678054999045894, 0.12159650481206115, -0.7270756651456107, -0.4049005059960883, -0.22725465169750125, 0.41893500016056756, -0.31194789033685677, 0.6085150903568077, 0.5402377897560395, -0.023786650996721715]], "inverted": false, "swapped": false, "error_lsq": 0.04602444445763879, "error_max": 0.20390044705119334, "target": "698.xyz", "model": "25.xyz", "model_rescale": 4.19342608120988, "target_rescale": 3.9226648824583723},
{"mapping": [8, 10, 6, 3, 2, 4, 1, 9, 0, 7, 5, 11], "R": [[-0.9483112665794501, -0.10580240003882627, -0.2991848823461905], [-0.027128472383687235, -0.9123052451135961, 0.4086112892766784], [-0.3161799925115553, 0.3956071180909742, 0.8622790850131686]], "T": [-0.05071302690019043, -0.061529790266020026, -0.05683601107589622], "aligned_model": [[-0.44051083500639143, -0.44245865099223836, 0.2759501650363878, 0.40157453830922735, 0.01654395138886236, 0.6526558888944148, -0.4686214414879103, -0.479952674546686, 0.18244702101636756, -0.09583410901585772, 0.28592813458743416, 0.0485461337459617], [-0.3054940224963325, -0.5550576025241653, -0.703605442805537, -0.428590587163437, 0.252537393220212, -0.009094482408635432, 0.2334676902224393, 0.2564914455938609, 0.6034681358578063, -0.4330671534948523, 0.23848851170599905, -0.1136857416463228], [-0.6696779466520829, -0.07102978160068418, -0.45322720478391754, 0.2460159966392276, -0.8298584589216579, -0.36804725431843427, -0.2382920854494122, 0.4575250718828353, -0.14244096941946208, 0.755804866220733, 0.404056198438528, -0.1155341411506701]], "inverted": false, "swapped": false, "error_lsq": 0.0353646824552086, "error_max": 0.20291580069292625, "target": "698.xyz", "model": "26.xyz", "model_rescale": 3.795458400668931, "target_rescale": 3.9226648824583723},
{"mapping": [0, 3, 2, 9, 6, 1, 7, 10, 8, 4, 11, 12], "R": [[-0.7974101881464303, -0.2085755105356828, -0.5662448659767736], [0.582366362184296, -0.02019149754666716, -0.8126756570877787], [0.15807090825482195, -0.9777978113248171, 0.1375682671690439]], "T": [0.09901724421901521, -0.04055158798742404, -0.05052561524215695], "aligned_model": [[-0.26463433503658335, -0.4175337719880698, 0.30577889751351245, 0.2970313505621784, 0.06680304844104891, 0.48003645021196056, -0.694295084434915, -0.413313186818468, 0.44754409412015056, -0.1530463081288806, 0.3323233825730755, -0.050426415085438006], [-0.45710941533629157, -0.5673726179100365, -0.8064086343545466, -0.4031829840964564, 0.4760132760018175, -0.02761908319938245, 0.06403234352600479, 0.20959964933228548, 0.5937392137712779, -0.26291980448640817, 0.21533708779931043, 0.0017491130134602295], [-0.6714203707943476, -0.023857114448842205, -0.43203251839851653, 0.06636396667402936, -0.6934174775005164, -0.5033062304805326, -0.1916845650267496, 0.37682472863227723, -0.13392779631955404, 0.7149020590063027, 0.5753048914797206, -0.10845528193826852]], "inverted": true, "swapped": false, "error_lsq": 0.04414131822154219, "error_max": 0.20948355059125273, "target": "698.xyz", "model": "27.xyz", "model_rescale": 3.6321398670334006, "target_rescale": 3.9226648824583723},
{"mapping": [6, 9, 12, 8, 4, 7, 13, 11, 1, 10, 0, 14], "R": [[0.0984359288717929, -0.22809818185940017, -0.9686493624318262], [0.5671924907500158, 0.81265621483169, -0.13372567043101072], [0.8176815066662206, -0.5362472339582425, 0.20937014526477588]], "T": [0.07199714753783297, -0.013598688701903255, -0.0024183390337317867], "aligned_model": [[-0.3124220434591852, -0.4355333252655858, 0.21706498516143002, 0.41450797873070794, 0.18875282580810393, 0.6972243630130937, -0.6920700357413084, -0.4247329016922175, 0.06676040995508346, -0.04496887462542186, 0.23002831187113765, 0.03165642817373414], [-0.21303693124276005, -0.44615122110518657, -0.7118601169566661, -0.382014029131571, 0.2720413913998412, -0.1972309365376102, 0.1623699365077023, 0.12021069450648317, 0.5987830298804103, -0.39850588395058406, 0.20080631982821173, 0.030445890862764342], [-0.647673102786917, 0.04097851693157668, -0.42062406730485646, 0.11584443298781774, -0.7713429833196, -0.4222486745119033, -0.2298248347452005, 0.38213353467905586, -0.27117176407602983, 0.6630416775726045, 0.5619116509867417, -0.025730095528287176]], "inverted": true, "swapped": false, "error_lsq": 0.040608763491592974, "error_max": 0.21726270097022296, "target": "698.xyz", "model": "28.xyz", "model_rescale": 4.156811204709835, "target_rescale": 3.9226648824583723},
{"mapping": [9, 7, 10, 8, 0, 1, 3, 2, 5, 11], "R": [[0.17088858545866786, 0.9180774282464768, -0.3576743310670632], [0.9796245368056526, -0.19718984809665618, -0.038104208375566745], [-0.10551236064199548, -0.3438749766295205, -0.9330686696057265]], "T": [-0.009846406706316813, -0.08226262033517465, -0.06664593939176452], "aligned_model": [[-0.6455080424515167, -0.017668943173191773, 0.08809076884283507, 0.6813449097452713, -0.17370068687503876, -0.6153938209536742, -0.44592473665084115, -0.3897445440356408, 0.14768784328924683, 0.013742626373138212], [-0.07250662417786695, -0.5666255966390809, 0.18256006595718263, 0.04090745508330082, -0.382953637701681, -0.3839196660722404, 0.36119584196903176, 0.2699770072283305, 0.54448830759109, -0.07440282261186261], [-0.6070530983146456, -0.4302076816844248, -0.6884412261524444, -0.147362433535892, 0.7921216776090935, 0.10450726698036081, -0.12022335053458433, 0.5725446725461913, 0.235104276871848, 0.04779662318959706]], "inverted": false, "swapped": true, "error_lsq": 0.051252474563297234, "error_max": 0.2509377633612795, "target": "698.xyz", "model": "29.xyz", "model_rescale": 4.117894457231895, "target_rescale": 3.9226648824583723},
