[{"mapping": [11, 10, 1, 5, 12, 3, 8, 6, 4, 0, 9, 7, 13], "R": [[0.8443345649046927, -0.212660569755034, 0.4918075076477256], [-0.5019596895080973, 0.007163476347481851, 0.8648613499952196], [-0.18744495889763974, -0.9770998754877023, -0.10069866287979584]], "T": [-0.010327358952305172, -0.061449691956824405, 0.1216662428983007], "aligned_model": [[0.014861479716484974, 0.6984814382633845, 0.13438274425429553, -0.47713968467040635, 0.535391166971397, -0.38923937405720893, -0.3567436381406046, -0.7270765343940286, -0.3916338199505787, 0.4094791402529687, 0.5537914964679548, 0.12257651617315825, 0.03226152993425711], [-0.24495731961377762, -0.05632635617441415, -0.489643301704116, -0.6133717504966936, -0.254605731810496, -0.03488736204206153, 0.22958922090277342, 0.20187729765997184, 0.7931826177769055, 0.10938046445414662, 0.4033978950812931, 0.5227212422289985, 0.033400126618258745], [-0.5512024767205528, -0.5945688896257422, 0.4804883882913782, -0.10164867889683608, 0.12030878007588848, 0.480721159639978, -0.5154140066288193, 0.08325009745633229, -0.07227504865984717, 0.7461596339491925, 0.0723731445132118, -0.33928425564201675, -0.0037513025851007714]], "inverted": false, "swapped": false, "error_lsq": 0.056764949363857564, "error_max": 0.3234109317545797, "target": "699.xyz", "model": "0.xyz", "model_rescale": 3.8414455957264533, "target_rescale": 3.948424829870089},
{"mapping": [5, 3, 2, 6, 4, 7, 10, 8, 13, 0, 1, 11, 14], "R": [[0.8152090646029196, 0.3516070198009593, 0.4602246023583712], [0.3415824150323653, -0.9336019068183478, 0.10820782469767413], [0.4677131970875849, 0.06899263157637477, -0.8811835121348316]], "T": [-0.07225840741880353, 0.046678213977883326, 0.03607762838572082], "aligned_model": [[0.057817037109807026, 0.5940806591082144, -0.019229470261027767, -0.5193079018147883, 0.3760833927407802, -0.04919160906009541, -0.20472253292641907, -0.7813152246024522, -0.40370742007672855, 0.34693303224693023, 0.6549635632428192, 0.12327657398499094, -0.0162876388709563], [-0.44000850616004783, -0.1442228476559324, -0.6715239815596556, -0.541500769651327, -0.19577780677072124, -0.08956844506499087, 0.0031873681601494383, 0.3183689546887992, 0.6436517103534161, 0.37224534900959616, 0.4099015989893904, 0.8574647950226433, 0.07753962351946901], [-0.3888214186296392, -0.32851243610732117, 0.1972553742671112, -0.21733785370021313, 0.22587210428164092, 0.6636601112899644, -0.6339545366585783, -0.18238282322490565, 0.36563975799497717, 0.5298406758137143, -0.2600893332027564, -0.1390126145609969, -0.02700046239593097]], "inverted": true, "swapped": false, "error_lsq": 0.052847459700932825, "error_max": 0.37389447906503853, "target": "699.xyz", "model": "1.xyz", "model_rescale": 4.316132596720782, "target_rescale": 3.948424829870089},
{"mapping": [2, 5, 3, 1, 0, 4, 6, 10, 7, 9, 8, 12], "R": [[0.6831500422387737, -0.4594162528665361, -0.5676642726041802], [-0.23626525955204153, -0.8745625227943398, 0.42346088467815624], [-0.6910027112233125, -0.15516797454910342, -0.7060015246133401]], "T": [-0.042610861611637886, -0.00045700771592989604, -0.0513854015139943], "aligned_model": [[-0.17325946472316311, 0.3910023600941956, 0.035003651032631665, -0.7559335250367228, -0.4741121251683953, -0.3713666733534861, -0.1509274707630203, -0.32967215065286, 0.5193378633213226, 0.26460107137661465, 0.606840876402022, 0.03629414210264175], [-0.6920652358365033, -0.4052976839334437, -0.6205030652540509, 0.39831623728752213, -0.1207420996475319, -0.1498008239765695, 0.3095936501000977, 0.6005204773496685, 0.07763089312694431, 0.15475323871514354, 0.39843573647323277, 0.06193510333647038], [0.04428612004459535, 0.20962302919437137, -0.6151174219708246, -0.02849538241082357, -0.36837092583719483, 0.3402751599247573, -0.6901756704718724, 0.552785114430257, -0.6159760383323618, 0.7065462883274606, -0.033300202801133647, -0.05282160888780978]], "inverted": true, "swapped": true, "error_lsq": 0.04776392244014435, "error_max": 0.2428842567209921, "target": "699.xyz", "model": "2.xyz", "model_rescale": 3.795458400668931, "target_rescale": 3.948424829870089},
{"mapping": [5, 2, 3, 1, 8, 11, 0, 9, 4, 10, 7, 12], "R": [[-0.7635431210017283, -0.5388504583687581, -0.3558680737109185], [0.39746717163332773, -0.8264908687345649, 0.3986636318654956], [-0.5089417941619092, 0.1629509969719852, 0.8452367850141718]], "T": [-0.01417067370711201, 0.00419801346471847, 0.0762663481822197], "aligned_model": [[-0.023108453503857602, -0.26871344127640645, -0.8165809572257825, 0.25673181132136424, 0.15446759993203282, 0.3032660649585655, -0.31673088245635705, 0.6951411274042747, 0.2724928400094019, 0.8286532710401845, -0.5024771569133122, 0.010162002453457625], [-0.24617738447227902, -0.6439680224488148, -0.21624997075921704, 0.009407772448545581, 0.5906371162661045, 0.4814615967328583, -0.13948653043554282, -0.06573500457428195, -0.42221181898985205, 0.10313293855763819, 0.546845077288155, 0.0881132756763954], [-0.521457732192166, -0.0638507746211979, -0.04949270749571011, 0.8476015399618443, -0.3807679690826027, 0.33450966698431583, 0.5109544413574454, -0.35375223353905183, 0.2169100088485238, 0.37368829141369486, -0.25196774431487656, 0.026396643318881183]], "inverted": true, "swapped": true, "error_lsq": 0.05320975208938239, "error_max": 0.2968467586362711, "target": "699.xyz", "model": "3.xyz", "model_rescale": 3.7530521520055578, "target_rescale": 3.948424829870089},
{"mapping": [1, 3, 6, 7, 11, 5, 10, 4, 9, 8, 12], "R": [[-0.6681246739626291, 0.6798946200181477, -0.3022461343221927], [-0.546022198292875, -0.17208126306152022, 0.819907188573541], [0.5054395898757307, 0.7128333217334402, 0.48620929280786357]], "T": [-0.1536500196924747, -0.012688954843162875, -0.0981234469919785], "aligned_model": [[-0.3674853318305996, -0.13638421877069232, 0.3205939922167679, 0.5476216570952414, 0.16855163099186984, -0.2719848811521899, -0.3298006758553548, -0.6574032547929727, -0.3142166910945637, 0.4491809085414794, -0.07047353290378061], [-0.8002882275291735, 0.33626459673305653, -0.40094580916642275, 0.26639219233909706, -0.44563618568564856, 0.6159442205725394, -0.5016733188396594, -0.10026664161520096, 0.25585984717021726, 0.23367424600397638, 0.007878438331564451], [-0.049800357187607835, -0.8637658099074498, -0.4726446589209104, -0.36454121201070794, 0.22433432431563655, 0.0060830373997839415, 0.6356785505921455, 0.0513582625958251, 0.673258250875898, 0.2982729468124417, -0.04540255731973844]], "inverted": false, "swapped": true, "error_lsq": 0.0541562263474178, "error_max": 0.3002063508339619, "target": "699.xyz", "model": "4.xyz", "model_rescale": 3.7855080009869324, "target_rescale": 3.948424829870089},
{"mapping": [8, 7, 13, 15, 6, 12, 10, 9, 2, 1, 4, 5, 16], "R": [[-0.9509656408958658, 0.22612145813486173, 0.2110294671520536], [-0.2917910017723465, -0.42960424335371306, -0.854574868210606], [-0.10257856072399434, -0.8742478368651809, 0.47451908140384214]], "T": [-0.009134995243171086, 0.06602499671166327, 0.04933955260758596], "aligned_model": [[-0.00969017390517765, 0.49696046159802265, 0.002826302184163453, -0.5913561141869961, 0.5595999168539709, -0.10564769709351865, -0.20594821210760136, -0.6584377485287207, -0.4475031969850039, 0.3035926917169724, 0.6708709963237194, 0.20423281275321453, -0.06010757780197101], [-0.519096478367226, 0.07527357097511013, -0.6114389662066839, -0.44512688408981116, -0.2542934613559864, -0.09022161886249842, 0.0609695508911766, 0.2639164878730749, 0.5726574347378706, 0.4586047436916108, 0.3568700969532833, 0.6604649175034241, 0.07117764913744426], [-0.3417389882787406, -0.5030654838599554, 0.30579061067953384, -0.23183731360791857, 0.053048090052746716, 0.70457810192632, -0.6522324495485118, -0.1655066983505357, 0.36069558678701974, 0.6160727129741635, 0.05066731912326548, -0.4568408536698658, 0.0655259109395449]], "inverted": false, "swapped": false, "error_lsq": 0.04111269879931802, "error_max": 0.2125807687818687, "target": "699.xyz", "model": "5.xyz", "model_rescale": 4.2253639853439635, "target_rescale": 3.948424829870089},
{"mapping": [5, 11, 2, 10, 6, 4, 8, 1, 0, 7, 12, 9, 13], "R": [[-0.4427746438492466, 0.07326198077987939, -0.8936348789837947], [-0.8461000682408717, -0.3640018668015339, 0.3893806819653366], [-0.2967579641508633, 0.9285124248695906, 0.22315776387082742]], "T": [-0.02111664433834909, 0.04351193444760708, -0.0031887255370647155], "aligned_model": [[0.12500743529612396, 0.620509632239683, -0.06419803051203538, -0.5144243344651902, 0.5221931960861297, -0.48685616034827517, -0.23547585436844728, -0.7343755145872339, -0.15020981368046726, 0.5015928102608995, 0.7384152675032656, -0.15701864390554632, -0.00576752869783221], [-0.4917652056074954, -0.03627043831353617, -0.5791279459730306, -0.500649091972098, -0.21622801194371694, -0.12124907262233246, 0.05976748474605397, 0.21593049073405968, 0.7138051320744866, 0.380279109161797, 0.5764115538454633, 0.5696634334980979, 0.029189605253039423], [-0.30793026050742806, -0.43620637300007625, 0.2430534022809841, -0.26596006068744377, 0.2227925694182229, 0.503616785465593, -0.7100485148577319, -0.018661521588406685, 0.41764928625718795, 0.48951190581476334, -0.10552657292928364, -0.28120252743535523, 0.05406842693604076]], "inverted": true, "swapped": false, "error_lsq": 0.05446265980760268, "error_max": 0.34454912681556243, "target": "699.xyz", "model": "6.xyz", "model_rescale": 3.89814844738969, "target_rescale": 3.948424829870089},
{"mapping": [5, 9, 2, 1, 10, 4, 6, 0, 7, 11, 11, 8, 12], "R": [[-0.18495430212193947, 0.6237078463247626, 0.7594606168587761], [-0.20539720109355994, -0.780259701995025, 0.5907679639465621], [0.9610431290579617, -0.04672600855584563, 0.27242023459156073]], "T": [-0.11051788652246987, 0.1190798764222373, 0.011693015896533121], "aligned_model": [[0.037223494884189565, 0.5925480783726017, -0.190186588419891, -0.549723452927305, 0.4041970003671791, -0.059617124245656, -0.2420404587079346, -0.6941297973100634, -0.3790639515655594, 0.5436545138478076, 0.5436545138478076, 0.17496019208484265, -0.022083959406945533], [-0.4374320453188415, -0.05136247232226787, -0.5126617116746248, -0.5350156334474965, -0.37965216630676435, 0.022272253801630254, 0.16391146945155563, 0.03281358766769926, 0.6188131814326197, 0.5172172962328274, 0.5172172962328274, 0.6382487189471018, 0.0053872681845224535], [-0.5089254328785091, -0.5123237145570205, 0.32169835186319157, -0.29498946883499116, 0.17055961975542935, 0.6469356348906142, -0.6501738833361985, -0.04276478868354006, 0.3424864776808144, 0.2741533648320727, 0.2741533648320727, -0.314884313232118, 0.099231332835249]], "inverted": false, "swapped": false, "error_lsq": 0.05977472754670875, "error_max": 0.4347123917535261, "target": "699.xyz", "model": "7.xyz", "model_rescale": 3.7474275329858107, "target_rescale": 3.948424829870089},
{"mapping": [7, 11, 5, 6, 9, 8, 10, 0, 1, 4, 13, 12, 14], "R": [[-0.5825158430407718, -0.18140661792287724, -0.7923174436930455], [-0.5247583863624695, -0.660478258811688, 0.5370261684306811], [-0.6207285465876015, 0.728601474477553, 0.2895444056451093]], "T": [-0.03305105507449599, 0.11720600281594662, 0.02817119903238012], "aligned_model": [[0.023787655859170337, 0.42194080732302963, -0.13539524999363192, -0.6126210925528981, 0.4809018476261663, 0.1389591259847228, -0.21716059500948096, -0.6697214914854884, -0.46320858838311507, 0.39233370560981584, 0.637732666737906, 0.180152181238274, -0.018308512133396584], [-0.45983416991575843, -0.026227483044724276, -0.5672877753285911, -0.41333090025669594, -0.4447515120737311, -0.15389603051236417, -0.005904518664004196, 0.1928111453022524, 0.7179230736702067, 0.3400553656820903, 0.7096466956980046, 0.547883583043966, 0.1626695692801378], [-0.32914047432462107, -0.3704378774771178, 0.21260383570403313, -0.19446587005791638, 0.048086152032068466, 0.6299406739924803, -0.6972327136218907, -0.12397299394527943, 0.1656678076159187, 0.6459185686692165, 0.11287688161328867, -0.3587445808397448, 0.06405713580663067]], "inverted": true, "swapped": false, "error_lsq": 0.05418613249331788, "error_max": 0.3538150007049172, "target": "699.xyz", "model": "8.xyz", "model_rescale": 4.019505241142653, "target_rescale": 3.948424829870089},
{"mapping": [0, 1, 3, 4, 2, 5, 7, 8, 11, 6, 10, 9, 12], "R": [[-0.5783807811306095, 0.6189712031667852, -0.5313664664513637], [-0.09161687203842944, 0.5979630881345935, 0.7962703648801922], [0.810605959006372, 0.5092296091929481, -0.2891421524865536]], "T": [0.07830288147730365, 0.08064680915608269, 0.0056963970748892204], "aligned_model": [[0.027915784941962382, 0.5698668230015068, -0.085917042622815, -0.5452435435267363, 0.4262526448606324, -0.26103469656409894, -0.4314583184963036, -0.5061149296271461, -0.23593226539249695, 0.43634389524868156, 0.7704942113309068, -0.05667172228074817, 0.050891619947729325], [-0.425768527045683, 0.15196785629960088, -0.6924958463050374, -0.45264132644860566, -0.35930178814173236, -0.08036719392984476, -0.11767903826602921, 0.34129701632785336, 0.5439456909986292, 0.2813596080427674, 0.6791153542897304, 0.6458250481529562, 0.08450018890618363], [-0.3988412721643062, -0.4521065100785039, 0.34295454534835346, -0.11425480771721597, 0.19370798212705737, 0.561977996699753, -0.7156872507308157, -0.2102994893472796, 0.2774682546101211, 0.6053486653000119, 0.035467550544378564, -0.35443618397713467, 0.03385706455264714]], "inverted": false, "swapped": false, "error_lsq": 0.050366621224784594, "error_max": 0.28680716430000924, "target": "699.xyz", "model": "9.xyz", "model_rescale": 3.877068213659057, "target_rescale": 3.948424829870089},
{"mapping": [2, 7, 13, 14, 4, 6, 9, 10, 11, 5, 1, 8, 15], "R": [[-0.31569624317740397, -0.8385031745348523, -0.4441264553465025], [0.18511375337486566, 0.40464309748944016, -0.8955427750619294], [0.9306281643895931, -0.36493340481398373, 0.027474164149802305]], "T": [0.00030866366567825106, 0.05154850433260598, 0.10683525482639229], "aligned_model": [[0.10663258335538078, 0.6348109702006784, -0.15558483217713967, -0.5723341648028485, 0.59802581739563, -0.3487792253473296, -0.32717397168998397, -0.7049752151823104, -0.40924381650530084, 0.5072572032354277, 0.7361543511640726, 0.08398062103437262, 0.01062214014042555], [-0.3623739182492844, 0.07942644473456938, -0.7023265679423124, -0.39096979476559884, -0.2659792014902057, -0.13033663154403008, 0.035497484376544514, 0.12379060491205994, 0.660831664784293, 0.3931326524421266, 0.5102813854600795, 0.5094454830461529, 0.13933743711639401], [-0.40082487767887126, -0.4059183047492754, 0.17760310995895573, -0.18604576641838372, 0.10581549169784266, 0.5815562446893091, -0.46600223713667194, 0.08303381367502799, 0.031362924535697737, 0.5939891219268408, 0.07518279574439142, -0.5085120424319893, 0.12391627135419317]], "inverted": false, "swapped": false, "error_lsq": 0.04850736441088467, "error_max": 0.23571599724065473, "target": "699.xyz", "model": "10.xyz", "model_rescale": 4.260839863003843, "target_rescale": 3.948424829870089},
{"mapping": [3, 6, 11, 7, 9, 5, 2, 0, 1, 10, 4, 12], "R": [[-0.1457460870925269, 0.7859252947524922, 0.6008989175938213], [-0.2720142374773268, 0.552140793408362, -0.7881299378046829], [-0.9511920587908871, -0.2783199154257434, 0.1333105096028104]], "T": [-0.03314473940108796, 0.027614215281330633, -0.08301960444474363], "aligned_model": [[0.4028136425656828, 0.21472303761187722, -0.24007042949330054, -0.26328571295215164, -0.6789324984512044, -0.3357551616794753, 0.30455300332391055, 0.5019446117783843, 0.3696684170595984, -0.311597302532917, 0.11546352079211107, -0.12062647892838517], [0.1233879500582562, -0.6272873819992798, -0.4442632001761278, -0.3985948499725185, 0.41252545660575274, 0.50755462165705, 0.6099370568953075, -0.09410041347995314, -0.26296575628350033, -0.028831472069110225, 0.39536573927822294, -0.019649244981165385], [-0.7964918168326605, -0.24296449790320618, 0.2771882331096578, -0.7202225877108338, 0.2743756185180396, -0.3962702049479436, -0.3097449480423915, -0.08045020327700969, 0.5663478702323796, 0.7701381699574905, 0.27258742050859575, -0.09831497621661357]], "inverted": true, "swapped": true, "error_lsq": 0.047981656065533625, "error_max": 0.25912663219225845, "target": "699.xyz", "model": "11.xyz", "model_rescale": 3.890672605050136, "target_rescale": 3.948424829870089},
{"mapping": [4, 7, 10, 2, 12, 11, 0, 1, 6, 9, 5, 8, 13], "R": [[0.23135682174072653, 0.37588696495950746, -0.8973199042747017], [0.5778074701756089, 0.6889570696173755, 0.43758048817731987], [0.7826956933849146, -0.6197153748276452, -0.05779537835276031]], "T": [-0.05269804851352792, 0.1387098414210487, -0.015337159977387339], "aligned_model": [[-0.12546386934725864, 0.6768884222656398, 0.10007434340115909, -0.41194461417456585, 0.5558240348169377, -0.3061797167105275, -0.38160312744976904, -0.8072476409830541, -0.3003299823447058, 0.2943583919133609, 0.6750340939360323, 0.13113886145829665, 0.058843264039528616], [-0.43615088417957915, 0.022532183325361582, -0.6744239532757434, -0.4690159393860883, -0.2767457776952561, -0.0808652300167857, 0.20778189585678994, 0.24894521915683568, 0.6156502809460216, 0.3251555814952843, 0.3842775878853989, 0.6896123397596282, 0.043003739008921266], [-0.40941497628459117, -0.44097844520686474, 0.32380076570067956, 0.06937065589454527, 0.09525058522483003, 0.4208921326960738, -0.5008729877936121, -0.16961406813203742, 0.19266424971570584, 0.6559379171614775, 0.1074414724358023, -0.44183624988785297, -0.09748450635708955]], "inverted": true, "swapped": false, "error_lsq": 0.04603665105881638, "error_max": 0.2699063100198126, "target": "699.xyz", "model": "12.xyz", "model_rescale": 4.124412569039231, "target_rescale": 3.948424829870089},
{"mapping": [2, 4, 11, 8, 10, 9, 1, 6, 3, 7, 5, 0, 12], "R": [[0.7399985682906348, -0.6626383728729767, 0.11537983239745422], [-0.6614501570011949, -0.685818730617968, 0.3035397149248408], [-0.12200741260638776, -0.30093696271779724, -0.9458071345360436]], "T": [0.003543250424596892, 0.1879191526328653, 0.025523148523702598], "aligned_model": [[0.11607476916648478, 0.5335323424500902, 0.0026536011653336637, -0.42763502544916154, 0.4798173200638388, -0.32667266385781957, -0.388521981808292, -0.6627470459480612, -0.37718026090372575, 0.3302398963503658, 0.6864195617838401, 0.12090603816420355, 0.0725059096439776], [-0.5275492103436955, 0.07110584446932106, -0.7891093840309428, -0.38417972649726106, -0.3483174948035338, 0.06518526962624317, 0.059971244511792615, 0.19207392140068588, 0.7694778821825482, 0.23241087343057895, 0.511234766921171, 0.6589038684403037, 0.08854918757357647], [-0.44120717245213154, -0.5434605675169314, 0.21517363865032488, -0.015516927146653071, 0.1993706127932644, 0.5589414795896087, -0.6764586784421704, -0.03491519725280592, 0.18549948356210172, 0.558784306716717, 0.07930823952466609, -0.29254408795908876, 0.012181415100164867]], "inverted": false, "swapped": false, "error_lsq": 0.04454825807695629, "error_max": 0.2754477316145005, "target": "699.xyz", "model": "13.xyz", "model_rescale": 3.9028299243045295, "target_rescale": 3.948424829870089},
{"mapping": [10, 4, 13, 14, 5, 12, 7, 9, 6, 2, 0, 3, 15], "R": [[0.45479525212501165, -0.8373080278426255, -0.30344117247802893], [-0.7507336394537465, -0.1771342912950194, -0.6364137376266668], [0.47912449450751293, 0.5172414420342835, -0.7091551377556364]], "T": [0.03909434694956065, 0.09746881156620504, 0.12444973866399782], "aligned_model": [[-0.06347792480830838, 0.46484371127738994, 0.034504121286032495, -0.5901109035590808, 0.375818489444292, -0.029579063102233717, -0.2986539296763298, -0.6609942034779525, -0.3438645363682235, 0.3067701903660047, 0.7931230880011062, 0.21857142499387683, -0.04755800355549931], [-0.365994886538781, 0.03352560047460093, -0.6934506956452362, -0.5135930554101942, -0.28806792487924826, -0.3075973305850386, 0.20242831434759914, 0.16599927575946447, 0.6350414230277109, 0.5872668064180131, 0.431020418245017, 0.601099577999163, 0.11207951966771776], [-0.4500351886006387, -0.39901183434060455, 0.20857235593190693, 0.007168878151174715, 0.1334001781688297, 0.6860952426925201, -0.7095392062563135, -0.2011651465937594, 0.030820451879948738, 0.6046552536742151, 0.038424204112136914, -0.1962268504362622, 0.05199820678391258]], "inverted": false, "swapped": false, "error_lsq": 0.042325163493419665, "error_max": 0.27846403797139235, "target": "699.xyz", "model": "14.xyz", "model_rescale": 3.942246331269136, "target_rescale": 3.948424829870089},
{"mapping": [4, 10, 11, 13, 10, 8, 3, 12, 0, 7, 9, 5, 14], "R": [[0.6663885361805008, 0.7201859692564963, -0.19302458012722234], [-0.3045611880448478, 0.026622843202694573, -0.9521206367664319], [-0.6805650605077521, 0.6932700728474335, 0.23708185192079534]], "T": [-0.002858896343671471, 0.089535308865824, -0.023640603974649642], "aligned_model": [[0.02602794612645666, 0.5760743100279824, 0.0652021491185031, -0.5484483082197076, 0.5760743100279824, -0.23448492309201285, -0.2605545577550794, -0.7988962659448857, -0.31589328529723254, 0.30339109263711883, 0.7465016615487595, 0.08624944001896824, -0.06185110837577895], [-0.33244254795832473, -0.24772796495117327, -0.564903362859998, -0.5090692839829651, -0.24772796495117327, -0.023662544957870457, 0.19494417365426567, 0.0688802479759449, 0.5984005392015384, 0.51129983019166, 0.36337052975507106, 0.6252154601510747, 0.16317993161273833], [-0.42955218992017163, -0.2687739202285587, 0.2612957813763398, -0.09388718093333553, -0.2687739202285587, 0.7060007845925542, -0.6862338787778245, -0.20796133753645862, 0.4050587447023789, 0.6540799438391918, 0.0842265931153067, -0.35210070520280157, 0.0017778303690044774]], "inverted": false, "swapped": false, "error_lsq": 0.05691415466786835, "error_max": 0.4384194353777461, "target": "699.xyz", "model": "15.xyz", "model_rescale": 4.355366556412066, "target_rescale": 3.948424829870089},
{"mapping": [2, 5, 3, 1, 0, 4, 6, 10, 7, 9, 8, 12], "R": [[0.6831500422387737, -0.4594162528665361, -0.5676642726041802], [-0.23626525955204153, -0.8745625227943398, 0.42346088467815624], [-0.6910027112233125, -0.15516797454910342, -0.7060015246133401]], "T": [-0.042610861611637886, -0.00045700771592989604, -0.0513854015139943], "aligned_model": [[-0.17325946472316311, 0.3910023600941956, 0.035003651032631665, -0.7559335250367228, -0.4741121251683953, -0.3713666733534861, -0.1509274707630203, -0.32967215065286, 0.5193378633213226, 0.26460107137661465, 0.606840876402022, 0.03629414210264175], [-0.6920652358365033, -0.4052976839334437, -0.6205030652540509, 0.39831623728752213, -0.1207420996475319, -0.1498008239765695, 0.3095936501000977, 0.6005204773496685, 0.07763089312694431, 0.15475323871514354, 0.39843573647323277, 0.06193510333647038], [0.04428612004459535, 0.20962302919437137, -0.6151174219708246, -0.02849538241082357, -0.36837092583719483, 0.3402751599247573, -0.6901756704718724, 0.552785114430257, -0.6159760383323618, 0.7065462883274606, -0.033300202801133647, -0.05282160888780978]], "inverted": true, "swapped": true, "error_lsq": 0.04776392244014435, "error_max": 0.2428842567209921, "target": "699.xyz", "model": "16.xyz", "model_rescale": 3.795458400668931, "target_rescale": 3.948424829870089},
{"mapping": [5, 9, 2, 1, 10, 4, 6, 0, 7, 11, 11, 8, 12], "R": [[-0.18495430212193947, 0.6237078463247626, 0.7594606168587761], [-0.20539720109355994, -0.780259701995025, 0.5907679639465621], [0.9610431290579617, -0.04672600855584563, 0.27242023459156073]], "T": [-0.11051788652246987, 0.1190798764222373, 0.011693015896533121], "aligned_model": [[0.037223494884189565, 0.5925480783726017, -0.190186588419891, -0.549723452927305, 0.4041970003671791, -0.059617124245656, -0.2420404587079346, -0.6941297973100634, -0.3790639515655594, 0.5436545138478076, 0.5436545138478076, 0.17496019208484265, -0.022083959406945533], [-0.4374320453188415, -0.05136247232226787, -0.5126617116746248, -0.5350156334474965, -0.37965216630676435, 0.022272253801630254, 0.16391146945155563, 0.03281358766769926, 0.6188131814326197, 0.5172172962328274, 0.5172172962328274, 0.6382487189471018, 0.0053872681845224535], [-0.5089254328785091, -0.5123237145570205, 0.32169835186319157, -0.29498946883499116, 0.17055961975542935, 0.6469356348906142, -0.6501738833361985, -0.04276478868354006, 0.3424864776808144, 0.2741533648320727, 0.2741533648320727, -0.314884313232118, 0.099231332835249]], "inverted": false, "swapped": false, "error_lsq": 0.05977472754670875, "error_max": 0.4347123917535261, "target": "699.xyz", "model": "17.xyz", "model_rescale": 3.7474275329858107, "target_rescale": 3.948424829870089},
{"mapping": [10, 5, 3, 11, 8, 1, 12, 7, 2, 0, 4, 6, 13], "R": [[0.07929325985080074, 0.9902822431339433, -0.11425260555383165], [-0.9190519541415827, 0.028233566752926622, -0.39312386253819076], [-0.3860778218581995, 0.13617615298580765, 0.912359562249015]], "T": [-0.03553275474115514, 0.04625022664881093, -0.04275581525059322], "aligned_model": [[0.1464064865206997, 0.39001490016359425, 0.02363784112002127, -0.5285973177957295, 0.5985814036203565, -0.3942571102175203, -0.2708681857195893, -0.7531449281540108, -0.26306151239456993, 0.34199115191940516, 0.7028474614387084, 0.19002985905397057, -0.024187588734261866], [-0.5359383923182026, -0.032028609863578805, -0.5272484387337462, -0.4800305785535428, -0.24488671122746622, -0.07179491752629029, 0.03485678974312428, 0.1922190723569104, 0.6000966157293011, 0.33869476358722583, 0.41686285758256447, 0.7834871095544255, 0.12546748255006407], [-0.3658562561320605, -0.6224122254020109, 0.31527672893930775, -0.08340692275602571, 0.13042896695672576, 0.5368135054819854, -0.7524912221700807, -0.2192356914082443, 0.3384495959818269, 0.643607269053548, -0.12440602141778759, -0.018218146211823362, 0.026606964251705743]], "inverted": true, "swapped": false, "error_lsq": 0.049981176957539786, "error_max": 0.38025888765517996, "target": "699.xyz", "model": "18.xyz", "model_rescale": 3.922800546911778, "target_rescale": 3.948424829870089},
{"mapping": [13, 4, 7, 12, 11, 3, 8, 5, 1, 2, 10, 6, 14], "R": [[0.8965132204820354, -0.43846970774480554, 0.06331161734716875], [-0.1634895176492135, -0.46027315062448704, -0.8725937224350379], [0.41174655204355626, 0.771941022490963, -0.48432616559076164]], "T": [-0.04491436852891541, 0.08818781463642403, 0.0028543468513458296], "aligned_model": [[0.09970685534639105, 0.5054977813872692, 0.08745703264625788, -0.5575551161132223, 0.5485764528937015, -0.30751514408886915, -0.28592520394598286, -0.8039679085394391, -0.2319959313673346, 0.21241626122227025, 0.7098824447203647, 0.2081144500851435, -0.025299513425475924], [-0.4309522094748618, 0.11165788391465553, -0.6306460160257664, -0.5080601711847471, -0.30477293348616574, -0.1806322393659364, 0.18590388327595314, 0.16464702513905338, 0.8008130047470495, 0.4196693784257668, 0.35105107547012226, 0.6115282703903727, 0.009550091055292476], [-0.42304714855660336, -0.4665737734875231, 0.3252931086420125, -0.01451942323211281, -0.02151998577227488, 0.520469894170574, -0.5510012310413219, -0.02006797223992538, 0.07460984281907712, 0.5833970951889822, 0.11141457933042948, -0.3684392785115665, 0.05514083785731933]], "inverted": false, "swapped": false, "error_lsq": 0.04088216098399376, "error_max": 0.22970989451311283, "target": "699.xyz", "model": "19.xyz", "model_rescale": 3.9282355846067225, "target_rescale": 3.948424829870089},
{"mapping": [3, 5, 0, 4, 1, 11, 6, 8, 9, 10, 2, 7, 13], "R": [[0.45428119039748954, -0.8307577909321693, -0.3216676745595397], [0.8662043010902716, 0.3275515668638827, 0.37735935104052937], [-0.20813147004658838, -0.45005717842349485, 0.8684064873811852]], "T": [-0.057358431145324414, 0.16022438060914146, -0.07038771900199085], "aligned_model": [[0.08547337901860544, 0.4099362949329905, 0.06055232008332879, -0.45896179867839265, 0.5402672934430791, -0.3280341616033345, -0.15777056930268657, -0.8096653717380264, -0.500351992196467, 0.36744976100800053, 0.7467860190430624, 0.14742911161524522, 0.05628217519566902], [-0.5262997126264808, 0.016700567834586844, -0.5037158910418928, -0.32584097498193515, -0.28053085430858166, -0.0842249954052344, 0.1346170015634565, 0.20452794076678296, 0.527034386877815, 0.3213056367520698, 0.3266355066630475, 0.7084620598387755, 0.0810863709483791], [-0.3435887668657548, -0.5691127999781125, 0.3602831049708942, -0.027690526822275234, 0.03000706427593068, 0.5463312792728794, -0.7154502886075613, -0.17379487940006294, 0.3138413134853891, 0.6616130854991417, -0.004242041013435116, -0.28391824558452716, 0.01087824593456059]], "inverted": false, "swapped": false, "error_lsq": 0.04869737304641644, "error_max": 0.30485252112629674, "target": "699.xyz", "model": "20.xyz", "model_rescale": 4.067790424073018, "target_rescale": 3.948424829870089},
{"mapping": [11, 3, 13, 10, 6, 5, 12, 9, 7, 4, 2, 0, 14], "R": [[0.5469951418428225, 0.8105240702043516, 0.2093968634428951], [-0.16581012582393193, -0.1402809231812053, 0.9761292254438861], [0.8205506181672175, -0.5686580644032061, 0.0576601145905635]], "T": [0.007751559094477891, 0.07132514574186558, 0.07334561550650819], "aligned_model": [[0.08080742982503557, 0.5215242754612209, -0.23991571381826732, -0.6124401415204433, 0.657511816727681, -0.03848696965890684, -0.228043296675613, -0.7065500785868927, -0.493457264300717, 0.508563394058385, 0.6522529856456928, 0.10808022110216635, -0.050454197438267456], [-0.43128661515262623, 0.07344713047353556, -0.5535520313059795, -0.4273970619104517, -0.26974416806383983, -0.06342223081535844, 0.03571023908049724, 0.1278401484178262, 0.6220986860806684, 0.28640019638348774, 0.4373972517079644, 0.7306739120469032, 0.03159158593816111], [-0.3267500124894578, -0.6047237834112995, 0.26908253233590385, -0.12139841042609788, 0.16842575789129155, 0.6462079583320374, -0.6547657985734743, -0.22770109905310754, 0.11919515009794984, 0.6610553425724016, 0.007534856918519572, -0.17089073206021027, 0.03988478303261023]], "inverted": true, "swapped": false, "error_lsq": 0.047863316223421555, "error_max": 0.2535356513957032, "target": "699.xyz", "model": "21.xyz", "model_rescale": 4.186013935880536, "target_rescale": 3.948424829870089},
{"mapping": [5, 3, 8, 2, 11, 9, 0, 1, 7, 10, 4, 6, 12], "R": [[-0.3359200878502575, 0.2704173424362389, -0.9022373055290929], [0.811383271758364, 0.5695566074283404, -0.13138667072961607], [0.47834598450218896, -0.7761956788364913, -0.41073761364914013]], "T": [-0.006399074941496418, 0.027675739947513617, 0.012638650498853694], "aligned_model": [[0.06383633410163922, 0.6665379619960046, -0.07009594270651523, -0.42874962055725246, 0.5100471544741596, -0.1966354673863755, -0.45646904286655204, -0.696985920713023, -0.165087513747573, 0.19376687681438012, 0.5598190572921066, 0.14348138245229627, 0.035927201667779164], [-0.43284299914761576, 0.022678591891270704, -0.6575003482608377, -0.5410855011853922, -0.2848304529282018, -0.06845570092178097, 0.17489435434709608, 0.26611538933388607, 0.7286085213607166, 0.48892421063926966, 0.47122553493959674, 0.3987991502660873, 0.033226292546692814], [-0.6050410839700956, -0.6193972880091305, 0.35049152955724416, -0.2060617611789054, 0.19862023627695477, 0.5957506648702636, -0.5328447539715098, 0.04951110607457544, 0.16040520696713698, 0.6785837478455088, 0.11401298088301474, -0.37421547164815633, -0.004658568529834853]], "inverted": true, "swapped": false, "error_lsq": 0.0447643655156436, "error_max": 0.22269338789867146, "target": "699.xyz", "model": "22.xyz", "model_rescale": 4.166573947596378, "target_rescale": 3.948424829870089},
{"mapping": [3, 11, 8, 4, 9, 7, 2, 1, 5, 10, 14, 12, 15], "R": [[0.6269988623742313, -0.1525527050983886, 0.7639372348227205], [0.17155763834228036, 0.9836031545543482, 0.05561304772402371], [-0.7598949949222191, 0.09618995019179127, 0.6428896407426874]], "T": [0.02280572928867511, 0.07427488933965734, -0.03774490904955186], "aligned_model": [[0.06300802053705074, 0.4851258197633368, -0.010440999095024023, -0.4552481376633982, 0.5380625106897114, -0.23384122834728024, -0.3554193983722339, -0.6646319390656196, -0.45741022128517883, 0.28692355840178685, 0.6434148844030992, 0.3597210452932106, -0.039871454438386994], [-0.39592386110488365, -0.027662055991461973, -0.6391089979794059, -0.4759895011379812, -0.23115068091864663, 0.12502082852717195, 0.02873790045632428, 0.23320999655406888, 0.6149159094608725, 0.24668157636287, 0.5098841439892032, 0.5081719437660808, 0.10296984089657625], [-0.4102010311295056, -0.6685874571916892, 0.3418038026944198, -0.130087284095012, 0.003179857714946603, 0.6277976038242699, -0.5924352502656398, -0.13907676331806906, 0.37233058324191315, 0.6415627824410832, 0.18823433130688846, -0.3949602099968299, -0.034404420059708896]], "inverted": false, "swapped": false, "error_lsq": 0.04444351775226163, "error_max": 0.24180499403110206, "target": "699.xyz", "model": "23.xyz", "model_rescale": 4.274766983524099, "target_rescale": 3.948424829870089},
{"mapping": [8, 11, 9, 5, 4, 2, 3, 0, 6, 1, 12], "R": [[-0.34133446776493515, 0.507508992718642, -0.791154475071296], [0.9024425184655653, 0.4123218833782623, -0.12485257447457987], [0.262846498894614, -0.7565879240360053, -0.5987373641436883]], "T": [-0.05215283950997505, 0.07386642712959021, 0.017024573546536737], "aligned_model": [[0.22461166288554016, 0.3844946064582918, -0.48091674619879776, -0.5141476766078522, -0.44239292653074336, -0.6057719593432734, -0.0803015021877739, 0.08328314156148306, 0.6196293407291262, 0.19760840237416458, -0.006201639182090039], [0.011293225682959623, 0.4927387944821636, 0.47248023297305597, -0.23930551222415478, 0.3787491731227898, -0.2371513524002136, -0.6912708260304333, 0.023343112179447956, -0.06079820439998965, 0.6926928106697519, 0.072815077188106], [-0.6905883576967313, -0.15362468801766557, -0.5747510468920062, -0.31240813119834737, 0.21334354938310895, 0.3353292227550612, 0.36637762354910897, 0.5464073803132344, 0.2326423958008324, 0.4893025691678452, -0.07246408314286304]], "inverted": false, "swapped": true, "error_lsq": 0.047658579254243445, "error_max": 0.2665325808684277, "target": "699.xyz", "model": "24.xyz", "model_rescale": 3.7841303162186577, "target_rescale": 3.948424829870089},
{"mapping": [9, 2, 14, 10, 12, 13, 8, 7, 6, 3, 5, 4, 15], "R": [[-0.6363562955658506, -0.47616966329289967, 0.6068880595737852], [0.5469109958752564, -0.8333244072140298, -0.08036662822416503], [0.5440027827910837, 0.28077194322245325, 0.7907136575364336]], "T": [-0.16099260150025996, 0.06230671869905615, -0.1058482920358357], "aligned_model": [[0.10169499531772286, 0.48185629356446325, 0.004421300016808127, -0.6762261321541803, 0.47644074675996695, 0.04190983171781057, -0.09344667307643822, -0.7985297386810232, -0.3091385808552667, 0.2016850950552566, 0.6726005776653543, 0.22164316168867587, -0.16551841619807656], [-0.43069046444425546, 0.05839901138898501, -0.6644074813677409, -0.5201026701550014, -0.24813930581089264, -0.15940131863978427, 0.10098627853940027, 0.16593605051691168, 0.6992907977841311, 0.4935341576733022, 0.2897140603084083, 0.6950197230457267, 0.1196182040415974], [-0.2793121569094069, -0.5002124078791321, 0.16585683290062633, -0.0815827209167076, 0.16336147528299713, 0.6164232261929993, -0.6918510418952405, -0.030928865966219604, 0.20128442200829497, 0.46992047398924897, 0.044972986550491895, -0.20569051615862766, -0.06708516203225777]], "inverted": false, "swapped": false, "error_lsq": 0.047037864254406106, "error_max": 0.2578103569250461, "target": "699.xyz", "model": "25.xyz", "model_rescale": 4.19342608120988, "target_rescale": 3.948424829870089},
{"mapping": [2, 5, 3, 1, 0, 4, 6, 10, 7, 9, 8, 12], "R": [[0.6831500422387737, -0.4594162528665361, -0.5676642726041802], [-0.23626525955204153, -0.8745625227943398, 0.42346088467815624], [-0.6910027112233125, -0.15516797454910342, -0.7060015246133401]], "T": [-0.042610861611637886, -0.00045700771592989604, -0.0513854015139943], "aligned_model": [[-0.17325946472316311, 0.3910023600941956, 0.035003651032631665, -0.7559335250367228, -0.4741121251683953, -0.3713666733534861, -0.1509274707630203, -0.32967215065286, 0.5193378633213226, 0.26460107137661465, 0.606840876402022, 0.03629414210264175], [-0.6920652358365033, -0.4052976839334437, -0.6205030652540509, 0.39831623728752213, -0.1207420996475319, -0.1498008239765695, 0.3095936501000977, 0.6005204773496685, 0.07763089312694431, 0.15475323871514354, 0.39843573647323277, 0.06193510333647038], [0.04428612004459535, 0.20962302919437137, -0.6151174219708246, -0.02849538241082357, -0.36837092583719483, 0.3402751599247573, -0.6901756704718724, 0.552785114430257, -0.6159760383323618, 0.7065462883274606, -0.033300202801133647, -0.05282160888780978]], "inverted": true, "swapped": true, "error_lsq": 0.04776392244014435, "error_max": 0.2428842567209921, "target": "699.xyz", "model": "26.xyz", "model_rescale": 3.795458400668931, "target_rescale": 3.948424829870089},
{"mapping": [8, 11, 1, 6, 9, 0, 5, 7, 7, 3, 4, 10, 12], "R": [[-0.543427149505839, -0.8255418163189276, 0.1522092069777798], [0.6900221766195707, -0.33602368481795886, 0.6410596532418421], [-0.4780756519141593, 0.45339694832476224, 0.752246554193932]], "T": [0.16867776913562205, -0.10215427830981699, 0.018396931546989292], "aligned_model": [[0.01915123471130692, 0.6459964719701752, 0.02499987206539167, -0.5440060039882005, 0.5118497937255522, -0.3046266182305708, -0.3966332040968851, -0.39238364728633024, -0.39238364728633024, 0.14331926029102346, 0.7000860576229967, 0.11386919295289318, 0.030153698370051663], [-0.5111247281034446, 0.0014658065470415094, -0.6629435448098262, -0.4710743277578712, -0.16690552237656986, -0.07522935531958541, 0.06460873700910347, 0.48074578283658936, 0.48074578283658936, 0.4065787823937727, 0.5378334955469979, 0.5264213789254371, -0.011365244847445971], [-0.5656721540968447, -0.504101226987499, 0.1417874944887598, -0.1743899879187849, 0.2682259291554825, 0.7014278221476978, -0.4500836637233927, 0.09353483375036578, 0.09353483375036578, 0.552835120511993, -0.06457332141937461, -0.3126243541995954, 0.025255219707892983]], "inverted": true, "swapped": false, "error_lsq": 0.05714646534888158, "error_max": 0.4826419659773654, "target": "699.xyz", "model": "27.xyz", "model_rescale": 3.6321398670334006, "target_rescale": 3.948424829870089},
{"mapping": [11, 2, 10, 9, 0, 8, 13, 6, 4, 3, 5, 1, 14], "R": [[-0.9611149225733487, -0.13828828223725975, 0.2390281502306667], [0.25268196200852533, -0.7895803346332182, 0.5592090139080536], [0.11139987290095231, 0.597862230080111, 0.7938203966649436]], "T": [-0.08006830402456988, 0.018651342995184957, 0.13346152204649642], "aligned_model": [[0.1203062662158301, 0.4239765196352595, 0.060411049765395325, -0.4991087497617644, 0.48772404828725147, -0.15492807361640137, -0.33430600418450407, -0.7577817286526272, -0.3575134049605849, 0.35391024163237256, 0.7309265568894805, 0.16278545409146244, -0.0770097145200958], [-0.35921106538433933, 0.1435085003328434, -0.7384976307940614, -0.4325614503210109, -0.22687357018531595, -0.1655248078789918, 0.03213541340296389, 0.2569878726413362, 0.7961366306975519, 0.3645823610360048, 0.31270454792661656, 0.5686426175467496, 0.04772762386044137], [-0.34570010867252704, -0.469691169844791, 0.24145511280655613, -0.12612330263398908, 0.21556545547092193, 0.6104361294842442, -0.6422050967896346, -0.16286203397952448, 0.06269362161131814, 0.5378801574096311, -0.03323991708753196, -0.15945287881554704, 0.07640057620794057]], "inverted": false, "swapped": false, "error_lsq": 0.03866004768486379, "error_max": 0.2278806680149055, "target": "699.xyz", "model": "28.xyz", "model_rescale": 4.156811204709835, "target_rescale": 3.948424829870089},
