[{"mapping": [12, 10, 11, 0, 5, 7, 9, 1, 2, 4, 8, 6, 13], "R": [[-0.24629234186011228, -0.33541842554792145, 0.9093044386474834], [0.3290531712901815, -0.911416487087877, -0.2470708350418316], [0.9116271676540447, 0.23835785463740658, 0.3348453976504932]], "T": [0.04667528704397585, -0.07702693640629868, 0.03503820483514197], "aligned_model": [[0.05288710962661608, 0.02410360948463154, 0.3953888186747234, -0.41507997547891307, 0.7556591884036831, -0.3946799978380365, -0.5365295128166286, 0.2890713926511616, -0.5602067529337743, -0.5558472232006292, 0.06997608024187517, 0.04112119250329191, -0.01723212841377887], [-0.3413859274976274, 0.2882461240783174, 0.41789128494473726, -0.6913421913012059, 0.06437671455389388, 0.49510131427792714, -0.05332084675186491, -0.5990569993762036, -0.22838807579017614, 0.551421153409546, 0.7003334785203181, 0.308216248637294, 0.05168898776552955], [-0.4799331973446124, -0.9038414654623802, -0.3121169015303257, -0.0343251840414813, 0.25808101585915655, -0.18692859392357847, -0.4077409212503981, -0.007067077079112236, 0.48229902409674746, 0.42927652066255617, 0.11084710908897474, 0.6954192498379149, -0.04169454807716602]], "inverted": true, "swapped": false, "error_lsq": 0.042376048682041624, "error_max": 0.2480687285698697, "target": "7.xyz", "model": "0.xyz", "model_rescale": 3.8414455957264533, "target_rescale": 3.7474275329858107},
{"mapping": [12, 11, 1, 8, 3, 0, 13, 10, 9, 7, 4, 2, 14], "R": [[0.02321247969899487, 0.3977559527564767, 0.917197570228471], [0.9267803802888361, 0.3354681612104049, -0.16893560763139862], [-0.37488572591911773, 0.8539621272989202, -0.3608453652760401]], "T": [-0.06614820540873947, 0.03505677062870373, 0.09246371585279659], "aligned_model": [[0.0283165037780094, -0.031942131671659185, 0.4883631465451779, -0.3816099038592117, 0.6520593745931857, -0.2888054407079642, -0.6701232064853202, 0.3842645510273941, -0.6812251180514676, -0.4999452661893845, 0.11221340110336014, 0.030288544178588367, 0.0067773466435142316], [-0.4380896906643756, 0.07255353892871173, 0.42899044474900017, -0.6654782305055446, 0.34737347490330295, 0.6627274683135969, -0.03803958898202295, -0.475388138831623, -0.10312499227349474, 0.4354277601495553, 0.5103422681349161, 0.18554501052687383, 0.04094194102158927], [-0.498720171572404, -0.758235607654941, -0.44216822494111496, -0.09202754816030842, 0.08885396532309447, -0.1938414017120694, -0.35999415061162154, 0.022067383163992538, 0.3534155733448857, 0.34638926191559216, 0.28767659460541856, 0.8084650919686615, 0.04039426516710952]], "inverted": true, "swapped": false, "error_lsq": 0.052298964705108204, "error_max": 0.27938598946236615, "target": "7.xyz", "model": "1.xyz", "model_rescale": 4.316132596720782, "target_rescale": 3.7474275329858107},
{"mapping": [11, 4, 10, 6, 9, 8, 5, 3, 2, 7, 0, 12], "R": [[-0.9282618566064038, 0.05709997126766486, 0.36751805241493113], [0.3579482981818739, 0.40551925659582955, 0.8410868851424721], [-0.10100961042560506, 0.9123013349826895, -0.39686689555878796]], "T": [0.04203991197697134, 0.030568364856451265, 0.0013919079265447346], "aligned_model": [[-0.2122102517983395, 0.55723871244272, 0.09907103019468796, -0.4362210331178855, -0.6544417694312464, -0.5449114993100087, -0.24139193098523457, -0.20380011488454547, 0.5566031182233446, 0.25401242582668726, 0.313977102442518, 0.10988276502908259], [-0.6974812800369837, -0.3531374549180183, -0.42902499209553296, 0.5011408662480067, -0.2411765703494237, -0.079635765211783, 0.25664934816185114, 0.5749011621471027, -0.007897684248645669, 0.015481748550299108, 0.5517427038713142, -0.07878565437720605], [0.24764571604690763, 0.05464440321202146, -0.5681913264234218, -0.08348353233061798, -0.48749850585485727, 0.31924385902777674, -0.6849974738441371, 0.545125688058306, -0.4836781018294315, 0.6227732135084063, 0.07513375671293282, -0.10745923507446373]], "inverted": true, "swapped": true, "error_lsq": 0.0406134403614021, "error_max": 0.20612324537697949, "target": "7.xyz", "model": "2.xyz", "model_rescale": 3.795458400668931, "target_rescale": 3.7474275329858107},
{"mapping": [11, 8, 7, 1, 10, 2, 0, 9, 6, 5, 4, 12], "R": [[-0.6063058519014894, 0.775758228752492, -0.1749067879552013], [0.7942974930190279, 0.5801070444461267, -0.18046415036695584], [-0.03853188982773581, -0.24834449361074268, -0.9679051120639498]], "T": [-0.08629560648903792, -0.04512984226530506, 0.07049056921136544], "aligned_model": [[-0.1908142850680174, -0.03962625439329749, -0.7230625034991305, 0.2967649979582965, 0.3375009542992661, 0.03915483251967522, -0.2699080132826269, 0.6881835124144134, 0.2677927797840918, 0.654218259919471, -0.42961814359621886, -0.03728231131235759], [-0.10147934074908185, -0.6223351479668232, -0.1997573307492709, 0.18247344516322192, 0.46437792613598416, 0.6180337613684791, -0.06566489940468079, -0.2273121085525291, -0.5425147864056994, 0.010683012587990398, 0.46523239309971565, 0.10403212076240376], [-0.7302846483570486, -0.27928475719076185, 0.026982659318620386, 0.7890014799886554, -0.24526562163035032, 0.2850227735279689, 0.633407244189161, -0.3356345288404525, 0.3613607861066778, 0.296545303545053, -0.12226786150382161, 0.009188601485398504]], "inverted": false, "swapped": true, "error_lsq": 0.04693581968956075, "error_max": 0.2353123013265937, "target": "7.xyz", "model": "3.xyz", "model_rescale": 3.7530521520055578, "target_rescale": 3.7474275329858107},
{"mapping": [1, 4, 10, 11, 5, 7, 6, 0, 3, 8, 12], "R": [[0.37662684023471826, -0.5082542436242068, -0.7744868281983868], [-0.2909440475994481, 0.7288459458984488, -0.6197863731269394], [0.8794906391663657, 0.45876051593983236, 0.1266293987719945]], "T": [-0.05728320997337475, -0.014989073935624646, -0.053585436960149786], "aligned_model": [[-0.5223422647356877, -0.1320417880685843, 0.3477419518204029, 0.5896566888314753, 0.1007218846242032, -0.307743569835594, -0.06365716548106842, -0.6286375944840186, -0.3932951523562327, 0.3498912759348067, -0.002094663804497361], [-0.7187959269895915, 0.2048875795031339, -0.39416720374429787, 0.4353932774730585, -0.7587532732685198, 0.5920509111553106, -0.2901563077029425, -0.0947560910288455, 0.29608728759935377, 0.27098785990903457, -0.07557475459134794], [0.002740411561612595, -0.6548850300566599, -0.534295565042394, -0.23788105301480733, 0.10270215018846499, -0.046748465083597354, 0.5641671163974277, 0.08132852730160472, 0.6117786803020977, 0.4047953039626659, -0.2008712992710989]], "inverted": true, "swapped": true, "error_lsq": 0.04955005984502498, "error_max": 0.20733754827457052, "target": "7.xyz", "model": "4.xyz", "model_rescale": 3.7855080009869324, "target_rescale": 3.7474275329858107},
{"mapping": [5, 3, 2, 7, 12, 9, 10, 6, 8, 15, 14, 13, 16], "R": [[-0.4718258137735599, -0.855050410894179, 0.21510275750583477], [0.8672165501145295, -0.49408280867433263, -0.06178700008850641], [0.15910957439567278, 0.15738796968694563, 0.9746348907839536]], "T": [0.07407286174327053, -0.013819320209201236, -0.022005591714341938], "aligned_model": [[-0.12538108169593148, -0.03366141974969333, 0.3845587059865968, -0.2668117944119276, 0.5832648452963297, -0.25056801354315195, -0.6167486090821308, 0.1455613290752775, -0.4652139508710835, -0.517693708895996, 0.14602201179634589, 0.09036977369655176, 0.07493371330303523], [-0.36803536201935044, 0.24299192826336513, 0.5061432524678187, -0.6674979621214863, 0.2814689347174514, 0.5376504058810079, -0.04707964175327192, -0.5564929612698672, -0.14299397636160244, 0.4446335933079601, 0.6461512986959028, 0.04712576475219087, 0.03971599091036714], [-0.7219001300486583, -0.6582900506227746, -0.4451168668161707, -0.1556893834827222, 0.31945250732245967, -0.3341008697117792, -0.25140419792566765, 0.33362312816559503, 0.4113459006238981, 0.3228876651744007, 0.10822305537040447, 0.6997199420969776, -0.02647566930966703]], "inverted": false, "swapped": false, "error_lsq": 0.045321094257536956, "error_max": 0.30042819523289227, "target": "7.xyz", "model": "5.xyz", "model_rescale": 4.2253639853439635, "target_rescale": 3.7474275329858107},
{"mapping": [6, 3, 2, 12, 5, 4, 0, 11, 9, 1, 10, 8, 13], "R": [[0.6669747335752344, 0.05674411995294926, -0.7429164216942649], [0.6920337450606185, 0.3223153327309686, 0.6459118531068309], [0.2761050533214132, -0.9449301197111302, 0.17570733733424237]], "T": [-0.09511762205835472, 0.0664713971609409, -0.020195738071360644], "aligned_model": [[0.2641854584735321, -0.1424193711335699, 0.35658471644947715, -0.24607695786499373, 0.5221027093948624, -0.28230226681231385, -0.8601385369138776, 0.3484701142986455, -0.5192952611914401, -0.5068993295221953, 0.2784777631195536, 0.030626510256962586, -0.0946837476504202], [-0.22975370353425567, 0.10694803021856047, 0.4431661898857107, -0.8516185483473818, 0.10985617658872064, 0.6620207283551046, -0.02486284475300711, -0.5524033837063048, -0.12030910374837205, 0.5983778378464041, 0.6737750880507855, 0.0752195368570156, 0.07336526175750499], [-0.46389603575159255, -0.7266896583630262, -0.3430542869094417, -0.09546788005214604, 0.11358800460864028, -0.3536537040716412, -0.24260011171141016, 0.14035865948093212, 0.3770230963573852, 0.27343182486126405, 0.2962235874991262, 0.7077992885866634, -0.08078775369845753]], "inverted": true, "swapped": false, "error_lsq": 0.04581374396163524, "error_max": 0.24713446402352549, "target": "7.xyz", "model": "6.xyz", "model_rescale": 3.89814844738969, "target_rescale": 3.7474275329858107},
{"mapping": [0, 1, 2, 3, 4, 5, 6, 7, 8, 9, 10, 11, 12], "R": [[1.0, 0.0, 0.0], [0.0, 1.0, 0.0], [0.0, 0.0, 1.0]], "T": [0.0, 0.0, 0.0], "aligned_model": [[0.07332408901342136, -0.07915274875606898, 0.44242152127195655, -0.36812458089105665, 0.6209652540354577, -0.41335619604785295, -0.6209652540354577, 0.2649317114903518, -0.4732911242147087, -0.5986293718167278, 0.15991709105112792, 0.04946740353702999, 0.09112400626675006], [-0.2941486233682358, 0.2507584580965284, 0.42874719680565554, -0.7027490263171887, 0.0775999395426068, 0.5506977071163595, -0.08608554726152788, -0.572872705636955, -0.21177195369744414, 0.595982265258245, 0.7027490263171887, 0.08509814991563469, 0.13977637869961848], [-0.5090290294366643, -0.8035245174176396, -0.34926620687903154, -0.1516905917449671, 0.15451922549617284, -0.3583926542082877, -0.25370708082578436, 0.18139109936527648, 0.4345514051081627, 0.29050627141350066, 0.13954924955769096, 0.8035245174176396, 0.023843342990226606]], "inverted": false, "swapped": false, "error_lsq": 0.0, "error_max": 0.0, "target": "7.xyz", "model": "7.xyz", "model_rescale": 3.7474275329858107, "target_rescale": 3.7474275329858107},
{"mapping": [5, 6, 10, 8, 11, 0, 3, 9, 4, 1, 12, 13, 14], "R": [[0.31470099331341356, -0.4553836728813546, -0.8328199056702705], [0.30861590430653163, -0.7806390832421191, 0.5434692680584301], [-0.8976187990548175, -0.42805178680621264, -0.1051292509028584]], "T": [-0.07097865449925639, 0.11528861087171743, 0.0010025121183081416], "aligned_model": [[-0.05659944548894488, -0.05867374163154955, 0.421750029225257, -0.3526440251946911, 0.5343674947771402, -0.3336435187490163, -0.5618489917391317, 0.3762129909488275, -0.3771689758312567, -0.6043297768736049, 0.2112851462680801, 0.05439749785091824, -0.10447288265780519], [-0.38978937609051295, 0.17875118956286973, 0.5595298822142496, -0.5031971059003155, 0.04977395884433461, 0.554278467357066, -0.06914883169871075, -0.5003862958374221, -0.3127561667816711, 0.6217864742796915, 0.5266548616303227, 0.13219803746504372, 0.1160861704255399], [-0.506649858560985, -0.8130977204224595, -0.36659985016917934, 0.0588847456318171, 0.12647691395325036, -0.41433868812384195, -0.4880411247697545, -0.0351150954786274, 0.5800111487480163, 0.15526953605742683, 0.3639729975748273, 0.8910062876196929, 0.050495738776112326]], "inverted": true, "swapped": false, "error_lsq": 0.05266559954928634, "error_max": 0.2905212371894297, "target": "7.xyz", "model": "8.xyz", "model_rescale": 4.019505241142653, "target_rescale": 3.7474275329858107},
{"mapping": [5, 6, 11, 3, 8, 10, 2, 4, 0, 1, 9, 7, 12], "R": [[0.5719867075672906, -0.18527851587092814, 0.79906387599678], [-0.574867793617951, 0.6043427624568813, 0.5516310771945456], [-0.5851138574902836, -0.7748817309903828, 0.23916537531630383]], "T": [-0.10376662012392593, 0.12431787638266426, -0.07528431344019758], "aligned_model": [[0.1922336618896082, -0.23743678928721304, 0.4264030335353327, -0.2800041572914339, 0.4981810313777507, -0.41880672963469945, -0.5886537410471394, 0.16991206777452358, -0.35543111477178346, -0.5610353758650768, 0.2312552597366951, 0.14621408890907248, -0.07419943442141425], [-0.33012507424787607, 0.2530797041737408, 0.3033738203582118, -0.7104537393555702, 0.17373433123483614, 0.9117084408533574, -0.16696680138572853, -0.5504200472785009, -0.20009488503171877, 0.533873176843262, 0.6652032750607871, -0.026455990707739185, 0.10732505495342379], [-0.4707462671248397, -0.7778613665430275, -0.34751331861568746, -0.17803394990026417, 0.22696387965210424, -0.42016920235206534, -0.24851790913346627, 0.32148184112281913, 0.42876669631598086, 0.20662887010772707, 0.17480244538942652, 0.7816642708924104, -0.09519095897482237]], "inverted": false, "swapped": false, "error_lsq": 0.0465731327768868, "error_max": 0.36629878526998627, "target": "7.xyz", "model": "9.xyz", "model_rescale": 3.877068213659057, "target_rescale": 3.7474275329858107},
{"mapping": [1, 5, 12, 7, 11, 3, 4, 8, 2, 13, 6, 14, 15], "R": [[-0.37430964144129575, -0.7762526717194058, 0.507271211456528], [-0.8520944590888124, 0.07211545378237305, -0.5183959819635053], [0.36582417240285425, -0.6262836026707448, -0.6884341100726488]], "T": [-0.018355680345046928, 0.11253025141463391, 0.04792429178220352], "aligned_model": [[-0.03583119445413558, 0.01702667276027691, 0.4801279964112056, -0.3662385529025956, 0.7108696522147145, -0.3270255363602092, -0.6094120720207458, 0.28825661755752247, -0.4488592857380916, -0.5614727805270163, 0.04337564613035252, -0.09263372065431613, 0.05044835848726028], [-0.39071163524571983, 0.18149424764795086, 0.5197327524211269, -0.6026291662315122, 0.024787358708845506, 0.5078080570861097, -0.04398690255697285, -0.5908131977510196, -0.2183271223749219, 0.4929894009330897, 0.722456404884699, 0.2682083495762331, 0.0927727183725772], [-0.6587218856790388, -0.7298851312481368, -0.33141113089165525, -0.13595361268144335, 0.11994425704483073, -0.34097121996786445, -0.24232629325924376, 0.1292866116776315, 0.4294415284860947, 0.4453071638354582, 0.1148862643460863, 0.8093496979246487, -0.006671218751072253]], "inverted": true, "swapped": false, "error_lsq": 0.03611607366015613, "error_max": 0.23185341801260514, "target": "7.xyz", "model": "10.xyz", "model_rescale": 4.260839863003843, "target_rescale": 3.7474275329858107},
{"mapping": [10, 11, 8, 9, 6, 5, 2, 4, 7, 3, 0, 12], "R": [[-0.9890989517653664, 0.019928442345455502, -0.14589763809718576], [-0.14700349775879795, -0.1912153383001452, 0.9704775453586962], [-0.008557760415705593, 0.9813457859411459, 0.19206044140380013]], "T": [0.05647503165322908, 0.04533961082713938, 0.025037206655357504], "aligned_model": [[0.2210040712356811, 0.22093964430837582, -0.3440364143806528, -0.5051214718671193, -0.5930207631915919, -0.41563833782983506, 0.4345723161386292, 0.6916686576217271, 0.35639970343255745, -0.315763211028048, 0.060595601999631404, 0.1472988526547755], [0.06779496220301018, -0.7109189376020386, -0.4864522666208981, -0.2106298634115107, 0.18381169449480794, 0.4376886758858496, 0.5313151733490229, 0.00150453517848987, -0.2012925379897729, 0.004059930148487427, 0.49387402285822407, 0.062323117039262424], [-0.6900359472112861, -0.2123754474618889, 0.14534827427124306, -0.6207451673115405, 0.15292991775105177, -0.45009201947973493, -0.3248456889215365, -0.07547812578772245, 0.5546525897155276, 0.7406604422469183, 0.41209054870559536, -0.11593129912112188]], "inverted": true, "swapped": true, "error_lsq": 0.04290778464940261, "error_max": 0.24443702870029108, "target": "7.xyz", "model": "11.xyz", "model_rescale": 3.890672605050136, "target_rescale": 3.7474275329858107},
{"mapping": [4, 2, 10, 3, 12, 11, 0, 7, 8, 6, 9, 5, 13], "R": [[-0.0029314030816168374, 0.3449415014410897, 0.9386196074339914], [-0.7419523315989778, 0.6285491420075846, -0.2333081947047087], [-0.6704462279040835, -0.6970949265810908, 0.25408762036763993]], "T": [-0.21132546297065757, 0.17615898014786857, -0.0306211302439392], "aligned_model": [[0.0020008068275313706, -0.051662203697473014, 0.5151483105740123, -0.3484532061332703, 0.521268381709242, -0.13221361400536624, -0.6218322002141241, 0.269135623733185, -0.5517441355854067, -0.6401540739510622, 0.09709704302462141, 0.18212250223842802, -0.09208143361609508], [-0.2371386866010714, 0.29621594491636594, 0.3792926582385222, -0.7355904166601459, 0.07464219573240254, 0.6415054471089143, -0.1915236490012316, -0.44231181993311064, -0.22840978989345717, 0.489630187825003, 0.741554528497436, 0.11826443182423213, 0.05765023341662576], [-0.5547718577060062, -0.7130125886573105, -0.5107388966509869, -0.08513879231216952, 0.0595606193739287, -0.313386306557108, -0.2427254504426205, 0.30644738487866546, 0.458899332536315, 0.1927623255078534, 0.40644162008315704, 0.6378241568082563, -0.039886516025677866]], "inverted": false, "swapped": false, "error_lsq": 0.04926611077275763, "error_max": 0.29885241911179283, "target": "7.xyz", "model": "12.xyz", "model_rescale": 4.124412569039231, "target_rescale": 3.7474275329858107},
{"mapping": [9, 7, 3, 11, 6, 5, 10, 8, 2, 4, 0, 1, 12], "R": [[-0.9713002202302726, 0.21692546889050168, -0.09756650617532726], [-0.23157200746253126, -0.7687496468564999, 0.5961529886008962], [0.05431654941541793, 0.6016372008151115, 0.796920567594387]], "T": [0.013820953961938609, 0.1803910400047702, -0.09570741789077113], "aligned_model": [[0.32300698023249585, -0.17339451411337475, 0.6396492300513257, -0.41122602532434793, 0.5891336303696754, -0.4249796151355545, -0.6258899120250221, 0.11909672323665213, -0.48445028760626774, -0.5862630329331979, 0.08356835164875136, 0.19487308075433246, -0.09449280825124547], [-0.2219568305526583, 0.1893790131644828, 0.4777581942322607, -0.7192373274845418, -0.06870499637884411, 0.7203262860531578, -0.1406304738325243, -0.4753150658064826, -0.2480974568210465, 0.4684975789399543, 0.7305918672791174, 0.12425713565629276, 0.12691334102131702], [-0.48450230496789987, -0.6939943552108715, -0.26501518557895687, -0.07211235178335522, 0.13791472105718805, -0.39515669524270547, -0.27549859645450303, 0.1760693951450395, 0.4615348019409203, 0.322825838427474, 0.07511922984478257, 0.696083849474107, -0.08099331581492367]], "inverted": false, "swapped": false, "error_lsq": 0.045320137903514225, "error_max": 0.2610646688669498, "target": "7.xyz", "model": "13.xyz", "model_rescale": 3.9028299243045295, "target_rescale": 3.7474275329858107},
{"mapping": [3, 7, 9, 0, 1, 10, 4, 2, 5, 13, 14, 12, 15], "R": [[-0.5665951639979786, 0.6927941938498705, -0.44610102566796583], [0.060478749057932935, 0.5748916057752084, 0.8159913985585812], [0.8217738381370452, 0.43535714830138006, -0.367630129853905]], "T": [-0.003991630373611693, -0.01686625762935147, 0.029126945950946257], "aligned_model": [[0.03604216816436634, -0.041479738707579566, 0.39665137983543575, -0.3726659348168607, 0.6204116974360089, -0.4354368817997336, -0.551618352945318, 0.2889149727848148, -0.46303440599838974, -0.43076018490771395, 0.032254382970315826, 0.03312410685057436, 0.036228592038302115], [-0.3975385561350917, 0.36053122775716795, 0.5107025188298625, -0.7464084394098845, -0.046783104241676324, 0.5089631514338451, -0.14080696161731726, -0.6522729021061043, 0.001653749606292984, 0.49231007235204816, 0.8613903160316889, 0.1595801826184246, 0.05246001035122971], [-0.4629861928323298, -0.7935477987657263, -0.3733675520730923, -0.10894503343268658, 0.20639573127947458, -0.2753579135003469, -0.35048726414009757, 0.2585041190453265, 0.2550441279753415, 0.4664591053478733, 0.13111846579839848, 0.7012350955333471, -0.05178985939918601]], "inverted": false, "swapped": false, "error_lsq": 0.04352343430067662, "error_max": 0.27906736398744886, "target": "7.xyz", "model": "14.xyz", "model_rescale": 3.942246331269136, "target_rescale": 3.7474275329858107},
{"mapping": [4, 10, 5, 13, 1, 9, 11, 12, 8, 7, 2, 0, 14], "R": [[-0.08508267522408947, 0.7765937897301531, 0.6242299449155507], [-0.1670817295726641, -0.6287506962050912, 0.7594447034936915], [0.9822650528343762, -0.039681831789530386, 0.18325042484564164]], "T": [-0.07179766403977793, 0.046779067846866154, -0.1325084980155276], "aligned_model": [[-0.011860764201130372, -0.2952970667450665, 0.4320435269640893, -0.13893135500654197, 0.6648593218887009, -0.2884196873454365, -0.6683499441411621, 0.3582435452789239, -0.5883601584681485, -0.46221181888335805, 0.16728118101689604, 0.0074710980571389, -0.027836077510682747], [-0.28109875808827883, 0.19106170657961913, 0.43247673018243155, -0.7633830996132517, -0.021061184190384205, 0.7833736351213141, -0.31521355142170504, -0.55943286555189, -0.09212873164088918, 0.6513416723124211, 0.6428485216661727, 0.2357976474771376, 0.05919954263778824], [-0.6147612079305467, -0.794498719388816, -0.14519414761652183, -0.1402658467133512, 0.19821135483112312, -0.37471842475903144, -0.2974258875093869, 0.20756194800323385, 0.42669516692167636, 0.3290761129808069, 0.280032931066943, 0.5736826395516574, -0.04612088860149148]], "inverted": true, "swapped": false, "error_lsq": 0.05405908943145006, "error_max": 0.2780311440472287, "target": "7.xyz", "model": "15.xyz", "model_rescale": 4.355366556412066, "target_rescale": 3.7474275329858107},
{"mapping": [11, 4, 10, 6, 9, 8, 5, 3, 2, 7, 0, 12], "R": [[-0.9282618566064038, 0.05709997126766486, 0.36751805241493113], [0.3579482981818739, 0.40551925659582955, 0.8410868851424721], [-0.10100961042560506, 0.9123013349826895, -0.39686689555878796]], "T": [0.04203991197697134, 0.030568364856451265, 0.0013919079265447346], "aligned_model": [[-0.2122102517983395, 0.55723871244272, 0.09907103019468796, -0.4362210331178855, -0.6544417694312464, -0.5449114993100087, -0.24139193098523457, -0.20380011488454547, 0.5566031182233446, 0.25401242582668726, 0.313977102442518, 0.10988276502908259], [-0.6974812800369837, -0.3531374549180183, -0.42902499209553296, 0.5011408662480067, -0.2411765703494237, -0.079635765211783, 0.25664934816185114, 0.5749011621471027, -0.007897684248645669, 0.015481748550299108, 0.5517427038713142, -0.07878565437720605], [0.24764571604690763, 0.05464440321202146, -0.5681913264234218, -0.08348353233061798, -0.48749850585485727, 0.31924385902777674, -0.6849974738441371, 0.545125688058306, -0.4836781018294315, 0.6227732135084063, 0.07513375671293282, -0.10745923507446373]], "inverted": true, "swapped": true, "error_lsq": 0.0406134403614021, "error_max": 0.20612324537697949, "target": "7.xyz", "model": "16.xyz", "model_rescale": 3.795458400668931, "target_rescale": 3.7474275329858107},
{"mapping": [0, 1, 2, 3, 4, 5, 6, 7, 8, 9, 10, 11, 12], "R": [[1.0, 0.0, 0.0], [0.0, 1.0, 0.0], [0.0, 0.0, 1.0]], "T": [0.0, 0.0, 0.0], "aligned_model": [[0.07332408901342136, -0.07915274875606898, 0.44242152127195655, -0.36812458089105665, 0.6209652540354577, -0.41335619604785295, -0.6209652540354577, 0.2649317114903518, -0.4732911242147087, -0.5986293718167278, 0.15991709105112792, 0.04946740353702999, 0.09112400626675006], [-0.2941486233682358, 0.2507584580965284, 0.42874719680565554, -0.7027490263171887, 0.0775999395426068, 0.5506977071163595, -0.08608554726152788, -0.572872705636955, -0.21177195369744414, 0.595982265258245, 0.7027490263171887, 0.08509814991563469, 0.13977637869961848], [-0.5090290294366643, -0.8035245174176396, -0.34926620687903154, -0.1516905917449671, 0.15451922549617284, -0.3583926542082877, -0.25370708082578436, 0.18139109936527648, 0.4345514051081627, 0.29050627141350066, 0.13954924955769096, 0.8035245174176396, 0.023843342990226606]], "inverted": false, "swapped": false, "error_lsq": 0.0, "error_max": 0.0, "target": "7.xyz", "model": "17.xyz", "model_rescale": 3.7474275329858107, "target_rescale": 3.7474275329858107},
{"mapping": [0, 4, 8, 2, 3, 5, 9, 1, 7, 12, 10, 11, 13], "R": [[-0.3849486519955602, -0.37910311704014077, -0.8414840236019048], [-0.7935634099120665, -0.3295742047744546, 0.5115055796333213], [-0.4712447875314219, 0.864674314524108, -0.1739732164062323]], "T": [-0.08240882719505585, 0.04743139791570536, -0.013312211014542875], "aligned_model": [[0.29784416961804283, -0.15817670406027126, 0.42639736362718017, -0.2704400891352414, 0.5625453424374905, -0.28662131942136837, -0.7085608183451524, 0.27474831348225326, -0.521465363904817, -0.6236864734978976, 0.14957171232597, 0.09222917386424773, -0.08575350608621388], [-0.43508913193388754, 0.24516258043039013, 0.356320225126872, -0.6194362224177823, 0.11082325897594344, 0.7006771186310613, 0.07904540188236805, -0.4739521112397963, -0.2211102067928409, 0.46478652119656305, 0.6662841915973138, 0.1293754533591679, -0.039105813344887025], [-0.5805193931527763, -0.8160496714069728, -0.4164975329494773, -0.16746974502963857, 0.1881940477819185, -0.24737891743834733, -0.24710358080402123, 0.2679642189499687, 0.5367187391594328, 0.29011839719362037, 0.1857998667192274, 0.6827649414402294, -0.07426633962686728]], "inverted": false, "swapped": false, "error_lsq": 0.045051447229411, "error_max": 0.2745621344135281, "target": "7.xyz", "model": "18.xyz", "model_rescale": 3.922800546911778, "target_rescale": 3.7474275329858107},
{"mapping": [11, 10, 6, 7, 8, 2, 9, 13, 3, 0, 1, 5, 14], "R": [[0.42529511770607636, 0.8481929940550468, -0.3157415203791071], [0.21583012901666054, 0.24375062633883932, 0.9455173121461475], [0.878943353273706, -0.470270429641668, -0.0793996520182219]], "T": [0.047288437512740644, 0.051569187816998305, 0.022684075809146], "aligned_model": [[0.00507390771655819, -0.002915235212031561, 0.511391310572845, -0.40076199777166055, 0.6070749175189287, -0.4594010854913117, -0.6225940308160833, 0.3716569002138232, -0.5137817879742836, -0.5107814740213494, 0.10620274818711067, 0.07585985294346342, -0.018392224961786524], [-0.4219408726151978, 0.2162890636057414, 0.45629923642980974, -0.6085756851836451, 0.08170596994080796, 0.44127757911268434, -0.025348505536162205, -0.5515442568246769, -0.07775881063942884, 0.45372921733776317, 0.7850037115720893, 0.23296700670222753, -0.018322388431526768], [-0.5076457922092318, -0.7653182091040333, -0.28807287565025347, -0.018188569701982214, 0.2678809868564155, -0.3006146402715719, -0.4334785410172386, -0.030729593954078215, 0.30129440309853295, 0.4973080534725893, 0.10383780214227518, 0.7635026944396998, 0.012499312735172635]], "inverted": true, "swapped": false, "error_lsq": 0.04679641889040339, "error_max": 0.26593262276852936, "target": "7.xyz", "model": "19.xyz", "model_rescale": 3.9282355846067225, "target_rescale": 3.7474275329858107},
{"mapping": [4, 8, 6, 0, 5, 9, 11, 1, 10, 12, 7, 2, 13], "R": [[0.11002096211347014, 0.08917286232280891, -0.9899210011514977], [0.7326624947590594, 0.6657415833013075, 0.14139948032754338], [0.6716405710415784, -0.7408348971860232, 0.007911917739519485]], "T": [0.01576198506222344, 0.12779745908015572, -0.10306345715534994], "aligned_model": [[-0.02078307676572525, -0.1212821082525636, 0.5877755137523303, -0.18155560136157772, 0.6492090350180629, -0.5604974459478261, -0.5720630556141687, 0.20879395153923513, -0.5747296388875016, -0.5466580278192068, 0.13652087092888007, 0.1499660062748504, -0.006064621960566254], [-0.2199536340986759, 0.4018952313339665, 0.3437088694218817, -0.6469307660748463, 0.03782744585883738, 0.45132635370099855, -0.22486203416159956, -0.463414979242875, -0.08019531130315549, 0.6816922032274076, 0.6404367701935371, 0.04311625873153686, -0.000865142116528328], [-0.6294677510101123, -0.7992752832982357, -0.33333903105932094, -0.13560474528143163, 0.1768300652273443, -0.3072176825712694, -0.3115249037257426, 0.3149165770529444, 0.48879209828445225, 0.21265585930163722, 0.22967668855157286, 0.7053514025285599, -0.009518263164102522]], "inverted": false, "swapped": false, "error_lsq": 0.04394171257849841, "error_max": 0.1954032158271747, "target": "7.xyz", "model": "20.xyz", "model_rescale": 4.067790424073018, "target_rescale": 3.7474275329858107},
{"mapping": [5, 1, 10, 4, 11, 7, 8, 6, 2, 0, 12, 3, 14], "R": [[-0.1353985470810039, 0.21240430705027494, -0.9677559836006417], [-0.9713800109725194, -0.22085395867953933, 0.08743227789897912], [-0.19516174761305338, 0.951897021364217, 0.23622860323540423]], "T": [-0.024669607986663046, 0.054617365231932516, -0.06032807342554005], "aligned_model": [[-0.0563612868137462, -0.05610052524895177, 0.5709799361735107, -0.45085725552871897, 0.5612818536527572, -0.509796076198491, -0.48793688365195476, 0.20474370394116612, -0.4216192999507039, -0.5925955369106554, 0.24335653496659684, 0.11466826577045075, 0.02886837070296231], [-0.3325368729818886, 0.33766348210496866, 0.4752574620170754, -0.6239744268100891, 0.13127723399097968, 0.5236978383935483, -0.030314481430321047, -0.5530168493794545, -0.24599926909165937, 0.33085125122612785, 0.6931561939015979, 0.15154394123393133, 0.10617576229566908], [-0.504820316534554, -0.8298747545579879, -0.43389246020783356, -0.07903004102375263, 0.20200073380618674, -0.37857291116462893, -0.38179021652368383, 0.2942238920735654, 0.4926479773728113, 0.26465347836675057, 0.26745846972786286, 0.7732996687065192, -0.08402848920495935]], "inverted": true, "swapped": false, "error_lsq": 0.040134126151709686, "error_max": 0.26645680451752507, "target": "7.xyz", "model": "21.xyz", "model_rescale": 4.186013935880536, "target_rescale": 3.7474275329858107},
{"mapping": [9, 1, 7, 8, 4, 0, 2, 11, 5, 0, 6, 3, 12], "R": [[-0.561416474658763, -0.10611670498189396, 0.8207013993563751], [-0.4557308143022698, -0.7881589615954362, -0.4136603391095087], [0.690739434864636, -0.6062546463167019, 0.39412477331714885]], "T": [0.01948823435918147, 0.0005710880508366101, -0.08516933640241664], "aligned_model": [[0.15420525998371476, -0.21341585072097013, 0.44191767988963127, -0.26810957269249364, 0.6779486512205406, -0.43541484281761045, -0.6949466773322056, 0.22170334119940543, -0.5502207901313894, -0.43541484281761045, 0.13557686699403543, 0.07632972830188563, 0.03847284982728873], [-0.3420121431230155, 0.3783081527390857, 0.5027162198464209, -0.693616106086598, 0.10511820726028981, 0.561520460923683, -0.17860046763601528, -0.5048570944968417, -0.025240303139147324, 0.561520460923683, 0.4553502916274379, 0.14226569699476774, 0.0013078896367351312], [-0.5851081456217988, -0.6667135161910454, -0.413387815534359, -0.2370237784786329, 0.20312899529625128, -0.09885993372384028, -0.16990134602254026, 0.23517014221988314, 0.43761568214124424, -0.09885993372384028, 0.21408332337589953, 0.8253416943375605, -0.043210337238486274]], "inverted": false, "swapped": false, "error_lsq": 0.05535103156723608, "error_max": 0.4235949009814108, "target": "7.xyz", "model": "22.xyz", "model_rescale": 4.166573947596378, "target_rescale": 3.7474275329858107},
{"mapping": [12, 11, 2, 14, 1, 3, 9, 13, 10, 8, 4, 7, 15], "R": [[-0.1228974913912711, 0.6285317983220527, -0.7680130110276642], [-0.21095947872320553, -0.772738448594255, -0.5986412852459957], [-0.9697382662072103, 0.0884481122590563, 0.22756235736879576]], "T": [-0.017066496513120137, 0.08219432840527985, -0.04790106862122019], "aligned_model": [[0.08897740304202506, -0.21036362079002963, 0.433546090079664, -0.32381042837443325, 0.6277097917111029, -0.1817009622241401, -0.5917311760810152, 0.07783202845532, -0.35301398292546077, -0.5163407179196087, 0.07239321189341674, -0.02018626601590367, 0.04532043005328521], [-0.3299074001672507, 0.13722226119648576, 0.4641705605072435, -0.6394565321583169, 0.30490861766384414, 0.5646054676696387, 0.08027599038846717, -0.6467866996778096, -0.3884470792458161, 0.5762255977597165, 0.7917707122812508, -0.03775779457852875, 0.086957563831561], [-0.546206408652699, -0.8105946347311014, -0.3701613579875011, -0.1532858822061401, 0.15888612723719792, -0.3666511861581001, -0.22169978069491675, 0.3720918712592982, 0.42810017600058087, 0.35301974271210895, 0.12047894617243592, 0.6570751032315189, -0.01877768534638672]], "inverted": false, "swapped": false, "error_lsq": 0.04702348542017562, "error_max": 0.2771937126052042, "target": "7.xyz", "model": "23.xyz", "model_rescale": 4.274766983524099, "target_rescale": 3.7474275329858107},
{"mapping": [9, 2, 1, 6, 0, 3, 8, 7, 11, 4, 12], "R": [[-0.3331700144814934, -0.5464831432485442, -0.7683449196783908], [-0.8005177722168024, -0.2666051260708516, 0.5367429581445788], [-0.4981656730601268, 0.7939004225329123, -0.3486446346734942]], "T": [-0.011377564941932171, 0.12504111600960327, 0.04634861308419003], "aligned_model": [[0.33808035799482966, 0.10197021980568108, -0.5180975978093666, -0.46024341471610697, -0.5388053101604771, -0.6346168292353247, 0.049091585894989666, -0.09680460997367768, 0.6689921758562679, 0.35664055851733034, 0.113687567783929], [-0.3512076036135357, 0.7809797841160824, 0.559817550665155, -0.2588279648907827, 0.37853456862109697, -0.2755867892051165, -0.5435387354141574, 0.08703246431813835, -0.243957871747369, 0.5598862732759308, 0.2224548551180408], [-0.6237351101837751, -0.19540454180002914, -0.47230432693724034, -0.28310522080301664, 0.13893063361244945, 0.36798822146009835, 0.13020108103819575, 0.6963734140877341, 0.2835766301132287, 0.34795786093945685, -0.01091220750552431]], "inverted": true, "swapped": true, "error_lsq": 0.044112373492041716, "error_max": 0.22571367503344708, "target": "7.xyz", "model": "24.xyz", "model_rescale": 3.7841303162186577, "target_rescale": 3.7474275329858107},
{"mapping": [11, 13, 3, 10, 6, 12, 9, 7, 8, 2, 4, 1, 15], "R": [[0.9293006906054482, -0.35611398687698737, 0.09789307836008572], [-0.3452701035589104, -0.7436078108500307, 0.572569628282224], [-0.13110599539554366, -0.565888904285463, -0.8139907652903329]], "T": [-0.12557354177127078, -0.010226478147325052, 0.0072782189418972194], "aligned_model": [[0.37057605320389697, -0.027005097677042927, 0.36481789452121455, -0.39140048504959823, 0.5842083411711295, -0.4740200866573637, -0.6975297180667537, 0.22425049268110364, -0.4022346641870937, -0.5521100365087224, 0.19190317529613748, 0.016703271440014933, -0.05952733926270054], [-0.2921707261811406, 0.1319253911335209, 0.5221630860884008, -0.7076631383312699, 0.11565089413355234, 0.47267490670183276, 0.032332768886544946, -0.5534957081631342, 0.0339968389821379, 0.5583818500917701, 0.5801659205531436, 0.05998503039881456, 0.009834151176312513], [-0.5063077909622952, -0.7556615592580895, -0.3463875536980888, -0.2122058272572835, 0.056176256095048865, -0.46236330849775026, -0.10759367237832153, 0.0799916890678166, 0.5278170793592025, 0.25935799925251846, 0.3349208482427297, 0.7338207478370198, 0.0007101230337881112]], "inverted": false, "swapped": false, "error_lsq": 0.04820305743433559, "error_max": 0.29727099998353845, "target": "7.xyz", "model": "25.xyz", "model_rescale": 4.19342608120988, "target_rescale": 3.7474275329858107},
{"mapping": [11, 4, 10, 6, 9, 8, 5, 3, 2, 7, 0, 12], "R": [[-0.9282618566064038, 0.05709997126766486, 0.36751805241493113], [0.3579482981818739, 0.40551925659582955, 0.8410868851424721], [-0.10100961042560506, 0.9123013349826895, -0.39686689555878796]], "T": [0.04203991197697134, 0.030568364856451265, 0.0013919079265447346], "aligned_model": [[-0.2122102517983395, 0.55723871244272, 0.09907103019468796, -0.4362210331178855, -0.6544417694312464, -0.5449114993100087, -0.24139193098523457, -0.20380011488454547, 0.5566031182233446, 0.25401242582668726, 0.313977102442518, 0.10988276502908259], [-0.6974812800369837, -0.3531374549180183, -0.42902499209553296, 0.5011408662480067, -0.2411765703494237, -0.079635765211783, 0.25664934816185114, 0.5749011621471027, -0.007897684248645669, 0.015481748550299108, 0.5517427038713142, -0.07878565437720605], [0.24764571604690763, 0.05464440321202146, -0.5681913264234218, -0.08348353233061798, -0.48749850585485727, 0.31924385902777674, -0.6849974738441371, 0.545125688058306, -0.4836781018294315, 0.6227732135084063, 0.07513375671293282, -0.10745923507446373]], "inverted": true, "swapped": true, "error_lsq": 0.0406134403614021, "error_max": 0.20612324537697949, "target": "7.xyz", "model": "26.xyz", "model_rescale": 3.795458400668931, "target_rescale": 3.7474275329858107},
{"mapping": [3, 4, 10, 2, 7, 11, 9, 0, 1, 8, 5, 6, 12], "R": [[0.8207270264409033, 0.33673733878604095, 0.46153560289187645], [0.5704281784056702, -0.5281158975946341, -0.6290511044331798], [0.03191929432587509, 0.7795521556477855, -0.6255234570139069]], "T": [-0.19545987330683307, 0.08700542967549088, -0.052383417404047276], "aligned_model": [[0.25962879712304093, -0.07240841516177596, 0.27561630598380465, -0.42102337414155067, 0.616024231709899, -0.48605529557705457, -0.44145325027628934, 0.2075510443069743, -0.5083207609745908, -0.4668269938675287, 0.24866300305035172, -0.026605038938561587, -0.03615845233249651], [-0.3550036114759364, 0.2922300178860452, 0.5170013945148326, -0.7631120865427597, 0.0938122168062803, 0.6336782076579535, -0.15965039128493005, -0.5958211998300673, -0.13302921144015847, 0.5893695745265211, 0.5595099099338136, 0.19350382489898627, 0.09129261981990482], [-0.43000607090171883, -0.8533855333056025, -0.36999502304220777, -0.08782674694997311, -0.01169787226126539, -0.41054227336305205, -0.3034261519910335, 0.19782287031684564, 0.399342154407068, 0.40010068392202397, 0.3301801128915986, 0.7484493344244164, -0.006740453310803765]], "inverted": true, "swapped": false, "error_lsq": 0.043877276522782796, "error_max": 0.25442760741376913, "target": "7.xyz", "model": "27.xyz", "model_rescale": 3.6321398670334006, "target_rescale": 3.7474275329858107},
{"mapping": [8, 10, 0, 12, 3, 11, 9, 7, 6, 13, 2, 4, 14], "R": [[-0.5503711049812559, -0.05194937360007823, 0.8333024117235418], [-0.7272825418937771, -0.4603591592488504, -0.509047688092401], [0.41006310619005715, -0.8862114347480806, 0.21558650668237722]], "T": [0.0016004962398006167, 0.08623172007233851, -0.04705306207698434], "aligned_model": [[0.1502447072553167, -0.11222336836821563, 0.37550787056653756, -0.3040162997306439, 0.6781663079316943, -0.2627889992666099, -0.6202899186399371, 0.3432020302640849, -0.5776979881159391, -0.621837879895425, 0.07491515997729518, 0.04337695000462209, -0.017926771078557665], [-0.30508844934121193, 0.17362385263305835, 0.4135189964830156, -0.6819151861272238, 0.02060611636728235, 0.618651180793984, 0.06235785498254745, -0.5656728609308109, -0.14787883894511172, 0.5116260752068645, 0.8548180441826395, -0.11939224581115235, 0.1285267259766045], [-0.3500432258385957, -0.8113032671857511, -0.4245289001694547, -0.0546973656260374, 0.050476741318126836, -0.2902680881947204, -0.29047555829828914, 0.19629071372839904, 0.4150215523744548, 0.26414071307863096, 0.14619208328012193, 0.7544709643403227, -0.0030013319709119787]], "inverted": false, "swapped": false, "error_lsq": 0.03868489334867671, "error_max": 0.21037981518728818, "target": "7.xyz", "model": "28.xyz", "model_rescale": 4.156811204709835, "target_rescale": 3.7474275329858107},
