[{"mapping": [1, 2, 13, 12, 8, 6, 10, 9, 11, 7, 4, 5, 0, 14], "R": [[-0.1995583647136198, 0.5425315477798696, 0.8159877319766551], [-0.9798285853946747, -0.11949253003552579, -0.1601795196308829], [0.010601995863862124, -0.8314932681202467, 0.5554336528825153]], "T": [-0.005493310713223419, 0.15390639521650312, 0.09282513873789384], "aligned_model": [[0.0658687317217187, 0.24057828029582254, -0.5159965438019447, -0.320334703524116, -0.5415851234948426, 0.03163204433855225, -0.6603484610428716, 0.06539913630754035, -0.43423379463910944, 0.2350569932317613, 0.5857783194677615, 0.15253478283249475, 0.5020782719785647, -0.034935832543028074], [-0.6292976363719225, -0.32597088960715603, -0.3735987035952771, -0.3395513925638019, 0.17576140875294166, 0.2710098469979968, 0.15870884391619555, 0.46074758381333475, 0.7525516205684797, -0.1878617854308935, 0.44391148500000194, 0.8923096323883115, -0.19477001867895544, 0.13132333662078002], [0.24876378653440073, -0.34084552992199474, 0.44334633361003883, -0.26758644557371414, 0.6374121741678839, -0.6509325975970531, -0.0318134627409289, 0.6372840626340127, -0.2016240747725549, 0.7378244472190174, 0.337039781140256, 0.11417588287092643, 0.1356784006072287, 0.09886532900231469]], "inverted": true, "swapped": true, "error_lsq": 0.04823226366351956, "error_max": 0.36970185515731524, "target": "70.xyz", "model": "0.xyz", "model_rescale": 3.8414455957264533, "target_rescale": 4.145435089349617},
{"mapping": [9, 2, 7, 13, 8, 12, 0, 6, 5, 10, 3, 1, 4, 2, 14], "R": [[0.06448770308433804, 0.8468345039895745, -0.527932437915722], [0.533014824750868, -0.47647711842724527, -0.6991886385025649], [-0.8436447906238191, -0.23630674655625103, -0.48210225967660847]], "T": [-0.0032776679903712483, -0.0643228862639553, -0.027713016740011556], "aligned_model": [[-0.26528629959433436, -0.691252729190181, -0.4658040069453132, 0.3427204111154923, 0.4181622481710055, 0.7412470244414688, -0.052900441635691554, -0.30060670098497544, -0.18379580915433044, 0.3460913580324355, -0.030534154376019286, 0.382580727478298, -0.3567139019012164, -0.691252729190181, 0.05112809708024151], [-0.4127489009280346, 0.20030587271262376, -0.5104391622366853, -0.6859407672077116, -0.07107084318208322, 0.017453676931956097, -0.6318977424609376, 0.44639186513962215, 0.5648360795077874, 0.5102200509657233, 0.3809606543450902, 0.021870551444955227, -0.06411173268207886, 0.20030587271262376, -0.02575325815996022], [-0.5525562974093623, -0.0633032219665104, -0.029870844416801958, -0.2898647666585967, -0.6960282564614276, -0.1736072247751904, 0.42052099854205843, -0.5383920378686636, 0.049065766020809976, -0.15508254742046465, 0.6159922997306833, 0.7418205310088867, 0.3856875381958448, -0.0633032219665104, 0.03242345790216601]], "inverted": false, "swapped": false, "error_lsq": 0.04911780058600817, "error_max": 0.37159171176989475, "target": "70.xyz", "model": "1.xyz", "model_rescale": 4.316132596720782, "target_rescale": 4.145435089349617},
{"mapping": [2, 0, 3, 10, 6, 12, 11, 13, 4, 1, 9, 14], "R": [[-0.21117312303262592, -0.21539163307287212, 0.9534213950351907], [-0.20961646542617252, -0.9427452513252768, -0.25940764932029164], [0.9547077299000392, -0.25463274633448535, 0.15393282613942993]], "T": [0.021729969710181353, 0.11048688483265523, -0.10793395709879416], "aligned_model": [[-0.14992808071082736, 0.38108898700895205, 0.18990035854827633, -0.5264699354575717, -0.46820615835921353, -0.49373225070671534, -0.43994171653742836, -0.13183856789989665, 0.6332494767370332, 0.11947107214810837, 0.48072949822702893, 0.003485871634034767], [-0.5062239963722535, -0.3333861258616423, -0.6128298283231752, 0.47890722151212334, -0.3469029433129218, -0.08224225484220282, 0.43012527035821324, 0.4920980461061582, -0.03236378845461488, -0.12034264594015256, 0.5196606100205301, 0.12627686285091863], [0.15494412866814194, 0.12632744023189596, -0.5030040542098781, -0.017731784727891164, -0.45293282127993073, 0.3039839705241854, -0.6679209251137175, 0.5938707979213254, -0.42255032982586316, 0.6536317739388341, -0.24025579698706473, -0.07910393793061646]], "inverted": true, "swapped": true, "error_lsq": 0.04420420535368, "error_max": 0.2773306690103216, "target": "70.xyz", "model": "2.xyz", "model_rescale": 3.795458400668931, "target_rescale": 4.145435089349617},
{"mapping": [5, 6, 3, 1, 9, 7, 2, 10, 12, 13, 4, 14], "R": [[-0.37978794739917965, 0.7673954221025686, 0.5165901481313193], [0.09746315685581869, 0.5885165750684741, -0.8025890442345767], [-0.9199250230676499, -0.2544651390774259, -0.2983042824504708]], "T": [0.08195509002611844, 0.005166296888093399, -0.04031824570306617], "aligned_model": [[-0.2008140537998735, -0.2392811874955476, -0.738229581279237, 0.22696604933824843, 0.1499071590615244, 0.15882619513872281, -0.20203771351575434, 0.6350499042832265, 0.3391492492996063, 0.7771561112776018, -0.42885338321243427, 0.1154650766474817], [0.10873455809385882, -0.6720318391154335, -0.17811736452197885, 0.14698263049795968, 0.5503498619166509, 0.6803352780356853, -0.3304353582901607, -0.34359479818809874, -0.4616699230923185, 0.13167076553000795, 0.4540322623765426, -0.00048702795300565715], [-0.733126516338791, -0.12079817712896268, -0.00492144839433812, 0.7353607518689216, -0.3465374002489371, 0.3187523964651193, 0.49411912371023436, -0.17010629372185068, 0.3937754183881557, 0.3627108447923726, -0.2162157528336367, -0.0242415159191873]], "inverted": false, "swapped": true, "error_lsq": 0.0377290564154085, "error_max": 0.23568525096037057, "target": "70.xyz", "model": "3.xyz", "model_rescale": 3.7530521520055578, "target_rescale": 4.145435089349617},
{"mapping": [10, 5, 6, 3, 12, 4, 13, 9, 7, 0, 14], "R": [[0.3527153256611433, 0.9356026585265396, 0.015477868129216532], [-0.42247453904209237, 0.14446714303334107, 0.8947874096370354], [0.8349294358836112, -0.32214423779086276, 0.4462240772898957]], "T": [-0.08761777870059467, -0.11420175709858674, -0.012989505652402077], "aligned_model": [[-0.2889793378869546, -0.3724522553102778, 0.4446583634222811, 0.5229635714754335, 0.2736201814561862, -0.14198242437983244, -0.34303593581648384, -0.6136807644946245, -0.31605655472245964, 0.2682458547934926, -0.09510109609155512], [-0.7440684678073008, 0.2219242938020882, -0.32835552503395626, 0.36085096952903817, -0.6545376870103998, 0.5781188202285913, -0.5731091515743253, 0.22958728049118335, 0.25416822044870757, 0.266585685357996, -0.14396108011727626], [-0.09733736649308462, -0.6266316425130798, -0.5019551005267423, -0.3432379736045622, 0.21076576253639961, -0.11826337624934562, 0.6082237078516822, 0.013079757566910806, 0.6216862629283918, 0.3177710621906316, 0.00872968355811487]], "inverted": true, "swapped": true, "error_lsq": 0.04570302580541394, "error_max": 0.25801524929046515, "target": "70.xyz", "model": "4.xyz", "model_rescale": 3.7855080009869324, "target_rescale": 4.145435089349617},
{"mapping": [1, 0, 2, 12, 11, 13, 14, 4, 7, 6, 10, 15, 3, 5, 16], "R": [[-0.2872414304498292, -0.25184957549859244, -0.9241559132280196], [0.49767840857387047, -0.8636028388539241, 0.08066187676234071], [-0.8184183296288737, -0.43676301130547013, 0.37340261070707875]], "T": [0.008729593675334026, 0.005108059518441099, 0.04452050749646], "aligned_model": [[-0.27627057981921366, -0.6903929989417944, -0.42057005649742446, 0.2879377361162104, 0.4417877969610687, 0.7220303361872015, 0.1707910116160629, -0.29096801012269696, -0.11541301220816758, 0.3118612210840152, -0.11465485399064732, 0.4697868896967064, -0.5849461295415918, -0.6750043063067656, 0.007808049113735449], [-0.2733638366961203, -0.02137810787519559, -0.5910691223200905, -0.5196005685085864, -0.107470607244436, -0.0711782940591289, -0.5983783567326547, 0.4015470241282428, 0.7434049608441902, 0.423149003887331, 0.3983968517360048, -0.08535242553641156, -0.1439823926621744, 0.4265824973789547, -0.04092440943703477], [-0.5991659403305191, -0.3004432105227173, 0.12236821648847412, -0.2868236215881862, -0.6129160785383942, -0.056722180462991545, 0.30382272643860253, -0.503218734736717, 0.014927083004537205, -0.35476642362287136, 0.6454069177808791, 0.721691960759928, 0.3727548416705071, 0.14437288285496444, 0.07221373326142455]], "inverted": true, "swapped": false, "error_lsq": 0.032184939543521904, "error_max": 0.22826504545558582, "target": "70.xyz", "model": "5.xyz", "model_rescale": 4.2253639853439635, "target_rescale": 4.145435089349617},
{"mapping": [7, 4, 2, 1, 0, 6, 12, 13, 5, 9, 3, 10, 8, 14], "R": [[0.3272869387649232, -0.940268018041138, 0.09369799337699863], [-0.9116821871705947, -0.3402868110326432, -0.23030517977908269], [0.24843278630190258, -0.010046914263836748, -0.9685970318992563]], "T": [-0.0009540881710090876, 0.06055844652013309, 0.07545364676937102], "aligned_model": [[0.49542914619434864, -0.15626646768971658, -0.37969369621441584, 0.26893084001534573, -0.1404672898409595, -0.6684103605728038, -0.035432725085904476, 0.6650950470265018, -0.22684330296058533, 0.35103934390940095, -0.7611949936056353, 0.22036912563413943, 0.7176689424407886, 0.023838543507279222], [-0.22333825243864774, 0.2649060229329263, -0.5152699411954266, -0.6907454079126164, -0.3684703848095491, 0.05905764632265738, -0.4108905492350319, -0.30330821969354044, 0.7504149648868818, 0.4240839615081888, -0.021510786146360414, 0.17192435277555745, 0.26312191253419154, 0.045123827105759455], [-0.438064020826864, -0.5783552068747067, 0.13775663584205491, 0.0011394359763250705, -0.34586675822399326, 0.4258348003653001, 0.5745220479450774, 0.3682332345863062, -0.1336877408113533, -0.2981271311075838, -0.27504191040267656, 0.694329064248725, 0.23975852988996552, 0.09912722832487222]], "inverted": true, "swapped": true, "error_lsq": 0.04359602966434906, "error_max": 0.259034129756126, "target": "70.xyz", "model": "6.xyz", "model_rescale": 3.89814844738969, "target_rescale": 4.145435089349617},
{"mapping": [8, 9, 7, 11, 1, 4, 5, 10, 6, 3, 0, 2, 14], "R": [[-0.889652731401384, 0.4462810745072763, -0.09670170653451465], [-0.0578064889942973, -0.3201335149261406, -0.945607181894885], [-0.4529640464100972, -0.8356720260710329, 0.3106055979890349]], "T": [-0.030757332949131744, 0.006153080552000173, -0.02072053044061614], "aligned_model": [[0.3701650043576807, -0.07436289895006289, 0.45233845341842804, -0.511711944776829, 0.665728096755883, -0.3680169605710829, -0.6910666813228715, 0.13426015198719732, -0.4640137215494281, -0.5683008645077728, 0.10564526270672342, 0.09723852829849133, 0.0007293750578659386], [-0.3584073304500779, 0.13812188066801567, 0.4824369239344364, -0.6181189766656668, 0.30622715080546437, 0.5502167811354253, -0.0226581517354031, -0.6388633803762862, -0.18114457045125482, 0.5015079398492217, 0.5771252836767553, 0.24154471300769234, -0.014206997927836723], [-0.559983081231067, -0.6341498778669561, -0.38192159314523655, -0.10938792957656476, 0.2394362619819392, -0.30985115421592613, -0.3865477446208382, 0.012687660204981022, 0.5670511705034127, 0.3954756299140475, 0.1701344678520508, 0.6173323859547941, -0.018001164918340692]], "inverted": false, "swapped": true, "error_lsq": 0.0525329035710918, "error_max": 0.3079610784701768, "target": "70.xyz", "model": "7.xyz", "model_rescale": 3.7474275329858107, "target_rescale": 4.145435089349617},
{"mapping": [5, 6, 7, 9, 8, 4, 11, 3, 1, 2, 12, 13, 10, 0, 14], "R": [[0.9726118498598686, -0.11279078045978322, 0.2032349117534638], [0.2142985082213105, 0.09652942857270252, -0.9719867379720514], [0.09001299287484096, 0.9889187576655128, 0.11805656208366104]], "T": [-0.04785353273695872, 0.018109469332526468, 0.045183881115729504], "aligned_model": [[-0.22823013408424284, -0.7706424279679498, -0.4202645389011872, 0.14444610930525148, 0.36254428896539403, 0.713129103795549, -0.02293549768947041, -0.2772955473120865, -0.06952777219725281, 0.38035109886068796, 0.0010111506363064751, 0.6731704673683347, -0.6731417171183267, -0.5687606433214315, -7.084699287648877e-05], [-0.33208216228919096, -0.06508042246883064, -0.543417159736209, -0.6900407330036039, -0.0720736155848155, 0.11923491245466955, -0.5048395281705265, 0.2635560930959754, 0.7548853137109359, 0.6493517487025687, 0.051814389389479, 0.0397927684018341, -0.20189356854001206, 0.41822825163797783, 0.0529459293026385], [-0.5530230787655563, -0.3257524385276655, -0.05419176609457686, -0.15947334130785018, -0.4920785826701562, -0.10615982537684189, 0.38042020541515764, -0.5882566084454001, 0.1917901652039386, -0.3108547039616239, 0.6592839054457573, 0.5816221855890416, 0.4137984623359646, -0.007484703599453385, 0.053862297216185906]], "inverted": false, "swapped": false, "error_lsq": 0.0372576608306565, "error_max": 0.2428390932210837, "target": "70.xyz", "model": "8.xyz", "model_rescale": 4.019505241142653, "target_rescale": 4.145435089349617},
{"mapping": [10, 6, 9, 8, 13, 7, 4, 12, 1, 2, 3, 0, 14], "R": [[-0.2853668053920805, 0.611350086482032, -0.7381171032693461], [0.6149457729245176, -0.47391799295701525, -0.6302725063921655], [-0.7351241274387519, -0.6337608442543659, -0.24070668779119392]], "T": [-0.06438320861464288, -0.02558887908000313, -0.12387058664090153], "aligned_model": [[-0.3206999803351517, -0.7797339539239013, 0.35273398294147823, 0.3157180785410149, 0.32081282759361485, 0.6922779866706602, 0.19276656879562648, -0.3034447981760705, 0.3489131918269922, -0.25550116173743825, -0.3831661843532409, 0.1967986346832018, -0.05777442078560978], [-0.6026812770603475, 0.097274969926122, 0.1468308108633883, -0.5227031149272139, -0.7344629687652271, 0.004846824114341335, 0.6197886806166893, -0.5084613253348281, -0.3181483198884683, 0.0028091351328097154, 0.669617272351889, 0.2709352973543881, -0.062267756269484525], [-0.33755069599469345, 0.07970953654855376, -0.5619316245139208, -0.5630147093696948, -0.019650497486022406, 0.007398410051637022, -0.2273485153924913, 0.30298531187566236, 0.49775069440510544, 0.5406376270256317, 0.2262930183130866, 0.3503635461854183, -0.11893860760439338]], "inverted": false, "swapped": true, "error_lsq": 0.05485467368378201, "error_max": 0.375553846339596, "target": "70.xyz", "model": "9.xyz", "model_rescale": 3.877068213659057, "target_rescale": 4.145435089349617},
{"mapping": [6, 10, 14, 13, 3, 4, 2, 12, 0, 5, 8, 7, 9, 11, 15], "R": [[0.21297897856538398, 0.9691112478754305, 0.12435169452231909], [-0.3123757827087481, -0.053053886639792075, 0.9484759646345866], [0.9257760663715298, -0.24084990004926, 0.2914275220014726]], "T": [-0.013991284395663696, -0.020778839004979947, -0.04290846630011118], "aligned_model": [[-0.20999429261905359, -0.70023047082481, -0.45228309464271793, 0.09239362756177341, 0.39278778016649285, 0.646434169081031, 0.14078487306341164, -0.23582021561692876, -0.13596391247399758, 0.4247291011891388, -0.17593193125116915, 0.49242517576272343, -0.40216439299415085, -0.6035221853243656, -0.029861137730678528], [-0.17034787038888805, -0.1556949668645059, -0.6628581885949272, -0.7468999959291439, -0.02329270073372127, -0.14966498687793345, -0.5001348152387404, 0.482922575180403, 0.7636238200322143, 0.5569436904117675, 0.2768038013072132, 0.05582142765769594, -0.2672808565177642, 0.41263274985612086, 0.06780853360310049], [-0.6081663726960405, -0.16158532551172625, 0.028896439793387033, -0.28594922818707014, -0.5300283856848257, 0.030011085478162766, 0.3890840649787144, -0.5481529876305327, 0.017101383964941527, -0.33403823894311563, 0.6503034312383994, 0.5926710625117161, 0.4305930617045694, 0.053335950445970295, -0.040573769005628535]], "inverted": true, "swapped": false, "error_lsq": 0.03621237058014027, "error_max": 0.20827701767411314, "target": "70.xyz", "model": "10.xyz", "model_rescale": 4.260839863003843, "target_rescale": 4.145435089349617},
{"mapping": [13, 10, 5, 9, 4, 7, 1, 12, 6, 3, 0, 14], "R": [[-0.7198482243086924, -0.26422307442132553, 0.6418759232927852], [-0.6084902581159592, -0.20475230709433279, -0.7666916580461287], [0.3340032031846344, -0.9424768748796393, -0.013386582069861042]], "T": [-0.0005164802463833366, -0.09473421864081236, -0.045162531000358525], "aligned_model": [[0.402201767756805, 0.4104931271685586, -0.5636838226400307, -0.5418046641673127, -0.6331266894166343, -0.2766088610336033, 0.3700384716274165, 0.6823006975819068, 0.32866510245543035, -0.17558261713636938, -0.06979239245757761, 0.025798529355541076], [0.07521873540354221, -0.5338762901475121, -0.540905988307712, -0.13657605341933593, 0.11743494969528395, 0.476390159014329, 0.5723407629989696, -0.016009083077604153, -0.35385735907065863, 0.11937002234212732, 0.4880247459007354, -0.09447609579923048], [-0.7312195945584122, -0.332596794877851, 0.18816421351067614, -0.36276154970818897, 0.17423311978166764, -0.4790795605019166, -0.29116650370312525, -0.05439593488528947, 0.5815445492761042, 0.7492302877935977, 0.1462359863655179, -0.07201014109727535]], "inverted": false, "swapped": true, "error_lsq": 0.05079374413959636, "error_max": 0.2845433792282203, "target": "70.xyz", "model": "11.xyz", "model_rescale": 3.890672605050136, "target_rescale": 4.145435089349617},
{"mapping": [0, 3, 4, 1, 7, 10, 6, 13, 12, 11, 9, 5, 8, 14], "R": [[0.47044329657963657, -0.11662750132392152, 0.8746891622960828], [-0.8683226543163831, -0.23771799948544434, 0.43532277762780747], [0.15715875000850354, -0.9643070976901378, -0.21310314085012375]], "T": [0.05343085224579209, -0.0008242326344588538, 0.06333877651043135], "aligned_model": [[0.5658408996771731, 0.09474840062994061, 0.35579996508096007, 0.6446480886303076, 0.7671041156191157, -0.3871303527413926, -0.4318368989081951, 0.2850404538006303, -0.04393029999235611, -0.7097529575819898, 0.23276400883722198, -0.27959889774998264, 0.062326127065264934, 0.05385318242699566], [-0.061844506652595915, 0.17347120630711144, 0.5752333230701832, -0.5392111320058666, 0.09613675400220967, -0.31219622978515704, -0.211198483127301, -0.4809808303349572, -0.6811247384524776, 0.18578829735296798, 0.5101344501778429, 0.6692237117713064, 0.03698991351329773, -0.02826921600879885], [-0.275413381661597, -0.758526595070316, -0.20138087980506564, 0.12181684129160021, 0.33159814016564093, 0.4549334859435407, -0.4738064228393089, 0.6777872466634214, 0.04803423885827013, 0.17113990729803963, 0.3832975508547196, -0.04056026634316985, 0.8268425924429958, 0.0890279775580902]], "inverted": true, "swapped": true, "error_lsq": 0.042398488733154806, "error_max": 0.2487767360195477, "target": "70.xyz", "model": "12.xyz", "model_rescale": 4.124412569039231, "target_rescale": 4.145435089349617},
{"mapping": [0, 12, 6, 7, 3, 4, 13, 9, 10, 8, 5, 11, 14], "R": [[0.8081540815603213, -0.5222750071393482, 0.27224216678352264], [-0.34208542399730013, -0.039963044649773974, 0.9388186820419094], [-0.47944190799927044, -0.8518402267913355, -0.21095896490574906]], "T": [0.09943430738236161, 0.11677578502613987, 0.04384055205821443], "aligned_model": [[-0.08264399290663105, -0.13797764682918173, 0.6400492527000221, -0.49441406252460784, 0.6220059513953681, 0.3100930892192456, -0.6301571727717933, 0.02897547863676997, 0.03149717976191285, -0.32645062526692914, 0.6927329429531901, 0.6417499765996882, 0.07183793654270305], [-0.2532140000825253, 0.6647877085530465, 0.47425577572454714, -0.36934381699531343, -0.2122972839191144, -0.553275495578988, 0.4384847467150507, -0.29903223019304914, 0.7167154900354277, 0.24819043849613792, -0.1633981484234619, 0.513957115806841, 0.14165507636987848], [0.5031831330315014, 0.3841943337676796, 0.42882187357186247, 0.002296694972930162, 0.6149609605644826, 0.043632428641710526, -0.117218146485427, -0.4227985181079107, -0.23873688768074894, -0.5772869111103808, -0.33054877649657366, -0.37691537853727647, 0.038113274835990356]], "inverted": false, "swapped": true, "error_lsq": 0.04715661884177311, "error_max": 0.2600319058512689, "target": "70.xyz", "model": "13.xyz", "model_rescale": 3.9028299243045295, "target_rescale": 4.145435089349617},
{"mapping": [5, 0, 4, 10, 13, 14, 7, 8, 1, 12, 6, 9, 3, 2, 15], "R": [[0.12343293181285428, 0.7585150335903202, 0.6398587775138819], [0.145934007522115, 0.6239046790882016, -0.7677540080392835], [-0.9815638424435872, 0.18814328377416056, -0.0336827549059924]], "T": [-0.078343350329311, 0.06127885156137769, -0.024724599447645754], "aligned_model": [[-0.09417400362578995, -0.8726632605051883, -0.36575358119411966, 0.29621766951646805, 0.42664552199195066, 0.7959435691712922, 0.11811655229363813, -0.4686497848834924, 0.03380937239502446, 0.2303763956643835, -0.1230007746071456, 0.4201975645969756, -0.5357930434860716, -0.5970383845838843, -0.02045071939734161], [-0.10897498373160308, -0.0979589263899801, -0.541389639224214, -0.5786403135217988, -0.07125799161561475, -0.072364158794187, -0.616716695031959, 0.3232111238978196, 0.6205865667212966, 0.4941326397953246, 0.20332170687955237, -0.06928431189355971, -0.144014073643727, 0.5830934133725629, 0.01663786008297808], [-0.5072853268586007, -0.20055298059252646, -0.14112615996623779, -0.099290721918342, -0.6247842430061942, -0.0532304051054667, 0.5430372355660814, -0.6375537203385304, 0.2863949953883522, -0.47369008298284637, 0.625073679989263, 0.5542880713608289, 0.3457940078174526, 0.0038199985917835785, 0.06260782451190443]], "inverted": false, "swapped": false, "error_lsq": 0.04069615156279092, "error_max": 0.25422754313846435, "target": "70.xyz", "model": "14.xyz", "model_rescale": 3.942246331269136, "target_rescale": 4.145435089349617},
{"mapping": [0, 12, 1, 2, 7, 9, 5, 8, 11, 6, 4, 10, 3, 13, 14], "R": [[0.422353445261876, 0.8577707246407746, -0.29299650377549613], [0.07266027419853194, 0.2901629593081638, 0.9542148298988669], [0.9035142787077679, -0.4243051272313001, 0.06022546949931232]], "T": [-0.03868312194463033, 0.036668494675584425, 0.045830458217152356], "aligned_model": [[-0.14781908631993018, -0.846906602174304, -0.5328552891907496, 0.21559096652734513, 0.4881938475491977, 0.7505942665402799, 0.06115204963209933, -0.106182854652416, -0.01921584389110098, 0.34497516833681685, -0.18065988415250275, 0.39795063708842204, -0.42426543259393024, -0.6804999988631197, -0.07626885048940826], [-0.2938731835507981, -0.07220354194699186, -0.6052282715147328, -0.570937453663245, -0.074036186196144, -0.12043924564565775, -0.5753424736730339, 0.3999458076880088, 0.7533417260988948, 0.35991108050013837, 0.2748305524003708, 0.2976747858858789, -0.3299005372227889, 0.5226515417422206, -0.026012383999229206], [-0.6018955819444406, -0.008923023953713166, 0.025734526929807287, -0.33992544661711477, -0.6183416887290499, 0.06864861085830604, 0.18094178759535723, -0.6341065287328458, 0.03526972419877424, -0.20137378192891336, 0.562343197823708, 0.5460575990886521, 0.5290502395466039, 0.15906217184783372, -0.019039633526043723]], "inverted": false, "swapped": false, "error_lsq": 0.04574643139227371, "error_max": 0.28571972045867167, "target": "70.xyz", "model": "15.xyz", "model_rescale": 4.355366556412066, "target_rescale": 4.145435089349617},
{"mapping": [2, 0, 3, 10, 6, 12, 11, 13, 4, 1, 9, 14], "R": [[-0.21117312303262592, -0.21539163307287212, 0.9534213950351907], [-0.20961646542617252, -0.9427452513252768, -0.25940764932029164], [0.9547077299000392, -0.25463274633448535, 0.15393282613942993]], "T": [0.021729969710181353, 0.11048688483265523, -0.10793395709879416], "aligned_model": [[-0.14992808071082736, 0.38108898700895205, 0.18990035854827633, -0.5264699354575717, -0.46820615835921353, -0.49373225070671534, -0.43994171653742836, -0.13183856789989665, 0.6332494767370332, 0.11947107214810837, 0.48072949822702893, 0.003485871634034767], [-0.5062239963722535, -0.3333861258616423, -0.6128298283231752, 0.47890722151212334, -0.3469029433129218, -0.08224225484220282, 0.43012527035821324, 0.4920980461061582, -0.03236378845461488, -0.12034264594015256, 0.5196606100205301, 0.12627686285091863], [0.15494412866814194, 0.12632744023189596, -0.5030040542098781, -0.017731784727891164, -0.45293282127993073, 0.3039839705241854, -0.6679209251137175, 0.5938707979213254, -0.42255032982586316, 0.6536317739388341, -0.24025579698706473, -0.07910393793061646]], "inverted": true, "swapped": true, "error_lsq": 0.04420420535368, "error_max": 0.2773306690103216, "target": "70.xyz", "model": "16.xyz", "model_rescale": 3.795458400668931, "target_rescale": 4.145435089349617},
{"mapping": [8, 9, 7, 11, 1, 4, 5, 10, 6, 3, 0, 2, 14], "R": [[-0.889652731401384, 0.4462810745072763, -0.09670170653451465], [-0.0578064889942973, -0.3201335149261406, -0.945607181894885], [-0.4529640464100972, -0.8356720260710329, 0.3106055979890349]], "T": [-0.030757332949131744, 0.006153080552000173, -0.02072053044061614], "aligned_model": [[0.3701650043576807, -0.07436289895006289, 0.45233845341842804, -0.511711944776829, 0.665728096755883, -0.3680169605710829, -0.6910666813228715, 0.13426015198719732, -0.4640137215494281, -0.5683008645077728, 0.10564526270672342, 0.09723852829849133, 0.0007293750578659386], [-0.3584073304500779, 0.13812188066801567, 0.4824369239344364, -0.6181189766656668, 0.30622715080546437, 0.5502167811354253, -0.0226581517354031, -0.6388633803762862, -0.18114457045125482, 0.5015079398492217, 0.5771252836767553, 0.24154471300769234, -0.014206997927836723], [-0.559983081231067, -0.6341498778669561, -0.38192159314523655, -0.10938792957656476, 0.2394362619819392, -0.30985115421592613, -0.3865477446208382, 0.012687660204981022, 0.5670511705034127, 0.3954756299140475, 0.1701344678520508, 0.6173323859547941, -0.018001164918340692]], "inverted": false, "swapped": true, "error_lsq": 0.0525329035710918, "error_max": 0.3079610784701768, "target": "70.xyz", "model": "17.xyz", "model_rescale": 3.7474275329858107, "target_rescale": 4.145435089349617},
{"mapping": [7, 9, 8, 4, 1, 2, 13, 11, 0, 12, 3, 5, 6, 14], "R": [[0.4777176783672396, -0.83142470761576, -0.2837583044449319], [-0.7229672668019737, -0.18856003418905004, -0.6646528752962017], [0.49910334692155545, 0.5226643943035266, -0.6911713101822364]], "T": [0.04526466390129639, 0.034846552252220955, 0.03450425161916614], "aligned_model": [[0.3161280792963533, 0.18426175016140126, 0.7486645380333251, -0.37689003563664114, 0.32695947064744385, -0.22468497602700568, 0.8017963357582202, 0.026629897136983834, -0.2137920113728374, 0.2555381012967931, -0.7814109918409974, -0.3048810295224223, -0.42219594055749166, 0.07872446050975171], [-0.5136397068555048, 0.13650857671759603, 0.20155812523218108, -0.07190546273289632, -0.6910141612923318, -0.39469179301839713, -0.22856451153153817, 0.8154636149624014, -0.5205333970544723, -0.14151803623485937, -0.10798603819981435, 0.5693987380150786, 0.27799318691242786, 0.029339106591363247], [-0.43078047813533693, -0.5704398918081673, -0.21425864957829746, -0.5166176053921296, 0.22579517785011918, 0.505171530163282, 0.17597767412224757, 0.17301271563495485, -0.03954509760209408, 0.6647445347713964, 0.09578181808260375, -0.36838534537175704, 0.5736029235683611, 0.05073541235647302]], "inverted": true, "swapped": true, "error_lsq": 0.04124084470508547, "error_max": 0.2192493050272104, "target": "70.xyz", "model": "18.xyz", "model_rescale": 3.922800546911778, "target_rescale": 4.145435089349617},
{"mapping": [3, 7, 12, 5, 0, 1, 8, 9, 10, 2, 4, 6, 13, 11, 14], "R": [[-0.40377535887786214, -0.3007718191451795, -0.8640033404861078], [0.9077387445837922, -0.24930487803557594, -0.33742769502384934], [-0.11391150575993131, -0.9205342962626468, 0.37368540011584495]], "T": [-0.009824262663266692, -0.059665995339249614, 0.03269122716765034], "aligned_model": [[-0.18229566539167702, -0.729979106006428, -0.43559459866214795, 0.27918077900632793, 0.3660303213408799, 0.7278574987372914, 0.14137434804388138, -0.25426304970397684, 0.02929611243444477, 0.2461954528792341, -0.15349698021452357, 0.41222968140373367, -0.5570745406425974, -0.5559491951925284, -0.08972796468521486], [-0.18812888564444485, -0.016601730305940768, -0.6834182535928005, -0.7321051123226487, -0.27585660405633833, -0.01779176217549737, -0.4424482068244671, 0.5441707144804239, 0.7269454480901036, 0.4589586721358934, 0.2809601519579182, 0.17698142760631952, -0.21145819003350647, 0.36463502743287585, -0.04446047984499944], [-0.5697207121566257, -0.31043191362175065, -0.18700580484122498, -0.18372374464774333, -0.6817579229210616, -0.012642992024515312, 0.4854686699718756, -0.4555444671227216, 0.2067965992315529, -0.38993310048945534, 0.6549444851752643, 0.5242563168799099, 0.419071881059161, 0.2028670565713661, -0.01914217860711001]], "inverted": false, "swapped": false, "error_lsq": 0.03805285555097983, "error_max": 0.2393861503096014, "target": "70.xyz", "model": "19.xyz", "model_rescale": 3.9282355846067225, "target_rescale": 4.145435089349617},
{"mapping": [2, 0, 7, 3, 6, 4, 5, 9, 11, 10, 1, 12, 8, 14], "R": [[-0.11966315742931632, -0.8943441091871654, 0.4310792770665996], [-0.7058689360717231, -0.2286956791227192, -0.6704083318691467], [0.6981617103816424, -0.38450864842395127, -0.6039232777796911]], "T": [-0.01012988099293103, -0.06780029803513495, 0.05786797449728656], "aligned_model": [[-0.5372876099069182, -0.07774131631674189, 0.5437807314561115, -0.5225319335358833, -0.7262666039455498, 0.2098238310423804, 0.10801836715159857, 0.5642372975734006, -0.15941350139266433, -0.0600008416995532, 0.013703609882301133, -0.40600523526435806, 0.5866813214304535, -0.004475297389900519], [-0.5125612943642917, -0.6331994300374816, -0.6001231259837977, -0.24670185266070632, 0.15036632873933725, -0.18800824654037823, 0.4545288883572371, 0.04488519154156499, 0.7100839463876448, 0.307053010902655, -0.7824165758666274, -0.24025178154304394, 0.13122235082032258, -0.07199532232759927], [0.11440177180392526, -0.18044499317449728, 0.03529617276928168, -0.584772748726969, -0.030554860593415223, -0.5982694333670846, -0.47493713602024146, -0.17238644673896047, 0.0966668235754787, 0.6068588637313104, 0.42059858837543207, 0.5927187861920356, 0.49221056556002885, 0.09479720385735801]], "inverted": true, "swapped": true, "error_lsq": 0.03718154120044626, "error_max": 0.26541145739409167, "target": "70.xyz", "model": "20.xyz", "model_rescale": 4.067790424073018, "target_rescale": 4.145435089349617},
{"mapping": [7, 9, 12, 0, 8, 4, 3, 1, 13, 5, 11, 6, 12, 10, 14], "R": [[0.8858959675432543, 0.2584483759195481, 0.3852178236727235], [0.4638423353396831, -0.48239868336219394, -0.7430624457184275], [-0.006214711355363306, 0.8369563592416095, -0.5472343465900142]], "T": [0.08325798882604335, -0.010924228993658783, -0.008918777566649553], "aligned_model": [[-0.171199661132672, -0.6405073041662703, -0.544730471454189, 0.1410870741595438, 0.3084151837114927, 0.8666297491594133, 0.07338876530911566, -0.2794759833843851, -0.11127360331693154, 0.36640424749527867, -0.19800970420385844, 0.5781118180707188, -0.544730471454189, -0.6106785804296107, 0.010352034983242539], [-0.24064906037651182, -0.027504672766809422, -0.36136842991366586, -0.674133485941256, 0.0003790556042088302, 0.04414208464470267, -0.5779855483366815, 0.4140180179279308, 0.6404291163958706, 0.45223632132539665, 0.09198909954524288, 0.10751349021807168, -0.36136842991366586, 0.4178560182012705, 0.014828640288786108], [-0.6715964997155037, -0.29165326257498064, 0.2553409861017684, -0.2564411157696199, -0.5326977100120744, -0.16944566301191516, 0.6251861626309043, -0.609879053678552, 0.15847233386220025, -0.24081664665485425, 0.5640817334678774, 0.5283419571285044, 0.2553409861017684, 0.06780383330405021, 0.0014641312773475065]], "inverted": true, "swapped": false, "error_lsq": 0.04456948398912333, "error_max": 0.371358411779304, "target": "70.xyz", "model": "21.xyz", "model_rescale": 4.186013935880536, "target_rescale": 4.145435089349617},
{"mapping": [10, 11, 8, 1, 2, 13, 12, 6, 9, 5, 3, 0, 14], "R": [[-0.5368594193103218, 0.7170445353757404, -0.4445549439445842], [0.8158662949053486, 0.30707965726841474, -0.4899635424491618], [-0.21481190082302887, -0.6257389378804081, -0.7498710748422663]], "T": [0.017303385739196965, 0.05774696190673254, 0.02709396401011442], "aligned_model": [[-0.0035909209318278276, -0.4816802411836557, 0.5399013384610074, 0.5408027094153111, -0.13815126747747658, 0.6527879910270178, 0.005807766514221636, -0.6788784405109074, 0.313032492287894, -0.3633904228273464, -0.5303127873307587, 0.16433509505683258, 0.03791072292291349], [-0.2626141162998774, 0.18873633008648807, 0.14454992917714715, -0.4264588764735474, -0.4333696256259634, -0.36220978321422237, -0.6277806526066366, -0.22471244037933216, 0.600770845059811, 0.6908356741705534, 0.18227494020016888, 0.016822784969688677, 0.032111650481815815], [-0.5571365726142659, -0.5751949809468944, -0.5240899773294433, 0.3935787826077666, 0.4892000486821176, -0.2584510184193707, -0.02232204081000537, 0.08885666816248781, -0.08815416716557518, -0.1308268383364128, 0.6533191938262219, 0.6252138879494907, 0.008886575729228602]], "inverted": false, "swapped": true, "error_lsq": 0.04707563076252218, "error_max": 0.2702939750351034, "target": "70.xyz", "model": "22.xyz", "model_rescale": 4.166573947596378, "target_rescale": 4.145435089349617},
{"mapping": [1, 4, 2, 6, 5, 13, 12, 0, 8, 7, 9, 14, 3, 8, 15], "R": [[-0.04660782714546213, 0.8097546080563893, 0.5849146819667139], [-0.6588260906521126, -0.46505818775059676, 0.5913282204344599], [0.7508501133547447, -0.35779652980091087, 0.5551628144405862]], "T": [-0.042577072726288176, -0.06129786036512073, 0.11333803290066118], "aligned_model": [[-0.1638407257502934, -0.6801251791041891, -0.46262744149955426, 0.12385785460666317, 0.46073801178518137, 0.7728334962895782, 0.23793771157443033, -0.24114786225290302, -0.4523203724765284, 0.2492883936555702, -0.1217791362664616, 0.6081555975838834, -0.5990508938605855, -0.4523203724765284, -0.03581598846156375], [-0.30680046234926234, 0.1049109027355529, -0.5420283190650246, -0.7241705680042562, -0.061714965367062426, 0.07788166775045433, -0.5562781942127124, 0.278350600538812, 0.6358815923598984, 0.439729674939382, 0.1935789319994575, -0.038518015950368224, -0.11552212828413636, 0.6358815923598984, -0.080800092547743], [-0.5447825181699092, -0.2118704732720566, -0.09941805505151673, -0.2213361674759146, -0.5482779682117478, -0.06707206046024523, 0.4384338343531943, -0.6021787924713079, 0.12475640533343484, -0.3052018171143777, 0.6511242544859822, 0.5627886238444032, 0.33429790974916324, 0.12475640533343484, 0.0474825915843852]], "inverted": false, "swapped": false, "error_lsq": 0.03885864223453621, "error_max": 0.3777319052461851, "target": "70.xyz", "model": "23.xyz", "model_rescale": 4.274766983524099, "target_rescale": 4.145435089349617},
{"mapping": [12, 0, 3, 6, 4, 5, 10, 9, 13, 7, 14], "R": [[0.9038451579453128, -0.4278266228432748, -0.005320831263140702], [0.11814781502582777, 0.2376132226359899, 0.9641478362954314], [-0.4112238128603878, -0.8720689979669372, 0.2653123414421329]], "T": [-0.04371702525932048, 0.010173813822689184, 0.04082320758387647], "aligned_model": [[0.36828160445086766, 0.05091510178806904, -0.6004900895390776, -0.42632330553590414, -0.4434368729960775, -0.7174114555300269, 0.180072556024564, -0.13176994763567293, 0.7358358705863147, 0.374651151632434, -0.010429909287415558], [-0.2455936749408863, 0.5816108153294173, 0.43351627721127306, -0.24395612283075757, 0.5338718404835595, -0.06209525001627626, -0.6177128382786082, 0.16647356074707925, -0.16882336367264972, 0.5455942076826686, -0.007298920471336002], [-0.44637523439089, -0.17258969984107705, -0.4264386487969822, -0.5569204585091877, 0.28436027769383354, 0.37486073590158153, 0.049171131109144416, 0.6436746369150039, 0.1891390238289599, 0.39997097156867056, 0.04071369854252029]], "inverted": true, "swapped": true, "error_lsq": 0.055032220266271414, "error_max": 0.2577255560236391, "target": "70.xyz", "model": "24.xyz", "model_rescale": 3.7841303162186577, "target_rescale": 4.145435089349617},
{"mapping": [4, 5, 3, 6, 1, 0, 11, 2, 9, 8, 14, 10, 13, 12, 15], "R": [[0.29488978634049784, 0.23671805343656982, -0.9257454169960861], [-0.9412608025435525, 0.23877667082841286, -0.23877563331120633], [0.16452390557947327, 0.9417803696432101, 0.29322622639793927]], "T": [0.08240757370041726, 0.00245387764406191, 0.01477524167353696], "aligned_model": [[-0.17276255035895619, -0.7037600888768718, -0.5045559243396927, 0.07947072179241223, 0.46185683071818284, 0.7944789597698065, 0.06100911746105578, -0.2728055906665072, -0.0753999179744548, 0.3216542672467905, -0.22537047807842261, 0.49201034911484276, -0.46588116812540825, -0.6150929128328484, 0.06893147849677007], [-0.2434942599540931, 0.032639708850230764, -0.5385494937277017, -0.6850671934837137, -0.003969515181035969, -0.003395131340125061, -0.5821465872711933, 0.47392574081243743, 0.5442310665299608, 0.36999289107266503, 0.3913035568642988, 0.21623146073514596, -0.23227444688104906, 0.26441655181570634, -0.06346213193864306], [-0.6418083891442579, -0.3729978457833392, -0.0938115520265022, -0.2073341995918349, -0.624766309108337, -0.17029252858026853, 0.5119793965778638, -0.45461896155888354, 0.16877193547019564, -0.3816259148256842, 0.6339420690505391, 0.6406984131712322, 0.5210183320201889, 0.1563398384300514, -0.0019921116440431604]], "inverted": false, "swapped": false, "error_lsq": 0.04224629196999, "error_max": 0.24182770087107297, "target": "70.xyz", "model": "25.xyz", "model_rescale": 4.19342608120988, "target_rescale": 4.145435089349617},
{"mapping": [2, 0, 3, 10, 6, 12, 11, 13, 4, 1, 9, 14], "R": [[-0.21117312303262592, -0.21539163307287212, 0.9534213950351907], [-0.20961646542617252, -0.9427452513252768, -0.25940764932029164], [0.9547077299000392, -0.25463274633448535, 0.15393282613942993]], "T": [0.021729969710181353, 0.11048688483265523, -0.10793395709879416], "aligned_model": [[-0.14992808071082736, 0.38108898700895205, 0.18990035854827633, -0.5264699354575717, -0.46820615835921353, -0.49373225070671534, -0.43994171653742836, -0.13183856789989665, 0.6332494767370332, 0.11947107214810837, 0.48072949822702893, 0.003485871634034767], [-0.5062239963722535, -0.3333861258616423, -0.6128298283231752, 0.47890722151212334, -0.3469029433129218, -0.08224225484220282, 0.43012527035821324, 0.4920980461061582, -0.03236378845461488, -0.12034264594015256, 0.5196606100205301, 0.12627686285091863], [0.15494412866814194, 0.12632744023189596, -0.5030040542098781, -0.017731784727891164, -0.45293282127993073, 0.3039839705241854, -0.6679209251137175, 0.5938707979213254, -0.42255032982586316, 0.6536317739388341, -0.24025579698706473, -0.07910393793061646]], "inverted": true, "swapped": true, "error_lsq": 0.04420420535368, "error_max": 0.2773306690103216, "target": "70.xyz", "model": "26.xyz", "model_rescale": 3.795458400668931, "target_rescale": 4.145435089349617},
