[{"mapping": [9, 0, 4, 8, 6, 5, 3, 2, 7, 12, 11, 1, 13], "R": [[-0.15879250814939153, 0.615155535905852, 0.7722490569757983], [-0.9826159954025677, -0.17466366613650736, -0.06291589076517756], [0.09618079296120663, -0.768814847916024, 0.6321969508699128]], "T": [0.1984208455512897, 0.06985168872133282, 0.0165753566585432], "aligned_model": [[-0.2479600775301264, 0.42705714047192683, -0.5263319825010352, -0.3941447194665135, 0.05782135764599289, 0.5221598816619633, 0.4550356774525221, 0.11188935988181703, -0.5553366034280078, 0.28008803169641394, -0.10321282798953135, 0.7366956088351195, 0.04079537797845728], [0.3487793476721496, 0.1152353707350032, -0.5480487308245302, -0.11265178901843145, -0.6217073963775832, 0.007614814594490114, -0.3834737250474821, -0.48405351646818995, 0.0901658057166593, 0.6042357539672053, 0.41392142821425115, 0.24677669852406234, 0.10871743246516763], [-0.49301919231684216, -0.7190048229496845, -0.06302763553574603, 0.4921146961360708, 0.3107251484408451, 0.6975458908512123, -0.026380470389335504, -0.509694128549834, -0.036636740033759115, -0.19050904519741135, 0.5435430807127071, -0.09297797985391898, 0.030122614354613948]], "inverted": true, "swapped": false, "error_lsq": 0.051097713982440514, "error_max": 0.24633966488884015, "target": "700.xyz", "model": "0.xyz", "model_rescale": 3.8414455957264533, "target_rescale": 3.8174607388201944},
{"mapping": [11, 0, 8, 10, 6, 2, 9, 13, 12, 1, 5, 4, 14], "R": [[-0.5067856774160209, -0.641726602039726, 0.575634645761122], [-0.6257736443058609, -0.18542633435130446, -0.7576439933248336], [0.5929381276812508, -0.7441801144639555, -0.30760418394142075]], "T": [0.15906377586489384, -0.027772040421321222, 0.008987356583633253], "aligned_model": [[-0.3018058674898134, 0.54615968284603, -0.4109489300546566, -0.39757179167817247, 0.07931025983742801, 0.656679962843096, 0.3591163536779681, 0.003525827885827282, -0.5701395389821258, 0.020034708226229714, 0.1102880629830034, 0.594728405547672, 0.11517908906651216], [0.31573491447026236, 0.22067569762395717, -0.5705244908783534, 0.08714617684544487, -0.4212044717887403, -0.12520972184960658, -0.6717810877510909, -0.380185700792566, 0.009636608124890565, 0.7959909128739059, 0.1866180494716521, 0.28804066773721465, 0.050573940065802014], [-0.6201927018298471, -0.5513231374871126, -0.06035015212363319, 0.3902116326949888, 0.6789705447407844, 0.5451671364276569, -0.09465140576515127, -0.6440513554094094, -0.21271664089304182, -0.21592019397568288, 0.630260729722254, 0.0882079262428459, 0.009189033324266115]], "inverted": false, "swapped": false, "error_lsq": 0.0497656662330807, "error_max": 0.3488844164600837, "target": "700.xyz", "model": "1.xyz", "model_rescale": 4.316132596720782, "target_rescale": 3.8174607388201944},
{"mapping": [9, 1, 0, 3, 8, 10, 2, 5, 7, 11, 6, 12], "R": [[-0.6398125196569521, 0.33993480267454046, 0.6892635705017663], [-0.17215324557224665, 0.8106750032768678, -0.5596153134975776], [-0.7490014684425951, -0.4767078444840945, -0.4601591369060974]], "T": [-0.09471791466785816, 0.04430905793419012, -0.09611597848650927], "aligned_model": [[-0.14121966540109188, 0.6192180914623654, -0.05642438622952388, -0.6286242237155395, -0.48346869068293746, -0.5011893875818545, -0.04885884491692892, -0.11023673391763593, 0.4940230680472757, 0.14668117959239435, 0.411673616204807, -0.10376546822954967], [-0.592119775079553, -0.20975125698930955, -0.683545344090838, 0.30274428438423445, -0.2481359291388773, -0.02936692856773663, 0.3387660555195747, 0.5270168673169716, 0.05097857893060206, -0.14476425948554975, 0.6221380704011433, 0.07881606454031859], [0.19979141356738428, 0.11276819332937094, -0.4979444556987566, -0.1251953710652947, -0.5285847083554103, 0.4202228414538632, -0.6803776895124671, 0.6379574818303468, -0.5128663154985456, 0.5570892742682572, -0.07217014938966287, -0.06143205371966387]], "inverted": true, "swapped": true, "error_lsq": 0.045440420400727266, "error_max": 0.2508982850490661, "target": "700.xyz", "model": "2.xyz", "model_rescale": 3.795458400668931, "target_rescale": 3.8174607388201944},
{"mapping": [3, 10, 5, 1, 2, 7, 11, 8, 9, 0, 6, 12], "R": [[0.736689639228252, -0.3135116859553545, 0.5991650842824364], [-0.011384372584990893, 0.8801606717100285, 0.4745393429799026], [-0.6761351725170005, -0.35640933593886487, 0.6448361138622924]], "T": [0.06261285949717149, 0.019438591480124914, -0.030995498735807668], "aligned_model": [[-0.014723183494594894, -0.16767145367281788, -0.7783130087247354, -0.014792535931123396, 0.24028749498761787, 0.24330528829731454, -0.2846712751831953, 0.6294349287085745, 0.3255079403350805, 0.8501011850261386, -0.45103286345987564, 0.015871308855181537], [-0.18424569920380646, -0.5962276740253895, -0.23524916586391284, 0.22597951908396294, 0.5487204784641154, 0.6577537549140529, -0.3238263931411293, -0.0862352016463195, -0.4826171465551759, -0.03086228433587965, 0.5851775404078915, 0.007401317191300008], [-0.5834646565780482, -0.10294805868777787, -0.021543591738239075, 0.7234798896543931, -0.3751787823078067, 0.25228046025643036, 0.5002880643719486, -0.3330323010167321, 0.38564759716485203, 0.2336486189277234, 0.052668507104633756, -0.04307431651227676]], "inverted": true, "swapped": true, "error_lsq": 0.05135798617605377, "error_max": 0.28971837073919554, "target": "700.xyz", "model": "3.xyz", "model_rescale": 3.7530521520055578, "target_rescale": 3.8174607388201944},
{"mapping": [10, 4, 5, 6, 11, 2, 9, 8, 0, 7, 12], "R": [[0.8866343457993674, -0.35365354855013964, -0.2980078932626152], [-0.45790524299277846, -0.7616430625470231, -0.458500418444429], [-0.06482534449312836, 0.5429815953343963, -0.8372387125781163]], "T": [-0.11287903224796317, -0.042442478146181885, 0.021933643012705596], "aligned_model": [[-0.3108605965034059, -0.036930759489861575, 0.2679034029960281, 0.50535803990775, 0.28522170983329287, -0.20105432823090508, -0.22182476540715568, -0.6946906512977444, -0.42107765237098593, 0.26527775132828435, -0.09912254832009137], [-0.6513326980697194, 0.27066302305354945, -0.5838513671795, 0.24134791099146033, -0.6267142083939268, 0.5893232353401541, -0.5064048386560165, 0.16205494228439507, 0.13156839909041687, 0.5076168700705541, -0.06706791021702094], [-0.1433206657170713, -0.7285004035209913, -0.5559873377597163, -0.3360301687960702, 0.1663001511919027, -0.13060135335803344, 0.5392681694471744, 0.23015584069303394, 0.7752186987013187, 0.29538095258622454, -0.019053106222455263]], "inverted": false, "swapped": true, "error_lsq": 0.052090751132599734, "error_max": 0.27787688468645355, "target": "700.xyz", "model": "4.xyz", "model_rescale": 3.7855080009869324, "target_rescale": 3.8174607388201944},
{"mapping": [8, 10, 6, 12, 1, 2, 0, 7, 13, 15, 14, 9, 16], "R": [[0.21441630634510453, -0.08165434117625944, -0.9733232844951327], [0.9654526793469355, 0.16878987747494603, 0.1985222939717749], [0.14807691081038046, -0.9822639898871706, 0.1150247045455492]], "T": [0.0649651035660174, -0.09714019725102013, -0.024362703403146252], "aligned_model": [[-0.2440981661976059, 0.434465698723126, -0.43747969125136466, -0.28968340672548665, 0.013179699289705908, 0.5315399271240454, 0.4941545191497918, 0.08376298336893706, -0.5908084016800424, 0.01888101093472755, 0.1159099196462189, 0.5904948111226831, 0.08423732120426268], [0.2694547551717698, 0.17736477850498505, -0.4065274084811507, -0.03425978570591039, -0.6512529521824644, -0.04262696506677163, -0.7121448195633515, -0.4419347406955159, 0.20866014106645764, 0.7014211664997358, 0.4008658918356831, 0.3760800823326903, -0.05958864956338504], [-0.53953054993937, -0.5892349035847643, -0.30347889740686895, 0.5529896595452418, 0.4888441415586038, 0.5458319380284552, 0.1902058017550848, -0.6892934023498296, 0.011898870991938773, -0.2230939576555642, 0.4307108724941916, 0.05806977026568544, 0.008882071966113368]], "inverted": false, "swapped": false, "error_lsq": 0.03805936824346489, "error_max": 0.22723987026920278, "target": "700.xyz", "model": "5.xyz", "model_rescale": 4.2253639853439635, "target_rescale": 3.8174607388201944},
{"mapping": [12, 8, 0, 3, 4, 2, 1, 9, 7, 11, 6, 5, 13], "R": [[0.9169206938822323, -0.3973171631716276, 0.03735656541728691], [0.0029334079727588447, -0.08689630961482071, -0.9962130427237895], [0.3990586877242382, 0.9135579364356569, -0.07851153117366513]], "T": [0.16296416026651078, -0.06117396456984812, -0.018322922854756757], "aligned_model": [[-0.4567199764610464, 0.7005803084264322, -0.456141705043105, -0.2908492047619179, 0.16210551504144546, 0.41129673654910004, 0.4005818692333427, 0.07808142694060878, -0.6013003742966714, 0.18553347306731094, -0.07437489834349309, 0.6173834998537444, 0.12837955450324787], [0.44909335876348877, -0.041404428202760545, -0.5434615521865013, -0.05805529456045912, -0.5671214421739629, 0.04935486458688038, -0.7478408315556782, -0.2854006442871388, 0.12962841366049313, 0.6653187263083568, 0.44285884871257397, 0.3524288719118335, -0.05988739682435369], [-0.4947288358066064, -0.5247248563702311, -0.18315392629992297, 0.5267029263646069, 0.47657880965477606, 0.5950985648022434, -0.12191935197992015, -0.5796728539774624, 0.07593942221197807, -0.29626677515847877, 0.30314101371641344, 0.1339170978825471, 0.03189018062897452]], "inverted": true, "swapped": false, "error_lsq": 0.04552152324694258, "error_max": 0.25602262268653364, "target": "700.xyz", "model": "6.xyz", "model_rescale": 3.89814844738969, "target_rescale": 3.8174607388201944},
{"mapping": [1, 5, 3, 7, 8, 11, 8, 6, 0, 2, 4, 10, 12], "R": [[0.25805988518794276, -0.7790248219991158, -0.5714240302665194], [-0.7846973328798923, -0.5140441644642693, 0.34642270819248416], [-0.5636090767792599, 0.3589971081909679, -0.7439528781331202]], "T": [0.0492774485097187, 0.014395385561869672, 0.045902891428025075], "aligned_model": [[-0.19410255721130698, 0.3801611093795808, -0.48986294883589787, -0.36172162302332644, 0.2547524084163677, 0.5619586852836362, 0.2547524084163677, -0.002513430092920918, -0.48966505596667365, 0.06953180662903215, 0.03777950402363241, 0.6352099920931988, 0.14827592559730934], [0.35954449622032625, 0.09727417758788698, -0.5831659616925566, -0.13503327423401104, -0.6163935088869256, -0.18140260687016965, -0.6163935088869256, -0.4292362722780625, 0.09706643424495043, 0.7029511131281498, 0.4880259917350459, 0.4527829074948946, 0.1494915065901691], [-0.6865142549173828, -0.6513945435496855, -0.022141247830230554, 0.5358268838763821, 0.17846300536189813, 0.6410175567174627, 0.17846300536189813, -0.4619204125700668, -0.18586609279260458, -0.11850092706111921, 0.48298141361013647, -0.012433186905551813, 0.06482021636778117]], "inverted": true, "swapped": false, "error_lsq": 0.05537749395274737, "error_max": 0.4040237317620363, "target": "700.xyz", "model": "7.xyz", "model_rescale": 3.7474275329858107, "target_rescale": 3.8174607388201944},
{"mapping": [10, 11, 1, 3, 2, 8, 4, 12, 0, 7, 5, 9, 14], "R": [[0.5805625175605099, -0.160380699234297, 0.7982638627151557], [-0.8060682575564393, -0.2515604571024748, 0.5356970231225111], [0.11489615904689204, -0.9544607732827537, -0.27532436307155855]], "T": [0.04906947156746506, -0.05623959779657231, -0.08597001158932596], "aligned_model": [[-0.2744885421809394, 0.4123661451427091, -0.4602593548733815, -0.27789937892634775, -0.048633438975917424, 0.4214632796399599, 0.5503757049901297, 0.05555914744163097, -0.6052288465102666, 0.14735245848954026, 0.15549983739005305, 0.6671221985075494, 0.06132701457427965], [0.4109270753861104, 0.21645175615441345, -0.608852363008536, 0.07947356131165481, -0.6943406610524, -0.11827658952083554, -0.5819208695191384, -0.270524243429492, 0.0070775083465758615, 0.6132778450789984, 0.4661445022646413, 0.38045915945619846, -0.11438518731541855], [-0.5882934839603412, -0.5103930411711428, -0.0837120631776245, 0.5375745708073397, 0.4542805508286879, 0.4820833126889448, 0.2048514228635914, -0.6644875943406006, -0.04016725340523519, -0.16320005814537483, 0.3923697141872332, 0.001468322247784981, -0.07957298375434466]], "inverted": false, "swapped": false, "error_lsq": 0.044340531313739315, "error_max": 0.2569200611482907, "target": "700.xyz", "model": "8.xyz", "model_rescale": 4.019505241142653, "target_rescale": 3.8174607388201944},
{"mapping": [10, 11, 2, 0, 3, 4, 5, 6, 1, 9, 7, 8, 12], "R": [[0.7894730277859623, -0.22604027778749403, 0.5706471161902227], [-0.6042638524389509, -0.12310722457909101, 0.7872164936610963], [-0.10769185221781095, -0.9663076135859562, -0.23377780239302315]], "T": [0.01843165412778424, -0.02120874597717805, -0.06819421621367831], "aligned_model": [[-0.44589541258494536, 0.5133483068166581, -0.33560296532126566, -0.20683638605514948, 0.0966637708210773, 0.4046371859602534, 0.4841735013474688, -0.03837779613107813, -0.5709836680440659, 0.1498231676979126, 0.16853618068658513, 0.5308904520462532, 0.05417988746929517], [0.2194128889464953, 0.09429696659845908, -0.4860822187923089, -0.006507943403439787, -0.7310227006632309, -0.1617645938248424, -0.5039638782983972, -0.41878109785940454, 0.3080610641967771, 0.623271190367574, 0.49478251483728297, 0.39066705546395425, -0.03685775341614654], [-0.8196470504903207, -0.42731183099555464, 0.024132945125898322, 0.541464929987638, 0.4098274291041875, 0.6520029873777717, -0.09178940868747355, -0.6738102243797587, -0.0900178792338498, -0.254532465752676, 0.66036987838978, 0.08634133312460322, -0.07422922790132704]], "inverted": false, "swapped": false, "error_lsq": 0.045931897080381916, "error_max": 0.26445856249283306, "target": "700.xyz", "model": "9.xyz", "model_rescale": 3.877068213659057, "target_rescale": 3.8174607388201944},
{"mapping": [7, 4, 9, 11, 10, 12, 6, 2, 8, 1, 0, 5, 15], "R": [[0.713522371586786, -0.6618029267683903, 0.23000589419830458], [-0.09654134296819411, -0.4180204753709527, -0.9032932255190119], [0.6939492736094379, 0.6223148465940981, -0.3621583042890196]], "T": [0.1563394331673604, -0.17643056329016263, -0.07388686425932366], "aligned_model": [[-0.17638494419321585, 0.39989611753621174, -0.43502956208060606, -0.21384697973667952, -0.050511820492727955, 0.4869654106690222, 0.5719427508362399, -0.1409500651050394, -0.5421921680832235, 0.1381484108777108, 0.023077737585082164, 0.599176690702492, 0.1442646461937322], [0.3177657575778712, 0.09356859332944459, -0.4642624908167948, -0.12070411122154859, -0.6840525596984286, -0.01787881839210967, -0.5446062885363201, -0.3699276275642363, 0.1504744353212302, 0.6832174039414847, 0.40405450396274656, 0.4509817686563793, -0.11311907240694621], [-0.6318752642886835, -0.6447382255338008, -0.12939179066561202, 0.5621256029964593, 0.37638332915971046, 0.5770686049583361, 0.19448804665250952, -0.6347194580729901, -0.051311219301126795, -0.19042470938265266, 0.4543597096251758, 0.07186762556070082, -0.01103083603910815]], "inverted": false, "swapped": false, "error_lsq": 0.04399939511375288, "error_max": 0.2606336606589916, "target": "700.xyz", "model": "10.xyz", "model_rescale": 4.260839863003843, "target_rescale": 3.8174607388201944},
{"mapping": [10, 8, 0, 9, 1, 11, 5, 3, 2, 7, 6, 12], "R": [[0.42984257514186996, 0.41833068760911574, -0.8001467342930861], [-0.8943734255461468, 0.3188006826747345, -0.31378703032944877], [0.12382058097205442, 0.8505090008522003, 0.5111779564859338]], "T": [0.07697890193838398, -0.021827368002320206, -0.02137177241390255], "aligned_model": [[0.22352118043679547, 0.20077054617673828, -0.40656611370545453, -0.3902394921188458, -0.6247035366763913, -0.32306571320831856, 0.3192790846162767, 0.6310389386140038, 0.3450133375032502, -0.25731925242391457, 0.13871191423837861, 0.10245775564161216], [0.08809039790543016, -0.6607197609743386, -0.6981674653823625, -0.22166685706087885, 0.2986220440951032, 0.41170224806054134, 0.7409853474124128, -0.1370272842381543, -0.2143484685933235, -0.02055641765140003, 0.5689311779065441, 0.017233544053360146], [-0.656742869968446, -0.03450865370918505, 0.016744372303754793, -0.5077218601614274, 0.12975000407594245, -0.4369625834103789, -0.3840271057642552, -0.2014739079987501, 0.5454288026167269, 0.617834297107903, 0.4665683146329031, -0.038710732329282786]], "inverted": true, "swapped": true, "error_lsq": 0.04761405907281302, "error_max": 0.25409800414414735, "target": "700.xyz", "model": "11.xyz", "model_rescale": 3.890672605050136, "target_rescale": 3.8174607388201944},
{"mapping": [10, 11, 4, 7, 3, 8, 0, 2, 12, 9, 5, 6, 13], "R": [[0.3777074502162747, 0.19246064270079927, 0.9057019283750674], [0.9251250698782052, -0.11909202642290245, -0.36050061626207053], [0.03847969768548487, 0.9740513283465517, -0.22303211116866486]], "T": [0.23318822285156668, -0.003165466337498502, -0.050824811838668875], "aligned_model": [[-0.4320491041369292, 0.2887470393827382, -0.197679645332946, -0.3828023482064874, 0.012265763341017782, 0.47186596176239803, 0.4393497724493888, 0.024205998144918306, -0.4608580110281607, 0.22912036036029615, -0.043299346095849095, 0.7770301995405277, 0.0786595845280865], [0.11010734036912012, 0.16436549974263195, -0.5311027126758575, -0.0263875920258407, -0.7072406042934732, -0.09938999052430161, -0.5423984067290017, -0.28995781480936295, 0.26477301100478684, 0.7723949458081629, 0.5283297490821574, 0.18568674852424283, -0.04366867932049194], [-0.6374840608790022, -0.5719857823700066, -0.21420225189679198, 0.5382257119048284, 0.5046341182345816, 0.6222018025916739, 0.07335164008106468, -0.6669747223972443, -0.01031624062297417, -0.11647475950510125, 0.4451990202890032, -0.02574315969181696, 0.002370099930704035]], "inverted": true, "swapped": false, "error_lsq": 0.05215464803987083, "error_max": 0.30045806666727876, "target": "700.xyz", "model": "12.xyz", "model_rescale": 4.124412569039231, "target_rescale": 3.8174607388201944},
{"mapping": [3, 5, 9, 8, 11, 2, 10, 7, 6, 0, 1, 4, 12], "R": [[-0.8224356637133501, 0.39912340352607767, -0.40533947230702927], [0.4674697921994212, 0.06816681803927138, -0.8813769218100906], [-0.3241474547692935, -0.9143597725601014, -0.24264095674561653]], "T": [0.018264073671051227, 0.04300831823262288, -0.13236701916665183], "aligned_model": [[-0.4757373968999625, 0.5792428972802103, -0.4613656459308688, -0.2791958852105134, 0.09234283543606386, 0.3968246713435246, 0.4721039451557125, 0.1183265402046737, -0.5732548939690298, 0.17252390261029515, -0.06829169703613688, 0.729855924763229, 0.10118102696180109], [0.3604409014035569, 0.06799168618991329, -0.37107941323645866, -0.196829203182715, -0.7093709194372482, -0.07260275295720167, -0.5175791432732597, -0.3974645104778999, 0.22392837846442226, 0.5537794808505428, 0.5720231002027376, 0.2948626185551425, -0.022588728948760295], [-0.537277475911141, -0.6407216885263486, -0.2167942346943796, 0.47499749830367866, 0.5149278758504189, 0.6329574007737558, 0.02377631674842204, -0.5671645174057771, 0.12255661157756581, -0.36058647058917814, 0.4804263864139965, 0.0878208656449076, -0.07211715251700307]], "inverted": true, "swapped": false, "error_lsq": 0.047529112783070974, "error_max": 0.23104658652479806, "target": "700.xyz", "model": "13.xyz", "model_rescale": 3.9028299243045295, "target_rescale": 3.8174607388201944},
{"mapping": [14, 13, 7, 6, 3, 2, 4, 10, 9, 11, 1, 12, 15], "R": [[-0.8514380342610053, 0.31994485683216695, 0.4155581335991388], [-0.24012172800503936, -0.9422497660688305, 0.23346720130054333], [0.46625618446689726, 0.09899831781337881, 0.8790930004934019]], "T": [0.2413131909212225, -0.08072242736604768, 0.08198483995977532], "aligned_model": [[-0.11887577445393938, 0.5344760675111447, -0.5039044139555833, -0.279136960461027, 0.04908606171196461, 0.5525832136566691, 0.31307696058477463, 7.0781137686826145e-06, -0.5023113169566534, -0.046655669511112885, 0.057967547148257664, 0.6181893325700891, 0.1300540987506468], [0.33368417950029655, 0.1437464178867962, -0.536399850635211, -0.02619994427019521, -0.5362971837641028, 0.02780941190747223, -0.729273940935105, -0.3674211649567016, 0.08188765907821355, 0.5886774960742238, 0.4189313419147166, 0.47286969285444663, -0.08650262050207778], [-0.6119760567703261, -0.6225154205764512, -0.15809173770165155, 0.49498266200305585, 0.46170818315449, 0.7403780221586541, -0.10130228313857537, -0.5621640526377795, -0.06439141335215717, -0.03981157319507514, 0.45471697098124775, -0.10706654788630024, 0.05833466262978667]], "inverted": true, "swapped": false, "error_lsq": 0.04392993029167103, "error_max": 0.28767567228522184, "target": "700.xyz", "model": "14.xyz", "model_rescale": 3.942246331269136, "target_rescale": 3.8174607388201944},
{"mapping": [9, 0, 11, 4, 13, 12, 8, 6, 10, 5, 3, 1, 14], "R": [[-0.8900063601387007, -0.3299708594904256, -0.3146552252860441], [0.40911765171422165, -0.2733002504499884, -0.8705915920566971], [0.20127450402001282, -0.9035630608823733, 0.37823586429683576]], "T": [0.026428857357435075, 0.003569602106272954, -0.06639023703675061], "aligned_model": [[-0.36410207718713417, 0.6829947207054382, -0.3075345252821738, -0.35563607973835626, 0.08895476633350782, 0.5720384129899996, 0.36178403287274336, -0.17105354710526818, -0.6829591371550743, 0.15948694164480998, 0.08374413349655599, 0.6159223816220948, 0.12091620151185567], [0.3044374473960209, -0.007142526251222234, -0.6281312632196923, -0.009810306243578079, -0.4993506558339343, -0.08065311082697589, -0.6238145365321184, -0.3138492694008255, 0.07495375712303708, 0.6201660477640589, 0.460992758580359, 0.4643359608115246, 0.02337719078611842], [-0.7028856690445626, -0.39733434147192737, -0.006946982929266501, 0.37803224081191, 0.5692917364101826, 0.5363476874307143, -0.37096695172100147, -0.48236541571597213, -0.09234195561615363, -0.136275339863269, 0.4849961479448036, 0.24479006972470385, -0.0815398102912435]], "inverted": false, "swapped": false, "error_lsq": 0.05312991624588854, "error_max": 0.3651375864859808, "target": "700.xyz", "model": "15.xyz", "model_rescale": 4.355366556412066, "target_rescale": 3.8174607388201944},
{"mapping": [9, 1, 0, 3, 8, 10, 2, 5, 7, 11, 6, 12], "R": [[-0.6398125196569521, 0.33993480267454046, 0.6892635705017663], [-0.17215324557224665, 0.8106750032768678, -0.5596153134975776], [-0.7490014684425951, -0.4767078444840945, -0.4601591369060974]], "T": [-0.09471791466785816, 0.04430905793419012, -0.09611597848650927], "aligned_model": [[-0.14121966540109188, 0.6192180914623654, -0.05642438622952388, -0.6286242237155395, -0.48346869068293746, -0.5011893875818545, -0.04885884491692892, -0.11023673391763593, 0.4940230680472757, 0.14668117959239435, 0.411673616204807, -0.10376546822954967], [-0.592119775079553, -0.20975125698930955, -0.683545344090838, 0.30274428438423445, -0.2481359291388773, -0.02936692856773663, 0.3387660555195747, 0.5270168673169716, 0.05097857893060206, -0.14476425948554975, 0.6221380704011433, 0.07881606454031859], [0.19979141356738428, 0.11276819332937094, -0.4979444556987566, -0.1251953710652947, -0.5285847083554103, 0.4202228414538632, -0.6803776895124671, 0.6379574818303468, -0.5128663154985456, 0.5570892742682572, -0.07217014938966287, -0.06143205371966387]], "inverted": true, "swapped": true, "error_lsq": 0.045440420400727266, "error_max": 0.2508982850490661, "target": "700.xyz", "model": "16.xyz", "model_rescale": 3.795458400668931, "target_rescale": 3.8174607388201944},
{"mapping": [1, 5, 3, 7, 8, 11, 8, 6, 0, 2, 4, 10, 12], "R": [[0.25805988518794276, -0.7790248219991158, -0.5714240302665194], [-0.7846973328798923, -0.5140441644642693, 0.34642270819248416], [-0.5636090767792599, 0.3589971081909679, -0.7439528781331202]], "T": [0.0492774485097187, 0.014395385561869672, 0.045902891428025075], "aligned_model": [[-0.19410255721130698, 0.3801611093795808, -0.48986294883589787, -0.36172162302332644, 0.2547524084163677, 0.5619586852836362, 0.2547524084163677, -0.002513430092920918, -0.48966505596667365, 0.06953180662903215, 0.03777950402363241, 0.6352099920931988, 0.14827592559730934], [0.35954449622032625, 0.09727417758788698, -0.5831659616925566, -0.13503327423401104, -0.6163935088869256, -0.18140260687016965, -0.6163935088869256, -0.4292362722780625, 0.09706643424495043, 0.7029511131281498, 0.4880259917350459, 0.4527829074948946, 0.1494915065901691], [-0.6865142549173828, -0.6513945435496855, -0.022141247830230554, 0.5358268838763821, 0.17846300536189813, 0.6410175567174627, 0.17846300536189813, -0.4619204125700668, -0.18586609279260458, -0.11850092706111921, 0.48298141361013647, -0.012433186905551813, 0.06482021636778117]], "inverted": true, "swapped": false, "error_lsq": 0.05537749395274737, "error_max": 0.4040237317620363, "target": "700.xyz", "model": "17.xyz", "model_rescale": 3.7474275329858107, "target_rescale": 3.8174607388201944},
{"mapping": [7, 1, 6, 5, 4, 8, 0, 2, 12, 11, 10, 3, 13], "R": [[0.10203212116114357, 0.3171314817697044, 0.9428770171776963], [0.8189024420118243, -0.5649066283782439, 0.10138684175668838], [0.5647904361074371, 0.761779577361376, -0.31733836641146135]], "T": [0.027596451821673494, 0.01594131236256189, -0.033156629609283395], "aligned_model": [[-0.34524148505162455, 0.5052178210642493, -0.23863979866588778, -0.3463493891158183, -0.05344230612000748, 0.4458062758528525, 0.5683809079423453, 0.055916841074706645, -0.6309103300885399, 0.1264662996029765, 0.05261533847579034, 0.6108574709461065, 0.05387857879184958], [0.3141444083462384, 0.11869990983966838, -0.7015818491012394, 0.03810419860249742, -0.632796830834194, -0.12165880723120046, -0.6178403072085249, -0.43123964232472356, 0.35758382586190945, 0.7031406407353932, 0.49164055845159477, 0.34200582629627035, -0.07469043728091726], [-0.6158109597314494, -0.5228881020480698, -0.1294768411416934, 0.5856270573034872, 0.47850474600304566, 0.5351929119496879, -0.10397627019710828, -0.5836653698915857, 0.06110966586053271, -0.23245163228041424, 0.46636679631223527, 0.08549284418784972, -0.08122343065759946]], "inverted": true, "swapped": false, "error_lsq": 0.038055106681623714, "error_max": 0.2493576670295241, "target": "700.xyz", "model": "18.xyz", "model_rescale": 3.922800546911778, "target_rescale": 3.8174607388201944},
{"mapping": [10, 9, 1, 8, 5, 12, 0, 2, 6, 11, 13, 7, 14], "R": [[-0.2010547328253064, -0.9324037078980285, -0.3003336809393067], [-0.5822969622369245, 0.36030409013387366, -0.7287737717580482], [0.7877228206534295, 0.028359974097486862, -0.6153766892651975]], "T": [0.006254837554533946, -0.017195146338377345, 0.05686635159313954], "aligned_model": [[-0.27093239169791977, 0.44216922233862377, -0.42340133100914773, -0.3779233083801292, 0.09490210419490401, 0.5340150422049939, 0.35491291640154254, 0.09376659846318165, -0.6696941245846632, 0.15040506748730326, 0.07200276500956758, 0.7108912357849559, 0.0934424284957861], [0.339831111592559, 0.13011284056410058, -0.5839628881445972, -0.03069950851395632, -0.602639673458634, -0.0456051229619123, -0.7661653763650683, -0.24490254324602548, 0.016009430859841942, 0.6454469466853056, 0.5479565737752785, 0.35909039089680317, 0.02103931246907641], [-0.6111906357593515, -0.6147155064465427, -0.14844542984889386, 0.5329077766918956, 0.5384575557983717, 0.6393404576116546, -0.06932308641716883, -0.6166468226536579, -0.07639365196810033, -0.16077964660652275, 0.441696820901547, 0.04648560907897544, 0.041407975286711377]], "inverted": true, "swapped": false, "error_lsq": 0.03508648885626691, "error_max": 0.1709999498326334, "target": "700.xyz", "model": "19.xyz", "model_rescale": 3.9282355846067225, "target_rescale": 3.8174607388201944},
{"mapping": [8, 11, 7, 5, 2, 1, 10, 12, 6, 4, 3, 0, 13], "R": [[-0.4766297914222918, -0.7016370515831333, 0.5296503467141984], [-0.8780180460862089, 0.35000226518407185, -0.32647009834435825], [0.04368469612689266, -0.62064793741037, -0.7828714997447249]], "T": [-0.045080768204688565, -0.007365573386816288, -0.10046620737774624], "aligned_model": [[-0.30262147049475296, 0.5496994791706059, -0.4345342704388673, -0.3262887993867126, 0.09671152023751664, 0.3550613423094787, 0.6073003958314525, -0.03182328969590578, -0.6178065399495407, 0.12879985759286178, 0.0478832113864531, 0.6488371969701376, 0.0833375911762724], [0.42508259765130296, 0.17959141460355454, -0.4935835289498143, -0.04135753584470647, -0.622554584436327, -0.0436967584210395, -0.5686695554002017, -0.6740361386494574, 0.2376428443781201, 0.5902222046311937, 0.5076991311500083, 0.32309867185753616, -0.03392726841739753], [-0.6708020252586786, -0.4535196216080955, -0.10444686879187826, 0.537857176132198, 0.42882920917347, 0.5320423954838193, -0.14010212011143336, -0.6278834444335191, 0.0965112524003972, -0.210112094102065, 0.44029355238672474, 0.12194833445697274, -0.007814330058993943]], "inverted": false, "swapped": false, "error_lsq": 0.04586366986409396, "error_max": 0.2889187860999562, "target": "700.xyz", "model": "20.xyz", "model_rescale": 4.067790424073018, "target_rescale": 3.8174607388201944},
{"mapping": [1, 13, 4, 0, 2, 3, 6, 5, 7, 9, 12, 11, 14], "R": [[0.028812109295693722, 0.5886921256310728, -0.807843699967947], [-0.8914867636006575, -0.35042006055732755, -0.2871534981222147], [-0.45212964145558826, 0.7284554635521436, 0.5147148967518553]], "T": [0.058987311083457915, -0.044895581778215385, -0.04388018874131151], "aligned_model": [[-0.31415670948064217, 0.4561315876344628, -0.17748922363095135, -0.3987036748957685, -0.029464782530682777, 0.466009692604062, 0.5340855178543754, -0.04286916098138443, -0.6021124689237192, -0.11408458342854064, 0.2742923883375503, 0.6660019616811447, 0.08691568046909273], [0.37983006640108197, 0.10575934107078765, -0.8019217315840592, -0.04925136563423495, -0.5753724472702972, -0.10030114502240844, -0.6091213745711398, -0.30959282026165785, 0.3009509698145557, 0.7097595176769488, 0.5537904213387578, 0.15578856241711464, 0.025193499777322742], [-0.6385874822687687, -0.6003898678137763, -0.15990928757381828, 0.4992201868996212, 0.4704081096399595, 0.7011084159726865, 0.015177845137460427, -0.561593190215709, -0.04278436273463075, -0.11164227006438135, 0.3830069863742222, 0.05251141985354628, -0.06372508753749365]], "inverted": true, "swapped": false, "error_lsq": 0.04869020078120692, "error_max": 0.32470816914674977, "target": "700.xyz", "model": "21.xyz", "model_rescale": 4.186013935880536, "target_rescale": 3.8174607388201944},
{"mapping": [3, 11, 2, 0, 1, 7, 9, 8, 5, 3, 6, 4, 12], "R": [[0.6419310304210808, -0.26961246471427774, -0.7177977925942804], [-0.18792570616017745, 0.8522677774958907, -0.48818394525671727], [0.7433764061003874, 0.4482730800671698, 0.496430019781605]], "T": [0.15356447445512106, -0.12020509006350069, 0.01610697871143458], "aligned_model": [[-0.11978959251771498, 0.34561738304836165, -0.438035477074639, -0.38256598464608566, 0.04556328560188816, 0.5399974256810129, 0.5138795496927678, 0.08846791315625857, -0.5348310723147978, -0.11978959251771498, 0.06489246332451426, 0.6438557239993454, 0.15729419927580232], [0.7199741185405604, 0.032347452660699466, -0.5355913907930805, -0.09161439759402931, -0.552767552532724, -0.039772739949583524, -0.61925937417931, -0.6251535753478185, 0.08877320015938225, 0.7199741185405604, 0.35029906430869584, 0.4157047900864327, -0.07740221974701327], [-0.25168978421794047, -0.5659663678018005, -0.14870479690296695, 0.4993617191273117, 0.596062748750147, 0.6345921856023132, -0.06494009588400068, -0.5570052228859075, -0.2684600986494595, -0.25168978421794047, 0.3000364843598478, 0.021696231480155044, -0.0004918030908406361]], "inverted": true, "swapped": false, "error_lsq": 0.06217746919974309, "error_max": 0.5709953653060224, "target": "700.xyz", "model": "22.xyz", "model_rescale": 4.166573947596378, "target_rescale": 3.8174607388201944},
{"mapping": [10, 0, 9, 12, 11, 2, 3, 8, 14, 5, 6, 1, 15], "R": [[-0.40326205186046343, -0.2688664508888169, -0.8746945461792595], [-0.43132557746448985, 0.8988665264530873, -0.07744168029611662], [0.8070551181636936, 0.3460488393400749, -0.47844773699660637]], "T": [0.03944564659967058, -0.05390234190570753, -0.03887508484510182], "aligned_model": [[-0.45029720742653817, 0.6328404898863801, -0.30877231820108203, -0.3222776488641309, -0.15070106985995269, 0.5459952632518436, 0.28875824746937506, 0.23447937340303993, -0.7369136368178367, 0.13983422506845386, 0.23670628777626107, 0.6122109838320572, 0.08269323519112876], [0.20932178825773456, 0.23815872280792433, -0.525590675204938, 0.008312564372022768, -0.5817250250346765, -0.11621976127333743, -0.5873002401990451, -0.47492525592201623, 0.08982310721925679, 0.7553352456306707, 0.41254272881429, 0.3580871009429784, -0.00030880625809227846], [-0.5406780614544893, -0.5177682433649284, -0.16811722774558963, 0.5039572264489823, 0.5155081479646247, 0.39968308039867423, 0.08260150203442024, -0.7012803169376561, 0.011987686860026166, -0.2004877125468546, 0.5291256787199491, 0.06263170464920403, -0.0343620493574447]], "inverted": false, "swapped": false, "error_lsq": 0.04327302523945042, "error_max": 0.2455185929033695, "target": "700.xyz", "model": "23.xyz", "model_rescale": 4.274766983524099, "target_rescale": 3.8174607388201944},
{"mapping": [6, 3, 2, 7, 8, 0, 1, 9, 11, 10, 12], "R": [[-0.7699258135352467, -0.10200307659969571, -0.6299282610077798], [0.6359470091946162, -0.04100266075686393, -0.7706427079440126], [0.05277919238214679, -0.9939387074538624, 0.09643755843256402]], "T": [-0.010418962082176027, 0.17319296871173367, -0.0191426321222243], "aligned_model": [[0.25602273471678705, 0.05427666693559537, -0.4255467688879889, -0.37515117261605907, -0.5331039384520901, -0.6701181376711938, 0.09547261102709559, 0.0032011191818626175, 0.5170287484313736, 0.42282039061438625, 0.034992450678306135], [-0.14460993185568272, 0.7590128469842996, 0.2741872448551867, -0.34278911638140347, 0.5030823670851894, -0.03222894484301053, -0.6011219927948006, 0.0035953186638007506, -0.177906941633727, 0.48614600000514924, 0.18821968115848198], [-0.6663692473946943, -0.09208007100422838, -0.5167758151790374, -0.3670997747423391, 0.1849500893278448, 0.44486532591821737, 0.06516144153372139, 0.6633647945547368, 0.32615015657400487, 0.3702377085944693, -0.032838174161118575]], "inverted": true, "swapped": true, "error_lsq": 0.05387053341144537, "error_max": 0.3081199129751582, "target": "700.xyz", "model": "24.xyz", "model_rescale": 3.7841303162186577, "target_rescale": 3.8174607388201944},
{"mapping": [0, 10, 2, 4, 5, 3, 12, 9, 1, 7, 6, 11, 15], "R": [[-0.28131737678927715, -0.6910574435163053, -0.6658078876651349], [-0.8681257883364195, -0.11238943646627464, 0.4834524073743598], [-0.40892315799141354, 0.7140085604049171, -0.5683076864928256]], "T": [0.09108928688927587, -0.0090612450908752, -0.1288441899651327], "aligned_model": [[-0.3358825446757965, 0.44282640483952607, -0.3184028292141613, -0.33679591604750525, 0.027997442496381364, 0.35125866397527694, 0.4075799828531286, 0.14667583428195918, -0.618267047517207, 0.17356385661939852, 0.07188348496261306, 0.6939513415758103, 0.09816755055957545], [0.4950258887282301, 0.21266342730498036, -0.6367854142646774, -0.09959275709653932, -0.6449184135009842, -0.08414613817791959, -0.6800012391245133, -0.4734455781868288, 0.20395716899340016, 0.6169399695941349, 0.42902863712877104, 0.42299544691611374, 0.02379049583860457], [-0.4527595584174499, -0.7863959178042443, -0.04475137094108633, 0.47565778794732483, 0.4720250354044684, 0.6298889921812268, 0.028779000595755194, -0.4801247551122971, -0.061962653636919496, -0.28416960533873614, 0.44538124008142965, 0.06942816583313297, -0.06819494512368689]], "inverted": true, "swapped": false, "error_lsq": 0.04444132123166286, "error_max": 0.3164177730257032, "target": "700.xyz", "model": "25.xyz", "model_rescale": 4.19342608120988, "target_rescale": 3.8174607388201944},
{"mapping": [9, 1, 0, 3, 8, 10, 2, 5, 7, 11, 6, 12], "R": [[-0.6398125196569521, 0.33993480267454046, 0.6892635705017663], [-0.17215324557224665, 0.8106750032768678, -0.5596153134975776], [-0.7490014684425951, -0.4767078444840945, -0.4601591369060974]], "T": [-0.09471791466785816, 0.04430905793419012, -0.09611597848650927], "aligned_model": [[-0.14121966540109188, 0.6192180914623654, -0.05642438622952388, -0.6286242237155395, -0.48346869068293746, -0.5011893875818545, -0.04885884491692892, -0.11023673391763593, 0.4940230680472757, 0.14668117959239435, 0.411673616204807, -0.10376546822954967], [-0.592119775079553, -0.20975125698930955, -0.683545344090838, 0.30274428438423445, -0.2481359291388773, -0.02936692856773663, 0.3387660555195747, 0.5270168673169716, 0.05097857893060206, -0.14476425948554975, 0.6221380704011433, 0.07881606454031859], [0.19979141356738428, 0.11276819332937094, -0.4979444556987566, -0.1251953710652947, -0.5285847083554103, 0.4202228414538632, -0.6803776895124671, 0.6379574818303468, -0.5128663154985456, 0.5570892742682572, -0.07217014938966287, -0.06143205371966387]], "inverted": true, "swapped": true, "error_lsq": 0.045440420400727266, "error_max": 0.2508982850490661, "target": "700.xyz", "model": "26.xyz", "model_rescale": 3.795458400668931, "target_rescale": 3.8174607388201944},
{"mapping": [10, 11, 3, 0, 2, 1, 9, 4, 7, 5, 6, 8, 12], "R": [[0.5673958401560979, 0.3860979286561643, 0.7273172279418217], [-0.6933770518297524, -0.2524205645529526, 0.6749163819219756], [0.44417364236235046, -0.8872498228110214, 0.12448906519198619]], "T": [0.1843257976418161, -0.06615458967172586, -0.013124487881728842], "aligned_model": [[-0.15233482513294383, 0.5909665859809689, -0.4401308428190218, -0.38767028454485486, 0.10245390409214361, 0.46276727710725, 0.296019083605109, 0.030212876546115097, -0.5636423593513884, -0.017747778441614653, 0.17183122362801684, 0.6682255840914904, 0.04360577994772935], [0.1869177115753535, -0.01987562750061203, -0.4558993670442213, -0.2366359790476534, -0.7499854652246722, -0.034852691300232524, -0.4807611389393861, -0.3965668315218859, 0.24259691902114364, 0.6557482897089649, 0.578231235420087, 0.4759711262746156, 0.020623312731271187], [-0.5878422133119181, -0.5997045068498245, -0.06995292744402062, 0.5656930739911527, 0.5350609192446232, 0.5082618412665049, -0.013680626797537803, -0.7654144191073747, -0.08677393209879225, -0.08300274251760484, 0.5024312838024058, 0.03876399725513905, -0.0010383317638344228]], "inverted": false, "swapped": false, "error_lsq": 0.047791990220982586, "error_max": 0.3203022066900779, "target": "700.xyz", "model": "27.xyz", "model_rescale": 3.6321398670334006, "target_rescale": 3.8174607388201944},
{"mapping": [2, 10, 3, 4, 7, 12, 8, 0, 1, 13, 6, 9, 14], "R": [[-0.27208498376086654, -0.8840041192632357, 0.3801400777838085], [-0.21574669724264972, 0.44102780459960855, 0.871176123524364], [-0.9377756257446328, 0.1550199751505607, -0.31071801213251565]], "T": [0.09289212317452819, -0.049983519829987055, -0.07922755162217798], "aligned_model": [[-0.40648942260044096, 0.6913615644611272, -0.30033275379684077, -0.4481213728221536, 0.002559021110632803, 0.5712293800618833, 0.4060758743868579, 0.05120167292840651, -0.5606599856248232, 0.002813560912030305, 0.13773696198150653, 0.6048863094836645, 0.05229541422714873], [0.3223928345627244, -0.13643728975683922, -0.6096735508314326, 0.048657457529828085, -0.5789387567464622, -0.1771402297255904, -0.4520458045555842, -0.30705088814697845, 0.09022628912066635, 0.7613302604487633, 0.4461498865415968, 0.37842924068963235, -0.00038795497755221564], [-0.574603758318676, -0.5681362409580777, -0.13990164239167757, 0.5404833544412703, 0.4801771963144177, 0.582991725250638, 0.0061625705956143, -0.6463165823084525, -0.05736327243793708, -0.0676891607215864, 0.517218607436015, -0.04928392074959165, -0.08093746048303839]], "inverted": true, "swapped": false, "error_lsq": 0.03766763067760368, "error_max": 0.23550505645162267, "target": "700.xyz", "model": "28.xyz", "model_rescale": 4.156811204709835, "target_rescale": 3.8174607388201944},
