[{"mapping": [10, 6, 11, 5, 3, 4, 0, 9, 2, 12, 7, 8, 13, 14], "R": [[0.01842279224027471, -0.3863091319545009, 0.9221853692694502], [0.8833250667574917, -0.42580850102027984, -0.1960202716474391], [0.4683987907370653, 0.818200693612162, 0.3333919582242986]], "T": [-0.06516531691629618, 0.11534760763665541, 0.1413626119960717], "aligned_model": [[0.18831135510517638, 0.39966909488009944, -0.42103878884898027, -0.4993019507491742, -0.6790603297373383, 0.005262303451898653, -0.7918898589251937, -0.059828352864199255, -0.384343957836092, 0.1726610065729715, 0.580928982653854, 0.23530264872601925, 0.6765673026782988, -0.05174735397903657], [-0.5256589609421854, -0.1988464552509871, -0.3287043194891603, -0.44028240861262713, 0.373009918367424, 0.17951141737225035, 0.14673767323594394, 0.45070132646470923, 0.8169405636980486, -0.09946747005285295, 0.32993015924533, 0.6326267602695681, -0.1888562526380405, 0.08763138014261353], [0.09157599197629257, -0.5135051562192549, 0.5846678483384572, -0.10717968551997975, 0.4821994163202108, -0.6344159784793806, -0.08816812486734174, 0.6271170120104177, 0.14427115675539595, 0.6689448544938646, 0.47760376727878046, -0.033716346421305304, 0.16897706968353876, 0.029216261830137813]], "inverted": false, "swapped": true, "error_lsq": 0.048607364246398686, "error_max": 0.2881975675357759, "target": "701.xyz", "model": "0.xyz", "model_rescale": 3.8414455957264533, "target_rescale": 4.095629181076233},
{"mapping": [13, 12, 8, 9, 11, 0, 1, 5, 10, 6, 4, 7, 2, 3, 14], "R": [[0.9992587967053055, -0.034594245159575765, 0.016884768547541375], [-0.032885198353002715, -0.5391358756416017, 0.8415765391961965], [-0.020010520641616042, -0.8415080188554369, -0.5398739049682333]], "T": [-0.008378364336598205, 0.022563965544568097, -0.02773176994972635], "aligned_model": [[-0.11230651346903305, 0.17807567469260066, 0.5624300607117512, 0.23997556743827828, -0.3924075317760742, -0.6924909902172681, -0.6006507623734912, 0.26020877243319107, 0.4168567376425351, 0.6887230163828845, -0.36602603414821877, -0.2583886980662795, 0.1457622200799347, -0.3124773892216011, -0.036922056143093095], [-0.007189526056703789, -0.6417101541354459, -0.18816316998217944, 0.5122897141369791, -0.6227377113432312, 0.15317259511874756, -0.5487740603665248, -0.053288163911304705, -0.46154293770980315, 0.24073948460573805, 0.23804402303828706, 0.59647719669854, 0.5603344052489146, -0.2695565521420943, -0.05509538442081419], [-0.778172087493213, -0.35371386933574045, -0.531789518374533, -0.4326992942414947, -0.43068678790025505, -0.22885031832002492, 0.23925916218165752, 0.5692859763537729, 0.20291279356012304, 0.24881168353457225, 0.3207990377976122, -0.17289870237547764, 0.4535668504870601, 0.6322426751998739, 0.007172127947193067]], "inverted": false, "swapped": false, "error_lsq": 0.044014618993294924, "error_max": 0.2531283142944844, "target": "701.xyz", "model": "1.xyz", "model_rescale": 4.316132596720782, "target_rescale": 4.095629181076233},
{"mapping": [5, 4, 0, 12, 11, 10, 9, 13, 2, 6, 8, 14], "R": [[0.31297203260671397, -0.8780071140687961, -0.36214916049965773], [0.6189042406629098, -0.10069307384709242, 0.7789855234654182], [-0.7204207435210964, -0.46793633383592775, 0.5118882102380384]], "T": [-0.026320432697942587, 0.04549428678444283, -0.1322023697588633], "aligned_model": [[-0.2597445835450496, 0.5579829913694091, 0.14729895577995172, -0.5440224248736117, -0.6575269305179559, -0.4514216574611314, -0.12076716715076338, -0.2567250199030453, 0.4742252212493824, 0.20566681617281693, 0.4713429098044862, 0.0314994437072918], [-0.647075452959635, -0.2347936266038389, -0.6066434095183139, 0.3809513351098664, -0.21493041536257051, -0.06296514581160384, 0.42305494756682877, 0.49564516743654635, 0.10801703497135884, -0.04042802668948046, 0.42064059916416907, -0.008696579562346284], [0.025382295864430277, 0.30476177048859854, -0.4876893432852171, -0.1546326254932327, -0.364806983211789, 0.4017864428009838, -0.5760218137123279, 0.4904915652469641, -0.7150068779094001, 0.6938969013943879, -0.12181951641439384, -0.04708335455958319]], "inverted": false, "swapped": true, "error_lsq": 0.04275307355533048, "error_max": 0.25090302713739465, "target": "701.xyz", "model": "2.xyz", "model_rescale": 3.795458400668931, "target_rescale": 4.095629181076233},
{"mapping": [5, 11, 3, 7, 4, 8, 9, 10, 12, 13, 1, 14], "R": [[-0.5512386439826176, -0.21307911352233574, 0.806680388233618], [0.15621516439841707, -0.9760999587924373, -0.15108174230322366], [0.8195930574328827, 0.042733614707133286, 0.5713502064249927]], "T": [-0.0028341138421735107, 0.028780470993570794, 0.041090621083821624], "aligned_model": [[-0.008461942178953005, -0.11963002146786826, -0.7024018980932807, 0.3504666624855853, 0.1459900321682817, -0.01572589352909387, -0.2638408342236439, 0.567486466992063, 0.2240115395458412, 0.7665779296781262, -0.39299483642093824, 0.04182662078744549], [-0.20691842056244095, -0.6597755718725703, -0.23309881093903906, 0.04853086152450188, 0.6850332505296464, 0.5386112906851097, -0.15121479121469827, -0.24545686296174563, -0.44860100467942005, 0.008415747408939949, 0.6473911403543775, 0.10285221701704865], [-0.6684070642647331, -0.1394554017817144, 0.07918047868416996, 0.7129016908183576, -0.35651864508841585, 0.3994447742835952, 0.5390114326077841, -0.23666263541423355, 0.35999166618937367, 0.2670556873425185, -0.23111909978938117, -0.03665145294822071]], "inverted": false, "swapped": true, "error_lsq": 0.044147165424032964, "error_max": 0.2157653425339712, "target": "701.xyz", "model": "3.xyz", "model_rescale": 3.7530521520055578, "target_rescale": 4.095629181076233},
{"mapping": [7, 6, 10, 5, 12, 1, 9, 8, 2, 0, 14], "R": [[0.589773021476414, -0.7462529731552805, 0.30866532554772963], [0.191519254038775, 0.5005595345173591, 0.8442514600142521], [-0.7845305338041424, -0.4388013815619425, 0.43813832184404744]], "T": [-0.005905994633432443, -0.09998755814217847, 0.027014606931420458], "aligned_model": [[-0.4722693008083195, -0.1843187849864733, 0.33343572161826335, 0.6224223994596182, 0.14452267289752377, -0.2814100270241647, -0.15758207568115792, -0.624392133734222, -0.3648894894021513, 0.3408046574422605, -0.018124037335971954], [-0.6979202979044126, 0.07182346976826218, -0.34460748210985614, 0.23325791532996482, -0.6968946553363184, 0.625425854826805, -0.41213069706009897, -0.031838609837472165, 0.23260162668107404, 0.5136222854950896, -0.02613605153869114], [-0.01201532096807787, -0.7989942188798217, -0.523100693858056, -0.20347072673268235, 0.07309099622461385, 0.10993378595059405, 0.5045174491374825, 0.06364763016907715, 0.6225239897871654, 0.3186872639805964, -0.06198937756557497]], "inverted": true, "swapped": true, "error_lsq": 0.04536975503871641, "error_max": 0.26509535861838934, "target": "701.xyz", "model": "4.xyz", "model_rescale": 3.7855080009869324, "target_rescale": 4.095629181076233},
{"mapping": [4, 5, 7, 6, 3, 1, 2, 15, 10, 8, 12, 11, 13, 14, 16], "R": [[0.09996457118669794, 0.9911076543473472, 0.08782199042129851], [-0.3409111649875853, -0.04880467771146363, 0.9388278228835614], [0.9347655653126441, -0.12378901779874976, 0.33300092639233564]], "T": [-0.030189806984582623, -0.06727554842723309, -0.004786237883113402], "aligned_model": [[-0.08509155114637741, 0.1089324340262221, 0.5008868638157769, 0.22041758470460449, -0.20456822774720115, -0.6653589481602507, -0.6234007501253495, 0.3895957455396055, 0.5292947534505891, 0.6064165486781246, -0.5087820686125397, -0.2812902501630296, 0.11648290530824296, -0.32921316302120734, -0.05395980258109365], [0.08277725685950395, -0.6283058968335486, -0.10380484347407141, 0.4438583478472385, -0.7382942395373328, 0.12140706005477657, -0.47397565618531634, -0.16351246938427982, -0.5314678450755715, 0.12682523089710923, 0.3326918409228255, 0.6828113876732352, 0.5349307235797015, -0.14455854601063184, -0.08838259255453287], [-0.7269155462337171, -0.5713488512300612, -0.5320363229574507, -0.3241843333329495, -0.046531752042889354, -0.37093234853289014, 0.16397835220111304, 0.6979488840672022, 0.04488077774384008, 0.22405237196922287, 0.2673181493959018, -0.08697129751890946, 0.37031689500112996, 0.5971354923792086, 0.03852925811237559]], "inverted": false, "swapped": false, "error_lsq": 0.04005679240811223, "error_max": 0.23993994148717554, "target": "701.xyz", "model": "5.xyz", "model_rescale": 4.2253639853439635, "target_rescale": 4.095629181076233},
{"mapping": [0, 11, 9, 2, 3, 7, 8, 1, 10, 5, 12, 6, 4, 14], "R": [[0.32725524215520263, 0.5361452776127354, 0.7781081208774925], [0.9343573713712309, -0.06073172205541533, -0.3511238535053227], [-0.1409975497878713, 0.8419381801710542, -0.5208260666710818]], "T": [-0.0459612200817776, -0.01507929595748769, 0.046733247866200006], "aligned_model": [[0.5276677546349409, -0.280322657400161, -0.4315091085921904, 0.1807783946899318, 0.00455757665392071, -0.6462302777153162, -0.004627284135152544, 0.6490816623766158, -0.19329818465201995, 0.3388829613019404, -0.6376709005094982, 0.24267706135744405, 0.5840306145121539, 0.04004454023517413], [-0.18753439462768537, 0.1726129482043201, -0.45369383288322707, -0.7517208790381946, -0.51827847175595, -0.12066241892004262, -0.3584917652684762, -0.3281351990525612, 0.6599183292599077, 0.44053060013883116, 0.10697007313390985, 0.582998452933799, 0.15598592895323427, 0.04459977555712505], [-0.42550323277621005, -0.6091584449899584, -0.03939485853918512, 0.0547622961606829, -0.5043249350615948, 0.4995807856656237, 0.5652607239629435, 0.21380830557779226, 0.029745706095869934, -0.404140552749532, -0.07989023312641708, 0.5968529458958295, 0.4765662884782589, 0.09739341433734572]], "inverted": true, "swapped": true, "error_lsq": 0.04662955302364415, "error_max": 0.31749063092073065, "target": "701.xyz", "model": "6.xyz", "model_rescale": 3.89814844738969, "target_rescale": 4.095629181076233},
{"mapping": [8, 7, 13, 2, 6, 12, 9, 1, 0, 11, 10, 5, 14], "R": [[-0.5295995491545188, -0.7918490854284781, 0.30413704713732775], [-0.5067128003716563, 0.5828735387860445, 0.6352169516964637], [-0.6802693991903828, 0.1823004763820332, -0.7099296309043872]], "T": [-0.10647189668376852, 0.05011795950546844, -0.020395077074763682], "aligned_model": [[0.10748006113677933, -0.041913269638941486, 0.3571537881613337, -0.42630303762274036, 0.7416634280879192, -0.3476646961916799, -0.553155662856877, 0.0966726369346741, -0.34910676574605465, -0.5794242553968406, 0.20119550189480537, -0.05361082203266107, -0.004355105825494532], [-0.34767690451341576, 0.2528171675599105, 0.5726782205243185, -0.6362081575840179, 0.17557186354941628, 0.547994218372811, -0.003857481354258667, -0.6631437152092572, -0.3345139635777998, 0.4894427706114697, 0.6425070991723906, 0.24121920365577948, 0.02695094426313877], [-0.44992408390820354, -0.7492893386971008, -0.41466887002311653, -0.16455000322552932, 0.07217123551152738, -0.2942475276169607, -0.40250527305466893, 0.22248918275317683, 0.5919649962496037, 0.30156354031661714, 0.15858657229150974, 0.7004784393748357, 0.03020616086460499]], "inverted": false, "swapped": true, "error_lsq": 0.04237348935668374, "error_max": 0.23508805702073693, "target": "701.xyz", "model": "7.xyz", "model_rescale": 3.7474275329858107, "target_rescale": 4.095629181076233},
{"mapping": [10, 0, 6, 7, 1, 12, 2, 8, 3, 5, 4, 11, 9, 4, 14], "R": [[0.6748345032163922, 0.7238512685196149, -0.1436583945727853], [0.029766103238459518, -0.2212076338822977, -0.9747723640985074], [-0.7373685458213437, 0.6535338734715593, -0.17082477530667867]], "T": [-0.1097113078092812, -0.015001668332436779, -0.0810310815925112], "aligned_model": [[0.029294116812886684, 0.07276623790180448, 0.5958065594610751, 0.3677799818165274, -0.4701612562846247, -0.6147823324086507, -0.2963875036058413, 0.10645988280681093, 0.4097040972581927, 0.5671036677679766, -0.4456844062572344, -0.192766364996744, 0.19161977117737491, -0.4456844062572344, -0.15470597122620255], [0.22204723004813567, -0.480668862393737, -0.16449635009144503, 0.42200424695574573, -0.6566150717191293, 0.16397788110120032, -0.6597838696387116, -0.04964189341340572, -0.4867328503904365, 0.08743815012007883, -0.049679750330165195, 0.5872525161237647, 0.605300018763136, -0.049679750330165195, -0.03772188602576017], [-0.7879601242767329, -0.5100640026059174, -0.4642203004985311, -0.29294033164695643, -0.23337902312281372, -0.3868287267666215, 0.42690336954405544, 0.564941353586023, 0.06665732633907563, 0.1297983197054563, 0.624763048160469, -0.21092222975299957, 0.24264443170981226, 0.624763048160469, -0.048916429513661715]], "inverted": true, "swapped": false, "error_lsq": 0.0537816367248596, "error_max": 0.3643042742300574, "target": "701.xyz", "model": "8.xyz", "model_rescale": 4.019505241142653, "target_rescale": 4.095629181076233},
{"mapping": [9, 13, 1, 2, 3, 0, 4, 12, 11, 10, 6, 5, 14], "R": [[-0.09580144254027251, 0.17034079969905971, -0.9807171333086251], [-0.6930973053957923, -0.7185785843099232, -0.05710467077427295], [-0.7144495845476393, 0.6742616926157314, 0.1869036142258202]], "T": [-0.06119846453830351, -0.13102372294456904, -0.027407492330660026], "aligned_model": [[-0.16754045402638584, -0.7992339588836282, 0.39248917225563396, 0.2729728790473131, 0.46529809331256183, 0.699616350419038, 0.052939204217355706, -0.4225392357581053, 0.1660691878790752, -0.31848626635083366, -0.37179489150851136, 0.3990535036661226, -0.04914281252846], [-0.6813820448942685, 0.09037688824703882, 0.22227041477391818, -0.4084632776390301, -0.654827969096877, -0.08063342575168864, 0.5877215526773385, -0.5086915304014697, -0.48849983590132734, 0.15827248449666503, 0.6703948401018514, 0.17236069099227375, -0.01552055949036546], [-0.2124616351722171, 0.19565125396836713, -0.554999628646355, -0.6641750692879915, -0.11604815232121013, -0.04789872537481723, -0.31251674678025315, 0.30099740198601604, 0.5564656252284309, 0.5450689204165287, 0.04258450542064177, 0.4776654020040367, -0.033629657397298104]], "inverted": false, "swapped": true, "error_lsq": 0.06168909975536799, "error_max": 0.4386045877826814, "target": "701.xyz", "model": "9.xyz", "model_rescale": 3.877068213659057, "target_rescale": 4.095629181076233},
{"mapping": [12, 11, 0, 5, 10, 6, 14, 7, 8, 1, 13, 3, 4, 2, 15], "R": [[-0.31967114410940217, -0.12042647610446433, -0.9398445741061905], [0.34239501746994094, -0.9395478780277163, 0.003928982740408898], [-0.8835021288234366, -0.3205421169623057, 0.3415797705043126]], "T": [-0.08969201479114669, -0.056793043211591995, 0.01202069202523098], "aligned_model": [[-0.03437055466209274, 0.12482507637873402, 0.5218611362695154, 0.3388118355434967, -0.46682095913694294, -0.5719678209511978, -0.6872165740990774, 0.46696278813021713, 0.47002453532670313, 0.7114674092997215, -0.7591759537618925, -0.23240826518938731, 0.047772218250010934, -0.18574259832162682, -0.0236601991100647], [0.059462865749202135, -0.5795584774736877, -0.14969494724751675, 0.49980246310616466, -0.5738466806173029, 0.07888104631737784, -0.4970613265517289, 0.025205097200492063, -0.5538659514916435, 0.27421030314795647, 0.125816357462893, 0.5487895214862042, 0.4494800727962998, -0.18800063739523176, -0.0666199477103734], [-0.7239272106108312, -0.46269395342030345, -0.48911603112331753, -0.33088065652533283, -0.2939859661409387, -0.3475723603937579, 0.2541978716833842, 0.6033736363574174, 0.19899353279704413, 0.05058196913846458, 0.35273106493628753, -0.11313190257244904, 0.43966750469549626, 0.6553823403860112, -0.04838011018604818]], "inverted": false, "swapped": false, "error_lsq": 0.037121393208308276, "error_max": 0.21696598604302383, "target": "701.xyz", "model": "10.xyz", "model_rescale": 4.260839863003843, "target_rescale": 4.095629181076233},
{"mapping": [3, 2, 8, 9, 13, 12, 11, 0, 4, 6, 10, 14], "R": [[0.3097331104080735, -0.11778679699035893, 0.9434996930427121], [0.6588555412114838, -0.6888625153550395, -0.30228762917732954], [0.6855470633967174, 0.7152584885155016, -0.1357590456457956]], "T": [-0.0034764270708899296, 0.01643460721424944, -0.05583940784038317], "aligned_model": [[0.40252154935187334, 0.19213875282896656, -0.288495949478071, -0.23139737584358777, -0.6546335377616948, -0.3844159304311265, 0.22498731878321818, 0.7450699219752527, 0.20454287405582092, -0.15022444312061864, -0.12994175875247937, 0.028747227486576814], [-0.10341182376492639, -0.6383762518221148, -0.5291336386603447, -0.12413951263056319, 0.31093791096427303, 0.4050288786204301, 0.5889742077737248, -0.09494168266237105, -0.3195170021229836, 0.07730441472478448, 0.5979107602810494, 0.00244224483197588], [-0.6724666505419467, -0.4123132227662402, 0.04229581899723116, -0.5818991905560033, 0.30848468843542376, -0.3472660493063392, -0.43047295839299665, -0.1510861438707582, 0.6185298917077718, 0.7917457617504764, 0.2956012771273592, 0.05502485481152643]], "inverted": true, "swapped": true, "error_lsq": 0.04380170800513894, "error_max": 0.2918878518346007, "target": "701.xyz", "model": "11.xyz", "model_rescale": 3.890672605050136, "target_rescale": 4.095629181076233},
{"mapping": [4, 6, 13, 1, 8, 3, 5, 2, 0, 11, 7, 10, 9, 14], "R": [[-0.347623268077849, 0.9219464372622481, -0.17080055711362202], [0.10566779630420425, -0.1424803596282791, -0.9841410792891483], [-0.9316610866163133, -0.36015845670988206, -0.04789056008512449]], "T": [0.03891788797258808, 0.051183337077371965, 0.14702294896891968], "aligned_model": [[0.532994262914262, 0.421432943325199, 0.20726179074470644, 0.4642090345780129, 0.6333627727928566, -0.2909074535536914, -0.4241376834757975, 0.3387385272044079, -0.19541961775590574, -0.6789459691313319, 0.33813437643308175, -0.22965288220869265, 0.005423130272894372, 0.08738260265369258], [-0.21775064909942712, 0.29676321510066606, 0.7985278732920617, -0.5888079857182423, 0.05810958413386039, -0.4256725099808939, -0.2235429623937161, -0.46254836969636937, -0.6685459980303143, 0.0777264066198887, 0.6591686387881558, 0.4694865055502926, 0.13134601838906493, 0.027892752872738104], [-0.39563026666159995, -0.5857890933242734, -0.0908978370914019, 0.01085676670093158, 0.3343693335593347, 0.6195167854715505, -0.37170395757922625, 0.6372305154068014, 0.05282171258729543, 0.21270797543078107, 0.48960869857739586, -0.3330924042567861, 0.7308893573038698, 0.04390284923218837]], "inverted": true, "swapped": true, "error_lsq": 0.0506155338354463, "error_max": 0.3035970437053275, "target": "701.xyz", "model": "12.xyz", "model_rescale": 4.124412569039231, "target_rescale": 4.095629181076233},
{"mapping": [0, 3, 9, 5, 2, 1, 11, 4, 12, 10, 8, 7, 14], "R": [[-0.7737606986148685, 0.5585396174011247, -0.29887769584302487], [-0.3238484933849958, -0.7542616586177819, -0.5711492831750914], [-0.5444414886939631, -0.3451417768577975, 0.7645002415016907]], "T": [0.10982263739339183, 0.13665578184658494, -0.1059884058722725], "aligned_model": [[-0.23172526976941848, 0.02343186581524019, 0.404304925892083, -0.5903144030425623, 0.5537297181113645, 0.3072225624222552, -0.450968859928204, 0.19685314199961784, 0.04742862632731169, -0.3152746447438098, 0.7071348701097174, 0.6233490438887737, 0.09212673042738832], [-0.26349055103373814, 0.27757967434175185, 0.5545820796041177, -0.12479796937356541, -0.040749284738694574, -0.5581299552612129, 0.5413280212777305, -0.5999478376381429, 0.7317136051813207, 0.2443297654440061, -0.03486005401840178, 0.583534103156343, 0.03639377956696316], [0.4463033600780852, 0.623466028228789, 0.1890806173301835, -0.0854295627634692, 0.49865205463736645, 0.18949210268666633, 0.09919651010289308, -0.35246409364000236, -0.2578537232340171, -0.6401392887968649, -0.15406934285713414, -0.4423394511703289, -0.16219712963432809]], "inverted": true, "swapped": true, "error_lsq": 0.0450318449002859, "error_max": 0.31861381043309445, "target": "701.xyz", "model": "13.xyz", "model_rescale": 3.9028299243045295, "target_rescale": 4.095629181076233},
{"mapping": [4, 5, 13, 10, 8, 3, 2, 11, 12, 14, 6, 7, 9, 1, 15], "R": [[-0.5772896780997551, -0.5146987792940072, -0.6338941505904123], [0.7352158208877868, 0.01009192328760794, -0.6777579581241783], [0.35523840484353514, -0.8573116817573504, 0.37258872238247454]], "T": [-0.11282553960328656, -0.11296142818664105, -0.053658931236909416], "aligned_model": [[-0.2559144622399197, 0.12430260334948365, 0.6306359646776357, 0.3006714921588422, -0.17162394612892445, -0.6748489026379194, -0.6191185722704408, 0.29413622159918495, 0.3402374508944515, 0.6702806898799287, -0.4822597677522232, -0.16618008852739086, 0.045769229953394136, -0.21384390750683244, -0.10188193148315403], [0.09161203088570992, -0.3466509114114626, -0.2778378344089234, 0.3663188479043666, -0.8369682481038999, 0.12204234808674926, -0.5977673764690612, -0.052289291865398865, -0.5967614882910481, 0.24501117249025195, 0.23488613081071785, 0.7784060621375265, 0.5404845262507695, -0.21309879571993556, -0.004387413517256036], [-0.6837688692196154, -0.4425821921831263, -0.28329367189869853, -0.4469313860605482, -0.3160785030317123, -0.18629531304310454, 0.17168597582438583, 0.5599840473191282, 0.15826491698481593, 0.15042659811820275, 0.3786935742731379, -0.20612284545752507, 0.3319594554646424, 0.5803493910368694, -0.02105144910572493]], "inverted": true, "swapped": false, "error_lsq": 0.04223128708848235, "error_max": 0.22752683776989793, "target": "701.xyz", "model": "14.xyz", "model_rescale": 3.942246331269136, "target_rescale": 4.095629181076233},
{"mapping": [3, 4, 13, 12, 10, 5, 9, 8, 11, 8, 2, 1, 0, 7, 14], "R": [[0.4461432275050343, 0.17743881663987854, -0.8771953527583413], [0.7138224140260764, 0.5206599211257867, 0.468370374561921], [0.5398275481905087, -0.8351219748532122, 0.10562909320776664]], "T": [-0.041367174601868506, -0.12999900463408476, -0.07265200187840846], "aligned_model": [[-0.21987438876052828, 0.08082156532201268, 0.6770847757264313, 0.374726554947585, -0.24330047726024964, -0.5991098354074849, -0.637673563259153, 0.45953724302750015, 0.48965017727002874, 0.45953724302750015, -0.5448646680022453, -0.22393219291035468, -0.04697204470846422, -0.2569952261132473, -0.0482730889332147], [0.12522975955838633, -0.4316315976268078, -0.10497075470497824, 0.4592275803384739, -0.7925631671958355, 0.14563986873635965, -0.520357853586535, -0.01735531748191496, -0.6028583581539075, -0.01735531748191496, 0.2839923263924661, 0.5981084206238095, 0.4444028898055399, -0.07954043895337326, -0.03696828149066325], [-0.7203721443186023, -0.5602498562655099, -0.45229687314662986, -0.4570402144369501, -0.24362623329790128, -0.19805492845373762, 0.3017821926383146, 0.5063532575380655, 0.019736463074327013, 0.5063532575380655, 0.3245247479621235, -0.3778912967848154, 0.38642155645785203, 0.7531433630152744, -0.04354356249874959]], "inverted": true, "swapped": false, "error_lsq": 0.049621085807732286, "error_max": 0.49113032127373113, "target": "701.xyz", "model": "15.xyz", "model_rescale": 4.355366556412066, "target_rescale": 4.095629181076233},
{"mapping": [5, 4, 0, 12, 11, 10, 9, 13, 2, 6, 8, 14], "R": [[0.31297203260671397, -0.8780071140687961, -0.36214916049965773], [0.6189042406629098, -0.10069307384709242, 0.7789855234654182], [-0.7204207435210964, -0.46793633383592775, 0.5118882102380384]], "T": [-0.026320432697942587, 0.04549428678444283, -0.1322023697588633], "aligned_model": [[-0.2597445835450496, 0.5579829913694091, 0.14729895577995172, -0.5440224248736117, -0.6575269305179559, -0.4514216574611314, -0.12076716715076338, -0.2567250199030453, 0.4742252212493824, 0.20566681617281693, 0.4713429098044862, 0.0314994437072918], [-0.647075452959635, -0.2347936266038389, -0.6066434095183139, 0.3809513351098664, -0.21493041536257051, -0.06296514581160384, 0.42305494756682877, 0.49564516743654635, 0.10801703497135884, -0.04042802668948046, 0.42064059916416907, -0.008696579562346284], [0.025382295864430277, 0.30476177048859854, -0.4876893432852171, -0.1546326254932327, -0.364806983211789, 0.4017864428009838, -0.5760218137123279, 0.4904915652469641, -0.7150068779094001, 0.6938969013943879, -0.12181951641439384, -0.04708335455958319]], "inverted": false, "swapped": true, "error_lsq": 0.04275307355533048, "error_max": 0.25090302713739465, "target": "701.xyz", "model": "16.xyz", "model_rescale": 3.795458400668931, "target_rescale": 4.095629181076233},
{"mapping": [8, 7, 13, 2, 6, 12, 9, 1, 0, 11, 10, 5, 14], "R": [[-0.5295995491545188, -0.7918490854284781, 0.30413704713732775], [-0.5067128003716563, 0.5828735387860445, 0.6352169516964637], [-0.6802693991903828, 0.1823004763820332, -0.7099296309043872]], "T": [-0.10647189668376852, 0.05011795950546844, -0.020395077074763682], "aligned_model": [[0.10748006113677933, -0.041913269638941486, 0.3571537881613337, -0.42630303762274036, 0.7416634280879192, -0.3476646961916799, -0.553155662856877, 0.0966726369346741, -0.34910676574605465, -0.5794242553968406, 0.20119550189480537, -0.05361082203266107, -0.004355105825494532], [-0.34767690451341576, 0.2528171675599105, 0.5726782205243185, -0.6362081575840179, 0.17557186354941628, 0.547994218372811, -0.003857481354258667, -0.6631437152092572, -0.3345139635777998, 0.4894427706114697, 0.6425070991723906, 0.24121920365577948, 0.02695094426313877], [-0.44992408390820354, -0.7492893386971008, -0.41466887002311653, -0.16455000322552932, 0.07217123551152738, -0.2942475276169607, -0.40250527305466893, 0.22248918275317683, 0.5919649962496037, 0.30156354031661714, 0.15858657229150974, 0.7004784393748357, 0.03020616086460499]], "inverted": false, "swapped": true, "error_lsq": 0.04237348935668374, "error_max": 0.23508805702073693, "target": "701.xyz", "model": "17.xyz", "model_rescale": 3.7474275329858107, "target_rescale": 4.095629181076233},
{"mapping": [13, 12, 10, 9, 4, 1, 6, 11, 8, 5, 2, 3, 0, 14], "R": [[-0.8500244417844641, 0.003538720748334348, 0.5267313602060123], [-0.15786866305424957, 0.9522982568785574, -0.2611618562721695], [-0.5025295350469209, -0.30514833671761477, -0.8089181411020518]], "T": [0.025618407113031084, -0.03733111799490439, -0.06340264445238433], "aligned_model": [[0.6274939926896933, 0.20500659131701648, 0.7038109962780023, -0.36550481230115606, 0.17412764568260453, -0.348513823367579, 0.6561599340496452, 0.14137668014040758, -0.23767804197777775, 0.35212240141808643, -0.7249111876025093, -0.5574455651484359, -0.29145154807661855, 0.08025438478149742], [-0.32372506939354884, 0.2494011801642706, 0.09335807824551003, 0.09409488725679739, -0.5916402605878813, -0.41102695838269887, -0.5713139693044323, 0.6736155329730826, -0.5847405142538771, 0.3489056733525219, -0.18672774080336935, 0.42161409174437847, 0.24977025730732894, -0.1011769468068492], [-0.50971431799351, -0.5797885165543679, -0.08776855795962288, -0.48553742083198703, 0.4672534081164298, 0.510513006859322, 0.18341800036294975, -0.10216417539834201, -0.20314989698325697, 0.48722326136749894, 0.02880428043149111, 0.030578093082510943, 0.5681333396031805, 0.01699421455935879]], "inverted": false, "swapped": true, "error_lsq": 0.05347300846598942, "error_max": 0.34214156685629177, "target": "701.xyz", "model": "18.xyz", "model_rescale": 3.922800546911778, "target_rescale": 4.095629181076233},
{"mapping": [5, 8, 1, 0, 8, 12, 13, 10, 6, 2, 7, 3, 9, 11, 14], "R": [[0.13621487620668948, -0.33502886784705105, -0.9323095865693539], [0.2657930767588382, 0.918937413967873, -0.29138989268179544], [0.9543581863467544, -0.2081097953464977, 0.2142212996734271]], "T": [-0.008330419105921798, -0.10417168024421547, -0.023324450696292895], "aligned_model": [[-0.10114436725604165, -0.10446701412630763, 0.6440118286615071, 0.23848270587715098, -0.10446701412630763, -0.684037412051274, -0.574840300172459, 0.4257306515434405, 0.4471484126495554, 0.5036687599307118, -0.5798749222006889, -0.18874482377862697, 0.12573729271860357, -0.2613008693153946, -0.06554085438775245], [-0.0034232327909229365, -0.6124402470606543, -0.15222350999393816, 0.5261343610243299, -0.6124402470606543, 0.09950379360613412, -0.42935037612831833, -0.19392195584400473, -0.6179424960155278, 0.33567185186125675, 0.33361399990627416, 0.49781391484601684, 0.47575512985113216, -0.15286293876551238, -0.04088828865650526], [-0.7741700017587287, -0.3501446965591652, -0.3699130214416189, -0.5134675026243426, -0.3501446965591652, -0.3705281453815576, 0.1891352330492999, 0.6505720712117795, 0.04260243757744182, 0.21651606030754417, 0.3229292110835995, -0.14254370029784613, 0.5320618378396721, 0.6406625412193873, 0.021672101354826764]], "inverted": false, "swapped": false, "error_lsq": 0.043684245634212054, "error_max": 0.2988509282372657, "target": "701.xyz", "model": "19.xyz", "model_rescale": 3.9282355846067225, "target_rescale": 4.095629181076233},
{"mapping": [6, 13, 7, 10, 5, 12, 11, 9, 0, 1, 8, 4, 2, 14], "R": [[-0.9488220186693341, -0.2804025279443698, -0.1452969346223682], [0.018552735445875906, -0.5087707977032914, 0.860702080520218], [-0.3152658765165129, 0.8139574299229434, 0.4879351692361511]], "T": [0.02755640900441137, -0.05647166145782105, -0.002569040098858024], "aligned_model": [[-0.6422624468199906, -0.13046659820782375, 0.44641258172753906, -0.43991493330091275, -0.5542141553941551, 0.27061366555365024, 0.02589532611764612, 0.6101182494725687, -0.1479226296998245, -0.11954346201655594, 0.2711092201790151, -0.48545615269358267, 0.5001521847638221, -0.07199803059671975], [-0.5757357469709908, -0.7683452671353362, -0.6697377261460792, -0.2723501908768756, 0.3793397301652613, -0.2146048740387136, 0.37809683400871036, -0.024726607165215297, 0.6337217146466275, 0.15625135249817396, -0.408506633151036, -0.22395092246676906, 0.2149404067377319, -0.08150998268065342], [0.1566422763002212, -0.33683618562972634, -0.16070148576164225, -0.4635305964269533, -0.17745199175053664, -0.5475157874639329, -0.578325097930428, -0.09235707164376185, 0.27063137333130355, 0.7337143490300618, 0.4504925105543334, 0.5628319453110984, 0.5425042232512735, 0.052084696072371886]], "inverted": true, "swapped": true, "error_lsq": 0.043086760206019765, "error_max": 0.28161972011899206, "target": "701.xyz", "model": "20.xyz", "model_rescale": 4.067790424073018, "target_rescale": 4.095629181076233},
{"mapping": [10, 9, 1, 13, 7, 12, 0, 4, 8, 5, 3, 11, 6, 2, 14], "R": [[0.7170295908549215, -0.6652027854978164, -0.20826382308113464], [0.2583849545875935, 0.5311488240513355, -0.8069189190691038], [0.647383797357635, 0.5247725039241574, 0.5527278155149956]], "T": [-0.0033395427089016987, -0.014893359315712892, 0.036589582792211015], "aligned_model": [[0.04307907015133951, -0.1675422733110045, 0.46993151311507836, 0.3737255616233127, 0.009885944156204907, -0.6453273966045937, -0.4065157964878992, 0.4130430057224417, 0.32629732838908954, 0.5831789131090918, -0.7490311915515186, -0.28417011943170234, 0.041667078357969706, -0.2727630055114116, -0.01509655776028158], [0.21318621469126647, -0.31270808967032077, -0.36968537608319485, 0.4241189700469544, -0.7215357179682461, 0.021766406842888514, -0.537839643584143, -0.08802484931055773, -0.46048896293464303, 0.010200864531814752, 0.28276507875256285, 0.5240414471131625, 0.5425685541106541, -0.07755034944763084, 0.002185211688538361], [-0.7489750815445922, -0.6622621533546743, -0.532130237361911, -0.3573819730842239, -0.20246191932386381, -0.3799695653407854, 0.29818874502239584, 0.7175813986528956, 0.17057461170686677, 0.0984967857031214, 0.31781624536877695, -0.18412678627940493, 0.5211177262828947, 0.7273913132605455, -0.03861938068691442]], "inverted": true, "swapped": false, "error_lsq": 0.052536031767194256, "error_max": 0.3515013218611732, "target": "701.xyz", "model": "21.xyz", "model_rescale": 4.186013935880536, "target_rescale": 4.095629181076233},
{"mapping": [9, 3, 2, 13, 10, 8, 12, 11, 1, 0, 5, 4, 14], "R": [[-0.33992143681199816, 0.8793133712398495, -0.3335587084074967], [0.07523751356566277, 0.37896783457065697, 0.9223462998859397], [0.9374394558306811, 0.28842915164670474, -0.19497664252991612]], "T": [0.043542435787151015, -0.1190494676481968, 0.02349472981845479], "aligned_model": [[0.03324167792598695, -0.35372332895862224, 0.2611143146009861, 0.3305533971791595, -0.15900438499026337, 0.6337057357694883, -0.16881201902088622, -0.6586559002952199, 0.3537060843601714, -0.30921779712298947, -0.46712857281192033, 0.4770133401100618, 0.08578148867727264], [-0.3474637382255442, 0.16262698826757, 0.2976861558871105, -0.7442858529517175, -0.4421214602543343, -0.07413628614354559, -0.6904906320913413, -0.279783720929631, 0.5959650599026416, 0.552195215781141, 0.19632185157873894, 0.3553904040166436, -0.06294732529163846], [-0.5207191550048744, -0.5441891317306004, -0.5873326091841843, 0.43601624002547623, 0.5998781306375248, -0.17195717548680775, -0.07351290621714462, -0.01431494094659199, -0.015944062292858878, -0.05890095202508764, 0.46928465504439243, 0.468375892502063, 0.11619557601403913]], "inverted": true, "swapped": true, "error_lsq": 0.04334480200482777, "error_max": 0.23294337374354, "target": "701.xyz", "model": "22.xyz", "model_rescale": 4.166573947596378, "target_rescale": 4.095629181076233},
{"mapping": [3, 11, 2, 4, 12, 9, 14, 5, 6, 1, 10, 8, 7, 13, 15], "R": [[-0.22641423835710034, 0.2318463614678559, -0.9460358647235794], [-0.7979353388926744, -0.6011610166789659, 0.04364203216791135], [-0.5586016358867982, 0.7647566257964872, 0.32110981873023525]], "T": [-0.03694234585479599, -0.024549115105387025, -0.08160946337626954], "aligned_model": [[0.016788397837186865, -0.20590291450766202, 0.5268118212211859, 0.3563812213857957, -0.13308294772332813, -0.5593497298210941, -0.6295372778167483, 0.2994109401178177, 0.5078097139443875, 0.6454251460922531, -0.5322381977134926, -0.26153391358834954, -0.07444884477744579, -0.2581781051058197, 0.022006764421430146], [0.08687010512521812, -0.4877850824890022, -0.16939101840137946, 0.5009655385452988, -0.6718501643886231, 0.027362326504421736, -0.44329325711212425, -0.000284830849383199, -0.5256134260655331, 0.05964013089814059, 0.14288586038009765, 0.7245182240823177, 0.4186668491930373, -0.18976252909758534, -0.01992896754579597], [-0.6699337077871, -0.6972051847625298, -0.41926505912903067, -0.4117373683102954, -0.11536878058492901, -0.37289093152962494, 0.23376706296691988, 0.6782192625391926, 0.09527293143295038, 0.10650177408282793, 0.4546635838858708, -0.28785177059383016, 0.4783392121108673, 0.718748210143145, -0.04601950544330738]], "inverted": false, "swapped": false, "error_lsq": 0.043410800726028535, "error_max": 0.32640032707483685, "target": "701.xyz", "model": "23.xyz", "model_rescale": 4.274766983524099, "target_rescale": 4.095629181076233},
{"mapping": [6, 12, 7, 8, 9, 2, 1, 0, 5, 11, 14], "R": [[-0.9779786328839053, 0.19188529221939482, -0.08208427530535267], [0.11893017814603123, 0.8355825752367767, 0.5363369954485983], [0.17150337124581766, 0.514763824088828, -0.8400028565789318]], "T": [-0.0141626064087704, 0.1293889366250866, -0.009537869469062564], "aligned_model": [[0.41495013343227927, -0.02769548175166399, -0.43249419204881645, -0.487894269354049, -0.48631186638154544, -0.6136697457171827, -0.15669042086476273, 0.15402415052933574, 0.6567890804092315, 0.31270565156503527, 0.04618166414021333], [-0.27920939700126907, 0.731639970507391, 0.4741780669637611, -0.16317343875061124, 0.45698839589741325, -0.173158391051696, -0.6072184968338863, -0.21898527849750538, 0.023375751116720606, 0.6325339351608108, 0.038615413732354636], [-0.6360762894044567, -0.14429859749774385, -0.5411963782451079, -0.28971090500960056, 0.12537546434948874, 0.3688434790153335, 0.20516656203494518, 0.6478409226818488, 0.30280432092782283, 0.39089917546535363, -0.050081320296306256]], "inverted": false, "swapped": true, "error_lsq": 0.04724169241490659, "error_max": 0.27871827739100546, "target": "701.xyz", "model": "24.xyz", "model_rescale": 3.7841303162186577, "target_rescale": 4.095629181076233},
{"mapping": [4, 8, 2, 5, 0, 6, 7, 14, 9, 12, 11, 3, 13, 11, 15], "R": [[-0.955765068194564, 0.09570663531481166, 0.2781247460686632], [0.23155977487405438, -0.3382211183820936, 0.9121329649457054], [0.18136483969975556, 0.9361873290304049, 0.30109812334785235]], "T": [-0.027686464132331112, -0.2090231380586789, -0.031183215794591553], "aligned_model": [[-0.11588008093736922, 0.15761706621481647, 0.5526715838735629, 0.39873787001429656, -0.40326697694128194, -0.6179410878963024, -0.5792115841968208, 0.4731543745713087, 0.5198684981500887, 0.558988074203297, -0.5099074491049198, -0.18912788229674485, 0.06196167986830345, -0.5099074491049198, -0.0773945624511986], [0.14500099827225998, -0.59855826635969, -0.14232861489629103, 0.45351761776578803, -0.8132636657159347, 0.15148573230469276, -0.47957904429921633, -0.15438663700188354, -0.35574362160113315, 0.2510204327103554, 0.10480178903141901, 0.5743676477825466, 0.3750848112962808, 0.10480178903141901, -0.16322120954150768], [-0.6820235492930113, -0.4353895604989538, -0.5081836399266377, -0.4165931009335598, -0.2187001816569901, -0.2401312613887231, 0.1819484421928388, 0.5815747048800146, 0.11302972230421379, 0.10790238910717365, 0.4771517190187137, -0.12729478010025344, 0.4814385853889183, 0.4771517190187137, -0.04664147909133095]], "inverted": false, "swapped": false, "error_lsq": 0.0442413254096996, "error_max": 0.45271177902457627, "target": "701.xyz", "model": "25.xyz", "model_rescale": 4.19342608120988, "target_rescale": 4.095629181076233},
{"mapping": [5, 4, 0, 12, 11, 10, 9, 13, 2, 6, 8, 14], "R": [[0.31297203260671397, -0.8780071140687961, -0.36214916049965773], [0.6189042406629098, -0.10069307384709242, 0.7789855234654182], [-0.7204207435210964, -0.46793633383592775, 0.5118882102380384]], "T": [-0.026320432697942587, 0.04549428678444283, -0.1322023697588633], "aligned_model": [[-0.2597445835450496, 0.5579829913694091, 0.14729895577995172, -0.5440224248736117, -0.6575269305179559, -0.4514216574611314, -0.12076716715076338, -0.2567250199030453, 0.4742252212493824, 0.20566681617281693, 0.4713429098044862, 0.0314994437072918], [-0.647075452959635, -0.2347936266038389, -0.6066434095183139, 0.3809513351098664, -0.21493041536257051, -0.06296514581160384, 0.42305494756682877, 0.49564516743654635, 0.10801703497135884, -0.04042802668948046, 0.42064059916416907, -0.008696579562346284], [0.025382295864430277, 0.30476177048859854, -0.4876893432852171, -0.1546326254932327, -0.364806983211789, 0.4017864428009838, -0.5760218137123279, 0.4904915652469641, -0.7150068779094001, 0.6938969013943879, -0.12181951641439384, -0.04708335455958319]], "inverted": false, "swapped": true, "error_lsq": 0.04275307355533048, "error_max": 0.25090302713739465, "target": "701.xyz", "model": "26.xyz", "model_rescale": 3.795458400668931, "target_rescale": 4.095629181076233},
