[{"mapping": [7, 8, 3, 11, 4, 12, 10, 5, 6, 1, 2, 13, 9, 14], "R": [[0.465154422797996, 0.8067722000626816, 0.3643487068146169], [0.8395723653695262, -0.27158757971275227, -0.4704874385715182], [-0.28062360246294654, 0.524746418522118, -0.8036738082013921]], "T": [-0.04977228898021055, 0.0016891856944482586, 0.08490063028310008], "aligned_model": [[0.11749531286155893, 0.28238598572157003, -0.5385241671053932, -0.3239601292281612, -0.6642580399869268, -0.11407450891462906, -0.7239624645931831, -0.004471046537147194, -0.4597470160541427, 0.3846514213637128, 0.693689961675257, 0.2487592281053597, 0.5357838588670076, -0.062276295046579624], [-0.6059019237297714, -0.21076621118298425, -0.4742880810130756, -0.2673775015074659, 0.19774719234040125, 0.37179925413563014, 0.19707257448446963, 0.5590823139970329, 0.7021006603959421, -0.06290777143487533, 0.36461192627830846, 0.6308885041628063, -0.19103861402594202, 0.024251008909558232], [0.4920934357153371, -0.4926773824538407, 0.3542430219718356, -0.2807221760467695, 0.5440837372887999, -0.5931167176602221, -0.11043183956041636, 0.4970988763440822, 0.04450615164997157, 0.7165522078685729, 0.40888549163527976, -0.04133491712260373, 0.15922321931345126, 0.1991849782363559]], "inverted": false, "swapped": true, "error_lsq": 0.039023202310148934, "error_max": 0.23471700844668955, "target": "703.xyz", "model": "0.xyz", "model_rescale": 3.8414455957264533, "target_rescale": 4.106633815256367},
{"mapping": [2, 5, 3, 9, 7, 4, 0, 6, 12, 10, 13, 8, 11, 1, 14], "R": [[0.7371152469644636, -0.10228992683729482, 0.6679804514805345], [-0.40962323979835524, 0.7185449593709311, 0.5620515481517029], [-0.5374661981088831, -0.6879170823800264, 0.48775011395194495]], "T": [-0.014984706504967398, 0.027239002878394716, -0.15479080704416015], "aligned_model": [[-0.31049798662265515, 0.0009035644346972356, 0.5776864155934444, -0.6091895532843088, -0.20949446958883045, 0.22678230545510353, 0.3634056497584374, -0.5881659534743345, 0.1445680034269429, 0.019331081664852996, -0.13634927500076124, -0.4647301175648414, 0.539701273965313, 0.8461208183880653, 0.06261725664432194], [0.4725360485212206, 0.686077591716134, 0.5209493264655967, -0.2802444445607171, -0.2664401849334948, 0.16764290267572507, -0.45722321224368107, 0.5505325358961327, -0.12110752994641245, 0.46335672834458075, -0.6892721569190571, -0.16306817100943094, -0.43453231381992735, 0.07258607003666574, 0.05422193710845629], [-0.6636986278076914, -0.15335494934316785, -0.2903191784432357, -0.2885226641625737, -0.6922603306883666, -0.6213234336607678, -0.5390231194712021, -0.06730189227150248, 0.5765270327623874, 0.3715218914791364, 0.061379033680372674, 0.4663489858350154, 0.29837154385714254, -0.08451414187299774, -0.11854366035506238]], "inverted": true, "swapped": false, "error_lsq": 0.04469649154340335, "error_max": 0.3135498492739934, "target": "703.xyz", "model": "1.xyz", "model_rescale": 4.316132596720782, "target_rescale": 4.106633815256367},
{"mapping": [10, 11, 12, 5, 6, 4, 13, 0, 8, 3, 9, 14], "R": [[-0.35144608170814506, 0.2557505645965913, 0.90059830133113], [0.150696523216553, 0.9648736591393247, -0.2151961425991024], [-0.9240001133887564, 0.06008719171017301, -0.37764178774329277]], "T": [0.10484224187336486, 0.07720289277878577, -0.04289572958581386], "aligned_model": [[-0.2033833431624172, 0.3947177797272763, 0.12212886663698838, -0.5200853915423784, -0.5795158941125097, -0.5031058250208625, -0.2183919324545842, -0.20394300613661145, 0.6791025017857999, 0.16647117872562422, 0.4375033448933221, 0.026310275292133742], [-0.5731262677448394, -0.3576238044161214, -0.4168835592695938, 0.3555419848649557, -0.2882687344355343, -0.11026116283028371, 0.2051316533954174, 0.6154974818661323, -0.027612403190759582, -0.11131645122808893, 0.582101864847857, 0.1395958258818393], [0.0708179766473333, 0.047402699916874194, -0.6398911339807329, -0.16388952658227945, -0.28449799788676566, 0.4284183713424867, -0.6594199896412458, 0.5815779795997993, -0.4279953057066972, 0.6632490231607777, -0.18416664962263993, 0.017653013962511004]], "inverted": false, "swapped": true, "error_lsq": 0.0418767306052435, "error_max": 0.20610474686165692, "target": "703.xyz", "model": "2.xyz", "model_rescale": 3.795458400668931, "target_rescale": 4.106633815256367},
{"mapping": [2, 5, 0, 10, 9, 11, 4, 13, 6, 12, 7, 14], "R": [[0.7006350259518183, -0.45855790375332683, 0.5466582198365352], [-0.5455799305965209, 0.14945793974181976, 0.8246240740958428], [-0.4598402980816171, -0.8760062631930694, -0.14546452181451097]], "T": [0.0752969329844904, 0.1887922834307146, 0.07272779701639348], "aligned_model": [[0.07196888646787913, -0.025063584043485035, -0.7595344690884762, 0.23094845996735736, 0.013180180331219718, 0.2306790636182145, -0.333215296415812, 0.5189104860470574, 0.3661991495326366, 0.8282693771680382, -0.5324953606948789, -0.016543067146185683], [-0.14833982752673372, -0.4755663026372735, -0.04774653110269059, -0.012969959062476194, 0.4255552557650155, 0.5391502535752228, -0.2858087357442892, -0.26470634442580876, -0.48335690818504184, 0.1422508828128863, 0.5798892975134329, 0.11741796430746629], [-0.7493099685611635, -0.10391345479415581, -0.07621087098272489, 0.7553158389093879, -0.4979110189417834, 0.4392814447217765, 0.5572401672899738, -0.24111017480144098, 0.42469170035673526, 0.25074509586937505, -0.128724532313848, 0.058677203886968336]], "inverted": false, "swapped": true, "error_lsq": 0.04625655544511579, "error_max": 0.22905843903413875, "target": "703.xyz", "model": "3.xyz", "model_rescale": 3.7530521520055578, "target_rescale": 4.106633815256367},
{"mapping": [8, 3, 10, 4, 12, 0, 13, 9, 2, 5, 14], "R": [[0.21521751058718144, -0.7504761910486342, -0.6248735150458776], [-0.34537389891759585, 0.5400230612785168, -0.7675232655977523], [0.9134540454139525, 0.3809994487614301, -0.14297246923926202]], "T": [-0.13562814963856754, -0.1248711590201508, -0.09034413240551398], "aligned_model": [[-0.550978740692363, -0.08738810519879973, 0.4817654752752051, 0.46986831047224187, 0.1300910455007018, -0.18415916574957716, 0.06639794496558962, -0.6920561364371034, -0.41881204575113007, 0.22914061379742087, -0.10566959373698087], [-0.6862844567560444, 0.18190429104623584, -0.331282467173324, 0.32103005018890274, -0.8285984430840524, 0.7503682718085471, -0.29964194624098994, -0.03891368676550701, 0.16734033094802814, 0.24384187606474017, -0.012560461722190233], [-0.053441943460460536, -0.7548287463002846, -0.417576953292447, -0.33818834625539107, 0.09669859362442479, -0.1720600224834265, 0.5650861777850331, 0.1714631684434716, 0.6994878435748658, 0.3718691766644921, -0.07567817105496127]], "inverted": false, "swapped": true, "error_lsq": 0.04979851337857764, "error_max": 0.29642939052748307, "target": "703.xyz", "model": "4.xyz", "model_rescale": 3.7855080009869324, "target_rescale": 4.106633815256367},
{"mapping": [6, 7, 5, 13, 11, 4, 1, 8, 9, 10, 12, 14, 2, 0, 16], "R": [[-0.40355181072806606, -0.3641832899549007, -0.8393547923111679], [-0.1652434042181235, 0.9312955163983192, -0.32462790776332495], [0.8999114142072568, 0.00769366323754006, -0.4360048785569748]], "T": [-0.01221206208105163, 0.05114419194499979, -0.05153937746969636], "aligned_model": [[-0.2592647039575698, 0.08113011385307953, 0.6231848904845129, -0.6923056028876655, -0.3172212962086348, 0.36062442059631816, 0.394074363159304, -0.5773688967387033, 0.11157135613175617, -0.014669703642286033, -0.20435726236758203, -0.18944785658156735, 0.4236410182974014, 0.7371598454921519, -0.014061671835068141], [0.24164228849226765, 0.7273788048332173, 0.5522470040594352, -0.1387928662279178, -0.358706472229738, 0.23169862897419613, -0.4236289849356204, 0.46656534739704153, 0.046503588582433544, 0.6600177715686539, -0.5894132714538319, -0.4161173948426766, -0.4139301360068418, -0.029560018007742148, 0.02011083712891442], [-0.6249088355163063, -0.36034912213412995, -0.03510986193508811, -0.2136021077969948, -0.6609883322417685, -0.664233294788275, -0.47888667203170243, 0.006191808264310705, 0.6495812608123519, 0.34874951584177016, -0.17736314748576418, 0.4044775972070177, 0.3219892685314478, -0.25254300419447784, -0.007718582994904431]], "inverted": false, "swapped": false, "error_lsq": 0.03656198422355577, "error_max": 0.26883187778104195, "target": "703.xyz", "model": "5.xyz", "model_rescale": 4.2253639853439635, "target_rescale": 4.106633815256367},
{"mapping": [7, 11, 4, 0, 3, 6, 5, 1, 12, 8, 10, 13, 2, 14], "R": [[0.045364780320147347, 0.9619742280208834, 0.2693466564302044], [0.6047478578858398, -0.24105109151146376, 0.7590615256114754], [0.7951239306479169, 0.1284521541460389, -0.5926870835493628]], "T": [0.06293416917039907, 0.05230520173019493, -0.07181715823955748], "aligned_model": [[0.53750915764271, -0.18917308252131393, -0.42928597794249457, 0.33550112993196113, -0.13388821099964704, -0.5603339593593233, 0.022063253619826445, 0.6485700161982195, -0.3109965843255865, 0.2754858806581746, -0.6628865845585884, 0.07527377191690185, 0.6908825086776113, 0.0753408338193326], [-0.38720416491146564, 0.22587157463565544, -0.5447594785315241, -0.7751901182943176, -0.47223336778048264, 0.0912669253670913, -0.18434690207709228, -0.37621127529897513, 0.7233501006510327, 0.6505253245160415, 0.026543694029612902, 0.41113723184126666, 0.107281859748799, -0.0509322572606517], [-0.45202957863607635, -0.5049136119898414, 0.09585424743181359, 0.0548144125951705, -0.5452073994927514, 0.4480924961112813, 0.5800816422864291, 0.18369160097640647, 0.031615416824464115, -0.36510410058454, -0.12997567834254276, 0.5381300286985428, 0.5543407085570079, -0.017831975503915132]], "inverted": false, "swapped": true, "error_lsq": 0.04201402017250786, "error_max": 0.2688101140989876, "target": "703.xyz", "model": "6.xyz", "model_rescale": 3.89814844738969, "target_rescale": 4.106633815256367},
{"mapping": [9, 7, 0, 8, 5, 3, 11, 13, 12, 10, 4, 6, 14], "R": [[-0.39901408427759233, -0.6217423237550654, 0.6739616038022979], [0.6779150338982787, 0.29489465983310836, 0.6734005839146643], [-0.6174293217549761, 0.7255850208304789, 0.3038213458327499]], "T": [-0.09101703748337922, -0.012963272487819075, -0.10132046057305354], "aligned_model": [[0.130644141174067, -0.0029429122686879944, 0.4760018599031709, -0.4835931637778661, 0.5099345348746964, -0.3332791744769269, -0.6185195594451491, 0.2494550003695645, -0.4530996816816555, -0.4420151597976749, 0.07944701342323066, 0.03584477847300105, 0.0007541241344525829], [-0.40453188194116035, 0.19293310917533912, 0.5327810351943361, -0.5747138027983728, 0.09256231848789172, 0.6146644363086322, 0.04149757126522312, -0.43254416495803083, -0.41636493409829456, 0.3791461202842153, 0.7088015080203349, 0.17050715656313026, 0.05904279396724131], [-0.5292038562241105, -0.8174217216798279, -0.4959462683104614, -0.2405436722577125, 0.2308967175366285, -0.393502932470502, -0.10688788653636633, 0.3558216711512498, 0.45274363368177073, 0.4025767288565728, 0.17594874955711143, 0.6800449507122289, -0.11225108318028615]], "inverted": true, "swapped": true, "error_lsq": 0.04895964636413201, "error_max": 0.29000984915179473, "target": "703.xyz", "model": "7.xyz", "model_rescale": 3.7474275329858107, "target_rescale": 4.106633815256367},
{"mapping": [13, 4, 2, 11, 12, 1, 0, 4, 5, 8, 10, 7, 6, 3, 14], "R": [[-0.27147090500660276, -0.43058926272485426, -0.8607534110074515], [0.9035216550115585, -0.42214282802233566, -0.0737838171584998], [-0.3315903597212535, -0.7977395060891563, 0.5036462188526373]], "T": [-0.013454724535892536, -0.022607218018649296, -0.13902331671797463], "aligned_model": [[-0.5750121797091429, -0.15250410002119205, 0.48102253710650783, -0.5935515477151155, -0.3465987169921266, 0.45702972373094247, 0.513823769305003, -0.15250410002119205, 0.12904194833272126, 0.0563679008351651, -0.13488759357236535, -0.22701052266568497, 0.41213171642707297, 0.60656783915287, -0.01122766039801646], [0.45441067089074827, 0.7458502542956793, 0.6322061848256648, -0.23295193711983223, -0.18227291652130892, 0.07255552178092284, -0.3893332690710743, 0.7458502542956793, -0.05936147469187018, 0.5164459956330589, -0.769017585110553, -0.4538649195559866, -0.5721203035671514, 0.041845773548725866, 0.025772877699088828], [-0.6540174787162765, -0.1876466677640165, -0.3269092955027929, -0.06337458590585299, -0.6331534248993461, -0.7172881841816166, -0.28634144540325357, -0.1876466677640165, 0.561951209823227, 0.2729921559218077, -0.19723827960177787, 0.34293969832975424, 0.28975360485918444, 0.2153103810577835, -0.17404453071532028]], "inverted": false, "swapped": false, "error_lsq": 0.05470104352708053, "error_max": 0.5021486469501472, "target": "703.xyz", "model": "8.xyz", "model_rescale": 4.019505241142653, "target_rescale": 4.106633815256367},
{"mapping": [13, 5, 9, 8, 12, 11, 7, 6, 10, 4, 0, 3, 14], "R": [[-0.5405586819513775, -0.32036353087294855, 0.7779225664894979], [-0.7284705266068423, 0.6407961557034757, -0.24230348470626092], [-0.4208645901381344, -0.6976729139949928, -0.5797633153672245]], "T": [0.07792863251927626, -0.06024447635985142, -0.08768042744092411], "aligned_model": [[-0.36978388210912827, -0.6052787811767201, 0.0388698145741358, 0.5289808286974934, 0.2562858816548613, 0.571792833689934, 0.2240514808990524, -0.3165928536555156, 0.2127555672833938, -0.22120509361318288, -0.35568977284153236, 0.36461464490387163, -0.009099896565486848], [-0.5488516186235941, -0.1274028281852562, 0.17646391310340145, -0.3124693178476836, -0.8132242763496966, -0.17304776735684269, 0.6623183183273794, -0.5972052620330262, -0.39569195384569655, 0.09055916002802819, 0.6807983287686269, 0.413606348916162, 0.007525183212256828], [-0.33620573250510843, 0.018922019775356513, -0.660382270816124, -0.558846344684107, -0.13277892908085237, 0.06925732694754089, -0.22733180977631842, 0.3774143330462152, 0.544900415450945, 0.6297161735142128, 0.10701792127575474, 0.39320896362746693, -0.048188572731102906]], "inverted": false, "swapped": true, "error_lsq": 0.04464613722439127, "error_max": 0.26392458931681906, "target": "703.xyz", "model": "9.xyz", "model_rescale": 3.877068213659057, "target_rescale": 4.106633815256367},
{"mapping": [5, 1, 7, 12, 3, 4, 13, 0, 9, 8, 6, 10, 14, 2, 15], "R": [[0.8256321166386145, 0.2580455707808701, -0.5017410600849969], [0.4740949338257734, 0.1648242724126247, 0.8649086384956419], [0.30588494846196174, -0.9519692445788488, 0.013746115102064391]], "T": [0.019950546060465396, -0.017446573826498897, -0.09982570270957289], "aligned_model": [[-0.4142659266254599, -0.09623829117802948, 0.5001566763300824, -0.7181054673015831, -0.10112456672647147, 0.3969140567655455, 0.46626475133255996, -0.577356205887726, 0.32635401111879825, 0.12405320157640262, -0.25377203482478117, -0.1946481937023076, 0.3804886808185345, 0.6747067398553714, -0.05073841775548868], [0.33783448379421394, 0.7743216289919667, 0.633801407477003, -0.09397721380193119, -0.18655946925588918, 0.18773395195674464, -0.6183384579864147, 0.49717324542424474, -0.015574287630917318, 0.5718302941444368, -0.5569993030260045, -0.4369674495152695, -0.5581096901982482, 0.0028381158100851886, 0.03700787114777082], [-0.644092978215487, -0.4352506232360873, -0.20736503837983672, -0.18707017530583878, -0.6994113833185612, -0.623170849989247, -0.29314168675320174, 0.010433634061624023, 0.48477562729601464, 0.3872454890037048, -0.21925508038413205, 0.4304198962475848, 0.33286032042839064, 0.006184749619713714, -0.0878754115371539]], "inverted": true, "swapped": false, "error_lsq": 0.03805721364806251, "error_max": 0.27750366343530863, "target": "703.xyz", "model": "10.xyz", "model_rescale": 4.260839863003843, "target_rescale": 4.106633815256367},
{"mapping": [0, 5, 13, 2, 8, 9, 7, 4, 6, 12, 11, 14], "R": [[0.5930005424773954, 0.379157563771585, 0.7103449151337056], [0.7828536707256375, -0.06508212362001581, -0.6187927338103643], [-0.1883891898515151, 0.9230405511243291, -0.3354186251942255]], "T": [0.018792196417292874, 0.15015701530840683, 0.023297381604426202], "aligned_model": [[0.5146365060843834, 0.16878997916263558, -0.3382758673051086, -0.4537319850396277, -0.5584386222065401, -0.4216875539560511, 0.1342732368620768, 0.7705907002859024, 0.29914442856453344, -0.31461851163326354, 0.06875997091576716, 0.08945636735942253], [0.09482925694745961, -0.4925865413507765, -0.45268939290576415, -0.34340799895894203, 0.46739930391814766, 0.2677845299536486, 0.6235791153160958, -0.09808634914514605, -0.4813224180145448, -0.03677808071257149, 0.5227434123772615, 0.10161366810806619], [-0.7020674005699323, -0.19356220809859112, 0.12343163376663394, -0.5446196007070059, 0.2582967183287632, -0.39822985549459045, -0.5472173265277362, 0.030703291770077266, 0.4509930395869365, 0.6976239582681234, 0.39738091324020564, -0.056555086167378955]], "inverted": true, "swapped": true, "error_lsq": 0.046459323573206174, "error_max": 0.2544480426733071, "target": "703.xyz", "model": "11.xyz", "model_rescale": 3.890672605050136, "target_rescale": 4.106633815256367},
{"mapping": [13, 12, 6, 2, 5, 7, 11, 1, 9, 3, 4, 10, 0, 14], "R": [[0.8672270525783805, 0.18736622615394072, -0.4613145744208019], [-0.12061704187261235, -0.8198464962239915, -0.5597349835762861], [-0.4830825690149829, 0.541059719371231, -0.6883935005415213]], "T": [-0.021153327604802166, -0.06679124186237115, -0.03290050622123547], "aligned_model": [[0.6283960599955029, 0.13193883457626748, 0.43763109759843155, 0.6638476249464536, 0.5878407369414795, -0.40794623290825927, -0.4502569155640176, 0.23154011855480056, 0.04957735741408463, -0.5748992575530283, 0.020326624791011036, -0.1510763980580721, 0.022971786101926253, 0.019984397957113362], [-0.10655214719465103, 0.09859739853140631, 0.5783068078324901, -0.5949136225809823, 0.12796192146163224, -0.4329125376889045, 0.06279064783685337, -0.4581731304425505, -0.676541372840202, 0.21485708956096763, 0.5994303480788062, 0.619182816242087, -0.05940506335423104, -0.04047663561495712], [-0.3112041640457467, -0.774542704231536, -0.21634690740625107, 0.17026363962138974, 0.23884225968849454, 0.49558585388868986, -0.3163339817894609, 0.5793467330579314, 0.06061848797880878, 0.3569940221144294, 0.3929032191795312, -0.24127858245524747, 0.8463464591990324, 0.07359610055679577]], "inverted": false, "swapped": true, "error_lsq": 0.04469004137866863, "error_max": 0.24657491495772713, "target": "703.xyz", "model": "12.xyz", "model_rescale": 4.124412569039231, "target_rescale": 4.106633815256367},
{"mapping": [9, 3, 4, 8, 0, 2, 11, 13, 10, 12, 5, 6, 14], "R": [[0.20216930059209742, 0.09668176689007808, -0.9745666779903339], [-0.5477143098764105, -0.8137791335862746, -0.19435163106128045], [-0.8118722859260008, 0.573076048784614, -0.11156717104374897]], "T": [-0.014587686079033296, 0.08592550874000986, 0.07683352636355288], "aligned_model": [[-0.18002509189662202, -0.0023217044133594378, 0.5728084131612522, -0.6521977248728121, 0.5670460591486637, 0.31961876403765, -0.4105521720700188, 0.2114317119892171, 0.0746191821931676, -0.3069894726003978, 0.6330450538652147, 0.45070636829519517, 0.09010892067260738], [-0.4694582958500126, 0.6045451273956666, 0.6067407900239143, -0.14132635020999723, 0.03155457836184998, -0.735683120165521, 0.4376946626907469, -0.2852214455420475, 0.7421409453905231, 0.17394277273615083, -0.0890028847120284, 0.3900643635937177, 0.08149423279551479], [0.29982040638650165, 0.5953519133018618, 0.17977948936427007, -0.09887306698321587, 0.7354857835035035, 0.025059654803049947, 0.04988025990370968, -0.48183760454200475, -0.22695138214563282, -0.6356115022806754, -0.10377264024814432, -0.5158622004383003, 0.12922897034291597]], "inverted": false, "swapped": true, "error_lsq": 0.04458565759905998, "error_max": 0.2846826093519848, "target": "703.xyz", "model": "13.xyz", "model_rescale": 3.9028299243045295, "target_rescale": 4.106633815256367},
{"mapping": [11, 14, 13, 6, 1, 12, 8, 9, 4, 10, 2, 3, 0, 5, 15], "R": [[0.9268267935915833, -0.3694969524338397, 0.06681389692907856], [0.09858642461525396, 0.4111550533672243, 0.9062186485457999], [-0.36231590023393334, -0.8333207811117516, 0.41749690322800553]], "T": [0.015638560311787803, -0.009453387762285277, -0.08362805908322149], "aligned_model": [[-0.27684755607157163, -0.04443365100118574, 0.5618558894719204, -0.6374654148980698, -0.38551466319968314, 0.3548492530764389, 0.6267968283068993, -0.594909062361199, 0.25360695544167833, 0.13650538063313758, -0.025001630119838452, -0.26161877520359206, 0.30934936370678845, 0.5161794786414614, -0.07066338262773779], [0.3538391029414694, 0.8390050792039525, 0.5332725762378129, -0.1426136146112893, -0.16123489130733382, 0.10811910420575749, -0.44292445857943835, 0.4677268002896227, -0.0073870587707163884, 0.6046974607945983, -0.7014110147170958, -0.3542216622417639, -0.6509981040510601, 0.07266636336112542, 0.057479444576149945], [-0.6566264240539851, -0.3276776688846381, -0.2829933246651916, -0.07214703997164687, -0.5717235642774061, -0.6797430681271441, -0.2709661539370709, -0.06423411562728576, 0.5509820945437998, 0.32080061078482913, -0.3320083863568061, 0.3556357022874451, 0.3515394376530899, -0.014223670113440293, -0.05132793971706183]], "inverted": false, "swapped": false, "error_lsq": 0.04363097983649629, "error_max": 0.29701587902728527, "target": "703.xyz", "model": "14.xyz", "model_rescale": 3.942246331269136, "target_rescale": 4.106633815256367},
{"mapping": [6, 11, 13, 9, 7, 8, 0, 10, 3, 4, 2, 5, 1, 12, 14], "R": [[0.6628457430060066, 0.6824448625958656, -0.30806578923230876], [-0.43637978262093235, 0.017760290112194755, -0.8995872705940424], [-0.6084473734831329, 0.7307212749137943, 0.30957747348577586]], "T": [0.002115849024913033, 0.10377903633806979, -0.08211713794560715], "aligned_model": [[-0.2771833858309884, 0.02082505022834387, 0.6057298937198833, -0.7662577315760888, -0.3135334317974948, 0.28168208843612574, 0.27895415933649514, -0.5481125721696315, 0.21255682736438147, -0.0010200214389895212, -0.157731271980441, -0.16181390249896077, 0.4495207713075918, 0.7851721716627832, 0.05390036903243697], [0.2408541437270892, 0.7313462900338075, 0.646137983597648, -0.0994388099880674, -0.3468366160802851, 0.12159764796859451, -0.4737773522451619, 0.5215921802496148, 0.03616440180003974, 0.5634829727300761, -0.6338544091973686, -0.38564776207413415, -0.4267322654075936, 0.058845428263259225, 0.022281293954272696], [-0.5468662548695855, -0.42841229028775196, -0.032855551696513136, -0.21044037707758953, -0.7365562668498287, -0.8034812215738569, -0.4433741805327115, 0.09587549484482977, 0.6017620811658254, 0.281649867299141, -0.1961071224762829, 0.28716324841469654, 0.3362463762594087, 0.14783943318247192, -0.09715674626476593]], "inverted": true, "swapped": false, "error_lsq": 0.03836179233956869, "error_max": 0.2742647681285567, "target": "703.xyz", "model": "15.xyz", "model_rescale": 4.355366556412066, "target_rescale": 4.106633815256367},
{"mapping": [10, 11, 12, 5, 6, 4, 13, 0, 8, 3, 9, 14], "R": [[-0.35144608170814506, 0.2557505645965913, 0.90059830133113], [0.150696523216553, 0.9648736591393247, -0.2151961425991024], [-0.9240001133887564, 0.06008719171017301, -0.37764178774329277]], "T": [0.10484224187336486, 0.07720289277878577, -0.04289572958581386], "aligned_model": [[-0.2033833431624172, 0.3947177797272763, 0.12212886663698838, -0.5200853915423784, -0.5795158941125097, -0.5031058250208625, -0.2183919324545842, -0.20394300613661145, 0.6791025017857999, 0.16647117872562422, 0.4375033448933221, 0.026310275292133742], [-0.5731262677448394, -0.3576238044161214, -0.4168835592695938, 0.3555419848649557, -0.2882687344355343, -0.11026116283028371, 0.2051316533954174, 0.6154974818661323, -0.027612403190759582, -0.11131645122808893, 0.582101864847857, 0.1395958258818393], [0.0708179766473333, 0.047402699916874194, -0.6398911339807329, -0.16388952658227945, -0.28449799788676566, 0.4284183713424867, -0.6594199896412458, 0.5815779795997993, -0.4279953057066972, 0.6632490231607777, -0.18416664962263993, 0.017653013962511004]], "inverted": false, "swapped": true, "error_lsq": 0.0418767306052435, "error_max": 0.20610474686165692, "target": "703.xyz", "model": "16.xyz", "model_rescale": 3.795458400668931, "target_rescale": 4.106633815256367},
{"mapping": [9, 7, 0, 8, 5, 3, 11, 13, 12, 10, 4, 6, 14], "R": [[-0.39901408427759233, -0.6217423237550654, 0.6739616038022979], [0.6779150338982787, 0.29489465983310836, 0.6734005839146643], [-0.6174293217549761, 0.7255850208304789, 0.3038213458327499]], "T": [-0.09101703748337922, -0.012963272487819075, -0.10132046057305354], "aligned_model": [[0.130644141174067, -0.0029429122686879944, 0.4760018599031709, -0.4835931637778661, 0.5099345348746964, -0.3332791744769269, -0.6185195594451491, 0.2494550003695645, -0.4530996816816555, -0.4420151597976749, 0.07944701342323066, 0.03584477847300105, 0.0007541241344525829], [-0.40453188194116035, 0.19293310917533912, 0.5327810351943361, -0.5747138027983728, 0.09256231848789172, 0.6146644363086322, 0.04149757126522312, -0.43254416495803083, -0.41636493409829456, 0.3791461202842153, 0.7088015080203349, 0.17050715656313026, 0.05904279396724131], [-0.5292038562241105, -0.8174217216798279, -0.4959462683104614, -0.2405436722577125, 0.2308967175366285, -0.393502932470502, -0.10688788653636633, 0.3558216711512498, 0.45274363368177073, 0.4025767288565728, 0.17594874955711143, 0.6800449507122289, -0.11225108318028615]], "inverted": true, "swapped": true, "error_lsq": 0.04895964636413201, "error_max": 0.29000984915179473, "target": "703.xyz", "model": "17.xyz", "model_rescale": 3.7474275329858107, "target_rescale": 4.106633815256367},
{"mapping": [0, 4, 5, 3, 9, 8, 2, 6, 7, 13, 11, 10, 12, 14], "R": [[-0.5428908249923142, -0.5490390523873501, 0.6354727933537088], [-0.38139620008965514, 0.8353461821236389, 0.395896065361393], [-0.7482021723413641, -0.027438567110205342, -0.6629031862486426]], "T": [-0.049324728936936985, -0.10677593061967616, 0.06465139919366056], "aligned_model": [[0.40297394160034217, 0.0811826801696369, 0.5757607897235508, -0.39023926712858314, 0.15365917811205526, -0.397286456154625, 0.724856784151214, 0.15857152033954494, -0.07648078677970875, 0.3886540662226351, -0.5758615957850856, -0.3700508410710912, -0.29331293986281526, 0.03242057434580624], [-0.40444297822783026, 0.326418567009254, 0.17930457453453702, -0.20384837100788006, -0.6402047876259281, -0.3441887172232011, -0.39062747082546656, 0.6787435567826047, -0.7520441808989036, 0.19203421782951846, -0.04533246695755633, 0.5128881607959925, 0.35989198535879663, -0.10818384803270442], [-0.629536650899245, -0.5851108260179848, -0.035711617068488216, -0.5774796619772833, 0.30918164742287335, 0.6228812631934266, 0.3955388605507303, 0.059600747261705195, -0.3172423312825692, 0.5335174063402827, 0.0801278016540096, -0.1451413797301994, 0.6334348127067704, -0.019265353492373197]], "inverted": true, "swapped": true, "error_lsq": 0.03864837452447821, "error_max": 0.23668119686548142, "target": "703.xyz", "model": "18.xyz", "model_rescale": 3.922800546911778, "target_rescale": 4.106633815256367},
{"mapping": [5, 12, 7, 1, 8, 13, 4, 0, 9, 3, 6, 2, 10, 11, 14], "R": [[-0.6455755501317696, 0.09457015984697811, -0.7578183779366795], [0.26451722955323065, -0.9031902642594153, -0.3380502652217433], [-0.7164236486476047, -0.41869300377905116, 0.5580621150418016]], "T": [-0.008905069102112546, 0.01581225446903318, -0.19082726087794838], "aligned_model": [[-0.5674218681057877, 0.08282596165299054, 0.5432928957125109, -0.6618470622075948, -0.1441349564503945, 0.5374190799644641, 0.4236952627525038, -0.6307655741133038, 0.2767337175151181, -0.0801238644223752, -0.15366523312796318, -0.17785145404172473, 0.28642085495553354, 0.6761413844121648, 0.05196986929930539], [0.41940783317992203, 0.7200152569388217, 0.5515148229935823, -0.3149141013420375, -0.13711679528075071, 0.09301336530434139, -0.5358788110811757, 0.45155055828455043, 0.10721016971388432, 0.5756486661985238, -0.645924028478559, -0.11637950472598761, -0.5753004539894961, -0.09533036638033825, 0.07849851599650998], [-0.5190090919738, -0.5289065324632594, 0.024373075528489052, -0.08005788267614083, -0.7676428616829352, -0.5999527421824752, -0.37071906214614353, 0.15826338433054193, 0.5660083161027554, 0.11027125934439336, -0.3208940078005364, 0.4926282392129852, 0.27174058467730094, -0.030820113765550466, -0.14999607496813822]], "inverted": true, "swapped": false, "error_lsq": 0.05058069971887306, "error_max": 0.2914544598383267, "target": "703.xyz", "model": "19.xyz", "model_rescale": 3.9282355846067225, "target_rescale": 4.106633815256367},
{"mapping": [3, 4, 5, 10, 11, 6, 12, 13, 8, 9, 0, 7, 2, 14], "R": [[-0.8624341881294716, -0.32127312891463566, 0.3911404450870036], [-0.40966711809767464, -0.010819491934043357, -0.9121709220008251], [0.2972879471068501, -0.9469247674613276, -0.1222839371025714]], "T": [-0.10070611877774102, -0.02691841320890237, 0.060695664057084056], "aligned_model": [[-0.679621435653554, -0.14735727552299258, 0.4795940118184583, -0.33651268070168067, -0.5516414502575978, 0.2521895720371842, 0.006453704439067454, 0.5399529919939126, -0.24224072939014138, 0.06222802350703757, -0.03491799757716538, -0.41472777066118083, 0.6602522736051668, -0.06112841855183803], [-0.47168168863932786, -0.757688348474143, -0.39919796781699307, -0.23802385304570184, 0.15902465080475212, -0.272595403783471, 0.4774112657874107, 0.182659866662703, 0.6549343706934427, 0.23876732134973994, -0.7548881891077897, -0.22743693504016269, 0.06342200555376118, -0.13182500751938458], [0.1315530240759522, -0.24043483457506498, -0.02478174671566033, -0.5955753119187048, -0.14748309129163928, -0.6287930395076582, -0.5180893647176289, -0.1551309118658301, 0.12478553061789789, 0.5977314264015194, 0.5514183311308173, 0.7119514603645173, 0.5103579350647723, 0.09467375018039277]], "inverted": true, "swapped": true, "error_lsq": 0.04115384974884664, "error_max": 0.2697509521488478, "target": "703.xyz", "model": "20.xyz", "model_rescale": 4.067790424073018, "target_rescale": 4.106633815256367},
{"mapping": [3, 2, 4, 12, 11, 6, 13, 0, 7, 8, 10, 9, 1, 5, 14], "R": [[0.8793452799621121, -0.4379379477215142, -0.18698190434858433], [0.3852492565227059, 0.42348397492940754, 0.8199050758024928], [-0.2798837061299875, -0.7930142980573915, 0.5411039032565609]], "T": [0.061336176133402476, 0.07797742850332189, -0.14908270199612947], "aligned_model": [[-0.5454040026568656, -0.043532160931550976, 0.611533591107551, -0.6484890506344027, -0.1821879927289804, 0.30007622149057644, 0.3944590174996988, -0.3403381328134063, -0.08519993130278136, 0.34485331375247297, -0.046361777227058795, -0.30475457023305796, 0.3301506995709874, 0.6431161875225165, 0.03476760137974781], [0.3691237060576389, 0.7854474546130457, 0.6590506202340466, -0.2064903204435382, -0.2583430144613026, 0.33021580030393494, -0.5008242116501127, 0.5672556096687538, 0.09279106160043642, 0.2940194070123186, -0.7335999998366017, -0.4389993065894916, -0.4117805817543637, 0.023411998676687654, 0.004736903900339137], [-0.669510619347455, -0.3545351918239973, -0.19500922095752837, -0.19641254618378212, -0.6446801120005728, -0.8024860209573984, -0.35918110511461415, 0.17297729317326357, 0.5823348823568183, 0.29601480745911424, -0.11698830677215619, 0.30120889271391305, 0.45190061279411964, -0.0652927677927726, -0.14505410800946472]], "inverted": true, "swapped": false, "error_lsq": 0.04873226291318056, "error_max": 0.37487417370661436, "target": "703.xyz", "model": "21.xyz", "model_rescale": 4.186013935880536, "target_rescale": 4.106633815256367},
{"mapping": [6, 10, 12, 2, 0, 13, 5, 4, 8, 11, 3, 9, 14], "R": [[-0.757908424794978, -0.43308874380373086, -0.4878616193300121], [0.41475046083139155, 0.2573497790104366, -0.8727847079798247], [0.5035443127123407, -0.8638317146492053, -0.015423809557649881]], "T": [0.019413482451153843, 0.08055632073684135, 0.09219560645232004], "aligned_model": [[-0.12345789980597907, -0.4434344089950465, 0.32582574929884756, 0.6560752872363832, -0.3744254408118127, 0.5116287091704755, 0.06483574581134646, -0.6378014422890965, 0.4682182193218266, -0.16156908180207688, -0.6498560326349994, 0.45073996424485835, -0.0282053333215018], [-0.33906507651389217, 0.14225566318287083, 0.31910811970767217, -0.4641498072174546, -0.43142038619848433, -0.2866755102164067, -0.604020910998373, -0.33444692638944007, 0.6154169451770316, 0.5518454257140101, 0.2548777770376205, 0.1114817939934585, -0.016250447732518908], [-0.5888277967712309, -0.4671136602408268, -0.5786458981485545, 0.3877835031338942, 0.6903992185879058, -0.25967541452503756, -0.017063388063302307, -0.058540764384284724, 0.05268362727814144, -0.07024755707364176, 0.33646682211922585, 0.5377794206940741, 0.13788144872898256]], "inverted": true, "swapped": true, "error_lsq": 0.04413269099149269, "error_max": 0.24333818547319083, "target": "703.xyz", "model": "22.xyz", "model_rescale": 4.166573947596378, "target_rescale": 4.106633815256367},
{"mapping": [3, 2, 6, 8, 9, 12, 14, 4, 5, 1, 10, 7, 13, 12, 15], "R": [[0.525690484303422, 0.8506193981552513, 0.00980582453604567], [0.17295069636063964, -0.09558454458125176, -0.9802814144242279], [-0.8329091014877936, 0.5170205356842151, -0.19736310278165925]], "T": [-0.030485389089421163, 0.06546782506000003, -0.2018808173412186], "aligned_model": [[-0.3422518853056538, 0.021564259253071105, 0.53692437659992, -0.817143655189461, -0.21964953275221477, 0.5529832808145673, 0.43181618853248044, -0.6111690670315746, 0.24366710269846653, 0.0059314370764437, -0.02733289304066742, -0.24384806882838544, 0.39612294049244096, 0.5529832808145673, -0.017908750338552895], [0.3832971067260136, 0.735166125861678, 0.5133524312063957, -0.12149799109259814, -0.25224900442350484, 0.0783873384806136, -0.5489111762291335, 0.501245052220447, -0.014349220148927588, 0.5549203200429719, -0.6439552461705053, -0.29296205870379016, -0.49352463587098794, 0.0783873384806136, 0.09870874695250516], [-0.6058769207491399, -0.24193402195533048, 0.03592828539523851, -0.21895993289377852, -0.6748735332442921, -0.499838452992098, -0.38841086136499986, -0.0889286689574034, 0.5788442506192983, 0.31504193394188235, 0.038223745044877466, 0.3789754755315537, 0.269654865984482, -0.499838452992098, -0.1427212218307047]], "inverted": false, "swapped": false, "error_lsq": 0.04601047139499144, "error_max": 0.4465026786095623, "target": "703.xyz", "model": "23.xyz", "model_rescale": 4.274766983524099, "target_rescale": 4.106633815256367},
{"mapping": [0, 9, 2, 5, 13, 6, 4, 10, 3, 11, 14], "R": [[0.9564485290924922, -0.13314851170496475, -0.2597646724009275], [-0.28870373220774964, -0.30014507431233645, -0.9091551514320084], [0.04308556842057765, 0.9445551377218775, -0.3255137871075215]], "T": [0.04130853168840551, 0.2808921543239854, 0.09650140401449572], "aligned_model": [[0.3118589461279033, 0.09402827413481155, -0.4461778733889816, -0.45217973389691, -0.6524352236944639, -0.5377335233729669, 0.061503924206950444, -0.008112586531743474, 0.6524713098310939, 0.31921649060105217, 0.03745469994132973], [-0.26004099063656205, 0.6980980108148898, 0.49823349137813766, -0.10545473315886672, 0.4068238663833755, -0.16973922710031464, -0.5066850421268144, -0.12058543682816414, -0.1141654119786592, 0.39784264946284736, 0.19125935503361394], [-0.5432412109667504, -0.36033965847112004, -0.6138048484148515, -0.20325201191847822, 0.03478375460737276, 0.4456845668142483, 0.17520916520359883, 0.7025006879743279, 0.1880855657118642, 0.5327875927369438, 0.021152830744421508]], "inverted": true, "swapped": true, "error_lsq": 0.05082680992515072, "error_max": 0.2806360116748461, "target": "703.xyz", "model": "24.xyz", "model_rescale": 3.7841303162186577, "target_rescale": 4.106633815256367},
{"mapping": [8, 0, 10, 4, 2, 9, 12, 1, 11, 7, 5, 3, 13, 14, 15], "R": [[0.2052808069120164, -0.9382572306641641, -0.27844776784877484], [-0.249407922103342, -0.3252646279253552, 0.9121395782514177], [-0.9463907642753309, -0.11779766944636061, -0.300779371578839]], "T": [0.022108843367548335, 0.13568488075144233, -0.09510862811850462], "aligned_model": [[-0.24123643433202732, -0.2208392016095825, 0.6407417085042304, -0.6512260410922732, -0.21558367920234295, 0.37077888961953465, 0.31296863314753437, -0.6123863521962185, 0.2822561317372066, 0.048809984422579854, -0.25288325389277366, -0.21233979346308657, 0.46408990685874724, 0.7648734846871725, -0.015334969393253892], [0.3643635861367627, 0.8290207310611077, 0.606207698943368, -0.18558733306800282, -0.22661879695113554, 0.023866177331645894, -0.5310822056327349, 0.4617308949210388, 0.11863229613186912, 0.6451468711619531, -0.6756648525538479, -0.48983332479635755, -0.38363774161663955, -0.09746460145710514, 0.11693572771986942], [-0.5724063319213726, -0.13500343315320557, -0.06109743862583013, -0.10553172052847389, -0.712385986981415, -0.5512516812699002, -0.30957107618816865, -0.3052186879771901, 0.6270133607963825, 0.30805522131938734, -0.2833364213730808, 0.3551831648887286, 0.2882407564942377, -0.24755851779303956, -0.039844718149572605]], "inverted": true, "swapped": false, "error_lsq": 0.04657758107193855, "error_max": 0.3354162858522347, "target": "703.xyz", "model": "25.xyz", "model_rescale": 4.19342608120988, "target_rescale": 4.106633815256367},
{"mapping": [10, 11, 12, 5, 6, 4, 13, 0, 8, 3, 9, 14], "R": [[-0.35144608170814506, 0.2557505645965913, 0.90059830133113], [0.150696523216553, 0.9648736591393247, -0.2151961425991024], [-0.9240001133887564, 0.06008719171017301, -0.37764178774329277]], "T": [0.10484224187336486, 0.07720289277878577, -0.04289572958581386], "aligned_model": [[-0.2033833431624172, 0.3947177797272763, 0.12212886663698838, -0.5200853915423784, -0.5795158941125097, -0.5031058250208625, -0.2183919324545842, -0.20394300613661145, 0.6791025017857999, 0.16647117872562422, 0.4375033448933221, 0.026310275292133742], [-0.5731262677448394, -0.3576238044161214, -0.4168835592695938, 0.3555419848649557, -0.2882687344355343, -0.11026116283028371, 0.2051316533954174, 0.6154974818661323, -0.027612403190759582, -0.11131645122808893, 0.582101864847857, 0.1395958258818393], [0.0708179766473333, 0.047402699916874194, -0.6398911339807329, -0.16388952658227945, -0.28449799788676566, 0.4284183713424867, -0.6594199896412458, 0.5815779795997993, -0.4279953057066972, 0.6632490231607777, -0.18416664962263993, 0.017653013962511004]], "inverted": false, "swapped": true, "error_lsq": 0.0418767306052435, "error_max": 0.20610474686165692, "target": "703.xyz", "model": "26.xyz", "model_rescale": 3.795458400668931, "target_rescale": 4.106633815256367},
