[{"mapping": [1, 3, 0, 12, 11, 5, 2, 6, 8, 9, 7, 4, 13], "R": [[-0.32191253897948713, 0.5125335495216982, -0.7960412538697157], [0.8841851212675615, -0.13787275562932155, -0.44632698168970764], [-0.3385099534383698, -0.8475260844775613, -0.40879156981680326]], "T": [-0.08272642821176023, -0.23588938930037343, -0.035882133264374186], "aligned_model": [[-0.0657191272942134, -0.23209551334990203, 0.5558702227384518, 0.23718053116703003, -0.4017170223022717, -0.8124726318204668, 0.27391272571950764, -0.5123361157519638, -0.4275260665244066, 0.5783919482991794, 0.15947862138611735, 6.507169052273609e-05, -0.045396466540707336], [-0.6771501751544371, -0.008008287029090538, -0.3362190683315103, -0.6999657539103682, -0.3929970204334612, -0.43161373456678004, 0.3137289060908838, 0.38219529931972496, 0.2075159358792341, -0.16285039545166793, 0.18192946787006378, 0.689004099558583, -0.1790343927729309], [-0.4074245723018627, -0.48193076898737686, -0.45723793004579816, 0.09607419710667663, 0.5646376698768818, -0.07542602571711794, -0.438357584272385, -0.16987138004432134, 0.5073342680385824, 0.27125133834257176, 0.5456319241904293, 0.19021923431512072, 0.1121511251166445]], "inverted": true, "swapped": false, "error_lsq": 0.052527973825085346, "error_max": 0.2905409619628085, "target": "705.xyz", "model": "0.xyz", "model_rescale": 3.8414455957264533, "target_rescale": 4.0299469859504224},
{"mapping": [0, 7, 13, 11, 1, 4, 9, 2, 3, 12, 10, 6, 14], "R": [[0.5229436948326819, 0.8461087488242727, 0.10310129581032007], [0.8329240315850468, -0.532950906940686, 0.1489996255002423], [0.18101781581616522, 0.007957132280191709, -0.9834476266700839]], "T": [-0.029156790374583404, -0.004545063005819111, -0.009028135160609237], "aligned_model": [[-0.2618064824867552, -0.2618324459783076, 0.514841295289207, 0.34376309550888723, -0.3092242393841912, -0.5607092500143698, 0.21957718332974605, -0.5352681137900583, -0.5803090545855764, 0.5736068574743429, 0.18902789831318814, 0.016393117762749276, -0.04042368402198457], [-0.608610252824457, -0.047726863408516604, -0.3683732302035573, -0.7224680082088394, -0.6362508929357257, -0.10421423873223001, 0.25377944093757476, 0.5033154516130597, -0.1446872016834372, -0.21596225856505713, 0.25278924617293896, 0.7715045946883996, -0.04656090578191013], [-0.3353665127943953, -0.6064830485544823, -0.39183637460562953, 0.2588949985804964, 0.511556017120807, -0.06677995685570354, -0.5894672284176837, -0.1837672367381177, 0.5294588606545314, 0.4084264110127382, 0.5864177442878102, 0.06646562911836298, 0.06953219280931089]], "inverted": false, "swapped": false, "error_lsq": 0.04706823435326463, "error_max": 0.28102648274677755, "target": "705.xyz", "model": "1.xyz", "model_rescale": 4.316132596720782, "target_rescale": 4.0299469859504224},
{"mapping": [4, 10, 8, 0, 5, 3, 1, 2, 11, 9, 6, 12], "R": [[-0.41305878225541, -0.8624242107198048, -0.29258660797445873], [-0.4175189600078114, -0.10619195104474327, 0.9024417917889809], [-0.8093579927545493, 0.4949219638464559, -0.3162149415614227]], "T": [0.07144949822125457, 0.04814098504238385, -0.11803195511746406], "aligned_model": [[-0.37842824444739476, 0.5051420307678577, 0.05113686256882197, -0.6420263147845665, -0.38611259203776865, -0.43084785767503864, -0.2373827284592448, -0.0923618275632726, 0.7535352724272347, 0.21435558444728292, 0.27865304575805927, -0.037854676370189744], [-0.6424499420747177, -0.3028098805663984, -0.6885137803672332, 0.4473539787986498, -0.27148880640575984, -0.03158303291356649, 0.3949367487178495, 0.5405929658115065, 0.22129019861124044, -0.1543111269512444, 0.5349017010901939, -0.035142596009539596], [0.1159108608235053, -0.04301623869421525, -0.3617744834649959, -0.06065349447537474, -0.48466492801090444, 0.48002694882401437, -0.6823526890752802, 0.49836770386352985, -0.38275570602995546, 0.5650110189028483, -0.1728578152878219, -0.021982716165929214]], "inverted": true, "swapped": true, "error_lsq": 0.05067213491126744, "error_max": 0.30036275642659926, "target": "705.xyz", "model": "2.xyz", "model_rescale": 3.795458400668931, "target_rescale": 4.0299469859504224},
{"mapping": [8, 10, 11, 2, 5, 0, 6, 4, 9, 3, 1, 12], "R": [[0.0888104972089166, -0.9141748760628087, 0.3954705950649851], [-0.526274709626969, -0.3801610593929409, -0.7606000913280818], [0.8456640146018717, -0.1405769002958353, -0.5148694101523805]], "T": [-0.08378702215678066, -0.018871257206357874, 0.06066935281343029], "aligned_model": [[0.07795284172596917, -0.16460070325972018, -0.7616921433361785, 0.21537888181704032, 0.10239451074491401, 0.24082657690731393, -0.454098224603411, 0.6421570490340989, 0.3532758724451954, 0.6572831865813912, -0.3983980540289548, 0.08282403171590721], [-0.20072577008762058, -0.5373435028998133, -0.34213322705709864, 0.022002833471616027, 0.37154350756696924, 0.6716629598762036, 0.05576975007328441, -0.0797562737983237, -0.5416018094243501, 0.04674222743969719, 0.6360023033391883, -0.01639395321004301], [-0.6763872388191268, -0.14314124544120138, 0.09597747309514824, 0.8077441241860004, -0.448112285111363, 0.35983409708427944, 0.43506688634890167, -0.39025555596063016, 0.313029229635499, 0.31135405860238546, -0.018470112923318557, 0.04213199994252609]], "inverted": false, "swapped": true, "error_lsq": 0.056728373794638, "error_max": 0.3981448417705801, "target": "705.xyz", "model": "3.xyz", "model_rescale": 3.7530521520055578, "target_rescale": 4.0299469859504224},
{"mapping": [0, 1, 6, 11, 2, 8, 3, 5, 4, 10, 12], "R": [[0.7657400550555458, 0.63439706365377, 0.1057474997860669], [-0.5467600370805105, 0.5555372423900446, 0.6264437996894721], [0.33866743264631816, -0.537511616567623, 0.7722600806202611]], "T": [0.05784507853333488, -0.008360661368273833, -0.037225806636831206], "aligned_model": [[-0.4443622940820432, -0.30864714953599376, 0.3665234007478032, 0.6285712184199472, 0.2640570527507453, -0.25784771915854454, -0.2117652059481494, -0.5689665154342601, -0.46655685204278574, 0.36881304437133605, -0.031619377642850034], [-0.6429016538814062, -0.10484737402280452, -0.24701290225552502, 0.2997004832049642, -0.7617837436449487, 0.6505270623771406, -0.4796943794975253, 0.2171170301133017, 0.1810586157250978, 0.39982258143805227, -0.044782361242000884], [-0.16705847427106382, -0.6621068335213688, -0.3986645719304664, -0.4175813275448592, 0.16056682263098387, 0.22485870583224646, 0.529773158105962, -0.08426879918635785, 0.6132801547262832, 0.1942227731458512, 0.09980916925810565]], "inverted": false, "swapped": true, "error_lsq": 0.05183167510636781, "error_max": 0.31847826500873383, "target": "705.xyz", "model": "4.xyz", "model_rescale": 3.7855080009869324, "target_rescale": 4.0299469859504224},
{"mapping": [5, 10, 4, 0, 2, 9, 6, 15, 14, 1, 12, 13, 16], "R": [[0.9139727710212662, 0.19184993676471945, -0.35755751368847144], [-0.29879976206781084, -0.2779819854485545, -0.9129319350062739], [-0.27454048156861655, 0.9412330304071637, -0.19674325007638593]], "T": [-0.035049245098039444, -0.021065660497402036, -0.046442166409958616], "aligned_model": [[-0.03510625221160532, -0.5151236248200959, 0.5910313345531768, 0.27735866586417746, -0.27381674936139566, -0.7042328808724878, 0.4651613978511121, -0.7032531316472342, -0.4392957474347936, 0.5082317874092697, 0.1536698497925984, 0.056795738377279054, -0.07378421008312344], [-0.6945056662766746, -0.1223616917166127, -0.32732541684933936, -0.7289744308781715, -0.45877669020424316, -0.23202179695158393, 0.2793233987419746, 0.455144131308907, 0.1367242062475092, -0.32699988180843176, 0.24040762361092088, 0.688009498934375, -0.0221084030903865], [-0.4954207850384025, -0.5851739902963927, -0.29388681332760164, 0.0522510618619136, 0.49870443860516617, 0.07440811018491489, -0.3390729813229497, -0.1241975962795084, 0.47258049382174355, 0.38292237676748625, 0.5527924186495317, 0.07036774824893045, -0.009222986256786914]], "inverted": true, "swapped": false, "error_lsq": 0.038663178824311736, "error_max": 0.22897568513034988, "target": "705.xyz", "model": "5.xyz", "model_rescale": 4.2253639853439635, "target_rescale": 4.0299469859504224},
{"mapping": [11, 12, 8, 5, 2, 6, 9, 7, 3, 10, 4, 0, 13], "R": [[-0.47342519231866315, 0.6388686693865195, -0.6063954242524714], [0.6803412468544738, -0.17204608208691435, -0.7124155623419822], [-0.5594679393017412, -0.7498312936353354, -0.35319775760701333]], "T": [0.055045900911618456, -0.0591549210726416, 0.03577242496651825], "aligned_model": [[-0.2035075492901506, -0.4537770248144094, 0.6502430538259476, 0.08428562653073618, -0.10030841647324393, -0.53159917087874, 0.3657265326892445, -0.6341259438055842, -0.5102114518448789, 0.5690391342696869, 0.1123787075632959, -0.048063430632634435, 0.007556110277607428], [-0.5547706839532212, 0.0636013091217341, -0.34512044392172614, -0.6880690753458714, -0.40919101534942887, -0.32218403720613314, 0.25584974814050065, 0.2948130821715354, 0.14782668283794298, -0.46683356499442424, 0.2248107335141955, 0.7314227795535088, -0.045620633500369254], [-0.5055859755282472, -0.7371272468364279, -0.29563207787406953, 0.10175190246666119, 0.5866910948358266, 0.05529707434182107, -0.3847582289667677, -0.13493210676984205, 0.4108087078721332, 0.45781691757524023, 0.6815183258462963, -0.05035547032743251, 0.07155857898285262]], "inverted": false, "swapped": false, "error_lsq": 0.04812159119622377, "error_max": 0.2503688940992221, "target": "705.xyz", "model": "6.xyz", "model_rescale": 3.89814844738969, "target_rescale": 4.0299469859504224},
{"mapping": [7, 3, 11, 4, 2, 0, 8, 6, 1, 10, 5, 9, 12], "R": [[-0.11438980064074764, -0.5058354924353868, -0.8550119461750343], [0.9621473405559872, -0.2707110532802042, 0.031432796454714695], [-0.24736100858949261, -0.8190518788358723, 0.517654857221505]], "T": [-0.05711008885452948, -0.16969343207950943, -0.04058648664376038], "aligned_model": [[-0.16149239346526356, -0.584392454123567, 0.6786172035788135, 0.1852905901038502, -0.0882528090873865, -0.6327392757990136, 0.15317510591359002, -0.38860989059432205, -0.626344889307919, 0.43597447054708804, -0.1322613766212832, 0.4242681317726307, 0.04440376449965944], [-0.5853813767624036, -0.000977215193441211, -0.219508375643376, -0.7510033098227, -0.4683231033485237, -0.3038710871035768, 0.2146941898859091, 0.4124370495277248, -0.0003967164535687573, -0.13770172999459282, 0.3883613723333286, 0.5584837882588793, -0.22027860461541543], [-0.5381631608110882, -0.6287106930031432, -0.37459874957648687, 0.09658685356120425, 0.6008168926233157, 0.00012940089640406383, -0.5560601186132709, -0.1333649047052142, 0.5611667651670625, 0.502320329789363, 0.49373899772281515, 0.14909435983447678, 0.08409552273260593]], "inverted": true, "swapped": false, "error_lsq": 0.053452327773979194, "error_max": 0.38593115598198946, "target": "705.xyz", "model": "7.xyz", "model_rescale": 3.7474275329858107, "target_rescale": 4.0299469859504224},
{"mapping": [7, 9, 10, 6, 3, 8, 12, 4, 2, 0, 1, 13, 14], "R": [[-0.5483537257300508, 0.8018921832691142, -0.23722798715553345], [0.831747736122102, 0.5523837280407515, -0.05538881160992272], [0.0866250248700145, -0.22768650247147904, -0.9698736833518965]], "T": [-0.014891436224021802, -0.06959629351109986, -0.037262803737891266], "aligned_model": [[0.05729133022366451, -0.42546331792795683, 0.6271888217605701, 0.18951564345284144, -0.267271636723108, -0.6923413110024024, 0.39816691123246645, -0.6153131502446931, -0.43720102901014835, 0.37367695389293276, 0.24493003877185657, -0.11138812775194712, -0.03415494925719844], [-0.5648055290838643, -0.256065047000155, -0.36567915179876287, -0.8528571369607844, -0.5575861743893489, -0.12372225833536807, 0.3533793361279584, 0.42588233401009495, 0.2066470472936754, -0.37085048003769605, 0.2148437250306401, 0.7965287541200183, -0.019180537908164937], [-0.4992531641951354, -0.651266528494286, -0.31172818046674194, 0.07071078235708833, 0.42350248091481085, 0.020550369078717594, -0.21366302235258836, 0.041607601660571085, 0.6364832317618948, 0.4014555101368301, 0.6080189153839148, -0.2577795130429375, -0.011586987124093652]], "inverted": false, "swapped": false, "error_lsq": 0.05780700352128762, "error_max": 0.3373514319984877, "target": "705.xyz", "model": "8.xyz", "model_rescale": 4.019505241142653, "target_rescale": 4.0299469859504224},
{"mapping": [5, 6, 3, 4, 8, 11, 2, 10, 9, 0, 1, 1, 12], "R": [[0.19634550823907648, 0.6569431501965739, 0.7279245419713094], [0.8023811937211012, -0.5343478141731434, 0.2658135313543778], [0.5635892665381765, 0.5318816700152259, -0.632035622211893]], "T": [-0.06754656447036439, -0.09355796992329361, 0.026386645960564847], "aligned_model": [[-0.10322014476207747, -0.3953946876372269, 0.559479889442468, 0.416986390080002, -0.3099298850207194, -0.6161725995282408, 0.33173257824339414, -0.5823171003036698, -0.5176429696475595, 0.5256591028550845, 0.040112478274635224, 0.040112478274635224, -0.08176935285384797], [-0.6080977825872489, 0.0972320506002962, -0.48917340096010326, -0.7378067661988005, -0.5282281891683136, -0.38560106867257476, 0.09567720185399133, 0.6539542425879322, -0.008833703876480595, -0.11062531016144693, 0.5175223353960416, 0.5175223353960416, -0.12700706314109145], [-0.40314902891972965, -0.5934331779975521, -0.40810968838625705, 0.22072134614396977, 0.4829488627575441, -0.00475538548539094, -0.36698134736482724, -0.09368227509002279, 0.5339052034733298, 0.29183310048812816, 0.29339917963008205, 0.29339917963008205, 0.010955526738687996]], "inverted": true, "swapped": false, "error_lsq": 0.05481747451960185, "error_max": 0.4120807726438566, "target": "705.xyz", "model": "9.xyz", "model_rescale": 3.877068213659057, "target_rescale": 4.0299469859504224},
{"mapping": [12, 6, 11, 0, 1, 3, 10, 13, 4, 8, 2, 14, 15], "R": [[0.34522437887589114, -0.8757204828430878, 0.33754075925556665], [0.40791453803285926, -0.1838982106339992, -0.8943082118526322], [0.8452371607372657, 0.44642477983942874, 0.29373297066234044]], "T": [-0.08422828457244308, -0.05713094686072731, 0.06087459336810379], "aligned_model": [[-0.10898827281119411, -0.334711446729652, 0.5206795212241762, 0.2459177427319998, -0.1415643287586455, -0.6894605754408973, 0.3093560787610214, -0.5029699830703465, -0.5559270037341397, 0.5474588689299922, -0.05007443650998476, 0.11612096886707407, -0.048200956042526666], [-0.5802204362609668, 0.03585945861678472, -0.34082780132650725, -0.7803970340332174, -0.7226415653663522, -0.21566972856865932, 0.19303831650262052, 0.5834750547161064, -0.054646912481532264, -0.19994643725179498, 0.4442090860980846, 0.6634089890059246, -0.1391061085822472], [-0.47200395262051437, -0.4949271204559012, -0.2525865964405322, 0.02018302870071552, 0.6146929795713546, -0.04552405095085606, -0.4736508672673175, -0.04829425130153682, 0.5462454079618416, 0.48027656238165944, 0.49428784185606695, -0.1631877285561652, 0.05154024273922986]], "inverted": true, "swapped": false, "error_lsq": 0.03848698540187438, "error_max": 0.21185314874599542, "target": "705.xyz", "model": "10.xyz", "model_rescale": 4.260839863003843, "target_rescale": 4.0299469859504224},
{"mapping": [7, 5, 4, 8, 9, 10, 11, 1, 0, 2, 6, 12], "R": [[-0.43219008633460043, 0.23439546197994782, -0.8707872855510108], [0.6544035287861969, 0.7459065689485072, -0.12401375694510461], [0.6204576945983216, -0.6234437888075179, -0.4757626418825494]], "T": [-0.01940868324591929, 0.090284710765797, -0.0057983789213510994], "aligned_model": [[0.5014726461094987, 0.15663581541123647, -0.5240718536998051, -0.29835861512170675, -0.6862869752727132, -0.39645302404031124, 0.12826043575723736, 0.6888083066583701, 0.35460151299190856, -0.12801229341683137, 0.2801251376956553, -0.11782244397840824], [0.03717328218956673, -0.5040195843946168, -0.5967044298218193, -0.29915939716786244, 0.2044789867768734, 0.3169003238980168, 0.7369854081791888, -0.08805525014060742, -0.34332216823542483, 0.24999003875888248, 0.4914454927103823, -0.03263419721964546], [-0.6133438621060399, -0.25430742520036914, -0.09179871727887182, -0.6165384946787358, 0.25913505128210074, -0.3570333565764299, -0.3597367310234199, -0.03274444114170205, 0.5805568764203015, 0.7765002261388063, 0.17371400751586097, 0.05177494404400357]], "inverted": false, "swapped": true, "error_lsq": 0.04674020330023678, "error_max": 0.23562841062924797, "target": "705.xyz", "model": "11.xyz", "model_rescale": 3.890672605050136, "target_rescale": 4.0299469859504224},
{"mapping": [2, 4, 10, 11, 6, 0, 12, 3, 8, 9, 5, 7, 13], "R": [[0.5501348122213713, -0.510937056974216, -0.6605263145346169], [-0.21337208814449, 0.6787170519916144, -0.702720083202887], [0.8073562041521803, 0.527528660023642, 0.2643661711918608]], "T": [-0.11093221329464593, -0.22402329396714502, 0.11570769724070085], "aligned_model": [[-0.037656621212259725, -0.2730748664446155, 0.498863568288996, 0.16882343411925937, -0.232434787886236, -0.6882316006212471, 0.43144301285225733, -0.7546317189606709, -0.5268898472192887, 0.5392521935706811, 0.29032554042017905, -0.022516887476232775, -0.08563524201394535], [-0.5931818626027533, -0.09048487108338868, -0.311707492779453, -0.6827191395878329, -0.5273382655655923, -0.2309604939037758, 0.2091063596809654, 0.3727707567893236, 0.18330500968766292, -0.2940968736419787, 0.32647614774556766, 0.6146939017362806, -0.08932829540678286], [-0.4875474498360338, -0.5528237481441436, -0.5323672139262113, -0.0030233553344403696, 0.5903607245284299, -0.008275496767946769, -0.1551427484628946, -0.17160913726266785, 0.5402709383010198, 0.5378099911483971, 0.49109384721534244, -0.009593404383374082, 0.01789854854256777]], "inverted": true, "swapped": false, "error_lsq": 0.050092291924613, "error_max": 0.3087348180066607, "target": "705.xyz", "model": "12.xyz", "model_rescale": 4.124412569039231, "target_rescale": 4.0299469859504224},
{"mapping": [1, 4, 8, 6, 3, 0, 2, 4, 5, 9, 7, 10, 12], "R": [[0.03125847531762682, 0.6621495352191563, -0.7487195073790134], [0.9157541153270957, -0.31914402176866125, -0.24401125718050873], [-0.4005212952919051, -0.6780155502482073, -0.6163421173660901]], "T": [-0.031531752470748915, -0.14190175428300422, 0.1394046044197833], "aligned_model": [[-0.09942647127906346, -0.5029620532913652, 0.5658469227800416, 0.2695181758483505, -0.16788898031577554, -0.5817530241063226, 0.1785450186888178, -0.5029620532913652, -0.5741712841963469, 0.48982094267962173, 0.04255543294757846, 0.19364115495113873, -0.003127603998432947], [-0.5714855497843991, 0.2458605217069616, -0.25827472345106534, -0.7304796190326541, -0.7033367512313408, -0.3263566200150135, 0.18436358968230082, 0.2458605217069616, 0.3085882637756841, -0.2549019248765972, 0.2335754646042022, 0.5527164322191843, -0.0395947242359819], [-0.5488630533335709, -0.35624662834050297, -0.2407166542609992, 0.03665319289718044, 0.5576758398424067, 0.13881456921399293, -0.6298900005237928, -0.35624662834050297, 0.4157141433617435, 0.49163123700973343, 0.6359986252955518, 0.032575727045284886, 0.07995112575151896]], "inverted": false, "swapped": false, "error_lsq": 0.05703419363009602, "error_max": 0.33432543716900087, "target": "705.xyz", "model": "13.xyz", "model_rescale": 3.9028299243045295, "target_rescale": 4.0299469859504224},
{"mapping": [12, 8, 11, 14, 10, 5, 1, 0, 4, 9, 3, 2, 15], "R": [[-0.6160427018486536, 0.7836201209514111, -0.08019286463961123], [-0.4500025803897323, -0.4336597668285944, -0.7806643864534566], [-0.6465207399160475, -0.44483560185113924, 0.6197840109135935]], "T": [-0.046199560367655004, -0.05101660099452911, 0.042533337267284324], "aligned_model": [[-0.04154429838432795, -0.5704233231799216, 0.541100156258434, 0.27905470103463925, -0.22227843725619212, -0.4962531425938183, 0.498619755950983, -0.6232341740480923, -0.5458641721569101, 0.5635530603974056, -0.0747222582360589, -0.02656989117357164, 0.026198200804308222], [-0.38351458073625605, 0.1261303822260676, -0.4122817889066679, -0.8700638938681294, -0.5793196378667478, -0.2682871935193398, 0.11722864563811473, 0.5413187622964621, -0.0005027577973678726, -0.30234312894771725, 0.44252254219072573, 0.55584103321551, -0.0801935028564108], [-0.5687470492693874, -0.4962760468347504, -0.22284035244525818, 0.1226697850237677, 0.5377552394426999, -0.0685841519253193, -0.2690179511178206, 0.10072510003768774, 0.49766727497535534, 0.4498196914221931, 0.422395174108554, -0.3739858789090041, 0.1254706611093271]], "inverted": false, "swapped": false, "error_lsq": 0.05781733576034705, "error_max": 0.41473861372121273, "target": "705.xyz", "model": "14.xyz", "model_rescale": 3.942246331269136, "target_rescale": 4.0299469859504224},
{"mapping": [0, 8, 1, 5, 9, 6, 12, 11, 10, 3, 4, 13, 14], "R": [[0.0030764107885379866, 0.9280296176099553, 0.3724937107326516], [-0.09724482276913327, 0.37100764757916765, -0.9235241035741146], [-0.9952557360504184, -0.03338194536710326, 0.09138744761862932]], "T": [-0.10000656969298757, -0.13356912264823156, 0.051733869907202364], "aligned_model": [[-0.05705243641251846, -0.5311747294402545, 0.6338230867052341, 0.2635546849497762, -0.5365915788836727, -0.6571551399267267, 0.5040691989074676, -0.5651755629303679, -0.3792493551097388, 0.5725272350931767, 0.03922690804126214, 0.07971029422300785, -0.05887642779976876], [-0.5267298482801162, -0.017596475357149505, -0.3700286883853695, -0.6253677917894692, -0.681682135960745, -0.16576452060053215, 0.20767427856788861, 0.41206329364228217, -0.018463445571011747, -0.06312517596499992, 0.2855415428755261, 0.6314467235254426, -0.18143287563350335], [-0.5681831157634526, -0.580314616672937, -0.19771020186539062, 0.22125331228063955, 0.4481275637518542, 0.015150863256379495, -0.3803791535935615, 0.04797904899968509, 0.6980887770135465, 0.2952166460869191, 0.437252048006321, -0.15655067208450002, -0.022879003797458573]], "inverted": true, "swapped": false, "error_lsq": 0.048870703818624066, "error_max": 0.2968479158783275, "target": "705.xyz", "model": "15.xyz", "model_rescale": 4.355366556412066, "target_rescale": 4.0299469859504224},
{"mapping": [4, 10, 8, 0, 5, 3, 1, 2, 11, 9, 6, 12], "R": [[-0.41305878225541, -0.8624242107198048, -0.29258660797445873], [-0.4175189600078114, -0.10619195104474327, 0.9024417917889809], [-0.8093579927545493, 0.4949219638464559, -0.3162149415614227]], "T": [0.07144949822125457, 0.04814098504238385, -0.11803195511746406], "aligned_model": [[-0.37842824444739476, 0.5051420307678577, 0.05113686256882197, -0.6420263147845665, -0.38611259203776865, -0.43084785767503864, -0.2373827284592448, -0.0923618275632726, 0.7535352724272347, 0.21435558444728292, 0.27865304575805927, -0.037854676370189744], [-0.6424499420747177, -0.3028098805663984, -0.6885137803672332, 0.4473539787986498, -0.27148880640575984, -0.03158303291356649, 0.3949367487178495, 0.5405929658115065, 0.22129019861124044, -0.1543111269512444, 0.5349017010901939, -0.035142596009539596], [0.1159108608235053, -0.04301623869421525, -0.3617744834649959, -0.06065349447537474, -0.48466492801090444, 0.48002694882401437, -0.6823526890752802, 0.49836770386352985, -0.38275570602995546, 0.5650110189028483, -0.1728578152878219, -0.021982716165929214]], "inverted": true, "swapped": true, "error_lsq": 0.05067213491126744, "error_max": 0.30036275642659926, "target": "705.xyz", "model": "16.xyz", "model_rescale": 3.795458400668931, "target_rescale": 4.0299469859504224},
{"mapping": [7, 3, 11, 4, 2, 0, 8, 6, 1, 10, 5, 9, 12], "R": [[-0.11438980064074764, -0.5058354924353868, -0.8550119461750343], [0.9621473405559872, -0.2707110532802042, 0.031432796454714695], [-0.24736100858949261, -0.8190518788358723, 0.517654857221505]], "T": [-0.05711008885452948, -0.16969343207950943, -0.04058648664376038], "aligned_model": [[-0.16149239346526356, -0.584392454123567, 0.6786172035788135, 0.1852905901038502, -0.0882528090873865, -0.6327392757990136, 0.15317510591359002, -0.38860989059432205, -0.626344889307919, 0.43597447054708804, -0.1322613766212832, 0.4242681317726307, 0.04440376449965944], [-0.5853813767624036, -0.000977215193441211, -0.219508375643376, -0.7510033098227, -0.4683231033485237, -0.3038710871035768, 0.2146941898859091, 0.4124370495277248, -0.0003967164535687573, -0.13770172999459282, 0.3883613723333286, 0.5584837882588793, -0.22027860461541543], [-0.5381631608110882, -0.6287106930031432, -0.37459874957648687, 0.09658685356120425, 0.6008168926233157, 0.00012940089640406383, -0.5560601186132709, -0.1333649047052142, 0.5611667651670625, 0.502320329789363, 0.49373899772281515, 0.14909435983447678, 0.08409552273260593]], "inverted": true, "swapped": false, "error_lsq": 0.053452327773979194, "error_max": 0.38593115598198946, "target": "705.xyz", "model": "17.xyz", "model_rescale": 3.7474275329858107, "target_rescale": 4.0299469859504224},
{"mapping": [3, 8, 11, 1, 2, 0, 10, 4, 6, 7, 9, 5, 13], "R": [[-0.5460071524241105, 0.8085700742746154, 0.21929574662828555], [-0.24226463323547687, -0.402960915206176, 0.8825703078505877], [0.8019875541334753, 0.4287620969765683, 0.41590747433925956]], "T": [0.040552521651462795, -0.08324008970373373, 0.019082917005568564], "aligned_model": [[0.06212582231492343, -0.3864335010033706, 0.6535692171291017, 0.05307573506191039, -0.23423789726560423, -0.7217330386422038, 0.3308851515461681, -0.6201577961365617, -0.4606497453110339, 0.5940517449986235, 0.010555187086935633, 0.06520958848026594, -0.03862429084227713], [-0.4324757970751165, 0.06027327659016149, -0.3762879467817466, -0.7745547569580586, -0.44789276701254666, -0.4267998108676939, 0.20486826382259213, 0.419235155971299, 0.11317083559385235, -0.2870126502631231, 0.3429498268600487, 0.6161976751820886, -0.12513642399351466], [-0.5624307928109138, -0.5412217334936936, -0.22600920105152977, -0.0020267200020927106, 0.5625453116683272, 0.024544907703260524, -0.5369206001687656, 0.033446951009589845, 0.571548162496841, 0.4876281499910906, 0.5340455183607106, -0.16367041067198368, 0.07557195258720344]], "inverted": false, "swapped": false, "error_lsq": 0.04298159467092429, "error_max": 0.2258841039479368, "target": "705.xyz", "model": "18.xyz", "model_rescale": 3.922800546911778, "target_rescale": 4.0299469859504224},
{"mapping": [9, 2, 7, 11, 4, 10, 3, 1, 6, 13, 8, 5, 14], "R": [[-0.23214781463994022, 0.5381023610010959, 0.8102797302431712], [-0.9111307123748164, 0.17132508404327626, -0.3748180098993698], [-0.3405116989550575, -0.8252839297251648, 0.4505088436558483]], "T": [-0.0049815833737966095, 0.039564135127339306, 0.04306404477216458], "aligned_model": [[-0.10945263916660719, -0.4521149174985677, 0.5786067567207795, 0.12393937010824432, -0.20858037593934273, -0.55030939942573, 0.3070028700496961, -0.590025054408032, -0.5571711724577906, 0.445084363806734, 0.0403297706830918, 0.224718097218904, 0.055608507725497386], [-0.471052034329217, -0.10004432061413185, -0.38693234769027235, -0.6584661813556425, -0.42631445098690374, -0.553858493716251, 0.14149388890514195, 0.4895015253451085, 0.038507190937982994, -0.2729133867222856, 0.3330544424322755, 0.7663971640290264, -0.012838115166588934], [-0.5823159292484563, -0.49888634353633515, -0.2971365115303192, 0.10117323331196765, 0.5582065626817336, 0.010386776225092556, -0.5059580583365775, -0.014063057553110547, 0.45640810543995997, 0.45732505952903774, 0.5780415907805969, 0.004521535526842556, -0.010651467672387963]], "inverted": false, "swapped": false, "error_lsq": 0.04456367280420529, "error_max": 0.31566303717782646, "target": "705.xyz", "model": "19.xyz", "model_rescale": 3.9282355846067225, "target_rescale": 4.0299469859504224},
{"mapping": [5, 6, 2, 1, 0, 4, 7, 8, 11, 10, 11, 12, 13], "R": [[0.7429442921226281, -0.6255441247974914, 0.2381770911186619], [0.35279900785262286, 0.6683501790999631, 0.6548594491608504], [-0.5688291824973575, -0.40249544845673446, 0.717238297298046]], "T": [-0.1229839260037598, -0.028445059535120845, -0.10263660275908494], "aligned_model": [[-0.0005264276075182123, -0.4301764293181062, 0.6147320807600941, 0.1440596828365669, -0.2381236784344184, -0.679109075364885, 0.2553595689121821, -0.7213053921091236, -0.25764067866890106, 0.538036815693015, -0.25764067866890106, 0.38895503435853834, -0.048984644971665575], [-0.5191750486172236, -0.11283227313248302, -0.3741755122566919, -0.7109540467133699, -0.5284232163716585, -0.15198926338972862, 0.2290475844934895, 0.44124029660514563, 0.06678201116492365, -0.019074688444019397, 0.06678201116492365, 0.6418369556433888, -0.14252992907845372], [-0.5841741310480084, -0.6730361277815051, -0.22495486707479762, 0.05347230059068546, 0.5113354391885789, 0.1709131968785852, -0.5253084784564972, -0.09728230046047731, 0.5946169632364732, 0.4498107921879144, 0.5946169632364732, 0.004297331326268181, -0.017255586205648293]], "inverted": false, "swapped": false, "error_lsq": 0.055903361919713755, "error_max": 0.4399998229206338, "target": "705.xyz", "model": "20.xyz", "model_rescale": 4.067790424073018, "target_rescale": 4.0299469859504224},
{"mapping": [6, 13, 4, 2, 3, 11, 5, 10, 12, 0, 7, 1, 14], "R": [[-0.49266119177094003, 0.3040851149326964, -0.8153632276471672], [0.30809770053833774, 0.9372221683479856, 0.1633720113118805], [0.813855489043249, -0.17072448574668286, -0.555420915091163]], "T": [-0.007984722384327222, -0.07235146510874059, 0.011020878179843402], "aligned_model": [[-0.08089093601787088, -0.40674368982291315, 0.618672209567299, 0.3528774458675428, -0.3300781338132288, -0.6239762717572434, 0.2386441802338008, -0.6271707710673082, -0.5351039585057881, 0.35804518909261285, 0.34038847251297527, 0.07319344269353134, -0.07022100156653266], [-0.6798004846843831, 0.20456280838981605, -0.39024630570121877, -0.7019709318621242, -0.7503195135261607, -0.26258067736541735, 0.12412699973572854, 0.4602704541188902, -0.0433707765165995, -0.21980453576713788, 0.4351302274886514, 0.7368492912886643, -0.02631167453046608], [-0.40520895655762734, -0.4933929163354108, -0.37461684650219107, 0.1755801506280282, 0.4114708454541425, -0.037963934614598155, -0.48801470983330075, -0.05385862419417972, 0.5662859477611565, 0.6015610761160652, 0.43263967041320484, -0.0981090564819111, 0.020678849764666798]], "inverted": false, "swapped": false, "error_lsq": 0.04578307678469117, "error_max": 0.2839060219342454, "target": "705.xyz", "model": "21.xyz", "model_rescale": 4.186013935880536, "target_rescale": 4.0299469859504224},
{"mapping": [1, 7, 0, 2, 8, 9, 6, 10, 11, 5, 11, 4, 12], "R": [[-0.5505905704002885, 0.756335023239148, 0.3532808463646485], [0.16757630548849528, 0.5147317730179803, -0.8408147142412487], [-0.8177824928580408, -0.40374315408140815, -0.41015028941509324]], "T": [-0.01891079783907508, -0.08933764561075137, 0.008664304242929662], "aligned_model": [[-0.11934324623783314, -0.2209686105012985, 0.48312073255790294, 0.20441854474718685, -0.3170216392908843, -0.6068836602119737, 0.3536701105007951, -0.6965012591877754, -0.1480369418652785, 0.6297114064538535, -0.1480369418652785, -0.10744943871008934, 0.0009571210275501132], [-0.5408542777032268, 0.15919273715254895, -0.4028097953827536, -0.75734273201751, -0.503889112328562, -0.28614786773606554, 0.22699970156776128, 0.3453008872922871, 0.181460118977752, -0.2947817408234021, 0.181460118977752, 0.6291205817844124, -0.051173738692750534], [-0.5580536945755699, -0.6514334378123955, -0.4054467856966648, 0.24016465443635465, 0.5804554709765739, 0.04035672949466566, -0.2577320143087593, -0.21101715843204302, 0.5645068973703841, 0.37693151151951265, 0.5645068973703841, -0.051292624709262574, 0.025105049984864694]], "inverted": true, "swapped": false, "error_lsq": 0.05579107006860406, "error_max": 0.3977191449426568, "target": "705.xyz", "model": "22.xyz", "model_rescale": 4.166573947596378, "target_rescale": 4.0299469859504224},
{"mapping": [11, 3, 14, 12, 6, 2, 9, 4, 1, 13, 7, 8, 15], "R": [[0.014849765220970708, -0.27589893004062327, -0.9610719353281116], [0.7703861346131878, 0.6158838311267946, -0.16490091010159358], [0.6374046501780748, -0.7379477535429063, 0.22169444055353482]], "T": [-0.015115431081948592, -0.052922025451265155, 0.02518315448189594], "aligned_model": [[-0.14593038130500074, -0.3834132691760895, 0.6971934040219537, 0.1205432246072495, -0.3242021439785103, -0.6517453044926392, 0.2651038332654545, -0.5794144082073005, -0.4997179790813359, 0.6121626363157399, 0.2623875455334667, -0.01885764332380837, -0.04647333676230252], [-0.4990784335423061, 0.04371148460981591, -0.39080887841673567, -0.6836066436950085, -0.6156331724558072, -0.2708898334936628, 0.059972709220454674, 0.41549963305586435, -0.051944556539718585, -0.17949035178717757, 0.3983650100875184, 0.71566992447041, -0.05523201044540403], [-0.6119394677375989, -0.4400536875722577, -0.04134774996301986, -0.08977334457996888, 0.43375285589708307, 0.02647858003840027, -0.4936435112303595, -0.019553045863080765, 0.547924463251511, 0.5795438888652861, 0.5055182012715478, -0.22647445137240857, 0.08661876461291006]], "inverted": true, "swapped": false, "error_lsq": 0.049516513552869575, "error_max": 0.2631135462834779, "target": "705.xyz", "model": "23.xyz", "model_rescale": 4.274766983524099, "target_rescale": 4.0299469859504224},
{"mapping": [9, 10, 11, 6, 7, 1, 0, 5, 4, 8, 12], "R": [[0.14054264283730605, -0.599979507241472, 0.7875737149210773], [-0.30400746262878375, 0.7308900383856802, 0.6110476368128657], [-0.9422458427662679, -0.3253065364834522, -0.07967703000756428]], "T": [-0.06681768912105511, 0.014101868468030687, -0.09646101489091541], "aligned_model": [[0.49600092797090933, 0.13457970581050305, -0.5215649528836453, -0.49883795519849083, -0.5574498778858687, -0.6166394684096052, -0.15135811001989008, 0.024843455694058145, 0.6848289822491501, 0.30430519669799116, 0.08118679993296328], [-0.04975559785028383, 0.4902865943799453, 0.48606585545762127, -0.11395679747554943, 0.4483135262051376, -0.17139131609309866, -0.7372073753435455, 0.04534534380021771, 0.024476655491456223, 0.5438083209226301, -0.05039867825104746], [-0.5515589601068096, -0.319104848606808, -0.464910792901692, -0.37901127151399044, 0.36612950477808326, 0.3478258588919111, 0.21992225785171704, 0.5642719770327681, 0.31457997857299336, 0.3326801559869211, -0.051257425963516554]], "inverted": false, "swapped": true, "error_lsq": 0.04714316208462499, "error_max": 0.21658009858600596, "target": "705.xyz", "model": "24.xyz", "model_rescale": 3.7841303162186577, "target_rescale": 4.0299469859504224},
{"mapping": [0, 2, 10, 7, 6, 4, 9, 5, 3, 11, 13, 12, 15], "R": [[0.07516183640195817, 0.995202943586052, -0.06262427186277758], [-0.6264736741796352, 0.09598784509468994, 0.7735095792257174], [0.7758101790441743, -0.018905942762412253, 0.6306830673323258]], "T": [0.0004435308116921763, -0.16888771413733805, -0.11219831377713442], "aligned_model": [[0.051848700953802104, -0.46310408797661273, 0.7515371648709983, 0.29641318310942333, -0.3323436574310821, -0.7362952969892336, 0.1925475875798286, -0.6033969409137989, -0.38437105824323825, 0.35041434072107663, 0.2561014886408626, -0.04030323084829439, -0.031412016056854494], [-0.8362853338725404, 0.24424714338807801, -0.3030441518363839, -0.7211188075366327, -0.5080619862998894, -0.19066877117001718, 0.23448521463272132, 0.4513171529892296, 0.09177181460596129, -0.2937754515762886, 0.32052822041729645, 0.585990344492087, -0.1888505071653787], [-0.41759620998148017, -0.5402593170703196, -0.2642361655663707, 0.061722198244992685, 0.43208098280459384, 0.0037578332070269393, -0.4897258230195906, 0.029439791768430104, 0.5458109792871486, 0.559628341254828, 0.44197769515294605, -0.05161180998107219, -0.05393700048308811]], "inverted": false, "swapped": false, "error_lsq": 0.05005413464016809, "error_max": 0.3012907891290092, "target": "705.xyz", "model": "25.xyz", "model_rescale": 4.19342608120988, "target_rescale": 4.0299469859504224},
{"mapping": [4, 10, 8, 0, 5, 3, 1, 2, 11, 9, 6, 12], "R": [[-0.41305878225541, -0.8624242107198048, -0.29258660797445873], [-0.4175189600078114, -0.10619195104474327, 0.9024417917889809], [-0.8093579927545493, 0.4949219638464559, -0.3162149415614227]], "T": [0.07144949822125457, 0.04814098504238385, -0.11803195511746406], "aligned_model": [[-0.37842824444739476, 0.5051420307678577, 0.05113686256882197, -0.6420263147845665, -0.38611259203776865, -0.43084785767503864, -0.2373827284592448, -0.0923618275632726, 0.7535352724272347, 0.21435558444728292, 0.27865304575805927, -0.037854676370189744], [-0.6424499420747177, -0.3028098805663984, -0.6885137803672332, 0.4473539787986498, -0.27148880640575984, -0.03158303291356649, 0.3949367487178495, 0.5405929658115065, 0.22129019861124044, -0.1543111269512444, 0.5349017010901939, -0.035142596009539596], [0.1159108608235053, -0.04301623869421525, -0.3617744834649959, -0.06065349447537474, -0.48466492801090444, 0.48002694882401437, -0.6823526890752802, 0.49836770386352985, -0.38275570602995546, 0.5650110189028483, -0.1728578152878219, -0.021982716165929214]], "inverted": true, "swapped": true, "error_lsq": 0.05067213491126744, "error_max": 0.30036275642659926, "target": "705.xyz", "model": "26.xyz", "model_rescale": 3.795458400668931, "target_rescale": 4.0299469859504224},
{"mapping": [5, 7, 6, 8, 11, 10, 0, 3, 4, 1, 9, 2, 12], "R": [[0.5927368327153174, -0.5964299253913624, 0.5412341371719522], [0.5099361584671646, -0.24223661301538063, -0.8254008345056283], [0.6234004823789958, 0.7652403331062017, 0.16055862218250613]], "T": [-0.004786958984972951, -0.09595127147075203, 0.14256147069209968], "aligned_model": [[-0.09015339247665985, -0.40948976532784265, 0.49982732440997524, 0.33846744504410353, -0.3011062558726355, -0.6406411010827398, 0.1892098453796332, -0.4065461055903145, -0.763285798034051, 0.5859358898388058, 0.007075288977797099, 0.3539547373408721, -0.05561193519006611], [-0.6511373387474779, -0.08061361159687677, -0.46370467599882503, -0.734665819770215, -0.49841762505343434, -0.36939300139026776, 0.4762867150590294, 0.46849927555886495, -0.0077003147448741205, -0.058599025581059755, 0.21089027683840164, 0.7037426683774843, -0.10865264188250634], [-0.35877820519137416, -0.5618450123538863, -0.3971688491229727, 0.21307281737778408, 0.6542159441985813, -0.02657030877281133, -0.42856208753464375, -0.11251053272021294, 0.48278854550354533, 0.14044105664198567, 0.44269784206338036, 0.22397960003970036, -0.014709314511031385]], "inverted": false, "swapped": false, "error_lsq": 0.05933449549542202, "error_max": 0.35362602220494727, "target": "705.xyz", "model": "27.xyz", "model_rescale": 3.6321398670334006, "target_rescale": 4.0299469859504224},
{"mapping": [0, 3, 2, 11, 9, 8, 1, 7, 12, 13, 6, 4, 14], "R": [[0.21439686628039625, 0.8020365117398346, 0.5574687592729698], [-0.6125596691652396, 0.5549592557486605, -0.5628417860918515], [-0.7607921105277832, -0.22081136360045286, 0.6102767456356095]], "T": [-0.12970336216178535, -0.17750488933929998, -0.015711391474545908], "aligned_model": [[-0.16869419709552286, -0.34003340809065025, 0.5668168194698496, 0.2593349423301101, -0.0817780012654552, -0.6438777925064729, 0.33903177874093166, -0.6388722309452171, -0.6617476330956504, 0.5609122397210942, 0.08980562269259793, 0.09413058071843355, -0.06739254325717073], [-0.5996454957930287, 0.046799359241708416, -0.3649523224702039, -0.6839334619654739, -0.47647331811923554, -0.22902421025930775, 0.17638689487299553, 0.3983829160770356, 0.1328217062368735, -0.21143760385876453, 0.240346908928744, 0.6199860945121091, -0.16272258633520928], [-0.47362919784802027, -0.6297219417180444, -0.35211406703597053, 0.052882594301180155, 0.5800177412662009, -0.015886166244943392, -0.3355788154117966, -0.11564978569025273, 0.5357739018057951, 0.41831164159551903, 0.6016403052050101, 0.0036211988701989745, -0.012615913476832169]], "inverted": true, "swapped": false, "error_lsq": 0.03534287461325975, "error_max": 0.2270690353927161, "target": "705.xyz", "model": "28.xyz", "model_rescale": 4.156811204709835, "target_rescale": 4.0299469859504224},
