[{"mapping": [4, 2, 11, 12, 13, 1, 9, 8, 8, 7, 5, 0, 3, 14], "R": [[0.009963751155195027, -0.6081390745402693, -0.7937679696738984], [0.47090374572918337, 0.7031283843259377, -0.5327852638853869], [0.8821283273544402, -0.36847977037077845, 0.29338076437686966]], "T": [-0.07261018447062469, 0.05318782165149805, 0.08779275364080646], "aligned_model": [[0.22641174634310857, 0.10794866191743847, -0.4937725809906472, -0.49642195979023757, -0.8320906169689116, 0.05659027395805542, -0.6616897509407923, -0.20952879331165647, -0.20952879331165647, 0.4255777601021234, 0.7266960491631312, 0.25274634994583006, 0.5516851572100802, -0.07313140219756262], [-0.5102559319331816, -0.49191243313696364, -0.5718928661660998, -0.20784427561929775, 0.02482433290861364, 0.3996138719465761, 0.29984741893535427, 0.5825763526483755, 0.5825763526483755, 0.028110635172204752, 0.3522836695669149, 0.7269786044160489, -0.09433451587056291, 0.11470211629367646], [0.6299644772775268, -0.2525226819597002, 0.30412106732235056, -0.28512856785734897, 0.3954960311656492, -0.5056908391114856, -0.10216806243455492, 0.39211982983242744, 0.39211982983242744, 0.724817659490057, 0.30257159570337616, 0.010120434882203003, -0.14105276787728085, 0.032820080914186534]], "inverted": false, "swapped": true, "error_lsq": 0.0629952887116679, "error_max": 0.39447122904001775, "target": "706.xyz", "model": "0.xyz", "model_rescale": 3.8414455957264533, "target_rescale": 3.9834808147968457},
{"mapping": [11, 13, 7, 0, 4, 1, 5, 3, 10, 8, 12, 2, 9, 6, 14], "R": [[0.21330912880129457, -0.23992565227104967, -0.9470664691310448], [0.7040223783529399, 0.7098593550970961, -0.021264683383600824], [0.677385936042595, -0.662220036969168, 0.3203325089469552]], "T": [0.011577140937577043, -0.0036344360459865475, 0.021333926917063935], "aligned_model": [[0.08238792797286411, -0.5217092359452024, -0.5299169709167739, -0.3596796203726626, 0.039795387843974996, 0.46464268610222464, 0.5411800732216554, 0.6140620208600313, 0.5890788507641952, -0.08630914672376536, 0.2669681986708781, 0.021623725540172875, -0.5549022269382986, 0.20365179147592677, 0.08285295464027458], [0.2509782293758693, 0.3886839624707175, -0.3293937811773279, -0.4025460636216136, -0.5467445990173193, -0.32361584616644623, -0.14741913624193112, -0.4821610115192436, 0.351690370775407, 0.7754191465054593, 0.5999583304494155, -0.41568167716343396, 0.20033356689245685, 0.21103901719128026, -0.011035878975303186], [-0.7888658170820285, -0.34817779827695006, 0.13803858844259603, -0.4567406489323142, 0.02856692539437177, -0.6426249574505786, 0.38625786294779574, -0.12495745379526335, 0.11416364853175909, 0.10962995005632789, -0.36948665049841134, 0.6334784072840387, 0.3422823021142174, 0.7473158901085749, -0.03278608870535515]], "inverted": false, "swapped": false, "error_lsq": 0.04971432936131865, "error_max": 0.34897566109576916, "target": "706.xyz", "model": "1.xyz", "model_rescale": 4.316132596720782, "target_rescale": 3.9834808147968457},
{"mapping": [11, 6, 4, 1, 2, 12, 3, 10, 7, 13, 8, 14], "R": [[0.9878852318946519, -0.13639617876101728, 0.07401926116790532], [0.14043922267040976, 0.5828243774989873, -0.8003702703928035], [0.06602721666238119, 0.8010691776696386, 0.5949189686398545]], "T": [-0.06992479408491603, 0.07340571368442222, -0.05981173481819547], "aligned_model": [[-0.08636023075321159, 0.4429136641928607, 0.265890065981933, -0.5111579420269764, -0.5646443182400411, -0.5222737913937723, -0.31323395371864265, -0.12385798298088266, 0.5397398676698104, 0.1851613906227736, 0.3871454418500192, -0.1015136565720897], [-0.6799780971062357, -0.22104335324763746, -0.5271964134618434, 0.6157655557425694, -0.2566680466549793, -0.1603125001835542, 0.19103895858490516, 0.7740104034600002, -0.0160703642929014, -0.2667812592246965, 0.4133410893700185, 0.14667045475533524], [0.15708519896690631, 0.020006603232569718, -0.5366121344594315, -0.05055686976250274, -0.36288645438835443, 0.29737262916365337, -0.6849843981389767, 0.3922263233733797, -0.584143553182172, 0.6412590060312482, 0.19931107637605489, -0.03881896600295391]], "inverted": false, "swapped": true, "error_lsq": 0.05296062358915677, "error_max": 0.30482120910651034, "target": "706.xyz", "model": "2.xyz", "model_rescale": 3.795458400668931, "target_rescale": 3.9834808147968457},
{"mapping": [4, 3, 5, 10, 6, 8, 0, 12, 1, 9, 7, 14], "R": [[-0.4469462024938471, 0.542396487526775, 0.711368499720747], [0.8835866250027136, 0.1434928818757959, 0.4457403604872384], [0.13969168977660523, 0.8277776532195081, -0.5433878804663945]], "T": [0.1812867797972473, -0.026104701752345753, -0.06568588632584393], "aligned_model": [[-0.17923709162942333, -0.2610321720276775, -0.6822864658669772, 0.35923031810506234, 0.10306810792672133, 0.07691086392491968, -0.2214777977160904, 0.7603336280064086, 0.22179115310984912, 0.7327354455508115, -0.506874117956653, 0.1901419543166139], [0.15197889499543865, -0.5334002228741912, -0.10389134725647245, 0.019882991092773358, 0.507307184228811, 0.4419527601367973, -0.04501841209297508, -0.23557698548349637, -0.4939444208628736, 0.134619241613006, 0.2976758146652512, -0.05581645287235944], [-0.7999487324329289, -0.17000743509359117, 0.08487712213882878, 0.7493695446326338, -0.32147506447830243, 0.33636109109973267, 0.5693785585842323, -0.15315358699629425, 0.4523989856908298, 0.27197220594596416, -0.34176844655463373, 0.010767188102628875]], "inverted": false, "swapped": true, "error_lsq": 0.05372883885040067, "error_max": 0.3418337963015839, "target": "706.xyz", "model": "3.xyz", "model_rescale": 3.7530521520055578, "target_rescale": 3.9834808147968457},
{"mapping": [4, 5, 3, 1, 2, 8, 11, 6, 13, 9, 14], "R": [[0.8584849695710521, -0.3903388806285678, 0.332624586118084], [-0.4739781724148693, -0.8515741088044133, 0.22397818931366936], [0.195827089788033, -0.3499387024660265, -0.9160756821472469]], "T": [0.010341026210186184, -0.008738004708497046, -0.0059780697661886446], "aligned_model": [[-0.552436040362785, -0.17551874324379343, 0.2431925361880786, 0.6218222909664279, 0.32764046260357443, -0.2709717757958062, -0.24296486601430467, -0.5697563057527634, -0.3120516018813808, 0.20109368876639935, 0.06814995697155807], [-0.6184536586181261, 0.01303232826626012, -0.3658036974690752, 0.2511071869792778, -0.5955320568021075, 0.5472416591541285, -0.4475279024936839, -0.008890789821828018, 0.2311482820475893, 0.4136645763814165, 0.0472174306904941], [-0.11716238156175524, -0.8658972119327312, -0.5371673503296334, -0.2239176963976208, 0.017349780100350355, -0.0639747274291536, 0.5925209865332597, 0.13388460038296324, 0.7087343791386642, 0.4726974836363495, -0.024237084895376675]], "inverted": true, "swapped": true, "error_lsq": 0.04444214246024007, "error_max": 0.21907705786315917, "target": "706.xyz", "model": "4.xyz", "model_rescale": 3.7855080009869324, "target_rescale": 3.9834808147968457},
{"mapping": [4, 6, 12, 1, 2, 0, 9, 3, 10, 8, 7, 14, 13, 15, 16], "R": [[0.24481116629571378, 0.3389732793538501, -0.9083857158393835], [-0.15642113354459714, 0.9384298859723832, 0.3080288591909589], [0.9568698562696789, 0.06668181909603985, 0.2827606994695114]], "T": [0.02367560012372618, 0.0343780043964826, -0.03839630629337917], "aligned_model": [[-0.05121836449018683, -0.3560820904034598, -0.5231997063027158, -0.29203711851071085, 0.22518845492791686, 0.2580703828057385, 0.5218771182586777, 0.6189218417786573, 0.6172474483398931, -0.00905744728082395, 0.2684880621190255, -0.0562002895747973, -0.5523211449491323, 0.1519414781288691, 0.03210779134854394], [0.14261432270313912, 0.47302764402800207, -0.34102670947231317, -0.44913546464113924, -0.6717733644107494, -0.3788806833046169, -0.22362106659792996, -0.32222724005193526, 0.415464079729447, 0.6547642194004692, 0.6078082084161615, -0.366276749408457, 0.2912067981520736, 0.2887470707596293, -0.0011864355237945906], [-0.7661851337214856, -0.33747431986769505, 0.11347193606237371, -0.5279309256422332, 0.042402835156449464, -0.6570644129640971, 0.3999480172048181, -0.06891215179704835, 0.14438809749109724, 0.29229897006275374, -0.4538648748345605, 0.5008559621591901, 0.31816274805655453, 0.7350132548726094, 0.0009841579000538225]], "inverted": false, "swapped": false, "error_lsq": 0.05075351133260802, "error_max": 0.3661681028912892, "target": "706.xyz", "model": "5.xyz", "model_rescale": 4.2253639853439635, "target_rescale": 3.9834808147968457},
{"mapping": [1, 9, 11, 2, 12, 6, 4, 3, 8, 0, 13, 7, 5, 14], "R": [[-0.32186223910353073, -0.16639836098148134, -0.9320495075380588], [0.8166652064152841, 0.4492773677117128, -0.36222615517479667], [0.47902258784940727, -0.8777593248292557, -0.00871366773212584]], "T": [0.03892244365719653, -0.06311282421523393, -0.0342168054711921], "aligned_model": [[0.5205601290664572, -0.30414521282155466, -0.5637742806660249, 0.2347209266903092, -0.19068472911002016, -0.38226567309005605, -0.10797322081197483, 0.6418503209158305, -0.10604382566639312, 0.5036770942484802, -0.7564885307036396, 0.13459573194532462, 0.6702519217607928, 0.0797815010002527], [-0.016923446562471717, 0.058836677826784436, -0.5340053251181544, -0.6987463043289247, -0.4731300171807975, 0.12504671282770333, -0.316608102295318, -0.2835667827247702, 0.5433182566720437, 0.5113493368995147, 0.03253543279451296, 0.2114187920681889, 0.3183977716707743, -0.03282385591409533], [-0.5390120342848742, -0.5922255027500184, 0.1387527898592066, 0.02220494111544325, -0.44163665822700454, 0.3442948367880176, 0.749999340896402, 0.19328223503878303, -0.08750860965930736, -0.1752140491621099, -0.20877085050689204, 0.7208327542535529, 0.44573265818920604, -0.09917364261895617]], "inverted": false, "swapped": true, "error_lsq": 0.04250825876439301, "error_max": 0.291218658023498, "target": "706.xyz", "model": "6.xyz", "model_rescale": 3.89814844738969, "target_rescale": 3.9834808147968457},
{"mapping": [9, 13, 11, 10, 2, 6, 8, 1, 0, 7, 4, 3, 14], "R": [[0.9104475520264173, 0.2166444005246131, -0.3523499095081975], [-0.3612372714807257, 0.831409908543491, -0.4222146345981678], [0.20147676963427924, 0.5116862004168521, 0.8352151480910177]], "T": [0.004200126559276235, 0.06067377165601062, 0.001285797300620676], "aligned_model": [[0.02482215890832587, -0.045506078857978, 0.41677166923292286, -0.33678074151621173, 0.6058900435574204, -0.27258005079582837, -0.5699522983824539, 0.08550462259223843, -0.5167341190107122, -0.4496498494533603, 0.05431285226284274, 0.16146393562320271, -0.008930343256185561], [-0.34184856675468783, 0.17704056817625957, 0.549061488975665, -0.683813329095672, 0.18580009192871794, 0.5139066115067482, -0.0737606201692512, -0.5828021472931998, -0.37170031531780434, 0.6404876853970813, 0.8790319459087991, 0.09229708492928115, -0.01991923272145163], [-0.5292717425299894, -0.8088280117729041, -0.4527667652650969, -0.16474170245310135, 0.26179112977036995, -0.27083041077818193, -0.2082142712660474, 0.2625421126399681, 0.32925537398918553, 0.33663166171104425, 0.1704359372017751, 0.6632116593481853, 0.013060060241088349]], "inverted": true, "swapped": true, "error_lsq": 0.04289252568657963, "error_max": 0.20780257569004898, "target": "706.xyz", "model": "7.xyz", "model_rescale": 3.7474275329858107, "target_rescale": 3.9834808147968457},
{"mapping": [12, 10, 0, 1, 2, 13, 8, 4, 9, 7, 11, 3, 6, 5, 14], "R": [[0.7361312062373678, -0.3122920778101328, 0.6004868902320417], [-0.5754740168744669, 0.17823458950271007, 0.7981616922699101], [-0.35628710768968885, -0.9331163321053976, -0.04851193309161862]], "T": [0.037700278155478606, 0.0019166284873755011, -0.08454130454901507], "aligned_model": [[-0.0404287659035993, -0.47127125323402963, -0.5906088994745918, -0.34240871489835234, 0.18486352234911235, 0.5653386978228494, 0.5294387218666945, 0.6820791483847833, 0.5637162213570476, -0.014351617829341856, 0.24040212234074518, -0.1658460391115909, -0.49184184716697166, 0.14259677464407636, 0.06204834504866392], [0.08608164739019988, 0.5376747910923834, -0.14494274468089424, -0.6067492230171926, -0.8114693740250185, -0.20099479380455687, -0.20742451614580787, -0.43815268692921144, 0.5013884402021117, 0.6309259726095601, 0.5260225069287365, -0.25725808825995017, 0.2960022593495141, 0.25526308424888944, -0.046862645180776624], [-0.6907217404481436, -0.25534684054064255, 0.04914915676146539, -0.30780091724614966, 0.07463057212886756, -0.7834951524438195, 0.3392273870702037, -0.1423402238841305, 0.14821517095394832, 0.171418608436167, -0.3504453213238059, 0.5522725614358339, 0.4632149164354161, 0.5771487757751382, -0.10903279297156893]], "inverted": false, "swapped": false, "error_lsq": 0.05903343759931692, "error_max": 0.3685220586447041, "target": "706.xyz", "model": "8.xyz", "model_rescale": 4.019505241142653, "target_rescale": 3.9834808147968457},
{"mapping": [8, 6, 9, 10, 0, 1, 12, 5, 3, 4, 11, 2, 14], "R": [[0.807070118331992, -0.3524563690948463, 0.47372178752941296], [0.5360278228807704, 0.10089951449718648, -0.8381488299054851], [0.2476125949811241, 0.9303729337522184, 0.2703594032912565]], "T": [-0.010120782835505472, -0.017283585978202246, 0.02313416846586526], "aligned_model": [[-0.2660268524328379, -0.6046046858069707, 0.11532363972572643, 0.34365341355257056, 0.19701175289257644, 0.633441628364908, 0.25915692090684556, -0.06202815769810897, 0.2925203505796228, -0.5636414557238203, -0.36211283459489113, 0.2858994217581676, 0.051107630217387866], [-0.3991990980359039, 0.017554922270467857, 0.18776971475262633, -0.3838756725892436, -0.7195379926952028, -0.25009641214049316, 0.5126763851517443, -0.7753185032770926, -0.24064385484056555, 0.13144663306495974, 0.6795276751022532, 0.3569691845602217, -0.05389475320971262], [-0.4014438770031448, -0.01494038794513948, -0.5982816704991576, -0.6390955396096375, -0.14954687686539914, -0.1202260509523345, -0.15977683721797964, 0.4671695510135832, 0.5909337115178348, 0.6333204868154485, 0.0970072471548828, 0.4898860112089124, -0.01830227357399064]], "inverted": true, "swapped": true, "error_lsq": 0.05059507934278667, "error_max": 0.30415826187283224, "target": "706.xyz", "model": "9.xyz", "model_rescale": 3.877068213659057, "target_rescale": 3.9834808147968457},
{"mapping": [0, 12, 3, 5, 4, 1, 2, 7, 8, 10, 11, 13, 6, 14, 15], "R": [[0.93949213028484, -0.2500122992543773, 0.23419732567728613], [-0.2686331830857426, -0.9619034476298945, 0.05077371744263521], [0.21258116115515746, -0.11061468102951957, -0.9708623189014303]], "T": [0.052839752671238846, 0.01908264060922176, 0.06090657815783367], "aligned_model": [[0.06877988240077441, -0.4778631920967593, -0.43858872736478816, -0.2770639225879529, 0.12448072077753913, 0.2869712434867051, 0.5098833553142462, 0.6762217182619742, 0.7296558748566404, -0.04881823574787715, 0.1314489587434154, -0.14898782800385435, -0.5001658991385924, 0.16753981131938805, 0.05023265597463643], [0.2824873636710601, 0.3305139595235634, -0.380195595779092, -0.30578838817425497, -0.6539373740005051, -0.3947676697900451, -0.22180910365679463, -0.4661577481021296, 0.23123285779520092, 0.6692781364731313, 0.6777909129184577, -0.21791944318193024, 0.18564113923961736, 0.33223584503919906, 0.05089973780250825], [-0.690179235692163, -0.3628387860969019, 0.018054720737845885, -0.5688694311900715, 0.062426896705371965, -0.6649150085936161, 0.47736506441676657, -0.14457641275940974, -0.24279583853646125, 0.3257126392832198, -0.26248062161325714, 0.7685322814227459, 0.27711848977516323, 0.7668106181943908, -0.023271215914844108]], "inverted": true, "swapped": false, "error_lsq": 0.03890360954834248, "error_max": 0.2885240632514301, "target": "706.xyz", "model": "10.xyz", "model_rescale": 4.260839863003843, "target_rescale": 3.9834808147968457},
{"mapping": [4, 11, 12, 2, 1, 3, 7, 6, 9, 10, 8, 14], "R": [[0.8159837976566487, -0.14224327624652122, 0.5603010729281974], [0.5441920620054311, -0.1379414215995659, -0.8275428471428944], [0.195001132335457, 0.9801729513559058, -0.035150303243968145]], "T": [-0.024800324958160445, 0.03950806817328732, -0.026403562263837776], "aligned_model": [[0.38635354015843604, 0.33419725857292776, -0.2219656934337822, -0.3989682815814633, -0.630839661087662, -0.4556042987920752, 0.3977708935194049, 0.5643413214619807, 4.764752414822271e-06, -0.24001366583358327, 0.30060636109951727, -0.07698388974198497], [0.08066451380806013, -0.5875928561127305, -0.5408345632033718, -0.2509581246069441, 0.17285460747005194, 0.35088162554961694, 0.5797195940072097, 0.05434015068489388, -0.3067425320758488, 0.21780442592778282, 0.3427403459586683, 0.06020131812554542], [-0.754477598784008, -0.3309798837397062, 0.07920295464572702, -0.49669933257811133, 0.29587204210094614, -0.45223478508199055, -0.4556190055346434, -0.12003386813115878, 0.5423108067831337, 0.7609894482298748, 0.4137947633569958, 0.034052536128445485]], "inverted": false, "swapped": true, "error_lsq": 0.046611051320604696, "error_max": 0.2719691827968998, "target": "706.xyz", "model": "11.xyz", "model_rescale": 3.890672605050136, "target_rescale": 3.9834808147968457},
{"mapping": [0, 1, 9, 5, 8, 4, 2, 7, 3, 11, 13, 12, 6, 14], "R": [[0.6181563006677031, 0.5556182845698674, -0.5560315726615336], [-0.06557164052080361, 0.7413530784753206, 0.6679041645285466], [0.7833154842745235, -0.37640926514474005, 0.4947048789015185]], "T": [0.07942686247805204, 0.03213843458678278, 0.03437136411907747], "aligned_model": [[0.7602861298792979, 0.3270963635634247, 0.22237883566203676, 0.4976781490830401, 0.6361603097289942, -0.342647759430505, -0.4942740980525247, 0.2225429251631018, -0.03701631738472126, -0.5396945821658926, 0.023024141186121408, -0.28849302748157807, 0.09305734436829045, 0.12977742067460785], [-0.18610907426354512, 0.03207475128583959, 0.6692568800910925, -0.7412778293869563, 0.1966651128361769, -0.41043354218223876, -0.17248115735310904, -0.5463270180833002, -0.5696456180349059, 0.33226042853862026, 0.7323137928379602, 0.46342751736412807, 0.0840771755828677, 0.048351100595135], [-0.19947167170143754, -0.6195295120265026, -0.09823943472441406, 0.07141021180547556, 0.26802224119348256, 0.606049783680187, -0.23866418478992862, 0.5816522213946705, -0.26257093045134694, 0.4105588112165032, 0.45730105398452436, -0.22145899057373952, 0.6286701791458748, -0.028939342796487313]], "inverted": false, "swapped": true, "error_lsq": 0.05530606452797051, "error_max": 0.37893083103889913, "target": "706.xyz", "model": "12.xyz", "model_rescale": 4.124412569039231, "target_rescale": 3.9834808147968457},
{"mapping": [3, 4, 11, 5, 2, 1, 7, 10, 6, 8, 9, 13, 14], "R": [[0.5960422725471666, -0.42865890071274837, -0.6789588766461102], [-0.5198965299313092, 0.43837152632198423, -0.7331698323550403], [0.6119160134382765, 0.7899885769742957, 0.03842968576419808]], "T": [0.16623052437358482, 0.04740692241750115, 0.022003859078871556], "aligned_model": [[-0.17548287590563422, -0.14521242916709193, 0.6138431965978637, -0.6837239253412295, 0.3715653776466336, 0.23158444020679553, -0.5352043446834536, 0.25411993662152976, 0.027650706916762607, -0.051463206792104005, 0.6486984737260431, 0.6386131923073162, 0.1723097653763261], [-0.27040887835849864, 0.6633191723535854, 0.6425435636430205, -0.156940831149936, -0.04535509988793672, -0.6456629956096394, 0.4363284888828657, -0.4714655304604823, 0.6053358219040827, 0.10370648228036097, -0.04051823825134042, 0.5528799155016179, -0.026276494339222342], [0.5180914070760074, 0.4958060789353316, 0.2676801578143384, 0.12348371612296621, 0.6503216017350356, -0.04364289300008583, 0.1285400673868726, -0.6269498797290097, -0.13795076481928162, -0.5619941635819462, -0.4290334433451344, -0.41805067179131244, -0.014603131835942348]], "inverted": true, "swapped": true, "error_lsq": 0.04070972551503273, "error_max": 0.21381084761847094, "target": "706.xyz", "model": "13.xyz", "model_rescale": 3.9028299243045295, "target_rescale": 3.9834808147968457},
{"mapping": [8, 2, 1, 12, 14, 5, 10, 13, 4, 3, 0, 9, 6, 7, 15], "R": [[-0.3916482638856469, 0.5602539162407587, -0.7298816251504429], [0.4084517656914796, 0.8166689052849241, 0.4076997108709258], [0.8244869874648547, -0.1384465545891868, -0.5486836602483365]], "T": [0.0006094463794420399, 0.01630297626890504, -0.060153669815155235], "aligned_model": [[0.05721117012713366, -0.5059482404266576, -0.6262530066245399, -0.1096449191530611, 0.20827646389366006, 0.3926029310489333, 0.6185263246716658, 0.46796656999821457, 0.5484376264944303, -0.05628183159538774, 0.15504223419677998, -0.14083804359904073, -0.4588254956094945, 0.30446907303428916, -0.0010144402614301676], [0.15254190695233694, 0.37287878138323205, -0.15012758118730835, -0.49907837173317565, -0.7706446204195742, -0.05130766119478664, -0.1878843193491592, -0.576383983181882, 0.40778058153653135, 0.5913563795233912, 0.7505019127445673, -0.2631464853328194, 0.19108727997473313, 0.15528357639995494, -0.0033527663380549487], [-0.8182713112090544, -0.4581521304912076, -0.020871481721178274, -0.5145393319717306, 0.2871769258511765, -0.3824450648811346, 0.30294257345754594, -0.31105372739785575, 0.017259788501426378, 0.1738685751402657, -0.4127424458272404, 0.6488922119534053, 0.3901553835103675, 0.7818568265051462, 0.0520173687188483]], "inverted": true, "swapped": false, "error_lsq": 0.05082286291554782, "error_max": 0.46528737914802853, "target": "706.xyz", "model": "14.xyz", "model_rescale": 3.942246331269136, "target_rescale": 3.9834808147968457},
{"mapping": [2, 5, 4, 10, 11, 9, 8, 6, 0, 1, 5, 13, 12, 12, 14], "R": [[-0.7567625604078595, 0.6530379115622802, -0.02918755260923067], [-0.3993045371170534, -0.4971571051741878, -0.7703185700815977], [-0.5175580294060529, -0.5712935312404624, 0.6369908848328414]], "T": [0.032356004694786576, -0.07867450361564306, -0.06505373704358997], "aligned_model": [[0.4022166556679913, -0.13810400745308554, -0.47479920382679236, -0.312561926473725, 0.12380366867458253, 0.19023500911526375, 0.7087872569364703, 0.4003507123977781, 0.5934146841331408, -0.1398499441031717, -0.13810400745308554, -0.18467838323154334, -0.12786822102072004, -0.12786822102072004, 0.07875234385311203], [0.45499309302959096, 0.4138364700721362, -0.3439085343925842, -0.5751979203829334, -0.7347616401708517, -0.23200211727810371, -0.2502925620829701, -0.46549569831006393, 0.38897640749395507, 0.6908603231213726, 0.4138364700721362, -0.3052379902581016, 0.32951278528968747, 0.32951278528968747, 0.004872758285028908], [-0.4663639833519336, -0.4272082389412981, 0.061865451063863874, -0.44386323191315047, 0.20935110740339768, -0.8394742745967567, 0.2693545901350916, -0.2316029723351148, 0.01999487513503656, 0.12150107371733582, -0.4272082389412981, 0.6849428679375074, 0.624719843802133, 0.624719843802133, -0.044634552778167524]], "inverted": false, "swapped": false, "error_lsq": 0.06468494489877125, "error_max": 0.4417361383676086, "target": "706.xyz", "model": "15.xyz", "model_rescale": 4.355366556412066, "target_rescale": 3.9834808147968457},
{"mapping": [11, 6, 4, 1, 2, 12, 3, 10, 7, 13, 8, 14], "R": [[0.9878852318946519, -0.13639617876101728, 0.07401926116790532], [0.14043922267040976, 0.5828243774989873, -0.8003702703928035], [0.06602721666238119, 0.8010691776696386, 0.5949189686398545]], "T": [-0.06992479408491603, 0.07340571368442222, -0.05981173481819547], "aligned_model": [[-0.08636023075321159, 0.4429136641928607, 0.265890065981933, -0.5111579420269764, -0.5646443182400411, -0.5222737913937723, -0.31323395371864265, -0.12385798298088266, 0.5397398676698104, 0.1851613906227736, 0.3871454418500192, -0.1015136565720897], [-0.6799780971062357, -0.22104335324763746, -0.5271964134618434, 0.6157655557425694, -0.2566680466549793, -0.1603125001835542, 0.19103895858490516, 0.7740104034600002, -0.0160703642929014, -0.2667812592246965, 0.4133410893700185, 0.14667045475533524], [0.15708519896690631, 0.020006603232569718, -0.5366121344594315, -0.05055686976250274, -0.36288645438835443, 0.29737262916365337, -0.6849843981389767, 0.3922263233733797, -0.584143553182172, 0.6412590060312482, 0.19931107637605489, -0.03881896600295391]], "inverted": false, "swapped": true, "error_lsq": 0.05296062358915677, "error_max": 0.30482120910651034, "target": "706.xyz", "model": "16.xyz", "model_rescale": 3.795458400668931, "target_rescale": 3.9834808147968457},
{"mapping": [9, 13, 11, 10, 2, 6, 8, 1, 0, 7, 4, 3, 14], "R": [[0.9104475520264173, 0.2166444005246131, -0.3523499095081975], [-0.3612372714807257, 0.831409908543491, -0.4222146345981678], [0.20147676963427924, 0.5116862004168521, 0.8352151480910177]], "T": [0.004200126559276235, 0.06067377165601062, 0.001285797300620676], "aligned_model": [[0.02482215890832587, -0.045506078857978, 0.41677166923292286, -0.33678074151621173, 0.6058900435574204, -0.27258005079582837, -0.5699522983824539, 0.08550462259223843, -0.5167341190107122, -0.4496498494533603, 0.05431285226284274, 0.16146393562320271, -0.008930343256185561], [-0.34184856675468783, 0.17704056817625957, 0.549061488975665, -0.683813329095672, 0.18580009192871794, 0.5139066115067482, -0.0737606201692512, -0.5828021472931998, -0.37170031531780434, 0.6404876853970813, 0.8790319459087991, 0.09229708492928115, -0.01991923272145163], [-0.5292717425299894, -0.8088280117729041, -0.4527667652650969, -0.16474170245310135, 0.26179112977036995, -0.27083041077818193, -0.2082142712660474, 0.2625421126399681, 0.32925537398918553, 0.33663166171104425, 0.1704359372017751, 0.6632116593481853, 0.013060060241088349]], "inverted": true, "swapped": true, "error_lsq": 0.04289252568657963, "error_max": 0.20780257569004898, "target": "706.xyz", "model": "17.xyz", "model_rescale": 3.7474275329858107, "target_rescale": 3.9834808147968457},
{"mapping": [1, 3, 0, 2, 9, 13, 10, 7, 12, 8, 11, 4, 6, 14], "R": [[-0.20294438234010126, -0.5524104287514451, 0.8084901334482937], [-0.5932298723632046, 0.7262583755237275, 0.34731410929815754], [-0.7790326669739409, -0.4091350512829245, -0.475096425580311]], "T": [0.030402944273646048, -0.0313323605530272, -0.03519218979294446], "aligned_model": [[0.5423921710848344, 0.14753257206676895, 0.767226843214004, -0.3235680611364509, 0.12441005449886468, -0.30986897158692017, 0.7144389583722445, -0.005902230371412704, -0.24123279728670405, 0.3928548507599465, -0.7276460669908829, -0.5348491477293573, -0.23183995859686107, 0.10089943158480273], [-0.3628329771457571, 0.2693420322444655, 0.11930223980764086, -0.11001167982770518, -0.599688452246712, -0.36731098818897917, -0.44900890787939596, 0.7690724521116465, -0.5827366953545181, 0.054840362875115886, -0.15797603464192217, 0.5845691328351812, 0.26527976332297415, -0.07243200640080097], [-0.3770999470540498, -0.634986609773649, -0.018350525629301492, -0.5956067439712197, 0.299583586616752, 0.6308631434110056, 0.20089076063604688, 0.07730178439591312, -0.1300171453804203, 0.4676166891290161, 0.12045049766601114, -0.07978568035806496, 0.4112654367057987, -0.04733052773218364]], "inverted": true, "swapped": true, "error_lsq": 0.03843792942119769, "error_max": 0.22620585085490233, "target": "706.xyz", "model": "18.xyz", "model_rescale": 3.922800546911778, "target_rescale": 3.9834808147968457},
{"mapping": [12, 13, 6, 8, 1, 5, 2, 0, 3, 11, 7, 10, 4, 9, 14], "R": [[0.002881211592325794, 0.900529527629106, -0.4347853131004533], [0.5248614812509249, 0.36872301814398567, 0.767179093425958], [0.8511827795008808, -0.23041246875742002, -0.4715908927473744]], "T": [0.011960477347342811, -0.0450919618557624, -0.07056934758280456], "aligned_model": [[0.2326181959539385, -0.4165442504226207, -0.4496093604272174, -0.392641838047555, 0.13022574096451722, 0.3071019327488359, 0.41864846775928205, 0.7757361223999686, 0.6011976685733722, -0.24531435982231234, 0.27438593870092526, -0.21579687018864271, -0.6456704370578796, 0.4254465026293812, 0.05394296243150196], [0.32092856319275914, 0.43176786985102994, -0.4866795092559647, -0.29316845839394606, -0.7618423131356375, -0.3900927616546549, -0.18472461318418912, -0.3623306244212629, 0.17655488516167775, 0.5273707174624118, 0.7087663707583604, -0.0044093552410640405, 0.06930051144087981, 0.32665327121326276, 0.04141007598432395], [-0.730836862328949, -0.3171502592599743, 0.18966419128363707, -0.4567631749079535, 0.07178684405486632, -0.6840835606433724, 0.5023499869883709, -0.19077346845632406, -0.18380119499505998, 0.26609034961302735, -0.10284179156012471, 0.7021351000721264, 0.20925753026096658, 0.5240548820798465, -0.06299441206230356]], "inverted": false, "swapped": false, "error_lsq": 0.05431485470235731, "error_max": 0.29317603320193997, "target": "706.xyz", "model": "19.xyz", "model_rescale": 3.9282355846067225, "target_rescale": 3.9834808147968457},
{"mapping": [2, 12, 9, 11, 4, 13, 6, 8, 7, 5, 1, 3, 0, 14], "R": [[0.45574305088856953, 0.8720122601021969, -0.1785858051420587], [0.8603304372505489, -0.4830019147899771, -0.16291313344692393], [-0.228319535535307, -0.0793962753576909, -0.9703434552529674]], "T": [-0.01733258019317994, -0.175705364287921, 0.04062014137543749], "aligned_model": [[-0.5993740382938634, -0.10604868117433942, 0.4311417644750491, -0.42636244894642883, -0.6368095670528873, 0.25684903124912506, -0.015119920439472575, 0.5324315132139514, -0.21374939637949636, -0.04215776111082169, 0.23596614532660168, -0.39969369889944517, 0.477367385564792, 0.038082491551911526], [-0.4833766686130492, -0.7299561595833992, -0.5612876328958474, -0.2603604122456217, 0.3495820019367328, -0.23425252671725294, 0.2625953440969961, 0.1164113965775867, 0.6018832135694794, 0.40580912536098873, -0.594840783173078, -0.1321847138108888, -0.0017031587492036815, -0.21543693832860655], [0.1506950705568867, -0.22726042543393973, -0.2661988288961203, -0.623028605438937, -0.16224582942391316, -0.7298946187423405, -0.36430219384598245, -0.022949750263722805, 0.14737810115605252, 0.7006984254331203, 0.5397111129762225, 0.6025665038646304, 0.5799521901858276, 0.08706200511589865]], "inverted": false, "swapped": true, "error_lsq": 0.03602537697429852, "error_max": 0.24378099517677285, "target": "706.xyz", "model": "20.xyz", "model_rescale": 4.067790424073018, "target_rescale": 3.9834808147968457},
{"mapping": [10, 11, 3, 12, 0, 9, 8, 7, 5, 6, 13, 2, 6, 4, 14], "R": [[0.20485637007861993, -0.9416190118755855, 0.26718440095308327], [0.6484375420774783, -0.07391659021209099, -0.7576708333543906], [0.7331866213064246, 0.32846609287088413, 0.5954388332745905]], "T": [0.11795482555740266, 0.009034829360004378, -0.02123066356977266], "aligned_model": [[0.16807431051408753, -0.3935836303612269, -0.674586881690789, -0.27796600222482837, 0.1193031522062496, 0.34695285169188594, 0.6211977739310343, 0.6469286189217411, 0.5089763459000056, -0.32284500873171096, 0.18180645834756134, -0.18157451769663452, -0.32284500873171096, 0.31960754270095887, 0.11428041141887146], [0.2386108273191719, 0.22731218942122255, -0.2824650344731894, -0.3794691707046919, -0.6585548943314726, -0.2951706737375427, -0.1041318569150354, -0.4957241263013637, 0.41934671756628067, 0.4333013618625519, 0.6019991039214615, -0.24444314220003477, 0.4333013618625519, 0.20898248720362778, 0.016609479284448687], [-0.8061317528430629, -0.35095123644965465, 0.08197053946668129, -0.5497429216675873, 0.22121556213346333, -0.6987768357090368, 0.22189015568434753, -0.16978731883022657, 0.14373128926616333, 0.3950028264143064, -0.38789105570537463, 0.6110295850640833, 0.3950028264143064, 0.7283222768738954, -0.09878977997352449]], "inverted": true, "swapped": false, "error_lsq": 0.04870540472696107, "error_max": 0.33465459545374043, "target": "706.xyz", "model": "21.xyz", "model_rescale": 4.186013935880536, "target_rescale": 3.9834808147968457},
{"mapping": [12, 2, 11, 10, 0, 9, 1, 3, 6, 7, 5, 8, 14], "R": [[0.3366369656411307, 0.6863047310653696, 0.6447180542541238], [0.6368542413881089, -0.6702763398655811, 0.3809807126907827], [0.6936081232150535, 0.282339236263207, -0.6627158720570984]], "T": [0.023667312757289026, 0.008341395820352211, -0.08597317954780494], "aligned_model": [[0.25136905172720264, -0.3850707853525684, 0.27800209318819075, 0.3919953508477501, -0.09514092312420883, 0.5981212028223113, -0.1312601723103495, -0.6515584149943798, 0.26719509068959013, -0.2964392867264612, -0.5772103130107811, 0.37893588289485797, 0.02963525877207148], [-0.28450390031471334, -0.08071958825051923, 0.39451158729004043, -0.5779586353907804, -0.2791135700802819, -0.32458425807157854, -0.6532655134443327, -0.07744801568049012, 0.5494024886282355, 0.659714425432278, 0.18324848880157169, 0.07502396459172347, -0.06535081396505918], [-0.5851906064618959, -0.6061190136724868, -0.7192882453000257, 0.3816600699243519, 0.5989634074389624, -0.14168710400772327, 0.07895199630853665, -0.0617207593045699, -0.02255693856831452, 0.2716100489916702, 0.5327612707941384, 0.4248610103766701, -0.04936557518396768]], "inverted": false, "swapped": true, "error_lsq": 0.04968358147508779, "error_max": 0.28111452841753937, "target": "706.xyz", "model": "22.xyz", "model_rescale": 4.166573947596378, "target_rescale": 3.9834808147968457},
{"mapping": [1, 5, 10, 7, 8, 0, 3, 4, 2, 12, 6, 9, 14, 11, 15], "R": [[0.1593865242422503, -0.5629823668857841, -0.8109542468386579], [0.6025445372788869, 0.7061796934228979, -0.3718202807708507], [0.7820076831370308, -0.4293729092209039, 0.4517774765765009]], "T": [0.03475122785605082, 0.019064355814696676, 0.05915706082424455], "aligned_model": [[0.31264963626850634, -0.35162848243968736, -0.651550167188169, -0.3465761495094501, 0.19247121773372533, 0.2037013774823901, 0.5454993867676584, 0.6208903089511807, 0.6112223982777363, -0.1104987168694198, 0.1358297501787678, -0.04267123176484551, -0.640782361043855, 0.33196165000094635, 0.04320779935001064], [0.21595149402398287, 0.1880853258449978, -0.27789069782181364, -0.3565173063549525, -0.7737090676356321, -0.3620051144718719, -0.11271183891484166, -0.3438866405949155, 0.33784774929662886, 0.5763011497361398, 0.702181694788227, -0.2512864054020369, 0.2068461405049837, 0.3301541298149705, 0.040144016964119796], [-0.5670274090220804, -0.6572259459278301, 0.01733213543072571, -0.4150976112282806, 0.08587492161095533, -0.6429808662205535, 0.34759770408914636, -0.19493163467955021, -0.07820150971974152, 0.37184054981369513, -0.2605951330472637, 0.5895959309477278, 0.4257223821883769, 0.7202035379401243, -0.0060128920366723446]], "inverted": false, "swapped": false, "error_lsq": 0.038654516229531755, "error_max": 0.2770005407672702, "target": "706.xyz", "model": "23.xyz", "model_rescale": 4.274766983524099, "target_rescale": 3.9834808147968457},
{"mapping": [7, 11, 13, 8, 9, 10, 0, 1, 3, 2, 14], "R": [[-0.24904992114899938, -0.9223653226803763, -0.29532414105928134], [-0.5340957111141242, -0.12356954632914124, 0.8363446290791303], [-0.8079083538033105, 0.36602292105377143, -0.461856377154294]], "T": [0.04036128033905477, 0.14438369944947455, -0.0036573116402952507], "aligned_model": [[0.47197891952965476, 0.0940380216594159, -0.5342254434242928, -0.3801103571319554, -0.5831554980035887, -0.6083630524987201, -0.1142653099024407, -0.08789548931407627, 0.617431464588764, 0.5037869533837708, 0.0006744950715432407], [-0.2467163696065809, 0.8456327825709806, 0.5623196238897874, -0.24416627308892058, 0.3351804053008237, -0.23916259802759743, -0.5631325208452564, -0.09698920896981406, -0.06956870409559487, 0.5258140468613495, 0.10637534725430682], [-0.5652334628392798, -0.35045711078640795, -0.41289560625372235, -0.25633578801728224, 0.13332534554818326, 0.3570962107672412, 0.19980103332848717, 0.6399387276318205, 0.2880482897772646, 0.2884007581398506, 0.0578780367254221]], "inverted": false, "swapped": true, "error_lsq": 0.05373635797202201, "error_max": 0.31459081963564917, "target": "706.xyz", "model": "24.xyz", "model_rescale": 3.7841303162186577, "target_rescale": 3.9834808147968457},
{"mapping": [4, 6, 11, 3, 14, 5, 9, 12, 8, 0, 1, 10, 7, 10, 15], "R": [[0.9856262769420969, 0.13227678366761933, 0.1050889846930234], [-0.15268384076769662, 0.43122149471964016, 0.8892331905974854], [0.07230827732483554, -0.8924969887872501, 0.44521976375269495]], "T": [0.08795954070898518, 0.026374895668198978, -0.011339931916003415], "aligned_model": [[0.1272113435054132, -0.4742213874751149, -0.6036767029273709, -0.2440747636073162, 0.31871791399960725, 0.4155395162471781, 0.5736203120642052, 0.44104897081560146, 0.4986745992817967, -0.018647216569594546, 0.19987441095532532, -0.005890414565343019, -0.4041471082790494, -0.005890414565343019, 0.03558735731549967], [0.26068288487836944, 0.19028075906028838, -0.2890132700173358, -0.33505728627123244, -0.6201333999873909, -0.32813449286980534, -0.2119676574962461, -0.607862864190267, 0.45143493000095647, 0.6908955248077739, 0.7277316767373286, -0.06883314193505322, 0.299239150536759, -0.06883314193505322, 0.029074958458894056], [-0.718632944060102, -0.43455846196258147, 0.09635027468046775, -0.650184111860411, 0.3862484973866254, -0.74370131709991, 0.21107218790625337, -0.23098105908674843, -0.0015987044045489892, 0.28594323629585905, -0.23181696307638824, 0.7550690455548655, 0.3145154110462565, 0.7550690455548655, -0.05669997673572335]], "inverted": true, "swapped": false, "error_lsq": 0.05036598536356532, "error_max": 0.47522953050641425, "target": "706.xyz", "model": "25.xyz", "model_rescale": 4.19342608120988, "target_rescale": 3.9834808147968457},
{"mapping": [11, 6, 4, 1, 2, 12, 3, 10, 7, 13, 8, 14], "R": [[0.9878852318946519, -0.13639617876101728, 0.07401926116790532], [0.14043922267040976, 0.5828243774989873, -0.8003702703928035], [0.06602721666238119, 0.8010691776696386, 0.5949189686398545]], "T": [-0.06992479408491603, 0.07340571368442222, -0.05981173481819547], "aligned_model": [[-0.08636023075321159, 0.4429136641928607, 0.265890065981933, -0.5111579420269764, -0.5646443182400411, -0.5222737913937723, -0.31323395371864265, -0.12385798298088266, 0.5397398676698104, 0.1851613906227736, 0.3871454418500192, -0.1015136565720897], [-0.6799780971062357, -0.22104335324763746, -0.5271964134618434, 0.6157655557425694, -0.2566680466549793, -0.1603125001835542, 0.19103895858490516, 0.7740104034600002, -0.0160703642929014, -0.2667812592246965, 0.4133410893700185, 0.14667045475533524], [0.15708519896690631, 0.020006603232569718, -0.5366121344594315, -0.05055686976250274, -0.36288645438835443, 0.29737262916365337, -0.6849843981389767, 0.3922263233733797, -0.584143553182172, 0.6412590060312482, 0.19931107637605489, -0.03881896600295391]], "inverted": false, "swapped": true, "error_lsq": 0.05296062358915677, "error_max": 0.30482120910651034, "target": "706.xyz", "model": "26.xyz", "model_rescale": 3.795458400668931, "target_rescale": 3.9834808147968457},
{"mapping": [11, 6, 13, 12, 10, 3, 4, 2, 7, 8, 1, 0, 14], "R": [[-0.7821183759000059, -0.3249683162614822, -0.5316826492426796], [-0.17959518994692575, -0.6994808493996876, 0.6917167838581186], [-0.596687869683526, 0.636492053956111, 0.4887140794199268]], "T": [-0.13892774073394504, -0.05869265745857932, -0.07995959573301209], "aligned_model": [[0.07988028843818135, 0.34210225876378947, 0.5403245712456755, -0.2322559893983952, 0.015182937668929586, -0.7333452593335874, -0.10483346147499308, -0.6674345136035473, 0.010974177591485418, 0.33181739252304054, -0.5403380852447284, -0.18315582634303595, -0.15924210801155794], [-0.7675820036820453, -0.32054769330202915, -0.2737914383108051, -0.24580913988961486, 0.7034417829165819, -0.05059114568202944, -0.7174651464177166, -0.44825927548296624, -0.2124249943965813, 0.3323806468261318, 0.4642510701999272, 0.642294222253845, 0.015984618224216762], [-0.33392910375707985, 0.1569297965615963, -0.4857244697514625, -0.6657084742952719, -0.38572931275854955, 0.25242567096794194, 0.43549122091662157, -0.20024601075730428, 0.7001151491046347, 0.05071014709996541, -0.3130392702431619, 0.18938247940877417, -0.10854116039727772]], "inverted": true, "swapped": true, "error_lsq": 0.05440355748750792, "error_max": 0.3105363142608343, "target": "706.xyz", "model": "27.xyz", "model_rescale": 3.6321398670334006, "target_rescale": 3.9834808147968457},
