[{"mapping": [0, 7, 12, 2, 3, 6, 4, 5, 11, 1, 13], "R": [[-0.36706154669364555, -0.8863447841582002, 0.2822388076335751], [0.9217336982614064, -0.3057394562102992, 0.2386008684091096], [-0.12519109564269884, 0.3477302237536796, 0.9291990535186724]], "T": [0.040031678740128716, -0.09825077936539915, 0.1151812671582689], "aligned_model": [[-0.6054121167189004, 0.2090228026984868, 0.11329177078033636, -0.646331521632104, -0.2900521810690211, -0.023816774623365324, -0.13820220746096432, 0.48347204944244715, 0.7269424066249885, -0.10703292448080395, 0.1129474854326841], [-0.5210218035894104, -0.027920456799004886, -0.6722704973462105, 0.14541537617077965, 0.23600379029865726, 0.6622577788477184, 0.5087362268416605, 0.2302651315747038, -0.10129539876605237, -0.38452972500712534, -0.1018583697534502], [0.10627045571092866, -0.6182286647532554, 0.13112273061354365, -0.13137624587004842, 0.3443511472689028, 0.06939489281668175, -0.6012010907460327, 0.6327130964520643, -0.008132248129706879, 0.5942016019925043, -0.030455722241282873]], "inverted": true, "swapped": false, "error_lsq": 0.046028929600449284, "error_max": 0.2228972136971755, "target": "708.xyz", "model": "0.xyz", "model_rescale": 3.8414455957264533, "target_rescale": 3.642882414765062},
{"mapping": [8, 7, 13, 6, 10, 5, 2, 1, 0, 12, 14], "R": [[0.9994659736321799, -0.01788639108381123, -0.027346746890180306], [0.029278095943819436, 0.8618172333077384, 0.506373231393307], [0.014510708093788263, -0.5069034754149867, 0.8618806796551509]], "T": [0.04612616303864506, 0.004002571094601157, -0.011987382693959325], "aligned_model": [[-0.5288404006967291, 0.32381899065588726, 0.15592832220224948, -0.6428222237825617, -0.40328203166013765, -0.23152808609189127, -0.08770043713005238, 0.6086978649097612, 0.7374873489460003, -0.167635030584423, 0.07070447222568063], [-0.5125215724765666, -0.11640904413459761, -0.7461727070220437, 0.28335686559760526, 0.21196471530397137, 0.5953976819246805, 0.5048929581409708, 0.25297297682073555, -0.18633306095275193, -0.3494096080717381, 0.036042847342000243], [0.15208167957854457, -0.5788583896637616, -0.006739660811593662, -0.25144191328970356, 0.46041638689706765, 0.07451536760063956, -0.537157820618883, 0.5963091802546914, -0.11833317387102793, 0.6296476596664258, 0.06822063737190004]], "inverted": true, "swapped": false, "error_lsq": 0.04932164076210848, "error_max": 0.2839161387129677, "target": "708.xyz", "model": "1.xyz", "model_rescale": 4.316132596720782, "target_rescale": 3.642882414765062},
{"mapping": [0, 3, 4, 9, 1, 10, 7, 8, 6, 2, 11], "R": [[-0.14154282649722388, 0.5517016606883948, -0.8219433714440703], [0.6985395869334188, 0.6439885514948642, 0.31196344502270756], [0.7014328718801721, -0.5300037953988768, -0.4765374099781884]], "T": [-0.09359607008668396, 0.012440982680030589, 0.004612830752941416], "aligned_model": [[-0.535912058167418, 0.2235631974989385, 0.2276422560172497, -0.7266347851750489, -0.39360649776213114, 0.19894070726791213, -0.1599781838981612, 0.25793617450377315, 0.7245478064458931, 0.010256274250813727, 0.008073898011963246], [-0.5241193551023868, -0.09264637251181061, -0.6864495101511857, 0.3695639632529977, 0.16049208661217762, 0.5672983534347803, 0.47373041637566515, 0.26482283125077855, -0.0692159486325858, -0.42755800106677533, -0.062136410989389324], [0.1473490531823837, -0.5605275549942168, -0.04723066458471592, -0.14261714981475712, 0.4320141378581903, 0.06618661253872471, -0.7591060920887267, 0.6368822348348555, 0.012901730581288823, 0.7091275478613818, -0.00631990226010911]], "inverted": false, "swapped": false, "error_lsq": 0.03836897690207324, "error_max": 0.20916011268404633, "target": "708.xyz", "model": "2.xyz", "model_rescale": 3.795458400668931, "target_rescale": 3.642882414765062},
{"mapping": [1, 7, 0, 8, 6, 5, 9, 10, 4, 2, 11], "R": [[-0.04980102639506767, -0.8053785245255614, 0.590665125094607], [-0.26012236538689715, -0.5605298120933031, -0.7862205064612422], [0.9642905230248422, -0.1927997976857765, -0.1815820068641173]], "T": [-0.02381114140904351, -0.007671837929080648, 0.07874412496906819], "aligned_model": [[-0.42457013487571293, 0.014634900788165532, 0.3422645319439905, -0.7225674419932481, -0.5245410660208232, 0.242049372738587, -0.0602277506604711, 0.5002073456521849, 0.6017972973970513, -0.18937142235972976, 0.05515315638379021], [-0.4925143385508496, -0.2190832385204495, -0.6965994102529222, 0.1525111778689333, 0.19416378510075025, 0.6392580577597428, 0.5969517978909064, 0.08231231742827687, 0.010319790074340264, -0.19955357426410336, -0.09398431206235937], [0.10300975304796711, -0.6541470116640189, 0.018949930879324783, -0.23213200932731887, 0.3150240870804273, 0.14674789420599874, -0.5438783387966732, 0.5850229141779852, -0.059982642238935596, 0.8022747076313113, 0.00777066811823135]], "inverted": true, "swapped": false, "error_lsq": 0.04728357417685414, "error_max": 0.24625963518159152, "target": "708.xyz", "model": "3.xyz", "model_rescale": 3.7530521520055578, "target_rescale": 3.642882414765062},
{"mapping": [0, 7, 1, 6, 4, 9, 8, 3, 5, 2, 10], "R": [[0.08955982977587201, 0.9252377336565965, -0.3686653945090621], [0.49964772474537766, 0.27846780765200235, 0.8202486399002775], [0.8615864367823373, -0.25766415412216936, -0.4373533990187145]], "T": [0.03829877930120032, 0.03424286448220932, 0.08747049631521739], "aligned_model": [[-0.5958777499225432, 0.054390610444791376, 0.3598954592475966, -0.6051983603243786, -0.6051715333175437, 0.16618791135385688, -0.07907370543530595, 0.534899635911915, 0.6811536461222283, -0.04692405691399465, -0.029453068172838118], [-0.4630753989668474, -0.1596880054052815, -0.6761155945635645, 0.26597534991757615, 0.1109148749062775, 0.5627811347490234, 0.48402873694800114, 0.13242850302037856, 0.04182050740116367, -0.2927524139955864, -0.032535641538874775], [-0.08778663019229307, -0.4793476502084576, 0.2174409003282887, -0.1927919327179385, 0.4335604615084284, 0.1281575410516987, -0.7033492434555254, 0.6565196635168374, -0.23539161283112112, 0.6766794058436435, 0.07496905027073882]], "inverted": false, "swapped": false, "error_lsq": 0.04984392667275339, "error_max": 0.2689022265537692, "target": "708.xyz", "model": "4.xyz", "model_rescale": 3.7855080009869324, "target_rescale": 3.642882414765062},
{"mapping": [12, 3, 14, 4, 6, 7, 5, 8, 9, 13, 16], "R": [[0.8474132937303841, 0.41899908261616664, -0.32608354508596826], [-0.5127363412207594, 0.8052523761320493, -0.2977751754684022], [0.1378120241509096, 0.41953352607449573, 0.8972176249377459]], "T": [-0.03400574506039767, -0.06121718629073162, 0.0288207978157154], "aligned_model": [[-0.3338773543605651, 0.270428994567646, 0.25283783662376463, -0.6083917740671382, -0.4322314789799421, -0.09425415432711795, 0.018985216108317958, 0.2911446842189879, 0.5736159635454126, -0.09857189737600613, -0.004857246959575373], [-0.6482735711878385, -0.061911870079502586, -0.6737659457175138, 0.36729590047796756, 0.2623499168784302, 0.6843279734406247, 0.5040719725049252, 0.21443084471576393, -0.27342670303286143, -0.2966358258326869, -0.1046806396950426], [0.1976612014441733, -0.5954672864220659, 0.043039641094291516, -0.15409450503010197, 0.4323027213983212, 0.07243290459680182, -0.5480183215250395, 0.5888254721759333, -0.2756081749908657, 0.710932896379266, 0.016653403993585544]], "inverted": false, "swapped": false, "error_lsq": 0.051926647811493816, "error_max": 0.3009037905336295, "target": "708.xyz", "model": "5.xyz", "model_rescale": 4.2253639853439635, "target_rescale": 3.642882414765062},
{"mapping": [7, 9, 0, 11, 6, 5, 8, 4, 1, 3, 13], "R": [[0.3750258129475951, 0.017272457884020764, 0.9268534413927805], [0.9035699388884815, -0.23024673573665838, -0.3613139994792336], [0.20716419854806373, 0.9729789837818998, -0.10195534296288891]], "T": [0.013099118490476224, 0.07597423362259895, 0.023394928814480742], "aligned_model": [[-0.43844227882866654, 0.13666305047305963, 0.2132564375795628, -0.6753634249816317, -0.5109112887847282, -0.18598034541971836, 0.14770433419094783, 0.5260076785684237, 0.7261095959473483, -0.10792608834519397, 0.0037111185943804817], [-0.5269834139575317, -0.18701839303094178, -0.6992003319085385, 0.32475083425483187, 0.11108849780842767, 0.6733350381806342, 0.4804354798299475, -0.029991615940281977, 0.010147428236495004, -0.23686561790091396, 0.054084146900137096], [0.2722797571158916, -0.5134134732474263, -0.022475430844907912, -0.24058105120448808, 0.3947411953112256, 0.08873023839277278, -0.5800596360214474, 0.49942786877946826, -0.13781509782049595, 0.6482897994187062, 0.07953578323500038]], "inverted": true, "swapped": false, "error_lsq": 0.04860380523473983, "error_max": 0.2784444616103436, "target": "708.xyz", "model": "6.xyz", "model_rescale": 3.89814844738969, "target_rescale": 3.642882414765062},
{"mapping": [11, 8, 9, 7, 4, 0, 3, 2, 5, 10, 12], "R": [[0.5508110660954864, -0.50321489174563, 0.665869313147999], [-0.3491997211979854, 0.5856732130237707, 0.7314686885039322], [-0.7580677569861439, -0.6354224266358933, 0.14687278694894348]], "T": [-0.019223590084433723, 0.08882030777263142, 0.017491823358829296], "aligned_model": [[-0.5386904455765525, -0.15445084778368887, 0.4169760320849587, -0.5742117518295798, -0.4250982890408558, 0.1313155328136147, -0.069084162294193, 0.18540336362732093, 0.7242195345039453, 0.15340451875605823, -0.014954696267243744], [-0.5314984205235537, -0.2702844066803314, -0.6817679915186774, 0.38416867616657835, 0.14718702021075164, 0.6590388251402743, 0.48280950515394006, 0.24768532560923223, -0.11589945143122085, -0.3689938753657084, 0.02133684571098063], [-0.00895114533124191, -0.5396833422287346, -0.1002767702865982, -0.17232956941799418, 0.5148396332569665, -0.03906966881068714, -0.68583482362368, 0.6766105990308552, 0.10670362032880842, 0.5647663182950144, 0.17188510190159087]], "inverted": true, "swapped": false, "error_lsq": 0.05582542511893338, "error_max": 0.27293443036249027, "target": "708.xyz", "model": "7.xyz", "model_rescale": 3.7474275329858107, "target_rescale": 3.642882414765062},
{"mapping": [11, 8, 5, 13, 12, 1, 4, 0, 3, 10, 14], "R": [[0.40609645060513105, 0.702953198763316, 0.5839027942683072], [-0.5391259945983884, -0.331621738827305, 0.774190018203189], [0.7378542096879394, -0.6291929931949157, 0.2443099313581209]], "T": [-0.00975758134169287, -0.048349665889647724, 0.0709391336149042], "aligned_model": [[-0.504790591906411, 0.20492770462841198, 0.4030337684402887, -0.7434914181351614, -0.5087533547801493, 0.18631733389795668, -0.17739136462697114, 0.42378594893214977, 0.6983540465484848, -0.12407833567544994, -0.02308494832936501], [-0.415247117977814, -0.14740707925588079, -0.5935285532943686, 0.3617522224404133, 0.1731586986131246, 0.6494336123500553, 0.2503539643987384, 0.12506338567709124, -0.0836427008064009, -0.34738304596475855, 0.00122866629206584], [0.15345297301358113, -0.5688328356848223, -0.1421447613542098, -0.24775025532834746, 0.3583062878709524, 0.26957182043323874, -0.6325528008090303, 0.5358919898605317, -0.03614429702541419, 0.7585241555705003, 0.04033767656731952]], "inverted": true, "swapped": false, "error_lsq": 0.048849207563145924, "error_max": 0.3243828399665737, "target": "708.xyz", "model": "8.xyz", "model_rescale": 4.019505241142653, "target_rescale": 3.642882414765062},
{"mapping": [5, 0, 2, 8, 11, 9, 7, 10, 1, 6, 12], "R": [[-0.8798804649769918, 0.2621463568361389, -0.39634537331652103], [-0.4219902878409035, -0.047565194852581205, 0.9053517267927352], [0.21848241192330345, 0.9638551965083634, 0.15247490234133682]], "T": [-0.023800814256325152, -0.08887153006868824, 0.02165144621756128], "aligned_model": [[-0.5691733387714171, 0.15955539700967233, 0.22997725579980507, -0.45904605424362793, -0.4635423218811669, -0.019519472621223964, -0.12223136835690923, 0.5258864179860638, 0.6170107649014069, -0.0027169931009322565, -0.06137149772788714], [-0.46555916390112545, -0.1916227048798555, -0.6213210569062844, 0.3930700875914043, 0.16289309960874482, 0.586493579728222, 0.35502615927007175, 0.14555474268808588, 0.1198286405003748, -0.41414394065709753, -0.0964373905702749], [0.12748128682838564, -0.5935467120503204, -0.023805728635964897, -0.16390390838496743, 0.3828875209778288, 0.12749897813613575, -0.7611960852308413, 0.7152421234680971, -0.024283953991579267, 0.6711244397764852, 0.03116199222104036]], "inverted": false, "swapped": false, "error_lsq": 0.045531407680259026, "error_max": 0.2822699927933832, "target": "708.xyz", "model": "9.xyz", "model_rescale": 3.877068213659057, "target_rescale": 3.642882414765062},
{"mapping": [11, 9, 8, 6, 12, 3, 13, 1, 7, 0, 15], "R": [[0.8139819631082313, 0.5306444724759966, 0.2363256388230904], [-0.39854543633572176, 0.8061387409795097, -0.4373806871227176], [-0.42260489693144776, 0.26183348548771, 0.8676683277421839]], "T": [-0.024679010627666087, 0.08420286890197419, -0.08805662016019646], "aligned_model": [[-0.4057751963948428, 0.040273097718419776, 0.32339510534093646, -0.5491436615673124, -0.5640409906303699, -0.07123976133840922, -0.07491209335142765, 0.5165755659419405, 0.7754523388593828, -0.11615749366163841, -0.03959812192289491], [-0.5050989999178069, -0.4098713455662213, -0.5976109861161224, 0.39855925267826525, 0.12291929744913972, 0.6825778347168906, 0.5622232703356521, 0.029165544179660816, -0.055134229171997326, -0.2968401752866684, 0.04289258917147353], [0.14029460243983122, -0.5208581891484421, 0.008365434921283263, -0.16819068918639862, 0.42748669363763114, 0.1181976876917241, -0.6935412435627437, 0.5879026881071735, -0.006438202599163403, 0.6049108547266454, -0.009469683913241336]], "inverted": true, "swapped": false, "error_lsq": 0.04529021349289944, "error_max": 0.2390362818537315, "target": "708.xyz", "model": "10.xyz", "model_rescale": 4.260839863003843, "target_rescale": 3.642882414765062},
{"mapping": [1, 2, 3, 8, 7, 10, 9, 6, 5, 0, 11], "R": [[-0.6594161869877471, 0.6512124006302816, -0.37562308449280213], [0.23974842998981452, 0.6557198392923504, 0.7159274981978507], [0.712524373376771, 0.382039136246223, -0.5885194267993878]], "T": [9.067370871570016e-05, 0.03512649586106726, -0.031994069809660575], "aligned_model": [[-0.4480719519174131, -0.12074093251674982, 0.2846203422960181, -0.6147449652203084, -0.379955799522156, 0.11413821758486235, -0.05218164142075098, 0.4147520326048831, 0.6651013716519888, 0.011269762901055153, -0.039357647447645125], [-0.5304884623817037, -0.340805569348645, -0.6140452792208573, 0.28268548239491365, 0.16305383001746623, 0.6422009848459206, 0.5572282665828892, 0.18994318960813905, -0.02595661152405975, -0.3566286099597212, 0.006594831457924263], [0.017912073551798524, -0.5927363737475604, -0.07009847301125893, -0.30822783376297713, 0.48646991605884593, 0.07657625118921302, -0.6323361449945963, 0.6802861302730295, 0.07115886452124304, 0.7531410997523713, 0.006514443284190846]], "inverted": false, "swapped": false, "error_lsq": 0.039713937913927376, "error_max": 0.2751677897990786, "target": "708.xyz", "model": "11.xyz", "model_rescale": 3.890672605050136, "target_rescale": 3.642882414765062},
{"mapping": [11, 0, 6, 4, 12, 7, 3, 5, 8, 9, 13], "R": [[-0.4298566061376381, -0.8784716240032083, -0.20859267480186622], [0.5130031651389778, -0.4277395843323992, 0.7442221446265471], [-0.7430013800237669, 0.2129001029034791, 0.634525409630273]], "T": [-0.08662018500254236, -0.1914030429913564, 0.009329008436444963], "aligned_model": [[-0.4515322407673698, 0.005714352472753967, 0.258222245108115, -0.5607372858246602, -0.35595068348989717, 0.07416327221274203, 0.10367536943113297, 0.29486101591260416, 0.5723280747322094, 0.02601552039991968, -0.13193085119376613], [-0.571493315195079, -0.14473058547911888, -0.6530452669554715, 0.19088116285038043, 0.3076374357416527, 0.6299903068798651, 0.47590438116991657, 0.16825679229546947, 0.024708788759007894, -0.4246663013865851, -0.029661346207772415], [0.16786209781793562, -0.5720405424055364, 0.003990526405049433, -0.33726701649333357, 0.4926010125040867, 0.17188919713477036, -0.6002212845042296, 0.5838628003624293, -0.1863081889677736, 0.7433057561422096, 0.020985595118691094]], "inverted": false, "swapped": false, "error_lsq": 0.04759206177263942, "error_max": 0.22599345537956422, "target": "708.xyz", "model": "12.xyz", "model_rescale": 4.124412569039231, "target_rescale": 3.642882414765062},
{"mapping": [1, 0, 6, 4, 2, 10, 5, 11, 9, 8, 12], "R": [[0.37761327021495594, 0.1566451410667389, 0.9126173995370395], [-0.8359543235530928, 0.4815454950522016, 0.26323811488426463], [-0.39823182581312844, -0.8623086662994357, 0.31278615208226623]], "T": [0.11331876965183924, -0.05174198806170719, -0.16537076175073495], "aligned_model": [[-0.45815311840902123, -0.18607596070801802, 0.2430325466478854, -0.5890990212045393, -0.4220339100777501, 0.10278190581430252, -0.001158697528784558, 0.21660022207414692, 0.7063916289229297, 0.14932606037324664, 0.07321713308938603], [-0.5736605608245359, -0.18061455948375812, -0.675181437243126, 0.2983928773232771, 0.13061966079469925, 0.5933988030555634, 0.4857142308341627, 0.2984502158765304, -0.15851420624783566, -0.2818266181611628, 0.037003646548451695], [0.08738442310231631, -0.6454978794621199, 0.03983743507840895, -0.2132359775113539, 0.4846578922189506, 0.1928079735680479, -0.6866975319729023, 0.760507860544279, 0.04794953503327748, 0.5133491060189828, -0.09240288350358739]], "inverted": true, "swapped": false, "error_lsq": 0.05351425265977137, "error_max": 0.30041226860339265, "target": "708.xyz", "model": "13.xyz", "model_rescale": 3.9028299243045295, "target_rescale": 3.642882414765062},
{"mapping": [12, 5, 13, 2, 1, 3, 0, 9, 10, 11, 15], "R": [[0.21139996182118173, 0.29504203201664203, -0.9318048376594178], [0.8019151175577535, 0.49268076376956893, 0.33793166357086013], [0.5587863638049319, -0.8186671267095834, -0.13244597113818635]], "T": [0.0030876250962695844, 0.06158948030587837, 0.008179503913044006], "aligned_model": [[-0.3468347291053329, 0.09779635361925876, 0.22891466380984382, -0.6585698205531415, -0.44088496755150236, 0.08033257392791612, -0.14507704307093014, 0.3670492758757352, 0.7191514939167951, -0.1422504570018629, 0.07520144512700518], [-0.5393864312959809, -0.24001915912832097, -0.6879754978483718, 0.35299395590941735, 0.11165389880058824, 0.6721193286780984, 0.5109755514599597, 0.14835240215290063, -0.1435184493272028, -0.3021248342603139, 0.09071128733149228], [0.03313123061098207, -0.3945168072388742, -0.13255373276440285, -0.131257312497499, 0.47996403812459293, -0.09170026062783543, -0.6724935449175465, 0.687038523605731, -0.014969470586630312, 0.6346341531970985, 0.09138313620868334]], "inverted": true, "swapped": false, "error_lsq": 0.04319457608731366, "error_max": 0.20695450045925684, "target": "708.xyz", "model": "14.xyz", "model_rescale": 3.942246331269136, "target_rescale": 3.642882414765062},
{"mapping": [11, 7, 8, 10, 4, 5, 9, 12, 0, 13, 14], "R": [[-0.8329753311260981, -0.191341466011633, -0.5191729395104161], [0.5522642719137145, -0.34517266875187186, -0.7588544015253027], [-0.034003995397332704, -0.9188276618230591, 0.39319137346308675]], "T": [-0.028145900913715598, 0.09083987818939405, 0.07235625112260666], "aligned_model": [[-0.4660152914983228, 0.31455915214915536, 0.25206891120437946, -0.6980963360190428, -0.48506114671170264, 0.21480342074936193, -0.2352727241945467, 0.37094692293990583, 0.6688163951678529, -0.17135839690120766, 0.06943788210795121], [-0.4743597387188236, -0.13663552225340714, -0.612568950303919, 0.25582729532958043, 0.19121125707557557, 0.6676974248183037, 0.3536193050054281, 0.014450622688356798, -0.055842087711895236, -0.3247076586506156, 0.09509010519368183], [0.1264932485681493, -0.6771687297336695, -0.08744551781339907, -0.10915430705722678, 0.4256521913490071, -0.03247960242874312, -0.6599058317768082, 0.7815571096636044, -0.1105246980992805, 0.7562716494903797, 0.07536444095228632]], "inverted": false, "swapped": false, "error_lsq": 0.05153527042210049, "error_max": 0.262930907936312, "target": "708.xyz", "model": "15.xyz", "model_rescale": 4.355366556412066, "target_rescale": 3.642882414765062},
{"mapping": [0, 3, 4, 9, 1, 10, 7, 8, 6, 2, 11], "R": [[-0.14154282649722388, 0.5517016606883948, -0.8219433714440703], [0.6985395869334188, 0.6439885514948642, 0.31196344502270756], [0.7014328718801721, -0.5300037953988768, -0.4765374099781884]], "T": [-0.09359607008668396, 0.012440982680030589, 0.004612830752941416], "aligned_model": [[-0.535912058167418, 0.2235631974989385, 0.2276422560172497, -0.7266347851750489, -0.39360649776213114, 0.19894070726791213, -0.1599781838981612, 0.25793617450377315, 0.7245478064458931, 0.010256274250813727, 0.008073898011963246], [-0.5241193551023868, -0.09264637251181061, -0.6864495101511857, 0.3695639632529977, 0.16049208661217762, 0.5672983534347803, 0.47373041637566515, 0.26482283125077855, -0.0692159486325858, -0.42755800106677533, -0.062136410989389324], [0.1473490531823837, -0.5605275549942168, -0.04723066458471592, -0.14261714981475712, 0.4320141378581903, 0.06618661253872471, -0.7591060920887267, 0.6368822348348555, 0.012901730581288823, 0.7091275478613818, -0.00631990226010911]], "inverted": false, "swapped": false, "error_lsq": 0.03836897690207324, "error_max": 0.20916011268404633, "target": "708.xyz", "model": "16.xyz", "model_rescale": 3.795458400668931, "target_rescale": 3.642882414765062},
{"mapping": [11, 8, 9, 7, 4, 0, 3, 2, 5, 10, 12], "R": [[0.5508110660954864, -0.50321489174563, 0.665869313147999], [-0.3491997211979854, 0.5856732130237707, 0.7314686885039322], [-0.7580677569861439, -0.6354224266358933, 0.14687278694894348]], "T": [-0.019223590084433723, 0.08882030777263142, 0.017491823358829296], "aligned_model": [[-0.5386904455765525, -0.15445084778368887, 0.4169760320849587, -0.5742117518295798, -0.4250982890408558, 0.1313155328136147, -0.069084162294193, 0.18540336362732093, 0.7242195345039453, 0.15340451875605823, -0.014954696267243744], [-0.5314984205235537, -0.2702844066803314, -0.6817679915186774, 0.38416867616657835, 0.14718702021075164, 0.6590388251402743, 0.48280950515394006, 0.24768532560923223, -0.11589945143122085, -0.3689938753657084, 0.02133684571098063], [-0.00895114533124191, -0.5396833422287346, -0.1002767702865982, -0.17232956941799418, 0.5148396332569665, -0.03906966881068714, -0.68583482362368, 0.6766105990308552, 0.10670362032880842, 0.5647663182950144, 0.17188510190159087]], "inverted": true, "swapped": false, "error_lsq": 0.05582542511893338, "error_max": 0.27293443036249027, "target": "708.xyz", "model": "17.xyz", "model_rescale": 3.7474275329858107, "target_rescale": 3.642882414765062},
{"mapping": [7, 5, 9, 11, 1, 3, 10, 0, 4, 2, 13], "R": [[0.2762735888528353, -0.9359853724130891, 0.21818406617144503], [-0.574699349495939, -0.34285082849843507, -0.7430840915312893], [0.7703204279981932, 0.07990426788768962, -0.6326308134939471]], "T": [-0.020683193827774886, -0.01710242454351912, 0.004494846936919511], "aligned_model": [[-0.6407455291368476, 0.32605714054315904, 0.17356277081970262, -0.6732909710707694, -0.3771628946920202, -0.1630705159697749, -0.07596835605522273, 0.4615108446957807, 0.7987669284232924, -0.01613144568148695, 0.021300817117971417], [-0.4395764528431078, -0.11733630133353318, -0.6467969492707704, 0.2410617945386762, 0.26229200893386057, 0.6455588103564394, 0.3470041912477308, 0.20424641866147183, -0.13692662517104812, -0.34270628595194425, -0.04303855669550925], [0.071260689848356, -0.6223578049153886, -0.11159768771870451, -0.16635885326794136, 0.5273517969942645, 0.039065348283107454, -0.5792938936516471, 0.6507424694509412, -0.053552376143003705, 0.6352040753729862, 0.098196188861329]], "inverted": false, "swapped": false, "error_lsq": 0.04802038696023193, "error_max": 0.23968862538029018, "target": "708.xyz", "model": "18.xyz", "model_rescale": 3.922800546911778, "target_rescale": 3.642882414765062},
{"mapping": [12, 8, 13, 0, 3, 2, 1, 11, 4, 7, 14], "R": [[0.4969427549355037, -0.8426076708197452, 0.2075095453053566], [0.4315656377844248, 0.03251157218619634, -0.9014954786119034], [0.7528605439261874, 0.5375456359693618, 0.37979690710886493]], "T": [0.034183858744615554, 0.036313181317497646, -0.06206490951832931], "aligned_model": [[-0.45568499249886707, 0.1494533024621914, 0.32147071179226444, -0.7102839592455931, -0.4998088803417497, -0.02828103096753349, -0.07049890795587288, 0.4896550930139059, 0.7493955266385648, -0.1225793994812196, 0.011991325577693335], [-0.5546123641328284, -0.3253740605025463, -0.5543527906128051, 0.4083764791593924, 0.09593733200310794, 0.7211330384259197, 0.5227911564524661, -0.0674939587127483, -0.07369313147425482, -0.21973092378085343, 0.020801275647415986], [0.10954381077915017, -0.5419460911365175, 0.13891698143156406, -0.13808599904478353, 0.2849883412129753, 0.13855628490298733, -0.6101193976856628, 0.4755349837115289, -0.07749281755809222, 0.6782578013135484, 0.03050605518760141]], "inverted": false, "swapped": false, "error_lsq": 0.046126157770146996, "error_max": 0.31190487462518635, "target": "708.xyz", "model": "19.xyz", "model_rescale": 3.9282355846067225, "target_rescale": 3.642882414765062},
{"mapping": [8, 11, 4, 12, 7, 2, 10, 5, 3, 6, 13], "R": [[0.5641098034561353, 0.5907788933390058, 0.576853905967378], [-0.7091092451617677, 0.7045383866014799, -0.028102317183676007], [-0.423017976061052, -0.3931996452059992, 0.8163637859061902]], "T": [-0.0357259319351354, -0.05594947929569903, 0.0553711119751241], "aligned_model": [[-0.37945836261383975, -0.00202803300221166, 0.2279174923628176, -0.7671901580158904, -0.41789439360322345, 0.14455990875505653, -0.08833570322860512, 0.3483992233164422, 0.6741700730018586, 0.021026490935706188, 0.07366225108567326], [-0.7344111541239184, -0.2758714750200529, -0.6000110441197888, 0.2965492234460423, 0.30266909025085204, 0.7448932433751223, 0.5311072348920616, 0.210606299179878, -0.2511387583063397, -0.2813272271658887, 0.030716620064298122], [0.06799454325124962, -0.6257029946609147, -0.12863161475854257, -0.19661915727556997, 0.3921763448059923, 0.12511463892705432, -0.5729846592906328, 0.5741061448318058, 0.2112681186024444, 0.6659676132100351, -0.02402902452862219]], "inverted": true, "swapped": false, "error_lsq": 0.04968233638453941, "error_max": 0.31698133260650513, "target": "708.xyz", "model": "20.xyz", "model_rescale": 4.067790424073018, "target_rescale": 3.642882414765062},
{"mapping": [3, 6, 11, 2, 0, 8, 4, 9, 13, 12, 14], "R": [[0.08592934374832428, -0.6417778713861548, -0.7620612256781201], [0.3452690650554806, -0.6983086374364249, 0.627020190741413], [-0.9345616194765847, -0.31699560041227676, 0.16158084267809564]], "T": [0.0977782464986132, 0.09015817915370414, 0.052909694879435185], "aligned_model": [[-0.49420583334800905, -0.048264890113567285, 0.23069593127665833, -0.5803629504586892, -0.5018316993767272, 0.08501855993018147, -0.13269736848841535, 0.39412709482282626, 0.7485975784350994, -0.014300316596784352, 0.1480526829112107], [-0.520642118235066, -0.22408494834905077, -0.5425821752025329, 0.12351506910995755, 0.32088103836519477, 0.6600989686656064, 0.528563357141698, 0.08693343652940785, -0.11659419519538639, -0.396860413747129, 0.05455403338956623], [0.06783827715498841, -0.6009095169529602, 0.05072176856998786, -0.2516124987628272, 0.3557180576529969, 0.03977258810973737, -0.577292166071439, 0.7713920263259433, -0.10139895023145003, 0.6336550373153869, 0.1007753300039351]], "inverted": true, "swapped": false, "error_lsq": 0.04128019658668805, "error_max": 0.2337468024850428, "target": "708.xyz", "model": "21.xyz", "model_rescale": 4.186013935880536, "target_rescale": 3.642882414765062},
{"mapping": [0, 7, 1, 3, 5, 11, 4, 8, 9, 2, 12], "R": [[-0.4859636100326631, 0.8575805409094244, 0.16850811724519604], [0.46124262844136266, 0.08788622730877804, 0.8829106686171218], [0.7423574660717873, 0.5067855827694083, -0.4382622110843535]], "T": [0.03485734979474851, 0.002275034107623099, -0.0176508552184313], "aligned_model": [[-0.39398115887513707, 0.1659088287276309, 0.2212498640535458, -0.739766202280606, -0.5465564259125983, 0.11170528217195291, -0.036672129327764535, 0.42648688841441984, 0.6520849037766228, -0.03306664232258877, 0.007435580568306954], [-0.5753493013077539, -0.3299828227274541, -0.7041893352367841, 0.4952745687870985, 0.07956078213443225, 0.6168617486838344, 0.41216121766541036, 0.22544358491606228, -0.021996925541080972, -0.2601979499472928, 0.03619648504579377], [0.04743448586620818, -0.6585517573255503, -0.0535557491388839, -0.11381980089513696, 0.48685257458608383, 0.10621820575979068, -0.6130440017303471, 0.6024219091521871, 0.04473326791154628, 0.6724168710238145, -0.032446052095413104]], "inverted": false, "swapped": false, "error_lsq": 0.04498542996446826, "error_max": 0.2323507729255223, "target": "708.xyz", "model": "22.xyz", "model_rescale": 4.166573947596378, "target_rescale": 3.642882414765062},
{"mapping": [10, 0, 5, 8, 9, 3, 4, 12, 6, 14, 15], "R": [[-0.3362670627523227, -0.614241702568067, 0.7138848599978909], [-0.5118871096544232, 0.7554854207273928, 0.4089173095357976], [-0.7905036682252438, -0.22792303502418781, -0.5684672731369826]], "T": [0.03014684193645667, 0.05508929030389121, 0.09048602408686354], "aligned_model": [[-0.42090520022522593, -0.03807160172591559, 0.3033924630538044, -0.6482069732754949, -0.4073454914607103, -0.03550168930573938, -0.04696773939135607, 0.3899390314473508, 0.7785486024849989, -0.11270306340911879, 0.07265045080119126], [-0.5212888979053606, -0.15452798072687085, -0.6680511930026632, 0.2596639839840931, 0.29632004777732135, 0.6487306436744131, 0.4358945789047053, 0.06143033938527701, -0.08269033982409768, -0.32715183994165786, 0.02545271014710609], [0.24948750999965233, -0.6957471515473845, -0.21523714013970194, -0.2994683787786857, 0.4234384923906612, 0.021879421414657166, -0.5331277882079578, 0.6381088200812609, 0.08610306886222516, 0.7683233099539154, 0.044899789085657435]], "inverted": true, "swapped": false, "error_lsq": 0.045802908341199794, "error_max": 0.20702652583474807, "target": "708.xyz", "model": "23.xyz", "model_rescale": 4.274766983524099, "target_rescale": 3.642882414765062},
{"mapping": [9, 4, 7, 1, 0, 3, 2, 6, 5, 8, 10], "R": [[-0.65536546021739, -0.6163902348498043, 0.43653086023310195], [-0.3143119388996503, -0.3029693031150633, -0.8996763898397667], [0.6868071917351997, -0.7268236923434571, 0.004816806933292672]], "T": [-0.015718242606412226, 0.03615973881169542, 0.14347221955784226], "aligned_model": [[-0.4078095767945153, 0.11089675146433395, 0.23666841290664056, -0.595792995645099, -0.4059799856546116, 0.25886438457661054, -0.22238314502390363, 0.4424298580569895, 0.7271509385965635, -0.2205345181581961, -0.08868133533102829], [-0.6635289877387187, -0.08147319123843505, -0.5442477135571102, 0.03074139746631279, 0.551700005642888, 0.5044578129306557, 0.5501090676396059, 0.1339283410535131, -0.10666792915653467, -0.41257901233874306, 0.011342261768832115], [-0.14698522592106214, -0.5331456518842327, 0.16493478779853354, -0.15396231604281888, 0.5013595584633307, -0.0025263366598868298, -0.644954838752464, 0.628814031470753, -0.16310009734942219, 0.6927398721548228, 0.14548616983674623]], "inverted": false, "swapped": false, "error_lsq": 0.07101350633993567, "error_max": 0.4092849855976101, "target": "708.xyz", "model": "24.xyz", "model_rescale": 3.7841303162186577, "target_rescale": 3.642882414765062},
{"mapping": [13, 6, 3, 10, 9, 8, 0, 2, 4, 12, 15], "R": [[0.02415932956778527, 0.9987112829808995, 0.044632947936261824], [0.443899584444832, -0.05072009828065288, 0.8946399446481845], [0.8957507944314316, -0.0018013542258062398, -0.444552887065659]], "T": [-0.09130532658914262, 0.057816801428138054, -0.03864511316269051], "aligned_model": [[-0.4170881467503996, 0.26297795910325894, 0.24231981915063436, -0.8173764946615018, -0.31796846383251554, 0.16454803285188327, -0.05687366135857079, 0.33334546121697306, 0.6394952978307068, -0.13954520161163814, -0.059005812945046365], [-0.6277462426042416, -0.32284550870769624, -0.6754602897792618, 0.30591765629087586, 0.2502558498340368, 0.5780527734107309, 0.6123595608778943, 0.24427322559272116, -0.09262850026886743, -0.3090562014841589, 0.010659729310232652], [0.1507456575096846, -0.5402485535058316, -0.039571003911384434, -0.16718199498116917, 0.46507280729453093, 0.07690303938390455, -0.5209590542040965, 0.5560806540869085, -0.03764441180338577, 0.6233586788355605, -0.07789586559042222]], "inverted": true, "swapped": false, "error_lsq": 0.04613126834138448, "error_max": 0.21352340016983032, "target": "708.xyz", "model": "25.xyz", "model_rescale": 4.19342608120988, "target_rescale": 3.642882414765062},
{"mapping": [0, 3, 4, 9, 1, 10, 7, 8, 6, 2, 11], "R": [[-0.14154282649722388, 0.5517016606883948, -0.8219433714440703], [0.6985395869334188, 0.6439885514948642, 0.31196344502270756], [0.7014328718801721, -0.5300037953988768, -0.4765374099781884]], "T": [-0.09359607008668396, 0.012440982680030589, 0.004612830752941416], "aligned_model": [[-0.535912058167418, 0.2235631974989385, 0.2276422560172497, -0.7266347851750489, -0.39360649776213114, 0.19894070726791213, -0.1599781838981612, 0.25793617450377315, 0.7245478064458931, 0.010256274250813727, 0.008073898011963246], [-0.5241193551023868, -0.09264637251181061, -0.6864495101511857, 0.3695639632529977, 0.16049208661217762, 0.5672983534347803, 0.47373041637566515, 0.26482283125077855, -0.0692159486325858, -0.42755800106677533, -0.062136410989389324], [0.1473490531823837, -0.5605275549942168, -0.04723066458471592, -0.14261714981475712, 0.4320141378581903, 0.06618661253872471, -0.7591060920887267, 0.6368822348348555, 0.012901730581288823, 0.7091275478613818, -0.00631990226010911]], "inverted": false, "swapped": false, "error_lsq": 0.03836897690207324, "error_max": 0.20916011268404633, "target": "708.xyz", "model": "26.xyz", "model_rescale": 3.795458400668931, "target_rescale": 3.642882414765062},
{"mapping": [4, 7, 10, 2, 9, 1, 0, 8, 5, 11, 12], "R": [[-0.6743238738138126, -0.32286842364047114, 0.6641109050607816], [0.6430121828832436, -0.6989280151647572, 0.3131053533262869], [0.36307388486155157, 0.6381658175065241, 0.6789121765720295]], "T": [-0.05037242895926381, 0.05734683594423088, 0.11487520987234927], "aligned_model": [[-0.4285249483013401, 0.27054799291198983, 0.17016120666154594, -0.6921910336133048, -0.4665977607332899, 0.010392887865692417, -0.1662212817323547, 0.4821569448040293, 0.6696006978859664, -0.05491889896279387, 0.04042298220764374], [-0.683885267110766, -0.27155128499159087, -0.6089457181535328, 0.5885371473647811, 0.11695770278309364, 0.6379445680427183, 0.42947663762768784, 0.23102719100635438, -0.11582703438563077, -0.3682619023899417, 0.01831001267909254], [0.19511749394061545, -0.5552323990236234, -0.008029535450922706, -0.1692737751198215, 0.20192294309803127, 0.21268635598814073, -0.6195440478429586, 0.580707057700449, -0.021176159602245073, 0.6896891999573462, -0.018207180530712033]], "inverted": false, "swapped": false, "error_lsq": 0.04688548748870654, "error_max": 0.28800984906843063, "target": "708.xyz", "model": "27.xyz", "model_rescale": 3.6321398670334006, "target_rescale": 3.642882414765062},
{"mapping": [2, 4, 13, 3, 0, 8, 7, 9, 6, 11, 14], "R": [[-0.8776721089751154, -0.13157191131479506, 0.4608475900773975], [-0.16556967575207904, -0.8191346274891309, -0.5491858924987005], [0.44975365657048827, -0.5583075265489572, 0.6971472973484591]], "T": [-0.04178748530762022, 0.09629734125868439, 0.08362569533047437], "aligned_model": [[-0.4348892609313919, 0.13255119772918847, 0.35032722713489156, -0.5885336213864139, -0.5748412217343504, -0.033616294419523865, -0.0026118097434948417, 0.4777304904555705, 0.639675306217933, -0.09294463059123526, -0.038018593737389195], [-0.5814819373956005, -0.16291449327500213, -0.6041655388107957, 0.313842761480582, 0.16680116676676698, 0.61204095960957, 0.5822235522773503, 0.04474110142360954, -0.15880259900174387, -0.27183599896341254, 0.033333078360941584], [0.22337513955380783, -0.6837611046561445, 0.23220273879596182, -0.27035556517019144, 0.40031895211071317, 0.11479246552517888, -0.5190586066826062, 0.5007769727026217, -0.18921110824648557, 0.6074449644701903, 0.07213510471125342]], "inverted": true, "swapped": false, "error_lsq": 0.04755527427335993, "error_max": 0.2737289947712735, "target": "708.xyz", "model": "28.xyz", "model_rescale": 4.156811204709835, "target_rescale": 3.642882414765062},
{"mapping": [6, 4, 3, 0, 7, 5, 1, 8, 2, 10], "R": [[-0.5351481156339307, -0.6982515907148533, 0.47545894712123205], [0.2571540376454008, -0.6707750825516892, -0.6956526356957492], [0.8046665739647207, -0.25001100914150154, 0.5385222372863789]], "T": [-0.11426202082468583, 0.001992330599892898, 0.006161066398462815], "aligned_model": [[-0.7898675229031187, 0.17742813680097386, -0.07590566656645048, 0.6318551523690622, -0.1381546603133711, -0.528286457548456, -0.30965733685226765, -0.45406800707829864, 0.18029803062711947, -0.050716294424605166], [0.0937466802703274, -0.47696770909189623, -0.2131431989746579, 0.15254307472308992, -0.4674353436704283, -0.47667230604379096, 0.5439540561535045, 0.3040839731348488, 0.49942537133674697, -0.0408142672115403], [-0.5476650817410124, -0.18377964116104806, -0.7861104140177568, -0.189209538541167, 0.6815850210357919, -0.05491385567869364, -0.16885313617931436, 0.5701624483544486, 0.35053079012523514, 0.08704013477861594]], "inverted": false, "swapped": true, "error_lsq": 0.06778870539050941, "error_max": 0.34363501129065815, "target": "708.xyz", "model": "29.xyz", "model_rescale": 4.117894457231895, "target_rescale": 3.642882414765062},
{"mapping": [6, 11, 10, 5, 8, 0, 2, 4, 12, 7, 14], "R": [[-0.6817547483547134, -0.6560501258306027, 0.3237417110806887], [0.22258296681036444, 0.23553617218761752, 0.9460335799944428], [-0.6968983326007445, 0.7170222757968233, -0.014552320414513042]], "T": [0.031607386546080946, -0.020144016445367095, 0.04381345662898672], "aligned_model": [[-0.4964555663435093, 0.3215399620668006, 0.017917658346038534, -0.7146761632629169, -0.5397602086388911, -0.08808479508939626, -0.06444715450663982, 0.5158669849389661, 0.7810993221406747, 0.0681547605365625, 0.03367398880609548], [-0.3843284906749165, -0.24897120237207074, -0.7351414758869073, 0.25662332640039615, 0.10102793355977356, 0.7413929094112124, 0.5662064151513658, 0.21681017599974378, -0.10750267195867902, -0.3624966428720198, -0.06983822428563281], [0.061381318059477136, -0.5799500008944954, 0.0977781583061515, -0.20601142753696533, 0.4446202883592348, 0.048025752308564554, -0.5500952480996404, 0.5995772951465329, -0.0918634634678687, 0.599207577490266, 0.06598970344304261]], "inverted": true, "swapped": false, "error_lsq": 0.04926634235903707, "error_max": 0.2805163897625487, "target": "708.xyz", "model": "30.xyz", "model_rescale": 4.100398675895297, "target_rescale": 3.642882414765062},
