[{"mapping": [8, 7, 10, 9, 4, 2, 0, 5, 12, 1, 6, 13], "R": [[0.8191137737126836, -0.536268845206214, 0.20363779456515657], [0.5730000396994445, 0.7482731102253312, -0.33430271763499736], [0.026899446436722277, 0.39051642497455036, 0.9202028806771334]], "T": [-0.0595704489026455, -0.0026116506675354957, 0.12425338121565746], "aligned_model": [[0.5466803110446578, 0.12090161041131252, -0.44974372960736214, -0.44225425705295246, 0.5578443855846623, 0.041471775204573846, -0.6175596960528233, 0.30956969545722024, -0.5995493199226283, -0.4185054061978478, 0.6660092813598555, -0.0316001989586832], [-0.29357071077625835, -0.06113254691297554, -0.689763152994828, 0.13291439292885923, 0.39072505073592817, 0.745358596179999, 0.5303612974122184, -0.42290231179432963, -0.2015297940133602, 0.01834056832767082, 0.23179825393194597, -0.05618704244071135], [-0.2737189457452335, -0.6074566863555622, -0.5010597791408866, -0.4856064110734505, -0.4901482692501704, -0.022679338721082104, 0.12477420803976422, 0.6336575178627575, 0.06121213223183203, 0.5756631887892636, 0.18022065598861606, -0.027031795750964843]], "inverted": true, "swapped": false, "error_lsq": 0.046782485142061854, "error_max": 0.2786958310153449, "target": "709.xyz", "model": "0.xyz", "model_rescale": 3.8414455957264533, "target_rescale": 3.726136092813244},
{"mapping": [5, 4, 1, 0, 2, 9, 13, 10, 11, 8, 6, 14], "R": [[-0.5551700181237819, 0.824526449052357, 0.10928122340800767], [-0.16753252321600692, 0.01784057577400866, -0.985705111846809], [-0.8146895756306924, -0.5655420839063731, 0.12823044369228065]], "T": [-0.021029750848720895, 0.05749086199352328, -0.1028572774929481], "aligned_model": [[0.5526075859988312, 0.10157425921009929, -0.3583645429966867, -0.5243115416792244, 0.6053691907165623, -0.013287450302857839, -0.6480316686251035, 0.23545474359896668, -0.7589326990140631, -0.13346492577831087, 0.6623502092555625, -0.037698709113790405], [-0.26688926482142566, -0.010328280678539026, -0.6671501922211993, 0.14472048883411476, 0.2837571420003112, 0.7224005902756058, 0.4040955047488326, -0.38760933292690875, -0.34165022237938986, 0.24958760679701003, 0.22416730795532952, -0.030688746999583003], [-0.10922313049621271, -0.6283913443743576, -0.4339138764632842, -0.6172654818665362, -0.42071363523369437, 0.049932741852381224, 0.1452975478974369, 0.34934049008236573, 0.04697942022989038, 0.6552717152088399, 0.2366099024715536, -0.10609787243349889]], "inverted": true, "swapped": false, "error_lsq": 0.04558591209507961, "error_max": 0.25325694397169135, "target": "709.xyz", "model": "1.xyz", "model_rescale": 4.316132596720782, "target_rescale": 3.726136092813244},
{"mapping": [2, 6, 4, 3, 8, 10, 7, 0, 5, 9, 1, 11], "R": [[0.7411042529461256, -0.4751919717195633, -0.4742964012918915], [0.6127972472852666, 0.7673838678319742, 0.18868368533299046], [0.27430643445746045, -0.430481810770807, 0.8599077802943302]], "T": [-0.0228177693391366, 0.055415494154625454, -0.020230238990871466], "aligned_model": [[0.6544164753270268, -0.0011107340785972454, -0.11174966379800333, -0.5861324206111843, 0.6320906278957098, 0.08062924814386489, -0.756910478780973, 0.07533035596202109, -0.5119593139464117, -0.1613805567190921, 0.4062013312253533, -0.03616041934972877], [-0.40447725893390796, 0.12327520621271176, -0.568493007812454, 0.0476395365613726, 0.3246159484313309, 0.648787765544582, 0.5469535542374815, -0.5608435455818245, -0.25284110764977913, 0.3007038712730672, 0.11765723558220752, 0.001434402719370502], [-0.19509543064747897, -0.8393882378525694, -0.4642561734337763, -0.35732539912354155, -0.31291133243797414, -0.20582081178131462, 0.12104732190994065, 0.3181568175426518, 0.2652137987822238, 0.6657620869400465, 0.3063671283893715, -0.13392329141269582]], "inverted": false, "swapped": false, "error_lsq": 0.05158468657134449, "error_max": 0.2651082018530113, "target": "709.xyz", "model": "2.xyz", "model_rescale": 3.795458400668931, "target_rescale": 3.726136092813244},
{"mapping": [8, 6, 1, 2, 3, 5, 10, 7, 0, 4, 9, 11], "R": [[-0.7393260939606592, 0.16407148456739465, -0.6530524287840341], [0.20423658692319488, -0.8695278552245044, -0.44967624525945077], [-0.6416263268841446, -0.465834581091319, 0.609355232773656]], "T": [-0.09925934581785231, 0.005107018682942745, -0.06942504911678932], "aligned_model": [[0.5298012134223873, 0.11759917951784468, -0.2192538266183355, -0.590303436865256, 0.5496327268551722, 0.12735830547843033, -0.6130280705571499, 0.21125535633939627, -0.6607903417212224, -0.3023292110232437, 0.679118348030906, -0.14579579158894393], [-0.3040601397193746, 0.056984159000180695, -0.5361607167560348, 0.10652543315650834, 0.3498010191476847, 0.657976891352615, 0.5243765706592161, -0.47217113963320034, -0.4089163596038691, 0.22295863391303922, 0.18813882743714974, -0.0610405783697566], [-0.41476751393270034, -0.6149316383736345, -0.3675850818338436, -0.6493520421668417, -0.3811864155522216, 0.05797190936521887, 0.004138292774938115, 0.43958229459695114, 0.28480019990914585, 0.49825270886805423, 0.26995993215098163, 0.04094383106883548]], "inverted": true, "swapped": false, "error_lsq": 0.04660373394839035, "error_max": 0.22055691887571563, "target": "709.xyz", "model": "3.xyz", "model_rescale": 3.7530521520055578, "target_rescale": 3.726136092813244},
{"mapping": [5, 0, 1, 2, 3, 7, 6, 10, 9, 8, 11], "R": [[-0.6522750911922034, -0.5234478613321999, -0.5482148683472101], [0.17577703098835828, -0.80799861428542, 0.5623528026868535], [-0.7373192258358117, 0.2704451437530122, 0.6190474807583762]], "T": [-0.1393689996845639, -0.021224619366432787, -0.03390285224620721], "aligned_model": [[-0.5012654580848002, -0.1504118688854377, 0.19361506197705752, 0.6773750179621802, 0.3459274856998272, -0.23581948666183988, -0.052032720849308045, -0.7294169383097362, -0.42750559554307327, 0.32856755532713816, -0.11083345018680296], [-0.6153576692131274, 0.16094132579761877, -0.33563734493834246, 0.23932853680562222, -0.501442159808849, 0.5995313864130475, -0.5539914656427355, 0.12310101510680065, 0.15815712650524705, 0.28828177448487724, -0.09570916719581303], [0.06064802772777888, -0.6911187995350837, -0.5191001657990699, -0.24471801149875425, 0.0673588179318868, -0.06635605232331432, 0.6401325682696389, -0.12135642982115757, 0.6136747319149609, 0.35303043374832727, 0.0006356566301034192]], "inverted": false, "swapped": true, "error_lsq": 0.047690466220942376, "error_max": 0.2513546870520369, "target": "709.xyz", "model": "4.xyz", "model_rescale": 3.7855080009869324, "target_rescale": 3.726136092813244},
{"mapping": [9, 10, 5, 7, 15, 13, 6, 2, 0, 1, 14, 16], "R": [[0.9821550236759624, -0.18522219873957524, 0.03262279206547958], [0.013437648791689016, 0.24212498214730813, 0.9701520100557012], [-0.18759248136058504, -0.9524012967831593, 0.24029321842851814]], "T": [-0.057445564411944885, 0.11878762504243413, -0.03166230585806384], "aligned_model": [[0.5087715322128319, 0.08066869252832733, -0.44263081182163355, -0.5923700218479347, 0.6052322415719769, 0.1097538745013708, -0.5330222689005325, 0.27219675797143167, -0.4710684351305802, -0.4092430198780465, 0.5629987732410879, -0.008022863178313702], [-0.2799534601193522, -0.09852826494603374, -0.5107466359686672, 0.09836644028586404, 0.3845703238373459, 0.8199469284660812, 0.5601529991309072, -0.387078010318162, -0.47195323769020336, -0.03175860854980435, 0.13600670003568488, 0.10538742642049823], [-0.19694317511658357, -0.7133239008321692, -0.3639606417107237, -0.5558838925233391, -0.4434095452701636, 0.04105370149201736, -0.10307990012221879, 0.3940389812360748, 0.2656846921709859, 0.6215438797128764, 0.23750256158108674, -0.015396283742959739]], "inverted": false, "swapped": false, "error_lsq": 0.045760877304315016, "error_max": 0.26383146924391815, "target": "709.xyz", "model": "5.xyz", "model_rescale": 4.2253639853439635, "target_rescale": 3.726136092813244},
{"mapping": [7, 6, 3, 2, 11, 8, 10, 0, 4, 1, 9, 13], "R": [[-0.78518889197573, -0.5113580262754651, -0.3492726340290436], [0.599479978204996, -0.76907306948769, -0.22169882615864397], [-0.1552487025686955, -0.3834574066991582, 0.9104165297259784]], "T": [0.016722724766806227, 0.09523956114881449, -0.07551416739103331], "aligned_model": [[0.4250971410352265, 0.09700188767100362, -0.15205823716948755, -0.5336857355350175, 0.49746744544009114, 0.12094404162933763, -0.5950501158753145, 0.280742602658718, -0.5528787404458899, -0.29901571548815886, 0.3969652133767697, -0.0022653360272924666], [-0.5388715483737113, -0.10324585370960082, -0.5312786345908276, 0.0639985522847743, 0.4485878908699238, 0.782135571512155, 0.5742826907415923, -0.4952070907195748, -0.2726388351367137, 0.1439380118511668, 0.20878465100938848, 0.04392719484558602], [-0.32153175404786205, -0.6820426203221331, -0.3618660662730644, -0.45793558184185246, -0.5750972538153598, 0.1758355166291711, -0.006491375273018754, 0.39854163597176573, 0.12729354592496347, 0.585275875060288, 0.3882956965722496, -0.1024511417102639]], "inverted": true, "swapped": false, "error_lsq": 0.0460593587065899, "error_max": 0.2740178005760529, "target": "709.xyz", "model": "6.xyz", "model_rescale": 3.89814844738969, "target_rescale": 3.726136092813244},
{"mapping": [10, 4, 11, 7, 2, 0, 3, 9, 8, 6, 5, 12], "R": [[0.2404693163538604, 0.8822807464983623, -0.4046667669213764], [0.1764910125821736, -0.44969325039607977, -0.8755723288375026], [-0.9544765216442079, 0.1391282318816036, -0.2638520508229427]], "T": [-0.04965951090492622, 0.09472084055888746, -0.1301137999647207], "aligned_model": [[0.552346634548748, 0.10559971639162911, -0.2878433275668358, -0.564789071468753, 0.5763411134449803, -0.08556185274313081, -0.6968199714111503, 0.2146539375735086, -0.5261623335430464, -0.1722673977801244, 0.481840588017211, 0.08592641580694878], [-0.3152621853923134, 0.03412669986064666, -0.6383605039326989, 0.24027486834437692, 0.2858073684478924, 0.6856302665672798, 0.4785877390551731, -0.5333003180802944, -0.27405955676915306, 0.24597704325718123, 0.08792083594586664, 0.02707034328020165], [-0.2217990349812318, -0.752784427854452, -0.37750131190051717, -0.5105480786183347, -0.40058931030496925, -0.10671594593333583, 0.16350411377033328, 0.4475311639097609, 0.1775107290949929, 0.5175471593720835, 0.43560521934420193, -0.20393379902364808]], "inverted": false, "swapped": false, "error_lsq": 0.040324909287081066, "error_max": 0.22222936222633505, "target": "709.xyz", "model": "7.xyz", "model_rescale": 3.7474275329858107, "target_rescale": 3.726136092813244},
{"mapping": [12, 11, 13, 9, 10, 7, 5, 1, 4, 3, 0, 14], "R": [[0.5354481928833604, -0.7483741361474773, 0.3914478063336936], [0.8420307827416224, 0.4371366410453828, -0.31606283864303175], [0.06541707463250407, 0.49884637855864744, 0.864218084134698]], "T": [-0.027496221788557706, -0.006283764802643605, -0.007021824474841461], "aligned_model": [[0.3469417559454612, -0.004850911189117568, -0.16752548432472483, -0.5306524920411358, 0.5643170029422975, -0.026434972049376226, -0.4085849357240998, 0.331017494119325, -0.6121183997973759, -0.19642501217381317, 0.4304184606931417, -0.0428380551305967], [-0.34771467127014005, 0.09540335008029709, -0.778944717498452, 0.3296239298523963, 0.3778478407238751, 0.6007348419086244, 0.588128373736917, -0.4503941079824445, -0.5254360031783615, 0.3237277909435686, 0.1739707472460569, -0.06253477397817886], [-0.35896465468821226, -0.6199058886864225, -0.44462745344383875, -0.4699907526605779, -0.28534425683980097, -0.3158986879323028, 0.1132572912920633, 0.48189098844428624, 0.023370743946291253, 0.6067289179585598, 0.4311969474653057, 0.006113282019532488]], "inverted": true, "swapped": false, "error_lsq": 0.05470768238312997, "error_max": 0.2714533692800278, "target": "709.xyz", "model": "8.xyz", "model_rescale": 4.019505241142653, "target_rescale": 3.726136092813244},
{"mapping": [9, 1, 10, 2, 7, 0, 3, 11, 6, 5, 8, 12], "R": [[-0.25163278529609484, -0.4473913133017286, 0.8582085726362119], [0.09707539985451459, -0.8939369145925296, -0.437553607540693], [0.9629420066168137, -0.026791892634586395, 0.26837452632811715]], "T": [-0.04943303509963777, 0.022839203688124428, -0.0755880541533077], "aligned_model": [[0.5227766031637807, 0.004402327956848293, -0.21360744677051846, -0.574750055834222, 0.6534599091846834, 0.03296384317458227, -0.5216154931935395, 0.15370108081089934, -0.5793864558425211, -0.29901301175333656, 0.5551210936745171, -0.05078794330118863], [-0.3402936411853409, -0.11161413321189292, -0.7792786778408902, 0.23703467524487848, 0.5722342321236458, 0.5946180401061172, 0.689949505539679, -0.3398427279394225, -0.44105664358201246, 0.15527955647801323, 0.06468726951069287, 0.022695145340690843], [-0.16531390484860153, -0.7353829890016917, -0.4852628335841562, -0.2433214435180323, -0.2295055699900272, -0.37379233773461307, 0.1898707546545661, 0.3874971123302942, 0.1033305102701073, 0.5332584842686384, 0.22257293617764462, -0.03612424214924546]], "inverted": false, "swapped": false, "error_lsq": 0.05482246139744571, "error_max": 0.31448935552247964, "target": "709.xyz", "model": "9.xyz", "model_rescale": 3.877068213659057, "target_rescale": 3.726136092813244},
{"mapping": [5, 4, 7, 2, 3, 6, 14, 0, 8, 11, 12, 15], "R": [[-0.7939719859718398, 0.5140916228133314, 0.32452779364037243], [-0.47599741237543347, -0.1935930829275661, -0.857874222514287], [-0.3781996151555741, -0.8356024901804424, 0.39841376670544376]], "T": [-0.08554722491234953, 0.12667501579263868, -0.10043700599137019], "aligned_model": [[0.6044066734600481, 0.034605067056570904, -0.34371791118328343, -0.6118903772989107, 0.4357134066186119, 0.19499812340485448, -0.6417323340398909, 0.2381191935931439, -0.5179018419914031, -0.14783846931470507, 0.484875076687609, -0.046372155722659625], [-0.23765327424040283, -0.09721511032452643, -0.5331932102894048, 0.10105104937856546, 0.28109984542293553, 0.6662053427129979, 0.6742247307262286, -0.37727141599581265, -0.4505430364595164, 0.014188107864278543, 0.21006823741412523, 0.07345133437469027], [-0.14759585929444585, -0.7277545634587396, -0.5056633506119301, -0.5037503534403391, -0.42785366521600715, 0.0020613305592144665, -0.08122813565720473, 0.42400944413800656, 0.17381058479613598, 0.6262828662284742, 0.3748094396960495, -0.039301260864330397]], "inverted": true, "swapped": false, "error_lsq": 0.0442702611562548, "error_max": 0.2537310550151996, "target": "709.xyz", "model": "10.xyz", "model_rescale": 4.260839863003843, "target_rescale": 3.726136092813244},
{"mapping": [0, 5, 3, 4, 6, 10, 9, 1, 2, 8, 7, 11], "R": [[0.7789645224655446, 0.28683774759012987, -0.5576184890204474], [0.20960219487366355, 0.7189969223988725, 0.6626540164256853], [0.5910001629815076, -0.6330620286657307, 0.4999512728431249]], "T": [-0.05034604605582953, 0.044099263448615963, -0.03803548351452917], "aligned_model": [[0.7373593271888405, -0.024530991121011356, -0.10576086043431286, -0.6270253602111163, 0.6043331990402626, 0.029253254434669626, -0.6529438968244007, 0.06560716228728432, -0.5836915925553408, -0.25842935529373046, 0.5058817321096538, -0.006788167350812786], [-0.3184996421948837, 0.040694944820624815, -0.5807796750421615, 0.23518713706216948, 0.256194470082485, 0.6617664162923962, 0.5394987963041329, -0.5539689628368354, -0.35926644666321567, 0.231432947879527, 0.1583624692720499, 0.013790145607869397], [-0.1724845372212755, -0.7132635159608197, -0.37013273130620244, -0.4467276069821337, -0.5172703361886379, -0.11209648338275977, 0.1268535526669142, 0.35200283937695814, 0.1142660531703136, 0.6231912810321631, 0.2893178544465899, -0.0058298927762260935]], "inverted": false, "swapped": false, "error_lsq": 0.04273664526248702, "error_max": 0.2604141690963617, "target": "709.xyz", "model": "11.xyz", "model_rescale": 3.890672605050136, "target_rescale": 3.726136092813244},
{"mapping": [8, 7, 5, 12, 3, 4, 10, 6, 9, 11, 0, 13], "R": [[-0.4440589748416969, 0.6580631081377075, 0.608082702081453], [-0.8615111416152956, -0.5000606165879323, -0.08796551944033057], [0.2461913478074555, -0.5629319012507966, 0.7889851043073702]], "T": [0.01637998100084621, 0.0002891497836277866, 0.12079021409283983], "aligned_model": [[0.5348155283249058, 0.006499811495144513, -0.25884770664029016, -0.5073802087375263, 0.6737639885552488, 0.09099433141381243, -0.6893651901894606, 0.17202410590228073, -0.5671513195685958, -0.32845287466000983, 0.5640762367010254, -0.007712251326549045], [-0.38838129847866903, 0.030592961855703874, -0.4845197964862082, 0.13884831283249108, 0.3298628720881312, 0.6706644597063478, 0.5475303380551306, -0.418182175758129, -0.5121506991757008, 0.11510509989380603, 0.21533183311023638, 0.07971069294101844], [-0.19440958247517956, -0.7312357429653006, -0.4215954304512465, -0.3906868320446141, -0.4380394416879737, -0.06917474684366981, 0.0761657853198027, 0.4850909140984109, 0.1729154332835297, 0.533912185370486, 0.17058976817630186, -0.025705832905663167]], "inverted": true, "swapped": false, "error_lsq": 0.03766202971153698, "error_max": 0.22295828338684096, "target": "709.xyz", "model": "12.xyz", "model_rescale": 4.124412569039231, "target_rescale": 3.726136092813244},
{"mapping": [8, 9, 3, 7, 11, 10, 5, 1, 0, 4, 2, 12], "R": [[-0.2633907518600681, -0.9518024407207134, 0.15715414621536872], [-0.8945927858316437, 0.3019531009015974, 0.32943599134564694], [-0.3610111623933081, -0.05381857201750334, -0.9310072512786514]], "T": [-0.1381598603302687, -0.08971747962174267, -0.12685450738575832], "aligned_model": [[0.5649435360998907, 0.028442746769702182, -0.5012064933841496, -0.4159891722604202, 0.6846100385918464, 0.08514453764136024, -0.7400736018480323, 0.27101064970175837, -0.5493482172569399, -0.1798720992001866, 0.515881506108758, -0.08027897969360204], [-0.17981482723624878, -0.14590348613582313, -0.6383863779762832, 0.3143499263862871, 0.438682240439098, 0.613639252819478, 0.3321059621902669, -0.5566937084813912, -0.31455084487574214, 0.2367589102642931, 0.2128672791783308, 0.011358274011892946], [-0.23831841535442633, -0.741450289977768, -0.4023775698915725, -0.5175181470432069, -0.3123168771641383, -0.13269617441227521, 0.05620480208024492, 0.39981141548080146, 0.21540487727817104, 0.5872529857306261, 0.34544610491258854, -0.09161623476416099]], "inverted": true, "swapped": false, "error_lsq": 0.0421757721399972, "error_max": 0.25285285152613146, "target": "709.xyz", "model": "13.xyz", "model_rescale": 3.9028299243045295, "target_rescale": 3.726136092813244},
{"mapping": [8, 12, 13, 11, 2, 6, 9, 4, 10, 7, 3, 15], "R": [[-0.10516200073609194, 0.6059916824809649, 0.7884890832250449], [0.8007159674148888, -0.4186065631433024, 0.42851194244757196], [0.5897413781718399, 0.6764189722777162, -0.44120571258171287]], "T": [0.06339450871405809, 0.01407572851259666, -0.11724728012277288], "aligned_model": [[0.6150580438366179, -0.03962644701817436, -0.33468780348406285, -0.44043138112201946, 0.6779403651724958, 0.016434238172475704, -0.5528988105605143, 0.21274665073315568, -0.43393237636525933, -0.39623981444845885, 0.3780581336474736, -0.019156347293744144], [-0.37905181238396934, -0.192890570168868, -0.6042231315156202, 0.31368216959155426, 0.3149398339076203, 0.6550518392820321, 0.4336448142828261, -0.3575556030249121, -0.3751483582487425, 0.18141435356987615, 0.2680376868579675, 0.06651137843439446], [-0.48822603984133506, -0.7735946903035386, -0.42037818286619055, -0.5669717975029263, -0.3892104209165238, 0.05981943234116502, 0.09486067198446435, 0.4295135130735517, 0.27838282706205586, 0.6452237221927541, 0.35728361675887166, -0.058876175107464665]], "inverted": true, "swapped": false, "error_lsq": 0.04447340900717811, "error_max": 0.2203828190281368, "target": "709.xyz", "model": "14.xyz", "model_rescale": 3.942246331269136, "target_rescale": 3.726136092813244},
{"mapping": [5, 2, 1, 0, 9, 6, 8, 3, 12, 13, 4, 14], "R": [[0.939989670309981, 0.20194363496670203, -0.2750239771492091], [-0.03815593332571148, 0.8632007619614213, 0.5034168941357312], [0.33906274413827475, -0.4627128838120434, 0.819105147518782]], "T": [0.07141841592846092, 0.1467285469416662, 0.003815115410094397], "aligned_model": [[0.3202756090946804, 0.031077785061307442, -0.1782066816089815, -0.43868871235755674, 0.6234281114902821, 0.09262366076922668, -0.5296915443865061, 0.23114748119341583, -0.48072901781711813, -0.32756137662444984, 0.3325972880659981, 0.006991848389687194], [-0.2913159745260634, -0.006088582500594353, -0.598214989123802, 0.08305018657285862, 0.47915776813729805, 0.694937798317198, 0.6241428585855935, -0.5215589777752039, -0.37845005726428466, 0.08840383992696854, 0.046906909978130684, 0.10344182025605861], [-0.382146868223855, -0.7429562532763021, -0.1946486710455656, -0.5219731185404098, -0.47882182374124405, -0.10484188452982242, -0.09407930187447354, 0.21459068448305263, 0.2994447878978357, 0.7097493901066857, 0.5190676888781838, -0.055558153259201985]], "inverted": false, "swapped": false, "error_lsq": 0.04955156351902135, "error_max": 0.29847748710577937, "target": "709.xyz", "model": "15.xyz", "model_rescale": 4.355366556412066, "target_rescale": 3.726136092813244},
{"mapping": [2, 6, 4, 3, 8, 10, 7, 0, 5, 9, 1, 11], "R": [[0.7411042529461256, -0.4751919717195633, -0.4742964012918915], [0.6127972472852666, 0.7673838678319742, 0.18868368533299046], [0.27430643445746045, -0.430481810770807, 0.8599077802943302]], "T": [-0.0228177693391366, 0.055415494154625454, -0.020230238990871466], "aligned_model": [[0.6544164753270268, -0.0011107340785972454, -0.11174966379800333, -0.5861324206111843, 0.6320906278957098, 0.08062924814386489, -0.756910478780973, 0.07533035596202109, -0.5119593139464117, -0.1613805567190921, 0.4062013312253533, -0.03616041934972877], [-0.40447725893390796, 0.12327520621271176, -0.568493007812454, 0.0476395365613726, 0.3246159484313309, 0.648787765544582, 0.5469535542374815, -0.5608435455818245, -0.25284110764977913, 0.3007038712730672, 0.11765723558220752, 0.001434402719370502], [-0.19509543064747897, -0.8393882378525694, -0.4642561734337763, -0.35732539912354155, -0.31291133243797414, -0.20582081178131462, 0.12104732190994065, 0.3181568175426518, 0.2652137987822238, 0.6657620869400465, 0.3063671283893715, -0.13392329141269582]], "inverted": false, "swapped": false, "error_lsq": 0.05158468657134449, "error_max": 0.2651082018530113, "target": "709.xyz", "model": "16.xyz", "model_rescale": 3.795458400668931, "target_rescale": 3.726136092813244},
{"mapping": [10, 4, 11, 7, 2, 0, 3, 9, 8, 6, 5, 12], "R": [[0.2404693163538604, 0.8822807464983623, -0.4046667669213764], [0.1764910125821736, -0.44969325039607977, -0.8755723288375026], [-0.9544765216442079, 0.1391282318816036, -0.2638520508229427]], "T": [-0.04965951090492622, 0.09472084055888746, -0.1301137999647207], "aligned_model": [[0.552346634548748, 0.10559971639162911, -0.2878433275668358, -0.564789071468753, 0.5763411134449803, -0.08556185274313081, -0.6968199714111503, 0.2146539375735086, -0.5261623335430464, -0.1722673977801244, 0.481840588017211, 0.08592641580694878], [-0.3152621853923134, 0.03412669986064666, -0.6383605039326989, 0.24027486834437692, 0.2858073684478924, 0.6856302665672798, 0.4785877390551731, -0.5333003180802944, -0.27405955676915306, 0.24597704325718123, 0.08792083594586664, 0.02707034328020165], [-0.2217990349812318, -0.752784427854452, -0.37750131190051717, -0.5105480786183347, -0.40058931030496925, -0.10671594593333583, 0.16350411377033328, 0.4475311639097609, 0.1775107290949929, 0.5175471593720835, 0.43560521934420193, -0.20393379902364808]], "inverted": false, "swapped": false, "error_lsq": 0.040324909287081066, "error_max": 0.22222936222633505, "target": "709.xyz", "model": "17.xyz", "model_rescale": 3.7474275329858107, "target_rescale": 3.726136092813244},
{"mapping": [4, 8, 5, 10, 0, 1, 11, 9, 12, 7, 2, 13], "R": [[0.8611546488754186, -0.4728008999334597, -0.1867404073637129], [-0.005376746927627546, 0.35885900156911393, -0.9333762947414591], [0.5083146282694715, 0.8047853912782771, 0.3064909667059368]], "T": [-0.039264450770859174, 0.08097014883900504, -0.06980099055964814], "aligned_model": [[0.4650217777667891, 0.08610626376258688, -0.26420868894787036, -0.579459938268062, 0.7068766750332064, 0.06734087482025847, -0.6339034928943389, 0.12084147284948656, -0.5392764950329799, -0.3042889265675502, 0.4959013832867981, 0.06231354546166129], [-0.46680372484839944, 0.03814502081891498, -0.5496445660219166, -0.03929519036592813, 0.3445183548770803, 0.7556673494043356, 0.4770576891296237, -0.4567324023112896, -0.3742860461495335, 0.21515370401509842, 0.279626505343566, 0.10100590669260681], [-0.4370407011484896, -0.776414494227768, -0.34356203194818513, -0.4823109346058958, -0.33990866216270177, 0.039457459523604216, 0.03629204321284957, 0.29484435160752653, 0.2495212226214467, 0.6224244660549513, 0.35205906430142475, -0.04753530635387915]], "inverted": false, "swapped": false, "error_lsq": 0.0424755952364333, "error_max": 0.22611891758195873, "target": "709.xyz", "model": "18.xyz", "model_rescale": 3.922800546911778, "target_rescale": 3.726136092813244},
{"mapping": [12, 3, 0, 2, 7, 11, 10, 8, 1, 6, 13, 14], "R": [[0.26125172216267595, -0.24459713764464552, -0.933766447203519], [-0.9190636320048577, 0.23268338405959915, -0.3180887975214036], [0.29507554624718635, 0.9412920285642598, -0.16401139889747035]], "T": [-0.02125309865011799, -0.020493776394028305, 0.00391760954141912], "aligned_model": [[0.6574162739755184, 0.09867107230166959, -0.2896102247601589, -0.6025433413191501, 0.4576763362985217, 0.16786012497806238, -0.5071897156790421, 0.16583076577324693, -0.6254897990274652, -0.4179265954739372, 0.5551909385938468, 0.02337861560887285], [-0.31505915465163964, -0.15956761490233243, -0.5698178275539811, 0.14263375878776358, 0.34971792264029383, 0.6659577969965453, 0.6141831451489665, -0.30463975308151536, -0.42283828527950323, 0.034440809840739064, 0.26377728668828243, 0.025624515950539575], [-0.26301527557839616, -0.6088024768350582, -0.5658807542330435, -0.3815950670738606, -0.51740850077395, -0.01233166143818104, 0.11185952333998925, 0.512495377071964, 0.14883113555830824, 0.5655225419146044, 0.24623141731992054, -0.06807978239741358]], "inverted": true, "swapped": false, "error_lsq": 0.04696464220017294, "error_max": 0.23650709961441435, "target": "709.xyz", "model": "19.xyz", "model_rescale": 3.9282355846067225, "target_rescale": 3.726136092813244},
{"mapping": [4, 6, 5, 7, 8, 9, 12, 0, 2, 10, 11, 13], "R": [[0.9326914970835427, -0.35108390659628297, -0.08262361525104292], [-0.28144987881806294, -0.5652073959069983, -0.7754524906951602], [0.22554941139661092, 0.7465123509635473, -0.6259766552176848]], "T": [-0.0075235979469241016, -0.028512763332806373, -0.16621510698181258], "aligned_model": [[0.6166918251579612, 0.014341942332330743, -0.31305363787596296, -0.5452800369402585, 0.510177643573764, 0.119872139015659, -0.44367464834443876, 0.390792920976905, -0.7071398374593483, -0.3503426435949365, 0.4215843618535343, -0.030705577425223986], [-0.12644356234491752, -0.22014830554828796, -0.5880723981870029, 0.16904502589466355, 0.41089305644771046, 0.6365237478512016, 0.6702499105266192, -0.4220439296893307, -0.3599508014581989, 0.10045084322115568, 0.17740782975328526, -0.12349881588273924], [-0.15470384716150248, -0.7904280283196672, -0.45123188191162283, -0.4109327169251624, -0.5090409070598343, -0.025071243375392044, 0.044254206994206347, 0.40533905497951467, 0.11556877235475072, 0.6135783522861182, 0.3693465043244077, -0.03885178931093278]], "inverted": true, "swapped": false, "error_lsq": 0.04895309929269326, "error_max": 0.2576808759190962, "target": "709.xyz", "model": "20.xyz", "model_rescale": 4.067790424073018, "target_rescale": 3.726136092813244},
{"mapping": [6, 2, 3, 0, 4, 8, 7, 11, 12, 9, 13, 14], "R": [[0.8619050304942827, 0.042586157883379466, -0.5052782773535606], [0.2986866398482987, -0.8478847322652378, 0.4380385507779414], [-0.40976335803092806, -0.5284675013170046, -0.7435160324209421]], "T": [0.050776339509766774, 0.09044505891589259, -0.0028987844031042875], "aligned_model": [[0.5919650476737967, 0.03059843193016025, -0.1883687462430942, -0.49214772914781635, 0.4973811863904223, 0.02918945597116411, -0.47346631866701694, 0.14112330643776055, -0.49681491405897893, -0.4682051783836677, 0.4808923321651629, 0.031117577202092666], [-0.28829703344274055, -0.05564658207702834, -0.6407634895159386, 0.19099784666114866, 0.4231752225246904, 0.6394093534581459, 0.6152666401548733, -0.49199440183153875, -0.37326702655016436, 0.20066388455622816, 0.034197713708755614, 0.07067047293772709], [-0.3364045749479234, -0.7322629019854244, -0.3660636275684237, -0.44964325506828495, -0.5793597489998823, -0.1556734763578602, 0.07707558913206067, 0.2628717070181621, 0.2656692473978107, 0.5650447814803226, 0.5466100636570613, 0.06996267311726487]], "inverted": true, "swapped": false, "error_lsq": 0.04430919100212305, "error_max": 0.23782442789363456, "target": "709.xyz", "model": "21.xyz", "model_rescale": 4.186013935880536, "target_rescale": 3.726136092813244},
{"mapping": [6, 4, 3, 11, 7, 9, 8, 0, 5, 2, 1, 12], "R": [[-0.8780268779814452, -0.38386625679526415, -0.2858592283557571], [-0.4322533711692765, 0.8924383522589526, 0.1292703002631361], [0.20548923245501763, 0.23706641329238942, -0.9495123438027174]], "T": [-0.007936030361117546, 0.10676853526460056, -0.1001951953580533], "aligned_model": [[0.25456305490473785, 0.13457821142413717, -0.3175148024803983, -0.5182093396689318, 0.6902860725628224, -0.005700889419960355, -0.5899668136374265, 0.32318227872654326, -0.45380654367881057, -0.32747369533406057, 0.5153905515390144, -0.022063633667681735], [-0.35436480795377084, -0.011845308268731855, -0.6762134927768033, 0.1884738250525047, 0.19181485913732801, 0.7270831010769199, 0.5421153548578361, -0.3120650624024782, -0.43582825375736384, 0.0923941770444361, 0.2947607128461366, 0.07808749572814487], [-0.2684305038519347, -0.8025032444213471, -0.4789283235022349, -0.4633912500455809, -0.30894566281875036, -0.07459043360600848, 0.14348788713319624, 0.38635133259025234, 0.22434599773109368, 0.5686756900558575, 0.37510625191222646, -0.13335126430188637]], "inverted": false, "swapped": false, "error_lsq": 0.045585042915899904, "error_max": 0.27930834327033294, "target": "709.xyz", "model": "22.xyz", "model_rescale": 4.166573947596378, "target_rescale": 3.726136092813244},
{"mapping": [9, 3, 11, 2, 8, 0, 1, 14, 12, 13, 10, 15], "R": [[0.33009614512947216, 0.5729992755070038, -0.7501388972977683], [0.9166707060346714, -0.0049288655528401115, 0.3996129664841467], [0.22528060650788412, -0.8195410523901846, -0.5268786499552143]], "T": [-0.05651840398113892, 0.052391053413579594, -0.08716046113947781], "aligned_model": [[0.38159138325645725, -0.01878578993370692, -0.2155806754814216, -0.5777681696836827, 0.5984345207634524, -0.006857111700268738, -0.5289199967741459, 0.12613058817094638, -0.39692768194599026, -0.0028493488461074704, 0.42407508368426283, -0.09927835023980983], [-0.33008675755516764, -0.06483713117503556, -0.6146698234637147, 0.14933592777709015, 0.3733125586487256, 0.8660900448392904, 0.5855179188397152, -0.47084179543596943, -0.4773577439488316, 0.11525145783222286, 0.08864284650752154, 0.10405509771831187], [-0.23622321545885047, -0.6755994593298337, -0.47680428279108544, -0.5015390468298803, -0.4366246139038208, -0.13388807866691027, -0.11383519365313019, 0.47750270816666596, 0.09413788523396452, 0.7554434440099004, 0.48612562818692306, -0.07086929808905933]], "inverted": true, "swapped": false, "error_lsq": 0.046837947780424244, "error_max": 0.28033630884684485, "target": "709.xyz", "model": "23.xyz", "model_rescale": 4.274766983524099, "target_rescale": 3.726136092813244},
{"mapping": [7, 1, 2, 8, 3, 6, 9, 5, 10, 4, 11], "R": [[0.961871466196615, -0.02363087141430112, 0.27247910825047666], [0.2699627039330941, -0.07772190405616101, -0.9597288388472118], [0.04385682389214686, 0.9966949822017193, -0.06837902786679223]], "T": [0.03173148830321848, 0.061835971067377746, -0.023773489379007792], "aligned_model": [[0.3351335933717179, -0.06478156974293395, -0.38834645234883586, -0.4319215605743086, -0.5585624604009072, -0.5855582178582763, -0.04094568382519703, 0.053822038374692356, 0.5798739969260474, 0.515581125251747, -0.034400105215670676], [-0.21601329528704033, 0.7220097312337331, 0.4407104075035335, -0.20328101600540144, 0.37524177590281127, -0.22403045525859805, -0.6550326597013179, 0.09860247492231515, -0.15949178726503932, 0.66001875724943, 0.07685259794905717], [-0.4996315282635131, -0.026226327640623166, -0.7015569755428088, -0.4471114496348952, 0.14857890062765344, 0.5082281000628203, 0.10022099035355513, 0.6769855478216894, 0.1411155657604814, 0.44836571674310055, 0.03059789373411729]], "inverted": false, "swapped": true, "error_lsq": 0.05520880767433891, "error_max": 0.3608571128539145, "target": "709.xyz", "model": "24.xyz", "model_rescale": 3.7841303162186577, "target_rescale": 3.726136092813244},
{"mapping": [4, 2, 12, 9, 1, 0, 10, 3, 13, 11, 6, 15], "R": [[0.31673543492795697, -0.9126889456530651, -0.25821996968417127], [0.1936535544705926, 0.3287260239282791, -0.9243578863368938], [0.9285348486200738, 0.24277168219337453, 0.28086463861279504]], "T": [-0.07625656378588522, 0.13174281369013174, -0.11315159215990961], "aligned_model": [[0.5856693081145535, 0.08270880769926356, -0.4015048683231204, -0.4768136843026103, 0.5356461768005738, 0.1727292006129658, -0.6785103292521414, 0.19715488760773767, -0.4805081504285311, -0.25221343952678876, 0.4319710387567163, -0.03306449648863316], [-0.19602261893855566, -0.19806456375171605, -0.5186332157736399, 0.04960261661936653, 0.4618648324698357, 0.8234374534142544, 0.606575504337305, -0.520630904217136, -0.4032205314520405, 0.07719294790633491, 0.03280612302736094, 0.10950495694278924], [-0.2186423696759019, -0.772507438710724, -0.32854998380369327, -0.5314190780521904, -0.3770282348981352, -0.14306085251902376, 0.017536674917438655, 0.27240851737404176, 0.28983087808196223, 0.6321611336036828, 0.3907756719343522, -0.0636784413769253]], "inverted": false, "swapped": false, "error_lsq": 0.04243312586330355, "error_max": 0.21604262936722782, "target": "709.xyz", "model": "25.xyz", "model_rescale": 4.19342608120988, "target_rescale": 3.726136092813244},
{"mapping": [2, 6, 4, 3, 8, 10, 7, 0, 5, 9, 1, 11], "R": [[0.7411042529461256, -0.4751919717195633, -0.4742964012918915], [0.6127972472852666, 0.7673838678319742, 0.18868368533299046], [0.27430643445746045, -0.430481810770807, 0.8599077802943302]], "T": [-0.0228177693391366, 0.055415494154625454, -0.020230238990871466], "aligned_model": [[0.6544164753270268, -0.0011107340785972454, -0.11174966379800333, -0.5861324206111843, 0.6320906278957098, 0.08062924814386489, -0.756910478780973, 0.07533035596202109, -0.5119593139464117, -0.1613805567190921, 0.4062013312253533, -0.03616041934972877], [-0.40447725893390796, 0.12327520621271176, -0.568493007812454, 0.0476395365613726, 0.3246159484313309, 0.648787765544582, 0.5469535542374815, -0.5608435455818245, -0.25284110764977913, 0.3007038712730672, 0.11765723558220752, 0.001434402719370502], [-0.19509543064747897, -0.8393882378525694, -0.4642561734337763, -0.35732539912354155, -0.31291133243797414, -0.20582081178131462, 0.12104732190994065, 0.3181568175426518, 0.2652137987822238, 0.6657620869400465, 0.3063671283893715, -0.13392329141269582]], "inverted": false, "swapped": false, "error_lsq": 0.05158468657134449, "error_max": 0.2651082018530113, "target": "709.xyz", "model": "26.xyz", "model_rescale": 3.795458400668931, "target_rescale": 3.726136092813244},
{"mapping": [0, 1, 6, 8, 2, 9, 11, 7, 5, 10, 3, 12], "R": [[-0.351332733930451, 0.43805618955800585, 0.8274491433670564], [-0.5880551671647051, -0.7909570673053005, 0.16905040091845236], [0.7285303222514804, -0.42719280479628763, 0.5354903146560498]], "T": [-0.07050002886928881, 0.18084096617886966, -0.09318808170582263], "aligned_model": [[0.6300118777071698, -0.021002412689091962, -0.2812188703001723, -0.6990552061677345, 0.6912998629508877, 0.15210633184783395, -0.5940378138419781, 0.11101251204892086, -0.48504857404923546, -0.306918332195014, 0.5308462523833488, -0.04473117642494993], [-0.25855692499975713, 0.061274924125519104, -0.528519374322684, 0.01548594239140022, 0.37891146220521377, 0.5378774779770776, 0.6280945051910923, -0.39394435214935686, -0.41203816720536846, 0.08980556604035682, 0.16599415222483752, 0.040027389105827565], [-0.17970833404771377, -0.670775406819007, -0.4586910733015306, -0.422319993415607, -0.48722350819162397, -0.1788947181271325, 0.10032432430543758, 0.4516817504129602, 0.11538877407395698, 0.5727739069117247, 0.33487590999038974, -0.009605154916970532]], "inverted": true, "swapped": false, "error_lsq": 0.042154266423334696, "error_max": 0.2716925095732066, "target": "709.xyz", "model": "27.xyz", "model_rescale": 3.6321398670334006, "target_rescale": 3.726136092813244},
{"mapping": [9, 11, 10, 0, 13, 1, 3, 12, 8, 7, 6, 14], "R": [[-0.6193243604773817, 0.3566262080232616, 0.6994677149591906], [0.22302385332098765, 0.9340986107926972, -0.2787833319354147], [-0.7527932633659395, -0.016659323698829387, -0.6580461758605978]], "T": [-0.07419316144257292, 0.08358366749910941, -0.08189261517165508], "aligned_model": [[0.38502945404049566, 0.10034413676924288, -0.2854417877188212, -0.5480471652259822, 0.6502982954507438, -0.01668053446264707, -0.6503163626525518, 0.14561853233652722, -0.36308306954499736, -0.32691063861452146, 0.6275508210332446, -0.03509723014074756], [-0.3720265826817485, 0.022923232952557868, -0.531692644236417, 0.08122304893502101, 0.2713858274525177, 0.7496215349612004, 0.4047603613995369, -0.39174914266117733, -0.27395942171880916, 0.12170294775034789, 0.11238954119861373, 0.12983389723251487], [-0.24954120770751495, -0.6970209592042287, -0.5078981446077546, -0.48793264373814255, -0.40795980076303534, -0.10068231955257823, 0.10912484027420219, 0.5578348812852638, 0.15419037054235893, 0.6499326243553989, 0.25072284123431837, -0.102944005243404]], "inverted": true, "swapped": false, "error_lsq": 0.04387152957235941, "error_max": 0.2085675787736169, "target": "709.xyz", "model": "28.xyz", "model_rescale": 4.156811204709835, "target_rescale": 3.726136092813244},
{"mapping": [7, 10, 9, 6, 4, 0, 8, 1, 3, 11], "R": [[0.3927171722260934, -0.9108957632844321, -0.12665753459313953], [0.8947235897265102, 0.3465750816217584, 0.281700924360888], [-0.21270383312401323, -0.22395227444556806, 0.9511059132110413]], "T": [-0.16301497115593597, -0.010208353663241026, -0.061129106833756205], "aligned_model": [[-0.6104878598411785, -0.15148343762616504, 0.1867516635358384, 0.6166665710972309, -0.10155650671247443, -0.6972220970729243, -0.288175181318565, -0.3269521974010098, 0.11080234053878177, -0.09541792108894602], [-0.13373109790258886, -0.5921205203123918, -0.027952979080320774, 0.35302853507945725, -0.5989638987267981, -0.2842102195057291, 0.5605174190685521, 0.11717096037151037, 0.4927730297829994, 0.03220910185151344], [-0.4856336072715698, -0.2557565481484819, -0.7029278803275321, -0.13824941238429075, 0.6203680040350472, 0.26257585457842386, -0.4119612736790072, 0.5729444508929874, 0.324110167442695, -0.02668302816317223]], "inverted": true, "swapped": true, "error_lsq": 0.05649354732257896, "error_max": 0.25722839120947405, "target": "709.xyz", "model": "29.xyz", "model_rescale": 4.117894457231895, "target_rescale": 3.726136092813244},
