[{"mapping": [3, 9, 6, 5, 0, 11, 1, 14, 8, 7, 12, 13, 4, 15], "R": [[0.2662210292176139, 0.9394381855071873, 0.21582923623382977], [0.3431639450860177, -0.3016108409549101, 0.8895332525608433], [0.9007579421772063, -0.16274764584913626, -0.4026764624053027]], "T": [-0.021258200274634216, 0.05122470775612246, 0.13337416557905354], "aligned_model": [[0.16976250899628068, 0.203108152927798, -0.4702825887468816, -0.38827172628783213, -0.5231531942909019, -0.0277813595399587, -0.7965682948656, -0.08313786481961882, -0.3768878470515624, 0.040376473558867886, 0.7605629571148654, 0.2527113037326896, 0.613465339205575, -0.0024117588054168304], [-0.5220560958195425, -0.21035985022253398, -0.44052717887882187, -0.3518335954760999, 0.26303167744094325, 0.43256044631897717, 0.029092719501942067, 0.5199388005003485, 0.6800191390570981, -0.061666470456762816, 0.3232339356926303, 0.6541574190914377, -0.13694856839909003, 0.05663095345950818], [0.5041596079620265, -0.5116929474481802, 0.3943613691352641, -0.2506130610741556, 0.6067177584478948, -0.556648895389431, -0.12148954114323127, 0.5737564110091258, -0.06893786902640406, 0.8365779663263019, 0.3615081649037, 0.1284086362043608, -0.03353185730706024, 0.03501234457962238]], "inverted": false, "swapped": true, "error_lsq": 0.05127568997357337, "error_max": 0.2768937431216321, "target": "71.xyz", "model": "0.xyz", "model_rescale": 3.8414455957264533, "target_rescale": 4.087977266557869},
{"mapping": [9, 4, 6, 3, 2, 7, 0, 5, 8, 1, 14, 10, 13, 11, 15], "R": [[0.559025331437034, -0.8011257193807674, 0.21374812410489674], [-0.17170892737402482, 0.14034751432096884, 0.9750992869877342], [-0.8111761356646141, -0.5818076632105953, -0.059102622256972076]], "T": [0.009918886241902207, 0.003133621626788912, -0.11125179554156706], "aligned_model": [[-0.6317279240209076, -0.5528208443580978, 0.09664391907646527, -0.25096556215151256, -0.5446984479363491, 0.2904039160286529, 0.6812085074400168, -0.24713346456504218, 0.4895152613952257, 0.2888408221285952, 0.5779832573388809, -0.37783112655075624, 0.23040900936906233, -0.1266755058172893, -0.051107663872399844], [0.23706185867376287, 0.14238444972951783, -0.6555919904237599, -0.5908249553049284, -0.3944357994534917, -0.46601322958732766, -0.2533332301388648, -0.19557974328168312, 0.49474475558945524, -0.09845889927702255, 0.09278811402191763, 0.7294367784131773, 0.5491454297425715, 0.6867739465408111, 0.06894704279887916], [0.1503686786633281, -0.47190949528174186, 0.15354336412051506, -0.397213591726955, 0.01576985093606853, -0.5719775454011083, -0.04484447100017905, 0.47101807476366986, 0.19056081478433312, 0.6492957638264099, -0.4057402638978694, -0.34979954257960133, -0.4143475081599544, 0.2569454342006262, -0.0664877759080065]], "inverted": false, "swapped": true, "error_lsq": 0.039698562228491885, "error_max": 0.2978562727148424, "target": "71.xyz", "model": "1.xyz", "model_rescale": 4.316132596720782, "target_rescale": 4.087977266557869},
{"mapping": [6, 0, 1, 4, 5, 3, 11, 12, 8, 7, 13, 15], "R": [[-0.5446889773759953, 0.6860484564638228, -0.4823395415147912], [-0.18098582911052777, -0.6577541528511197, -0.7311659210249619], [-0.8188760880537834, -0.3109613959814179, 0.4824364855843932]], "T": [-0.07909125003778235, 0.026285815305046516, -0.04019301751548565], "aligned_model": [[-0.19971341491942446, 0.48679957857420625, 0.10524651183156762, -0.5530084741929499, -0.4223417654752541, -0.4750660482085816, -0.044283104297869205, -0.07128814892625561, 0.496397115961606, 0.09059011638165472, 0.3067077715224224, -0.1222315836193412], [-0.6587195092052077, -0.39120318831857226, -0.563105848508621, 0.4922948499338555, -0.3917589459138987, -0.1994774189857065, 0.3814968657667199, 0.7558821070849684, 0.10479496309519003, -0.14864899543859103, 0.5631744737174567, 0.06804707451338692], [0.12646573144136025, 0.12193482180224002, -0.5742231036144935, 0.1159441599865963, -0.4300888697417005, 0.5028139406885817, -0.7431900476660113, 0.41247333478647175, -0.514992444811496, 0.6318522803643164, -0.07919921493917015, -0.12053212708727379]], "inverted": true, "swapped": true, "error_lsq": 0.04052145412356206, "error_max": 0.219846826965835, "target": "71.xyz", "model": "2.xyz", "model_rescale": 3.795458400668931, "target_rescale": 4.087977266557869},
{"mapping": [4, 2, 9, 1, 13, 8, 5, 7, 6, 0, 11, 15], "R": [[0.8668831565596589, -0.44077117121936, -0.2328827333553856], [0.10413961605462947, -0.2967315380733005, 0.9492656818197146], [-0.48751259803327784, -0.8471547491070136, -0.21132983183705178]], "T": [0.12481240875015931, 0.00525324761869922, -0.059218474423960825], "aligned_model": [[-0.2233987419417422, -0.19313948674717585, -0.5964608810525733, 0.05975713664132423, 0.19074080678353822, 0.15680120081636312, -0.2428497940255957, 0.750698116870534, 0.36688185572552784, 0.7372781747350973, -0.4415363153260916, 0.02853175326435857], [-0.1664214407619219, -0.6116747530070981, -0.10383234850188426, 0.08078512637670673, 0.5784263211279442, 0.6799563053836954, -0.2764123608393137, -0.2759296017015752, -0.5135182060682241, 0.12012204291733028, 0.5410209256596193, 0.033247034704430765], [-0.6208389599906545, -0.049081176140061945, -0.11159686565257373, 0.751098638529412, -0.38439208058359725, 0.2671824184558062, 0.42045860859748, -0.25982286655190046, 0.3695421832308538, 0.3047949589803073, 0.05822700094328782, -0.056800429179258774]], "inverted": false, "swapped": true, "error_lsq": 0.042859070694346, "error_max": 0.24794295146266626, "target": "71.xyz", "model": "3.xyz", "model_rescale": 3.7530521520055578, "target_rescale": 4.087977266557869},
{"mapping": [13, 7, 0, 6, 8, 2, 11, 4, 9, 5, 15], "R": [[0.25504357885726, 0.918491378125134, 0.30220251685496125], [0.328842396693232, -0.37630135763438477, 0.8661754824396557], [0.909293929937252, -0.12153549503051114, -0.3980121511046577]], "T": [-0.09271574421507414, -0.07341650366513347, -0.07540696682458155], "aligned_model": [[-0.4136128456121628, -0.11600878955405777, 0.4099815578581394, 0.4043251633541416, 0.20323117779352248, -0.13849764204511272, -0.14505830944620715, -0.716884506361187, -0.3221659553303544, 0.28888119257722666, -0.11599144078874297], [-0.6527487429576972, 0.03789734470034367, -0.32831313872839013, 0.3790363069972814, -0.7265710086778461, 0.603341142671451, -0.4480845568964453, 0.1657634093987143, 0.21065687943511546, 0.3026901762019388, -0.0764644538301201], [-0.07872462222483943, -0.7811728612422242, -0.5261153672980815, -0.3199349410901959, 0.1450236430807491, 0.07190031941420381, 0.6163122157439511, 0.06368688441511229, 0.5582595348659135, 0.32149183325423186, 0.022104138326495534]], "inverted": true, "swapped": true, "error_lsq": 0.040948537106693834, "error_max": 0.2470590213315126, "target": "71.xyz", "model": "4.xyz", "model_rescale": 3.7855080009869324, "target_rescale": 4.087977266557869},
{"mapping": [1, 0, 7, 6, 8, 5, 4, 11, 2, 10, 15, 9, 13, 14, 12, 16], "R": [[0.09145799933220156, 0.4738487606667107, -0.8758440422659582], [-0.36218301985087636, -0.8034656443522656, -0.4725107601709178], [-0.9276092358799858, 0.3604307289344531, 0.09813661472624802]], "T": [-0.0349767436746737, 0.03373631623711287, 0.05179113625721016], "aligned_model": [[0.28870208389117186, -0.27752304605014255, -0.4200430210717578, 0.22777616304818118, -0.060058085615712374, -0.7327061703623022, -0.07261789031405202, 0.7016709588050465, -0.10839862003120945, -0.6535557935193235, -0.10193008369253628, -0.4247482288154614, 0.5332942191408796, 0.17684681513401906, 0.580009498848772, -0.032455477915154324], [-0.6135672370443104, -0.6607932066153253, 0.27862347744796584, 0.2697383333200113, 0.7353934400112803, -0.2268823961545538, -0.25837883901506986, -0.007597691657842964, -0.5320890397863121, 0.41202752477526455, 0.6521977447840834, 0.01625757738064873, 0.4798109736423305, -0.010700114579717604, -0.16433141188514278, 0.024203476675492025], [-0.17032159521987822, -0.20758102186864907, -0.5424509963466217, -0.49715423990371227, 0.0032310610202467838, -0.2649970871741013, -0.6266281028693155, -0.24498805863864065, 0.5210848418744298, 0.12404066712295161, 0.5924766440581397, 0.6473469290324754, 0.10613404487370082, 0.6927697490694871, 0.2653944124341798, 0.10460704659346612]], "inverted": true, "swapped": false, "error_lsq": 0.03298748042641391, "error_max": 0.2535615360737237, "target": "71.xyz", "model": "5.xyz", "model_rescale": 4.2253639853439635, "target_rescale": 4.087977266557869},
{"mapping": [10, 8, 5, 9, 11, 6, 2, 4, 0, 14, 1, 3, 12, 15], "R": [[0.42897780927998425, 0.8030875576857317, 0.4135558170739625], [0.8942168527337007, -0.44235358649031764, -0.06855308020934356], [0.1278837731394452, 0.39921633134119194, -0.9078943007630895]], "T": [0.03773949379173236, 0.05307918160855954, 0.05339964668664929], "aligned_model": [[0.6814962959107368, -0.14938970962158996, -0.45804824812935696, 0.12376215769501836, 0.0740096502017974, -0.5032926231888142, -0.06996704283757194, 0.5795193117405598, -0.34302693075415325, 0.14562951059322635, -0.7337054679074189, 0.09735911523033175, 0.8812197129263877, 0.04849642089863061], [-0.36697007190797715, 0.17686297255502828, -0.3767597683408829, -0.6731165787956148, -0.4255441722316964, 0.18911612618906123, -0.35921597664030736, -0.2914142899773666, 0.6583413231910089, 0.6413391627650157, -0.03689257024030593, 0.13448629859938124, 0.21238538816148572, -0.03751869669184031], [-0.32595135165290356, -0.6624531846808158, 0.17186528044196936, 0.06426889677684891, -0.572056572958731, 0.5009880044181073, 0.6013123542184708, 0.28564876036190723, -0.0440149530467004, -0.1910762305602774, -0.19825255700169506, 0.7551403519650457, 0.07440241685156115, 0.011736993798661374]], "inverted": false, "swapped": true, "error_lsq": 0.05367696367090188, "error_max": 0.438229832017134, "target": "71.xyz", "model": "6.xyz", "model_rescale": 3.89814844738969, "target_rescale": 4.087977266557869},
{"mapping": [5, 9, 11, 6, 8, 4, 2, 1, 7, 12, 13, 14, 15], "R": [[0.3771190490498755, 0.6372961609303998, -0.6720378159799432], [-0.18809331584205158, -0.657791432382581, -0.7293362297456606], [-0.9068638968330696, 0.4014524065782229, -0.12819453137046583]], "T": [-0.11077428242039525, 0.043978996230369195, 0.023103061941647605], "aligned_model": [[0.020832710704165508, -0.08110464124960046, 0.49430858112953746, -0.3190566721894893, 0.6041346433122521, -0.5021990562331604, -0.5264854918208921, 0.43327834814823707, -0.5757340502070751, -0.4798240790424898, 0.13824626273278492, 0.010051108990018598, -0.0678158633700657], [-0.37768958445510425, 0.2436984359549483, 0.39456338482229053, -0.6402462918504184, 0.12100333360324259, 0.5096195149866564, -0.18860396394930815, -0.5484362726648201, -0.12593587600882364, 0.7766181676592729, 0.5817345129077739, 0.13238404306463913, 0.08507186140013609], [-0.4763729852691386, -0.6798266497084109, -0.3409802204186358, 0.019735401799614794, 0.23701313932946447, -0.28690714376605475, -0.48175898618221763, -0.11690394157657016, 0.5388357320857126, 0.27671803778788917, 0.3187710723532831, 0.65162854924986, -0.05767697484850122]], "inverted": true, "swapped": true, "error_lsq": 0.05236870961486916, "error_max": 0.343391410464679, "target": "71.xyz", "model": "7.xyz", "model_rescale": 3.7474275329858107, "target_rescale": 4.087977266557869},
{"mapping": [7, 3, 2, 4, 5, 10, 12, 13, 9, 11, 14, 8, 0, 1, 15], "R": [[-0.821742763344891, -0.33369710605922726, -0.4619362210284005], [0.4701636630697181, -0.8550539697782247, -0.2186980537073055], [-0.32200149195177197, -0.39689916877488635, 0.8595266656751478]], "T": [0.020114887272250345, -0.00015969022990715287, -0.04048168589893285], "aligned_model": [[-0.3034870311751161, 0.05358115415367613, 0.4357860083728858, -0.18612221515989058, 0.6827071047705087, -0.3376571730141548, -0.7490950466448976, -0.5076276353242758, 0.3557014266448056, 0.14331305327855443, -0.43851243281545793, -0.026419661643289086, -0.024766037300697118, 0.650580915617366, 0.05417129257872935], [0.38736320041487593, -0.026242828936790183, -0.3189443402242076, -0.6114196274774822, -0.07439997494209934, -0.6810161875680746, -0.3576453691671988, -0.06662464076042121, -0.6414330854121798, -0.3587593065771011, 0.4366090971832245, 0.26741886694355843, 0.7194765270274616, 0.39135657424808895, -0.07662094277206097], [-0.5465910062297551, -0.7481689856705755, -0.4958828240551097, -0.26401763513622084, -0.03266837990885456, 0.3379426242429032, -0.17389282033024633, 0.3540839489459886, 0.06453464118829041, 0.6507634579022542, 0.08739529921607632, 0.658818888493934, -0.010078532170712418, 0.29978097504829715, 0.014775004159990834]], "inverted": false, "swapped": true, "error_lsq": 0.04464266954136652, "error_max": 0.36607697619323304, "target": "71.xyz", "model": "8.xyz", "model_rescale": 4.019505241142653, "target_rescale": 4.087977266557869},
{"mapping": [4, 7, 13, 10, 9, 11, 8, 2, 5, 6, 0, 1, 15], "R": [[0.7547533208849423, 0.18061191568737855, -0.6306558177999204], [-0.434879772996999, 0.8575105563133725, -0.2748731140894086], [0.4911486614572313, 0.481720854565033, 0.7257534089660924]], "T": [-0.10029357757374645, -0.04628233518014943, -0.024129795650716296], "aligned_model": [[-0.16525587684582482, -0.790969341844649, 0.05487511886824929, 0.3150692861767811, 0.33725283982323345, 0.6612279609962672, 0.390210487870418, -0.2208503635615519, 0.18937414171883493, -0.40632957338062753, -0.3351979328448717, 0.30412077934486803, -0.013826754579951042], [-0.6394216817941424, 0.13697409061200727, 0.17223757177258675, -0.4076653187476006, -0.629704111003747, -0.08361422497650622, 0.5030550255516073, -0.607233466212021, -0.23933758221483137, 0.025779291315492503, 0.6074154916699599, 0.3209012547937946, -0.09600811265254094], [-0.35595262349193146, -0.0446945124472046, -0.6297563521325169, -0.6811285827122677, 0.03110140793426265, -0.22483504739711946, -0.16702579886639138, 0.36650586653253003, 0.5445734646758915, 0.6182923639369545, 0.17160990237127535, 0.5826455465105387, -0.03463214087014245]], "inverted": true, "swapped": true, "error_lsq": 0.04460212853093036, "error_max": 0.22793331093352076, "target": "71.xyz", "model": "9.xyz", "model_rescale": 3.877068213659057, "target_rescale": 4.087977266557869},
{"mapping": [5, 3, 10, 11, 9, 6, 12, 0, 4, 14, 2, 2, 8, 7, 1, 15], "R": [[0.21546928075567073, -0.00567776755561733, 0.9764941126326458], [0.5394368198045925, -0.8328646310676233, -0.12387261099896046], [0.8139907287492542, 0.5534476210737349, -0.1763939461491859]], "T": [-0.12294166233938433, -0.009839080211995487, 0.015890763977194317], "aligned_model": [[0.3030948941581635, -0.2957361127863264, -0.4075114631166312, 0.20075785552168499, -0.16769533816677207, -0.5575522954815442, 0.02867405827616684, 0.5603903539777687, -0.09141284615275247, -0.7106675491213892, -0.3000487095079417, -0.3000487095079417, 0.4430288557715326, 0.3333417173365466, 0.6339129100637275, -0.048264299783873074], [-0.6532795523396832, -0.6204854389326396, 0.429615893023114, 0.366437097195804, 0.6388142018049419, -0.2102403602103275, -0.31008972236137866, -0.07336137654086256, -0.3976146808707708, 0.5032519817137803, 0.2833432169439126, 0.2833432169439126, 0.49301883550275455, 0.03522767667137203, -0.3555882889082889, -0.018480088336838504], [-0.10849835772699662, 0.0196914486764122, -0.4627637402786472, -0.5302686785994122, 0.12943076630344816, -0.3730276074835133, -0.6512354915881524, -0.3875795682392302, 0.5697198865669753, 0.04482846977380496, 0.5842503266020561, 0.5842503266020561, 0.16466651818592148, 0.6912136750888597, 0.2619298891622435, -0.033643568987667]], "inverted": true, "swapped": false, "error_lsq": 0.042449369479363, "error_max": 0.35123518087966366, "target": "71.xyz", "model": "10.xyz", "model_rescale": 4.260839863003843, "target_rescale": 4.087977266557869},
{"mapping": [12, 7, 6, 3, 5, 9, 10, 13, 0, 1, 11, 15], "R": [[0.6647775963307734, -0.07448008807071937, 0.743319220723948], [-0.6943462033262273, 0.3054776194951885, 0.6515878865617487], [-0.2755977092487031, -0.9492819077958511, 0.15135971124555098]], "T": [0.011586049819746246, -0.02687158201742617, -0.040644154167438475], "aligned_model": [[0.5397811020257846, 0.1442594101956975, -0.47555340700417, -0.3445047619313076, -0.5737290428134381, -0.3679303612011887, 0.3474579744897869, 0.6330620691564425, 0.21798308505765063, -0.2953591007853832, 0.14252629278469553, -0.009094610880439473], [0.01682430539229241, -0.6993181412221505, -0.5031047115781456, -0.47098406527068315, 0.1435912050681533, 0.567180360547342, 0.6609479682400117, 0.19454278081551385, -0.539704350087912, 0.018342323554668617, 0.7134926014868315, 0.07126822858701226], [-0.7162025307129943, -0.24375063112598208, 0.1771959151175679, -0.46323742364408466, 0.22944804281115713, -0.23544637446369615, -0.4264753246262291, -0.0985668382112741, 0.4232715172361105, 0.7145322847830032, 0.19664649111119314, -0.041237050879267025]], "inverted": false, "swapped": true, "error_lsq": 0.04560049241159406, "error_max": 0.25041549689257603, "target": "71.xyz", "model": "11.xyz", "model_rescale": 3.890672605050136, "target_rescale": 4.087977266557869},
{"mapping": [13, 14, 8, 10, 11, 2, 7, 9, 4, 6, 1, 0, 5, 15], "R": [[0.2925754185562415, -0.053764643211028765, -0.954729798213626], [0.03953935067923993, 0.9982444463934648, -0.0440983558930402], [0.9554246512438878, -0.024847301362440195, 0.2941876058070766]], "T": [0.011309838672045769, -0.047004709573929715, 0.04146007505519882], "aligned_model": [[0.5052596348792635, 0.05443983182218695, 0.5413167109821131, 0.6947343483172244, 0.7426922365972546, -0.3613591211020691, -0.5222066677320354, 0.2833894021076652, 0.09646945346634436, -0.6006009506468042, 0.023942901421534685, -0.23405003362879487, -0.09738789075499482, 0.08323597906480504], [-0.10774613869662822, 0.21227625806683809, 0.47024161995783226, -0.563348303645377, 0.008442737178684621, -0.37009119417010705, -0.06504130153803524, -0.4134792022259662, -0.7225728895411283, 0.2423341947470768, 0.6458201506581163, 0.5450154633664399, 0.12396260091043898, -0.07366147524041962], [-0.39550202584272204, -0.5487701336103784, -0.0782645746123601, 0.00842058242698547, 0.33059099770821254, 0.5298546906225209, -0.434011959103421, 0.6129034048155984, 0.09142254225632648, 0.27255599503972633, 0.47318359242826424, -0.2903916723137269, 0.676720727604252, 0.10607826793758357]], "inverted": true, "swapped": true, "error_lsq": 0.045738549818710096, "error_max": 0.27537322924265345, "target": "71.xyz", "model": "12.xyz", "model_rescale": 4.124412569039231, "target_rescale": 4.087977266557869},
{"mapping": [5, 11, 10, 1, 9, 2, 8, 3, 13, 14, 4, 12, 15], "R": [[-0.04160261736315879, -0.9988081733393022, 0.025523618457061248], [-0.2640195991567032, -0.013647866838960854, -0.9644207520537289], [0.9636196726352513, -0.04686116303884308, -0.26313714657755677]], "T": [0.00919713087057493, 0.008204572052083609, -0.13771073254236518], "aligned_model": [[-0.16832034597541656, -0.035835590461152894, 0.5374235881201208, -0.6864939777619634, 0.37603547925656045, 0.32220721298808924, -0.49797503472239946, 0.32446485040124495, 0.0816473912291248, -0.24491784377970405, 0.6857377960142247, 0.6367208363103953, 0.03660394589063409], [-0.42067244077563626, 0.47182972466800777, 0.5933473416370397, -0.19958114535443766, -0.07494339389663625, -0.5739871265619726, 0.5293425547615408, -0.5341866650852027, 0.6581507391866404, 0.36555139626401445, 0.04086376446244519, 0.4579463037908448, 0.03382432341182967], [0.34098872180880313, 0.4983828876517974, 0.19897328053153, 0.23563904138879102, 0.4895008455105041, 0.07412374335958993, 0.04661680005450433, -0.4679222500587522, -0.24227047435163696, -0.6122498169130949, -0.051880204971916796, -0.51350966510608, -0.04469482793620008]], "inverted": true, "swapped": true, "error_lsq": 0.046737543034512635, "error_max": 0.25439482318035317, "target": "71.xyz", "model": "13.xyz", "model_rescale": 3.9028299243045295, "target_rescale": 4.087977266557869},
{"mapping": [0, 8, 1, 6, 9, 12, 2, 3, 5, 11, 14, 13, 7, 10, 4, 15], "R": [[0.613641877186594, 0.7595397822138992, -0.21573818808309225], [0.6410469215965968, -0.638764382510588, -0.42548667187985356], [-0.4609799245893902, 0.12279813870873581, -0.8788732139821023]], "T": [-0.023289737600708068, -0.02927067293242792, -0.0199057562962009], "aligned_model": [[0.42144314479908984, -0.2908033527107437, -0.3480127093189936, 0.18991037657901766, 0.07754328380595321, -0.7005002164850915, -0.12430206517822644, 0.5289644638765779, -0.10922389077974037, -0.5493267796973607, -0.3879739962082982, -0.4574598895000066, 0.6267866436553883, 0.21707901624371434, 0.5111412417731758, 0.01899805062596253], [-0.6933247387247637, -0.7499147232767729, 0.26329255130325835, 0.41503786659509145, 0.7370098503655751, -0.15948369533177287, -0.37109437968871045, -0.06244321210071695, -0.3910239251026188, 0.4878891182623095, 0.5451238885759935, -0.125285891150535, 0.5359128777999205, 0.18361497324181875, -0.29652180648884346, 0.07512385701956915], [-0.2400449628491558, -0.09484425102141347, -0.5006972986574109, -0.46884216077450974, 0.039190080036020085, 0.07321150873933216, -0.664190501368247, -0.3073154374726786, 0.33202000223369926, -0.06098457141477991, 0.5458918506414152, 0.6395854937333223, 0.2604443968190129, 0.6525934376640796, 0.29997489923174875, -0.0030281914822765585]], "inverted": true, "swapped": false, "error_lsq": 0.044988193137197575, "error_max": 0.37555532462455743, "target": "71.xyz", "model": "14.xyz", "model_rescale": 3.942246331269136, "target_rescale": 4.087977266557869},
{"mapping": [4, 2, 9, 6, 0, 5, 13, 10, 12, 11, 8, 14, 3, 7, 15], "R": [[0.23455177609397032, 0.9585366298236869, -0.16184249632717634], [0.06322480808618153, -0.18117652252830088, -0.9814161662246133], [-0.9700454051092813, 0.21996044410484394, -0.10309856960972003]], "T": [-0.0050184584747627325, -0.04457426836784907, -0.032048749688128965], "aligned_model": [[-0.6402838220814624, -0.30885692181551677, -0.22776432601418886, 0.20685907845142482, 0.47840615383599605, 0.23970861469067417, -0.046081808763686394, -0.39532283873004526, -0.6621197567878097, 0.2185960261906305, 0.5710727673685632, 0.16462296763435513, -0.4290716886427644, -0.18671580434894586, -0.008754604455014293], [0.11769739287863666, -0.4699503267401107, 0.13965135074665974, -0.7260124880156985, -0.28709951179742577, -0.314765457762493, 0.5382013829964035, 0.6922271610971383, 0.34776261685554843, 0.5891743147787005, 0.42392856763430636, 0.09413303385458861, -0.6101069701686961, -0.45068555176698055, 0.013989175291073075], [-0.2224341474025644, -0.4887036826313706, -0.7038549133153481, -0.08008001056326064, 0.44575569236662654, -0.590355560632871, 0.27987775038226387, -0.23093947317063043, 0.35726875071589864, -0.444299422686933, 0.07476433009272498, 0.575767494393183, 0.022478826635949016, 0.5275033359307337, -0.11338648975388596]], "inverted": true, "swapped": true, "error_lsq": 0.03703208809336908, "error_max": 0.21797778199790047, "target": "71.xyz", "model": "15.xyz", "model_rescale": 4.355366556412066, "target_rescale": 4.087977266557869},
{"mapping": [6, 0, 1, 4, 5, 3, 11, 12, 8, 7, 13, 15], "R": [[-0.5446889773759953, 0.6860484564638228, -0.4823395415147912], [-0.18098582911052777, -0.6577541528511197, -0.7311659210249619], [-0.8188760880537834, -0.3109613959814179, 0.4824364855843932]], "T": [-0.07909125003778235, 0.026285815305046516, -0.04019301751548565], "aligned_model": [[-0.19971341491942446, 0.48679957857420625, 0.10524651183156762, -0.5530084741929499, -0.4223417654752541, -0.4750660482085816, -0.044283104297869205, -0.07128814892625561, 0.496397115961606, 0.09059011638165472, 0.3067077715224224, -0.1222315836193412], [-0.6587195092052077, -0.39120318831857226, -0.563105848508621, 0.4922948499338555, -0.3917589459138987, -0.1994774189857065, 0.3814968657667199, 0.7558821070849684, 0.10479496309519003, -0.14864899543859103, 0.5631744737174567, 0.06804707451338692], [0.12646573144136025, 0.12193482180224002, -0.5742231036144935, 0.1159441599865963, -0.4300888697417005, 0.5028139406885817, -0.7431900476660113, 0.41247333478647175, -0.514992444811496, 0.6318522803643164, -0.07919921493917015, -0.12053212708727379]], "inverted": true, "swapped": true, "error_lsq": 0.04052145412356206, "error_max": 0.219846826965835, "target": "71.xyz", "model": "16.xyz", "model_rescale": 3.795458400668931, "target_rescale": 4.087977266557869},
{"mapping": [5, 9, 11, 6, 8, 4, 2, 1, 7, 12, 13, 14, 15], "R": [[0.3771190490498755, 0.6372961609303998, -0.6720378159799432], [-0.18809331584205158, -0.657791432382581, -0.7293362297456606], [-0.9068638968330696, 0.4014524065782229, -0.12819453137046583]], "T": [-0.11077428242039525, 0.043978996230369195, 0.023103061941647605], "aligned_model": [[0.020832710704165508, -0.08110464124960046, 0.49430858112953746, -0.3190566721894893, 0.6041346433122521, -0.5021990562331604, -0.5264854918208921, 0.43327834814823707, -0.5757340502070751, -0.4798240790424898, 0.13824626273278492, 0.010051108990018598, -0.0678158633700657], [-0.37768958445510425, 0.2436984359549483, 0.39456338482229053, -0.6402462918504184, 0.12100333360324259, 0.5096195149866564, -0.18860396394930815, -0.5484362726648201, -0.12593587600882364, 0.7766181676592729, 0.5817345129077739, 0.13238404306463913, 0.08507186140013609], [-0.4763729852691386, -0.6798266497084109, -0.3409802204186358, 0.019735401799614794, 0.23701313932946447, -0.28690714376605475, -0.48175898618221763, -0.11690394157657016, 0.5388357320857126, 0.27671803778788917, 0.3187710723532831, 0.65162854924986, -0.05767697484850122]], "inverted": true, "swapped": true, "error_lsq": 0.05236870961486916, "error_max": 0.343391410464679, "target": "71.xyz", "model": "17.xyz", "model_rescale": 3.7474275329858107, "target_rescale": 4.087977266557869},
{"mapping": [10, 8, 11, 14, 4, 3, 9, 1, 12, 2, 7, 0, 6, 15], "R": [[0.8697181992678477, -0.254043842914517, -0.42314534115303376], [0.33729345168754643, 0.9318409501521313, 0.13381170004253845], [0.36031011824675957, -0.259102623484977, 0.8961263578269579]], "T": [0.010952286144507235, -0.013713496072734525, 0.0246403669008951], "aligned_model": [[0.5502888838244403, 0.17810243065117654, 0.6974852407558878, -0.4327618521386673, 0.23928578790528687, -0.3399847045362636, 0.674627477597091, 0.1882203908729841, -0.1387442558627184, 0.1733912085255196, -0.6829164303911366, -0.5092218606090742, -0.2936234199469385, 0.11069875123528886], [-0.5631480277884353, 0.38879354699812346, 0.07823476906659238, 0.026208727105326027, -0.636984905172671, -0.26657468111704713, -0.18545876619753757, 0.781032687286807, -0.800741735535011, -0.12184098944250701, -0.149319904301786, 0.4484918208996725, 0.3842467256673972, -0.022531025957690416], [-0.35220058808792354, -0.585960936174814, -0.35193544293137724, -0.4433152883650886, 0.1844444234112675, 0.5863574532279632, 0.27942875786813026, 0.08384847246402041, -0.28431911178897784, 0.6907622568701818, 0.13045124905687117, -0.1666709927912562, 0.5349524685048413, 0.018951997397816993]], "inverted": true, "swapped": true, "error_lsq": 0.037689792984023314, "error_max": 0.23724407537326894, "target": "71.xyz", "model": "18.xyz", "model_rescale": 3.922800546911778, "target_rescale": 4.087977266557869},
{"mapping": [3, 2, 4, 7, 11, 6, 9, 14, 5, 12, 10, 13, 0, 8, 15], "R": [[-0.3749732024813619, -0.545189765540472, -0.7497754443637088], [-0.9111549245112409, 0.0676814663812948, 0.40646761574249995], [-0.1708560825952255, 0.8355760519895259, -0.5221310758629587]], "T": [0.002975475382590076, 0.06448302329124056, 0.03479307268362054], "aligned_model": [[-0.23066813380783965, -0.3399733045356234, 0.38419139548502745, -0.05777540961663269, 0.27511590563405747, -0.668681534708544, 0.04559926449598152, 0.22765071699322137, -0.5151274816586122, 0.76759056746117, 0.7275195929424143, 0.5958080179916518, -0.2767434885785356, 0.13537121177726902, 0.026173517012612446], [0.4673281050845606, -0.06217872094397492, -0.03837597752171282, 0.7733056745493827, -0.6338344887613743, 0.2973014816230505, -0.5497050720043603, 0.4838534697207771, -0.33976053517211785, 0.35517381575533513, -0.3675678503072908, 0.06737226628433376, 0.4838248021323969, -0.1872631080710636, -0.031862357333363164], [-0.49976107739031095, -0.5552402039397328, -0.5221945592411318, -0.03533976953328026, 0.279504250122633, -0.04413452785910048, -0.3599657371361434, 0.47195205998683337, -0.078156410094942, -0.22624540726634945, -0.11732280396212384, 0.3300099907366791, 0.5512470474524167, 0.7289690562617215, 0.01933725902616042]], "inverted": true, "swapped": true, "error_lsq": 0.03865895104055369, "error_max": 0.2534132235396942, "target": "71.xyz", "model": "19.xyz", "model_rescale": 3.9282355846067225, "target_rescale": 4.087977266557869},
{"mapping": [6, 0, 14, 1, 5, 8, 11, 13, 9, 4, 7, 2, 12, 15], "R": [[-0.65904101861474, -0.21075381281755728, -0.7219749068811936], [0.6749389891989304, -0.5892728453951455, -0.44408881379633425], [-0.3318467969445724, -0.7799617580771324, 0.5306009416641255]], "T": [-0.031881727427348995, -0.1219149579243868, 0.0825907933749657], "aligned_model": [[-0.5951981473241528, 9.547101170068878e-05, 0.4308883651747243, -0.5284976989346535, -0.6536603410836355, 0.23161501798541964, 0.0862200437310057, 0.5970354577370909, -0.2969339845481379, 0.10777673683036343, 0.09877356751989361, -0.5637193758066145, 0.6621050729290588, -0.04397736613738609], [-0.5561742316031474, -0.7785244450922542, -0.5464102673146062, -0.2608359314483609, 0.05038910275532606, -0.11939500199775456, 0.4786343304089735, 0.0025347539260632684, 0.556615545256504, 0.32626502182667133, -0.7120525703272719, 0.06807094539556689, 0.04008170651675409, -0.026316870877628074], [0.15776149358879085, -0.21516140976848572, -0.06941607952900988, -0.5503583488489302, -0.08564648129045918, -0.6197966757807747, -0.4143838998559366, -0.08350328668607113, 0.14756755060245297, 0.5783437490055388, 0.4643048602521277, 0.48613806808897364, 0.5615666440327511, 0.05476697343271574]], "inverted": true, "swapped": true, "error_lsq": 0.03682637083817364, "error_max": 0.2289613567903991, "target": "71.xyz", "model": "20.xyz", "model_rescale": 4.067790424073018, "target_rescale": 4.087977266557869},
{"mapping": [4, 6, 10, 13, 9, 5, 11, 3, 2, 7, 0, 8, 14, 1, 15], "R": [[-0.9944042926633901, 0.0803295534431214, 0.06860951520198774], [0.08060749606889833, 0.1571745821239482, 0.9842756637810696], [0.06828275265486611, 0.9842983864549363, -0.16277024332501128]], "T": [0.10940429375611302, 0.034411805227449396, -0.011527298268274406], "aligned_model": [[0.0065557291428546965, 0.1257516029120933, -0.1259001752524037, 0.3361086068183058, -0.5351429781680586, -0.4369048299323274, -0.4217896200148572, 0.31540937640442945, -0.223508753100106, 0.7442812507993515, 0.5295748306433007, 0.049344002457969015, 0.6536869338463552, -0.2712523049292007, 0.022230282279808722], [-0.10503137714858508, 0.71774675557014, -0.6697014239993923, -0.5878469837725906, -0.05266339795243201, 0.38525104195023685, -0.5304836567489157, 0.5816640673125962, 0.5184039645018527, 0.35314830129533475, 0.20999213254188642, -0.43869191950339254, -0.18927158076280426, 0.26014437586057, -0.011765159216657405], [-0.6719200189661685, 0.19905107430475386, -0.44004537593579973, -0.008217621947610191, -0.3459746707767576, 0.1403255438666087, 0.1310120464460313, -0.41239947611005257, -0.38127967975729016, -0.09138424544330946, 0.5483326868420447, 0.5675673994306302, 0.2552697523893481, 0.6745459027209856, -0.02963374344227296]], "inverted": true, "swapped": true, "error_lsq": 0.04296333770952349, "error_max": 0.25024902210451494, "target": "71.xyz", "model": "21.xyz", "model_rescale": 4.186013935880536, "target_rescale": 4.087977266557869},
{"mapping": [8, 1, 14, 10, 9, 13, 11, 5, 7, 6, 2, 4, 15], "R": [[0.7652268928197878, 0.37856545648096857, 0.5206880041490574], [0.5922065583148299, -0.09680793907793873, -0.7999497579350755], [-0.2524266126902568, 0.9204979185695304, -0.29826898450037526]], "T": [0.0496105501448967, 0.08532313667550151, -0.006045228938405438], "aligned_model": [[0.11071640679019484, -0.591264630085049, 0.47878547572645236, 0.4780519062146025, -0.2292971719653005, 0.6003171583589166, -0.009983818283690805, -0.6039405549586653, 0.3159125368620128, -0.44367193032634883, -0.36263888756882356, 0.29112643681615435, 0.0244611078427697], [-0.3545711483679425, -0.044001468336601846, 0.2509996540216441, -0.5671984523195629, -0.37515946883882534, -0.23692867791412298, -0.6979311574267858, -0.017238537018798128, 0.7455956512486609, 0.5959213541823956, 0.2616178920803759, -0.03718134274526125, -0.004967639019082551], [-0.6106476885081306, -0.4950291004379222, -0.45971767747743053, 0.34810863013983406, 0.48897454268448176, -0.18349324856457266, -0.07351777003714202, 0.07734044381680039, -0.07056107886681633, -0.09275736540678751, 0.5238291816009656, 0.6206951502555431, 0.02965554213652294]], "inverted": false, "swapped": true, "error_lsq": 0.04968441390021639, "error_max": 0.27018437277166013, "target": "71.xyz", "model": "22.xyz", "model_rescale": 4.166573947596378, "target_rescale": 4.087977266557869},
{"mapping": [14, 12, 5, 7, 0, 6, 13, 10, 11, 1, 4, 2, 8, 3, 9, 15], "R": [[-0.1401262288639133, -0.5472790552054687, 0.8251365194425633], [-0.8745454816546199, -0.32233759202029166, -0.362310194844209], [0.46425729989076836, -0.7723885761091819, -0.43345247374327395]], "T": [0.008818545063601795, -0.03063634233089717, 0.10036366538379113], "aligned_model": [[0.304377593101155, -0.21309200334788908, -0.3313946260727527, 0.21083725185928398, -0.10938481015677798, -0.7204967355383738, 0.06352375761240375, 0.4820374729834182, -0.017738910196586605, -0.5627977019988462, -0.06020359356732142, -0.5285370729838382, 0.5782127999700946, 0.05919189284979997, 0.5130120976987387, -0.04328409073208924], [-0.6339069063655984, -0.6465872276764367, 0.24285539245688692, 0.4104204099924412, 0.7602691396322135, -0.1933635726785999, -0.17785112769569955, -0.047428659396143394, -0.5924406843121016, 0.3847436876051432, 0.5714220704116245, 0.06280739810570525, 0.49480720096609854, 0.0180490246174316, -0.2652384953145399, 0.0053549609503769045], [-0.3175923597105177, 0.07313187192515044, -0.6071101859983353, -0.4250381151468853, -0.06471888443101631, -0.04360404610281626, -0.7315908319210371, -0.4799148000533455, 0.6533228956418388, 0.006484180448487836, 0.5158334300952112, 0.49447842825770605, 0.3322653805740068, 0.6974557126377984, 0.32663752065366725, 0.07292409718824538]], "inverted": false, "swapped": false, "error_lsq": 0.045342463243003416, "error_max": 0.2811835100548145, "target": "71.xyz", "model": "23.xyz", "model_rescale": 4.274766983524099, "target_rescale": 4.087977266557869},
{"mapping": [9, 4, 10, 11, 13, 8, 1, 0, 6, 7, 15], "R": [[-0.08829444909485087, 0.16797069959894456, -0.9818298907322378], [0.7280880140887515, 0.6835489576254913, 0.05146519473782574], [0.6797734431406797, -0.7103144842992754, -0.18265103173899613]], "T": [0.06670462766314689, 0.14677838799051612, 0.0740617851555716], "aligned_model": [[0.11283269068954366, 0.1488691535121299, -0.4554350578320232, -0.4957752774470988, -0.5313898546884414, -0.5641366511325139, 0.07447595198132964, 0.04008067665792417, 0.6461426371010204, 0.37252443413112823, 0.03170600098507635], [-0.024491720658634447, 0.5801765932153868, 0.44883319511982184, -0.18610641245203657, 0.43019757393957164, -0.20419924384888227, -0.6454739324424064, -0.011456591330143012, -0.14086145752477586, 0.5572697311270058, 0.11169879609857551], [-0.6354571176343954, -0.4470483378556813, -0.5349574410734406, -0.36684113813014013, 0.0979019869731945, 0.27811821059682784, 0.27110732296333234, 0.777672324365937, 0.37913891042491643, 0.5730707426945303, -0.013139029303503802]], "inverted": false, "swapped": true, "error_lsq": 0.04825442933592892, "error_max": 0.27254318441852504, "target": "71.xyz", "model": "24.xyz", "model_rescale": 3.7841303162186577, "target_rescale": 4.087977266557869},
{"mapping": [6, 1, 2, 5, 12, 8, 4, 3, 7, 9, 14, 10, 13, 11, 6, 15], "R": [[-0.6860346278356597, 0.19294157232366638, -0.7015198066196419], [0.6053698809882564, -0.3834767159510895, -0.697476103902945], [-0.4035886477623628, -0.9031717212095599, 0.14627728943588164]], "T": [-0.14770625506786877, -0.030690741486459703, 0.10658536382016168], "aligned_model": [[0.4141381064660284, -0.41670850898895356, -0.4420437578940276, 0.16070326559625625, -0.009713017826192882, -0.6356906930106674, 0.09952429085225376, 0.5915772401342367, -0.08422083203980998, -0.514418867057786, -0.24543591429854128, -0.4475924760019149, 0.3934806181260588, 0.43324339102057613, 0.4141381064660284, -0.08671763006312633], [-0.472265746369073, -0.6102395062321766, 0.24436217521857226, 0.38011284515395466, 0.6764825783030346, -0.20904038357360036, -0.27126089478559634, 0.08148694332959408, -0.4782609516677337, 0.424913771474842, 0.6760346326852358, 0.06640525344183934, 0.4912323091037824, -0.07254526424084048, -0.472265746369073, -0.0612394041739599], [-3.958972504136682e-05, -0.27393718540694223, -0.5309915769245124, -0.6043736548375803, -0.1301331793521128, -0.1754082125816828, -0.5550092260640236, -0.19321118116363237, 0.573978205144778, 0.0972528130996371, 0.4534097019498482, 0.8178488364798921, 0.32271748733768935, 0.6067586106031138, -3.958972504136682e-05, 0.0941420352237685]], "inverted": true, "swapped": false, "error_lsq": 0.04566942777399888, "error_max": 0.32825592921896946, "target": "71.xyz", "model": "25.xyz", "model_rescale": 4.19342608120988, "target_rescale": 4.087977266557869},
{"mapping": [6, 0, 1, 4, 5, 3, 11, 12, 8, 7, 13, 15], "R": [[-0.5446889773759953, 0.6860484564638228, -0.4823395415147912], [-0.18098582911052777, -0.6577541528511197, -0.7311659210249619], [-0.8188760880537834, -0.3109613959814179, 0.4824364855843932]], "T": [-0.07909125003778235, 0.026285815305046516, -0.04019301751548565], "aligned_model": [[-0.19971341491942446, 0.48679957857420625, 0.10524651183156762, -0.5530084741929499, -0.4223417654752541, -0.4750660482085816, -0.044283104297869205, -0.07128814892625561, 0.496397115961606, 0.09059011638165472, 0.3067077715224224, -0.1222315836193412], [-0.6587195092052077, -0.39120318831857226, -0.563105848508621, 0.4922948499338555, -0.3917589459138987, -0.1994774189857065, 0.3814968657667199, 0.7558821070849684, 0.10479496309519003, -0.14864899543859103, 0.5631744737174567, 0.06804707451338692], [0.12646573144136025, 0.12193482180224002, -0.5742231036144935, 0.1159441599865963, -0.4300888697417005, 0.5028139406885817, -0.7431900476660113, 0.41247333478647175, -0.514992444811496, 0.6318522803643164, -0.07919921493917015, -0.12053212708727379]], "inverted": true, "swapped": true, "error_lsq": 0.04052145412356206, "error_max": 0.219846826965835, "target": "71.xyz", "model": "26.xyz", "model_rescale": 3.795458400668931, "target_rescale": 4.087977266557869},
