[{"mapping": [1, 5, 8, 6, 12, 7, 13, 10, 11, 2, 3, 9, 0, 14], "R": [[-0.810138930351783, -0.04416633491930222, -0.5845718504925339], [-0.4009648015177047, 0.7691892878184803, 0.49756915845856753], [0.42767059926108675, 0.6374928818152368, -0.6408593325859956]], "T": [-0.056806930121025695, 0.05394042637735472, 0.13635922367713724], "aligned_model": [[0.0440580883789968, 0.2951847968951611, -0.6658013575350309, -0.3034135546574916, -0.5738063316960924, -0.07176196398209336, -0.6118109767270312, -0.04096718953737975, -0.39379546480569005, 0.3437161524425423, 0.5507579140805525, 0.21041116978940796, 0.5749798744991508, 0.013740943983301251], [-0.6067424122201895, -0.33404701027835204, -0.3107319913130995, -0.5213506459185943, 0.24221081073492476, 0.3377341929730062, 0.11168165468873484, 0.5959931644901819, 0.7737952285952976, -0.07914420000575209, 0.5240104610523607, 0.7196985703464204, -0.25226593050970836, 0.03443143917480421], [0.34513548718811193, -0.5036329444868557, 0.24339359780755837, -0.13186393198835375, 0.676025165277137, -0.6279835579996789, -0.15486417180405168, 0.6159423666888981, 0.1490390291900308, 0.6660108648717892, 0.45148884202773154, -0.032343468814430315, 0.0874654119292548, 0.11377539729269223]], "inverted": false, "swapped": true, "error_lsq": 0.04321285285826902, "error_max": 0.2777831359190709, "target": "711.xyz", "model": "0.xyz", "model_rescale": 3.8414455957264533, "target_rescale": 4.183746750127182},
{"mapping": [7, 0, 4, 2, 9, 13, 11, 8, 1, 6, 5, 10, 3, 12, 14], "R": [[0.5857054138232374, -0.14710294830186035, 0.7970632916017714], [-0.36463925720121215, 0.8304341669989637, 0.4212093379644919], [-0.7238697260736205, -0.5373451561907276, 0.4327502776341847]], "T": [-0.12061910156229011, 0.012644946351193304, -0.019128549745058614], "aligned_model": [[-0.4352941375527028, 0.13300196614775933, 0.04877271763926588, -0.4535434890101929, -0.75736872574742, -0.2749447636178163, 0.45463658758244435, -0.4716906953330294, 0.7395296724746763, -0.6129838044926958, -0.03736311736196957, 0.04982106670925879, 0.48652802129585665, 0.14853037467025976, -0.035519539075910364], [-0.17062419380604457, -0.425612935203397, 0.21237711041937482, 0.5581075605151249, -0.2238388754758696, -0.7194819818714147, -0.558296184602048, -0.24734103104710267, -0.01703881440585862, 0.553562992496661, 0.6587646849548351, 0.34939176671782124, 0.4779976074402898, -0.2689075573017788, 0.02739191473511696], [-0.5486066381732586, -0.5378999375220485, -0.4958157732705262, -0.38823099678424994, -0.08343250069368435, 0.10343062633646416, 0.24425808473441524, 0.6392470460238737, -0.10722424793040353, 0.2547543457523886, 0.08047320457729773, 0.5517768963867171, -0.18704565447958765, 0.6370545733216353, 0.00545987142220556]], "inverted": true, "swapped": false, "error_lsq": 0.047581638184548435, "error_max": 0.27697633555829193, "target": "711.xyz", "model": "1.xyz", "model_rescale": 4.316132596720782, "target_rescale": 4.183746750127182},
{"mapping": [7, 4, 5, 8, 6, 13, 1, 12, 0, 11, 2, 14], "R": [[0.7901441617978262, -0.41616647520658756, 0.44997518652803026], [-0.6118065906624616, -0.4912717961267872, 0.6199554161004934], [-0.03694454220566419, -0.7651519373591662, -0.6427889339096688]], "T": [0.03328337429376447, 0.06781770597876657, 0.03216946313390839], "aligned_model": [[-0.02764023543575877, 0.5043877945045695, 0.04638861428371349, -0.6330783597737103, -0.4803977457903359, -0.4967609257753157, -0.10531484480873837, -0.22995498559068114, 0.45525775512536804, 0.03518206468044472, 0.44696652993396346, 0.08277289327826201], [-0.7228320589805286, -0.4363682381213597, -0.5406318434651262, 0.3303728242861053, -0.053528448204483686, -0.13945755307532734, 0.3713651350010235, 0.6394329300125637, -0.02373882582101544, 0.005732067899733184, 0.544066163641858, 0.038364274567537715], [0.22228444372492315, -0.09401052163907522, -0.5278660720494247, -0.01623912404038768, -0.3980922294415815, 0.3009902477095769, -0.5833892955362247, 0.4770683830205244, -0.5235845541471529, 0.8246685197719149, -0.21423421333833034, -0.018337122825341452]], "inverted": true, "swapped": true, "error_lsq": 0.04988882420633347, "error_max": 0.23984419244552563, "target": "711.xyz", "model": "2.xyz", "model_rescale": 3.795458400668931, "target_rescale": 4.183746750127182},
{"mapping": [12, 1, 2, 4, 11, 9, 0, 13, 5, 7, 10, 14], "R": [[-0.016289019968161192, -0.4447384827938383, 0.8955123392509517], [-0.41978114219891316, 0.8159163345495171, 0.3975730469605006], [-0.9074791790904367, -0.3694431173232428, -0.19998330575283504]], "T": [0.0379044596075649, -0.08736201988383313, -0.03394917538001945], "aligned_model": [[-0.15419171511666402, -0.2647375502937886, -0.6310765143076844, 0.1324152919553182, 0.2714888014762442, 0.12586512831774105, -0.2635100035001366, 0.5682994866244419, 0.3757087974165816, 0.7371495804275684, -0.32477205879130233, 0.020664581535246005], [0.10900947690759899, -0.718759905015298, -0.14546391767310798, 0.08718317007067689, 0.6049285458849392, 0.5788862813048476, -0.35058720387119396, -0.09473452302793306, -0.502629436636342, 0.12798226042453903, 0.49358756143770893, -0.10363326451672619], [-0.7540260756360613, -0.03670922507249232, 0.05408345765246012, 0.638855334682364, -0.3471346061304369, 0.26850105119955764, 0.5449889286188224, -0.3727726822160971, 0.5964979708129523, 0.326141847620657, -0.26854539509127234, 0.03889082419864696]], "inverted": false, "swapped": true, "error_lsq": 0.046093035454829956, "error_max": 0.21839135919934077, "target": "711.xyz", "model": "3.xyz", "model_rescale": 3.7530521520055578, "target_rescale": 4.183746750127182},
{"mapping": [12, 6, 13, 7, 11, 0, 10, 2, 3, 9, 14], "R": [[0.3969929320411667, 0.08546519969108707, -0.9138338533623716], [0.7281059475171043, 0.5768626346525563, 0.3702583286462724], [0.5588008062803571, -0.8123578031775616, 0.16678266851489318]], "T": [-0.12535914590276812, -0.002456124946465389, -0.1494687611355227], "aligned_model": [[-0.35128583545112113, -0.17196889563052825, 0.258043089342316, 0.6523661346612174, 0.3293160522418672, -0.3855245808061283, -0.219964139460327, -0.7109072346156002, -0.2497854406485925, 0.3204033681382843, -0.13249291532618268], [-0.7342011394419429, 0.10423273981966122, -0.3548250529857985, 0.2274757776995071, -0.5302333727295503, 0.6475456372182555, -0.38331568249237324, 0.14138296020224547, 0.20572418710791623, 0.07065884982911316, 0.07275845408731182], [-0.06298285425541833, -0.8204108776620358, -0.5030412032644667, -0.23465767482186348, 0.23346024947564042, -0.0779204559021997, 0.4588633454956486, 0.1589220167004451, 0.6446260749008323, 0.4328112395292338, -0.1368390829505003]], "inverted": true, "swapped": true, "error_lsq": 0.04952870548333512, "error_max": 0.2456182113612971, "target": "711.xyz", "model": "4.xyz", "model_rescale": 3.7855080009869324, "target_rescale": 4.183746750127182},
{"mapping": [1, 2, 12, 11, 4, 0, 3, 7, 9, 6, 13, 8, 15, 10, 16], "R": [[-0.9601248108654152, -0.013415601770605828, 0.27924965387585277], [-0.2660417508341381, -0.26312775740270816, -0.927354069434824], [0.0859193480757239, -0.9646677173583423, 0.24906637812617038]], "T": [-0.038753085579822585, 0.018936940901617683, 0.015627776595697043], "aligned_model": [[-0.4978899591716614, 0.28647277448047487, -0.09689409555449362, -0.5686712935672589, -0.7117127674513914, -0.35080776363437005, 0.30894780283293444, -0.3954844214189831, 0.633176246183594, -0.5755799410411517, -0.08056012822868118, 0.08437402599219603, 0.6178013752795419, 0.32247635195229535, 0.0064639276747388286], [-0.2627920482975864, -0.4232398450419457, 0.29206433303961477, 0.45856614793471223, -0.2652716566737551, -0.6758132026630005, -0.5820213041318014, -0.08997626987802251, -0.21630824729287576, 0.3357917311141976, 0.7318789491808633, 0.5227482816413197, 0.46882473031311944, -0.10471591534010832, 0.016716379660978904], [-0.5162801542931709, -0.4788350809571749, -0.6049254553136816, -0.3823032242916137, 0.13117656934103372, -0.15294861333399845, 0.034860179528584764, 0.6654355469585841, 0.024830699845855467, 0.20926929394620225, -0.10616509220667282, 0.49136270415685046, 0.22976633816263536, 0.6362625634694087, -0.01330737531160333]], "inverted": true, "swapped": false, "error_lsq": 0.031251841469930604, "error_max": 0.18984158398809595, "target": "711.xyz", "model": "5.xyz", "model_rescale": 4.2253639853439635, "target_rescale": 4.183746750127182},
{"mapping": [7, 11, 3, 4, 9, 2, 0, 5, 12, 13, 10, 1, 6, 14], "R": [[-0.005322300740962599, 0.8942001581306886, -0.4476357339554947], [-0.9892009472881549, -0.07027454257009039, -0.12861949522052285], [-0.14646896940662993, 0.44211714043408934, 0.8849176657380866]], "T": [0.050402458819307064, 0.0781727950429369, 0.0678101920396942], "aligned_model": [[0.5744365212319423, -0.2204343981298703, -0.5761529774124707, 0.18797862743178145, -0.17699156458138943, -0.43079680150844524, 0.09215727782928985, 0.6989155057771744, -0.38168395245226877, 0.398021414551341, -0.6163111939689502, 0.15780825390877729, 0.6042756774495082, 0.06283976263136383], [-0.28232829994098946, 0.17896293350673484, -0.4657855409377924, -0.6077000647221373, -0.4073852144589917, -0.03294391163493038, -0.411139166262463, -0.37004972368165384, 0.6885191001713569, 0.4380690555137041, 0.0980752410292402, 0.25396641566679007, 0.35199466025723597, 0.012843662128886463], [-0.4424933498297371, -0.6727313200710957, 0.03706661033028298, 0.01570023526370222, -0.4377839091570569, 0.5312338295713065, 0.5719310544629471, 0.3179097798749388, -0.11860914276406208, -0.3140410232084295, -0.21355941749180973, 0.7370064947110988, 0.3541043592499785, 0.10582400798938452]], "inverted": true, "swapped": true, "error_lsq": 0.03574116096238285, "error_max": 0.23861763976528066, "target": "711.xyz", "model": "6.xyz", "model_rescale": 3.89814844738969, "target_rescale": 4.183746750127182},
{"mapping": [4, 3, 2, 7, 1, 10, 9, 5, 13, 12, 2, 8, 14], "R": [[-0.05629626014476061, -0.6017021711775319, -0.7967341013750808], [0.45900282796860725, 0.6930722648474246, -0.5558482163469469], [0.8866493867423213, -0.396995381458658, 0.23716562164436902]], "T": [-0.06937954297488849, 0.044405515286931374, 0.06766879906199834], "aligned_model": [[0.04284433979631132, -0.10341126842769191, 0.31194452384879856, -0.3935484340511233, 0.5591501251232598, -0.4650167038045522, -0.5000271944553466, 0.37871010700921226, -0.4462222046051433, -0.44945993585352706, 0.31194452384879856, -0.08084449664234324, -0.01743158088243027], [-0.3837080982929838, 0.3447224091341443, 0.5303644798718248, -0.6938887908752758, 0.19629121768131355, 0.5593431638675381, -0.09580379145080281, -0.6473865135534224, -0.19795603176040816, 0.6347547724834341, 0.5303644798718248, 0.1716186620339688, 0.015065306459329856], [-0.4765634707740595, -0.7056740477423845, -0.2099945929553227, -0.05406242308193239, 0.3362656775035006, -0.25230387849552, -0.5136950871687097, -0.0006089909712563985, 0.50973790696232, 0.3854739230844019, -0.2099945929553227, 0.7740694730587915, 0.01962513437178915]], "inverted": false, "swapped": true, "error_lsq": 0.057147368209962024, "error_max": 0.41834157098594277, "target": "711.xyz", "model": "7.xyz", "model_rescale": 3.7474275329858107, "target_rescale": 4.183746750127182},
{"mapping": [7, 11, 9, 5, 6, 10, 12, 0, 13, 3, 8, 2, 4, 1, 14], "R": [[0.875749006024361, 0.45963673259838844, 0.14764061938918144], [0.47269018875315816, -0.8785447904074888, -0.06872435306618074], [0.09812065992362287, 0.1299735561340804, -0.9866505008370561]], "T": [-0.02726937016840863, -0.038307233661480616, 0.03421114572980963], "aligned_model": [[-0.44079457741262557, 0.13176012675652843, -0.043096773616045574, -0.5374667823738415, -0.8388090132017759, -0.3626571700320353, 0.35451641567585723, -0.45316941380596903, 0.8685188691015755, -0.5448590841737352, 0.009421077979722865, 0.18788964450520101, 0.5298832692383346, 0.10072443249030677, 0.020251113196286592], [-0.20507565864724434, -0.3479995285566616, 0.17824937466633903, 0.3333722116751965, -0.12956135379129963, -0.7048939454922681, -0.5212645151399647, -0.24486175149077904, -0.09122830655812765, 0.3856469953421303, 0.626072386363017, 0.5446540759002321, 0.5110284688559412, -0.11107494116372513, -0.016611448397075634], [-0.4806313809959962, -0.480842499224019, -0.6959896271936757, -0.304277339325424, 0.03044395282902801, -0.10158480045974483, 0.07464005609781287, 0.4926406622542058, -0.019404328917143138, 0.29208366588356705, -0.1156682970477699, 0.6020598983115341, 0.040299510642963866, 0.7711807972594246, 0.06324862958647576]], "inverted": false, "swapped": false, "error_lsq": 0.041018289267599685, "error_max": 0.30667800795550004, "target": "711.xyz", "model": "8.xyz", "model_rescale": 4.019505241142653, "target_rescale": 4.183746750127182},
{"mapping": [7, 13, 11, 9, 4, 3, 10, 5, 0, 1, 12, 2, 14], "R": [[-0.6616531475196998, 0.5288361747573156, -0.531551890830354], [0.7110326235499798, 0.6675526194688434, -0.22092104582388417], [0.2380078163105309, -0.5241238408127757, -0.8177080645724102]], "T": [-0.11729431044728418, -0.01213194017836882, 0.09268992149565475], "aligned_model": [[-0.31570652690380024, -0.6657301524223388, -0.09635979426907477, 0.3074857874300731, 0.2474619986498749, 0.6989898131582328, 0.306028046961452, -0.2382780057427201, 0.25881110094301646, -0.22110303344035853, -0.25319129798514745, 0.36736570895496196, -0.07607287359299564], [-0.6373080209433788, 0.005375579465833107, 0.24471581558675087, -0.20754591306450182, -0.6026722420969536, 0.028669852911716552, 0.46235535379235004, -0.783348088637098, -0.39196725954328976, 0.04345104136847693, 0.7266258634958639, 0.24275189847556095, -0.06772565269727164], [-0.3918406794965841, -0.2156706162917894, -0.6593100536664469, -0.4769373823469037, -0.008696548564848694, -0.053676047913382874, -0.2533332698032296, 0.3658400634156199, 0.55048611414402, 0.7829053766781888, -0.07976982356589934, 0.4911871145246572, 0.1255192469304773]], "inverted": false, "swapped": true, "error_lsq": 0.04994306819604062, "error_max": 0.27136087247729657, "target": "711.xyz", "model": "9.xyz", "model_rescale": 3.877068213659057, "target_rescale": 4.183746750127182},
{"mapping": [3, 12, 6, 13, 4, 5, 0, 7, 11, 2, 14, 9, 10, 8, 15], "R": [[-0.3338159469812697, -0.8832484562159688, 0.32930089300380894], [0.2722597792171447, -0.4247918462615706, -0.8633808545307904], [0.9024641412054165, -0.19855490913546808, 0.38227532211297166]], "T": [-0.10791508264444344, 0.009541253244119972, -0.010288992788908567], "aligned_model": [[-0.46936607407288927, 0.322273092466379, -0.003362209206694125, -0.5386363837801604, -0.7528861541853198, -0.22881452610423306, 0.3636928496261223, -0.5213720561040559, 0.6153160483461217, -0.4673785797879807, -0.017148018667355547, 0.12164225103570159, 0.43768109735591104, 0.17326662986436242, -0.052795832458125025], [-0.22583904759542345, -0.3840644305442853, 0.17365903735906613, 0.5755282535528407, -0.17385291070962824, -0.7318517137055986, -0.619435133459511, -0.22615130599151245, -0.0907795122034269, 0.4050766237261957, 0.7849255773503897, 0.45442824537400806, 0.4326522704694488, -0.10686030872688895, -0.06098358132996426], [-0.4758108907704156, -0.4774162938512768, -0.5954715495333469, -0.3132351467390165, 0.08174131335037496, -0.2264260682089676, 0.11517294894051089, 0.6528768371777623, 0.0970783739936956, 0.38302147346955545, -0.018165328601192125, 0.41985551628558443, -0.17311606342351238, 0.6987317803407809, -0.0006380027292973156]], "inverted": true, "swapped": false, "error_lsq": 0.038916102377391536, "error_max": 0.29507667810331545, "target": "711.xyz", "model": "10.xyz", "model_rescale": 4.260839863003843, "target_rescale": 4.183746750127182},
{"mapping": [10, 12, 13, 11, 7, 9, 3, 2, 6, 5, 0, 14], "R": [[-0.33497235011366133, -0.15390622019253852, 0.9295732354394555], [0.9419488579661286, -0.030688022629515255, 0.33435100454970534], [-0.022931934842865653, 0.9876087892749521, 0.15525142740479503]], "T": [0.06451073843155176, -0.0734954253526123, 0.04512769113011845], "aligned_model": [[0.21082140884343797, 0.2890605793269234, -0.35410244620963993, -0.3586736476715721, -0.7150681789269275, -0.3243714641296652, 0.2645419972802204, 0.6777870499096884, 0.049825625882669755, -0.1922312173803638, 0.33765741349984946, 0.07365152866950939], [-0.01204242846587722, -0.6153481475082753, -0.5419643697004359, -0.2290901115308471, 0.10804173851014154, 0.36720647939890116, 0.5652436457482338, 0.1891065195780736, -0.3993702526057694, 0.2804472778691549, 0.4675811115146896, -0.00673295727505567], [-0.6611928991372706, -0.4548187498258104, 0.08352635123351904, -0.6095617430633887, 0.2009590507617251, -0.39945355151773176, -0.44620462849020315, -0.07146348677084871, 0.6428803580384297, 0.7471465891404877, 0.40280712787240447, 0.08155365915419285]], "inverted": true, "swapped": true, "error_lsq": 0.0490641331813991, "error_max": 0.26902345999746424, "target": "711.xyz", "model": "11.xyz", "model_rescale": 3.890672605050136, "target_rescale": 4.183746750127182},
{"mapping": [9, 3, 4, 11, 7, 8, 2, 13, 12, 1, 5, 0, 6, 14], "R": [[-0.543246635454415, 0.17462417538761496, 0.8212122079204947], [-0.6824699595077609, -0.6615450908482188, -0.3107938981770673], [0.48899677650975715, -0.7292904017912327, 0.47855789871054183]], "T": [0.04170829392494792, -0.07282883267462012, 0.09724102386931471], "aligned_model": [[0.6446476726694664, 0.16637501684556905, 0.4041527668611175, 0.5971940270943351, 0.753069495924414, -0.2759715946284249, -0.4214653646907445, 0.30059531238573967, -0.13974263044069618, -0.6008538864447787, 0.14402939960379757, -0.18970420527977522, -0.2105726187923574, 0.03812244368603093], [-0.041488485679360254, 0.045858689073103406, 0.4868873519468725, -0.6173760465165786, 0.19831094685883213, -0.4508701049228373, 0.012504129958162413, -0.36943509317502643, -0.8187262112875565, 0.1543772727537575, 0.6765064739558614, 0.5542530717613905, 0.10107196530783788, 0.0002785597933063072], [-0.32534850018940203, -0.7150268101290884, -0.12051118906636621, -0.06651769618926484, 0.3895266771987446, 0.6182792441340761, -0.38943090455763735, 0.5883386161826833, 0.028785856034142576, 0.2577225598617599, 0.431978819421912, -0.12304071540606812, 0.7053784753582311, 0.07465600270313846]], "inverted": false, "swapped": true, "error_lsq": 0.04517556860478477, "error_max": 0.29426687280787583, "target": "711.xyz", "model": "12.xyz", "model_rescale": 4.124412569039231, "target_rescale": 4.183746750127182},
{"mapping": [4, 11, 13, 3, 7, 5, 10, 0, 12, 2, 6, 8, 14], "R": [[0.462173822013819, -0.7902277874568144, 0.4024119806569465], [0.7327456057463781, 0.5958981919392141, 0.32861713604580767], [-0.4994789640260259, 0.14298737278054802, 0.8544444836973345]], "T": [0.13046365089922898, 0.1259344351228906, -0.060792533449465315], "aligned_model": [[-0.06135858247557063, -0.1098174489337567, 0.5794717652205589, -0.6751885551869746, 0.4018777613702824, 0.5191514946261344, -0.4705185708544165, -0.023531043095554954, 0.011616284423548534, -0.3195544027827717, 0.764583552477708, 0.6363461561211176, 0.11421989659945282], [-0.4581641371411004, 0.6418619614566587, 0.4550042150014889, -0.06112317175716314, -0.13773474158367882, -0.5960797897607757, 0.5223736189849286, -0.511158643502144, 0.8679993007205201, 0.012671839987660138, 0.007998438565109067, 0.5524905038109891, 0.051345981725985035], [0.2769904119309607, 0.49418203073088085, 0.23294102015957566, 0.012293226501301012, 0.6615615270983192, 0.04709454365580976, 0.014893673836028638, -0.3171234674137176, -0.23163891504856657, -0.5540637107641742, -0.27919893789280903, -0.3390897725065283, -0.06714354931924126]], "inverted": false, "swapped": true, "error_lsq": 0.04713332369766037, "error_max": 0.2673378278883736, "target": "711.xyz", "model": "13.xyz", "model_rescale": 3.9028299243045295, "target_rescale": 4.183746750127182},
{"mapping": [9, 7, 6, 1, 11, 14, 10, 13, 4, 12, 2, 8, 0, 5, 15], "R": [[-0.15091651908424172, -0.9823728504150193, 0.1103076925466489], [0.043431343738883826, -0.11806703326684681, -0.9920553885930968], [0.9875919818672745, -0.14492673467319828, 0.06048403862535773]], "T": [-0.017984049431945467, 0.10143646696685947, -0.003783629328547604], "aligned_model": [[-0.2930092193373849, 0.3107886504158436, -0.11550192574667269, -0.5107881419837969, -0.7280165948505184, -0.526708079616645, 0.18588524518576943, -0.24841448920185694, 0.6196421158433731, -0.5253343007218763, -0.035090816266605776, 0.08884453587050758, 0.6543271921875654, 0.13500706706869542, -0.029519104518613476], [-0.36585126316714467, -0.5284091885712972, 0.2117459326094711, 0.39936798082268393, -0.056431877889909846, -0.6190461428718365, -0.6098332692594434, -0.3348004761194743, -0.10671661854593557, 0.19413011885841164, 0.835777088251009, 0.5831831761321912, 0.5674912775881734, 0.009772281746505018, 0.026073043982305838], [-0.5577229668451719, -0.5657719903038224, -0.6539607958285286, -0.3047482371456944, -0.13335236968104353, 0.06801694737951934, 0.08501544211713376, 0.6201157966283691, 0.09352228123450006, 0.4633821853196756, -0.05478343340913321, 0.5903669585936335, 0.1304062254798236, 0.47610513806961585, -0.08839228190763766]], "inverted": false, "swapped": false, "error_lsq": 0.040738122975838405, "error_max": 0.2698890556841202, "target": "711.xyz", "model": "14.xyz", "model_rescale": 3.942246331269136, "target_rescale": 4.183746750127182},
{"mapping": [7, 8, 0, 2, 9, 6, 11, 10, 13, 5, 1, 3, 12, 4, 14], "R": [[-0.35947221026665527, -0.5924677518678008, 0.7209450000122896], [-0.17553455755736336, -0.7158636673674265, -0.6758156766799654], [0.9164973263186025, -0.36948771662935287, 0.15333453006704229]], "T": [-0.060175728337865386, -0.020166577086131603, 0.08233893711240439], "aligned_model": [[-0.5535442599310467, 0.19699123972865773, -0.10760381465571273, -0.567818025256593, -0.8254936691704817, -0.22867214798747104, 0.27428154117631853, -0.3277268551337247, 0.7337043168016888, -0.4510361860149894, 0.056510970887795775, 0.08169497813760332, 0.5923018836077609, 0.1647136792986311, -0.056191517160652564], [-0.2519993374583996, -0.37245643217880187, 0.25170949387800995, 0.3406934337822208, -0.2687133332284266, -0.5137611057192936, -0.6509814185075926, -0.40780667096214396, -0.11428174629789682, 0.4746092151797856, 0.7754263578270325, 0.5365140919823989, 0.46449577387627233, -0.10271838425973584, 0.04572212565228105], [-0.5763116313841256, -0.5568777200720347, -0.599241184027866, -0.3589401917557732, 0.1083248098748961, -0.11955902525247822, 0.14808082153994204, 0.6182046555654741, 0.23007740657373496, 0.1544816858899319, -0.017948309936743387, 0.5142269617556114, -0.003983885084722846, 0.6173846644926748, 0.010279841522717867]], "inverted": false, "swapped": false, "error_lsq": 0.04119536371820363, "error_max": 0.30162610608220686, "target": "711.xyz", "model": "15.xyz", "model_rescale": 4.355366556412066, "target_rescale": 4.183746750127182},
{"mapping": [7, 4, 5, 8, 6, 13, 1, 12, 0, 11, 2, 14], "R": [[0.7901441617978262, -0.41616647520658756, 0.44997518652803026], [-0.6118065906624616, -0.4912717961267872, 0.6199554161004934], [-0.03694454220566419, -0.7651519373591662, -0.6427889339096688]], "T": [0.03328337429376447, 0.06781770597876657, 0.03216946313390839], "aligned_model": [[-0.02764023543575877, 0.5043877945045695, 0.04638861428371349, -0.6330783597737103, -0.4803977457903359, -0.4967609257753157, -0.10531484480873837, -0.22995498559068114, 0.45525775512536804, 0.03518206468044472, 0.44696652993396346, 0.08277289327826201], [-0.7228320589805286, -0.4363682381213597, -0.5406318434651262, 0.3303728242861053, -0.053528448204483686, -0.13945755307532734, 0.3713651350010235, 0.6394329300125637, -0.02373882582101544, 0.005732067899733184, 0.544066163641858, 0.038364274567537715], [0.22228444372492315, -0.09401052163907522, -0.5278660720494247, -0.01623912404038768, -0.3980922294415815, 0.3009902477095769, -0.5833892955362247, 0.4770683830205244, -0.5235845541471529, 0.8246685197719149, -0.21423421333833034, -0.018337122825341452]], "inverted": true, "swapped": true, "error_lsq": 0.04988882420633347, "error_max": 0.23984419244552563, "target": "711.xyz", "model": "16.xyz", "model_rescale": 3.795458400668931, "target_rescale": 4.183746750127182},
{"mapping": [4, 3, 2, 7, 1, 10, 9, 5, 13, 12, 2, 8, 14], "R": [[-0.05629626014476061, -0.6017021711775319, -0.7967341013750808], [0.45900282796860725, 0.6930722648474246, -0.5558482163469469], [0.8866493867423213, -0.396995381458658, 0.23716562164436902]], "T": [-0.06937954297488849, 0.044405515286931374, 0.06766879906199834], "aligned_model": [[0.04284433979631132, -0.10341126842769191, 0.31194452384879856, -0.3935484340511233, 0.5591501251232598, -0.4650167038045522, -0.5000271944553466, 0.37871010700921226, -0.4462222046051433, -0.44945993585352706, 0.31194452384879856, -0.08084449664234324, -0.01743158088243027], [-0.3837080982929838, 0.3447224091341443, 0.5303644798718248, -0.6938887908752758, 0.19629121768131355, 0.5593431638675381, -0.09580379145080281, -0.6473865135534224, -0.19795603176040816, 0.6347547724834341, 0.5303644798718248, 0.1716186620339688, 0.015065306459329856], [-0.4765634707740595, -0.7056740477423845, -0.2099945929553227, -0.05406242308193239, 0.3362656775035006, -0.25230387849552, -0.5136950871687097, -0.0006089909712563985, 0.50973790696232, 0.3854739230844019, -0.2099945929553227, 0.7740694730587915, 0.01962513437178915]], "inverted": false, "swapped": true, "error_lsq": 0.057147368209962024, "error_max": 0.41834157098594277, "target": "711.xyz", "model": "17.xyz", "model_rescale": 3.7474275329858107, "target_rescale": 4.183746750127182},
{"mapping": [5, 13, 6, 7, 0, 3, 1, 12, 4, 2, 9, 11, 10, 14], "R": [[-0.5983980190087697, 0.653505084712564, 0.4635201345154327], [-0.80114277813592, -0.48120186167220114, -0.35583003999643975], [-0.009489988779773056, -0.5842737993253099, 0.8115011198605504]], "T": [0.12278431996269977, 0.03673317362638118, 0.01160968138623647], "aligned_model": [[0.3480121597437261, 0.12953057280014058, 0.6917169396459479, -0.2548772615120618, 0.29727253070276843, -0.40411022662847385, 0.775599919750033, 0.10876816785690133, -0.19952985832565506, 0.2504512082643402, -0.5975874984524127, -0.5137473667684117, -0.34229459331093637, 0.12564295411697043], [-0.629749637387668, 0.4145318505715601, 0.010321140448202315, -0.20806371207816957, -0.6079543861824193, -0.2578948811777855, -0.1131730985326265, 0.7607422291690766, -0.5767165461370407, -0.1219474342963219, -0.11861542776260015, 0.5007072311981458, 0.3473736804525861, -0.039152766773705966], [-0.42324142532977027, -0.49177611007262717, -0.3616682112455101, -0.6684113899969382, 0.23350902536444976, 0.5816833607169305, 0.2156268267971465, 0.2754048336359693, -0.09728127932256886, 0.6575065375224154, 0.006017462276294322, -0.09548127033534737, 0.47125752407167926, 0.02164883457953194]], "inverted": true, "swapped": true, "error_lsq": 0.04526411747031198, "error_max": 0.2536153936978521, "target": "711.xyz", "model": "18.xyz", "model_rescale": 3.922800546911778, "target_rescale": 4.183746750127182},
{"mapping": [12, 5, 8, 13, 7, 3, 0, 9, 1, 11, 4, 10, 6, 2, 14], "R": [[0.41290006118941325, 0.4170645534129362, 0.8096732042967997], [-0.2838753192804708, 0.9036398009195509, -0.32070221904047613], [-0.8654064609033086, -0.0974282735172026, 0.4915072623535359]], "T": [-0.020831028136219572, 0.037477462145065726, -0.05856197745200056], "aligned_model": [[-0.47276647055301413, 0.23639658112867484, 0.18633941745712684, -0.51430248898976, -0.7789756676830097, -0.2695254283083916, 0.25966733719444, -0.32449681841622313, 0.7050220164843807, -0.539576320351508, -0.08261142442292382, 0.04218918303423402, 0.4614046612858764, 0.18003963812594076, -0.10669208165805877], [-0.3471923452643797, -0.4481366053102953, 0.29215187612339066, 0.4014331727071294, -0.17546856228904772, -0.5438008116982291, -0.7454322970338235, -0.15577287672182574, -0.07697045057527946, 0.4184256802348163, 0.7544174074304498, 0.48763226384288927, 0.5274626154578511, -0.18740250325953275, 0.005105499921596694], [-0.5746991101227954, -0.5882285279411192, -0.5749068267136834, -0.3681357245503638, 0.07590629115747086, 0.03847362047921478, 0.023994740664452757, 0.6716329145161891, 0.031003958175373242, 0.2464386614121233, 0.019203288451314957, 0.6077635846839052, -0.002606090418073609, 0.5912140911922737, -0.02885597128504355]], "inverted": true, "swapped": false, "error_lsq": 0.03679713704691344, "error_max": 0.25120051998534026, "target": "711.xyz", "model": "19.xyz", "model_rescale": 3.9282355846067225, "target_rescale": 4.183746750127182},
{"mapping": [11, 9, 4, 10, 12, 3, 2, 0, 8, 6, 7, 13, 5, 14], "R": [[-0.6506787175516995, -0.600368477205741, -0.4649461238712885], [0.7224874670742459, -0.30100791025838053, -0.6224195513337634], [0.23372861708810141, -0.740912902802713, 0.629618141427438]], "T": [-0.04532899100422831, 0.004344964599504453, 0.05097957633652185], "aligned_model": [[-0.6392501595112323, -0.05127521288195015, 0.4805303657314494, -0.44065995381375644, -0.7493858403222542, 0.138597255979948, 0.15052198035475672, 0.6262851486479122, -0.4292555606605577, 0.09714975986104836, 0.09714750343384045, -0.4226893015674962, 0.6452705887644253, 0.02953624506854295], [-0.5171033675537886, -0.691521816529967, -0.4583448712802261, -0.20190022898831553, 0.2339885289737265, -0.3501234807835621, 0.3048395802212927, 0.10202977488434475, 0.4893619477029835, 0.3953052023525622, -0.6227372861393583, -0.07836254218099659, -0.07676586622355411, -0.005783487030305307], [-0.03423936960168776, -0.19157780450494238, 0.012844523763697963, -0.5193259639700963, -0.16242434501455266, -0.6769838916128447, -0.5234823470892156, -0.1352987894937258, 0.4152260002093272, 0.5900233634371519, 0.5524282200067453, 0.5479033849886011, 0.4987693213601262, 0.03832085476509808]], "inverted": false, "swapped": true, "error_lsq": 0.04525875451738013, "error_max": 0.34796052703802477, "target": "711.xyz", "model": "20.xyz", "model_rescale": 4.067790424073018, "target_rescale": 4.183746750127182},
{"mapping": [8, 7, 0, 4, 5, 1, 9, 13, 12, 6, 2, 6, 3, 11, 14], "R": [[-0.8897441702101876, 0.45325091828524317, 0.054026999274146545], [0.445714698712052, 0.8371628608151844, 0.317012226615569], [0.09845668554755184, 0.3061404082203459, -0.9468813714112609]], "T": [-0.07289745433767883, -0.019109324397357703, 0.021131860494299187], "aligned_model": [[-0.4130064318433849, 0.011367194184132567, 0.24689084276009557, -0.6763123460711191, -0.6504244601131369, -0.33590024808606567, 0.3084167533741411, -0.3243033481133578, 0.6646792469160355, -0.2833176574495843, -0.027664318473607424, -0.2833176574495843, 0.539605694150334, 0.24449170795770406, -0.03909283741481761], [-0.13356283259461169, -0.4538398593349251, 0.18044092567769326, 0.4473591617691768, -0.13347200141024063, -0.784128716542778, -0.6909721464869987, -0.35580154086608484, -0.18943009121905569, 0.5742920912242423, 0.6674178519391004, 0.5742920912242423, 0.5515372190830867, 0.030591381684647322, -0.07827147058178395], [-0.42203196317186786, -0.5793452733011336, -0.5808425345220078, -0.2253840914927895, 0.06414181939182484, -0.11627251134595126, -0.06401344330890991, 0.5810934065145821, 0.1393913761987245, 0.40991843530880734, -0.2623400624721989, 0.40991843530880734, 0.17261595918756945, 0.5822256257880628, 0.05912372161771917]], "inverted": true, "swapped": false, "error_lsq": 0.05259259303721842, "error_max": 0.3509289462896313, "target": "711.xyz", "model": "21.xyz", "model_rescale": 4.186013935880536, "target_rescale": 4.183746750127182},
{"mapping": [11, 9, 10, 8, 6, 12, 13, 7, 2, 4, 5, 1, 14], "R": [[-0.7276333774640347, -0.4395633381835612, 0.5266248567293478], [0.6282171787192733, -0.11869419366278489, 0.7689309882900666], [-0.2754865593132968, 0.8903346337842115, 0.362507097202325]], "T": [0.0489162878507324, 0.018386880868193282, 0.03423658725702735], "aligned_model": [[0.006885786860345265, -0.33182771183609505, 0.3727216900913683, 0.4103295101411623, -0.0019164176331729274, 0.6652465060307037, -0.06697145149431108, -0.7177869931190951, 0.4490358946727001, -0.5251730931531551, -0.5678565498488873, 0.35497924648457096, 0.010907618227091485], [-0.3273942081548161, 0.19629138519231137, 0.15589185408410497, -0.515648377263898, -0.2744143993388713, -0.3200564184510585, -0.600217223162512, -0.2361806619286569, 0.5641836293492678, 0.4163784434379072, 0.17734021362967353, 0.2031508424787029, 0.07963157967393805], [-0.680313524151231, -0.5711426423820882, -0.5984675325012376, 0.34967813163005856, 0.6469369648692314, -0.2813052367255743, 0.025657448756883187, -0.07686646401638, 0.06014658629336272, -0.029703449257628765, 0.5618230795800675, 0.6362754873475563, 0.06016071189232642]], "inverted": true, "swapped": true, "error_lsq": 0.04321978536780172, "error_max": 0.3086689587350632, "target": "711.xyz", "model": "22.xyz", "model_rescale": 4.166573947596378, "target_rescale": 4.183746750127182},
{"mapping": [1, 2, 6, 5, 0, 4, 3, 8, 11, 7, 13, 10, 14, 9, 15], "R": [[0.970450075023199, -0.02747977230266127, 0.23973217139479125], [-0.1297479312020438, 0.7782270765052888, 0.6144331466830396], [-0.2034505498548908, -0.6273814465763438, 0.7516650811734686]], "T": [0.05270304382223802, -0.014804709279920888, 0.024549057528981916], "aligned_model": [[-0.410701778048983, 0.06978001799910664, 0.09448499030145485, -0.4871380334923363, -0.7500424841997352, -0.357700322371883, 0.23109912538740723, -0.30515473974922785, 0.7746937691257563, -0.5337666725286284, -0.1127030984423255, -0.10881739751482032, 0.48072798190641386, 0.39209952150433874, 0.0052512544512461], [-0.13399360181278824, -0.46738831804869396, 0.10493388757223948, 0.5092614733639829, -0.15812147754739544, -0.6238089945828077, -0.5812280091408795, -0.36256721226435085, -0.3281500710757831, 0.33386266435722917, 0.8153914385371772, 0.5765143015246494, 0.6194295172372262, -0.09020463413250718, -0.007478900421588112], [-0.5037965110437392, -0.47313125473571727, -0.7258005738690401, -0.32898768547552104, -0.018061786303370502, 0.047708739388804225, 0.11817670020399802, 0.6610065883010738, -0.026806606648632044, 0.2387311809999246, 0.009439353807514667, 0.4548910234066606, 0.2258432738206573, 0.5140120781457612, -0.025025620297134853]], "inverted": false, "swapped": false, "error_lsq": 0.038574279615197646, "error_max": 0.22636289473277754, "target": "711.xyz", "model": "23.xyz", "model_rescale": 4.274766983524099, "target_rescale": 4.183746750127182},
{"mapping": [1, 13, 12, 2, 10, 3, 0, 4, 5, 7, 14], "R": [[0.022513426834530517, -0.9569843745801916, 0.28926467537797707], [0.33821208484084986, 0.2795688536514578, 0.89858435426821], [-0.9408005799741901, 0.0776025958159261, 0.329957733418779]], "T": [-0.030243871305040432, 0.1924507569471175, -0.06602982082605], "aligned_model": [[0.18826570193896425, 0.24440497748552528, -0.49251219349418796, -0.4245477153348302, -0.7352900460609102, -0.6486237852746414, 0.10061679302777495, 0.10176839342373796, 0.654870157966773, 0.4019449311634295, -0.011002510883560013], [-0.29010966326149173, 0.7469929664570345, 0.5746609865031332, -0.3367029697867539, 0.343671738247506, -0.13288708620212075, -0.4691877245443257, -0.06327051885154977, -0.13560986261430158, 0.5473954458010402, 0.1306332194953129], [-0.5239076436442512, -0.18103223385037465, -0.5499686455769754, -0.21828595545756138, -0.0018880589616230847, 0.38248898991079217, 0.1350112462660475, 0.5736916971743106, 0.26110531790054936, 0.5274426299019075, -0.025090909641244157]], "inverted": false, "swapped": true, "error_lsq": 0.05163338821383072, "error_max": 0.29516651040023456, "target": "711.xyz", "model": "24.xyz", "model_rescale": 3.7841303162186577, "target_rescale": 4.183746750127182},
{"mapping": [0, 9, 8, 1, 7, 10, 14, 11, 12, 6, 4, 3, 5, 13, 15], "R": [[-0.7453730399132111, -0.03490674348999717, 0.6657330926350755], [0.1345239739352541, -0.9859605808236988, 0.09891932823499064], [0.6529336350711346, 0.1632888615941647, 0.7396042292145686]], "T": [-0.09913552447101294, -0.022631930553539414, -0.07249540664377035], "aligned_model": [[-0.7108569709633498, 0.3296946319215154, -0.12051180200977858, -0.4483538062379459, -0.7061618895959042, -0.30591787735875153, 0.3930854410141375, -0.37367521247376234, 0.6353956656927133, -0.47281327670801127, -0.04115665126864391, 0.10310952029398997, 0.5654090750954777, 0.25850637148404065, -0.12364108455794263], [-0.06114725366454753, -0.321674480661233, 0.11517426673576188, 0.43273550168937297, -0.22309488329979554, -0.771135580488406, -0.6280587322729305, -0.22732337090671006, -0.04887745583127834, 0.4382427925620629, 0.7211214286882849, 0.4487510692881291, 0.5302592251708774, -0.2198668311884271, 0.02134636774454889], [-0.47948851609228527, -0.33482908484687646, -0.6469606278592159, -0.5454895790554939, 0.04641277944858291, -0.1198076655794012, 0.07059851778091225, 0.6146413651274565, 0.11444578600164662, 0.3397980317217344, -0.08567621606659159, 0.5487105953889069, 0.07593164800737606, 0.5947306910924175, -0.02481882536792992]], "inverted": false, "swapped": false, "error_lsq": 0.04269081824729867, "error_max": 0.38099129280098604, "target": "711.xyz", "model": "25.xyz", "model_rescale": 4.19342608120988, "target_rescale": 4.183746750127182},
{"mapping": [7, 4, 5, 8, 6, 13, 1, 12, 0, 11, 2, 14], "R": [[0.7901441617978262, -0.41616647520658756, 0.44997518652803026], [-0.6118065906624616, -0.4912717961267872, 0.6199554161004934], [-0.03694454220566419, -0.7651519373591662, -0.6427889339096688]], "T": [0.03328337429376447, 0.06781770597876657, 0.03216946313390839], "aligned_model": [[-0.02764023543575877, 0.5043877945045695, 0.04638861428371349, -0.6330783597737103, -0.4803977457903359, -0.4967609257753157, -0.10531484480873837, -0.22995498559068114, 0.45525775512536804, 0.03518206468044472, 0.44696652993396346, 0.08277289327826201], [-0.7228320589805286, -0.4363682381213597, -0.5406318434651262, 0.3303728242861053, -0.053528448204483686, -0.13945755307532734, 0.3713651350010235, 0.6394329300125637, -0.02373882582101544, 0.005732067899733184, 0.544066163641858, 0.038364274567537715], [0.22228444372492315, -0.09401052163907522, -0.5278660720494247, -0.01623912404038768, -0.3980922294415815, 0.3009902477095769, -0.5833892955362247, 0.4770683830205244, -0.5235845541471529, 0.8246685197719149, -0.21423421333833034, -0.018337122825341452]], "inverted": true, "swapped": true, "error_lsq": 0.04988882420633347, "error_max": 0.23984419244552563, "target": "711.xyz", "model": "26.xyz", "model_rescale": 3.795458400668931, "target_rescale": 4.183746750127182},
