[{"mapping": [0, 8, 4, 9, 6, 13, 10, 1, 11, 5, 3, 2, 7, 14], "R": [[0.6792636131997434, 0.6960820833573567, -0.23253102376180157], [-0.7282354772802959, 0.6000272271454383, -0.3311199424898723], [-0.0909617139964346, 0.39425506960981327, 0.9144883305290408]], "T": [0.05446035755372391, 0.19879999585189614, 0.15107151970926347], "aligned_model": [[0.05616302927315329, 0.45404916398829853, -0.501752132607863, -0.24438201933069087, -0.5771466647470882, -0.30530053595254214, -0.7382956836877496, 0.007734434149408685, -0.5004063015878167, 0.1371930402018997, 0.7301345540467507, 0.21388834035245108, 0.6159104953258124, 0.023702381704279653], [-0.6140542496753184, -0.45525092769932085, -0.40201891329324335, -0.2673737774337871, 0.25604015954598636, 0.363004279939107, 0.1885444142227909, 0.5117559689926647, 0.7644560618941973, -0.14149836308505512, 0.45171016815142095, 0.7503218964599384, -0.2393995637016418, 0.06903617749229549], [0.12593158454575892, -0.24024785168551954, 0.3630342633495041, -0.28732781243440836, 0.4940381676396881, -0.6131710710743866, -0.08153205808429492, 0.6134020500930342, 0.09052689001328731, 0.7811123833393401, 0.25768314815975124, -0.06860068013534015, 0.28956154841517256, 0.17317752503824674]], "inverted": true, "swapped": true, "error_lsq": 0.04555312042220953, "error_max": 0.24587119877871721, "target": "712.xyz", "model": "0.xyz", "model_rescale": 3.8414455957264533, "target_rescale": 4.047748850805307},
{"mapping": [0, 8, 10, 12, 7, 13, 9, 11, 1, 4, 2, 6, 3, 5, 14], "R": [[0.848177028396713, -0.40812995576112937, 0.3376768687821834], [-0.5206565391067114, -0.7596984419305652, 0.3895831690585377], [0.09753202953667506, -0.5062491644819676, -0.8568542972266444]], "T": [-0.0005189771697236001, 0.1729788560251071, -0.04175408447022196], "aligned_model": [[-0.5606798196849537, 0.3215380723359229, 0.17097588996863025, -0.20220214185123353, 0.035071000590062906, -0.21302578994857418, 0.3897807288553952, -0.6990815931530033, -0.7478888915542107, -0.1578452770295637, 0.45872024876183426, 0.7479168034310503, -0.3082815884643232, 0.2823864066102477, -0.05723598399049859], [0.5166075661544933, -0.4857228396756582, -0.29823470453750556, -0.5623717508047026, 0.664108325523446, -0.12854870346955127, 0.2435223077419633, -0.30381651147181093, 0.14785842188984175, 0.6630337350419088, 0.7151080742320218, 0.1193407428299808, 0.3907587674189773, 0.24715166822336337, 0.14362847736377685], [-0.3477875950448133, -0.3361920753022901, 0.42400185086232234, -0.012208695893420017, -0.45464656418916716, -0.7041504809180736, -0.5969112161816129, -0.14635738850049415, 0.39333793571691256, 0.1340636784902661, 0.15774521816157533, 0.1750269315644383, 0.6447085636924169, 0.5488267505908242, 0.021378597059372124]], "inverted": false, "swapped": false, "error_lsq": 0.042112636721583226, "error_max": 0.32076409547866425, "target": "712.xyz", "model": "1.xyz", "model_rescale": 4.316132596720782, "target_rescale": 4.047748850805307},
{"mapping": [4, 9, 8, 1, 5, 6, 3, 11, 12, 10, 2, 14], "R": [[-0.1565131305655083, 0.35634684813729955, 0.9211517593660647], [0.5764957000051041, -0.7243268437126928, 0.3781578127618591], [0.8019702911181992, 0.5902266914498366, -0.09206576379941778]], "T": [-0.037110641541255276, 0.0703119536488254, -0.14303024880373783], "aligned_model": [[-0.2750766537153968, 0.38898847365458883, 0.39693590937140383, -0.5086218674855186, -0.6515825634757686, -0.4261589548219382, -0.1002150443851665, -0.029836646654552088, 0.5432787063600134, 0.13760878164296958, 0.18091341422444085, -0.05842500008329525], [-0.6314781429784676, -0.4428804780965197, -0.48724559911099924, 0.3639192464981237, -0.2513949484667081, -0.0029490452176457876, 0.4527382150791683, 0.5136649164490852, 0.014145233370680979, -0.09689061419093097, 0.6443002516288706, -0.06315260722367659], [0.2645807640693175, 0.08911582498165638, -0.6342713731572631, -0.06991257815119051, -0.33931597422056686, 0.4595510523752808, -0.7607949315835661, 0.5164352059677683, -0.41040406148185427, 0.6470255509672221, -0.17222800254599463, -0.14052301601138822]], "inverted": false, "swapped": true, "error_lsq": 0.048333883509008496, "error_max": 0.27238598627411187, "target": "712.xyz", "model": "2.xyz", "model_rescale": 3.795458400668931, "target_rescale": 4.047748850805307},
{"mapping": [3, 12, 0, 10, 1, 6, 9, 2, 13, 11, 5, 14], "R": [[0.853341129477557, -0.3299665672338443, 0.4036470998903377], [0.3715109513067818, -0.15832674432610466, -0.9148290851794266], [0.36577114402464467, 0.9306206028984149, -0.012520529537263833]], "T": [0.0055944673902056305, 0.019659393780274644, -0.07441972548296025], "aligned_model": [[0.05638880243521237, -0.09496333221055978, -0.7654968896768256, 0.2363908099160404, 0.2412037763624644, 0.1665418488430411, -0.29140646212479127, 0.525867452204423, 0.37759109929199486, 0.6965826765673807, -0.441624191181563, -0.11377176468325201], [-0.10482959763345559, -0.6121603395900165, -0.055304526209353, 0.08336761161167358, 0.4871102383294149, 0.5673081286324326, -0.31243167321965754, -0.20728894711664855, -0.5552845115326069, 0.19551572793406635, 0.5566986601159419, 0.043068273967917875], [-0.7912095419034122, -0.12118728682030716, 0.17289681189159423, 0.7163685227473814, -0.2740499682402148, 0.3660422957746765, 0.47359915980424416, -0.31034351777781366, 0.44665195535761604, 0.27646386087935493, -0.25100811002734363, -0.015452751046675331]], "inverted": false, "swapped": true, "error_lsq": 0.034582316471414826, "error_max": 0.20260810516359723, "target": "712.xyz", "model": "3.xyz", "model_rescale": 3.7530521520055578, "target_rescale": 4.047748850805307},
{"mapping": [4, 7, 5, 3, 6, 12, 10, 9, 13, 2, 14], "R": [[-0.4220190079058994, 0.8795632547799985, 0.21970079154826952], [0.3761926637925408, 0.3903884641383473, -0.8402832419942545], [-0.8248509178480637, -0.2719656741364948, -0.49563659612329786]], "T": [0.07772770511600857, -0.010823733341237617, -0.01782649690877259], "aligned_model": [[-0.4087567563987889, -0.021048257023044428, 0.21026373566936735, 0.518486241314503, 0.14899272560054766, -0.2618538580352455, -0.2840239981341371, -0.6166231587648379, -0.34374856456253666, 0.41319571083257184, -0.016684218053194172], [-0.6935968538639287, 0.20055509626794757, -0.4409338975950714, 0.4686263248532921, -0.6761078331654246, 0.5332556199866407, -0.43527134137454243, -0.05357477042349534, 0.2641461655942567, 0.37844879945214793, -0.07834395141747638], [-0.1293506426619311, -0.7048395236737176, -0.5808883113907867, -0.34604101341491406, 0.2507779556390518, -0.005285740146741054, 0.5918059132468824, 0.10410772388944861, 0.6801756476108475, 0.3194829697347246, -0.08711420158754793]], "inverted": true, "swapped": true, "error_lsq": 0.047618412114573204, "error_max": 0.24115957512667116, "target": "712.xyz", "model": "4.xyz", "model_rescale": 3.7855080009869324, "target_rescale": 4.047748850805307},
{"mapping": [12, 10, 7, 8, 2, 14, 3, 13, 11, 1, 0, 5, 6, 4, 16], "R": [[-0.16105734960097035, 0.2718054440334869, -0.9487793899180513], [-0.4111396984505699, -0.8924220358100846, -0.18586838988531257], [-0.897231674929884, 0.3601454020174952, 0.25548113611022555]], "T": [-0.062415730827365956, 0.06244557777283183, -0.07958347434608015], "aligned_model": [[-0.619462474472096, 0.4019818633863279, 0.32256539545434026, -0.23347775556965983, 0.09768200829438581, -0.34866441508061663, 0.4985864783992451, -0.7364244171852251, -0.7008882966124763, -0.1474574365976004, 0.4070127446288828, 0.7209624483397526, -0.2940805669719622, 0.16201018807734352, -0.07019769921385854], [0.4255661411932724, -0.4854922267681045, -0.26109732120792534, -0.6122210987091579, 0.5607860604250263, 0.1412958584617178, 0.23452439695470478, -0.1960932989108342, 0.333466646566617, 0.7853868826592267, 0.6634189920780524, 0.11645206419523627, -0.0616569190123234, 0.3579900239993309, 0.07009737453570579], [-0.22417823506090334, -0.2023161550699869, 0.4758253811846045, 0.024687966132284675, -0.600938597900815, -0.6874829089003787, -0.4511773475881913, -0.01844773330453081, 0.3094365653819421, 0.1283292885094389, 0.08455593301748052, 0.11664387453378353, 0.517917188459201, 0.5601721595437642, -0.13219186882943668]], "inverted": false, "swapped": false, "error_lsq": 0.03858612268470182, "error_max": 0.2642149478844043, "target": "712.xyz", "model": "5.xyz", "model_rescale": 4.2253639853439635, "target_rescale": 4.047748850805307},
{"mapping": [11, 6, 9, 13, 10, 0, 12, 2, 5, 1, 4, 7, 3, 14], "R": [[-0.3874648952633469, 0.8138313912291184, -0.43306976526726254], [0.2311507627796155, 0.5405240038528877, 0.8089518688557719], [0.8924350283381788, 0.21333604456097344, -0.39755182339679024]], "T": [0.13515146935392974, 0.014765607718188023, 0.0861569628191951], "aligned_model": [[0.43034499332019494, -0.08140647682884602, -0.39410361937636795, 0.17039063047658298, -0.18520902795013372, -0.6060117319652107, 0.16432487565373133, 0.7123613193909625, -0.16757867222767858, 0.3838161930907489, -0.6471051272890032, -0.04401454307916022, 0.6350002269639645, 0.003253112577999012], [-0.2964443009619122, 0.10995559691373596, -0.4447584815714655, -0.8399397276009134, -0.47446378277257817, 0.08285495344654875, -0.39088657679738353, -0.19660476419310255, 0.6684951012397338, 0.39445492696463474, 0.08751425469792767, 0.3866239978157002, 0.31903321609249946, 0.03926473336156509], [-0.5828113643907495, -0.5949241707134452, 0.1730211669596532, -0.007088285194634725, -0.49753430619970557, 0.4138883923636833, 0.5822320265874794, 0.08519840533259865, 0.061838854440424695, -0.2422880834008257, -0.22699819339069477, 0.682852426980846, 0.5214013268146627, 0.10277001274215584]], "inverted": true, "swapped": true, "error_lsq": 0.0414200851802571, "error_max": 0.2825182542784921, "target": "712.xyz", "model": "6.xyz", "model_rescale": 3.89814844738969, "target_rescale": 4.047748850805307},
{"mapping": [12, 8, 7, 13, 3, 0, 9, 2, 6, 4, 5, 1, 14], "R": [[-0.284614699863065, -0.948015505383828, 0.14234140006935092], [-0.5675646642920453, 0.04697643091250081, -0.8219875709436131], [0.7725702715409879, -0.31473769474050706, -0.5514302848416255]], "T": [-0.004420722183903748, -0.025812181810783666, 0.10098813458061516], "aligned_model": [[0.08322863604901012, -0.0027574466828836977, 0.3442629124064789, -0.42255159435111916, 0.7210194551403808, -0.3405986752597438, -0.5552574862912758, 0.31446853493220644, -0.4661706757175081, -0.6968156144360867, 0.06698779035697114, 0.18272026594312343, -0.0799043011853309], [-0.2721953985551885, 0.23887883040665486, 0.4720922455213615, -0.7220416386040308, -0.024399922928478132, 0.5374503261472896, -0.0402221417328905, -0.5433647194873934, 0.06496168221743646, 0.45751279875991113, 0.6598351748834547, 0.058382667687541315, 0.07689136115481708], [-0.4847662096953227, -0.7178650737667246, -0.2951627248909562, -0.1834214331395836, 0.02615653010431379, -0.3797266154501555, -0.3408149209861367, 0.19208465687747883, 0.6472271615396539, 0.148634507255066, 0.31167198852292044, 0.622297783683914, 0.05595938078182821]], "inverted": false, "swapped": true, "error_lsq": 0.04803773757580629, "error_max": 0.3490890766082175, "target": "712.xyz", "model": "7.xyz", "model_rescale": 3.7474275329858107, "target_rescale": 4.047748850805307},
{"mapping": [8, 12, 0, 1, 9, 4, 11, 2, 3, 5, 7, 10, 3, 6, 14], "R": [[0.5426773633994435, -0.732207405940897, -0.41155023258301127], [0.3077153808811769, 0.6292213256454586, -0.7137168680381064], [0.7815449594380227, 0.26067765158960987, 0.5667756507991019]], "T": [0.030520776749303098, 0.04517788379152057, -0.11680763016905574], "aligned_model": [[-0.5343588692460565, 0.43426584347123914, 0.08848260986763956, -0.18027821749242934, 0.09666549753660053, -0.5249465135028407, 0.49309498639566235, -0.7340568185563602, -0.41650293318345355, -0.1514071465380384, 0.4049973873432722, 0.7247535523135719, -0.41650293318345355, 0.17983351034964185, -0.00389189069821181], [0.38891573312134076, -0.3339316449279308, -0.209914059642022, -0.6404051836856041, 0.7259079346020233, -0.015535829811570978, 0.28249364130125953, -0.30694388626707003, 0.22124664540358827, 0.6858944141417186, 0.5930814042093917, 0.06921315143531086, 0.22124664540358827, 0.3834446277490863, 0.007709983427434869], [-0.284036791306674, -0.38866881741572823, 0.4879913148728664, 0.10756139992463373, -0.45232501261577673, -0.6645263356064252, -0.4576687270949027, -0.11224083071425503, 0.4154555856621339, 0.14664259755194373, 0.0363153019990993, 0.18770266346629108, 0.4154555856621339, 0.6113540386345729, -0.14817646291165693]], "inverted": true, "swapped": false, "error_lsq": 0.04763431565745648, "error_max": 0.41188646119371036, "target": "712.xyz", "model": "8.xyz", "model_rescale": 4.019505241142653, "target_rescale": 4.047748850805307},
{"mapping": [6, 5, 1, 11, 10, 2, 3, 4, 9, 0, 7, 12, 14], "R": [[-0.36591415377445574, 0.06917925981802914, -0.9280738451645721], [0.6285376081512726, 0.7538036139308387, -0.19162616409114108], [0.6863288622861506, -0.6534480405019494, -0.31930917800332875]], "T": [0.1048169583301559, 0.018589203501307064, -0.03235285614248265], "aligned_model": [[-0.1400066050361196, -0.5998580908845218, -0.06773370348261785, 0.49202556675822395, 0.26961938135101093, 0.6197521184751328, 0.18681329831327487, -0.44048741315537066, 0.15890895354374107, -0.3754795754093451, -0.265301148189466, 0.4743696128568984, 0.007078376600335723], [-0.5850862026859589, 0.12207358579672335, 0.020150250134677833, -0.5052716706686421, -0.7868258072815533, 0.1951882669192398, 0.7132858538089338, -0.5566510658027876, -0.3345718608678068, -0.028513474998606014, 0.5614541410560071, 0.26629672128192133, -0.01815050857808946], [-0.3413308737057644, -0.1433628437666004, -0.565361396982864, -0.48748879708262194, 0.050221740761578634, -0.3178421126487867, -0.23860119834351343, 0.2626482887694226, 0.5768844097998135, 0.6222183907501541, 0.2754374069397618, 0.4297803200062341, 0.05350015954706537]], "inverted": true, "swapped": true, "error_lsq": 0.05090264692853979, "error_max": 0.34031234580297337, "target": "712.xyz", "model": "9.xyz", "model_rescale": 3.877068213659057, "target_rescale": 4.047748850805307},
{"mapping": [0, 6, 13, 3, 11, 12, 10, 5, 1, 8, 9, 14, 4, 2, 15], "R": [[-0.1199813066154512, 0.540385158921339, 0.8328195279173083], [-0.6334529588301493, 0.6042539428779949, -0.4833368612735075], [-0.7644225500416495, -0.5855433822817536, 0.26980940023258265]], "T": [-0.014195050865842267, 0.11092311199638327, 0.04635538080060501], "aligned_model": [[-0.5674099156112568, 0.22404006789038144, 0.5021191370976752, -0.2562266552068982, -0.005789344709524406, -0.2822887074376858, 0.5066522876446597, -0.7391815379928318, -0.8348812005763672, -0.15546515726061674, 0.4155551681511685, 0.7622609592143703, -0.3087386334925021, 0.27490759288208527, -0.07540599571587478], [0.4404694446543093, -0.3496624207420548, -0.3552354302741808, -0.47386133984895573, 0.5520061693034556, -0.09603673611057803, 0.23588678300733443, -0.1454846476212876, 0.3261986819679673, 0.8663048572413193, 0.6036880194492787, 0.1568988121931431, -0.12108943065940628, 0.2872594839589095, 0.1450813299412913], [-0.421745637880421, -0.28742534115335233, 0.3836302964694514, 0.09335740318545387, -0.5452782532368486, -0.6195940379175223, -0.41873913685561426, -0.0938055857116292, 0.22811699074659494, 0.11537792637827393, 0.13659284052451115, 0.11361492317430685, 0.6098311457886108, 0.6170396220851856, -0.010137645488743893]], "inverted": false, "swapped": false, "error_lsq": 0.03847377704107179, "error_max": 0.23172155890353177, "target": "712.xyz", "model": "10.xyz", "model_rescale": 4.260839863003843, "target_rescale": 4.047748850805307},
{"mapping": [3, 2, 11, 1, 6, 5, 7, 12, 13, 10, 9, 14], "R": [[0.601798048118129, 0.06172921965426281, -0.7962591366647458], [0.7373453143263903, -0.4260144733978127, 0.5242457018388433], [-0.30685663871281543, -0.9026079835102616, -0.30189042942997135]], "T": [0.015148883365762917, 0.06459841819384228, -0.12212006057078012], "aligned_model": [[0.329826274102431, 0.2074623498199292, -0.3701282282855792, -0.40837096409041823, -0.6551625065419074, -0.363281071485259, 0.3279595636719239, 0.641195559193762, 0.3431630338522396, -0.3119023335613381, 0.22149740405906082, -0.0033604316407142686], [-0.09802051289728424, -0.5088124306103301, -0.542442730646972, -0.1286326207442166, 0.0410625573946236, 0.5541765393456507, 0.5680864259692545, 0.0697232248468997, -0.310469449003106, -0.04766745121054393, 0.38323493284796817, 0.19284002024099006], [-0.759613933003982, -0.23196127791748913, 0.2163648541802226, -0.43383624040272545, 0.1423769949299265, -0.49185400853606726, -0.5405383961643806, 0.01764598456027794, 0.5794414100457965, 0.6282835763841241, 0.4734551127550684, -0.0835859994352672]], "inverted": true, "swapped": true, "error_lsq": 0.04890306853937879, "error_max": 0.23468000562144886, "target": "712.xyz", "model": "11.xyz", "model_rescale": 3.890672605050136, "target_rescale": 4.047748850805307},
{"mapping": [9, 8, 0, 10, 4, 2, 12, 11, 13, 3, 5, 7, 1, 14], "R": [[-0.21074220226640789, -0.8365250248248365, 0.5057801963558], [0.6713026733769963, 0.25226199213827, 0.6969337185409594], [-0.710591616120541, 0.4864049446338292, 0.5083992377403406]], "T": [0.006778144564555874, -0.005278634385714004, 0.2246994403194714], "aligned_model": [[0.4326446683518039, -0.052082274922123056, 0.42090951373978364, 0.6450703601789612, 0.8178763387508299, -0.44554784197888114, -0.2614594463179577, 0.17351599753287128, 0.10926954572675561, -0.6771415411227092, 0.20830481931099865, -0.21943049606070036, -0.045070809993368335, 0.10301700159742878], [-0.17692019394586814, 0.28959118076451035, 0.44045450152225796, -0.5288490289444286, 0.21822178286830868, -0.39227587058245844, -0.17619522595760773, -0.6281617647765978, -0.7839309305247247, 0.2402884064604807, 0.6526861699946834, 0.6009358663755766, 0.1073492683884239, 0.06895835818520914], [-0.31195278085778144, -0.5816329467182444, -0.3149153486933235, 0.2582975311797159, 0.13837920303614118, 0.37794403241894375, -0.33237449094377447, 0.6891610005419935, -0.1269449814790005, 0.2864724632292619, 0.4393351206696536, -0.10356604556259388, 0.7710518117752562, 0.16553586676061327]], "inverted": true, "swapped": true, "error_lsq": 0.04904229595334014, "error_max": 0.3678170214591345, "target": "712.xyz", "model": "12.xyz", "model_rescale": 4.124412569039231, "target_rescale": 4.047748850805307},
{"mapping": [7, 5, 4, 3, 0, 8, 1, 12, 6, 2, 9, 10, 14], "R": [[-0.0998010085326877, 0.9936838128723919, 0.05130534797897329], [0.7637067866778438, 0.10955111755963709, -0.6362000445014422], [-0.6378022441776612, -0.024311163625374388, -0.7698163837208971]], "T": [-0.0221242159234758, 0.14244852788064516, -0.13243607023600718], "aligned_model": [[-0.14204760350659734, -0.1330114987840125, 0.6150397788885165, -0.6482283484641458, 0.518012737471258, 0.33495327121598567, -0.40456793126434515, 0.12830074950587328, 0.17351311005466707, -0.3808802066113564, 0.66096641157302, 0.5738508471118652, 0.07139699031902887], [-0.3130626104758794, 0.36889000578998593, 0.5164874991631605, -0.22396079334917535, -0.10151257176790049, -0.5753590727000129, 0.5458495167071573, -0.4478642414171486, 0.8362647677539321, 0.044721462025079484, -0.03252533986401773, 0.5871179884162883, 0.1424387662270077], [0.41942675981500027, 0.5428619582663126, 0.27914720465104187, -0.05758262067398158, 0.4244319512361852, 0.180345949678217, -0.0625882415118848, -0.33342964105269934, -0.11920540418050662, -0.6219185762349093, -0.17231172419017143, -0.49265064155250626, -0.03482889328225808]], "inverted": false, "swapped": true, "error_lsq": 0.03635322188948114, "error_max": 0.19392749338616597, "target": "712.xyz", "model": "13.xyz", "model_rescale": 3.9028299243045295, "target_rescale": 4.047748850805307},
{"mapping": [11, 3, 4, 7, 1, 6, 2, 9, 14, 12, 8, 0, 10, 5, 15], "R": [[0.21468967559235003, -0.7596455061588325, -0.6138786917353809], [0.7505418071366625, 0.5305163926507406, -0.3940042548867695], [0.6249762706968038, -0.37615297699411676, 0.6840421032103061]], "T": [0.015247388717155697, 0.18592422884784376, 0.004208393789534433], "aligned_model": [[-0.5922313955258698, 0.3171286866045899, 0.3075983439457586, -0.37842024627176335, -0.17800431413757983, -0.154955255466252, 0.5095838432014461, -0.6511704813878453, -0.8031093716321122, -0.11380601740355337, 0.5946837587687129, 0.8178705657034934, -0.3313075414410872, 0.1859643148243913, -0.06967682490554625], [0.5272975752814575, -0.30880785814178435, -0.25910306388870835, -0.6241798283519837, 0.43472655633013924, -0.12461168422418367, 0.42983033689680056, -0.15105579503400002, 0.3168001837907278, 0.8625272416666205, 0.667897095857603, -0.015713790018877405, -0.15205174338133887, 0.3565111507245361, 0.11235719895353635], [-0.24133275017061293, -0.22556821365090193, 0.4235470416377946, 0.1010854576786729, -0.5640784500894557, -0.560598448285467, -0.48394224871756714, -0.20358270893858635, 0.3143927744269092, 0.1031723790270119, 0.17291763504647142, 0.052732144227755594, 0.5707986554669908, 0.4557143925096894, -0.014422150060448644]], "inverted": false, "swapped": false, "error_lsq": 0.042082179535917225, "error_max": 0.2707411482245512, "target": "712.xyz", "model": "14.xyz", "model_rescale": 3.942246331269136, "target_rescale": 4.047748850805307},
{"mapping": [3, 8, 6, 11, 1, 12, 0, 13, 4, 5, 2, 7, 10, 9, 14], "R": [[0.579807338630131, -0.696411318148768, 0.42288855035924156], [-0.2722651414499173, 0.32358982367890854, 0.9061795179558573], [-0.7679161040256298, -0.6405473456082299, -0.0019887715680363995]], "T": [-0.09684577982242887, 0.12321483705002675, 0.04178666399780917], "aligned_model": [[-0.5994761109878901, 0.3569373794548096, 0.21603001739976163, -0.25321916373590103, -0.15892826385176206, -0.40909289687791034, 0.47889235008387837, -0.616634009501783, -0.6588554199260535, -0.014356020202749675, 0.4981840046454649, 0.7422233379138985, -0.3750215041081973, 0.29814355317679914, -0.04467918860558262], [0.586505329552237, -0.4482878975005501, -0.22201549073813767, -0.5510663042661482, 0.6683551556308039, 0.12423195721134468, 0.20937261517293282, -0.3618693700018305, 0.05480257964334048, 0.7524616139824425, 0.5930030520420886, 0.06305041807523107, 0.08756147900538444, 0.35945174911167066, 0.1568666895397357], [-0.18018765940515807, -0.21571361764353741, 0.35116369227605165, 0.22887843806967081, -0.5545431390600418, -0.7135787849868971, -0.4074570626241328, -0.3524763888755108, 0.19386856426776422, 0.03693986431467602, -0.047019345315473346, 0.19450459509840345, 0.6977955210427358, 0.7023454080386144, -0.03368457508890815]], "inverted": true, "swapped": false, "error_lsq": 0.04451874503947915, "error_max": 0.28617879799324597, "target": "712.xyz", "model": "15.xyz", "model_rescale": 4.355366556412066, "target_rescale": 4.047748850805307},
{"mapping": [4, 9, 8, 1, 5, 6, 3, 11, 12, 10, 2, 14], "R": [[-0.1565131305655083, 0.35634684813729955, 0.9211517593660647], [0.5764957000051041, -0.7243268437126928, 0.3781578127618591], [0.8019702911181992, 0.5902266914498366, -0.09206576379941778]], "T": [-0.037110641541255276, 0.0703119536488254, -0.14303024880373783], "aligned_model": [[-0.2750766537153968, 0.38898847365458883, 0.39693590937140383, -0.5086218674855186, -0.6515825634757686, -0.4261589548219382, -0.1002150443851665, -0.029836646654552088, 0.5432787063600134, 0.13760878164296958, 0.18091341422444085, -0.05842500008329525], [-0.6314781429784676, -0.4428804780965197, -0.48724559911099924, 0.3639192464981237, -0.2513949484667081, -0.0029490452176457876, 0.4527382150791683, 0.5136649164490852, 0.014145233370680979, -0.09689061419093097, 0.6443002516288706, -0.06315260722367659], [0.2645807640693175, 0.08911582498165638, -0.6342713731572631, -0.06991257815119051, -0.33931597422056686, 0.4595510523752808, -0.7607949315835661, 0.5164352059677683, -0.41040406148185427, 0.6470255509672221, -0.17222800254599463, -0.14052301601138822]], "inverted": false, "swapped": true, "error_lsq": 0.048333883509008496, "error_max": 0.27238598627411187, "target": "712.xyz", "model": "16.xyz", "model_rescale": 3.795458400668931, "target_rescale": 4.047748850805307},
{"mapping": [12, 8, 7, 13, 3, 0, 9, 2, 6, 4, 5, 1, 14], "R": [[-0.284614699863065, -0.948015505383828, 0.14234140006935092], [-0.5675646642920453, 0.04697643091250081, -0.8219875709436131], [0.7725702715409879, -0.31473769474050706, -0.5514302848416255]], "T": [-0.004420722183903748, -0.025812181810783666, 0.10098813458061516], "aligned_model": [[0.08322863604901012, -0.0027574466828836977, 0.3442629124064789, -0.42255159435111916, 0.7210194551403808, -0.3405986752597438, -0.5552574862912758, 0.31446853493220644, -0.4661706757175081, -0.6968156144360867, 0.06698779035697114, 0.18272026594312343, -0.0799043011853309], [-0.2721953985551885, 0.23887883040665486, 0.4720922455213615, -0.7220416386040308, -0.024399922928478132, 0.5374503261472896, -0.0402221417328905, -0.5433647194873934, 0.06496168221743646, 0.45751279875991113, 0.6598351748834547, 0.058382667687541315, 0.07689136115481708], [-0.4847662096953227, -0.7178650737667246, -0.2951627248909562, -0.1834214331395836, 0.02615653010431379, -0.3797266154501555, -0.3408149209861367, 0.19208465687747883, 0.6472271615396539, 0.148634507255066, 0.31167198852292044, 0.622297783683914, 0.05595938078182821]], "inverted": false, "swapped": true, "error_lsq": 0.04803773757580629, "error_max": 0.3490890766082175, "target": "712.xyz", "model": "17.xyz", "model_rescale": 3.7474275329858107, "target_rescale": 4.047748850805307},
{"mapping": [5, 4, 0, 6, 3, 2, 7, 9, 1, 12, 11, 10, 13, 14], "R": [[0.9824394583972155, -0.0074393618833467935, 0.1864332762115027], [0.044676955314599906, -0.9607569940708314, -0.27376991801108747], [0.18115374754059907, 0.2772916411267186, -0.943553212867853]], "T": [0.04131957172656333, -0.16217869602963458, 0.08454588422383755], "aligned_model": [[0.40777199907272715, 0.18333220969669686, 0.6757691303025517, -0.36744583915125706, 0.2700813698927371, -0.30829565733168063, 0.7420925787512134, 0.18649562966530336, -0.1960631652058709, 0.2734002690769722, -0.748910174529536, -0.4594141122091132, -0.36941047108198777, 0.12544388093412012], [-0.4322772618403314, 0.33473634622679316, 0.2741166590371016, -0.04599736196890421, -0.7491350224972393, -0.40060302575125306, -0.3454223005429191, 0.528828969721939, -0.590298757548827, 0.08636723436360033, -0.09814353632373549, 0.44606667522358917, 0.4434025618253476, -0.09123293841392792], [-0.47434457280346565, -0.584925363796317, -0.1771544418603124, -0.4978995853592061, 0.45199047174605267, 0.5303850867862575, 0.126540803902106, 0.10039030340803717, -0.1879186483279788, 0.6284748517668477, 0.030269801868619106, -0.16440207901949128, 0.5373481115217932, 0.006039978828713072]], "inverted": true, "swapped": true, "error_lsq": 0.03344624419410032, "error_max": 0.2145469981910974, "target": "712.xyz", "model": "18.xyz", "model_rescale": 3.922800546911778, "target_rescale": 4.047748850805307},
{"mapping": [1, 13, 7, 12, 6, 8, 4, 5, 0, 2, 10, 11, 3, 9, 14], "R": [[0.7616449442882622, -0.3653588133663405, 0.5351727911017801], [0.4206557308902083, -0.34943501467382426, -0.8372239405255496], [0.49289525754398844, 0.8627908831318537, -0.11245513360981577]], "T": [-0.07211870481538807, 0.1209409986232059, -0.08433331230753859], "aligned_model": [[-0.5541912906094508, 0.3714231465160181, 0.2748765658701566, -0.26528345229384326, 0.012727695333487887, -0.19875659082530067, 0.5074606262852265, -0.764888256653782, -0.7714979266706065, -0.11894313319330094, 0.45377411537109713, 0.6202231569766099, -0.3064157404265467, 0.23316853569931711, -0.03352938650229975], [0.6400285337239988, -0.3686630396657525, -0.3075826768809639, -0.6196125150498246, 0.557519052550346, -0.08483214604586281, 0.2579486924179117, -0.1855661709950559, 0.233966050751734, 0.6958153063382084, 0.7310072508658341, 0.0734469357127574, -0.06562660462610112, 0.4328060635261272, 0.08176884383718885], [-0.2991289753565276, -0.2724084532189261, 0.493743465216795, 0.09700040845235293, -0.6115604579706576, -0.6464817916095481, -0.4956529324257447, -0.17737858732969047, 0.35899126100800727, 0.340467777644058, -0.04124553197198252, 0.07582496305609397, 0.48086282365478195, 0.6028952289994978, -0.0050936880402529805]], "inverted": false, "swapped": false, "error_lsq": 0.030900250901719876, "error_max": 0.1767514872890942, "target": "712.xyz", "model": "19.xyz", "model_rescale": 3.9282355846067225, "target_rescale": 4.047748850805307},
{"mapping": [2, 11, 6, 13, 12, 10, 9, 4, 8, 7, 1, 3, 5, 14], "R": [[-0.09807242766326121, -0.40415170140650897, 0.9094191559355116], [0.9033814762661548, -0.4194993271549078, -0.08900686971106544], [0.41747300184732583, 0.8128232998424711, 0.4062444780692767]], "T": [-0.06975212715977973, -0.15007908986803864, 0.12685036389130153], "aligned_model": [[-0.5690194583581271, -0.06770833265877389, 0.49018549295054903, -0.46666670747536926, -0.5558866360498862, 0.2201069473716879, 0.018901088115861178, 0.6695061541425466, -0.2510170622441149, -0.0825657360094834, 0.12356191635339277, -0.49452852195043395, 0.4738645112140033, 0.023789163682824424], [-0.5086417105724812, -0.817948719567184, -0.5294936730609913, -0.16634848895391036, 0.24045409751860058, -0.3359163231267487, 0.3021207452447746, 0.11857730625209284, 0.6910771006458128, 0.38222722643977525, -0.5935989315453101, -0.17643935302312022, -0.029513801861212552, -0.053673386965262054], [0.13066388795543324, -0.3037949975047478, -0.12283829063219895, -0.6364659581947719, -0.02365651351269943, -0.6242275161772548, -0.40838289749161283, -0.1839628192899793, 0.14041361290889007, 0.6197097721359122, 0.4093288639343411, 0.719079513237217, 0.584610258954311, 0.1117062409208428]], "inverted": true, "swapped": true, "error_lsq": 0.036326161514524904, "error_max": 0.19622231101451146, "target": "712.xyz", "model": "20.xyz", "model_rescale": 4.067790424073018, "target_rescale": 4.047748850805307},
{"mapping": [8, 12, 11, 3, 7, 0, 9, 2, 4, 5, 1, 10, 6, 13, 14], "R": [[0.6663347803203851, 0.3534330252803777, 0.6565691564310224], [-0.42631447727897376, 0.9029956957100477, -0.05342976690462632], [-0.6117629663503176, -0.24430282472842457, 0.7523710539567382]], "T": [-0.0864346979956608, 0.1339414865711345, 0.025126341777703648], "aligned_model": [[-0.3283349150640054, 0.395928412053182, 0.2511286438429173, -0.23239722259839996, 0.02631530280486198, -0.38887450583919053, 0.5650615208641036, -0.7453513803940651, -0.8101723359923235, -0.20495905929180347, 0.36035180895241475, 0.7170561497976023, -0.471205483976683, 0.33420263594934624, -0.00860150623117438], [0.5903319547006328, -0.38578309647992015, -0.302665730653768, -0.7037753759027544, 0.4775749822438615, -0.05527235621797186, 0.2274655910741864, -0.19769633077549517, 0.42222940297182976, 0.6382338027793203, 0.7997506762379109, 0.21364118674881344, -0.13733637568164755, 0.35669419802745916, 0.12903104738808763], [-0.2164516421278638, -0.26509091259236783, 0.36196069586446555, -0.0007660584454948771, -0.6274588367086072, -0.5890286173730851, -0.3882207498501711, -0.07268518771435659, 0.21371691243444704, 0.30815877181110185, -0.14918671408222564, 0.16418473547517118, 0.5960174578431744, 0.5385160260407299, 0.027169629533338964]], "inverted": false, "swapped": false, "error_lsq": 0.04639186011062973, "error_max": 0.2845890312852009, "target": "712.xyz", "model": "21.xyz", "model_rescale": 4.186013935880536, "target_rescale": 4.047748850805307},
{"mapping": [1, 3, 11, 4, 0, 6, 5, 7, 13, 12, 8, 9, 14], "R": [[-0.796538369317238, -0.5851588262242996, 0.15203872630759566], [-0.1311727526848536, -0.07821980723792671, -0.9882688757158855], [0.5901866951723957, -0.8071374169541776, -0.014451816288072461]], "T": [-0.000830508276140971, 0.007058582127268093, -0.1619409379360835], "aligned_model": [[0.09215211332537239, -0.6223875971571946, 0.6472061775489906, 0.4349474819464972, -0.14720906207922493, 0.624136985553393, -0.1551019603669345, -0.6340754623993158, 0.39708765694316234, -0.29909042896788574, -0.5032237476208218, 0.21830696997716006, 0.005824908720027809], [-0.3059319332250172, 0.0620219928514473, 0.22764951825801252, -0.4622920084533716, -0.2750906592465786, -0.34235234061260844, -0.6950163955947344, -0.2369806698760908, 0.7428812936448566, 0.5014759109231693, 0.15677316898132285, 0.21057835089719928, -0.06475956900151389], [-0.6172050829629359, -0.5394472599006471, -0.5655466110678071, 0.39040991690957566, 0.5866123764519482, -0.24654369958460434, -0.10818031625509028, 0.09471110434559221, 0.03976120875584818, 0.11750096304760177, 0.520533421141746, 0.47788497345698727, -0.04761143300286859]], "inverted": true, "swapped": true, "error_lsq": 0.04177613900525624, "error_max": 0.233283735125967, "target": "712.xyz", "model": "22.xyz", "model_rescale": 4.166573947596378, "target_rescale": 4.047748850805307},
{"mapping": [3, 7, 13, 14, 4, 8, 0, 9, 11, 2, 1, 5, 12, 6, 15], "R": [[0.7667354514775353, -0.5993690845932218, 0.22994227075817092], [-0.12309362048617728, 0.21427626954488155, 0.9689858827173566], [-0.6300513534967968, -0.7712602548710864, 0.09051470164035125]], "T": [-0.12180207607214832, 0.09561175885875886, -0.008369369234921521], "aligned_model": [[-0.5446273958009531, 0.4204772334319087, 0.37158898446655964, -0.2806917462962497, -0.05475554550376589, -0.2276333589645726, 0.488858646193864, -0.6229570609899124, -0.82359426734781, -0.13238939491669155, 0.41314854303686344, 0.6799707525797052, -0.3564991380740212, 0.18976096945035836, -0.06050915638849973], [0.4593158633999739, -0.24553406155402088, -0.5233240317277441, -0.568260422124859, 0.5990390147968923, 0.01053701060391482, 0.3193573615489922, -0.18497829100892496, 0.2939954496744064, 0.7539882284739744, 0.5649419926110002, -0.03560241537797834, 0.040863410619545015, 0.46241294515766374, 0.1256715213677098], [-0.2327902358052371, -0.3260835920026638, 0.29212503571680837, 0.39163758474510235, -0.5393300778395583, -0.8056404442099921, -0.5021174329236322, -0.18318948046192118, 0.29200532828347914, 0.1303302058393409, 0.03232495061555856, 0.16771343207265255, 0.6009755763271007, 0.5811159913647466, 0.0017586683864716929]], "inverted": true, "swapped": false, "error_lsq": 0.036068895806095215, "error_max": 0.2665906813859853, "target": "712.xyz", "model": "23.xyz", "model_rescale": 4.274766983524099, "target_rescale": 4.047748850805307},
{"mapping": [4, 7, 8, 9, 12, 13, 10, 2, 1, 3, 14], "R": [[-0.2387222222244996, 0.4992762007209905, 0.8329075434943606], [0.7773761643411166, 0.6122805763456121, -0.14421787317866896], [-0.5819776625700425, 0.6130544602427248, -0.5342903976734108]], "T": [0.1122747072331286, 0.07318533935490242, 0.10545379551317796], "aligned_model": [[0.20592137963668816, 0.15676841432234928, -0.40388919720479555, -0.4071147296999188, -0.46121603205315675, -0.6014308191097725, -0.11118382656328638, 0.004619499494374235, 0.6277080608554916, 0.26115851262689155, 0.10855344165321013], [-0.37729603307786835, 0.6993023572009563, 0.551452281324939, -0.16863253422363772, 0.3583350115108432, -0.33661934378944053, -0.7173562115058588, 0.1388759745689171, -0.002280412614585517, 0.7065534073004536, 0.06325203454876552], [-0.6041804302175395, -0.2584450767593236, -0.3899452670907428, -0.3075564420907838, 0.14141610567708934, 0.3567349693350413, 0.01723768407095498, 0.7070721634392669, 0.3116276314397912, 0.43491353110818126, -0.02930843489035742]], "inverted": true, "swapped": true, "error_lsq": 0.045352517559022344, "error_max": 0.24344534428520592, "target": "712.xyz", "model": "24.xyz", "model_rescale": 3.7841303162186577, "target_rescale": 4.047748850805307},
{"mapping": [8, 3, 11, 6, 2, 4, 12, 1, 0, 9, 14, 13, 7, 10, 15], "R": [[0.036513990441973176, -0.4366332658956048, -0.8988982810170135], [0.8718690962285686, -0.42566737264883386, 0.24218085577480722], [-0.48837588755341177, -0.7925646213247076, 0.3651442365433699]], "T": [-0.07497180592535241, 0.170817974280279, 0.01575499332493967], "aligned_model": [[-0.5449523415331081, 0.32762195002019623, 0.31781098964774923, -0.16908637318293762, -0.1620302893542438, -0.30667805814856663, 0.5156365012163084, -0.7828251991292323, -0.7249171472677498, 0.10354764444998824, 0.5371826853048025, 0.6869297896999775, -0.2913452700506076, 0.02446223811262105, -0.07120905490841521], [0.47338517894043164, -0.41950405340296015, -0.3109212994428868, -0.5446436383628606, 0.5213066759666226, -0.20996170948966253, 0.4066357423445246, 0.07104154006198063, 0.17890148464614392, 0.7198271785835313, 0.646483905542921, -0.0020711177664811398, -0.08505791828237946, 0.5248297341546984, 0.10217187296692155], [-0.17667464694092835, -0.3563203470817531, 0.46639511228589264, -0.02007210964229029, -0.646341312646106, -0.5825955627599451, -0.39745647097463055, -0.18924410596000546, 0.3604804775570641, -0.078374746683836, 0.18400410331769823, 0.055946008562969315, 0.5729942702320499, 0.7013522876851711, 0.006742553156906269]], "inverted": true, "swapped": false, "error_lsq": 0.050750137344399884, "error_max": 0.3835513644998201, "target": "712.xyz", "model": "25.xyz", "model_rescale": 4.19342608120988, "target_rescale": 4.047748850805307},
{"mapping": [4, 9, 8, 1, 5, 6, 3, 11, 12, 10, 2, 14], "R": [[-0.1565131305655083, 0.35634684813729955, 0.9211517593660647], [0.5764957000051041, -0.7243268437126928, 0.3781578127618591], [0.8019702911181992, 0.5902266914498366, -0.09206576379941778]], "T": [-0.037110641541255276, 0.0703119536488254, -0.14303024880373783], "aligned_model": [[-0.2750766537153968, 0.38898847365458883, 0.39693590937140383, -0.5086218674855186, -0.6515825634757686, -0.4261589548219382, -0.1002150443851665, -0.029836646654552088, 0.5432787063600134, 0.13760878164296958, 0.18091341422444085, -0.05842500008329525], [-0.6314781429784676, -0.4428804780965197, -0.48724559911099924, 0.3639192464981237, -0.2513949484667081, -0.0029490452176457876, 0.4527382150791683, 0.5136649164490852, 0.014145233370680979, -0.09689061419093097, 0.6443002516288706, -0.06315260722367659], [0.2645807640693175, 0.08911582498165638, -0.6342713731572631, -0.06991257815119051, -0.33931597422056686, 0.4595510523752808, -0.7607949315835661, 0.5164352059677683, -0.41040406148185427, 0.6470255509672221, -0.17222800254599463, -0.14052301601138822]], "inverted": false, "swapped": true, "error_lsq": 0.048333883509008496, "error_max": 0.27238598627411187, "target": "712.xyz", "model": "26.xyz", "model_rescale": 3.795458400668931, "target_rescale": 4.047748850805307},
{"mapping": [0, 9, 8, 7, 3, 6, 4, 5, 10, 12, 1, 2, 14], "R": [[-0.42539448229373894, 0.38613313098548696, 0.8184990773295877], [0.38901659749633555, -0.7385758338163639, 0.5506104108848986], [0.8171325604248161, 0.5526363568005705, 0.16397388766439763]], "T": [-0.1433945003695702, 0.10621005710064121, -0.00747230448172858], "aligned_model": [[0.10042292478554277, 0.3316272640888697, 0.48523167077055557, -0.036797495262123364, -0.16972048231885833, -0.6140251195851425, -0.2971082479398722, -0.6258272780682075, -0.08898030284085273, 0.47522525785234454, -0.6722018924130007, -0.05262907308696102, -0.13554084316103762], [-0.6274030769118841, -0.3527946931247776, -0.26792839936378143, -0.10435180707455441, 0.5725205879742229, -0.14114395417766554, -0.6875013328970075, -0.28326970784715955, -0.161531279638745, 0.2048465393668513, 0.2911491372753777, 0.70654125535524, -0.027251765679202233], [-0.25992382992310487, 0.24250307451917807, -0.4607208319001202, -0.6935665976407408, -0.5675853697201155, 0.47951106475520416, 0.24087868441402877, -0.375117904775356, 0.7722875393099866, -0.14558707716627206, -0.0015942851079898748, 0.08851547362855436, -0.02746327829382644]], "inverted": false, "swapped": true, "error_lsq": 0.04482025719240047, "error_max": 0.2668224104366058, "target": "712.xyz", "model": "27.xyz", "model_rescale": 3.6321398670334006, "target_rescale": 4.047748850805307},
