[{"mapping": [3, 0, 4, 2, 6, 5, 1, 11, 9, 10, 7, 13], "R": [[-0.09604622274510499, -0.9908132175572786, 0.09520657020495604], [0.9861064887827378, -0.08169169798761333, 0.1446390654715421], [-0.13553271146471668, 0.10777585255377997, 0.9848935220262787]], "T": [-0.04496342356966067, 0.02313519182397599, -0.09020067452786981], "aligned_model": [[0.242093813310503, 0.6600374289270933, -0.19612271600653008, 0.4824941639703585, -0.17642919112822192, -0.41353843514987954, 0.2781102975913676, -0.7202570094596004, 0.06381761898774622, -0.6187042265471983, -0.39953264614232253, -0.1482148561277674], [-0.37866306244356984, 0.27185486577004303, -0.6215205730897736, -0.3878601339571021, -0.730033256482824, -0.17567064381381342, 0.27215599963986215, 0.1947872827796639, 0.37643007945161094, 0.7597794351832808, -0.015745538220831752, 0.04222251783778341], [-0.26153838613862573, 0.10091383656859085, 0.5989829292269888, 0.2894433441821217, -0.08963091754560207, -0.7203038097340037, -0.4984360495174235, -0.1298992056055797, 0.5423280433344315, 0.28875271886756204, 0.576255203764812, 0.03435725543140895]], "inverted": false, "swapped": false, "error_lsq": 0.04144412503272957, "error_max": 0.26315468471760406, "target": "713.xyz", "model": "0.xyz", "model_rescale": 3.8414455957264533, "target_rescale": 3.9875524608686144},
{"mapping": [6, 8, 7, 9, 2, 5, 10, 3, 13, 11, 0, 14], "R": [[0.8294030595069803, 0.35671082117895414, 0.4299394782225712], [-0.05539469970460065, 0.8183239329714702, -0.5720816095372602], [-0.5558974654782101, 0.4506698689505892, 0.698480262494912]], "T": [-0.12815737729878926, -0.02166381695463828, 0.07729814381660137], "aligned_model": [[0.3252922700605516, 0.5887184994715894, -0.17278155784630617, 0.36835097898409563, -0.18887768331000818, -0.2454030708703378, 0.026657112309646097, -0.7824462047716282, 0.19390955609112434, -0.31509450767520214, -0.5626979164596574, -0.18187323375831915], [-0.3923361631550172, 0.30997741076513696, -0.4718313289552441, -0.34244106670794366, -0.7134878265445314, -0.20295328382620748, 0.29708869135956045, 0.025795139971728533, 0.29959855636484234, 0.760964456425237, -0.001930669128885322, 0.03929305608565341], [-0.43943447839302685, 0.05716183626550626, 0.5337112196424028, 0.4180195669402652, -0.17229615061197356, -0.5453657795986245, -0.5082021658853461, -0.3505226828056365, 0.6838543065462215, 0.35803449187833875, 0.6572140792846966, 0.03905071957185774]], "inverted": false, "swapped": false, "error_lsq": 0.04205289663480968, "error_max": 0.27813460946675894, "target": "713.xyz", "model": "1.xyz", "model_rescale": 4.316132596720782, "target_rescale": 3.9875524608686144},
{"mapping": [5, 4, 1, 0, 9, 7, 3, 10, 2, 6, 8, 11], "R": [[-0.7478833109807975, -0.6626352921530159, 0.03981234418729063], [-0.3584379365840633, 0.3526163512125692, -0.8643980301197436], [0.5587421576843463, -0.6607391152722999, -0.5012295110779289]], "T": [-0.10138713366293357, -0.08474906480853876, 0.057361687680459475], "aligned_model": [[0.3532831570894157, 0.46931737356028574, -0.23455204874915414, 0.5031231218119919, -0.22246767006064355, -0.367169303699172, 0.013012922421675621, -0.7185366380056994, 0.14488229387152635, -0.2657510730339589, -0.5622304463068472, -0.059157446673871704], [-0.322384421409563, 0.4283946029288181, -0.42613955509531093, -0.3540714281439748, -0.7905201986219017, -0.2631803792383299, 0.2640797700232138, 0.03066826070994512, 0.12481988012154334, 0.7209034764492512, 0.16060706681389564, 0.034559898116742954], [-0.33323304592110425, 0.13022918957875879, 0.45775761914910507, 0.31416292252854316, -0.13545458656384635, -0.7780922152378534, -0.4869250749703251, 0.0022152567086540648, 0.8294741329419921, 0.05525427248337157, 0.6181289528444938, 0.05770753929289165]], "inverted": false, "swapped": false, "error_lsq": 0.05422508751390446, "error_max": 0.3262790591703359, "target": "713.xyz", "model": "2.xyz", "model_rescale": 3.795458400668931, "target_rescale": 3.9875524608686144},
{"mapping": [7, 0, 5, 4, 9, 8, 1, 6, 10, 2, 5, 11], "R": [[0.2367007622116533, 0.04003065783183987, -0.9707575884853914], [-0.9160944057416259, -0.32362919094650633, -0.2367175247762766], [-0.32364145120382803, 0.9453368146860991, -0.039931414473073024]], "T": [-0.06783576776659841, 0.028005029911065314, 0.025923123342468594], "aligned_model": [[0.39030949469661924, 0.6498466909198344, -0.3700798354765503, 0.36125451688565424, -0.25393442564956537, -0.48470525511119134, 0.004413497159476101, -0.6078439215046173, -0.006307781446706684, -0.32682490844421064, -0.3700798354765503, 0.0677060056733566], [-0.42050912439580895, 0.3379143511716482, -0.3552575368236701, -0.19495401624624287, -0.8166236557798497, -0.19459312607532395, 0.4073120355633591, 0.17290103364340187, 0.2801567355587333, 0.7347143426948788, -0.3552575368236701, 0.01193347016687402], [-0.38909527201473815, -0.007183451009801757, 0.5314752413513526, 0.4467859569085469, -0.054850112630030055, -0.5963572222445109, -0.47124393222375055, -0.1603364767316178, 0.7126869543925276, 0.17156612403484783, 0.5314752413513526, 0.01630191165050287]], "inverted": false, "swapped": false, "error_lsq": 0.05103446087349003, "error_max": 0.33832060505239664, "target": "713.xyz", "model": "3.xyz", "model_rescale": 3.7530521520055578, "target_rescale": 3.9875524608686144},
{"mapping": [10, 3, 8, 1, 9, 0, 7, 4, 5, 6, 11], "R": [[0.42657852535621804, 0.9021608110057102, -0.06431666028669536], [0.6814560458648002, -0.3673471313868304, -0.6329879482392842], [-0.5946834613970917, 0.22619008852597083, -0.7714853366029635]], "T": [-0.046768295853983566, 0.012302211589758, -0.01857286596670476], "aligned_model": [[-0.35468300357047966, -0.22883729114394458, 0.32033104603658447, 0.4698822148001459, 0.41470074053095135, -0.1825260657214684, -0.16288733521744103, -0.7333687308468549, -0.48791561117032783, 0.3547261331085962, -0.07122249436055642], [-0.6964993394337871, 0.1978258856472902, -0.5069903251420651, 0.32646697601897645, -0.6446201193788295, 0.5529121829202721, -0.35583323753524543, 0.24883625654606922, 0.2513645273524939, 0.2076136630691049, -0.11387311174993386], [-0.1901936455989814, -0.6558174741732646, -0.5073732050855858, -0.3677150508853544, 0.17807953223841275, 0.002321932113785015, 0.5560329205149216, -2.4436704261478204e-05, 0.7063238217355928, 0.37252491493314693, -0.001328531843094824]], "inverted": false, "swapped": true, "error_lsq": 0.041832809750702096, "error_max": 0.22220984472263508, "target": "713.xyz", "model": "4.xyz", "model_rescale": 3.7855080009869324, "target_rescale": 3.9875524608686144},
{"mapping": [8, 7, 9, 10, 15, 13, 6, 12, 0, 1, 2, 16], "R": [[0.35103574716031377, -0.872091179593917, 0.3409265004221458], [0.9319464293584738, 0.36071707479398357, -0.036865224237258465], [-0.09082817306096122, 0.3306662462764574, 0.9393668487613591]], "T": [-0.08099948657520967, 0.013062543211036594, 0.07905801800674726], "aligned_model": [[0.2549093471591, 0.6421549077831765, -0.184470071682373, 0.45168172164509773, -0.10831872196530758, -0.31624053488701337, 0.17067392922693958, -0.710271050202258, -0.045293777263032825, -0.43329415236154856, -0.5490995320021181, -0.11867782322511392], [-0.3862991337473287, 0.1912267866578318, -0.5282767289841628, -0.44942626304250183, -0.7825468119582287, -0.13520954961131393, 0.3500750803642021, 0.15360547503095712, 0.5581608944674351, 0.6651814349755854, -0.00937575863409578, -0.01937845286404983], [-0.3931552604595392, -0.0026407956510758474, 0.5297903661312144, 0.26159324357544517, -0.13443090449440354, -0.5899297805027941, -0.4201013850370374, -0.13849713944989372, 0.6358944150755668, 0.2331143663070973, 0.6501662018566416, 0.09942163548345972]], "inverted": true, "swapped": false, "error_lsq": 0.03667184193578951, "error_max": 0.25095248488846555, "target": "713.xyz", "model": "5.xyz", "model_rescale": 4.2253639853439635, "target_rescale": 3.9875524608686144},
{"mapping": [1, 9, 3, 0, 4, 10, 8, 5, 12, 11, 6, 13], "R": [[0.5981908629887113, 0.41995203912872114, -0.6825012646643596], [0.12207065073410914, 0.793992776495445, 0.595545319100407], [0.7920015452422882, -0.43956314188599066, 0.423695405485054]], "T": [-0.09201331225340298, -0.05724625339631212, 0.05526951330344969], "aligned_model": [[0.336409601029858, 0.4623268571714702, -0.30081185326978765, 0.5510562998226709, -0.09980859996826352, -0.39403945201311624, 0.046064658871009356, -0.6236060678654642, 0.12149498288350541, -0.3808935490313302, -0.5499708931306131, -0.11446774227439047], [-0.3933445895539268, 0.18722163096420286, -0.53385914091108, -0.36883932736398656, -0.7522514464256254, -0.18591158066912378, 0.4216178519323024, 0.18818406281844102, 0.5146676807342672, 0.6298830693552291, -0.00044602200341437026, -0.0991852162229562], [-0.43686613645607847, -0.019153988117001836, 0.5371956460485068, 0.41918417308827177, -0.07821579434595201, -0.6523588629285705, -0.49015556690159784, -0.18538452990834975, 0.7614369327756636, 0.2787763172878598, 0.5033393247769699, 0.09342744751495954]], "inverted": false, "swapped": false, "error_lsq": 0.03424190325855248, "error_max": 0.2065083986957731, "target": "713.xyz", "model": "6.xyz", "model_rescale": 3.89814844738969, "target_rescale": 3.9875524608686144},
{"mapping": [8, 3, 4, 7, 11, 9, 6, 5, 0, 1, 2, 12], "R": [[-0.17268966249531575, -0.9690272377669765, 0.17653467912270776], [-0.3876804231496823, -0.09789194674849705, -0.916581178220605], [0.9054734507282569, -0.2267231334193598, -0.3587679623360619]], "T": [-0.06442411597822208, -0.10426841824360403, 0.12611185122438823], "aligned_model": [[0.2992345527154862, 0.6533514915280303, -0.21957684929352372, 0.47697599123783985, -0.013579107501827295, -0.4872856286535946, 0.08144130613223725, -0.5899515841745396, 0.11809032345700905, -0.4355969733554967, -0.6179510487480541, -0.21139823111801803], [-0.2983535850123407, 0.2462764866164234, -0.4942303136017291, -0.3171572994410289, -0.8682718346426961, -0.19680597477423653, 0.3774378710766606, 0.3305687773920588, 0.3626664768250637, 0.6383657681646919, 0.0023733528347153754, -0.17513275278325272], [-0.41033021744566406, 0.006536002427000254, 0.6153491534589617, 0.4308066620021586, -0.13666930119442722, -0.655278461464379, -0.3256161426940951, -0.24444731744872472, 0.44181847236680954, 0.2858672491235456, 0.5548114102172421, 0.16837745348625371]], "inverted": false, "swapped": false, "error_lsq": 0.04492806321701793, "error_max": 0.24971202791572658, "target": "713.xyz", "model": "7.xyz", "model_rescale": 3.7474275329858107, "target_rescale": 3.9875524608686144},
{"mapping": [12, 0, 9, 7, 11, 13, 1, 4, 3, 2, 8, 14], "R": [[-0.8940116449837671, 0.3603686569584812, -0.2662284915544534], [0.15380210630752156, -0.3112575574042823, -0.9377972302444116], [-0.42081835835522785, -0.8793481472321759, 0.22284242242120456]], "T": [0.046164759173493386, -0.06978113414699111, 0.07542007702779796], "aligned_model": [[0.15261313804231322, 0.5763894475061675, -0.26150999076449954, 0.32371878708069174, 0.050767086110847126, -0.515748342774699, 0.17803606032603042, -0.7143226959176101, 0.1375806540489075, -0.38941723689151453, -0.49011551637105355, 0.00576285182996758], [-0.28776049577558216, 0.3204889551846413, -0.6356561028941321, -0.5408528753051609, -0.6837963660655966, -0.27128893533948173, 0.5447561061714221, 0.07945038041120478, 0.4123571152639125, 0.6490082726671216, 0.06274988652390942, -0.041718968187928855], [-0.4918508982032178, 0.10306559895377627, 0.4821905382026654, 0.48153928144777813, -0.021760523652430058, -0.5967109374404355, -0.336594194865808, -0.03235112300843429, 0.5982205930984392, 0.0285200854959676, 0.4754817103773591, 0.04147483242902097]], "inverted": false, "swapped": false, "error_lsq": 0.050229089397776185, "error_max": 0.22785471022364867, "target": "713.xyz", "model": "8.xyz", "model_rescale": 4.019505241142653, "target_rescale": 3.9875524608686144},
{"mapping": [8, 11, 3, 5, 4, 7, 9, 1, 6, 10, 2, 12], "R": [[-0.7858674480746142, -0.19337352609531103, -0.5873832083590403], [0.43026433612841347, -0.8532208337189429, -0.29476568654429175], [-0.44416771056963306, -0.4843768040621042, 0.7537202110690098]], "T": [-0.1312792549696338, 0.00530869760409293, 0.08316755427070903], "aligned_model": [[0.2579139122468965, 0.46265431727510076, -0.22960652026014158, 0.3205903535162642, -0.06842102299460848, -0.3109608679633876, 0.041331747163373816, -0.6717907679527567, 0.07891990732249907, -0.25622926263599405, -0.4750019827214337, -0.09564557077026337], [-0.15290212967986516, 0.17388254524991947, -0.7027991723689551, -0.33121833231014786, -0.7998366798314254, -0.4668197649360373, 0.36468893417413, 0.3659676882662384, 0.38513153809417255, 0.90411711231021, -0.12381483013537616, -0.008659936178534354], [-0.445637650041988, 0.005223384229071412, 0.5600069414069752, 0.44798001870395504, -0.10493995517618034, -0.6680935340914874, -0.4721623917397197, -0.1014339055225827, 0.6659305935762488, 0.20445517711591799, 0.5470144721516353, 0.09288181222283502]], "inverted": true, "swapped": false, "error_lsq": 0.045278715234851684, "error_max": 0.23268054207666972, "target": "713.xyz", "model": "9.xyz", "model_rescale": 3.877068213659057, "target_rescale": 3.9875524608686144},
{"mapping": [6, 12, 4, 3, 13, 14, 11, 9, 1, 8, 7, 15], "R": [[-0.9527031582356278, 0.19412347797351415, 0.2338220853284121], [0.08599793659374305, -0.5657414597225088, 0.820085944064806], [0.2914807835681097, 0.8014066858034764, 0.5222894568723451]], "T": [-0.04700139877736286, -0.05347672384925628, 0.03170705580216617], "aligned_model": [[0.36051626224082856, 0.6410643298969885, -0.16592655491776578, 0.376751325973408, -0.20597051794930712, -0.44193125314807613, 0.08238140236372482, -0.5855363450739873, 0.03869586074040641, -0.49440398227596555, -0.5477465346705976, -0.004139750954108158], [-0.3435222877008024, 0.2050217735180872, -0.4036090704444019, -0.45110574468269005, -0.7766464242789662, -0.3346914462318201, 0.5810914186380322, 0.13551774165346703, 0.32984121183717297, 0.5635569847781201, 0.0787204865301026, 0.023562329038028462], [-0.32899711935130926, -0.10223059982980912, 0.5985887249798956, 0.2868268958490886, -0.1905380779888152, -0.580232677080583, -0.3221836611894251, -0.29981444806490554, 0.8054188562134521, 0.15180396044345928, 0.6626308038605111, 0.049952304993121525]], "inverted": true, "swapped": false, "error_lsq": 0.044470515184406145, "error_max": 0.24004604959653628, "target": "713.xyz", "model": "10.xyz", "model_rescale": 4.260839863003843, "target_rescale": 3.9875524608686144},
{"mapping": [2, 1, 5, 3, 4, 9, 8, 10, 0, 7, 6, 11], "R": [[0.1925462250376762, 0.9085548122425703, 0.37074803354112207], [-0.9727474699034376, 0.22646155558313213, -0.04977472892270554], [-0.1291832458959033, -0.35106027544246066, 0.9273987125212448]], "T": [-0.08135703208561063, -0.0240836716330733, 0.018923146068073694], "aligned_model": [[0.4482833114692838, 0.564419442699837, -0.2697989782866995, 0.4252127446944455, -0.25608930118245843, -0.3783203255646001, -0.0323846787068115, -0.6981912131758635, 0.06153508882271769, -0.2117180878346217, -0.5463153609578733, -0.0528783997518074], [-0.29545728785509173, 0.2985962068385566, -0.5089591860628847, -0.3540027521128925, -0.6971555183208307, -0.26560532288481103, 0.3427940152140611, 0.01955093707020517, 0.3729936089902683, 0.5975518026717028, 0.0708581373126599, 0.02657233179338622], [-0.3219501339629186, 0.06486967786870049, 0.4501959955105925, 0.39090907725515733, -0.21030552127922877, -0.6805147392798369, -0.5963945593142606, -0.08569714835050349, 0.7883032500804661, 0.18072846585739535, 0.7103384626330544, 0.04074213581606309]], "inverted": true, "swapped": false, "error_lsq": 0.03973118721450207, "error_max": 0.19536145588159176, "target": "713.xyz", "model": "11.xyz", "model_rescale": 3.890672605050136, "target_rescale": 3.9875524608686144},
{"mapping": [0, 6, 10, 11, 4, 3, 8, 7, 9, 5, 12, 13], "R": [[-0.34674669402107816, 0.2357883799860395, -0.9078384052511834], [-0.7621524681678343, -0.6349817404255302, 0.12618163333798948], [-0.5467086476827774, 0.7356643454658678, 0.39988451502795813]], "T": [0.11616725093725752, -0.05803482560060108, 0.06560332902958052], "aligned_model": [[0.2396780415658202, 0.6034504634462149, -0.23960754536685305, 0.38848585355949283, -0.21795720267383192, -0.332218941508294, 0.048899809344043366, -0.6902394714223943, 0.15671185953602498, -0.3310965415140298, -0.5250825158605196, -0.04726956688012504], [-0.2770700112138609, 0.24725289770194953, -0.5749227897174207, -0.2808167355948928, -0.6522563208810066, -0.2231248293339941, 0.4025671750975761, 0.14226661783600014, 0.41985153718572793, 0.5542152874997606, -0.055102593714460926, -0.09512326221104891], [-0.46868424504349093, 0.0280158211412819, 0.7026210927603104, 0.48865529172496924, -0.0966270869562986, -0.724813187177871, -0.4844075200383925, -0.12558166035708332, 0.678629572348598, 0.2390307801604374, 0.44497423637888567, 0.04941186789333502]], "inverted": false, "swapped": false, "error_lsq": 0.036374941980614243, "error_max": 0.1749748902321055, "target": "713.xyz", "model": "12.xyz", "model_rescale": 4.124412569039231, "target_rescale": 3.9875524608686144},
{"mapping": [6, 3, 11, 9, 8, 1, 0, 4, 7, 5, 10, 12], "R": [[0.8886644869001572, 0.10149323527322264, 0.44718514389037456], [0.04068795439478704, 0.9538999108669945, -0.29735408256001444], [-0.45674929675878917, 0.2824430619465001, 0.8435674227165469]], "T": [-0.026980110466331135, 0.039814340322510224, 0.03078499907043637], "aligned_model": [[0.36895319913454017, 0.6107046383253799, -0.4295321872151375, 0.420713068067009, -0.07169449659451241, -0.23649570145729712, -0.03534827623792513, -0.7478688798007833, 0.08615495465738979, -0.266466409502366, -0.5147789919509361, -0.130586675199813], [-0.3815868753035674, 0.24788896830494764, -0.7123603748081344, -0.25921789752426255, -0.6762853241062408, -0.3159219277397896, 0.4743652054454048, 0.28079608963522706, 0.28776103592586133, 0.7242995212352977, -0.06890069327146808, 0.006899244861054005], [-0.30577204602213676, -0.21173610540162763, 0.5433646365511421, 0.37544687776237723, 0.020884737626775018, -0.6709408901666266, -0.35374447030296347, -0.17051933395587665, 0.5954092703295409, 0.24958223113022282, 0.5737794419430496, 0.08547061334080482]], "inverted": true, "swapped": false, "error_lsq": 0.04619189144901575, "error_max": 0.25210424595363906, "target": "713.xyz", "model": "13.xyz", "model_rescale": 3.9028299243045295, "target_rescale": 3.9875524608686144},
{"mapping": [6, 1, 0, 2, 3, 7, 9, 10, 12, 13, 5, 15], "R": [[-0.30583397723564903, 0.5979583932110968, -0.7408855096144262], [0.4598039882618501, 0.7741705965164171, 0.4350174477741225], [0.8336941110183764, -0.20761899594646535, -0.5117113266046207]], "T": [-0.06967658165444876, -0.019016564758611826, 0.14105511885891125], "aligned_model": [[0.34475932700755696, 0.5617944050797734, -0.2432348029148335, 0.44123174586696157, -0.06507115069079392, -0.44097339645602684, 0.03754043919117381, -0.6983002789511462, 0.10422946725117363, -0.4806299991445996, -0.4327094789198208, -0.07488203509387042], [-0.23765278578676993, 0.10564485075620006, -0.7297303024718704, -0.3937890652894295, -0.6039885209287795, -0.1662154377978641, 0.2271103261998283, 0.212034237894253, 0.5030877513544141, 0.6103166956896945, 0.08416266178267831, -0.00324343874802506], [-0.33312769685171845, 0.05215809901258986, 0.5309011603975031, 0.516112478833273, -0.0745279179001006, -0.672024903605881, -0.5861116573704375, -0.18574814893299962, 0.5669706717694276, 0.40126328118650617, 0.48697851553598426, 0.02838108076053414]], "inverted": false, "swapped": false, "error_lsq": 0.04483853052157322, "error_max": 0.22136285487864937, "target": "713.xyz", "model": "14.xyz", "model_rescale": 3.942246331269136, "target_rescale": 3.9875524608686144},
{"mapping": [5, 3, 0, 1, 2, 9, 10, 6, 13, 11, 8, 14], "R": [[0.3227268883956902, -0.8952322638557506, -0.30725648773971204], [0.5077325817185794, -0.11021918935410116, 0.8544351091566353], [-0.7987834380905893, -0.4317533138840197, 0.41896789254350425]], "T": [-0.05179836286301491, 0.05014397971922501, 0.05510137106440886], "aligned_model": [[0.3064137974654039, 0.6666335342935318, -0.2405937094667585, 0.5425971117867902, -0.11965141192018834, -0.38116286235098695, -0.09985543144083892, -0.5921439140164686, 0.11239679853498581, -0.4487170926296241, -0.6515533822111054, -0.04060919581919227], [-0.389613137949514, 0.06891120811238738, -0.5675014801340884, -0.42308555622764077, -0.6962529569803296, -0.16896935346659755, 0.4858814574323276, 0.12754362475105924, 0.5955489162643691, 0.629555920234612, -0.021785524475678282, -0.032496144906576895], [-0.22963935984995176, 0.04793682033663646, 0.40665205857848413, 0.33686237227636845, -0.08958966272363335, -0.6460909562107819, -0.5077697373779163, -0.06665810345826363, 0.6351903734347246, 0.19949094757602964, 0.5387965121200519, 0.1060436981329329]], "inverted": false, "swapped": false, "error_lsq": 0.043763179718739824, "error_max": 0.2100054248951104, "target": "713.xyz", "model": "15.xyz", "model_rescale": 4.355366556412066, "target_rescale": 3.9875524608686144},
{"mapping": [5, 4, 1, 0, 9, 7, 3, 10, 2, 6, 8, 11], "R": [[-0.7478833109807975, -0.6626352921530159, 0.03981234418729063], [-0.3584379365840633, 0.3526163512125692, -0.8643980301197436], [0.5587421576843463, -0.6607391152722999, -0.5012295110779289]], "T": [-0.10138713366293357, -0.08474906480853876, 0.057361687680459475], "aligned_model": [[0.3532831570894157, 0.46931737356028574, -0.23455204874915414, 0.5031231218119919, -0.22246767006064355, -0.367169303699172, 0.013012922421675621, -0.7185366380056994, 0.14488229387152635, -0.2657510730339589, -0.5622304463068472, -0.059157446673871704], [-0.322384421409563, 0.4283946029288181, -0.42613955509531093, -0.3540714281439748, -0.7905201986219017, -0.2631803792383299, 0.2640797700232138, 0.03066826070994512, 0.12481988012154334, 0.7209034764492512, 0.16060706681389564, 0.034559898116742954], [-0.33323304592110425, 0.13022918957875879, 0.45775761914910507, 0.31416292252854316, -0.13545458656384635, -0.7780922152378534, -0.4869250749703251, 0.0022152567086540648, 0.8294741329419921, 0.05525427248337157, 0.6181289528444938, 0.05770753929289165]], "inverted": false, "swapped": false, "error_lsq": 0.05422508751390446, "error_max": 0.3262790591703359, "target": "713.xyz", "model": "16.xyz", "model_rescale": 3.795458400668931, "target_rescale": 3.9875524608686144},
{"mapping": [8, 3, 4, 7, 11, 9, 6, 5, 0, 1, 2, 12], "R": [[-0.17268966249531575, -0.9690272377669765, 0.17653467912270776], [-0.3876804231496823, -0.09789194674849705, -0.916581178220605], [0.9054734507282569, -0.2267231334193598, -0.3587679623360619]], "T": [-0.06442411597822208, -0.10426841824360403, 0.12611185122438823], "aligned_model": [[0.2992345527154862, 0.6533514915280303, -0.21957684929352372, 0.47697599123783985, -0.013579107501827295, -0.4872856286535946, 0.08144130613223725, -0.5899515841745396, 0.11809032345700905, -0.4355969733554967, -0.6179510487480541, -0.21139823111801803], [-0.2983535850123407, 0.2462764866164234, -0.4942303136017291, -0.3171572994410289, -0.8682718346426961, -0.19680597477423653, 0.3774378710766606, 0.3305687773920588, 0.3626664768250637, 0.6383657681646919, 0.0023733528347153754, -0.17513275278325272], [-0.41033021744566406, 0.006536002427000254, 0.6153491534589617, 0.4308066620021586, -0.13666930119442722, -0.655278461464379, -0.3256161426940951, -0.24444731744872472, 0.44181847236680954, 0.2858672491235456, 0.5548114102172421, 0.16837745348625371]], "inverted": false, "swapped": false, "error_lsq": 0.04492806321701793, "error_max": 0.24971202791572658, "target": "713.xyz", "model": "17.xyz", "model_rescale": 3.7474275329858107, "target_rescale": 3.9875524608686144},
{"mapping": [5, 4, 3, 8, 10, 12, 9, 7, 0, 2, 1, 13], "R": [[-0.027722782627682466, 0.9595538159944869, -0.2801569587459801], [-0.9898962904530292, -0.06534066369014657, -0.12584089882015065], [-0.13905675629292702, 0.27383767432358486, 0.9516701879592213]], "T": [-0.15737171227103702, -0.04747814113174548, 0.058433040532205736], "aligned_model": [[0.3131608566174548, 0.6358983456163694, -0.23359316857075768, 0.3969319969270703, -0.03688151265590289, -0.30878876198772487, -0.008591997238011462, -0.8167501909062098, 0.18179443574387805, -0.33379038001872585, -0.5943480822941902, -0.14128729900770087], [-0.3270628791316792, 0.19112143079457147, -0.511624155313545, -0.3631345556050198, -0.7118093364730551, -0.21151337762374348, 0.3504276195656841, 0.13910000193611863, 0.3612755614561741, 0.6106094860225237, 0.03551681633032072, 0.044830360695979274], [-0.41448493603772624, 0.0034905109536092424, 0.547665039105411, 0.39003955010310726, -0.0850435957419571, -0.6552911649965181, -0.45853868776109924, -0.2543414796551163, 0.7042109632287473, 0.2575055209665355, 0.5882272514168989, 0.10778599125278868]], "inverted": true, "swapped": false, "error_lsq": 0.03173929985636499, "error_max": 0.18620560588431265, "target": "713.xyz", "model": "18.xyz", "model_rescale": 3.922800546911778, "target_rescale": 3.9875524608686144},
{"mapping": [13, 8, 10, 6, 11, 7, 12, 3, 1, 0, 2, 14], "R": [[-0.5725006767088496, -0.7619530166969992, 0.3027714905902667], [-0.8105985307099934, 0.47051910906466876, -0.3486284412032252], [0.12317872047845578, -0.4450161439221425, -0.8870105041486023]], "T": [0.002976828929310768, -0.005913613044564971, 0.07642823334077206], "aligned_model": [[0.2996952599677671, 0.5966795983782169, -0.17580392796244187, 0.41711027120136196, -0.13909590892960516, -0.4606115251623187, -0.005531549131181354, -0.5057965141788979, 0.09161565672594464, -0.4574996055339452, -0.5419362901419629, -0.06507122300738885], [-0.3427953618257068, 0.13595756310750887, -0.6474129243910383, -0.20598496826270518, -0.6641033560709011, -0.22666467063887655, 0.34898592969282183, 0.28835299815758075, 0.3438931901772392, 0.6726852023748073, -0.06358399577257742, -0.03159263389382293], [-0.4434588763671161, 0.034235284314363595, 0.5315290153336387, 0.5904639487596426, -0.1556174778908779, -0.5355895993898293, -0.6254178798735756, -0.17597242129230836, 0.7227728647584288, 0.2373870376737742, 0.5378096183226618, 0.013083448485878627]], "inverted": false, "swapped": false, "error_lsq": 0.041421368891718616, "error_max": 0.26655122957014915, "target": "713.xyz", "model": "19.xyz", "model_rescale": 3.9282355846067225, "target_rescale": 3.9875524608686144},
{"mapping": [11, 8, 3, 4, 0, 10, 9, 2, 6, 7, 5, 13], "R": [[-0.5879109579096152, 0.7478103478504017, 0.30844835745657734], [0.7979761473834912, 0.5986624185892091, 0.06955125287095607], [-0.13264529308196257, 0.2870243756491432, -0.9486950163284407]], "T": [-0.06917420098661148, 0.07007116065533259, 0.07565586799550428], "aligned_model": [[0.2673817377801239, 0.6616599119600597, -0.12334506846732438, 0.4016113884997519, -0.06430225093773177, -0.47323428351266444, 0.3346662947343629, -0.8843662643805843, -0.0008418206112137949, -0.36395890912087986, -0.536183438440692, -0.1653330552776593], [-0.3420344024462078, 0.2676048729261007, -0.4770743740775423, -0.3268536356775835, -0.716559761969103, -0.12414376182630282, 0.33068219014255207, 0.07086368303578433, 0.3044376517488417, 0.6188174714628224, 0.052572088812365116, -0.05057504947739776], [-0.40420064833782465, 0.14970660059260757, 0.5895161117192435, 0.21771036362257914, -0.07058039245514175, -0.6600413269060104, -0.42175700936417393, -0.04341336416642527, 0.6816650161952756, 0.06686731834344223, 0.5945839043028375, 0.03116838928827144]], "inverted": false, "swapped": false, "error_lsq": 0.050697900592748486, "error_max": 0.30351083727784045, "target": "713.xyz", "model": "20.xyz", "model_rescale": 4.067790424073018, "target_rescale": 3.9875524608686144},
{"mapping": [11, 3, 5, 6, 13, 10, 12, 9, 2, 0, 8, 14], "R": [[0.1753771867095621, 0.9557569497501961, -0.2361598936865463], [-0.592190219471951, 0.29404103904118556, 0.7502337044690428], [0.7864817775025701, 0.008277702808234755, 0.6175580080386106]], "T": [-0.14526020054137465, -0.054795942894388924, 0.16935687950531397], "aligned_model": [[0.27791903943154217, 0.5559705557554651, -0.36689427877383063, 0.4832689626525931, -0.18351162343143965, -0.37772115734584455, -0.02399787968315739, -0.6296573277724068, 0.2670475884750205, -0.22152509455080974, -0.5635575876620463, -0.16358695486953734], [-0.20226059401388657, 0.39714872115244537, -0.5138265827366825, -0.33552067835288346, -0.6850738211027694, -0.37399528373837904, 0.34429030010275335, 0.12233790703411941, 0.32035019996163433, 0.6217331843642295, -0.017535212415309906, -0.06991116760094135], [-0.29669650960938543, 0.0027241584875729585, 0.4670737381309385, 0.4408372961320395, -0.13298420266054928, -0.5485292576501415, -0.47332460232545415, -0.4120491075714605, 0.66229662243095, 0.37171803050367336, 0.5551117636185781, 0.09504703334791942]], "inverted": true, "swapped": false, "error_lsq": 0.0424326364194475, "error_max": 0.21608732584023194, "target": "713.xyz", "model": "21.xyz", "model_rescale": 4.186013935880536, "target_rescale": 3.9875524608686144},
{"mapping": [11, 9, 2, 8, 5, 3, 4, 6, 1, 7, 0, 12], "R": [[0.04692872127015587, -0.9173403672253237, -0.39532814948958095], [0.9700698832439381, 0.13624733567546835, -0.20100021180194985], [0.23824801519223715, -0.37406324890350384, 0.8962781761689365]], "T": [-0.010542815839419822, 0.021781531682859144, 0.06498893137442105], "aligned_model": [[0.3393552322590889, 0.536336323670664, 6.403125839901658e-05, 0.582860322203282, -0.35883802807008636, -0.5127467485131735, -0.058867663179341584, -0.5040760118229818, -0.14471033043074313, -0.19587611069476754, -0.6052204150793397, -0.02452635937545221], [-0.23031541147337367, 0.21365616447580318, -0.5359808467610991, -0.4329891983412846, -0.6684462024610638, -0.33375039542660645, 0.4007552586063053, 0.16581652154743756, 0.3248687119215361, 0.7286149092660315, -0.039037656797471676, 0.014545118098115293], [-0.3965134693777268, 0.2876054004363825, 0.5533410859229329, 0.2344717611183145, 0.03644254332624425, -0.623289292565167, -0.5527972551009583, -0.1483927809960547, 0.7171089166039039, 0.13103350748236944, 0.47051084234990825, 0.02170370363453257]], "inverted": true, "swapped": false, "error_lsq": 0.05738605979725745, "error_max": 0.2779018922798361, "target": "713.xyz", "model": "22.xyz", "model_rescale": 4.166573947596378, "target_rescale": 3.9875524608686144},
{"mapping": [3, 8, 1, 4, 2, 11, 9, 12, 7, 10, 5, 15], "R": [[-0.4364971980744992, -0.8978948119128236, -0.05705350833338119], [-0.19053515345948158, 0.030277931519771373, 0.9812133316252161], [-0.8792988976276973, 0.4391675689334537, -0.18429675805015394]], "T": [-0.15564848840067175, 0.005724101115743202, 0.027648570399495094], "aligned_model": [[0.2113613575056168, 0.6152620288060395, -0.20562424248399744, 0.4402045740242169, -0.15941899807670515, -0.27263823197382087, 0.05357749990620725, -0.7079973665012809, -0.019293757641897946, -0.2272554933671347, -0.5031893910154894, -0.17123373695620545], [-0.2833819149693966, 0.2435562757491105, -0.49494597789719985, -0.3936164167149312, -0.6650412088609831, -0.20147832082448877, 0.34409927688877473, -0.03921507387559103, 0.3659449696710463, 0.7086854912580294, 0.05252737283801029, -0.02939750060805106], [-0.35070065516768606, 0.0843228272577077, 0.5325554497862964, 0.18683334411295233, -0.025913742635894847, -0.7243314051764472, -0.4219911659669363, -0.3220263395401713, 0.630174885930345, 0.27596078095917775, 0.781363872066587, 0.08497711120875075]], "inverted": false, "swapped": false, "error_lsq": 0.04354169648637013, "error_max": 0.24169997891518719, "target": "713.xyz", "model": "23.xyz", "model_rescale": 4.274766983524099, "target_rescale": 3.9875524608686144},
{"mapping": [3, 8, 1, 0, 6, 5, 4, 7, 10, 9, 11], "R": [[-0.3540022725297953, -0.06475312944694486, 0.933000226833074], [0.19421707168733268, 0.970762861691998, 0.14106450802650644], [-0.9148563385083682, 0.23114172835381763, -0.3310760959427183]], "T": [-0.09490838674993152, 0.07703875704086947, -0.020945453614007334], "aligned_model": [[0.1381062833781952, 0.4818789764533561, -0.30504233189160057, -0.506105767260074, -0.5658073528099383, -0.5490071263770187, -0.11075831150637745, -0.06720741285225518, 0.6507022191438558, 0.2085366096786837, 0.004598918001248425], [-0.15099055219634872, 0.5907669650510313, 0.4707819977421731, -0.22147822059415545, 0.3951845639028106, -0.42025808855239993, -0.6491827634521707, 0.07947577648425841, 0.007714177248779583, 0.7202744557477061, 0.09329821986179923], [-0.6270441592749835, -0.2371677997955699, -0.5579161233521605, -0.2510111705155998, 0.15034150774477933, 0.5480247868226054, -0.012968045395184757, 0.6707234462540445, 0.2358107049848815, 0.4001741923758606, 0.06059909417290453]], "inverted": false, "swapped": true, "error_lsq": 0.056780763051484384, "error_max": 0.30494496717490077, "target": "713.xyz", "model": "24.xyz", "model_rescale": 3.7841303162186577, "target_rescale": 3.9875524608686144},
{"mapping": [6, 11, 5, 3, 4, 1, 7, 8, 13, 14, 12, 15], "R": [[0.9331034599203372, 0.077252294601146, 0.3512122094454486], [-0.022133157596231225, 0.987138712828374, -0.15832651379463242], [-0.35892625484842466, 0.1399615826375198, 0.9228123855725414]], "T": [-0.20195588340098214, 0.10616944334969292, -0.06632409725758531], "aligned_model": [[0.3738255804270978, 0.5141225926326033, -0.33321110844222246, 0.2914376631936437, -0.17795271322667755, -0.4184899441764544, 0.16791702939524183, -0.6869036694086559, 0.20361506069695384, -0.3553001025586497, -0.3804619644836006, -0.14484418182373165], [-0.2926629902728575, 0.36344050481592427, -0.519835162376807, -0.3679424059776654, -0.6391166703747827, -0.31645604401528954, 0.38342158377852026, -0.044912249180414865, 0.2774659464818897, 0.6502226437615765, 0.04712912968463885, 0.06698268632959686], [-0.2436228509072837, 0.036002762638253055, 0.5338667431859074, 0.35886133304232565, -0.09233946520436981, -0.6386326606714128, -0.5236323511821455, -0.36874392244660387, 0.5803363349548942, 0.49026428555602836, 0.6684015160205918, -0.06953676215150388]], "inverted": false, "swapped": false, "error_lsq": 0.047871287909544626, "error_max": 0.26779390364045336, "target": "713.xyz", "model": "25.xyz", "model_rescale": 4.19342608120988, "target_rescale": 3.9875524608686144},
{"mapping": [5, 4, 1, 0, 9, 7, 3, 10, 2, 6, 8, 11], "R": [[-0.7478833109807975, -0.6626352921530159, 0.03981234418729063], [-0.3584379365840633, 0.3526163512125692, -0.8643980301197436], [0.5587421576843463, -0.6607391152722999, -0.5012295110779289]], "T": [-0.10138713366293357, -0.08474906480853876, 0.057361687680459475], "aligned_model": [[0.3532831570894157, 0.46931737356028574, -0.23455204874915414, 0.5031231218119919, -0.22246767006064355, -0.367169303699172, 0.013012922421675621, -0.7185366380056994, 0.14488229387152635, -0.2657510730339589, -0.5622304463068472, -0.059157446673871704], [-0.322384421409563, 0.4283946029288181, -0.42613955509531093, -0.3540714281439748, -0.7905201986219017, -0.2631803792383299, 0.2640797700232138, 0.03066826070994512, 0.12481988012154334, 0.7209034764492512, 0.16060706681389564, 0.034559898116742954], [-0.33323304592110425, 0.13022918957875879, 0.45775761914910507, 0.31416292252854316, -0.13545458656384635, -0.7780922152378534, -0.4869250749703251, 0.0022152567086540648, 0.8294741329419921, 0.05525427248337157, 0.6181289528444938, 0.05770753929289165]], "inverted": false, "swapped": false, "error_lsq": 0.05422508751390446, "error_max": 0.3262790591703359, "target": "713.xyz", "model": "26.xyz", "model_rescale": 3.795458400668931, "target_rescale": 3.9875524608686144},
{"mapping": [0, 7, 8, 5, 1, 2, 3, 9, 10, 4, 11, 12], "R": [[0.7659564823039895, 0.6289077157023317, 0.13336323461349298], [0.34529834023576245, -0.577428650758428, 0.73982782423597], [0.5422911795769189, -0.5206258142018861, -0.6594460085099442]], "T": [-0.17408120614308858, -0.1253006491205014, 0.08914869747540534], "aligned_model": [[0.2830673000262547, 0.5755425613693528, -0.21319602305464558, 0.40137414579036096, -0.2660436074445502, -0.4105820956125401, 0.064293241203913, -0.5093866545759876, 0.12281614543152358, -0.4042712673022947, -0.5792384500006618, -0.010621053605176373], [-0.20244193761880816, 0.18752545027560777, -0.6318423761924188, -0.2619175517248904, -0.675405152898899, -0.22147228296957974, 0.3950043718027484, -0.013774736867734741, 0.37961426815187904, 0.6575771794598629, 0.09261384460447714, -0.09774410336791482], [-0.6010234962624134, 0.06884753133932038, 0.611295439243605, 0.5550321890633421, -0.10904595992186426, -0.7532605023925446, -0.3772597789719308, -0.154790879598117, 0.49485711179908964, 0.27074722141599183, 0.6368123469060168, 0.08901374021418511]], "inverted": true, "swapped": false, "error_lsq": 0.04770473054749713, "error_max": 0.2764373042548253, "target": "713.xyz", "model": "27.xyz", "model_rescale": 3.6321398670334006, "target_rescale": 3.9875524608686144},
{"mapping": [11, 13, 3, 1, 0, 10, 9, 8, 4, 12, 7, 14], "R": [[-0.09996275528103477, -0.7825331203447407, -0.6145318243347107], [0.95720302398011, 0.09296305900484442, -0.27408071902962283], [0.2716059985345633, -0.6156295844288069, 0.7397502256410995]], "T": [-0.06561901107263461, -0.063044764488916, 0.05111864477703485], "aligned_model": [[0.3150677138123784, 0.6730674654829709, -0.34558096119105425, 0.3684407514036917, -0.17353287050535765, -0.35046630151615504, 0.048962323458573334, -0.57691307216405, 0.18043916106393187, -0.5151921340305166, -0.5675004177904391, -0.003037415798425161], [-0.2423053972935469, 0.2339190704282494, -0.5134386367307107, -0.28092381059196275, -0.6381773751247797, -0.220777853043461, 0.36281767713154806, -0.017512571484733355, 0.22967646126138896, 0.6277695256534412, 0.12918743530586732, -0.06249755285697141], [-0.43413291827198697, -0.12952493252148237, 0.4873831818359008, 0.5108881957637507, -0.16565029521519986, -0.6550356775198942, -0.4509614880845766, -0.00833569305832365, 0.7861267483235753, 0.11568918379412507, 0.6097323028242337, 0.06504635496455914]], "inverted": false, "swapped": false, "error_lsq": 0.048477385369652605, "error_max": 0.2715485541720369, "target": "713.xyz", "model": "28.xyz", "model_rescale": 4.156811204709835, "target_rescale": 3.9875524608686144},
{"mapping": [5, 6, 0, 1, 9, 7, 4, 10, 8, 11], "R": [[-0.8776791598203016, -0.44991075270969644, -0.1651048364322617], [-0.247406271756559, 0.7204064520781791, -0.6479233600509016], [0.41045027605381046, -0.5278208582467396, -0.7435964715401938]], "T": [-0.059191165405579726, 0.07155839881635649, -0.08596862270405772], "aligned_model": [[-0.71716020920416, 0.09980556680289757, 0.0023703321673716957, 0.6327793225011145, -0.027367540727176974, -0.5840563315331315, -0.5201463395732311, -0.4349247740198788, 0.32050589152640147, -0.128880543829619], [-0.25150331746358234, -0.47599273150182786, 0.1466890320587238, 0.058816158304518806, -0.37334550788847687, -0.3342927264273182, 0.4643877877585736, 0.3746374279177557, 0.24031681995777715, 0.06900738791006009], [-0.5758102474640042, -0.2509219877077765, -0.635233108842906, -0.17839153020386214, 0.6098909586039615, 0.11146635795455997, -0.48711442484494116, 0.5414324893763549, 0.6001094904110887, 0.02335872969262459]], "inverted": true, "swapped": true, "error_lsq": 0.05785896221501411, "error_max": 0.35341547214275476, "target": "713.xyz", "model": "29.xyz", "model_rescale": 4.117894457231895, "target_rescale": 3.9875524608686144},
