[{"mapping": [4, 8, 7, 2, 1, 10, 9, 0, 12, 5, 11, 3, 13], "R": [[-0.9416010864140457, 0.3142661194643313, 0.12093055949891149], [-0.14413972496305738, -0.7007352683467739, 0.6987086827731206], [0.30432077443293826, 0.6404739572002953, 0.705111321988756]], "T": [0.1339082514947921, 0.031122431392865076, 0.18657244357431438], "aligned_model": [[-0.6949774838672569, -0.4036455842927663, -0.16377025691437788, -0.24713169522658543, 0.5493744934607673, 0.5974345192956209, 0.3101392689100896, 0.46090616780655136, 0.6835212446117137, 0.04729838306832658, 0.16440828336678484, -0.1342625169117381, 0.09521364705720571], [-0.277036482031626, 0.3727471162434571, -0.11488850971937398, -0.6108332632295976, 0.034895833525668274, 0.22410682586812203, -0.45872199792855156, -0.6398535026652209, -0.04071227490786519, 0.7181886589407224, 0.5765686028047556, -0.07644013520869636, 0.032057540948730937], [-0.17590617427980523, -0.2660947409592197, -0.49273808422742604, 0.3708539959719027, 0.5870941990957663, -0.6871147700148958, -0.32892560232670687, 0.3822152129865103, 0.019583998640683165, 0.49126899769973265, -0.24773166991207526, 0.6221353426326113, 0.028326699830804908]], "inverted": true, "swapped": false, "error_lsq": 0.0501121299110497, "error_max": 0.25688056111813673, "target": "714.xyz", "model": "0.xyz", "model_rescale": 3.8414455957264533, "target_rescale": 3.8092388172078677},
{"mapping": [2, 5, 6, 7, 11, 8, 9, 13, 12, 3, 10, 0, 14], "R": [[0.17086764005894045, 0.9753160465994206, -0.13986729005155385], [0.10608147054345918, -0.15933986216230783, -0.9815077839392994], [-0.9795667262560657, 0.15287059093159114, -0.1306889866828899]], "T": [0.03641799993160912, -0.03297063494248301, 0.0758252628740006], "aligned_model": [[-0.6522471952733991, -0.325134012530101, -0.21838766386751132, -0.26112386386898034, 0.7052842304600689, 0.6274260412042062, 0.05512456894638474, 0.6035530532889286, 0.73678424760021, -0.30898022595829017, 0.2352612721558047, 0.010090706116997358, 0.056857312090016356], [-0.09967124355388635, 0.4440713638374214, 0.05401061943940899, -0.579546418039681, 0.14371561169717398, -0.1556930126670892, -0.641578838948361, -0.5173947690785988, 0.2629313807068858, 0.5921836246467903, 0.5200354215345028, -0.3281531752727961, 0.04516784833875416], [-0.18087690957988983, -0.19991711447749533, -0.6573428685022104, 0.23607118248781803, 0.5734851246641729, -0.4340287462867771, -0.23199903487696716, 0.2119799181715512, 0.0108740494263867, 0.39716480185038255, -0.274926722154363, 0.7374078435029869, 0.11507588091228721]], "inverted": false, "swapped": false, "error_lsq": 0.04715663808542049, "error_max": 0.30560614048483087, "target": "714.xyz", "model": "1.xyz", "model_rescale": 4.316132596720782, "target_rescale": 3.8092388172078677},
{"mapping": [3, 2, 6, 4, 7, 11, 8, 9, 5, 1, 10, 12], "R": [[0.19092190719418423, -0.3092519842707857, 0.9316179665388153], [-0.4691437189549632, -0.8624112152595792, -0.190134338717662], [0.8622372042068482, -0.4007619068961993, -0.30973681999801117]], "T": [0.036878228162214734, -0.08316182592362176, 0.08674020284429312], "aligned_model": [[-0.3155214414811222, 0.5620115747103324, 0.06682144960792105, -0.6014849159867327, -0.5116023038459508, -0.6124925042891426, -0.11171994868024682, -0.1990336704975837, 0.5544196423993984, 0.39246395390889033, 0.31690985422745965, 0.057036864558558074], [-0.7001745911775609, -0.24897313763506246, -0.6185583950972374, 0.5481296952345467, -0.3367930293179299, -0.05442308164871462, 0.41049169337563085, 0.4708383375251598, 0.058818757310395875, 0.13647386323388705, 0.4179435168008627, -0.07099720086299734], [0.1500501290114405, -0.015509139082022422, -0.363035218375564, -0.1299990348852484, -0.4789429381459795, 0.22220307577617127, -0.4738172569195223, 0.6554198236875626, -0.5500326783975991, 0.5313775809944332, -0.02604523009905632, -0.07241065235519398]], "inverted": true, "swapped": true, "error_lsq": 0.05486780551258041, "error_max": 0.2918905631635695, "target": "714.xyz", "model": "2.xyz", "model_rescale": 3.795458400668931, "target_rescale": 3.8092388172078677},
{"mapping": [6, 2, 0, 9, 7, 11, 1, 8, 10, 4, 3, 12], "R": [[-0.903499438964958, -0.3253370532301334, -0.27900638986506987], [0.08038746076516562, 0.5107970926755874, -0.8559346857476312], [0.4209829211995838, -0.7957651235821414, -0.4353518670553329]], "T": [-0.021276008826053412, -0.06821357268246726, 0.06801420686003765], "aligned_model": [[-0.18389429008574115, -0.2636361297426932, -0.819590221576178, 0.15692623273523115, 0.2866372035302799, 0.13980253354853178, -0.22287990318037063, 0.7171325739555199, 0.32880120706345217, 0.7905986826549333, -0.4073230854289918, 0.07072902226959146], [0.01420560770885372, -0.5228024503484519, -0.04650710322761166, 0.05253720423597223, 0.454007283855873, 0.5507142803476677, -0.41408600799585893, -0.15698503569497044, -0.5041724137676212, 0.30458134620865124, 0.46592222206520567, -0.11164588809800018], [-0.6077123544283969, -0.15181271315730402, 0.11618058091322125, 0.8677831279673277, -0.49557423161310155, 0.2464531865137426, 0.5285699262103365, -0.0959134393849764, 0.24014979813252502, 0.3023127758849544, -0.2050517811683726, -0.056613445230855625]], "inverted": true, "swapped": true, "error_lsq": 0.047845184421011135, "error_max": 0.24558382340376012, "target": "714.xyz", "model": "3.xyz", "model_rescale": 3.7530521520055578, "target_rescale": 3.8092388172078677},
{"mapping": [0, 6, 2, 5, 1, 7, 9, 11, 4, 8, 12], "R": [[-0.39605269242443136, -0.5094282773782001, 0.7639535948150507], [-0.885563232364719, 0.4318482415344105, -0.17112819103639365], [-0.24273447696425354, -0.7443049956107493, -0.6221656107514887]], "T": [-0.08120936575150611, -0.15893586287385503, -0.026886381325741157], "aligned_model": [[-0.3540807954217573, -0.14617945869182403, 0.29422304730762067, 0.6357921140245082, 0.14012310982004836, -0.4266789809773032, -0.21524148835914597, -0.6334414324627142, -0.2038389790558413, 0.24737998629259522, 0.0001424799690187134], [-0.7481261384409583, 0.1842074042183513, -0.32375213201700237, 0.1753339985330944, -0.6995322824551158, 0.5751782606692948, -0.5105728950568813, 0.023578160568313467, 0.3752388754157934, 0.4423507197909406, -0.026700612911484345], [-0.49431846701450854, -0.6334138725407215, -0.40846134292960906, -0.28700143568665537, 0.1496097623941804, -0.19085069420521705, 0.7109170504227131, 0.29340540638148077, 0.7165056502292934, 0.3055039979045129, -0.0690652777101527]], "inverted": true, "swapped": true, "error_lsq": 0.06829543085306934, "error_max": 0.4153994377984483, "target": "714.xyz", "model": "4.xyz", "model_rescale": 3.7855080009869324, "target_rescale": 3.8092388172078677},
{"mapping": [15, 13, 8, 9, 1, 7, 10, 3, 4, 12, 6, 2, 16], "R": [[0.8822279652227785, -0.007085965118783427, 0.47076916474766195], [0.4579481022115211, 0.24514077870605436, -0.8545112838905379], [-0.10934968248578551, 0.9694615968225481, 0.21951505466945367]], "T": [0.12102976104810168, 0.008760911271623279, 0.05863912184117953], "aligned_model": [[-0.6070871277777178, -0.35065650879448007, -0.20923127547216017, -0.20041400651770883, 0.5318094795157933, 0.5790655067973369, 0.06940606403398686, 0.27838723829015033, 0.8158771883773034, -0.14424796083435834, 0.33172449160530504, 0.08549535816312653, 0.08438002297775837], [-0.25385813716456906, 0.5192996816827464, 0.03516305543693447, -0.5955792562296158, 0.369014838407117, -0.08050080639305697, -0.5668352813793888, -0.6003554034472294, 0.24781997062679326, 0.4683353914559843, 0.4873202229502436, -0.2782034067499996, -0.0115424565554352], [-0.22454833955309494, -0.14563976993300215, -0.5622799135439958, 0.25449847312856066, 0.5826439594795625, -0.527539241160562, -0.3851945080096222, 0.3529731920718988, -0.025257259127005133, 0.48464885230080107, -0.33208556868665884, 0.7384732736551971, 0.09227425451580343]], "inverted": true, "swapped": false, "error_lsq": 0.042066447557371864, "error_max": 0.2062992322174381, "target": "714.xyz", "model": "5.xyz", "model_rescale": 4.2253639853439635, "target_rescale": 3.8092388172078677},
{"mapping": [10, 5, 2, 1, 12, 3, 4, 0, 7, 11, 6, 9, 13], "R": [[-0.8669549033802972, 0.491138189439393, -0.08469046214925643], [0.035920308052841826, -0.10791188181166794, -0.9935113271791389], [-0.49709046156031667, -0.8643716241513599, 0.07591290000844259]], "T": [0.003012145252773782, -0.047029304878628844, 0.08283803292170477], "aligned_model": [[-0.7078376062328511, -0.41548900524216764, -0.1722244962243471, -0.27120892041904376, 0.5863745554058658, 0.5134829670352975, 0.03818354731487527, 0.5810190004517986, 0.7798815849090943, -0.02136101129889712, 0.2936339980494968, 0.017149236366905997, 0.04290462024830808], [-0.18019643036950406, 0.382889294141484, 0.06919208137638552, -0.7233261075831574, 0.44184212224155056, -0.06487928057712303, -0.555712990529517, -0.5518741059446921, 0.11346268739402064, 0.6815148243758979, 0.4454234950328419, -0.2708614266646459, -0.04739575025301632], [-0.20951726785196373, -0.11907296653518165, -0.554308983784812, 0.16114016412968313, 0.6232423173559481, -0.4092091103222938, -0.40799309143385254, 0.31543736977824066, 0.07247414507292044, 0.35520394448491716, -0.2116906527091894, 0.6505490081520445, 0.03671252880142189]], "inverted": true, "swapped": false, "error_lsq": 0.04209683098116458, "error_max": 0.26008547490739264, "target": "714.xyz", "model": "6.xyz", "model_rescale": 3.89814844738969, "target_rescale": 3.8092388172078677},
{"mapping": [1, 0, 2, 5, 8, 4, 10, 9, 11, 3, 7, 6, 12], "R": [[-0.1042911001655956, -0.0460406554973079, -0.9934805606893518], [-0.2536317566530699, 0.9671297208617241, -0.018194368441973946], [0.9616622579904694, 0.25008070910668534, -0.11254039492275557]], "T": [0.13108134620312786, 0.06887309887765498, -0.017690617860993876], "aligned_model": [[-0.6639144853552327, -0.3805248448904205, -0.150027411662941, -0.2427296778762613, 0.5036895481911916, 0.35292709457740956, 0.31875376808022304, 0.3847013779898396, 0.9384443188357816, -0.09036745129582696, 0.3125444620806419, -0.1896962912392627, 0.1707080629291931], [-0.2083381305379336, 0.36268883067986624, -0.23992358832020327, -0.5750840070095914, 0.1615487784720386, 0.15413177893050575, -0.567677307595936, -0.6540649039812886, 0.013738274482117105, 0.6523945699016834, 0.6934107106419728, -0.00998355813548972, -0.04276303488721596], [-0.09471122630165688, -0.07192905855200028, -0.5896786568509631, 0.20176591104363537, 0.5393202604328466, -0.6168660594373111, -0.3315158959015276, 0.44163867854131894, 0.003886008002388936, 0.494993553544885, -0.10878720733448902, 0.5724442701005366, -0.13759317214978078]], "inverted": true, "swapped": false, "error_lsq": 0.05113325759317782, "error_max": 0.2512604645980605, "target": "714.xyz", "model": "7.xyz", "model_rescale": 3.7474275329858107, "target_rescale": 3.8092388172078677},
{"mapping": [13, 1, 12, 4, 3, 10, 11, 9, 6, 2, 0, 8, 14], "R": [[-0.9060950074641487, -0.36236897703297205, 0.2183587917456538], [-0.2369144391254399, 0.006982494611763146, -0.9715054262858622], [0.35051873841839415, -0.9320085671564795, -0.09217724645758985]], "T": [0.13902413933297392, -0.04590603212439048, -0.017501565415785746], "aligned_model": [[-0.6666605392892981, -0.22964721130076976, -0.16907115053340316, -0.4486995195308376, 0.47565738408091024, 0.5812237034042249, 0.21118309243926078, 0.3832784572350655, 0.9047223014665247, -0.33301874253064706, 0.3988822749274257, 0.07464137982978487, 0.0820170401660943], [-0.4048501422895406, 0.6032765672216138, -0.11600169535288732, -0.2621405155704988, 0.35370813602323947, -0.022190041687579654, -0.567488496844104, -0.7351364346864719, 0.2374273543921649, 0.38096319352044483, 0.5419685401529768, -0.23309968750546456, -0.03635836473336816], [-0.19111940177957432, -0.10378718402114158, -0.5474133591683552, 0.45159266267283016, 0.4735392802689352, -0.6332616299060536, -0.3479932802489726, 0.19613766426522036, 0.0016456272794206674, 0.5334500456437631, -0.16272716323531436, 0.6352033537631266, -0.002299210396001533]], "inverted": false, "swapped": false, "error_lsq": 0.05770932455415196, "error_max": 0.45102200394235104, "target": "714.xyz", "model": "8.xyz", "model_rescale": 4.019505241142653, "target_rescale": 3.8092388172078677},
{"mapping": [7, 8, 4, 0, 10, 5, 3, 2, 6, 9, 11, 1, 12], "R": [[-0.4007933665074022, -0.8096739746642247, 0.4287105458407803], [-0.15853459922813512, -0.3995874872789759, -0.9028823959174579], [0.9023477479393618, -0.4298347295897703, 0.031790675161930404]], "T": [0.1515759573820491, -0.007375796522386641, 0.07689682815066318], "aligned_model": [[-0.7441128335816396, -0.29733040905597097, -0.3182842344567986, -0.2755569800150016, 0.5848179329831178, 0.4448380460089153, 0.27835982328314657, 0.43980450393207304, 0.8672598737606493, -0.16571069513878123, 0.27852974692448496, 0.00928603666523739, 0.1626076590549029], [-0.08040975456711937, 0.4126112390948636, -0.3168577425059974, -0.4974661406122636, 0.3349485329492842, -0.009825341576649927, -0.6595731573479833, -0.5218449379722924, 0.10845134762659532, 0.5439907379254741, 0.5508054749495741, -0.1318931502674698, 0.0071413049445094474], [-0.03260943098561647, -0.20280103646569497, -0.5322394427103649, 0.08076806716719678, 0.8071674644539741, -0.526854831263365, -0.46810341186861065, 0.12399215346131161, 0.12631790141073185, 0.32722498528350474, -0.16716449097170358, 0.725398415850556, 0.04187106177596325]], "inverted": true, "swapped": false, "error_lsq": 0.0528618695698919, "error_max": 0.373850413495265, "target": "714.xyz", "model": "9.xyz", "model_rescale": 3.877068213659057, "target_rescale": 3.8092388172078677},
{"mapping": [13, 6, 3, 2, 11, 5, 4, 7, 0, 10, 12, 9, 15], "R": [[0.028564691899335526, -0.02406086749738512, 0.999302323139484], [-0.8380348574089733, -0.5455093933960321, 0.01082032736173355], [0.5448684576521363, -0.837759259197991, -0.03574615341285842]], "T": [0.0645779971882222, -0.052481609981801985, 0.05697113373091063], "aligned_model": [[-0.6853261629512017, -0.2798608366183674, -0.05181314478648037, -0.22979730399020853, 0.4400911581496322, 0.5605208705063983, 0.03767618829920394, 0.39638429128052016, 0.808404315189587, -0.17410230908466134, 0.3509710089750072, -0.05556122486009961, 0.14692162025500569], [-0.19025969707748305, 0.40333481020720796, -0.027955138534060977, -0.5830356425780103, 0.43233778373657783, -0.0015433955348794978, -0.6041640445059929, -0.7944464593517662, 0.23121667971129303, 0.46736315934454686, 0.5797017606512848, -0.1563570311203068, -0.016114372307885955], [-0.07069814716904345, -0.1751879840673795, -0.5664171056483488, 0.3256921014679196, 0.46757471102051135, -0.5450599343680709, -0.3341982207192195, 0.1323323632654021, 0.05890108386901688, 0.4764993290424962, -0.21964854092766045, 0.69761281837887, 0.055564930993389446]], "inverted": true, "swapped": false, "error_lsq": 0.04225381796878607, "error_max": 0.2987114102573713, "target": "714.xyz", "model": "10.xyz", "model_rescale": 4.260839863003843, "target_rescale": 3.8092388172078677},
{"mapping": [0, 6, 7, 3, 4, 11, 1, 2, 5, 8, 10, 12], "R": [[-0.34822282540868443, 0.18613403814836435, -0.9187464196975008], [-0.2740412617003219, 0.9170598955823817, 0.28965934267709537], [0.8964609588543655, 0.35264042274959706, -0.26833278124913645]], "T": [0.03731351185971057, 0.12053806411501686, -0.12683528754621165], "aligned_model": [[0.4211762640889592, 0.12110043290680586, -0.5062202916325719, -0.19277404489313782, -0.7198990956586786, -0.5919207674383282, 0.3869244510853149, 0.5721319136577523, 0.4617955631601818, -0.24655005505632036, 0.212593123841748, 0.04054115503240512], [0.05797318948498063, -0.573505349191923, -0.48997165452284475, -0.30147825701599273, 0.38092920095611404, 0.1921977810861576, 0.6099660740326641, -0.034630397977024635, -0.18503229820444486, 0.0761000968846629, 0.4203091413839507, 0.020220978616634216], [-0.8260003443089129, -0.16041362332428016, 0.003571710877023071, -0.6539599097456384, 0.33342323604168433, -0.32630348112544527, -0.2298685668134295, -0.06679050306964256, 0.5211840374332936, 0.5784636727680966, 0.34397166741987223, -0.0010998187571162055]], "inverted": false, "swapped": true, "error_lsq": 0.054387899859905386, "error_max": 0.3217742043092051, "target": "714.xyz", "model": "11.xyz", "model_rescale": 3.890672605050136, "target_rescale": 3.8092388172078677},
{"mapping": [1, 4, 2, 6, 7, 10, 11, 9, 12, 3, 4, 8, 13], "R": [[0.3329223083785573, -0.1394562979868857, -0.9325849438714342], [-0.9104348781190961, 0.20995187841325635, -0.3564106360015261], [0.24550166860565303, 0.9677149113775909, -0.057068213650875124]], "T": [0.0426743648815507, -0.17489019707685471, 0.10491121161889021], "aligned_model": [[-0.7035384675744413, 0.001245075417669314, -0.043346406297632464, -0.2359637117708785, 0.5367472425320305, 0.5637687241881857, 0.06766383267672944, 0.5526202673557975, 0.7407458753752703, -0.21063167953489498, 0.001245075417669314, -0.14171479285573219, 0.13566743543456306], [-0.24922386610243516, 0.4443070329907477, 0.014469334454927263, -0.6487599220086864, 0.37469479466788724, 0.011989815813904764, -0.46320335934003015, -0.7616581406507795, 0.07190834102095497, 0.6219144873722676, 0.4443070329907477, -0.08572055501885081, -0.034946583550130667], [-0.10230655962054615, -0.2205660503768873, -0.5750207911655728, 0.27773091528147203, 0.5301317411038945, -0.5972832300589969, -0.36307726138057783, 0.14336862917590987, 0.021731919875850797, 0.49734145854700845, -0.2205660503768873, 0.7957371370750183, 0.11574554705819708]], "inverted": true, "swapped": false, "error_lsq": 0.05109526408744735, "error_max": 0.3577300426445143, "target": "714.xyz", "model": "12.xyz", "model_rescale": 4.124412569039231, "target_rescale": 3.8092388172078677},
{"mapping": [3, 7, 9, 6, 4, 11, 8, 1, 2, 5, 10, 0, 12], "R": [[-0.7595897606965478, -0.5605058091042481, -0.32993428649558876], [-0.643302512622447, 0.7222053701464897, 0.2541284725984438], [0.0958398283523472, 0.40528094119013774, -0.9091545996195742]], "T": [-0.03949340352781379, -0.013740133991065471, 0.07877177644045513], "aligned_model": [[-0.6758208446213932, -0.3055380247139628, -0.3243428122904593, -0.16052035682293214, 0.4998965359600169, 0.6201728426571765, 0.3354703472857042, 0.3739976667341736, 0.8167248919269707, -0.1684743884690863, 0.39162012934480356, -0.2007827491645729, 0.06210523253789621], [-0.3096264958435967, 0.4904360804246171, -0.11610521487254089, -0.6531961552746294, 0.2617453014868996, 0.0645333609555623, -0.42406043109983793, -0.6417675564168964, -0.08134640857755587, 0.6361332080165153, 0.4968128105189254, -0.029220859047565804, 0.04574077237062801], [0.2064119908985046, -0.1821961887802478, -0.48427660207074547, -0.07634523811428298, 0.5802122253158493, -0.6623534255123176, -0.37502945786248176, 0.39097522037324645, 0.01010492989891179, 0.445888139387804, -0.23441584292496553, 0.6360091473424938, 0.04798250718611394]], "inverted": true, "swapped": false, "error_lsq": 0.06227116172920609, "error_max": 0.40285427981276134, "target": "714.xyz", "model": "13.xyz", "model_rescale": 3.9028299243045295, "target_rescale": 3.8092388172078677},
{"mapping": [7, 4, 10, 9, 2, 13, 14, 11, 12, 0, 5, 6, 15], "R": [[0.7198785032496535, 0.5394634309308453, -0.43675410387008406], [0.4132829274810432, -0.8386759258124484, -0.354711027902054], [-0.5576487805166777, 0.07484582921548874, -0.8266957961894499]], "T": [0.14591299958376344, 0.07834876439613005, 0.14467692398289472], "aligned_model": [[-0.673117016615006, -0.3164299354695985, -0.22537315354278728, -0.18840193251937679, 0.4211032561681104, 0.5075974187931942, 0.250016763037882, 0.49169807833424184, 0.8147689375662603, -0.047625491513631296, 0.29507768153506286, -0.13712897207786093, 0.07232283666784445], [-0.26508775456519923, 0.4908262998024209, -0.06273306642330677, -0.6209594511963443, 0.3843751420587978, 0.024447207038555394, -0.5904651319297848, -0.5744458728357856, -0.007261709557022086, 0.8507394759011756, 0.3897928023029929, -0.2708282604558858, -0.008321267500089297], [-0.03384239106827408, -0.13003122492081637, -0.4858745105235203, 0.13782110591321567, 0.7552241772004422, -0.5616730988887684, -0.42532398066462457, 0.1568641817837015, -0.02720347029160408, 0.3752671459984914, -0.23328384457091828, 0.6369887254285151, 0.1380345897420424]], "inverted": false, "swapped": false, "error_lsq": 0.05008282177130884, "error_max": 0.28702353212116266, "target": "714.xyz", "model": "14.xyz", "model_rescale": 3.942246331269136, "target_rescale": 3.8092388172078677},
{"mapping": [13, 11, 4, 12, 7, 10, 3, 5, 9, 8, 6, 0, 14], "R": [[-0.4367258810521756, -0.5142386906209195, 0.7381253781626014], [0.1030116898536911, -0.8436985984166298, -0.5268408362905266], [0.8936772888312023, -0.15404948587482084, 0.42143761024499865]], "T": [0.12496137260491401, -0.07829705887254691, 0.0033695194872405097], "aligned_model": [[-0.6547489574490392, -0.23513976128220404, -0.05105911048980673, -0.5056593334108523, 0.5388070402225296, 0.4219216015727806, 0.055983162245743054, 0.547148258705622, 0.8746290402310603, -0.2117058555039779, 0.2461361892971637, 0.12062798912682078, 0.11756820709849551], [-0.10361590913800052, 0.4667379718008554, -0.19329091499588225, -0.5608957259390882, 0.3953309101650503, 0.13469468277482588, -0.754953297585208, -0.5353722013479764, 0.21089370288702475, 0.4401682049406499, 0.46631582514123027, -0.10868933318077405, -0.11724550288218216], [-0.22541116923824422, -0.292223128203133, -0.5438572886166676, 0.19699882990413578, 0.582496291851021, -0.6093699491652473, -0.22885078885707, 0.12834994005289527, -0.04692359695282736, 0.4688691156464413, 0.04213625399269866, 0.7380633430071221, 0.09268955171675847]], "inverted": true, "swapped": false, "error_lsq": 0.05063822053768271, "error_max": 0.24498059735658947, "target": "714.xyz", "model": "15.xyz", "model_rescale": 4.355366556412066, "target_rescale": 3.8092388172078677},
{"mapping": [3, 2, 6, 4, 7, 11, 8, 9, 5, 1, 10, 12], "R": [[0.19092190719418423, -0.3092519842707857, 0.9316179665388153], [-0.4691437189549632, -0.8624112152595792, -0.190134338717662], [0.8622372042068482, -0.4007619068961993, -0.30973681999801117]], "T": [0.036878228162214734, -0.08316182592362176, 0.08674020284429312], "aligned_model": [[-0.3155214414811222, 0.5620115747103324, 0.06682144960792105, -0.6014849159867327, -0.5116023038459508, -0.6124925042891426, -0.11171994868024682, -0.1990336704975837, 0.5544196423993984, 0.39246395390889033, 0.31690985422745965, 0.057036864558558074], [-0.7001745911775609, -0.24897313763506246, -0.6185583950972374, 0.5481296952345467, -0.3367930293179299, -0.05442308164871462, 0.41049169337563085, 0.4708383375251598, 0.058818757310395875, 0.13647386323388705, 0.4179435168008627, -0.07099720086299734], [0.1500501290114405, -0.015509139082022422, -0.363035218375564, -0.1299990348852484, -0.4789429381459795, 0.22220307577617127, -0.4738172569195223, 0.6554198236875626, -0.5500326783975991, 0.5313775809944332, -0.02604523009905632, -0.07241065235519398]], "inverted": true, "swapped": true, "error_lsq": 0.05486780551258041, "error_max": 0.2918905631635695, "target": "714.xyz", "model": "16.xyz", "model_rescale": 3.795458400668931, "target_rescale": 3.8092388172078677},
{"mapping": [1, 0, 2, 5, 8, 4, 10, 9, 11, 3, 7, 6, 12], "R": [[-0.1042911001655956, -0.0460406554973079, -0.9934805606893518], [-0.2536317566530699, 0.9671297208617241, -0.018194368441973946], [0.9616622579904694, 0.25008070910668534, -0.11254039492275557]], "T": [0.13108134620312786, 0.06887309887765498, -0.017690617860993876], "aligned_model": [[-0.6639144853552327, -0.3805248448904205, -0.150027411662941, -0.2427296778762613, 0.5036895481911916, 0.35292709457740956, 0.31875376808022304, 0.3847013779898396, 0.9384443188357816, -0.09036745129582696, 0.3125444620806419, -0.1896962912392627, 0.1707080629291931], [-0.2083381305379336, 0.36268883067986624, -0.23992358832020327, -0.5750840070095914, 0.1615487784720386, 0.15413177893050575, -0.567677307595936, -0.6540649039812886, 0.013738274482117105, 0.6523945699016834, 0.6934107106419728, -0.00998355813548972, -0.04276303488721596], [-0.09471122630165688, -0.07192905855200028, -0.5896786568509631, 0.20176591104363537, 0.5393202604328466, -0.6168660594373111, -0.3315158959015276, 0.44163867854131894, 0.003886008002388936, 0.494993553544885, -0.10878720733448902, 0.5724442701005366, -0.13759317214978078]], "inverted": true, "swapped": false, "error_lsq": 0.05113325759317782, "error_max": 0.2512604645980605, "target": "714.xyz", "model": "17.xyz", "model_rescale": 3.7474275329858107, "target_rescale": 3.8092388172078677},
{"mapping": [4, 5, 8, 6, 7, 3, 0, 2, 11, 12, 10, 9, 13], "R": [[-0.13222961843218234, 0.7210640125960214, -0.6801338234113965], [-0.8777663956419267, 0.23358030966086102, 0.4182898440322422], [0.4604796224493118, 0.6523089212004243, 0.6020395241437877]], "T": [0.20024391481701037, -0.015446758207178814, 0.016249812883752896], "aligned_model": [[-0.5667947687729615, -0.37337383847687095, -0.0944059973817552, -0.2661414712506594, 0.6179877794417927, 0.5574607603542319, 0.10907818447267292, 0.3309956642588808, 0.7816928784970416, 0.05428253434215824, 0.14409360607408295, -0.22201607234942727, 0.19164921115514855], [-0.27861331633896186, 0.4229579861729322, -0.029066049912901827, -0.53797230126795, 0.10435843669876563, 0.08058072236818287, -0.764579790784187, -0.6356905050187553, 0.41279216970482663, 0.5527068522735167, 0.5846670378155406, -0.05173875124849137, -0.12032407782199217], [-0.16157269013046, -0.028291065883772098, -0.6393799571491477, 0.3394379004920198, 0.6315189091970632, -0.5527528492787539, -0.3437931010773861, 0.3356780495327848, -3.4690862089386404e-05, 0.48007485923326343, -0.3201278693645387, 0.5340369895648335, 0.028172920864065937]], "inverted": false, "swapped": false, "error_lsq": 0.05096999622985918, "error_max": 0.2789262304770307, "target": "714.xyz", "model": "18.xyz", "model_rescale": 3.922800546911778, "target_rescale": 3.8092388172078677},
{"mapping": [10, 2, 9, 4, 5, 7, 11, 13, 12, 1, 3, 8, 14], "R": [[-0.4925174351361335, 0.5748904016099798, 0.6533969713915431], [-0.3164141028622338, 0.5811100754065487, -0.7497954359496217], [-0.8107457626141579, -0.5760313415064424, -0.10430341320146735]], "T": [0.07953468152693513, 0.0212497042715304, 0.14837244319571205], "aligned_model": [[-0.6192372331210492, -0.38213750057063856, -0.16667508776390935, -0.26174827992424965, 0.5186911485618939, 0.5110310482894436, -0.009347025468032205, 0.40890078736817903, 0.8649284729011766, -0.3413431534012782, 0.41450686677503723, 0.20483220758026588, 0.12210621913749634], [-0.2317646822754743, 0.41144188707508944, 0.14661955063704182, -0.6108559955919164, 0.483918215929939, -0.15181598514497877, -0.5154339291709148, -0.5813757037816888, 0.04831548291671402, 0.4922716053120536, 0.4099597226888619, -0.1721039273725902, 0.010902171418388135], [-0.16515933950380837, -0.23599433417200608, -0.6173992832626503, 0.23689059678816118, 0.5674346891292742, -0.5012968354962994, -0.31131694380977526, 0.13516893185020135, 0.11615318399197132, 0.5343559153057973, -0.2335272822260462, 0.7152106539018743, 0.0624474526411892]], "inverted": false, "swapped": false, "error_lsq": 0.04915362972393984, "error_max": 0.25285006982565594, "target": "714.xyz", "model": "19.xyz", "model_rescale": 3.9282355846067225, "target_rescale": 3.8092388172078677},
{"mapping": [3, 0, 4, 5, 12, 8, 6, 7, 9, 10, 11, 2, 13], "R": [[0.4280193820551162, 0.7122378339447879, 0.5563422296417857], [-0.42927733581255717, -0.38148838834241644, 0.818649850984888], [0.7953114971775712, -0.5892231134787081, 0.14246313558120177]], "T": [0.122430138348145, -0.09735900504274454, 0.0005319279747116913], "aligned_model": [[-0.5387737227877968, -0.4542969393708264, -0.03867372318178472, -0.30031379149236603, 0.7754397000700597, 0.5843816118274484, 0.11203330309431023, 0.4349933008812418, 0.7045082873574648, 0.06256962539216834, 0.12474660410352864, -0.20061030217601103, -0.0014954833531019285], [-0.25411866692559487, 0.42929707982192744, 0.09225514525179741, -0.6212202027542698, 0.15360061997640145, -0.09979768558266418, -0.7053217087985895, -0.43686266543680474, 0.26983044573260395, 0.5237755333157702, 0.5862712675485474, -0.178055644714181, -0.019575104794418638], [-0.3228732846716737, -0.17329624666216828, -0.5803810300043958, 0.1864006116302417, 0.4836386699868349, -0.6037994944382804, -0.23846035373256796, 0.41902841587630246, -0.06861834984806242, 0.5945377808400413, -0.21396155842782422, 0.7540895810388786, 0.06666266355055633]], "inverted": false, "swapped": false, "error_lsq": 0.05397339280202462, "error_max": 0.2864536677828056, "target": "714.xyz", "model": "20.xyz", "model_rescale": 4.067790424073018, "target_rescale": 3.8092388172078677},
{"mapping": [1, 13, 5, 7, 3, 4, 8, 0, 2, 11, 6, 12, 14], "R": [[0.3055502858959466, 0.7319563567443936, 0.6089982878550475], [0.28842790357963044, 0.538387368346948, -0.7918007236932202], [-0.9074405585081398, 0.4175870369466964, -0.04661222316639334]], "T": [0.045311084578580414, -0.002015856423328504, 0.03653242241099157], "aligned_model": [[-0.6554446175956926, -0.4757673875954776, -0.12988517251279116, -0.16274729695795448, 0.5908580517235786, 0.5082315323054374, 0.04884519830222834, 0.45709420382583293, 0.7876427634263139, -0.05936009156020843, 0.4593993420417329, -0.08482283412208935, -0.019535220916574496], [-0.3681457485256348, 0.4294053356699186, 0.032983795992677686, -0.7156154918576941, 0.29422935894985297, -0.04792825241281208, -0.438637474584148, -0.5218593890725309, -0.04646179813448241, 0.5258113511320482, 0.5710403718086037, 0.012740298214443186, 0.012516055460282796], [-0.18300219731494982, -0.1436799132566559, -0.5260930450980953, 0.10096244172748892, 0.618221596848862, -0.6162073463385077, -0.330233128479314, 0.29080667157271767, 0.010261366409257032, 0.3949660115584985, -0.18185800093923948, 0.7914239947587035, 0.0773989536891175]], "inverted": true, "swapped": false, "error_lsq": 0.04741636438801138, "error_max": 0.22181987218010008, "target": "714.xyz", "model": "21.xyz", "model_rescale": 4.186013935880536, "target_rescale": 3.8092388172078677},
{"mapping": [2, 0, 5, 8, 10, 3, 11, 11, 4, 1, 6, 9, 12], "R": [[0.2573945885107658, 0.3756560747832457, -0.8902980058855677], [0.6319400153922052, 0.6315708690770089, 0.4491882169863891], [0.7310265677466677, -0.6782335518180712, -0.0748291817192361]], "T": [0.07648167096871208, 0.050748432204282726, 0.0841015032921897], "aligned_model": [[-0.6192975070618912, -0.31996164855092435, -0.23643495277888296, -0.2788571017138346, 0.6206021376449192, 0.49985244657066397, 0.36712674605443596, 0.36712674605443596, 0.799273982733975, -0.35270470963095946, 0.3231691370558296, -0.016092155144051518, 0.11070534913061966], [-0.14176232665140515, 0.5747364958842776, -0.1251908919858684, -0.6039742052834919, 0.08849896218492005, -0.018570824884814305, -0.5034554411516586, -0.5034554411516586, 0.12082766301528126, 0.5395051371536627, 0.42975265040962557, -0.15962892428595304, 0.04279555938760799], [-0.0848071880438593, -0.21599455555482777, -0.6012212797092038, 0.2650455700452323, 0.7156133779771501, -0.7333889747559681, -0.0016276387631519451, -0.0016276387631519451, 0.06747850024124818, 0.4188240301814397, -0.2404812221804835, 0.6608355969899319, 0.054318827473526995]], "inverted": true, "swapped": false, "error_lsq": 0.05204328148246819, "error_max": 0.3794675261382254, "target": "714.xyz", "model": "22.xyz", "model_rescale": 4.166573947596378, "target_rescale": 3.8092388172078677},
{"mapping": [14, 10, 13, 12, 4, 5, 6, 2, 0, 8, 7, 3, 15], "R": [[0.5622379921850919, -0.026185753161469594, 0.8265607941797405], [0.7552077252403886, 0.4235281377768142, -0.5002851269511636], [-0.3369714110735723, 0.9055044024424567, 0.25789929289630675]], "T": [0.011604053833472683, -0.08856423136833998, 0.1552495768020678], "aligned_model": [[-0.6753185660144563, -0.3384832889999304, -0.2014925502315733, -0.33557309698338905, 0.5574834955135124, 0.3812873630196306, 0.32354751438188006, 0.4469585874831678, 0.6909556500019549, 0.08910676770387171, 0.19160312637265192, 0.06459424649178963, 0.06983922162522556], [-0.13777193439919666, 0.39566701474722565, 0.06178921853252649, -0.6278006142601228, 0.13049157484242774, -0.005441412428701872, -0.7014491032778362, -0.5289874074311715, 0.34938833416136167, 0.6065131566510529, 0.46087411411970475, -0.16428697171460643, -0.09890755690213864], [-0.23422915114585313, -0.2963035051022554, -0.6502296695690581, 0.020811841974045453, 0.595571847736701, -0.5846739524102726, -0.1705894067042471, 0.41850438721676153, 0.03934132874653738, 0.5613775052040031, -0.2655918256794503, 0.7492906175497174, 0.1196873873212535]], "inverted": true, "swapped": false, "error_lsq": 0.050475177677400236, "error_max": 0.2822239710287637, "target": "714.xyz", "model": "23.xyz", "model_rescale": 4.274766983524099, "target_rescale": 3.8092388172078677},
{"mapping": [4, 11, 9, 10, 1, 2, 5, 6, 7, 3, 12], "R": [[0.4980174623164467, -0.6822805233980229, 0.5352306928975644], [-0.7874113836512544, -0.09723909535963252, 0.6087100058566952], [-0.36326563300745107, -0.7245949528704714, -0.5856622184760902]], "T": [-0.14574706780649532, 0.14848269439527287, 0.08699904608246821], "aligned_model": [[0.3246359229714843, 0.29678514254074745, -0.4014833266386985, -0.43729767929988844, -0.7262550963041914, -0.47146273605025435, -0.25615291973277393, 0.2071687122853818, 0.6635949930002969, 0.25993459345251596, -0.07957290226654465], [0.04106661541585868, 0.5411676177294354, 0.5380545953051495, -0.23922443718074896, 0.283849355099807, -0.11490612832752953, -0.6582593828896087, -0.05682429854439944, 0.010493272206450577, 0.5666572858171571, 0.003512036611911712], [-0.7005376283835266, -0.2143682502870874, -0.5976905303921308, -0.23999675060444464, -0.043652162768181194, 0.4588175262550873, 0.261541511831362, 0.6554561712371592, 0.19226749007607613, 0.49864310010196256, 0.10908595695530098]], "inverted": false, "swapped": true, "error_lsq": 0.06191625829538474, "error_max": 0.33831778405019025, "target": "714.xyz", "model": "24.xyz", "model_rescale": 3.7841303162186577, "target_rescale": 3.8092388172078677},
{"mapping": [14, 11, 13, 9, 1, 3, 12, 2, 4, 7, 6, 8, 15], "R": [[-0.019115957126447577, 0.9991602776178804, -0.03623975460320519], [-0.9548104237305036, -0.007490809912471934, 0.2971210906388698], [0.2966001262958533, 0.040281849478591786, 0.954151842048145]], "T": [0.019435553964943272, 0.01747113744016487, 0.147791386547999], "aligned_model": [[-0.5764127216472363, -0.2808735426733454, -0.2427224430731975, -0.22531524032318073, 0.5137955239129054, 0.41881674458144974, 0.003136649752250118, 0.4235507778224936, 0.7609375981741283, -0.2211774091773624, 0.4085020465855683, 0.22624203822907857, 0.05602844820078343], [-0.42788905199260613, 0.5266922119403614, -0.05581628386589382, -0.5062904861762867, 0.18540199863544748, 0.12821427234448607, -0.5774856973453868, -0.6064629716420232, 0.02756623894431623, 0.5994859893208662, 0.5666110228611091, -0.18304963047383574, 0.06310080008997054], [-0.12774100071157551, -0.342041149043346, -0.5856267314026684, 0.23673810570117904, 0.6773608718607995, -0.5430287856288538, -0.3222433109920432, 0.27503187262692, 0.06546793777685114, 0.30956182345914773, -0.1150756954588329, 0.6640086696181715, 0.11055479733213333]], "inverted": true, "swapped": false, "error_lsq": 0.049184117969719936, "error_max": 0.2628875814499131, "target": "714.xyz", "model": "25.xyz", "model_rescale": 4.19342608120988, "target_rescale": 3.8092388172078677},
{"mapping": [3, 2, 6, 4, 7, 11, 8, 9, 5, 1, 10, 12], "R": [[0.19092190719418423, -0.3092519842707857, 0.9316179665388153], [-0.4691437189549632, -0.8624112152595792, -0.190134338717662], [0.8622372042068482, -0.4007619068961993, -0.30973681999801117]], "T": [0.036878228162214734, -0.08316182592362176, 0.08674020284429312], "aligned_model": [[-0.3155214414811222, 0.5620115747103324, 0.06682144960792105, -0.6014849159867327, -0.5116023038459508, -0.6124925042891426, -0.11171994868024682, -0.1990336704975837, 0.5544196423993984, 0.39246395390889033, 0.31690985422745965, 0.057036864558558074], [-0.7001745911775609, -0.24897313763506246, -0.6185583950972374, 0.5481296952345467, -0.3367930293179299, -0.05442308164871462, 0.41049169337563085, 0.4708383375251598, 0.058818757310395875, 0.13647386323388705, 0.4179435168008627, -0.07099720086299734], [0.1500501290114405, -0.015509139082022422, -0.363035218375564, -0.1299990348852484, -0.4789429381459795, 0.22220307577617127, -0.4738172569195223, 0.6554198236875626, -0.5500326783975991, 0.5313775809944332, -0.02604523009905632, -0.07241065235519398]], "inverted": true, "swapped": true, "error_lsq": 0.05486780551258041, "error_max": 0.2918905631635695, "target": "714.xyz", "model": "26.xyz", "model_rescale": 3.795458400668931, "target_rescale": 3.8092388172078677},
{"mapping": [11, 4, 9, 8, 7, 2, 1, 6, 0, 10, 3, 5, 12], "R": [[-0.056254372949821774, 0.9208659086996772, 0.3857997196975917], [0.3496757539613361, -0.3437660283374142, 0.8715226817775263], [0.9351803636815701, 0.1839317698382692, -0.30266613855627866]], "T": [0.019687268868077715, -0.07920499039494554, -0.06617979493883236], "aligned_model": [[-0.6948559355715654, -0.4623911905444327, -0.02048732703244799, -0.26778891433921354, 0.3924820588464185, 0.5501912284121109, 0.26332978859011336, 0.39344969356253134, 0.8362932866984523, -0.25015950758528366, 0.3779682983462034, 0.03797597349444069, 0.10850101748700834], [-0.05003011302340225, 0.599431338797204, 0.022302445542900853, -0.6817135030918204, 0.35238814411114117, -0.037977765902203794, -0.5841016617304421, -0.6424325438868427, 0.06543017508612288, 0.3737568591468764, 0.5585320825867565, -0.21033471302498807, -0.02517233197077784], [-0.05387421682092197, -0.1430971161847671, -0.48145865595749987, 0.22552664366432917, 0.5125770706287665, -0.7673935845693061, -0.25610305420178375, 0.40738470177721275, -0.1254121563842113, 0.41308496342194406, -0.16619323657885793, 0.6749888680565026, 0.0629371782864756]], "inverted": true, "swapped": false, "error_lsq": 0.04883698171626347, "error_max": 0.28112893049735294, "target": "714.xyz", "model": "27.xyz", "model_rescale": 3.6321398670334006, "target_rescale": 3.8092388172078677},
{"mapping": [10, 8, 0, 9, 4, 5, 11, 13, 1, 7, 3, 6, 14], "R": [[0.16366743529379396, 0.9834950475508643, -0.07713923818184415], [-0.08118434821964696, -0.0645007944248025, -0.9946098476904], [-0.9831694015928807, 0.1690477416633919, 0.06928772481474801]], "T": [0.016975211292791823, -0.005959691204462103, 0.03791052120810999], "aligned_model": [[-0.5873977642790956, -0.40965938929337387, -0.04186223958972829, -0.3233800789472049, 0.574190092657588, 0.5895221315083619, 0.046479459424284185, 0.3709446838965722, 0.6803948111316263, -0.06018901766520718, 0.2011101834598636, 0.152698171758347, 0.07165742630230179], [-0.2924636488124932, 0.2852142517807461, 0.01930022057768195, -0.5236975016702925, 0.3017466949298269, 0.13138581665430488, -0.5755464623932969, -0.6865550246404681, 0.07462255666627798, 0.6950356979184826, 0.5799229653634963, -0.23090794126545933, -0.03797921246828182], [-0.3587258634944595, 0.02273592718742144, -0.582824354121327, 0.28826626258410604, 0.5682836052506762, -0.6142363619336294, -0.25743037648062245, 0.31714686641371403, 0.012452084019544896, 0.359684557142561, -0.2693286441340649, 0.7692688464753671, 0.047674856228595415]], "inverted": true, "swapped": false, "error_lsq": 0.04466637472001834, "error_max": 0.2668994512172957, "target": "714.xyz", "model": "28.xyz", "model_rescale": 4.156811204709835, "target_rescale": 3.8092388172078677},
