[{"mapping": [5, 11, 8, 7, 4, 6, 12, 1, 0, 3, 2, 13], "R": [[0.535648582420404, -0.09879419722849125, -0.8386419395337856], [-0.8035467972460697, 0.24568073012458336, -0.5421748089694279], [0.25960188902740233, 0.9643032123971328, 0.05221277404979227]], "T": [-0.16713286988851955, 0.15157439796130756, 0.04925331020824039], "aligned_model": [[-0.6698466321453609, -0.2970170952856457, 0.19482430318818583, 0.44311151676770805, 0.7219534225881441, 0.14154104509024945, -0.3923864263335161, -0.630853743548542, -0.07303060542334944, -0.14659028607413735, 0.3662195831933705, -0.06525236556440385], [-0.3569942832642885, 0.14154809212570213, -0.19755206825242017, 0.30533724909483817, -0.18095594526291148, -0.5478172619785223, 0.6834790084335591, 0.28108426230597583, 0.6029247678721742, -0.21213202371968648, 0.05167014392956645, 0.19573261263012554], [-0.19780544829998853, -0.6363788083710747, -0.5488075956116727, -0.3694987126421827, -0.06189236886370572, 0.06011629349748879, 0.011067859564716537, 0.3674266274307614, 0.6679940006307127, 0.42408119988024495, 0.5940583636242264, -0.06995355692333743]], "inverted": true, "swapped": false, "error_lsq": 0.048032318136490774, "error_max": 0.2162006660522299, "target": "715.xyz", "model": "0.xyz", "model_rescale": 3.8414455957264533, "target_rescale": 3.8622232380299395},
{"mapping": [1, 4, 0, 7, 13, 11, 2, 5, 6, 10, 8, 14], "R": [[0.12312305674732488, 0.6290646543392295, 0.7675404703064592], [0.37940871158743833, -0.744507222033746, 0.549325063975015], [0.9170004048356548, 0.22357695990566653, -0.3303386149552984]], "T": [-0.0023602587144621393, 0.09715472373036671, 0.027039122476528454], "aligned_model": [[-0.4956115944643844, -0.30775939972011357, 0.14933356316887794, 0.28018706389456094, 0.6868283561286476, 0.13968794300806023, -0.2773517955313383, -0.5595426934167269, -0.11834532098360254, -0.3185825167560591, 0.4759869193965438, -0.062157808271763544], [-0.5484054201737562, 0.2448003387651917, -0.1398311682092256, 0.4353384702356732, -0.21311925046474167, -0.7410758608861576, 0.7738971573166112, 0.336274929787437, 0.6607227628898874, -0.06446018269923026, -0.008296995660212539, 0.030479773012636047], [-0.27037155579872646, -0.39810717220588937, -0.641050722477867, -0.440672077112736, -0.032928491675935215, -0.03175881567448979, -0.07786112004602469, 0.2852871553770214, 0.5552111629632992, 0.6120736564565459, 0.647011952180685, 0.03357388193030558]], "inverted": false, "swapped": false, "error_lsq": 0.04092844934271619, "error_max": 0.23175154223520136, "target": "715.xyz", "model": "1.xyz", "model_rescale": 4.316132596720782, "target_rescale": 3.8622232380299395},
{"mapping": [6, 8, 2, 1, 0, 4, 10, 10, 7, 3, 5, 11], "R": [[-0.15879465901447662, -0.8124898085394008, 0.5609318740168756], [0.7300041750431869, 0.2858980802390605, 0.620770643744641], [-0.6647391674092871, 0.5080576726467456, 0.5477218642493471]], "T": [0.06240779292054607, 0.1359188527991638, 0.0449837806488069], "aligned_model": [[-0.625221969581334, -0.3323910734192613, 0.20893015839045628, 0.2826822666111149, 0.7084511817392087, 0.09573991042437699, -0.4485977115366439, -0.4485977115366439, -0.13019489781926794, -0.1999556981267195, 0.4759086505975112, 0.005919610709904738], [-0.3089708783547208, 0.2406287823469315, -0.2564288931713242, 0.4317538902750704, -0.12953271583939677, -0.6342789165764071, 0.49910658742142444, 0.49910658742142444, 0.5262555081866839, -0.13850580119648878, 0.014526688208020916, 0.0226637151928948], [-0.028053195157576732, -0.6032490491305833, -0.679805736655342, -0.3532097027820237, -0.08181315566067549, 0.04873839492309043, -0.0198532645004936, -0.0198532645004936, 0.8266503455986101, 0.5805895280824666, 0.5246095357884671, 0.0456574179107429]], "inverted": false, "swapped": false, "error_lsq": 0.05789164453220549, "error_max": 0.4604623432835257, "target": "715.xyz", "model": "2.xyz", "model_rescale": 3.795458400668931, "target_rescale": 3.8622232380299395},
{"mapping": [7, 1, 8, 6, 9, 7, 2, 0, 10, 4, 5, 11], "R": [[-0.26539791874218943, -0.33496541331503105, -0.9040808130969291], [0.964079422465268, -0.08177873233872501, -0.25271150768436756], [0.010715031794128194, -0.9386748163340495, 0.3446371675746671]], "T": [-0.021274261841539913, 0.15699149321602435, 0.02436434220224108], "aligned_model": [[-0.21557073046246106, -0.39047000769869744, 0.31756729876984946, 0.2932934589677234, 0.5898208735255253, -0.21557073046246106, -0.18504227184048705, -0.7781478939137481, -0.07950150334653985, -0.15713465701073887, 0.5361119506448037, -0.1226830707200659], [-0.5732596178535085, 0.23674415743815755, -0.06035524646139251, 0.4557601701859928, -0.45921326457742384, -0.5732596178535085, 0.8971898954278075, 0.05391576528121224, 0.5894417858372966, -0.0628575700641763, 0.18542073888951266, 0.076797357664143], [-0.08647109292174755, -0.47922562567847443, -0.6453443471436344, -0.37448490664672407, 0.06190198744936752, -0.08647109292174755, -0.08970439005636775, 0.19385075333975085, 0.6147939046046137, 0.6110184785746728, 0.4513737140780689, 0.06917047123841079]], "inverted": true, "swapped": false, "error_lsq": 0.06398781288659461, "error_max": 0.3460689132370879, "target": "715.xyz", "model": "3.xyz", "model_rescale": 3.7530521520055578, "target_rescale": 3.8622232380299395},
{"mapping": [2, 3, 4, 10, 5, 8, 0, 1, 7, 9, 11], "R": [[0.472635041602412, -0.5247639153725292, 0.7079823095052442], [-0.11833414832184372, 0.7583095139855122, 0.6410645133993929], [-0.8732772450891126, -0.3867680365825872, 0.2963061576944031]], "T": [-0.0730013104239477, -0.07358010639111738, -0.007525615843205069], "aligned_model": [[-0.3917123048232049, -0.4057882671292435, 0.39490652308294866, 0.5368953481461227, 0.3207270199996784, 0.05873011067809353, -0.19096761258909703, -0.698493040702993, -0.3921679695559559, 0.27479530942552965, -0.16872551408667366], [-0.7043340116017781, 0.04021867869026659, -0.33544830074966037, 0.33863268242901745, -0.6226994484198555, 0.8161118314737844, -0.3958772111054026, -0.15140476897708532, 0.3028831219420366, 0.20684557284474359, -0.027724788211720634], [-0.13651629524911582, -0.6751144428311217, -0.561677289391089, -0.28697566628863397, 0.18793100912794042, 0.008008920658342055, 0.5362999955390374, -0.021659296312053426, 0.6115994504163812, 0.39239821199823416, 0.03853617957739485]], "inverted": false, "swapped": true, "error_lsq": 0.052023442860664855, "error_max": 0.3224103050318848, "target": "715.xyz", "model": "4.xyz", "model_rescale": 3.7855080009869324, "target_rescale": 3.8622232380299395},
{"mapping": [14, 13, 12, 6, 0, 2, 8, 15, 10, 9, 5, 16], "R": [[-0.9256311333422802, -0.11926354713677069, -0.3591423273743172], [-0.24800992405915906, 0.9080004725670996, 0.3376776856502278], [0.28582876439514643, 0.4016358402113527, -0.8700520497660269]], "T": [0.08436690024736385, 0.09246310404586544, -0.042840843457541355], "aligned_model": [[-0.42587873626155626, -0.32455923363418615, -0.0699626775557465, 0.32541979819725875, 0.7460855090956159, 0.07079491045727254, -0.29492349201876933, -0.6975250182363835, -0.09203101945545783, -0.3023198865944847, 0.6091329099898235, 0.04843965246931579], [-0.3452161188272832, 0.3533696312559065, -0.2607410807577295, 0.5758472176112027, -0.28238758351352455, -0.6286810000997652, 0.684760246480322, 0.275016265810478, 0.42133139908921163, -0.22957877045317004, 0.1492285691389677, 0.05337577817949693], [-0.11889139783838051, -0.5809624281977218, -0.6036388893372453, -0.409324631925153, 0.1306219135270631, 0.1170111810145465, -0.01768597589279297, 0.14327062213607544, 0.5830135265951764, 0.46082211845262, 0.5707563873144399, -0.03458457193243897]], "inverted": false, "swapped": false, "error_lsq": 0.038429203542773696, "error_max": 0.20067160288780575, "target": "715.xyz", "model": "5.xyz", "model_rescale": 4.2253639853439635, "target_rescale": 3.8622232380299395},
{"mapping": [0, 3, 4, 2, 10, 1, 6, 7, 11, 9, 8, 13], "R": [[-0.9675580745041161, 0.2508688898920875, -0.02993614113740964], [-0.09479287597701275, -0.2506338759233015, 0.9634297955241317], [0.23419155220864368, 0.9350120107912919, 0.26628341395988464]], "T": [-0.009187665723030602, 0.08102303049746905, 0.09514488531058354], "aligned_model": [[-0.6438224868928554, -0.37330692247699215, 0.06908867868221157, 0.33040559334632585, 0.748760644634582, 0.213117269594652, -0.19659264464862328, -0.7506740243980237, -0.03362100509927432, -0.17865921910597074, 0.44357772909341264, -0.035600896276742344], [-0.3978200993238352, 0.29266598820772255, -0.2241831281031949, 0.38270578153786244, -0.03188424497953586, -0.6102992089925716, 0.6755756494681788, 0.3295125713037999, 0.6664004624352637, -0.31746143926843673, -0.09999546628945742, 0.10110768791831713], [-0.00978628312035329, -0.47549852174056295, -0.5386005895176823, -0.3986521865282292, -0.05072759447754818, -0.011437753417037275, -0.06329919085535393, -0.03842960340515161, 0.6072875050153161, 0.5253610489245758, 0.650213058309543, 0.0439779647286723]], "inverted": false, "swapped": false, "error_lsq": 0.0486253233173693, "error_max": 0.26449983995105264, "target": "715.xyz", "model": "6.xyz", "model_rescale": 3.89814844738969, "target_rescale": 3.8622232380299395},
{"mapping": [10, 5, 9, 6, 8, 11, 1, 2, 0, 4, 7, 12], "R": [[-0.5680251745298949, -0.7438373283337785, 0.3522121946746721], [-0.21869128802915766, -0.27615445709871655, -0.935902151063166], [0.7934239230325932, -0.6086417212135393, -0.005808059726774617]], "T": [0.053705160312352805, 0.07421658746021328, 0.1363929820118256], "aligned_model": [[-0.5107117840153013, -0.2473578887595044, 0.052747709214569706, 0.3811039728538563, 0.6331246220943029, 0.24531838305987122, -0.3708687210431533, -0.6395353881770092, 0.051567726381540134, -0.3023169126649363, 0.3932295386927733, -0.09362854118430713], [-0.28542760583920246, 0.34795681605329887, -0.2313369873811901, 0.4712341889394418, -0.17049459285870253, -0.7121220604079765, 0.7742988624613296, 0.18594140006672571, 0.6158130649862633, -0.2276275484639184, 0.004715361166790513, -0.006626344808747006], [-0.16525785958151828, -0.5246697470526631, -0.7030008321324343, -0.30242690437651043, -0.11275817261117066, 0.1191804005625832, -0.07436384358066273, 0.2284959282142924, 0.37655766379471184, 0.5809536522756737, 0.6942168391343544, 0.12348072926953255]], "inverted": false, "swapped": false, "error_lsq": 0.04505682605731051, "error_max": 0.3114921202817465, "target": "715.xyz", "model": "7.xyz", "model_rescale": 3.7474275329858107, "target_rescale": 3.8622232380299395},
{"mapping": [2, 8, 4, 9, 12, 1, 5, 3, 6, 0, 10, 14], "R": [[0.008355909504837267, -0.8057443804986495, -0.5922045019004796], [0.4960142733778972, 0.5175715335058919, -0.6972012251206652], [0.8682741614154736, -0.2879161353575159, 0.40398549431761654]], "T": [0.12472979457732764, 0.035199807920795745, -0.0037897896169089597], "aligned_model": [[-0.4898357781069264, -0.2867077093976254, -0.04060921810931292, 0.30541805511993725, 0.6407297334537307, -0.1168887273214623, -0.2221892891804106, -0.5513454965581226, -0.17035949302435427, -0.13191122580475795, 0.5405119005781944, 0.115859964803812], [-0.44329158699249555, 0.2492836864586222, -0.19223634278747087, 0.6684911655024455, -0.2978955946240072, -0.6426141178623015, 0.661818964222896, 0.19566131445661372, 0.484546780746342, -0.12641420017553623, 0.22043255336273415, -0.011458068393729391], [-0.3230774932872103, -0.5038873692247154, -0.7339689827471566, -0.38671830644854394, 0.05481170082846709, 0.2129833451110889, -0.007918506345297328, 0.1731532594722944, 0.6109847290100379, 0.581214087867029, 0.6029040623659412, -0.04007267268574634]], "inverted": true, "swapped": false, "error_lsq": 0.04957940826363993, "error_max": 0.3069023520767776, "target": "715.xyz", "model": "8.xyz", "model_rescale": 4.019505241142653, "target_rescale": 3.8622232380299395},
{"mapping": [8, 5, 4, 2, 0, 7, 6, 11, 10, 9, 1, 12], "R": [[0.621290467317973, 0.30820907069013276, 0.7204202412232318], [-0.19669195256596506, -0.8286166880984848, 0.524124660744452], [0.7584922089353344, -0.46733451932103554, -0.45418940546359476]], "T": [-0.005929946733324403, 0.13846572002952678, 0.0033051918142271083], "aligned_model": [[-0.4131993430245219, -0.3317457238570551, 0.07835980480204689, 0.4093056426134307, 0.504257275949573, 0.1782891098181062, -0.22042225718469952, -0.6268901466820228, -0.057278180102329934, -0.313680518874027, 0.42215840439767094, -0.03648135140346955], [-0.4001959436299873, 0.30656331017673366, -0.4040445810846232, 0.48559995449484705, -0.22262499316023632, -0.747618776334058, 0.8326615864004827, 0.15257600393765008, 0.6653134882613747, -0.18297665065473045, 0.14030830985714426, 0.14076284564951547], [0.013896808039803803, -0.558933190641043, -0.6181225853363124, -0.23554495120161267, -0.17549238291851282, -0.019091115539648713, 0.015428963405854972, 0.04150013860950368, 0.7502821300504697, 0.5222507083247732, 0.5258396602076809, -0.021606329084768332]], "inverted": true, "swapped": false, "error_lsq": 0.04502648033155739, "error_max": 0.2903498111651893, "target": "715.xyz", "model": "9.xyz", "model_rescale": 3.877068213659057, "target_rescale": 3.8622232380299395},
{"mapping": [5, 12, 0, 10, 8, 1, 6, 3, 13, 4, 2, 15], "R": [[0.7078138753483334, -0.7057707498628927, 0.02978534039328884], [-0.38619268416454866, -0.4219278928539943, -0.8202634113073493], [0.5914851887935616, 0.5690909434086597, -0.5712099172529189]], "T": [0.0687001581384159, 0.1469333846355077, 0.06729230923336589], "aligned_model": [[-0.49617865649865667, -0.3134622954853683, 0.061427981793789194, 0.3540730834752211, 0.6863020385412401, -0.08043904101639163, -0.2756609208238099, -0.5525354805312042, -0.07746840093273302, -0.20016556581155015, 0.42149676142062414, 0.06528321232154126], [-0.33603759480128864, 0.2087440663925788, -0.30849942605701036, 0.6983825462679614, -0.28907839874434044, -0.7042608124220355, 0.6379417021415072, 0.1483517406310147, 0.6651964137407045, -0.1990480390142752, 0.14569241118803433, 0.0989399445912618], [-0.17487787893728224, -0.5717120055990967, -0.5856197108962344, -0.2757483517376862, -0.08693018551016334, -0.011018279925836302, -0.07634213844805614, 0.19700588693918786, 0.6219784195385016, 0.5831399192104801, 0.6293317870700601, -0.008799607787685307]], "inverted": true, "swapped": false, "error_lsq": 0.036939547087609596, "error_max": 0.20661816848942272, "target": "715.xyz", "model": "10.xyz", "model_rescale": 4.260839863003843, "target_rescale": 3.8622232380299395},
{"mapping": [1, 3, 2, 4, 9, 8, 5, 0, 6, 7, 10, 11], "R": [[0.3682726767844614, -0.38224999071613025, -0.8475023186584953], [0.4726698536962461, -0.7079917719297676, 0.5247197921619855], [-0.8005988039841034, -0.593828759388821, -0.08005597780276474]], "T": [-0.006548570331072076, 0.030874007325588024, 0.017438949097715158], "aligned_model": [[-0.549990497722944, -0.4330453012225668, 0.028299175732557552, 0.52794978098841, 0.7552322949599172, 0.24714253889848697, -0.0016490611746830391, -0.7888794622673144, -0.253715889099941, -0.2929982385627324, 0.41334947227443214, -0.05902209635092011], [-0.377675330866743, 0.3136406501277765, -0.2129924460817439, 0.37381542128636563, -0.17832050036861324, -0.6385266671766359, 0.7023510223353635, 0.24180243113234456, 0.6019251768973385, -0.21514625425677197, 0.15279130657590545, 0.0026597443095262505], [-0.22958119776587005, -0.4744722580017106, -0.6226172309663972, -0.34698601935060525, -0.09054638501902185, 0.07362582596933642, -0.05809591286340662, 0.354339297877096, 0.5796348339257452, 0.5531872554349019, 0.4670561173662047, 0.034863527309916056]], "inverted": true, "swapped": false, "error_lsq": 0.04856243113743134, "error_max": 0.2880109033970711, "target": "715.xyz", "model": "11.xyz", "model_rescale": 3.890672605050136, "target_rescale": 3.8622232380299395},
{"mapping": [6, 5, 9, 12, 10, 11, 7, 8, 3, 0, 4, 13], "R": [[0.3737392387343179, 0.7861407256503954, 0.4922415473161143], [0.36029052244646365, -0.6120703222821989, 0.7039606949373094], [0.8546986140538353, -0.08574776997237293, -0.5119937490626406]], "T": [-0.08925518698026763, -0.12013296742594883, 0.06227793452881038], "aligned_model": [[-0.5216844029347918, -0.2573221090354795, -0.10016245785918507, 0.37598797060968464, 0.7866828190167008, 0.20656881745271477, -0.027604125420584436, -0.7094371872298106, -0.2459155505147687, -0.28443273875668845, 0.3777937999824132, -0.007802118857502566], [-0.4870618768746772, 0.34691551221722794, -0.2842192700365857, 0.32417445312411114, -0.1348287537415882, -0.5674182944177187, 0.7229151408823599, 0.23558302876367931, 0.5427503237826413, -0.08134512676056964, 0.12214026620666595, 0.026719150768566943], [-0.039832263499005, -0.5365470893378815, -0.6984961007529845, -0.3135835653683669, -0.11676716581515896, -0.06095419827084651, -0.04922634324898505, 0.15189636153703895, 0.6860618945147503, 0.6182417520981692, 0.5251234464088236, 0.07449112565063494]], "inverted": false, "swapped": false, "error_lsq": 0.046317689894989855, "error_max": 0.2645038853518435, "target": "715.xyz", "model": "12.xyz", "model_rescale": 4.124412569039231, "target_rescale": 3.8622232380299395},
{"mapping": [6, 9, 8, 10, 2, 1, 7, 3, 5, 0, 4, 12], "R": [[-0.9343587407034012, -0.2644856022508538, -0.23879093339814594], [-0.35605780568536183, 0.7193504718699136, 0.5964543047300923], [0.014020794616560667, 0.642325668818035, -0.7663035641935803]], "T": [-0.11662687082207285, 0.10701504655147136, 0.03287313103689622], "aligned_model": [[-0.45657040996847936, -0.4306893055659037, 0.08202854455362235, 0.4592236777989201, 0.6604263632127796, 0.057651565455755116, -0.19501124952803633, -0.8134911123081725, -0.0029253595980342495, -0.26178066925011884, 0.4951094093570339, -0.0012987377066638883], [-0.38452162844632376, 0.2691255843793094, -0.25662934265095905, 0.513734917814131, -0.21643268007537286, -0.6834939281263709, 0.7228565116050546, 0.014005594056892987, 0.6299257078448707, -0.012501393700549104, 0.03440819961376383, 0.1358470115996658], [-0.2678641332134908, -0.4997864531332737, -0.5529552611070351, -0.18526619203553413, -0.15142378501115916, 0.11997586641917075, -0.054721695360444786, 0.15321782951002635, 0.5689536154077435, 0.5818845960405161, 0.5215276358149864, 0.00686583058468334]], "inverted": true, "swapped": false, "error_lsq": 0.042132368833531976, "error_max": 0.21880263213838258, "target": "715.xyz", "model": "13.xyz", "model_rescale": 3.9028299243045295, "target_rescale": 3.8622232380299395},
{"mapping": [12, 11, 1, 9, 3, 2, 14, 13, 10, 5, 4, 15], "R": [[0.8643503292767319, 0.49265778541131316, 0.10092975157418065], [0.26380232955300487, -0.27332010086221237, -0.925042946779812], [-0.42814347969064426, 0.8261866792307238, -0.36620859064213157]], "T": [0.06826534230332876, -0.06923847055258907, 0.0588153666470283], "aligned_model": [[-0.5948994936391838, -0.2770069827436148, 0.044200290572987154, 0.2826070492231864, 0.671914573954923, 0.1868248477810866, -0.3822444913293907, -0.6152666758642851, 0.03536446696962678, -0.22881738182994488, 0.35109097355625724, 0.11890553980105417], [-0.20817709485806413, 0.20410507770033348, -0.21976955178017166, 0.5501205328156166, -0.19779727088830218, -0.7606288953916339, 0.6703460970998301, 0.22700309929074525, 0.5670872911659214, -0.11767111591533731, 0.026367340194604974, 0.025339044480570186], [-0.09976820124803581, -0.5344190006338181, -0.5728174559742134, -0.35506567191971644, 0.14696118458998722, -0.16495392002462136, -0.12313575281519551, 0.33751998489312, 0.4452861409943366, 0.4729384975391245, 0.6672826748407084, 0.02057937367451254]], "inverted": true, "swapped": false, "error_lsq": 0.04773834670001179, "error_max": 0.24332088196664414, "target": "715.xyz", "model": "14.xyz", "model_rescale": 3.942246331269136, "target_rescale": 3.8622232380299395},
{"mapping": [10, 6, 11, 8, 13, 4, 7, 9, 2, 5, 1, 14], "R": [[-0.6345014060318444, -0.6752405466781162, 0.376109252565596], [-0.77142815474079, 0.5230064299059458, -0.36244016933868733], [0.048026740643438204, -0.5201100637354323, -0.8527478840690794]], "T": [0.03678494062496824, -0.015069217857249892, 0.06619840706377639], "aligned_model": [[-0.48286193052412346, -0.2274585164641118, 0.10468429643087293, 0.3234454254073533, 0.6781334014855879, 0.06411972648812048, -0.3051529568103325, -0.7432424808808847, -0.17576904341220556, -0.16599876833255978, 0.44019569223332805, 0.08257787083165716], [-0.4509523919029014, 0.22448618682525673, -0.17994562587335172, 0.5182460762478861, -0.39012966725776027, -0.5930592434547083, 0.758088806097563, 0.18350684607247997, 0.5580416575508649, 0.03377732228561829, 0.05123599922745674, 0.05302858809570839], [-0.1551011725381951, -0.36458923529778525, -0.6282916736554525, -0.41571599386824726, -0.2638495554394293, -0.027845820373475244, -0.06141292637041845, 0.08314168494816265, 0.5233774168601092, 0.665591717909513, 0.7658446172691533, 0.11925879447225342]], "inverted": false, "swapped": false, "error_lsq": 0.048363605910212576, "error_max": 0.31346238569290474, "target": "715.xyz", "model": "15.xyz", "model_rescale": 4.355366556412066, "target_rescale": 3.8622232380299395},
{"mapping": [6, 8, 2, 1, 0, 4, 10, 10, 7, 3, 5, 11], "R": [[-0.15879465901447662, -0.8124898085394008, 0.5609318740168756], [0.7300041750431869, 0.2858980802390605, 0.620770643744641], [-0.6647391674092871, 0.5080576726467456, 0.5477218642493471]], "T": [0.06240779292054607, 0.1359188527991638, 0.0449837806488069], "aligned_model": [[-0.625221969581334, -0.3323910734192613, 0.20893015839045628, 0.2826822666111149, 0.7084511817392087, 0.09573991042437699, -0.4485977115366439, -0.4485977115366439, -0.13019489781926794, -0.1999556981267195, 0.4759086505975112, 0.005919610709904738], [-0.3089708783547208, 0.2406287823469315, -0.2564288931713242, 0.4317538902750704, -0.12953271583939677, -0.6342789165764071, 0.49910658742142444, 0.49910658742142444, 0.5262555081866839, -0.13850580119648878, 0.014526688208020916, 0.0226637151928948], [-0.028053195157576732, -0.6032490491305833, -0.679805736655342, -0.3532097027820237, -0.08181315566067549, 0.04873839492309043, -0.0198532645004936, -0.0198532645004936, 0.8266503455986101, 0.5805895280824666, 0.5246095357884671, 0.0456574179107429]], "inverted": false, "swapped": false, "error_lsq": 0.05789164453220549, "error_max": 0.4604623432835257, "target": "715.xyz", "model": "16.xyz", "model_rescale": 3.795458400668931, "target_rescale": 3.8622232380299395},
{"mapping": [10, 5, 9, 6, 8, 11, 1, 2, 0, 4, 7, 12], "R": [[-0.5680251745298949, -0.7438373283337785, 0.3522121946746721], [-0.21869128802915766, -0.27615445709871655, -0.935902151063166], [0.7934239230325932, -0.6086417212135393, -0.005808059726774617]], "T": [0.053705160312352805, 0.07421658746021328, 0.1363929820118256], "aligned_model": [[-0.5107117840153013, -0.2473578887595044, 0.052747709214569706, 0.3811039728538563, 0.6331246220943029, 0.24531838305987122, -0.3708687210431533, -0.6395353881770092, 0.051567726381540134, -0.3023169126649363, 0.3932295386927733, -0.09362854118430713], [-0.28542760583920246, 0.34795681605329887, -0.2313369873811901, 0.4712341889394418, -0.17049459285870253, -0.7121220604079765, 0.7742988624613296, 0.18594140006672571, 0.6158130649862633, -0.2276275484639184, 0.004715361166790513, -0.006626344808747006], [-0.16525785958151828, -0.5246697470526631, -0.7030008321324343, -0.30242690437651043, -0.11275817261117066, 0.1191804005625832, -0.07436384358066273, 0.2284959282142924, 0.37655766379471184, 0.5809536522756737, 0.6942168391343544, 0.12348072926953255]], "inverted": false, "swapped": false, "error_lsq": 0.04505682605731051, "error_max": 0.3114921202817465, "target": "715.xyz", "model": "17.xyz", "model_rescale": 3.7474275329858107, "target_rescale": 3.8622232380299395},
{"mapping": [2, 9, 6, 5, 8, 0, 12, 7, 11, 1, 3, 13], "R": [[-0.5449906086376545, -0.8277410897918218, -0.1335287413518392], [-0.705872305486098, 0.3670191363644636, 0.6058392871793841], [-0.45247046847777783, 0.42443096236317485, -0.7843014939058638]], "T": [0.01793277822385418, 0.11009653855200138, 0.03985619642370581], "aligned_model": [[-0.4592698527037943, -0.25827762320276304, -0.18100964261681957, 0.4061475514898575, 0.7139250248471406, 0.19951403034769788, -0.1926422655858187, -0.671977751356769, -0.12206946705681894, -0.20958966349225439, 0.38068364621016626, -0.012761270427121812], [-0.40246779007691125, 0.24265300235152448, -0.27544506690325465, 0.5489947837245409, -0.07002129028459037, -0.7036861072592464, 0.7921558035741596, 0.37409783924446527, 0.48468029250872213, -0.2620091861809283, 0.024032813640015138, 0.013339459575616247], [-0.07585111476536774, -0.5550057740406934, -0.597935615309063, -0.38426354713085314, 0.0372462933292144, -0.022821112344712784, -0.1830568656329794, 0.18732163794397716, 0.6413734816234875, 0.5767819687108983, 0.6069488029164068, 0.009669698615874241]], "inverted": false, "swapped": false, "error_lsq": 0.03961923452612182, "error_max": 0.22917040100654595, "target": "715.xyz", "model": "18.xyz", "model_rescale": 3.922800546911778, "target_rescale": 3.8622232380299395},
{"mapping": [12, 13, 8, 4, 1, 5, 11, 7, 9, 3, 2, 14], "R": [[0.04633413673568979, 0.5902563254661216, 0.8058849905663901], [-0.9057717151452461, 0.36501474062323336, -0.21527154751753275], [-0.42122529341885206, -0.7199734087971486, 0.5515501271953587]], "T": [0.08834207731903004, 0.02841945460342283, -0.027970815659881316], "aligned_model": [[-0.581209606406166, -0.3617012308690006, 0.1910278013817382, 0.242530100497433, 0.7513121145734662, 0.03920391352882635, -0.1970035212221679, -0.6230970698104936, -0.022995920585382468, -0.26311287870078415, 0.4077882588706731, 0.00993075519455977], [-0.37654677233127437, 0.26372183835268925, -0.21831070945131933, 0.5731685278815541, -0.2765937956447292, -0.7323291125510084, 0.6797370819606641, 0.27538944515207603, 0.4910585528557149, -0.1920607949144499, 0.21881525518698197, 0.060275037417213496], [-0.10745001060763927, -0.4904722273088314, -0.5783983969463358, -0.47890500128248265, 0.09620917794518936, -0.06512964526365439, -0.06805635489417695, 0.23862097483388042, 0.6325684344274446, 0.4588732220429054, 0.5842648734337932, 0.018282807536095593]], "inverted": true, "swapped": false, "error_lsq": 0.03736111882465861, "error_max": 0.2138886865595114, "target": "715.xyz", "model": "19.xyz", "model_rescale": 3.9282355846067225, "target_rescale": 3.8622232380299395},
{"mapping": [5, 1, 3, 11, 8, 6, 10, 2, 12, 7, 9, 13], "R": [[-0.5956393644365952, 0.6803663546103165, 0.4269840407413821], [-0.052962374221521835, -0.5636776919539548, 0.8242951210035652], [0.801504045186541, 0.46836853343038715, 0.3717824396631447]], "T": [0.05502552871553917, -0.00917408191506558, 0.002717172937538672], "aligned_model": [[-0.4748256361820448, -0.4494620154411478, -0.04489115599311289, 0.4669838267848018, 0.7617910575349877, 0.03448619769086927, -0.241606883238497, -0.7370187756827249, 0.05371679640373383, -0.25687595179090345, 0.5101724466564159, -0.029797190289675403], [-0.4260721827102791, 0.16078269675826143, -0.3067764617098527, 0.5273801399055891, -0.24171596288812527, -0.6617230187341818, 0.7976223912272156, 0.21308641277012105, 0.43918023448711396, -0.13771827351353058, 0.31779317650200717, 0.08448540181977401], [-0.17933740365588077, -0.5246421044819005, -0.6812452155012322, -0.2334249432219105, 0.16092064949308835, 0.02725438945376676, 0.06036274601104205, 0.047240231372961405, 0.7250543791306268, 0.526445760703959, 0.4081287172353407, -0.09634935262367245]], "inverted": false, "swapped": false, "error_lsq": 0.04626637080568103, "error_max": 0.2999178150745221, "target": "715.xyz", "model": "20.xyz", "model_rescale": 4.067790424073018, "target_rescale": 3.8622232380299395},
{"mapping": [0, 12, 3, 11, 6, 2, 10, 7, 1, 8, 5, 14], "R": [[-0.7048210417511801, -0.3870164811926255, 0.5945128614168574], [0.38977136606753565, 0.48895028899964693, 0.7803882989134379], [-0.5927103688131569, 0.7817581839497685, -0.1937745094921714]], "T": [0.0317708029938984, 0.05685958635301888, 0.07374983937871762], "aligned_model": [[-0.4851819873536202, -0.3128786113685627, 0.10577512359605393, 0.3218367478184679, 0.6923185929905199, 0.10576864886920856, -0.012986708151413055, -0.6553295837577032, -0.2881607165839324, -0.18787796719544073, 0.29205277547944114, 0.01733640210968293], [-0.41391986165233385, 0.3246802615449811, -0.28273720803817315, 0.3510253994891389, -0.23922780570365723, -0.6656688668357843, 0.8665853028692843, 0.09409111451894406, 0.5946442143182965, -0.12045406031215863, 0.12758021004408537, 0.12972585367148928], [-0.05108826942083497, -0.5559347912237941, -0.702743814440977, -0.4236036325244582, -0.07976164583013293, -0.08811085590380455, -0.042988546604499786, 0.36214337093761995, 0.6045385148265712, 0.5692114273809168, 0.5988384119468774, 0.04990768477270478]], "inverted": false, "swapped": false, "error_lsq": 0.04913127488177602, "error_max": 0.3254936903689069, "target": "715.xyz", "model": "21.xyz", "model_rescale": 4.186013935880536, "target_rescale": 3.8622232380299395},
{"mapping": [5, 8, 2, 9, 1, 0, 11, 3, 4, 6, 7, 12], "R": [[0.859585658409117, -0.3785823616075582, 0.3432024057855788], [0.13926745657332668, -0.4726452047765404, -0.8701787666573687], [0.49164730386422506, 0.7957901142144118, -0.3535548369371463]], "T": [0.024771292270432586, 0.12849234221471117, 0.01502920037479798], "aligned_model": [[-0.5739865980452037, -0.03926148663246135, -0.0510158902744759, 0.44501484057750196, 0.6336528929352241, 0.0967766615314066, -0.3687194631478414, -0.8055009190906407, -0.12112495045160565, -0.13638989078112762, 0.525450184725699, -0.012222664893772828], [-0.2978683981970396, 0.38549947791790296, -0.2785147040491781, 0.47755770331287634, -0.2739411553773001, -0.5838672924165457, 0.6039666202170927, 0.03966256953643804, 0.5357819769886151, -0.10150446730442003, 0.11913185381710745, 0.14042036946856318], [-0.22630932521771577, -0.7043561387357725, -0.6000323982626398, -0.2799275659927895, -0.03430346953154449, 0.11067133937212871, -0.11934049513103233, 0.4088514715379558, 0.5985063537696828, 0.4956344330820966, 0.5512723987350006, 0.03974125029081848]], "inverted": true, "swapped": false, "error_lsq": 0.048609651101488516, "error_max": 0.3323394846610888, "target": "715.xyz", "model": "22.xyz", "model_rescale": 4.166573947596378, "target_rescale": 3.8622232380299395},
{"mapping": [4, 3, 2, 12, 6, 1, 9, 8, 10, 7, 13, 15], "R": [[-0.41439969663739284, -0.9069001189646912, 0.07619098141293057], [-0.559114655037885, 0.18763556210497923, -0.8075789115346039], [0.7180972733193628, -0.37725995024038445, -0.5848172671834504]], "T": [-0.013782375953104567, 0.14353905030312059, -0.020592822189365544], "aligned_model": [[-0.5461247624773582, -0.3590664453560646, 0.07207538103963358, 0.5224159638308602, 0.6068434984436192, 0.12315532593786525, -0.28537063111864763, -0.8049412248839093, -0.01968159251456142, -0.165482597658213, 0.4400068981950053, 0.00884290301447253], [-0.3156453503427506, 0.17573976202005567, -0.27353506047326315, 0.4329332848398857, -0.25070250245513803, -0.5559149477214922, 0.6732772801798681, 0.17056196548954533, 0.4509042800053979, -0.06357420830243651, 0.24217547239184245, 0.0801045782825979], [-0.2341689984772373, -0.5116820987954823, -0.5416368422811006, -0.26168133842150904, -0.21681910502355398, -0.03113944796950797, -0.09847987981308322, 0.14498669959547758, 0.6623662160538559, 0.6468506499448852, 0.6873332260680859, -0.00552122696464169]], "inverted": true, "swapped": false, "error_lsq": 0.04238482982291402, "error_max": 0.25258437230444897, "target": "715.xyz", "model": "23.xyz", "model_rescale": 4.274766983524099, "target_rescale": 3.8622232380299395},
{"mapping": [3, 8, 10, 4, 9, 5, 2, 0, 1, 7, 11], "R": [[0.4293202378394176, -0.7482300488368517, 0.505802261164488], [0.3806734222736985, -0.35794685794655573, -0.8526205442402963], [0.8190066415823115, 0.5585927325912783, 0.13115746315125337]], "T": [-0.05049410176783632, 0.05137567348327093, 0.03298526232860764], "aligned_model": [[0.34327813735455026, 0.08439718475714723, -0.492976600493904, -0.5380319574606911, -0.32547775775252386, -0.5999612320407275, 0.07634189901144613, -0.06772558803482305, 0.5240427885596184, 0.32469928942480025, 0.051308540633182145], [-0.22707097549706462, 0.8572498556819053, 0.42619664227135345, -0.31176182811577546, 0.5540579419347255, -0.24238033198746184, -0.6257958877540324, -0.011726625885821552, -0.16964754531166695, 0.5775206915778727, 0.08894459432944915], [-0.5473448603829725, -0.3432026916478625, -0.49965357194247895, -0.441393029089178, 0.2097185199649672, 0.3594061933561907, 0.23649714851910075, 0.6727187564059182, 0.16919261192499574, 0.4904883829726595, 0.07313897394023722]], "inverted": true, "swapped": true, "error_lsq": 0.0519627524578179, "error_max": 0.31123052852936467, "target": "715.xyz", "model": "24.xyz", "model_rescale": 3.7841303162186577, "target_rescale": 3.8622232380299395},
{"mapping": [6, 1, 4, 8, 12, 3, 0, 7, 10, 11, 14, 15], "R": [[0.9011580627565862, -0.0636360134015794, -0.428794360652226], [0.37938470630988497, -0.3627688860946886, 0.8511556731290592], [-0.20971740639956327, -0.9297038200846405, -0.30276957636636403]], "T": [0.06523133397507194, 0.1075710516137861, 0.02608235375939088], "aligned_model": [[-0.4644010417559722, -0.20932160056999718, 0.018754932406592373, 0.17517041449947324, 0.7216130164023826, 0.02958485550826276, -0.407302901284586, -0.5170854752714744, -0.013937606574614583, -0.34721424411658475, 0.5836449357486388, 0.023167431460581665], [-0.3460479773951291, 0.37357489050974146, -0.26544105814089575, 0.5158936570996375, -0.25021431557904616, -0.692891112522538, 0.6408631305851316, 0.28911143775460585, 0.5765312318890125, -0.27220235585824953, 0.14298599343559465, 0.05416103213624746], [-0.16298317811124932, -0.6118040292497698, -0.6184378188744548, -0.38700823202241813, 0.15385020740309602, -0.05753307539252712, -0.1573322159061183, 0.25137279290189607, 0.6417638732527621, 0.5505710316661732, 0.6254921315429013, 0.012456366705897039]], "inverted": true, "swapped": false, "error_lsq": 0.04304097233494425, "error_max": 0.23856989361921585, "target": "715.xyz", "model": "25.xyz", "model_rescale": 4.19342608120988, "target_rescale": 3.8622232380299395},
{"mapping": [6, 8, 2, 1, 0, 4, 10, 10, 7, 3, 5, 11], "R": [[-0.15879465901447662, -0.8124898085394008, 0.5609318740168756], [0.7300041750431869, 0.2858980802390605, 0.620770643744641], [-0.6647391674092871, 0.5080576726467456, 0.5477218642493471]], "T": [0.06240779292054607, 0.1359188527991638, 0.0449837806488069], "aligned_model": [[-0.625221969581334, -0.3323910734192613, 0.20893015839045628, 0.2826822666111149, 0.7084511817392087, 0.09573991042437699, -0.4485977115366439, -0.4485977115366439, -0.13019489781926794, -0.1999556981267195, 0.4759086505975112, 0.005919610709904738], [-0.3089708783547208, 0.2406287823469315, -0.2564288931713242, 0.4317538902750704, -0.12953271583939677, -0.6342789165764071, 0.49910658742142444, 0.49910658742142444, 0.5262555081866839, -0.13850580119648878, 0.014526688208020916, 0.0226637151928948], [-0.028053195157576732, -0.6032490491305833, -0.679805736655342, -0.3532097027820237, -0.08181315566067549, 0.04873839492309043, -0.0198532645004936, -0.0198532645004936, 0.8266503455986101, 0.5805895280824666, 0.5246095357884671, 0.0456574179107429]], "inverted": false, "swapped": false, "error_lsq": 0.05789164453220549, "error_max": 0.4604623432835257, "target": "715.xyz", "model": "26.xyz", "model_rescale": 3.795458400668931, "target_rescale": 3.8622232380299395},
{"mapping": [8, 5, 6, 7, 0, 1, 10, 11, 4, 9, 2, 12], "R": [[0.09868625861830022, -0.7218092137352576, -0.6850200590689377], [-0.6993370541379795, 0.4394216615086876, -0.5637697119450077], [0.7079468250296308, 0.5346962337288653, -0.4614230494531367]], "T": [-0.07047864499319575, 0.023998260300925577, 0.12594459092892782], "aligned_model": [[-0.5772148496015734, -0.2182806097856391, 0.02273110240386103, 0.3170152456744082, 0.7480094926583237, 0.03017701547046417, -0.26022843478673374, -0.7311163018886218, -0.29481496733680523, -0.006819221385759827, 0.5552525646622473, 0.007961680368530566], [-0.32785350101193267, 0.20190869579607199, -0.36956897069871053, 0.5553390507041157, -0.05651393584332457, -0.5554487717779509, 0.6797913097030236, 0.2166628939900541, 0.7041278356585666, -0.04404191555953719, -0.3418606977729244, 0.10378256072666095], [-0.26157375329016586, -0.5905489010342965, -0.593502236396985, -0.3512697715733044, 0.004009580006343549, 0.059140806733458534, -0.07805766920178092, 0.32091334983786035, 0.5571755706112367, 0.5451012470495894, 0.6253868698355649, 0.0036327613386678698]], "inverted": false, "swapped": false, "error_lsq": 0.058523133416634184, "error_max": 0.4484177593299534, "target": "715.xyz", "model": "27.xyz", "model_rescale": 3.6321398670334006, "target_rescale": 3.8622232380299395},
{"mapping": [0, 11, 2, 13, 4, 3, 9, 10, 12, 8, 7, 14], "R": [[0.5691622775160184, -0.7744973453053193, 0.27605826190822913], [0.644634563492296, 0.21191535435658224, -0.7345326147551393], [0.5103925757726855, 0.5960249530874843, 0.6198819838430427]], "T": [-0.013477498949154204, 0.03953528699141307, 0.027356456949818534], "aligned_model": [[-0.4639764718387914, -0.34566695744863507, 0.020492058380460684, 0.2338648840419445, 0.8103372357701863, 0.06594379632414724, -0.22040373910436217, -0.7742939651629805, 0.1442036627921726, -0.239125646358722, 0.33916848498443486, 0.022129374072847152], [-0.3582145345245828, 0.21549849343725772, -0.19590342733025481, 0.5418471278279201, -0.02731720703115228, -0.6174163469099473, 0.672183618201658, 0.19654910176499368, 0.4868690022013264, -0.00571217544838528, -0.18894486150593848, 0.04688576323121779], [-0.14074306455224253, -0.4934246391527877, -0.7321554552054852, -0.5667663351106902, 0.08503903023930423, 0.2108418474682387, -0.03188695088895094, 0.061658056107293996, 0.7045114830172262, 0.4900282591033021, 0.6787588024798266, -0.025453179588846447]], "inverted": false, "swapped": false, "error_lsq": 0.054596853385976925, "error_max": 0.3301110788444209, "target": "715.xyz", "model": "28.xyz", "model_rescale": 4.156811204709835, "target_rescale": 3.8622232380299395},
{"mapping": [0, 9, 5, 4, 8, 7, 2, 6, 3, 11], "R": [[0.9459621854779054, -0.10199333639095781, 0.3078195948566391], [0.3193869800823459, 0.12881457636404128, -0.9388283985212803], [0.05610258995575637, 0.9864097344653454, 0.15442906187716995]], "T": [-0.07719475057768493, 0.018182361008197073, -0.06114800900348415], "aligned_model": [[-0.5427467279259899, -0.10314798040755904, 0.06537102641933284, 0.6422855461646109, 0.013819506611201557, -0.7340593453463207, -0.22157748127865862, -0.4482379501990856, 0.14885962351496912, -0.17764084344191264], [-0.06862488180876569, -0.578698118580405, -0.03172233531264505, 0.2244252238675799, -0.5500033792380267, -0.3760659515095928, 0.6235861680507282, 0.09967002326716241, 0.5551325319416479, 0.021021049948520366], [-0.4961924052788531, -0.11214057097523716, -0.7481282581575062, -0.24664397469768778, 0.6302473937877778, 0.1388643368048585, -0.4199036915463544, 0.5980836078684945, 0.4183893699842124, -0.003789080814605099]], "inverted": false, "swapped": true, "error_lsq": 0.05433114917069061, "error_max": 0.2793798658768116, "target": "715.xyz", "model": "29.xyz", "model_rescale": 4.117894457231895, "target_rescale": 3.8622232380299395},
