[{"mapping": [7, 4, 9, 6, 2, 3, 0, 1, 8, 11, 5, 5, 12, 13], "R": [[-0.9452924823236974, 0.31619522110378795, -0.08026646256955007], [-0.3123096220081536, -0.8060592322485385, 0.5027237950485548], [0.09425933833539556, 0.5002890127296657, 0.8607125425358632]], "T": [0.06426316263555931, 0.020554468176184712, 0.12217647930267501], "aligned_model": [[-0.11044701508111521, -0.6528827971727099, 0.3792626239466857, -0.6963113653010079, -0.24441271991369107, -0.24501119723869014, 0.4517811289072659, 0.4140075511816699, -0.4465433995158009, 0.07858510718063558, -0.1609346205709476, -0.1609346205709476, 0.6365757271401689, 0.04865184215511115], [0.024457974299294624, -0.2666977611960723, -0.29994952317159784, 0.007935901437924671, -0.6824565658375831, -0.22192101743460352, -0.64136571780144, -0.03649325810950342, 0.4105614756462623, 0.6594248881889889, 0.5938500878038251, 0.5938500878038251, 0.050212998692155675, 0.058165448121288994], [-0.6132523744402442, -0.440488657046135, -0.4564388529069609, 0.19907539616886544, 0.08030846051699171, 0.46678540983106115, 0.2064612809730476, 0.577663617462593, -0.3222898544168134, -0.15836105683178192, 0.5615161558585633, 0.5615161558585633, 0.04033206561795116, -0.035562428756893236]], "inverted": true, "swapped": false, "error_lsq": 0.04855670271753754, "error_max": 0.37170429105977004, "target": "717.xyz", "model": "0.xyz", "model_rescale": 3.8414455957264533, "target_rescale": 4.188301002729085},
{"mapping": [5, 6, 10, 9, 8, 13, 12, 11, 2, 4, 7, 0, 1, 14], "R": [[-0.45482127552806273, 0.27595669343196716, -0.8467499693989493], [-0.7503116144670312, -0.6309239197360677, 0.19740184573796027], [-0.4797604491023657, 0.7251088958597677, 0.49401113410744607]], "T": [-0.07302127691342744, 0.06375285152280294, 0.0238052519289464], "aligned_model": [[0.002423128461347901, -0.5264171495024752, 0.1873130452888657, -0.7011029307579358, -0.28564930036206504, -0.1737431970283302, 0.3237653475120219, 0.5625714060006556, -0.4893006515113897, -0.0027733376833328077, -0.4731814670337745, 0.09659258992258057, 0.7563556914174644, 0.01453307042299315], [0.0911729032007769, -0.2040175491705792, -0.40007239694072694, -0.034110698929229744, -0.6832072839266393, -0.2064596656876009, -0.5672783684684246, -0.17765449787110063, 0.449063933262562, 0.5904473357890503, 0.48585045743198363, 0.5404403144840657, 0.30686307354106745, 0.05853746172756054], [-0.6303194054920357, -0.5530468686490785, -0.4068610689989937, 0.27168796933843214, 0.16920909367409293, 0.7250094240432559, 0.18705205263423771, 0.5376241258667004, -0.44826633182853487, -0.09227826165342007, 0.2970458701827253, 0.5429560665672928, 0.06290967010938836, 0.00454298209474556]], "inverted": false, "swapped": false, "error_lsq": 0.043152996907510455, "error_max": 0.2660189321080039, "target": "717.xyz", "model": "1.xyz", "model_rescale": 4.316132596720782, "target_rescale": 4.188301002729085},
{"mapping": [0, 9, 8, 4, 1, 2, 3, 6, 10, 12, 5, 13], "R": [[0.20181925714451465, 0.7896614902800988, 0.5793994461632234], [0.006308444326556362, -0.5926081461854684, 0.8054661933345195], [0.9794024662904496, -0.15890347964483448, -0.12458127138919678]], "T": [0.034349987499346764, 0.022010746525417964, 0.046198590453459774], "aligned_model": [[-0.3753017236563887, 0.5181964537682205, 0.23879492789654583, -0.5117641752002433, -0.4985608620368109, -0.4001112964729537, -0.09145488824956347, -0.2790146539930465, 0.44867112202, 0.25077863622009444, 0.22218026890234643, 0.07539474543357955], [-0.5590387140405931, -0.48578958598899563, -0.5184514312877568, 0.49429050757829135, -0.21827797110006883, -0.058397996274359314, 0.29811718834472695, 0.5156235793907804, 0.08889402474298302, -0.13121972963809286, 0.5882603288125644, -0.0012337727984990526], [0.14088937475512922, -0.007718186726084514, -0.543395840378322, -0.07685131690637126, -0.4287829284713493, 0.48609522773559555, -0.6685334459309568, 0.4946200873085559, -0.40367231567254763, 0.74146490218902, -0.30573129002196797, 0.02087419332871991]], "inverted": false, "swapped": true, "error_lsq": 0.04862446036351293, "error_max": 0.2865137042596492, "target": "717.xyz", "model": "2.xyz", "model_rescale": 3.795458400668931, "target_rescale": 4.188301002729085},
{"mapping": [12, 6, 7, 3, 9, 10, 5, 0, 4, 1, 11, 13], "R": [[0.4608402192649539, 0.08430871349740249, 0.883469486250794], [0.33824106582474134, -0.9370279066455611, -0.08701542137564117], [0.8204994050561963, 0.3389258665192881, -0.46033681506759533]], "T": [0.12445227844853801, -0.019654181932243775, -0.025650297702027612], "aligned_model": [[-0.14701138106147082, -0.1401969234562191, -0.6846304022434486, 0.2597907285728507, 0.1547043527380854, -0.0506895448005823, -0.2625766822156878, 0.7546069374860137, 0.21764102100770327, 0.7977067536055753, -0.4266839490212673, 0.1206429151320127], [-0.13008274219696175, -0.7066665738818994, -0.16189644485575833, 0.10588871054052154, 0.6036687662733292, 0.4678193313865204, 0.012823567381886398, -0.07878661779773073, -0.5837367275526435, -0.05413987284558954, 0.5771314362527109, 0.03374621258532404], [-0.7096307050895854, -0.055777351782653424, 0.006373602450207329, 0.7285552471450343, -0.3503484863719769, 0.3063348271994938, 0.5478714754072449, -0.3630044223700338, 0.43212352318460584, 0.3103247512150316, -0.13883838399385776, -0.025212646354410624]], "inverted": true, "swapped": true, "error_lsq": 0.04663839872563597, "error_max": 0.26961742536683087, "target": "717.xyz", "model": "3.xyz", "model_rescale": 3.7530521520055578, "target_rescale": 4.188301002729085},
{"mapping": [4, 7, 5, 11, 3, 12, 1, 2, 0, 9, 13], "R": [[-0.46267129098231824, 0.7806763854007174, 0.42009481998523346], [0.796026847494462, 0.574416489668421, -0.19075364862837518], [-0.3902262607370034, 0.246150518331121, -0.8872053808203244]], "T": [-0.07828971206097812, -0.023786318339577794, 0.03559928996761505], "aligned_model": [[-0.47948628696421086, -0.01890007174291833, 0.21521524571974338, 0.5618801885067647, 0.24011048610792113, -0.3306004086426122, -0.1571889391555799, -0.6780043046228519, -0.3779982022599951, 0.3911021968917703, -0.027930301392826352], [-0.6174620057948755, 0.10998618534639658, -0.4566988757034886, 0.3687330272217794, -0.7311548800233919, 0.6552800929935846, -0.5129622625370265, 0.10994494185920305, 0.12144202013383436, 0.42987288694223436, -0.009777772123903418], [-0.11612617761410185, -0.7733821459249345, -0.41850973026708804, -0.2942898125314286, 0.06957795324195176, -0.1344721786458619, 0.6028927698120232, 0.14138011146009186, 0.670802324685978, 0.2977827386382418, 0.04717492439044492]], "inverted": false, "swapped": true, "error_lsq": 0.0419346793840388, "error_max": 0.20510305082919386, "target": "717.xyz", "model": "4.xyz", "model_rescale": 3.7855080009869324, "target_rescale": 4.188301002729085},
{"mapping": [15, 10, 9, 7, 5, 4, 3, 1, 8, 13, 6, 11, 14, 16], "R": [[0.4351653464818481, -0.9003242659098257, 0.006880220582722307], [0.033915222990908905, 0.0240280146875492, 0.9991358326872539], [-0.8997115531495693, -0.4345559465984888, 0.0409908575792364]], "T": [0.030577994779851465, 0.020511794010254557, 0.0841152006294128], "aligned_model": [[0.049724147351895405, -0.3726622252489588, 0.3205531643931904, -0.6907535965085002, -0.32737906784528026, -0.31343380581412417, 0.22248721937892854, 0.36026858148794577, -0.4092977270430261, 0.04242847699646127, -0.39831047217713933, 0.12731222719250557, 0.6050952684043185, 0.07535405457840877], [0.23371785975591453, -0.3267319695518645, -0.368546190083432, -0.14281050618452454, -0.6873864075645577, -0.10796560621518224, -0.6355030581501167, -0.010257222736106509, 0.35599987275699413, 0.7301602671920511, 0.4068184393629709, 0.6559842721819529, 0.13218979645239773, 0.013905471226268142], [-0.7118086054329521, -0.41366323170028996, -0.43690524548543475, 0.20401529881289926, 0.2448949323844995, 0.7261044704375239, -0.03930266135995908, 0.7648951383728105, -0.3509330407568088, -0.06123351610856689, 0.38890845307207345, 0.5523602711493223, -0.25523023489390645, 0.05516328939759667]], "inverted": false, "swapped": false, "error_lsq": 0.044602747957390866, "error_max": 0.2769122970511543, "target": "717.xyz", "model": "5.xyz", "model_rescale": 4.2253639853439635, "target_rescale": 4.188301002729085},
{"mapping": [1, 4, 10, 3, 2, 6, 5, 11, 0, 9, 7, 12, 8, 13], "R": [[0.3847296948948424, -0.8901124024389973, -0.2443009883123649], [-0.8622759768015664, -0.4410254281223855, 0.2489512232955904], [-0.32933751941894784, 0.11487594514842223, -0.9371981196786678]], "T": [-0.013284210123981878, 0.020653613548456653, 0.002741742119105904], "aligned_model": [[-0.002249772088121195, -0.4936873966538501, 0.30931402244812384, -0.6777900506243754, -0.19742002175578782, -0.2224406829835086, 0.3391965203368297, 0.41428801476202043, -0.4946427188789584, 0.2148811685600712, -0.5451648822380152, 0.02396070025239528, 0.6922866603124975, -0.06914531630269455], [0.10176279598495988, -0.25082183229745575, -0.5533465166249614, -0.12273427892978561, -0.6235356063083906, -0.18887247388024483, -0.459246819843357, 0.06585879004250578, 0.6245999518056731, 0.5499870100479328, 0.3711358466854312, 0.65315269245245, 0.07878341874880358, 0.002852040559204169], [-0.7266452084496448, -0.44045705399978874, -0.4155484744666897, 0.20493316856903115, 0.038600687058341486, 0.5737674479072877, 0.21767004443140472, 0.6513496925308813, -0.21314122590172815, -0.19811428294779113, 0.47566496095463223, 0.6882353571919868, -0.20857685180383703, 0.019527056814722353]], "inverted": true, "swapped": false, "error_lsq": 0.04080759896133817, "error_max": 0.2363423770986934, "target": "717.xyz", "model": "6.xyz", "model_rescale": 3.89814844738969, "target_rescale": 4.188301002729085},
{"mapping": [4, 6, 2, 3, 0, 7, 5, 1, 10, 11, 12, 8, 13], "R": [[-0.19041636420538513, 0.24404058398297143, 0.9508868500573833], [-0.9322746051779635, -0.34842977660026286, -0.09726639357230871], [0.3075803452483179, -0.9050087757295733, 0.2938595703212409]], "T": [-0.0050699594376796, 0.1338817392580055, 0.00026471411357563424], "aligned_model": [[0.044911834486091304, 0.06397837912208462, 0.5023907060803926, -0.3332380928579599, 0.6766748673835689, -0.5933268310713593, -0.6096263033325819, 0.356482454155281, -0.49336889551432017, -0.5974616478335314, 0.17630352085877068, -0.016781207940556847, -0.028306982631657242], [-0.31169442969846856, 0.2898746711173532, 0.2899162196389595, -0.5696170241805498, 0.07211312874947845, 0.5451464474539975, -0.13532770999437382, -0.5153064066211729, -0.03939908850207419, 0.5408040417991069, 0.8529906796985803, -0.19235764492754293, 0.13663838093719213], [-0.5788672475641836, -0.7165556248144224, -0.3266422123438372, 0.017547186691468458, 0.2142926902448553, -0.4005948230144759, -0.2042135104322319, 0.12345029836201064, 0.332013280578371, 0.3954888092730367, -0.0605807908176917, 0.7585188951328197, 0.04841807954057734]], "inverted": true, "swapped": true, "error_lsq": 0.04762802554391252, "error_max": 0.288783833778852, "target": "717.xyz", "model": "7.xyz", "model_rescale": 3.7474275329858107, "target_rescale": 4.188301002729085},
{"mapping": [11, 10, 12, 6, 0, 3, 1, 2, 7, 9, 5, 8, 4, 14], "R": [[0.9753983686995485, 0.19089282452315937, -0.11026310300290962], [0.20200519353203078, -0.5736764116599614, 0.793781630230278], [0.08827187618005392, -0.7965270266918261, -0.5981243780562137]], "T": [0.0357153775495004, -0.028803941018065854, -0.029181809827811656], "aligned_model": [[-0.028378820347301763, -0.506477663366655, 0.25305541399505554, -0.7438244882990587, -0.3155626067492313, -0.25668644584497513, 0.3012905448040781, 0.5405247643680033, -0.5153147046515411, -0.08120842934627401, -0.4023256344046736, 0.23524228716762835, 0.7181610553640312, 0.09289097245754022], [0.23884874330914505, -0.28846439702748294, -0.3142473652946435, -0.10005980982451736, -0.5384478072956455, -0.029598912927121884, -0.6820910113798274, -0.18039956272308247, 0.29914025459119087, 0.7005786108947981, 0.4418465691233505, 0.45994326607317726, 0.2823934421227474, -0.03986700119932257], [-0.5866169450303489, -0.4916388496221435, -0.5311060858839334, 0.20358050909686515, 0.19682736020655262, 0.6255204726486296, 0.2306020508827849, 0.6271532770825583, -0.2587380883299003, -0.2153815854304606, 0.2864598115906498, 0.4027041655815243, 0.19364083579893226, -0.01574161070290201]], "inverted": false, "swapped": false, "error_lsq": 0.05148963993181642, "error_max": 0.30769199793181284, "target": "717.xyz", "model": "8.xyz", "model_rescale": 4.019505241142653, "target_rescale": 4.188301002729085},
{"mapping": [12, 9, 0, 2, 6, 4, 1, 7, 5, 10, 8, 3, 13], "R": [[0.32624271980335534, 0.9444014300372645, 0.04088553190162822], [0.8214453908115458, -0.3046390792375109, 0.4821021689598466], [0.46775330858239395, -0.1236970910930862, -0.8751604835487787]], "T": [-0.024917664532181347, -0.11004751984560937, -0.02552113561544614], "aligned_model": [[-0.4003679132454432, -0.6866348755720072, -0.003162929407516217, 0.2234931112169437, 0.4221132098677662, 0.6992608277883994, 0.3722126786101211, -0.11130089124913121, 0.1731274433979169, -0.2619626315440949, -0.3823463244743098, 0.34250431401574505, -0.06723524766321343], [-0.6176171833235612, 0.1252230746404722, 0.23220977651328809, -0.32380288407990804, -0.6848384851807512, -0.17187917125070729, 0.5134932674870274, -0.8031439531862172, -0.19447740996181992, 0.12349990081869297, 0.6258482916205657, 0.32388419400351454, -0.08502118998653684], [-0.4193819365398114, -0.0661865935360713, -0.6554306682447699, -0.5559284842018053, -0.13826691004226524, 0.06488068542431702, -0.16982796767769295, 0.4081013360932859, 0.6328276881122694, 0.49195784319395097, 0.08502659112255886, 0.5032584736797897, -0.004326563339876865]], "inverted": true, "swapped": true, "error_lsq": 0.04842405350194715, "error_max": 0.2368606094883965, "target": "717.xyz", "model": "9.xyz", "model_rescale": 3.877068213659057, "target_rescale": 4.188301002729085},
{"mapping": [10, 6, 9, 3, 13, 4, 2, 7, 12, 0, 5, 1, 8, 15], "R": [[-0.8404086085629514, 0.45566283076345565, -0.29340203699688044], [0.3710579287748174, 0.08919781464073673, -0.9243158352839465], [-0.39500554951370864, -0.8856721371500582, -0.2440399174918355]], "T": [-0.06764053296099133, -0.05405400727137424, -0.03476559481580298], "aligned_model": [[-0.03336662088935484, -0.5794501257946851, 0.4711368186968377, -0.633824218053806, -0.3572412879659211, -0.1511476231045023, 0.2986693714302498, 0.43950904011032715, -0.4891114718512077, 0.04967167308929114, -0.42712049395317647, 0.10635178538373054, 0.6555513829881287, -0.05824198493928524], [-0.14768495124282696, -0.16355242799130285, -0.305219920508505, -0.051462869395333115, -0.7708152719523327, -0.21980777376986999, -0.5627021132587275, -0.03671820748897466, 0.4861203916951504, 0.7312597865194375, 0.5152908588113173, 0.525479634689126, 0.21441181389002814, 0.03497606844557883], [-0.7370969444949972, -0.3609030070642265, -0.3216104191860316, 0.25192354601002775, -0.029950190658413353, 0.6161129918132985, 0.1830635037221635, 0.604597643098524, -0.33270700195097025, -0.09209034712480961, 0.3622432506182362, 0.5871460075815653, -0.019193460020825504, -0.044270254454733406]], "inverted": false, "swapped": false, "error_lsq": 0.036400037253993, "error_max": 0.18704710116672488, "target": "717.xyz", "model": "10.xyz", "model_rescale": 4.260839863003843, "target_rescale": 4.188301002729085},
{"mapping": [7, 6, 2, 12, 0, 9, 11, 5, 4, 1, 10, 13], "R": [[-0.298919095892027, -0.28046088205021763, 0.9121343474240553], [-0.4558094727347389, 0.8817136821067073, 0.12173211306435049], [-0.838382429847127, -0.3793714227843821, -0.3913977834609964]], "T": [-0.044822704361646745, 0.04163699716721883, 0.014776305316749977], "aligned_model": [[0.5126401167936642, 0.1593830390850005, -0.38345789142904513, -0.3807558192114278, -0.7025129905604663, -0.36247037211673455, 0.1751777976732491, 0.6379174704864647, 0.2895625375101974, -0.2204475654252691, 0.280293496573141, -0.0464311702846435], [-0.11791149942973608, -0.6505706434525015, -0.48185724216106196, -0.16517457415707443, -0.04346628475708467, 0.6175768033257265, 0.6026490281515813, 0.13815981069472344, -0.4546618360614503, 0.07050827627968392, 0.56332211090682, 0.09450455619330736], [-0.5680209630377844, -0.1338220215912991, 0.011427252978501917, -0.6161706808559828, 0.28790679346109316, -0.23476106329947102, -0.5416237651142743, 0.08052312988532762, 0.43703701774056347, 0.7466659432474714, 0.040531025009929805, 0.006485408971429353]], "inverted": false, "swapped": true, "error_lsq": 0.055776196685014545, "error_max": 0.3203203575658372, "target": "717.xyz", "model": "11.xyz", "model_rescale": 3.890672605050136, "target_rescale": 4.188301002729085},
{"mapping": [10, 11, 12, 11, 9, 6, 5, 8, 2, 4, 0, 3, 7, 13], "R": [[-0.174772041274428, 0.6543683373569043, -0.7357015785313571], [-0.9696643648991732, 0.015300537332262304, 0.24396088416389083], [0.1708969076181689, 0.756021145618365, 0.6318435521111553]], "T": [-0.1493297254881176, -0.004208177404485286, 0.1653869075023479], "aligned_model": [[-0.2092766297481439, -0.5929226980709822, 0.31059377379752795, -0.5929226980709822, -0.17918007112627887, -0.45434576942431726, 0.4261549430323387, 0.23835927007616595, -0.519630466774116, -0.0314136034514574, -0.18946380716595876, 0.4080597006785922, 0.6917585468329451, -0.01438424543870745], [0.023773636897030576, -0.13740608557442952, -0.17293335993429026, -0.13740608557442952, -0.7639329770032709, -0.26991546190532445, -0.5274510080641044, 0.005071764767088269, 0.35588842641753327, 0.5906608854589283, 0.48903752703671355, 0.6793727279848846, 0.06114283501916848, 0.05367219291726743], [-0.7263327183782293, -0.13167496455379674, -0.39598136229048914, -0.13167496455379674, -0.0011892065154453513, 0.5757808595121914, 0.16283381207339104, 0.7726777531683946, -0.32325604045206224, -0.1857307793734077, 0.4875552955937272, 0.43942582697662735, 0.04183961447018719, 0.08299219221151712]], "inverted": true, "swapped": false, "error_lsq": 0.05906610939912738, "error_max": 0.3928085797116716, "target": "717.xyz", "model": "12.xyz", "model_rescale": 4.124412569039231, "target_rescale": 4.188301002729085},
{"mapping": [1, 4, 5, 0, 3, 8, 2, 9, 6, 12, 11, 7, 13], "R": [[0.30257694286922276, -0.3627358197448117, -0.881402245696013], [-0.4399925959948884, 0.7671611256926135, -0.4667658114040929], [0.8454902182246665, 0.5290430344500358, 0.07252419311032897]], "T": [0.07852439738108545, 0.09771685985662662, -0.029295989601879728], "aligned_model": [[-0.21191543730567952, -0.033509814343860356, 0.6592010510640328, -0.5534176500472155, 0.453551030196134, 0.2359698484189074, -0.4849309201539406, 0.2092874250083938, -0.11671745368250981, -0.16018344186974826, 0.697275796531138, 0.5636681796952893, 0.10901969399881642], [-0.2061056197507932, 0.565074818978768, 0.34920525243230727, -0.2386662105249536, 0.005265690954680824, -0.6947556531332321, 0.35543535768598156, -0.471432937190292, 0.8081653982566351, 0.2605955335670189, -0.1053693236784633, 0.6643747517709997, 0.055698317139819965], [0.5957453594334402, 0.5233838495010618, 0.2523805218274927, 0.014235876442753766, 0.6442849809269823, 0.14016473821274347, -0.09879782914383117, -0.42152696570045994, -0.03803441207630892, -0.7150111550877364, -0.527912541961966, -0.3748499213568536, -0.04236442004947932]], "inverted": true, "swapped": true, "error_lsq": 0.04609959025308592, "error_max": 0.27670596875355874, "target": "717.xyz", "model": "13.xyz", "model_rescale": 3.9028299243045295, "target_rescale": 4.188301002729085},
{"mapping": [11, 14, 6, 10, 7, 4, 3, 0, 13, 12, 5, 8, 2, 15], "R": [[-0.3140483137923115, -0.0447897655942078, -0.9483499003544116], [0.9255079448693072, 0.2082698942610923, -0.31632055754924493], [0.2116806570945904, -0.9770453050102077, -0.02395352520012589]], "T": [0.03217130244898051, 0.011073714194865806, 0.009826269275319821], "aligned_model": [[-0.05887528036102712, -0.6588517022178624, 0.3710468511493771, -0.6658147230334361, -0.35659273427687616, -0.20547963848711862, 0.3316306177929122, 0.4094209262141463, -0.5967993534251171, -0.04334695051794075, -0.22857367995750041, 0.26547068734394397, 0.7355557382737762, -0.00740451335065067], [0.11625058216901055, 0.02871407511027405, -0.4778267950433045, -0.22374330267078624, -0.8070212818642177, -0.21511955902944613, -0.44325202935194297, 0.02571624821457558, 0.49423341410114663, 0.6379401203242663, 0.3378329425418989, 0.6430287407470084, 0.21536197917283845, -0.08254011597855618], [-0.7157803972732284, -0.5426469676067355, -0.29108553974669255, 0.12397125983798045, 0.024354070515538825, 0.602887739363343, 0.3141315147814304, 0.7478538614500647, -0.050206806866207127, -0.28270713274250064, 0.3053635672514774, 0.38759789470626227, 0.08510182830684243, -0.041569574088767026]], "inverted": false, "swapped": false, "error_lsq": 0.04650262658969591, "error_max": 0.2659379925297527, "target": "717.xyz", "model": "14.xyz", "model_rescale": 3.942246331269136, "target_rescale": 4.188301002729085},
{"mapping": [0, 2, 1, 9, 5, 10, 3, 4, 7, 8, 6, 11, 12, 14], "R": [[0.21887478346579636, 0.8583464015712384, -0.46404233004383066], [0.49870639818035895, -0.50717231362278, -0.7028998312053362], [-0.8386809629273663, -0.0775738306661673, -0.5390700726426971]], "T": [0.01091314720128337, 0.0286324916153035, 0.146135574580001], "aligned_model": [[-0.06850006693565483, -0.4174169427053895, 0.3695696538623962, -0.7739820128482895, -0.16796561236816013, -0.26663900169537336, 0.41161872877130257, 0.2906323844041528, -0.6461453590883742, 0.00845657342964002, -0.3497618248478442, 0.11752834276307492, 0.760577293678117, 0.0234140887270287], [0.17207784450361974, -0.201104930312268, -0.46969579011877044, -0.0938257699294845, -0.5321345891734989, -0.071160724524431, -0.5662760045581103, -0.1098512176113106, 0.3659062512930082, 0.7352478139483025, 0.44249532870201963, 0.5957592381408505, -0.03725033166478314, 0.01938789974762243], [-0.5706868964847981, -0.4424236575165663, -0.38270832453790615, 0.2769249779831263, -0.09118747248373535, 0.7957559519532006, 0.19159818097214212, 0.6423647429488991, -0.28456157943231586, -0.169347670264044, 0.25300234188544696, 0.5717075169202109, -0.1728305352914928, 0.0496577412366417]], "inverted": true, "swapped": false, "error_lsq": 0.04259711734654243, "error_max": 0.2409679353460787, "target": "717.xyz", "model": "15.xyz", "model_rescale": 4.355366556412066, "target_rescale": 4.188301002729085},
{"mapping": [0, 9, 8, 4, 1, 2, 3, 6, 10, 12, 5, 13], "R": [[0.20181925714451465, 0.7896614902800988, 0.5793994461632234], [0.006308444326556362, -0.5926081461854684, 0.8054661933345195], [0.9794024662904496, -0.15890347964483448, -0.12458127138919678]], "T": [0.034349987499346764, 0.022010746525417964, 0.046198590453459774], "aligned_model": [[-0.3753017236563887, 0.5181964537682205, 0.23879492789654583, -0.5117641752002433, -0.4985608620368109, -0.4001112964729537, -0.09145488824956347, -0.2790146539930465, 0.44867112202, 0.25077863622009444, 0.22218026890234643, 0.07539474543357955], [-0.5590387140405931, -0.48578958598899563, -0.5184514312877568, 0.49429050757829135, -0.21827797110006883, -0.058397996274359314, 0.29811718834472695, 0.5156235793907804, 0.08889402474298302, -0.13121972963809286, 0.5882603288125644, -0.0012337727984990526], [0.14088937475512922, -0.007718186726084514, -0.543395840378322, -0.07685131690637126, -0.4287829284713493, 0.48609522773559555, -0.6685334459309568, 0.4946200873085559, -0.40367231567254763, 0.74146490218902, -0.30573129002196797, 0.02087419332871991]], "inverted": false, "swapped": true, "error_lsq": 0.04862446036351293, "error_max": 0.2865137042596492, "target": "717.xyz", "model": "16.xyz", "model_rescale": 3.795458400668931, "target_rescale": 4.188301002729085},
{"mapping": [4, 6, 2, 3, 0, 7, 5, 1, 10, 11, 12, 8, 13], "R": [[-0.19041636420538513, 0.24404058398297143, 0.9508868500573833], [-0.9322746051779635, -0.34842977660026286, -0.09726639357230871], [0.3075803452483179, -0.9050087757295733, 0.2938595703212409]], "T": [-0.0050699594376796, 0.1338817392580055, 0.00026471411357563424], "aligned_model": [[0.044911834486091304, 0.06397837912208462, 0.5023907060803926, -0.3332380928579599, 0.6766748673835689, -0.5933268310713593, -0.6096263033325819, 0.356482454155281, -0.49336889551432017, -0.5974616478335314, 0.17630352085877068, -0.016781207940556847, -0.028306982631657242], [-0.31169442969846856, 0.2898746711173532, 0.2899162196389595, -0.5696170241805498, 0.07211312874947845, 0.5451464474539975, -0.13532770999437382, -0.5153064066211729, -0.03939908850207419, 0.5408040417991069, 0.8529906796985803, -0.19235764492754293, 0.13663838093719213], [-0.5788672475641836, -0.7165556248144224, -0.3266422123438372, 0.017547186691468458, 0.2142926902448553, -0.4005948230144759, -0.2042135104322319, 0.12345029836201064, 0.332013280578371, 0.3954888092730367, -0.0605807908176917, 0.7585188951328197, 0.04841807954057734]], "inverted": true, "swapped": true, "error_lsq": 0.04762802554391252, "error_max": 0.288783833778852, "target": "717.xyz", "model": "17.xyz", "model_rescale": 3.7474275329858107, "target_rescale": 4.188301002729085},
{"mapping": [1, 7, 2, 12, 9, 5, 6, 4, 11, 3, 10, 8, 0, 13], "R": [[-0.606523466415057, 0.6473913127953396, 0.4615341512878438], [0.7238948050008142, 0.2095985351586227, 0.6573011222812517], [0.3287941544198994, 0.7327707296122619, -0.5957696382351294]], "T": [-0.08745649154587648, 0.04495082235861021, 0.010106274852000344], "aligned_model": [[0.10304993362665138, -0.5488111893839311, 0.2913691362641117, -0.7467185941985295, -0.17513016872673545, -0.3193282801579954, 0.34331742827299794, 0.39689210205140796, -0.5915614990956504, -0.015433491004191169, -0.4588915603646069, 0.26910202895993585, 0.7420598549873973, 0.0014705439157640388], [0.28731087505525393, -0.28681338205519363, -0.3736094014290829, -0.23679966225520316, -0.5800193832855418, -0.004570091441956012, -0.5802866626745241, -0.1834748362353414, 0.4201685514835784, 0.7073972954279725, 0.501131747770403, 0.49294499573963413, 0.0876033368748468, -0.0014083645320799726], [-0.6091572584151709, -0.4843668159110161, -0.4201624860252533, 0.22277283954749738, 0.23247923688373634, 0.6934825177903011, 0.14616041397924195, 0.6444988823096045, -0.3460207515298774, -0.11860479312651272, 0.37118012243102677, 0.4448725261756964, -0.08594467319330114, -0.023924443027164746]], "inverted": true, "swapped": false, "error_lsq": 0.04071786758514071, "error_max": 0.316629539463946, "target": "717.xyz", "model": "18.xyz", "model_rescale": 3.922800546911778, "target_rescale": 4.188301002729085},
{"mapping": [10, 11, 6, 7, 13, 12, 8, 5, 9, 2, 3, 0, 1, 14], "R": [[0.6019769849676221, 0.4870002267724661, 0.6328147348891758], [-0.29849061780139874, -0.5978020221303019, 0.7440000627832376], [0.740626127444766, -0.6367601757808733, -0.21449806033081217]], "T": [0.016592308872492932, -0.07199893146992109, 0.03396180801075086], "aligned_model": [[-0.0643266127067571, -0.5367622102278689, 0.49954272243140935, -0.7630032763746497, -0.35535023627490664, -0.3117346934601691, 0.3660741924112242, 0.3687222341751006, -0.47688457807901, 0.02811089862625673, -0.28663764947541026, 0.21389543420652604, 0.6857109763611471, -0.0759709564662659], [0.08464164341735392, -0.24754077107741979, -0.2630743440614643, -0.006703630772939395, -0.6492254179581501, -0.2610095130089927, -0.5534172997065705, -0.03719225087253057, 0.4905067760167675, 0.5735515397253009, 0.34049118953100543, 0.5921820490833299, 0.23536235674675238, -0.04899730861967735], [-0.7531319003192936, -0.3786244878198635, -0.4199289901547931, 0.19575879880078764, 0.05075684376284657, 0.7232298430827564, 0.17710307328461022, 0.7102211745838772, -0.28667985647553706, -0.27629755771008857, 0.4174363652138006, 0.5012708465298265, -0.04214516446773211, 0.04829632957761175]], "inverted": true, "swapped": false, "error_lsq": 0.03424223494115225, "error_max": 0.19476059593621814, "target": "717.xyz", "model": "19.xyz", "model_rescale": 3.9282355846067225, "target_rescale": 4.188301002729085},
{"mapping": [0, 4, 11, 6, 8, 7, 9, 12, 3, 1, 5, 2, 10, 13], "R": [[0.21694041017232674, -0.48553856322003935, 0.8468702155941501], [0.19078882357735966, -0.8297114021434459, -0.5245746981614], [0.9573591192610167, 0.2753748223410715, -0.08736260062746265]], "T": [-0.11953302940692606, -0.04789973423119726, 0.11125566681345514], "aligned_model": [[0.06756983352844623, -0.3422700077709364, 0.2936383004307379, -0.7377311368499795, -0.3707304617036371, -0.07555510787632924, 0.2557979013903459, 0.49989624593769416, -0.5742556129167034, -0.044717180751916025, -0.5155360792684387, 0.18312193140622163, 0.6993309396862344, -0.047173320095114046], [0.21316559063975749, -0.2845067923496525, -0.3043192647311939, -0.05637089637324528, -0.7594940566978066, 0.0046598076917644254, -0.6248889845444419, -0.34655449655281684, 0.32934116782669515, 0.6386397001411952, 0.4980138378042674, 0.6530501382092141, 0.21518914439554598, 0.0736501229834825], [-0.6215706448240629, -0.4307528049447015, -0.4149587836763541, 0.32245082164152894, 0.015574167196172689, 0.7304496698127733, 0.17933593302619807, 0.6111627092285633, -0.3548685044138026, -0.17954837399113618, 0.2925016560558429, 0.4207479306599696, 0.06145214228573489, 0.035289399832081195]], "inverted": false, "swapped": false, "error_lsq": 0.05228109773717244, "error_max": 0.3091012302526223, "target": "717.xyz", "model": "20.xyz", "model_rescale": 4.067790424073018, "target_rescale": 4.188301002729085},
{"mapping": [13, 9, 11, 7, 12, 0, 3, 2, 1, 5, 8, 4, 6, 14], "R": [[-0.546125657944965, -0.7786816526683911, 0.30887157449626607], [-0.8268313257631192, 0.5602695161237173, -0.049477550861968006], [-0.13452406651221205, -0.28240565344928736, -0.9498159413427946]], "T": [-0.019396754004747618, 0.032121307797521516, 0.020019659200064408], "aligned_model": [[0.07712109685387254, -0.6619747803874285, 0.3007597306274864, -0.7297060534701708, -0.1964575299638891, -0.26006512043248076, 0.4325200429118853, 0.35553559172900173, -0.6703786584794516, 0.0009903014213205157, -0.31884153074183375, 0.2987471707925522, 0.7125560874013416, -0.049420103115579206], [0.232107613951498, -0.2755622880824924, -0.36218707876305956, 0.06807500941555639, -0.6975715511518974, -0.21796744549833916, -0.6415318385023699, -0.03192759834677499, 0.3753977928385585, 0.6059141596365518, 0.4381930461714924, 0.6218516985352086, 0.13621055355739786, -0.0014270553185644491], [-0.6439180539129344, -0.290583277530053, -0.3800465548383987, 0.24547916252979174, -0.13233413994080875, 0.6396908481356864, 0.276354720780972, 0.6595862353148888, -0.34287001569187425, -0.11713810400484156, 0.28573843103199853, 0.4598775954604254, 0.05112222452937959, -0.04369375397542337]], "inverted": false, "swapped": false, "error_lsq": 0.04316159524840888, "error_max": 0.25884469275988764, "target": "717.xyz", "model": "21.xyz", "model_rescale": 4.186013935880536, "target_rescale": 4.188301002729085},
{"mapping": [11, 9, 12, 5, 3, 7, 10, 8, 2, 0, 1, 4, 13], "R": [[-0.5872364889371816, 0.5715851984136103, -0.5731000497428046], [-0.4428267864208708, 0.36580710455632975, 0.8185900069535904], [0.6775380013614706, 0.7344899748877368, 0.03829795687129939]], "T": [0.06913023056605942, 0.05620034779538605, 0.0013548676381996035], "aligned_model": [[0.06510838013567631, -0.37160245614367365, 0.35914009324995994, 0.315024134349708, -0.13372730670976274, 0.7553142994152551, -0.14489959475870323, -0.7161414274198415, 0.26637049082420794, -0.34143502798073444, -0.40606152052715133, 0.3761328708774294, 0.0353511001108554], [-0.5136199216680155, -0.07850719193421404, 0.3906202279104577, -0.5283588396113919, -0.4048768617161398, -0.32830771343345094, -0.5195157372777008, -0.19398052980892025, 0.6455117952662437, 0.6439753726976993, 0.23888828224809702, 0.14339839760533682, 0.02372937926809205], [-0.5885641466410712, -0.5301375378481556, -0.5967870940871424, 0.2799229729986515, 0.5922526119645645, -0.23776466365503682, -0.03416176021150001, -0.046359321170161005, 0.051748540799936196, 0.020223711906709973, 0.556474677219824, 0.660578661242227, -0.02454709118350031]], "inverted": true, "swapped": true, "error_lsq": 0.04262723830616537, "error_max": 0.26783339421153424, "target": "717.xyz", "model": "22.xyz", "model_rescale": 4.166573947596378, "target_rescale": 4.188301002729085},
{"mapping": [14, 12, 9, 6, 11, 2, 3, 4, 5, 7, 1, 0, 8, 15], "R": [[-0.33169527277294963, -0.8679578095034489, 0.3696315556632759], [-0.9161799074904552, 0.38979200890124366, 0.09314809127144769], [-0.22492803989467328, -0.30775222293057064, -0.924497672333702]], "T": [-0.029445352898357504, -0.013883170182749836, -0.05337432765493462], "aligned_model": [[-0.1970285072162449, -0.49106773552951727, 0.36559101412788725, -0.7544365346544124, -0.09934688672934011, -0.2924491402172185, 0.24609033091372187, 0.3239544754224372, -0.44339916342668323, 0.14265070136626348, -0.35424055090017026, 0.15884450017924787, 0.7528152418679501, -0.06659150005729468], [-0.08299624271588818, -0.3865549029713123, -0.3420424917624957, -0.002040400692718096, -0.7982646598542625, -0.2517653858779761, -0.4408856406896982, 0.05452693695778473, 0.7068907288817352, 0.6704474986154294, 0.3293345151585231, 0.6212969686945671, 0.14094874184934295, 0.030679352849733776], [-0.8235152451590901, -0.3315863163677115, -0.36435164944724974, 0.17761304679143824, -0.09756461680513501, 0.5185087884631729, 0.26783530660785776, 0.5871583662401133, -0.0671297039785349, -0.1694093719260557, 0.48030044286647927, 0.4239608640519212, 0.08143880639933752, -0.0159933998477355]], "inverted": false, "swapped": false, "error_lsq": 0.04766625592950892, "error_max": 0.24612690633971115, "target": "717.xyz", "model": "23.xyz", "model_rescale": 4.274766983524099, "target_rescale": 4.188301002729085},
{"mapping": [12, 2, 0, 9, 1, 3, 11, 5, 7, 4, 13], "R": [[-0.7770926070452178, 0.3979717262532782, -0.48759161721532207], [0.07722117394063524, 0.8291439225773866, 0.5536761200812397], [0.6246310674077118, 0.3926052225276315, -0.6750534563078185]], "T": [-0.06326318281490127, 0.09650152333528478, -0.0035776430824953145], "aligned_model": [[0.3976308208689859, 0.16735365923312212, -0.4102826354599093, -0.36559608192320026, -0.6448248017738581, -0.4498459273160457, 0.030436577621325053, 0.05021265655102526, 0.6233506633118978, 0.07365130129414525, -0.09219152844941295], [-0.03790887361461834, 0.5785288874349976, 0.4882736498536492, -0.41259870483740385, 0.5544737729521064, 0.1441745245449973, -0.7181859303326232, -0.10826271541457758, -0.2681004659776181, 0.6435832985604699, 0.05160908807410375], [-0.5721079814170125, -0.32482010152239615, -0.49397691416451656, -0.38342942374877254, 0.13566167114417643, 0.668125106964097, -0.018425737598243404, 0.6483182728681528, 0.26381718004303245, 0.4637403282818745, -0.00733596682881473]], "inverted": true, "swapped": true, "error_lsq": 0.06214856427016509, "error_max": 0.4482900402583689, "target": "717.xyz", "model": "24.xyz", "model_rescale": 3.7841303162186577, "target_rescale": 4.188301002729085},
{"mapping": [0, 1, 7, 4, 6, 3, 11, 13, 2, 9, 5, 12, 10, 15], "R": [[0.16158865816744644, 0.9860486706415471, 0.039964042309080336], [-0.9816163982556941, 0.15643015583035874, 0.10935654083048107], [0.10157929034583346, -0.05690013596580862, 0.9931988835575227]], "T": [0.01834344756276892, 0.062406770469040494, -0.06253750008524216], "aligned_model": [[0.012756551677234423, -0.5079200127553557, 0.32114635641183725, -0.6969685575334155, -0.24788407732894815, -0.2698433394222502, 0.45074282454577314, 0.35670758275218806, -0.4874343326093196, 0.16872008733316599, -0.5462637154281955, 0.004324187069557783, 0.7393264504495672, -0.006023760015212674], [-0.19821594807837992, -0.08924333339633261, -0.4309508847264624, -0.08910200100708002, -0.5834958111817504, -0.23788628175982338, -0.46784703598680216, 0.045862112832142414, 0.6205586948226611, 0.6276428363081352, 0.361747281041916, 0.5566146570329173, 0.12866223500831514, 0.00522849753330884], [-0.7505596905143805, -0.5656134487598125, -0.35870330255540817, 0.08604974832264774, 0.12174275455399654, 0.6272264785505484, 0.28572856011368913, 0.6426121177918683, -0.024481037404555803, -0.06851785226806106, 0.5382559383550823, 0.5125572152629565, -0.34722825905753213, -0.03180390450223051]], "inverted": false, "swapped": false, "error_lsq": 0.047723737679264445, "error_max": 0.2672877977986217, "target": "717.xyz", "model": "25.xyz", "model_rescale": 4.19342608120988, "target_rescale": 4.188301002729085},
{"mapping": [0, 9, 8, 4, 1, 2, 3, 6, 10, 12, 5, 13], "R": [[0.20181925714451465, 0.7896614902800988, 0.5793994461632234], [0.006308444326556362, -0.5926081461854684, 0.8054661933345195], [0.9794024662904496, -0.15890347964483448, -0.12458127138919678]], "T": [0.034349987499346764, 0.022010746525417964, 0.046198590453459774], "aligned_model": [[-0.3753017236563887, 0.5181964537682205, 0.23879492789654583, -0.5117641752002433, -0.4985608620368109, -0.4001112964729537, -0.09145488824956347, -0.2790146539930465, 0.44867112202, 0.25077863622009444, 0.22218026890234643, 0.07539474543357955], [-0.5590387140405931, -0.48578958598899563, -0.5184514312877568, 0.49429050757829135, -0.21827797110006883, -0.058397996274359314, 0.29811718834472695, 0.5156235793907804, 0.08889402474298302, -0.13121972963809286, 0.5882603288125644, -0.0012337727984990526], [0.14088937475512922, -0.007718186726084514, -0.543395840378322, -0.07685131690637126, -0.4287829284713493, 0.48609522773559555, -0.6685334459309568, 0.4946200873085559, -0.40367231567254763, 0.74146490218902, -0.30573129002196797, 0.02087419332871991]], "inverted": false, "swapped": true, "error_lsq": 0.04862446036351293, "error_max": 0.2865137042596492, "target": "717.xyz", "model": "26.xyz", "model_rescale": 3.795458400668931, "target_rescale": 4.188301002729085},
{"mapping": [7, 9, 11, 5, 3, 2, 12, 6, 0, 10, 4, 1, 13], "R": [[0.2464869085217893, -0.9564836526335451, -0.15615129257282256], [0.9406196333135904, 0.19730152074003096, 0.2762368826545043], [-0.23340717502334485, -0.21496774678649655, 0.9483195445044665]], "T": [-0.09019452456104986, -0.06537090820178651, 0.020403680509894585], "aligned_model": [[-0.14811734628911938, 0.5419723339922656, 0.5660764835744175, -0.04600396759776605, -0.01746480254408188, -0.5820604731871369, -0.1371338082439792, -0.74324600456474, -0.19820870700620602, 0.39574360425452554, -0.6831456515743995, -0.21195672796702048, -0.036778550025502586], [-0.6197551711561465, -0.20729636647503483, -0.46328323804554306, 0.07757134499214635, 0.5788967547783479, -0.2130250651640545, -0.7525154069024305, -0.3455646548007085, 0.12557236936019, 0.10250889874616692, 0.2633948533583562, 0.6372474226407047, -0.06187023807507959], [-0.5838944342065948, 0.29444350740521075, -0.2688883861280024, -0.6559010967546631, -0.40683522664157723, 0.37395334207889264, 0.3020867020066266, -0.17439902732713264, 0.7032454966380038, -0.3175307997915087, -0.256638132402659, 0.26297641532855437, 0.01951830189427589]], "inverted": true, "swapped": true, "error_lsq": 0.052214266256772196, "error_max": 0.24550108744035123, "target": "717.xyz", "model": "27.xyz", "model_rescale": 3.6321398670334006, "target_rescale": 4.188301002729085},
