[{"mapping": [0, 1, 3, 10, 2, 12, 4, 9, 11, 6, 5, 8, 13], "R": [[0.5481497343776613, -0.27267530334417667, 0.7906832789732312], [-0.70023239737812, -0.6666071119536613, 0.25555732811815324], [0.45739092509995194, -0.6937457295284492, -0.5563365927181584]], "T": [-0.045322559971248025, 0.05516618872491606, -0.15781335440883618], "aligned_model": [[-0.549187175846101, -0.03296609724943979, 0.25837680780972805, -0.6319822030228449, -0.17772967410596802, -0.46307170146600446, -0.029758971076394317, -0.7434095824943584, 0.06296464003153737, 0.5028114503364544, 0.6225791242211448, 0.2049834727164691, -0.11209980471465376], [-0.3785488860677164, 0.07354248083965943, -0.3543551487958528, 0.8238501892000055, -0.6920485980955554, 0.3425501415767049, -0.40671255341371737, 0.011216961867888633, 0.6767747058104299, -0.2973301560119625, 0.38638374284294175, 0.2599512143081107, 0.1100300896533312], [-0.5495072621321179, -0.7344880834720143, -0.27296227503933224, 0.12570788865737778, -0.03373006023489772, -0.43712666665385, 0.6787450887810141, 0.06009980767118642, 0.14041235649749403, 0.2419887439833414, -0.28666804985543315, 0.5535157641570537, -0.019716959760765956]], "inverted": true, "swapped": false, "error_lsq": 0.0467563200679568, "error_max": 0.25872012229646807, "target": "718.xyz", "model": "0.xyz", "model_rescale": 3.8414455957264533, "target_rescale": 3.8857814568714653},
{"mapping": [7, 0, 13, 3, 9, 4, 6, 2, 1, 8, 11, 10, 14], "R": [[-0.1318375643305257, -0.9684228645568782, 0.21160343105641044], [0.500330181573059, 0.11927087825211044, 0.8575804143099586], [-0.8557386084771823, 0.2189328961221242, 0.46880680557892396]], "T": [-0.09311303885856843, 0.016487284584731452, -0.0008695631772644291], "aligned_model": [[-0.4190170248625146, -0.10843838018650724, 0.4458213650548987, -0.3802765154540995, -0.12980018047468578, -0.5239151885506892, -0.3753350822152007, -0.7959093248148803, 0.06555882339408096, 0.46390690812942553, 0.6085777675059205, 0.1259882190058696, -0.06565110139204897], [-0.3070197751275622, 0.1665695218080073, -0.34168179381905817, 0.7373174257243187, -0.6563410846385102, 0.26072013675793243, -0.3205350158486544, -0.1309040312358292, 0.8380213736890096, -0.4287444169033619, 0.39503677830093653, 0.24202213566264927, 0.1008429293443889], [-0.4504079668294639, -0.7099237398735203, -0.3959791937776154, 0.10551618480763499, -0.10794766178698724, -0.22576299702579122, 0.6447261780089971, 0.16930066948734745, -0.2208760897568683, 0.33942429240652466, -0.30186075108935567, 0.6070037543502221, 0.013057613677931821]], "inverted": true, "swapped": false, "error_lsq": 0.0453090483246303, "error_max": 0.27133232358627246, "target": "718.xyz", "model": "1.xyz", "model_rescale": 4.316132596720782, "target_rescale": 3.8857814568714653},
{"mapping": [10, 9, 2, 5, 1, 8, 0, 3, 4, 11, 7, 12], "R": [[-0.08226940453078879, 0.6978273371566746, -0.7115256513963317], [0.9793029028614861, -0.07587137933944776, -0.1876415685401197], [-0.18492584872109213, -0.7122362959818563, -0.6771424437744464]], "T": [0.09770772202200328, -0.05357836847681619, -0.02054975427932773], "aligned_model": [[-0.24722515314978433, 0.45265998578269173, 0.09177827940804706, -0.47185201731238524, -0.4778598638643963, -0.4719216255639973, -0.036619717514008165, -0.24375038819747175, 0.5668348688471618, 0.2730765839787691, 0.1915906705736036, -0.028903068356449513], [-0.7560639858157389, -0.391218003239462, -0.5543876067511267, 0.4481278718633128, -0.20134846286613736, -0.141352322786402, 0.34231786594698344, 0.6170048799966396, -0.06538815106578558, 0.02909260083864653, 0.6475458999264289, 0.038445841693621634], [0.10081451026775623, 0.04533173264988474, -0.5172383331312352, -0.1335479155569063, -0.3636812787512723, 0.44500451016499487, -0.6375695906438331, 0.5919323857113973, -0.5781218980459711, 0.603154123094468, -0.037436710004300405, -0.06938307454556136]], "inverted": true, "swapped": true, "error_lsq": 0.03689086267290413, "error_max": 0.2621080792885613, "target": "718.xyz", "model": "2.xyz", "model_rescale": 3.795458400668931, "target_rescale": 3.8857814568714653},
{"mapping": [3, 5, 7, 2, 11, 9, 0, 8, 1, 10, 6, 12], "R": [[0.8087797598384179, 0.5290459436707884, -0.2568767984096578], [0.49085154912964524, -0.3666423658901743, 0.7903405166455044], [0.3239445273387691, -0.7652997876779664, -0.5562159456428062]], "T": [0.05233248155949244, 0.12075947339073682, 0.14442055751018856], "aligned_model": [[-0.1025961936461138, -0.11243191977862799, -0.5601622585175545, 0.28086218877469515, 0.12087046534222273, 0.1733963038316916, -0.4166745865369994, 0.5631439396588911, 0.3290261154022879, 0.8246016355186646, -0.5296847236194216, 0.02295285931382941], [-0.19052231593307184, -0.5901965570188578, -0.057346217843953426, 0.11486859912661855, 0.4690816097270262, 0.5711703775563038, -0.36227116051693137, -0.16685939153255236, -0.4453619394576552, 0.12192259989741276, 0.6601925717924095, -0.03890913050703999], [-0.7613998767977869, -0.09279294883993439, -0.16185215295247907, 0.8117166434518588, -0.4038216222605745, 0.30814462775368057, 0.46411563831815916, -0.3086464095524005, 0.4160829743270481, 0.3198999484120594, -0.024156563559992378, 0.12148117233946208]], "inverted": false, "swapped": true, "error_lsq": 0.04774415285734654, "error_max": 0.3129095691714078, "target": "718.xyz", "model": "3.xyz", "model_rescale": 3.7530521520055578, "target_rescale": 3.8857814568714653},
{"mapping": [5, 3, 7, 6, 0, 11, 1, 8, 10, 9, 12], "R": [[0.17774565859772162, 0.9331458392950834, -0.31248251704045277], [-0.5987730415121383, -0.14943935453264656, -0.7868536865740476], [-0.780946429409832, 0.3269659338878297, 0.5321803758772903]], "T": [0.05970802203023488, 0.010746122865195898, 0.15723480787225041], "aligned_model": [[-0.2933489752638603, -0.42260013596762414, 0.2620622880476616, 0.6667588672102442, 0.30823879055683717, -0.07933916033405383, -0.29184026047635253, -0.6699627598745426, -0.4092561599852933, 0.2778971403450413, -0.010410031812852542], [-0.5759659412960607, 0.011105986738861609, -0.25417981007442686, 0.3253271806514946, -0.6890231690014512, 0.5317103310039353, -0.4740103524180978, 0.1098410095911636, 0.22786829150002957, 0.38365705304751635, -0.12912722142861788], [-0.18916920935086484, -0.6846610391315168, -0.46689772462946477, -0.2794325368789955, 0.09362220561016818, -0.21135361907249883, 0.4923142828374501, 0.07548282142588433, 0.7573386118305252, 0.39736591712521296, 0.10822106747941665]], "inverted": true, "swapped": true, "error_lsq": 0.04523461017131368, "error_max": 0.2361061823547962, "target": "718.xyz", "model": "4.xyz", "model_rescale": 3.7855080009869324, "target_rescale": 3.8857814568714653},
{"mapping": [13, 14, 15, 1, 8, 12, 7, 6, 2, 10, 9, 5, 16], "R": [[0.667575930529168, 0.22821897106695255, -0.7087019671365794], [-0.1721730393230575, -0.8787437224253961, -0.4451583031104997], [-0.7243609745895873, 0.4191963400879117, -0.5473350043150205]], "T": [-0.14882342870914655, 0.09598173476600959, 0.012397993082717634], "aligned_model": [[-0.5244721468457494, 0.06862398693770821, 0.2878477218582054, -0.5976604237664707, -0.09511855197881994, -0.5229289616769223, -0.18298026366120146, -0.6680261331832635, 0.1427359989967858, 0.4177726904680523, 0.5187121531216694, 0.18664478023402442, -0.11964056536444936], [-0.30569399006639497, 0.2770693061598649, -0.40364295574148845, 0.6986203713315178, -0.6015644279243618, 0.3586920836197839, -0.2792342743938161, -0.23407711740096393, 0.7408647816461281, -0.2859008569096727, 0.21615143360413358, 0.2580010709180734, 0.11601875887146297], [-0.45920808355125453, -0.6021110072159344, -0.4764901143440511, 0.10446299498760453, -0.06412005116135944, -0.4916789710985249, 0.6600211311592847, 0.2304960761553235, -0.19950916475083852, 0.26557539725356005, -0.20409567823353855, 0.7309479635931957, -0.028020200194411503]], "inverted": false, "swapped": false, "error_lsq": 0.04095129386884843, "error_max": 0.2285771341220934, "target": "718.xyz", "model": "5.xyz", "model_rescale": 4.2253639853439635, "target_rescale": 3.8857814568714653},
{"mapping": [0, 4, 3, 8, 7, 1, 12, 9, 10, 6, 2, 11, 13], "R": [[0.4345936042135361, 0.6667330851360016, -0.6054712151388518], [0.8821727090752747, -0.4505311252139417, 0.1370876237165502], [-0.18138277354666063, -0.593707586610184, -0.783971677461649]], "T": [-0.09065968852147135, 0.12317320617841868, -0.02796828979129481], "aligned_model": [[-0.559757235081838, 0.04353655303171308, 0.3130937008963811, -0.440544788541432, 0.007054104571628084, -0.5255588926573825, -0.27600090512199293, -0.6885787295235882, 0.08042341048184307, 0.42530191146682605, 0.5064815496455712, 0.07817375043624117, -0.052114144464401366], [-0.43427814981745505, 0.13550336051999146, -0.3660835911256817, 0.6907605919751816, -0.6604687029904537, 0.43153069768501895, -0.5070705582739983, 0.09961655037337637, 0.8511320500968714, -0.1829065610377437, 0.3161576714710823, 0.09623290233347379, 0.08517792250460238], [-0.36301772918197023, -0.7227708863994525, -0.34517557142851124, 0.2902923767496867, 0.047851159299525436, -0.5324324824075543, 0.6351947333537811, 0.09259012700228592, -0.2500470352521583, 0.20401613115443437, -0.2653518399232883, 0.7311912973388702, -0.05606998770659305]], "inverted": true, "swapped": false, "error_lsq": 0.043115461026249385, "error_max": 0.288179463405993, "target": "718.xyz", "model": "6.xyz", "model_rescale": 3.89814844738969, "target_rescale": 3.8857814568714653},
{"mapping": [9, 10, 11, 1, 8, 5, 3, 6, 2, 7, 4, 0, 12], "R": [[-0.858985050338868, 0.28657325786582954, -0.42428816996293595], [-0.5107261791785619, -0.42115376142600647, 0.7495253692426921], [0.03610336820851989, 0.860526162945027, 0.5081252500034896]], "T": [0.006751290532902229, 0.02200885781525466, 0.004830609840827532], "aligned_model": [[-0.5549965956759367, 0.0019376988202780623, 0.3657821436060944, -0.47402635263140525, -0.15473551050175577, -0.6581925017469169, -0.1724336667530873, -0.609623676759745, 0.11572776251765322, 0.47545576525785727, 0.583473772454183, -0.061944279237159935, 0.05508572578951008], [-0.2504684815885854, 0.29505239568282615, -0.5191494488680426, 0.6894533553213378, -0.6346091669268887, 0.31144982440801744, -0.34827145182860286, -0.1412297123790969, 0.6903174882714065, -0.21990830695843455, 0.2560174962911148, 0.3171057617327789, 0.10954443055643576], [-0.6340287572235677, -0.676585356229612, -0.4784756107607826, 0.20019517319883892, -0.01665322105714384, -0.27202726704044844, 0.6999328901150172, 0.23024338659420934, -0.2026194986974561, 0.3960682362350939, -0.16288022567526558, 0.5139564523007902, -0.13085590916061798]], "inverted": true, "swapped": false, "error_lsq": 0.042307211437654806, "error_max": 0.2098245519365339, "target": "718.xyz", "model": "7.xyz", "model_rescale": 3.7474275329858107, "target_rescale": 3.8857814568714653},
{"mapping": [5, 9, 11, 2, 10, 8, 0, 3, 4, 12, 13, 1, 14], "R": [[0.38052084242901774, 0.8747014492009951, 0.3001687246246516], [0.9172307189033625, -0.315613893733327, -0.24305488759230762], [-0.11786304245662335, 0.3678114256628896, -0.9224007038021498]], "T": [-0.07005058790694414, -0.04879278550605389, -0.025147371705949995], "aligned_model": [[-0.6451111773175837, -0.1083424754608011, 0.317354623248897, -0.3398821748295931, 0.09429029884084682, -0.4244501828746965, -0.3427802016873343, -0.76927514629798, 0.028754551890152955, 0.5159525199282524, 0.6683307976472805, -0.03289564702826826, -0.05043550091960394], [-0.19363023104020438, -0.11195970537018235, -0.323885101923873, 0.673224956308318, -0.7817003002550648, 0.41412655923358155, -0.33172514491813426, 0.012023942283054374, 0.6993574593741667, -0.15090366623825685, 0.4546801558221603, 0.19074504653447452, 0.004950213904226786], [-0.42682995397672446, -0.7833584977591359, -0.42604807687749713, 0.313187951684804, 0.08021869235473512, -0.37914867567112487, 0.5037959857451804, 0.12155259267202348, -0.23187086161667042, 0.13860959591051603, -0.12220279664401769, 0.6862195922721914, -0.007855255495224249]], "inverted": false, "swapped": false, "error_lsq": 0.053973242794503246, "error_max": 0.3158165483986304, "target": "718.xyz", "model": "8.xyz", "model_rescale": 4.019505241142653, "target_rescale": 3.8857814568714653},
{"mapping": [5, 8, 4, 10, 3, 11, 2, 6, 9, 0, 7, 1, 12], "R": [[-0.5037718864298357, -0.8595283220510239, 0.08616814977168763], [-0.5442364863273705, 0.3932685405107844, 0.7410441970588227], [-0.6708356977628445, 0.32642138201513216, -0.665904308418536]], "T": [-0.13443943131637215, 0.07436121436783133, 0.008010613391251281], "aligned_model": [[-0.45746959446946633, 0.11703531838315623, 0.3615304010680979, -0.5975473881923723, -0.0725053641488608, -0.4660848141276085, -0.22223139769789735, -0.8394011046954403, -0.0077305619006204085, 0.43449511231637594, 0.7190525226872772, 0.09502039130727657, -0.15265323539034878], [-0.3755384917274381, 0.3046711330152748, -0.44024874743659886, 0.6983442460349194, -0.7827212960020251, 0.30441961226079584, -0.3389968478086877, 0.03593646821640517, 0.7106700885767165, -0.19295329224664692, 0.1453349416074357, 0.42597810780378587, 0.06040826142033008], [-0.3711549009829238, -0.5749599888026066, -0.4124476887259556, 0.49211386135337243, 0.002132732483810046, -0.4656284872031784, 0.4220152574342817, 0.18009900903918463, -0.2073865556821741, 0.17384944384402734, -0.28541434220804096, 0.5371788779560575, -0.02412692590679813]], "inverted": false, "swapped": false, "error_lsq": 0.04124715900583553, "error_max": 0.253358677289175, "target": "718.xyz", "model": "9.xyz", "model_rescale": 3.877068213659057, "target_rescale": 3.8857814568714653},
{"mapping": [8, 9, 2, 12, 7, 11, 1, 0, 6, 4, 13, 3, 15], "R": [[0.1914441793606365, 0.5174415837722035, -0.8340283769586295], [-0.869313390825164, -0.3051168080417357, -0.38884182128788347], [-0.45567900403791717, 0.7994735397958685, 0.39140606081827056]], "T": [-0.020133012685819907, 0.1381897231762734, -0.08146241863950568], "aligned_model": [[-0.48453940904560766, -0.06402745088871485, 0.38648974180620976, -0.4635917026936926, 0.013615288523930902, -0.6776534239256828, -0.3849617162020225, -0.7739984708706338, 0.13293742840745476, 0.3687907724130238, 0.710565929096769, 0.2532274256983426, -0.10534412717980744], [-0.3857385224871217, -0.036338988065341166, -0.2697265491572013, 0.6414862879120345, -0.6728350021547482, 0.33373853504073686, -0.4307975889906177, 0.08846170623763924, 0.7314667370508965, -0.2624423112550046, 0.3460337289736626, 0.3345616990549158, 0.13743445155441608], [-0.4057290191772277, -0.716488647347302, -0.4110342746047595, 0.24752416755393356, 0.004482426953496987, -0.3536440624824767, 0.46265160055795806, 0.16949580681035173, -0.011488137675936955, 0.30105940049871616, -0.22470494617784062, 0.4565649603517139, -0.052418982661571065]], "inverted": true, "swapped": false, "error_lsq": 0.040968008760462804, "error_max": 0.24746178021235932, "target": "718.xyz", "model": "10.xyz", "model_rescale": 4.260839863003843, "target_rescale": 3.8857814568714653},
{"mapping": [7, 5, 1, 0, 2, 4, 6, 11, 8, 10, 9, 12], "R": [[-0.2387017603429935, 0.5997174406060216, 0.7637803748736407], [0.41557814443986263, -0.6477696402587123, 0.638505519962842], [0.8776766349134952, 0.46982282255341906, -0.09460570772877164]], "T": [0.047705349397127145, 0.06737955267142413, -0.0024033333077103647], "aligned_model": [[0.3386718220305931, 0.098015164007168, -0.3842359766465704, -0.3545762127920984, -0.6116632526813249, -0.4097993115844185, 0.3954307783694643, 0.6625587278600044, 0.3697105813094327, -0.1762259706013197, 0.001712154410452582, 0.029300145412747315], [-0.08092614793634674, -0.6424478271069968, -0.44068129754731766, -0.22162682886377316, 0.20646760651790108, 0.4859040825159284, 0.6306506252053675, 0.2343577843164541, -0.4165819205775141, -0.01497909795141332, 0.5179291635114399, -0.08498763655079543], [-0.6301121416072769, -0.28961413775246353, 0.15931912380937996, -0.5593019094102664, 0.20600049502287088, -0.3853304144292219, -0.47140553523887263, 0.14136330646717202, 0.4569620516099039, 0.7527561414012524, 0.19564130059667575, -0.06010020307364893]], "inverted": false, "swapped": true, "error_lsq": 0.04314209642217844, "error_max": 0.29172587740453415, "target": "718.xyz", "model": "11.xyz", "model_rescale": 3.890672605050136, "target_rescale": 3.8857814568714653},
{"mapping": [4, 12, 10, 8, 2, 7, 1, 0, 5, 11, 9, 6, 13], "R": [[0.7902504843667046, -0.5978048223241303, -0.13466093109808627], [0.5520666034665263, 0.7899172500246192, -0.2669329568458647], [0.265944801218452, 0.1366020955899209, 0.9542605672379636]], "T": [-0.09051917970126276, 0.06868465062885049, 0.06880463229020804], "aligned_model": [[-0.48092413790002286, 0.07364784718815613, 0.2711137434679254, -0.5089372301016737, -0.025835250012320815, -0.4555362452040802, -0.30543816707435323, -0.6014385699487069, 0.0858423918570791, 0.3274024846991276, 0.6033522788161393, 0.09049942947800062, -0.1622382901257019], [-0.3921718729738153, 0.1581042510948807, -0.45101649276496086, 0.6198897075223699, -0.6270810320710742, 0.4844128198612488, -0.3437041922778424, -0.07781742014249482, 0.7301573906861674, -0.2818812115561124, 0.41016108579495336, 0.25146971230048154, 0.0747814382404649], [-0.2865153320965842, -0.6524342110064193, -0.5626008276781351, 0.26952923514761534, -0.06268771609475098, -0.5799609659614188, 0.692538198408661, 0.3260847513746472, -0.30041426223388945, 0.14096572007699998, -0.019267266193842378, 0.5844403838649611, -0.08340741500878866]], "inverted": true, "swapped": false, "error_lsq": 0.045982182211915634, "error_max": 0.3175418556303366, "target": "718.xyz", "model": "12.xyz", "model_rescale": 4.124412569039231, "target_rescale": 3.8857814568714653},
{"mapping": [1, 2, 8, 5, 6, 4, 3, 0, 10, 9, 11, 7, 12], "R": [[0.18824987220440226, 0.4485023099726232, -0.8737320318977938], [0.8353116417676849, -0.5410183740240724, -0.0977424170753109], [-0.5165427830706778, -0.7114385405061845, -0.476485840650096]], "T": [-0.15326436033795027, 0.010575168522028167, 0.08524432421304146], "aligned_model": [[-0.431850724564618, 0.004552408944886593, 0.329785929461108, -0.5194279950808092, -0.024191031179804312, -0.5892500559778844, -0.3533690599375127, -0.7246639373758623, 0.21365946839515026, 0.3743077452316715, 0.6550394385860436, 0.08764855716020287, -0.11073045852300338], [-0.44853447032858773, 0.19870518555711636, -0.2911607169723669, 0.6097718743947496, -0.642774233791533, 0.4596154127235153, -0.455218790853539, -0.02434825380628699, 0.6102292314600806, -0.20048823956454234, 0.2450929237579556, 0.39833027024317785, 0.09608399089452724], [-0.5266970750158031, -0.7406469989478366, -0.3512347632910468, 0.3692044963065766, 0.021311163954651935, -0.390734234163655, 0.5869887535526488, 0.1803772382218039, -0.1392363676231158, 0.3780944278362259, -0.4459799715986577, 0.5149938114585679, 0.00982981190869564]], "inverted": false, "swapped": false, "error_lsq": 0.03615038255891341, "error_max": 0.17855746468727618, "target": "718.xyz", "model": "13.xyz", "model_rescale": 3.9028299243045295, "target_rescale": 3.8857814568714653},
{"mapping": [1, 11, 12, 7, 2, 9, 0, 3, 10, 5, 13, 4, 15], "R": [[0.9679447770992897, 0.0061815617526926395, 0.2510870302913001], [-0.25106444946665846, -0.00420457256953509, 0.9679612408477477], [0.007039225824642156, -0.9999720545414285, -0.0025178236603325445]], "T": [-0.08413251541156888, -0.03784164275825825, -0.04466113885500441], "aligned_model": [[-0.3767093550356473, -0.08867421449909799, 0.4130055423094525, -0.5394339913026772, -0.28406825530316837, -0.4902559509048635, -0.13444859231933382, -0.5593736881110165, 0.12443983677389112, 0.3814735504355805, 0.640511272536731, -0.025828715887849185, -0.14912715355243233], [-0.34354342946947924, 0.03421113154695108, -0.2915059311296089, 0.7285553776910008, -0.7435674634324918, 0.47940285889701545, -0.41552962227481965, -0.06597126693298239, 0.666142602502405, -0.01670099572036996, 0.23352942603691046, 0.24071222708103318, 0.04956926891870252], [-0.5377574441138854, -0.7799464297606822, -0.4602913462886231, 0.11647274626866186, 0.019576976804334935, -0.4549870302074435, 0.6915701371568465, 0.35788574941168405, 0.08283928615437783, 0.16715457856065882, -0.22878195626613093, 0.5704581036023924, -0.07792307872313534]], "inverted": false, "swapped": false, "error_lsq": 0.04681674721776131, "error_max": 0.24092234833917367, "target": "718.xyz", "model": "14.xyz", "model_rescale": 3.942246331269136, "target_rescale": 3.8857814568714653},
{"mapping": [5, 3, 1, 11, 2, 4, 7, 6, 13, 0, 12, 8, 14], "R": [[-0.7920085734013852, -0.6066765147603432, -0.06830831645521901], [0.11683722906830131, -0.26043931579949386, 0.9583947123651786], [-0.5992257350634604, 0.7510758744788273, 0.27715257388940284]], "T": [-0.24446094753891762, 0.07233898557205443, -0.08261022223629427], "aligned_model": [[-0.20742560602979246, -0.036414677378137916, 0.3691802999376323, -0.46994747883914756, -0.09688886847242337, -0.43585925890631383, -0.3442274833584243, -0.5470639173222019, 0.09384119367438709, 0.24484517842644243, 0.48814985372648595, 0.01768683513556185, -0.16436578545449984], [-0.454718575172116, 0.0693812507393255, -0.2523506079049983, 0.667926024920327, -0.6638412591418227, 0.48016055313633266, -0.4429729961391057, 0.10407417332452326, 0.8071140689427544, -0.33547269492454956, 0.3327122204545617, 0.22473557834528535, 0.01855644713374853], [-0.4342041205491376, -0.7705462161903058, -0.5005366787615408, 0.2468483144858552, 0.05489994979652296, -0.4577265140148958, 0.5922821454524589, 0.386659113939716, -0.16377107864744, 0.28479504611401785, -0.33472815215963553, 0.6293551876241534, -0.06705670449071302]], "inverted": false, "swapped": false, "error_lsq": 0.05009293857491758, "error_max": 0.3356203236478959, "target": "718.xyz", "model": "15.xyz", "model_rescale": 4.355366556412066, "target_rescale": 3.8857814568714653},
{"mapping": [10, 9, 2, 5, 1, 8, 0, 3, 4, 11, 7, 12], "R": [[-0.08226940453078879, 0.6978273371566746, -0.7115256513963317], [0.9793029028614861, -0.07587137933944776, -0.1876415685401197], [-0.18492584872109213, -0.7122362959818563, -0.6771424437744464]], "T": [0.09770772202200328, -0.05357836847681619, -0.02054975427932773], "aligned_model": [[-0.24722515314978433, 0.45265998578269173, 0.09177827940804706, -0.47185201731238524, -0.4778598638643963, -0.4719216255639973, -0.036619717514008165, -0.24375038819747175, 0.5668348688471618, 0.2730765839787691, 0.1915906705736036, -0.028903068356449513], [-0.7560639858157389, -0.391218003239462, -0.5543876067511267, 0.4481278718633128, -0.20134846286613736, -0.141352322786402, 0.34231786594698344, 0.6170048799966396, -0.06538815106578558, 0.02909260083864653, 0.6475458999264289, 0.038445841693621634], [0.10081451026775623, 0.04533173264988474, -0.5172383331312352, -0.1335479155569063, -0.3636812787512723, 0.44500451016499487, -0.6375695906438331, 0.5919323857113973, -0.5781218980459711, 0.603154123094468, -0.037436710004300405, -0.06938307454556136]], "inverted": true, "swapped": true, "error_lsq": 0.03689086267290413, "error_max": 0.2621080792885613, "target": "718.xyz", "model": "16.xyz", "model_rescale": 3.795458400668931, "target_rescale": 3.8857814568714653},
{"mapping": [9, 10, 11, 1, 8, 5, 3, 6, 2, 7, 4, 0, 12], "R": [[-0.858985050338868, 0.28657325786582954, -0.42428816996293595], [-0.5107261791785619, -0.42115376142600647, 0.7495253692426921], [0.03610336820851989, 0.860526162945027, 0.5081252500034896]], "T": [0.006751290532902229, 0.02200885781525466, 0.004830609840827532], "aligned_model": [[-0.5549965956759367, 0.0019376988202780623, 0.3657821436060944, -0.47402635263140525, -0.15473551050175577, -0.6581925017469169, -0.1724336667530873, -0.609623676759745, 0.11572776251765322, 0.47545576525785727, 0.583473772454183, -0.061944279237159935, 0.05508572578951008], [-0.2504684815885854, 0.29505239568282615, -0.5191494488680426, 0.6894533553213378, -0.6346091669268887, 0.31144982440801744, -0.34827145182860286, -0.1412297123790969, 0.6903174882714065, -0.21990830695843455, 0.2560174962911148, 0.3171057617327789, 0.10954443055643576], [-0.6340287572235677, -0.676585356229612, -0.4784756107607826, 0.20019517319883892, -0.01665322105714384, -0.27202726704044844, 0.6999328901150172, 0.23024338659420934, -0.2026194986974561, 0.3960682362350939, -0.16288022567526558, 0.5139564523007902, -0.13085590916061798]], "inverted": true, "swapped": false, "error_lsq": 0.042307211437654806, "error_max": 0.2098245519365339, "target": "718.xyz", "model": "17.xyz", "model_rescale": 3.7474275329858107, "target_rescale": 3.8857814568714653},
{"mapping": [12, 10, 11, 4, 7, 5, 2, 9, 8, 1, 3, 0, 13], "R": [[0.30547616044263853, -0.12988144241689917, 0.9433001252607406], [0.1814796429458411, 0.9804360955335008, 0.07622467954195641], [-0.9347456630535781, 0.147904947485639, 0.32307069181805553]], "T": [-0.0834965870299932, 0.009782086396452637, -0.026446819276603598], "aligned_model": [[-0.5406609639017731, 0.02513044811632356, 0.33649057526107384, -0.5422003131047842, -0.15483437122284927, -0.5427470988490061, -0.12175322829280914, -0.7305404624365615, 0.09828943105292152, 0.4901539238703154, 0.5393089027425717, 0.14239586797440146, -0.0875224260702557], [-0.31250620860422645, 0.24292541824736863, -0.3881656506584464, 0.6573569839816598, -0.7391803182519249, 0.3615133160303479, -0.2553641284921091, -0.11821618694234451, 0.7013070856600528, -0.24350854718412043, 0.21214618217251827, 0.4203035078772744, 0.016692729878216416], [-0.5228014412340224, -0.6669807563261803, -0.45886449223833164, 0.21740449961098623, -0.06366937972145298, -0.4607209794156755, 0.6308709409727596, 0.08613573344454799, -0.10128978983320062, 0.265593183280997, -0.2046356964803308, 0.6660754923194359, 0.0791529782195232]], "inverted": true, "swapped": false, "error_lsq": 0.036106358172608995, "error_max": 0.1914399930786787, "target": "718.xyz", "model": "18.xyz", "model_rescale": 3.922800546911778, "target_rescale": 3.8857814568714653},
{"mapping": [8, 13, 12, 10, 5, 4, 1, 6, 11, 3, 7, 2, 14], "R": [[0.16837908073449992, 0.9524449941643376, 0.2539626316257961], [0.9601653953148468, -0.2167637948233317, 0.17634021348992548], [0.22300425738287752, 0.21415412754622223, -0.9510032128463225]], "T": [-0.08615408357249832, -0.018905369509573965, -0.001651073517663991], "aligned_model": [[-0.47042783680141886, -0.055752757697, 0.44039692589307067, -0.3820283933401407, 0.03586354833470942, -0.560158955500853, -0.4803120380378296, -0.7624249935782225, 0.018681282879194044, 0.5172549250553367, 0.5946490858513829, 0.01713743485444491, -0.0013679427731052157], [-0.3515762783681334, 0.16978701964719514, -0.39125572328703706, 0.6709871063457996, -0.772325454994065, 0.44144944317967166, -0.34000279730001304, 0.06235927470650273, 0.6344760723459184, -0.14228336882776402, 0.30681326208745985, 0.24275784523245583, 0.02411778294627584], [-0.342318657828525, -0.6614121579107247, -0.4518880034102502, 0.293488574515212, 0.00024430982467465306, -0.29704905406966226, 0.536418599232915, 0.1070755827979595, -0.26498707589595977, 0.17104716381010743, -0.2636156447703607, 0.657129760341146, -0.01786310403747609]], "inverted": false, "swapped": false, "error_lsq": 0.04225564613732402, "error_max": 0.2595750621155263, "target": "718.xyz", "model": "19.xyz", "model_rescale": 3.9282355846067225, "target_rescale": 3.8857814568714653},
{"mapping": [3, 1, 5, 11, 6, 0, 8, 4, 10, 7, 2, 9, 13], "R": [[-0.9871335768728037, 0.15538841029211412, 0.03770601221548478], [0.06335609080893483, 0.596612488816976, -0.8000247145838831], [-0.14681044638483562, -0.7873423525598654, -0.5987810223260104]], "T": [-0.02533678946867844, -0.020078866408974348, 0.07547464136514172], "aligned_model": [[-0.4374533439659723, -0.03800360059014239, 0.22074926653033494, -0.48181236689247336, 0.003767397237256699, -0.5527447945846787, -0.4165419075539746, -0.6532877109792476, 0.22922752536847585, 0.5644177382643948, 0.5691548174644075, -0.06144685669919485, -0.03451587845961718], [-0.2923403676029758, 0.18042232042608242, -0.41655450165493824, 0.512788164453823, -0.6723048383339728, 0.3908940957735984, -0.2763851699562509, -0.0876092880938259, 0.7919937023577204, -0.1573858116489682, 0.22157662911053796, 0.2812101377719456, 0.0789991111114906], [-0.49231818143066, -0.6464253671404403, -0.44408178092963835, 0.22054685083695597, 0.05101483924530949, -0.36400119265907516, 0.6753806452307362, 0.09750024603119158, -0.05857572849491209, 0.22187879494974394, -0.4411476201869655, 0.6970418736434062, -0.05054308649659621]], "inverted": true, "swapped": false, "error_lsq": 0.04284597619083956, "error_max": 0.24328482518709826, "target": "718.xyz", "model": "20.xyz", "model_rescale": 4.067790424073018, "target_rescale": 3.8857814568714653},
{"mapping": [7, 1, 10, 4, 12, 8, 3, 0, 5, 11, 13, 6, 14], "R": [[-0.05135219049787609, -0.021028263294730787, 0.9984591952973729], [-0.9665164956513235, 0.2527364245433332, -0.044386522086524494], [-0.2514136355986989, -0.9673066276273825, -0.033302732368157895]], "T": [-0.12077039080669907, 0.060792145816192404, 0.006909969350636536], "aligned_model": [[-0.5829698323825028, -0.017388221723385222, 0.47802371923727793, -0.43105584711679235, -0.027049977365174505, -0.482603353923002, -0.18851748668877988, -0.7807052975215532, 0.003991108729789375, 0.3738325390617345, 0.5306557611120155, 0.10642784038533695, -0.0711306666653958], [-0.10797961354810712, 0.14132617521792945, -0.28810882273936445, 0.7621699738401198, -0.6988108462072501, 0.375457854616869, -0.4051783904460276, -0.18893248617116543, 0.5944892305239248, -0.24975181503926824, 0.21306770253423576, 0.3943471287449693, 0.013208092387401567], [-0.5539391428505689, -0.8031094739362317, -0.43012612695183655, 0.2398575443437113, 0.042033259502201825, -0.3016840928613534, 0.7154484700588641, 0.08803676269903885, -0.21233443962199877, 0.2843313890732516, -0.19943834903306998, 0.627134880009637, -0.029940387832589517]], "inverted": false, "swapped": false, "error_lsq": 0.04230012888622355, "error_max": 0.24748134706151262, "target": "718.xyz", "model": "21.xyz", "model_rescale": 4.186013935880536, "target_rescale": 3.8857814568714653},
{"mapping": [7, 10, 9, 3, 1, 4, 0, 6, 11, 2, 8, 5, 12], "R": [[0.3861643875175858, 0.8994788682936272, -0.2044867509311624], [0.6409476309378165, -0.10222409947823691, 0.7607472430979056], [0.6633725953100323, -0.4248387917540946, -0.6159941564759788]], "T": [-0.05056793035905543, 0.030024748425414832, -0.05489067540260285], "aligned_model": [[-0.5373612276264427, -0.21743543021551873, 0.3385001684070763, -0.5182845623689654, -0.03220033444661068, -0.5538956489117505, -0.2762101107436124, -0.5777546294794078, 0.14180882590254107, 0.46624138964623146, 0.6976204538955917, 0.05582328831996703, -0.07534189723953064], [-0.38195860245171676, 0.00019841441595255804, -0.15482170826136807, 0.703647911274353, -0.7007504102904524, 0.38826538830055346, -0.40143354091363215, 0.06343373093945573, 0.6093960950847271, -0.14058436389101744, 0.19395789310639844, 0.30733151710672024, 0.06862185929429268], [-0.4176932997266951, -0.8719372223808484, -0.502002028659463, 0.36915135240983843, -0.027440087858035207, -0.4369129266483329, 0.47869885972556814, 0.12063958744445719, -0.21702026872936223, 0.4485970209865574, -0.08664278470324914, 0.659476625603246, -0.05064453486462514]], "inverted": false, "swapped": false, "error_lsq": 0.04976961629059692, "error_max": 0.35409163732028576, "target": "718.xyz", "model": "22.xyz", "model_rescale": 4.166573947596378, "target_rescale": 3.8857814568714653},
{"mapping": [2, 4, 3, 5, 11, 1, 14, 6, 7, 9, 8, 10, 15], "R": [[0.16431031969295973, 0.8072634028209394, -0.5668579339731916], [0.9678940018069571, -0.24276446662536094, -0.06516605719405358], [-0.19021913707225152, -0.5379509384786516, -0.8212341125899644]], "T": [-0.07838373341607553, -0.009348060307957977, 0.003142710716678959], "aligned_model": [[-0.4421089739254172, 0.10205342067305466, 0.15830064776504577, -0.5546824637562703, -0.047949645999946396, -0.5572913147179186, -0.0485524808188353, -0.8342295162437114, 0.03914740619377251, 0.4134593299198842, 0.6268514378152561, 0.18461347096450448, -0.12810103272984996], [-0.2322789668671609, 0.15871343632202128, -0.3673786218327116, 0.6456057703624083, -0.7969487459129464, 0.33006759450863726, -0.1638504854093988, -0.07599591726980193, 0.6799350191823361, -0.3060239795100502, 0.2598529698719122, 0.39085042402842207, 0.032755686240599304], [-0.5172561742804022, -0.6889925940751666, -0.41783385957582997, 0.19085786825031395, -0.02605067524835864, -0.4012625349270713, 0.778524462002134, -0.05484735490611384, 0.1530257157592896, 0.17785094262344073, -0.2871214772734989, 0.5790028297794095, -0.019626855529090832]], "inverted": true, "swapped": false, "error_lsq": 0.04952516667721502, "error_max": 0.3195360706048844, "target": "718.xyz", "model": "23.xyz", "model_rescale": 4.274766983524099, "target_rescale": 3.8857814568714653},
{"mapping": [0, 9, 6, 7, 11, 3, 5, 8, 1, 10, 12], "R": [[-0.42081435822210334, 0.2920566884418938, 0.8588469983940528], [-0.8239490398311016, 0.2730185582075732, -0.4965569923338753], [-0.3795039600261446, -0.9166044717382809, 0.12574969866310567]], "T": [0.03861052958828137, 0.2344319387474494, -0.05565778557447929], "aligned_model": [[0.29211313555684804, 0.06047723916675482, -0.53611192889009, -0.40181971820231793, -0.5198921798586258, -0.6693550682236901, 0.03256801999472003, -0.028206384762881218, 0.5853161317506949, 0.4990469004326477, 0.06575855699401456], [-0.31998519541193404, 0.7188812172424812, 0.4550898436445542, -0.22804526728399305, 0.4644402969843288, -0.2867451540211643, -0.5156312038697001, 0.08744567065671488, -0.11000241102968888, 0.5750947324961947, 0.07504400183568993], [-0.48443422852367873, -0.15138002128462205, -0.5840085452510513, -0.36030585758355593, 0.1928701449369929, 0.3549138357822328, 0.10634469244389877, 0.6674280812339078, 0.17527781814049712, 0.4912802593724298, -0.028419745245473815]], "inverted": true, "swapped": true, "error_lsq": 0.04481407654545012, "error_max": 0.24156141265540484, "target": "718.xyz", "model": "24.xyz", "model_rescale": 3.7841303162186577, "target_rescale": 3.8857814568714653},
{"mapping": [3, 11, 13, 1, 12, 6, 2, 4, 7, 9, 10, 8, 15], "R": [[-0.29089064486402105, 0.9477138978187729, -0.1312288101437426], [0.5105392240358928, 0.03775637330391379, -0.8590251201191756], [-0.809155320968368, -0.3168798260477999, -0.49482809377852977]], "T": [-0.0039402496550761945, 0.10194150146675127, 0.006771425992604968], "aligned_model": [[-0.5316252475446365, 0.08066693190009185, 0.1368716676512755, -0.42427853135424887, 0.0680226594771788, -0.5491380699139855, -0.2241828819064463, -0.730337991953912, 0.11959306626980495, 0.3670916394349335, 0.7208020269643219, -0.06598274684698696, -0.05599223703782178], [-0.29994514349414136, 0.17146428612092648, -0.42598257417906094, 0.5505574922506047, -0.6525086665386854, 0.3117003805440916, -0.30068370225647756, 0.010737640964344305, 0.6564406682503983, -0.21344176640399434, 0.3532150392198594, 0.2848947398900481, 0.108855789346353], [-0.4504348242244315, -0.7531205244884525, -0.5531108576787614, 0.42521594508015614, 0.03502368490984756, -0.41841912149896465, 0.6052521326098175, 0.1507593375371741, -0.3095760949287769, 0.3308230270557565, -0.12309522477951465, 0.5654633131106147, -0.03851050010540974]], "inverted": false, "swapped": false, "error_lsq": 0.04390563817009655, "error_max": 0.2894453145891573, "target": "718.xyz", "model": "25.xyz", "model_rescale": 4.19342608120988, "target_rescale": 3.8857814568714653},
{"mapping": [10, 9, 2, 5, 1, 8, 0, 3, 4, 11, 7, 12], "R": [[-0.08226940453078879, 0.6978273371566746, -0.7115256513963317], [0.9793029028614861, -0.07587137933944776, -0.1876415685401197], [-0.18492584872109213, -0.7122362959818563, -0.6771424437744464]], "T": [0.09770772202200328, -0.05357836847681619, -0.02054975427932773], "aligned_model": [[-0.24722515314978433, 0.45265998578269173, 0.09177827940804706, -0.47185201731238524, -0.4778598638643963, -0.4719216255639973, -0.036619717514008165, -0.24375038819747175, 0.5668348688471618, 0.2730765839787691, 0.1915906705736036, -0.028903068356449513], [-0.7560639858157389, -0.391218003239462, -0.5543876067511267, 0.4481278718633128, -0.20134846286613736, -0.141352322786402, 0.34231786594698344, 0.6170048799966396, -0.06538815106578558, 0.02909260083864653, 0.6475458999264289, 0.038445841693621634], [0.10081451026775623, 0.04533173264988474, -0.5172383331312352, -0.1335479155569063, -0.3636812787512723, 0.44500451016499487, -0.6375695906438331, 0.5919323857113973, -0.5781218980459711, 0.603154123094468, -0.037436710004300405, -0.06938307454556136]], "inverted": true, "swapped": true, "error_lsq": 0.03689086267290413, "error_max": 0.2621080792885613, "target": "718.xyz", "model": "26.xyz", "model_rescale": 3.795458400668931, "target_rescale": 3.8857814568714653},
{"mapping": [7, 5, 6, 4, 0, 10, 2, 3, 11, 1, 8, 9, 12], "R": [[-0.4133922589031716, 0.16943958251044738, -0.894649131312169], [0.10254295497825949, -0.9676203871790677, -0.23064199249000142], [-0.9047606217465812, -0.18708557986685267, 0.38263194213581236]], "T": [-0.005111131430164395, 0.11037796369633818, 0.04124492933513947], "aligned_model": [[-0.5399822617357948, 0.057950646074909073, 0.4461809947483077, -0.5854035787284207, -0.27765196255327806, -0.44596068959819885, -0.07425298039313638, -0.6826543239191792, 0.08370330080129429, 0.46661822504956724, 0.609848382221856, -0.06302548511553771, -0.08385998171281978], [-0.1919413196284398, 0.061291147631058474, -0.3582188772855073, 0.7002136825505445, -0.6696804900256406, 0.44637381096027606, -0.3970817342900311, -0.13477808297050586, 0.8195089985502251, -0.21203484160772884, 0.28928229205572864, 0.17207919493479118, 0.030290402839495967], [-0.4904730631430031, -0.7074032955253143, -0.46663239556430436, 0.16048285538606938, 0.13345933298506774, -0.40646578775087067, 0.7571632022830835, 0.20221167727500144, 0.01261341229895245, 0.19575890204443608, -0.3059866187265513, 0.46221188268928665, -0.08066981165279766]], "inverted": true, "swapped": false, "error_lsq": 0.04247341647454376, "error_max": 0.29290212140953065, "target": "718.xyz", "model": "27.xyz", "model_rescale": 3.6321398670334006, "target_rescale": 3.8857814568714653},
{"mapping": [3, 1, 2, 12, 0, 7, 10, 8, 6, 11, 13, 9, 14], "R": [[0.15444510625982308, 0.5193885824071424, 0.840465471996019], [-0.983843011485592, 0.15881492284105583, 0.08264834562137727], [-0.09055185201503671, -0.8396507135399149, 0.5355250146805081]], "T": [-0.13683815214902484, 0.02901834433244426, -0.06760588904186224], "aligned_model": [[-0.5650110969186672, 0.1048819577009304, 0.4606546080060909, -0.5572612887630787, -0.18323789126214374, -0.7933324594409993, -0.16666165734362853, -0.5946142365931775, 0.121272033469975, 0.3811432057418136, 0.6286192525584567, 0.15794274693135685, -0.08288488894736021], [-0.28760726583356966, -0.004883200310604879, -0.37482645238124906, 0.6701618340909745, -0.5912868423139233, 0.3427971099592503, -0.3571874331167484, 0.014965068999760568, 0.7615806635409219, -0.2594493294826928, 0.31280665909968697, 0.28966217041919257, 0.0385712010432679], [-0.5011681479119638, -0.6902528756331774, -0.40428889345686414, 0.24173072793033398, -0.017803942797804957, -0.33489878969357256, 0.6066546607453682, 0.17171226271008255, -0.09288468838811409, 0.17939117664912888, -0.06354560652646066, 0.47252481614018127, -0.1009004071680813]], "inverted": true, "swapped": false, "error_lsq": 0.03843632454659456, "error_max": 0.24076794615091632, "target": "718.xyz", "model": "28.xyz", "model_rescale": 4.156811204709835, "target_rescale": 3.8857814568714653},
