[{"mapping": [7, 10, 3, 0, 1, 11, 2, 12, 14, 5, 4, 15, 8, 16], "R": [[0.3672032643111415, -0.9301174752179763, 0.006576091040999821], [0.09989513911463685, 0.03240676163522416, -0.9944700915470437], [0.9247609009146687, 0.36582958340524524, 0.10481408323806185]], "T": [-0.058356283590132826, 0.06500347384003766, 0.16601307380410424], "aligned_model": [[0.27935557554270296, 0.25245631802500484, -0.6156048918995441, -0.29062500271822944, -0.626415835198134, -0.22907533754716597, -0.7175358362158722, -0.03329439678400885, -0.4305987149799757, 0.21299676144990642, 0.5870646277155939, 0.31595210921592465, 0.6548352118729597, 0.011981512649141976], [-0.5982062113200248, -0.3263016438172881, -0.3291211500549044, -0.43193322547046453, 0.34272335798938913, 0.1643236712203161, 0.19060440730208358, 0.6640826786919365, 0.6981813948786444, -0.19900964516937217, 0.3568871557786272, 0.7199163608032019, -0.10700304260579757, 0.09012922358368754], [0.1592432585809935, -0.434383247447529, 0.3151762244074938, -0.1598048448470013, 0.5668304902111072, -0.6063552445405499, -0.07813699809259356, 0.5056706204796765, 0.04924695095749421, 0.6883871320790896, 0.5046510789374588, 0.04939080980797815, 0.12482739646674033, 0.21284446017947473]], "inverted": true, "swapped": true, "error_lsq": 0.04603483879256182, "error_max": 0.26960838453251007, "target": "719.xyz", "model": "0.xyz", "model_rescale": 3.8414455957264533, "target_rescale": 4.277967549215013},
{"mapping": [14, 1, 4, 6, 12, 5, 8, 15, 10, 9, 7, 2, 0, 11, 16], "R": [[-0.0631282910966135, -0.7222895282385198, 0.6887036055228678], [-0.9441518715813091, 0.2668453689081632, 0.1933152670685313], [-0.32340696073636466, -0.6380371356662894, -0.698796502036197]], "T": [-0.024968686169285922, 0.04492505823380846, -0.13744012621094998], "aligned_model": [[-0.6913361691558662, -0.6948404138130285, 0.1032089978456379, -0.18459272653817915, -0.521765878190111, 0.21011796483674716, 0.5740923569824155, -0.21928542445950178, 0.6080280965451159, 0.264015382618487, 0.6712424947827579, -0.48413339998652555, 0.26003112179749177, -0.01402860706125772, -0.008709642699638448], [0.17811237640558994, 0.0022447926173104135, -0.6750802318115257, -0.285860978464323, -0.39296569515505875, -0.43729683730890034, -0.2995331232870365, -0.2712056821040627, 0.42260828080868096, 0.2566471910235705, 0.03388049094270029, 0.5857122380486441, 0.5669792747007496, 0.7019828422423431, -0.03918041061566728], [0.16476601330107538, -0.4689892974520949, 0.148221909559897, -0.7520514847290933, 0.05317854802294647, -0.4957784702354496, 0.11235786953721255, 0.5295836928005928, 0.1211529275603252, 0.5428495915190719, -0.40032836432352364, -0.2188005983495673, -0.3682791646103278, 0.3139108451152392, -0.11661223037676931]], "inverted": true, "swapped": true, "error_lsq": 0.04073622513213607, "error_max": 0.26655254537816253, "target": "719.xyz", "model": "1.xyz", "model_rescale": 4.316132596720782, "target_rescale": 4.277967549215013},
{"mapping": [14, 12, 15, 0, 9, 2, 8, 3, 4, 1, 5, 16], "R": [[-0.973345869819354, -0.08004095188399889, 0.21492152923127208], [-0.2160346585154207, 0.005414255295837889, -0.9763706837875239], [0.07698599889415433, -0.9967768716523748, -0.022561562737860308]], "T": [-0.09696723219893516, 0.1075185205659428, -0.04631901377526244], "aligned_model": [[-0.10912634224927475, 0.4059601302114432, 0.1080144012012999, -0.6136562602690765, -0.5197676015999573, -0.46459072332449586, 0.01255117782524831, -0.2421737236040738, 0.4833766448444436, 0.19366246317937602, 0.37037342332097506, -0.02681503490412719], [-0.5625657223168665, -0.35712769414530027, -0.5153855449093218, 0.46051614218949477, -0.21383059008312755, -0.14487012918748982, 0.32323597800564047, 0.47594535337960686, -0.009411809643144087, -0.08746609907378378, 0.5396351131281175, 0.10410143039715455], [0.2760973293982486, 0.03152187627224364, -0.4369485954482599, 0.07808872119812996, -0.6022927094612953, 0.5114044597686289, -0.740146303048305, 0.5292560202887044, -0.5620400791864918, 0.6154890911830091, -0.15157119166689662, -0.09960015808829503]], "inverted": false, "swapped": true, "error_lsq": 0.04168202911193153, "error_max": 0.20742389822856322, "target": "719.xyz", "model": "2.xyz", "model_rescale": 3.795458400668931, "target_rescale": 4.277967549215013},
{"mapping": [9, 2, 0, 6, 8, 5, 3, 15, 1, 13, 7, 16], "R": [[-0.6692312152208155, 0.0711033427583368, 0.7396444383774281], [-0.5514747791532827, 0.6196047113913669, -0.558538780730093], [-0.49800115314315124, -0.7816868402820987, -0.3754471137162732]], "T": [0.042458534443209996, -0.056728969792590615, -0.033731399445715286], "aligned_model": [[-0.034944407280651256, -0.18524617123298073, -0.5943594987841205, 0.1723702133616616, 0.10257094147563675, 0.18373142831492006, -0.36709505402508247, 0.6212740005122203, 0.29681864272529757, 0.6778770035759014, -0.38798389004487566, 0.10829061714563809], [-0.06659166709723141, -0.7213565109247833, -0.09123187508408764, 0.1137239275942534, 0.5767696912501817, 0.4715790633672721, -0.2366553294398588, -0.14455027461842507, -0.5087399970373795, 0.14120908089833267, 0.550370764280566, 0.001242172100869389], [-0.7986128709102449, 0.09403140138091237, -0.015717538002872282, 0.6494341176953977, -0.40114200884102585, 0.3085296856576395, 0.5029270015859476, -0.5235053162206537, 0.5061403965244322, 0.43338256673457665, -0.024168514089204805, -0.042527490875804534]], "inverted": false, "swapped": true, "error_lsq": 0.0445800475358008, "error_max": 0.2689731491259106, "target": "719.xyz", "model": "3.xyz", "model_rescale": 3.7530521520055578, "target_rescale": 4.277967549215013},
{"mapping": [3, 10, 11, 9, 2, 8, 1, 5, 13, 15, 16], "R": [[0.5734693383687255, 0.1802366776941019, 0.7991543392641552], [-0.45381373088610943, 0.8820396950197567, 0.12672440202535812], [-0.6820454644744484, -0.43533977123994444, 0.5876165994648098]], "T": [-0.11875686346637415, -0.07324023503717383, 0.02369343073766606], "aligned_model": [[-0.4816794141634535, -0.011735994650356019, 0.48736047160319707, 0.42632460945897266, 0.17092917250312495, -0.2509624344336693, -0.16076205263268128, -0.6802134609576947, -0.44709889188051455, 0.4216484307301974, -0.1356108331319174], [-0.6665878441748401, 0.12715855958299607, -0.2920799566694272, 0.27488052093214976, -0.7258345378023148, 0.6021100622059569, -0.5602620954469345, 0.20040473953465474, 0.12413110168635788, 0.37964770559001926, 0.003635102875728227], [-0.042152700866063895, -0.7236931946127784, -0.4456606664408602, -0.39203518351958694, 0.03395068457713676, -0.2338881562154339, 0.5907206444464222, 0.18523282483492184, 0.7408877057035171, 0.3160511673102407, 0.0634176520278005]], "inverted": false, "swapped": true, "error_lsq": 0.0469342774842042, "error_max": 0.2141529675352756, "target": "719.xyz", "model": "4.xyz", "model_rescale": 3.7855080009869324, "target_rescale": 4.277967549215013},
{"mapping": [8, 4, 7, 6, 2, 12, 11, 13, 14, 9, 15, 10, 0, 1, 5, 3, 16], "R": [[0.30502923020228034, 0.930186949154949, -0.20422881369682655], [0.929513497362086, -0.33746440693571533, -0.14873611623687788], [-0.20727234968492148, -0.14446457584243533, -0.9675578325778555]], "T": [-0.023488233848974454, 0.018916233656408293, -0.003549983120861324], "aligned_model": [[0.5285264897017007, -0.19961803377154422, 0.4314822229048859, 0.003767983917329191, -0.4218832791084177, -0.5794084851402761, -0.5223857987332814, -0.0536006246382042, -0.21517297942588356, 0.19637296918580063, 0.4732797112971875, 0.6627448539078851, -0.3868379783851308, -0.7187373894042208, 0.2401213128856998, 0.038201631550878495, -0.03408344652424667], [-0.0315243540227586, -0.6549776790900316, -0.5542519709599614, -0.5448552150164286, 0.4942472054112512, 0.1990791826799677, -0.3179983405433968, 0.03958151110735651, 0.6473863778406521, 0.6352179956437058, 0.5595256050940682, 0.12350416956285556, -0.22331380467578665, -0.2176912182930845, -0.25750403580491976, 0.3226475823140308, 0.07155633217238962], [-0.43719196224819673, 0.2451387215037711, 0.15722801467093864, -0.3314156878253478, 0.39785697095693573, -0.3522034629737138, -0.5231902603748604, -0.7271063590199551, -0.16473197564800687, 0.277069347682447, -0.37809133314098153, 0.21805729790753794, 0.6428055343736573, 0.18016028978475374, 0.7100360916595889, 0.6180272315104428, -0.00167549855739037]], "inverted": false, "swapped": false, "error_lsq": 0.037547353413007814, "error_max": 0.3057273702392797, "target": "719.xyz", "model": "5.xyz", "model_rescale": 4.2253639853439635, "target_rescale": 4.277967549215013},
{"mapping": [14, 9, 0, 2, 11, 7, 3, 1, 8, 15, 10, 5, 13, 16], "R": [[-0.470521509360158, -0.5324084289449883, 0.7036695062440665], [-0.6502671348058205, 0.7482665966185027, 0.13133831800503654], [-0.5964580141308085, -0.3957756500510013, -0.6982832320812521]], "T": [0.07287916757942921, -0.015791766370617775, 0.08221362097070811], "aligned_model": [[0.6134541289343717, -0.2797572600329969, -0.4120327346614367, 0.24864843666731812, -0.22494457966781345, -0.5480505899443907, 0.03695898028701246, 0.693761302218387, -0.3146958643924602, 0.3859789069125265, -0.6616457571657676, 0.07292832968972855, 0.6683422823125509, 0.09511657160075462], [-0.2915946210687299, 0.16891000264170117, -0.42009563524071575, -0.6864997920566726, -0.40060739582495064, 0.18384795425020845, -0.556911083821519, -0.37292729102135586, 0.6078582722268581, 0.40937230829801635, 0.01900785037108008, 0.3563321508291311, 0.3595082345454413, 0.068898192506498], [-0.3476986158391994, -0.5755591057517069, 0.1741428644298878, -0.08854481372050632, -0.5492768881246122, 0.440727825513665, 0.5226787166904295, 0.3000075176685052, 0.05444970792144309, -0.4689873203708073, -0.18134288644804653, 0.6092182192914983, 0.48928259366658206, 0.09246039400431644]], "inverted": false, "swapped": true, "error_lsq": 0.04106996922224054, "error_max": 0.22671260524362719, "target": "719.xyz", "model": "6.xyz", "model_rescale": 3.89814844738969, "target_rescale": 4.277967549215013},
{"mapping": [8, 9, 15, 7, 12, 11, 0, 5, 3, 2, 14, 1, 16], "R": [[0.7441747598804068, -0.2651167479322565, -0.6131207358447139], [-0.5676023154960468, 0.23295508126314546, -0.7896578636075294], [0.3521811156215864, 0.9356522003819078, 0.022878411658791342]], "T": [-0.048388137908084904, -0.004870958858313512, -0.012759409145281345], "aligned_model": [[0.1816024371171249, -0.07466844416426682, 0.5256153136832228, -0.32574006077778833, 0.548180792186091, -0.4763459807461012, -0.6755511663104083, 0.18850229102180685, -0.5234524172590189, -0.4322168388338934, 0.1257712866166422, 0.05739212851890472, 0.029542459851906906], [-0.4168566032940396, 0.2931567230265794, 0.3771021803214245, -0.6348644715642324, 0.2478997606664199, 0.5452194688485836, -0.10052109077240473, -0.5888931209541557, -0.1331501609089752, 0.4987840156549099, 0.6824136147380968, 0.2345984442051278, -0.041107494496848626], [-0.5760504308178303, -0.7210114828512275, -0.34022692417769457, -0.29582530521217915, 0.22198239767057648, -0.39981873569983617, -0.0803592996126845, 0.12512132802480325, 0.4831924563891251, 0.31725533247584736, 0.2117877899199479, 0.6886246010454782, -0.032396696318030827]], "inverted": true, "swapped": true, "error_lsq": 0.04176735866135821, "error_max": 0.19918384588814778, "target": "719.xyz", "model": "7.xyz", "model_rescale": 3.7474275329858107, "target_rescale": 4.277967549215013},
{"mapping": [9, 15, 4, 8, 13, 7, 10, 0, 5, 3, 11, 2, 14, 1, 16], "R": [[0.8383976489783257, 0.4491847005477786, -0.30874339989936456], [-0.4995757441309149, 0.40674402099912027, -0.7648420603350148], [-0.21797581990592269, 0.7954824989748486, 0.5654150119700317]], "T": [0.026409651019033642, -0.06798375912635658, 0.06063450940465216], "aligned_model": [[-0.5315972134818665, 0.14415725898862836, 0.37970025005198177, -0.16052997707682118, 0.814934524960359, -0.2863719768945205, -0.7117317359041657, -0.44462419689065275, 0.3629524595831451, 0.06437734253334446, -0.6149730022388165, -0.0703882046402799, 0.21880229323862366, 0.5662375969922002, 0.07120830311758747], [0.09250605418320178, 0.23981800403402492, -0.3557190484529138, -0.5805302558307768, -0.23014392232455427, -0.7368242343488346, -0.2912430852480639, -0.1678995600552608, -0.6183800901355851, -0.09611435463425745, 0.4044909498790027, 0.4925948924528226, 0.6472823484160717, 0.2973642825555196, -0.10808401851080313], [-0.4433531021187978, -0.6278507775171972, -0.5787668441789504, -0.43157913839664613, -0.05366406833929707, 0.15424160652414093, -0.06387443489596743, 0.47919884611920255, 0.06422277299805644, 0.7576832882705792, 0.02967877286984763, 0.49224114191508733, -0.006391615974128059, 0.42884801636197106, -0.0038398079416396558]], "inverted": true, "swapped": true, "error_lsq": 0.03967624279942575, "error_max": 0.3415335744222952, "target": "719.xyz", "model": "8.xyz", "model_rescale": 4.019505241142653, "target_rescale": 4.277967549215013},
{"mapping": [5, 8, 0, 3, 6, 2, 11, 13, 12, 15, 9, 14, 16], "R": [[0.3992055469159854, -0.8929875177680968, 0.20786588085080676], [0.8525526275193427, 0.4449509512263591, 0.2741763452827818], [-0.3373261754168715, 0.06776388502093898, 0.9389457424502734]], "T": [-0.009415093141659829, -0.06754579723836157, -0.06471059896757383], "aligned_model": [[-0.3602083874061092, -0.7383289735993758, 0.14152272441820984, 0.4491269379959633, 0.10371757586122898, 0.6759009813308073, 0.2267293793519771, -0.10115884798208805, 0.06151478045483987, -0.2399782027567563, -0.309108237273044, 0.4863055567980571, -0.07633451545253389], [-0.5982630026219624, 0.013644257703021273, 0.14272968750410195, -0.337091004440075, -0.7684533038456123, 0.12818586096112575, 0.6896039635066267, -0.7588054890123384, -0.294216859947483, 0.1971379098258786, 0.6314180503458591, 0.11961339518785441, -0.10212523705293786], [-0.17191774158956666, -0.10962541582282218, -0.6478522223042612, -0.5176945535132101, -0.1573174277846487, -0.10868253026126151, -0.1454716297231281, 0.3534696040589024, 0.5821900295928233, 0.6130811113641552, 0.0482748545487192, 0.45715672974359833, -0.018907314265420805]], "inverted": false, "swapped": true, "error_lsq": 0.04382788975138183, "error_max": 0.23074070070280073, "target": "719.xyz", "model": "9.xyz", "model_rescale": 3.877068213659057, "target_rescale": 4.277967549215013},
{"mapping": [10, 11, 1, 15, 14, 9, 4, 2, 0, 3, 5, 7, 8, 13, 6, 16], "R": [[-0.3909819447114901, 0.9155118284995093, 0.09471647579542947], [-0.27683952357053865, -0.018833339553040174, -0.960731587651055], [-0.8777773049577315, -0.4018499685190541, 0.26081335414885637]], "T": [-0.04538448034462969, 0.008329171762885387, -0.061561920157655756], "aligned_model": [[0.2131446218769951, -0.21778437756931535, -0.5748420904671638, 0.3927450985663876, -0.35193889968701586, 0.3423546121755212, 0.63236832495393, -0.6919970113274118, -0.33329079653663096, -0.6378878509814713, 0.20585600885555974, 0.22165422079271005, 0.6453654945581675, 0.09129784663512353, -0.249587146691142, 0.02795047016285071], [0.18094117498444676, -0.3800304954378334, -0.15480822992668636, -0.60742049913352, -0.6548519150336192, -0.35019570843183195, -0.08078075501211893, -0.2565221651134061, 0.32958861487027274, 0.3775716578802533, 0.46759001831093333, 0.6513133190543148, 0.2173437596064572, 0.04756384594050009, 0.4060721490959611, 0.008424105479425438], [-0.778198306792048, -0.7361116666573896, 0.44196108505015713, 0.04573779917694873, 0.07746422471978377, -0.6203556745862356, 0.3246381457583482, -0.20869634449285868, -0.5316198744912082, -0.034923257449449824, 0.3154894692240516, -0.3246283283401074, -0.1997718516344414, 0.7390067165378589, 0.49767698531733057, -0.012634794230698222]], "inverted": false, "swapped": true, "error_lsq": 0.04016312866554779, "error_max": 0.28994096608724296, "target": "719.xyz", "model": "10.xyz", "model_rescale": 4.260839863003843, "target_rescale": 4.277967549215013},
{"mapping": [13, 1, 2, 14, 9, 15, 4, 5, 0, 10, 8, 16], "R": [[-0.726151803931199, -0.179179016952898, -0.6637758940570672], [-0.3517072381054509, 0.9263689368536164, 0.13469451175506836], [0.5907669390814804, 0.3312634491103625, -0.7357030317810339]], "T": [0.043199225629169835, -0.08386862363604827, 0.025406726510384316], "aligned_model": [[0.5133600756928249, 0.14566928554197756, -0.2955985090622267, -0.4581907664463018, -0.5362879602676918, -0.3928145597504206, 0.2139031502372333, 0.6464750632265814, 0.04524164755913179, -0.18102407505912627, 0.18446725525533492, 0.07369804216681365], [0.02790485001958541, -0.6186960333474275, -0.7121411668089486, -0.36105558193479315, 0.33685612712612656, 0.3809692960724811, 0.5862173905669106, 0.13352355217442435, -0.37384889803724064, 0.18605752280765905, 0.5993393508199054, -0.012047903925748574], [-0.6284946619889165, -0.48833846146034454, 0.005601647449596396, -0.4488173775354473, 0.30525925741338844, -0.3946362501658949, -0.34645996835006776, -0.04536731172247537, 0.5937019192509447, 0.7233062163329335, 0.25604674550922374, -0.015623677337435811]], "inverted": false, "swapped": true, "error_lsq": 0.045745613394561076, "error_max": 0.23032650733985316, "target": "719.xyz", "model": "11.xyz", "model_rescale": 3.890672605050136, "target_rescale": 4.277967549215013},
{"mapping": [12, 4, 5, 1, 6, 11, 15, 2, 14, 9, 7, 8, 0, 16], "R": [[-0.6133263573461041, -0.7325636772276919, -0.295264691744884], [-0.35193690276296163, 0.5881452625699257, -0.7281658922183647], [0.7070864132891912, -0.34268879311001044, -0.6185411831225403]], "T": [0.12023867076400495, 0.0196818690634392, 0.17634125252920907], "aligned_model": [[0.2780579286884352, 0.05948788083825465, 0.5045053619063615, 0.6674764972846913, 0.8224205943881124, -0.49190390564798525, -0.2874164473773507, 0.18197972665543663, 0.05608658089832101, -0.6474952147825909, 0.09934319032660659, -0.203489476557505, 0.04721294773931285, 0.12361017043359344], [-0.324036360286486, 0.3157856494956514, 0.48890811126877615, -0.4890410822733647, 0.1426889169216746, -0.31105010062868604, -0.21085967487775323, -0.5637560030009536, -0.7039469218332073, 0.038867405075823244, 0.7180027505619345, 0.6195135478400086, 0.1525402839462457, 0.05853599761810174], [-0.39971612439662196, -0.5482771489695313, -0.043603973662721396, 0.1293698832891655, 0.10958669710101876, 0.5655200630282501, -0.4263911226303063, 0.5833926327651129, 0.01709641834691522, 0.13961592384696536, 0.43296070239159834, -0.09811576539220668, 0.7960734870407846, 0.09727876259843835]], "inverted": false, "swapped": true, "error_lsq": 0.04308710437803137, "error_max": 0.32512895235937883, "target": "719.xyz", "model": "12.xyz", "model_rescale": 4.124412569039231, "target_rescale": 4.277967549215013},
{"mapping": [5, 3, 0, 13, 7, 8, 1, 15, 2, 14, 9, 11, 16], "R": [[0.6971648397212424, 0.6485420686898147, -0.305539476002677], [0.6452023117809391, -0.7533887473204521, -0.12696208994598376], [-0.31253025954135477, -0.10862127116939824, -0.9436769872793115]], "T": [0.09628831139239159, 0.07530679410582775, 0.027764863347147915], "aligned_model": [[-0.14877914643813972, -0.069612444960766, 0.4881464566383372, -0.6226538855075858, 0.48162393641145995, 0.4482187978874545, -0.5523290616316259, 0.06775961421305228, 0.024046598231427782, -0.18426016557321312, 0.7100480072973757, 0.6539536594713716, 0.07113594147060884], [-0.2957535354492317, 0.6169902707588478, 0.4758082196724884, -0.2942922540454002, -0.12869672460487142, -0.5515504927477319, 0.4379483285610776, -0.3483761904851466, 0.7470902694565736, 0.3546704192700568, -0.1135868669142136, 0.45641155915322823, -0.009177626117199855], [0.4951685772425637, 0.4366240399392627, 0.3328844452238959, 0.11523040713028246, 0.6309574007114939, 0.1798157939999839, -0.06312633765471987, -0.6065042096024923, -0.20329926588716826, -0.6018076518326392, -0.3950239421863502, -0.39570985110969725, 0.026488674993423493]], "inverted": false, "swapped": true, "error_lsq": 0.0426831064080818, "error_max": 0.2210100124883071, "target": "719.xyz", "model": "13.xyz", "model_rescale": 3.9028299243045295, "target_rescale": 4.277967549215013},
{"mapping": [10, 5, 7, 0, 11, 9, 3, 2, 8, 1, 14, 13, 4, 15, 12, 16], "R": [[-0.19992675766181395, 0.8635510556623379, 0.46293505574248306], [-0.9430754667213374, -0.29775870344524086, 0.14814998680708896], [0.2657780194808552, -0.4069635472460287, 0.8739237470018557]], "T": [-0.07227280607300962, 0.03206751629537057, 0.04371078751026309], "aligned_model": [[0.1300345611926654, -0.04844784121190193, -0.07605197689530258, -0.4414711303830771, -0.03780087910378023, 0.4554035615959274, -0.764139587399502, -0.5474602512497515, 0.4803380050829655, -0.5148514621143513, -0.09006294860701697, -0.004110638781511508, 0.5627842578133482, 0.5719102204317073, 0.15963561339759025, -0.007870232187412507], [-0.6246666404198026, 0.4886669312543303, -0.11796846818941129, -0.4232226482219615, -0.7003944784495686, -0.5208341582899717, 0.03898565539669019, -0.21718650602624645, -0.002139314383471251, 0.44998349485901123, 0.0529223852441122, 0.8414469607670286, 0.47647822996600897, 0.10956670054159398, 0.5122092857323184, 0.08840485234043899], [-0.3277348849018941, -0.4114368853704831, -0.6852728459924367, -0.20819320321155999, 0.35655808041765497, 0.12731427320204386, -0.053151859414798046, 0.5148496831625594, -0.43937905407916145, 0.47953753932574267, 0.7869211346746268, 0.0809987754395475, -0.08135550785436399, 0.44575620745613825, 0.4802581584684898, 0.02249049830222602]], "inverted": false, "swapped": true, "error_lsq": 0.04209115520644981, "error_max": 0.3120758931195363, "target": "719.xyz", "model": "14.xyz", "model_rescale": 3.942246331269136, "target_rescale": 4.277967549215013},
{"mapping": [8, 4, 9, 12, 1, 15, 0, 10, 7, 11, 2, 3, 13, 6, 16], "R": [[-0.44174081049442115, 0.6694675320228199, -0.5972254849811809], [-0.8719030648577623, -0.16356993557676888, 0.46155164572023016], [0.21130570705821716, 0.7246089288317432, 0.6559663089076608]], "T": [-0.04687772637232103, 0.017522286436666312, -0.006638791392054304], "aligned_model": [[-0.6984413376917159, -0.46578657449255034, -0.10522081600064336, 0.1988934182234623, 0.46927159797589546, 0.05851586525748308, -0.07395701697686165, -0.3798755028717774, -0.6907581293188998, 0.319252286350929, 0.6001003125071829, 0.1337130209189042, -0.14368838033317874, -0.14912942866513318, -0.09859527835088666], [0.028376328917334576, -0.5268366269230275, 0.3867827213831773, -0.5947038878096237, -0.3696611887283157, -0.3099841562585671, 0.5962969492963656, 0.672988359704074, 0.3330320412109872, 0.6225389712033209, 0.25668189241184686, 0.20480312831737868, -0.7684709946817201, -0.3874647085090455, -0.04623413965253495], [-0.3461555966973403, -0.38693957428090936, -0.6784832441124067, -0.20580429272640838, 0.3730366240014693, -0.6879978272399294, 0.2604543735769463, -0.2706020817221711, 0.19289526091686826, -0.3746957721863737, 0.17808975207374994, 0.641761350787359, 0.1776810923518417, 0.5748906417931712, -0.0387682261753504]], "inverted": true, "swapped": true, "error_lsq": 0.037351282132152976, "error_max": 0.2680064595440531, "target": "719.xyz", "model": "15.xyz", "model_rescale": 4.355366556412066, "target_rescale": 4.277967549215013},
{"mapping": [14, 12, 15, 0, 9, 2, 8, 3, 4, 1, 5, 16], "R": [[-0.973345869819354, -0.08004095188399889, 0.21492152923127208], [-0.2160346585154207, 0.005414255295837889, -0.9763706837875239], [0.07698599889415433, -0.9967768716523748, -0.022561562737860308]], "T": [-0.09696723219893516, 0.1075185205659428, -0.04631901377526244], "aligned_model": [[-0.10912634224927475, 0.4059601302114432, 0.1080144012012999, -0.6136562602690765, -0.5197676015999573, -0.46459072332449586, 0.01255117782524831, -0.2421737236040738, 0.4833766448444436, 0.19366246317937602, 0.37037342332097506, -0.02681503490412719], [-0.5625657223168665, -0.35712769414530027, -0.5153855449093218, 0.46051614218949477, -0.21383059008312755, -0.14487012918748982, 0.32323597800564047, 0.47594535337960686, -0.009411809643144087, -0.08746609907378378, 0.5396351131281175, 0.10410143039715455], [0.2760973293982486, 0.03152187627224364, -0.4369485954482599, 0.07808872119812996, -0.6022927094612953, 0.5114044597686289, -0.740146303048305, 0.5292560202887044, -0.5620400791864918, 0.6154890911830091, -0.15157119166689662, -0.09960015808829503]], "inverted": false, "swapped": true, "error_lsq": 0.04168202911193153, "error_max": 0.20742389822856322, "target": "719.xyz", "model": "16.xyz", "model_rescale": 3.795458400668931, "target_rescale": 4.277967549215013},
{"mapping": [8, 9, 15, 7, 12, 11, 0, 5, 3, 2, 14, 1, 16], "R": [[0.7441747598804068, -0.2651167479322565, -0.6131207358447139], [-0.5676023154960468, 0.23295508126314546, -0.7896578636075294], [0.3521811156215864, 0.9356522003819078, 0.022878411658791342]], "T": [-0.048388137908084904, -0.004870958858313512, -0.012759409145281345], "aligned_model": [[0.1816024371171249, -0.07466844416426682, 0.5256153136832228, -0.32574006077778833, 0.548180792186091, -0.4763459807461012, -0.6755511663104083, 0.18850229102180685, -0.5234524172590189, -0.4322168388338934, 0.1257712866166422, 0.05739212851890472, 0.029542459851906906], [-0.4168566032940396, 0.2931567230265794, 0.3771021803214245, -0.6348644715642324, 0.2478997606664199, 0.5452194688485836, -0.10052109077240473, -0.5888931209541557, -0.1331501609089752, 0.4987840156549099, 0.6824136147380968, 0.2345984442051278, -0.041107494496848626], [-0.5760504308178303, -0.7210114828512275, -0.34022692417769457, -0.29582530521217915, 0.22198239767057648, -0.39981873569983617, -0.0803592996126845, 0.12512132802480325, 0.4831924563891251, 0.31725533247584736, 0.2117877899199479, 0.6886246010454782, -0.032396696318030827]], "inverted": true, "swapped": true, "error_lsq": 0.04176735866135821, "error_max": 0.19918384588814778, "target": "719.xyz", "model": "17.xyz", "model_rescale": 3.7474275329858107, "target_rescale": 4.277967549215013},
{"mapping": [12, 3, 5, 2, 15, 9, 4, 7, 14, 8, 11, 0, 10, 16], "R": [[0.991646404447073, -0.11806525771102835, 0.0519423090439888], [-0.05228224994222101, 0.00021821514848240032, 0.998632324092871], [-0.1179151173012685, -0.9930058143353331, -0.005956325045752276]], "T": [0.08278508278373126, -0.023104307711115955, -0.0975660977153111], "aligned_model": [[0.41943620947283977, -0.0675317596850318, 0.6592975119334485, -0.43906315201648166, 0.18631269330877656, -0.2947152576266488, 0.6993836016019215, 0.208104147211076, -0.1688440322778021, 0.37733601729429345, -0.6729917253022573, -0.33552223318237484, -0.3147733640336134, 0.15841899118473066], [-0.6023447321046247, 0.3859252846857502, 0.2664471252433427, -0.15380552472915154, -0.6883022721957519, -0.23543329690360829, -0.3036828045269024, 0.6342788796391575, -0.6570305180286347, 0.1371380980397361, -0.16363028890495085, 0.45760452527227014, 0.32969309223951493, -0.04644932621491382], [-0.25892839355085207, -0.6436517279372661, -0.09570988378144527, -0.5671341400685748, 0.26217285875108814, 0.5376834964710343, 0.2993242004392897, 0.2281403556556209, -0.39410173332803516, 0.5562585953764879, 0.11365932959649652, -0.12903297589133858, 0.4748683412838929, -0.05875360435474395]], "inverted": true, "swapped": true, "error_lsq": 0.03995687644542915, "error_max": 0.25874372045341365, "target": "719.xyz", "model": "18.xyz", "model_rescale": 3.922800546911778, "target_rescale": 4.277967549215013},
{"mapping": [4, 12, 5, 8, 2, 15, 1, 10, 14, 7, 3, 0, 9, 11, 16], "R": [[0.06852062444321162, -0.2345221382099657, -0.969692884739977], [-0.20038415695163864, 0.948933851106114, -0.24366110864826376], [0.9773183277053049, 0.21100690252772705, 0.018027019081392846]], "T": [0.1228519610333778, 0.01000375972868995, -0.06493185768581869], "aligned_model": [[-0.26929742799500367, -0.41820315394808094, 0.37776984769125993, 0.11451596197972251, 0.12770600145969485, -0.6113551247582, 0.03955946936344561, 0.35177741009670066, -0.4135588547083291, 0.6810547516823942, 0.6531488801513844, 0.6162930157873981, -0.21291738691032713, -0.028229965857823627, 0.08778741285338257], [0.5081729938661755, -0.16388359396949112, 0.2655144461655104, 0.7422410376494217, -0.6198661174008888, 0.21868913495303474, -0.658994487659152, 0.48855528944918236, -0.4908406383605137, 0.5022122565744679, -0.4443298491463473, -0.04230575685555004, 0.42118386784338524, -0.07336944718100674, 0.06463236910635084], [-0.5280584126327126, -0.4546930559164516, -0.5996665760263432, -0.12562527463910533, 0.27143536852666317, -0.06789567886381082, -0.39047493524024535, 0.5084628433477807, 0.05561423524299915, -0.05584027742214967, -0.08674986725520631, 0.33610654082375613, 0.49123539885453316, 0.7133903608783344, -0.12458150251471298]], "inverted": false, "swapped": true, "error_lsq": 0.03960761365303615, "error_max": 0.2704349920377009, "target": "719.xyz", "model": "19.xyz", "model_rescale": 3.9282355846067225, "target_rescale": 4.277967549215013},
{"mapping": [12, 1, 3, 14, 15, 2, 11, 0, 9, 8, 6, 4, 7, 16], "R": [[-0.35656456453879853, 0.23111826090480625, 0.9052326003804739], [-0.5880275766281967, -0.8084478483658558, -0.025212012957881058], [0.726006391459488, -0.5412914427080442, 0.4241677658792766]], "T": [0.021896124551269054, -0.11334274870394807, 0.07838299811760091], "aligned_model": [[-0.5938348961160007, -0.10306251931333144, 0.5547983702218245, -0.4218254739217786, -0.6958117850043058, 0.16607634446615666, 0.10381841671630904, 0.6111614728548936, -0.17049482415734574, -0.05467667267592551, 0.16433273507230403, -0.519383355333582, 0.5238046049432921, -0.032379598667833714], [-0.421831912348746, -0.7719306651545205, -0.5139771418953055, -0.252381199292594, 0.14624317005844895, -0.2684714554002867, 0.43970406971552595, 0.06634204037114087, 0.6242173965918889, 0.3138115188797313, -0.7651206384127828, -0.07015658466675467, 0.11302977756121772, -0.11659628858212809], [0.053867962492300525, -0.254966492880977, -0.13046420840550862, -0.5020414045127979, 0.06702860527998672, -0.6035625152759441, -0.48993933195285627, -0.08754434436943523, -0.02222966759381692, 0.6713420602191125, 0.338274807968628, 0.6454733039285692, 0.5791679553099247, 0.1477764270364974]], "inverted": true, "swapped": true, "error_lsq": 0.03604228495754643, "error_max": 0.26018722016477797, "target": "719.xyz", "model": "20.xyz", "model_rescale": 4.067790424073018, "target_rescale": 4.277967549215013},
{"mapping": [6, 14, 5, 7, 4, 15, 8, 1, 12, 2, 11, 10, 0, 9, 16], "R": [[-0.5539641458436384, 0.6833340177058614, 0.475582112117028], [-0.18819051511500368, 0.45367828190777787, -0.8710685085261411], [-0.8109920191595459, -0.5720407649557608, -0.12272452113718052]], "T": [0.11894208786693271, 0.016199453101940996, -0.042701801610305345], "aligned_model": [[0.23823552634660572, 0.13441560739997127, -0.08522474513038829, 0.17377768749045241, -0.640226798540254, -0.5006361154348238, -0.3813835133772453, 0.3680449398214921, -0.2773891027005914, 0.658229074746226, 0.3754625405596874, 0.18475628104557773, 0.6338321601599061, -0.15093160313852905, 0.0374820146594282], [-0.11436153942619505, 0.7586312870182514, -0.39813501590102224, -0.7226945443167928, -0.0864489489212585, 0.4064645930279251, -0.4823225939355302, 0.4980263407457622, 0.4864981438982899, 0.47623091861546796, 0.26338762205481697, -0.4159228326749327, -0.26447005673243096, 0.0377475945975793, -0.0017358281220830052], [-0.7365096000123048, -0.001853582024283651, -0.4930937541584525, 0.027803051270284, -0.2146490101564037, 0.17278459110854177, 0.15996707186480938, -0.5587107249941655, -0.35355863310754543, 0.0435717819115304, 0.6705005418057962, 0.6047074453975603, 0.2086246729693364, 0.6769064404746135, -0.07124071872817567]], "inverted": true, "swapped": true, "error_lsq": 0.03454748376860249, "error_max": 0.1897961456207076, "target": "719.xyz", "model": "21.xyz", "model_rescale": 4.186013935880536, "target_rescale": 4.277967549215013},
{"mapping": [5, 7, 4, 1, 2, 13, 3, 0, 15, 9, 11, 14, 16], "R": [[0.7268061111832228, 0.23688693052942209, -0.6446995105404297], [-0.20376348731729452, -0.8220199638291678, -0.5317552259287998], [-0.6559217315983789, 0.5178491683981378, -0.549180226161086]], "T": [-0.03422930073341292, -0.04412691398048453, -0.04141551496590039], "aligned_model": [[0.14785878787918583, -0.5030687095239623, 0.437719484138673, 0.419134077251623, -0.14026951367581508, 0.6886462429950017, -0.23903310519069487, -0.6277633282937712, 0.3734629376432902, -0.33978122328491633, -0.5036694280950191, 0.3260945304045336, 0.019243283175097367], [-0.26975125485355395, -0.1282296012263281, 0.3549129221196996, -0.5185500692313121, -0.3029412354695622, -0.2647433988994188, -0.6977163978547121, -0.2654230110955517, 0.5918408815077674, 0.6522802703573163, 0.30742427890877505, 0.06912219497430284, -0.009268919691329057], [-0.6177380319746144, -0.6133058571209121, -0.5256380761052383, 0.3189438983758966, 0.6156028675203495, -0.34126693665387825, 0.09637441343918711, 0.03472614676261733, 0.06790244679825143, 0.07166503067812809, 0.49858452371469836, 0.599251645810616, -0.10222250990975558]], "inverted": true, "swapped": true, "error_lsq": 0.04230789953434329, "error_max": 0.23727055002381173, "target": "719.xyz", "model": "22.xyz", "model_rescale": 4.166573947596378, "target_rescale": 4.277967549215013},
{"mapping": [6, 12, 14, 2, 1, 4, 15, 5, 3, 0, 7, 11, 9, 8, 10, 16], "R": [[-0.8998668173384001, -0.2656692058430601, -0.345918464554837], [0.3790417998042319, -0.8687116741556749, -0.318853165558715], [-0.2157939411902633, -0.4180429406799767, 0.8824245433424949]], "T": [-0.1031950351136659, 0.024674547360016074, -0.013252271218121612], "aligned_model": [[-0.7719489505203986, -0.286240452903414, 0.19686879020652426, 0.21982306739938012, -0.37341755183722514, -0.41377962456383843, 0.13815722264893382, -0.6956492910846569, -0.2962839027388056, 0.10930108444986844, -0.2883884300448617, 0.6816082548851563, 0.5282800023940231, -0.1667069841857618, 0.3538786421425869, -0.14826863522675449], [-0.22342483576531666, 0.2439037954917755, -0.12012354936409288, -0.5570940873215707, -0.42171443647770057, 0.7298089762577923, 0.5925389614879926, 0.19448373544501932, -0.630881805807713, -0.3570135778762503, 0.1271098024285118, -0.10367380714019954, 0.4429757181166731, 0.6425230926581332, 0.19096070811078464, 0.09932874737783953], [-0.07539126926813183, -0.6404078760401581, -0.6781644810486475, -0.27230264439516144, -0.5500867485797325, -0.16412501571663834, -0.46258233891340456, 0.17746441143976088, 0.1319111991926663, 0.45173346119226726, 0.700297055514187, 0.043075449118335524, 0.11863996177399791, 0.3793722546542633, 0.5980025670468154, -0.026175452806325286]], "inverted": true, "swapped": true, "error_lsq": 0.0349356689576396, "error_max": 0.28716298396122014, "target": "719.xyz", "model": "23.xyz", "model_rescale": 4.274766983524099, "target_rescale": 4.277967549215013},
{"mapping": [3, 0, 7, 5, 8, 4, 13, 15, 14, 9, 16], "R": [[0.6550379669260644, -0.6410862423293721, 0.3999171061374772], [0.7550486905959136, 0.5755058464215458, -0.3141568009195675], [-0.028753029662361818, 0.507741519506359, 0.86102950742388]], "T": [0.09532236200225214, 0.08945256148981415, -0.03168152592744732], "aligned_model": [[0.36233359401140913, 0.24946733994074866, -0.41951565463171997, -0.4414877836074174, -0.5470751251321309, -0.48333185568608567, -0.2070069377739348, 0.06050608178635153, 0.6795822868152797, 0.10062275545176223, 0.02580000278381242], [-0.025920908841426255, 0.5164097000180814, 0.4528117105530076, -0.1901695495071987, 0.3809442675901814, -0.15791999454577027, -0.661062904378178, 0.02273356921032682, -0.1624813620801925, 0.6837254528291384, 0.05651655039551369], [-0.6669010473888973, -0.4800107406316153, -0.4277297074757159, -0.2549669966423057, 0.17394596424976316, 0.43779270118769437, 0.0486620501488633, 0.7278938933669107, 0.35339336714469377, 0.45611329776777704, 0.011373652294409425]], "inverted": false, "swapped": true, "error_lsq": 0.046867582121643055, "error_max": 0.24829664017720604, "target": "719.xyz", "model": "24.xyz", "model_rescale": 3.7841303162186577, "target_rescale": 4.277967549215013},
{"mapping": [13, 5, 7, 9, 8, 10, 15, 12, 5, 3, 1, 14, 0, 11, 2, 16], "R": [[-0.122306755952996, 0.2666548132301203, 0.9560001401827638], [0.24649404743756242, -0.9248907573013037, 0.2895129904451094], [0.961395726028623, 0.2710577385721185, 0.047391563954632565]], "T": [-0.023397348168819505, -0.03334547635445942, 0.08069897216510818], "aligned_model": [[0.19375310402610302, -0.24177834375928717, -0.5589152379143121, 0.30442069038071967, 0.02037761643331406, -0.2569006801419835, 0.7187449253886758, 0.5267304685630323, -0.24177834375928717, -0.5718654141608349, 0.04486813586353546, 0.48402058329583214, -0.5366178941932113, 0.08782658499569335, -0.0718213441931565, 0.01677769764794467], [0.013366168268413067, -0.3274604508046799, -0.550110531521951, -0.3994314765037501, -0.7665248411066404, -0.4922705734406828, -0.2072156565737296, 0.1456581210192053, -0.3274604508046799, 0.393891423866911, 0.6213639022372951, 0.49761861743263736, 0.016113979616576096, 0.09658567219577432, 0.6119253594427742, -0.0892367949555113], [-0.7014744508013755, -0.4503529851698766, 0.09150101861448323, 0.6720098275293584, 0.059335861574154415, 0.6681203373042295, 0.12085393604869639, -0.2937450667179639, -0.4503529851698766, 0.011696886709320564, -0.27591011744706695, 0.19781946054952618, 0.45647894831423175, 0.8593577225185758, 0.38266453273807244, 0.025617089222763977]], "inverted": false, "swapped": true, "error_lsq": 0.04469326912311851, "error_max": 0.327305711261402, "target": "719.xyz", "model": "25.xyz", "model_rescale": 4.19342608120988, "target_rescale": 4.277967549215013},
{"mapping": [14, 12, 15, 0, 9, 2, 8, 3, 4, 1, 5, 16], "R": [[-0.973345869819354, -0.08004095188399889, 0.21492152923127208], [-0.2160346585154207, 0.005414255295837889, -0.9763706837875239], [0.07698599889415433, -0.9967768716523748, -0.022561562737860308]], "T": [-0.09696723219893516, 0.1075185205659428, -0.04631901377526244], "aligned_model": [[-0.10912634224927475, 0.4059601302114432, 0.1080144012012999, -0.6136562602690765, -0.5197676015999573, -0.46459072332449586, 0.01255117782524831, -0.2421737236040738, 0.4833766448444436, 0.19366246317937602, 0.37037342332097506, -0.02681503490412719], [-0.5625657223168665, -0.35712769414530027, -0.5153855449093218, 0.46051614218949477, -0.21383059008312755, -0.14487012918748982, 0.32323597800564047, 0.47594535337960686, -0.009411809643144087, -0.08746609907378378, 0.5396351131281175, 0.10410143039715455], [0.2760973293982486, 0.03152187627224364, -0.4369485954482599, 0.07808872119812996, -0.6022927094612953, 0.5114044597686289, -0.740146303048305, 0.5292560202887044, -0.5620400791864918, 0.6154890911830091, -0.15157119166689662, -0.09960015808829503]], "inverted": false, "swapped": true, "error_lsq": 0.04168202911193153, "error_max": 0.20742389822856322, "target": "719.xyz", "model": "26.xyz", "model_rescale": 3.795458400668931, "target_rescale": 4.277967549215013},
