[{"mapping": [3, 12, 1, 7, 4, 13, 6, 11, 5, 0, 2, 10, 8, 14], "R": [[0.3491931444854721, 0.8088275747583523, -0.4731406790320089], [0.800753442814148, 0.0046761797304307184, 0.5989758402176318], [0.4866806670350052, -0.5880272847867275, -0.64603857522652]], "T": [-0.026617891567904783, 0.07564284396630964, 0.06367495173190743], "aligned_model": [[0.08759106804368438, 0.2610089104489887, -0.6176134142440226, -0.3248400301407157, -0.49556792364517893, -0.02926864006540547, -0.7059360908132415, 0.0705044983502692, -0.42000960393371356, 0.23709244578010774, 0.6314077421764301, 0.142648422791387, 0.5424372584275501, -0.007962542047835582], [-0.5465392180597565, -0.38606125782091166, -0.4114722327736315, -0.4762434955885851, 0.20339912071788657, 0.47803689554728496, 0.14005673454536383, 0.5358648349778191, 0.6317349683964711, -0.04116247367743954, 0.3563683482527922, 0.7575878902166661, -0.1653437019343998, 0.15904691901047496], [0.3660830295761238, -0.34780309761943784, 0.3075448632416129, -0.1498566408878231, 0.6943971436948175, -0.5995620144249206, -0.3106833199935215, 0.5723142114434365, 0.08357768138743768, 0.8005032521423, 0.3699779102286145, -0.006623222319081967, 0.04310354219315435, 0.07461474851712127]], "inverted": false, "swapped": true, "error_lsq": 0.04544749954992864, "error_max": 0.26179575003266564, "target": "72.xyz", "model": "0.xyz", "model_rescale": 3.8414455957264533, "target_rescale": 4.067581997062475},
{"mapping": [10, 1, 6, 12, 3, 4, 0, 11, 8, 9, 2, 5, 13, 7, 14], "R": [[0.5287963520127344, -0.8484023248843566, -0.02424692204884965], [0.5128010831777094, 0.2965961960667144, 0.8056461664840981], [-0.6763205358332633, -0.4384566017402107, 0.5919006176721172]], "T": [0.07960816002313213, 0.03913858493971466, 0.019253537889642614], "aligned_model": [[0.2787195864993427, -0.298945710097183, 0.7578109037489265, -0.328756607005934, 0.26037991364132523, 0.22039598521611753, -0.39096454658373, -0.6938984238528239, -0.051807927382031174, 0.13338280984297193, 0.7359954346196308, 0.625206650820302, -0.5284505642266184, 0.07708100974670534, 0.05611968821173244], [-0.1444472662202067, -0.7382180110422071, 0.3158957045396941, 0.028832910627384842, -0.7226763538911772, -0.27947315394975153, -0.10849853660432461, -0.20241121593429373, 0.578132885240228, 0.694072607512851, 0.05378797580586582, -0.27516038383614017, 0.4920260344805686, 0.2987242652610729, -0.038760590433317935], [-0.6092623135499896, -0.01093886627221181, -0.2518068039849477, -0.6252785047531864, 0.03759622329673511, 0.43696466171500925, 0.550555690761292, -0.2445772043074132, -0.5433452123002682, 0.20277300036260612, 0.35621921672572515, -0.17532608604045483, 0.017121273488578604, 0.607100363362656, -0.018746583630624338]], "inverted": false, "swapped": false, "error_lsq": 0.04471510304749345, "error_max": 0.26511946325602415, "target": "72.xyz", "model": "1.xyz", "model_rescale": 4.316132596720782, "target_rescale": 4.067581997062475},
{"mapping": [7, 6, 1, 8, 3, 12, 0, 9, 4, 13, 11, 14], "R": [[0.3939655053664645, -0.6158906432563993, 0.682253542409686], [0.906770964887148, 0.3817363972508194, -0.1790076541704161], [-0.15019187001624604, 0.689170543888219, 0.7088627255102639]], "T": [0.020421763608691877, 0.04547388953013715, 0.008633053297413498], "aligned_model": [[-0.19798041923602883, 0.48876051219804445, 0.10055876398526711, -0.5445969061552092, -0.4721581315576374, -0.555689723776382, -0.16067771239604553, -0.21481437085623714, 0.5043926556952256, 0.23742245815718538, 0.3435261465380252, 0.06906528203557319], [-0.5798228864217655, -0.5213933042246433, -0.5954401021738147, 0.2931446787758652, -0.159047663345879, -0.17365654521245147, 0.405218296866782, 0.5861514383901281, 0.0014734643503641412, 0.07282845250467379, 0.5691964992534092, 0.11412409897831216], [-0.011742060979003564, 0.2637543615980859, -0.4697356914582189, 0.050280921244589896, -0.44649421637021874, 0.30068004714614366, -0.6724612938532166, 0.5865859759726005, -0.6221461635971857, 0.7529271476863226, -0.30959504406422445, 0.0272044778837461]], "inverted": false, "swapped": true, "error_lsq": 0.04747136610758185, "error_max": 0.2878310298261374, "target": "72.xyz", "model": "2.xyz", "model_rescale": 3.795458400668931, "target_rescale": 4.067581997062475},
{"mapping": [6, 5, 13, 2, 7, 8, 10, 4, 11, 0, 12, 14], "R": [[0.1680480051301078, -0.6612430361209731, -0.7311070476703867], [-0.6510672575716603, 0.4824301396196811, -0.5859800222743542], [0.7401832841194869, 0.574472634307373, -0.3494422675379135]], "T": [0.0485341341587846, 0.10076337773256216, -0.009831591201702829], "aligned_model": [[-0.23573140639262385, -0.051876164488219745, -0.6998226502253486, 0.16563535687134695, 0.05514715772170201, 0.028874822740076023, -0.2487738656511702, 0.665189304722098, 0.3744692097243599, 0.7447676413254962, -0.23543715020849765, 0.030861569604345957], [-0.1711539517890699, -0.5606310507329947, -0.10329258641166927, 0.07811892330251372, 0.49709674254440983, 0.5654508005736788, -0.4024811299304527, -0.3567884458200752, -0.3698276070577824, 0.15489345741488098, 0.7204064976675534, 0.033977395528716994], [-0.6814122260442714, -0.13970380062093785, -0.021431559118520523, 0.759194141871097, -0.5408559302156837, 0.3976000870705433, 0.38639420719246576, -0.22061349661672414, 0.3803752612548174, 0.36223212177183334, -0.03466611385917696, 0.041658737953657536]], "inverted": false, "swapped": true, "error_lsq": 0.047502057800823734, "error_max": 0.27657689195575785, "target": "72.xyz", "model": "3.xyz", "model_rescale": 3.7530521520055578, "target_rescale": 4.067581997062475},
{"mapping": [12, 6, 13, 5, 9, 4, 8, 3, 0, 11, 14], "R": [[0.7574468902277814, 0.20036787930031077, 0.6213911179192696], [0.3001132269730312, -0.9520881967922176, -0.058822755161399065], [0.5798329582561667, 0.23104280658276322, -0.7812892947214002]], "T": [-0.11385777055150914, -0.05709819919334693, -0.04320891779161387], "aligned_model": [[-0.46606582714446193, -0.08440998579851733, 0.3799047563172416, 0.3757821882650395, 0.3664514098460636, -0.1458657767164385, -0.27141489486720094, -0.7537996766501456, -0.30432028787475185, 0.27326258244349244, -0.03132488537511596], [-0.6391817144965921, 0.11036338393070202, -0.4680675752099037, 0.32004322207712965, -0.6864610221444286, 0.7366677814420922, -0.4834930678691677, -0.02976350141822033, 0.29950340480396176, 0.35171069544349015, -0.044118248244717134], [-0.09160629403072792, -0.8027192382517353, -0.4780813261242318, -0.33027801740233176, 0.19110574231504343, 0.011172492602063738, 0.37593858664592283, 0.24197877728723963, 0.6369836241119031, 0.3604791500488179, -0.02214271995664752]], "inverted": false, "swapped": true, "error_lsq": 0.04894979363726144, "error_max": 0.26997611726061327, "target": "72.xyz", "model": "4.xyz", "model_rescale": 3.7855080009869324, "target_rescale": 4.067581997062475},
{"mapping": [0, 12, 5, 2, 1, 6, 13, 14, 3, 10, 7, 4, 9, 8, 16], "R": [[0.8572649541655493, -0.4066226980011704, 0.3158398008956247], [-0.5134752631882599, -0.6299731582231464, 0.5826465257873781], [-0.03794670543388573, -0.6616583721140417, -0.7488446074841631]], "T": [0.0027861479704108585, -0.025037874701646878, 0.06416663865970382], "aligned_model": [[0.42621048963574704, -0.40580939159446444, 0.5987170194144749, -0.32066772494885937, 0.16465623858674666, 0.36864702978402064, -0.32818066985744826, -0.6578895197959223, 0.008415471216228494, 0.12846692697434922, 0.6619528483984938, 0.6742408120930895, -0.3849418766160492, -0.03651487898622157, -0.04503457110545051], [-0.18644732711459028, -0.5684386762181216, 0.3663619407560592, -0.05425439241082243, -0.6399098257824398, -0.3197335281850505, -0.30876548383294766, -0.02842500245161102, 0.3625181479073447, 0.6841511002490097, 0.22448142276694344, -0.32246915670659887, 0.4837267101404418, 0.2740160742909279, -0.014985131852298364], [-0.570760679131509, 0.03534794734496746, -0.3189466938398262, -0.5993917044911946, -0.3467281124960244, 0.5173524229066505, 0.6428092297199669, -0.08141353828751771, -0.5121884996521994, 0.1747090000949684, 0.31834935466030767, -0.023492076697865405, -0.24846668555539161, 0.7000377253083426, 0.04183116498983108]], "inverted": true, "swapped": false, "error_lsq": 0.036576709644915106, "error_max": 0.27394783789606947, "target": "72.xyz", "model": "5.xyz", "model_rescale": 4.2253639853439635, "target_rescale": 4.067581997062475},
{"mapping": [4, 3, 2, 11, 0, 9, 10, 5, 12, 7, 8, 13, 6, 14], "R": [[0.1607013405968667, 0.8323542145344507, -0.5304352370243778], [0.943185423578109, -0.2878559871048576, -0.1659523649655867], [-0.29082010913991674, -0.47363001618840206, -0.831323205429285]], "T": [0.08003880155673021, 0.03933455710370733, -0.0074031145897515], "aligned_model": [[0.6066511327315605, -0.12638356273731483, -0.4920619926815148, 0.10490497996770085, -0.14959340053324985, -0.5129800989901705, 0.03554249307275137, 0.5700087943804446, -0.3156171834059444, 0.2555742783704197, -0.5238431954512215, 0.11166972486830168, 0.7322478424232655, 0.07794234074275509], [-0.4260969635421686, 0.2041440871142901, -0.48487736377804475, -0.6529956836320494, -0.4723204695387356, -0.012734262974659294, -0.3849308844959658, -0.27041076597299607, 0.5938227901959666, 0.6098077188751522, 0.11258216117879556, 0.26424374881738544, 0.3914312775287711, -0.02656624314075126], [-0.38170143747282087, -0.6568894321091816, 0.05199881334867164, -0.004019760054528879, -0.565597304826944, 0.5647116057223837, 0.5553231760281788, 0.35089682934484173, -0.04223386062021148, -0.2952544387959147, -0.1182308372897284, 0.7343695006134658, 0.2301210888350277, 0.048064266208208584]], "inverted": true, "swapped": true, "error_lsq": 0.04586610455005088, "error_max": 0.3086535710075363, "target": "72.xyz", "model": "6.xyz", "model_rescale": 3.89814844738969, "target_rescale": 4.067581997062475},
{"mapping": [4, 1, 6, 0, 5, 7, 3, 11, 8, 12, 13, 9, 14], "R": [[-0.4915590928737602, 0.35628597656619565, -0.7946256735818434], [0.7462132598359352, -0.29806095493981216, -0.5952524153545237], [-0.44892697519546887, -0.8855619515554175, -0.11935074737598972]], "T": [-0.05071847768247473, 0.08290702045905982, 0.023041335163470362], "aligned_model": [[0.2503605474072786, -0.198189000017631, 0.363938998962505, -0.32958559149346056, 0.6243783566189665, -0.369036553498723, -0.6665075793989221, 0.26801339076378616, -0.5388011156134354, -0.5665022053466188, 0.34268890158354914, -0.04390077013214874, 0.01177442106907714], [-0.3886390091866132, 0.1524955101571323, 0.6175667675004834, -0.6486043496321244, 0.04976118187755815, 0.5020291811978542, -0.08153181422120745, -0.5260771812467104, -0.011726046078240598, 0.4867075349549902, 0.5994548646805807, 0.16513603060193344, 0.04720859486484917], [-0.5435643874034709, -0.7640032802771444, -0.36162035085520017, -0.09196656370341744, -0.0637758668186036, -0.3796011039251649, -0.26913755210295937, 0.10963910801848781, 0.39065714439916843, 0.21311061388388886, 0.44756486933018896, 0.8445580668145806, 0.07041433347594127]], "inverted": true, "swapped": true, "error_lsq": 0.04971467634105983, "error_max": 0.37275842120245256, "target": "72.xyz", "model": "7.xyz", "model_rescale": 3.7474275329858107, "target_rescale": 4.067581997062475},
{"mapping": [9, 13, 5, 11, 4, 2, 1, 12, 7, 6, 3, 8, 10, 0, 14], "R": [[0.04348571473885082, -0.9990161756541529, 0.00869904563743055], [-0.9990457264298995, -0.04344816311370048, 0.004460226922458087], [-0.004077881288835163, -0.008884700523714206, -0.9999522153487126]], "T": [-0.010048516224031544, -0.01937528820862971, -0.005596938066705621], "aligned_model": [[0.28895054163252426, -0.4264270230483288, 0.5831871134967858, -0.2857029394113859, 0.24833670068490785, 0.34672851172194374, -0.22797476454959528, -0.6092736880234665, 0.08293117491037519, 0.24924238807361596, 0.553205519177137, 0.591028597085812, -0.4493816736839135, -0.07816304120582535, -0.014419213661852535], [-0.020372370760585182, -0.7916296258762588, 0.3119900926124261, 0.028603295819281806, -0.7568706080821238, -0.5263695635818908, -0.1818699969217805, -0.15536277321850478, 0.4784908209566372, 0.7463694811865454, 0.23144203252479478, -0.3245761690802446, 0.584761302238554, 0.4016525703501277, -0.0744316166107324], [-0.7062673379807273, -0.2014642546380739, -0.2320697533116033, -0.5607479535947243, -0.045139050973561086, 0.5638382671310631, 0.6950495062836712, -0.06108762378946757, -0.4609668385928669, 0.10990749254174706, 0.36042232400705176, -0.10937093301158685, -0.13700742671751542, 0.49670694548476874, 0.0172454920353313]], "inverted": false, "swapped": false, "error_lsq": 0.03717968494250416, "error_max": 0.2233782464119271, "target": "72.xyz", "model": "8.xyz", "model_rescale": 4.019505241142653, "target_rescale": 4.067581997062475},
{"mapping": [3, 8, 12, 7, 1, 6, 13, 0, 4, 11, 9, 5, 14], "R": [[0.3878913861677892, 0.5667960946104151, -0.7268304201608603], [-0.30715033357272203, -0.6640095661632642, -0.6817257283026948], [-0.869021832362684, 0.4876817437407877, -0.08347198152043567]], "T": [0.006532842091699201, -0.018727178532984515, 0.01521805850469746], "aligned_model": [[-0.2748347164851341, -0.5498543310945228, -0.18582149155806, 0.2882241042275736, 0.4220127484374708, 0.7731347455442836, 0.27373415453278344, -0.4945364460388247, 0.25688961675480276, -0.19368686565037224, -0.4281035203794106, 0.43687707428471445, -0.004334300834128155], [-0.5970553419871364, 0.019972867865644325, 0.0506796995343797, -0.33199454084313956, -0.695290601799317, 0.0601176459554295, 0.6968761504774089, -0.5127291697062984, -0.5154054172507824, -0.031511865171680434, 0.6783677128981881, 0.20670046325562536, 0.03465062488573669], [-0.26401962277106256, -0.2517221629953691, -0.6354712187595719, -0.49627417928244244, -0.10995270993337866, -0.09373833648418399, -0.12015773930003484, 0.3771492256468748, 0.5850237225987588, 0.6783165101490503, -0.06753323385067725, 0.4931069880635701, 0.08197625096234623]], "inverted": true, "swapped": true, "error_lsq": 0.05161902134366903, "error_max": 0.36891326293372567, "target": "72.xyz", "model": "9.xyz", "model_rescale": 3.877068213659057, "target_rescale": 4.067581997062475},
{"mapping": [4, 13, 1, 3, 2, 9, 10, 6, 5, 0, 8, 7, 12, 11, 15], "R": [[0.8346455026534305, 0.13107094971482947, 0.5349647568216577], [-0.5314331940099769, -0.06357237748483863, 0.8447113785934696], [0.14472610408892017, -0.9893325825837226, 0.01659505448816615]], "T": [-0.009912548322553942, -0.09118853987008815, -0.007357111814236043], "aligned_model": [[0.2698226078986169, -0.3624947152540117, 0.5877842700426017, -0.2964359524052905, 0.32015398547467866, 0.21160812397174772, -0.4035180510903562, -0.62559860194446, 0.030329921622514223, 0.18666907644328717, 0.6231271604218387, 0.7666207249796393, -0.4247493449738715, -0.03857669268277938, 0.007525690694579229], [-0.27915528472458684, -0.7473370415385028, 0.4119550296718083, -0.009718493266338377, -0.6668082717654386, -0.41250413752700554, -0.14691204212920428, -0.09238941778878132, 0.5060358326111712, 0.6648028578451143, 0.04914274932048021, -0.1986700791264767, 0.5296220487329156, 0.348402798769324, -0.004639677528232994], [-0.5943046605336185, -0.21422290232558075, -0.384864293134332, -0.5677394037787921, 0.001208252702838664, 0.5249305757648698, 0.5801634231007251, -0.042482834476633785, -0.5100489008556089, 0.14626159479022352, 0.41084235283753234, -0.2348002114907642, 0.019097773103216475, 0.584751913691211, 0.01025617547821931]], "inverted": true, "swapped": false, "error_lsq": 0.0354225667172108, "error_max": 0.18683221809313078, "target": "72.xyz", "model": "10.xyz", "model_rescale": 4.260839863003843, "target_rescale": 4.067581997062475},
{"mapping": [1, 6, 5, 4, 2, 0, 3, 7, 13, 9, 8, 14], "R": [[0.9832006469415568, -0.13832643007511453, -0.11908940589480936], [0.05810896929696251, -0.3812893915956641, 0.9226276321159329], [-0.173031313758374, -0.9140482474132768, -0.36684597021061627]], "T": [0.014373607115250675, -0.00040171564887182126, 0.007267301632395244], "aligned_model": [[0.37760947808022755, 0.4021825328017765, -0.28287094658299217, -0.34368568293858065, -0.5708572716161471, -0.4471644032401717, 0.23399867164183777, 0.6309488714808985, 0.14963140738624991, -0.16935914276123804, 0.03608745258454168, -0.057622317742271646], [-0.05388245002911216, -0.6597575882000053, -0.6108288607213453, -0.19984667956913782, 0.4139641373002461, 0.5136177925303644, 0.5579339404244559, 0.039818859286824104, -0.4705688854662039, 0.12672636448926852, 0.5488505777727477, -0.03294870228516808], [-0.7077353925197267, -0.13633127504893358, -0.05117912438747863, -0.6754196935873688, 0.3096442258418902, -0.3785683871627983, -0.35554253353867854, -0.2321652890757906, 0.6093133400580901, 0.8021122924898925, 0.2904137107884051, 0.04163620353800213]], "inverted": true, "swapped": true, "error_lsq": 0.04750431780709328, "error_max": 0.24452213373497494, "target": "72.xyz", "model": "11.xyz", "model_rescale": 3.890672605050136, "target_rescale": 4.067581997062475},
{"mapping": [8, 2, 10, 12, 13, 1, 0, 7, 3, 4, 5, 11, 6, 14], "R": [[0.19917784590788018, -0.8791074357442961, -0.43301074134319706], [-0.7659230885419039, 0.13598281567545495, -0.6283872184245998], [0.611301896069305, 0.45681373694325744, -0.6462439180386993]], "T": [0.1573115411153932, -0.023215799842233018, 0.11392614464038636], "aligned_model": [[0.39909710422405187, 0.20009134672662954, 0.3649458582332436, 0.6025901180445752, 0.7906754058438468, -0.36930601008241043, -0.39813504874584077, 0.16053130603447785, -0.1277549254457429, -0.5977809920410178, 0.025586804640974514, -0.2069569230444468, 0.20193846049064496, 0.16435332991470797], [-0.34211060797247467, 0.17674042424210226, 0.6243160270754484, -0.5393369073157478, 0.34413773522292995, -0.4109537688948831, -0.14116989320470277, -0.5373482135090926, -0.6404278754653149, 0.1982172632433988, 0.5827426969983457, 0.4421765130885098, 0.11798994927325468, 0.05717917704599147], [-0.35742012377776994, -0.6369489731303177, -0.07642218879265444, 0.0902611643565759, 0.3702713564615316, 0.5812189454362926, -0.43713509171206394, 0.5319790253862495, -0.05751251393870438, 0.23578240099658987, 0.3965115348617245, -0.24755610559814573, 0.8780176674428031, 0.08374333736475062]], "inverted": true, "swapped": true, "error_lsq": 0.04258550593148003, "error_max": 0.2961822183110619, "target": "72.xyz", "model": "12.xyz", "model_rescale": 4.124412569039231, "target_rescale": 4.067581997062475},
{"mapping": [1, 3, 12, 4, 7, 6, 0, 5, 8, 11, 13, 9, 14], "R": [[-0.43695644949693324, 0.6946495381146612, 0.5714289810992457], [0.1472499883319357, 0.6819583435527464, -0.7164148648618616], [-0.8873480163832448, -0.22889918491747036, -0.4002732328857862]], "T": [0.1388448745535055, 0.12115369002128998, -0.045333517860353244], "aligned_model": [[-0.1826191685698648, -0.14204336070241866, 0.5883018085104468, -0.5514544402393189, 0.31129431670358887, 0.4149292682620245, -0.5536923579826335, 0.06205960082987025, 0.23931430764607847, -0.3533810669499361, 0.7935177527541634, 0.6108339279470024, 0.13023771930075492], [-0.25295467537186533, 0.4607437633402208, 0.479375306426301, -0.27574214617754444, -0.018276622418718746, -0.5885557267872947, 0.5038945594442583, -0.41803782674145185, 0.7286683696276568, 0.13878053074281038, -0.09381911236944815, 0.5689119092092981, 0.1144970475842549], [0.589279072206977, 0.49999686980024516, 0.3219263057003041, -0.047947609248413084, 0.5791111111052314, 0.11546583530540316, -0.04328975557883232, -0.45492860919980654, 0.010820458034020854, -0.5325232685234155, -0.4017060606761573, -0.5537002577778413, -0.13080601017987667]], "inverted": false, "swapped": true, "error_lsq": 0.04435293908934215, "error_max": 0.2650650870915422, "target": "72.xyz", "model": "13.xyz", "model_rescale": 3.9028299243045295, "target_rescale": 4.067581997062475},
{"mapping": [2, 12, 3, 1, 8, 5, 13, 11, 6, 7, 4, 0, 9, 10, 15], "R": [[0.10104379458753943, 0.9643328579415198, 0.2446472780753792], [0.8745476256548865, 0.031137318043495177, -0.4839389609098022], [-0.4742959013493075, 0.262854725122831, -0.8402087784853531]], "T": [0.05395486170540787, -0.03400597566636776, -0.03489588399210073], "aligned_model": [[0.2952796848819593, -0.376317835441379, 0.5264353612225977, -0.30976373218889236, 0.3385156057483514, 0.17689038411133, -0.2995614937363072, -0.669207497593686, -0.01479994074353417, 0.12559478946324032, 0.5796597840889169, 0.8504759601193516, -0.3818659579468274, -0.003559159953005382, 0.014492251166618272], [-0.3731202153514721, -0.5789591297616091, 0.30084511187357943, -0.0439109010728152, -0.7518400476187455, -0.3520806883528109, -0.3771500703583714, 0.001397799137061638, 0.42778183523195573, 0.8273884369975264, 0.13001081570951378, -0.23992229891715947, 0.6066957662389002, 0.30220265631997845, 0.07248780148071399], [-0.6422784913471222, 0.011275047258674432, -0.2658209194201644, -0.5732353982867993, -0.05059899360831558, 0.34696425812196224, 0.5895476030493179, -0.18199946369212888, -0.5107457101927397, 0.2362043602339937, 0.3601941065305875, -0.13672425354130338, -0.055068824800806195, 0.6276812776574081, -0.026345743089058384]], "inverted": true, "swapped": false, "error_lsq": 0.03946577895418313, "error_max": 0.21765214291260282, "target": "72.xyz", "model": "14.xyz", "model_rescale": 3.942246331269136, "target_rescale": 4.067581997062475},
{"mapping": [3, 13, 5, 4, 12, 0, 8, 11, 10, 9, 2, 1, 10, 7, 14], "R": [[0.17111710910350025, 0.3408166765531137, 0.9244257287393892], [-0.6262861742002301, -0.6866834014078915, 0.36909556247200703], [0.7605817266919445, -0.6421136186175921, 0.09594549394381002]], "T": [0.010428346660908104, 0.004175516402386061, -0.030691633351749063], "aligned_model": [[0.37900705054009454, -0.4196187172314342, 0.6001828148271946, -0.24677591245358546, 0.19796021352782175, 0.3915663804584536, -0.2994803585406657, -0.702665597940761, -0.3226515761954257, 0.0910014585393745, 0.6155320014309205, 0.6957593910864666, -0.3226515761954257, 0.11462131389743033, 0.08048131744827505], [-0.20534494260507152, -0.636693166726909, 0.20002311910507367, -0.02764940452314671, -0.7751878158701457, -0.22866373095805737, -0.27129303661594756, -0.05676695921993255, 0.5222230276048819, 0.7858395972401193, 0.2166726208882099, -0.4071613584927191, 0.5222230276048819, 0.3552057102286001, -0.04159981610359083], [-0.6110353649494029, -0.28618468673483954, -0.15958283546665206, -0.5565215682394965, -0.1903814995963341, 0.5534634547454279, 0.6226953859760461, 0.012829229392509488, -0.3908097489334015, 0.1444413004519284, 0.3832437072614929, -0.16397618113850532, -0.3908097489334015, 0.7419021387755045, 0.019775272262630338]], "inverted": true, "swapped": false, "error_lsq": 0.04428207588551673, "error_max": 0.3225754493332502, "target": "72.xyz", "model": "15.xyz", "model_rescale": 4.355366556412066, "target_rescale": 4.067581997062475},
{"mapping": [7, 6, 1, 8, 3, 12, 0, 9, 4, 13, 11, 14], "R": [[0.3939655053664645, -0.6158906432563993, 0.682253542409686], [0.906770964887148, 0.3817363972508194, -0.1790076541704161], [-0.15019187001624604, 0.689170543888219, 0.7088627255102639]], "T": [0.020421763608691877, 0.04547388953013715, 0.008633053297413498], "aligned_model": [[-0.19798041923602883, 0.48876051219804445, 0.10055876398526711, -0.5445969061552092, -0.4721581315576374, -0.555689723776382, -0.16067771239604553, -0.21481437085623714, 0.5043926556952256, 0.23742245815718538, 0.3435261465380252, 0.06906528203557319], [-0.5798228864217655, -0.5213933042246433, -0.5954401021738147, 0.2931446787758652, -0.159047663345879, -0.17365654521245147, 0.405218296866782, 0.5861514383901281, 0.0014734643503641412, 0.07282845250467379, 0.5691964992534092, 0.11412409897831216], [-0.011742060979003564, 0.2637543615980859, -0.4697356914582189, 0.050280921244589896, -0.44649421637021874, 0.30068004714614366, -0.6724612938532166, 0.5865859759726005, -0.6221461635971857, 0.7529271476863226, -0.30959504406422445, 0.0272044778837461]], "inverted": false, "swapped": true, "error_lsq": 0.04747136610758185, "error_max": 0.2878310298261374, "target": "72.xyz", "model": "16.xyz", "model_rescale": 3.795458400668931, "target_rescale": 4.067581997062475},
{"mapping": [4, 1, 6, 0, 5, 7, 3, 11, 8, 12, 13, 9, 14], "R": [[-0.4915590928737602, 0.35628597656619565, -0.7946256735818434], [0.7462132598359352, -0.29806095493981216, -0.5952524153545237], [-0.44892697519546887, -0.8855619515554175, -0.11935074737598972]], "T": [-0.05071847768247473, 0.08290702045905982, 0.023041335163470362], "aligned_model": [[0.2503605474072786, -0.198189000017631, 0.363938998962505, -0.32958559149346056, 0.6243783566189665, -0.369036553498723, -0.6665075793989221, 0.26801339076378616, -0.5388011156134354, -0.5665022053466188, 0.34268890158354914, -0.04390077013214874, 0.01177442106907714], [-0.3886390091866132, 0.1524955101571323, 0.6175667675004834, -0.6486043496321244, 0.04976118187755815, 0.5020291811978542, -0.08153181422120745, -0.5260771812467104, -0.011726046078240598, 0.4867075349549902, 0.5994548646805807, 0.16513603060193344, 0.04720859486484917], [-0.5435643874034709, -0.7640032802771444, -0.36162035085520017, -0.09196656370341744, -0.0637758668186036, -0.3796011039251649, -0.26913755210295937, 0.10963910801848781, 0.39065714439916843, 0.21311061388388886, 0.44756486933018896, 0.8445580668145806, 0.07041433347594127]], "inverted": true, "swapped": true, "error_lsq": 0.04971467634105983, "error_max": 0.37275842120245256, "target": "72.xyz", "model": "17.xyz", "model_rescale": 3.7474275329858107, "target_rescale": 4.067581997062475},
{"mapping": [13, 12, 9, 7, 5, 4, 10, 8, 6, 11, 1, 3, 0, 14], "R": [[-0.5841930424230563, -0.7040748385502045, -0.4037290067669115], [0.0019112028773801137, -0.49863123336953435, 0.8668121136739718], [-0.8116124915796052, 0.5056139978569428, 0.2926425271266373]], "T": [0.03743199008792177, -0.027005875285179285, -0.004251965561356579], "aligned_model": [[0.5817692926869812, 0.036498713140734565, 0.808291455016829, -0.4463242265497668, 0.1969723320558983, -0.39094178130697327, 0.6496404728695835, 0.2051102807958945, -0.16612003879890488, 0.22346229246490482, -0.7493005477967227, -0.45770497952288236, -0.17999084662745882, 0.10348522945475913], [-0.4140856307780272, 0.3367196881977345, 0.21405262516312193, -0.04006148288630253, -0.6297261830796368, -0.30669917664100976, -0.2616406471520473, 0.5549592973219699, -0.7120479540133585, -0.05142225194860957, -0.18999173300835207, 0.4687538071778004, 0.4437694967849752, -0.05217161362702449], [-0.3988117663254993, -0.581241465818315, -0.17561216023671297, -0.4569330793086778, 0.27082387619140486, 0.6059232973154588, 0.2580251054880225, -0.12883924673202496, -0.31255441875065393, 0.6626419565147603, -0.02698659918839885, -0.030069960774729326, 0.5934105041207977, 0.045018676166223404]], "inverted": true, "swapped": true, "error_lsq": 0.04139642041759003, "error_max": 0.3285472730599958, "target": "72.xyz", "model": "18.xyz", "model_rescale": 3.922800546911778, "target_rescale": 4.067581997062475},
{"mapping": [10, 1, 11, 2, 6, 8, 5, 0, 9, 7, 13, 4, 3, 12, 14], "R": [[0.36377504124653237, -0.6543472644296034, 0.6629459833950111], [0.4247517055823321, 0.7499335810675745, 0.5071347085263083], [-0.8290076646032796, 0.0971044876442814, 0.5507422359946239]], "T": [0.06407555099052184, -0.06818693533702032, 0.0399720080276279], "aligned_model": [[0.39651875980467477, -0.34699794234262404, 0.6016471295683986, -0.27169378314085557, 0.30471252437562724, 0.24793884069727623, -0.4433589133986572, -0.7684750021907273, -0.04010215154127707, 0.17476463402720155, 0.621725727183563, 0.7342272573155794, -0.3675224608245966, -0.05915591520315891, 0.06803949886831023], [-0.17486644518036482, -0.6582713756694762, 0.30614935557059575, -0.035658629648099974, -0.6841704639344803, -0.45366345792135143, -0.20919283152701723, 0.004333451237206229, 0.4207153257099846, 0.7229391872447637, 0.17251522872672753, -0.28057754156103426, 0.40318962334245023, 0.390948945423148, 0.027436499743194148], [-0.6871467184237264, -0.13553286453225866, -0.23955035598574237, -0.5919534831291743, -0.15605327465241256, 0.4781418327030848, 0.5923860934521741, 0.03341414209435006, -0.6025735322676152, 0.04882661834464974, 0.3607561972064028, -0.13223153429823378, 0.0659823849922493, 0.6665678054160665, 0.028015543953692355]], "inverted": false, "swapped": false, "error_lsq": 0.03547130060284264, "error_max": 0.24592909520816766, "target": "72.xyz", "model": "19.xyz", "model_rescale": 3.9282355846067225, "target_rescale": 4.067581997062475},
{"mapping": [0, 11, 5, 2, 8, 10, 9, 13, 12, 7, 4, 3, 6, 14], "R": [[-0.05696583809115803, -0.20551702650833953, 0.976994188880232], [-0.6487362332903976, 0.7514532295400276, 0.12024701006698452], [-0.758878246431375, -0.6269615583343473, -0.17613350466111805]], "T": [-0.012464752120846634, -0.07389941525307725, 0.1260353588860878], "aligned_model": [[-0.6428125264752863, -0.10122570055447969, 0.5314141118728034, -0.45271480945877485, -0.5001577786199518, 0.28291982083991785, -0.03531479501211324, 0.562846099279139, -0.22624172653297767, -0.0014706412754158585, 0.021042624628201848, -0.5843451299991599, 0.6641068155113046, 0.014476454881469106], [-0.5519685840446131, -0.6715659572888324, -0.4649984829394185, -0.24093258781777904, 0.2348502179308014, -0.263017558267105, 0.3060832555590318, 0.3005953840928056, 0.568067999774061, 0.25273066649000125, -0.8095616011550784, -0.013240334669872664, -0.010147945622764443, -0.11401238461640181], [0.1114024590674755, -0.21288518448373067, 0.0010197222043262233, -0.49356600657584376, -0.09566407242774949, -0.4868465600810123, -0.6066234137020825, -0.2353264293768294, 0.21200793124592449, 0.7024923269211598, 0.4288961952556766, 0.5271315563855911, 0.5054469358397384, 0.05469769697103878]], "inverted": false, "swapped": true, "error_lsq": 0.045109720326289036, "error_max": 0.27737949752940066, "target": "72.xyz", "model": "20.xyz", "model_rescale": 4.067790424073018, "target_rescale": 4.067581997062475},
{"mapping": [4, 3, 8, 6, 2, 0, 12, 11, 5, 1, 7, 8, 13, 9, 14], "R": [[-0.21995325508291522, 0.5168841581565639, -0.8273157393795979], [-0.08217078517778965, 0.8352539591979702, 0.5436899720496796], [0.9720434803246695, 0.18756756300303137, -0.14124405002480028]], "T": [-0.005757167689101596, 0.0005679025386597157, -0.041788646274027674], "aligned_model": [[0.4197341556265085, -0.4224233307411782, 0.541258617191552, -0.32531983464911324, 0.1878842995419695, 0.41037251745333503, -0.3863930802574429, -0.6478206223939011, 0.1854680720544716, 0.2773744338082812, 0.5456670185805094, 0.541258617191552, -0.39965304156767134, -0.025691344433012957, -0.04944827420712584], [-0.16450809964655874, -0.7300855530996916, 0.1413368776594349, -0.2897999870496645, -0.6701676779906013, -0.48073508196399867, -0.18044209787576068, -0.04369407678261963, 0.3853777222057102, 0.7291476815416866, 0.1625758024666111, 0.1413368776594349, 0.5522590526485073, 0.35536956250281143, 0.04385586928094435], [-0.7007116630384715, 0.08580388086614668, -0.12005564736582013, -0.6427238285331456, -0.2993516380247943, 0.27387185453823637, 0.5980281624383764, 0.020079368873127224, -0.4465360134436128, 0.20783728014437655, 0.43397260095678514, -0.12005564736582013, -0.21673555396064398, 0.6494192169285805, 0.0062064818601857835]], "inverted": false, "swapped": false, "error_lsq": 0.05269854234039257, "error_max": 0.3763906528762161, "target": "72.xyz", "model": "21.xyz", "model_rescale": 4.186013935880536, "target_rescale": 4.067581997062475},
{"mapping": [11, 4, 0, 9, 13, 2, 10, 5, 3, 7, 6, 12, 14], "R": [[0.13079072943418102, 0.7058551855815529, -0.6961768755723695], [-0.7815029846462558, -0.35868251941232765, -0.5104898973114154], [-0.6100384168911569, 0.610831652139652, 0.5047155859107921]], "T": [0.0014338289760513186, 0.057828213412630995, 0.0540164112104984], "aligned_model": [[0.0011423131495387597, -0.4196229013654034, 0.35945162320302443, 0.46507387361736785, -0.19062614992316013, 0.567301330029804, -0.05605263963084001, -0.5405588186942193, 0.33144426490548967, -0.13116610210942747, -0.6979037683871036, 0.37570238984095383, -0.005611379212799627], [-0.3213216063302373, 0.19050457498193424, 0.20022380324135564, -0.5317247470965563, -0.4232122662013377, -0.3665727810292947, -0.6442783009206781, -0.3314818816070136, 0.6502547464918679, 0.6344973107210264, 0.15606251973437552, 0.33025587022599956, -0.024250582665348498], [-0.5258079288799994, -0.6086709171609551, -0.6371053751295862, 0.39921642191138373, 0.6315320334842687, -0.2704890786864436, 0.005193127677717721, -0.08408944907884645, -0.12410928988111959, 0.3523127860704798, 0.38119132881654433, 0.5549358219892088, 0.02877008020269288]], "inverted": false, "swapped": true, "error_lsq": 0.04487564136089673, "error_max": 0.33444039768407946, "target": "72.xyz", "model": "22.xyz", "model_rescale": 4.166573947596378, "target_rescale": 4.067581997062475},
{"mapping": [6, 14, 1, 13, 12, 3, 9, 10, 5, 0, 4, 2, 7, 8, 15], "R": [[-0.21015740212559875, 0.13706940913962606, 0.9680112826873111], [0.9766666545084406, 0.0742254195962152, 0.20152625897648202], [-0.0442279583873105, 0.9877765760352285, -0.14947014261387043]], "T": [0.08062486450889572, -0.12860465782035468, 0.0610262732451433], "aligned_model": [[0.5058778293158019, -0.5297366652339102, 0.5403537700193217, -0.5099846672892285, 0.10076234779109065, 0.4249661099748375, -0.2076738274248925, -0.6408646471955998, -0.046171876294833075, 0.23377079275719378, 0.5185596008165697, 0.7506178459499625, -0.30575706385290785, -0.09282122267066667, 0.1103698765359949], [-0.2470849123685009, -0.5700149299178667, 0.2890420181974038, -0.011146400236758502, -0.7084992925541082, -0.26608441432845314, -0.41594735294881374, 0.03987691106847019, 0.3461269108073366, 0.6732547246940533, 0.31495576489640464, -0.16742590215933076, 0.4553500542105178, 0.30590913018955346, -0.08648543799366165], [-0.5588365964058839, -0.1810347478158036, -0.28871598659293324, -0.534118312187985, -0.24343727071912652, 0.5342651930705337, 0.5023506506226842, -0.04855510541586536, -0.6095067277855211, 0.04303688268865496, 0.4500260566628871, 0.011918687305947105, -0.08421678986828242, 0.7207181430545007, 0.01515477825970038]], "inverted": true, "swapped": false, "error_lsq": 0.04350219787588773, "error_max": 0.24733841910341586, "target": "72.xyz", "model": "23.xyz", "model_rescale": 4.274766983524099, "target_rescale": 4.067581997062475},
{"mapping": [12, 13, 6, 7, 5, 4, 3, 11, 2, 10, 14], "R": [[0.31341960344392317, 0.917438617418759, -0.24510107189853358], [0.3234942598056511, 0.13951641481439148, 0.9358881524360337], [0.8928155554479593, -0.3726144834357553, -0.25305894705395693]], "T": [-0.02171830471748676, -0.0005170629108154773, -0.015162031902043516], "aligned_model": [[0.3005399484538906, 0.17097302664618713, -0.586368376355735, -0.3212768250739056, -0.3465496763341762, -0.605736087004833, -0.047832847365941705, 0.0058815608255145466, 0.57532057977704, 0.23206884448092302, 0.0028745559091112108], [-0.2238894573995675, 0.6811271515154902, 0.397849767260354, -0.2754910261227613, 0.5304594479613985, -0.12775212728331847, -0.6956958430948629, 0.08672926721530029, -0.07514102108354119, 0.5593316943120078, 0.058058677962984154], [-0.5732556007477094, -0.33145697060436036, -0.373269063322823, -0.5383873458981732, 0.2622188141826936, 0.5109375315224995, -0.10262256329812261, 0.6715528008017806, 0.4783983808880578, 0.3324058269325832, 0.043044623565151]], "inverted": false, "swapped": true, "error_lsq": 0.05275612486444738, "error_max": 0.2683983934069739, "target": "72.xyz", "model": "24.xyz", "model_rescale": 3.7841303162186577, "target_rescale": 4.067581997062475},
{"mapping": [12, 4, 14, 3, 2, 8, 1, 6, 13, 10, 10, 9, 11, 7, 15], "R": [[-0.8161360394846912, 0.5708930160881114, -0.08946021035109443], [0.560381630960332, 0.8196966436000722, 0.11861635702134235], [0.1410474839778469, 0.04667522525489982, -0.9889019317459763]], "T": [0.0484848818933246, -0.044638560973121806, 0.0607840646924723], "aligned_model": [[0.3602620193635059, -0.4210670090021956, 0.649019557667522, -0.4800382297008004, 0.31604396999179163, 0.2338431510158167, -0.20728347629805666, -0.6717746509655427, 0.03453840934459462, 0.4731798210256161, 0.4731798210256161, 0.6117661159803962, -0.3047748375002601, -0.19606370553118324, -0.018562753218086772], [-0.18571392246098833, -0.6099783056083338, 0.29516775106663345, -0.09389249707483224, -0.7249794686304533, -0.47363440101197335, -0.5225780441959713, 0.0025143308475037845, 0.3581800167123082, 0.5432500957620436, 0.5432500957620436, -0.14064685514909955, 0.6074788459673277, 0.3927488887779905, -0.039339659207953605], [-0.6160206821585698, -0.068120309750717, -0.33060926151695813, -0.5452186233564371, -0.12453029436029237, 0.42280984407308064, 0.5698938673165865, 0.028701945655419017, -0.6096953806643375, 0.34234443341424503, 0.34234443341424503, -0.06426539472614401, -0.13765491177615405, 0.4751435309643981, 0.04392565834514181]], "inverted": false, "swapped": false, "error_lsq": 0.05298790592659693, "error_max": 0.3761147199542651, "target": "72.xyz", "model": "25.xyz", "model_rescale": 4.19342608120988, "target_rescale": 4.067581997062475},
{"mapping": [7, 6, 1, 8, 3, 12, 0, 9, 4, 13, 11, 14], "R": [[0.3939655053664645, -0.6158906432563993, 0.682253542409686], [0.906770964887148, 0.3817363972508194, -0.1790076541704161], [-0.15019187001624604, 0.689170543888219, 0.7088627255102639]], "T": [0.020421763608691877, 0.04547388953013715, 0.008633053297413498], "aligned_model": [[-0.19798041923602883, 0.48876051219804445, 0.10055876398526711, -0.5445969061552092, -0.4721581315576374, -0.555689723776382, -0.16067771239604553, -0.21481437085623714, 0.5043926556952256, 0.23742245815718538, 0.3435261465380252, 0.06906528203557319], [-0.5798228864217655, -0.5213933042246433, -0.5954401021738147, 0.2931446787758652, -0.159047663345879, -0.17365654521245147, 0.405218296866782, 0.5861514383901281, 0.0014734643503641412, 0.07282845250467379, 0.5691964992534092, 0.11412409897831216], [-0.011742060979003564, 0.2637543615980859, -0.4697356914582189, 0.050280921244589896, -0.44649421637021874, 0.30068004714614366, -0.6724612938532166, 0.5865859759726005, -0.6221461635971857, 0.7529271476863226, -0.30959504406422445, 0.0272044778837461]], "inverted": false, "swapped": true, "error_lsq": 0.04747136610758185, "error_max": 0.2878310298261374, "target": "72.xyz", "model": "26.xyz", "model_rescale": 3.795458400668931, "target_rescale": 4.067581997062475},
{"mapping": [1, 3, 7, 6, 13, 11, 0, 5, 2, 12, 10, 9, 14], "R": [[-0.8147868204378503, 0.36736165821134836, -0.44851739020576076], [0.12095500104653008, 0.8643133213301128, 0.48819296419873065], [0.5670029320582145, 0.3435227716578883, -0.7486653327020494]], "T": [-0.060006562554218684, -0.09748932903967465, -0.0734536337152187], "aligned_model": [[0.17624317930264607, 0.44007284088178733, 0.4492647244287348, -0.15111273858650223, -0.2164612053533731, -0.6254770591655774, -0.1311778003015215, -0.6661339640779551, -0.26903232395886334, 0.5619645564295042, -0.6262231253442764, -0.10622722674083651, -0.13602347469250997], [-0.777185574176861, -0.5151878263270814, -0.30344437496006665, -0.13253708842600936, 0.5666448739587219, -0.2559028645959195, -0.5723505837558951, -0.09475302607816698, 0.11448611492038487, 0.18238606463036444, 0.31087204026446275, 0.6623851310952673, -0.06353138329228664], [-0.43154358522084596, 0.18549309040179562, -0.4440423438557402, -0.8456179944477505, -0.4425863708796925, 0.2941048043168605, 0.5554692647600881, -0.38489174093281764, 0.6455739652213679, -0.06747608306511635, 0.03276199902942471, 0.2461590798379487, -0.05126742306609631]], "inverted": false, "swapped": true, "error_lsq": 0.04653977832175875, "error_max": 0.25108707858771007, "target": "72.xyz", "model": "27.xyz", "model_rescale": 3.6321398670334006, "target_rescale": 4.067581997062475},
