[{"mapping": [8, 5, 11, 1, 6, 2, 4, 12, 7, 9, 3, 0, 2, 13], "R": [[0.26724344366771624, -0.9522563339151491, -0.14761035307559026], [0.8999792630066921, 0.19189718904641606, 0.39142406031568355], [-0.3444100288530402, -0.2374517705862904, 0.9082942192213291]], "T": [0.0006668495224940035, 0.10740927720753035, -0.07422817467479921], "aligned_model": [[-0.7710117344273838, -0.21696387258266875, -0.5434473261799682, 0.4883694072827202, -0.35930473410873603, 0.23796268576105378, -0.5381078625956964, 0.24537161807956226, -0.5216563106513278, 0.03224186931149087, 0.1802408446728581, 0.663100029337961, 0.23796268576105378, -0.12194626331076903], [0.011108737507875152, -0.16804759602959118, 0.41709352667251914, 0.14526255095612123, -0.5602202911057235, -0.2924882902881506, -0.2590475004487212, 0.6270170825113521, 0.34558062111531546, 0.5891560762323916, -0.3830179093120479, 0.2239298480842296, -0.2924882902881506, 0.18524047919931205], [0.0020443678904426554, -0.7444234001307939, -0.3826066276773032, -0.38042657154130666, 0.021883753198572303, 0.5381694633224285, 0.6249395207337043, -0.14666513268922138, 0.41755166403624505, 0.4768309977548511, -0.0533796546803189, 0.3039486006866235, 0.5381694633224285, -0.00041631374953053635]], "inverted": false, "swapped": false, "error_lsq": 0.05383617892031287, "error_max": 0.32555308828138096, "target": "720.xyz", "model": "0.xyz", "model_rescale": 3.8414455957264533, "target_rescale": 4.155131338618704},
{"mapping": [4, 7, 2, 9, 0, 12, 1, 6, 5, 10, 13, 8, 11, 14], "R": [[0.6150839524645151, 0.7264569648643532, 0.3064832941951359], [0.7880453853740205, -0.5790434166133218, -0.209029166068955], [0.025616440255077477, 0.3700932313307595, -0.9286413721732492]], "T": [-0.11152747659612437, 0.05895009761457931, 0.051994359193705854], "aligned_model": [[-0.6324072195667303, -0.2340097700897255, -0.4824458178055865, 0.280320627021058, -0.3797574193953017, 0.3588502950725334, -0.5864534552665953, 0.051211716738676735, -0.41122897484470905, 0.03388018592228241, 0.4234149844548495, 0.6581059228875681, 0.07741767339222692, -0.14408771217039643], [-0.0011425338786686529, -0.16354372423145735, 0.5234654036977742, 0.07601805843570647, -0.5941618576090859, -0.0549405808430144, -0.3242485838370403, 0.805068799460507, 0.6153809943206419, 0.4821775587352493, -0.46640745571709935, 0.2000585401991222, -0.556473654466616, 0.04782808054071211], [-0.09254077096945923, -0.5383018284578942, -0.38532685248860826, -0.5062828375450359, -0.11236756229980202, 0.6419631796813398, 0.6652658948827328, -0.11186537195500709, 0.23877351788367884, 0.5697939615928144, -0.060624489856573115, 0.16179069488443287, 0.6104016816744883, 0.13494091344971443]], "inverted": false, "swapped": false, "error_lsq": 0.039624515622719424, "error_max": 0.24306843495809224, "target": "720.xyz", "model": "1.xyz", "model_rescale": 4.316132596720782, "target_rescale": 4.155131338618704},
{"mapping": [4, 10, 12, 8, 6, 0, 9, 2, 11, 1, 7, 13], "R": [[-0.9234573141356097, 0.04461503482060345, 0.3810985274668516], [0.003761941514331256, -0.9921165183688345, 0.12526237174724653], [0.3836827293031171, 0.11710812374749659, 0.916009416210801]], "T": [0.12153826776461954, -0.02689736176104243, -0.00836849887632276], "aligned_model": [[-0.12677546972789258, 0.39468073341844356, 0.012213203104105244, -0.5096971944738333, -0.6744652829200983, -0.42329646747620886, -0.07623329603893264, -0.09812489681060116, 0.6851982634371712, 0.12817105195622483, 0.301116385172976, -0.014978475009573694], [-0.7101112375558881, -0.39879396188449234, -0.6266055393529528, 0.4334602928751409, -0.3293546083429011, -0.05756235452087183, 0.40055981416355363, 0.48661476483872135, 0.19402849229231786, -0.07518907760946494, 0.6472354061374116, 0.04849443670040583], [0.09524001318145606, 0.05804790738471239, -0.5371524655404125, -0.1073499818942513, -0.3543027394766536, 0.44959003460711167, -0.6993808537068467, 0.4216804535167048, -0.42288339278336756, 0.7551904806175348, -0.16272391794153687, -0.046697076755030015]], "inverted": true, "swapped": true, "error_lsq": 0.044027514496954995, "error_max": 0.250853886243803, "target": "720.xyz", "model": "2.xyz", "model_rescale": 3.795458400668931, "target_rescale": 4.155131338618704},
{"mapping": [6, 8, 0, 3, 12, 10, 2, 9, 7, 11, 4, 13], "R": [[0.8319233011536296, 0.3383258061013931, 0.4398173142606935], [0.41227805906180764, -0.9073746249220127, -0.08184187231402451], [0.3713898531380142, 0.24941318925325295, -0.8943504000181612]], "T": [0.05537878248594112, 0.1096779326536445, 0.16420306657484016], "aligned_model": [[-0.23112842778999898, -0.11111986654375507, -0.6209733758276763, 0.04640980242972413, 0.22775454251790167, 0.061547429969275716, -0.25834016821959876, 0.5845069544905424, 0.4651287877170368, 0.7624484507446517, -0.3584844181163284, 0.025554114371790178], [0.011245906942146097, -0.5885882793073585, -0.09890971171480795, 0.0942306248012845, 0.5826864089384158, 0.5663298680169195, -0.437592480547279, -0.3768038387413629, -0.4136424467286373, 0.15816167801546388, 0.6088292981519843, -0.020177982537059103], [-0.703551099250086, -0.15965988291902541, 0.08326975169442241, 0.7871828970474631, -0.46648221956303026, 0.2577764840857121, 0.4787888677383031, -0.26321963628335365, 0.4264426481361663, 0.35405888462043733, -0.1803848055061862, 0.07454954083827739]], "inverted": false, "swapped": true, "error_lsq": 0.044539665737755835, "error_max": 0.20604429368298205, "target": "720.xyz", "model": "3.xyz", "model_rescale": 3.7530521520055578, "target_rescale": 4.155131338618704},
{"mapping": [8, 6, 9, 5, 7, 4, 2, 0, 1, 10, 13], "R": [[0.9562040673444433, 0.10422330595832005, 0.27351651520349163], [0.11225110802498181, -0.9935837445417502, -0.013821408378237858], [0.27032105049571575, 0.043918618802423315, -0.9617679993539919]], "T": [0.08011846007032292, 0.03712939388593112, 0.14513312947768917], "aligned_model": [[-0.3160431235422158, -0.3381034461992069, 0.39011583503070274, 0.592682155568699, 0.3605060180199873, -0.2221227218671324, -0.3270424155151947, -0.6320062388559722, -0.39867029253907554, 0.22537249977385065, 0.003511332570763137], [-0.5213133575852418, 0.18315676142543386, -0.47337829432571693, 0.1115356511664098, -0.612260428520293, 0.6805633292790725, -0.4650958992711089, 0.02317936909037388, 0.1513130034180915, 0.4508088520518231, -0.06130562841449766], [-0.24394579047154188, -0.6601860510824465, -0.4401999645992062, -0.4337378542765815, 0.24615075320441465, -0.03876541538465239, 0.425986272234384, 0.15909947773120525, 0.7308991514526424, 0.30354902700329245, 0.0439811714338071]], "inverted": false, "swapped": true, "error_lsq": 0.05248351286277986, "error_max": 0.25754770645632136, "target": "720.xyz", "model": "4.xyz", "model_rescale": 3.7855080009869324, "target_rescale": 4.155131338618704},
{"mapping": [8, 15, 13, 14, 10, 0, 7, 12, 6, 1, 9, 2, 5, 16], "R": [[0.2663939420907211, -0.8146413950002234, -0.5151637265660849], [-0.3056752219002968, -0.5782914120524931, 0.7564004901257917], [-0.9141099093290532, -0.044027721930891384, -0.40306901811973384]], "T": [-0.0905014783829236, 0.08741229483287456, 0.12191339269521631], "aligned_model": [[-0.6793279473406466, -0.2604855030411795, -0.4667748983103924, 0.305147081804106, -0.29557773688169353, 0.33450195508598546, -0.6036573576123776, 0.13947343611018734, -0.6277650231540888, 0.2679771069334711, 0.31055616346058706, 0.6470550344301553, -0.006453732561796932, -0.05185754257216651], [-0.08244506715908188, -0.1926977182076594, 0.5301580279559552, 0.20566767433924843, -0.6024222993674678, 0.04358572665387596, -0.2485962295042321, 0.6918134551097521, 0.3713762713187094, 0.5738348279511871, -0.37364303301242774, 0.06982930590061044, -0.48141573590556047, 0.08403383873382202], [-0.22412380183094047, -0.6343682470668959, -0.31082459747064717, -0.4139739840665462, 0.007737060126338041, 0.7745428409901914, 0.5521909624812261, -0.08992626168989507, 0.36021868341541174, 0.5779727771329125, -0.24345597087188062, 0.08335283660599282, 0.6915394915424555, 0.08473834117909845]], "inverted": false, "swapped": false, "error_lsq": 0.036762656134475845, "error_max": 0.21096185207182835, "target": "720.xyz", "model": "5.xyz", "model_rescale": 4.2253639853439635, "target_rescale": 4.155131338618704},
{"mapping": [1, 10, 8, 5, 4, 7, 0, 11, 9, 12, 2, 6, 3, 13], "R": [[0.09000747248620583, 0.4529264091231165, -0.8869928538694574], [-0.2598098455928229, -0.8490917153631836, -0.45993706421057234], [-0.9614559267224259, 0.27184724905808044, 0.04125014121037157]], "T": [-0.11593704194050106, 0.05329775956260553, 0.051755673497526716], "aligned_model": [[-0.7806793223826107, -0.23604630224127238, -0.43242313068889193, 0.25310098523797, -0.2860996631456343, 0.19393962682607666, -0.528019412466001, 0.35032348540351566, -0.5857500979358758, 0.148497850451579, 0.2635558957469897, 0.5076726059998578, 0.22899633914616976, -0.08425782360172199], [-0.2046384056191658, -0.15199448725515674, 0.5348886452992799, 0.18187238093681318, -0.6328726206057907, 0.012534041470171786, -0.11464218539780045, 0.6754518842958229, 0.4005945245699233, 0.675311328391902, -0.38491213320779216, 0.030518894749464745, -0.4418368728412417, 0.008804050020301435], [-0.12229149609224962, -0.6911718689826641, -0.4105987900937771, -0.44626116124341475, 0.018196711495062863, 0.7809373967108291, 0.718874061878015, 0.018905185959101817, 0.22855238420539584, 0.6955856761743691, -0.2860738873178458, 0.2076726335648514, 0.42441118614260565, 0.07888209807654217]], "inverted": true, "swapped": false, "error_lsq": 0.042732453620485014, "error_max": 0.2814133878727762, "target": "720.xyz", "model": "6.xyz", "model_rescale": 3.89814844738969, "target_rescale": 4.155131338618704},
{"mapping": [0, 1, 2, 4, 8, 3, 10, 6, 5, 11, 7, 9, 13], "R": [[0.799858510265231, -0.5935959129835356, -0.08871446131002725], [-0.4921727291745136, -0.7332985572291769, 0.4690833941022839], [-0.3435001720715674, -0.3315375062566081, -0.8786868120849166]], "T": [-0.1878479598799791, 0.07460596945747652, -0.0717825041330114], "aligned_model": [[0.3011184501283941, -0.10199349172486415, 0.35303789777364886, -0.3701079192827612, 0.5683926024940562, -0.3127624924632236, -0.6117027464526695, 0.2184250202722981, -0.4269164335560817, -0.5745663057042394, 0.036130061631564125, 0.11055324414322665, -0.040976086355125424], [-0.2056791636946472, 0.15903790087146077, 0.4121437880489517, -0.594392586067017, 0.04129321826038268, 0.5662779254096307, -0.04279014420080575, -0.6942998605917304, -0.11719650807725521, 0.5221744576202304, 0.687337490973978, 0.18405474614532333, 0.04582000077198384], [-0.5075156138614567, -0.8273608641109325, -0.37244746967000314, -0.31343902893956194, 0.14541598890465304, -0.43382943255324413, -0.22634737447816183, 0.22570468491352952, 0.6419454015872255, 0.3623543295821327, 0.21963268562381272, 0.7017218526395892, -0.013560128801286764]], "inverted": true, "swapped": true, "error_lsq": 0.041890576498992596, "error_max": 0.24437554435216835, "target": "720.xyz", "model": "7.xyz", "model_rescale": 3.7474275329858107, "target_rescale": 4.155131338618704},
{"mapping": [0, 10, 6, 7, 12, 4, 1, 5, 3, 8, 11, 9, 13, 14], "R": [[0.31818279454976595, -0.16105587799899748, 0.9342487427952331], [-0.2987228856148302, -0.9522957731640089, -0.06242914402674267], [0.8997357094516425, -0.2592176008220405, -0.3511152069643449]], "T": [-0.11300363846824742, -0.015491679000276454, 0.13970781843366573], "aligned_model": [[-0.7237818501871102, -0.2558913367400066, -0.4083438848312453, 0.17664357070749276, -0.1290369243442192, 0.19738063968742203, -0.7574676268601096, 0.10538297635403955, -0.4288236943393999, 0.18745168439695797, 0.34042449663527224, 0.5964530957649067, 0.2306726217349777, -0.1182527316288283], [0.09980112756405879, -0.23185950834598246, 0.49600349972262403, 0.20791543739567525, -0.6276340625711546, -0.026427973668562248, -0.22452088271765885, 0.6370401391509259, 0.6242955039212006, 0.4371048571122229, -0.29774632324243755, 0.21405679090282942, -0.6823124432303338, -0.03663711718667592], [-0.0790861085181315, -0.5730554156034781, -0.42428235827087246, -0.4348105768195827, 0.06442664695275177, 0.8578776055858669, 0.46493816712391867, -0.05911616600643105, 0.21087375033619135, 0.5521314966063147, -0.17843554184616542, -0.01623794875726911, 0.635034503821134, 0.19536207587257418]], "inverted": false, "swapped": false, "error_lsq": 0.04678410806495076, "error_max": 0.2484690593615506, "target": "720.xyz", "model": "8.xyz", "model_rescale": 4.019505241142653, "target_rescale": 4.155131338618704},
{"mapping": [11, 10, 5, 9, 7, 8, 6, 3, 2, 1, 4, 0, 13], "R": [[0.6352387995424607, -0.6812234491471066, -0.36387673721738967], [0.5940870111324598, 0.7320623547772329, -0.33338466059750527], [0.4934899094809886, -0.004395571650280566, 0.8697404142560661]], "T": [-0.1044825304486713, -0.07476490215292471, 0.012895035568409072], "aligned_model": [[-0.3204557526204737, -0.5574247378675518, -0.09979104666162923, 0.43243667165900534, 0.21245406152642193, 0.6805452392044784, 0.36427712115662947, -0.3330557294414366, 0.31355926485218033, -0.26936440650988325, -0.3666276013991325, 0.21027807442205104, 0.05286961342051709], [-0.6098255097249587, 0.03495812549765524, -0.012306068805427048, -0.28067762947835306, -0.7077760741595387, -0.02224705142681735, 0.665829461675706, -0.5124315108010974, -0.3232123088377358, -0.0357189215268444, 0.6089775258023318, 0.30284605548400034, -0.04503786558486218], [-0.44032580961739126, 0.001526628064963901, -0.7613312446719503, -0.5942697051409138, -0.08393955114101322, 0.04692427561958723, -0.26379416701171976, 0.3931911878963726, 0.5231926496954846, 0.7590101588268116, 0.06722633471697097, 0.5284985413653955, 0.000794195441281103]], "inverted": true, "swapped": true, "error_lsq": 0.04907354486690704, "error_max": 0.30403278410410567, "target": "720.xyz", "model": "9.xyz", "model_rescale": 3.877068213659057, "target_rescale": 4.155131338618704},
{"mapping": [3, 13, 6, 14, 4, 8, 1, 10, 12, 11, 2, 9, 7, 15], "R": [[-0.7129599750427247, 0.6655236697210157, 0.22083097388760897], [0.6773515001636284, 0.7351052076116057, -0.028553090347286935], [-0.18133675637652596, 0.12922298086397263, -0.9748940465524804]], "T": [-0.14161764868108434, 0.058206935769463605, 0.08922843510805181], "aligned_model": [[-0.7206328892697045, -0.09256745010185925, -0.4075463691619932, 0.39564469519503515, -0.37914839090387253, 0.34864013699360413, -0.45802808637380515, 0.17945123984592837, -0.6079872550847223, 0.06603799758603557, 0.29462000543914574, 0.5162398568760487, 0.04483506524264974, -0.16674751993234022], [-0.07435514085581947, -0.12682112586258976, 0.4335651668494385, 0.22211500988959187, -0.5732052059626057, -0.027204966000127853, -0.34911417713915605, 0.6586021785027204, 0.6104831319880042, 0.6389754104759622, -0.3977501377644217, 0.11176707970849845, -0.6332906779838031, 0.09531249896103947], [-0.1342217600923997, -0.6597690217579211, -0.32149372050173086, -0.4529937183766193, 0.03456095375594028, 0.6788681949865311, 0.7869967033041764, -0.10989740646752186, 0.2781347849929242, 0.4944967260267664, -0.11608891479594072, 0.08888599820904364, 0.4808315569812317, 0.1673097542123414]], "inverted": false, "swapped": false, "error_lsq": 0.04158753438226437, "error_max": 0.22967627490349246, "target": "720.xyz", "model": "10.xyz", "model_rescale": 4.260839863003843, "target_rescale": 4.155131338618704},
{"mapping": [12, 9, 7, 11, 3, 10, 4, 6, 8, 2, 0, 13], "R": [[0.6629928996207908, 0.2470601930357182, -0.7066835756330903], [0.29365778804759496, 0.7824911392483533, 0.5490653153467334], [0.6886258189840182, -0.5715495411729133, 0.44623491953636096]], "T": [-0.11670454857606158, 0.09491421529081394, -0.09173952359260745], "aligned_model": [[0.3695405149358585, 0.16545583119510351, -0.44007810535505376, -0.5296593146734053, -0.6976638531143151, -0.25551290830472984, 0.2879859083165187, 0.8023291219562775, 0.3163990921363208, -0.2520683613348642, 0.2010450300849436, -0.008874306748523797], [0.1475405665841601, -0.6904376915303817, -0.49534178856355043, -0.36955607400779494, 0.20824627267966372, 0.39722970570990057, 0.6575517466989387, 0.08542728158951206, -0.2832493646435084, 0.04223904201378324, 0.45519364622243974, 0.018235162779771594], [-0.7336200084139508, -0.14595396601216137, 0.14816936972137193, -0.48171276946712976, 0.10336317330641487, -0.41833194584022504, -0.33430967515290894, -0.09946273853768012, 0.44640381805800294, 0.5980362920215581, 0.434326238270431, -0.0007297105582179941]], "inverted": true, "swapped": true, "error_lsq": 0.040694817164293, "error_max": 0.2074896114765301, "target": "720.xyz", "model": "11.xyz", "model_rescale": 3.890672605050136, "target_rescale": 4.155131338618704},
{"mapping": [11, 2, 10, 4, 1, 8, 6, 12, 9, 5, 0, 7, 8, 13], "R": [[0.630449554528452, -0.6601178938975432, 0.40838428636658963], [-0.3492748004067686, 0.22859833986797595, 0.9087078258771724], [-0.6932102660778248, -0.7155327841307326, -0.08644282410029167]], "T": [-0.13554283184902158, -0.01981473883875632, 0.10724157613943566], "aligned_model": [[-0.6184079207391593, -0.3247889053170408, -0.29030692389414486, 0.2274130563081073, -0.3633392887087098, 0.2769073875584124, -0.47649239782420016, 0.08912343822373886, -0.5793173366182471, 0.0759914955210404, 0.13095409489003443, 0.5907859093793734, 0.2769073875584124, -0.002618959987467223], [0.05633636653080235, -0.056581730404666096, 0.5498328351237155, -0.059924771277183465, -0.7422938987571207, -0.2649107557067791, -0.2917225856167835, 0.6717521571902122, 0.5093868572070479, 0.5404972660890682, -0.5377421392479836, 0.4133896792340778, -0.2649107557067791, 0.06597052014910337], [-0.1453539087318619, -0.5771546874935692, -0.5643909288323539, -0.4908480930365162, -0.07004612257670437, 0.6448323171909557, 0.48390835230031704, -0.05521593262369928, 0.46617092250276027, 0.6035034700149545, 0.010158438102010184, 0.21561436840831544, 0.6448323171909557, 0.04960961806125678]], "inverted": false, "swapped": false, "error_lsq": 0.053340969158615824, "error_max": 0.3178844652634437, "target": "720.xyz", "model": "12.xyz", "model_rescale": 4.124412569039231, "target_rescale": 4.155131338618704},
{"mapping": [9, 7, 2, 5, 8, 6, 11, 4, 3, 10, 0, 1, 13], "R": [[0.8975090216743993, -0.07107340720932714, 0.43523111883310905], [-0.4222579350870701, -0.4231331176818436, 0.8016586561478938], [0.12718408811272916, -0.9032756697202136, -0.40977710065648276]], "T": [0.044292905997561506, 0.14062836853254454, -0.11139167650392957], "aligned_model": [[-0.27677404832190144, -0.10216991821044583, 0.5725147534244892, -0.5687875509179238, 0.4511597154500684, 0.28152425361039507, -0.6073503926160051, 0.19809123947207363, 0.10453517617724972, -0.136609190392715, 0.7397458555531412, 0.5946690442920195, 0.11674936998931193], [-0.13272195540911716, 0.5310575962458703, 0.4831448853941208, -0.2922788957750019, -0.09943663857812007, -0.7356272045418878, 0.41986940662181504, -0.32754354983345724, 0.7516814535896613, 0.1672728726624091, -0.004491075177692483, 0.5192297657973327, 0.06732871551254468], [0.6107765272216095, 0.46881737519498023, 0.2057089811246059, 0.0887909969624164, 0.5186979240108247, 0.032378959921183656, 0.0776291556824003, -0.6557599007335424, -0.21819957520346422, -0.5402151001514014, -0.16427637096156295, -0.48441377664901175, 0.011762884548801228]], "inverted": true, "swapped": true, "error_lsq": 0.03896852898099371, "error_max": 0.2480068764810864, "target": "720.xyz", "model": "13.xyz", "model_rescale": 3.9028299243045295, "target_rescale": 4.155131338618704},
{"mapping": [12, 13, 11, 14, 8, 3, 2, 9, 1, 6, 5, 7, 0, 15], "R": [[-0.4173899444607969, -0.5572625244466303, 0.7178050662334322], [-0.6871482194336345, 0.7104424532306028, 0.1519830423990417], [-0.594653646076604, -0.4298022795368259, -0.6794534875271077]], "T": [-0.03217956294178875, -0.028741782338508007, 0.1190517376749926], "aligned_model": [[-0.5782015317852918, -0.08093884668780255, -0.37961167098708687, 0.07503278863541829, -0.4497342478202954, 0.2756559010861928, -0.517209175752245, 0.2481958395270744, -0.4832908586605797, 0.014550030444045486, -0.003994172013616945, 0.7749086068579574, 0.08313838370129217, 0.03430998980508845], [-0.12112349187504018, -0.2621895290930053, 0.5231021201459861, 0.40013107039721, -0.6767687710525911, -0.02985807179583976, -0.17370412244992872, 0.6815275166458109, 0.4094890507332701, 0.5005847905468571, -0.46350384216545, 0.3820763898305578, -0.6438878086846589, 0.06320374362355395], [-0.30233397428527126, -0.6397473355842319, -0.22824629849539912, -0.6475147895348546, 0.16612897837357665, 0.6612007266279148, 0.6537310473571085, -0.014187194602362799, 0.2823033580741025, 0.521591160078148, -0.14981508573097058, 0.14061725232535055, 0.6626633147199384, 0.10922897115377239]], "inverted": false, "swapped": false, "error_lsq": 0.04577279063218042, "error_max": 0.2874759942307963, "target": "720.xyz", "model": "14.xyz", "model_rescale": 3.942246331269136, "target_rescale": 4.155131338618704},
{"mapping": [0, 7, 2, 9, 8, 4, 12, 5, 1, 3, 6, 10, 13, 14], "R": [[-0.8954716549494244, -0.30901284885282265, -0.3203772376839554], [-0.4187376069724562, 0.3407109761817182, 0.8417688799286188], [-0.15096135826468932, 0.8879341698308288, -0.4344923225532493]], "T": [0.030251136292154868, -0.005163654506747203, 0.12948722969523685], "aligned_model": [[-0.6335292740471199, -0.19435059483634973, -0.37878450525595614, 0.40745038879162143, -0.3136528640426742, 0.4220470047948285, -0.5020911924651885, -0.10248625216456247, -0.5508117829701202, -0.013444183515273878, 0.2175022281811591, 0.7390978540397402, -0.019646024130734158, -0.06448976602921982], [-0.037224489461708685, -0.15314500388764757, 0.37567963550421507, 0.2461401685593993, -0.6517477302797852, 0.01250594004543533, -0.04218883732073962, 0.6052070285173433, 0.4800110320668683, 0.49193696584759367, -0.35330296355172824, 0.06083939178803406, -0.4595404557021549, 0.013908362681606057], [-0.18529071200346647, -0.682076132426616, -0.3904129059427889, -0.5358919242903266, -0.12051276590120177, 0.5652024575392975, 0.74861325807197, 0.017201998255345824, 0.4186460842150582, 0.6467198879554269, -0.26614573079021075, 0.0827919980174083, 0.8017831782346264, 0.11499143954229901]], "inverted": true, "swapped": false, "error_lsq": 0.048545474654025346, "error_max": 0.33448539318562337, "target": "720.xyz", "model": "15.xyz", "model_rescale": 4.355366556412066, "target_rescale": 4.155131338618704},
{"mapping": [4, 10, 12, 8, 6, 0, 9, 2, 11, 1, 7, 13], "R": [[-0.9234573141356097, 0.04461503482060345, 0.3810985274668516], [0.003761941514331256, -0.9921165183688345, 0.12526237174724653], [0.3836827293031171, 0.11710812374749659, 0.916009416210801]], "T": [0.12153826776461954, -0.02689736176104243, -0.00836849887632276], "aligned_model": [[-0.12677546972789258, 0.39468073341844356, 0.012213203104105244, -0.5096971944738333, -0.6744652829200983, -0.42329646747620886, -0.07623329603893264, -0.09812489681060116, 0.6851982634371712, 0.12817105195622483, 0.301116385172976, -0.014978475009573694], [-0.7101112375558881, -0.39879396188449234, -0.6266055393529528, 0.4334602928751409, -0.3293546083429011, -0.05756235452087183, 0.40055981416355363, 0.48661476483872135, 0.19402849229231786, -0.07518907760946494, 0.6472354061374116, 0.04849443670040583], [0.09524001318145606, 0.05804790738471239, -0.5371524655404125, -0.1073499818942513, -0.3543027394766536, 0.44959003460711167, -0.6993808537068467, 0.4216804535167048, -0.42288339278336756, 0.7551904806175348, -0.16272391794153687, -0.046697076755030015]], "inverted": true, "swapped": true, "error_lsq": 0.044027514496954995, "error_max": 0.250853886243803, "target": "720.xyz", "model": "16.xyz", "model_rescale": 3.795458400668931, "target_rescale": 4.155131338618704},
{"mapping": [0, 1, 2, 4, 8, 3, 10, 6, 5, 11, 7, 9, 13], "R": [[0.799858510265231, -0.5935959129835356, -0.08871446131002725], [-0.4921727291745136, -0.7332985572291769, 0.4690833941022839], [-0.3435001720715674, -0.3315375062566081, -0.8786868120849166]], "T": [-0.1878479598799791, 0.07460596945747652, -0.0717825041330114], "aligned_model": [[0.3011184501283941, -0.10199349172486415, 0.35303789777364886, -0.3701079192827612, 0.5683926024940562, -0.3127624924632236, -0.6117027464526695, 0.2184250202722981, -0.4269164335560817, -0.5745663057042394, 0.036130061631564125, 0.11055324414322665, -0.040976086355125424], [-0.2056791636946472, 0.15903790087146077, 0.4121437880489517, -0.594392586067017, 0.04129321826038268, 0.5662779254096307, -0.04279014420080575, -0.6942998605917304, -0.11719650807725521, 0.5221744576202304, 0.687337490973978, 0.18405474614532333, 0.04582000077198384], [-0.5075156138614567, -0.8273608641109325, -0.37244746967000314, -0.31343902893956194, 0.14541598890465304, -0.43382943255324413, -0.22634737447816183, 0.22570468491352952, 0.6419454015872255, 0.3623543295821327, 0.21963268562381272, 0.7017218526395892, -0.013560128801286764]], "inverted": true, "swapped": true, "error_lsq": 0.041890576498992596, "error_max": 0.24437554435216835, "target": "720.xyz", "model": "17.xyz", "model_rescale": 3.7474275329858107, "target_rescale": 4.155131338618704},
{"mapping": [1, 7, 11, 12, 2, 4, 0, 10, 3, 8, 9, 5, 6, 13], "R": [[-0.17663934862430114, -0.31784129931986016, 0.9315446575254702], [-0.9557679882057836, -0.17074108433430285, -0.23948911215630592], [0.23517247551244558, -0.9326437640208665, -0.2736229452994369]], "T": [-0.10141142899025657, 0.06815409679038077, 0.04360138604485039], "aligned_model": [[-0.7896677298095913, -0.2282527441232578, -0.39244253113357713, 0.4146370016356713, -0.4160313151724273, 0.3702367662039875, -0.47531383018373774, 0.13650456304001524, -0.5109408075310373, -0.03892340751479578, 0.3768799251552435, 0.57421523787274, 0.13220278958921466, -0.14029288167829773], [0.03061515783558459, -0.20673176204564603, 0.47537968853271445, 0.11830675855545499, -0.5658160205626266, -0.11950660071840978, -0.22007887039853408, 0.7122419849821322, 0.5904555827448407, 0.46578130037046134, -0.38757712880173223, 0.3102269066690583, -0.5993524762079018, -0.014865476148664819], [-0.01481530039241738, -0.6461582296355748, -0.47717195891570385, -0.49530087882318174, 0.09772108053599192, 0.7005315684852161, 0.733718145577679, -0.02701124373479953, 0.1852912840298487, 0.639287801337215, -0.06256167921821318, 0.13387485064731675, 0.35159194327335275, 0.09662274731009178]], "inverted": false, "swapped": false, "error_lsq": 0.042357113572239306, "error_max": 0.2610227161442532, "target": "720.xyz", "model": "18.xyz", "model_rescale": 3.922800546911778, "target_rescale": 4.155131338618704},
{"mapping": [13, 7, 11, 9, 12, 1, 8, 10, 4, 6, 3, 2, 5, 14], "R": [[0.1813376473581087, 0.41198650255344993, -0.8929634815402043], [0.6842828246714037, -0.7050140188796568, -0.1863122353547418], [-0.7063098990601446, -0.5772541510434825, -0.4097608712318893]], "T": [-0.06223677955406666, -0.01238908611546749, 0.17399338597846947], "aligned_model": [[-0.7151494357316657, -0.20853288659101593, -0.3466555937954822, 0.37484372085618184, -0.3721785835618719, 0.4099459595561533, -0.44657294672639763, 0.11821456667406054, -0.4775226724871543, -0.09446915503147967, 0.23396302426037868, 0.583220389580769, 0.01828999485587554, -0.06458534550820225], [-0.0020915907830136443, -0.21706983150671824, 0.38492153605592827, 0.23832321913581841, -0.7000226101855731, 0.07223523888502038, -0.09984130699726092, 0.7550078298271895, 0.5785877378345987, 0.478379834617494, -0.4415826960814073, 0.2463658605247924, -0.6710994202117158, -0.033034756308421356], [-0.039109339985268526, -0.5842376214266426, -0.34417050738355415, -0.46541818888680975, -0.0489645904875641, 0.737788746406726, 0.6419981655349853, 0.0032891613398812747, 0.22037398296498834, 0.6575993333434693, -0.19642227914625798, 0.002063507279545823, 0.5510210435099223, 0.07980871741340002]], "inverted": false, "swapped": false, "error_lsq": 0.04171807804918066, "error_max": 0.19899561937520593, "target": "720.xyz", "model": "19.xyz", "model_rescale": 3.9282355846067225, "target_rescale": 4.155131338618704},
{"mapping": [10, 2, 1, 5, 12, 8, 11, 3, 0, 4, 7, 6, 9, 13], "R": [[0.21030268443366248, 0.7545462286860027, -0.6216371688499059], [-0.7324200660855984, -0.29957384187564573, -0.611405233915309], [-0.6475597483747452, 0.583879698259493, 0.4896436155462872]], "T": [0.03442177597020235, 0.00401388776887638, 0.11239550246716842], "aligned_model": [[-0.7507472917929574, -0.2606886919699789, -0.3421155975579603, 0.3120548096452619, -0.1810773499461542, 0.3877895457942571, -0.4928446149043497, 0.10562027432015525, -0.5315340686621112, 0.033419444995404106, 0.2704581013709254, 0.6582238724614806, -0.10207926703099182, -0.09366813037283078], [-0.281601326042761, -0.08168175721000293, 0.47153890276727395, 0.31651635994147187, -0.8183922819062661, -0.09833756604963709, 0.05866365950635175, 0.7480109930567503, 0.5519233308613837, 0.41651378308393566, -0.44894992462581157, 0.1745433791561452, -0.49293127256918096, 0.073262764837079], [-0.09776594418451576, -0.6519880913544539, -0.33609169132310457, -0.4470258554974623, 0.11399677605799521, 0.7781859937472682, 0.5944398228663622, 0.024337849207880763, 0.25270306567536405, 0.5911550210539994, -0.2442673833673639, 0.01947246421857357, 0.5737389733367078, 0.044729130039570825]], "inverted": false, "swapped": false, "error_lsq": 0.04398340140514058, "error_max": 0.30939230743811835, "target": "720.xyz", "model": "20.xyz", "model_rescale": 4.067790424073018, "target_rescale": 4.155131338618704},
{"mapping": [13, 1, 10, 9, 5, 2, 6, 12, 11, 3, 8, 0, 4, 14], "R": [[0.341287113090657, 0.033353945052264355, -0.9393671384435884], [0.8287629334806611, -0.48218909090172396, 0.28398183164403035], [-0.4434806721005713, -0.8754320047638307, -0.19220743614232508]], "T": [-0.04280648619637807, 0.0020565151112185293, 0.10432506234767056], "aligned_model": [[-0.690354595301102, -0.09388627442318402, -0.4798141371387578, 0.08692200309645697, -0.2923634135788802, 0.3179396562685014, -0.407174009762728, 0.07702213633932452, -0.45292548676411715, 0.09082781813463757, 0.24191721074763034, 0.6510043779043521, 0.03745617156231086, -0.07376042073429437], [-0.028104733926366268, -0.24869489490967395, 0.37017089929375235, 0.3696570094558918, -0.5203834950682135, -0.08860866894399803, -0.09873288135644277, 0.7449209096758626, 0.4857412173482065, 0.5970980905344909, -0.4598918269523395, 0.09011242608455745, -0.6740802737296903, 0.049875267300693873], [-0.1600520367524351, -0.6753028533185513, -0.4828741668151456, -0.5680515397825945, -0.010757067529236969, 0.7488124374264029, 0.7404341001903831, -0.03992284719346714, 0.2303558846665901, 0.6974628312298886, -0.0709006275163444, 0.22814214888831139, 0.5272546584764995, 0.051019208506521106]], "inverted": false, "swapped": false, "error_lsq": 0.04321771071921617, "error_max": 0.2452111290418082, "target": "720.xyz", "model": "21.xyz", "model_rescale": 4.186013935880536, "target_rescale": 4.155131338618704},
{"mapping": [8, 9, 7, 1, 4, 2, 0, 6, 11, 5, 12, 10, 13], "R": [[0.3146375381985972, 0.3191204160705322, -0.893960502261312], [0.9266775571003802, 0.10072588938110286, 0.362109100099483], [0.20560137334852113, -0.9423462501943523, -0.26402958171736324]], "T": [0.14537863962783942, -0.0038568839921958795, 0.09366878499604447], "aligned_model": [[-0.11274424625988283, -0.2505613822616452, 0.4423082322544285, 0.6333784777430249, -0.23137508935801204, 0.5134903428458533, 0.09871881579122685, -0.7036166756633182, 0.3136781740541446, -0.3837893521740912, -0.5278027783063093, 0.1988466238071142, 0.0680428929506918], [-0.3613776529511195, 0.35996548597369793, 0.266568217610657, -0.5353523979301079, -0.2882976852179689, -0.43492068951273555, -0.7141609880693113, -0.3452389463615574, 0.6992253824300415, 0.5604218744051026, 0.25717109306034003, 0.12553616130178022, -0.07058319519272527], [-0.5588158420212997, -0.5467967374216063, -0.49728972949279227, 0.3481625481315005, 0.6560971754336519, -0.3253377555431647, 0.0653458355213857, 0.007426222195567114, -0.031606968188739926, 0.023524874554774117, 0.45409287572622137, 0.5383300507307814, -0.03025298829093348]], "inverted": false, "swapped": true, "error_lsq": 0.0472196139802883, "error_max": 0.3414381223038967, "target": "720.xyz", "model": "22.xyz", "model_rescale": 4.166573947596378, "target_rescale": 4.155131338618704},
{"mapping": [9, 8, 3, 4, 10, 5, 14, 2, 12, 6, 7, 1, 13, 15], "R": [[0.7277605170111803, -0.28651146299660424, 0.6231178150648282], [-0.6275574709899623, 0.08830087206513805, 0.7735467513972373], [-0.2766518579086408, -0.9539990238800468, -0.11554052082112017]], "T": [-0.1524343869920512, 0.10928193069044409, 0.03200478055109458], "aligned_model": [[-0.685333467449466, -0.13892326806073696, -0.3162185302320796, 0.23024184284320687, -0.2668710483258887, 0.4562054599091478, -0.6642202176565097, 0.11132145518858005, -0.4925005610979835, 0.17887075070042507, 0.22405662385626285, 0.5197302224178721, -0.05639986552317444, -0.08714836021950562], [-0.01895391238603658, -0.2417302813524889, 0.47833205422561265, 0.3002044877181098, -0.6106828020313984, -0.21734104464374546, -0.23664510467053987, 0.7249652479511499, 0.38868219666112214, 0.5427156895324025, -0.4986370177607471, 0.3318120097729213, -0.4705366237620129, 0.11689414555238249], [-0.21299175999631847, -0.6964779007002425, -0.41342019939263414, -0.5654573468692838, 0.20374955422298602, 0.4945379684946972, 0.5263604348706309, -0.03261834032317727, 0.5174652257303957, 0.5625513990508872, 0.02313243505350056, 0.1143100818839566, 0.6414315222474624, 0.053047056203961336]], "inverted": true, "swapped": false, "error_lsq": 0.044424368735079434, "error_max": 0.28805617101431225, "target": "720.xyz", "model": "23.xyz", "model_rescale": 4.274766983524099, "target_rescale": 4.155131338618704},
{"mapping": [4, 10, 1, 0, 2, 8, 6, 9, 5, 11, 13], "R": [[0.676304647805507, -0.5373789117875672, 0.5038213259903545], [0.6880022237427569, 0.21644384154500915, -0.692679582189529], [0.26318237684482315, 0.8150926135251434, 0.5160998623280775]], "T": [-0.0032405946889459136, 0.24833787521041745, -0.004644812338613288], "aligned_model": [[0.2243276766893902, 0.3004355735055536, -0.4737634259436886, -0.5349641830549, -0.694005942220914, -0.5019295113282715, 0.0421332139165316, 0.10524282595261622, 0.603341109582035, 0.3945608027013947, -0.08548343584167192], [-0.14103776657556666, 0.4031023986986206, 0.5033682679633154, -0.0874700756539924, 0.3548525350010293, -0.2098071734561252, -0.6696557727280819, -0.03836146429432513, -0.008355773558520407, 0.6727618153419689, 0.13618954050516108], [-0.5841057062068453, -0.32269159174006834, -0.5514227954832727, -0.3393301789259217, 0.08693342410041045, 0.3973467196037595, -0.005835345616033036, 0.7734079746884684, 0.40707894896680263, 0.44252605909540305, 0.07565892553887449]], "inverted": false, "swapped": true, "error_lsq": 0.04952289290185672, "error_max": 0.2238017693019837, "target": "720.xyz", "model": "24.xyz", "model_rescale": 3.7841303162186577, "target_rescale": 4.155131338618704},
{"mapping": [8, 1, 2, 4, 7, 13, 10, 5, 9, 12, 6, 3, 11, 15], "R": [[-0.5368234285827966, 0.42459762103278254, -0.7290661607411997], [0.8435972779182949, 0.2570044326790195, -0.47147890119514224], [-0.012815584787844891, -0.8681391488676439, -0.49615539802556685]], "T": [-0.20425512062016138, -0.035245985145598846, 0.1103570342789974], "aligned_model": [[-0.600103328542203, -0.3708798605377417, -0.3072502869684053, 0.2094436907309959, -0.28029147835234003, 0.26788107348625395, -0.6851445741001261, 0.295264222387617, -0.5449205828420394, 0.007826311727022167, 0.3560619500993103, 0.5909910397266406, 0.21676749466272927, -0.14283463512756353], [0.11032963212487873, -0.16718449573173547, 0.6359971700511304, 0.16189397749074902, -0.6793381078936682, 0.10545716230621968, -0.3601155826390992, 0.6640799180035899, 0.3810896164194127, 0.6132438413350421, -0.4055070569963402, 0.09353775431967468, -0.5024059012657557, -0.06199888271736658], [-0.3038527188414363, -0.6022893150941784, -0.21769425780451063, -0.4784497858893276, 0.15693352853274387, 0.7180494200984198, 0.628488468794749, -0.06503524773287489, 0.3400359802988226, 0.4414979671653004, -0.1560598780507565, 0.11078192974889711, 0.550730897438074, 0.09248314181289871]], "inverted": true, "swapped": false, "error_lsq": 0.04280461799347508, "error_max": 0.24641030080164583, "target": "720.xyz", "model": "25.xyz", "model_rescale": 4.19342608120988, "target_rescale": 4.155131338618704},
{"mapping": [4, 10, 12, 8, 6, 0, 9, 2, 11, 1, 7, 13], "R": [[-0.9234573141356097, 0.04461503482060345, 0.3810985274668516], [0.003761941514331256, -0.9921165183688345, 0.12526237174724653], [0.3836827293031171, 0.11710812374749659, 0.916009416210801]], "T": [0.12153826776461954, -0.02689736176104243, -0.00836849887632276], "aligned_model": [[-0.12677546972789258, 0.39468073341844356, 0.012213203104105244, -0.5096971944738333, -0.6744652829200983, -0.42329646747620886, -0.07623329603893264, -0.09812489681060116, 0.6851982634371712, 0.12817105195622483, 0.301116385172976, -0.014978475009573694], [-0.7101112375558881, -0.39879396188449234, -0.6266055393529528, 0.4334602928751409, -0.3293546083429011, -0.05756235452087183, 0.40055981416355363, 0.48661476483872135, 0.19402849229231786, -0.07518907760946494, 0.6472354061374116, 0.04849443670040583], [0.09524001318145606, 0.05804790738471239, -0.5371524655404125, -0.1073499818942513, -0.3543027394766536, 0.44959003460711167, -0.6993808537068467, 0.4216804535167048, -0.42288339278336756, 0.7551904806175348, -0.16272391794153687, -0.046697076755030015]], "inverted": true, "swapped": true, "error_lsq": 0.044027514496954995, "error_max": 0.250853886243803, "target": "720.xyz", "model": "26.xyz", "model_rescale": 3.795458400668931, "target_rescale": 4.155131338618704},
{"mapping": [6, 5, 4, 0, 1, 7, 9, 8, 11, 10, 2, 3, 13], "R": [[0.3626251842443384, -0.9180838712307371, 0.16007804702001727], [0.2523704397923212, -0.0686110280456624, -0.9651951553699116], [0.8971132241087463, 0.3904030381752946, 0.20681714366248613]], "T": [0.0017545507391305143, 0.00515740097661424, -0.022464635961840534], "aligned_model": [[0.09478628860420409, 0.2793352635917504, 0.542045588589158, -0.22281607245799112, -0.08724186008898191, -0.5426644337546741, -0.33583715276071124, -0.608503795853795, 0.04713495184933518, 0.42261259666164835, -0.6227851481642239, -0.1617128743852449, -0.10467696900921737], [-0.7664132304405932, -0.5770688332209216, -0.0978554254981154, 0.03874342874132322, 0.613941073135926, 0.025825603259142453, -0.6416933474217961, -0.4309149569023254, 0.02736433260909721, 0.20364946720884144, 0.24116662482111142, 0.589000904485729, -0.10386413752050469], [-0.5131747275806504, 0.4103297828589956, -0.5089310665380612, -0.6977062688844899, -0.47728380682357474, 0.4398228061543181, 0.3861271581941983, -0.2624862226108737, 0.7095127491834268, 0.005897866970787424, -0.24860291720713915, 0.12185478557331361, -0.07322347719082486]], "inverted": false, "swapped": true, "error_lsq": 0.05171964500358982, "error_max": 0.2847645642120342, "target": "720.xyz", "model": "27.xyz", "model_rescale": 3.6321398670334006, "target_rescale": 4.155131338618704},
