[{"mapping": [1, 12, 5, 3, 11, 0, 8, 4, 6, 7, 9, 2, 13], "R": [[0.1416635614007707, 0.7782975645897229, 0.6117060865521583], [-0.9634115931777624, -0.03363367839505034, 0.26590764902180625], [0.22752920142684066, -0.6269941599658841, 0.7450562300033061]], "T": [-0.10373695108390067, -0.14229275335795596, 0.0026293497062896687], "aligned_model": [[-0.5698212568008982, -0.052988706089437884, -0.2890547237573129, -0.4927284522114943, 0.38864190838520624, -0.4474922572347382, 0.48348947860352576, 0.3597645024379506, -0.13181007233582656, 0.5920876244579675, 0.29737092725004693, -0.30131094321349866, 0.057516857943226515], [-0.47850548918820834, -0.6489697805264715, -0.26234199909254635, 0.1996411960168867, -0.41581574337353744, -0.18744380913293454, 0.18039582541765584, 0.688712831628754, 0.5225479217465175, 0.09858594906977994, -0.20097661257658492, 0.4585851985035988, -0.12681542365496157], [0.05526517071074494, 0.27798877617152473, -0.7210050622528976, -0.06784825037456076, -0.4094508288076961, 0.6919812962736258, -0.3993859895869193, 0.09207400809966423, -0.3738611027323555, 0.1735096975060834, 0.6128849079520738, 0.4398574938259703, 0.019878221985567157]], "inverted": false, "swapped": false, "error_lsq": 0.04623393781923036, "error_max": 0.29598097463183326, "target": "721.xyz", "model": "0.xyz", "model_rescale": 3.8414455957264533, "target_rescale": 3.7795431847901613},
{"mapping": [2, 6, 9, 4, 8, 5, 13, 1, 0, 12, 10, 3, 14], "R": [[-0.28488019057930514, -0.9135356089099234, 0.29033767972668456], [0.9238567542028262, -0.18090288073477526, 0.3372874819136914], [-0.25560120251931095, 0.36431694854266083, 0.895511689636292]], "T": [-0.030368992612324522, -0.00334652192504991, -0.05744316237015714], "aligned_model": [[-0.6907164022533825, -0.19100432440751824, -0.08403497514816903, -0.495210055975789, 0.5798934220135621, -0.275891618704625, 0.42959153867290045, 0.08407888374617432, -0.17337350429201676, 0.7129630258180402, 0.29394408503730496, -0.2955141664224119, -0.001061020649352734], [-0.31297645199963753, -0.7184334955705017, -0.42706338198506977, 0.2723155147554643, -0.4875283146764477, -0.19901996311126777, 0.06800033898683175, 0.763952401090355, 0.5808166381251805, 0.039697289007534435, -0.21992020603480847, 0.4154680625176662, 0.05229163373264913], [0.055141617244058756, 0.2125088409290953, -0.5895086327897112, 0.003797854868825147, -0.1895422704806825, 0.5219990948682822, -0.6559353809805281, 0.3255084501152473, -0.4621905917462416, 0.10957265898732066, 0.5049607560256361, 0.5489142097325903, 0.006661731996932908]], "inverted": true, "swapped": false, "error_lsq": 0.03400020806584596, "error_max": 0.2064858326188824, "target": "721.xyz", "model": "1.xyz", "model_rescale": 4.316132596720782, "target_rescale": 3.7795431847901613},
{"mapping": [10, 4, 9, 3, 7, 5, 8, 0, 6, 1, 2, 12], "R": [[-0.4860537795131873, 0.5936442486482372, 0.641356554085024], [0.7792493717981692, -0.03782923367007707, 0.6255712314613691], [0.3956287906271546, 0.8038379532759106, -0.44420986582930644]], "T": [-0.08740467135524045, 0.005375769011510054, -0.07362793459758306], "aligned_model": [[-0.16548607021944922, 0.5541330135226198, 0.15917642369637547, -0.4872072648363151, -0.5508283423291298, -0.5288804800654943, -0.2266014076804288, -0.13004968207373768, 0.5006828731085936, 0.1467473116505123, 0.37246151415825757, -0.04633933430002303], [-0.6635436283017676, -0.3042853033322286, -0.5330804056789696, 0.42208923089387135, -0.20207279748436416, -0.07072599544526652, 0.3903194947016833, 0.5233774517060318, 0.007403947086210625, -0.09490148224672358, 0.5368536387694198, 0.0013422770730835759], [0.23592038625609363, 0.07748569536796839, -0.4047001334955157, -0.07661721688734988, -0.6048000017658854, 0.4358483305913205, -0.7117302492823797, 0.5482801623277257, -0.5860485946131163, 0.6123822893992016, -0.0714278072310562, -0.005334399457585973]], "inverted": true, "swapped": true, "error_lsq": 0.03341088657868059, "error_max": 0.16787418890236455, "target": "721.xyz", "model": "2.xyz", "model_rescale": 3.795458400668931, "target_rescale": 3.7795431847901613},
{"mapping": [5, 10, 1, 6, 3, 2, 4, 7, 9, 8, 0, 12], "R": [[-0.11649996489760772, -0.9713753864150088, 0.20702081259126787], [0.791539761923352, 0.0350955222065197, 0.6101090964863376], [-0.5999104628802365, 0.23494289303604052, 0.7647936149960172]], "T": [0.09611897272830414, 0.008018569230340401, 0.018510761698638835], "aligned_model": [[-0.20680950757674352, -0.20856498888506034, -0.6324857478291429, 0.33938696600914176, 0.28513953889295013, -0.0438760816084032, -0.31454321105178706, 0.748007849184402, 0.26420815864042707, 0.7654142866407992, -0.41973181504705914, 0.017158378374041022], [-0.04412086221903881, -0.6393542815094958, -0.03729532689236022, -0.009894030674240816, 0.41237747891422116, 0.5507350561569379, -0.2725491148919749, -0.2489043643776539, -0.5454353960044791, 0.3431586805201958, 0.56712490490876, 0.009926301358838194], [-0.5862819701763821, -0.17499919555019225, -0.03222894359354366, 0.7594060501708575, -0.34791284098388936, 0.442551649775348, 0.5504264086240621, -0.20278467530588834, 0.37316668414675674, 0.13874742805839904, -0.2611534859101383, 0.029834321383710973]], "inverted": true, "swapped": true, "error_lsq": 0.04822527851371871, "error_max": 0.28939812991566866, "target": "721.xyz", "model": "3.xyz", "model_rescale": 3.7530521520055578, "target_rescale": 3.7795431847901613},
{"mapping": [7, 10, 5, 0, 3, 4, 8, 9, 6, 2, 12], "R": [[0.9214721899641134, 0.36734577813347935, 0.12627779856431456], [-0.3884391566201192, 0.8697313704087357, 0.3044377849925879], [0.0020061722237954896, -0.3295821940191115, 0.9441247548171573]], "T": [-0.038651914551717584, -0.06838817075892431, -0.03151155356740566], "aligned_model": [[-0.45284531508108544, -0.36400890841929356, 0.27504850370887113, 0.748849995430287, 0.34539484936900305, -0.2854051566244265, -0.10172177289625477, -0.6969301010750414, -0.43396042666658563, 0.3104677138641121, -0.006689779164380759], [-0.6734219419007896, 0.08538022909311518, -0.2458396158843072, 0.07314408698360686, -0.49006703397911566, 0.6161650371955175, -0.5113454549066818, 0.09596976911568028, 0.25061113841914207, 0.26942125407723494, -0.0028141098990566993], [0.01663545294107506, -0.6794838783176825, -0.6062823472118688, -0.16083047340434348, 0.05902119361356162, -0.05971887550292525, 0.5804876333166564, -0.029966843235171712, 0.5604315410489645, 0.4763769703512055, -0.06383959635415525]], "inverted": true, "swapped": true, "error_lsq": 0.053719120937877556, "error_max": 0.3672514055521243, "target": "721.xyz", "model": "4.xyz", "model_rescale": 3.7855080009869324, "target_rescale": 3.7795431847901613},
{"mapping": [8, 15, 10, 6, 9, 13, 3, 1, 4, 2, 14, 11, 16], "R": [[-0.3676940735524977, 0.7213186909486178, 0.5869415766177608], [0.8899715006009057, 0.4560070675527951, -0.0028779263494294605], [-0.26972540924529625, 0.5213030792447642, -0.8096241740322386]], "T": [-0.025666138640937072, 0.04573799781607415, -0.022871190316234316], "aligned_model": [[-0.560288738245357, -0.10334310503368924, -0.1244878335544924, -0.612136093188956, 0.45950837649937987, -0.42971303135087296, 0.5219070070244053, 0.2298560224793686, -0.2533558052747392, 0.7080558831783088, 0.385066904248688, -0.34290636814930703, 0.015501668801980381], [-0.41195540512219947, -0.7570993027660199, -0.4476446194508109, 0.325454738660754, -0.4531187956963095, -0.1263435883162826, -0.04798408470870654, 0.7346901967239753, 0.6839872483362324, 0.10221351367143822, -0.28416007929281645, 0.4914495006891497, 0.0181107421095436], [-0.020569264467015638, 0.14664773007889892, -0.5499121182028408, 0.039487492885363004, -0.1734089220446745, 0.5533246748902215, -0.43976017648955634, 0.1592200829116341, -0.3191752466232517, 0.04230701451513662, 0.4015849614018849, 0.5543082629636282, -0.00216615304860299]], "inverted": true, "swapped": false, "error_lsq": 0.038419711824681804, "error_max": 0.21815249118619537, "target": "721.xyz", "model": "5.xyz", "model_rescale": 4.2253639853439635, "target_rescale": 3.7795431847901613},
{"mapping": [2, 10, 4, 6, 1, 5, 0, 12, 7, 9, 8, 11, 13], "R": [[-0.39093588100794197, -0.6696058160862948, 0.6315039097297432], [-0.8303975520776026, -0.03934453722400716, -0.5557804538611936], [0.3970000534560037, -0.7416738221442335, -0.5406578392124674]], "T": [5.988606709883548e-05, -0.042314816364502475, 0.011485546625781468], "aligned_model": [[-0.5816168022336543, -0.1333128643838044, -0.11493050082086226, -0.5346856711471968, 0.46120088393041625, -0.39225181990808444, 0.4532888290228453, 0.14016824417586948, -0.1335375187782058, 0.5929727122942178, 0.3656388278682901, -0.1899337458913432, -0.03933568669377073], [-0.3699212751724335, -0.7622025205510191, -0.4824774331746083, 0.3151276322498275, -0.5717910308713992, -0.21051422035453082, 0.21810207182727115, 0.8699269345729067, 0.618842198162577, 0.08008272254895611, -0.27953787702348987, 0.4333069049272352, -0.03134404230334448], [-0.055580469149933684, 0.2807175603005424, -0.5306817650896731, 0.011255131188402295, -0.20231272352469784, 0.4789700408102683, -0.5966503090334039, 0.15122959946434053, -0.4061438962864138, 0.08939350802050527, 0.6080944071045669, 0.5973525851796783, -0.03375533021335624]], "inverted": true, "swapped": false, "error_lsq": 0.035765325029734785, "error_max": 0.25871532679870735, "target": "721.xyz", "model": "6.xyz", "model_rescale": 3.89814844738969, "target_rescale": 3.7795431847901613},
{"mapping": [2, 5, 0, 4, 6, 10, 3, 11, 7, 8, 9, 11, 12], "R": [[-0.9146352227470728, -0.34585349509633606, 0.20935082813321138], [0.3641647963505385, -0.4799213568849325, 0.798160066844174], [-0.1755745152617077, 0.8062635122187869, 0.5649006447644068]], "T": [-0.057271231183399225, -0.037799955707490354, -0.08166550383304724], "aligned_model": [[-0.6833284240171374, 0.05530837955961538, -0.1291693450576464, -0.6197174071162614, 0.4873446621830569, -0.4173704913450875, 0.49072013278408627, 0.03627116973595767, -0.06348270177719068, 0.5398332685124183, 0.34495145669444593, 0.03627116973595767, -0.1839669824574978], [-0.36122088799295315, -0.7386760263335422, -0.2762163414724033, 0.2744229366403512, -0.425118208924887, -0.20544540871657524, 0.04433292467360575, 0.5807150941846491, 0.4783918252601505, 0.23831954034535419, -0.3099538113966211, 0.5807150941846491, -0.052666665613829364], [-0.010960932681614632, 0.23246053598785796, -0.6192514743423518, -0.040837167389813425, -0.1853667595875455, 0.5356894896419465, -0.6693232202354363, 0.4321723319772174, -0.4875991713705816, 0.07616672562996335, 0.6680644923819069, 0.4321723319772174, 0.028501156782058848]], "inverted": false, "swapped": false, "error_lsq": 0.050826878143351226, "error_max": 0.4258311249978571, "target": "721.xyz", "model": "7.xyz", "model_rescale": 3.7474275329858107, "target_rescale": 3.7795431847901613},
{"mapping": [10, 7, 0, 12, 5, 11, 3, 4, 1, 8, 9, 13, 14], "R": [[0.22536607785781432, -0.9716112101084893, 0.07198463268297395], [0.8758390578743735, 0.16967941885767504, -0.4517907032220247], [0.4267506012329865, 0.16486525166826022, 0.8892150320027465]], "T": [-0.041919699817376886, 0.0196190791677298, -0.026127130580919346], "aligned_model": [[-0.5748205147965809, -0.01235136533914409, -0.21791364547409298, -0.6014089147163515, 0.4941354614811936, -0.2854425368547086, 0.4413522462201113, 0.34879646980834883, -0.2710781094138609, 0.6101897147477071, 0.2966353911471212, -0.2968076908753661, -0.037621618499659545], [-0.5139069604180023, -0.6366835873508784, -0.11914016874289764, 0.19620680963119763, -0.4548985827171516, -0.23348161526287026, -0.11494415755971833, 0.6192159263116445, 0.5057972889277893, 0.16182158811105174, -0.3329529282583021, 0.6714609870454876, 0.07910546512059805], [-0.10755222601670125, 0.153511828002026, -0.6457925563054948, 0.16474248633294714, -0.048472524431925575, 0.48682181610861625, -0.5384507572849627, 0.29018022237440444, -0.5514070480683159, 0.11437935945542196, 0.5581791846767519, 0.5380058925982557, -0.022257338670198076]], "inverted": false, "swapped": false, "error_lsq": 0.04675211442297921, "error_max": 0.23740126476329595, "target": "721.xyz", "model": "8.xyz", "model_rescale": 4.019505241142653, "target_rescale": 3.7795431847901613},
{"mapping": [3, 4, 5, 2, 8, 0, 11, 10, 6, 9, 7, 1, 12], "R": [[-0.11952054695076655, 0.04949429360217589, 0.9915972739763919], [-0.4794823456439304, 0.8716848376560205, -0.10130263578205714], [-0.869374211184335, -0.48756113329655315, -0.08045260857297708]], "T": [-0.015152736268484363, 0.06271003597281671, 0.01749106380670674], "aligned_model": [[-0.7076844238989196, -0.148518990682949, -0.2032379573530613, -0.5963696396050427, 0.5282577878078099, -0.2690353983118194, 0.4062640309571139, 0.17532048004472056, -0.216379712449248, 0.6407376753351507, 0.29648874173331663, -0.0018395619140124837, -0.010338144228342007], [-0.4263628811148006, -0.7487265651504587, -0.2637525588588422, 0.16840327578015468, -0.3381108383477807, -0.2607065141874283, 0.036540397868907976, 0.9578747714338354, 0.522376670753113, 0.18858251068904913, -0.538190084738152, 0.48658208568948375, 0.043089795020867266], [-0.12275283495868329, 0.12416231477942051, -0.5380004689166135, 0.04892373075605168, 0.003905762260513281, 0.5210696644911732, -0.43964412663002395, -0.006588148640888063, -0.5081286912385174, 0.16344978915626773, 0.6186421464756915, 0.5432862207149419, -0.016437019478508574]], "inverted": false, "swapped": false, "error_lsq": 0.05732160990359966, "error_max": 0.33789862256611825, "target": "721.xyz", "model": "9.xyz", "model_rescale": 3.877068213659057, "target_rescale": 3.7795431847901613},
{"mapping": [7, 4, 5, 8, 3, 2, 12, 10, 11, 6, 13, 9, 15], "R": [[0.8281065301997421, -0.07859011703661362, 0.5550343846508209], [0.11369696476263955, 0.9930916137293293, -0.02901804514849439], [-0.5489194611637548, 0.08713575755479681, 0.831321108183261]], "T": [0.008529780514040788, -0.015325322487311898, 0.03397543323715219], "aligned_model": [[-0.7000971588672003, -0.13726231156130833, 0.052982725396037704, -0.7016808650620517, 0.40183507506536803, -0.2965491077501319, 0.38772881569736756, 0.27377179299830373, -0.10073642005671234, 0.6178515157688671, 0.4182156292746398, -0.30730927135894215, -0.015085532109520608], [-0.41378277950574094, -0.6690715561811735, -0.4211921476925185, 0.2770070236301035, -0.4848478127639621, -0.16143885288558438, 0.18909006389625985, 0.6267523533791284, 0.6280579661057186, 0.0795569199745177, -0.2385408568400958, 0.4051503084872365, 0.010859435234058992], [0.10722900070243263, 0.1311927545557052, -0.632576513824511, -0.03995408814622808, -0.1322199912802866, 0.6048809123837047, -0.5764487285054998, 0.1774805287115875, -0.3106607773324183, 0.02859415677986133, 0.650393170256927, 0.43283786687584885, -0.0488599524062985]], "inverted": false, "swapped": false, "error_lsq": 0.04185195369391269, "error_max": 0.29587942569641557, "target": "721.xyz", "model": "10.xyz", "model_rescale": 4.260839863003843, "target_rescale": 3.7795431847901613},
{"mapping": [6, 2, 3, 8, 11, 7, 9, 4, 0, 5, 10, 12], "R": [[0.47175479760489414, -0.8259486902352232, -0.3086359862937003], [0.7301834055594051, 0.16974812990060642, 0.6618291068251052], [-0.4942465024483582, -0.5375819318894253, 0.683173522118355]], "T": [0.03803990572265053, -0.0009524781115416974, -0.027988303448454502], "aligned_model": [[0.4029098912454916, 0.35137422108115884, -0.41557505745156825, -0.38597393219712967, -0.7078963986394494, -0.5251902224561799, 0.26247295832253165, 0.7418227427142813, 0.10387988338396362, -0.17806284534062305, 0.2093546324991725, 0.099782775932481], [-0.03580054627459772, -0.5986089731083949, -0.339421661985847, -0.26936841406014833, 0.25483565572443384, 0.35034010590467163, 0.5263840429807304, 0.17234042328589344, -0.581248235485059, 0.08164980367702968, 0.6249540663995818, -0.012977761525359757], [-0.7165240774503752, -0.22440316029095692, 0.0867864134045934, -0.5962286733090288, 0.30417814148627387, -0.3431160785283834, -0.3911578063052738, -0.0983814756042457, 0.5340045368534924, 0.6097694068513484, 0.33014894652913646, 0.02110190375892411]], "inverted": false, "swapped": true, "error_lsq": 0.04553731305187848, "error_max": 0.29112482014999524, "target": "721.xyz", "model": "11.xyz", "model_rescale": 3.890672605050136, "target_rescale": 3.7795431847901613},
{"mapping": [9, 12, 11, 6, 10, 5, 2, 0, 1, 4, 7, 8, 13], "R": [[-0.9315813529158877, -0.22548830200730907, -0.2851512029735539], [-0.35890292921031863, 0.4456826780676381, 0.8200948956521501], [-0.05783485371000251, 0.8663267144260984, -0.49611808429851045]], "T": [-0.08085787211523021, 0.07171250040970892, 0.01319968132959743], "aligned_model": [[-0.6334505419333197, 0.1687668221755988, -0.13982582639585678, -0.5793584139107981, 0.38352721789571376, -0.3844957654406369, 0.3839310240291878, 0.15539729341840955, -0.04917309102108616, 0.6186190225950378, 0.22567928885515698, -0.2955307706494801, 0.03957862781678999], [-0.4746560766100447, -0.5820289320581435, -0.12755706300966513, 0.32597564887798236, -0.6056655657238177, -0.36394768090766394, -0.024146900400081633, 0.6111412418988286, 0.7070312330868763, 0.09373931656019824, -0.19950615705600125, 0.46239227452035103, 0.004828725659129687], [-0.030881327394418394, 0.26901562731452455, -0.49628690863903174, -0.12429870085027878, -0.340418683775063, 0.5815098237575523, -0.516277788411967, 0.05672748119764418, -0.43475620148335575, -0.02291038599095139, 0.7611566179664028, 0.5793055959550271, 0.1100031891247405]], "inverted": true, "swapped": false, "error_lsq": 0.04729787158807562, "error_max": 0.2772724910090723, "target": "721.xyz", "model": "12.xyz", "model_rescale": 4.124412569039231, "target_rescale": 3.7795431847901613},
{"mapping": [5, 4, 10, 7, 2, 0, 11, 6, 9, 8, 1, 3, 12], "R": [[0.0947705028170911, 0.9857053132395889, 0.1392967596429999], [-0.7523290374431718, 0.16255182875411578, -0.6384182973478465], [-0.6519352507846361, -0.04429377405388435, 0.7569798480570252]], "T": [-0.1198007580769443, 0.04664501871895505, 0.10611746891633964], "aligned_model": [[-0.7557927742638166, -0.08861257152450526, -0.09286909710145945, -0.570616879065295, 0.5199997109304119, -0.3744116398110977, 0.47768898432606904, 0.2816580470985528, -0.08178110044788114, 0.5411377953492372, 0.5004254200659177, -0.37933367219978464, -0.0838273359216319], [-0.36040734028787624, -0.7349657407886433, -0.29561659299028387, 0.15892597169670897, -0.47587378350921755, -0.15507222442269614, -0.017995727188854553, 0.5001454756226017, 0.6117243917915287, 0.2283057605525935, -0.1425517978873232, 0.542980702284775, -0.0319990300353642], [0.046381286867742025, 0.18604351843120145, -0.5471369586115621, -0.3148759837304541, -0.13888247970594828, 0.5870029502067547, -0.6872175441948661, 0.39033741564655333, -0.19032996278457462, -0.10614586840266363, 0.598446984018859, 0.5477586484638128, 0.020506332565971064]], "inverted": false, "swapped": false, "error_lsq": 0.05001408079664894, "error_max": 0.32827546546875036, "target": "721.xyz", "model": "13.xyz", "model_rescale": 3.9028299243045295, "target_rescale": 3.7795431847901613},
{"mapping": [13, 11, 10, 5, 9, 12, 7, 0, 4, 6, 1, 8, 15], "R": [[0.9566446394755816, -0.08791021100201223, 0.27767396090418023], [-0.030686476161777106, 0.9176341291685359, 0.3962397571747127], [-0.28963662396770057, -0.38758147503032736, 0.8751521160746334]], "T": [0.0304411154487578, 0.05053496105616661, 0.10381922322730922], "aligned_model": [[-0.6812567863556866, 0.1019482593633908, -0.20949153248702398, -0.4534205260387868, 0.45816099681751443, -0.41789534837574605, 0.44619897338723324, 0.02229073159220936, -0.09343529420162328, 0.6859034516712722, 0.3767790240110036, -0.4378306008758066, 0.0957135389267669], [-0.27844777737880955, -0.6526313160010833, -0.12077073321782253, 0.2018314886044243, -0.4962111144816026, -0.2706022511021895, -0.06394960397273156, 0.8771102639907766, 0.503411337021104, -0.06778819177639106, -0.26202887982882594, 0.4666613555590748, -0.008984512577974856], [-0.030000828238117144, 0.3189949735258611, -0.5806070223337483, 0.03248125084253449, -0.24110089568373202, 0.5282077187516158, -0.6928404555375476, 0.1664550681268334, -0.38497612976584705, 0.13169429357204127, 0.5560941995489673, 0.5555576243468956, 0.031928541615068556]], "inverted": true, "swapped": false, "error_lsq": 0.041974163126490986, "error_max": 0.22245878911476383, "target": "721.xyz", "model": "14.xyz", "model_rescale": 3.942246331269136, "target_rescale": 3.7795431847901613},
{"mapping": [10, 9, 11, 4, 7, 5, 8, 12, 13, 0, 2, 3, 14], "R": [[0.9299451109583329, -0.23586613099459866, 0.28208023478140604], [0.31845864821427505, 0.9001395622222438, -0.29720844183818884], [-0.18381017377237577, 0.3662184276794196, 0.9121939943048206]], "T": [-0.06897323549586633, -0.011928823486937216, 0.023839843575115226], "aligned_model": [[-0.664928885764451, -0.13374789996408376, -0.2532423931669048, -0.612016838825417, 0.5397349958932223, -0.04487563971930221, 0.491731762330466, 0.09977623494852679, -0.23856898057232306, 0.6515335432028773, 0.43591338856431994, -0.39163908237373424, 0.013994682881521017], [-0.38992351978498985, -0.7935590388516286, -0.032977387831979954, 0.18688195142228867, -0.6098589199648979, -0.09554434725599398, -0.0213401204933389, 0.7851410960479678, 0.6381830981089803, 0.024148088615068064, -0.3074029095744527, 0.4256586291442844, 0.018193445256641266], [-0.08083770189980166, 0.2055559832114661, -0.6687732230983116, -0.07229494505759249, -0.03032099923649121, 0.6524950020298359, -0.5094164355149874, 0.08925710246071361, -0.43389547203439865, 0.166268496347658, 0.5141789914466084, 0.4938950563522457, 0.06577648376388025]], "inverted": true, "swapped": false, "error_lsq": 0.046446755262915015, "error_max": 0.330805292142106, "target": "721.xyz", "model": "15.xyz", "model_rescale": 4.355366556412066, "target_rescale": 3.7795431847901613},
{"mapping": [10, 4, 9, 3, 7, 5, 8, 0, 6, 1, 2, 12], "R": [[-0.4860537795131873, 0.5936442486482372, 0.641356554085024], [0.7792493717981692, -0.03782923367007707, 0.6255712314613691], [0.3956287906271546, 0.8038379532759106, -0.44420986582930644]], "T": [-0.08740467135524045, 0.005375769011510054, -0.07362793459758306], "aligned_model": [[-0.16548607021944922, 0.5541330135226198, 0.15917642369637547, -0.4872072648363151, -0.5508283423291298, -0.5288804800654943, -0.2266014076804288, -0.13004968207373768, 0.5006828731085936, 0.1467473116505123, 0.37246151415825757, -0.04633933430002303], [-0.6635436283017676, -0.3042853033322286, -0.5330804056789696, 0.42208923089387135, -0.20207279748436416, -0.07072599544526652, 0.3903194947016833, 0.5233774517060318, 0.007403947086210625, -0.09490148224672358, 0.5368536387694198, 0.0013422770730835759], [0.23592038625609363, 0.07748569536796839, -0.4047001334955157, -0.07661721688734988, -0.6048000017658854, 0.4358483305913205, -0.7117302492823797, 0.5482801623277257, -0.5860485946131163, 0.6123822893992016, -0.0714278072310562, -0.005334399457585973]], "inverted": true, "swapped": true, "error_lsq": 0.03341088657868059, "error_max": 0.16787418890236455, "target": "721.xyz", "model": "16.xyz", "model_rescale": 3.795458400668931, "target_rescale": 3.7795431847901613},
{"mapping": [2, 5, 0, 4, 6, 10, 3, 11, 7, 8, 9, 11, 12], "R": [[-0.9146352227470728, -0.34585349509633606, 0.20935082813321138], [0.3641647963505385, -0.4799213568849325, 0.798160066844174], [-0.1755745152617077, 0.8062635122187869, 0.5649006447644068]], "T": [-0.057271231183399225, -0.037799955707490354, -0.08166550383304724], "aligned_model": [[-0.6833284240171374, 0.05530837955961538, -0.1291693450576464, -0.6197174071162614, 0.4873446621830569, -0.4173704913450875, 0.49072013278408627, 0.03627116973595767, -0.06348270177719068, 0.5398332685124183, 0.34495145669444593, 0.03627116973595767, -0.1839669824574978], [-0.36122088799295315, -0.7386760263335422, -0.2762163414724033, 0.2744229366403512, -0.425118208924887, -0.20544540871657524, 0.04433292467360575, 0.5807150941846491, 0.4783918252601505, 0.23831954034535419, -0.3099538113966211, 0.5807150941846491, -0.052666665613829364], [-0.010960932681614632, 0.23246053598785796, -0.6192514743423518, -0.040837167389813425, -0.1853667595875455, 0.5356894896419465, -0.6693232202354363, 0.4321723319772174, -0.4875991713705816, 0.07616672562996335, 0.6680644923819069, 0.4321723319772174, 0.028501156782058848]], "inverted": false, "swapped": false, "error_lsq": 0.050826878143351226, "error_max": 0.4258311249978571, "target": "721.xyz", "model": "17.xyz", "model_rescale": 3.7474275329858107, "target_rescale": 3.7795431847901613},
{"mapping": [4, 8, 0, 9, 3, 5, 1, 7, 2, 11, 10, 12, 13], "R": [[0.5484191362305211, -0.510311008382127, 0.6624342425782244], [-0.38270399783195674, -0.8575310517710784, -0.3437704834505513], [0.7434877948289444, -0.06498592133997075, -0.6655845017486421]], "T": [-0.0019076486095287275, 0.019251618489916668, 0.01594430358695653], "aligned_model": [[-0.7138625945734803, -0.060058290213541796, -0.21081635913304428, -0.5547914973439646, 0.5286553869626508, -0.35701152423960847, 0.47015454520737265, 0.2131270992834203, -0.1877760176826414, 0.6598980736979851, 0.24931864130040857, -0.09588261206120606, -0.04728996376963354], [-0.406638367462379, -0.6972235161360814, -0.3566775784822959, 0.3660024876734605, -0.397004193220115, -0.21069032291165013, 0.10223789169515277, 0.7396555895410316, 0.3589249563700728, 0.20156001482474584, -0.3116513029466512, 0.4123416157109561, 0.02676279018170122], [-0.015099162772740208, 0.027620585632169705, -0.7011169074069853, 0.16361776222163923, -0.06036523586448439, 0.6026707115210709, -0.4828432067197437, 0.06282135264827414, -0.5789571140623351, 0.24069638111441066, 0.5671502345295482, 0.6451389345577863, -0.07944599662778536]], "inverted": true, "swapped": false, "error_lsq": 0.049397134242653115, "error_max": 0.29849785846277466, "target": "721.xyz", "model": "18.xyz", "model_rescale": 3.922800546911778, "target_rescale": 3.7795431847901613},
{"mapping": [4, 13, 8, 6, 12, 11, 5, 2, 1, 3, 7, 10, 14], "R": [[0.22890672163320014, -0.9734297840055615, -0.006014017128918969], [-0.21786602512893516, -0.0572516307880333, 0.974298027231211], [-0.94875503049294, -0.2217131173002558, -0.2251825608952526]], "T": [0.022120829508161077, 0.02448732483108714, -0.024742793617154528], "aligned_model": [[-0.6424419853155, -0.13198954349253977, -0.22864894196535818, -0.5982716311236417, 0.5825268635548465, -0.20528925595523667, 0.45478782189373396, 0.10155324279776251, -0.10911835900921388, 0.6384461781425375, 0.4484079589535758, -0.49294059168639437, 0.07664313064014533], [-0.18164563048789886, -0.6270027349150221, -0.26016450106712086, 0.23952235492023352, -0.5116357640994192, -0.2355953542539914, -0.011515481295819564, 0.665368807444065, 0.6093392981042686, 0.09766410088819921, -0.3324016895771947, 0.3793584079238396, -0.003691748746190389], [0.17458760792079084, 0.1289596520555848, -0.5048245718066148, -0.23602673181144485, -0.155628832162872, 0.5980615623713558, -0.6524662931268719, 0.28524168946315676, -0.45914752274842535, 0.1299745863429097, 0.54894748320696, 0.48454974907803144, 0.0496599599882648]], "inverted": true, "swapped": false, "error_lsq": 0.04675968070236528, "error_max": 0.33695969649813473, "target": "721.xyz", "model": "19.xyz", "model_rescale": 3.9282355846067225, "target_rescale": 3.7795431847901613},
{"mapping": [2, 1, 10, 7, 0, 5, 11, 8, 9, 4, 3, 6, 13], "R": [[-0.9884206759178403, 0.0932115370327915, 0.1197337746089403], [0.11846623502937056, 0.9671142905649196, 0.2250682122003872], [-0.09481729049116469, 0.236646483914503, -0.9669581806235558]], "T": [-0.07272192347146686, 0.11615633288811114, 0.03434660084633319], "aligned_model": [[-0.6392075334213799, -0.03949111228203879, -0.2424518438095814, -0.6734711307737372, 0.49415214368134674, -0.3582484850754982, 0.43611073574739134, 0.2900458751308109, -0.005846918897518941, 0.5449592557148359, 0.3092375746002606, -0.1687209246620215, -0.05340274851815257], [-0.4784321870767513, -0.6239383079023598, -0.3453927532441672, 0.2807793987506154, -0.42950797975328303, -0.2084571660727856, 0.052275024818147706, 0.7842569401013361, 0.563683095765346, 0.18985363041499428, -0.27523540114159617, 0.3563773223717299, -0.03866155219327766], [-0.031035017407937168, 0.14684741047688238, -0.6730419375283999, 0.04421637750774559, -0.11091605125688563, 0.5827905917510884, -0.4660249358316541, 0.06008921273330421, -0.4887904323578191, 0.14573113368669105, 0.5513325982462336, 0.6342816990352883, -0.0035923102837124438]], "inverted": false, "swapped": false, "error_lsq": 0.037827425822365715, "error_max": 0.214108601756002, "target": "721.xyz", "model": "20.xyz", "model_rescale": 4.067790424073018, "target_rescale": 3.7795431847901613},
{"mapping": [1, 13, 9, 8, 11, 5, 12, 2, 0, 3, 6, 4, 14], "R": [[-0.2320386902741624, 0.9298064990900102, -0.28568850250899225], [0.10280421360209557, 0.31550204881410426, 0.9433396794685134], [0.9672586726835313, 0.18952132187192472, -0.1687967081267057]], "T": [-0.035293339366646186, -0.0267121029793693, 0.026997955008713596], "aligned_model": [[-0.7165985773910623, -0.0879565267827093, -0.23972279494043341, -0.5463871929051864, 0.4868197809260644, -0.4329427687709573, 0.37985446012862817, 0.24272566982039856, -0.04326026639218599, 0.7539669585799261, 0.3895814683687581, -0.263474666650027, -0.028940656556496868], [-0.4114933181018839, -0.6979471938196433, -0.3298228215905597, 0.21728313604310295, -0.4052247991035469, -0.18938233963846188, -0.14785063446979163, 0.6189746309074271, 0.6010568307618808, 0.2644454750479668, 0.007311788872497279, 0.38940754658227006, -0.08915823665330956], [-0.22012891606797427, 0.21881439484906623, -0.6588463344810388, 0.09346067338936156, -0.019459363792133692, 0.43181821914773455, -0.6054509580745988, 0.27095697564986015, -0.30511757221653185, -0.09965299640249273, 0.6318786665795385, 0.6729470349400748, -0.01933148475004095]], "inverted": true, "swapped": false, "error_lsq": 0.04491779683157779, "error_max": 0.23824675938615772, "target": "721.xyz", "model": "21.xyz", "model_rescale": 4.186013935880536, "target_rescale": 3.7795431847901613},
{"mapping": [3, 6, 5, 11, 0, 4, 2, 9, 8, 1, 7, 10, 12], "R": [[0.48994829246280813, -0.13728898972651235, 0.860873047558496], [0.120712043367978, -0.9673234785847081, -0.2229661193201949], [0.8633535042488136, 0.21315961408919276, -0.4573660521099488]], "T": [0.005920871676677391, 0.02131203978705916, 0.022528138914567654], "aligned_model": [[-0.6455204079639609, -0.0592871905841284, -0.14995093878974697, -0.5661858442357299, 0.48354874311321827, -0.45788712486771915, 0.3046288469381753, 0.1648413016504163, -0.07734283829628452, 0.7303128029946233, 0.303870138157142, -0.10323435892994003, -0.034128241751348334], [-0.6134422090202771, -0.4992964818657008, -0.3466615882676943, 0.26899374970171785, -0.48664502926482095, -0.1325371712482714, 0.10807735334698644, 0.6061414974841314, 0.6221768632633222, 0.023197655620744342, -0.12664371216862064, 0.40512244141414194, -0.000883304157710544], [-0.1357436448555973, 0.20845157696344105, -0.6399204733362222, -0.07902802728685132, -0.16625658884060393, 0.5599560051196474, -0.6504833979427252, 0.15732265877736673, -0.4461900591682396, 0.1243908417391548, 0.6764846129614538, 0.755381564827239, 0.027523269812761854]], "inverted": true, "swapped": false, "error_lsq": 0.04019598101405945, "error_max": 0.27107675454392843, "target": "721.xyz", "model": "22.xyz", "model_rescale": 4.166573947596378, "target_rescale": 3.7795431847901613},
{"mapping": [8, 4, 7, 9, 1, 3, 5, 12, 14, 6, 2, 11, 15], "R": [[0.001253298738384423, 0.7669777826679527, -0.6416724321147226], [0.741198328153911, 0.4300332355062083, 0.515457519784036], [0.6712849377009141, -0.4762525561651223, -0.5679436901331567]], "T": [-0.06408412584348114, 0.01985580915464087, -0.020660998020767464], "aligned_model": [[-0.685730083973229, -0.1384180523411808, -0.09805211766832111, -0.6100264146486479, 0.5014752134482879, -0.29998024240798765, 0.4765072030455898, 0.1648937306875143, -0.20402384010052207, 0.67606150947265, 0.32096881438771685, -0.20343009862840974, -0.006580733838743524], [-0.49171549031692646, -0.6601021483419145, -0.2810451095873655, 0.2438275981767959, -0.41392199680690583, -0.14947408748047353, -0.1260968237437144, 0.606184464016327, 0.721027516047553, 0.14592571672485827, -0.20073728450613826, 0.4475964443833864, -0.013868733727533583], [-0.09766910486092933, 0.24763949913333963, -0.6684992959638729, 0.08994108739576154, -0.029521565846016874, 0.5057485956526292, -0.6350882315328669, 0.1614631490212263, -0.35941293830566684, 0.1034294886999374, 0.48518696277137396, 0.6271923621381, -0.03852166953218989]], "inverted": false, "swapped": false, "error_lsq": 0.03368691895345189, "error_max": 0.19146503102352574, "target": "721.xyz", "model": "23.xyz", "model_rescale": 4.274766983524099, "target_rescale": 3.7795431847901613},
{"mapping": [7, 6, 8, 3, 2, 0, 5, 1, 10, 4, 12], "R": [[-0.8409015610143122, -0.020914669508006245, -0.5407838212105313], [-0.538915572480214, 0.12383852719516925, 0.8332070720537929], [0.0495436214059493, 0.9920819501339101, -0.11540725192327278]], "T": [-0.007649554198516269, 0.07652083474809208, -0.032605322248404504], "aligned_model": [[0.2334185609457345, 0.07542588636409803, -0.32697135752938367, -0.440806673143591, -0.5127797561052079, -0.5919800509726303, -0.009611283397756194, 0.02852366895034473, 0.6187511276084382, 0.3150009726708633, -0.009076391432835009], [-0.08965056221019112, 0.8361597985890241, 0.3013290586565731, -0.22954473850099744, 0.5268054748843537, -0.2114053212749354, -0.5613200260928551, -0.06137083077752785, -0.20576679400188597, 0.531538216678044, 0.07881225529388136], [-0.7065588831067822, -0.1890441986844165, -0.6823951465289539, -0.2610783711090786, 0.15723065211007115, 0.44965023288011463, 0.19850854769641124, 0.6851481815390343, 0.24543407852130272, 0.4355311211710415, 0.047140219532832865]], "inverted": true, "swapped": true, "error_lsq": 0.0510922738260643, "error_max": 0.3647129414666245, "target": "721.xyz", "model": "24.xyz", "model_rescale": 3.7841303162186577, "target_rescale": 3.7795431847901613},
{"mapping": [13, 14, 11, 3, 10, 12, 0, 4, 6, 8, 9, 5, 15], "R": [[-0.3685806729512536, 0.03194900174084442, -0.9290465805408062], [0.17721577094546592, -0.9786656414579995, -0.10396216983983504], [-0.912547455234524, -0.20296015253582678, 0.3550553737484179]], "T": [0.14774405702464782, -0.0018592467207793305, -0.028280074086194644], "aligned_model": [[-0.5570436060835722, -0.049298963386502, -0.3560945353578889, -0.5766535417905776, 0.3921876097625727, -0.27350868378621873, 0.740857483468921, 0.011250903458014744, -0.1834740929237707, 0.6612616443078632, 0.29359857573539305, -0.3140210338174773, 0.10460312784795975], [-0.33535152393362067, -0.6938408579360203, -0.23939313348907082, 0.3504197706929143, -0.6939704276196056, -0.17292745657513156, 0.11193831637398811, 0.7177938167118327, 0.46167333935135507, 0.2060566420967557, -0.3344032631297245, 0.4101044454420439, 0.03950039685223197], [0.035416458322471596, 0.3058373605947447, -0.556628344288169, -0.016053040352318436, -0.2861260902991512, 0.578723799348478, -0.4485139700974749, 0.11375312689106848, -0.47264313627414845, 0.17794420762404128, 0.4302846923845709, 0.5933288565629893, -0.06343558164627727]], "inverted": false, "swapped": false, "error_lsq": 0.049504101013362674, "error_max": 0.30278561189652003, "target": "721.xyz", "model": "25.xyz", "model_rescale": 4.19342608120988, "target_rescale": 3.7795431847901613},
{"mapping": [10, 4, 9, 3, 7, 5, 8, 0, 6, 1, 2, 12], "R": [[-0.4860537795131873, 0.5936442486482372, 0.641356554085024], [0.7792493717981692, -0.03782923367007707, 0.6255712314613691], [0.3956287906271546, 0.8038379532759106, -0.44420986582930644]], "T": [-0.08740467135524045, 0.005375769011510054, -0.07362793459758306], "aligned_model": [[-0.16548607021944922, 0.5541330135226198, 0.15917642369637547, -0.4872072648363151, -0.5508283423291298, -0.5288804800654943, -0.2266014076804288, -0.13004968207373768, 0.5006828731085936, 0.1467473116505123, 0.37246151415825757, -0.04633933430002303], [-0.6635436283017676, -0.3042853033322286, -0.5330804056789696, 0.42208923089387135, -0.20207279748436416, -0.07072599544526652, 0.3903194947016833, 0.5233774517060318, 0.007403947086210625, -0.09490148224672358, 0.5368536387694198, 0.0013422770730835759], [0.23592038625609363, 0.07748569536796839, -0.4047001334955157, -0.07661721688734988, -0.6048000017658854, 0.4358483305913205, -0.7117302492823797, 0.5482801623277257, -0.5860485946131163, 0.6123822893992016, -0.0714278072310562, -0.005334399457585973]], "inverted": true, "swapped": true, "error_lsq": 0.03341088657868059, "error_max": 0.16787418890236455, "target": "721.xyz", "model": "26.xyz", "model_rescale": 3.795458400668931, "target_rescale": 3.7795431847901613},
{"mapping": [4, 11, 10, 3, 8, 9, 5, 0, 7, 6, 1, 2, 12], "R": [[-0.06789358007327712, -0.5646665098971297, 0.8225218503999929], [-0.08697394026391081, -0.8179357929719581, -0.5686972589087308], [0.9938943583197377, -0.11014885916762351, 0.006421317954117101]], "T": [-0.008325367884701432, -0.10817682251301913, 0.12246879313885964], "aligned_model": [[-0.7382988406216433, -0.17116260387258303, -0.2643373657084049, -0.5445350714369992, 0.5905095601466236, -0.2792543339204531, 0.4202020834056549, 0.0010621573266572284, -0.0761807629269939, 0.7628434940264269, 0.40900743406532575, -0.2313376065576827, 0.015146743508788777], [-0.41310676393655316, -0.7917763561825131, -0.2298069279112494, 0.38873305212431264, -0.5165056441900975, -0.1469723655222373, -0.07837314813713656, 0.713951773404589, 0.39279276264720636, 0.14385542169402188, -0.007361449998842362, 0.3734664033921375, -0.0012966925456895373], [-0.14775267632719583, -0.01076147322735227, -0.5312516386516447, 0.01933640660521431, 0.04887523048764056, 0.4533263022282359, -0.49586479996806676, 0.24612006987251156, -0.513639074079792, -0.029074250167402504, 0.5299277034998877, 0.8246940121682972, -0.002047473669507985]], "inverted": false, "swapped": false, "error_lsq": 0.05140542086959701, "error_max": 0.2644446123237604, "target": "721.xyz", "model": "27.xyz", "model_rescale": 3.6321398670334006, "target_rescale": 3.7795431847901613},
{"mapping": [10, 0, 8, 9, 3, 11, 7, 6, 12, 4, 1, 13, 14], "R": [[-0.14916701034518645, 0.6773277378240158, -0.7204001239581241], [-0.9126632654615122, 0.18605516347889864, 0.36390828517631946], [0.3805193384071408, 0.711765840510095, 0.590418852494693]], "T": [-0.02028579078162034, -0.09641473881378526, 0.04329970532718633], "aligned_model": [[-0.7217426597933468, -0.17513744063223033, -0.12154973031121112, -0.5593505648277921, 0.4445045200343609, -0.45223293193821645, 0.4740184403131435, 0.07477260919689767, -0.07014973998844531, 0.6910606785290588, 0.4921365694303264, -0.1806405225414381, -0.0020243400363898975], [-0.39223231605506415, -0.6964768792155906, -0.20056368775054467, 0.29577702827575814, -0.564170387059798, -0.20720482911220842, -7.55939686802598e-05, 0.6694819147744845, 0.44507728725450557, 0.32036467457867407, -0.1411891804444076, 0.37600782188909676, -0.07719578832827688], [-0.11519904832082173, 0.11649866990179227, -0.45261180571170734, 0.08985019866463814, -0.14836328136505098, 0.5055475388072621, -0.5459960441027453, 0.13425933239645366, -0.5794439844312134, 0.12544818997845458, 0.4707172649545238, 0.689504484058525, 0.10167682394071381]], "inverted": true, "swapped": false, "error_lsq": 0.04347220477319535, "error_max": 0.2409623308129565, "target": "721.xyz", "model": "28.xyz", "model_rescale": 4.156811204709835, "target_rescale": 3.7795431847901613},
