[{"mapping": [1, 6, 5, 11, 12, 10, 0, 9, 2, 3, 8, 4, 7, 13], "R": [[0.8444696654598143, -0.13333478289338777, 0.5187415732221221], [0.16462716609486552, -0.8570166038127494, -0.48828315245647624], [0.509675269462589, 0.49773926553973424, -0.701773997265646]], "T": [-0.01729141140994859, -0.16171349832742646, -0.12558566122132173], "aligned_model": [[-0.1225106836956198, 0.687594126838884, 0.44309536077785006, -0.09202089712389422, -0.5566078480095502, -0.7812104437216932, -0.3895760728731248, -0.5944472663464929, 0.16226726466842734, 0.3884719470470894, 0.2698604831195456, 0.3267781858027532, -0.20061886231307027, -0.07205212697169336], [-0.6993341062399412, 0.06387596489593803, -0.21483037664475232, 0.3182325750970686, -0.30353340044419513, 0.39629513768966984, -0.6428386122183644, 0.07228036019467482, -0.2841612273858385, -0.4246475505893732, 0.5602779787704388, 0.47195040535557997, 0.5204962370038306, -0.00937283892890145], [-0.30707147364318466, 0.06622689373246907, -0.7236022811190631, -0.626713500612249, -0.28097132513760403, -0.47269227142033887, 0.34910917781035233, 0.26026556017188796, 0.6119938130749212, 0.07296429947499625, -0.2083578068312117, 0.5017024671966985, 0.14344111298542603, -0.10732505387689051]], "inverted": true, "swapped": false, "error_lsq": 0.05795326094476049, "error_max": 0.3271776415408374, "target": "723.xyz", "model": "0.xyz", "model_rescale": 3.8414455957264533, "target_rescale": 3.949511486102014},
{"mapping": [1, 12, 11, 0, 4, 7, 5, 2, 6, 10, 13, 8, 9, 14], "R": [[0.32756943414657336, 0.8449978396096315, -0.4227019243721858], [0.09376032321394412, 0.4161052748035987, 0.904469680017765], [0.9401634260083245, -0.33590929033844397, 0.05707609885593569]], "T": [-0.09332382844857803, -0.020852084065220534, -0.04500898157935127], "aligned_model": [[0.0733628154968447, 0.666553392349204, 0.5226425084955559, -0.301310005921711, -0.5451037058292435, -0.5668191336089832, -0.24501349939827616, -0.726122044802589, -0.20520042880155237, 0.3154921123020794, 0.2681788360258055, 0.49268770771634385, -0.22545579589147888, -0.054869590932587926], [-0.6061801914037204, -0.083849313744626, -0.0629891103588192, 0.153172864327275, -0.2325408970613517, 0.3838252208295355, -0.5376321623789767, -0.12368557166890597, -0.07086367725564406, -0.4328533286579263, 0.5840572313712044, 0.3442259968710604, 0.6043371772842848, -0.09433369159755575], [-0.6599109743054141, -0.07513375929524106, -0.6324401221368908, -0.7172994224040519, -0.2615731145616864, -0.2031022357975277, 0.33479541461386514, 0.3204994572081484, 0.7263596985105645, 0.3176283047724608, -0.32473660680697636, 0.33919262149133034, 0.19413367598380535, -0.07944332546617644]], "inverted": false, "swapped": false, "error_lsq": 0.04178437893099679, "error_max": 0.23724675137659867, "target": "723.xyz", "model": "1.xyz", "model_rescale": 4.316132596720782, "target_rescale": 3.949511486102014},
{"mapping": [9, 0, 2, 12, 11, 8, 10, 7, 3, 6, 5, 13], "R": [[0.3821284342033244, 0.42632820001272864, 0.8198915328549399], [0.7839701921267337, -0.6192815439670469, -0.04337173225227714], [0.48925310180936843, 0.6593440946696179, -0.5708736876001681]], "T": [-0.07822231251176319, -0.06578427938262826, -0.03197511655822638], "aligned_model": [[-0.12018048767168323, 0.5204889338272847, 0.19807317118941759, -0.39434754490128404, -0.6777621014972809, -0.5551970242891132, -0.11138837172889908, -0.09591073254280157, 0.48520244532747187, 0.0763873128450044, 0.2850779498767906, -0.012634995803126312], [-0.5551326958386414, -0.36850292826644576, -0.579184309859577, 0.435517244146756, -0.2228506938424232, -0.09349878526111617, 0.19541348839477535, 0.57884501100758, 0.1255216329789937, -0.11405077922310106, 0.585761274984459, 0.024937968519720827], [0.17870129447982924, -0.009918227495780418, -0.6600567570416355, -0.19270300199534834, -0.38845942005871625, 0.4749159654192281, -0.6846615759906961, 0.6015311271239875, -0.4271349706200358, 0.7421799175667013, -0.1431786509824676, -0.041957239195645306]], "inverted": true, "swapped": true, "error_lsq": 0.04395816382301373, "error_max": 0.20908444906887846, "target": "723.xyz", "model": "2.xyz", "model_rescale": 3.795458400668931, "target_rescale": 3.949511486102014},
{"mapping": [11, 9, 2, 4, 12, 5, 0, 8, 6, 7, 10, 13], "R": [[-0.6333792493644487, -0.051621581747478384, 0.7721178270007865], [-0.44498754955705666, 0.8406012487507311, -0.30882943729171636], [-0.6331009455163799, -0.5391889769798717, -0.5553903491146257]], "T": [-0.008513229223641713, -0.027519848325915666, -0.013941380553300263], "aligned_model": [[-0.14523896698912553, -0.07144203824220167, -0.8590353376937804, 0.19373719288234975, 0.23170112062216874, 0.0946782246256705, -0.36291250105029055, 0.551450714813221, 0.5178738661867602, 0.8161976145033242, -0.3783433397534173, 0.004637275838885992], [-0.018051803550181027, -0.5571821129940597, -0.12697793107718963, -0.015710193085654366, 0.46352783810002773, 0.6108226424684452, -0.2591254784253939, -0.34214129517801056, -0.45582185506693823, 0.19827031515020352, 0.5286433725408602, 0.059515546407599984], [-0.7156644773164704, -0.04717933627793145, -0.04749082911333293, 0.7031749168154863, -0.2936574311960582, 0.3743050675108988, 0.5069619036223494, -0.28350633572890305, 0.3922898650787802, 0.27941981206274763, -0.23582431546045743, 0.0559425906419913]], "inverted": false, "swapped": true, "error_lsq": 0.0422341444103679, "error_max": 0.2421753631514778, "target": "723.xyz", "model": "3.xyz", "model_rescale": 3.7530521520055578, "target_rescale": 3.949511486102014},
{"mapping": [5, 7, 4, 6, 3, 8, 10, 12, 11, 9, 13], "R": [[-0.15798913038524565, 0.9090616222994038, 0.38554688630890266], [-0.31027119082189125, 0.32497220582246455, -0.893378337317873], [-0.9374279827411167, -0.26076815815060295, 0.23071355588405018]], "T": [0.01891229794823967, -0.008427377907855423, 0.17014916947708938], "aligned_model": [[-0.23935348186944427, -0.2546806764008456, 0.37283484543049566, 0.38611572440456793, 0.1274331079690446, -0.11534820297567594, -0.38329200325609963, -0.5856754875139422, -0.363918506795191, 0.3998218570559866, -0.0057375736036911935], [-0.5952985158616634, 0.10528574897595941, -0.28440992672886634, 0.3441816907187183, -0.7137030260535924, 0.632840037286641, -0.46442232416015516, -0.07860388458360082, 0.2783910268828922, 0.3406249715906913, -0.09768243975267796], [-0.22702330004656265, -0.6839036229061757, -0.42472304224639634, -0.4351427406305959, 0.20187004648108248, -0.0664132083450775, 0.5245841914310112, 0.08878148065638711, 0.7015385308525993, 0.30681400185367447, 0.10644844014536983]], "inverted": true, "swapped": true, "error_lsq": 0.050260325883363315, "error_max": 0.2665139252280465, "target": "723.xyz", "model": "4.xyz", "model_rescale": 3.7855080009869324, "target_rescale": 3.949511486102014},
{"mapping": [5, 1, 0, 3, 10, 9, 8, 15, 13, 6, 2, 12, 14, 16], "R": [[-0.7831000782415523, -0.5938749758523265, 0.18457188440949907], [0.5920222629273213, -0.8027736882928782, -0.07116210777557698], [0.19043084743940175, 0.053543612513983485, 0.980239345212415]], "T": [0.02382927044876995, -0.10545629772116101, -0.0026760209861599674], "aligned_model": [[0.008312226442407256, 0.7442516431952594, 0.5043998992809003, -0.15264873516207797, -0.5876760132417964, -0.4809331143300273, -0.4359361009887879, -0.7140277641125148, -0.012981465010651783, 0.291300608109758, 0.11821624589019498, 0.3604547041566144, -0.17723950917207487, 0.003530542142208], [-0.43646356324283925, 0.0926564961822814, -0.06636237766885637, 0.15176375402549025, -0.38323082729298935, 0.30332684945221583, -0.4788461281025564, 0.04692601708914425, -0.1166012830013296, -0.6097932675045883, 0.5346100210957454, 0.32939589153504384, 0.5130191545155158, -0.05571019052644367], [-0.7411180675520833, -0.1245237321975744, -0.6158623054375885, -0.6232483084066569, -0.2852832976333724, -0.29426698920790256, 0.3774630479849963, 0.3314867138711786, 0.7207798504624309, 0.31383681051751666, -0.359315746706509, 0.3981383423920058, 0.18375589520656532, -0.002872601486796431]], "inverted": false, "swapped": false, "error_lsq": 0.04354317262937036, "error_max": 0.30596747018326576, "target": "723.xyz", "model": "5.xyz", "model_rescale": 4.2253639853439635, "target_rescale": 3.949511486102014},
{"mapping": [0, 12, 7, 3, 4, 2, 1, 10, 8, 9, 6, 11, 5, 13], "R": [[-0.7987321980166187, -0.37873038777279155, -0.4675362758428612], [0.4023758233858922, 0.2415048237873697, -0.8830453651098321], [0.4473483794606464, -0.8934420593776086, -0.04050572711396677]], "T": [-0.0600046479817284, -0.04108674359418145, -0.0055016669491811734], "aligned_model": [[0.17520778002785703, 0.8638693349069773, 0.4335699507234543, -0.1287480658347961, -0.6214196847540018, -0.5392317932479737, -0.47817819793107713, -0.7130512919182217, -0.054386221784091714, 0.2321223231230714, 0.13052808141047445, 0.4616064438440413, -0.2226930175737638, -0.07017247379253866], [-0.678653626311046, 0.03432767376837277, -0.017976059543268683, 0.0982276372989112, -0.2533871055482571, 0.38992208131276523, -0.6211924398377876, 0.09322984760424406, -0.12320534001635171, -0.5071752917267984, 0.4801953114624486, 0.46381610217525143, 0.4922201869865222, -0.02565843106917156], [-0.43123190207364925, -0.11556207701682267, -0.6261797057282478, -0.6975098449908822, -0.3805390317632503, -0.1919000256585072, 0.15976794691479226, 0.39946945370173254, 0.7287257126869948, 0.25911073929464484, -0.3305866807984867, 0.27476387504884076, 0.29426070334562177, -0.06361955115657136]], "inverted": true, "swapped": false, "error_lsq": 0.04345125083145185, "error_max": 0.2900524216749006, "target": "723.xyz", "model": "6.xyz", "model_rescale": 3.89814844738969, "target_rescale": 3.949511486102014},
{"mapping": [10, 11, 12, 2, 5, 8, 9, 3, 0, 6, 7, 4, 13], "R": [[0.5538493606419718, -0.7945853674150727, 0.24876691823137043], [0.4822348371992242, 0.06256299828224676, -0.8738051459206301], [0.6787491786425359, 0.6039204957076633, 0.4178272218947604]], "T": [-0.13628954740783567, 0.07455926167264294, -0.12493280300491774], "aligned_model": [[0.3580606884769891, -0.18536310992536553, 0.36182897842442713, -0.3370068858326122, 0.5320288762242795, -0.3985121037486925, -0.6707106921628117, 0.23821402172547362, -0.37612437158020634, -0.47434542594722173, 0.20229742548230295, -0.05748357047026455, -0.04425202976207522], [-0.3166454030849253, 0.04172757937817646, 0.29872271645126625, -0.7461650894247245, 0.05039410550082414, 0.6985614673829158, 0.07466868750560024, -0.44472741609613864, -0.32514834837915735, 0.5789589656078312, 0.8182744291678865, 0.16727799572688923, 0.06788157573404131], [-0.4378235670982713, -0.8374724453195315, -0.40546892005173263, -0.26821372389535136, 0.22382419835365938, -0.28946886809166295, -0.12590202093804512, 0.19174549292193885, 0.3580716760746234, 0.3818698901369365, 0.26163746802370247, 0.6102497182135592, -0.06077386749352909]], "inverted": true, "swapped": true, "error_lsq": 0.05196885643713418, "error_max": 0.2943658506663464, "target": "723.xyz", "model": "7.xyz", "model_rescale": 3.7474275329858107, "target_rescale": 3.949511486102014},
{"mapping": [3, 1, 2, 8, 5, 9, 6, 7, 10, 0, 4, 12, 11, 14], "R": [[-0.41338920269065454, -0.45819983743816256, 0.7868686523622777], [-0.688693336026639, -0.40797686382049725, -0.5993799859018409], [0.5956600171333346, -0.7896884116908602, -0.1469059441611626]], "T": [0.03848889207868508, 0.07657779299557482, -0.009619245333325699], "aligned_model": [[-0.03664174021291869, 0.753990212986498, 0.5451757619587886, -0.17782447842378893, -0.5479645609280965, -0.6418898540957713, -0.3212778386761158, -0.5759900877192069, -0.1315911986236552, 0.2775049795538467, 0.21405620203166972, 0.3221176154176766, -0.29295166134484985, 0.08230981527533499], [-0.5312610047541111, -0.1524561926160705, -0.04478378199112268, 0.1301767246437876, -0.2401364468952935, 0.39038292778844025, -0.6283427634580847, -0.032237024347190946, -0.10496388736395501, -0.4983632651399506, 0.5228303032780863, 0.42896376438522965, 0.48180380782644, 0.10307738519962942], [-0.38247568020644496, -0.029696926072704855, -0.6707767756222106, -0.654247817555, -0.2718899103507079, -0.1472838348983445, 0.19185781770068477, 0.2632407019605557, 0.7068852841200368, 0.20608269537428575, -0.627891566069064, 0.4099299094319043, 0.32567017000879855, -0.04043445601557996]], "inverted": true, "swapped": false, "error_lsq": 0.04763704882654487, "error_max": 0.317522742776603, "target": "723.xyz", "model": "8.xyz", "model_rescale": 4.019505241142653, "target_rescale": 3.949511486102014},
{"mapping": [0, 4, 9, 1, 2, 11, 8, 3, 10, 5, 7, 12, 13], "R": [[-0.7424822479448668, -0.5406980538011725, -0.3954310636537823], [0.4845192696657402, -0.025860503151542202, -0.874398256916908], [0.4625593894942735, -0.8408191535594165, 0.2811795906503737]], "T": [0.04560531174280497, -0.008230432808827945, -0.041306835280324], "aligned_model": [[-0.3976279572244046, -0.6970293615894204, 0.08929907970224382, 0.5659522177829289, 0.24236244264033724, 0.7605408463687887, 0.20148339258550724, -0.2755955224570352, 0.33575908943240246, -0.3539794458466439, -0.4008549699370076, 0.2747200334138193, -0.02532907313033985], [-0.4486567689093058, 0.05144900394476791, -0.04621669577608778, -0.3822982217842394, -0.8326060827797138, -0.00731452229059755, 0.6031857468577928, -0.5152526955066159, -0.34631807226308736, -0.002767567202470053, 0.7366032277494402, 0.26522599783057205, -0.011655121756396436], [-0.2865600819046308, -0.026055869921513805, -0.5725834202960037, -0.5622440558189543, -0.16817981071552962, -0.03323105623024164, -0.33640650938065186, 0.34593361889641316, 0.5035155293882789, 0.5983548680731741, 0.20986242637061772, 0.4584929827057088, 0.045804872877212174]], "inverted": true, "swapped": true, "error_lsq": 0.0428488400971532, "error_max": 0.2872803274929761, "target": "723.xyz", "model": "9.xyz", "model_rescale": 3.877068213659057, "target_rescale": 3.949511486102014},
{"mapping": [3, 2, 13, 6, 5, 12, 1, 0, 8, 4, 10, 9, 11, 15], "R": [[-0.6611493030065954, 0.003966131444596788, 0.7502438729741535], [0.23047449919928154, 0.9527069182928731, 0.19806825352826604], [-0.7139769634608205, 0.3038647686689941, -0.6307956071573462]], "T": [0.05964650601825372, -0.011667980414656005, -0.08541215417441786], "aligned_model": [[-0.11239576494428305, 0.6767826878988582, 0.6349500564051634, -0.03455533696999999, -0.5663061073855445, -0.6116547132209972, -0.37914914454286164, -0.642020197469772, 0.052817134153734846, 0.23555333639999962, 0.10671149538327446, 0.4557032987108135, -0.3259729940383245, -0.02144058318065005], [-0.3967813318227449, -0.1526501267886774, -0.06018243328008361, 0.2170487039110245, -0.474689019868129, 0.19762468889782847, -0.5986772592368937, 0.05619995045838013, 0.10148787399607348, -0.6647254910591903, 0.6862631152391904, 0.37172886021746815, 0.543772861286619, -0.0017298453950308698], [-0.559596196817681, 0.11364141993845375, -0.5995236875395583, -0.6503185767025488, -0.15462403927308008, -0.3378927818144023, 0.3791145876055131, 0.2844848812409124, 0.6777864098314454, -0.11116782463322612, -0.20325888495372377, 0.27761840026286577, 0.21028760708689628, -0.04758170242565664]], "inverted": false, "swapped": false, "error_lsq": 0.04543361854231422, "error_max": 0.3485396734751448, "target": "723.xyz", "model": "10.xyz", "model_rescale": 4.260839863003843, "target_rescale": 3.949511486102014},
{"mapping": [2, 11, 12, 10, 5, 3, 0, 9, 8, 7, 4, 13], "R": [[-0.5870827761672751, 0.7549400053167462, -0.29223176127874345], [0.45468453690047805, 0.6061806730160996, 0.652538859812461], [0.6697729360248317, 0.2502210623310914, -0.6991377790783281]], "T": [0.10591138369490563, -0.04860647385181575, -0.0185891505040478], "aligned_model": [[0.2994530768341215, 0.20030682633028724, -0.3685652821380694, -0.3746966852526218, -0.5839028741752544, -0.2983260643778568, 0.3061838088449813, 0.6391774044471318, 0.39032565833983257, -0.24241607465544993, -0.018446514944249467, 0.009805369841277778], [0.08609470110226622, -0.7100419013667475, -0.4181618892223153, -0.2559468627083303, 0.2442371433772467, 0.38865581439490143, 0.5502675978709511, -0.013482561830476199, -0.38209260741395196, 0.061969683399913066, 0.613527785100782, 0.00805160282869468], [-0.8424838884424127, -0.2731309965885261, 0.10539682351583779, -0.4890673358790382, 0.06663890604301301, -0.4130387632123492, -0.24623151293405438, -0.017832028296396126, 0.5228044748734831, 0.8082305748431097, 0.29986621735495256, -0.004974393882114358]], "inverted": true, "swapped": true, "error_lsq": 0.04048300368979194, "error_max": 0.23962129277750857, "target": "723.xyz", "model": "11.xyz", "model_rescale": 3.890672605050136, "target_rescale": 3.949511486102014},
{"mapping": [6, 0, 1, 11, 9, 10, 5, 12, 7, 8, 2, 3, 4, 13], "R": [[0.46839073531011816, -0.49171696028138007, -0.7340466947322132], [0.8057489016882939, 0.5785740482622453, 0.1265732124327472], [0.3624621725142573, -0.6507430381103413, 0.6671991245851332]], "T": [-0.009753841448433723, -0.09159935462978773, -0.15054506282767385], "aligned_model": [[0.17164804628642205, 0.5551846490658072, 0.5825873798352632, -0.25902437455110433, -0.6183503701758972, -0.6573442089162818, -0.4254723521726744, -0.6047263961268686, -0.17595446163709866, 0.4021175125052449, -0.09766757565652574, 0.5592759800445342, 0.0900723590135587, -0.05332302031496809], [-0.5133625322384421, 0.06893598078649786, 0.06694161012135093, 0.06839562280889046, -0.541551742627291, 0.5219784812116761, -0.5611989259050241, 0.08449270079799238, -0.0838724570047103, -0.5386292752639918, 0.5491105813926938, 0.15517621666976128, 0.5624961327584053, -0.014221846951974662], [-0.4987799276549034, -0.08916552417278106, -0.6293925651226687, -0.6142561500537176, -0.3321312125683067, -0.21128598617861802, 0.30948378880490945, 0.2619248075140388, 0.6856856584319533, 0.2363881144630228, -0.4460549389508667, 0.5338305910814185, 0.08021643072111109, -0.0074934745083826415]], "inverted": false, "swapped": false, "error_lsq": 0.05972621988051879, "error_max": 0.36416929957368394, "target": "723.xyz", "model": "12.xyz", "model_rescale": 4.124412569039231, "target_rescale": 3.949511486102014},
{"mapping": [11, 8, 7, 1, 12, 10, 9, 3, 6, 0, 5, 4, 13], "R": [[-0.8795152020312615, 0.4629913850242122, -0.10996357028248607], [-0.4461654688995986, -0.721931002091037, 0.5289158747678433], [0.16549738293251323, 0.5142515003509405, 0.8415200595525315]], "T": [0.03288874650269212, 0.06078251119960541, 0.02417443856738996], "aligned_model": [[-0.27910105455541695, -0.07163641250227389, 0.6945181264820467, -0.7580269979017927, 0.43753116461904124, 0.238407235333854, -0.4389827098332028, 0.3230787333655194, 0.06958195286733665, -0.12279813361903942, 0.7420646637848742, 0.3972505667723373, 0.1354111726964741], [-0.30943024249450835, 0.5465430488534209, 0.6431796468579751, -0.16657895486945262, -0.15072074603570917, -0.6103472297974607, 0.30518021223447866, -0.32197478276705316, 0.8425086973639578, 0.1319794435632834, -0.08223993504697528, 0.4723677608215514, 0.04701845782496929], [0.5502958663844174, 0.5123575289061602, 0.22479872159810385, 0.09361686160276705, 0.43478705264920914, 0.07585516224800956, -0.03251774557596682, -0.5044874056702442, -0.09031393024095705, -0.6248809022241147, -0.18908365471905478, -0.47895430377823933, -0.019775170212250927]], "inverted": false, "swapped": true, "error_lsq": 0.04198608213015129, "error_max": 0.26583518466723605, "target": "723.xyz", "model": "13.xyz", "model_rescale": 3.9028299243045295, "target_rescale": 3.949511486102014},
{"mapping": [10, 13, 14, 9, 3, 6, 0, 2, 8, 5, 11, 12, 1, 15], "R": [[-0.755091587102235, -0.3551899197161852, -0.551068794271131], [0.15499699278705142, -0.9134167301738099, 0.37635861789728753], [-0.6370342434393923, 0.19877122017685478, 0.7447666578969588]], "T": [-0.1015827323229604, -0.08313393235758298, -0.04581712077812095], "aligned_model": [[0.2763967782453102, 0.6874821129244469, 0.5556819480101678, -0.13429551849419485, -0.6667565639769696, -0.5967383855738192, -0.5333323894142193, -0.5399806833139783, 0.019981499541859002, 0.23700573457749202, 0.17739678009648052, 0.3907984407389487, -0.2880022116155405, -0.11661437454657249], [-0.4812044657803644, -0.17737942604816292, 0.17398655454883288, 0.21843736853237078, -0.328087373613863, 0.2350800291275119, -0.619342144496811, 0.1382870499752515, -0.23938332103897586, -0.3948194218572515, 0.5659378825005952, 0.26131494693701934, 0.5378629028418145, -0.06600003507213334], [-0.5498249997443602, -0.01196732448718408, -0.5796175029272452, -0.7591403858999859, -0.1420761300623599, -0.35881714636744094, 0.41601552865320907, 0.5027535261812512, 0.7007184950001427, 0.17848588716538838, -0.26199505476965507, 0.3051188262660042, -0.003279323991947476, -0.15740478320960735]], "inverted": true, "swapped": false, "error_lsq": 0.04776617576491626, "error_max": 0.3226985111262315, "target": "723.xyz", "model": "14.xyz", "model_rescale": 3.942246331269136, "target_rescale": 3.949511486102014},
{"mapping": [5, 10, 9, 2, 1, 0, 3, 12, 13, 4, 7, 11, 8, 14], "R": [[0.7364049499107701, 0.6051970482998766, 0.3023975569941554], [-0.6763297147833486, 0.6697128189605852, 0.30669668570256997], [-0.0169075914307997, -0.4303734109456387, 0.9024925819656504]], "T": [0.04927842475694105, -0.022786479945192506, -0.016150474329594558], "aligned_model": [[-0.13584418988984287, 0.7216596845374734, 0.5629698043354652, -0.24133465712526125, -0.6580352202337667, -0.4791945328891208, -0.22018046452107592, -0.6297800412718122, -0.12675457563417447, 0.2877202888364622, 0.09921899965864374, 0.4302040846212642, -0.10290030652162674, -0.03872570670321612], [-0.38934700658675025, -0.26022196331245523, 0.04544540316207227, 0.09998537452802975, -0.3845288762951557, 0.3786809590312072, -0.6836657821801517, -0.1832439542853584, -0.03697092446471531, -0.39961655818311187, 0.6158873562072074, 0.3041326250036339, 0.7189862471274187, -0.0008323531960360321], [-0.5000332659679382, 0.006835364294666191, -0.6322899737992449, -0.7112181163815182, -0.1758103693363367, -0.3327854555726849, 0.06857487823466081, 0.4095363316743032, 0.7774117669673881, 0.3643867071810845, -0.5823493599889573, 0.49583640551493674, 0.1433982060331664, -0.05252350704731641]], "inverted": false, "swapped": false, "error_lsq": 0.05004807040002757, "error_max": 0.31323520773391283, "target": "723.xyz", "model": "15.xyz", "model_rescale": 4.355366556412066, "target_rescale": 3.949511486102014},
{"mapping": [9, 0, 2, 12, 11, 8, 10, 7, 3, 6, 5, 13], "R": [[0.3821284342033244, 0.42632820001272864, 0.8198915328549399], [0.7839701921267337, -0.6192815439670469, -0.04337173225227714], [0.48925310180936843, 0.6593440946696179, -0.5708736876001681]], "T": [-0.07822231251176319, -0.06578427938262826, -0.03197511655822638], "aligned_model": [[-0.12018048767168323, 0.5204889338272847, 0.19807317118941759, -0.39434754490128404, -0.6777621014972809, -0.5551970242891132, -0.11138837172889908, -0.09591073254280157, 0.48520244532747187, 0.0763873128450044, 0.2850779498767906, -0.012634995803126312], [-0.5551326958386414, -0.36850292826644576, -0.579184309859577, 0.435517244146756, -0.2228506938424232, -0.09349878526111617, 0.19541348839477535, 0.57884501100758, 0.1255216329789937, -0.11405077922310106, 0.585761274984459, 0.024937968519720827], [0.17870129447982924, -0.009918227495780418, -0.6600567570416355, -0.19270300199534834, -0.38845942005871625, 0.4749159654192281, -0.6846615759906961, 0.6015311271239875, -0.4271349706200358, 0.7421799175667013, -0.1431786509824676, -0.041957239195645306]], "inverted": true, "swapped": true, "error_lsq": 0.04395816382301373, "error_max": 0.20908444906887846, "target": "723.xyz", "model": "16.xyz", "model_rescale": 3.795458400668931, "target_rescale": 3.949511486102014},
{"mapping": [10, 11, 12, 2, 5, 8, 9, 3, 0, 6, 7, 4, 13], "R": [[0.5538493606419718, -0.7945853674150727, 0.24876691823137043], [0.4822348371992242, 0.06256299828224676, -0.8738051459206301], [0.6787491786425359, 0.6039204957076633, 0.4178272218947604]], "T": [-0.13628954740783567, 0.07455926167264294, -0.12493280300491774], "aligned_model": [[0.3580606884769891, -0.18536310992536553, 0.36182897842442713, -0.3370068858326122, 0.5320288762242795, -0.3985121037486925, -0.6707106921628117, 0.23821402172547362, -0.37612437158020634, -0.47434542594722173, 0.20229742548230295, -0.05748357047026455, -0.04425202976207522], [-0.3166454030849253, 0.04172757937817646, 0.29872271645126625, -0.7461650894247245, 0.05039410550082414, 0.6985614673829158, 0.07466868750560024, -0.44472741609613864, -0.32514834837915735, 0.5789589656078312, 0.8182744291678865, 0.16727799572688923, 0.06788157573404131], [-0.4378235670982713, -0.8374724453195315, -0.40546892005173263, -0.26821372389535136, 0.22382419835365938, -0.28946886809166295, -0.12590202093804512, 0.19174549292193885, 0.3580716760746234, 0.3818698901369365, 0.26163746802370247, 0.6102497182135592, -0.06077386749352909]], "inverted": true, "swapped": true, "error_lsq": 0.05196885643713418, "error_max": 0.2943658506663464, "target": "723.xyz", "model": "17.xyz", "model_rescale": 3.7474275329858107, "target_rescale": 3.949511486102014},
{"mapping": [5, 6, 4, 8, 10, 3, 12, 11, 7, 9, 0, 2, 1, 13], "R": [[0.884228749354272, -0.30138517434786816, 0.3568003580417002], [0.35562663833463826, -0.06076848769694468, -0.9326504623972641], [0.3027692403831418, 0.9515640638371815, 0.053447352520811384]], "T": [-0.08617481394376816, -0.004199100517471086, -0.018241455738492104], "aligned_model": [[-0.07989387002828749, 0.6847222169341804, 0.4642016021091627, -0.18558371537539298, -0.6153278703809419, -0.6012599097650058, -0.2008380455558208, -0.7271564965229796, -0.14899207268371034, 0.4029948724315978, 0.33563323851312865, 0.406766435415994, -0.26322938942653074, -0.0030138284659825543], [-0.610574315917374, -0.024652654127800495, -0.15474725799086736, 0.1321760182899612, -0.3175565944310808, 0.37000869865083097, -0.6934564678275618, 0.012111776200514587, -0.13210081962628, -0.43415522773178694, 0.6404580054159683, 0.37153887729600577, 0.6045841337460078, 0.06105637460929663], [-0.41256313224454655, -0.03551083293063213, -0.6212728603557828, -0.7170791683049478, -0.33167963837557246, -0.2532841080671204, 0.24824221775491956, 0.31434402155218577, 0.7214303798005581, 0.13529978451430857, -0.3432607989058046, 0.3276813976811085, 0.2584407948486995, -0.011818445161164167]], "inverted": false, "swapped": false, "error_lsq": 0.039866742797851865, "error_max": 0.22688516043158571, "target": "723.xyz", "model": "18.xyz", "model_rescale": 3.922800546911778, "target_rescale": 3.949511486102014},
{"mapping": [13, 5, 12, 7, 11, 9, 4, 10, 6, 8, 3, 0, 2, 14], "R": [[-0.9578233221821423, 0.2853911591955919, -0.03356143228410555], [0.23895424097446782, 0.7261617424693215, -0.6446626982339174], [-0.1596100065919435, -0.6254926138867791, -0.7637300804399448]], "T": [0.037436145767034745, -0.05454441753194023, 0.037809665131123056], "aligned_model": [[-0.06624315498416491, 0.7936199953075218, 0.5131136722846492, -0.18315647236550273, -0.565301049390416, -0.5232189896054955, -0.4298839629992313, -0.7095657331589778, -0.12490932842836572, 0.36780102423813593, 0.20000346317808196, 0.4810370277293608, -0.28983063122871333, 0.005557306622529144], [-0.5873720268537753, 0.04771680919803648, -0.10991768547817737, 0.10338146606313142, -0.23862533745083128, 0.4965598773148255, -0.5858011960444176, -0.00880975184293354, -0.35278851186918375, -0.5389974855314075, 0.4353536441483365, 0.6508035901864804, 0.5346770225285286, -0.021489867812778764], [-0.3830930411565717, 0.05400680646919887, -0.586112394528216, -0.7135952398134773, -0.2939518475015943, -0.17359766988079792, 0.19027372751762442, 0.3386371580546056, 0.6381946908557322, 0.212609339044712, -0.3399746649525755, 0.1021919702061917, 0.28038648602641975, -0.047005708535042844]], "inverted": false, "swapped": false, "error_lsq": 0.04819931025036557, "error_max": 0.3168683965639425, "target": "723.xyz", "model": "19.xyz", "model_rescale": 3.9282355846067225, "target_rescale": 3.949511486102014},
{"mapping": [11, 8, 4, 0, 10, 1, 12, 2, 7, 9, 3, 6, 5, 13], "R": [[0.4111115656452551, -0.9067025952729352, 0.09422146421081984], [0.155342344321849, 0.17153014078713077, 0.9728546483736094], [-0.898251655524942, -0.38531521450219275, 0.21136733148675071]], "T": [0.046784359778890214, -0.007164599831564625, 0.025368558774488813], "aligned_model": [[0.06680570831716674, 0.7687757696944506, 0.440876248005729, -0.1717551572617259, -0.6508807283523874, -0.49574306124025597, -0.1650624681420393, -0.7272463831323234, -0.10507730420599011, 0.25969725389732845, 0.09230530313268667, 0.4013688949850527, -0.1630802436134351, -0.0819606648848457], [-0.4284459273869791, -0.2453820694324967, 0.07803213582993829, 0.09192669749078854, -0.47177325637918066, 0.39490034147709313, -0.7283250555469402, 0.1608528178384212, -0.07717828619189138, -0.664811232112824, 0.6316758733636777, 0.4427920364888641, 0.6194618581497211, 0.020964612967642446], [-0.553841558524761, 0.0008243066315596695, -0.4612534144308329, -0.7379258683527277, -0.1737207931639336, -0.2994522791029356, 0.422662988486003, 0.2520021104558357, 0.6254801276628112, 0.04973722318215245, -0.36980958164501393, 0.3394591299174303, 0.25116998182005296, -0.06636276112943124]], "inverted": true, "swapped": false, "error_lsq": 0.04333553077093599, "error_max": 0.2865426170229251, "target": "723.xyz", "model": "20.xyz", "model_rescale": 4.067790424073018, "target_rescale": 3.949511486102014},
{"mapping": [7, 5, 1, 9, 0, 12, 2, 3, 6, 8, 10, 13, 11, 14], "R": [[0.59689576935776, -0.7295021043537173, -0.33397922130921043], [-0.38520721672908187, 0.10458092320290965, -0.9168850695053671], [0.7037974429497755, 0.6759360252609162, -0.21858556460075804]], "T": [-0.01112750586867893, -0.0815814783707907, 0.03908688222135442], "aligned_model": [[0.01952442436248196, 0.5550157006707228, 0.5440885685589298, -0.05681049783580409, -0.47368106518083053, -0.5653557625286125, -0.4032282690121977, -0.7841168077713296, -0.034387358469057994, 0.27244057282193157, 0.1849494677289591, 0.44668074143856584, -0.2276460977128567, -0.008450449871491066], [-0.40771607281725347, -0.19833762242424224, -0.00290719305661942, 0.22669360508828434, -0.5665192223622073, 0.3354465851227376, -0.5679186713424589, 0.04377678121605995, -0.040420961464535374, -0.5366526772384085, 0.6208489980693407, 0.4418223737535251, 0.49170865191523644, -0.015134027903624642], [-0.6312567928343082, 0.1587363426168784, -0.5599544926487956, -0.6729028906210105, -0.19615261008623863, -0.28638585193039634, 0.44338263759561125, 0.3715291517182232, 0.7775458816251063, -0.15499363054063925, -0.33431915381254534, 0.12022578384131619, 0.245218829967434, -0.001703593084426025]], "inverted": true, "swapped": false, "error_lsq": 0.04419817543961563, "error_max": 0.31057584832214763, "target": "723.xyz", "model": "21.xyz", "model_rescale": 4.186013935880536, "target_rescale": 3.949511486102014},
{"mapping": [0, 4, 3, 1, 8, 2, 9, 6, 10, 5, 7, 12, 13], "R": [[0.7874661782084927, 0.49288758034203817, -0.37007952026865953], [-0.6016156585852143, 0.7451929938780634, -0.28765604672964495], [0.13399857283862882, 0.44916504207208685, 0.8833431651728512]], "T": [0.06159982112688154, -0.07552717235593481, 0.1065677801620732], "aligned_model": [[0.016311090079325553, -0.500809691433822, 0.24598996747757515, 0.6070157257945273, -0.2973867532076328, 0.7515058749885722, 0.036755282218170086, -0.6680613329224261, 0.5842344109999353, -0.1251664764707401, -0.7300619529218899, 0.11083842017607809, 0.02740947064555211], [-0.2735585204943572, 0.06001605053538012, 0.32674812089682376, -0.69315588411146, -0.35475107549812673, -0.2804180960039875, -0.6083595786379199, -0.37670869773354726, 0.395794178867445, 0.6182752948119923, 0.2865067742014021, 0.3972557101630159, 0.021312382549432227], [-0.533207773625811, -0.3631385749794452, -0.45412070953611944, 0.16241996425347588, 0.6341795596562947, -0.3586791209252626, 0.07371527613578926, 0.057231209918234785, 0.10081060623922118, -0.12282577416961325, 0.3502746123736411, 0.4953141493593216, 0.06090613663561823]], "inverted": false, "swapped": true, "error_lsq": 0.05688822413690922, "error_max": 0.3628728777412747, "target": "723.xyz", "model": "22.xyz", "model_rescale": 4.166573947596378, "target_rescale": 3.949511486102014},
{"mapping": [7, 14, 13, 5, 0, 1, 8, 4, 3, 9, 6, 12, 2, 15], "R": [[-0.5931773239890856, -0.3871986042172032, -0.7058455236079613], [-0.49842969860042785, -0.5118875865488697, 0.6996705898422915], [-0.6322250373547651, 0.7668430997468929, 0.11064882517380298]], "T": [0.05048566063938004, -0.029343472118242626, 0.06448984397403734], "aligned_model": [[-0.11491077326142354, 0.8157226118772827, 0.4728367618019177, -0.0600361108127207, -0.6403334889695629, -0.4564005517775814, -0.33484980086513166, -0.6477364061311799, -0.1756405881855082, 0.33177937809499036, 0.03468272892730312, 0.549613702749289, -0.31789380694604435, 0.012189510697781694], [-0.4430891233541612, -0.15206162650255678, -0.14481867227737338, 0.09257939509016291, -0.2174899947886988, 0.34334210222057204, -0.7075866617830137, -0.11662097958247564, -0.009795298472163073, -0.3838676062024924, 0.6834369469123153, 0.386626296579962, 0.49138955400314643, 0.0026462147126109295], [-0.4948385062697872, -0.09466550863740716, -0.660146730034441, -0.7503608992226027, -0.328098428110862, -0.2705786433662022, 0.27798901962033445, 0.27596583677244485, 0.6211867458116098, 0.4589966869487951, -0.2015965584646996, 0.1494704555151882, 0.2788328460922114, 0.016813295151627675]], "inverted": true, "swapped": false, "error_lsq": 0.04825412146890208, "error_max": 0.32990377665602316, "target": "723.xyz", "model": "23.xyz", "model_rescale": 4.274766983524099, "target_rescale": 3.949511486102014},
{"mapping": [11, 9, 2, 10, 0, 5, 12, 7, 8, 6, 13], "R": [[-0.20995454252614001, 0.20446857685814848, -0.9560918842612581], [-0.2202900933211295, 0.9428501657744894, 0.25001167909437044], [0.9525709237937131, 0.26310865811793777, -0.15291327334855806]], "T": [-0.05639121151568703, 0.11943790046804414, -0.012499675838986563], "aligned_model": [[0.24263659168220897, 0.22017542007526325, -0.5058048333075508, -0.47304687456101446, -0.4332082055018378, -0.5656486190562198, -0.028864743999653178, 0.16245732663925816, 0.6140496960373285, 0.2829252221125751, -0.13577627616228294], [-0.2057562962756383, 0.5512408257552927, 0.42475792297363624, -0.3406033693444825, 0.6729275834296229, -0.23193324602191184, -0.49019352754427803, -0.14938729425228015, 0.07949802080681256, 0.5246394320655032, 0.0803964796512067], [-0.5746651168696107, -0.16304549385610878, -0.6752307020666986, -0.34428871155885865, 0.034811708925626614, 0.4188471989786944, 0.05579123694627766, 0.8223825284554576, 0.17223076017951167, 0.5759099474521768, 0.056823077435109476]], "inverted": true, "swapped": true, "error_lsq": 0.058689250011594835, "error_max": 0.2772876343093962, "target": "723.xyz", "model": "24.xyz", "model_rescale": 3.7841303162186577, "target_rescale": 3.949511486102014},
{"mapping": [9, 0, 10, 14, 12, 13, 2, 5, 4, 8, 11, 7, 6, 15], "R": [[0.27627600937547653, 0.2787941916303109, -0.9197528827662151], [0.9325529957952488, 0.15366366895900035, 0.32669922998893863], [0.2324144502324851, -0.9479774657423352, -0.21753677336917432]], "T": [0.05125833611153849, -0.015972642050838096, -0.01669892635260689], "aligned_model": [[-0.0863178718809488, 0.75531835625323, 0.4899937342588976, -0.22229807604396482, -0.6332196881577282, -0.4831753111475814, -0.3092376939350424, -0.748134099015639, -0.23522640834834765, 0.28466305078667753, 0.033657070698905917, 0.5657248598253486, 0.021843846912857914, 0.03543139699274632], [-0.45466010143727237, -0.07714037340173197, 0.03778296740686861, -0.13219581688921386, -0.20720446952602475, 0.39429549168118855, -0.6373863790962312, -0.20350051193070423, -0.05085911925374616, -0.507796029234688, 0.717007166006986, 0.3800650649343484, 0.5283981806182981, 0.03788447667775756], [-0.37831586248476173, 0.1879665226881606, -0.6569150540325548, -0.752197413985082, -0.2814481074298621, -0.4142674517572156, 0.2128236382443309, 0.2917549245285975, 0.6713517750920466, 0.21371326652199957, -0.2444232456469575, -0.05253034725664671, 0.4574546853543349, 0.024002281969819794]], "inverted": false, "swapped": false, "error_lsq": 0.05684659245095592, "error_max": 0.3448128475844357, "target": "723.xyz", "model": "25.xyz", "model_rescale": 4.19342608120988, "target_rescale": 3.949511486102014},
{"mapping": [9, 0, 2, 12, 11, 8, 10, 7, 3, 6, 5, 13], "R": [[0.3821284342033244, 0.42632820001272864, 0.8198915328549399], [0.7839701921267337, -0.6192815439670469, -0.04337173225227714], [0.48925310180936843, 0.6593440946696179, -0.5708736876001681]], "T": [-0.07822231251176319, -0.06578427938262826, -0.03197511655822638], "aligned_model": [[-0.12018048767168323, 0.5204889338272847, 0.19807317118941759, -0.39434754490128404, -0.6777621014972809, -0.5551970242891132, -0.11138837172889908, -0.09591073254280157, 0.48520244532747187, 0.0763873128450044, 0.2850779498767906, -0.012634995803126312], [-0.5551326958386414, -0.36850292826644576, -0.579184309859577, 0.435517244146756, -0.2228506938424232, -0.09349878526111617, 0.19541348839477535, 0.57884501100758, 0.1255216329789937, -0.11405077922310106, 0.585761274984459, 0.024937968519720827], [0.17870129447982924, -0.009918227495780418, -0.6600567570416355, -0.19270300199534834, -0.38845942005871625, 0.4749159654192281, -0.6846615759906961, 0.6015311271239875, -0.4271349706200358, 0.7421799175667013, -0.1431786509824676, -0.041957239195645306]], "inverted": true, "swapped": true, "error_lsq": 0.04395816382301373, "error_max": 0.20908444906887846, "target": "723.xyz", "model": "26.xyz", "model_rescale": 3.795458400668931, "target_rescale": 3.949511486102014},
{"mapping": [2, 11, 1, 0, 6, 5, 10, 3, 12, 9, 4, 7, 13], "R": [[-0.7533431249299656, 0.10319793064075342, -0.6494800406727066], [0.6017741446948917, 0.506480101128377, -0.6175320120752611], [0.2652206909301872, -0.8560537916932879, -0.44365514854451865]], "T": [-0.0020643562740056687, -0.024636309609474695, -0.01480237993483225], "aligned_model": [[0.060871558955416544, 0.536744572096101, 0.6405582642356401, -0.2757388354223097, -0.037493631322171705, -0.7000222640185921, -0.18575671674246336, -0.5870741641699189, -0.08190430141437918, 0.3518063071580162, -0.5642146886592119, -0.3475907004046833, -0.11050901747018765], [-0.7523447708615808, -0.36712410425204, -0.41142447964437423, -0.09515287336017167, 0.716463001343692, -0.035196389140423646, -0.6145543997320034, -0.41092093033775945, -0.07049922206999007, 0.09406922567584208, 0.3731518991047927, 0.7170307876836574, -0.021616241152726687], [-0.46300411879363945, 0.30704529366218714, -0.3604818271794802, -0.6236619178659638, -0.28878483538605393, 0.2708690394837887, 0.3222104378541949, -0.15171270301989168, 0.5923170561104322, -0.3972830471239608, -0.2994987619946679, 0.3695560794764242, 0.014565966876056536]], "inverted": true, "swapped": true, "error_lsq": 0.05155777440230165, "error_max": 0.3124172844365812, "target": "723.xyz", "model": "27.xyz", "model_rescale": 3.6321398670334006, "target_rescale": 3.949511486102014},
