[{"mapping": [12, 0, 9, 5, 6, 2, 3, 11, 10, 4, 7, 8, 13], "R": [[-0.6190670678713842, -0.070000662544831, 0.7822121660524158], [0.40548610384338046, 0.8244960378382615, 0.39469900326568313], [-0.6725600233934831, 0.5615213182349297, -0.4820340486943475]], "T": [-0.15195239496807744, -0.153873275345658, -0.031070250228127615], "aligned_model": [[-0.4098790501392827, 0.030920412305608103, 0.2320754801304984, -0.6626877190928954, 0.19206908310149295, 0.4787881884412103, -0.041150391107346584, -0.4072324021788283, -0.3098475359000924, 0.7178071139625566, 0.35940687593494514, 0.11055871606629664, -0.07685564568783984], [0.016698428707266844, -0.5530970669522077, 0.16208377851961894, -0.19603171173399322, -0.339480030611346, -0.5851514461904114, -0.6177186771334423, 0.4488072590351263, 0.762760576578957, 0.009946269771074323, 0.4027907395975674, 0.3498358192939406, -0.009304346245559647], [-0.5204565417221594, -0.6655703173327406, -0.5690636544853488, 0.5255026159574291, 0.6260032914810363, -0.11723115321213154, 0.18287054760741359, 0.2111489320020421, -0.4187304501681365, 0.3296038129834787, -0.025470874880205406, 0.5055340697167966, -0.030663750792583794]], "inverted": false, "swapped": false, "error_lsq": 0.048422684265097764, "error_max": 0.24654411034240922, "target": "724.xyz", "model": "0.xyz", "model_rescale": 3.8414455957264533, "target_rescale": 3.981919910128046},
{"mapping": [10, 6, 2, 12, 13, 9, 8, 11, 3, 7, 4, 0, 14], "R": [[0.27243867813704037, 0.47825622878438906, -0.8348940928548223], [0.827193084591157, 0.32678920207924833, 0.4571218855064539], [0.491455763481831, -0.815156302210406, -0.3065802268691642]], "T": [0.03506639341508225, 0.025150524581750405, -0.039242548780042005], "aligned_model": [[-0.5468551068896572, 0.06631233199736195, 0.4985447147253844, -0.6399866124721934, 0.06347186436027022, 0.4671655009349812, -0.2855350018563779, -0.48047162183608627, -0.20292204201798833, 0.6580546243713682, 0.3154380151733396, 0.3355743975140876, -0.03481793816816743], [-0.11287400478156298, -0.4392447401320365, 0.05988760439695816, -0.18334386223889548, -0.28791188707173243, -0.4860474330099742, -0.6777652950464956, 0.24128266250296349, 0.6836766888672745, 0.048698562061204514, 0.46804885274532326, 0.45621966045905615, 0.08151278388450754], [-0.3719554838870304, -0.6664489766944622, -0.6124666834601223, 0.24906817556768296, 0.6507082148758999, 0.09295688173309467, 0.12636691159863128, 0.6040092338979898, -0.39007253266336156, 0.11659761342452367, -0.18432893501509756, 0.46014878982485596, -0.04110668204771405]], "inverted": true, "swapped": false, "error_lsq": 0.04678945142727613, "error_max": 0.31956944380976676, "target": "724.xyz", "model": "1.xyz", "model_rescale": 4.316132596720782, "target_rescale": 3.981919910128046},
{"mapping": [4, 9, 11, 0, 7, 6, 8, 1, 10, 5, 2, 12], "R": [[-0.953088677758777, -0.26388509146306816, 0.14827889543543993], [0.16436734462753597, -0.03984246999384844, 0.9855942134595159], [-0.2541758217221276, 0.9637308940198592, 0.08134749881565972]], "T": [-0.10354323844667335, -0.014371699619740162, -0.06057690932105511], "aligned_model": [[-0.2791813687844172, 0.43774447505458414, 0.1134364626311784, -0.5754200478680973, -0.509688134696948, -0.42798446780432664, -0.09172881692818848, -0.021356299889280658, 0.37519633657835866, 0.3143711258600076, 0.28553853610143465, -0.023119245622524737], [-0.6258408701284747, -0.29741147734144135, -0.5715195388239488, 0.38744753070045673, -0.33337084339496437, -0.11561727667458271, 0.4410719265404832, 0.5463459494254505, 0.09139097336830897, -0.005735826042421175, 0.5185887030177803, -0.02257282290566625], [0.13313972907087948, 0.07498470349971179, -0.45837366126704904, -0.18514585525965782, -0.6680355192116035, 0.5692275299857277, -0.7613403985674322, 0.5309456582004262, -0.492895993360964, 0.7435026675768274, 0.030925154065202534, -0.06767555352264701]], "inverted": true, "swapped": true, "error_lsq": 0.04381376004042847, "error_max": 0.23615393994972209, "target": "724.xyz", "model": "2.xyz", "model_rescale": 3.795458400668931, "target_rescale": 3.981919910128046},
{"mapping": [3, 0, 8, 2, 4, 9, 2, 6, 1, 5, 11, 12], "R": [[-0.28822610675011684, 0.9542911892574606, -0.07908247273101415], [-0.6439227083205228, -0.25428408381858797, -0.7215976374862269], [-0.7087236817666198, -0.15706027767109876, 0.6877810786006286]], "T": [-0.05081504123531962, 0.04503500923956151, -0.016268466324097293], "aligned_model": [[0.0016849280211220855, -0.24460016351765823, -0.8163831617602917, -0.04326069285078484, 0.23820547920815918, 0.13518736262667014, -0.04326069285078484, 0.5834094295416213, 0.44205551968541895, 0.7456664562688837, -0.3498194783426762, -0.055581160286114685], [-0.13866984122035592, -0.5325183650153988, -0.2175167604814564, -0.17457260086907794, 0.410513478263394, 0.5650332817039788, -0.17457260086907794, -0.14767009792678099, -0.44312135237024, 0.16522892633382397, 0.6748390714508212, 0.09879590629007932], [-0.7190920493246082, -0.18515678944278335, 0.19256152692105571, 0.6126349245650378, -0.49078091373051236, 0.2778161436477946, 0.6126349245650378, -0.286065560990667, 0.41943774146386287, 0.3989924235000918, -0.18854542671301322, 0.04433448617780425]], "inverted": true, "swapped": true, "error_lsq": 0.05153191364108798, "error_max": 0.37109220768527906, "target": "724.xyz", "model": "3.xyz", "model_rescale": 3.7530521520055578, "target_rescale": 3.981919910128046},
{"mapping": [9, 6, 4, 3, 11, 0, 10, 2, 8, 7, 12], "R": [[0.49251051114028477, -0.1536913009191164, -0.8566284961627911], [0.8698365098349429, 0.1192708521818402, 0.47870545221250904], [0.028597947032969973, -0.9808942082822221, 0.19242845315569165]], "T": [-0.15910478242608647, -0.04450865702650919, -0.07219670782102966], "aligned_model": [[-0.2921645972272554, -0.1181075500923066, 0.3350967768743238, 0.4092667585810509, 0.27860057816497175, -0.15833991362744035, -0.3570268168818377, -0.810331318694043, -0.270187437700523, 0.5165584082525, -0.19516528520423504], [-0.6536410326223103, 0.10755643306597201, -0.2918715213867161, 0.33327798370389006, -0.5289621654561669, 0.5815424662879582, -0.32891229495534896, -0.03272530594270018, 0.2710926058739026, 0.12237732342832652, -0.112531133682461], [-0.12448141033363282, -0.7703097683398399, -0.44212354845523766, -0.32655030644883776, 0.22689354068029283, 0.015571426427837307, 0.48207628730643365, 0.0676932373740094, 0.6937631028605709, 0.3168385290140037, -0.04654031284028283]], "inverted": true, "swapped": true, "error_lsq": 0.05574843316921144, "error_max": 0.2665403778425976, "target": "724.xyz", "model": "4.xyz", "model_rescale": 3.7855080009869324, "target_rescale": 3.981919910128046},
{"mapping": [10, 13, 14, 7, 4, 11, 6, 5, 9, 1, 2, 0, 16], "R": [[0.11541080882663306, 0.9331871376079723, -0.34035585995986917], [-0.3876889057109869, 0.35778763477200815, 0.8495206417697394], [0.9145368541478252, 0.0339083265185976, 0.4030788605200084]], "T": [-0.00993488267019637, -0.03539698499085214, -0.12076945600211329], "aligned_model": [[-0.6988494829375141, 0.14602611676107416, 0.30270272084079103, -0.5699320251931123, 0.013160822644587414, 0.5111075280413759, -0.06904355222493885, -0.4314883447215272, -0.17490282691238324, 0.5978815589970093, 0.38376861703543674, 0.19522464430060146, 0.008317349204922529], [0.1757604887100904, -0.5955980272747008, 0.22637732706715924, -0.27470777807903524, -0.24024489488246703, -0.6318010622262369, -0.6390758214056236, 0.35194799243991176, 0.5525659089783688, -0.004845793078026437, 0.5881352600372887, 0.34512436558532694, -0.0014983732354646104], [-0.22927507296751404, -0.5528789302744178, -0.6606114115319989, 0.3156970565204199, 0.5895154910961604, -0.04829041629253604, 0.12038422055152843, 0.4513841874460447, -0.48682851126080795, 0.32948573486312477, -0.16538762840299553, 0.528527820728132, -0.15824601332024957]], "inverted": true, "swapped": false, "error_lsq": 0.03865157484070015, "error_max": 0.2395819910477583, "target": "724.xyz", "model": "5.xyz", "model_rescale": 4.2253639853439635, "target_rescale": 3.981919910128046},
{"mapping": [8, 10, 5, 9, 0, 4, 1, 12, 11, 3, 6, 7, 13], "R": [[0.22185268068230973, 0.9720125759628417, -0.07728479956727696], [-0.3589424713796962, 0.007716256530295021, -0.9333277889493032], [-0.906609999014962, 0.23480206889045874, 0.3506084684243255]], "T": [0.021309728603035087, -0.057976331544696114, -0.04964235517240947], "aligned_model": [[-0.5762259562522575, 0.09629428450825198, 0.08370898486192818, -0.5129778557184372, -0.022416568524842695, 0.5112058051430375, -0.1199158693467181, -0.3352301400844952, -0.2609410450554377, 0.6410816680314567, 0.37780379920982965, 0.254525100073481, 0.07706091899052597], [-0.20510351087355963, -0.48922033988314956, 0.1495019357470282, -0.19960171876731622, -0.2679579466034814, -0.5583514649636381, -0.7759520301327341, 0.6730166965302218, 0.6254617513961913, 0.07720265627141842, 0.47669325333271034, 0.3936972671801452, -0.04724695659724526], [-0.4585061149089995, -0.6953345388303971, -0.6444535587241296, 0.20934693885217312, 0.7230531745179003, 0.053011783824584276, 0.007559119275546623, 0.40847583854092956, -0.2921308628763147, 0.2675624005430206, -0.07718106887383167, 0.5594494004373384, -0.0273759846229299]], "inverted": true, "swapped": false, "error_lsq": 0.04694323954900236, "error_max": 0.2609419445569388, "target": "724.xyz", "model": "6.xyz", "model_rescale": 3.89814844738969, "target_rescale": 3.981919910128046},
{"mapping": [6, 8, 7, 5, 10, 11, 9, 1, 0, 4, 0, 2, 12], "R": [[0.8037115762011542, -0.2098005280770866, 0.5568046701481879], [0.4592661249180191, -0.3762390693979627, -0.8046855219036453], [0.37831511836436454, 0.9024565923506409, -0.20603341995857435]], "T": [0.09629072513162291, -0.003911018730333282, -0.09273291519427102], "aligned_model": [[-0.5259907321335517, 0.002291289188325371, 0.5304078159726855, -0.5510198081003425, 0.1550824994842211, 0.5656008170849753, -0.34811677619689013, -0.46734071613692957, -0.06649506002941664, 0.6651242063077718, -0.06649506002941664, 0.16744557992183456, 0.1534790705030569], [-0.05255616372469307, -0.4912779407362248, 0.18733744396465668, -0.11255212994710595, -0.30716141640861583, -0.6597941103904604, -0.7368392140738166, 0.5119762218145396, 0.5500427460311097, 0.12774177454788127, 0.5500427460311097, 0.31901621255718815, -0.03383657702897748], [-0.3530697908768886, -0.5524332107038334, -0.5468706217354167, 0.32170982698534734, 0.5732148204641387, -0.1627741665258934, 0.15879066673813264, 0.26917393123222527, -0.22557267627669975, 0.18038208091422092, -0.22557267627669975, 0.5335280802810387, 0.06297026293521837]], "inverted": false, "swapped": false, "error_lsq": 0.05552770044322004, "error_max": 0.40465662576306655, "target": "724.xyz", "model": "7.xyz", "model_rescale": 3.7474275329858107, "target_rescale": 3.981919910128046},
{"mapping": [1, 0, 3, 12, 11, 6, 10, 13, 2, 5, 8, 9, 14], "R": [[-0.46556971939036945, -0.816500228538716, 0.34142673179321725], [0.8776599096119653, -0.4755821613378854, 0.05945326632829015], [0.11383285750032673, 0.3273361950860467, 0.938026170178583]], "T": [-0.034312499587987585, -0.003995838896335088, 0.04519594095021244], "aligned_model": [[-0.5226969736307975, -0.044182763182376364, 0.4197302433941745, -0.5625920379692134, -0.04585660364464118, 0.5188322970637627, -0.03807205838137878, -0.6894468337788694, -0.19322706593248312, 0.6809732282385954, 0.3268314151435056, 0.43671709369256023, -0.07303681517651522], [-0.018088289997358512, -0.4288856033121853, 0.049206016000398645, -0.19222205834680078, -0.15404576587128116, -0.5329614221307529, -0.7390733933973676, 0.4545557463125007, 0.5797634741333345, 0.030510780771023854, 0.5721577960936407, 0.19168464652659795, 0.03953766585484082], [-0.5258415607830326, -0.45837580529671734, -0.507207251623286, 0.3023617210191394, 0.6483805799010144, -0.23969762529569377, 0.23203869375246305, 0.4558555037991767, -0.540090929656429, 0.031157251958162976, -0.008024145453084205, 0.6110410699095467, 0.031879024923629797]], "inverted": false, "swapped": false, "error_lsq": 0.05318331017094529, "error_max": 0.3354994825858969, "target": "724.xyz", "model": "8.xyz", "model_rescale": 4.019505241142653, "target_rescale": 3.981919910128046},
{"mapping": [9, 7, 8, 1, 2, 4, 0, 10, 11, 5, 11, 6, 12], "R": [[-0.9221465979852866, 0.3208232824576903, 0.2161436403349291], [-0.3852948435794671, -0.8116187448205127, -0.43911603997924015], [0.034547580743609294, -0.4882083924811705, 0.8720430208285112]], "T": [0.012392342608361568, -0.040851521439552535, 0.0998751745554419], "aligned_model": [[-0.390631557587958, -0.050569737754837016, 0.1164735731769508, -0.6189500474848838, 0.11653915079872566, 0.5587521054245503, 0.008996250750476302, -0.6638682652292289, 0.17427549718234428, 0.6536984891483548, 0.17427549718234428, 0.08919356948620027, 0.04578860074328385], [0.18927674300883648, -0.6548537076106561, 0.011282186541126782, -0.23517893217785743, -0.26404083362519637, -0.5679190308368037, -0.6903246460599172, 0.48752295225655395, 0.4778196233622606, 0.14773695129053002, 0.4778196233622606, 0.49517632117178456, -0.02217765804633068], [-0.4020738061218396, -0.5624095692588328, -0.5653962778018761, 0.2411159125797492, 0.637752609931306, -0.23371967156232573, 0.07125341662475312, 0.4187352756206011, -0.20347876362262432, 0.16058376954261766, -0.20347876362262432, 0.5844755887756443, 0.09011680607034214]], "inverted": true, "swapped": false, "error_lsq": 0.059909479634535856, "error_max": 0.5070272181977037, "target": "724.xyz", "model": "9.xyz", "model_rescale": 3.877068213659057, "target_rescale": 3.981919910128046},
{"mapping": [8, 14, 10, 7, 4, 13, 2, 1, 0, 3, 12, 5, 15], "R": [[-0.78755539532941, 0.18279840000924583, -0.5885076416169945], [-0.6098104483184904, -0.09354322716924696, 0.787007548739124], [0.08881281669409413, 0.9786901499477876, 0.185142847515206]], "T": [0.08653873137275815, -0.0466434772644499, -0.08766643292827632], "aligned_model": [[-0.6537501995283945, 0.25332228311609983, 0.2858268982674938, -0.5707972719395904, 0.01703055027424559, 0.5430567928089026, -0.1771147010668841, -0.4105983195011983, -0.21484723386958587, 0.5215606980807392, 0.4158278929981857, 0.14762417835363445, 0.05683155784267443], [0.03677591051165623, -0.6201124990660035, -0.05243917178763167, -0.23533419699242436, -0.2718529132967281, -0.6676446747444117, -0.6522073605596048, 0.3874429679890863, 0.688392630359992, 0.05339525957104838, 0.6129797938494126, 0.5347292379016286, 0.03801460890057049], [-0.28850577254177423, -0.5904964981992693, -0.7684464384517995, 0.35796992157469254, 0.5467939696402138, -0.027772624611309013, -0.0233655094450788, 0.4756543645742914, -0.1391878467000353, 0.3634538197118632, -0.20874906568211526, 0.4312456756894529, -0.09511746840424219]], "inverted": true, "swapped": false, "error_lsq": 0.041549772370774445, "error_max": 0.2559880189923657, "target": "724.xyz", "model": "10.xyz", "model_rescale": 4.260839863003843, "target_rescale": 3.981919910128046},
{"mapping": [7, 3, 4, 11, 9, 10, 8, 0, 6, 5, 2, 12], "R": [[-0.8549281270134022, -0.1252324118153258, -0.5034031591798693], [0.37831158192395176, 0.5134605246850092, -0.770219862488882], [0.3549341412481381, -0.8489258699209913, -0.391594972842266]], "T": [0.03315733943225185, 0.03729026670380453, 0.005239092049937659], "aligned_model": [[0.1795040117402951, 0.3944481007311882, -0.22807256870814951, -0.46441636336891434, -0.5717171656501192, -0.24614422461074115, 0.35072383979677285, 0.6587807910894148, 0.1850126506582504, -0.3292854198320703, 0.06387891669436707, -0.03381391944616356], [-0.23529514488688197, -0.5699771456491982, -0.5736571540334178, -0.09632248888908007, 0.11901528116078411, 0.5505929310957403, 0.6067091433475948, 0.07944293289103943, -0.44496868456200966, 0.02833417848969151, 0.6263324921795562, 0.08287216438911513], [-0.7296077886687115, -0.1712828141550067, -0.02253894763148593, -0.49506501855894836, 0.14282074251285432, -0.2876570075640875, -0.5177825191617806, -0.07514927083299427, 0.51172964312395, 0.8357967329944683, 0.31489936875022256, 0.010014956587024441]], "inverted": false, "swapped": true, "error_lsq": 0.05617749101117723, "error_max": 0.39940123079701245, "target": "724.xyz", "model": "11.xyz", "model_rescale": 3.890672605050136, "target_rescale": 3.981919910128046},
{"mapping": [0, 2, 11, 3, 7, 10, 4, 8, 6, 12, 9, 5, 13], "R": [[-0.4739698796186066, 0.5979269370643423, 0.6464022982223823], [-0.8744675710192533, -0.4056990040471806, -0.2659225175700867], [0.10324253217550833, -0.6912971112683604, 0.7151568244112682]], "T": [-0.043471827081699374, 0.09154694584432692, -0.12968238614738864], "aligned_model": [[-0.6036385629362419, 0.11129313857297819, 0.2708724929056312, -0.6844848862574586, 0.013117695298524537, 0.6339811014625762, -0.1422621036841466, -0.522085183839113, -0.19735763146973934, 0.5004645246633659, 0.5622456865050014, 0.28713608655615336, -0.015309231941208423], [-0.08721215374212461, -0.4624659162440729, 0.04641827548054518, -0.31470889721896966, -0.10614408994570028, -0.48181119367959074, -0.5995297467137803, 0.4312214721023739, 0.5794393459341365, -0.16594525895254408, 0.5802487759727252, 0.4486760479590768, -0.0160470683154839], [-0.18402345813096296, -0.5476317702996016, -0.5790299303691769, 0.39674102133474437, 0.6977715706389969, -0.23857902471359116, -0.06876826564236317, 0.288338566417079, -0.39489646775696013, 0.3095933318978814, -0.11982180883667745, 0.4770542896006646, -0.0032715269851423256]], "inverted": false, "swapped": false, "error_lsq": 0.04502472090514456, "error_max": 0.23643289756351657, "target": "724.xyz", "model": "12.xyz", "model_rescale": 4.124412569039231, "target_rescale": 3.981919910128046},
{"mapping": [9, 11, 10, 6, 1, 2, 8, 3, 7, 4, 5, 0, 12], "R": [[-0.787349429607525, 0.1811164816607349, -0.5893027199729709], [0.20578921805700556, 0.9782585625573677, 0.025709580212036665], [0.5811468604648841, -0.1010297226267082, -0.8075031403764193]], "T": [-0.04538862722590353, 0.11157400981678423, 0.05622657871966276], "aligned_model": [[-0.5926259940174231, 0.0530410383050029, 0.3342685709802311, -0.5235689612976622, 0.10075666464681737, 0.47662884728212773, -0.22854707519325854, -0.5612121842318011, -0.1226903739981888, 0.7292541218935835, 0.378267310692102, 0.13302021601430825, 0.037380944760483883], [0.03409082014912772, -0.6045234112249601, -0.022432635233446324, -0.234354044513863, -0.4253200761646653, -0.5652395525546084, -0.572334116558079, 0.44368251386678975, 0.49153319405139845, 0.08386192549128002, 0.7251131715836734, 0.4364964148355452, 0.061565388908398716], [-0.26497256777111156, -0.6279290657482692, -0.5622492116150603, 0.3713299968510973, 0.6505754602785616, -0.052477937043586456, -0.06047294362321716, 0.4200718416287431, -0.4364529649776213, 0.18827546121575317, -0.0773070212370915, 0.5027275403810451, -0.01764206118435256]], "inverted": true, "swapped": false, "error_lsq": 0.0415279780434391, "error_max": 0.24095261045143135, "target": "724.xyz", "model": "13.xyz", "model_rescale": 3.9028299243045295, "target_rescale": 3.981919910128046},
{"mapping": [5, 4, 3, 13, 14, 7, 10, 12, 2, 9, 1, 11, 15], "R": [[0.9759932012059436, -0.2055669118348773, -0.07196885408596018], [-0.030055146227782853, -0.4543884726937303, 0.8902964697606556], [-0.21571731359582857, -0.8667602671106532, -0.4496584036502243]], "T": [-0.02927564447703847, 0.0860334758517507, -0.14929760417621882], "aligned_model": [[-0.49853182819122654, -0.1265899109626474, 0.31608191450402545, -0.5755242217604887, 0.022920806522461038, 0.5983088516049808, -0.028454124361552636, -0.4805512217523057, -0.07940179524902198, 0.5961076876375273, 0.2503634034169758, 0.1538707646719847, 0.06537279975561062], [-0.11733854613437722, -0.4458103737394603, 0.01969663440150013, -0.2060561561323796, -0.23971370820939703, -0.5672391100951234, -0.6248892573447712, 0.39959357846250754, 0.7101674078085721, -0.10133922691734679, 0.6312808488149979, 0.3564214441934709, 0.03736605752839768], [-0.17254170825494525, -0.55799716017436, -0.664095647256412, 0.3496487762079019, 0.6718083301356957, -0.1485330357148125, 0.07417676701220427, 0.2776341285006718, -0.5367172391260837, 0.2685930688878593, 0.06681824649747156, 0.5134273974117562, -0.10874539697205729]], "inverted": true, "swapped": false, "error_lsq": 0.043546420348178544, "error_max": 0.2805034792676872, "target": "724.xyz", "model": "14.xyz", "model_rescale": 3.942246331269136, "target_rescale": 3.981919910128046},
{"mapping": [4, 9, 5, 11, 8, 7, 6, 13, 3, 0, 1, 12, 14], "R": [[-0.6434156168164885, 0.10475379150704121, -0.7583158887967184], [-0.0350972401728004, -0.9935880967042473, -0.1074750102111384], [-0.7647120554619958, -0.04253630511140898, 0.6429666670820182]], "T": [-0.05359319415734892, -0.042069678015507504, -0.07747527730839224], "aligned_model": [[-0.5823556240452399, 0.07913743810640658, 0.31256662536484, -0.5760211537566917, 0.13142523823208602, 0.4955108516383549, -0.11133349835178176, -0.5150854440082213, -0.12234421803317666, 0.6215118945957989, 0.41496253678078227, 0.031167997316057516, 0.034830481997108115], [0.18090360483535678, -0.6310375843353128, 0.16707875048578316, -0.3443298012405731, -0.3892708748670878, -0.6934226395618354, -0.5846004365827233, 0.34645940842737866, 0.6096023014520092, -0.0691765797068121, 0.6156845782759921, 0.6551239069875636, -0.010875041533148319], [-0.19729674782334783, -0.6100742734738849, -0.5517784289024258, 0.30958914832820084, 0.5889033199385314, -0.0053394713265035865, 0.045471144430659347, 0.46750169360024396, -0.3726783572272174, 0.21272434000451865, -0.1442308097837497, 0.3406310532025467, -0.049946083812681424]], "inverted": false, "swapped": false, "error_lsq": 0.046996351319688476, "error_max": 0.35659467854914206, "target": "724.xyz", "model": "15.xyz", "model_rescale": 4.355366556412066, "target_rescale": 3.981919910128046},
{"mapping": [4, 9, 11, 0, 7, 6, 8, 1, 10, 5, 2, 12], "R": [[-0.953088677758777, -0.26388509146306816, 0.14827889543543993], [0.16436734462753597, -0.03984246999384844, 0.9855942134595159], [-0.2541758217221276, 0.9637308940198592, 0.08134749881565972]], "T": [-0.10354323844667335, -0.014371699619740162, -0.06057690932105511], "aligned_model": [[-0.2791813687844172, 0.43774447505458414, 0.1134364626311784, -0.5754200478680973, -0.509688134696948, -0.42798446780432664, -0.09172881692818848, -0.021356299889280658, 0.37519633657835866, 0.3143711258600076, 0.28553853610143465, -0.023119245622524737], [-0.6258408701284747, -0.29741147734144135, -0.5715195388239488, 0.38744753070045673, -0.33337084339496437, -0.11561727667458271, 0.4410719265404832, 0.5463459494254505, 0.09139097336830897, -0.005735826042421175, 0.5185887030177803, -0.02257282290566625], [0.13313972907087948, 0.07498470349971179, -0.45837366126704904, -0.18514585525965782, -0.6680355192116035, 0.5692275299857277, -0.7613403985674322, 0.5309456582004262, -0.492895993360964, 0.7435026675768274, 0.030925154065202534, -0.06767555352264701]], "inverted": true, "swapped": true, "error_lsq": 0.04381376004042847, "error_max": 0.23615393994972209, "target": "724.xyz", "model": "16.xyz", "model_rescale": 3.795458400668931, "target_rescale": 3.981919910128046},
{"mapping": [6, 8, 7, 5, 10, 11, 9, 1, 0, 4, 0, 2, 12], "R": [[0.8037115762011542, -0.2098005280770866, 0.5568046701481879], [0.4592661249180191, -0.3762390693979627, -0.8046855219036453], [0.37831511836436454, 0.9024565923506409, -0.20603341995857435]], "T": [0.09629072513162291, -0.003911018730333282, -0.09273291519427102], "aligned_model": [[-0.5259907321335517, 0.002291289188325371, 0.5304078159726855, -0.5510198081003425, 0.1550824994842211, 0.5656008170849753, -0.34811677619689013, -0.46734071613692957, -0.06649506002941664, 0.6651242063077718, -0.06649506002941664, 0.16744557992183456, 0.1534790705030569], [-0.05255616372469307, -0.4912779407362248, 0.18733744396465668, -0.11255212994710595, -0.30716141640861583, -0.6597941103904604, -0.7368392140738166, 0.5119762218145396, 0.5500427460311097, 0.12774177454788127, 0.5500427460311097, 0.31901621255718815, -0.03383657702897748], [-0.3530697908768886, -0.5524332107038334, -0.5468706217354167, 0.32170982698534734, 0.5732148204641387, -0.1627741665258934, 0.15879066673813264, 0.26917393123222527, -0.22557267627669975, 0.18038208091422092, -0.22557267627669975, 0.5335280802810387, 0.06297026293521837]], "inverted": false, "swapped": false, "error_lsq": 0.05552770044322004, "error_max": 0.40465662576306655, "target": "724.xyz", "model": "17.xyz", "model_rescale": 3.7474275329858107, "target_rescale": 3.981919910128046},
{"mapping": [10, 12, 9, 3, 1, 7, 11, 8, 4, 2, 6, 0, 13], "R": [[0.8704981124965421, 0.4625917294299185, 0.1680533486812883], [0.451371254817656, -0.8864757444947031, 0.10210163929583435], [0.1962065912865627, -0.013024833419244385, -0.9804760717376577]], "T": [-0.019861797598012394, -0.05588575233004097, -0.025695246539628496], "aligned_model": [[-0.6475963942516456, 0.004952246757248879, 0.37360004160612853, -0.4962536741533122, 0.13105442125975023, 0.44800971235181336, -0.22323023535348152, -0.5695515017020222, -0.08853202012332981, 0.6138103521243472, 0.4974001803952633, 0.12005194055188088, 0.050258056373681845], [-0.24521925780453194, -0.4055133004335241, 0.12892928302952042, -0.20838844428118034, -0.3018300936267391, -0.6340904310367182, -0.7376522828770877, 0.38068786325711973, 0.7359109190174484, 0.09264926351627412, 0.49551167118372647, 0.5453207069844255, 0.005823695707857547], [-0.2414299686691406, -0.6862872266024971, -0.5343752536671093, 0.43297990016990273, 0.6029971207430399, -0.14483752172050351, 0.09909392829856455, 0.12954379041274405, -0.26562909951157765, 0.2575531948390678, -0.17866497859533528, 0.5383236626614326, 0.024208978796301867]], "inverted": false, "swapped": false, "error_lsq": 0.05001479786952096, "error_max": 0.31687211118648534, "target": "724.xyz", "model": "18.xyz", "model_rescale": 3.922800546911778, "target_rescale": 3.981919910128046},
{"mapping": [3, 9, 11, 0, 1, 10, 2, 5, 12, 6, 13, 8, 14], "R": [[0.3657931883136563, -0.8982814677745412, 0.24348664857882102], [-0.6282114054591443, -0.045279262135508314, 0.7767240298017766], [-0.6866919057585993, -0.43708144901526114, -0.5808735090295849]], "T": [0.07491789388284963, 0.05878058864026317, 0.01778943956388937], "aligned_model": [[-0.49863703415250604, -0.04528164663013891, 0.47307723277035274, -0.6865686921767392, -0.009801102257393654, 0.5967550108858274, -0.07215511710063256, -0.4587334167622096, -0.37571552647547213, 0.5806712659135906, 0.3896476650763691, 0.27698607719625623, 0.04372840954901911], [-0.009166257465151775, -0.5352912113169592, -0.000393278187954621, -0.20376682417264927, -0.2917808609124385, -0.5326154114279905, -0.6409477785449783, 0.4068609510006006, 0.6542007902079453, -0.10760919054159765, 0.5603003937712068, 0.4947000781828046, 0.05764819204375344], [-0.25710547529593564, -0.5256937274901017, -0.5697573305830221, 0.2406115007549591, 0.6642508736157158, -0.15114084689948257, -0.02555458406469116, 0.4380156407598904, -0.2292294839779607, 0.45630482125130334, -0.33040131707114917, 0.396647331062811, -0.07347087490744633]], "inverted": false, "swapped": false, "error_lsq": 0.046025125195189524, "error_max": 0.2901777920717056, "target": "724.xyz", "model": "19.xyz", "model_rescale": 3.9282355846067225, "target_rescale": 3.981919910128046},
{"mapping": [7, 5, 3, 12, 10, 1, 2, 9, 8, 0, 4, 11, 13], "R": [[0.802029440362882, 0.5368684588569466, 0.26176522816403563], [0.5968584675675759, -0.7369390734553297, -0.3173023348601227], [0.022555409197962548, 0.4107226069981631, -0.911481318303642]], "T": [-0.07344746918368841, 0.045375975622092925, -0.12315102186950763], "aligned_model": [[-0.6096150400981611, 0.052800122404744826, 0.5662147755354012, -0.731735242470603, -0.026471624311828645, 0.4711180414842858, -0.08939383455156583, -0.43285773104260883, -0.25991305253663, 0.6677526335390501, 0.33884866940808867, 0.2303836638746307, 0.0368417446015189], [-0.2564285808630566, -0.42670279987108417, -0.006966645388102814, -0.021748466176616237, -0.3484950414898836, -0.4679975013018862, -0.7684832944798307, 0.45090411408283637, 0.7727694981777683, 0.06200996424048465, 0.5198014195744607, 0.39221450659997115, -0.04873758046846984], [-0.22080409127389858, -0.6220431220230124, -0.5161491539875568, 0.4106521835552378, 0.6416321113579566, -0.08577624309389748, 0.0037150975658888363, 0.3067280516207602, -0.24460401152838426, 0.17775212923277597, -0.18872721551263588, 0.4252583574627208, -0.054157566221064365]], "inverted": true, "swapped": false, "error_lsq": 0.04856139721961701, "error_max": 0.2910668289995115, "target": "724.xyz", "model": "20.xyz", "model_rescale": 4.067790424073018, "target_rescale": 3.981919910128046},
{"mapping": [6, 13, 5, 3, 12, 10, 11, 2, 4, 9, 8, 0, 14], "R": [[-0.4090139626554432, -0.9125123242952856, 0.005369949916652461], [0.42820454656472445, -0.18673023517846676, 0.884179102654826], [-0.8058215960460422, 0.36394103544311973, 0.46711719949751307]], "T": [0.06766848672800134, 0.04186575644953583, -0.025680838075708944], "aligned_model": [[-0.6086636756183493, 0.2162725234075416, 0.19024434386869798, -0.5507597542392473, 0.15371177134256092, 0.5283953180583508, -0.1771442757643748, -0.49095932135866877, -0.26307278157645414, 0.7110730234353101, 0.33647060890899577, 0.058862858110751995, 0.10954248726120772], [-0.014719584449290515, -0.4362923626893671, 0.21053180018738762, -0.16351545373646892, -0.42074191871301975, -0.6314798669655326, -0.5532854618630719, 0.48068348498610214, 0.6509512088584015, -0.25642915851446935, 0.5256224709630766, 0.4840775672022277, -0.023263132629384564], [-0.3205194516707482, -0.5149713023822294, -0.5779425928568368, 0.5212287393934617, 0.5789715901432809, -0.10066936969046344, 0.036721026007170456, 0.19589511886281577, -0.42829432498409153, 0.2922824386088174, -0.1631317638605572, 0.5300431985255878, -0.01613677894131726]], "inverted": true, "swapped": false, "error_lsq": 0.046838397006284525, "error_max": 0.3003513165102279, "target": "724.xyz", "model": "21.xyz", "model_rescale": 4.186013935880536, "target_rescale": 3.981919910128046},
{"mapping": [11, 3, 5, 10, 7, 6, 4, 9, 8, 0, 2, 1, 12], "R": [[-0.15382179804372326, 0.6038674587635996, 0.782101621717401], [-0.20996144152161134, -0.7934215156609087, 0.5713129541332963], [0.9655335558750733, -0.07633079806172068, 0.24883440627553466]], "T": [-0.000389306569558389, 0.021560605085488606, 0.011719240038532341], "aligned_model": [[-0.4507642909060714, 0.2146239973589858, 0.44494711096828865, -0.6199984747126448, 0.031440759668581855, 0.303319400220073, -0.3141418144438295, -0.42177160318492707, -0.3406180392307861, 0.708625468324229, 0.32951582796612366, 0.33436973464945063, -0.005574950841150689], [-0.04889517255738892, -0.596194495193074, 0.12295308018850551, -0.24511543130289407, -0.32107526491082095, -0.4446870065706053, -0.6326863989867261, 0.377765436643726, 0.6362094528156753, 0.06256825062228841, 0.6353016281667083, 0.3210752531858718, -0.015079739464675002], [-0.42550419894030655, -0.6398070986079899, -0.6127275690027956, 0.5029094302979472, 0.6597248321100829, 0.02678692275196503, 0.0454293310144226, 0.2963344861376429, -0.2950695051254724, 0.14364673147307633, -0.2416259033118048, 0.5890844587933336, -0.015705390435211297]], "inverted": true, "swapped": false, "error_lsq": 0.05020941537762262, "error_max": 0.40430496597513327, "target": "724.xyz", "model": "22.xyz", "model_rescale": 4.166573947596378, "target_rescale": 3.981919910128046},
{"mapping": [12, 3, 2, 14, 10, 8, 9, 13, 6, 0, 1, 5, 15], "R": [[0.7552620032144547, 0.4625049862457714, 0.46440116730935177], [0.1796829471960523, -0.827514638988957, 0.5319149939096636], [0.6303121012541568, -0.3182902134165856, -0.7080946229535955]], "T": [0.009721524306468502, -0.11400608770602857, -0.08001034432306177], "aligned_model": [[-0.592868184212291, 0.18023891296736594, 0.1960566194264205, -0.674242792805958, -0.1388072555326394, 0.5579340192653839, -0.1848667511719902, -0.3085167570558278, -0.16165058140036598, 0.7516552561206103, 0.4102420879905767, 0.13832427721491802, 0.040474275030120105], [0.04050361191512519, -0.4473956687654529, 0.1655231867538511, -0.2146395024959759, -0.23998621851087543, -0.6778722222078588, -0.6817749383435, 0.23568956785874887, 0.5753320345521405, 0.13539397799632216, 0.46207696013731636, 0.5516499810079485, -0.05236117726119878], [-0.2859077730089838, -0.5503313617370771, -0.6630642494087439, 0.3047538587479785, 0.6431835724834738, 0.10866181301360402, -0.06507375923079918, 0.6223075919781815, -0.3530528072368936, 0.15256159650819834, -0.20575079493792242, 0.4010565027262513, -0.07586766274237697]], "inverted": true, "swapped": false, "error_lsq": 0.05044331325495731, "error_max": 0.35318154068709157, "target": "724.xyz", "model": "23.xyz", "model_rescale": 4.274766983524099, "target_rescale": 3.981919910128046},
{"mapping": [2, 0, 8, 10, 7, 11, 9, 4, 6, 3, 12], "R": [[0.1009963279826896, 0.9327728396807595, 0.34602683608053497], [0.985862704774429, -0.14057087190479828, 0.09118419439119954], [0.13369543398658107, 0.3319256837393232, -0.9337830965515079]], "T": [0.05182551195866027, 0.02945202453194997, -0.006813744701021765], "aligned_model": [[0.19184996218821804, 0.20567197371663504, -0.43733562335406606, -0.44333932478193816, -0.4797552947307291, -0.5484718873668429, -0.07425083017435573, 0.08161007035164956, 0.6815397002029617, 0.18298859538950302, 0.019387362517038938], [-0.21384224599421886, 0.5995911037022754, 0.4015677796154837, -0.2052195179199695, 0.5383740385816919, -0.156295969755084, -0.5759680526814125, -0.04521659599845195, 0.05334032894809128, 0.5607246141185955, -0.0414689513735176], [-0.6109702616203091, -0.23246067249858426, -0.57328456790794, -0.3632098245570224, 0.30000920552376625, 0.34085977492610925, 0.08832899801781198, 0.653342988575608, 0.3323850170696352, 0.4738216563827079, -0.02925587989020535]], "inverted": true, "swapped": true, "error_lsq": 0.04146511929106317, "error_max": 0.1942842459445298, "target": "724.xyz", "model": "24.xyz", "model_rescale": 3.7841303162186577, "target_rescale": 3.981919910128046},
{"mapping": [13, 7, 6, 14, 9, 0, 10, 12, 3, 8, 4, 2, 15], "R": [[-0.009235273234859787, -0.6131609324930224, -0.7899040325207642], [-0.14981537731954447, -0.780173276709858, 0.6073590462209365], [-0.9886708564769571, 0.12394889742184223, -0.08465582307809455]], "T": [0.0755151053117269, -0.06433039459571785, -0.02080835039741244], "aligned_model": [[-0.6666542158626928, 0.19018982037884263, 0.21885359457978898, -0.5861448608770714, -0.113803593884682, 0.6406423836809234, -0.18202580658063283, -0.4328133189731873, -0.20642099970862038, 0.5551164447521205, 0.4463651637085972, 0.2727781698580768, 0.07789034476486013], [0.11981687035151056, -0.5296610682121695, 0.1979380600148626, -0.2547626294920514, -0.13210216462054827, -0.5189701646896255, -0.7929092047008336, 0.3553337325526379, 0.5661002614642964, -0.09311327712512588, 0.5660186593343264, 0.3998292870398348, -0.03137876928052351], [-0.18595822412124172, -0.46026555424801974, -0.6786045098978738, 0.3731975066224893, 0.5284694717002986, -0.14435505429345574, 0.06919554643302495, 0.3542331671402602, -0.4356228971756647, 0.32359241109875725, -0.16857386482784725, 0.5399376716455322, -0.08176914292136919]], "inverted": false, "swapped": false, "error_lsq": 0.04077248062130149, "error_max": 0.2069447346697325, "target": "724.xyz", "model": "25.xyz", "model_rescale": 4.19342608120988, "target_rescale": 3.981919910128046},
{"mapping": [4, 9, 11, 0, 7, 6, 8, 1, 10, 5, 2, 12], "R": [[-0.953088677758777, -0.26388509146306816, 0.14827889543543993], [0.16436734462753597, -0.03984246999384844, 0.9855942134595159], [-0.2541758217221276, 0.9637308940198592, 0.08134749881565972]], "T": [-0.10354323844667335, -0.014371699619740162, -0.06057690932105511], "aligned_model": [[-0.2791813687844172, 0.43774447505458414, 0.1134364626311784, -0.5754200478680973, -0.509688134696948, -0.42798446780432664, -0.09172881692818848, -0.021356299889280658, 0.37519633657835866, 0.3143711258600076, 0.28553853610143465, -0.023119245622524737], [-0.6258408701284747, -0.29741147734144135, -0.5715195388239488, 0.38744753070045673, -0.33337084339496437, -0.11561727667458271, 0.4410719265404832, 0.5463459494254505, 0.09139097336830897, -0.005735826042421175, 0.5185887030177803, -0.02257282290566625], [0.13313972907087948, 0.07498470349971179, -0.45837366126704904, -0.18514585525965782, -0.6680355192116035, 0.5692275299857277, -0.7613403985674322, 0.5309456582004262, -0.492895993360964, 0.7435026675768274, 0.030925154065202534, -0.06767555352264701]], "inverted": true, "swapped": true, "error_lsq": 0.04381376004042847, "error_max": 0.23615393994972209, "target": "724.xyz", "model": "26.xyz", "model_rescale": 3.795458400668931, "target_rescale": 3.981919910128046},
{"mapping": [0, 6, 1, 7, 10, 8, 5, 3, 2, 11, 9, 4, 12], "R": [[0.35400509503498934, 0.6630756973074349, 0.6595536462862804], [0.7022864255507818, 0.2772610726390278, -0.6556829066600429], [-0.6176359519784894, 0.6953106623943828, -0.3675172289625484]], "T": [0.1325713224340849, 0.04189795409251876, -0.03224899283227845], "aligned_model": [[-0.610644064133172, -0.03822219198919588, 0.21241829970061146, -0.5322819605657337, 0.02599677500296904, 0.5851902202682585, -0.008976007121317936, -0.44504261740335216, -0.1575016086170201, 0.7196143789466698, 0.22397866946019387, 0.24008098953909232, -0.0006377572516808039], [0.18682889522240106, -0.6105901544837729, 0.010406329418043564, -0.2869514723487758, -0.21166342866927032, -0.48689634604820453, -0.6843101143745235, 0.4144452358685342, 0.7144198663092539, 0.01649007249748674, 0.45949048964771155, 0.37952300472307177, -0.049052785125365136], [-0.37561338173392905, -0.5079335556187372, -0.6178989807499681, 0.29946815391026027, 0.6250446398167945, -0.24734067460596576, 0.10720229855412844, 0.23728248620984238, -0.5205182691122523, 0.37556160179045744, -0.07268982954026301, 0.7249261383641129, 0.005985899870409837]], "inverted": false, "swapped": false, "error_lsq": 0.04603406480652324, "error_max": 0.2249661248684778, "target": "724.xyz", "model": "27.xyz", "model_rescale": 3.6321398670334006, "target_rescale": 3.981919910128046},
{"mapping": [1, 0, 3, 13, 9, 10, 11, 6, 4, 8, 7, 12, 14], "R": [[-0.07284013779503401, 0.8817910346003479, 0.4659816365742842], [0.7350478937201421, -0.26832579504231363, 0.622660310002567], [0.6740911720706503, 0.3878734832562779, -0.6286137547994466]], "T": [0.04151781640981898, -0.06742778367536414, -0.05628143088131793], "aligned_model": [[-0.4541741055373839, 0.25974667263441426, 0.26976130263159326, -0.6692718959996679, -0.00927791899023482, 0.48967139413451094, -0.2009599821332781, -0.3704188790450045, -0.3909194167680083, 0.5447174882044217, 0.38396098397684464, 0.3833665680880113, -0.022229085359895553], [0.09456444231712594, -0.5119555990162898, 0.13280307136230043, -0.24751197434395625, -0.29373934714766825, -0.6603315572592833, -0.6527439779752687, 0.33989545357896644, 0.6274132440107789, 0.03247971689695894, 0.614866074925105, 0.44745762767647057, -0.07105758238864954], [-0.4749880505813061, -0.4359956417280746, -0.672213728825231, 0.30264056749455037, 0.5704362334015056, 0.1723998299143876, 0.04924253001232262, 0.4616986618550521, -0.18535984876982797, 0.005671756524644966, -0.19079965086136907, 0.4928471287593758, -0.062103260041140015]], "inverted": false, "swapped": false, "error_lsq": 0.05125093708360711, "error_max": 0.32788948912065435, "target": "724.xyz", "model": "28.xyz", "model_rescale": 4.156811204709835, "target_rescale": 3.981919910128046},
