[{"mapping": [3, 4, 5, 8, 6, 1, 11, 2, 9, 7, 0, 12, 10, 13], "R": [[0.6427496194974001, 0.14472571626408517, -0.7522814590881493], [0.38108955173627856, 0.7914633093761443, 0.47786670052306834], [0.6645627737041773, -0.5938352439550967, 0.4535592826118778]], "T": [0.12053748105253374, -0.18241907868533952, 0.03183233418404712], "aligned_model": [[-0.02590359545093808, -0.7283734627376655, 0.6324331430427582, -0.09300118710172207, -0.23005855195885633, 0.4905843413518331, 0.42776838455797167, -0.5447903139212065, -0.2421484789169287, -0.34273850432484626, -0.10220078454833038, 0.38603932058183316, 0.3494837486866206, 0.057712945380250416], [-0.6441660761101256, 0.03719371811408162, -0.2900207363590168, 0.3181117471773128, -0.36660418593902655, -0.5440781387524372, 0.3863870266768022, -0.5561861742466658, 0.18656922067949228, 0.4137858240146241, -0.5380490089515244, -0.013185539418961528, 0.7336210566932195, -0.03229595126527973], [-0.1644965411232574, -0.34833165096742597, -0.5147808516641027, -0.528925422059108, -0.6221589135328296, 0.28739477054155654, -0.23109470375093788, 0.12614738558484306, 0.5505323449196409, -0.004355479298024996, 0.6793873143336974, 0.5176189029233846, 0.38380250558167744, 0.02434991568588054]], "inverted": false, "swapped": false, "error_lsq": 0.0480501493354704, "error_max": 0.2723276010951519, "target": "725.xyz", "model": "0.xyz", "model_rescale": 3.8414455957264533, "target_rescale": 4.17758441154921},
{"mapping": [4, 11, 7, 13, 0, 2, 9, 3, 10, 12, 5, 6, 8, 14], "R": [[-0.3726245950074867, 0.4087073612451726, -0.8331321648211133], [-0.5458790344456318, -0.822566397965109, -0.1593756590305152], [-0.7504445288948488, 0.3954020912978512, 0.5296132506358526]], "T": [0.009490445526151652, -0.09449973391137843, -0.013758293186410975], "aligned_model": [[0.022663211374225542, -0.6854082136797268, 0.44762140027067576, 0.025842549428932673, -0.12299028877998432, 0.5056572525344841, 0.600135482364222, -0.4527084680444567, -0.28648362996016674, -0.482871022371233, -0.01954289527684709, 0.4557556305448425, 0.10364483933543658, -0.07650884309963096], [-0.6259464915195352, 0.2351205816127399, -0.2977137393972797, 0.45344534623258115, -0.33407245849257416, -0.5702261924394546, 0.19387020741519984, -0.6777588813029574, 0.1029309304406243, 0.477071604639309, -0.4012300078508808, -0.021856028731620195, 0.6689090379416854, -0.1114611262353428], [-0.12868460399416226, -0.3808164672646174, -0.43766905809354273, -0.5375290431174397, -0.6850042497340959, 0.25477022280010664, -0.19676347724222307, 0.23028640214264923, 0.5708798682638453, 0.1010281770284237, 0.5688190743394038, 0.6231070383567909, 0.1669193055489445, 0.0057463881409105105]], "inverted": true, "swapped": false, "error_lsq": 0.042723012794481804, "error_max": 0.2913377084131148, "target": "725.xyz", "model": "1.xyz", "model_rescale": 4.316132596720782, "target_rescale": 4.17758441154921},
{"mapping": [7, 0, 10, 9, 8, 1, 12, 3, 5, 4, 6, 13], "R": [[-0.7885438555083679, 0.559354773597021, 0.25557939117664413], [-0.45937521419426697, -0.8120535288483439, 0.3599214898681707], [0.4088679499838182, 0.16640704173555204, 0.8972935394489657]], "T": [-0.017570769530728923, 0.0665679100851897, -0.07445054200426612], "aligned_model": [[-0.18848550407009573, 0.42194666872505243, 0.022924872412909827, -0.6133957015467584, -0.49829532408113186, -0.3900491379691761, -0.1789115078772649, -0.21750213485675504, 0.6204169215505475, 0.22037691178985247, 0.4265140004478143, -0.02773150989321401], [-0.6988962425090203, -0.38125888018519205, -0.5548622719549596, 0.22213241169492265, -0.26629395265654254, -0.12804615897680655, 0.6379119187207032, 0.6705354842528233, -0.09199412383361066, -0.046171229562582516, 0.6010617080147322, 0.04865776473651347], [0.06733652047644564, 0.07129486509901531, -0.5391677884847208, -0.09800469698481999, -0.37712634262828704, 0.47938646046876054, -0.5524948192397475, 0.2875028414938675, -0.43329073466731005, 0.7181308047722261, -0.10832233026390148, -0.06598631883210739]], "inverted": true, "swapped": true, "error_lsq": 0.046309700443346265, "error_max": 0.2859416064750325, "target": "725.xyz", "model": "2.xyz", "model_rescale": 3.795458400668931, "target_rescale": 4.17758441154921},
{"mapping": [3, 1, 4, 10, 6, 5, 7, 12, 8, 11, 2, 13], "R": [[-0.3094841775621888, -0.553118255831758, -0.7734854484114679], [-0.926877772792625, 0.3571683993857293, 0.11544838146643466], [0.21240795216196331, 0.7526559171001515, -0.623210985391377]], "T": [0.06695422025706607, -0.04012588303318667, 0.010914221717963447], "aligned_model": [[-0.02178067244047613, -0.4014182573864491, -0.7542435553299587, 0.2859463140754407, 0.1483197198867325, 0.17700789727054903, -0.2570296794864676, 0.7244619306816227, 0.36546588104254396, 0.7481707318948341, -0.4778939260454169, 0.056297441580610924], [-0.20317474072222316, -0.551872278874359, -0.002796410383876534, -0.011067849163200867, 0.4883513532819408, 0.6218300691339741, -0.3705664618505155, 0.009487519794297836, -0.4953594139708366, 0.14261085855350417, 0.5132115776122284, -0.054885178121224044], [-0.6971117821385812, -0.0348355834115363, -0.13658197401279423, 0.7558810537688347, -0.4342078594672854, 0.34353863755121944, 0.6598319692439376, -0.37146420607789393, 0.38126402661072495, 0.3729120262097346, -0.17418523378717835, 0.023730356149918277]], "inverted": true, "swapped": true, "error_lsq": 0.04720388392740126, "error_max": 0.2575164081114105, "target": "725.xyz", "model": "3.xyz", "model_rescale": 3.7530521520055578, "target_rescale": 4.17758441154921},
{"mapping": [5, 4, 7, 1, 10, 3, 11, 6, 12, 9, 13], "R": [[0.9426635800238268, 0.06159218652926886, -0.3280118556625754], [0.2637865530158211, -0.7395894219549903, 0.619212517137949], [-0.2044554458670492, -0.6702342049543781, -0.7134312028251071]], "T": [-0.07147756624839247, -0.03314365119660246, -0.01429921285785503], "aligned_model": [[-0.5182741236798876, -0.11200378468409947, 0.5385079249016782, 0.39690758239315027, 0.2228697757942127, -0.23935647035231797, -0.11988926714536466, -0.7482322585240855, -0.33547229245123916, 0.30494168867412835, -0.051799172480970344], [-0.6340844793249935, 0.20571532490912015, -0.41488127549642956, 0.302097040689056, -0.7394587314214823, 0.6792638604416804, -0.5371615138440601, 0.11810729063404196, 0.1845368664059719, 0.3395075600721532, -0.036438584750712016], [-0.02769524950544823, -0.8135603836058316, -0.3570015228247919, -0.40363098291497107, 0.12081606023379525, -0.007098919042554013, 0.5957117413544962, 0.04198968542700009, 0.666812465095809, 0.3006644060782724, -0.02417652305045992]], "inverted": true, "swapped": true, "error_lsq": 0.045442653629563436, "error_max": 0.26140395211515044, "target": "725.xyz", "model": "4.xyz", "model_rescale": 3.7855080009869324, "target_rescale": 4.17758441154921},
{"mapping": [7, 13, 10, 14, 8, 5, 9, 6, 1, 12, 4, 0, 2, 16], "R": [[0.2532086763735612, 0.12840483322558993, -0.9588522122900158], [0.5621736178854225, -0.826153962384525, 0.037821340404114334], [-0.7873031116176058, -0.548618108742919, -0.2813751609445626]], "T": [-0.031402067627821384, -0.04163422199191566, -0.050854566472379396], "aligned_model": [[0.0931073270182305, -0.6561850374899098, 0.46279904536840316, -0.034410949298931556, -0.20312120254499583, 0.5909002085378691, 0.5015459237641734, -0.49025356116440655, -0.22608128874577632, -0.48800674754888734, -0.11299384487124339, 0.29866192609187925, 0.31518428606066695, -0.016339080536297988], [-0.7782756030258108, 0.017451810942485838, -0.3808751560257069, 0.5798108853382511, -0.40094354989911185, -0.4450939510489357, 0.3063387006004912, -0.49564978350479083, 0.1843218255015872, 0.4496756425888295, -0.4797530950372889, -0.036481533015652406, 0.5639601586495027, 0.00659643024864439], [0.0059464746207040994, -0.41282517323179846, -0.4651553300046934, -0.318238791398526, -0.63112969048322, 0.27328023376903277, -0.3699083281846956, 0.04611060691660759, 0.6449527376394631, 0.06400206698857314, 0.5393957353768106, 0.6559021760965392, 0.19187786471708168, -0.06912100564688511]], "inverted": false, "swapped": false, "error_lsq": 0.038772583876624876, "error_max": 0.26187944573867156, "target": "725.xyz", "model": "5.xyz", "model_rescale": 4.2253639853439635, "target_rescale": 4.17758441154921},
{"mapping": [2, 1, 3, 0, 4, 6, 7, 10, 8, 9, 5, 11, 12, 13], "R": [[0.47616252777402024, -0.5160329995670081, 0.7120247120021411], [0.836197522575248, 0.5162685872424699, -0.18504174952070207], [-0.272108343096777, 0.6835032473840493, 0.6773332713167028]], "T": [-0.054672544663704484, -0.06056937339320066, 0.022624962911179207], "aligned_model": [[0.05958860868386008, -0.7037223269858383, 0.4344909328770623, -0.016366443145983192, -0.22265157080895326, 0.5465773842910927, 0.6143475312009333, -0.5786484942152836, -0.5716303948876122, -0.3359835205893987, -0.03272129545430032, 0.31822247128481373, 0.5370756042679656, -0.013771481877584826], [-0.7169254253103107, -0.009979262479819909, -0.2561308786375322, 0.4864342474051099, -0.3940335732376295, -0.2640135047904981, 0.25899898269862476, -0.6195435678790182, 0.05359259010346534, 0.47856830217041035, -0.4961512834886221, 0.051674336099900756, 0.6013277653499904, -0.082735945691576], [-0.05682775249050508, -0.3163157438556969, -0.45222686935351486, -0.5625094923609846, -0.5786203999848141, 0.12667772094747437, -0.25965046978134937, 0.16928623448480068, 0.5379758169719374, 0.0754561004815856, 0.4814580575179827, 0.6963492726797753, 0.3108437520775872, -0.016806650159284578]], "inverted": false, "swapped": false, "error_lsq": 0.03532872220078327, "error_max": 0.21398348405360273, "target": "725.xyz", "model": "6.xyz", "model_rescale": 3.89814844738969, "target_rescale": 4.17758441154921},
{"mapping": [1, 4, 3, 7, 9, 2, 0, 8, 10, 5, 6, 11, 13], "R": [[0.31518036860373244, -0.9473141727275634, 0.057071826642467974], [-0.8592272555344347, -0.2593039492403657, 0.4410101872464097], [-0.40297625065700693, -0.1880354223486692, -0.8956856710635595]], "T": [0.03927122949725004, 0.12075134998604989, 0.008432577316229418], "aligned_model": [[0.2106778722629871, -0.19741676141836972, 0.5896808081362626, -0.32074091661039117, 0.5941958153002992, -0.388075121187583, -0.5820355603816113, 0.18496837790243778, -0.40292585712717904, -0.5583721039863224, 0.044067069581888586, -0.06106157094913503, 0.03566974938093886], [-0.26756597598648213, 0.18913869217669058, 0.45364271428070035, -0.5741651200350343, -0.14485745012334453, 0.6219600780545472, 0.06237259850135016, -0.44410442157136265, -0.3284798184566391, 0.41079384929656004, 0.8155923107188086, 0.06893108047920801, 0.10052272813548262], [-0.542184906337408, -0.7895751734586779, -0.34084133902062336, -0.14234255599410675, 0.044113543749337764, -0.44264232087184624, -0.15136708016779093, 0.3137456225400587, 0.4627789003163609, 0.35431448054114717, 0.04329287275110984, 0.7931229950819473, -0.00014000829321298737]], "inverted": true, "swapped": true, "error_lsq": 0.04499680501373046, "error_max": 0.24978652411442803, "target": "725.xyz", "model": "7.xyz", "model_rescale": 3.7474275329858107, "target_rescale": 4.17758441154921},
{"mapping": [7, 8, 11, 4, 9, 10, 12, 5, 3, 2, 6, 0, 1, 14], "R": [[-0.20922176006680965, 0.9778539193357831, -0.005288435893043009], [0.740324746877377, 0.1548621047414483, -0.6541689366486281], [-0.6388626802963955, -0.1407815362705535, -0.756329977436971]], "T": [0.0903872797311886, 0.0019699637623897953, -0.046638086907450804], "aligned_model": [[0.08276654711990161, -0.5528519318926457, 0.3715952472929955, -0.28709139516925536, -0.20281828609240427, 0.6245165862435746, 0.6587425849418191, -0.43881120621819775, -0.42416936254722976, -0.3472787542694909, -0.03807091601119578, 0.22637792927220907, 0.2764287572198376, 0.08547120475085551], [-0.6788573876210934, 0.08615753969973898, -0.35934328738443966, 0.4957300621887141, -0.4908722425685923, -0.47974563514056556, 0.14463065004239406, -0.4695163013539804, -0.020353182924448862, 0.7060879496300927, -0.5299700945723006, 0.02160982859577039, 0.6069011099022017, 0.05862377381900318], [-0.06377500514369938, -0.25727066877423155, -0.4671791302258564, -0.521966037950683, -0.5481134062575415, 0.19402625483520755, -0.23967382046060656, 0.05666306651002517, 0.45222830401678277, 0.09915560468986007, 0.5595602013475081, 0.5978260754582307, 0.3586379882976701, -0.0650298491676724]], "inverted": false, "swapped": false, "error_lsq": 0.04246897352790206, "error_max": 0.26481480415912423, "target": "725.xyz", "model": "8.xyz", "model_rescale": 4.019505241142653, "target_rescale": 4.17758441154921},
{"mapping": [8, 1, 0, 10, 11, 5, 2, 9, 12, 3, 4, 6, 13], "R": [[0.9214450127073532, -0.18494807988801404, 0.34166254740969604], [0.2482362171186267, -0.3962214593937227, -0.883961161831527], [0.29886095273116564, 0.8993346222967543, -0.3191854759712206]], "T": [-0.020603639420409214, -0.0965666509143614, 0.024230148786972584], "aligned_model": [[-0.23011499046980152, -0.6878747940154764, 0.1435015511267247, 0.21942719939858063, 0.501551181167126, 0.6636028931579567, 0.19413225400192138, -0.4244154264699363, 0.2572845170800297, -0.3146157756091285, -0.3779927718625352, 0.4115773778025823, -0.03636244356686749], [-0.6718855055780382, 0.06191989019871624, 0.24713464252752898, -0.49121978077052364, -0.6832958214149927, 0.02447576677528665, 0.6721330120594731, -0.48052308896628687, -0.4994303907333867, 0.1157386155118367, 0.6445217210515335, 0.2224775377105186, -0.09866837025760736], [-0.21788339182755953, -0.08970588006747307, -0.4952937136374196, -0.6005991005714769, -0.08344662090525484, -0.2553170750215811, 0.007113474720587633, 0.2874334092306532, 0.608584596590113, 0.6600311954472143, -0.11921125688657427, 0.46635295418015765, 0.00864490279249285]], "inverted": false, "swapped": true, "error_lsq": 0.05680485188837054, "error_max": 0.3570365565686638, "target": "725.xyz", "model": "9.xyz", "model_rescale": 3.877068213659057, "target_rescale": 4.17758441154921},
{"mapping": [11, 6, 9, 13, 10, 8, 2, 12, 5, 3, 0, 1, 4, 15], "R": [[0.9869266239819763, -0.09749096766746118, 0.12834075774593623], [0.1491732276901167, 0.8540244775357, -0.4983869379411819], [-0.06101792372780027, 0.5110163431761621, 0.8574025367298673]], "T": [0.029015248196857638, -0.003937132960699773, -0.06796751058295368], "aligned_model": [[-0.0334325528755956, -0.5205381242250712, 0.48406981312197994, -0.06212109366117684, -0.1525294679867624, 0.6292864746985943, 0.5573472585897411, -0.5839501041239237, -0.3017326987015907, -0.3916918868326375, -0.07084651746172402, 0.25739460100146466, 0.21041941924741556, 0.013131883850059898], [-0.7392477904654825, 0.044517483855475166, -0.2750805394925947, 0.5426051307186255, -0.4497376206046556, -0.4486341987059258, 0.29819653221072817, -0.3576966462249598, 0.08168750737938493, 0.42554008672209725, -0.5568610353368463, 0.012936953004493358, 0.5799640150681185, -0.06710709581596305], [-0.059377669792599105, -0.3435538239109752, -0.4617338117499535, -0.6070632508450018, -0.589037775232644, 0.12501412108126692, -0.3324214633115875, 0.17145450039937937, 0.6350756309322894, 0.13529627624842905, 0.4960083945534929, 0.7689702091064046, 0.22227834348056102, -0.005820103784068206]], "inverted": true, "swapped": false, "error_lsq": 0.03748929568403142, "error_max": 0.1970013278668558, "target": "725.xyz", "model": "10.xyz", "model_rescale": 4.260839863003843, "target_rescale": 4.17758441154921},
{"mapping": [4, 1, 9, 3, 12, 6, 2, 0, 8, 11, 5, 13], "R": [[-0.3054554639598719, -0.9494741481649522, -0.07208190829534068], [0.9511277556868678, -0.300631912553591, -0.07054392614840621], [0.04530951223662846, -0.09010713135378637, 0.9949008759570324]], "T": [0.016098035815526674, -0.03817065301409485, 0.013250005335233447], "aligned_model": [[0.46483631491487143, 0.26593987556951043, -0.3137269301706253, -0.4545592827597047, -0.705720352944705, -0.3318478453074301, 0.28374222375083136, 0.5989171181696593, 0.05723695085011675, -0.1663630990697776, 0.22868223952460318, 0.03176143656678039], [-0.058406720563940986, -0.581960381182791, -0.5555467137862632, -0.1933082562170227, 0.06717169007675418, 0.5035320182560935, 0.47716036989055, 0.23543263533141273, -0.47744316143031595, 0.18697377853337765, 0.6233964732234893, -0.05392322659840955], [-0.6908372494517534, -0.34061717707407435, 0.07069533188096433, -0.5254276773812828, 0.2343209112708845, -0.25044315108005755, -0.5345676484580445, -0.007469409639858551, 0.5019759104379491, 0.7511585241301074, 0.2926661649560708, 0.014723547804599797]], "inverted": false, "swapped": true, "error_lsq": 0.04495637871070485, "error_max": 0.258941747657425, "target": "725.xyz", "model": "11.xyz", "model_rescale": 3.890672605050136, "target_rescale": 4.17758441154921},
{"mapping": [12, 11, 5, 6, 9, 7, 8, 10, 2, 1, 4, 3, 0, 13], "R": [[0.08183361037096776, -0.9620689030055785, 0.26024351304748333], [0.021769183892756006, -0.259331576027952, -0.9655429748631088], [0.9964082310209486, 0.08467915649380028, -0.0002785842825299145]], "T": [-0.03443220544159829, 0.025375583291816314, -0.0745941408867255], "aligned_model": [[0.036437372037258, -0.5721088858176456, 0.4288732851141401, -0.07206544057760766, -0.17403847350823526, 0.6023184953969029, 0.6230503801477872, -0.5731389953489431, -0.600964955749082, -0.3143739883153828, -0.11048089449885762, 0.6024938799021525, 0.1239744691813608, 0.03483075667692666], [-0.7159573516909956, -0.009563770500665786, -0.4219946453756523, 0.449176331174757, -0.29027013492025167, -0.5082646711127561, 0.30696142734559473, -0.6506755757380938, -0.07406948676714066, 0.7102810699146843, -0.16462696655959774, 0.12419670068422008, 0.4339886097414145, -0.09809875388302215], [-0.051461280216006544, -0.18615216539240453, -0.5106905554076236, -0.4632263701840591, -0.7722317878871545, 0.11708474198017302, -0.16187018521362262, 0.15407664720086775, 0.34339563714222976, 0.16589569878550986, 0.5956093146159858, 0.5869364363113636, 0.3211801126945447, 0.016543332745190195]], "inverted": false, "swapped": false, "error_lsq": 0.053954348922276525, "error_max": 0.3429766243799309, "target": "725.xyz", "model": "12.xyz", "model_rescale": 4.124412569039231, "target_rescale": 4.17758441154921},
{"mapping": [11, 5, 0, 12, 10, 8, 6, 9, 2, 3, 1, 4, 13], "R": [[-0.731197843313259, -0.6766463447939619, -0.08659929567271193], [0.5449443975898665, -0.5030241389589168, -0.6708221218475567], [0.4103478006148644, -0.5376954897538304, 0.7365448002863997]], "T": [0.11880529615044388, 0.0635671726849279, -0.034770681358151395], "aligned_model": [[-0.1927474242068824, -0.03358233871140601, 0.4953076953934842, -0.5747370559517954, 0.41513329500236557, 0.3396358568860383, -0.43247331300059844, 0.07924136216884096, 0.13373548095886068, -0.1848303258322853, 0.6215609925717717, 0.5610207887715577, 0.14003329345980578], [-0.2814468386470775, 0.4473242432752454, 0.4816068192700518, -0.2524797434548658, -0.16753688395529187, -0.5284968781876989, 0.4843291668503657, -0.46020974848819035, 0.8564644317400398, 0.10494865122558111, -0.02503912525050142, 0.6309956676608823, 0.05702561446993721], [0.6074063170878078, 0.5900853148163951, 0.27900461013835465, -0.0449928968966995, 0.6453455730014293, 0.1501611450224629, -0.09038938639848967, -0.3570359354023116, -0.12639318119059237, -0.6994906341275583, -0.5067196508684427, -0.4590167951736914, -0.036266399040825105]], "inverted": false, "swapped": true, "error_lsq": 0.04088195489420446, "error_max": 0.24442057391618147, "target": "725.xyz", "model": "13.xyz", "model_rescale": 3.9028299243045295, "target_rescale": 4.17758441154921},
{"mapping": [3, 1, 0, 12, 2, 4, 5, 6, 9, 11, 7, 10, 13, 15], "R": [[0.5650623525818249, -0.7608021334056515, 0.31919375228864166], [0.7277796526561079, 0.6418710108798605, 0.24153339846038058], [-0.38864034128542113, 0.09582128780952139, 0.916393455851839]], "T": [0.025342276087550273, -0.039693061346599334, -0.07020540058975255], "aligned_model": [[0.032293335169448226, -0.5855190825241463, 0.4921535189516856, -0.025964619958407025, -0.17020540911614537, 0.5789908046290665, 0.4805494534920813, -0.5120471932749003, -0.45280978019278434, -0.526938654466072, -0.004417926121111634, 0.3724483064758801, 0.3819087248341746, -0.025634473257995904], [-0.663103352213876, 0.034776879500751104, -0.5658889266908761, 0.5952636137681651, -0.2685384826823425, -0.373417209565077, 0.18441234979670343, -0.4177251590481638, -0.06548916312243734, 0.42892515584529656, -0.4554702356844808, 0.07350792004583673, 0.6480797561646432, -0.06425036380164809], [-0.06934676413080032, -0.2787752550943535, -0.5088642476166394, -0.3502730925969153, -0.7421731420036741, 0.1334236091862954, -0.13850638148200434, 0.042544559831241335, 0.5393441287117806, 0.07553213267000936, 0.7340778999339352, 0.579452619855481, 0.11001743624315843, 0.02863607366747911]], "inverted": false, "swapped": false, "error_lsq": 0.03935425381257412, "error_max": 0.2504775346527587, "target": "725.xyz", "model": "14.xyz", "model_rescale": 3.942246331269136, "target_rescale": 4.17758441154921},
{"mapping": [5, 4, 9, 11, 10, 2, 6, 3, 12, 13, 1, 0, 8, 14], "R": [[0.395707734118075, -0.8246911247345969, 0.4041038702402194], [0.4511166450780206, -0.2087278196578357, -0.8677133569528805], [0.799943224043238, 0.5256588685496244, 0.2894366808516824]], "T": [0.011554140957525754, -0.05853797411243143, -0.05416432286422318], "aligned_model": [[0.085578112213553, -0.5016305420570546, 0.5422313942670877, -0.0933555142829915, -0.11259960507934873, 0.5676941512653171, 0.38857161022151504, -0.5318586972969888, -0.46167025066742595, -0.5791275548497685, -0.1868655244686097, 0.4715307244230929, 0.4010672202271158, 0.04524148072528003], [-0.6687839933012767, -0.04627656963262848, -0.41284757566805996, 0.5542856372555368, -0.1732504632803139, -0.4748419268137194, 0.22586854272442936, -0.4842771712059179, 0.08736410061014797, 0.4776375735582362, -0.4676196975262299, -0.024882728394364437, 0.5721024254533342, -0.07339537146667945], [0.10363240058961953, -0.33728111149042245, -0.545090656643205, -0.4113088457730691, -0.7472930325690526, 0.26213810605408244, -0.35376430682437315, 0.14582706139773144, 0.5961029436697687, 0.10249059350802062, 0.616598836322084, 0.5185540634018877, 0.1681264187361521, 0.03635710679576935]], "inverted": true, "swapped": false, "error_lsq": 0.04313529494416816, "error_max": 0.2787433485062353, "target": "725.xyz", "model": "15.xyz", "model_rescale": 4.355366556412066, "target_rescale": 4.17758441154921},
{"mapping": [7, 0, 10, 9, 8, 1, 12, 3, 5, 4, 6, 13], "R": [[-0.7885438555083679, 0.559354773597021, 0.25557939117664413], [-0.45937521419426697, -0.8120535288483439, 0.3599214898681707], [0.4088679499838182, 0.16640704173555204, 0.8972935394489657]], "T": [-0.017570769530728923, 0.0665679100851897, -0.07445054200426612], "aligned_model": [[-0.18848550407009573, 0.42194666872505243, 0.022924872412909827, -0.6133957015467584, -0.49829532408113186, -0.3900491379691761, -0.1789115078772649, -0.21750213485675504, 0.6204169215505475, 0.22037691178985247, 0.4265140004478143, -0.02773150989321401], [-0.6988962425090203, -0.38125888018519205, -0.5548622719549596, 0.22213241169492265, -0.26629395265654254, -0.12804615897680655, 0.6379119187207032, 0.6705354842528233, -0.09199412383361066, -0.046171229562582516, 0.6010617080147322, 0.04865776473651347], [0.06733652047644564, 0.07129486509901531, -0.5391677884847208, -0.09800469698481999, -0.37712634262828704, 0.47938646046876054, -0.5524948192397475, 0.2875028414938675, -0.43329073466731005, 0.7181308047722261, -0.10832233026390148, -0.06598631883210739]], "inverted": true, "swapped": true, "error_lsq": 0.046309700443346265, "error_max": 0.2859416064750325, "target": "725.xyz", "model": "16.xyz", "model_rescale": 3.795458400668931, "target_rescale": 4.17758441154921},
{"mapping": [1, 4, 3, 7, 9, 2, 0, 8, 10, 5, 6, 11, 13], "R": [[0.31518036860373244, -0.9473141727275634, 0.057071826642467974], [-0.8592272555344347, -0.2593039492403657, 0.4410101872464097], [-0.40297625065700693, -0.1880354223486692, -0.8956856710635595]], "T": [0.03927122949725004, 0.12075134998604989, 0.008432577316229418], "aligned_model": [[0.2106778722629871, -0.19741676141836972, 0.5896808081362626, -0.32074091661039117, 0.5941958153002992, -0.388075121187583, -0.5820355603816113, 0.18496837790243778, -0.40292585712717904, -0.5583721039863224, 0.044067069581888586, -0.06106157094913503, 0.03566974938093886], [-0.26756597598648213, 0.18913869217669058, 0.45364271428070035, -0.5741651200350343, -0.14485745012334453, 0.6219600780545472, 0.06237259850135016, -0.44410442157136265, -0.3284798184566391, 0.41079384929656004, 0.8155923107188086, 0.06893108047920801, 0.10052272813548262], [-0.542184906337408, -0.7895751734586779, -0.34084133902062336, -0.14234255599410675, 0.044113543749337764, -0.44264232087184624, -0.15136708016779093, 0.3137456225400587, 0.4627789003163609, 0.35431448054114717, 0.04329287275110984, 0.7931229950819473, -0.00014000829321298737]], "inverted": true, "swapped": true, "error_lsq": 0.04499680501373046, "error_max": 0.24978652411442803, "target": "725.xyz", "model": "17.xyz", "model_rescale": 3.7474275329858107, "target_rescale": 4.17758441154921},
{"mapping": [11, 2, 3, 0, 1, 10, 8, 7, 9, 6, 12, 5, 4, 13], "R": [[-0.7852559485104106, -0.6040076423895956, -0.13619054028814975], [0.5916560288219747, -0.7968251036357613, 0.12252713076894135], [-0.1825273647638252, 0.015637204060218332, 0.9830764156267573]], "T": [0.0013203032819291039, -0.12170023312920952, -0.0056061411337250955], "aligned_model": [[0.08631460241559079, -0.6021627124292405, 0.4396810827192292, -0.04330716321909541, -0.19652489941861084, 0.591277016478312, 0.6142174295545451, -0.5550382751667561, -0.34925022040969567, -0.4145554297698753, -0.07319028444906073, 0.391112909485999, 0.20436239375966825, -0.058129444910235965], [-0.8270532727270514, 0.13237549317522318, -0.3487219015341262, 0.49798809838454716, -0.33499865953523916, -0.4145814410784055, 0.21790458150168945, -0.6143806874032939, 0.12301155758408791, 0.5073663031851102, -0.4664468543259508, 0.021481136521072336, 0.6459698266928154, -0.04883139812798412], [-0.1359507630055819, -0.2796252989689208, -0.471320828936252, -0.5651927312163194, -0.6332043198044177, 0.2008182882543617, -0.16647917711235574, 0.11748075580960213, 0.5091176811832008, 0.15663281537321522, 0.653813954710277, 0.5866613290214422, 0.23663838567314396, -0.05430051380640144]], "inverted": false, "swapped": false, "error_lsq": 0.03196559835687895, "error_max": 0.20076613872828902, "target": "725.xyz", "model": "18.xyz", "model_rescale": 3.922800546911778, "target_rescale": 4.17758441154921},
{"mapping": [11, 2, 4, 1, 10, 13, 8, 9, 3, 0, 7, 12, 5, 14], "R": [[0.5248099765134929, 0.540538128933294, -0.6575659812681924], [0.8218317651025373, -0.12052694384406096, 0.556835528388822], [0.22173641654079973, -0.8326414516326366, -0.5074851471745166]], "T": [0.08680791079607436, -0.003482595235981989, -0.059405143084471784], "aligned_model": [[0.09013518452614266, -0.5944279194990418, 0.4224082721144073, -0.11605207058224631, -0.22421132200639843, 0.5886204873542551, 0.6368504784324067, -0.5982213057089623, -0.2911918049287326, -0.4379181375648063, -0.07355586780650925, 0.34431659795007113, 0.23596804680083974, 0.05208636555934876], [-0.7155724883676984, -0.014405258651372987, -0.45568119536699586, 0.555059012298839, -0.47500109965967613, -0.42634448627544685, 0.23702861867127994, -0.4384363798978173, 0.07390990523582229, 0.5766435008488606, -0.5108051338212334, 0.082216935777427, 0.66527337041416, -0.0628025188936531], [-0.07207503329673187, -0.28060053574404714, -0.5141094014928583, -0.5008370455829785, -0.6351984949706411, 0.1435374742603162, -0.17771906362852674, 0.0061186209849484335, 0.45076723892752246, 0.23480383449747197, 0.5365129044811084, 0.6788081804141088, 0.27682458852786074, 0.00825630979744034]], "inverted": true, "swapped": false, "error_lsq": 0.032977709140330505, "error_max": 0.223142765444446, "target": "725.xyz", "model": "19.xyz", "model_rescale": 3.9282355846067225, "target_rescale": 4.17758441154921},
{"mapping": [4, 9, 0, 10, 11, 3, 1, 8, 7, 7, 6, 5, 2, 13], "R": [[0.3641501421781887, 0.726148121035697, 0.5831840020678992], [-0.8021185324313007, 0.5627370568500885, -0.19983209146169842], [-0.47328694666329146, -0.3950138113585737, 0.787377644433795]], "T": [-0.09497965942005161, -0.09605299510937684, 0.050890539999069374], "aligned_model": [[0.025314896869336287, -0.6956070280160492, 0.447500108097309, -0.029881064991296905, -0.13926142231871924, 0.5536424772949293, 0.6092188932406072, -0.5890102036854877, -0.3687077283779595, -0.3687077283779595, -0.07099151864108984, 0.36005731404938535, 0.27238423169004644, 0.028855777807721916], [-0.6780079203218101, -0.12134712744947906, -0.2826231939376602, 0.5146196553272983, -0.2867872944295814, -0.45962846240727906, 0.1305456304032427, -0.6744423829586291, 0.3268589446670357, 0.3268589446670357, -0.35575444143641577, 0.048961968574391224, 0.6358985243904093, -0.03407006277606281], [-0.1641106918298261, -0.29120856289422015, -0.5068766613854542, -0.5533241867359814, -0.6383283830314661, 0.16689602471406575, -0.06851740635726539, 0.05548580760278383, 0.4173823023058768, 0.4173823023058768, 0.6499095563371793, 0.5604022330269743, 0.1403721301183773, -0.030374887001927385]], "inverted": true, "swapped": false, "error_lsq": 0.04602975555944628, "error_max": 0.3302321400678678, "target": "725.xyz", "model": "20.xyz", "model_rescale": 4.067790424073018, "target_rescale": 4.17758441154921},
{"mapping": [11, 9, 13, 1, 10, 6, 5, 12, 0, 7, 3, 2, 4, 14], "R": [[-0.9335766187737361, -0.20351106068018887, 0.29498804223192265], [-0.3515576886800523, 0.6798779020970289, -0.6435629182683557], [-0.06958367918511857, -0.7045206075204381, -0.7062639911322786]], "T": [0.057860423256439725, -0.02009283027038844, 0.04394592069322445], "aligned_model": [[0.08619755503712272, -0.5978994062602802, 0.3242930749689553, -0.18044458755040096, -0.21112952516677905, 0.6776694356595544, 0.4557817734577214, -0.5312155357241803, -0.34597631867498524, -0.4803410687329871, -0.05719178161898647, 0.23927775482961197, 0.6361193757324948, 0.01966625868391224], [-0.6557828522536238, -0.03689747505925088, -0.24093283311208724, 0.40112237932828904, -0.3516590610956236, -0.32482889790614644, 0.3086101215479835, -0.5095281192332756, 0.22214278818499417, 0.4912504157901675, -0.6166835425885129, 0.03221198919014956, 0.42937753204538404, -0.05731966252595292], [-0.0706291939370734, -0.3728832402043941, -0.5646317985206106, -0.6186954380415834, -0.6553358993030409, 0.3095200533212759, -0.24254856333354308, 0.06531129844708801, 0.5756373918855964, -0.03042608975018629, 0.6394184463229765, 0.763719419236344, 0.3696228649451966, -0.012989673893051695]], "inverted": false, "swapped": false, "error_lsq": 0.04652946227244222, "error_max": 0.3822278883076769, "target": "725.xyz", "model": "21.xyz", "model_rescale": 4.186013935880536, "target_rescale": 4.17758441154921},
{"mapping": [3, 9, 1, 2, 5, 4, 6, 12, 7, 8, 11, 0, 13], "R": [[0.2721336113895881, 0.6813743402801764, 0.679464720173031], [0.7446504042342819, 0.29810521226642445, -0.5971842746534026], [-0.6094580158023858, 0.6684775918662829, -0.4262612299363786]], "T": [-0.0423294438292533, -0.020065089876965227, -0.004714878295882692], "aligned_model": [[-0.07033952594137238, -0.33215899869570975, 0.3774555921796683, 0.5065015084729949, -0.05589961938204871, 0.7487982878479295, -0.1513603770902429, -0.7438964664440911, 0.3498584620550318, -0.3140174118305661, -0.6484593930449156, 0.4230472331319753, -0.030955255835427922], [-0.4539107202524944, 0.2013563462268523, 0.24822974804736317, -0.557178376401051, -0.1937421760387793, -0.2104119038613492, -0.6955090417851604, -0.297262676455585, 0.6637825982577242, 0.5764311543359751, 0.17921972099505215, 0.05942103833872804, -0.0014690518611825236], [-0.5935722783656651, -0.5014379789762046, -0.48963610862704565, 0.21345377102241603, 0.7237002619366247, -0.1928621782757355, 0.12149892607917323, -0.11405998255682726, 0.11272349868235665, -0.06703370355875868, 0.46579878965653254, 0.43354604885631154, -0.009239504537831764]], "inverted": true, "swapped": true, "error_lsq": 0.03987050666061809, "error_max": 0.23844879085837442, "target": "725.xyz", "model": "22.xyz", "model_rescale": 4.166573947596378, "target_rescale": 4.17758441154921},
{"mapping": [9, 12, 10, 5, 14, 8, 7, 11, 2, 6, 3, 4, 0, 15], "R": [[-0.8481423203766655, -0.409537823178337, 0.33605561410640816], [-0.529206680612493, 0.625756594918352, -0.5730348794892826], [0.024390440364879806, -0.663858008389248, -0.7474608023945258]], "T": [-0.0334219766878822, -0.09161740616675733, 0.001412235447661097], "aligned_model": [[0.05241404423543987, -0.6281813169986827, 0.3769329436568087, 0.11905359526796978, -0.21050501650533082, 0.6631488886725398, 0.5407715220897243, -0.5957313333904373, -0.38438494957809227, -0.5760451975026379, -0.09877595842072252, 0.2838183129113639, 0.5248442700218655, -0.03255279981903444], [-0.6840140471431758, -0.20277490649227448, -0.17130941703025904, 0.6287555260358909, -0.39255404678545497, -0.3787880088980153, 0.21791849636687322, -0.601037239724532, 0.1610136511911277, 0.44182799837115744, -0.39311245880622286, 0.04205053488907799, 0.4460503507102947, -0.02294365037199246], [-0.04492957670941129, -0.2501562293162297, -0.6200370833688555, -0.3844323183662294, -0.7085571290761826, 0.2953530707856332, -0.29163895232409565, 0.2168024579953235, 0.5169816097392247, -0.00876973768455715, 0.5174124702554118, 0.6505231609091526, 0.25833234722839526, 0.008205487107414335]], "inverted": false, "swapped": false, "error_lsq": 0.039516195562007195, "error_max": 0.27012452910963036, "target": "725.xyz", "model": "23.xyz", "model_rescale": 4.274766983524099, "target_rescale": 4.17758441154921},
{"mapping": [2, 0, 5, 6, 11, 12, 3, 9, 1, 7, 13], "R": [[-0.6970405762662126, -0.41630162489906575, -0.5838042412871488], [-0.10624035979394464, -0.7452466861172086, 0.6582707366898303], [-0.7091173534679004, 0.5208649862850413, 0.4752391451395439]], "T": [-0.031771907298604365, 0.09513187258233023, 0.09761250521321777], "aligned_model": [[0.20127431949410612, 0.2232444524932064, -0.3827307216297232, -0.3754616661973027, -0.6864572223277458, -0.6805547604870336, 0.048908412372151974, -0.02232227076599784, 0.6041951264604849, 0.46440941515168566, -0.014610380605756621], [-0.07296910644586109, 0.5048752649383872, 0.49342794118098765, -0.29351554997304974, 0.5152639676985993, -0.23816711300747195, -0.629088116975997, -0.1317105617106118, -0.027273514784197123, 0.688912170188329, 0.10583115013436906], [-0.6471929548490136, -0.3290526386239395, -0.43070998041869624, -0.36593116215929855, 0.2504759208787085, 0.3189352032470759, 0.1665742776293369, 0.670513610434086, 0.3504228081184947, 0.28860946828529427, 0.10692188147952925]], "inverted": false, "swapped": true, "error_lsq": 0.05020005146102078, "error_max": 0.252764796902682, "target": "725.xyz", "model": "24.xyz", "model_rescale": 3.7841303162186577, "target_rescale": 4.17758441154921},
{"mapping": [9, 7, 14, 11, 10, 12, 13, 8, 4, 6, 2, 5, 3, 15], "R": [[0.3297909092162595, -0.2660487558962198, -0.9057902713566686], [-0.8824943022266384, 0.2539189316323118, -0.3958901144209395], [0.33532337039913007, 0.9299157142691912, -0.15104635586265824]], "T": [-0.16921161415175912, -0.12583935819515568, -0.04000270146391087], "aligned_model": [[0.1250741641645542, -0.5761006346237791, 0.4467211033823979, -0.013046057737034489, -0.2038941397155829, 0.5462613744287242, 0.5061638614354861, -0.5031779248788594, -0.28855292754885564, -0.3776391199447563, -0.0016597265408329065, 0.3426050509069517, 0.20763911676244828, -0.17558713545008775], [-0.6302692351342977, 0.12465557707734343, -0.4442621238457125, 0.4650376505265742, -0.39086861634744563, -0.2649143734811684, 0.20798275640192204, -0.5367435077772098, 0.14453356103827442, 0.5475008761474816, -0.5419227301591016, -0.03339418394148755, 0.5027347578137303, -0.05898762600640817], [-0.07297372598617252, -0.48102330474952393, -0.42540222416340895, -0.5046576796105209, -0.7706269003657544, 0.16958844616175334, -0.25078875425744546, 0.22283197432001622, 0.645096180683918, 0.11873404880943224, 0.566292622994682, 0.6662807661105978, 0.29448196922553443, -0.022743841998114273]], "inverted": true, "swapped": false, "error_lsq": 0.038023061721497005, "error_max": 0.22613858785866292, "target": "725.xyz", "model": "25.xyz", "model_rescale": 4.19342608120988, "target_rescale": 4.17758441154921},
{"mapping": [7, 0, 10, 9, 8, 1, 12, 3, 5, 4, 6, 13], "R": [[-0.7885438555083679, 0.559354773597021, 0.25557939117664413], [-0.45937521419426697, -0.8120535288483439, 0.3599214898681707], [0.4088679499838182, 0.16640704173555204, 0.8972935394489657]], "T": [-0.017570769530728923, 0.0665679100851897, -0.07445054200426612], "aligned_model": [[-0.18848550407009573, 0.42194666872505243, 0.022924872412909827, -0.6133957015467584, -0.49829532408113186, -0.3900491379691761, -0.1789115078772649, -0.21750213485675504, 0.6204169215505475, 0.22037691178985247, 0.4265140004478143, -0.02773150989321401], [-0.6988962425090203, -0.38125888018519205, -0.5548622719549596, 0.22213241169492265, -0.26629395265654254, -0.12804615897680655, 0.6379119187207032, 0.6705354842528233, -0.09199412383361066, -0.046171229562582516, 0.6010617080147322, 0.04865776473651347], [0.06733652047644564, 0.07129486509901531, -0.5391677884847208, -0.09800469698481999, -0.37712634262828704, 0.47938646046876054, -0.5524948192397475, 0.2875028414938675, -0.43329073466731005, 0.7181308047722261, -0.10832233026390148, -0.06598631883210739]], "inverted": true, "swapped": true, "error_lsq": 0.046309700443346265, "error_max": 0.2859416064750325, "target": "725.xyz", "model": "26.xyz", "model_rescale": 3.795458400668931, "target_rescale": 4.17758441154921},
{"mapping": [4, 6, 2, 0, 10, 9, 3, 1, 12, 5, 8, 11, 13], "R": [[-0.9338877553076519, 0.27044176866304287, 0.23391218490886923], [-0.17239639162688036, 0.23257058894766214, -0.9571783560604414], [-0.31326210214525974, -0.9342227630062026, -0.17057164020021065]], "T": [-0.14977099602167804, -0.07894163840876627, -0.04210152204785951], "aligned_model": [[-0.05803606404471205, 0.4322023584750743, 0.44621877393338033, 0.11668200675508983, -0.23484948518634904, -0.6656347557822275, -0.20783396582663005, -0.6301243652490892, -0.07421439048438963, 0.45370381439188817, -0.6645407149134954, -0.048166276194683694, -0.16573055305259957], [-0.7285644539619115, -0.2820249514099647, -0.504111861169359, 0.0040448687351796325, 0.6180655537293743, -0.14136495520212672, -0.6799018907279128, -0.49180090240999413, 0.0838894943798875, 0.32632701018652444, 0.33152979406401484, 0.6643572246301787, -0.07856342758697595], [-0.5589083560587739, 0.2805536865389578, -0.360425464122113, -0.6226893046008425, -0.3748478400326247, 0.2891844161929063, 0.3717041086324741, -0.3287338037957137, 0.6986874915085937, -0.22241228740642727, -0.03652505948154776, 0.21416853867793578, -0.05761946395339889]], "inverted": true, "swapped": true, "error_lsq": 0.04398425184913769, "error_max": 0.29042685156919495, "target": "725.xyz", "model": "27.xyz", "model_rescale": 3.6321398670334006, "target_rescale": 4.17758441154921},
