[{"mapping": [5, 3, 2, 8, 11, 7, 1, 0, 12, 9, 13], "R": [[0.23267523205571725, 0.8819451115923442, 0.40992079299077533], [-0.34884308668379227, -0.3177597089848686, 0.8816673228711474], [0.9078384973445126, -0.348140183667757, 0.2337256409875434]], "T": [-0.05412097189219785, -0.01142130286360104, -0.06929938596605514], "aligned_model": [[-0.07568327257445763, -0.46729655900272304, -0.41790799138193874, 0.5470712203884546, 0.5433614639123256, 0.5527764476020572, -0.46783489308750464, -0.5152304579897059, 0.014899887296515243, 0.2247360679739695, 0.09671746035225547], [-0.6882368467487332, 0.03820412198380061, 0.6295030007586302, 0.006317514471542891, -0.3710330996074431, 0.43011241745510587, -0.2790141231732308, 0.4144007964290018, -0.079709139011585, 0.5257943675285682, 0.050091149553274726], [-0.40672648503540676, -0.3855643970284869, -0.28869238240585204, -0.5681304334390785, -0.09679366520810861, -0.1593992112056472, 0.23116523316723578, 0.37955027279014764, 0.5013955416482385, 0.34347324704926185, -0.07126096978947091]], "inverted": false, "swapped": false, "error_lsq": 0.04176203300692576, "error_max": 0.2634046515780386, "target": "726.xyz", "model": "0.xyz", "model_rescale": 3.8414455957264533, "target_rescale": 3.6394630767411638},
{"mapping": [6, 9, 13, 8, 10, 12, 4, 0, 1, 11, 14], "R": [[-0.47068650206870233, -0.4288818824091993, 0.7710476948357158], [0.3885983957768319, -0.8853495039093473, -0.2552401667589672], [0.7921145772992705, 0.17948979600137283, 0.5833848725853144]], "T": [-0.12251809197060465, -0.0902539305595961, -0.040795377412513795], "aligned_model": [[0.00324367147406468, -0.469829454525835, -0.17633414294575375, 0.2956238816222157, 0.5098031369354894, 0.5399318828200761, -0.45774228890293545, -0.5514384147828384, 0.13936858444013256, 0.2669754041191695, -0.06399288676453752], [-0.6757687997137927, 0.0388339904856117, 0.6169412283179107, 0.1667754112460603, -0.3474931102703209, 0.28358365216025294, -0.3007589604165752, 0.3367693573909719, 0.064374934240022, 0.5827393366860829, -0.08956688048729117], [-0.5421769592823243, -0.613700959575663, -0.3087988112654927, -0.6599848515409288, -0.0895720963143655, -0.10158218941215039, 0.33220543363778, 0.35819815352965834, 0.7691448512822097, 0.3079742899551128, 0.027309889528996212]], "inverted": true, "swapped": false, "error_lsq": 0.045572226862729014, "error_max": 0.24185917957983624, "target": "726.xyz", "model": "1.xyz", "model_rescale": 4.316132596720782, "target_rescale": 3.6394630767411638},
{"mapping": [7, 5, 0, 9, 10, 1, 3, 4, 6, 2, 11], "R": [[0.990862837286985, 0.12474844648351169, -0.051270486476495035], [0.11121559500445566, -0.9707756573140103, -0.21266338329471823], [-0.07630156689997222, 0.20501816569880282, -0.9757794948768433]], "T": [0.09072852675400084, 0.0698067042863498, -0.0574263725458472], "aligned_model": [[-0.057329843104360706, -0.4153926532178491, -0.2089708327103233, 0.28323862769362673, 0.5421394095257543, 0.49075249792138764, -0.3672859030933224, -0.4812599812291927, 0.01041194279844826, 0.21511540381923244, 0.024190705085846392], [-0.7182684623512996, 0.05130451087351205, 0.6647419797458973, -0.013208007905431973, -0.3382003939702509, 0.3884500687058239, -0.3772383529097406, 0.34187571177413656, -0.1823690195129858, 0.7896250435659404, 0.06971708162333114], [-0.4542605578470665, -0.45649892477139753, -0.30267394243593043, -0.7687630887555077, 0.10687280966984161, -0.2392078133139281, 0.08882856831868238, 0.3820475550499931, 0.7210674383913381, 0.3513704779749622, 0.0502342282618455]], "inverted": false, "swapped": false, "error_lsq": 0.0418138656676285, "error_max": 0.2174297999410094, "target": "726.xyz", "model": "2.xyz", "model_rescale": 3.795458400668931, "target_rescale": 3.6394630767411638},
{"mapping": [0, 4, 5, 2, 1, 6, 7, 9, 8, 3, 11], "R": [[0.7077847221115485, 0.5950203779000655, -0.3807775427058968], [0.05045503867228496, -0.5802210617760353, -0.8128947093837359], [-0.7046240672997595, 0.556142310344352, -0.4406933791501642]], "T": [0.014516772428745944, 0.03002215909661455, -0.17143194561631492], "aligned_model": [[-0.14386921795824728, -0.5403302506986075, -0.27994090313358355, 0.6396490176110964, 0.4321071303933594, 0.49118632573245535, -0.43456852272813706, -0.4870926683556469, 0.2981920954086732, 0.13051054694088482, -0.07023417972299928], [-0.6493488284545861, -0.005220918726559214, 0.6622647879117585, 0.07298301294018032, -0.41753628331945253, 0.30250974695681476, -0.3974909750215624, 0.41386576619489196, 0.09733782218165721, 0.6722281377119798, -0.07516210873619011], [-0.5258002335577988, -0.4905830692487725, -0.2573886275006808, -0.6131211491127141, -0.024535466704322967, 0.042654364166154674, 0.27450214642675885, 0.42489573025746563, 0.5535231217271654, 0.2881188685936885, -0.1932489345041113]], "inverted": true, "swapped": false, "error_lsq": 0.048405859594435004, "error_max": 0.2669041130718489, "target": "726.xyz", "model": "3.xyz", "model_rescale": 3.7530521520055578, "target_rescale": 3.6394630767411638},
{"mapping": [8, 9, 3, 5, 7, 1, 6, 4, 0, 2, 10], "R": [[-0.6836200463873441, 0.26812796840364994, -0.6788011673068164], [0.7053053427999545, 0.0035894054109952833, -0.7088945546318112], [-0.18763796416291684, -0.9633766183214778, -0.19156587816275922]], "T": [-0.019176302174794733, 0.1100837428674121, -0.1036966132993812], "aligned_model": [[-0.15531382142374342, -0.4133231405766985, -0.08852828200246213, 0.3721995059957263, 0.35233612745394854, 0.6595647522952183, -0.3900963475882305, -0.48860682164989033, 0.17656068985599463, 8.745460022611257e-05, 0.010729256529158744], [-0.7559945858482341, 0.06877002352638734, 0.772193984552357, 0.02310648383833075, -0.3600673087065185, 0.4966784854695804, -0.41066908975130656, 0.19893991412473713, -0.14507351962333445, 0.6969046604259883, 0.0916411116309448], [-0.3736121490433524, -0.47826999091076505, -0.47365622710119515, -0.7010404633395151, -0.11304775700922727, 0.017880344957723213, 0.2672081586704522, 0.45438086575384207, 0.655778328432665, 0.23780902562570772, -0.014413385493502628]], "inverted": false, "swapped": false, "error_lsq": 0.048032548796935415, "error_max": 0.2384143813445884, "target": "726.xyz", "model": "4.xyz", "model_rescale": 3.7855080009869324, "target_rescale": 3.6394630767411638},
{"mapping": [5, 10, 8, 7, 4, 6, 3, 14, 1, 13, 16], "R": [[0.9063493845543008, -0.05312180445875578, -0.4191764151393609], [-0.4176130821018423, -0.26351495490444155, -0.8695741384143792], [-0.06426590678921443, 0.9631915398469589, -0.2610209776853272]], "T": [-0.06567684748348744, 0.10872831653855286, 0.07783471657591856], "aligned_model": [[-0.05386860553270732, -0.42668830735794266, -0.09398634005352245, 0.2847190101389908, 0.5551665346517254, 0.5199120796286152, -0.505326514012864, -0.5493291326669495, 0.3286181812815083, 0.0877521169351227, -0.11135964952272909], [-0.576176946561296, 0.046182298118956966, 0.6266456075507232, -0.055292172788289545, -0.28033569859670576, 0.3349642166469479, -0.4280780901927196, 0.33385266986994583, -0.2444481287926336, 0.8053197028148102, 0.11379670156919278], [-0.3532900804602318, -0.5520247879911354, -0.39784387897433543, -0.5637956239768794, -0.023078468147828157, -0.10099479444729972, 0.04679187823745731, 0.4938838616379008, 0.6190387148462643, 0.20467174712517527, 0.1056581826937444]], "inverted": true, "swapped": false, "error_lsq": 0.049987742943996466, "error_max": 0.2430303499236154, "target": "726.xyz", "model": "5.xyz", "model_rescale": 4.2253639853439635, "target_rescale": 3.6394630767411638},
{"mapping": [7, 9, 8, 11, 6, 5, 0, 1, 4, 10, 13], "R": [[-0.47531886834025483, -0.4219620078260544, 0.7720233399005139], [-0.7706264209986651, 0.6230580771216675, -0.13391621183500696], [-0.424507824025103, -0.6585944856167982, -0.6213263320161292]], "T": [0.028108038271716908, 0.03167492747519643, -0.04432353958559425], "aligned_model": [[0.045137424973989516, -0.5136459698234603, -0.15067322064411096, 0.38991868713026256, 0.545557205276985, 0.5371713797457093, -0.5787786728195754, -0.48478053577184266, -0.02872700369366412, 0.2217308252689477, 0.0526992538460074], [-0.7417254854691137, 0.1203190127534367, 0.6836479212593168, 0.07303049057898367, -0.3222835009828027, 0.39424638747529284, -0.48014053890622543, 0.3406637193621399, -0.06489365239354292, 0.6888294685921408, -0.015263662630694314], [-0.22025823563224356, -0.3112341020281054, -0.3423727845692611, -0.7320273716136811, -0.188121170345655, -0.14500977107439694, 0.06879629775587891, 0.3801490968258448, 0.6545009015964913, 0.3287322200991242, -0.01413833047116339]], "inverted": false, "swapped": false, "error_lsq": 0.051584584626444226, "error_max": 0.30450243663659043, "target": "726.xyz", "model": "6.xyz", "model_rescale": 3.89814844738969, "target_rescale": 3.6394630767411638},
{"mapping": [2, 10, 9, 1, 0, 6, 4, 11, 7, 8, 12], "R": [[0.42026426108740617, 0.5903741076510716, 0.6890837132510516], [0.8853245913194643, -0.1002847824230651, -0.454030098583103], [-0.19894300404306792, 0.800875380711356, -0.5648188255651192]], "T": [0.06749282842773974, 0.04105836715616511, 0.029372830942866135], "aligned_model": [[-0.1308887142715095, -0.510760554059391, -0.23296027921651846, 0.5064122571124559, 0.5610986791332158, 0.5541104275555997, -0.34576635195524824, -0.557231955837269, 0.16936705854638232, 0.09198255538431999, -0.06975374890278943], [-0.46620883634974447, 0.03331442661244431, 0.7627062139599472, -0.22854281634567347, -0.28447038309483175, 0.4669904556132391, -0.4307589703582784, 0.370622023642075, -0.16858558796059753, 0.6361365512775113, -0.01477291735715918], [-0.4232557058116414, -0.42280713331823816, -0.4029444071416065, -0.6410461045081927, -0.007972642379294625, -0.16851860209406733, 0.17803701033466363, 0.42490678583382796, 0.6433318954306304, 0.3502606312269642, -0.05097497703021278]], "inverted": true, "swapped": false, "error_lsq": 0.0398889501458889, "error_max": 0.24922242699295508, "target": "726.xyz", "model": "7.xyz", "model_rescale": 3.7474275329858107, "target_rescale": 3.6394630767411638},
{"mapping": [10, 9, 8, 6, 0, 3, 12, 4, 1, 2, 14], "R": [[0.573828402318542, 0.286507374175479, 0.767225188087319], [-0.5051140788236869, 0.8612221751970097, 0.056179465314560625], [-0.6446555142606384, -0.4197736169556201, 0.6389126532174398]], "T": [-0.11483630186894167, -0.02053385103937632, -0.07428937158942736], "aligned_model": [[0.02364469512420292, -0.5802617794841185, -0.21964507879451436, 0.48625519341839174, 0.5008051574187996, 0.4572137381579552, -0.38942724199034756, -0.5090300849525318, 0.27600923835485996, 0.12041824855573832, -0.13037271231918773], [-0.6984896499958096, 0.20032550349416356, 0.6457873324003162, -0.14270144090364453, -0.24638950525095654, 0.38153295415404476, -0.48881973906791965, 0.5496336516179073, -0.09347396757984272, 0.5662653729119705, 0.002759647858703071], [-0.38487318929632475, -0.6354851577372844, -0.17548975022220697, -0.6134574276514853, -0.009574190266331911, -0.23314645469053974, 0.2188842313763185, 0.28867912034524434, 0.563457696719068, 0.4815086700807688, -0.02148679811439439]], "inverted": true, "swapped": false, "error_lsq": 0.05042395598600844, "error_max": 0.24278355160607273, "target": "726.xyz", "model": "8.xyz", "model_rescale": 4.019505241142653, "target_rescale": 3.6394630767411638},
{"mapping": [8, 9, 1, 7, 4, 0, 11, 6, 5, 2, 12], "R": [[0.09155249180741096, -0.8775736631206381, -0.4706193865969387], [-0.6531404916674393, 0.3038267391952959, -0.6936114263003238], [0.7516818737925438, 0.37088243197404025, -0.5453627987539594]], "T": [-0.0766750763747542, 0.1614603537793177, 0.011553420476439459], "aligned_model": [[-0.05995968408398723, -0.4578740828382826, -0.20322863140015246, 0.45047448696039843, 0.651662217363909, 0.4962419369020486, -0.4528490924200597, -0.5246840034052719, 0.05532798162944379, 0.15784817601483636, -0.07734993123363483], [-0.42799791818308475, -0.07758349725224636, 0.6783404896188863, -0.12757311069785013, -0.23454200435761027, 0.3422245522121868, -0.32347788991197135, 0.3291887225158606, -0.20245829259894219, 0.5905637599581072, 0.1297453483355962], [-0.3176827753796147, -0.5031167809007734, -0.40452881304892874, -0.6653195250337055, -0.005812930393946321, -0.2369148441651441, 0.11440055680479636, 0.5585607637441875, 0.559880996508972, 0.34448175076845194, 0.03506835163853779]], "inverted": false, "swapped": false, "error_lsq": 0.05024110133218113, "error_max": 0.3165605663360631, "target": "726.xyz", "model": "9.xyz", "model_rescale": 3.877068213659057, "target_rescale": 3.6394630767411638},
{"mapping": [8, 10, 6, 0, 1, 5, 2, 13, 4, 3, 15], "R": [[0.2165450982032137, -0.5258804876484585, -0.8225314177311286], [0.9062750324117773, -0.20499307875987052, 0.3696530850508104], [-0.36300659232470245, -0.8254862508674323, 0.43220210961729266]], "T": [-0.1116630599415207, 0.05583063709734581, -0.09249004773708688], "aligned_model": [[-0.019904829945711855, -0.6001794336043268, -0.2957763714703453, 0.4572061918927106, 0.6782592314255849, 0.6356879419668395, -0.45487784957586386, -0.6255661784635703, 0.14995800853627944, 0.1590166760716743, -0.04821401334402291], [-0.6514786778090146, 0.21229235932803758, 0.6385155954673195, -0.06051217502369544, -0.2913604317475388, 0.2828520273016966, -0.34314739742271505, 0.35055208198998744, -0.03333301945229842, 0.5248487080470193, 0.047201088960133905], [-0.38679753334156364, -0.5824719469944225, -0.17546656810351247, -0.6371166721497392, -0.0009054119124963511, -0.06210566723025873, 0.31170729774685824, 0.4041802157752128, 0.525324599729451, 0.23844177660547936, -0.15577333958217598]], "inverted": false, "swapped": false, "error_lsq": 0.045586197105772136, "error_max": 0.22685803722989906, "target": "726.xyz", "model": "10.xyz", "model_rescale": 4.260839863003843, "target_rescale": 3.6394630767411638},
{"mapping": [6, 5, 3, 0, 7, 1, 10, 4, 8, 2, 11], "R": [[-0.73088679755777, 0.6666148094355386, 0.14638710666232968], [0.6813023875194675, 0.6999314204992663, 0.21429667136507966], [0.04039239923576079, 0.25636049313242504, -0.9657368956630367]], "T": [-0.022518922376281003, 0.057569962447854436, 0.06370082946457661], "aligned_model": [[-0.18544157950814877, -0.5364120622054223, -0.04290184689459234, 0.3880726654404514, 0.4404530131214177, 0.5883677464209645, -0.30508453095853383, -0.687595717730797, 0.3188230486699219, 0.021852478043725157, 0.03547615909026124], [-0.4782652613138804, 0.08948383406085877, 0.6060689245063638, -0.12977685486738305, -0.3947072666057396, 0.4319089908415193, -0.4729604026781686, 0.2871538307815065, -0.0068119833456564, 0.6916854436351311, 0.05265090462438077], [-0.5604723479657989, -0.3739134389078258, -0.38637304938375805, -0.6888614520185001, -0.039778271340189325, -0.036040901262251346, 0.24266451451825027, 0.2663506808909836, 0.6921545118604058, 0.32116123707096017, 0.042125267080556646]], "inverted": true, "swapped": false, "error_lsq": 0.05076550654155219, "error_max": 0.25147893377910774, "target": "726.xyz", "model": "11.xyz", "model_rescale": 3.890672605050136, "target_rescale": 3.6394630767411638},
{"mapping": [10, 11, 6, 9, 12, 5, 4, 0, 7, 8, 13], "R": [[-0.54644344396514, -0.37167851644509203, 0.7505029266836291], [-0.4481861100198457, -0.6272303179008507, -0.6369547386520309], [0.7074805815941495, -0.6844247283077765, 0.17616474660961745]], "T": [-0.15002960356639297, 0.16555831183953104, -0.08656436015761121], "aligned_model": [[-0.12276492118736657, -0.33662213684799347, -0.21653457175026433, 0.38303971296202766, 0.34722097534918706, 0.6230583155701576, -0.45319212956410115, -0.5591354709682852, 0.40472382652420513, 0.05411547918832779, -0.08829970578664693], [-0.6838335199289448, -0.02115509222026693, 0.6700352995159062, 0.21566703221740893, -0.3868560519574429, 0.22563813640135807, -0.345617009731755, 0.34516361720264005, -0.08463969584368033, 0.6890363727415554, 0.05299107124215374], [-0.3646482641548155, -0.5693515753603438, -0.3570054850875858, -0.6514950071749381, -0.034483853401455364, -0.025755924880931272, 0.2847162847356053, 0.29953001080625746, 0.5106071051942331, 0.3645304755249288, 0.022372984341877733]], "inverted": false, "swapped": false, "error_lsq": 0.04931180115109245, "error_max": 0.27083651277320686, "target": "726.xyz", "model": "12.xyz", "model_rescale": 4.124412569039231, "target_rescale": 3.6394630767411638},
{"mapping": [3, 7, 10, 9, 6, 8, 0, 4, 1, 2, 12], "R": [[0.3481771528310657, -0.8911365512129586, 0.29094383880523583], [-0.9287937606595994, -0.28590598303274095, 0.2357963507475917], [-0.1269441625528797, -0.35232572423590697, -0.9272279998120161]], "T": [-0.08961360294652448, -0.007894489158890274, -0.1237202869539468], "aligned_model": [[-0.01885543641223228, -0.37215671177586734, -0.2493664822028672, 0.2855217345503454, 0.4929286490215385, 0.5569458379661554, -0.4298046979103474, -0.5302647504750544, 0.2813729666469785, 0.12374651050006924, -0.1044582464194704], [-0.6962334478996938, 0.11923878066723745, 0.6933386154881567, -0.04243818942846526, -0.3265768423740981, 0.29279503791968625, -0.3755933646335758, 0.33111214626753177, -0.09617630998244708, 0.6650720472656417, 0.11189168634895866], [-0.296740908598474, -0.6687745942228751, -0.28913135917670746, -0.6401711397300726, -0.04187349590338138, -0.04345311701263471, 0.1692557347201696, 0.43231687283681197, 0.595612448434938, 0.3702321565988175, -0.10825584740375918]], "inverted": true, "swapped": false, "error_lsq": 0.04328148338946331, "error_max": 0.23315994852660898, "target": "726.xyz", "model": "13.xyz", "model_rescale": 3.9028299243045295, "target_rescale": 3.6394630767411638},
{"mapping": [10, 5, 12, 14, 9, 11, 3, 2, 6, 1, 15], "R": [[-0.4298059036244043, 0.8102195312145763, 0.39851122499628744], [0.503567615556878, 0.5814392555831858, -0.6390211644611087], [-0.749457498309257, -0.07397772168229488, -0.6579063420599677]], "T": [-0.19751831735156547, 0.02261828414632578, -0.05610396011891074], "aligned_model": [[-0.02106458808963249, -0.504404397122409, -0.13804886917738426, 0.48206549451942915, 0.5164442499229455, 0.4379057658259111, -0.3912922976413764, -0.533629939677066, 0.14992226701808983, 0.145083781516727, -0.10737209360598651], [-0.5080807059873474, 0.03866979080180737, 0.6160659674336039, -0.008443519308646057, -0.2617747433403354, 0.39098559332408467, -0.34543292748271376, 0.44698092547138196, -0.08605357450550477, 0.4385451994252209, -0.045031846192619164], [-0.5486232646640525, -0.46557327134030757, -0.4146057326329488, -0.6220117792838045, 0.045007438404811737, -0.13609426193811158, 0.4083089977313102, 0.4429903150848089, 0.5023615533367244, 0.3069764149228004, -0.039719659078397834]], "inverted": false, "swapped": false, "error_lsq": 0.04646503585485904, "error_max": 0.22477582636486892, "target": "726.xyz", "model": "14.xyz", "model_rescale": 3.942246331269136, "target_rescale": 3.6394630767411638},
{"mapping": [1, 0, 8, 13, 4, 11, 5, 7, 10, 6, 14], "R": [[-0.5360941235486585, 0.26374633788554275, -0.8018983476404977], [0.41607105668309635, -0.743981634798865, -0.5228539020344208], [-0.734498445530831, -0.6139455972103499, 0.28910696494346094]], "T": [0.023651687098167607, -0.04120158430738242, -0.005163496524042001], "aligned_model": [[-0.3403350604923043, -0.6087374812053792, -0.13444724818803383, 0.6009190445922582, 0.5632011250299588, 0.5337304633645511, -0.35800043747299076, -0.6086976068452139, 0.4334873591818776, 0.009434161774458067, -0.05494494624993414], [-0.6201711532427719, 0.1263455635408339, 0.6354441367935606, 0.01825995605969976, -0.26302719520175893, 0.46239491756445983, -0.5184746035443709, 0.4843753148708708, -0.057707822769897964, 0.4619029448004379, -0.05291189923213102], [-0.4398465093114039, -0.3409154524804201, -0.3457456761297071, -0.57451099120043, 0.052661924368757045, -0.023086385844184383, 0.16610144182541808, 0.2291072904480386, 0.5785854067063402, 0.23870754337879044, -0.06204184121836641]], "inverted": true, "swapped": false, "error_lsq": 0.05519066881821875, "error_max": 0.26221890971646716, "target": "726.xyz", "model": "15.xyz", "model_rescale": 4.355366556412066, "target_rescale": 3.6394630767411638},
{"mapping": [7, 5, 0, 9, 10, 1, 3, 4, 6, 2, 11], "R": [[0.990862837286985, 0.12474844648351169, -0.051270486476495035], [0.11121559500445566, -0.9707756573140103, -0.21266338329471823], [-0.07630156689997222, 0.20501816569880282, -0.9757794948768433]], "T": [0.09072852675400084, 0.0698067042863498, -0.0574263725458472], "aligned_model": [[-0.057329843104360706, -0.4153926532178491, -0.2089708327103233, 0.28323862769362673, 0.5421394095257543, 0.49075249792138764, -0.3672859030933224, -0.4812599812291927, 0.01041194279844826, 0.21511540381923244, 0.024190705085846392], [-0.7182684623512996, 0.05130451087351205, 0.6647419797458973, -0.013208007905431973, -0.3382003939702509, 0.3884500687058239, -0.3772383529097406, 0.34187571177413656, -0.1823690195129858, 0.7896250435659404, 0.06971708162333114], [-0.4542605578470665, -0.45649892477139753, -0.30267394243593043, -0.7687630887555077, 0.10687280966984161, -0.2392078133139281, 0.08882856831868238, 0.3820475550499931, 0.7210674383913381, 0.3513704779749622, 0.0502342282618455]], "inverted": false, "swapped": false, "error_lsq": 0.0418138656676285, "error_max": 0.2174297999410094, "target": "726.xyz", "model": "16.xyz", "model_rescale": 3.795458400668931, "target_rescale": 3.6394630767411638},
{"mapping": [2, 10, 9, 1, 0, 6, 4, 11, 7, 8, 12], "R": [[0.42026426108740617, 0.5903741076510716, 0.6890837132510516], [0.8853245913194643, -0.1002847824230651, -0.454030098583103], [-0.19894300404306792, 0.800875380711356, -0.5648188255651192]], "T": [0.06749282842773974, 0.04105836715616511, 0.029372830942866135], "aligned_model": [[-0.1308887142715095, -0.510760554059391, -0.23296027921651846, 0.5064122571124559, 0.5610986791332158, 0.5541104275555997, -0.34576635195524824, -0.557231955837269, 0.16936705854638232, 0.09198255538431999, -0.06975374890278943], [-0.46620883634974447, 0.03331442661244431, 0.7627062139599472, -0.22854281634567347, -0.28447038309483175, 0.4669904556132391, -0.4307589703582784, 0.370622023642075, -0.16858558796059753, 0.6361365512775113, -0.01477291735715918], [-0.4232557058116414, -0.42280713331823816, -0.4029444071416065, -0.6410461045081927, -0.007972642379294625, -0.16851860209406733, 0.17803701033466363, 0.42490678583382796, 0.6433318954306304, 0.3502606312269642, -0.05097497703021278]], "inverted": true, "swapped": false, "error_lsq": 0.0398889501458889, "error_max": 0.24922242699295508, "target": "726.xyz", "model": "17.xyz", "model_rescale": 3.7474275329858107, "target_rescale": 3.6394630767411638},
{"mapping": [7, 2, 0, 1, 11, 3, 9, 4, 5, 8, 13], "R": [[-0.8498860829159405, 0.22566385762227958, -0.4762031808260321], [0.09475231899950365, -0.8235002662502329, -0.5593472173257072], [-0.5183778970114519, -0.5205027712210832, 0.6784992417395597]], "T": [0.03951683136984855, -0.023641798899078338, -0.0021421963723519746], "aligned_model": [[0.03494981100266847, -0.423581843321366, -0.27308343023652676, 0.27390372621305237, 0.6531760271861168, 0.6131057923077158, -0.5100314638133879, -0.4833016473840513, -0.01759153797426196, 0.20290066489168268, -0.03483672538239458], [-0.6899021212389912, -0.0023873953254762506, 0.6775716966072728, 0.10433686004724324, -0.3596517802906686, 0.31917914288636656, -0.3396807514102878, 0.43135456613164685, -0.08044686217910843, 0.5942225226122978, 0.021834281798637327], [-0.353561614214876, -0.5396555372650722, -0.3333869713413454, -0.6402665284501523, -0.18174271307931544, -0.12071153082604824, 0.21196109088146595, 0.45487527386581167, 0.7166983670399405, 0.32710520963974765, -0.06229829570732338]], "inverted": false, "swapped": false, "error_lsq": 0.04539341092259482, "error_max": 0.23129260784442843, "target": "726.xyz", "model": "18.xyz", "model_rescale": 3.922800546911778, "target_rescale": 3.6394630767411638},
{"mapping": [5, 3, 9, 1, 8, 6, 12, 7, 13, 11, 14], "R": [[-0.14425586207114904, -0.966794658937285, -0.21094628157056697], [0.9748071224282994, -0.10219235487470893, -0.19826193953510154], [0.17012148694732346, -0.23423238472828822, 0.9571801657072356]], "T": [0.1029767122886273, 0.09064602000367977, -0.11507842199518406], "aligned_model": [[-0.04446263719781586, -0.5104802142634155, -0.3214906627146234, 0.46497227237938327, 0.4886303958786109, 0.7769099355394301, -0.418106741402331, -0.5557877256333376, 0.10447248336804661, 0.030567343455708273, 0.020384924079591443], [-0.602150348302432, 0.05300034458524721, 0.7720274106437683, -0.0056203851842169805, -0.353620136325253, 0.19629618570385285, -0.41734467918613377, 0.3019327327255107, 0.011960083569168084, 0.5944166075708479, 0.1255323438385728], [-0.3993820457332432, -0.2922863393485493, -0.25031907402781983, -0.7535727584169141, 0.053116324343136456, -0.21715596604587814, 0.18330309283551147, 0.2844192118090926, 0.5672851415810721, 0.38313407401053967, -0.07952491046411489]], "inverted": false, "swapped": false, "error_lsq": 0.0450731499550012, "error_max": 0.2621884732212041, "target": "726.xyz", "model": "19.xyz", "model_rescale": 3.9282355846067225, "target_rescale": 3.6394630767411638},
{"mapping": [6, 4, 0, 5, 7, 2, 8, 11, 12, 10, 13], "R": [[-0.8808305105680234, 0.3974912545729473, 0.2571737043138344], [0.31975264958116056, 0.9000771272922898, -0.29600575671950485], [-0.3491358685931634, -0.17849892846536508, -0.919914277418507]], "T": [-0.022496413911007325, -0.024521125977610782, -0.08728338172376507], "aligned_model": [[0.029064303952519542, -0.6191617688413996, -0.38041175285354917, 0.3941575462520931, 0.4863581517651452, 0.7054301707639771, -0.5869007385947798, -0.514007000309086, 0.26960179044055776, 0.24248175741003286, 0.008996913503736909], [-0.5337264305403848, 0.026504258875944077, 0.6545911463572772, -0.0848569589661084, -0.328475423114704, 0.35503486169046544, -0.5018816126861683, 0.400038668285701, -0.08981460427028692, 0.6502620822750784, 0.12875417173211848], [-0.49335665618983293, -0.28916133808886146, -0.31289393092443685, -0.6444630807317077, 0.10448885980783001, -0.15639452343479246, 0.09214990152048022, 0.2152550387779387, 0.708461392669759, 0.3782147810814499, -0.12328369394499378]], "inverted": true, "swapped": false, "error_lsq": 0.04943095524963195, "error_max": 0.23326228574462665, "target": "726.xyz", "model": "20.xyz", "model_rescale": 4.067790424073018, "target_rescale": 3.6394630767411638},
{"mapping": [10, 7, 0, 12, 11, 3, 5, 4, 6, 2, 14], "R": [[-0.3800777222543996, 0.8345098032890468, -0.3989164239040349], [-0.024485035817272183, 0.4220536035125662, 0.906240166171796], [0.924630417013703, 0.35420918110141325, -0.13998016986892053]], "T": [-0.09951874619505666, -0.024481430355847968, -0.05869083883491647], "aligned_model": [[0.04051728676925731, -0.5738092449384737, -0.15558635902738052, 0.4148550373232682, 0.47532988686891386, 0.6461676112647837, -0.5212556554523001, -0.47780714259029966, 0.22489469089793815, 0.03952531001886625, -0.07722204764532575], [-0.7192179658450762, 0.1629801266815736, 0.6252012279336688, -0.024939942741912545, -0.3203457699751209, 0.38457779030531, -0.27928633390591967, 0.29141306921201954, 0.009724793645113854, 0.6269845765952655, -0.08066141226598966], [-0.46980867751588423, -0.6032738395277514, -0.34016356545351883, -0.6265229156790505, -0.051938388517883315, -0.03952245493900684, 0.2663915528058367, 0.573433396605998, 0.6054949474993568, 0.2729425788987058, -0.10801588363396988]], "inverted": true, "swapped": false, "error_lsq": 0.04752007848145825, "error_max": 0.23660463222641512, "target": "726.xyz", "model": "21.xyz", "model_rescale": 4.186013935880536, "target_rescale": 3.6394630767411638},
{"mapping": [3, 11, 9, 4, 6, 7, 5, 2, 0, 1, 12], "R": [[-0.7913547181673127, -0.6099540015559367, 0.04139838185525881], [-0.6076077129591958, 0.7772077053305041, -0.16358804946385344], [0.06760604401108622, -0.1546101508982934, -0.9856597405049973]], "T": [-0.047760891959813326, 0.16813118603685887, -0.10438335288386294], "aligned_model": [[-0.0462556212839373, -0.405986053782534, -0.176741531669949, 0.3496684720811044, 0.34209472595506135, 0.6481933841048713, -0.46229325419324463, -0.5697690773556091, 0.1698011262381744, 0.23047758685813774, -0.04358038346282734], [-0.7326352086751673, 0.022694116186595753, 0.7543174496317598, -0.053408981052737586, -0.22519746395714116, 0.399674453449345, -0.39526450176525396, 0.20822834552559893, -0.025702041919050178, 0.5935146628554963, 0.13020932935948643], [-0.30675995986767135, -0.6038718621233796, -0.2631297518696215, -0.6705864999365894, -0.048187095968447335, -0.12333330866439589, 0.2262024842931277, 0.4205917656176853, 0.5565885746472409, 0.42169219538568603, -0.13018979097080244]], "inverted": false, "swapped": false, "error_lsq": 0.04731581259847433, "error_max": 0.20088228930841212, "target": "726.xyz", "model": "22.xyz", "model_rescale": 4.166573947596378, "target_rescale": 3.6394630767411638},
{"mapping": [11, 6, 5, 14, 9, 10, 3, 0, 8, 7, 15], "R": [[0.03924828184659597, -0.1227972628867327, 0.9916553860084749], [-0.7757956326715768, 0.6217260116858343, 0.1076935593289309], [-0.6297624224259482, -0.7735487047502263, -0.07086390251354513]], "T": [-0.07339276670735456, -0.026535557960930233, -0.09246172719932061], "aligned_model": [[-0.0730262949831698, -0.6119435370418127, -0.24548497361400828, 0.5326561058381953, 0.3816551407753421, 0.5327769637844344, -0.23544152889487546, -0.4051173341563281, 0.16816786622520138, 0.1146577644814426, -0.1232907989251742], [-0.7599128494223593, 0.1337917593960875, 0.7696570649428641, 0.03718288304964446, -0.4021970389441192, 0.4133134495700636, -0.5420063112193279, 0.48401170273970706, -0.08279873348427846, 0.6043470485943389, 0.021041184416311608], [-0.3827218544878916, -0.6056535539543146, -0.2583639898629728, -0.5970630426768924, 0.01825873108744061, -0.0867747672389964, 0.17108476438191217, 0.4516486189437036, 0.6773187973129835, 0.18684774653162306, -0.09556469949376287]], "inverted": false, "swapped": false, "error_lsq": 0.046979523890185365, "error_max": 0.24851438231795683, "target": "726.xyz", "model": "23.xyz", "model_rescale": 4.274766983524099, "target_rescale": 3.6394630767411638},
{"mapping": [9, 1, 0, 8, 7, 6, 4, 2, 5, 3, 10], "R": [[-0.17235588098911875, 0.8066415117177873, -0.5653520335703305], [-0.017915549720627755, 0.5712792274339852, 0.82056022166605], [0.9848718106264759, 0.1515569723769658, -0.08401190842526526]], "T": [0.0605863287651021, 0.138368397305243, -0.09316655027463447], "aligned_model": [[-0.16951075029926566, -0.5141413623401366, -0.09668001272969347, 0.4627691314877584, 0.4198487780125284, 0.6618895690204785, -0.3006865260392972, -0.7912010046474729, 0.3579836878225697, -0.018532595205990945, 0.023870458407769433], [-0.6113772833509891, 0.017807553012737926, 0.763828289831717, -0.03174691311342512, -0.3827035847408149, 0.4243333996105708, -0.25702125681316934, 0.2735715999120032, -0.13407471629781273, 0.49576902133397116, 0.11804405025414301], [-0.428729069910912, -0.3762505385256998, -0.45404958234162107, -0.6884151555310145, -0.07202515559189734, 0.014877361315086865, 0.3549735536082027, 0.3365425995145038, 0.6164604709754212, 0.3334706182953949, -0.15783835126463203]], "inverted": true, "swapped": false, "error_lsq": 0.05560770957883914, "error_max": 0.25619372171123167, "target": "726.xyz", "model": "24.xyz", "model_rescale": 3.7841303162186577, "target_rescale": 3.6394630767411638},
{"mapping": [12, 13, 11, 3, 4, 6, 9, 10, 8, 7, 15], "R": [[-0.3332157206308058, 0.9273489956121236, 0.17026780042532594], [-0.8873799668408812, -0.369483808891467, 0.2757508103642326], [0.3186284324632218, -0.05920773010544906, 0.9460287346173957]], "T": [0.00588602785456962, 0.014246810852530878, 0.11620922433741057], "aligned_model": [[-0.2719418980912357, -0.3376536276687881, -0.13766006238088632, 0.3463250105415102, 0.6884265479953213, 0.5385949975830596, -0.40145697634692945, -0.628505189875199, 0.17712940731357898, 0.009803411456135351, 0.052547752962680584], [-0.527299271357594, 0.05188005177792315, 0.6049370094029406, -0.01685702598751551, -0.24368687997705285, 0.38904798613917796, -0.3865700267093933, 0.3747704302377017, -0.2552693217206502, 0.6414010780885165, 0.04407612974487826], [-0.3362412048099742, -0.5856199867470133, -0.352733393130098, -0.6132671207444983, -0.03971701578713041, -0.19647541682295702, 0.24094193127941269, 0.386071426229333, 0.6136974582818088, 0.2878709244736707, 0.07448914832027807]], "inverted": true, "swapped": false, "error_lsq": 0.04584313130827382, "error_max": 0.2681348228626152, "target": "726.xyz", "model": "25.xyz", "model_rescale": 4.19342608120988, "target_rescale": 3.6394630767411638},
{"mapping": [7, 5, 0, 9, 10, 1, 3, 4, 6, 2, 11], "R": [[0.990862837286985, 0.12474844648351169, -0.051270486476495035], [0.11121559500445566, -0.9707756573140103, -0.21266338329471823], [-0.07630156689997222, 0.20501816569880282, -0.9757794948768433]], "T": [0.09072852675400084, 0.0698067042863498, -0.0574263725458472], "aligned_model": [[-0.057329843104360706, -0.4153926532178491, -0.2089708327103233, 0.28323862769362673, 0.5421394095257543, 0.49075249792138764, -0.3672859030933224, -0.4812599812291927, 0.01041194279844826, 0.21511540381923244, 0.024190705085846392], [-0.7182684623512996, 0.05130451087351205, 0.6647419797458973, -0.013208007905431973, -0.3382003939702509, 0.3884500687058239, -0.3772383529097406, 0.34187571177413656, -0.1823690195129858, 0.7896250435659404, 0.06971708162333114], [-0.4542605578470665, -0.45649892477139753, -0.30267394243593043, -0.7687630887555077, 0.10687280966984161, -0.2392078133139281, 0.08882856831868238, 0.3820475550499931, 0.7210674383913381, 0.3513704779749622, 0.0502342282618455]], "inverted": false, "swapped": false, "error_lsq": 0.0418138656676285, "error_max": 0.2174297999410094, "target": "726.xyz", "model": "26.xyz", "model_rescale": 3.795458400668931, "target_rescale": 3.6394630767411638},
{"mapping": [2, 9, 11, 3, 0, 7, 1, 8, 6, 5, 12], "R": [[0.6502304504863632, 0.48501035700782774, 0.584778004763723], [0.7123099688104542, -0.6568830223105143, -0.24722298302029766], [0.26422503589469193, 0.5772951139541578, -0.7726030557868026]], "T": [-0.11573008487666653, 0.14561732761094398, -0.1486154594042347], "aligned_model": [[-0.119840318921558, -0.2994482309744223, -0.5468948307604444, 0.42367054034562107, 0.4550173968073817, 0.668498672805802, -0.3476095924619327, -0.4902949380682346, 0.04704892772753422, 0.20674306311006158, 0.03871868387943925], [-0.6712983937330776, -0.055837346609413446, 0.6898296819985696, -0.016209872439795853, -0.4581668203341038, 0.3404991273928485, -0.28352892548114494, 0.3830405312394791, 0.016460981849805767, 0.5576884538084196, 0.17395274194734547], [-0.4764366364143163, -0.4803351409797807, -0.3203841031439719, -0.6260413507019316, -0.11754767972007107, -0.06367760937850364, 0.18667330863052128, 0.42938376485001517, 0.6501389403214238, 0.39274294651748776, -0.09549968943804016]], "inverted": true, "swapped": false, "error_lsq": 0.050551980618785096, "error_max": 0.2747133553241185, "target": "726.xyz", "model": "27.xyz", "model_rescale": 3.6321398670334006, "target_rescale": 3.6394630767411638},
{"mapping": [7, 1, 2, 3, 8, 0, 6, 13, 9, 11, 14], "R": [[0.461701229163769, -0.8527620395152642, -0.2441902515466819], [0.8126689203978232, 0.2963125887738648, 0.5017649604681129], [-0.35552946545694536, -0.4301113270955525, 0.8298210924627074]], "T": [0.09033327525707671, -0.01929498913097425, -0.039755417120039785], "aligned_model": [[0.13240770455134604, -0.36679973485879047, -0.19100675410108967, 0.29479959603528993, 0.49302377765048566, 0.5224592136818291, -0.5190494798294574, -0.5220769461831349, 0.05486771564008033, 0.10169302531951208, 0.035291255583176785], [-0.688334454995487, 0.20771034757251441, 0.7048359983027935, -0.07110244693538029, -0.3431102422512862, 0.3865424043251335, -0.35782810492210576, 0.3153961326571256, -0.026929735724863214, 0.5357219087150511, 0.013528352895436468], [-0.4289896904300164, -0.47191879400064357, -0.2127460661487024, -0.6932610337336373, -0.03605988964277278, -0.23462685585113197, 0.3036909752859076, 0.3838161890881951, 0.6275196880245544, 0.28328178755243544, -0.041689559601355716]], "inverted": true, "swapped": false, "error_lsq": 0.045548626157299495, "error_max": 0.2536114530057792, "target": "726.xyz", "model": "28.xyz", "model_rescale": 4.156811204709835, "target_rescale": 3.6394630767411638},
{"mapping": [3, 4, 0, 6, 9, 5, 1, 2, 7, 10], "R": [[0.3920584345926851, 0.5297527702751998, -0.7520985216382791], [0.9120662512111612, -0.11709876803756986, 0.39296696034870726], [0.12010552554463219, -0.8400296904930414, -0.5290791829431706]], "T": [-0.009716837602766037, -0.07977792706107756, -0.02825465597010522], "aligned_model": [[-0.7231255734905413, -0.05411405657294847, 0.048908455391533934, 0.5368961948235311, -0.17544525969984964, -0.5282493961275965, -0.2110326963779741, -0.529798704455791, 0.2963952523968781, -0.017508841776653985], [-0.24825411853113577, -0.5886994089961012, 0.13160551198155568, 0.1949516614690357, -0.25061042960609975, -0.5082747250364148, 0.5385053773940126, 0.38576042840006514, 0.3408098819031101, -0.07707384835182357], [-0.43638711618097475, -0.35040863937539835, -0.8507430557554228, -0.2101191497139374, 0.6197183453936047, 0.11919084308995055, -0.15704257704596755, 0.408860928757294, 0.5777602533343988, 0.037956894471551664]], "inverted": true, "swapped": true, "error_lsq": 0.06861062098280989, "error_max": 0.3080086275153649, "target": "726.xyz", "model": "29.xyz", "model_rescale": 4.117894457231895, "target_rescale": 3.6394630767411638},
{"mapping": [0, 3, 11, 5, 8, 6, 4, 13, 7, 10, 14], "R": [[0.5163654251319851, 0.6458112633479265, -0.5624007111137211], [0.1491343641107682, -0.7145064971446685, -0.6835491255054991], [-0.8432826863926123, 0.26908786236285503, -0.46525910325263725]], "T": [-0.037393703066496094, 0.10146204125582534, -0.12376549069840889], "aligned_model": [[-0.12409456457172463, -0.4594036181005742, -0.3239303177676106, 0.5762178025520812, 0.5223927149823921, 0.566847823508216, -0.5021001744680591, -0.44798537904858154, 0.0801922636006428, 0.17120650526983622, -0.023733682467370964], [-0.5138787005037784, -0.10734212800215823, 0.7008061036971319, -0.07223125590976986, -0.3195719901659291, 0.2985306679213312, -0.3501410001528277, 0.24969880693390967, 0.03769075523978485, 0.6257022327697865, 0.12716666781145153], [-0.5799684974482913, -0.4031660124860923, -0.4139156131537284, -0.6615975557728159, -0.01812838921467011, -0.03519022786278128, 0.30006310742195463, 0.533879276136573, 0.5158519139873261, 0.3189298214256263, -0.07774107249026833]], "inverted": true, "swapped": false, "error_lsq": 0.04798362605261694, "error_max": 0.2552078162557704, "target": "726.xyz", "model": "30.xyz", "model_rescale": 4.100398675895297, "target_rescale": 3.6394630767411638},
