[{"mapping": [0, 5, 3, 2, 1, 12, 4, 8, 9, 11, 7, 13], "R": [[0.2384359164502165, -0.4100434551912776, 0.880348044015175], [0.9488765072750113, 0.2914278048978037, -0.12125678733177592], [-0.2068373459705021, 0.864253550404768, 0.4585674573327596]], "T": [0.006829812497203977, 0.11019585627800967, -0.09452865207754921], "aligned_model": [[0.5857645973147467, -0.7422047284934339, -0.15360240776969641, 0.3906420868694486, -0.06635922491211128, 0.2768131257002598, 0.2257837019060665, -0.2274980320894749, 0.6975790084068291, -0.27207807357155117, 0.35264380816377494, 0.06461748725174611], [0.015279312655330016, 0.21315892159738808, -0.3243993658185083, -0.5460785214254235, 0.294877880240106, 0.5935081008918563, -0.5564729568157134, -0.006804758322484283, 0.2465656760320808, 0.5366428044801328, 0.06984470446044197, 0.1407006357620839], [-0.5957649229674523, -0.12186222163184404, -0.33657988927505533, -0.2096387064641246, -0.6363589098625251, -0.263756583495007, 0.5543288935917747, 0.6416645624097674, 0.10798552612900236, 0.38235207965842166, 0.5764251074495775, 0.05470239472736496]], "inverted": false, "swapped": false, "error_lsq": 0.04079734519136582, "error_max": 0.24550771155077775, "target": "727.xyz", "model": "0.xyz", "model_rescale": 3.8414455957264533, "target_rescale": 3.745428008351094},
{"mapping": [8, 1, 10, 6, 12, 13, 2, 4, 9, 0, 7, 14], "R": [[0.5730244256319502, 0.08331258806808217, 0.8152925979662587], [-0.5819731007257704, 0.7417964094253793, 0.33323474758081195], [-0.5770184725472883, -0.6654300110702952, 0.4735531466542915]], "T": [0.04467726602496559, 0.025030248229324502, 0.03483345556226979], "aligned_model": [[0.5095663167301699, -0.795784934032045, -0.12883295847238763, 0.44292944807236956, -0.08987972586090999, 0.3570463789984733, 0.21820022123279942, -0.21173484543928756, 0.7056621452523285, -0.16827472711330588, 0.33172481982830193, -0.03852079041990257], [0.10225020420286776, 0.22707368422393787, -0.3649849315101597, -0.6353804895714745, 0.23785900562794365, 0.68525078151167, -0.5030842858782857, -0.057646224754333335, 0.14741453577124852, 0.5828541436252396, 0.23288243386034155, 0.022333576628295302], [-0.5993728566378129, -0.0012169454835151486, -0.5001092161120375, -0.08877896564016449, -0.6855052701951733, -0.16859069573705152, 0.5202091353183452, 0.5073106134838107, 0.15158428249332584, 0.4459311566637616, 0.5708895840777933, 0.0011465080386191123]], "inverted": false, "swapped": false, "error_lsq": 0.0387187877726484, "error_max": 0.19256529924994129, "target": "727.xyz", "model": "1.xyz", "model_rescale": 4.316132596720782, "target_rescale": 3.745428008351094},
{"mapping": [3, 8, 10, 7, 6, 4, 9, 1, 5, 2, 0, 11], "R": [[-0.8537306080549021, -0.028631794059921195, 0.5199271768614497], [-0.41981172091654306, -0.5528720724807905, -0.7197851001874699], [0.30806195456644364, -0.8327740941213925, 0.45998384787837565]], "T": [0.08962079225496099, 0.009885493943968766, 0.045114108606448995], "aligned_model": [[0.5048326100433451, -0.6635942096941706, -0.3069911099654543, 0.53720901036445, -0.1440063509958434, 0.34550849718417875, 0.2544288959199083, -0.236044182829595, 0.7151612640768832, -0.3304566954029073, 0.3563579812030085, 0.09969563887280106], [0.018431281425870714, 0.12693864142598632, -0.3527181814625339, -0.6770348911106534, 0.36716914528861994, 0.7140558678223703, -0.5715186500415831, -0.0773160838701569, -0.02308767880181533, 0.6709451707813835, 0.3744572106457965, 0.10650060163400582], [-0.4633572521645301, -0.03235741723507556, -0.28420848732053655, -0.31302872796261966, -0.657639556213459, -0.136531970775278, 0.474950141943353, 0.4704792132338852, 0.19799239322817605, 0.3405128387453376, 0.5927022695445949, -0.03601611475394701]], "inverted": false, "swapped": false, "error_lsq": 0.042551228020779215, "error_max": 0.24324621674623365, "target": "727.xyz", "model": "2.xyz", "model_rescale": 3.795458400668931, "target_rescale": 3.745428008351094},
{"mapping": [0, 5, 10, 2, 4, 7, 6, 3, 1, 9, 8, 11], "R": [[-0.1985129294675238, -0.881973939272465, -0.4274512688932297], [0.9516264510005485, -0.06909056316387427, -0.2993886969105535], [0.234520179494905, -0.46620646126572396, 0.8530250997970509]], "T": [0.13499517616959503, 0.02702958603410383, -0.04443313539217625], "aligned_model": [[0.5748239775684363, -0.5638244881268762, -0.21794848864975244, 0.340998011317281, -0.16568809709876262, 0.34471103582038587, 0.17787753935270903, -0.2775107297098608, 0.7487474190784826, -0.34628406971443904, 0.3380119080931938, 0.17818733084580626], [0.16596912662152383, -0.012347222918623859, -0.38587020893111196, -0.7086980344470053, 0.26871200057232825, 0.7612676210344353, -0.29556355228809, -0.007254729852238486, -0.05155856306925949, 0.6183109874319154, 0.21128731334618486, 0.1125676962372326], [-0.6764571647590636, 0.01821795604677351, -0.5383514122171321, -0.10762341777244765, -0.5564232847145987, -0.0591322097083915, 0.44688251330647166, 0.6380135576430703, 0.07132924668623744, 0.3718735239943973, 0.6872746160470056, -0.14210659428242167]], "inverted": false, "swapped": false, "error_lsq": 0.05248622284887076, "error_max": 0.32955837172609387, "target": "727.xyz", "model": "3.xyz", "model_rescale": 3.7530521520055578, "target_rescale": 3.745428008351094},
{"mapping": [10, 9, 7, 1, 6, 4, 8, 5, 0, 2, 11], "R": [[-0.6124105662140572, -0.7892326566787795, 0.045443503618601444], [-0.46190457585306344, 0.3105827403460539, -0.8307722456877922], [0.6415586186743807, -0.529764263640812, -0.5547543274042384]], "T": [0.06893494200352382, -0.03498270721485723, 0.0468099948868862], "aligned_model": [[-0.37358753921217125, -0.22303410931933307, 0.32298624442196, 0.3594484564973933, 0.4693728496671825, -0.11876981838600834, -0.40556655668527974, -0.6406585289815002, -0.4036182468978423, 0.4341693510506832, -0.08254249970987901], [-0.6753807078303135, -0.035328516778626404, -0.34675579580885024, 0.4564495499317738, -0.7790993970058927, 0.6388726914232445, -0.33579281417211765, 0.12560888988262175, 0.32291999761678764, 0.19136461867191729, -0.09565515761619817], [-0.22795643442251723, -0.676394490664497, -0.35813729417217954, -0.42871623759721716, 0.12973267624960017, 0.10068114936287181, 0.483950113570714, 0.024755262949618023, 0.6696674569456086, 0.33909706599666917, 0.03615150902664549]], "inverted": false, "swapped": true, "error_lsq": 0.05387097680581209, "error_max": 0.264259029664391, "target": "727.xyz", "model": "4.xyz", "model_rescale": 3.7855080009869324, "target_rescale": 3.745428008351094},
{"mapping": [7, 13, 8, 10, 6, 4, 9, 14, 5, 12, 2, 16], "R": [[0.37899254485123746, -0.10940112289675144, 0.9189102487490892], [0.7606521102845888, 0.602363015388432, -0.24200653877893016], [-0.5270417612170641, 0.7906896938755973, 0.3115072871252446]], "T": [0.07823492473939914, 0.11269509682622192, 0.05174086531055471], "aligned_model": [[0.45509561128938497, -0.6209342276695011, -0.2258339120037383, 0.3820470405296018, -0.08674080841520279, 0.4545061613975662, 0.2279300001062862, -0.2672089549247196, 0.8730860146503929, -0.3957600158165726, 0.27102984049203593, 0.06488459914107032], [0.04078411828275069, 0.11927134951785043, -0.3293059812710915, -0.5190648169529585, 0.3905992914934193, 0.6273092584302484, -0.4020725645325659, -0.06687004075550121, 0.04751139107718838, 0.4797301448108269, 0.19570964927063533, 0.09322063436648845], [-0.5918228890867097, -0.13796123825119927, -0.40376661371268613, -0.14711054583628036, -0.5153828726192208, -0.3232164722702246, 0.5202701157092346, 0.6050240531092875, -0.08633908975690688, 0.3737336181613487, 0.7600659263673261, 0.10000333845593129]], "inverted": true, "swapped": false, "error_lsq": 0.04424382564746112, "error_max": 0.2155313232714203, "target": "727.xyz", "model": "5.xyz", "model_rescale": 4.2253639853439635, "target_rescale": 3.745428008351094},
{"mapping": [0, 2, 3, 7, 4, 1, 11, 5, 9, 10, 8, 13], "R": [[0.7093497253761217, 0.6335467916298927, -0.3089359641160128], [-0.5683274061915933, 0.25483238760830496, -0.7823454566861028], [-0.4169255646759464, 0.7305333100148961, 0.5408272889549152]], "T": [0.13122153281289778, 0.007115617688621401, 0.04865730158315937], "aligned_model": [[0.6398552892928588, -0.5366426442584808, -0.17682803209591325, 0.2949703887445701, -0.17807050192583096, 0.3059823170490701, 0.18366621624274437, -0.28499513433863394, 0.7186333109590199, -0.3010284373895521, 0.3667694371573641, 0.0997891393393876], [-0.020767626468955414, 0.0440494372933891, -0.3276910799661472, -0.6413896851819003, 0.3554638227648715, 0.6877556705001173, -0.5083536721105435, -0.01956332751076001, 0.15907907298334267, 0.5913881731814516, 0.3766289106925408, -0.019777262440116048], [-0.57067853283217, -0.003925452161822773, -0.4954193598013763, -0.3779788435766164, -0.48416844617482735, -0.16322372342896554, 0.629255919620678, 0.524885383828426, 0.11537265690323034, 0.33202635166978745, 0.6435034889719843, 0.0038478872515731247]], "inverted": false, "swapped": false, "error_lsq": 0.0475216703524897, "error_max": 0.2938281095116924, "target": "727.xyz", "model": "6.xyz", "model_rescale": 3.89814844738969, "target_rescale": 3.745428008351094},
{"mapping": [9, 1, 6, 8, 5, 10, 7, 0, 11, 2, 4, 12], "R": [[-0.06972827892826083, -0.11095613522458123, -0.9913761663333084], [-0.48741085312024923, -0.8633045598036736, 0.13090415303868913], [-0.8703841837822502, 0.49233522429154936, 0.006115516617291095]], "T": [0.10206649600310179, -0.04654745864952312, 0.1160909891784512], "aligned_model": [[0.41445398265556144, -0.6722245551871553, -0.202303215218554, 0.47637122901924384, -0.22095476644400946, 0.3295373555674975, 0.2368027995814489, -0.4300975836518651, 0.9115529903765107, -0.16576627401736377, 0.30716220122374116, 0.1475671848715485], [0.13815981827820037, 0.23653824923491748, -0.39031939782563196, -0.5169429661802485, 0.2743131736736566, 0.6198167296249023, -0.43572533432802224, -0.1981143357124852, -0.0541555848352492, 0.5849533994743004, 0.30288291888378266, 0.1154157634491676], [-0.7001462061682929, -0.07134556561301042, -0.38045284952435876, -0.194248833679267, -0.512623829047644, -0.0915612193013226, 0.6276194723798955, 0.3278438204952293, 0.11233585056567796, 0.2922162798467861, 0.6174191764383079, 0.1264412338778994]], "inverted": true, "swapped": false, "error_lsq": 0.043125961033869474, "error_max": 0.2595621643947953, "target": "727.xyz", "model": "7.xyz", "model_rescale": 3.7474275329858107, "target_rescale": 3.745428008351094},
{"mapping": [8, 6, 3, 2, 5, 9, 1, 0, 4, 10, 12, 14], "R": [[-0.9633933483628566, -0.10820753505908878, -0.2452842956380209], [0.26499486785962945, -0.2456869844666304, -0.9324245951666824], [0.04063220813912868, -0.9632907323441507, 0.2653676480688795]], "T": [0.16189385927089045, 0.158834552868049, 0.1200789863661687], "aligned_model": [[0.44419001505542116, -0.6233864799961768, -0.20807006096623848, 0.486380276080207, -0.13958772841507067, 0.3189807169769908, 0.15756475549343862, -0.36614661995705317, 0.8677106861974715, -0.36072767101868325, 0.34554498027374897, 0.20964847905254852], [0.027312301202522676, 0.18422204948334575, -0.25824037017541124, -0.5924289680266877, 0.30817895388727246, 0.7382323049667567, -0.48293427725220806, -0.18438599554726767, -0.05899528972893944, 0.5468391684310185, 0.32464031087656087, 0.12438224562032833], [-0.48673325280063523, -0.10269525400724783, -0.33081983074880167, -0.07715484270212358, -0.5122394193381483, -0.3489225105263109, 0.5111235459708425, 0.31395045169609936, -0.13798808310800847, 0.5094149775972374, 0.6852544769573408, 0.13030707127965668]], "inverted": true, "swapped": false, "error_lsq": 0.04657375084603701, "error_max": 0.2322721094492848, "target": "727.xyz", "model": "8.xyz", "model_rescale": 4.019505241142653, "target_rescale": 3.745428008351094},
{"mapping": [10, 5, 11, 9, 6, 2, 7, 4, 1, 3, 0, 12], "R": [[-0.989088532876948, 0.14269806464627674, -0.036621530245662864], [0.06404474299616948, 0.19262225871746963, -0.9791807475339448], [-0.1326730757383787, -0.9708418654924124, -0.19965952815062743]], "T": [0.11538110942850975, 0.03244939332181651, -0.042151401545729085], "aligned_model": [[0.6524263041174054, -0.5386454710987096, -0.22551785136268426, 0.3653349291929942, -0.04259509816285041, 0.1522713627508617, 0.25802466581711486, -0.3006330760901941, 0.7889764785331042, -0.35207225995814, 0.29745394098595723, 0.07707742405174499], [0.061181006937822024, 0.1768828725753565, -0.3497482404591759, -0.5837380186548309, 0.37333680290966437, 0.6184505387070278, -0.45417303063708026, -0.037679361136713815, 0.0825126697860503, 0.5978828299711418, 0.16636605538202884, 0.025548308355999964], [-0.7830540344593766, -0.08588835590411323, -0.3956516013429623, -0.20082157119682567, -0.6641651713180996, 0.030056139844982267, 0.7078055454831483, 0.6717175125333374, -0.05041271143385465, 0.40532282554424387, 0.5674073648602624, -0.04881861234084124]], "inverted": false, "swapped": false, "error_lsq": 0.04810479131076959, "error_max": 0.26701631857517527, "target": "727.xyz", "model": "9.xyz", "model_rescale": 3.877068213659057, "target_rescale": 3.745428008351094},
{"mapping": [13, 12, 3, 4, 6, 14, 1, 0, 2, 11, 8, 15], "R": [[-0.8937796508015955, -0.14257787724988058, 0.42524050222420695], [0.017001474737968633, 0.9366741127301889, 0.3497893028636633], [-0.4481839864048156, 0.3198642766237445, -0.8347562272126257]], "T": [0.13148629359299266, 0.08062861867842736, -0.01388048049423841], "aligned_model": [[0.4992638394256085, -0.6153563032366168, -0.08061754592465101, 0.451271874098474, -0.19758142828077677, 0.5018131795404219, 0.03536662028523033, -0.4032868618022821, 0.7940269403880397, -0.26570707342782185, 0.34536727831047587, 0.06754082940050218], [0.15377954389648707, 0.09851274386413109, -0.3596624201364797, -0.5064445135490407, 0.2481762087257101, 0.6845877759443828, -0.5739433454260088, -0.013521028978344868, 0.1121272107517506, 0.5339826418099978, 0.22771115233400607, 0.07151646450069939], [-0.6899182863044987, -0.023955664893402957, -0.4187472550379006, -0.11958289135781727, -0.5077902036370441, -0.3419245027498831, 0.5475490898127631, 0.5682874950493131, -0.03395753185403436, 0.41198667622108287, 0.7127174746899426, 0.048832930331380524]], "inverted": false, "swapped": false, "error_lsq": 0.03785810835250004, "error_max": 0.25239670654861857, "target": "727.xyz", "model": "10.xyz", "model_rescale": 4.260839863003843, "target_rescale": 3.745428008351094},
{"mapping": [4, 6, 10, 9, 5, 3, 8, 7, 2, 0, 1, 11], "R": [[-0.631847499412783, -0.7149199974418396, 0.29942968246914603], [-0.24158761965713207, -0.18541942126408295, -0.9524993754572724], [0.7364809294979839, -0.6741728528173268, -0.055559022758980836]], "T": [0.11456162436451345, 0.01984540778525832, 0.022797654001324896], "aligned_model": [[0.43378779136423834, -0.6559344421467854, -0.2479216551114708, 0.4511160087834456, -0.06076038869277672, 0.36641916181300416, 0.3617907662035678, -0.3424162737851524, 0.7910719268446238, -0.43450021551332185, 0.3715800469063486, 0.09786862211088285], [-0.09801372437203765, 0.27704248897484185, -0.42342064291597925, -0.6412857180186194, 0.36879459891248767, 0.6797264661691726, -0.5248208949804356, -0.07632302680863914, 0.11770581557931464, 0.6110943119695593, 0.3453045321118213, 0.041018227115804606], [-0.625513026051853, -0.18562693085469112, -0.23304384466193767, -0.2693838683078419, -0.5286618241084357, -0.047614284114835204, 0.4200756135155889, 0.4827198888114266, 0.07860336487485199, 0.36774706876508084, 0.6154852040713304, 0.07870996833121663]], "inverted": false, "swapped": false, "error_lsq": 0.04554555746283196, "error_max": 0.2784659005909938, "target": "727.xyz", "model": "11.xyz", "model_rescale": 3.890672605050136, "target_rescale": 3.745428008351094},
{"mapping": [7, 10, 4, 0, 12, 5, 1, 11, 8, 9, 6, 13], "R": [[-0.035862524271718155, -0.9618425886555801, -0.27124290590021527], [-0.8186232722540936, -0.1274053559551776, 0.5600212615588223], [-0.573210098896435, 0.24212953128907488, -0.7828176496482896]], "T": [0.11757797440009965, 0.001836486005300099, 0.10794389069939048], "aligned_model": [[0.3650864767240145, -0.7132493832628689, -0.12269411895927773, 0.4147849524750586, -0.20325096396033304, 0.3349015037612375, 0.2006309172108543, -0.3452080036879116, 0.8316293903735336, -0.0807994378995901, 0.3474042821061097, 0.10286573389577733], [0.2520131555532641, 0.059624796572487294, -0.4676352521909023, -0.5081586344941543, 0.3865562095024788, 0.6906955386068235, -0.6132393102097479, 0.004167156010415306, 0.058373314502449605, 0.7162903774176944, 0.0928046687483616, 0.005330413718120548], [-0.6686611218827218, -0.21752026610304787, -0.3534915349160259, 0.09158757700975712, -0.44359185012602953, -0.18052772154349522, 0.5770731521947023, 0.40557767634494213, 0.029680181306397338, 0.344634522867981, 0.6284849572409312, -0.059748242123490086]], "inverted": false, "swapped": false, "error_lsq": 0.04788605809592509, "error_max": 0.26186790141963834, "target": "727.xyz", "model": "12.xyz", "model_rescale": 4.124412569039231, "target_rescale": 3.745428008351094},
{"mapping": [11, 5, 7, 9, 10, 2, 3, 0, 8, 4, 1, 12], "R": [[0.22917967573864345, -0.9474320756750996, 0.2232692056919248], [-0.7261463999201155, -0.3191604952929743, -0.6089728927689633], [0.6482191620982722, -0.02256191982780026, -0.7611194897401445]], "T": [0.05890945249062998, -0.0780654343551744, 0.11325328271537585], "aligned_model": [[0.6038666632130593, -0.68865861793328, -0.25971613539938465, 0.3756604223703499, -0.03765262644684732, 0.392658346281788, 0.03581715809863956, -0.2896243144376619, 0.7395022094144644, -0.2850799753944675, 0.48633429972942066, 0.058993919280523305], [0.2798645642219033, -0.01476930471715289, -0.37714334158277163, -0.551468503865558, 0.2541792199344396, 0.6895121747994516, -0.6496825402223506, -0.03189946362233334, 0.07660894481009525, 0.6247345146201594, 0.36637525635509305, 0.010510913006315223], [-0.6387178709446151, 0.008939050092346607, -0.33631074461126365, -0.17691844033633017, -0.5385894336700712, -0.09127496341842206, 0.5392509423165456, 0.5749461566598358, -0.05337641617139316, 0.19084040131813282, 0.6448967453034243, 0.0298119037317109]], "inverted": true, "swapped": false, "error_lsq": 0.0408998644658368, "error_max": 0.23711847714201728, "target": "727.xyz", "model": "13.xyz", "model_rescale": 3.9028299243045295, "target_rescale": 3.745428008351094},
{"mapping": [13, 7, 4, 8, 10, 14, 2, 6, 12, 9, 1, 15], "R": [[-0.8036794693104895, -0.4959055241832057, 0.3289027541590219], [0.20818900494286913, -0.7521115791013989, -0.6252883421290518], [0.5574555128704963, -0.43405746585697624, 0.70769871237986]], "T": [0.1017642075480772, -0.08718450102635819, 0.04833164794362279], "aligned_model": [[0.5562481196968767, -0.6953101858358767, -0.30402759642877636, 0.5957467662434873, -0.18260699926353258, 0.2621053108060136, 0.29923867294079415, -0.2583662324084955, 0.7848472236658647, -0.25117446029121543, 0.2983983594645703, 0.02700237018689404], [0.2005379681049038, 0.31078939097237346, -0.37172909055878967, -0.6658157248610005, 0.268881566580808, 0.7351657130975383, -0.5895220861657726, 0.07581727064036367, 0.040864252366857284, 0.5773197962216687, 0.09679147168764957, -0.0022780943493093675], [-0.5375962538925728, -0.11573281663098903, -0.4139784885186221, -0.08461307013868222, -0.5413314544158956, -0.23641650168928005, 0.5491415476360574, 0.5851228092898508, 0.013098158097225317, 0.2346480244283363, 0.6396747019375141, 0.061480674166958425]], "inverted": true, "swapped": false, "error_lsq": 0.044490527075700136, "error_max": 0.22078962606791103, "target": "727.xyz", "model": "14.xyz", "model_rescale": 3.942246331269136, "target_rescale": 3.745428008351094},
{"mapping": [10, 1, 5, 9, 3, 4, 7, 0, 6, 12, 8, 14], "R": [[-0.3808285336390955, -0.6972243297065098, -0.6073284630507652], [0.019046592704531795, 0.650768356474481, -0.7590373992879736], [0.9244494876804485, -0.30063063762166886, -0.23455141110329064]], "T": [0.17140390125719782, 0.1409431797229673, -0.01649323486424633], "aligned_model": [[0.6787863456178315, -0.637010343747372, -0.25455915291741704, 0.5046972904886943, -0.3083523266855357, 0.3255270606824958, 0.33154326984931914, -0.2145167350769052, 0.6349894984610567, -0.3909163314622246, 0.3685874570869304, 0.09332531647973105], [0.08837184064641257, 0.18173108042163125, -0.22349087689317318, -0.5584759975657682, 0.3964610296862562, 0.5374534788805272, -0.5360284782007955, -0.14683585419348136, -0.06429958461653837, 0.7035234287012816, 0.18106461292660447, 0.11734775394433393], [-0.5152916164830004, -0.054495753345341215, -0.3140211378341225, -0.23533253039339083, -0.48669799940938013, -0.4198412376030118, 0.4805422418614174, 0.539353842089347, 0.2196279016098962, 0.1715909949282086, 0.7307348710015729, 0.037327753847705564]], "inverted": true, "swapped": false, "error_lsq": 0.055547394493553136, "error_max": 0.2801525576285739, "target": "727.xyz", "model": "15.xyz", "model_rescale": 4.355366556412066, "target_rescale": 3.745428008351094},
{"mapping": [3, 8, 10, 7, 6, 4, 9, 1, 5, 2, 0, 11], "R": [[-0.8537306080549021, -0.028631794059921195, 0.5199271768614497], [-0.41981172091654306, -0.5528720724807905, -0.7197851001874699], [0.30806195456644364, -0.8327740941213925, 0.45998384787837565]], "T": [0.08962079225496099, 0.009885493943968766, 0.045114108606448995], "aligned_model": [[0.5048326100433451, -0.6635942096941706, -0.3069911099654543, 0.53720901036445, -0.1440063509958434, 0.34550849718417875, 0.2544288959199083, -0.236044182829595, 0.7151612640768832, -0.3304566954029073, 0.3563579812030085, 0.09969563887280106], [0.018431281425870714, 0.12693864142598632, -0.3527181814625339, -0.6770348911106534, 0.36716914528861994, 0.7140558678223703, -0.5715186500415831, -0.0773160838701569, -0.02308767880181533, 0.6709451707813835, 0.3744572106457965, 0.10650060163400582], [-0.4633572521645301, -0.03235741723507556, -0.28420848732053655, -0.31302872796261966, -0.657639556213459, -0.136531970775278, 0.474950141943353, 0.4704792132338852, 0.19799239322817605, 0.3405128387453376, 0.5927022695445949, -0.03601611475394701]], "inverted": false, "swapped": false, "error_lsq": 0.042551228020779215, "error_max": 0.24324621674623365, "target": "727.xyz", "model": "16.xyz", "model_rescale": 3.795458400668931, "target_rescale": 3.745428008351094},
{"mapping": [9, 1, 6, 8, 5, 10, 7, 0, 11, 2, 4, 12], "R": [[-0.06972827892826083, -0.11095613522458123, -0.9913761663333084], [-0.48741085312024923, -0.8633045598036736, 0.13090415303868913], [-0.8703841837822502, 0.49233522429154936, 0.006115516617291095]], "T": [0.10206649600310179, -0.04654745864952312, 0.1160909891784512], "aligned_model": [[0.41445398265556144, -0.6722245551871553, -0.202303215218554, 0.47637122901924384, -0.22095476644400946, 0.3295373555674975, 0.2368027995814489, -0.4300975836518651, 0.9115529903765107, -0.16576627401736377, 0.30716220122374116, 0.1475671848715485], [0.13815981827820037, 0.23653824923491748, -0.39031939782563196, -0.5169429661802485, 0.2743131736736566, 0.6198167296249023, -0.43572533432802224, -0.1981143357124852, -0.0541555848352492, 0.5849533994743004, 0.30288291888378266, 0.1154157634491676], [-0.7001462061682929, -0.07134556561301042, -0.38045284952435876, -0.194248833679267, -0.512623829047644, -0.0915612193013226, 0.6276194723798955, 0.3278438204952293, 0.11233585056567796, 0.2922162798467861, 0.6174191764383079, 0.1264412338778994]], "inverted": true, "swapped": false, "error_lsq": 0.043125961033869474, "error_max": 0.2595621643947953, "target": "727.xyz", "model": "17.xyz", "model_rescale": 3.7474275329858107, "target_rescale": 3.745428008351094},
{"mapping": [5, 0, 8, 10, 4, 9, 11, 1, 12, 2, 7, 13], "R": [[-0.46853839557863874, 0.42956234358691353, 0.771976660813469], [0.8715733074611403, 0.08199846863831184, 0.4833593082399683], [0.1443320532308881, 0.8993066463187573, -0.41281450349650484]], "T": [0.07343478093289119, 0.025105992643631787, 0.05351453365995493], "aligned_model": [[0.5036829664277498, -0.7282875662060664, -0.239715294174565, 0.4048329201051028, -0.12266193111947934, 0.3819234687528849, 0.33302270570631815, -0.34944115040969725, 0.8154139116359918, -0.29517219678467793, 0.4349624865610061, -0.00645897171796328], [-0.02570611125970245, 0.1989654786193562, -0.34307641143722933, -0.5304464843086615, 0.3307747885335953, 0.5935354250684765, -0.4436557676971767, -0.12453646841955299, 0.11831231603601841, 0.5502497916316829, 0.2580775813667409, 0.09432829560374356], [-0.525730289921225, -0.10821532757515182, -0.47868204562643246, -0.18726771063730172, -0.6930365287343299, -0.11808638619871767, 0.5378833839796946, 0.5801087772173341, 0.05757337515045827, 0.35713536656178246, 0.6719328701825704, 0.05988184587121965]], "inverted": false, "swapped": false, "error_lsq": 0.0399555049394374, "error_max": 0.23953234724561026, "target": "727.xyz", "model": "18.xyz", "model_rescale": 3.922800546911778, "target_rescale": 3.745428008351094},
{"mapping": [12, 4, 8, 5, 13, 7, 1, 6, 3, 10, 2, 14], "R": [[-0.16441098107730445, 0.9655728902301883, -0.2015887470909989], [0.9066618294601083, 0.22842535250934515, 0.35466348181202756], [0.38850142380852, -0.12446225123908797, -0.9130037194421776]], "T": [0.1119413371534663, 0.04655190639067864, 0.027364270797428623], "aligned_model": [[0.5416936689851902, -0.5788639080401461, -0.2004396781342284, 0.5186272919764856, -0.17720694303077464, 0.4583872763217639, 0.104541442244762, -0.45003656710143425, 0.73144582532485, -0.30786003206985124, 0.3317773904799417, 0.16003558182004557], [-0.0012761648070723705, 0.2605827509329734, -0.39490868567944926, -0.5631483110324735, 0.2841260999102793, 0.6702950751758145, -0.4649605405729422, -0.20230008465174276, 0.20040284776315825, 0.494497206285758, 0.2685223523124533, 0.1249898881005338], [-0.629628463909137, -0.001722665955517285, -0.25885470299456137, -0.18572232946069364, -0.5486266331760561, -0.3319833181555636, 0.5624187372702116, 0.34044779574980305, -0.013785705623207665, 0.5505396390664642, 0.67198058581196, -0.0015656083538012136]], "inverted": false, "swapped": false, "error_lsq": 0.04558647106081106, "error_max": 0.2648552733274485, "target": "727.xyz", "model": "19.xyz", "model_rescale": 3.9282355846067225, "target_rescale": 3.745428008351094},
{"mapping": [5, 8, 7, 2, 6, 3, 10, 11, 1, 4, 0, 13], "R": [[-0.01928845516834643, 0.8768719593411881, 0.4803368842993057], [0.8161010436089716, -0.2637314549159314, 0.5142225260607255], [0.5775872593102848, 0.4019219907010214, -0.7105291487851585]], "T": [-0.07473890726265635, -0.010426929113515247, -0.05136230270640124], "aligned_model": [[0.4200224211638412, -0.7628755595813227, -0.13414207976669476, 0.565415580864177, -0.1356177053436543, 0.3700224054392587, 0.21190941844127936, -0.2220184451835981, 0.654648256927957, -0.21440489559410386, 0.3189441810069344, 0.060197770402530285], [0.10534264641800847, 0.31367083039104166, -0.4594947784333653, -0.5134351877417002, 0.3081024291645676, 0.5961956489154687, -0.6113667283383875, 0.059730923535153226, 0.05525549193608754, 0.5390773416799178, 0.310071321831309, -0.026327505620809773], [-0.5304226178270447, -0.044279284425261065, -0.4790387062913109, -0.17746199914850602, -0.6185279521565685, -0.07484616292348295, 0.49539033246801284, 0.6463122523316023, 0.10732285912560657, 0.22775472117961953, 0.5670966574103269, 0.03419723052690697]], "inverted": true, "swapped": false, "error_lsq": 0.043282988425688645, "error_max": 0.21351242276017265, "target": "727.xyz", "model": "20.xyz", "model_rescale": 4.067790424073018, "target_rescale": 3.745428008351094},
{"mapping": [11, 1, 13, 6, 10, 12, 4, 8, 3, 7, 0, 14], "R": [[-0.1369401051506939, 0.984167265181968, 0.11252644909337177], [-0.9622150414336883, -0.15914713649428766, 0.22093981756223668], [0.2353499981731097, -0.07801912002781669, 0.9687741714507063]], "T": [0.10422574839285692, -0.0049294026790557485, 0.06036515694489681], "aligned_model": [[0.4277987231891805, -0.6825447793372164, -0.2074443782478631, 0.5277747978980747, -0.2262951135408227, 0.41301892445592486, 0.08568002002436936, -0.262720130364272, 0.93894480402445, -0.30340168210093527, 0.33801783914389494, 0.08327232363181927], [0.025357396209442697, 0.21063561373827464, -0.23683305573218352, -0.601510901558212, 0.3081957091571331, 0.6242320683167842, -0.6278004353895231, -0.06302633995143825, 0.1483614865772303, 0.48782009869836984, 0.3637008047323017, 0.03768998893911114], [-0.4985762476528422, -0.028116262975654914, -0.5220487276230878, -0.050330915947042414, -0.6208069547257589, -0.24917722259128472, 0.5645082192850989, 0.4929658558206393, 0.0012803188953725356, 0.4446850289397149, 0.620642818472712, -0.0015285796279657857]], "inverted": true, "swapped": false, "error_lsq": 0.042609381801918735, "error_max": 0.24987433168987502, "target": "727.xyz", "model": "21.xyz", "model_rescale": 4.186013935880536, "target_rescale": 3.745428008351094},
{"mapping": [10, 8, 11, 4, 9, 1, 3, 5, 7, 2, 0, 12], "R": [[-0.7872826228556282, -0.6165589144132599, 0.006416915700361403], [-0.3399040410079023, 0.42529271298170346, -0.8388035235924806], [0.5144427224250153, -0.6625565736917908, -0.5443964290861336]], "T": [0.10611010307343818, 0.06283882554917135, 0.014919303766815903], "aligned_model": [[0.4785530560130876, -0.6004658242684416, -0.26948078902868877, 0.48344529740913067, -0.02957210247632866, 0.4021891258863983, 0.10207213266911627, -0.2952669638352562, 0.8005031718028331, -0.39685689143104164, 0.3475449816555104, 0.10943615438028441], [-0.07119814328964409, 0.22821834040204592, -0.3948612484622678, -0.514419005549377, 0.34417927456627034, 0.7309371502378118, -0.6939365697563461, -0.06264067909961281, 0.18747682013525843, 0.4904570595685829, 0.41449217635795094, 0.01811725862661817], [-0.719668860055582, -0.23220051670820538, -0.20509911076185716, -0.21313265592551123, -0.5216332575748854, 0.04816199816273555, 0.5437040904161484, 0.6642960204634691, -0.1865934161468056, 0.35235974479047544, 0.5978751865533173, 0.025428107056601763]], "inverted": false, "swapped": false, "error_lsq": 0.050720205120937494, "error_max": 0.2386780447922573, "target": "727.xyz", "model": "22.xyz", "model_rescale": 4.166573947596378, "target_rescale": 3.745428008351094},
{"mapping": [10, 12, 9, 8, 14, 13, 4, 2, 7, 6, 1, 15], "R": [[-0.9800747927819069, -0.0019475466384660809, 0.19861925288247723], [0.0006320789731214019, 0.9999162875039442, 0.012923562221827313], [-0.1986277952092158, 0.012791600619965579, -0.9799915172714024]], "T": [0.012550690739829548, -0.027641672749804537, 0.029960201101689517], "aligned_model": [[0.45551908201495844, -0.5238416469647872, -0.14148086608454147, 0.4724250070918024, -0.14662006722936882, 0.36232628060887717, 0.24058992720876132, -0.28912090911669286, 0.7036987106846618, -0.25809716419515316, 0.21681460290560767, 0.039888391852478895], [0.17514503552284016, 0.3143768239492689, -0.39733613853496097, -0.6856527505895718, 0.33635893563553376, 0.63817452836276, -0.5108847193514084, -0.07634885914382727, 0.12804644800058151, 0.5290058267989369, 0.21606857916071243, 0.009868723926425724], [-0.5388963611204125, -0.12716383651413554, -0.41730867524919457, -0.06810189565918756, -0.6542517471445103, -0.3588314680008483, 0.5342694097291549, 0.6294859261733297, -0.067329424418027, 0.4726801259210839, 0.6679105347230343, 0.0810347418296137]], "inverted": false, "swapped": false, "error_lsq": 0.041671429341487876, "error_max": 0.2324197098087526, "target": "727.xyz", "model": "23.xyz", "model_rescale": 4.274766983524099, "target_rescale": 3.745428008351094},
{"mapping": [10, 8, 3, 7, 2, 1, 9, 4, 5, 0, 11], "R": [[0.6830560186205104, 0.7303380246662303, 0.006391021274105763], [0.5874482605616613, -0.5441753806598929, -0.5989805474693978], [-0.43398043341765513, 0.4128916623162663, -0.8007380711570636]], "T": [-0.2011811705919896, 0.069810036783138, -0.006208079917367167], "aligned_model": [[0.2859383568077265, 0.3198290957942501, -0.33851963672339114, -0.44385791969835836, -0.5716915489427621, -0.5589782385292372, 0.054647149632360725, -0.0752820234456805, 0.48831083279097454, 0.26485334854337983, -0.0453547122711874], [-0.259733968948335, 0.4684458228030818, 0.7644433351547772, -0.34116082921106605, 0.38983670951728744, -0.36401893546062813, -0.6639823033671528, 0.15415116699382153, 0.026847991208351532, 0.6914910019813433, 0.049266540572002554], [-0.5854728298904177, -0.28255512349278056, -0.3532465329723372, -0.3191581920684362, 0.1680503652126576, 0.47938706448356694, 0.05990883580176925, 0.678811814051997, 0.2230385258038395, 0.3621353535701647, -0.051332846478445826]], "inverted": false, "swapped": true, "error_lsq": 0.05596131042033823, "error_max": 0.37686246670956325, "target": "727.xyz", "model": "24.xyz", "model_rescale": 3.7841303162186577, "target_rescale": 3.745428008351094},
{"mapping": [13, 2, 9, 10, 12, 3, 0, 1, 11, 4, 6, 15], "R": [[0.8256213725400455, 0.5145538838983368, 0.23148142424442802], [0.22846224451536634, -0.6800028678750059, 0.6967073291653884], [0.5159014945084894, -0.5223316956177412, -0.6789810363456427]], "T": [0.07784679075201159, -0.06602061507624857, 0.023255254061346972], "aligned_model": [[0.5100655386662989, -0.6333955909084917, -0.22439084194928552, 0.41883335168222013, -0.11589223469311077, 0.298346845908838, 0.062120869278606466, -0.3005081896358026, 0.8316392202015229, -0.23810147454354644, 0.41234313371405906, 0.11104072105529583], [0.2648129676913068, 0.12702737679737744, -0.30544243776403707, -0.7342379718791421, 0.2502681781810032, 0.704949631926812, -0.5150000517703894, -0.0878997372031049, 0.06951850385064812, 0.5178497299743412, 0.3985184332154005, -0.013542189282924944], [-0.5386487339433919, -0.13693143480722686, -0.4165973493481325, -0.18282442618283057, -0.6382570252710791, -0.05411716702670995, 0.6059216338802086, 0.6631030536464505, -0.030164683301123527, 0.3638084168503427, 0.4640977672112635, 0.054107278562129955]], "inverted": false, "swapped": false, "error_lsq": 0.04053564518983264, "error_max": 0.226054900578893, "target": "727.xyz", "model": "25.xyz", "model_rescale": 4.19342608120988, "target_rescale": 3.745428008351094},
{"mapping": [3, 8, 10, 7, 6, 4, 9, 1, 5, 2, 0, 11], "R": [[-0.8537306080549021, -0.028631794059921195, 0.5199271768614497], [-0.41981172091654306, -0.5528720724807905, -0.7197851001874699], [0.30806195456644364, -0.8327740941213925, 0.45998384787837565]], "T": [0.08962079225496099, 0.009885493943968766, 0.045114108606448995], "aligned_model": [[0.5048326100433451, -0.6635942096941706, -0.3069911099654543, 0.53720901036445, -0.1440063509958434, 0.34550849718417875, 0.2544288959199083, -0.236044182829595, 0.7151612640768832, -0.3304566954029073, 0.3563579812030085, 0.09969563887280106], [0.018431281425870714, 0.12693864142598632, -0.3527181814625339, -0.6770348911106534, 0.36716914528861994, 0.7140558678223703, -0.5715186500415831, -0.0773160838701569, -0.02308767880181533, 0.6709451707813835, 0.3744572106457965, 0.10650060163400582], [-0.4633572521645301, -0.03235741723507556, -0.28420848732053655, -0.31302872796261966, -0.657639556213459, -0.136531970775278, 0.474950141943353, 0.4704792132338852, 0.19799239322817605, 0.3405128387453376, 0.5927022695445949, -0.03601611475394701]], "inverted": false, "swapped": false, "error_lsq": 0.042551228020779215, "error_max": 0.24324621674623365, "target": "727.xyz", "model": "26.xyz", "model_rescale": 3.795458400668931, "target_rescale": 3.745428008351094},
{"mapping": [8, 2, 9, 11, 1, 6, 4, 3, 5, 0, 7, 12], "R": [[0.7807541044496199, -0.199347251691132, -0.5921855297356268], [0.1512574092593011, 0.9798522452056556, -0.13042535685057746], [0.606254257328752, 0.012257683656736993, 0.7951764110322533]], "T": [0.09777788040289531, -0.043549426982165386, -0.05996781139832073], "aligned_model": [[0.5886072664429428, -0.7632655545147049, -0.2640434166836484, 0.4292259045303389, -0.09092502535972519, 0.4389633509252777, 0.13199339357479706, -0.26419197312411097, 0.7591578265252295, -0.35150105383227254, 0.35754800858142116, 0.16053262171105906], [0.05888752442271581, 0.13428399722992085, -0.2677769821743281, -0.65341254059332, 0.2941236933646221, 0.6666927633444988, -0.7477923657871944, -0.031040263395534735, 0.2916925238552502, 0.5663444709028673, 0.3083091114754912, 0.05651050109230176], [-0.5884986949733457, -0.10256347218092941, -0.11637386233760398, -0.23254759495322036, -0.5079870606535696, -0.3056005971991365, 0.3891806767859598, 0.5833811645174398, 0.07060733610753779, 0.2827435316704887, 0.6248118232652476, 0.05634408022103257]], "inverted": true, "swapped": false, "error_lsq": 0.0476144061322881, "error_max": 0.27097248633074084, "target": "727.xyz", "model": "27.xyz", "model_rescale": 3.6321398670334006, "target_rescale": 3.745428008351094},
{"mapping": [3, 12, 8, 0, 7, 4, 11, 9, 1, 6, 13, 14], "R": [[0.6711490380814465, 0.7333464493556604, -0.10845254215459987], [-0.7372376341693513, 0.6449330266700043, -0.20135059442337244], [-0.07771511723420946, 0.2150915533620829, 0.9734967818259902]], "T": [0.12026089053360127, -0.07561108729970495, -0.0009202185858439571], "aligned_model": [[0.4453485665595512, -0.6267989363914509, -0.22786304964587462, 0.40832865374121974, -0.11510411104447958, 0.3016846309407468, 0.30205278113123624, -0.3046419347373495, 0.6914949467945097, -0.16459155184688656, 0.26152785153897756, 0.16066350173640404], [-0.10205438576034105, 0.24239920769016216, -0.2501832148908925, -0.610167952038313, 0.3005608693456641, 0.7213380090832737, -0.4266148847382533, -0.16358107943654104, 0.27217843727597457, 0.5466952459435108, 0.19191875982944817, -0.0456665785664018], [-0.605220503895078, -0.15674318908480014, -0.34057285045665103, -0.1447173547924991, -0.6365186445354378, -0.1366582624426253, 0.5053147852566098, 0.5073031877822984, -0.002058510919466655, 0.36718486262877453, 0.7573335374466648, 0.038850273282110714]], "inverted": true, "swapped": false, "error_lsq": 0.047558937250255645, "error_max": 0.2743526612238945, "target": "727.xyz", "model": "28.xyz", "model_rescale": 4.156811204709835, "target_rescale": 3.745428008351094},
{"mapping": [0, 2, 4, 1, 6, 3, 5, 10, 9, 11], "R": [[0.9948175598429724, -0.044283950221318216, -0.0915257033891037], [-0.061894462697818814, -0.9779232441730251, -0.199587584767827], [-0.08066658611483872, 0.20421816828799055, -0.9755961467870172]], "T": [-0.0668651430341235, -0.07532997604938202, 0.016742005024546213], "aligned_model": [[-0.6418087492486922, 0.026069314864891238, 0.05385032915728605, 0.635188882247767, -0.18989701242812168, -0.569569689426185, -0.3978217229754647, -0.3814618076916004, 0.27936938706202713, -0.1709935574513195], [-0.02476958019404954, -0.5151882809460782, 0.11688934419083846, 0.025921879227251393, -0.5261368646599822, -0.6821852733665736, 0.5233503615795814, 0.3708213961912076, 0.5844221357450572, 0.0455952128589517], [-0.6206242762869377, -0.2439280461406731, -0.647107213044719, -0.2043850413467017, 0.7256655871535704, 0.045512624405961474, -0.23195170590059738, 0.6359432872286761, 0.2472188489549936, 0.05244266195152679]], "inverted": true, "swapped": true, "error_lsq": 0.05311705794923136, "error_max": 0.300814439652785, "target": "727.xyz", "model": "29.xyz", "model_rescale": 4.117894457231895, "target_rescale": 3.745428008351094},
