[{"mapping": [10, 14, 9, 13, 0, 2, 3, 8, 4, 12, 1, 5, 11, 15], "R": [[0.36838464509706215, -0.8960777431194339, -0.2476639488151103], [0.6091907787460199, 0.031434217275427154, 0.7924004575182293], [-0.7022672912413973, -0.44278275516359406, 0.557462181122816]], "T": [-0.0761276586900133, 0.034630594116555787, 0.17761690217629023], "aligned_model": [[0.17113625400128146, 0.25918113519395986, -0.48736764500243973, -0.39368065575158323, -0.5941319932785493, -0.18353981891520826, -0.7360245864291959, 0.002402333398960274, -0.33075970180606273, 0.15004715420932818, 0.6369253958001392, 0.2781763981665389, 0.6096720549217982, -0.010544223380663104], [-0.5777402075915224, -0.24987586759523317, -0.40575296774977865, -0.3209383069648829, 0.2548910969084773, 0.2777340437804442, 0.09220776079806503, 0.572223936177533, 0.667940881486924, 0.002950758051122028, 0.35227868649590294, 0.7341735324699968, -0.20603686990149134, 0.04121685544447786], [0.3175176489856325, -0.4079967889091737, 0.24599376180835258, -0.3693508839923073, 0.6285539283588801, -0.586542103009995, -0.08740958372655094, 0.5873384606759123, 0.0892854919136089, 0.8865532778078157, 0.36170728712779365, -0.05997734823634698, 0.16840615240919948, 0.12350878596701181]], "inverted": true, "swapped": true, "error_lsq": 0.039922268034972876, "error_max": 0.2374701908201452, "target": "728.xyz", "model": "0.xyz", "model_rescale": 3.8414455957264533, "target_rescale": 4.282892007795498},
{"mapping": [10, 9, 6, 13, 14, 2, 5, 11, 8, 1, 4, 7, 0, 12, 15], "R": [[0.6079026305256006, 0.035680984623502554, 0.7932094673769043], [-0.7826676591332986, -0.14133515995169466, 0.6061812500467427], [0.13373753080888673, -0.9893185735129642, -0.05799166280954367]], "T": [-0.0433037177368003, 0.07071056735489105, -0.14449379878755775], "aligned_model": [[-0.6568495298389383, -0.4818761906919151, 0.16532998288546363, -0.3971592218119545, -0.3290022613836947, 0.20067951472636492, 0.6547693883399656, -0.2870365087349066, 0.4937173012165825, 0.2710498228562002, 0.5911873161548866, -0.4184526246002082, 0.1790387324528211, -0.07636860397393969, -0.03698296409218273], [0.12708876547949333, 0.26430074497172423, -0.6336522809299971, -0.3496546191340804, -0.590003078212225, -0.6220786777683173, -0.2661407352808956, -0.1516603497995736, 0.43503679715815174, 0.023004609763939005, 0.06560936330742277, 0.7120547967485992, 0.6604847921051168, 0.6738095713766502, -0.0011551717429932606], [0.13135524596330828, -0.5158540442821247, 0.29114169525474837, -0.6183316409751933, -0.009760247220465007, -0.4837442795955576, 0.12115230718659359, 0.5031731025856311, 0.06025028553420325, 0.5918079274555241, -0.41117139653043194, -0.19203780756608627, -0.4950898341174023, 0.2913132082038805, -0.09902273455709293]], "inverted": true, "swapped": true, "error_lsq": 0.035672624716126394, "error_max": 0.2219208877222666, "target": "728.xyz", "model": "1.xyz", "model_rescale": 4.316132596720782, "target_rescale": 4.282892007795498},
{"mapping": [3, 13, 9, 8, 0, 4, 12, 5, 10, 2, 11, 15], "R": [[-0.05094219021272499, 0.15710106782655275, 0.986267787035594], [-0.3626228370145381, 0.9172424577683103, -0.16483613603417696], [-0.9305426219856126, -0.36604033678668096, 0.010242095158457351]], "T": [0.024138952095676326, 0.03215781511824958, -0.09193454788465127], "aligned_model": [[-0.14906620854561092, 0.4467615264418156, 0.1554709804079729, -0.5616858424902682, -0.5841160448956919, -0.5115194100597045, -0.2264246535246037, -0.2386395956900351, 0.5143930169326953, 0.19144095513103898, 0.487626549314464, 0.07356728160970871], [-0.6173577059719932, -0.5061565037460536, -0.4694620955060873, 0.3771779833035319, -0.26083025412820937, -0.01788379399066453, 0.401347397749221, 0.5241450276957647, 0.09476736998064864, -0.1736171058151054, 0.579543373911076, 0.08110273425885176], [0.14712126941078207, 0.14900270997292392, -0.4063558678393858, -0.1204951882640265, -0.34564940996277793, 0.33735299202349905, -0.6883122589974011, 0.5082643629925345, -0.5517613150617338, 0.6724229380505922, -0.20972763166979, -0.0426041394457955]], "inverted": false, "swapped": true, "error_lsq": 0.04240877533924561, "error_max": 0.21785775216090525, "target": "728.xyz", "model": "2.xyz", "model_rescale": 3.795458400668931, "target_rescale": 4.282892007795498},
{"mapping": [10, 12, 1, 4, 14, 2, 8, 9, 0, 3, 6, 15], "R": [[0.4221546910375249, -0.8881714113211268, 0.18148542902076248], [-0.8049640938130647, -0.275198150674945, 0.5256413088188581], [-0.4169151286613665, -0.3679911982329585, -0.831122285537061]], "T": [0.09693788642028403, -0.03082445496468472, 0.002561826789053548], "aligned_model": [[0.07356463369515845, -0.23660724024517557, -0.7043484978088702, 0.10896882432110472, 0.0150754721279336, 0.25489023858441445, -0.25591459190205657, 0.6204556730680355, 0.3950326831786475, 0.7260820298562599, -0.449640778426313, 0.04574537929442666], [-0.17394101610750826, -0.6875836543149139, -0.056621986965798315, 0.062145519658930726, 0.5801027152050263, 0.718898606522595, -0.37392349068746616, -0.20825402643457747, -0.5479524710925728, 0.11483877953470528, 0.6234926287909227, 0.03456744118036639], [-0.6567415944408945, -0.10773071712628506, 0.025119679816041032, 0.6844222786861387, -0.3928946778648518, 0.26245032235970817, 0.4724804333721769, -0.24679590232499793, 0.4074142547258076, 0.30584056407223237, -0.047977700206100024, -0.01681551042987498]], "inverted": false, "swapped": true, "error_lsq": 0.041471166646878506, "error_max": 0.22109069359233596, "target": "728.xyz", "model": "3.xyz", "model_rescale": 3.7530521520055578, "target_rescale": 4.282892007795498},
{"mapping": [14, 1, 5, 8, 2, 12, 13, 10, 9, 0, 15], "R": [[-0.37809088244039196, -0.42719865372340726, -0.8213090739011438], [0.7596841567361065, 0.36384846766545825, -0.5389752077615899], [0.5290815311647127, -0.827717103142376, 0.18696826079844903]], "T": [-0.05745399850888332, -0.021375878778403065, 0.07243196617086764], "aligned_model": [[-0.46367978815381605, -0.09139770283921338, 0.4092294792060943, 0.38965973637782814, 0.2055994829858921, -0.18462918465957406, -0.23534424927423125, -0.7153244483040585, -0.26739326280131714, 0.3725244592864405, -0.08104491937883973], [-0.6199604486840833, 0.08457784945146449, -0.3217103629062851, 0.3541226931725611, -0.7838478522788599, 0.6658097773884942, -0.5211573852892477, 0.12511797934667584, 0.10332872708787005, 0.46217559979738654, -0.08125321877163014], [-0.04156991844781065, -0.721832392435317, -0.5303519456962401, -0.27704685596802336, 0.13579599468717451, -0.1851564432786967, 0.5674232922540792, 0.11058535500774136, 0.6275046365677772, 0.39099730440492997, 0.016481750149701747]], "inverted": false, "swapped": true, "error_lsq": 0.04543696612701693, "error_max": 0.2658127094601656, "target": "728.xyz", "model": "4.xyz", "model_rescale": 3.7855080009869324, "target_rescale": 4.282892007795498},
{"mapping": [10, 13, 4, 5, 7, 6, 11, 9, 8, 3, 2, 12, 15, 0, 1, 16], "R": [[0.8152619011202524, -0.07977321386909515, -0.5735715011494101], [0.5395405053638455, -0.25512903948749466, 0.802374735570553], [-0.21034275754947776, -0.9636106099245609, -0.16495610563812907]], "T": [-0.047943669353974906, 0.09035163923372785, -0.005613985277670918], "aligned_model": [[0.33125673413705625, -0.32636404773383704, -0.5867570546560977, 0.0720905156079786, -0.3500299238344259, -0.6608213396971305, -0.6931152036327471, 0.6639191423669901, -0.1032285088957022, 0.481382018614996, 0.40899194462189237, -0.19190333244123944, 0.4183838525080829, -0.10771805633149165, -0.3835175476823336, -0.004489888583746465], [-0.21170159569304797, 0.7231304215153898, -0.3952485745682073, -0.7089481533083133, -0.422566925269841, 0.09902627553294024, 0.49301000591204186, 0.08802635123522173, 0.3052873231101187, -0.31117832570144827, 0.0654715811008168, 0.6030672282018175, 0.5448138390922715, -0.4873585216886857, -0.012336363225529279, 0.11591230840659238], [-0.5496132236381615, -0.22227211337894937, 0.13886214437746985, -0.04821540194511366, -0.46061718627463, -0.23007507310089526, 0.22688581988497303, -0.018261102478385305, -0.6734883089921359, 0.19688196212516532, 0.5743657686504225, 0.4180174621422052, -0.5109068290223464, 0.515108470497932, 0.665168606419491, 0.012964855482544889]], "inverted": false, "swapped": false, "error_lsq": 0.031681414233079415, "error_max": 0.2614283040990914, "target": "728.xyz", "model": "5.xyz", "model_rescale": 4.2253639853439635, "target_rescale": 4.282892007795498},
{"mapping": [10, 14, 3, 9, 13, 4, 0, 7, 5, 11, 2, 8, 12, 15], "R": [[-0.7379255230610585, -0.6651490826285075, -0.11420429192249386], [0.6350130342021479, -0.7416196201980506, 0.21623779810819588], [-0.2285265166418221, 0.08704617634195136, 0.9696383833036937]], "T": [0.05161487068728203, -0.010433458118612009, 0.024636065856039557], "aligned_model": [[0.5870677656777874, -0.10927503601843423, -0.41180001591234805, 0.204914090531491, -0.27057820659708326, -0.4595516933594254, 0.08326581107694708, 0.6221817156938411, -0.3938818967306617, 0.4214389282919664, -0.6950222137006433, 0.08464723629830188, 0.680150091265837, 0.03050557624020768], [-0.12864272721938794, 0.11895999904797838, -0.5379867572988053, -0.593248434503056, -0.47055326216117405, 0.11290364883684079, -0.3289547300643545, -0.4154543761679228, 0.6623909653034643, 0.44025959740574877, 0.02657135577918674, 0.3446833036494829, 0.16582898312897904, 0.04834158089800967], [-0.3690978877303402, -0.6779954736873623, 0.15093841339810488, -0.04287286195816842, -0.43462888528119803, 0.4687290036045794, 0.6709562640670934, 0.27905911314127824, 0.166701686613608, -0.4094524613559969, -0.2847816979764627, 0.6041585114253429, 0.38327860515451, -0.03343412048354004]], "inverted": true, "swapped": true, "error_lsq": 0.034964063180739816, "error_max": 0.23157850289453874, "target": "728.xyz", "model": "6.xyz", "model_rescale": 3.89814844738969, "target_rescale": 4.282892007795498},
{"mapping": [11, 1, 5, 10, 2, 8, 12, 14, 9, 0, 4, 3, 15], "R": [[-0.9242824726775762, -0.2084631894352339, 0.3197577354052835], [-0.27744737678315246, -0.2084228645465817, -0.9378607906562385], [0.26215427484054676, -0.9555642355094122, 0.134804035541003]], "T": [-0.10889413007186871, 0.015132567180025355, 0.041895204907802075], "aligned_model": [[-0.016820129968504308, -0.011680347409116887, 0.4133456439627737, -0.37362667295581625, 0.6457294172617245, -0.29739707854620223, -0.7182133469861833, 0.41778122449036986, -0.4068157853262157, -0.5745782846687575, 0.11331866762240247, -0.0006341364627522883, -0.041777370109499085], [-0.42542903633549584, 0.12443812130139824, 0.4895709424563963, -0.5928385813579378, 0.09240328985546138, 0.5807245144822248, 0.08146013881383131, -0.49051375830179483, -0.243052426073669, 0.48789511933598095, 0.6568304873160773, 0.2146406245640411, -0.012348170586028405], [-0.5288540967571153, -0.7466705914847286, -0.37465798691250213, -0.08458571675804955, 0.3232280715211769, -0.2861561693440568, -0.38128346638464056, -0.015150159688290296, 0.5026712887343902, 0.32442169704867757, 0.15399822602470145, 0.7182785521416777, -0.0029646173049444474]], "inverted": false, "swapped": true, "error_lsq": 0.044771506989581225, "error_max": 0.2622488061762334, "target": "728.xyz", "model": "7.xyz", "model_rescale": 3.7474275329858107, "target_rescale": 4.282892007795498},
{"mapping": [14, 13, 3, 2, 0, 5, 6, 1, 4, 8, 11, 12, 10, 7, 15], "R": [[-0.6786392116500689, 0.5959370415667362, 0.42931091635277485], [-0.7140237479124447, -0.39834161239113997, -0.5757551973318977], [-0.1721014463275613, -0.6972682427346832, 0.6958434377398759]], "T": [0.08196722201368267, -0.010902088880363661, -0.015536207982725515], "aligned_model": [[-0.46578335060145837, 0.13682228085215062, 0.5465532774345321, -0.18108046213093237, 0.7349995705788762, -0.37900912117117924, -0.7339418620262895, -0.4869821835438293, 0.23422816072997152, 0.16796031015149454, -0.5196683628679726, 0.2027910297701096, -0.04156347383672265, 0.5880696537495911, -0.0012417447495941536], [0.11653800270176697, 0.04014585138121217, -0.3135794233325835, -0.5286966764098419, -0.1715492220426713, -0.6440898541928981, -0.24253696224179688, -0.06363656986201663, -0.6749842989714601, -0.33195685715752216, 0.3655027123511233, 0.3242047297066883, 0.6509166062281952, 0.48349210453147545, -0.020652180710077926], [-0.48462856824427464, -0.7372203070039682, -0.46449539533730666, -0.5788037515189663, 0.24509500975455792, 0.2251228454865993, -0.11589047432308267, 0.5472691645688492, 0.08210220808055171, 0.5782434996060124, 0.14156554869805096, 0.6385696476037009, -0.06499166520772257, 0.21631345403947597, -0.03145656050621609]], "inverted": true, "swapped": true, "error_lsq": 0.04166519122467227, "error_max": 0.2779902436827627, "target": "728.xyz", "model": "8.xyz", "model_rescale": 4.019505241142653, "target_rescale": 4.282892007795498},
{"mapping": [10, 14, 9, 7, 12, 0, 3, 1, 8, 5, 2, 4, 15], "R": [[0.5269571140337913, -0.3181128817335402, -0.7881119174611944], [-0.4052504073837769, -0.9091507442684948, 0.09600537230449384], [-0.7470530819723995, 0.2687919616938428, -0.607998827337944]], "T": [-0.03676044312889446, -0.06353260816448225, -0.04794999721981533], "aligned_model": [[-0.30194276782849255, -0.7435817638615764, 0.14822586665698725, 0.4071935060442746, 0.27474554248938454, 0.6830857235023421, 0.2491154146985716, -0.29496635345304245, 0.3527282098782908, -0.2152400094672737, -0.39899727893816866, 0.2744316481947557, -0.1150969661748775], [-0.4478921382425851, 0.09835356523892652, 0.06187317131104361, -0.42278403648289237, -0.7400514217718476, -0.021258808825388158, 0.5676370801231218, -0.5940487246202631, -0.3102015947836527, 0.02459699185206199, 0.6198426000157654, 0.2915333858238091, -0.06422184152404042], [-0.5354494808778714, -0.15049655550889854, -0.6116740950756765, -0.5256139564347444, -0.0419701597625291, -0.06284306946202364, -0.21800275988784815, 0.4952963529712572, 0.45254807151178766, 0.7468587427515743, 0.18944933773609107, 0.45285880633729636, -0.014257740254535863]], "inverted": false, "swapped": true, "error_lsq": 0.047825984650235895, "error_max": 0.2951092960324157, "target": "728.xyz", "model": "9.xyz", "model_rescale": 3.877068213659057, "target_rescale": 4.282892007795498},
{"mapping": [8, 14, 12, 0, 11, 10, 6, 7, 9, 1, 4, 13, 2, 5, 3, 15], "R": [[0.8132794896406809, 0.47872117566509353, 0.3307604990013536], [0.34176669316311314, 0.06705289525488023, -0.937389693074491], [-0.47092674501895126, 0.8754027331507305, -0.10907820872239773]], "T": [-0.09369816604081266, 0.08416991562994079, 0.028443920724871494], "aligned_model": [[0.31548267335784425, -0.36028075963787637, -0.597750054097262, -0.10549891926449614, -0.40806510476385516, -0.6508913156536102, -0.646671807539684, 0.7189373557004617, -0.0178810789956331, 0.49537246642529026, 0.4033590276451479, -0.22481884456785153, 0.3119402747381273, 0.009983425708128213, -0.17542543732865304, -0.09971259735783328], [-0.19790640805106563, 0.7185193203726868, -0.4376137356944483, -0.7007309137952377, -0.35888108238338556, 0.2012422540393372, 0.21419355438516002, 0.03555766571329387, 0.3351120322937544, -0.5194958268316754, 0.22895789135751843, 0.8055387847609923, 0.5782178546013319, -0.4917884526553321, 0.08212232796630782, -0.004638391427100139], [-0.5617483564998619, -0.3404139111455823, 0.20696207406185618, -0.10406066721385117, -0.47109037965999945, -0.3946880221296055, 0.26848262655619737, -0.03111216527090844, -0.5772995293395282, 0.23213503871406022, 0.4644040886699704, 0.2735414896129941, -0.14968369451222768, 0.5466306899279277, 0.657791045323712, 0.014955523654433473]], "inverted": true, "swapped": false, "error_lsq": 0.03477114710067843, "error_max": 0.23721778155150966, "target": "728.xyz", "model": "10.xyz", "model_rescale": 4.260839863003843, "target_rescale": 4.282892007795498},
{"mapping": [7, 13, 2, 3, 5, 8, 12, 10, 14, 6, 1, 15], "R": [[0.6618310483735511, 0.40002166112823256, 0.6340049952776209], [0.1091005116293938, 0.7853299910628603, -0.6093881222172062], [-0.7416715861963238, 0.47248224915378295, 0.47611320341239416]], "T": [0.0210315138654876, 0.0048196485203646725, -0.17794035676509148], "aligned_model": [[0.47161528950739473, 0.10344248973565151, -0.45178955955959277, -0.28755409334083637, -0.5935359927262926, -0.33302879038771527, 0.31606897213378893, 0.6908042293901924, 0.20440680946479373, -0.1549230009242508, -0.023800011681985908, 0.01719230748298303], [0.18717316455609181, -0.7151615453219782, -0.538871781650594, -0.513386230068888, 0.2789327407132105, 0.5687173308104998, 0.6500167414054226, -0.001423974089985047, -0.38219354226019026, 0.004178928863412057, 0.6354205669358466, -0.0003238943599140013], [-0.7418916064186795, -0.142185356629359, 0.1900481021488141, -0.5590646331020055, 0.28951178802018884, -0.31831849411235735, -0.4047068715947697, -0.09382622610218189, 0.4161249597819602, 0.6578065696140929, 0.3155845716348874, -0.09290472584508565]], "inverted": false, "swapped": true, "error_lsq": 0.04370747947991394, "error_max": 0.27157949029194534, "target": "728.xyz", "model": "11.xyz", "model_rescale": 3.890672605050136, "target_rescale": 4.282892007795498},
{"mapping": [4, 0, 3, 5, 2, 11, 12, 6, 1, 10, 13, 9, 14, 15], "R": [[-0.7363719133029802, -0.5878690642125467, -0.3349124790753146], [0.4712230320132237, -0.8008323803364641, 0.3696164940920488], [-0.4854948603216854, 0.11435673109396657, 0.8667279150083547]], "T": [0.023545980416298004, 0.043439175736794206, -0.011054045958877975], "aligned_model": [[0.6257782597544348, 0.09381679079174317, 0.44562177589463847, 0.5563674332789206, 0.6893718645917002, -0.37940273703988187, -0.4949958152635268, 0.27929335871472755, -0.09387395630636401, -0.591318702162259, 0.19369357893426914, -0.20022139346632617, 0.04760910102164399, 0.03813627604997366], [-0.08399583261532403, 0.23188262692699674, 0.6000703212863008, -0.5733928643603519, 0.17000508448555562, -0.36933427153902343, -0.2827033553273852, -0.4570297816886062, -0.7452720622854621, 0.15330308379330365, 0.6202821538290499, 0.6008974541676635, 0.06766947045135507, -0.00022950729630708683], [-0.3189475923009117, -0.7036855932029836, -0.15607788630335928, 0.07238604520404603, 0.43079729478217127, 0.4311872068236389, -0.43472242837718167, 0.6320302625853733, 0.0748609144322737, 0.2450338375614785, 0.3948337240089405, -0.09411927955291789, 0.7204875921200531, 0.06072633757624016]], "inverted": false, "swapped": true, "error_lsq": 0.043825467062678355, "error_max": 0.2693769872225713, "target": "728.xyz", "model": "12.xyz", "model_rescale": 4.124412569039231, "target_rescale": 4.282892007795498},
{"mapping": [9, 0, 4, 10, 3, 13, 12, 14, 8, 11, 2, 5, 15], "R": [[-0.7747130200245862, -0.6091051772053696, -0.1697369132098279], [-0.09013211158346562, 0.3720741498595452, -0.9238165561775794], [0.6258561648381289, -0.7003939677837839, -0.3431506241087096]], "T": [0.03516490176459258, 0.11742803408162851, -0.0017431653139339063], "aligned_model": [[-0.16512885616332465, 0.0053449389868129304, 0.5718961619121754, -0.5233235493939212, 0.4613611050875407, 0.3021108574389302, -0.5628815483621297, 0.17690008885987316, 0.05308370474386927, -0.3161922971959909, 0.7692694263407474, 0.5364977774658206, 0.058360497789354406], [-0.23850124821054042, 0.4947726232477928, 0.518854944220174, -0.23699148499966788, -0.0922529947126826, -0.5391632183630632, 0.5610581648502326, -0.41792160892759556, 0.7975872561166175, 0.019687215481064432, -0.17997154347200867, 0.5621095423888491, 0.09821772888930536], [0.4465069427502601, 0.6121861564911175, 0.15477464743143424, -0.13660277631204354, 0.5306183528572754, 0.1534041595983884, 0.015055443610788038, -0.48094166872081, 0.008633046214989745, -0.6304893497604537, -0.16672705203550126, -0.4731945615840825, -0.0815252595735235]], "inverted": false, "swapped": true, "error_lsq": 0.04048189870316905, "error_max": 0.22453146318692152, "target": "728.xyz", "model": "13.xyz", "model_rescale": 3.9028299243045295, "target_rescale": 4.282892007795498},
{"mapping": [13, 4, 2, 12, 8, 0, 3, 14, 5, 11, 9, 7, 10, 1, 6, 15], "R": [[-0.16664174234706725, -0.6683418251749459, -0.7249480908515836], [0.44199313790240013, 0.6065902795835678, -0.6608254677007531], [0.8814037643184444, -0.4305431888168148, 0.1943192394198912]], "T": [-0.13089689009809788, -0.0020274413154484014, -0.006262559885744716], "aligned_model": [[0.42236838165557933, -0.33910807160415757, -0.707053482670388, 0.15320718626613913, -0.5098903724748498, -0.8890690114316115, -0.5837997147273856, 0.7530352517410084, -0.09692759542851745, 0.4067568328496266, 0.34235861042321525, 0.10669042226724504, 0.3188478367790404, -0.1035539185548702, -0.23199018843216856, -0.07379286228966149], [-0.1009433130264446, 0.5624609678999782, -0.44178953680784877, -0.5752706419749222, -0.39739436737228934, 0.16993741589985106, 0.34528586603502787, 0.036209979517042586, 0.01767721840424586, -0.3890461219676943, 0.2485002508581564, 0.7931227207308136, 0.5495165398272815, -0.4512951211901617, 0.06037810557079986, 0.06105691224830181], [-0.5690809508345637, -0.3182949518581108, 0.1233624753482153, -0.27997298287287214, -0.5508322006608534, -0.294046387715403, 0.24461976954029793, 0.009628351188256374, -0.5167129953446, 0.3208485884485373, 0.5541931146721557, 0.3569404751208293, -0.22735421409370074, 0.462362737628148, 0.6497053928367978, 0.06943962934645288]], "inverted": true, "swapped": false, "error_lsq": 0.04392733953246928, "error_max": 0.288675999791607, "target": "728.xyz", "model": "14.xyz", "model_rescale": 3.942246331269136, "target_rescale": 4.282892007795498},
{"mapping": [1, 8, 5, 0, 9, 4, 14, 6, 11, 2, 13, 10, 12, 7, 15], "R": [[-0.13743780682286733, 0.979086380112393, -0.1500023650951231], [0.6713525807247676, -0.01926864262576017, -0.740887597254506], [-0.7282832976321197, -0.20253044139035276, -0.6546639280579877]], "T": [0.01856816888126979, -0.04691043702304148, -0.008592938161931192], "aligned_model": [[-0.7486403082501952, -0.31609132857456257, -0.31730305881004284, 0.2524967800302432, 0.4318095712878664, 0.1737435558716493, 0.015074459463689169, -0.3568358542336026, -0.5471305054580385, 0.3939094247197847, 0.5926089140432063, -0.15533255247851246, -0.4756657850083194, 0.04987777302072477, -0.018227049091679978], [0.054570074516825696, -0.4666903063847977, 0.19495456833790462, -0.7133757721067507, -0.212372976161528, -0.1968048227735134, 0.6671454370636083, 0.666142947486304, 0.3114544519820182, 0.5308856857528773, 0.35346255717006747, 0.050768161126783735, -0.5609018550489266, -0.6097884422681599, 0.028694981188938436], [-0.21913295178592662, -0.4267235381260823, -0.7157241513926865, -0.1544995635863139, 0.4032141699801468, -0.6621785162635755, 0.15398415701227725, -0.2915417268459628, 0.27404911376476393, -0.4326757446758248, 0.18277476256104155, 0.6363311587951035, 0.2065699390152237, 0.4777275483159254, -0.022812176407593653]], "inverted": true, "swapped": true, "error_lsq": 0.03914836716449458, "error_max": 0.29916444204933573, "target": "728.xyz", "model": "15.xyz", "model_rescale": 4.355366556412066, "target_rescale": 4.282892007795498},
{"mapping": [3, 13, 9, 8, 0, 4, 12, 5, 10, 2, 11, 15], "R": [[-0.05094219021272499, 0.15710106782655275, 0.986267787035594], [-0.3626228370145381, 0.9172424577683103, -0.16483613603417696], [-0.9305426219856126, -0.36604033678668096, 0.010242095158457351]], "T": [0.024138952095676326, 0.03215781511824958, -0.09193454788465127], "aligned_model": [[-0.14906620854561092, 0.4467615264418156, 0.1554709804079729, -0.5616858424902682, -0.5841160448956919, -0.5115194100597045, -0.2264246535246037, -0.2386395956900351, 0.5143930169326953, 0.19144095513103898, 0.487626549314464, 0.07356728160970871], [-0.6173577059719932, -0.5061565037460536, -0.4694620955060873, 0.3771779833035319, -0.26083025412820937, -0.01788379399066453, 0.401347397749221, 0.5241450276957647, 0.09476736998064864, -0.1736171058151054, 0.579543373911076, 0.08110273425885176], [0.14712126941078207, 0.14900270997292392, -0.4063558678393858, -0.1204951882640265, -0.34564940996277793, 0.33735299202349905, -0.6883122589974011, 0.5082643629925345, -0.5517613150617338, 0.6724229380505922, -0.20972763166979, -0.0426041394457955]], "inverted": false, "swapped": true, "error_lsq": 0.04240877533924561, "error_max": 0.21785775216090525, "target": "728.xyz", "model": "16.xyz", "model_rescale": 3.795458400668931, "target_rescale": 4.282892007795498},
{"mapping": [11, 1, 5, 10, 2, 8, 12, 14, 9, 0, 4, 3, 15], "R": [[-0.9242824726775762, -0.2084631894352339, 0.3197577354052835], [-0.27744737678315246, -0.2084228645465817, -0.9378607906562385], [0.26215427484054676, -0.9555642355094122, 0.134804035541003]], "T": [-0.10889413007186871, 0.015132567180025355, 0.041895204907802075], "aligned_model": [[-0.016820129968504308, -0.011680347409116887, 0.4133456439627737, -0.37362667295581625, 0.6457294172617245, -0.29739707854620223, -0.7182133469861833, 0.41778122449036986, -0.4068157853262157, -0.5745782846687575, 0.11331866762240247, -0.0006341364627522883, -0.041777370109499085], [-0.42542903633549584, 0.12443812130139824, 0.4895709424563963, -0.5928385813579378, 0.09240328985546138, 0.5807245144822248, 0.08146013881383131, -0.49051375830179483, -0.243052426073669, 0.48789511933598095, 0.6568304873160773, 0.2146406245640411, -0.012348170586028405], [-0.5288540967571153, -0.7466705914847286, -0.37465798691250213, -0.08458571675804955, 0.3232280715211769, -0.2861561693440568, -0.38128346638464056, -0.015150159688290296, 0.5026712887343902, 0.32442169704867757, 0.15399822602470145, 0.7182785521416777, -0.0029646173049444474]], "inverted": false, "swapped": true, "error_lsq": 0.044771506989581225, "error_max": 0.2622488061762334, "target": "728.xyz", "model": "17.xyz", "model_rescale": 3.7474275329858107, "target_rescale": 4.282892007795498},
{"mapping": [2, 13, 14, 3, 5, 8, 6, 10, 4, 1, 0, 9, 12, 15], "R": [[-0.6664033614396407, 0.3465613541168592, 0.6601528517658897], [0.7426476759823484, 0.22992953587674347, 0.6289728435230906], [0.06618904153985405, 0.9094105983350944, -0.4105987998226995]], "T": [-0.03339324131008732, 0.05585774385945541, 0.036200618747169414], "aligned_model": [[0.3797731942381956, 0.15697476157652224, 0.6440110448168896, -0.33468936285270634, 0.294147053788621, -0.3253739429463723, 0.7589039454447929, 0.1274355598840728, -0.23740336460840872, 0.3133526322935125, -0.7421038982992673, -0.31958205255172606, -0.3504825968215166, 0.04988467392026702], [-0.3949214290900225, 0.21932210549182432, 0.19830313025302498, -0.12980264220029092, -0.6478688004938292, -0.34051145142832573, -0.23615840189216808, 0.7025026829080078, -0.5974342860415596, -0.13534552279568868, -0.07788508781916587, 0.46012729116029893, 0.29950270170608567, 0.04057795175304205], [-0.4935797870638893, -0.6445947502282005, -0.2028643394345243, -0.5832902946520607, 0.2985534746370103, 0.5059708258527754, 0.16436092941117325, 0.14433978728085922, -0.03667755884531167, 0.7336551684497614, 0.041626572083571026, -0.3136472057176052, 0.6645643015249129, 0.046377595363183005]], "inverted": false, "swapped": true, "error_lsq": 0.032941225482137584, "error_max": 0.21973855034155623, "target": "728.xyz", "model": "18.xyz", "model_rescale": 3.922800546911778, "target_rescale": 4.282892007795498},
{"mapping": [10, 13, 14, 11, 4, 7, 3, 1, 0, 6, 2, 5, 12, 8, 15], "R": [[-0.9842300648736425, 0.1153818283876936, 0.1340828589967348], [0.1627337649252772, 0.8877440110648649, 0.43061385552686265], [-0.06934624108104251, 0.4456429114171771, -0.8925208649390511]], "T": [-0.03002907723801662, 0.021008180592939896, -0.045268035480078433], "aligned_model": [[-0.30649327542809607, 0.028330981454041684, 0.4166484676757134, 0.20103131463542073, 0.21614709009208183, -0.7608102163485815, -0.14178217312810976, 0.34986672697701277, -0.5030917549549576, 0.7705599174102173, 0.5816624580829551, 0.6592473016242268, -0.4394253513404538, -0.020453628586794878, 0.04461297872294204], [0.5533960990894553, -0.22614159961441052, 0.28008370863173315, 0.7088123224873345, -0.5136052347577895, 0.15097791972774624, -0.6325533000230902, 0.5219990524656001, -0.39784759768727046, 0.3122691361659257, -0.3875554189617679, -0.0716809025804505, 0.4158293271052325, -0.05506598398219077, 0.058693976968521175], [-0.3548488999079018, -0.7249400138329761, -0.56457367846857, -0.08843597541704387, 0.31153390716496643, 0.012924311934747357, -0.3086817029437344, 0.4526491897508379, 0.3025234556142504, -0.10574649574211073, -0.38214322801522405, 0.3879172857593991, 0.43562737488948333, 0.630872740433095, -0.06201910405588938]], "inverted": false, "swapped": true, "error_lsq": 0.0395332648784053, "error_max": 0.2907829083930056, "target": "728.xyz", "model": "19.xyz", "model_rescale": 3.9282355846067225, "target_rescale": 4.282892007795498},
{"mapping": [11, 1, 8, 6, 14, 5, 2, 4, 13, 9, 12, 10, 0, 15], "R": [[-0.059255813739544416, 0.3847126894014152, 0.9211323982748598], [0.06601695360357909, 0.9222440022397058, -0.3809301276740825], [-0.996057483469186, 0.03823803010642865, -0.08004587858604928]], "T": [0.01807057125280049, -0.04390035729448166, 0.15884054109250603], "aligned_model": [[-0.5632008422044834, -0.11091716153980652, 0.5085037415171642, -0.4143352673635441, -0.6074925450428078, 0.209758312094664, -0.04046750009210281, 0.5825657127635269, -0.2545338162801776, -0.0219260383682438, 0.13397767769036573, -0.5074194831122136, 0.6551111507859239, -0.03710112176358849], [-0.4671346342209686, -0.7452559900684605, -0.4978588370957769, -0.18485257215262646, 0.17562140454668868, -0.29890691840551614, 0.48531050008467097, 0.047901373724292096, 0.6284304551951663, 0.30399036276078917, -0.6695130398059368, -0.16975910471281522, -0.029336159800402828, -0.055754752624268045], [0.052429996172946663, -0.20816992211910598, 0.030612928207888385, -0.5640640104258147, -0.15228691318805646, -0.5958581927977709, -0.4503267653556159, -0.2240948488916634, 0.16889215489347825, 0.6539200508237352, 0.5460404337252917, 0.5634754861028908, 0.496708215640569, 0.09490454445491026]], "inverted": true, "swapped": true, "error_lsq": 0.035374994282191825, "error_max": 0.22337334049447236, "target": "728.xyz", "model": "20.xyz", "model_rescale": 4.067790424073018, "target_rescale": 4.282892007795498},
{"mapping": [14, 12, 13, 2, 9, 7, 3, 11, 10, 1, 8, 4, 5, 0, 15], "R": [[-0.8117046472399634, 0.5598381727567014, -0.16648359070336266], [0.5801227929263704, 0.8058505725469833, -0.11858498999876525], [0.06777249277070199, -0.19283691309014772, -0.9788875390837848]], "T": [0.026303550310792654, 0.029998374593698196, -0.003975582416709063], "aligned_model": [[0.24204693063164653, 0.016197733628946633, -0.30589267148375315, 0.26798396732194096, -0.569800909256973, -0.5238632661403514, -0.37901840956962496, 0.402723892367262, -0.19081286464817826, 0.7189961048203981, 0.31926823009708616, 0.23874552334079216, 0.775754261397438, -0.33641404169050226, 0.09252947309138783], [-0.2146101842001556, 0.7360110736382133, -0.4750236502314356, -0.7251835823478237, 0.01518622409232337, 0.5142549065284887, -0.5225644764579755, 0.4194020416401522, 0.4389923490338643, 0.4339683435147368, 0.25472786295925576, -0.3456687796770634, -0.19676950376140667, 0.09356076249147281, 0.014611752705200489], [-0.6596742601726985, 0.23307585494197994, -0.40527513777676044, -0.16480602901594646, -0.11429999638938203, 0.1269123124500615, 0.19453519328333763, -0.48874297355915947, -0.49519249121445735, 0.01084089754513881, 0.567613142141267, 0.5321815147169716, 0.23735961214132975, 0.6161721037215002, -0.055450169192041515]], "inverted": false, "swapped": true, "error_lsq": 0.039498605597739114, "error_max": 0.28439068892274827, "target": "728.xyz", "model": "21.xyz", "model_rescale": 4.186013935880536, "target_rescale": 4.282892007795498},
{"mapping": [4, 3, 2, 1, 12, 5, 8, 0, 14, 9, 7, 11, 15], "R": [[-0.8217144767688143, 0.4632549166641976, 0.3319340308781273], [0.17283938689615036, -0.3524352219499629, 0.919736897523658], [0.5430578836605884, 0.8131323979005682, 0.20953242822664742]], "T": [-0.017090229506157975, 0.0684476063474109, 0.030237470528142713], "aligned_model": [[-0.03037932366281039, -0.3845714175554962, 0.3768109886901388, 0.5216703576496892, -0.23807378716925942, 0.554692602949327, -0.0625916769213211, -0.6335552120721462, 0.5138993781595559, -0.482381208377279, -0.6269621630553449, 0.48303119800018374, 0.06698429878798746], [-0.36579708492050844, 0.2662371223112521, 0.30295807407550335, -0.4019171932704504, -0.32785468471306345, -0.4309748712769913, -0.6101896511995589, -0.2810900946413233, 0.5722954534473161, 0.4558434309124004, 0.08921985463969478, 0.16752965007063086, 0.08269665411119087], [-0.5035946974719799, -0.5484291065240728, -0.636412599178179, 0.39318130082355274, 0.6208813598891741, -0.2779577541055408, 0.050887108234345224, -0.10385839884331163, 0.007727634406363343, 0.06429892863305964, 0.45678675729112883, 0.5482994549458775, 0.03106957323492865]], "inverted": false, "swapped": true, "error_lsq": 0.046067085886537525, "error_max": 0.2719786507154196, "target": "728.xyz", "model": "22.xyz", "model_rescale": 4.166573947596378, "target_rescale": 4.282892007795498},
{"mapping": [11, 1, 8, 9, 3, 4, 0, 12, 2, 14, 13, 5, 6, 10, 7, 15], "R": [[0.7067373838263185, 0.6424541753789654, 0.29626829536834487], [-0.3121449165120262, 0.6589649521059673, -0.6843469463595792], [-0.6348919761644743, 0.39117492817678645, 0.6662539712210762]], "T": [-0.04006826228826122, -0.03962440990686915, -0.05553159639781342], "aligned_model": [[0.3253194133195263, -0.2817210479293876, -0.7162057132899826, 0.007649963931069724, -0.27291145635038816, -0.7104596832982101, -0.7042663805396933, 0.5881342469699002, -0.1332854947037446, 0.5854851032284557, 0.33263434938057124, -0.015166929382550338, 0.3047312808142155, 0.05009852777281961, -0.3372055483893819, -0.05475132716497551], [-0.3870913298864701, 0.625992888085333, -0.46232834654692556, -0.6373287834018099, -0.282329451653944, 0.05854099679446305, 0.367569979536463, -0.02429834221764489, 0.3221240176317773, -0.3369854323102375, 0.16395438033010834, 0.5974306336974662, 0.6045527987937683, -0.25467376990677837, 0.10606135041755878, 0.027215285289010085], [-0.6620395629244137, -0.1371196143452128, 0.07951902197574318, -0.08588977607965992, -0.5538336751668687, -0.33977165150619776, 0.18898701588996986, -0.24129508646018244, -0.6152260326245872, 0.3268780955115029, 0.6769037784419224, 0.47795015234261257, -0.2682676554800543, 0.6562021711289135, 0.5784043152662679, -0.04659564522016929]], "inverted": false, "swapped": false, "error_lsq": 0.04065714668721308, "error_max": 0.31645928762281433, "target": "728.xyz", "model": "23.xyz", "model_rescale": 4.274766983524099, "target_rescale": 4.282892007795498},
{"mapping": [14, 4, 3, 9, 0, 7, 10, 12, 1, 8, 15], "R": [[0.7895907701847159, -0.6124481080550642, -0.038127818963051896], [0.3716724306720183, 0.42788350216431376, 0.8238782148193718], [-0.4882683892261106, -0.6646976933278569, 0.5654829410045588]], "T": [0.01834240856788502, 0.06244545137604152, -0.09065373557488313], "aligned_model": [[0.3586454469812351, 0.10233691898801013, -0.4364191059137782, -0.5417207756411705, -0.46379626597368706, -0.5317664602774469, -0.0785789738851369, -0.01920583171367221, 0.7048183534117779, 0.19222859516158305, 0.09335280282036056], [-0.34776593677614354, 0.7417533111601851, 0.4088230452471428, -0.1448060988865885, 0.4964297821266751, -0.1582218624265657, -0.5943956062544797, -0.06149266165861788, 0.026373564971918236, 0.5105886885186937, 0.03830030522126402], [-0.5928885096351095, -0.162817364671235, -0.5175408998268685, -0.19604551630192563, 0.22460374728520752, 0.3599078303681109, 0.031312369946394886, 0.642816724965904, 0.32248526658238064, 0.39098570394429755, -0.12325291863557958]], "inverted": true, "swapped": true, "error_lsq": 0.047693877237481044, "error_max": 0.2022512856539329, "target": "728.xyz", "model": "24.xyz", "model_rescale": 3.7841303162186577, "target_rescale": 4.282892007795498},
{"mapping": [10, 13, 2, 8, 9, 12, 5, 7, 14, 0, 6, 3, 11, 1, 4, 15], "R": [[0.7585155090380686, 0.3582342663669783, -0.5443550614711251], [0.5505222572981798, 0.09470227754700207, 0.8294315661021874], [0.3486824726997848, -0.9288162837870164, -0.12538279070127764]], "T": [0.0032208711985926564, -0.03333823894917608, -0.029573748869871585], "aligned_model": [[0.4188061529398311, -0.1720519246304511, -0.662377919029179, -0.10554191068884694, -0.3484375952110073, -0.6511807484618612, -0.7678398816571335, 0.6531105240355037, -0.253311321641649, 0.5286397043529787, 0.2763260058696825, -0.2368292584652186, 0.4276576839365056, 0.12119710147139198, -0.2801424662458361, 0.020055157793533195], [-0.15570129324199725, 0.6632986618282526, -0.3517840605586005, -0.5954384156571273, -0.25197474866521913, 0.25153676260777963, 0.2401060513142682, -0.012479843063336812, 0.1382987516033931, -0.5227556237728245, 0.35130630960404124, 0.6382308057100751, 0.5949339786041874, -0.5206420123821319, 0.008323595666151276, 0.013147955055226652], [-0.6757712897359648, -0.33937444736574307, 0.1265144860296461, 0.11763981117083318, -0.44270218912514914, -0.28604335740436193, 0.2867050537261376, -0.033305579097524574, -0.7603479546415285, 0.13084951175855966, 0.5176817754764855, 0.345089888459666, -0.15021777817156046, 0.5196557435026935, 0.6593920364832146, 0.01904013968418274]], "inverted": false, "swapped": false, "error_lsq": 0.0405227328220181, "error_max": 0.24799290739654242, "target": "728.xyz", "model": "25.xyz", "model_rescale": 4.19342608120988, "target_rescale": 4.282892007795498},
{"mapping": [3, 13, 9, 8, 0, 4, 12, 5, 10, 2, 11, 15], "R": [[-0.05094219021272499, 0.15710106782655275, 0.986267787035594], [-0.3626228370145381, 0.9172424577683103, -0.16483613603417696], [-0.9305426219856126, -0.36604033678668096, 0.010242095158457351]], "T": [0.024138952095676326, 0.03215781511824958, -0.09193454788465127], "aligned_model": [[-0.14906620854561092, 0.4467615264418156, 0.1554709804079729, -0.5616858424902682, -0.5841160448956919, -0.5115194100597045, -0.2264246535246037, -0.2386395956900351, 0.5143930169326953, 0.19144095513103898, 0.487626549314464, 0.07356728160970871], [-0.6173577059719932, -0.5061565037460536, -0.4694620955060873, 0.3771779833035319, -0.26083025412820937, -0.01788379399066453, 0.401347397749221, 0.5241450276957647, 0.09476736998064864, -0.1736171058151054, 0.579543373911076, 0.08110273425885176], [0.14712126941078207, 0.14900270997292392, -0.4063558678393858, -0.1204951882640265, -0.34564940996277793, 0.33735299202349905, -0.6883122589974011, 0.5082643629925345, -0.5517613150617338, 0.6724229380505922, -0.20972763166979, -0.0426041394457955]], "inverted": false, "swapped": true, "error_lsq": 0.04240877533924561, "error_max": 0.21785775216090525, "target": "728.xyz", "model": "26.xyz", "model_rescale": 3.795458400668931, "target_rescale": 4.282892007795498},
