[{"mapping": [5, 4, 6, 8, 3, 7, 10, 11, 1, 0, 12, 9, 2, 13], "R": [[-0.7019360943435764, -0.411047602355821, -0.5816576209895447], [-0.6579029984528364, 0.6870523844558459, 0.3084196259000127], [0.27285410769210183, 0.5991651605451267, -0.7526963174511215]], "T": [-0.15634801071549173, 0.1619612340309746, 0.006958231746487402], "aligned_model": [[-0.4783969552335844, -0.2119944623269869, -0.6603299411936341, -0.008742384993667612, -0.6645887383946213, 0.3113633815443808, 0.8291873964772447, 0.23357867622789238, -0.31997403859314527, -0.16746182865951323, 0.24661346209039045, 0.39064634851920266, -0.4845899076276846, -0.033852823949520425], [0.10814521957465667, -0.674433609069781, -0.4129329886515688, -0.5726206729439364, 0.14551625215103267, -0.3834828239363892, 0.13392286309850823, -0.10336171349087273, 0.7070485207817423, 0.6516128818964453, 0.5775357327483245, 0.16384282200634048, 0.023549212682205528, 0.05566745233282855], [-0.6755295515613293, 0.4660348761846382, 0.00024029564881614812, -0.2148099644022665, 0.12787651447035697, 0.24175881874297628, -0.20127897810450363, -0.5074567302938444, -0.08869994222019217, 0.6032217484687189, 0.0006578013212325609, 0.4943357059452274, 0.6883961341758553, 0.022334299087517807]], "inverted": true, "swapped": false, "error_lsq": 0.04928495589076208, "error_max": 0.32619522567413656, "target": "729.xyz", "model": "0.xyz", "model_rescale": 3.8414455957264533, "target_rescale": 4.271027199060367},
{"mapping": [8, 2, 6, 9, 10, 7, 0, 13, 12, 3, 11, 4, 5, 14], "R": [[-0.9065555463326819, 0.09942139787974637, 0.4102102230041202], [-0.31224112507205704, 0.49597703906665147, -0.8102544393784051], [-0.2840114808017255, -0.8626251575060367, -0.41858728648932547]], "T": [-0.03945705346020088, 0.01986423777016811, 0.08651036571353166], "aligned_model": [[-0.477630507378506, -0.1438208595196213, -0.6777538697927581, 0.010063266651108974, -0.6449877290338161, 0.4122873655577619, 0.6775839879626665, 0.26012873692781713, -0.3276808071882725, -0.048339335743299086, 0.21530982372629337, 0.252522493850559, -0.47754581630392073, -0.04867856582925986], [0.00877667221541032, -0.5252957171270336, -0.41673046175407735, -0.5358034181498331, 0.33472936338618353, -0.4371572583686666, 0.1264745435318558, 0.06368744548051058, 0.5711286496095016, 0.41579878118645075, 0.7468769592785465, -0.05068580350531903, 0.014716665395660695, 0.10349272800034653], [-0.5708962722754248, 0.5728369506127157, 0.1960065592122022, -0.3062884047197349, 0.1372435306114757, 0.08285877862487442, 0.08844869689679247, -0.6085974541985252, -0.35544456399469837, 0.7621832336246527, -0.2779230893692815, 0.5399283522076954, 0.5788258370844828, 0.11789887314597744]], "inverted": false, "swapped": false, "error_lsq": 0.04517008945930545, "error_max": 0.27479162726061374, "target": "729.xyz", "model": "1.xyz", "model_rescale": 4.316132596720782, "target_rescale": 4.271027199060367},
{"mapping": [1, 2, 12, 6, 11, 5, 9, 7, 4, 3, 8, 13], "R": [[-0.9423253521565802, 0.0913728980914733, -0.32198435393252073], [0.28010740978474646, 0.741866744960513, -0.6092401593012183], [0.1832014455910697, -0.6642926510327049, -0.7246740675070993]], "T": [-0.04147094736652654, 0.1352952215291245, 0.07453567784948303], "aligned_model": [[-0.13542647250616335, 0.49043383048735556, 0.1529697446754465, -0.6819756442721111, -0.6262931235493516, -0.5091427725850404, 0.011040929071957084, -0.17770090328193502, 0.5431768393508682, 0.09714708455193968, 0.4524096503805316, -0.01883060769171633], [-0.6721099975803073, -0.3928538248845446, -0.4880781874963222, 0.3795068874339143, -0.06317364244813017, -0.21390480386098293, 0.13666328310850673, 0.6388261916315634, 0.02756675132230116, -0.05926114155317683, 0.6183955465738846, 0.10119936549427433], [0.08404788989590914, 0.07473174887424436, -0.5253886793640118, 0.1390132877879213, -0.30177409467099636, 0.31400713312062056, -0.7433296017379645, 0.5081285679579525, -0.4859278491018053, 0.6182078750269313, -0.24214341751821175, 0.009685600938831113]], "inverted": false, "swapped": true, "error_lsq": 0.0504773749495527, "error_max": 0.31599061055973954, "target": "729.xyz", "model": "2.xyz", "model_rescale": 3.795458400668931, "target_rescale": 4.271027199060367},
{"mapping": [6, 10, 0, 4, 5, 2, 8, 11, 9, 12, 3, 13], "R": [[-0.10805790636386, 0.030642163265275385, -0.9936722531613147], [0.29985368085182074, 0.953979871722733, -0.0031897378407685084], [0.9478455881375796, -0.2983009590636654, -0.11227323309597748]], "T": [-0.021389290111503277, 0.052487980110053685, -0.07329389076301063], "aligned_model": [[0.06070883028330094, -0.3131152963728036, -0.8066602566955696, 0.17587053936761413, 0.22311495184553104, 0.06839896846844928, -0.30457698493678864, 0.601431507793327, 0.5115944055651135, 0.6766507383357477, -0.3335899699809732, 0.03347639207061622], [-0.22865488476724838, -0.48135960098969904, 0.030272665132527923, -0.07147140136765898, 0.3767850240214996, 0.5751555968570383, -0.4174947832019087, -0.12059775747833479, -0.4098715901434182, 0.2391848549213375, 0.547256480043148, 0.046564442262425926], [-0.6964002660005811, -0.04918378660524345, 0.18006973298067314, 0.7098155870667884, -0.5560498070402302, 0.4564426261966088, 0.4525488138753999, -0.3975646013717954, 0.3436173614863735, 0.4407053502878433, -0.17518335113802644, -0.02004622909870974]], "inverted": true, "swapped": true, "error_lsq": 0.050833371996406425, "error_max": 0.27632401589490624, "target": "729.xyz", "model": "3.xyz", "model_rescale": 3.7530521520055578, "target_rescale": 4.271027199060367},
{"mapping": [10, 9, 11, 1, 6, 2, 7, 8, 0, 3, 13], "R": [[0.4904999383333164, -0.8039912621110983, 0.33616641852513574], [-0.8674635040758478, -0.4872851140995183, 0.10030098042128677], [0.08316777976755627, -0.34080972407785454, -0.9364463958938132]], "T": [0.0018304686746515725, -0.04025534703839215, 0.005535967497522569], "aligned_model": [[-0.4658598588477326, -0.3439534134892242, 0.36703900024680636, 0.6019578814750604, 0.2766591361795024, 0.010025322777494912, -0.07981674771279677, -0.7573448925637469, -0.5042387731060175, 0.24850950113523235, -0.01477755364937327], [-0.41694593212033315, -0.07759529421583701, -0.3759388943487756, 0.42843761602710184, -0.6712284450593147, 0.7052294565464495, -0.4363634349074925, -0.025192430490429307, 0.10159597359549785, 0.2419707623038095, -0.006766019016330338], [0.1057784751993638, -0.7365571664787282, -0.5207293621130077, -0.2790607744125105, 0.02516043683730771, -0.07224191088448048, 0.550088029172528, -0.02633090818651819, 0.6420179094046874, 0.4661274061092176, -0.06142135740254284]], "inverted": false, "swapped": true, "error_lsq": 0.05418190874357169, "error_max": 0.33264254869294657, "target": "729.xyz", "model": "4.xyz", "model_rescale": 3.7855080009869324, "target_rescale": 4.271027199060367},
{"mapping": [5, 15, 9, 10, 2, 8, 6, 7, 0, 12, 4, 13, 14, 16], "R": [[-0.4523297435713855, 0.5275902911599272, 0.7190593075361921], [-0.7043494668078821, -0.7058955368449886, 0.07485532492600434], [0.5470736985892276, -0.4726097499376295, 0.6909054874407892]], "T": [-0.06025467007912641, 0.09519147692555786, 0.1030978284591216], "aligned_model": [[-0.2949213136754313, -0.08531019580429669, -0.6400564644589295, -0.1430111114032688, -0.749845777014398, 0.3830986055159522, 0.5654215545762478, 0.32873480908042396, -0.4025555559341497, -0.06537532743010413, 0.21020697021693416, 0.4096778264245762, -0.4337636051546573, -0.10084223105214572], [0.10490351836666387, -0.6422412602819846, -0.3140536471459498, -0.5191480510737115, 0.31567029165472643, -0.44886035879674413, 0.2545485060036524, -0.03493107617306117, 0.634437147157426, 0.449908603452154, 0.5832013366800397, -0.013957974446582935, -0.03187368193443253, 0.08240579571734051], [-0.6714604245171116, 0.47036242709487763, 0.16021461151541297, -0.2799199124240954, 0.25019944323645626, 0.15558922803969796, 0.007120397511197335, -0.5238988048286396, -0.3446946390965119, 0.6837998191799746, -0.3823892071825351, 0.6435767687244724, 0.6526821435150534, 0.13589917669495535]], "inverted": false, "swapped": false, "error_lsq": 0.031663961366306385, "error_max": 0.21107734967099404, "target": "729.xyz", "model": "5.xyz", "model_rescale": 4.2253639853439635, "target_rescale": 4.271027199060367},
{"mapping": [12, 1, 9, 0, 8, 4, 3, 7, 11, 5, 6, 2, 10, 13], "R": [[-0.008044836415259327, -0.9985967009213986, 0.052344145001624126], [-0.2814978860750898, 0.05249050293653584, 0.958125089556017], [-0.9595281239975763, -0.007026806555531284, -0.28152513786041145]], "T": [-0.11388128714706801, 0.0073301520108052035, 0.10320432085585099], "aligned_model": [[-0.3271336674735529, -0.2783751020979864, -0.5891191803107374, -0.006489737928156616, -0.7906404745680767, 0.35907258519161117, 0.5648089948589357, 0.26528545205301873, -0.4034497321371859, -0.16602644455746207, 0.2571735765390505, 0.3492116729782773, -0.19864400397886547, -0.054215754682116965], [0.2799275308834742, -0.6084702137383662, -0.30690990183009187, -0.6291717254897481, 0.08634485993774788, -0.40943865881089603, -0.023943763405329686, 0.017788197818626374, 0.6713645829943439, 0.5360973546980865, 0.47830620698211174, 0.25944974916080366, 0.061499914912225846, 0.0071650150665481405], [-0.7637200448104225, 0.4671239223399516, -0.11588141795160783, -0.372605582804458, 0.38889393174705456, 0.4249646434138683, -0.1002924015342106, -0.593584333751245, -0.18098255242924974, 0.4473371358729572, -0.12964286487257956, 0.5181166381621712, 0.876763234586173, 0.09059071949480076]], "inverted": false, "swapped": false, "error_lsq": 0.0542170383367806, "error_max": 0.31558169525222324, "target": "729.xyz", "model": "6.xyz", "model_rescale": 3.89814844738969, "target_rescale": 4.271027199060367},
{"mapping": [11, 6, 5, 9, 1, 7, 10, 12, 4, 0, 3, 2, 13], "R": [[-0.16317369535037335, 0.8200572561989614, -0.5485256983051338], [-0.2047202879558925, 0.5157329490283811, 0.831930964074391], [0.9651237997505605, 0.24804358859265108, 0.08372830652246382]], "T": [-0.11963572035220368, 0.15194727630339683, -0.07349230931648831], "aligned_model": [[0.22873276219269464, -0.06763179379050493, 0.42551911135252674, -0.2870305532578896, 0.6442526356345039, -0.4392018356097369, -0.6917112385283595, 0.2543522746077602, -0.3592689069764825, -0.6831229170140558, 0.09498016160115902, 0.13848343303129237, -0.10972133233868515], [-0.27027363127927734, 0.241846290419836, 0.3109179688654339, -0.6502892180267315, 0.012070559338120623, 0.6658028641386373, 0.14293932231415882, -0.5455504652656638, -0.4022680798797315, 0.6500091985971652, 0.6548965484131339, 0.0710402092880062, 0.08263969854739792], [-0.5461283407270017, -0.7541219630846285, -0.3483353556186959, -0.06583976754187354, 0.166779192044725, -0.37998010013912586, -0.2816438357729, 0.3264335642046915, 0.4769248939833629, 0.2667335535675063, 0.1580862908826257, 0.625573278120668, -0.042206379083058375]], "inverted": true, "swapped": true, "error_lsq": 0.04320286711103062, "error_max": 0.24132519032004385, "target": "729.xyz", "model": "7.xyz", "model_rescale": 3.7474275329858107, "target_rescale": 4.271027199060367},
{"mapping": [10, 3, 0, 6, 1, 5, 9, 7, 12, 4, 11, 8, 2, 14], "R": [[-0.04811525940508565, 0.5200987902938936, -0.8527497699484943], [-0.6759466713417537, -0.6455032910993369, -0.355558150914767], [-0.7353781471558594, 0.5593055958192742, 0.38261760436611125]], "T": [-0.12428696819356749, 0.1431801004176885, 0.060177063022544316], "aligned_model": [[-0.2583543694025928, -0.14219388763805973, -0.5955457611166383, -0.1016699631655611, -0.8304175695616107, 0.3745256722740487, 0.6283020084001727, 0.30040346203208435, -0.3913170030149681, 0.0619474223517856, 0.19975122325753353, 0.28838456578646937, -0.4075742386391202, -0.14478337767679011], [0.03609725775077058, -0.5110030416751179, -0.29342410584959044, -0.595022508546963, 0.1356083847221917, -0.37020226193909567, 0.21584534990865042, -0.09737274643115981, 0.6257655552161385, 0.516890442220523, 0.4804092712211301, 0.027047197997896746, 0.07319269028170197, 0.17617766430245968], [-0.6786209854505771, 0.3531929257709694, -0.08646929659599938, -0.28836773696605056, 0.3173230584859872, 0.0855928799989833, -0.03293595386769331, -0.4148492502188197, -0.21631680331016523, 0.7219044827758255, -0.3494028344702279, 0.5906727462044558, 0.8497589654720696, 0.1055988296344464]], "inverted": true, "swapped": false, "error_lsq": 0.04963673901975817, "error_max": 0.3011559852737535, "target": "729.xyz", "model": "8.xyz", "model_rescale": 4.019505241142653, "target_rescale": 4.271027199060367},
{"mapping": [10, 9, 8, 0, 7, 3, 2, 6, 5, 11, 12, 1, 13], "R": [[0.1707252189837826, 0.797887804409732, 0.5781245118286863], [0.7626564780834879, 0.2644923069173155, -0.5902532643017291], [-0.6238653669183999, 0.5416815218888069, -0.5633587957989085]], "T": [0.054703136532756456, -0.120758848141686, 0.0035610387985801437], "aligned_model": [[-0.2155553382861897, -0.681855306871003, -0.23943872140476077, 0.4473477158799632, 0.27048956379786016, 0.6475732828233786, 0.3525483443049849, -0.13191927570208203, 0.24667495183450794, -0.3938842248489896, -0.2633114456294487, 0.26983157652820244, 0.011199649314752938], [-0.5108489434484879, 0.2250856352472416, -0.1192793982421354, -0.35375945971167466, -0.7467866035892027, -0.11412092818557201, 0.5538682865726903, -0.6570303526068668, -0.18179989713742634, -0.11563765228332781, 0.6920082294264628, 0.4493764623870228, -0.057697150314665296], [-0.37784251916829414, -0.09409261998748515, -0.6972014009549398, -0.6841002777906413, -0.14351139339433183, 0.03684050436682363, -0.13071705952535015, 0.39295533184328063, 0.6014113412929369, 0.570799141520528, 0.160364187151289, 0.5416008075154372, 0.00019745117462628171]], "inverted": true, "swapped": true, "error_lsq": 0.050666589556281644, "error_max": 0.30478775386831974, "target": "729.xyz", "model": "9.xyz", "model_rescale": 3.877068213659057, "target_rescale": 4.271027199060367},
{"mapping": [14, 7, 8, 2, 11, 4, 3, 13, 10, 12, 6, 5, 0, 15], "R": [[-0.33670194711708623, 0.8906576290661038, -0.30554997397137745], [-0.907408859567426, -0.3935774886955329, -0.14732929773355052], [-0.2514775544379784, 0.2276526920079449, 0.9407089302411397]], "T": [-0.06241547918053715, 0.009198520979230358, 0.03728922464746655], "aligned_model": [[-0.28793492312023317, -0.08967687708918191, -0.6799454022678248, -0.10043932457555778, -0.6663085826501789, 0.42019673023761006, 0.5443619507527213, 0.33564965882042863, -0.4751526145376269, -0.0354873322279185, 0.17237719371050475, 0.31329431343919784, -0.3731258418717832, -0.09635076473340418], [0.10682584686213303, -0.7794622889218128, -0.39217973416174334, -0.501979939977382, 0.3542679139161077, -0.4611230173588049, 0.1515127317133733, 0.018161059103885872, 0.48747296472328305, 0.621883645133535, 0.5463463341837282, 0.07359612024119502, 0.16333733307138976, 0.03135018065064819], [-0.7037448044528638, 0.2459935909820155, 0.267235362253415, -0.3841441938007027, 0.28405938067060393, 0.10032719448191886, 0.15699368853638115, -0.6253587322514492, -0.28537529620727253, 0.4640057924711831, -0.15415059004935644, 0.7197044524827345, 0.7538548760408907, 0.11768030630570572]], "inverted": true, "swapped": false, "error_lsq": 0.04368926236853612, "error_max": 0.31945968883828574, "target": "729.xyz", "model": "10.xyz", "model_rescale": 4.260839863003843, "target_rescale": 4.271027199060367},
{"mapping": [7, 5, 11, 6, 9, 8, 0, 3, 1, 12, 2, 13], "R": [[0.13764485190534292, 0.8354621972230917, 0.5320308372219794], [0.8052126815765114, -0.4071815450365389, 0.4310866813182948], [0.5767897642749221, 0.369061114712484, -0.7287711996469529]], "T": [0.0027779375125634802, 0.034752190600962546, -0.1338152955717555], "aligned_model": [[0.20075718785303354, 0.23360894707473093, -0.40672843188428576, -0.16372945895394986, -0.7344926886037931, -0.33758711944508146, 0.3456922778758206, 0.5965827960125814, 0.2602283174220758, -0.2943160087663958, 0.29898142205851225, -0.04009859154911758], [0.03239625146020028, -0.5461441983872654, -0.5395010622361334, -0.48796084883530544, 0.17067517062706195, 0.693715791285774, 0.6644330275668403, 0.04092789480073278, -0.32792274978576263, 0.06844188625362593, 0.3528168844573344, 0.05120045832583146], [-0.7825860556087836, -0.0484888517791533, 0.02603978769892981, -0.5498553561797725, 0.19727374333024292, -0.299671315381026, -0.5427760953400701, -0.1358758469363575, 0.5466312491526363, 0.7009966686878726, 0.4768912564155249, -0.0724011066645385]], "inverted": true, "swapped": true, "error_lsq": 0.054362693068123795, "error_max": 0.3114728099499051, "target": "729.xyz", "model": "11.xyz", "model_rescale": 3.890672605050136, "target_rescale": 4.271027199060367},
{"mapping": [3, 10, 12, 4, 5, 2, 1, 0, 8, 9, 8, 11, 9, 13], "R": [[0.15860226367066294, 0.3930052414135574, -0.9057550453516741], [-0.6086200631761248, -0.6834336904534644, -0.40311289913949433], [-0.7774489955347754, 0.6151953112423971, 0.13079674448295292]], "T": [0.003453600650863073, 0.09032385560673671, 0.09355939087303289], "aligned_model": [[-0.17581585789039217, -0.1537361847115991, -0.6100291780624272, 0.030076371094143864, -0.7056523301125187, 0.34674151472131287, 0.7492630005767914, 0.30120952872206774, -0.18977160807691518, -0.291274520604307, -0.18977160807691518, 0.27802286146223665, -0.291274520604307, -0.1165292845504176], [0.02585244601461828, -0.7064162465243831, -0.2995203314229017, -0.4981697815394247, 0.36543582104014827, -0.5271676361066365, 0.16873421321821086, 0.1331479243864338, 0.6346485093836126, 0.30887894004761934, 0.6346485093836126, -0.1252510562772739, 0.30887894004761934, -0.0036911024717187907], [-0.8101933709935993, 0.46777468382130066, 0.2572436503682367, -0.2859449054894034, 0.2562073766171637, 0.17369552118539885, -0.1136082832260066, -0.414576463184544, -0.3372140250208957, 0.7799917805720024, -0.3372140250208957, 0.5188843751837939, 0.7799917805720024, 0.022042932078650435]], "inverted": false, "swapped": false, "error_lsq": 0.056494052651155376, "error_max": 0.3974767968976973, "target": "729.xyz", "model": "12.xyz", "model_rescale": 4.124412569039231, "target_rescale": 4.271027199060367},
{"mapping": [10, 9, 11, 8, 6, 7, 4, 3, 12, 2, 5, 1, 13], "R": [[-0.7819185818647628, 0.5753751943545156, -0.2398889681834116], [0.2714167646490516, -0.03220317642181986, -0.9619230194229612], [-0.5611918310186275, -0.8172553708296134, -0.13098621167173174]], "T": [0.12899712415953132, -0.03816375082528972, -0.00951654179218644], "aligned_model": [[-0.15996054922521, -0.20457754643610562, 0.5737592746226134, -0.5813778659404, 0.6203072396766688, 0.2212807549828277, -0.5366187370023087, 0.2689035606500909, -0.02979840153147803, -0.14494722853110584, 0.7421124304875623, 0.49957280976790297, 0.0986425659886998], [-0.3278090827668113, 0.5865657004367022, 0.4074115386707639, -0.12839278100408458, -0.21086788850153732, -0.6856403429231304, 0.4313044966484845, -0.33872169599311147, 0.8105990759412274, 0.27160134849164885, 0.024586652840168755, 0.47459034810276074, 0.03225800656539632], [0.4413577692683203, 0.4029201638695816, 0.3463840110649494, 0.24507276255063612, 0.4408506616379938, 0.17037961509024493, -0.07349241875384395, -0.5022007264353766, -0.2112502006090036, -0.6347078895005319, -0.14426141075368318, -0.5199851559065107, -0.00936910055493747]], "inverted": true, "swapped": true, "error_lsq": 0.04465266484682626, "error_max": 0.2913896470974836, "target": "729.xyz", "model": "13.xyz", "model_rescale": 3.9028299243045295, "target_rescale": 4.271027199060367},
{"mapping": [8, 10, 4, 5, 3, 14, 11, 12, 2, 6, 1, 9, 7, 15], "R": [[0.13975004568840993, 0.9716775982280819, 0.1905585732308933], [-0.5273957053083271, 0.23592080809911248, -0.8162077813450408], [-0.8380475492192669, 0.013565301602549595, 0.5454285359604982]], "T": [-0.14752705293331558, 0.04057784251570704, -0.023674478074694527], "aligned_model": [[-0.3877420921581571, -0.12962676498076864, -0.6934025914884856, -0.26210270602247776, -0.6324250927067359, 0.5532236554109352, 0.5761516841851175, 0.31327856619399075, -0.3502531861238797, -0.09294280891662282, 0.23159568473949127, 0.24929806285153977, -0.2787765642278883, -0.11481766286930523], [0.021220805725481608, -0.6022987675324332, -0.33065070938552454, -0.35609672567889944, 0.30277969845201325, -0.4264243557635916, 0.17104661316268902, -0.04854902608403707, 0.6328836008249487, 0.5408917881571975, 0.5679619872087516, 0.08734240712445626, -0.1774101254938503, 0.0373119584623346], [-0.7574518282392615, 0.3528117049296776, 0.12985901189777457, -0.32636828429141757, 0.2675531356668635, 0.2481858616960893, 0.04790536312700944, -0.5374398638639573, -0.4112641749851003, 0.41349228455829284, -0.04185879683201782, 0.6405456356247874, 0.8457407089476916, 0.08537026922677214]], "inverted": false, "swapped": false, "error_lsq": 0.04666870166601067, "error_max": 0.2804955097070061, "target": "729.xyz", "model": "14.xyz", "model_rescale": 3.942246331269136, "target_rescale": 4.271027199060367},
{"mapping": [10, 1, 3, 5, 13, 2, 7, 9, 11, 13, 6, 0, 12, 14], "R": [[0.524074013620575, -0.7315931597428791, 0.43602508742622964], [0.16775732565901236, -0.4132587780636867, -0.8950277437269999], [0.8349873699256516, 0.5422071845436377, -0.09384807453487876]], "T": [-0.10416829248380208, 0.06655988171504094, -0.0019632617888346443], "aligned_model": [[-0.3394327144932122, -0.19650036871015517, -0.6128894593591863, -0.012306068230387185, -0.6561440663678693, 0.4910907805833218, 0.7420354805993579, 0.3367762964826996, -0.25855199333305434, -0.6561440663678693, 0.2227877696759352, 0.4422825896923577, -0.4650257371665879, -0.056520259118597455], [0.19035752109453333, -0.5558814042182688, -0.4261693654051832, -0.5568072068883967, 0.4893232461953391, -0.40706255784058326, 0.15268557584067616, -0.07389024997317571, 0.7591356341654867, 0.4893232461953391, 0.4531419222759821, -0.07684079754283425, -0.040488233711073796, 0.0231818189916959], [-0.6640246730369189, 0.5086080545285206, 0.12038294332571325, -0.07782077816264764, 0.41937238731256715, 0.06125334457479156, -0.08857184889334895, -0.6607530128492826, -0.10499493015510533, 0.41937238731256715, -0.23954156187358067, 0.46872257975043863, 0.7235702410650826, 0.07150589456440654]], "inverted": true, "swapped": false, "error_lsq": 0.0532155241151974, "error_max": 0.48664006592530334, "target": "729.xyz", "model": "15.xyz", "model_rescale": 4.355366556412066, "target_rescale": 4.271027199060367},
{"mapping": [1, 2, 12, 6, 11, 5, 9, 7, 4, 3, 8, 13], "R": [[-0.9423253521565802, 0.0913728980914733, -0.32198435393252073], [0.28010740978474646, 0.741866744960513, -0.6092401593012183], [0.1832014455910697, -0.6642926510327049, -0.7246740675070993]], "T": [-0.04147094736652654, 0.1352952215291245, 0.07453567784948303], "aligned_model": [[-0.13542647250616335, 0.49043383048735556, 0.1529697446754465, -0.6819756442721111, -0.6262931235493516, -0.5091427725850404, 0.011040929071957084, -0.17770090328193502, 0.5431768393508682, 0.09714708455193968, 0.4524096503805316, -0.01883060769171633], [-0.6721099975803073, -0.3928538248845446, -0.4880781874963222, 0.3795068874339143, -0.06317364244813017, -0.21390480386098293, 0.13666328310850673, 0.6388261916315634, 0.02756675132230116, -0.05926114155317683, 0.6183955465738846, 0.10119936549427433], [0.08404788989590914, 0.07473174887424436, -0.5253886793640118, 0.1390132877879213, -0.30177409467099636, 0.31400713312062056, -0.7433296017379645, 0.5081285679579525, -0.4859278491018053, 0.6182078750269313, -0.24214341751821175, 0.009685600938831113]], "inverted": false, "swapped": true, "error_lsq": 0.0504773749495527, "error_max": 0.31599061055973954, "target": "729.xyz", "model": "16.xyz", "model_rescale": 3.795458400668931, "target_rescale": 4.271027199060367},
{"mapping": [11, 6, 5, 9, 1, 7, 10, 12, 4, 0, 3, 2, 13], "R": [[-0.16317369535037335, 0.8200572561989614, -0.5485256983051338], [-0.2047202879558925, 0.5157329490283811, 0.831930964074391], [0.9651237997505605, 0.24804358859265108, 0.08372830652246382]], "T": [-0.11963572035220368, 0.15194727630339683, -0.07349230931648831], "aligned_model": [[0.22873276219269464, -0.06763179379050493, 0.42551911135252674, -0.2870305532578896, 0.6442526356345039, -0.4392018356097369, -0.6917112385283595, 0.2543522746077602, -0.3592689069764825, -0.6831229170140558, 0.09498016160115902, 0.13848343303129237, -0.10972133233868515], [-0.27027363127927734, 0.241846290419836, 0.3109179688654339, -0.6502892180267315, 0.012070559338120623, 0.6658028641386373, 0.14293932231415882, -0.5455504652656638, -0.4022680798797315, 0.6500091985971652, 0.6548965484131339, 0.0710402092880062, 0.08263969854739792], [-0.5461283407270017, -0.7541219630846285, -0.3483353556186959, -0.06583976754187354, 0.166779192044725, -0.37998010013912586, -0.2816438357729, 0.3264335642046915, 0.4769248939833629, 0.2667335535675063, 0.1580862908826257, 0.625573278120668, -0.042206379083058375]], "inverted": true, "swapped": true, "error_lsq": 0.04320286711103062, "error_max": 0.24132519032004385, "target": "729.xyz", "model": "17.xyz", "model_rescale": 3.7474275329858107, "target_rescale": 4.271027199060367},
{"mapping": [0, 10, 3, 8, 1, 5, 9, 4, 2, 7, 6, 12, 11, 13], "R": [[0.0793060273471906, -0.19771613667144328, 0.9770459985722915], [0.8289567876727879, 0.5574570841658246, 0.04552190115262644], [-0.5536616278898325, 0.8063187512473317, 0.20810784028797347]], "T": [-0.10680276619873148, 0.02984843280591174, 0.11677776800653111], "aligned_model": [[-0.43018172877260197, -0.05189116864281995, -0.6528211654811577, -0.19493315961152746, -0.7527199292781485, 0.4684966200037726, 0.48449844708060513, 0.3550702344487337, -0.23700552150394166, -0.10821918251923589, 0.2816837019235064, 0.40888934963935225, -0.4648255421328265, -0.12458277126695719], [0.16107484808376707, -0.5918597931011502, -0.3720206526634482, -0.5459356992001558, 0.2768233263958003, -0.4080717230981951, 0.34058911363913963, -0.155850731627904, 0.6696015297857183, 0.5452032953731186, 0.4599040685203284, 0.021512682607444086, -0.07843540788974845, 0.09747429235482163], [-0.6430564673888215, 0.41157086283205063, 0.1476699530751152, -0.3046010619145095, 0.13446497200766896, 0.13860641794734424, 0.07769746215100289, -0.5476129104516296, -0.1617827123659733, 0.666165282816833, -0.3922696028112645, 0.6582840747514933, 0.7347024912234421, 0.03724226559045206]], "inverted": false, "swapped": false, "error_lsq": 0.044222930970894365, "error_max": 0.33496575157726094, "target": "729.xyz", "model": "18.xyz", "model_rescale": 3.922800546911778, "target_rescale": 4.271027199060367},
{"mapping": [5, 4, 6, 8, 2, 13, 7, 12, 0, 9, 3, 11, 10, 14], "R": [[-0.16812995120899688, -0.38632987944968805, -0.9069076820442367], [-0.28559160785057197, -0.861457789410909, 0.4199141705022533], [-0.9434880778429507, 0.32960537208555907, 0.03450428466951244]], "T": [-0.15362171325524862, -0.03510815579831762, 0.00022217866796245267], "aligned_model": [[-0.25759729927767683, -0.12198311386501853, -0.6387571569428104, -0.22059197989563736, -0.5157017972926928, 0.3999673459239723, 0.5447986950448647, 0.42201886598657246, -0.4376969611069229, -0.050354615501726235, 0.06696655952511191, 0.2627794528548071, -0.39415030557904696, -0.07823950598704343], [0.04896692111423767, -0.5813589268892699, -0.4788898770732236, -0.5529561249532952, 0.4736776312583637, -0.4366129041423306, 0.3183710193592365, 0.06955371902142733, 0.6221906882915009, 0.5598114418670772, 0.534817830726712, -0.11696577115416153, -0.06017048431250324, 0.01957398606576516], [-0.7512125684253269, 0.47401140733755753, 0.2087147613980585, -0.3187435220739818, 0.35116946590685394, 0.06461812135429319, 0.1598230090495544, -0.525418249815112, -0.4307095082536152, 0.5462530978934154, -0.18865457315807488, 0.572195090997948, 0.769714558895009, 0.02531993635662473]], "inverted": true, "swapped": false, "error_lsq": 0.043483988585261306, "error_max": 0.3137762032963127, "target": "729.xyz", "model": "19.xyz", "model_rescale": 3.9282355846067225, "target_rescale": 4.271027199060367},
{"mapping": [2, 0, 1, 10, 5, 11, 9, 12, 7, 6, 7, 8, 3, 13], "R": [[-0.10599242567605882, 0.635398973357715, 0.7648749900181514], [0.5995537708566681, 0.6544950454497841, -0.4606207890806009], [-0.7932848678443675, 0.4097613697478657, -0.4503273679352585]], "T": [-0.0187559762662398, 0.08161234085787748, 0.16833886106179707], "aligned_model": [[-0.585934760857712, -0.2121405302863073, -0.6483263808363229, -0.009707193572307468, -0.6606626321761063, 0.3516464757150066, 0.64775843933629, 0.4637942136615098, -0.050573647692063385, -0.2048114112887326, -0.050573647692063385, 0.5762218556038363, -0.5235439159768964, -0.11168868005137743], [0.021523077518610337, -0.6575230959062558, -0.3210479781294966, -0.48029905453511634, 0.35231734409079046, -0.5272187044114017, 0.02674353026348765, 0.17671746619246315, 0.5382972957153479, 0.6081785023890292, 0.5382972957153479, 0.2838244114341858, -0.09651881929231303, -0.04328212186514199], [-0.42614723389801135, 0.405990304530572, 0.11350666696872055, -0.4846604132492254, 0.21696805570732758, 0.2424330795174362, -0.008219267201276914, -0.5251268371550297, -0.254182456946527, 0.5073897520590104, -0.254182456946527, 0.596980013104635, 0.697312863114615, 0.12901895785748416]], "inverted": false, "swapped": false, "error_lsq": 0.052526550850688546, "error_max": 0.43312860644330714, "target": "729.xyz", "model": "20.xyz", "model_rescale": 4.067790424073018, "target_rescale": 4.271027199060367},
{"mapping": [7, 3, 12, 0, 10, 2, 4, 8, 1, 13, 5, 6, 11, 14], "R": [[0.9019775105487615, 0.22226861245984703, 0.3701800026736092], [0.40957568997001736, -0.7118367122750131, -0.5705578404010277], [0.13669061653911418, 0.6662470705171429, -0.7330965259619514]], "T": [-0.06391502078724486, 0.0313117416966152, 0.0695170958737984], "aligned_model": [[-0.31175502103699887, -0.10828504795983476, -0.7098403144529427, -0.024587622863304806, -0.743455612995887, 0.44445582286545393, 0.7242972369350545, 0.17305068202069612, -0.3976767900678811, -0.23847512336825782, 0.2408280080320857, 0.4228677922845707, -0.353909568018229, -0.13605625748777211], [0.011389689643668058, -0.6925608002449297, -0.3540833428314856, -0.5351489201673431, 0.44824150826675324, -0.5119267211687998, 0.09789776574380125, 0.1827685001990461, 0.6248944639782542, 0.6149413324395852, 0.5294659725124665, -0.029260712973154482, -0.02258814679311795, 0.05597856057479257], [-0.6339332601052058, 0.5142471942060451, 0.21534237050802435, -0.35713698397794436, 0.25841117953489867, 0.08266963655598658, -0.05994422234203653, -0.4265433870531612, -0.38826859028752864, 0.41452256898009193, -0.01673932165077828, 0.6235300680401008, 0.6448693519537053, 0.08605442310100588]], "inverted": true, "swapped": false, "error_lsq": 0.04209021670539037, "error_max": 0.30386561430418524, "target": "729.xyz", "model": "21.xyz", "model_rescale": 4.186013935880536, "target_rescale": 4.271027199060367},
{"mapping": [4, 8, 9, 1, 3, 12, 2, 0, 11, 10, 7, 5, 13], "R": [[-0.13073324275722015, 0.2726158565810779, -0.9531995667113718], [-0.8036439846546559, -0.5921646899665161, -0.05913819311787649], [-0.580573135071344, 0.7583017702059156, 0.2965017034285061]], "T": [-0.040630844784075616, 0.04843094829434382, 0.1253668224134179], "aligned_model": [[0.045970890751857, -0.47210403983441923, 0.3317010332596152, 0.6001095456048022, -0.22256489963521336, 0.6275418633285055, 0.11143300529918795, -0.8319264884257817, 0.5563798155371004, -0.44540412494539205, -0.5650566171237151, 0.3164806833114007, 0.006013368295277717], [-0.27954014370961944, 0.0868289736207646, 0.24772636496297892, -0.3938217379197301, -0.3310591565351167, -0.31034093064807816, -0.6676628786267227, -0.1803174598668832, 0.45484375887370937, 0.4274225399732935, 0.3379237051269267, 0.09755793861158407, 0.029395685682986387], [-0.6179184021546615, -0.4990898149412708, -0.5769958287872009, 0.3592163988256381, 0.544334428791839, -0.3341315945516641, -0.035724340965268775, 0.07186441935226281, 0.1630869957680854, -0.1260343804513025, 0.4436063330670702, 0.6431139296472755, 0.06755141773454341]], "inverted": true, "swapped": true, "error_lsq": 0.05222951981342256, "error_max": 0.3306656967776243, "target": "729.xyz", "model": "22.xyz", "model_rescale": 4.166573947596378, "target_rescale": 4.271027199060367},
{"mapping": [8, 5, 7, 0, 10, 1, 2, 4, 9, 14, 3, 6, 13, 15], "R": [[-0.4558287519253995, -0.035254227226119816, 0.8893690394773262], [-0.8403739894996723, 0.3462501453501475, -0.4169920798017708], [-0.2932434256561214, -0.93747958714187, -0.18745750718968818]], "T": [-0.009192815570141899, 0.2074933333507841, 0.07513399109999623], "aligned_model": [[-0.3883626956076025, -0.15842235286961198, -0.5123832272462359, -0.07612268264393135, -0.7250428577928174, 0.367865305061336, 0.6462366404848683, 0.23112380076324146, -0.27158353836872245, -0.43590473694910264, 0.2856550974213913, 0.5189093063504571, -0.5150890128102004, 0.01457913809368383], [0.14792322323518056, -0.4831220592425707, -0.3006005775977083, -0.5328656863692459, 0.14056605806724895, -0.39663465940435816, 0.09962077434922142, -0.08933686952910383, 0.7067201460762561, 0.5982735474501334, 0.4754557168142197, -0.03839640634754993, -0.05246584601424106, 0.144871787692054], [-0.6367373064492017, 0.5131327421391491, 0.06969019605202699, -0.26271905039984805, 0.28494507273534314, 0.10604681857730795, -0.03249954614086291, -0.5525548394019906, -0.1307127099357478, 0.6147500802242811, -0.3750743176518484, 0.5647808196416608, 0.7022730518972444, 0.0917600161756896]], "inverted": true, "swapped": false, "error_lsq": 0.04182461728743488, "error_max": 0.24526743908517598, "target": "729.xyz", "model": "23.xyz", "model_rescale": 4.274766983524099, "target_rescale": 4.271027199060367},
{"mapping": [0, 5, 6, 10, 11, 9, 4, 12, 2, 1, 13], "R": [[-0.5712026859485129, -0.7440321419988467, -0.3466174595109321], [0.7089805991612894, -0.6600245339174606, 0.24842327717011153], [-0.4136109301966085, -0.103845010952125, 0.9045121403951687]], "T": [-0.02202348436667842, 0.1074619819121491, -0.16785120660804284], "aligned_model": [[0.33054150609917876, 0.03417825727692243, -0.47570392253249105, -0.3731929706671998, -0.50406425090896, -0.5162366694755375, 0.012979396120141096, 0.018873196086092087, 0.5521025404315782, 0.3337476088474227, -0.03332998731907218], [-0.3847865470878804, 0.7330002177566017, 0.5422336089251366, -0.23614630451720153, 0.5219043464672888, -0.25317829963211497, -0.5351332242735677, -0.006891902018125631, -0.08878899643911102, 0.5443114185117689, 0.07906221355068878], [-0.7288560641726386, -0.10829072089662506, -0.4492595559433752, -0.5274230868854595, 0.17695328650555678, 0.3774513693133069, 0.3355214408352697, 0.710534514438126, 0.27229536843352997, 0.41816142952130597, -0.09752154712741981]], "inverted": false, "swapped": true, "error_lsq": 0.05370953404144157, "error_max": 0.2565673932603077, "target": "729.xyz", "model": "24.xyz", "model_rescale": 3.7841303162186577, "target_rescale": 4.271027199060367},
{"mapping": [10, 5, 9, 13, 8, 3, 6, 11, 0, 1, 7, 4, 2, 15], "R": [[-0.8509168812924387, 0.39904598703965105, -0.34161785866535194], [-0.32028204900453333, 0.12134640369498811, 0.9395182059948336], [0.41636506843995374, 0.9088659695124709, 0.02455156298790334]], "T": [-0.1643821413901146, 0.027025286403922606, -0.0008054114445650157], "aligned_model": [[-0.5237640377972235, -0.01567905449438156, -0.6897988179689241, 0.08407114322493475, -0.5082151616942974, 0.4731220982894431, 0.5384650038419709, 0.34320826378993335, -0.24733825254328565, -0.13198067639977368, 0.05388360356168545, 0.20593854500974834, -0.5049519054085778, -0.09550256752449857], [0.17653015020855217, -0.580909872374874, -0.22999689809522467, -0.6316235861606627, 0.345454323054866, -0.42805800954994894, 0.17209892015373857, -0.0985578578498102, 0.7561552766439072, 0.5982492029230682, 0.4749386968496008, 0.035737323514643905, -0.19707346222968447, 0.027064942091364435], [-0.6744136458885837, 0.6137195922061917, 0.003392346801037281, -0.34205696866362656, 0.3595271938035842, 0.18758096218023063, 0.08277678446318143, -0.5629516767627532, -0.053887332157514026, 0.47426276899505526, -0.4185843020360073, 0.6468758624024338, 0.633690462950597, 0.007148979169377526]], "inverted": true, "swapped": false, "error_lsq": 0.049266178220514094, "error_max": 0.26256515576739753, "target": "729.xyz", "model": "25.xyz", "model_rescale": 4.19342608120988, "target_rescale": 4.271027199060367},
{"mapping": [1, 2, 12, 6, 11, 5, 9, 7, 4, 3, 8, 13], "R": [[-0.9423253521565802, 0.0913728980914733, -0.32198435393252073], [0.28010740978474646, 0.741866744960513, -0.6092401593012183], [0.1832014455910697, -0.6642926510327049, -0.7246740675070993]], "T": [-0.04147094736652654, 0.1352952215291245, 0.07453567784948303], "aligned_model": [[-0.13542647250616335, 0.49043383048735556, 0.1529697446754465, -0.6819756442721111, -0.6262931235493516, -0.5091427725850404, 0.011040929071957084, -0.17770090328193502, 0.5431768393508682, 0.09714708455193968, 0.4524096503805316, -0.01883060769171633], [-0.6721099975803073, -0.3928538248845446, -0.4880781874963222, 0.3795068874339143, -0.06317364244813017, -0.21390480386098293, 0.13666328310850673, 0.6388261916315634, 0.02756675132230116, -0.05926114155317683, 0.6183955465738846, 0.10119936549427433], [0.08404788989590914, 0.07473174887424436, -0.5253886793640118, 0.1390132877879213, -0.30177409467099636, 0.31400713312062056, -0.7433296017379645, 0.5081285679579525, -0.4859278491018053, 0.6182078750269313, -0.24214341751821175, 0.009685600938831113]], "inverted": false, "swapped": true, "error_lsq": 0.0504773749495527, "error_max": 0.31599061055973954, "target": "729.xyz", "model": "26.xyz", "model_rescale": 3.795458400668931, "target_rescale": 4.271027199060367},
{"mapping": [0, 4, 8, 7, 6, 1, 2, 3, 12, 10, 5, 11, 13], "R": [[0.24896871170344836, -0.9685093131868362, 0.002071439858797347], [-0.8507171833497716, -0.21970989255373607, -0.4775016618478488], [0.4629199223906407, 0.11712076410436001, -0.8786284038599336]], "T": [-0.10604219288884961, -0.025766868754387724, -0.11062717085854988], "aligned_model": [[0.09180165295931836, 0.3985334429332791, 0.5856034667798522, -0.12092811193022658, -0.19900236760533513, -0.667838560629583, -0.27727324376378837, -0.5613947067275465, -0.03586010256069404, 0.3771056282845887, -0.6490841129181049, -0.16569481192184118, -0.076291790078662], [-0.6290846308911153, -0.39610318157699687, -0.32793773746276617, 0.011484863388396209, 0.5785948605187583, -0.030202202097105287, -0.5816307260458493, -0.3596395084595443, -0.07478274788368339, 0.04165336542505429, 0.29262142351087167, 0.6258157849645178, -0.02890806013362298], [-0.6380763414582323, 0.4145321059222925, -0.1995578511534623, -0.7877501663034605, -0.4270892899378071, 0.47689855601550646, 0.36219356234656686, -0.2945558085678676, 0.7719728189273927, -0.4749090598075783, -0.06893136573745957, 0.19742724484293916, -0.040017742989404234]], "inverted": true, "swapped": true, "error_lsq": 0.046912549405995346, "error_max": 0.29729602650785925, "target": "729.xyz", "model": "27.xyz", "model_rescale": 3.6321398670334006, "target_rescale": 4.271027199060367},
