[{"mapping": [11, 5, 1, 7, 8, 10, 6, 4, 12, 0, 9, 2, 13], "R": [[-0.8827733205117145, -0.46280261085596464, -0.08077752148725761], [0.4615257458403803, -0.8221856521428548, -0.33317373746576906], [0.08777955638531329, -0.33139779238149913, 0.9393988783714118]], "T": [0.12596383311503465, 0.1814448758385192, -0.015404106101673032], "aligned_model": [[-0.3803071778489885, 0.10257591064466448, 0.09274527405505012, -0.037655589086528496, 0.07281088759691104, -0.8070808102696151, 0.6915030582459893, 0.582585203706738, -0.3210666272774141, 0.29170927617187037, -0.12027819903981829, 0.7518161063510536, 0.05332080291119522], [-0.2169102490967268, 0.116980551608628, 0.7337891072049836, -0.4183024525748493, -0.5884182002156362, -0.07470985262298702, -0.2729958901806939, -0.5661520560693988, 0.5006232826741048, 0.7284607691023963, 0.12610847912739856, 0.19420326386794318, 0.054532943459463634], [-0.2838527953116807, -0.7688618795871556, -0.1792836070563063, 0.4146264849205501, -0.13814260916359294, 0.2660943364866455, -0.256641041925778, 0.3666953285117561, 0.16737641820225435, 0.5029726827336707, 0.6723792293779709, 0.43114309300487386, 0.05640267517988365]], "inverted": false, "swapped": false, "error_lsq": 0.043209392765441605, "error_max": 0.2782720909905649, "target": "73.xyz", "model": "0.xyz", "model_rescale": 3.8414455957264533, "target_rescale": 3.9741931434177817},
{"mapping": [10, 6, 2, 11, 12, 1, 8, 13, 4, 7, 0, 9, 14], "R": [[-0.4755746380546219, -0.2989186617777716, -0.8273308874206268], [0.1573300700556581, 0.8964287212734827, -0.41432209298113803], [0.8654917750594152, -0.3272051058846351, -0.3792898706629636]], "T": [0.04020919515586277, 0.10163474824664832, 0.056106643628664646], "aligned_model": [[-0.17087361443587598, 0.2916376776089664, 0.052751052645064495, -0.19371847758504648, 0.015127447664504828, -0.7291439909549492, 0.5608041092096585, 0.5060838374364051, -0.26577610845113797, 0.32135608271646665, -0.077197622385178, 0.7001299672802733, -0.03850224458804423], [-0.23120593360240915, 0.3488063977343244, 0.7903832434363413, -0.6079085343701284, -0.6507071067485606, -0.1635360368380087, -0.4118958250975011, -0.3114835599636138, 0.5107109522911234, 0.5343988194775082, 0.18516417536083551, 0.26582628858451485, 0.058656816020199315], [-0.5033953031163868, -0.6408274046746978, -0.20860629485958676, 0.46609637051143066, -0.0689620696141794, 0.34983784886139274, -0.2431753023732977, 0.48870470388876047, 0.24277985571139876, 0.43902528825412307, 0.7665683551290293, 0.1113822494022965, 0.05148001825280846]], "inverted": true, "swapped": false, "error_lsq": 0.04844958497397444, "error_max": 0.27121226723872455, "target": "73.xyz", "model": "1.xyz", "model_rescale": 4.316132596720782, "target_rescale": 3.9741931434177817},
{"mapping": [9, 8, 2, 7, 11, 10, 6, 3, 1, 5, 0, 12], "R": [[-0.6790327897207169, 0.19585203639169568, -0.7075001415726551], [-0.02526020125115954, -0.9694177613594823, -0.24411293737432532], [-0.7336732192992, -0.1478890929108576, 0.663213708755445]], "T": [0.07736853763893536, 0.11582893814831506, -0.06082107780174033], "aligned_model": [[-0.30386320886565055, 0.33814152903930167, 0.1260000801976468, -0.595688410062834, -0.5917469668775726, -0.32735550016868176, -0.09591283932725381, -0.28275237128502445, 0.5032282763427722, 0.3259171052869986, 0.5234662599904297, -0.021625399638351125], [-0.6265262509262672, -0.35400472190278476, -0.56806695590104, 0.3008889922188603, -0.19985151109618904, -0.23285083108572846, 0.4170968835699076, 0.599215405266463, 0.17141321056483946, 0.10374666377182887, 0.32202044295674964, 0.07969510030434086], [0.00664580248794662, 0.24906112775955142, -0.4546749400610937, -0.12326230691622374, -0.4498548630836426, 0.4873359368531656, -0.6362549536883347, 0.4596937470323213, -0.6943124131075302, 0.7287426505630817, -0.03991512636176732, -0.08394620026805308]], "inverted": false, "swapped": true, "error_lsq": 0.047362561268306735, "error_max": 0.24575506347114223, "target": "73.xyz", "model": "2.xyz", "model_rescale": 3.795458400668931, "target_rescale": 3.9741931434177817},
{"mapping": [2, 6, 11, 3, 8, 10, 7, 0, 4, 5, 9, 12], "R": [[0.9014158491752433, 0.293316998145732, 0.31845659901225476], [0.43224948906205973, -0.5677408255462156, -0.7005931302929616], [-0.024695061475195484, 0.7691784536808599, -0.6385567009529052]], "T": [0.16686641384473105, -0.08921239204387853, -0.03748691185577587], "aligned_model": [[-0.2527788390664898, -0.1363271366422229, -0.668498552145063, 0.328907063759415, 0.3423711154435851, -0.012465030246721326, -0.3176802943871073, 0.6044728606388174, 0.2781090293722795, 0.7457366246101729, -0.3828798869188887, 0.06433687132578839], [0.11742514027745961, -0.6890392737208837, -0.07553240494595424, -0.03667142258219984, 0.43711426721230584, 0.5778439644927917, -0.20304196976596106, -0.2616988661745157, -0.6776630512212898, 0.44772824569128, 0.5199762895888022, -0.07067187356212552], [-0.6749806589553388, -0.05142746494630176, -0.011119847926910197, 0.7405024857663709, -0.31488833571181934, 0.29225736987156986, 0.4558781662890446, -0.18137640874211478, 0.43579115366353943, 0.21138511071868954, -0.2037662136111987, -0.009483925776430362]], "inverted": true, "swapped": true, "error_lsq": 0.051678540671282906, "error_max": 0.31064125650390934, "target": "73.xyz", "model": "3.xyz", "model_rescale": 3.7530521520055578, "target_rescale": 3.9741931434177817},
{"mapping": [11, 3, 10, 5, 9, 4, 2, 6, 1, 0, 12], "R": [[0.8839672748546319, -0.38748532790946716, -0.2616428436647338], [0.46744572093609443, 0.7206857373849189, 0.5119634419648443], [-0.009816056469401369, -0.5748627563034922, 0.8181909657595476]], "T": [-0.013326838302085482, 0.032564369191994263, 0.053353337379498635], "aligned_model": [[-0.5077004410143864, 0.006259785101969777, 0.35261685507185025, 0.7175853983087266, 0.16076991428849513, -0.4810798051974545, -0.005347573277579086, -0.6641641217490943, -0.31188052352365286, 0.13568603979641672, -0.06454592536008602], [-0.6342591171366597, 0.2997359404116515, -0.4163746797941549, 0.24315458139258733, -0.7854854077331972, 0.556197016958105, -0.5559170322535114, 0.12765103037670011, 0.23863751794269994, 0.4473360351148701, -0.053472526964744777], [-0.044922649169186916, -0.6966606253071063, -0.4470406919044655, -0.27337639478649206, 0.015071038141116745, -0.24607484641667723, 0.5813925945642442, 0.19221410721668927, 0.7272650190567626, 0.2717905152049122, 0.01317271064551926]], "inverted": true, "swapped": true, "error_lsq": 0.06306237607921464, "error_max": 0.3311772219513802, "target": "73.xyz", "model": "4.xyz", "model_rescale": 3.7855080009869324, "target_rescale": 3.9741931434177817},
{"mapping": [13, 12, 1, 10, 15, 7, 14, 9, 4, 0, 5, 2, 16], "R": [[0.5859006659638866, -0.7316083986367534, -0.34852483507956716], [-0.7989624423668735, -0.5934411254101994, -0.09739941662575033], [-0.13557073913730328, 0.3355246365262039, -0.932225183619132]], "T": [-0.006033853816995324, -0.0017169651161887227, 0.026817565977795776], "aligned_model": [[-0.2082391710752971, 0.27322214707183234, 0.15288438986883895, -0.14210901260158787, 0.11554980816444639, -0.6336473236743201, 0.5547071196512198, 0.5092434124286367, -0.41855699650490896, 0.15394036952013712, -0.12327269749444235, 0.6954315358007218, 0.04352453500583076], [-0.2393060520881333, 0.2139881612987588, 0.7260647787593526, -0.5127444045414692, -0.8019388284009757, 0.003437843860799067, -0.2404689477810705, -0.400658628568335, 0.576614182647743, 0.6314145990580119, 0.18628501326650795, 0.19515953487156926, -0.02063755609813289], [-0.6270418029232745, -0.5550352052762761, -0.10802554320712257, 0.5281146649026487, -0.12868320362178542, 0.43601706777852883, -0.2668905373839871, 0.31360826893293864, 0.23262943186090906, 0.4534632663364479, 0.8052862899973743, 0.14917621299436776, 0.018289404982322215]], "inverted": false, "swapped": false, "error_lsq": 0.04216407336636111, "error_max": 0.32276866912250907, "target": "73.xyz", "model": "5.xyz", "model_rescale": 4.2253639853439635, "target_rescale": 3.9741931434177817},
{"mapping": [9, 0, 4, 11, 12, 8, 7, 6, 1, 2, 5, 3, 13], "R": [[-0.30878376903897875, 0.8959944075379014, -0.3191341499101712], [0.5625627793689019, 0.44259613683118065, 0.6983063646644293], [0.7669261393685958, 0.03609267685999229, -0.6407196074963379]], "T": [-0.01169752197718911, 0.08613154885620228, 0.12953554959537947], "aligned_model": [[-0.4144441174086581, 0.157284112595516, 0.22437365215034089, -0.05286630114206088, 0.17059024038577725, -0.7217818568864578, 0.5994106267863993, 0.4949410018675672, -0.405249989583515, 0.29495468402886954, -0.09895762815263774, 0.6771250513241701, 0.04729864019579668], [-0.10292016994464032, 0.11814892307729985, 0.7404868111839158, -0.597283918773557, -0.7879274855070892, -0.02222750814437012, -0.279285715904842, -0.18541594334682981, 0.6166129328711594, 0.448185763810467, 0.036911215662908725, 0.23057297638547497, 0.10135181491472839], [-0.28837718647782373, -0.6537158431590301, -0.0008519636741219083, 0.499403389559413, -0.1427432424719505, 0.30246162536505417, -0.22033338180066256, 0.418148324360738, -0.1904827911490439, 0.6039328324951674, 0.754598985673091, 0.04195924445442625, 0.1269083221978347]], "inverted": true, "swapped": false, "error_lsq": 0.04686705640020897, "error_max": 0.3617609867616607, "target": "73.xyz", "model": "6.xyz", "model_rescale": 3.89814844738969, "target_rescale": 3.9741931434177817},
{"mapping": [8, 9, 5, 7, 11, 3, 10, 4, 6, 1, 0, 2, 12], "R": [[-0.6510857224156602, -0.7568247684648136, 0.05747740342655566], [0.4786517764221659, -0.35064530273263206, 0.8049474197731463], [-0.5890499630713704, 0.551601433563875, 0.5905556701073111]], "T": [0.059593697193479955, -0.05756863583911728, 0.15762700873871097], "aligned_model": [[-0.4338105425741615, 0.10419125393818102, 0.22784452352816065, -0.21190319023971133, 0.11002110211735622, -0.7032260492885769, 0.6875503725637936, 0.5137435006283944, -0.39527716396279516, 0.24402318742869047, -0.08602733223489589, 0.6922094456114942, 0.22333900864517794], [-0.2550748715840351, 0.20410248462198724, 0.6218718481908894, -0.5312640908737647, -0.6982020168977457, -0.005677845900027775, -2.7398835694067425e-05, -0.45196455535516866, 0.4136928534098655, 0.7150402304334893, 0.21393442944540145, 0.16214463973758048, -0.07136601010815208], [-0.26097819349356255, -0.69530039830344, -0.17797527391680865, 0.5225608870503351, -0.3347004403528906, 0.4180023473682726, -0.21822280562083438, 0.3893501260433744, -0.01083948481284916, 0.44720931987386703, 0.6636813425781113, 0.3879989599607292, 0.12012192899878704]], "inverted": true, "swapped": false, "error_lsq": 0.04464490071642054, "error_max": 0.3085722752939826, "target": "73.xyz", "model": "7.xyz", "model_rescale": 3.7474275329858107, "target_rescale": 3.9741931434177817},
{"mapping": [9, 11, 4, 6, 10, 5, 12, 0, 8, 2, 3, 1, 14], "R": [[0.21110050682388382, 0.7727780184678249, -0.5985404833356236], [0.9329624491462765, -0.3419576937450323, -0.1124544537648928], [-0.2915778532428022, -0.5346766030616275, -0.793160315218051]], "T": [0.1419136565725898, 0.01800299619423612, 0.002822471897042822], "aligned_model": [[-0.5014301953802636, 0.01379594075116286, 0.10236928010874063, -0.1782446111678479, 0.2523967407009924, -0.5294096695739451, 0.6029708056708845, 0.38692761260675196, -0.3056198073299328, 0.32960766980859946, -0.13643994601402332, 0.7633819133944247, 0.1723723825855637], [0.05464772501377933, -0.1931117343512422, 0.7888982384331988, -0.572988387462749, -0.7185790353602628, -0.08524005373526679, -0.09182918803770634, -0.33824862225797264, 0.5156397950238796, 0.6828842371340453, 0.04342197405948168, 0.1623007258343218, 0.06941402199111893], [-0.4035102637920792, -0.5677004260038891, -0.12517211247644602, 0.46668232836059664, -0.140368863737436, 0.23017094546723219, -0.3921532430166074, 0.500081140323882, 0.13428246959413304, 0.4837521847361919, 0.6631312515418029, 0.40000906662727714, 0.0017038377484339465]], "inverted": false, "swapped": false, "error_lsq": 0.05203040503513426, "error_max": 0.3921450591489483, "target": "73.xyz", "model": "8.xyz", "model_rescale": 4.019505241142653, "target_rescale": 3.9741931434177817},
{"mapping": [0, 1, 6, 4, 7, 3, 9, 8, 2, 6, 5, 11, 12], "R": [[0.019174885387409413, -0.419154743590454, -0.9077123028228716], [-0.10320233725515027, -0.9038594733154418, 0.4151955323495262], [-0.9944755408532951, 0.08571670446040844, -0.06058915101726592]], "T": [0.12037719548679279, 0.08816941423523426, 0.012255593035842074], "aligned_model": [[-0.33668240392147764, 0.11537191645075201, 0.20156719727493574, -0.2598687444379286, 0.08150652980263248, -0.6205673846412472, 0.723362894158738, 0.5122772408360761, -0.3944823366931547, 0.20156719727493574, -0.0006820735281429097, 0.621185557556887, 0.12812252602810142], [-0.3182251591993046, 0.15261105712148787, 0.7844815839372353, -0.5475517352160868, -0.797789727524576, 0.03885195003059093, -0.13491761013931086, -0.42402089963480794, 0.37549516166410285, 0.7844815839372353, 0.18080295666263685, 0.13509766809730833, 0.08789286654811437], [-0.20816684534736868, -0.6601486931004439, 0.2036175116649942, 0.3849033040903675, -0.16981434011399582, 0.44472492679844905, -0.2200814211983516, 0.21278581075636221, -0.036073892835060115, 0.2036175116649942, 0.6659285994732178, 0.37864097410762504, 0.050974869412301935]], "inverted": true, "swapped": false, "error_lsq": 0.05823402359401687, "error_max": 0.34414214067369747, "target": "73.xyz", "model": "9.xyz", "model_rescale": 3.877068213659057, "target_rescale": 3.9741931434177817},
{"mapping": [6, 12, 1, 14, 10, 13, 11, 9, 4, 7, 2, 8, 15], "R": [[-0.3110944839871381, 0.6178938817297407, -0.7220992819230121], [-0.22836915215239573, -0.786141110052895, -0.5743080057164432], [-0.9225333340199542, -0.01375885190542725, 0.3856720648637549]], "T": [0.007089701801032411, 0.07097128809738995, 0.005797921464747072], "aligned_model": [[-0.36480632522694606, 0.09082515307230601, 0.33595642739568127, -0.15078521534433365, 0.15039672418126654, -0.6478803620051681, 0.599334763459535, 0.33248236948639365, -0.31809367295903895, 0.2417876677978568, -0.07926469808280545, 0.7121297216297015, 0.07059556275665897], [-0.27353675619131346, -0.0029447759217787473, 0.865528580222415, -0.5791284646571239, -0.6149538398764846, -0.1946961628814644, -0.24361823095270196, -0.2880685557510211, 0.6115862489656081, 0.6710602708033838, 0.08238466418952031, 0.1879382156056958, 0.09565850272989065], [-0.34536034431583473, -0.732930719779005, -0.110098569125073, 0.40824961874461846, -0.10456781420721314, 0.31896483697749883, -0.302316501613194, 0.4539667582278198, 0.25091405028958974, 0.5068933684692547, 0.6636489763520877, 0.2965903631088766, -0.05304570775633424]], "inverted": false, "swapped": false, "error_lsq": 0.037943833455481316, "error_max": 0.2039110096400963, "target": "73.xyz", "model": "10.xyz", "model_rescale": 4.260839863003843, "target_rescale": 3.9741931434177817},
{"mapping": [3, 7, 6, 4, 1, 0, 5, 10, 11, 2, 8, 12], "R": [[0.09840710700968297, -0.15702764233781275, -0.9826791749252719], [0.9064004045157898, -0.3934860912074865, 0.15364570517872234], [-0.41079721029188837, -0.9058206310126096, 0.10360809065087723]], "T": [-0.05500588540163984, 0.09075257777587595, -0.03529719730075093], "aligned_model": [[0.3366143247125868, 0.2314033327809897, -0.47202997994107754, -0.3290228373259091, -0.7750752071404624, -0.3873134038194266, 0.35440079222743137, 0.7068344408409969, 0.19530417037317346, -0.09358333092097317, 0.18933174885673845, 0.0020345984500623124], [-0.0901706943856844, -0.5394715722219745, -0.43535223657603916, -0.3246898512801992, 0.09426948527627119, 0.39254405325130604, 0.6924380848092251, 0.15518264408141408, -0.5404506222941569, 0.15042234975185115, 0.606998022566747, 0.01135884255417377], [-0.7047638575084569, -0.1445632307010933, -0.00040328738778962897, -0.6140575305092091, 0.2240196042156819, -0.23641604744002404, -0.4298779569965558, 0.0008043931650840719, 0.4521906350701896, 0.7521993326315111, 0.20670066157848266, 0.010345361277684095]], "inverted": true, "swapped": true, "error_lsq": 0.046194052412956634, "error_max": 0.2410162943457373, "target": "73.xyz", "model": "11.xyz", "model_rescale": 3.890672605050136, "target_rescale": 3.9741931434177817},
{"mapping": [4, 10, 12, 0, 1, 3, 11, 6, 7, 5, 8, 9, 13], "R": [[0.8818091337075373, -0.4424524150779837, 0.16324371994543285], [0.2619887644859141, 0.17176457298201186, -0.9496624762258705], [0.3921409682666521, 0.8801890659738778, 0.26738113087300264]], "T": [0.1725311688008549, -0.07027189216594167, 0.10490524439442794], "aligned_model": [[-0.3546061834050615, 0.2552510446624191, 0.09722630309765548, -0.23627957304357144, 0.13772359185955832, -0.7257022011880325, 0.5560530535620294, 0.5297910293928123, -0.3453782427355216, 0.27842022016579115, -0.10263754032835198, 0.827291635595377, 0.055524978526003244], [-0.1180427389371783, 0.2496783975295847, 0.6020173258122608, -0.4763222340186655, -0.8474719138164476, -0.09052621618069386, -0.21902409629259267, -0.349916846116827, 0.5943810379496762, 0.6239947420337123, -0.03641145102865276, 0.34476520050057535, 0.0400884888498739], [-0.3543345643474061, -0.7259555975663414, -0.2073262904266937, 0.23410058866469127, 0.11174990100871127, 0.3189840415676827, -0.26053409335118455, 0.46018321399172785, 0.2351760938089061, 0.4392008191081501, 0.7699817045704647, 0.17457129678256045, 0.055111201561822996]], "inverted": true, "swapped": false, "error_lsq": 0.04747942108952569, "error_max": 0.29751229241961635, "target": "73.xyz", "model": "12.xyz", "model_rescale": 4.124412569039231, "target_rescale": 3.9741931434177817},
{"mapping": [10, 11, 9, 4, 2, 5, 8, 1, 7, 3, 0, 6, 12], "R": [[-0.5448754722337983, 0.8322940319716656, 0.10196746590135053], [-0.6414151302362787, -0.33537813377780584, -0.6900058971397953], [-0.5400901317946597, -0.44137076446912965, 0.7165853039310555]], "T": [0.046238970338057135, 0.12406184924298284, 0.2014404411191758], "aligned_model": [[-0.3553925262493689, 0.16921564814901902, 0.23005366112208547, -0.2729933861315403, 0.19939896416695216, -0.6707805843677854, 0.5669878421257347, 0.6357544164951628, -0.41934688383524965, 0.2560236530534101, -0.05974791442363785, 0.6907219902203476, 0.002783235835977685], [-0.12800034001085653, -0.15250213549858876, 0.622802203698397, -0.5771487501127284, -0.619787291568028, 0.08588842484215584, -0.02139929783401677, -0.38658450616188805, 0.47894704629713364, 0.6422332842906766, 0.03003440593815264, 0.29686232315953665, 0.045864329244679106], [-0.36403852930768, -0.7466850571113786, -0.15368135529728183, 0.35850938675643107, -0.20553128474636195, 0.4426283904681469, -0.27031986679295306, 0.4350558031197161, -0.02297877334694981, 0.6444326832234355, 0.7641952843307588, 0.25037353913776694, 0.11894809493944146]], "inverted": false, "swapped": false, "error_lsq": 0.04562108042699652, "error_max": 0.2760020016819774, "target": "73.xyz", "model": "13.xyz", "model_rescale": 3.9028299243045295, "target_rescale": 3.9741931434177817},
{"mapping": [3, 2, 12, 7, 6, 4, 1, 9, 5, 13, 10, 11, 15], "R": [[0.08118745381120329, -0.9912122419356749, 0.10443605115335818], [-0.9957498312397687, -0.07609221197710231, 0.051886885264042656], [-0.043484145727218024, -0.10820474441208593, -0.9931771555755242]], "T": [0.013303389513162102, 0.09563830103705423, -0.0022107781858047987], "aligned_model": [[-0.33653465552613177, 0.0292395033053185, 0.3978697509898369, -0.16657795074755163, 0.255957601400592, -0.6259786117502646, 0.5570227818197585, 0.4163142330638231, -0.2444508619682977, 0.10131740851120827, -0.19344461000732813, 0.7366664134719371, 0.045277113598207], [-0.37574737364297267, 0.11311570162267734, 0.6734468430538378, -0.5789222949445214, -0.5025720338643955, 0.024971496731507864, -0.05680694810135112, -0.41785756973693383, 0.5175984527088611, 0.7161092411977712, 0.07367969519701001, 0.1203610540357143, 0.009833432027420333], [-0.21220680954757087, -0.7381390017930785, -0.05207350328097403, 0.575057497065972, -0.16855857925219248, 0.21153673527944783, -0.3236581676411884, 0.41581997085343825, 0.1305077581966117, 0.487606225062471, 0.7134187952478334, 0.14608422979258284, 0.0655131653897384]], "inverted": true, "swapped": false, "error_lsq": 0.048718633154004494, "error_max": 0.29564947046606976, "target": "73.xyz", "model": "14.xyz", "model_rescale": 3.942246331269136, "target_rescale": 3.9741931434177817},
{"mapping": [5, 1, 12, 6, 7, 10, 0, 8, 4, 13, 11, 8, 14], "R": [[-0.9874445792315368, -0.004209853615397524, 0.15790972129286573], [0.07395905855345564, -0.8956314571792695, 0.43860500517986045], [0.13958245091751376, 0.4447769891119322, 0.8846977841909544]], "T": [-0.0850958451533881, 0.018899742532505745, 0.040558309551341265], "aligned_model": [[-0.2982873180892043, 0.11346734025194459, 0.33205733328770937, -0.02136190335693111, 0.24533914495186682, -0.7093268102223177, 0.5107413055018593, 0.5735907881866834, -0.45527773757978285, 0.15260989452292073, -0.02919013848250336, 0.5735907881866834, -0.015274570997820605], [-0.10394778123425567, 0.3318219519984831, 0.674663184461454, -0.37713794674546713, -0.769605664609046, -0.07946828873250693, -0.2473981850412823, -0.1848803268329055, 0.4252907329886373, 0.7077026747977464, 0.1145999339170485, -0.1848803268329055, 0.010449738149625586], [-0.5444523227972908, -0.6800621092581991, -0.21249068196756893, 0.43027810975768266, 0.033385558913322066, 0.37170774518021316, -0.29823511797817764, 0.39190789141581706, 0.24421416220061398, 0.40108063664504784, 0.7489558321240426, 0.39190789141581706, -0.02728928027822826]], "inverted": false, "swapped": false, "error_lsq": 0.055636200550321466, "error_max": 0.46307673360219104, "target": "73.xyz", "model": "15.xyz", "model_rescale": 4.355366556412066, "target_rescale": 3.9741931434177817},
{"mapping": [9, 8, 2, 7, 11, 10, 6, 3, 1, 5, 0, 12], "R": [[-0.6790327897207169, 0.19585203639169568, -0.7075001415726551], [-0.02526020125115954, -0.9694177613594823, -0.24411293737432532], [-0.7336732192992, -0.1478890929108576, 0.663213708755445]], "T": [0.07736853763893536, 0.11582893814831506, -0.06082107780174033], "aligned_model": [[-0.30386320886565055, 0.33814152903930167, 0.1260000801976468, -0.595688410062834, -0.5917469668775726, -0.32735550016868176, -0.09591283932725381, -0.28275237128502445, 0.5032282763427722, 0.3259171052869986, 0.5234662599904297, -0.021625399638351125], [-0.6265262509262672, -0.35400472190278476, -0.56806695590104, 0.3008889922188603, -0.19985151109618904, -0.23285083108572846, 0.4170968835699076, 0.599215405266463, 0.17141321056483946, 0.10374666377182887, 0.32202044295674964, 0.07969510030434086], [0.00664580248794662, 0.24906112775955142, -0.4546749400610937, -0.12326230691622374, -0.4498548630836426, 0.4873359368531656, -0.6362549536883347, 0.4596937470323213, -0.6943124131075302, 0.7287426505630817, -0.03991512636176732, -0.08394620026805308]], "inverted": false, "swapped": true, "error_lsq": 0.047362561268306735, "error_max": 0.24575506347114223, "target": "73.xyz", "model": "16.xyz", "model_rescale": 3.795458400668931, "target_rescale": 3.9741931434177817},
{"mapping": [8, 9, 5, 7, 11, 3, 10, 4, 6, 1, 0, 2, 12], "R": [[-0.6510857224156602, -0.7568247684648136, 0.05747740342655566], [0.4786517764221659, -0.35064530273263206, 0.8049474197731463], [-0.5890499630713704, 0.551601433563875, 0.5905556701073111]], "T": [0.059593697193479955, -0.05756863583911728, 0.15762700873871097], "aligned_model": [[-0.4338105425741615, 0.10419125393818102, 0.22784452352816065, -0.21190319023971133, 0.11002110211735622, -0.7032260492885769, 0.6875503725637936, 0.5137435006283944, -0.39527716396279516, 0.24402318742869047, -0.08602733223489589, 0.6922094456114942, 0.22333900864517794], [-0.2550748715840351, 0.20410248462198724, 0.6218718481908894, -0.5312640908737647, -0.6982020168977457, -0.005677845900027775, -2.7398835694067425e-05, -0.45196455535516866, 0.4136928534098655, 0.7150402304334893, 0.21393442944540145, 0.16214463973758048, -0.07136601010815208], [-0.26097819349356255, -0.69530039830344, -0.17797527391680865, 0.5225608870503351, -0.3347004403528906, 0.4180023473682726, -0.21822280562083438, 0.3893501260433744, -0.01083948481284916, 0.44720931987386703, 0.6636813425781113, 0.3879989599607292, 0.12012192899878704]], "inverted": true, "swapped": false, "error_lsq": 0.04464490071642054, "error_max": 0.3085722752939826, "target": "73.xyz", "model": "17.xyz", "model_rescale": 3.7474275329858107, "target_rescale": 3.9741931434177817},
{"mapping": [9, 5, 10, 2, 6, 7, 4, 0, 11, 3, 1, 8, 13], "R": [[-0.06667119154934226, -0.9580799341211703, -0.27863559006660465], [-0.9720217528775446, 0.1254037715608653, -0.19861421402099189], [0.22523024697019933, 0.25759800836319435, -0.9396353558360068]], "T": [0.0006082876265602333, 0.08019686627770632, 0.08258357922682627], "aligned_model": [[-0.20754951677649225, 0.19624722161338917, 0.13611875091711192, -0.15201486096133487, 0.11144748762192414, -0.7455200410439007, 0.5989702222983206, 0.5530916616002117, -0.39303830074207513, 0.2661376678397235, -0.1052119968674518, 0.6894199570076587, 0.024579863654022607], [-0.3496292422060195, 0.24920304180520614, 0.7033283143928715, -0.5243884044002058, -0.6595047848910753, 0.025237298371720104, -0.31543602951341193, -0.3761991725937717, 0.6362995719034208, 0.5596073871346744, 0.09795248928908926, 0.2832135011296404, -0.012474274137512592], [-0.38607835734143414, -0.5929771188694728, -0.18158205663850321, 0.4217230030691681, -0.10597662458855386, 0.17028332316778216, -0.3353439610530745, 0.5134050828289374, 0.3224352126745649, 0.48289456089545146, 0.7659613825324069, 0.04827350320649679, 0.1278903654893224]], "inverted": false, "swapped": false, "error_lsq": 0.04728483947739486, "error_max": 0.26335730387234935, "target": "73.xyz", "model": "18.xyz", "model_rescale": 3.922800546911778, "target_rescale": 3.9741931434177817},
{"mapping": [5, 1, 2, 13, 8, 12, 6, 4, 3, 9, 7, 10, 14], "R": [[0.5817620617562955, -0.7509337124334811, -0.3124923407572332], [0.5034645911608663, 0.6342179040196114, -0.5867632023808182], [0.6388085072604203, 0.1840277417995487, 0.7470324499644394]], "T": [0.05428931301692674, -0.013145268281033878, 0.05102314539840097], "aligned_model": [[-0.5321794225033732, 0.25811789810000685, 0.33197108524503754, -0.016734408729468804, 0.009688427411147012, -0.6804107603238866, 0.6084739839315682, 0.6126037069336511, -0.4023086206777746, 0.23796733945714285, -0.2726735372479201, 0.7985870164709913, 0.019575408093986085], [-0.12842761303499572, 0.1299706853456158, 0.6371059171723219, -0.4828223332451387, -0.5758576820690444, -0.18212678214732309, -0.2708569549818034, -0.3955235575211157, 0.42188261958755335, 0.6793875655530822, 0.22216529569238072, 0.2323261052367885, 0.029986430696304155], [-0.4236326492896702, -0.646081406054543, -0.06384718139031959, 0.5471812174038659, -0.18510426595756574, 0.27524422998005693, -0.2687139481240535, 0.30780908846264704, 0.15787962534898853, 0.43755107786861674, 0.7409037525239068, 0.24172023682767665, 0.12999853777348488]], "inverted": false, "swapped": false, "error_lsq": 0.040886867818113806, "error_max": 0.22343667193119243, "target": "73.xyz", "model": "19.xyz", "model_rescale": 3.9282355846067225, "target_rescale": 3.9741931434177817},
{"mapping": [9, 8, 6, 10, 11, 12, 4, 0, 7, 5, 2, 3, 13], "R": [[-0.80737896314991, -0.18115320806374974, -0.5615360407589064], [0.46664146913538335, 0.3863787463946228, -0.7955860755554303], [0.361088561361541, -0.9043754638106518, -0.22742047249779657]], "T": [0.07243866413455878, 0.10181719151185732, 0.062489087775941685], "aligned_model": [[-0.3592636838815011, 0.08087944856382864, 0.2544440309633573, -0.27332042472733575, 0.17252729597677863, -0.7498183026030237, 0.5483643581086883, 0.6101200444894984, -0.41614314640823685, 0.3138127605776125, -0.13349768431749104, 0.7987228620595848, 0.1258505573593472], [-0.24829151303645203, 0.10097509479456555, 0.7016521222883714, -0.5027533911828794, -0.5875316621402727, -0.11324936575830434, -0.11031399003509755, -0.44819299580406136, 0.46369275428993406, 0.6171079503846733, 0.19469601959631166, 0.22732125422646632, 0.022097418661370424], [-0.3491925889534339, -0.698135407727275, -0.12167430794349306, 0.5696176829083837, -0.10527144116457289, 0.04165157681527355, -0.295090190944943, 0.2829080417366963, 0.1982523665018054, 0.46733984007259827, 0.8547516415040426, 0.21452547561808322, 0.1912256269499265]], "inverted": false, "swapped": false, "error_lsq": 0.04255067703259171, "error_max": 0.31429466978466497, "target": "73.xyz", "model": "20.xyz", "model_rescale": 4.067790424073018, "target_rescale": 3.9741931434177817},
{"mapping": [5, 13, 9, 2, 6, 4, 11, 3, 8, 7, 0, 12, 14], "R": [[-0.8103359612685701, 0.41593047159566, -0.41274383420367955], [-0.5088196931709892, -0.8488127576852225, 0.14359464555542678], [-0.29061684348351713, 0.3263720962169102, 0.899457116873649]], "T": [0.05820147101330131, 0.05307780852907309, 0.031056511537629256], "aligned_model": [[-0.41888602304046535, 0.12904466721191615, 0.45581199869068934, -0.12467023421010007, -0.04339806214958711, -0.6523097192293487, 0.5786117281981153, 0.5859569065023024, -0.4213563343962326, -0.06774493231721446, 0.04933491915638094, 0.7889265352826001, 0.11335666646205125], [0.09214557941820786, 0.08461827437418501, 0.7191398597426694, -0.42937725072580996, -0.6654615459349552, -0.29873123677027247, -0.21740817698551426, -0.47701126425538576, 0.3270059792110222, 0.7149451134078978, 0.16776347886729961, 0.20811917170449712, 0.0914617142307842], [-0.3143814035109902, -0.6647235870882483, -0.01707987472199854, 0.5672626162837285, -0.11363500045555017, 0.14885608251229274, -0.24105146305368289, 0.4363030931113021, 0.17302680879267499, 0.3515766067412439, 0.7319321144788353, 0.20140005573881967, -0.008577733455335995]], "inverted": true, "swapped": false, "error_lsq": 0.05678692698213225, "error_max": 0.3386654540667833, "target": "73.xyz", "model": "21.xyz", "model_rescale": 4.186013935880536, "target_rescale": 3.9741931434177817},
{"mapping": [11, 8, 2, 4, 10, 3, 9, 7, 5, 0, 6, 1, 12], "R": [[-0.7389840013770705, 0.41224496075614714, -0.532875912422298], [0.5661394456425514, -0.048797080578916796, -0.822863884864635], [-0.36522427876070684, -0.9097653198809776, -0.1973278716896933]], "T": [0.09762254802758226, 0.026556229939120397, 0.06576657166066567], "aligned_model": [[-0.3440258632829924, 0.10276497868566092, 0.18552120534374666, -0.20144411182034588, 0.3680937168592131, -0.7567769054635153, 0.49426043353312954, 0.5048023855308198, -0.37796392023512215, 0.2713270176733339, -0.09481250737423962, 0.7651113825203927, 0.05582030419102604], [-0.20344766335857686, 0.21218674775896326, 0.7025960168319184, -0.5835900068175353, -0.7609125751525974, 0.07522678987279803, -0.19609757626033086, -0.36173648654386287, 0.6366609776399095, 0.5424604062280062, -0.004356703211113262, 0.24628927016345195, 0.011930499133594997], [-0.3228345973630601, -0.6779961572821604, -0.22568365641429583, 0.32247039225467294, 0.010651596598173649, 0.4121354576860188, -0.3567904429597494, 0.5366774827021873, 0.07710165671637953, 0.5405908329607237, 0.5871742710991583, 0.2689888214109028, 0.07842265796414007]], "inverted": false, "swapped": false, "error_lsq": 0.04169555425119432, "error_max": 0.25733348531629335, "target": "73.xyz", "model": "22.xyz", "model_rescale": 4.166573947596378, "target_rescale": 3.9741931434177817},
{"mapping": [9, 11, 2, 10, 14, 8, 12, 13, 4, 1, 0, 6, 15], "R": [[0.353031190695401, 0.9000962592112275, -0.25533449150113363], [-0.029031735738364928, -0.2622364804535494, -0.9645668388656916], [-0.9351610218118619, 0.3479349831122049, -0.06644630020177664]], "T": [0.03957392578210458, 0.020549330569159852, 0.061451073853190055], "aligned_model": [[-0.3163498575669414, 0.11144105153308115, 0.23097127911400991, -0.0640476688778159, 0.29837904910574753, -0.7526592185029571, 0.5299709204175854, 0.4229015482884179, -0.3880991566958392, 0.2990190005087084, -0.20249324542502176, 0.7315320769086338, 0.07211233735349874], [-0.2767154152187304, 0.11541627830046312, 0.6511444029581752, -0.6462839628194714, -0.7019707098099962, 0.033588932064159846, -0.1350790477545501, -0.5876789019395654, 0.5941357471374397, 0.5249579804134717, 0.36028467761420846, 0.3312077348679614, 0.054201980471059646], [-0.31986388473125427, -0.7182467560083812, -0.07465971559910105, 0.3863159027477403, -0.13080516820979898, 0.22354905073828968, -0.34434684474920674, 0.5085880661706607, 0.22862724026684944, 0.4931445160427685, 0.7634048767704297, 0.12303763809363012, 0.11216339384046542]], "inverted": false, "swapped": false, "error_lsq": 0.045032661837226734, "error_max": 0.3185014527089067, "target": "73.xyz", "model": "23.xyz", "model_rescale": 4.274766983524099, "target_rescale": 3.9741931434177817},
{"mapping": [8, 2, 1, 0, 6, 4, 3, 7, 10, 11, 12], "R": [[0.09924729261335807, -0.6250141212167946, -0.7742785824162494], [-0.7418679210050676, -0.5650556293629627, 0.3610320256000082], [-0.6631605859009847, 0.5385809911283764, -0.5197581680961239]], "T": [-0.056525366808370246, 0.009294520484129543, -0.0873724699386231], "aligned_model": [[0.3754652442909683, 0.2734642853763198, -0.5659061321532639, -0.36928992187715803, -0.5174202774877859, -0.642346507935275, -0.05356024022606883, 0.006947110790030499, 0.635392776448113, 0.24102269387296246, -0.0038743271407670962], [-0.0706016721272334, 0.6713514116990158, 0.4735064519834362, -0.16888308951590142, 0.3880976543221586, -0.22812083096026814, -0.6238166292285439, 0.06756985142867486, -0.24360512821002817, 0.5898248691650205, 0.06026364268715223], [-0.5252924544251347, -0.3666339744316761, -0.42023267910580575, -0.42261304882976536, 0.22246139387231736, 0.3405162616315702, 0.39579076194379637, 0.6081323941323384, 0.12034438467519573, 0.43528100642557277, -0.008187611866831798]], "inverted": true, "swapped": true, "error_lsq": 0.04732971125587748, "error_max": 0.28982684464284025, "target": "73.xyz", "model": "24.xyz", "model_rescale": 3.7841303162186577, "target_rescale": 3.9741931434177817},
{"mapping": [4, 1, 7, 12, 2, 3, 8, 9, 6, 11, 13, 10, 15], "R": [[0.3854770547757085, -0.6897259292008604, 0.6129319561170352], [-0.9226397553101144, -0.2794991165379488, 0.2657369484580542], [-0.011971723465644402, -0.6679508862502661, -0.7441090588043842]], "T": [0.18238282410786882, 0.03529344881336319, 0.07446461557794445], "aligned_model": [[-0.4076506773211673, 0.15225658188572638, 0.3587131641045449, -0.01392039211171392, 0.09015275977279757, -0.5884856537214185, 0.41657210910821074, 0.5126925350900299, -0.37300492542661595, -0.02269491494382339, -0.10834999420540686, 0.8335636549451118, 0.12283386898483181], [-0.153551410610336, 0.04613585581544308, 0.6553841687120594, -0.5178908356967435, -0.6785381377608648, 0.05515713247736062, -0.22989328300992193, -0.4049619375452912, 0.4662701122952535, 0.621984423342213, 0.05890387852880641, 0.32777908072542505, 0.0704306490112215], [-0.3413507630686251, -0.668509977219937, -0.010392148397784157, 0.5546979974882662, -0.1507710591471997, 0.30763646549470747, -0.3991271492309221, 0.27248329686634426, -0.0923586904798927, 0.5252022227448199, 0.8003550847503346, 0.38377156013677327, 0.06927147543620665]], "inverted": true, "swapped": false, "error_lsq": 0.04446466541846945, "error_max": 0.2528837229485861, "target": "73.xyz", "model": "25.xyz", "model_rescale": 4.19342608120988, "target_rescale": 3.9741931434177817},
{"mapping": [9, 8, 2, 7, 11, 10, 6, 3, 1, 5, 0, 12], "R": [[-0.6790327897207169, 0.19585203639169568, -0.7075001415726551], [-0.02526020125115954, -0.9694177613594823, -0.24411293737432532], [-0.7336732192992, -0.1478890929108576, 0.663213708755445]], "T": [0.07736853763893536, 0.11582893814831506, -0.06082107780174033], "aligned_model": [[-0.30386320886565055, 0.33814152903930167, 0.1260000801976468, -0.595688410062834, -0.5917469668775726, -0.32735550016868176, -0.09591283932725381, -0.28275237128502445, 0.5032282763427722, 0.3259171052869986, 0.5234662599904297, -0.021625399638351125], [-0.6265262509262672, -0.35400472190278476, -0.56806695590104, 0.3008889922188603, -0.19985151109618904, -0.23285083108572846, 0.4170968835699076, 0.599215405266463, 0.17141321056483946, 0.10374666377182887, 0.32202044295674964, 0.07969510030434086], [0.00664580248794662, 0.24906112775955142, -0.4546749400610937, -0.12326230691622374, -0.4498548630836426, 0.4873359368531656, -0.6362549536883347, 0.4596937470323213, -0.6943124131075302, 0.7287426505630817, -0.03991512636176732, -0.08394620026805308]], "inverted": false, "swapped": true, "error_lsq": 0.047362561268306735, "error_max": 0.24575506347114223, "target": "73.xyz", "model": "26.xyz", "model_rescale": 3.795458400668931, "target_rescale": 3.9741931434177817},
{"mapping": [1, 8, 11, 0, 6, 2, 5, 7, 9, 4, 3, 10, 12], "R": [[-0.9595223682679684, 0.23562233408226568, 0.1542690522271207], [0.22944113004364003, 0.9716535824192575, -0.05697441194185897], [-0.16332052117761067, -0.019272557003375455, -0.9863848011343368]], "T": [0.0031610965798963275, 0.1098811001668843, 0.02487611984202759], "aligned_model": [[-0.39083280381002533, 0.19094718133928568, 0.25860960025379626, -0.2792553196832373, 0.14730306270565569, -0.7920952511386268, 0.6276850688866746, 0.5229782533339247, -0.32896338737871045, 0.2846201742423919, -0.025432886858635456, 0.6517695172016043, 0.1053449070670094], [-0.17486045923813898, 0.05449131550651454, 0.7281000301534948, -0.524092218979274, -0.5768298792992299, -0.045905674916858485, -0.2499084183676849, -0.31730822214707194, 0.3457131075208806, 0.7619146740139875, 0.036381618250097364, 0.2826119655214425, -0.003098141733533441], [-0.31282822030532836, -0.6768503712014484, -0.22835501629709398, 0.4826882980645008, -0.409678921502514, 0.3685805510348837, -0.19279743906455998, 0.48040603661425935, 0.16071014200886916, 0.4658933403835121, 0.7589447604451649, 0.26395266273511586, 0.09024249245773051]], "inverted": false, "swapped": false, "error_lsq": 0.0398899693364204, "error_max": 0.30632739235237927, "target": "73.xyz", "model": "27.xyz", "model_rescale": 3.6321398670334006, "target_rescale": 3.9741931434177817},
{"mapping": [8, 10, 11, 7, 3, 12, 0, 1, 9, 13, 6, 2, 14], "R": [[-0.7749963510537069, -0.6286922879351655, -0.06423910759254525], [0.05420978278745053, 0.03514045166250673, -0.9979110421811619], [0.6296363675198385, -0.7768598044356537, 0.006847550556288773]], "T": [0.0722241038424471, -0.035613493593169926, 0.08599969263946794], "aligned_model": [[-0.2824209962044601, -0.06888564516271242, 0.3817228465261506, -0.31175926790239367, 0.3105480662800936, -0.7338765067960362, 0.4286816078095101, 0.5663813993606093, -0.2560955114822268, 0.26629349545898273, -0.26594293511033834, 0.8263314904665571, 0.1117000729173716], [-0.2730679387468846, 0.2734055962287756, 0.4879620873009167, -0.679921933338438, -0.6711796687578349, -0.11758070094740035, -0.12574726864014366, -0.197905558046481, 0.5449548088348211, 0.625270568208847, 0.2550157132945424, 0.20549736453331618, -0.009493373639411037], [-0.20532805283635147, -0.6134764498113834, -0.12041003529829067, 0.2817311124481905, -0.018007066164134083, 0.2502948943550463, -0.41820824530002865, 0.5064007502594063, 0.04454082592596404, 0.5242309786149282, 0.7224626962857844, 0.16743228602123447, 0.12924462087272565]], "inverted": false, "swapped": false, "error_lsq": 0.05404239313525032, "error_max": 0.3105135244543716, "target": "73.xyz", "model": "28.xyz", "model_rescale": 4.156811204709835, "target_rescale": 3.9741931434177817},
