[{"mapping": [12, 10, 9, 0, 2, 11, 1, 3, 8, 5, 6, 7, 13], "R": [[0.6194207133989339, 0.7699040569968976, -0.1535113117397986], [0.5650964109013945, -0.301522093691022, 0.7679521296295393], [0.5449624080601505, -0.562434147288285, -0.6218390497270025]], "T": [0.059313198441560695, 0.13542351407821687, -0.0395034542909089], "aligned_model": [[-0.18134044137306835, -0.7504747694918701, 0.06087346322227711, 0.5476815431945089, 0.7745994723104976, -0.6021477299516435, 0.13667208634103917, 0.4847226552147038, -0.25823735229644673, -0.24052719685691948, 0.3453239299038261, -0.11558693753221566, -0.01818290740912224], [-0.2928243634983154, -0.43810486122031944, -0.5533549287596863, -0.3845310763234421, 0.006977901335362524, 0.25663918935376645, 0.12449513159799105, 0.4335850156325166, 0.41458761920062714, 0.7980864859883245, 0.6987173584309909, -0.1563997658423346, 0.07436658178402067], [-0.3457866385645023, 0.13581789169779596, 0.21014628838837748, -0.3337074963163971, 0.21174446389252294, 0.14714605982571977, -0.6112903781902699, -0.09718203676826184, 0.6176176774343551, -0.2477695903959233, 0.39112886055592844, 0.6355103220190526, 0.09013553233040383]], "inverted": true, "swapped": false, "error_lsq": 0.04613764273284629, "error_max": 0.3107594633579093, "target": "730.xyz", "model": "0.xyz", "model_rescale": 3.8414455957264533, "target_rescale": 3.8620711729936827},
{"mapping": [6, 5, 2, 9, 0, 10, 8, 13, 1, 12, 11, 3, 14], "R": [[-0.5345529718050106, 0.26164247783240097, 0.8036145432532649], [-0.16541922826796235, 0.9000874775121009, -0.40308685384806997], [-0.828788030351346, -0.3484045731898838, -0.4378637392234159]], "T": [0.10172694333466933, -0.024612663287803163, 0.07255589020633095], "aligned_model": [[-0.324781422058697, -0.466538288129671, 0.007746012789622392, 0.5014467029947415, 0.6656482597243367, -0.5394989261559128, 0.007184484595154056, 0.6231023384135239, -0.07219288112856889, -0.15453779607235388, 0.2076197028424294, -0.3232807838708254, 0.05145841133178802], [-0.4933571501336037, -0.3373759346107402, -0.7546244160813106, -0.25893510134065084, 0.11535170855819836, 0.16173212205254084, 0.3024030226373606, 0.4234942876409847, 0.42047820683941606, 0.6564622939852, 0.7981643781136933, -0.07762311325822537, 0.026069983276639508], [-0.38394864874677576, 0.18907433425124648, 0.12598952283287748, -0.42827021609774835, 0.5060534023586682, -0.07739845512216602, -0.6404832827392745, -0.24715469544106855, 0.7937659172836125, -0.15712830554797091, 0.26772265417090996, 0.7282503358512588, 0.12703839285523236]], "inverted": false, "swapped": false, "error_lsq": 0.04189160911643408, "error_max": 0.22994961175183173, "target": "730.xyz", "model": "1.xyz", "model_rescale": 4.316132596720782, "target_rescale": 3.8620711729936827},
{"mapping": [6, 0, 3, 10, 7, 9, 4, 8, 2, 5, 11, 12], "R": [[-0.4545605834784104, -0.8833212378808701, 0.11453500188315427], [-0.009365137741078444, 0.13332013341215182, 0.9910287766871639], [-0.8906665875302933, 0.4494099829060021, -0.06887450269562151]], "T": [0.09241505854878218, -0.06389185239615533, -0.03258838330908112], "aligned_model": [[-0.08359476345834388, 0.42440110039021844, 0.028018678741960318, -0.564629084708103, -0.5855125896306466, -0.49683133226622367, -0.15031947650317679, -0.21277987761366046, 0.7057329573029255, 0.1800492270141843, 0.36990190762740194, -0.016628192264755315], [-0.7431530309761765, -0.434566542309781, -0.5373895636011516, 0.33372014435490827, -0.2081362714081804, -0.08076795896946205, 0.41812910822997573, 0.6984581675140575, -0.007479621489150323, -0.020994273667543875, 0.6159846710139134, -0.021028400950429335], [0.1017094733350491, -0.0061949863831673516, -0.5452398828432766, -0.01645657969842524, -0.33883966176221847, 0.42966156729668736, -0.6306153873751155, 0.3713021674418139, -0.4592540936265451, 0.6100918686970442, 0.01071933892047778, -0.07762536279290302]], "inverted": false, "swapped": true, "error_lsq": 0.038588834286762026, "error_max": 0.19417121378659996, "target": "730.xyz", "model": "2.xyz", "model_rescale": 3.795458400668931, "target_rescale": 3.8620711729936827},
{"mapping": [7, 3, 6, 1, 10, 5, 0, 4, 2, 11, 9, 12], "R": [[0.1770669349677892, -0.243525680735299, 0.9535945382412394], [-0.5706744100864366, 0.763994057493711, 0.3010710842754486], [-0.8018591012226592, -0.5975017346725496, -0.0036957881004983633]], "T": [0.043283375829231904, -0.0034065973971472594, 0.10631587878394061], "aligned_model": [[-0.15149009546235642, -0.23311000942156196, -0.6630825639594542, 0.20808108782033702, 0.23988869761980697, -0.11017406990904959, -0.22220134817326392, 0.6222145917666576, 0.3862304525364787, 0.71584212076168, -0.26962344718843145, 0.07072840935272268], [-0.05810401929066673, -0.5968681444503806, -0.10025468377349059, 0.12512868092098495, 0.4215662543307784, 0.514603299511039, -0.2582855881031413, -0.2123356313484599, -0.568691565195511, 0.2026029599072936, 0.5983093255510982, 0.018098157230165494], [-0.623926328333408, -0.14382133352570986, 0.06072281198871519, 0.8474616248034013, -0.5026233332677503, 0.4678050419890215, 0.44227068309459167, -0.4133839043287822, 0.45877157933078355, 0.32156316497954884, -0.21180107624385075, -0.014267499847460743]], "inverted": false, "swapped": true, "error_lsq": 0.03876748962700723, "error_max": 0.25996137012209425, "target": "730.xyz", "model": "3.xyz", "model_rescale": 3.7530521520055578, "target_rescale": 3.8620711729936827},
{"mapping": [8, 4, 7, 3, 9, 2, 5, 11, 1, 0, 12], "R": [[0.27380486836377144, 0.15583213906752663, -0.9490770456048008], [0.1941928598195546, -0.9754205766185469, -0.10413372126378925], [-0.9419766596128594, -0.15579166583222862, -0.29733639131767675]], "T": [0.04089905511151746, -0.01687368036155939, 0.038149849039909], "aligned_model": [[-0.5928948107783741, -0.2488169637438641, 0.4585464669218041, 0.5571161845658809, 0.2248252961550458, -0.19227920850187338, -0.10087445769362705, -0.693779314331156, -0.3771509350187097, 0.2568236438893298, 0.046683700980748595], [-0.6724628485172376, 0.046300850060664596, -0.31412597926271796, 0.35511504222511847, -0.7408345976276733, 0.6946238026680057, -0.34850867734429425, 0.00843049880932848, 0.21434235725848624, 0.307089577961871, -0.08276666791720519], [-0.0390334202576074, -0.7108322373323521, -0.5198769463225846, -0.25562353598583254, 0.09492006150581841, 0.010149097092027444, 0.5789606809443818, 0.011429271014769836, 0.6420951861292584, 0.34917307701331013, -0.06853045655587309]], "inverted": false, "swapped": true, "error_lsq": 0.036346896571692565, "error_max": 0.16401745446375102, "target": "730.xyz", "model": "4.xyz", "model_rescale": 3.7855080009869324, "target_rescale": 3.8620711729936827},
{"mapping": [12, 11, 1, 2, 5, 13, 14, 9, 8, 15, 10, 6, 16], "R": [[0.015384745411593737, 0.052862944199641826, 0.9984832591181318], [-0.7115350764464742, -0.7010038893372357, 0.048076835590324773], [0.702482131157036, -0.7111955119828968, 0.026829072672287457]], "T": [0.08379171999749079, 0.029427179165482605, 0.15122071883479385], "aligned_model": [[-0.31283769517864674, -0.5499423603075806, 0.12296035727894133, 0.4884257363663819, 0.7784313843559179, -0.6244383800821101, -0.006873964613607814, 0.48463264650585425, -0.26467759082471165, -0.12536235062973033, 0.41915786297186336, -0.3181368157488785, 0.09203698518187355], [-0.31084903907672035, -0.44951219795572833, -0.7210023527069167, -0.1965815855351583, -0.0025971463936769537, 0.15821564825216095, 0.1650269748633436, 0.43214000786165113, 0.5805139516795293, 0.7753190083714846, 0.6329347772779967, -0.12384234014388906, 0.04247458118542594], [-0.28462611816872607, 0.18909441423109646, 0.05943142459709072, -0.42408532029078505, 0.5654108006713779, 0.06942038603017289, -0.5053535934662348, -0.27780486139147864, 0.41614029632722993, -0.13023631260987248, 0.38418510075023077, 0.6421779213182857, 0.09975681791041441]], "inverted": true, "swapped": false, "error_lsq": 0.04016435158616556, "error_max": 0.2803794199941894, "target": "730.xyz", "model": "5.xyz", "model_rescale": 4.2253639853439635, "target_rescale": 3.8620711729936827},
{"mapping": [6, 5, 11, 7, 9, 2, 3, 0, 10, 4, 1, 8, 13], "R": [[0.8548087075629225, 0.34871154274678173, -0.38432061280884383], [-0.2576172068212863, -0.3577364093796434, -0.8975845565481608], [-0.4504835715364151, 0.866270697507032, -0.21596210412124608]], "T": [0.05975204696848587, 0.0447255691092913, 0.10069717660843704], "aligned_model": [[-0.19124684093403468, -0.4788174236472698, -0.020700548730699632, 0.4091394343245022, 0.5801729642983572, -0.5593383694944394, -0.031042768108336873, 0.7352938945924301, -0.49311622040422026, -0.101472212626183, 0.2251249699959205, 0.06290481834216154, 0.04647411766737914], [-0.336094950054409, -0.2249916339796494, -0.7238708492408593, -0.19534833957351236, 0.039587829583355306, 0.1945379816346519, 0.17967517172719263, 0.35240518102126345, 0.3632113254814431, 0.6901146593018863, 0.6726760712876751, -0.08681878534544787, 0.057156625835912495], [-0.3528370101721151, 0.295470948275026, 0.1920246881138527, -0.5698877829255579, 0.4196518754662558, -0.11014615227423204, -0.5896320050192688, -0.20268231816522952, 0.549491089567937, -0.14094506428717074, 0.44280205102788184, 0.8277123198086611, 0.04248831649276127]], "inverted": false, "swapped": false, "error_lsq": 0.04880702376730973, "error_max": 0.355879120085186, "target": "730.xyz", "model": "6.xyz", "model_rescale": 3.89814844738969, "target_rescale": 3.8620711729936827},
{"mapping": [8, 3, 7, 11, 4, 6, 9, 10, 1, 5, 2, 0, 12], "R": [[-0.7971408164619073, -0.38931802667791193, -0.4615170558430759], [0.10695290928907425, -0.8433201483956423, 0.5266613736591617], [-0.5942453987411658, 0.37046268558866857, 0.7138836072227632]], "T": [0.05156735330723689, -0.01008142742352347, 0.10634986547023954], "aligned_model": [[-0.207606073894674, -0.5854804351408205, 0.12344064895029194, 0.494970353126409, 0.6480884162587363, -0.5940341966636669, -0.05952431436874799, 0.5170410168105543, -0.2847440149587612, -0.22894352027533954, 0.40996630709405824, -0.23942596311429248, 0.18962759145181998], [-0.36691456010601126, -0.48346227025553307, -0.6170634254211823, -0.3667924518437269, -0.09243318293604483, 0.11735265626644956, 0.40354914589768526, 0.4919621881370586, 0.6330391755395811, 0.6872942599776573, 0.4881164736663395, 0.0021008151017490317, 0.08549146365548024], [-0.4066667252626058, 0.25622524551314935, 0.34652014470173004, -0.4694030277326156, 0.33629898637200156, -0.049647070451726324, -0.6775597397914582, -0.15858435223631734, 0.5400400378897511, -0.08744746280984401, 0.45975740047074487, 0.6222809366739073, 0.09169658257208493]], "inverted": true, "swapped": false, "error_lsq": 0.04698228147553913, "error_max": 0.2806355549614405, "target": "730.xyz", "model": "7.xyz", "model_rescale": 3.7474275329858107, "target_rescale": 3.8620711729936827},
{"mapping": [11, 13, 12, 7, 0, 4, 9, 5, 2, 8, 3, 1, 14], "R": [[0.9822475904403766, 0.1187681118361494, 0.1452026400756892], [-0.14654096428739358, 0.9690490407149371, 0.198669832826177], [-0.11711283815105439, -0.2164210994804716, 0.9692504788958677]], "T": [0.09478324515869894, -0.019367325677167188, 0.08317459066429177], "aligned_model": [[0.03808230321769137, -0.7270458836224556, -0.09236094112170902, 0.5241120017539794, 0.5802301067708691, -0.6189032072967815, 0.010847655461710431, 0.43172134198780343, -0.2928199093223519, -0.17679839925511742, 0.43910209639102754, 0.02359535089918474, 0.04361329941171672], [-0.407288377663613, -0.38364700840987304, -0.5994222517398476, -0.07540216398987765, -0.026097978868246677, 0.3013745963372878, 0.12677657062099634, 0.47603664336212903, 0.49869809804581994, 0.5759793169226356, 0.577796508256274, -0.06945672520736902, -0.013106939986813329], [-0.399300503199214, 0.08617867580556111, 0.17886134571021106, -0.44257682167773504, 0.5287183937695279, 0.0846281688390628, -0.6597501824086007, -0.30934176617600684, 0.621655330550972, -0.1092210990461447, 0.2805939947576464, 0.8296497448492469, 0.11341567413427515]], "inverted": true, "swapped": false, "error_lsq": 0.04585303668307323, "error_max": 0.24153813970515836, "target": "730.xyz", "model": "8.xyz", "model_rescale": 4.019505241142653, "target_rescale": 3.8620711729936827},
{"mapping": [0, 3, 2, 1, 6, 4, 7, 9, 5, 8, 11, 5, 12], "R": [[-0.4961015854637545, 0.8342439909213237, 0.2406661183299627], [0.35160163469371497, -0.060413682924858436, 0.9341983073181851], [0.7938888507726107, 0.5480758620183134, -0.2633502270586193]], "T": [0.18162868364513757, 0.0314760666077305, 0.04913510906695745], "aligned_model": [[-0.20611620891322696, -0.514091630889141, 0.08405103478597363, 0.5876062312438524, 0.5430420464594123, -0.6263692826143554, -0.2747937486936438, 0.5232899897496648, -0.19215860424249298, -0.011149547374346203, 0.2975948801796111, -0.19215860424249298, 0.16462925982675225], [-0.26706283369157036, -0.37510682339022416, -0.525202222936436, -0.27543766353973326, -0.10638360822033407, 0.13277478701060477, 0.2847214983659281, 0.5184873212106996, 0.16402152811443887, 0.641789589287979, 0.5717785707538876, 0.16402152811443887, 0.05383861659982339], [-0.37885379426358035, 0.3476722177268396, 0.22394942944705953, -0.3950399636951907, 0.6643073851022767, -0.1073018654895212, -0.6905467851465286, -0.28765510936498156, 0.5906510212888798, -0.1664823509513029, 0.3352724349573578, 0.5906510212888798, 0.0768873150086141]], "inverted": false, "swapped": false, "error_lsq": 0.05887818165186398, "error_max": 0.40350217077124045, "target": "730.xyz", "model": "9.xyz", "model_rescale": 3.877068213659057, "target_rescale": 3.8620711729936827},
{"mapping": [1, 7, 8, 0, 10, 4, 5, 12, 13, 3, 6, 2, 15], "R": [[-0.5536536959705761, -0.8236017997829901, 0.12307583163375621], [-0.7115955313831208, 0.3911417728128669, -0.5836436526480706], [0.4325498637772238, -0.41071667723021366, -0.8026284485309986]], "T": [0.0766337875298885, 0.09222222161248564, 0.1959253321321588], "aligned_model": [[-0.27616184097472884, -0.530895104657201, 0.1287733334813464, 0.43130353865704274, 0.682832951682155, -0.5815233495888004, -0.044924802689718255, 0.584997610325903, -0.19362271371262776, -0.1550414071630964, 0.36065182667497697, -0.3428264096595469, 0.11981218289986224], [-0.3004200648312595, -0.4429731463187596, -0.6775135614105697, -0.25820812363971557, 0.14294783008254822, 0.17260326343505555, 0.22554620865721045, 0.34691078696734834, 0.5886714176252678, 0.6057765572520101, 0.6362850166663986, -0.11380818261491807, 0.056422285808885496], [-0.4927501281593305, 0.09218945251630292, 0.18537886874590498, -0.4246985285077748, 0.5608366439413623, 0.060062347032387386, -0.5646295086681936, -0.2887345218512656, 0.7233133442049469, -0.09622170488522946, 0.25620802951001886, 0.6670516139900038, 0.12550504803966905]], "inverted": true, "swapped": false, "error_lsq": 0.0359011113870017, "error_max": 0.19522037630423056, "target": "730.xyz", "model": "10.xyz", "model_rescale": 4.260839863003843, "target_rescale": 3.8620711729936827},
{"mapping": [2, 4, 7, 3, 6, 0, 1, 11, 10, 9, 5, 12], "R": [[0.22031733622401423, 0.12614150691752252, -0.9672376086524613], [0.9438383788594082, 0.2227448675459222, 0.24403655171714433], [0.24623035140128346, -0.9666814595380047, -0.06998263952062883]], "T": [-0.000283547158140962, 0.057015633688943274, -0.06712013141902233], "aligned_model": [[0.21955058753616377, 0.3327952264046711, -0.377287242805667, -0.5053157118128714, -0.6883187267802112, -0.24118713401801026, 0.3756994351810848, 0.7339952439358189, 0.1643610137311091, -0.17244882206195894, 0.11531820044822787, 0.0017365793357736804], [0.08572453893747986, -0.6676443387345817, -0.5423196858400317, -0.24534922925774885, 0.231945914938723, 0.3728558431981398, 0.698203771811528, 0.07709983110041757, -0.4280262120529881, 0.05926093772338928, 0.5848706605478552, -0.05354352683924861], [-0.7828250741652955, -0.1803765376442552, 0.20278278143965456, -0.44748382388011865, 0.012992968461120635, -0.36798803103051586, -0.2683443571344176, -0.10633593517701324, 0.5053212347357323, 0.6619376204934758, 0.2942151182206826, -0.007717886923545157]], "inverted": true, "swapped": true, "error_lsq": 0.04671485461524272, "error_max": 0.2438763569100373, "target": "730.xyz", "model": "11.xyz", "model_rescale": 3.890672605050136, "target_rescale": 3.8620711729936827},
{"mapping": [5, 8, 7, 12, 4, 6, 9, 10, 1, 11, 2, 0, 13], "R": [[-0.5696018553358024, -0.514962296190607, -0.6405993755071178], [0.15089512729508658, -0.8316641546037736, 0.5343831907028798], [-0.8079507330008504, 0.20772233257232667, 0.5514227467144428]], "T": [-0.09133086352256709, 0.10120953418744884, 0.0936662599388613], "aligned_model": [[-0.15757210829371476, -0.5384154225419447, 0.24087044367967575, 0.4511538412117689, 0.4801461348816564, -0.6316361902651035, -0.24471832743412447, 0.700411534972992, -0.3720281909140682, 0.018033809757805205, 0.3974326281469884, -0.19644617104410067, 0.03614383311773664], [-0.4377234923727604, -0.43381281015015705, -0.6784695125370861, -0.18825300286573765, 0.06367168496478993, 0.2938962063884251, 0.19595785746175587, 0.3947725054291619, 0.5518207094154486, 0.6113511816057186, 0.5774029039160743, 0.04026656191884538, -0.008640505494976261], [-0.46323182069069296, 0.27548356930206186, 0.0003547072337272694, -0.32711150981270926, 0.4974756134657175, 0.03889086225603419, -0.6635097150979128, -0.20045150692128316, 0.6623989471875791, -0.08113943705898646, 0.29345178870450817, 0.6715341219998496, 0.09936533534090869]], "inverted": true, "swapped": false, "error_lsq": 0.04497742969921278, "error_max": 0.2263705823587898, "target": "730.xyz", "model": "12.xyz", "model_rescale": 4.124412569039231, "target_rescale": 3.8620711729936827},
{"mapping": [10, 5, 4, 2, 1, 7, 11, 8, 3, 9, 6, 0, 12], "R": [[-0.04361421134722641, 0.8751970490677285, 0.48179656066819265], [-0.7126124760410115, 0.31074431748584064, -0.6289844418910198], [-0.7002008708643956, -0.3707669004285564, 0.6101234678221636]], "T": [-0.07023339031421272, 0.11596073391159448, 0.17615134864013615], "aligned_model": [[-0.23144947024963267, -0.6261798474018467, 0.09053221841419107, 0.5044246474762867, 0.7034301439551112, -0.6516077279612036, 0.21026738656862587, 0.4422813187596648, -0.21973588366528068, -0.21497340672646478, 0.34201098299889277, -0.1087729767917657, -0.056851570101011016], [-0.20164932721114695, -0.3809021668545066, -0.6537255007782415, -0.2974756732667182, 0.010284061944371342, 0.16943100412790013, 0.16247910379085914, 0.40075122660607787, 0.5560235649613003, 0.687615861631941, 0.617589905779329, -0.13403227703566675, 0.04585050398400345], [-0.4701789824919991, 0.30955552311086065, 0.17986280774606933, -0.3150044214279575, 0.406675698010356, -0.052371044670808, -0.7776349045468106, -0.23751417947671638, 0.7172124218807256, -0.07063198669757928, 0.33750674950126364, 0.6984401462853537, 0.0775931286860434]], "inverted": false, "swapped": false, "error_lsq": 0.03685637216271832, "error_max": 0.2575212893218884, "target": "730.xyz", "model": "13.xyz", "model_rescale": 3.9028299243045295, "target_rescale": 3.8620711729936827},
{"mapping": [10, 4, 7, 14, 6, 5, 13, 11, 2, 12, 1, 3, 15], "R": [[-0.5690678543327256, 0.816885689592564, 0.09412516828154477], [0.5136125945725777, 0.4425016451962169, -0.7351152268148623], [-0.6421556508056072, -0.3699865729151838, -0.6713762402713582]], "T": [-0.07409477380878118, 0.13668750896942916, 0.15422277562129968], "aligned_model": [[-0.125388835705865, -0.5453956635521252, 0.20802073856588907, 0.3913055975817913, 0.4097847509159862, -0.4862568881308409, -0.23871588604944619, 0.5486351405148573, -0.18514937358958156, -0.05087731347311697, 0.41307753915213996, -0.16296965347732778, 0.007305662523206732], [-0.44628660339571924, -0.34839655852189244, -0.7228835162630508, -0.03672207694938884, 0.012497730509209548, 0.17311928254222347, 0.21704134397208147, 0.395896689898017, 0.6400577111904532, 0.6887581616518751, 0.5174457221504297, -0.16538550426054627, 0.05709790515581026], [-0.30714768894610156, 0.19817948928276205, 0.20087517208204933, -0.5781584520217453, 0.5956361496001268, -0.14726843660065328, -0.6197891767413539, -0.14723160345906885, 0.6799937190360874, -0.2687656792367803, 0.35393525976368906, 0.6923143994923794, 0.15093780365741122]], "inverted": false, "swapped": false, "error_lsq": 0.047181864143524065, "error_max": 0.2617101108003029, "target": "730.xyz", "model": "14.xyz", "model_rescale": 3.942246331269136, "target_rescale": 3.8620711729936827},
{"mapping": [5, 9, 2, 1, 8, 10, 3, 12, 11, 4, 13, 6, 14], "R": [[-0.8960610132586492, -0.43743470491766745, 0.07566729446383133], [0.28933040337534965, -0.4461843003128675, 0.8468810352327972], [-0.33669359691051515, 0.7807499273697757, 0.5263715158626552]], "T": [-0.00820598722214407, 0.04950468078993431, 0.10228245320762042], "aligned_model": [[-0.09601712247484397, -0.6158695156543763, 0.10628113751207748, 0.46456258336774064, 0.42181166383371205, -0.6881036663396227, 0.03554623558538427, 0.6658118252081843, -0.10264856285245895, -0.2465430022625448, 0.36136644683431207, -0.1914712645449962, 0.06864905706299929], [-0.3616884579708958, -0.45044083701268395, -0.6985008838157604, -0.15832537523042473, -0.0031383812004802114, 0.26100628431981954, 0.2316079945025899, 0.356967915945662, 0.5357336279749335, 0.5475085692382019, 0.7728063996791449, -0.043516330598215525, -0.007780238152388576], [-0.3731005138313374, 0.27246418423278973, 0.0021410919801383432, -0.5221676907250958, 0.7434957204537596, 0.1470790343061265, -0.5915994219230944, -0.24303277338535334, 0.6207157039586012, -0.09482556609814485, 0.13664356411538858, 0.6224269705357613, 0.08327065228926286]], "inverted": false, "swapped": false, "error_lsq": 0.04781034924952464, "error_max": 0.3328983187187957, "target": "730.xyz", "model": "15.xyz", "model_rescale": 4.355366556412066, "target_rescale": 3.8620711729936827},
{"mapping": [6, 0, 3, 10, 7, 9, 4, 8, 2, 5, 11, 12], "R": [[-0.4545605834784104, -0.8833212378808701, 0.11453500188315427], [-0.009365137741078444, 0.13332013341215182, 0.9910287766871639], [-0.8906665875302933, 0.4494099829060021, -0.06887450269562151]], "T": [0.09241505854878218, -0.06389185239615533, -0.03258838330908112], "aligned_model": [[-0.08359476345834388, 0.42440110039021844, 0.028018678741960318, -0.564629084708103, -0.5855125896306466, -0.49683133226622367, -0.15031947650317679, -0.21277987761366046, 0.7057329573029255, 0.1800492270141843, 0.36990190762740194, -0.016628192264755315], [-0.7431530309761765, -0.434566542309781, -0.5373895636011516, 0.33372014435490827, -0.2081362714081804, -0.08076795896946205, 0.41812910822997573, 0.6984581675140575, -0.007479621489150323, -0.020994273667543875, 0.6159846710139134, -0.021028400950429335], [0.1017094733350491, -0.0061949863831673516, -0.5452398828432766, -0.01645657969842524, -0.33883966176221847, 0.42966156729668736, -0.6306153873751155, 0.3713021674418139, -0.4592540936265451, 0.6100918686970442, 0.01071933892047778, -0.07762536279290302]], "inverted": false, "swapped": true, "error_lsq": 0.038588834286762026, "error_max": 0.19417121378659996, "target": "730.xyz", "model": "16.xyz", "model_rescale": 3.795458400668931, "target_rescale": 3.8620711729936827},
{"mapping": [8, 3, 7, 11, 4, 6, 9, 10, 1, 5, 2, 0, 12], "R": [[-0.7971408164619073, -0.38931802667791193, -0.4615170558430759], [0.10695290928907425, -0.8433201483956423, 0.5266613736591617], [-0.5942453987411658, 0.37046268558866857, 0.7138836072227632]], "T": [0.05156735330723689, -0.01008142742352347, 0.10634986547023954], "aligned_model": [[-0.207606073894674, -0.5854804351408205, 0.12344064895029194, 0.494970353126409, 0.6480884162587363, -0.5940341966636669, -0.05952431436874799, 0.5170410168105543, -0.2847440149587612, -0.22894352027533954, 0.40996630709405824, -0.23942596311429248, 0.18962759145181998], [-0.36691456010601126, -0.48346227025553307, -0.6170634254211823, -0.3667924518437269, -0.09243318293604483, 0.11735265626644956, 0.40354914589768526, 0.4919621881370586, 0.6330391755395811, 0.6872942599776573, 0.4881164736663395, 0.0021008151017490317, 0.08549146365548024], [-0.4066667252626058, 0.25622524551314935, 0.34652014470173004, -0.4694030277326156, 0.33629898637200156, -0.049647070451726324, -0.6775597397914582, -0.15858435223631734, 0.5400400378897511, -0.08744746280984401, 0.45975740047074487, 0.6222809366739073, 0.09169658257208493]], "inverted": true, "swapped": false, "error_lsq": 0.04698228147553913, "error_max": 0.2806355549614405, "target": "730.xyz", "model": "17.xyz", "model_rescale": 3.7474275329858107, "target_rescale": 3.8620711729936827},
{"mapping": [11, 3, 10, 12, 4, 1, 7, 9, 0, 2, 6, 8, 13], "R": [[-0.07067167545545477, 0.2647542221212358, -0.9617227855038573], [-0.9965538929997282, -0.060713541569004714, 0.05651729131190647], [-0.043426404817864306, 0.9624027575496279, 0.26813257844854815]], "T": [0.020379889218965015, 0.01893163825126202, 0.03258584064839224], "aligned_model": [[-0.36430361543548834, -0.5077729093100076, 0.08781135522120777, 0.506801703828655, 0.5243975623332218, -0.6360835321116703, -0.033162721558801886, 0.5982576777725289, -0.26829448220604807, -0.12382960366471231, 0.4151895296314088, -0.019391921896823466, 0.0037567726720967864], [-0.3960956188710375, -0.34796354940604396, -0.6651444771049104, -0.26076351570432177, 0.20704183926098288, 0.21395254963598306, 0.17807269585532084, 0.3124438520943347, 0.5186038494796952, 0.7092371721843911, 0.6541729049489762, -0.25894550661003674, 0.11762809191616866], [-0.4163101817202204, 0.249453828118094, 0.09529338609113347, -0.4617838210816519, 0.6648884260338849, -0.06509239329974018, -0.7017346579433733, -0.13364294048609102, 0.6376785437851351, -0.04812732923863738, 0.22124609714671253, 0.6944445465841852, 0.06719745191937046]], "inverted": true, "swapped": false, "error_lsq": 0.040584537511041546, "error_max": 0.2864927531632349, "target": "730.xyz", "model": "18.xyz", "model_rescale": 3.922800546911778, "target_rescale": 3.8620711729936827},
{"mapping": [5, 0, 1, 8, 4, 3, 12, 13, 9, 7, 11, 2, 14], "R": [[-0.02580019171560305, 0.9199834107564387, -0.3911072410994047], [-0.6296910694144028, -0.31882076020188427, -0.7084084132504626], [-0.7764170961584911, 0.22799966402879276, 0.5875309744988547]], "T": [0.12210528385528692, -0.011367988348765082, 0.08619128121426316], "aligned_model": [[-0.1941007323576024, -0.6383022107571952, 0.029438637472707793, 0.5133222706542329, 0.7896319547517685, -0.47750066432202226, -0.14026899068702142, 0.5255186522311354, -0.270835020242806, -0.16082959790128115, 0.3809715378593012, -0.2520160960304551, 0.07834607460480454], [-0.4378817574617649, -0.35593578374078416, -0.7060221031041657, -0.29922661881724677, 0.15054783824451973, 0.182613519820648, 0.26253583765190636, 0.4379603102068143, 0.4257141911862018, 0.7269543841039553, 0.6043991485124444, -0.08399210068058895, 0.07457342175756321], [-0.46210925704327993, 0.04751167169284452, 0.3246269694772458, -0.2859341440476803, 0.3143547047348588, -0.023321845778874972, -0.6028301108535772, -0.24118538434543324, 0.6494854065726275, -0.027996923429818202, 0.3332999788930018, 0.692728909237611, 0.08488098079927597]], "inverted": true, "swapped": false, "error_lsq": 0.042481958774036786, "error_max": 0.2717747985489135, "target": "730.xyz", "model": "19.xyz", "model_rescale": 3.9282355846067225, "target_rescale": 3.8620711729936827},
{"mapping": [4, 8, 11, 0, 10, 6, 3, 1, 7, 5, 2, 9, 13], "R": [[-0.05780007028275261, -0.9378988563566251, 0.34205977126847814], [0.6890236128825966, -0.28542030379940764, -0.6661694312029544], [0.7224303514979993, 0.19718261947744936, 0.6627317721450277]], "T": [-0.09719340981147931, 0.08396248929721185, 0.15386378724954541], "aligned_model": [[-0.21323764643132245, -0.6665560193011894, 0.23551308868102092, 0.4450185710432111, 0.6743768770790007, -0.6275629067716598, -0.04846720526876905, 0.46099444044349336, -0.24677642313538337, -0.12868765908539573, 0.430164889369558, -0.18474757461796515, 0.053343383270967604], [-0.3708355083099947, -0.4185785212269503, -0.5505332020208223, -0.2487767100403736, 0.014864840034538487, 0.38357180678682656, 0.18230131498935914, 0.3701612321457661, 0.5053596840426442, 0.7009776807859542, 0.7013334621992124, -0.3902688372671511, 0.10266304556049273], [-0.2692914578551388, 0.19745657087949547, 0.14465645942522515, -0.331407045624896, 0.5308772568306466, -0.08232788835456306, -0.5906563948099528, -0.25603546833193513, 0.5876230554678091, -0.17169806245550667, 0.2933719105356052, 0.6497102779781055, 0.10123174222390732]], "inverted": false, "swapped": false, "error_lsq": 0.03992421672365049, "error_max": 0.2610382272427006, "target": "730.xyz", "model": "20.xyz", "model_rescale": 4.067790424073018, "target_rescale": 3.8620711729936827},
{"mapping": [11, 10, 12, 3, 0, 13, 6, 2, 1, 5, 8, 9, 14], "R": [[0.07743188298506357, -0.44595859855015074, -0.8916979487901568], [-0.8352750948258928, 0.4593087971989569, -0.30224318814365947], [0.5443526609294598, 0.7682163479091247, -0.33693296565367936]], "T": [0.06931327028714009, 0.17249171590207113, 0.03861827949342392], "aligned_model": [[-0.19990958928526537, -0.6019446606430616, 0.11428696535757744, 0.5111095159216835, 0.7260824546564973, -0.6208055382928513, 0.09280018081270851, 0.7132372191207078, -0.3917990126259564, -0.2168819717611139, 0.20666902923895542, -0.16562235277552217, 0.01615357555120736], [-0.3134554682558415, -0.2171674271727606, -0.572153030964317, -0.40471335929309304, 0.09757788402726436, 0.1864776546167214, 0.28488443425609367, 0.2852599376161792, 0.4018025362368093, 0.688119545671713, 0.6336355289025792, -0.21087507231989827, 0.1228471243580524], [-0.29214846622295054, 0.30104038971884106, 0.2132477003070186, -0.4034172339701292, 0.29842625815767, -0.07827452883797498, -0.6923900272927089, -0.3168633766141097, 0.6774430688550304, 0.012420083870891586, 0.344637357230706, 0.6725623292118678, 0.06682740149464968]], "inverted": false, "swapped": false, "error_lsq": 0.04571227907902293, "error_max": 0.23554198137530952, "target": "730.xyz", "model": "21.xyz", "model_rescale": 4.186013935880536, "target_rescale": 3.8620711729936827},
{"mapping": [6, 3, 4, 7, 9, 5, 0, 1, 8, 2, 8, 11, 12], "R": [[0.8837795895477204, -0.4668763415526764, 0.0309857837927614], [-0.3432591328390829, -0.6019243805428978, 0.7210133201478388], [-0.3179729624062775, -0.6478530094137387, -0.6922280501194232]], "T": [0.08537555310505983, 0.02484738183103611, 0.05891609638888719], "aligned_model": [[-0.11511528361227764, -0.7086046718230865, 0.10657583893147844, 0.5844819641408634, 0.5786115519287621, -0.6293085650935448, -0.0671204612306759, 0.5319777207383704, 0.06872781716267846, -0.14732782218356266, 0.06872781716267846, -0.14365385862925134, 0.05540376778313449], [-0.34817668376243177, -0.4456167438565456, -0.6872855566267994, -0.3652965381594892, 0.2304719331888545, 0.301348708544309, 0.22982524840764243, 0.33638113471039927, 0.5622654812645765, 0.725417677551235, 0.5622654812645765, -0.11057058997608574, -0.008789264870739076], [-0.30234464033418484, 0.034470982344201914, 0.20045540051587724, -0.31122475793313914, 0.37496601899861154, -0.04744368753031318, -0.6167446771001394, -0.42956774225316485, 0.6053342238268868, -0.010001265348102403, 0.6053342238268868, 0.631780373669414, 0.06849650322596706]], "inverted": true, "swapped": false, "error_lsq": 0.054611483493471814, "error_max": 0.3657418013516921, "target": "730.xyz", "model": "22.xyz", "model_rescale": 4.166573947596378, "target_rescale": 3.8620711729936827},
{"mapping": [3, 9, 8, 4, 7, 12, 2, 1, 13, 6, 5, 10, 15], "R": [[0.9063231840772517, 0.061283251517219146, 0.4181179846497274], [-0.0866114098326591, -0.9414859613580863, 0.3257340145769848], [0.41361425228208903, -0.33143407738058184, -0.8479827254490572]], "T": [-0.10451990842353472, 0.014911230955083503, 0.029167350001733136], "aligned_model": [[-0.1816461674158894, -0.46714018168240395, 0.2523308963959306, 0.40866160630496967, 0.38431429368329545, -0.652043470836121, 0.008922539879843441, 0.4193366895440312, -0.09660573199960647, -0.09916265131581013, 0.3578217065552763, -0.09646948803416945, -0.05494422580377936], [-0.36379978654884, -0.448730437070638, -0.702240610469313, -0.3141567981860931, 0.025624785474460517, 0.36734158989343113, 0.20322310774656904, 0.4127526176009088, 0.4638847853941973, 0.7166498062669734, 0.6004744493447254, -0.04075206170862084, 0.061968839941741564], [-0.431328206340618, 0.14745558852984586, 0.14065672017881892, -0.3809697959661656, 0.5510063963084988, -0.04426388266417762, -0.6068190391382353, -0.24541516347047687, 0.7469230550446003, -0.26518261803357096, 0.39579785818305596, 0.7760127300406457, 0.01963731323658017]], "inverted": true, "swapped": false, "error_lsq": 0.04459197354402885, "error_max": 0.26159237496593707, "target": "730.xyz", "model": "23.xyz", "model_rescale": 4.274766983524099, "target_rescale": 3.8620711729936827},
{"mapping": [4, 10, 8, 11, 5, 1, 2, 0, 3, 6, 12], "R": [[-0.870750977580286, -0.02117754028913163, 0.4912679989886159], [0.2039440613963141, -0.9246436204780555, 0.321622441583933], [0.4474366489953108, 0.3802442463687467, 0.8094533700215911]], "T": [0.01416386819225221, 0.12683374313175771, 0.1000544574526335], "aligned_model": [[0.3290650094889306, 0.11597600469310101, -0.5131050137259678, -0.48281176127490877, -0.5187742872600607, -0.6447979319316703, 0.010061302685192522, 0.02098847681490315, 0.6528935465956616, 0.33302095098228446, 0.07737840689060936], [-0.15215209873401164, 0.5598035943636633, 0.4616441274438296, -0.18907328144459207, 0.4498896095049137, -0.16083661772114843, -0.6150040748065644, -0.03767900585105699, -0.05002709576541506, 0.47540742952927684, 0.17361394472458827], [-0.586898764994516, -0.5262313702822986, -0.5687793123434748, -0.34076815181269426, 0.284904898964232, 0.37572043278648515, 0.20514791072912517, 0.5703735504742334, 0.32787714687254066, 0.6360000389942501, 0.0022200546336946098]], "inverted": true, "swapped": true, "error_lsq": 0.04377007966181432, "error_max": 0.2836622094127579, "target": "730.xyz", "model": "24.xyz", "model_rescale": 3.7841303162186577, "target_rescale": 3.8620711729936827},
{"mapping": [12, 2, 9, 13, 10, 4, 3, 11, 0, 6, 7, 8, 15], "R": [[0.31002878567894265, 0.9420491665383781, 0.12816208438843296], [0.9096538692280731, -0.2547325112506399, -0.32808716206267324], [-0.2764271879697011, 0.21829960040341384, -0.9359130804807003]], "T": [0.013337630016599144, 0.0521293886849878, 0.1463842142211476], "aligned_model": [[-0.01061705484390038, -0.560195616204583, 0.07989810134002286, 0.42286318295552205, 0.6834602783474322, -0.6533325607582982, -0.1547981485662711, 0.5513028070407856, -0.027271121629371488, -0.13694980614615013, 0.35070788458142876, -0.36245552221468774, 0.0007633913736375449], [-0.5508667567899976, -0.4375334360539381, -0.5117205679740394, -0.12593402297554135, -0.034285453335875585, 0.25026142841829185, 0.2257846092822251, 0.4387868391094985, 0.45588787095316635, 0.6686664904832902, 0.5593533237146135, -0.05980446292748125, 0.1036444257752901], [-0.3129563218125016, 0.15549253321593337, 0.28703853715130373, -0.4959414354215575, 0.532030705907224, -0.1237988615286813, -0.6221052860017302, -0.24158105935786622, 0.7601105104133885, -0.19904615630351608, 0.3737841948020252, 0.5887733000247349, 0.10171029482004504]], "inverted": false, "swapped": false, "error_lsq": 0.04714134126562304, "error_max": 0.2728766926773016, "target": "730.xyz", "model": "25.xyz", "model_rescale": 4.19342608120988, "target_rescale": 3.8620711729936827},
{"mapping": [6, 0, 3, 10, 7, 9, 4, 8, 2, 5, 11, 12], "R": [[-0.4545605834784104, -0.8833212378808701, 0.11453500188315427], [-0.009365137741078444, 0.13332013341215182, 0.9910287766871639], [-0.8906665875302933, 0.4494099829060021, -0.06887450269562151]], "T": [0.09241505854878218, -0.06389185239615533, -0.03258838330908112], "aligned_model": [[-0.08359476345834388, 0.42440110039021844, 0.028018678741960318, -0.564629084708103, -0.5855125896306466, -0.49683133226622367, -0.15031947650317679, -0.21277987761366046, 0.7057329573029255, 0.1800492270141843, 0.36990190762740194, -0.016628192264755315], [-0.7431530309761765, -0.434566542309781, -0.5373895636011516, 0.33372014435490827, -0.2081362714081804, -0.08076795896946205, 0.41812910822997573, 0.6984581675140575, -0.007479621489150323, -0.020994273667543875, 0.6159846710139134, -0.021028400950429335], [0.1017094733350491, -0.0061949863831673516, -0.5452398828432766, -0.01645657969842524, -0.33883966176221847, 0.42966156729668736, -0.6306153873751155, 0.3713021674418139, -0.4592540936265451, 0.6100918686970442, 0.01071933892047778, -0.07762536279290302]], "inverted": false, "swapped": true, "error_lsq": 0.038588834286762026, "error_max": 0.19417121378659996, "target": "730.xyz", "model": "26.xyz", "model_rescale": 3.795458400668931, "target_rescale": 3.8620711729936827},
{"mapping": [1, 2, 0, 6, 7, 9, 8, 5, 4, 11, 10, 3, 12], "R": [[-0.8969117539746196, -0.4067466119909827, 0.1735122451472192], [-0.3576432138313709, 0.8979865318452437, 0.2563425837135138], [-0.26007813668691965, 0.16786119938332528, -0.9508848408503796]], "T": [-0.09363449903101335, 0.11439865158491164, -0.004643790836651507], "aligned_model": [[-0.22586629793958163, -0.6337230982147275, 0.0624079078648868, 0.44727672687563197, 0.5711204789153818, -0.5028762333677087, 0.10064978547754709, 0.624153537926696, -0.27659185274642345, -0.26484118514802174, 0.310219732601484, -0.08371944225830981, 0.05516575528871186], [-0.26916488604186756, -0.5518696422493308, -0.6422620172822657, -0.24071932288017267, -0.004575633574860405, 0.07122976350380839, 0.33161385037323277, 0.2524946218838805, 0.6941770329933519, 0.7994892845907844, 0.583257788458377, -0.11505854859921194, 0.07362799650377637], [-0.4356274732561411, 0.193411200421291, 0.30258347281767356, -0.5169847218346073, 0.4471902908743512, 0.11796102185168954, -0.6723434870433513, -0.18511623989140036, 0.569156538380271, -0.11828219512753854, 0.34856903151274504, 0.6970168420769489, 0.05597667512687012]], "inverted": false, "swapped": false, "error_lsq": 0.042644660569798425, "error_max": 0.2478314128975487, "target": "730.xyz", "model": "27.xyz", "model_rescale": 3.6321398670334006, "target_rescale": 3.8620711729936827},
{"mapping": [9, 6, 13, 11, 1, 12, 10, 0, 7, 8, 3, 4, 14], "R": [[0.9110362987532518, 0.4120505197916441, 0.01507419959440176], [0.2490391391604897, -0.5207478480479925, -0.8165789526552759], [-0.3286219248926921, 0.7476871323573925, -0.5770368988089071]], "T": [0.08334733336353424, 0.11485002644593355, 0.031879910067027395], "aligned_model": [[-0.2516636767018168, -0.4189550833371419, 0.12742124073211383, 0.40913157299886505, 0.462040356128671, -0.73306967569553, 0.10933838948193254, 0.5599882094031495, -0.305791469420421, -0.17378524085953861, 0.3709942499645682, -0.08151394704510444, 0.10924088962581918], [-0.27106826486053565, -0.41111844087068594, -0.7003271036128494, -0.2523980214052699, -0.07965306055689449, 0.2405542240400652, 0.27962815205422065, 0.40148273487118097, 0.5997520906098579, 0.535376841582286, 0.642979710265342, -0.06524976782910387, 0.062281193391889145], [-0.3987090549452189, 0.30566247106394867, 0.02728978670900023, -0.38226902084240105, 0.547658292516, 0.06610640398937916, -0.7276227346416505, -0.25108097056639456, 0.4948360249864568, -0.12326406441878701, 0.36338913829602015, 0.8236198134969002, 0.05789487026554878]], "inverted": true, "swapped": false, "error_lsq": 0.044758438860511535, "error_max": 0.24808789074814006, "target": "730.xyz", "model": "28.xyz", "model_rescale": 4.156811204709835, "target_rescale": 3.8620711729936827},
