[{"mapping": [9, 4, 8, 5, 11, 2, 1, 13, 0, 10, 12, 3, 7, 14], "R": [[-0.9915775397487874, -0.1254924563567359, 0.032025397160605706], [-0.07631282597426493, 0.366327068632328, -0.9273515144642117], [0.10464384959262227, -0.9219848817550091, -0.3728183774408636]], "T": [0.11049786840050158, 0.07527017171728048, 0.042692769297968], "aligned_model": [[-0.042790052225845865, 0.27488457174988823, -0.4772825410983995, -0.23234701489634357, -0.5378787365700627, -0.2604929462685551, -0.5648896464995231, -0.06529554804497595, -0.30493613504667727, 0.25052331777792824, 0.4737496642259472, 0.3471022790130954, 0.5306837590393683, -0.019538870027540706], [-0.7697581740356516, -0.1553799984421961, -0.3290305637482914, -0.30994707967751856, 0.10384050274080744, 0.24069773687801774, 0.20516534385267532, 0.5030778228645372, 0.7447889506200491, -0.05195980982844381, 0.6596076350908943, 0.6879416253322997, -0.3819260506229307, 0.08815539078578599], [0.2506661746308803, -0.386296816733477, 0.3090281798586653, -0.19494119888095687, 0.7774231039310788, -0.6555188178498954, -0.11920540589453127, 0.5403643865979822, -0.07372780048588418, 0.7875181575056662, 0.501200085166941, -0.08467666518266173, 0.11738908910420523, 0.12836561541182065]], "inverted": true, "swapped": true, "error_lsq": 0.05362101710079172, "error_max": 0.3219682954796717, "target": "731.xyz", "model": "0.xyz", "model_rescale": 3.8414455957264533, "target_rescale": 4.026710184039967},
{"mapping": [13, 0, 7, 9, 2, 4, 6, 5, 1, 3, 10, 11, 8, 12, 14], "R": [[0.9089049558536526, -0.3971607221061593, 0.1271028797501611], [0.23880117816568275, 0.2458531495737197, -0.9394307990221334], [0.3418563712019299, 0.8842056263453634, 0.31829959441986727]], "T": [-0.08009801010838957, -0.008335151182381262, 0.04448778231313772], "aligned_model": [[-0.37046800157601123, -0.7240227531156747, -0.17992801485479515, 0.19182691373059274, 0.3380216483232168, -0.26162939495745496, 0.6960567397046205, 0.29372589846218167, -0.7277456897464786, -0.282904665830481, 0.2289595792454172, -0.7225920367652107, 0.26132446173469476, -0.18188006555307162, -0.12045472769513996], [-0.2246631576297361, -0.3359404424823857, -0.6391152680882918, -0.530731550843899, -0.33374827967691945, -0.18258278084494406, 0.019622246323577633, 0.29625383867761124, 0.4755824615990754, 0.3935028191252664, 0.6016373754362488, 0.391085952067301, 0.16119917988612315, 0.5537255293619605, 0.06816473327654138], [0.7106217495606699, -0.01511983433446839, -0.02696441431943624, 0.3889707534587212, -0.46921152141898187, -0.4376961605136114, -0.03815217201308523, -0.4047382383263441, -0.2635286430086903, -0.5964276474074354, 0.07274063426985594, 0.4368264244567383, 0.7365796864778116, 0.5504697468559068, 0.020340275386268064]], "inverted": false, "swapped": false, "error_lsq": 0.047399428333774085, "error_max": 0.2764605835898499, "target": "731.xyz", "model": "1.xyz", "model_rescale": 4.316132596720782, "target_rescale": 4.026710184039967},
{"mapping": [12, 13, 10, 4, 7, 3, 9, 2, 11, 0, 1, 14], "R": [[-0.840641239584952, 0.2687615218596164, 0.47020160641662906], [-0.5347929739385481, -0.5490634093986844, -0.6422817508581855], [0.08554987630054772, -0.79138904265045, 0.6052971186432043]], "T": [-0.19431466501270783, 0.04932632188034029, -0.06447983787678135], "aligned_model": [[-0.09622120391483563, 0.32025684822946826, 0.0374423043512741, -0.6105802568662304, -0.6235601099690155, -0.2846889808483688, -0.19417536804568347, -0.20359272575779386, 0.7173468842883282, 0.2677914330128368, 0.3088311212027402, -0.04104139105093957], [-0.7314605882683191, -0.37843243379555513, -0.4900337359240928, 0.3504920939228238, -0.04630673684296989, -0.2664224032396087, 0.36241604285219226, 0.6735504735900709, -0.09470287122079739, 0.07856477062556115, 0.49524242661214396, 0.059869389429531336], [0.18925342917356192, 0.053156699873972785, -0.5604020987127366, -0.047845868266467084, -0.5091896024089071, 0.518363327698961, -0.890795659024953, 0.44811943087263517, -0.394882563922894, 0.5835923979696409, 0.15285680310220795, -0.09296783514560107]], "inverted": false, "swapped": true, "error_lsq": 0.05264383517388923, "error_max": 0.26238788810517893, "target": "731.xyz", "model": "2.xyz", "model_rescale": 3.795458400668931, "target_rescale": 4.026710184039967},
{"mapping": [10, 7, 6, 2, 13, 0, 4, 8, 5, 1, 12, 14], "R": [[0.9922901506413522, -0.052059373979858034, 0.11247256785984866], [0.12073832087690377, 0.20122404877641278, -0.972075686387564], [0.027973466213338814, 0.9781608782684234, 0.20595820307324023]], "T": [-0.01986156380012439, -0.04567378654550881, 0.06104195618050449], "aligned_model": [[-0.04902824652415781, -0.3298018897934581, -0.7329866895762226, 0.23173662179108223, 0.1208461860013974, 0.23859301042024667, -0.18116653986095904, 0.6622836841241732, 0.36457876236764053, 0.5941743290745729, -0.4395436125194032, 0.11361821023865312], [-0.05207462367249428, -0.5471456037414236, -0.1594136135645638, 0.04713238746916325, 0.49284459353115007, 0.6521479639585565, -0.3787215908117966, -0.2822245795501162, -0.40243565410678095, 0.16805566395465432, 0.5416948336324401, 0.005909268190920906], [-0.7068563362379471, -0.14782910329903745, 0.1947181859564983, 0.8230034062443055, -0.328571998622351, 0.3450148302026738, 0.41785341749799554, -0.18103453683445875, 0.27859988657530627, 0.33764946585449707, -0.34206619182785863, -0.0017095948705233635]], "inverted": true, "swapped": true, "error_lsq": 0.04402248236874842, "error_max": 0.24868095350114838, "target": "731.xyz", "model": "3.xyz", "model_rescale": 3.7530521520055578, "target_rescale": 4.026710184039967},
{"mapping": [9, 11, 10, 12, 7, 0, 4, 1, 2, 3, 14], "R": [[0.8723501518959154, 0.27378425618543, 0.4050276454171547], [-0.2466949748247338, -0.4687438584837132, 0.8481867627651499], [0.42207440325539464, -0.8398341361237894, -0.34136757596147155]], "T": [-0.012850259892470052, -0.12062007217328548, 0.10528797900099889], "aligned_model": [[-0.3727043416964176, -0.34845767565414154, 0.3002597086498677, 0.6520243221098432, 0.22660765035534755, -0.18853116130496347, -0.07989934727377845, -0.6176331098748169, -0.5030764567564747, 0.3665763012995361, -0.09696628740879679], [-0.8825550985533379, 0.05434809641559639, -0.3535785240397924, 0.26691604130143687, -0.6957837696543583, 0.656201110798704, -0.35298335018922145, 0.23929025684395183, 0.2203797122745067, 0.3882156912349168, -0.07324680811805667], [-0.16076292674059262, -0.7990299699442036, -0.5567180337357442, -0.19701757493052824, 0.16015817971488744, 0.09636463000555896, 0.5589026624793094, 0.042563744517745486, 0.6492524146272377, 0.3166941770529719, -0.01757652580132589]], "inverted": false, "swapped": true, "error_lsq": 0.04387859258244813, "error_max": 0.22799269195374847, "target": "731.xyz", "model": "4.xyz", "model_rescale": 3.7855080009869324, "target_rescale": 4.026710184039967},
{"mapping": [15, 14, 9, 10, 3, 2, 5, 0, 12, 1, 6, 13, 7, 8, 16], "R": [[-0.5685182872641099, 0.4388078332995084, -0.6958697022297162], [-0.7814001781640703, -0.023482016302951603, 0.6235882908422088], [0.2572950030829251, 0.8982740563688449, 0.35623447481008746]], "T": [-0.12149801336500438, 0.13911970992971068, 0.05328465517060608], "aligned_model": [[-0.5166307163682187, -0.6711678956057892, -0.1875770549426521, 0.23846711577344065, 0.1800519360118799, -0.25190054830225134, 0.6555512537428014, 0.3507475212431293, -0.6879778726916124, -0.11424455246770654, -0.026770870204877506, -0.6712493800080661, 0.49541426234427904, -0.2001321871715055, -0.1542911202464455], [-0.32786528284669625, -0.22577738928518837, -0.5689107376836702, -0.3087289133033727, -0.40341157221739476, -0.26786439569475706, -0.05137643564367883, 0.19331375809738766, 0.3611374923644305, 0.5200196121405902, 0.729464674979185, 0.4509467836868625, 0.35730005997286013, 0.15603907393642125, 0.09970592768455086], [0.6056552465536457, -0.09641680131804356, 0.018064422837222878, 0.5014152059555964, -0.25839473349963715, -0.5493303166228962, -0.06922615916105757, -0.5651982011046435, -0.2514675987508842, -0.6009068999492408, 0.31519429351256995, 0.4074102682255445, 0.4182312962157738, 0.7524557900117103, 0.03722482621825855]], "inverted": false, "swapped": false, "error_lsq": 0.04669948376746548, "error_max": 0.33150622725702494, "target": "731.xyz", "model": "5.xyz", "model_rescale": 4.2253639853439635, "target_rescale": 4.026710184039967},
{"mapping": [12, 6, 2, 0, 3, 5, 1, 13, 7, 10, 4, 8, 11, 14], "R": [[-0.21034447666213152, 0.6434818872799346, 0.7359933843998787], [0.2099173387833148, 0.7650049510178526, -0.6088531315484089], [-0.9548245451473614, 0.026428879295697816, -0.2959925713988586]], "T": [-0.07563257127844197, 0.026937765303486974, -0.02813925159668556], "aligned_model": [[0.529002832927769, -0.36248690181472065, -0.5693977257329441, 0.17207672356071568, 0.03913595027086636, -0.4010794022600509, -0.061470944181852706, 0.5780285167002002, -0.26972517801238194, 0.511023772934907, -0.581536356046449, 0.07615485186636561, 0.6885101508985392, 0.025825861646819978], [-0.13057334640665919, 0.10190275488322927, -0.5488863301611802, -0.7155741743409898, -0.46242079977007117, 0.12681290985523447, -0.37319909511388843, -0.15742363462927111, 0.5759640031933231, 0.5176228994268876, 0.07553874090869032, 0.2933505297583287, 0.12871512885621839, 0.013269560175138858], [-0.5696532169252974, -0.7000383296288832, 0.24957007060942693, 0.1192061939660673, -0.4696449834807953, 0.4262990426878622, 0.5540308364453568, -0.009759736120766936, -0.25631102620189516, -0.10311849232872553, -0.10530051055306691, 0.6689003904021192, 0.5774715299538419, 0.08990644010620497]], "inverted": false, "swapped": true, "error_lsq": 0.050084653493629484, "error_max": 0.3306106747895679, "target": "731.xyz", "model": "6.xyz", "model_rescale": 3.89814844738969, "target_rescale": 4.026710184039967},
{"mapping": [3, 2, 1, 6, 13, 5, 4, 12, 7, 9, 8, 10, 14], "R": [[0.4406379338441613, -0.08624256537668215, -0.89353255742295], [0.8868295457798586, -0.1125069274704852, 0.4481914189306179], [-0.13918178037889278, -0.9899012128431806, 0.02690763501614324]], "T": [-0.06882524728276745, 0.027201611024413423, -0.06639910672716952], "aligned_model": [[0.23286844416808988, -0.09414552125344099, 0.2631778649490872, -0.44926590984084874, 0.5660063274067288, -0.31601611589397977, -0.5164521869043173, 0.42242005261627213, -0.57464844709632, -0.548808655713569, 0.011988378782526843, 0.11206359448245884, 0.03944397520153439], [-0.49923113452614376, 0.2355496560114906, 0.5289820930477722, -0.5995731617900496, -0.032962387440837355, 0.5139838263235152, -0.0043201615823263775, -0.5748856545799118, -0.08832129903475527, 0.606990345086894, 0.7472415443019524, -0.003284077855125772, 0.13361167750801106], [-0.3482153784129014, -0.846431067730994, -0.43683446071804405, -0.10849202901074545, 0.16805539925991086, -0.22242665862486077, -0.3171799970136501, 0.2160899672241965, 0.28283069782647036, 0.3965090705035106, 0.16788938580946655, 0.6798644548210271, -0.029384353097090657]], "inverted": true, "swapped": true, "error_lsq": 0.047205784298457135, "error_max": 0.3055720340609478, "target": "731.xyz", "model": "7.xyz", "model_rescale": 3.7474275329858107, "target_rescale": 4.026710184039967},
{"mapping": [1, 2, 2, 0, 3, 8, 6, 5, 4, 9, 11, 13, 10, 12, 14], "R": [[-0.9885141114849705, -0.12779911205948147, 0.08066745534530903], [0.02359283089269713, 0.3967266749116904, 0.9176335454548196], [-0.1492756836378515, 0.9089968824865803, -0.3891547737136601]], "T": [-0.056612819858563715, 0.1298975627889296, 0.10600675486218915], "aligned_model": [[-0.2895538386394258, -0.5728290510285554, -0.5728290510285554, 0.3179325881676145, 0.21303221325815375, -0.3006648472532557, 0.7175620743355248, 0.3403468885704318, -0.7642535167643026, 0.020826369947080967, 0.009427571896354417, -0.8446012285398766, 0.515993701797065, -0.238691878609198, -0.11340810500264976], [-0.4251706161124612, -0.5142478867074801, -0.5142478867074801, -0.3219053273241306, -0.43465592408962483, 0.003886654895656233, -0.10505089348510682, 0.09658412930844515, 0.09332116061612047, 0.6595885712348505, 0.7463157529064706, 0.4999605731448389, 0.398939713327399, 0.41810550449379913, 0.11256913068623328], [0.5559396594049444, -0.05887786667530877, -0.05887786667530877, 0.4056784476176964, -0.24428662725252104, -0.5183090104945555, -0.0053061127307517525, -0.48925341435426006, -0.22585565146365333, -0.4359997465215001, 0.1523450450652052, 0.3301483726907013, 0.5243385039314412, 0.6202304586157997, 0.11279644796598969]], "inverted": false, "swapped": false, "error_lsq": 0.05655959991537143, "error_max": 0.41104682908660717, "target": "731.xyz", "model": "8.xyz", "model_rescale": 4.019505241142653, "target_rescale": 4.026710184039967},
{"mapping": [4, 3, 7, 9, 5, 8, 10, 2, 1, 0, 12, 13, 14], "R": [[0.7235545536075055, -0.6247674713330511, 0.29348665168615196], [-0.3038825744999642, -0.6700702390357706, -0.6772453437815716], [0.6197775317556432, 0.4008384731068746, -0.6746883203437216]], "T": [-0.0664067616559605, -0.07054675394230797, -0.07326530348659802], "aligned_model": [[-0.274266295422568, -0.6252612606636327, -0.036154582782684186, 0.6129491233020786, 0.23487096857374212, 0.6730266749397806, 0.3201339683297556, -0.30348598430679896, 0.1988005982240143, -0.24038372424559162, -0.3715096614296079, 0.07621399510948683, 0.05476695211320161], [-0.46404762376366476, 0.15731790642604815, -0.04060022986591211, -0.294805509350315, -0.5508092304717609, -0.2250707654396588, 0.553282311502775, -0.7237988155869279, -0.39924223095402184, -0.04759597896562123, 0.6831340670520878, 0.4563946110644956, -0.04078028353346512], [-0.3305706353945661, 0.21540453478904611, -0.6972461685585123, -0.5919237857824007, -0.10464253269646942, 0.02285944942446136, -0.30126314287164224, 0.3385053492506833, 0.4931765821602101, 0.703651573668518, 0.07676315245632012, 0.3311996120451891, 0.020789505553041293]], "inverted": true, "swapped": true, "error_lsq": 0.05497140147742388, "error_max": 0.38942997354591935, "target": "731.xyz", "model": "9.xyz", "model_rescale": 3.877068213659057, "target_rescale": 4.026710184039967},
{"mapping": [0, 12, 5, 1, 4, 3, 7, 2, 6, 13, 9, 10, 8, 11, 15], "R": [[-0.9409301457407523, -0.2828887531262919, -0.1860763665566878], [-0.33447394466100266, 0.6909954522068532, 0.6408217110650632], [-0.05270333176560596, 0.6652061623166902, -0.7447973687095747]], "T": [-0.13539653224928128, 0.1250101825335549, -0.028737436165143605], "aligned_model": [[-0.24855009410715292, -0.7455977795206058, -0.24311807501384314, 0.2871826785065764, 0.27286485337429994, -0.350166279990531, 0.651304661964727, 0.37541849014080364, -0.6976658688248518, -0.19461106474135623, 0.10994015324213574, -0.5607887512999974, 0.33880537439499203, -0.4037021139841723, -0.15302629303461876], [-0.3048802040194506, -0.2110584318547734, -0.6470414286190281, -0.5791869114454636, -0.21465023578749715, -0.29006347436309143, -0.08625878811122381, 0.4689057267541805, 0.1954320083503054, 0.4731394707936063, 0.6917684927174964, 0.6471679716953027, 0.23432896498363825, 0.25979433617469927, 0.07659515891882883], [0.6316840675898254, 0.24127652637227617, 0.02894983438610684, 0.25133375776935674, -0.4483135567674159, -0.45809644391254173, 0.023733722405610745, -0.27604134942840314, -0.27204492622730947, -0.7164424119803302, 0.20415788901160162, 0.1939809569879625, 0.5700153436586041, 0.6454291775149217, 0.04508805174365333]], "inverted": false, "swapped": false, "error_lsq": 0.046319726704596303, "error_max": 0.3739929304367764, "target": "731.xyz", "model": "10.xyz", "model_rescale": 4.260839863003843, "target_rescale": 4.026710184039967},
{"mapping": [12, 13, 8, 10, 9, 7, 6, 3, 1, 5, 4, 14], "R": [[-0.1970878467281913, 0.7067735748481363, -0.6794317438627893], [-0.7629308938359842, 0.32466728684620877, 0.5590416836717526], [0.6157051501349255, 0.6285397893119476, 0.47523141873093916]], "T": [0.08432427550000689, 0.05562982348714326, 0.00996717917988648], "aligned_model": [[0.4513521268590821, 0.2476327286784018, -0.44270111557499625, -0.3308435146281612, -0.7797572881671682, -0.324580895320843, 0.28890559787344006, 0.7116603280646416, 0.21218991726687797, -0.19349608977379879, 0.06950677406169285, 0.04903007975496159], [-0.1466998910648055, -0.5117721684120022, -0.39412511357480834, -0.23587423013210082, 0.10934836117541921, 0.47604286835866233, 0.6825616195239926, 0.09497216626067276, -0.3890776203716256, 0.07519300939813156, 0.5070214696898921, -0.09451196531849429], [-0.7027630221682523, -0.32616535274923214, 0.32594847476219385, -0.5672854053616351, 0.1868863672313161, -0.20731959350672435, -0.31323018053174906, -0.2191017782405833, 0.5439313513766006, 0.5047782279688103, 0.25548821197667826, 0.03501077663808161]], "inverted": true, "swapped": true, "error_lsq": 0.04873436559891217, "error_max": 0.26541539564567584, "target": "731.xyz", "model": "11.xyz", "model_rescale": 3.890672605050136, "target_rescale": 4.026710184039967},
{"mapping": [8, 9, 5, 11, 1, 12, 7, 13, 10, 6, 2, 4, 3, 14], "R": [[-0.9965749145409244, -0.042635272926145724, 0.070856708999662], [0.0014020763810661252, -0.865433741771855, -0.5010214294664332], [0.08268297218636599, -0.4992060417355539, 0.8625293351562887]], "T": [0.003102767850948221, 0.06707703966937496, 0.13927122452554247], "aligned_model": [[0.6106231202271668, 0.17029590290868257, 0.32075748918272295, 0.7160567679672158, 0.6615432484569547, -0.3136363139558439, -0.41090421048313397, 0.2258988854141618, -0.06893412183252662, -0.7099796299216872, 0.3095968917643639, -0.20101725533616333, -0.24091629685984256, 0.14049135726162315], [-0.08200859013928195, 0.0008572250769138395, 0.38918221976485096, -0.6016260850526713, 0.26894044422745605, -0.5037836127529138, 0.022633080704429917, -0.4701244372426172, -0.6604685542151865, 0.22256968619390316, 0.7641383768579901, 0.5085991125387116, 0.08058677191186904, -0.007343118045689115], [-0.2949774851334097, -0.7258787167023124, -0.20387390304987146, 0.0646396291840447, 0.2971932608508384, 0.6466424560216535, -0.32740539263985446, 0.49052072774803984, -0.09747241095409606, 0.22105788929585757, 0.4088388941647753, -0.027005140179013953, 0.7620417386223455, 0.1404688881278647]], "inverted": false, "swapped": true, "error_lsq": 0.04504283591815184, "error_max": 0.26934065393657136, "target": "731.xyz", "model": "12.xyz", "model_rescale": 4.124412569039231, "target_rescale": 4.026710184039967},
{"mapping": [10, 6, 3, 9, 13, 11, 7, 8, 4, 5, 1, 2, 14], "R": [[-0.36835376272346665, -0.5300495493139835, 0.7637820243757426], [0.6841535030276499, -0.7108124833532642, -0.1633389047476484], [0.6294835103340354, 0.46237764736328796, 0.6244657087753751]], "T": [0.13279510857126137, 0.22565560112135308, 0.0716839390758611], "aligned_model": [[-0.1655267544286913, -0.09890292627409164, 0.5816090334461352, -0.5705246836185143, 0.50473850020363, 0.3320597210838424, -0.4710127832430839, 0.0034030538005586364, -0.0729184137025756, -0.008301467398920626, 0.5812789653886223, 0.5621784281863855, 0.18921763406646064], [-0.2984186860421517, 0.8291374607454102, 0.5653636055772527, -0.1654698835735493, -0.20199716130105988, -0.7340041526859744, 0.34290688914163553, -0.39870839054939256, 0.6241844610021559, 0.14701174847824766, -0.027328139678023944, 0.5818694464036203, 0.08293817899030664], [0.548034294577488, 0.4202225932078183, 0.4332575312849588, -0.2932614735517852, 0.4463450906851625, 0.09127785243443412, 0.18496356587183063, -0.34461733100918446, -0.1795355839551017, -0.4726613082611518, -0.4121481880332787, -0.512474896838547, 0.042295934555195744]], "inverted": false, "swapped": true, "error_lsq": 0.05362532607212435, "error_max": 0.31465484819878514, "target": "731.xyz", "model": "13.xyz", "model_rescale": 3.9028299243045295, "target_rescale": 4.026710184039967},
{"mapping": [4, 3, 7, 10, 9, 6, 14, 11, 2, 1, 12, 8, 13, 5, 15], "R": [[-0.22018738615712596, -0.6821505840928208, -0.6972718950302789], [-0.6977580450504299, -0.3893714623754613, 0.6012683052140676], [-0.6816533030395254, 0.6189187708491465, -0.390241373441985]], "T": [-0.2230736439230464, 0.08603088254470773, 0.06525609159313209], "aligned_model": [[-0.448105450872721, -0.7015912720908001, -0.03899106793297391, 0.20598180611105554, 0.21656273904603673, -0.35064558466356976, 0.6566738995728971, 0.3212974970501895, -0.7806444069025925, -0.18998086702731126, 0.09915840071482834, -0.5619080149220053, 0.35430194448841634, -0.1718501715506153, -0.17196955991442914], [-0.3301770744225404, -0.29714311061616927, -0.7970985609174962, -0.38711183925906234, -0.3632953974173764, -0.1835630382959826, -0.007725755615904578, 0.310529316433916, 0.4916217567593121, 0.35269098782956676, 0.6995827441522682, 0.6609370965255893, 0.3323766462162694, 0.23417128357403244, -0.0018023987588923207], [0.5505342554340599, -0.04826930528354348, -0.017351094197013778, 0.44918315191726277, -0.3882537775045082, -0.5309425162806846, 0.04780314637962821, -0.38096941461949607, -0.19312474473190225, -0.5263485163246926, 0.12819186430847923, 0.4540764533458733, 0.5537256878044277, 0.5526290608026835, 0.013826388073344763]], "inverted": true, "swapped": false, "error_lsq": 0.040717053835458906, "error_max": 0.25943465636201213, "target": "731.xyz", "model": "14.xyz", "model_rescale": 3.942246331269136, "target_rescale": 4.026710184039967},
{"mapping": [3, 5, 5, 12, 0, 2, 8, 8, 9, 7, 11, 10, 13, 4, 14], "R": [[0.8117064077781929, 0.16043943978597902, -0.561597626181756], [-0.34381301292103467, -0.6460344064770708, -0.6814925955533042], [-0.47214967935812757, 0.7462564785708599, -0.4692291001984397]], "T": [-0.1440029088005415, 0.08637192721806455, 0.11850136135489386], "aligned_model": [[-0.3582074610780396, -0.5570978488259591, -0.5570978488259591, 0.3650188628795105, 0.19317255335885092, -0.3258914713828669, 0.48524502970087563, 0.48524502970087563, -0.7351027498089688, -0.1120586483780813, 0.15853186781384704, -0.6291928406229153, 0.4076039430468629, -0.27610814962523744, -0.10577037684638951], [-0.38506471386787644, -0.3812601600519827, -0.3812601600519827, -0.4156592241088827, -0.30357143032501877, -0.3406913616306193, 0.31331152805595874, 0.31331152805595874, 0.34699088350987184, 0.20261839509217983, 0.7135737161283645, 0.568529859296912, 0.19371948369699757, 0.26096171647381805, 0.008482595913830965], [0.6169106647651019, 0.002517053494003746, 0.002517053494003746, 0.5146551411119338, -0.4058786234785138, -0.48745360129411985, -0.2705826600993999, -0.2705826600993999, -0.3619578395285345, -0.7279298709740494, 0.2893862629206894, 0.3212696395317621, 0.7059843224850991, 0.6623125305642853, 0.07354322623105672]], "inverted": true, "swapped": false, "error_lsq": 0.06085599524484038, "error_max": 0.5561309071902236, "target": "731.xyz", "model": "15.xyz", "model_rescale": 4.355366556412066, "target_rescale": 4.026710184039967},
{"mapping": [12, 13, 10, 4, 7, 3, 9, 2, 11, 0, 1, 14], "R": [[-0.840641239584952, 0.2687615218596164, 0.47020160641662906], [-0.5347929739385481, -0.5490634093986844, -0.6422817508581855], [0.08554987630054772, -0.79138904265045, 0.6052971186432043]], "T": [-0.19431466501270783, 0.04932632188034029, -0.06447983787678135], "aligned_model": [[-0.09622120391483563, 0.32025684822946826, 0.0374423043512741, -0.6105802568662304, -0.6235601099690155, -0.2846889808483688, -0.19417536804568347, -0.20359272575779386, 0.7173468842883282, 0.2677914330128368, 0.3088311212027402, -0.04104139105093957], [-0.7314605882683191, -0.37843243379555513, -0.4900337359240928, 0.3504920939228238, -0.04630673684296989, -0.2664224032396087, 0.36241604285219226, 0.6735504735900709, -0.09470287122079739, 0.07856477062556115, 0.49524242661214396, 0.059869389429531336], [0.18925342917356192, 0.053156699873972785, -0.5604020987127366, -0.047845868266467084, -0.5091896024089071, 0.518363327698961, -0.890795659024953, 0.44811943087263517, -0.394882563922894, 0.5835923979696409, 0.15285680310220795, -0.09296783514560107]], "inverted": false, "swapped": true, "error_lsq": 0.05264383517388923, "error_max": 0.26238788810517893, "target": "731.xyz", "model": "16.xyz", "model_rescale": 3.795458400668931, "target_rescale": 4.026710184039967},
{"mapping": [3, 2, 1, 6, 13, 5, 4, 12, 7, 9, 8, 10, 14], "R": [[0.4406379338441613, -0.08624256537668215, -0.89353255742295], [0.8868295457798586, -0.1125069274704852, 0.4481914189306179], [-0.13918178037889278, -0.9899012128431806, 0.02690763501614324]], "T": [-0.06882524728276745, 0.027201611024413423, -0.06639910672716952], "aligned_model": [[0.23286844416808988, -0.09414552125344099, 0.2631778649490872, -0.44926590984084874, 0.5660063274067288, -0.31601611589397977, -0.5164521869043173, 0.42242005261627213, -0.57464844709632, -0.548808655713569, 0.011988378782526843, 0.11206359448245884, 0.03944397520153439], [-0.49923113452614376, 0.2355496560114906, 0.5289820930477722, -0.5995731617900496, -0.032962387440837355, 0.5139838263235152, -0.0043201615823263775, -0.5748856545799118, -0.08832129903475527, 0.606990345086894, 0.7472415443019524, -0.003284077855125772, 0.13361167750801106], [-0.3482153784129014, -0.846431067730994, -0.43683446071804405, -0.10849202901074545, 0.16805539925991086, -0.22242665862486077, -0.3171799970136501, 0.2160899672241965, 0.28283069782647036, 0.3965090705035106, 0.16788938580946655, 0.6798644548210271, -0.029384353097090657]], "inverted": true, "swapped": true, "error_lsq": 0.047205784298457135, "error_max": 0.3055720340609478, "target": "731.xyz", "model": "17.xyz", "model_rescale": 3.7474275329858107, "target_rescale": 4.026710184039967},
{"mapping": [10, 12, 7, 13, 8, 1, 9, 6, 11, 5, 0, 3, 2, 14], "R": [[0.3737859408999967, 0.5489229532268312, -0.7476413992056876], [0.832535034413425, -0.5538899117133629, 0.009559402512726634], [-0.4088636531409235, -0.6260108282792698, -0.6640338515598141]], "T": [0.09276991125537283, 0.09752539477475108, 0.0664533106054557], "aligned_model": [[0.40804711171325564, -0.15853122016388632, 0.6974540431208966, -0.2654510474856734, 0.22056948522099068, -0.3632017271754039, 0.7925760898904857, 0.3246952925927766, -0.09415704709250121, 0.22269272337494816, -0.7014138141407738, -0.35205332001403145, -0.3538518558122467, 0.03747293385403963], [-0.2742835267884603, 0.2604468602341745, 0.2448086611364215, -0.2132797258912214, -0.616235585457996, -0.2809043834228452, -0.37453908927263385, 0.7747271465086812, -0.8211940813439864, -0.1264064601917712, 0.037080144359451506, 0.5206866727662325, 0.2776083727636358, -0.04810676388844992], [-0.5276155964361989, -0.70421875611141, 0.004575618933833819, -0.42004198433394446, 0.29903013102965015, 0.4513076182046398, 0.3276992948939247, -0.09774758041106926, -0.21999037803326635, 0.5718041143345558, 0.07007789479289203, -0.19932433286301113, 0.7149893562740145, 0.05424931838704434]], "inverted": false, "swapped": true, "error_lsq": 0.05306253636174153, "error_max": 0.3153945523291694, "target": "731.xyz", "model": "18.xyz", "model_rescale": 3.922800546911778, "target_rescale": 4.026710184039967},
{"mapping": [13, 12, 7, 4, 9, 3, 10, 2, 0, 0, 1, 5, 6, 8, 14], "R": [[-0.7117529419552286, 0.5793958120373837, 0.39712497102501326], [0.5833454705120387, 0.17261349344123467, 0.7936703622506645], [0.3913001554448516, 0.7965582683492487, -0.4608460843636206]], "T": [-0.08665971283349885, 0.0220921292409073, 0.15551419110133632], "aligned_model": [[-0.23544916239460925, -0.8280250987940069, -0.3167446017432222, 0.38430485807574644, 0.26702387264251404, -0.42815459960967406, 0.7024925538020241, 0.32328324690974886, -0.41719509968090196, -0.41719509968090196, 0.1079414318006407, -0.7076456420020396, 0.37857423743352714, -0.2681908621522666, -0.10673014350017346], [-0.5048169652659803, -0.24020793116932238, -0.6637311450537269, -0.2365461936368507, -0.3130637487911066, -0.07474882909175418, -0.12425947454457718, 0.1879389937792202, 0.4860433762451787, 0.4860433762451787, 0.7340700239427994, 0.4658188037033376, 0.3460626943746698, 0.22069195088821458, -0.055302275437751194], [0.5702939551272815, 0.14172697329171885, -0.18348197316876644, 0.6404530841377849, -0.49665269298616865, -0.3766063917368434, 0.07538582286174927, -0.40801979196227844, -0.45599070186493995, -0.45599070186493995, 0.09893773045921336, 0.1596171572127285, 0.5484113994891798, 0.7050550964853521, 0.10157167364284746]], "inverted": true, "swapped": false, "error_lsq": 0.04723687520788824, "error_max": 0.342947047219912, "target": "731.xyz", "model": "19.xyz", "model_rescale": 3.9282355846067225, "target_rescale": 4.026710184039967},
{"mapping": [2, 3, 12, 4, 5, 6, 7, 10, 9, 8, 0, 1, 11, 14], "R": [[0.22976128336478552, 0.7689919169062855, 0.5965410165272487], [-0.17585349580498788, 0.6356525754311744, -0.7516790214984588], [-0.9572279251462172, 0.06780291351049439, 0.28127826833894687]], "T": [-0.038048410709789225, -0.1382691130769294, -0.0677356539312276], "aligned_model": [[-0.7369969447139892, 0.09568255610998505, 0.6577484531290892, -0.44378623781454235, -0.46965296046140204, -0.019199455341146747, 0.025833370634100385, 0.6437396565630638, -0.14037169042236472, -0.09264875061213787, -0.07697008063459679, -0.3535484397701824, 0.43897198078984334, 0.00372136162895665], [-0.4945359567404925, -0.7742150389479134, -0.5664632018220022, -0.07136893179105114, 0.17225866869510503, -0.31311779598954487, 0.2876083793583381, 0.21336744681334568, 0.7371275174599692, 0.3709354315299758, -0.7783036822044991, -0.26566164467560377, 0.1187265418004792, -0.11347564606126997], [0.12473451838318814, -0.22666877797255058, -0.19480903278552955, -0.37620888705905586, 0.13150002808607797, -0.7807757528287996, -0.521290047643948, -0.022170155260580644, -0.004224121630698879, 0.49583242540032557, 0.40474229214070545, 0.5515081952213886, 0.749235538820207, 0.08077693437295322]], "inverted": false, "swapped": true, "error_lsq": 0.053905120526487514, "error_max": 0.3350781006580794, "target": "731.xyz", "model": "20.xyz", "model_rescale": 4.067790424073018, "target_rescale": 4.026710184039967},
{"mapping": [7, 8, 1, 9, 13, 5, 10, 11, 4, 6, 3, 2, 12, 0, 14], "R": [[0.6459862150619409, -0.14326115350000157, 0.7497853371784468], [-0.060181537146639305, -0.9887319962785016, -0.137066487960395], [0.7609730563801952, 0.04341982764795849, -0.6473289164176169]], "T": [-0.13975728740051355, 0.08098027402996436, 0.009890190920910868], "aligned_model": [[-0.32736169006035554, -0.6029921941831876, -0.08182766107680567, 0.3025165932964168, 0.23268748868057768, -0.4097228381411546, 0.5538693520427638, 0.41753027237406226, -0.8607031669701605, -0.23822567581754905, 0.10030111181664444, -0.5868234271022248, 0.4529098897245937, -0.44458980639180257, -0.0692783570854126], [-0.3829189643020837, -0.2377754988779757, -0.7363110978948679, -0.3842932575212685, -0.22229883968917372, -0.24619399924213745, -0.34849012452291117, 0.35354371810678864, 0.2132124038538182, 0.5987952055573657, 0.8667418122354699, 0.6649757395894598, 0.245687627855738, 0.28108192511445806, 0.048236005924849376], [0.5633032753220439, 0.10463234152433823, 0.05443312582690889, 0.4480274465383848, -0.4994526926347915, -0.4006481351584703, -0.06576748136107685, -0.17224162577410415, -0.3144926034903746, -0.5094638076823503, 0.23056140946341483, 0.12304095087014971, 0.46665158558113784, 0.6193936725513638, 0.01673317754734409]], "inverted": false, "swapped": false, "error_lsq": 0.050849958315438544, "error_max": 0.2613177176915625, "target": "731.xyz", "model": "21.xyz", "model_rescale": 4.186013935880536, "target_rescale": 4.026710184039967},
{"mapping": [4, 0, 6, 9, 8, 7, 5, 1, 12, 13, 11, 10, 14], "R": [[-0.8065280349796452, -0.4308868229527115, 0.4047827498765124], [-0.32686195605442125, -0.24551904349733839, -0.9126235044992156], [0.49261931597954023, -0.868364523161714, 0.057177481913591954]], "T": [0.0509497432122465, -0.04829775379501335, -0.16935823331017108], "aligned_model": [[0.2327466749357512, -0.6437862698356547, 0.590686727541338, 0.35034506823081496, -0.22468746510323145, 0.6428999823231154, -0.10300964085261424, -0.6219463514814938, 0.16445083237346853, -0.22260414353258406, -0.40552169085922096, 0.35296452398600614, -0.0539642123024694], [-0.4033668403432857, 0.27752834058597686, 0.09783580589803506, -0.6477395686776659, -0.4138263681833525, -0.22889714038757333, -0.5874573393909941, -0.25297114578189556, 0.7706798249564246, 0.49366712940932544, 0.15402656465729062, 0.294447069061345, -0.03496967225753718], [-0.49359637657804795, -0.38283840566146576, -0.6454700879718682, 0.40671032076032476, 0.43915832921103437, -0.07912030012401264, -0.07986914500443076, -0.10189180820795318, -0.16442617092820971, 0.1356697764394612, 0.6742861528843802, 0.4486001084860747, -0.05433283196994118]], "inverted": true, "swapped": true, "error_lsq": 0.05901747754601867, "error_max": 0.342074739190624, "target": "731.xyz", "model": "22.xyz", "model_rescale": 4.166573947596378, "target_rescale": 4.026710184039967},
{"mapping": [5, 1, 6, 13, 12, 2, 14, 9, 4, 3, 8, 0, 10, 7, 15], "R": [[-0.46480545939661494, -0.07503535026028625, -0.8822276243274285], [0.3767843644060915, 0.8849186140790379, -0.2737747051784235], [0.8012424275175396, -0.459661552305336, -0.3830428561898126]], "T": [-0.03625573011607636, 0.06588197577909159, -0.0883750287204261], "aligned_model": [[-0.294115570929902, -0.6822501841579627, -0.3352874107301458, 0.29504884845048823, 0.2940447450491293, -0.5289822038118541, 0.6940184043153912, 0.40244465936223045, -0.6242100881711086, -0.1755546176572693, -0.1285576142644693, -0.6661097280433359, 0.4008868432786165, -0.1235921699058207, -0.0894940216775821], [-0.3285458951504561, -0.19270753502996063, -0.6306136872174125, -0.29266268040612714, -0.43161631815489954, -0.14227351131927962, -0.18259781475966702, 0.41785278831125383, 0.48561423394403735, 0.36222803963058603, 0.8616489252981557, 0.319090435872643, 0.1920336087655019, 0.2425572105089162, 0.03398485589423797], [0.5964584826754447, 0.06629135778227183, -0.15606164026990021, 0.6033591287689946, -0.35814974745371375, -0.4966655557955171, 0.0875091533268281, -0.2983933176362383, -0.22249444440825386, -0.5925590054447727, 0.02259552799155029, 0.365414768289285, 0.506547965561024, 0.5990461342999086, -0.05818816856299226]], "inverted": true, "swapped": false, "error_lsq": 0.04379076446956642, "error_max": 0.2750010198496511, "target": "731.xyz", "model": "23.xyz", "model_rescale": 4.274766983524099, "target_rescale": 4.026710184039967},
{"mapping": [1, 8, 11, 13, 10, 12, 3, 7, 4, 9, 14], "R": [[-0.1469911626461501, -0.6468282465683675, -0.7483360325049335], [-0.42618845205087896, 0.724141315185094, -0.5422017696213086], [0.8926124587089346, 0.23923330680173766, -0.38211310298692575]], "T": [0.096796243568878, -0.07526309424450817, 0.11686023082673352], "aligned_model": [[0.31227956837867177, 0.17635798046132178, -0.4168389000590152, -0.495826693430338, -0.5125825636998675, -0.644843664427708, -0.12856554578348908, 0.16135465470221189, 0.5403528137618816, 0.3447286909799901, 0.04347836307441583], [-0.04952777403799395, 0.5690565034875505, 0.48047502728012914, -0.10864320006297196, 0.36251710901735457, -0.42339447292242016, -0.7051231962463739, 0.1967847674873371, -0.16110811502559355, 0.7555486449669649, -0.0009987627004998806], [-0.5555508786742633, -0.281136793544416, -0.5063341448159338, -0.21372043011653702, 0.28288859129550337, 0.22824194846622314, 0.10916309875770178, 0.6763119991551603, 0.3621004306346355, 0.28746030283960744, -0.009857689976104117]], "inverted": false, "swapped": true, "error_lsq": 0.05264911514051611, "error_max": 0.3216404554869467, "target": "731.xyz", "model": "24.xyz", "model_rescale": 3.7841303162186577, "target_rescale": 4.026710184039967},
{"mapping": [5, 12, 2, 4, 8, 9, 1, 0, 14, 10, 11, 13, 6, 3, 15], "R": [[0.4615003710944948, -0.4722969739162584, -0.7509680258900435], [0.7689406229433235, 0.6351270010246547, 0.07310274247223558], [0.44243386609433216, -0.61118676441737, 0.656279676002426]], "T": [-0.032046971898672436, 0.1116740694909298, -0.054026350428477775], "aligned_model": [[-0.3803674937738485, -0.7136515739764498, -0.1845448766321508, 0.2616093930636144, 0.23840001950712902, -0.4355987775119898, 0.6200663969046698, 0.5914558526100615, -0.7612675565336453, -0.18469434172262478, -0.1252870103640492, -0.6384084016527518, 0.3495858297658632, -0.1913892354987886, -0.007618333078634264], [-0.43869760051059065, -0.15297558634589475, -0.6264182821555254, -0.3121504979767867, -0.32674201374775813, -0.14167769977780637, -0.24428674859382932, 0.19737652527965077, 0.24914112162991936, 0.5793751943069207, 0.8206803522640278, 0.4581156567087231, 0.3503960645870016, 0.1679995164021879, 0.13385665411728928], [0.5334279748973519, 0.14733807671788018, -0.026510947103680807, 0.48527228501045466, -0.3440393612332712, -0.39328956641387774, -0.08683555675214569, -0.43511592815661054, -0.33445300898897606, -0.6566950352038569, 0.22533713211341602, 0.2985414308897327, 0.5111237765236952, 0.7336533907698023, 0.006955976054004873]], "inverted": false, "swapped": false, "error_lsq": 0.04010315113424354, "error_max": 0.23743312175215237, "target": "731.xyz", "model": "25.xyz", "model_rescale": 4.19342608120988, "target_rescale": 4.026710184039967},
{"mapping": [12, 13, 10, 4, 7, 3, 9, 2, 11, 0, 1, 14], "R": [[-0.840641239584952, 0.2687615218596164, 0.47020160641662906], [-0.5347929739385481, -0.5490634093986844, -0.6422817508581855], [0.08554987630054772, -0.79138904265045, 0.6052971186432043]], "T": [-0.19431466501270783, 0.04932632188034029, -0.06447983787678135], "aligned_model": [[-0.09622120391483563, 0.32025684822946826, 0.0374423043512741, -0.6105802568662304, -0.6235601099690155, -0.2846889808483688, -0.19417536804568347, -0.20359272575779386, 0.7173468842883282, 0.2677914330128368, 0.3088311212027402, -0.04104139105093957], [-0.7314605882683191, -0.37843243379555513, -0.4900337359240928, 0.3504920939228238, -0.04630673684296989, -0.2664224032396087, 0.36241604285219226, 0.6735504735900709, -0.09470287122079739, 0.07856477062556115, 0.49524242661214396, 0.059869389429531336], [0.18925342917356192, 0.053156699873972785, -0.5604020987127366, -0.047845868266467084, -0.5091896024089071, 0.518363327698961, -0.890795659024953, 0.44811943087263517, -0.394882563922894, 0.5835923979696409, 0.15285680310220795, -0.09296783514560107]], "inverted": false, "swapped": true, "error_lsq": 0.05264383517388923, "error_max": 0.26238788810517893, "target": "731.xyz", "model": "26.xyz", "model_rescale": 3.795458400668931, "target_rescale": 4.026710184039967},
{"mapping": [8, 1, 11, 10, 12, 4, 5, 7, 2, 13, 6, 3, 14], "R": [[0.7841524833035938, -0.06073829290551924, -0.6175886516960383], [-0.5918103268716541, 0.22625295328705852, -0.7736731468371836], [0.1867228425685329, 0.97217306119014, 0.1414712661967773]], "T": [-0.19862275397127438, -0.05822043940147333, -0.012406258271058047], "aligned_model": [[0.16528022106541684, 0.3388363578437975, 0.5980253308276131, -0.09730154689929699, -0.02991980709864117, -0.5996026958005632, -0.20439787812211263, -0.7272488902108323, -0.08164061229009936, 0.33339258089216695, -0.8059045301735474, -0.1317855827912522, -0.05805656442139259], [-0.7089643207978914, -0.3117161533433294, -0.3669157953565914, -0.07773091280962657, 0.6379065642072315, -0.17319464258463077, -0.5711430984276072, -0.2192132035905669, -0.12883461989599293, 0.21859556459506765, 0.3544934479275133, 0.5837850673292895, -0.1151863939959508], [-0.16728192127788263, 0.3698367224331517, -0.4931308743622669, -0.7739263223672652, -0.42541667889134566, 0.2880110731349104, 0.2310723679080306, -0.3053223666876567, 0.7837273362670271, -0.3316746934682215, 0.0027469317902343287, 0.16347055063795654, -0.049975463017246015]], "inverted": true, "swapped": true, "error_lsq": 0.04632673040968424, "error_max": 0.3139118670298824, "target": "731.xyz", "model": "27.xyz", "model_rescale": 3.6321398670334006, "target_rescale": 4.026710184039967},
