[{"mapping": [0, 12, 3, 5, 9, 2, 7, 6, 4, 11, 13], "R": [[0.3955368488345607, 0.8957245272250796, -0.20304721751709254], [-0.7816973222289394, 0.21224968696888472, -0.586429336580049], [-0.4821824319011755, 0.39067587807416276, 0.7841380367364219]], "T": [0.04628560404376433, -0.06456395750828374, -0.18693888599793324], "aligned_model": [[-0.5783189836158176, 0.14238098910456765, -0.3135391010917862, 0.43632299017090614, -0.054259429573057766, -0.6298495912279675, 0.2654431268168215, -0.04612844566955662, -0.1044715278009388, 0.7398990220523622, 0.12976500978254213], [-0.5021501657270697, -0.5848859098568224, 0.30824915297045413, 0.46216852924216373, -0.6776189889950599, 0.023096261122806425, -0.26195157707210887, 0.6178106138176868, 0.21782680496134538, -0.06758429756837514, -0.11739597514734881], [-0.3044116659596568, -0.4217804301246632, -0.2557638235352446, -0.5648608161189492, 0.201387518393999, 0.1686101671496037, 0.5090514805520445, 0.14528223315456024, 0.7135787268675011, -0.10978226121670033, -0.057401906779313006]], "inverted": false, "swapped": false, "error_lsq": 0.04464394342322606, "error_max": 0.20559836999374909, "target": "732.xyz", "model": "0.xyz", "model_rescale": 3.8414455957264533, "target_rescale": 3.8607696444770925},
{"mapping": [0, 1, 13, 12, 4, 7, 5, 8, 9, 10, 14], "R": [[0.5629322706550292, -0.09957295366640029, -0.8204830806014967], [0.6423630893980821, 0.6773726150565423, 0.35851917905519803], [0.5200739563121044, -0.7288700619929526, 0.44527689441095536]], "T": [0.01281857095958931, -0.10061505701691068, 0.09426927691203943], "aligned_model": [[-0.5541490739330552, 0.1978649116902854, -0.4119026690897473, 0.3830398158579146, -0.14618884163591175, -0.5761463742160408, 0.5185684351843661, 0.20622690141195194, -0.3797491662597515, 0.6837359279721149, 0.06594419196594892], [-0.38274450963772055, -0.6294570579436595, 0.4196577810489792, 0.3251238463761966, -0.6128055482275518, -0.1925896541544789, -0.39000213643459836, 0.6650485836213499, 0.3274799453947782, 0.02682432357506309, -0.138971125870686], [-0.25853099394377654, -0.5649589696055939, -0.2575474976470312, -0.41951293359221853, 0.18479429169401565, 0.3343025432956197, 0.4021572079603579, 0.0686801265399458, 0.4522286609181919, 0.04943173969096398, 0.03286504707270706]], "inverted": false, "swapped": false, "error_lsq": 0.04701073173857629, "error_max": 0.24824717588425615, "target": "732.xyz", "model": "1.xyz", "model_rescale": 4.316132596720782, "target_rescale": 3.8607696444770925},
{"mapping": [7, 3, 10, 6, 5, 9, 0, 8, 1, 4, 11], "R": [[-0.523049688564385, -0.43460081690908253, -0.7331719806666496], [0.7927800601442863, 0.0677446342117829, -0.6057313272178796], [0.3129197972809038, -0.8980717089840153, 0.30910905194155713]], "T": [-0.0037718419590298965, -0.014909409140982051, 0.06828138494272618], "aligned_model": [[-0.5984771469058782, 0.10635086197270781, -0.34778981619664684, 0.4267969190929214, -0.008535334791814052, -0.6237917651630419, 0.3023033180486624, 0.06380644667050685, -0.17326784037317086, 0.7363500743771789, 0.10349834221664965], [-0.4722977758923251, -0.3807642889118601, 0.38527885835866343, 0.30454926674306415, -0.6525578519113173, -0.2559273023860273, -0.305734563702422, 0.7482865902566554, 0.2643410065568712, -0.2064066873848034, -0.01120280397882762], [-0.4191430728026477, -0.46561018257422815, -0.2763006554284572, -0.5551387457942509, 0.16389338463730863, 0.3960574902308077, 0.6389413401586367, 0.06935712758662024, 0.5017413891633891, -0.031107107956448804, 0.0012182551624520671]], "inverted": false, "swapped": false, "error_lsq": 0.037607285143809795, "error_max": 0.2137420013008498, "target": "732.xyz", "model": "2.xyz", "model_rescale": 3.795458400668931, "target_rescale": 3.8607696444770925},
{"mapping": [10, 2, 4, 0, 6, 5, 8, 7, 9, 1, 11], "R": [[-0.055941818448028646, -0.9757286287227244, -0.211717160475007], [0.7433385694921776, 0.10086598066496538, -0.6612668334717973], [0.6665720396581684, -0.19437000034821955, 0.7196540967093721]], "T": [0.0026019716726075723, -0.08405066554476777, -0.015197176965700611], "aligned_model": [[-0.4980136157585068, 0.12724274128632615, -0.40167824501869137, 0.27150258552471895, 0.14715826570793844, -0.6564736916194058, 0.40333169659020396, 0.2574957289271106, -0.3058816814478338, 0.6172749284106285, 0.025285346345586397], [-0.25554756578312743, -0.7079152457198818, 0.3428253533369218, 0.3371142362973997, -0.5864796630501322, -0.17903129816983143, -0.22874015087599275, 0.5916752518473676, 0.2431131706860289, -0.1768992543057153, 0.03744961348463459], [-0.5241014727127471, -0.44296227087590584, -0.2707145036176366, -0.6172939544873677, 0.2567676680812818, 0.20935251693647178, 0.6398170041276463, 0.23324990732632989, 0.7280095929358448, -0.11431900997786267, -0.07389625535287336]], "inverted": false, "swapped": false, "error_lsq": 0.05070690152048504, "error_max": 0.22825524802436095, "target": "732.xyz", "model": "3.xyz", "model_rescale": 3.7530521520055578, "target_rescale": 3.8607696444770925},
{"mapping": [5, 3, 7, 1, 9, 8, 4, 0, 6, 2, 10], "R": [[-0.5666667438665789, 0.5684247444123343, 0.5964747365441573], [0.8089949658223485, 0.5211251642747083, 0.27194798847161106], [-0.15625602922686344, 0.6366489402327086, -0.7551570566649185]], "T": [0.010434613986066344, -0.12456703059424688, -0.025635155377759494], "aligned_model": [[-0.44557748424802057, 0.35750410252913295, -0.43062524201864116, 0.30359811965886513, -0.17838034346176343, -0.8317408146913058, 0.4567043133885492, 0.19660029257620734, -0.16073418972850614, 0.6790261285075442, 0.040869176436013344], [-0.2792194074605789, -0.6785884336750738, 0.26947007161366016, 0.2203071444097881, -0.6089717598459456, -0.0676786694831961, -0.04501762207138925, 0.6254835161840538, 0.11320600489825199, -0.09477065884274057, -0.03665573797915844], [-0.560139926716473, -0.416368875634032, -0.12234040889642361, -0.6737422708815727, 0.13887848832928562, 0.3335079271900151, 0.5524877998925285, 0.26243931965009293, 0.6529669127501853, -0.14162457716842344, -0.002155166132001462]], "inverted": true, "swapped": false, "error_lsq": 0.05971850726489703, "error_max": 0.31213593724410943, "target": "732.xyz", "model": "4.xyz", "model_rescale": 3.7855080009869324, "target_rescale": 3.8607696444770925},
{"mapping": [0, 5, 2, 9, 4, 1, 6, 14, 12, 8, 16], "R": [[-0.3834452435462435, -0.8846858729034316, -0.2651427002330178], [-0.8720365029785914, 0.44136306667652125, -0.2115442763271237], [0.3041744280419244, 0.15009846654443398, -0.9407169434353662]], "T": [0.15677679727448557, -0.032759851615503065, 0.03825898281740643], "aligned_model": [[-0.4693149348259489, 0.054191822840872234, -0.3735171748637758, 0.23271681765491287, -0.12699617158541054, -0.548600298882433, 0.3225996579324867, 0.07333842001567065, -0.1705869243836055, 0.8459198126762034, 0.14749303236910327], [-0.39725249263187185, -0.5683246992630889, 0.35405219525263815, 0.4076518171559731, -0.7050927896470683, -0.18089936686657027, -0.4556211001629395, 0.6383291159791799, 0.3509692677413799, -0.04372663997022102, 0.01747914016026071], [-0.2509263227582813, -0.5598629626117649, -0.3007844230913291, -0.5159834682485386, 0.15843429828456906, 0.26977955474954013, 0.5070534062346042, 0.018893206148558855, 0.49504144713702986, 0.1806370283154075, 0.021627458223386502]], "inverted": true, "swapped": false, "error_lsq": 0.04286455748043785, "error_max": 0.22496995439060194, "target": "732.xyz", "model": "5.xyz", "model_rescale": 4.2253639853439635, "target_rescale": 3.8607696444770925},
{"mapping": [11, 5, 9, 1, 6, 12, 3, 0, 7, 4, 13], "R": [[-0.536284636535459, -0.6387526972580376, -0.5517189323936714], [0.5330087269211264, 0.2505433228472131, -0.8081644265881771], [0.6544467019108208, -0.727477171547162, 0.20609822715343845]], "T": [0.0678435103173336, -0.08594113613023968, -0.1775932699238082], "aligned_model": [[-0.5744379723067983, 0.05052438249937091, -0.24215572113969264, 0.46559063209351914, -0.05527835980887691, -0.7596755384437104, 0.3597012461250348, 0.07454136211679302, -0.17382516878806295, 0.7462619303997146, 0.09599726620078353], [-0.5238925043642745, -0.6505959936712181, 0.40402864534346206, 0.42003848798864296, -0.5587033547674902, -0.02338377481935422, -0.200732580946693, 0.5981040767052143, -0.008942909274947924, 0.06153925730455084, -0.09989490175022082], [-0.21262018747691802, -0.4632612697377307, -0.3684505915649993, -0.5304213145199557, 0.24080230587607787, 0.2497737444238926, 0.4585289344870228, 0.24085617135287762, 0.5741106203331902, -0.04008220472623453, -0.12532698606404147]], "inverted": false, "swapped": false, "error_lsq": 0.054137404915739, "error_max": 0.2642805514017332, "target": "732.xyz", "model": "6.xyz", "model_rescale": 3.89814844738969, "target_rescale": 3.8607696444770925},
{"mapping": [10, 9, 4, 11, 5, 2, 6, 7, 0, 8, 12], "R": [[0.7568408953422956, 0.4982328316819237, -0.4230318008988031], [-0.6311935058400417, 0.7251695428170177, -0.27517974554082825], [0.16966619381252662, 0.47528221048632757, 0.8633192938145196]], "T": [0.013723592302118072, 0.049626236256137934, 0.10086652938571392], "aligned_model": [[-0.3984070690588142, 0.29274624156271317, -0.4295445979200586, 0.2738023697850599, -0.09941870214169977, -0.6824857504053495, 0.41925997381925917, 0.1753706323274854, -0.11055204235322409, 0.661270474157842, -0.11479747082513843], [-0.3206461975454006, -0.6804714806184746, 0.4278229204280929, 0.240252825889388, -0.7092531141766989, -0.07814556729974853, -0.3497114324361055, 0.682194406645742, 0.16914106899796927, 0.024038268206397068, 0.012342749656510416], [-0.380745665004142, -0.33162574112173815, -0.17477158119184885, -0.6416702724300513, 0.2186695714493724, 0.12355489344922618, 0.4661684875753823, 0.17159434433105294, 0.6676841004383525, -0.09333713691528148, -0.0016117781971428935]], "inverted": true, "swapped": false, "error_lsq": 0.050106189852114374, "error_max": 0.32697030094245316, "target": "732.xyz", "model": "7.xyz", "model_rescale": 3.7474275329858107, "target_rescale": 3.8607696444770925},
{"mapping": [12, 10, 1, 0, 11, 13, 9, 2, 4, 5, 14], "R": [[-0.6240497347971368, -0.7678977708701262, 0.1445508284041115], [0.36553800705712614, -0.45039916097375543, -0.8145689419507978], [0.6906112465753278, -0.45549271046508394, 0.5617672977460004]], "T": [0.08989013965932571, -0.054099403586489445, -0.03920186217685279], "aligned_model": [[-0.43619866687250164, 0.17918983789704301, -0.273195614690918, 0.248309787891423, -0.007854602977639485, -0.7000073796497112, 0.40558561156193196, -0.05594855552568381, -0.19810908356201798, 0.7781076630727326, 0.047365061803416424], [-0.32684747945771536, -0.5740148926478161, 0.4751322273296277, 0.17800950026751844, -0.6508980674836395, -0.1354388450341691, -0.48905712588015504, 0.7518990615852127, 0.28970405234525287, -0.08271126268438501, -0.018212720592060347], [-0.21090414390256926, -0.5841576473714287, -0.4302062558550238, -0.635223597881744, 0.10487199265905092, 0.3821740186551879, 0.5006949695657459, 0.15492965246577528, 0.601954497035796, 0.15716378147693608, -0.017388044464544776]], "inverted": false, "swapped": false, "error_lsq": 0.04880016855598333, "error_max": 0.2265608500696333, "target": "732.xyz", "model": "8.xyz", "model_rescale": 4.019505241142653, "target_rescale": 3.8607696444770925},
{"mapping": [11, 8, 5, 4, 9, 6, 1, 3, 2, 0, 12], "R": [[0.6001065782063697, 0.7958004522027888, 0.08107857341664942], [-0.4898462158274964, 0.2854630002881022, 0.8237484812162001], [0.6323944810266167, -0.5340529147381856, 0.5611280643727635]], "T": [-0.014942881287598702, -0.14113233724317686, 0.09393516110395994], "aligned_model": [[-0.4436338049224084, 0.1059132671528973, -0.3850229429216433, 0.4119385860829201, 0.03720493595023777, -0.669691287306454, 0.29758466352087176, 0.0843633116379375, -0.0002475049685630535, 0.5872918022049213, -0.03845696748264195], [-0.4047533986924065, -0.461070964299201, 0.2792731380604021, 0.27877061636213984, -0.8071000657500106, -0.030276067020710395, -0.4385213812566128, 0.7015423644798572, 0.32662881785255793, 0.10315518464311407, -0.13008379663145836], [-0.27209428026176474, -0.48844787237807485, -0.27596307281676424, -0.47969223853124277, -0.051349563403538634, 0.3890237073659742, 0.6137347305606117, -0.04207379030879932, 0.45581319292546174, 0.11075986675990204, 0.06419854247141624]], "inverted": true, "swapped": false, "error_lsq": 0.05684992025967375, "error_max": 0.30402795930073745, "target": "732.xyz", "model": "9.xyz", "model_rescale": 3.877068213659057, "target_rescale": 3.8607696444770925},
{"mapping": [14, 10, 2, 8, 6, 13, 5, 7, 4, 0, 15], "R": [[-0.27341389348040857, -0.17827375551291524, 0.9452318821047061], [0.8822934146364216, 0.34494595477513346, 0.320266480877214], [-0.38314902236739035, 0.9215371703732806, 0.06297674395616248]], "T": [0.03623044356804825, -0.12151917659488089, 0.027048504659701288], "aligned_model": [[-0.5459091610561148, -0.027413635581831547, -0.42835940891637025, 0.39488143210934856, -0.1267158388507971, -0.7115797236854073, 0.5401999948770726, 0.09620798477973594, -0.16171637530252284, 0.8316402363655313, 0.1260085542094309], [-0.3147929837933344, -0.6066867077023527, 0.31802793300216636, 0.3637273158853238, -0.700654852794688, -0.2698949614725976, -0.11003379000597889, 0.689518085501568, 0.3086959299984274, -0.13270722666019308, -0.12763429421066907], [-0.455942450553358, -0.4865395378491974, -0.14989771700917864, -0.45381347737059435, 0.1625289561031394, 0.15512299930227777, 0.6244413565509954, 0.09710436421552027, 0.5106006721689584, -0.004001852687535022, 0.02430590951215401]], "inverted": true, "swapped": false, "error_lsq": 0.04395100477688323, "error_max": 0.24766828953036885, "target": "732.xyz", "model": "10.xyz", "model_rescale": 4.260839863003843, "target_rescale": 3.8607696444770925},
{"mapping": [9, 8, 10, 7, 2, 4, 3, 6, 5, 1, 11], "R": [[-0.5277171345941518, 0.60461840476673, 0.5966164684896595], [-0.4389639960325519, -0.7954389698844335, 0.4178366371876995], [0.7272037101410251, -0.04139359620190103, 0.6851724849631677]], "T": [0.04379640443647896, -0.03191429621701027, -0.014915985971382347], "aligned_model": [[-0.5909466703351345, 0.05242710265229521, -0.38454657373354556, 0.4085727782192872, 0.0901849805422675, -0.5845711526872523, 0.3301351172225759, 0.07463506439945887, -0.206666440261482, 0.694809842605796, 0.1032100103238086], [-0.39881448040618206, -0.42607508075065603, 0.3046282526083167, 0.31071151932033375, -0.6853583829877609, -0.23593092215500422, -0.16782290960197938, 0.793053112919201, 0.2934001209508096, -0.3469723383743604, -0.023254443775046506], [-0.3283146857591147, -0.615062796379362, -0.32571366602190494, -0.43817876125345256, 0.1881013817897684, 0.3007330091108963, 0.6201998001499698, 0.13250546962108667, 0.5217867209870087, -0.0014781090470385085, -0.030669140814675568]], "inverted": true, "swapped": false, "error_lsq": 0.0446981527886691, "error_max": 0.2648485190798334, "target": "732.xyz", "model": "11.xyz", "model_rescale": 3.890672605050136, "target_rescale": 3.8607696444770925},
{"mapping": [5, 7, 6, 0, 12, 9, 10, 1, 11, 4, 13], "R": [[0.9828283737272943, 0.18380342023512536, 0.016269311799588265], [0.0010587453196568425, 0.0825512798980714, -0.9965862557980311], [-0.18451901488711245, 0.9794904741226739, 0.08093913916041734]], "T": [-0.02756065658999112, 0.0725574020896649, -0.06111055909704187], "aligned_model": [[-0.48533685464134085, 0.12684572418363865, -0.42851683296006293, 0.3344250185192167, 0.02004196184841841, -0.6954930917772458, 0.27796669131242835, 0.2087426976805286, -0.08752110733147686, 0.6541821921164005, 0.061907659997570426], [-0.5089019787909832, -0.6435891006732549, 0.4808066939083512, 0.40664926216453046, -0.648744578736186, -0.1829449481611467, -0.3791562736593854, 0.8137734219674689, 0.22086070990371343, -0.07487384567343346, -0.06631491450200329], [-0.3005225945476527, -0.4972951833483209, -0.1291179432681036, -0.386753829862251, 0.1194153114024072, 0.2461437770196951, 0.6475136708496612, -0.0535061506883409, 0.465361697658755, 0.006326517098856552, -0.09365604993152445]], "inverted": false, "swapped": false, "error_lsq": 0.04704861974402441, "error_max": 0.22071790424845475, "target": "732.xyz", "model": "12.xyz", "model_rescale": 4.124412569039231, "target_rescale": 3.8607696444770925},
{"mapping": [8, 6, 2, 1, 9, 11, 7, 4, 10, 0, 12], "R": [[0.539129264613138, 0.7172236470251647, -0.44150863659233075], [-0.688086206059837, 0.07279777155438, -0.7219680446438719], [-0.48567170914917046, 0.693030103678504, 0.5327591072215334]], "T": [0.23732714710496072, -0.13857124701815005, 0.05722094848360017], "aligned_model": [[-0.3740503373224612, 0.16484382799184183, -0.3878479435956954, 0.15717355284029788, 0.002195103126658493, -0.7485102221063368, 0.25010659844335653, 0.2673582047834094, -0.25256274527323874, 0.7582534056036834, 0.15028461445656036], [-0.27782018251379004, -0.5212314023393484, 0.41431329257624216, 0.15692714081638232, -0.724647808110079, -0.09862082726572319, -0.3347468753881706, 0.646567346391113, 0.13686498650358647, 0.08591701372037297, -0.0659582366429144], [-0.29166789684822025, -0.4867737102806027, -0.15695259211804358, -0.6971797428087533, 0.15656106341023163, 0.18791718700884324, 0.6525607531104713, 0.08774602773925773, 0.5355016682565661, -0.06528720386202998, 0.10148366877546136]], "inverted": true, "swapped": false, "error_lsq": 0.04679345130811779, "error_max": 0.2786870648827348, "target": "732.xyz", "model": "13.xyz", "model_rescale": 3.9028299243045295, "target_rescale": 3.8607696444770925},
{"mapping": [4, 10, 3, 9, 5, 0, 12, 6, 2, 11, 15], "R": [[-0.10347091795508896, -0.9602262749893503, -0.2593439221528203], [0.8464832830731271, -0.2219247703355254, 0.4839581054071361], [-0.5222641291676766, -0.16945470525069878, 0.8357782494496537]], "T": [0.03536701712224262, -0.09005794668315642, 0.051452785068840975], "aligned_model": [[-0.48367583119409724, 0.10425434360840397, -0.4387101000404291, 0.47412051165368196, -0.08361449605524697, -0.7635973186640406, 0.4634726666250528, 0.09953946919261084, -0.21651936467736277, 0.7564796271711202, 0.07549455132838183], [-0.35580647707951407, -0.49573740745448336, 0.27241248753714714, 0.25163456286901137, -0.5809316401466871, -0.11264511074307243, -0.39775220907947106, 0.5534442167194535, 0.2644956308412779, 0.06235994836961667, -0.043909554085607184], [-0.29399694222377953, -0.5698613974562715, -0.12897868817523084, -0.48853522999821053, 0.13504854000065117, 0.271366903319677, 0.5056444656543082, -0.11039629383083695, 0.6455864239787354, 0.10265900768000016, -0.044627566565860935]], "inverted": true, "swapped": false, "error_lsq": 0.04488767619212794, "error_max": 0.26114646465715563, "target": "732.xyz", "model": "14.xyz", "model_rescale": 3.942246331269136, "target_rescale": 3.8607696444770925},
{"mapping": [11, 10, 8, 7, 4, 13, 3, 0, 12, 5, 14], "R": [[-0.31319638510386094, -0.05261435404111517, 0.9482298002629482], [0.9399333069998292, -0.15991614469654813, 0.3015828328299838], [0.1357696680051893, 0.9857274250086732, 0.09953914222823002]], "T": [0.08898128749957, -0.08867271206850388, -0.05924108576506997], "aligned_model": [[-0.5255121402039036, 0.16333474702290368, -0.3950307660219843, 0.2896047873834709, -0.0769550815894962, -0.6013966349145111, 0.3295452615866957, 0.19396744022672546, -0.19572875386271493, 0.6924171506948498, 0.11299804862603965], [-0.30406474881420886, -0.7122012036762737, 0.44632187493113185, 0.4764492681687067, -0.6211555591689474, -0.23502807731228395, -0.3609854443753341, 0.6381889666656057, 0.1348201665727286, -0.042632833957924055, -0.0021479612855295344], [-0.3594328952341543, -0.39789178966720795, -0.3391590205508367, -0.6686398606868345, 0.12128901111616414, 0.34435311366412547, 0.5608578423872405, -0.022261488800793608, 0.6736077279113186, 0.13187418526904945, -0.020687603024889478]], "inverted": true, "swapped": false, "error_lsq": 0.046007832529394395, "error_max": 0.24798218718748552, "target": "732.xyz", "model": "15.xyz", "model_rescale": 4.355366556412066, "target_rescale": 3.8607696444770925},
{"mapping": [7, 3, 10, 6, 5, 9, 0, 8, 1, 4, 11], "R": [[-0.523049688564385, -0.43460081690908253, -0.7331719806666496], [0.7927800601442863, 0.0677446342117829, -0.6057313272178796], [0.3129197972809038, -0.8980717089840153, 0.30910905194155713]], "T": [-0.0037718419590298965, -0.014909409140982051, 0.06828138494272618], "aligned_model": [[-0.5984771469058782, 0.10635086197270781, -0.34778981619664684, 0.4267969190929214, -0.008535334791814052, -0.6237917651630419, 0.3023033180486624, 0.06380644667050685, -0.17326784037317086, 0.7363500743771789, 0.10349834221664965], [-0.4722977758923251, -0.3807642889118601, 0.38527885835866343, 0.30454926674306415, -0.6525578519113173, -0.2559273023860273, -0.305734563702422, 0.7482865902566554, 0.2643410065568712, -0.2064066873848034, -0.01120280397882762], [-0.4191430728026477, -0.46561018257422815, -0.2763006554284572, -0.5551387457942509, 0.16389338463730863, 0.3960574902308077, 0.6389413401586367, 0.06935712758662024, 0.5017413891633891, -0.031107107956448804, 0.0012182551624520671]], "inverted": false, "swapped": false, "error_lsq": 0.037607285143809795, "error_max": 0.2137420013008498, "target": "732.xyz", "model": "16.xyz", "model_rescale": 3.795458400668931, "target_rescale": 3.8607696444770925},
{"mapping": [10, 9, 4, 11, 5, 2, 6, 7, 0, 8, 12], "R": [[0.7568408953422956, 0.4982328316819237, -0.4230318008988031], [-0.6311935058400417, 0.7251695428170177, -0.27517974554082825], [0.16966619381252662, 0.47528221048632757, 0.8633192938145196]], "T": [0.013723592302118072, 0.049626236256137934, 0.10086652938571392], "aligned_model": [[-0.3984070690588142, 0.29274624156271317, -0.4295445979200586, 0.2738023697850599, -0.09941870214169977, -0.6824857504053495, 0.41925997381925917, 0.1753706323274854, -0.11055204235322409, 0.661270474157842, -0.11479747082513843], [-0.3206461975454006, -0.6804714806184746, 0.4278229204280929, 0.240252825889388, -0.7092531141766989, -0.07814556729974853, -0.3497114324361055, 0.682194406645742, 0.16914106899796927, 0.024038268206397068, 0.012342749656510416], [-0.380745665004142, -0.33162574112173815, -0.17477158119184885, -0.6416702724300513, 0.2186695714493724, 0.12355489344922618, 0.4661684875753823, 0.17159434433105294, 0.6676841004383525, -0.09333713691528148, -0.0016117781971428935]], "inverted": true, "swapped": false, "error_lsq": 0.050106189852114374, "error_max": 0.32697030094245316, "target": "732.xyz", "model": "17.xyz", "model_rescale": 3.7474275329858107, "target_rescale": 3.8607696444770925},
{"mapping": [4, 0, 9, 2, 8, 5, 3, 7, 12, 1, 13], "R": [[-0.08557593141511821, -0.44805789558386105, 0.889899366314752], [-0.25300484032354403, -0.8541258461095812, -0.4543760444614684], [0.9636728234910918, -0.2640325002959941, -0.04026820150134458]], "T": [0.03764064569799524, -0.019615702018338593, 0.09740577275676517], "aligned_model": [[-0.5392691152354072, 0.28424015726936913, -0.4428085471028595, 0.3049078074545252, -0.09409142497502979, -0.6295234753618217, 0.44842528450273983, 0.25409890828653453, -0.3855665264024317, 0.7235641963712262, 0.06326679414123028], [-0.4418276468016018, -0.5110468480370038, 0.3493180162032976, 0.2148120110064149, -0.7234695336344801, -0.14519771345222368, -0.44483823563883695, 0.6974454730156205, 0.474979143128501, -0.02437274300013323, -0.028237475041882815], [-0.32465823120792386, -0.5325358915236746, -0.1868135977165376, -0.5169594569090056, 0.16136588919016046, 0.34708783187394543, 0.430618855832226, 0.17733307630421383, 0.46552063519841275, 0.007936951357342625, -0.004986840015977878]], "inverted": true, "swapped": false, "error_lsq": 0.047265750658536, "error_max": 0.3219925047390601, "target": "732.xyz", "model": "18.xyz", "model_rescale": 3.922800546911778, "target_rescale": 3.8607696444770925},
{"mapping": [12, 5, 13, 8, 3, 7, 2, 4, 11, 1, 14], "R": [[0.19440039989455987, 0.44725051982320996, 0.8730266072913836], [-0.268728508556499, 0.880238982130245, -0.3911065366716723], [-0.9433946540074493, -0.15857587097720446, 0.29130777527211005]], "T": [0.11914630487137445, -0.032738953151491355, 0.021841762861617216], "aligned_model": [[-0.45957583514017364, 0.2210089264213258, -0.4034892512098083, 0.22623437871858193, -0.14201461972292134, -0.6045056794799344, 0.44040270982090673, 0.12534936731079366, -0.29338520882436986, 0.8374514428271431, 0.039767828226531285], [-0.36550993854264785, -0.5084615990369478, 0.3740980064172673, 0.2321282744325581, -0.601710826721062, -0.20530836124354757, -0.298649837767675, 0.682350864107324, 0.36464947985327845, -0.19484934217212616, -0.061172271578749965], [-0.394040673060803, -0.5662447024718633, -0.16022830790441078, -0.5192387766269633, 0.15304855436605974, 0.31297510687055374, 0.6042631622876058, 0.13353426198887233, 0.4450955830342368, -0.05392745578136667, 0.06867246968125992]], "inverted": true, "swapped": false, "error_lsq": 0.03949816604565002, "error_max": 0.21244036786418016, "target": "732.xyz", "model": "19.xyz", "model_rescale": 3.9282355846067225, "target_rescale": 3.8607696444770925},
{"mapping": [8, 9, 7, 12, 4, 6, 0, 2, 5, 10, 13], "R": [[0.11863653485472987, 0.7435542774171872, -0.6580671767625759], [-0.878806147055344, 0.38712653424821053, 0.27898530853561143], [0.46219598494080816, 0.5452156298342646, 0.6993674202370471]], "T": [-0.06588542258568267, -0.09862741980773396, 0.04988970887652827], "aligned_model": [[-0.4313959483051515, 0.09981755217513305, -0.24624724159436587, 0.2247368635251831, -0.11993482344804204, -0.6991620120508457, 0.4415639179133318, 0.262548528477745, -0.35148370705729937, 0.7492716803839576, 0.057529248928428894], [-0.6590348239702472, -0.3600337501117399, 0.41105040526609093, 0.1793167552381967, -0.6920701682067915, -0.03168992237476681, -0.4624492516556078, 0.624647344288438, 0.32936023801401315, 0.1472500802821229, -0.0687824590220369], [-0.31200416517537755, -0.5686845226189279, -0.2596194270977064, -0.6991630714008674, 0.26029933693286245, 0.1959177429311133, 0.5502154324754767, 0.26834099811596135, 0.522065880350393, -0.08163025698102094, 0.1481712748512751]], "inverted": true, "swapped": false, "error_lsq": 0.055836200780487184, "error_max": 0.2617546636416448, "target": "732.xyz", "model": "20.xyz", "model_rescale": 4.067790424073018, "target_rescale": 3.8607696444770925},
{"mapping": [3, 2, 12, 0, 6, 11, 5, 9, 10, 8, 14], "R": [[0.4577710922725226, -0.6600614312761075, 0.5956211329539592], [-0.8330349192111346, -0.55251403860764, 0.027947459927045656], [0.31064199724847275, -0.5089667416277921, -0.8027791760268002]], "T": [0.11839898509194123, -0.08824045646928017, 0.07355890933218073], "aligned_model": [[-0.494971308519474, 0.18262198952341102, -0.43700257375875096, 0.3049084788539665, -0.11480551954454067, -0.5080920128631387, 0.4950784421687357, 0.02998274616732778, -0.2336659591112345, 0.6855268684723822, 0.07766290755939065], [-0.2995517164802266, -0.553645378849339, 0.3825259013036667, 0.0716815380346745, -0.7893065674128072, -0.1287764313362034, -0.29013367888162356, 0.67738162326783, 0.4189381713487128, -0.038209591339246764, -0.033339421907766086], [-0.47677685268810827, -0.5034987961576072, -0.16502443399484654, -0.5928472685589528, 0.11453292303773396, 0.22814907138004237, 0.4807662695532077, 0.17383502404719203, 0.6121746685720502, 0.04145325326016064, 0.1111453639323091]], "inverted": true, "swapped": false, "error_lsq": 0.04686674199003742, "error_max": 0.263456543727256, "target": "732.xyz", "model": "21.xyz", "model_rescale": 4.186013935880536, "target_rescale": 3.8607696444770925},
{"mapping": [4, 3, 7, 0, 11, 10, 8, 1, 9, 2, 12], "R": [[0.7298727841271533, 0.12185368478336195, -0.6726346694121523], [-0.6808753000253303, 0.04209604038462693, -0.7311885866172644], [-0.06078276734317789, 0.9916549817797787, 0.11369191838232025]], "T": [0.05324717153657466, -0.067463826155007, -0.03206524692192876], "aligned_model": [[-0.5566774916314753, 0.1269223187348113, -0.4882535980947418, 0.4100116035826949, -0.014916623075694128, -0.7251779861553095, 0.4129153865804217, 0.1273873827640996, -0.10911012588204427, 0.7625810407152526, 0.041562151410060116], [-0.37927418045463657, -0.7118239765272237, 0.38698986891276355, 0.3695103662082106, -0.6565015879608502, -0.009475325413498756, -0.28681360966614305, 0.6591752662265754, 0.09598974489834568, 0.053941136757314836, -0.10415325523318616], [-0.27368965996693984, -0.6891121432955443, -0.22846406415053438, -0.48324274662874533, 0.1855449343258211, 0.26287718863454246, 0.6083975375272591, 0.008209986588930143, 0.5444534416937664, 0.146275718313924, -0.0573409706592978]], "inverted": false, "swapped": false, "error_lsq": 0.04265419525639961, "error_max": 0.20836857652218896, "target": "732.xyz", "model": "22.xyz", "model_rescale": 4.166573947596378, "target_rescale": 3.8607696444770925},
{"mapping": [2, 1, 12, 13, 4, 11, 8, 14, 9, 7, 15], "R": [[0.907399714736171, -0.12079964086068945, -0.40253348241437564], [-0.41257042029833024, -0.4385242265452427, -0.7984247935953368], [-0.08007125571374032, 0.8905638379705441, -0.44775511667383516]], "T": [-0.010148172713041545, -0.06596736886416171, -0.0039255093296899045], "aligned_model": [[-0.43610608974543413, 0.08266480549765286, -0.4536157316149133, 0.4949978724481338, 0.04295618026510254, -0.7436233065934459, 0.37381745505333, 0.026793490061003934, -0.11064276217390474, 0.699818161485633, 0.010183984264916882], [-0.5283070113962143, -0.5547651607981505, 0.3548438426237791, 0.4806560740235601, -0.7723098442611334, 0.09633285614311737, -0.3906585702256625, 0.724341171992682, 0.19011176719492334, -0.08295371511380928, -0.09972696243542017], [-0.2439487312267618, -0.5143777897078461, -0.2397979403530793, -0.4074641365258255, 0.19130191832699198, 0.23642047538425032, 0.6294978567325258, -0.008973976469443947, 0.5297162055375225, -0.08788333204918916, -0.06058132726596353]], "inverted": true, "swapped": false, "error_lsq": 0.04838371668420438, "error_max": 0.2802087041086846, "target": "732.xyz", "model": "23.xyz", "model_rescale": 4.274766983524099, "target_rescale": 3.8607696444770925},
{"mapping": [7, 5, 8, 6, 4, 9, 2, 0, 1, 3, 10], "R": [[0.606436425411376, 0.4527148488140798, 0.6536697389335973], [-0.7950190464689015, 0.3590854513813701, 0.48887867038552246], [-0.013400659907303047, -0.8161537258810269, 0.5776794249794313]], "T": [0.02489093906733539, 0.0386268823049955, -0.04507023608469267], "aligned_model": [[-0.4099074411482222, 0.21242464172398892, -0.5159716638161538, 0.24965647963995363, 0.02798783977057365, -0.7429702408875809, 0.4862009177662936, 0.31197890732228045, -0.18001121368573836, 0.5744154610650635, -0.02655962880238324], [-0.24699428353855696, -0.6318961271257575, 0.45163675158963634, 0.2232936740142399, -0.6059297682287366, -0.2029356717334606, -0.33621261214251214, 0.6808619314799578, 0.09531145076614427, -0.07984184358838156, 0.07027094625509836], [-0.40618433808833243, -0.4710643121046803, -0.33125482752863705, -0.6536700092752693, 0.22366335014763689, 0.23724553897213746, 0.7133227871722707, 0.18138943417632558, 0.571197033855338, -0.04357207044374263, 0.0028366355001347224]], "inverted": true, "swapped": false, "error_lsq": 0.04930853644180668, "error_max": 0.20226517173793182, "target": "732.xyz", "model": "24.xyz", "model_rescale": 3.7841303162186577, "target_rescale": 3.8607696444770925},
{"mapping": [12, 14, 3, 11, 9, 5, 8, 6, 4, 7, 15], "R": [[0.4010447418798013, 0.4907759964478907, -0.7734998618753233], [0.864319392948067, -0.482479372323785, 0.14200578247357265], [-0.30350469845531025, -0.7255016034390461, -0.6176830266592445]], "T": [0.17667037565581045, -0.1315734881223936, 0.06738502903851044], "aligned_model": [[-0.463449067383889, 0.04132666810362065, -0.3730610559624218, 0.3503765816623098, 0.03212124791467216, -0.6897318529628714, 0.25682088378950824, 0.1589235563350822, -0.24515121217298863, 0.7552764190457794, 0.16379189057927415], [-0.4284764959892918, -0.6762525825572789, 0.41320437466138754, 0.2964844665810065, -0.6962383563413523, -0.06295839366560828, -0.3759411234995157, 0.5903414871942176, 0.2804801392034789, 0.14062724234901547, -0.06370631018838752], [-0.21058548916489478, -0.4932447304482496, -0.15625378902502696, -0.5458197577763477, 0.01839681826626819, 0.1856131665564103, 0.5996614031760135, 0.09084288615810168, 0.5245312847461746, -0.05062924545273968, 0.06139667534747262]], "inverted": false, "swapped": false, "error_lsq": 0.044195693435437, "error_max": 0.2309560800265279, "target": "732.xyz", "model": "25.xyz", "model_rescale": 4.19342608120988, "target_rescale": 3.8607696444770925},
{"mapping": [7, 3, 10, 6, 5, 9, 0, 8, 1, 4, 11], "R": [[-0.523049688564385, -0.43460081690908253, -0.7331719806666496], [0.7927800601442863, 0.0677446342117829, -0.6057313272178796], [0.3129197972809038, -0.8980717089840153, 0.30910905194155713]], "T": [-0.0037718419590298965, -0.014909409140982051, 0.06828138494272618], "aligned_model": [[-0.5984771469058782, 0.10635086197270781, -0.34778981619664684, 0.4267969190929214, -0.008535334791814052, -0.6237917651630419, 0.3023033180486624, 0.06380644667050685, -0.17326784037317086, 0.7363500743771789, 0.10349834221664965], [-0.4722977758923251, -0.3807642889118601, 0.38527885835866343, 0.30454926674306415, -0.6525578519113173, -0.2559273023860273, -0.305734563702422, 0.7482865902566554, 0.2643410065568712, -0.2064066873848034, -0.01120280397882762], [-0.4191430728026477, -0.46561018257422815, -0.2763006554284572, -0.5551387457942509, 0.16389338463730863, 0.3960574902308077, 0.6389413401586367, 0.06935712758662024, 0.5017413891633891, -0.031107107956448804, 0.0012182551624520671]], "inverted": false, "swapped": false, "error_lsq": 0.037607285143809795, "error_max": 0.2137420013008498, "target": "732.xyz", "model": "26.xyz", "model_rescale": 3.795458400668931, "target_rescale": 3.8607696444770925},
{"mapping": [7, 0, 5, 6, 3, 10, 9, 8, 11, 1, 12], "R": [[-0.9060322737419546, 0.3589122295812389, -0.22424881358662418], [0.17483464522522985, -0.16511616949605523, -0.9706541595233178], [-0.38540675366027577, -0.9186504569355933, 0.08685028615424067]], "T": [0.10189016869480187, -0.07817838863406637, 0.16810680309504328], "aligned_model": [[-0.4753800164561805, 0.29308067435844853, -0.3381257627033073, 0.23229640211592723, -0.126448414574015, -0.6075391391749584, 0.32178469403609283, 0.19196419375383705, -0.13619740264934432, 0.6301811240918613, 0.0016277061497139006], [-0.3452727703589955, -0.6467647024774821, 0.32389799864579727, 0.33357947453020864, -0.7773491705054805, -0.058615773575869196, -0.30782191473314924, 0.6392039165950256, 0.2890889358575003, 0.07764966469148935, -0.11003121092137343], [-0.3374896992822423, -0.4075918909689176, -0.2918725733861879, -0.5351972819799486, 0.10408908667246054, 0.23146127994356583, 0.456697410636447, 0.07865844782771235, 0.7337954210339115, -0.04864064162728601, 0.03999966351366652]], "inverted": true, "swapped": false, "error_lsq": 0.04516386913574809, "error_max": 0.2594725606306087, "target": "732.xyz", "model": "27.xyz", "model_rescale": 3.6321398670334006, "target_rescale": 3.8607696444770925},
{"mapping": [0, 3, 11, 1, 8, 10, 12, 13, 9, 4, 14], "R": [[0.6793164578361633, -0.5915174770727005, 0.4343227192197936], [0.040734021002537035, -0.5605384769257687, -0.8271259610353823], [0.7327140572187034, 0.5795719888014663, -0.3566881272916441]], "T": [0.02226041612082431, -0.09594242787049227, -0.01847192335753832], "aligned_model": [[-0.4540256146010807, 0.15145060237038319, -0.4364972020318939, 0.3740710420639162, -0.07326062089518628, -0.7036556509970913, 0.34983277441075744, 0.1011317112742527, -0.19704882661685127, 0.8325935337183192, 0.04265231025254944], [-0.2650957056031851, -0.5676647810828429, 0.34879451690495117, 0.14921004843747798, -0.5530944202318447, -0.21762617074892238, -0.3887957654820402, 0.7101576235219021, 0.23143947430769402, 0.010620873902987618, -0.04038124617850612], [-0.3844643820111363, -0.5004968160953093, -0.0838656092711043, -0.5316938470707646, 0.2027008669264272, 0.23234785898779536, 0.6818444362929399, 0.08379907869118473, 0.5212471770977346, -0.15438275294403564, -0.04312678822055018]], "inverted": false, "swapped": false, "error_lsq": 0.043457964237770916, "error_max": 0.20589414378598142, "target": "732.xyz", "model": "28.xyz", "model_rescale": 4.156811204709835, "target_rescale": 3.8607696444770925},
{"mapping": [0, 5, 4, 6, 7, 2, 1, 3, 9, 10], "R": [[0.454023274858542, -0.14011627443339614, 0.8799035717200094], [0.7386483644903947, -0.4930693886350627, -0.4596533167798424], [0.4982584264439384, 0.8586326383442168, -0.12036832161187505]], "T": [-0.10530521178237441, -0.08862972122676602, 0.032042064897188124], "aligned_model": [[-0.5982962512406563, -0.19657507202471475, 0.17502151607346367, 0.6164087704927198, -0.04979070167402154, -0.5567319711275013, -0.4811685070780628, -0.5161937471437751, 0.2313128345290742, 0.018938503304062257], [-0.09640724906042106, -0.6705460764501391, 0.1291535318748002, 0.08780242237407812, -0.3810549063430566, -0.4234335610908244, 0.5404537074045245, 0.27805777171800683, 0.49187206960124863, -0.03717737940201316], [-0.5365700212510812, -0.4798381180067968, -0.6093874837032329, -0.0995649111104447, 0.6854128917832496, 0.1878511222665331, -0.3054373444204762, 0.561702619839866, 0.3224529953287965, 0.032164976248685986]], "inverted": false, "swapped": true, "error_lsq": 0.04543227041217914, "error_max": 0.20315626481408622, "target": "732.xyz", "model": "29.xyz", "model_rescale": 4.117894457231895, "target_rescale": 3.8607696444770925},
{"mapping": [0, 1, 3, 4, 5, 2, 6, 12, 11, 7, 14], "R": [[0.6078806117564198, -0.37221328168713286, 0.7013832296158329], [0.5831408541263235, 0.8087904729690761, -0.07618868080811081], [-0.5389136351025672, 0.45531883748660507, 0.7087008184914028]], "T": [0.11514366610041922, -0.02896953522010412, 0.11656389592959444], "aligned_model": [[-0.41668169760144286, 0.1385979251370843, -0.3083311153817021, 0.30854483366544955, -0.21432911299913399, -0.7125554623720536, 0.41646050045742833, 0.03960307451523448, -0.17568500255068348, 0.7457136499098503, 0.16590646616804383], [-0.33278003906896014, -0.4511614658376647, 0.17829654557100896, 0.276573252997661, -0.7651218297630982, -0.1623170063312894, -0.44479492543122445, 0.7305487533923684, 0.4130205832925874, -0.006161234034310875, -0.01853818703940667], [-0.3515636630723598, -0.6327239655183438, -0.16176339749305524, -0.5681022162077796, 0.3298225618765063, 0.17035476613188644, 0.5013844429751078, 0.04442852910073625, 0.6121111196496198, -0.05333294856638966, 0.13329399350725302]], "inverted": false, "swapped": false, "error_lsq": 0.042657422359141876, "error_max": 0.22197977313963055, "target": "732.xyz", "model": "30.xyz", "model_rescale": 4.100398675895297, "target_rescale": 3.8607696444770925},
