[{"mapping": [13, 10, 4, 8, 7, 9, 3, 1, 2, 5, 0, 11, 12, 14], "R": [[-0.5126556225607684, -0.6878047073824213, 0.5139152626254769], [0.4359894999937838, 0.30710070643825843, 0.8459328058423394], [-0.739660306189268, 0.6577338676149378, 0.1424387266170754]], "T": [0.048636387586778775, 0.07128051159135962, 0.25865170994802966], "aligned_model": [[0.08027706062280504, 0.29315842086588617, -0.5424639953904311, -0.4249823486675874, -0.5475330002285002, 0.11488699988496584, -0.7598158181609598, 0.11017540755663988, -0.49434649307104617, 0.3145246073054815, 0.6076514546046571, 0.15725245546785882, 0.5177760726477142, -0.05506872230917984], [-0.4970510491075827, -0.31747666904825556, -0.45115735496991194, -0.28589245635407406, 0.29498009961486454, 0.21831404097070192, 0.1044720058174699, 0.507653398421023, 0.7966878794171469, -0.27388105743284974, 0.6036933037552212, 0.597133373045248, -0.20665251069592172, 0.14445032837695487], [0.21096084163019785, -0.3243786092510361, 0.2759896393843818, -0.37066301609174435, 0.5510243453845352, -0.5996847686684114, 0.01174054811011313, 0.5869648958134734, 0.16644376266726243, 0.769998384601589, 0.29783644794774405, -0.12469214430840803, 0.2599040304533888, 0.1861437295067484]], "inverted": true, "swapped": true, "error_lsq": 0.04729881411360591, "error_max": 0.23108012871505793, "target": "733.xyz", "model": "0.xyz", "model_rescale": 3.8414455957264533, "target_rescale": 4.169507184010497},
{"mapping": [0, 4, 2, 6, 10, 1, 3, 5, 8, 9, 13, 7, 11, 12, 14], "R": [[-0.6068842131533527, 0.30091806131835847, -0.7356220987692234], [-0.18103744255442508, 0.8488865206065206, 0.4966055975579704], [0.7738972775624614, 0.43455724076921826, -0.4606983918752641]], "T": [-0.15643151647285164, -0.025120548222651615, 0.01860699397205485], "aligned_model": [[0.14322949967266235, -0.041041767165149234, -0.5877514444226606, -0.7180454005362529, -0.01944238288886546, 0.6929263384839275, 0.3603335725883903, -0.174521294526443, -0.43384649405537573, -0.7487700148678202, -0.1854954408926321, -0.458718662094695, 0.5136458232158154, 0.18111801489562301, -0.07389601902262194], [0.3054395795978324, -0.3013470809125559, -0.5455130023079691, -0.44391277384813355, -0.320376884469417, -0.14758772653510432, -0.5998602416199671, -0.6611587381321918, 0.3601454201233562, 0.3045905571337908, 0.73141695626825, 0.14805913200692758, 0.46863052797060534, 0.278756408007366, -0.0508995328577003], [-0.5527516034123813, -0.43548698665421337, -0.27763537487963946, 0.3639040990374155, 0.6206360411088486, -0.0913517056753444, -0.10790391307213054, 0.19021983116397687, 0.6502029576607661, -0.058434360619283275, 0.059267702713175476, -0.521380304103095, 0.20155954444275284, 0.6318024385183888, 0.04284198271184003]], "inverted": false, "swapped": false, "error_lsq": 0.04641038612944938, "error_max": 0.2744225461027523, "target": "733.xyz", "model": "1.xyz", "model_rescale": 4.316132596720782, "target_rescale": 4.169507184010497},
{"mapping": [3, 8, 9, 1, 2, 7, 0, 6, 10, 4, 12, 14], "R": [[-0.21608035779276985, -0.7720232970657177, -0.5977368214891297], [-0.9234926696978298, -0.03714325046935285, 0.3818136560666029], [-0.3169709260965802, 0.6345080044667285, -0.704931928825136]], "T": [0.024691920558299572, 0.17584435105384572, -0.07242879570137419], "aligned_model": [[-0.16665008954801233, 0.43771382808996634, 0.295546160910314, -0.46212957146949313, -0.7241739055691067, -0.4886309484956029, -0.25083725040205435, -0.3579623716468684, 0.6843849160693651, 0.25665721764628346, 0.41373304028054714, -0.03984247123355767], [-0.5652684211742953, -0.5696122855797519, -0.4035015719618687, 0.41298977726171043, -0.33343360549355777, -0.05051207171410113, 0.5439350498998793, 0.6142442618595385, -0.03448244977049841, -0.17515820990515513, 0.5281897235241224, 0.04538623079495771], [0.2878514564861293, 0.0746479447115017, -0.6671941232749525, -0.1660491838684115, -0.16930242967139747, 0.3473373351143298, -0.6937898690538714, 0.48642671436419727, -0.3396652301406363, 0.5951271151533973, -0.2202128372874202, -0.0859184313234451]], "inverted": true, "swapped": true, "error_lsq": 0.05794677520189529, "error_max": 0.3383663871807901, "target": "733.xyz", "model": "2.xyz", "model_rescale": 3.795458400668931, "target_rescale": 4.169507184010497},
{"mapping": [6, 1, 2, 9, 4, 8, 11, 12, 11, 10, 3, 14], "R": [[-0.5371274311894669, -0.8094554770354327, -0.2372255326922986], [0.33187980429051156, 0.055749940407790965, -0.941672841091119], [0.7754675481075249, -0.5845286775187921, 0.23869710302019947]], "T": [0.1679420685436599, -0.1003712249667756, -0.11515367112862843], "aligned_model": [[-0.07735211000245032, -0.1420428759767236, -0.6978819244212429, 0.2594807892779071, 0.10227372831725115, 0.18198200283931903, -0.04956136430123942, 0.6908625549171404, -0.04956136430123942, 0.7057702549557077, -0.3871966165840842, 0.056530751023219264], [-0.23278619071812034, -0.5325728338068548, -0.15324484310221048, 0.054780209470440835, 0.6346061718851572, 0.670116202106055, -0.37791388510943663, -0.24921988768799302, -0.37791388510943663, 0.1770335381608404, 0.5230281023543621, -0.050143653153094055], [-0.8722767212892919, -0.25338897356170664, 0.16251836065837047, 0.7394211985660721, -0.39468450337920935, 0.2773718258015859, 0.4424604617616621, -0.1568504074576527, 0.4424604617616621, 0.3145380353982894, 0.02216378980656286, -0.034962097427243335]], "inverted": true, "swapped": true, "error_lsq": 0.051619091411198824, "error_max": 0.39049624045779147, "target": "733.xyz", "model": "3.xyz", "model_rescale": 3.7530521520055578, "target_rescale": 4.169507184010497},
{"mapping": [2, 0, 1, 5, 7, 10, 3, 9, 8, 13, 14], "R": [[0.860420198812429, -0.44167758025607096, 0.2541613593265554], [0.3766125954836351, 0.8871462307673598, 0.26671055126924836], [-0.34327836284662644, -0.13376277634083633, 0.9296598761197191]], "T": [0.07180133844848588, 0.01851391188908623, -0.0885636076576003], "aligned_model": [[-0.34366132567756613, -0.13153452915171612, 0.16631858363402027, 0.6859244701346884, 0.22656248121580683, -0.2691906978002653, -0.168625196835167, -0.7591213026041028, -0.32957941315170236, 0.2878394256950919, -0.026732893013882306], [-0.7920039667899862, 0.024889582930876272, -0.3420711003067839, 0.24887659738877416, -0.627058930713884, 0.6388097796691516, -0.45737634058308096, 0.25962458599561766, 0.1553474175258135, 0.4323314050833294, -0.07416567188548107], [-0.08823713560791874, -0.834291806045504, -0.4923492372858282, -0.23380233545769907, 0.13554774008028542, 0.13460671069383695, 0.5682356880492166, 0.030527619279515306, 0.6651567282447026, 0.24061558546194878, -0.0331787801672391]], "inverted": false, "swapped": true, "error_lsq": 0.04968437987566113, "error_max": 0.23830196745530974, "target": "733.xyz", "model": "4.xyz", "model_rescale": 3.7855080009869324, "target_rescale": 4.169507184010497},
{"mapping": [2, 9, 15, 13, 6, 5, 10, 8, 11, 12, 1, 14, 0, 4, 16], "R": [[-0.4165929506351762, 0.2934129000503665, -0.860441272583499], [-0.44228935931249463, -0.8923304053491148, -0.09014749208063093], [-0.7942483466271871, 0.34300920945875213, 0.5015119600831683]], "T": [-0.0720188591033981, -0.0686830702751372, 0.056591816402137576], "aligned_model": [[-0.018602954519326573, 0.023843667501804236, -0.4342297610755037, -0.723294005887955, -0.14864338161502555, 0.737234541216385, 0.30542742190867644, -0.25651089903601054, -0.5672085069612726, -0.6209298398611008, -0.04981076695018757, -0.5000950936489672, 0.46443933299856477, 0.33074689239310606, -0.09264231807928433], [0.386062082189137, -0.24993254472310664, -0.7063875857392655, -0.2648924282459672, -0.14095472674055726, -0.07185598202727823, -0.6601147297839769, -0.719790946961565, 0.2761294550122032, 0.3327971263899869, 0.6687922671267347, 0.0024450302988664463, 0.49758663940626136, 0.23966006890470604, -0.06316112468108977], [-0.5231833771223877, -0.6252241582231597, -0.3195123182933889, 0.3060115628153413, 0.7007832152026586, 0.04237523027236452, -0.1401495649975527, 0.24980437831780355, 0.5745954489759849, 0.03259911127113897, 0.22612313019483893, -0.46243508970089925, 0.05158109344519869, 0.5948343656376321, 0.0072873211455032755]], "inverted": false, "swapped": false, "error_lsq": 0.04927402732763306, "error_max": 0.3086514012613055, "target": "733.xyz", "model": "5.xyz", "model_rescale": 4.2253639853439635, "target_rescale": 4.169507184010497},
{"mapping": [10, 8, 2, 11, 9, 7, 1, 0, 4, 13, 3, 6, 5, 14], "R": [[0.6994081693823765, 0.666889225786691, -0.2570738670709667], [0.5170752510295454, -0.22381959725186046, 0.8261585638718197], [0.49341807564572027, -0.7107485831260186, -0.5013731686183769]], "T": [0.17749140715156198, -0.02565297885339085, 0.08222743466586147], "aligned_model": [[0.4560255964672529, -0.2403159737801117, -0.5606410465828441, 0.08271440990322006, 0.09844217942532879, -0.42015575227902946, 0.1462320521105046, 0.5571077301846834, -0.22898336620502407, 0.3681367359621649, -0.6281914108197779, 0.10464245798889499, 0.5897564624019084, 0.04929207798061219], [-0.00988970704910555, 0.16911118333283737, -0.5140940227532038, -0.667542424853576, -0.5258491033010444, 0.09027319204017767, -0.28302908956394685, -0.640246758949979, 0.6137503851206803, 0.4310336091849806, 0.09762222355255196, 0.37258946150026906, 0.39699364478237337, -0.08562344640802452], [-0.6055354227257331, -0.6495021426641522, 0.2970166124733697, -0.03721482169064727, -0.6293233854438032, 0.4290994547662413, 0.5667666856145822, 0.35729579500239306, -0.13818850789136544, -0.20302338988359503, -0.14435629688834792, 0.7801058335113796, 0.40272054152528447, 0.04569725322584195]], "inverted": false, "swapped": true, "error_lsq": 0.049345248256622225, "error_max": 0.33772768399965447, "target": "733.xyz", "model": "6.xyz", "model_rescale": 3.89814844738969, "target_rescale": 4.169507184010497},
{"mapping": [5, 6, 4, 0, 13, 7, 1, 12, 11, 2, 3, 9, 14], "R": [[-0.2825150435607964, -0.4324375204826563, -0.8562610822877875], [0.567508591305325, 0.6443094632014086, -0.5126395560467003], [0.7733816968072665, -0.6307639071062363, 0.06338489201370068]], "T": [0.0114508087003736, -0.02188098700305939, -0.017699703104144853], "aligned_model": [[0.2494536907331208, -0.12338299900897959, 0.5188692288746996, -0.516976581746332, 0.5780804174978437, -0.2668912692214137, -0.481013723047525, 0.2847068395523741, -0.42812646786677866, -0.6826776448368325, 0.025865324057561062, 0.036918708293443875, -0.04619372237695891], [-0.3264166245073241, 0.10196634539440784, 0.5604945734593128, -0.576033814750411, -0.056767183107522504, 0.5552568392792215, -0.10084439803382352, -0.4931914699136488, -0.09766103888777082, 0.5345748370625536, 0.8020124877384782, -0.02703368425898097, 0.08742439599599286], [-0.5671732233302474, -0.8034604509305779, -0.1789660803002801, 0.08801598461592446, -0.08086736692800148, -0.30121128970046557, -0.24844059683720657, -0.04089340020188779, 0.46840768663553645, 0.17746988822259194, 0.17375141371899588, 0.8552689954851052, 0.06037347038680907]], "inverted": true, "swapped": true, "error_lsq": 0.05387875529519123, "error_max": 0.30931037123202326, "target": "733.xyz", "model": "7.xyz", "model_rescale": 3.7474275329858107, "target_rescale": 4.169507184010497},
{"mapping": [13, 12, 10, 6, 3, 2, 1, 0, 5, 9, 8, 11, 4, 8, 14], "R": [[0.7533100525020351, -0.02289479406702777, -0.6572669116911408], [0.5827219836501395, -0.44008013513733313, 0.6832017011310448], [-0.3048918735719731, -0.8976665879167697, -0.3181754898914071]], "T": [-0.14376022124335117, -0.09246545564956248, -0.03183135284051933], "aligned_model": [[0.2899755393131479, -0.10737419518983865, -0.7075172821784593, -0.6330118494276271, -0.06538434299729898, 0.6292085495333036, 0.4264491750243907, -0.1361462378488784, -0.5123709106562918, -0.5865795779889151, 0.04861761615969126, -0.5569926282096936, 0.39972235747379936, 0.04861761615969126, -0.08748950078311839], [0.277420193371279, -0.26068170816693154, -0.5481020690024984, -0.47790491258092155, -0.21716083856375423, -0.028679669274703598, -0.5816822329968795, -0.7027054997613144, 0.15571519668501288, 0.526502382024256, 0.4322479703845898, 0.12926312367680803, 0.4691652184194571, 0.4322479703845898, -0.07926252417390037], [-0.7269354640033543, -0.6243024224265384, -0.2550725060948833, 0.49638012730473335, 0.6699113494184038, 0.2953385551742833, -0.0499975087282043, 0.2166889751938639, 0.5299105696463012, 0.0017881847119395888, 0.35916340936500635, -0.4399433111712935, -0.0695608959236371, 0.35916340936500635, -0.04704212289054989]], "inverted": false, "swapped": false, "error_lsq": 0.045174717093596564, "error_max": 0.3107619461093298, "target": "733.xyz", "model": "8.xyz", "model_rescale": 4.019505241142653, "target_rescale": 4.169507184010497},
{"mapping": [1, 12, 11, 2, 7, 3, 9, 6, 4, 13, 10, 8, 14], "R": [[0.8358797883669498, 0.4208480685986975, -0.3524086868344335], [0.3819363252673573, -0.9070295994578246, -0.17726237375327605], [-0.39424563769418075, 0.013572356616473075, -0.9189048744538166]], "T": [-0.18063617678658922, -0.11499504923210321, -0.014622904700233488], "aligned_model": [[-0.27921296074624286, -0.6572780489108148, -0.0253143807554857, 0.4855303370929355, 0.284610012421842, 0.6494291727619848, 0.12472718984873121, -0.33205980438094257, 0.24185475840004172, -0.3015503266309248, -0.24816137630329504, 0.42181470600658294, -0.04468850706323593], [-0.5054859217511977, 0.11476678868423229, 0.1305123249882705, -0.40461448204146655, -0.6388883118309673, -0.1728156030630185, 0.6450334947115138, -0.880898926150543, -0.19298237587827008, 0.08768737857410544, 0.5965015436526279, 0.3880993236839074, -0.10353700546513597], [-0.38851779834746003, 0.11714355863048424, -0.6069677886812304, -0.5640692837491119, -0.009823380497924139, 0.13805343643023005, -0.31770596200200873, 0.18884799394524282, 0.6472388463760373, 0.5055462176278605, 0.1855282109769576, 0.34852065717939334, -0.06709121384459202]], "inverted": true, "swapped": true, "error_lsq": 0.05018489689124891, "error_max": 0.28895659418912667, "target": "733.xyz", "model": "9.xyz", "model_rescale": 3.877068213659057, "target_rescale": 4.169507184010497},
{"mapping": [6, 12, 5, 1, 8, 10, 11, 0, 7, 4, 2, 3, 14, 9, 15], "R": [[-0.1364156287003171, -0.9204802750737772, -0.3662060068409593], [0.41268333913041755, 0.2832571318350148, -0.865712341871577], [0.900601597739237, -0.2692238111027786, 0.34122617379800946]], "T": [-0.08289728900368584, 0.06993301438146228, -0.01497095160177385], "aligned_model": [[0.15123621187023087, 0.008356396630654503, -0.6515208498613924, -0.7639116508783459, -0.010351186257074957, 0.6163153043713201, 0.37497218725125403, -0.16639320348267955, -0.5992125416135354, -0.6891352866588667, -0.1147359754470381, -0.46995096201040143, 0.5042619508080972, 0.35004579610543196, -0.09025186244375179], [0.1295583510675784, -0.5037646951296495, -0.3937490482802888, -0.37748834968659084, -0.21584386092642321, 0.018012521498315573, -0.49258879568144065, -0.7144322238877661, 0.16413054937023586, 0.36704345867461313, 0.5985469313442255, 0.1460089186698618, 0.5823349406068985, 0.2380710507812136, -0.019457147995694785], [-0.5823604986666091, -0.4847995572372578, -0.28452916988824306, 0.2832574375555412, 0.6980448801464681, -0.12275217048729073, 0.12133764013508815, 0.09257271810483196, 0.6101945894681691, 0.032899225292973656, 0.3849152606991153, -0.5121261122175899, 0.03203798098233297, 0.45400153124928655, -0.0072034061957401835]], "inverted": true, "swapped": false, "error_lsq": 0.041799363071267547, "error_max": 0.228462086934029, "target": "733.xyz", "model": "10.xyz", "model_rescale": 4.260839863003843, "target_rescale": 4.169507184010497},
{"mapping": [6, 7, 3, 4, 10, 13, 5, 1, 11, 9, 12, 14], "R": [[-0.32580833744408455, 0.40142423323349163, 0.8559833597826685], [-0.7462679852917863, -0.6650631011703145, 0.027841795744217523], [0.5804593193157124, -0.6297218881654247, 0.516253157070165]], "T": [0.07853367602068638, 0.06144466244065507, 0.006081714280559668], "aligned_model": [[0.49745833206498313, 0.2223872939732393, -0.3203138510245339, -0.47464222463372263, -0.48030142667127806, -0.34176116698858316, 0.2436285339414418, 0.612514434905189, 0.245033676380781, -0.33396913378742793, 0.03848843294957867, 0.05037574798446342], [0.012656036231275682, -0.526428209864955, -0.6752921174754192, -0.1771077852489197, 0.39797852017459034, 0.37043029726915777, 0.5238715686042722, -0.06789919933326821, -0.15730479259017746, -0.05808964009042477, 0.6030377908429952, -0.07277396298619304], [-0.6817119123102198, -0.34698035563226887, -0.1113973621386132, -0.5035561410702114, 0.3600532017780032, -0.22663364062112648, -0.4524087655985312, -0.005433923546398968, 0.6058296767624451, 0.7665437418231068, 0.05521051498041891, 0.056663042968900644]], "inverted": true, "swapped": true, "error_lsq": 0.05322483816821985, "error_max": 0.30698449333828487, "target": "733.xyz", "model": "11.xyz", "model_rescale": 3.890672605050136, "target_rescale": 4.169507184010497},
{"mapping": [11, 2, 3, 9, 8, 12, 1, 10, 0, 5, 4, 7, 13, 14], "R": [[-0.9027120012677652, 0.3203805242979497, 0.2871713119685138], [-0.05847363709786141, -0.7526237049803218, 0.6558493672073195], [0.4262533009041622, 0.575251143720953, 0.6981362654353672]], "T": [-0.06412151060431544, -0.03841839563378039, 0.11680802864869684], "aligned_model": [[0.2734163819007586, 0.27031993135334476, 0.4799043903558053, 0.7068181729771654, 0.6804743425288405, -0.2627623631562234, -0.36714675457370033, 0.3561962803965207, -0.2903407957153016, -0.6559516945898992, 0.12316942653765543, -0.08871087905068713, -0.06231670117011949, 0.04680609699953431], [-0.42868196241955664, 0.1926060793581826, 0.5784285335593238, -0.44846273344881477, 0.26156763563132374, -0.37013703006826515, -0.1053251100763131, -0.3477573183034615, -0.6776835408893886, 0.01251879737615779, 0.6465131622084146, 0.5270755178140953, 0.0859639078019748, 0.005526581284092606], [-0.29432906802374875, -0.698253427550226, -0.08117543312794238, 0.13309170822116595, 0.4385371962965311, 0.5013141229434898, -0.33673038034421615, 0.644529459758818, -0.25421970509910413, 0.4305769109291846, 0.4609481990827567, -0.2961728418705479, 0.6743043059927695, 0.032369388147930805]], "inverted": false, "swapped": true, "error_lsq": 0.04910309637859504, "error_max": 0.30680545050445784, "target": "733.xyz", "model": "12.xyz", "model_rescale": 4.124412569039231, "target_rescale": 4.169507184010497},
{"mapping": [11, 12, 5, 9, 1, 2, 10, 3, 13, 8, 7, 4, 14], "R": [[-0.45618527146313187, 0.8898344128566318, -0.009471842281335935], [-0.7708604244943802, -0.4004647785630709, -0.49538083035052427], [-0.44460004953716903, -0.2186839702093511, 0.868624266944588]], "T": [0.1765603539468453, 0.1755467707627701, 0.16743805026168318], "aligned_model": [[-0.18333826337304113, -0.020427126271925666, 0.5229375497045441, -0.6298840389825169, 0.4844388078141433, 0.3477268791780006, -0.4800728530054278, 0.26093691746011505, 0.08278415378367517, -0.2455484121832576, 0.6891359122788279, 0.38427500177956697, 0.15433377932705356], [-0.331582084270922, 0.6150862436531742, 0.7100516091218925, -0.12875573927231682, -0.10448974205823214, -0.7091398933057842, 0.48093752968319764, -0.24827502709139376, 0.6765138181906709, 0.1434915257645596, -0.19986028026721459, 0.3924864550252607, 0.05102096133558512], [0.38781160207954823, 0.42305761463763125, 0.3810636382079999, 0.026736463865362492, 0.5263089246487772, 0.03484811631236384, 0.004905471199039224, -0.5598290569973012, -0.09046572185478935, -0.5866978205181623, -0.12798883686886375, -0.5622422834721079, 0.09418996972834157]], "inverted": true, "swapped": true, "error_lsq": 0.046738225482839506, "error_max": 0.33622120098270886, "target": "733.xyz", "model": "13.xyz", "model_rescale": 3.9028299243045295, "target_rescale": 4.169507184010497},
{"mapping": [4, 10, 7, 6, 1, 13, 14, 9, 2, 0, 8, 4, 5, 12, 15], "R": [[0.7735373614744174, 0.4451195698595705, 0.451119184840578], [0.6325164497904667, -0.5866453466363815, -0.5057372618409128], [0.03953341811253869, 0.6765469723514479, -0.7353375436181867]], "T": [-0.1475501382284135, -0.014544941600016122, 0.1401489670096814], "aligned_model": [[-0.3012580761627097, 0.14598282057512468, -0.4279206874822843, -0.6223288378563568, -0.25675177031673313, 0.6255434238586359, 0.4972534210076774, -0.19343784189997187, -0.5185514120324666, -0.6064574757286268, 0.005627970316581882, -0.3012580761627097, 0.1668070750370509, 0.40453721450701347, -0.1680634192763228], [0.1979951940474706, -0.2932468580456245, -0.6333763614760597, -0.43151595932669157, -0.25010324236567655, 0.05013040424053919, -0.613199336296574, -0.7872775155663215, 0.3830186948193014, 0.6412686678651981, 0.7226543780442751, 0.1979951940474706, 0.32152109685836067, 0.1425255296653803, -0.12200728608595833], [-0.4848020986247754, -0.4855636234937859, -0.4590738502481839, 0.352583942954832, 0.7357881583264113, -0.035335492972380755, 0.04585189128662734, 0.09984829397781067, 0.636587260646064, -0.07555679200801738, 0.3121396345942795, -0.4848020986247754, -0.08421902072033505, 0.533555513684925, 0.10848863016238067]], "inverted": false, "swapped": false, "error_lsq": 0.05154894174552495, "error_max": 0.4634616867519824, "target": "733.xyz", "model": "14.xyz", "model_rescale": 3.942246331269136, "target_rescale": 4.169507184010497},
{"mapping": [3, 4, 10, 6, 8, 12, 13, 11, 7, 2, 0, 5, 1, 0, 14], "R": [[0.45245322749495287, 0.8228042332280803, -0.34391753475412024], [0.39254421542028667, 0.16252549916452516, 0.9052593556884091], [0.8007465990370939, -0.5445903560505575, -0.2494518555297896]], "T": [-0.1762058719663268, -0.12146427466786634, -0.03554543380521613], "aligned_model": [[0.1689084125958648, -0.041222650358953394, -0.6165408058019674, -0.5310471417652367, -0.06182874671867905, 0.6260864855835013, 0.4871653191113045, -0.15468887522492628, -0.6822195076977424, -0.44920779472675826, -0.06078035984988818, -0.3156783237919348, 0.2812843813107124, -0.06078035984988818, -0.13972570443150528], [0.07392913006919961, -0.5152743017932992, -0.5543191779883929, -0.356375118347406, -0.22872926112564024, 0.031748954536432825, -0.5909169914764802, -0.7919587985495384, 0.1874561435134492, 0.5704606750407615, 0.41381380394692313, 0.4035572728546346, 0.508179742349503, 0.41381380394692313, -0.03900327655198113], [-0.6349330199938444, -0.4482889005524988, -0.3929559747221029, 0.3273511879862867, 0.7222494079482025, -0.06602391107489046, -0.013575999707537173, 0.21760498976241377, 0.5804885618586552, 0.13579555013997624, 0.45524149814731124, -0.3636907796627278, -0.26113913001891725, 0.45524149814731124, 0.0021253706834385155]], "inverted": true, "swapped": false, "error_lsq": 0.05447677150640008, "error_max": 0.3445674611394719, "target": "733.xyz", "model": "15.xyz", "model_rescale": 4.355366556412066, "target_rescale": 4.169507184010497},
{"mapping": [3, 8, 9, 1, 2, 7, 0, 6, 10, 4, 12, 14], "R": [[-0.21608035779276985, -0.7720232970657177, -0.5977368214891297], [-0.9234926696978298, -0.03714325046935285, 0.3818136560666029], [-0.3169709260965802, 0.6345080044667285, -0.704931928825136]], "T": [0.024691920558299572, 0.17584435105384572, -0.07242879570137419], "aligned_model": [[-0.16665008954801233, 0.43771382808996634, 0.295546160910314, -0.46212957146949313, -0.7241739055691067, -0.4886309484956029, -0.25083725040205435, -0.3579623716468684, 0.6843849160693651, 0.25665721764628346, 0.41373304028054714, -0.03984247123355767], [-0.5652684211742953, -0.5696122855797519, -0.4035015719618687, 0.41298977726171043, -0.33343360549355777, -0.05051207171410113, 0.5439350498998793, 0.6142442618595385, -0.03448244977049841, -0.17515820990515513, 0.5281897235241224, 0.04538623079495771], [0.2878514564861293, 0.0746479447115017, -0.6671941232749525, -0.1660491838684115, -0.16930242967139747, 0.3473373351143298, -0.6937898690538714, 0.48642671436419727, -0.3396652301406363, 0.5951271151533973, -0.2202128372874202, -0.0859184313234451]], "inverted": true, "swapped": true, "error_lsq": 0.05794677520189529, "error_max": 0.3383663871807901, "target": "733.xyz", "model": "16.xyz", "model_rescale": 3.795458400668931, "target_rescale": 4.169507184010497},
{"mapping": [5, 6, 4, 0, 13, 7, 1, 12, 11, 2, 3, 9, 14], "R": [[-0.2825150435607964, -0.4324375204826563, -0.8562610822877875], [0.567508591305325, 0.6443094632014086, -0.5126395560467003], [0.7733816968072665, -0.6307639071062363, 0.06338489201370068]], "T": [0.0114508087003736, -0.02188098700305939, -0.017699703104144853], "aligned_model": [[0.2494536907331208, -0.12338299900897959, 0.5188692288746996, -0.516976581746332, 0.5780804174978437, -0.2668912692214137, -0.481013723047525, 0.2847068395523741, -0.42812646786677866, -0.6826776448368325, 0.025865324057561062, 0.036918708293443875, -0.04619372237695891], [-0.3264166245073241, 0.10196634539440784, 0.5604945734593128, -0.576033814750411, -0.056767183107522504, 0.5552568392792215, -0.10084439803382352, -0.4931914699136488, -0.09766103888777082, 0.5345748370625536, 0.8020124877384782, -0.02703368425898097, 0.08742439599599286], [-0.5671732233302474, -0.8034604509305779, -0.1789660803002801, 0.08801598461592446, -0.08086736692800148, -0.30121128970046557, -0.24844059683720657, -0.04089340020188779, 0.46840768663553645, 0.17746988822259194, 0.17375141371899588, 0.8552689954851052, 0.06037347038680907]], "inverted": true, "swapped": true, "error_lsq": 0.05387875529519123, "error_max": 0.30931037123202326, "target": "733.xyz", "model": "17.xyz", "model_rescale": 3.7474275329858107, "target_rescale": 4.169507184010497},
{"mapping": [5, 7, 1, 4, 12, 10, 0, 2, 13, 11, 8, 3, 9, 14], "R": [[0.46174928143061655, -0.2265310724982595, -0.8575962186781712], [-0.7727264901231283, -0.5774513643588084, -0.2635217130753018], [-0.4355242502551382, 0.7843682776559358, -0.44168431310921696]], "T": [0.143783513486732, -0.13869933148719601, -0.0268905194588343], "aligned_model": [[0.39084963872911194, 0.14474545699021643, 0.6361216753836032, -0.46411709645053223, 0.22425924043368273, -0.31669287164302995, 0.7755002628530047, 0.23473449950970046, -0.20636024325136118, 0.2777800076526824, -0.7009103885156798, -0.40951182289338683, -0.2602547890357654, 0.08870407812063036], [-0.6469175763575973, 0.3733287957409954, 0.09186141942800133, -0.1376141247374135, -0.6524146196723732, -0.49623388134677515, -0.120039246881606, 0.7674821256137602, -0.571111121612396, 0.23659555150087067, 0.006642762433508337, 0.45571566063727764, 0.05846624749826443, -0.005353750733283286], [-0.3901824422072674, -0.5051869486676515, -0.10715738578269865, -0.5299782471309069, 0.13730642734787243, 0.4324329697703919, 0.41817399262615623, -0.016324135357475032, -0.15610238956228883, 0.49891351537884027, 0.08840106057775615, -0.2639492758572603, 0.7218606391201491, -0.003413061593962534]], "inverted": false, "swapped": true, "error_lsq": 0.04577343072155663, "error_max": 0.29145005833226495, "target": "733.xyz", "model": "18.xyz", "model_rescale": 3.922800546911778, "target_rescale": 4.169507184010497},
{"mapping": [0, 3, 9, 11, 13, 5, 12, 7, 4, 6, 6, 2, 5, 8, 14], "R": [[-0.9131051705781174, 0.35682975543147993, 0.19725991255756273], [-0.3965091156013432, -0.6644524681927514, -0.6334693668659924], [-0.09497088347776764, -0.6566395077599815, 0.7482012350565731]], "T": [-0.13404710925584362, 0.028283074018051288, 0.06363359486207804], "aligned_model": [[0.22064558177062238, 0.06753843100029391, -0.6770795296244342, -0.6270348428952435, -0.09263416233803806, 0.5867931905564289, 0.4743657016422026, -0.19019872756742304, -0.576220781778142, -0.4027225810045457, -0.4027225810045457, -0.5575815535993038, 0.5867931905564289, 0.1882501488683116, -0.1484671561987096], [0.06493391116321821, -0.3837698712182004, -0.38683690986087, -0.3874450761462146, -0.3088576454746399, 0.18647689114097654, -0.46244716781082473, -0.7683983363900243, 0.16597545644990114, 0.6223145791155548, 0.6223145791155548, 0.09311735191536728, 0.18647689114097654, 0.3482181026120869, -0.06569015532777277], [-0.6922053077791133, -0.38215209789496507, -0.37855909540764804, 0.3659195727222663, 0.6606552443084936, -0.13103971757788227, 0.15099334449670265, 0.044745897018101166, 0.6198623160196155, 0.28881759461632045, 0.28881759461632045, -0.5104256822618058, -0.13103971757788227, 0.473702746232678, 0.0473976574098759]], "inverted": false, "swapped": false, "error_lsq": 0.0543371557664033, "error_max": 0.42154814925861084, "target": "733.xyz", "model": "19.xyz", "model_rescale": 3.9282355846067225, "target_rescale": 4.169507184010497},
{"mapping": [8, 3, 2, 4, 13, 7, 6, 1, 5, 12, 11, 10, 0, 14], "R": [[0.05163880768197582, 0.4231838019994745, 0.9045711156489874], [-0.9976041502998105, -0.019896321116292914, 0.06625779735722345], [0.046036863987216126, -0.9058253728679205, 0.4211424949146258]], "T": [-0.019484034306960787, -0.037393905313790624, 0.11634020249221849], "aligned_model": [[-0.6492467342325642, -0.19924438036797626, 0.5321851519862161, -0.5796055505482847, -0.5539666832401815, 0.20584925194477227, 0.22486986144012427, 0.5111787904217975, -0.10837476033753733, -0.20495625890129893, 0.3376322355548306, -0.555347085279714, 0.5659205508873105, 0.005628429757182082], [-0.6267781159395129, -0.6835213150564222, -0.6879983777699771, -0.1540437762043378, 0.16409263281973435, -0.24220386080562328, 0.44825985522535067, 0.07007096611876527, 0.6196209207596164, 0.3328569088411708, -0.46058219349045176, -0.17907640166460376, 0.09897580995196588, -0.1767909653608385], [0.05349551440995162, -0.3992830654765544, -0.20291438688712166, -0.42707334687398585, 0.11354969395933176, -0.5147057505416681, -0.4797888680751718, 0.022286158395741135, 0.007996153550083082, 0.4711003549968086, 0.47501949552079326, 0.6099234114784544, 0.6023458017363921, 0.08023199105062918]], "inverted": true, "swapped": true, "error_lsq": 0.04451473901698164, "error_max": 0.2814383473260331, "target": "733.xyz", "model": "20.xyz", "model_rescale": 4.067790424073018, "target_rescale": 4.169507184010497},
{"mapping": [4, 6, 13, 10, 12, 2, 3, 11, 9, 1, 7, 5, 0, 0, 14], "R": [[-0.04682251166388121, -0.7372655050070828, -0.6739786550983176], [-0.061264098624410346, 0.6755680064060801, -0.7347479696741279], [0.9970227492997461, 0.006887949416610917, -0.0767996974708233]], "T": [-0.10982388694477979, -0.030645507793736117, -0.03487686215511411], "aligned_model": [[0.18955558676448797, 0.16781781705468896, -0.7076769621462435, -0.7898999026089399, -0.06052321543348174, 0.6054141597576124, 0.5158983564207711, -0.19194469795963626, -0.5219274577984627, -0.7918864864558701, -0.20747386525248623, -0.4147330232884812, 0.410847549958187, 0.410847549958187, -0.16459108058642957], [0.24163588156029406, -0.49283024039116674, -0.3491470726854422, -0.299993083944762, -0.321434981694589, -0.0006491241831521298, -0.5373101192213019, -0.6507312082525657, 0.12842010428315795, 0.41054957079567017, 0.6133719085757515, 0.15110898070915438, 0.34544261506608204, 0.34544261506608204, -0.05749324525812317], [-0.7267636090069955, -0.5416877340289172, -0.21165909743593903, 0.33422382558956737, 0.6722474497976624, -0.23799427908080606, 0.23990971381859694, 0.1287756675042005, 0.6045906330415821, 0.08106542631410875, 0.32895002849215604, -0.50653547316638, 0.2683013167399658, 0.2683013167399658, 0.01376516362230834]], "inverted": false, "swapped": false, "error_lsq": 0.051597811461761525, "error_max": 0.32933608798606684, "target": "733.xyz", "model": "21.xyz", "model_rescale": 4.186013935880536, "target_rescale": 4.169507184010497},
{"mapping": [13, 10, 12, 6, 7, 5, 4, 3, 0, 11, 2, 1, 14], "R": [[-0.9385666232433935, 0.03038970329043819, 0.34375741398173976], [0.28510311409490596, -0.4929775682712715, 0.8220032430074293], [0.19444512867871255, 0.8695111173040073, 0.45402809254258264]], "T": [0.028715184416039576, 0.009952556342410185, -0.07569444126380463], "aligned_model": [[0.07446321547190052, -0.2180921924289794, 0.3587921038660636, 0.5173574579328217, -0.1522673761558601, 0.6259602914695978, -0.277551629160789, -0.6782617721086177, 0.3565947225579296, -0.2520210178928041, -0.46661802433224364, 0.2708723585253247, -0.10065410232111854], [-0.3304381014274659, 0.14435734657727917, 0.11238168803635185, -0.44304567388031924, -0.329634767610982, -0.27085736500572444, -0.7101589440963726, -0.3621304628009093, 0.693357323453918, 0.5884542113328327, 0.199139790025605, 0.20218582989631073, 0.025345785045569554], [-0.5321127053101508, -0.7626216531720079, -0.4974738593371287, 0.37923368736263285, 0.5098539895094581, -0.20120358821623308, -0.17709294621993338, 0.2025133514304699, 0.07579682205509179, 0.07193418937375416, 0.6648470946729513, 0.37862281233568085, -0.009417633149239726]], "inverted": true, "swapped": true, "error_lsq": 0.05275255004169393, "error_max": 0.33272607923207953, "target": "733.xyz", "model": "22.xyz", "model_rescale": 4.166573947596378, "target_rescale": 4.169507184010497},
{"mapping": [11, 2, 6, 5, 7, 8, 4, 1, 13, 14, 14, 12, 9, 10, 15], "R": [[-0.21779259231893977, -0.9733545237973631, 0.07174508857200532], [0.49492289801323647, -0.04678564264668392, 0.8676764539068214], [-0.8412001615270742, 0.22448179134474489, 0.4919250081074135]], "T": [0.0014939846203159135, -0.06631558852436159, -0.03130471430514292], "aligned_model": [[0.05890819770683853, -0.04408414162910448, -0.6194646414309292, -0.517818631768203, 0.01261950666783413, 0.7508589383301848, 0.503876817445137, -0.21381096914517847, -0.5503357522688659, -0.3620091551742617, -0.3620091551742617, -0.448061805428922, 0.34331774142910165, -0.07153758385591306, -0.03072503731955413], [0.26621086527039994, -0.5393673635047855, -0.4215653306519246, -0.41728189009431077, -0.19553097390301624, -0.09380660530514118, -0.599271381396433, -0.7443222339381672, 0.16990797743555183, 0.6200807654136136, 0.6200807654136136, 0.23846559422412605, 0.41942983525201566, 0.32801822827472377, -0.12466565206517652], [-0.7442023879503439, -0.5077014940849329, -0.2907572868838588, 0.5147713269412828, 0.6719514656114162, 0.271640083255322, -0.0898121966608505, 0.013970295644029962, 0.5657677329453924, 0.11937134842674446, 0.11937134842674446, -0.3978962819998397, -0.11880939328592569, 0.6012365602680233, -0.013410771712127963]], "inverted": false, "swapped": false, "error_lsq": 0.04959605518322895, "error_max": 0.34502790067248607, "target": "733.xyz", "model": "23.xyz", "model_rescale": 4.274766983524099, "target_rescale": 4.169507184010497},
{"mapping": [10, 11, 0, 12, 1, 6, 4, 7, 3, 2, 14], "R": [[-0.9022807444850459, 0.13146920447707366, 0.4106157649258939], [-0.4217969287655785, -0.07187675913663294, -0.903836867128101], [-0.08931298346509918, -0.988711069913845, 0.12030632242065697]], "T": [-0.12371681889071227, -0.008984295561119487, -0.09800176027130006], "aligned_model": [[0.2051085986223392, 0.12732376211583796, -0.4785290701206432, -0.3998880399877688, -0.4238370936620633, -0.6584426776256918, 0.20394694691537396, -0.012297764999093325, 0.5485005609689819, 0.2719349383689294, -0.00392545663812717], [-0.25840503092478884, 0.5751044819908806, 0.6135695076827091, -0.1856293992347764, 0.38213555439926317, -0.17209261792541436, -0.6359214661619286, 0.049843876484195804, -0.1039356384561477, 0.5996460102214539, 0.05127125316803675], [-0.714857225458397, -0.27432566484204957, -0.38788397522872287, -0.5337383105735993, 0.14479646663771037, 0.4837217147954809, 0.2516092116201205, 0.5912487335302796, 0.40674550599617953, 0.4520686001240849, -0.039818622579509466]], "inverted": false, "swapped": true, "error_lsq": 0.044466707439774274, "error_max": 0.2455744572895414, "target": "733.xyz", "model": "24.xyz", "model_rescale": 3.7841303162186577, "target_rescale": 4.169507184010497},
{"mapping": [13, 3, 6, 1, 8, 12, 5, 4, 0, 7, 10, 11, 14, 9, 15], "R": [[-0.7719473327555088, 0.1248755917449034, 0.6233004107475115], [0.03143883007293141, 0.9868152779909732, -0.15876777723217012], [-0.6349085882355834, -0.1029645264640151, -0.7656953642766422]], "T": [-0.12627752569976608, 0.003993290153528131, 0.1344133402909572], "aligned_model": [[0.24384727425574665, -0.01885920449377193, -0.5802406466970396, -0.5351672232939102, -0.15712690033842183, 0.598062188910016, 0.434190940749334, -0.1917638581889449, -0.7138405595585378, -0.6943480015101076, -0.20535358236191045, -0.37869023994306555, 0.4558869343982926, 0.3519164594153564, -0.15878925295913346], [0.18251790077820634, -0.45323109854837024, -0.3620987112950629, -0.4175473291807664, -0.16507409463694034, -0.07831340288441545, -0.63946278545501, -0.7385156814685256, 0.11582837069421491, 0.30827048022442416, 0.7716335095594956, 0.2945478648330839, 0.5286737573344792, 0.21138318771886894, -0.03222936724859355], [-0.5312717152197095, -0.5201163001980068, -0.29210815212508595, 0.5906469594553416, 0.700030100229503, -0.07470263841060687, -0.06851059206384624, 0.10130276529999424, 0.5628903470891371, 0.04771336211661559, 0.23305702275629447, -0.5298858618640649, 0.011556061027266029, 0.3998575934095343, 0.08503139743871002]], "inverted": false, "swapped": false, "error_lsq": 0.04494890924190949, "error_max": 0.2716449909736478, "target": "733.xyz", "model": "25.xyz", "model_rescale": 4.19342608120988, "target_rescale": 4.169507184010497},
{"mapping": [3, 8, 9, 1, 2, 7, 0, 6, 10, 4, 12, 14], "R": [[-0.21608035779276985, -0.7720232970657177, -0.5977368214891297], [-0.9234926696978298, -0.03714325046935285, 0.3818136560666029], [-0.3169709260965802, 0.6345080044667285, -0.704931928825136]], "T": [0.024691920558299572, 0.17584435105384572, -0.07242879570137419], "aligned_model": [[-0.16665008954801233, 0.43771382808996634, 0.295546160910314, -0.46212957146949313, -0.7241739055691067, -0.4886309484956029, -0.25083725040205435, -0.3579623716468684, 0.6843849160693651, 0.25665721764628346, 0.41373304028054714, -0.03984247123355767], [-0.5652684211742953, -0.5696122855797519, -0.4035015719618687, 0.41298977726171043, -0.33343360549355777, -0.05051207171410113, 0.5439350498998793, 0.6142442618595385, -0.03448244977049841, -0.17515820990515513, 0.5281897235241224, 0.04538623079495771], [0.2878514564861293, 0.0746479447115017, -0.6671941232749525, -0.1660491838684115, -0.16930242967139747, 0.3473373351143298, -0.6937898690538714, 0.48642671436419727, -0.3396652301406363, 0.5951271151533973, -0.2202128372874202, -0.0859184313234451]], "inverted": true, "swapped": true, "error_lsq": 0.05794677520189529, "error_max": 0.3383663871807901, "target": "733.xyz", "model": "26.xyz", "model_rescale": 3.795458400668931, "target_rescale": 4.169507184010497},
{"mapping": [6, 13, 5, 1, 11, 3, 4, 7, 8, 12, 2, 9, 14], "R": [[0.7162368697952487, 0.6948811797942407, 0.06438083809386153], [-0.5521631169418211, 0.6207048836614278, -0.5566339368812742], [-0.4267559473926482, 0.3631330243404165, 0.8282594810796831]], "T": [0.04828348165660981, -0.016966080833653863, -0.14087930833560655], "aligned_model": [[-0.03459591881504166, 0.4006533559360518, 0.4969329485410532, -0.13403248521274558, -0.19294348928393842, -0.6431591621023393, -0.1275282523205189, -0.5470230170515971, -0.16910189836219944, 0.5905607178841814, -0.8193322217421539, -0.03776868219153311, -0.08298551245796237], [-0.6848294271284712, -0.2642936119109277, -0.4595427575401288, -0.005255451336008465, 0.5863678429491672, -0.1651720731387856, -0.5560614968348929, -0.37231473096080103, 0.05738006993474076, 0.03900030232815227, 0.1955216078474252, 0.7210445664515075, 0.030036662595937437], [-0.5858824835169483, 0.2345416261753598, -0.3735765728133934, -0.6591665305717751, -0.25519867502841054, 0.323452276142535, 0.4078537393409878, -0.24226329154108156, 0.6928715580463418, -0.15286013921816902, -0.31875717907837453, 0.31812485559549797, -0.09700252143314442]], "inverted": false, "swapped": true, "error_lsq": 0.04790646766160881, "error_max": 0.28903597102086953, "target": "733.xyz", "model": "27.xyz", "model_rescale": 3.6321398670334006, "target_rescale": 4.169507184010497},
