[{"mapping": [4, 2, 0, 12, 9, 1, 8, 11, 3, 5, 6, 13], "R": [[-0.8598870031301827, -0.12770206334533607, -0.4942535026331498], [-0.15416889192625005, 0.9879595665603692, 0.01295560126276725], [0.48664801921925616, 0.08733886797521116, -0.8692212765060364]], "T": [-0.07060282739196257, -0.06594475995462412, 0.1909980195254511], "aligned_model": [[0.22623813063878828, 0.24268490378133584, -0.25582391932181564, -0.5857279619358602, -0.6170130920585847, -0.08783855055378752, 0.04276485709418794, -0.32082858030255573, 0.406946223539692, 0.29234338683618893, 0.5925001753711785, -0.15251740353850524], [0.3250011854425087, -0.4257198840943214, -0.775387873881707, -0.2653653779918689, -0.1636076998492315, -0.4917103800358205, 0.6749830538732523, 0.5390657973511256, -0.2735861552009945, 0.24653326372332146, 0.2345932596082395, 0.04651827204527745], [-0.6290330408765368, -0.41205330744121466, -0.049410070576325044, 0.3641953660304726, -0.28716612028672767, 0.5801903627529805, -0.029802511346175953, 0.43268198459594065, 0.1459174169102572, 0.7766846172356732, -0.04249200319798507, 0.1062517458402878]], "inverted": false, "swapped": false, "error_lsq": 0.04308038841479587, "error_max": 0.2209329525413398, "target": "734.xyz", "model": "0.xyz", "model_rescale": 3.8414455957264533, "target_rescale": 3.657030591341001},
{"mapping": [11, 1, 3, 2, 0, 5, 13, 9, 10, 8, 12, 14], "R": [[0.4594098597277583, 0.5910465874444527, -0.6630282891816821], [0.10324956722191428, 0.7058687453870205, 0.7007773121001], [0.8822029855160369, -0.3904013905661974, 0.26325775694283077]], "T": [-0.15397544305971045, -0.018964319466530117, 0.1659677852294352], "aligned_model": [[0.31721240032635767, 0.06268447305182456, -0.12153686760132543, -0.639175646176721, -0.5329657806414787, -0.06025657822454883, -0.06034018600467206, -0.42435275271506345, 0.42520814914761784, 0.35282886684176795, 0.5665322003376916, -0.10211010879118775], [0.20607868485226086, -0.45035313941757266, -0.7497045265385052, -0.36329975325719976, 0.1419122211517669, -0.5919736799124183, 0.6967206241072201, 0.4989173032646116, -0.30481264868953667, 0.48052457387836284, 0.17885040429694862, -0.07154260274615705], [-0.5075328195084763, -0.5519876854931796, -0.11393107262942329, 0.6025666853080242, -0.4306916085669865, 0.47773666147896754, -0.06614102722154538, 0.5183942530980304, 0.39228260933210163, 0.5094246739228365, 0.010959350828679049, 0.11488441909161919]], "inverted": false, "swapped": false, "error_lsq": 0.04657840699643001, "error_max": 0.23329205948706142, "target": "734.xyz", "model": "1.xyz", "model_rescale": 4.316132596720782, "target_rescale": 3.657030591341001},
{"mapping": [4, 0, 5, 7, 3, 9, 6, 10, 1, 8, 2, 11], "R": [[0.45738615969713164, -0.825948640719337, -0.3295553729062686], [0.12268547008378461, 0.42565678745153623, -0.8965291823062753], [0.880764540809762, 0.3696283839078343, 0.29602142061319114]], "T": [-0.016938515821243266, -0.06487781059107431, 0.1223757638086225], "aligned_model": [[0.07572613292049689, 0.39325896000412175, -0.26661937714290235, -0.8450574511978178, -0.5804162125916054, -0.10634523455744423, -0.18777056042318954, -0.20845552887363591, 0.4025996791991111, 0.3947098477418387, 0.7409101555805362, -0.02881224110924729], [0.17078148121152545, -0.48894318096248335, -0.5528827849717841, -0.3109764542820769, 0.06680451073309027, -0.6827668722549276, 0.7117723855035709, 0.27648656361593515, -0.2163765278280837, 0.47273207562344755, 0.20165506716151285, 0.023031197440054996], [-0.6057778547344773, -0.2723654819014043, -0.2171393233176427, 0.35500337658056863, -0.18773657121234813, 0.5225895208847645, -0.08673389269431778, 0.6163670555568028, 0.43162179045959026, 0.48092471560340466, -0.11289220697466101, 0.03210331139036775]], "inverted": false, "swapped": false, "error_lsq": 0.06358089933739944, "error_max": 0.3301969918580573, "target": "734.xyz", "model": "2.xyz", "model_rescale": 3.795458400668931, "target_rescale": 3.657030591341001},
{"mapping": [3, 8, 1, 0, 6, 0, 5, 10, 7, 4, 9, 11], "R": [[-0.9927355631388727, -0.08077084454734243, -0.08917495360500569], [0.11107777179653913, -0.9000920165534666, -0.42130284873168194], [-0.04623667691413217, -0.4281476759341612, 0.9025252003684523]], "T": [-0.12047971340868596, -0.01662478952054886, 0.05995179677160175], "aligned_model": [[0.1597402561510179, 0.1838941942600522, -0.34885815516076024, -0.29990496602341327, -0.29470615676345435, -0.29990496602341327, 0.07472122372301615, -0.5230376105529835, 0.4812153985337831, 0.05331048094824811, 0.6794173319123216, -0.08215886145415208], [0.3272245232284191, -0.3271956908200393, -0.5877347073417297, -0.42160523798008787, -0.004992526083768854, -0.42160523798008787, 0.6547484984167914, 0.48336680524778536, -0.43086839343318367, 0.2427160028478887, 0.23172405586297434, -0.07446063097517994], [-0.6036101402907876, -0.5892516972330285, -0.07400935830265895, 0.704936571216234, -0.5029035429953662, 0.704936571216234, -0.010611068365344568, 0.4162750769652233, 0.2828139189413054, 0.6198571951048261, -0.17035714940866792, 0.17788806279267902]], "inverted": true, "swapped": false, "error_lsq": 0.056929370852009116, "error_max": 0.4108542223675322, "target": "734.xyz", "model": "3.xyz", "model_rescale": 3.7530521520055578, "target_rescale": 3.657030591341001},
{"mapping": [10, 8, 1, 2, 0, 5, 6, 9, 7, 4, 11], "R": [[-0.4720491479415285, -0.41854923067720107, -0.7758776600903008], [-0.5946353294743717, -0.4985760492730811, 0.6307382563569075], [-0.6508290304439275, 0.759103724527004, -0.013531760441570784]], "T": [-0.010547654954311793, -0.04601701247129049, 0.03403165062630206], "aligned_model": [[-0.45059005893728354, -0.2991272725908363, 0.4398153456257959, 0.45883620353594873, 0.2370446992299929, -0.2089418593933766, -0.18603823487319845, -0.7207306626623082, -0.3777057640203758, 0.48147338317627014, -0.03583617664542393], [-0.6476753397129404, 0.05340740063419909, -0.2620165915527037, 0.4042499720705328, -0.7156469212702457, 0.6791235745995111, -0.4143115263977003, 0.03868157088755446, 0.20907274797491876, 0.04950951544126751, 0.07280895563995209], [-0.13107885848927633, -0.5842291518019408, -0.42956954406771375, -0.2485852038056691, 0.15208927374934145, -0.31747947593228387, 0.5325324625476765, 0.08244234518876972, 0.6508819939768851, 0.38427012597641264, 0.001556809903114846]], "inverted": false, "swapped": true, "error_lsq": 0.0485896862335038, "error_max": 0.26773674880726706, "target": "734.xyz", "model": "4.xyz", "model_rescale": 3.7855080009869324, "target_rescale": 3.657030591341001},
{"mapping": [15, 14, 2, 0, 9, 1, 8, 7, 12, 6, 13, 16], "R": [[0.1244945724962834, -0.18632199651668382, 0.9745692458891798], [-0.05420252228562003, 0.9794668471897572, 0.19418234171529056], [-0.990738708235852, -0.07699875888736049, 0.11183918424667456]], "T": [-0.088701589472835, 0.01837403036595894, 0.13400115820547912], "aligned_model": [[0.11613709238517324, 0.1483440289898152, -0.31755772819016415, -0.5841189704275636, -0.4057819162165548, -0.03721342161327723, 0.13344269414007381, -0.41154233901764725, 0.4316209926180743, 0.1920146330543795, 0.6035364239635063, -0.08515332013555325], [0.34067678766286286, -0.35176360698377246, -0.6447087301674579, -0.39862223533033586, -0.13550533085372587, -0.5374771054350092, 0.648921438396651, 0.5910594910655281, -0.4197879596171877, 0.3770175394013773, 0.21435917584309758, -0.012852002992246637], [-0.5963960992779692, -0.3802992430365262, -0.09780006705761021, 0.5689145017163626, -0.48462249785025246, 0.645354678178315, -0.085934644808727, 0.493409958059593, 0.15254149559212876, 0.6016017397959811, 0.04877208815651621, 0.09042253017283569]], "inverted": false, "swapped": false, "error_lsq": 0.03883110441016643, "error_max": 0.24352708272111223, "target": "734.xyz", "model": "5.xyz", "model_rescale": 4.2253639853439635, "target_rescale": 3.657030591341001},
{"mapping": [4, 2, 6, 12, 3, 11, 1, 9, 5, 8, 10, 13], "R": [[0.9823804044110388, -0.18548691778757723, -0.022876720894143762], [-0.039096507769909, -0.323659000771801, 0.9453657040000959], [-0.18275722724259477, -0.9278143427157527, -0.325208150791973]], "T": [-0.09429464792642553, 0.033207110673485626, 0.07776126470580139], "aligned_model": [[-0.005232808407778317, 0.28973646540443665, -0.23217920970606412, -0.7831911287294612, -0.4137126886085446, -0.10432330573912363, 0.08511198023481578, -0.3122578807605223, 0.399574015231563, 0.31633697085665746, 0.6605121344577912, -0.11664637468350769], [0.30463241793573237, -0.2724664906469089, -0.5816859922905827, -0.3287640566446907, -0.23786940202843382, -0.520605081680542, 0.7310333845091435, 0.4436329697844645, -0.3452282910038709, 0.279211214543319, 0.19118171332830086, 0.008245075183850668], [-0.5697783893121403, -0.37968312042414154, -0.05112739916021078, 0.5932632309838565, -0.4945141167728223, 0.6243372159108374, -0.06208699332668924, 0.4735378061921651, 0.19447311825343333, 0.640547663025338, -0.03981092831609512, 0.026806352587116354]], "inverted": true, "swapped": false, "error_lsq": 0.04677264048043455, "error_max": 0.31870792974595824, "target": "734.xyz", "model": "6.xyz", "model_rescale": 3.89814844738969, "target_rescale": 3.657030591341001},
{"mapping": [8, 7, 0, 1, 6, 2, 9, 5, 4, 10, 11, 12], "R": [[-0.5640615960656477, 0.0006825436272844265, -0.8257324324368465], [0.6795105806355187, -0.5677758118396178, -0.46464610005276397], [-0.4691480434236664, -0.8231829454161814, 0.3197967350172385]], "T": [0.02171694839022924, -0.12407903050278773, -0.022321922266767644], "aligned_model": [[0.11371933381822234, 0.32132627673764186, -0.35704475832015015, -0.6865974852835744, -0.5379811117373633, -0.017423135428428393, -0.07647322429318824, -0.5077537206336069, 0.49951817126577974, 0.2266707224192195, 0.713057782072542, 0.09270931893316788], [0.27920091884251463, -0.5450835302257798, -0.5774323515786639, -0.3012738464301323, 0.13111213267578464, -0.3435620284742168, 0.7560628820780402, 0.30294796695374554, -0.4301753666444248, 0.23110052761253097, 0.263978549866518, -0.09555839368613478], [-0.5576607083138307, -0.4276170506931545, -0.06727437790183856, 0.4039283238231013, -0.30337601448525053, 0.6498708417236732, 0.09453175864049686, 0.3516905883682876, 0.28346691468377944, 0.586566487099355, -0.18602755816356448, 0.12786523485959295]], "inverted": true, "swapped": false, "error_lsq": 0.04631846263599853, "error_max": 0.2459657762400081, "target": "734.xyz", "model": "7.xyz", "model_rescale": 3.7474275329858107, "target_rescale": 3.657030591341001},
{"mapping": [6, 5, 8, 4, 3, 4, 0, 1, 11, 12, 10, 14], "R": [[0.5030505225714205, -0.5175307094834378, -0.69217204254592], [0.4574156970087319, -0.5200896664097473, 0.721302723566059], [-0.7332878369853392, -0.6794620693131941, -0.024904708269628845]], "T": [0.043844657444416055, -0.028751732485056424, 0.1495464604815343], "aligned_model": [[0.19542192885100146, 0.045157616680477755, -0.3518290039154958, -0.42271029775782504, -0.38938024957213135, -0.42271029775782504, -0.06537322414210954, -0.4052696603709827, 0.5995716098676378, 0.336000511236509, 0.6611455234821091, 0.003703712948896848], [0.2428957018198239, -0.37235674277756026, -0.5629406669037103, -0.5161575735549213, 0.03498909553518663, -0.5161575735549213, 0.5508655715406684, 0.5235414665589162, -0.2565114384622068, 0.19976780214646445, 0.3770740608225259, -0.033692242180483965], [-0.6055496265340553, -0.4789082610870291, -0.003080050673080287, 0.5457634032196489, -0.4182455998437312, 0.5457634032196489, -0.14427061329509944, 0.39052440941636246, 0.310086257022664, 0.6425641053850022, -0.02223370706887881, 0.19355071987919523]], "inverted": true, "swapped": false, "error_lsq": 0.04926298833600807, "error_max": 0.32303583307681927, "target": "734.xyz", "model": "8.xyz", "model_rescale": 4.019505241142653, "target_rescale": 3.657030591341001},
{"mapping": [7, 8, 11, 10, 9, 6, 0, 1, 5, 2, 4, 12], "R": [[0.7236702926739387, -0.5709475093140031, -0.38771155400549073], [-0.6887921896929192, -0.5623388565912641, -0.4575372441514063], [0.04320447799996853, 0.5981588016369619, -0.8002121100714386]], "T": [-0.010787437195552148, -0.029159786362414966, 0.1607507771929886], "aligned_model": [[0.12548910231140037, 0.045100412300747926, -0.053994724569872456, -0.8191408217588744, -0.4862340125862499, -0.11257248873970077, 0.21549938726364498, -0.5268503689156221, 0.5235596671485604, 0.18418926209237863, 0.6752289737336694, 0.013453781270180012], [0.46160526550661024, -0.2129286879767749, -0.6103203624981463, -0.22876692388649822, -0.17249305283575794, -0.47924401933110916, 0.5670775426808721, 0.395756842225701, -0.42238786273883866, 0.21945632167446683, 0.2132837891315455, -0.05972139096228901], [-0.5876891727827587, -0.48673858215141985, -0.05750375095322702, 0.5414101453060721, -0.3090855667628424, 0.7221114673753655, 0.03449152564052049, 0.25786005287946534, 0.2625818685664836, 0.6608970355775091, -0.2369894242961426, 0.1546188412416217]], "inverted": false, "swapped": false, "error_lsq": 0.058151632847012434, "error_max": 0.2832705528478252, "target": "734.xyz", "model": "9.xyz", "model_rescale": 3.877068213659057, "target_rescale": 3.657030591341001},
{"mapping": [1, 5, 3, 13, 4, 6, 8, 9, 12, 11, 0, 15], "R": [[0.5778031675199787, 0.33683954627550516, -0.7434262704994972], [-0.7727606541946285, 0.5188974807949824, -0.3654947000345027], [0.2626489499932745, 0.7856745665283643, 0.5601169561599593]], "T": [-0.16745170479926164, -0.006259942585792096, 0.17543095635415806], "aligned_model": [[0.1379662553759124, 0.2669037152777938, -0.1994502897433449, -0.8038422094001101, -0.536993987270368, -0.0985606807512645, -0.00515367531713079, -0.36384891153172627, 0.48664883279900506, 0.41179725817731994, 0.5705635916707371, -0.08230172973656126], [0.1824611593709094, -0.3336811443557416, -0.586965427918817, -0.36397696154019393, -0.14772645272127014, -0.5039655986694533, 0.7370804244720843, 0.5230323349946621, -0.3528216169914144, 0.31506768145647823, 0.19045053096732156, 0.012362531925216465], [-0.614512602061327, -0.38593003972923257, -0.07857410775665352, 0.4297617566279846, -0.3736741408003893, 0.5329888982779791, 0.04726159910923425, 0.5173711937949046, 0.27663722226867626, 0.500814534891257, -0.04907839179108034, 0.15289851680929373]], "inverted": false, "swapped": false, "error_lsq": 0.04219761130622557, "error_max": 0.19749618692839674, "target": "734.xyz", "model": "10.xyz", "model_rescale": 4.260839863003843, "target_rescale": 3.657030591341001},
{"mapping": [9, 8, 7, 6, 10, 0, 4, 5, 1, 3, 2, 11], "R": [[-0.23940346155660247, -0.9688799021735763, 0.06291039468035431], [-0.9625275512470479, 0.2453363399141763, 0.11554563344357703], [-0.1273840480008312, -0.03289096352552405, -0.9913079687126927]], "T": [-0.002331826876341748, -0.029566888182885866, 0.03973374789006329], "aligned_model": [[0.03233269905620208, 0.30232219657394943, -0.19595859225531198, -0.7200921797643636, -0.5148920879750916, -0.20777177889132245, -0.05473698698214707, -0.35268508977507995, 0.5577742828560801, 0.29880404465234023, 0.6251384314201138, 0.013493230634893393], [0.33415540010511324, -0.3058347024559567, -0.6556039652886765, -0.18631473065152232, -0.0077874702594375456, -0.5444621688799736, 0.6815254269501698, 0.40102853367987756, -0.4063682978424709, 0.2009589174068588, 0.24500129658725653, -0.08498077836145693], [-0.6689535800632624, -0.5488878859725332, 0.025881560338599924, 0.4440919113512671, -0.3210174513310868, 0.7199627868813265, -0.12671227084939812, 0.42502724134010095, 0.2996615968409856, 0.6397405072258455, 0.0043711545624026404, 0.06279886931639994]], "inverted": false, "swapped": false, "error_lsq": 0.03708071709247477, "error_max": 0.20378426786976056, "target": "734.xyz", "model": "11.xyz", "model_rescale": 3.890672605050136, "target_rescale": 3.657030591341001},
{"mapping": [11, 2, 4, 3, 0, 7, 6, 8, 12, 5, 9, 13], "R": [[-0.6204260169795924, 0.5363560524619667, 0.5721833119221974], [-0.7766557276525846, -0.3188060145712146, -0.5432942165877094], [-0.10898366005632666, -0.7814633133171606, 0.6143595460152732]], "T": [-0.011448412435343957, 0.07263723695423646, -0.051845387609146365], "aligned_model": [[0.3017844030631506, 0.05592508175629164, -0.22969036793250838, -0.7262967871504565, -0.5924971103240033, -0.011099074449240364, -0.07186815480637125, -0.43472800673821793, 0.46837315087065906, 0.3602301644120564, 0.6691450416610071, -0.005550170812104984], [0.08661847872103004, -0.37841342528097216, -0.583908103810657, -0.33390051354457545, 0.013079088551959217, -0.33107220964665535, 0.6301773879713841, 0.3756631195745345, -0.3763141146978334, 0.20487214581969637, 0.4306966343422867, -0.06618102701041595], [-0.5040089554347693, -0.597352716656408, -0.16309154801850523, 0.368609145709931, -0.1386196775111764, 0.6991424491529242, -0.18434738260224878, 0.44635210871848136, 0.2993612438507901, 0.6184837451496009, 0.06818141858307747, 0.04325460869895045]], "inverted": false, "swapped": false, "error_lsq": 0.048530689716430965, "error_max": 0.276444454353197, "target": "734.xyz", "model": "12.xyz", "model_rescale": 4.124412569039231, "target_rescale": 3.657030591341001},
{"mapping": [11, 10, 7, 3, 9, 0, 8, 6, 4, 1, 2, 12], "R": [[0.7934286583988267, 0.19595637947714434, 0.5762569404125626], [-0.20870758188419086, 0.9769491625932517, -0.04484951473983376], [-0.5717622839043268, -0.0846843022676235, 0.8160370455156764]], "T": [-0.11449462174857114, -0.17512760741809028, 0.15747483330217943], "aligned_model": [[0.22529425357823576, 0.27282622583052907, -0.33863625468034375, -0.7076618506302601, -0.6018364023314299, -0.05821229258540114, -0.03451442069544923, -0.4231384274558153, 0.6184175646852761, 0.23406514600923498, 0.6180247204305146, -0.020900092604828946], [0.31574842413749915, -0.30622537832396723, -0.5836190069512788, -0.22134728988565555, 0.03769603295557242, -0.4548737870575553, 0.4942276512100201, 0.37395611719726296, -0.41043195353863227, 0.3697972456362394, 0.2299381772991458, -0.17354877168886915], [-0.6388524255461376, -0.45685863297784396, -0.2620165008277877, 0.550882707269316, -0.19727206097150268, 0.6627883674521349, -0.08841706588288992, 0.38299396629350557, 0.31793619133914935, 0.6518707189374409, -0.04681084175569217, 0.07972001631095504]], "inverted": false, "swapped": false, "error_lsq": 0.03859847643019961, "error_max": 0.19561385476875462, "target": "734.xyz", "model": "13.xyz", "model_rescale": 3.9028299243045295, "target_rescale": 3.657030591341001},
{"mapping": [0, 4, 7, 9, 3, 14, 2, 1, 13, 12, 8, 15], "R": [[0.9661233572323744, -0.2542559589222099, 0.04426698501810804], [0.08278501790959601, 0.14285244897854807, -0.9862757315429288], [0.24444283466641797, 0.9565286640625982, 0.15906167170901803]], "T": [-0.022147717339262372, -0.0007553856948112649, 0.08517428896676682], "aligned_model": [[0.19745415094327287, 0.13810745320795673, -0.5624620060727805, -0.6156272875951857, -0.3604791810283122, -0.026398072306382164, -0.05407786914941647, -0.3664868362455751, 0.5604715642743097, 0.38943169139242406, 0.5933852746308451, -0.1095907125008942], [0.27336317320944686, -0.36833898663589865, -0.6954644771499201, -0.38059057633652693, 0.04961972697333489, -0.5629493250610255, 0.7124118161756796, 0.4153057281758886, -0.36063841084973036, 0.22209795734263627, 0.4370953876824263, -0.07059455253652942], [-0.6657254675625595, -0.4612356766403528, -0.12945959344041497, 0.4082109495839145, -0.4360584939046176, 0.7685267322970761, -0.09516643615481907, 0.44645323446221463, 0.48976090848434695, 0.6001296916629567, -0.07580085075022863, 0.10632944160313085]], "inverted": false, "swapped": false, "error_lsq": 0.04418769624907645, "error_max": 0.26927140662953336, "target": "734.xyz", "model": "14.xyz", "model_rescale": 3.942246331269136, "target_rescale": 3.657030591341001},
{"mapping": [9, 5, 3, 13, 10, 12, 6, 11, 0, 8, 7, 14], "R": [[0.66128502035202, -0.37797567879567606, 0.6479479208215555], [-0.06767568060680065, -0.8903141641475877, -0.4502895639170299], [0.7470757151135587, 0.25391942689981517, -0.6143311814733439]], "T": [-0.07743505046172805, -0.08880628104800208, 0.027311426892489832], "aligned_model": [[0.17713283361184606, 0.1790150249018322, -0.3489725273673814, -0.5888700129389756, -0.5188398554994387, -0.16294293912947339, 0.02969249228045026, -0.4633896782304295, 0.5971016973716907, 0.24632619096301472, 0.6371484780154535, 0.00032646557167323453], [0.3169113995440303, -0.4860749559892679, -0.7373173939372547, -0.20865061503356402, 0.23556077574510564, -0.6820938920775393, 0.4600857865328117, 0.42370785890117973, -0.20239698967001757, 0.31518751927288907, 0.3746767782209877, -0.1382788105195787], [-0.6197980400338461, -0.3959975819244138, -0.12184843900816539, 0.64779628671807, -0.4297972326187467, 0.5829862146390616, 0.03284108070652665, 0.34743531902274577, 0.2971536207861075, 0.6024710518151584, -0.047075014942015936, 0.05979717448016548]], "inverted": true, "swapped": false, "error_lsq": 0.04429196219945255, "error_max": 0.24611289759945953, "target": "734.xyz", "model": "15.xyz", "model_rescale": 4.355366556412066, "target_rescale": 3.657030591341001},
{"mapping": [4, 0, 5, 7, 3, 9, 6, 10, 1, 8, 2, 11], "R": [[0.45738615969713164, -0.825948640719337, -0.3295553729062686], [0.12268547008378461, 0.42565678745153623, -0.8965291823062753], [0.880764540809762, 0.3696283839078343, 0.29602142061319114]], "T": [-0.016938515821243266, -0.06487781059107431, 0.1223757638086225], "aligned_model": [[0.07572613292049689, 0.39325896000412175, -0.26661937714290235, -0.8450574511978178, -0.5804162125916054, -0.10634523455744423, -0.18777056042318954, -0.20845552887363591, 0.4025996791991111, 0.3947098477418387, 0.7409101555805362, -0.02881224110924729], [0.17078148121152545, -0.48894318096248335, -0.5528827849717841, -0.3109764542820769, 0.06680451073309027, -0.6827668722549276, 0.7117723855035709, 0.27648656361593515, -0.2163765278280837, 0.47273207562344755, 0.20165506716151285, 0.023031197440054996], [-0.6057778547344773, -0.2723654819014043, -0.2171393233176427, 0.35500337658056863, -0.18773657121234813, 0.5225895208847645, -0.08673389269431778, 0.6163670555568028, 0.43162179045959026, 0.48092471560340466, -0.11289220697466101, 0.03210331139036775]], "inverted": false, "swapped": false, "error_lsq": 0.06358089933739944, "error_max": 0.3301969918580573, "target": "734.xyz", "model": "16.xyz", "model_rescale": 3.795458400668931, "target_rescale": 3.657030591341001},
{"mapping": [8, 7, 0, 1, 6, 2, 9, 5, 4, 10, 11, 12], "R": [[-0.5640615960656477, 0.0006825436272844265, -0.8257324324368465], [0.6795105806355187, -0.5677758118396178, -0.46464610005276397], [-0.4691480434236664, -0.8231829454161814, 0.3197967350172385]], "T": [0.02171694839022924, -0.12407903050278773, -0.022321922266767644], "aligned_model": [[0.11371933381822234, 0.32132627673764186, -0.35704475832015015, -0.6865974852835744, -0.5379811117373633, -0.017423135428428393, -0.07647322429318824, -0.5077537206336069, 0.49951817126577974, 0.2266707224192195, 0.713057782072542, 0.09270931893316788], [0.27920091884251463, -0.5450835302257798, -0.5774323515786639, -0.3012738464301323, 0.13111213267578464, -0.3435620284742168, 0.7560628820780402, 0.30294796695374554, -0.4301753666444248, 0.23110052761253097, 0.263978549866518, -0.09555839368613478], [-0.5576607083138307, -0.4276170506931545, -0.06727437790183856, 0.4039283238231013, -0.30337601448525053, 0.6498708417236732, 0.09453175864049686, 0.3516905883682876, 0.28346691468377944, 0.586566487099355, -0.18602755816356448, 0.12786523485959295]], "inverted": true, "swapped": false, "error_lsq": 0.04631846263599853, "error_max": 0.2459657762400081, "target": "734.xyz", "model": "17.xyz", "model_rescale": 3.7474275329858107, "target_rescale": 3.657030591341001},
{"mapping": [6, 0, 1, 11, 2, 3, 9, 12, 8, 5, 4, 13], "R": [[-0.04305468436466103, -0.9940945265186784, 0.09961107619067344], [0.1678339188704888, 0.09108991414672268, 0.9815978826471241], [-0.9848746467601011, 0.0589805042903791, 0.16292093261094165]], "T": [-0.11898544678946764, -0.03972951764699463, 0.16372427551246768], "aligned_model": [[0.12747670520482912, 0.28546328720500425, -0.4645462903153994, -0.6273579635353411, -0.32039754456164793, -0.06574384152586438, -0.09953657523443926, -0.37423370812099, 0.5114142200178082, 0.28791504398085754, 0.6267999375909377, -0.10352510115549253], [0.3378424922604083, -0.45798647077169535, -0.5949647941206053, -0.29262274783439235, -0.06538968462230861, -0.6493967388415319, 0.5902631112997399, 0.5505460495262053, -0.3367832810005058, 0.41061929569920635, 0.23472240152295398, -0.055532172127692875], [-0.46213081668472467, -0.4367961100815435, -0.061708437265860644, 0.6101983062789891, -0.5164282415831403, 0.4570847912249951, -0.060898062477531406, 0.5453785735350261, 0.34038715499056205, 0.5572187146076484, -0.07649671967552316, 0.060155286771750374]], "inverted": false, "swapped": false, "error_lsq": 0.04308473015022843, "error_max": 0.2843678986164074, "target": "734.xyz", "model": "18.xyz", "model_rescale": 3.922800546911778, "target_rescale": 3.657030591341001},
{"mapping": [5, 0, 2, 10, 1, 9, 8, 4, 7, 13, 12, 14], "R": [[-0.2493514379675093, 0.7350196838478552, 0.6305314621331237], [-0.6021133501380295, -0.6276191512551818, 0.4935116154289422], [0.7584743726515051, -0.25659358007153, 0.5990629021204545]], "T": [-0.04940762914553497, 0.0467681041337476, 0.0733126937468078], "aligned_model": [[0.2661356677648412, 0.1299022000024046, -0.36810125360324947, -0.6368095758332787, -0.5474493655216814, -0.061171252060556486, -0.09856659555872821, -0.42256198381119403, 0.5443865507177839, 0.24966048919991635, 0.7126385432667737, 0.015664744987230902], [0.24286016440525748, -0.4243609457410219, -0.5915966364040404, -0.2462206156060645, -0.010149175251890241, -0.696282865473445, 0.6368071171113661, 0.37331772074298303, -0.26620781800838633, 0.4492382516085693, 0.20910736511228023, -0.005195101505826041], [-0.5934061764369599, -0.5932666632782293, 0.009643277572996406, 0.5420527180630391, -0.47138710987957133, 0.4056981020557585, -0.08105055708448058, 0.6005586653564372, 0.5065165293466151, 0.5427696010355298, -0.03413794619175822, 0.12197399908127096]], "inverted": false, "swapped": false, "error_lsq": 0.047585194872744756, "error_max": 0.2632554604930038, "target": "734.xyz", "model": "19.xyz", "model_rescale": 3.9282355846067225, "target_rescale": 3.657030591341001},
{"mapping": [3, 4, 11, 10, 0, 9, 5, 2, 8, 7, 6, 13], "R": [[-0.03042510012425742, -0.9159317473695094, 0.40017914418803263], [-0.49991793134931595, 0.36063554208998716, 0.7874160702556698], [-0.8655381997334662, -0.1760995171546428, -0.4688630768785832]], "T": [0.05261990307404919, -0.013520227434548445, 0.15507726308818384], "aligned_model": [[0.05320115035709054, 0.18301532654111002, -0.295319456792802, -0.7425878736005701, -0.4666448375524177, 0.09653018998671382, 0.12054971621124076, -0.4661307213527264, 0.6048111750975129, 0.1857027985376894, 0.6043859504155104, -0.09378524829808947], [0.25658874543151267, -0.3621109650790034, -0.6147694125985139, -0.1372074711189139, -0.20274772015555592, -0.5928847299917183, 0.6603875169407604, 0.5752843798302659, -0.5348401013596908, 0.28952353825507243, 0.3112163055705786, 0.022877375264988075], [-0.5473441731382418, -0.35565689095592623, -0.020424276851122303, 0.46261653969759275, -0.4235020947681847, 0.5303551402908182, -0.01499344222793389, 0.4059221045349155, 0.11112311334133475, 0.682856758134449, 0.024906347788126226, 0.10010531379481948]], "inverted": true, "swapped": false, "error_lsq": 0.050863320634840246, "error_max": 0.26116094028469344, "target": "734.xyz", "model": "20.xyz", "model_rescale": 4.067790424073018, "target_rescale": 3.657030591341001},
{"mapping": [2, 0, 7, 1, 8, 9, 6, 13, 12, 11, 3, 14], "R": [[-0.5512068621556769, 0.8333082323139618, 0.04205217081522809], [0.7176578574187402, 0.4992105340763555, -0.48554715770184786], [-0.42560333034133535, -0.23745785441837966, -0.873198472615123]], "T": [-0.10240112978024915, 0.0672465251559856, 0.04704044182552062], "aligned_model": [[0.21074191020828772, 0.17185672535981025, -0.3280111138995951, -0.7093810256951857, -0.5230427478998845, -0.09680845405520032, 0.05314007385886188, -0.3877110223155792, 0.4793856756014583, 0.28732708755905656, 0.7206171361621472, -0.09438607533391515], [0.2545723468936892, -0.3677632574450307, -0.6337993565400254, -0.3579774539719933, -0.15323060420901474, -0.550411840484277, 0.7716179441768337, 0.36349323999217764, -0.2748233219612072, 0.3404539361057927, 0.23534768975848142, 0.04383813867435552], [-0.6014750973529663, -0.44286480151889346, -0.07253699764998037, 0.39926916695804016, -0.26858332353082454, 0.5187572687479065, -0.1179587725132904, 0.6135734543212091, 0.40970585191401393, 0.48464972096706027, -0.08759963034942844, 0.12102759964780074]], "inverted": true, "swapped": false, "error_lsq": 0.040182771347789956, "error_max": 0.2198183656120369, "target": "734.xyz", "model": "21.xyz", "model_rescale": 4.186013935880536, "target_rescale": 3.657030591341001},
{"mapping": [4, 11, 8, 2, 9, 2, 7, 1, 5, 0, 6, 12], "R": [[0.39599214929499943, -0.8768229817910002, 0.27271170913597886], [-0.8908676053465815, -0.43883904146764113, -0.11736782109168559], [0.2225873478901595, -0.19647329153577536, -0.9549100053263259]], "T": [0.011393675706579568, 0.01200628734679229, -0.030606429246015074], "aligned_model": [[0.37833351266363424, 0.12179044447165108, -0.4305251679917433, -0.20475166412326357, -0.5683873513892188, -0.20475166412326357, -0.048443019696335854, -0.3910723167208483, 0.4243506238167191, 0.1790371656369602, 0.47637467898339386, 0.05177292802257738], [0.2782120641323216, -0.4281887069539765, -0.6130990036486174, -0.4196649972614519, -0.0037699448240119393, -0.4196649972614519, 0.7340250184881663, 0.43949643349839645, -0.47204243293551684, 0.2615328849645821, 0.30993217022858716, 0.0045489725627543675], [-0.5981500744649612, -0.46993193402651023, -0.07084622866770272, 0.5321015740554321, -0.25209193973499966, 0.5321015740554321, -0.14650406358387658, 0.40573808580491544, 0.4095096594345451, 0.6262197108942991, 0.03929123822568921, -0.05147316235161513]], "inverted": false, "swapped": false, "error_lsq": 0.055825143904962626, "error_max": 0.47260270418770906, "target": "734.xyz", "model": "22.xyz", "model_rescale": 4.166573947596378, "target_rescale": 3.657030591341001},
{"mapping": [2, 6, 5, 7, 1, 10, 3, 8, 14, 9, 11, 15], "R": [[-0.9585943386291851, -0.1269098464726594, -0.25493290257705287], [-0.2009823347701763, 0.9357101715679024, 0.2899182228399854], [0.20174983285842868, 0.3291509770495185, -0.9224731103121344]], "T": [0.012393361556693561, 0.00979998177189548, 0.08402929197343449], "aligned_model": [[0.01128143541830064, 0.131655203613346, -0.42289427816164543, -0.5390746075343565, -0.4171545996547399, -0.10542094244305038, 0.10663941797875963, -0.439540455274368, 0.5016280451283646, 0.2971654813125901, 0.6888518060476131, -0.029408336880551392], [0.271018732567237, -0.34181713200072533, -0.6765395908885256, -0.3337035243372566, -0.12258105267682318, -0.4247271511880201, 0.5956522719995752, 0.48883716507967817, -0.45075237455851774, 0.29209770318997413, 0.39431251461697164, -0.020480100813785724], [-0.53611002063485, -0.5802369575819148, -0.09068373819344723, 0.3828236493624721, -0.46920020073689567, 0.6825668376618984, -0.01251824502226244, 0.5534527068498551, 0.5017836632124159, 0.5308648350695362, -0.044995559851294734, 0.03821746950513446]], "inverted": true, "swapped": false, "error_lsq": 0.045990030731258756, "error_max": 0.22046254194014084, "target": "734.xyz", "model": "23.xyz", "model_rescale": 4.274766983524099, "target_rescale": 3.657030591341001},
{"mapping": [7, 9, 10, 6, 8, 1, 4, 2, 3, 5, 11], "R": [[0.7001744837861357, 0.016456004815842307, -0.7137821041188406], [-0.6976987504331265, 0.22799899361496112, -0.6791413052926607], [0.15156564880893156, 0.9735222949763738, 0.1711204116552485]], "T": [-0.18613239899442557, -0.000577345305869309, -0.0042326807393867835], "aligned_model": [[0.38389615342220285, 0.062632755134859, -0.6887966716419698, -0.25420429120866667, -0.30475293453615937, -0.6735319725601361, -0.057200708120292154, -0.01635843055009989, 0.6802740166756008, 0.3387313920609093, -0.09079460471817268], [-0.08131936268601828, 0.5197294567531436, 0.36279029231368887, -0.2311070192491352, 0.6250598116408993, -0.07569080042690232, -0.5856578013492123, -0.12061001095859944, -0.01830868293402635, 0.4662621615729484, 0.05443848656669785], [-0.5031599150014492, -0.42999561903997224, -0.44941144168518404, -0.6018639542156091, 0.260185824383052, 0.46609522904731554, 0.1179740627658096, 0.6737811902128071, 0.35165835096137876, 0.4377266829164207, 0.05657602367700875]], "inverted": true, "swapped": true, "error_lsq": 0.062284766146212416, "error_max": 0.34714266109630926, "target": "734.xyz", "model": "24.xyz", "model_rescale": 3.7841303162186577, "target_rescale": 3.657030591341001},
{"mapping": [7, 11, 3, 5, 6, 12, 0, 8, 14, 9, 10, 15], "R": [[-0.0858956009262406, 0.9955596651595936, -0.03850842568630963], [-0.1538419150529874, -0.0514411616443915, -0.9867555280116272], [-0.9843549212120342, -0.07883374909259111, 0.15757737492945167]], "T": [-0.06300956470037296, 0.0632805706913999, 0.09821061761438625], "aligned_model": [[0.14390876188853818, 0.19365440388926258, -0.4837647019431896, -0.6002191276871869, -0.49167757598276113, -0.019592112614409865, -0.05858109483594887, -0.2452802751266886, 0.5535197112266611, 0.21621758275034514, 0.6787665840304521, -0.10322398604481203], [0.3051735552943867, -0.35078208628691787, -0.5988603016455959, -0.4577198107269679, -0.11168633920858746, -0.4887029133049803, 0.737816422454083, 0.547298885120249, -0.2818290553906901, 0.07173801259323838, 0.2653030738210832, 0.03356801827048102], [-0.4687798145992123, -0.49517230469342727, -0.08491902853208556, 0.5557073208168414, -0.45645754334879823, 0.616477985560427, -0.1955779503950668, 0.38449970762133184, 0.45889047596653854, 0.6121185668904562, -0.020995752519431463, 0.050172776873074316]], "inverted": false, "swapped": false, "error_lsq": 0.04507547170460624, "error_max": 0.22329874165121277, "target": "734.xyz", "model": "25.xyz", "model_rescale": 4.19342608120988, "target_rescale": 3.657030591341001},
{"mapping": [4, 0, 5, 7, 3, 9, 6, 10, 1, 8, 2, 11], "R": [[0.45738615969713164, -0.825948640719337, -0.3295553729062686], [0.12268547008378461, 0.42565678745153623, -0.8965291823062753], [0.880764540809762, 0.3696283839078343, 0.29602142061319114]], "T": [-0.016938515821243266, -0.06487781059107431, 0.1223757638086225], "aligned_model": [[0.07572613292049689, 0.39325896000412175, -0.26661937714290235, -0.8450574511978178, -0.5804162125916054, -0.10634523455744423, -0.18777056042318954, -0.20845552887363591, 0.4025996791991111, 0.3947098477418387, 0.7409101555805362, -0.02881224110924729], [0.17078148121152545, -0.48894318096248335, -0.5528827849717841, -0.3109764542820769, 0.06680451073309027, -0.6827668722549276, 0.7117723855035709, 0.27648656361593515, -0.2163765278280837, 0.47273207562344755, 0.20165506716151285, 0.023031197440054996], [-0.6057778547344773, -0.2723654819014043, -0.2171393233176427, 0.35500337658056863, -0.18773657121234813, 0.5225895208847645, -0.08673389269431778, 0.6163670555568028, 0.43162179045959026, 0.48092471560340466, -0.11289220697466101, 0.03210331139036775]], "inverted": false, "swapped": false, "error_lsq": 0.06358089933739944, "error_max": 0.3301969918580573, "target": "734.xyz", "model": "26.xyz", "model_rescale": 3.795458400668931, "target_rescale": 3.657030591341001},
{"mapping": [2, 0, 6, 8, 1, 5, 9, 11, 7, 10, 3, 12], "R": [[0.4236139057202753, 0.11956448179420615, 0.8979173645573943], [-0.4950233768853774, -0.7995903163100687, 0.34001056218912074], [0.7586192162194492, -0.5885232882022998, -0.27953036333490033]], "T": [-0.09365407098555327, 0.11498031528839747, 0.09310364983347004], "aligned_model": [[0.06992186759815168, 0.3796766951431352, -0.3636481297241613, -0.7113223816682571, -0.46517952083526287, -0.09390047843780068, -0.08152578569238707, -0.3750743754866901, 0.5363042654193787, 0.2626860829661088, 0.6140489871082642, 0.011740943159782871], [0.3250435488140165, -0.25663288427752684, -0.6626230736339516, -0.16688344660074506, -0.09127330191846422, -0.47617143155392694, 0.4746419313854608, 0.5303222848091516, -0.3410184353157868, 0.10940997875636299, 0.2333325380531748, -0.006830247527983932], [-0.745914385810832, -0.4805990674664565, 0.03291114649462375, 0.35728235415735704, -0.31894180403574257, 0.5593653996788441, -0.14114134310705034, 0.6028763955765537, 0.32853035280229115, 0.7100940018989278, -0.08075172620981595, 0.1322531156619468]], "inverted": true, "swapped": false, "error_lsq": 0.04888745473630746, "error_max": 0.2700294417301616, "target": "734.xyz", "model": "27.xyz", "model_rescale": 3.6321398670334006, "target_rescale": 3.657030591341001},
{"mapping": [12, 6, 13, 2, 9, 1, 8, 0, 4, 3, 7, 14], "R": [[0.5875052676838912, -0.21700475552239645, 0.7795809749630533], [-0.2719763249762367, 0.8543795575389908, 0.44279165564845463], [-0.7621459434360982, -0.4721699987717814, 0.4429323347462411]], "T": [-0.12627935598252452, 0.08156801935793526, 0.0897188175298968], "aligned_model": [[0.3222740196295175, 0.12556752090190418, -0.45768640720011644, -0.5419649195878828, -0.46527926204780556, 0.04234720352350452, 0.025114368217758004, -0.4640691507272151, 0.5186918588504456, 0.20826997831702201, 0.6074769528480966, -0.1370139931749658], [0.2658583399147584, -0.45193074026877056, -0.6337989045382182, -0.3565960200513748, -0.01511370446600252, -0.37428161988742314, 0.5510624771190448, 0.4130191946162389, -0.4318281184893814, 0.35466183478732816, 0.329823011303228, 0.020441710950353978], [-0.5798681281583054, -0.41610690465225203, -0.122169979985842, 0.6080444396160791, -0.47799930723484213, 0.5491025198696088, -0.06417890889558947, 0.49647410908253975, 0.1728078663833606, 0.6236257296936185, 0.060418267545950644, 0.10581473637632106]], "inverted": false, "swapped": false, "error_lsq": 0.041305059210553725, "error_max": 0.23786142804891688, "target": "734.xyz", "model": "28.xyz", "model_rescale": 4.156811204709835, "target_rescale": 3.657030591341001},
{"mapping": [6, 4, 7, 3, 1, 0, 9, 8, 5, 11], "R": [[0.7825087698263395, 0.5546563514680394, -0.2829069757376645], [-0.3553543040527494, 0.024733034087177988, -0.9344044068903082], [-0.5112761912470156, 0.8317118544309713, 0.21645333784199294]], "T": [-0.21449704808709752, -0.08731897851080755, 0.024523824729043586], "aligned_model": [[-0.5783982119829102, 0.09094609927374997, -0.06793978030437403, 0.6642476961287227, -0.2803575238249367, -0.7261945868220931, -0.4037767148515204, -0.2854319941367547, 0.34737578466166646, -0.117545394030962], [-0.2072018021060973, -0.5761796023010721, 0.17419414518684534, 0.19206982656871935, -0.4472473430785996, -0.5982182138275045, 0.5596778667230351, 0.3685444613312719, 0.4631666040461075, -0.010085611916501647], [-0.4933032734774143, -0.17942907020355436, -0.6758418386377175, -0.14095268116411436, 0.599434851142457, -0.003607851215459496, -0.21929094064663218, 0.5369363412624587, 0.2891249333486706, 0.04571625656640545]], "inverted": true, "swapped": true, "error_lsq": 0.05553008568532682, "error_max": 0.277900456717636, "target": "734.xyz", "model": "29.xyz", "model_rescale": 4.117894457231895, "target_rescale": 3.657030591341001},
