[{"mapping": [7, 3, 12, 11, 14, 5, 13, 8, 15, 2, 0, 6, 1, 16], "R": [[0.22252514435020326, 0.4557361416623069, 0.8618509902034546], [-0.3530879081768692, -0.7863293394030841, 0.5069665660506542], [0.9087417065542904, -0.41712197158224984, -0.014063128817330017]], "T": [0.015160441299522466, 0.08118384158612837, 0.024587642159858883], "aligned_model": [[-0.043720440904526724, 0.3896511020239777, -0.5837590776292546, -0.322487832677531, -0.7131663273748222, -0.21689168580556198, -0.602957884121891, -0.09667699392874465, -0.34945700602332197, 0.41875416893823886, 0.6662104105716445, 0.2105205626503949, 0.6049080829182144, 0.010565022491486845], [-0.6911073724988764, -0.44144482189957013, -0.37017443712888876, -0.37347636915867843, 0.31786639208715195, 0.14146681388450227, 0.21622471068148208, 0.4901601237659844, 0.636642088931198, 0.08660686445868537, 0.4609906078286198, 0.7587252741971087, -0.07348930698530931, 0.07628276364662522], [0.14226256888825836, -0.30745558750575, 0.32073963202874406, -0.25420970658788117, 0.5090848777101462, -0.6513141151801387, -0.17924126271184893, 0.7313296788885956, 0.25253997653260757, 0.6740048687936745, 0.3438360931638547, 0.07699747249828484, 0.0754631927384124, 0.16355039792287412]], "inverted": true, "swapped": true, "error_lsq": 0.04151007379418258, "error_max": 0.24584376227171276, "target": "735.xyz", "model": "0.xyz", "model_rescale": 3.8414455957264533, "target_rescale": 4.166890867436806},
{"mapping": [11, 5, 14, 10, 13, 15, 8, 12, 2, 9, 0, 3, 1, 7, 16], "R": [[-0.6992221483830786, 0.41487909374804666, -0.5822059126987216], [-0.2610256085426794, -0.9063159134498645, -0.33235086386597756], [-0.6655479087905511, -0.08041643239001109, 0.7420102280334058]], "T": [-0.04751565022881935, 0.09601727924716702, -0.18445835999408108], "aligned_model": [[-0.599022078470184, -0.6745186174356123, 0.08778526727562883, -0.27079275042414996, -0.4495235358726067, 0.17218304734567694, 0.6188661070736908, -0.2600168251238327, 0.6632312923422848, 0.2613435713287859, 0.655094180827516, -0.3335978325522442, 0.21144856662813513, -0.2701422083601951, 0.059705968921650886], [0.17011341797750207, -0.019784312912560026, -0.6768465058277513, -0.46728362314878985, -0.4285177283659846, -0.5668319989850468, -0.35179369867195487, -0.11357983237236313, 0.30381506812201736, 0.201094774662107, 0.30108838612154587, 0.7606020670926898, 0.6338092136616909, 0.5257255331077724, 0.07543376758213999], [0.11353601521570686, -0.5127610897810373, 0.26896342419507424, -0.6538072089301143, -0.11300761697846975, -0.26065108151636596, 0.0016980241916757788, 0.5645724728097161, 0.006116829838430288, 0.4822909552771224, -0.550960859398335, -0.1954458963349919, -0.3187407303813766, 0.4316068136695488, -0.09822826453704844]], "inverted": false, "swapped": true, "error_lsq": 0.044102780588279225, "error_max": 0.332470323823615, "target": "735.xyz", "model": "1.xyz", "model_rescale": 4.316132596720782, "target_rescale": 4.166890867436806},
{"mapping": [4, 1, 3, 15, 5, 6, 12, 8, 7, 0, 9, 16], "R": [[-0.7858692874544949, -0.608864282649959, -0.10813763613522917], [-0.5692217792672857, 0.6439011436505921, 0.5112512916494638], [-0.24165270336487005, 0.4633309859254078, -0.8526009432541344]], "T": [-0.11463409843028208, -0.03035130333120987, -0.11964472513916391], "aligned_model": [[-0.19360408231198536, 0.3389325521349835, 0.3039618581372783, -0.598613622328454, -0.5935251557648655, -0.4592615452855545, 0.01104998089210632, -0.13835964888667462, 0.44892159624259, 0.12057006315988453, 0.4077032021699545, -0.049966643527482174], [-0.6307232885415005, -0.35535775845036516, -0.5452630995237358, 0.3975290404683291, -0.42264415826648827, -0.07618478568280142, 0.5474708673278781, 0.616934104602399, 0.06309750126092258, -0.15509584468404383, 0.49059552688666225, 0.08241832234372454], [0.1067459509007096, 0.13127853595149064, -0.408227379712391, 0.15626150171908632, -0.48171527515685175, 0.4960710981140738, -0.6677869861640412, 0.3899749533617157, -0.6557607255948767, 0.6544073515421136, -0.20191314366094595, -0.07007742009066174]], "inverted": false, "swapped": true, "error_lsq": 0.047029331214257224, "error_max": 0.23729380491821844, "target": "735.xyz", "model": "2.xyz", "model_rescale": 3.795458400668931, "target_rescale": 4.166890867436806},
{"mapping": [3, 11, 5, 15, 1, 6, 13, 9, 14, 8, 4, 16], "R": [[0.940664960936489, -0.3380702216579426, 0.029290894395757022], [-0.061241426320883724, -0.08423113414395211, 0.9945625187704429], [-0.3337647659183599, -0.9373439290191051, -0.09993717908010659]], "T": [0.027737615812664124, 0.030426865858761244, -0.036248023335735936], "aligned_model": [[-0.24575116906001462, -0.2535697851935059, -0.6668534587534988, 0.1967171618728757, 0.13381076176105466, 0.060771474365690775, -0.23186284356166284, 0.6589054466145905, 0.4392138901453915, 0.7012014813751614, -0.3652261685598739, 0.1659470347373566], [0.033973799095656246, -0.5010000495206779, -0.09739654433476856, 0.057858279205047006, 0.4119297351582081, 0.5870625376987539, -0.3802646760826895, -0.2918694075569457, -0.4325707435317207, 0.1581364460190926, 0.520879430164676, 0.01903023897507793], [-0.7061942786778592, -0.22834645011849958, 0.08837070301763975, 0.6450268439219512, -0.5026367386316603, 0.3985395722315803, 0.41739564947299235, -0.25702444803186214, 0.6252174499091713, 0.42134371905093315, -0.18781076121935597, -0.025109830285931008]], "inverted": true, "swapped": true, "error_lsq": 0.040534247367847845, "error_max": 0.21929792082104535, "target": "735.xyz", "model": "3.xyz", "model_rescale": 3.7530521520055578, "target_rescale": 4.166890867436806},
{"mapping": [12, 8, 2, 0, 7, 6, 11, 13, 5, 4, 16], "R": [[-0.39560665705952625, -0.6117027272343896, -0.6850657971203908], [0.5507082095392171, 0.4389486925641254, -0.70996092374324], [0.7349937692499824, -0.6581366262336834, 0.16321868879956347]], "T": [-0.03930394206021565, -0.034871766713543875, 0.07355267737919992], "aligned_model": [[-0.4611672169847856, -0.19122416379237972, 0.4070562411927779, 0.5103088337614071, 0.12660665999355808, -0.03256004833538407, -0.26462390354336185, -0.6872096343687949, -0.3419300838133092, 0.3021439742944399, -0.029201055958962708], [-0.711087079608989, 0.06931716467577718, -0.12581887852524298, 0.390615797137437, -0.7851266708648428, 0.6139589048234785, -0.45027000862083666, -0.025491578821473307, 0.17347467838615233, 0.40372904207729493, -0.08609801234440914], [-0.04850925320275101, -0.7297644645942417, -0.5405737347499412, -0.358795498635304, 0.22632478525767197, -0.2074242608294623, 0.49203259493860707, 0.22181848246672076, 0.6894541217356599, 0.4036710926827074, -0.05540308782435012]], "inverted": false, "swapped": true, "error_lsq": 0.046309367903330095, "error_max": 0.22849703454627335, "target": "735.xyz", "model": "4.xyz", "model_rescale": 3.7855080009869324, "target_rescale": 4.166890867436806},
{"mapping": [9, 15, 14, 8, 10, 7, 3, 13, 2, 12, 5, 6, 11, 4, 1, 0, 16], "R": [[-0.5469282071020996, 0.6949630925469105, -0.46679314077406653], [-0.33171064505393155, -0.6918356917447999, -0.6413512482141898], [-0.7686596023169084, -0.19593283447556412, 0.608911110212635]], "T": [-0.06569792731057639, 0.04395314206943901, 0.034291847277994315], "aligned_model": [[-0.22397187837127022, -0.31818519300808545, -0.6740524212918544, 0.08417632106843076, 0.3613760283528858, 0.6566003636132329, 0.05400964322559554, -0.43310361313706297, -0.4283779471591868, -0.6686483538496522, 0.6035685912028832, 0.17732682553806162, -0.36706823688727047, 0.4024305434215623, -0.2207274458772548, 0.18883636724285613, -0.10637043128878071], [0.14314800988055398, -0.545435702119953, 0.0472889275124075, -0.6381231979813536, -0.20016270787042423, -0.12015381323637858, 0.5029047107660346, -0.5082044786027593, 0.6150303603467948, 0.11366748608525556, 0.4396849585601126, -0.24311684476115392, -0.06689666531158661, 0.3344897645477217, 0.6107864817827202, 0.7721128314478864, 0.05301606028512963], [-0.652748001540555, -0.48357790245792537, -0.26166605635211837, -0.05299761359422841, -0.5032763458625467, 0.14709059738058597, -0.4731036203274051, 0.3258440087026428, -0.2625577805572121, 0.34195392876504377, -0.19061235729179213, 0.5677774236818032, 0.7618387426803299, 0.5276932961553248, 0.5115441415122304, 0.150350638332282, 0.0003748437348772629]], "inverted": false, "swapped": false, "error_lsq": 0.030243473385393432, "error_max": 0.20358287436098088, "target": "735.xyz", "model": "5.xyz", "model_rescale": 4.2253639853439635, "target_rescale": 4.166890867436806},
{"mapping": [2, 4, 11, 7, 3, 13, 12, 9, 10, 6, 5, 14, 8, 16], "R": [[0.890282354517596, -0.28210166223946576, 0.3575136100854571], [-0.4223350515914789, -0.8051396614036378, 0.41639311933803463], [0.1703831958610613, -0.5216979756492891, -0.8359430535458773]], "T": [0.021863196839832778, -0.027258070294321327, -0.09863445255549787], "aligned_model": [[0.7733241968045396, -0.17914173210670484, -0.4029576319013955, 0.03956324786401656, -0.18911040717768404, -0.38746495707065326, 0.02858024666669511, 0.5276702784728144, -0.3864936226171211, 0.20406429071409876, -0.6833922659578902, 0.21434700146430544, 0.6673015485756689, 0.14777195902709353], [-0.09799872877265574, 0.1367184943914434, -0.4294268634252603, -0.7947167319712584, -0.5667449959079126, 0.1809232129334064, -0.4304229537898812, -0.45072537570307686, 0.6124859960222072, 0.6230047999041544, 0.09267043815787891, 0.25609493080018103, 0.35237170618184027, -0.03913478218607626], [-0.22095438218776153, -0.6907866474770954, 0.13851054764940735, 0.05770484779261696, -0.5323171438556122, 0.3819522084525774, 0.5996118112937235, 0.2416956601560275, 0.008235326732702067, -0.30824294777248823, -0.14920417741947117, 0.7403394115565967, 0.24566786330189472, -0.040654169291669054]], "inverted": true, "swapped": true, "error_lsq": 0.04423668739808762, "error_max": 0.2896335314790078, "target": "735.xyz", "model": "6.xyz", "model_rescale": 3.89814844738969, "target_rescale": 4.166890867436806},
{"mapping": [1, 0, 2, 3, 9, 6, 4, 7, 11, 15, 8, 12, 16], "R": [[0.9885874953985541, 0.09547068300639915, -0.11653374029827476], [0.11582404574296463, -0.9763199349009242, 0.18271336881242978], [-0.09633044362685003, -0.19412556091701832, -0.9762354799070292]], "T": [-0.2417465564074313, 0.04667981325454035, 0.03659284538239396], "aligned_model": [[-0.02708029980475893, -0.044498736608046346, 0.3800631005180178, -0.21376257380592412, 0.4721601083144567, -0.4922025551265125, -0.6218243610729308, 0.22305230620943156, -0.3169256937353685, -0.3735217336101443, 0.150326450907931, 0.13343953344180798, -0.12059374472373723], [-0.20845927692292782, 0.3503246941967378, 0.27666041846815836, -0.6489066041664824, 0.05488776571957431, 0.5774858496934869, -0.13203722278141894, -0.5107535078902616, -0.37969282102356006, 0.7135054007671002, 0.7714684303550456, -0.015429293408545902, 0.11472743246357904], [-0.4763757971973368, -0.6975269673888244, -0.34435559232930035, -0.1609245306901934, 0.23971805745727934, -0.3577312657501527, -0.45487088736763204, 0.33151347167038114, 0.4959453242832321, 0.2138524084349755, 0.021973158662008135, 0.7475870393635496, 0.04347061168830917]], "inverted": true, "swapped": true, "error_lsq": 0.049483434020226855, "error_max": 0.26525638704526866, "target": "735.xyz", "model": "7.xyz", "model_rescale": 3.7474275329858107, "target_rescale": 4.166890867436806},
{"mapping": [2, 9, 12, 14, 11, 15, 8, 6, 13, 10, 0, 4, 1, 3, 16], "R": [[0.3396069818311568, -0.6969100362607774, 0.6316514064343834], [-0.30258393862843197, -0.7168145823143623, -0.6281877224728225], [0.8905672675186518, 0.02220936605327939, -0.4543090204738112]], "T": [0.112570300539441, -0.004389651952969184, 0.07885463455504595], "aligned_model": [[-0.39695021872136443, 0.07050376008158668, 0.45655761376470133, -0.1303919172887001, 0.7194987426301171, -0.3274341389826749, -0.5769393551213926, -0.4844567356677056, 0.3187536510729388, -0.015546466235888318, -0.556985673841883, 0.08351977246453812, 0.01996409090015025, 0.5864808764803284, 0.035579720803995046], [0.34988734333098, 0.04248732307476506, -0.41547281246633344, -0.7849165935910779, -0.1510189893446075, -0.5484823523966308, -0.27619775771999705, -0.061877925217597204, -0.6234256695307394, -0.49773961460638066, 0.46042099214667404, 0.3661356546347152, 0.600045441529866, 0.5408026147669774, -0.011529692631020882], [-0.3678406659350343, -0.6607553326470074, -0.523489329060571, -0.312250385893738, -0.013816447344531954, 0.14050883722300586, -0.2816315734660044, 0.45332569713482873, 0.2058796632432376, 0.6512538139134968, 0.15425143782422285, 0.6078183206187348, 0.05893748031247871, 0.12140859504755117, -0.036805455274408455]], "inverted": false, "swapped": true, "error_lsq": 0.04456862404874672, "error_max": 0.3336634418063118, "target": "735.xyz", "model": "8.xyz", "model_rescale": 4.019505241142653, "target_rescale": 4.166890867436806},
{"mapping": [4, 13, 6, 0, 1, 2, 8, 3, 7, 12, 14, 9, 16], "R": [[0.880072802107124, 0.07238223510402657, 0.4692895428545798], [0.2888646801340833, -0.8660109250413157, -0.40814491823385296], [0.37686742969159437, 0.49475841554280836, -0.7830613326472078]], "T": [-0.14634052684169596, -0.15969031130960076, -0.020732612879439116], "aligned_model": [[-0.20604315917199995, -0.7108200975330328, -0.07054304826629476, 0.4602563746108046, 0.2860212057271082, 0.6040288704033382, 0.2689928068098029, -0.09471132491435387, 0.006354384280874231, -0.2411104194270215, -0.26863067205245467, 0.328496696740676, -0.042590845466270705], [-0.6634075372266887, 0.18389885609302625, -0.007879470772061747, -0.26153626123726925, -0.5875110747967455, -0.02419312330498391, 0.513640069032498, -0.8186121212405684, -0.3327892417558138, 0.267352705487457, 0.7301789514587209, 0.1351418702474091, -0.07090539387092133], [-0.4215319007837952, 0.051113203454528244, -0.7071603011116134, -0.5608311384030851, -0.08666524417730648, -0.07770910045205986, -0.2517692737146284, 0.2738741676587865, 0.7279122230863206, 0.6566061622442023, 0.09924196150883408, 0.4677277683362582, 0.005894966397437886]], "inverted": true, "swapped": true, "error_lsq": 0.04428825149888958, "error_max": 0.20887491007792233, "target": "735.xyz", "model": "9.xyz", "model_rescale": 3.877068213659057, "target_rescale": 4.166890867436806},
{"mapping": [3, 5, 15, 12, 13, 11, 9, 10, 4, 6, 2, 1, 7, 14, 8, 16], "R": [[0.6649029145205103, 0.580726215510208, -0.4697458641449893], [0.47828294150082806, 0.15203825350779515, 0.8649449678098688], [0.573715558557938, -0.7997758636577446, -0.17666076468492498]], "T": [-0.03586776277736756, 0.07054194714198028, -0.1567432550056803], "aligned_model": [[0.3304626933893372, -0.3428416543826619, -0.4710061543325492, 0.488205837186246, -0.24132616258752104, 0.28137898244359005, 0.5645686587424725, -0.7243250819452676, -0.3631667257950605, -0.6448459097545437, 0.20159850383266711, 0.13124145149233657, 0.7249381908449704, -0.08294833770268983, -0.15639946779905123, 0.01987370168481966], [0.21786045529510242, -0.37685630595678565, -0.10012906641145991, -0.4425675659889834, -0.5517718030749659, -0.408824548222278, 0.16016143178422174, -0.2662695478790589, 0.3641448066593945, 0.37099905951986556, 0.6763108359093265, 0.6088567605248871, -0.057343789948066076, -0.3908936732083521, 0.2826535220765241, 0.11546830605417586], [-0.7631556025660572, -0.6257072675005532, 0.36763065692099073, 0.17821999130269475, -0.04554538970525261, -0.41753530164794617, 0.2703801462302783, -0.1509597772322857, -0.6306718011686577, 0.04035037848017706, 0.24489571974529398, -0.394663530579601, -0.2930062551351815, 0.6217660067707982, 0.6304887982333444, -0.037452445038000604]], "inverted": true, "swapped": true, "error_lsq": 0.0407773777493622, "error_max": 0.2589201522281218, "target": "735.xyz", "model": "10.xyz", "model_rescale": 4.260839863003843, "target_rescale": 4.166890867436806},
{"mapping": [9, 1, 4, 3, 5, 11, 12, 8, 6, 10, 13, 16], "R": [[-0.7430466591783459, 0.6653605122928544, -0.07195172663174804], [0.15425741455465586, 0.27489463065031555, 0.9490192790952878], [0.6512190970317229, 0.694066517504639, -0.30689632930383925]], "T": [0.023495624701747472, -0.04077338171561269, -0.0679060745248351], "aligned_model": [[0.5001479969475534, -0.01881315320944519, -0.3559721756438423, -0.4763254839680659, -0.5842734652436457, -0.3514100425585505, 0.21660945375078572, 0.8262233475939879, 0.25999427042605816, -0.1284735791521106, -0.0834551538632765, 0.15464663401468204], [0.11325452879562513, -0.5853236799880056, -0.5175083473012111, -0.29279256017583616, 0.18159785305230475, 0.38838150248036646, 0.6360872295158814, -0.026139039151743176, -0.3749997373737604, 0.1499577839009837, 0.5375036735385647, -0.03694070176023599], [-0.615690582351091, -0.3435676882718194, 0.14811123558338482, -0.5264928975472236, 0.24111363240849026, -0.33942412521357085, -0.4612273795861147, 0.11828618283711634, 0.5085797396882382, 0.6587134240105906, 0.2419482482461937, -0.11417171240868967]], "inverted": false, "swapped": true, "error_lsq": 0.04543833795913532, "error_max": 0.2650102731507587, "target": "735.xyz", "model": "11.xyz", "model_rescale": 3.890672605050136, "target_rescale": 4.166890867436806},
{"mapping": [15, 14, 8, 10, 6, 3, 12, 4, 5, 7, 2, 9, 1, 16], "R": [[-0.2926078070359112, -0.7457012113757857, 0.5985903228538869], [0.9561118623403813, -0.2381011661136779, 0.1707569658529762], [0.015191377608455403, 0.6222841296771053, 0.7826440340271974]], "T": [0.056541286787384896, -0.10090288255273636, 0.1610345902203709], "aligned_model": [[0.5761146519150917, 0.2285948823655033, 0.4762635087218925, 0.5950099267212943, 0.7530384466093847, -0.43315487650494544, -0.4472922997889528, 0.278651301554598, 0.06584458303059454, -0.7126690115567992, 0.13055197129544505, -0.32756766851051977, -0.02977701574465875, 0.05626743468576591], [-0.007859358995274845, 0.16880042304488188, 0.5274413574558553, -0.5756278051469701, -0.04439586914969586, -0.2940869219955748, 0.06333156292863967, -0.4063863510045178, -0.8158588326793451, 0.04721132514788423, 0.6274111780247592, 0.5033402647128898, 0.1063704125869453, 0.032461134897288496], [-0.3024612945032713, -0.6868296501704543, -0.16800992082025137, -0.1075481415122165, 0.2690782111844332, 0.6575366302914806, -0.44667722550877054, 0.6857083069436223, 0.10556522862329835, 0.14982011649128343, 0.38180842961017647, -0.03477265591967446, 0.7301578783578422, 0.12141452228936334]], "inverted": true, "swapped": true, "error_lsq": 0.04738413450967899, "error_max": 0.27431938516448895, "target": "735.xyz", "model": "12.xyz", "model_rescale": 4.124412569039231, "target_rescale": 4.166890867436806},
{"mapping": [4, 5, 11, 6, 3, 1, 10, 2, 13, 15, 9, 12, 16], "R": [[0.5661792794871093, 0.6295233962179392, -0.5321102490026761], [-0.5275787479836351, -0.21923601857074534, -0.8207290861406511], [-0.6333258941141426, 0.7454098616033196, 0.2079962741710591]], "T": [0.1248813160359346, 0.05929541387185514, -0.0005045294543966471], "aligned_model": [[-0.18720153396342792, -0.09799762153802345, 0.5065992184804695, -0.5240686251629921, 0.5258003749829026, 0.2603299759013283, -0.5269792169287455, 0.26966250424939786, -0.030008412233428636, -0.33516110750275435, 0.6759527479724353, 0.6645028637731609, 0.16586713947943485], [-0.21106745446739636, 0.524842078178762, 0.5025578070713336, -0.17997232240612232, -0.13198220898532037, -0.4962924633917381, 0.45844101206132765, -0.5586710162146145, 0.6998217424298852, 0.2787432193688411, -0.07796922856972713, 0.5275197404824258, 0.011514470950820484], [0.4969326337502246, 0.4974078067625661, 0.2366876279863167, -0.14743881554580462, 0.5707340025098264, 0.21695847086723422, 0.05614835324618727, -0.4269033325024701, -0.08761203492673847, -0.4838735845138574, -0.47848846541595685, -0.3742818056624609, -0.12457277558722799]], "inverted": true, "swapped": true, "error_lsq": 0.042903567727657015, "error_max": 0.22066261621356065, "target": "735.xyz", "model": "13.xyz", "model_rescale": 3.9028299243045295, "target_rescale": 4.166890867436806},
{"mapping": [7, 0, 1, 9, 12, 11, 2, 14, 3, 15, 13, 6, 4, 5, 10, 16], "R": [[0.7505875505822699, -0.6604075783073813, 0.02191254036137008], [0.3991339700446277, 0.42670905410518195, -0.811548801429141], [0.526602699259435, 0.6178844662708725, 0.583873602309469]], "T": [0.035611726222812196, 0.05023031325562788, 0.037396339255212616], "aligned_model": [[0.12114543121007133, -0.2958731936277762, 0.09581599890585232, -0.46033549820625386, -0.19701020483489468, 0.38430010316259766, -0.5410455973458235, -0.574788595437095, 0.5352474414372558, -0.3719591106549811, 0.12376814720513901, -0.1718875031490623, 0.44114537030599377, 0.6399220151297911, 0.19603328729424835, -0.09663881981446659], [-0.683063569308364, 0.5957768138964344, 0.14834251052600372, -0.4600972155331592, -0.6578523254658892, -0.43928957035952665, 0.09562885059753395, -0.13774036362146896, -0.19283824532351865, 0.3469723601418097, -0.04712049487172709, 0.7228333157469462, 0.4886987880578548, 0.1397530936554963, 0.5155371944505421, 0.016711139532132373], [-0.22473365354975244, -0.4749859196018636, -0.5634895297981103, -0.17377210568839357, 0.34503395229028694, 0.23036505473901325, -0.4626690008724759, 0.6802762307489503, -0.4261967033434249, 0.5265509004303113, 0.6890126286506959, 0.10465725721364798, -0.2100372423351553, 0.4130559704761604, 0.6249364154758734, 0.010155854788568265]], "inverted": false, "swapped": true, "error_lsq": 0.04423020870828447, "error_max": 0.32430737772701357, "target": "735.xyz", "model": "14.xyz", "model_rescale": 3.942246331269136, "target_rescale": 4.166890867436806},
{"mapping": [10, 0, 4, 2, 9, 1, 11, 5, 13, 3, 7, 12, 8, 14, 16], "R": [[-0.6946776424337132, -0.7080064049803334, 0.1270822710277183], [0.6765819940735369, -0.583134602152188, 0.4496563588656187], [-0.2442535125606483, 0.398347795625423, 0.8841149559430334]], "T": [-0.12169416654674942, 0.03536842299441478, -0.11643932995757045], "aligned_model": [[-0.875831176452827, -0.10354256591161198, -0.2612616791047726, 0.2413543967942871, 0.40589468823105207, 0.24636581196950252, 0.05391651853021451, -0.4875381978626946, -0.5348357424242207, 0.356691951416582, 0.565538253928298, 0.14916667732081473, -0.27847215234940814, -0.43094914581362675, -0.0722036017393794], [0.1721623674368319, -0.583860786556642, 0.18681282371414704, -0.6301158000289819, -0.2915617985471296, -0.0993432671042215, 0.5682968438584436, 0.6472834220128395, 0.31687247370585236, 0.45012977921953384, 0.29685432291071034, 0.14825811682464385, -0.7192029209267045, -0.2848926182606415, -0.0795482683770309], [-0.11273809190525327, -0.6514762642662371, -0.7292370291262441, -0.21637195715261043, 0.29069280922516494, -0.58622544947992, 0.1726945686865291, -0.19417986472031076, 0.3216497371549661, -0.46680545382762756, 0.15390265793096397, 0.634576786585896, 0.17561591804238297, 0.6728706891021289, -0.0556065758893124]], "inverted": false, "swapped": true, "error_lsq": 0.043889330313015985, "error_max": 0.3442686576471807, "target": "735.xyz", "model": "15.xyz", "model_rescale": 4.355366556412066, "target_rescale": 4.166890867436806},
{"mapping": [4, 1, 3, 15, 5, 6, 12, 8, 7, 0, 9, 16], "R": [[-0.7858692874544949, -0.608864282649959, -0.10813763613522917], [-0.5692217792672857, 0.6439011436505921, 0.5112512916494638], [-0.24165270336487005, 0.4633309859254078, -0.8526009432541344]], "T": [-0.11463409843028208, -0.03035130333120987, -0.11964472513916391], "aligned_model": [[-0.19360408231198536, 0.3389325521349835, 0.3039618581372783, -0.598613622328454, -0.5935251557648655, -0.4592615452855545, 0.01104998089210632, -0.13835964888667462, 0.44892159624259, 0.12057006315988453, 0.4077032021699545, -0.049966643527482174], [-0.6307232885415005, -0.35535775845036516, -0.5452630995237358, 0.3975290404683291, -0.42264415826648827, -0.07618478568280142, 0.5474708673278781, 0.616934104602399, 0.06309750126092258, -0.15509584468404383, 0.49059552688666225, 0.08241832234372454], [0.1067459509007096, 0.13127853595149064, -0.408227379712391, 0.15626150171908632, -0.48171527515685175, 0.4960710981140738, -0.6677869861640412, 0.3899749533617157, -0.6557607255948767, 0.6544073515421136, -0.20191314366094595, -0.07007742009066174]], "inverted": false, "swapped": true, "error_lsq": 0.047029331214257224, "error_max": 0.23729380491821844, "target": "735.xyz", "model": "16.xyz", "model_rescale": 3.795458400668931, "target_rescale": 4.166890867436806},
{"mapping": [1, 0, 2, 3, 9, 6, 4, 7, 11, 15, 8, 12, 16], "R": [[0.9885874953985541, 0.09547068300639915, -0.11653374029827476], [0.11582404574296463, -0.9763199349009242, 0.18271336881242978], [-0.09633044362685003, -0.19412556091701832, -0.9762354799070292]], "T": [-0.2417465564074313, 0.04667981325454035, 0.03659284538239396], "aligned_model": [[-0.02708029980475893, -0.044498736608046346, 0.3800631005180178, -0.21376257380592412, 0.4721601083144567, -0.4922025551265125, -0.6218243610729308, 0.22305230620943156, -0.3169256937353685, -0.3735217336101443, 0.150326450907931, 0.13343953344180798, -0.12059374472373723], [-0.20845927692292782, 0.3503246941967378, 0.27666041846815836, -0.6489066041664824, 0.05488776571957431, 0.5774858496934869, -0.13203722278141894, -0.5107535078902616, -0.37969282102356006, 0.7135054007671002, 0.7714684303550456, -0.015429293408545902, 0.11472743246357904], [-0.4763757971973368, -0.6975269673888244, -0.34435559232930035, -0.1609245306901934, 0.23971805745727934, -0.3577312657501527, -0.45487088736763204, 0.33151347167038114, 0.4959453242832321, 0.2138524084349755, 0.021973158662008135, 0.7475870393635496, 0.04347061168830917]], "inverted": true, "swapped": true, "error_lsq": 0.049483434020226855, "error_max": 0.26525638704526866, "target": "735.xyz", "model": "17.xyz", "model_rescale": 3.7474275329858107, "target_rescale": 4.166890867436806},
{"mapping": [8, 10, 6, 13, 9, 7, 2, 4, 12, 1, 11, 5, 3, 16], "R": [[-0.43345967455845125, 0.4635948154414714, -0.7727823481598619], [0.77550752375697, -0.2448992408058283, -0.5819041522871803], [-0.45902155845669657, -0.8515305096991636, -0.25336732213027896]], "T": [0.0586441243602417, 0.004153372547150307, 0.004258177475949396], "aligned_model": [[0.6510933243664566, 0.027067009130756485, 0.6052727184718881, -0.31808785094121206, 0.13051762081980428, -0.3718772605738489, 0.6587083629742915, 0.17878930314643687, -0.37306436732398124, 0.31973072695166477, -0.5624500391803328, -0.42249397092030044, -0.24161203072573056, 0.1332541016869837], [-0.46728280308387593, 0.3879871503792691, 0.30243187656834214, -0.051215902365886086, -0.6865875206446822, -0.4082802539344067, -0.34532325201142594, 0.6180508773950599, -0.6709150337869776, 0.1643050839024, -0.08842800177593602, 0.47551250211467955, 0.243133431052239, -0.1129799122975658], [-0.32132652041688037, -0.6584057108552483, -0.3307073048849566, -0.5405902282205985, 0.26636725243843945, 0.5124883486427703, 0.32433479149020716, 0.16744673937094576, -0.0854374857357985, 0.5338803075155989, 0.06845284210820196, -0.2420183261974034, 0.6177493788825773, 0.01256063452379991]], "inverted": false, "swapped": true, "error_lsq": 0.0373477211110488, "error_max": 0.23703019749449608, "target": "735.xyz", "model": "18.xyz", "model_rescale": 3.922800546911778, "target_rescale": 4.166890867436806},
{"mapping": [8, 2, 9, 15, 3, 6, 1, 13, 4, 12, 7, 11, 10, 5, 16], "R": [[0.24149245600920027, 0.3753471406336006, -0.894872011915014], [-0.046456293250305605, -0.9166365443086979, -0.3970129197586022], [-0.9692900528263386, 0.13744806166690327, -0.20392357351695534]], "T": [0.03666412750392749, 0.0031145198029990384, 0.017907645857446967], "aligned_model": [[-0.19000305224989184, -0.1393887489098935, 0.4609355165676911, -0.2101859553156059, 0.24288025232227262, -0.631261612214913, -0.15275257625366512, 0.24641503155382888, -0.3997174178372294, 0.7627657088547827, 0.7218771584027429, 0.5793550108254695, -0.31079471263355113, 0.06217503484545432, 0.053751198930125726], [0.5527630235691361, -0.08033278312950816, 0.06336790656512689, 0.6604422327273307, -0.680210202717359, 0.2338582753563194, -0.5164397334430256, 0.4811217423426427, -0.38989902381525227, 0.3249285192347371, -0.32472840222300026, -0.07685371101091565, 0.4370358961643473, -0.019511443163911846, 0.05206920857791128], [-0.5528480196542269, -0.7214853300050896, -0.5881891005486557, -0.0027642823430434685, 0.13698289387665183, -0.00673552214220851, -0.2438156347311477, 0.4294488667080261, 0.2881797653883036, -0.12118631645328001, -0.1737957364456975, 0.3302246531483427, 0.5455756339487332, 0.73426137930542, -0.11119408288879884]], "inverted": true, "swapped": true, "error_lsq": 0.036130538708663625, "error_max": 0.2348006380494161, "target": "735.xyz", "model": "19.xyz", "model_rescale": 3.9282355846067225, "target_rescale": 4.166890867436806},
{"mapping": [3, 11, 12, 5, 4, 13, 10, 14, 6, 0, 9, 1, 8, 16], "R": [[-0.40892421046050254, 0.7454153853760045, 0.5264379292414232], [0.3277827154885756, 0.6583542213344495, -0.6775900019023645], [-0.8516686453816356, -0.10452570256091853, -0.5135512593480385]], "T": [-0.09946025807010206, -0.14116912316847044, 0.05266248227789973], "aligned_model": [[-0.682994243516195, -0.13414600411005123, 0.44663556778819125, -0.39224970527452363, -0.6750500706292968, 0.21770827981882446, -0.02787372601280859, 0.7877988156508376, -0.08204582598266402, -0.27009737705337444, 0.31348886720921076, -0.5056620033189951, 0.5382237781639129, -0.0012135336483919817], [-0.561837539529044, -0.6474479695239989, -0.7182015999072466, -0.10908162004626383, 0.1524471845077073, -0.13298711171326885, 0.3816053767911266, -0.07951111386634249, 0.5602485918550884, 0.3567862112976834, -0.5697584718905385, -0.16950242143804958, 0.211605261259708, -0.1514826903717253], [0.13116632001556058, -0.32274243854431306, -0.08498836875696912, -0.6012259973327516, 0.03213570167079206, -0.5314519724918381, -0.5032431776405057, -0.121077866875402, 0.14032482790629036, 0.6795295129495166, 0.49625479318004934, 0.5092933525619866, 0.43758172238833176, 0.1506267482129347]], "inverted": false, "swapped": true, "error_lsq": 0.046153737729551995, "error_max": 0.31615999334878514, "target": "735.xyz", "model": "20.xyz", "model_rescale": 4.067790424073018, "target_rescale": 4.166890867436806},
{"mapping": [2, 4, 9, 14, 7, 3, 12, 0, 1, 6, 10, 13, 15, 5, 16], "R": [[-0.11613925926836033, -0.8789480291604512, 0.46256030362705713], [-0.38780822320824465, 0.4688743218031539, 0.7935752342189724], [-0.9143940367635066, -0.08721944960036818, -0.395317989905276]], "T": [0.000677422074357642, 0.0771569565511795, 0.03944835392387034], "aligned_model": [[0.1600486883188843, 0.0632075835721587, -0.22684483806241043, 0.3730260876804725, -0.7142676699918753, -0.5994491641330885, -0.3436114468057476, 0.43102442425145937, -0.15225372748689225, 0.6635451857709893, 0.4870123511213663, 0.09647907555268276, 0.6057650253122001, -0.10668248735839475, 0.0314448661657101], [0.04240421119275779, 0.7120512452922555, -0.4018065825623638, -0.7442974621804911, -0.16813298734726118, 0.47751814396276404, -0.6513413653480741, 0.4916421448002759, 0.5008087038475469, 0.32191248947271417, 0.1268716777854253, -0.2873364834989284, -0.2513915003143729, 0.2771020402907091, -0.005109135465110146], [-0.7075811545969217, 0.14401765249871534, -0.47999124558751816, 0.12768208955095955, -0.16654782267962284, -0.017082004069314094, 0.06928552498599275, -0.5200534799252718, -0.3746116004753586, 0.013451869719430416, 0.629749713731517, 0.5870057466785092, 0.17861342885654397, 0.7197580079443034, -0.06844715301082374]], "inverted": true, "swapped": true, "error_lsq": 0.04379190123192797, "error_max": 0.2312444744348612, "target": "735.xyz", "model": "21.xyz", "model_rescale": 4.186013935880536, "target_rescale": 4.166890867436806},
{"mapping": [8, 14, 9, 0, 4, 2, 6, 10, 7, 11, 5, 3, 16], "R": [[0.8170826406493269, 0.4526543164599642, 0.35704345413364696], [0.04242938382339373, 0.5704140590338033, -0.8202606589645441], [-0.5749571338264186, 0.6853698790045734, 0.44686958188644516]], "T": [-0.03518364922643184, 0.011168059215171479, 0.06550160953982366], "aligned_model": [[0.08524321731492766, -0.38582528627527, 0.4356745201909452, 0.4169901325177258, -0.039223602194463456, 0.5994607952694557, -0.18448152501861748, -0.733281848798184, 0.34631314963767007, -0.21239886557069754, -0.5954458464098591, 0.2854125571797369, 0.04013663757985514], [-0.43228945716399414, 0.03070530515673007, 0.28180426266205505, -0.6676480902441376, -0.2734870037216568, -0.29217633485632294, -0.6799573296495348, -0.30032444584575013, 0.6939484506616258, 0.611082393208727, 0.18665136239919136, 0.36926167607000226, -0.00861412913084177], [-0.6186740395192676, -0.7698933996168519, -0.44050093776131316, 0.13468485879630393, 0.6459244649666748, -0.2342793906437295, 0.05996975764201708, 0.12100147579970186, 0.020566149875750186, 0.15004618232890504, 0.47737209006645903, 0.6064486635471946, -0.049786314146498686]], "inverted": true, "swapped": true, "error_lsq": 0.04189851263923865, "error_max": 0.24158732967034324, "target": "735.xyz", "model": "22.xyz", "model_rescale": 4.166573947596378, "target_rescale": 4.166890867436806},
{"mapping": [12, 14, 8, 2, 9, 13, 15, 11, 7, 1, 5, 0, 6, 5, 4, 16], "R": [[-0.08336197441903206, 0.26840549904101263, -0.959692278444245], [0.8152461135438347, 0.5722010194973628, 0.08921752987979648], [0.573083375760137, -0.7749480507561292, -0.266516346696862]], "T": [-0.06217764711130882, 0.04201392971661395, 0.09633116930947813], "aligned_model": [[-0.7453818820830279, -0.34645804473484854, 0.25331039156556856, 0.3465200723662147, -0.27916191402974905, -0.45456954466576927, 0.08492404810562232, -0.6587655974576232, -0.6002762941671663, 0.2699283108910146, -0.30750487988909003, 0.7181399040972626, 0.5409660174415345, -0.30750487988909003, 0.3176343558766662, -0.0445668224067637], [-0.10804100538830452, 0.3412970076482455, 0.02928926133024678, -0.4890301620557675, -0.5050475711944851, 0.5584906054797599, 0.501782866410552, 0.04205337277117501, -0.5212268638266737, -0.39671596312567803, 0.5427865850560949, -0.19280855837255456, 0.38359317976988305, 0.5427865850560949, 0.149101734770687, -0.028603636707597295], [-0.30473039303367144, -0.7104094195578006, -0.664956488576719, -0.2719328488930415, -0.3560309536951214, -0.049040647543929755, -0.4139781783390831, 0.3025665730809781, 0.1797441212290422, 0.36379350145445954, 0.5472931505676101, 0.018860310241493483, -0.04336885244314498, 0.5472931505676101, 0.6083961667193543, -0.02223865861394285]], "inverted": false, "swapped": true, "error_lsq": 0.03889569753985073, "error_max": 0.36270222748413994, "target": "735.xyz", "model": "23.xyz", "model_rescale": 4.274766983524099, "target_rescale": 4.166890867436806},
{"mapping": [3, 4, 5, 11, 10, 14, 9, 8, 2, 6, 16], "R": [[0.5190936942938981, 0.35749029474178107, 0.7763648792351103], [-0.7504899693848868, -0.24404948501784607, 0.6141698907592229], [0.40903122423231303, -0.9014657719669442, 0.14160833158771644]], "T": [-0.03436087617139247, 0.0678553116006679, -0.056774484041390634], "aligned_model": [[0.25399377368189613, 0.24945934715756432, -0.46917811154929345, -0.4090049425976988, -0.4926554205615895, -0.5902277858465212, 0.11235846192856322, 0.050995105104005664, 0.5500926340525941, 0.11911701022553808, 0.004944632363016392], [-0.04410295620707383, 0.5746547960910852, 0.45389844272579705, -0.20205568647359648, 0.6600761067888884, -0.2184847343293291, -0.6248561124558879, -0.06218660873609366, -0.2090399184450831, 0.6065739406229, -0.01889073833812291], [-0.7109561280906043, -0.34056292730002874, -0.47657215524484425, -0.4871697702993608, 0.10659489019419835, 0.5991503895227863, 0.16596811854624774, 0.7525814161651986, 0.3511509581412687, 0.37473627754678485, 0.04464536483993079]], "inverted": true, "swapped": true, "error_lsq": 0.0476820673478697, "error_max": 0.217592892541444, "target": "735.xyz", "model": "24.xyz", "model_rescale": 3.7841303162186577, "target_rescale": 4.166890867436806},
{"mapping": [1, 0, 8, 10, 6, 15, 4, 3, 2, 9, 7, 5, 14, 13, 12, 16], "R": [[-0.8138836661537066, 0.5207772724709727, 0.25765172315724266], [0.13351316928840454, 0.599202308499283, -0.7893863611158328], [-0.5654799833723276, -0.6080687674653457, -0.5572115957501313]], "T": [0.10183719835721808, 0.007470192530287759, 0.06429706074956354], "aligned_model": [[0.21577773415481977, -0.02038629455278876, -0.604611119549237, 0.37352227422484274, 0.11161825370088514, -0.21385334204208536, 0.6342331661733142, 0.5205293071648273, -0.40954270110193713, -0.5187713945718266, -0.03412804624124821, 0.6869497839531983, -0.5641761940585126, 0.12674057822088136, -0.3531078894865314, -0.032951567515823815], [-0.07909659541232604, -0.6246998876212964, -0.4090021811654102, -0.37224540168351555, -0.6947707936974179, -0.3918479877006648, -0.28708456670761767, 0.38513840403647126, -0.2261989287714607, 0.33264564003376523, 0.7252255182501731, 0.1191355359831415, 0.008119070827846922, 0.140754120945478, 0.6133632309018243, -0.0026227098510297198], [-0.5305458856303495, -0.44113465885584224, 0.14636443465045218, 0.6721228574799885, 0.14637439290146115, 0.5483698732698554, -0.15416928549368497, -0.389244912251186, -0.45392044242295604, -0.1808474903259396, -0.21870260477068482, 0.4636709773579979, 0.6788227502166494, 0.7150410496627007, 0.34007501512864713, 0.03134394490014435]], "inverted": true, "swapped": true, "error_lsq": 0.04045155472261376, "error_max": 0.2713998905680869, "target": "735.xyz", "model": "25.xyz", "model_rescale": 4.19342608120988, "target_rescale": 4.166890867436806},
{"mapping": [4, 1, 3, 15, 5, 6, 12, 8, 7, 0, 9, 16], "R": [[-0.7858692874544949, -0.608864282649959, -0.10813763613522917], [-0.5692217792672857, 0.6439011436505921, 0.5112512916494638], [-0.24165270336487005, 0.4633309859254078, -0.8526009432541344]], "T": [-0.11463409843028208, -0.03035130333120987, -0.11964472513916391], "aligned_model": [[-0.19360408231198536, 0.3389325521349835, 0.3039618581372783, -0.598613622328454, -0.5935251557648655, -0.4592615452855545, 0.01104998089210632, -0.13835964888667462, 0.44892159624259, 0.12057006315988453, 0.4077032021699545, -0.049966643527482174], [-0.6307232885415005, -0.35535775845036516, -0.5452630995237358, 0.3975290404683291, -0.42264415826648827, -0.07618478568280142, 0.5474708673278781, 0.616934104602399, 0.06309750126092258, -0.15509584468404383, 0.49059552688666225, 0.08241832234372454], [0.1067459509007096, 0.13127853595149064, -0.408227379712391, 0.15626150171908632, -0.48171527515685175, 0.4960710981140738, -0.6677869861640412, 0.3899749533617157, -0.6557607255948767, 0.6544073515421136, -0.20191314366094595, -0.07007742009066174]], "inverted": false, "swapped": true, "error_lsq": 0.047029331214257224, "error_max": 0.23729380491821844, "target": "735.xyz", "model": "26.xyz", "model_rescale": 3.795458400668931, "target_rescale": 4.166890867436806},
