[{"mapping": [1, 2, 0, 3, 7, 12, 9, 6, 11, 5, 8, 13], "R": [[-0.40397585231790906, -0.8380600910728375, -0.3666862343953023], [0.7436374357019047, -0.5343065987353534, 0.4018952883159415], [-0.5327352766306307, -0.1103256194129259, 0.8390598207127069]], "T": [-0.08025737225228036, -0.036934688061495066, 0.0028636134788196516], "aligned_model": [[-0.41637643644762734, -0.5270632807531634, -0.49734198064191326, -0.5415714250546524, 0.46504802617306307, 0.08505420717396492, 0.21521723897364936, -0.2587726437723902, 0.5330895633503375, -0.09887678194957769, 0.42932915710675856, 0.06260376116602176], [-0.3082731492504191, -0.04561042708721068, -0.6398648001396796, 0.1968363754370508, 0.01323358276109994, -0.5546890129803559, -0.536141693365178, 0.6571270968118262, 0.16425392705354736, 0.46160456461543947, 0.51501190408771, -0.031213438380715837], [0.38554301923126255, -0.6228739170327855, -0.23781904890981426, -0.07290406007356974, -0.518211860446328, 0.2021682765176474, -0.4446073819397, -0.2635136017634271, 0.2681757288792481, 0.5716458139426223, -0.21220767733747814, -0.07522496517342304]], "inverted": true, "swapped": false, "error_lsq": 0.039611871876286196, "error_max": 0.17514992714114302, "target": "736.xyz", "model": "0.xyz", "model_rescale": 3.8414455957264533, "target_rescale": 3.788525719638421},
{"mapping": [5, 0, 1, 4, 13, 10, 11, 7, 8, 6, 9, 14], "R": [[0.569513035330005, 0.7851553270497605, 0.2432817605053625], [0.17413283469924012, -0.4044951608369455, 0.8978092340464656], [0.8033259976303593, -0.4689507194416888, -0.367086589602931]], "T": [-0.09016319952213551, 0.023846371111224694, -0.04386101500423635], "aligned_model": [[-0.40518074080142374, -0.3331173388506826, -0.49250525837734255, -0.6166119142575537, 0.46309146916946436, 0.07159446413234609, 0.17702388955655463, -0.24622936157288372, 0.676509762923759, 0.016518677614467264, 0.2546103993916466, -0.11536464360388093], [-0.08324838720420044, 0.04100996586082158, -0.6889526676907396, 0.10824322284651838, 0.08485035653825493, -0.3924342298547489, -0.6192185558884983, 0.55001712655376, 0.010342190174884754, 0.3357710174372428, 0.6081747819480078, -0.06227989115818889], [0.5250128255001466, -0.726646535285359, -0.3241042827697457, -0.15131406065110523, -0.5586763080679686, 0.47471995255901855, -0.535128723308447, -0.3781403761902107, 0.14675011597254112, 0.664199127842854, -0.11598004005615793, -0.04052136965131154]], "inverted": false, "swapped": false, "error_lsq": 0.047073151138830406, "error_max": 0.2825311580675068, "target": "736.xyz", "model": "1.xyz", "model_rescale": 4.316132596720782, "target_rescale": 3.788525719638421},
{"mapping": [0, 6, 2, 4, 10, 1, 8, 3, 9, 5, 7, 11], "R": [[0.6728619152449757, 0.4204256168514727, 0.6086864083482739], [-0.7140503348991184, 0.5841745573546666, 0.38583961145783896], [-0.19336225651176026, -0.6942495136725253, 0.6932738640120095]], "T": [0.004234671934212932, -0.01582298078126123, -0.05890946467641318], "aligned_model": [[-0.3401365279986654, -0.36957223225910046, -0.47184387930668625, -0.7608724114678252, 0.41173244322338615, 0.23361197235501108, 0.0854270071253874, -0.18575681335399125, 0.5727885935871069, -0.11227415612706229, 0.48892608668387555, -0.10169067713696522], [-0.20354165284866543, 0.06302016725439721, -0.7043409346025755, 0.07140269583897749, -0.04720823144131859, -0.473001588973002, -0.60773490225797, 0.5800411752394976, 0.06253820002049443, 0.4095900518795953, 0.7354968699494807, 0.006013079504203489], [0.5327697012576974, -0.7870221753090104, -0.06310970979767455, -0.0954137576145197, -0.5386972625877933, 0.12266982287681233, -0.538580391180038, -0.25857456409732393, 0.41072599900630524, 0.4114194909951247, -0.09137227641019446, -0.12464455124513091]], "inverted": false, "swapped": false, "error_lsq": 0.05193578187888712, "error_max": 0.31322337718531373, "target": "736.xyz", "model": "2.xyz", "model_rescale": 3.795458400668931, "target_rescale": 3.788525719638421},
{"mapping": [5, 0, 10, 4, 1, 6, 2, 7, 8, 9, 7, 11], "R": [[-0.049699547125154994, -0.9108470604927779, 0.409740878369758], [0.9082909597344209, -0.21183704399112982, -0.3607389627664649], [0.41537632031722665, 0.35423537257700055, 0.8378423558969519]], "T": [-0.04228742215069825, -0.10297398022545382, -0.08719665217479684], "aligned_model": [[-0.43619326104850886, -0.2584420011354639, -0.5999091067696872, -0.6504075224048848, 0.44600782189370497, 0.39423485085198867, 0.11972232902185798, 0.0017267227340239943, 0.6254601255983266, -0.09522693566423956, 0.0017267227340239943, -0.09836034048667115], [-0.25390280205877735, 0.10228823592028169, -0.5692311940194678, 0.08516176894040009, -0.08142489462895847, -0.4124868642558701, -0.7962765641004607, 0.6553593418814855, 0.11448227355194696, 0.4049487211654851, 0.6553593418814855, -0.012002434714436072], [0.4748383079223853, -0.8106277579358092, -0.190506878328295, -0.16302288032995194, -0.48389834553294614, 0.15967654688222044, -0.37146708527015726, -0.16654162207391343, 0.25542402320775787, 0.6154886117435194, -0.16654162207391343, -0.17265097231664206]], "inverted": false, "swapped": false, "error_lsq": 0.057404085724924746, "error_max": 0.3735384480477938, "target": "736.xyz", "model": "3.xyz", "model_rescale": 3.7530521520055578, "target_rescale": 3.788525719638421},
{"mapping": [4, 10, 8, 9, 5, 3, 6, 1, 2, 0, 11], "R": [[0.1599469624706737, -0.0825825105034575, 0.9836651351732213], [-0.8772398616405426, 0.44502687663988977, 0.18000362278861592], [-0.4526225738352947, -0.8917012997787381, -0.0012639729516201598]], "T": [0.008721267351378965, -0.022932872597130345, -0.06467350740528159], "aligned_model": [[-0.4751171293537492, -0.23829314972391683, 0.4144742026717643, 0.5958115028101565, 0.2834647595439679, -0.21988668408215795, -0.2817239570672954, -0.6831420959129669, -0.3827303132361051, 0.37138410859695786, -0.04604164180144993], [-0.5373370217741861, -0.11463872186233723, -0.5281697614535065, 0.33302310377437544, -0.3291912683144434, 0.6266411240638476, -0.5933941500438384, 0.19257231394466534, 0.091149618869248, 0.31371933660692425, 0.012828784503596813], [-0.16964004444196573, -0.771532197070963, -0.4745248449972671, -0.3716796223176789, 0.2693757278082845, 0.12803341876755076, 0.4307853827825132, 0.08679659090003124, 0.7671268206902433, 0.26470849159469845, -0.0666189464701304]], "inverted": false, "swapped": true, "error_lsq": 0.05725192163973228, "error_max": 0.3551403215813574, "target": "736.xyz", "model": "4.xyz", "model_rescale": 3.7855080009869324, "target_rescale": 3.788525719638421},
{"mapping": [10, 14, 15, 9, 12, 8, 13, 2, 4, 5, 1, 16], "R": [[0.843241685377926, 0.11841131452744104, -0.5243302591238453], [0.31428360571168584, 0.6827323001126219, 0.6596229389308642], [0.43608402312152755, -0.7210099631591872, 0.5384936005221704]], "T": [0.05540431430871279, -0.00585804957535826, -0.028609796105407363], "aligned_model": [[-0.42602897187573546, -0.3193071368817138, -0.5064302332736244, -0.6439198797270116, 0.281069030033669, -0.02825567189679737, 0.28094099944212003, -0.27283965826602846, 0.6143503999100317, -0.0675805418949412, 0.5217625277505222, 0.01657854200397993], [-0.23347139909255504, 0.0020226413999629485, -0.582756363107995, 0.11053094057311283, 0.052527868771316856, -0.68459457851962, -0.5674422116942393, 0.5708910626586996, 0.2740874649726754, 0.3992106760798567, 0.5473915902612213, 0.003877237260677976], [0.46876172313296854, -0.5918385432316398, -0.20424687553912602, -0.0942854678381447, -0.6679311422418734, 0.1376057415209211, -0.4268861717438166, -0.35326660503488333, 0.36662502794321794, 0.6612433022133074, -0.251160445993087, -0.06445021729358952]], "inverted": true, "swapped": false, "error_lsq": 0.04637891242673453, "error_max": 0.30623914569091487, "target": "736.xyz", "model": "5.xyz", "model_rescale": 4.2253639853439635, "target_rescale": 3.788525719638421},
{"mapping": [9, 4, 1, 0, 2, 8, 10, 7, 11, 12, 6, 13], "R": [[-0.5708963095351414, 0.06937079295301668, 0.8180862404687085], [0.6579474378706798, -0.5573661282570863, 0.5064071169238373], [0.49110342368849735, 0.8273637000477934, 0.27255593019536617]], "T": [-0.015066236198855571, -0.0427918292872309, -0.11493982258605451], "aligned_model": [[-0.37208154366258506, -0.31857933300646474, -0.4799984571603992, -0.7717575296535433, 0.3453888077129958, 0.1652079412807813, 0.2833608592541869, -0.23431450606309345, 0.5308001931463403, -0.0267423222791023, 0.34958072685574476, -0.020525431100390276], [-0.23376979742325005, -0.1300988447771783, -0.5847610305656488, 0.21329488076919279, -0.026429685994625064, -0.632402305540394, -0.6727182895726296, 0.7156270289891495, 0.18848783600762134, 0.5752975109760317, 0.4783974375126123, 0.0013501891822326195], [0.3418576307875379, -0.7483185381417785, -0.28468432687313483, -0.04493601791124885, -0.6806040813320089, 0.2921542486373538, -0.4651488997398422, -0.03669502979317066, 0.3891369042603807, 0.5844692143414094, -0.21039823568206117, -0.15666254265918217]], "inverted": false, "swapped": false, "error_lsq": 0.04584196776985088, "error_max": 0.2068660368550786, "target": "736.xyz", "model": "6.xyz", "model_rescale": 3.89814844738969, "target_rescale": 3.788525719638421},
{"mapping": [0, 10, 1, 2, 9, 6, 5, 4, 8, 7, 11, 12], "R": [[0.7611353230894148, 0.09534923485512936, -0.6415462129559442], [-0.6483152284410156, 0.14079723589759963, -0.7482402708589463], [0.01898379617057444, 0.9854362799167368, 0.16898211061179533]], "T": [-0.0500607975728219, 0.052025401176325335, 0.04764004418950392], "aligned_model": [[-0.4043891517021702, -0.14925863371749204, -0.5292225828544515, -0.6517545746062938, 0.5351239080413992, 0.2680211658443389, -0.017874850811503036, -0.43096725774463707, 0.6091548972023461, -0.08071593438108249, 0.41967188193812277, -0.11744946188410646], [-0.2398981810521336, 0.16117333444477974, -0.6358260315475138, 0.01715254936085172, -0.20261930114822882, -0.5282690771183679, -0.5616602471277428, 0.5592982818450075, 0.1001493246434633, 0.44016768302780096, 0.6733436904670766, 0.10926290376812145], [0.42212959954078483, -0.671491502204872, -0.06218254938451302, -0.3242420976328979, -0.5773886070960594, 0.18713210144421688, -0.4266284387624218, -0.06672901422118753, 0.1918812590587481, 0.5764883316712281, -0.17293910807854745, -0.09585964844022467]], "inverted": true, "swapped": false, "error_lsq": 0.05630967943408168, "error_max": 0.3044088646204093, "target": "736.xyz", "model": "7.xyz", "model_rescale": 3.7474275329858107, "target_rescale": 3.788525719638421},
{"mapping": [12, 7, 10, 11, 3, 1, 0, 9, 2, 13, 8, 14], "R": [[-0.3055683479993617, 0.6124017958907524, 0.7291035763804223], [-0.5668191801518956, 0.49827683833922976, -0.6560763746596843], [-0.7650777749437467, -0.6137460653759359, 0.1948634535326813]], "T": [-0.0407636220667083, -0.011504580592323371, -0.09738076249094804], "aligned_model": [[-0.4138825709802551, -0.4574980451515026, -0.5792759849876129, -0.6319215640788894, 0.5054247619891523, 0.38396492987811, 0.1667154804754477, -0.3692546052941249, 0.7404687317401273, -0.22430327970559788, 0.3410984605966066, -0.011196909156990176], [-0.21802900436831987, 0.0656862308226773, -0.4848643575013831, 0.17995007083992562, -0.08924545167760103, -0.4967501428830604, -0.6040220057485067, 0.6051385987404065, 0.0791942961724885, 0.31500402452865517, 0.5391387704051516, 0.0010739002326807107], [0.3484583689735279, -0.6305333027393227, -0.34476369697554715, -0.07847680442006731, -0.5553863771617317, 0.2885521610720163, -0.29760254083074267, -0.4010010902180394, 0.20268459533777408, 0.7198200411970566, -0.22459540662766633, -0.046985621713002905]], "inverted": true, "swapped": false, "error_lsq": 0.04002665717367119, "error_max": 0.2378580437723618, "target": "736.xyz", "model": "8.xyz", "model_rescale": 4.019505241142653, "target_rescale": 3.788525719638421},
{"mapping": [1, 11, 10, 9, 5, 2, 6, 8, 3, 0, 4, 12], "R": [[0.6776472632733159, -0.2506665140319686, -0.6913468632468409], [0.15050127866392016, -0.8729419549306554, 0.46402770223594464], [-0.7198218888716224, -0.41849568942213294, -0.5538210958751781]], "T": [-0.09037178707575885, -0.020626319211697386, -0.0609049000647666], "aligned_model": [[-0.517653305702134, -0.2182239656522943, -0.652594012314753, -0.7208872920890804, 0.4391477069401689, 0.2993977338791024, 0.0649550173917858, -0.31832348139415656, 0.7382688039892225, 0.05336952287476826, 0.3537623763608331, -0.0708796989589923], [-0.2530052413569904, 0.052839315731658815, -0.7386734716528811, 0.1678262887852916, 0.04865485441089984, -0.33742272984340516, -0.6407702020951729, 0.5454242927124553, 0.09742758505280474, 0.29237045006439893, 0.6677760112976427, -0.010172223543587752], [0.40785499855443796, -0.6654759421339287, -0.14149158963698807, -0.2460423460538804, -0.46751766865491895, 0.2516521618649592, -0.40638570460100193, -0.3503209693901683, 0.1337200065354755, 0.4904729525077886, 0.06732047753619269, -0.09361605063371298]], "inverted": false, "swapped": false, "error_lsq": 0.05652227681810277, "error_max": 0.3310903140269084, "target": "736.xyz", "model": "9.xyz", "model_rescale": 3.877068213659057, "target_rescale": 3.788525719638421},
{"mapping": [4, 6, 13, 3, 10, 2, 14, 12, 8, 1, 11, 15], "R": [[-0.5109926921995478, 0.8243914578377465, -0.24344443465155105], [0.5698760396044282, 0.11287476248918255, -0.8139413906896386], [-0.6435275969245068, -0.5546512528041073, -0.5274791178420277]], "T": [-0.050337274377980024, 0.005504322295654802, -0.03639313722343961], "aligned_model": [[-0.44677806113579993, -0.35795398480876833, -0.3845223153577438, -0.6807474380250698, 0.29881656341749413, 0.11318674273697091, 0.21832807733054038, -0.22121258207086825, 0.6054973939136215, -0.1262981880909232, 0.4599664810575817, -0.02794328364256446], [-0.22245800082545764, 0.036674762692577925, -0.6384896362389796, 0.07860846020468953, -0.0033436235408828945, -0.5865088956855498, -0.5704481878173302, 0.6487572648924169, 0.12852998882595093, 0.45842727754738166, 0.4708895852629771, 0.0916359342453206], [0.46256433749463416, -0.569970627597659, -0.3032838184393942, -0.03600157720075399, -0.6538266080257954, 0.2148748541953499, -0.4898456501996876, -0.37583753145465615, 0.35099363210370105, 0.6998115533330465, -0.2965121685627531, -0.022796069751777497]], "inverted": false, "swapped": false, "error_lsq": 0.03821101959429307, "error_max": 0.17854272450867367, "target": "736.xyz", "model": "10.xyz", "model_rescale": 4.260839863003843, "target_rescale": 3.788525719638421},
{"mapping": [3, 7, 0, 1, 10, 5, 6, 8, 4, 2, 9, 11], "R": [[0.4834746652140758, -0.7499755318776777, -0.45142989453616356], [0.03351844055017661, 0.5311915490265378, -0.8465884787698634], [0.8747163896024938, 0.3941728552647706, 0.2819556666094807]], "T": [-0.04007708510771794, 0.032702765107227666, -0.09366459861460566], "aligned_model": [[-0.30012348562909136, -0.36077790687371386, -0.5609096163470576, -0.7373884897824026, 0.42188285165317246, 0.3078732684471524, 0.10202699586517028, -0.16966116398059425, 0.5576306485485107, -0.19843989372021562, 0.4858651228039867, -0.09763892566044671], [-0.284413491857621, -0.06734213901367252, -0.6415760142371679, 0.14289456675225076, 0.03240138629936504, -0.48415709307032784, -0.711208205810142, 0.6894240573200912, 0.13841841524146084, 0.4229338064781253, 0.6319247804307634, 0.022974861029989656], [0.4856852271014709, -0.6564679651293238, -0.3037023847000666, 0.06405418562536239, -0.5178422949175688, 0.16786425393060686, -0.4537454675508138, -0.35354633694124893, 0.3158137586223213, 0.44762837320416404, -0.10080822834832864, -0.11476279500232024]], "inverted": true, "swapped": false, "error_lsq": 0.045081653476922647, "error_max": 0.231250947533396, "target": "736.xyz", "model": "11.xyz", "model_rescale": 3.890672605050136, "target_rescale": 3.788525719638421},
{"mapping": [2, 6, 1, 11, 8, 4, 0, 9, 7, 10, 5, 13], "R": [[-0.31794032346987694, 0.780140727583285, -0.5387897510882079], [0.7897029728424714, -0.09657504813817797, -0.605840304668542], [-0.5246743422310961, -0.6181049306088179, -0.5853743497638375]], "T": [-0.05807749540301232, -0.00805800005743788, -0.15299695848748443], "aligned_model": [[-0.44179670299983437, -0.3217621127213108, -0.467457624657191, -0.568100024500798, 0.43525184669366307, 0.0992348539634215, 0.059249070405966615, -0.26272281142830217, 0.7396732793906116, -0.28440940389621633, 0.3965204681326676, 0.06665856694179284], [-0.2713139955758988, 0.028817956388815864, -0.6249750709952937, 0.10067394206077629, -0.11660791174439629, -0.41089102912417425, -0.5725716357118108, 0.7332574350964781, 0.1774339014462729, 0.23779003549617414, 0.6122501746554009, -0.0015888724292297644], [0.38460883036856885, -0.6640438549338223, -0.39199387844154354, 0.022549469762001312, -0.6668394662049248, 0.39839711044586257, -0.2804856711759768, -0.2729641883999524, 0.0839642747746506, 0.6763842054261988, -0.269318245312806, -0.04008826041400165]], "inverted": true, "swapped": false, "error_lsq": 0.04579952165324164, "error_max": 0.25396833372166616, "target": "736.xyz", "model": "12.xyz", "model_rescale": 4.124412569039231, "target_rescale": 3.788525719638421},
{"mapping": [1, 10, 4, 2, 7, 0, 5, 8, 3, 6, 9, 12], "R": [[0.6284213370253335, 0.649132869437619, 0.4286177096049292], [0.224028450157779, -0.678698382447128, 0.6994138683094265], [0.7449146774572212, -0.34350403706410104, -0.5719327756209369]], "T": [0.04817925758209224, -0.011649314331956978, -0.08014379085701501], "aligned_model": [[-0.48778012213494887, -0.26608308011544923, -0.4673193387300248, -0.8003114844524786, 0.4143730978061409, 0.1669926372001574, 0.26328132662977993, -0.36131798708727364, 0.6136372732758293, 0.06647168638705783, 0.34768560976126844, -0.039290213215588024], [-0.01110988082887287, 0.02499019278119275, -0.5944998583816102, 0.06272626578616008, -0.004243448189614802, -0.4969176049714346, -0.6322324399699646, 0.5716259043724128, 0.02295664248707717, 0.42074043374231074, 0.5417415762038271, -0.013502853468368844], [0.5327277709025049, -0.7468569240116671, -0.193381135628018, -0.21024854639130647, -0.588990426931864, 0.21509418149342374, -0.45744150240186, 0.0035111357881611738, 0.3532302231381338, 0.4300692113222377, -0.19281916206442395, -0.16472449932106736]], "inverted": true, "swapped": false, "error_lsq": 0.0476256304317779, "error_max": 0.2599026412540208, "target": "736.xyz", "model": "13.xyz", "model_rescale": 3.9028299243045295, "target_rescale": 3.788525719638421},
{"mapping": [3, 10, 7, 4, 14, 6, 9, 5, 1, 2, 12, 15], "R": [[0.05245563066791781, 0.9663044239827572, -0.25200033135411326], [0.9375529627291648, -0.13454699231835515, -0.32076712570936894], [-0.3438645792881212, -0.21943761539315987, -0.9130193229398638]], "T": [-0.05184764611235245, 0.14463167732997653, -0.011065265347459316], "aligned_model": [[-0.4299675480418255, -0.36013367547796493, -0.4045660067106067, -0.7187334906858605, 0.34224613007001203, 0.12673015665860737, 0.21179658130954634, -0.2648676778384843, 0.5058716010692357, 0.071756677162437, 0.41235139868828097, -0.0421447408789063], [-0.1754969165266093, -0.048852360817091295, -0.6265567299760326, 0.12821613969592707, -0.036193553001323486, -0.4117384224053716, -0.5311828944156063, 0.5478206977967841, -0.00036687640204716154, 0.37341774093343594, 0.6346579240556228, 0.03855018062542688], [0.36739539099399166, -0.6613546264239443, -0.3296341815506432, -0.13088627483399506, -0.7824555585408008, 0.3098249693547078, -0.28421694926521734, -0.24379453620432123, 0.2891403583201031, 0.6777951544215963, -0.18028055214815508, -0.051362868229067056]], "inverted": false, "swapped": false, "error_lsq": 0.03986062732399777, "error_max": 0.2357637452450945, "target": "736.xyz", "model": "14.xyz", "model_rescale": 3.942246331269136, "target_rescale": 3.788525719638421},
{"mapping": [7, 5, 9, 2, 4, 6, 10, 1, 13, 8, 12, 14], "R": [[-0.2472074134016102, 0.4123941238403683, -0.8768235748320303], [0.6475030866540357, 0.7435082485092679, 0.16713837731705347], [0.7208524450487648, -0.5264281252180742, -0.45082721906136264]], "T": [0.036520669639999975, -0.02892803466727678, -0.11608209563885646], "aligned_model": [[-0.6112064364306617, -0.4028800238299567, -0.468217289372044, -0.7128109703362422, 0.5164599508413114, -0.03164949152115357, 0.23298881163517612, -0.19415773212253248, 0.7697030310012571, 0.030943482936349603, 0.34095294924720154, -0.01978687672423461], [-0.25077170948732597, 0.10564312494809369, -0.6495315364218083, 0.11626076763587909, -0.15150307825411716, -0.42711583141293713, -0.655510697488251, 0.6738531376229103, 0.28760844637851507, 0.06599654191363374, 0.7292576221487854, 0.048088141979736834], [0.39598673580150917, -0.5538002604058789, -0.2069291785569747, -0.1077021400436809, -0.42960661138245454, 0.27068488458117224, -0.39499955991153823, -0.4470315398374121, 0.03616155007811403, 0.6519017232253166, -0.13957156337032345, -0.0949237142835948]], "inverted": true, "swapped": false, "error_lsq": 0.05888837533522798, "error_max": 0.3364513238714012, "target": "736.xyz", "model": "15.xyz", "model_rescale": 4.355366556412066, "target_rescale": 3.788525719638421},
{"mapping": [0, 6, 2, 4, 10, 1, 8, 3, 9, 5, 7, 11], "R": [[0.6728619152449757, 0.4204256168514727, 0.6086864083482739], [-0.7140503348991184, 0.5841745573546666, 0.38583961145783896], [-0.19336225651176026, -0.6942495136725253, 0.6932738640120095]], "T": [0.004234671934212932, -0.01582298078126123, -0.05890946467641318], "aligned_model": [[-0.3401365279986654, -0.36957223225910046, -0.47184387930668625, -0.7608724114678252, 0.41173244322338615, 0.23361197235501108, 0.0854270071253874, -0.18575681335399125, 0.5727885935871069, -0.11227415612706229, 0.48892608668387555, -0.10169067713696522], [-0.20354165284866543, 0.06302016725439721, -0.7043409346025755, 0.07140269583897749, -0.04720823144131859, -0.473001588973002, -0.60773490225797, 0.5800411752394976, 0.06253820002049443, 0.4095900518795953, 0.7354968699494807, 0.006013079504203489], [0.5327697012576974, -0.7870221753090104, -0.06310970979767455, -0.0954137576145197, -0.5386972625877933, 0.12266982287681233, -0.538580391180038, -0.25857456409732393, 0.41072599900630524, 0.4114194909951247, -0.09137227641019446, -0.12464455124513091]], "inverted": false, "swapped": false, "error_lsq": 0.05193578187888712, "error_max": 0.31322337718531373, "target": "736.xyz", "model": "16.xyz", "model_rescale": 3.795458400668931, "target_rescale": 3.788525719638421},
{"mapping": [0, 10, 1, 2, 9, 6, 5, 4, 8, 7, 11, 12], "R": [[0.7611353230894148, 0.09534923485512936, -0.6415462129559442], [-0.6483152284410156, 0.14079723589759963, -0.7482402708589463], [0.01898379617057444, 0.9854362799167368, 0.16898211061179533]], "T": [-0.0500607975728219, 0.052025401176325335, 0.04764004418950392], "aligned_model": [[-0.4043891517021702, -0.14925863371749204, -0.5292225828544515, -0.6517545746062938, 0.5351239080413992, 0.2680211658443389, -0.017874850811503036, -0.43096725774463707, 0.6091548972023461, -0.08071593438108249, 0.41967188193812277, -0.11744946188410646], [-0.2398981810521336, 0.16117333444477974, -0.6358260315475138, 0.01715254936085172, -0.20261930114822882, -0.5282690771183679, -0.5616602471277428, 0.5592982818450075, 0.1001493246434633, 0.44016768302780096, 0.6733436904670766, 0.10926290376812145], [0.42212959954078483, -0.671491502204872, -0.06218254938451302, -0.3242420976328979, -0.5773886070960594, 0.18713210144421688, -0.4266284387624218, -0.06672901422118753, 0.1918812590587481, 0.5764883316712281, -0.17293910807854745, -0.09585964844022467]], "inverted": true, "swapped": false, "error_lsq": 0.05630967943408168, "error_max": 0.3044088646204093, "target": "736.xyz", "model": "17.xyz", "model_rescale": 3.7474275329858107, "target_rescale": 3.788525719638421},
{"mapping": [2, 11, 7, 1, 10, 9, 12, 3, 4, 0, 8, 13], "R": [[-0.2686665005559221, -0.718774712553195, 0.6412341413813734], [-0.24850758642578907, -0.5914507601043988, -0.7670918966204494], [0.9306246778201532, -0.36544344427831943, -0.01971796303209583]], "T": [-0.019698626999802255, -0.042901679979432394, -0.09323992334914434], "aligned_model": [[-0.41431464893746656, -0.40666301979325364, -0.49035433606955453, -0.65442077530349, 0.3031012382729125, 0.24916991218697018, 0.2096172680928474, -0.19814217363819708, 0.6333799431242204, -0.11339427425360761, 0.3818790602080249, -0.04951878856493511], [-0.18405204345469406, -0.05590171448658798, -0.6101697482970865, 0.22864339548210116, 0.12896140533014747, -0.5863985408158309, -0.644689417524917, 0.5271453675258329, 0.09330128420653536, 0.47225812907271225, 0.5533868086726007, -0.030209996147698898], [0.4796365850979877, -0.7030154719068595, -0.24851202072501977, -0.04954228891639216, -0.6786480693048066, 0.18968239240665946, -0.47337498159981883, -0.41540982511353197, 0.40088855772872656, 0.5586602895699171, -0.08777634790931856, 0.007581506566711471]], "inverted": false, "swapped": false, "error_lsq": 0.045245202325209365, "error_max": 0.2765292402457063, "target": "736.xyz", "model": "18.xyz", "model_rescale": 3.922800546911778, "target_rescale": 3.788525719638421},
{"mapping": [5, 13, 12, 8, 11, 3, 7, 6, 2, 1, 10, 14], "R": [[0.8883865312950638, 0.3043601914199955, -0.3437066261978497], [0.14056922796554044, -0.8930340660443962, -0.42746982236572584], [-0.43704652288137086, 0.3314438576335319, -0.8361431133928608]], "T": [-0.07060102995806634, 0.02769937236933718, -0.05420551622963515], "aligned_model": [[-0.5738050906076066, -0.31218996362659185, -0.4213510330066003, -0.6486412280109439, 0.2855355626511432, 0.15420565681605408, 0.2511722356147612, -0.18557448205265567, 0.5446386122297979, -0.12511948981545884, 0.5005244371670379, -0.019055812034466504], [-0.2767167141974525, -0.1156831970820647, -0.6701739950429566, 0.21893271420008448, 0.030099461752140656, -0.5254079803210193, -0.5913095765508506, 0.7077109134654477, 0.15979130593351104, 0.4478282569242066, 0.551924525093165, -0.04472078461109771], [0.43226158416965155, -0.6810148753864715, -0.1467325013993267, -0.11495082410484066, -0.6709749867325625, 0.1753232479081377, -0.4434366888995262, -0.04266510017744249, 0.28808217936518565, 0.5528385364002417, -0.2769258280921072, -0.0916344171566848]], "inverted": false, "swapped": false, "error_lsq": 0.047082176723570096, "error_max": 0.24881452480460262, "target": "736.xyz", "model": "19.xyz", "model_rescale": 3.9282355846067225, "target_rescale": 3.788525719638421},
{"mapping": [3, 7, 6, 5, 9, 4, 8, 2, 11, 1, 10, 13], "R": [[0.3936993230277289, -0.04888656753970411, -0.9179384219879315], [-0.4641097743756738, 0.8513942662994035, -0.2443970553043992], [0.7934752424470907, 0.5222431491428934, 0.31250461244091193]], "T": [-0.031260318607899955, -0.06137826579491188, -0.16615210151701054], "aligned_model": [[-0.3536156479045286, -0.3079627604490243, -0.5329945376829778, -0.7023105142283754, 0.5339227897289257, 0.20166092523969334, 0.2682965419994254, -0.38493051734418066, 0.6314185136095444, -0.26225604352938603, 0.3809060804191066, -0.021795424533751818], [-0.22559712057018666, 0.12210391194605646, -0.4729592683145887, 0.051244918182738956, -0.1626247448153465, -0.4819168464822379, -0.7349978789627487, 0.6825538853704551, -0.033633184497213565, 0.39549874439372934, 0.6950834331773726, 0.05751908013508394], [0.4937526480885035, -0.6932837980694125, -0.2417027853728412, -0.008996746415602802, -0.5518229842324074, 0.24404643731240983, -0.3535657700336986, -0.18024306841736587, 0.10486477456391341, 0.38102718257157575, -0.1552476761520397, -0.058657887948779686]], "inverted": true, "swapped": false, "error_lsq": 0.046804411771184475, "error_max": 0.3188472592667508, "target": "736.xyz", "model": "20.xyz", "model_rescale": 4.067790424073018, "target_rescale": 3.788525719638421},
{"mapping": [13, 8, 1, 5, 0, 11, 9, 4, 3, 6, 2, 14], "R": [[-0.6283742841439861, 0.7098418509460451, 0.31822995721965885], [0.7545199896955617, 0.4565856092287897, 0.4714118863530965], [0.18932866707485907, 0.5363339706662891, -0.8224965214108748]], "T": [-0.023835893951518847, -0.06615658030864686, -0.09066963088190122], "aligned_model": [[-0.4710400020505696, -0.3121164983253144, -0.5575024969881359, -0.5962095667632483, 0.4339838455988878, 0.19996159625555648, 0.05215016218029149, -0.3361407248705211, 0.7409592092931033, -0.023217537822855447, 0.3430882343584683, -0.02357681554119195], [-0.3781350261700608, 0.08672709802960667, -0.582823535912182, 0.07807152790781278, 0.10653115650309465, -0.2926680384622661, -0.796904528915363, 0.6608422891052629, 0.12512752237509706, 0.4509436365063734, 0.5757339542903692, -0.14117112569463047], [0.3484219769796329, -0.558311342841707, -0.4393246395502861, -0.09793271082076303, -0.6054881048645231, 0.4720376613058606, -0.3442114506069714, -0.21877439734993406, 0.22908630536376529, 0.43863546648721435, -0.174724120322249, -0.06924431788578475]], "inverted": true, "swapped": false, "error_lsq": 0.05094710040334419, "error_max": 0.30767389534708894, "target": "736.xyz", "model": "21.xyz", "model_rescale": 4.186013935880536, "target_rescale": 3.788525719638421},
{"mapping": [1, 5, 2, 0, 11, 9, 8, 6, 10, 7, 4, 12], "R": [[0.16803636335613567, -0.41125869199343984, -0.8958962377696931], [0.24474927517586959, 0.8977675538424053, -0.3662119762770068], [0.9549144322351253, -0.1577330261158692, 0.251512861661982]], "T": [-0.040689104287142557, 0.002919723612184552, -0.1302884955250247], "aligned_model": [[-0.450088252174905, -0.47893359424743387, -0.4904084624086485, -0.7448098693732061, 0.42673590318989435, 0.28311274444461376, 0.16425357013047506, -0.23425330282234796, 0.607850504101963, -0.015041956143959014, 0.4086617057139046, -0.02673958508587957], [-0.1712215834803148, -0.04648256354952354, -0.5416788700566437, 0.1277509980122412, -0.0602634447550814, -0.41371036398551164, -0.6927951017645702, 0.5239250598729929, 0.16491019398373247, 0.3928936152119851, 0.5736124384850935, 0.035334551588714395], [0.4503924657654554, -0.7659298701675918, -0.35581914437281875, -0.028212337130196913, -0.5503929210337608, 0.1968544290577408, -0.37857766697066475, -0.16093469676400807, 0.3691661035099389, 0.4906674832234548, -0.12715424747207588, -0.1598892717512179]], "inverted": true, "swapped": false, "error_lsq": 0.03655564181535526, "error_max": 0.17823969210838186, "target": "736.xyz", "model": "22.xyz", "model_rescale": 4.166573947596378, "target_rescale": 3.788525719638421},
{"mapping": [10, 0, 8, 7, 2, 9, 3, 5, 12, 13, 6, 15], "R": [[0.9243131731039775, 0.11320285000723333, -0.36445887666058663], [-0.22358591033804745, 0.9345655800274528, -0.27676075828458285], [0.3092806148544772, 0.3373014843996251, 0.8891418390206627]], "T": [0.074456483923505, -0.10878915523462776, -0.08384773868207124], "aligned_model": [[-0.4364343710420261, -0.5136028657101526, -0.46446335207617206, -0.6018825011164433, 0.4692605108216872, 0.10657432616632413, 0.313301761738597, -0.30652874484112824, 0.6091222978550821, -0.2632282482332179, 0.4774839365033945, 0.06073665525852637], [-0.03448035243150965, 0.08715522675918108, -0.6787132789168492, 0.11645115158128957, -0.006700384046760266, -0.6244150027952801, -0.5661033261654199, 0.6300209872619162, 0.07100082659014545, 0.44035141250748255, 0.5104138604252926, -0.052706191206373966], [0.4587478466691502, -0.6153999593636508, -0.28090367955247286, -0.02708481811926078, -0.6191204750804631, 0.22200777593082288, -0.3924629268167094, -0.09232181731883526, 0.24960298493020233, 0.4649935839457529, -0.26623230445310686, -0.12165588487717452]], "inverted": false, "swapped": false, "error_lsq": 0.044454689672291825, "error_max": 0.2613858363628695, "target": "736.xyz", "model": "23.xyz", "model_rescale": 4.274766983524099, "target_rescale": 3.788525719638421},
{"mapping": [6, 10, 8, 5, 9, 0, 2, 3, 1, 7, 11], "R": [[0.06870893914843224, -0.16208672861706547, 0.9843815185624498], [-0.39925924879781083, -0.9087169840549335, -0.12175998989616219], [0.9142598831462008, -0.3846574258952028, -0.12715160546832144]], "T": [-0.10265486447706601, 0.12449797904117543, -0.04055102459032029], "aligned_model": [[0.155626320323131, 0.22595986376117078, -0.4368284248062504, -0.3991474488117282, -0.666944544591318, -0.5146921535059787, 0.1875016996806918, 0.07356810316626161, 0.5574972799399338, 0.24703031816725451, -0.04967630936509305], [-0.44152313591601333, 0.7913172580744761, 0.5363549505465172, -0.20006703884543497, 0.5196234809814303, -0.13698492526678652, -0.7337868853175273, -0.04191551279347183, -0.08436796351863393, 0.5837360591741687, 0.12320024412475922], [-0.5584071207412612, -0.1687684246684839, -0.594247461194064, -0.3365523414710181, 0.26125247259328627, 0.2988654023131027, 0.1525738068332084, 0.632201491125611, 0.22143132938552773, 0.4733854221450455, -0.0021681422993774305]], "inverted": true, "swapped": true, "error_lsq": 0.054628586171933266, "error_max": 0.331558869288441, "target": "736.xyz", "model": "24.xyz", "model_rescale": 3.7841303162186577, "target_rescale": 3.788525719638421},
{"mapping": [8, 11, 10, 7, 13, 9, 14, 6, 5, 1, 3, 15], "R": [[0.4865217923462111, 0.3070081449338573, -0.8179502090692942], [-0.6555941677198043, 0.7471281323995363, -0.1095255268371636], [0.5774883832805712, 0.5895299421755036, 0.5647668673484129]], "T": [-0.09375898214101594, -0.03837141989694438, 0.02872702868252422], "aligned_model": [[-0.20577699313980571, -0.24791909623119215, -0.5329278569262126, -0.6865233048647372, 0.330006528990764, 0.14250238679302638, 0.19936114041101413, -0.19234301773679338, 0.7273313205758997, -0.3816005952533681, 0.38918215152667746, -0.09095325882080177], [-0.13723850918930686, 0.16352228316284328, -0.601607267445206, 0.07667246826160626, -0.08429401570235351, -0.5569132045944154, -0.6807217413115929, 0.651961459604287, 0.22216077470095053, 0.29516223235250144, 0.5171876212042822, 0.026382828519518516], [0.6006842364398827, -0.69577360006199, -0.2797388279915888, -0.2125216430309387, -0.6272561296689344, 0.16077130761310757, -0.3328882650263316, -0.16034479800833393, 0.1938707109895734, 0.6278421281260521, -0.29857084924460187, 0.004096055758358225]], "inverted": true, "swapped": false, "error_lsq": 0.047311931778661324, "error_max": 0.3152176866304973, "target": "736.xyz", "model": "25.xyz", "model_rescale": 4.19342608120988, "target_rescale": 3.788525719638421},
{"mapping": [0, 6, 2, 4, 10, 1, 8, 3, 9, 5, 7, 11], "R": [[0.6728619152449757, 0.4204256168514727, 0.6086864083482739], [-0.7140503348991184, 0.5841745573546666, 0.38583961145783896], [-0.19336225651176026, -0.6942495136725253, 0.6932738640120095]], "T": [0.004234671934212932, -0.01582298078126123, -0.05890946467641318], "aligned_model": [[-0.3401365279986654, -0.36957223225910046, -0.47184387930668625, -0.7608724114678252, 0.41173244322338615, 0.23361197235501108, 0.0854270071253874, -0.18575681335399125, 0.5727885935871069, -0.11227415612706229, 0.48892608668387555, -0.10169067713696522], [-0.20354165284866543, 0.06302016725439721, -0.7043409346025755, 0.07140269583897749, -0.04720823144131859, -0.473001588973002, -0.60773490225797, 0.5800411752394976, 0.06253820002049443, 0.4095900518795953, 0.7354968699494807, 0.006013079504203489], [0.5327697012576974, -0.7870221753090104, -0.06310970979767455, -0.0954137576145197, -0.5386972625877933, 0.12266982287681233, -0.538580391180038, -0.25857456409732393, 0.41072599900630524, 0.4114194909951247, -0.09137227641019446, -0.12464455124513091]], "inverted": false, "swapped": false, "error_lsq": 0.05193578187888712, "error_max": 0.31322337718531373, "target": "736.xyz", "model": "26.xyz", "model_rescale": 3.795458400668931, "target_rescale": 3.788525719638421},
{"mapping": [11, 7, 4, 10, 0, 9, 3, 5, 1, 8, 6, 12], "R": [[-0.697262995357234, 0.7167061840356796, 0.012512436632113044], [0.4832996738805986, 0.48293649752106155, -0.7302011809008507], [-0.5293824142643626, -0.5030950060645648, -0.6831176138415189]], "T": [0.036665845262379745, -0.09430113060726836, 0.038840901314375745], "aligned_model": [[-0.4868340646856362, -0.21101471764880558, -0.5876944273761342, -0.6215662621179912, 0.5733077389263133, 0.17734777104143545, 0.03565932607534222, -0.27600259894142065, 0.549717667471132, -0.029815415987181945, 0.32159829495426995, 0.005636093613147715], [-0.20045590006815578, 0.12385943823647222, -0.6482257127869975, -0.05275338490887911, -0.12012557569442317, -0.48041537794447975, -0.5257765159933359, 0.5558685919193385, 0.11391021724733, 0.4705100842500423, 0.6739798590375552, -0.018100793731352538], [0.5145021262827975, -0.7036336124483459, -0.008116418076302853, -0.23077123889857892, -0.5956839351527574, 0.1633345713451178, -0.560245517804709, -0.17651518471312544, 0.24807529835291076, 0.4941652292172989, -0.0598747496170504, -0.10506624259300017]], "inverted": true, "swapped": false, "error_lsq": 0.058183081400355, "error_max": 0.3608837863358444, "target": "736.xyz", "model": "27.xyz", "model_rescale": 3.6321398670334006, "target_rescale": 3.788525719638421},
{"mapping": [4, 9, 13, 6, 0, 1, 2, 12, 3, 7, 8, 14], "R": [[0.8434659046249827, -0.22486831725921952, -0.4878519320738277], [-0.4394661804853852, -0.8111257969684714, -0.385933177767666], [-0.3089251429468739, 0.5399159021414993, -0.7829789746027568]], "T": [0.04898552168591663, 0.025162183478388625, -0.2013549297318989], "aligned_model": [[-0.3215676593994018, -0.38440283847763224, -0.5122345104466938, -0.7132120573569235, 0.6218897800246364, 0.07650690081445223, 0.2279887012418651, -0.41112631851166054, 0.5701225403920913, 0.06485322433587437, 0.2076298025413901, 0.023891840166473256], [-0.15539674642460422, 0.13387845172629276, -0.5183787719669098, 0.0011855193968989264, -0.07998921433546972, -0.5008454657353527, -0.7437340818459873, 0.7004088892141018, 0.06455176611903747, 0.507039010329803, 0.5168101324193665, -0.033254559334062336], [0.517363419260854, -0.6982728943027412, -0.43815154541872336, -0.0517307096954254, -0.4252647073991539, 0.21074423649608748, -0.30235026928528164, -0.07546326295837588, 0.2440939994122719, 0.4056296860204948, -0.21335085606304702, -0.1930767701727056]], "inverted": true, "swapped": false, "error_lsq": 0.05069039023295002, "error_max": 0.303112923507546, "target": "736.xyz", "model": "28.xyz", "model_rescale": 4.156811204709835, "target_rescale": 3.788525719638421},
{"mapping": [3, 1, 7, 10, 6, 2, 0, 5, 8, 11], "R": [[0.7023511451318157, 0.6230977862190752, -0.34416858912590365], [0.20644763150300963, 0.2844104354646285, 0.9362104889636829], [0.6812358214148937, -0.728601299070835, 0.07111893287632345]], "T": [-0.08603694906314527, 0.12390829398592607, 0.015540919673015751], "aligned_model": [[-0.4511502078831441, -0.11254837422057196, 0.19111455504501376, 0.6364503690969696, -0.2093335162827731, -0.7492973705273317, -0.6092388769877174, -0.33123160495191417, 0.3616258942022237, -0.08346549338016658], [-0.08186425932654928, -0.5480189889068798, 0.04209549984606076, 0.12977336285291094, -0.3838984892554117, -0.516976515185709, 0.3850199603228413, 0.2283062638216145, 0.586575552225983, 0.07770794423134314], [-0.5638500506819262, -0.2940902486141914, -0.7012601147666788, -0.2013760419813822, 0.6337595191390996, 0.10210427979509672, -0.09137955528982619, 0.47363231624586655, 0.43197202348313307, -0.030725400354091496]], "inverted": false, "swapped": true, "error_lsq": 0.054204591862850614, "error_max": 0.3205164014387217, "target": "736.xyz", "model": "29.xyz", "model_rescale": 4.117894457231895, "target_rescale": 3.788525719638421},
