[{"mapping": [12, 4, 2, 9, 0, 8, 7, 1, 3, 11, 5, 6, 13], "R": [[0.29822323721200406, 0.770690401338666, 0.5631156240695498], [-0.8742904225129271, 0.45728019831380884, -0.1628222261616985], [-0.3829871510755425, -0.44376922551539055, 0.810178817667131]], "T": [0.004338776249120629, 0.1520286414591146, 0.056475338951144025], "aligned_model": [[-0.12971933673993483, -0.31743015162679133, 0.2956621550613434, -0.403519111977404, 0.3331957841596691, -0.5205383565690794, -0.6434496483509455, 0.40895732867360457, 0.44429263987241285, -0.5244040216798623, 0.170564919271427, 0.14230985737265095, -0.15228553429339722], [0.7094819633379472, -0.5062690806340664, -0.027291270735404327, 0.5152846591395954, 0.6513414521358593, -0.4226173795386126, -0.02517316966084915, 0.5091717835639776, -0.10717581717719049, 0.05104269893818712, -0.1685632845964687, -0.5937505320530401, 0.12901205351592557], [0.13643798173934993, -0.5571312880922702, -0.6321706538911028, -0.4318280302718672, -0.43132812559460665, 0.12622544732901836, -0.2904600405728215, 0.26086887237221995, -0.05512193836210351, 0.5006540573682595, 0.721299335784514, -0.04008391392906967, 0.018018554349027507]], "inverted": true, "swapped": false, "error_lsq": 0.04996471169223254, "error_max": 0.26292439320072514, "target": "737.xyz", "model": "0.xyz", "model_rescale": 3.8414455957264533, "target_rescale": 3.871151758978244},
{"mapping": [4, 13, 9, 7, 2, 11, 0, 5, 8, 1, 10, 12, 14], "R": [[0.9804354797271325, -0.19477143321091545, 0.028466803424234195], [-0.19683760413634233, -0.9709273294371774, 0.13621702738591746], [0.0011080117746191387, -0.1391553439755624, -0.9902699442843608]], "T": [-0.013700693107699835, 0.13300868241584357, -0.06082435549242392], "aligned_model": [[-0.3009004304860236, -0.2158905155588, 0.2265684997918371, -0.2236459583659582, 0.2524861171429293, -0.5070720336193806, -0.7021643137886886, 0.32100270674892895, 0.4642833206846539, -0.6190734096789716, 0.3888843568990141, 0.06404129952665913, -0.044883116122506415], [0.5899185005964565, -0.4303681653904778, 0.10604629400176026, 0.4346356104129079, 0.8145968436166462, -0.5223669700786491, 0.1768784020280257, 0.4871629604693349, -0.47136182902856466, 0.059539798052386655, -0.0750187544039535, -0.5687988197964651, 0.1136302057564522], [0.006754959006703573, -0.5261981876879349, -0.6988317414589618, -0.587985795696291, -0.15667261149082506, 0.17011476334433612, -0.2835588615913649, 0.3828773082900299, -0.23566704180199438, 0.5528727100295238, 0.4520412832977637, 0.2285058300859782, 0.021127643901584475]], "inverted": false, "swapped": false, "error_lsq": 0.05164866370004795, "error_max": 0.3271402007273019, "target": "737.xyz", "model": "1.xyz", "model_rescale": 4.316132596720782, "target_rescale": 3.871151758978244},
{"mapping": [6, 1, 5, 7, 9, 0, 10, 4, 11, 2, 8, 12], "R": [[-0.306993689862417, 0.7876089239011035, 0.5342537387571605], [-0.9505222490278669, -0.22568631842687045, -0.2134786635191708], [-0.047563941044285296, -0.5733566679356502, 0.8179240813462241]], "T": [-0.01512496956983565, 0.0409413643341221, -0.050708358216795445], "aligned_model": [[-0.18755896403053487, 0.5078259415491572, 0.13500188665379756, -0.537406637245329, -0.4577340809113178, -0.5767454004673144, -0.19424288088971947, -0.23905118591282426, 0.4296728374499903, 0.33329625436718624, 0.4206764496064607, -0.03592566553777147], [-0.5447184680094304, -0.45966859918237035, -0.6010664044663616, 0.44170502028703984, -0.22903120893501216, -0.036954371332992786, 0.4058000052108789, 0.41298231013887726, 0.04935346077341942, 0.06009052511036633, 0.5261429257158879, -0.011858767569321783], [0.21963150069111134, 0.07103808450070245, -0.48041993449834375, -0.13281798781645435, -0.4708071786175787, 0.31760933331114233, -0.7389484225777313, 0.6194813957761008, -0.567246128476534, 0.627171997138001, -0.013342761611293642, -0.0020914366097008266]], "inverted": true, "swapped": true, "error_lsq": 0.04235541341304361, "error_max": 0.26096477170596866, "target": "737.xyz", "model": "2.xyz", "model_rescale": 3.795458400668931, "target_rescale": 3.871151758978244},
{"mapping": [4, 2, 3, 5, 7, 9, 6, 8, 1, 11, 0, 12], "R": [[0.5521093601940164, -0.7468822724532764, 0.3705969852564698], [-0.1476538092023622, 0.34987268213017075, 0.9250878114682266], [-0.8205934480692535, -0.5654696962650347, 0.08288797012681022]], "T": [0.20130819788599102, 0.07589230709841668, 0.029867695689600654], "aligned_model": [[-0.23461247371163402, -0.07329208971804069, -0.7046580090711865, 0.30883194267000835, 0.14132514763456658, 0.13223261449923085, -0.3407904493180754, 0.6301333953204751, 0.19025069514799933, 0.8181524377571379, -0.4066687475301863, 0.13239936206327024], [-0.06831113881342901, -0.5872037021987694, -0.24809894788533202, 0.10810219761312304, 0.6023937724991619, 0.6364762881332562, -0.015481904884675962, -0.23434330013742607, -0.48706214209998777, 0.005320502555334589, 0.3156909317093952, 0.058286488799058234], [-0.6235006968264954, -0.22739516662457218, -0.06255080449153409, 0.808819076849421, -0.36929377565882393, 0.38517769927674084, 0.4088061749506642, -0.3530192823879338, 0.5008987000698367, 0.311381327228773, -0.14334843925791932, 0.05279661751094339]], "inverted": false, "swapped": true, "error_lsq": 0.05147336988512285, "error_max": 0.28297388242015015, "target": "737.xyz", "model": "3.xyz", "model_rescale": 3.7530521520055578, "target_rescale": 3.871151758978244},
{"mapping": [1, 5, 11, 10, 8, 9, 2, 6, 3, 7, 12], "R": [[-0.8360947910754685, 0.02577609383046725, -0.5479790993489733], [0.4410029532303889, -0.5625376926085038, -0.6993337827080686], [-0.3262849913473562, -0.8263697340667455, 0.45896750107160333]], "T": [0.028644284477830635, -0.039386238970110524, 0.06731771791152352], "aligned_model": [[-0.4846324772052346, -0.3734534000342309, 0.24785184319806292, 0.6532678391000469, 0.44549233016266154, -0.031143351028982184, -0.24639761374308689, -0.6135905886617729, -0.6544465513657212, 0.4346856461306793, -0.03943407410721716], [-0.49864197834476054, 0.02565974969016495, -0.324371660071324, 0.2651252455307471, -0.5337548645750115, 0.5342079285746507, -0.5571714980529805, 0.13538110348493487, 0.02316895068830631, 0.4227841896941401, -0.025183808304521573], [-0.1867321179359397, -0.6060696582839213, -0.5118700552335358, -0.32764761093110806, 0.1599297514672171, -0.268369940874618, 0.5546945695609133, 0.12028284526203163, 0.7483170122308405, 0.315633136464298, 0.09466284551913846]], "inverted": true, "swapped": true, "error_lsq": 0.057331609741399815, "error_max": 0.29618007178381295, "target": "737.xyz", "model": "4.xyz", "model_rescale": 3.7855080009869324, "target_rescale": 3.871151758978244},
{"mapping": [6, 14, 1, 11, 4, 15, 13, 7, 3, 8, 10, 9, 16], "R": [[-0.3913736772319172, -0.13110082870552303, -0.9108453312624996], [-0.8991491313506875, 0.2651362978973464, 0.34818613287808303], [0.19585066852393318, 0.9552566755851617, -0.22164656412566774]], "T": [-0.005494687945892293, 0.03722438614647008, -0.11950280696078922], "aligned_model": [[-0.2249818984489581, -0.26875220291096324, 0.25679544669222676, -0.42583804974921413, 0.3723422171147966, -0.5000379897847127, -0.7176994072420085, 0.232625194131851, 0.5451741229224047, -0.452297958305351, 0.15477539700199866, 0.14429024976221122, -0.012758598010588169], [0.6472652404722739, -0.5274478345305382, 0.30236466958462216, 0.5137879731216115, 0.6660754617593142, -0.46930228148385567, 0.15663232999665938, 0.5219415753461675, -0.3829919593992499, 0.11387714304326696, -0.17457190464485148, -0.6396219307981497, -0.013514406231410432], [-0.043656986074012374, -0.38320370294519945, -0.7782959872224124, -0.5976605571412171, -0.2132385084841519, 0.30260590447683433, -0.17758739728566594, 0.3998406633260093, -0.06852546814895802, 0.4188289368736545, 0.5590398262997291, 0.042847292895433625, -0.13561375834149614]], "inverted": false, "swapped": false, "error_lsq": 0.04195748703190849, "error_max": 0.21308358860524432, "target": "737.xyz", "model": "5.xyz", "model_rescale": 4.2253639853439635, "target_rescale": 3.871151758978244},
{"mapping": [5, 4, 1, 10, 8, 3, 2, 11, 9, 6, 12, 7, 13], "R": [[0.5173713179386038, 0.8187247463422324, -0.24903154238232406], [-0.7111494378156679, 0.573207915343631, 0.4070616204972761], [0.4760182732510715, -0.033503365715341155, 0.8787969777012279]], "T": [-0.014230207508779076, 0.029616107502002074, -0.10708803331569533], "aligned_model": [[-0.2998434066345556, -0.40583518063576984, 0.17599601981322338, -0.2961956964969018, 0.40030537872192523, -0.4821838113173518, -0.6661219202242538, 0.1236712840813089, 0.5843873311317299, -0.38409766798438966, 0.44533652620417596, -0.03325132925879611, -0.05853100422665158], [0.5800464275735364, -0.30544931988981383, -0.05749170953399766, 0.5455322417269987, 0.608771097272262, -0.4746432877923298, 0.16734771783274213, 0.4392260445863293, -0.029629053140962654, -0.011871531106210954, -0.1737133079572252, -0.5634940018937241, -0.010137241441744459], [0.020163016510121617, -0.5921529945275668, -0.8106020648803309, -0.6197657877142679, -0.3035686205788328, 0.0653977911404206, -0.18607417416216712, 0.5400260732159046, -0.210738797219059, 0.4175020977839528, 0.6795499587381122, 0.4194571319710752, -0.0938133720488142]], "inverted": false, "swapped": false, "error_lsq": 0.04462150547564766, "error_max": 0.2902666668777469, "target": "737.xyz", "model": "6.xyz", "model_rescale": 3.89814844738969, "target_rescale": 3.871151758978244},
{"mapping": [2, 3, 6, 1, 5, 7, 0, 10, 9, 4, 11, 8, 12], "R": [[0.6585783964869685, -0.6269203727323199, -0.4162275122259731], [-0.34942488013930667, -0.7446400174936217, 0.5686945555275962], [-0.6664658647074768, -0.22908969989999098, -0.7094654047798578]], "T": [-0.145825093532525, 0.005240706478351745, -0.0035255502625938795], "aligned_model": [[-0.3137782015476578, -0.4070916764879958, 0.1035605572819768, -0.2709402280608795, 0.3224730961856659, -0.6039489993817382, -0.5903944056727893, 0.24750888356460868, 0.7429694047625728, -0.44181525896790697, 0.2093955179289442, 0.21398231426053074, -0.1082844806916384], [0.6777219039314398, -0.5604206146761732, -0.13156091083801097, 0.621267567643589, 0.4746912686696519, -0.4319256341663492, 0.10130916908866998, 0.5050538656501551, 0.07464761951173111, 0.19213119401486195, -0.3710666824164166, -0.5649598773591729, 0.1276052071818844], [0.14176256728693035, -0.5174798080038843, -0.6170954042280843, -0.5689048224938085, -0.40712136192293, 0.17049386544363856, -0.3831824541417818, 0.3630516604744886, -0.059854044456528366, 0.5377299864464309, 0.6190107422370092, -0.059173513417787205, 0.10614284500485442]], "inverted": true, "swapped": false, "error_lsq": 0.055562298247737604, "error_max": 0.33721699278394135, "target": "737.xyz", "model": "7.xyz", "model_rescale": 3.7474275329858107, "target_rescale": 3.871151758978244},
{"mapping": [8, 0, 7, 5, 9, 1, 3, 4, 11, 2, 13, 12, 14], "R": [[0.14059565265727547, 0.4819526429867425, 0.8648436346369026], [0.2780427683570354, -0.8575872666089749, 0.4327080992014166], [0.9502237007243246, 0.17962664075309262, -0.25457648853248155]], "T": [-0.05148454721150556, -0.05074857962326741, -0.11894872585806407], "aligned_model": [[-0.19436279783247226, -0.5227806056739567, 0.22259579137411037, -0.1842754842271724, 0.41813180876109496, -0.5332521182050138, -0.6728242549817388, -0.02179171909240283, 0.5527105530840235, -0.6337393163338872, 0.43531608287623974, 0.2985396353509582, -0.060631051926089426], [0.5907960515535609, -0.4247197778833091, 0.10568054027532527, 0.4843716942156917, 0.5090224816114282, -0.5007584168479468, 0.22490629246288035, 0.36752761828932307, -0.06612491490396276, 0.1388423959049468, -0.146351118826689, -0.5175365569648072, -0.05116221265058096], [0.06330551295191267, -0.3877215030820008, -0.7225110924553885, -0.5761514419424135, -0.3344882287237731, 0.24187390922721588, -0.34717207266505234, 0.5416488854482459, -0.26452277808605584, 0.45865333584389023, 0.6307159523391958, 0.0816371027296724, -0.059887323356900876]], "inverted": false, "swapped": false, "error_lsq": 0.052892779106858315, "error_max": 0.2766882468205048, "target": "737.xyz", "model": "8.xyz", "model_rescale": 4.019505241142653, "target_rescale": 3.871151758978244},
{"mapping": [8, 2, 0, 4, 7, 6, 5, 9, 1, 11, 10, 10, 12], "R": [[-0.983196994656099, -0.12201004290304247, 0.13578372188893828], [0.18218541950933018, -0.7026784567388003, 0.6877873649271171], [0.011495330244241535, 0.7009682844936536, 0.7130997977258163]], "T": [-0.11760515750590012, 0.0288116579902438, -0.11478546730091832], "aligned_model": [[-0.1369498253283139, -0.19512627833151067, 0.16118609048227828, -0.3391401866697012, 0.2910264002309868, -0.48044984440794636, -0.7803793118795481, 0.21988992015049447, 0.5095506610719933, -0.4360250906860676, 0.22200766726787857, 0.22200766726787857, -0.15396134599472905], [0.6753885434423044, -0.41199772521022043, 0.18380244537182389, 0.5835803828975245, 0.7636226646656304, -0.5185205169795408, 0.0908099216534137, 0.3609877253495252, -0.22128658458138686, 0.2536131265943611, -0.5440274748213703, -0.5440274748213703, 0.04254904267516599], [0.07938210571799517, -0.501631335477154, -0.6812652762465873, -0.6898929041866401, -0.4504296607050735, 0.19639464356206437, -0.20087469275338315, 0.3782623947387309, -0.09400686154810645, 0.3703151097549734, 0.5134646543756324, 0.5134646543756324, -0.10780257337953661]], "inverted": false, "swapped": false, "error_lsq": 0.05704102197752585, "error_max": 0.4360430820852514, "target": "737.xyz", "model": "9.xyz", "model_rescale": 3.877068213659057, "target_rescale": 3.871151758978244},
{"mapping": [12, 8, 1, 0, 5, 9, 11, 6, 4, 10, 13, 2, 15], "R": [[-0.014998551856129132, -0.9769222587111299, 0.21306793254021972], [0.9525664231497304, -0.07873944447918442, -0.2939682114971591], [0.303960939809621, 0.1985522609235515, 0.9317643193169602]], "T": [0.0025864601904883183, 0.012210962641970982, 0.03552703470236804], "aligned_model": [[-0.1892829844563365, -0.4204387987522495, 0.2580356220625148, -0.32991147504244306, 0.340854455430549, -0.42636143465729337, -0.6811806250848386, 0.020518340413626594, 0.6251111192537209, -0.562583104841248, 0.35750742909699623, 0.14700744418944378, -0.035639464438749026], [0.7322518125391585, -0.3680110786850729, 0.09390766672880323, 0.4231103147359913, 0.5406111310912773, -0.4798754236767286, 0.23482203656157064, 0.40504413156220154, -0.18042644526503593, 0.09352289998265721, -0.21473746879492356, -0.6281517884793588, 0.062426287935320374], [-0.01853317620903258, -0.4858209924288597, -0.78968686753369, -0.5597652306163928, -0.430695516898844, 0.13299495663114025, -0.13049151584590804, 0.5105692688169787, -0.1473514978760804, 0.4564575646804401, 0.6837276296284066, 0.1326531604698481, -0.028677524589457937]], "inverted": false, "swapped": false, "error_lsq": 0.03925948805546449, "error_max": 0.21717592567535343, "target": "737.xyz", "model": "10.xyz", "model_rescale": 4.260839863003843, "target_rescale": 3.871151758978244},
{"mapping": [3, 0, 9, 6, 11, 1, 2, 4, 7, 10, 8, 12], "R": [[-0.5249409535069683, -0.7954678152028036, 0.3027671552656813], [-0.5458078448396901, 0.5875599296576998, 0.5973835665400343], [-0.6530932489642254, 0.14833841052511365, -0.7426068435721793]], "T": [-0.091332075628453, 0.04826997906241547, 0.04183358532643835], "aligned_model": [[0.39539130333862693, 0.29975562976147163, -0.42880124277126674, -0.2014971187005255, -0.5976118607873862, -0.4686932452388348, 0.3086072528953515, 0.6933993953712194, 0.2534174285463392, -0.314495570775133, 0.10142841331192251, -0.08200173585765531], [-0.13471560936438248, -0.4396796803842981, -0.5164617918730479, -0.21890758859977416, 0.3809876371460853, 0.4369431456642539, 0.5044978792073589, 0.05098043447348193, -0.35855174461581324, -0.1497172773897505, 0.5942018620477163, 0.023501239221104118], [-0.7729687879058792, -0.2152631133449747, 0.15347418182347902, -0.5600753543012613, 0.35441455042155623, -0.45358735141374196, -0.419891931028696, -0.10615592082922493, 0.4365176413894442, 0.7833715417966644, 0.3443916673150934, -0.028049046526954675]], "inverted": true, "swapped": true, "error_lsq": 0.04647173359155526, "error_max": 0.2361899101982416, "target": "737.xyz", "model": "11.xyz", "model_rescale": 3.890672605050136, "target_rescale": 3.871151758978244},
{"mapping": [7, 2, 0, 3, 8, 10, 4, 5, 6, 12, 9, 11, 13], "R": [[-0.7033554417496509, -0.3618590913398571, -0.6118407640684347], [0.15404721439250996, -0.9178701841424032, 0.365764652201793], [-0.6939456594713025, 0.16301019316927234, 0.7013323738598234]], "T": [0.07728718476299046, -0.02811012915531473, -0.11011804798099546], "aligned_model": [[-0.3364112992008293, -0.36935920844667675, 0.08214360057536724, -0.25669193595632156, 0.41593320460454597, -0.6131711000476833, -0.5499883735966975, 0.15763908494807566, 0.6401961338165192, -0.4264869935133855, 0.35787500327685573, 0.06486254646393183, -0.06290413975000819], [0.6769649968460607, -0.5467144822668348, 0.11312131062771154, 0.641997748440084, 0.5852771883625428, -0.46901816359976245, -0.03151261864658499, 0.4479620027953076, -0.14217625906538706, 0.12672399205014495, -0.18394592358450118, -0.5654022153966395, 0.06121649967371841], [0.13213554092241497, -0.3027852689431115, -0.6834631756218311, -0.6509290457521023, -0.2782427570271445, 0.2482225254142008, -0.4224813633285962, 0.4996942831108697, -0.15681683837590216, 0.41654134760363437, 0.5989701674743565, 0.00788621601329613, -0.0833513732615371]], "inverted": false, "swapped": false, "error_lsq": 0.04290200343039645, "error_max": 0.258308956354284, "target": "737.xyz", "model": "12.xyz", "model_rescale": 4.124412569039231, "target_rescale": 3.871151758978244},
{"mapping": [8, 7, 10, 11, 2, 3, 9, 1, 4, 6, 1, 0, 12], "R": [[0.6032609957316075, -0.06028516312904826, 0.79526213925687], [0.3340231553531106, 0.924571561164703, -0.1832920073909815], [-0.7242269690620897, 0.3762088879757733, 0.5778946010226873]], "T": [-0.12638203695564698, -0.148733196759587, -0.09144344973877258], "aligned_model": [[-0.27597977352650255, -0.37336210203645276, 0.07091472685724484, -0.1664453926242126, 0.39881825701090046, -0.5433142780557558, -0.7338147364108096, 0.22877537935910763, 0.6531230140726179, -0.4632472570593853, 0.22877537935910763, 0.14357615064177104, -0.06418284441393697], [0.544939390859147, -0.3932203263971774, 0.13013977660702994, 0.7137368232059867, 0.5272815877578493, -0.554437403273757, 0.013024097003420582, 0.221599017561358, -0.16440181926925782, 0.11389154747895322, 0.221599017561358, -0.5766972232490042, -0.08296040961004589], [0.015022410036317532, -0.6132715492220191, -0.7455944445497054, -0.5865123878975419, -0.1892400548956848, 0.32126101948087993, -0.2076388263570962, 0.5406811895385668, -0.19343671147501815, 0.4234962379744398, 0.5406811895385668, 0.19269870196369468, -0.17276651590685255]], "inverted": false, "swapped": false, "error_lsq": 0.056887173759025744, "error_max": 0.43994358123741123, "target": "737.xyz", "model": "13.xyz", "model_rescale": 3.9028299243045295, "target_rescale": 3.871151758978244},
{"mapping": [5, 1, 2, 8, 0, 11, 12, 4, 6, 10, 7, 9, 15], "R": [[-0.7890693254355392, -0.5647509054251592, -0.24171473781746652], [0.5899197390636306, -0.8063839827730697, -0.04170819811667599], [-0.1713601503261523, -0.17550295481417105, 0.9694505720931283]], "T": [-0.09097243372792806, 0.08265655203723966, -0.06632196142634156], "aligned_model": [[-0.35861051046212755, -0.11452356474418349, 0.13415961655342834, -0.31376400242997815, 0.37546982349918334, -0.5012298761436375, -0.7267523173548831, 0.19576321840088506, 0.33889814596327245, -0.2158637333932899, 0.35053344800676756, -0.0017371665949190013, -0.05870655812682479], [0.5091141727341826, -0.423016406666441, 0.1542766592241714, 0.6495120996401317, 0.7214124148384903, -0.5292390546979304, 0.06887569182341849, 0.562117412083292, -0.4207078742724457, 0.17158379628787374, -0.18152106844251337, -0.5713207904986916, 0.0034070241823223046], [0.026444364827713798, -0.4736780204294291, -0.7636998286822718, -0.5412386537258742, -0.3145939446516667, -0.12226198054186647, -0.34887163215336414, 0.31742694523643017, -0.14533968912784956, 0.6629562506072137, 0.679272229181723, 0.34012134213887174, 0.008842875548916912]], "inverted": false, "swapped": false, "error_lsq": 0.05315745274057811, "error_max": 0.331859005834106, "target": "737.xyz", "model": "14.xyz", "model_rescale": 3.942246331269136, "target_rescale": 3.871151758978244},
{"mapping": [7, 1, 5, 2, 9, 12, 0, 6, 4, 8, 11, 13, 14], "R": [[0.9611330352600148, 0.12320736819316189, 0.24706928776111803], [-0.01767821267659707, 0.9205288477347898, -0.39027441792234], [-0.2755190906787268, 0.3707378924671378, 0.8869287715259849]], "T": [0.07899592565677108, 0.0007369940490774621, -0.07063801512774312], "aligned_model": [[-0.27929856319019486, -0.37386690763632524, 0.02621810291492868, -0.3372844489937943, 0.3910052497532117, -0.3586638522899376, -0.6200284514867093, 0.1524206891163376, 0.5271523746782817, -0.3916771532454977, 0.32340240034666046, 0.057072724691927756, -0.012815641485195442], [0.7705093569354373, -0.3652208821136631, 0.09736376589057821, 0.4593517151740869, 0.7152449404766276, -0.6886717459302696, 0.21669198980089313, 0.41654079440850944, -0.37406055440244423, 0.19391904291822523, -0.053656988742168475, -0.6751384189989077, 0.001621060818956039], [0.02963699036854675, -0.6342260942039637, -0.6956638758561098, -0.5167670389400267, -0.2713639035953974, -0.10593342800924216, -0.14443396919881735, 0.2961117538646604, -0.02219658866480559, 0.5124472917349562, 0.601238308627095, 0.3806286973627603, -0.10409788526110864]], "inverted": false, "swapped": false, "error_lsq": 0.05292058061221562, "error_max": 0.3752488664240468, "target": "737.xyz", "model": "15.xyz", "model_rescale": 4.355366556412066, "target_rescale": 3.871151758978244},
{"mapping": [6, 1, 5, 7, 9, 0, 10, 4, 11, 2, 8, 12], "R": [[-0.306993689862417, 0.7876089239011035, 0.5342537387571605], [-0.9505222490278669, -0.22568631842687045, -0.2134786635191708], [-0.047563941044285296, -0.5733566679356502, 0.8179240813462241]], "T": [-0.01512496956983565, 0.0409413643341221, -0.050708358216795445], "aligned_model": [[-0.18755896403053487, 0.5078259415491572, 0.13500188665379756, -0.537406637245329, -0.4577340809113178, -0.5767454004673144, -0.19424288088971947, -0.23905118591282426, 0.4296728374499903, 0.33329625436718624, 0.4206764496064607, -0.03592566553777147], [-0.5447184680094304, -0.45966859918237035, -0.6010664044663616, 0.44170502028703984, -0.22903120893501216, -0.036954371332992786, 0.4058000052108789, 0.41298231013887726, 0.04935346077341942, 0.06009052511036633, 0.5261429257158879, -0.011858767569321783], [0.21963150069111134, 0.07103808450070245, -0.48041993449834375, -0.13281798781645435, -0.4708071786175787, 0.31760933331114233, -0.7389484225777313, 0.6194813957761008, -0.567246128476534, 0.627171997138001, -0.013342761611293642, -0.0020914366097008266]], "inverted": true, "swapped": true, "error_lsq": 0.04235541341304361, "error_max": 0.26096477170596866, "target": "737.xyz", "model": "16.xyz", "model_rescale": 3.795458400668931, "target_rescale": 3.871151758978244},
{"mapping": [2, 3, 6, 1, 5, 7, 0, 10, 9, 4, 11, 8, 12], "R": [[0.6585783964869685, -0.6269203727323199, -0.4162275122259731], [-0.34942488013930667, -0.7446400174936217, 0.5686945555275962], [-0.6664658647074768, -0.22908969989999098, -0.7094654047798578]], "T": [-0.145825093532525, 0.005240706478351745, -0.0035255502625938795], "aligned_model": [[-0.3137782015476578, -0.4070916764879958, 0.1035605572819768, -0.2709402280608795, 0.3224730961856659, -0.6039489993817382, -0.5903944056727893, 0.24750888356460868, 0.7429694047625728, -0.44181525896790697, 0.2093955179289442, 0.21398231426053074, -0.1082844806916384], [0.6777219039314398, -0.5604206146761732, -0.13156091083801097, 0.621267567643589, 0.4746912686696519, -0.4319256341663492, 0.10130916908866998, 0.5050538656501551, 0.07464761951173111, 0.19213119401486195, -0.3710666824164166, -0.5649598773591729, 0.1276052071818844], [0.14176256728693035, -0.5174798080038843, -0.6170954042280843, -0.5689048224938085, -0.40712136192293, 0.17049386544363856, -0.3831824541417818, 0.3630516604744886, -0.059854044456528366, 0.5377299864464309, 0.6190107422370092, -0.059173513417787205, 0.10614284500485442]], "inverted": true, "swapped": false, "error_lsq": 0.055562298247737604, "error_max": 0.33721699278394135, "target": "737.xyz", "model": "17.xyz", "model_rescale": 3.7474275329858107, "target_rescale": 3.871151758978244},
{"mapping": [2, 5, 4, 6, 0, 12, 9, 1, 8, 7, 11, 10, 13], "R": [[0.3373345762271262, 0.5139076357849756, 0.7887359035593361], [-0.8919621390797753, -0.09342122490090003, 0.442352819801397], [0.30101316604078454, -0.8527434647183831, 0.42687194479163265]], "T": [-0.016861244274165972, 0.033045422281407846, 0.0313713699655247], "aligned_model": [[-0.20228968557243832, -0.16205452823827293, 0.0338461218311882, -0.3466463802504994, 0.42679915135448493, -0.5827822641219134, -0.6000376519849873, 0.2769392598348039, 0.5561660774295882, -0.5413512131226095, 0.0553619869511647, 0.20373050886362531, -0.014044859800441165], [0.7182065630083974, -0.534459546343263, 0.05354925821143798, 0.47707282913661436, 0.6450799393720872, -0.4457917803735382, 0.06803122823207154, 0.45992088160438616, -0.16245065411087345, 0.15059366602980045, -0.22995082637132247, -0.617879443918301, 0.1325719617583629], [0.02957464932330932, -0.39298338439493163, -0.7970211564103581, -0.5062904545216189, -0.3260102104510895, 0.12978506800381334, -0.2948270922128853, 0.4896038686196338, -0.3562823723289944, 0.5591136981952436, 0.7002162248250189, 0.09521075807305293, -0.004709338491646828]], "inverted": true, "swapped": false, "error_lsq": 0.041330388630215646, "error_max": 0.21511055944829943, "target": "737.xyz", "model": "18.xyz", "model_rescale": 3.922800546911778, "target_rescale": 3.871151758978244},
{"mapping": [11, 6, 2, 10, 9, 8, 4, 7, 0, 13, 12, 5, 14], "R": [[0.04358971738953227, -0.9171476085333408, 0.3961567880265025], [-0.9335107881100069, -0.17864768508242118, -0.31087395049589894], [0.35588979336324783, -0.35626572775986554, -0.8639543889602037]], "T": [-0.06390537265168544, -0.05958171973612503, -0.06568946714725378], "aligned_model": [[-0.33490370190389035, -0.5456209823967697, 0.3051035757010094, -0.33835225620593273, 0.31636643172351536, -0.44674414263663037, -0.7361815608856412, 0.20856534555215572, 0.7021674439787056, -0.4709561921322962, 0.20115447510874118, 0.2645263780897309, -0.021488290819004177], [0.5921277246469343, -0.2655438617934337, 0.18871424086548186, 0.43515735993334725, 0.6082817945070446, -0.5024791419085513, 0.18240927707966573, 0.5271018847641157, -0.3628225666015101, 0.15740155841899017, -0.16323638531342077, -0.6975364543699472, 0.014918646007143849], [0.029590742829648728, -0.5143512989094381, -0.6272145999528567, -0.6405918922756154, -0.3341943405759807, 0.11226278389513449, -0.18124128792861605, 0.4031101435509036, -0.2057611062795986, 0.4432718616208646, 0.6675315308988962, 0.19446445238680432, -0.02149673103159873]], "inverted": true, "swapped": false, "error_lsq": 0.043819712733248334, "error_max": 0.3041019855676025, "target": "737.xyz", "model": "19.xyz", "model_rescale": 3.9282355846067225, "target_rescale": 3.871151758978244},
{"mapping": [4, 7, 9, 8, 11, 5, 6, 0, 10, 3, 1, 2, 13], "R": [[-0.027599388922031398, -0.6113640849481714, 0.7908680227235234], [-0.8988852768612059, 0.36130000715540744, 0.2479265291808353], [-0.4373139979160093, -0.7040570008635576, -0.5595178341766497]], "T": [-0.1308615581396897, 0.03189843255067062, -0.1806088034188363], "aligned_model": [[-0.22242036139535487, -0.2474227953993687, 0.161455325330912, -0.4089130639039691, 0.3825496960272221, -0.5115332380808092, -0.7811784321608343, 0.2649868608384548, 0.6918143731087356, -0.4118140740729972, 0.07755376556317067, 0.13927546808202518, -0.03071700076349354], [0.6341613220180033, -0.4914212801666161, 0.2653416360356015, 0.5750012421035604, 0.5316698228388189, -0.3746941760859861, -0.029113806071060212, 0.41848823301459925, -0.2187234194770634, 0.24286728255861062, -0.16532359941681338, -0.6804153766174454, 0.006656195501650943], [-0.012489076864628246, -0.4978590715504988, -0.7623990883347264, -0.6348645436425125, -0.18139166366464501, 0.24065319930801324, -0.16613385406501016, 0.3973612161899678, -0.12935113645876048, 0.4849082115842579, 0.5116103232015287, 0.1330012007142828, -0.05766545818872143]], "inverted": false, "swapped": false, "error_lsq": 0.0443047830276999, "error_max": 0.2890812623250278, "target": "737.xyz", "model": "20.xyz", "model_rescale": 4.067790424073018, "target_rescale": 3.871151758978244},
{"mapping": [5, 0, 2, 4, 6, 7, 8, 13, 11, 1, 10, 12, 14], "R": [[-0.13493716363219643, 0.7354870759737508, -0.6639659049578374], [0.9392392985784357, -0.11851018833200094, -0.32215660053365636], [-0.31562874057472334, -0.6670937687739976, -0.6748069366760526]], "T": [-0.02536799112135868, 0.033938382311576365, -0.09546030261702221], "aligned_model": [[-0.26982583442967567, -0.3289815071433524, -0.00784388295911087, -0.32356199210202385, 0.4183544282205901, -0.6449515859958992, -0.5793887782961072, 0.22415671210337856, 0.5959492262414625, -0.514686062266569, 0.2109156059423292, 0.3232346659562746, 0.000265527902396593], [0.5483280554935606, -0.43014151962912367, 0.03969755087672075, 0.5934260415781931, 0.494134249263556, -0.35385185318339923, 0.15739270421145143, 0.39103234204779136, -0.04038312831037896, 0.056561138483966114, -0.11666650364422279, -0.6291878471286361, 0.004152846176381973], [0.05981283680723143, -0.5392020146798298, -0.8393565784172765, -0.5858952031326603, -0.4681358737362131, 0.05420218241472752, -0.15012193914180488, 0.45257695111461504, 0.06724643494027532, 0.5628414043781172, 0.6744585578082527, 0.06501916088067333, -0.028065661007560028]], "inverted": true, "swapped": false, "error_lsq": 0.044164093786864804, "error_max": 0.28480825452370634, "target": "737.xyz", "model": "21.xyz", "model_rescale": 4.186013935880536, "target_rescale": 3.871151758978244},
{"mapping": [7, 11, 8, 10, 9, 3, 4, 1, 2, 6, 0, 5, 12], "R": [[-0.1801743992165155, -0.5991414890149386, 0.7801068273050364], [0.968946995316922, -0.24464970713654619, 0.035892075229931264], [0.16934847543830017, 0.7623489994346189, 0.624615959552555]], "T": [-0.041418995923096086, 0.06866376039845279, -0.07439715473308921], "aligned_model": [[-0.318487241368816, -0.26210446238243224, 0.43383124544763085, -0.43580267318313237, 0.20257669286138988, -0.6173511756667892, -0.753153470199631, 0.3762272092554634, 0.621462674552817, -0.4036704266796951, 0.20230811042541158, 0.13759128953292218, -0.07979124942144572], [0.680412628525801, -0.2322178416589647, -0.12853056959666026, 0.7052718723222337, 0.4600027271673353, -0.623537230575426, 0.17812941320606582, 0.5381505597114387, -0.2571377857028241, -0.0036433031095903096, 0.005669495784551337, -0.6513094425039367, 0.043233552665836755], [0.22110284457552648, -0.584038366909701, -0.6426574252064526, -0.4424882570183196, -0.49005407718378036, 0.12931481636101838, -0.16962035437568307, 0.30013859590113606, -0.01005085437268037, 0.34201422659412106, 0.6026680276999675, 0.1449944606907586, -0.07594337852736355]], "inverted": true, "swapped": false, "error_lsq": 0.059896579526544924, "error_max": 0.3824619164773725, "target": "737.xyz", "model": "22.xyz", "model_rescale": 4.166573947596378, "target_rescale": 3.871151758978244},
{"mapping": [3, 1, 0, 4, 8, 6, 2, 9, 7, 12, 14, 13, 15], "R": [[-0.5877645354374885, -0.1268906321393335, 0.799019160194068], [0.24598343022483882, -0.9688957044111585, 0.02707888528774506], [0.7707301751824535, 0.21246148227122336, 0.6006955265476343]], "T": [-0.06910047642727232, 0.09589873583629557, 0.04706268316967137], "aligned_model": [[-0.3265250639470195, -0.37355483564021696, 0.1309999644803135, -0.18182060383252327, 0.41134227758781383, -0.6288096179511514, -0.6855627582676302, 0.1596476427787113, 0.4856706587908465, -0.39839544897915635, 0.22833912543607052, 0.3698114730856078, -0.08750629036797226], [0.6342742597082617, -0.24385409658124965, -0.036695850594189394, 0.4662347181672054, 0.6341394140872149, -0.41869248108928026, 0.16096590509685826, 0.52915815195306, -0.2079164656194952, -0.0960694545662957, -0.15928265607876238, -0.5964685981384935, 0.04870122989102656], [-0.025814124196859176, -0.5006367023399639, -0.7334078492887509, -0.5774362731411763, -0.31838344502376786, 0.014981718026445143, -0.2147574034197423, 0.3940637531795194, -0.28657628119659206, 0.5800677395761048, 0.7343689494614284, 0.25871549868411226, 0.00019467790779027772]], "inverted": false, "swapped": false, "error_lsq": 0.04407341690416926, "error_max": 0.26443539328198223, "target": "737.xyz", "model": "23.xyz", "model_rescale": 4.274766983524099, "target_rescale": 3.871151758978244},
{"mapping": [8, 7, 10, 11, 9, 5, 1, 6, 2, 0, 12], "R": [[-0.45810007880579123, -0.5554952463681881, 0.6939519789297194], [-0.02970735991063428, -0.7706820699640193, -0.6365269984871924], [0.8884040694218299, -0.31220854936775866, 0.33654721977222146]], "T": [0.026060373073494875, 0.10534452460964999, -0.007857738493673529], "aligned_model": [[0.29239786278852664, 0.07831302581342256, -0.4614522274512023, -0.40656971410119025, -0.49944213628150225, -0.6179089605670933, -0.03135952032814596, 0.017083668864398716, 0.6751374225918878, 0.286821177916453, 0.04687410471252013], [-0.14227757670901253, 0.737045596532951, 0.44991905323165793, -0.26905663542893654, 0.4617124292656208, -0.21926496927075934, -0.5638033796074089, 0.048184007258459643, -0.26740992986911416, 0.5772930161970689, 0.10324491964295664], [-0.5505245390664447, -0.20370220639672454, -0.5393455546514335, -0.37850865193385064, 0.19737399359202992, 0.3072553535278111, 0.28854439619869887, 0.6573239321936536, 0.13719024073695246, 0.40007804061263663, 0.06388142920824808]], "inverted": true, "swapped": true, "error_lsq": 0.042352260157867604, "error_max": 0.2232248895650614, "target": "737.xyz", "model": "24.xyz", "model_rescale": 3.7841303162186577, "target_rescale": 3.871151758978244},
{"mapping": [12, 6, 4, 5, 2, 11, 3, 9, 1, 14, 10, 7, 15], "R": [[-0.399068139861647, -0.20062784490504032, -0.8947027928849469], [-0.891164353141289, -0.1447868297332418, 0.4299568229788496], [-0.21580249173175314, 0.9689093052420112, -0.12101257280882127]], "T": [0.04012161150614944, -0.018391295820648718, 0.024677149235450113], "aligned_model": [[-0.35375406465422055, -0.21919853548479856, 0.07719811733313096, -0.26437909943397764, 0.30247092971092626, -0.5475757021191502, -0.5858307658631777, 0.14916515183818307, 0.6188681942561619, -0.27353900694289324, 0.1038827665345289, 0.09215886331246569, 0.004169674686514219], [0.6280179541075146, -0.4638539780522368, 0.08944263406644154, 0.6100931452052543, 0.6329421426537917, -0.4916747111466059, 0.027085215340741903, 0.44724017708396335, -0.18630835736779888, 0.37120779136162585, -0.2513309552430022, -0.6457281595477052, -0.05263882222612296], [0.07146325576994016, -0.4816256379844717, -0.7126840371170209, -0.5060067207559027, -0.25051481120266517, 0.16624778707285526, -0.480414323501347, 0.36148205757061885, -0.4110895856121715, 0.6404112883015443, 0.7642234530290963, 0.18760702351824066, -0.023719490860168925]], "inverted": false, "swapped": false, "error_lsq": 0.0491252514236556, "error_max": 0.3720964346081228, "target": "737.xyz", "model": "25.xyz", "model_rescale": 4.19342608120988, "target_rescale": 3.871151758978244},
{"mapping": [6, 1, 5, 7, 9, 0, 10, 4, 11, 2, 8, 12], "R": [[-0.306993689862417, 0.7876089239011035, 0.5342537387571605], [-0.9505222490278669, -0.22568631842687045, -0.2134786635191708], [-0.047563941044285296, -0.5733566679356502, 0.8179240813462241]], "T": [-0.01512496956983565, 0.0409413643341221, -0.050708358216795445], "aligned_model": [[-0.18755896403053487, 0.5078259415491572, 0.13500188665379756, -0.537406637245329, -0.4577340809113178, -0.5767454004673144, -0.19424288088971947, -0.23905118591282426, 0.4296728374499903, 0.33329625436718624, 0.4206764496064607, -0.03592566553777147], [-0.5447184680094304, -0.45966859918237035, -0.6010664044663616, 0.44170502028703984, -0.22903120893501216, -0.036954371332992786, 0.4058000052108789, 0.41298231013887726, 0.04935346077341942, 0.06009052511036633, 0.5261429257158879, -0.011858767569321783], [0.21963150069111134, 0.07103808450070245, -0.48041993449834375, -0.13281798781645435, -0.4708071786175787, 0.31760933331114233, -0.7389484225777313, 0.6194813957761008, -0.567246128476534, 0.627171997138001, -0.013342761611293642, -0.0020914366097008266]], "inverted": true, "swapped": true, "error_lsq": 0.04235541341304361, "error_max": 0.26096477170596866, "target": "737.xyz", "model": "26.xyz", "model_rescale": 3.795458400668931, "target_rescale": 3.871151758978244},
{"mapping": [1, 4, 3, 2, 0, 11, 9, 6, 7, 8, 5, 10, 12], "R": [[-0.7229206223060741, -0.604910645070807, -0.3338695633396654], [0.6034500943464998, -0.7881215548832495, 0.12129467573479821], [-0.3365022399298398, -0.11378719703213194, 0.93478271074821]], "T": [-0.20030088347684147, 0.06869003267028112, -0.042338598780789334], "aligned_model": [[-0.34299834182757083, -0.3362187036777339, 0.17638039769934225, -0.3254088282063047, 0.33447886318324116, -0.6430681915119155, -0.47712748800340776, 0.17669751939713776, 0.5823395343962745, -0.38791632827321615, 0.27610694479815623, 0.10661669487869344, -0.03624554967900312], [0.6117643144500424, -0.6443552365613969, -0.012385754385649428, 0.6909900402756171, 0.5885237730844743, -0.4625653326017429, 0.13930982057940047, 0.48491404599103405, -0.14063764916863028, 0.10618715771595774, -0.12483046143815496, -0.5732658708807232, 0.05084522917563238], [0.1449070430933739, -0.45701434296502147, -0.6721119611998324, -0.6521956448163098, -0.40983920691917186, 0.14014274146636202, -0.3628915065781939, 0.5624892565974997, -0.10449965215633972, 0.6606166776012431, 0.5076121875615538, -0.005181546938378058, -0.02665378651823764]], "inverted": false, "swapped": false, "error_lsq": 0.04183756690529647, "error_max": 0.23416671929714217, "target": "737.xyz", "model": "27.xyz", "model_rescale": 3.6321398670334006, "target_rescale": 3.871151758978244},
{"mapping": [3, 11, 2, 5, 1, 10, 0, 7, 13, 8, 12, 9, 14], "R": [[-0.7138295279371621, 0.6645801450066912, 0.22086338743190131], [0.1497326267254725, 0.45291492379776815, -0.8788903300726165], [-0.6841253872930745, -0.594307414276608, -0.42281337703170385]], "T": [-0.016130821911515512, 0.050172612428146204, 0.03839638027410662], "aligned_model": [[-0.29513579916050736, -0.12924081378706573, 0.0278233205167518, -0.28758497452294046, 0.2910741876585403, -0.6006303829208186, -0.5667564339693364, 0.06724904940167095, 0.538700039208464, -0.310028544513917, 0.22067167431624563, 0.120555355956659, 0.026939844989947385], [0.6775190375764959, -0.36945374283441507, 0.11403548944935728, 0.5582211341857655, 0.47737827134489197, -0.4612450843331447, 0.12122355743090608, 0.5501279658286166, -0.36300353396963353, 0.06523393552172561, -0.11022320478860169, -0.5969475531807255, 0.05162780400462187], [0.050756213854241825, -0.43451554400533576, -0.7537104496638665, -0.6250557009937975, -0.37438395262812335, 0.07691696718441797, -0.24651569876083262, 0.6248943134928556, -0.3951073907715358, 0.4631632586796103, 0.8140944468306905, 0.13391884497412115, -0.009075049963898046]], "inverted": true, "swapped": false, "error_lsq": 0.04269764599996268, "error_max": 0.2853821264260856, "target": "737.xyz", "model": "28.xyz", "model_rescale": 4.156811204709835, "target_rescale": 3.871151758978244},
