[{"mapping": [0, 8, 9, 10, 13, 6, 7, 12, 5, 1, 11, 3, 2, 14], "R": [[-0.42991080430769457, 0.017790799133524993, -0.9026960661295149], [-0.864540980589994, 0.2801124958259291, 0.4172599699979143], [0.26027983636847996, 0.9598023114935488, -0.10504251344878363]], "T": [-0.005634000453152044, 0.14921353331268056, 0.07774491597797148], "aligned_model": [[0.12991345133655874, 0.15248506357622824, -0.5174412776505704, -0.4767239466127639, -0.5598738692833274, -0.14177876509747295, -0.6919967320064997, -0.09566060791061876, -0.30300403239422885, 0.4096182837770739, 0.5117554693492719, 0.39607947358835144, 0.6103950780464895, -0.05227548759018823], [-0.5827830034678709, -0.46194550054819966, -0.36627498895780447, -0.24685840896456362, 0.03381075359203281, 0.20625356397597966, 0.28837140787690096, 0.5449311619498057, 0.6174214764704832, -0.04213655600798155, 0.5597655732472397, 0.7640926949947067, -0.1689929206110723, 0.08961807826037815], [0.3631447423495643, -0.30750221052272464, 0.23124122134128677, -0.35077930870808793, 0.6797140527443895, -0.5827337062204327, 0.024125322827987523, 0.6000791709865567, -0.22052378173756618, 0.6235430210962473, 0.5946929087497828, 0.07253810523238792, 0.024551633509745416, 0.14549691553069727]], "inverted": false, "swapped": true, "error_lsq": 0.054597130648760886, "error_max": 0.37518077482461193, "target": "738.xyz", "model": "0.xyz", "model_rescale": 3.8414455957264533, "target_rescale": 4.092075628961253},
{"mapping": [8, 12, 10, 1, 3, 4, 5, 7, 6, 9, 2, 11, 0, 13, 14], "R": [[0.6642126561949298, 0.19023815586087, 0.7229322177114058], [-0.44635762849192473, 0.8766863421474733, 0.179404361650291], [-0.5996552466522252, -0.4418489578427665, 0.6672204160663254]], "T": [0.0767631360304657, -0.005965651072418015, 0.04593281788456316], "aligned_model": [[0.6409627104512767, 0.06380592383917899, -0.0029207924986262013, -0.7466919712445168, -0.640177426608536, -0.2547918661058021, -0.11669256231227348, 0.26901769134429393, 0.49308164875097504, 0.7082912061503335, 0.16892132826588568, -0.26547463886394196, -0.20456612851838263, 0.41579971158741014, 0.0003964426953011607], [0.20472905510102948, 0.3788588503458915, -0.24905804828568331, 0.229324016637347, -0.31726518043246904, -0.19060121173338146, -0.6027440473536108, 0.05604283096028524, -0.6312314708388503, 0.060506604794332605, -0.6414058102592801, 0.7066125826435615, 0.4438027986059003, 0.6719707236590151, 0.0025667775789697967], [-0.4655248817489759, -0.6128780484704571, -0.588841046071467, -0.07677964986226776, -0.003723145535133199, 0.43554573495228815, -0.15594145856804528, 0.6559722725530328, -0.16795669654201448, 0.2954592009467595, 0.40970114981424777, -0.2724552604090712, 0.5399769010284999, 0.06335329118330443, -0.0005357185433293721]], "inverted": false, "swapped": false, "error_lsq": 0.05787269140873836, "error_max": 0.388093821221606, "target": "738.xyz", "model": "1.xyz", "model_rescale": 4.316132596720782, "target_rescale": 4.092075628961253},
{"mapping": [8, 2, 0, 7, 9, 6, 13, 5, 1, 4, 12, 14], "R": [[0.48041196018148624, -0.5021053409618984, 0.7190928834942798], [0.4297922906177298, -0.5799288519020882, -0.6920701652701775], [0.7645148366383396, 0.641539362244486, -0.06280375188467047]], "T": [0.034570013023529446, 0.04060771887003807, 0.024689824471393666], "aligned_model": [[-0.1517246404295173, 0.4627410821587773, 0.0878320950689632, -0.5464228137471469, -0.4734895551513447, -0.3541421714364136, -0.21385446114979934, -0.23167910929650434, 0.580631574690577, 0.14575099386237064, 0.2838767123721726, 0.008288847689646113], [-0.6735156573728519, -0.5056709163359304, -0.5137252032503322, 0.4300446392893587, -0.10653045970495241, -0.09970079974269828, 0.407743522277889, 0.44263503702399937, -0.09217583810928796, 0.08763625501945929, 0.5992163496073465, 0.036819499038980796], [0.07217094866406878, 0.06742021703540635, -0.5458566368339217, -0.039497357609675855, -0.4963303794906275, 0.5606350918973771, -0.6727075212901354, 0.4297790372275041, -0.4124945595793286, 0.7864626949933372, -0.22697040867150703, -0.073352665133076]], "inverted": true, "swapped": true, "error_lsq": 0.046208663715495285, "error_max": 0.2605665262099184, "target": "738.xyz", "model": "2.xyz", "model_rescale": 3.795458400668931, "target_rescale": 4.092075628961253},
{"mapping": [8, 2, 4, 12, 10, 7, 3, 0, 11, 13, 6, 14], "R": [[-0.7830374638131904, -0.621808844829472, -0.014355861410742021], [-0.24690453083659086, 0.33194326859548345, -0.9104129936938015], [0.5708681834866696, -0.709342954378194, -0.41345143627353126]], "T": [0.05622985900341789, 0.012941225755186745, 0.07635585833110935], "aligned_model": [[-0.0015304949355706907, -0.03673827260027746, -0.7096572546979192, 0.3075185875694955, 0.0700384458557689, 0.1766041132124636, -0.38939699605514316, 0.6020666522812738, 0.0902143442092832, 0.7822327197158626, -0.4538162586079095, 0.15576823979623747], [-0.0447812566389616, -0.5671078299903088, -0.013991332125295524, -0.05672411760572443, 0.5737648586750448, 0.6829054059449011, -0.3152324965995278, -0.2672809980038926, -0.6210026151060294, 0.3113892745498743, 0.3754190402383536, 0.028411111951275905], [-0.6586708133587248, -0.2957687412460597, 0.1633177256531459, 0.6842464903118258, -0.42135681747937936, 0.24953729577321454, 0.559259496318951, -0.43274413465062767, 0.6244802325264991, 0.33464849042780576, -0.18148859931021588, 0.06331080567266584]], "inverted": true, "swapped": true, "error_lsq": 0.05263134155202725, "error_max": 0.2735673660699553, "target": "738.xyz", "model": "3.xyz", "model_rescale": 3.7530521520055578, "target_rescale": 4.092075628961253},
{"mapping": [4, 11, 12, 13, 5, 0, 6, 2, 8, 9, 14], "R": [[-0.3567984805374632, -0.3699861026076796, -0.8577908417343574], [-0.8315319028092536, -0.29267951310384854, 0.47211587266233324], [-0.42573411760931235, 0.8817306768432602, -0.20322764235444596]], "T": [-0.05301373841098039, -0.10130700091370895, -0.0034919690227321974], "aligned_model": [[-0.436770400637793, -0.28174256049839896, 0.2774253702293032, 0.6552784947180925, 0.1858396142194358, -0.18779642520725015, -0.15524356719495191, -0.6882104941512039, -0.4300973253747781, 0.3944443717430032, 0.005072524599746726], [-0.7657229978424995, -0.12269529427132617, -0.15226665227867278, 0.28320949847704036, -0.6768579932339437, 0.6752215965861352, -0.5201746837759889, 0.1804779262682644, 0.20932049771066283, 0.37469216165487496, -0.01800070098020079], [0.07494913753207885, -0.8101553034079122, -0.5742313272534754, -0.18607249803052128, 0.08762312932009664, 0.11684949117800014, 0.5181591584366212, -0.02993122933266055, 0.5517114865655928, 0.3492717737803854, -0.005343041542889128]], "inverted": true, "swapped": true, "error_lsq": 0.05128131269229528, "error_max": 0.2099549187110313, "target": "738.xyz", "model": "4.xyz", "model_rescale": 3.7855080009869324, "target_rescale": 4.092075628961253},
{"mapping": [2, 9, 14, 8, 13, 6, 11, 4, 12, 0, 1, 10, 7, 5, 16], "R": [[0.21853071207413133, 0.71907080134783, 0.6596828863396134], [-0.14909469509600956, -0.6434815982770806, 0.7508010419365453], [0.9643729049359493, -0.2624283051192532, -0.03341084999869259]], "T": [-0.0034609984135825222, 0.03433151566604091, -0.05976370141231012], "aligned_model": [[0.617416724130704, 0.17025684910894545, 0.0712900626738543, -0.6835303617747571, -0.5522942999071041, -0.3556211271134462, -0.1592936080604289, 0.20542684484143128, 0.08078737003422057, 0.6904740127565514, 0.5263406706514003, -0.22684843820112194, -0.2291004075663571, 0.36203025321805626, 0.011626732140627531], [-0.02572196476058665, 0.3991406166819273, -0.19483222604783856, 0.21151862804512384, -0.4249956808439636, -0.1601638845253579, -0.6877534797231092, 0.021436424463350937, -0.6130708823253561, 0.12606866149046503, -0.4171731162939341, 0.7185127553698717, 0.4750191252426649, 0.6653681434224524, 0.028755351227347032], [-0.4556047310132858, -0.6459807674528367, -0.6918979093799426, -0.0974500674869164, -0.17231667824268737, 0.45427117204030465, 0.23476250371186008, 0.6496024730198312, -0.25169496645014877, 0.2844925689282722, 0.23782275285605198, -0.1735984810571195, 0.5025980679841671, 0.2913946162022065, -0.11102790893238557]], "inverted": true, "swapped": false, "error_lsq": 0.04778264086821898, "error_max": 0.3448894347335302, "target": "738.xyz", "model": "5.xyz", "model_rescale": 4.2253639853439635, "target_rescale": 4.092075628961253},
{"mapping": [0, 2, 6, 10, 8, 5, 7, 9, 3, 1, 4, 12, 13, 14], "R": [[0.837106065669101, 0.5429154003282214, -0.06705447715437418], [-0.5339558894467874, 0.7842725006607336, -0.3159236503214822], [-0.11893083260908138, 0.3002657369627898, 0.946412142917188]], "T": [-0.010122912647697331, 0.034488715570049816, 0.025218377974681835], "aligned_model": [[0.6024386869793503, -0.03746370832549781, -0.49761303361940296, 0.04415227406643827, 0.023130044569180497, -0.4272347606399106, 0.06526887157245773, 0.5617487791949686, -0.4990708671504493, 0.3914925560223774, -0.779515540999591, 0.16834932204100084, 0.6687123468167653, 0.0896671822300957], [-0.11143226723493424, 0.15091213478604185, -0.4334459940450599, -0.709444126669013, -0.46697776462227336, -0.05841865858853393, -0.28660759303877836, -0.42004851541249755, 0.581371079675704, 0.5019896585816987, 0.06652277318704448, 0.5422613378506285, 0.06750183809191725, 0.020915244073046225], [-0.4637810656629576, -0.6598179469930923, 0.06278780586020104, 0.1029992388594695, -0.5173292804261173, 0.4878172928686728, 0.6453369259621289, 0.15786412824492985, 0.06164346813532316, -0.3312823533012605, -0.018136005497375256, 0.4097244652182931, 0.49528145846135563, 0.038450077201877396]], "inverted": false, "swapped": true, "error_lsq": 0.048300801120311244, "error_max": 0.37160491835003806, "target": "738.xyz", "model": "6.xyz", "model_rescale": 3.89814844738969, "target_rescale": 4.092075628961253},
{"mapping": [9, 10, 7, 0, 12, 6, 8, 1, 2, 4, 5, 11, 14], "R": [[-0.10076669710649114, -0.7909505730273264, -0.6035256943842514], [0.6755064545264825, 0.39096803874639174, -0.6251679954795041], [0.7304362413293238, -0.4706816160702946, 0.49489565935270236]], "T": [-0.024871324867366325, 0.10586946525915697, 0.023580873393700994], "aligned_model": [[0.1806384295433931, -0.216820607811675, 0.38417389791814055, -0.17937190547771703, 0.5567793787303167, -0.40154248494615147, -0.6298527544741682, 0.0569010942947638, -0.5398194183200723, -0.41152712309698974, 0.11133984496377042, 0.20993379564730946, 0.027799653933302172], [-0.22410145627521239, 0.21123059517896198, 0.43405690208693615, -0.6464922025896545, 0.10000032235927458, 0.5933994698179618, -0.15035879194434304, -0.48809361822410724, -0.2683489133697907, 0.7078649928526669, 0.7176456384648013, -0.056383269178219175, 0.03336159629120998], [-0.6089704313467288, -0.6936960864021027, -0.4436543843865112, -0.19025690105496898, 0.3385067659236826, -0.25651608167547546, -0.3159436494285874, 0.40759391316653476, 0.3035197315776555, 0.3116251033805386, -0.03796797777925462, 0.8122637461222452, -0.02422871726073181]], "inverted": true, "swapped": true, "error_lsq": 0.051168456925483066, "error_max": 0.31879765420237843, "target": "738.xyz", "model": "7.xyz", "model_rescale": 3.7474275329858107, "target_rescale": 4.092075628961253},
{"mapping": [10, 0, 12, 2, 4, 8, 8, 5, 11, 7, 9, 1, 3, 6, 14], "R": [[-0.8114386001586692, 0.23791538174865567, 0.5338198846988849], [-0.5668999338093899, -0.09833305269284709, -0.8178967390783602], [-0.1420980760582236, -0.9662954423340189, 0.2146654487919611]], "T": [0.03006807763841319, -0.022436646441467648, -0.13580270727519297], "aligned_model": [[0.702886065750748, 0.1187806778474087, 0.11125034248794222, -0.7759128458972657, -0.6101962376590799, -0.32093239550270086, -0.32093239550270086, 0.25749793883085226, 0.4382184686127637, 0.6472903207607256, 0.32221573154480826, -0.41505677151895154, -0.11467470971119889, 0.5136462771447984, -0.025119190255573354], [0.18300288066266157, 0.6241647290622584, -0.18492962978875488, 0.18135160588492127, -0.45587529005695554, -0.24073018154966486, -0.24073018154966486, 0.018930050762211433, -0.4693590483964095, -0.10785285696951646, -0.5784082792593023, 0.4462070518560615, 0.45772929774675114, 0.5237968890337523, -0.03518856601529263], [-0.4193056442334617, -0.2266320714027142, -0.725419607504617, -0.003686868102987878, -0.01572608747381736, 0.4067439877117037, 0.4067439877117037, 0.5421249574666543, -0.277766014394241, 0.13918530245997038, 0.29534196903110055, -0.5192590578009083, 0.37666653915498416, 0.2312383641080362, -0.15487711200403462]], "inverted": false, "swapped": false, "error_lsq": 0.054036515951306326, "error_max": 0.45334646241604787, "target": "738.xyz", "model": "8.xyz", "model_rescale": 4.019505241142653, "target_rescale": 4.092075628961253},
{"mapping": [2, 8, 1, 11, 3, 12, 13, 4, 5, 6, 9, 7, 14], "R": [[0.3832156099453512, -0.7710205158450367, -0.5085992139595441], [-0.9003392689465688, -0.1888622739613699, -0.3920717310223969], [0.20624014421778009, 0.6081598520292129, -0.7665550190904991]], "T": [-0.03434561033658874, -0.04845241540214909, 0.019741752215005827], "aligned_model": [[-0.4801245978543156, -0.7689797796075316, 0.024093059090839405, 0.4356401810804456, 0.3168582530371261, 0.5980027100879222, 0.38682228568236565, -0.09546121315286775, 0.22967011564328887, -0.34042370303469, -0.19214030888047612, 0.23250130385076379, -0.026757534201694397], [-0.3439748008492939, 0.03406702947407142, -0.042876455435489375, -0.4672156384488395, -0.6922060908661238, -0.008817089041288709, 0.6506058213074088, -0.715517539014557, -0.20386133641476323, -0.2273787205802282, 0.6761871649485346, 0.35956053834157, 0.044805344693057664], [-0.42469532112934394, -0.001127606022549986, -0.6898346836804854, -0.5345422788352472, -0.021661885951534766, -0.17024495305784354, -0.10987946687716235, 0.4020502715135583, 0.5699740610397726, 0.596215993534463, 0.054877674654305715, 0.5253620920493397, -0.01979040319339275]], "inverted": true, "swapped": true, "error_lsq": 0.054215307286454, "error_max": 0.3429072284194426, "target": "738.xyz", "model": "9.xyz", "model_rescale": 3.877068213659057, "target_rescale": 4.092075628961253},
{"mapping": [13, 6, 3, 0, 1, 8, 7, 9, 4, 14, 2, 12, 11, 10, 15], "R": [[-0.15352055162781536, 0.07267686787801231, 0.9854691842484644], [0.7354102053991973, 0.6745147035658601, 0.0648208644509694], [-0.6600024772852011, 0.7346754300702472, -0.1569991797064426]], "T": [0.057487669166063765, 0.01171174382328945, -0.06226008001880355], "aligned_model": [[0.782162427603165, 0.3074063194929636, 0.05688810558573665, -0.6983863146550495, -0.6736378050634311, -0.29625678822266055, -0.17973311036048417, 0.30057755627414573, 0.06848579514311381, 0.7470409789548551, 0.4467647059796197, -0.3355270740229567, -0.28452021976535347, 0.3146720321803188, -0.026975332191407284], [-0.09292408769632175, 0.4452876540105379, -0.05998629784830681, 0.23933016074047364, -0.44939463939302043, -0.16748015771656122, -0.7285650405781499, 0.0246934383212304, -0.594232026575517, 0.20081482918867458, -0.44484634302839166, 0.5674660882236486, 0.530884876144852, 0.609540854916053, 0.04151916271385515], [-0.3103252593769714, -0.42261708834378103, -0.6928315462874546, 0.0407467765311601, -0.1380430233062275, 0.5996145735957519, 0.18674424454984867, 0.5512414165510056, -0.363593563197893, 0.25123282692360355, 0.22124205381707318, -0.3702726382525962, 0.3354145845599159, 0.2199939488468023, -0.0531746618828662]], "inverted": false, "swapped": false, "error_lsq": 0.04792662347927185, "error_max": 0.2970492206247713, "target": "738.xyz", "model": "10.xyz", "model_rescale": 4.260839863003843, "target_rescale": 4.092075628961253},
{"mapping": [13, 1, 2, 0, 6, 10, 7, 12, 3, 4, 5, 14], "R": [[0.27087445216635797, -0.8815447319393674, -0.3866599497666194], [-0.03426239472071857, 0.39259296920450293, -0.9190739082572166], [0.9620047398384155, 0.26220153722116424, 0.07613957188795693]], "T": [-0.02606836086526467, -0.024539872025300606, -0.04347203560466177], "aligned_model": [[0.462447396017087, 0.16208581162504962, -0.4032145187071707, -0.3159750643358275, -0.4453379866193237, -0.4933063279074973, 0.17279685255307445, 0.6315982311998358, 0.27800258778822073, -0.20576439388784984, 0.12000798973510984, -0.004441928366578175], [0.13959424817527377, -0.6782271662347903, -0.6019077122093555, -0.4510241488143255, 0.41203012473939726, 0.4789461267452132, 0.6186446622907349, -0.09396954228984136, -0.21415407820933435, 0.11262723286342963, 0.4813518481877389, -0.03083308971120697], [-0.689443258842273, -0.2537951597629616, 0.04588036179954556, -0.6515101654722831, 0.259249934632309, -0.34450735441463654, -0.24372201886787465, -0.057054384013474395, 0.5976711001876461, 0.6939324131399035, 0.3019944565256003, -0.1425178475159961]], "inverted": true, "swapped": true, "error_lsq": 0.04434134359096137, "error_max": 0.2743860665472123, "target": "738.xyz", "model": "11.xyz", "model_rescale": 3.890672605050136, "target_rescale": 4.092075628961253},
{"mapping": [1, 0, 13, 11, 12, 4, 8, 3, 2, 6, 7, 9, 5, 14], "R": [[0.07465352053252683, -0.9971231211015665, 0.01312757543382892], [-0.6155593904589641, -0.056435189793511475, -0.7860672402350573], [0.7845466771900118, 0.05060188452658271, -0.6180015862378269]], "T": [0.04020550496153133, 0.002337273882606285, 0.11550381365752119], "aligned_model": [[0.5135714003154983, 0.06886828654493987, 0.5322113582955511, 0.6964473654730642, 0.6590175225801822, -0.3152692980828834, -0.5185818703965588, 0.2681524333846772, -0.07941470130902166, -0.5690741437322887, -0.005393580802829506, -0.021659415450860205, -0.09978106460647515, 0.08078154258069793], [-0.2938019121495429, 0.045929509028384545, 0.6428165561630264, -0.5103883764844219, 0.0842602783624118, -0.42402191861206157, -0.08720060508530943, -0.5051282703034138, -0.5442591311208825, 0.03702984305881276, 0.6370318245385076, 0.6177713870611646, 0.16422716464763643, 0.06788617072345311], [-0.326278032284681, -0.6800609319322001, -0.059376158443546795, 0.21519882935908996, 0.3343430555854735, 0.6509721165025311, -0.3605970043702147, 0.5950829300313114, -0.29741273295286097, 0.408071255029113, 0.4128543220366594, -0.29516613326277863, 0.7077936528226788, 0.04936526723628612]], "inverted": true, "swapped": true, "error_lsq": 0.04860498678477743, "error_max": 0.2643455623062344, "target": "738.xyz", "model": "12.xyz", "model_rescale": 4.124412569039231, "target_rescale": 4.092075628961253},
{"mapping": [5, 7, 13, 6, 12, 3, 10, 2, 9, 8, 1, 0, 14], "R": [[-0.10053558568517557, -0.9257411503799017, 0.36454892470591016], [-0.9277726890814445, -0.04510783217048836, -0.3704093963055805], [0.3593472323610192, -0.37545786177702506, -0.8543424141550625]], "T": [0.11054266269721755, -0.023735553393792852, 0.01734180465666192], "aligned_model": [[-0.254109996162566, -0.14523846564509754, 0.5143112499921367, -0.5588892715095196, 0.589130441050642, 0.23950024994814667, -0.4482920594107319, 0.2396370398020841, 0.09163512795917139, -0.22118628804207377, 0.7523423743800467, 0.4086579949647854, 0.1597999101827332], [-0.1765364942155199, 0.37743773680364634, 0.6034768933086483, -0.12262435531857516, -0.08061664957354953, -0.7096303594161593, 0.4674105207325503, -0.28597759773753145, 0.716150373903835, 0.15376297869865996, -0.07219375257250726, 0.4119048801959511, 0.06492120169902894], [0.5075378275292527, 0.5340329887349925, 0.37292857325590534, 0.027483931521289265, 0.47038549452330936, 0.24624236240474756, -0.07705639030242982, -0.6136419115784836, -0.0413739603650984, -0.6193547682120545, -0.2871082254112292, -0.580144399139776, 0.011766558007414248]], "inverted": true, "swapped": true, "error_lsq": 0.04420869061735452, "error_max": 0.31180319078624097, "target": "738.xyz", "model": "13.xyz", "model_rescale": 3.9028299243045295, "target_rescale": 4.092075628961253},
{"mapping": [7, 3, 4, 8, 5, 12, 13, 11, 10, 9, 14, 0, 2, 6, 15], "R": [[0.8141375657533365, -0.30790524713956813, -0.49231532863923], [0.5588894033388659, 0.18546632842170271, 0.8082356561407691], [-0.15755208302259252, -0.9331648299232533, 0.3230800850091932]], "T": [-0.009656074154110114, 0.08751729157993442, 0.03716897860252779], "aligned_model": [[0.7621364298490775, 0.15933504304171375, -0.05264575685176899, -0.7794158953610318, -0.3704563352272872, -0.3805556947460249, -0.2473386193063976, 0.27384061881160116, 0.290476150579777, 0.7401525907805612, 0.3988475489719073, -0.46483061809855536, -0.3770660703125253, 0.4731957346847013, 0.10328615011682797], [-0.035125903406291084, 0.5335298022206114, -0.021630830025194267, 0.15057508836050099, -0.2340612440391709, -0.19651269223614604, -0.66019696765464, -0.09027270054800264, -0.49590246202631566, -0.016897204151476566, -0.61991670546896, 0.5023398141910321, 0.7008149504427149, 0.5315807826451342, 0.07378474311926031], [-0.4210044965411458, -0.364333559246311, -0.630365176789041, 0.038000530340102055, -0.13168673108403167, 0.5529215633746224, 0.1678661325977707, 0.6958624066208885, -0.3162353802094202, 0.20369235694233664, 0.37733450080501985, -0.5177677912409024, 0.21330996165897081, 0.15578604673908206, 0.031992280759430024]], "inverted": true, "swapped": false, "error_lsq": 0.043862140446440365, "error_max": 0.3583687628303262, "target": "738.xyz", "model": "14.xyz", "model_rescale": 3.942246331269136, "target_rescale": 4.092075628961253},
{"mapping": [11, 6, 10, 2, 5, 1, 3, 12, 4, 13, 13, 7, 0, 8, 14], "R": [[-0.042499706199195436, -0.061077835798918234, 0.9972277939102492], [-0.7109233291765713, 0.7031536008228991, 0.012768464366995913], [-0.7019841842986794, -0.7084098472098699, -0.07330547981294647]], "T": [-0.002753841433215609, -0.01742015134134463, -0.11073695243168792], "aligned_model": [[0.6567364059572096, 0.1472606465092371, 0.10568782035531174, -0.6788215937596076, -0.6021533578670202, -0.42201135613349255, -0.18116884950587417, 0.18630879595413402, 0.29496087410185096, 0.6876408720198897, 0.6876408720198897, -0.32839728570837234, -0.301659574662617, 0.3274920747511794, -0.050555067099142675], [0.11626317230633014, 0.3828904772980392, -0.31402350748195884, 0.32123480166269647, -0.21525872613332928, -0.2519883334213384, -0.6472698667322839, -0.22564638506809806, -0.5061767407177539, -0.235870774408772, -0.235870774408772, 0.7462373400616626, 0.5043451811362097, 0.6612486506319611, 0.02199395669846378], [-0.35835037539574427, -0.47134261426206714, -0.750477033369117, -0.0063667665084219255, -0.04470910821190678, 0.5418290136618958, 0.18592000672658365, 0.6567090801301199, -0.23780748960541337, 0.2588091359291193, 0.2588091359291193, -0.3150971519660336, 0.3125050390287983, 0.06010571893421664, -0.03516394629377824]], "inverted": false, "swapped": false, "error_lsq": 0.05501171570012139, "error_max": 0.39197713618239094, "target": "738.xyz", "model": "15.xyz", "model_rescale": 4.355366556412066, "target_rescale": 4.092075628961253},
{"mapping": [8, 2, 0, 7, 9, 6, 13, 5, 1, 4, 12, 14], "R": [[0.48041196018148624, -0.5021053409618984, 0.7190928834942798], [0.4297922906177298, -0.5799288519020882, -0.6920701652701775], [0.7645148366383396, 0.641539362244486, -0.06280375188467047]], "T": [0.034570013023529446, 0.04060771887003807, 0.024689824471393666], "aligned_model": [[-0.1517246404295173, 0.4627410821587773, 0.0878320950689632, -0.5464228137471469, -0.4734895551513447, -0.3541421714364136, -0.21385446114979934, -0.23167910929650434, 0.580631574690577, 0.14575099386237064, 0.2838767123721726, 0.008288847689646113], [-0.6735156573728519, -0.5056709163359304, -0.5137252032503322, 0.4300446392893587, -0.10653045970495241, -0.09970079974269828, 0.407743522277889, 0.44263503702399937, -0.09217583810928796, 0.08763625501945929, 0.5992163496073465, 0.036819499038980796], [0.07217094866406878, 0.06742021703540635, -0.5458566368339217, -0.039497357609675855, -0.4963303794906275, 0.5606350918973771, -0.6727075212901354, 0.4297790372275041, -0.4124945595793286, 0.7864626949933372, -0.22697040867150703, -0.073352665133076]], "inverted": true, "swapped": true, "error_lsq": 0.046208663715495285, "error_max": 0.2605665262099184, "target": "738.xyz", "model": "16.xyz", "model_rescale": 3.795458400668931, "target_rescale": 4.092075628961253},
{"mapping": [9, 10, 7, 0, 12, 6, 8, 1, 2, 4, 5, 11, 14], "R": [[-0.10076669710649114, -0.7909505730273264, -0.6035256943842514], [0.6755064545264825, 0.39096803874639174, -0.6251679954795041], [0.7304362413293238, -0.4706816160702946, 0.49489565935270236]], "T": [-0.024871324867366325, 0.10586946525915697, 0.023580873393700994], "aligned_model": [[0.1806384295433931, -0.216820607811675, 0.38417389791814055, -0.17937190547771703, 0.5567793787303167, -0.40154248494615147, -0.6298527544741682, 0.0569010942947638, -0.5398194183200723, -0.41152712309698974, 0.11133984496377042, 0.20993379564730946, 0.027799653933302172], [-0.22410145627521239, 0.21123059517896198, 0.43405690208693615, -0.6464922025896545, 0.10000032235927458, 0.5933994698179618, -0.15035879194434304, -0.48809361822410724, -0.2683489133697907, 0.7078649928526669, 0.7176456384648013, -0.056383269178219175, 0.03336159629120998], [-0.6089704313467288, -0.6936960864021027, -0.4436543843865112, -0.19025690105496898, 0.3385067659236826, -0.25651608167547546, -0.3159436494285874, 0.40759391316653476, 0.3035197315776555, 0.3116251033805386, -0.03796797777925462, 0.8122637461222452, -0.02422871726073181]], "inverted": true, "swapped": true, "error_lsq": 0.051168456925483066, "error_max": 0.31879765420237843, "target": "738.xyz", "model": "17.xyz", "model_rescale": 3.7474275329858107, "target_rescale": 4.092075628961253},
{"mapping": [2, 1, 3, 0, 6, 10, 4, 12, 8, 5, 9, 13, 7, 14], "R": [[0.9632820531397117, 0.019595810319536847, 0.26777544756168775], [0.12180559677263557, -0.9206898495659797, -0.37080129112644084], [0.23927198476588013, 0.38980277721444495, -0.889270887965024]], "T": [0.10355300286038872, -0.015200251715539514, 0.00018341672375998472], "aligned_model": [[0.2924981461993379, 0.10706655565416835, 0.8081244027088147, -0.40029154596216865, 0.21456868944592525, -0.38521722828383165, 0.7433079143323911, 0.20161367285730025, -0.13713122208887835, 0.31566925538899265, -0.637860529241864, -0.48764604449658955, -0.2338334714620003, 0.013979052831279065], [-0.38710297262502635, 0.2189966471976448, 0.19218070420000508, -0.1983328328974749, -0.4864335467801162, -0.44343838807863656, -0.30857182491847207, 0.6383677118581546, -0.6870057328815402, 0.06388820462757741, -0.021258899638228745, 0.5618612512408537, 0.1958343551604715, 0.021423565046021394], [-0.5562020586117629, -0.6721887683630111, 0.007218415985279374, -0.5899421892024498, 0.4730847503798977, 0.3745461975743807, 0.3156474768950774, -0.027444967408426477, -0.19393214394107702, 0.5878598085042231, 0.03898404231204475, 0.018896609860119925, 0.5789480802383609, -0.030680535561001594]], "inverted": true, "swapped": true, "error_lsq": 0.04709320329249522, "error_max": 0.29881375389619386, "target": "738.xyz", "model": "18.xyz", "model_rescale": 3.922800546911778, "target_rescale": 4.092075628961253},
{"mapping": [13, 12, 8, 0, 1, 2, 2, 9, 4, 11, 10, 5, 3, 7, 14], "R": [[-0.5212677474951641, 0.25750647792344794, -0.813615602879381], [0.31149428565853055, -0.8301979703804812, -0.4623230904661928], [-0.7945132128689866, -0.49443072700186275, 0.35254362960208185]], "T": [0.027767850388572542, -0.03458770944974983, -0.13595129058018507], "aligned_model": [[0.6314877858932167, 0.11393501764862374, 0.018861725043797264, -0.6874170626182639, -0.5997589444860185, -0.2535277696570414, -0.2535277696570414, 0.15564273720809974, 0.5371460786773966, 0.6778189384681944, 0.285680270335982, -0.4948264416285376, -0.15199498786457033, 0.4758467418074709, 0.07359495776126763], [0.1350262801049783, 0.7131715282958018, -0.11828292882438067, 0.30551887930779315, -0.422506483938525, -0.2685022885231548, -0.2685022885231548, -0.02512001710999555, -0.5253050516010666, -0.11735702108718891, -0.6597987526096092, 0.3686896026575588, 0.473560384948395, 0.5052850484910814, 0.026231579834523747], [-0.416249490434879, -0.36408586976335733, -0.7420094109009958, 0.13103313624652924, -0.19687887094733236, 0.47991046876833254, 0.47991046876833254, 0.6679775383827006, -0.2895659049547663, 0.14302260910645026, 0.30358594608030265, -0.5190913898602718, 0.20846136849002628, 0.24611379727373933, -0.07676175152743991]], "inverted": true, "swapped": false, "error_lsq": 0.05444467075838333, "error_max": 0.4490799846193529, "target": "738.xyz", "model": "19.xyz", "model_rescale": 3.9282355846067225, "target_rescale": 4.092075628961253},
{"mapping": [6, 4, 2, 5, 7, 3, 12, 1, 13, 9, 8, 10, 0, 14], "R": [[0.08392727793593689, 0.42069523839389245, -0.9033115345278007], [0.4301109857476768, 0.8024221767988065, 0.4136703882569151], [0.8988663704675051, -0.42324244420210394, -0.11360053463079797]], "T": [0.001913967887720712, -0.11878426953085366, -0.04472496063137693], "aligned_model": [[-0.4679126414540902, -0.22417857684073894, 0.5644570157679147, -0.542588636935695, -0.6121883396436701, 0.11136574687855746, 0.07172935496537361, 0.6761963174180321, -0.08256727832147301, -0.14993595944603458, 0.1284782552787864, -0.4604515759027916, 0.4998738709980344, 0.020245266322470912], [-0.5971772012795148, -0.7262303074102235, -0.5066706886232899, -0.19519391053292862, 0.21321658451142564, -0.32600751737614414, 0.3783591499342749, 0.10815262329430533, 0.6846543635554916, 0.27523790246535784, -0.5435034431741864, -0.2319850126210919, 0.028138672027353734, -0.03810912734599356], [0.0470581120265397, -0.46277073833849663, 0.08437245739431415, -0.3517922335082975, 0.032654383434026116, -0.7408255591109469, -0.47542733795193587, -0.07279358330672878, 0.12910184193582208, 0.5659503613599026, 0.5473286317513157, 0.5347881346942118, 0.5603326288397341, 0.01420605802422243]], "inverted": false, "swapped": true, "error_lsq": 0.043226826679748996, "error_max": 0.2702597096469684, "target": "738.xyz", "model": "20.xyz", "model_rescale": 4.067790424073018, "target_rescale": 4.092075628961253},
{"mapping": [6, 11, 13, 9, 1, 7, 8, 0, 5, 2, 4, 10, 12, 3, 14], "R": [[0.5974024054985577, 0.7892811966470644, 0.14193505037134024], [-0.7218124916533656, 0.6063398425392671, -0.33367457536140954], [-0.3494239442249158, 0.09688750161313278, 0.9319419076495424]], "T": [0.09034789614469957, -0.014024068531237166, -0.0029585398888351626], "aligned_model": [[0.7666630941359995, 0.17910356485349654, -0.10217645846343454, -0.6402026029895114, -0.6323938637927211, -0.4459299602128542, -0.03799199535420869, 0.13123071775850817, 0.08226810433596524, 0.7030823274026157, 0.6030732333252935, -0.5016308494364252, -0.1781000192324183, 0.5684321567154755, 0.033533827886795486], [0.011712387006960728, 0.5168533870109837, -0.025946637666310973, 0.23831244435986765, -0.3709048703853505, -0.23160188922811234, -0.5197443613398013, 0.030303528378329586, -0.5238801027379046, -0.04040183977559972, -0.6252704058608666, 0.30079101927853824, 0.6863442391403841, 0.6475577533990609, 0.02798381984287812], [-0.3021111606657403, -0.36118167209587104, -0.6759486812023159, 0.07872470163354205, -0.15653439407608546, 0.4679235153332039, 0.22713655874805916, 0.7047290243441923, -0.30036005670618915, 0.41844703847261727, 0.07426282017713377, -0.47385072162600284, 0.15335466248561724, 0.23681207827924156, -0.036031068374031645]], "inverted": true, "swapped": false, "error_lsq": 0.0509860708574983, "error_max": 0.34773667633836575, "target": "738.xyz", "model": "21.xyz", "model_rescale": 4.186013935880536, "target_rescale": 4.092075628961253},
{"mapping": [7, 13, 9, 6, 3, 10, 5, 12, 0, 1, 11, 2, 14], "R": [[-0.40033163747510947, 0.9014913344912272, 0.1644626215093397], [-0.5834354467230827, -0.389140593157809, 0.7128623136790342], [0.7066382805534488, 0.189428014279872, 0.6817472903227781]], "T": [0.05823204848185476, -0.08332380773345849, 0.08989829085992768], "aligned_model": [[0.03249927834898253, -0.29050310429204335, 0.30833342229040417, 0.5168258433454247, -0.3641129011104945, 0.6599323563464519, -0.020530286572429515, -0.5907377092427506, 0.3289998009982839, -0.23652338408625567, -0.6207352566173414, 0.2856706855266299, 0.04945529048836371], [-0.48619141588265236, 0.13648413948054727, 0.16145002710212664, -0.5736894964000703, -0.3519448443146326, -0.254366534833927, -0.705580778570219, -0.07994738501722654, 0.6493109938600982, 0.5427934786806018, 0.14926256365134802, 0.351379632809954, -0.02000372101985526], [-0.48487930868063395, -0.6262963300000588, -0.5649080117548146, 0.1750698536633644, 0.6274340495172628, -0.32378378150532133, 0.03328922099055298, -0.0379968183052507, -0.07002723596275423, 0.25735355777388863, 0.5239340574046332, 0.5827281634676325, 0.010962144726845369]], "inverted": true, "swapped": true, "error_lsq": 0.04243838427371935, "error_max": 0.20471648731937142, "target": "738.xyz", "model": "22.xyz", "model_rescale": 4.166573947596378, "target_rescale": 4.092075628961253},
{"mapping": [1, 2, 6, 12, 14, 9, 10, 8, 5, 0, 7, 11, 3, 4, 15], "R": [[-0.8241725621958261, -0.04034070640179489, -0.5649001815635852], [0.45794400239805855, -0.634328491098092, -0.622827950600216], [-0.3332069602982722, -0.7720103579539735, 0.5412699223313295]], "T": [-0.04370211787598724, 0.014867764794001806, 0.018663321910364773], "aligned_model": [[0.5439262390086571, 0.17852298026809024, 0.05855481691604317, -0.5459276690013052, -0.6623886080098423, -0.4536425330048732, -0.15307412249002492, 0.23759950114137204, 0.4001594928841329, 0.754958159664725, 0.3598471814637596, -0.6211532930894246, -0.0782209607588574, 0.4996822985653383, 0.010117793374784911], [0.06788204274230668, 0.5250138201577028, 0.03845783512127087, 0.021379054532504153, -0.47773263595483206, 0.11153638201336367, -0.6592432530383131, 0.12447421755355766, -0.5864927913619046, -0.09494483626023313, -0.5296785258520524, 0.542116332587462, 0.5853604302689278, 0.4526993847446486, 0.0012810141686479207], [-0.38131350415061405, -0.35972305091614504, -0.7350572230104678, -0.4021792307527765, -0.004780980770357511, 0.4465104917864167, 0.32615857934999737, 0.7689532424563267, -0.3452244811205095, 0.14842740232675145, 0.24671364091088338, -0.08454721742922514, 0.20513911160277049, 0.24864236857485186, -0.022346504130531054]], "inverted": false, "swapped": false, "error_lsq": 0.0489979544110575, "error_max": 0.3700412687546054, "target": "738.xyz", "model": "23.xyz", "model_rescale": 4.274766983524099, "target_rescale": 4.092075628961253},
{"mapping": [11, 5, 4, 2, 6, 8, 0, 9, 13, 7, 14], "R": [[0.10564682526563579, 0.8812372507582499, 0.46071645964446944], [-0.5056032714419302, -0.3513491072321632, 0.7879842236709949], [0.8562733676919483, -0.31618778079363496, 0.40843751916087007]], "T": [-0.022966652767107576, 0.08971441730777138, -0.05493762846960178], "aligned_model": [[0.31567785485575545, 0.026321336778398874, -0.4495078140885755, -0.4520219963240984, -0.4873009041916871, -0.6237549817325199, -0.1024897369426177, 0.15247034452455716, 0.6804611643475864, 0.2870558145716753, 0.03298362215960027], [-0.1801883816211726, 0.715506653284526, 0.5642532349788959, -0.40148030100119914, 0.5602046104378166, -0.18481911027468703, -0.6241129858241555, -0.08303351695435965, -0.0421307019300082, 0.5554938906275821, 0.03589313952024479], [-0.7732359263757412, -0.10559926531047245, -0.4882346953852582, -0.2962174640260681, 0.09016114320562171, 0.2776538289799463, 0.29114273800542007, 0.6455023993232725, 0.358187831929393, 0.3696437254159251, 0.010562118259538893]], "inverted": false, "swapped": true, "error_lsq": 0.04887519103814846, "error_max": 0.2516037558903877, "target": "738.xyz", "model": "24.xyz", "model_rescale": 3.7841303162186577, "target_rescale": 4.092075628961253},
{"mapping": [12, 13, 14, 7, 0, 1, 8, 4, 9, 5, 2, 11, 6, 3, 15], "R": [[0.5660173402554208, 0.31033453207009853, -0.7637518240469299], [-0.8073728186467403, 0.021389282475154564, -0.589653822429412], [-0.16665383956152213, 0.9503867511702967, 0.2626623706574114]], "T": [-0.0822355593099374, -0.05205867201628456, -0.061853590647869314], "aligned_model": [[0.6281137338578078, 0.2906376340060942, 0.2168412337304735, -0.6975784780886128, -0.728601231807769, -0.34025951555730805, -0.14335448013821803, 0.1975575496754353, 0.19210773241130982, 0.7335327909885184, 0.4603462029355472, -0.30375757016499744, -0.23356097316854277, 0.3419107245867615, -0.08497407633392381], [-0.030717651160103165, 0.4766783777322887, -0.13118318050776276, 0.15093630124931073, -0.32238294456173244, -0.34759615849121506, -0.5730498580717083, 0.06304891657409609, -0.44947841159411994, 0.05580316891790779, -0.5020688657938246, 0.6261930297412027, 0.5082192413175219, 0.5906277603030663, 0.00707874576812878], [-0.32665606222439497, -0.5016293416852824, -0.7923269620524721, -0.11618307838795368, 0.16279314189189759, 0.5699039782769034, 0.21070914563171167, 0.6201804276177612, -0.39190512815005996, 0.24183468269390196, 0.2062674355736997, -0.3452794132761005, 0.3685133820555045, 0.17490782344318734, -0.02575738668093299]], "inverted": true, "swapped": false, "error_lsq": 0.043963542030248895, "error_max": 0.26867272389496766, "target": "738.xyz", "model": "25.xyz", "model_rescale": 4.19342608120988, "target_rescale": 4.092075628961253},
{"mapping": [8, 2, 0, 7, 9, 6, 13, 5, 1, 4, 12, 14], "R": [[0.48041196018148624, -0.5021053409618984, 0.7190928834942798], [0.4297922906177298, -0.5799288519020882, -0.6920701652701775], [0.7645148366383396, 0.641539362244486, -0.06280375188467047]], "T": [0.034570013023529446, 0.04060771887003807, 0.024689824471393666], "aligned_model": [[-0.1517246404295173, 0.4627410821587773, 0.0878320950689632, -0.5464228137471469, -0.4734895551513447, -0.3541421714364136, -0.21385446114979934, -0.23167910929650434, 0.580631574690577, 0.14575099386237064, 0.2838767123721726, 0.008288847689646113], [-0.6735156573728519, -0.5056709163359304, -0.5137252032503322, 0.4300446392893587, -0.10653045970495241, -0.09970079974269828, 0.407743522277889, 0.44263503702399937, -0.09217583810928796, 0.08763625501945929, 0.5992163496073465, 0.036819499038980796], [0.07217094866406878, 0.06742021703540635, -0.5458566368339217, -0.039497357609675855, -0.4963303794906275, 0.5606350918973771, -0.6727075212901354, 0.4297790372275041, -0.4124945595793286, 0.7864626949933372, -0.22697040867150703, -0.073352665133076]], "inverted": true, "swapped": true, "error_lsq": 0.046208663715495285, "error_max": 0.2605665262099184, "target": "738.xyz", "model": "26.xyz", "model_rescale": 3.795458400668931, "target_rescale": 4.092075628961253},
{"mapping": [1, 2, 11, 12, 5, 9, 0, 13, 8, 3, 7, 6, 14], "R": [[0.7272700199219945, 0.056119145985646934, 0.6840533309446739], [0.5211732381659808, 0.6033628672364025, -0.6035989614469639], [-0.4466058373356172, 0.7954897182830896, 0.409559927438761]], "T": [-0.06656926699436533, 0.02331384155897917, -0.023387093993725343], "aligned_model": [[0.16308039269724317, 0.4106827587337031, 0.46011111418103584, -0.11005515917939826, -0.13838982776306652, -0.737289518745863, -0.22932149903674698, -0.7224695307222815, -0.0538783767935756, 0.5090155004106431, -0.6495324361527122, -0.06124063004899452, -0.14103640475873058], [-0.6411508933305692, -0.30927194166271, -0.3314946897989046, -0.1422147388981027, 0.6037597984566873, -0.20141927199536644, -0.6341780539951871, -0.3229209805927924, -0.055330916030893684, 0.22217161439489694, 0.3668273384351213, 0.6128385213786501, -0.0457342831039145], [-0.1360482571504977, 0.35765607798664506, -0.5712910548739711, -0.6623233755215467, -0.25691680975082876, 0.20214692319128563, 0.39716161981259807, -0.3877807922908149, 0.7118586438149865, -0.43403897976741346, -0.2117648924651891, 0.3089579525032087, -0.025480393389036272]], "inverted": true, "swapped": true, "error_lsq": 0.04733712933891895, "error_max": 0.3456211732899451, "target": "738.xyz", "model": "27.xyz", "model_rescale": 3.6321398670334006, "target_rescale": 4.092075628961253},
