[{"mapping": [5, 1, 6, 8, 3, 2, 9, 4, 7, 12, 11, 0, 13], "R": [[-0.8306961981796291, -0.523955499545129, 0.18818730251088817], [-0.5011931912091263, 0.556649161316993, -0.6625308266720126], [0.24238236613978847, -0.644680033583717, -0.7250092708945004]], "T": [0.0066735527508288706, 0.03438237035414625, -0.13838207278271286], "aligned_model": [[0.23724029553456222, 0.09251016655191607, -0.4765933948766307, 0.0800152702487491, -0.4300248267912559, -0.7182448700937845, 0.05150628528479123, -0.5494286810133444, 0.03533734980844565, 0.39025316123179915, 0.5614001824146981, -0.288024607243728, 0.05458660694563536], [-0.6313061416893143, 0.16149540314248073, -0.5184529276448335, -0.4178652298223656, -0.14824619525929517, 0.27113506423501355, 0.6523592071134448, -0.09939815735011966, 0.1584412361859922, 0.44589905208289377, -0.25989011739839796, 0.6920756600110377, 0.053366819882611244], [-0.4142426217872064, -0.6947259107547772, 0.07462608388005576, 0.4946046823960516, -0.3600612060474983, -0.03989508089883881, 0.2525627149901081, 0.6272923375385052, 0.6067234680785968, -0.27491233532604836, 0.1661567755387675, -0.4140720541326802, 0.016161746793567577]], "inverted": true, "swapped": false, "error_lsq": 0.043744336941607107, "error_max": 0.2822741710512836, "target": "739.xyz", "model": "0.xyz", "model_rescale": 3.8414455957264533, "target_rescale": 3.6231444910265247},
{"mapping": [13, 7, 11, 12, 0, 4, 5, 3, 10, 6, 8, 2, 14], "R": [[0.9044359990105959, 0.29486519684802054, 0.3083018640577501], [0.31791563368237125, -0.9477572768131592, -0.026187670916688388], [0.28447350237595365, 0.12169905478467172, -0.9509280553808872]], "T": [-0.07260562393468592, 0.03359998458236602, -0.06421151450458887], "aligned_model": [[0.15657777068046602, -0.19389634076997894, -0.28906331355365766, 0.18902385364347588, -0.5912073480945714, -0.5296049180266086, -0.09488746925375843, -0.652140497102303, 0.1755413485825138, 0.4497102446486183, 0.6436049642470266, -0.10426951654682397, -0.11885584045254446], [-0.6213596780249233, 0.10378797014348023, -0.7340897279620204, -0.4814963759667529, -0.3053283824069458, 0.2921959761459044, 0.5721100535792558, 0.31887681172266813, 0.1365522013831624, 0.6047010019914241, -0.2733595275877536, 0.7324636560485532, 0.014559694423095272], [-0.36974353022364714, -0.6913615849244008, 0.23589509320058613, 0.43430157426871807, -0.4406383775942456, -0.20597537871174676, 0.3150419758427452, 0.37865792982343427, 0.5652368324602276, 0.04094044755057033, 0.06663438250887632, -0.29914064047214206, 0.010369876539628342]], "inverted": false, "swapped": false, "error_lsq": 0.047121677015641475, "error_max": 0.2614222662443527, "target": "739.xyz", "model": "1.xyz", "model_rescale": 4.316132596720782, "target_rescale": 3.6231444910265247},
{"mapping": [7, 6, 5, 0, 4, 3, 1, 10, 11, 8, 9, 12], "R": [[-0.20718971926225804, -0.968981457780098, -0.13471211790474863], [-0.8650059549685146, 0.11712750077466955, 0.4878994224543496], [-0.4569869999256377, 0.21761452856056274, -0.8624423452372508]], "T": [-0.11606701195213726, 0.0466707266323029, 0.0020770440730949816], "aligned_model": [[-0.09704685519958148, 0.5816497480446439, -0.022480517566812214, -0.6808295935249589, -0.48502321215941896, -0.41785113789231926, -0.0964504754972344, -0.23100648485005223, 0.5556226579407131, 0.153516332418487, 0.3878273167475869, -0.05011922382927292], [-0.6564213714243593, -0.20218906091946034, -0.5051364531547174, 0.40156055313559846, -0.19236102571776267, -0.08742356809030796, 0.40185141836383675, 0.6650488609619957, -0.041130188710155835, -0.1613127766919867, 0.4077011987200505, -0.017411158731750948], [0.09928156659205725, 0.11675558498090585, -0.5271560743363762, -0.12202831441864267, -0.4752924408375797, 0.5143590704246451, -0.6151594617766013, 0.41498266412361084, -0.5884481476164913, 0.657413134142478, -0.0565953488443857, 0.031146228775800557]], "inverted": true, "swapped": true, "error_lsq": 0.041368941397744836, "error_max": 0.21848540736258498, "target": "739.xyz", "model": "2.xyz", "model_rescale": 3.795458400668931, "target_rescale": 3.6231444910265247},
{"mapping": [8, 3, 10, 4, 6, 1, 0, 7, 2, 5, 9, 12], "R": [[-0.9659295431675269, 0.2318033401674656, 0.11509704220082938], [0.13213864042291437, 0.8241119009455331, -0.5507984698845158], [-0.22252976731969365, -0.5168237477198067, -0.82666421021446]], "T": [-0.006840842640041762, 0.06407310440850641, 0.05358702095939408], "aligned_model": [[-0.062239724806249445, -0.09681716955086467, -0.7417335258879839, 0.3854513197097144, 0.2046992807052833, -0.09008619248304636, -0.30678829553786996, 0.6017875137577157, 0.23945262041685086, 0.7116996220287592, -0.2953864760733005, 0.04326485346455654], [-0.18212254587521884, -0.505493417474952, -0.09041905081754317, 0.001784128243854488, 0.4491482604210111, 0.5472110210967548, -0.18507878670405653, -0.18080901849355488, -0.7183096855561854, 0.29068358845524933, 0.5811533529807901, 0.07802119901356064], [-0.6404708828214292, -0.1438618352406381, 0.007126622783385959, 0.5667862261751988, -0.5537505616274644, 0.5704690206678135, 0.6087991994658086, -0.21798848158509984, 0.44437068456860984, 0.21385111042081179, -0.13893409457169714, -0.027625577596199866]], "inverted": false, "swapped": true, "error_lsq": 0.05249573854438578, "error_max": 0.29482256685058483, "target": "739.xyz", "model": "3.xyz", "model_rescale": 3.7530521520055578, "target_rescale": 3.6231444910265247},
{"mapping": [8, 10, 9, 1, 6, 0, 7, 3, 2, 4, 12], "R": [[-0.2537430519582674, 0.6510836383360403, -0.7153352776663601], [0.005886977397420223, -0.7384859657818782, -0.674243147418147], [-0.9672537449294403, -0.1752956765990277, 0.18355276812312804]], "T": [0.018495166368645656, -0.05922455684399127, -0.017246841952890918], "aligned_model": [[-0.4357992075545963, -0.3650817121731547, 0.3318903968708838, 0.5866886733885162, 0.24120999161595014, -0.1262503762129745, -0.09479951607195816, -0.5821226893960364, -0.4844201174298468, 0.24544184852887874, 0.021442310879543153], [-0.6377540038517298, 0.12074763083188836, -0.2885912506968344, 0.33241919962041494, -0.7736235100587522, 0.5966537733285427, -0.4108674804202315, -0.08681044382194866, 0.42954035465456236, 0.33691763490838794, -0.15142854617995377], [-0.08295840053379899, -0.6389963416935102, -0.5039390395601426, -0.1941376077882758, -0.061102070217894225, -0.11304896311698988, 0.5891033482344196, 0.08267824621699446, 0.5604037880398627, 0.44396140688585783, 0.01086641077879346]], "inverted": false, "swapped": true, "error_lsq": 0.049993703191612476, "error_max": 0.28827810762506895, "target": "739.xyz", "model": "4.xyz", "model_rescale": 3.7855080009869324, "target_rescale": 3.6231444910265247},
{"mapping": [15, 10, 13, 12, 8, 7, 0, 6, 1, 3, 14, 5, 16], "R": [[-0.6170817915202126, 0.6808675349568041, 0.39449900179347774], [0.5664032909310519, 0.036299158586601155, 0.8233284175275255], [0.5462576082734952, 0.7315065077822276, -0.40804516229894283]], "T": [-0.05176451653027845, 0.013616706692706055, 0.05255064698625954], "aligned_model": [[0.10126884594167321, -0.13372383651305653, -0.27777935627675066, 0.1834144946666361, -0.4491866448696718, -0.6550878925570895, 0.09949973644596671, -0.6631492006454163, 0.06241238903363464, 0.4064662090043975, 0.5031108979265582, -0.13484803921509006, -0.0018646649399376922], [-0.5615494315853751, 0.15001466961251692, -0.6584609736440223, -0.3561294670346538, -0.3864428076615118, 0.3684994769519699, 0.7166331907093498, -0.06795452242429594, 0.3018791238391358, 0.4636474537320986, -0.3734099406325988, 0.7677632054399471, -0.0048763038134127905], [-0.5176096901423971, -0.65853481880078, 0.20119963851656641, 0.5731693776487007, -0.36854068615237734, -0.21471063937716134, 0.35481019157158455, 0.2661670571160466, 0.7431824968788902, -0.2118610288042983, 0.05713837238751307, -0.22934194125412583, 0.04515027068044218]], "inverted": true, "swapped": false, "error_lsq": 0.04698039515418519, "error_max": 0.24313439552172614, "target": "739.xyz", "model": "5.xyz", "model_rescale": 4.2253639853439635, "target_rescale": 3.6231444910265247},
{"mapping": [6, 5, 12, 7, 11, 8, 1, 9, 0, 4, 3, 10, 13], "R": [[-0.049452492612277354, -0.9856186592432208, -0.16158684824585548], [-0.6336544592329775, 0.15601722825259462, -0.7577206944399375], [0.7720339871201242, 0.06491904990042807, -0.6322570993602448]], "T": [-0.07436636451640863, 0.08897619934512677, -0.030998849570196226], "aligned_model": [[0.17386773366175293, -0.19276067696556826, -0.4216275567446729, 0.22416564584512136, -0.5133334123368695, -0.7216918276656885, -0.0799725262969455, -0.4996276807371378, 0.10556133487507016, 0.49973729118865495, 0.5738560293306629, -0.09029118939841205, -0.017350226754114198], [-0.4267055422132635, 0.09593832453640141, -0.7285532159544463, -0.5603716854167098, -0.4471991184641335, 0.40951447682342024, 0.750968453361641, 0.1692533957061429, 0.02160691167151932, 0.4876782794831427, -0.19026536830477367, 0.7103876453012972, 0.06736111695890964], [-0.32454636199040016, -0.6528312884499936, 0.2560535567272854, 0.31340959889142883, -0.3850860539607485, -0.18620784746822455, 0.2859248139995855, 0.39947160488168726, 0.7475575397791174, 0.08014500318931089, 0.03858094426350472, -0.5022808131294634, -0.029972096464486595]], "inverted": false, "swapped": false, "error_lsq": 0.05014646738293165, "error_max": 0.2855262237456874, "target": "739.xyz", "model": "6.xyz", "model_rescale": 3.89814844738969, "target_rescale": 3.6231444910265247},
{"mapping": [8, 9, 3, 7, 6, 1, 2, 0, 4, 10, 11, 5, 12], "R": [[-0.3004504622544584, -0.3217709189156025, -0.8978825064958617], [-0.35170688393106364, -0.8376631274529318, 0.41787887324112805], [-0.8865843375148151, 0.44134335912754163, 0.13850722662530712]], "T": [-0.05051381417280446, -0.024190704701339823, 0.0896383838287347], "aligned_model": [[0.12931969745399072, 0.22223797462483255, -0.5234415433616895, 0.007619159050000386, -0.4925820870870127, -0.7150791223675248, -0.09322970136352696, -0.5801802914030395, 0.29976499679082863, 0.34895637969349796, 0.7132014077126235, -0.3193028617578221, 0.043248930016695435], [-0.5496338597640914, 0.14310315916233812, -0.6789413075846543, -0.4866862484535504, -0.20868031890642602, 0.49379776288360216, 0.6365086766839764, -0.03208709635593812, 0.1946393380279183, 0.5624055011121187, -0.2712850159084859, 0.44149295777577685, 0.1149801248165637], [-0.2966984785186347, -0.7443670741005671, 0.09442875522270258, 0.5522322758977715, -0.3877661357988929, 0.020086168717349473, 0.3410335407819592, 0.35497111336969966, 0.5845262048278862, -0.09806382337672055, -0.015356046750070435, -0.4702435487472917, 0.10543564874341194]], "inverted": true, "swapped": false, "error_lsq": 0.04903906358592606, "error_max": 0.37787522133069584, "target": "739.xyz", "model": "7.xyz", "model_rescale": 3.7474275329858107, "target_rescale": 3.6231444910265247},
{"mapping": [1, 0, 13, 4, 12, 10, 5, 11, 8, 3, 2, 6, 14], "R": [[-0.2910107804875218, 0.6966640783439104, 0.6557224165645656], [0.8010323947350888, 0.5521867273805134, -0.23116427208755236], [-0.5231250598327446, 0.4579836023811649, -0.7187427855115895]], "T": [-0.16124766009574565, 0.036049816029713744, 0.023879770186298277], "aligned_model": [[0.19127782242227992, 0.011847722683107742, -0.37993741678470194, 0.18850178577198817, -0.5833053727508264, -0.7160128656830056, 0.018847843398469094, -0.7344352309241392, 0.2730907638105483, 0.4104443487844691, 0.5993005196846949, -0.10436011779460061, -0.13472686461642977], [-0.36735085727592315, 0.2361768122199858, -0.7736356263730402, -0.42972530836339834, -0.3746965683144285, 0.3360047975091514, 0.66780464684347, 0.05641876777550557, 0.11916139348054278, 0.45365972053572595, -0.32423743565565827, 0.7767820120238251, -0.01674868091661038], [-0.5031833199669061, -0.5796104215181426, 0.3474475426435545, 0.5463304419796455, -0.15996068710189276, -0.3974584970570864, 0.30931436407171964, 0.26371527640355974, 0.5431609224234617, -0.08971931266913807, 0.04256287366260936, -0.31526285430437473, 0.03288227170159376]], "inverted": true, "swapped": false, "error_lsq": 0.050499458048758376, "error_max": 0.25118657385766324, "target": "739.xyz", "model": "8.xyz", "model_rescale": 4.019505241142653, "target_rescale": 3.6231444910265247},
{"mapping": [4, 5, 7, 0, 8, 11, 10, 9, 1, 2, 3, 6, 12], "R": [[-0.002402340117673596, 0.1298052150664753, 0.9915366029065721], [-0.005216839421953445, -0.9915275981770432, 0.129791396632094], [0.9999835065381851, -0.004860884159294643, 0.0030591594900152286]], "T": [-0.06973888463979687, 0.10073590577384761, 0.028077497934018678], "aligned_model": [[0.08856331278924441, 0.042664958570220526, -0.2851670603314399, 0.2570550773683732, -0.6040314817623026, -0.5509866682493929, -0.2740892489398989, -0.7001838820551919, -0.014668976008210807, 0.508584086898944, 0.6028160003840364, 0.04899277515506156, -0.07901595581758902], [-0.6494631174022311, 0.09545269464725789, -0.737092379066121, -0.4023330115536048, -0.28708191803451133, 0.2623133147648509, 0.8801701102686982, 0.08853404801933057, 0.21945323495774077, 0.22484426630585969, -0.2046316826121029, 0.7700637724298346, 0.09938434076414616], [-0.2877333808493365, -0.6336340576955978, 0.29494536095986673, 0.27862379881486854, -0.11428010664943253, -0.33184309840299964, 0.46270723425182214, 0.2921424167166616, 0.6907831664515804, 0.038651884597797684, -0.41110511822433293, -0.22875871027463837, -0.010280789427655725]], "inverted": true, "swapped": false, "error_lsq": 0.07249018992089483, "error_max": 0.4654959681195629, "target": "739.xyz", "model": "9.xyz", "model_rescale": 3.877068213659057, "target_rescale": 3.6231444910265247},
{"mapping": [11, 8, 10, 6, 9, 2, 4, 13, 3, 1, 12, 7, 15], "R": [[-0.5998419499825532, 0.20204747482917068, 0.7741876083716944], [0.5361010549203885, 0.8197695880954514, 0.2014286011147889], [-0.593957316609851, 0.5358681184293108, -0.6000500526594891]], "T": [-0.06382927297963507, -0.0011337652968616656, 0.05546870996103672], "aligned_model": [[0.1976996327461158, -0.08164128691460847, -0.2545946539757883, -0.018415393844528824, -0.5313231910012826, -0.638517458385112, -0.10030486073639351, -0.6158537725992126, 0.18503248053775218, 0.48665185704183206, 0.5497339442156598, -0.15131303386758466, 0.01337867478500536], [-0.5257772520398437, 0.0896142654012472, -0.6816071032511711, -0.3832785123607368, -0.18934400047140446, 0.30738670466075035, 0.6441279685339951, 0.025745730012112434, 0.20453594301479708, 0.5865931899664384, -0.3989370268224816, 0.6974334745371532, -0.016879707691708292], [-0.3928694654732688, -0.7105407305108763, -0.005975453363000517, 0.5373478929501306, -0.37076086185204793, -0.06661309507967927, 0.2564600184705502, 0.5960100502074246, 0.6018469136326999, -0.26772498080450746, 0.20872652978785247, -0.35761357291780393, 0.01192535522113003]], "inverted": true, "swapped": false, "error_lsq": 0.04205860586072669, "error_max": 0.2589279100744359, "target": "739.xyz", "model": "10.xyz", "model_rescale": 4.260839863003843, "target_rescale": 3.6231444910265247},
{"mapping": [10, 8, 6, 9, 11, 1, 0, 3, 7, 5, 4, 12], "R": [[0.02085882614159945, 0.8540447064760204, -0.5197812508279642], [0.19225957353027728, 0.5067645341217772, 0.8403725146280633], [0.9811224010071071, -0.117462105790024, -0.15362775773089576]], "T": [0.08160373818490499, 0.047721635918164224, -0.09377151277966206], "aligned_model": [[0.3209514045261636, 0.3212369464840322, -0.3356191349167911, -0.400894352049051, -0.7839013341015891, -0.37982138634947316, 0.37345086910631997, 0.6545036860372688, 0.24848619879207356, -0.22555878454136216, 0.10554953633350295, 0.06051499977303557], [0.019157414483623743, -0.6492245248185934, -0.5576356027725703, -0.12620523082655308, 0.003242278584934727, 0.5762489467478621, 0.6061999176293418, -0.15834561879830827, -0.24588544062832454, 0.19191759981308398, 0.5482013038093161, -0.034592537690878736], [-0.8065059867510389, -0.14109679861168584, 0.05237473763735842, -0.44681539660610864, 0.14396483701425652, -0.21732220112449147, -0.3452331669867583, -0.12222760797664171, 0.5308036331029384, 0.5977456582624627, 0.3186520343238111, -0.04816166488859755]], "inverted": true, "swapped": true, "error_lsq": 0.04774263071915225, "error_max": 0.2818920550546368, "target": "739.xyz", "model": "11.xyz", "model_rescale": 3.890672605050136, "target_rescale": 3.6231444910265247},
{"mapping": [6, 8, 9, 11, 5, 7, 4, 12, 2, 0, 1, 3, 13], "R": [[-0.24055761226246283, -0.1804052217593476, 0.9537221771273556], [-0.9491015110058793, 0.2495384808688828, -0.19218966770356644], [-0.20331836362940667, -0.9514118469556763, -0.23125124969056823]], "T": [-0.020436271694887334, -0.07576604091675436, 0.028975820310740835], "aligned_model": [[0.2681552619500138, -0.05946885311797018, -0.41991697251529175, 0.13655473215423142, -0.7114058719004795, -0.6967716164784431, 0.014129596221541571, -0.6948896714545614, 0.2265960269209007, 0.3761861135260816, 0.7557488067746252, -0.020788446121184634, -0.1335961679576101], [-0.49136155184437336, 0.05712790074963149, -0.7404536313710939, -0.3731364379116071, -0.26373325383892726, 0.3890796949332894, 0.5349120563476047, 0.04595969456510836, 0.112285884443565, 0.3074456546116282, -0.02500468335799179, 0.7601577801792112, 0.04633456598310218], [-0.2468024274660782, -0.6781357010873725, 0.09550395563290498, 0.4645063423144482, -0.27467121210198364, -0.2022234736651305, 0.3709326978872963, 0.32125582923897666, 0.6686442113350005, -0.1820550298015288, 0.012904139306369716, -0.3638274348941123, 0.054186703569813276]], "inverted": true, "swapped": false, "error_lsq": 0.04354196623423094, "error_max": 0.25619827486468405, "target": "739.xyz", "model": "12.xyz", "model_rescale": 4.124412569039231, "target_rescale": 3.6231444910265247},
{"mapping": [2, 4, 11, 8, 10, 7, 0, 9, 6, 0, 1, 5, 12], "R": [[0.273287978398873, -0.3711548350194226, -0.8874445161836103], [0.4915673327237554, 0.8468924621616161, -0.2028169493230004], [0.8268465627076825, -0.38081129969519145, 0.41389312118341515]], "T": [-0.09906972674877196, 0.1721924537846356, 0.09924253975069343], "aligned_model": [[0.15039573863461234, 0.216979639517419, -0.463907779148917, -0.02421422318979652, -0.5281822562139196, -0.6927078433804701, 0.24436229550680982, -0.4984129076115668, 0.1875978361385987, 0.24436229550680982, 0.6556832608783028, -0.3213147819561822, -0.13010833667984661], [-0.5526039452171778, 0.10621675463504811, -0.7499745599364902, -0.4815909456455644, -0.22007149846237745, 0.3529788538561832, 0.6146730417838764, 0.04614031780977135, 0.021643993410572104, 0.6146730417838764, -0.12452932676394107, 0.6424208895016963, 0.08963705673367442], [-0.29424529389092785, -0.6177206817286156, 0.015254113988422621, 0.38535447783588794, -0.3552913986093445, 0.009868390539723201, -0.052522965972158484, 0.5822302776022371, 0.684707896754243, -0.052522965972158484, 0.17113420494784742, -0.45142817197379415, 0.01540071674724125]], "inverted": true, "swapped": false, "error_lsq": 0.05607414717001657, "error_max": 0.45591902733060136, "target": "739.xyz", "model": "13.xyz", "model_rescale": 3.9028299243045295, "target_rescale": 3.6231444910265247},
{"mapping": [4, 10, 8, 2, 5, 13, 11, 12, 1, 9, 3, 14, 15], "R": [[-0.978955104587071, -0.19453920947083325, -0.061655487844798955], [-0.19967639254048936, 0.8506971255625866, 0.4862548085331076], [-0.04214547976869266, 0.488332772336668, -0.8716391810818573]], "T": [0.02620718190585196, -0.07097118802542313, 0.029302244687482604], "aligned_model": [[0.13757231296654487, -0.019378258431504473, -0.4781655120478611, 0.09914726741374262, -0.37902702587782916, -0.6563895289345217, -0.09403049259614789, -0.5786312107743949, 0.1585828897617877, 0.4374392214548283, 0.5548017699485343, -0.24035947888438786, 0.0989709840030635], [-0.45562149270086516, 0.17060441313488833, -0.6091970049949573, -0.47762806717896866, -0.271474623007967, 0.178729125808033, 0.5940174336625546, 0.1197107358636689, 0.2109592220826827, 0.5734695288374425, -0.39768506538056425, 0.7168217745677148, 0.006907692795485212], [-0.5175114572070774, -0.674200277413368, 0.25827454672197603, 0.6387771794624779, -0.21087569571772144, -0.2937501278724642, 0.3279487296723238, 0.3157480713333181, 0.5995571627449434, -0.09887664811990263, -0.021049012235336756, -0.2729809275646633, -0.010842943535901768]], "inverted": false, "swapped": false, "error_lsq": 0.04473918497264761, "error_max": 0.22348834599857384, "target": "739.xyz", "model": "14.xyz", "model_rescale": 3.942246331269136, "target_rescale": 3.6231444910265247},
{"mapping": [4, 10, 13, 12, 11, 6, 2, 8, 1, 5, 3, 9, 14], "R": [[-0.4549928179156175, 0.6631596936600241, 0.5943069546538634], [0.06728117963899755, -0.6398809434920167, 0.765523102866368], [0.8879497612543129, 0.3882931867294479, 0.246523067131454]], "T": [-0.10802109797083402, 0.0635182991598599, -0.015835430518283795], "aligned_model": [[0.08690431718008652, -0.05757813192197414, -0.2567171344117935, 0.09881321077973644, -0.6395342141221104, -0.5828854967871946, 0.028560889889766586, -0.8047588903323051, 0.44518550675689705, 0.4050854437170075, 0.5536951603560025, -0.13876547003428752, -0.09747225306797727], [-0.3685823357350994, 0.05594316107680827, -0.7244628891688736, -0.45784162091675534, -0.31193711801018104, 0.2651055797812941, 0.7328547478096044, 0.07084404135131389, 0.05593348275198806, 0.42316246988017, -0.20499354738220515, 0.7290594517140383, 0.09452825033704544], [-0.36073701180520573, -0.7274523502878875, 0.11797406874130689, 0.5787061244836587, -0.3168969885647747, -0.23183487581121184, 0.32472586754783717, 0.320830143136641, 0.5762341252150723, 0.08494802811039323, 0.0652873913825143, -0.4678001016770387, 0.07623417979729841]], "inverted": true, "swapped": false, "error_lsq": 0.05054913107154321, "error_max": 0.31049860929445483, "target": "739.xyz", "model": "15.xyz", "model_rescale": 4.355366556412066, "target_rescale": 3.6231444910265247},
{"mapping": [7, 6, 5, 0, 4, 3, 1, 10, 11, 8, 9, 12], "R": [[-0.20718971926225804, -0.968981457780098, -0.13471211790474863], [-0.8650059549685146, 0.11712750077466955, 0.4878994224543496], [-0.4569869999256377, 0.21761452856056274, -0.8624423452372508]], "T": [-0.11606701195213726, 0.0466707266323029, 0.0020770440730949816], "aligned_model": [[-0.09704685519958148, 0.5816497480446439, -0.022480517566812214, -0.6808295935249589, -0.48502321215941896, -0.41785113789231926, -0.0964504754972344, -0.23100648485005223, 0.5556226579407131, 0.153516332418487, 0.3878273167475869, -0.05011922382927292], [-0.6564213714243593, -0.20218906091946034, -0.5051364531547174, 0.40156055313559846, -0.19236102571776267, -0.08742356809030796, 0.40185141836383675, 0.6650488609619957, -0.041130188710155835, -0.1613127766919867, 0.4077011987200505, -0.017411158731750948], [0.09928156659205725, 0.11675558498090585, -0.5271560743363762, -0.12202831441864267, -0.4752924408375797, 0.5143590704246451, -0.6151594617766013, 0.41498266412361084, -0.5884481476164913, 0.657413134142478, -0.0565953488443857, 0.031146228775800557]], "inverted": true, "swapped": true, "error_lsq": 0.041368941397744836, "error_max": 0.21848540736258498, "target": "739.xyz", "model": "16.xyz", "model_rescale": 3.795458400668931, "target_rescale": 3.6231444910265247},
{"mapping": [8, 9, 3, 7, 6, 1, 2, 0, 4, 10, 11, 5, 12], "R": [[-0.3004504622544584, -0.3217709189156025, -0.8978825064958617], [-0.35170688393106364, -0.8376631274529318, 0.41787887324112805], [-0.8865843375148151, 0.44134335912754163, 0.13850722662530712]], "T": [-0.05051381417280446, -0.024190704701339823, 0.0896383838287347], "aligned_model": [[0.12931969745399072, 0.22223797462483255, -0.5234415433616895, 0.007619159050000386, -0.4925820870870127, -0.7150791223675248, -0.09322970136352696, -0.5801802914030395, 0.29976499679082863, 0.34895637969349796, 0.7132014077126235, -0.3193028617578221, 0.043248930016695435], [-0.5496338597640914, 0.14310315916233812, -0.6789413075846543, -0.4866862484535504, -0.20868031890642602, 0.49379776288360216, 0.6365086766839764, -0.03208709635593812, 0.1946393380279183, 0.5624055011121187, -0.2712850159084859, 0.44149295777577685, 0.1149801248165637], [-0.2966984785186347, -0.7443670741005671, 0.09442875522270258, 0.5522322758977715, -0.3877661357988929, 0.020086168717349473, 0.3410335407819592, 0.35497111336969966, 0.5845262048278862, -0.09806382337672055, -0.015356046750070435, -0.4702435487472917, 0.10543564874341194]], "inverted": true, "swapped": false, "error_lsq": 0.04903906358592606, "error_max": 0.37787522133069584, "target": "739.xyz", "model": "17.xyz", "model_rescale": 3.7474275329858107, "target_rescale": 3.6231444910265247},
{"mapping": [11, 1, 10, 12, 3, 8, 6, 5, 9, 2, 7, 0, 13], "R": [[-0.5256999605488437, -0.8449002751436886, -0.09890943605674751], [-0.8499761936761873, 0.5170131711892814, 0.10118226623546099], [-0.034351443385760454, 0.1372621793463969, -0.9899389236000333]], "T": [-0.08651507055119483, 0.02069468971146785, 0.002078562375156521], "aligned_model": [[0.07892331742450075, 0.1643648469936116, -0.5335469203760747, 0.11351946719391771, -0.4243589042440465, -0.7817801444233258, 0.08512100946103644, -0.49313913736648873, 0.16362113309317905, 0.38579117781576683, 0.6088375486220984, -0.269770352023576, -0.05705010416874534], [-0.6106365481012479, 0.060611542272157676, -0.4992524063772927, -0.4382186372381156, -0.21149339959962035, 0.16020099197319795, 0.6877606776422781, -0.13874774341197763, 0.22600225426422982, 0.5279959553361782, -0.2663322974841835, 0.7421795984967047, 0.11954368571683871], [-0.30741726918307594, -0.6413375771986314, 0.08117921328567605, 0.5576158386858138, -0.5387905683089835, -0.1162384689497504, 0.349300156237432, 0.578667597543673, 0.5877447210524945, -0.15090822613540603, 0.041059656081280094, -0.3787355904454891, -0.021920882396430055]], "inverted": true, "swapped": false, "error_lsq": 0.045415200864692494, "error_max": 0.3137637889803293, "target": "739.xyz", "model": "18.xyz", "model_rescale": 3.922800546911778, "target_rescale": 3.6231444910265247},
{"mapping": [12, 7, 5, 8, 3, 2, 10, 1, 6, 11, 13, 9, 14], "R": [[-0.1623257173601971, 0.4563118357500624, -0.874888490059108], [-0.9283883087198408, 0.22974784026350628, 0.29208060210594006], [0.33428357679642506, 0.8596484388682752, 0.3863405904581166]], "T": [-0.07615616107641282, -0.030588650675286103, 0.08555362856651716], "aligned_model": [[0.07638072925297584, 0.16514527951416377, -0.4086201633563216, 0.16329178697646374, -0.3926226379208935, -0.5768905995919733, -0.0029125627247207353, -0.6153345794040657, -0.014895454495933685, 0.40700727890884086, 0.5849265835088249, -0.2851781878314592, -0.05976453483404727], [-0.6299620805135461, 0.052040123187290094, -0.7167594071176218, -0.4224402811116199, -0.14760354021499822, 0.475062543838816, 0.7522132180732286, -0.02801206457625813, 0.18150601219876847, 0.42168736636268606, -0.15425760670396824, 0.5871007176349757, -0.010961327568605152], [-0.40034557215218547, -0.6715177812473361, 0.11977497244856036, 0.4899144005502406, -0.45786676877310795, 0.003633824130994001, 0.26571260516117734, 0.592764648113225, 0.7390295284455511, -0.17758722239108127, -0.054050601120877284, -0.4017992441270437, -0.007444188769513194]], "inverted": true, "swapped": false, "error_lsq": 0.046005627099723216, "error_max": 0.2978606165232139, "target": "739.xyz", "model": "19.xyz", "model_rescale": 3.9282355846067225, "target_rescale": 3.6231444910265247},
{"mapping": [4, 11, 8, 6, 9, 12, 2, 7, 5, 1, 3, 10, 13], "R": [[0.6201073605137882, 0.49484754134026043, 0.608763313830689], [-0.503581366059037, 0.8460813624120236, -0.17479169298661879], [-0.6015585334734576, -0.19817224580781595, 0.773857281284314]], "T": [-0.0884955936107713, -0.045287596133109995, 0.03064332384024422], "aligned_model": [[0.22487528815929125, -0.05852758037450584, -0.3560220576444799, 0.0167358409693113, -0.6412745330118189, -0.8633127608607506, 0.006736558526348982, -0.4934118159574327, 0.2850167874122879, 0.4975429713183016, 0.64402610475562, -0.22945479541817732, 0.007602930127858162], [-0.4879779483497733, -0.07344341848719314, -0.7381450197771261, -0.4148885299569312, -0.18619602769399812, 0.27447539654709624, 0.7244276639717984, 0.16601817297314136, 0.11816326234536932, 0.4216555831298778, -0.19160113012811741, 0.6759743444853739, 0.07115132442962988], [-0.29368951053326203, -0.6846694323553872, -0.1336727151552931, 0.5590045155924785, -0.36051531828272904, -0.11149861618620037, 0.3084660477503726, 0.454306516957781, 0.597619928590145, 0.025778751684484805, 0.12207297074903574, -0.41896324354121994, -0.024021295001602543]], "inverted": true, "swapped": false, "error_lsq": 0.04425089456143137, "error_max": 0.2841115158943998, "target": "739.xyz", "model": "20.xyz", "model_rescale": 4.067790424073018, "target_rescale": 3.6231444910265247},
{"mapping": [11, 6, 12, 9, 3, 2, 8, 0, 1, 5, 13, 4, 14], "R": [[0.31695044075106654, -0.5440664946420545, -0.7768745506937477], [0.7790209850510618, -0.3178774949034073, 0.5404444495820159], [-0.5409886532615805, -0.7764956842390317, 0.3230878044748516]], "T": [-0.05343778155582818, 0.03628346183950364, 0.023994155044156626], "aligned_model": [[0.07440968776099877, -0.03259728584537125, -0.3078337897030198, 0.054451576207766736, -0.6318251919162265, -0.6341874317027181, -0.06124130463027894, -0.7090824755988963, 0.4429270295481447, 0.36600009542608336, 0.6148367701945532, -0.11856289477844553, -0.016761846960736876], [-0.506323184627663, 0.14912785877643775, -0.6656355380759748, -0.3960951846690615, -0.39521727718685346, 0.3239439209625304, 0.5181219042373244, 0.1487270995920406, 0.12882318445790436, 0.4511651137960029, -0.14366735702987915, 0.7728336550341874, -0.026190521777848474], [-0.3035196702794262, -0.7070248040217858, 0.1960588390851194, 0.6607503815497722, -0.4265833992205005, -0.341660375421865, 0.3288526749846727, 0.2728806613539745, 0.6708043863440688, 0.0037160121154015055, -0.08160097433340102, -0.28540045911209233, 0.05294532722466523]], "inverted": true, "swapped": false, "error_lsq": 0.04964877105647128, "error_max": 0.2697984718408678, "target": "739.xyz", "model": "21.xyz", "model_rescale": 4.186013935880536, "target_rescale": 3.6231444910265247},
{"mapping": [2, 5, 1, 9, 0, 6, 4, 7, 10, 11, 8, 3, 12], "R": [[-0.4974909591003337, -0.7705866362283568, -0.39837040763552733], [-0.19181586285742352, 0.5455851492795113, -0.8158085067231866], [0.8459961113206681, -0.32944359297445697, -0.41923441972050457]], "T": [-0.05068505524964009, 0.00015370156358582993, 0.01577830767069669], "aligned_model": [[0.14982812076599708, 0.012039133198120139, -0.43950735141323194, 0.2701745972520543, -0.5959261899708211, -0.49888953089596755, -0.1679348958542864, -0.5776593407611901, -0.002674103757906998, 0.4579865633488246, 0.6474408686859913, -0.1636804744131491, -0.05066445818258006], [-0.5100265902973091, 0.05722442194454714, -0.5986406357915477, -0.3104580940281568, -0.2896390079482811, 0.3092790282161732, 0.6350184108134785, 0.006941849270597161, 0.1909260905482216, 0.3742840309448573, -0.3008133446528092, 0.7506655219761098, 0.0448519924932668], [-0.48343080573354147, -0.7532128399855192, 0.17510752498454796, 0.4470788479834786, -0.3590826419200828, -0.10001085179480104, 0.34866781575964195, 0.5262445292183642, 0.8267038756335146, 0.00010477005665724543, -0.0827466238157833, -0.5098667221790399, 0.004661722061166294]], "inverted": true, "swapped": false, "error_lsq": 0.04533128906212113, "error_max": 0.2290666396468686, "target": "739.xyz", "model": "22.xyz", "model_rescale": 4.166573947596378, "target_rescale": 3.6231444910265247},
{"mapping": [9, 10, 11, 3, 12, 6, 0, 2, 4, 7, 8, 5, 15], "R": [[-0.6111045601257705, -0.6260626612264242, 0.48435189770617826], [-0.7882294156232879, 0.5373039269474773, -0.2999981307158264], [-0.07242654858308949, -0.5651106389946199, -0.8218298855331518]], "T": [-0.10739042529329668, -0.028673788111200815, -0.07007662309113527], "aligned_model": [[0.17620336303248862, 0.2808350041591493, -0.44999251921755884, -0.04440916127831583, -0.636238213809887, -0.8010023398340593, 0.2399178644868155, -0.5038547342121488, 0.16888113111842884, 0.31249135103629305, 0.6563281580392624, -0.22855898497909402, -0.13006798053952015], [-0.5399272476831969, 0.13451988135510348, -0.7281912146957861, -0.4086266805498615, -0.30014480101781227, 0.2777971966766332, 0.6239339072758298, 0.004856136978286758, 0.10684078544447013, 0.5018091109952326, -0.0967931545479637, 0.7494001999077328, 0.03413955335047948], [-0.20661830017468763, -0.6894231135766025, 0.053989901683253766, 0.39154639618610465, -0.34576641427279486, -0.006157303185986562, 0.27667387886907335, 0.47260287262072753, 0.5971289980156275, -0.3017592407217157, 0.18716415441108947, -0.33649927699527915, -0.052663952590206446]], "inverted": false, "swapped": false, "error_lsq": 0.047720228667496103, "error_max": 0.2669569729051888, "target": "739.xyz", "model": "23.xyz", "model_rescale": 4.274766983524099, "target_rescale": 3.6231444910265247},
{"mapping": [7, 4, 2, 3, 0, 10, 8, 9, 6, 1, 12], "R": [[0.5088716143310938, -0.8580673348094208, 0.06906612093583991], [0.3585389018821492, 0.28420143937716835, 0.8892015506582793], [-0.7826234956639171, -0.42772653739159466, 0.45227256521459236]], "T": [-0.00047315286415343383, 0.11116463180066809, 0.08980976995681958], "aligned_model": [[0.32306903587382735, 0.08485983939051081, -0.46952924214802616, -0.39408436896719623, -0.5257429172551177, -0.5940752971079162, -0.015616725545641072, 0.20573359970066135, 0.5708453036962956, 0.1290740047278312, 0.0653614715928461], [-0.09260294741138426, 0.6616280868824285, 0.3679846601711902, -0.21332684959004006, 0.5398445474060396, -0.09656473523806335, -0.617457340849471, -0.017734479356134106, -0.3550951141650058, 0.694023830680621, 0.044886872713302856], [-0.508477961556578, -0.24313879435775707, -0.6447139055328247, -0.24375177178957516, 0.11492763371814269, 0.5028214585750936, -0.029682494823720124, 0.6630102063680025, 0.22430181162052043, 0.4784120405057404, 0.0658582112945326]], "inverted": true, "swapped": true, "error_lsq": 0.046727971256299454, "error_max": 0.250622371162286, "target": "739.xyz", "model": "24.xyz", "model_rescale": 3.7841303162186577, "target_rescale": 3.6231444910265247},
{"mapping": [8, 2, 10, 7, 9, 12, 3, 13, 6, 4, 1, 5, 15], "R": [[-0.2878010820695531, 0.7365102138271092, 0.6121464220984555], [-0.06847730437912286, 0.6217284980402918, -0.7802336403344399], [-0.9552389208698332, -0.26647022282594524, -0.1284999003989022]], "T": [-0.09098368187189058, -0.13441933882968105, 0.06321618980917515], "aligned_model": [[0.24004890555497277, -0.014602189478371871, -0.4766480550486742, 0.0840244346807155, -0.45631276792323394, -0.6194868737303599, -0.11880239182636686, -0.7001229551319891, 0.29769103214332426, 0.4033673725204564, 0.6201458231474486, -0.15501462305259256, -0.063754773853475], [-0.3473828547288054, 0.14120595341817965, -0.7838727559571037, -0.5102558239775155, -0.26988254097538844, 0.3044671013065827, 0.6175649356807331, 0.25003942725291173, 0.21927468253110616, 0.4073131001872793, -0.23316408996934979, 0.6551737873140504, -0.09086724859353237], [-0.37783001026086577, -0.6346302072011138, 0.2495716445747153, 0.564139992071246, -0.3730464469997144, -0.25808581032164174, 0.3508751161415005, 0.3684059672026028, 0.5590578562530663, -0.07406943360516974, -0.13064121917102986, -0.3133226251379246, 0.10979377672293235]], "inverted": true, "swapped": false, "error_lsq": 0.044415247172096335, "error_max": 0.2405137957417516, "target": "739.xyz", "model": "25.xyz", "model_rescale": 4.19342608120988, "target_rescale": 3.6231444910265247},
{"mapping": [7, 6, 5, 0, 4, 3, 1, 10, 11, 8, 9, 12], "R": [[-0.20718971926225804, -0.968981457780098, -0.13471211790474863], [-0.8650059549685146, 0.11712750077466955, 0.4878994224543496], [-0.4569869999256377, 0.21761452856056274, -0.8624423452372508]], "T": [-0.11606701195213726, 0.0466707266323029, 0.0020770440730949816], "aligned_model": [[-0.09704685519958148, 0.5816497480446439, -0.022480517566812214, -0.6808295935249589, -0.48502321215941896, -0.41785113789231926, -0.0964504754972344, -0.23100648485005223, 0.5556226579407131, 0.153516332418487, 0.3878273167475869, -0.05011922382927292], [-0.6564213714243593, -0.20218906091946034, -0.5051364531547174, 0.40156055313559846, -0.19236102571776267, -0.08742356809030796, 0.40185141836383675, 0.6650488609619957, -0.041130188710155835, -0.1613127766919867, 0.4077011987200505, -0.017411158731750948], [0.09928156659205725, 0.11675558498090585, -0.5271560743363762, -0.12202831441864267, -0.4752924408375797, 0.5143590704246451, -0.6151594617766013, 0.41498266412361084, -0.5884481476164913, 0.657413134142478, -0.0565953488443857, 0.031146228775800557]], "inverted": true, "swapped": true, "error_lsq": 0.041368941397744836, "error_max": 0.21848540736258498, "target": "739.xyz", "model": "26.xyz", "model_rescale": 3.795458400668931, "target_rescale": 3.6231444910265247},
{"mapping": [3, 7, 2, 9, 0, 6, 8, 1, 11, 10, 4, 5, 12], "R": [[-0.3802071474129117, 0.8602193402033622, -0.33980172423963484], [-0.6058209910263077, 0.045984969938811265, 0.7942709294514243], [0.6988729869497312, 0.5078465016910316, 0.5036551189376934]], "T": [-0.07223215877348058, 0.013420450389948404, 0.1347267731454385], "aligned_model": [[0.13604914255503722, 0.04086933777851383, -0.47064779497597975, -0.010483400313103575, -0.5302807565263724, -0.6907853830249995, -0.28518567491784164, -0.6224033922270109, 0.4377093962729174, 0.48552017502856326, 0.741370278605988, -0.10972092972582677, -0.08147806052803132], [-0.49988687575062646, 0.13231915117060214, -0.7687532334697259, -0.3499535596604137, -0.4137123715815226, 0.5101233102279101, 0.6363188588995335, 0.0030511661483246487, 0.28325926069398205, 0.28898693842134, -0.17870929714903797, 0.6591560358550428, 0.05741428968373878], [-0.3533419180192068, -0.6610616717692812, 0.20033335060491692, 0.355000942679521, -0.41210247496059627, -0.09301241424379106, 0.44681663639663705, 0.352803049653835, 0.5574810973384616, -0.2126374065300863, 0.13537224768295908, -0.25060504956943797, -0.0248277889953277]], "inverted": false, "swapped": false, "error_lsq": 0.05249552099582695, "error_max": 0.3311229760054116, "target": "739.xyz", "model": "27.xyz", "model_rescale": 3.6321398670334006, "target_rescale": 3.6231444910265247},
{"mapping": [9, 12, 13, 11, 6, 4, 3, 1, 0, 8, 10, 7, 14], "R": [[0.3585666291270818, -0.9300911917858161, 0.07975178643066377], [0.0579439371737657, -0.06309259738333656, -0.9963241562364265], [0.9317040692308072, 0.36186972672201334, 0.03127024561609501]], "T": [-0.03194147426085875, 0.04707901233064893, 0.07453944397421966], "aligned_model": [[0.16035609109115687, 0.047780603880176006, -0.4449689247239779, 0.1191321567644004, -0.5068431218791296, -0.7947141545726502, -0.0641631837951872, -0.5950124677198099, 0.33056165996283776, 0.32945262803675374, 0.7030293418156963, -0.16161636951150865, -0.08246132134690361], [-0.5081286873820707, 0.16309254279127935, -0.6564929206935486, -0.4759136316978726, -0.2723479656110142, 0.2928554587043776, 0.6737516975768929, 0.14647360992292144, 0.1554995681806769, 0.32714594448107914, -0.19712308327335104, 0.6954380213857061, 0.015363119104071309], [-0.24379719821393134, -0.7401353266348158, 0.10407234323216234, 0.4153932083947013, -0.4511432245562109, -0.13579131682148154, 0.35347167044366223, 0.42143851638711116, 0.5707734159743378, -0.16626427720739376, 0.1442163340812265, -0.33006208954083516, 0.09804654473007068]], "inverted": true, "swapped": false, "error_lsq": 0.033279799098918914, "error_max": 0.2042111554836101, "target": "739.xyz", "model": "28.xyz", "model_rescale": 4.156811204709835, "target_rescale": 3.6231444910265247},
