[{"mapping": [7, 8, 9, 10, 0, 2, 1, 3, 6, 11, 12, 5, 13], "R": [[-0.5917163109737943, -0.683549363589996, 0.42735474124347245], [0.692926695474238, -0.1603488640756113, 0.7029515178793012], [-0.41197621536530055, 0.7120733875980568, 0.5685306400255935]], "T": [0.059948338015673834, 0.09992522673154824, 0.06304950980255666], "aligned_model": [[0.031691925189412655, 0.2862025553203389, -0.13011316246558818, 0.6856622968201512, -0.4521014435230491, -0.7024487426572857, 0.10012927132399305, -0.27640108324427454, -0.18929507643107946, 0.6800893350974586, 0.26738269548437754, 0.5222261618167439, 0.09559882648121462], [-0.19988232664034533, 0.33077162767601664, -0.5669385445333024, -0.6168269291476169, -0.32190506421588183, 0.12330773391388394, 0.08697993916820757, 0.47444672175165925, 0.7216131834136192, 0.09354401479560462, -0.3766620156981728, 0.6834576428992839, 0.028749622048518025], [-0.630284095722821, -0.6483562112494595, -0.17340874945995782, -0.26888017166841793, 0.45710110724377895, -0.034224305527779414, 0.638603178500226, 0.20377272176039626, -0.305634757639178, -0.2570227706528412, 0.3179129941787734, 0.1979212761022117, -0.07908753049859976]], "inverted": true, "swapped": false, "error_lsq": 0.04488177587711576, "error_max": 0.27658517135659044, "target": "74.xyz", "model": "0.xyz", "model_rescale": 3.8414455957264533, "target_rescale": 3.8909804393265026},
{"mapping": [13, 11, 9, 7, 6, 8, 5, 10, 12, 0, 4, 1, 14], "R": [[-0.960173404788249, -0.27715072963182796, -0.03541900340053187], [-0.08446433468852654, 0.40875456721643244, -0.9087273958373498], [0.2663321401989742, -0.8695442351279505, -0.41588461651374103]], "T": [0.10399800040834205, -0.038892106964880664, 0.03661567487313605], "aligned_model": [[-0.005509145780328337, 0.26201761680310703, -0.16798695875578828, 0.3889739935896264, -0.45049331535661585, -0.6072810270301388, -0.0006284941969485203, -0.3107341373171697, -0.2621763403534486, 0.7193587839282425, 0.5711574184575637, 0.6530599720862651, 0.12886519313804712], [-0.109131413757523, 0.5789966142810967, -0.6083272803973561, -0.5957398984319262, -0.2915927054322423, 0.028349902845907958, 0.09358227449134876, 0.42245576099945126, 0.5440808539557406, -0.11911555820544645, -0.15814667695533077, 0.6294187718780518, 0.0458249601597017], [-0.7103258391386584, -0.528635358846782, -0.22276328579995758, -0.11057203719460351, 0.5251941865364362, -0.30082032608607673, 0.6736609007926873, 0.32564283462249666, -0.292547541282899, -0.33810111616243227, 0.28832515127896413, 0.05634919067950911, 0.053005925967648575]], "inverted": false, "swapped": false, "error_lsq": 0.04296447415051054, "error_max": 0.21724923501252968, "target": "74.xyz", "model": "1.xyz", "model_rescale": 4.316132596720782, "target_rescale": 3.8909804393265026},
{"mapping": [11, 9, 1, 7, 8, 6, 5, 4, 0, 10, 2, 12], "R": [[-0.4423299964908074, 0.7141362526750075, 0.542543626651111], [0.7727250892298567, 0.61053089716187, -0.1736316793832049], [-0.45523632398914776, 0.3424345721828037, -0.8218871291697101]], "T": [0.0033830441240665504, 0.09168596709127964, -0.0016637059018772826], "aligned_model": [[-0.2989182597987203, 0.4778050753521642, 0.11866974893512229, -0.5797114710549046, -0.4810590108259479, -0.42156495321724263, -0.16009595150178885, -0.20797814262347625, 0.519867804690703, 0.24867726514334954, 0.34327489614382367, 0.038841553388698324], [-0.6594913010065441, -0.46672439622509687, -0.6063480509367429, 0.23945651607525198, -0.21287162376508634, -0.056581376733150765, 0.5464227425131655, 0.7046511993930417, 0.1393534236183867, -0.063239167735866, 0.5174484624510763, -0.06929999990745457], [0.1787401551684971, 0.08207032099252048, -0.5349249925597321, -0.06875893777252837, -0.4961736173499107, 0.5799283793070247, -0.5635024068611656, 0.2559667353176086, -0.5015778909626349, 0.5537497488950162, 0.048485589230662283, -0.08474462219593634]], "inverted": true, "swapped": true, "error_lsq": 0.04878949810379774, "error_max": 0.30899336204857125, "target": "74.xyz", "model": "2.xyz", "model_rescale": 3.795458400668931, "target_rescale": 3.8909804393265026},
{"mapping": [8, 11, 6, 3, 5, 2, 10, 1, 9, 0, 4, 12], "R": [[-0.0650731165832853, 0.05555253031000523, 0.9963329794171694], [0.8340289944217842, 0.5512096739618624, 0.023738824626431843], [-0.5478696249674053, 0.8325153522350283, -0.08220135236759427]], "T": [-0.029312658026725842, 0.10238231630147301, 0.010757530177333448], "aligned_model": [[0.11421358922863431, -0.21012452545227403, -0.7079916529355826, 0.23925005352024076, 0.21776016492944883, 0.05843529027219762, -0.27838324823617194, 0.5838112300568045, 0.3008626629961257, 0.661252457831966, -0.47253988224497423, 0.08675768577715032], [-0.10928760550608846, -0.6807615670972408, -0.18082549075595553, 0.0633836816454052, 0.6586922059345212, 0.5205301754771581, -0.15661788286475495, -0.4629625537561526, -0.4429012731144222, 0.27356958608000986, 0.6390153746071214, -0.03606560535989206], [-0.7009836754750738, -0.19464852144406689, 0.009524988897678638, 0.860968673467574, -0.41191015214589105, 0.3524705541650544, 0.5241169519869067, -0.28819796858358404, 0.38164814657905316, 0.12370719223589277, 0.05921328280117142, -0.027138041845614892]], "inverted": true, "swapped": true, "error_lsq": 0.05050150531658254, "error_max": 0.28925603270917516, "target": "74.xyz", "model": "3.xyz", "model_rescale": 3.7530521520055578, "target_rescale": 3.8909804393265026},
{"mapping": [11, 7, 8, 5, 1, 4, 9, 10, 3, 0, 12], "R": [[0.5315986024423602, -0.19764894077137196, 0.8236126650879555], [0.6129298385247289, 0.7608809518970876, -0.21301922468695722], [-0.5845681644833046, 0.6180574999562235, 0.5256281840050849]], "T": [-0.12108816410943785, 0.07825946327794629, -0.05145482326774666], "aligned_model": [[-0.4309047419239273, -0.07429487530155754, 0.287814481204133, 0.48858177062358205, 0.3104790436169546, -0.3000100785171076, -0.2523713275013947, -0.674543071392846, -0.37183218621737396, 0.41558080998637476, -0.060300222131632095], [-0.6733683844124264, 0.12049023166410883, -0.3720762954320153, 0.4080987173843962, -0.6678777117404568, 0.6832238940852761, -0.37883004697741557, 0.05259573969085189, 0.253749173416132, 0.12737963078224984, -0.08618159014635442], [-0.2165856387961714, -0.6534216572732899, -0.5008720173707939, -0.3135278664459613, 0.1533357423092112, -0.34941179586561705, 0.5122327634839823, 0.2412638077273552, 0.786898687326767, 0.4265791798341232, 0.006339572315711077]], "inverted": true, "swapped": true, "error_lsq": 0.044119044886033715, "error_max": 0.27284628907359215, "target": "74.xyz", "model": "4.xyz", "model_rescale": 3.7855080009869324, "target_rescale": 3.8909804393265026},
{"mapping": [14, 10, 12, 13, 1, 2, 4, 0, 3, 8, 6, 7, 16], "R": [[-0.05507066974295388, 0.8899936982650887, 0.4526349946507592], [-0.09995152374019547, 0.44613212460245083, -0.8893682141271502], [-0.9934671178434018, -0.09421966061355558, 0.06438743136506347]], "T": [0.1084607951148104, 0.027505604661357843, -0.11036400789353763], "aligned_model": [[-0.20305123969707395, 0.4347793946748712, -0.1729566570579391, 0.479817943905635, -0.39403533970339216, -0.5997526955215533, 0.1261036593552355, -0.40998862450505963, -0.319469209816495, 0.7669958480755252, 0.5461862522774564, 0.5862363982022373, 0.07775782902296637], [-0.2825365472036782, 0.5853815276888735, -0.5920232813479218, -0.5828274297413628, -0.189740719454006, 0.07697638480170069, 0.2058399689133369, 0.37666386782491706, 0.5363548932828929, -0.008563849447542547, -0.16217914045984833, 0.48012404201384784, 0.01718588856026512], [-0.6246902805718119, -0.44689766172572526, -0.1030537395775307, -0.23059334721682884, 0.4125180133507378, -0.3147459571250062, 0.6071918211076518, 0.3562971002791276, -0.31127423099851265, -0.35600694482829764, 0.3351617373637012, 0.24773722798668685, -0.15323105267785977]], "inverted": false, "swapped": false, "error_lsq": 0.0392753017350541, "error_max": 0.23169395584700173, "target": "74.xyz", "model": "5.xyz", "model_rescale": 4.2253639853439635, "target_rescale": 3.8909804393265026},
{"mapping": [11, 12, 5, 8, 2, 6, 4, 3, 7, 9, 1, 0, 13], "R": [[0.2684358241491078, 0.6738219735094146, -0.6884084226164487], [0.8794153038004016, -0.4630871630972191, -0.11035851945462569], [-0.39315509885417577, -0.5757727219923217, -0.7168785398200423]], "T": [0.11431660687584176, -0.05830666381470135, -0.0033517640335189933], "aligned_model": [[-0.1249880141893936, 0.1345831035700663, -0.2421971362145366, 0.5206768107144576, -0.4198246754213337, -0.4631566975738248, 0.04761686550295467, -0.3324550119065569, -0.1148842059058512, 0.6871496436176837, 0.6372763866024909, 0.5159566388738466, 0.07286985154241102], [-0.20918140891017362, 0.444661841922613, -0.5599879487589947, -0.6236699374181871, -0.2811784945222485, 0.11916456519870361, 0.05123272054383839, 0.42336272638052636, 0.6722635376677496, 0.024039756418640028, -0.19432875928848697, 0.6154858072725866, -0.021208801075092543], [-0.7282820354682198, -0.7894533578603905, -0.15152431808795697, -0.2505371786422286, 0.33604895732727597, -0.22413789050790453, 0.692682416148509, 0.26385450815681427, -0.21101828553617688, -0.1974594830383453, 0.4933542257526337, 0.16323647063306024, 0.02164865648926114]], "inverted": false, "swapped": false, "error_lsq": 0.046261923493409636, "error_max": 0.28302975760623367, "target": "74.xyz", "model": "6.xyz", "model_rescale": 3.89814844738969, "target_rescale": 3.8909804393265026},
{"mapping": [7, 11, 0, 3, 1, 2, 5, 2, 10, 8, 6, 9, 12], "R": [[-0.8217117409594976, -0.254152067012131, 0.5100946398490902], [0.0903073153000209, 0.8256783214065673, 0.5568661404346078], [-0.5627027666296074, 0.50364872321162, -0.6555177801056894]], "T": [0.06664463525142313, -0.002309474658497873, -0.18571844437107604], "aligned_model": [[0.08707054714233227, 0.4142423675923623, -0.17850112839148174, 0.47036548537003026, -0.34191895153457014, -0.5840241295341374, 0.08352914230689985, -0.5840241295341374, -0.17218290948031245, 0.7310381311625364, 0.469363272975651, 0.5552609858290536, -0.03159512469181269], [-0.35038221561319205, 0.5198770880858815, -0.5220209456111831, -0.7002698080396521, -0.24986732089657668, 0.19715716631582683, 0.21548386131898836, 0.19715716631582683, 0.6700870969263317, 0.0220803270914664, -0.27074703270568523, 0.5974926564135915, 0.1346075658298503], [-0.742227948938309, -0.697418922564772, -0.041448111327715725, -0.2330764941185958, 0.5118398115132397, 0.01021792844372113, 0.5591691849060649, 0.01021792844372113, -0.013242598379515691, -0.3109110658642813, 0.28665304851030377, 0.26086564014626595, -0.18222571540379515]], "inverted": false, "swapped": false, "error_lsq": 0.05053820504446705, "error_max": 0.36405763936246993, "target": "74.xyz", "model": "7.xyz", "model_rescale": 3.7474275329858107, "target_rescale": 3.8909804393265026},
{"mapping": [4, 2, 11, 9, 10, 12, 6, 0, 1, 8, 5, 3, 14], "R": [[-0.09518843813112679, 0.9868187841408963, -0.13087340643858927], [-0.00636282661539897, 0.13086454290952634, 0.9913798393383555], [0.9954389361902716, 0.09520062329504086, -0.006177834621994283]], "T": [-0.02403443706072285, -0.0122916673614933, -0.08968840600888155], "aligned_model": [[0.27498431406461143, 0.2860080125596732, -0.23172098090144072, 0.3581862399194269, -0.4745693200190806, -0.6041228219966627, 0.17926573124367928, -0.1748117694174261, -0.31745637477614796, 0.6001796914250873, 0.574565623251388, 0.47643645760439746, -0.02832124374509195], [-0.016156786651994846, 0.5991025966190973, -0.5972432110397107, -0.6710863642990385, -0.19955851866135105, -0.14001014696378444, 0.13017741436649877, 0.47574886975780006, 0.65723424443681, -0.04016497936580184, -0.1661413349481845, 0.418629617828539, 0.010124204352594566], [-0.8127366016181655, -0.5782170430966806, -0.05536717867308792, -0.0742825154405636, 0.4910118654997499, -0.25650589439018917, 0.6883281109859245, 0.32659979680579054, -0.2641602947125594, -0.3631662225372714, 0.27229185809358253, 0.18954315837429725, -0.14492635392449477]], "inverted": true, "swapped": false, "error_lsq": 0.05258995930057499, "error_max": 0.3973865386444327, "target": "74.xyz", "model": "8.xyz", "model_rescale": 4.019505241142653, "target_rescale": 3.8909804393265026},
{"mapping": [0, 1, 4, 3, 8, 7, 11, 8, 9, 2, 5, 6, 12], "R": [[0.2490669564557328, 0.6274563784387014, -0.7377426003413843], [-0.5466547083745922, 0.7198826852819185, 0.42771199333568366], [0.7994587425338269, 0.29676154162539936, 0.5223009730015336]], "T": [0.19004301063093632, 0.1649708329544644, -0.07897073830892924], "aligned_model": [[-0.02020394176976631, 0.14971636521422352, -0.1695142307127815, 0.5150762355642823, -0.40180955615864944, -0.617735627419415, 0.08085715554130582, -0.40180955615864944, -0.2932989289147719, 0.6530090739303809, 0.4206750802688367, 0.8112765788818745, 0.19238491094554322], [-0.19679783987859434, 0.5779244125211644, -0.5821870315125228, -0.6251671800655256, 0.10987448879789946, -0.12591553265737782, 0.3230294250133916, 0.10987448879789946, 0.6290082893292435, -0.04794545504326614, -0.2599840677181568, 0.4010956371807865, 0.14784597066653266], [-0.576530508018975, -0.6120264623782242, -0.08724038192563686, -0.1711451968753771, 0.24167215250772695, -0.3661340790861758, 0.5129291303493475, 0.24167215250772695, 0.05663851649272765, -0.37947238681512346, 0.3865901062547203, 0.2149268092721714, -0.043467166918576425]], "inverted": false, "swapped": false, "error_lsq": 0.06307812877528338, "error_max": 0.4652157384710379, "target": "74.xyz", "model": "9.xyz", "model_rescale": 3.877068213659057, "target_rescale": 3.8909804393265026},
{"mapping": [6, 4, 10, 14, 11, 12, 8, 0, 5, 2, 9, 7, 15], "R": [[0.8552496415270181, 0.2130872355812828, -0.47237895878228386], [0.15767997842648054, 0.7613212008462129, 0.6289094160095756], [0.4936446850431314, -0.6123592566250695, 0.6175200934012273]], "T": [0.10333366591208637, 0.05457547673551858, -0.1770787737024912], "aligned_model": [[-0.1933960323360469, 0.45880852884971723, -0.09658572857084474, 0.4684912487960486, -0.3480219354099684, -0.6403452021119119, 0.25156862158718973, -0.47060594759740837, -0.3471323906512751, 0.7630487128108279, 0.4397734727811164, 0.5978740423639295, 0.03514616870104004], [-0.27022538185518813, 0.5609799906363833, -0.6141464789767331, -0.6327621753164822, -0.21256606702612243, 0.047704671661445215, 0.16895948033010044, 0.3572849512430092, 0.6776592870718078, 0.006131385689494624, -0.3310747042533613, 0.6163761666842856, 0.0863344795428353], [-0.6092366887765523, -0.45145583153581786, -0.05037454678863598, -0.2383032653097778, 0.34212137365453515, -0.24842125057082803, 0.5714301664216552, 0.28414387288130466, -0.3179416127467028, -0.1243096076334588, 0.23972753401948566, 0.14864560402930732, -0.12761306227818206]], "inverted": true, "swapped": false, "error_lsq": 0.037602995631162546, "error_max": 0.20651873684323255, "target": "74.xyz", "model": "10.xyz", "model_rescale": 4.260839863003843, "target_rescale": 3.8909804393265026},
{"mapping": [4, 5, 0, 2, 9, 10, 6, 7, 8, 1, 11, 12], "R": [[-0.6329455470474774, 0.5829262771974395, 0.5094868887670259], [0.7135426291353306, 0.1838934687719312, 0.6760474159034019], [0.3003944920923316, 0.7914418156098154, -0.5323373006138395]], "T": [-0.022281282340949816, -0.005654464220064907, -0.14410433220917648], "aligned_model": [[0.30139606081946935, 0.2763031198539688, -0.47958816536496607, -0.26197258778979987, -0.6132981822548982, -0.33354547701811554, 0.3180537918766106, 0.5822676816906521, 0.4155440948944687, -0.2523433525899561, 0.09280338088555495, -0.08672171590885858], [-0.09131155037087027, -0.6835262457766748, -0.5346228085928534, -0.25926196070338375, 0.28125900893366307, 0.4882587355502553, 0.6283344708822627, -0.034817506749776544, -0.15513976553491796, -0.08132151595514872, 0.6073305530232176, 0.007897090827160851], [-0.7562066215643101, -0.16670622068613483, 0.029117468164422594, -0.5654669327640923, 0.19099187453247637, -0.371743323246974, -0.2959049471352183, -0.1414236686108127, 0.4541786836054458, 0.7081022481414975, 0.40289092231751567, 0.02834859464168893]], "inverted": false, "swapped": true, "error_lsq": 0.04418625841468537, "error_max": 0.2662395989563741, "target": "74.xyz", "model": "11.xyz", "model_rescale": 3.890672605050136, "target_rescale": 3.8909804393265026},
{"mapping": [8, 5, 0, 3, 1, 6, 10, 11, 9, 7, 4, 12, 13], "R": [[-0.49546429145184223, 0.20458683125514382, -0.8441915448363027], [0.7526375412254118, -0.38407680514909104, -0.5348100029773507], [-0.43364947530729303, -0.9003495078154076, 0.03631661248331203]], "T": [-0.06335608253591062, 0.04623780725960583, -0.02220818545315152], "aligned_model": [[-0.01594101809522036, 0.27686137992674975, -0.10949064183825723, 0.4684931423065134, -0.5913482671337624, -0.5839798462018906, 0.30718565552046984, -0.33597769333067784, -0.22219602129691618, 0.7198486126988287, 0.3637269382438668, 0.5369851673615077, 0.10445615105120164], [-0.26113409720452296, 0.5068189746960022, -0.5423902395307686, -0.6768720455429723, -0.47772126364356826, 0.06809185781979724, 0.4669255187707988, 0.305339764805693, 0.7871930435207, 0.06027523978726715, -0.2923214793596114, 0.4777468518492245, 0.03870347946343433], [-0.6721815463290514, -0.5486008604339628, -0.03132765456833689, -0.2397207111071507, 0.20580373399868102, -0.2682399742974789, 0.6743987153052274, 0.3794207438070602, -0.19990350821958636, -0.3588942798002324, 0.4182855677723037, 0.07010906566511292, -0.0107366064262539]], "inverted": true, "swapped": false, "error_lsq": 0.044258525487359424, "error_max": 0.31494596865407554, "target": "74.xyz", "model": "12.xyz", "model_rescale": 4.124412569039231, "target_rescale": 3.8909804393265026},
{"mapping": [0, 3, 4, 5, 2, 1, 11, 8, 6, 7, 10, 9, 12], "R": [[0.05000018301067238, -0.6955117617319908, -0.716772886618462], [-0.7210263915675217, 0.47146709877062604, -0.5077792014645032], [0.6911012403128929, 0.5422012210141839, -0.477908894632345]], "T": [0.13483298583048892, 0.060514772255228, -0.1754016156927935], "aligned_model": [[0.009907887106601482, 0.24936564997552096, -0.1729223522756005, 0.5389193339877478, -0.39164757660244404, -0.6754426963833762, 0.08041740954634585, -0.20983831542433257, -0.19410571451234626, 0.7504134250698791, 0.36437241864205283, 0.4399683323869577, 0.129215757695407], [-0.18151324220597498, 0.4727878905417298, -0.6614131860675792, -0.5344328387802635, -0.23987408349586808, 0.11594096959804734, 0.14271346302159232, 0.43335731244629644, 0.6374429391603273, -0.007669947276609634, -0.29588853388335606, 0.5867045090399274, -0.007499646666795312], [-0.6878306871932502, -0.7460736060235724, -0.1265863454528649, -0.41309352221950907, 0.43695470734941294, -0.2323713828478713, 0.8149696185575028, 0.3316351238178877, -0.25643269881753167, -0.07798887851613694, 0.4286662649758806, 0.021214897308288738, -0.07465080557190445]], "inverted": false, "swapped": false, "error_lsq": 0.04651840192307115, "error_max": 0.2741465941464502, "target": "74.xyz", "model": "13.xyz", "model_rescale": 3.9028299243045295, "target_rescale": 3.8909804393265026},
{"mapping": [2, 12, 3, 0, 7, 6, 10, 9, 11, 8, 4, 13, 15], "R": [[0.9028911973608141, -0.42985090147908567, 0.003960836524414493], [0.4056479549018335, 0.855030395235031, 0.3230677326942247], [-0.14225759175634817, -0.2900883067651026, 0.9463675564313477]], "T": [0.09354621526662182, 0.0622022100446554, -0.10733005761764615], "aligned_model": [[0.10316018112361972, 0.40197200574334035, -0.1391975061654971, 0.45427405536930104, -0.4027292513949311, -0.5453122160036925, 0.17548420254490998, -0.554020541913234, -0.24706227859099245, 0.732547683367768, 0.3511370639404152, 0.5853477514640646, 0.0030224097273416073], [-0.2346511051211352, 0.6022941019177667, -0.5146501506011935, -0.6681672465746998, -0.1344932815164854, -0.09054623010179413, 0.19928572466799047, 0.32485637776591925, 0.7021337243258002, -0.0487978719339959, -0.376804163955317, 0.6226394593800371, 0.07755626717858136], [-0.781077377086425, -0.4194431285753055, -0.0653638880355784, -0.26112307259925227, 0.6245507391153666, -0.22106695170613794, 0.6205757593039329, 0.2281033033318547, -0.24991406541590738, -0.5266906007341111, 0.3402005359171644, 0.1696043937358479, -0.03994296188511667]], "inverted": false, "swapped": false, "error_lsq": 0.045088277590315654, "error_max": 0.2651583587903265, "target": "74.xyz", "model": "14.xyz", "model_rescale": 3.942246331269136, "target_rescale": 3.8909804393265026},
{"mapping": [0, 9, 12, 1, 13, 8, 4, 11, 6, 5, 3, 10, 14], "R": [[0.6353032544125019, -0.23263736664300233, -0.7363895915711285], [0.5299861662550247, 0.8248932142903309, 0.19663633589972004], [0.5616978177910124, -0.5152000006397277, 0.6473519296562259]], "T": [0.09544177435894287, 0.09537954264853789, -0.08073277747546603], "aligned_model": [[-0.10330234712035029, 0.4481034453009122, -0.09010430242390942, 0.4069491935598818, -0.3678843082459827, -0.6140312967910742, 0.20717050981227764, -0.4245375402331396, -0.18476211209074445, 0.6518527234132916, 0.5547712197762881, 0.3450311681402416, 0.0893672061147214], [-0.244974956089338, 0.7151249569066831, -0.6692262118237307, -0.6380540086265319, -0.2232849464381278, 0.10984478250071945, 0.1548502882070378, 0.44451255265768136, 0.5463088147312168, -0.08326496847381155, -0.34419508596778214, 0.6687811452154584, 0.02423324263199933], [-0.7015202388779743, -0.45450767428741057, 0.14068752823549002, -0.22797336096870174, 0.5063887866647248, -0.38940678745488283, 0.4916690892399733, 0.2683211988302816, -0.2566246844407863, -0.32826570984489833, 0.2544366378208359, 0.26265658276846016, -0.14744868231877978]], "inverted": false, "swapped": false, "error_lsq": 0.04558742577192258, "error_max": 0.2715857277610568, "target": "74.xyz", "model": "15.xyz", "model_rescale": 4.355366556412066, "target_rescale": 3.8909804393265026},
{"mapping": [11, 9, 1, 7, 8, 6, 5, 4, 0, 10, 2, 12], "R": [[-0.4423299964908074, 0.7141362526750075, 0.542543626651111], [0.7727250892298567, 0.61053089716187, -0.1736316793832049], [-0.45523632398914776, 0.3424345721828037, -0.8218871291697101]], "T": [0.0033830441240665504, 0.09168596709127964, -0.0016637059018772826], "aligned_model": [[-0.2989182597987203, 0.4778050753521642, 0.11866974893512229, -0.5797114710549046, -0.4810590108259479, -0.42156495321724263, -0.16009595150178885, -0.20797814262347625, 0.519867804690703, 0.24867726514334954, 0.34327489614382367, 0.038841553388698324], [-0.6594913010065441, -0.46672439622509687, -0.6063480509367429, 0.23945651607525198, -0.21287162376508634, -0.056581376733150765, 0.5464227425131655, 0.7046511993930417, 0.1393534236183867, -0.063239167735866, 0.5174484624510763, -0.06929999990745457], [0.1787401551684971, 0.08207032099252048, -0.5349249925597321, -0.06875893777252837, -0.4961736173499107, 0.5799283793070247, -0.5635024068611656, 0.2559667353176086, -0.5015778909626349, 0.5537497488950162, 0.048485589230662283, -0.08474462219593634]], "inverted": true, "swapped": true, "error_lsq": 0.04878949810379774, "error_max": 0.30899336204857125, "target": "74.xyz", "model": "16.xyz", "model_rescale": 3.795458400668931, "target_rescale": 3.8909804393265026},
{"mapping": [7, 11, 0, 3, 1, 2, 5, 2, 10, 8, 6, 9, 12], "R": [[-0.8217117409594976, -0.254152067012131, 0.5100946398490902], [0.0903073153000209, 0.8256783214065673, 0.5568661404346078], [-0.5627027666296074, 0.50364872321162, -0.6555177801056894]], "T": [0.06664463525142313, -0.002309474658497873, -0.18571844437107604], "aligned_model": [[0.08707054714233227, 0.4142423675923623, -0.17850112839148174, 0.47036548537003026, -0.34191895153457014, -0.5840241295341374, 0.08352914230689985, -0.5840241295341374, -0.17218290948031245, 0.7310381311625364, 0.469363272975651, 0.5552609858290536, -0.03159512469181269], [-0.35038221561319205, 0.5198770880858815, -0.5220209456111831, -0.7002698080396521, -0.24986732089657668, 0.19715716631582683, 0.21548386131898836, 0.19715716631582683, 0.6700870969263317, 0.0220803270914664, -0.27074703270568523, 0.5974926564135915, 0.1346075658298503], [-0.742227948938309, -0.697418922564772, -0.041448111327715725, -0.2330764941185958, 0.5118398115132397, 0.01021792844372113, 0.5591691849060649, 0.01021792844372113, -0.013242598379515691, -0.3109110658642813, 0.28665304851030377, 0.26086564014626595, -0.18222571540379515]], "inverted": false, "swapped": false, "error_lsq": 0.05053820504446705, "error_max": 0.36405763936246993, "target": "74.xyz", "model": "17.xyz", "model_rescale": 3.7474275329858107, "target_rescale": 3.8909804393265026},
{"mapping": [0, 8, 2, 6, 7, 1, 12, 11, 3, 4, 9, 5, 13], "R": [[-0.05514231771134709, 0.6898002974076056, -0.7218967201018438], [0.9612634316611739, 0.23222468516836553, 0.14847326543670242], [0.27005914120504204, -0.6857457584956923, -0.6758852084169049]], "T": [0.02523779739922416, 0.10939796948006325, -0.007069867045448791], "aligned_model": [[0.0431469580951645, 0.31077024978860873, -0.15907366321286429, 0.4445471193787423, -0.37344513586491634, -0.6045476039814907, 0.2277413654261972, -0.5142710221593847, -0.32726760086615175, 0.7628423133041105, 0.4475121211486901, 0.6364479523543728, 0.024220505801335106], [-0.19496890181919424, 0.5297537130226773, -0.5521816887791553, -0.519880318374371, -0.19866493710067684, -0.0022054622074873242, 0.1968016574766253, 0.4672960392121804, 0.5898314231783979, -0.00700359272221629, -0.2965207667859597, 0.42396075518994614, 0.024437685140707918], [-0.7856470696397306, -0.5156234224572066, -0.18644200834486244, -0.15934376630727423, 0.5529019593433654, -0.27057212330328595, 0.7074858155814858, 0.31320480742406875, -0.331897239769013, -0.36985916740337377, 0.31640894355302196, 0.21807972099866738, -0.07028376430953062]], "inverted": true, "swapped": false, "error_lsq": 0.04064263934339506, "error_max": 0.2202693583283321, "target": "74.xyz", "model": "18.xyz", "model_rescale": 3.922800546911778, "target_rescale": 3.8909804393265026},
{"mapping": [1, 8, 2, 0, 9, 10, 7, 11, 4, 5, 3, 12, 14], "R": [[-0.8422909245045246, 0.5096454752549275, 0.17552062001227264], [-0.14020303746989854, -0.5215633889346667, 0.8416143651383334], [0.5204700825038148, 0.6842756176243348, 0.5107619527170242]], "T": [0.08700014813762999, 0.13761247692295694, -0.14869149831593587], "aligned_model": [[0.08706485577839425, 0.3170105884917739, -0.26713586355025953, 0.5255540980168296, -0.3455736861283666, -0.7131404810653382, 0.1262801915637331, -0.3880008334097278, -0.43335127328753476, 0.8031299601462498, 0.388394761566506, 0.7327143039871501, 0.0856769371030034], [-0.28983991853547875, 0.5346081626201927, -0.4823216611582446, -0.5737799569067574, -0.3023957042433184, 0.037431235321948766, 0.21729664797682127, 0.4367623672960761, 0.6200118142729442, 0.0028401908900347883, -0.22597353321610028, 0.3536505262831051, 0.13236543483025046], [-0.7530651156799072, -0.5535127883779745, -0.09039645174164412, -0.14287137700569974, 0.382360160499046, -0.16711267073423425, 0.6452345247684302, 0.2896314686702835, -0.2914935173397192, -0.3756898319126259, 0.2827198411413448, 0.24500233543145378, -0.0523938923524212]], "inverted": false, "swapped": false, "error_lsq": 0.044137591916116034, "error_max": 0.33565217543450393, "target": "74.xyz", "model": "19.xyz", "model_rescale": 3.9282355846067225, "target_rescale": 3.8909804393265026},
{"mapping": [7, 9, 5, 2, 3, 6, 0, 4, 8, 10, 1, 11, 13], "R": [[0.18052114734769928, -0.670022346644034, 0.7200570604874952], [-0.509233976739824, 0.5626577941141909, 0.6512272749634319], [-0.8414825442598408, -0.4842378152521495, -0.23962651352847092]], "T": [0.016862906253894784, 0.07423227987579734, -0.17331676364050355], "aligned_model": [[0.02470053802651328, 0.25476916230044483, -0.26638897038248155, 0.43770029090522367, -0.311178020783912, -0.6029887957037452, 0.30932831056208066, -0.21002954816813293, -0.3720520576869519, 0.8743236024305505, 0.2574331414144474, 0.40413144339971185, 0.11887446289866488], [-0.20714335888867325, 0.6332436774080819, -0.5572113739453317, -0.6303006805723925, -0.1621821331568436, -0.10410852002814117, 0.15462484096276885, 0.4622201452118425, 0.7137685690836229, -0.007190763225798813, -0.4216927959285794, 0.5807418781978622, 0.0058861203130562145], [-0.7290721934994531, -0.5039702015489883, -0.07984249616765805, -0.24574199185427248, 0.46138981789159716, -0.27734791631557826, 0.5670871879977664, 0.2709276234012903, -0.30881608001280164, -0.15419108572348073, 0.3343101440878322, 0.15353836982157618, -0.06985849271149776]], "inverted": false, "swapped": false, "error_lsq": 0.04943680229171833, "error_max": 0.27242057626344585, "target": "74.xyz", "model": "20.xyz", "model_rescale": 4.067790424073018, "target_rescale": 3.8909804393265026},
{"mapping": [12, 3, 9, 10, 7, 0, 5, 8, 2, 11, 13, 6, 14], "R": [[0.24934905242721495, 0.31389610723408534, -0.916130058407068], [0.6501433963044209, 0.6468679243186783, 0.39859183725886504], [0.7177315753785694, -0.6950044045550592, -0.04278157726948301]], "T": [0.06402116692172491, 0.0989422563312202, 0.046709018727969454], "aligned_model": [[0.07144815742752203, 0.18229016203816295, -0.1254296702582234, 0.43438807229828513, -0.5764931738539328, -0.5554136957946423, 0.17151756788135847, -0.3395302417860765, -0.1645972679346093, 0.581626698115283, 0.621665023765987, 0.5248937964424425, 0.0922581308708566], [-0.27233663499419736, 0.46641881115439277, -0.6352225880803405, -0.630299286524122, -0.27032930386002385, 0.275160221929239, 0.13677114080024405, 0.13016185753763523, 0.7771855843941774, -0.0019035053156452597, -0.2217999962372321, 0.6778636435977596, 0.02898566102958769], [-0.6234481953389113, -0.7113928498228603, -0.12405473910973966, -0.0014775886377548994, 0.14692803540362426, -0.2528000946108565, 0.6259150443686226, 0.44837989613323387, -0.15686291136273814, -0.32738575591456154, 0.32289960766678366, 0.04487887681634761, 0.026833359775142444]], "inverted": true, "swapped": false, "error_lsq": 0.053093003774590766, "error_max": 0.31540566319834273, "target": "74.xyz", "model": "21.xyz", "model_rescale": 4.186013935880536, "target_rescale": 3.8909804393265026},
{"mapping": [4, 11, 6, 3, 0, 7, 2, 1, 9, 11, 5, 8, 12], "R": [[-0.909456775054551, -0.2128187110090805, -0.3572066216516839], [0.22521113353196726, -0.974284318402596, 0.007071933825743962], [-0.3495258497459411, -0.07401529003673998, 0.9339986173438134]], "T": [0.004852624858318749, 0.09054658332941207, -0.06295788235804183], "aligned_model": [[-0.044999423328360266, 0.5302683929405114, -0.16347276043708683, 0.47046817991670686, -0.3042017960523873, -0.6731283508670952, 0.2528863444042415, -0.5871479285335154, -0.09734733363440279, 0.5302683929405114, 0.4949896969420774, 0.48342976041489505, 0.026610384506317357], [-0.18328208757237463, 0.18885536454883795, -0.43280965407423316, -0.6843070880318773, -0.278577513154751, 0.011086023400550829, 0.2603619525116938, 0.2719281338752828, 0.6942340339350987, 0.18885536454883795, -0.29375586031430023, 0.6591088305223307, 0.05895810523637765], [-0.7338891612921958, -0.39946885230940865, -0.15023710355671682, -0.2504214724287227, 0.47557828849464084, -0.3319403276050517, 0.6147892808397774, 0.32660509565409396, -0.1657556970411606, -0.39946885230940865, 0.39597136980778797, 0.12510866728068848, -0.0884585501679914]], "inverted": true, "swapped": false, "error_lsq": 0.049940073993683956, "error_max": 0.44369051893860184, "target": "74.xyz", "model": "22.xyz", "model_rescale": 4.166573947596378, "target_rescale": 3.8909804393265026},
{"mapping": [0, 2, 7, 5, 10, 8, 14, 9, 3, 6, 13, 12, 15], "R": [[-0.33913495408952454, -0.8455183167161608, 0.4124151537130596], [-0.8600287687904806, 0.45631688574289675, 0.22830991357940295], [-0.3812322123947902, -0.27726102481844517, -0.8819230830118914]], "T": [0.04613712004330321, 0.18273124702161525, -0.09011561003488996], "aligned_model": [[-0.13296649929926196, 0.3390890498865464, -0.14432737232791837, 0.4448906412862208, -0.16544641327803916, -0.7321778930314269, 0.18037975756755303, -0.35593979657547054, -0.20633672127787062, 0.7803756247277905, 0.32500817924923736, 0.5020330888503718, 0.08404191343468137], [-0.36382055963611404, 0.5009861527411597, -0.5065515575344433, -0.5418325951704283, -0.33013363526189077, 0.07186507835552741, 0.12479754224750153, 0.4679277521488194, 0.6622614105560962, 0.18840742124144194, -0.4513466380466341, 0.4944230469140905, 0.14367218687634792], [-0.6697351223147824, -0.6055787231435344, -0.09157853153765483, -0.17416826665931362, 0.4130178255979057, -0.2798880350311774, 0.6874449106591102, 0.25258874194748926, -0.35037400802655716, -0.2900386733662087, 0.396699865171559, 0.26257184754543084, -0.13254914547593477]], "inverted": true, "swapped": false, "error_lsq": 0.044992998068047914, "error_max": 0.28571346956757565, "target": "74.xyz", "model": "23.xyz", "model_rescale": 4.274766983524099, "target_rescale": 3.8909804393265026},
{"mapping": [5, 7, 4, 2, 10, 3, 0, 9, 1, 11, 12], "R": [[-0.15625925150303444, 0.895869010744746, -0.4159348048756456], [0.10579783006119808, 0.4338660213527641, 0.8947441503971203], [0.9820335358194513, 0.0958070514250014, -0.16257657710504872]], "T": [-0.0480623457062565, 0.17831641252979755, -0.06062958181218333], "aligned_model": [[0.20867157898476546, 0.20834462363504863, -0.43687963874074126, -0.46061586099937996, -0.4891420512656311, -0.6750374095870324, 0.038418592372866774, -0.05925663416884599, 0.6279704791783703, 0.342579161545021, 0.07484186300363374], [-0.1430586342152869, 0.5438809211235126, 0.3828525631547852, -0.12568448485949255, 0.37702501868045823, -0.2474081941899067, -0.5348110037719075, -0.0167944344668417, -0.11305512592532221, 0.6628231849491584, 0.12981672076432663], [-0.6770542844887499, -0.4692310686528985, -0.6026253818345432, -0.2521972636703318, 0.33764010222289875, 0.41071598167435736, -0.006655308291268751, 0.6505076975676449, 0.43231297136753183, 0.48786957027617656, 0.06828341785075998]], "inverted": false, "swapped": true, "error_lsq": 0.04481847272666475, "error_max": 0.223825027252138, "target": "74.xyz", "model": "24.xyz", "model_rescale": 3.7841303162186577, "target_rescale": 3.8909804393265026},
{"mapping": [7, 1, 11, 10, 13, 6, 12, 3, 4, 8, 9, 2, 15], "R": [[-0.8129790538040463, 0.22060820757008134, -0.5388850311788159], [-0.2785437290968452, -0.9600382956356871, 0.027200402455631004], [-0.5113496348455729, 0.17221640359048523, 0.8419400580074915]], "T": [0.15605709308900145, -0.018247927463326617, -0.08932019379947632], "aligned_model": [[-0.01935223009091694, 0.3218444064568672, -0.44574074825730975, 0.4333636610165574, -0.2793690961426873, -0.4769885364927257, 0.1749630682768482, -0.529673675838787, -0.10104256632403241, 0.6117499415787697, 0.606818931298376, 0.5311749713458065, 0.0908754323856477], [-0.396265130285248, 0.4570723714047894, -0.49491729999235395, -0.7392547112185536, -0.3178905733142603, 0.17377416155395123, 0.08869719609023474, 0.2661149292629644, 0.6791200177474737, 0.28483611548207927, -0.09618173612106334, 0.5552382498223088, 0.0003120149991519376], [-0.5884595769506282, -0.6366971882131927, -0.09661653578634945, -0.1815448675065801, 0.48741051960987725, -0.3798493669300662, 0.6612643857639766, 0.22359028204516174, -0.15475762177860278, -0.31279698092961955, 0.27520798783855344, 0.22562934152585679, -0.10396769332205466]], "inverted": false, "swapped": false, "error_lsq": 0.051876281455057266, "error_max": 0.31982726931928357, "target": "74.xyz", "model": "25.xyz", "model_rescale": 4.19342608120988, "target_rescale": 3.8909804393265026},
{"mapping": [11, 9, 1, 7, 8, 6, 5, 4, 0, 10, 2, 12], "R": [[-0.4423299964908074, 0.7141362526750075, 0.542543626651111], [0.7727250892298567, 0.61053089716187, -0.1736316793832049], [-0.45523632398914776, 0.3424345721828037, -0.8218871291697101]], "T": [0.0033830441240665504, 0.09168596709127964, -0.0016637059018772826], "aligned_model": [[-0.2989182597987203, 0.4778050753521642, 0.11866974893512229, -0.5797114710549046, -0.4810590108259479, -0.42156495321724263, -0.16009595150178885, -0.20797814262347625, 0.519867804690703, 0.24867726514334954, 0.34327489614382367, 0.038841553388698324], [-0.6594913010065441, -0.46672439622509687, -0.6063480509367429, 0.23945651607525198, -0.21287162376508634, -0.056581376733150765, 0.5464227425131655, 0.7046511993930417, 0.1393534236183867, -0.063239167735866, 0.5174484624510763, -0.06929999990745457], [0.1787401551684971, 0.08207032099252048, -0.5349249925597321, -0.06875893777252837, -0.4961736173499107, 0.5799283793070247, -0.5635024068611656, 0.2559667353176086, -0.5015778909626349, 0.5537497488950162, 0.048485589230662283, -0.08474462219593634]], "inverted": true, "swapped": true, "error_lsq": 0.04878949810379774, "error_max": 0.30899336204857125, "target": "74.xyz", "model": "26.xyz", "model_rescale": 3.795458400668931, "target_rescale": 3.8909804393265026},
{"mapping": [0, 6, 3, 2, 4, 7, 11, 10, 5, 1, 9, 8, 12], "R": [[-0.8248346926899083, 0.13591902447803533, -0.5487929924116046], [0.5569559221043396, 0.028462836218279886, -0.8300541956928572], [-0.0971999514817222, -0.990311004553292, -0.0991780403748746]], "T": [0.17386869387361198, 0.023000296680009087, 0.03727838363071634], "aligned_model": [[0.05779286505832887, 0.34221252401690183, -0.3012427794622659, 0.5259199291439012, -0.31416439878482655, -0.5280099603653436, 0.1716926637227943, -0.4618511330999388, -0.15027703673317588, 0.6849907676887768, 0.3338856338657702, 0.5062471109210668, 0.05142737324042446], [-0.3666069230647096, 0.5727703943700826, -0.5146948958405173, -0.7168671328231765, -0.24534819042480632, 0.1192003456588347, 0.24933719393422435, 0.2394443794875588, 0.6637799752938268, 0.06795635649501533, -0.3413885593118616, 0.6676967873787967, 0.0653758742782064], [-0.6879841952884979, -0.5548366003161519, -0.1365880210965406, -0.28442183148300443, 0.6607172118852465, -0.3606160796753214, 0.7157630670005413, 0.27539324902040374, -0.18897681892869111, -0.2578255792298726, 0.19849138143142098, 0.10541598608243571, -0.06611908403563609]], "inverted": true, "swapped": false, "error_lsq": 0.03957741478767672, "error_max": 0.2733445911669938, "target": "74.xyz", "model": "27.xyz", "model_rescale": 3.6321398670334006, "target_rescale": 3.8909804393265026},
{"mapping": [2, 10, 1, 5, 4, 13, 7, 6, 9, 0, 3, 8, 14], "R": [[0.6081677288644123, -0.5694105779046084, -0.5530855334740215], [-0.4563054374458706, -0.8208992453318891, 0.343379930646606], [-0.6495516617831376, 0.0435433437378803, -0.7590695724970731]], "T": [0.10430952248949416, 0.15513873094596142, -0.032077040279472196], "aligned_model": [[-0.04010735359677142, 0.49337983786144046, -0.11091606500019657, 0.4166158795159306, -0.3516258956135363, -0.6139179671845447, 0.27760198857717555, -0.6090256150973781, -0.21513723575464166, 0.5971640205800961, 0.5673195500955515, 0.45017134062139474, 0.05710107420789376], [-0.41728294520076936, 0.6439537497074915, -0.4763551565734456, -0.6171657597208356, -0.2515445776601284, 0.09791024010897456, 0.15627752195827, 0.3324291547445797, 0.6781183283146816, -0.004865942906290832, -0.2620312664875034, 0.46444157216433357, 0.11677068698211666], [-0.5658568210048823, -0.4950627853366453, 0.014405350597597302, -0.31132573700978383, 0.5275646606144567, -0.41594095474278703, 0.7234729635959408, 0.2201699106515366, -0.29856957414035357, -0.3797904887929596, 0.2562820891751958, 0.1953893769501965, -0.05232530519117995]], "inverted": true, "swapped": false, "error_lsq": 0.04329206737715921, "error_max": 0.22621475797049173, "target": "74.xyz", "model": "28.xyz", "model_rescale": 4.156811204709835, "target_rescale": 3.8909804393265026},
