[{"mapping": [9, 3, 7, 1, 5, 2, 0, 10, 6, 4, 13, 12, 8, 14], "R": [[0.06315976904200488, -0.20690697031165023, -0.9763197986372163], [-0.29007391373699115, -0.9398450673758283, 0.1804116789418843], [-0.954917780829253, 0.27181014507515866, -0.1193787120484886]], "T": [0.04075817506275358, 0.047004756485554626, 0.18289551168303958], "aligned_model": [[0.17732556482314257, 0.22317198140265473, -0.4181407040390416, -0.3605309847055417, -0.7071488519550572, -0.049685576950177675, -0.5909937529325316, 0.12017231101911344, -0.25496039769406376, -0.04680849189464511, 0.5349493986204902, 0.15036490713202452, 0.5854059039488824, 0.008370794353054545], [-0.6741062686826444, -0.48639408870863127, -0.5048332540454755, -0.29235007496280735, 0.2377485870480548, 0.2490980459497229, 0.390565877122187, 0.3890096950577457, 0.7782604462208251, -0.2253544823115815, 0.680938998600022, 0.6487227286819248, -0.04670796669781308, 0.09067508853850564], [0.34362623130115444, -0.28908752324718884, 0.3414291925142279, -0.22837994103805487, 0.5325201673984707, -0.50707852759146, -0.1914466103097079, 0.7303356942023058, 0.2210757532675126, 0.7264539726118078, 0.2965058607910729, -0.20327134896161736, -0.04346033313703779, 0.16836549937834822]], "inverted": true, "swapped": true, "error_lsq": 0.0481464025251527, "error_max": 0.3402797326006781, "target": "740.xyz", "model": "0.xyz", "model_rescale": 3.8414455957264533, "target_rescale": 4.054941472707303},
{"mapping": [12, 10, 8, 6, 4, 1, 11, 5, 9, 2, 0, 7, 13, 13, 14], "R": [[0.9910571049260719, 0.13172007869647873, 0.021345623526762007], [0.13235393256520106, -0.9499906565894729, -0.28284304645373215], [-0.016977965428137048, 0.2831387879837295, -0.9589286602396581]], "T": [0.015649417676689002, -0.06554818311187344, -0.02562744795850928], "aligned_model": [[-0.2714619932705293, -0.4123485806857012, -0.636963361006282, -0.6137712821624977, 0.4363500655863777, 0.5887399696112691, 0.28178580477356446, -0.1708121955188484, -0.2449037145246373, -0.02185664058252325, 0.6728575390946939, 0.29069972541293093, 0.00887565934428073, 0.00887565934428073, 0.04210948568417908], [0.39327995516866315, -0.22211766999837898, 0.37836814922158407, -0.4987567767211966, -0.39725683035309606, -0.06994227483039858, 0.5527190872515291, -0.655004585250037, 0.14701469021102995, -0.6923289065882765, 0.19986601174014212, -0.04246256049682959, 0.6716681921758363, 0.6716681921758363, -0.07316025253352848], [-0.5635245766857289, -0.5362006646319593, -0.06219585628966054, 0.13619674930698994, 0.06816793061611427, -0.6737368541624535, -0.548295993013961, -0.25387293370870473, 0.5680380893419398, 0.36211466722977365, 0.12652431779016685, 0.5546908994834754, 0.15132772389310553, 0.15132772389310553, -0.11110212413541776]], "inverted": true, "swapped": false, "error_lsq": 0.04692516754881218, "error_max": 0.3416613397353673, "target": "740.xyz", "model": "1.xyz", "model_rescale": 4.316132596720782, "target_rescale": 4.054941472707303},
{"mapping": [6, 12, 0, 4, 5, 10, 7, 11, 2, 13, 8, 14], "R": [[-0.8448913872475939, 0.4543691785384235, 0.2823246240574047], [-0.15656796495611813, -0.7147011920347256, 0.6816807745958826], [0.5115124789331502, 0.5317432234626607, 0.6749845392282722]], "T": [-0.0017106087847409343, 0.1583626274491675, -0.12527934937728752], "aligned_model": [[-0.06522638153032817, 0.46972968751307276, 0.11169824787614901, -0.5617920959866021, -0.6065682210447818, -0.41414254105964887, -0.4102751923407889, -0.14198388079172558, 0.6051398564737536, 0.18853502818865428, 0.4193556385577256, 0.0033384087763010575], [-0.607161779728996, -0.3380301397586848, -0.5107632565716509, 0.4095378538076332, -0.3523427999669676, -0.018013884931425334, 0.3998698205880471, 0.676382988998766, -0.14615876444285472, -0.0991697752661577, 0.49587000221577837, 0.10275616279749315], [0.05796970933253698, 0.10826136597985814, -0.5687720201184397, -0.10240993913217016, -0.4274593704627241, 0.34563036973523564, -0.686523998163775, 0.4820544305149655, -0.3784298569673134, 0.6207022585430721, 0.1305568851137534, -0.13232137316557824]], "inverted": false, "swapped": true, "error_lsq": 0.04436959067650346, "error_max": 0.24379282576574385, "target": "740.xyz", "model": "2.xyz", "model_rescale": 3.795458400668931, "target_rescale": 4.054941472707303},
{"mapping": [2, 8, 13, 4, 0, 5, 10, 1, 9, 7, 6, 14], "R": [[-0.3733642513403401, -0.833212236554722, -0.40786824426099344], [0.3871072146301343, 0.2596224353828047, -0.8847283172970111], [0.843058206888686, -0.48821466579915385, 0.22560873187058628]], "T": [0.019056261563418907, -0.12157581297629565, 0.060720936221862955], "aligned_model": [[0.026588585739805208, -0.16178035174875507, -0.7900239861000098, 0.19253576696263008, 0.15058593288144886, 0.20969399024080274, -0.40193369215478614, 0.5896137378699086, 0.5053516027532868, 0.6930465772589505, -0.4240305198998312, 0.003656181940114852], [-0.07532685473105229, -0.6682299628983934, -0.18495005439543588, -0.08385124722860732, 0.5104499645013475, 0.6686082925984911, 0.09450920769727021, -0.041342026739781865, -0.5764743887363754, 0.007352540583499004, 0.5098529674531324, -0.07482939281438439], [-0.6623905646900814, -0.09779578595659819, 0.041284924372219374, 0.6487557948085184, -0.4297075790621116, 0.2999945568868092, 0.5068593218636269, -0.2759820414346386, 0.40867244678408904, 0.32408538534628917, -0.10843546545696062, 0.03343043717793887]], "inverted": false, "swapped": true, "error_lsq": 0.054306335953615746, "error_max": 0.3946418157468813, "target": "740.xyz", "model": "3.xyz", "model_rescale": 3.7530521520055578, "target_rescale": 4.054941472707303},
{"mapping": [2, 13, 8, 11, 3, 10, 1, 6, 5, 4, 14], "R": [[0.008297411763198162, 0.7235039964278857, -0.6902703239390422], [-0.998177851807292, -0.03526574369552522, -0.048962265909389346], [-0.05976729138426945, 0.6894188091969059, 0.7218930505318003]], "T": [-0.023840340820362037, -0.08982392273281635, 0.06397614030787283], "aligned_model": [[-0.4214509221134537, -0.2452444117456681, 0.27620948361485953, 0.5529799247270172, 0.37432076175779655, -0.10970809024667214, -0.07209598471545148, -0.7587326411356254, -0.47542447403884375, 0.29735972777400776, -0.0800137714327615], [-0.6807641289383815, 0.21307983574235345, -0.3384742175532256, 0.28911811347154753, -0.7068020975443616, 0.5366456341877923, -0.5836245236786625, 0.17828456628669737, 0.30793111966442394, 0.3414647824658426, -0.08965572578967991], [-0.06937093739121869, -0.6559088857001031, -0.38857587360167545, -0.3609442292543259, 0.10089196699251671, -0.08810068335157825, 0.5102658990113674, -0.04415911732809977, 0.6605062960563415, 0.36083274756206707, 0.067393594250025]], "inverted": true, "swapped": true, "error_lsq": 0.042143150052582616, "error_max": 0.22765922936410948, "target": "740.xyz", "model": "4.xyz", "model_rescale": 3.7855080009869324, "target_rescale": 4.054941472707303},
{"mapping": [4, 0, 1, 2, 10, 7, 6, 3, 14, 9, 8, 15, 11, 13, 16], "R": [[0.18090061525307816, 0.9678895885859325, 0.1745414326399673], [-0.4003648896433393, -0.08962688273020962, 0.9119621576759325], [0.8983222821136827, -0.23485477682819167, 0.37129545009203346]], "T": [-0.0050053633708340645, 0.04168472347450721, -0.03788133673494303], "aligned_model": [[-0.12882226410637848, -0.5183250788843107, -0.6644924303022953, -0.5981067538030764, 0.5302167558602493, 0.4635534117100079, 0.23755518440068024, -0.21947010609129075, -0.24144028010440335, -0.013586437998184757, 0.662196649445268, 0.4819042748941256, -0.22187724632072578, 0.21397970390372334, -0.025109241502830372], [0.23691402435761352, -0.208623592371764, 0.2825546488342717, -0.34492101349452325, -0.451367995836911, 0.010721959208030575, 0.5580788676818061, -0.6163612096205773, -0.05658369541637127, -0.5594443552936716, 0.19055993511697622, -0.11652714351990542, 0.8066818179326652, 0.6126488134320365, 0.01922336016320304], [-0.7404165166613905, -0.5692216231841075, -0.3210110359836968, 0.17319313445630521, -0.07530556872022959, -0.621716461919809, -0.35502253014910196, -0.09616537799932534, 0.58832888877303, 0.34354259416950733, 0.1294133715381291, 0.6080336081244282, -0.05138171290320475, 0.3505941285973306, 0.006594200788920548]], "inverted": false, "swapped": false, "error_lsq": 0.03941807198464036, "error_max": 0.33701877048745366, "target": "740.xyz", "model": "5.xyz", "model_rescale": 4.2253639853439635, "target_rescale": 4.054941472707303},
{"mapping": [11, 13, 5, 4, 10, 0, 7, 9, 12, 8, 6, 1, 3, 14], "R": [[-0.28293620209170267, -0.6039685169053064, 0.7450967293802383], [-0.7920311670360078, 0.5852626469969251, 0.1736498329216949], [-0.5409563161564, -0.5410080079050195, -0.6439538798649633]], "T": [0.060629894460863254, -0.003315362644531701, 0.035748894803087454], "aligned_model": [[0.5682509231906361, -0.13182287225786588, -0.558875671884798, 0.21059611993034355, -0.16762579239835804, -0.59429092053305, 0.2059573597461698, 0.7080544980550445, -0.33661104920733764, 0.4758528110800869, -0.6968750052293236, 0.08480596225302539, 0.6001030294976937, 0.006542760515516846], [-0.21834359093966987, 0.2465845364903779, -0.51577448402364, -0.5981600966369129, -0.3672106965975695, 0.21567064043762774, -0.46094891363135143, -0.30898122435240644, 0.5534013116255766, 0.35765657420030506, 0.07310547061119393, 0.12987359370841772, 0.3269548856131617, 0.011271140129880546], [-0.5583552696708836, -0.7122597102181748, 0.3033008187851512, 0.004553538940318659, -0.45255865559709146, 0.4604848398073937, 0.5922538452847128, 0.2635555901422582, -0.1997700541211851, -0.19652116757298382, -0.17398491763745527, 0.6892153507421453, 0.41051203299731615, 0.041131967049926665]], "inverted": false, "swapped": true, "error_lsq": 0.04212931974438707, "error_max": 0.21222159365633309, "target": "740.xyz", "model": "6.xyz", "model_rescale": 3.89814844738969, "target_rescale": 4.054941472707303},
{"mapping": [8, 3, 2, 11, 12, 1, 4, 13, 10, 5, 0, 6, 14], "R": [[0.588995533224639, -0.7988570743267029, -0.12211321238753958], [0.41384973632275734, 0.16837614809303453, 0.8946384009749063], [-0.6941272632500526, -0.5774745427735614, 0.429779588698043]], "T": [-0.16519776996925672, 0.05623580835681586, -0.12611681763721183], "aligned_model": [[0.13090022575598997, -0.043038515080998416, 0.4462886745389344, -0.3705536521388543, 0.5011922955644228, -0.16900303601449876, -0.7611466977708089, 0.2605610164671855, -0.3676311415150004, -0.5668520074659907, 0.10961215481084297, 0.1184396486639333, -0.1401371649109348], [-0.31000284381207344, 0.1730000099649546, 0.42718278744742033, -0.7163570071530841, 0.06539005349992688, 0.6375366867656205, -0.0826665901746031, -0.5056498166919255, -0.30355392749608245, 0.5341995654536218, 0.7441631414068809, 0.21420848048175967, 0.08633072577806972], [-0.4933434753521424, -0.8416588134192979, -0.2426012014990805, -0.25955335348315683, 0.155029902765223, -0.4538621426951126, -0.07269139576864966, 0.2763988967478784, 0.3764135918841579, 0.44677937736431983, 0.20329516775778422, 0.5937696584850931, -0.08570118195072049]], "inverted": true, "swapped": true, "error_lsq": 0.04785192649115003, "error_max": 0.27634018606917593, "target": "740.xyz", "model": "7.xyz", "model_rescale": 3.7474275329858107, "target_rescale": 4.054941472707303},
{"mapping": [11, 13, 12, 1, 8, 9, 7, 4, 0, 2, 5, 3, 10, 6, 14], "R": [[-0.20695699618475372, -0.8960391166657438, 0.3927883693989143], [-0.9024472140439699, 0.3298892077599081, 0.27705980666242047], [-0.37783306842369085, -0.29713130432254076, -0.8769008840211787]], "T": [-0.07105720203659852, 0.030930918966025383, -0.05553927054404727], "aligned_model": [[-0.09124213025971542, -0.5573395871103816, -0.6164554521560391, -0.5741504656462748, 0.42797165800216697, 0.4637107393346601, 0.3096944400771565, -0.00850927629942834, -0.2203368206580246, -0.09777234724524567, 0.6256217400025076, 0.35152384948875615, -0.2619307444537887, 0.30472977269695956, -0.0973392346727506], [0.32794541139020783, -0.4485304152280761, 0.14499445154378307, -0.22718287314763205, -0.4317976129370761, 0.11408580032195327, 0.5650293011733929, -0.7080717975600783, 0.2911811563966147, -0.7075836796979773, 0.17055879564391774, -0.05372610471059655, 0.7649786555055064, 0.5843692296621489, -0.022695897183209534], [-0.6013001298519497, -0.6401400742317722, -0.32044090908539463, 0.43951250299193867, -0.10095753193454134, -0.5916819331597232, -0.23896428812662573, -0.3049156683818188, 0.5311451821292149, 0.3475388663307706, 0.034815429364607034, 0.5175165558974556, -0.05767725432328383, 0.4128924579630703, -0.057884106655162484]], "inverted": false, "swapped": false, "error_lsq": 0.046933562021853635, "error_max": 0.31827426490317207, "target": "740.xyz", "model": "8.xyz", "model_rescale": 4.019505241142653, "target_rescale": 4.054941472707303},
{"mapping": [12, 8, 1, 0, 6, 5, 7, 13, 10, 11, 9, 4, 14], "R": [[-0.5635997083963304, 0.14092463504655534, 0.8139383366893136], [0.11907391475667206, 0.9889093227391923, -0.088767979722604], [-0.8174208044331219, 0.04688921663353979, -0.57412945390687]], "T": [-0.0625883947972988, -0.031085601302118245, -0.030401138935829783], "aligned_model": [[-0.23485265146692563, -0.6558379248483297, 0.024785689792514054, 0.3620316628594794, 0.33993613276124524, 0.7816925373570144, 0.3096257746474823, -0.32008343776642345, 0.19240224605116238, -0.4396254385105064, -0.23118694420417116, 0.2247636653850071, -0.03395054031637221], [-0.6968412535787265, -0.036896563486520276, 0.27764387152177805, -0.3600293998475758, -0.7087181737648571, -0.077493803317108, 0.5866438455038545, -0.6880739378993659, -0.28430817190800955, 0.10147749584344168, 0.6871367245307152, 0.3355501325950823, -0.07271253807864984], [-0.25467203623410883, 0.038019759656588006, -0.6155456265094571, -0.6376659497646242, -0.07969809971725934, -0.08536945918294901, -0.17222229983550957, 0.37093105340948423, 0.5116531380970393, 0.6746847416212236, 0.11178657715535571, 0.36998655905960054, -0.05518486371150429]], "inverted": true, "swapped": true, "error_lsq": 0.04333292439256161, "error_max": 0.23346016517087417, "target": "740.xyz", "model": "9.xyz", "model_rescale": 3.877068213659057, "target_rescale": 4.054941472707303},
{"mapping": [0, 11, 12, 10, 2, 8, 1, 9, 6, 14, 4, 13, 5, 3, 15], "R": [[-0.7832840260096916, -0.6133490762447883, 0.10133629787846632], [0.49481878339086377, -0.7137998148854405, -0.4956250557357812], [0.3763250007661383, -0.33807208541844364, 0.8626046364697969]], "T": [0.04397453667245184, 0.014321261615700527, -0.0003549730466486517], "aligned_model": [[-0.30730316426924953, -0.5064394681498924, -0.5869589201535059, -0.48441421428650083, 0.5754876931001417, 0.19144653378157556, 0.36516167789576676, 0.1048320676522283, -0.3566171869799501, -0.005090267991692807, 0.6264550867420368, 0.2615438771117187, -0.0027787317405740183, 0.08255076748351278, 0.00030039090494331233], [0.36642234835659654, -0.1601059365092165, 0.4114748703113403, -0.45190093920520197, -0.37642769077017507, -0.2526016544294138, 0.5925098938702119, -0.6117769844702238, 0.07401950956998074, -0.6813214794708752, 0.33123865553281573, -0.2248071931079744, 0.7789757511703911, 0.5129692842971971, 0.05488598602742659], [-0.6219616309668986, -0.46000141555808943, -0.04921395247937636, 0.08121074758174952, 0.07150863876850912, -0.7091053541870874, -0.561998397336372, -0.20021154929778873, 0.4646901486966448, 0.3506370045759316, 0.13518267474313933, 0.7018698201684307, -0.15563886061739668, 0.39031543358849746, -0.06782420875310789]], "inverted": false, "swapped": false, "error_lsq": 0.04593670981885253, "error_max": 0.30555560669107706, "target": "740.xyz", "model": "10.xyz", "model_rescale": 4.260839863003843, "target_rescale": 4.054941472707303},
{"mapping": [7, 5, 6, 0, 12, 2, 3, 4, 10, 13, 8, 14], "R": [[-0.4360545462343068, 0.8453630216658385, -0.30857380690589353], [0.7386214075398994, 0.1403177834168713, -0.6593552426277915], [-0.5140961476535014, -0.5154340707180491, -0.6855894323214516]], "T": [0.12650658407500623, 0.10916888566026522, -0.037135536120701355], "aligned_model": [[0.588802296074677, 0.15336063525779575, -0.40584131922310596, -0.44023206211448407, -0.5618779857607591, -0.4999442323967712, 0.2081785035927547, 0.686214859657825, 0.2607554108030319, -0.20583663913813413, 0.09354098921147103, 0.08177819312982945], [-0.030968009941274827, -0.6799230187162562, -0.4489731122661222, -0.24814335652922198, 0.12905467756192876, 0.3613909905408616, 0.7556348665892818, -0.1419412336887076, -0.3195239788213672, 0.07431624222657307, 0.6461653067723216, 0.07598913180491701], [-0.5911126333219257, -0.34470399391004763, 0.1323498877240305, -0.49365720585141265, 0.1840753074915376, -0.2998698680014779, -0.3776770800233829, -0.005932479025500575, 0.4331456743256359, 0.7026875342286698, 0.22211010958932353, -0.04523717582994549]], "inverted": true, "swapped": true, "error_lsq": 0.041553577646784794, "error_max": 0.21887271539952471, "target": "740.xyz", "model": "11.xyz", "model_rescale": 3.890672605050136, "target_rescale": 4.054941472707303},
{"mapping": [12, 2, 3, 13, 8, 5, 0, 10, 6, 7, 9, 1, 4, 14], "R": [[-0.10767918110830288, 0.4050126452834053, 0.9079482094901582], [-0.6198415876713816, -0.7413801658337765, 0.25720003091232946], [0.77730405900707, -0.535088970984098, 0.33087489022637084]], "T": [0.15750350761134624, 0.027897894198723305, 0.16855722749708307], "aligned_model": [[0.4166421396039748, 0.17876324529001247, 0.2860590920645371, 0.7461420632318206, 0.6959159720505801, -0.5743775350227613, -0.35685377926554573, 0.24135510595508536, 0.0003095756009848516, -0.4098597813826699, 0.1402914283323241, -0.2545759514582972, -0.0354195382294559, 0.13548379802310428], [-0.37358127575289507, 0.07715977375449191, 0.7149444506948207, -0.5304407704112316, 0.2703501563236477, -0.3762681774928332, -0.24102336300776384, -0.4738011970367422, -0.7012448011219727, 0.41740873984066884, 0.6543514302456692, 0.4341230004604823, 0.07179014487608079, -0.011615591544657609], [-0.3744571770476907, -0.5540818494797026, -0.05947259724653392, 0.14085367845007296, 0.07917540452143945, 0.3063449474529531, -0.3974769634278265, 0.5738122925399514, -0.09083260748219413, 0.42667832019352164, 0.5829795221377365, -0.1638790398404692, 0.7500702929405161, 0.13507621164508732]], "inverted": false, "swapped": true, "error_lsq": 0.047687036376500326, "error_max": 0.42999612818427463, "target": "740.xyz", "model": "12.xyz", "model_rescale": 4.124412569039231, "target_rescale": 4.054941472707303},
{"mapping": [8, 2, 6, 3, 13, 11, 1, 4, 0, 7, 10, 5, 14], "R": [[0.8465195051271897, 0.5291078367520164, -0.058733504295412686], [-0.2801482266012984, 0.3489383356561801, -0.894292462811603], [-0.45268277918578403, 0.7734901001286937, 0.4436117293665015]], "T": [0.07190744910557893, 0.03917346059770864, 0.011975207329094293], "aligned_model": [[-0.14825952669318887, -0.22938645164744753, 0.6483552104998423, -0.6405558115399483, 0.6235752409258281, 0.2653216661313803, -0.4536626963616542, 0.2242258078160756, 0.08545767699274351, -0.23901135227566683, 0.6894353181701783, 0.44650402288860896, 0.09529920260300603], [-0.3194558882149766, 0.5161529511429412, 0.5512466523178613, -0.09991935068823678, -0.14252490442739457, -0.7440639719979821, 0.4079460711283774, -0.25836743165777976, 0.8497705078608505, 0.09905833202910815, -0.14029574024780517, 0.5387631751272371, 0.0891749741362765], [0.4357342007313412, 0.46672623345836994, 0.18265359962308733, 0.12862169093990436, 0.5791200316963458, 0.08947405152009316, -0.1700274665572495, -0.5033613929652985, 0.017033342298958587, -0.6513419115415923, -0.08505506274472516, -0.560801410464203, 0.022922174972806908]], "inverted": false, "swapped": true, "error_lsq": 0.043125816244249764, "error_max": 0.2578539480884971, "target": "740.xyz", "model": "13.xyz", "model_rescale": 3.9028299243045295, "target_rescale": 4.054941472707303},
{"mapping": [0, 3, 4, 7, 1, 2, 8, 6, 10, 9, 12, 14, 5, 13, 15], "R": [[-0.4179817533479108, -0.7631005455906543, 0.4929186658947414], [-0.8983360941111509, 0.42795307883616357, -0.09923922778704786], [-0.1352165518171774, -0.4842868154656844, -0.8643973417825732]], "T": [0.049062274502673774, 0.018092823363786446, -0.09025364957972452], "aligned_model": [[-0.3029762525442623, -0.3756632820445529, -0.5641320328877537, -0.6517790799967029, 0.5186497420015599, 0.3562673010933359, 0.31918733102858443, 0.002525331781110883, -0.4001669837066397, -0.058235818744675795, 0.6548959750544799, 0.20925184894956841, 0.00888990114001307, 0.2368752000450477, 0.004586959931444944], [0.3409792878089232, -0.22743000699266772, 0.30149364842243864, -0.4158704653423849, -0.41780946517883844, -0.0422240727694047, 0.6129404089902578, -0.6327920438632584, 0.16955169299794284, -0.588222838964045, 0.31344498046881863, -0.05737612930962808, 0.5225578006445496, 0.5497787019842365, -0.06546707772406107], [-0.7677708934912516, -0.4749823678053794, -0.1453897323455285, 0.28541271265673296, -0.19830715925937703, -0.7566894778738467, -0.5021953484508817, -0.2266041714936471, 0.48472972968164824, 0.3806113982472597, 0.0828732389442557, 0.7767494589521038, -0.012773969852181141, 0.4707167447104275, -0.026921063693549394]], "inverted": true, "swapped": false, "error_lsq": 0.038482473258893285, "error_max": 0.27282620919323297, "target": "740.xyz", "model": "14.xyz", "model_rescale": 3.942246331269136, "target_rescale": 4.054941472707303},
{"mapping": [11, 6, 10, 9, 0, 8, 13, 7, 5, 2, 12, 1, 4, 3, 14], "R": [[0.8151187209812354, 0.569880288657887, -0.10400926547725903], [-0.5254981081686282, 0.6518479283394728, -0.546759560164], [-0.24378927174325793, 0.5003306256054506, 0.8308044631946502]], "T": [-0.050702232877541734, 0.08596487251625312, -0.05480561897166977], "aligned_model": [[-0.1521818534585203, -0.30179658964381906, -0.7047926931667309, -0.723750817187669, 0.4013257242359388, 0.2941402331879119, 0.387336182918013, -0.16743696182100404, -0.12619770231537686, -0.005724725940064207, 0.6876422616436875, 0.46631843405004303, -0.2102131919938212, 0.09221308879247157, 0.02129475179949815], [0.33371785255300557, -0.17889868294529282, 0.3578919133449435, -0.3469667511545795, -0.490321624958375, -0.2790492254710409, 0.6741921052772588, -0.7380578444950234, -0.08463669657880546, -0.5683391051131552, 0.4046565199236701, 0.0780051888992471, 0.649989305212388, 0.5208298856720359, 0.03054158100660216], [-0.7199607679002482, -0.4785842290109439, -0.13978720678921083, 0.033160957159449306, 0.01063199776745452, -0.6436089037418976, -0.40557750414915494, -0.25060927837794644, 0.5518038904376199, 0.33572126533658175, 0.09134259157394733, 0.5691076035097035, -0.06463771774113539, 0.499284230841178, -0.01882782998861173]], "inverted": true, "swapped": false, "error_lsq": 0.048415725932032666, "error_max": 0.27118068834307496, "target": "740.xyz", "model": "15.xyz", "model_rescale": 4.355366556412066, "target_rescale": 4.054941472707303},
{"mapping": [6, 12, 0, 4, 5, 10, 7, 11, 2, 13, 8, 14], "R": [[-0.8448913872475939, 0.4543691785384235, 0.2823246240574047], [-0.15656796495611813, -0.7147011920347256, 0.6816807745958826], [0.5115124789331502, 0.5317432234626607, 0.6749845392282722]], "T": [-0.0017106087847409343, 0.1583626274491675, -0.12527934937728752], "aligned_model": [[-0.06522638153032817, 0.46972968751307276, 0.11169824787614901, -0.5617920959866021, -0.6065682210447818, -0.41414254105964887, -0.4102751923407889, -0.14198388079172558, 0.6051398564737536, 0.18853502818865428, 0.4193556385577256, 0.0033384087763010575], [-0.607161779728996, -0.3380301397586848, -0.5107632565716509, 0.4095378538076332, -0.3523427999669676, -0.018013884931425334, 0.3998698205880471, 0.676382988998766, -0.14615876444285472, -0.0991697752661577, 0.49587000221577837, 0.10275616279749315], [0.05796970933253698, 0.10826136597985814, -0.5687720201184397, -0.10240993913217016, -0.4274593704627241, 0.34563036973523564, -0.686523998163775, 0.4820544305149655, -0.3784298569673134, 0.6207022585430721, 0.1305568851137534, -0.13232137316557824]], "inverted": false, "swapped": true, "error_lsq": 0.04436959067650346, "error_max": 0.24379282576574385, "target": "740.xyz", "model": "16.xyz", "model_rescale": 3.795458400668931, "target_rescale": 4.054941472707303},
{"mapping": [8, 3, 2, 11, 12, 1, 4, 13, 10, 5, 0, 6, 14], "R": [[0.588995533224639, -0.7988570743267029, -0.12211321238753958], [0.41384973632275734, 0.16837614809303453, 0.8946384009749063], [-0.6941272632500526, -0.5774745427735614, 0.429779588698043]], "T": [-0.16519776996925672, 0.05623580835681586, -0.12611681763721183], "aligned_model": [[0.13090022575598997, -0.043038515080998416, 0.4462886745389344, -0.3705536521388543, 0.5011922955644228, -0.16900303601449876, -0.7611466977708089, 0.2605610164671855, -0.3676311415150004, -0.5668520074659907, 0.10961215481084297, 0.1184396486639333, -0.1401371649109348], [-0.31000284381207344, 0.1730000099649546, 0.42718278744742033, -0.7163570071530841, 0.06539005349992688, 0.6375366867656205, -0.0826665901746031, -0.5056498166919255, -0.30355392749608245, 0.5341995654536218, 0.7441631414068809, 0.21420848048175967, 0.08633072577806972], [-0.4933434753521424, -0.8416588134192979, -0.2426012014990805, -0.25955335348315683, 0.155029902765223, -0.4538621426951126, -0.07269139576864966, 0.2763988967478784, 0.3764135918841579, 0.44677937736431983, 0.20329516775778422, 0.5937696584850931, -0.08570118195072049]], "inverted": true, "swapped": true, "error_lsq": 0.04785192649115003, "error_max": 0.27634018606917593, "target": "740.xyz", "model": "17.xyz", "model_rescale": 3.7474275329858107, "target_rescale": 4.054941472707303},
{"mapping": [0, 1, 2, 7, 6, 10, 12, 8, 5, 13, 4, 9, 11, 14], "R": [[-0.6372248188706275, 0.760441573782421, -0.12519242420614063], [-0.5584765263023062, -0.34369326091047303, 0.7549694775115317], [0.5310823851198656, 0.5510023187501483, 0.643698644512597]], "T": [0.010263001934671726, 0.04017114748838213, 0.012891978356320673], "aligned_model": [[0.46320735853841355, 0.13396389185168367, 0.6878657406940822, -0.46078243106385713, 0.36025855602685375, -0.2492658594388253, 0.6715086276322761, 0.18744344650849032, -0.2309612133464368, 0.3034041972016229, -0.598027178857318, -0.5112454402415277, -0.38653155183205357, 0.044009504209472694], [-0.48534740683448796, 0.11342591387830042, 0.09252240357768818, 0.005734235412144517, -0.6348288372207138, -0.3080695123887586, -0.12170518528816365, 0.559491710895061, -0.7250770373468468, -0.046826256828586266, -0.04215027390484932, 0.5276942685816925, 0.4301319130948156, -0.004587694116062024], [-0.4065700882481755, -0.6387781977456163, -0.2385037638689831, -0.5502923593196272, 0.22624666344528382, 0.4969766293799827, 0.2573368053045854, 0.2486321616833579, -0.25948941493773436, 0.7648923716213502, 0.0354644416530176, -0.22127949286176965, 0.6022651109357108, 0.007893851620272358]], "inverted": false, "swapped": true, "error_lsq": 0.036104561129640736, "error_max": 0.21451907742772658, "target": "740.xyz", "model": "18.xyz", "model_rescale": 3.922800546911778, "target_rescale": 4.054941472707303},
{"mapping": [2, 0, 1, 5, 7, 9, 10, 3, 8, 12, 11, 13, 6, 4, 14], "R": [[-0.7983804047228661, -0.03675914370102085, -0.6010303608878012], [-0.29078552760030757, 0.8975732199067278, 0.3313700225495358], [0.5272878780066574, 0.4393302633106861, -0.7272938975727762]], "T": [-0.060586971508817, 0.0446631024291772, 0.020291033877476668], "aligned_model": [[-0.05515636595134662, -0.5632476019082039, -0.672672902681004, -0.6734216582694295, 0.5413326193800955, 0.40873572072452224, 0.3267694066249014, -0.03951656264794079, -0.34059540502402424, -0.03928548973684994, 0.6396489527497073, 0.366795588457173, -0.2500722235924691, 0.2986909848869209, 0.010171078088505876], [0.18509521948090615, -0.3981824567776981, 0.36316359692297406, -0.37650453102511533, -0.47521409651787333, -0.02736007281401604, 0.6499643227715978, -0.5112372048398255, 0.18456613176782555, -0.6631960129919113, 0.17327537966736403, -0.02790466611648807, 0.7007663067388693, 0.6023012637032613, -0.015978758796991455], [-0.6821178867744716, -0.4793715893135311, -0.24783444384541603, 0.1922944972706532, -0.05475244137353074, -0.6409895863570214, -0.3459958976863048, -0.295430567907655, 0.5460410443994432, 0.362483617309827, 0.03958210150533726, 0.5531060235553245, 0.11720179927771879, 0.30981852865323334, -0.004576099786820616]], "inverted": true, "swapped": false, "error_lsq": 0.03359751037536304, "error_max": 0.2001052237785639, "target": "740.xyz", "model": "19.xyz", "model_rescale": 3.9282355846067225, "target_rescale": 4.054941472707303},
{"mapping": [2, 12, 13, 0, 1, 6, 5, 10, 7, 9, 8, 3, 11, 14], "R": [[-0.8427349166231611, -0.2142754569411096, -0.4938460173544306], [-0.42526498501058174, 0.8274664704040349, 0.3666727872109388], [0.3300720418758663, 0.51902337992596, -0.7884587359286023]], "T": [0.007176123280392355, -0.06154431451692409, 0.08418532623803679], "aligned_model": [[-0.5192744343651399, -0.03733123898118437, 0.5587182066868923, -0.47075849555396304, -0.6350651035226813, 0.15884910035479813, 0.0028757493504673604, 0.6077068232398686, -0.2791762731022724, -0.055983813548524636, 0.049184943467988296, -0.4769435284566836, 0.6339964794514119, -0.004275595936301047], [-0.5352957343201188, -0.7031807657913646, -0.6424949132507611, -0.1321556909409668, 0.11968257935475539, -0.30479680082874555, 0.4474552329815831, 0.014611824902221168, 0.6113065464204248, 0.38104586104073856, -0.4422039995291201, -0.1264069502046148, -0.08693152371193326, -0.07775357869726249], [-0.0690965950265367, -0.24675992171036018, -0.04735414408779329, -0.5668671294643081, 0.08920617456654803, -0.6516581522405649, -0.5932262896018363, -0.15357055122694688, 0.15848420299527963, 0.6880155057369243, 0.5424359724834442, 0.6337106772032761, 0.5973400170639699, 0.03152339055258667]], "inverted": true, "swapped": true, "error_lsq": 0.03594583480811709, "error_max": 0.22928295553610062, "target": "740.xyz", "model": "20.xyz", "model_rescale": 4.067790424073018, "target_rescale": 4.054941472707303},
{"mapping": [1, 5, 8, 4, 11, 10, 9, 13, 2, 6, 12, 3, 7, 0, 14], "R": [[-0.799754402868737, 0.38925931284329274, -0.45702306556325756], [-0.5930244716465563, -0.3938780591539813, 0.7022692151485895], [0.09335347406707983, 0.832668758800197, 0.5458460103341845]], "T": [-0.036438661996202285, -0.011388597244814648, -0.007857262617656374], "aligned_model": [[-0.19427111745785858, -0.49460928364126844, -0.519670769716775, -0.7558736048309662, 0.4943425764539586, 0.4581740763640747, 0.3703602949077127, 0.07055684319205356, -0.2519849419297123, -0.13825918153821237, 0.6861676964791652, 0.46389242496681415, -0.17153887848721056, -0.08021341161316499, 0.02110341795194734], [0.2869275289370806, -0.22874353355272972, 0.27348326882658486, -0.21016179818000644, -0.38052823628752186, -0.0786294331592294, 0.4576097040729816, -0.456209591507995, -0.009647085740565976, -0.6413517366302327, 0.23755410602769053, -0.11411462341698, 0.6894628982987774, 0.5462952203887613, -0.008392266903736657], [-0.7557887475423056, -0.3100205197847741, -0.11033968410536832, 0.28433286787034706, -0.0015757201413798827, -0.6575677601401664, -0.47540950728321085, -0.5377721142772635, 0.7043637002045829, 0.3667571091184467, 0.045821858798715226, 0.6724817584711696, -0.22515675619087963, 0.42978478331322933, -0.06045216938435709]], "inverted": true, "swapped": false, "error_lsq": 0.04518685340507664, "error_max": 0.3653257757488823, "target": "740.xyz", "model": "21.xyz", "model_rescale": 4.186013935880536, "target_rescale": 4.054941472707303},
{"mapping": [1, 3, 2, 5, 4, 0, 7, 9, 12, 8, 11, 10, 14], "R": [[0.1327503685079313, 0.672520235689755, -0.7280754577987127], [-0.21016235044678408, 0.7369727445840613, 0.6424196137999831], [0.9686119584827, 0.06773260904492517, 0.23917183687941973]], "T": [0.024500116973778643, 0.035353665644783504, 0.06615923328321537], "aligned_model": [[0.043929894469284095, -0.4415893689088579, 0.33765857712321323, 0.5613223406210887, -0.22081799035248634, 0.7199825770642804, -0.1745016953335432, -0.6559721415100351, 0.49865568659764725, -0.3342269266638799, -0.5306923130137315, 0.17444093151124573, 0.08038446381900002], [-0.32450438329154424, 0.05795670284668455, 0.29163776456233104, -0.572717374154003, -0.350843665971666, -0.1669986569457663, -0.6645775967596838, -0.28041308969248113, 0.557859686927147, 0.4923158423874991, 0.3451506477744055, 0.09718274153412598, 0.03690804032904436], [-0.4955051306816409, -0.5020016628709993, -0.5349532223157758, 0.31122461354079123, 0.4760054530262157, -0.2980308979471156, -0.037478625016272596, 0.024506040707280283, -0.09311082528871302, -0.07226283410857089, 0.5688153797349186, 0.6959684535592462, 0.059702818995981774]], "inverted": false, "swapped": true, "error_lsq": 0.04058130595106985, "error_max": 0.26831206347157066, "target": "740.xyz", "model": "22.xyz", "model_rescale": 4.166573947596378, "target_rescale": 4.054941472707303},
{"mapping": [7, 1, 5, 6, 3, 8, 10, 4, 12, 2, 9, 11, 13, 14, 15], "R": [[-0.25827571795185333, 0.826824319099885, -0.4996550798915853], [0.0952855774524512, -0.4928787719442673, -0.8648648304193345], [-0.961360656697583, -0.27098350782238184, 0.04851418598997115]], "T": [0.053986407184860925, -0.011198221510243883, -0.028832075542671434], "aligned_model": [[-0.12528689756246444, -0.5288455732002538, -0.6497297403763904, -0.6055011623383441, 0.41249034951141533, 0.5776998821076403, 0.13396386772375177, 0.13744120861650036, -0.058174565527665555, -0.19078851286327908, 0.6273256275588667, 0.4105326782961105, -0.33090345231036267, 0.15706192045453643, -0.009109488989503499], [0.32987096836341057, -0.35901677315526126, 0.2927275260503561, -0.16624150165997295, -0.4846582007666107, -0.14066498807562644, 0.6758192151708722, -0.6091895296322637, 0.14865316591066885, -0.6084553030337224, 0.1295987974250899, -0.24712229731537635, 0.7364702804364636, 0.6928350534268112, -0.027071991971959083], [-0.6312626006442116, -0.24661223680413474, -0.35050691887460994, 0.3177878299614014, 0.06464104035138468, -0.6313614879040915, -0.31615050621835483, -0.44751477746993645, 0.5966667696752924, 0.16137427628232714, 0.08028943526956298, 0.6339709981063283, -0.1271415163419049, 0.31713085537022856, -0.05185206183249541]], "inverted": true, "swapped": false, "error_lsq": 0.04148079424590534, "error_max": 0.24029991863171524, "target": "740.xyz", "model": "23.xyz", "model_rescale": 4.274766983524099, "target_rescale": 4.054941472707303},
{"mapping": [12, 8, 3, 1, 9, 7, 5, 4, 10, 11, 14], "R": [[0.5212562305932362, 0.8014156269047199, 0.29330007674844927], [-0.24796771639366666, -0.18662353449252128, 0.9506227790243769], [0.8165806473914512, -0.5682469967597135, 0.10144652275620364]], "T": [0.037762617756063516, 0.03312076705663133, -0.06776640289102989], "aligned_model": [[0.4744564089886313, 0.11502270087139813, -0.4885917630453779, -0.5489631186272917, -0.46838338012738845, -0.5745899194951388, -0.003270610622105097, -0.05967512395840993, 0.5346819789502882, 0.34241434341062815, 0.05679318761284076], [-0.09165754088221223, 0.5817921793164412, 0.45589344985392444, -0.15812840612918658, 0.4470931347279196, -0.16263603840910493, -0.749118939700825, 0.028480414472146533, -0.07797093783189937, 0.6552700635304443, -0.013430847704164278], [-0.6307334575274555, -0.2905908909467843, -0.3589217472544164, -0.3217720197718038, 0.3022731009801738, 0.2885339511664412, 0.2553478883207394, 0.5386885667356603, 0.33682538893064606, 0.35293965241429803, -0.09302399902592104]], "inverted": false, "swapped": true, "error_lsq": 0.04511080122206112, "error_max": 0.23050087246301185, "target": "740.xyz", "model": "24.xyz", "model_rescale": 3.7841303162186577, "target_rescale": 4.054941472707303},
{"mapping": [2, 9, 12, 14, 7, 1, 4, 10, 13, 10, 6, 11, 5, 3, 15], "R": [[-0.7875676455285174, 0.390838182612521, 0.4764270340029092], [0.03382282809016157, 0.7993851272165184, -0.5998661806478292], [-0.6152992930409159, -0.45632108585640907, -0.6427891151740022]], "T": [0.06957778272356126, -0.054894630327199934, -0.14941029421699625], "aligned_model": [[-0.29906208345454766, -0.4708676188149629, -0.5778971193152864, -0.6236586294247849, 0.532790856209057, 0.5364653495596067, 0.34700459683180473, -0.08337112423422853, -0.2711138561871756, -0.08337112423422853, 0.6474899511740144, 0.29052318805772753, -0.26211063957965725, 0.159744724372764, 0.11560967014045563], [0.3440387699658331, -0.18929385887670308, 0.3097405933510321, -0.3008792823146428, -0.46392529114853975, 0.0332840651131775, 0.5944498827662124, -0.7931782542223287, 0.13486201228610337, -0.7931782542223287, 0.284521286823433, -0.15166874911120318, 0.7550482080933902, 0.6147680936414628, -0.015034800972019285], [-0.6726213597747178, -0.32828545696265377, 0.002211971004988128, 0.1475977699308756, 0.05290907500018455, -0.7214915047173535, -0.3904298141476122, 0.04242043279484631, 0.5287649198917793, 0.04242043279484631, 0.12048007794310633, 0.579455582990866, -0.20697881378179422, 0.28925090351269933, -0.11624511755327535]], "inverted": true, "swapped": false, "error_lsq": 0.045565402801057274, "error_max": 0.4095594670774557, "target": "740.xyz", "model": "25.xyz", "model_rescale": 4.19342608120988, "target_rescale": 4.054941472707303},
{"mapping": [6, 12, 0, 4, 5, 10, 7, 11, 2, 13, 8, 14], "R": [[-0.8448913872475939, 0.4543691785384235, 0.2823246240574047], [-0.15656796495611813, -0.7147011920347256, 0.6816807745958826], [0.5115124789331502, 0.5317432234626607, 0.6749845392282722]], "T": [-0.0017106087847409343, 0.1583626274491675, -0.12527934937728752], "aligned_model": [[-0.06522638153032817, 0.46972968751307276, 0.11169824787614901, -0.5617920959866021, -0.6065682210447818, -0.41414254105964887, -0.4102751923407889, -0.14198388079172558, 0.6051398564737536, 0.18853502818865428, 0.4193556385577256, 0.0033384087763010575], [-0.607161779728996, -0.3380301397586848, -0.5107632565716509, 0.4095378538076332, -0.3523427999669676, -0.018013884931425334, 0.3998698205880471, 0.676382988998766, -0.14615876444285472, -0.0991697752661577, 0.49587000221577837, 0.10275616279749315], [0.05796970933253698, 0.10826136597985814, -0.5687720201184397, -0.10240993913217016, -0.4274593704627241, 0.34563036973523564, -0.686523998163775, 0.4820544305149655, -0.3784298569673134, 0.6207022585430721, 0.1305568851137534, -0.13232137316557824]], "inverted": false, "swapped": true, "error_lsq": 0.04436959067650346, "error_max": 0.24379282576574385, "target": "740.xyz", "model": "26.xyz", "model_rescale": 3.795458400668931, "target_rescale": 4.054941472707303},
