[{"mapping": [3, 4, 0, 1, 9, 5, 11, 8, 10, 12, 2, 13], "R": [[0.7650686161374685, 0.41762610190023286, 0.4901616586526482], [-0.3049495584906453, -0.4354478101568615, 0.8469893573156362], [0.5671646845298632, -0.797479556879805, -0.2057925581281559]], "T": [-0.1927970731529694, 0.10180802503013797, 0.10944411582655883], "aligned_model": [[-0.709846388536006, -0.3439938013874537, -0.22558515646716687, -0.31123740479704465, 0.3070468879304476, -0.45491125104906177, 0.22371976703952762, -0.07405951098809767, 0.8035475962364145, 0.23534297900107914, -0.5893871331440077, -0.07937980740111153], [0.17255388403281666, 0.6829764855025278, 0.6063591847927107, -0.09706766301536038, 0.6344177282631982, -0.5914731460339849, -0.32115662261322686, 0.018317160828580217, 0.00012788961199744486, 0.06815783643940068, 0.7605528548865246, 0.14639572007818427], [0.1386902214414718, -0.6340523512359417, 0.6923381914144402, 0.6380880999665874, 0.1662427985107336, -0.04240658728479174, -0.2575388122821787, -0.658351298687438, -0.001854466744529354, 0.49762393050390924, 0.10398345071244836, 0.001331565514053057]], "inverted": false, "swapped": false, "error_lsq": 0.0576023456333361, "error_max": 0.2998575584812944, "target": "742.xyz", "model": "0.xyz", "model_rescale": 3.8414455957264533, "target_rescale": 3.847586603429921},
{"mapping": [0, 3, 12, 13, 10, 9, 9, 4, 6, 8, 11, 14], "R": [[0.9065528906925784, -0.37364553089908986, -0.19634376388382718], [-0.16282146865295916, 0.11960216123286194, -0.9793796467019941], [0.38942396654882994, 0.919828429799583, 0.04758817090212633]], "T": [-0.09190818734527736, 0.1697793034936436, -0.09242525624674322], "aligned_model": [[-0.7982795312714037, -0.10667803183502472, -0.05659727864934044, -0.4891354533640927, 0.38708012598605357, -0.024323070721465, -0.024323070721465, -0.277744560375602, 0.6589271927348781, 0.22653917824744765, -0.609713722259438, -0.10449500133302939], [0.0931020463906451, 0.768270470456318, 0.5817615595021478, -0.10858516440879448, 0.618927175629365, -0.48304613503702987, -0.48304613503702987, 0.1953585157393656, -0.03148905012814038, 0.03382617054998002, 0.6364120276777123, 0.2586698314388289], [-0.23622196076505245, -0.5973678834841959, 0.5489118659661251, 0.49030171479539064, 0.10049359990358417, 0.09401743953837288, 0.09401743953837288, -0.6029424265828772, -0.16834926848205542, 0.6177933146808462, 0.39787743685496624, -0.09443653013471266]], "inverted": false, "swapped": false, "error_lsq": 0.05942118054375115, "error_max": 0.4083509462570983, "target": "742.xyz", "model": "1.xyz", "model_rescale": 4.316132596720782, "target_rescale": 3.847586603429921},
{"mapping": [9, 0, 8, 10, 2, 7, 3, 5, 4, 6, 1, 11], "R": [[0.6158635620605731, 0.10250486609058847, 0.7811560825813323], [-0.46769067569844974, 0.8454661628709622, 0.2577836288536943], [-0.6340169593873576, -0.5240989599951542, 0.5686323727516819]], "T": [-0.15794531138991683, 0.1780910322104357, 0.04826877988715243], "aligned_model": [[-0.8472231999895923, -0.05925077780477071, -0.11163435124211393, -0.3720373091292024, 0.23366325621221898, -0.5397809866898021, 0.13621485650117296, -0.18109144240788763, 0.575542808804928, 0.452781705088408, -0.471613969062194, -0.034313813843646596], [0.14229483326163275, 0.6082841875207856, 0.5584846616307957, -0.025840780800204466, 0.9093392179303783, -0.6247491072260505, -0.400364758033885, -0.0438931245640255, 0.23684508136000373, -0.052535724679664164, 0.6144077624180975, 0.15788906395550423], [-0.2229619883903488, -0.507705407239355, 0.7117385210807399, 0.6048765688512346, 0.1607153112115896, -0.05228144317396556, -0.051107792795828166, -0.5566668965917843, -0.1816722351108377, 0.5481885467991527, 0.12466869834112498, 0.06630285884704198]], "inverted": true, "swapped": false, "error_lsq": 0.05590834320922969, "error_max": 0.34032673356043724, "target": "742.xyz", "model": "2.xyz", "model_rescale": 3.795458400668931, "target_rescale": 3.847586603429921},
{"mapping": [7, 8, 5, 4, 6, 0, 1, 1, 2, 10, 9, 11], "R": [[-0.9396239942797434, 0.015367431421718092, 0.3418634104803844], [0.34215630386967505, 0.05965882919991938, 0.9377472409027593], [-0.005984404400072696, 0.9981005290801092, -0.061314930922106936]], "T": [-0.0777891319590473, 0.18716988653340133, 0.09857911193256184], "aligned_model": [[-0.805564907414523, -0.2092544571730752, -0.05325105162976555, -0.3597737944252783, 0.27666521206290556, -0.24509436104187388, 0.024504098731669782, 0.024504098731669782, 0.6576399812530591, 0.29298158650194644, -0.6538784184645812, -0.16822121069463525], [0.09520633281715948, 0.7124979466849761, 0.6033181695418475, -0.08261063893224307, 0.5704453612353586, -0.5751956963132625, -0.03735988107615401, -0.03735988107615401, -0.004064242151551767, -0.06662204531688215, 0.8170235099420118, 0.08488237741826207], [-0.11399422144684625, -0.46472385673979344, 0.6643026351416469, 0.6071632756035152, -0.17484057484375676, 0.04366442730130404, -0.48055068385738564, -0.48055068385738564, -0.0029040831350934243, 0.6792076205848521, 0.25970077360430116, 0.10762011347340635]], "inverted": false, "swapped": false, "error_lsq": 0.06064792558892811, "error_max": 0.48845623681307326, "target": "742.xyz", "model": "3.xyz", "model_rescale": 3.7530521520055578, "target_rescale": 3.847586603429921},
{"mapping": [9, 8, 4, 1, 2, 7, 3, 6, 5, 0, 11], "R": [[-0.4615552752896991, 0.8792294793992718, -0.11799258623971204], [-0.21787534986886514, -0.2412849308386803, -0.9456806617826619], [-0.8599401489474543, -0.4107762221763317, 0.30292876311563954]], "T": [-0.1871884636983797, -0.006261474965097109, 0.008089072493358574], "aligned_model": [[-0.44225951674021335, -0.43028142530168034, 0.26252584171092996, 0.5462677881289144, 0.3045785729195304, -0.013161150638817565, -0.11112379028296762, -0.47335652849312937, -0.688526269090263, 0.3933918623523317, -0.00985578211943039], [-0.5646103003886958, -0.16240767887502802, -0.19451804344827453, 0.3823603596066365, -0.6934696032306281, 0.6075377129566778, -0.40231993036186564, 0.11925924682053052, 0.2093118623357787, 0.24758808194138182, -0.08152834904216702], [-0.11970619219881601, -0.7334182233023862, -0.4711487465190905, -0.3842032618042642, 0.08182105996099849, -0.035479447355009, 0.4974640260444749, 0.05360708770596876, 0.6129859915078241, 0.543702707156388, 0.047205776049227925]], "inverted": false, "swapped": true, "error_lsq": 0.05259433344213584, "error_max": 0.31560736769381287, "target": "742.xyz", "model": "4.xyz", "model_rescale": 3.7855080009869324, "target_rescale": 3.847586603429921},
{"mapping": [0, 2, 11, 6, 14, 7, 10, 3, 15, 8, 1, 16], "R": [[-0.8904924532436672, -0.308526077536441, -0.3344171798757556], [-0.20871263731188922, 0.930080104178054, -0.30230784779501907], [0.4043046199864544, -0.19940576544352626, -0.8926226050047638]], "T": [-0.09287223240647763, 0.18514614486476527, 0.08812280918263711], "aligned_model": [[-0.791508823245934, -0.1897640992885476, -0.2773132969895356, -0.27819997179006256, 0.32573531482295, -0.3448971896442847, 0.19159166341381173, -0.20150394034489533, 0.7220143768308835, 0.38347863211441685, -0.694745098959467, -0.06363079048181701], [0.25649484008728085, 0.6682420679352652, 0.5645011698607845, -0.03332412663404685, 0.6739973990854699, -0.5052989234127592, -0.40344400463716273, 0.1473091742891982, 0.08200656257168731, -0.22738174036490783, 0.6387767934543076, 0.21828210053825153], [-0.25142123943371, -0.4623460662530779, 0.7622945135770577, 0.6746391666298681, -0.1204187242879786, 0.23351366342194207, -0.23375636373528608, -0.5968473515450301, 0.020004182244761456, 0.4015242637768211, 0.15934237220354178, 0.05756632522985531]], "inverted": true, "swapped": false, "error_lsq": 0.053649259678705784, "error_max": 0.3062519311989043, "target": "742.xyz", "model": "5.xyz", "model_rescale": 4.2253639853439635, "target_rescale": 3.847586603429921},
{"mapping": [8, 1, 2, 5, 4, 12, 11, 9, 3, 6, 10, 13], "R": [[-0.4975351207502652, 0.8645457492447469, 0.0708480845390948], [0.6401125121187595, 0.3107989667616373, 0.7026094036439521], [0.5854184618279734, 0.39492359985538766, -0.7080399528474588]], "T": [-0.062249799837373145, 0.16485111340592673, -0.03506918015543093], "aligned_model": [[-0.7902693699350257, -0.2112670851968987, 0.08283386294943773, -0.39614608880004853, 0.30275857877531714, 0.07754433435222297, -0.3499460643157623, -0.2903806626400286, 0.6182284120525504, 0.24102872965358155, -0.4976645202661319, -0.005463350191695339], [0.16857781781963627, 0.7289355317169169, 0.5033422486559787, 0.16119950279125272, 0.7709196853130911, -0.7392696825069749, -0.48544472058778987, 0.014053867604971265, 0.20426854372266678, -0.1611787316070869, 0.7434610564909689, 0.17129619335973711], [-0.1609202541585291, -0.48038749287240906, 0.52577491064586, 0.5027423113613991, -0.05407133517720054, -0.22045243428868427, 0.281000395268693, -0.5807915707361596, 0.16090311898059373, 0.42909096659750146, 0.25499465658780984, -0.013788530380110058]], "inverted": true, "swapped": false, "error_lsq": 0.07933729568659112, "error_max": 0.5751964740972221, "target": "742.xyz", "model": "6.xyz", "model_rescale": 3.89814844738969, "target_rescale": 3.847586603429921},
{"mapping": [7, 11, 2, 0, 10, 3, 6, 8, 9, 5, 4, 12], "R": [[-0.6181886699487649, 0.7859916121624999, 0.007742994070218362], [0.7038951067908519, 0.5491813336473474, 0.450479235269747], [0.34982059256549247, 0.28393141492887886, -0.8927533279879794]], "T": [-0.1883075095911823, 0.170778075267578, 0.0895050775733583], "aligned_model": [[-0.8009539232053606, -0.14577958037168204, -0.1275201471243645, -0.46877539010667085, 0.2662689257423483, -0.5142664440477569, 0.12593920438700834, -0.0588105493588347, 0.6524448353919681, 0.49729335389295576, -0.5099918510362011, -0.1345916577258907], [0.1243641378543035, 0.6143033641513229, 0.5603192027887333, -0.1684573984486069, 0.7321436198661584, -0.5426131251702067, -0.42788267594088586, -0.08291405045684425, 0.20757516791661132, 0.020803123944468538, 0.7200966198952268, 0.322423326373087], [-0.14241041963508133, -0.5863773549397984, 0.6778166030892545, 0.48607467908110635, 0.22039683754749134, -0.10338272622922073, 0.0743340939465347, -0.5241378275031523, -0.21004015676116788, 0.42122118208181164, 0.19081701853551813, 0.13978281261546827]], "inverted": false, "swapped": false, "error_lsq": 0.05691989340173434, "error_max": 0.30245334217601083, "target": "742.xyz", "model": "7.xyz", "model_rescale": 3.7474275329858107, "target_rescale": 3.847586603429921},
{"mapping": [1, 3, 10, 12, 7, 13, 4, 8, 9, 11, 0, 14], "R": [[0.13803766456585037, 0.3413289036028816, -0.9297527535460494], [0.9189285352742851, 0.3060609970474885, 0.24879110342806562], [0.36948064931720437, -0.8887188788652753, -0.27140892418744267]], "T": [-0.1409328371707943, 0.21855917273990375, 0.032843763979122205], "aligned_model": [[-0.8900689288008554, -0.24731871573505976, -0.07517887466576006, -0.3164575288943769, 0.3907970974748167, -0.22354161974119865, -0.13136644453117885, 0.11350934089657583, 0.6103906927505311, 0.2861555813127754, -0.5634394274487246, -0.17222439618002616], [0.1887840988342883, 0.693797968118159, 0.6311853108113981, -0.0800825076705606, 0.5899755184473349, -0.6595889150808572, -0.4094617611480561, 0.06662650158095257, 0.11761522989688047, 0.048818559709791765, 0.7204695587800869, 0.17202175049395005], [-0.019217557949968954, -0.493430564859124, 0.6658362175544812, 0.543379608084422, 0.24066774398896007, 0.20646275369956035, -0.433765319275678, -0.5814737087590078, -0.042413885985929926, 0.45148867637533413, 0.0943854830294791, 0.01217529592623615]], "inverted": true, "swapped": false, "error_lsq": 0.06604870785458587, "error_max": 0.42677457747430675, "target": "742.xyz", "model": "8.xyz", "model_rescale": 4.019505241142653, "target_rescale": 3.847586603429921},
{"mapping": [2, 1, 11, 5, 9, 3, 4, 0, 7, 8, 6, 12], "R": [[0.2597798096024926, 0.5856164016522473, -0.7678332375189072], [0.5120288537674759, -0.7576870135730227, -0.40464409346036284], [-0.8187434906198996, -0.28803440693546983, -0.49668428300971507]], "T": [-0.17503051078908338, 0.3125423916383743, 0.04100170297436615], "aligned_model": [[-0.6536356713140884, -0.12501954459782963, -0.04669283260061724, -0.41699023735353935, 0.3329619431767251, -0.5400124057514039, 0.14737093022355513, 0.00751769000422825, 0.6118010078162351, 0.4195853182282123, -0.7781185171536746, -0.17751090424028437], [0.11474668450971198, 0.7085389743800797, 0.480855449438072, -0.08785492315026877, 0.7556288918159151, -0.4627776332300284, -0.45140571841292354, -0.07239372780752285, -0.02546966290245406, 0.23692758962268828, 0.5868518397614498, 0.29651354874864877], [-0.24498102513515588, -0.503967022631118, 0.6261937047347275, 0.522314699030836, 0.15483527229667407, -0.023246901131403618, 0.04694032445961854, -0.4500649079901226, -0.25264434653087114, 0.35221119669893836, 0.3394996447034401, 0.07700410332320118]], "inverted": true, "swapped": false, "error_lsq": 0.06565025725611294, "error_max": 0.35086405125043857, "target": "742.xyz", "model": "9.xyz", "model_rescale": 3.877068213659057, "target_rescale": 3.847586603429921},
{"mapping": [1, 3, 11, 8, 6, 7, 2, 4, 14, 9, 0, 15], "R": [[0.03442608520043061, 0.3738739865210883, 0.9268403783071828], [0.9843802124715333, 0.14753035661753908, -0.09607492477645121], [-0.172657006670079, 0.9156708120712, -0.3629552616626427]], "T": [-0.009875688410606542, 0.28575211740127354, -0.012545479806968109], "aligned_model": [[-0.8573942070440836, -0.10175922214949164, -0.11215056157670764, -0.3307590843848219, 0.3318724384719615, -0.45513645732016017, 0.23025116878802906, -0.23621811832747847, 0.7322415779411673, 0.28716084383396284, -0.6290105243882771, -0.07784107740658178], [0.12068402562061442, 0.5591219829838775, 0.5811575862169811, -0.12582022384531977, 0.7709507103171158, -0.3944732644693372, -0.3280466419696056, -0.05344626097836097, 0.11322157900405666, -0.08362303704989271, 0.5952493484148226, 0.3251855085284163], [-0.09840289563485474, -0.5778663405110723, 0.6559833045967657, 0.5557546081016566, -0.18016146451484347, -0.08550332342822081, -0.08965276478173967, -0.5527345617670935, 0.15779747702284078, 0.4467764091619237, 0.38070959582161035, 0.03139469776179201]], "inverted": false, "swapped": false, "error_lsq": 0.05324011690323502, "error_max": 0.38718863220473226, "target": "742.xyz", "model": "10.xyz", "model_rescale": 4.260839863003843, "target_rescale": 3.847586603429921},
{"mapping": [1, 3, 6, 7, 5, 8, 10, 2, 4, 10, 0, 11], "R": [[0.6625616695121758, -0.6645058894210795, -0.3456066507142748], [0.26817381825503206, -0.22037062175050257, 0.9378270588289794], [-0.6993531563493196, -0.7140509169478024, 0.03219395456055779]], "T": [-0.08854017646276044, 0.10001081111908675, -0.006760198912989561], "aligned_model": [[-0.7376996072952804, -0.20234152073551423, -0.0009049126437291888, -0.5212276128646991, 0.32793047997082836, -0.29714456883410345, 0.26835484477098737, -0.13861880695118878, 0.5801739786771973, 0.26835484477098737, -0.6167000548296268, -0.14892028759834028], [0.155176450685884, 0.6582282105856432, 0.6043821902063929, -0.000509391750103616, 0.6293274591175158, -0.5828312938802601, -0.13386888890535073, -0.0085603332728693, 0.09664738975295917, -0.13386888890535073, 0.6885551810762243, 0.10748322806268343], [-0.32109986983232597, -0.43016976468503965, 0.6574573160225665, 0.4751971648416279, 0.04789307847620678, -0.08307713138663331, 0.4528701109853489, -0.6820835018688951, -0.3049429024914963, 0.4528701109853489, 0.3736303069231591, 0.005549823858896885]], "inverted": true, "swapped": false, "error_lsq": 0.06820472180301271, "error_max": 0.5860924351143335, "target": "742.xyz", "model": "11.xyz", "model_rescale": 3.890672605050136, "target_rescale": 3.847586603429921},
{"mapping": [11, 9, 7, 4, 5, 1, 0, 6, 8, 3, 10, 13], "R": [[0.08719121188725626, 0.9955690835488411, -0.03521210660202839], [0.48077696654901964, -0.07301129991693062, -0.8737979506272393], [-0.8724971065886435, 0.059258332461866015, -0.48501262769982023]], "T": [-0.1638890553594206, 0.16249671333559912, -0.03773095746290021], "aligned_model": [[-0.6686384370670178, -0.24862164040417406, 0.2958518974419281, -0.3938513892692953, 0.2560197517949953, -0.3215121173443234, 0.011230643843527954, -0.039275275342794236, 0.5447189095715343, 0.3561725453188223, -0.8703814874326543, -0.14045662467303022], [0.1824350545026426, 0.7516961444662634, 0.612745697402602, 0.0023457010294926917, 0.8139972501607575, -0.5822468643060738, -0.36284165958331893, -0.02808692354343975, 0.0353993318380279, -0.16172118163319504, 0.5810958258617245, 0.2353429365778852], [-0.25588844212147727, -0.5392135946581841, 0.5216242775535795, 0.6045509293011545, -0.10250615353165596, -0.19838668964268738, 0.16732324180448482, -0.5670773725121417, -0.0679311808230724, 0.6532696533067452, 0.3160821723926064, 0.11224790075941252]], "inverted": true, "swapped": false, "error_lsq": 0.06734988620050032, "error_max": 0.44846347002252923, "target": "742.xyz", "model": "12.xyz", "model_rescale": 4.124412569039231, "target_rescale": 3.847586603429921},
{"mapping": [7, 3, 4, 10, 0, 11, 8, 9, 1, 2, 5, 12], "R": [[-0.3099224901905866, 0.6528423185395746, 0.6911909701362849], [-0.3720962745859129, -0.7522845594895275, 0.5437024038873958], [0.8749242324415017, -0.08868398207974482, 0.4760700986295283]], "T": [-0.10036880888998358, 0.28807600649981735, -0.07386079288620098], "aligned_model": [[-0.7252470703699544, -0.027827659633015214, 0.057156629725851546, -0.501224476505593, 0.07418744494253178, -0.2217471902440381, 0.20283848731283954, -0.3374195051789243, 0.7023807364690898, 0.23684088059321107, -0.5522740533785293, -0.12640744729595094], [0.29342937467178815, 0.6796077434268297, 0.4692393144243888, -0.11505788167190228, 0.8353869127500695, -0.6639515266910202, -0.3556233399062382, -0.04943614337004598, 0.22757024864518804, -0.229898923501359, 0.769995021013571, 0.21890051298209848], [-0.12461682006553035, -0.6656327560690828, 0.674899414256408, 0.3966787636289836, 0.008287119695383788, 0.18969892695530535, -0.1666649299935143, -0.5622600026312041, 0.04778015252680909, 0.5264617128203941, 0.2966545138503127, 0.022808646854498765]], "inverted": false, "swapped": false, "error_lsq": 0.05192327241567285, "error_max": 0.26318811380949136, "target": "742.xyz", "model": "13.xyz", "model_rescale": 3.9028299243045295, "target_rescale": 3.847586603429921},
{"mapping": [3, 8, 11, 9, 12, 7, 10, 4, 13, 14, 1, 15], "R": [[0.827243738751376, 0.22534917622393635, 0.514670326978192], [0.42897109376547005, 0.33824752351772613, -0.8375991962435149], [-0.3628382524077389, 0.9136773837680995, 0.18314486337426805]], "T": [-0.21883900836791387, 0.2936192301844214, -0.07882582042622019], "aligned_model": [[-0.7584864484145091, -0.006740795319503112, -0.039844160808345075, -0.3567102497362146, 0.26249985993757835, -0.45655915080312237, 0.1510929652673157, -0.2197128602396045, 0.5752853584331932, 0.3481094170128674, -0.4709595131304013, -0.24671764576173585], [0.08702768665074301, 0.8238612422217181, 0.47132934820469446, -0.12957076759201347, 0.7683196588153758, -0.5593010578306983, -0.35326234619472263, -0.15545146843242325, 0.2553233550861236, -0.017472642255748405, 0.678521154133072, 0.2108371499672474], [-0.31289850108263517, -0.5987920849568474, 0.6156067874186834, 0.5557978499873621, 0.08613685982862551, 0.11260059366013345, -0.07195828283608044, -0.5864654740284523, -0.055346727632191894, 0.5251956880011492, 0.3799600945294832, -0.005742061060465473]], "inverted": false, "swapped": false, "error_lsq": 0.049832677531183055, "error_max": 0.24420113446637717, "target": "742.xyz", "model": "14.xyz", "model_rescale": 3.942246331269136, "target_rescale": 3.847586603429921},
{"mapping": [4, 13, 1, 5, 12, 9, 6, 11, 8, 0, 3, 14], "R": [[0.9483268620037254, -0.2754882320387899, -0.15742425737575844], [0.2315991757167155, 0.9401282843279822, -0.2500412582232436], [0.21688242116295436, 0.2006615135362701, 0.9553517532175405]], "T": [-0.16044672553332878, 0.06691600723581181, 0.03667018084855314], "aligned_model": [[-0.5902198617138215, -0.05626046935871033, -0.14062544586659737, -0.41041135574434173, 0.044801580098934424, -0.37380506508012945, 0.049336949991705625, -0.038796920184135636, 0.567949609032635, 0.4337722516333908, -0.6043868743768815, -0.10009762199452973], [0.29927865114993907, 0.6926689990160451, 0.5786048216770637, 0.028214205491104247, 0.8512951722363074, -0.6919091585393801, -0.3752050748129172, 0.009156504745682276, -0.024827700790315516, 0.05786758870791758, 0.5614425729070096, 0.09357473098491184], [-0.287315359034672, -0.4717668986487239, 0.6647013184752618, 0.6187349645060933, 0.14010478197873064, 0.2004532473250553, -0.2340864398086139, -0.6675855890157386, -0.20799857096964786, 0.46972839421638557, 0.3103644456603343, 0.1087604471442993]], "inverted": true, "swapped": false, "error_lsq": 0.055940682575669476, "error_max": 0.33411810770751804, "target": "742.xyz", "model": "15.xyz", "model_rescale": 4.355366556412066, "target_rescale": 3.847586603429921},
{"mapping": [9, 0, 8, 10, 2, 7, 3, 5, 4, 6, 1, 11], "R": [[0.6158635620605731, 0.10250486609058847, 0.7811560825813323], [-0.46769067569844974, 0.8454661628709622, 0.2577836288536943], [-0.6340169593873576, -0.5240989599951542, 0.5686323727516819]], "T": [-0.15794531138991683, 0.1780910322104357, 0.04826877988715243], "aligned_model": [[-0.8472231999895923, -0.05925077780477071, -0.11163435124211393, -0.3720373091292024, 0.23366325621221898, -0.5397809866898021, 0.13621485650117296, -0.18109144240788763, 0.575542808804928, 0.452781705088408, -0.471613969062194, -0.034313813843646596], [0.14229483326163275, 0.6082841875207856, 0.5584846616307957, -0.025840780800204466, 0.9093392179303783, -0.6247491072260505, -0.400364758033885, -0.0438931245640255, 0.23684508136000373, -0.052535724679664164, 0.6144077624180975, 0.15788906395550423], [-0.2229619883903488, -0.507705407239355, 0.7117385210807399, 0.6048765688512346, 0.1607153112115896, -0.05228144317396556, -0.051107792795828166, -0.5566668965917843, -0.1816722351108377, 0.5481885467991527, 0.12466869834112498, 0.06630285884704198]], "inverted": true, "swapped": false, "error_lsq": 0.05590834320922969, "error_max": 0.34032673356043724, "target": "742.xyz", "model": "16.xyz", "model_rescale": 3.795458400668931, "target_rescale": 3.847586603429921},
{"mapping": [7, 11, 2, 0, 10, 3, 6, 8, 9, 5, 4, 12], "R": [[-0.6181886699487649, 0.7859916121624999, 0.007742994070218362], [0.7038951067908519, 0.5491813336473474, 0.450479235269747], [0.34982059256549247, 0.28393141492887886, -0.8927533279879794]], "T": [-0.1883075095911823, 0.170778075267578, 0.0895050775733583], "aligned_model": [[-0.8009539232053606, -0.14577958037168204, -0.1275201471243645, -0.46877539010667085, 0.2662689257423483, -0.5142664440477569, 0.12593920438700834, -0.0588105493588347, 0.6524448353919681, 0.49729335389295576, -0.5099918510362011, -0.1345916577258907], [0.1243641378543035, 0.6143033641513229, 0.5603192027887333, -0.1684573984486069, 0.7321436198661584, -0.5426131251702067, -0.42788267594088586, -0.08291405045684425, 0.20757516791661132, 0.020803123944468538, 0.7200966198952268, 0.322423326373087], [-0.14241041963508133, -0.5863773549397984, 0.6778166030892545, 0.48607467908110635, 0.22039683754749134, -0.10338272622922073, 0.0743340939465347, -0.5241378275031523, -0.21004015676116788, 0.42122118208181164, 0.19081701853551813, 0.13978281261546827]], "inverted": false, "swapped": false, "error_lsq": 0.05691989340173434, "error_max": 0.30245334217601083, "target": "742.xyz", "model": "17.xyz", "model_rescale": 3.7474275329858107, "target_rescale": 3.847586603429921},
{"mapping": [11, 12, 2, 1, 9, 3, 8, 10, 4, 0, 7, 13], "R": [[-0.4084063337008541, 0.8329141893139064, -0.3734410526878167], [-0.42559640112310093, -0.5356805492009775, -0.7293243808887809], [-0.8075097336528465, -0.13892552842187522, 0.573260610550395]], "T": [-0.09168536475923166, 0.2042999709455309, 0.024607283146529685], "aligned_model": [[-0.7877915263569248, -0.24502503657887975, -0.006013958931691127, -0.4960164256196478, 0.23883836194035002, -0.3801372917684201, 0.2669442174335085, -0.23493910199014595, 0.732854680269677, 0.335384863470355, -0.5990290698036405, -0.04381293562702178], [0.11596227342101334, 0.7173369519237065, 0.46194416668175586, -0.03411992869348918, 0.7821195683784138, -0.4097578562835843, -0.39300395486357864, -0.08355843930077203, 0.14170560762699672, -0.1774354078976361, 0.7474410613263877, 0.21152727045415462], [-0.14676752476830743, -0.49742425278644564, 0.6804369885096286, 0.5327320330744255, -0.04323624835940201, 0.006784490644284741, -0.15278294828684505, -0.5861752255120793, -0.049159117369413016, 0.6337308432558572, 0.1471609568083294, 0.11879474661873135]], "inverted": true, "swapped": false, "error_lsq": 0.052638072479783186, "error_max": 0.3359867164171132, "target": "742.xyz", "model": "18.xyz", "model_rescale": 3.922800546911778, "target_rescale": 3.847586603429921},
{"mapping": [1, 13, 10, 2, 11, 0, 3, 12, 7, 9, 6, 14], "R": [[0.6284888948040618, 0.4956661024253503, 0.5994304163240565], [0.24655116095354204, -0.857866754658899, 0.4508626800739551], [0.7377087732570557, -0.1355719224525161, -0.6613667815230059]], "T": [-0.2448086406908354, 0.24811837837234046, -0.07093732730329941], "aligned_model": [[-0.9000159190987087, 0.10452924982553602, -0.14127666530483476, -0.22522756938679678, 0.31014271515139047, -0.42667487139358823, 0.06562130186995352, 0.06137175677671447, 0.5330832861420762, 0.2763609226894813, -0.7248919519212751, -0.1517654789124294], [0.0474496568633202, 0.6906012949844023, 0.6256222375841228, -0.05603242229576316, 0.653749121723836, -0.5649669685162255, -0.30900728109426684, -0.03594142145605966, 0.10768955048225123, 0.022918468204738196, 0.6753648871884412, 0.22271418910457105], [0.20909572514788674, -0.46334738524809826, 0.6343091640854843, 0.5773202101672062, 0.11543945629861099, -0.0056722640462101015, -0.11986067459995042, -0.7374038597672903, -0.18658728849763498, 0.5125097333469861, 0.17955859461077514, -0.07126666966900119]], "inverted": false, "swapped": false, "error_lsq": 0.061891127610840764, "error_max": 0.4157349043292763, "target": "742.xyz", "model": "19.xyz", "model_rescale": 3.9282355846067225, "target_rescale": 3.847586603429921},
{"mapping": [6, 2, 0, 4, 1, 8, 9, 7, 10, 11, 3, 13], "R": [[-0.15458550052344183, 0.567852316018466, -0.8084844279393275], [0.01602029697983709, 0.8196542560793325, 0.5726344825241614], [0.9878495194677148, 0.07556882745881785, -0.13580382617549708]], "T": [-0.17761080046371208, 0.09911045337368792, -0.05953691276618405], "aligned_model": [[-0.8093921396576367, 0.1524026621180335, 0.08623795839984377, -0.37428117585530984, -0.027727483927739327, -0.4741868180010888, 0.14590280916139414, -0.17879938087215402, 0.6603546262609057, 0.2550038195708583, -0.5638729310893771, -0.09038516967021096], [0.10640290465397025, 0.6977307966842131, 0.47734127086561623, -0.008469449866575343, 0.8189237602006146, -0.5554108116014022, -0.51179743900541, 0.02822492474939882, 0.2917043754289603, -0.08836849828195757, 0.5979986173044163, 0.2258808616415241], [-0.2257993969823182, -0.5193858112638031, 0.5943149583348992, 0.5313227768403721, 0.08504728777341433, 0.1899949662498312, -0.03597175513786079, -0.6784646997396648, -0.11390486098075825, 0.4799623036784731, 0.350666982237149, -0.013688009180969109]], "inverted": true, "swapped": false, "error_lsq": 0.05875404690904757, "error_max": 0.3444044014045673, "target": "742.xyz", "model": "20.xyz", "model_rescale": 4.067790424073018, "target_rescale": 3.847586603429921},
{"mapping": [12, 7, 13, 11, 5, 3, 6, 0, 4, 6, 10, 14], "R": [[0.9535097110634284, -0.08302068396023338, 0.28970122012603317], [-0.02920731370433822, -0.9822380926740876, -0.18535172544691023], [0.29994360092176275, 0.1682732757592407, -0.9389983711015375]], "T": [-0.07414945380519672, 0.25501264542203506, -0.037562270020578596], "aligned_model": [[-0.8166379339761747, -0.2183501559687692, -0.12121682033986983, -0.44365951299976863, 0.3684938876141738, -0.38316139921629827, 0.29440628390970097, -0.13929864697246577, 0.7104476653261529, 0.29440628390970097, -0.6263157118304172, -0.1378571630184463], [0.07555754646642676, 0.6844280572576458, 0.5922337913864686, 0.0024840559540785234, 0.5996428594796326, -0.5374893724309903, -0.23500455512286722, 0.016435127708037678, 0.1285311026603732, -0.23500455512286722, 0.6998150704409853, 0.2885321840964441], [-0.09689683979159475, -0.6304134476211393, 0.574148500523085, 0.4290466472050741, 0.14618486251104731, -0.051604561249195414, 0.3766921373946425, -0.7033658297827954, -0.14188041191207948, 0.3766921373946425, 0.37298620184279957, -0.007494654685722451]], "inverted": true, "swapped": false, "error_lsq": 0.06080006646973046, "error_max": 0.5071672294453022, "target": "742.xyz", "model": "21.xyz", "model_rescale": 4.186013935880536, "target_rescale": 3.847586603429921},
{"mapping": [5, 8, 1, 0, 9, 3, 6, 11, 10, 7, 2, 12], "R": [[-0.828527664884754, 0.20075167450859582, 0.5227242807662676], [-0.0627594336549398, 0.8943479012378002, -0.44294817421325205], [-0.5564199511231854, -0.3998006962644476, -0.7283929168096949]], "T": [-0.05775361438156592, 0.16752300072713605, 0.03054754101235178], "aligned_model": [[-0.8102141036057481, -0.23685324097085758, 0.023924286747873592, -0.4463770185041353, 0.30272355558180675, -0.45201158370757144, -0.10103285996496908, -0.039154173053536794, 0.7697663034678327, 0.4727003230084099, -0.6405587078688384, -0.061656004692747624], [0.02396543001363105, 0.7469369973478162, 0.5218910849436125, 0.09386436704299789, 0.6594422561965421, -0.6185023693351879, -0.333308482382305, 0.0876509314336017, 0.15771578118339158, -0.009346247663795354, 0.622620410615708, 0.12723115337735524], [-0.07777241173042511, -0.4383563670319754, 0.6652720617992675, 0.6349767729811105, -0.08573838363872169, -0.25063465255244277, 0.26960314426256593, -0.595743519151302, -0.07628895390025349, 0.5055839913632189, 0.08461946887696813, 0.008573590550754122]], "inverted": false, "swapped": false, "error_lsq": 0.0627694285306497, "error_max": 0.38071718133540505, "target": "742.xyz", "model": "22.xyz", "model_rescale": 4.166573947596378, "target_rescale": 3.847586603429921},
{"mapping": [7, 14, 6, 1, 12, 4, 3, 9, 11, 2, 5, 15], "R": [[-0.9634615042132222, 0.1732609086682663, 0.2042610766314577], [-0.24288537618677744, -0.8866221822604154, -0.3935832821124223], [0.11290980441840805, -0.4288143694551591, 0.8963088823697841]], "T": [-0.15705084862769503, 0.1497863455610492, -0.059528224248982416], "aligned_model": [[-0.8654135416821949, -0.06865602690085457, 0.014750022483496605, -0.39666236123900744, 0.3100427272244483, -0.29353113361591776, 0.19758143463708, 0.05644535100794018, 0.6192035041509518, 0.15243065861997918, -0.7547308640999816, -0.19020299414842146], [0.21805370745017205, 0.7892749283643156, 0.5028362161180241, 0.06451063520410824, 0.6078772934359277, -0.5311414809727716, -0.3346428335778566, 0.03400929863022481, 0.1043009951151379, -0.0982662167698824, 0.5661135079936761, 0.15723526178229238], [-0.12989519121141357, -0.5169322810482154, 0.5923520420208311, 0.6063647379561902, -0.022682191871393323, 0.18039663946058454, -0.09100783798998371, -0.608585793568642, -0.19164026046605337, 0.4840712258812203, 0.3411116066804824, 0.0005420459851572107]], "inverted": true, "swapped": false, "error_lsq": 0.049456441868608064, "error_max": 0.25703589168523455, "target": "742.xyz", "model": "23.xyz", "model_rescale": 4.274766983524099, "target_rescale": 3.847586603429921},
{"mapping": [7, 6, 5, 0, 3, 10, 1, 2, 4, 9, 11], "R": [[-0.9268671509277571, -0.1363115837854956, 0.3497662600322571], [-0.32477113590729134, 0.7584498497206467, -0.5650464890079544], [-0.18825778552971006, -0.637317014981256, -0.7472523192354985]], "T": [0.11019934077664645, 0.24136068644896147, -0.09132782541597523], "aligned_model": [[0.16445690167739124, 0.1549052858846679, -0.3155169760421556, -0.5339298598555764, -0.417391508961176, -0.5403199189367549, 0.328090504250922, -0.15758246228818595, 0.4317965040290773, 0.24721185568063, 0.018174378519235534], [-0.18033364761304976, 0.4504444937978358, 0.7163172070958632, -0.2697253856504681, 0.4409015131612189, -0.3304334033082704, -0.6504398202157217, 0.11200034730057717, -0.1739572982414025, 0.6763827533726268, 0.12442977154427418], [-0.568992111720737, -0.323717245552413, -0.598174609555524, -0.20215958067852374, 0.1984433490374819, 0.5304647933746578, -0.08165433630594987, 0.7030807876018255, 0.34620916207122227, 0.3389391320402915, 0.037127093709246106]], "inverted": true, "swapped": true, "error_lsq": 0.06409735187706993, "error_max": 0.3804445410854062, "target": "742.xyz", "model": "24.xyz", "model_rescale": 3.7841303162186577, "target_rescale": 3.847586603429921},
{"mapping": [7, 13, 9, 8, 12, 1, 4, 6, 5, 2, 10, 15], "R": [[-0.49533045997952146, -0.5174298862539716, 0.697792267245545], [-0.13389788934697677, 0.8391323270800992, 0.5271890485182354], [-0.8583234184413826, 0.16769988211188377, -0.4849305712107248]], "T": [-0.2380484753783506, 0.22190503604922912, 0.04172584474023885], "aligned_model": [[-0.8450052752137935, 0.03768242246827591, -0.054422141425801984, -0.24777012452124414, 0.39440468076940216, -0.35328413083608756, 0.19112849003867782, -0.2755243008481481, 0.6274632372056531, 0.3407643375061544, -0.8029569406321656, -0.23122347807340335], [0.17732674130322065, 0.8223431776161769, 0.524556015398179, -0.148895313669129, 0.6344750886516453, -0.49437118504672234, -0.3494071754958927, -0.11995980026045683, 0.12867025490734635, 9.661890685103147e-05, 0.7076805496218326, 0.19764634084031718], [-0.18723218388360163, -0.37713750695738096, 0.5073699821503348, 0.5020196355147276, 0.11215924166614069, 0.2051440585566097, -0.1730154697598082, -0.5936877594919477, -0.06567758355240799, 0.47134169832660466, 0.26568048652078197, -0.02286985726128874]], "inverted": false, "swapped": false, "error_lsq": 0.05226644037922589, "error_max": 0.298383471272451, "target": "742.xyz", "model": "25.xyz", "model_rescale": 4.19342608120988, "target_rescale": 3.847586603429921},
{"mapping": [9, 0, 8, 10, 2, 7, 3, 5, 4, 6, 1, 11], "R": [[0.6158635620605731, 0.10250486609058847, 0.7811560825813323], [-0.46769067569844974, 0.8454661628709622, 0.2577836288536943], [-0.6340169593873576, -0.5240989599951542, 0.5686323727516819]], "T": [-0.15794531138991683, 0.1780910322104357, 0.04826877988715243], "aligned_model": [[-0.8472231999895923, -0.05925077780477071, -0.11163435124211393, -0.3720373091292024, 0.23366325621221898, -0.5397809866898021, 0.13621485650117296, -0.18109144240788763, 0.575542808804928, 0.452781705088408, -0.471613969062194, -0.034313813843646596], [0.14229483326163275, 0.6082841875207856, 0.5584846616307957, -0.025840780800204466, 0.9093392179303783, -0.6247491072260505, -0.400364758033885, -0.0438931245640255, 0.23684508136000373, -0.052535724679664164, 0.6144077624180975, 0.15788906395550423], [-0.2229619883903488, -0.507705407239355, 0.7117385210807399, 0.6048765688512346, 0.1607153112115896, -0.05228144317396556, -0.051107792795828166, -0.5566668965917843, -0.1816722351108377, 0.5481885467991527, 0.12466869834112498, 0.06630285884704198]], "inverted": true, "swapped": false, "error_lsq": 0.05590834320922969, "error_max": 0.34032673356043724, "target": "742.xyz", "model": "26.xyz", "model_rescale": 3.795458400668931, "target_rescale": 3.847586603429921},
{"mapping": [0, 7, 8, 1, 12, 2, 9, 3, 4, 11, 6, 12], "R": [[-0.24327139870153347, 0.9663228947128693, -0.08389928323615702], [-0.8964599365237682, -0.1909658973906635, 0.39986448734737645], [0.3703763069927681, 0.17248793925234285, 0.9127263018182828]], "T": [-0.024289719388250045, 0.17483390275798993, 0.14559250823868872], "aligned_model": [[-0.6662109408599823, -0.12330971154006004, -0.062194797539058364, -0.4887614788717661, -0.07201856868278006, -0.4833221071971733, 0.05036489298577304, -0.02612064559243705, 0.7265946829808242, 0.6128058363270087, -0.6145518168900501, -0.07201856868278006], [0.07781333366731001, 0.6962082832057217, 0.5338817748084621, 0.029754451552186645, 0.2952399083438387, -0.54197633709904, -0.24722150300048013, 0.0008364225830969352, 0.04392713741053206, 0.20474470472033168, 0.6917132282375699, 0.2952399083438387], [-0.37382769418943596, -0.469689455739141, 0.7783638261194705, 0.4825956358671114, 0.04213742784688353, -0.07870029342411025, 0.11970402746546102, -0.5719018007630481, -0.19777204395284018, 0.4693040905881153, 0.40174359416341454, 0.04213742784688353]], "inverted": false, "swapped": false, "error_lsq": 0.07004767863132157, "error_max": 0.471184054270689, "target": "742.xyz", "model": "27.xyz", "model_rescale": 3.6321398670334006, "target_rescale": 3.847586603429921},
{"mapping": [3, 4, 12, 8, 6, 0, 11, 1, 13, 9, 7, 14], "R": [[-0.3086072570214776, 0.22056881670602024, 0.9252626427185882], [-0.8932298659590905, 0.26716569390878486, -0.3616115299004483], [-0.32695866324718326, -0.9380681686823957, 0.1145693826136438]], "T": [-0.14288875467823073, 0.047698483917407136, 0.08181406204499411], "aligned_model": [[-0.7825907131495623, -0.15507116745639435, -0.1271722695911229, -0.45438878989359444, 0.3706504318021153, -0.42273275682230005, 0.2583683877793215, -0.1634250069611458, 0.6227579821050633, 0.39696405635394894, -0.6574846982137952, -0.10461867951501488], [0.04141365276950765, 0.7323108942830678, 0.642336745953057, 0.09325786330051465, 0.6309459908546287, -0.5079286581053353, -0.4496934446238017, 0.1541025757487013, 0.06726103136136216, 0.008593848497010642, 0.6164780811531105, 0.05108273158154438], [-0.16778959415346364, -0.38468855182898376, 0.6559813375664034, 0.49159654923254625, 0.07911466555941482, 0.03305436832696888, 0.017628304531588146, -0.5781280776385047, -0.20081593124065536, 0.47373488457107604, 0.19392190596766407, 0.030484880934709982]], "inverted": true, "swapped": false, "error_lsq": 0.052757343779210035, "error_max": 0.2593752333977491, "target": "742.xyz", "model": "28.xyz", "model_rescale": 4.156811204709835, "target_rescale": 3.847586603429921},
{"mapping": [3, 2, 10, 1, 8, 9, 0, 6, 7, 11], "R": [[-0.1519750292295524, -0.7763226078772489, 0.6117407939555315], [0.6673707017518509, 0.3759374659785031, 0.642874301957159], [-0.7290541385479676, 0.5059587237832046, 0.46096185622429964]], "T": [-0.24980538643019906, 0.03888016656083315, 0.19749160165035845], "aligned_model": [[-0.6502571911550743, -0.2060319695802605, -0.0021741322518863127, 0.6405453198900417, -0.0013592096116780694, -0.5432267601195893, -0.101499527637115, -0.429668769487719, 0.11678779431157255, -0.1801901802477035], [-0.030240586464323926, -0.4755919998411272, -0.028865544993978143, 0.1967112323343271, -0.501539270145526, -0.5141992015576932, 0.5699110368913874, 0.15384900178867142, 0.5430035107005652, 0.005682151913901451], [-0.2893314189536905, -0.4755080371378498, -0.8373219707586503, 0.038610345263795975, 0.7261977812521341, 0.23145323667236686, -0.42251377347096014, 0.43019491700342866, 0.34032807609908877, 0.01667757100543582]], "inverted": true, "swapped": true, "error_lsq": 0.06934534588150884, "error_max": 0.3601448011605711, "target": "742.xyz", "model": "29.xyz", "model_rescale": 4.117894457231895, "target_rescale": 3.847586603429921},
