[{"mapping": [1, 9, 13, 10, 12, 0, 11, 8, 7, 4, 3, 6, 5, 15], "R": [[0.6182808156853654, -0.7725052801324019, 0.1447909704470507], [-0.6405487691608869, -0.38851764166008046, 0.66238305869441], [-0.45544056393991983, -0.5022844157312157, -0.7350403107528453]], "T": [0.020325525571941054, 0.11171761589839907, 0.189458832305648], "aligned_model": [[0.03832043362207476, 0.22262813925326888, -0.4440326408386497, -0.33992285006579503, -0.8387903283866982, -0.027849193257191616, -0.6935991604646735, 0.02208065259390353, -0.36238312403523787, 0.3365479005893, 0.6919771717606531, 0.22158956291802842, 0.5581040194675208, -0.013178482028200052], [-0.6623247587432568, -0.32574890609906004, -0.48138161232344173, -0.3674639604575957, 0.17051555555537523, 0.297225653357679, 0.2339553286502862, 0.5500602872215603, 0.7549510089198601, 0.021108758931710908, 0.5025045527758114, 0.6879267984598896, -0.24639980499973624, 0.10034443056095234], [0.1183738961390349, -0.3775907943602066, 0.46162322232908726, -0.15588310778261097, 0.39742904321027683, -0.5509678127790943, -0.206568204368432, 0.7076636680474917, 0.21245693579989464, 0.7400390409493488, 0.25367589184737405, -0.05975918986095338, 0.20108860903982126, 0.15600688896880133]], "inverted": true, "swapped": true, "error_lsq": 0.03900141321647671, "error_max": 0.2384926976817359, "target": "744.xyz", "model": "0.xyz", "model_rescale": 3.8414455957264533, "target_rescale": 4.236038563526407},
{"mapping": [13, 12, 9, 11, 10, 0, 2, 1, 3, 5, 6, 14, 8, 4, 15], "R": [[0.25789444686462804, -0.6586661665681965, 0.7068587803053341], [-0.5260491404331351, -0.7093835440737165, -0.4690919837803388], [0.8104090054570887, -0.25086623610157366, -0.5294368474693485]], "T": [0.026796227713927694, 0.08630628393845434, -0.08340431976587892], "aligned_model": [[-0.7458767517934782, -0.6660710324871736, 0.11180929943160789, -0.3337894267140308, -0.41290387408529217, 0.32006547662376006, 0.6655244534108737, -0.37019952951169266, 0.7431415830263178, 0.23749950971881678, 0.5802572447668196, -0.4280155806923485, 0.11447971060839246, 0.05125987788782171, 0.004863193314150572], [0.0914045829154883, 0.1666693659768972, -0.5478414493198687, -0.35987948601241054, -0.4389763918121134, -0.5616751985542268, -0.22641903009360398, -0.2114212625769029, 0.3686699677919266, 0.07241635807737727, 0.05695884860472737, 0.558706568858603, 0.7063658052285212, 0.6258483618974282, 0.04621748706117179], [0.12735414510105947, -0.6295412912679053, 0.2966983170484303, -0.6770070270055438, 0.01353309244759901, -0.3646138470549748, 0.06879929275014224, 0.5151532458844432, 0.03937302570666637, 0.5273331395946543, -0.44041060544131644, -0.12858776285933737, -0.3451702966323324, 0.26248727814371464, -0.10021891907576438]], "inverted": true, "swapped": true, "error_lsq": 0.03808573507527836, "error_max": 0.25852304094407913, "target": "744.xyz", "model": "1.xyz", "model_rescale": 4.316132596720782, "target_rescale": 4.236038563526407},
{"mapping": [11, 14, 7, 9, 0, 10, 2, 1, 8, 13, 4, 15], "R": [[0.5876889040604839, 0.5750425165196436, 0.5691641733620829], [-0.7975549149078971, 0.5300826735937926, 0.2879557550421842], [-0.13611726470380203, -0.6231680859530698, 0.7701516908370344]], "T": [0.038795810291452175, 0.05761507580631078, -0.15222563742555734], "aligned_model": [[-0.3189287191494268, 0.5847026900556647, 0.2051525396764846, -0.6117958770387831, -0.641594408364083, -0.4040921205714272, -0.38546980194084524, -0.2030267292095223, 0.6416514554698922, 0.17265825382710193, 0.5548489602633556, 0.003702311613369147], [-0.6630128275824486, -0.10100472875105368, -0.5880530538526925, 0.38359078927256496, -0.16071518520706712, -0.054615246239939165, 0.39518113360154605, 0.44862005259771126, -0.09872047755725766, -0.01696873149780293, 0.43790234814535806, 0.03057235481206161], [0.032697361203513825, 0.17774828581155233, -0.4930806301678436, 0.0037194653500637886, -0.4249282221793693, 0.3673025777485163, -0.6369777956498228, 0.4747954548194275, -0.4220550197967385, 0.633895700743728, -0.1318330291182938, -0.13202568755531244]], "inverted": false, "swapped": true, "error_lsq": 0.0463798829155535, "error_max": 0.25589303944939673, "target": "744.xyz", "model": "2.xyz", "model_rescale": 3.795458400668931, "target_rescale": 4.236038563526407},
{"mapping": [8, 6, 3, 9, 14, 1, 2, 11, 0, 10, 4, 15], "R": [[0.19874796989698362, -0.9783472834337431, 0.057756709217571145], [-0.22952596236959344, 0.010827907502376832, 0.9732423074535098], [-0.9527943519249786, -0.2066865970907049, -0.22240407712747762]], "T": [0.050586736117610845, 0.06560559045717645, -0.029672905089712633], "aligned_model": [[-0.26429558796902364, -0.2063183774470802, -0.6819418927630458, 0.20171790317765537, 0.1368667720928675, 0.28539282027221696, -0.30117437617374654, 0.790227446610994, 0.3047223330039308, 0.6333867249919267, -0.4008861438106668, 0.09560620375753665], [0.039795129133647966, -0.5398479782995333, -0.19626766196042822, 0.0625341155401079, 0.47877620565827983, 0.6315050867434469, -0.331704148045218, -0.281397258837483, -0.5372350932457213, 0.22675156089655518, 0.47922659249700145, 0.053632495209054463], [-0.6303946142228901, -0.07505567796376811, 0.023037645435525632, 0.6990235480769251, -0.5335609401874463, 0.4490152455400718, 0.4676659125910023, -0.14794619662409006, 0.36651374374586254, 0.30652804677065076, -0.22055251880843355, -0.01550276371430994]], "inverted": false, "swapped": true, "error_lsq": 0.045410059525863467, "error_max": 0.25574198018300176, "target": "744.xyz", "model": "3.xyz", "model_rescale": 3.7530521520055578, "target_rescale": 4.236038563526407},
{"mapping": [5, 8, 14, 12, 1, 7, 9, 6, 0, 11, 15], "R": [[-0.27206580076723075, 0.7421126186584744, -0.6125757596254913], [-0.7883233850376429, 0.1931769822201584, 0.5841480070522412], [0.5518391438233412, 0.6418344917252224, 0.5324678812624734]], "T": [-0.133938532660102, -0.15594485733856311, -0.05608038614563393], "aligned_model": [[-0.3919028800612986, -0.2588715471216752, 0.2756074611181275, 0.5906213905755792, 0.23916053287678865, -0.14594411771239382, -0.18870716362649959, -0.6507464051667043, -0.3395147308552842, 0.31544692767112814, -0.10694986525256259], [-0.7472986431641174, 0.11440983656032405, -0.14665656364119534, 0.3315561187370132, -0.786247917728002, 0.5768992622431408, -0.5300601633798754, 0.24532592170531742, 0.14610353945108867, 0.40431199356223346, -0.14114002603158124], [-0.019417832853801664, -0.6659850599629468, -0.5701262599434873, -0.20489091272479576, 0.2047521692719061, -0.20950588424961172, 0.5849240750872166, 0.024698584944481655, 0.6158354158564643, 0.35089983277139847, -0.018353350951507474]], "inverted": true, "swapped": true, "error_lsq": 0.044945043105079914, "error_max": 0.20504243135770187, "target": "744.xyz", "model": "4.xyz", "model_rescale": 3.7855080009869324, "target_rescale": 4.236038563526407},
{"mapping": [2, 11, 0, 5, 7, 4, 3, 9, 10, 1, 12, 14, 15, 13, 8, 16], "R": [[0.8465059860626695, 0.5106468001486837, -0.15055716873659036], [-0.485271001059274, 0.6237968711768694, -0.6126903941150688], [-0.21895129844556266, 0.5917071142109571, 0.7758498694342506]], "T": [-0.008920700346426419, -0.06863816988923241, 0.0537471363936245], "aligned_model": [[-0.05210232992392763, -0.5508275036612409, -0.5077145125787309, -0.05748439475020495, -0.04304825975538226, -0.5984364157567711, 0.16728876366058937, 0.5225105286135988, 0.5589941901644194, -0.7097802101200632, -0.2827664949559088, 0.2616090991196163, 0.7536906750034361, 0.05616447222518656, 0.4255730386233152, 0.016317773116544764], [-0.319675423512382, -0.46799824103263066, 0.2569596461429793, 0.666461017632324, 0.6088975184099996, 0.36764405435098246, 0.16746781115910606, -0.1283722658901865, 0.3878666980669925, -0.21033816852082887, -0.6915919857267847, -0.6312207687427902, -0.3261039159206527, -0.5337170460706824, 0.006195996474260113, -0.10344095783867399], [-0.6397233617092649, 0.47716746939358656, -0.44990420967261213, -0.2814751729927101, 0.37178828568972205, 0.1492972591648087, -0.5752368029138925, -0.41628127329033116, 0.04740231625369363, -0.19489114894681342, 0.05525945854417714, -0.20704367172834282, 0.23109816259119417, 0.6054111628776081, 0.6023133696821813, 0.021520786864236904]], "inverted": false, "swapped": false, "error_lsq": 0.03072109638850601, "error_max": 0.22888209395575118, "target": "744.xyz", "model": "5.xyz", "model_rescale": 4.2253639853439635, "target_rescale": 4.236038563526407},
{"mapping": [13, 9, 3, 4, 5, 6, 8, 14, 0, 10, 2, 7, 12, 15], "R": [[0.42985495997617473, -0.5018402153550157, 0.7505871779056134], [0.07774406813716912, -0.8076495149412738, -0.5845152871265289], [0.8995446477264842, 0.30961049605521584, -0.3081570500233263]], "T": [0.04551899266718003, -0.05261161985014904, 0.0131184272789833], "aligned_model": [[0.7814604846287048, -0.20724849559324254, -0.5974309119024973, 0.1150526086397101, -0.2093072194066662, -0.4715043230200386, 0.11820546589516999, 0.5960293429248412, -0.3619081629030597, 0.3487101120935108, -0.6564937957991567, 0.08047980933755251, 0.7787963480370773, 0.05922088982587804], [-0.07063834173664416, 0.22826196043396166, -0.45033339986667464, -0.6899175832091765, -0.4218927806627427, 0.09950757093913007, -0.4141591520973902, -0.344338351171233, 0.5908061213018884, 0.3761918960089522, 0.02329849949179693, 0.23301272995206276, 0.2928757266323525, -0.007575749381293254], [-0.30237137308523104, -0.6280268084123048, 0.2038721966062293, 0.03186160975626595, -0.4519450880210407, 0.3928295019121451, 0.5829286485767644, 0.22262074774371676, -0.05746751694831964, -0.4372787538183765, -0.16110128059746567, 0.7044508315854705, 0.37051410489262265, 0.0006713887409722057]], "inverted": false, "swapped": true, "error_lsq": 0.03315434558751422, "error_max": 0.23265242072762068, "target": "744.xyz", "model": "6.xyz", "model_rescale": 3.89814844738969, "target_rescale": 4.236038563526407},
{"mapping": [14, 12, 13, 8, 1, 11, 7, 4, 6, 0, 10, 2, 15], "R": [[0.563461759120275, 0.03326455224014127, -0.8254721773466072], [0.30825475357332854, 0.9185630825709962, 0.24742851540822094], [0.7664788665765887, -0.3938722291580515, 0.5073212140148838]], "T": [-0.018618051492990832, -0.008578802940578653, 0.10027129449276136], "aligned_model": [[0.1823868394325322, -0.17794450836423967, 0.5238125681890953, -0.2490299656531259, 0.6739409928233194, -0.4082389241672704, -0.6808791664003351, 0.3126190667733548, -0.5912984768107343, -0.44606479478744293, 0.2341965085712991, -0.1987604197890499, -0.02610791891318051], [-0.2833191331956371, 0.2205989759263779, 0.23407940648821468, -0.5866592084835359, 0.3406468342856913, 0.5989933752800679, -0.09282593780478625, -0.5574520041052212, -0.13550203559775942, 0.5224980936031044, 0.6232013751845307, 0.04125695907654771, 0.03826456481289065], [-0.46202056792707186, -0.7404911467884637, -0.436715365168817, -0.17068446628779876, 0.154325961692018, -0.30037762083947356, -0.23892873070658555, 0.08115841667557024, 0.4012056408864565, 0.44698769712206227, -0.0246027844839055, 0.8031240045040445, 0.08929399215826038]], "inverted": true, "swapped": true, "error_lsq": 0.04912661424981727, "error_max": 0.268328409015887, "target": "744.xyz", "model": "7.xyz", "model_rescale": 3.7474275329858107, "target_rescale": 4.236038563526407},
{"mapping": [6, 7, 8, 3, 14, 5, 2, 9, 4, 1, 0, 10, 11, 12, 15], "R": [[-0.6818599564507272, 0.05331601026359345, -0.72953711546335], [-0.3900115287699001, 0.8172534248071214, 0.4242497461019825], [0.6188360099538314, 0.5738067990975739, -0.5364585259773755]], "T": [0.030267338738980035, -0.11712413988535544, 0.02199360211293705], "aligned_model": [[-0.327202349597681, 0.22344269339527323, 0.42475180280250724, -0.32509399438854336, 0.682118391725206, -0.24180922216783085, -0.6685800606792595, -0.5203150682985273, 0.3080935638475895, 0.013751227652091538, -0.5619675076716532, -0.0159579113649244, 0.1031040257295661, 0.6851738899662132, 0.022644241388719132], [-0.021689931054438283, 0.31795576753438826, -0.30731034969553495, -0.6134785097612806, -0.20021758308483303, -0.6360133111011399, -0.2677710988581695, -0.06564425492056782, -0.6928273758146667, -0.25811690367425266, 0.3648358818145563, 0.2609436202668144, 0.7036930840448752, 0.4789145292063002, -0.07415560292245782], [-0.5236634248508585, -0.5560485915541229, -0.4965571118682219, -0.4630887177268255, 0.03758328479759304, 0.2946058181897959, -0.11162755669042165, 0.5200472327367205, -0.030193506975324913, 0.7864324428583374, -0.02202998733296141, 0.5995599843054251, 0.07120570891451342, 0.046977015846902614, 0.04359206504571014]], "inverted": true, "swapped": true, "error_lsq": 0.03245197951987182, "error_max": 0.1921938791448234, "target": "744.xyz", "model": "8.xyz", "model_rescale": 4.019505241142653, "target_rescale": 4.236038563526407},
{"mapping": [10, 9, 0, 11, 12, 7, 6, 13, 14, 4, 2, 8, 15], "R": [[0.9610158855711584, 0.09412077202107144, -0.25998028377944243], [-0.24569435332834616, 0.7219708138895988, -0.6468326125313687], [0.12681779221563397, 0.6854921036494493, 0.7169503632831247]], "T": [-0.06221599781907687, 0.014200530699530159, 0.11573542317831864], "aligned_model": [[-0.38441647831314785, -0.6873575872042079, -0.10356944816241574, 0.26758776102297294, 0.46303202103946767, 0.6599572861837673, 0.24216974394940816, -0.24649013677362097, 0.19181829028868685, -0.12810992916275377, -0.34027461731338965, 0.45056561122321553, -0.06521174503680618], [-0.461882939285186, 0.06283785859299945, 0.2442061067983214, -0.40287304286262765, -0.6902208756928796, 0.056394915527393216, 0.5496960935315208, -0.7471082681983995, -0.40300573657446864, 0.09451935570504146, 0.6313436813525491, 0.14094001784378601, -0.01146893862399112], [-0.2692143278662399, -0.28511490802916584, -0.6125179526160338, -0.5157287835807743, 0.0030684015792008523, -0.0777313773532696, -0.11927027838008902, 0.28283003966709874, 0.5555795601189885, 0.7486271972869561, -0.15026183945482818, 0.5419698112633577, 0.07446795140867793]], "inverted": false, "swapped": true, "error_lsq": 0.04900891187796553, "error_max": 0.3160333287969056, "target": "744.xyz", "model": "9.xyz", "model_rescale": 3.877068213659057, "target_rescale": 4.236038563526407},
{"mapping": [12, 9, 0, 1, 7, 8, 5, 3, 4, 11, 10, 6, 13, 14, 2, 15], "R": [[-0.1363547035806005, 0.8023011078205055, -0.5811370984556367], [0.5246211476864183, 0.5560871342778966, 0.6446237278372415], [0.8403451946739696, -0.21697933422468235, -0.4967292243343266]], "T": [0.046545006441774846, -0.1022422310131236, 0.0008098240488631902], "aligned_model": [[-0.13410424271759652, -0.31153970914447715, -0.4976048869501891, -0.06990010806297586, 0.03608223497576583, -0.5658397225036883, 0.16710469687528057, 0.5611174034648908, 0.5285258251887335, -0.6380320062596759, -0.28512516029432167, 0.27275613207938243, 0.6375020362358697, 0.06895841187815516, 0.2042415072797238, -0.014153993020400372], [-0.3264286539473512, -0.23345962354136574, 0.16890433642571576, 0.7000480478637737, 0.6428344592766646, 0.2778725718210975, 0.302784426569472, -0.06887190465996881, 0.36586905655456803, -0.29996073771791765, -0.7241862478396858, -0.6130244756046531, -0.45918220007610533, -0.652208405316666, 0.04359141807819977, -0.0755480989047452], [-0.688611318841055, 0.5395144149530575, -0.5131419909313344, -0.3085078992245379, 0.33403321070843356, 0.2761652602196254, -0.6567722696341824, -0.3691401891545338, 0.08240021905158586, -0.19132810050245505, 0.08075555495908106, -0.26040771053228473, 0.3486634475543979, 0.5544851738859816, 0.6286790129454681, -0.06008418565000554]], "inverted": true, "swapped": false, "error_lsq": 0.03429773460902467, "error_max": 0.2578421377608237, "target": "744.xyz", "model": "10.xyz", "model_rescale": 4.260839863003843, "target_rescale": 4.236038563526407},
{"mapping": [5, 6, 7, 8, 12, 14, 1, 9, 0, 11, 10, 15], "R": [[0.9494192006626906, 0.003917303362482943, 0.31398699996557916], [0.2649076329182154, 0.5269004491793209, -0.8075889193620097], [-0.16860346210765176, 0.8499179792126984, 0.49921167972746533]], "T": [0.025153885133811428, -0.02790524506330052, -0.20286798860988894], "aligned_model": [[0.4997723764100218, 0.08615099342210586, -0.4894187469300785, -0.4945114913191857, -0.6775645376149741, -0.5200137850461493, 0.39469016261290923, 0.7054000765719429, 0.4128192620925226, -0.20990038779046757, 0.22059017369368036, 0.030884552991803253], [0.10646829005024033, -0.6762739374034418, -0.47018264055396347, -0.3191897531118985, 0.27138400024452597, 0.2720079693345542, 0.6546655527758972, 0.17891081166715736, -0.3334776745261358, 0.035584961978134495, 0.4656450699624044, -0.012464144884540116], [-0.6203246787634918, -0.10024611499971528, 0.11391227105794524, -0.5281138366182387, 0.24590993289164167, -0.41476803346194846, -0.24823899444500747, 0.016997475219964003, 0.38134661075180776, 0.585919949886903, 0.2408297401475811, -0.15704624427193634]], "inverted": true, "swapped": true, "error_lsq": 0.04985503214892789, "error_max": 0.24893968521297366, "target": "744.xyz", "model": "11.xyz", "model_rescale": 3.890672605050136, "target_rescale": 4.236038563526407},
{"mapping": [2, 9, 1, 3, 5, 7, 0, 8, 6, 11, 13, 10, 14, 15], "R": [[-0.5446156813862371, 0.7311662309807938, 0.4108402393407268], [-0.3403470248070135, -0.6403899334950056, 0.6885235186856559], [0.7665230996475053, 0.23515245214882016, 0.5976166513369402]], "T": [0.1314275068060078, -0.020739078318708196, 0.18699360579545554], "aligned_model": [[0.33857922426990184, 0.21032971844045922, 0.3774265742454438, 0.592390572671238, 0.7098279934622553, -0.39786825915379875, -0.2835053103383439, 0.20348755224418885, 0.0018019356839485412, -0.6777358841457729, 0.05486507420247455, -0.1559400022447569, 0.1432599039701308, 0.09295674148632488], [-0.3748920684702823, 0.2886252334342134, 0.6846063298976707, -0.6373897995228276, 0.10361287009550628, -0.466740921935446, -0.19523127730906054, -0.41070066387631393, -0.6371221909066918, 0.12891981850174522, 0.7129260708439729, 0.549648056184736, 0.18425404477468244, 0.0016370181158598014], [-0.41350671353818447, -0.48525392903495834, -0.028623639649883015, 0.06366828582915555, -0.07296507806723407, 0.472777385555394, -0.43135005431263507, 0.7378301890038195, -0.007693135399958695, 0.12123076770246072, 0.49899088021353466, -0.07896383889725195, 0.8114094669408729, 0.167239849011729]], "inverted": false, "swapped": true, "error_lsq": 0.041467873118991354, "error_max": 0.30596116278598107, "target": "744.xyz", "model": "12.xyz", "model_rescale": 4.124412569039231, "target_rescale": 4.236038563526407},
{"mapping": [6, 0, 11, 2, 7, 8, 9, 4, 10, 5, 14, 13, 15], "R": [[0.8224603801645108, -0.30027937578553643, 0.4831058057377252], [-0.3554000176765415, -0.9343993448875634, 0.024262969917264968], [0.4441280789312494, -0.19165114336090122, -0.8752257358837758]], "T": [0.1105664581839289, 0.046832076407384245, -0.0542204486132987], "aligned_model": [[-0.14485392498229405, -0.26226798090272774, 0.47092868193498405, -0.5829022550474909, 0.49203159661434565, 0.4486327156475947, -0.4210691776906617, 0.16482951118032443, 0.15941431445019263, -0.3508206661393319, 0.685080171320392, 0.59096562619084, 0.11732969493359059], [-0.2516833510966284, 0.4127825789304606, 0.5765360362273421, -0.026378084714058718, -0.1640587422652666, -0.5378690371612818, 0.5577886915648085, -0.3957800031702203, 0.7315403108779556, -0.014915578396319476, -0.10621090825012514, 0.47454269368016305, 0.09119077028164801], [0.4751969904411559, 0.5043852826334836, 0.46637604789085113, 0.15236663733128822, 0.5546748066714062, 0.013006354939238733, -0.1548955327593896, -0.515192453906536, -0.14049588798598212, -0.5024371328065262, -0.3345224144527835, -0.5314509208976925, -0.03531369613067482]], "inverted": false, "swapped": true, "error_lsq": 0.04879053268130588, "error_max": 0.27058246210289527, "target": "744.xyz", "model": "13.xyz", "model_rescale": 3.9028299243045295, "target_rescale": 4.236038563526407},
{"mapping": [3, 11, 2, 8, 12, 1, 0, 4, 5, 6, 9, 7, 10, 14, 13, 15], "R": [[0.43276420398858084, -0.608967058496195, 0.6647362374751522], [0.7798605412885304, -0.1170214532766641, -0.6149174868339475], [0.4522528937301457, 0.784515838679825, 0.4242666837888643]], "T": [-0.02583995596773473, -0.005915798311283582, -0.058869146382695955], "aligned_model": [[-0.07187843214376688, -0.43852727777764705, -0.48222351521606743, 0.09518812036991978, -0.1264630892062133, -0.6613456572350093, 0.19126326386658674, 0.5331963361935699, 0.38579447882976203, -0.5091044383481651, -0.23470873447441018, 0.21932434923256866, 0.5516569543721815, 0.11544062390140222, 0.429374958336015, -0.03699952167625004], [-0.21876190430609915, -0.15681535512048447, 0.4400337578365789, 0.7489835102078988, 0.44120328729544006, -0.0008944026062235599, 0.35381126708594784, -0.11484164225709735, 0.2828920632384924, -0.41408272089674986, -0.7092798629049402, -0.8648408257348594, -0.42152255045467846, -0.3900457285467223, 0.19131718529531516, -0.1181221091507856], [-0.6430492890719041, 0.5350796616050587, -0.4262828230131835, -0.16835155726632162, 0.4647717585362808, 0.07643068726379788, -0.7734872539079635, -0.4262611147896567, 0.03730228831151783, -0.26925799025499275, 0.1911274185278684, -0.20976718002870542, 0.1627633155213396, 0.7256910152570026, 0.5628461290998217, -0.042852435982718186]], "inverted": false, "swapped": false, "error_lsq": 0.04923523087114315, "error_max": 0.3153552022107614, "target": "744.xyz", "model": "14.xyz", "model_rescale": 3.942246331269136, "target_rescale": 4.236038563526407},
{"mapping": [4, 1, 5, 10, 11, 9, 6, 3, 8, 2, 0, 7, 13, 12, 15], "R": [[-0.24241889892465118, -0.6150531043442092, -0.7502951127927671], [0.05626950106465545, 0.7631477343173702, -0.6437695852214512], [0.9685384972700333, -0.198280645658662, -0.150392702160343]], "T": [-0.1516535498618336, 0.026809532916286745, -0.03094270005555052], "aligned_model": [[-0.7639839433602857, -0.16606682784841736, -0.31622783171829455, 0.21241892627213133, 0.40002810574551934, 0.3100908992333081, 0.10590120060009717, -0.3193356847791088, -0.6100892231951203, 0.20061945466224057, 0.5966742510291325, -0.024993813721775615, -0.37623122045675234, -0.16142194919674221, -0.11308830673372262], [0.1275636147161715, -0.5444317695067673, 0.10272237395669925, -0.5481076453862589, -0.3175639269378947, -0.137693324124292, 0.610553538101735, 0.7544774149049185, 0.32733643545582636, 0.5154652420521257, 0.18396175189048375, 0.2655425507864171, -0.7417014886727819, -0.49859798333517513, -0.0013820940195565547], [-0.19294648325601432, -0.5581941717748163, -0.6512181176490742, -0.1557481529287663, 0.4775080847236008, -0.5909243588873786, 0.13501616320340545, -0.2553003381024561, 0.3693121487911129, -0.438442560440652, -0.04750575330315986, 0.6674181511996832, -0.010343282766071486, 0.682247581072569, -0.021516429521466]], "inverted": false, "swapped": true, "error_lsq": 0.0368140121719736, "error_max": 0.21416753828299476, "target": "744.xyz", "model": "15.xyz", "model_rescale": 4.355366556412066, "target_rescale": 4.236038563526407},
{"mapping": [11, 14, 7, 9, 0, 10, 2, 1, 8, 13, 4, 15], "R": [[0.5876889040604839, 0.5750425165196436, 0.5691641733620829], [-0.7975549149078971, 0.5300826735937926, 0.2879557550421842], [-0.13611726470380203, -0.6231680859530698, 0.7701516908370344]], "T": [0.038795810291452175, 0.05761507580631078, -0.15222563742555734], "aligned_model": [[-0.3189287191494268, 0.5847026900556647, 0.2051525396764846, -0.6117958770387831, -0.641594408364083, -0.4040921205714272, -0.38546980194084524, -0.2030267292095223, 0.6416514554698922, 0.17265825382710193, 0.5548489602633556, 0.003702311613369147], [-0.6630128275824486, -0.10100472875105368, -0.5880530538526925, 0.38359078927256496, -0.16071518520706712, -0.054615246239939165, 0.39518113360154605, 0.44862005259771126, -0.09872047755725766, -0.01696873149780293, 0.43790234814535806, 0.03057235481206161], [0.032697361203513825, 0.17774828581155233, -0.4930806301678436, 0.0037194653500637886, -0.4249282221793693, 0.3673025777485163, -0.6369777956498228, 0.4747954548194275, -0.4220550197967385, 0.633895700743728, -0.1318330291182938, -0.13202568755531244]], "inverted": false, "swapped": true, "error_lsq": 0.0463798829155535, "error_max": 0.25589303944939673, "target": "744.xyz", "model": "16.xyz", "model_rescale": 3.795458400668931, "target_rescale": 4.236038563526407},
{"mapping": [14, 12, 13, 8, 1, 11, 7, 4, 6, 0, 10, 2, 15], "R": [[0.563461759120275, 0.03326455224014127, -0.8254721773466072], [0.30825475357332854, 0.9185630825709962, 0.24742851540822094], [0.7664788665765887, -0.3938722291580515, 0.5073212140148838]], "T": [-0.018618051492990832, -0.008578802940578653, 0.10027129449276136], "aligned_model": [[0.1823868394325322, -0.17794450836423967, 0.5238125681890953, -0.2490299656531259, 0.6739409928233194, -0.4082389241672704, -0.6808791664003351, 0.3126190667733548, -0.5912984768107343, -0.44606479478744293, 0.2341965085712991, -0.1987604197890499, -0.02610791891318051], [-0.2833191331956371, 0.2205989759263779, 0.23407940648821468, -0.5866592084835359, 0.3406468342856913, 0.5989933752800679, -0.09282593780478625, -0.5574520041052212, -0.13550203559775942, 0.5224980936031044, 0.6232013751845307, 0.04125695907654771, 0.03826456481289065], [-0.46202056792707186, -0.7404911467884637, -0.436715365168817, -0.17068446628779876, 0.154325961692018, -0.30037762083947356, -0.23892873070658555, 0.08115841667557024, 0.4012056408864565, 0.44698769712206227, -0.0246027844839055, 0.8031240045040445, 0.08929399215826038]], "inverted": true, "swapped": true, "error_lsq": 0.04912661424981727, "error_max": 0.268328409015887, "target": "744.xyz", "model": "17.xyz", "model_rescale": 3.7474275329858107, "target_rescale": 4.236038563526407},
{"mapping": [2, 4, 5, 8, 0, 11, 9, 13, 6, 10, 7, 14, 12, 15], "R": [[0.994000989327102, 0.04046080414446067, -0.10161179333485809], [-0.10454009403382694, 0.07840900983708173, -0.9914249320628199], [-0.03214656989697258, 0.9960998697441699, 0.08216840962016388]], "T": [0.07342633577205866, -0.03293791616852878, -0.07505291960768323], "aligned_model": [[0.4611058092626766, 0.09912596534161013, 0.6323247018463637, -0.4474878211587969, 0.20746136769940193, -0.2627374356907278, 0.7291947146950748, 0.12784858332997195, -0.12757625541440376, 0.3510345550349847, -0.6162996175602775, -0.2748020468923483, -0.5402316977876134, 0.07588682517696073], [-0.6120044121817064, 0.34402997414514386, 0.05320731005451137, 0.07662786509939906, -0.6807122476188234, -0.20873694064902562, -0.23388573131917104, 0.6602789498279613, -0.6280607429004884, 0.10656588297182976, -0.31206940050433984, 0.5219457788783809, 0.31475471214359835, -0.04153275643603643], [-0.283195724024274, -0.5932998301484183, -0.38778389625161985, -0.49615553233287624, 0.3088594115019939, 0.6581295619586494, 0.21380066486652383, 0.32238544302875033, -0.2752044542222115, 0.5431115386683, 0.009254523116376923, -0.12889000966856995, 0.46097181015745026, -0.02718878798841931]], "inverted": true, "swapped": true, "error_lsq": 0.048983678301741475, "error_max": 0.3156237115191207, "target": "744.xyz", "model": "18.xyz", "model_rescale": 3.922800546911778, "target_rescale": 4.236038563526407},
{"mapping": [12, 11, 10, 14, 2, 7, 0, 4, 6, 1, 9, 5, 8, 3, 15], "R": [[-0.8722606501348785, -0.09228934113387433, 0.4802541366186813], [0.47966447219242414, 0.02993057430799123, 0.8769413633977801], [-0.09530662276380819, 0.9952822907269423, 0.018160655899167655]], "T": [0.09350957888660791, 0.10159031811012481, 0.02984847818450338], "aligned_model": [[-0.32133281137203173, -0.2666498053336075, 0.41859906875260244, -0.010405318529979696, 0.21781851287101664, -0.648147926147297, -0.02790698885286294, 0.25232403676036946, -0.32961273159990656, 0.8135848223279321, 0.6247759988244477, 0.633596738074945, -0.3528193552417831, -0.0013439784528408438, 0.09357057480661435], [0.6128063166229216, 0.007690525850634733, 0.06814563806565084, 0.7506170661464289, -0.5623110381352769, 0.10650497218940602, -0.5778751235101287, 0.48216108484589687, -0.3487962642197932, 0.23476108836994308, -0.3627165563394756, -0.009709905450306311, 0.44106943599125475, -0.21334793384253686, 0.08861219844995938], [-0.5629017651421155, -0.7069934156433955, -0.5799491995807997, 0.025018548938176132, 0.29951324434523385, -0.07341822772087819, -0.2996213731977846, 0.5210602258544669, 0.25952933109869536, -0.23144766097136377, -0.20684478715697027, 0.36675672692514666, 0.41224623032523416, 0.7367932389086189, -0.0170819498189359]], "inverted": false, "swapped": true, "error_lsq": 0.03301156550797272, "error_max": 0.2023418239150598, "target": "744.xyz", "model": "19.xyz", "model_rescale": 3.9282355846067225, "target_rescale": 4.236038563526407},
{"mapping": [2, 3, 4, 6, 0, 8, 7, 14, 11, 10, 5, 9, 13, 15], "R": [[-0.3888721369822537, -0.14095135841776824, -0.9104455918060352], [-0.5480490469371574, 0.829750217413408, 0.10562584368267125], [0.7405543215930412, 0.5400437864308675, -0.399914997852397]], "T": [0.030592045338129183, -0.11132120468563442, 0.04289528465309539], "aligned_model": [[-0.5832430464592468, -0.2043340340045573, 0.4793675198100644, -0.42338546156596646, -0.691286118646878, 0.3742292841560246, -0.039983558292737, 0.663164391391907, -0.18116011084969688, -0.04787309925640689, 0.00677512805918918, -0.41184673546350303, 0.5799591126073803, 0.012139547599103188], [-0.5013766711971283, -0.7363285511294297, -0.5600540764145767, -0.18759876497843253, 0.13470554962433615, -0.19663378358828204, 0.3156382076539602, 0.03429810716243037, 0.6862962880923639, 0.2734263838624509, -0.6682038810520761, -0.21078674703913916, 0.21143790385460284, -0.07193787742624383], [0.04304062547136667, -0.35975810069736036, -0.04975731873696718, -0.42903692911343844, 0.10058761319895432, -0.5361719322901639, -0.568225624441947, -0.060567736823761514, 0.06375886757863823, 0.6125157241062089, 0.36985627096261586, 0.6329826642841325, 0.5281694748596975, 0.06478955888570723]], "inverted": true, "swapped": true, "error_lsq": 0.03881351438984308, "error_max": 0.26006986630735995, "target": "744.xyz", "model": "20.xyz", "model_rescale": 4.067790424073018, "target_rescale": 4.236038563526407},
{"mapping": [4, 9, 14, 8, 13, 10, 12, 5, 1, 2, 0, 7, 6, 11, 15], "R": [[0.16566529190100887, -0.7605251395498772, 0.6278188617523316], [0.932207277796626, 0.3284883276919882, 0.15193751937268551], [-0.32178347111428485, 0.5600865385659262, 0.7633861847288577]], "T": [0.1405619850080504, 0.00019047880758923594, -0.049417196263810824], "aligned_model": [[0.24734546659075468, 0.12161461188687071, -0.23363465389877158, 0.3269432151665945, -0.6231458091963327, -0.3772419035698412, -0.5269037435926837, 0.3419402865794384, -0.3028380321738191, 0.7207831943596541, 0.3299269928215367, 0.22746086841965804, 0.6850583294818405, -0.2815648141076065, 0.1126999451402224], [-0.22037649570729712, 0.740568818555811, -0.4617778815521136, -0.6361632214255728, 0.019474649031675183, 0.41727472633368595, -0.4783992599799324, 0.4008605124403269, 0.5393244023088043, 0.4228651113037211, 0.38702894777233376, -0.5492668335852395, -0.1153072422923081, -0.04441180374723236, 0.019200710471185094], [-0.6421166305363565, 0.023586197877889938, -0.32980882104174497, -0.1943297043642847, -0.28993160804951634, 0.14182818091370455, 0.28259217096170297, -0.5147121039935012, -0.39183436858398124, 0.06731459573891505, 0.5826132974566403, 0.4518704128651695, 0.30387852214368827, 0.6585994217526128, -0.014299989519797045]], "inverted": true, "swapped": true, "error_lsq": 0.04217347627836822, "error_max": 0.3093078903276721, "target": "744.xyz", "model": "21.xyz", "model_rescale": 4.186013935880536, "target_rescale": 4.236038563526407},
{"mapping": [7, 8, 12, 0, 2, 11, 6, 3, 13, 4, 5, 10, 15], "R": [[0.12352883707934761, -0.9905743581781334, -0.05918671582208157], [-0.07641993150179027, -0.06896239504319648, 0.9946879823035807], [-0.9893940673357033, -0.11834960494182459, -0.0842184690612954]], "T": [-0.034366878301289996, 0.04393858030815278, 0.055931065106916436], "aligned_model": [[0.10185360879459572, -0.40388119927648425, 0.5648081996557403, 0.3152764181029474, -0.294453147395216, 0.7197659780208411, -0.2347804482020181, -0.7291592782232823, 0.3785892677269902, -0.5405583190495983, -0.39254312717615836, 0.5608645641989031, 0.01279151824596475], [-0.3559441605246871, 0.06455722339490505, 0.2672648902076959, -0.5750433042874846, -0.45267859229995, -0.2007842659036581, -0.5744540930233394, -0.30142389769327244, 0.7293986548120122, 0.42736715932041436, 0.23401805745528526, 0.22149329986761052, 0.03518568822056172], [-0.5623583441714245, -0.5130308562123593, -0.5571785842353063, 0.33802439021355296, 0.5192488011163222, -0.17398694872749232, -0.0538813200745262, 0.13301851154002184, 0.02306217183358722, -0.03405711012938921, 0.5590897025798495, 0.3606092269004195, 0.06431992070209065]], "inverted": false, "swapped": true, "error_lsq": 0.050452774826963136, "error_max": 0.31823439964465244, "target": "744.xyz", "model": "22.xyz", "model_rescale": 4.166573947596378, "target_rescale": 4.236038563526407},
{"mapping": [8, 13, 9, 11, 12, 14, 3, 4, 2, 10, 7, 0, 1, 5, 6, 15], "R": [[0.07768304804038323, 0.11088176647223336, 0.9907929036439214], [-0.9927502985268994, 0.10002835295674978, 0.06664212916400467], [-0.09171798526956154, -0.9887869145921973, 0.11784841411463925]], "T": [-0.019141943398566716, 0.02000587476382687, -0.06024468512411831], "aligned_model": [[-0.08970498041610017, -0.5265997220642686, -0.39540062950727045, 0.00563850401547869, -0.15161988781169677, -0.7189431988379715, 0.2518367365881478, 0.5099175885461291, 0.613738584192107, -0.657895318386829, -0.21747445505222862, 0.3558679314432989, 0.5544718095212725, 0.022270269149343172, 0.38065326838529273, 0.02323191925977222], [-0.3544094444690163, -0.33985636030996386, 0.2685036571182525, 0.7933384620329015, 0.5355284821805827, 0.23156630290485727, 0.3120366299936006, -0.2235495428687066, 0.24250850233061916, -0.36134787433426097, -0.6641271395210155, -0.6992006959127833, -0.29078205827497, -0.5557736932661081, 0.17210971652705603, -0.0175109751500123], [-0.7736261866727752, 0.5140365295565568, -0.456637696635142, -0.21333278498848593, 0.32194295297465375, 0.24224192838210387, -0.5104837827252152, -0.5081624047612134, -0.007670378552224237, 0.02638485426064075, 0.003126295907434025, -0.15440022295749722, 0.22694372690852524, 0.5379399844324442, 0.5691485480158873, -0.020748733338450752]], "inverted": true, "swapped": false, "error_lsq": 0.04381160451111885, "error_max": 0.2862916109346593, "target": "744.xyz", "model": "23.xyz", "model_rescale": 4.274766983524099, "target_rescale": 4.236038563526407},
{"mapping": [5, 4, 13, 10, 12, 11, 0, 7, 6, 8, 15], "R": [[-0.21789341645191357, 0.9243543294044037, -0.3131956780963755], [0.53772698783609, 0.3815075765554195, 0.7518654504520983], [0.8144766083931685, -0.004587236874881051, -0.5801782585018291]], "T": [0.07346815316520117, 0.0756859370621215, -0.07631411029807478], "aligned_model": [[0.4029628503187538, 0.3917629669387312, -0.5582930767658604, -0.4998250111526833, -0.6415480107017716, -0.5660807174926945, 0.009768591278566274, 0.00904415103595009, 0.4658693268945766, 0.33208975606221275, 0.034143877542293574], [0.01026412297536812, 0.5744319103226581, 0.41616538937742364, -0.21053362001742104, 0.40704816650541203, -0.21204043110355836, -0.6506601644944632, 0.15109741826842427, -0.2034318901503569, 0.5856765811810161, 0.047569048378980475], [-0.6283487814406616, -0.3238741782691513, -0.43187022026307625, -0.3372130250986997, 0.32833365648438684, 0.3591841200433843, 0.1546173921365412, 0.6659167686057241, 0.3739618215011438, 0.28934698851610696, -0.07048810819412055]], "inverted": false, "swapped": true, "error_lsq": 0.04995942852356843, "error_max": 0.22663576642104352, "target": "744.xyz", "model": "24.xyz", "model_rescale": 3.7841303162186577, "target_rescale": 4.236038563526407},
{"mapping": [2, 14, 5, 3, 11, 13, 4, 1, 6, 12, 9, 8, 0, 10, 7, 15], "R": [[-0.47299969034920425, 0.3234113911307347, 0.8195586403769046], [-0.7644061098668585, 0.31192222307671896, -0.5642586516386738], [-0.4381262285321133, -0.8933697996002332, 0.09967852845255037]], "T": [0.054861717463479565, -0.11883103141128157, 0.04071419238823861], "aligned_model": [[-0.17180004898747264, -0.6142731626822331, -0.4198183153080612, -0.19991334778552805, -0.00393604849973489, -0.5553860251776874, 0.23224627552228283, 0.667443050135784, 0.38083783478825, -0.6699420395589035, -0.3237508506350196, 0.3164912842349784, 0.7282719830286329, 0.029195900965051536, 0.4911629152449025, 0.0731590137392345], [-0.42379409248940414, -0.3674185781182367, 0.14561803469335768, 0.601519383757706, 0.43076646813384056, 0.3011728504753335, 0.20586768673706, -0.251931637678621, 0.5213350287112499, -0.10385960746227521, -0.5638679900545226, -0.5478705880764324, -0.37695140241694935, -0.4708352703527737, 0.001858086556263655, -0.05257440343456314], [-0.610757221362524, 0.3867802353701556, -0.6478236085842837, -0.21460293027763863, 0.5735490452030396, 0.2920992139638592, -0.6072131213233091, -0.35936671602391523, -0.03644433691404934, -0.18201271819805162, 0.013597089933196447, -0.27062615553729424, 0.1863934210207363, 0.7340318590518603, 0.5074914001854607, 0.03160717329999919]], "inverted": true, "swapped": false, "error_lsq": 0.03738708075870861, "error_max": 0.2179777662160622, "target": "744.xyz", "model": "25.xyz", "model_rescale": 4.19342608120988, "target_rescale": 4.236038563526407},
{"mapping": [11, 14, 7, 9, 0, 10, 2, 1, 8, 13, 4, 15], "R": [[0.5876889040604839, 0.5750425165196436, 0.5691641733620829], [-0.7975549149078971, 0.5300826735937926, 0.2879557550421842], [-0.13611726470380203, -0.6231680859530698, 0.7701516908370344]], "T": [0.038795810291452175, 0.05761507580631078, -0.15222563742555734], "aligned_model": [[-0.3189287191494268, 0.5847026900556647, 0.2051525396764846, -0.6117958770387831, -0.641594408364083, -0.4040921205714272, -0.38546980194084524, -0.2030267292095223, 0.6416514554698922, 0.17265825382710193, 0.5548489602633556, 0.003702311613369147], [-0.6630128275824486, -0.10100472875105368, -0.5880530538526925, 0.38359078927256496, -0.16071518520706712, -0.054615246239939165, 0.39518113360154605, 0.44862005259771126, -0.09872047755725766, -0.01696873149780293, 0.43790234814535806, 0.03057235481206161], [0.032697361203513825, 0.17774828581155233, -0.4930806301678436, 0.0037194653500637886, -0.4249282221793693, 0.3673025777485163, -0.6369777956498228, 0.4747954548194275, -0.4220550197967385, 0.633895700743728, -0.1318330291182938, -0.13202568755531244]], "inverted": false, "swapped": true, "error_lsq": 0.0463798829155535, "error_max": 0.25589303944939673, "target": "744.xyz", "model": "26.xyz", "model_rescale": 3.795458400668931, "target_rescale": 4.236038563526407},
