[{"mapping": [11, 10, 8, 3, 0, 6, 2, 4, 1, 9, 7, 12, 13, 15], "R": [[0.5890580200598982, 0.6353546997374677, 0.49933461178314614], [0.3101694372232758, 0.39282094970441195, -0.8657289539376172], [-0.7461940560040059, 0.6648429190379006, 0.034326721216196045]], "T": [0.05400537075803708, 0.10958712136887871, 0.1573363003366324], "aligned_model": [[0.10873303748587876, 0.31043885635057616, -0.5788474157174733, -0.4137919859423957, -0.652126466949123, -0.17124827960421207, -0.7655688783262689, -0.07617544262421846, -0.3718646980309965, 0.26237916789927584, 0.5602292028245176, 0.4309534013570882, 0.7379626743793909, -0.009581071973735901], [-0.6155169589799662, -0.2916592646928653, -0.40118904671230726, -0.1895054352029173, 0.21848054339719664, 0.1758674891191466, 0.1482298118233995, 0.5191387012743186, 0.6190820053177657, 0.0037583917064773348, 0.5183980478396257, 0.6320261545329222, -0.23193655611497976, 0.13009944850221772], [0.1655767338908092, -0.33685382532565167, 0.3796792455318932, -0.27394888559644637, 0.606610650801098, -0.6956661824235191, -0.010555832102390805, 0.5924281810849086, 0.11020847055346962, 0.625117770137742, 0.4870725127473782, -0.06051374053112615, 0.1901366160591116, 0.1182963723525573]], "inverted": false, "swapped": true, "error_lsq": 0.03647233962472033, "error_max": 0.23166990760116393, "target": "745.xyz", "model": "0.xyz", "model_rescale": 3.8414455957264533, "target_rescale": 4.202614838410729},
{"mapping": [3, 8, 13, 9, 11, 9, 7, 10, 5, 14, 4, 2, 1, 6, 15], "R": [[-0.4379636568891473, -0.7482239548288281, 0.49834601299156905], [-0.08672221674572389, 0.5869161034312573, 0.8049899034495882], [-0.8948000292618418, 0.3093386509206011, -0.3219355629308908]], "T": [0.03147853297112981, -0.0360639586959839, -0.11057861810901531], "aligned_model": [[-0.5189799999588739, -0.6808978648569151, 0.0737960031162789, 0.11312599580255309, -0.5651938858891117, 0.11312599580255309, 0.6794529624680052, -0.26569941562365385, 0.49354052247817853, 0.2825407630664001, 0.3879084641014644, -0.35813072250818445, 0.2566685276242619, -0.15155298122316624, 0.012339789104754532], [0.3631061860739456, 0.06274738774852094, -0.7153789717665038, -0.4648080958446832, -0.4373075470832839, -0.4648080958446832, -0.3599251868460247, -0.18110623797503927, 0.6070065446814711, 0.07369079548790633, 0.05021427693420506, 0.6572002571912132, 0.5462193561495144, 0.5712791062947312, 0.038914752841725325], [0.06818445130633269, -0.5505644294018153, 0.23906723258579693, -0.39859080451804685, -0.0018378394713308571, -0.39859080451804685, -0.19635714192630277, 0.490777082997564, 0.2747715908169315, 0.557669854276079, -0.5999642081297536, -0.37320445544752684, -0.3416781468000043, 0.5061704361789006, -0.11067103060924244]], "inverted": true, "swapped": true, "error_lsq": 0.050931241347113236, "error_max": 0.47587078702737784, "target": "745.xyz", "model": "1.xyz", "model_rescale": 4.316132596720782, "target_rescale": 4.202614838410729},
{"mapping": [3, 11, 10, 1, 6, 2, 12, 0, 13, 8, 9, 15], "R": [[-0.2642108948696376, 0.44500015012481003, 0.8556678499400815], [-0.2680639660939586, 0.8183547855166493, -0.5083671459722546], [-0.9264633360873825, -0.36368985607368154, -0.09692974504734067]], "T": [0.034068685095495384, 0.14489714847019897, -0.15943008750023663], "aligned_model": [[-0.2567667549109798, 0.5385225628462293, 0.1780466216162493, -0.556748655956131, -0.5793393224828115, -0.5330130271881071, -0.20926550696772916, -0.19324633681218412, 0.6516432597671217, 0.13032940032730758, 0.4625115863892085, -0.03486527199639305], [-0.42202484275424046, -0.33512586706088965, -0.4586810371323352, 0.4102309951580069, -0.45434572815151597, -0.03955993044553799, 0.38181754028274095, 0.4688409939363443, 0.011032575728836314, -0.1085336384054959, 0.43556032133267164, 0.12356504525239595], [0.1377429910924441, 0.05019610211324205, -0.452592845746968, -0.005468391240830706, -0.3771090272315642, 0.4285978821185232, -0.7486229255153443, 0.5860332968250521, -0.5909318801436942, 0.6389044535752741, -0.0860103141496744, -0.13148088048703838]], "inverted": false, "swapped": true, "error_lsq": 0.04298496402835806, "error_max": 0.24744817364241983, "target": "745.xyz", "model": "2.xyz", "model_rescale": 3.795458400668931, "target_rescale": 4.202614838410729},
{"mapping": [4, 9, 8, 10, 1, 6, 11, 7, 13, 14, 2, 15], "R": [[-0.8647192226552252, -0.4864444931212898, 0.12502968080625793], [-0.2959525661156083, 0.694621862413284, 0.6556771666506981], [-0.40579889672118363, 0.5299737949837448, -0.7446173729173917]], "T": [0.06514801494701583, -0.030233940257873463, -0.0009808285881429957], "aligned_model": [[0.05726960028059515, 0.01005946082268197, -0.7756877970952604, 0.19246109615119292, 0.0477159733568919, 0.2106627208838325, -0.30768847450611014, 0.5723327879742505, 0.3776972659302996, 0.6447976231989075, -0.4777665423565034, 0.041450111102786694], [-0.10134246363241817, -0.5248624826319367, -0.008305151086749663, 0.010714210655559605, 0.4530925407181335, 0.7307820395778717, -0.3488799334901931, -0.40561534093167934, -0.5919313875891768, 0.2388460477673774, 0.5902502246489777, 0.0430207412839433], [-0.6083242190640874, -0.16143867077637014, 0.05686028049799785, 0.6721427139015863, -0.45843358168280557, 0.426132363126154, 0.5359517861024119, -0.3669962948821387, 0.4141346005901414, 0.3355257270525286, -0.14803918431933408, -0.008744089906983655]], "inverted": true, "swapped": true, "error_lsq": 0.043748074200795156, "error_max": 0.22698329384784818, "target": "745.xyz", "model": "3.xyz", "model_rescale": 3.7530521520055578, "target_rescale": 4.202614838410729},
{"mapping": [0, 11, 9, 13, 4, 10, 1, 3, 6, 14, 15], "R": [[0.3986751916774766, 0.9122529809771298, 0.09408820457032713], [0.6939784448893179, -0.3671622572754455, 0.6193430348856793], [0.5995431673949185, -0.18162151725701464, -0.7794623883801762]], "T": [0.025563625077548814, -0.12444143108364755, -0.014239013284283954], "aligned_model": [[-0.3988168408241786, -0.21516274467974544, 0.30873534582957785, 0.48818702255397145, 0.21332523787425975, -0.06856682204336681, -0.15192821866544323, -0.6318800127714668, -0.4082737123081531, 0.23576564907368394, -0.03318530159393393], [-0.8501813318127612, 0.23327594104814162, -0.32067967949439424, 0.341692588222984, -0.7003246005211039, 0.5525559359556654, -0.5329827775281801, 0.10735620267446763, 0.3673387647981827, 0.4050439885659096, -0.1358916735945653], [-0.08860438305224133, -0.5998395991512894, -0.40761312182896053, -0.4069355173723674, 0.0699550327500269, -0.07584014240954673, 0.4804952570574202, 0.07705915741965863, 0.5796321287778006, 0.4297144412330218, 0.03480752382179361]], "inverted": false, "swapped": true, "error_lsq": 0.0468560850007868, "error_max": 0.23852065103015466, "target": "745.xyz", "model": "4.xyz", "model_rescale": 3.7855080009869324, "target_rescale": 4.202614838410729},
{"mapping": [0, 1, 4, 7, 2, 11, 6, 14, 5, 9, 8, 10, 12, 15, 13, 16], "R": [[0.15138310261566085, 0.08622793036001974, 0.9847070123992638], [0.7749481279745177, -0.62876831210834, -0.06407658415692497], [0.6136273748711402, 0.7727969679768785, -0.16200707112498708]], "T": [0.03633127353530045, -0.07454977346609253, -0.04686394493910226], "aligned_model": [[-0.5722325741713131, -0.08655847295267594, -0.17486645392844014, -0.1379216640249199, -0.35050470052115323, 0.6032212986852168, 0.3806902562793519, 0.1893866654995989, -0.6848899234579969, -0.28123765686386354, 0.42900742195237906, -0.23944231797844037, 0.4190584748997262, 0.3536393698569971, 0.7589541216564318, 0.03342047037577904], [-0.1859086415319116, -0.06568626207627373, -0.6522496004292097, -0.7683501941909103, 0.5037272521041993, -0.22055585320034665, -0.6122331148693638, 0.5830434840534023, -0.4289258239561023, 0.43010335650253845, -0.3038355871524994, -0.20791575856928923, 0.28434615414876674, 0.27102783111620254, -0.03934388629384088, -0.021421511814757557], [-0.5219672274873651, -0.7938067053721445, -0.4575453466439807, 0.17595069064305172, -0.29533788411997935, -0.5851521134571384, -0.182475830287908, -0.003938973320899597, 0.04988751223835243, 0.3422237214126306, 0.4902983508990465, 0.6142916451570194, -0.4801985333201555, 0.6307862582673304, -0.008858632716765943, -0.03940289711329607]], "inverted": false, "swapped": false, "error_lsq": 0.03573482283757355, "error_max": 0.24506417042808093, "target": "745.xyz", "model": "5.xyz", "model_rescale": 4.2253639853439635, "target_rescale": 4.202614838410729},
{"mapping": [1, 12, 10, 6, 14, 11, 3, 2, 9, 4, 13, 8, 0, 15], "R": [[0.3832947748628248, 0.2262964083579791, 0.8954747629761184], [0.6513374927069009, -0.753627606039849, -0.08834535646503572], [0.6548622650276503, 0.6171186004156132, -0.4362568588159167]], "T": [-0.0317404265593223, 0.06280658836577174, -0.04949889442366774], "aligned_model": [[0.6002458728621556, -0.06596817153842721, -0.5206629215927405, 0.10042278385785539, -0.28937023313863897, -0.48703910065818656, 0.1353803445027293, 0.6419375510130129, -0.212939490874467, 0.3525891993566383, -0.7806925279453644, 0.21857461525080152, 0.6538457832618424, 0.02773844840057285], [-0.03422825240045667, -0.09123372142340444, -0.3978156036594006, -0.8119583767252518, -0.4670937648745465, 0.06587382038121026, -0.4345981339696452, -0.2168792540682643, 0.5531198802054997, 0.4826430167204484, 0.18454172990269635, 0.18586272459219377, 0.4112073159259388, 0.01565776602797235], [-0.23483356905730302, -0.7110055428299159, 0.09108085243581236, -0.05754074788767302, -0.46719120784238366, 0.5175396043052617, 0.4184293329958237, 0.36198231717487217, -0.035405002735850996, -0.27313385935237916, -0.14830770635358725, 0.7461334928559357, 0.29823070383997163, -0.03442045861713544]], "inverted": true, "swapped": true, "error_lsq": 0.04692227435612939, "error_max": 0.2838883090657516, "target": "745.xyz", "model": "6.xyz", "model_rescale": 3.89814844738969, "target_rescale": 4.202614838410729},
{"mapping": [12, 5, 6, 7, 10, 1, 4, 13, 9, 0, 3, 11, 15], "R": [[-0.6845372417238611, 0.509522000071138, -0.5213406718611115], [0.333232674288316, 0.8547868099733547, 0.39786366293270997], [0.6483554191026286, 0.09862474810656363, -0.7549227838535353]], "T": [-0.0970601597888266, 0.057514556071388945, 0.05910047836372055], "aligned_model": [[-0.017225258041288882, 0.06731814287836035, 0.5066867853762766, -0.3787940177374393, 0.5772929286515853, -0.4263427637359814, -0.6830071013375896, 0.258075751423196, -0.3688044606615708, -0.7584870476644525, 0.2340008872969339, 0.23312724845090466, -0.09520929399471176], [-0.2729455404989825, 0.23380270806907547, 0.5468438765909316, -0.5659636941308361, 0.019675776779406212, 0.42446463871867585, -0.004167407935073253, -0.5626657229747394, -0.2838413522564022, 0.5598490529202009, 0.6684032604163495, 0.07209403877224202, 0.1282316309996376], [-0.5298931671789366, -0.7879166401516677, -0.36373751901742735, -0.1939129923035336, 0.1807426341133762, -0.38821595122887437, -0.1047470192520062, 0.3325356301281892, 0.3473192175865444, 0.2091068676970113, 0.16639078521438766, 0.7068679240672561, 0.027735261161976735]], "inverted": true, "swapped": true, "error_lsq": 0.04152108912071368, "error_max": 0.20794841326280808, "target": "745.xyz", "model": "7.xyz", "model_rescale": 3.7474275329858107, "target_rescale": 4.202614838410729},
{"mapping": [2, 1, 5, 6, 12, 10, 3, 11, 14, 13, 8, 9, 4, 7, 15], "R": [[0.564023546341042, 0.7406916358555556, -0.3650388195062212], [-0.8241348482073722, 0.47721484312649104, -0.30507006649288027], [-0.051760903615433784, 0.4729079128893696, 0.879590197071076]], "T": [-0.014117887068883018, 0.036500282310127405, 0.09680518666312428], "aligned_model": [[-0.5024163621489346, 0.11720593063337996, 0.441921210536631, -0.15243966072212994, 0.6154507413705462, -0.19790671702767149, -0.5637503510565751, -0.5466473822059303, 0.3282319536732214, 0.14521422316719082, -0.7931080390333644, 0.06006065503314989, 0.25102408503664014, 0.6391568909191191, -0.03984345583652563], [0.1635401398117396, 0.2353870595404276, -0.34209814246288844, -0.6614118131083488, -0.18806099717272634, -0.5834511629145539, -0.2631271552772012, -0.11629718496407156, -0.5950041886095863, -0.22903431839173322, 0.35311261079239714, 0.37722752771892776, 0.5613609240348538, 0.2511650354129594, 0.025809627569396774], [-0.5716321322105726, -0.5247810819654422, -0.5545221597573647, -0.42905727039919844, -0.02852068973072762, 0.3267237520489184, -0.2232341689067257, 0.5678722948259104, 0.021751472273646114, 0.7965312263732444, 0.035467554633431736, 0.486473444254181, -0.07113982477002893, 0.34025131981983253, 0.024610919207157175]], "inverted": false, "swapped": true, "error_lsq": 0.043304160585159394, "error_max": 0.27607257505526933, "target": "745.xyz", "model": "8.xyz", "model_rescale": 4.019505241142653, "target_rescale": 4.202614838410729},
{"mapping": [12, 4, 9, 13, 14, 10, 8, 5, 6, 2, 0, 3, 15], "R": [[0.24923051015123643, -0.48752119750079226, 0.8367838638484544], [-0.9609749619691177, -0.2316029981914957, 0.1512850742709386], [0.12004697113300206, -0.8418331979769532, -0.5262181976192847]], "T": [0.006526884484844793, -0.039552887764005916, -0.1483806126352135], "aligned_model": [[-0.23065692676509839, -0.5795617784516061, -0.07678614858322041, 0.4514896070212494, 0.22732568251486007, 0.6462804635089249, 0.16653757993462262, -0.2916782580269213, 0.3041397203246758, -0.1539684423143747, -0.48105552656531614, 0.3457253944408537, -0.008090595297473371], [-0.6754022036883205, 0.07774462688990455, 0.1484385344551217, -0.2794599524587965, -0.7094383415975989, -0.2752625894395442, 0.7559696997623673, -0.6784016091281845, -0.41513085076715994, 0.3675659699306247, 0.6094226348708064, 0.16919013205394595, -0.03185782276910672], [-0.19231793812846795, -0.27770910022537576, -0.6291685352573727, -0.7228061100089858, 0.006976201898461432, -0.07004179834266597, 0.0804680679042272, 0.3793330807360197, 0.5953352762601273, 0.5656771309735379, 0.08275042168380733, 0.43098831858115816, -0.07278152203059228]], "inverted": false, "swapped": true, "error_lsq": 0.05478763396812725, "error_max": 0.3225440844733772, "target": "745.xyz", "model": "9.xyz", "model_rescale": 3.877068213659057, "target_rescale": 4.202614838410729},
{"mapping": [9, 11, 10, 6, 8, 0, 12, 7, 14, 2, 3, 13, 1, 4, 5, 15], "R": [[-0.4919846149620427, 0.5867487084343272, 0.6431773408565473], [0.870515830137558, 0.3210349136828402, 0.3730131012130399], [0.012382573261193686, 0.7434127637774993, -0.668718277402473]], "T": [0.015735813986260054, -0.12450002607178291, -0.015419447837896012], "aligned_model": [[-0.569773280699434, -0.02674739839706592, -0.4077152270439249, 0.03095799429914036, -0.13808797378818616, 0.49948744929916483, 0.47092838689891053, 0.08708117010813035, -0.7223931039843936, -0.42810083725720555, 0.43451058969442874, -0.3588731118589892, 0.6500515120826591, 0.25061964366915157, 0.7967302812307276, 0.07104822105356423], [0.04523427250160532, -0.33587528694744745, -0.6051764649655352, -0.7138916825307272, 0.38729284543670073, -0.08961828916624119, -0.6353102586385394, 0.6875652200949829, -0.3439578503730242, 0.29015233509248617, -0.31168020467599583, -0.31731534798330174, 0.4396935032700444, 0.2867466856209804, -0.0926200500570951, -0.12541758283828838], [-0.2684306567354307, -0.7212317118423138, -0.32013268418110347, 0.16538524139319574, -0.5719526766714677, -0.6467146683142851, -0.31553249917653325, 0.026371048028530346, 0.11313213887740992, 0.25184035898570345, 0.4231607736683786, 0.6327540630964038, -0.1949629434057521, 0.4681055343712536, -0.020591633581137865, -0.08644564973505295]], "inverted": true, "swapped": false, "error_lsq": 0.042403174063998614, "error_max": 0.2675856569773167, "target": "745.xyz", "model": "10.xyz", "model_rescale": 4.260839863003843, "target_rescale": 4.202614838410729},
{"mapping": [14, 13, 9, 7, 0, 1, 6, 10, 11, 8, 3, 15], "R": [[-0.6176034538630313, 0.48738938670054616, -0.6172661982549509], [-0.07462457817077821, 0.7449815378561897, 0.662897941304889], [0.7829413427002615, 0.455471287772448, -0.4237319434567327]], "T": [-0.09838888332449044, -0.03129798275977005, -0.10788253771521761], "aligned_model": [[0.38631254955408756, 0.3068706542003321, -0.32358506666177234, -0.3851922338762028, -0.7555546160051415, -0.48892930991422523, 0.4360141514038337, 0.5863241041365403, 0.30255789280917234, -0.2246162055297385, 0.2212714034539999, -0.10257467447675522], [0.0831781868258194, -0.6741392435419062, -0.4903367792331075, -0.48096161094981327, 0.2810103151222781, 0.4746488945034264, 0.6495525366087759, -0.06488600310039047, -0.298355251946539, 0.16686676456977073, 0.48080663083077735, 0.0456940658438427], [-0.6309447690547149, -0.19750227243802188, 0.001702703941372563, -0.6055384139230697, 0.31981375456976, -0.2940741518853105, -0.29118964749099874, -0.07593500487398866, 0.43687524999571214, 0.7018264992556761, 0.25248366732330213, -0.10133953802421353]], "inverted": true, "swapped": true, "error_lsq": 0.045566946858167034, "error_max": 0.23895554726220625, "target": "745.xyz", "model": "11.xyz", "model_rescale": 3.890672605050136, "target_rescale": 4.202614838410729},
{"mapping": [8, 0, 4, 11, 9, 6, 2, 10, 3, 5, 7, 1, 12, 15], "R": [[0.47868030814925056, -0.46848723672573356, -0.7425529419611947], [0.07116139061145145, -0.8222582649183864, 0.5646480339642115], [-0.8751006908215666, -0.32312699484644025, -0.3602606363802817]], "T": [0.22087848316573855, 0.022864371102037203, 0.20115623753653095], "aligned_model": [[0.4408296747935149, 0.19371460371914478, 0.22386951996871024, 0.6880974729397847, 0.6903865859153663, -0.4985362943792152, -0.2358696554084554, 0.22061339503677324, -0.07764991681242217, -0.6016972126627551, 0.39713655898554945, -0.28583128696760207, -0.10193557363012534, 0.156747963295425], [-0.3771394202134747, 0.22940959760270657, 0.572986468449996, -0.5341447239625016, 0.25215538020964545, -0.46459054510830766, -0.2067940988880419, -0.5299300359191663, -0.5565462443735021, 0.20814319771977371, 0.6376180950625109, 0.3133302852035136, 0.38387443570789725, 0.0037801283367160203], [-0.5076806751185297, -0.6167243066954453, -0.06594152954006954, 0.18423780974072887, 0.18050103380570803, 0.36721530009537484, -0.46218462543922084, 0.6078489328941105, -0.062399769829325324, 0.4552757350569707, 0.5520491857614201, -0.11829038742161052, 0.6786013332703098, 0.16228239877644018]], "inverted": true, "swapped": true, "error_lsq": 0.0506026609248887, "error_max": 0.28761511650386185, "target": "745.xyz", "model": "12.xyz", "model_rescale": 4.124412569039231, "target_rescale": 4.202614838410729},
{"mapping": [14, 10, 11, 5, 13, 7, 6, 4, 3, 1, 9, 8, 15], "R": [[-0.6589168649788015, 0.41167839570822273, 0.6295629146905113], [-0.24542459742480735, -0.9088025937920156, 0.3374086728224045], [0.7110522709515661, 0.06781404002128988, 0.6998613605212191]], "T": [0.19157119675661313, 0.052651445310572184, -0.06631874899392844], "aligned_model": [[-0.3143873916742931, 0.08661039627926262, 0.6344703489009291, -0.660613091865357, 0.5465314191680111, 0.30587736118230124, -0.5609864728998395, 0.26884950010381203, -0.05991780993097831, -0.2249151251047957, 0.6610353963662159, 0.5478921257031194, 0.1368516512813698], [-0.04717371161730487, 0.40407690098481797, 0.5448483338693549, -0.16868288044808227, -0.09167020229630705, -0.6590490006572983, 0.4785613316922357, -0.3504777785808101, 0.7050960865881529, -0.06182835199457677, -0.1774881106910512, 0.682315528234393, 0.08895723142495307], [0.4393246185376932, 0.513736467886461, 0.2343829528836593, -0.08445138386713631, 0.5960152896212344, 0.045625377749500956, 0.12077281219796328, -0.5196391413716482, -0.13957791580158985, -0.5728805954765308, -0.07515123984265525, -0.49920426131563117, -0.10725490023348117]], "inverted": false, "swapped": true, "error_lsq": 0.04692498448009189, "error_max": 0.28869510633712026, "target": "745.xyz", "model": "13.xyz", "model_rescale": 3.9028299243045295, "target_rescale": 4.202614838410729},
{"mapping": [0, 5, 8, 12, 4, 13, 12, 7, 2, 3, 11, 1, 10, 9, 14, 15], "R": [[-0.229114935915721, -0.5997941255836772, -0.7666507373345748], [0.6788124868564658, 0.4660366600010339, -0.5674710910899528], [0.6976531758890487, -0.6504281962295246, 0.3003717824988417]], "T": [-0.054331316141267315, -0.06729600812762992, -0.0303826606777532], "aligned_model": [[-0.7747704609120625, 0.027589387023123794, -0.3973122098365257, 0.22986705029858792, -0.20910580905411988, 0.5441280696114008, 0.22986705029858792, 0.18138500307271146, -0.6577841397374947, -0.5137218785642238, 0.4341544378346469, -0.08921834316698804, 0.4364822456964442, 0.3749373308198184, 0.8251456067935912, -0.001919024870819748], [0.024703272083897332, -0.19557044795927295, -0.5974471343512342, -0.6987165638197795, 0.38640214957015345, -0.33108238762289327, -0.6987165638197795, 0.7954811174906713, -0.4436064866522196, 0.3434144201040742, -0.3510435409047256, -0.3632535820704007, 0.3914531608794935, 0.3274601369499886, -0.03777901822425128, 0.014123312186882064], [-0.4300324828561384, -0.5191939741046038, -0.4751422018699234, -0.09951774094255739, -0.5095132398812886, -0.4830574461391859, -0.09951774094255739, 0.11342764564000032, 0.1603655581923559, 0.06431000290608041, 0.4457745551065084, 0.5470173440971188, -0.35287893895151395, 0.480245845306117, 0.06288974743434372, 0.029577101783042424]], "inverted": true, "swapped": false, "error_lsq": 0.048021778935324215, "error_max": 0.3112407686279063, "target": "745.xyz", "model": "14.xyz", "model_rescale": 3.942246331269136, "target_rescale": 4.202614838410729},
{"mapping": [9, 0, 4, 2, 3, 1, 14, 7, 13, 5, 6, 10, 8, 11, 15], "R": [[0.44487174480033614, -0.7520863434713204, -0.48626665795861806], [0.8532870081200546, 0.5208457385719125, -0.024919839184970094], [0.27201178733986947, -0.40383888937968576, 0.8734550583589012]], "T": [-0.1838152224828103, 0.06014157344630514, -0.04153172379177052], "aligned_model": [[-0.7042561739295119, -0.21257623142652987, -0.3854377769068129, 0.3447069925643686, 0.3179159180776276, 0.18574807209485417, 0.19717069908311008, -0.5880732520022354, -0.6153122658813268, 0.5012822501416843, 0.6608710010727745, 0.012251997525421693, -0.21689013915677388, -0.4069899361201841, -0.11611711860425618], [0.04303437598076301, -0.597094555018702, 0.027532140955070207, -0.5449493575541009, -0.3451487861168868, -0.025739637547637854, 0.628891217188995, 0.580418685481901, 0.4445617232846947, 0.5115757026550645, 0.15618870294720044, 0.21771021153617132, -0.774977131143942, -0.253228694865781, 0.029370092098841283], [-0.08935873183564581, -0.5702479684588544, -0.6179599117988451, -0.2779893496896802, 0.23829540672804833, -0.5885406574479337, 0.1887028101133728, -0.3545845688353808, 0.46000922778362585, -0.3615073759431108, 0.2034696280323649, 0.5969903546766262, 0.06943731530534977, 0.5755833965221508, -0.06293709479157117]], "inverted": false, "swapped": true, "error_lsq": 0.049933467742500334, "error_max": 0.35137639515180785, "target": "745.xyz", "model": "15.xyz", "model_rescale": 4.355366556412066, "target_rescale": 4.202614838410729},
{"mapping": [3, 11, 10, 1, 6, 2, 12, 0, 13, 8, 9, 15], "R": [[-0.2642108948696376, 0.44500015012481003, 0.8556678499400815], [-0.2680639660939586, 0.8183547855166493, -0.5083671459722546], [-0.9264633360873825, -0.36368985607368154, -0.09692974504734067]], "T": [0.034068685095495384, 0.14489714847019897, -0.15943008750023663], "aligned_model": [[-0.2567667549109798, 0.5385225628462293, 0.1780466216162493, -0.556748655956131, -0.5793393224828115, -0.5330130271881071, -0.20926550696772916, -0.19324633681218412, 0.6516432597671217, 0.13032940032730758, 0.4625115863892085, -0.03486527199639305], [-0.42202484275424046, -0.33512586706088965, -0.4586810371323352, 0.4102309951580069, -0.45434572815151597, -0.03955993044553799, 0.38181754028274095, 0.4688409939363443, 0.011032575728836314, -0.1085336384054959, 0.43556032133267164, 0.12356504525239595], [0.1377429910924441, 0.05019610211324205, -0.452592845746968, -0.005468391240830706, -0.3771090272315642, 0.4285978821185232, -0.7486229255153443, 0.5860332968250521, -0.5909318801436942, 0.6389044535752741, -0.0860103141496744, -0.13148088048703838]], "inverted": false, "swapped": true, "error_lsq": 0.04298496402835806, "error_max": 0.24744817364241983, "target": "745.xyz", "model": "16.xyz", "model_rescale": 3.795458400668931, "target_rescale": 4.202614838410729},
{"mapping": [12, 5, 6, 7, 10, 1, 4, 13, 9, 0, 3, 11, 15], "R": [[-0.6845372417238611, 0.509522000071138, -0.5213406718611115], [0.333232674288316, 0.8547868099733547, 0.39786366293270997], [0.6483554191026286, 0.09862474810656363, -0.7549227838535353]], "T": [-0.0970601597888266, 0.057514556071388945, 0.05910047836372055], "aligned_model": [[-0.017225258041288882, 0.06731814287836035, 0.5066867853762766, -0.3787940177374393, 0.5772929286515853, -0.4263427637359814, -0.6830071013375896, 0.258075751423196, -0.3688044606615708, -0.7584870476644525, 0.2340008872969339, 0.23312724845090466, -0.09520929399471176], [-0.2729455404989825, 0.23380270806907547, 0.5468438765909316, -0.5659636941308361, 0.019675776779406212, 0.42446463871867585, -0.004167407935073253, -0.5626657229747394, -0.2838413522564022, 0.5598490529202009, 0.6684032604163495, 0.07209403877224202, 0.1282316309996376], [-0.5298931671789366, -0.7879166401516677, -0.36373751901742735, -0.1939129923035336, 0.1807426341133762, -0.38821595122887437, -0.1047470192520062, 0.3325356301281892, 0.3473192175865444, 0.2091068676970113, 0.16639078521438766, 0.7068679240672561, 0.027735261161976735]], "inverted": true, "swapped": true, "error_lsq": 0.04152108912071368, "error_max": 0.20794841326280808, "target": "745.xyz", "model": "17.xyz", "model_rescale": 3.7474275329858107, "target_rescale": 4.202614838410729},
{"mapping": [2, 5, 4, 6, 8, 11, 0, 7, 3, 9, 10, 14, 13, 15], "R": [[0.6696900297607495, -0.3694834395635471, 0.6442028034146832], [-0.5808162154668493, -0.8011431699609765, 0.14429880483096397], [0.46278265729153345, -0.4707989051741398, -0.7511195663787613]], "T": [0.07355573305473175, 0.040042182206749224, 0.09049657378776918], "aligned_model": [[0.3658081679097527, 0.015912700624267653, 0.6536880621728758, -0.40212579612387955, 0.2861254158936055, -0.3058502468030275, 0.7923474508009828, 0.27075344159232856, -0.16126170288695768, 0.25916924402229025, -0.6059862821009162, -0.43873933505253737, -0.4010805613314779, 0.08608708916556945], [-0.5903596303054549, 0.35936986646141283, 0.23347193967951263, -0.17479224027205692, -0.7486147658104304, -0.3659487428344275, -0.4002514727835351, 0.7188972432066053, -0.5504477823150699, 0.18089591503666863, -0.05544958637074064, 0.38977266691538975, 0.3643297970285318, -0.0004649661251725362], [-0.3770128320269478, -0.7281870335120171, 0.08650970722805842, -0.6238694272663874, 0.29945991217426327, 0.5596036200166247, 0.0479835705453959, 0.27045151656881594, -0.21030237819625366, 0.5586276594256232, 0.09969695068206905, -0.27947196750975345, 0.5955409352998167, 0.025764485232347256]], "inverted": true, "swapped": true, "error_lsq": 0.044722152411191006, "error_max": 0.3140682385565617, "target": "745.xyz", "model": "18.xyz", "model_rescale": 3.922800546911778, "target_rescale": 4.202614838410729},
{"mapping": [10, 11, 3, 14, 0, 13, 8, 5, 9, 6, 2, 1, 12, 4, 15], "R": [[0.012279699521844392, 0.7058243789788518, 0.7082804211742492], [-0.9975374905743931, 0.05756275150656197, -0.04006849806938673], [-0.06905189264745659, -0.706044244844551, 0.7047931330849443]], "T": [-0.07310241855262527, 0.011608123878819022, 0.048747725530916185], "aligned_model": [[-0.17451234962500134, -0.3622005766019946, 0.4150988943740598, -0.024310024502520712, 0.31693656894148725, -0.7559755390891227, 0.16175952650546216, 0.46788472083995786, -0.5034955907002285, 0.5444239528630203, 0.6843835321023206, 0.46361240033046885, -0.0991506301533152, -0.0424891113424236, 0.004085062945449011], [0.44297281971103897, -0.1463805162639921, 0.0060153445040558775, 0.732125153759854, -0.7151665769550675, 0.2904514349518766, -0.6522526873382006, 0.596758484074886, -0.261536501865104, 0.5660977093779945, -0.31549544868977814, -0.06631663821326286, 0.5287666822568536, -0.29939659276301617, 0.010968838486440747], [-0.47529540268691034, -0.5995583705282413, -0.4571434038768066, 0.03831306091436508, 0.2276206246307468, -0.15482679470466135, -0.4148900841885164, 0.42353794546049134, 0.16533500460645623, -0.25776167061346034, -0.09478367450344519, 0.43479994899908453, 0.4896099688912726, 0.5744124258077802, 0.04328958895517336]], "inverted": true, "swapped": true, "error_lsq": 0.044118807686431935, "error_max": 0.27358779330926336, "target": "745.xyz", "model": "19.xyz", "model_rescale": 3.9282355846067225, "target_rescale": 4.202614838410729},
{"mapping": [0, 8, 11, 2, 1, 3, 6, 10, 5, 12, 9, 4, 13, 15], "R": [[0.4112742783802814, -0.07362980123472715, 0.9085329494921546], [0.907819379182745, -0.05653552974692569, -0.415533041594156], [0.0819600068511151, 0.9956818699998355, 0.04359095124674506]], "T": [0.026762616859118814, -0.1261550081150485, 0.17994920018918112], "aligned_model": [[-0.6523870383255255, -0.10487182067496179, 0.558413994066769, -0.47733541040828303, -0.5848711228172224, 0.06885969042464808, 0.11187800564206088, 0.6296850133084291, -0.2809600586484871, -0.01720387420938866, 0.08295934756537535, -0.48073002389702363, 0.6950362748313987, -0.01595015777311245], [-0.5921064303040935, -0.7889072840240752, -0.5651377057101147, -0.21857531522575638, 0.09956960478211843, -0.13309835853223678, 0.4713135633045703, 0.06053474170374962, 0.6889831299234502, 0.46598397340820585, -0.47209972833895675, -0.22782144158709616, -0.1622454971012986, -0.1035111648736301], [-0.0043668587763395494, -0.3242959030494247, -0.05130813248277158, -0.48241523209962056, 0.0453239714150222, -0.5218180420073307, -0.46699145126482977, -0.08951730298935609, 0.05191674776329519, 0.5115051919548158, 0.5680252763049763, 0.5056785991577275, 0.550920453570986, 0.11952583974653261]], "inverted": false, "swapped": true, "error_lsq": 0.04011429321141442, "error_max": 0.2963532033370999, "target": "745.xyz", "model": "20.xyz", "model_rescale": 4.067790424073018, "target_rescale": 4.202614838410729},
{"mapping": [4, 13, 1, 2, 5, 14, 6, 7, 12, 9, 11, 3, 8, 10, 15], "R": [[0.9233350746214739, -0.22372506580015972, -0.31208882534700183], [-0.37115632138932686, -0.7283758667929818, -0.5759440786797926], [-0.098464841778677, 0.6476231092281116, -0.7555719577427511]], "T": [0.16774881190876428, 0.08458493673728089, -0.025260026965724706], "aligned_model": [[0.3769596619898735, 0.18745065217083726, -0.006303533026864566, 0.20873733124121288, -0.6174382455113532, -0.5127853208867501, -0.5316458815800293, 0.13141626552791671, -0.35464439909907836, 0.5629927431579149, 0.5011314944460428, 0.057049241322054856, 0.7514188932137227, -0.12654365158995773, 0.14064870253197229], [0.017359198831176523, 0.788040267128239, -0.38839278604589467, -0.7514672967728191, -0.16086084228843878, 0.2911603717804584, -0.3338314129664102, 0.6101831962527474, 0.349510260160242, 0.40302292655840916, 0.21008965290513115, -0.4375201196989906, -0.42842708905407617, 0.2599211440079151, 0.012107669130158275], [-0.5959578505469078, 0.27519681154094144, -0.4601959297994492, 0.0015649529652425678, -0.3395423719980398, 0.10057420537336553, 0.31900782045248244, -0.5297809157272534, -0.37081886067443287, -0.15103102638807855, 0.608730117116227, 0.4323965594104477, 0.3018167623216403, 0.5694078093182428, -0.026118509743287152]], "inverted": true, "swapped": true, "error_lsq": 0.048670556661939604, "error_max": 0.2762222555348515, "target": "745.xyz", "model": "21.xyz", "model_rescale": 4.186013935880536, "target_rescale": 4.202614838410729},
{"mapping": [2, 0, 8, 6, 12, 3, 1, 4, 11, 9, 7, 10, 15], "R": [[-0.24625789508333695, 0.8456495345553976, -0.47353343473862897], [0.3979822219392799, -0.35725889997301374, -0.8449711411701264], [-0.8837234862384261, -0.39653870315053896, -0.24857565603713222]], "T": [-0.037068997596260346, 0.04593528375485797, 0.13981466010451865], "aligned_model": [[0.18738910812339343, -0.32741457012134295, 0.23931843451918003, 0.5763508898000299, -0.2846359583116503, 0.5496456749870773, -0.27553915810701735, -0.6069501786518993, 0.43113692622019845, -0.3404241763464274, -0.6287126769250424, 0.550741336243485, -0.012331616006758743], [-0.4159793249337021, -0.0713906711710933, 0.2739339738091003, -0.5754571892430645, -0.2939322519233763, -0.1772460752234078, -0.5212283744072892, -0.05552132767663782, 0.5914352356782476, 0.4715221864254633, 0.14941395019567968, 0.16048365158320585, -0.017077123567032747], [-0.5217262898596005, -0.6439336798527606, -0.623374643548122, 0.2824083696216631, 0.674315978724142, -0.17681384448395998, -0.11440719577463526, -0.057483289566652995, 0.030033218394482614, 0.12277685957167861, 0.5537770180923642, 0.474983808478771, 0.10232325153797575]], "inverted": true, "swapped": true, "error_lsq": 0.04735412018905077, "error_max": 0.2538506226560637, "target": "745.xyz", "model": "22.xyz", "model_rescale": 4.166573947596378, "target_rescale": 4.202614838410729},
{"mapping": [13, 12, 6, 1, 14, 11, 2, 9, 5, 10, 4, 0, 9, 8, 3, 15], "R": [[0.4695132779071177, -0.8170389133539658, -0.33467102643384733], [0.06636965372397977, -0.34531577527239843, 0.9361367872338859], [-0.8804273683464601, -0.4617406516794831, -0.10790375180286202]], "T": [0.06355228209003932, -0.07551344207726618, -0.07532275665455418], "aligned_model": [[-0.7539203309725484, 0.029144936584619106, -0.15206736543093416, -0.10071006395533849, -0.30516584621864246, 0.625064128156706, 0.3963829113302225, 0.34763678589240093, -0.6826570322190182, -0.4630857676384666, 0.4536637676651885, -0.13355244185513504, 0.34763678589240093, 0.3403347771734361, 0.6611619032783853, 0.02985716762340171], [0.10871342688002658, -0.10774773595478469, -0.7078045273968531, -0.728361828702237, 0.4236144997441672, -2.814114972592152e-05, -0.6565182447127667, 0.4471240907314723, -0.4010548106849194, 0.44266047212811643, -0.35833434096370287, -0.3963145453357955, 0.4471240907314723, 0.29129179367492275, -0.10610061396344206, -0.13244174118534663], [-0.19620338596529868, -0.728896348610889, -0.4397727298952914, 0.15899738038019323, -0.5661343322819924, -0.6240483196613151, -0.14215411713119452, -0.15653341039564303, 0.09277381607912258, 0.04751613099633274, 0.47936533708823764, 0.6492406586409061, -0.15653341039564303, 0.5902029826383575, -0.01741060253133364, -0.05565561417675126]], "inverted": false, "swapped": false, "error_lsq": 0.046748704590836215, "error_max": 0.3213683079313653, "target": "745.xyz", "model": "23.xyz", "model_rescale": 4.274766983524099, "target_rescale": 4.202614838410729},
{"mapping": [7, 1, 0, 9, 8, 11, 13, 10, 14, 6, 15], "R": [[-0.8923718115220438, -0.15687074705797624, 0.4231596846562045], [0.2275419861226922, 0.6533491547263275, 0.7220523018242752], [-0.38973990628649585, 0.7406257156863149, -0.5473356874094066]], "T": [-0.034174698834581116, 0.09309274585134486, -0.04706220427008533], "aligned_model": [[0.2735606601233155, 0.17572031598420168, -0.5086243061640616, -0.2919800760283974, -0.7842585791066187, -0.527280505547554, -0.010582082801713952, 0.07392751947426073, 0.5922642206367724, 0.4107013633679651, -0.02355382598009515], [-0.3410546250268124, 0.645905870244475, 0.6378838279250159, -0.26334836045191623, 0.4523051643668663, -0.17506791800222998, -0.6403191469553868, -0.11670002430999055, -0.01694212371663943, 0.5645800956787486, 0.168343771491353], [-0.5459909774788123, -0.3528613488952221, -0.48344235799834134, -0.32977228204157816, 0.09140056851702127, 0.4152963917749506, 0.16987617437453872, 0.597361242810787, 0.2951379972817382, 0.5550428513286025, -0.03248182565210669]], "inverted": true, "swapped": true, "error_lsq": 0.04892063375049682, "error_max": 0.28151586512540333, "target": "745.xyz", "model": "24.xyz", "model_rescale": 3.7841303162186577, "target_rescale": 4.202614838410729},
{"mapping": [2, 5, 4, 1, 12, 3, 6, 14, 8, 9, 7, 0, 13, 10, 11, 15], "R": [[-0.8580365858706448, -0.3318075356482051, -0.39201655142928976], [0.4932494309254136, -0.745064248993463, -0.4489813623788442], [-0.14310211808077294, -0.5786043762009344, 0.8029562625958678]], "T": [0.026560500440766594, -0.09517551958546004, 0.03069071124370293], "aligned_model": [[-0.6167648251912, -0.19410735619518904, -0.1366089484766324, -0.343697721366397, -0.08642423633361636, 0.4279220929890872, 0.4655103546579708, 0.0686284779089877, -0.5084546658458774, -0.3262783065316322, 0.40560330221174196, -0.09617615217085439, 0.5245448118781693, 0.19390141913659611, 0.7904935364690678, 0.07163253216645576], [-0.05936317706023358, -0.06824586041626059, -0.6224555638135527, -0.7256519647849349, 0.41979803918948116, -0.24045587585639377, -0.6289200864864547, 0.6969897916246017, -0.28876451925697233, 0.37120875728819797, -0.31668965997909304, -0.5114632020465112, 0.3709823365343026, 0.3324173146306828, -0.025697979122485767, -0.1378665066037702], [-0.36128253969391116, -0.8177898341716927, -0.4713609083704242, 0.16650195906962745, -0.5144776934229939, -0.6525401265717587, -0.1801794265885514, 0.028855691417964235, 0.1911271618661255, 0.042144579823930814, 0.5103401667125257, 0.6248036877797273, -0.3523347135143453, 0.6587165788114655, 0.06242014550408967, -0.00019069387398111537]], "inverted": true, "swapped": false, "error_lsq": 0.04740438382355943, "error_max": 0.33650010708373124, "target": "745.xyz", "model": "25.xyz", "model_rescale": 4.19342608120988, "target_rescale": 4.202614838410729},
{"mapping": [3, 11, 10, 1, 6, 2, 12, 0, 13, 8, 9, 15], "R": [[-0.2642108948696376, 0.44500015012481003, 0.8556678499400815], [-0.2680639660939586, 0.8183547855166493, -0.5083671459722546], [-0.9264633360873825, -0.36368985607368154, -0.09692974504734067]], "T": [0.034068685095495384, 0.14489714847019897, -0.15943008750023663], "aligned_model": [[-0.2567667549109798, 0.5385225628462293, 0.1780466216162493, -0.556748655956131, -0.5793393224828115, -0.5330130271881071, -0.20926550696772916, -0.19324633681218412, 0.6516432597671217, 0.13032940032730758, 0.4625115863892085, -0.03486527199639305], [-0.42202484275424046, -0.33512586706088965, -0.4586810371323352, 0.4102309951580069, -0.45434572815151597, -0.03955993044553799, 0.38181754028274095, 0.4688409939363443, 0.011032575728836314, -0.1085336384054959, 0.43556032133267164, 0.12356504525239595], [0.1377429910924441, 0.05019610211324205, -0.452592845746968, -0.005468391240830706, -0.3771090272315642, 0.4285978821185232, -0.7486229255153443, 0.5860332968250521, -0.5909318801436942, 0.6389044535752741, -0.0860103141496744, -0.13148088048703838]], "inverted": false, "swapped": true, "error_lsq": 0.04298496402835806, "error_max": 0.24744817364241983, "target": "745.xyz", "model": "26.xyz", "model_rescale": 3.795458400668931, "target_rescale": 4.202614838410729},
