[{"mapping": [9, 0, 7, 4, 3, 6, 1, 2, 5, 12, 8, 13], "R": [[-0.0013437841634300063, -0.9152936243867438, -0.4027850238043875], [-0.8767229619743371, 0.19481578532804927, -0.4397768271907482], [0.48099380681155124, 0.352539913972864, -0.802720727815682]], "T": [0.04930184957032626, -0.02476988492761792, 0.13962323809889285], "aligned_model": [[-0.16404371231241902, 0.5708567955520856, -0.5892965018486972, -0.43305582766182554, 0.3773965570259687, -0.07661952505259864, 0.535871096342919, 0.3132578035325584, 0.03811851119708783, 0.1139554937363822, -0.6479701498310955, -0.10177598694193102], [-0.5602241809871262, -0.421870305734396, -0.13011364434131073, 0.40445981909692086, 0.3615530273501196, 0.7059142261679012, -0.1888054085531755, 0.1724000934944991, 0.40327339871261714, -0.5812088735532838, 0.32709357129047456, -0.06376501404799767], [-0.31261070558576565, -0.26744448194001025, -0.25087557162139895, -0.565002307144317, 0.01191741917674477, -0.046899740092207404, 0.40303703520719314, -0.5551497459661281, 0.7633660863263597, 0.28562106755844685, 0.11547787308399615, 0.09277529817556429]], "inverted": false, "swapped": false, "error_lsq": 0.051528353029986824, "error_max": 0.27159526154288355, "target": "746.xyz", "model": "0.xyz", "model_rescale": 3.8414455957264533, "target_rescale": 3.7235295526716032},
{"mapping": [3, 1, 4, 6, 12, 8, 11, 10, 13, 0, 9, 14], "R": [[0.11923820357377929, -0.6703280319279683, 0.7324224057332457], [-0.866568398464159, -0.43031698193319323, -0.2527578007563185], [0.48460443827080335, -0.6045557250340824, -0.6321953129664554]], "T": [-0.17610717769699424, 0.018172144025186902, -0.05911795612126414], "aligned_model": [[0.04568148345423284, 0.42753129088447006, -0.3885809774114462, -0.542411715231998, 0.49616719893888384, 0.024622386032574606, 0.578747223851129, 0.19120907346180072, -0.006266231881543849, -0.16402318838991295, -0.6241165315135695, -0.10186545845618539], [-0.5684574229038554, -0.5988474719838696, -0.4778340945844942, 0.46131095198288136, 0.37756611893246644, 0.7765076167524192, -0.0715675691536064, 0.28601770800328347, 0.3178652294097141, -0.46943542782265846, 0.41611924621324664, -0.020538175950284794], [-0.5282154119121122, -0.11747276635489429, -0.12730835532357038, -0.5877730009725767, -0.02487358160134831, 0.03541960545652033, 0.3261183589789438, -0.5707025785468162, 0.6162968115115924, 0.4771750632126086, 0.26712643501277833, -0.09157835228264782]], "inverted": true, "swapped": false, "error_lsq": 0.051730963860273406, "error_max": 0.3402475628306263, "target": "746.xyz", "model": "1.xyz", "model_rescale": 4.316132596720782, "target_rescale": 3.7235295526716032},
{"mapping": [6, 8, 3, 7, 1, 9, 2, 10, 0, 4, 5, 11], "R": [[0.8648508317790926, -0.3454402006859208, -0.364285748446302], [0.33527204169375785, -0.142667679423726, 0.9312564583971206], [-0.3736652202567303, -0.9275327492859322, -0.007569819850532233]], "T": [0.00735969649197286, 0.0898545545115862, -0.03903259891038465], "aligned_model": [[-0.017645038271508002, 0.6793094443623758, -0.5695193104890721, -0.6038024524770367, 0.46283536361504946, -0.030158769849396323, 0.5666874828828191, 0.2114225700887009, 0.0070485652705477115, -0.2342645303728713, -0.5106781084720957, -0.024540662549078], [-0.6760539125304107, -0.19841952515276873, -0.1632527486041836, 0.4502763375545651, 0.36458676606825535, 0.8284338784934772, -0.286886716864971, 0.061004081538804406, 0.23299685438525822, -0.4921778893266542, 0.33982080245550506, -0.03162121912163472], [-0.3371180671108597, -0.26798173549635745, -0.2238685079030276, -0.5840446040583985, 0.06895532632562121, -0.09420915282467843, 0.4568946574061974, -0.6346514303940626, 0.6562545674969091, 0.4050233642838899, 0.2523667652513225, -0.02340895579807818]], "inverted": false, "swapped": false, "error_lsq": 0.04244088724503764, "error_max": 0.24959707861451114, "target": "746.xyz", "model": "2.xyz", "model_rescale": 3.795458400668931, "target_rescale": 3.7235295526716032},
{"mapping": [7, 9, 1, 0, 5, 10, 3, 4, 6, 8, 2, 11], "R": [[0.5208610552374654, 0.6959889852726991, 0.49427026363720566], [-0.7561173751786393, 0.6449020585009403, -0.11130071830053487], [-0.3962199844655481, -0.3157541247875134, 0.8621537314132511]], "T": [-0.0643723208684617, 0.07488851345099473, -0.054787822449090626], "aligned_model": [[-0.042343189372635204, 0.6509493445239323, -0.6324104714921611, -0.5697397544424159, 0.5864367624954938, 0.03131988875545992, 0.4580378379531639, 0.1749447503574915, -0.09309136695513864, -0.03720789096301641, -0.4899314826370301, -0.10026987448470942], [-0.5310814792798833, -0.41710937671800485, -0.16177517187293342, 0.17223118553853337, 0.32711021338831575, 0.7905852701918412, -0.13796190172201078, 0.3031918127118892, 0.013230777322881845, -0.5543179012407056, 0.5722935492602556, 0.05230973131506366], [-0.5191340099980479, -0.08320672279336992, 0.07784626609738933, -0.6441400986383609, 0.026798736743708876, -0.1875729451401823, 0.5098823044892947, -0.6039323173591452, 0.5305922562932007, 0.40773171064120334, 0.344227141683083, -0.18488009484029616]], "inverted": false, "swapped": false, "error_lsq": 0.05265672731771609, "error_max": 0.2864000772052356, "target": "746.xyz", "model": "3.xyz", "model_rescale": 3.7530521520055578, "target_rescale": 3.7235295526716032},
{"mapping": [9, 1, 6, 4, 8, 7, 10, 2, 3, 5, 11], "R": [[0.5706615926105868, 0.6930517328044014, 0.44048228383893673], [0.2918881757463403, 0.33017933568266344, -0.8976541088568742], [-0.7675588834601698, 0.6408282936520296, -0.013872940438342488]], "T": [-0.13786960793599784, -0.07076722986186534, -0.058023924950827185], "aligned_model": [[-0.38418567673335446, -0.15048457817883004, 0.28804304156506516, 0.40362401479291427, 0.23376460385872105, -0.19629056498820596, -0.06111302818169298, -0.5957356094771429, -0.4253534818757158, 0.3317024477958393, -0.10577156613239258], [-0.6008974113880247, 0.11341836195005303, -0.3782507479450849, 0.23939680668215568, -0.6666894914430574, 0.6762987289570392, -0.3508420444288949, -0.11269550367527142, 0.35619415540692656, 0.2410111650009269, -0.04974066080242179], [-0.35548968331224323, -0.7775907598265245, -0.528522660299802, -0.22905461141878486, 0.15261282461208492, -0.10358183383579421, 0.6713347702906244, 0.2181182320189256, 0.6708343037773113, 0.3865900904929626, -0.012419895253444085]], "inverted": false, "swapped": true, "error_lsq": 0.04916386077700899, "error_max": 0.27935726496012403, "target": "746.xyz", "model": "4.xyz", "model_rescale": 3.7855080009869324, "target_rescale": 3.7235295526716032},
{"mapping": [11, 1, 8, 15, 2, 9, 0, 14, 5, 4, 10, 16], "R": [[0.16603276532429712, 0.9434551845950263, 0.2869240936197789], [-0.7955846931934267, -0.043757932123470795, 0.6042600759049024], [0.5826475064694671, -0.3285993883698545, 0.743333253102449]], "T": [-0.06919258069677256, -0.04282442351483887, -0.07712431292926042], "aligned_model": [[0.06204894613178605, 0.5688697989606474, -0.754084950306904, -0.5573569598086163, 0.5554918332509687, -0.007175738958599735, 0.4864913108322334, 0.15516434199991982, -0.03566222956868259, 0.056156495137982154, -0.5449923004930665, -0.0482559934392335], [-0.7350613244206584, -0.4424349801623701, -0.03864334315494201, 0.4447954198192487, 0.34828016691013614, 0.6646781897537037, -0.12073034265346069, 0.3245242365047169, 0.1342519288033985, -0.5606200313028525, 0.41314480636958756, -0.0034780175712654376], [-0.4459331563161221, 0.0021961867611126062, -0.23903427117909498, -0.52794637764997, -0.12803865175410367, -0.12720407738605227, 0.46474279603645224, -0.5990594925759061, 0.7119402760760993, 0.43588260866942724, 0.23379522990241092, -0.10712884340577576]], "inverted": true, "swapped": false, "error_lsq": 0.04094542729945513, "error_max": 0.3009442319655018, "target": "746.xyz", "model": "5.xyz", "model_rescale": 4.2253639853439635, "target_rescale": 3.7235295526716032},
{"mapping": [1, 10, 9, 0, 2, 3, 5, 4, 11, 8, 7, 13], "R": [[-0.9187581097119799, -0.35518947895366093, 0.1724064090429831], [0.3948017492561273, -0.8307945842969495, 0.3923161193312869], [0.0038877529205929295, 0.42850996807948977, 0.9035286894358934]], "T": [-0.04642392035127747, 0.038731338268000085, 0.030931821052773464], "aligned_model": [[-0.052906355675339134, 0.5904023695479452, -0.5331624109919302, -0.6620175264654535, 0.5742577155766699, 0.022743043669773408, 0.4360003979613094, 0.2290711840342386, -0.12228464948058998, -0.02685614336846301, -0.48366544013728163, -0.03488763093244414], [-0.4127035700949681, -0.39504583601125703, -0.32736840382376015, 0.21895453861707204, 0.28613803578787683, 0.7050348023902543, -0.05486665101098727, 0.19160265758336953, 0.0777021837347502, -0.6551136637878181, 0.6990439785689734, 0.09532863694173685], [-0.5477479552500227, -0.09073211755120708, -0.009725872617537004, -0.450344356930183, -0.0300259092309864, -0.20201688034978055, 0.42999003729979085, -0.6028221685969309, 0.8044175751509107, 0.28403474641082493, 0.07781770870454403, 0.011367420139054733]], "inverted": false, "swapped": false, "error_lsq": 0.05423795278937876, "error_max": 0.3540400292574265, "target": "746.xyz", "model": "6.xyz", "model_rescale": 3.89814844738969, "target_rescale": 3.7235295526716032},
{"mapping": [9, 5, 8, 11, 2, 4, 1, 10, 0, 6, 7, 12], "R": [[0.2106925875624306, 0.6990251424786091, -0.6833538495750261], [0.9773011235301523, -0.16647057918445723, 0.1310345764013956], [-0.022161847688073333, -0.6954504989204848, -0.7182321742015594]], "T": [-0.1078803926264723, 0.1008873761027562, 0.05381518106530364], "aligned_model": [[-0.015919154974645064, 0.4348890639355433, -0.65258561988283, -0.5870638032110771, 0.5237120198152545, -0.02839461524843874, 0.5998207490293338, 0.3216906744400692, 0.049798112869539515, -0.12551742037866143, -0.5764679755151133, -0.00726747714053981], [-0.545300928216469, -0.4417228946017282, -0.26946551226911053, 0.24035508162158978, 0.4161266822700924, 0.7150866709232215, -0.12350209470973664, 0.1584732682292861, 0.15481377912757194, -0.5248963532932868, 0.4789403923757066, 0.16979861743810565], [-0.5560452006330012, -0.06259794179551553, -0.10052770276465794, -0.5835798199825768, -0.00330792209044517, -0.12489415226937856, 0.45829641860469583, -0.5386847990354815, 0.6223570171949397, 0.30966574350952963, 0.31606749010272867, -0.06253690366235938]], "inverted": false, "swapped": false, "error_lsq": 0.043226865413875416, "error_max": 0.21387851038301517, "target": "746.xyz", "model": "7.xyz", "model_rescale": 3.7474275329858107, "target_rescale": 3.7235295526716032},
{"mapping": [9, 4, 7, 10, 1, 0, 2, 12, 3, 8, 6, 14], "R": [[-0.8506880041773942, -0.23496074244880416, 0.47023756661562954], [0.5233069626615198, -0.4632655200346335, 0.7152166670156781], [0.04979701174424733, 0.8545048317329442, 0.5170510131180444]], "T": [0.028296547461730628, 0.007451292266919776, -0.1439673936596206], "aligned_model": [[-0.35676247770576397, 0.5936290772723302, -0.6313121097539103, -0.46497078916388523, 0.5379414364223887, -0.0875590090893435, 0.6580035242444158, 0.24069838799192972, -0.1315598172965423, 0.12190199426858792, -0.6305768536657306, 0.08726119021395809], [-0.6398093159978577, -0.5161920503942781, -0.11436612434718595, 0.43154786108066756, 0.5331617581470582, 0.6094915699409403, -0.01512416222269429, 0.19464262953230482, 0.116775557156597, -0.5146074221681266, 0.3447944866113616, -0.001608078443544908], [-0.25852607824602614, -0.00823741808281317, -0.26209684917204473, -0.5339581558924456, 0.025420956796420813, 0.09756569248261066, 0.41419832375380516, -0.692134777030372, 0.5464156049268263, 0.2848717776704244, 0.20103044533935696, -0.14033729536726539]], "inverted": true, "swapped": false, "error_lsq": 0.056379657993967124, "error_max": 0.3713853823055258, "target": "746.xyz", "model": "8.xyz", "model_rescale": 4.019505241142653, "target_rescale": 3.7235295526716032},
{"mapping": [1, 10, 0, 7, 11, 8, 6, 9, 5, 2, 4, 12], "R": [[0.12741583475345014, 0.9118883946209306, 0.3901599169696235], [0.5886579938837693, -0.3861200601820409, 0.7102063540702472], [0.7982775026836331, 0.13917921856613164, -0.585988202806595]], "T": [0.011268288802011635, -0.02342997549412027, 0.02630680062725757], "aligned_model": [[0.0025780234692838293, 0.7262619753253166, -0.6145632464050287, -0.6287587538597857, 0.4369702230609321, -0.03254894652978085, 0.5549426164889407, 0.2863794689183164, 0.03216837040200404, -0.17603954324192303, -0.6702567367423894, 0.019561102852548848], [-0.5081855616255347, -0.5155215337217907, -0.1477872920902042, 0.3544180570753849, 0.42772835321559644, 0.5926901451085327, -0.2645888421997332, 0.23728496088841292, 0.2978968467021762, -0.4657200037294299, 0.41449401932883123, 0.005997559943000774], [-0.444056679219331, -0.26491422328871184, -0.09825734116527546, -0.490588003970974, 0.07614202508805804, -0.24684696241208345, 0.4438262186072208, -0.5426234428582759, 0.6152354712388187, 0.37165802647605684, 0.20334037246642034, 0.0512967662165548]], "inverted": false, "swapped": false, "error_lsq": 0.04684311548489151, "error_max": 0.21669515755656404, "target": "746.xyz", "model": "9.xyz", "model_rescale": 3.877068213659057, "target_rescale": 3.7235295526716032},
{"mapping": [13, 2, 3, 12, 8, 0, 7, 10, 1, 4, 5, 15], "R": [[-0.8560499056267549, 0.5153033302562047, 0.040509713690538185], [0.27417945067719757, 0.5191216395593297, -0.809529710490964], [-0.43818282474644615, -0.6818909012210814, -0.5856796145753469]], "T": [0.0322057979004669, -0.016112188804776086, -0.20286737845419217], "aligned_model": [[-0.019748597512937817, 0.5067227524191947, -0.5388726091345091, -0.4937728291497761, 0.6287216795069581, -0.09265916884661579, 0.42283715858666693, 0.18343805478077094, -0.06266651051249442, -0.07864664101885424, -0.53341777764827, 0.014759042268301555], [-0.7308891399533984, -0.4634763131730673, -0.2579573928945843, 0.47575254598204003, 0.394942555152397, 0.7375878469857818, -0.11390706552124155, 0.1685419642601518, 0.31528795073167304, -0.4261844493595992, 0.25951106283216857, 0.06949714385292055], [-0.4927520915171249, -0.08017117618220315, -0.0681762762782189, -0.40189195551181767, 0.06269944227014329, 0.020987556185077916, 0.5071536575392972, -0.8708811714964033, 0.593423901678306, 0.32405117090051266, 0.26091838694085484, -0.1811492173499465]], "inverted": false, "swapped": false, "error_lsq": 0.04297543594743935, "error_max": 0.18102549788200817, "target": "746.xyz", "model": "10.xyz", "model_rescale": 4.260839863003843, "target_rescale": 3.7235295526716032},
{"mapping": [5, 6, 4, 9, 7, 8, 0, 10, 1, 3, 2, 11], "R": [[0.8488758256847375, 0.37549037120514095, -0.37204410182165326], [0.518371356863832, -0.4536055058927893, 0.7249366740667054], [0.10344548782428803, -0.8082382236419978, -0.5796982015607973]], "T": [-0.022783992333482862, 0.07327184086734587, -0.03850983817281586], "aligned_model": [[-0.05091313524408259, 0.6217911706919198, -0.5792464552024822, -0.49855152829131627, 0.568854562681224, -0.13667754088753492, 0.6628389921375651, 0.17353985402934244, 0.0004154258415970599, -0.22861556229050514, -0.6128954234668444, 0.016154193739552104], [-0.5764783576067913, -0.4145673951758082, -0.19189297080615178, 0.4398077456228413, 0.34362550281383564, 0.781787541150992, -0.2534195435034784, 0.1544613353701973, 0.2737629750143188, -0.40123839997523036, 0.18245428283854587, 0.09040399315197124], [-0.22193375468817136, -0.26164897333703374, -0.43365539194907565, -0.5629428114028494, 0.04197834092497432, -0.06394935680197475, 0.40106738143474685, -0.6285937350670437, 0.6561308857025482, 0.4476037982922749, 0.29346127405291755, 0.0066945700171648775]], "inverted": false, "swapped": false, "error_lsq": 0.053609735096836676, "error_max": 0.28494679213603086, "target": "746.xyz", "model": "11.xyz", "model_rescale": 3.890672605050136, "target_rescale": 3.7235295526716032},
{"mapping": [9, 5, 11, 10, 7, 4, 8, 12, 0, 6, 2, 13], "R": [[0.023002622375727186, 0.889262523799632, -0.456818391846638], [-0.9507682439160171, -0.12179490833167154, -0.28496622021799745], [-0.309047934347881, 0.44088339055808, 0.8426809658496619]], "T": [-0.05179792024322283, -0.03728342138977799, 0.12258855458190498], "aligned_model": [[-0.05236743705352791, 0.5360512512830747, -0.5563638610341551, -0.455574980309029, 0.6611912108065282, -0.1515880037944048, 0.5368047569105969, 0.17124508455605786, -0.022869155108327127, -0.1395827978437224, -0.622899563529971, 0.0326480488553144], [-0.619903685939314, -0.31080179204355124, -0.15282204530514537, 0.3563213256883596, 0.32105838297108796, 0.6561965795570688, -0.17852722897547757, 0.19938101765726413, 0.23033843178426086, -0.5319638474310843, 0.3717132393224445, 0.08771633160932893], [-0.3935255016190792, -0.3070545930252808, -0.06402924112031838, -0.5713710215352716, -0.17774762460521998, 0.10900653202447193, 0.5134697655708484, -0.5477650148467432, 0.6481703369894374, 0.40480023984283486, 0.01245782214034305, 0.04780052736245499]], "inverted": true, "swapped": false, "error_lsq": 0.04774511267927503, "error_max": 0.26980426843500194, "target": "746.xyz", "model": "12.xyz", "model_rescale": 4.124412569039231, "target_rescale": 3.7235295526716032},
{"mapping": [2, 4, 8, 6, 0, 3, 5, 1, 7, 10, 9, 12], "R": [[0.15732670515043135, -0.6172326410279626, 0.770890507592457], [-0.956781847566493, -0.2885939191158421, -0.03580567017397396], [0.2445747411605661, -0.7319408560116081, -0.6359605170820253]], "T": [-0.0047700045359404695, 0.11403930652320374, 0.0251036491936501], "aligned_model": [[-0.06889705659460928, 0.5763005932978891, -0.5630939709029487, -0.3778191388424955, 0.5068345804730074, -0.006928428923162593, 0.5633822288962314, 0.0784785739076062, -0.07943484572467054, -0.10663036197264422, -0.5756260347936266, -0.009871585082141539], [-0.6420298970289577, -0.39292156325589, -0.14017260868246487, 0.45017553313510583, 0.363547664791794, 0.8271805949154479, 0.036182290102103054, 0.04668076818067107, 0.10695964181957064, -0.532449408200707, 0.3120812858636236, -0.006527592745054503], [-0.3831151576773539, -0.12859700986605532, -0.3471150656046798, -0.41700447710162797, -0.08791723890213743, 0.011753751802974546, 0.5199644414496665, -0.7819879195940675, 0.6475606471894875, 0.36611168665758453, 0.23377573438416313, 0.04078283444052323]], "inverted": false, "swapped": false, "error_lsq": 0.041253544117569395, "error_max": 0.24735714325293096, "target": "746.xyz", "model": "13.xyz", "model_rescale": 3.9028299243045295, "target_rescale": 3.7235295526716032},
{"mapping": [12, 11, 5, 0, 6, 3, 9, 2, 7, 14, 4, 15], "R": [[-0.6031198935843551, 0.738350455171613, -0.3018029146821945], [-0.6690806836042716, -0.6742833157720021, -0.31252687708284377], [-0.43425503196904525, 0.013439323620868832, 0.900689708939864]], "T": [-0.0575672258802519, -0.005014708164608327, -0.12430515299253227], "aligned_model": [[-0.03839145725612504, 0.48049122687412393, -0.5227083774490346, -0.5164402704169196, 0.4967688150756916, -0.04085360103033686, 0.43844222788168574, 0.12723280618629199, 0.010904110996304978, 0.09626333634561726, -0.592121747831655, -0.0028925156372091795], [-0.6132685805288609, -0.5040794060205414, -0.20582938946852225, 0.5749963339434399, 0.34205878217901686, 0.6155894338303406, -0.051611603645651614, 0.27699597725983177, 0.33456250621006073, -0.6774109264948487, 0.3280630461631117, 0.008640535467865671], [-0.46179560561667893, -0.03895752788521281, -0.1979190548401233, -0.4987903052684454, 0.004767726603535485, -0.06720349871491561, 0.46953725672066354, -0.7788803518890579, 0.7127294623854981, 0.4300143726273192, 0.12604249831663883, -0.025332745260743375]], "inverted": false, "swapped": false, "error_lsq": 0.04268078291717808, "error_max": 0.22352568114864269, "target": "746.xyz", "model": "14.xyz", "model_rescale": 3.942246331269136, "target_rescale": 3.7235295526716032},
{"mapping": [11, 13, 6, 9, 3, 5, 12, 4, 0, 8, 2, 14], "R": [[-0.07965545590156828, 0.950961406229125, -0.2988769181583595], [-0.35979892200715335, 0.2521886204504893, 0.8983015281283726], [0.9296234420815794, 0.17909021072633896, 0.32206668929647453]], "T": [-0.018175881962583663, 0.06334972753192748, -0.1091706316464218], "aligned_model": [[-0.029533031091680546, 0.6031585661211374, -0.46894169985012524, -0.6956622753758248, 0.550077238389405, -0.047531677152858255, 0.6560254807022975, 0.3637578381327798, -0.24787297560688515, -0.2895365629982325, -0.43880185467638105, -0.018444492855197316], [-0.5847909663334505, -0.46089837536794875, -0.24608093137750664, 0.37097347319220203, 0.5007848005873601, 0.6876551222734348, -0.019612114354517554, 0.015006939944916933, 0.09569400821639941, -0.5355571666963446, 0.5174995088909005, 0.08803240991979656], [-0.41559465285872144, -0.11527609933485666, -0.22686614595971272, -0.4166476616474014, -0.15699195086560627, 0.0011043409199382181, 0.34541281892604947, -0.5512719608290407, 0.5886191472602504, 0.2988916664423693, 0.3374496610068063, -0.014616935881596932]], "inverted": true, "swapped": false, "error_lsq": 0.048871617904884396, "error_max": 0.2604870402960758, "target": "746.xyz", "model": "15.xyz", "model_rescale": 4.355366556412066, "target_rescale": 3.7235295526716032},
{"mapping": [6, 8, 3, 7, 1, 9, 2, 10, 0, 4, 5, 11], "R": [[0.8648508317790926, -0.3454402006859208, -0.364285748446302], [0.33527204169375785, -0.142667679423726, 0.9312564583971206], [-0.3736652202567303, -0.9275327492859322, -0.007569819850532233]], "T": [0.00735969649197286, 0.0898545545115862, -0.03903259891038465], "aligned_model": [[-0.017645038271508002, 0.6793094443623758, -0.5695193104890721, -0.6038024524770367, 0.46283536361504946, -0.030158769849396323, 0.5666874828828191, 0.2114225700887009, 0.0070485652705477115, -0.2342645303728713, -0.5106781084720957, -0.024540662549078], [-0.6760539125304107, -0.19841952515276873, -0.1632527486041836, 0.4502763375545651, 0.36458676606825535, 0.8284338784934772, -0.286886716864971, 0.061004081538804406, 0.23299685438525822, -0.4921778893266542, 0.33982080245550506, -0.03162121912163472], [-0.3371180671108597, -0.26798173549635745, -0.2238685079030276, -0.5840446040583985, 0.06895532632562121, -0.09420915282467843, 0.4568946574061974, -0.6346514303940626, 0.6562545674969091, 0.4050233642838899, 0.2523667652513225, -0.02340895579807818]], "inverted": false, "swapped": false, "error_lsq": 0.04244088724503764, "error_max": 0.24959707861451114, "target": "746.xyz", "model": "16.xyz", "model_rescale": 3.795458400668931, "target_rescale": 3.7235295526716032},
{"mapping": [9, 5, 8, 11, 2, 4, 1, 10, 0, 6, 7, 12], "R": [[0.2106925875624306, 0.6990251424786091, -0.6833538495750261], [0.9773011235301523, -0.16647057918445723, 0.1310345764013956], [-0.022161847688073333, -0.6954504989204848, -0.7182321742015594]], "T": [-0.1078803926264723, 0.1008873761027562, 0.05381518106530364], "aligned_model": [[-0.015919154974645064, 0.4348890639355433, -0.65258561988283, -0.5870638032110771, 0.5237120198152545, -0.02839461524843874, 0.5998207490293338, 0.3216906744400692, 0.049798112869539515, -0.12551742037866143, -0.5764679755151133, -0.00726747714053981], [-0.545300928216469, -0.4417228946017282, -0.26946551226911053, 0.24035508162158978, 0.4161266822700924, 0.7150866709232215, -0.12350209470973664, 0.1584732682292861, 0.15481377912757194, -0.5248963532932868, 0.4789403923757066, 0.16979861743810565], [-0.5560452006330012, -0.06259794179551553, -0.10052770276465794, -0.5835798199825768, -0.00330792209044517, -0.12489415226937856, 0.45829641860469583, -0.5386847990354815, 0.6223570171949397, 0.30966574350952963, 0.31606749010272867, -0.06253690366235938]], "inverted": false, "swapped": false, "error_lsq": 0.043226865413875416, "error_max": 0.21387851038301517, "target": "746.xyz", "model": "17.xyz", "model_rescale": 3.7474275329858107, "target_rescale": 3.7235295526716032},
{"mapping": [5, 10, 9, 7, 3, 1, 8, 11, 0, 4, 2, 13], "R": [[-0.8030695250785594, -0.3351244789847598, -0.49271789238395897], [0.25207753638102587, 0.5581777617945732, -0.7905026893629608], [0.5399409722758312, -0.7590317317630366, -0.3637781970303281]], "T": [-0.0486726991709313, 0.030561617049166254, -0.09106276365000125], "aligned_model": [[0.06058295235729512, 0.4901892276466683, -0.6065029986777054, -0.45942153815181835, 0.5666194439748521, 0.045795043622306145, 0.46702784279335074, 0.26191767894148593, -0.06325611273442076, -0.1551075803222678, -0.5661042453508913, -0.1050451603604198], [-0.6745908990572762, -0.2747657053863769, -0.3348345098043949, 0.3614927503255183, 0.31157705167000005, 0.7099635190796179, -0.23368260867304858, 0.3772265141752109, 0.26214981394695985, -0.5548092662904459, 0.41195068992354394, 0.06702935898593412], [-0.20956621637687267, -0.3957633059275339, -0.14615535197796198, -0.6288259627819053, -0.03597115451424375, -0.0015791456038343893, 0.33447500366203536, -0.6434156652723507, 0.7122408040548449, 0.4879349626262846, 0.21000150510257132, -0.009163245812555773]], "inverted": false, "swapped": false, "error_lsq": 0.051927844408725506, "error_max": 0.29175918266856143, "target": "746.xyz", "model": "18.xyz", "model_rescale": 3.922800546911778, "target_rescale": 3.7235295526716032},
{"mapping": [5, 8, 3, 7, 4, 11, 6, 13, 2, 1, 9, 14], "R": [[0.22628842030150728, 0.9546698670235768, -0.19338819983296496], [-0.8962960351388322, 0.1263436579615014, -0.42507728413468127], [-0.38137510174611267, 0.26952314388581455, 0.88425692345497]], "T": [0.011491940674340593, -0.0500103539633406, -0.04590943106227804], "aligned_model": [[-0.1168488130921988, 0.498255929268833, -0.6092419164883952, -0.4773490146654198, 0.5778392126311218, 0.04840841698322193, 0.5731782373726366, 0.27818612152881245, -0.3641599354308334, 0.12179981332411632, -0.536842169697436, -0.05653132799602387], [-0.7590415509029528, -0.3447469314358213, -0.12518924256920688, 0.4185781600555823, 0.3959795051639593, 0.6546221222780725, -0.09060787084824967, 0.28858815511570596, 0.06380349734607105, -0.538337036185157, 0.4581417968355788, 0.006916104041660251], [-0.29757812771470726, -0.27081346243790316, -0.1807680861978102, -0.46978481837640773, 0.018982418925897478, -0.1427281274573187, 0.35237202423942804, -0.5807355807296203, 0.5533075897378392, 0.4993907143600019, 0.27635487188827884, -0.08378718905920035]], "inverted": true, "swapped": false, "error_lsq": 0.04713553063172127, "error_max": 0.30918226564864604, "target": "746.xyz", "model": "19.xyz", "model_rescale": 3.9282355846067225, "target_rescale": 3.7235295526716032},
{"mapping": [12, 10, 7, 8, 0, 4, 1, 11, 5, 2, 6, 13], "R": [[-0.470074030731202, -0.8273483171674914, 0.307449455540649], [-0.8599209381125181, 0.35079557478654955, -0.37078085833260277], [0.19891301070520323, -0.43867667682507905, -0.8763540308470643]], "T": [-0.12356817505895787, 0.0899480160019914, -0.05927295410562543], "aligned_model": [[-0.25898235853021456, 0.484750060265131, -0.5124051396482073, -0.5067314416751024, 0.6113585430153291, 0.030599600420329193, 0.4222564058561551, 0.36701403413014166, -0.23535490533072223, 0.13310415827450525, -0.6223443358234786, 0.023429932784568452], [-0.5948447468522815, -0.49340079278983107, -0.3831358912197569, 0.5103549552125501, 0.4051579968247143, 0.6773373588464467, 0.06272334511027769, 0.244917782349784, 0.08751040108471528, -0.5106469423872836, 0.3602678444189584, 0.06246539829694901], [-0.5445730840507863, -0.23784350275464955, 0.055161341787021964, -0.5643130472743172, -0.032395914701426054, -0.2341268984601621, 0.45340154347572664, -0.5579478370416, 0.6300658140028098, 0.4428437849286539, 0.2647541834533926, -0.0008141561861858757]], "inverted": false, "swapped": false, "error_lsq": 0.05305560142062269, "error_max": 0.3207460005890435, "target": "746.xyz", "model": "20.xyz", "model_rescale": 4.067790424073018, "target_rescale": 3.7235295526716032},
{"mapping": [2, 3, 8, 5, 11, 13, 12, 6, 9, 0, 1, 14], "R": [[-0.3905243965596649, 0.8143105131170181, -0.42940550056887783], [0.11455369055124992, -0.41983481808694334, -0.9003422557577712], [-0.9134375444839118, -0.4007956009601429, 0.07067346445590383]], "T": [-0.06362918054678526, 0.03318967736362611, -0.070463938301051], "aligned_model": [[0.04776603650445546, 0.6665921302515199, -0.6155940465212191, -0.47999212525755874, 0.5213403870461207, -0.017288375222374336, 0.4575131305428356, 0.2509885687007566, -0.10142674658049872, -0.13944830886165047, -0.6150431804812219, -0.03871291638272979], [-0.5928451787804465, -0.39850748376396594, -0.10967536542086093, 0.32866474265103995, 0.30844319672194115, 0.7278494572883096, -0.03148672362948487, 0.043141801565056793, 0.23420987766336104, -0.6353273262589333, 0.4699793460401938, 0.08426036481903139], [-0.45697835724258207, -0.13495746496228186, -0.08006930165000684, -0.3667788129244115, -0.06161187356008336, -0.14411056072240264, 0.4874263032737901, -0.7401456013153983, 0.6793441188324209, 0.15712012346525087, 0.35198426833798546, -0.01701061435380368]], "inverted": true, "swapped": false, "error_lsq": 0.03869674928261998, "error_max": 0.24698908232455297, "target": "746.xyz", "model": "21.xyz", "model_rescale": 4.186013935880536, "target_rescale": 3.7235295526716032},
{"mapping": [8, 2, 11, 3, 0, 6, 1, 5, 7, 9, 4, 12], "R": [[-0.01936537815712902, 0.008552245596433514, -0.9997758955006317], [-0.10944828023023032, -0.9939719996919107, -0.006382615694932484], [-0.9938038317915043, 0.10930015061161857, 0.020184672224267786]], "T": [-0.03799898310351537, -0.014670860737160257, 0.036405629635146555], "aligned_model": [[-0.030771577445216063, 0.5015754841544416, -0.5441588671256552, -0.400851078232609, 0.5695327793499565, -0.06653581750597004, 0.5477332736043272, 0.19735188421611835, -0.036260347017132266, -0.08331623568494809, -0.6472119911702712, -0.07039295340460677], [-0.7211062637699338, -0.3243991605168298, -0.2364638204368157, 0.590514705652583, 0.3735104841914181, 0.5412145269723588, -0.041578092877794855, 0.1458319243719252, 0.30124087444988357, -0.5414738540714725, 0.33039396944400024, 0.01102141548592005], [-0.2611929534478201, -0.3668647231852393, -0.26949637027041173, -0.5589324608903471, -0.008414478195935368, 0.041876811456203214, 0.47380357229470454, -0.6828909721495268, 0.6986144279733473, 0.3617911134398352, 0.22981173745692013, 0.016106522696747994]], "inverted": false, "swapped": false, "error_lsq": 0.04556736743526027, "error_max": 0.27156206720508996, "target": "746.xyz", "model": "22.xyz", "model_rescale": 4.166573947596378, "target_rescale": 3.7235295526716032},
{"mapping": [14, 10, 12, 11, 8, 3, 7, 9, 1, 5, 2, 15], "R": [[0.7307869429524603, 0.4141860628858983, -0.542586720553753], [-0.08940924901172997, 0.84610806696927, 0.5254589662387388], [0.6767247817254488, -0.3354862803761194, 0.6553567925016416]], "T": [-0.026062931718132624, 0.07063476421884285, -0.006189776153382308], "aligned_model": [[-0.03758935240157174, 0.479561633718068, -0.5463140211719403, -0.5110618790912828, 0.659875764415712, -0.11087689959335198, 0.5186630296482657, 0.1728526191688099, -0.20691857499824728, 0.04728831364175673, -0.4899672425726845, -0.038818837025099195], [-0.5422524815365842, -0.4632841449861257, -0.19534796906412583, 0.3642030807692726, 0.49653876905287214, 0.6412219965788644, -0.2410071028319305, 0.1976839233547475, 0.1342002411307849, -0.4827138024563835, 0.46118008841418434, 0.05828411046966609], [-0.5064038591586504, -0.14837145684716382, -0.30279278481422583, -0.5545391100556739, -0.05280548202299536, -0.17549262059805312, 0.3366551178800231, -0.5582226384544394, 0.6803593679767628, 0.6098353367795007, 0.28548877860992317, 0.06050157788346965]], "inverted": true, "swapped": false, "error_lsq": 0.04609976912988681, "error_max": 0.2697015499056393, "target": "746.xyz", "model": "23.xyz", "model_rescale": 4.274766983524099, "target_rescale": 3.7235295526716032},
{"mapping": [8, 5, 3, 2, 7, 0, 9, 1, 6, 4, 11], "R": [[-0.5058832733288106, -0.3279561748052888, -0.7978263352216515], [-0.2820798966675764, -0.8111608142359863, 0.5122978287520078], [-0.8151766959758711, 0.48421367272630267, 0.3178428440011943]], "T": [-0.03738841576027535, 0.041500840021968514, -0.02243836883612784], "aligned_model": [[0.5193764641160357, 0.1423121980034453, -0.6211527032366622, -0.4674941868842921, -0.4232630917962301, -0.6787939595588843, 0.049215635720677164, 0.003044101750586614, 0.5625815442225746, 0.3219203028700688, -0.027851601249244413], [-0.1909464086982941, 0.665670656178604, 0.4705762495900225, -0.13452931223178188, 0.6034416581362296, -0.3128598264854279, -0.602796741976668, -0.03893900983735247, -0.14172975130173038, 0.509041645783054, 0.08865737208682822], [-0.4390728784359096, -0.3282243001155562, -0.5432942696781421, -0.2901624012118034, 0.2920760655577451, 0.4226241474994395, 0.06460102803718473, 0.714958770865883, 0.2997096660549432, 0.24396622646875485, -0.05761562102096153]], "inverted": true, "swapped": true, "error_lsq": 0.0477016978799768, "error_max": 0.2675656028540125, "target": "746.xyz", "model": "24.xyz", "model_rescale": 3.7841303162186577, "target_rescale": 3.7235295526716032},
{"mapping": [14, 11, 9, 2, 6, 4, 7, 3, 0, 10, 8, 15], "R": [[0.9632045047718212, 0.016070628520950564, 0.26828868199425104], [0.06888405351512059, -0.9796301894483554, -0.18862576465770856], [0.2597923577755834, 0.2001659981623274, -0.9446912215221872]], "T": [-0.045892830441011764, 0.03006583133585035, -0.0404406711081537], "aligned_model": [[-0.27780219090953, 0.6439153892451723, -0.5370904235806372, -0.6341741601142686, 0.5626885502697575, 0.016189703843345782, 0.3524106113941337, 0.4266115063143174, -0.058815597752815627, -0.0785096705226114, -0.4918052760345039, 0.013076111586074725], [-0.6556834344218404, -0.3014076953015989, -0.25040524294645694, 0.3772819077524135, 0.41929144568816873, 0.7365339674303288, -0.10529871521051408, 0.29397792671115414, 0.1841107231433166, -0.6443130540784955, 0.3111243998839711, 0.06349448024479515], [-0.3648862834231182, -0.10141189673627479, -0.18944271643267635, -0.360064045351925, -0.053033384368721355, -0.27228733267217137, 0.4553782150396343, -0.6371750720732515, 0.6788875729811661, 0.34608793834733614, 0.22718958792354693, -0.05503035605506722]], "inverted": false, "swapped": false, "error_lsq": 0.04520168395852534, "error_max": 0.24788969357475887, "target": "746.xyz", "model": "25.xyz", "model_rescale": 4.19342608120988, "target_rescale": 3.7235295526716032},
{"mapping": [6, 8, 3, 7, 1, 9, 2, 10, 0, 4, 5, 11], "R": [[0.8648508317790926, -0.3454402006859208, -0.364285748446302], [0.33527204169375785, -0.142667679423726, 0.9312564583971206], [-0.3736652202567303, -0.9275327492859322, -0.007569819850532233]], "T": [0.00735969649197286, 0.0898545545115862, -0.03903259891038465], "aligned_model": [[-0.017645038271508002, 0.6793094443623758, -0.5695193104890721, -0.6038024524770367, 0.46283536361504946, -0.030158769849396323, 0.5666874828828191, 0.2114225700887009, 0.0070485652705477115, -0.2342645303728713, -0.5106781084720957, -0.024540662549078], [-0.6760539125304107, -0.19841952515276873, -0.1632527486041836, 0.4502763375545651, 0.36458676606825535, 0.8284338784934772, -0.286886716864971, 0.061004081538804406, 0.23299685438525822, -0.4921778893266542, 0.33982080245550506, -0.03162121912163472], [-0.3371180671108597, -0.26798173549635745, -0.2238685079030276, -0.5840446040583985, 0.06895532632562121, -0.09420915282467843, 0.4568946574061974, -0.6346514303940626, 0.6562545674969091, 0.4050233642838899, 0.2523667652513225, -0.02340895579807818]], "inverted": false, "swapped": false, "error_lsq": 0.04244088724503764, "error_max": 0.24959707861451114, "target": "746.xyz", "model": "26.xyz", "model_rescale": 3.795458400668931, "target_rescale": 3.7235295526716032},
{"mapping": [2, 0, 9, 4, 5, 10, 6, 3, 8, 1, 11, 12], "R": [[0.5385900647717112, 0.8402336333704243, 0.0626752222360589], [0.8421266412657675, -0.5344093866154935, -0.07231408968997312], [-0.027266503252918885, 0.09172812464226777, -0.9954107137006168]], "T": [-0.07579190307569011, 0.019447091643940678, -1.1401178525084765e-05], "aligned_model": [[-0.11871023113481007, 0.5065531807241641, -0.3767580088453913, -0.5261588836183433, 0.41806002755620064, 0.0026534336563453498, 0.5396916640745018, 0.10603420647640943, -0.08234240167423539, 0.012993922306236416, -0.6177652112868122, 0.07244285550416896], [-0.7630963235197326, -0.42596354283600313, -0.2109346687810052, 0.5200183312768903, 0.48169955697078126, 0.7014280731144917, -0.08968480272987919, 0.009801421282231201, 0.13986328864375946, -0.4634669310393662, 0.44573592355610736, 0.08330638295696735], [-0.4007840729012702, -0.39212970240817785, -0.20179826337904636, -0.4954518108402832, 0.3305841172282535, -0.19089015475443635, 0.5389293820939255, -0.7154991968649911, 0.7184652794273132, 0.3305400992844221, 0.19003426887735098, -0.03778771858458209]], "inverted": true, "swapped": false, "error_lsq": 0.0502524180019129, "error_max": 0.4014082760038893, "target": "746.xyz", "model": "27.xyz", "model_rescale": 3.6321398670334006, "target_rescale": 3.7235295526716032},
{"mapping": [4, 7, 1, 5, 8, 0, 12, 3, 9, 6, 11, 14], "R": [[-0.40735216795074214, -0.6927947970689021, -0.5950626693215506], [0.7964114822943684, -0.5883705120593268, 0.1398173501706152], [-0.44698206019427356, -0.4169598418232915, 0.7914237349051256]], "T": [-0.02484190722871359, 0.12196161527642899, 0.050304175198924606], "aligned_model": [[-0.08160424699948439, 0.576649573813647, -0.4428532451402919, -0.49279243229986924, 0.46600905557395306, -0.11692727042699878, 0.6108086693574137, 0.16378759634351875, -0.07192852818611899, -0.09366613849513745, -0.49847645871408286, -0.0823120210881138], [-0.647763437595165, -0.2396548141528008, -0.17375157179706205, 0.405520997199029, 0.28280518203286337, 0.6865529883604853, -0.2518686894113985, 0.20845705801704834, 0.14553716849783377, -0.5413757358376771, 0.46060473895193166, 0.09364282463015404], [-0.2509741547961159, -0.2788294453933494, -0.3799137097320896, -0.6371445171251681, 0.06528066154675166, -0.19903206673863685, 0.42408081791844926, -0.6042930511391117, 0.716486736241577, 0.44924555052651993, 0.3214443287086257, 0.047861077161025736]], "inverted": true, "swapped": false, "error_lsq": 0.04588530610350918, "error_max": 0.23106914275250223, "target": "746.xyz", "model": "28.xyz", "model_rescale": 4.156811204709835, "target_rescale": 3.7235295526716032},
{"mapping": [10, 5, 3, 7, 6, 8, 2, 9, 0, 11], "R": [[-0.5811912735762216, -0.06364184757473806, 0.8112745643468207], [0.5224562324717607, 0.73515629968311, 0.4319545117111885], [-0.6239039899457797, 0.6749036451772294, -0.39401634617896947]], "T": [-0.07969209083300324, -0.04143023266735543, 0.08702571238490599], "aligned_model": [[-0.6230503812856437, 0.040245208784374195, 0.020133633897993525, 0.6236633727523717, -0.1689891518425398, -0.7034436818270593, -0.2354698656868193, -0.4541460815739594, 0.2217326331757263, -0.07775031228385615], [-0.1626823277475794, -0.5408575269411252, 0.19553768956040185, 0.014196336039932617, -0.43399381154538386, -0.4213302987289034, 0.39809431367137504, 0.2274088821261883, 0.7188890943679904, -0.07654202017669251], [-0.46646979640417896, -0.41454454954393505, -0.7674088072757549, -0.1694754665779436, 0.6660219388806983, 0.15193381688325774, -0.1779369347853743, 0.5536146446212707, 0.34414602220675344, 0.03890585897030616]], "inverted": true, "swapped": true, "error_lsq": 0.051425393873731476, "error_max": 0.2723450249544565, "target": "746.xyz", "model": "29.xyz", "model_rescale": 4.117894457231895, "target_rescale": 3.7235295526716032},
