[{"mapping": [7, 9, 3, 11, 8, 12, 5, 6, 4, 2, 1, 0, 13], "R": [[0.7983151087058956, -0.3888451684825922, 0.45988305269887764], [-0.27783846398445916, -0.9152975202949617, -0.2916097345299891], [0.5343208541154375, 0.10502325594666534, -0.8387319837514907]], "T": [0.09463597761564568, 0.06263133434289316, 0.20570861031324295], "aligned_model": [[0.13708592865440072, 0.6373618453169954, -0.2118913370583806, -0.0033480180471585075, -0.3647573080570094, 0.6318939418063022, -0.40210097256839494, -0.618452929580776, -0.32077104605726925, 0.03153102330416352, 0.3053648193807436, 0.6211833550591929, 0.11287387719928571], [-0.48121300059208194, -0.14435695318285602, 0.47929771537208377, -0.5766683312677859, -0.5302213207414729, -0.01571189765719426, -0.0038404293563638475, 0.1251528130828241, -0.15865116450907285, 0.5074257848949579, 0.4373110202897853, 0.5746467078258662, -0.07887282155063051], [-0.31757508281259017, -0.24077504349639145, 0.13067236522794964, 0.46792400838762416, -0.013523390227280718, 0.40654691813099353, 0.7724847278359961, -0.06288319767285083, -0.6260818001845702, -0.41833778772871055, 0.5907444548914463, -0.030935745641090112, 0.12707137270256874]], "inverted": false, "swapped": false, "error_lsq": 0.05525959750642805, "error_max": 0.3284087157450385, "target": "747.xyz", "model": "0.xyz", "model_rescale": 3.8414455957264533, "target_rescale": 3.9291636379757007},
{"mapping": [12, 8, 0, 5, 10, 6, 3, 1, 11, 13, 4, 9, 14], "R": [[0.7323407522400985, -0.09988987576228536, 0.6735718486758497], [-0.678835885184818, -0.02942652016508332, 0.7337001573506159], [-0.05346834197682987, -0.9945632672842735, -0.08935907214759806]], "T": [0.13380322052021248, 0.10327130774282317, 0.14333509733126837], "aligned_model": [[-0.027396234927116375, 0.5825712583324465, -0.23987087192436612, 0.11341497746359747, 0.09459586506769974, 0.7030782615539242, -0.46172509706297155, -0.7278419177759015, -0.4193660827533389, 0.2592655181555606, -0.1072152770293178, 0.7305753277222127, 0.055887452529666815], [-0.33961742874671336, -0.23410700937366163, 0.7157418146813155, -0.33864057720222907, -0.5794002422237912, -0.3161382003264532, -0.12216686839756988, 0.026970717278234302, 0.07968901205643597, 0.42134471891089037, 0.357670855612683, 0.4041053700603089, 0.058845960278609576], [-0.45679309440884586, -0.4126195023244742, 0.03958096356594032, 0.6318235726015339, 0.11498657788155839, 0.4750710857027386, 0.5992962072245259, 0.1277220670626935, -0.5045175088809681, -0.5333742328979658, 0.5592776278938073, 0.00596115872323133, 0.13891687726931934]], "inverted": false, "swapped": false, "error_lsq": 0.05196639209370727, "error_max": 0.2606527879626572, "target": "747.xyz", "model": "1.xyz", "model_rescale": 4.316132596720782, "target_rescale": 3.9291636379757007},
{"mapping": [8, 4, 6, 11, 2, 9, 10, 1, 3, 0, 5, 12], "R": [[-0.028274284294084122, 0.9244451985569183, -0.380265222854677], [-0.9621769733961764, -0.1282863234430482, -0.24032913074290307], [-0.2709539383619125, 0.3590873070473607, 0.8931070871981945]], "T": [-0.06501614008160835, -0.11537115787074458, -0.029067285644348045], "aligned_model": [[-0.24229798649950235, 0.47467225447565936, 0.2368377145829847, -0.5252600858531961, -0.5541000012720282, -0.6418622461258864, -0.2597296265624877, -0.09544170331660949, 0.6366894969524425, 0.2106730798855081, 0.320938065447329, 0.036689592917567335], [-0.5891017217928844, -0.306456000745262, -0.45238372084494977, 0.46321161708573955, -0.2175223652986597, -0.0336304695184506, 0.18445135363789023, 0.4826936640763724, -0.026484276237096746, -0.07568352738262545, 0.5851061117738593, -0.001424237012952398], [0.26113886011256304, 0.13704809821705022, -0.7274759037019485, -0.08592161014950407, -0.4302210321380522, 0.4835637701662512, -0.6624962801595187, 0.5976024168076514, -0.38599803620089035, 0.5288135373909176, -0.13432967581928437, -0.13246568331581401]], "inverted": true, "swapped": true, "error_lsq": 0.04687868446051029, "error_max": 0.23328496641793034, "target": "747.xyz", "model": "2.xyz", "model_rescale": 3.795458400668931, "target_rescale": 3.9291636379757007},
{"mapping": [5, 0, 9, 7, 10, 2, 8, 3, 4, 6, 11, 12], "R": [[-0.42519030177474404, -0.38671057260481095, 0.8183325365108988], [0.0005775644972915162, 0.9040148629008439, 0.42750063634294166], [-0.9051037916703001, 0.18224176439561768, -0.3841550020681998]], "T": [-0.031742801421868104, -0.055222352657664474, 0.07814902879535474], "aligned_model": [[0.11257822950516597, -0.2556452529001538, -0.7944853396201518, 0.297708348792663, 0.20979233481216356, -0.04243614008334399, -0.22924969389135216, 0.658164833289754, 0.2552421536527905, 0.7487010215050932, -0.44537333148895847, 0.07830666216989535], [-0.08708398210796756, -0.6261085360343137, -0.011060127923436046, 0.20769232959236347, 0.5889578380804883, 0.5349190396362936, -0.24472600657824142, -0.2559842463260825, -0.5777249726721713, 0.16095696021089728, 0.42160250673144317, -0.025671757319563886], [-0.714861375575548, -0.034843557607474346, 0.2141530283748025, 0.7459784920590087, -0.15792687243632558, 0.3275102334593234, 0.5930747514740784, -0.2556373655979159, 0.07954501961626491, 0.26956940100863164, -0.31090465564377123, -0.06688566849197425]], "inverted": false, "swapped": true, "error_lsq": 0.05728672502054379, "error_max": 0.40840893896205593, "target": "747.xyz", "model": "3.xyz", "model_rescale": 3.7530521520055578, "target_rescale": 3.9291636379757007},
{"mapping": [10, 6, 3, 4, 5, 8, 11, 2, 9, 0, 12], "R": [[0.37358740528101614, -0.9269333626492575, -0.035028443059014036], [-0.652121631082856, -0.23559810642242762, -0.7205767901646586], [0.6596740322987056, 0.2920412187652751, -0.6924897816234254]], "T": [-0.07368767393512365, 0.05623856891082636, 0.042956162141206344], "aligned_model": [[-0.46517600124144043, -0.2191018429728799, 0.38020049063611516, 0.4202303611813144, 0.3695861412177166, -0.20002661566632907, -0.3589549099263044, -0.701827207821345, -0.3088644301179745, 0.4306175108809659, -0.008483893724633582], [-0.5276444448565187, -0.07142895566785205, -0.26682885565858816, 0.2663198601849749, -0.6126168150529056, 0.6231111202533922, -0.4214754820163711, -0.043597155613249644, 0.31408027367433977, 0.3103310000601952, -0.1030471869930709], [-0.14374329456461774, -0.7663790820972085, -0.5203414614193871, -0.21643182292152446, 0.12572103984997496, 0.09552126116153753, 0.5330855541667843, -0.03473408731005659, 0.7360889908314945, 0.3073875969793457, -0.02334391743102615]], "inverted": false, "swapped": true, "error_lsq": 0.048994449383644924, "error_max": 0.22458770000298917, "target": "747.xyz", "model": "4.xyz", "model_rescale": 3.7855080009869324, "target_rescale": 3.9291636379757007},
{"mapping": [14, 15, 6, 3, 2, 10, 0, 1, 12, 13, 7, 8, 16], "R": [[-0.6251092071156066, -0.7794047559918603, 0.042032196190140314], [0.6087408184570969, -0.5205202731165068, -0.598743067783587], [0.48854180488826293, -0.3486930908578286, 0.7998375042872975]], "T": [0.022364554689096282, 0.045391902626487866, 0.09020873194942089], "aligned_model": [[0.08147575130045656, 0.7322798314611922, -0.06919885131085396, 0.052629815694372736, -0.2725957002318701, 0.6458801157744704, -0.5222501462704389, -0.7339648541134163, -0.36277134624209073, 0.1470278436852593, 0.22461053339227446, 0.6035859733649607, 0.02926421284777861], [-0.4251997380007073, -0.1181841801343276, 0.691656848448675, -0.5244039293513078, -0.631674987450209, -0.037631242058111115, -0.1589491595361036, 0.02232882385958136, -0.017996337127088792, 0.40520603902154134, 0.5166616378739369, 0.4136698138172423, -0.0011854667550627584], [-0.3922296296470086, -0.2952536807967261, 0.0843069906727921, 0.48623061169377846, 0.07111522631215825, 0.4580399114398984, 0.6099331215383005, 0.11340051427858344, -0.46721169455558154, -0.5261195008148581, 0.6364420819145264, -0.057652407519374144, 0.06433025489660582]], "inverted": true, "swapped": false, "error_lsq": 0.041543330046455336, "error_max": 0.21025816590903057, "target": "747.xyz", "model": "5.xyz", "model_rescale": 4.2253639853439635, "target_rescale": 3.9291636379757007},
{"mapping": [5, 10, 9, 3, 6, 4, 7, 12, 11, 8, 0, 1, 13], "R": [[-0.7001014717082436, -0.21135643617532895, -0.6820457361491351], [0.3814556745190204, 0.6967583908910896, -0.6074695984986399], [0.6036136990569304, -0.6854605762625038, -0.407178462962723]], "T": [0.10362733810631775, 0.006062263398419561, 0.02577202484032942], "aligned_model": [[0.14475583843845757, 0.7322952013219934, -0.02504575472913892, 0.06500611787655806, -0.2508720342827592, 0.6624760828794244, -0.43554307422450433, -0.8125288124807115, -0.5051165409245193, 0.1913977896609494, 0.008928530728205208, 0.676630484948542, 0.10358935013959837], [-0.3698277607025693, -0.12200110772252334, 0.6022353152195425, -0.4287257949928663, -0.525973600063712, -0.13173606461517104, -0.13851723144235392, 0.15720687251614926, -0.15906445855531334, 0.3918424014936516, 0.43824158867709223, 0.45552092368310376, -0.03490296088697128], [-0.48192513163434686, -0.41794969552742006, 0.0009253963400763371, 0.5847686422957861, 0.09638366048888072, 0.43761060179580097, 0.5894946979389992, 0.12146413185672264, -0.4299887065226222, -0.5981950483965608, 0.6945887531070749, 0.11720554365193217, 0.0709489540187716]], "inverted": false, "swapped": false, "error_lsq": 0.039817770396079304, "error_max": 0.2454503148411226, "target": "747.xyz", "model": "6.xyz", "model_rescale": 3.89814844738969, "target_rescale": 3.9291636379757007},
{"mapping": [5, 1, 4, 8, 9, 6, 11, 11, 10, 2, 7, 0, 12], "R": [[-0.30170222688557813, -0.41004345642530704, -0.8607207039075282], [0.9055429996799049, -0.40568368486603507, -0.12414758783091834], [-0.2982744407806394, -0.8168752118140832, 0.4937076526657187]], "T": [0.124860693519009, 0.10053225185344375, 0.1393517036532284], "aligned_model": [[0.33223716469755915, 0.7375295774357163, -0.22730315040681467, -0.019538007760897785, -0.1889548823600242, 0.5658770460221496, -0.6165678600518341, -0.6165678600518341, -0.3316572170278623, 0.11619680825433457, 0.12370583577261571, 0.6614841953340522, 0.019531529494934433], [-0.45269504940596583, 0.02688304962044097, 0.6121787721518283, -0.2960892946952741, -0.7193983195284849, -0.3953578628559079, 0.011048551205282586, 0.011048551205282586, -0.05707446306461095, 0.3705887777677829, 0.5503251513285259, 0.34945639093422654, 0.12338386794493358], [-0.36414721031540226, -0.43858362640069654, -0.032968503177592035, 0.6680549627662336, -0.025510425059308034, 0.2696337898590843, 0.4517884756426472, 0.4517884756426472, -0.4135092045459174, -0.5152796845525045, 0.6178490322051653, 0.10645219376386433, 0.00976352358487409]], "inverted": false, "swapped": false, "error_lsq": 0.05926643070536342, "error_max": 0.41430366290992193, "target": "747.xyz", "model": "7.xyz", "model_rescale": 3.7474275329858107, "target_rescale": 3.9291636379757007},
{"mapping": [7, 6, 2, 12, 11, 10, 13, 4, 8, 3, 1, 0, 14], "R": [[0.9193835826181653, -0.2359405516947326, 0.31474733371098257], [-0.22724752401908993, 0.3345395331536698, 0.9145719564826587], [-0.3210800380580839, -0.9123679941905625, 0.2539532483299033]], "T": [0.03325876786182707, -0.04618237846512693, 0.051708962314525334], "aligned_model": [[0.31478896046938, 0.6920257741071394, -0.34568492328287953, 0.05922207844887218, -0.02212385220747009, 0.6618664219508499, -0.6130997251366392, -0.7199915809675791, -0.44370135918961506, 0.21969098609052912, 0.16825082708640338, 0.5929547781792617, -0.008225206196157214], [-0.5401338730290898, -0.018997867723918177, 0.7054749813297303, -0.26901370157745536, -0.6580677501882279, -0.4451464395512834, -0.1984184813702783, 0.164149918925421, 0.12684386317543214, 0.4243108628405766, 0.557951107520439, 0.30013644778171134, -0.01479094552499867], [-0.32329810907533374, -0.4301884668714939, 0.053254361193743646, 0.6264390961536389, 0.14662478215194502, 0.19642749903529055, 0.657643526598139, 0.0762055438784481, -0.404121349055111, -0.45624150266861735, 0.47785646624607375, 0.0835975848736762, 0.08113236695269582]], "inverted": true, "swapped": false, "error_lsq": 0.052323374877329444, "error_max": 0.30319983180669013, "target": "747.xyz", "model": "8.xyz", "model_rescale": 4.019505241142653, "target_rescale": 3.9291636379757007},
{"mapping": [8, 4, 1, 6, 11, 5, 10, 10, 9, 7, 2, 0, 12], "R": [[0.5721174724718636, -0.6827438565575525, -0.45446938733574427], [-0.7928613650552188, -0.3185938541836443, -0.5194889911048995], [0.20988676350637683, 0.6575399473867206, -0.7235943366939014]], "T": [0.11205497689195909, 0.019126348806912913, 0.10654265545783172], "aligned_model": [[0.14342705567655456, 0.8402872439778362, -0.31160008854291166, -0.08795177223261247, -0.04087845949092864, 0.5559185605261867, -0.7272575634373175, -0.7272575634373175, -0.3728558272062776, 0.3576528289016139, 0.3423133162636053, 0.45428559926008294, 0.12988984909358067], [-0.29207053940811245, 0.04601326185720503, 0.5451282317457276, -0.28775041672031865, -0.5739385173646577, -0.4418700513733045, 0.0535289324966225, 0.0535289324966225, -0.11802598171461964, 0.32289890156753787, 0.31686501458712424, 0.5260809834235686, -0.016090628985336218], [-0.4920467036391373, -0.28912074988149317, 0.0945548763994099, 0.7341458653373404, -0.0036161051652243564, 0.30900785564349154, 0.47061775773657544, 0.47061775773657544, -0.3553997778948065, -0.7101506292906308, 0.562947022511752, -0.11373280306015594, 0.10750743297939803]], "inverted": false, "swapped": false, "error_lsq": 0.06217346172082516, "error_max": 0.3889500248772981, "target": "747.xyz", "model": "9.xyz", "model_rescale": 3.877068213659057, "target_rescale": 3.9291636379757007},
{"mapping": [9, 14, 12, 7, 8, 2, 1, 0, 11, 10, 3, 6, 15], "R": [[0.1888405880651463, 0.16184190414733826, -0.9685795942312503], [-0.9720587048328793, 0.17085144191776297, -0.16097098854528594], [0.13943136898788244, 0.9719140820343046, 0.1895835184966772]], "T": [0.14935811454288686, 0.07303338545482224, 0.15003241385513086], "aligned_model": [[0.2933968761757484, 0.7385140042752797, -0.2904323057140088, 0.019545863249595397, -0.25804466712214746, 0.5707264535209232, -0.46458928203462824, -0.642391274338865, -0.33735509754682746, 0.24721871625418695, 0.2543309017196844, 0.3646219430150034, 0.06043104789815039], [-0.40589048747706696, -0.06208044013873443, 0.6573140023297737, -0.5751597686124508, -0.5596554387557338, -0.43129992058603867, -0.14601460426917573, 0.13255482316579423, 0.07568966952091832, 0.2133209179934838, 0.5289312027171617, 0.6223147618281784, 0.0842734048919491], [-0.2806995944549602, -0.3440942281767392, -0.002924320903490929, 0.6288653532518439, -0.020410424125097498, 0.24196715850747, 0.7227393045391886, 0.09210021821245473, -0.4047274166985755, -0.538410387187043, 0.5788671569625362, -0.02956722101578596, 0.14162620050129363]], "inverted": true, "swapped": false, "error_lsq": 0.044148116663496786, "error_max": 0.27594770269074764, "target": "747.xyz", "model": "10.xyz", "model_rescale": 4.260839863003843, "target_rescale": 3.9291636379757007},
{"mapping": [9, 11, 10, 2, 6, 7, 8, 0, 5, 3, 4, 12], "R": [[-0.5940689757265549, 0.3766945666617494, 0.7107624466210346], [0.7552436268780895, 0.5653693670805904, 0.3316090210276583], [-0.27692799811364543, 0.7337974394984013, -0.6203645715596267]], "T": [0.08572806662606935, 0.048070814203371864, -0.0831101809242017], "aligned_model": [[0.5371498393098346, 0.19311256339344576, -0.41678080433181897, -0.370099233067103, -0.6546847251747884, -0.533036086201343, 0.17214750385699742, 0.6452358113458238, 0.271185490281852, -0.1487641102647635, 0.22417184352263325, 0.03926055642336006], [-0.08921179711956304, -0.649876442753837, -0.4750725061893324, -0.16380939249659845, 0.25181601891059013, 0.43750566587675266, 0.48339591803445137, 0.28094769884930765, -0.4537748330370357, 0.12809613060865369, 0.4674347925092859, -0.044372747659740835], [-0.6992233501939764, -0.30928075299450575, -0.02977096219623382, -0.48046452108554266, 0.23742781097678434, -0.3816563281129359, -0.46138632627513126, 0.06362122991397465, 0.5205997785732284, 0.6694192917052808, 0.317312689913181, 0.06957951717138083]], "inverted": true, "swapped": true, "error_lsq": 0.04249474324249444, "error_max": 0.2807982003577208, "target": "747.xyz", "model": "11.xyz", "model_rescale": 3.890672605050136, "target_rescale": 3.9291636379757007},
{"mapping": [0, 3, 5, 2, 1, 4, 11, 9, 6, 8, 12, 7, 13], "R": [[-0.8853221139239211, 0.3255912941153535, -0.3319564185153961], [0.4503994332884924, 0.423122623587338, -0.7861981912355005], [-0.11552101579662599, -0.8455516274035886, -0.5212459499165998]], "T": [-0.06917866346102752, -0.029961468806987558, 0.06817416377404102], "aligned_model": [[0.2551915917947564, 0.775339942067365, -0.12610263629951218, 0.042096724589159445, -0.14433394326649776, 0.5087893663157664, -0.4107538072848087, -0.6627657271337182, -0.510906584511997, 0.10557964264928854, 0.14477188796237417, 0.5109022914040219, 0.06816443106589704], [-0.4001409352332229, -0.04971612794845562, 0.7426870519309663, -0.4927164108096588, -0.7589525855693566, -0.27336402583320185, -0.2619096758998409, 0.43609480851801824, -0.14253565923786513, 0.20466876461789052, 0.4882348902541125, 0.5948897999590824, 0.047058227859590455], [-0.2580859163597395, -0.30527092504172954, -0.0007178281611214671, 0.5964163291992111, -0.19301910947233042, 0.38084842816779113, 0.43188918167050633, 0.258611450637175, -0.2843337642990426, -0.590308359795547, 0.5589183351571705, 0.06259312438283927, 0.12779085332791196]], "inverted": true, "swapped": false, "error_lsq": 0.05324311848223548, "error_max": 0.30992810939414434, "target": "747.xyz", "model": "12.xyz", "model_rescale": 4.124412569039231, "target_rescale": 3.9291636379757007},
{"mapping": [5, 7, 6, 2, 4, 10, 1, 1, 0, 3, 8, 9, 12], "R": [[0.34490141762679455, -0.2769907414659011, -0.8968384142426093], [-0.7991198405954664, 0.41456897992614733, -0.4353619657821182], [0.4923926202591833, 0.8668383298084853, -0.07836336828602855]], "T": [0.12324153166832785, 0.04126915414025616, -0.043385683601591715], "aligned_model": [[0.299692704339675, 0.6933133856960688, -0.15521200938032598, -0.032111381401786404, -0.16891592298467556, 0.6040184992228964, -0.5929227104806931, -0.5929227104806931, -0.2665238039907086, -0.04262526366851044, 0.11974135967712368, 0.5251003465349039, 0.1653406862688206], [-0.5275153695941741, -0.04804829870081435, 0.6290102868505186, -0.3215142339898389, -0.6762284910201827, -0.38840676580621, 0.11625248850937742, 0.11625248850937742, -0.13576672915025995, 0.5168320598587359, 0.35643526060018904, 0.5351862689718564, -0.038190842430516035], [-0.5114615623812149, -0.28857570864217397, 0.11357546185167912, 0.7225446000054734, 0.0912152325521627, 0.3155596932800483, 0.3365492802313516, 0.3365492802313516, -0.43518751174966314, -0.5484416257260366, 0.6012492479940834, 0.013153228581531604, 0.0386021831845014]], "inverted": false, "swapped": false, "error_lsq": 0.05740464801046563, "error_max": 0.3821279874222241, "target": "747.xyz", "model": "13.xyz", "model_rescale": 3.9028299243045295, "target_rescale": 3.9291636379757007},
{"mapping": [3, 0, 13, 1, 6, 2, 11, 14, 10, 4, 12, 8, 15], "R": [[-0.20756084534819694, 0.5439011038886179, 0.813074464404759], [-0.9483601732419993, 0.09191895271581196, -0.3035850588221265], [-0.23985720186550064, -0.8340998113657454, 0.49673536958110914]], "T": [0.047130226958683505, -0.02422320901570091, 0.02045458997111535], "aligned_model": [[0.2941622837224599, 0.7665391171823746, -0.2855408450779741, 0.03497148750280964, -0.048671780135048484, 0.6742006440967704, -0.41562791311409697, -0.7801930851343271, -0.4735832628998109, 0.1503501942142858, 0.02861067156410034, 0.6545531213374285, -0.04379745390687621], [-0.4586306598698081, -0.023399840298608143, 0.6930203013294167, -0.3803352046020929, -0.6793704005796353, -0.2562221057392271, -0.09662177589664787, 0.23463197838798205, 0.23501674898018388, 0.10952378937962193, 0.4148400097867638, 0.4289945640820071, -0.08714928235189709], [-0.35231179103935883, -0.3914514429730531, 0.10730536137257302, 0.5638100605399944, 0.09799422546122602, 0.32885201769241956, 0.5918301579191092, 0.19816441526113301, -0.445383050958269, -0.6359147059764501, 0.5600107083904067, 0.16924382711724228, -0.006817983393878391]], "inverted": true, "swapped": false, "error_lsq": 0.04482764174864795, "error_max": 0.25618420039592377, "target": "747.xyz", "model": "14.xyz", "model_rescale": 3.942246331269136, "target_rescale": 3.9291636379757007},
{"mapping": [2, 0, 11, 3, 5, 12, 4, 10, 9, 7, 13, 8, 14], "R": [[0.9578775931687507, 0.2845074602336201, 0.039064326138521344], [0.18542384666539524, -0.5088590657318819, -0.840642877987011], [-0.21929093367727198, 0.8124764343006459, -0.5401791648268738]], "T": [-0.00701559806956463, 0.012993390485726435, 0.0957935167553543], "aligned_model": [[0.23426411186818152, 0.6090457111115237, -0.14728817615196704, -0.05290847967436138, -0.05563435446379062, 0.5694808934840974, -0.3475504632434972, -0.7083781114167612, -0.49719755405172006, 0.17444736311039555, 0.2252704134955067, 0.4751519053359645, 0.0772699199485231], [-0.39909792112593745, -0.09313823367278216, 0.6897306767690868, -0.5341938104034575, -0.5938519376131528, -0.16113581308108246, 0.04820625634832092, 0.13974220776699417, -0.05341384229304287, 0.18932326122113594, 0.3585533974469396, 0.5718853418588163, -0.028311460613779402], [-0.4997002037035789, -0.29140413890880146, 0.2867418706327827, 0.5595045702161432, -0.0835233047655416, 0.6484299920754837, 0.5716716908727635, 0.12782285068950494, -0.5394025439979664, -0.7208817421666197, 0.7940494418469171, -0.13657518087375853, 0.06859849749576609]], "inverted": true, "swapped": false, "error_lsq": 0.04907607546731925, "error_max": 0.27139877713861693, "target": "747.xyz", "model": "15.xyz", "model_rescale": 4.355366556412066, "target_rescale": 3.9291636379757007},
{"mapping": [8, 4, 6, 11, 2, 9, 10, 1, 3, 0, 5, 12], "R": [[-0.028274284294084122, 0.9244451985569183, -0.380265222854677], [-0.9621769733961764, -0.1282863234430482, -0.24032913074290307], [-0.2709539383619125, 0.3590873070473607, 0.8931070871981945]], "T": [-0.06501614008160835, -0.11537115787074458, -0.029067285644348045], "aligned_model": [[-0.24229798649950235, 0.47467225447565936, 0.2368377145829847, -0.5252600858531961, -0.5541000012720282, -0.6418622461258864, -0.2597296265624877, -0.09544170331660949, 0.6366894969524425, 0.2106730798855081, 0.320938065447329, 0.036689592917567335], [-0.5891017217928844, -0.306456000745262, -0.45238372084494977, 0.46321161708573955, -0.2175223652986597, -0.0336304695184506, 0.18445135363789023, 0.4826936640763724, -0.026484276237096746, -0.07568352738262545, 0.5851061117738593, -0.001424237012952398], [0.26113886011256304, 0.13704809821705022, -0.7274759037019485, -0.08592161014950407, -0.4302210321380522, 0.4835637701662512, -0.6624962801595187, 0.5976024168076514, -0.38599803620089035, 0.5288135373909176, -0.13432967581928437, -0.13246568331581401]], "inverted": true, "swapped": true, "error_lsq": 0.04687868446051029, "error_max": 0.23328496641793034, "target": "747.xyz", "model": "16.xyz", "model_rescale": 3.795458400668931, "target_rescale": 3.9291636379757007},
{"mapping": [5, 1, 4, 8, 9, 6, 11, 11, 10, 2, 7, 0, 12], "R": [[-0.30170222688557813, -0.41004345642530704, -0.8607207039075282], [0.9055429996799049, -0.40568368486603507, -0.12414758783091834], [-0.2982744407806394, -0.8168752118140832, 0.4937076526657187]], "T": [0.124860693519009, 0.10053225185344375, 0.1393517036532284], "aligned_model": [[0.33223716469755915, 0.7375295774357163, -0.22730315040681467, -0.019538007760897785, -0.1889548823600242, 0.5658770460221496, -0.6165678600518341, -0.6165678600518341, -0.3316572170278623, 0.11619680825433457, 0.12370583577261571, 0.6614841953340522, 0.019531529494934433], [-0.45269504940596583, 0.02688304962044097, 0.6121787721518283, -0.2960892946952741, -0.7193983195284849, -0.3953578628559079, 0.011048551205282586, 0.011048551205282586, -0.05707446306461095, 0.3705887777677829, 0.5503251513285259, 0.34945639093422654, 0.12338386794493358], [-0.36414721031540226, -0.43858362640069654, -0.032968503177592035, 0.6680549627662336, -0.025510425059308034, 0.2696337898590843, 0.4517884756426472, 0.4517884756426472, -0.4135092045459174, -0.5152796845525045, 0.6178490322051653, 0.10645219376386433, 0.00976352358487409]], "inverted": false, "swapped": false, "error_lsq": 0.05926643070536342, "error_max": 0.41430366290992193, "target": "747.xyz", "model": "17.xyz", "model_rescale": 3.7474275329858107, "target_rescale": 3.9291636379757007},
{"mapping": [10, 11, 0, 9, 5, 7, 6, 4, 8, 3, 2, 1, 13], "R": [[0.21291483676002176, -0.9418316986636746, 0.2600390810623483], [-0.48561135966234775, 0.12893958614127288, 0.8646133184797715], [-0.847849561923776, -0.3103669352846957, -0.4299110208259918]], "T": [0.11833387254173292, -0.04409149045192081, 0.04880186676231013], "aligned_model": [[0.12657187771381956, 0.754217949932732, -0.3151260060491313, -0.07953691495499574, -0.2741532874330995, 0.7447459309216133, -0.3335120130268322, -0.7022604227946941, -0.3821116944448655, 0.2580797754964699, 0.163954845855093, 0.5113436893128868, 0.08375944882309878], [-0.4310273761716531, -0.13767189794180487, 0.6666271530412134, -0.3936316053048708, -0.6329014079450476, -0.19653708881042892, 0.05925713214548548, -0.09154994466498806, 0.08990640691056831, 0.24807268222163956, 0.3979127629286889, 0.5223861810227157, 0.0334551251765406], [-0.5227330193789711, -0.2807900161181386, 0.12712130383984022, 0.5839588768257923, -0.10112026965163345, 0.4384010899310617, 0.6653674913006148, 0.16541455734795993, -0.4496489825745063, -0.5476043371981897, 0.6023212346231591, -0.007454230257073424, 0.11209810072317974]], "inverted": true, "swapped": false, "error_lsq": 0.0447153186407792, "error_max": 0.3287023548319984, "target": "747.xyz", "model": "18.xyz", "model_rescale": 3.922800546911778, "target_rescale": 3.9291636379757007},
{"mapping": [0, 5, 4, 7, 3, 12, 11, 10, 2, 1, 13, 8, 14], "R": [[-0.9424180815821579, 0.1630679172935863, 0.29198803718052757], [-0.15225777256243925, -0.9865460676133513, 0.05953509192868914], [0.297767913317284, 0.01164949896626681, 0.9545672102961139]], "T": [0.0513028510768731, 0.08798940666820759, 0.022456381392745625], "aligned_model": [[0.24869740129569423, 0.7286722211384873, -0.25758996048402455, -0.07133512924055377, 0.12544576800468848, 0.6234177187150034, -0.40268863451177145, -0.7164475667425043, -0.4723121814832634, 0.06506924803851813, 0.18457826124823395, 0.47405508564040366, 0.02641094773318364], [-0.4927737610843977, -0.08739977137816532, 0.6635069446074942, -0.4543458027387686, -0.5471090863721735, -0.30551066444283154, 0.11893084301371032, 0.33394473349524273, -0.18855278303065653, 0.2749893694502857, 0.27299622171537985, 0.5299359501290937, 0.015685929243845945], [-0.5451633594573648, -0.28240931512338385, 0.3342767360562451, 0.5960794854251834, 0.005078936460382884, 0.3918563229595045, 0.5703413796348014, -0.0033490522770023984, -0.3806325390471378, -0.6936612934135962, 0.6703945653655242, 0.0412833544934741, 0.08123657833646444]], "inverted": false, "swapped": false, "error_lsq": 0.0483201110837044, "error_max": 0.25168644159808645, "target": "747.xyz", "model": "19.xyz", "model_rescale": 3.9282355846067225, "target_rescale": 3.9291636379757007},
{"mapping": [2, 1, 4, 12, 7, 10, 9, 8, 6, 3, 11, 0, 13], "R": [[0.09191832453098497, 0.988993867817181, -0.11594029082001378], [0.9957036323272925, -0.08997852041104581, 0.021866468276234157], [0.011193667212003305, -0.11745209782993171, -0.9930154613749455]], "T": [-0.06759589129713225, -0.029631573116627112, -0.008902509565671013], "aligned_model": [[0.5070219193818861, 0.5914844234946123, -0.1667976197689838, -0.1285515504729223, -0.23341979732311294, 0.6034121559954849, -0.31147259046302334, -0.7005891423855286, -0.4973519130265288, 0.13115146758686083, 0.1677626558061717, 0.502150017311678, 0.09117315321550093], [-0.5780458142555079, 0.04519962765557386, 0.5944374599438087, -0.5895526661330216, -0.6288916102015826, -0.2779077169435291, -0.051066807664910105, 0.3090530965913942, -0.05117993042311292, 0.4332695003617037, 0.4079001227202498, 0.5312297340580701, -0.010146873101077071], [-0.2274714966759086, -0.35749141695031267, -0.0008586309600484392, 0.6279390111263587, -0.047472141698315214, 0.47103655517740434, 0.6380051434742313, 0.24256084305155817, -0.5005217566886644, -0.5679885071105957, 0.5073682922132823, 0.023053427827090425, -0.022827523372985718]], "inverted": true, "swapped": false, "error_lsq": 0.04926012419500609, "error_max": 0.36994437219352916, "target": "747.xyz", "model": "20.xyz", "model_rescale": 4.067790424073018, "target_rescale": 3.9291636379757007},
{"mapping": [8, 2, 12, 13, 5, 6, 10, 9, 7, 0, 11, 3, 14], "R": [[-0.5741039035033361, -0.8016971774236977, -0.1663921383152107], [0.8184656969963683, -0.5675589784758764, -0.08939076457704548], [-0.022773028399434098, -0.1875058443417046, 0.9819994641114745]], "T": [0.08808504766546899, -0.08730865673269061, 0.031210687644445623], "aligned_model": [[-0.04096221720120663, 0.7135383168594887, -0.1638303744309909, -0.1261352093178089, 0.06220112653525441, 0.7547650809354962, -0.5135480228307053, -0.6352833507759438, -0.4362344316319431, 0.15240149317051888, 0.17386328681826832, 0.584272662547068, 0.0309248186745993], [-0.44376964174897704, 0.05027285103965892, 0.6205035930022229, -0.37819232062141706, -0.6747268704543019, -0.21008292601012218, 0.01458611777855151, 0.19641062251668517, -0.06926774938960156, 0.2519177749013546, 0.23867884098034498, 0.5996800970800854, -0.06171226646642418], [-0.39475910743110004, -0.34773715614481787, 0.18139159899089619, 0.6308938378645319, 0.08351733801437522, 0.3278942138770957, 0.5779665060554773, 0.04828201411342689, -0.4992867831321028, -0.58947188214416, 0.5829411462941261, 0.10597244005634879, 0.07772763299899754]], "inverted": false, "swapped": false, "error_lsq": 0.04465957436999771, "error_max": 0.2384362803543906, "target": "747.xyz", "model": "21.xyz", "model_rescale": 4.186013935880536, "target_rescale": 3.9291636379757007},
{"mapping": [8, 2, 7, 3, 11, 5, 4, 10, 9, 1, 6, 0, 12], "R": [[-0.6028663962491214, 0.24333386303513593, 0.7598294146543654], [0.7761849715954622, 0.3992658302687445, 0.48797918669668905], [-0.1846320615249401, 0.8839544263593052, -0.42957603980767245]], "T": [0.03705981878862197, 0.0029154865058324334, 0.023469397684660352], "aligned_model": [[0.10555364813748631, 0.642073982511516, -0.3290657177511851, 0.25743484680746237, -0.18446923141978266, 0.7027324887142651, -0.4789749820841669, -0.7798589993775558, -0.30054672062150856, 0.18869622329000296, 0.11273413972500584, 0.589109952047322, 0.03055354937323371], [-0.5496851218833884, -0.16727184827177047, 0.6323681272388463, -0.3122390386035834, -0.5770603594639165, -0.3180710608676928, 0.0047962950541126995, 0.1574102074154737, -0.041590487223412353, 0.5964346248326894, 0.2621525516068164, 0.46243269150152444, -0.015378458727639894], [-0.5034170166900205, -0.36984133906298405, 0.11327588101703093, 0.8627852661545364, 0.13974010215184612, 0.2523499539452254, 0.5346647572252687, -0.04776583499477389, -0.4956566015566221, -0.37636140303232396, 0.5102161390665007, 0.10010509229474654, 0.0652368028946646]], "inverted": true, "swapped": false, "error_lsq": 0.057218936333724844, "error_max": 0.4075443092439487, "target": "747.xyz", "model": "22.xyz", "model_rescale": 4.166573947596378, "target_rescale": 3.9291636379757007},
{"mapping": [1, 4, 10, 12, 6, 3, 14, 13, 5, 0, 9, 8, 15], "R": [[-0.0881179035433905, 0.8911104499984912, 0.44514874028644025], [0.554564242008917, 0.4151129508823669, -0.7212071404907259], [-0.8274622266666882, 0.18331231249760765, -0.5307568742151025]], "T": [0.126153732611387, -0.03325852504222632, 0.16019156345199687], "aligned_model": [[0.13212757245031978, 0.7254590508291435, -0.36406221743310374, -0.15173028256933455, -0.14583930369988204, 0.7002847847192455, -0.4514217610685193, -0.6898020849216079, -0.4614015899205196, 0.25494193133597104, 0.30213410558061377, 0.5966918846132182, 0.10859108943654984], [-0.3757904267892337, 0.016221672791683128, 0.5313739094988135, -0.4463830567498092, -0.7118951642727955, -0.11945757043900879, 0.1213281513917992, 0.17087006143020758, -0.06520000859097133, 0.1842851747733775, 0.2801969436246055, 0.6091872488326326, -0.060438812893241683], [-0.46489664663542657, -0.2619912866767415, 0.20285031742248216, 0.5862079371251785, -0.05094756617318427, 0.31630021662109997, 0.6783491377377933, 0.06344052772331477, -0.42702259321870056, -0.6162387949046495, 0.6410509439101124, 0.01899519181936099, 0.09923441466245475]], "inverted": true, "swapped": false, "error_lsq": 0.04526890592473198, "error_max": 0.2642771174261178, "target": "747.xyz", "model": "23.xyz", "model_rescale": 4.274766983524099, "target_rescale": 3.9291636379757007},
{"mapping": [5, 11, 10, 6, 2, 7, 4, 8, 0, 9, 12], "R": [[-0.7305792984403678, 0.4363476253417899, 0.5252186578454361], [-0.36802382654148674, -0.8995256342929139, 0.2353977407446658], [0.5751628915256459, -0.0213162639435757, 0.8177611296114203]], "T": [0.015934129721518003, 0.04035101862720476, 0.06776457090076721], "aligned_model": [[0.38057174346684286, 0.16715665009424557, -0.3933781199897729, -0.6671439918802586, -0.4774057364188409, -0.6950085527467045, 0.17431939614484732, -0.03147720977527402, 0.5579778533803534, 0.35136839230575523, 0.012914279376881652], [-0.020505061132309974, 0.6991366807701824, 0.34974550045769975, -0.364582211418949, 0.4488011862913568, -0.054454767993244516, -0.5322000413951432, 0.002390965794853414, -0.2016061085726124, 0.5927279713707077, -0.0038675829290574643], [-0.6492048657128111, -0.2371093899382033, -0.4477717596972874, -0.18103489442988907, 0.08637794763860808, 0.3982653236858358, 0.11747062887056123, 0.6477475935613388, 0.2586991590968811, 0.4974006112123479, -0.11127392026580488]], "inverted": true, "swapped": true, "error_lsq": 0.053369039249453, "error_max": 0.3124122249581161, "target": "747.xyz", "model": "24.xyz", "model_rescale": 3.7841303162186577, "target_rescale": 3.9291636379757007},
{"mapping": [9, 10, 3, 1, 8, 7, 4, 5, 12, 14, 6, 11, 15], "R": [[0.5245230101121174, 0.7185611911163909, -0.45666774189153897], [0.5769885505892445, 0.09441138565325297, 0.811277204627343], [0.6260669487777218, -0.6890256199013404, -0.36508063598022733]], "T": [0.11455397154992475, -0.07547217606788728, 0.05280260460301657], "aligned_model": [[-0.021980806094845012, 0.7689680977414621, -0.2772474021058696, -0.0027732664204290214, -0.03430536017543587, 0.7031005312524562, -0.4368505444680708, -0.7235176004779581, -0.37361186029493587, 0.19114600311181443, 0.11913399078283401, 0.5359333916161232, 0.10797800488494927], [-0.3093587303732743, -0.19297443363082528, 0.5929962523310941, -0.5525359292816728, -0.6387963584487778, -0.03526711097796306, -0.0341787238575396, 0.17853666842945295, 0.18670017649850304, 0.07981338395059284, 0.3235711500807973, 0.5637267272946982, -0.027934949407026344], [-0.4656528348850558, -0.3511658052829277, 0.2733553907300109, 0.611086482574634, 0.152625189933408, 0.32630225707754673, 0.5537539529172685, 0.003261787900798993, -0.46501172949479064, -0.7213543677621047, 0.6551064311914334, 0.11017607798077433, 0.10284896653209832]], "inverted": false, "swapped": false, "error_lsq": 0.047221958809877534, "error_max": 0.28721602247154254, "target": "747.xyz", "model": "25.xyz", "model_rescale": 4.19342608120988, "target_rescale": 3.9291636379757007},
{"mapping": [8, 4, 6, 11, 2, 9, 10, 1, 3, 0, 5, 12], "R": [[-0.028274284294084122, 0.9244451985569183, -0.380265222854677], [-0.9621769733961764, -0.1282863234430482, -0.24032913074290307], [-0.2709539383619125, 0.3590873070473607, 0.8931070871981945]], "T": [-0.06501614008160835, -0.11537115787074458, -0.029067285644348045], "aligned_model": [[-0.24229798649950235, 0.47467225447565936, 0.2368377145829847, -0.5252600858531961, -0.5541000012720282, -0.6418622461258864, -0.2597296265624877, -0.09544170331660949, 0.6366894969524425, 0.2106730798855081, 0.320938065447329, 0.036689592917567335], [-0.5891017217928844, -0.306456000745262, -0.45238372084494977, 0.46321161708573955, -0.2175223652986597, -0.0336304695184506, 0.18445135363789023, 0.4826936640763724, -0.026484276237096746, -0.07568352738262545, 0.5851061117738593, -0.001424237012952398], [0.26113886011256304, 0.13704809821705022, -0.7274759037019485, -0.08592161014950407, -0.4302210321380522, 0.4835637701662512, -0.6624962801595187, 0.5976024168076514, -0.38599803620089035, 0.5288135373909176, -0.13432967581928437, -0.13246568331581401]], "inverted": true, "swapped": true, "error_lsq": 0.04687868446051029, "error_max": 0.23328496641793034, "target": "747.xyz", "model": "26.xyz", "model_rescale": 3.795458400668931, "target_rescale": 3.9291636379757007},
{"mapping": [2, 0, 5, 4, 9, 3, 11, 8, 1, 6, 10, 7, 12], "R": [[-0.28785153599584373, -0.425647458576377, -0.8578844527279332], [-0.836089520948821, -0.325138342352198, 0.441858994807208], [-0.4670072870784834, 0.8444579914595733, -0.26228780847698346]], "T": [-0.061489294604083276, -0.07120177207935255, 0.05645703485033783], "aligned_model": [[0.28079397571224174, 0.611972301003479, -0.07551929380124614, 0.06745036542039134, -0.0550986565545477, 0.6306287588688873, -0.544926143978013, -0.6619996553135865, -0.2604138623377818, -0.1511261247627245, 0.10787053776070141, 0.5557905795212704, 0.05055039781302368], [-0.7201687569843336, -0.09167212913114398, 0.6800731621446922, -0.3244967395078583, -0.5003276539456554, -0.26983098998660293, -0.12369021171071529, 0.31300627679112136, -0.13325140558835177, 0.5365231527528097, 0.28155571858801065, 0.4356098187053795, 0.05096788048070701], [-0.42987508342286684, -0.430681175329076, 0.10388698540291186, 0.8426372980118794, 0.07003743886480157, 0.2195385871430412, 0.580964773692967, -0.09362025180509957, -0.497557432365627, -0.49474403018194235, 0.6519113391161392, 0.20584132811925282, 0.05699202216671348]], "inverted": false, "swapped": false, "error_lsq": 0.06284992361157128, "error_max": 0.42654654610592174, "target": "747.xyz", "model": "27.xyz", "model_rescale": 3.6321398670334006, "target_rescale": 3.9291636379757007},
{"mapping": [8, 12, 1, 11, 10, 9, 2, 5, 3, 7, 13, 6, 14], "R": [[0.8724371993633505, 0.32960790523474126, -0.3608489462002065], [0.42544126528096793, -0.8755775180679438, 0.22883124710167682], [-0.24052663670197266, -0.3531609245949295, -0.904115201938388]], "T": [0.0452139329561996, -0.025488704467567153, -0.002165723844807635], "aligned_model": [[0.16606998834971098, 0.752036221813101, -0.3255970493902356, -0.061667567151842136, 0.0926643889742626, 0.5588132278019053, -0.4787534674217462, -0.8140734327505074, -0.4563154374426317, 0.16247654157499158, 0.28260451197664155, 0.6429389202926057, 0.03477633272583887], [-0.31916829454335605, -0.01621801212607067, 0.5138746932834487, -0.2813249734278044, -0.7917627611879677, -0.2695591443931411, 0.1503132716962375, 0.10706493068087483, 0.07488037158127041, 0.23335918347010196, 0.2746552637979215, 0.44063684339262454, 0.017546750383919535], [-0.4098122963094859, -0.4309151111313084, 0.1351424575722367, 0.5771873505734377, 0.12130150750644862, 0.348857845034491, 0.5705431832366993, 0.12442052546594669, -0.46037355787070855, -0.7233693258421775, 0.7189699383022219, 0.16917968836834596, 0.0441995945069473]], "inverted": false, "swapped": false, "error_lsq": 0.05313265011156406, "error_max": 0.3201478198759681, "target": "747.xyz", "model": "28.xyz", "model_rescale": 4.156811204709835, "target_rescale": 3.9291636379757007},
