[{"mapping": [7, 0, 8, 9, 12, 3, 13, 11, 2, 5, 10, 1, 6, 14], "R": [[-0.17226678895376737, -0.9058480352386523, -0.38699288168883894], [0.9849923694158248, -0.15414468691110547, -0.07764951828361158], [0.010685766989684792, -0.394561468660272, 0.9188074128088496]], "T": [0.02298393092212809, 0.017077037076851445, 0.028904722011626194], "aligned_model": [[0.17333448386027073, 0.27919496025938667, -0.4332689783454691, -0.3087459965984821, -0.6019008713425433, -0.16659974367495864, -0.8599066344179414, -0.04477911871105513, -0.3127120555497405, 0.1882702866649472, 0.6504129840076979, 0.23744899011289883, 0.6089070312390191, -0.038163236375726044], [-0.597124240383358, -0.17385818742152565, -0.3502101187192851, -0.36759644176515055, 0.42860351739722496, 0.3553239599064791, 0.1498583154653007, 0.448388580490163, 0.5265643856420424, -0.12629001935610962, 0.4520492319709535, 0.6912464679136456, -0.26407584795712635, 0.06239372862678063], [0.3362214815344658, -0.4427445458478459, 0.4926907839037133, -0.24117365329362167, 0.4544074305578724, -0.709626034671586, -0.06986208162309046, 0.7240798138918778, -0.08108678280904301, 0.6876950557699772, 0.49236280698607726, 0.07509001633328535, 0.06853879194604542, 0.11099500450170659]], "inverted": false, "swapped": true, "error_lsq": 0.044044469631505566, "error_max": 0.2843474556490622, "target": "748.xyz", "model": "0.xyz", "model_rescale": 3.8414455957264533, "target_rescale": 4.024298590465891},
{"mapping": [13, 12, 10, 8, 11, 4, 0, 7, 2, 9, 1, 3, 5, 6, 14], "R": [[0.40724301211393754, 0.17138722156018799, -0.8970950615014257], [0.9018145336003442, -0.23087384722819837, 0.3652777212659496], [-0.14451185443264353, -0.9577701639495407, -0.24858124823990418]], "T": [0.045153309688009756, 0.010215029018361108, 0.0817186893229538], "aligned_model": [[-0.2184432520778191, 0.5806766618713978, 0.7025014553291663, 0.27947567916362837, 0.31866554881728243, -0.1626354093802547, -0.3980057660900254, -0.5935102063808092, -0.19849968598686388, -0.414982680181383, 0.3970317339685599, 0.3983354397967156, 0.412259966219693, 0.21813920331738954, 0.11257212583718013], [-0.08114322314366287, -0.07947622187822717, 0.19987696379058129, 0.45848541391435255, -0.5923947434437349, -0.2377764246094244, -0.5592026644667891, 0.01526655217190687, 0.3575131931084366, 0.44300472604485075, -0.767296950842068, -0.39946324322907945, 0.21302540474803708, 0.7302296354042915, -0.04787942406350271], [-0.6232760078389921, -0.4544340525761671, 0.09912748971187046, -0.5252813820848697, -0.45523374740645206, 0.5189158096288162, 0.011783766653544955, 0.15270035943266885, 0.6855580144225648, -0.17611387062259498, 0.2236855406231606, 0.6481134088077714, 0.5900723449693059, 0.33007734324868554, 0.09370771837254552]], "inverted": false, "swapped": false, "error_lsq": 0.047523304406231016, "error_max": 0.43478913390157353, "target": "748.xyz", "model": "1.xyz", "model_rescale": 4.316132596720782, "target_rescale": 4.024298590465891},
{"mapping": [12, 2, 13, 5, 8, 11, 7, 10, 9, 1, 0, 14], "R": [[-0.157710522091115, -0.35098361871163447, 0.9230048161401078], [0.5558688527141599, 0.7409918989664541, 0.3767503473765249], [-0.8161722917399193, 0.5724871221802064, 0.07823864220341416]], "T": [0.13419571397930072, 0.1460269134799098, -0.10009586459425808], "aligned_model": [[-0.22126316117216452, 0.3265602716484338, 0.2437526882083278, -0.5374141062198835, -0.39159467074315335, -0.47669673285698366, -0.27285437537361223, -0.239449247246642, 0.3296604734785013, 0.2078746216428245, 0.5687882311404768, 0.0604445621256558], [-0.6160527732265989, -0.35968005567176353, -0.7076118453306809, 0.3154731250932698, -0.14973387377885208, -0.13162404871909708, 0.513076479427836, 0.5152981325958681, 0.014790321664043343, 0.06662865131783721, 0.48521341674335083, 0.06699889762576763], [0.08367343173074974, 0.20259807838810812, -0.3573498997643438, -0.054197859187346, -0.5408158565243085, 0.3727785884439892, -0.5404104448450169, 0.6221849901970832, -0.6250065652922294, 0.6005467683015989, -0.24374558931418833, -0.07099718092467525]], "inverted": true, "swapped": true, "error_lsq": 0.05273143826484006, "error_max": 0.26590651352558275, "target": "748.xyz", "model": "2.xyz", "model_rescale": 3.795458400668931, "target_rescale": 4.024298590465891},
{"mapping": [3, 0, 4, 5, 2, 11, 6, 9, 7, 8, 1, 14], "R": [[0.3683657026320126, -0.7115094017757353, -0.5983820521282027], [-0.8434761671524562, 0.014897242295091317, -0.536959986980225], [0.3909663215293942, 0.7025186427111646, -0.5946535899774236]], "T": [0.09294077458512912, -0.021171389414652533, 0.02115895484029414], "aligned_model": [[-0.12434457236292593, -0.14122063594584788, -0.6634114389683874, 0.20769138000962512, 0.07216409675989541, 0.10847643105252919, -0.22677905134469756, 0.49054653016866173, 0.37099548761960277, 0.7772823373729891, -0.4189737146329336, 0.14087697601505453], [-0.06445326420269139, -0.4990100826143233, -0.07564767962369064, 0.14406534398107135, 0.44014812646982066, 0.6965151755717285, -0.4225211845866964, -0.35021963038545306, -0.40212740628698873, 0.07881868966497539, 0.46301907411877863, 0.07718188318317866], [-0.783014152370473, -0.18229128595595906, -0.08119399796329169, 0.6855440213565843, -0.3925074793028285, 0.41937312405587407, 0.42193477568058985, -0.23300177616595294, 0.5425514926218183, 0.3037234479388637, -0.05717312831837668, 0.04482638906225213]], "inverted": true, "swapped": true, "error_lsq": 0.044486140977679674, "error_max": 0.2219336979296282, "target": "748.xyz", "model": "3.xyz", "model_rescale": 3.7530521520055578, "target_rescale": 4.024298590465891},
{"mapping": [9, 4, 6, 10, 7, 1, 8, 2, 12, 11, 14], "R": [[-0.3318374724394407, -0.8420199816052361, 0.4253072330239891], [0.9375447916682391, -0.3442622046357365, 0.04993293577490546], [0.10437267602568204, 0.4153142003794965, 0.9036705480773277]], "T": [-0.17094228223726055, -0.1935665440993874, -0.07983572309827106], "aligned_model": [[-0.49413096776328685, -0.10033815460660203, 0.3062277578075396, 0.47357813350604533, 0.2900075498832213, -0.15229076568072092, -0.05174851577670356, -0.587291091450985, -0.36899567998212224, 0.18556069379281442, -0.16237935728399483], [-0.6629689078716934, 0.1952174013367075, -0.38266832289773556, 0.4005780055227827, -0.7123572906079838, 0.4991271954792718, -0.5216689490770237, 0.23692238084143497, 0.20642073668851246, 0.35036198042358474, -0.14176087152351197], [-0.0012783976747894887, -0.735102512293721, -0.4804264792152808, -0.250853591636555, 0.03274092763948311, -0.22970322650965022, 0.5806987128838131, 0.08047721893584323, 0.6561484084806927, 0.42110067509998406, 0.019029041535496796]], "inverted": false, "swapped": true, "error_lsq": 0.0454320161659852, "error_max": 0.2377964491288101, "target": "748.xyz", "model": "4.xyz", "model_rescale": 3.7855080009869324, "target_rescale": 4.024298590465891},
{"mapping": [8, 12, 14, 15, 13, 4, 6, 7, 5, 10, 11, 1, 2, 9, 16], "R": [[-0.44598196986708555, 0.8588550663372085, -0.2519286755817677], [-0.6957967942095433, -0.15563394537395486, 0.7011739414831812], [0.5629981382928337, 0.4880021004813877, 0.666998535384117]], "T": [0.09695575737771779, -0.0005472601796941666, 0.11528311694262727], "aligned_model": [[-0.23900812139742855, 0.6881637425596455, 0.6872000791556795, 0.1820948466207964, 0.2857287845779643, -0.2794107197285387, -0.22895026474038427, -0.6443889818012348, -0.4270567036150881, -0.3704839633400033, 0.3388584884680104, 0.39681438721893036, 0.6133883565578456, 0.2913983618654939, 0.13923252182216952], [0.01843579635989032, -0.33118885479342536, 0.2600900128895505, 0.4339052377839946, -0.3714352111814006, -0.4321181781130037, -0.548496503216768, -0.09106433197152956, 0.3033851985630097, 0.5291698296665069, -0.7513533995084424, -0.41958227736741494, 0.3376109612902297, 0.6835283151261825, 0.031882397978588384], [-0.5028412958468969, 0.05036380411071653, -0.08813087232254435, -0.5799294183167897, -0.4777383926831277, 0.583359608095702, -0.024766730858845315, 0.17515054783648837, 0.6520691505409143, -0.06322230676907759, 0.014241352618868441, 0.6698986553740772, 0.521155110722744, 0.08142015666171404, 0.10837336617791524]], "inverted": true, "swapped": false, "error_lsq": 0.03737355955887732, "error_max": 0.2116006940524133, "target": "748.xyz", "model": "5.xyz", "model_rescale": 4.2253639853439635, "target_rescale": 4.024298590465891},
{"mapping": [0, 4, 5, 7, 6, 11, 8, 9, 1, 2, 10, 12, 13, 14], "R": [[0.23912515237954174, -0.8771728176604565, 0.41639765784292826], [-0.9665493153072566, -0.17407260016537773, 0.18836440998962048], [-0.09274471725405298, -0.4475115393252781, -0.8894559233555004]], "T": [0.14467315119544244, -0.08091257679273778, -0.06044345734029832], "aligned_model": [[0.40243801097527415, -0.10281844911009516, -0.38643585931496693, 0.03875979307912365, -0.13617504527850383, -0.4694984819388106, 0.200043586355935, 0.6688120584890329, -0.24426522945885432, 0.251501186907619, -0.7130226846049471, 0.06434795692462972, 0.6948516037254621, 0.1055237060068851], [-0.21559322420576665, 0.20385389946941906, -0.40964979661129586, -0.7670646749995113, -0.5015607472401864, 0.18059795761884784, -0.4187817289489135, -0.29657936821708564, 0.4881155319709348, 0.5077353156085745, 0.06296719735315415, 0.36441227236712004, 0.28860067309505566, -0.04195416062535637], [-0.5503126068647098, -0.7261524221780081, 0.2424318559142683, 0.05032543443507265, -0.47044722681565176, 0.41735915064007856, 0.6035916578190862, 0.03818209656216348, -0.22647571923821103, 0.10218714977716728, -0.2637114758710821, 0.6717595588871206, 0.5458940132866051, 0.03692674257754942]], "inverted": true, "swapped": true, "error_lsq": 0.04809898516322758, "error_max": 0.3731137210192785, "target": "748.xyz", "model": "6.xyz", "model_rescale": 3.89814844738969, "target_rescale": 4.024298590465891},
{"mapping": [2, 12, 11, 3, 10, 8, 9, 4, 0, 7, 5, 6, 14], "R": [[0.6557760391950284, -0.7337339925447863, 0.17774198885454331], [-0.44130851795080805, -0.18153679270332634, 0.8788009927617579], [-0.6125394504860422, -0.6547356879529918, -0.44285053970722504]], "T": [-0.15313912702192917, 0.014386617742415134, -0.01555898503980144], "aligned_model": [[0.0138647576194795, 0.04744387364064914, 0.45522255793794625, -0.3322077912169816, 0.6871091873514228, -0.43391900169623926, -0.7241904510507242, 0.270723214703597, -0.3885810850132497, -0.3969480123070802, 0.12276116670900183, -0.06149803234328269, -0.1111485834303165], [-0.2903193146630049, 0.25323097039723674, 0.4241234466101842, -0.7731161702492391, 0.15052408564224296, 0.639795525527437, -0.006014374310795725, -0.498384913882431, -0.332846227584261, 0.5598234333878438, 0.6420316247858003, 0.12420119946593454, 0.07073198034353788], [-0.5290093546819387, -0.8178104731259996, -0.3842074328732956, -0.2242558979381373, 0.2548310731013906, -0.3125277431177471, -0.08222939671518299, 0.3624866943587598, 0.3698626268662165, 0.3550459208650775, 0.09315701732934428, 0.6196310268105432, -0.10269903004273484]], "inverted": false, "swapped": true, "error_lsq": 0.04464915074975921, "error_max": 0.24838337637596475, "target": "748.xyz", "model": "7.xyz", "model_rescale": 3.7474275329858107, "target_rescale": 4.024298590465891},
{"mapping": [8, 0, 1, 2, 3, 7, 5, 9, 11, 4, 6, 10, 12, 13, 14], "R": [[0.2437883759454107, -0.5162735715086197, 0.8209925865168537], [-0.9041161898714032, -0.4272866310856449, -0.00022384793332863584], [0.3509147232110905, -0.7422181177101612, -0.5709388082592297]], "T": [0.1379204550027634, 0.01756915630793755, 0.11252752139130169], "aligned_model": [[-0.3339500857756787, 0.6763814278124639, 0.7915302472205948, 0.3027582580453163, 0.1911326049240954, -0.17561907643156377, -0.2916262904189924, -0.5945153559246059, -0.15834046926578066, -0.19262828395889087, 0.2605162275864199, 0.39627604030054847, 0.38268425002253714, 0.03203126045833182, 0.14695005962906205], [0.06676204277752505, -0.34801519209256654, 0.2464165955944285, 0.3422682799294057, -0.4347475651323971, -0.4738969645051332, -0.5160511133950197, -0.09198816611418452, 0.08444960310135814, 0.5975730882528231, -0.7896854824329279, -0.3680588202253832, 0.37558105110561013, 0.8923227993222148, 0.06983883732021456], [-0.37750162929544634, 0.00946878768875993, -0.17940553446026092, -0.6464115233661817, -0.4412888629734341, 0.46470879040615437, -0.09666250055431665, 0.29106439731126593, 0.6549631638210074, -0.2955886580782932, 0.09676924820811839, 0.7123665122451125, 0.5513450080873701, 0.29058754274520027, 0.08498799355680298]], "inverted": true, "swapped": false, "error_lsq": 0.04495532271814521, "error_max": 0.2885676757892807, "target": "748.xyz", "model": "8.xyz", "model_rescale": 4.019505241142653, "target_rescale": 4.024298590465891},
{"mapping": [2, 1, 11, 12, 13, 8, 5, 3, 9, 0, 10, 7, 14], "R": [[0.6040135677936029, -0.43949947608093975, -0.664836687048648], [0.33205781030466197, 0.8971265673301436, -0.2913786759632666], [0.7245034303141122, -0.044767540864031036, 0.6878158523529911]], "T": [-0.018555160730701507, -0.0309117061606519, 0.19404212189506248], "aligned_model": [[-0.2448097111252988, -0.5984684553500297, 0.010327682954843882, 0.2154056830242192, 0.3308151973090425, 0.6952512242921747, 0.2766572150262257, -0.47394513326540566, 0.32272379219833763, -0.22670723783150493, -0.4754534600442739, 0.4697355814469977, 0.018168393105847537], [-0.46077022328953543, 0.017481395789041808, 0.2563185607985086, -0.3279926983756904, -0.7884731370032252, -0.012005664088733027, 0.5317638215309963, -0.7024738910122827, -0.36768747819860154, -0.08811512469388127, 0.6386410486595476, 0.4027348167457753, -0.03604319874786173], [-0.1911822523227698, -0.2109164474765815, -0.5744332790326991, -0.5791931739498941, -0.13900822141677255, -0.02570111351181098, -0.08546512283270652, 0.38744541513659253, 0.5119595869715526, 0.72125542321381, -0.1809305119224997, 0.454455126487564, 0.08841806470009447]], "inverted": true, "swapped": true, "error_lsq": 0.05327159406603762, "error_max": 0.32783896757645903, "target": "748.xyz", "model": "9.xyz", "model_rescale": 3.877068213659057, "target_rescale": 4.024298590465891},
{"mapping": [6, 9, 2, 13, 10, 0, 12, 5, 1, 3, 11, 8, 7, 4, 15], "R": [[0.828053788092989, -0.43452853443177275, -0.3542765541062905], [0.3102733338872251, 0.8814883962494788, -0.35596160685673506], [0.4669661468493816, 0.1848327894127501, 0.8647424227216705]], "T": [0.13433550726596, 0.001538238028949944, -0.026345796853489936], "aligned_model": [[-0.15767906810220683, 0.7510003620946238, 0.6954228700680427, 0.332030301633444, 0.3185020877131996, -0.23274136626534414, -0.4775611730924457, -0.5462022687337896, -0.1632902769556665, -0.355815995988678, 0.13075745138808065, 0.5433848888542037, 0.43242020963556993, 0.07328045846151045, 0.09007233351331365], [-0.08190734022792034, -0.23352454922760435, 0.3554113575656822, 0.45122805236635855, -0.5313062810625117, -0.4845878044249286, -0.42068635847985086, 0.1162125871374094, 0.16361211985864008, 0.37314714880832744, -0.7263134133143436, -0.3035279688817748, 0.3900253820883138, 0.640056210226033, -0.05507014892586217], [-0.5630662998778981, -0.03708110150571914, -0.008734876302571928, -0.623283260181816, -0.4568921574006878, 0.4861989089043621, -0.10053513829061102, 0.3406876775550381, 0.7724392553342387, -0.18261372067283438, 0.09561504693122518, 0.552390886476223, 0.6267313950087192, 0.189658277047403, 0.027887842316788182]], "inverted": true, "swapped": false, "error_lsq": 0.04430892668637083, "error_max": 0.29865489248825494, "target": "748.xyz", "model": "10.xyz", "model_rescale": 4.260839863003843, "target_rescale": 4.024298590465891},
{"mapping": [8, 7, 6, 5, 10, 11, 12, 9, 0, 4, 2, 14], "R": [[-0.25833635053522885, 0.9479601587149427, -0.1861017664646964], [0.9323874140003567, 0.29507704747752184, 0.20876600840576515], [0.2528162182413681, -0.11958709604756429, -0.9600952485316464]], "T": [0.12455743834488583, 0.004602712049698773, 0.0718880448347207], "aligned_model": [[0.3509496235140065, 0.08178985242539556, -0.22345466182596793, -0.30362972870407157, -0.7629409517886979, -0.37249641484746154, 0.19635198259675096, 0.6672407589458437, 0.26648797677778024, -0.2861020635708599, 0.23722801163177537, 0.10747426393963683], [-0.03836814757103294, -0.5718368403824666, -0.5309400865277871, -0.14607206879638884, 0.09762415485672725, 0.4679137314898498, 0.711357327749579, -0.17924603055442456, -0.3295639600537529, 0.00820997509953903, 0.6024624177256505, 0.08153803249744107], [-0.6387906216180853, -0.3283374724334829, 0.19839959677334512, -0.4533083532012948, 0.10869894272418654, -0.38873137837694427, -0.4141480358105393, 0.020359292383679548, 0.5109116670877063, 0.7175336327770978, 0.19120442702213314, -0.007613619932298074]], "inverted": false, "swapped": true, "error_lsq": 0.04571112692610641, "error_max": 0.23292548540358007, "target": "748.xyz", "model": "11.xyz", "model_rescale": 3.890672605050136, "target_rescale": 4.024298590465891},
{"mapping": [2, 3, 1, 13, 12, 7, 0, 8, 9, 6, 10, 4, 5, 14], "R": [[-0.7591578720195802, -0.44666864765640285, -0.47346218914661325], [-0.5727787740795047, 0.8039537403168744, 0.15994642663869665], [0.3091986437788545, 0.3926136811565645, -0.8661701311255248]], "T": [0.018418889958207313, -0.043656362079158594, 0.08653668044513568], "aligned_model": [[0.5574667655494864, 0.17475226567489763, 0.30954424453157137, 0.7117850800666027, 0.8452980786469352, -0.40201331843692667, -0.4141884604528616, 0.23421936600400814, -0.062294106334781635, -0.5725999852096778, -0.029451604130528455, -0.23941799429051588, -0.016594362537660473, 0.11336986571314425], [0.061724945105087005, -0.06805424141501912, 0.5850635387459547, -0.5785664804422418, -0.1124247436929913, -0.31575447264928946, -0.08342978417593358, -0.5346464186050912, -0.5901514748623484, 0.17153688496201286, 0.776652917165214, 0.5735216879264634, 0.0863951700032288, -0.039715008237281066], [-0.20102105763661599, -0.7324537029938039, -0.06376328206676549, -0.11345329791517639, 0.3155112032421256, 0.5799852239168262, -0.28200414313578814, 0.6066549383100175, -0.07405367691873738, 0.2547990926785827, 0.4364831416307165, -0.28511350427434673, 0.7675205769295661, 0.14569892359026057]], "inverted": true, "swapped": true, "error_lsq": 0.05101839228364298, "error_max": 0.378741642156781, "target": "748.xyz", "model": "12.xyz", "model_rescale": 4.124412569039231, "target_rescale": 4.024298590465891},
{"mapping": [9, 7, 6, 13, 0, 3, 8, 2, 5, 12, 1, 10, 14], "R": [[0.20618025678963148, -0.7470326930692176, -0.6320062161054383], [-0.4447719992297542, -0.646852936631, 0.6194829675406898], [-0.8715891064092811, 0.15337351093850551, -0.46562752896608994]], "T": [0.1667587633348763, 0.09885301333185464, 0.07657742083644073], "aligned_model": [[-0.19173858435263966, -0.012867570975972104, 0.5712306150432606, -0.5384760330551069, 0.45739299022068225, 0.3326245285611493, -0.5038756864703325, 0.08776169717962196, 0.07357851215030922, -0.3563132920139601, 0.5912497910794372, 0.7507812178727223, 0.1059501222705861], [-0.11411249269771917, 0.6517034860820425, 0.48775072290638005, -0.40673702499579906, -0.1056076510177748, -0.7173799639455098, 0.42803168636977407, -0.3301580926393087, 0.7641332840202364, 0.024344959867744598, -0.033167896358166055, 0.5759151514542138, 0.12276920746236361], [0.4729183143704584, 0.4720301025672873, 0.40685726643821507, -0.15559513323017943, 0.5218649305162848, 0.12166515503717762, 0.06916667291252007, -0.363963405088111, -0.09834541455221735, -0.6029310706252606, -0.47570023693098307, -0.4019525285718961, -0.014316571875456957]], "inverted": false, "swapped": true, "error_lsq": 0.04582953488548981, "error_max": 0.29229604729874104, "target": "748.xyz", "model": "13.xyz", "model_rescale": 3.9028299243045295, "target_rescale": 4.024298590465891},
{"mapping": [4, 13, 12, 8, 13, 9, 10, 7, 6, 3, 14, 11, 1, 2, 15], "R": [[0.7083284899631619, 0.6155020094395278, -0.3455836030288625], [-0.14258663072676098, -0.3547235960083548, -0.9240347521456603], [-0.6913319051255319, 0.7037957422511202, -0.16349847138336726]], "T": [0.07332779671695308, 0.12337325222862659, 0.01791837389206337], "aligned_model": [[-0.4099666438014109, 0.4825454752167643, 0.7569318885829601, 0.4884269719111518, 0.4825454752167643, -0.18762614007395292, -0.24120923701709399, -0.6939393028299655, -0.2036071550212565, -0.44399833322623805, 0.2802097020312029, 0.48173912568155997, 0.35502692326548957, 0.2770772370433159, 0.00942482724456703], [0.08191658513261492, -0.44451173291185286, 0.007773843079108944, 0.5244880122133598, -0.44451173291185286, -0.31490064905916726, -0.5122801358466811, -0.30669351771132647, 0.29675857057823835, 0.4677008366901011, -0.7096032077751178, -0.1984839689822186, 0.318745656850376, 0.8255706047713613, 0.06079982938902466], [-0.4554431184159196, -0.35983668835125915, -0.0417684014373214, -0.49521590057526305, -0.35983668835125915, 0.6015830779704985, -0.21091306338687243, 0.23464799158065858, 0.5989973927318392, 0.06793472217017861, 0.23332670037024067, 0.5427657839701956, 0.5698911824224412, 0.10483680234341468, 0.08843294230028705]], "inverted": false, "swapped": false, "error_lsq": 0.050565488832944275, "error_max": 0.32969589656375564, "target": "748.xyz", "model": "14.xyz", "model_rescale": 3.942246331269136, "target_rescale": 4.024298590465891},
{"mapping": [0, 6, 11, 8, 7, 5, 2, 1, 3, 12, 9, 10, 4, 13, 14], "R": [[0.3866544103674493, 0.627397431013582, 0.6759222074328952], [-0.2800349369500758, -0.6184454838253042, 0.734238120519122], [0.8786801471700423, -0.47317824030025213, -0.06343147385635689]], "T": [0.14452158923379402, -0.009339919250409272, 0.13530967503615635], "aligned_model": [[-0.27329126803837755, 0.5834593690754769, 0.765853380458826, 0.3369765582027796, 0.23284314692954453, -0.3118265924772303, -0.2948194931929904, -0.6556427053663155, -0.30320401691657184, -0.3622378240716475, 0.41034414741431735, 0.6494768010096265, 0.3406721669527353, 0.2510106371557742, 0.06396650708791093], [-0.11532887934974642, -0.19214354966776018, 0.3322031514436478, 0.19445602024618353, -0.5555546108435886, -0.3948519064836203, -0.5539892996423214, 0.09501475051345448, 0.16608064941967862, 0.6314129023131669, -0.7686465552124819, -0.229005104782251, 0.26028141159657875, 0.7945800917939835, -0.011740077838955726], [-0.46043879496052154, -0.1591488916117029, 0.028510046148610052, -0.5859872307187757, -0.5164788806036335, 0.34956747054814385, -0.1696237346949749, 0.2093950334155474, 0.6694607175188955, 0.10872063881088144, 0.1661982858609296, 0.588926205167993, 0.6174852299281783, 0.1927774487912775, 0.08003919174101076]], "inverted": false, "swapped": false, "error_lsq": 0.045793240257253016, "error_max": 0.26673023817306474, "target": "748.xyz", "model": "15.xyz", "model_rescale": 4.355366556412066, "target_rescale": 4.024298590465891},
{"mapping": [12, 2, 13, 5, 8, 11, 7, 10, 9, 1, 0, 14], "R": [[-0.157710522091115, -0.35098361871163447, 0.9230048161401078], [0.5558688527141599, 0.7409918989664541, 0.3767503473765249], [-0.8161722917399193, 0.5724871221802064, 0.07823864220341416]], "T": [0.13419571397930072, 0.1460269134799098, -0.10009586459425808], "aligned_model": [[-0.22126316117216452, 0.3265602716484338, 0.2437526882083278, -0.5374141062198835, -0.39159467074315335, -0.47669673285698366, -0.27285437537361223, -0.239449247246642, 0.3296604734785013, 0.2078746216428245, 0.5687882311404768, 0.0604445621256558], [-0.6160527732265989, -0.35968005567176353, -0.7076118453306809, 0.3154731250932698, -0.14973387377885208, -0.13162404871909708, 0.513076479427836, 0.5152981325958681, 0.014790321664043343, 0.06662865131783721, 0.48521341674335083, 0.06699889762576763], [0.08367343173074974, 0.20259807838810812, -0.3573498997643438, -0.054197859187346, -0.5408158565243085, 0.3727785884439892, -0.5404104448450169, 0.6221849901970832, -0.6250065652922294, 0.6005467683015989, -0.24374558931418833, -0.07099718092467525]], "inverted": true, "swapped": true, "error_lsq": 0.05273143826484006, "error_max": 0.26590651352558275, "target": "748.xyz", "model": "16.xyz", "model_rescale": 3.795458400668931, "target_rescale": 4.024298590465891},
{"mapping": [2, 12, 11, 3, 10, 8, 9, 4, 0, 7, 5, 6, 14], "R": [[0.6557760391950284, -0.7337339925447863, 0.17774198885454331], [-0.44130851795080805, -0.18153679270332634, 0.8788009927617579], [-0.6125394504860422, -0.6547356879529918, -0.44285053970722504]], "T": [-0.15313912702192917, 0.014386617742415134, -0.01555898503980144], "aligned_model": [[0.0138647576194795, 0.04744387364064914, 0.45522255793794625, -0.3322077912169816, 0.6871091873514228, -0.43391900169623926, -0.7241904510507242, 0.270723214703597, -0.3885810850132497, -0.3969480123070802, 0.12276116670900183, -0.06149803234328269, -0.1111485834303165], [-0.2903193146630049, 0.25323097039723674, 0.4241234466101842, -0.7731161702492391, 0.15052408564224296, 0.639795525527437, -0.006014374310795725, -0.498384913882431, -0.332846227584261, 0.5598234333878438, 0.6420316247858003, 0.12420119946593454, 0.07073198034353788], [-0.5290093546819387, -0.8178104731259996, -0.3842074328732956, -0.2242558979381373, 0.2548310731013906, -0.3125277431177471, -0.08222939671518299, 0.3624866943587598, 0.3698626268662165, 0.3550459208650775, 0.09315701732934428, 0.6196310268105432, -0.10269903004273484]], "inverted": false, "swapped": true, "error_lsq": 0.04464915074975921, "error_max": 0.24838337637596475, "target": "748.xyz", "model": "17.xyz", "model_rescale": 3.7474275329858107, "target_rescale": 4.024298590465891},
{"mapping": [3, 1, 2, 4, 9, 7, 13, 11, 0, 8, 6, 10, 5, 14], "R": [[-0.5171278467613559, -0.836513789531422, -0.18117248695026467], [-0.5789396666056775, 0.4977648985435711, -0.6458010283426434], [0.6304027700878787, -0.22907375602999283, -0.7416991045995949]], "T": [0.02983262831742523, -0.13173391252522737, 0.0481327251010841], "aligned_model": [[0.4443277037197871, 0.07286358001419402, 0.5416885903875472, -0.3168223046841934, 0.2357762791608845, -0.38162387509874574, 0.9036567263948745, 0.14009645197687878, -0.2004978693948295, 0.2403271157427396, -0.6166966111255785, -0.4593924517322459, -0.27838343766662416, 0.08952775018818795], [-0.5368868587546825, 0.32910773305687746, 0.050808730935218926, -0.09266914791237918, -0.6098757252313056, -0.23847747458721522, -0.22048923735280326, 0.6721522088783077, -0.5951599512116439, -0.027985667056967867, -0.2086654817187823, 0.5602874118160415, 0.32380015618621644, -0.045538455535649], [-0.5517218836778324, -0.4889017983639665, -0.25027796878532294, -0.632908217633817, 0.29293545908126806, 0.6081340165648041, 0.23637575336795344, 0.17262722198611205, -0.1900637313623155, 0.7574228318692136, 0.04586117186121068, -0.233694759758683, 0.47165363961528717, 0.08735298389774321]], "inverted": true, "swapped": true, "error_lsq": 0.03790893816314774, "error_max": 0.24280851516637594, "target": "748.xyz", "model": "18.xyz", "model_rescale": 3.922800546911778, "target_rescale": 4.024298590465891},
{"mapping": [8, 3, 0, 5, 12, 11, 13, 4, 10, 6, 7, 9, 2, 1, 14], "R": [[0.07456645070522394, -0.9125892032713658, 0.4020208831662345], [0.33378087815680746, 0.4027303013716225, 0.852290226233994], [-0.9396968499500762, 0.07063462627957973, 0.3346349948290648]], "T": [0.05582484740177999, 0.017249511376421927, 0.00806314584704465], "aligned_model": [[-0.3120730535520557, 0.6500116240041348, 0.8304705190801944, 0.4053477841349889, 0.3271987522179672, -0.23518738222603822, -0.35566040673708516, -0.624246948196694, -0.23658563624113657, -0.4210918296920833, 0.3116766135603221, 0.41366594802938533, 0.4143780864230044, 0.16961562282528886, 0.09606112059366476], [0.17561154225707393, -0.219184627833379, 0.30734086535357485, 0.22733153162759076, -0.47808635904850155, -0.47323453109481695, -0.5038062402328961, -0.04019568991072876, 0.13864723360246234, 0.5005313910103264, -0.7246583727994167, -0.21804340077477077, 0.2772323754501426, 0.748706904631546, -0.06542362873223845], [-0.4544984777997252, -0.005728732637374837, -0.11115818351342777, -0.6370980600932195, -0.5393056729778054, 0.43465533876309265, -0.16798950582655944, 0.24903937034380125, 0.7499252282837674, 0.12954104441456038, 0.15747393598597795, 0.7003998978023478, 0.5710706484286712, 0.005880208197675929, 0.03719569597007632]], "inverted": true, "swapped": false, "error_lsq": 0.04448081406241813, "error_max": 0.29246194943949716, "target": "748.xyz", "model": "19.xyz", "model_rescale": 3.9282355846067225, "target_rescale": 4.024298590465891},
{"mapping": [10, 6, 0, 5, 11, 7, 8, 9, 12, 2, 4, 1, 3, 14], "R": [[-0.45980166291196933, 0.6504157046066488, -0.6046005639961185], [0.31292895750882577, 0.7558417779619578, 0.5751336142495466], [0.8310583002027159, 0.07525036802795915, -0.5510712147951747]], "T": [0.09653397707585618, -0.10443030567400186, 0.001927628590062961], "aligned_model": [[-0.6754905881679963, 0.04476311892139413, 0.5078380791927236, -0.4147768888295794, -0.6710945440774745, 0.11486018513743815, 0.029443761017748732, 0.6034841649401717, -0.2869804895723421, 0.0211439660513682, -0.0034527998861214326, -0.3416656392129851, 0.5810523627191579, 0.023398130851173524], [-0.535276563466325, -0.6996857488271337, -0.48892533558127316, -0.13051710875597106, 0.18649294178496112, -0.26749295023706965, 0.38840516276543385, 0.09476441290946191, 0.6560818027732755, 0.26746506644223483, -0.6830230314835761, -0.2006316541615483, -0.04495374525487278, -0.01982116148276182], [0.12846219430798966, -0.25675058732687933, 0.0887947163685959, -0.466857048239747, 0.0018616910434468593, -0.6817146848548843, -0.5555454085971098, -0.1832310332584978, 0.12612747505956784, 0.49221067260675955, 0.4925859273712613, 0.5508895228355343, 0.678304078341858, -0.002954358414211957]], "inverted": false, "swapped": true, "error_lsq": 0.038510728890721144, "error_max": 0.27497832640381, "target": "748.xyz", "model": "20.xyz", "model_rescale": 4.067790424073018, "target_rescale": 4.024298590465891},
{"mapping": [13, 12, 9, 10, 11, 2, 6, 4, 8, 5, 3, 0, 7, 1, 14], "R": [[-0.9981946764820261, -0.03503319675496754, 0.048785889026140145], [0.030193734888242448, -0.9948626638929093, -0.0966261784683759], [0.05192038343889287, -0.0949787087563925, 0.9941243979837365]], "T": [0.04384509698417931, -0.051715171754521255, 0.08345865932975961], "aligned_model": [[-0.10854855698637865, 0.7489319737198475, 0.6989017359959857, 0.44008603531221974, 0.21164500709399164, -0.1875462591544726, -0.47282596227988977, -0.6598236258997221, -0.13242798300865877, -0.41563888244908825, 0.29441371274506495, 0.32550349610235507, 0.4102034795772272, 0.18604035688054915, 0.09466628657482766], [0.2382675807084171, -0.28803798632847744, 0.35310389611352955, 0.31670879979122946, -0.3651504795535231, -0.5975780702282959, -0.5361777584634356, -0.10498288259787047, 0.3029589475595753, 0.31541066287430597, -0.8644559082473595, -0.24932458045542913, 0.40328201807236563, 0.754480000580682, -0.02573524631974572], [-0.5352574973856745, -0.10098073576974508, -0.021765964432402043, -0.5318004060541145, -0.45657259159117713, 0.5331404000231716, -0.13079334484668637, 0.4635709771421755, 0.49370488671480434, 0.03286997432865124, 0.06313919350085112, 0.7048096851758772, 0.54759554642475, 0.02746800434846429, 0.030274607762913693]], "inverted": true, "swapped": false, "error_lsq": 0.04577902767843345, "error_max": 0.28602476341182553, "target": "748.xyz", "model": "21.xyz", "model_rescale": 4.186013935880536, "target_rescale": 4.024298590465891},
{"mapping": [7, 9, 8, 10, 4, 5, 6, 0, 12, 2, 3, 1, 14], "R": [[-0.26345551393471955, 0.47681509758583296, -0.8385931998839516], [-0.5538391624438678, -0.7865223299041254, -0.27321201786462646], [-0.7898438923742258, 0.3924665428751839, 0.47129251893355334]], "T": [-0.05829360353035571, -0.018745198537701985, -0.052876077191541665], "aligned_model": [[0.08196555969965616, -0.44157910855506777, 0.26093371811074806, 0.5427274064890149, -0.21963528135086222, 0.5469461503664975, -0.05917179603409312, -0.5470239352606803, 0.42230113202127595, -0.048377690836781756, -0.6895015436410133, 0.18000901065385919, 0.028980413760671737], [-0.4200813631254807, 0.1436920728822632, 0.22528875270372373, -0.44138508272939125, -0.38207204778047843, -0.26270871688122527, -0.6694910970248421, -0.3046044485515017, 0.6953158538839885, 0.49918270058485514, 0.33022449943563936, 0.05459244910965377, 0.051003087038889366], [-0.6128303064015417, -0.44994926117196066, -0.6827216384148284, 0.45487454793930304, 0.6009395907969499, -0.28961440982645503, -0.07415254606078432, 0.010215407249656888, -0.058631827438792666, 0.28774049727301976, 0.3661433916666239, 0.6108002128856369, -0.05993409716148233]], "inverted": true, "swapped": true, "error_lsq": 0.05089366782926507, "error_max": 0.3232118143181264, "target": "748.xyz", "model": "22.xyz", "model_rescale": 4.166573947596378, "target_rescale": 4.024298590465891},
{"mapping": [4, 10, 7, 0, 8, 12, 3, 2, 6, 1, 9, 14, 13, 5, 15], "R": [[0.4602322918172229, -0.1429899202355493, -0.8762078065617185], [0.6138973845539561, -0.6617051383118518, 0.4304373487158211], [-0.6413394099901228, -0.7360028482572092, -0.21675693426231357]], "T": [0.037296919621434145, -0.15729081198449793, 0.10861648712720076], "aligned_model": [[-0.28065982353462215, 0.7807228408834246, 0.5675830588076339, 0.10046737170752759, 0.2983525354421071, -0.1249069005980934, -0.3453767070587463, -0.6175898596976037, -0.3849503929387414, -0.28584959436570884, 0.22647272140869731, 0.5176224774955659, 0.6559786089258305, 0.30465363745286633, 0.021060840293720295], [-0.07824630948277894, -0.11038422205250045, 0.2469285475104855, 0.39722238489681816, -0.4061187404381358, -0.2959772432896396, -0.5296870287957017, -0.013479918603073016, 0.31283182843501633, 0.4599748123552172, -0.7260010232545157, -0.37841023464414, 0.2446768546893859, 0.6198541350508295, -0.0904148488712998], [-0.5490376693033987, 0.18645545243886696, -0.14982686768517464, -0.4874375131997126, -0.6152714653151276, 0.7281625707297463, -0.16762363516535292, 0.051599187935938345, 0.5326442479725932, -0.0419110531224173, 0.07353974415622373, 0.6971496829588518, 0.5239092768117268, 0.23362887822987286, 0.10342189789922236]], "inverted": true, "swapped": false, "error_lsq": 0.048783383022897454, "error_max": 0.379394850178494, "target": "748.xyz", "model": "23.xyz", "model_rescale": 4.274766983524099, "target_rescale": 4.024298590465891},
{"mapping": [12, 1, 10, 5, 6, 7, 8, 9, 13, 3, 14], "R": [[0.6315022678644331, 0.7740934534837064, -0.04454448288786356], [0.4178795962432017, -0.38817121897853996, -0.8214010882634217], [-0.6531320913304575, 0.5001024195406214, -0.568608864900926]], "T": [-0.08299565862314838, 0.18974386296690857, 0.1319891597495003], "aligned_model": [[0.4761827498758161, 0.07253879983812929, -0.5176235635313658, -0.5103247726124939, -0.7032605113589676, -0.6174394278513127, -0.06470847167934805, 0.07700008672862473, 0.717674897310437, 0.48931646682227825, -0.03946154958372231], [-0.2174364625452528, 0.6511448153359043, 0.5207243296838566, -0.18158368530050187, 0.3656961768100312, -0.2326497002961789, -0.5563749305651622, -0.05309566868344304, -0.2077552906694952, 0.6984697801715376, 0.12844716730218758], [-0.3802718138477469, -0.38332720704300405, -0.5745601580209988, -0.2697372102503145, 0.2227414570279549, 0.3059018502964589, 0.09827850912892636, 0.6283671228803471, 0.2203213932576779, 0.462802402043353, 0.049050088548923676]], "inverted": false, "swapped": true, "error_lsq": 0.05046333520621263, "error_max": 0.2898448044957064, "target": "748.xyz", "model": "24.xyz", "model_rescale": 3.7841303162186577, "target_rescale": 4.024298590465891},
{"mapping": [11, 12, 9, 10, 13, 4, 3, 6, 1, 7, 5, 2, 8, 0, 15], "R": [[-0.9328728189692806, 0.35693249021278983, 0.04845101710805283], [0.12020010476267337, 0.4352682502970991, -0.8922407102897428], [-0.33955888803468315, -0.8265232892748994, -0.44895324237926043]], "T": [0.14181616363500163, 0.07379474425568859, 0.035445726154680945], "aligned_model": [[-0.3116409071655335, 0.5832367017693124, 0.7249198053659428, 0.3720637476670412, 0.14718345291089813, -0.1614477001542635, -0.2562502353371946, -0.5555588384334216, -0.07955311473705903, -0.2587820535918406, 0.2793081853930425, 0.5817553225772559, 0.35724071548617686, -0.06784774621496234, 0.07895347868846317], [0.01756037780499327, -0.5217318787013748, 0.05791172886133725, 0.617621718855522, -0.41777286057138896, -0.3327974762818971, -0.6208410787209548, -0.10651133776271347, 0.3309619752969862, 0.5377707649278657, -0.743461660942925, -0.251586985662742, 0.31283419567181686, 0.7282683733972926, 0.044543137334150065], [-0.581516144736522, -0.12476618442223966, -0.00789687815355923, -0.4710060257646898, -0.5731037618587753, 0.582636860929612, -0.05414279476190198, 0.09187511140978741, 0.6971836287073374, -0.18147103367762582, 0.32272025958639594, 0.554457570134848, 0.5313390481154228, 0.298191350316603, 0.034901729517167135]], "inverted": false, "swapped": false, "error_lsq": 0.05159000092747288, "error_max": 0.36563159016606805, "target": "748.xyz", "model": "25.xyz", "model_rescale": 4.19342608120988, "target_rescale": 4.024298590465891},
{"mapping": [12, 2, 13, 5, 8, 11, 7, 10, 9, 1, 0, 14], "R": [[-0.157710522091115, -0.35098361871163447, 0.9230048161401078], [0.5558688527141599, 0.7409918989664541, 0.3767503473765249], [-0.8161722917399193, 0.5724871221802064, 0.07823864220341416]], "T": [0.13419571397930072, 0.1460269134799098, -0.10009586459425808], "aligned_model": [[-0.22126316117216452, 0.3265602716484338, 0.2437526882083278, -0.5374141062198835, -0.39159467074315335, -0.47669673285698366, -0.27285437537361223, -0.239449247246642, 0.3296604734785013, 0.2078746216428245, 0.5687882311404768, 0.0604445621256558], [-0.6160527732265989, -0.35968005567176353, -0.7076118453306809, 0.3154731250932698, -0.14973387377885208, -0.13162404871909708, 0.513076479427836, 0.5152981325958681, 0.014790321664043343, 0.06662865131783721, 0.48521341674335083, 0.06699889762576763], [0.08367343173074974, 0.20259807838810812, -0.3573498997643438, -0.054197859187346, -0.5408158565243085, 0.3727785884439892, -0.5404104448450169, 0.6221849901970832, -0.6250065652922294, 0.6005467683015989, -0.24374558931418833, -0.07099718092467525]], "inverted": true, "swapped": true, "error_lsq": 0.05273143826484006, "error_max": 0.26590651352558275, "target": "748.xyz", "model": "26.xyz", "model_rescale": 3.795458400668931, "target_rescale": 4.024298590465891},
{"mapping": [0, 1, 3, 9, 13, 5, 10, 7, 11, 2, 8, 12, 14], "R": [[0.7668874360521744, 0.1821660227185063, -0.6153854081729944], [0.3109599088262256, 0.7333276458839445, 0.6045944912791529], [0.5614157065206742, -0.6550161096868022, 0.5057334283223321]], "T": [-0.11282342637890203, -0.22452654672454567, -0.16079823418746192], "aligned_model": [[0.02079144227935459, 0.36801050893802467, 0.6251373382382237, -0.22150695504937631, 0.10429516466675184, -0.6481384308341975, -0.10424833262278865, -0.7910804930261139, -0.21186078101991856, 0.37106464967341457, -0.6623627560892211, -0.024688708954527905, -0.12573626337836852], [-0.6234328747413624, -0.3175770637014376, -0.19361138901559752, -0.03784079549777175, 0.6086416897016609, -0.2252913196487645, -0.6331939707161562, -0.37467908560002183, 0.09041630301830336, 0.13989833299432877, 0.2809932085670691, 0.545131223644127, -0.1375727557474633], [-0.5449520988331996, 0.35181574576046787, -0.5484047253019193, -0.6939933952958397, -0.41686796490546774, 0.28114707605559797, 0.6332917026900733, -0.2690278756843519, 0.5907950670928523, -0.028835657256364083, -0.1857057700907062, 0.21436413490367295, -0.09148957703538993]], "inverted": false, "swapped": true, "error_lsq": 0.04407033994136789, "error_max": 0.30832830007585893, "target": "748.xyz", "model": "27.xyz", "model_rescale": 3.6321398670334006, "target_rescale": 4.024298590465891},
