[{"mapping": [12, 1, 13, 8, 14, 6, 7, 11, 9, 10, 3, 5, 2, 15], "R": [[0.3734510754962174, -0.8868729057032549, -0.272012395563482], [0.2273401890570055, 0.37178450617239417, -0.9000515093091472], [0.8993612915009427, 0.2742858547202438, 0.34046517773502444]], "T": [-0.04345903562344534, 0.08807159974351975, 0.1199698793137273], "aligned_model": [[0.14369997331097561, 0.24475409206045678, -0.42597004857118825, -0.46979872820827645, -0.6522320478103033, -0.11053570991016473, -0.6892194097105423, 0.061312541484519596, -0.32220262858404936, -0.07362315859415816, 0.6825023561516047, 0.27072790807826397, 0.6706471782353616, 0.041429783195804044], [-0.6022321369363246, -0.4993349570836312, -0.451489077227444, -0.3042583873062466, 0.17324014207264854, 0.4103628604442826, 0.1689845314546443, 0.5440111259288174, 0.6769960670094013, -0.06836890124230077, 0.42336643136153385, 0.6567215164628037, 0.05544913862399803, 0.05182497824785191], [0.3693994695136521, -0.23822529385555583, 0.3493080401779468, -0.3431463287783054, 0.5362587622333029, -0.5524252446397091, -0.1590924737071215, 0.6804814277991637, 0.2037281786317419, 0.7636567343434817, 0.2901641513372905, -0.087055220225364, -0.026960075653202714, 0.1114959600025126]], "inverted": false, "swapped": true, "error_lsq": 0.04396740412802346, "error_max": 0.3353268620800719, "target": "75.xyz", "model": "0.xyz", "model_rescale": 3.8414455957264533, "target_rescale": 4.230618186775282},
{"mapping": [2, 4, 8, 12, 1, 13, 7, 0, 9, 6, 14, 3, 11, 5, 15], "R": [[-0.20192069626088788, 0.9756763782411406, -0.0853442286494463], [0.6501833672089605, 0.06836890894059039, -0.7566949724262025], [-0.7324545183329381, -0.20828177364456057, -0.6481736506069493]], "T": [0.06025656053223145, 0.022114830058597996, -0.08450970512622719], "aligned_model": [[-0.6161421051816962, -0.5576203666542576, 0.27060142949811644, -0.3689923614586217, -0.4558123098357499, 0.21187210034022283, 0.6686943319787862, -0.3826511829807684, 0.5526033889905106, 0.21037105730843658, 0.6760395828620659, -0.46412548461205144, 0.17553580835533486, -0.015950163994878704, -0.03237957111090483], [0.22050494287182898, 0.17456928619027307, -0.6386539346827175, -0.40871838500406765, -0.49176566012515016, -0.5079246061386047, -0.25584193755836615, -0.10728555742943535, 0.4460457119479669, 0.03885658083202582, 0.0026489638899973647, 0.6491000788698463, 0.6461406203105371, 0.5582123350843214, 0.02115608898455973], [0.10450492252520727, -0.686639501806134, 0.1787480583894987, -0.5360525798737203, 0.07678758220454432, -0.5159112760004403, 0.14781049146849043, 0.49702457583494025, 0.012560781393678888, 0.6487511565815813, -0.4987403709111226, -0.06657579337371294, -0.4455272102628732, 0.32989053070705987, -0.08144957953746233]], "inverted": false, "swapped": true, "error_lsq": 0.0391378724018735, "error_max": 0.29172117023279975, "target": "75.xyz", "model": "1.xyz", "model_rescale": 4.316132596720782, "target_rescale": 4.230618186775282},
{"mapping": [11, 9, 5, 12, 2, 10, 0, 13, 6, 14, 8, 15], "R": [[-0.6125585373616973, 0.6681889473961405, -0.4222505996241282], [-0.6772861333869572, -0.16830098285881306, 0.7162110531753211], [0.4074991188052351, 0.7247056711151053, 0.5556493124503634]], "T": [-0.03292644413814245, 0.01011092978188575, -0.04834414234701322], "aligned_model": [[-0.1705420456867568, 0.40928057120678446, 0.12916161872785123, -0.6304162849545006, -0.47826337641453265, -0.41732811001728004, -0.048991432863131144, -0.1439235231571286, 0.515993310072183, 0.2259487748360549, 0.3131882874515511, -0.10629923456931417], [-0.644423414929602, -0.4483144322227295, -0.48819766378930074, 0.4460907602266489, -0.11449576932015579, -0.11100324882625535, 0.21684983780252506, 0.49458216203592525, 0.029236133475825134, -0.052800266933144845, 0.665778719421867, 0.01947361079937765], [0.24436367903263845, 0.11241846063111874, -0.4846371180710055, 0.11502764693550518, -0.6129223110689235, 0.4782325253954931, -0.7611518229499596, 0.44460987655917367, -0.5570753775735834, 0.6446064311724125, -0.07000785889235575, -0.10420566996109293]], "inverted": false, "swapped": true, "error_lsq": 0.04526899397711004, "error_max": 0.22304667665447972, "target": "75.xyz", "model": "2.xyz", "model_rescale": 3.795458400668931, "target_rescale": 4.230618186775282},
{"mapping": [12, 13, 8, 9, 2, 5, 7, 10, 14, 11, 0, 15], "R": [[0.9786718792488954, 0.1489565138235726, -0.14146840550795514], [-0.014426362992465594, -0.637112070251675, -0.7706361592803923], [-0.20492250442117144, 0.7562408127899156, -0.6213747663468501]], "T": [0.03364431804532819, 0.06632450152871636, 0.047971895435834216], "aligned_model": [[0.02253450468795913, -0.08879311112935637, -0.6454740512685955, 0.26960701973859674, 0.0863129195850949, 0.16877043699438288, -0.35271278419311874, 0.523909872609984, 0.2660191081463112, 0.7361287982854607, -0.4276374547368599, 0.034638567023706025], [-0.21499550857054325, -0.5758272509735802, -0.23110581515830378, 0.08125123889959576, 0.6670068331549832, 0.6590642436689426, -0.26814407109889715, -0.3175436164171329, -0.5507386180701597, 0.10138830789262104, 0.6164085995703287, 0.11900470239185548], [-0.6552339691100253, -0.20240101420811876, 0.07029725288419492, 0.6608701475027737, -0.3631328067894205, 0.3567373165599369, 0.5381638207131547, -0.18006587782444086, 0.38913132791335514, 0.24371973169036631, -0.1410266777321135, -0.028287820960562385]], "inverted": false, "swapped": true, "error_lsq": 0.04405022277151532, "error_max": 0.2117670552092726, "target": "75.xyz", "model": "3.xyz", "model_rescale": 3.7530521520055578, "target_rescale": 4.230618186775282},
{"mapping": [3, 12, 10, 13, 11, 8, 5, 0, 6, 7, 15], "R": [[-0.31002934104479274, -0.895879239570725, -0.3182486383278193], [0.8741200151073701, -0.13695914295405964, -0.46600042097618377], [0.37389304203210666, -0.4226613079848557, 0.825567327268048]], "T": [-0.01721807521419083, -0.06239882809581751, 0.008087794954390184], "aligned_model": [[-0.425823561323121, -0.08343382219491213, 0.3949399234972343, 0.3574831859987182, 0.31074840330676873, -0.02999076756019295, -0.3221007802627833, -0.7279770803184757, -0.35370187768878536, 0.30984924870900865, -0.09179326971825426], [-0.7701736114852938, 0.07446176580994984, -0.33605534558201533, 0.3281776258425907, -0.7118896474878265, 0.6783484907957957, -0.44337517466596466, 0.11590551841570018, 0.18999913692340045, 0.42742692150619865, -0.08562232175818948], [-0.01438595433262305, -0.7339684809804736, -0.43344834913451913, -0.43585520776398756, 0.06834387668365113, 0.0440772697277477, 0.4843640957850702, 0.1269282180313898, 0.6274100516190498, 0.40118684199122673, -0.04182158438121579]], "inverted": true, "swapped": true, "error_lsq": 0.04745319100357082, "error_max": 0.24187122967817365, "target": "75.xyz", "model": "4.xyz", "model_rescale": 3.7855080009869324, "target_rescale": 4.230618186775282},
{"mapping": [14, 12, 2, 3, 0, 9, 15, 8, 13, 10, 4, 5, 1, 6, 7, 16], "R": [[0.5649895565219201, 0.06418361141424418, 0.822597875664039], [0.2249645827111674, -0.9711804383074795, -0.07873685778898265], [0.7938373495538961, 0.2295408902019801, -0.5631458445008078]], "T": [-0.028289511362681385, -0.0545811543758052, 0.0607489888979371], "aligned_model": [[-0.4042149936248182, -0.3829165196835316, 0.18626335814062603, 0.425265191936615, 0.6834350474896548, -0.01846460316901539, -0.6115960629288214, -0.444360071988621, -0.7015665171064617, 0.09228401899580917, 0.46921197442483814, 0.7183206291153857, 0.27585468949959624, -0.11753762265401081, 0.30932313976858844, -0.0459462195872651], [-0.5288837568034781, -0.5493102777586826, -0.7096657241764445, -0.27626890893776157, -0.32895711619315493, -0.26032700808047815, 0.119174265648307, 0.498666986446987, 0.03232984197679631, 0.41220942625194484, 0.12865379696273505, 0.19165670627232406, -0.525177793030102, 0.3326834826819119, 0.6050000649149794, -0.09244973345893838], [-0.24159927329185277, 0.36496608647196593, -0.20498952952891736, -0.4162827458866632, 0.22396622825629964, -0.6207832070483467, -0.49502131221405854, -0.06618271407716876, 0.3137552953906534, -0.48563261006782477, 0.5764213733752536, -0.131717784177461, 0.5698060070781147, 0.5785693666182887, 0.17183357302600538, 0.02697083665892966]], "inverted": true, "swapped": false, "error_lsq": 0.03639897531255338, "error_max": 0.23609670588538514, "target": "75.xyz", "model": "5.xyz", "model_rescale": 4.2253639853439635, "target_rescale": 4.230618186775282},
{"mapping": [13, 8, 9, 14, 7, 5, 11, 10, 0, 1, 6, 3, 4, 15], "R": [[0.5048980125601079, -0.17198061017285454, 0.8458727248454261], [-0.26065074859387827, -0.9645818331688285, -0.04053485386816072], [0.8228846724604268, -0.20001139178865518, -0.5318423253037134]], "T": [0.038418864093065386, -0.031137801887806515, 0.014530923890013984], "aligned_model": [[0.5386811528830365, -0.05197805911792702, -0.352737481884073, 0.1996199247041941, -0.2846642366144498, -0.4745888699998786, 0.1156111566766555, 0.5935201721271253, -0.2813355032780051, 0.23884049237649863, -0.6652593669515754, -0.0009586864345371149, 0.7316065080618313, 0.0677049502088885], [-0.23716483858094095, 0.028056619784005213, -0.513092771704714, -0.7453254470077011, -0.4155812343460831, 0.09980170083183681, -0.4118689010396269, -0.32475054506300705, 0.6304783535729603, 0.5982504921043095, 0.13915005963296811, 0.31208131767745845, 0.23274071622531528, 0.05232362454821003], [-0.4296839945383536, -0.7192874399618772, 0.2296160036520291, -0.1083711535045671, -0.4847182297493741, 0.4441976163447541, 0.6326864957306646, 0.22753413247005466, -0.09089704611459792, -0.3320503773317195, -0.17606060542432245, 0.7555158772909862, 0.48082864886952004, 0.042248281198251816]], "inverted": false, "swapped": true, "error_lsq": 0.033262846435400305, "error_max": 0.18400388187719363, "target": "75.xyz", "model": "6.xyz", "model_rescale": 3.89814844738969, "target_rescale": 4.230618186775282},
{"mapping": [7, 6, 0, 14, 1, 5, 9, 13, 10, 3, 2, 4, 15], "R": [[-0.657182955803364, -0.5240601985624266, 0.541730071977054], [0.06743208988040472, -0.7567282178629727, -0.6502425067190631], [0.7507086491148981, -0.39079830165014773, 0.5326473613672046]], "T": [-0.06407052859597552, -0.009485410160470137, -0.054025603536568226], "aligned_model": [[-0.024284388013239525, 0.03306070930543224, 0.37627399863412775, -0.40784598751494194, 0.6424304484769916, -0.40053408688673814, -0.6201169084424268, 0.23099712858855032, -0.29036186038170614, -0.38438029099490917, 0.09533796016594796, -0.07880019084028912, -0.023144731192576283], [-0.44474021805721276, 0.28247600715311283, 0.5443605521918532, -0.667182225216366, 0.18657415534808228, 0.5226398670839006, -0.09571698551477728, -0.6002011581299823, -0.3228356423694486, 0.6687661692204249, 0.6577563762108286, 0.17569720425526789, 0.05618716329480275], [-0.6111606637805183, -0.7365284922467883, -0.27862568546749394, -0.07422531448355642, 0.0832116662635103, -0.315885334072901, -0.3930270937061631, 0.17841013806250472, 0.48478803505715057, 0.2712206229851413, 0.19492751160465022, 0.8021665400631786, -0.00299689944241896]], "inverted": false, "swapped": true, "error_lsq": 0.04131503509893521, "error_max": 0.2270949174778517, "target": "75.xyz", "model": "7.xyz", "model_rescale": 3.7474275329858107, "target_rescale": 4.230618186775282},
{"mapping": [8, 1, 0, 6, 2, 9, 7, 14, 5, 11, 13, 10, 12, 4, 15], "R": [[-0.4247142676872556, 0.8574952117331542, 0.29037863674449516], [-0.1860935206738359, 0.23120595353993134, -0.9549413639647766], [-0.8859949166818595, -0.459614804920821, 0.06137783566973343]], "T": [-0.026907110540114042, -0.1124713389888968, 0.03420865396144036], "aligned_model": [[-0.4899609572332165, 0.22062192121696958, 0.34648400864765355, -0.11346531767073911, 0.6775171791790148, -0.2780733555622898, -0.6816367372301732, -0.6112402022123103, 0.29899822545437615, 0.12234782913544401, -0.41879914797144563, -0.03229303897474795, 0.14484790777465306, 0.5608096589528214, 0.05599574883273616], [0.03684418547209292, 0.2686152379613598, -0.29113945396816476, -0.693047048062335, -0.13548958153641288, -0.612542219996444, -0.31483747793565664, -0.019777350366015883, -0.7102284377436388, -0.28220240569782407, 0.46757718797511105, 0.304560220530948, 0.6207673953986653, 0.4321332811399864, -0.08211557119207888], [-0.5256582798960626, -0.557331244405843, -0.5820304443440096, -0.43046936626979165, -0.1551505334881344, 0.37828728275932355, -0.14413433545728033, 0.48266975312384364, 0.07172822319234637, 0.7284315712362888, 0.03335510076430262, 0.5497393922697646, -0.04717952727019262, 0.3885663221226803, 0.005970741359025315]], "inverted": true, "swapped": true, "error_lsq": 0.041199218302425865, "error_max": 0.27871034664383937, "target": "75.xyz", "model": "8.xyz", "model_rescale": 4.019505241142653, "target_rescale": 4.230618186775282},
{"mapping": [9, 11, 5, 6, 7, 0, 2, 14, 13, 10, 4, 12, 15], "R": [[-0.8675812348433607, -0.46146991754878147, 0.18533298720192892], [0.4765472853424188, -0.8780170380105217, 0.044595580453690595], [0.1421460016336749, 0.12701022069404982, 0.98166334252574]], "T": [0.08781493560776195, -0.10735790310913601, 0.005953805285295298], "aligned_model": [[-0.3080061517437958, -0.625668817782098, -0.031134534761526708, 0.4801833163715475, 0.2574274069951447, 0.6674507693975151, 0.25414809221707585, -0.33026141360456934, 0.16997601453522537, -0.3725519276310934, -0.2128182086471856, 0.2536186772959425, 0.11733754909899419], [-0.5057200587916653, -0.012384767815931882, 0.0005411698814840882, -0.39039824370009335, -0.7948237730270993, 0.1749629829048034, 0.5457397109356015, -0.6198699834296326, -0.28277434830103687, 0.03518164943359142, 0.6341636273794984, 0.2982981152413542, -0.019537852596814925], [-0.3348962074672852, -0.11632525307958519, -0.6567258826207631, -0.5653791615989645, 0.01312648822344976, -0.3620286222652802, -0.27404103189798434, 0.3431454848487194, 0.6786461711212456, 0.4614327830591536, 0.36280122756936606, 0.623784832334762, 0.00316266581704552]], "inverted": false, "swapped": true, "error_lsq": 0.05182375184539863, "error_max": 0.38027956035161403, "target": "75.xyz", "model": "9.xyz", "model_rescale": 3.877068213659057, "target_rescale": 4.230618186775282},
{"mapping": [11, 8, 0, 5, 1, 12, 10, 14, 9, 6, 4, 3, 7, 2, 13, 15], "R": [[0.24363134402128458, -0.9473616329618493, -0.20772506974903449], [0.1092343101576019, -0.18601298473272374, 0.976456366150181], [-0.9636968577798599, -0.2605860815597837, 0.05816580097052271]], "T": [0.030319424461076154, 0.006203984164861932, 5.376829045537074e-05], "aligned_model": [[-0.4368157369333873, -0.3203767073792628, 0.07273625231375982, 0.6648979730994292, 0.5383739372034333, 0.14335018957704584, -0.5652407641382367, -0.5319848782461848, -0.5570567312829076, 0.04439276085177459, 0.5620512598785358, 0.5841503254879914, 0.2492362398776856, -0.1082979797069224, 0.05895133032163604, 0.034987967704178266], [-0.4470938013531577, -0.56636858286237, -0.7314159633643691, -0.37390061845770994, -0.656124839926315, -0.23846792011679702, 0.1545579565184418, 0.5387847673742175, 0.01087193457811892, 0.3774656901362399, 0.1145509886011265, 0.23264606174147043, -0.318476720360338, 0.25806782661050487, 0.7694994291241456, -0.07526195552626333], [-0.34774090518389805, 0.3801798189738669, -0.29639801759669443, -0.2525843106202821, 0.2369245158798515, -0.6967639418073975, -0.35562859014518927, 0.09850744852433918, 0.301073312177579, -0.4921568187623874, 0.4045446354039648, -0.21150393376439658, 0.7162551627694652, 0.5981383593641154, 0.11921237534371204, -0.037979519973430645]], "inverted": false, "swapped": false, "error_lsq": 0.037648159867406265, "error_max": 0.26906543609668765, "target": "75.xyz", "model": "10.xyz", "model_rescale": 4.260839863003843, "target_rescale": 4.230618186775282},
{"mapping": [3, 4, 13, 10, 7, 9, 5, 2, 1, 8, 6, 15], "R": [[-0.03354290671770416, 0.9409583360660729, 0.3368564726952634], [0.37225109899831843, -0.30103258083639417, 0.877957006105381], [0.9275257369493699, 0.1548444221234565, -0.34017526693423983]], "T": [-0.08421239272431735, 0.018247798967070232, -0.053451865582115024], "aligned_model": [[0.5258292285372237, 0.2671570042855464, -0.5007830233297317, -0.32695715653332774, -0.5979128738394214, -0.39753598513032373, 0.25944495390489075, 0.6377079212490468, 0.3319661432529524, -0.3104250896688547, 0.07062004367272545, -0.0002125173065957997], [0.07718477148859931, -0.6575219216439097, -0.48528968922651144, -0.45935627349282776, 0.3461526880966285, 0.5001308518105774, 0.5446906409100821, -0.046827344214631535, -0.3127262537830177, 0.024032886481268105, 0.6635133538025597, -0.02090520469588314], [-0.5945473380136792, -0.48640611483241586, 0.19745707983227628, -0.44420191563254174, 0.3071301077883963, -0.3715124278806369, -0.3174464062290341, -0.13828468541217245, 0.46968163043265687, 0.6529186624786706, 0.2931681281516776, -0.05177864328769243]], "inverted": true, "swapped": true, "error_lsq": 0.04455985897032835, "error_max": 0.2338801933497644, "target": "75.xyz", "model": "11.xyz", "model_rescale": 3.890672605050136, "target_rescale": 4.230618186775282},
{"mapping": [10, 4, 3, 14, 11, 8, 12, 7, 13, 1, 5, 2, 6, 15], "R": [[0.6409259797182106, 0.6623130963105517, -0.3880144984118271], [0.23948617867093805, -0.6527926415579431, -0.7186850056550467], [-0.7292875007483973, 0.36769978186467933, -0.5770065958624943]], "T": [0.1166896176404176, -0.01592192254172316, 0.19308419910129523], "aligned_model": [[0.4109898429783113, 0.1064096769586417, 0.29570447469476624, 0.5880243059528569, 0.780086521310969, -0.3606170265243658, -0.28419453437656883, 0.15856198627956852, -0.04690549916609865, -0.6127957300274296, 0.33238042346925667, -0.17262732483831003, -0.04907660128915342, 0.06393531937125001], [-0.24783848779559467, 0.21269785743149347, 0.7295211241008842, -0.589501019818771, 0.1668961704704682, -0.46765501575946494, -0.22278371331697014, -0.4785254847139946, -0.6415885977982477, 0.03830404191216781, 0.5594128278838297, 0.6166270695216663, 0.2140317496097094, 0.04255399810058905], [-0.3540157516648281, -0.6526118866281978, -0.0909527735859754, 0.19077643563428706, -0.05086912422309947, 0.5370036000332941, -0.41540816744544506, 0.7275688192194066, -0.07489759210617633, 0.0470440526633919, 0.48872410921208065, -0.027772769867739883, 0.8859976200996735, 0.14420386401618926]], "inverted": false, "swapped": true, "error_lsq": 0.04384941498593105, "error_max": 0.27081135483973046, "target": "75.xyz", "model": "12.xyz", "model_rescale": 4.124412569039231, "target_rescale": 4.230618186775282},
{"mapping": [2, 1, 7, 4, 6, 5, 12, 11, 13, 10, 9, 14, 15], "R": [[0.4517447748420593, -0.7229142846238226, 0.5228016789277975], [0.47324181632607143, -0.30259047063631184, -0.8273337841285682], [0.7562862167746401, 0.6211553301444994, 0.20541960507648693]], "T": [0.16327673123575634, 0.10716521377952085, 0.06297754879732616], "aligned_model": [[-0.27753554994535656, -0.26483516086884085, 0.7536316547404217, -0.646005093903089, 0.6727745635454299, 0.3954387046620526, -0.49741310600540123, 0.16723386075214003, -0.01336406950787336, -0.16463572203412766, 0.691963352635836, 0.4632467384799518, 0.08679813495861421], [-0.33829790082123234, 0.3703747203013935, 0.497065559305891, -0.07773492631828141, -0.045316951259996435, -0.5114150500610393, 0.47718200139594835, -0.3344768956254516, 0.7486539642113621, 0.20387651411031868, -0.1467886378718327, 0.4267557306845243, 0.07760724845687288], [0.43693940192935127, 0.6142107259281777, 0.0927759545423854, -0.2171106803115765, 0.5899000173735068, 0.23148520588860255, 0.04455528468443645, -0.5183723623746137, -0.1545692318506533, -0.5052095853233216, -0.23289973834997507, -0.5362174038435209, 0.10621049267504025]], "inverted": true, "swapped": true, "error_lsq": 0.04775623033556034, "error_max": 0.2527314287445761, "target": "75.xyz", "model": "13.xyz", "model_rescale": 3.9028299243045295, "target_rescale": 4.230618186775282},
{"mapping": [1, 12, 11, 9, 14, 6, 2, 0, 8, 3, 10, 7, 13, 5, 4, 15], "R": [[-0.41140341424549104, 0.09946417074401223, 0.9060099941420948], [-0.1593535740239895, -0.9865668571676217, 0.03594822365823146], [0.8974149927391083, -0.12958670871893965, 0.42172694451559395]], "T": [-0.041771181599801865, -0.03569003031505646, -0.005107583999827733], "aligned_model": [[-0.23994586758565, -0.3314039314988563, 0.10654172832327757, 0.5770754693986659, 0.5681494401244547, 0.08745223283205494, -0.705988829347883, -0.48032863626046013, -0.6995735920156969, -0.03061101600587071, 0.5992075346766722, 0.7697774876056042, 0.12012698788334633, -0.1224264532885805, 0.15688725921941382, 0.058415624568076155], [-0.5014150093553957, -0.5404750332046133, -0.7538105231695356, -0.3377037085147394, -0.5971044122619135, -0.11683585161160848, 0.0021404832394357892, 0.6675328350030217, 0.09917655184751972, 0.430641873650708, 0.11396025127090278, 0.2524838209050366, -0.30533534237037663, 0.1042323253911989, 0.5835737439005002, -0.051727752003196334], [-0.41257021231694335, 0.3763963609399171, -0.09545650115169267, -0.3610036603928402, 0.3045073053735315, -0.654048973570502, -0.3205969470851678, -0.02411731572137628, 0.3764866421415632, -0.4187492783268528, 0.34432578668874925, -0.28612812563528217, 0.7254618789534418, 0.4807095577084225, 0.18570770815017446, -0.05684463517192467]], "inverted": false, "swapped": false, "error_lsq": 0.03693557965096533, "error_max": 0.25631651081638374, "target": "75.xyz", "model": "14.xyz", "model_rescale": 3.942246331269136, "target_rescale": 4.230618186775282},
{"mapping": [9, 6, 7, 0, 2, 8, 10, 14, 11, 13, 12, 4, 5, 3, 15], "R": [[0.28701464421570627, 0.6666959643809528, -0.6878510631553045], [-0.4228220444249522, -0.5561566556566963, -0.7154797642960021], [-0.8595604183267371, 0.4961917627761573, 0.12226864601791584]], "T": [-0.06271539502993632, 0.0063825083826638635, -0.09801069583848862], "aligned_model": [[-0.7118259949531026, -0.24402682807732984, -0.2722131353814978, 0.2668472101403636, 0.2101604159006628, 0.2721806843566393, -0.05895510892281504, -0.40899828413702155, -0.5725521822486667, 0.27924473492565266, 0.5847984407418166, 0.28317654251886026, -0.456698724649866, -0.19488124400585743, -0.0019624896756282734], [0.018268656757649892, -0.590050275255303, 0.1043427435687131, -0.656682709340455, -0.4750140288154135, 0.006568567326050471, 0.5754918860345544, 0.6231683670726675, 0.23053682332800945, 0.5711874339981657, 0.33630094772780117, 0.2622234691456077, -0.5148111036066713, -0.36056475561458756, -0.03282133244513854], [-0.1983083528890413, -0.5125951124799942, -0.7672966207185903, -0.15117887991515622, 0.37780070281701505, -0.7598335994939235, 0.24230775578947292, -0.3234393103567923, 0.37406178205359464, -0.3305941361550335, 0.11563040468056723, 0.6651922396434459, 0.09710442407727987, 0.6205229154120611, -0.04001173210438941]], "inverted": true, "swapped": true, "error_lsq": 0.04121643583845166, "error_max": 0.3050808774210333, "target": "75.xyz", "model": "15.xyz", "model_rescale": 4.355366556412066, "target_rescale": 4.230618186775282},
{"mapping": [11, 9, 5, 12, 2, 10, 0, 13, 6, 14, 8, 15], "R": [[-0.6125585373616973, 0.6681889473961405, -0.4222505996241282], [-0.6772861333869572, -0.16830098285881306, 0.7162110531753211], [0.4074991188052351, 0.7247056711151053, 0.5556493124503634]], "T": [-0.03292644413814245, 0.01011092978188575, -0.04834414234701322], "aligned_model": [[-0.1705420456867568, 0.40928057120678446, 0.12916161872785123, -0.6304162849545006, -0.47826337641453265, -0.41732811001728004, -0.048991432863131144, -0.1439235231571286, 0.515993310072183, 0.2259487748360549, 0.3131882874515511, -0.10629923456931417], [-0.644423414929602, -0.4483144322227295, -0.48819766378930074, 0.4460907602266489, -0.11449576932015579, -0.11100324882625535, 0.21684983780252506, 0.49458216203592525, 0.029236133475825134, -0.052800266933144845, 0.665778719421867, 0.01947361079937765], [0.24436367903263845, 0.11241846063111874, -0.4846371180710055, 0.11502764693550518, -0.6129223110689235, 0.4782325253954931, -0.7611518229499596, 0.44460987655917367, -0.5570753775735834, 0.6446064311724125, -0.07000785889235575, -0.10420566996109293]], "inverted": false, "swapped": true, "error_lsq": 0.04526899397711004, "error_max": 0.22304667665447972, "target": "75.xyz", "model": "16.xyz", "model_rescale": 3.795458400668931, "target_rescale": 4.230618186775282},
{"mapping": [7, 6, 0, 14, 1, 5, 9, 13, 10, 3, 2, 4, 15], "R": [[-0.657182955803364, -0.5240601985624266, 0.541730071977054], [0.06743208988040472, -0.7567282178629727, -0.6502425067190631], [0.7507086491148981, -0.39079830165014773, 0.5326473613672046]], "T": [-0.06407052859597552, -0.009485410160470137, -0.054025603536568226], "aligned_model": [[-0.024284388013239525, 0.03306070930543224, 0.37627399863412775, -0.40784598751494194, 0.6424304484769916, -0.40053408688673814, -0.6201169084424268, 0.23099712858855032, -0.29036186038170614, -0.38438029099490917, 0.09533796016594796, -0.07880019084028912, -0.023144731192576283], [-0.44474021805721276, 0.28247600715311283, 0.5443605521918532, -0.667182225216366, 0.18657415534808228, 0.5226398670839006, -0.09571698551477728, -0.6002011581299823, -0.3228356423694486, 0.6687661692204249, 0.6577563762108286, 0.17569720425526789, 0.05618716329480275], [-0.6111606637805183, -0.7365284922467883, -0.27862568546749394, -0.07422531448355642, 0.0832116662635103, -0.315885334072901, -0.3930270937061631, 0.17841013806250472, 0.48478803505715057, 0.2712206229851413, 0.19492751160465022, 0.8021665400631786, -0.00299689944241896]], "inverted": false, "swapped": true, "error_lsq": 0.04131503509893521, "error_max": 0.2270949174778517, "target": "75.xyz", "model": "17.xyz", "model_rescale": 3.7474275329858107, "target_rescale": 4.230618186775282},
{"mapping": [13, 12, 10, 1, 7, 6, 14, 3, 8, 9, 0, 2, 5, 15], "R": [[0.6120893300433551, 0.6968728189413854, 0.3737845987567764], [0.7904513297630956, -0.5253621547163043, -0.31493062992918985], [-0.023094313647111536, 0.48822421141574845, -0.8724126157184111]], "T": [0.1013230976733238, -0.02098044844005598, 0.0519124999234063], "aligned_model": [[0.45510228853161444, 0.18346170413900764, 0.6657619817401136, -0.38776874542994877, 0.18099931802379476, -0.4300508393158059, 0.7672823454333073, -0.0866092887254049, -0.11593980440879233, 0.3474019044062222, -0.6380310917680024, -0.37907604816696544, -0.19771458753418936, 0.05002851095792604], [-0.3840002101849306, 0.06724986064308355, 0.20740183065843967, -0.09887084378731942, -0.6743834798197761, -0.3004785094551111, -0.3223543469443455, 0.7617769073628717, -0.6999180326933984, -0.06079023036062958, 0.017792580304255564, 0.5074538050571036, 0.3022289074390825, 0.03730000329190762], [-0.4308848984608474, -0.6959053427720876, -0.2107023373356431, -0.5058861262645128, 0.3129591214820566, 0.49913583635757314, 0.1816304579525103, 0.1946745283701848, -0.1530400859993722, 0.6597001878589097, -0.0023635010015429503, -0.0983347020959961, 0.572534944997152, 0.0012766355732706305]], "inverted": false, "swapped": true, "error_lsq": 0.03731858365535031, "error_max": 0.23032784163639528, "target": "75.xyz", "model": "18.xyz", "model_rescale": 3.922800546911778, "target_rescale": 4.230618186775282},
{"mapping": [4, 2, 12, 10, 6, 3, 0, 14, 5, 13, 8, 7, 11, 9, 15], "R": [[-0.6102322665557128, 0.4216531641128235, 0.6706900849482731], [0.7907847893600065, 0.273219467416861, 0.5477321786615218], [0.047707418407704594, 0.8646153664017842, -0.5001642434348751]], "T": [0.1228417549119294, 0.019536676542013312, 0.010027237452672217], "aligned_model": [[-0.26007469699214814, -0.3880194563685404, 0.3292255371692516, 0.10627446389247015, 0.12442730289407579, -0.6777307595247668, -0.019260895583079543, 0.46515016914569973, -0.4141800916139111, 0.6918434126161174, 0.7818238168910907, 0.6390720783060754, -0.3411402134823161, -0.020587358659292607, 0.07922752819689169], [0.5972144527557879, -0.18500812131999184, 0.3902642269405478, 0.6816056259999334, -0.6962205483647235, 0.04443422055548636, -0.5988075714225911, 0.46483632850267553, -0.3323213622079376, 0.39349861251053997, -0.3069518292057588, -0.20702908416123988, 0.45815715411140984, 0.003121505922011117, 0.010817894418429612], [-0.5259185882830166, -0.4693291746088349, -0.6174515922806003, -0.023236902899145855, 0.22951578090133196, -0.15390085079932256, -0.3753960067999724, 0.49550418285835435, 0.2396769971687561, -0.15253344403216104, -0.0864759853620132, 0.4385168749213757, 0.3640949436263667, 0.650889237433421, -0.07129630468120993]], "inverted": false, "swapped": true, "error_lsq": 0.040606207166115425, "error_max": 0.24206218554707581, "target": "75.xyz", "model": "19.xyz", "model_rescale": 3.9282355846067225, "target_rescale": 4.230618186775282},
{"mapping": [0, 6, 7, 5, 2, 9, 11, 14, 4, 12, 8, 1, 13, 15], "R": [[-0.020871631978847005, -0.9133089973119184, -0.40673216052783245], [-0.9325976882703875, 0.16440017601483603, -0.32130069087852997], [0.3603136506035669, 0.3726114028789107, -0.8551811595406796]], "T": [0.0012727275417946382, -0.07836206634276832, -0.017058120332958327], "aligned_model": [[-0.6189935820530954, -0.21869121705225436, 0.47519061594714357, -0.382328334055301, -0.7097864955320053, 0.2770442137304705, 0.12425580758303056, 0.724869071128459, -0.2781077322893628, -0.05282972180447504, 0.21015504920820444, -0.39507946184237264, 0.4557068147345513, -0.0788822086183166], [-0.45575221797976817, -0.7574118454688948, -0.6041768335309596, -0.21617906230341408, 0.0838810293369221, -0.197528744455236, 0.40735929248829306, 0.03820771034040686, 0.7237918655613018, 0.3184609749095351, -0.6157046541968816, -0.20338203084553566, 0.04779544716675979, -0.04647884359769284], [0.13766818030074468, -0.2428753035170467, -0.035761750701767014, -0.5636770519321166, 0.008870252037744174, -0.6012625894176822, -0.5480770036998158, -0.13527196776210665, 0.1975815278893135, 0.6258783173284799, 0.44962816978368575, 0.602370650794718, 0.5002525536054743, 0.01685917253405766]], "inverted": true, "swapped": true, "error_lsq": 0.03014725331475723, "error_max": 0.17399657598668739, "target": "75.xyz", "model": "20.xyz", "model_rescale": 4.067790424073018, "target_rescale": 4.230618186775282},
{"mapping": [2, 13, 3, 5, 4, 10, 11, 1, 12, 8, 7, 9, 6, 14, 15], "R": [[-0.9448297749716191, -0.06403049455323873, -0.3212425751583171], [-0.3244225986292906, 0.04747415491395335, 0.9447201607427589], [-0.04524017932875077, 0.9968180879089592, -0.06562793453879873]], "T": [0.11204348688613273, 0.02356709558861279, 0.039187240186687844], "aligned_model": [[0.10487941919184754, -0.059388909273568616, -0.1887313010908589, 0.2774109196286148, -0.5915448491850207, -0.5182418020338223, -0.43422003630966444, 0.3720582614634878, -0.20550711237614044, 0.6335018775320511, 0.5234426881190742, 0.11816575185357843, 0.7990402967214275, -0.16319493058068135, 0.10077368024718988], [-0.2532585933766365, 0.6832068872859278, -0.5781188298036112, -0.6327699712022604, 0.09522424696266847, 0.20565039090913223, -0.4096837748885698, 0.4195117300924672, 0.5813069735010086, 0.5384739772039103, 0.20962898377119168, -0.38950413810192525, -0.2692108632776358, 0.22005378396368455, 0.020384336888495436], [-0.6360286774062147, 0.19894540099458508, -0.4254817073336401, -0.04334046522885043, -0.4779232474222852, 0.13563619112806422, 0.25579974524995475, -0.5370394647339841, -0.3631194953537577, 0.15371681933338624, 0.5846786068677384, 0.5499515157920601, 0.09212673160898913, 0.7000892676111149, -0.05276164748601975]], "inverted": false, "swapped": true, "error_lsq": 0.040215138666690055, "error_max": 0.22812460319891312, "target": "75.xyz", "model": "21.xyz", "model_rescale": 4.186013935880536, "target_rescale": 4.230618186775282},
{"mapping": [8, 1, 6, 14, 10, 7, 13, 12, 5, 2, 4, 11, 15], "R": [[0.18733697937596114, -0.7672244186917453, 0.6134097712959947], [-0.15497674106488996, 0.593559722025813, 0.789727209938689], [-0.9699933329086325, -0.2430093573337322, -0.007706254670700345]], "T": [0.09203574839355935, 0.01882537638292934, -0.0038065127474332695], "aligned_model": [[0.10630426759622838, -0.4832114850878916, 0.4995351759590593, 0.44549087621031513, -0.12211855685585218, 0.5797390105873982, -0.15184680995490055, -0.6074267610597505, 0.39518286198651376, -0.326077168193297, -0.5918181244818453, 0.299713654845992, 0.015107093871255903], [-0.3926067172054154, 0.04524309403235053, 0.3310810849659193, -0.5445851416109139, -0.2756145013076203, -0.373126709433199, -0.6373349980583369, -0.2671752654160163, 0.6291476953564279, 0.615279715698984, 0.14031344346389482, 0.17823988699888274, 0.07009507206113579], [-0.6208032843229545, -0.4779476063269412, -0.548716348100894, 0.32603095608518323, 0.5504130863016251, -0.335390967453325, -0.007160903118748057, 0.048334591255481174, 0.019518360236404585, -0.04879686062472831, 0.5301963716116773, 0.6777270754710173, -0.010524909678451756]], "inverted": true, "swapped": true, "error_lsq": 0.0351181431576662, "error_max": 0.1966651298583515, "target": "75.xyz", "model": "22.xyz", "model_rescale": 4.166573947596378, "target_rescale": 4.230618186775282},
{"mapping": [13, 14, 12, 12, 11, 6, 5, 0, 7, 1, 3, 2, 9, 8, 4, 15], "R": [[-0.7715931770744286, 0.3912904946787277, 0.5015333666529739], [0.6336155254616138, 0.40291688101044, 0.6604463285467052], [0.05635011079130811, 0.8273752085788503, -0.5588156487097617]], "T": [0.040468910417529355, -0.083286989965736, 0.09079524520007999], "aligned_model": [[-0.6526690303156674, -0.19603084874056426, 0.3108961469707242, 0.3108961469707242, 0.7402085093184825, 0.19829200582671297, -0.5762163250013213, -0.3582893654641011, -0.6447793297729714, -0.018419227946201835, 0.5312476701251073, 0.5175505738795705, 0.169993668124726, -0.12403793959625865, 0.20550087860788108, 0.01921190564172518], [-0.48444891356185826, -0.8367061009078471, -0.607950172108451, -0.607950172108451, -0.4280116402387415, -0.10532569285109886, 0.034809670116729835, 0.6247294799660018, 0.11696172107454397, 0.4064621204803087, 0.13090226769793054, 0.24916677624947528, -0.35007922326111895, 0.3380028743728898, 0.6148721716681493, -0.046100913871517483], [-0.18387190803915798, 0.1398388014089093, -0.19377286661728377, -0.19377286661728377, 0.20751172497260856, -0.653324233175173, -0.4540115834053524, 0.010419387137321587, 0.13232777092082346, -0.4237696747512354, 0.3640823157640628, -0.2478444141824342, 0.6128052141434404, 0.7612663383318193, 0.24951432995828726, 0.036681254733865874]], "inverted": true, "swapped": false, "error_lsq": 0.045597349631200615, "error_max": 0.35858850759063804, "target": "75.xyz", "model": "23.xyz", "model_rescale": 4.274766983524099, "target_rescale": 4.230618186775282},
{"mapping": [3, 10, 12, 1, 13, 8, 6, 7, 9, 14, 15], "R": [[-0.5907168531995658, -0.3841474809009159, 0.7095662846158091], [-0.5973257906525761, -0.38300981918887167, -0.7046313775487031], [0.5424532230222969, -0.8400798719897938, -0.0032108426205500473]], "T": [0.03325335419410158, 0.017968256010117978, -0.0479139866188372], "aligned_model": [[0.46047893726706507, 0.14208114244974263, -0.48671313444891995, -0.6251577400315633, -0.398148825842925, -0.5400721701705351, 0.05787255451788098, -0.04998568421488432, 0.5853283593517689, 0.23130826055577317, 0.0029030045246719767], [-0.17505807790645694, 0.6508019073777496, 0.42606612200545224, -0.1777464630120641, 0.5302923466459887, -0.1194733447171715, -0.6692585047265192, -0.05794420477379936, -0.03187617828064465, 0.5425552067144954, -0.002772278083546933], [-0.7177108157170675, -0.2134263855546244, -0.41785161166537643, -0.33878789712521096, 0.15568507133989945, 0.4021666993818799, 0.24805799512378898, 0.651183804047967, 0.3046114628398239, 0.4386427728951064, -0.13300466154460924]], "inverted": true, "swapped": true, "error_lsq": 0.044238767316869106, "error_max": 0.20294590554873213, "target": "75.xyz", "model": "24.xyz", "model_rescale": 3.7841303162186577, "target_rescale": 4.230618186775282},
{"mapping": [8, 9, 2, 5, 12, 4, 1, 7, 0, 6, 13, 3, 14, 10, 11, 15], "R": [[0.03158803214498998, -0.06289112070559788, 0.9975203773164742], [0.9840982819766205, 0.17649119792000847, -0.0200356798593031], [-0.1747934999817533, 0.9822909772532549, 0.06746605347116816]], "T": [-0.06139131529950029, -0.04422484048768375, 0.050419906682458424], "aligned_model": [[-0.48217418826859004, -0.03134825182988299, 0.0232798951768899, 0.5679645874842452, 0.5462427665572198, 0.08868110529656811, -0.5646000168447017, -0.39565145034635274, -0.765399163856962, 0.08289387140621496, 0.6351156266768312, 0.6110843498985182, 0.26217349987635574, -0.3531445059557642, 0.24245766762002788, -0.03422035426204816], [-0.41130384920607, -0.5263364691612231, -0.734595195624211, -0.4713017122311638, -0.4734600432803856, -0.12897337298933398, -0.11166046574305313, 0.4996894592322925, 0.15088108115916649, 0.48775467357979946, 0.13313360922547196, 0.19077716471260397, -0.294525345269809, 0.11306596148397538, 0.6225762193109343, 0.0036125375179506952], [-0.1436227659776264, 0.38027821014203694, -0.2411492734315409, -0.38644991225304914, 0.19776260136999518, -0.6755279548569283, -0.4929674624556303, 0.1738417717584932, -0.036967608784113454, -0.41670538031542, 0.3593245155266221, -0.3258146277524837, 0.7300922027167966, 0.7542627759609649, 0.27950441378168184, 0.008218085153419194]], "inverted": false, "swapped": false, "error_lsq": 0.0461082044363833, "error_max": 0.365444396235784, "target": "75.xyz", "model": "25.xyz", "model_rescale": 4.19342608120988, "target_rescale": 4.230618186775282},
{"mapping": [11, 9, 5, 12, 2, 10, 0, 13, 6, 14, 8, 15], "R": [[-0.6125585373616973, 0.6681889473961405, -0.4222505996241282], [-0.6772861333869572, -0.16830098285881306, 0.7162110531753211], [0.4074991188052351, 0.7247056711151053, 0.5556493124503634]], "T": [-0.03292644413814245, 0.01011092978188575, -0.04834414234701322], "aligned_model": [[-0.1705420456867568, 0.40928057120678446, 0.12916161872785123, -0.6304162849545006, -0.47826337641453265, -0.41732811001728004, -0.048991432863131144, -0.1439235231571286, 0.515993310072183, 0.2259487748360549, 0.3131882874515511, -0.10629923456931417], [-0.644423414929602, -0.4483144322227295, -0.48819766378930074, 0.4460907602266489, -0.11449576932015579, -0.11100324882625535, 0.21684983780252506, 0.49458216203592525, 0.029236133475825134, -0.052800266933144845, 0.665778719421867, 0.01947361079937765], [0.24436367903263845, 0.11241846063111874, -0.4846371180710055, 0.11502764693550518, -0.6129223110689235, 0.4782325253954931, -0.7611518229499596, 0.44460987655917367, -0.5570753775735834, 0.6446064311724125, -0.07000785889235575, -0.10420566996109293]], "inverted": false, "swapped": true, "error_lsq": 0.04526899397711004, "error_max": 0.22304667665447972, "target": "75.xyz", "model": "26.xyz", "model_rescale": 3.795458400668931, "target_rescale": 4.230618186775282},
