[{"mapping": [5, 3, 12, 4, 14, 0, 2, 9, 11, 7, 8, 10, 6, 15], "R": [[0.27577583919861703, 0.5472020671638552, 0.7902642496063594], [0.8557356357966414, -0.51421567972538, 0.05743480088137942], [0.4377947100434367, 0.6604181496719858, -0.6100685694590521]], "T": [-0.12136242532856101, 0.12734557838355298, 0.1679272877003667], "aligned_model": [[0.2573783249446609, 0.3214675071381109, -0.6709337233126391, -0.3226882597596444, -0.6562163634833548, -0.1915452436925647, -0.7417285315049935, -0.0960125781872625, -0.32063125855939656, 0.3573255765432672, 0.5169392964019222, 0.36573566368364474, 0.6300042884843343, -0.07760259756778119], [-0.614154567588618, -0.3879466629718368, -0.2710848440118079, -0.31086487327286333, 0.2889319201196045, 0.22105846063609016, 0.21125947718701749, 0.38143649290173537, 0.7448289302175579, -0.002634632315594909, 0.5012450226696582, 0.4442547276833908, -0.062214304854619595, 0.09115818541032022], [0.209391690016844, -0.38280988306985975, 0.2870064645949587, -0.22442690493073864, 0.5661597821542959, -0.6268447035190167, -0.15252202158911365, 0.7242067870557521, 0.2572169699395651, 0.6499786916224944, 0.41072697511074774, -0.1501792448082332, 0.20092277926750968, 0.12876070533462744]], "inverted": false, "swapped": true, "error_lsq": 0.04014959970344382, "error_max": 0.2532158852888036, "target": "750.xyz", "model": "0.xyz", "model_rescale": 3.8414455957264533, "target_rescale": 4.24874438870682},
{"mapping": [14, 13, 8, 7, 9, 6, 10, 11, 0, 1, 3, 12, 4, 2, 15], "R": [[-0.22904877072412466, -0.2766271052119983, 0.9332813644832931], [-0.7623956679042392, -0.5451324456890987, -0.34868820200556105], [0.6052185606792116, -0.791396273253199, -0.08603739007159406]], "T": [-0.056089948714875694, 0.0550700950558493, -0.06805209342824604], "aligned_model": [[-0.675270929246804, -0.6080948476849001, 0.07073874101715086, -0.21658251965287317, -0.5170062198146954, 0.3087827814047657, 0.4697459275776714, -0.2365088863174806, 0.5845988787440817, 0.4257293737057901, 0.6450021592169025, -0.4449493915598613, 0.17310063816745444, -0.10742664615481584, 0.00018509410215801492], [0.21951428033229425, 0.03154341539960252, -0.7088405317388576, -0.5012008563795828, -0.3320473125114043, -0.47562201932844167, -0.2981021107353058, -0.07376433552893692, 0.45569052035759444, -0.01996006904113569, 0.17484212547294087, 0.5849389083073891, 0.5735093076317691, 0.662753892401469, 0.05378931340361981], [0.17759200666499203, -0.6318470618314597, 0.0127972005644129, -0.44649016973078154, 0.043069429184154004, -0.5002642646686986, 0.12599364219661507, 0.5482409387358003, 0.20469568661905563, 0.6329235542698914, -0.5770318487064252, -0.2753746389500382, -0.3233847426795552, 0.28218832952230305, -0.10792627385073075]], "inverted": false, "swapped": true, "error_lsq": 0.04097377644598531, "error_max": 0.2477145450720554, "target": "750.xyz", "model": "1.xyz", "model_rescale": 4.316132596720782, "target_rescale": 4.24874438870682},
{"mapping": [11, 2, 14, 6, 9, 10, 13, 3, 12, 0, 4, 15], "R": [[0.7040932821899576, 0.5593693258024992, 0.43744554784136336], [0.708893782355023, -0.5896856416733126, -0.3869631110877667], [0.041500064016366356, 0.582560555955852, -0.8117271360075665]], "T": [-0.10640723630517429, -0.03015230387870145, -0.06483129667546311], "aligned_model": [[-0.18446188707586092, 0.5215036511249427, 0.12752459447086473, -0.6911344670885136, -0.4427609099099196, -0.4955461835203416, -0.10942724383101812, -0.07958056140630576, 0.44505838300807116, 0.24758923812873795, 0.3740768043472695, -0.11503286361614584], [-0.6785441124197178, -0.32293970788607884, -0.46768052708652336, 0.4582563762321263, -0.3320414159798193, -0.05060528807238811, 0.2926984770747501, 0.7054304732197412, 0.06685544399724318, -0.018955196570090135, 0.333237443737368, 0.027064461494369335], [-0.015213364899850756, 0.055944783035527634, -0.5387647868201327, 0.08051180496979243, -0.4776034605155686, 0.470930103998175, -0.7851686706410417, 0.4075395130783841, -0.46661535683146205, 0.6562313713338412, 0.0887437079031757, -0.02727718340141924]], "inverted": true, "swapped": true, "error_lsq": 0.04378732165471529, "error_max": 0.24079604186790335, "target": "750.xyz", "model": "2.xyz", "model_rescale": 3.795458400668931, "target_rescale": 4.24874438870682},
{"mapping": [10, 0, 3, 12, 8, 13, 4, 11, 2, 14, 6, 15], "R": [[-0.6173982664650799, 0.2940169170106996, 0.7296392485862022], [-0.27140719272412434, -0.9501882282611682, 0.1532333730344417], [0.7383478288066705, -0.10342332128405943, 0.6664428710032466]], "T": [0.11844563582332998, 0.0587394307170017, 0.04867681866764556], "aligned_model": [[-0.12159956905289732, -0.19626667144416657, -0.7483687805120659, 0.23820578674552997, 0.1213428161628042, 0.15157391817098867, -0.2512784270087024, 0.6717335462770111, 0.3568068673313647, 0.7324391057711847, -0.4114194256836069, 0.05013465898612125], [-0.06170558226097475, -0.6668233851020169, -0.05738630301133048, 0.0040582223399226736, 0.4658713517626424, 0.6568055642194727, -0.24994560685763312, -0.12439162774648295, -0.5264976485829606, 0.0969814127738522, 0.49263228605412335, 0.05617036170109516], [-0.5569295070247133, -0.09233741563358333, 0.03954139548777452, 0.7251550039252768, -0.6149622216395856, 0.5628237785978136, 0.4417670996032347, -0.25015743073418634, 0.3573269316684908, 0.35251488459107, -0.3154022896380441, 0.03943120143555287]], "inverted": true, "swapped": true, "error_lsq": 0.0443583109060974, "error_max": 0.24025781118925216, "target": "750.xyz", "model": "3.xyz", "model_rescale": 3.7530521520055578, "target_rescale": 4.24874438870682},
{"mapping": [7, 11, 14, 2, 13, 0, 5, 10, 3, 4, 15], "R": [[-0.5417058477375123, -0.22488175319862297, -0.8099277570285492], [-0.2493682719528879, -0.8771757228463182, 0.4103391477695858], [-0.802726752681268, 0.42425340107929965, 0.41909284437035343]], "T": [-0.08131561927975689, -0.08874973354058363, -0.10723038441264592], "aligned_model": [[-0.4145769552825933, -0.133358335461692, 0.38618817923541204, 0.41692161013161905, 0.2590783805748736, -0.14042220296174707, -0.1299456419781978, -0.6852897605188284, -0.34187004898889933, 0.23269447892956308, -0.11122010123430495], [-0.6827179814924584, 0.03346361821551676, -0.30033573625017745, 0.37327559299454083, -0.7643656675009511, 0.6976259171617973, -0.4064023502697586, 0.18333203699037404, 0.1942679679634018, 0.21031647982756352, -0.07125651932550223], [0.013389749409686194, -0.7485741747378187, -0.562685719726214, -0.28854687234906967, 0.11816419001442698, 0.04603408657873219, 0.6620018659715886, -0.11585999119394379, 0.6782301455644093, 0.3382573957449133, -0.047579898031394084]], "inverted": false, "swapped": true, "error_lsq": 0.04147332084959078, "error_max": 0.23587474246889178, "target": "750.xyz", "model": "4.xyz", "model_rescale": 3.7855080009869324, "target_rescale": 4.24874438870682},
{"mapping": [1, 0, 2, 11, 12, 13, 6, 8, 7, 10, 4, 3, 14, 15, 9, 16], "R": [[0.25487814638799133, -0.6311395445308841, 0.7325981202700221], [-0.22613636028701642, -0.7755157802406877, -0.5894383947061967], [0.9401592828079518, -0.015432107018344132, -0.3403856239958027]], "T": [0.015374134819413219, 0.04748834242652897, 0.06972398467565774], "aligned_model": [[-0.23891778135500238, 0.29190006156656867, -0.14006926339429618, -0.546918106832323, -0.6461398312517607, -0.4966461687912756, 0.00571625134834489, 0.10557177313942998, 0.6183895600676641, 0.5804936222348078, 0.2958096151651296, 0.3692286405738541, -0.43327443164724444, -0.09271735014424334, 0.1382827113920076, -0.008297677176411201], [-0.5193433787204235, -0.6335684554675322, -0.5782981962882113, 0.13906661045086469, -0.09579275304865523, 0.552070918910782, 0.38330355485732925, 0.7405648445658867, 0.3148384328242799, 0.33108789014202933, -0.15806854729741074, -0.4067232135624601, -0.05087003303780782, 0.5781894563109228, -0.09562320422897139, 0.03169632088171988], [0.5023223668493516, 0.3308157945805803, -0.2908508972752215, 0.6245907111102749, 0.13997399095586915, 0.15971993499748782, 0.6293773921109008, -0.01285459721689218, 0.4250629748707868, -0.2924576486979985, 0.7224897085886365, -0.31872865923680427, -0.4270027936605809, -0.5515574855824459, -0.6168083060928184, 0.0241497642418666]], "inverted": true, "swapped": false, "error_lsq": 0.030825008776494807, "error_max": 0.20567737991883633, "target": "750.xyz", "model": "5.xyz", "model_rescale": 4.2253639853439635, "target_rescale": 4.24874438870682},
{"mapping": [12, 5, 8, 9, 7, 10, 11, 14, 3, 4, 6, 1, 2, 15], "R": [[0.3315478428947111, 0.4552802821731537, 0.8263146449968061], [0.7340239847541528, 0.42575230702238925, -0.5290971204521422], [-0.5926928527302312, 0.7819557773489796, -0.19302938790001345]], "T": [0.11407820671315153, -0.048944735502721486, 0.03651068124900139], "aligned_model": [[0.7057295135274204, -0.18783743769895808, -0.5422604075811436, 0.09665003636719152, -0.32081988919429194, -0.41918876331951394, 0.2573343004637828, 0.6530191586984225, -0.3079867229812915, 0.33377640099593725, -0.6121347310286964, -0.05768233422500382, 0.7036335359649251, 0.07182949276900309], [0.0012929033211566202, 0.18703629561832966, -0.42627308741269576, -0.6603676546507213, -0.45402232823561894, 0.11694039625721259, -0.362034708833144, -0.46940702467805456, 0.6482099184948722, 0.48358256448719994, -0.020645704860567153, 0.17404043408674577, 0.22649812883949239, 0.0002490142007829446], [-0.3133180971816947, -0.7038582914017997, 0.2182371483342428, 0.05909301533523769, -0.31730622673383335, 0.39287592224074586, 0.5936630529095542, 0.09585808463768405, -0.2809360983676963, -0.1972620336255672, -0.2343906372123263, 0.842688189225962, 0.3032299159562144, 0.012984264814724745]], "inverted": true, "swapped": true, "error_lsq": 0.04451862406760122, "error_max": 0.2537709606307649, "target": "750.xyz", "model": "6.xyz", "model_rescale": 3.89814844738969, "target_rescale": 4.24874438870682},
{"mapping": [9, 13, 12, 8, 2, 5, 7, 11, 10, 3, 4, 0, 15], "R": [[0.09024568417840473, 0.6502189449669995, 0.7543679739312732], [0.9921599278443867, -0.1244515358820723, -0.011423344362090748], [0.08645457805688067, 0.7494845821113305, -0.6563523955242422]], "T": [0.009262887882482265, 0.005664252066209796, -0.0286074605480378], "aligned_model": [[0.03397985118135104, -0.024866653424521643, 0.4598841775567463, -0.5364301332996089, 0.6359921743073439, -0.5195991389469246, -0.49032611970231754, 0.3351563027425886, -0.39602795873244034, -0.5286831806818882, 0.11565378133110898, 0.10477783538684278, -0.04087913681405793], [-0.43092337442881185, 0.27185849317124694, 0.43439528696458674, -0.5480855241100243, 0.1660840451867428, 0.5928744708099306, -0.14292643904141206, -0.5506202705230725, -0.2649355201911021, 0.5865816258608972, 0.5859406692859709, 0.21938928446441688, 0.04414851802111628], [-0.4568970881490079, -0.7709709025035412, -0.32539933448533637, -0.07058224614687826, 0.24718104436389832, -0.29407955820536225, -0.48329663388442473, 0.08675031821935147, 0.42017179048568, 0.3429903146028811, 0.1675112826543893, 0.7398772534509076, -0.0009812095662613124]], "inverted": true, "swapped": true, "error_lsq": 0.04169823805109973, "error_max": 0.2702014679296006, "target": "750.xyz", "model": "7.xyz", "model_rescale": 3.7474275329858107, "target_rescale": 4.24874438870682},
{"mapping": [4, 2, 0, 3, 1, 6, 5, 7, 10, 8, 13, 9, 14, 11, 15], "R": [[0.5383407098401527, -0.8288199409072485, 0.15246896629578838], [0.09365478088870408, -0.12096245734032236, -0.9882291565881267], [0.8375070519974683, 0.5462834332731465, 0.012503934813258705]], "T": [-0.007568382942048523, 0.03949204617763481, -0.02177243132346086], "aligned_model": [[-0.20409426507260062, 0.31178054641401354, 0.4109631474587839, -0.327931103464282, 0.7919132546026686, -0.3293837319061085, -0.7583642292512814, -0.40742521830128703, 0.31509358077513727, 0.11122684733875145, -0.6904379166919399, -0.009804051927120578, 0.07471059291568174, 0.5461114490419791, -0.032205179593649165], [-0.05394758992723704, 0.3754618221948719, -0.3430985718176585, -0.6789346826582326, -0.2581091783310513, -0.5752385499246894, -0.31165314324307947, -0.09291241517332431, -0.5128641854023064, -0.3158210371863245, 0.4001309394507565, 0.3541616240602632, 0.7172150857010874, 0.3063640625834831, -0.021636218346965788], [-0.6041373650917093, -0.550661813757138, -0.5908295702846842, -0.4040898870474711, -0.059307295755107625, 0.32480334078105055, -0.11115348169338227, 0.5268569373432102, 0.15050517563377133, 0.6607390166838706, 0.14180161329939334, 0.5032320901172688, 0.04670860594399483, 0.2044672105550766, -0.042139921031882605]], "inverted": false, "swapped": true, "error_lsq": 0.03856592632066111, "error_max": 0.2721607371872587, "target": "750.xyz", "model": "8.xyz", "model_rescale": 4.019505241142653, "target_rescale": 4.24874438870682},
{"mapping": [10, 7, 4, 0, 1, 2, 12, 8, 11, 9, 13, 14, 15], "R": [[-0.15757386002408152, -0.917925175677736, -0.3641206537593127], [-0.5438720967375044, 0.3884341029628404, -0.7438562294192371], [0.824241239581873, 0.08082276605296018, -0.5604409509128383]], "T": [-0.030276871396787572, -0.03834638259311668, -0.05070499286823056], "aligned_model": [[-0.19192545653475446, -0.688767711542134, 0.1767009600490581, 0.4179377391497498, 0.3539675755266428, 0.658517895444036, 0.24783281162681292, -0.554054354901403, 0.29064275171275855, -0.22307640970828035, -0.39382637441549606, 0.2862015696249399, -0.06045022429075443], [-0.6687583810603781, 0.029857017704439215, 0.19232230560825386, -0.4431312285059518, -0.8006288860999007, 0.0767926956730832, 0.588601832905925, -0.5236486081451104, -0.3286095189163433, 0.03116454421171347, 0.6473539429062967, 0.3162744410019318, -0.05421192916990056], [-0.17455236008022146, 0.1496664720794012, -0.589643243133447, -0.5804437414343087, -0.03002085633583655, -0.13369999125799675, -0.11813052748994098, 0.2596503973797729, 0.4409496747987652, 0.5260516785933665, 0.09342863264706668, 0.44412171263133854, -0.11067435435408074]], "inverted": false, "swapped": true, "error_lsq": 0.05180311700780285, "error_max": 0.40088419010667503, "target": "750.xyz", "model": "9.xyz", "model_rescale": 3.877068213659057, "target_rescale": 4.24874438870682},
{"mapping": [13, 3, 4, 14, 2, 9, 10, 11, 12, 0, 6, 5, 7, 8, 1, 15], "R": [[0.8521041800227909, -0.0844630159483234, -0.5165118249610561], [-0.10976433679012601, 0.9361035900232675, -0.33415843415148777], [0.5117326027885178, 0.34143237644146124, 0.7883867550643057]], "T": [-0.02856993136740746, -0.0014643847599147136, 0.11982987138948141], "aligned_model": [[-0.4179996140184281, 0.2759954822146925, -0.19684748942188882, -0.5429351725235034, -0.6788725508913913, -0.5119828582030032, -0.027511841041076124, 0.2546538199103836, 0.6906533033642692, 0.5257734273447512, 0.23827386007163623, 0.5818736598304127, -0.4075634738211117, -0.2557773863968926, 0.2376426522539066, 0.03703580622249289], [-0.43553187989746217, -0.5516758683016569, -0.5695925491172803, 0.18479451344908743, -0.10776036161006909, 0.4445432918638547, 0.48131732276959455, 0.6799548481694127, 0.1383051466102202, 0.387410533667114, -0.12601343105176294, -0.30256591674852173, -0.1327635415557652, 0.5280644524338047, -0.12828855462655425, 0.04233224123832606], [0.6273418691777227, 0.2050858093444683, -0.2072843778631639, 0.6768375626891487, 0.04132492698964639, 0.17491524567851735, 0.6395716176246966, 0.13019384600577005, 0.2660407890263199, -0.2987937950507772, 0.6616661023329973, -0.2644772084856519, -0.5910927654845313, -0.39329673946537347, -0.6962296242741236, 0.07643899229732676]], "inverted": false, "swapped": false, "error_lsq": 0.037628729608739454, "error_max": 0.29183322424823777, "target": "750.xyz", "model": "10.xyz", "model_rescale": 4.260839863003843, "target_rescale": 4.24874438870682},
{"mapping": [5, 4, 2, 12, 11, 9, 7, 3, 0, 1, 10, 15], "R": [[0.494264427098885, -0.3531767280781162, -0.7943354926280504], [-0.8005606383301056, -0.5410755139055079, -0.2575654336443155], [-0.3388293677665866, 0.7632191605272544, -0.5501737657712955]], "T": [-0.0944731692843639, 0.08010628727829816, -0.12478463172069706], "aligned_model": [[0.5599100756654067, 0.19613775464201566, -0.41624629443420236, -0.3037549896770933, -0.6178145343984649, -0.4793343997135694, 0.08045532812574845, 0.7543501524387535, 0.17684061651670446, -0.17637363516873394, 0.21069329682098237, -0.025964721723416795], [0.06314388695112658, -0.4657553745591996, -0.5078897712585587, -0.4182195195762647, 0.24607467119900658, 0.5118357358862796, 0.6356065441013423, -0.1214262913858784, -0.36860970120262987, 0.13406052103378358, 0.3894532394590574, 0.07480456488486902], [-0.6410027685174255, -0.18868017973587653, 0.08806766214864159, -0.5523682765246088, 0.23233539872140865, -0.3251423256358995, -0.4979201296247493, -0.06298283082952208, 0.48383104474211946, 0.7234650355329569, 0.375280978369803, -0.11870553125134316]], "inverted": true, "swapped": true, "error_lsq": 0.04229234701731344, "error_max": 0.19397677613483902, "target": "750.xyz", "model": "11.xyz", "model_rescale": 3.890672605050136, "target_rescale": 4.24874438870682},
{"mapping": [10, 8, 7, 3, 6, 2, 11, 4, 0, 14, 13, 9, 12, 15], "R": [[-0.3480824099562856, 0.6117179914474359, 0.7103799932561016], [0.3746355672680232, 0.7853971639215968, -0.4927468788756341], [-0.8593525630477813, 0.09461709065188545, -0.5025542543246272]], "T": [0.04001433394247514, -0.020829332615585696, 0.10388275312028719], "aligned_model": [[0.30642874240508955, 0.2928729959902303, 0.4096986282682116, 0.7889997708314435, 0.7435627893021307, -0.4460741303146555, -0.4886238128514797, 0.20074001264881838, 0.07476404817803775, -0.552694205751328, 0.15704275821920574, -0.18606642336320994, -0.19360831364995795, 0.10283297488115731], [-0.29899774858480416, 0.2679160059926293, 0.5364616920092938, -0.4412541306284622, 0.14072677471468245, -0.4344321690249821, -0.03055768405589007, -0.38667071467222836, -0.8228796237972469, 0.27587785914213064, 0.6117673763050724, 0.5014598894932892, 0.06175204853160013, -0.049017055597319295], [-0.4351287667701744, -0.5735168313699769, -0.07266993231430649, 0.26880600466949955, -0.17982975201184445, 0.3992369583709622, -0.2826576380113769, 0.5801491107446419, 0.07425104550200817, 0.2811662265960169, 0.5613250241375084, -0.12140184164563528, 0.7469659805859618, 0.10809484687357648]], "inverted": false, "swapped": true, "error_lsq": 0.05122932186938441, "error_max": 0.35602971495325786, "target": "750.xyz", "model": "12.xyz", "model_rescale": 4.124412569039231, "target_rescale": 4.24874438870682},
{"mapping": [4, 5, 6, 12, 3, 0, 13, 11, 7, 9, 10, 8, 15], "R": [[0.3539448756618976, -0.13416408429627452, 0.9255933359081764], [0.21679629637697467, 0.9744716763372983, 0.05834653283275004], [-0.909792498798441, 0.18001375086731108, 0.3739955328994864]], "T": [0.02568005105829363, -0.03661579007018956, -0.10985486943100908], "aligned_model": [[-0.11718790733799206, -0.023946855167839592, 0.49644442657148946, -0.6182943194055428, 0.4157372591270632, 0.40853142910476603, -0.5504143715244668, 0.0930570246773956, 0.09194036668350494, -0.12437467417241321, 0.6869769801352222, 0.5459446310873465, 0.06288431773122397], [-0.3042484093490929, 0.46610191322464734, 0.5259802530147939, -0.17976821764981274, 0.020193116452207165, -0.6693563491584111, 0.4900527594150268, -0.29400369925047715, 0.6487319823335278, 0.2912498155325689, -0.04783096286369377, 0.4252616898998995, -0.02487851509270647], [0.43279034761885093, 0.5533181095315869, 0.14201848262475447, 0.08954336549525593, 0.6708909259024133, 0.20388779189042822, 0.007886944685766811, -0.7083347877887131, -0.1755710452725972, -0.6044652343573068, -0.1479116000652871, -0.45939103475844634, -0.052964184538867365]], "inverted": false, "swapped": true, "error_lsq": 0.0432725197882508, "error_max": 0.28447554472548503, "target": "750.xyz", "model": "13.xyz", "model_rescale": 3.9028299243045295, "target_rescale": 4.24874438870682},
{"mapping": [0, 8, 2, 4, 3, 7, 10, 14, 13, 11, 5, 12, 6, 9, 1, 15], "R": [[0.8058275044653604, 0.5890767035654928, 0.06025504429956355], [-0.3069177262090071, 0.3284796135260181, 0.8932539688333274], [0.5064025497426161, -0.7383019577477841, 0.4454959896564355]], "T": [-0.02442718400611898, -0.04005424521950436, 0.06153454142026803], "aligned_model": [[-0.43891929407901903, 0.28031076187145887, -0.11824929780174792, -0.37760135194328887, -0.6348162155845634, -0.594386864513594, -0.03533836643814889, 0.4476888489567944, 0.6220894023593712, 0.3904597575038589, 0.22078441484896616, 0.6523604780734871, -0.4314800777890191, -0.18514307857154222, 0.07438842543398663, -0.06973591743174946], [-0.6367141628394882, -0.6873377886065702, -0.7108907034667444, 0.012986110804494369, -0.16687444837326532, 0.6591776148439089, 0.5647075106589534, 0.7051208796432171, 0.22512988921424687, 0.27278083967081407, -0.12363302158165326, -0.17540208722040723, 0.06668740674819314, 0.6116444004624914, -0.14266286222412644, 0.05781066955827775], [0.4607959127520786, 0.3525086955305992, -0.22712724476731083, 0.6375710000037885, 0.06713020392963914, 0.14429156109380792, 0.4968468049434933, -0.008258993295646291, 0.4414622058436027, -0.46368895744863226, 0.5031086502444737, -0.027233195305446503, -0.45549778217992143, -0.32615700209590237, -0.5724257907695193, 0.02491618206388814]], "inverted": false, "swapped": false, "error_lsq": 0.039318296514360314, "error_max": 0.2806458406076019, "target": "750.xyz", "model": "14.xyz", "model_rescale": 3.942246331269136, "target_rescale": 4.24874438870682},
{"mapping": [14, 9, 13, 8, 10, 7, 4, 12, 2, 5, 3, 0, 11, 1, 15], "R": [[-0.14542295098455338, 0.45599173124545334, 0.878022611532709], [-0.983458034531014, 0.03024506000185026, -0.1785931988119347], [-0.10799286848370557, -0.8894699418087486, 0.44405040589487393]], "T": [-0.09935411037747197, -0.004532880541980256, -0.05547275198854654], "aligned_model": [[-0.7510706896950494, -0.320709327550732, -0.19433605403263773, 0.2894726644088069, 0.3377214763900219, 0.22940041071751552, -0.029034197653564353, -0.5083673001883472, -0.5900588431017256, 0.45914059277737995, 0.6238271574817202, 0.045321530381486785, -0.49646368126668605, -0.08356521185819712, -0.0369844902777815], [-0.05311284865618754, -0.40274964976229166, 0.28943731566982284, -0.6547233867491841, -0.3762613185730062, -0.22665226186811832, 0.5735947241520599, 0.5226646452809728, 0.2648769921705569, 0.47622484121854475, 0.4332702346261751, 0.18168233121557242, -0.48819318997178957, -0.46326290963866146, 0.021349170767184705], [-0.26445477890700886, -0.46422324010540217, -0.7818938651577716, -0.23504896270549092, 0.275692800363746, -0.6220361285243333, 0.16207238491580345, -0.22788575252746507, 0.370215624286922, -0.44527013341810395, 0.1687440192934473, 0.7124876012859506, 0.13777087360919035, 0.6645714929968983, -0.041379455045866105]], "inverted": false, "swapped": true, "error_lsq": 0.03920313359648665, "error_max": 0.23488650715165865, "target": "750.xyz", "model": "15.xyz", "model_rescale": 4.355366556412066, "target_rescale": 4.24874438870682},
{"mapping": [11, 2, 14, 6, 9, 10, 13, 3, 12, 0, 4, 15], "R": [[0.7040932821899576, 0.5593693258024992, 0.43744554784136336], [0.708893782355023, -0.5896856416733126, -0.3869631110877667], [0.041500064016366356, 0.582560555955852, -0.8117271360075665]], "T": [-0.10640723630517429, -0.03015230387870145, -0.06483129667546311], "aligned_model": [[-0.18446188707586092, 0.5215036511249427, 0.12752459447086473, -0.6911344670885136, -0.4427609099099196, -0.4955461835203416, -0.10942724383101812, -0.07958056140630576, 0.44505838300807116, 0.24758923812873795, 0.3740768043472695, -0.11503286361614584], [-0.6785441124197178, -0.32293970788607884, -0.46768052708652336, 0.4582563762321263, -0.3320414159798193, -0.05060528807238811, 0.2926984770747501, 0.7054304732197412, 0.06685544399724318, -0.018955196570090135, 0.333237443737368, 0.027064461494369335], [-0.015213364899850756, 0.055944783035527634, -0.5387647868201327, 0.08051180496979243, -0.4776034605155686, 0.470930103998175, -0.7851686706410417, 0.4075395130783841, -0.46661535683146205, 0.6562313713338412, 0.0887437079031757, -0.02727718340141924]], "inverted": true, "swapped": true, "error_lsq": 0.04378732165471529, "error_max": 0.24079604186790335, "target": "750.xyz", "model": "16.xyz", "model_rescale": 3.795458400668931, "target_rescale": 4.24874438870682},
{"mapping": [9, 13, 12, 8, 2, 5, 7, 11, 10, 3, 4, 0, 15], "R": [[0.09024568417840473, 0.6502189449669995, 0.7543679739312732], [0.9921599278443867, -0.1244515358820723, -0.011423344362090748], [0.08645457805688067, 0.7494845821113305, -0.6563523955242422]], "T": [0.009262887882482265, 0.005664252066209796, -0.0286074605480378], "aligned_model": [[0.03397985118135104, -0.024866653424521643, 0.4598841775567463, -0.5364301332996089, 0.6359921743073439, -0.5195991389469246, -0.49032611970231754, 0.3351563027425886, -0.39602795873244034, -0.5286831806818882, 0.11565378133110898, 0.10477783538684278, -0.04087913681405793], [-0.43092337442881185, 0.27185849317124694, 0.43439528696458674, -0.5480855241100243, 0.1660840451867428, 0.5928744708099306, -0.14292643904141206, -0.5506202705230725, -0.2649355201911021, 0.5865816258608972, 0.5859406692859709, 0.21938928446441688, 0.04414851802111628], [-0.4568970881490079, -0.7709709025035412, -0.32539933448533637, -0.07058224614687826, 0.24718104436389832, -0.29407955820536225, -0.48329663388442473, 0.08675031821935147, 0.42017179048568, 0.3429903146028811, 0.1675112826543893, 0.7398772534509076, -0.0009812095662613124]], "inverted": true, "swapped": true, "error_lsq": 0.04169823805109973, "error_max": 0.2702014679296006, "target": "750.xyz", "model": "17.xyz", "model_rescale": 3.7474275329858107, "target_rescale": 4.24874438870682},
{"mapping": [14, 7, 13, 8, 2, 0, 12, 5, 11, 4, 10, 6, 3, 15], "R": [[0.4362868734805696, -0.22233413113725212, 0.8719067026694958], [0.36806179166096264, -0.8401232474144292, -0.3984011127910611], [0.821087255745619, 0.49473271903652866, -0.2847020462990239]], "T": [0.040956391155337765, -0.155368382743315, -0.02383060043957016], "aligned_model": [[0.516116845771666, 0.016785054771213184, 0.6625805987688396, -0.48063780106818055, 0.26615270897096827, -0.348825536949077, 0.6912301655919458, 0.1994665916337897, -0.11050943230237494, 0.22368339852604074, -0.6195928771355409, -0.3577229938492424, -0.25509840834252495, 0.011219333495353857], [-0.5723660812535211, 0.3335513822912046, 0.24834205713286378, 0.040086142682331766, -0.6819450134340085, -0.3901901319890399, -0.21882446389470572, 0.6427019708166171, -0.7231476472124453, -0.03267627835537637, -0.10491440566788571, 0.4925723591060909, 0.43283135386150395, -0.1056130025723956], [-0.29048292546285986, -0.5124857182770162, -0.2953612704995164, -0.5678146054778309, 0.3843202030408716, 0.6382109729716459, 0.19542406307484372, 0.15767572497842283, -0.3130558002525935, 0.5575984943980592, -0.019733819802146245, -0.1748310423164982, 0.5517634404519194, 0.013567001834353769]], "inverted": true, "swapped": true, "error_lsq": 0.03790509444893161, "error_max": 0.20265805611135906, "target": "750.xyz", "model": "18.xyz", "model_rescale": 3.922800546911778, "target_rescale": 4.24874438870682},
{"mapping": [12, 14, 13, 4, 8, 2, 9, 3, 11, 5, 7, 6, 0, 10, 15], "R": [[-0.1475860870695735, 0.921236866174087, 0.3599180230347451], [-0.980637063857459, -0.18365880568813858, 0.06797346601600127], [0.12872177707176907, -0.3429170154643155, 0.9305045000495871]], "T": [-0.020156844723790937, 0.022239717882543652, -0.011223992614194949], "aligned_model": [[-0.16171126532910435, -0.3846382010184351, 0.40741487776926616, -0.044050070784015946, 0.3192911333362328, -0.6365954631847214, 0.031950109009508565, 0.43097677696348935, -0.4979586603636471, 0.7060998026807744, 0.5694119680107744, 0.6622562440151811, -0.38460977292863374, 0.05737885316291845, 0.02083450554803057], [0.421235149859218, -0.16358656488285578, 0.07176532471230117, 0.6430438576174877, -0.6009899156352455, 0.34659637255729425, -0.5033985296363235, 0.5895852998363339, -0.42486029136744136, 0.42686585029976337, -0.3187282495143766, -0.09521274708098157, 0.4456452432516384, -0.1787057039359723, 0.05835640895373874], [-0.5550256611449053, -0.562032429533548, -0.6729318707082974, 0.011876610449139671, 0.3089969696983616, -0.10807231819185044, -0.3204827630828457, 0.47819742128013465, 0.01658628864351873, -0.07299205976462177, -0.13188912673627737, 0.3381910689025403, 0.5660732224581215, 0.6152717186698761, 0.03089209622398212]], "inverted": false, "swapped": true, "error_lsq": 0.03252270345502273, "error_max": 0.20917122066650184, "target": "750.xyz", "model": "19.xyz", "model_rescale": 3.9282355846067225, "target_rescale": 4.24874438870682},
{"mapping": [8, 9, 14, 7, 6, 13, 5, 12, 3, 0, 11, 10, 2, 15], "R": [[0.45027276824607854, 0.40471576839873397, 0.7959017407855293], [0.8750764307278959, -0.022851562169629608, -0.48344497772852485], [-0.1774702075294318, 0.9141569629532067, -0.36444666622652827]], "T": [0.03879101350992705, -0.1255144962029838, 0.10040674694684748], "aligned_model": [[-0.6615170028657239, -0.030792952807699038, 0.5324650000220834, -0.388574236605154, -0.6505436590377762, 0.2447500455892274, -0.16416404141309135, 0.6657422353456656, -0.28957386243780786, 0.06949548180610379, 0.09724145343999255, -0.5133095490659095, 0.6179230633956488, 0.003380843719117163], [-0.4626718931438297, -0.6766163363298897, -0.5898898807360867, -0.27648831691955345, 0.10665516594851637, -0.16092282244220832, 0.4484155542420313, 0.0033092536469222777, 0.6850647588394292, 0.3219485495072677, -0.6677455342743485, -0.07222611537175402, -0.06962520392916141, -0.06632509161249914], [0.05485301497887421, -0.1566856925259959, -0.006408504376448021, -0.42206474776367553, -0.16883022603982367, -0.6608125427964104, -0.4691543664827069, -0.15511599243504626, 0.10898893176235111, 0.7668932874491825, 0.46308491346331315, 0.46266775854727493, 0.49545846980513997, 0.09930885365765349]], "inverted": true, "swapped": true, "error_lsq": 0.040481783409386275, "error_max": 0.2544902954544914, "target": "750.xyz", "model": "20.xyz", "model_rescale": 4.067790424073018, "target_rescale": 4.24874438870682},
{"mapping": [10, 5, 1, 11, 0, 4, 2, 6, 3, 7, 13, 14, 9, 12, 15], "R": [[-0.7167374798936322, -0.6849362038102776, 0.1309571747774505], [0.6195929916972395, -0.7116674234295576, -0.3311102581751278], [0.31998735843059534, -0.1561789843067921, 0.9344603872318554]], "T": [0.08547796895648443, -0.028654953752273265, 0.031481271326083596], "aligned_model": [[0.12515765547579566, 0.11012162585619674, -0.1462111781305859, 0.2241692861005044, -0.5960625990567895, -0.4520121776309707, -0.4552783600172956, 0.417684210510465, -0.3034687783437249, 0.6848278279800738, 0.4234122468349869, 0.21254252892161146, 0.6324307025311233, -0.17255561754956725, 0.06368658042569164], [-0.07167803091150736, 0.8034898037216694, -0.5815357215426853, -0.6662589629221592, -0.1419695815286426, 0.2603140744944302, -0.399129038855327, 0.4983309700006096, 0.6377790229590833, 0.3136626424757964, 0.37684132027147105, -0.42853425600759953, -0.24116646646491308, 0.05652090658114388, 0.024228457656477766], [-0.628414372365716, 0.07523183517364161, -0.5766217128613845, -0.02501873825849875, -0.37843640285309044, 0.15023962707864058, 0.28626540126919503, -0.43057764230064843, -0.3802492920363739, -0.013340867553857508, 0.6184232404567048, 0.574361683445542, 0.2056457142921136, 0.6648208362351693, -0.007079736100296531]], "inverted": true, "swapped": true, "error_lsq": 0.03646596162095148, "error_max": 0.27005224263215083, "target": "750.xyz", "model": "21.xyz", "model_rescale": 4.186013935880536, "target_rescale": 4.24874438870682},
{"mapping": [12, 13, 14, 0, 3, 2, 4, 5, 11, 7, 6, 10, 15], "R": [[0.3044678816826615, -0.9422072546046055, -0.13980271239902925], [0.9397653135172738, 0.32107777230292633, -0.11726133055176742], [0.15537201978945087, -0.09567943093185198, 0.9832115652102065]], "T": [0.09324403987006484, 0.07141385336823333, -0.010325838160410623], "aligned_model": [[0.0494468835135666, -0.47895226632382754, 0.34152287884007215, 0.5211805681462294, -0.3042735908344601, 0.6207411705371816, 0.03779558099860182, -0.6753015155923163, 0.6203159383912359, -0.4566351306853241, -0.4670944602259129, 0.19116616696314725, 0.05866181169503201], [-0.285832400004137, 0.13659101014504055, 0.2673453917843329, -0.44571488727899966, -0.4856662210113105, -0.3105216347310157, -0.5472706852668143, -0.2390557154799419, 0.4557499047584488, 0.4880527800687654, 0.23158862524076199, 0.21740664684045038, 0.03628384448051277], [-0.5980436164983068, -0.5502063850889812, -0.6192071492612988, 0.43105658523676876, 0.5342633633170286, -0.2757603272483195, -0.03596202524462161, 0.0787398401449008, -0.06904055892768769, 0.03922733408798436, 0.5014733394364178, 0.6284112631055793, 0.03792789827588175]], "inverted": false, "swapped": true, "error_lsq": 0.04751333830444183, "error_max": 0.3325898217626956, "target": "750.xyz", "model": "22.xyz", "model_rescale": 4.166573947596378, "target_rescale": 4.24874438870682},
{"mapping": [11, 3, 2, 14, 12, 13, 10, 7, 8, 0, 9, 4, 6, 5, 1, 15], "R": [[0.6094417529068151, 0.7824035892743423, 0.1281615125710331], [0.7059905469915958, -0.4619926385631665, -0.5367868752791475], [-0.36077430253882564, 0.4176211505707894, -0.8339271414359615]], "T": [-0.019145436380818382, -0.03574839891869973, 0.12904639157960096], "aligned_model": [[-0.28875362339582894, 0.2669505939949016, -0.012036618885486922, -0.5578359890614849, -0.6321493968924918, -0.43285241294210325, -0.058838599137158235, 0.23199466844294547, 0.7374562389443262, 0.5281515116116873, 0.07667657837736554, 0.6099909839532196, -0.5061831955002085, -0.19712878869057443, 0.0577766331292187, -0.020806959053077036], [-0.704582669888324, -0.5555442109661779, -0.5269547536741306, 0.2677422028789954, -0.24368693474825592, 0.7028497334852208, 0.6286882487984826, 0.6254312830498606, 0.06007833834063052, 0.29823870955408305, -0.1618707725824447, -0.27181884197486156, -0.15906192869638447, 0.5898133429287947, -0.0010166920071363744, -0.015774807206010488], [0.4485232622563594, 0.22593822403839064, -0.3308177415627779, 0.6226896902207522, 0.23087499730156835, 0.14055618087851818, 0.4723969807808286, 0.02340679885377639, 0.3982122912448481, -0.37659619457201343, 0.7081495383774743, -0.16812632568955566, -0.4425265491135313, -0.3886952569659412, -0.5787500230937455, 0.06300637758804094]], "inverted": true, "swapped": false, "error_lsq": 0.04295130867794734, "error_max": 0.2913508399304116, "target": "750.xyz", "model": "23.xyz", "model_rescale": 4.274766983524099, "target_rescale": 4.24874438870682},
{"mapping": [10, 7, 5, 4, 13, 12, 2, 14, 11, 9, 15], "R": [[-0.9085160385703137, 0.29983390751223904, -0.29102961286859846], [-0.3284124658130335, -0.943007839071266, 0.05367930465965665], [-0.25834833066831936, 0.14434626200938924, 0.9552069391942299]], "T": [0.034101118383745244, 0.0192894376020223, -0.06747612996668415], "aligned_model": [[0.48173514687981994, 0.0730160488911324, -0.5483174045470023, -0.45388853219784986, -0.46157533454079064, -0.5150282318313071, -0.08975272578705501, 0.026909460104778876, 0.5586061410548535, 0.29542726573316697, 0.012762870198328564], [-0.025758763202934194, 0.7015540750494362, 0.4195632922093256, -0.3172105218912667, 0.5560999153704125, -0.11311946911868621, -0.6042016459517018, 0.0024120311637333552, -0.14955429936629877, 0.4256415519142413, 0.02016036506722255], [-0.5537704435161498, -0.17429938120482324, -0.5096930727885464, -0.25492260822585633, 0.23129978022949957, 0.3273404117097817, 0.233360207502927, 0.6184039133626476, 0.28657567234911474, 0.30834070427487725, -0.13306874967189525]], "inverted": true, "swapped": true, "error_lsq": 0.05054004101164123, "error_max": 0.28211861122989, "target": "750.xyz", "model": "24.xyz", "model_rescale": 3.7841303162186577, "target_rescale": 4.24874438870682},
{"mapping": [0, 1, 6, 10, 7, 14, 9, 12, 2, 5, 8, 4, 11, 13, 3, 15], "R": [[-0.541818951140979, -0.8274819308496713, 0.14732914953188792], [-0.5853238079116494, 0.49727840716973226, 0.6403984897347437], [-0.6031817836078076, 0.2607447791999564, -0.7537797397407746]], "T": [-0.06725006251907836, -0.000981623036305751, 0.1395681546776959], "aligned_model": [[-0.2665167767752178, 0.27204281214923376, -0.0731118233986615, -0.7260693557348605, -0.5865111662461999, -0.31897387743825933, 0.033510490320022776, 0.23175062353723605, 0.6256042292982784, 0.6479579186795223, 0.24405184947019717, 0.5319650495415695, -0.6291069324615571, -0.28031661181083634, 0.16119113775807706, -0.06505594199329467], [-0.5688419269926002, -0.6081054976997848, -0.4787079324748752, 0.19457448155985083, -0.3921740465471458, 0.7459383522861176, 0.4674186928214433, 0.6654387783989599, 0.2099742760706108, 0.3067686985802419, -0.1879266356745212, -0.33035825420711395, -0.010885292106570854, 0.5162644001736602, 0.038854690932805996, -0.0357025378287368], [0.5628380462738503, 0.40285001849691304, -0.40243707156336506, 0.5042187465036699, 0.1514826015413292, 0.22926003712781456, 0.4751112422566881, -0.06452580583277151, 0.34990970280712086, -0.2642957191937072, 0.6060448051977212, -0.1590229154752304, -0.38354401704083063, -0.40729489428193044, -0.6319430725500341, 0.07959054627575429]], "inverted": false, "swapped": false, "error_lsq": 0.04229214011888411, "error_max": 0.2667493479988651, "target": "750.xyz", "model": "25.xyz", "model_rescale": 4.19342608120988, "target_rescale": 4.24874438870682},
{"mapping": [11, 2, 14, 6, 9, 10, 13, 3, 12, 0, 4, 15], "R": [[0.7040932821899576, 0.5593693258024992, 0.43744554784136336], [0.708893782355023, -0.5896856416733126, -0.3869631110877667], [0.041500064016366356, 0.582560555955852, -0.8117271360075665]], "T": [-0.10640723630517429, -0.03015230387870145, -0.06483129667546311], "aligned_model": [[-0.18446188707586092, 0.5215036511249427, 0.12752459447086473, -0.6911344670885136, -0.4427609099099196, -0.4955461835203416, -0.10942724383101812, -0.07958056140630576, 0.44505838300807116, 0.24758923812873795, 0.3740768043472695, -0.11503286361614584], [-0.6785441124197178, -0.32293970788607884, -0.46768052708652336, 0.4582563762321263, -0.3320414159798193, -0.05060528807238811, 0.2926984770747501, 0.7054304732197412, 0.06685544399724318, -0.018955196570090135, 0.333237443737368, 0.027064461494369335], [-0.015213364899850756, 0.055944783035527634, -0.5387647868201327, 0.08051180496979243, -0.4776034605155686, 0.470930103998175, -0.7851686706410417, 0.4075395130783841, -0.46661535683146205, 0.6562313713338412, 0.0887437079031757, -0.02727718340141924]], "inverted": true, "swapped": true, "error_lsq": 0.04378732165471529, "error_max": 0.24079604186790335, "target": "750.xyz", "model": "26.xyz", "model_rescale": 3.795458400668931, "target_rescale": 4.24874438870682},
