[{"mapping": [2, 6, 4, 3, 8, 12, 9, 11, 5, 0, 7, 13], "R": [[0.7905245624047638, -0.593064777459697, 0.15279098786066272], [0.4064125080380391, 0.3213749085343656, -0.8553052329284321], [0.4581482178782189, 0.7382359635653146, 0.4950837025734173]], "T": [0.09763036793926105, 0.09458536687283953, -0.08699110585091976], "aligned_model": [[0.018002893131799896, -0.6118239312271067, -0.544111601096621, -0.08934851638400587, -0.5465509998479181, 0.6230920865830167, 0.44219150246521977, -0.11099707353676835, -0.25236416867353373, 0.6761287283962992, -0.1357226588162184, 0.05695861071064222], [-0.5675559492737514, -0.03710354766003521, -0.5954020322501523, 0.015663160236033646, 0.06483223797265932, 0.1972510412815047, -0.41031524160951244, 0.4682670781183434, 0.7501595854443228, -0.3173507974032492, -0.33458830249830135, 0.03721591476373924], [-0.4697267693540109, -0.3397338829409182, 0.07266120650477034, -0.568665776053263, 0.3542845997336823, 0.13316690447750404, 0.3168605648062186, 0.46427871028912493, -0.22886262775430224, -0.38875372462708424, 0.4898544617822522, 0.05995928164104017]], "inverted": false, "swapped": false, "error_lsq": 0.048730995253604394, "error_max": 0.2593022540799292, "target": "751.xyz", "model": "0.xyz", "model_rescale": 3.8414455957264533, "target_rescale": 3.9003725665657427},
{"mapping": [1, 0, 11, 4, 13, 6, 10, 9, 7, 5, 12, 14], "R": [[-0.6814376603415394, 0.6356454556525489, 0.3627637933649287], [-0.13088819756434747, 0.3818278541153017, -0.91491844967738], [-0.7200770756013591, -0.6709413868066031, -0.17699339158123123]], "T": [0.023427455753485385, 0.014457011766587848, -0.020118353346832395], "aligned_model": [[-0.20637204314140695, -0.5955259667192984, -0.5428039369988886, 0.0273865285303663, -0.5875849792423832, 0.7107500357774683, 0.47786796669747234, -0.08658293309120409, -0.24627316952026257, 0.6375689747076505, -0.09037926492640637, 0.02740365963169812], [-0.6818398077518021, 0.06751184128962545, -0.6030863702927314, 0.10569577558939275, 0.10049308824046563, 0.2891082317682995, -0.4284828354290009, 0.6008082650852311, 0.5576055874143583, -0.12103605089126229, -0.5440453532488208, -0.07165922465215385], [-0.4793141945790598, -0.39374813719800783, 0.13572638755390654, -0.5562872153362477, 0.4204592203728595, 0.22924393755616237, 0.23614208876179008, 0.31093995280381825, -0.23273584941399378, -0.2170818262314268, 0.4872401810914457, -0.04526159687623277]], "inverted": true, "swapped": false, "error_lsq": 0.04984959582764417, "error_max": 0.27947412027537827, "target": "751.xyz", "model": "1.xyz", "model_rescale": 4.316132596720782, "target_rescale": 3.9003725665657427},
{"mapping": [7, 5, 9, 3, 0, 8, 10, 2, 4, 6, 1, 11], "R": [[-0.4362954553366216, -0.581679145052847, 0.686509758024749], [0.4345559519902029, 0.5318703515475565, 0.726825325463118], [-0.7879133202595947, 0.6154374877721277, 0.020719517422797096]], "T": [-0.05704933755002288, -0.10809991953050874, 0.017388911607356207], "aligned_model": [[-0.14524197436536634, -0.625179263935561, -0.46001316570778544, -0.02838402543729421, -0.6244998499768117, 0.5552372093625765, 0.4619578261102431, 0.05266703164078308, -0.13449778351236907, 0.5813419803175645, -0.0963567870565822, -0.011576325734591608], [-0.7820002121700758, -0.13971651163566856, -0.6987881146835517, -0.08325097267645355, 0.24472588430847386, 0.004598333893861994, -0.46555531796561167, 0.5417634281042643, 0.6025418936005635, 0.26487083327915084, -0.20873114213039318, -0.009384954802958811], [-0.5644543440651828, -0.28590741175614487, 0.21400812362717514, -0.6380329666976295, 0.25703015738611523, 0.4639764214616213, 0.027032603235415984, 0.5334948595264968, -0.271262578575083, -0.34239617121208366, 0.5492963705286887, -0.047462114954375544]], "inverted": true, "swapped": false, "error_lsq": 0.05669946638327175, "error_max": 0.3542305075506371, "target": "751.xyz", "model": "2.xyz", "model_rescale": 3.795458400668931, "target_rescale": 3.9003725665657427},
{"mapping": [7, 0, 4, 1, 10, 3, 9, 2, 1, 8, 5, 11], "R": [[-0.4211449257772064, 0.3548389519695223, -0.8347013056520773], [0.8540944765718101, 0.4648498757401989, -0.2333178478253376], [0.3052205376144226, -0.8111744024496168, -0.49883515536584844]], "T": [-0.07269333996985844, -0.027374000632933486, 0.022558131896332413], "aligned_model": [[0.01500832018750814, -0.7213680976487347, -0.49179965856211666, -0.05168311161491396, -0.5823038506890552, 0.640078194852489, 0.49874934271315013, -0.28967153659110545, -0.05168311161491396, 0.6480563572213245, 0.07061771559175462, -0.15854569214058117], [-0.5543989953658166, -0.07067630150149673, -0.4874999618887781, 0.3588859065383121, 0.04805069195578932, -0.04910989999430714, -0.671497560535711, 0.6836002267472358, 0.3588859065383121, 0.07095877714907967, -0.3156811681900026, -0.10044447433101564], [-0.523203144073682, -0.4128197656426685, 0.17614435138892226, -0.4740611351243755, 0.5456441463457526, 0.38110285067199184, 0.13706901694003726, 0.21007192234157177, -0.4740611351243755, -0.2627723358841462, 0.6471904509755332, -0.054982274309547795]], "inverted": true, "swapped": false, "error_lsq": 0.06753478797723023, "error_max": 0.36004602494846666, "target": "751.xyz", "model": "3.xyz", "model_rescale": 3.7530521520055578, "target_rescale": 3.9003725665657427},
{"mapping": [10, 5, 7, 8, 4, 9, 2, 6, 0, 3, 11], "R": [[-0.5378650576208185, 0.7848027781628091, -0.3078729919601436], [0.6260970655641445, 0.12731187367607827, -0.7692815812906573], [-0.5645384347256805, -0.6065280588802329, -0.5598393247249212]], "T": [0.002636136257014886, -0.03797580354784812, -0.007562529211180948], "aligned_model": [[-0.3179600452059008, -0.451034838108982, 0.31547676829919097, 0.6518383835878565, 0.3584621340924277, -0.3064595134239807, -0.2795639823206466, -0.6517916381638781, -0.32091947844916, 0.33727825946212997, 0.002873552676148139], [-0.6305611880458906, 0.21493665436089815, -0.309322699739576, 0.15455067947684664, -0.763478777362889, 0.6566723292601111, -0.5402227764691876, 0.029017024616693678, 0.2799816752239161, 0.3578083487082931, 0.01782208828513048], [-0.06209637469092949, -0.6518624782172135, -0.530553852497202, -0.17080355941642966, 0.2058364814007269, -0.13607346227559267, 0.46869686554614715, -0.1376522942408142, 0.6841932942468488, 0.3096738284620345, 0.11347232892774056]], "inverted": false, "swapped": true, "error_lsq": 0.05562056907995654, "error_max": 0.2991727156306313, "target": "751.xyz", "model": "4.xyz", "model_rescale": 3.7855080009869324, "target_rescale": 3.9003725665657427},
{"mapping": [2, 14, 9, 12, 15, 7, 5, 8, 13, 4, 10, 16], "R": [[-0.9572991602782122, 0.19835361688199427, -0.2103191869527396], [-0.13182899197879194, 0.3479534929834043, 0.9281968991515238], [0.25729250786699176, 0.9162882785403726, -0.30694682927998285]], "T": [0.0484906578574375, -0.03908285085391065, -0.11498466792596204], "aligned_model": [[-0.21587295577264148, -0.5809353583339405, -0.43132915299670366, -0.21250352847172777, -0.6236974371211872, 0.6095913778348603, 0.5536517277435877, -0.10231982751941193, -0.23876748968493344, 0.7763589436830627, -0.009878390649245422, 0.001156962993085875], [-0.6258751905449068, -0.14619760635679446, -0.5098703390180177, 0.1617390855431618, 0.1481605063470579, 0.07221774761111364, -0.5670744510548933, 0.43120647176071153, 0.6166929324775439, -0.02992570588259219, -0.21829751067993702, -0.061702793080845975], [-0.477713654149981, -0.3386959055245191, 0.11963440493272429, -0.7104826507724702, 0.32367373771443386, 0.3689033673653169, 0.2330676387866776, 0.38640741866765305, -0.2259284263891638, -0.24584600312696167, 0.5888899188820509, -0.1265868978807474]], "inverted": false, "swapped": false, "error_lsq": 0.043064416128537154, "error_max": 0.2059345815414584, "target": "751.xyz", "model": "5.xyz", "model_rescale": 4.2253639853439635, "target_rescale": 3.9003725665657427},
{"mapping": [4, 10, 1, 2, 8, 7, 0, 11, 5, 3, 9, 13], "R": [[-0.7415471156327726, 0.6306358078098953, -0.22892433947633528], [0.1744668117089886, -0.14821504109995037, -0.9734442116545973], [-0.6478188071589277, -0.7617944470129071, -0.00011658251705382039]], "T": [-0.02314176681121887, -0.01677509708149357, 0.044879845892825336], "aligned_model": [[0.0386731156256386, -0.6750913176480972, -0.3946439980102164, -0.05452319981829423, -0.6756064863299605, 0.7552935635630371, 0.426572892324228, -0.002921418215523462, -0.3337119131375161, 0.5660600421076261, -0.14917384700731506, 0.024527438251198498], [-0.5090847677960801, -0.03836309249092989, -0.6496094957405814, 0.14374145074221686, 0.09538295174322531, 0.03234030276973663, -0.605674822330067, 0.6986352262783232, 0.47440859836433213, -0.09072575808742678, -0.258690254063489, -0.02128719226765892], [-0.4598194909768981, -0.3829147496865649, 0.030302533169829737, -0.6058284263570467, 0.37286648809926154, 0.18985339503020554, 0.3515009284808351, 0.3503843393885174, -0.2061700057098586, -0.3429113360619588, 0.5909470570209102, 0.007112216107781136]], "inverted": true, "swapped": false, "error_lsq": 0.044317427466952546, "error_max": 0.2580628061963829, "target": "751.xyz", "model": "6.xyz", "model_rescale": 3.89814844738969, "target_rescale": 3.9003725665657427},
{"mapping": [2, 7, 0, 4, 3, 9, 5, 8, 11, 10, 6, 12], "R": [[0.24954397647632107, -0.9586238122524678, -0.13699704517591296], [0.153330320881934, 0.17880332242847266, -0.9718637685328039], [0.956147277621303, 0.22151694849623907, 0.19160538882371242]], "T": [-0.11719673527847566, -0.0928518272481843, -0.05061072794575203], "aligned_model": [[0.13555847299678717, -0.7076282204372858, -0.48720766766604795, -0.17659704683337163, -0.7197865770391818, 0.6433089105456345, 0.4647670143397207, -0.14256716521572643, 0.06211656963731085, 0.5356867034249131, -0.0795193724418635, -0.0026767496060838836], [-0.5767890563792457, 0.14524508892112195, -0.5462067530398977, -0.051768119114958766, -0.05817589654097838, 0.1747051170035419, -0.47624720428911893, 0.4399083478061441, 0.6652638535628649, -0.10740296730138446, -0.2288153634017649, -0.1086439001047228], [-0.5016843444116739, -0.2117789611363663, 0.041972254520673165, -0.6911413831820797, 0.4861061425793951, 0.33408437637316973, 0.2912997618301499, 0.36557397801497227, -0.2707191612498573, -0.3859242272894516, 0.6108045608056275, -0.17327004834954535]], "inverted": true, "swapped": false, "error_lsq": 0.04807977294047067, "error_max": 0.23361617086043204, "target": "751.xyz", "model": "7.xyz", "model_rescale": 3.7474275329858107, "target_rescale": 3.9003725665657427},
{"mapping": [1, 13, 2, 12, 4, 6, 3, 9, 11, 0, 8, 14], "R": [[0.9591590995159398, 0.15889511071648474, 0.2340217203726354], [0.26948919333170895, -0.26188982183666176, -0.9267088517413583], [-0.08596159894509098, 0.9519275523950118, -0.29401452089658037]], "T": [0.03639877321090709, 0.03039697634900012, -0.058409167595100044], "aligned_model": [[0.022365205920885672, -0.802892869877363, -0.27508433700276136, -0.1768949324310835, -0.6543743883780154, 0.8321169557621952, 0.4305838350062625, -0.09787360538447346, -0.08190960476539368, 0.5546987814324261, -0.21356329164844728, -0.011716876929426544], [-0.60448544654858, 0.12028128584003897, -0.7254526553986169, 0.2052276634769098, -0.19467309610074837, 0.05504907019958432, -0.3929441664625736, 0.6009611736535694, 0.6312154132681954, -0.3073132114628365, -0.11273001492452348, -0.00406286841881786], [-0.460316107239923, -0.3676375256770844, 0.1422375420426556, -0.6102992334336206, 0.2321106209932767, 0.12369779719153784, 0.3653064809771411, 0.42817881539351627, -0.1656485686959025, -0.2854117406039297, 0.5598496344908558, -0.0667447669335097]], "inverted": true, "swapped": false, "error_lsq": 0.05321690057146086, "error_max": 0.29232953235179154, "target": "751.xyz", "model": "8.xyz", "model_rescale": 4.019505241142653, "target_rescale": 3.9003725665657427},
{"mapping": [5, 6, 11, 2, 10, 7, 8, 1, 2, 4, 9, 12], "R": [[0.006562136344701819, 0.9944799901132058, -0.10472099899748799], [0.7497070095151109, 0.06440804836043568, 0.6586281220767221], [0.6617373634989211, -0.08283207452936397, -0.7451459650153511]], "T": [-0.039984246611779004, -0.02680642305053761, -0.03150863944492653], "aligned_model": [[-0.03279728757328045, -0.7064631972232316, -0.21416249600847653, -0.14944222373003324, -0.8237150489594874, 0.7925149546862809, 0.3340246797552283, -0.15634093972119084, -0.14944222373003324, 0.7135257935430581, -0.04332589529071312, -0.038921244043315886], [-0.4499646076307947, -0.12962090635394713, -0.6118252599130485, 0.3648067390634005, 0.1787849827101854, 0.016779219779247026, -0.49306850697052074, 0.5095756647901204, 0.3648067390634005, -0.17297397205553494, -0.24445502558058174, -0.06177191978032475], [-0.5524790969417769, -0.30224250947563996, 0.08958810677942962, -0.4611948560274001, 0.39472833870987345, 0.3215202002451234, 0.2829017984900998, 0.36226880783068294, -0.4611948560274001, -0.3452797953003498, 0.6165330109381859, -0.04982620071581485]], "inverted": true, "swapped": false, "error_lsq": 0.05223838481613425, "error_max": 0.3375908826587447, "target": "751.xyz", "model": "9.xyz", "model_rescale": 3.877068213659057, "target_rescale": 3.9003725665657427},
{"mapping": [7, 2, 4, 9, 13, 12, 5, 6, 10, 0, 3, 15], "R": [[0.5234656627624554, 0.20216408789543905, -0.8277157612816547], [0.409472474625422, 0.7922229043630415, 0.4524545969782171], [0.7472054553018178, -0.5757712665355862, 0.33192085833706]], "T": [-0.05029069317660344, -0.022611150257679465, -0.06764163942952436], "aligned_model": [[-0.20410693872618285, -0.625900772292658, -0.3231733036818794, -0.29958140015588197, -0.7213005278742245, 0.5766474125056507, 0.4708999308115038, -0.0436389755328601, -0.016289411809253404, 0.7154530655377626, -0.04103693108627382, 0.03748272400910234], [-0.7073938350332323, -0.17769080794409947, -0.6143432796660429, 0.24341330972964226, 0.14646554690711186, 0.2107084621700882, -0.47893153043988707, 0.37571671996801215, 0.6756696243172066, -0.13399682888315312, -0.23668460664228375, -0.03185962736176126], [-0.4844147271564383, -0.35915269332178634, 0.11533061981935955, -0.6178510850062781, 0.2770283014974271, 0.26508315046992603, 0.29447365483430965, 0.40309739398357647, -0.18788577518821245, -0.25471318248438896, 0.529726141662618, -0.08539885060509911]], "inverted": false, "swapped": false, "error_lsq": 0.04592446545780613, "error_max": 0.24128348004371314, "target": "751.xyz", "model": "10.xyz", "model_rescale": 4.260839863003843, "target_rescale": 3.9003725665657427},
{"mapping": [8, 7, 1, 10, 0, 4, 2, 5, 6, 9, 3, 11], "R": [[-0.7876161427623707, 0.09686687212091966, 0.6085044130864086], [-0.10666266536816782, 0.9512219472779407, -0.2894820941497438], [-0.6068639777385731, -0.2929054729810836, -0.738865682259668]], "T": [-0.019106251180629235, -0.08650039074436242, -0.03636697951729358], "aligned_model": [[0.08386429184079712, -0.5713404210439588, -0.3972631456901887, 0.1138557948463942, -0.8294536993126576, 0.6641348273866827, 0.31621584324991964, 0.10625887224564041, -0.45277010758752, 0.6541060490037496, -0.0862566497247441, -0.07589678350930944], [-0.6071353000226051, -0.10262864837910562, -0.6426283247208867, 0.2915833049994384, 0.12869489430231226, 0.1317621635402483, -0.5866351285038784, 0.46786517985710163, 0.6311951881545366, -0.1989622071639899, -0.13051195786283915, -0.11152601707873111], [-0.5200505181760449, -0.38904662200218665, 0.23005322866365552, -0.5187647462733365, 0.22259686362421183, 0.11075862857509365, 0.2919338934854743, 0.3291098353532631, -0.046567485853046556, -0.44852083414595906, 0.6688896243850798, -0.03506891913119108]], "inverted": false, "swapped": false, "error_lsq": 0.05862211919512688, "error_max": 0.37966799282279307, "target": "751.xyz", "model": "11.xyz", "model_rescale": 3.890672605050136, "target_rescale": 3.9003725665657427},
{"mapping": [3, 12, 4, 7, 10, 6, 0, 9, 5, 8, 2, 13], "R": [[-0.28567962332429836, -0.5629401704310464, -0.7755549737654654], [-0.9338405359594673, -0.018239656143363037, 0.3572242549753686], [-0.21524173901969462, 0.8262963629708391, -0.5204856523718415]], "T": [0.09663988898381251, -0.038889673642520696, 0.1548146304761703], "aligned_model": [[0.1662616853945919, -0.5473703087155728, -0.3188356058384375, -0.23975855837008156, -0.7504766705752375, 0.5903907211565929, 0.3784104968658699, 0.003678977822469856, -0.009484400130656961, 0.583853897817429, -0.30978161626743606, -0.02143374745472619], [-0.6694337956070714, 0.2092247271026675, -0.597700863975262, -0.0034654083043916054, -0.026681064611273266, 0.16929701684656845, -0.5497130497704699, 0.7204346961183359, 0.5446881174978542, -0.03663679031910598, -0.4119744239405291, -0.07696601391572172], [-0.5164752262344203, -0.12593838579814812, 0.07628304074151109, -0.6278381509790193, 0.44079537952918413, 0.3667739699105168, 0.06338518947254476, 0.29835969832850806, -0.3483223079240323, -0.37604173423196874, 0.6033605733081954, 0.040980902382141624]], "inverted": false, "swapped": false, "error_lsq": 0.05818831747389905, "error_max": 0.3528732943923413, "target": "751.xyz", "model": "12.xyz", "model_rescale": 4.124412569039231, "target_rescale": 3.9003725665657427},
{"mapping": [1, 8, 2, 6, 11, 5, 4, 7, 9, 0, 10, 12], "R": [[-0.19956458805784066, -0.8330108041690414, 0.5160106349010181], [-0.4518162208556379, -0.38905792314223153, -0.8028051040022002], [0.8695033512097778, -0.3933534448532272, -0.2987256093090537]], "T": [0.10292809288607982, 0.06458302390361628, -0.10768136737961162], "aligned_model": [[-0.039422749640120575, -0.5802923014650915, -0.3607044310925436, -0.1896800517136983, -0.7780552581660116, 0.6862471603727641, 0.3695116175625388, 0.17913184725782616, -0.26940867111258593, 0.6301311852247227, -0.1743106771569067, 0.05230720163391152], [-0.5641912744698208, -0.0849176049302762, -0.6195918651436976, 0.12233594925342627, -0.07320319571313308, 0.1032702237996786, -0.5926979065144031, 0.5203788397521854, 0.5778070037476408, -0.0998980110873873, -0.02671146552051301, 0.008492453947901268], [-0.6049171446983862, -0.2681668047854495, 0.13592716604076754, -0.7065618964599069, 0.33440024747136476, 0.3739700056516295, 0.23171701009061949, 0.3160176255276552, -0.18896945192128572, -0.2859235676322064, 0.5701192322685081, -0.012289473048297167]], "inverted": false, "swapped": false, "error_lsq": 0.046194284826795606, "error_max": 0.2677589419553114, "target": "751.xyz", "model": "13.xyz", "model_rescale": 3.9028299243045295, "target_rescale": 3.9003725665657427},
{"mapping": [11, 9, 14, 6, 10, 8, 12, 4, 3, 2, 13, 15], "R": [[-0.47624922296268557, 0.11716743660048723, 0.8714691442775866], [0.39756596728536, 0.9126885352739897, 0.09455653988950269], [-0.784300949434523, 0.39149895195247947, -0.4812489909976081]], "T": [0.04198140523544576, 0.034834078281046794, -0.02800989464436971], "aligned_model": [[-0.11870240205840098, -0.6043385760114702, -0.5476605840852163, -0.13625845713595486, -0.5696871675579984, 0.7276750170475986, 0.35519370549332113, -0.13660262655650046, 0.0037123685418481017, 0.6809401093495407, -0.0668798257746873, -0.06193668954727451], [-0.6315960966863149, -0.16411430381214465, -0.5983923987861473, 0.13589393409641243, 0.0730165562180666, 0.0666053694379768, -0.5524251318999874, 0.5738833933790392, 0.5976995387616264, 0.16755488464780072, -0.4295959117212096, 0.03254331348648294], [-0.3035243666861331, -0.4068706600544999, 0.15745494286936249, -0.6623802275364735, 0.3959668234480207, 0.32599860149075116, 0.17512790091717617, 0.34198585312042157, -0.29335382140109834, -0.3689889725215605, 0.6084689884025828, -0.07456211354353634]], "inverted": true, "swapped": false, "error_lsq": 0.0474367425287767, "error_max": 0.2501568859900456, "target": "751.xyz", "model": "14.xyz", "model_rescale": 3.942246331269136, "target_rescale": 3.9003725665657427},
{"mapping": [9, 2, 7, 5, 0, 13, 11, 12, 1, 4, 8, 14], "R": [[-0.5832489156398409, 0.31590352375987096, -0.7483486260300388], [0.23197952260358157, 0.947688942659254, 0.2192513832430711], [0.7784640026986248, -0.04572342547843819, -0.6260216968004811]], "T": [0.0962700458917615, -0.11237112544468275, -0.09393804752326995], "aligned_model": [[-0.18456788558067036, -0.6420597857460103, -0.5747919275634595, -0.23954530437381324, -0.5542044377880183, 0.6558415578861723, 0.5605102365057051, 0.18235633388416467, -0.22412471788902313, 0.6539291916642436, -0.12585159889976302, 0.017963209605277683], [-0.6977920405757554, -0.09237546225784468, -0.6220672666402369, 0.13398106746950317, 0.029503872644587037, 0.20781513566281695, -0.4898376342703271, 0.6166339230804471, 0.6240343012803657, -0.018885240571197004, -0.35916257223110254, -0.06077493646965525], [-0.5699366972122633, -0.2865961690934358, 0.05050979621897925, -0.5728098526668756, 0.21826687535103606, 0.4013298877073539, 0.3011709308488487, 0.26552968177563513, -0.20208460832098163, -0.24866569013547993, 0.605059007546324, -0.06645021351412712]], "inverted": true, "swapped": false, "error_lsq": 0.04825420537463337, "error_max": 0.2794283334858373, "target": "751.xyz", "model": "15.xyz", "model_rescale": 4.355366556412066, "target_rescale": 3.9003725665657427},
{"mapping": [7, 5, 9, 3, 0, 8, 10, 2, 4, 6, 1, 11], "R": [[-0.4362954553366216, -0.581679145052847, 0.686509758024749], [0.4345559519902029, 0.5318703515475565, 0.726825325463118], [-0.7879133202595947, 0.6154374877721277, 0.020719517422797096]], "T": [-0.05704933755002288, -0.10809991953050874, 0.017388911607356207], "aligned_model": [[-0.14524197436536634, -0.625179263935561, -0.46001316570778544, -0.02838402543729421, -0.6244998499768117, 0.5552372093625765, 0.4619578261102431, 0.05266703164078308, -0.13449778351236907, 0.5813419803175645, -0.0963567870565822, -0.011576325734591608], [-0.7820002121700758, -0.13971651163566856, -0.6987881146835517, -0.08325097267645355, 0.24472588430847386, 0.004598333893861994, -0.46555531796561167, 0.5417634281042643, 0.6025418936005635, 0.26487083327915084, -0.20873114213039318, -0.009384954802958811], [-0.5644543440651828, -0.28590741175614487, 0.21400812362717514, -0.6380329666976295, 0.25703015738611523, 0.4639764214616213, 0.027032603235415984, 0.5334948595264968, -0.271262578575083, -0.34239617121208366, 0.5492963705286887, -0.047462114954375544]], "inverted": true, "swapped": false, "error_lsq": 0.05669946638327175, "error_max": 0.3542305075506371, "target": "751.xyz", "model": "16.xyz", "model_rescale": 3.795458400668931, "target_rescale": 3.9003725665657427},
{"mapping": [2, 7, 0, 4, 3, 9, 5, 8, 11, 10, 6, 12], "R": [[0.24954397647632107, -0.9586238122524678, -0.13699704517591296], [0.153330320881934, 0.17880332242847266, -0.9718637685328039], [0.956147277621303, 0.22151694849623907, 0.19160538882371242]], "T": [-0.11719673527847566, -0.0928518272481843, -0.05061072794575203], "aligned_model": [[0.13555847299678717, -0.7076282204372858, -0.48720766766604795, -0.17659704683337163, -0.7197865770391818, 0.6433089105456345, 0.4647670143397207, -0.14256716521572643, 0.06211656963731085, 0.5356867034249131, -0.0795193724418635, -0.0026767496060838836], [-0.5767890563792457, 0.14524508892112195, -0.5462067530398977, -0.051768119114958766, -0.05817589654097838, 0.1747051170035419, -0.47624720428911893, 0.4399083478061441, 0.6652638535628649, -0.10740296730138446, -0.2288153634017649, -0.1086439001047228], [-0.5016843444116739, -0.2117789611363663, 0.041972254520673165, -0.6911413831820797, 0.4861061425793951, 0.33408437637316973, 0.2912997618301499, 0.36557397801497227, -0.2707191612498573, -0.3859242272894516, 0.6108045608056275, -0.17327004834954535]], "inverted": true, "swapped": false, "error_lsq": 0.04807977294047067, "error_max": 0.23361617086043204, "target": "751.xyz", "model": "17.xyz", "model_rescale": 3.7474275329858107, "target_rescale": 3.9003725665657427},
{"mapping": [7, 12, 11, 9, 10, 0, 1, 8, 4, 2, 3, 13], "R": [[0.82768118805709, -0.11124592500396334, -0.5500619920576376], [0.11435402027645035, -0.9261591195555388, 0.3593778558992229], [-0.5494242522705174, -0.3603520909251423, -0.7538430616400611]], "T": [-0.0688231111183642, -0.05003130279247951, -0.03919620706846015], "aligned_model": [[-0.1233881778968618, -0.6644838578287726, -0.3819825996423989, -0.12275146634233064, -0.661240163636188, 0.6585799567744164, 0.3579464602479623, -0.09497685792326825, 0.052292143569526744, 0.5575169381787126, -0.08443009174834049, 0.03237258795234772], [-0.6635582467203376, -0.16464278548990208, -0.6550423249137352, 0.1740735319835604, 0.014919324863479591, 0.27981605295082784, -0.5140321468069486, 0.44520064768043044, 0.7646738421844527, -0.17513528577622667, -0.20659283573385495, -0.028606627100144572], [-0.47281657628362744, -0.47656265088393723, 0.20086515938856203, -0.6673625237306293, 0.309031911148101, 0.20824649237969073, 0.24556574003708087, 0.48129946820421887, -0.14317910879085316, -0.34884093881408507, 0.6209811099213743, -0.06190513407088192]], "inverted": false, "swapped": false, "error_lsq": 0.04577543258560999, "error_max": 0.25767081806880193, "target": "751.xyz", "model": "18.xyz", "model_rescale": 3.922800546911778, "target_rescale": 3.9003725665657427},
{"mapping": [12, 7, 13, 3, 11, 1, 8, 10, 2, 5, 4, 14], "R": [[-0.7637494555546163, -0.2073310038951216, -0.6113105789726435], [0.5914171871811772, 0.15474490058942214, -0.7913783712285006], [0.258674466940075, -0.965954383273564, 0.004432785564078112]], "T": [0.05557544795266103, -0.03964905367472313, 0.007463207436248467], "aligned_model": [[-0.06647970357172342, -0.627487020772396, -0.3511845236825645, -0.07330871295220304, -0.6116439483188238, 0.6982209405766862, 0.3804994664604292, -0.24308499341620873, 0.03906158173599758, 0.597400685361156, -0.19110677669131007, -0.0254321230242342], [-0.5755758915342978, -0.1201455115405353, -0.5691794615514938, 0.0978685417394696, -0.01854216218510704, 0.30921650709728454, -0.5012544364719874, 0.48991799132719793, 0.6729139863755331, -0.3297211443555381, -0.1507826432848487, -0.033642628494076156], [-0.5551192389791282, -0.3989319243615422, 0.16857689223476868, -0.6037871730171733, 0.25568969502281863, 0.12271343629980637, 0.24354689342698682, 0.5375210654787375, -0.06402223838806773, -0.44510426212050647, 0.6787785911399401, -0.04453878823162663]], "inverted": false, "swapped": false, "error_lsq": 0.053720534714371576, "error_max": 0.31117543390380886, "target": "751.xyz", "model": "19.xyz", "model_rescale": 3.9282355846067225, "target_rescale": 3.9003725665657427},
{"mapping": [6, 3, 4, 5, 0, 12, 9, 10, 2, 7, 11, 13], "R": [[-0.7919590138111408, -0.4434765240915664, -0.41967784433175354], [-0.46156135738259624, 0.8847983343758683, -0.06397672121033066], [0.3997024315843231, 0.14304013445656233, -0.9054156427410718]], "T": [0.0006366499844950302, -0.1703068581896169, -0.0669740981241766], "aligned_model": [[-0.010300404388053602, -0.6992929057531196, -0.42269767050946155, -0.20853859471873598, -0.6733426636804747, 0.746095167627018, 0.42728824940811744, 0.09904687607572976, 0.049811531044296135, 0.5137653213118349, -0.2023777599298187, -0.0940022747825271], [-0.4972780443389686, -0.22811764950814337, -0.5913734460261532, 0.06389860422094576, 0.0036572101928832867, 0.05216174744823732, -0.39306009929374996, 0.5057250763115146, 0.6188266927484173, 0.016103703267467212, -0.23263915031253257, -0.046831497588316465], [-0.6324953429300655, -0.33736566336545376, 0.14004963635916357, -0.6907398158652127, 0.32759576370049914, 0.2759452265679825, 0.4297896601399035, 0.4579359893449014, -0.2984180010824553, -0.3670538302266895, 0.617323356241833, -0.027244030379392797]], "inverted": true, "swapped": false, "error_lsq": 0.04207447923968996, "error_max": 0.21344500053260565, "target": "751.xyz", "model": "20.xyz", "model_rescale": 4.067790424073018, "target_rescale": 3.9003725665657427},
{"mapping": [12, 10, 9, 11, 1, 2, 0, 5, 13, 3, 7, 14], "R": [[-0.2823643496236967, -0.7972377308856017, -0.5335563461472123], [-0.8958870689598272, 0.020275185065992796, 0.4438189682078828], [-0.34301127347677185, 0.6033248853834199, -0.7199599634319442]], "T": [0.08215508815868997, 0.07716421125335673, 0.06220562768052303], "aligned_model": [[-0.006878583404838157, -0.6271245428918577, -0.49160678716643325, 0.0431572030112668, -0.6585910518178524, 0.8153118041266023, 0.459106816692181, -0.11818901617789962, -0.40747936653504124, 0.6811089718042028, -0.18440871358757496, 0.021048137652049742], [-0.5169910478078003, -0.010627174390130972, -0.44454548555719064, 0.10745796708236438, 0.04165977193076064, 0.06312902945898435, -0.44246704615194044, 0.5506391319486389, 0.4857793554134999, -0.21741077493603386, -0.3994327341093422, 0.053882154239791646], [-0.4132587772496195, -0.33842125501366643, 0.01057034762768836, -0.5824599501898552, 0.41340313931330713, 0.18872114072962257, 0.3660950486940916, 0.35229158078417083, -0.22661139019923335, -0.4652645984254607, 0.5705982402136996, 0.019659422220268716]], "inverted": false, "swapped": false, "error_lsq": 0.04953863709803811, "error_max": 0.3098619511286026, "target": "751.xyz", "model": "21.xyz", "model_rescale": 4.186013935880536, "target_rescale": 3.9003725665657427},
{"mapping": [2, 9, 1, 8, 10, 3, 0, 4, 11, 5, 7, 12], "R": [[0.6989905647988262, -0.6971922459776613, -0.15917023110758582], [0.2523854080502801, 0.032248201529467016, 0.967089271629775], [-0.6691141876582141, -0.716158519914927, 0.19850233809139187]], "T": [-0.0416209652716492, -0.06981824391166319, 0.0011665101797595553], "aligned_model": [[0.1546267462781329, -0.6251238081631014, -0.31502609569206097, -0.24647338348578024, -0.7002980584212509, 0.742251944081034, 0.3176091831179379, -0.06332155042150647, -0.01246538434781179, 0.6471431468011793, -0.3589016235659926, -0.014566244475974526], [-0.4817554030284579, -0.065218679892138, -0.7367050597825933, 0.037464830849002206, 0.2765386778215431, 0.3784396976214793, -0.6753783930995061, 0.4552469072917685, 0.506190367860434, -0.14518810182189415, -0.24314552090487065, -0.035416175793166034], [-0.5832082116514037, -0.2108571596940435, 0.1262058856167618, -0.7297192259824233, 0.37863280319855896, 0.19338184404263825, 0.16253269997788375, 0.502616228859845, -0.2563796215660585, -0.343016810964621, 0.6396133590272429, 0.015521157640632962]], "inverted": false, "swapped": false, "error_lsq": 0.060359183445620634, "error_max": 0.3320248361804279, "target": "751.xyz", "model": "22.xyz", "model_rescale": 4.166573947596378, "target_rescale": 3.9003725665657427},
{"mapping": [8, 3, 4, 9, 2, 13, 7, 6, 12, 10, 1, 15], "R": [[-0.43167604014650895, 0.5388404479197509, 0.7233994526187255], [0.8213249607806493, 0.5663641072666998, 0.06824226548597906], [-0.37293579227810025, 0.6236045779864321, -0.6870489248607186]], "T": [-0.053189209796822234, 0.0025417958886540457, -0.07364214715096856], "aligned_model": [[-0.09310611091933368, -0.5931580972377524, -0.4997416196487902, -0.06722361138607652, -0.6200136628590998, 0.7490710943529331, 0.4830533548532239, -0.1741689994859609, -0.07241371898263624, 0.6590824168731395, -0.19727623051512622, -0.048649943339715264], [-0.7136318719865716, -0.11228142482454462, -0.5648719592361359, 0.014369158239053773, 0.0804108149553816, 0.18994845372334393, -0.43513887862172856, 0.43442648504860787, 0.6568098980160092, -0.10666464721500721, -0.16309674938808155, -0.009206131588725757], [-0.4472476324802227, -0.31170911377363214, 0.06232141089006882, -0.6737357359802092, 0.28055510646532794, 0.12147394106452852, 0.10599411496749478, 0.5411319070533753, -0.1043833900414246, -0.27780951900468076, 0.6045185002226985, -0.005786640878310864]], "inverted": false, "swapped": false, "error_lsq": 0.043850653088743745, "error_max": 0.22226659634755724, "target": "751.xyz", "model": "23.xyz", "model_rescale": 4.274766983524099, "target_rescale": 3.9003725665657427},
{"mapping": [8, 9, 5, 7, 6, 10, 4, 2, 1, 0, 11], "R": [[-0.42876125180137636, 0.10835683417062186, -0.8968960839708453], [0.7763240723405105, -0.46355660295417556, -0.42712552085099165], [-0.4620440711213194, -0.879416893370889, 0.11463509059416332]], "T": [-0.022992448547542066, 0.09172625320234883, -0.0536763645650734], "aligned_model": [[0.3342543559564563, 0.009291953563412503, -0.6184957239984592, -0.31080211662749474, -0.46936891864317115, -0.5076757710900599, 0.016538067733601947, -0.08551209927782866, 0.5348468204346075, 0.3932645376793917, 0.08355359822761876], [-0.19807492472188742, 0.8069428263798353, 0.5248094378274042, -0.3595043363618904, 0.5569625767530261, -0.15217259478879103, -0.6702105987405009, -0.06532920840302998, -0.27047879788171725, 0.5989813941190818, 0.14366075706195358], [-0.5767133006347467, -0.34005754379125436, -0.43145843502244935, -0.45189097173451465, 0.13068824190386838, 0.34944733678458073, 0.2874913587238428, 0.6744285832831031, 0.2803243888498784, 0.45004345520947187, 0.007263320449797245]], "inverted": false, "swapped": true, "error_lsq": 0.0522346434339906, "error_max": 0.3001590319695412, "target": "751.xyz", "model": "24.xyz", "model_rescale": 3.7841303162186577, "target_rescale": 3.9003725665657427},
{"mapping": [6, 4, 3, 1, 5, 10, 11, 9, 8, 7, 13, 15], "R": [[0.3707558329261649, 0.8082616150068094, -0.4574420991314747], [-0.8532173831163266, 0.10188596449668275, -0.5115069377698682], [-0.3668244941376638, 0.5799417315085758, 0.7273976756599391]], "T": [0.029374613992635162, 0.07177328822980511, 0.012237510968537632], "aligned_model": [[-0.09343167939115407, -0.5956784449150195, -0.4450865035691782, -0.13560051671924503, -0.8081447025512267, 0.7466658056817297, 0.38332469532704183, -0.004271644335557628, -0.08731470188629029, 0.5621875009948998, -0.008356005446252618, 0.011161068515057986], [-0.5386143927953252, -0.09690679944784963, -0.5652491731614425, 0.2833647460385683, -0.017604675167899375, 0.2538623783389157, -0.5852671130525291, 0.5174602720651669, 0.5567022092059227, -0.16136645354795864, -0.38443377155877423, 0.009125920204806307], [-0.35433028003488265, -0.35865336844156287, 0.14673999881981237, -0.6813392007455769, 0.2570062171351231, 0.25222087469542903, 0.19236196841061226, 0.38955932357201534, -0.3050720048035385, -0.2785576890406247, 0.6466281762741187, -0.01124106733591174]], "inverted": false, "swapped": false, "error_lsq": 0.043737408156860426, "error_max": 0.21528424220933942, "target": "751.xyz", "model": "25.xyz", "model_rescale": 4.19342608120988, "target_rescale": 3.9003725665657427},
{"mapping": [7, 5, 9, 3, 0, 8, 10, 2, 4, 6, 1, 11], "R": [[-0.4362954553366216, -0.581679145052847, 0.686509758024749], [0.4345559519902029, 0.5318703515475565, 0.726825325463118], [-0.7879133202595947, 0.6154374877721277, 0.020719517422797096]], "T": [-0.05704933755002288, -0.10809991953050874, 0.017388911607356207], "aligned_model": [[-0.14524197436536634, -0.625179263935561, -0.46001316570778544, -0.02838402543729421, -0.6244998499768117, 0.5552372093625765, 0.4619578261102431, 0.05266703164078308, -0.13449778351236907, 0.5813419803175645, -0.0963567870565822, -0.011576325734591608], [-0.7820002121700758, -0.13971651163566856, -0.6987881146835517, -0.08325097267645355, 0.24472588430847386, 0.004598333893861994, -0.46555531796561167, 0.5417634281042643, 0.6025418936005635, 0.26487083327915084, -0.20873114213039318, -0.009384954802958811], [-0.5644543440651828, -0.28590741175614487, 0.21400812362717514, -0.6380329666976295, 0.25703015738611523, 0.4639764214616213, 0.027032603235415984, 0.5334948595264968, -0.271262578575083, -0.34239617121208366, 0.5492963705286887, -0.047462114954375544]], "inverted": true, "swapped": false, "error_lsq": 0.05669946638327175, "error_max": 0.3542305075506371, "target": "751.xyz", "model": "26.xyz", "model_rescale": 3.795458400668931, "target_rescale": 3.9003725665657427},
{"mapping": [9, 0, 1, 3, 6, 11, 11, 5, 7, 4, 8, 12], "R": [[-0.1615051746469023, 0.9849676607076204, -0.061276308002614965], [-0.9665862435318787, -0.17040483260028558, -0.191502550482756], [-0.19906559817609232, 0.028300183508705258, 0.9795774534135462]], "T": [-0.042782968697891034, -0.17474310333499585, -0.04350801094132972], "aligned_model": [[0.05880966300535297, -0.7038291008366512, -0.4774156470513134, -0.07165892405352065, -0.6519999035350479, 0.6074093229686955, 0.6074093229686955, -0.15399126186246642, -0.21010297478313197, 0.6955532533977952, -0.07062986978293408, -0.10409900873066819], [-0.5008570371759933, -0.018084898041497988, -0.5237213741161206, 0.08535332226937767, 0.0552886521381096, -0.2769908356121292, -0.2769908356121292, 0.4201964973368225, 0.5914042855614979, -0.024392375240644304, -0.23844979659796522, -0.021682457787726456], [-0.3037058769083027, -0.5228298339282651, 0.1556446239425089, -0.7338648660807463, 0.46356898267743696, 0.23643837113007748, 0.23643837113007748, 0.40430897730734494, -0.2561821576544073, -0.40560946680633025, 0.681693835057169, -0.0605780113615495]], "inverted": false, "swapped": false, "error_lsq": 0.05563962993479892, "error_max": 0.38507685778866324, "target": "751.xyz", "model": "27.xyz", "model_rescale": 3.6321398670334006, "target_rescale": 3.9003725665657427},
{"mapping": [13, 9, 11, 6, 10, 3, 1, 8, 12, 4, 0, 14], "R": [[0.05361920960753238, -0.6746567959483448, 0.7361814912382527], [0.5538249909616725, 0.6335526210113194, 0.5402674854143933], [-0.8309048439787601, 0.378746992186607, 0.40761238470173033]], "T": [-0.004809065281267386, -0.041031756539152794, 0.07578187442611276], "aligned_model": [[-0.1923108157094836, -0.576821416586423, -0.4127561395791319, 0.020522298275863396, -0.6793166157333941, 0.4966902883686876, 0.5201373462810339, -0.10833257834335751, -0.12069279443384906, 0.6663192774694947, -0.10102233991768995, 0.01303836161305488], [-0.5913703627603724, -0.034801757185843926, -0.5339439323905578, 0.020090991122132293, 0.027958611874381437, 0.07744318135604424, -0.446856819446952, 0.4210786095826377, 0.6709528172712138, -0.01162537084249439, -0.2340226093840747, -0.09383021207451293], [-0.4973218195097149, -0.2696674247230304, 0.13184084237914895, -0.6985112024378343, 0.45650687550411306, 0.5296785227301729, -0.007910893780279038, 0.2825825213318497, -0.328147152549805, -0.4091812833455951, 0.661366394988066, 0.044087567917921386]], "inverted": false, "swapped": false, "error_lsq": 0.051478721626600464, "error_max": 0.350431976792442, "target": "751.xyz", "model": "28.xyz", "model_rescale": 4.156811204709835, "target_rescale": 3.9003725665657427},
{"mapping": [2, 6, 10, 7, 9, 0, 1, 3, 8, 11], "R": [[-0.3867762407479477, -0.6979547857312192, -0.6027132458041499], [0.7988336982677475, -0.5801158862074245, 0.15915489650541065], [-0.4607264504071359, -0.41991031857369554, 0.7819248443748149]], "T": [-0.013218809783537927, -0.008304452278460318, -0.024256266971105864], "aligned_model": [[-0.4564129852585066, 0.004377064541267461, 0.0693507033238657, 0.5830629148079058, -0.02718233264939715, -0.7825723982678832, -0.5050351142508932, -0.3247319615533193, 0.22115810379620562, -0.13908862037865763], [-0.029611380473973662, -0.6643425698443278, -0.13792535899681568, 0.26788496757638325, -0.5322430229777317, -0.2768996402714905, 0.5416480331546338, 0.24367899861911307, 0.5087867858549192, -0.0022564820145060775], [-0.6257850505421376, -0.16206581465126785, -0.6825069683295034, -0.13908584783071823, 0.5413271514077974, 0.1180918776467069, -0.12224932160836799, 0.43261707343990485, 0.3793050695990197, 0.019138557843665725]], "inverted": true, "swapped": true, "error_lsq": 0.05827604147642634, "error_max": 0.2708478532831316, "target": "751.xyz", "model": "29.xyz", "model_rescale": 4.117894457231895, "target_rescale": 3.9003725665657427},
