[{"mapping": [8, 12, 10, 7, 0, 5, 1, 3, 4, 6, 9, 2, 13], "R": [[0.01894171428862329, -0.3529349571884138, 0.9354561066422203], [-0.9533158353147608, -0.2884046876783278, -0.08950784470249884], [0.30138037361103753, -0.8900896876829768, -0.3419213627173544]], "T": [-0.022274669305679493, 0.049777735595221986, 0.10517422717283145], "aligned_model": [[-0.13865449758862686, 0.12419631685769351, 0.19545842343976105, 0.40265445790864834, 0.49955251731081257, -0.7746065916795627, -0.19512890219965517, -0.12120412396297618, 0.40080401277297, -0.21690451787987403, 0.646923203414555, 0.4674142221765896, 0.045801210768786946], [0.13964167600960908, -0.45774928207264737, -0.8427176984990592, -0.03820556670671295, 0.08050965278205621, 0.09235022064514536, -0.06659692436024953, 0.5273897685331047, 0.6000795301783575, 0.7013370692816878, -0.2321724357086995, 0.6300881790610842, -0.004800376157901534], [-0.6622626362919956, 0.341991423598879, -0.30891890859011706, -0.5137673353646872, 0.672769480108024, 0.03745774073497035, 0.6433400623146169, 0.29305720881801733, -0.5517706641690939, -0.24430530143748416, 0.008109919558606543, 0.22642942983657197, -0.032400358143460345]], "inverted": false, "swapped": false, "error_lsq": 0.04438932943924376, "error_max": 0.2218537285402961, "target": "752.xyz", "model": "0.xyz", "model_rescale": 3.8414455957264533, "target_rescale": 3.928710419238414},
{"mapping": [5, 0, 7, 2, 13, 1, 11, 12, 6, 10, 9, 8, 14], "R": [[0.506187000960446, 0.05753142027643804, 0.8605026761955166], [0.8165796844666399, 0.28900788097762564, -0.49967195603634385], [-0.2774388923259188, 0.9555964527005105, 0.09931304350974647]], "T": [0.09054252862074959, 0.018843772423593738, -0.0767189600927207], "aligned_model": [[-0.13385328205465274, -0.07050297924572323, 0.4251482327648734, 0.2824817216364291, 0.40910177452368207, -0.7426458223863304, -0.33428812558409354, -0.09167769911000294, 0.4548235137277263, -0.13719366331379695, 0.7624247094002546, 0.5075366389774447, 0.0049507120033114305], [0.2849049983390985, -0.607598520171972, -0.5282056042298225, -0.17767790507091036, -0.05376373673791264, -0.10616927587164544, 0.09768136203687673, 0.5648945466717726, 0.44603608689579083, 0.6523457906428833, -0.0826146030466897, 0.5960424300835431, 0.043278243444762124], [-0.636344485956366, 0.25062148646225124, -0.1183243010052254, -0.7616593254367896, 0.6074558400150053, 0.1199197966943816, 0.6578346130670772, 0.4241940906613897, -0.619704470147106, -0.1999777131515947, -0.015154252740625082, 0.2657135427804036, -0.0648447602699542]], "inverted": false, "swapped": false, "error_lsq": 0.05094102432618029, "error_max": 0.28611121836545156, "target": "752.xyz", "model": "1.xyz", "model_rescale": 4.316132596720782, "target_rescale": 3.928710419238414},
{"mapping": [2, 10, 1, 9, 5, 0, 7, 8, 4, 3, 11, 12], "R": [[-0.9043150199720646, 0.13847827476914934, -0.403779781650697], [-0.14565733516564175, -0.9892490255620039, -0.013050139350592333], [-0.4012459163223577, 0.04701204996153609, 0.9147631287896587]], "T": [-0.12181205029036538, -0.10851128232992764, -0.15187548534504508], "aligned_model": [[0.06999433427947407, 0.5225614833965462, 0.03158947808738502, -0.49233529919720864, -0.7600591047033157, -0.49066039706415954, -0.13413182449223612, -0.14294145676377004, 0.6413346128058343, 0.05083553529269649, 0.35038529406867824, -0.04876410107814312], [-0.7523153947439402, -0.10236170875994556, -0.5340935372549577, 0.4290183252635738, -0.22561457596476042, -0.12334653285919897, 0.5531614647521209, 0.5582377380043279, -0.146751937263096, -0.08544598681444031, 0.4659749856551883, -0.02368641227389144], [0.18815345924596977, 0.13321106275403932, -0.4463582326710042, -0.10642700417160086, -0.41049209186387076, 0.3453287061930586, -0.6445986162205093, 0.5417878433736889, -0.5313317210476822, 0.6404272512285654, -0.10449804575964519, -0.1559441498515882]], "inverted": true, "swapped": true, "error_lsq": 0.049373778722516935, "error_max": 0.30125333234152685, "target": "752.xyz", "model": "2.xyz", "model_rescale": 3.795458400668931, "target_rescale": 3.928710419238414},
{"mapping": [8, 0, 2, 6, 11, 4, 1, 9, 5, 7, 10, 12], "R": [[0.4171635168714788, -0.8413611798339811, -0.34363638523851214], [-0.7928775167066726, -0.15211434214041386, -0.5900902222679594], [0.4442069829398002, 0.5186256761707433, -0.7305529168540493]], "T": [-0.018720920951274568, -0.09216098910273503, 0.10528410396524523], "aligned_model": [[0.1446058123793347, -0.15847613999524454, -0.7636810176032337, 0.3615041328287419, 0.234772725460799, -0.1215123480553097, -0.24993730317697058, 0.5062677428903698, 0.2517958473894376, 0.7559846427232279, -0.39131522793852835, 0.023294958840941307], [-0.08814610507845101, -0.5545667158272757, -0.166962011942568, 0.02714720378298606, 0.4953503102570171, 0.6971368372567093, 0.0020595670253282516, -0.3016027428299655, -0.661294333544499, 0.19014604919742628, 0.44627483451399247, 0.0002261524790089925], [-0.8431239202677774, -0.2821828214637624, 0.184860286715144, 0.6898351220968358, -0.27658088560331184, 0.41234285358226824, 0.5838589094886106, -0.22458280267212305, 0.4067189183203172, 0.1348257780067154, -0.1550805524786853, 0.057880544914869214]], "inverted": true, "swapped": true, "error_lsq": 0.05693770600085482, "error_max": 0.26605220876539554, "target": "752.xyz", "model": "3.xyz", "model_rescale": 3.7530521520055578, "target_rescale": 3.928710419238414},
{"mapping": [2, 5, 0, 9, 3, 6, 10, 1, 4, 11, 12], "R": [[0.12905952151069494, 0.8496222567586881, -0.5113566864016781], [-0.3848525832919182, 0.5181647010554702, 0.763802220285875], [0.913910350658623, 0.09822099266637968, 0.3938534087178418]], "T": [-0.05489421902080577, -0.007957733859457597, -0.08392659779819177], "aligned_model": [[-0.48051234101623025, -0.14638902621543012, 0.2474285768216377, 0.502061917366263, 0.30895931169313245, -0.3882101896362347, -0.04657545435548543, -0.5908072554969817, -0.4277819176100162, 0.35970033052090983, 0.00032565037364021276], [-0.6280260979080826, 0.23542806223500856, -0.41008415274938925, 0.2441893620100949, -0.711654931033732, 0.6144411341841107, -0.32701314281213484, 0.03482327165430023, 0.2221723634723482, 0.16587951525071643, 0.02704797401110591], [-0.04846470814497736, -0.7322683961809027, -0.4450034123458084, -0.3174064162973899, 0.09072644661552866, -0.12893261963006464, 0.5442961749908755, -0.03555950164321903, 0.6480823600985629, 0.5103304141225569, 0.007030435660154502]], "inverted": false, "swapped": true, "error_lsq": 0.043667409186006485, "error_max": 0.18988496793635642, "target": "752.xyz", "model": "4.xyz", "model_rescale": 3.7855080009869324, "target_rescale": 3.928710419238414},
{"mapping": [8, 14, 15, 10, 2, 13, 12, 1, 7, 6, 3, 0, 16], "R": [[-0.05376215230361295, -0.009752387829655484, 0.9985061451545018], [0.998523647600476, 0.0072418503034378245, 0.05383382567515593], [-0.0077560403766098185, 0.9999262205461974, 0.009348652409508718]], "T": [0.1022819927248116, 0.1354556461519522, -0.02004050181327546], "aligned_model": [[-0.19443846756261268, 0.02728841552542427, -0.035385472658036085, 0.49143091714668813, 0.48644058162302944, -0.5905463822236079, -0.32253801566364, 0.07178989118357318, 0.24808126645580436, -0.3141509033292678, 0.7684315528998095, 0.5879882930395455, 0.11191405490241198], [-0.09682721824804569, -0.4256418215481222, -0.6072642163033801, -0.10897370277482785, -0.07669878028099883, -0.06266222430124421, 0.04639151831993234, 0.6091687819577778, 0.5666278171866863, 0.5593598038337544, -0.0001302607564288294, 0.6349862624405549, 0.09081785346011642], [-0.6144406307807675, 0.35042271316531415, -0.34978734649150806, -0.5855329262353993, 0.5742644413761002, -0.09491233329094692, 0.5040404123750876, 0.5696798011253126, -0.615189728966111, -0.2901626524249135, 0.12235974652122991, 0.3307192971167267, 0.008269267482723535]], "inverted": true, "swapped": false, "error_lsq": 0.043926277033602794, "error_max": 0.2829801178159361, "target": "752.xyz", "model": "5.xyz", "model_rescale": 4.2253639853439635, "target_rescale": 3.928710419238414},
{"mapping": [6, 4, 3, 7, 1, 5, 10, 8, 12, 11, 0, 9, 13], "R": [[-0.787519651553182, -0.05063011267610952, 0.6142063090753458], [-0.1812028769078796, -0.9335452667509269, -0.30928749138503575], [0.5890486531839816, -0.354865927664724, 0.7260109211057312]], "T": [0.06713050046166423, 0.0747598496766076, 0.052249209963629153], "aligned_model": [[-0.21045918081131187, 0.17394839620154584, 0.15060749658102573, 0.43121217412799895, 0.36684786692142946, -0.5558730567119716, -0.42011798723334975, -0.10299553577188415, 0.3714869163043436, -0.27759597801917063, 0.8489913171048027, 0.49094750133976295, 0.06930580130590047], [-0.06477494359002699, -0.567915949554001, -0.5027101326039242, -0.0836570010791635, -0.05291406055968244, 0.18617936657024003, -0.038454276925582856, 0.6425228951563405, 0.5825566936154009, 0.6119056402553097, -0.08383419872750862, 0.47690772048541663, 0.023342059942956683], [-0.5109487822575027, 0.3287796177663299, -0.350949851769099, -0.6345839956429837, 0.7099532884409221, 0.06616055263321415, 0.6508174576729142, 0.4933468540082681, -0.6694524610128418, -0.3929382151855681, -0.02901726858390534, 0.22903344923856617, 0.019529415664534033]], "inverted": true, "swapped": false, "error_lsq": 0.04515461801402843, "error_max": 0.2620802156385899, "target": "752.xyz", "model": "6.xyz", "model_rescale": 3.89814844738969, "target_rescale": 3.928710419238414},
{"mapping": [8, 10, 11, 7, 2, 9, 5, 1, 3, 6, 4, 0, 12], "R": [[0.8723478011789129, -0.46970340385331083, -0.13560245641923172], [-0.37398401489608035, -0.4624939877111519, -0.8038875965788035], [0.31487341961576304, 0.7519827283519553, -0.5791171780217067]], "T": [0.19059644353674238, 0.07205942976318819, -0.0597902269338155], "aligned_model": [[-0.1817342584701948, -0.0189070644611449, 0.08481843521039784, 0.666192220683734, 0.42251922267740577, -0.6509448353255611, -0.38005958844279736, 0.11272551424408113, 0.22011700140860807, -0.27626325248735056, 0.6748919752198272, 0.46174874777618236, 0.20120161330593406], [-0.0023244846797461083, -0.4249461163714884, -0.6317413642184075, 0.0921113317981096, -0.010921376194975574, -0.21323535711215336, 0.2600610703787011, 0.6316304063946896, 0.6566915232698065, 0.5480565320556781, -0.32027724334649776, 0.5898814854293535, -0.04583259441729458], [-0.6197220566505244, 0.4382031769382413, -0.44555676846949244, -0.5122073547381096, 0.6041930973139935, 0.03164849345949469, 0.4317214009205722, 0.5691875568682878, -0.6163113752964936, -0.17312439594397266, 0.10460430250465294, 0.03689035043112271, 0.06020363363507587]], "inverted": false, "swapped": false, "error_lsq": 0.05553606545265434, "error_max": 0.3040511336294544, "target": "752.xyz", "model": "7.xyz", "model_rescale": 3.7474275329858107, "target_rescale": 3.928710419238414},
{"mapping": [11, 4, 13, 12, 2, 9, 8, 3, 10, 7, 1, 0, 14], "R": [[-0.0006759447588801162, -0.5198989822813193, 0.8542274821858237], [0.9540397697763238, 0.25565910775523926, 0.15635388804546596], [-0.2996792631861972, 0.8150726770323267, 0.4958314939286677]], "T": [0.1120787509975309, 0.1486937279672709, -0.031034838801671828], "aligned_model": [[-0.2156452253884174, -0.037662389770341614, 0.18592844158961727, 0.3842828123275881, 0.42163096323797505, -0.6406685676573831, -0.28446181753179756, 0.1195291229335364, 0.21551653664765238, -0.337247382627633, 0.8265238258867578, 0.5633015061870315, 0.13527790550453583], [0.046113140759963075, -0.5134159083748254, -0.7157397724833573, -0.1187248526566124, -0.17144086863235616, 0.09742356633742989, -0.034478473492061484, 0.5695728805839092, 0.6160633272103041, 0.5741699817149583, 0.05966199750197047, 0.6215209874623772, 0.0984278070540757], [-0.54925696687018, 0.3580850219995968, -0.2664340214482895, -0.5158387894166453, 0.6833045509892645, -0.1363120199602024, 0.49281040359297196, 0.5494302917921718, -0.6193626741889396, -0.3155583265180853, 0.18447248354894738, 0.05290350466843121, -0.008513397216193513]], "inverted": true, "swapped": false, "error_lsq": 0.04576737604910511, "error_max": 0.2741221924263587, "target": "752.xyz", "model": "8.xyz", "model_rescale": 4.019505241142653, "target_rescale": 3.928710419238414},
{"mapping": [0, 9, 7, 4, 11, 1, 10, 6, 3, 2, 8, 5, 12], "R": [[0.8473979222728791, -0.34363340465585673, 0.40476270150821936], [0.5226458961166103, 0.40548146305151583, -0.7499506986422958], [0.09358433950225373, 0.847054228680919, 0.5232027380219837]], "T": [0.05169341920411567, 0.11341270706545324, 0.04467144277383707], "aligned_model": [[-0.0816454099173191, 0.05552175781434253, 0.22696693749734553, 0.5557802892271105, 0.46560071732965735, -0.5774949073965842, -0.5484588341713558, -0.032293058244376546, 0.3053125759770959, -0.21068447907778776, 0.513047940103092, 0.576526941235212, 0.08812526096268888], [-0.04284418835824337, -0.4660079647031292, -0.5947307871213375, 0.0100188068235538, 0.04798307971954273, -0.13238546697955472, 0.13801778482662097, 0.6648145683311392, 0.6533043181252143, 0.5705771878606128, -0.377371184182278, 0.5315815467258614, 0.12619611191777225], [-0.5721353481681585, 0.407434575384047, -0.49142180984340245, -0.6055599007542256, 0.5047249575053068, 0.04141422369803062, 0.7356067661829818, 0.510465492720193, -0.573919843429602, -0.22390003413523712, 0.09386605146130257, 0.0302037259028198, 0.052951204448791825]], "inverted": false, "swapped": false, "error_lsq": 0.05044617290683554, "error_max": 0.3492523065362982, "target": "752.xyz", "model": "9.xyz", "model_rescale": 3.877068213659057, "target_rescale": 3.928710419238414},
{"mapping": [4, 6, 13, 2, 10, 5, 12, 0, 7, 1, 9, 8, 15], "R": [[0.6420142658005055, -0.6853452847178247, -0.3436852094921775], [0.3881778659072852, -0.0960040704478482, 0.9165703262036746], [-0.6611623302399373, -0.7218622161967536, 0.20439988722895067]], "T": [0.12368851521495666, -0.02711447190794715, 0.0216235578286157], "aligned_model": [[-0.1416224508475789, -0.0638972506691931, 0.25872166789723094, 0.5552014612919419, 0.5028586780186762, -0.601572944018907, -0.32981838099811894, -0.1516908342270042, 0.21641093395117134, -0.3043169545565401, 0.7780075414162633, 0.5271704904171108, 0.09085377366406996], [-0.008392247097454255, -0.5272680758187551, -0.7208721274139883, -0.09149628204015846, -0.2769262080951112, 0.264353372523808, 0.0010717231029000046, 0.5900273465975832, 0.4959241395240249, 0.6781069119224435, 0.05459306386139699, 0.6305520320687187, 0.039480163850366776], [-0.6007511278150732, 0.32978346446401074, -0.2915933942463287, -0.4783833599650942, 0.5666326068933387, 0.027767958108738548, 0.6146937469390812, 0.4424183122949705, -0.5981503795322813, -0.24741310851533044, 0.05053366763692302, 0.021655840587257398, 0.07253583412263538]], "inverted": true, "swapped": false, "error_lsq": 0.04319246020473263, "error_max": 0.300083081574712, "target": "752.xyz", "model": "10.xyz", "model_rescale": 4.260839863003843, "target_rescale": 3.928710419238414},
{"mapping": [6, 4, 11, 7, 8, 9, 5, 1, 10, 3, 0, 12], "R": [[-0.1916277615208865, -0.9292466233030638, 0.31587895481394246], [-0.7630733438511278, -0.06134912688672017, -0.6433936248783446], [0.6172502514526448, -0.36433089041432043, -0.6973271322496749]], "T": [0.15052080611804824, 0.10303702562914684, -0.03421103862842541], "aligned_model": [[0.37852969966684485, 0.37211946540033985, -0.36734795760956246, -0.31575384917329724, -0.7034760971793772, -0.4017650040492237, 0.2913376672040697, 0.6594568079101737, 0.1063189894223299, -0.11215950272225944, -0.026257541759321407, 0.0778959719834143], [-0.05623148717716274, -0.7167032515218223, -0.4314938682114249, -0.14517374944852296, 0.20062917203002856, 0.36791383846551357, 0.6511862265903986, -0.04866706898015431, -0.42333107904049594, 0.16236744085235277, 0.5947580457936334, 0.017824286180590385], [-0.6847115493903094, -0.11644317418953394, 0.0023689147627903723, -0.6680233465993966, 0.39861061478443166, -0.2646709687043666, -0.44367177927845186, -0.1308670619635791, 0.4321710213455702, 0.7310090475062186, 0.29811568270049654, -0.037709323578365234]], "inverted": false, "swapped": true, "error_lsq": 0.04638865058519979, "error_max": 0.24268079889368013, "target": "752.xyz", "model": "11.xyz", "model_rescale": 3.890672605050136, "target_rescale": 3.928710419238414},
{"mapping": [11, 12, 10, 2, 7, 9, 5, 8, 1, 6, 4, 0, 13], "R": [[-0.9980164927461158, 0.025776393270663955, 0.0574339425487973], [0.061633243335756524, 0.5859063849046435, 0.8080315906224752], [-0.012822773594581753, 0.8099686942579497, -0.586332918058857]], "T": [0.0713758983214034, 0.1922494496237931, -0.03331593923707237], "aligned_model": [[-0.09145931039616548, 0.03864372171280252, 0.1922763845346132, 0.42594169861046377, 0.2750955499283515, -0.660114624149428, -0.3564631502240217, 0.06856515871215531, 0.3418244196835822, -0.2821523271745301, 0.7135005249697901, 0.5128553323251391, 0.1577923528063694], [-0.015212725212842282, -0.47565244263518713, -0.6500106493341558, -0.1439805514068026, -0.10388212770502908, -0.07288444487058543, -0.014444970683100078, 0.6930538972153683, 0.7055884689439583, 0.6166706993457373, -0.08535425242629968, 0.5839124320962483, 0.09135047965846489], [-0.5162303257583389, 0.29526862168508927, -0.3081276976814988, -0.5498395237315578, 0.7398390017251444, -0.012196054128589949, 0.5824789511191262, 0.4847362307742877, -0.551619845190578, -0.19745837891589776, -0.07417168895354115, -0.053078460830688005, 0.07012923085989084]], "inverted": true, "swapped": false, "error_lsq": 0.03841545665182727, "error_max": 0.27178606696712404, "target": "752.xyz", "model": "12.xyz", "model_rescale": 4.124412569039231, "target_rescale": 3.928710419238414},
{"mapping": [2, 0, 1, 8, 3, 4, 5, 7, 11, 10, 6, 9, 12], "R": [[-0.7496600096209481, 0.47593180955333936, -0.45988996796016746], [0.4225079734877146, -0.19069530404835672, -0.8860712800634097], [-0.5094083649827755, -0.858559382727362, -0.05812834090516161]], "T": [0.1305992209320873, 0.058893812790330596, 0.13541013530142312], "aligned_model": [[-0.1735088050103929, -0.08556706071635128, 0.21972134516102093, 0.4958419210657502, 0.5607476302221267, -0.5802026201391061, -0.46955200819436604, 0.03467691738864104, 0.17491682743920617, -0.25848279474996083, 0.722668880232064, 0.6361915333909746, 0.0588539652495151], [0.001733713235798573, -0.3666980766734148, -0.6121062603899314, 0.1179804569314432, -0.17720883910822907, -0.19398886247032518, 0.19923276178317154, 0.600352006566266, 0.6266879774278112, 0.5899585588622902, -0.2182397122535071, 0.44908861186700166, 0.11236147720739985], [-0.6687332258134994, 0.4654269162308061, -0.31700609746851016, -0.47940907339464167, 0.6530791990068402, -0.08614651892575756, 0.5757161205500959, 0.43657389572399574, -0.680799762760099, -0.19804914684533384, -0.006939232864598688, 0.16308149877313102, 0.05293548876041956]], "inverted": false, "swapped": false, "error_lsq": 0.041896413973261555, "error_max": 0.23563243576450027, "target": "752.xyz", "model": "13.xyz", "model_rescale": 3.9028299243045295, "target_rescale": 3.928710419238414},
{"mapping": [10, 12, 11, 9, 2, 13, 8, 0, 7, 4, 6, 3, 15], "R": [[0.8820114816897838, -0.21704563339722277, 0.4182665886615743], [0.29305963454007217, 0.9477299062979986, -0.12619063083932372], [-0.3690146294805011, 0.23387863889544405, 0.8995159728975263]], "T": [0.09503403934168429, 0.03906267815183426, 0.046097157779035475], "aligned_model": [[-0.26275700131901636, -0.24182426201988305, 0.24947717982991507, 0.47968920993325903, 0.4022738989388741, -0.6078658972578577, -0.3006203175707577, 0.04924231615229953, 0.3538696230049547, -0.14881126887828705, 0.749313691949929, 0.4657798784806179, 0.14853868009507437], [0.24640581107985707, -0.5326828028776531, -0.640458622614074, -0.14081467417155372, 0.010399690387090696, -0.2676371482540745, 0.0463804497034927, 0.6725845319948808, 0.4618373705501012, 0.6611457062054683, 0.033641696290826605, 0.5365174615023108, 0.04183434318910198], [-0.5738600976019298, 0.25555808178885064, -0.19937138704792773, -0.6023856826430969, 0.7146267916494284, -0.1648963193859691, 0.7093552068318483, 0.5787974375192898, -0.7121202621833493, -0.06754898491589925, -0.08156259072351374, 0.1075439357340223, -0.054406068048906145]], "inverted": true, "swapped": false, "error_lsq": 0.050746577717109, "error_max": 0.303358622235887, "target": "752.xyz", "model": "14.xyz", "model_rescale": 3.942246331269136, "target_rescale": 3.928710419238414},
{"mapping": [5, 6, 7, 2, 8, 10, 11, 13, 1, 3, 0, 12, 14], "R": [[-0.9698293956533505, -0.09267650767242663, -0.2254817248743231], [0.05377302880247737, -0.9834644860159475, 0.17293370440372935], [-0.23778016044250883, 0.1555913547438647, 0.9587762646357616]], "T": [-0.04156990012455371, 0.08201997707119224, 0.0009602317523405377], "aligned_model": [[-0.007453894869004371, -0.09464185654706389, 0.3350228103136485, 0.36883900930270863, 0.4517488728497688, -0.7333015687547647, -0.2647961556878244, -0.018238284650515177, 0.38518070564359874, -0.17487763051276078, 0.6587973981634282, 0.38093432492180795, 0.049092001166094246], [0.1306248759666921, -0.40773498282142306, -0.6806239512859551, -0.2525716835570708, -0.22529801059649535, -0.09066541620697763, -0.023427377190761295, 0.6387343351212096, 0.5778853671933588, 0.6909083644389513, -0.09287885887426, 0.7730217413865291, 0.09117940941197716], [-0.6309046431836508, 0.2657485170681582, -0.08582500382276069, -0.5488223310306499, 0.5118742841865864, 0.027181780249516944, 0.6741332548028082, 0.5929522973796132, -0.47720592256655847, -0.35685523919334344, -0.13908807256433556, 0.11088293047200252, -0.0343417908245389]], "inverted": false, "swapped": false, "error_lsq": 0.05040393375598849, "error_max": 0.31340938531209434, "target": "752.xyz", "model": "15.xyz", "model_rescale": 4.355366556412066, "target_rescale": 3.928710419238414},
{"mapping": [2, 10, 1, 9, 5, 0, 7, 8, 4, 3, 11, 12], "R": [[-0.9043150199720646, 0.13847827476914934, -0.403779781650697], [-0.14565733516564175, -0.9892490255620039, -0.013050139350592333], [-0.4012459163223577, 0.04701204996153609, 0.9147631287896587]], "T": [-0.12181205029036538, -0.10851128232992764, -0.15187548534504508], "aligned_model": [[0.06999433427947407, 0.5225614833965462, 0.03158947808738502, -0.49233529919720864, -0.7600591047033157, -0.49066039706415954, -0.13413182449223612, -0.14294145676377004, 0.6413346128058343, 0.05083553529269649, 0.35038529406867824, -0.04876410107814312], [-0.7523153947439402, -0.10236170875994556, -0.5340935372549577, 0.4290183252635738, -0.22561457596476042, -0.12334653285919897, 0.5531614647521209, 0.5582377380043279, -0.146751937263096, -0.08544598681444031, 0.4659749856551883, -0.02368641227389144], [0.18815345924596977, 0.13321106275403932, -0.4463582326710042, -0.10642700417160086, -0.41049209186387076, 0.3453287061930586, -0.6445986162205093, 0.5417878433736889, -0.5313317210476822, 0.6404272512285654, -0.10449804575964519, -0.1559441498515882]], "inverted": true, "swapped": true, "error_lsq": 0.049373778722516935, "error_max": 0.30125333234152685, "target": "752.xyz", "model": "16.xyz", "model_rescale": 3.795458400668931, "target_rescale": 3.928710419238414},
{"mapping": [8, 10, 11, 7, 2, 9, 5, 1, 3, 6, 4, 0, 12], "R": [[0.8723478011789129, -0.46970340385331083, -0.13560245641923172], [-0.37398401489608035, -0.4624939877111519, -0.8038875965788035], [0.31487341961576304, 0.7519827283519553, -0.5791171780217067]], "T": [0.19059644353674238, 0.07205942976318819, -0.0597902269338155], "aligned_model": [[-0.1817342584701948, -0.0189070644611449, 0.08481843521039784, 0.666192220683734, 0.42251922267740577, -0.6509448353255611, -0.38005958844279736, 0.11272551424408113, 0.22011700140860807, -0.27626325248735056, 0.6748919752198272, 0.46174874777618236, 0.20120161330593406], [-0.0023244846797461083, -0.4249461163714884, -0.6317413642184075, 0.0921113317981096, -0.010921376194975574, -0.21323535711215336, 0.2600610703787011, 0.6316304063946896, 0.6566915232698065, 0.5480565320556781, -0.32027724334649776, 0.5898814854293535, -0.04583259441729458], [-0.6197220566505244, 0.4382031769382413, -0.44555676846949244, -0.5122073547381096, 0.6041930973139935, 0.03164849345949469, 0.4317214009205722, 0.5691875568682878, -0.6163113752964936, -0.17312439594397266, 0.10460430250465294, 0.03689035043112271, 0.06020363363507587]], "inverted": false, "swapped": false, "error_lsq": 0.05553606545265434, "error_max": 0.3040511336294544, "target": "752.xyz", "model": "17.xyz", "model_rescale": 3.7474275329858107, "target_rescale": 3.928710419238414},
{"mapping": [12, 8, 3, 11, 0, 5, 4, 6, 7, 9, 1, 2, 13], "R": [[0.3233956409408186, 0.45893633014891166, -0.8275220264681334], [0.7497689753420095, 0.409239773746692, 0.5199704714677071], [0.577288266843412, -0.7886065257485544, -0.21174986307368465]], "T": [0.10920873397377485, 0.030887698803889904, -0.08296361837996802], "aligned_model": [[-0.3351916032173038, -0.10168765502806647, 0.39139301395816367, 0.38093815213231114, 0.4412550451470923, -0.6059114880916914, -0.3970676315273618, -0.03062838427251706, 0.3713557445005352, -0.25700027183262686, 0.7939174866341502, 0.5288026502548373, 0.15613067268159914], [0.2870270209226355, -0.524565377959706, -0.5850471111056382, -0.22363247598518765, -0.02938792537445535, -0.07112654502961248, 0.07812358473950375, 0.5837555910309721, 0.49294721962172644, 0.5890823143651672, -0.06730603592219293, 0.5198224585191805, 0.079461095163382], [-0.6271491669592231, 0.32181909350202276, -0.12278224945437523, -0.701929906426914, 0.6820556540223502, -0.1205947055076413, 0.5732976366362357, 0.4364413157179743, -0.617004090750528, -0.03786482592651362, -0.09005807399637544, 0.2148894829497886, -0.0013901028339527444]], "inverted": false, "swapped": false, "error_lsq": 0.04643966727319237, "error_max": 0.33941986816535274, "target": "752.xyz", "model": "18.xyz", "model_rescale": 3.922800546911778, "target_rescale": 3.928710419238414},
{"mapping": [3, 11, 7, 12, 4, 2, 10, 6, 5, 1, 13, 8, 14], "R": [[-0.49102168520442585, -0.25084175098294775, 0.8342518328555321], [-0.7193305433753352, -0.42343196438386715, -0.5506985935204163], [0.49138709183936735, -0.8705077756699411, 0.027476143685402632]], "T": [0.0820002898120594, 0.14209934923194215, -0.0502088073735768], "aligned_model": [[-0.11610002386789348, 0.14600580575640662, 0.16995883629405104, 0.5554462663197076, 0.2923002641962147, -0.630162353359932, -0.35411962047256085, 0.03025515233047124, 0.27020486052921255, -0.3027778783815027, 0.6588461767102618, 0.5398577503130019, 0.0765904949716833], [-0.12577603103326826, -0.4540860007632994, -0.608257891908974, -0.07126236938704006, 0.056027863112096676, 0.07096609961519254, -0.06106412214647833, 0.564408680190847, 0.5859448863352187, 0.7741021289241691, -0.18929149954884913, 0.5360278039191009, 0.0514142656770592], [-0.596238376126752, 0.33412169512206696, -0.3098977055321696, -0.6409200133983033, 0.6369831302561584, -0.020319122580487486, 0.5971895823480153, 0.49269545826187156, -0.6419130400273505, -0.02781971005477032, 0.12079609002166847, 0.04765626542072399, -0.08260419273782374]], "inverted": false, "swapped": false, "error_lsq": 0.04557765315434459, "error_max": 0.30154543333960737, "target": "752.xyz", "model": "19.xyz", "model_rescale": 3.9282355846067225, "target_rescale": 3.928710419238414},
{"mapping": [11, 1, 0, 4, 5, 10, 2, 7, 8, 9, 3, 6, 13], "R": [[-0.4237272587365553, 0.42349291989429716, -0.800692798146085], [0.539108628220708, 0.8282635922634168, 0.15277862647925305], [0.727885359917062, -0.366923927443146, -0.5792665485664662]], "T": [0.1064299408258585, 0.23145744271124208, -0.0037639546023042394], "aligned_model": [[-0.17825655578138938, 0.08877636695892344, 0.08125742331282662, 0.445372436091462, 0.4464147465883288, -0.6847744132763334, -0.2652042116693814, -0.07277595817087412, 0.3811468358626989, -0.2676322564253613, 0.6475922101558624, 0.6633944146406752, 0.050994693051683734], [-0.04711561873932796, -0.4489467365141428, -0.5067668170608692, 0.027260242218134695, 0.06286201550331666, -0.10735829572155398, -0.055293142275832374, 0.6422206471530694, 0.6735284077106383, 0.6061456187850631, -0.28903887527911715, 0.487764949687958, 0.0838914175184377], [-0.599342513156508, 0.3096675379586184, -0.3113160231091072, -0.4965005304252445, 0.5824749608782569, 0.034103108017313734, 0.6732725060618118, 0.42896761579795817, -0.5584940408731014, -0.448860650316671, 0.04704992493504421, 0.22193737643637032, 0.026770788768106582]], "inverted": false, "swapped": false, "error_lsq": 0.04408660575479892, "error_max": 0.2674770565967345, "target": "752.xyz", "model": "20.xyz", "model_rescale": 4.067790424073018, "target_rescale": 3.928710419238414},
{"mapping": [0, 5, 4, 2, 13, 7, 1, 10, 3, 12, 6, 11, 14], "R": [[-0.5207663953919718, -0.6969967626754375, 0.49294814559993283], [0.8461382067915785, -0.34472984931813716, 0.40646213353352667], [-0.11336885126869944, 0.628774080102746, 0.7692793119231539]], "T": [0.08192918723581005, 0.043721638672068235, -0.009625338026522321], "aligned_model": [[-0.2824566716828095, 0.13851152292819327, 0.31422073276901846, 0.31937642503722896, 0.3132595720759156, -0.6585729164953542, -0.4772001292104326, -0.04977797653946553, 0.46236189864697086, -0.07226144199846254, 0.7941755537708461, 0.4698445303275674, 0.06482463170990534], [0.03897280853017809, -0.42625204538171324, -0.6933534814103458, -0.1807989747015846, 0.1218454781462682, -0.031469835947820414, -0.0792236033768888, 0.540235680490914, 0.5247086001289485, 0.7832224640366683, -0.11367724735463822, 0.5429050560514478, 0.10203891377434116], [-0.619263283001556, 0.3430633298413249, -0.22230678988720234, -0.6781544959319402, 0.6465045453294607, -0.06126673346654582, 0.5782215606015981, 0.628664447917648, -0.5992587085608314, -0.13760051545988938, -0.13407455148551758, 0.1259101052589753, 0.03929114981732342]], "inverted": false, "swapped": false, "error_lsq": 0.05132459266197886, "error_max": 0.3306213247006297, "target": "752.xyz", "model": "21.xyz", "model_rescale": 4.186013935880536, "target_rescale": 3.928710419238414},
{"mapping": [11, 5, 3, 4, 0, 8, 2, 1, 10, 9, 6, 7, 12], "R": [[-0.5121466385893799, -0.8553041081129327, 0.07849014732270573], [-0.855928619615387, 0.5006480826332194, -0.12937424581028212], [0.0713583821628351, -0.13344054856310406, -0.9884844972452935]], "T": [0.07283006534564931, 0.11026403061458916, -0.004380424861624138], "aligned_model": [[-0.21722935030943377, -0.09965733689931619, 0.400177294517266, 0.5122406495489936, 0.3596199472121717, -0.6916577270408241, -0.41682140693199854, 0.186447747114439, 0.2624912489411678, -0.26514829336145707, 0.5807429321765555, 0.6350089347436776, 0.0900910916278801], [-0.15250051134856457, -0.5684223200496008, -0.7256346641406379, 0.05424914409476164, 0.004570616513754289, 0.1274784718353435, -0.04787770467858039, 0.6039436172357788, 0.6792714515828966, 0.6095612352159053, -0.113174268918962, 0.5809722579485932, 0.07671648769508684], [-0.500148828038536, 0.32451425372677095, -0.21991654340503866, -0.5800511812377946, 0.6501185490726877, -0.058511829878764285, 0.5294096369789728, 0.5233455685055428, -0.5845171526749973, -0.15244693276025065, 0.0398088840983474, -0.03107168566525439, -0.030802677748837926]], "inverted": false, "swapped": false, "error_lsq": 0.04874902037535341, "error_max": 0.315916685221655, "target": "752.xyz", "model": "22.xyz", "model_rescale": 4.166573947596378, "target_rescale": 3.928710419238414},
{"mapping": [9, 4, 8, 10, 0, 11, 2, 6, 14, 12, 7, 5, 15], "R": [[-0.8733356963017662, 0.36489735851514904, 0.32269905378506475], [0.3898351097258095, 0.920780654122579, 0.01384103387256904], [-0.2920844891297301, 0.13788728999535202, -0.9464004155047494]], "T": [0.031175523146733566, 0.08085670837392467, -0.024256269150346878], "aligned_model": [[-0.18488488600034475, -0.006899957771551515, 0.22502181693168555, 0.5916906822948266, 0.5639670650961197, -0.728559809204999, -0.3469025361358258, -0.07366178283591275, 0.11346959531324345, -0.31421102262986916, 0.7373653128145073, 0.6968353649351421, 0.06307588853209992], [-0.1655445856984128, -0.49113116375848986, -0.6927515037772022, 0.14389258298917845, -0.2743017867570589, 0.15997864622152885, 0.10346851502734836, 0.6616765010332953, 0.5310118666442155, 0.6127722678489576, -0.031432007685697566, 0.47057060156167435, 0.10094387933643718], [-0.5273004701513807, 0.4353453466549805, -0.15854360548315702, -0.5169939965274541, 0.48245013400783804, -0.22081483842181435, 0.5319405723348358, 0.4561239341223218, -0.6696753441621941, -0.1890450030312966, -0.033023986349409014, 0.28571475802481294, 0.03355255995476471]], "inverted": false, "swapped": false, "error_lsq": 0.04866653629320757, "error_max": 0.26630833203834536, "target": "752.xyz", "model": "23.xyz", "model_rescale": 4.274766983524099, "target_rescale": 3.928710419238414},
{"mapping": [10, 0, 8, 11, 9, 7, 4, 6, 1, 5, 12], "R": [[0.07933973927705085, 0.9952857096972557, 0.05578137542118772], [0.6264972521012963, -0.09331065515699355, 0.7738180113849105], [0.775375005323859, -0.026447640851359866, -0.630947005232946]], "T": [0.11946320809415883, 0.1609121155576399, 0.02911612273383036], "aligned_model": [[0.16020858977242733, 0.15099395904745688, -0.5003494299211095, -0.42953266395540796, -0.42952276396267514, -0.5731860027061304, 0.16578476354146476, 0.07537985113648665, 0.5309638566471162, 0.19133762095692974, 0.03781692340151668], [-0.28499009384155105, 0.7148141839995308, 0.4873283119761889, -0.24402933944122868, 0.5070759528330231, -0.056841495448617996, -0.6909610493712262, -0.11908758805021252, -0.10519499917704767, 0.6143204329256848, 0.09315221483893979], [-0.514979862918622, -0.24598296119631036, -0.6307734756202907, -0.2706760993147122, 0.11323580954181861, 0.42098232494917975, 0.026177369049684214, 0.6773153612625478, 0.25544904746291824, 0.5556234821613664, -0.0068045613560023185]], "inverted": true, "swapped": true, "error_lsq": 0.04331996925389815, "error_max": 0.24059448432131822, "target": "752.xyz", "model": "24.xyz", "model_rescale": 3.7841303162186577, "target_rescale": 3.928710419238414},
{"mapping": [9, 11, 13, 12, 6, 10, 7, 0, 2, 8, 3, 4, 15], "R": [[0.11505993458214347, -0.8007396682001917, 0.5878581420926309], [-0.404294165717481, -0.5783055923658043, -0.7085964079821759], [0.9073629037054353, -0.1561365607699976, -0.3902741797379862]], "T": [0.03656862216497529, 0.14202491927947147, -0.023480484268039288], "aligned_model": [[-0.17797434209622676, 0.028855300853683943, 0.2386031379457212, 0.32979486980487266, 0.46604735561436184, -0.6963948365014717, -0.29384218034003845, -0.3550260532536828, 0.34195424963810683, -0.06942964948787068, 0.7464243088398799, 0.6928629129072609, 0.08443065741452516], [0.17583662973890762, -0.514362133511476, -0.5884210202309602, -0.14497250395784222, 0.03972098209224037, -0.11877606150985426, 0.03891729464703131, 0.5759055420368577, 0.5784746724775269, 0.7136158363315149, -0.2264616913311409, 0.4764433233512835, 0.12323294285168564], [-0.5665907799244073, 0.3746703800603567, -0.21746703317543895, -0.6613070697740869, 0.54845340543752, -0.0218924174420222, 0.5269766706776547, 0.42343244319212237, -0.5573758479802745, -0.13074638560241633, 0.0730824979205501, 0.09545848249852376, 0.023035715084766463]], "inverted": false, "swapped": false, "error_lsq": 0.04473293562724797, "error_max": 0.26553773369314754, "target": "752.xyz", "model": "25.xyz", "model_rescale": 4.19342608120988, "target_rescale": 3.928710419238414},
{"mapping": [2, 10, 1, 9, 5, 0, 7, 8, 4, 3, 11, 12], "R": [[-0.9043150199720646, 0.13847827476914934, -0.403779781650697], [-0.14565733516564175, -0.9892490255620039, -0.013050139350592333], [-0.4012459163223577, 0.04701204996153609, 0.9147631287896587]], "T": [-0.12181205029036538, -0.10851128232992764, -0.15187548534504508], "aligned_model": [[0.06999433427947407, 0.5225614833965462, 0.03158947808738502, -0.49233529919720864, -0.7600591047033157, -0.49066039706415954, -0.13413182449223612, -0.14294145676377004, 0.6413346128058343, 0.05083553529269649, 0.35038529406867824, -0.04876410107814312], [-0.7523153947439402, -0.10236170875994556, -0.5340935372549577, 0.4290183252635738, -0.22561457596476042, -0.12334653285919897, 0.5531614647521209, 0.5582377380043279, -0.146751937263096, -0.08544598681444031, 0.4659749856551883, -0.02368641227389144], [0.18815345924596977, 0.13321106275403932, -0.4463582326710042, -0.10642700417160086, -0.41049209186387076, 0.3453287061930586, -0.6445986162205093, 0.5417878433736889, -0.5313317210476822, 0.6404272512285654, -0.10449804575964519, -0.1559441498515882]], "inverted": true, "swapped": true, "error_lsq": 0.049373778722516935, "error_max": 0.30125333234152685, "target": "752.xyz", "model": "26.xyz", "model_rescale": 3.795458400668931, "target_rescale": 3.928710419238414},
{"mapping": [5, 0, 6, 8, 2, 7, 3, 4, 11, 10, 1, 9, 12], "R": [[-0.8790549315085108, -0.09176367053395638, -0.46780536140653983], [0.013039532275838192, -0.9855601825301983, 0.16882267978287221], [-0.47654212614268976, 0.1423044461047452, 0.8675580940952755]], "T": [0.22239102004730799, 0.1429333416553364, -0.01612951480196454], "aligned_model": [[-0.20878267084498242, -0.011170174054005444, 0.19657648066845015, 0.4927650925635914, 0.5688721629888999, -0.5565740390486686, -0.2210037140877863, -0.08394335628575084, 0.3478731714176485, -0.36328932928243923, 0.64744237737691, 0.4512659431953807, 0.07627378673187371], [-0.09999491225041496, -0.4616203698021401, -0.552740839983616, 0.025570213607109704, -0.1297581060875711, -0.08713196030252565, 0.17566866152385574, 0.8992106367917578, 0.7570158308450352, 0.4871117426418021, -0.26833090147176153, 0.318031663141982, 0.06612215433226087], [-0.583523187322955, 0.5046748348974914, -0.45947813861114906, -0.6823693118659553, 0.7457268403024395, 0.006040107929500847, 0.5732821133682235, 0.16571405911352868, -0.36070391589901185, -0.23108575502917222, -0.03950121796171711, 0.3021960064525076, -0.031242374400883385]], "inverted": true, "swapped": false, "error_lsq": 0.056505486460800954, "error_max": 0.36393496303332185, "target": "752.xyz", "model": "27.xyz", "model_rescale": 3.6321398670334006, "target_rescale": 3.928710419238414},
{"mapping": [9, 8, 10, 11, 3, 12, 7, 4, 13, 6, 0, 1, 14], "R": [[-0.9263792703387382, -0.3708927053037529, -0.0652690480942572], [0.3763203428059884, -0.91828244186595, -0.123046156181702], [-0.014298499118801062, -0.13854947893504294, 0.9902522884648023]], "T": [0.1732007410875383, 0.04090201116667077, 0.005894279431877739], "aligned_model": [[-0.12709960256891584, -0.07992636694573002, 0.24574151740046757, 0.530867004167348, 0.4304231001857642, -0.6455952223516468, -0.25269205382935767, -0.03974858858654967, 0.2303001248260092, -0.3374441235254348, 0.6626014744333266, 0.5206998761451338, 0.19817859198870708], [-0.03045168030987145, -0.3661609521185201, -0.6303856675355525, -0.006143489798206593, -0.0583816994493517, -0.04884560977527149, 0.04255013900505051, 0.7411306510522926, 0.5872729006979579, 0.5781698421275142, -0.34318372601718744, 0.5671345396764363, 0.09644856543048466], [-0.5868118159752094, 0.19891248296397093, -0.37982883523861305, -0.5255070769007922, 0.6348135769164678, 0.07680454421002995, 0.6535824720958785, 0.39422363350431994, -0.5980062449622703, -0.2275420870575691, 0.05464633490016727, 0.22858436277360694, -0.014141286257139356]], "inverted": false, "swapped": false, "error_lsq": 0.03748581407548481, "error_max": 0.2551950279085907, "target": "752.xyz", "model": "28.xyz", "model_rescale": 4.156811204709835, "target_rescale": 3.928710419238414},
