[{"mapping": [6, 4, 7, 9, 2, 8, 3, 5, 0, 12, 11, 11, 1, 13], "R": [[0.3125630256686597, -0.9446008444059799, -0.1001678577806437], [-0.7909983083151619, -0.2004385517077873, -0.5780536854236267], [0.5259524990219223, 0.2599108149669712, -0.8098273501406335]], "T": [0.09877772267596421, -0.06903927367076289, 0.11146006072423652], "aligned_model": [[-0.29855094266310644, -0.44316720997818015, -0.39529720425858994, 0.17372969583857523, 0.32694918377680904, -0.6751173426023724, 0.2486643719471344, -0.15233395703316674, 0.7765592490978729, 0.372695115772238, -0.4332272395982657, -0.4332272395982657, 0.5798600431674807, -0.016939329753052096], [0.5399408851491181, 0.11058614424832931, -0.43631465234096845, -0.6504501200945033, 0.21132879290838957, -0.04063843541565111, 0.4172799002074067, 0.32327453994941596, -0.21743846562091118, -0.5457838219391604, -0.3435181365521766, -0.3435181365521766, -0.011623893276118027, -0.16812906205106387], [-0.12480119731702317, -0.6549827785136072, -0.32716648347109745, -0.3279563717678674, -0.5672075876806933, 0.007253765583556643, -0.00782094902353643, 0.7076429658783916, -0.22618223054028747, 0.2925779931034158, 0.47019940173690317, 0.47019940173690317, 0.42500015134680413, 0.053748364584834354]], "inverted": false, "swapped": false, "error_lsq": 0.05784709223855999, "error_max": 0.41957833784234355, "target": "753.xyz", "model": "0.xyz", "model_rescale": 3.8414455957264533, "target_rescale": 3.8870384228954937},
{"mapping": [5, 2, 7, 9, 6, 4, 10, 1, 8, 13, 11, 0, 12, 14], "R": [[0.7866238758544528, 0.614362097529797, -0.06149870774664293], [0.289800610743167, -0.455327680160099, -0.8418386482532804], [-0.5451958216536571, 0.6443880172681761, -0.536214135632942]], "T": [-0.06970000507779013, -0.07601318550355828, -0.02191963618622362], "aligned_model": [[-0.13178296202138542, -0.4122651013349435, -0.42277367952461337, 0.12204964996526572, 0.23536800211663278, -0.6050533711640224, 0.33778558198320047, -0.42182655343584546, 0.7042018048062144, 0.2379569795442958, 0.1021169560517081, -0.5451248341360825, 0.5071295501057416, -0.07718482884105476], [0.5346492468326361, 0.11512238363320394, -0.5407385759006961, -0.5719880161923739, 0.25387987047889155, 0.007974174591663594, 0.4683936074614432, 0.24362650434567779, -0.22956534669174916, -0.7164634603905286, -0.21809410206834623, -0.5041896388131584, 0.020981552591678068, -0.018592661258411546], [-0.26183604907387104, -0.6469964927850933, -0.29085140089238165, -0.4494131649179592, -0.660771149751486, -0.06839685224492267, 0.0552687082804899, 0.7008080122286328, -0.06434745669669809, 0.2426888025487865, 0.8006114253222815, 0.3188934009078294, 0.4681305948265557, 0.04671606790453261]], "inverted": false, "swapped": false, "error_lsq": 0.04676500114019805, "error_max": 0.34260347016572557, "target": "753.xyz", "model": "1.xyz", "model_rescale": 4.316132596720782, "target_rescale": 3.8870384228954937},
{"mapping": [0, 5, 1, 8, 4, 6, 3, 12, 2, 7, 11, 13], "R": [[-0.8667720254960515, -0.37961788263501184, 0.323413850972995], [0.49421964595054724, -0.7406377608987115, 0.4551951764764857], [0.06673228134859457, 0.5543879240339328, 0.8295787077254083]], "T": [-0.05278788576112288, 0.03340606270389271, 0.02069298993202543], "aligned_model": [[-0.13051885881549524, 0.4443939595432049, 0.11412359590622524, -0.5976574414427148, -0.4927698749317904, -0.4412237621694015, -0.2691126239802889, -0.25993141972042566, 0.46588937779349776, 0.1053772789359685, 0.6248236466554097, 0.03441467685759135], [-0.7094071204867451, -0.38320850953649577, -0.5435700877409668, 0.37407624121263194, -0.2965156128573381, -0.04862419674663146, 0.39390725192138987, 0.6635519712608157, 0.10634657823218924, -0.03519592961608067, 0.32542231271802724, 0.16599352938018444], [0.12610794004288478, 0.002124344750271484, -0.49011338117299935, -0.017699731351863736, -0.5268587001799188, 0.42019998057745794, -0.6648518955973857, 0.44786122217282776, -0.6079109101296862, 0.7347800400919553, -0.03572382799268994, 0.06134337999856728]], "inverted": false, "swapped": true, "error_lsq": 0.04435924264110786, "error_max": 0.2914884387071286, "target": "753.xyz", "model": "2.xyz", "model_rescale": 3.795458400668931, "target_rescale": 3.8870384228954937},
{"mapping": [11, 9, 12, 4, 5, 0, 8, 2, 3, 1, 7, 13], "R": [[-0.5817507547214519, -0.2099578048232613, -0.7858013613979162], [-0.464617135209069, 0.8787558106252842, 0.10917482751265187], [0.6676054051991633, 0.42860931567815574, -0.6087668498388887]], "T": [-0.048425134352662456, 0.0878129887404987, 0.09899321140460242], "aligned_model": [[0.07759090668590865, -0.19564985993831283, -0.7700965188854074, 0.4099590372771387, 0.33455460933747605, 0.20461543551778397, -0.36396883599239543, 0.5942691497298362, 0.2569961257988313, 0.7014445817310611, -0.5390083902868569, -0.11740241523149833], [-0.11486357667942579, -0.5438632109382708, -0.22377606488105045, 0.016585632392217886, 0.4756932713085598, 0.7544338558036373, -0.27309826492764677, -0.2622960696177462, -0.6090830709673133, 0.30530080235227397, 0.5517400514168899, 0.008995690027584172], [-0.6014751345693595, -0.16681105522109035, 0.03140857722101646, 0.7211314042934893, -0.2531114406593845, 0.3449869727000699, 0.5286305510442071, -0.26687150426230216, 0.35934494594761074, 0.20889557483200405, -0.19038978290138397, -0.026967677785776592]], "inverted": false, "swapped": true, "error_lsq": 0.050081650703205555, "error_max": 0.24667165487904688, "target": "753.xyz", "model": "3.xyz", "model_rescale": 3.7530521520055578, "target_rescale": 3.8870384228954937},
{"mapping": [2, 10, 9, 12, 3, 7, 4, 5, 0, 6, 13], "R": [[-0.9852690915806818, 0.1221380160572269, -0.1196959573644106], [-0.00794800478760134, -0.7318793762201874, -0.6813878542236028], [-0.17082636329230474, -0.6703990481028103, 0.7220688816914711]], "T": [-0.06507893190993504, -0.039518915652474375, 0.08788311056826001], "aligned_model": [[-0.4789986218559718, -0.06594557575354125, 0.2365314878948787, 0.5339568630067157, 0.26232672542044516, -0.16053945998951086, 0.011466816046777475, -0.7124348855489333, -0.46442105107521475, 0.22065196319429292, -0.04439465889473298], [-0.7002394534198666, 0.26807166642239527, -0.3628353454085989, 0.24517143024139174, -0.7738138481212807, 0.6597058496416431, -0.4679625696516525, 0.005419117301607636, 0.23723359832740307, 0.3923154100003608, -0.03586249701905659], [-0.1603267743158477, -0.6561283113193341, -0.45602817827921593, -0.33940196023496605, 0.10647820580992381, -0.11611390670942703, 0.7303954450504347, 0.0842601049782207, 0.6648231064665024, 0.3094552204829678, -0.07458217468394193]], "inverted": true, "swapped": true, "error_lsq": 0.04658734988191468, "error_max": 0.2703468933716529, "target": "753.xyz", "model": "4.xyz", "model_rescale": 3.7855080009869324, "target_rescale": 3.8870384228954937},
{"mapping": [7, 4, 1, 2, 5, 6, 10, 8, 9, 14, 13, 12, 15, 16], "R": [[0.7917992862755534, 0.07880352138352187, -0.6056763948438815], [-0.22461687533142144, 0.9597201406336111, -0.16877354940437417], [0.567979884828568, 0.2696799152324082, 0.7776063231162464]], "T": [-0.05586657457301833, -0.11225276370268325, -0.014385706371021585], "aligned_model": [[-0.2485863033660557, -0.5697754649986643, -0.4744931034746446, 0.31423436312472564, 0.13168353170157884, -0.629235466062989, 0.4196519651982332, -0.03214374210823953, 0.6484695494395364, 0.2963563207045682, -0.3495876218327679, -0.29874300837817647, 0.44042470233755227, -0.017658528169545745], [0.5807802252054546, 0.09625528249700768, -0.5760715900581878, -0.6670154982994203, 0.3052136485743976, 0.17394820328815216, 0.439693572224403, 0.3564691555974754, -0.216287020422833, -0.6073068964824739, -0.2001222507143719, -0.7058760863889938, 0.0132495421006322, -0.1479347485013111], [-0.22398974806607025, -0.503694229571688, -0.4418525057921559, -0.33226821893925423, -0.6819559250568114, 0.10976818536031212, -0.00018589423263524855, 0.5100633984533112, -0.01315400482452221, 0.28320098048306636, 0.6420246367256859, 0.21296347809003147, 0.6315726873250296, -0.0019883942976028583]], "inverted": false, "swapped": false, "error_lsq": 0.04760300151672135, "error_max": 0.26621735947311315, "target": "753.xyz", "model": "5.xyz", "model_rescale": 4.2253639853439635, "target_rescale": 3.8870384228954937},
{"mapping": [0, 4, 2, 10, 1, 3, 9, 12, 8, 5, 11, 6, 11, 13], "R": [[0.2992666869741187, -0.9467184437193428, 0.11901108515243734], [-0.8400011609008371, -0.20223971474817015, 0.5034850022233285], [-0.4525897698278002, -0.250645738244648, -0.8557682011777573]], "T": [-0.032381881316964505, -0.03851545706220785, -0.04035860129031298], "aligned_model": [[-0.2963990793848826, -0.3885778445382991, -0.33665036364474954, 0.2920572920190172, 0.22577084153493093, -0.7411248053090141, 0.34366886770451, -0.09675332581009471, 0.7012876467739626, 0.1357023489213264, 0.16646362986804913, -0.4483304823853477, 0.16646362986804913, -0.0929811615023464], [0.7037773328024752, -0.06870770011742197, -0.6021358706473097, -0.5719002479175698, 0.1940342256475384, -0.040440160924198464, 0.44159805598315094, 0.395643853479145, -0.12557118455038513, -0.6298373312554372, -0.25156776356805055, -0.30430259441225216, -0.25156776356805055, -0.044027312331702914], [-0.18988780434400027, -0.651197513320847, -0.24016934196592768, -0.5080682997982505, -0.6868751120725323, -0.06661190402702481, -0.014411034217170486, 0.7834774107127778, -0.03645995267423647, 0.11072878764897864, 0.6811834738427313, 0.3720270519659963, 0.6811834738427313, -0.044414789936529246]], "inverted": true, "swapped": false, "error_lsq": 0.051264981310025645, "error_max": 0.3822650827743856, "target": "753.xyz", "model": "6.xyz", "model_rescale": 3.89814844738969, "target_rescale": 3.8870384228954937},
{"mapping": [11, 10, 12, 2, 8, 7, 5, 3, 1, 0, 6, 4, 13], "R": [[-0.909678090659165, 0.3949855743020381, -0.12834394207747002], [-0.3000862665448328, -0.8387541494183366, -0.45435636835495835], [-0.2871132250626562, -0.3748037792322965, 0.8815260195066896]], "T": [-0.041055163334582936, 0.12130020324546528, -0.004301574293121668], "aligned_model": [[-0.20891668644680178, 0.04866290678110413, 0.5649484859826601, -0.259768871366723, 0.5589592666771902, -0.22739261743073508, -0.6704447743462751, 0.41220496933884543, -0.5761419270352165, -0.5947619977551021, 0.10449054498597136, -0.014126034157877151, 0.010918535677181707], [-0.29746372442568925, 0.1934619062296107, 0.4112205788880491, -0.6637742044569828, 0.232708918659991, 0.6867989053892025, 0.0015819415432934136, -0.4721665531579914, -0.23749641053769857, 0.4433586728777038, 0.6551163862575231, -0.07299062348752078, 0.08342547169099476], [-0.59087895062196, -0.8011133900118979, -0.4180294572903374, -0.07718349246436346, 0.2005978795586305, -0.43457165105276724, -0.10744486807757195, 0.294164087117333, 0.4502654888627569, 0.39396080737857325, 0.10093130395822564, 0.7465454226332502, -0.15496814915357587]], "inverted": true, "swapped": true, "error_lsq": 0.05079618247044325, "error_max": 0.29388816720897143, "target": "753.xyz", "model": "7.xyz", "model_rescale": 3.7474275329858107, "target_rescale": 3.8870384228954937},
{"mapping": [11, 13, 1, 2, 4, 12, 9, 7, 8, 3, 6, 0, 5, 14], "R": [[0.2497400903329083, -0.9431964172889092, 0.2191127693537667], [0.07720569925507462, 0.24495843603859543, 0.9664546779937799], [-0.9652301110528236, -0.22444572401115484, 0.13399608087575818]], "T": [-0.13097941216273373, -0.06450393122484362, 0.019382391223357776], "aligned_model": [[-0.28664856764208796, -0.32688523776550427, -0.45373704428538864, 0.19440620172181244, 0.2772230728221002, -0.6632871629214909, 0.30314243025407156, -0.049089530992631344, 0.5283859624485143, 0.2773908395969413, -0.06673057711180028, -0.38977126021300096, 0.414761691388377, -0.12856362318480052], [0.5335917115693457, 0.28672417380596, -0.6790310027044334, -0.657025789998674, -0.024828552653594335, 0.14020231214677503, 0.5448059538450816, 0.3134898487195797, -0.07850655905788213, -0.5712858489324941, -0.30073113519350786, -0.5704593891345147, -0.01092763905338913, -0.0810225447383218], [0.08667779740251039, -0.7845899680178892, -0.26869018535266587, -0.4822465004904554, -0.6469676980187467, -0.21596082878985656, 0.16297950115636384, 0.5800002482429953, -0.1545473216898263, 0.32028164736552295, 0.7984888625721007, 0.3529226311062004, 0.4801618317736742, -0.038005571603231814]], "inverted": false, "swapped": false, "error_lsq": 0.05029802313234295, "error_max": 0.37730628751965933, "target": "753.xyz", "model": "8.xyz", "model_rescale": 4.019505241142653, "target_rescale": 3.8870384228954937},
{"mapping": [5, 7, 11, 2, 1, 3, 9, 0, 4, 6, 12, 8, 13], "R": [[-0.2684132462423906, 0.6441938519382204, 0.7162182700592187], [-0.655009496899519, 0.4231201393966265, -0.6260446522480794], [-0.7063404902828813, -0.6371684461443281, 0.3083820406978356]], "T": [-0.0446939760851581, -0.061662552784030475, 0.0568524744683986], "aligned_model": [[-0.25482784833654104, -0.7654303100746704, -0.058074594903852056, 0.44875538549975535, 0.2316885680256138, 0.7450081420845367, 0.271143891363392, -0.3367790895489483, 0.469446797691937, -0.3555071847235275, -0.2190827342357209, 0.20753622454356022, -0.06417647564435892], [-0.5536573890263518, 0.07728446351005148, 0.05039227439623585, -0.3070434481592147, -0.7956282624496784, 0.08981997729058312, 0.4709915033428615, -0.6960527984662431, -0.4556974969752217, 0.073427020260886, 0.7020884451561595, 0.3513541745014351, 0.056099764732555624], [-0.3104173453244553, 0.027261404694423494, -0.6745013463506214, -0.5479493355844083, -0.02433309076275557, 0.06921764769180698, -0.27158008664259614, 0.34174042380421954, 0.4842177089462264, 0.5067004329072707, 0.1503296510623639, 0.48136409168825056, -0.05534666208584613]], "inverted": true, "swapped": true, "error_lsq": 0.05075088389021845, "error_max": 0.3714741066492988, "target": "753.xyz", "model": "9.xyz", "model_rescale": 3.877068213659057, "target_rescale": 3.8870384228954937},
{"mapping": [12, 0, 8, 7, 1, 11, 3, 6, 4, 2, 14, 9, 13, 15], "R": [[-0.1752503581216969, -0.9357831655701893, 0.3059365604396647], [0.9709162138406912, -0.21575842168991152, -0.10377865469900759], [0.16312270743055524, 0.278851520536134, 0.9463787887601938]], "T": [-0.01854111966428395, -0.028081200983604115, 0.07252740660800484], "aligned_model": [[-0.34134776532125344, -0.4477044902568731, -0.38827608599818986, 0.31333078363825784, 0.17939292968328494, -0.7384164989514178, 0.4252451223346403, -0.05104814925742417, 0.6196575909849433, 0.2450554223975408, -0.17329732550570456, -0.3451405462051492, 0.4013769286685862, -0.06823072209612993], [0.6302403175747908, 0.22095276665950925, -0.5525575652194064, -0.5755782575483439, -0.032557856991765666, 0.04349949112059194, 0.4255556957784718, 0.43092449021029416, -0.1354621702535756, -0.6104876859732936, -0.3514388930562598, -0.5660830910337825, -0.0861132728595875, 0.004101570212287804], [-0.07101305262281503, -0.550021322356505, -0.35589240366710084, -0.43382679972201343, -0.7722854021628454, -0.07345519193645673, 0.07788278117668804, 0.48309000062198737, -0.12562004583404945, 0.2505018632148681, 0.7660775968391075, 0.27135417740426054, 0.7190098946011175, 0.004702350100453154]], "inverted": false, "swapped": false, "error_lsq": 0.036924203324479675, "error_max": 0.21064582339079607, "target": "753.xyz", "model": "10.xyz", "model_rescale": 4.260839863003843, "target_rescale": 3.8870384228954937},
{"mapping": [7, 0, 1, 5, 2, 11, 10, 6, 4, 3, 9, 13], "R": [[0.7568560351718394, 0.550770638684851, 0.3518815789248494], [0.2231841515931107, -0.723821713863126, 0.6528942954398594], [0.6142945356273544, -0.41561259617933677, -0.6707521102430053]], "T": [0.14558605453562654, 0.00429836336804173, -0.013088963093380986], "aligned_model": [[0.4806491835678285, 0.1784470067173199, -0.3835707587582883, -0.2925961083128913, -0.6420686122015002, -0.36316501233688425, 0.16268189490004886, 0.6858421960907956, 0.07979107905948585, -0.09042452154824468, 0.020163216533814227, 0.1231490853826461], [0.09668363551401149, -0.7029796906594621, -0.5706088371218517, -0.24627975441964828, 0.1272410160787313, 0.46927097280316543, 0.6618199031437647, -0.12469376078567046, -0.5207009100731136, 0.17476549043576745, 0.6473386299002478, 0.16122181071699185], [-0.6602677860887749, -0.2730961805190563, 0.09254648278320698, -0.420899314524678, 0.1712328094092781, -0.2825078950787255, -0.47735060282372216, -0.10637112933855414, 0.5546187964383231, 0.7365571243600177, 0.23613017049504503, -0.05441439771685524]], "inverted": false, "swapped": true, "error_lsq": 0.04524463804057485, "error_max": 0.2589130690435945, "target": "753.xyz", "model": "11.xyz", "model_rescale": 3.890672605050136, "target_rescale": 3.8870384228954937},
{"mapping": [3, 3, 8, 5, 7, 0, 4, 2, 12, 9, 11, 6, 10, 13], "R": [[-0.12375761050988954, 0.3978557596787506, 0.9090626206875558], [0.9829165541242271, 0.17491880688136857, 0.05725782590837725], [-0.13623179316678627, 0.9006187903267635, -0.41270654591479294]], "T": [-0.12997030128687415, -0.20057650313853836, 0.1427575090698521], "aligned_model": [[-0.38618841130467485, -0.38618841130467485, -0.5018709070903544, 0.2768407236060814, 0.2781626520687062, -0.5922180102427377, 0.008570182050266911, 0.018834778609965103, 0.5860549172423827, 0.2650254390451263, -0.0015305150535163958, -0.5060133899036626, 0.5986557963930914, -0.027537650000887287], [0.4028117968315953, 0.4028117968315953, -0.3576219640766254, -0.6324787956911311, -0.014171294880594404, 0.14895744853962134, 0.48633299440091315, 0.26418952737291157, -0.1239976573584319, -0.858956717761547, -0.2694944808205093, -0.6177885186165893, 0.1196379174499434, -0.10523651360122073], [-0.5078867835817421, -0.5078867835817421, -0.4540822587404716, -0.3601712945877007, -0.5822561190751403, 0.029410202368188865, 0.1471072782535089, 0.6598781127458353, -0.04849027145109788, 0.2705631197993395, 0.6733380378869288, 0.2715366750317657, 0.5503200675432848, 0.04912446304573931]], "inverted": false, "swapped": false, "error_lsq": 0.060952140054232544, "error_max": 0.353906547803627, "target": "753.xyz", "model": "12.xyz", "model_rescale": 4.124412569039231, "target_rescale": 3.8870384228954937},
{"mapping": [6, 0, 5, 8, 7, 12, 4, 9, 1, 3, 11, 2, 13], "R": [[0.7583486083239006, 0.2699568768176698, -0.59332172799591], [0.6475250140827736, -0.20731073454574084, 0.7333032220570214], [0.07495828433406732, -0.9402901382025416, -0.3320176374964714]], "T": [0.0980305755029199, 0.07418615892378626, 0.07283852289007588], "aligned_model": [[-0.162817176958982, -0.015905561012235267, 0.5260969783041886, -0.3992806990769186, 0.4504916449405285, 0.08560947732764403, -0.5119628984019413, 0.2410757314721425, 0.05280933010778967, -0.273650862055352, 0.75424023327389, 0.4150788925349748, 0.20551321705402856], [-0.16928782092092137, 0.5982601975761932, 0.5425144485626362, -0.31396405511669506, -0.21480257228906596, -0.7146235598915998, 0.5264039721137095, -0.3416170880160096, 0.8550773326972159, 0.09791948971106894, 0.03498258186718255, 0.47989607600628, -0.03327362579151717], [0.5086092198114164, 0.603207073812185, 0.2089636550438253, -0.05535629680837802, 0.6489456966372191, 0.0823228357498761, -0.08732491666888532, -0.4730438750757031, -0.026398986871665767, -0.6399159424433316, -0.266963921296282, -0.5630617157911931, 0.011715254868756186]], "inverted": true, "swapped": true, "error_lsq": 0.047476626129114415, "error_max": 0.31261954519863305, "target": "753.xyz", "model": "13.xyz", "model_rescale": 3.9028299243045295, "target_rescale": 3.8870384228954937},
{"mapping": [13, 10, 7, 9, 14, 4, 12, 8, 11, 6, 2, 3, 1, 15], "R": [[-0.03411374542530493, 0.9670786388607364, -0.2521808054399125], [0.9955619800907126, 0.055026432603026365, 0.0763441910877593], [0.08770744649639048, -0.24845723570516137, -0.9646638823211082]], "T": [-0.100482778170394, -0.047580265466463295, 0.1343246879955211], "aligned_model": [[-0.05300226071758567, -0.4112553306608323, -0.3987329783406135, 0.20892630331647324, 0.28385999794812555, -0.7671026408701387, 0.31714548589288294, -0.2519458270787345, 0.5934321080632292, 0.13215910161594543, 0.024581278860266065, -0.43992403014107806, 0.47585675733192045, -0.0834007711047485], [0.6258973192385364, 0.02723195741910775, -0.6380848172578341, -0.5182639999938767, 0.15051932863789266, -0.06901718397921805, 0.5059390599784518, 0.49488735746564394, -0.029299715182860585, -0.6698571842877804, -0.12283786966649074, -0.5292651741326289, -0.25756770196024503, -0.1252858376587676], [-0.28618083534224376, -0.5388589080423442, -0.4845284030117605, -0.39818662531945703, -0.6377425591042064, 0.013818708635326638, 0.19300414245264788, 0.6628083513602486, -0.1186666962108045, 0.18961894014674757, 0.8560206379667595, 0.33791430084940266, 0.34865334234335343, 0.05283004893302699]], "inverted": false, "swapped": false, "error_lsq": 0.044325720424771745, "error_max": 0.25314730411186653, "target": "753.xyz", "model": "14.xyz", "model_rescale": 3.942246331269136, "target_rescale": 3.8870384228954937},
{"mapping": [8, 13, 4, 3, 12, 11, 0, 7, 1, 5, 9, 10, 2, 14], "R": [[-0.3961078711232684, -0.4378527418205206, -0.8070833481831013], [-0.9048150513224269, 0.33569048715545047, 0.2619572860863591], [0.15623148637386244, 0.8340245040246657, -0.5291453952854779]], "T": [-0.11226545326382156, -0.12160404004438286, 0.02105563087727516], "aligned_model": [[-0.2778930752588211, -0.39060433774554026, -0.4032932438506597, 0.23865353156667693, 0.24827203513837462, -0.7795107364854206, 0.37020421026877426, -0.024602129891115765, 0.6379566896385239, 0.3940222132959764, -0.21366241630636448, -0.5981391975692224, 0.45758504730400085, -0.028391395990071372], [0.6342208519509985, 0.018074686556709296, -0.5179364912116601, -0.6151626948478774, 0.03760460486434758, 0.08687164797270558, 0.41552992862394034, 0.38423729636746085, -0.1989206859935338, -0.4385972809316401, -0.3223276236723084, -0.5950451817462935, 0.028028845188270785, -0.0715823645011888], [0.032766726481146785, -0.729908526207393, -0.29814241137938735, -0.36598913507977027, -0.6950041326939722, -0.13842052464724172, 0.16043857940979142, 0.7047362523968349, -0.27530615535503444, 0.23545628878284813, 0.7940957365598162, 0.24191917694543716, 0.5063682366264358, 0.017494333817184765]], "inverted": false, "swapped": false, "error_lsq": 0.048050178544471, "error_max": 0.3089605863795534, "target": "753.xyz", "model": "15.xyz", "model_rescale": 4.355366556412066, "target_rescale": 3.8870384228954937},
{"mapping": [0, 5, 1, 8, 4, 6, 3, 12, 2, 7, 11, 13], "R": [[-0.8667720254960515, -0.37961788263501184, 0.323413850972995], [0.49421964595054724, -0.7406377608987115, 0.4551951764764857], [0.06673228134859457, 0.5543879240339328, 0.8295787077254083]], "T": [-0.05278788576112288, 0.03340606270389271, 0.02069298993202543], "aligned_model": [[-0.13051885881549524, 0.4443939595432049, 0.11412359590622524, -0.5976574414427148, -0.4927698749317904, -0.4412237621694015, -0.2691126239802889, -0.25993141972042566, 0.46588937779349776, 0.1053772789359685, 0.6248236466554097, 0.03441467685759135], [-0.7094071204867451, -0.38320850953649577, -0.5435700877409668, 0.37407624121263194, -0.2965156128573381, -0.04862419674663146, 0.39390725192138987, 0.6635519712608157, 0.10634657823218924, -0.03519592961608067, 0.32542231271802724, 0.16599352938018444], [0.12610794004288478, 0.002124344750271484, -0.49011338117299935, -0.017699731351863736, -0.5268587001799188, 0.42019998057745794, -0.6648518955973857, 0.44786122217282776, -0.6079109101296862, 0.7347800400919553, -0.03572382799268994, 0.06134337999856728]], "inverted": false, "swapped": true, "error_lsq": 0.04435924264110786, "error_max": 0.2914884387071286, "target": "753.xyz", "model": "16.xyz", "model_rescale": 3.795458400668931, "target_rescale": 3.8870384228954937},
{"mapping": [11, 10, 12, 2, 8, 7, 5, 3, 1, 0, 6, 4, 13], "R": [[-0.909678090659165, 0.3949855743020381, -0.12834394207747002], [-0.3000862665448328, -0.8387541494183366, -0.45435636835495835], [-0.2871132250626562, -0.3748037792322965, 0.8815260195066896]], "T": [-0.041055163334582936, 0.12130020324546528, -0.004301574293121668], "aligned_model": [[-0.20891668644680178, 0.04866290678110413, 0.5649484859826601, -0.259768871366723, 0.5589592666771902, -0.22739261743073508, -0.6704447743462751, 0.41220496933884543, -0.5761419270352165, -0.5947619977551021, 0.10449054498597136, -0.014126034157877151, 0.010918535677181707], [-0.29746372442568925, 0.1934619062296107, 0.4112205788880491, -0.6637742044569828, 0.232708918659991, 0.6867989053892025, 0.0015819415432934136, -0.4721665531579914, -0.23749641053769857, 0.4433586728777038, 0.6551163862575231, -0.07299062348752078, 0.08342547169099476], [-0.59087895062196, -0.8011133900118979, -0.4180294572903374, -0.07718349246436346, 0.2005978795586305, -0.43457165105276724, -0.10744486807757195, 0.294164087117333, 0.4502654888627569, 0.39396080737857325, 0.10093130395822564, 0.7465454226332502, -0.15496814915357587]], "inverted": true, "swapped": true, "error_lsq": 0.05079618247044325, "error_max": 0.29388816720897143, "target": "753.xyz", "model": "17.xyz", "model_rescale": 3.7474275329858107, "target_rescale": 3.8870384228954937},
{"mapping": [3, 11, 7, 12, 10, 1, 8, 0, 5, 9, 6, 2, 4, 13], "R": [[-0.36105677763821115, -0.6396975710913341, 0.6785462555061071], [-0.41277938600378083, -0.5428354290526802, -0.7313978913392727], [0.8362124023308034, -0.5441660725413158, -0.0680595598215743]], "T": [-0.06065377039148789, -0.07810019987802885, -0.034452503731633485], "aligned_model": [[-0.23029495773908348, -0.37330677265872036, -0.4798066233445287, 0.24230913000346438, 0.31820497342075144, -0.7095304248903046, 0.30577839351577657, -0.25597159807139214, 0.6469367043367468, 0.20182631546684826, 0.055044701555033965, -0.5109091300307935, 0.5228710349957327, -0.1025545524444196], [0.5326966606951578, 0.0011675640909919738, -0.6251756640346215, -0.5981831247195314, 0.20179351527066136, 0.16143846351537713, 0.5210043780824332, 0.3144660628947592, -0.15724613125865772, -0.6531277518008848, -0.4343965438946581, -0.3279080048631484, -0.0076991551355029275, -0.08383473022244496], [-0.2768122445684142, -0.6807507193988995, -0.3384896797734334, -0.4782589430563532, -0.5389967841676845, -0.024516065949381015, 0.11935134908017496, 0.6775061090429287, -0.16201260050981137, 0.18502798495354061, 0.6398364478981228, 0.4541157059323587, 0.551865086331613, 0.06263879984193495]], "inverted": false, "swapped": false, "error_lsq": 0.04166303208889433, "error_max": 0.2656891282999247, "target": "753.xyz", "model": "18.xyz", "model_rescale": 3.922800546911778, "target_rescale": 3.8870384228954937},
{"mapping": [9, 3, 12, 5, 0, 7, 2, 10, 1, 8, 4, 13, 6, 14], "R": [[-0.4213986826786292, -0.4050729533825153, -0.8113809540990489], [0.8012572770748259, 0.25273992021170794, -0.5423184568738333], [0.42474689660002485, -0.8786571772707183, 0.21806338220641647]], "T": [-0.013495980078719839, -0.14381982832453205, 0.05634442679577091], "aligned_model": [[-0.31836678820505554, -0.254662513364301, -0.4573151017355528, 0.2532353189121077, 0.27733151210847057, -0.7693387657246988, 0.18698081370798736, 0.03974396555826533, 0.7133776490564195, 0.1928991498127325, -0.08557655890795399, -0.5102793555403551, 0.4616277290578838, -0.09905986062083806], [0.608047104351753, 0.05264840343117741, -0.5860328150239424, -0.5796804902173388, 0.07515780293831992, 0.02364754701223809, 0.5358372460690011, 0.4337076934288136, -0.03355203338370849, -0.6961473552570658, -0.19278707699475453, -0.5136691496285856, -0.1730251163698562, -0.10915622173612088], [-0.01068610218419043, -0.5025725444252728, -0.4191409107412112, -0.5105890946498615, -0.6959260049450349, -0.14080369174304674, -0.04855685616879418, 0.6169049650691281, -0.030135424051961596, 0.21982533507346724, 0.7748663386436118, 0.3533823102653048, 0.5555160246251921, 0.02842010088936612]], "inverted": false, "swapped": false, "error_lsq": 0.042203572372090846, "error_max": 0.27714540120879133, "target": "753.xyz", "model": "19.xyz", "model_rescale": 3.9282355846067225, "target_rescale": 3.8870384228954937},
{"mapping": [2, 12, 9, 8, 7, 10, 5, 1, 6, 4, 0, 11, 3, 13], "R": [[-0.10122485069642817, 0.5097398179797786, -0.854352882342787], [0.6561448642645977, -0.611305741611972, -0.4424694423024366], [-0.7478151153197415, -0.6053681592536717, -0.2725838312540616]], "T": [0.049169469329142595, -0.11206170851747191, -0.06720912456108706], "aligned_model": [[-0.21065992294751598, -0.5086439540765422, -0.3189050963082849, 0.2830902502589431, 0.07893785259376766, -0.7682730927026943, 0.4670323762421178, -0.05539932341645573, 0.6879222320739741, 0.20493155671552116, -0.22162096529790257, -0.4247673599995575, 0.4478869224222263, -0.030934281442485334], [0.6676905912452985, -0.0811359672019197, -0.5527451332901668, -0.7911189792655476, 0.24486800268117134, 0.14332235912036226, 0.4247095883156864, 0.3413124924247771, -0.05394609568832917, -0.6011446377385483, -0.2396148484525509, -0.5694198579824263, -0.04759533998696988, -0.040186635560906084], [-0.010717990002728696, -0.7080539797796331, -0.4528826373918391, -0.3177762222047169, -0.5769274791463287, 0.026604439314537, 0.09076972899494916, 0.5201732022162153, -0.19155355623537718, 0.3014423441968466, 0.6748149486360272, 0.21487344535383235, 0.5677897329725395, 0.05194846873237291]], "inverted": false, "swapped": false, "error_lsq": 0.04721622976338854, "error_max": 0.2790743336631422, "target": "753.xyz", "model": "20.xyz", "model_rescale": 4.067790424073018, "target_rescale": 3.8870384228954937},
{"mapping": [3, 2, 8, 5, 6, 0, 11, 12, 13, 1, 9, 7, 10, 14], "R": [[-0.2725888408067843, 0.12533502031031662, 0.9539321026946446], [0.3374419435518754, -0.9160450019219538, 0.21678212376886719], [0.9010151267318136, 0.3809890905755965, 0.2074103523521269]], "T": [-0.03468891459792987, -0.09431577933379628, -0.10251849363413762], "aligned_model": [[-0.27763366125153044, -0.4995753165776824, -0.27781806443929724, 0.23899643574161575, 0.21621942808440067, -0.7407330968462847, 0.34008243606343724, -0.13935090484962598, 0.6490974103528621, 0.15373719486765716, -0.05236786151258332, -0.47545627185691475, 0.49116059962700764, 0.004238866712049795], [0.7178342899568495, 0.18529752287926496, -0.5968742659993284, -0.5439162247460606, 0.25856321635529855, -0.03235155162737996, 0.41014684507270827, 0.38495053084396547, -0.20228776496839507, -0.7606119309425116, -0.23251802396476937, -0.544846992191453, -0.11264778608078985, -0.08574232596746795], [-0.17417832670285652, -0.6118503756312881, -0.2186696051351366, -0.36976723423453683, -0.7025837573090428, -0.056474202794143974, 0.04945567943321033, 0.48600808913237975, 0.0018932739287650796, 0.33776566563337135, 0.6620974190199476, 0.2967429748607888, 0.5255205556865983, -0.03545571023136021]], "inverted": false, "swapped": false, "error_lsq": 0.03776879543857634, "error_max": 0.20480023467980946, "target": "753.xyz", "model": "21.xyz", "model_rescale": 4.186013935880536, "target_rescale": 3.8870384228954937},
{"mapping": [8, 9, 3, 0, 7, 4, 6, 12, 2, 11, 10, 5, 13], "R": [[-0.33043139793668164, 0.2611786502267296, -0.9069734306601014], [-0.5665062227370963, -0.8234837234599398, -0.030745028812812894], [-0.7549078028857283, 0.5036469694759385, 0.4200642085204896]], "T": [0.08914814368758403, -0.10921939639157688, 0.03468854004030207], "aligned_model": [[-0.09106250840602867, -0.33329298647101535, 0.26631496461058024, 0.6026819180884747, -0.32446575699957647, 0.7344941473005426, -0.058075906889500956, -0.6428090877726491, 0.3738068933040033, -0.17193473140442697, -0.6180768319052539, 0.36872968316048826, -0.047735761192412574], [-0.4140951671417823, 0.29558274414273633, 0.18935024810314946, -0.4603897978382089, -0.37656787345048937, -0.2780252700945054, -0.6511151380351041, -0.29660568387727504, 0.6522704248904132, 0.5501834592036746, 0.16419458578203758, 0.1634244169121293, -0.01925028905068213], [-0.5028873983747996, -0.35134328221010347, -0.6907060938099114, 0.46117213022642983, 0.5797491796508594, -0.3618949048591641, 0.07817777136766617, -0.19244577912637206, -0.05800414606586558, 0.2459640541148559, 0.30532361057179186, 0.5529566150172575, 0.03681780483270145]], "inverted": false, "swapped": true, "error_lsq": 0.05064896279725717, "error_max": 0.3308477306891182, "target": "753.xyz", "model": "22.xyz", "model_rescale": 4.166573947596378, "target_rescale": 3.8870384228954937},
{"mapping": [9, 14, 13, 6, 12, 10, 3, 8, 2, 1, 0, 7, 4, 15], "R": [[0.41738220458631836, -0.19306095848058702, -0.8879862395359639], [0.46959674242363547, -0.7907627994535699, 0.3926488182911844], [-0.7779916418572728, -0.5808800748096898, -0.2393895233491113]], "T": [0.013979554112479812, -0.0055220003207725465, -0.050900811413036734], "aligned_model": [[-0.1714270049476703, -0.5042463129228086, -0.6317995284827943, 0.4060927748380776, 0.1346239887077453, -0.7330691772549317, 0.4149267061501103, -0.19763524643993494, 0.6709598029728207, 0.34538579675876224, -0.010155294733794725, -0.4985418826625148, 0.37507336301538136, 0.030409209116663706], [0.5617990244266828, 0.10323771836170553, -0.4717668781476407, -0.555760602579217, 0.006798565193420834, -0.05571317072169618, 0.4080148994210483, 0.38402320106718046, -0.14509895925676725, -0.5861158703151947, -0.43164846909364385, -0.34342125739812673, 0.04096870392405935, -0.07032136626188015], [-0.11586564050591125, -0.6387707269112511, -0.3379517289840479, -0.4010326932572016, -0.6948530451197118, -0.0693472875048324, 0.1213062321156789, 0.625525720062457, -0.009615652691334992, 0.19644453688992827, 0.645223821479914, 0.31589002348184336, 0.5873024390921675, -0.03375155249100156]], "inverted": false, "swapped": false, "error_lsq": 0.04362995368335286, "error_max": 0.24078252418763704, "target": "753.xyz", "model": "23.xyz", "model_rescale": 4.274766983524099, "target_rescale": 3.8870384228954937},
{"mapping": [11, 5, 2, 9, 3, 8, 12, 6, 7, 0, 13], "R": [[0.5678962262779951, -0.585538270142283, -0.5784797406806872], [0.5448724323249589, -0.2593385688775289, 0.7974067589284898], [-0.6169342822955257, -0.7680419525594536, 0.17176626687789004]], "T": [-0.04071539740846238, 0.17001164791062012, 0.11992385022349261], "aligned_model": [[0.09402910491841393, 0.3601835361540019, -0.3184501466309534, -0.4082494700289267, -0.8277246576851811, -0.4728248925457696, -0.09212240403912444, 0.12501640716377627, 0.6099419414055809, 0.3395912278084923, -0.029495942562234957], [0.03911300041060364, 0.5813742345310078, 0.5183267250365038, -0.2716555648906231, 0.2276155033662396, -0.15271371085605784, -0.6101507158987354, -0.028768291603438856, -0.15077397433631023, 0.7149187975223377, 0.04830052796195604], [-0.595843709572492, -0.18200851154749614, -0.5663918947714384, -0.28156167606631266, -0.03508424615761224, 0.47141030985247273, 0.22560740680910712, 0.6201605279283304, 0.2356147309665967, 0.4768116618937522, 0.010851834686669767]], "inverted": true, "swapped": true, "error_lsq": 0.06379963543994238, "error_max": 0.43231531895377784, "target": "753.xyz", "model": "24.xyz", "model_rescale": 3.7841303162186577, "target_rescale": 3.8870384228954937},
{"mapping": [13, 12, 2, 4, 3, 9, 11, 10, 6, 1, 0, 8, 7, 15], "R": [[-0.938525709601181, 0.34408712757977356, 0.027812605981828047], [-0.3021644701800371, -0.7798687828883593, -0.5481800018580092], [-0.16693149905999555, -0.52288500658379, 0.8358978074570198]], "T": [-0.08582011645504345, -0.06497231066693866, 0.060671558477154025], "aligned_model": [[-0.07194855350444676, -0.516378266796917, -0.5329864740050957, 0.21035690958412467, 0.32251102817405347, -0.6676043075794826, 0.3816297248030505, -0.3115583582271422, 0.6122970009939077, 0.1179299183295926, 0.11010229071675184, -0.3148919617934006, 0.3137481683836259, -0.022609924963510428], [0.595329585410038, 0.17182927172340046, -0.5334878974982448, -0.5693969294340276, 0.09357121207331213, -0.0066860977971384405, 0.5437754839172426, 0.3817503923603809, -0.11665490021776177, -0.756516204736259, -0.40496086134461173, -0.5796665331415387, 0.08867403234636108, -0.06256501504122218], [-0.3586242595910659, -0.5170105307204875, -0.3257587994125407, -0.40251233166435996, -0.6154434578892587, 0.044222215842813634, 0.07922789592192661, 0.6562688872814441, -0.11817992321958073, 0.24312527782511376, 0.6830477671545888, 0.23976296157459404, 0.5501034200574794, 0.032275322496029504]], "inverted": true, "swapped": false, "error_lsq": 0.04924657386878414, "error_max": 0.3169783046182952, "target": "753.xyz", "model": "25.xyz", "model_rescale": 4.19342608120988, "target_rescale": 3.8870384228954937},
{"mapping": [0, 5, 1, 8, 4, 6, 3, 12, 2, 7, 11, 13], "R": [[-0.8667720254960515, -0.37961788263501184, 0.323413850972995], [0.49421964595054724, -0.7406377608987115, 0.4551951764764857], [0.06673228134859457, 0.5543879240339328, 0.8295787077254083]], "T": [-0.05278788576112288, 0.03340606270389271, 0.02069298993202543], "aligned_model": [[-0.13051885881549524, 0.4443939595432049, 0.11412359590622524, -0.5976574414427148, -0.4927698749317904, -0.4412237621694015, -0.2691126239802889, -0.25993141972042566, 0.46588937779349776, 0.1053772789359685, 0.6248236466554097, 0.03441467685759135], [-0.7094071204867451, -0.38320850953649577, -0.5435700877409668, 0.37407624121263194, -0.2965156128573381, -0.04862419674663146, 0.39390725192138987, 0.6635519712608157, 0.10634657823218924, -0.03519592961608067, 0.32542231271802724, 0.16599352938018444], [0.12610794004288478, 0.002124344750271484, -0.49011338117299935, -0.017699731351863736, -0.5268587001799188, 0.42019998057745794, -0.6648518955973857, 0.44786122217282776, -0.6079109101296862, 0.7347800400919553, -0.03572382799268994, 0.06134337999856728]], "inverted": false, "swapped": true, "error_lsq": 0.04435924264110786, "error_max": 0.2914884387071286, "target": "753.xyz", "model": "26.xyz", "model_rescale": 3.795458400668931, "target_rescale": 3.8870384228954937},
{"mapping": [10, 6, 12, 9, 3, 5, 7, 11, 0, 8, 2, 4, 13], "R": [[0.9209437534427285, 0.3442637671804377, 0.1826063021956039], [0.2647659141609813, -0.20893204956331, -0.9414066121308978], [-0.28593987775985125, 0.9153304634240073, -0.2835639769693487]], "T": [-0.08555353491146352, -0.02974161748027876, 0.05258952270258247], "aligned_model": [[-0.15895968006211825, 0.39042049457072237, 0.44564369532527487, -0.08141019744512276, -0.07207089132421049, -0.6435647851601981, 0.045774591520415145, -0.6150481710758994, -0.18580598800469794, 0.46942467006407046, -0.7699059894064848, -0.01738807802551516, -0.10743328815497946], [-0.7087758066874816, -0.19263751011552258, -0.4011684775335759, -0.03934236796408769, 0.6197670739588939, -0.17991072326278695, -0.7196215382645357, -0.32995134904415296, 0.019093452624234314, 0.20303944236255542, 0.27664673549954333, 0.6988176237210393, -0.1240750520372085], [-0.37366136690792157, 0.3058302787870167, -0.3972288835322854, -0.6482902869406922, -0.4214209918804028, 0.34784359625868144, 0.2681385565362744, -0.36827064864698583, 0.7985723794609255, -0.17593875664593733, -0.27494243129853346, 0.31104690544071145, -0.07954168853142485]], "inverted": false, "swapped": true, "error_lsq": 0.047983288702900466, "error_max": 0.36256808630577003, "target": "753.xyz", "model": "27.xyz", "model_rescale": 3.6321398670334006, "target_rescale": 3.8870384228954937},
