[{"mapping": [6, 8, 7, 1, 13, 2, 0, 5, 3, 9, 10, 4, 11, 14], "R": [[0.3862765402757432, -0.7369703949207786, -0.5546756452584827], [-0.10698703456217229, -0.6330896423603755, 0.7666493847722078], [-0.9161573057440491, -0.23679556952427092, -0.32339395384806047]], "T": [0.03367977766418983, 0.11768581850140973, 0.08802945614393082], "aligned_model": [[0.030519456171644525, 0.25289676538733125, -0.6182089331174071, -0.41944742770837634, -0.5226339774016697, -0.13394508870447425, -0.6818973281548162, 0.00810374801120757, -0.38303189892683964, 0.31173114989968725, 0.653757331477132, 0.16582280600408383, 0.7114858389189079, -0.003660340728107059], [-0.6088387959053837, -0.3703245598065968, -0.3536966160710798, -0.39283512773440715, 0.21133511691227364, 0.2176126423939992, 0.19962051959946536, 0.45606598650116387, 0.6819712769960354, -0.041299667896007655, 0.503350666331338, 0.7659966692722481, -0.10598732519752556, 0.07230254641451178], [0.3225061489478914, -0.24456724857562645, 0.2806885881585002, -0.368461481651296, 0.575471057622441, -0.5890354553312298, -0.2097397608390804, 0.6962950528432861, 0.18909466542491649, 0.6833161942274091, 0.35873836421473565, -0.0015896145585034271, 0.13343054780543806, 0.07144102889095165]], "inverted": true, "swapped": true, "error_lsq": 0.037224499035966765, "error_max": 0.20967993420735132, "target": "754.xyz", "model": "0.xyz", "model_rescale": 3.8414455957264533, "target_rescale": 4.2108254796162505},
{"mapping": [11, 0, 13, 12, 8, 10, 4, 1, 7, 5, 6, 2, 9, 1, 14], "R": [[0.05911415216219612, -0.15092313729585116, -0.986776430425313], [0.9774163999204426, -0.1921543185726941, 0.08794258934342136], [-0.20288592405760125, -0.969690117760639, 0.13615570989368014]], "T": [-0.02548585156579017, 0.004651223839802314, 0.048099939875223374], "aligned_model": [[0.17549175629633834, -0.2886078875123279, -0.5022965613683094, 0.2676034781258736, -0.1719869358840307, 0.5102359888594106, 0.025175464547765057, 0.5512209217330646, -0.5640167213437978, 0.4374426897380329, 0.025981088495650728, -0.10506094679569558, -0.6481458410516079, 0.5512209217330646, 0.05446477001626095], [-0.5055638201417596, -0.669118940240266, -0.17306667707861242, 0.06078852967868655, 0.48842819077611394, 0.3748458516508079, -0.28323110362065, -0.6364686571904267, -0.17182254944477332, 0.31464392781274586, 0.7490889145912792, 0.2802405951004087, 0.28213885026807345, -0.6364686571904267, -0.031451923720288606], [-0.6042450701945121, 0.0962448222827405, -0.513963130740611, -0.6542082485870184, -0.5591888514391348, -0.16246916432028052, 0.5067658656139753, -0.021703261682802982, 0.35107933154067733, 0.4001290212198634, 0.278731361093069, 0.72804334214174, 0.019730331732581652, -0.021703261682802982, 0.02890463023233332]], "inverted": false, "swapped": false, "error_lsq": 0.048997834502821275, "error_max": 0.4645787012621783, "target": "754.xyz", "model": "1.xyz", "model_rescale": 4.316132596720782, "target_rescale": 4.2108254796162505},
{"mapping": [8, 2, 1, 9, 6, 11, 13, 10, 0, 12, 3, 14], "R": [[0.3501415862758963, 0.12798977095445885, 0.9279113578845903], [-0.7113197319060414, -0.6081996670563234, 0.352303000262125], [0.6094465592333067, -0.7833975896845755, -0.12191434663353179]], "T": [-0.03165238701245553, 0.07946079486149939, -0.0373321553228128], "aligned_model": [[-0.20826922865775827, 0.5478944583572116, 0.1775928215124868, -0.645278951753952, -0.613591464078394, -0.5149500605965833, -0.029976343008081927, -0.2730425506005665, 0.5498394073749714, 0.2031377909241857, 0.43452018433028533, -0.03006750917202418], [-0.5089581751233646, -0.3053891326661482, -0.5951245796975484, 0.36294661184627275, -0.29187502380069635, -0.06802607855850241, 0.4924763280802809, 0.532420975855876, -0.04792414425705914, -0.1636960012148737, 0.5701405525806064, 0.03578509469613709], [0.10195313479150467, 0.0745443284138129, -0.4562484861381843, -0.044645269376330544, -0.36334433730575566, 0.4688130529789331, -0.6580332590891583, 0.5483936541304311, -0.5403935497319442, 0.6457652533185336, -0.2475638981572898, -0.0799821626251313]], "inverted": true, "swapped": true, "error_lsq": 0.037196195450115634, "error_max": 0.17850929530123683, "target": "754.xyz", "model": "2.xyz", "model_rescale": 3.795458400668931, "target_rescale": 4.2108254796162505},
{"mapping": [12, 4, 10, 13, 8, 6, 5, 2, 3, 7, 11, 14], "R": [[0.1323358777060803, 0.915906577643248, 0.3789490157021055], [0.06136020153502708, 0.3740083498415206, -0.9253932569002239], [-0.9893038669384359, 0.1457151168501607, -0.006705488945766183]], "T": [0.0892734049733469, 0.026483759391315278, 0.048494071198228], "aligned_model": [[-0.13048719479247667, -0.17641292784943208, -0.6696686371925608, 0.30030629609410997, 0.2077544141885484, 0.20438389542539706, -0.27230021995026765, 0.5106634043086402, 0.2190288089292131, 0.6873013930829328, -0.4290982679397619, 0.14183286143922233], [-0.11117945904463278, -0.5705332007448961, -0.13709097211185575, -0.1328407517909966, 0.4973719136066103, 0.7541124847684154, -0.20863928799404888, -0.21713510960251078, -0.604465444522674, 0.33500033929933, 0.423765688572445, 0.05740284485452364], [-0.6681842680213911, -0.08855277794656245, -0.012882995772413162, 0.7455846815366464, -0.3528254794196054, 0.24882713245658356, 0.5954163452593527, -0.4609965326794201, 0.3440401992854678, 0.529594764791627, -0.24300184382845025, 0.05175220497726541]], "inverted": true, "swapped": true, "error_lsq": 0.048039677584824414, "error_max": 0.21921277254618332, "target": "754.xyz", "model": "3.xyz", "model_rescale": 3.7530521520055578, "target_rescale": 4.2108254796162505},
{"mapping": [10, 2, 3, 0, 5, 1, 9, 8, 6, 7, 14], "R": [[-0.7179362647513121, 0.3091347711987847, 0.6237012209309915], [0.36822033461652176, 0.9290175391449427, -0.03660870300860325], [-0.5907463964594545, 0.20337675677655603, -0.7808050908345943]], "T": [-0.1422305178111815, -0.15714682693671228, -0.05602238296140791], "aligned_model": [[-0.42778460839915106, -0.222873051324647, 0.4538484979980287, 0.3822330133236132, 0.2339717870521239, -0.11474788784446777, -0.2080969900571481, -0.6314592393606204, -0.3107850514798387, 0.31699868967559436, -0.13310555713828218], [-0.8814174270240882, 0.23419598678401937, -0.36465743722595295, 0.3251830783893308, -0.6974457279128377, 0.6631565893150073, -0.5228160180572712, 0.22977185336318884, 0.19291556277973698, 0.38716504437947347, -0.09884814647626033], [-0.07621692927375003, -0.6364084133299123, -0.3783731703532124, -0.3718170363943011, 0.17133467308898728, -0.08223092010681565, 0.5086925022012216, 0.032181799927639226, 0.6011480781252947, 0.3648231394716184, -0.04030294611145364]], "inverted": true, "swapped": true, "error_lsq": 0.0473201869814811, "error_max": 0.22322290746753579, "target": "754.xyz", "model": "4.xyz", "model_rescale": 3.7855080009869324, "target_rescale": 4.2108254796162505},
{"mapping": [13, 8, 6, 12, 1, 2, 10, 15, 7, 3, 0, 5, 4, 14, 16], "R": [[0.8222572487153843, -0.5251794613524716, -0.219270495754752], [-0.5542079391260368, -0.6512940205435589, -0.5183335403134524], [0.12940856673604678, 0.5477249603384295, -0.8265898563844031]], "T": [0.03645160325246093, -0.07556858238080147, -0.05150871065036701], "aligned_model": [[-0.022695151468468615, -0.1701744085304735, -0.5565557010305652, 0.2782046357976119, -0.03830583083174561, 0.6235540034238914, 0.03200619833295284, 0.4232004433973335, -0.590762322741351, 0.39352248734742007, -0.05340846291005825, -0.19976235048933794, -0.5567929238454737, 0.6666965610687776, 0.0899950080691784], [-0.5740046167943795, -0.7419595184070281, -0.2036960701227405, 0.00931781308990931, 0.5717285723410334, 0.37240931031629354, -0.4000497865006678, -0.7920115358803973, -0.14062199512528312, 0.25848469954612807, 0.6796092184287059, 0.31539155173690303, 0.3660373806023147, -0.19901481611789082, -0.0786376758619884], [-0.573936523730267, 0.040896297873999385, -0.2923463157266515, -0.6819173353767155, -0.43689378888709923, -0.031204352834688545, 0.6009148179124123, 0.07676028682457885, 0.3531395519254579, 0.4417715281234277, 0.12200077322384971, 0.6166652084811995, -0.04473461355551636, -0.26422852415185155, -0.05473929289231837]], "inverted": false, "swapped": false, "error_lsq": 0.02642973155546552, "error_max": 0.17547728955344363, "target": "754.xyz", "model": "5.xyz", "model_rescale": 4.2253639853439635, "target_rescale": 4.2108254796162505},
{"mapping": [6, 11, 2, 1, 8, 4, 0, 7, 10, 9, 12, 3, 13, 14], "R": [[-0.7763413366675215, 0.5435309693942694, -0.3191680032374993], [-0.5513836555803544, -0.8309696436037838, -0.0739291266541541], [-0.3054016917768001, 0.11858978336402623, 0.9448101766712412]], "T": [0.008861184068261575, 0.025050670201876304, 0.028859450653313082], "aligned_model": [[0.5387397218500567, -0.20165821508641027, -0.41824357670024664, 0.19117859702530446, -0.08715816428603393, -0.44963537817097926, 0.1377681256872034, 0.7205819079319286, -0.32509850097837506, 0.35195485278896294, -0.7222012120936314, 0.010901491131172603, 0.5869507706862982, 0.039981732972533546], [-0.19003983521325424, 0.2383367133408183, -0.48740981725595806, -0.7756064640767384, -0.37767170807303485, 0.3607626180091356, -0.4629408276056061, -0.37129047353488953, 0.6984166018661523, 0.4955818803833118, -0.05199003598732656, 0.21304246632182233, 0.18332324851329795, -0.027415220052740247], [-0.4768995157700707, -0.6205269038318617, 0.25572093357316494, 0.03581583943189337, -0.4459307722991565, 0.37940004390018384, 0.6227261820578168, 0.1725436217404488, -0.17501823655316923, -0.314422307898023, -0.17235244594842852, 0.712186457540566, 0.4722742912018692, 0.026041021786215462]], "inverted": true, "swapped": true, "error_lsq": 0.03869917238209467, "error_max": 0.28616876904748745, "target": "754.xyz", "model": "6.xyz", "model_rescale": 3.89814844738969, "target_rescale": 4.2108254796162505},
{"mapping": [2, 12, 4, 1, 3, 11, 8, 0, 7, 9, 5, 13, 14], "R": [[0.12554159959668804, 0.3100718541267389, -0.9423877928162651], [0.34502239249921884, 0.8769629383333011, 0.3345079273558975], [0.9301606610929213, -0.3671395512175579, 0.003113597107898047]], "T": [-0.10977606607192944, 0.15545032657199764, -0.06558387382504134], "aligned_model": [[0.11958048242031874, -0.03721621800803905, 0.45972884229164457, -0.37730477278639696, 0.5473103507234107, -0.5558526930123717, -0.6011438767346485, 0.24647011262932364, -0.348214857433105, -0.42251845287019985, 0.14367681663212076, 0.1114730705404367, -0.1373570034882715], [-0.3559652771769273, 0.22065893158341, 0.4087387597335399, -0.6209212933896442, 0.11762397212294462, 0.582554582831291, -0.06539633269860853, -0.5050951037204915, -0.3364122348117623, 0.6725040986225069, 0.635547526798669, 0.10629388898992365, 0.10364974658563392], [-0.49260847992530554, -0.8214652342961012, -0.30497778764906147, -0.06166266415812293, 0.197261107818058, -0.4262909408371657, -0.3921037243189724, 0.1446512109716544, 0.5552993643927543, 0.23740597308933203, 0.37077678216939336, 0.644688583907047, -0.048699160327214476]], "inverted": false, "swapped": true, "error_lsq": 0.04350040495601269, "error_max": 0.24242755650737066, "target": "754.xyz", "model": "7.xyz", "model_rescale": 3.7474275329858107, "target_rescale": 4.2108254796162505},
{"mapping": [2, 8, 3, 1, 0, 12, 9, 4, 5, 11, 10, 7, 6, 13, 14], "R": [[0.6105870858178386, 0.7682038588874149, 0.19247400297953043], [-0.770926355148412, 0.6321841102523804, -0.07756162506027581], [-0.1812621459932111, -0.10102515496098433, 0.9782320545223637]], "T": [0.07854734633647983, -0.003681006892742311, -0.03055664523699279], "aligned_model": [[0.025664803527762584, -0.14874393937847413, -0.5728336355560892, 0.20267337537835362, -0.2429758427140193, 0.6200797254518136, -0.0004574131387523883, 0.3693798313528136, -0.5271976349077654, 0.3635081510601066, 0.04165640611701897, -0.21819117559728676, -0.6284412724371322, 0.9220567329402696, 0.11254407349107275], [-0.5748344484866179, -0.6382209225012015, -0.16499000543100475, 0.07338137389627945, 0.39194404248582926, 0.29013926966616854, -0.2560929403360079, -0.7261727926322169, -0.16964072609260156, 0.17377376190356392, 0.7274404085950741, 0.26982992178249054, 0.40083750881239183, -0.3144832961837964, -0.03992862422743823], [-0.6466545909172243, 0.0738851222421971, -0.2831764394017965, -0.7677512860417643, -0.44806939574164667, -0.06303658138051406, 0.6838570331903534, -0.10570936337635821, 0.31375695211635085, 0.49269004647981046, 0.1678467167130464, 0.5180922893466738, 0.028349736200336765, -0.02817329144307319, -0.06375923077657407]], "inverted": false, "swapped": false, "error_lsq": 0.041818800403219065, "error_max": 0.32697859304992744, "target": "754.xyz", "model": "8.xyz", "model_rescale": 4.019505241142653, "target_rescale": 4.2108254796162505},
{"mapping": [7, 9, 3, 0, 1, 2, 4, 6, 8, 11, 10, 12, 14], "R": [[0.7730053204932495, 0.23235334733482943, 0.5903174539783053], [0.053516450410214855, -0.9510801365534867, 0.30427382961551597], [0.6321382475571459, -0.20361359442753602, -0.7476247321615834]], "T": [-0.0362765480416635, -0.0235931938199136, -0.03242273714257039], "aligned_model": [[-0.19467482890324794, -0.6952998176739202, 0.07637290268807387, 0.4092546462769243, 0.37620555255, 0.6655227631788518, 0.16721243482904258, -0.4212069630738976, 0.1284885931372118, -0.2650354319165201, -0.3327169999820877, 0.4286659497479435, -0.0230880291171978], [-0.7600722345591088, 0.044516061588352356, 0.2220703929924912, -0.37435889757295254, -0.7331574191401097, -0.08601656618531087, 0.5803676267488114, -0.6098741338871939, -0.33316133741487675, 0.16906701525026605, 0.6602248258185606, 0.3669515106068615, -0.08317861613173197], [-0.37416304671777456, 0.1017588951178681, -0.6875871287020923, -0.5671149590410156, -0.005645808254628931, -0.023400006836223355, -0.23148021142528064, 0.26912420337597787, 0.4908848184655188, 0.6172413359746215, 0.19348174482775982, 0.42820404499187437, -0.03460038773272619]], "inverted": true, "swapped": true, "error_lsq": 0.04509932487416189, "error_max": 0.2547658280182115, "target": "754.xyz", "model": "9.xyz", "model_rescale": 3.877068213659057, "target_rescale": 4.2108254796162505},
{"mapping": [0, 5, 12, 11, 10, 9, 4, 1, 3, 2, 14, 13, 6, 8, 15], "R": [[0.9177801578521825, -0.2796823789342009, 0.28188179928212703], [0.07357092747975566, -0.5778142209140551, -0.812845646318692], [0.3902139163107741, 0.7667519110006767, -0.5097299348618036]], "T": [0.022132919972579747, -0.01878610098825254, 0.0521802748175591], "aligned_model": [[0.0835089334756357, -0.2891304424764642, -0.4759669316941945, 0.14023826187610133, -0.06803022640508319, 0.5120789181943365, 0.06880889677310162, 0.2751829300534227, -0.48105455253258483, 0.44964941361001615, 0.1145257640076833, -0.22175218322754547, -0.5340398895287803, 0.719992807862622, 0.024710485601425657], [-0.5405722522757185, -0.7342760822927626, -0.24513409587618212, 0.028014079565401053, 0.5305903167022608, 0.40586440833531856, -0.3487902189928595, -0.8486430337627912, -0.26496963050347, 0.2344223957890519, 0.7520442387189846, 0.4739935808847956, 0.23861088541835493, -0.16194090492230553, -0.07623115553716599], [-0.5459319495391051, 0.005440055602020127, -0.4566009538979679, -0.6748108857736146, -0.387441082921913, -0.07139224501339363, 0.6412552403649752, 0.06666384231851413, 0.3504375128479535, 0.4920330487968016, 0.13467691957669964, 0.5956200024174403, -0.016545066105629225, -0.24416616904974725, -0.017090552413216595]], "inverted": true, "swapped": false, "error_lsq": 0.02739426286811927, "error_max": 0.18494143389180887, "target": "754.xyz", "model": "10.xyz", "model_rescale": 4.260839863003843, "target_rescale": 4.2108254796162505},
{"mapping": [13, 1, 8, 6, 11, 9, 5, 3, 2, 12, 4, 14], "R": [[-0.2758340098382402, 0.20754434138005445, 0.9385312703249037], [-0.4598756348177225, -0.8859029093335458, 0.06074895666064345], [0.8440556850809992, -0.41485103542775376, 0.3398067375538134]], "T": [0.01662675177712095, 0.02341378016666725, -0.04084174578670158], "aligned_model": [[0.45971758389488954, 0.10041271580642244, -0.42255156827036733, -0.45307604460384826, -0.6548057028017918, -0.3579732864950555, 0.18477728344543012, 0.6801202688680652, 0.2767819601156117, -0.1968125143945014, 0.3229253150108304, 0.0193826385184454], [0.13731326842348437, -0.7910090010002576, -0.4035997438910213, -0.3116685138506096, 0.20358848225102724, 0.4057808446596422, 0.6062355019010423, 0.2717381596141033, -0.3989775438955207, 0.034029739286068075, 0.4526640388659786, -0.0330167268310029], [-0.6295283526398536, -0.10436593670199867, 0.10617062956020507, -0.5407682021252074, 0.12716874994735694, -0.4536679687215381, -0.38316695211924523, -0.06064659249503973, 0.45956328740200286, 0.6907351168150786, 0.3687015639708305, -0.06401726549708638]], "inverted": true, "swapped": true, "error_lsq": 0.04321334402228291, "error_max": 0.239303315787481, "target": "754.xyz", "model": "11.xyz", "model_rescale": 3.890672605050136, "target_rescale": 4.2108254796162505},
{"mapping": [13, 5, 9, 7, 6, 2, 4, 1, 0, 12, 11, 10, 8, 14], "R": [[0.6413189151509396, -0.530790478193609, 0.5540501036265782], [0.000657505291599525, 0.7224815341495506, 0.6913899048291807], [-0.7672741470663623, -0.44303713283641577, 0.4636900712455192]], "T": [0.04235864057224445, 0.0028702031102503444, 0.060395566559050914], "aligned_model": [[0.4744691249478563, 0.20653734164272325, 0.44180925605567, 0.7083018059288646, 0.6966058282821856, -0.405250919845067, -0.5076596895747009, 0.25335763672431855, 0.032038297531753496, -0.6049780465175756, 0.0015356435179561256, -0.2566679023170544, 0.09425745061289187, 0.07552000780387166], [-0.3206658484025638, 0.19531987331245465, 0.5043210848535722, -0.48368845637409896, 0.14539566313981075, -0.4255020196863749, 0.041388831767691, -0.5554356482837971, -0.7760249908505834, 0.22667487860063806, 0.6577126866647529, 0.6496791218113339, 0.10756184550272392, -0.03458450222779461], [-0.45386064651419017, -0.5885657466717519, -0.1539440471708704, 0.1240995963545465, 0.4271031245070077, 0.3960192851317104, -0.31616315229941633, 0.6244114147454437, 0.03497581944681023, 0.39467150886179575, 0.34504762724636145, -0.25383080063444297, 0.6794084570246463, 0.09541799532921087]], "inverted": false, "swapped": true, "error_lsq": 0.046921119153999706, "error_max": 0.268653346862361, "target": "754.xyz", "model": "12.xyz", "model_rescale": 4.124412569039231, "target_rescale": 4.2108254796162505},
{"mapping": [7, 2, 12, 13, 8, 6, 3, 9, 4, 5, 11, 10, 14], "R": [[-0.6463706193457427, 0.3721175885815371, 0.6661332619790598], [-0.44064726225185935, 0.5306785259047523, -0.7240236822186829], [-0.6229245642263131, -0.7615174340826486, -0.17904241081832242]], "T": [0.09129847408896617, 0.11761121738021403, 0.07541618643306734], "aligned_model": [[-0.3844329316975164, 0.1025672931566629, 0.6256579691688197, -0.5786490513492537, 0.551150639128087, 0.2709096314935071, -0.5044262078258744, 0.22262110973291194, 0.01203563847571619, -0.22361059582996462, 0.7607513073559506, 0.4343731927338568, 0.07835031296685442], [-0.48297521847595976, 0.5219503902771003, 0.6384753785272548, -0.14186631492120827, -0.08885709372327665, -0.6161000038015138, 0.4754932222452939, -0.27704581094112424, 0.7317238402750952, 0.08753977238133742, 0.013851520813871046, 0.403450398131505, 0.08184529572010253], [0.38727095171745735, 0.6523765033415367, 0.23044579804569693, -0.12382292471288427, 0.45322249640147577, 0.1860281138504014, -0.06355665463315953, -0.457458514025898, -0.17435051729529283, -0.5451241373129792, -0.15388453403924834, -0.5626375422429517, 0.12318904187368487]], "inverted": false, "swapped": true, "error_lsq": 0.04547054551545197, "error_max": 0.29500806795374795, "target": "754.xyz", "model": "13.xyz", "model_rescale": 3.9028299243045295, "target_rescale": 4.2108254796162505},
{"mapping": [6, 7, 3, 1, 2, 12, 10, 9, 4, 13, 8, 5, 0, 11, 15], "R": [[-0.3086206266549599, -0.9392933953448622, -0.14993740782279957], [-0.7650084097868547, 0.15143524617396864, 0.6259628576613933], [-0.5652569696682104, 0.30788842732027155, -0.7653033872679267]], "T": [0.03058492472142235, -0.005908512360134538, -0.021849722853068975], "aligned_model": [[-0.019222361503559385, -0.22744934087981997, -0.5112021430048392, 0.37326127864008524, -0.14300596878971897, 0.5741795040208387, 0.027270612734507368, 0.3092349626910971, -0.5083777487656161, 0.4684391743025555, -0.08422555134741617, -0.007318034544356106, -0.7008876144587056, 0.7229301733464151, 0.045095243148224703], [-0.4091579106382951, -0.8566210902526052, -0.1964897481899988, -0.010654102001674659, 0.4505296444826904, 0.42003755433218726, -0.42555838859619943, -0.7198369489720224, -0.0966250092439374, 0.17057093135922916, 0.7534885788762128, 0.2819442276237967, 0.3825465122806688, -0.1824672929305718, -0.11872442687856849], [-0.5503546133474156, 0.1523179648170181, -0.26440901670158745, -0.5738906195145133, -0.572921569551585, 0.06367904766607808, 0.5939713540516462, -0.13806418064583564, 0.37896573052110355, 0.6182987082654341, 0.05964734435947104, 0.3998207639227935, -0.05744505262282691, -0.20984371756514347, -0.027624426444819872]], "inverted": true, "swapped": false, "error_lsq": 0.040975290443249164, "error_max": 0.29992616934559096, "target": "754.xyz", "model": "14.xyz", "model_rescale": 3.942246331269136, "target_rescale": 4.2108254796162505},
{"mapping": [4, 11, 10, 3, 5, 1, 8, 13, 6, 0, 2, 7, 9, 12, 14], "R": [[0.6022187825756911, 0.7971005089621552, 0.044309327746261784], [0.08856828035645281, -0.121868066572621, 0.9885867863088964], [0.7934029226236523, -0.5914211299591217, -0.14398906003624845]], "T": [-0.016461118679390326, -0.08291464220659261, -0.06097665960481996], "aligned_model": [[-0.0684222414462177, -0.25968738887565856, -0.6075450632627765, 0.3557776941818173, 0.057209477811484326, 0.648578235882231, 0.07251799914551466, 0.39944914956612504, -0.42239666079813126, 0.3244848739465222, 0.021577023767258507, -0.3302183547789287, -0.7015232178975526, 0.7771912008820551, 0.051729457465949084], [-0.4501374635743422, -0.7292736975421457, -0.26147445161361005, 0.022281722839380513, 0.4864834066117859, 0.33156735554395567, -0.30912566365224314, -0.7779419517702242, -0.19432255085497546, 0.3042850394935479, 0.637182519425249, 0.3333290137135982, 0.3379784822935312, -0.2612477173477957, -0.026601512314799507], [-0.5149716134425527, 0.13182369757507, -0.4183793470085886, -0.6667158126083548, -0.33141715842778874, -0.2672986560220587, 0.673701648673986, -0.1308732563316939, 0.30725425011593976, 0.46299826295531404, 0.18934532538343452, 0.6167232177969775, -0.019731004128276046, -0.1409114338158452, -0.01940040350574563]], "inverted": true, "swapped": false, "error_lsq": 0.033545983962203124, "error_max": 0.19925903731019082, "target": "754.xyz", "model": "15.xyz", "model_rescale": 4.355366556412066, "target_rescale": 4.2108254796162505},
{"mapping": [8, 2, 1, 9, 6, 11, 13, 10, 0, 12, 3, 14], "R": [[0.3501415862758963, 0.12798977095445885, 0.9279113578845903], [-0.7113197319060414, -0.6081996670563234, 0.352303000262125], [0.6094465592333067, -0.7833975896845755, -0.12191434663353179]], "T": [-0.03165238701245553, 0.07946079486149939, -0.0373321553228128], "aligned_model": [[-0.20826922865775827, 0.5478944583572116, 0.1775928215124868, -0.645278951753952, -0.613591464078394, -0.5149500605965833, -0.029976343008081927, -0.2730425506005665, 0.5498394073749714, 0.2031377909241857, 0.43452018433028533, -0.03006750917202418], [-0.5089581751233646, -0.3053891326661482, -0.5951245796975484, 0.36294661184627275, -0.29187502380069635, -0.06802607855850241, 0.4924763280802809, 0.532420975855876, -0.04792414425705914, -0.1636960012148737, 0.5701405525806064, 0.03578509469613709], [0.10195313479150467, 0.0745443284138129, -0.4562484861381843, -0.044645269376330544, -0.36334433730575566, 0.4688130529789331, -0.6580332590891583, 0.5483936541304311, -0.5403935497319442, 0.6457652533185336, -0.2475638981572898, -0.0799821626251313]], "inverted": true, "swapped": true, "error_lsq": 0.037196195450115634, "error_max": 0.17850929530123683, "target": "754.xyz", "model": "16.xyz", "model_rescale": 3.795458400668931, "target_rescale": 4.2108254796162505},
{"mapping": [2, 12, 4, 1, 3, 11, 8, 0, 7, 9, 5, 13, 14], "R": [[0.12554159959668804, 0.3100718541267389, -0.9423877928162651], [0.34502239249921884, 0.8769629383333011, 0.3345079273558975], [0.9301606610929213, -0.3671395512175579, 0.003113597107898047]], "T": [-0.10977606607192944, 0.15545032657199764, -0.06558387382504134], "aligned_model": [[0.11958048242031874, -0.03721621800803905, 0.45972884229164457, -0.37730477278639696, 0.5473103507234107, -0.5558526930123717, -0.6011438767346485, 0.24647011262932364, -0.348214857433105, -0.42251845287019985, 0.14367681663212076, 0.1114730705404367, -0.1373570034882715], [-0.3559652771769273, 0.22065893158341, 0.4087387597335399, -0.6209212933896442, 0.11762397212294462, 0.582554582831291, -0.06539633269860853, -0.5050951037204915, -0.3364122348117623, 0.6725040986225069, 0.635547526798669, 0.10629388898992365, 0.10364974658563392], [-0.49260847992530554, -0.8214652342961012, -0.30497778764906147, -0.06166266415812293, 0.197261107818058, -0.4262909408371657, -0.3921037243189724, 0.1446512109716544, 0.5552993643927543, 0.23740597308933203, 0.37077678216939336, 0.644688583907047, -0.048699160327214476]], "inverted": false, "swapped": true, "error_lsq": 0.04350040495601269, "error_max": 0.24242755650737066, "target": "754.xyz", "model": "17.xyz", "model_rescale": 3.7474275329858107, "target_rescale": 4.2108254796162505},
{"mapping": [7, 5, 3, 9, 1, 8, 0, 4, 6, 2, 11, 10, 12, 14], "R": [[-0.26442106965918744, 0.48700310346005077, 0.832411842263534], [-0.004295494379789627, -0.8637192207835213, 0.503955014239506], [0.9643977637097283, 0.1296807035352078, 0.23047747933863122]], "T": [0.030744005909083674, -0.022311753203781728, -0.0025187952341881696], "aligned_model": [[0.43605395322745016, 0.08899708048439339, 0.6029866480891807, -0.36746029040509764, 0.3309785451767606, -0.2990011712194296, 0.7627601523863131, 0.15374348063770293, -0.2598960585990645, 0.31753348649127255, -0.6812773277722575, -0.44183214409593563, -0.2800452251679504, 0.05130651864953803], [-0.685289848696917, 0.31218765099135426, 0.3610415809686118, -0.04486483153336207, -0.6807279092217225, -0.41516224980578936, -0.21363553390761278, 0.6258495133447924, -0.691073528768303, -0.019377645597614315, 0.011780531767240452, 0.5704100111056364, 0.30797647419115276, -0.07870597332623365], [-0.28617655295934796, -0.6106791650479384, -0.1694303174621545, -0.5483025876647823, 0.385665779431931, 0.3632234507712213, 0.1845051829954177, 0.1002353714075891, -0.22860144137415092, 0.6410987504784765, 0.05557877354415823, -0.18103925082282782, 0.6100115840263245, 0.008705141337738469]], "inverted": true, "swapped": true, "error_lsq": 0.03687302609037516, "error_max": 0.2857827362289208, "target": "754.xyz", "model": "18.xyz", "model_rescale": 3.922800546911778, "target_rescale": 4.2108254796162505},
{"mapping": [1, 0, 2, 6, 10, 4, 12, 5, 3, 13, 11, 7, 9, 8, 14], "R": [[-0.547977020684277, -0.6947761646696206, 0.4658403866228818], [0.8266799808956525, -0.36474699598057037, 0.428438838236584], [-0.12775521119839822, 0.6198755600361434, 0.7742305186968094]], "T": [0.09630826017563396, -0.07845247154009916, -0.025884059164098007], "aligned_model": [[0.05689855700993876, -0.41509489702340585, -0.5164994232772537, 0.4247377244089847, -0.1287509282330497, 0.47348008092750815, 0.19230034593409367, 0.23844194165904123, -0.3743860837679617, 0.4926933167830526, 0.025986124788699494, -0.24499838312496872, -0.6288831883593827, 0.68143460740162, 0.04136239046277618], [-0.5058608100923154, -0.7394348525029922, -0.038995887324273976, 0.033087180069578254, 0.5163287300075652, 0.4942225188581133, -0.34830072884444796, -0.8056685515449146, -0.3074553397132753, 0.2961985935663611, 0.6100890812791903, 0.2416819709548753, 0.29142447153093887, -0.2531385515752448, -0.041195293418245696], [-0.6290026307304788, -0.02245790383234173, -0.39471855301047215, -0.6220893636149203, -0.5220537189193549, -0.25751288313747245, 0.7066331638880702, 0.15711460136684263, 0.3417485897302464, 0.3916434406884431, 0.1420711136786226, 0.621599325198746, -0.020263038696958537, -0.06464725363447749, 0.04408282823532309]], "inverted": false, "swapped": false, "error_lsq": 0.037000680388168866, "error_max": 0.2710258368969125, "target": "754.xyz", "model": "19.xyz", "model_rescale": 3.9282355846067225, "target_rescale": 4.2108254796162505},
{"mapping": [5, 10, 11, 4, 3, 12, 2, 8, 0, 7, 9, 13, 6, 14], "R": [[-0.5751179349088616, -0.2472559317736201, 0.7798101468619945], [-0.29002809118527645, -0.8296888404579191, -0.47696974153820143], [0.7649333743990985, -0.5004807011487582, 0.4054577666145465]], "T": [0.002312628485907596, -0.0844939526137296, 0.006682958062700261], "aligned_model": [[-0.48856958108362825, -0.1095989293380801, 0.4899255799759302, -0.4343472697919883, -0.6886588480345633, 0.2620268982650242, 0.0672228005522629, 0.6148998780435491, -0.3033963095610397, 0.014708868339476065, 0.06501619550131418, -0.4993869267827668, 0.5154533573645662, 0.027227105634620028], [-0.504410340244376, -0.7986169831710588, -0.5876781105434687, -0.2537923530740945, 0.06400100262816377, -0.16277482868381618, 0.4418818459324352, 0.04607689690369246, 0.6301327394685137, 0.38463998902761204, -0.6335658138548519, 0.022198980763544873, -0.08812129191823548, -0.03708964580922419], [0.26715789206544394, -0.2831807356904763, -0.13667430111026135, -0.46920200895886227, -0.046123703502241084, -0.7055630158402549, -0.45723034049258304, -0.06053980570629762, 0.0639641274013807, 0.6878859454711069, 0.39596897746474397, 0.547763981783571, 0.5719269383177826, 0.03602920604063004]], "inverted": false, "swapped": true, "error_lsq": 0.03651126118499966, "error_max": 0.2191964853893515, "target": "754.xyz", "model": "20.xyz", "model_rescale": 4.067790424073018, "target_rescale": 4.2108254796162505},
{"mapping": [2, 3, 0, 4, 8, 5, 11, 6, 12, 13, 1, 9, 7, 6, 14], "R": [[0.8176164543896046, 0.03242247087143642, -0.5748496472069571], [0.05286773172029045, -0.9984229971205246, 0.01888178390991433], [-0.5733309135692262, -0.04582905414101585, -0.8180411733784656]], "T": [0.0244101626548248, -0.011274944443061905, 0.014403977207327338], "aligned_model": [[-0.04545440715614542, -0.21558116954934892, -0.5537833716603808, 0.4144224045396287, -0.027858748455474553, 0.45735321483672625, 0.15487879658526968, 0.551923741187286, -0.4848120865225322, 0.49636325406513393, -0.027319357653316365, -0.45391095650093555, -0.5104185120309283, 0.551923741187286, 0.01099564271742326], [-0.49713020478356124, -0.8249717306554079, -0.1399756267772156, -0.008076101801057618, 0.3916439625781247, 0.35517230781174985, -0.3881978359412605, -0.5085872558935844, -0.2793145898176841, 0.20728397086896788, 0.7804162172887754, 0.3674417204701373, 0.48838532534587403, -0.5085872558935844, 0.007479628450638796], [-0.5448683530786665, 0.07801779037228193, -0.3774970316760048, -0.6858479155584257, -0.3857112712164856, -0.1491284224577047, 0.5232647866671529, -0.13380800624538491, 0.5202313354511141, 0.48303579977497957, 0.2238180704369917, 0.4958938464210991, -0.13037813749305666, -0.13380800624538491, 0.08893323205731207]], "inverted": true, "swapped": false, "error_lsq": 0.04583826592250198, "error_max": 0.34515956072331305, "target": "754.xyz", "model": "21.xyz", "model_rescale": 4.186013935880536, "target_rescale": 4.2108254796162505},
{"mapping": [6, 7, 9, 12, 2, 11, 8, 1, 5, 13, 0, 4, 14], "R": [[-0.052119442458746945, 0.9492869581009098, 0.3100610180227623], [0.8927497565987164, 0.18342926551926914, -0.4115234824940062], [-0.4475281396859001, 0.25535852390430164, -0.8570359318364046]], "T": [0.0975256996357929, -0.0025836433388003247, 0.05801499673047114], "aligned_model": [[-0.10014738013918943, -0.5989585496770138, 0.45367695026306787, 0.4564384143251191, -0.20395998518112152, 0.6345159899945905, 0.02621094507404642, -0.6157356030498811, 0.36443531885963504, -0.22987571093530967, -0.5938292707019146, 0.4224075553057699, 0.043395361285427085], [-0.21341779677599507, 0.17471926993563866, 0.22536081309881914, -0.516397849041281, -0.3695738091736852, -0.38425654103619555, -0.5980455027313808, -0.4056989764848379, 0.6299581007055693, 0.6453871484805925, 0.13712796083230164, 0.21602878051313015, -0.02223493877658249], [-0.648597793782023, -0.35155941582500105, -0.46938699651672977, 0.4916627225158564, 0.5785195215332822, -0.22033589375401078, -0.13478065888336446, 0.0023713146351424866, -0.05942649816577815, -0.11168081737600702, 0.38958605826674797, 0.5988113585836464, 0.037696660103585064]], "inverted": false, "swapped": true, "error_lsq": 0.04616703061288774, "error_max": 0.2898184542033289, "target": "754.xyz", "model": "22.xyz", "model_rescale": 4.166573947596378, "target_rescale": 4.2108254796162505},
{"mapping": [10, 9, 8, 7, 0, 5, 12, 14, 3, 6, 1, 2, 4, 13, 15], "R": [[0.050386845643030975, -0.975212766804106, -0.21545585452344135], [0.5132024152304999, -0.159787824337139, 0.8432621965884548], [-0.8567872821113347, -0.15306178705308687, 0.49243034284697407]], "T": [-0.05261677786833908, -0.127709706885256, 0.08573938390695124], "aligned_model": [[0.29299673227558937, -0.3436578272502502, -0.6360582992492433, 0.18037794081906738, -0.1432600218640819, 0.5863253556849503, 0.26305686243901977, 0.41804889054096694, -0.6066352370281007, 0.38376191333830356, 0.08378682462639322, -0.24058864857368328, -0.599729590614669, 0.7034011205798367, -0.023103830134406523], [-0.47835938072216205, -0.6503820519937769, -0.16255317562309718, 0.03655997308024392, 0.5116163526461142, 0.3038027559708868, -0.4028722440211092, -0.7635573705254668, -0.1270330257642775, 0.27615973630595136, 0.5704884783731701, 0.32172197269373687, 0.34613128874535665, -0.2732845213572751, -0.06545625655738253], [-0.47865174018000933, 0.035163762155663275, -0.47324278399846353, -0.5700948794233697, -0.41406233153631733, -0.2250852058081203, 0.5897404614864319, 0.07351889110376486, 0.31916976116957, 0.560682267508828, 0.13059930137724315, 0.5499451361369626, -0.0407350971284855, -0.26647936845184306, 0.08167954279796194]], "inverted": true, "swapped": false, "error_lsq": 0.037097119879548196, "error_max": 0.29884972676136534, "target": "754.xyz", "model": "23.xyz", "model_rescale": 4.274766983524099, "target_rescale": 4.2108254796162505},
{"mapping": [6, 7, 1, 8, 2, 12, 11, 4, 5, 3, 14], "R": [[0.9795005490686677, 0.1641904572989609, 0.11670547590467664], [0.19483736750675898, -0.6250649495813173, -0.7558652055941866], [-0.05115735135066221, 0.7631089716002974, -0.6442418977883397]], "T": [0.029297691238773682, 0.056556979536976054, 0.0878823163455344], "aligned_model": [[0.1716344334841302, 0.2862933951597181, -0.3889311038038214, -0.3950810945752343, -0.5859559606513639, -0.5754813817937932, -0.08371860656124405, -0.00612125443654047, 0.6670318941043676, 0.2753041153521604, 0.014920267679696255], [-0.1392430648973462, 0.5415571443249759, 0.48258474728608647, -0.18152370016958122, 0.3819740072836064, -0.2605680782882991, -0.6463454469529679, 0.08216011042773871, 0.02008101239561376, 0.5484230213414438, 0.08648677849221269], [-0.6361549180876509, -0.5309923723745475, -0.47596597281331404, -0.3121814549891517, 0.19773249703559215, 0.42633127165099033, 0.019563312576578895, 0.7541332412795669, 0.3655636045751568, 0.5349052607425264, 0.036631964425830055]], "inverted": false, "swapped": true, "error_lsq": 0.04807226892880026, "error_max": 0.3033855306135464, "target": "754.xyz", "model": "24.xyz", "model_rescale": 3.7841303162186577, "target_rescale": 4.2108254796162505},
{"mapping": [12, 13, 3, 2, 4, 8, 10, 14, 11, 0, 1, 7, 6, 9, 15], "R": [[0.8362015805156597, -0.22410442364446032, 0.5005438282968808], [-0.21010162318554604, 0.7121582727802246, 0.6698416995421281], [-0.506580916219622, -0.665287758653105, 0.5484231701053637]], "T": [0.06359175920364815, -0.01668499887373578, 0.021058337981458352], "aligned_model": [[0.11651758196183484, -0.3468260175997092, -0.6062591676262208, 0.454809734441445, -0.19327939033646604, 0.5100809235857287, 0.33349454646459287, 0.30850170061580495, -0.5399048729173108, 0.26368399028262, 0.20668693733567814, -0.13555132764420244, -0.5810196565749425, 0.5298896982387211, -0.002102494637881827], [-0.5471487094549227, -0.6708980680592087, -0.1152191750309868, 0.09370969398754445, 0.4500500764893299, 0.3597863719639765, -0.3719087950908295, -0.7710352324384901, -0.32009936983727205, 0.5042417651718837, 0.7119366031178432, 0.14441763688719236, 0.30963490829243745, -0.33854171488831364, 0.004056540140728402], [-0.5183663698971701, -0.10369143501133725, -0.415510831323165, -0.6142010858495651, -0.5013207626898157, -0.07045404734330708, 0.6584151025231778, 0.03760548362220682, 0.3859680578768698, 0.5005667893297034, -0.019816163970144286, 0.618715038614732, 0.025288359022797146, -0.12425234618897153, 0.013201928493806605]], "inverted": true, "swapped": false, "error_lsq": 0.04393403254159474, "error_max": 0.3047070429853589, "target": "754.xyz", "model": "25.xyz", "model_rescale": 4.19342608120988, "target_rescale": 4.2108254796162505},
{"mapping": [8, 2, 1, 9, 6, 11, 13, 10, 0, 12, 3, 14], "R": [[0.3501415862758963, 0.12798977095445885, 0.9279113578845903], [-0.7113197319060414, -0.6081996670563234, 0.352303000262125], [0.6094465592333067, -0.7833975896845755, -0.12191434663353179]], "T": [-0.03165238701245553, 0.07946079486149939, -0.0373321553228128], "aligned_model": [[-0.20826922865775827, 0.5478944583572116, 0.1775928215124868, -0.645278951753952, -0.613591464078394, -0.5149500605965833, -0.029976343008081927, -0.2730425506005665, 0.5498394073749714, 0.2031377909241857, 0.43452018433028533, -0.03006750917202418], [-0.5089581751233646, -0.3053891326661482, -0.5951245796975484, 0.36294661184627275, -0.29187502380069635, -0.06802607855850241, 0.4924763280802809, 0.532420975855876, -0.04792414425705914, -0.1636960012148737, 0.5701405525806064, 0.03578509469613709], [0.10195313479150467, 0.0745443284138129, -0.4562484861381843, -0.044645269376330544, -0.36334433730575566, 0.4688130529789331, -0.6580332590891583, 0.5483936541304311, -0.5403935497319442, 0.6457652533185336, -0.2475638981572898, -0.0799821626251313]], "inverted": true, "swapped": true, "error_lsq": 0.037196195450115634, "error_max": 0.17850929530123683, "target": "754.xyz", "model": "26.xyz", "model_rescale": 3.795458400668931, "target_rescale": 4.2108254796162505},
{"mapping": [11, 4, 12, 8, 1, 13, 5, 6, 3, 2, 7, 0, 14], "R": [[0.7329403873027549, -0.49129125689193687, 0.47056486222627025], [0.23880377310204437, 0.8334964048012596, 0.49825345070114885], [-0.6370016849371084, -0.25281741254295714, 0.7282253835883293]], "T": [-0.07586355885134798, -0.1989058820305597, -0.05754108672790697], "aligned_model": [[0.019696305482247448, 0.42298384601530853, 0.6148022561376009, -0.045963111723222136, -0.2299831911579402, -0.5787982053826325, -0.31514809211853523, -0.674031504779938, 0.027392764295522662, 0.3979423259996161, -0.7422823029626193, -0.09153027749366859, -0.10540442949048318], [-0.7279645826626602, -0.3636891458176093, -0.31190188858911655, -0.09835623615008629, 0.5138112572088883, -0.05218023729683863, -0.5875718427098049, -0.20733104267955094, -0.021180762915636503, 0.30866957950530005, 0.29105492206003963, 0.5302678148602181, -0.15174633155622827], [-0.529215969060933, 0.3545245144002434, -0.35934625456576713, -0.6786904383398116, -0.4351934340732523, 0.47291421442025267, 0.46859957000255187, -0.531831554237817, 0.6207160845342785, -0.17743893756975493, -0.04742674203158349, 0.21721456815225476, -0.08268895953123583]], "inverted": true, "swapped": true, "error_lsq": 0.03993126263277925, "error_max": 0.2141646182524394, "target": "754.xyz", "model": "27.xyz", "model_rescale": 3.6321398670334006, "target_rescale": 4.2108254796162505},
