[{"mapping": [9, 11, 12, 9, 7, 8, 4, 2, 0, 3, 6, 1, 5, 13], "R": [[0.1588713320653834, 0.6466225660781676, -0.7460825402636473], [0.0061936286193781664, -0.7563180866792496, -0.6541747402081226], [-0.9872798685338906, 0.09930865420659524, -0.12416220192707195]], "T": [0.05451452917916527, 0.13843482088372078, -0.13568091237050967], "aligned_model": [[-0.4603333616865681, 0.5719949503087696, -0.007624321947498347, -0.4603333616865681, -0.14518931399460472, 0.34676101534401177, -0.3062020354635734, -0.5879432783776903, -0.5902445291434166, -0.034882422390164786, 0.15276253168620163, 0.09895090077816629, 0.7559309912176428, 0.043969638111191256], [-0.2559537957130297, -0.3008907063499986, 0.16332651477695626, -0.2559537957130297, -0.5882120887163682, -0.4868139960920394, -0.4488971164542795, 0.23564918519529446, 0.47689339957704574, 0.47073810620151185, 0.06790016995172186, 0.6502093518061369, 0.3485850805232744, -0.023466106140893256], [-0.4764630130363662, -0.2977578561707389, -0.7106930641807039, -0.4764630130363662, -0.07654440701437978, 0.23070009125469576, 0.52638327030834, 0.27548277558167145, -0.39091410339491084, 0.25774381666268925, 0.6192485394386853, -0.3986568652658806, 0.05472149201675325, -0.15040359406693968]], "inverted": false, "swapped": false, "error_lsq": 0.0474330619003338, "error_max": 0.4429509970703923, "target": "755.xyz", "model": "0.xyz", "model_rescale": 3.8414455957264533, "target_rescale": 4.085579531399888},
{"mapping": [3, 0, 4, 1, 11, 13, 12, 10, 5, 6, 8, 2, 9, 14], "R": [[-0.17492983953113272, 0.1227680033650842, 0.9768969078625253], [0.6357915943698313, -0.7435060839291554, 0.20728664136649042], [0.7517769614521853, 0.6573634614960606, 0.05200653535506028]], "T": [0.04978556100321939, 0.04605998482654996, -0.0993138223380525], "aligned_model": [[-0.5372330375126841, 0.38661785070416504, 0.05345038055793342, -0.45658541889557736, -0.12657636852330612, 0.5147005887795909, -0.2820394003504003, -0.5327433091859699, -0.42610642454754866, -0.07079740281256615, 0.11263940515659594, 0.13247223030906996, 0.6364379369713005, -0.02661962789470325], [0.012695242420522133, -0.43692046587313305, 0.10247454687090132, -0.5305019046260498, -0.7687868689482483, -0.41549660081161743, -0.3616291802408466, 0.17582319031058521, 0.4816224493774917, 0.7688250596147711, 0.05601006904865698, 0.6877749971175184, 0.27969765352004383, 0.0015260150717077842], [-0.6166849086974082, -0.5221509805490078, -0.6402585525417641, -0.49889198680143065, 0.07728311092231696, 0.28234903391214994, 0.4538328883783639, 0.2356532302342936, -0.23397986314029312, 0.17105179915887694, 0.6882474689908746, -0.4542356240605415, 0.15906982561962293, -0.11490137232950479]], "inverted": false, "swapped": false, "error_lsq": 0.05077751919292219, "error_max": 0.43247815423798086, "target": "755.xyz", "model": "1.xyz", "model_rescale": 4.316132596720782, "target_rescale": 4.085579531399888},
{"mapping": [6, 4, 3, 9, 7, 10, 8, 12, 0, 5, 2, 13], "R": [[0.21493283741812186, -0.6151394395113017, -0.7585560924263393], [0.5113986120050842, 0.7325991989291996, -0.44918801560990956], [0.8320308498118736, -0.2913792780655768, 0.47204108007176115]], "T": [-0.040398118660032484, 0.06371765336544952, 0.03938542822940814], "aligned_model": [[-0.17241561686733894, 0.4674066387477268, 0.18810992219449738, -0.5422879063415061, -0.558386509142505, -0.5011480703002038, -0.11220730369584017, -0.19874824589577725, 0.47754632754462933, 0.1820631399983042, 0.38374923055026877, -0.01587305216047448], [-0.6187801295740618, -0.3989167943992291, -0.5422401833557947, 0.45006330624122703, -0.17057535177236074, -0.2446700517978386, 0.3575795490178968, 0.6521030341611483, 0.061686131621296075, -0.17405156941462463, 0.5621256413985026, 0.07845284561481894], [0.1312898537574588, 0.15990790847308814, -0.4502389716129988, -0.046953106663255965, -0.41073872360401276, 0.4581535641339348, -0.729039018184996, 0.5216871309951934, -0.5312199743166024, 0.6869070881562724, -0.2573812354572526, -0.08311605446740794]], "inverted": false, "swapped": true, "error_lsq": 0.03117073554248573, "error_max": 0.17786047955503184, "target": "755.xyz", "model": "2.xyz", "model_rescale": 3.795458400668931, "target_rescale": 4.085579531399888},
{"mapping": [8, 7, 3, 5, 2, 1, 6, 9, 10, 12, 0, 13], "R": [[-0.7474738870235014, -0.623774974618728, -0.22844598761497847], [-0.47438772814837743, 0.2605020001547067, 0.8408894049145929], [-0.46501513050673826, 0.7369148451176718, -0.4906296357182256]], "T": [0.1017577212184832, 0.004278037544684235, 0.10870193278945992], "aligned_model": [[-0.07441533951550655, -0.11219590103147609, -0.703484623189107, 0.19328513084932042, 0.13815874631577407, 0.1453218549171617, -0.2982953150044551, 0.5379530526268972, 0.2866934161341466, 0.8622365502835578, -0.41771432787305546, 0.03576058123030748], [0.00923697445805253, -0.5957331676735801, -0.08636637321740571, 0.15009906336831247, 0.5782289515601176, 0.6299181182489962, -0.4008914153262908, -0.28789228359227675, -0.5120201856500554, 0.14998292707245303, 0.42755115498241975, 0.02365528105896693], [-0.69809789631039, -0.23774768567408025, 0.058689583207939613, 0.8127377818012466, -0.3221544965761791, 0.3720777699066816, 0.5179372558628093, -0.25596339512999833, 0.5353108634897756, 0.17449773305030689, -0.2718893967448903, 0.003373313755878793]], "inverted": true, "swapped": true, "error_lsq": 0.040196006606356596, "error_max": 0.23811441383221577, "target": "755.xyz", "model": "3.xyz", "model_rescale": 3.7530521520055578, "target_rescale": 4.085579531399888},
{"mapping": [12, 10, 5, 6, 1, 7, 2, 9, 8, 3, 13], "R": [[-0.14753707335817995, -0.9820011660240107, -0.11792591705128713], [-0.9095466946365252, 0.0878711999972061, 0.4062061822360943], [-0.3885326527599387, 0.16718959937309205, -0.9061401743664114]], "T": [-0.044711251812832614, -0.08797611792195151, 0.0074539130791965984], "aligned_model": [[-0.5340773851365007, -0.0757428620444541, 0.3486620122009978, 0.3841575934052335, 0.2582089744524707, -0.26218561720908096, -0.16573706509474967, -0.6727940004615115, -0.39301899449071, 0.5033342477509963, -0.05260730092748652], [-0.6276932245637994, 0.1014967624265678, -0.4558080117314318, 0.32941813789109087, -0.685097257608612, 0.6033957419851178, -0.4399196650149294, 0.01758094309360296, 0.23453469140995079, 0.42718946764526455, -0.03789422721847624], [-0.2629407687739163, -0.6603015159965391, -0.47758700069547705, -0.35796614082795397, 0.12735327489773635, 0.030405791412440847, 0.6221655863310199, -0.0471394271928226, 0.6832171829259406, 0.3130409340652386, 0.12258286109964922]], "inverted": false, "swapped": true, "error_lsq": 0.049068658010818236, "error_max": 0.2643402754105899, "target": "755.xyz", "model": "4.xyz", "model_rescale": 3.7855080009869324, "target_rescale": 4.085579531399888},
{"mapping": [12, 3, 14, 1, 0, 5, 4, 6, 13, 8, 7, 15, 10, 16], "R": [[-0.4927842307266933, -0.35593032283346815, 0.7940260116864963], [-0.5368904066648268, -0.5937391337929463, -0.5993517600158347], [0.6847717818210517, -0.7216560443109064, 0.10148970652808648]], "T": [-0.06156907620532767, 0.017317878125878806, -0.14302937664358417], "aligned_model": [[-0.5514948317875545, 0.4987317961990997, 0.00259612506100991, -0.5039761570297915, -0.00855272140009447, 0.42066721176515953, -0.32936834993839126, -0.5026693438522131, -0.5162986465999458, 0.004119444057336663, 0.06867677816523465, 0.2744345762645244, 0.5639811915993859, -0.0432296697478603], [-0.004062708394742553, -0.3653605988592181, 0.16044373217653127, -0.5877313682503797, -0.7513360008839204, -0.4385409601468847, -0.42166885803951665, 0.17010819711824143, 0.565949221614504, 0.6713770663363898, 0.04239341287080334, 0.7165068225714367, 0.27443464501989734, 0.02060159971916204], [-0.6148141660840356, -0.2914770813562015, -0.8011290768270677, -0.24930883507872859, -0.021232973877049796, 0.32037555077125784, 0.3885484429879774, 0.31321917444564457, -0.27376692146522497, 0.10836964997889281, 0.5943827922636333, -0.4215154125194987, 0.1281570992465354, -0.19342417338958529]], "inverted": true, "swapped": false, "error_lsq": 0.04111973232550947, "error_max": 0.2488818911874992, "target": "755.xyz", "model": "5.xyz", "model_rescale": 4.2253639853439635, "target_rescale": 4.085579531399888},
{"mapping": [6, 3, 7, 5, 2, 4, 10, 8, 11, 9, 1, 12, 0, 13], "R": [[-0.5638669634911015, 0.5674344953455741, 0.6000601144679079], [-0.7195319455355282, -0.6941799893527039, -0.019695728880589652], [0.40537368789449385, -0.4428681924390075, 0.7997124091125658]], "T": [-0.06180075002449231, 0.011419851440963304, -0.01708014909459104], "aligned_model": [[-0.13873172467956943, 0.39716354021260014, 0.3879426838178183, -0.6198429914141343, -0.1612606870154331, 0.38892364819316966, -0.4329071916649373, -0.5864451065853651, -0.6178093859801017, 0.006550470303049644, 0.18706469311277585, -0.0639470237216786, 0.6562837061634621, -0.025367227985756788], [-0.1537211982306746, -0.3150590340632599, 0.2335685961982656, -0.27121923089110345, -0.6397082438223046, -0.4828210089297392, -0.4795309866504553, 0.27191809147410395, 0.3149247800061494, 0.542929255929483, -0.038147511702798426, 0.7276954860024237, 0.3636453612568376, -0.021360153724624013], [-0.6339496871454487, -0.44809382672608367, -0.6317117419576602, -0.1142669404501897, -0.14479677498887011, 0.2141876631877932, 0.46225246813423876, 0.4332018088685892, -0.4690679187218373, 0.27519077163714717, 0.671625048853945, -0.6156520940701516, 0.0408383569531014, -0.053373064478023854]], "inverted": true, "swapped": false, "error_lsq": 0.045772857347068284, "error_max": 0.29692844757322534, "target": "755.xyz", "model": "6.xyz", "model_rescale": 3.89814844738969, "target_rescale": 4.085579531399888},
{"mapping": [0, 3, 4, 8, 1, 6, 7, 2, 9, 10, 5, 12, 13], "R": [[-0.5283342120018487, 0.5115166170989341, 0.6776530903493675], [-0.2536614960869791, 0.6665923095965282, -0.7009354736276957], [-0.8102584808758876, -0.5422226878492166, -0.22243145225050806]], "T": [-0.09027387677265906, 0.08869476683454988, 0.05376598902690491], "aligned_model": [[0.2439990005515707, -0.12765033985302757, 0.3281395705204499, -0.30572710751087384, 0.5793889343567081, -0.3263620112207009, -0.7461435516804196, 0.3292255600725321, -0.5091728652560826, -0.4734986104674139, 0.24584762849037323, 0.007728953545171988, -0.09714336064406517], [-0.36476185391464533, 0.12101214043255018, 0.4549009817543911, -0.6700731672212168, 0.1520033028080696, 0.6248582322252085, -0.050102973769362485, -0.4939104980752398, -0.20136525106907302, 0.6355954519239204, 0.7105689344147107, 0.0581115480760292, -0.013055582114856745], [-0.4720665303494138, -0.7565990305238108, -0.3672389603821853, -0.190853368817991, 0.15492885063636497, -0.3315512804213111, -0.2226161625938585, 0.08496337415697774, 0.4397705078394336, 0.24559583658617518, 0.21377339003051204, 0.8240563002735898, -0.019887895598187474]], "inverted": true, "swapped": true, "error_lsq": 0.03715564249768207, "error_max": 0.24640339063902025, "target": "755.xyz", "model": "7.xyz", "model_rescale": 3.7474275329858107, "target_rescale": 4.085579531399888},
{"mapping": [0, 12, 1, 6, 10, 11, 7, 5, 3, 8, 9, 2, 4, 14], "R": [[-0.7813507574867216, -0.5865030952059176, -0.21331927500534292], [-0.6226579930157519, 0.7094437299762844, 0.33013121290016373], [-0.04228495605440252, 0.39077322491595506, -0.9195152359696177]], "T": [0.06981084409506093, -0.02776767740726136, -0.11086315452590413], "aligned_model": [[-0.34306850704639985, 0.5212313755560768, 0.1651831828877196, -0.7149600778879657, -0.14579283721683894, 0.30589751207555577, -0.28122827594499117, -0.4731076250056792, -0.5231220010282406, 0.007898255595641224, 0.06147940068739961, 0.15550245394088552, 0.5302258810420591, 0.11147866510067758], [-0.1595316556945433, -0.4048959205057782, 0.142747226839239, -0.2530219723802256, -0.7517316277066023, -0.44359981134903637, -0.4067481660534199, 0.1350258217384114, 0.3586135763408972, 0.559040479003079, -0.041964624550288744, 0.7243567404067549, 0.5855361407042615, 0.009287996059554708], [-0.6072321030449231, -0.2969717540914147, -0.8365563434651953, -0.12911694875855018, -0.1790878638326696, 0.2864109034909318, 0.3330095269392228, 0.32704011854602005, -0.22607906015789753, 0.23123819714070892, 0.6507597664992982, -0.4790415134496795, 0.04438589148871146, -0.13237474820801404]], "inverted": true, "swapped": false, "error_lsq": 0.04383916984832741, "error_max": 0.24855494700937994, "target": "755.xyz", "model": "8.xyz", "model_rescale": 4.019505241142653, "target_rescale": 4.085579531399888},
{"mapping": [4, 1, 0, 3, 6, 7, 8, 5, 10, 12, 11, 9, 13], "R": [[0.7991969271148104, -0.2812436035136925, -0.5312121112821862], [0.046059041345178804, -0.8525248303872345, 0.5206534147430328], [-0.59930195761453, -0.44057172975107073, -0.6683814139722484]], "T": [-0.0033880807657352616, -0.07871468594028175, 0.06837624581184568], "aligned_model": [[-0.2387343129486516, -0.6628091096222848, -0.10666866956854429, 0.3360760454642264, 0.350902120958165, 0.7106475843711032, 0.3018841857546247, -0.38607442233178746, 0.2694434657843961, -0.3839239168370709, -0.14783271697765554, 0.24423992178294676, 0.032550595911708745], [-0.5999112517213921, -0.1793143573532346, 0.15124761213571503, -0.35573762972568485, -0.6790545532012816, 0.03756643307333127, 0.5858183280646075, -0.6530338514709572, -0.49495662664849915, 0.17775842038055345, 0.717831619343995, 0.359762842455702, -0.004598757218795976], [-0.330858350589634, -0.06479202638235051, -0.6598486942236472, -0.6151113350259492, -0.007444356410696157, 0.01889183141276493, -0.315280135876691, 0.2897722147513754, 0.5532121358651418, 0.6955134515492211, 0.1772410138304891, 0.4621128259360152, -0.02670508079216069]], "inverted": true, "swapped": true, "error_lsq": 0.05028211554578058, "error_max": 0.3052084754840695, "target": "755.xyz", "model": "9.xyz", "model_rescale": 3.877068213659057, "target_rescale": 4.085579531399888},
{"mapping": [11, 8, 0, 10, 9, 2, 14, 6, 12, 3, 13, 5, 4, 15], "R": [[-0.7577995191909582, -0.5889940661929973, -0.280759467700364], [0.6498213734902571, -0.7201214963681747, -0.2432225586241889], [-0.05892428420599263, -0.36675744090324897, 0.928448656778021]], "T": [0.027383659138944957, 0.027669190119259213, -0.048606214687922374], "aligned_model": [[-0.36383375566748505, 0.34736516184352856, -0.02899779105410409, -0.5749438467801873, 0.03378306933768931, 0.4240453174563032, -0.2616958461621525, -0.4853429507545122, -0.4677477361605484, 0.026937262695550163, -0.04570686551016219, 0.1761995105920618, 0.5809965895857135, 0.01655928333420492], [-0.2163590989324553, -0.43826915013352136, 0.22369390426439076, -0.34681268099483753, -0.6321466046634386, -0.37481519896146986, -0.5352892960610196, 0.2509562363036926, 0.4518191703337084, 0.6095674489928661, -0.0256182230590085, 0.7198662505004961, 0.3148210734149894, 0.05170037184791158], [-0.6248478348077907, -0.5738073540788214, -0.8181265062671883, -0.061860771640189445, -0.0643373431928386, 0.2992748042204692, 0.40859432018825986, 0.21131472259540074, -0.413485525400916, 0.2046832635347336, 0.7191546352952988, -0.3798350090255944, 0.214352335100495, -0.1346896674247688]], "inverted": false, "swapped": false, "error_lsq": 0.036205722114641944, "error_max": 0.23996923260589456, "target": "755.xyz", "model": "10.xyz", "model_rescale": 4.260839863003843, "target_rescale": 4.085579531399888},
{"mapping": [5, 12, 9, 10, 7, 6, 4, 1, 11, 8, 0, 13], "R": [[0.6660139075322934, -0.3198348781963637, -0.6738925178859629], [-0.6213701170230683, -0.7377070901423669, -0.26398376242568444], [-0.41270407393712993, 0.5945535298379777, -0.6900590174129289]], "T": [-0.003341589444775459, 0.026059885408821017, -0.06847786956111256], "aligned_model": [[0.3019293314950516, 0.2613247467991884, -0.3009012993888147, -0.3837312189250829, -0.6882088671510742, -0.36457698138753625, 0.27930514954892843, 0.6638401309343244, 0.15517499967915702, -0.19725970691066674, 0.24877612434600666, -0.01677375994535143], [0.04143980599524961, -0.6973262477534521, -0.4840839391580079, -0.16433109465075182, 0.1217937943438083, 0.42293279139442463, 0.5811232442602241, 0.09080919317951144, -0.45925858379381157, 0.09918842731066449, 0.5405986976841617, 0.08019241672091325], [-0.7256541304310854, -0.17119731479025546, 0.17610782576207046, -0.6178550175906252, 0.14971646492554647, -0.5197861401305848, -0.3822253169537478, -0.18409039068669292, 0.5691272445428341, 0.7309190798307619, 0.4468352109101058, 0.04428056200717749]], "inverted": false, "swapped": true, "error_lsq": 0.03987905056377807, "error_max": 0.16651064319355552, "target": "755.xyz", "model": "11.xyz", "model_rescale": 3.890672605050136, "target_rescale": 4.085579531399888},
{"mapping": [7, 10, 12, 3, 4, 2, 0, 8, 5, 6, 1, 9, 11, 13], "R": [[0.16390480214255665, -0.9850558276490035, 0.052917220725828995], [0.9811313537494243, 0.16835850685024156, 0.09506145307630795], [-0.10254990260566466, 0.03633771574953352, 0.9940639254543315]], "T": [-0.020396631263228465, 0.09696621181826526, 0.014756735425965173], "aligned_model": [[-0.5455023179003636, 0.6270791657582889, 0.06281188014197205, -0.7147165311736737, 0.0397077053114792, 0.5191878937465516, -0.29140398289407554, -0.712938486782486, -0.34420142450713165, -0.04078299903616622, 0.09088708133339861, 0.2370670959418338, 0.5199484468756944, -0.06952612405942182], [-0.11777106986313068, -0.23764348058890467, -0.006519552450565472, -0.5116211748087107, -0.5937741408695724, -0.3612177077488864, -0.23993927257312964, 0.2530950441147245, 0.5048456584642179, 0.5286338339893697, -0.07936193683497886, 0.744948115453804, 0.1730100852008417, -0.0035701986327750235], [-0.6217305684488479, -0.5032702430810347, -0.7183866250217028, 0.03934180058617552, -0.086841875385095, 0.0816908066209851, 0.41693113751571736, 0.13804749711483114, -0.5629603187719563, 0.39594671944932375, 0.764305005848537, -0.3311511970588822, 0.08551470138929837, -0.11105277166079991]], "inverted": true, "swapped": false, "error_lsq": 0.050908401262759424, "error_max": 0.2610704426145734, "target": "755.xyz", "model": "12.xyz", "model_rescale": 4.124412569039231, "target_rescale": 4.085579531399888},
{"mapping": [2, 12, 5, 8, 1, 0, 9, 3, 10, 7, 4, 6, 13], "R": [[-0.25013147618419557, 0.9669623920941511, -0.0491729285021002], [-0.46190727290920164, -0.16381203573911154, -0.8716692538919752], [-0.8509265043794909, -0.19531858391501183, 0.48762150785412967]], "T": [0.07506694404070365, 0.17875380366986873, 0.03364816811842516], "aligned_model": [[-0.11825086327268668, -0.12881039923922488, 0.6865558358537609, -0.540164263318773, 0.488051455371642, 0.10013188127861015, -0.508824916582353, 0.32866169778239884, 0.19410717164989755, -0.3313410264835365, 0.7260827464018864, 0.45277260606570496, 0.01832638200243101], [-0.3419270088299472, 0.6237000993874778, 0.5241069546704513, -0.35885891867243425, -0.0038496782122218187, -0.5912586076992311, 0.43312523099805145, -0.3175431949138051, 0.8082439364639119, 0.19358121519998842, -0.05127182725050669, 0.35909412520984796, 0.07034305015689438], [0.4896105195500621, 0.6372572091745944, 0.21286884567249995, -0.08656258383803891, 0.5423621719664568, 0.015935542442099236, 0.08820215183680563, -0.5567007690463915, -0.23529763163859033, -0.5667097637493649, -0.06478255038082983, -0.5289298871619227, 0.004444826140459719]], "inverted": true, "swapped": true, "error_lsq": 0.04920881409705429, "error_max": 0.3104094990172491, "target": "755.xyz", "model": "13.xyz", "model_rescale": 3.9028299243045295, "target_rescale": 4.085579531399888},
{"mapping": [10, 5, 4, 14, 13, 12, 11, 9, 7, 6, 1, 3, 2, 15], "R": [[0.4679904904945168, -0.39188486825238716, -0.7920928928108818], [-0.8635977813397061, -0.39303959016004464, -0.31578276177138276], [-0.18757337996591977, 0.8318329944175296, -0.5223696933461276]], "T": [0.13037048087399572, 0.03662826061637717, -0.0977564866460405], "aligned_model": [[-0.38780781645774987, 0.3130225709035888, 0.14350542468256822, -0.5654095963951756, 0.00012241445228639014, 0.31429333155808226, -0.22639150423124405, -0.5913106619389825, -0.5966183403754646, -0.10401504028695688, 0.13069587052437442, 0.19546344411581337, 0.7284108798842459, 0.023656426320513735], [-0.16671046430551736, -0.3103404054063873, 0.19734764002294083, -0.499016067885537, -0.7233830108597578, -0.5586026082650777, -0.2505896332672918, 0.205098349917573, 0.45008157200836585, 0.5551088108574569, 0.14056655479250296, 0.6312636244033782, 0.30653918581079787, 0.07575065502885693], [-0.5932332440933354, -0.426926340158414, -0.756057351157871, 0.011906133247851364, -0.29287096642104066, 0.21226429763745527, 0.481970566159609, 0.12948702499436515, -0.4458535548820285, 0.24959003880232636, 0.5436446989376305, -0.2734298639928985, 0.23637753312467516, -0.09048490310177576]], "inverted": false, "swapped": false, "error_lsq": 0.04378959264226099, "error_max": 0.2525130311697744, "target": "755.xyz", "model": "14.xyz", "model_rescale": 3.942246331269136, "target_rescale": 4.085579531399888},
{"mapping": [10, 11, 4, 9, 6, 8, 7, 5, 3, 1, 0, 3, 12, 14], "R": [[0.5579068793879013, 0.33340001402876834, -0.7599897003099917], [-0.05657474156688304, 0.9289053164229829, 0.3659702334039732], [0.827972953995657, -0.16118108997874186, 0.53710468596445]], "T": [-0.023436596965776813, -0.03449538026498806, -0.12022469678809701], "aligned_model": [[-0.3534620152377117, 0.38676347339251405, 0.05860097320117873, -0.7104828996768501, -0.040625056996124384, 0.45581216403904845, -0.2702321793555486, -0.5003625608020617, -0.1050682118448321, -0.02664346411643025, 0.06868884929491344, -0.1050682118448321, 0.531455933289491, -0.011759390586855292], [-0.2738680775026024, -0.4924177020824256, 0.1322260643186544, -0.4536686408391489, -0.59318081078602, -0.5006062694788578, -0.5982632127212937, 0.33239374107729464, 0.6519860918161221, 0.6804867283519205, -0.03281122930547225, 0.6519860918161221, 0.5472552554635288, 0.0015961727244815024], [-0.7057026649088332, -0.48921531200199436, -0.6762262920372922, -0.09964651214919597, -0.10113187343126387, 0.26952161854969664, 0.47327111594308946, 0.08155130735667905, -0.31676323866280465, 0.2611304344759464, 0.6093145747080109, -0.31676323866280465, 0.027209138742020397, -0.030164988824704767]], "inverted": true, "swapped": false, "error_lsq": 0.05112871173606793, "error_max": 0.450817639512335, "target": "755.xyz", "model": "15.xyz", "model_rescale": 4.355366556412066, "target_rescale": 4.085579531399888},
{"mapping": [6, 4, 3, 9, 7, 10, 8, 12, 0, 5, 2, 13], "R": [[0.21493283741812186, -0.6151394395113017, -0.7585560924263393], [0.5113986120050842, 0.7325991989291996, -0.44918801560990956], [0.8320308498118736, -0.2913792780655768, 0.47204108007176115]], "T": [-0.040398118660032484, 0.06371765336544952, 0.03938542822940814], "aligned_model": [[-0.17241561686733894, 0.4674066387477268, 0.18810992219449738, -0.5422879063415061, -0.558386509142505, -0.5011480703002038, -0.11220730369584017, -0.19874824589577725, 0.47754632754462933, 0.1820631399983042, 0.38374923055026877, -0.01587305216047448], [-0.6187801295740618, -0.3989167943992291, -0.5422401833557947, 0.45006330624122703, -0.17057535177236074, -0.2446700517978386, 0.3575795490178968, 0.6521030341611483, 0.061686131621296075, -0.17405156941462463, 0.5621256413985026, 0.07845284561481894], [0.1312898537574588, 0.15990790847308814, -0.4502389716129988, -0.046953106663255965, -0.41073872360401276, 0.4581535641339348, -0.729039018184996, 0.5216871309951934, -0.5312199743166024, 0.6869070881562724, -0.2573812354572526, -0.08311605446740794]], "inverted": false, "swapped": true, "error_lsq": 0.03117073554248573, "error_max": 0.17786047955503184, "target": "755.xyz", "model": "16.xyz", "model_rescale": 3.795458400668931, "target_rescale": 4.085579531399888},
{"mapping": [0, 3, 4, 8, 1, 6, 7, 2, 9, 10, 5, 12, 13], "R": [[-0.5283342120018487, 0.5115166170989341, 0.6776530903493675], [-0.2536614960869791, 0.6665923095965282, -0.7009354736276957], [-0.8102584808758876, -0.5422226878492166, -0.22243145225050806]], "T": [-0.09027387677265906, 0.08869476683454988, 0.05376598902690491], "aligned_model": [[0.2439990005515707, -0.12765033985302757, 0.3281395705204499, -0.30572710751087384, 0.5793889343567081, -0.3263620112207009, -0.7461435516804196, 0.3292255600725321, -0.5091728652560826, -0.4734986104674139, 0.24584762849037323, 0.007728953545171988, -0.09714336064406517], [-0.36476185391464533, 0.12101214043255018, 0.4549009817543911, -0.6700731672212168, 0.1520033028080696, 0.6248582322252085, -0.050102973769362485, -0.4939104980752398, -0.20136525106907302, 0.6355954519239204, 0.7105689344147107, 0.0581115480760292, -0.013055582114856745], [-0.4720665303494138, -0.7565990305238108, -0.3672389603821853, -0.190853368817991, 0.15492885063636497, -0.3315512804213111, -0.2226161625938585, 0.08496337415697774, 0.4397705078394336, 0.24559583658617518, 0.21377339003051204, 0.8240563002735898, -0.019887895598187474]], "inverted": true, "swapped": true, "error_lsq": 0.03715564249768207, "error_max": 0.24640339063902025, "target": "755.xyz", "model": "17.xyz", "model_rescale": 3.7474275329858107, "target_rescale": 4.085579531399888},
{"mapping": [8, 5, 4, 3, 10, 12, 11, 1, 0, 2, 7, 6, 9, 13], "R": [[0.10752617761312791, 0.07267867355470653, 0.9915421985665758], [0.9932519023567223, -0.051449492449083506, -0.10394040692379458], [0.043460091954140856, 0.9960274896492869, -0.07772039803216091]], "T": [-0.06732518342241763, -0.025577242051431952, -0.026382221386166624], "aligned_model": [[-0.3393871440348574, 0.4145950044251725, 0.20849610961154108, -0.6570037677144883, -0.06255948052788593, 0.5390329113377211, -0.30407413458264065, -0.6425035279463335, -0.5118658029186373, -0.1381033043689069, 0.13424146474491594, 0.2773651353731788, 0.5483480279451931, -0.08896408858807295], [-0.22098425520073275, -0.39214960008649297, 0.22920350401363807, -0.3550860824636561, -0.6981086907340889, -0.37063117151823527, -0.48541414970412766, 0.16682356334527618, 0.5479728703855887, 0.6522070225628093, 0.044748375602090454, 0.6213129777941844, 0.23639325173479794, 0.07682658712125229], [-0.6625055113374811, -0.42210633682500653, -0.7668112914288057, -0.09189765946548521, -0.18168228279048293, 0.24288450509869386, 0.47783659449736904, 0.3062891162476944, -0.44179321898043766, 0.17219187573201006, 0.69600581553342, -0.26663300506233323, -0.03287244832882842, -0.04252208379377761]], "inverted": false, "swapped": false, "error_lsq": 0.0341188676401636, "error_max": 0.22551136318122192, "target": "755.xyz", "model": "18.xyz", "model_rescale": 3.922800546911778, "target_rescale": 4.085579531399888},
{"mapping": [3, 2, 0, 7, 9, 10, 11, 13, 12, 8, 4, 5, 1, 14], "R": [[0.012621865310373404, 0.40149575848096086, 0.9157739046499879], [0.9690571290597181, 0.22087511773846552, -0.11019284451613032], [-0.24651362869955873, 0.8888280701495747, -0.38628447105670616]], "T": [0.008741823484518775, 0.10025599918019389, -0.011426232768696414], "aligned_model": [[-0.21787176905442301, 0.4375838088485893, 0.24687764347956745, -0.6444661294266044, 0.010613375930594256, 0.3624278897373488, -0.3184769653657661, -0.5423591905599074, -0.6360894684719384, 0.008240351141024789, 0.030361262397553525, 0.000156033290813061, 0.7006046505929276, -0.0599840897838794], [-0.06534937749290697, -0.4038528988590081, 0.1692631746881446, -0.31968691593030857, -0.6819904352210877, -0.5016510193346638, -0.40297395541183534, 0.1698049074885316, 0.40547287198347415, 0.6456208949121028, -0.024537194813867527, 0.7077057644153707, 0.3154967111919352, 0.03979167523642262], [-0.5862047835851478, -0.28546588919544424, -0.809531474350644, -0.19898512314931407, -0.2368817695667683, 0.3925722262190324, 0.37188968105886916, 0.39263362479266656, -0.342559604745104, 0.2660039981911463, 0.7011931591131211, -0.473448729091325, -0.16301874014978168, -0.04181250644475658]], "inverted": true, "swapped": false, "error_lsq": 0.04132754738567885, "error_max": 0.2589681105401131, "target": "755.xyz", "model": "19.xyz", "model_rescale": 3.9282355846067225, "target_rescale": 4.085579531399888},
{"mapping": [1, 10, 2, 3, 0, 11, 4, 6, 5, 7, 8, 7, 12, 13], "R": [[0.3105658417609041, -0.08966616860654097, 0.9463132864642474], [0.8820623296400565, 0.3982337648438778, -0.2517457351539998], [-0.3542808272561442, 0.9128909281758115, 0.2027689539673365]], "T": [-0.040979708623563475, 0.040510054401068904, 0.043907173644267036], "aligned_model": [[-0.27701561529061125, 0.6011829455416023, 0.039649497056822754, -0.6812232855899399, -0.10419446573173421, 0.32902306932628644, -0.26131318201571163, -0.5617798315186874, -0.5658669888025581, 0.09769676642210862, -0.030186775849978413, 0.09769676642210862, 0.7274375398203496, -0.03348903703415778], [-0.2800917541401601, -0.19223372012237566, 0.2563976823818807, -0.32796568989912067, -0.7229220153996786, -0.55433456515432, -0.433500285410584, 0.3799494183394726, 0.2862282353012572, 0.633865165509593, 0.02257113678813895, 0.633865165509593, 0.4041535653916784, -0.05286813624307159], [-0.5909174694112547, -0.4811564510790564, -0.7470464745779576, -0.09985950245724813, -0.18711740833856022, 0.19430994696096293, 0.3990623554935611, 0.24488529249947988, -0.34571581198413764, -0.0856934581825912, 0.8042908182377099, -0.0856934581825912, 0.05353393197060197, -0.08649824185237016]], "inverted": false, "swapped": false, "error_lsq": 0.047773393825484234, "error_max": 0.3402836526032095, "target": "755.xyz", "model": "20.xyz", "model_rescale": 4.067790424073018, "target_rescale": 4.085579531399888},
{"mapping": [10, 12, 9, 13, 11, 3, 6, 5, 1, 8, 2, 7, 0, 14], "R": [[-0.6272735969664094, 0.4760812577073904, 0.616339574105519], [0.11672055694579342, -0.7249898069072195, 0.6787975334861617], [0.7700026922908042, 0.4977312687991205, 0.3991984943916136]], "T": [-0.0734584757611545, 0.014689021892231547, 0.04044357133753214], "aligned_model": [[-0.35258983881671513, 0.40928483096622575, 0.06566997640267602, -0.6619983531501139, -0.08196842517283898, 0.5246567605123369, -0.2510098579894315, -0.5970754270510343, -0.4575957137072274, -0.1625627632408853, 0.3204959796327709, 0.15790348819735203, 0.548157644589621, -0.08375089841683642], [-0.22670300093580448, -0.3202661137043233, 0.16466560855652654, -0.249185047974939, -0.6065356537423005, -0.5508354927649886, -0.4353348512354076, 0.24541853799420216, 0.49590837704269297, 0.5662862619911658, 0.005414854973222539, 0.6413524337141968, 0.3339342676734711, -0.011005978735411192], [-0.6910633630297385, -0.45126551322883596, -0.7093565331702723, -0.23179675089986562, -0.13855290103812434, 0.2553510028284916, 0.6003640326348477, 0.1855480150294055, -0.5019323277680192, 0.15432424306465914, 0.6716612900702735, -0.2918643688710986, 0.1674628670649344, -0.03249562359010806]], "inverted": true, "swapped": false, "error_lsq": 0.03642761520135355, "error_max": 0.2396681203400032, "target": "755.xyz", "model": "21.xyz", "model_rescale": 4.186013935880536, "target_rescale": 4.085579531399888},
{"mapping": [3, 7, 6, 1, 2, 4, 0, 8, 10, 9, 11, 12, 13], "R": [[-0.5464169548360562, 0.7782126389033276, -0.30953772002586505], [-0.19578948785967423, -0.4780442214305394, -0.856236064879608], [-0.8143064459473093, -0.40725767151520775, 0.41357732176785666]], "T": [0.11324074257868408, 0.041857295625004974, 0.01870621014006496], "aligned_model": [[0.051038686501925556, -0.3457339639363781, 0.43487167303491536, 0.49708885666586144, -0.19324612634965524, 0.595273313650573, -0.17090578494570716, -0.674861698955011, 0.42580226738607574, -0.30558410254771284, -0.47185540384876556, 0.2022860916584507, 0.014400227108653574], [-0.41342523429954137, 0.30085778816417075, 0.15532407787501776, -0.3586781169059749, -0.43469842138159154, -0.3947721283349181, -0.6692944580121362, -0.20281590783073264, 0.6160907396746069, 0.4827635015438908, 0.03968690773638275, 0.4296058799272383, -0.03168796861031948], [-0.6506080655969997, -0.47936798176187173, -0.5939577278239652, 0.41230776568344313, 0.4606817714732959, -0.23312968624252195, -0.06723002228953989, -0.013185289959116248, -0.21649900074239514, 0.21567862386706368, 0.5886707668980626, 0.6862457316661903, -0.006727323836300064]], "inverted": true, "swapped": true, "error_lsq": 0.05698480712048712, "error_max": 0.3370710368613839, "target": "755.xyz", "model": "22.xyz", "model_rescale": 4.166573947596378, "target_rescale": 4.085579531399888},
{"mapping": [5, 0, 7, 6, 1, 4, 2, 12, 13, 9, 3, 10, 8, 15], "R": [[0.6059026163566544, 0.7941601380550454, -0.04681553819569395], [-0.22280782746935124, 0.11290957336142993, -0.9683016576778789], [-0.7637006556960317, 0.5971273761667033, 0.24535730093420868]], "T": [-0.09810132974249261, 0.10464803429534555, 0.06667820107112714], "aligned_model": [[-0.29830216294482204, 0.3925867926798964, 0.18996536802260613, -0.6751899052928574, -0.1270350317746149, 0.4558542127097813, -0.20329084224863891, -0.7040680609336885, -0.44017720107178526, 0.07348496028515103, 0.15363112431042855, -0.02782015078306753, 0.6960429537585031, -0.10806465396099305], [-0.15480658710471382, -0.35839087522069124, 0.16795900157713634, -0.3845052292391157, -0.5595808925244147, -0.35439803845465423, -0.4789833924260215, 0.24049453177895627, 0.4155729479615504, 0.5905520145754054, -0.015130803782302263, 0.6386803047250832, 0.25626957367277603, 0.04938164731330911], [-0.6973014498493608, -0.39329559994997954, -0.5847808895176612, -0.01581720916302412, -0.19034676761815728, 0.2158876962240922, 0.38466996730257, 0.27579875252437236, -0.6426333913984397, 0.3747441571659848, 0.5993229734488601, -0.45371715164429777, 0.0872914492551085, 0.026561532316482048]], "inverted": true, "swapped": false, "error_lsq": 0.03908349133422778, "error_max": 0.2229121223550765, "target": "755.xyz", "model": "23.xyz", "model_rescale": 4.274766983524099, "target_rescale": 4.085579531399888},
{"mapping": [10, 3, 7, 9, 8, 11, 12, 2, 1, 0, 13], "R": [[0.34609184758631767, -0.9381907687094518, -0.004302852851004901], [-0.8949231082866854, -0.3287469063917538, -0.30172520907665207], [0.2816612562792174, 0.10827535752062802, -0.9533852231207455]], "T": [0.1105914826829433, 0.028288184564839815, -0.10017763322864831], "aligned_model": [[0.19990527466748975, 0.2944311629063395, -0.36121109567214504, -0.46273496314935714, -0.5156023115710016, -0.4817590366528691, -0.02247283003381606, -0.031058643186890666, 0.5781334715858157, 0.13161998497946586, 0.050643690085043734], [-0.23944988200201525, 0.8113921352849721, 0.3926737419291383, -0.2407259635762651, 0.45371628931905006, -0.1999023010541914, -0.7223786088077927, 0.08377894227099383, -0.15087234451245232, 0.6045782954819346, 0.12277622691011111], [-0.7350789015795904, -0.21010511788095568, -0.5130243719061938, -0.1870041251052372, 0.22979170222895023, 0.41387661646074353, 0.05042218625769129, 0.6021313918473863, 0.36025278424971835, 0.4110059071948216, -0.04270163774575666]], "inverted": false, "swapped": true, "error_lsq": 0.048468503399329815, "error_max": 0.2663281193562305, "target": "755.xyz", "model": "24.xyz", "model_rescale": 3.7841303162186577, "target_rescale": 4.085579531399888},
{"mapping": [3, 11, 13, 4, 6, 7, 1, 2, 12, 9, 0, 14, 10, 15], "R": [[-0.4838505156923361, -0.84120125020992, 0.24139000623374668], [0.8288846880043199, -0.5289896108442625, -0.18198946565891388], [0.2807825714965974, 0.11202878319478177, 0.9532107318319779]], "T": [-0.04462192603536287, 0.022412123131408276, 0.02053405527981539], "aligned_model": [[-0.35686061806569835, 0.4566940718996163, 0.09719528416305544, -0.6663845671212298, -0.08880774359253087, 0.4803466764975981, -0.3411681827901075, -0.7142715267916733, -0.3770906513852174, -0.11716103610227925, 0.21079812484944171, 0.200805092436259, 0.6462126148326586, -0.05269013607399293], [-0.3207256192718421, -0.269541119079936, 0.18774768258828514, -0.38904912877640885, -0.6623261552494006, -0.32974208629485974, -0.3578210501695195, 0.33662091750744416, 0.5079349364424138, 0.5993300196210465, -0.26432484999284045, 0.7036212740884544, 0.3489509189487976, -0.03756153750933078], [-0.6380746119655658, -0.48233088060200374, -0.7308327186340036, -0.008017637957792478, -0.20575681039955632, 0.17285260056636145, 0.5866784232015136, 0.1676233943594848, -0.4579051266931341, 0.08413064910994492, 0.648126642235032, -0.30353173058328975, 0.1667365082243471, -0.013314631764789378]], "inverted": true, "swapped": false, "error_lsq": 0.03906192158188343, "error_max": 0.2356296796055207, "target": "755.xyz", "model": "25.xyz", "model_rescale": 4.19342608120988, "target_rescale": 4.085579531399888},
{"mapping": [6, 4, 3, 9, 7, 10, 8, 12, 0, 5, 2, 13], "R": [[0.21493283741812186, -0.6151394395113017, -0.7585560924263393], [0.5113986120050842, 0.7325991989291996, -0.44918801560990956], [0.8320308498118736, -0.2913792780655768, 0.47204108007176115]], "T": [-0.040398118660032484, 0.06371765336544952, 0.03938542822940814], "aligned_model": [[-0.17241561686733894, 0.4674066387477268, 0.18810992219449738, -0.5422879063415061, -0.558386509142505, -0.5011480703002038, -0.11220730369584017, -0.19874824589577725, 0.47754632754462933, 0.1820631399983042, 0.38374923055026877, -0.01587305216047448], [-0.6187801295740618, -0.3989167943992291, -0.5422401833557947, 0.45006330624122703, -0.17057535177236074, -0.2446700517978386, 0.3575795490178968, 0.6521030341611483, 0.061686131621296075, -0.17405156941462463, 0.5621256413985026, 0.07845284561481894], [0.1312898537574588, 0.15990790847308814, -0.4502389716129988, -0.046953106663255965, -0.41073872360401276, 0.4581535641339348, -0.729039018184996, 0.5216871309951934, -0.5312199743166024, 0.6869070881562724, -0.2573812354572526, -0.08311605446740794]], "inverted": false, "swapped": true, "error_lsq": 0.03117073554248573, "error_max": 0.17786047955503184, "target": "755.xyz", "model": "26.xyz", "model_rescale": 3.795458400668931, "target_rescale": 4.085579531399888},
{"mapping": [2, 9, 8, 0, 3, 5, 12, 1, 10, 7, 4, 6, 13], "R": [[-0.5958130633201363, 0.7899056617227166, 0.14510630294881166], [-0.6796279991719157, -0.592165651501425, 0.4329499092544904], [0.42791655298510456, 0.15933890535675815, 0.8896620352252063]], "T": [-0.09002820565237593, -0.11664738560037982, 0.019251732923529934], "aligned_model": [[-0.09795959237077062, 0.410787078590789, 0.5284871216099043, -0.09034488951223546, -0.060123907166949715, -0.7264265371812146, -0.16958445367267921, -0.6759643411388265, -0.09612176579850146, 0.5320027342164476, -0.6335282578208783, -0.19737101915545874, -0.024175787778369207], [-0.5938172953785907, -0.42206406317576173, -0.25060778759050795, -0.06416485966647403, 0.5418148755784338, -0.03123427550151081, -0.7643139803685417, -0.395892852292816, 0.15612034934483923, 0.25395904225659127, 0.25611863839816806, 0.546595399395348, -0.11063168774226259], [-0.5179892924644892, 0.27325049120716854, -0.5112960059836467, -0.7495828305766259, -0.4547377828629284, 0.3554202609422637, 0.441253909508909, -0.1841960254045945, 0.6582516371323268, 0.05856232274216371, -0.2089480847664058, 0.2199126297675811, -0.08776456714229641]], "inverted": false, "swapped": true, "error_lsq": 0.048932993087107454, "error_max": 0.3320185918278869, "target": "755.xyz", "model": "27.xyz", "model_rescale": 3.6321398670334006, "target_rescale": 4.085579531399888},
