[{"mapping": [5, 13, 1, 9, 8, 10, 8, 0, 6, 3, 2, 11, 4, 14], "R": [[0.07799963705568165, -0.916647626252168, 0.39201171654103406], [0.9311790569069388, -0.07347269787188766, -0.35708168063530105], [0.3561202333441428, 0.3928853419939365, 0.8478322283619686]], "T": [-0.009246899346367445, 0.11509270271537189, 0.0656329240608781], "aligned_model": [[0.10697303969587174, 0.2841736677106027, -0.4844977504648962, -0.28284250241990805, -0.75807413415795, -0.12891638974398245, -0.75807413415795, -0.038190650075655565, -0.3396505638969283, 0.27807921814081143, 0.7489453628367466, 0.17963131225880585, 0.5692082458879391, -0.005272620485203416], [-0.5937010111808511, -0.5096670110281389, -0.3587218420297046, -0.3365236808076526, 0.18839929349734835, 0.3062052925165213, 0.18839929349734835, 0.48039713993164956, 0.8216014934905066, -0.12708663130927492, 0.4488760373992784, 0.7454016721444264, -0.10512136853637497, 0.0868146542249527], [0.36134739937937793, -0.32718381517447137, 0.3831007281936987, -0.23065666140674296, 0.06624385069014803, -0.6050076027182505, 0.06624385069014803, 0.7421230315567042, 0.2527933893353763, 0.6372463577216323, 0.16300077417848707, 0.19130690547255275, 0.09159297158304656, 0.1054369076781267]], "inverted": true, "swapped": true, "error_lsq": 0.05499399434178205, "error_max": 0.5144014216096315, "target": "756.xyz", "model": "0.xyz", "model_rescale": 3.8414455957264533, "target_rescale": 4.110959450332192},
{"mapping": [12, 8, 3, 10, 5, 6, 11, 0, 13, 9, 7, 1, 4, 2, 14], "R": [[-0.6173819069219877, 0.4467092478227346, -0.6475263924466843], [0.2991030180780704, 0.8946080219826079, 0.331984746006433], [0.7275829613054172, 0.011284277292455014, -0.6859268907864944]], "T": [0.009378675225574562, 0.012214044079503506, 0.03370438993606338], "aligned_model": [[-0.38371493883976227, 0.20823625983383953, -0.40064164168870064, -0.08441293030413569, 0.13244264528775548, 0.6287042584188975, -0.7372657212502313, -0.3335508686883184, -0.09074075062955897, 0.5383629927067456, 0.2858333920429993, -0.8052524911063955, -0.050885081515170655, 0.5269151221144012, -0.06794256818583887], [-0.4859023858051001, -0.6615822899345464, 0.6523241392928297, 0.009249565521759996, 0.48263026074795395, 0.1273565759743389, -0.3980199497734479, 0.03847736645824322, -0.6696272123742129, -0.3313995805117911, 0.0665360663439102, 0.30311186224460746, 0.4828242329630314, 0.535942027600666, 0.03624005583101454], [-0.39014343266910445, -0.3278983738995648, -0.15476122433762873, -0.6442156990194345, -0.4111401080071727, -0.42803708874517876, 0.05596686124341212, 0.6718477400665861, 0.3497986831515308, 0.29373313613089125, 0.6112655638229727, 0.01781686665084091, 0.29962085161283397, 0.08340099985038926, -0.005130840770315524]], "inverted": true, "swapped": false, "error_lsq": 0.05000050076492214, "error_max": 0.29729732908840495, "target": "756.xyz", "model": "1.xyz", "model_rescale": 4.316132596720782, "target_rescale": 4.110959450332192},
{"mapping": [7, 11, 6, 9, 8, 10, 1, 13, 0, 12, 3, 14], "R": [[0.6370879229024442, -0.41374391398336463, 0.6503344924987258], [-0.7547667080799086, -0.16371853444513376, 0.6352349627132902], [-0.1563527897610622, -0.8955513470041031, -0.4165832329956036]], "T": [0.012425848092036354, 0.13342215808585162, -0.004290571457781105], "aligned_model": [[-0.20008162945778962, 0.4656901495643873, 0.17824245883263712, -0.5338801172315751, -0.4706189083120401, -0.40752334004972973, -0.30258791431538784, -0.273307597285242, 0.5521340549802048, 0.0950848499025196, 0.46607397517745397, 0.02858257282634251], [-0.6507625885497457, -0.3548835714069988, -0.5888434613414726, 0.39387746985093997, -0.18848644101891165, -0.22045287851314704, 0.4717439060198234, 0.7258357685049734, -0.07264427295498221, -0.24235979652727485, 0.5708511441489083, 0.1689011495288685], [0.09063874323396476, 0.06547555872717184, -0.3111904237687787, 0.013380115267748703, -0.4829961952099138, 0.4418245066579925, -0.5851985894181168, 0.44082495522648335, -0.5124004173686291, 0.5932444668653712, -0.27038886928032196, -0.03395538972355146]], "inverted": true, "swapped": true, "error_lsq": 0.0472479666132209, "error_max": 0.26843160352334405, "target": "756.xyz", "model": "2.xyz", "model_rescale": 3.795458400668931, "target_rescale": 4.110959450332192},
{"mapping": [13, 9, 1, 6, 4, 0, 8, 12, 7, 11, 3, 14], "R": [[-0.5990316519060737, 0.6814255386900191, 0.4205000775691937], [-0.39693017021705923, 0.20337888846366461, -0.8950326629228347], [-0.6954189528522624, -0.7030620619463843, 0.14864796354327048]], "T": [0.036082213411778224, 0.00041198786680746776, -0.02852318316679136], "aligned_model": [[-0.12746888962674505, -0.3230853525792309, -0.694250613632874, 0.32737469534380115, 0.15148083669796428, 0.020356295221650444, -0.28788938917240015, 0.7100380350994715, 0.4953866895734699, 0.5579003204775864, -0.23684277875327273, 0.000303977094144231], [-0.19565636929977784, -0.4274368153648248, -0.04001170187995575, 0.01207744651659027, 0.3361098647420798, 0.5626100295595622, -0.4198465989302837, -0.18824667168466996, -0.4559294709439699, 0.25177336325747113, 0.6168417041942372, 0.03348426512325059], [-0.7805428343231148, -0.2620686636572486, 0.09847795072581761, 0.7187136600075273, -0.5362323612380102, 0.49646252664806034, 0.504901205122059, -0.15215234884594891, 0.47138539928269635, 0.30805020773884406, -0.144606767882746, -0.03361654293883572]], "inverted": false, "swapped": true, "error_lsq": 0.05220992492386161, "error_max": 0.25467229455078033, "target": "756.xyz", "model": "3.xyz", "model_rescale": 3.7530521520055578, "target_rescale": 4.110959450332192},
{"mapping": [1, 6, 0, 11, 3, 10, 5, 9, 13, 4, 14], "R": [[-0.6492317876963565, 0.562767641120352, -0.5116548328242665], [-0.11406370469723881, 0.5930594691818581, 0.7970382282453421], [0.7519890671514675, 0.5758237995442421, -0.3208416973572764]], "T": [-0.07638310544419558, 0.04959938007491024, -0.04694381862529119], "aligned_model": [[-0.5194814038183262, 0.0805055251593575, 0.37091583833720393, 0.4162439576380591, 0.2855792660837459, -0.37735236551186746, -0.18427726166498604, -0.6269609785772364, -0.31506521404534393, 0.2768561281355947, -0.06876388929099629], [-0.5459253685093655, 0.1147004302302341, -0.3859500416967603, 0.25964506976701557, -0.4828620176048477, 0.6860970719329883, -0.48711683320364674, 0.04495634874321697, 0.189669175983614, 0.0702752420846158, 0.0037142805872813836], [-0.03415426181631541, -0.830843112928306, -0.4965484162244511, -0.4493835163769756, 0.18417767916126682, -0.1168846352116832, 0.5040890401590176, 0.20493289371730444, 0.69745971644168, 0.4615569865685485, -0.03157159624476932]], "inverted": false, "swapped": true, "error_lsq": 0.05242520699735375, "error_max": 0.3073466221829774, "target": "756.xyz", "model": "4.xyz", "model_rescale": 3.7855080009869324, "target_rescale": 4.110959450332192},
{"mapping": [15, 3, 13, 14, 12, 2, 10, 7, 5, 0, 4, 8, 6, 1, 16], "R": [[-0.396320690251445, -0.8472139229845281, -0.35377744300588837], [-0.28374048772072197, -0.25344435322121767, 0.9248012194240911], [-0.8731673643160429, 0.4668988418506144, -0.1399436507024523]], "T": [-0.06638696772435447, 0.0543779296614107, -0.03350948241044911], "aligned_model": [[-0.7029924000475984, 0.21282953114048364, -0.437477609863407, -0.012910925156708337, 0.20271719833605234, 0.4722631007692546, -0.5225014186236233, -0.3420278427190629, 0.1115204491406281, 0.5983152875822855, 0.2370978137903395, -0.7638866047050907, -0.2516470865313798, 0.6228569497089284, -0.0580687646245753], [-0.07086168001263585, -0.5699356813742732, 0.6416368670303255, 0.08275823674646424, 0.5603635692630977, -0.21294035101645398, -0.5065764196412271, -0.12572574417253152, -0.5635098559836479, -0.20008026561316222, 0.15840632108628158, 0.1347732554097567, 0.4805509105625617, 0.3376279141314859, 0.041673658163215346], [-0.541807299040704, -0.15470051853312158, -0.23914584756155072, -0.7073286492303984, -0.4004246542635054, -0.4626746348936771, 0.057342593810170525, 0.6395092740737792, 0.4580867746891947, 0.28570176734179153, 0.6328806923609682, 0.014871525983122774, 0.424892466534357, 0.09996788484068476, -0.08504744103005417]], "inverted": false, "swapped": false, "error_lsq": 0.04169075839841849, "error_max": 0.3028347810340334, "target": "756.xyz", "model": "5.xyz", "model_rescale": 4.2253639853439635, "target_rescale": 4.110959450332192},
{"mapping": [8, 1, 13, 10, 9, 4, 12, 7, 3, 0, 5, 2, 11, 14], "R": [[0.787507657535798, 0.3620477556242303, -0.4987515533509025], [0.4926979684412582, 0.1163248244979575, 0.8623904261408382], [0.3702437051677414, -0.9248729414643815, -0.08677350362112607]], "T": [0.050784772035071125, -0.04547522498229319, 0.002776941734682875], "aligned_model": [[0.4645712665390019, -0.14705320983875578, -0.6386628365267788, 0.27575549517526066, -0.22127323614824448, -0.4136038304857448, 0.27458959771411184, 0.7832216050427081, -0.2974750390703238, 0.3873816980556649, -0.6305628663095166, -0.007186599176203144, 0.5204544026063054, 0.023905705180298553], [-0.2365468451942808, 0.061178290951526694, -0.4292822225591279, -0.6892423859137842, -0.465738670915294, 0.10401765381428896, -0.3590584697730995, -0.395482947665572, 0.5419644924197579, 0.6429344654911553, 0.16664400271458343, 0.2993600004509971, 0.2148721213195274, -0.01052033850568792], [-0.5958789109843045, -0.7047783998668279, 0.0926629994511132, 0.19133871226917415, -0.33775573884092824, 0.3845800602794891, 0.5999952088751499, 0.10351223532227642, -0.03695626286484429, -0.06591472844178306, -0.30400226708855393, 0.760058465742656, 0.4032616764730088, -0.01856484139417712]], "inverted": true, "swapped": true, "error_lsq": 0.04667034793553711, "error_max": 0.28312367860719756, "target": "756.xyz", "model": "6.xyz", "model_rescale": 3.89814844738969, "target_rescale": 4.110959450332192},
{"mapping": [9, 13, 5, 10, 1, 4, 12, 8, 11, 2, 3, 0, 14], "R": [[-0.45857050428294965, 0.8107858416502841, 0.3637848424290402], [-0.07769879390242587, -0.4443776737574986, 0.8924636577990067], [0.8852547599577139, 0.38099186611437597, 0.2667755759564506]], "T": [-0.06773334819182253, -0.011101335924861927, 0.004774119065655991], "aligned_model": [[0.2474070852865144, -0.05143903276787716, 0.432380812304066, -0.4203521065879273, 0.6739980318824838, -0.28804711813808903, -0.7486582206353594, 0.3638853584883457, -0.5182324940229841, -0.7108459225766923, 0.16376060449775867, 0.03914847531715476, -0.034373672143171684], [-0.21901884234113764, 0.21542319027177864, 0.49415994459792023, -0.5412838621871623, -0.02226636309895333, 0.5167091955234654, -0.1915356328685184, -0.5995037696818066, -0.02544778055880302, 0.4927602717079592, 0.6084146064630251, 0.21128469833589392, 0.024085609306824164], [-0.4685716827081511, -0.756242604816712, -0.3081787829478078, -0.30372227498851884, -0.024539750400031198, -0.23325193403980343, -0.08944632771326803, 0.18808894408432836, 0.5003576382604595, 0.1729318313637123, 0.17958713962109676, 0.7335022341161627, 0.011760601004828472]], "inverted": true, "swapped": true, "error_lsq": 0.047481190617501445, "error_max": 0.2332526726249804, "target": "756.xyz", "model": "7.xyz", "model_rescale": 3.7474275329858107, "target_rescale": 4.110959450332192},
{"mapping": [5, 11, 8, 9, 4, 11, 6, 0, 10, 12, 1, 3, 2, 13, 14], "R": [[0.4987478153142768, 0.8134230476356921, 0.29932183731612166], [0.8554787970081073, -0.4064740562599556, -0.32083464503874953], [-0.13930773341346864, 0.4160790635956599, -0.8985942177916354]], "T": [-0.02218182912254859, -0.011542915418667523, 0.03837907925864579], "aligned_model": [[-0.5963439453690117, 0.3408890598961006, -0.3015560260131113, -0.041156462531697184, 0.17887960583452503, 0.3408890598961006, -0.6698193185127513, -0.3475842727818485, 0.04313808999994837, 0.5397115829371569, 0.01991119909480913, -0.7126588579458739, -0.20928758159039473, 0.7775549682816981, 0.0035205770008762405], [-0.10074423729047002, -0.3513625593769573, 0.47580712361630884, -0.10387721621015637, 0.7079213119685138, -0.3513625593769573, -0.5022846903193049, -0.23333939500398956, -0.7537654271869371, -0.17928512361198262, 0.2535718909754013, 0.1437391778742282, 0.7534482101654033, 0.3896702322457781, 0.04002399611037874], [-0.38043168047132314, -0.3346920864954713, -0.348467548516348, -0.7175672020819889, -0.19436836053112858, -0.3346920864954713, 0.12008765348113384, 0.5667092874912204, 0.18016205030416169, 0.2301627174389871, 0.7403364401118395, 0.15354626709659516, 0.3356491770163984, -0.04857432039516458, 0.05426362712761725]], "inverted": false, "swapped": false, "error_lsq": 0.05305115957278757, "error_max": 0.41460784264710654, "target": "756.xyz", "model": "8.xyz", "model_rescale": 4.019505241142653, "target_rescale": 4.110959450332192},
{"mapping": [11, 4, 0, 6, 7, 8, 1, 12, 10, 13, 5, 9, 14], "R": [[0.021514096805550886, -0.8333179835002501, 0.5523751279825322], [0.6542414365365671, -0.4060430203837769, -0.6380416979447261], [0.7559796864712773, 0.3751135880939227, 0.536455505769204]], "T": [-0.04904899657364588, -0.029155995054598302, 0.001852337725624863], "aligned_model": [[-0.18010930094732508, -0.6465335316959078, -0.07877083454462265, 0.3295661936045375, 0.4242039562764536, 0.6947667609947241, 0.31555730157581924, -0.23777043355791638, 0.19028812996289568, -0.35130512870900865, -0.28933260037287944, 0.21128633909244993, -0.06214607993804401], [-0.5495044543026651, 0.07374386064160705, -0.024567660143226852, -0.4969238242778648, -0.6960340391996591, 0.03721028585967111, 0.6122692494277867, -0.6710671099271676, -0.48763129272884714, 0.27800446936667605, 0.7034099513621492, 0.27119099382238454, 0.013277798213214537], [-0.3991701092039562, 0.12914085362592195, -0.7669255870525667, -0.5284250316414264, -0.018691189583253068, -0.09007204766575912, -0.08052061931878958, 0.2414917540215798, 0.48467908341692834, 0.6689497814289245, 0.09647568525923154, 0.458598032418323, -0.018827111661278963]], "inverted": false, "swapped": true, "error_lsq": 0.04666424575787606, "error_max": 0.22811355058923508, "target": "756.xyz", "model": "9.xyz", "model_rescale": 3.877068213659057, "target_rescale": 4.110959450332192},
{"mapping": [8, 10, 7, 9, 2, 14, 0, 5, 12, 6, 3, 1, 4, 13, 15], "R": [[0.29884292602645757, 0.1093150214724965, 0.9480206388282973], [-0.645706542295539, -0.708316727385746, 0.2852200465294931], [0.7026777118997619, -0.697379121988904, -0.1410900188294727]], "T": [0.010257055917789602, -0.014580697778791762, -0.0024816186787376673], "aligned_model": [[-0.5463164990151982, 0.377965576662499, -0.5313104527207465, 0.06970231801927151, 0.12176659813098087, 0.6121198791801838, -0.6138218424517361, -0.4247427773357405, -0.06287810518099415, 0.4839333928136913, 0.15185334321576163, -0.788592043195479, -0.11488620211799214, 0.6885767684245192, -0.05728227623249462], [-0.05547218640256708, -0.5277257629958455, 0.5643512631836591, -0.03207053742885698, 0.5004694572645284, -0.008128890679834416, -0.4900016095473265, -0.06334612015781324, -0.6201160200948581, -0.2873592770645578, 0.13984412601371377, 0.18635073044074646, 0.5969552431518468, 0.35586340160740093, -0.07145308271097921], [-0.5352824256558725, -0.3260297067197603, -0.19697837335610682, -0.6596008393855698, -0.4057734704867818, -0.49971502745007446, 0.13267207493281183, 0.6451236012601742, 0.4289965816421626, 0.28304797641180135, 0.596571641013845, 0.27023304576564144, 0.2591548422039904, 0.014607349061052655, 0.015096665843743726]], "inverted": false, "swapped": false, "error_lsq": 0.040655704097572146, "error_max": 0.2672891337689945, "target": "756.xyz", "model": "10.xyz", "model_rescale": 4.260839863003843, "target_rescale": 4.110959450332192},
{"mapping": [1, 8, 6, 0, 2, 3, 5, 9, 10, 12, 4, 14], "R": [[0.8795732321182506, -0.2787170616553438, 0.3855745438735106], [0.4722290841484458, 0.6100560148791159, -0.6362635859407109], [-0.05788455256261947, 0.7417199324893617, 0.6682072435424524]], "T": [0.031481120278352835, -0.0011126228548153632, 0.01119315452971039], "aligned_model": [[0.4214217138984623, 0.3355814416691603, -0.40666455484517927, -0.5701152935820509, -0.6147712078698269, -0.23841449553095376, 0.3167902880801271, 0.6356869139534782, 0.31008686245208084, -0.15637499442472508, -0.10264568662375556, 0.028317661917312893], [-0.03137013244411915, -0.6245781347299374, -0.6710107517340466, -0.161688216727525, 0.3892211766384326, 0.4465254280467263, 0.568443598476683, 0.029691086539567174, -0.300616357545871, -0.08207268818849447, 0.5857489609325314, 0.024784536268987342], [-0.619822073117321, -0.28023472181584963, -0.03994545170274653, -0.44071521182194645, 0.365798248288675, -0.43008405665652233, -0.4332694912725236, -0.013012644798606844, 0.5884971285373818, 0.6918165878662721, 0.15741899847501545, -0.030269234586323412]], "inverted": false, "swapped": true, "error_lsq": 0.050581687937926216, "error_max": 0.3112971688299093, "target": "756.xyz", "model": "11.xyz", "model_rescale": 3.890672605050136, "target_rescale": 4.110959450332192},
{"mapping": [11, 2, 3, 6, 0, 9, 12, 8, 7, 13, 5, 4, 1, 14], "R": [[-0.7455797975571068, -0.4794491211428536, -0.4628599201810947], [0.3492395559311881, 0.31043236757023784, -0.8841173438733818], [0.5675759843824355, -0.8208290232442335, -0.06400950360866264]], "T": [0.027743613141348246, -0.02951459731046, 0.12348328041631079], "aligned_model": [[0.40757250949957413, 0.12340626154550358, 0.33449577134079966, 0.6010302889076105, 0.7864246514763384, -0.3913138520369227, -0.23547175600070688, 0.2141356429053301, 0.1071352091464445, -0.6718354430739345, -0.09519635589056083, -0.17464383918162316, 0.15746359105163404, 0.04667315510420709], [-0.24179869271320334, 0.27104758778814997, 0.5813556278592881, -0.5715495416030565, 0.06765417951613786, -0.06470289477788213, -0.34029218001998274, -0.5267352687130177, -0.8220785868696651, 0.3361612287439244, 0.6275925560616705, 0.4689932689683527, 0.13610988846580355, 0.010395347121245284], [-0.3858533447109996, -0.6486943868161945, 0.14974592691956665, -0.0210532177678478, 0.04050588001801775, 0.5590886694370059, -0.4589492680815012, 0.6565368164231888, -0.06267798460982385, 0.2106363300289189, 0.5190064870733746, -0.18361237681939102, 0.835445820164076, 0.14466508409847043]], "inverted": false, "swapped": true, "error_lsq": 0.0513588275263216, "error_max": 0.30238294525594434, "target": "756.xyz", "model": "12.xyz", "model_rescale": 4.124412569039231, "target_rescale": 4.110959450332192},
{"mapping": [0, 1, 5, 6, 3, 2, 8, 12, 9, 10, 4, 13, 14], "R": [[0.4931253972665683, 0.6666318510760059, -0.5589537706301544], [0.843661355574165, -0.5232292420736072, 0.1202775014283271], [-0.21228014434103792, -0.5308795865072009, -0.8204291590067309]], "T": [0.050267093377960904, 0.08665227084036245, -0.034265176329626265], "aligned_model": [[-0.17080240731095722, -0.025517038454041567, 0.585261014715252, -0.6353412336332015, 0.446223623087993, 0.45054313702599774, -0.5872741076295004, 0.026504279202477367, 0.09827407998297608, -0.18541422373576252, 0.6434723174482876, 0.6492633213697847, 0.07210554544045178], [-0.3147012530946175, 0.6758726145028398, 0.5132063727442171, -0.30625212284917513, -0.006967047534072249, -0.6425145676374576, 0.47300696016202237, -0.33175186478570284, 0.6598571558487504, 0.14030441388933856, -0.08922661093968529, 0.47810174102142977, 0.09854958518058989], [0.5837700676379171, 0.4109601070253587, 0.3333973813014466, 0.10327627962151949, 0.5156465392824433, -0.09625009166648306, 0.06765502841953404, -0.6082564811161058, -0.22329141626416849, -0.6992308065549085, -0.06513097248230464, -0.37878825372637853, 0.007940699489968991]], "inverted": false, "swapped": true, "error_lsq": 0.04730769975413392, "error_max": 0.28133854000776537, "target": "756.xyz", "model": "13.xyz", "model_rescale": 3.9028299243045295, "target_rescale": 4.110959450332192},
{"mapping": [4, 13, 7, 10, 9, 14, 0, 2, 8, 12, 1, 3, 6, 11, 15], "R": [[-0.4040284223389078, -0.8962053130790911, -0.18324047247030864], [0.9124651188156164, -0.38071330918681123, -0.14988256453914572], [0.06456346402677618, -0.22775735557131038, 0.9715750851560714]], "T": [-0.07671770525252056, -0.051401335116187594, 0.05038859894684586], "aligned_model": [[-0.5806013398537707, 0.42817886326651455, -0.3669607254727305, -0.047555077172967516, 0.14759621873318934, 0.6065888692521502, -0.7842862751260419, -0.27355866508164084, -0.1387309408906624, 0.49651251189350354, 0.21244756542833407, -0.6488974147849186, -0.19886513208241385, 0.5836678791608834, -0.06944865907290226], [-0.23514532188748866, -0.4899905202751953, 0.5556166278971187, -0.014400844455904074, 0.6427646282878473, 0.16045189266325366, -0.434979466688185, -0.17063259885437385, -0.7500669857868499, -0.40405153463660376, 0.2724897509336368, 0.18286739999671414, 0.5601799393616749, 0.2641981929530179, 0.04885957507059384], [-0.36398165093739776, -0.3801579531871774, -0.5561723111271529, -0.6933405902499788, -0.2116463895969434, -0.47043861606891924, 0.24896086577080162, 0.7498078665086784, 0.37369623377202643, 0.22726495092703314, 0.5337898467238241, 0.13050092625153045, 0.28588087711346954, 0.15110853798271007, -0.003148658801446616]], "inverted": true, "swapped": false, "error_lsq": 0.04839084810096485, "error_max": 0.3233860766092664, "target": "756.xyz", "model": "14.xyz", "model_rescale": 3.942246331269136, "target_rescale": 4.110959450332192},
{"mapping": [4, 5, 11, 10, 6, 9, 12, 12, 1, 2, 0, 13, 8, 7, 14], "R": [[0.07609224843599549, -0.6517983508822522, 0.7545653580142221], [0.3209774309187068, -0.7004649242007229, -0.6374342152766059], [0.9440251366191378, 0.2907022527460905, 0.15591260911025295]], "T": [-0.06516237943161382, -0.014265304698694954, -0.10560800215490107], "aligned_model": [[-0.5009517221340715, 0.2850169174509092, -0.4309102451819793, -0.07401786261676274, 0.1450328210666097, 0.6006084432615695, -0.589950233471738, -0.589950233471738, -0.08264532151997758, 0.6017125115424117, 0.28361092926911924, -0.8502038483027015, -0.044834268976803704, 0.6478762684152832, -0.03430647713360406], [-0.14957021222852057, -0.5429858216841497, 0.5618170235121022, 0.03851979089819346, 0.4830307787884203, 0.06920170250152959, -0.2951207279796973, -0.2951207279796973, -0.6467937116868371, -0.21063474025321935, 0.050305354386709286, 0.12787987452716923, 0.6264309773592986, 0.4097353262040178, -0.03853415178606244], [-0.4736354572556176, -0.08093751082194456, -0.32576402519045217, -0.8170402407718665, -0.25156680584384794, -0.5505178542506275, 0.45456536174984474, 0.45456536174984474, 0.4005970915270932, 0.20961389303619332, 0.5385234223164387, 0.05070734156057799, 0.3279078203593324, 0.10122250768300767, -0.01611697076691916]], "inverted": true, "swapped": false, "error_lsq": 0.047968276688153955, "error_max": 0.3127558859539914, "target": "756.xyz", "model": "15.xyz", "model_rescale": 4.355366556412066, "target_rescale": 4.110959450332192},
{"mapping": [7, 11, 6, 9, 8, 10, 1, 13, 0, 12, 3, 14], "R": [[0.6370879229024442, -0.41374391398336463, 0.6503344924987258], [-0.7547667080799086, -0.16371853444513376, 0.6352349627132902], [-0.1563527897610622, -0.8955513470041031, -0.4165832329956036]], "T": [0.012425848092036354, 0.13342215808585162, -0.004290571457781105], "aligned_model": [[-0.20008162945778962, 0.4656901495643873, 0.17824245883263712, -0.5338801172315751, -0.4706189083120401, -0.40752334004972973, -0.30258791431538784, -0.273307597285242, 0.5521340549802048, 0.0950848499025196, 0.46607397517745397, 0.02858257282634251], [-0.6507625885497457, -0.3548835714069988, -0.5888434613414726, 0.39387746985093997, -0.18848644101891165, -0.22045287851314704, 0.4717439060198234, 0.7258357685049734, -0.07264427295498221, -0.24235979652727485, 0.5708511441489083, 0.1689011495288685], [0.09063874323396476, 0.06547555872717184, -0.3111904237687787, 0.013380115267748703, -0.4829961952099138, 0.4418245066579925, -0.5851985894181168, 0.44082495522648335, -0.5124004173686291, 0.5932444668653712, -0.27038886928032196, -0.03395538972355146]], "inverted": true, "swapped": true, "error_lsq": 0.0472479666132209, "error_max": 0.26843160352334405, "target": "756.xyz", "model": "16.xyz", "model_rescale": 3.795458400668931, "target_rescale": 4.110959450332192},
{"mapping": [9, 13, 5, 10, 1, 4, 12, 8, 11, 2, 3, 0, 14], "R": [[-0.45857050428294965, 0.8107858416502841, 0.3637848424290402], [-0.07769879390242587, -0.4443776737574986, 0.8924636577990067], [0.8852547599577139, 0.38099186611437597, 0.2667755759564506]], "T": [-0.06773334819182253, -0.011101335924861927, 0.004774119065655991], "aligned_model": [[0.2474070852865144, -0.05143903276787716, 0.432380812304066, -0.4203521065879273, 0.6739980318824838, -0.28804711813808903, -0.7486582206353594, 0.3638853584883457, -0.5182324940229841, -0.7108459225766923, 0.16376060449775867, 0.03914847531715476, -0.034373672143171684], [-0.21901884234113764, 0.21542319027177864, 0.49415994459792023, -0.5412838621871623, -0.02226636309895333, 0.5167091955234654, -0.1915356328685184, -0.5995037696818066, -0.02544778055880302, 0.4927602717079592, 0.6084146064630251, 0.21128469833589392, 0.024085609306824164], [-0.4685716827081511, -0.756242604816712, -0.3081787829478078, -0.30372227498851884, -0.024539750400031198, -0.23325193403980343, -0.08944632771326803, 0.18808894408432836, 0.5003576382604595, 0.1729318313637123, 0.17958713962109676, 0.7335022341161627, 0.011760601004828472]], "inverted": true, "swapped": true, "error_lsq": 0.047481190617501445, "error_max": 0.2332526726249804, "target": "756.xyz", "model": "17.xyz", "model_rescale": 3.7474275329858107, "target_rescale": 4.110959450332192},
{"mapping": [1, 8, 9, 6, 3, 2, 5, 10, 0, 4, 11, 7, 12, 14], "R": [[-0.9603977682445217, 0.18855793324552617, 0.20513905664479726], [-0.2380841046278891, -0.17287386115560438, -0.9557356262338916], [-0.14474835361577698, -0.9667267110922964, 0.2109203171489022]], "T": [0.11890336794289133, -0.022541492917721763, 0.0504549464680987], "aligned_model": [[0.6335888538297242, 0.1722072566584748, 0.6357599550427324, -0.5367769280731471, 0.25476181425389555, -0.3446999158659194, 0.7672705237518058, 0.01441712498486003, -0.2983640005746093, 0.2357868051933864, -0.5431073900207899, -0.4191488857787461, -0.29909613878388364, 0.1422485732650928], [-0.27936885010792767, 0.162365939230284, 0.2672800461651149, -0.03175564895699607, -0.6725000950738984, -0.2501528706851224, -0.42835982891211677, 0.6766661218448129, -0.6188911536892848, -0.21247218557383493, -0.10453268517803982, 0.49558229519245645, 0.42209386517398373, -0.06554670791819772], [-0.4188934957130954, -0.6769269298961743, -0.0738920446467829, -0.4114419484094841, 0.21490963083270892, 0.7054453090965075, 0.1856369106559169, 0.07864823577098087, -0.19890215361933933, 0.6284195737389584, 0.11191652876005323, -0.28295805885382364, 0.4146918483984936, 0.04814131254673576]], "inverted": true, "swapped": true, "error_lsq": 0.045607498150829436, "error_max": 0.2577912978928487, "target": "756.xyz", "model": "18.xyz", "model_rescale": 3.922800546911778, "target_rescale": 4.110959450332192},
{"mapping": [13, 8, 7, 12, 3, 5, 4, 10, 6, 1, 2, 11, 9, 0, 14], "R": [[-0.6605515485656093, 0.2797188467716457, -0.6967273630684506], [0.42561797248748956, 0.9039922205833851, -0.04058825717322104], [0.6184828155924907, -0.3233503237750992, -0.7161868296271053]], "T": [-0.01003964227116702, -0.0619587188521442, -0.030986100621967213], "aligned_model": [[-0.5444868422057305, 0.07440619707714417, -0.4418758252400443, 0.02402101011124111, 0.1770608620132265, 0.6044930487885789, -0.5460868241154976, -0.39799180880509033, 0.000753960226938577, 0.5705954876521273, 0.1526655414645408, -0.698078550594718, -0.2479364020650028, 0.6949378665223569, -0.05639004263354415], [-0.21094439137025123, -0.5962142245576545, 0.5472489242896529, 0.199896977248885, 0.5257318577611948, -0.1036626781539619, -0.5011613573646315, -0.09650906112801297, -0.6334544652294585, -0.3155101946073563, 0.3025914357789201, 0.08290282704857972, 0.5807788728503839, 0.3866810970933261, 0.01978511491964098], [-0.4359345006516718, -0.3170465992262446, -0.314877942130565, -0.7718541799351765, -0.20058100338001636, -0.48170116758016707, 0.17787174637590328, 0.6753424614463962, 0.35507591762233154, 0.35184221465416166, 0.5637904714887567, 0.082421156293072, 0.4083733260516987, -0.01788406564377348, -0.05271390030364766]], "inverted": false, "swapped": false, "error_lsq": 0.03975417544707034, "error_max": 0.2979901940072603, "target": "756.xyz", "model": "19.xyz", "model_rescale": 3.9282355846067225, "target_rescale": 4.110959450332192},
{"mapping": [1, 5, 13, 3, 0, 4, 2, 12, 6, 7, 9, 8, 10, 14], "R": [[0.27812821432478524, 0.7856428653038752, 0.552639108816616], [-0.9560609584558353, 0.17090233592999857, 0.23820124955629393], [0.09269379759733781, -0.5946071642444171, 0.7986552323225565]], "T": [-0.03377244051785424, -0.10449489583297342, 0.0314024884646933], "aligned_model": [[-0.5390829598866997, -0.2341146392433273, 0.45426698327416376, -0.39526317269852745, -0.6419337425672763, 0.22305735175112193, 0.24491168491174278, 0.5374078368861672, -0.3597438100718743, 0.1137640373114335, 0.09580295349259366, -0.3953976207908304, 0.4954730582060243, -0.06662514149003494], [-0.6154214604172914, -0.7675693870535083, -0.7092690958228464, -0.2633323156923317, 0.30067441492258196, -0.24044549696897666, 0.3367099928473236, 0.3178307636166191, 0.5612609272702378, 0.4563064637767176, -0.6094994837097338, -0.135260623990063, 0.019938754508308038, -0.12904136586220064], [0.21785550018356892, -0.32007706500200483, -0.1322770996450156, -0.5272066501646506, -0.20922502119975583, -0.515712132201305, -0.6193053750360709, 0.05346689627796853, 0.3377717803135847, 0.6083353636139786, 0.3392661170969581, 0.6904906131054616, 0.4841927200448047, 0.00460750985616077]], "inverted": false, "swapped": true, "error_lsq": 0.04731006193117127, "error_max": 0.24548705624687628, "target": "756.xyz", "model": "20.xyz", "model_rescale": 4.067790424073018, "target_rescale": 4.110959450332192},
{"mapping": [0, 9, 4, 8, 5, 1, 3, 3, 12, 10, 11, 2, 6, 13, 14], "R": [[0.13342300578939992, 0.6533134781743581, 0.7452380832739589], [-0.9779894145717907, -0.034925373102221, 0.2057107758460819], [0.1604213405742766, -0.7562815068143561, 0.6342738177939862]], "T": [-0.03556443038330748, 0.05036213257611065, -0.07121308727340533], "aligned_model": [[-0.5698003624923436, 0.40564551637687335, -0.4187020777481285, -0.0833530230037347, 0.20769362633631375, 0.5986512227791436, -0.5751319865907204, -0.5751319865907204, 0.005654959353540559, 0.6982814724065723, 0.12981497781969065, -0.7635236123119077, -0.29831040657548974, 0.5786576561204022, 0.025641702317034817], [-0.3282458066593955, -0.5740358653559074, 0.6847487492049118, 0.1652026834947667, 0.5174215121170465, -0.06944140263271864, -0.20579413426084275, -0.20579413426084275, -0.6203991614877672, -0.23889661422895747, -0.03512507604604283, 0.20023593612477658, 0.5871102545747516, 0.30226374506424714, 0.0089100489312312], [-0.34636036912876267, -0.21089423319960462, -0.37655168383514226, -0.6277162723542382, -0.337947364563962, -0.577891209471326, 0.5345887251201658, 0.5345887251201658, 0.296746306129129, 0.1503413979191453, 0.5479588133192865, -0.03467264399980771, 0.3651616464373364, 0.15104872040866987, -0.04627662281999788]], "inverted": false, "swapped": false, "error_lsq": 0.04291210119923442, "error_max": 0.35550607235311715, "target": "756.xyz", "model": "21.xyz", "model_rescale": 4.186013935880536, "target_rescale": 4.110959450332192},
{"mapping": [0, 3, 11, 8, 9, 6, 1, 5, 12, 4, 13, 10, 14], "R": [[0.6690321362326945, 0.2077495632647977, -0.7136078192194947], [0.13888432280647073, -0.9781726046342838, -0.1545622865435451], [-0.7301418667399543, 0.004298198025535924, -0.6832820646901454]], "T": [0.03123551251017327, -0.0028359506027864634, 0.016532604178557266], "aligned_model": [[0.1655280466034943, -0.46074502364624104, 0.46011845954564273, 0.4072946809238997, -0.15945690349399694, 0.7253669655754525, -0.2693216002282448, -0.7130277620922629, 0.39784095032000033, -0.40789980779297785, -0.5182841279405084, 0.43732662844794434, -0.006166470798976621], [-0.2488608080310749, -0.0879067891257347, 0.260173747920404, -0.6184942834430187, -0.2122883149843666, -0.18870639828461397, -0.6747031849331149, -0.22390780973860222, 0.5946713841236972, 0.41849294695304234, 0.26848735591412315, 0.2572635269253905, -0.025264713750038005], [-0.6999597006720105, -0.4510859900160752, -0.4257836193433231, 0.2302164269994377, 0.551663933739463, -0.3398155335979575, 0.11353385353879003, 0.03981489742836845, 0.1334862186303441, -0.09931491128597025, 0.5216436294117075, 0.5342601313751505, -0.005779774872578275]], "inverted": true, "swapped": true, "error_lsq": 0.046891197816926515, "error_max": 0.2535449300028771, "target": "756.xyz", "model": "22.xyz", "model_rescale": 4.166573947596378, "target_rescale": 4.110959450332192},
{"mapping": [7, 8, 5, 0, 1, 4, 10, 14, 9, 3, 12, 13, 6, 2, 15], "R": [[0.3728387338515895, -0.6443042269439937, -0.6677299915999326], [0.05127436528566004, 0.7328234743565618, -0.6784841154342011], [0.926478395864953, 0.2187277270354176, 0.3062612666032445]], "T": [0.04363094607774612, -0.04309172549217789, 0.11135053520149037], "aligned_model": [[-0.4569825123471848, 0.18852347521519547, -0.5166227941881246, 0.012456287489621132, 0.1480543240176063, 0.5342326717569555, -0.6342008807881656, -0.5062776306522132, 0.10555954203812787, 0.6103354392883001, -0.0030031646756580183, -0.7870880369179575, 0.06805807334977845, 0.5682553642919843, 0.0347875203182606], [-0.12383690965321696, -0.6703707154317962, 0.4521719449400315, 0.08443227207603761, 0.5189395454276144, -0.10057711376305507, -0.3566324401223425, -0.20425388597355237, -0.5790729701296561, -0.24172902700713983, 0.20019776153390578, 0.11556862183215182, 0.7044046451726829, 0.37603055584696504, 0.012888449830626425], [-0.3928875317161568, -0.3781454954276371, -0.2518183297490496, -0.6945784527026241, -0.31446124189615343, -0.43257858725889226, 0.05498150238288714, 0.6568824577212014, 0.37467186111591294, 0.1399143556372686, 0.7179944508934236, 0.1506697973162755, 0.2519212407662021, 0.06759013886489419, 0.07196776913350525]], "inverted": false, "swapped": false, "error_lsq": 0.04735889312270288, "error_max": 0.41040547664532595, "target": "756.xyz", "model": "23.xyz", "model_rescale": 4.274766983524099, "target_rescale": 4.110959450332192},
{"mapping": [0, 11, 2, 3, 4, 5, 1, 9, 8, 10, 14], "R": [[0.4363987470324118, 0.6268642803393092, -0.6454434968478813], [0.2839255554615775, -0.7766465988844711, -0.5623222736091984], [-0.8537812439638011, 0.062138832269873545, -0.5169103916345277]], "T": [0.008499592814404447, 0.16832167304550869, 0.09057286663196551], "aligned_model": [[0.14883458315759518, 0.2126935042307287, -0.4101750875976964, -0.44578478936830834, -0.5844371277717882, -0.5455118916171802, 0.059533174712747536, 0.0019357574771387137, 0.6459854364779672, 0.31397447961414204, -0.01715333535727104], [-0.11630528766559875, 0.5089518467967569, 0.6657749328305854, -0.19971910599022172, 0.33274984673537067, -0.34346325861320215, -0.5393477063153201, -0.0063490887568448395, -0.17842335734918377, 0.6632203856064742, 0.12849732396466781], [-0.6102962522608766, -0.4489030425951692, -0.4319202773370322, -0.2645619390854667, 0.01868449921293902, 0.2762880056155123, 0.3090883672159496, 0.6702680204681996, 0.2893092249163082, 0.49351688620701795, 0.07809294166419524]], "inverted": true, "swapped": true, "error_lsq": 0.052192480853939044, "error_max": 0.25511325674196117, "target": "756.xyz", "model": "24.xyz", "model_rescale": 3.7841303162186577, "target_rescale": 4.110959450332192},
{"mapping": [9, 0, 5, 8, 4, 1, 14, 13, 10, 7, 11, 12, 3, 6, 15], "R": [[-0.7382519078508941, 0.2921816914363897, 0.607958863529339], [-0.16781713653389194, 0.7934130813299444, -0.5850923782276507], [-0.6533157959517587, -0.533971480103473, -0.5367056262012039]], "T": [-0.02333786473838638, -0.06254295465993624, -0.05609102223796385], "aligned_model": [[-0.5223431036180618, 0.5482587942605193, -0.4725476067127016, 0.05076248374325355, 0.16548080008612948, 0.46287911372406426, -0.6887157717705409, -0.4360163179881449, -0.07219239521773786, 0.482763139667592, 0.1585312158721408, -0.7287866050924094, -0.06968256638139873, 0.47422001976187345, 0.01347647786194859], [-0.30354254676766707, -0.4424582670528326, 0.6698445381135097, -0.18701168241374466, 0.5906093055294374, 0.03306876553128442, -0.3820081609053955, 0.14717396364787866, -0.7882313517842783, -0.36373496567724034, -0.03571646646458372, 0.20654972415090883, 0.6596180420787429, 0.3960814913829992, -0.012081654789761836], [-0.24331729363348426, -0.3211788646266522, -0.2326070656676706, -0.6292179347146951, -0.36340841465459095, -0.6106068855098131, 0.23462049308713862, 0.5745557137956898, 0.2200333888667843, 0.21950053412556364, 0.6893159446007371, 0.015345042683483925, 0.2979394157926792, 0.19714053445761387, -0.025990673521726747]], "inverted": true, "swapped": false, "error_lsq": 0.05016628097043258, "error_max": 0.3027544103079793, "target": "756.xyz", "model": "25.xyz", "model_rescale": 4.19342608120988, "target_rescale": 4.110959450332192},
{"mapping": [7, 11, 6, 9, 8, 10, 1, 13, 0, 12, 3, 14], "R": [[0.6370879229024442, -0.41374391398336463, 0.6503344924987258], [-0.7547667080799086, -0.16371853444513376, 0.6352349627132902], [-0.1563527897610622, -0.8955513470041031, -0.4165832329956036]], "T": [0.012425848092036354, 0.13342215808585162, -0.004290571457781105], "aligned_model": [[-0.20008162945778962, 0.4656901495643873, 0.17824245883263712, -0.5338801172315751, -0.4706189083120401, -0.40752334004972973, -0.30258791431538784, -0.273307597285242, 0.5521340549802048, 0.0950848499025196, 0.46607397517745397, 0.02858257282634251], [-0.6507625885497457, -0.3548835714069988, -0.5888434613414726, 0.39387746985093997, -0.18848644101891165, -0.22045287851314704, 0.4717439060198234, 0.7258357685049734, -0.07264427295498221, -0.24235979652727485, 0.5708511441489083, 0.1689011495288685], [0.09063874323396476, 0.06547555872717184, -0.3111904237687787, 0.013380115267748703, -0.4829961952099138, 0.4418245066579925, -0.5851985894181168, 0.44082495522648335, -0.5124004173686291, 0.5932444668653712, -0.27038886928032196, -0.03395538972355146]], "inverted": true, "swapped": true, "error_lsq": 0.0472479666132209, "error_max": 0.26843160352334405, "target": "756.xyz", "model": "26.xyz", "model_rescale": 3.795458400668931, "target_rescale": 4.110959450332192},
{"mapping": [1, 9, 5, 3, 2, 6, 8, 0, 10, 4, 11, 12, 14], "R": [[0.9491029347138182, 0.3124319941284099, -0.03987315340630991], [-0.30615188667254295, 0.9448597185358678, 0.11623740609271782], [0.07399082108248507, -0.09811402210319481, 0.9924207762145418]], "T": [-0.03556984769834351, -0.07852038302260661, -0.0002956569865120301], "aligned_model": [[0.13515753188855756, 0.42374518924900173, 0.4849175947906267, -0.0021828256255074646, -0.19636184260820552, -0.8090479396717859, -0.2707048416353585, -0.6506548020788929, 0.056232724046874585, 0.2779316067309635, -0.5977253261143889, -0.12471826906868833, -0.02691241708193976], [-0.7819901417969544, -0.3815088009319433, -0.3677489880129206, -0.13800919428699146, 0.6587664270746205, -0.14525141622695031, -0.6820328825053692, -0.2023368752986785, 0.13804103071698715, 0.3133649301637262, 0.2852439151859558, 0.5260653878645383, -0.10072188868910559], [-0.16501317673209376, 0.25234469171301893, -0.4990764608165369, -0.6809537453478958, -0.3556847581322059, 0.20127046912934282, 0.38258899231832993, -0.4455640179004911, 0.6669951094498194, -0.36350531499717714, -0.020669139786618995, 0.3625008626012467, -0.04309684939931237]], "inverted": false, "swapped": true, "error_lsq": 0.04940871427471404, "error_max": 0.31902966245112757, "target": "756.xyz", "model": "27.xyz", "model_rescale": 3.6321398670334006, "target_rescale": 4.110959450332192},
