[{"mapping": [6, 8, 3, 2, 4, 1, 12, 5, 7, 11, 10, 0, 12, 13], "R": [[0.6967723312707514, 0.4146317262580861, -0.5853109002536703], [0.07579939759336765, 0.7688690524477926, 0.6348974968548201], [0.7132760823832556, -0.48674522264555736, 0.504297847042521]], "T": [0.10697128725249491, -0.08899603552663393, 0.07916785260072573], "aligned_model": [[-0.25147456035217053, 0.08894381617795179, -0.16731743618437303, -0.6458271647216373, -0.6104943214528409, 0.331848484892186, 0.38822073639250954, 0.5851432508365704, -0.14332864274756965, 0.5896749884938086, 0.5945650657909267, -0.24739267255790007, 0.38822073639250954, 0.09490487496400662], [-0.07359063386257951, 0.5160425726377942, -0.45368589210893223, -0.24046801123863096, 0.43220768988354374, -0.5770055859861879, -0.07155065367107358, -0.28818686262926263, 0.6233498247221069, 0.3796499195053045, 0.6584897878655716, -0.4293999896777438, -0.07155065367107358, 0.073081449786847], [-0.5959806733712971, -0.4149803281505627, -0.17571900563070292, 0.11927990426799984, -0.27719432770845703, 0.2896934758985922, 0.5848497822600303, -0.4722628756706663, 0.11533141027849247, -0.106385230056016, 0.5470846994869183, 0.6741163937086205, 0.5848497822600303, 0.09035501954959249]], "inverted": false, "swapped": false, "error_lsq": 0.04637221053798906, "error_max": 0.36334273468246014, "target": "757.xyz", "model": "0.xyz", "model_rescale": 3.8414455957264533, "target_rescale": 3.877417396649439},
{"mapping": [5, 4, 10, 6, 2, 12, 11, 3, 7, 1, 0, 8, 13, 14], "R": [[-0.7251545799002043, 0.469234232745964, -0.5039544325324115], [-0.6857417581027705, -0.42565988004027544, 0.5903997863466922], [0.06252260746226, 0.7737137076098658, 0.6304427192161992]], "T": [-0.01020180789545444, 0.08652955620138114, 0.1212067719854393], "aligned_model": [[-0.22656573419420928, 0.07930273650457945, -0.03758716874366147, -0.7050489019175036, -0.529123077856633, 0.31931242309779306, 0.7427501880404462, 0.337042167301808, -0.18204440315481632, 0.7779393999273052, 0.43890152149693357, -0.24570440433069726, 0.16837320060131403, 0.05813920915131887], [-0.11594141715985565, 0.5026779501159512, -0.5446405174587309, -0.19583470067779357, 0.4130470053309151, -0.5514441514450301, -0.1645021525598559, 0.10372349114735474, 0.6737586920632425, 0.06406809692994486, 0.6255315836508923, -0.4751308378629041, 0.09298959733229373, 0.049080322149259115], [-0.4674484253289426, -0.21735885772652216, -0.14195796831517968, -0.09670402662221914, -0.2895386462656354, 0.37946916528321106, 0.4315481568224129, -0.5805787168431148, 0.3176426815961324, -0.2349207480798051, 0.3036906985136556, 0.6245739603404036, 0.858035269566997, 0.07658548418118064]], "inverted": false, "swapped": false, "error_lsq": 0.051152396888423705, "error_max": 0.38329101068611815, "target": "757.xyz", "model": "1.xyz", "model_rescale": 4.316132596720782, "target_rescale": 3.877417396649439},
{"mapping": [7, 1, 9, 11, 6, 2, 12, 3, 10, 4, 8, 13], "R": [[0.07365466218838981, -0.9768156189999408, 0.20101302747751637], [0.6672745151073294, -0.10152538821690163, -0.7378599576042095], [0.7411610568737356, 0.1884776963599936, 0.6443263503447902]], "T": [-0.10500065570680675, -0.0517126953269283, 0.1047941113026393], "aligned_model": [[-0.2650042132895799, 0.35178353738644874, 0.16684248033213037, -0.5541070882964625, -0.31212609593012686, -0.5005334136184325, -0.20141513988707221, -0.2295097595936209, 0.418014608488503, 0.3676328656840945, 0.47466818533419464, -0.1184374119782957], [-0.6321735632267675, -0.29753428505686474, -0.6140975449925145, 0.5304039196983067, -0.24085922021227818, -0.1268383014497341, 0.32637542533261044, 0.4700389766399555, 0.06462363945929339, 0.10341882883560377, 0.38476536741478845, 0.04465318529858104], [0.07431990289776555, 0.11445426381864765, -0.37292882032074137, -0.07623920571436332, -0.6260405387920144, 0.43673668810785526, -0.5759412946498684, 0.6044578146764223, -0.7046124189791613, 0.6743380199584843, -0.053828877232120625, -0.04545707256148482]], "inverted": true, "swapped": true, "error_lsq": 0.04968062251753965, "error_max": 0.3082050041015982, "target": "757.xyz", "model": "2.xyz", "model_rescale": 3.795458400668931, "target_rescale": 3.877417396649439},
{"mapping": [3, 8, 4, 9, 2, 7, 1, 11, 10, 6, 0, 13], "R": [[0.5187835963342743, -0.4766356134101354, 0.7097056236240633], [0.23276133809914124, -0.7200457847127891, -0.6537248866332389], [0.8226091050193731, 0.50433377831203, -0.26260559855558724]], "T": [0.07692333699336429, 0.06391005164130761, -0.01406388252166351], "aligned_model": [[-0.15094963701404301, -0.12218062020231188, -0.6368537093487202, 0.18780718551161452, 0.07331512192801884, 0.12833518267094862, -0.2573674747006137, 0.5785309528966701, 0.3624686590831071, 0.7359521127211403, -0.5167857881916077, 0.21103184038936249], [-0.04151536104321579, -0.6487809098852992, -0.10583779000885504, 0.11985801562376934, 0.4779138265287637, 0.5590294018047272, -0.026738789114134465, -0.15487218764982771, -0.6380262716795719, 0.03942517715341198, 0.5597412240264911, -0.054427290466549344], [-0.7027949844021124, 0.050119640345043286, -0.19719361137149366, 0.7624470360156769, -0.33165441880314844, 0.3260512247550635, 0.3722077996795018, -0.5373740530616419, 0.592539206549795, 0.40769221444309167, -0.04652118822340839, -0.006747435287267019]], "inverted": false, "swapped": true, "error_lsq": 0.05243521003012714, "error_max": 0.30013685338650936, "target": "757.xyz", "model": "3.xyz", "model_rescale": 3.7530521520055578, "target_rescale": 3.877417396649439},
{"mapping": [9, 8, 12, 11, 6, 3, 7, 1, 0, 2, 13], "R": [[0.06892498030011446, -0.7551900690141029, 0.6518721552214848], [-0.9847082049143949, -0.1562957149469692, -0.07695063783677197], [0.1599971820529947, -0.6366000386048454, -0.7544145363017672]], "T": [-0.0909354697664235, 0.020787191759929227, 0.04327129796475826], "aligned_model": [[-0.3729287711424679, -0.38889397235721546, 0.3525931491062011, 0.5695966176605052, 0.26254676598647597, 0.04054502614229685, -0.14910170018803295, -0.5813308256369845, -0.5181873474009021, 0.11862709568132954, 0.004733564593999609], [-0.7118798903594639, 0.11008004775819993, -0.30263777282506255, 0.24360445078010995, -0.6675065819784103, 0.7379255119442049, -0.3327492633656007, -0.14460586663800007, 0.30757047644854285, 0.2709607160630078, -0.04355846951318168], [0.08880517438000674, -0.6312194978373813, -0.5173763000726123, -0.2523284884258634, -0.07546636111209229, -0.03299566433880097, 0.5281355052598489, 0.00678975799990289, 0.6217207203097105, 0.45042315228119834, -0.09365722119860087]], "inverted": false, "swapped": true, "error_lsq": 0.05772646910385178, "error_max": 0.2697767208046764, "target": "757.xyz", "model": "4.xyz", "model_rescale": 3.7855080009869324, "target_rescale": 3.877417396649439},
{"mapping": [14, 9, 12, 13, 15, 1, 0, 2, 10, 3, 5, 6, 4, 16], "R": [[0.3341220484049331, 0.48691989880720976, 0.8070139211409358], [-0.36802466214419594, -0.720854091174957, 0.5873050547117551], [0.8677098044987982, -0.49323259359241844, -0.06165471429464353]], "T": [-0.0366596942552941, 0.026352861512941382, 0.13780147669559606], "aligned_model": [[-0.12673287266128536, 0.11971874110169266, -0.1454701882641118, -0.6914395663975642, -0.5893272122313638, 0.40980334745229363, 0.7063330697244324, 0.4757288624470964, -0.10307830676978615, 0.5034335337433598, 0.524578857494823, -0.33428519234143567, 0.27860627627248563, -0.032182193646659564], [-0.09219340049353522, 0.4484016979927702, -0.5771714347654096, -0.277601800622445, 0.4301897196016913, -0.5740723155096451, -0.09607408238512924, -0.08911782927292325, 0.7512555187118533, 0.3796571632746461, 0.48961093799768185, -0.18115903617840565, -0.1616576449987908, 0.02731546820332415], [-0.5221462521655643, -0.4138638057269667, -0.15712896121380565, 0.07662532710350264, -0.3213199814274521, 0.2529722115893812, 0.34138752582976084, -0.3817273233805576, 0.1704967297438808, -0.11889285675551214, 0.49207042427694003, 0.6804200750429755, 0.7798763953256008, 0.08426851888039155]], "inverted": true, "swapped": false, "error_lsq": 0.04426850863075376, "error_max": 0.2388431576608344, "target": "757.xyz", "model": "5.xyz", "model_rescale": 4.2253639853439635, "target_rescale": 3.877417396649439},
{"mapping": [2, 3, 5, 10, 4, 11, 12, 6, 1, 7, 0, 8, 9, 13], "R": [[0.8754489999949845, -0.08155478845569904, 0.47637995852861803], [0.3924884424875718, -0.45520850690594883, -0.7992108844066982], [0.28203168425101044, 0.8866419974941425, -0.36650252026164215]], "T": [0.02845136547368155, 0.032489053863889346, 0.10874045151628117], "aligned_model": [[-0.27762479765482534, 0.2875501919346547, -0.20298691089632184, -0.7219292388649582, -0.3235559369914143, 0.4129609292460702, 0.9073463168534894, 0.3888858514010707, -0.4688636673932056, 0.7466306043097615, 0.3714102014198476, -0.300654232056464, 0.12989361178861436, 0.04662423282765837], [-0.06635268804559519, 0.3688165150824454, -0.5158956227692351, -0.1657889664904424, 0.553592242701981, -0.641649048199014, -0.17156786929323167, -0.20491507329816144, 0.4654036709910635, 0.28178232934306463, 0.7200176967437086, -0.35821805526718103, 0.15321048364959483, 0.05894734640668565], [-0.4800883049639566, -0.459380230782092, -0.10678643106580002, 0.03046370103515772, -0.21599580731624338, 0.16569660594916272, 0.3480064144524358, -0.3681706826416379, 0.43118187925239815, -0.11811337748513664, 0.33840597220426805, 0.6425028857016205, 0.6984287035091953, 0.05688669927320289]], "inverted": false, "swapped": false, "error_lsq": 0.0516767071376441, "error_max": 0.33109262282274887, "target": "757.xyz", "model": "6.xyz", "model_rescale": 3.89814844738969, "target_rescale": 3.877417396649439},
{"mapping": [1, 9, 10, 0, 8, 6, 7, 4, 2, 5, 12, 3, 13], "R": [[0.35376217572941965, -0.8542556167538728, -0.3809194984083226], [-0.4809741339304818, 0.18313901052496157, -0.857393716628342], [0.8021946182274042, 0.48652589249535205, -0.3460872005991999]], "T": [-0.09601726391448942, 0.019167371983262085, 0.06659598955056135], "aligned_model": [[0.1122396887472723, -0.15359429073358996, 0.5010000972512425, -0.3763969852925598, 0.6448551825207918, -0.2671839009037362, -0.5675655271261598, 0.28601709222000804, -0.499337193733129, -0.7089793341935816, 0.15490451617892723, 0.04935900289612735, -0.026686546927390392], [-0.23795323134228114, 0.16694135152804246, 0.558780855442856, -0.7016266513351208, 0.06166171984284781, 0.6828607289898889, -0.062451819662709504, -0.6161257539535303, -0.14016444748255052, 0.5220380732410929, 0.7625028945439078, -0.2166704394254062, 0.18398798508344838], [-0.33301808502312996, -0.7036262810284429, -0.4761798385506113, 0.031442877047666226, 0.0350909814840889, -0.3115703123457726, -0.3000716774139499, 0.21586384975057338, 0.3568067734463082, 0.18896175818790184, 0.07832773431326724, 0.7452987288837086, 0.07494852208468761]], "inverted": true, "swapped": true, "error_lsq": 0.04573405781891779, "error_max": 0.3073345664157853, "target": "757.xyz", "model": "7.xyz", "model_rescale": 3.7474275329858107, "target_rescale": 3.877417396649439},
{"mapping": [2, 1, 8, 4, 13, 5, 6, 3, 12, 0, 10, 9, 7, 14], "R": [[0.8908875018962165, 0.17864077538360285, 0.4176205602403509], [0.0767532188553067, -0.9653994763533039, 0.24922438574930147], [0.4476923076851653, -0.18997716817321073, -0.8737735823498094]], "T": [0.035126527049940987, 0.11588369371506635, 0.10402634524594179], "aligned_model": [[-0.1297848132745471, 0.15613159293224424, -0.20039047739356555, -0.607177546779109, -0.7962463798786814, 0.316985573438615, 0.8053099359983015, 0.49125733085230905, -0.1917215049119624, 0.6154553545600399, 0.46104194626456063, -0.22133359592303106, 0.3012967363818755, -0.005136996343071916], [-0.11001666941160404, 0.4906182687369599, -0.5024003742455534, -0.1690632430268872, 0.44659246317745943, -0.5029549290179555, -0.08203927723896104, -0.33382254284307267, 0.6791626093433126, 0.3171373996550815, 0.530667346466404, -0.34299083423254223, -0.06728298411804257, 0.12377572831108449], [-0.6899275398264002, -0.5360780152796158, -0.061704966764039415, -0.24017790491594887, 0.017062972966050638, 0.3290056798628165, 0.2899890096362935, -0.21822127322149276, 0.2131109564568453, -0.13457087903197273, 0.5749976148301437, 0.6553908462921609, 0.7035937056982879, 0.060567820419445986]], "inverted": true, "swapped": false, "error_lsq": 0.05609238119200597, "error_max": 0.4408729798991887, "target": "757.xyz", "model": "8.xyz", "model_rescale": 4.019505241142653, "target_rescale": 3.877417396649439},
{"mapping": [6, 7, 1, 10, 12, 8, 4, 5, 11, 2, 0, 3, 13], "R": [[-0.5567645803159963, 0.5651615355955503, 0.6087738831362858], [-0.5941111460394172, 0.24127525333051206, -0.7673449017762662], [-0.5805558958939981, -0.7889098115840473, 0.20143525244887098]], "T": [-0.0235947567315399, 0.004114499237683755, 0.01980875467882598], "aligned_model": [[-0.2242366775692896, -0.6059761295002427, -0.02527216662902023, 0.39444289643361335, 0.32163911967006753, 0.6461768242857452, 0.2860425187392235, -0.4598476182287863, 0.29174963421120226, -0.30432269167683473, -0.4012429908157782, 0.3329109872189971, 0.06763706560227886], [-0.7081520860633439, -0.008057891508428783, 0.24651494354986564, -0.5057470406292692, -0.697983871007136, 0.051045563074929745, 0.6930372946077215, -0.5571911595353196, -0.43620549891649024, 0.13867916682681147, 0.6780995583857268, 0.31866543154447696, -0.14932618221548521], [-0.2355650354975255, -0.1355888145931783, -0.4388987583151677, -0.6925842347141604, -0.03950837392010323, -0.2978291233033017, -0.016778659508392316, 0.3915535883799135, 0.5489643248833571, 0.43856891318314245, 0.0699934621946833, 0.5777984554218965, 0.006577749832715141]], "inverted": false, "swapped": true, "error_lsq": 0.05231112762521736, "error_max": 0.3161562522662663, "target": "757.xyz", "model": "9.xyz", "model_rescale": 3.877068213659057, "target_rescale": 3.877417396649439},
{"mapping": [1, 4, 0, 8, 7, 12, 6, 5, 2, 3, 13, 11, 10, 15], "R": [[-0.8030636241863391, 0.39633308560131486, -0.44498191060586145], [0.5890939950733487, 0.4155442372901692, -0.6930304840506317], [-0.0897612415089247, -0.818683743647492, -0.5671859019846175]], "T": [0.09026276841314955, 0.11604574115496791, 0.1792690850925538], "aligned_model": [[-0.213974744875359, 0.1485712683928282, -0.13788107865482863, -0.6639219701711246, -0.4602075884985068, 0.4478289209098719, 0.6356050819448658, 0.33039250669716463, -0.21160736131550478, 0.6267249183866582, 0.48202761529651855, -0.1792524626904733, 0.12291228518899001, 0.06846976531287739], [-0.1171156108417647, 0.5369709350651426, -0.6005075677347868, -0.043789834235484826, 0.42839032374704183, -0.5398255243721809, 0.021012745845125497, -0.25967800044369704, 0.7034370831064144, 0.17948532547051532, 0.7308552812057015, -0.49530752425219216, -0.09965886151962211, 0.033114190515470585], [-0.5991793265870609, -0.3475257323712976, -0.0820119440656244, 0.1479496864030723, -0.33620139641317226, 0.16605752356346737, 0.45106876500252446, -0.4627315543411462, 0.24408570431624635, -0.1538151737908347, 0.4365005570642526, 0.49273997902509636, 0.8542626501723842, 0.15183828914466624]], "inverted": true, "swapped": false, "error_lsq": 0.040322037792375476, "error_max": 0.24902527421009543, "target": "757.xyz", "model": "10.xyz", "model_rescale": 4.260839863003843, "target_rescale": 3.877417396649439},
{"mapping": [0, 7, 5, 2, 11, 3, 4, 1, 6, 12, 8, 13], "R": [[0.3999912821824557, 0.7292444394587825, -0.555166210874258], [-0.7681386666126697, 0.5971687164642796, 0.2309816289900873], [0.49996996213027095, 0.33405399502902355, 0.7990231319383716]], "T": [0.06212180668091932, 0.014505491075182233, -0.0597338347716747], "aligned_model": [[0.3176183367404965, 0.28705439126001575, -0.41933798528695604, -0.23214718700703152, -0.6316130259655006, -0.389226033354313, 0.30075173498756314, 0.572395909896019, 0.06721438223182147, -0.1904063068754408, 0.2717598455462351, 0.004834586921221254], [-0.041260493929644676, -0.5214777958853942, -0.6102482247866288, -0.1738799587503255, 0.12510092580193408, 0.4824610115971813, 0.5857401801744321, 0.10577041775433492, -0.4741191101453685, 0.028818417565534132, 0.6342498774732267, 0.03192325866365274], [-0.788434206374533, -0.21970846861587467, 0.08673830030421437, -0.44728070318955293, 0.22280825933585408, -0.3983987114988828, -0.4939862803656869, -0.08128434126495407, 0.5518352180745261, 0.6830122622627572, 0.2919181312531065, 0.1089586174745305]], "inverted": false, "swapped": true, "error_lsq": 0.04214052178023996, "error_max": 0.2401968344594862, "target": "757.xyz", "model": "11.xyz", "model_rescale": 3.890672605050136, "target_rescale": 3.877417396649439},
{"mapping": [8, 0, 5, 7, 3, 9, 11, 6, 4, 1, 2, 12, 10, 13], "R": [[0.41405556546056044, -0.5928804363957033, 0.6906886251056809], [-0.903493891871026, -0.1753989935808451, 0.39106774400680655], [-0.11071032500576458, -0.7859567298459038, -0.6082887823616763]], "T": [0.17661476897088346, -0.00528694615761173, 0.004165259971566249], "aligned_model": [[-0.1653036592615733, 0.1150735820659761, -0.2542153880512594, -0.6610533258942856, -0.5125191493365079, 0.37960926490549995, 0.6209548841637063, 0.5605193602570454, -0.10227452484293814, 0.654273761186833, 0.4192728265647542, -0.2610498404665002, 0.17534200121861382, 0.027057363414613345], [-0.11535778511768328, 0.4695294054406114, -0.6528581431575071, -0.14275561107109935, 0.5097068460448644, -0.7273640956572508, -0.013978901782759671, -0.20448682662350604, 0.5562019716076604, 0.5107758348884623, 0.4536498522051999, -0.2588292906698171, 0.07207771478682691, 0.02107199066168098], [-0.620468428428127, -0.34145975983530974, 0.007182286895180967, 0.08403201956692219, -0.33189871107152197, 0.21205523282289937, 0.3285854748674502, -0.37661685141673873, 0.3172275554463686, -0.3287301944348784, 0.4900234860622127, 0.551246712709958, 0.894981511362257, 0.07687769257590091]], "inverted": true, "swapped": false, "error_lsq": 0.04370484049152002, "error_max": 0.2915262399849527, "target": "757.xyz", "model": "12.xyz", "model_rescale": 4.124412569039231, "target_rescale": 3.877417396649439},
{"mapping": [2, 5, 12, 0, 11, 3, 7, 4, 9, 1, 8, 10, 13], "R": [[0.21164100217635928, -0.38595763268031696, -0.8979113497298002], [-0.976946088230364, -0.05721575536459045, -0.2056761970414878], [0.028007621983593578, 0.9207404971618576, -0.3891689992753268]], "T": [0.052848515931017415, 0.06835903646430783, 0.019038509849002884], "aligned_model": [[-0.2584958218013162, -0.06856353215192118, 0.6876815837828427, -0.5973688555175631, 0.5377884677809256, 0.21919487694896864, -0.45531542225711236, 0.002262550026627619, -0.1273469815182005, -0.06225399258461678, 0.6221528374350105, 0.6620444084234689, 0.20551818894264354], [-0.1597174324247536, 0.4313271650849545, 0.4774538331485326, -0.30263165743379794, -0.03658561638656088, -0.6158049230114979, 0.3909124057934549, -0.5294717657810528, 0.7451192775499726, 0.15527062973840766, -0.04309454772875457, 0.6828883384931448, 0.15181966946642778], [0.37021043536938647, 0.7240832426883538, 0.23181890356201965, -0.17838445851508394, 0.5910081472335782, 0.22309660292696257, 0.05358370979961067, -0.44125258408886536, -0.338620221245887, -0.47932998742164923, -0.4448159987069409, -0.4207934377785886, 0.06109372714494302]], "inverted": true, "swapped": true, "error_lsq": 0.04716138181902573, "error_max": 0.2519241143366515, "target": "757.xyz", "model": "13.xyz", "model_rescale": 3.9028299243045295, "target_rescale": 3.877417396649439},
{"mapping": [13, 5, 11, 9, 10, 1, 2, 12, 4, 8, 0, 6, 3, 15], "R": [[0.4676466154301162, -0.1347108794338937, -0.8735900766600455], [0.26523620342899645, -0.9213880269749495, 0.28406664735195863], [-0.8431823050013143, -0.3645505214772802, -0.39515379009104046]], "T": [0.047480679912609736, 0.034651536203977144, 0.08494449121798978], "aligned_model": [[-0.07104988513781185, 0.1650725817460173, -0.12600786187352062, -0.6022795154158267, -0.5637015077073849, 0.20455310402531723, 0.689228305812721, 0.34892048751762983, -0.12081886270993522, 0.7333471762917072, 0.5025056015110907, -0.12817010503968587, 0.0205080810893061, -0.05642044418564643], [0.15599444463530257, 0.38463614244116406, -0.6298305270436163, -0.3650151967170891, 0.36892802432594146, -0.5794375957259268, -0.12032895820970335, -0.24235364388694863, 0.6800252985395584, 0.29779636817044325, 0.617451609451154, -0.3388865094620775, 0.24683569247019885, 0.0015678125672820495], [-0.692151227157481, -0.2697169722585997, -0.18749266085395053, 0.22250774076748078, -0.17975942842404793, 0.22784847076978848, 0.4109671906710287, -0.4777654354358133, 0.20549010384892474, -0.15348601461468622, 0.45979486749112386, 0.6084178835072865, 0.6705551195201577, 0.11782838929136195]], "inverted": false, "swapped": false, "error_lsq": 0.04595869340287321, "error_max": 0.30305936951932955, "target": "757.xyz", "model": "14.xyz", "model_rescale": 3.942246331269136, "target_rescale": 3.877417396649439},
{"mapping": [1, 5, 12, 13, 3, 8, 7, 0, 10, 2, 9, 11, 6, 14], "R": [[0.4415225983493145, -0.6947237889271972, 0.5678174462320696], [-0.8444372930903482, -0.10782761344235015, 0.524689302175652], [-0.30328773991890196, -0.7111484112883657, -0.6342590038280247]], "T": [-0.029080868045606542, 0.08531429386832659, 0.12174867382576528], "aligned_model": [[-0.06000966947327417, 0.15792049612720138, -0.41406917809336913, -0.6620022251817866, -0.4663531098768949, 0.291719894928599, 0.798961013295856, 0.5026206574718661, -0.238955145783052, 0.6243430103016252, 0.46727276896690534, -0.2770146953622844, 0.25142045087012804, 0.01983288773245811], [0.035520332338364435, 0.48784975756242677, -0.395060399022822, -0.422279599897741, 0.33372482708892426, -0.5697759785582114, -0.007237960206440436, -0.28970006758724975, 0.585013997388012, 0.2220480795391903, 0.6408972177032056, -0.20260814411342812, 0.015236487882032052, 0.04375441143942047], [-0.686462564909517, -0.33187589391191685, -0.41593191325084755, 0.17360271125405224, -0.3917034894860123, 0.38017570750274593, 0.313478251980025, -0.22085196734806034, 0.5857028848096577, -0.2483716116237934, 0.4269092674480416, 0.7298115913230391, 0.6004944315438902, 0.048060621791270144]], "inverted": true, "swapped": false, "error_lsq": 0.05209570906378603, "error_max": 0.34070016057317337, "target": "757.xyz", "model": "15.xyz", "model_rescale": 4.355366556412066, "target_rescale": 3.877417396649439},
{"mapping": [7, 1, 9, 11, 6, 2, 12, 3, 10, 4, 8, 13], "R": [[0.07365466218838981, -0.9768156189999408, 0.20101302747751637], [0.6672745151073294, -0.10152538821690163, -0.7378599576042095], [0.7411610568737356, 0.1884776963599936, 0.6443263503447902]], "T": [-0.10500065570680675, -0.0517126953269283, 0.1047941113026393], "aligned_model": [[-0.2650042132895799, 0.35178353738644874, 0.16684248033213037, -0.5541070882964625, -0.31212609593012686, -0.5005334136184325, -0.20141513988707221, -0.2295097595936209, 0.418014608488503, 0.3676328656840945, 0.47466818533419464, -0.1184374119782957], [-0.6321735632267675, -0.29753428505686474, -0.6140975449925145, 0.5304039196983067, -0.24085922021227818, -0.1268383014497341, 0.32637542533261044, 0.4700389766399555, 0.06462363945929339, 0.10341882883560377, 0.38476536741478845, 0.04465318529858104], [0.07431990289776555, 0.11445426381864765, -0.37292882032074137, -0.07623920571436332, -0.6260405387920144, 0.43673668810785526, -0.5759412946498684, 0.6044578146764223, -0.7046124189791613, 0.6743380199584843, -0.053828877232120625, -0.04545707256148482]], "inverted": true, "swapped": true, "error_lsq": 0.04968062251753965, "error_max": 0.3082050041015982, "target": "757.xyz", "model": "16.xyz", "model_rescale": 3.795458400668931, "target_rescale": 3.877417396649439},
{"mapping": [1, 9, 10, 0, 8, 6, 7, 4, 2, 5, 12, 3, 13], "R": [[0.35376217572941965, -0.8542556167538728, -0.3809194984083226], [-0.4809741339304818, 0.18313901052496157, -0.857393716628342], [0.8021946182274042, 0.48652589249535205, -0.3460872005991999]], "T": [-0.09601726391448942, 0.019167371983262085, 0.06659598955056135], "aligned_model": [[0.1122396887472723, -0.15359429073358996, 0.5010000972512425, -0.3763969852925598, 0.6448551825207918, -0.2671839009037362, -0.5675655271261598, 0.28601709222000804, -0.499337193733129, -0.7089793341935816, 0.15490451617892723, 0.04935900289612735, -0.026686546927390392], [-0.23795323134228114, 0.16694135152804246, 0.558780855442856, -0.7016266513351208, 0.06166171984284781, 0.6828607289898889, -0.062451819662709504, -0.6161257539535303, -0.14016444748255052, 0.5220380732410929, 0.7625028945439078, -0.2166704394254062, 0.18398798508344838], [-0.33301808502312996, -0.7036262810284429, -0.4761798385506113, 0.031442877047666226, 0.0350909814840889, -0.3115703123457726, -0.3000716774139499, 0.21586384975057338, 0.3568067734463082, 0.18896175818790184, 0.07832773431326724, 0.7452987288837086, 0.07494852208468761]], "inverted": true, "swapped": true, "error_lsq": 0.04573405781891779, "error_max": 0.3073345664157853, "target": "757.xyz", "model": "17.xyz", "model_rescale": 3.7474275329858107, "target_rescale": 3.877417396649439},
{"mapping": [0, 8, 2, 6, 4, 7, 11, 1, 5, 3, 10, 9, 12, 13], "R": [[-0.6439581017668913, 0.5212478059093479, -0.5600166854688109], [-0.6818960983962907, -0.7229456021950219, 0.11120866539435564], [-0.34689432708059487, 0.4534869139253834, 0.8209835228174397]], "T": [0.12700770874069578, 0.018696851277625923, 0.08073869308469342], "aligned_model": [[-0.1831800107215249, 0.06531581623900333, -0.13753389004428934, -0.5971198225753679, -0.5856819160516632, 0.3522592626246197, 0.815190425863046, 0.5252917617297759, -0.144347767518604, 0.6383185956366997, 0.45021917529131744, -0.3969768546655048, 0.12514496042748818, 0.06878741968898165], [-0.03310092759990697, 0.6326841157996678, -0.5724722302634712, -0.22603585573574125, 0.4098709890879692, -0.5780996482944243, -0.06032953125827341, -0.34999412020326076, 0.5501588866852531, 0.29230467450063674, 0.5746554841022548, -0.15669880549994858, 0.029898216691889204, -0.03545828645696084], [-0.6940147900175448, -0.28813554106971306, -0.2097257339142464, -0.022914729282078744, -0.08743417821822155, 0.4813818729938525, 0.28542391610639395, -0.34816129233469106, 0.4895592491906263, -0.2718079241477258, 0.33150495266006486, 0.45809887480986144, 0.8284739289102345, 0.010789421435762503]], "inverted": false, "swapped": false, "error_lsq": 0.05314740640624331, "error_max": 0.3136037107618676, "target": "757.xyz", "model": "18.xyz", "model_rescale": 3.922800546911778, "target_rescale": 3.877417396649439},
{"mapping": [5, 1, 12, 3, 0, 13, 4, 8, 2, 6, 10, 7, 11, 14], "R": [[0.029163943177385604, -0.9835138984743123, 0.17846533536294046], [0.34128374318484556, -0.1580148779728883, -0.9265833502588714], [0.9395077812642572, 0.0879301418574644, 0.33104896782325044]], "T": [0.09305082537219554, 0.03618702449092221, 0.03742379706907305], "aligned_model": [[-0.2212572496045262, 0.1537714132137007, -0.30695041800413225, -0.5400788478665741, -0.595965886861915, 0.36419495538055247, 0.7492139087350641, 0.47036132322778473, -0.17345140191547326, 0.6740822984990252, 0.43311887005145683, -0.3237426296018771, 0.2767121077484553, 0.03567871292243661], [-0.15171670986405542, 0.5987385642662432, -0.626408718675729, -0.02696191401482615, 0.3313012430567951, -0.5455887124619534, 0.010444094859135923, -0.21827643891337273, 0.6625757845796785, 0.37478127397205346, 0.5428614852185157, -0.3645980116309165, -0.11168730111991529, 0.001918322284030223], [-0.632230099212877, -0.4398934970283057, -0.10250450957879016, 0.10306122553234624, -0.33217896798988755, 0.2820287836804159, 0.34181572977733515, -0.37156983126989945, 0.26045439334000814, -0.11595199426543819, 0.5649039986859042, 0.5886638443898821, 0.709469427923, 0.10696952313888054]], "inverted": false, "swapped": false, "error_lsq": 0.0395086165380127, "error_max": 0.24256841972205134, "target": "757.xyz", "model": "19.xyz", "model_rescale": 3.9282355846067225, "target_rescale": 3.877417396649439},
{"mapping": [8, 13, 4, 11, 9, 3, 5, 6, 10, 7, 2, 0, 1, 13], "R": [[0.5466565304029212, 0.002719279592915569, -0.8373525203200476], [0.8184406243635588, -0.2130883909709614, 0.5336181050384202], [-0.176979044407037, -0.9770291414036237, -0.11871172936517185]], "T": [0.09950673380544757, 0.07818133353640108, -0.0663992444241714], "aligned_model": [[-0.1941473908261066, 0.07710352291146705, -0.22045252971666068, -0.5981109318225687, -0.3942954145471112, 0.29444367800160376, 0.7376325482940254, 0.5869424680035313, -0.272480653937758, 0.4717410581529336, 0.4846417765676351, -0.30759803945978265, 0.2531635413913018, 0.07710352291146705], [-0.20855677163490174, 0.08613721305492057, -0.46522824666800056, 0.010503725265969682, 0.36884725292347886, -0.5512357090849637, -0.06017943705252293, -0.2321162259336567, 0.6585160273925712, 0.5331655373389802, 0.5470851692276714, -0.2678783172963317, -0.02781446903245194, 0.08613721305492057], [-0.7068444749145172, 0.09239612440757695, -0.10762960663793544, 0.08230349687021692, -0.4538235426129234, 0.2971785923409379, 0.18127371391791408, -0.37130231700751737, 0.45039024410894163, -0.27262426338968476, 0.4908407416414911, 0.5291722540938746, 0.6593109398966226, 0.09239612440757695]], "inverted": false, "swapped": false, "error_lsq": 0.05825551877655561, "error_max": 0.5014515441119729, "target": "757.xyz", "model": "20.xyz", "model_rescale": 4.067790424073018, "target_rescale": 3.877417396649439},
{"mapping": [6, 5, 3, 2, 4, 12, 9, 11, 8, 13, 1, 0, 7, 14], "R": [[-0.49830799469045695, -0.40910186195183285, -0.7644114134254664], [0.6528170415443142, -0.757243686663345, -0.02029554822701768], [-0.5705427702608322, -0.5091342313732692, 0.6444092502028862]], "T": [0.08201294048348083, 0.04479906144311238, 0.02743777888441333], "aligned_model": [[-0.22875869638940732, 0.07281148331265713, -0.16251600089655105, -0.6179258694335366, -0.560574019749017, 0.44422145302055754, 0.6599708024125238, 0.41899093294066936, -0.14283425047584203, 0.6069304586417547, 0.5668377098567541, -0.34051422038330387, 0.12109543495371204, 0.15795193811300717], [-0.025532675899275215, 0.6126814349873004, -0.7437169299641565, -0.19487365301676957, 0.4766350976673164, -0.5956074575386415, -0.06059822359411832, -0.34942922962150635, 0.4651787154879564, 0.3119697618231646, 0.5757974077297804, -0.2314869401330565, 0.20780532642246957, 0.02856032720521968], [-0.6404179983108721, -0.1334692248837217, -0.17797192091915665, -0.052340563128399534, -0.1801004852829559, 0.24120950477218878, 0.5362658653832625, -0.35864788661346725, 0.3403156846366294, -0.3509864817889591, 0.42277409206825833, 0.5270324878074227, 0.754462863329407, 0.034912090052937744]], "inverted": true, "swapped": false, "error_lsq": 0.05056299560252771, "error_max": 0.2874384373159218, "target": "757.xyz", "model": "21.xyz", "model_rescale": 4.186013935880536, "target_rescale": 3.877417396649439},
{"mapping": [3, 11, 8, 0, 7, 4, 2, 5, 8, 12, 6, 1, 13], "R": [[-0.44484307068244716, 0.7179246029734584, -0.5354427204764428], [0.3145518767491241, 0.6850065415835312, 0.6571325245499375], [0.8385533729581055, 0.12389633744858097, -0.5305449446252525]], "T": [0.020709638187086044, -0.08161198197381311, 0.07119816268525211], "aligned_model": [[0.17219315482759323, -0.469702908645211, 0.4119737281412297, 0.4479626110711731, -0.1156773836441797, 0.7217842125001795, -0.13124969892647237, -0.752976921798392, 0.4119737281412297, -0.43720918375749096, -0.5430287585637888, 0.41661881525307015, -0.07408735917571507], [-0.35839709745718584, 0.030390542532569426, 0.4912590415281529, -0.6968102232041292, -0.33987331244142194, -0.23275773032709718, -0.571535574141632, -0.2730312506740492, 0.4912590415281529, 0.5339244595369422, 0.32096802512372635, 0.06083212922102643, 0.06272860832103799], [-0.5904920100188779, -0.4947350238002912, -0.1941723695229118, 0.2671026666636509, 0.5986109995039826, -0.16854733409158423, -0.02450516679690909, 0.16253596201655032, -0.1941723695229118, -0.09333850296134932, 0.43578697156037605, 0.37474217973169266, 0.02406355857392877]], "inverted": false, "swapped": true, "error_lsq": 0.053672585820329306, "error_max": 0.41632910956999003, "target": "757.xyz", "model": "22.xyz", "model_rescale": 4.166573947596378, "target_rescale": 3.877417396649439},
{"mapping": [10, 14, 7, 5, 13, 4, 3, 8, 12, 9, 11, 1, 2, 15], "R": [[-0.34472662787583186, 0.9379753403209886, -0.036956907109270076], [-0.8663809354664697, -0.33307443046977836, -0.3720826499952363], [-0.36131375104416175, -0.09624803747068439, 0.9274635780392884]], "T": [0.1088894438899171, 0.05137194322556705, 0.11759558558248162], "aligned_model": [[-0.1603834415342154, -0.10009515309055171, -0.25284311772912754, -0.6775634952339116, -0.5847150785742024, 0.4279842588802246, 0.6518178411133816, 0.5858645085382186, -0.01700904458041684, 0.5581872224162662, 0.5830132172276046, -0.26109690466951924, 0.18373712587890065, 0.05878921728132587], [0.0792082922671895, 0.6623642881377162, -0.3803763551509756, -0.21166979918931195, 0.21232552638950353, -0.5576131072353183, -0.0068830026443374645, -0.47588618625553414, 0.6669424652684383, 0.28392869477927113, 0.6039859332382715, -0.3643228261156739, -0.05028080399207432, 0.015659842058519162], [-0.5807299000984245, -0.33956035707156523, -0.3230092355029208, 0.05960595295576675, -0.3404653812982979, 0.37676583990586654, 0.3691145088986383, -0.2678558287631201, 0.3036167086356688, -0.20566596455945918, 0.4207749929053988, 0.5630246163933719, 0.7785598680312943, 0.14886220669035677]], "inverted": true, "swapped": false, "error_lsq": 0.05056416649792144, "error_max": 0.3354289002622384, "target": "757.xyz", "model": "23.xyz", "model_rescale": 4.274766983524099, "target_rescale": 3.877417396649439},
{"mapping": [8, 1, 9, 12, 7, 5, 11, 2, 3, 0, 13], "R": [[-0.9111472475146478, 0.37228635595073883, -0.176673604478431], [0.2938266547801434, 0.28633747368675383, -0.9119631286973164], [-0.28892315637067184, -0.8828441087392538, -0.37028325559927894]], "T": [-0.0007520052744259612, 0.12153424979859856, 0.020526107500171878], "aligned_model": [[0.3804597017868746, 0.09248057968020218, -0.5073331443797204, -0.34026481767839956, -0.3964504951744016, -0.6230589758277206, -0.040283892244414636, 0.014756293930639527, 0.5693595547982924, 0.29560492902297075, -0.06537502995624794], [-0.039313086110210976, 0.5326620124211394, 0.5629681523773901, -0.45359196701442, 0.5288126459794709, -0.1847654625192477, -0.6227868479894865, 0.11490165365029004, -0.21381251371972404, 0.703303865563083, -0.012791921394801009], [-0.5963175403967048, -0.281889202111468, -0.38801552844474085, -0.3913087594171682, 0.22303943564253742, 0.42362577725117234, 0.15376550277107315, 0.5420540500849216, 0.3366059991247063, 0.43659008719233355, -0.07858338767508516]], "inverted": false, "swapped": true, "error_lsq": 0.04375376918361347, "error_max": 0.27809030276779834, "target": "757.xyz", "model": "24.xyz", "model_rescale": 3.7841303162186577, "target_rescale": 3.877417396649439},
{"mapping": [14, 9, 13, 11, 10, 3, 4, 12, 0, 2, 1, 6, 4, 15], "R": [[-0.6510917770087583, -0.7373114073472454, 0.18014268374597428], [-0.3661838024814156, 0.09725452439358939, -0.9254463681301195], [0.6648224730797158, -0.6685158532754489, -0.33331311586490187]], "T": [0.005202925031864272, 0.15193702578091928, 0.055428175098993705], "aligned_model": [[-0.14109675638642227, 0.1874086010149752, -0.17384095750569256, -0.5858379437699132, -0.5976754040882808, 0.1864918286539457, 0.5360089103996938, 0.37434982296864316, -0.23829194452146235, 0.7317226351646919, 0.279126553633235, -0.09767382560829507, 0.5360089103996938, -0.001013274430834754], [-0.005225028558047323, 0.31222117951682143, -0.5309458966148877, -0.3281699166859195, 0.4437084777423455, -0.593579434415696, -0.03223380128946518, -0.26608601041761504, 0.742464771402199, 0.2680949914199154, 0.5945023805818501, -0.20188006446804596, -0.03223380128946518, 0.1067451146316932], [-0.7082441723141003, -0.47678493092793145, -0.2816388800948957, 0.15338522876982355, -0.34037764266373455, 0.3010730989882602, 0.5463767011302401, -0.4585360409502834, 0.42055442655765124, -0.11031097457405051, 0.5865949532647486, 0.6769233826979801, 0.5463767011302401, 0.10764617610862617]], "inverted": false, "swapped": false, "error_lsq": 0.05057520771082286, "error_max": 0.35190844046047726, "target": "757.xyz", "model": "25.xyz", "model_rescale": 4.19342608120988, "target_rescale": 3.877417396649439},
{"mapping": [7, 1, 9, 11, 6, 2, 12, 3, 10, 4, 8, 13], "R": [[0.07365466218838981, -0.9768156189999408, 0.20101302747751637], [0.6672745151073294, -0.10152538821690163, -0.7378599576042095], [0.7411610568737356, 0.1884776963599936, 0.6443263503447902]], "T": [-0.10500065570680675, -0.0517126953269283, 0.1047941113026393], "aligned_model": [[-0.2650042132895799, 0.35178353738644874, 0.16684248033213037, -0.5541070882964625, -0.31212609593012686, -0.5005334136184325, -0.20141513988707221, -0.2295097595936209, 0.418014608488503, 0.3676328656840945, 0.47466818533419464, -0.1184374119782957], [-0.6321735632267675, -0.29753428505686474, -0.6140975449925145, 0.5304039196983067, -0.24085922021227818, -0.1268383014497341, 0.32637542533261044, 0.4700389766399555, 0.06462363945929339, 0.10341882883560377, 0.38476536741478845, 0.04465318529858104], [0.07431990289776555, 0.11445426381864765, -0.37292882032074137, -0.07623920571436332, -0.6260405387920144, 0.43673668810785526, -0.5759412946498684, 0.6044578146764223, -0.7046124189791613, 0.6743380199584843, -0.053828877232120625, -0.04545707256148482]], "inverted": true, "swapped": true, "error_lsq": 0.04968062251753965, "error_max": 0.3082050041015982, "target": "757.xyz", "model": "26.xyz", "model_rescale": 3.795458400668931, "target_rescale": 3.877417396649439},
{"mapping": [12, 6, 10, 8, 4, 2, 5, 11, 7, 1, 3, 0, 13], "R": [[-0.7346633370731688, -0.6590840717367072, 0.16086630331886975], [0.473487906252843, -0.3282933561380439, 0.8173326586818359], [-0.4858795980413404, 0.6766325876711692, 0.5532534297305376]], "T": [-0.11135954878612057, 0.009085292015239804, -0.007972332137906879], "aligned_model": [[0.008409497708324193, 0.27529812268062404, 0.6082922252680648, 0.10227166517002172, -0.22328578807030275, -0.504246532558836, -0.330138181301541, -0.6039291377986143, 0.12094671725414828, 0.30055106718959074, -0.7539478721092142, -0.2135003562558284, -0.08704504435518048], [-0.6922596884383209, -0.6467136046190542, -0.40877061340748444, 0.0702622654072316, 0.6799796598683676, 0.09329421733610334, -0.5794871628368298, -0.5197906580561908, 0.048371204283397556, 0.31681437112874533, 0.21950582645578973, 0.6855906732925673, -0.1449149871574082], [-0.33875574549979265, 0.17429201959341992, -0.5076880583659535, -0.7167102240066137, -0.3384292330508449, 0.32493090973706434, 0.49132036604890933, -0.2337926867743479, 0.5469646470189777, -0.07729642534009862, -0.2911588184586854, 0.35438147021890637, -0.09592155902151524]], "inverted": true, "swapped": true, "error_lsq": 0.05965562531606483, "error_max": 0.3243482330024911, "target": "757.xyz", "model": "27.xyz", "model_rescale": 3.6321398670334006, "target_rescale": 3.877417396649439},
