[{"mapping": [9, 5, 11, 8, 7, 12, 6, 3, 1, 0, 2, 13], "R": [[0.6358334915400439, -0.05975165732349355, -0.7695099157795776], [-0.46956225409929064, -0.8212120354769368, -0.32422535729492163], [-0.6125578018123597, 0.567486151579862, -0.550211238710995]], "T": [-0.0642788244931515, -0.052587064071539937, -0.002897728968182684], "aligned_model": [[0.2979422314966814, -0.524378840573531, -0.2381352285771525, 0.2923343551699642, 0.4961448584109658, -0.34791528668767846, 0.318412946009771, 0.02073251872648177, -0.5168464748421961, 0.021752010395519578, 0.5121920893578004, 0.023964207572195126], [0.2315211971471011, -0.05236213783524655, 0.5688396351499957, 0.418124917219183, 0.45313181166217326, 0.1469680571191557, -0.277089590401307, -0.5271502411809602, -0.35029301595142864, -0.4603312995176297, -0.5406061782387888, 0.08421947530472049], [0.5670334723791003, -0.6034884257431328, -0.26872596128538473, -0.514597252499937, 0.03670273620942977, 0.46061917352184006, -0.6255468345232649, -0.20479663499181386, 0.19609423442683993, 0.646529532924532, 0.1412441285922282, 0.0031850607869487093]], "inverted": true, "swapped": false, "error_lsq": 0.04829349227603693, "error_max": 0.24759950697542935, "target": "758.xyz", "model": "0.xyz", "model_rescale": 3.8414455957264533, "target_rescale": 3.8141256039391265},
{"mapping": [2, 11, 0, 13, 9, 4, 8, 10, 1, 5, 6, 14], "R": [[0.7930929219638075, -0.11804195464980313, 0.5975531056511746], [-0.5990888484600542, 0.02596953601899088, 0.8002612916102869], [-0.10998258399272243, -0.9926689680560243, -0.0501213634777787]], "T": [0.03742069466079332, 0.01246800297364031, 0.010353363579493633], "aligned_model": [[0.33730070611916596, -0.5247553957285054, -0.39575554732247176, 0.11696446522762605, 0.5992769168468445, -0.21797823580511191, 0.5045332140411259, 0.06365838557816447, -0.8129783490834437, 0.07031908780790475, 0.6515366549199282, -0.03592251614240604], [0.07469181092230398, -0.022687650400995716, 0.5909615415579282, 0.38478894576986, 0.3784948663581695, 0.21439286899123952, -0.24241933370635793, -0.6674523755765175, -0.1464688698972525, -0.460275250260283, -0.3700804143261575, -0.03897350895496858], [0.6817734288668849, -0.6291679617571828, -0.04639995090214239, -0.6453118747538155, -0.11554977722780839, 0.44603096186615915, -0.5737191810062853, -0.06313924025194459, 0.0027095419142060834, 0.46834277091621174, 0.30453947739192877, 0.004145034741173935]], "inverted": false, "swapped": false, "error_lsq": 0.03646536972392616, "error_max": 0.23127975416911456, "target": "758.xyz", "model": "1.xyz", "model_rescale": 4.316132596720782, "target_rescale": 3.8141256039391265},
{"mapping": [10, 4, 6, 3, 7, 8, 5, 0, 2, 1, 9, 11], "R": [[0.009809100435203277, -0.42529051606812995, -0.9050037339653112], [0.11035011670706474, -0.8990590230846573, 0.4236929604711399], [-0.9938443707600246, -0.10402331446635149, 0.038111897827912744]], "T": [0.07043697547373594, -0.04952010984382718, 0.017637506843983144], "aligned_model": [[0.18583306136674216, -0.44224097247527394, -0.39540819592252585, 0.22664147648125343, 0.8643304841209144, -0.38898206710860905, 0.40052817227919707, -0.09441437142980326, -0.6915041314766075, 0.020523436180055546, 0.6858028352507235, -0.014910340807245348], [0.3854968221455649, -0.013439567669625507, 0.620879936546823, 0.3832773522502557, 0.3327792257115074, 0.12350765604878988, -0.28913808687075715, -0.6784824412428933, -0.3708878319320471, -0.4032024033791617, -0.40999758745559123, 0.01417955632410399], [0.45886285837356133, -0.5569834528328729, -0.08058681339144283, -0.45066102989195916, -0.13741549938801068, 0.6058820574824251, -0.4817450206778138, -0.26722119091963686, 0.1476141912305135, 0.42631187261650255, 0.22094110245311505, -0.050745845256995936]], "inverted": true, "swapped": false, "error_lsq": 0.04305297422978325, "error_max": 0.2855353964600581, "target": "758.xyz", "model": "2.xyz", "model_rescale": 3.795458400668931, "target_rescale": 3.8141256039391265},
{"mapping": [6, 7, 8, 1, 2, 3, 0, 4, 9, 5, 10, 11], "R": [[-0.9475427310177263, 0.1214565047121853, -0.29565366623562744], [-0.24749373197425265, -0.8641323956574375, 0.4382032124583236], [-0.20226128035025803, 0.48838869790202644, 0.8488620937659058]], "T": [0.09263339200338026, -0.03215786953927304, -0.05602541415490006], "aligned_model": [[0.1056531849017673, -0.45931242378858106, -0.4052202788668965, 0.22299034796805678, 0.7733670988600188, -0.3271422389868877, 0.4053151013573427, 0.10361103622161405, -0.7140253877517319, -0.053189771819737344, 0.6209711593090514, 0.08318155905480476], [0.44670818106208693, -0.13728545794924402, 0.5637676950317205, 0.4581171080385642, 0.27684702659392213, 0.21139956980095428, -0.254562439303307, -0.6618986134941496, -0.21482173717838096, -0.4110836297003725, -0.4805562029555714, -0.10165886946925418], [0.2872151533706223, -0.5733321927697003, 0.031022738743756745, -0.4287268393632374, 0.11380657909110703, 0.5776450198285098, -0.7379156547063395, -0.1754440896381463, 0.20947443012074016, 0.5175384347130121, 0.18647999532725448, -0.17351034492019357]], "inverted": false, "swapped": false, "error_lsq": 0.05806264698503546, "error_max": 0.46388082168679395, "target": "758.xyz", "model": "3.xyz", "model_rescale": 3.7530521520055578, "target_rescale": 3.8141256039391265},
{"mapping": [9, 8, 5, 2, 0, 1, 10, 7, 6, 3, 11], "R": [[-0.07084973046445497, -0.9845482461205692, -0.16014077167924956], [0.3821908919591844, -0.17508643501565335, 0.9073449522518726], [-0.9213633581799081, 0.0030808009382044532, 0.38869019909051217]], "T": [0.0069169938165174125, -0.05528649889125051, 0.03136732882767721], "aligned_model": [[-0.40973651321857874, -0.28327149690557135, 0.32594357143546043, 0.5948343990933481, 0.2837047923321668, -0.2163018855161016, -0.2786733352815403, -0.664240205256372, -0.29232332996320015, 0.26869506238405505, 0.00956854334153899], [-0.6121002387396547, 0.029452924744194767, -0.337922194766341, 0.2761135917043446, -0.6864231660889438, 0.6590949765131939, -0.5943166757100052, 0.07599560746485279, 0.24749294736320301, 0.4649678777008659, -0.055152291871364105], [-0.18954812418176295, -0.6379765603225837, -0.44122083524724887, -0.2926711242868556, 0.05507929525593478, -0.16459798648418836, 0.5291678383705962, 0.04892165693586358, 0.7000215000948193, 0.38012301753480127, 0.10553209957594092]], "inverted": true, "swapped": true, "error_lsq": 0.04067814369685209, "error_max": 0.21439291416627143, "target": "758.xyz", "model": "4.xyz", "model_rescale": 3.7855080009869324, "target_rescale": 3.8141256039391265},
{"mapping": [8, 2, 5, 1, 6, 10, 12, 14, 9, 15, 13, 16], "R": [[0.3978145587908979, -0.06758782756692674, -0.914972929861199], [0.8439679308418668, -0.36415168980725265, 0.39384220002561987], [-0.35980787724075913, -0.9288839714277053, -0.08782288483187603]], "T": [0.0644610576280576, 0.09894754333740396, -0.057644025328043136], "aligned_model": [[0.3080728259190082, -0.4152732572730922, -0.4339352686834281, 0.21083846261247494, 0.6222470029879541, -0.3392692817316697, 0.3889180768918448, -0.08978960459606239, -0.5433316040421496, -0.0388695333133936, 0.648883632636525, 0.03770793505080948], [0.012746579190782745, -0.16687602108067245, 0.7354147887995061, 0.27981380791945243, 0.41683470324554583, 0.23271239411308725, -0.31938923838537947, -0.5466292809213004, -0.24734424911334618, -0.46811461379697195, -0.2876934836241769, 0.053497244130441164], [0.596979969109962, -0.5525970607617949, -0.01747199535191838, -0.7780362717018741, 0.06025279732407292, 0.5340256898439633, -0.4851802725848524, -0.18854358879689406, 0.07496100530855848, 0.5314921266840826, 0.12627609039061508, -0.06790525966653531]], "inverted": true, "swapped": false, "error_lsq": 0.038603009656856244, "error_max": 0.2336216194810502, "target": "758.xyz", "model": "5.xyz", "model_rescale": 4.2253639853439635, "target_rescale": 3.8141256039391265},
{"mapping": [3, 8, 10, 5, 6, 4, 11, 9, 1, 0, 7, 13], "R": [[0.4734275638770583, -0.35303855856573163, 0.8069883009853764], [-0.8226183803786415, -0.5047465099995114, 0.26178227767848217], [0.31490529056313865, -0.7877783551286135, -0.5293769178630683]], "T": [0.027775624502235106, -0.029641849460017484, -0.04580833637314651], "aligned_model": [[0.411862438657885, -0.38169707479101994, -0.4969299234422581, 0.10230463799201525, 0.6236086670925575, -0.26475613511533996, 0.5201450192932319, -0.2045447379476497, -0.6662850311926346, -0.0026939660227140796, 0.6556204100390758, 0.05956508189567239], [0.16562833346038458, -0.14302386018245702, 0.5069309955555356, 0.43156699376128194, 0.21218020068749718, 0.259756118956775, -0.08313201310767589, -0.5796570190403768, -0.13491204608907975, -0.6056957710286865, -0.32716694221405224, -0.007502360282177253], [0.5175355617497833, -0.6502431995112049, -0.2586137506306878, -0.47297703318202555, -0.030873493115810828, 0.5300260996393279, -0.6460291043238089, -0.17272165288495248, 0.16844332377527016, 0.511233971557947, 0.3371811680297985, 0.001291338693748624]], "inverted": false, "swapped": false, "error_lsq": 0.042101915828404037, "error_max": 0.24836365958493717, "target": "758.xyz", "model": "6.xyz", "model_rescale": 3.89814844738969, "target_rescale": 3.8141256039391265},
{"mapping": [10, 0, 4, 7, 11, 2, 8, 6, 1, 5, 9, 12], "R": [[-0.396638483273818, 0.16009829546999987, 0.9039062171341927], [0.9096253926755742, -0.06395908301881814, 0.41047640699460414], [0.12352958587339763, 0.9850267871926088, -0.12026084120342045]], "T": [0.010009142916296492, 0.028510362747518652, -0.14810143053682784], "aligned_model": [[0.1852282260004079, -0.5262812101631077, -0.08419506696797126, -0.022828370545057337, 0.7303233426685751, -0.4125344586854153, 0.5566240044981337, 0.013198302372095193, -0.6447606360677596, -0.06182546651697797, 0.6054547586421727, 0.01779596122372578], [0.18630950073205607, -0.09492311482830167, 0.6518194013052067, 0.38059615451145073, 0.3978922263209947, 0.2601603975237296, -0.21008942257530225, -0.6349702185948094, -0.3893551253018043, -0.5298227787577968, -0.4348906233405871, 0.1122462334821322], [0.5470973669496371, -0.3675717503429839, -0.013538442770334697, -0.7014837328320827, -0.15479931984845147, 0.37088123839788784, -0.4674274518011569, -0.27909455429296437, 0.18575719592100748, 0.38638944497855704, 0.3300720984670451, -0.0020288630287750298]], "inverted": false, "swapped": false, "error_lsq": 0.049174670002617556, "error_max": 0.30710210443027813, "target": "758.xyz", "model": "7.xyz", "model_rescale": 3.7474275329858107, "target_rescale": 3.8141256039391265},
{"mapping": [8, 10, 11, 12, 4, 5, 1, 0, 6, 3, 2, 14], "R": [[0.9073965656863184, -0.028389555024059404, -0.4193155205167237], [0.4164875840490838, 0.1943932255266284, 0.888115626595046], [0.05629888909767594, -0.9805127775989916, 0.18821564241974756]], "T": [0.022967701370490583, 0.09368812314016345, -0.08002783498275895], "aligned_model": [[0.29525462981483164, -0.6079252792914128, -0.26910455495032676, 0.08480151986849563, 0.6921372422970214, -0.3337447520833472, 0.4477547228561504, -0.15446436186188392, -0.607019373472472, -0.01621185141243054, 0.7425899486048757, 0.08213149608931947], [0.21336203383330102, 0.030723981901976005, 0.6148364860026969, 0.3012394510525632, 0.39560892293172883, 0.05634426590120831, -0.4259049204473511, -0.519720817267525, -0.37499251409953815, -0.43293730326203356, -0.2608022685342657, 0.09721531246420781], [0.5337704214128436, -0.4962884787601151, -0.25201078926380094, -0.6577316033373637, 0.19067828241195972, 0.5399585567222105, -0.41823025289643584, -0.24269489493031365, 0.14445567043610125, 0.40501356520391263, 0.17506014855564594, -0.08772739575725887]], "inverted": false, "swapped": false, "error_lsq": 0.05196844896852402, "error_max": 0.26912175746560674, "target": "758.xyz", "model": "8.xyz", "model_rescale": 4.019505241142653, "target_rescale": 3.8141256039391265},
{"mapping": [11, 0, 1, 2, 6, 9, 3, 4, 7, 8, 5, 12], "R": [[0.7934727661941642, 0.5336715740489258, -0.292567292020696], [-0.5880630219211219, 0.7961343817765701, -0.14266018506309594], [0.15678919464420854, 0.2852449775287559, 0.945543468719149]], "T": [0.05920620870329411, 0.12759482958881865, 0.01165997312400205], "aligned_model": [[0.3286505131054298, -0.35331739964342385, -0.38422763733521614, 0.25055758886866814, 0.6709053731239332, -0.2967830040402913, 0.3814966986142621, -0.08461516336602684, -0.6782122289589765, -0.1688809444761498, 0.6039557889706774, 0.08666980159593483], [0.026775262748296558, -0.11688777320965207, 0.6177240235575107, 0.2549688329886521, 0.5185127268075096, 0.25105985856176805, -0.35364930602772626, -0.6574577384529802, -0.3965447033061208, -0.2884696745072314, -0.26450356915579576, 0.10344469047273817], [0.5634613012850787, -0.42731452221323113, -0.1277857137137472, -0.533438802129955, 0.04435810530469678, 0.5820704643155243, -0.6231578982291913, -0.21329013154411278, 0.04445917933553559, 0.4922882186234803, 0.00605108353903182, 0.026551945224275238]], "inverted": false, "swapped": false, "error_lsq": 0.04830824064661759, "error_max": 0.27158277185904217, "target": "758.xyz", "model": "9.xyz", "model_rescale": 3.877068213659057, "target_rescale": 3.8141256039391265},
{"mapping": [3, 8, 1, 0, 12, 4, 11, 9, 2, 13, 6, 15], "R": [[-0.9535748564066152, -0.29006598728096644, -0.08097355279238669], [-0.2462885969470042, 0.5963909933135532, 0.7639762497017493], [-0.17331162754696913, 0.7484514053144611, -0.6401434008406468]], "T": [0.03842892356250411, -0.09437156781107439, 0.04037711271346017], "aligned_model": [[0.24426866722624196, -0.39105656537994804, -0.3117819631897222, 0.23399667775562022, 0.689830898925845, -0.3794736132605344, 0.35178800354528167, -0.22409753316264425, -0.5127966777099324, 0.01745825913157189, 0.5727959271856099, 0.0652673053914319], [0.22868953177182003, -0.06903963115023068, 0.6766509837112675, 0.42491758537203017, 0.2310670564985969, 0.2053377215267154, -0.1408396777290097, -0.5955771814828529, -0.4317589168491551, -0.5511892930815483, -0.24692261442655225, -0.03636293368411218], [0.5463641368484304, -0.6001097673871174, -0.14878728681148118, -0.5304626761415434, -0.12683647529210829, 0.4804026703194665, -0.626182770580386, -0.29950241924291965, 0.19096088063152616, 0.6636878643259334, 0.3077432637876638, -0.023024190660078908]], "inverted": true, "swapped": false, "error_lsq": 0.04133675457974884, "error_max": 0.23257442162101324, "target": "758.xyz", "model": "10.xyz", "model_rescale": 4.260839863003843, "target_rescale": 3.8141256039391265},
{"mapping": [3, 10, 4, 9, 2, 5, 8, 7, 6, 0, 1, 11], "R": [[-0.037705324249091565, -0.9926508908369303, 0.11498920577132313], [-0.9648534835222753, 0.06611191011261386, 0.2543363337712335], [-0.26006934432608836, -0.10135790182275126, -0.9602554409530247]], "T": [0.048507539834406366, -0.019422767310739438, -0.051957144253792074], "aligned_model": [[0.2523900693388251, -0.42940005042659407, -0.12792592175453982, 0.06610569962111415, 0.6116390375723122, -0.40715031754605474, 0.4451003016314569, -0.018380496952310615, -0.6540232467397219, -0.10461365902648578, 0.6494907791301544, 0.0729671916106654], [0.18143126184047112, -0.044568016328112, 0.6856812746437305, 0.43441177749519955, 0.3675232107888876, 0.28539171053888823, -0.15551912713215826, -0.662974987444229, -0.3565765101562118, -0.6480475450833647, -0.3182319717065106, -0.07354844697962251], [0.5975985843402765, -0.4573037165409876, -0.14028823873604152, -0.7072874211906345, 0.007312176894970275, 0.34310608277272314, -0.6348854153063203, -0.15670522193696837, 0.25793506645027403, 0.5408489426622825, 0.21784435425065937, -0.033921963862848015]], "inverted": false, "swapped": false, "error_lsq": 0.042473309520997045, "error_max": 0.2668337956684449, "target": "758.xyz", "model": "11.xyz", "model_rescale": 3.890672605050136, "target_rescale": 3.8141256039391265},
{"mapping": [9, 3, 7, 4, 10, 5, 2, 0, 8, 6, 11, 13], "R": [[0.10115337089811088, -0.994392298006719, 0.030853739171553207], [-0.0441269356703502, -0.035466730354317966, -0.9983961761677171], [0.993891749188157, 0.09962965774753574, -0.04746706429530784]], "T": [0.06665813098491985, -0.14078335527859306, 0.05825864768910542], "aligned_model": [[0.2867468977984636, -0.5867826217716496, -0.43317444105520686, 0.17329745172958255, 0.7427059331555981, -0.2738758097993917, 0.6338558095351559, -0.1881283645491737, -0.6364592834528193, 0.012120436643659908, 0.5997028538218054, 0.026190524402796844], [0.1015082106730475, -0.059913924143990854, 0.5330056280493071, 0.05779814678166925, 0.40363834983434943, 0.38004438937663665, -0.15449717046012204, -0.4832445203592016, -0.2678540846985965, -0.5795923013597071, -0.23532099680939975, -0.000599096407022992], [0.7644287035627575, -0.5894592490428971, -0.09385964887678315, -0.6052550945466894, -0.15646182321358693, 0.5248926342420714, -0.3703004012027342, -0.34978391363544975, 0.15137135937333146, 0.42775924670983595, 0.1566869042254922, -0.025765487797962824]], "inverted": true, "swapped": false, "error_lsq": 0.049003218783620704, "error_max": 0.29440982051328635, "target": "758.xyz", "model": "12.xyz", "model_rescale": 4.124412569039231, "target_rescale": 3.8141256039391265},
{"mapping": [9, 4, 10, 2, 8, 7, 1, 0, 5, 3, 6, 12], "R": [[-0.48920495554587984, 0.868827473367646, -0.07627144282722534], [0.7084050370840491, 0.3448139489523257, -0.6158454709112103], [-0.5087640070831477, -0.3553057305047246, -0.7841664510594695]], "T": [0.009630574880913671, -0.06852616403790003, 0.06744841581021971], "aligned_model": [[0.28929727627438456, -0.3837485384496065, -0.30529644257838906, 0.1749891103490937, 0.5920861406492353, -0.3818721181069135, 0.5095341434260585, -0.19936390269024432, -0.7392200946599129, 0.17745077795124656, 0.6469017065475909, -0.024558672253721874], [0.17600519862054842, -0.06845147890199672, 0.5849933694029543, 0.4118603957047894, 0.3288050363544145, 0.17437253571646066, -0.31785425122594246, -0.5870395691285146, -0.1823957290675257, -0.6100544721897398, -0.24563968614936954, 0.030371281340890233], [0.5876716571292613, -0.6133813157430896, -0.06798741911889786, -0.6284544665054976, -0.06585406728274304, 0.4926584081163323, -0.5248321140096577, -0.08821966209954465, 0.06895704446970523, 0.5002726834727034, 0.16809194423416907, 0.0053305371346445]], "inverted": false, "swapped": false, "error_lsq": 0.03751745341106186, "error_max": 0.22423804970067565, "target": "758.xyz", "model": "13.xyz", "model_rescale": 3.9028299243045295, "target_rescale": 3.8141256039391265},
{"mapping": [10, 2, 3, 6, 9, 4, 11, 12, 8, 13, 14, 15], "R": [[-0.3458505317364965, 0.6870983421833828, 0.6389704827818181], [-0.8537986016753046, -0.5128742173478228, 0.08937552773076668], [0.3891212632006602, -0.5146415309209948, 0.7640214245532762]], "T": [-0.08378767971944913, 0.024567562879520357, -0.04173078590539472], "aligned_model": [[0.28712702426568837, -0.58990946393002, -0.3009274047586671, 0.15123235369372018, 0.6322045837322743, -0.32315919075540667, 0.47576974708411557, -0.0592734449692886, -0.7336237454963358, 0.1108372000064994, 0.6942661034550716, 0.01165562413117019], [0.13413752974630516, 0.004638224882348992, 0.6035790510287745, 0.45110703913724376, 0.3012315975266817, 0.373551085773607, -0.3224463738823259, -0.6641376784830232, -0.3918130198318755, -0.5713827780735474, -0.3101571703221536, 0.08666512297493294], [0.5952694548931499, -0.5761401145948247, -0.12101181540949488, -0.4969647052671849, -0.14970090711350667, 0.48767931442846135, -0.37689269027393246, -0.13829388328353895, -0.012619662358543636, 0.4477747800535804, 0.21447677888112163, -0.039323320157901735]], "inverted": false, "swapped": false, "error_lsq": 0.03973538660478483, "error_max": 0.2202523814760135, "target": "758.xyz", "model": "14.xyz", "model_rescale": 3.942246331269136, "target_rescale": 3.8141256039391265},
{"mapping": [0, 10, 11, 4, 12, 8, 3, 5, 9, 2, 1, 14], "R": [[-0.3798183329212884, -0.9145835862460194, -0.1388340655108221], [-0.29307698734355836, -0.023378944013217384, 0.9558029632023801], [-0.8774074956749099, 0.40372055774532567, -0.2591636505902905]], "T": [-0.0495793815872579, 0.05185310432846342, -0.04983831555033838], "aligned_model": [[0.16607478666808984, -0.5371750850061903, -0.3724794487690604, -0.003656668445872348, 0.7255706617315419, -0.16793885804761532, 0.47269064935143185, 0.12546320525804466, -0.695602123760855, -0.035088403781883604, 0.6696353281141452, 0.008705343147044443], [-0.06626597030514204, -0.0012113203770793696, 0.6791973956206552, 0.22064486002784345, 0.30901003208514044, 0.5357509178031044, -0.20408538752393363, -0.5581197085638158, -0.4260877340887351, -0.5169145208871573, -0.3021233189561197, 0.0251773856422082], [0.6431686445806926, -0.5679455562652584, -0.17745379836349495, -0.6093599188403807, -0.01683857293985558, 0.5423397545723934, -0.4720674401642939, -0.058371691898493644, -0.0009560314390879981, 0.45902445446561946, 0.06878853169934034, 0.023924854390205058]], "inverted": false, "swapped": false, "error_lsq": 0.05470998159819248, "error_max": 0.3067134161621835, "target": "758.xyz", "model": "15.xyz", "model_rescale": 4.355366556412066, "target_rescale": 3.8141256039391265},
{"mapping": [10, 4, 6, 3, 7, 8, 5, 0, 2, 1, 9, 11], "R": [[0.009809100435203277, -0.42529051606812995, -0.9050037339653112], [0.11035011670706474, -0.8990590230846573, 0.4236929604711399], [-0.9938443707600246, -0.10402331446635149, 0.038111897827912744]], "T": [0.07043697547373594, -0.04952010984382718, 0.017637506843983144], "aligned_model": [[0.18583306136674216, -0.44224097247527394, -0.39540819592252585, 0.22664147648125343, 0.8643304841209144, -0.38898206710860905, 0.40052817227919707, -0.09441437142980326, -0.6915041314766075, 0.020523436180055546, 0.6858028352507235, -0.014910340807245348], [0.3854968221455649, -0.013439567669625507, 0.620879936546823, 0.3832773522502557, 0.3327792257115074, 0.12350765604878988, -0.28913808687075715, -0.6784824412428933, -0.3708878319320471, -0.4032024033791617, -0.40999758745559123, 0.01417955632410399], [0.45886285837356133, -0.5569834528328729, -0.08058681339144283, -0.45066102989195916, -0.13741549938801068, 0.6058820574824251, -0.4817450206778138, -0.26722119091963686, 0.1476141912305135, 0.42631187261650255, 0.22094110245311505, -0.050745845256995936]], "inverted": true, "swapped": false, "error_lsq": 0.04305297422978325, "error_max": 0.2855353964600581, "target": "758.xyz", "model": "16.xyz", "model_rescale": 3.795458400668931, "target_rescale": 3.8141256039391265},
{"mapping": [10, 0, 4, 7, 11, 2, 8, 6, 1, 5, 9, 12], "R": [[-0.396638483273818, 0.16009829546999987, 0.9039062171341927], [0.9096253926755742, -0.06395908301881814, 0.41047640699460414], [0.12352958587339763, 0.9850267871926088, -0.12026084120342045]], "T": [0.010009142916296492, 0.028510362747518652, -0.14810143053682784], "aligned_model": [[0.1852282260004079, -0.5262812101631077, -0.08419506696797126, -0.022828370545057337, 0.7303233426685751, -0.4125344586854153, 0.5566240044981337, 0.013198302372095193, -0.6447606360677596, -0.06182546651697797, 0.6054547586421727, 0.01779596122372578], [0.18630950073205607, -0.09492311482830167, 0.6518194013052067, 0.38059615451145073, 0.3978922263209947, 0.2601603975237296, -0.21008942257530225, -0.6349702185948094, -0.3893551253018043, -0.5298227787577968, -0.4348906233405871, 0.1122462334821322], [0.5470973669496371, -0.3675717503429839, -0.013538442770334697, -0.7014837328320827, -0.15479931984845147, 0.37088123839788784, -0.4674274518011569, -0.27909455429296437, 0.18575719592100748, 0.38638944497855704, 0.3300720984670451, -0.0020288630287750298]], "inverted": false, "swapped": false, "error_lsq": 0.049174670002617556, "error_max": 0.30710210443027813, "target": "758.xyz", "model": "17.xyz", "model_rescale": 3.7474275329858107, "target_rescale": 3.8141256039391265},
{"mapping": [12, 0, 4, 8, 10, 9, 3, 1, 2, 7, 11, 13], "R": [[-0.975854158074273, 0.2083460380849196, -0.06557888824514516], [-0.20068385033639694, -0.7367132538880561, 0.6457395556722784], [0.08622444191359349, 0.6433082542296423, 0.7607363772403022]], "T": [0.03388116224286153, 0.00037754070037157583, 0.021080069305028058], "aligned_model": [[0.32163700880971324, -0.5261664353438025, -0.3827890640139424, 0.15789315662156145, 0.6611993832702902, -0.31747932422833564, 0.4346881146063216, -0.0076913716020302544, -0.5809640165915683, 0.057191032188641196, 0.6038533991811836, -0.06517249643921125], [0.20847805804564581, -0.052644515973515466, 0.6849656413990423, 0.3955314054241388, 0.2798799505260269, 0.29360174602906164, -0.20564155959327918, -0.6323671315734932, -0.35193581413359665, -0.47441217730947505, -0.4280213201431311, -0.022461652220456048], [0.6792044274325201, -0.5975294527073205, -0.19560144110482763, -0.5665668482081909, -0.04812703244103727, 0.5092291651888133, -0.486363620734117, -0.255369421467575, 0.06198764659059953, 0.6054178617432191, 0.1365907915500598, -0.008618846044758384]], "inverted": false, "swapped": false, "error_lsq": 0.031056121492321478, "error_max": 0.1427407601095615, "target": "758.xyz", "model": "18.xyz", "model_rescale": 3.922800546911778, "target_rescale": 3.8141256039391265},
{"mapping": [0, 13, 7, 11, 2, 3, 6, 8, 12, 5, 1, 14], "R": [[-0.23563862367961572, 0.3928165487898059, 0.8889148429558609], [-0.8540901132832159, -0.5201137232060311, 0.0034341410313664666], [0.4636857960108761, -0.7584041626531504, 0.458059612548557]], "T": [0.09271721174162754, -0.041578812962887304, -0.11598498929008504], "aligned_model": [[0.25592251679576833, -0.432037177661236, -0.4514870364343179, -0.07926703146883719, 0.6114247809432056, -0.12385984651272648, 0.572619136223031, -0.020686265775966717, -0.6262424249416148, -0.09061161554387205, 0.7017448767659661, 0.03867947406942114], [0.0437854963845999, -0.09012406631991804, 0.5432528095675762, 0.4067494556153012, 0.4102814417737624, 0.3090875755531934, -0.3826493961143379, -0.6259163260084136, -0.1059936955524709, -0.49557171339854383, -0.35592948480448733, 0.03800053378070703], [0.6991957261152104, -0.55654138295509, -0.11101220191329804, -0.6419762405954771, 0.08374916059447109, 0.3731741927642688, -0.47533547572482804, -0.2576888218293097, 0.19636386741949807, 0.4695188173805963, 0.16375056848472214, -0.10894497994337861]], "inverted": true, "swapped": false, "error_lsq": 0.04417608559846437, "error_max": 0.24049308479227552, "target": "758.xyz", "model": "19.xyz", "model_rescale": 3.9282355846067225, "target_rescale": 3.8141256039391265},
{"mapping": [4, 2, 1, 10, 11, 3, 12, 7, 5, 6, 8, 13], "R": [[0.3010594490456722, -0.5263636974972216, -0.7951757454156722], [0.6621970637229108, 0.7154223505307675, -0.22285849581693484], [0.6861911227472061, -0.4594693877921413, 0.5639411536187472]], "T": [0.107733278940109, -0.09065390461920515, 0.02791474205551002], "aligned_model": [[0.360140251846117, -0.4901886243861353, -0.4296672482117404, 0.1672494752767779, 0.5990112484033384, -0.2971835437345437, 0.4919114998113703, -0.05639002015516312, -0.5679179290156654, -0.14740997805598263, 0.6880088962851388, 0.03863535839530907], [0.1999855388392468, 0.0104923081465665, 0.4265459480221571, 0.36522874572096453, 0.4291683115511041, 0.2594707332014963, -0.3773387915512785, -0.5815679088309911, -0.20894013726645977, -0.515836102809458, -0.3571684422477666, 0.04493242770138768], [0.5291006146361316, -0.5297366288974719, -0.04423636432048571, -0.7006888404802216, -0.01444079621080209, 0.556885605003124, -0.6742342560072245, -0.3187331478017009, 0.15904050078587695, 0.4533158125861271, 0.44128115128062395, -0.023300420776591182]], "inverted": true, "swapped": false, "error_lsq": 0.03971545168573979, "error_max": 0.2193151751394549, "target": "758.xyz", "model": "20.xyz", "model_rescale": 4.067790424073018, "target_rescale": 3.8141256039391265},
{"mapping": [7, 6, 4, 5, 1, 0, 13, 11, 3, 12, 9, 14], "R": [[-0.2833478907379955, -0.8897783548891706, -0.3577826882131809], [0.6225414255112612, -0.45443712870190867, 0.6371256309234246], [-0.7294903332716176, -0.04220634108621779, 0.6826876873324859]], "T": [-0.017838317713342232, 0.025976742697906927, -0.04264154004234568], "aligned_model": [[0.3727220594573397, -0.551261577133529, -0.3837197133450561, 0.19489609043941844, 0.7749605607594846, -0.29201091760887027, 0.3780876441212161, -0.09930094959516414, -0.6783105144308641, 0.02864268521902128, 0.5753832671617642, 0.03611075141406054], [0.330793231058349, -0.02742419532837546, 0.6778187035382582, 0.4043282901341674, 0.23461283631856497, 0.2237543553970793, -0.2063728627516874, -0.5815205179449618, -0.46504161276081135, -0.6065137654712791, -0.25918028253697856, -0.030281549175356085], [0.5152235488605981, -0.5527051329627076, -0.3319603212416897, -0.44271690669014063, -0.007342531419455865, 0.5819954992872971, -0.5712054422055519, -0.24841610576280845, 0.17281719989773334, 0.38725279620782377, 0.37066648270382374, -0.039355856877536115]], "inverted": true, "swapped": false, "error_lsq": 0.04738546491051623, "error_max": 0.2545232963918995, "target": "758.xyz", "model": "21.xyz", "model_rescale": 4.186013935880536, "target_rescale": 3.8141256039391265},
{"mapping": [11, 1, 9, 7, 4, 8, 6, 0, 2, 5, 3, 12], "R": [[-0.013834130633036068, 0.6958375897536142, -0.7180659200348597], [0.5097064850861621, -0.6129176750108642, -0.6037642111953863], [-0.8602371277099928, -0.37435540913035825, -0.3461937488807444]], "T": [0.01404384121568214, 0.05915046664749006, -0.029725719500363137], "aligned_model": [[0.2515544311139992, -0.4614852926275437, -0.33879310793093304, 0.1794861165241485, 0.677181933090442, -0.45307149117376094, 0.4153809155044681, -0.15639292843597108, -0.5586377091323879, 0.00782264077094913, 0.7365108392184423, 0.05664303953696857], [0.3014618215298602, -0.014371652055500464, 0.5699895835138218, 0.26994636297482216, 0.33866429839694995, 0.274274943147992, -0.23063994393732362, -0.5409739242822509, -0.3219958007623303, -0.5901154636009074, -0.4132746576430168, 0.052007063194851856], [0.503040557297524, -0.5807155350687463, -0.029231518663353915, -0.7127467173570672, -0.12839708177890474, 0.5387748139740579, -0.2842898955966813, -0.3938554545787941, 0.24679293736655478, 0.39093307881314626, 0.297680134864777, -0.013732089475127024]], "inverted": true, "swapped": false, "error_lsq": 0.04641606457808765, "error_max": 0.3052749031030285, "target": "758.xyz", "model": "22.xyz", "model_rescale": 4.166573947596378, "target_rescale": 3.8141256039391265},
{"mapping": [2, 10, 12, 9, 3, 6, 8, 7, 5, 1, 4, 15], "R": [[-0.03644446170807529, 0.934438598241039, 0.354254579826614], [-0.9951865337578631, -0.0016668178792748761, -0.09798461483909982], [-0.09097012827196654, -0.35612038390898026, 0.9300014558734317]], "T": [0.013891572040616876, 0.0855499507136535, -0.08578801597018539], "aligned_model": [[0.2877050843990726, -0.4092625287686239, -0.3028432376630722, 0.23036997882683158, 0.5767705073445257, -0.3353347226257734, 0.5515999421635763, -0.23625419938358982, -0.5813691847825637, -0.02699684973166326, 0.6092412008606539, -0.0074266041805527774], [0.19767858636518543, -0.17010204075399454, 0.6456483681029763, 0.36282313133915794, 0.28816673242040947, 0.21622917421984533, -0.3275888969016401, -0.5459916025703125, -0.4379991420119456, -0.2961873168605201, -0.2822565604334331, 0.04455219756123976], [0.518581547050607, -0.6483925834338944, 0.03810782088142395, -0.5723122692024498, -0.026286789276955172, 0.5775908860339907, -0.5265432105079282, -0.3093322110737034, 0.16445778338285427, 0.5147982445928726, 0.13811085224099168, -0.034526840890423634]], "inverted": true, "swapped": false, "error_lsq": 0.04176529629916204, "error_max": 0.21116278685463083, "target": "758.xyz", "model": "23.xyz", "model_rescale": 4.274766983524099, "target_rescale": 3.8141256039391265},
{"mapping": [2, 8, 1, 3, 7, 6, 4, 10, 0, 9, 11], "R": [[-0.14622833601801266, 0.3623329039534453, 0.9205064586726521], [-0.6774504607409888, -0.7147582573323792, 0.17372825566672495], [0.7208870556385554, -0.5981935307973869, 0.3499805033497302]], "T": [0.026202487522168874, 0.09721112471563959, -0.018967055187826445], "aligned_model": [[0.2392185271141008, 0.1526610326964971, -0.4987023995702852, -0.3891394314429783, -0.4078536480049993, -0.6683874105732879, 0.004826567628398337, 0.025335766420383113, 0.6029954620373812, 0.3281350486473619, -0.009194810994496878], [-0.11285858847095437, 0.7667680670907762, 0.37687012802741937, -0.345168910190578, 0.5678190259702208, -0.1544349240532223, -0.6611210838452826, -0.026425970808262894, -0.10444304939494586, 0.5644301380606027, 0.04415169885771004], [-0.7052386465052434, -0.2930347644825889, -0.5137757724412111, -0.323292372929393, 0.22211095343172843, 0.2683267052833245, 0.19298997089994885, 0.7586149869798986, 0.3006462956818108, 0.45324946854712095, 0.018969609556181682]], "inverted": false, "swapped": true, "error_lsq": 0.0429685231285608, "error_max": 0.19779533928251333, "target": "758.xyz", "model": "24.xyz", "model_rescale": 3.7841303162186577, "target_rescale": 3.8141256039391265},
{"mapping": [14, 4, 3, 6, 11, 12, 7, 8, 2, 9, 10, 15], "R": [[-0.535872418824217, -0.8008824975514541, 0.2672601277018848], [-0.518236709749197, 0.06210832181158632, -0.8529790554463075], [0.6665369182662049, -0.5955919588757836, -0.4483288470650726]], "T": [0.06237885891140655, -0.11380219573847475, -0.06854965556348458], "aligned_model": [[0.25536062357653366, -0.5297898101400783, -0.2349445968862625, 0.06236061076268516, 0.5753051415073959, -0.30980625133056144, 0.6126077093894577, -0.18978041905056908, -0.6251827529877924, -0.04894987251917864, 0.7310337797036555, 0.05798522443353562], [-0.016483066252689638, 0.04436013330261604, 0.620659459857197, 0.31220603292083104, 0.4507093774910693, 0.1948078409067828, -0.1544605321048985, -0.6390257830430153, -0.34534090817410734, -0.35100317594833275, -0.3583481181560859, -0.06310863032239802], [0.6947235509971963, -0.4940203219136405, -0.2140375475866616, -0.6521106558236069, -0.15607611713283118, 0.5157533441071679, -0.41264364255799213, -0.16861795981366995, 0.13746462164430115, 0.4544057125815062, 0.24506315349639685, -0.11565090820078067]], "inverted": true, "swapped": false, "error_lsq": 0.044253648405987896, "error_max": 0.23373924394268716, "target": "758.xyz", "model": "25.xyz", "model_rescale": 4.19342608120988, "target_rescale": 3.8141256039391265},
{"mapping": [10, 4, 6, 3, 7, 8, 5, 0, 2, 1, 9, 11], "R": [[0.009809100435203277, -0.42529051606812995, -0.9050037339653112], [0.11035011670706474, -0.8990590230846573, 0.4236929604711399], [-0.9938443707600246, -0.10402331446635149, 0.038111897827912744]], "T": [0.07043697547373594, -0.04952010984382718, 0.017637506843983144], "aligned_model": [[0.18583306136674216, -0.44224097247527394, -0.39540819592252585, 0.22664147648125343, 0.8643304841209144, -0.38898206710860905, 0.40052817227919707, -0.09441437142980326, -0.6915041314766075, 0.020523436180055546, 0.6858028352507235, -0.014910340807245348], [0.3854968221455649, -0.013439567669625507, 0.620879936546823, 0.3832773522502557, 0.3327792257115074, 0.12350765604878988, -0.28913808687075715, -0.6784824412428933, -0.3708878319320471, -0.4032024033791617, -0.40999758745559123, 0.01417955632410399], [0.45886285837356133, -0.5569834528328729, -0.08058681339144283, -0.45066102989195916, -0.13741549938801068, 0.6058820574824251, -0.4817450206778138, -0.26722119091963686, 0.1476141912305135, 0.42631187261650255, 0.22094110245311505, -0.050745845256995936]], "inverted": true, "swapped": false, "error_lsq": 0.04305297422978325, "error_max": 0.2855353964600581, "target": "758.xyz", "model": "26.xyz", "model_rescale": 3.795458400668931, "target_rescale": 3.8141256039391265},
{"mapping": [5, 2, 1, 9, 11, 6, 4, 3, 0, 7, 10, 12], "R": [[0.43862772614506584, -0.8828579959505254, -0.16783169201027454], [-0.474532020134773, -0.06894067398018919, -0.8775343556453895], [0.7631677926404001, 0.4645524108831852, -0.4491836793773787]], "T": [0.06994037341469446, 0.13270408254800112, -0.07206913726392283], "aligned_model": [[0.23402520507939395, -0.6053781650532554, -0.3634629031271836, 0.01371803250227837, 0.7274934046746782, -0.3008809691588771, 0.6927963600823193, -0.08515933368988131, -0.6397424008605154, 0.04039968020954202, 0.597259134969556, 0.04513134083076627], [0.10332273229512959, 0.03001807494824163, 0.5354554376000173, 0.13497107547384896, 0.372092085275484, 0.41289439246606674, -0.287210565860466, -0.5611291406271647, -0.29368623181060305, -0.5091449564275005, -0.2683273862491743, 0.025717113393088825], [0.6621470244726053, -0.6272586268473774, -0.05457295374412796, -0.49775470107929404, -0.22002854711773395, 0.6099659657885655, -0.4389278165409413, -0.2711070686295109, 0.004186038371087525, 0.4252891412844493, 0.19021908827405154, 0.05209568556561178]], "inverted": true, "swapped": false, "error_lsq": 0.04674431144482014, "error_max": 0.26108591710705553, "target": "758.xyz", "model": "27.xyz", "model_rescale": 3.6321398670334006, "target_rescale": 3.8141256039391265},
{"mapping": [3, 9, 12, 6, 4, 8, 13, 11, 10, 0, 1, 14], "R": [[-0.007645451180465838, -0.9691532445527815, 0.24634028425952484], [0.8353964755938899, 0.12920488862143714, 0.5342460344463302], [-0.5495946466638432, 0.20987635724192086, 0.8086393751415442]], "T": [0.027120684423757185, -0.03292599141760199, 0.07931858906827398], "aligned_model": [[0.27013798897137614, -0.3634899097175191, -0.30989715996951633, 0.2201614196703355, 0.6993391480229555, -0.3373243596821012, 0.28677455030740645, -0.0888819883550138, -0.668523113937359, -0.11199417454131151, 0.6840120852621976, 0.07588490042737103], [0.047760892827169395, -0.08081297117546188, 0.6922553823983127, 0.3578472824754204, 0.434380400931135, 0.2273619339174584, -0.3122800906830974, -0.6107202554118238, -0.3748833600537185, -0.47778007368413633, -0.1510514490096457, -0.05710506205464356], [0.7164938368326026, -0.46077618236957135, -0.13054012171334506, -0.5640622935255095, -0.048016893910244676, 0.3371162258805846, -0.642497515676757, -0.17606936057357941, 0.1410963911802643, 0.4942446014196027, 0.12183046881366062, 0.045434073439677446]], "inverted": false, "swapped": false, "error_lsq": 0.04191448317358637, "error_max": 0.2627753766866194, "target": "758.xyz", "model": "28.xyz", "model_rescale": 4.156811204709835, "target_rescale": 3.8141256039391265},
{"mapping": [9, 0, 8, 2, 4, 10, 7, 6, 3, 11], "R": [[0.4805673633037635, -0.8734126478105194, 0.07877408185365575], [0.4600419900906497, 0.3275553338857731, 0.8252689686377492], [-0.7466032257368724, -0.36035794689113976, 0.559218895810665]], "T": [-0.040109275286788815, 0.02418969289776698, -0.09407989549263435], "aligned_model": [[-0.5145247465277931, -0.08239310974546668, 0.036149938573955556, 0.7076772028468501, 6.559727498941376e-05, -0.6988390160388747, -0.5396410495905801, -0.43730418437085855, 0.2404000686676872, -0.06866532697932097], [-0.23315719095046059, -0.6604652516430081, 0.30740420176773775, 0.058223056300249196, -0.3536112239545235, -0.3549625629029304, 0.4632750419385427, 0.36432926821904993, 0.31224180712115623, 0.015443184730390757], [-0.5851479816148746, -0.16455627238436787, -0.7674189232307496, -0.10552226705942, 0.5959222032290856, 0.11144239153900862, -0.25428974060409243, 0.5016212365365462, 0.4528784131538725, -0.026142332589908807]], "inverted": true, "swapped": true, "error_lsq": 0.05573138379247013, "error_max": 0.2839939060985048, "target": "758.xyz", "model": "29.xyz", "model_rescale": 4.117894457231895, "target_rescale": 3.8141256039391265},
