[{"mapping": [5, 0, 4, 1, 10, 7, 2, 15, 9, 14, 12, 8, 3, 16], "R": [[-0.7109455052547713, 0.6686473480088752, 0.21786971464326185], [-0.18455823106279318, -0.476345294419049, 0.8596705298146508], [0.6785976332886895, 0.5709692500349978, 0.46205991776982935]], "T": [-0.07877310067419976, 0.17706739311364472, 0.1363969723312622], "aligned_model": [[0.08441169180527572, 0.35444768447491837, -0.5888967432760002, -0.1546142364786936, -0.6946542136017444, -0.2832677833945757, -0.7716592646131529, 0.022336000274017193, -0.27855834420163655, 0.15060939580122737, 0.7974630731832923, 0.1799066549911897, 0.569194478079907, -0.015226291915720308], [-0.5107495933696806, -0.3074118079789247, -0.4184587505024756, -0.41545569598751075, 0.13828403572035888, 0.4635052827015609, 0.14460354450623125, 0.4595428067071322, 0.7798664808761047, -0.12056653650249932, 0.3210213957948549, 0.6817882891348598, -0.14818659621660013, 0.1674904769266235], [0.29640787283571113, -0.23420168019951593, 0.29025495072979296, -0.21133563346734824, 0.5870934861930068, -0.5741580689767534, -0.1963179777240242, 0.6261143693532452, 0.1856603594944571, 0.8084659626877064, 0.3567871336253533, -0.3812780219173488, 0.22830218415921885, 0.1157931503863327]], "inverted": false, "swapped": true, "error_lsq": 0.05033781492744005, "error_max": 0.3100793410569514, "target": "76.xyz", "model": "0.xyz", "model_rescale": 3.8414455957264533, "target_rescale": 4.220974831713001},
{"mapping": [8, 12, 1, 3, 6, 5, 4, 7, 10, 2, 14, 13, 15, 9, 16], "R": [[0.9524802630649123, 0.11619404498680445, -0.28156756272944583], [0.3004849843118155, -0.20699090767251388, 0.9310550672994791], [0.049901128994482374, -0.9714184000988006, -0.23206931997694727]], "T": [0.02384148750340377, 0.047132574001023955, -0.023302242466283325], "aligned_model": [[-0.6875213181710168, -0.4949075421432997, 0.15174889742546932, -0.19689352464547938, -0.4730743444132687, 0.33469738294447915, 0.7323729377377901, -0.3905300877388824, 0.711748807200752, 0.30323443426672847, 0.4046430245418142, -0.5058427102525954, 0.10866805007768686, -0.1006768115924367, -0.0256230417331966], [0.1672133579145043, 0.15154886010597307, -0.620776091661687, -0.2764829526917015, -0.36349482873088873, -0.4748611652595636, -0.2997377231073693, -0.047331498779792286, 0.3388226895303343, -0.04854112535913106, 0.10858349140178891, 0.5593304546546516, 0.5229868681635244, 0.6108403535632398, 0.01894383829913218], [0.23973646681355631, -0.769680895628502, 0.10035519949848118, -0.6402688168832954, 0.20060696572458497, -0.41854409262146886, 0.10403187315554308, 0.6461198539464431, 0.13682719794991374, 0.6870712509752889, -0.6897052644331454, -0.2841945610936941, -0.33347265294138806, 0.245838050884001, -0.05953878800678357]], "inverted": false, "swapped": true, "error_lsq": 0.04096732389714406, "error_max": 0.23879953730776216, "target": "76.xyz", "model": "1.xyz", "model_rescale": 4.316132596720782, "target_rescale": 4.220974831713001},
{"mapping": [9, 15, 10, 6, 2, 8, 1, 11, 14, 13, 3, 16], "R": [[0.35818705532749, 0.8492877349080042, 0.38783034529372984], [-0.6561480524039022, 0.5244941884613672, -0.5425638944832382], [-0.6642076232040612, -0.06013476203564763, 0.7451255220917671]], "T": [-0.0340309084440387, -0.035278551521428024, -0.15487935120255736], "aligned_model": [[-0.1515351391919042, 0.4116744077643961, 0.1352088341358013, -0.5194973086787904, -0.6069824219127976, -0.47005006728980975, -0.29832512991736126, -0.11091012006976628, 0.7077399093265769, 0.17492424170036028, 0.3516954467735828, -0.026134098008507065], [-0.5532238747214313, -0.32689285449592936, -0.6213793416845499, 0.4088320827969858, -0.3683525791751102, 0.05039056934121423, 0.4022330994318852, 0.5118093362302354, 0.03573051963846239, -0.12415784969786567, 0.5747789507625347, 0.02300836931454927], [0.19673572666663547, 0.059937798786892815, -0.615080193205666, 0.026127997059507635, -0.5455616146227793, 0.47137450578509565, -0.6201594538391305, 0.3936682433773594, -0.34881949471003093, 0.5930611783859027, -0.04023323722383429, -0.1217929952505317]], "inverted": false, "swapped": true, "error_lsq": 0.04232002175890534, "error_max": 0.2463454789107582, "target": "76.xyz", "model": "2.xyz", "model_rescale": 3.795458400668931, "target_rescale": 4.220974831713001},
{"mapping": [10, 14, 5, 11, 2, 6, 3, 9, 12, 8, 1, 16], "R": [[0.30279243734084405, 0.5992061043838549, -0.7411266992615473], [0.2842663462271904, 0.6854534697432234, 0.6703328913455011], [0.9096754279916737, -0.41364910889073725, 0.037215996857062325]], "T": [0.09706552815596303, 0.005150001642875987, -0.08404185225407151], "aligned_model": [[-0.018613699330852135, -0.3375171720624711, -0.6126505613546923, 0.27220970100213226, 0.15013424493185687, 0.17019483170696675, -0.255529053529695, 0.6815382592374929, 0.1717414834550168, 0.6909203594832409, -0.4095267065343925, 0.0904021387389617], [-0.14237236992516428, -0.62924056868902, -0.06784736298166577, 0.03424431327888838, 0.5877351109808194, 0.4993233212505256, -0.27350551999841516, -0.0774492665067616, -0.5727684491279413, 0.26432012941875044, 0.4634335045852138, -0.00010379699552017212], [-0.8248498623981919, -0.12360818253126493, 0.04362736376683274, 0.6739806232521899, -0.5836643870863099, 0.3808456357971316, 0.49226264180924556, -0.3233674726473005, 0.6213078315329326, 0.3280419774696275, 0.02128617258222408, -0.01709091090801626]], "inverted": true, "swapped": true, "error_lsq": 0.043702704454881114, "error_max": 0.22745532824223574, "target": "76.xyz", "model": "3.xyz", "model_rescale": 3.7530521520055578, "target_rescale": 4.220974831713001},
{"mapping": [0, 2, 4, 10, 5, 9, 3, 8, 13, 15, 16], "R": [[-0.9015463152913059, -0.4325816557693652, -0.009346254677866483], [-0.2635613900775228, 0.566164592216947, -0.7810205171314143], [0.3431466669590031, -0.7016628575118199, -0.6244354244782038]], "T": [-0.08351997085005047, -0.03610649361696662, -0.007695137503425925], "aligned_model": [[-0.3783167561778907, -0.11657377253103049, 0.44466545074085995, 0.534962544658823, 0.24817244986705655, -0.19080893067461246, -0.112245132934314, -0.804701894680856, -0.36778227492873694, 0.20086141898114607, -0.12003349987524009], [-0.7201720208436126, 0.1371300229179248, -0.33239154792825815, 0.27059627547173104, -0.6799092747900822, 0.5916074908452029, -0.5629442571467724, 0.19989996785134778, 0.35566634941516273, 0.2819846523263512, -0.07426429980464865], [0.062254244585647274, -0.7565215066758965, -0.5290252852975921, -0.33534408244577923, 0.02099438435393531, 0.005419658101254282, 0.49798810785376907, 0.10996276247259143, 0.6060522064090909, 0.37673143092739786, 0.034318856960898425]], "inverted": true, "swapped": true, "error_lsq": 0.045682144338489744, "error_max": 0.24117348917055012, "target": "76.xyz", "model": "4.xyz", "model_rescale": 3.7855080009869324, "target_rescale": 4.220974831713001},
{"mapping": [3, 2, 12, 5, 1, 0, 9, 14, 15, 13, 11, 10, 7, 8, 4, 6, 16], "R": [[0.6863751683034107, 0.499269500651329, -0.528790217435835], [0.7208812186138105, -0.371084997316413, 0.5853427999185995], [0.09601769100708774, -0.7829596991455249, -0.6146175335341622]], "T": [-0.10473690733206864, 0.03602021486261211, -0.0008006599875603204], "aligned_model": [[-0.5042162910299213, -0.1731546524322552, 0.3347426911502591, -0.3714048326319849, 0.5138821322071504, 0.11997683080994981, -0.6978618367245316, -0.2514748737752893, -0.6781073366688258, 0.12254744346389648, 0.6244292883178854, -0.7644169851548913, -0.19402271154788797, -0.3797409319342213, 0.3284372359685998, 0.28044698357814807, -0.12586620492930092], [0.24759617358634073, -0.13236905683880637, -0.4585503140776954, 0.768841325847597, 0.1550205549247619, 0.5466090301236898, -0.16082145172824255, -0.5627438704063895, -0.4732409222281242, -0.46510049797845965, -0.1915979652208297, 0.2766996507842387, 0.6598108943669858, -0.0802465972672905, 0.634845794560482, 0.22487562103034708, -0.002614192398278245], [-0.5281226120147438, -0.7168661269037937, -0.1599324840570072, -0.21751402258957933, -0.4206260307955154, -0.5460315110415361, -0.34193142036540014, -0.27945266146781766, 0.30122177576364184, 0.47046093819365287, 0.2204296532997805, 0.1937754899445601, 0.40451736971863816, 0.6365098520969249, 0.026927854949056265, 0.4911790894040673, -0.03158519432596496]], "inverted": true, "swapped": false, "error_lsq": 0.04154327795488599, "error_max": 0.3066319365118378, "target": "76.xyz", "model": "5.xyz", "model_rescale": 4.2253639853439635, "target_rescale": 4.220974831713001},
{"mapping": [12, 5, 10, 15, 14, 2, 9, 13, 1, 0, 4, 7, 8, 16], "R": [[-0.8255104965443153, 0.19437524785880866, 0.529859116289401], [-0.5620789310984443, -0.19832982244990383, -0.8029524000476119], [-0.05098720732093999, -0.9606682801814664, 0.2729775817586404]], "T": [0.020710121570259376, -0.05120205035398806, 0.06072456577215926], "aligned_model": [[0.7791346219543847, -0.23058497507050602, -0.6039862523179994, 0.15032561016378546, -0.0790938639928838, -0.5047073979677112, 0.15496389963930485, 0.701363169334108, -0.2766517669752831, 0.20738642016702108, -0.7421685729459679, 0.14332510098215442, 0.6018795905919858, 0.07287656919539091], [-0.23216101061673103, 0.16375265936026884, -0.47897149594191246, -0.6048280366050356, -0.4654260977701565, 0.18901203605359942, -0.40885583340308956, -0.41513080013515624, 0.5344004488453211, 0.5478925762460012, 0.06168411117460859, 0.40413875972051555, 0.1723952959738483, -0.02280346626709141], [-0.4179512560293095, -0.5842329668203249, 0.16420781828654835, -0.02012486829865809, -0.5806307308884805, 0.568738343625348, 0.5703984414988005, 0.18419162157965135, -0.15467987778863365, -0.34668345348540686, -0.14861393517082652, 0.6982067381387579, 0.5100485841976353, 0.02868375008634662]], "inverted": false, "swapped": true, "error_lsq": 0.036878804195044516, "error_max": 0.19821709438502547, "target": "76.xyz", "model": "6.xyz", "model_rescale": 3.89814844738969, "target_rescale": 4.220974831713001},
{"mapping": [3, 11, 13, 5, 15, 6, 0, 14, 4, 2, 9, 10, 16], "R": [[0.13540754012244766, 0.31989408966405014, 0.9377273428219933], [-0.29829496219846036, -0.8893693896914956, 0.3464710726839913], [0.9448200429737964, -0.32663413795527424, -0.025004525934479216]], "T": [-0.07108671714681941, 0.17088424163447197, 0.019081489746283004], "aligned_model": [[-0.0019416402084439927, -0.035427027466599426, 0.5509615729578492, -0.3377688943147538, 0.4857076980902219, -0.4872635665985626, -0.49856169286099844, 0.29132260520603276, -0.5008538238904701, -0.5500639934554881, 0.27848545279368797, 0.025269619162281945, -0.07123450851053491], [-0.33125434999157083, 0.25551026491099277, 0.4408594341215804, -0.501384916635008, 0.08977794376111259, 0.412756688580719, -0.13450900446168862, -0.500419254924318, -0.21954668366964758, 0.5415098122218684, 0.6732443385703717, 0.08197117523515399, 0.15526581775091933], [-0.5073921580157302, -0.754020609811398, -0.3696936900642045, -0.028455515759243943, 0.13414793199368177, -0.4646230593176184, -0.5135946000223051, 0.1234371897653343, 0.5680930766147756, 0.4934883097240636, 0.19555073937068726, 0.7719101321047241, -0.046572715746471455]], "inverted": false, "swapped": true, "error_lsq": 0.04522373526595659, "error_max": 0.29132282030340034, "target": "76.xyz", "model": "7.xyz", "model_rescale": 3.7474275329858107, "target_rescale": 4.220974831713001},
{"mapping": [12, 14, 5, 0, 4, 6, 11, 8, 1, 7, 13, 9, 15, 10, 16], "R": [[0.8721490087424889, -0.08561118237645737, -0.4816916358019927], [0.4880175366312913, 0.08266658832875505, 0.8689103055634746], [-0.034568634480130034, -0.9928932272033029, 0.11387734139849803]], "T": [0.0919993673956038, -0.011903217093015173, 0.07474911957930595], "aligned_model": [[-0.5997291374155075, 0.2869082381469944, 0.3831004213147641, -0.10677159161916247, 0.8585090263210072, -0.26057804358934666, -0.6185542573895418, -0.5458676180932457, 0.3564885042079431, -0.1287263644915886, -0.563202706746449, -0.05799950362407011, 0.01888624545705736, 0.7388844580259512, 0.04080605183394116], [0.1591653437610978, 0.30493393133480845, -0.32857128998573454, -0.6444466030044629, -0.20745074408875025, -0.5691487994335018, -0.29140908529502557, -0.13041545691023404, -0.641222246613999, -0.3682156171532118, 0.41430900200516724, 0.4192143036090709, 0.5340927829700541, 0.3786729972380214, -0.04039055645370691], [-0.49912511191979325, -0.599419825882676, -0.5086088148737902, -0.271838065738, -0.03827257501254812, 0.2503682290794333, -0.0772707790179291, 0.4855122586007345, -0.03367832032690121, 0.7478574551590462, 0.08024516803482834, 0.5189853034836247, -0.08767433267092535, 0.1884634194615109, 0.04125064731964667]], "inverted": false, "swapped": true, "error_lsq": 0.03644277379599774, "error_max": 0.20803593240791862, "target": "76.xyz", "model": "8.xyz", "model_rescale": 4.019505241142653, "target_rescale": 4.220974831713001},
{"mapping": [1, 3, 6, 7, 2, 9, 13, 4, 10, 14, 12, 15, 16], "R": [[-0.1974514794316089, 0.7833059488524046, -0.5894444026052866], [0.47776174446942976, -0.448150616826966, -0.7555823847596881], [-0.8560120494431117, -0.43080484575970623, -0.2857456142763342]], "T": [0.03887359445556941, -0.09481924700943975, 0.005320561764150078], "aligned_model": [[-0.40601739079475774, -0.5863306836998972, -0.10122305392493831, 0.41906642775844855, 0.39628603433007753, 0.6522933021207243, 0.30450921171023565, -0.19641293801621895, 0.3176661590783787, -0.3625208834226044, -0.31813588327351167, 0.2029242584729467, -0.002403788597706902], [-0.5640643859073707, 0.2813965948638244, -0.12275950530338567, -0.3085755285269459, -0.7622997070605279, 0.07441806109747537, 0.6361503524991118, -0.7739290867399868, -0.48372635694394683, 0.12226893798574415, 0.7469714092302535, 0.27206533822028667, -0.05453789530047374], [-0.23888112741354148, -0.035666747888146236, -0.6619633451866113, -0.6568839898644688, -0.13095327617869817, 0.033298425265189946, -0.07276902561669368, 0.35460535846600055, 0.6011116387635643, 0.6255094093026901, -0.026571981858918764, 0.41559074016080644, -0.02972258390729366]], "inverted": true, "swapped": true, "error_lsq": 0.04346327778112847, "error_max": 0.24597380594056212, "target": "76.xyz", "model": "9.xyz", "model_rescale": 3.877068213659057, "target_rescale": 4.220974831713001},
{"mapping": [11, 8, 2, 15, 9, 13, 14, 7, 6, 1, 5, 0, 12, 10, 4, 16], "R": [[-0.044258324045285624, -0.8748071548690264, -0.4824454814200897], [0.18927957888818792, -0.48151460025792864, 0.8557551815527369], [-0.9809252987708152, -0.053442787431110444, 0.18689415909273466]], "T": [-0.02054311573984086, -0.03674076064215597, 0.021932099713577416], "aligned_model": [[0.15087498243231276, -0.24481570292478672, -0.7268849451990093, 0.41166596794752935, -0.12115939573121223, 0.36971568387178594, 0.6392322965675096, -0.6927728408824176, -0.35490543549938336, -0.32613395063506934, 0.21429675656904285, -0.009174974022579722, 0.7209022417181762, -0.0866363672925681, -0.234697401068853, 0.0059016094666171325], [0.12597672950559527, -0.30745408934153157, -0.11086516790447176, -0.3940660783486653, -0.6636276029143635, -0.5141038192963763, 0.13474780314925272, -0.18151384183932007, 0.23437977969074453, 0.5804414336111346, 0.6072424691612939, 0.6231329734975931, 0.011167499533271848, -0.27919981063869515, 0.34108183504303374, -0.005541235774947039], [-0.7198622704748469, -0.6607551631262518, 0.31761971839082304, 0.1458371594545782, -0.02902882884978608, -0.45848376157250653, 0.37993641721575944, -0.37291110736505206, -0.5075686397864444, 0.08070143575129414, 0.2574332797056987, -0.33046132613387125, -0.5119667586580351, 0.7435873725777478, 0.6927061482973207, -0.0317493483163862]], "inverted": true, "swapped": true, "error_lsq": 0.035923283338844175, "error_max": 0.24063669894998, "target": "76.xyz", "model": "10.xyz", "model_rescale": 4.260839863003843, "target_rescale": 4.220974831713001},
{"mapping": [12, 5, 1, 0, 7, 8, 13, 15, 10, 2, 9, 16], "R": [[0.5573829092754751, 0.5387508268827857, 0.6317213301612683], [-0.36758913446490005, -0.5221055308205927, 0.7695999239279412], [0.7444477957996471, -0.6611757415541359, -0.09297374957150573]], "T": [0.048704615847652954, -0.05053889272652256, 0.007908787594635175], "aligned_model": [[0.3796393153018108, 0.09546992270757754, -0.40776365498177713, -0.3585671359975595, -0.6142294665641898, -0.33851430206945343, 0.32601025674494877, 0.5896487432519316, 0.41967748731870824, -0.35296030109122667, 0.18723018319418194, 0.03325760127917823], [0.11797997878977554, -0.7409996631821602, -0.5694259837034089, -0.418678072767919, 0.3496904746133246, 0.5631893322513424, 0.5666781902246941, 0.139841175229374, -0.22419720316879216, -0.07379293644063523, 0.5136671922534833, -0.050873978566144874], [-0.8282538910150081, -0.20750222003478377, -0.004189091439219125, -0.500369650371723, 0.17846101559601918, -0.2431787947635682, -0.3833986034127429, -0.02329088030883409, 0.6530157256487475, 0.6636289410032059, 0.26904079619606736, -0.057785269702655864]], "inverted": false, "swapped": true, "error_lsq": 0.042010196538250034, "error_max": 0.2098583111597515, "target": "76.xyz", "model": "11.xyz", "model_rescale": 3.890672605050136, "target_rescale": 4.220974831713001},
{"mapping": [15, 13, 11, 14, 3, 2, 9, 4, 10, 7, 0, 8, 1, 16], "R": [[-0.041659512079403056, -0.9988645226810468, -0.02311169363051742], [0.9937555768658296, -0.043820709368074855, 0.10261383375813185], [-0.10351008888687555, -0.018692532189180405, 0.9944527393189624]], "T": [0.08874746219148555, -0.06619485854907663, 0.09328903946208668], "aligned_model": [[0.32119908884419957, 0.1752385016969874, 0.24781520879676427, 0.7837724075944595, 0.7123795985928748, -0.5446524187690596, -0.28923331695628135, 0.13042356158564172, -0.014875670466437091, -0.6085246434562778, 0.3662627491304272, -0.2942471847413957, 0.10280365556661997, 0.1215142973751705], [-0.314277952104024, 0.22847042841726733, 0.6798175626009773, -0.39292791229867985, 0.3078902671617454, -0.3311269320724904, -0.1982573694619309, -0.5816020370130051, -0.8225021071147709, 0.30427764142874214, 0.46509709179545883, 0.5165620016823319, 0.07794515918477442, -0.007213322378631086], [-0.36959275806733627, -0.6255075165672049, -0.06254084568173394, 0.03792794841585151, 0.16569059899085375, 0.4403624651986108, -0.4020873718249279, 0.702524904390967, 0.12796805074909134, 0.16619270210287515, 0.5410142177226329, -0.22820021512638594, 0.7691437078998133, 0.09189454715375382]], "inverted": true, "swapped": true, "error_lsq": 0.04849793683413984, "error_max": 0.31802815704174137, "target": "76.xyz", "model": "12.xyz", "model_rescale": 4.124412569039231, "target_rescale": 4.220974831713001},
{"mapping": [4, 1, 7, 5, 2, 10, 0, 15, 6, 3, 9, 8, 16], "R": [[0.02021877822795437, -0.838153713863703, 0.5450592196664975], [-0.9144699105765548, -0.23587828823257823, -0.32879509696857856], [0.4041484673447086, -0.4917924207193022, -0.7712355225649115]], "T": [0.1416485578572198, 0.008762144427127166, -0.11570502818414984], "aligned_model": [[-0.17306718894047718, -0.2616940421489547, 0.6337577627217776, -0.5611888580518216, 0.5004536604282817, 0.29301627445065126, -0.3956227390497861, 0.23531716287747845, 0.12882488329182185, -0.45448192528998693, 0.7431412876910919, 0.5700610310083726, 0.10878099852130822], [-0.3445566489136338, 0.2932006900914895, 0.566864417955298, -0.06668009472552044, 0.01908140212654927, -0.6591855251282158, 0.5279845974711159, -0.39337467369977885, 0.685861130556566, 0.19853946743298717, -0.12091217068248458, 0.5864555982694313, 0.054207185754674175], [0.5282434363518693, 0.3681987999616759, 0.15834531272237412, 0.044460533100894414, 0.564733644235516, 0.22322677437732885, -0.07708762266554868, -0.514892591198933, -0.03175231679503886, -0.4934770803376246, -0.2803222600015132, -0.3847381577019213, -0.1532403910812396]], "inverted": false, "swapped": true, "error_lsq": 0.04744590167653255, "error_max": 0.36805585335989494, "target": "76.xyz", "model": "13.xyz", "model_rescale": 3.9028299243045295, "target_rescale": 4.220974831713001},
{"mapping": [10, 1, 4, 14, 15, 9, 5, 12, 2, 3, 13, 0, 7, 8, 11, 16], "R": [[0.14217928897378573, 0.9756415010043269, -0.1670590054589482], [0.7496685680081665, 0.004071638827695012, 0.6618009216507952], [0.6463606484985714, -0.21933326987778434, -0.730828864233772]], "T": [0.05221040926859003, -0.03746209322079289, 0.011428668066542483], "aligned_model": [[0.08494412389950459, -0.08433797902560791, -0.15173279488441585, -0.6421210089689429, -0.10284022953492952, 0.5092182879667239, -0.5605205667568041, -0.43461665888947326, 0.5801241311991594, -0.5407913980466306, 0.1348307614958909, -0.26470105936083105, 0.7488041039775147, 0.5376793740918577, -0.01138873343325917, 0.025288917850839046], [-0.6267549914265711, 0.4712755371718476, -0.10481750826482236, -0.370302364189047, -0.5195265868890337, -0.41321242990338153, 0.18965608133187697, 0.05909470910630817, -0.019271027951149745, 0.2770382712363559, -0.21958724445048308, 0.6401729804249915, 0.34122242009482656, 0.26892213300182205, 0.4703362101241904, 0.008006092703369237], [-0.4739613047691067, -0.436113525710001, -0.7582597192257121, 0.011927884265178823, 0.2823745332801642, 0.24735926876114267, -0.30210451594855975, 0.7800381918772898, -0.5478749730591913, 0.3004564970554527, 0.7670615993927714, 0.02245292542733625, 0.021843582727931826, 0.521423166720457, 0.5981279656558004, 0.0534085331733783]], "inverted": true, "swapped": true, "error_lsq": 0.05065308736984482, "error_max": 0.33694845443233995, "target": "76.xyz", "model": "14.xyz", "model_rescale": 3.942246331269136, "target_rescale": 4.220974831713001},
{"mapping": [1, 5, 0, 14, 15, 3, 8, 6, 7, 11, 13, 9, 4, 10, 16], "R": [[-0.11521914279191203, 0.5092520258875869, 0.8528698161288659], [-0.8616853582811445, -0.47838971819837517, 0.1692383551266518], [0.4941891262039186, -0.7154059348729698, 0.49393466763362515]], "T": [-0.08088021022481068, -0.04685615463227415, 0.07891226389140546], "aligned_model": [[-0.6412599976436053, -0.2366273263512434, -0.2901958712918209, 0.3140039430713191, 0.4222998876618254, 0.2025055225515346, 0.020760315562664236, -0.3613577349697254, -0.4897053845965407, 0.17172357361246876, 0.5903014067754517, 0.13604447320046903, -0.6026514348608858, -0.20191717455073263, -0.05963016163896868], [-0.11619085116113673, -0.4840201779550828, 0.12695143656048652, -0.6537118334531001, -0.2449654301103233, -0.07810210752228582, 0.7107435349638698, 0.4988718768822061, 0.5922490207207535, 0.5237840211118436, 0.34158930786403024, 0.169812508899981, -0.6520159528141575, -0.6219058781415869, -0.014944785963847317], [-0.3197362628126327, -0.4778241407044601, -0.618025022749216, -0.18314060120510614, 0.27230575547194624, -0.5940029800581198, 0.1521086598637147, -0.2197327011234971, 0.3094762641551554, -0.3865779635484342, 0.17690297714636277, 0.6372187541074431, 0.06962766402212753, 0.5673883742973539, 0.023373703497878442]], "inverted": false, "swapped": true, "error_lsq": 0.042851730321247825, "error_max": 0.28631601780721255, "target": "76.xyz", "model": "15.xyz", "model_rescale": 4.355366556412066, "target_rescale": 4.220974831713001},
{"mapping": [9, 15, 10, 6, 2, 8, 1, 11, 14, 13, 3, 16], "R": [[0.35818705532749, 0.8492877349080042, 0.38783034529372984], [-0.6561480524039022, 0.5244941884613672, -0.5425638944832382], [-0.6642076232040612, -0.06013476203564763, 0.7451255220917671]], "T": [-0.0340309084440387, -0.035278551521428024, -0.15487935120255736], "aligned_model": [[-0.1515351391919042, 0.4116744077643961, 0.1352088341358013, -0.5194973086787904, -0.6069824219127976, -0.47005006728980975, -0.29832512991736126, -0.11091012006976628, 0.7077399093265769, 0.17492424170036028, 0.3516954467735828, -0.026134098008507065], [-0.5532238747214313, -0.32689285449592936, -0.6213793416845499, 0.4088320827969858, -0.3683525791751102, 0.05039056934121423, 0.4022330994318852, 0.5118093362302354, 0.03573051963846239, -0.12415784969786567, 0.5747789507625347, 0.02300836931454927], [0.19673572666663547, 0.059937798786892815, -0.615080193205666, 0.026127997059507635, -0.5455616146227793, 0.47137450578509565, -0.6201594538391305, 0.3936682433773594, -0.34881949471003093, 0.5930611783859027, -0.04023323722383429, -0.1217929952505317]], "inverted": false, "swapped": true, "error_lsq": 0.04232002175890534, "error_max": 0.2463454789107582, "target": "76.xyz", "model": "16.xyz", "model_rescale": 3.795458400668931, "target_rescale": 4.220974831713001},
{"mapping": [3, 11, 13, 5, 15, 6, 0, 14, 4, 2, 9, 10, 16], "R": [[0.13540754012244766, 0.31989408966405014, 0.9377273428219933], [-0.29829496219846036, -0.8893693896914956, 0.3464710726839913], [0.9448200429737964, -0.32663413795527424, -0.025004525934479216]], "T": [-0.07108671714681941, 0.17088424163447197, 0.019081489746283004], "aligned_model": [[-0.0019416402084439927, -0.035427027466599426, 0.5509615729578492, -0.3377688943147538, 0.4857076980902219, -0.4872635665985626, -0.49856169286099844, 0.29132260520603276, -0.5008538238904701, -0.5500639934554881, 0.27848545279368797, 0.025269619162281945, -0.07123450851053491], [-0.33125434999157083, 0.25551026491099277, 0.4408594341215804, -0.501384916635008, 0.08977794376111259, 0.412756688580719, -0.13450900446168862, -0.500419254924318, -0.21954668366964758, 0.5415098122218684, 0.6732443385703717, 0.08197117523515399, 0.15526581775091933], [-0.5073921580157302, -0.754020609811398, -0.3696936900642045, -0.028455515759243943, 0.13414793199368177, -0.4646230593176184, -0.5135946000223051, 0.1234371897653343, 0.5680930766147756, 0.4934883097240636, 0.19555073937068726, 0.7719101321047241, -0.046572715746471455]], "inverted": false, "swapped": true, "error_lsq": 0.04522373526595659, "error_max": 0.29132282030340034, "target": "76.xyz", "model": "17.xyz", "model_rescale": 3.7474275329858107, "target_rescale": 4.220974831713001},
{"mapping": [12, 13, 11, 15, 5, 4, 0, 7, 14, 1, 10, 9, 2, 16], "R": [[0.9103993251455572, -0.287070831062178, 0.2979318826976809], [0.3577747958491412, 0.9078927078481086, -0.21846744950068592], [-0.20777455144848614, 0.3054851371008085, 0.9292516165070045]], "T": [-0.013573928337710598, 0.0115000967266524, 0.02299660734127579], "aligned_model": [[0.5021419233572798, 0.13756884786655893, 0.6997088713282912, -0.2884920769015407, 0.17277625985862408, -0.36566661083318325, 0.6500221344774569, 0.18401259263066233, -0.16660647648807406, 0.266630982708657, -0.7483288696417698, -0.3329431688986073, -0.34594755191186455, 0.04997079033038593], [-0.3025518365145479, 0.21362942010778171, 0.12678439080060677, -0.14880348934286716, -0.6159866720724158, -0.3431549508709636, -0.2085044373734973, 0.7395995514907797, -0.7064674795513166, -0.1424357691030375, -0.1247677614636141, 0.45363828240884735, 0.42028700402360986, -0.0008580110281317058], [-0.6643846216703765, -0.7167847238965591, -0.26692961235035995, -0.45508425444765116, 0.334218287198436, 0.6465351676045328, 0.2894210368249956, 0.2670948606830765, -0.2093449777590311, 0.6358117598712573, 0.182706621843192, -0.30597889022438646, 0.5835904125242354, 0.0039236524602942295]], "inverted": true, "swapped": true, "error_lsq": 0.037728018251243264, "error_max": 0.2616576824047838, "target": "76.xyz", "model": "18.xyz", "model_rescale": 3.922800546911778, "target_rescale": 4.220974831713001},
{"mapping": [4, 2, 1, 5, 8, 10, 7, 3, 9, 0, 6, 11, 14, 13, 16], "R": [[0.8701702726881706, -0.24175583110551987, 0.4293690890787021], [-0.42452921690193024, -0.8101913638706615, 0.40418423757740884], [0.2501572316092998, -0.5339888313774706, -0.807636853689636]], "T": [-0.05767014000968955, 0.046041003377615956, 0.041719734426191445], "aligned_model": [[-0.31537616502680826, -0.30645041169139225, 0.3083563445990325, 0.1728839275052244, 0.29354131669703193, -0.7614089198780616, 0.17164818004204713, 0.43278000941047673, -0.4220481366393117, 0.6378638755925995, 0.5322251481711983, 0.6060672676877432, -0.24122410460117477, -0.015287834910836559, 0.002480339929849626], [0.5387559198809486, -0.2204503975855594, 0.3194087237174462, 0.7193881515847531, -0.616310503587084, 0.23815569508234566, -0.6182249161344724, 0.46028966069384636, -0.44583687142361583, 0.2961137572028857, -0.23769124313415735, -0.15304476471225628, 0.701471511293385, -0.3162592530372694, 0.051846035193382815], [-0.5321874111239316, -0.6357277434415741, -0.4769787870434274, -0.09529636545065248, 0.20781245684772598, -0.18584282097180843, -0.3255909009277707, 0.39094088140654965, 0.21776687841486517, -0.0742102322284319, -0.15114058463355187, 0.3965965358535882, 0.40171668569495167, 0.7330366549723953, 0.07176391979440165]], "inverted": true, "swapped": true, "error_lsq": 0.03860225038359748, "error_max": 0.26803281933604545, "target": "76.xyz", "model": "19.xyz", "model_rescale": 3.9282355846067225, "target_rescale": 4.220974831713001},
{"mapping": [10, 4, 1, 14, 15, 5, 3, 6, 13, 8, 2, 9, 7, 16], "R": [[0.6583402487897688, 0.1960817803042541, 0.7267324488807003], [0.7474418443446897, -0.28443307055832323, -0.6003569918768105], [0.08898767412419567, 0.9384294133313801, -0.33381346594840633]], "T": [-0.06607933868946064, -0.08591474199671044, 0.030514717003726002], "aligned_model": [[-0.5633288907427052, -0.05074010366364423, 0.47426475306989496, -0.5042921535321749, -0.6018440366509559, 0.10183501043502685, 0.10074349538600769, 0.5706184715565137, -0.3424816088873626, 0.23632317790983132, 0.12108843426762933, -0.39288194660421655, 0.41559284981739014, -0.032374633276558144], [-0.6613693877870714, -0.839923440313338, -0.4343827762924604, -0.09004137109071512, 0.11373943910306226, -0.31428564766343053, 0.29153557179423223, 0.12088750149032436, 0.6224856233159032, 0.4312051983828241, -0.6709206630253304, 0.05306439265905312, -0.06378595343133343, -0.03532639971688381], [0.10491817995965275, -0.2336545217811633, -0.22316174171563646, -0.6025978428043408, -0.023641860740458667, -0.6365508513438533, -0.5726437292630803, 0.16289398997788507, 0.21147749680021305, 0.5109160947683458, 0.4937432488996724, 0.5592799017916538, 0.6600029425618947, 0.0012018501328975202]], "inverted": true, "swapped": true, "error_lsq": 0.044284216736118154, "error_max": 0.2532104834072617, "target": "76.xyz", "model": "20.xyz", "model_rescale": 4.067790424073018, "target_rescale": 4.220974831713001},
{"mapping": [1, 11, 2, 10, 7, 8, 9, 0, 6, 3, 12, 15, 14, 13, 16], "R": [[0.3232555231880883, 0.9078285773086052, -0.26712008713353896], [-0.9454378692410379, 0.29769553900364704, -0.13238051768404063], [-0.040658358714559195, 0.29533817951487795, 0.9545272429781543]], "T": [0.08899765160798734, -0.13272163376045878, -0.0403869932968682], "aligned_model": [[0.2788443460648659, -0.004373617889381204, -0.3129838359559496, 0.19737375478125957, -0.6194465733877278, -0.5107532560404286, -0.37953397558972235, 0.3492113868575716, -0.1943595733890215, 0.5869034107919371, 0.40000343989567777, 0.21820165659603247, 0.7898206250505143, -0.1339886259181039, 0.10352479203999132], [0.03671813272985955, 0.6224648318822902, -0.5364934153071421, -0.8884882204999374, 0.05034133267960003, 0.32003689335113905, -0.37615956681004653, 0.4689523817448906, 0.4031787503252101, 0.39052563664232165, 0.4762965056364338, -0.3313695632827812, -0.27340769881607874, 0.14573719676749572, -0.06743805711540711], [-0.6830391949340263, 0.12421933029565216, -0.5573237473753886, -0.07220724326180178, -0.3459159395018212, 0.11758250833082323, 0.3158767462576546, -0.400971099002138, -0.3537478121228402, 0.07097214481193062, 0.5674425189816109, 0.4827610390198928, 0.24585347299173768, 0.6551089592099248, -0.03136211008006998]], "inverted": false, "swapped": true, "error_lsq": 0.03365703229151381, "error_max": 0.22024863308700324, "target": "76.xyz", "model": "21.xyz", "model_rescale": 4.186013935880536, "target_rescale": 4.220974831713001},
{"mapping": [1, 5, 4, 7, 11, 2, 6, 3, 10, 14, 12, 9, 16], "R": [[0.4234730067313879, -0.905744081240752, 0.017270549129209306], [0.8005259828894544, 0.38306729044419807, 0.46088784070597244], [-0.42406221629467467, -0.1813480363529942, 0.8872903281464091]], "T": [0.07646113092515358, 0.026509191112081186, 0.09770934272948027], "aligned_model": [[0.003938135109991775, -0.35958579862428464, 0.2837030403014383, 0.524157786748533, -0.410971179345181, 0.7639330571317235, -0.00425349034556019, -0.6487296861755654, 0.5183127113921219, -0.3892927259689536, -0.71060452013626, 0.46783931306921667, 0.020127392266004913], [-0.33548135896952236, 0.1024230181158721, 0.24564711216540094, -0.6038446436675245, -0.4644656052825995, -0.15270755632268254, -0.650760068624595, -0.04310154218185459, 0.5942632676607241, 0.6133129542515755, 0.06460044453944724, 0.15678918095191108, -0.007718543090059385], [-0.4866336309282815, -0.4762463504838226, -0.6422765750709879, 0.27370637089737443, 0.45474369098453105, -0.1974314435937039, 0.11932047701985225, 0.039818641784403586, -0.15990185865729234, -0.08009308104581413, 0.5626406578623717, 0.5830525283644539, 0.112180134202261]], "inverted": false, "swapped": true, "error_lsq": 0.04744098420518994, "error_max": 0.2835451297684157, "target": "76.xyz", "model": "22.xyz", "model_rescale": 4.166573947596378, "target_rescale": 4.220974831713001},
{"mapping": [0, 3, 14, 4, 5, 11, 15, 6, 1, 2, 7, 10, 9, 8, 9, 16], "R": [[0.8288254588170064, -0.22221235511595766, 0.5134880992297665], [-0.517119915848008, 0.046168119879669386, 0.8546668926196486], [-0.21362432317067276, -0.9739046020738356, -0.07664512123596613]], "T": [0.0037198488169042643, 0.0836954846090306, -0.0421280318411478], "aligned_model": [[-0.7078429692759632, -0.4682966344809041, 0.19495959177704456, 0.19173106079571714, -0.26198341145966186, -0.618380954111933, 0.38130779919961455, -0.5904471437721887, -0.4164099781522934, 0.20077760999534663, -0.23340774317896504, 0.6771825122171299, 0.3996146574876155, -0.30748895960296807, 0.3996146574876155, -0.05369685390445046], [-0.08060948869053573, 0.2061776068939154, 0.02455977029860089, -0.6850515713518489, -0.36550908617528427, 0.5508491583809901, 0.4055590172682084, 0.12611118801390142, -0.4639784377502862, -0.37109272335155863, 0.14562765477081452, -0.27605939621960635, 0.4575121412001792, 0.6064362396444495, 0.4575121412001792, 0.11166322348956005], [-0.20468859867980888, -0.5864599874239523, -0.7856395257350297, -0.1527153010462354, -0.5450614297545295, -0.0717602727425721, -0.3313852609561576, 0.2908014417996809, -0.006105019863018472, 0.5462428548400937, 0.7119860961222624, -0.07320066295832059, 0.2883809283641062, 0.4264197022572541, 0.2883809283641062, -0.06393535942378492]], "inverted": false, "swapped": true, "error_lsq": 0.0488558335740234, "error_max": 0.3848922248625775, "target": "76.xyz", "model": "23.xyz", "model_rescale": 4.274766983524099, "target_rescale": 4.220974831713001},
{"mapping": [3, 15, 13, 11, 9, 7, 1, 2, 4, 10, 16], "R": [[0.7035042799053065, 0.5866255308124853, -0.4011885027688183], [0.528073270007503, -0.05368765257611455, 0.847500004403805], [0.4756262709927817, -0.8080768048643869, -0.347550755691402]], "T": [-0.01701504515495241, 0.08496171856670001, -0.0066412173918163064], "aligned_model": [[0.15934396715396193, 0.0572414813446425, -0.4978981721738173, -0.4675044127645135, -0.4017167406836751, -0.6385908799257404, 0.22663991828878996, -0.06580306871193412, 0.6282077732154869, 0.4150968730496028, -0.0351220348347287], [-0.20940532272436121, 0.5997883502470542, 0.4702003568632026, -0.2521031550221797, 0.5615334573978137, -0.19167903712076065, -0.5370678499293502, -0.01860888147220008, -0.0798050278479108, 0.5232861764635842, 0.04944746438859153], [-0.6518886524365524, -0.2501120495467809, -0.48759800331887326, -0.5447551777082466, 0.16826375182912012, 0.400625992806097, 0.17074234678319244, 0.7541065957497793, 0.43504784735684865, 0.44622962670579014, -0.06109584419879687]], "inverted": false, "swapped": true, "error_lsq": 0.05117743050152478, "error_max": 0.26418197794900755, "target": "76.xyz", "model": "24.xyz", "model_rescale": 3.7841303162186577, "target_rescale": 4.220974831713001},
{"mapping": [8, 7, 1, 10, 2, 4, 9, 13, 6, 0, 12, 15, 5, 14, 3, 16], "R": [[-0.3370908278184334, 0.2661058420217818, -0.9030821970576997], [0.39124464913835133, -0.8328793464938938, -0.39145832307477246], [-0.8563278567939336, -0.48528308751262195, 0.17664350158702485]], "T": [0.06326714104110748, -0.10112907729606602, 0.11223991346839782], "aligned_model": [[0.1747845189306024, -0.001786453487512718, -0.5900474723189706, 0.38934337749604575, 0.02458757648495835, -0.24883984260549513, 0.6386190570263783, 0.5378727072015581, -0.34931265189582156, -0.6229074851338292, 0.0997110172979444, 0.5204363025399041, -0.47209363006963095, 0.0943944987550608, -0.307919742628769, 0.031000770880355258], [-0.05937475197878138, -0.5636745479852807, -0.3139743436596062, -0.4922263091391305, -0.8692790572908028, -0.5176134683828787, -0.25851136928918284, 0.38141991293796335, -0.14573701332078298, 0.14689423354846687, 0.793192177288101, 0.18675836713866034, 0.1033596787547213, 0.36914215579327503, 0.5272504948065747, -0.05081369085335583], [-0.6463550043156678, -0.5285197325491405, 0.18727565622069192, 0.682027843265767, 0.09509712622224598, 0.718605956983836, -0.1111627543590771, -0.27874966287719616, -0.4294828827107846, -0.05326696223633881, -0.07735372551237649, 0.30706218025709053, 0.5559720005168038, 0.7211365126354121, 0.1504252432219544, 0.08090822105403242]], "inverted": true, "swapped": true, "error_lsq": 0.03763086068897924, "error_max": 0.24395573649609215, "target": "76.xyz", "model": "25.xyz", "model_rescale": 4.19342608120988, "target_rescale": 4.220974831713001},
{"mapping": [9, 15, 10, 6, 2, 8, 1, 11, 14, 13, 3, 16], "R": [[0.35818705532749, 0.8492877349080042, 0.38783034529372984], [-0.6561480524039022, 0.5244941884613672, -0.5425638944832382], [-0.6642076232040612, -0.06013476203564763, 0.7451255220917671]], "T": [-0.0340309084440387, -0.035278551521428024, -0.15487935120255736], "aligned_model": [[-0.1515351391919042, 0.4116744077643961, 0.1352088341358013, -0.5194973086787904, -0.6069824219127976, -0.47005006728980975, -0.29832512991736126, -0.11091012006976628, 0.7077399093265769, 0.17492424170036028, 0.3516954467735828, -0.026134098008507065], [-0.5532238747214313, -0.32689285449592936, -0.6213793416845499, 0.4088320827969858, -0.3683525791751102, 0.05039056934121423, 0.4022330994318852, 0.5118093362302354, 0.03573051963846239, -0.12415784969786567, 0.5747789507625347, 0.02300836931454927], [0.19673572666663547, 0.059937798786892815, -0.615080193205666, 0.026127997059507635, -0.5455616146227793, 0.47137450578509565, -0.6201594538391305, 0.3936682433773594, -0.34881949471003093, 0.5930611783859027, -0.04023323722383429, -0.1217929952505317]], "inverted": false, "swapped": true, "error_lsq": 0.04232002175890534, "error_max": 0.2463454789107582, "target": "76.xyz", "model": "26.xyz", "model_rescale": 3.795458400668931, "target_rescale": 4.220974831713001},
