[{"mapping": [10, 11, 9, 12, 3, 14, 13, 0, 7, 2, 1, 8, 5, 15], "R": [[-0.8922573066473243, 0.24687414836356364, 0.37806091255805346], [-0.038687815938938164, -0.876014049173479, 0.4807313579833966], [0.4498668154380114, 0.41430971569642316, 0.7911809577127167]], "T": [-0.033281819797689016, 0.1291892444559538, 0.11866077612491907], "aligned_model": [[0.04237522265710042, 0.21190177928769158, -0.5254246800914371, -0.32174099155761876, -0.610704464629481, -0.11553880133577159, -0.6814951083778729, 0.04598680081567419, -0.3610423753198941, 0.3054513317131758, 0.6232462961462151, 0.2101487949774092, 0.5953181996405614, -0.04698990279744868], [-0.5326828013213016, -0.4053508093264735, -0.47354833123099094, -0.3076352371177499, 0.1417545113817166, 0.19275243869151631, 0.2544648337671913, 0.5084003330010138, 0.7105460442770314, -0.04351208335971751, 0.39467726603961, 0.7557876925792802, -0.05327470667938025, 0.09289418110828902], [0.2738688021644481, -0.3183510109048885, 0.2777562088773319, -0.3383315287739469, 0.6020218298119404, -0.5715019510755136, -0.12940213753935523, 0.7106201000005713, 0.15651494730072293, 0.789269999396262, 0.49573075666718436, -0.3012638534278368, 0.1515149769137609, 0.09914094776915267]], "inverted": true, "swapped": true, "error_lsq": 0.03976752007990602, "error_max": 0.24795582434627583, "target": "760.xyz", "model": "0.xyz", "model_rescale": 3.8414455957264533, "target_rescale": 4.07896312523305},
{"mapping": [2, 1, 11, 4, 5, 6, 14, 10, 13, 9, 8, 0, 7, 3, 15], "R": [[-0.14471030713682356, 0.6275716295043666, 0.7649920109710955], [-0.8151293925996758, 0.3626613548120774, -0.4517087723810028], [-0.560912649463756, -0.6889343884341258, 0.4590712451291707]], "T": [0.043743708943569264, 0.07518400396328101, 0.003955784279117414], "aligned_model": [[-0.7174973132297473, -0.5875006459459649, 0.15856955896129865, -0.21881300923840308, -0.3750862803999356, 0.17322130709867375, 0.6543493495991951, -0.24057743889174277, 0.635929315670846, 0.09224281442045237, 0.35073550633644857, -0.40846213756965055, 0.30390331331061093, -0.009788426707691762, 0.06081824009015521], [0.1542333122500398, 0.0010220093200760116, -0.6030302800408935, -0.2745316871027936, -0.4039149892227291, -0.6036030960139653, -0.23571601762678585, -0.21776016188526837, 0.4146778732966974, 0.1810683573975196, -0.00767834724169128, 0.5545161041650177, 0.6012634604056595, 0.7319264576769982, 0.05457153266513393], [0.09640003730915464, -0.48566181122377877, 0.2562805303932823, -0.7254150853038557, -0.15274798455185534, -0.3339193541221458, -0.12883355589829282, 0.5528030535538861, 0.18135299331831375, 0.7896051190790141, -0.7220680727611561, -0.2534369411585851, -0.31603333193378136, 0.36869728844554245, 0.03815890219379314]], "inverted": false, "swapped": true, "error_lsq": 0.04233685428169009, "error_max": 0.24195615701000733, "target": "760.xyz", "model": "1.xyz", "model_rescale": 4.316132596720782, "target_rescale": 4.07896312523305},
{"mapping": [11, 14, 12, 2, 10, 5, 3, 1, 13, 4, 7, 15], "R": [[0.05585504438120595, -0.9499623645094072, -0.3073299855739257], [0.40353918299548386, -0.2600704213844049, 0.8772226078415188], [-0.9132559015985118, -0.1730169989817011, 0.3688207915219194]], "T": [0.013786736585116317, 0.051205211144964256, -0.08866060120575289], "aligned_model": [[-0.18184643064344427, 0.5122091731184847, 0.11079214412042873, -0.64986997688442, -0.5630231259411079, -0.3825821624275251, -0.04198098859375614, -0.29866574995937145, 0.5106161323020187, 0.05714226302483017, 0.5185646374862242, 0.006452639029419113], [-0.6459118971508448, -0.4308102471863407, -0.5498825451571628, 0.4252665485739212, -0.25620380871436793, -0.09745828291628936, 0.48379217601179736, 0.4482209936723798, 0.00018845589762341713, 0.14193300470913803, 0.4791633086492283, 0.014478721351898066], [0.023512343672135394, -0.008865530056431037, -0.42354826646668786, 0.029324607214818263, -0.29034897817146943, 0.41164064588460336, -0.7026403920576667, 0.5345943537939732, -0.5866239453792312, 0.7557964587082746, -0.1829303538957739, -0.11065248203712341]], "inverted": true, "swapped": true, "error_lsq": 0.04688033932910257, "error_max": 0.2614807002260391, "target": "760.xyz", "model": "2.xyz", "model_rescale": 3.795458400668931, "target_rescale": 4.07896312523305},
{"mapping": [4, 7, 0, 9, 5, 10, 3, 14, 13, 12, 2, 15], "R": [[-0.2925459303693613, -0.06276786724476491, -0.9541892230925], [-0.36333495392094484, 0.9303052293889681, 0.05019852020532739], [0.8845363700174178, 0.36137567020080824, -0.29496276901217033]], "T": [0.07199136487016812, -0.013705907156766017, -0.01840568469459964], "aligned_model": [[-0.060991705666776655, -0.1529181436398906, -0.6261371885975834, 0.22002678778919815, 0.041188374690343046, 0.18136201699136145, -0.3075041232157086, 0.6863326441049113, 0.32388339609608263, 0.693664864825514, -0.511228945659216, 0.10562584802532951], [0.07508903245491975, -0.6431337230288595, -0.1079438461771334, 0.2142021549549462, 0.49670872343926764, 0.584374290728164, -0.22773921514503628, -0.2908140477334242, -0.54725313877743, 0.04077352512683732, 0.4899789850714352, 0.0015263043760227399], [-0.8536600901822062, -0.026890159816002908, -0.08349131056554229, 0.7278864602402325, -0.42833074745687577, 0.29500500713637506, 0.595911515547218, -0.1998635358454648, 0.3679716000150897, 0.28724172511393226, 0.002528154548273452, 0.004462811904071287]], "inverted": true, "swapped": true, "error_lsq": 0.04576859221861337, "error_max": 0.2074804648238565, "target": "760.xyz", "model": "3.xyz", "model_rescale": 3.7530521520055578, "target_rescale": 4.07896312523305},
{"mapping": [11, 13, 9, 3, 10, 7, 5, 8, 4, 0, 15], "R": [[-0.6707222890268366, -0.5964642626018106, -0.4408650524156787], [-0.3380654886499926, 0.774904222484251, -0.5340741253420918], [0.6601843200095276, -0.20917416048584245, -0.7213895162799364]], "T": [-0.07594756213414082, -0.06313198322261633, 0.0031281185811949334], "aligned_model": [[-0.35811369862831105, -0.15634485869750625, 0.40973082865158467, 0.5180130362682644, 0.26458441024397067, -0.14434865627932156, -0.16390891930297402, -0.7330253322375218, -0.5262956192591859, 0.30526368134660137, -0.07735526966039566], [-0.7384174171570629, 0.17818062911361782, -0.4355802627036777, 0.2390805838934571, -0.6563655695087691, 0.5781544820051369, -0.4060657743360918, 0.33756925272043187, 0.054492492939221995, 0.4137293121107637, -0.0975743707626816], [-0.03150167340614191, -0.6546819966782076, -0.5030411383291292, -0.3477152606373027, 0.0030172501671838995, -0.1726803242344774, 0.5546439306561669, 0.19262243895794043, 0.7148654790505481, 0.36059377828801364, -0.023291706589278163]], "inverted": false, "swapped": true, "error_lsq": 0.04731546529681408, "error_max": 0.2957958093409315, "target": "760.xyz", "model": "4.xyz", "model_rescale": 3.7855080009869324, "target_rescale": 4.07896312523305},
{"mapping": [2, 0, 3, 14, 0, 5, 4, 12, 1, 15, 10, 7, 8, 13, 6, 16], "R": [[-0.8996649648186101, 0.15402672171292275, -0.4085079192332741], [-0.40741282683150537, -0.6324731709701836, 0.6587810535649027], [-0.15690041303671312, 0.7591135995365194, 0.6317664152102564]], "T": [-0.00700990613726811, 0.003096763145568438, 0.05584599378292207], "aligned_model": [[-0.15674088867972474, 0.5723901190119589, 0.08647736374019875, -0.6080802372100624, 0.5723901190119589, 0.6083762327409061, 0.6981580137752442, -0.3246243560941751, 0.32473585901534374, -0.6876021932403598, -0.0023165220459941543, 0.5355093796068281, -0.23422847949978914, -0.427487602680315, 0.2747589263237498, -0.04901362250714344], [0.030176045078290737, 0.07631433673419179, -0.41603387379387663, 0.07443940129634732, 0.07631433673419179, -0.47683652255790804, 0.21490700469795126, 0.5875447472138707, 0.5695512194027658, -0.38715771005038013, -0.7080585618950122, -0.30565530887500686, -0.25108882205928446, 0.3571548150106414, 0.27975668624317335, -0.0026500716044481542], [-0.6670876359062565, -0.4612697390036401, -0.49005348867592136, -0.2463494456575133, -0.4612697390036401, -0.15878668306238333, 0.12567013119348883, -0.0877049661832923, -0.32121903413539477, 0.30845971386200177, 0.21459217448180598, 0.47023042217596134, 0.6715336436158447, 0.5277665819063492, 0.5755985118837436, 0.022839723208071795]], "inverted": false, "swapped": false, "error_lsq": 0.04461595558505189, "error_max": 0.30477534973283943, "target": "760.xyz", "model": "5.xyz", "model_rescale": 4.2253639853439635, "target_rescale": 4.07896312523305},
{"mapping": [2, 3, 12, 11, 9, 14, 6, 5, 7, 0, 13, 8, 4, 15], "R": [[0.5386536943239898, -0.4213345746335969, -0.7296090554601443], [-0.2271237532201968, 0.7613021167430031, -0.6073169582399247], [0.8113365505844595, 0.49284507024109425, 0.3143831077280742]], "T": [0.03824558781061507, -0.029313697705237254, -0.040119511157573715], "aligned_model": [[0.6709565157643456, -0.21230929128005502, -0.44388752476045346, 0.025233192466627835, -0.30567197476214625, -0.38400920561316054, 0.21687561369319563, 0.595422270207001, -0.22304866582814806, 0.4089976318478453, -0.6455975723183333, 0.03532215416858325, 0.6193644370399398, 0.016414572132541713], [-0.06870272279224107, 0.20476916178113339, -0.5200264317686994, -0.6934384216614176, -0.4802105473400213, -0.14013214027572718, -0.2942735048422179, -0.2950906141561794, 0.5859071194666758, 0.476411510432939, 0.12777102184836925, 0.41458580447629734, 0.19433573927746317, -0.06680682781138382], [-0.4787628893693013, -0.7106716510970633, 0.057936404532572, 0.2690671589281626, -0.5961961946727184, 0.5044456758557155, 0.6595687044958914, 0.17994241577833592, -0.048138729543497606, -0.36766392144205395, -0.11148177802489019, 0.6165123944060297, 0.5391047741104374, -0.04210415502617167]], "inverted": false, "swapped": true, "error_lsq": 0.041550152685361004, "error_max": 0.26985693209410777, "target": "760.xyz", "model": "6.xyz", "model_rescale": 3.89814844738969, "target_rescale": 4.07896312523305},
{"mapping": [11, 10, 9, 6, 13, 2, 5, 14, 8, 0, 3, 7, 15], "R": [[0.6423851061143668, -0.09001303701887908, -0.7610775444125729], [0.738731335710186, 0.337075005919446, 0.5836578227217127], [0.20400340458501753, -0.9371649233464959, 0.28302741451435104]], "T": [-0.08201503310524226, 0.08973602738060615, -5.581466654588918e-05], "aligned_model": [[0.021318549491817287, 0.0031970051106644942, 0.48483236079290437, -0.3503540468989492, 0.538305392831639, -0.5623176515119674, -0.5917577851415994, 0.21267614510369748, -0.3452501134627467, -0.47774079717965434, 0.2546079237731288, 0.012863547821274399, -0.0517487298259862], [-0.38229989536236997, 0.2364308898400162, 0.439220982606346, -0.6142775422197579, 0.0829697048266976, 0.603060579985155, -0.09500860197784661, -0.528240434364876, -0.41597551882913286, 0.5979122841737441, 0.7456750548870044, 0.21636378623851943, 0.07794997566698629], [-0.5508113200489348, -0.6627077974392287, -0.4328985515901387, -0.15508823761084903, 0.33545340420740155, -0.31642573318497225, -0.3682164115271669, 0.13556602319257208, 0.5505655601498479, 0.2926187771453015, 0.1537027038464391, 0.6494048187038135, -0.028888205007789793]], "inverted": true, "swapped": true, "error_lsq": 0.04281354385797397, "error_max": 0.2674937020135466, "target": "760.xyz", "model": "7.xyz", "model_rescale": 3.7474275329858107, "target_rescale": 4.07896312523305},
{"mapping": [4, 0, 2, 5, 9, 11, 6, 14, 10, 12, 8, 13, 7, 3, 15], "R": [[0.8388561835987012, 0.509663405732169, 0.1912158887114474], [0.4305017243117899, -0.8361145765959834, 0.339971587295608], [0.3331494688616475, -0.20286849844469695, -0.9207908577608687]], "T": [0.03134469651786822, -0.018984726712552205, -0.010231603702844434], "aligned_model": [[-0.6180978463880517, 0.2789051307341169, 0.4078838635967982, -0.21969248743258749, 0.6531638095689654, -0.22003605894298087, -0.6585511420707817, -0.45857843146910554, 0.36067775770041627, 0.021062312180845207, -0.655793211115825, 0.15609292822352974, 0.014750285360691874, 0.7018725677734597, 0.038494244619255324], [-0.029446848933560962, 0.34661351796942524, -0.24937476642547435, -0.4660086104605197, -0.3030639755221547, -0.6530399207004969, -0.3591452288883118, -0.0053176928810360485, -0.6178340089671253, -0.3229033537857773, 0.3706615469780029, 0.3618037131490673, 0.6479869736013423, 0.31501872455531416, -0.04683210770910168], [-0.5591704779858169, -0.5629993306089233, -0.6422294772395802, -0.41847228766791483, 0.39405605112461045, 0.2573671539960834, -0.006983630980400869, 0.4866784701934599, 0.01818311707313821, 0.6145835920963689, -0.07533192011695664, 0.5701542099236501, 0.031108754647983065, 0.0675293976376975, 0.02232103360286168]], "inverted": true, "swapped": true, "error_lsq": 0.047059400260854214, "error_max": 0.3760723210439848, "target": "760.xyz", "model": "8.xyz", "model_rescale": 4.019505241142653, "target_rescale": 4.07896312523305},
{"mapping": [5, 0, 10, 11, 6, 12, 9, 4, 8, 7, 3, 13, 15], "R": [[-0.0747580328385663, -0.10252551753403302, -0.9919172116565406], [0.9884392506987877, 0.12395618766676675, -0.0873081394667195], [0.13190558822175313, -0.986976890202349, 0.09207352498070942]], "T": [-0.03346704506255186, -0.037596959569680566, 0.02743951257264502], "aligned_model": [[-0.20136830240861944, -0.715196605102352, 0.061926398736778375, 0.4662956986919639, 0.2761507268086637, 0.6239903523921113, 0.22528907080139574, -0.3317743554068842, 0.006130893276322276, -0.1800326534929748, -0.2617812442181974, 0.3482177602183644, 0.0018530314446040669], [-0.5450222599037385, 0.07344154201185173, 0.08672249271100853, -0.3400840012111845, -0.7398433112289529, 0.10486284269702617, 0.5793505484358824, -0.8204226234851277, -0.5504610388475607, 0.15865925044855161, 0.677042430776713, 0.4060880057129191, -0.026955650003329678], [-0.35182188643028584, 0.18046128601440833, -0.6383929656575743, -0.41478911376795696, -0.02416360353435581, -0.14669050632590533, -0.4006137337349766, 0.17378051416482, 0.6304512980056706, 0.6494022696445899, 0.09358989539947257, 0.4209747853305909, 0.004515254935381772]], "inverted": true, "swapped": true, "error_lsq": 0.04875471591084871, "error_max": 0.27420975065153325, "target": "760.xyz", "model": "9.xyz", "model_rescale": 3.877068213659057, "target_rescale": 4.07896312523305},
{"mapping": [6, 12, 10, 13, 12, 11, 0, 3, 5, 2, 9, 8, 7, 4, 1, 15], "R": [[0.31338123221126424, 0.4134666838184152, -0.8548903465766546], [0.43992831033432234, -0.8610193069908928, -0.2551643289241488], [-0.8415790426716543, -0.2961267538759808, -0.45172299097426566]], "T": [-0.039065196597342686, -0.06876243302899158, -0.025696255382574574], "aligned_model": [[-0.14060670208154757, 0.4802170073763386, 0.07624035520976809, -0.7675070220318397, 0.4802170073763386, 0.5828370575042481, 0.738520970951036, -0.21685140095942734, 0.323108389693515, -0.5157675547978213, -0.1005482710150729, 0.33699145512353107, -0.11341288376152957, -0.39324332392793865, 0.3632585412666944, 0.04924848534233274], [0.03531629730772773, 0.20097763374587663, -0.5797631726317682, -0.09762217024781837, 0.20097763374587663, -0.4314948791305256, 0.06639816569067482, 0.5078041660276523, 0.6202456199966624, -0.342595143528739, -0.7067103155581964, -0.4690688742107005, 0.004592151804624536, 0.3589738914137806, 0.40336245963573203, -0.0527157424853526], [-0.624997111113939, -0.49021913396451894, -0.5040200508472693, -0.2829473360197399, -0.49021913396451894, -0.18792459801191422, 0.07850259405904118, -0.22248132879771818, 0.04567347560715339, 0.3459566287660206, 0.13206189697824877, 0.5162069496762426, 0.7838580020418631, 0.36120188446530677, 0.5810494128185817, -0.018751980993615042]], "inverted": false, "swapped": false, "error_lsq": 0.040257341712890776, "error_max": 0.3448653746891661, "target": "760.xyz", "model": "10.xyz", "model_rescale": 4.260839863003843, "target_rescale": 4.07896312523305},
{"mapping": [4, 14, 13, 7, 3, 0, 1, 6, 12, 9, 10, 15], "R": [[-0.9162540599009356, 0.25107519025973746, -0.3121534022737692], [-0.0540662417837294, 0.694584867580479, 0.7173762633566796], [0.3969324113932198, 0.6741758750980678, -0.6228415129238887]], "T": [0.006615126871319281, 0.0488521832993671, -0.04924333196822793], "aligned_model": [[0.5066159947276033, 0.305846734595526, -0.39120543966665583, -0.45848904021659326, -0.7056318218263606, -0.38850989424830207, 0.20841693423847804, 0.7312307146561521, 0.18679004136238403, -0.25482285778378355, 0.19950185582957108, 0.01915542742611097], [0.21292437075268075, -0.5816949681173844, -0.5082810675190813, -0.23262698767131465, 0.16377848659288857, 0.4805332541751261, 0.6150872720184308, -0.1388762607162034, -0.35829897302770575, 0.09707916384641926, 0.3880616898788562, 0.03539252532022196], [-0.7172990255176351, -0.04789593858472567, 0.12031782978969376, -0.4381947926891678, 0.16687916524345792, -0.44677078478824467, -0.5806082552573575, -0.22634857163081146, 0.4842650787442957, 0.6991769211867471, 0.5125571173368146, -0.009900666437562516]], "inverted": true, "swapped": true, "error_lsq": 0.045165545314201534, "error_max": 0.2521462531517624, "target": "760.xyz", "model": "11.xyz", "model_rescale": 3.890672605050136, "target_rescale": 4.07896312523305},
{"mapping": [6, 11, 12, 8, 14, 0, 5, 7, 4, 2, 9, 10, 3, 15], "R": [[-0.02935012741283107, -0.6748228934455812, -0.7373958451893965], [0.4883874232313257, 0.6339804492260684, -0.5996219766057433], [0.8721331864172563, -0.377733838146447, 0.310967607105366]], "T": [0.09460604808691823, -0.0016120503296342273, 0.19500701509633056], "aligned_model": [[0.34640964474164854, 0.24762486146571794, 0.5120658463610437, 0.5095072180912051, 0.7489252008766711, -0.36712235636223156, -0.2410731383887343, 0.3370786865415834, -0.020120336908847083, -0.6760453645062922, 0.018175738932131466, -0.23049578970914703, -0.08387904697139527, 0.10882467063033953], [-0.2480282120155489, 0.331913033439526, 0.5174667612450787, -0.6685778664161949, -0.020315840885165345, -0.3640834040423331, -0.16200882507866748, -0.33691717833811036, -0.7193813808670663, -0.018692818249467544, 0.768531183855398, 0.532228393076079, 0.28354512073164767, 0.03647355337258941], [-0.48876927042469465, -0.4391645938630153, -0.0028585766836652093, 0.08901459458229477, -0.04716584713492336, 0.5898763647239256, -0.34453245040022773, 0.7199957192242276, -0.24642701730509398, 0.18566493108202592, 0.37346245347601925, -0.08286219954875113, 0.8688327815621408, 0.17972354606659902]], "inverted": true, "swapped": true, "error_lsq": 0.05350439284330206, "error_max": 0.3683040641685361, "target": "760.xyz", "model": "12.xyz", "model_rescale": 4.124412569039231, "target_rescale": 4.07896312523305},
{"mapping": [12, 3, 2, 13, 10, 11, 7, 6, 0, 8, 5, 1, 15], "R": [[-0.5032093375139671, 0.7879039255628334, 0.35494755488865026], [0.4349054643602256, -0.12403377293258533, 0.8918928524445773], [0.7467513640485506, 0.6031774425944532, -0.28024876991138453]], "T": [0.03966549991337105, 0.098198420247472, 0.03205723211827798], "aligned_model": [[-0.14026936195937817, -0.23157261875774865, 0.6448935849190739, -0.6215838758506749, 0.4886308835298263, 0.33122216843494573, -0.4915585387211174, 0.26162857313524157, 0.13713380497747618, -0.24433263309853903, 0.6322921414050643, 0.5610926495635044, 0.03972152993208321], [-0.49410733257760436, 0.5626005897023995, 0.550649597918418, 0.005400060407098173, -0.1206175783196734, -0.5714759123141515, 0.45972539663491757, -0.4317592911110329, 0.7922654980528119, 0.047667304685429374, -0.02008487662620348, 0.5033915495263388, 0.0638303705297297], [0.3477527006706342, 0.5592888822533901, 0.18460074670633153, 0.2590977072926832, 0.4994304956739228, 0.09000864029712663, -0.15215708559576618, -0.4793654922172422, -0.06422997382041701, -0.706192346758112, -0.22154324478610354, -0.4236039165967923, 0.05861096784818383]], "inverted": true, "swapped": true, "error_lsq": 0.04465135396104492, "error_max": 0.3483646738497957, "target": "760.xyz", "model": "13.xyz", "model_rescale": 3.9028299243045295, "target_rescale": 4.07896312523305},
{"mapping": [6, 3, 7, 9, 0, 4, 8, 1, 2, 14, 10, 5, 13, 11, 12, 15], "R": [[0.41051240555317925, -0.8263944528607028, -0.3854241471003108], [0.010446194845722179, 0.4269157222846497, -0.9042310783640548], [0.9117951754095805, 0.36717185941631725, 0.1838868775975514]], "T": [0.1279073865895545, 0.03195942036069403, -0.011639198998104323], "aligned_model": [[-0.21247163216567663, 0.3349909295751237, -0.23509195188286577, -0.5772392728023038, 0.9028031732996434, 0.5241628007019066, 0.7414567324728825, -0.223429482588511, 0.45573754514110965, -0.554536648993042, -0.03736035706191845, 0.43134358608209233, 0.060887037613269857, -0.5179484448160344, 0.049625952755206815, 0.039772143937742616], [0.24525978177324154, -0.012358678355620226, -0.6130666623642079, -0.161815691963427, 0.06241597851813495, -0.48672338368485707, 0.3212921154810875, 0.5729208368024999, 0.6683428914276348, -0.32108933880175394, -0.6861460481517484, -0.1763395530285387, -0.2838748429089513, 0.2817173915342736, 0.32502778845856883, -0.01688486316082989], [-0.5436667750331626, -0.5980194148895225, -0.5339425483175623, -0.26867003577832227, -0.3045987986853031, -0.19415788148513477, 0.35761809782639137, -0.08988180900209208, -0.183956448432509, 0.4273110997084217, 0.09955302667370713, 0.3442257250639184, 0.7152778132964571, 0.24594164115228287, 0.6146380859948718, -0.0647216073932177]], "inverted": false, "swapped": false, "error_lsq": 0.04801780974258921, "error_max": 0.27566668412646184, "target": "760.xyz", "model": "14.xyz", "model_rescale": 3.942246331269136, "target_rescale": 4.07896312523305},
{"mapping": [14, 13, 12, 3, 0, 9, 5, 11, 6, 10, 2, 1, 7, 0, 15], "R": [[0.4552429527917123, 0.7267392501143233, 0.5143966526686912], [-0.7424319487713795, 0.6287474485745904, -0.23123893996140615], [-0.4914759967455326, -0.2766346114538349, 0.8257872827603797]], "T": [-0.13346096808394622, -0.02771641666284466, -0.026103562129027084], "aligned_model": [[-0.7867031725170507, -0.38995129650401616, -0.36354839226290103, 0.3213285898995215, 0.25003916196773945, 0.2729629135395629, -0.04952221696671834, -0.32278303554923193, -0.6412950529239396, 0.2751353689056265, 0.5380600525049744, 0.08150303031694564, -0.3249044467265614, 0.25003916196773945, -0.13606662911948125], [0.04895905899373171, -0.5167798415887802, 0.15544692269770274, -0.5812884313753338, -0.3617687280086888, -0.046225817476471434, 0.5384286713685495, 0.6018865417716759, 0.5251353876757994, 0.4068468413033901, 0.15702143087462192, 0.1868906555662679, -0.6449017652450785, -0.3617687280086888, -0.009737508667047232], [-0.2596128220527807, -0.46478263358275196, -0.6556885496885498, -0.25834737236999517, 0.4656658030693688, -0.7082220029685671, 0.2931839286531281, -0.3494990442593997, 0.14163256809770544, -0.3609048951997566, 0.30437196418541934, 0.7164791678049178, 0.14497328817655059, 0.4656658030693688, -0.06555272257414212]], "inverted": true, "swapped": true, "error_lsq": 0.050732362921003346, "error_max": 0.4398508737865004, "target": "760.xyz", "model": "15.xyz", "model_rescale": 4.355366556412066, "target_rescale": 4.07896312523305},
{"mapping": [11, 14, 12, 2, 10, 5, 3, 1, 13, 4, 7, 15], "R": [[0.05585504438120595, -0.9499623645094072, -0.3073299855739257], [0.40353918299548386, -0.2600704213844049, 0.8772226078415188], [-0.9132559015985118, -0.1730169989817011, 0.3688207915219194]], "T": [0.013786736585116317, 0.051205211144964256, -0.08866060120575289], "aligned_model": [[-0.18184643064344427, 0.5122091731184847, 0.11079214412042873, -0.64986997688442, -0.5630231259411079, -0.3825821624275251, -0.04198098859375614, -0.29866574995937145, 0.5106161323020187, 0.05714226302483017, 0.5185646374862242, 0.006452639029419113], [-0.6459118971508448, -0.4308102471863407, -0.5498825451571628, 0.4252665485739212, -0.25620380871436793, -0.09745828291628936, 0.48379217601179736, 0.4482209936723798, 0.00018845589762341713, 0.14193300470913803, 0.4791633086492283, 0.014478721351898066], [0.023512343672135394, -0.008865530056431037, -0.42354826646668786, 0.029324607214818263, -0.29034897817146943, 0.41164064588460336, -0.7026403920576667, 0.5345943537939732, -0.5866239453792312, 0.7557964587082746, -0.1829303538957739, -0.11065248203712341]], "inverted": true, "swapped": true, "error_lsq": 0.04688033932910257, "error_max": 0.2614807002260391, "target": "760.xyz", "model": "16.xyz", "model_rescale": 3.795458400668931, "target_rescale": 4.07896312523305},
{"mapping": [11, 10, 9, 6, 13, 2, 5, 14, 8, 0, 3, 7, 15], "R": [[0.6423851061143668, -0.09001303701887908, -0.7610775444125729], [0.738731335710186, 0.337075005919446, 0.5836578227217127], [0.20400340458501753, -0.9371649233464959, 0.28302741451435104]], "T": [-0.08201503310524226, 0.08973602738060615, -5.581466654588918e-05], "aligned_model": [[0.021318549491817287, 0.0031970051106644942, 0.48483236079290437, -0.3503540468989492, 0.538305392831639, -0.5623176515119674, -0.5917577851415994, 0.21267614510369748, -0.3452501134627467, -0.47774079717965434, 0.2546079237731288, 0.012863547821274399, -0.0517487298259862], [-0.38229989536236997, 0.2364308898400162, 0.439220982606346, -0.6142775422197579, 0.0829697048266976, 0.603060579985155, -0.09500860197784661, -0.528240434364876, -0.41597551882913286, 0.5979122841737441, 0.7456750548870044, 0.21636378623851943, 0.07794997566698629], [-0.5508113200489348, -0.6627077974392287, -0.4328985515901387, -0.15508823761084903, 0.33545340420740155, -0.31642573318497225, -0.3682164115271669, 0.13556602319257208, 0.5505655601498479, 0.2926187771453015, 0.1537027038464391, 0.6494048187038135, -0.028888205007789793]], "inverted": true, "swapped": true, "error_lsq": 0.04281354385797397, "error_max": 0.2674937020135466, "target": "760.xyz", "model": "17.xyz", "model_rescale": 3.7474275329858107, "target_rescale": 4.07896312523305},
{"mapping": [3, 0, 7, 2, 9, 11, 13, 8, 10, 14, 5, 1, 6, 15], "R": [[0.7076030345699288, -0.6718752771817407, -0.21881854898382713], [-0.5456977400876248, -0.7163337652395128, 0.4348332016314323], [-0.4489007929717739, -0.18828050533643143, -0.8735207664272046]], "T": [0.07801195009257467, -0.055682157043955474, 0.028995362210818165], "aligned_model": [[0.5274846972898494, 0.10235369341330516, 0.626487974660311, -0.3881118213994047, 0.21504161305505842, -0.32329831681958515, 0.7385720736663198, 0.20545224062560644, -0.31104709961042293, 0.2712835231505075, -0.5627096854779329, -0.42885415007278715, -0.3339302272026664, 0.07612313260471786], [-0.41468785581953466, 0.18981216140487595, 0.27991813307076635, -0.17603398321542374, -0.8376688271912379, -0.3111775675711092, -0.2066064330839707, 0.680474934768362, -0.6182221632770175, 0.09662733141376272, 0.07955167177119747, 0.4087578232907401, 0.27910844221676534, -0.0894454262669427], [-0.4571135378234004, -0.634058499971015, -0.1537124495519041, -0.5731065348843976, 0.006011542116719504, 0.5862202120081141, 0.2246783608357875, 0.2936696572011891, 0.03735727783878515, 0.6821255172820593, 0.05541644596995826, -0.3846192990685728, 0.5856773916325617, 0.056248635075770215]], "inverted": true, "swapped": true, "error_lsq": 0.04389046583750776, "error_max": 0.3191576304506228, "target": "760.xyz", "model": "18.xyz", "model_rescale": 3.922800546911778, "target_rescale": 4.07896312523305},
{"mapping": [2, 1, 5, 10, 14, 0, 8, 9, 7, 11, 6, 12, 3, 13, 15], "R": [[-0.4860205843413894, 0.3360912645355389, -0.8067382806706008], [0.39188297126346555, 0.9089023883761993, 0.1425629167692601], [0.781160501068873, -0.246858482347566, -0.573453713269767]], "T": [0.02589483991748883, 0.03359445033196062, 0.012422510021459532], "aligned_model": [[-0.26912048063477956, -0.28191261723161665, 0.25640199415026954, 0.3696310913499265, 0.461628458032946, -0.6337481675776067, -0.03693005349262105, 0.20744459037644125, -0.4563330888195966, 0.7460519836095236, 0.5571378543279387, 0.5826272868650818, -0.451538239645688, -0.01637210709827517, 0.06108233267567421], [0.5840998684002958, 0.04051654282056948, 0.14613664949222419, 0.6231728471447029, -0.4671617979097301, 0.1402848719742718, -0.7287673818510757, 0.622361885993553, -0.3496665318027948, 0.12227101437909121, -0.34755886841604333, 0.07447465414212223, 0.3872278886610244, -0.17832092158730684, 0.04854078359367513], [-0.4394539910440662, -0.7284563470222417, -0.5906622117770922, -0.03373838104830982, 0.22808538253511773, -0.21993209312942527, -0.19513047960744215, 0.5136222023782382, 0.2720431814805695, -0.08925110375956005, -0.3927675588557137, 0.4262389906786742, 0.4752548238817504, 0.6837756438036063, 0.03303110864922412]], "inverted": true, "swapped": true, "error_lsq": 0.04838670482165871, "error_max": 0.34831671441579515, "target": "760.xyz", "model": "19.xyz", "model_rescale": 3.9282355846067225, "target_rescale": 4.07896312523305},
{"mapping": [12, 10, 2, 11, 14, 5, 6, 1, 8, 7, 3, 13, 0, 15], "R": [[-0.08956804858034262, 0.22920663082409143, 0.9692481029436055], [-0.5601333796511911, -0.816268253280446, 0.14126831097958265], [0.823546089587003, -0.5302550886816252, 0.2014978393263756]], "T": [-0.03650209500626839, -0.14323391993329135, 0.08883634824829346], "aligned_model": [[-0.6743491284910652, -0.048740219605065, 0.6383862598236596, -0.41579448181442763, -0.6277797063215593, 0.25762059238220997, -0.23005125425743478, 0.6747777192216371, -0.09072795365707106, -0.014080391477765214, 0.07355612055827242, -0.5326494058419954, 0.59153675393277, -0.06918208536748889], [-0.37753939297756056, -0.7234513681917187, -0.48389544300119935, -0.27805535921842517, 0.20916105472164268, -0.08470691780395972, 0.2823448981482771, 0.12088260873896342, 0.6474577620037593, 0.1911768705680916, -0.5674308939514143, -0.15171793944341752, -0.09342280980362434, -0.16792098236457811], [-0.056485347955278944, -0.2732217485321068, -0.06202140632328472, -0.5233628294542101, -0.026661049493626132, -0.49389593264602294, -0.5219806269764207, -0.17196685727156702, 0.09816342037749896, 0.6671981200978476, 0.7013368146477091, 0.590010486914937, 0.41068485693486745, 0.07438525692333928]], "inverted": true, "swapped": true, "error_lsq": 0.0487778445611464, "error_max": 0.3083032068892933, "target": "760.xyz", "model": "20.xyz", "model_rescale": 4.067790424073018, "target_rescale": 4.07896312523305},
{"mapping": [10, 6, 2, 3, 1, 4, 0, 11, 5, 14, 14, 7, 13, 8, 15], "R": [[-0.4645514666838176, 0.01064827396017426, 0.8854820997985127], [0.8853328412849839, 0.027529283399997384, 0.4641421104551284], [-0.01943437532239839, 0.999564281483263, -0.022216035620165164]], "T": [0.1406782566564167, -0.07709782336087112, -0.03403278705582663], "aligned_model": [[0.29427521839453696, 0.02688961893244765, -0.3716285596298962, 0.32963368159383055, -0.6552966821085384, -0.5316694690732722, -0.37723663643992017, 0.40524807390551193, -0.26900994889030067, 0.51724190622755, 0.51724190622755, 0.11584694301091161, 0.696695761892087, -0.10621881824541826, 0.17643095811043594], [-0.042655255701205694, 0.6821159920715648, -0.36380568256357204, -0.80558008687217, -0.014832937172781169, 0.4016087437246773, -0.5513050247631721, 0.4994827361960327, 0.3094244184825782, 0.3986369229170822, 0.3986369229170822, -0.4014631061293331, -0.2989188386715991, 0.29383312546921375, -0.06428278997655126], [-0.6996977232506738, 0.01415967138586171, -0.5336556011429722, -0.06270584156805473, -0.11303789867216649, 0.17092457087946747, 0.05194452774291204, -0.40061843666993097, -0.36909488161052945, 0.3109416318442468, 0.3109416318442468, 0.5499245897509144, 0.3388607915196738, 0.6214615603723515, -0.05509901880420584]], "inverted": false, "swapped": true, "error_lsq": 0.046670857258798056, "error_max": 0.34136103056396444, "target": "760.xyz", "model": "21.xyz", "model_rescale": 4.186013935880536, "target_rescale": 4.07896312523305},
{"mapping": [2, 1, 0, 9, 11, 3, 10, 5, 7, 8, 6, 13, 15], "R": [[0.9854012573301415, -0.16264922253432418, -0.050295054042682634], [-0.15080896789396964, -0.9710127169738235, 0.18544799453719968], [-0.07900010920835566, -0.17515574179596133, -0.9813661135687205]], "T": [0.03806178958627059, 0.0026388963371859406, 0.07847178660773031], "aligned_model": [[-0.06824788839547968, -0.42999627494266873, 0.1930510413304713, 0.5050352873313454, -0.3817670138207596, 0.7433898402079454, -0.03383624405815542, -0.555403742691991, 0.40496991395369586, -0.28127677315436794, -0.6518094461687246, 0.5730110755463375, 0.04145426028557687], [-0.3894291731221262, 0.10872430623217608, 0.1669929318880446, -0.6015200513689538, -0.3700794632561313, -0.12157157180484737, -0.6760803112853966, -0.20255631464066845, 0.5516174816570452, 0.7224350661456413, 0.1312652787593802, 0.2240468619253599, -0.024888381583429955], [-0.5767102554052027, -0.5644608388610941, -0.591950832234082, 0.29695806790727836, 0.5492712859841151, -0.15454496285258207, 0.1238483704776181, -0.10915567353761511, -0.025627156053663086, 0.16867782953825133, 0.39344625619544576, 0.4812340292891221, 0.11189344088775366]], "inverted": true, "swapped": true, "error_lsq": 0.04466087867297831, "error_max": 0.2566511888679924, "target": "760.xyz", "model": "22.xyz", "model_rescale": 4.166573947596378, "target_rescale": 4.07896312523305},
{"mapping": [5, 13, 7, 1, 14, 10, 9, 6, 12, 4, 8, 9, 3, 2, 11, 15], "R": [[-0.3948702362182483, 0.002697243180602271, -0.9187329434760516], [-0.7556879865628988, -0.5696738710499327, 0.3231212583651799], [-0.5225066157604681, 0.8218664158622191, 0.22698553029727053]], "T": [0.05382222168193773, -0.01723467583229787, 0.04260607194649304], "aligned_model": [[-0.22044184743085082, 0.36911831820887775, 0.009165532812819316, -0.6100932175249478, 0.7595251214057888, 0.5219447703289904, 0.5196343857314465, -0.3189201200485188, 0.3205442124682233, -0.4909976633644948, 0.04955169542540125, 0.5196343857314465, -0.07075417084108339, -0.47176538393726986, 0.29796402213669776, -0.0014079298339003052], [-0.019379666159861836, 0.010090260014568007, -0.5030483350540224, 0.06697061867900078, 0.198096963125536, -0.35835979157594433, -0.1800725944670246, 0.5928713070027395, 0.581296728972279, -0.38682605368916023, -0.7772900363210348, -0.1800725944670246, -0.0567388317291142, 0.3025462807981514, 0.43775298854190187, -0.009159522095483354], [-0.7421465009142374, -0.7426676754127217, -0.48025195496240014, -0.20280138276125462, -0.24303962783792057, -0.43219511587968573, 0.38458853693602707, -0.21804977079840468, 0.041661443512919505, 0.3688376149285474, 0.3189695134850128, 0.38458853693602707, 0.6294167706465889, 0.31519926295660383, 0.6388227556818802, 0.0020177641822431494]], "inverted": true, "swapped": false, "error_lsq": 0.04210062373546257, "error_max": 0.34818713963232656, "target": "760.xyz", "model": "23.xyz", "model_rescale": 4.274766983524099, "target_rescale": 4.07896312523305},
{"mapping": [1, 6, 8, 7, 14, 13, 3, 12, 10, 11, 15], "R": [[0.28719754073926407, -0.9262718549030042, -0.24400414629236744], [0.8612774965778356, 0.13823821646309456, 0.4889695996661954], [-0.4191880800809292, -0.3505861467936959, 0.8374787801457503]], "T": [0.023516970648142996, -0.04168646917972327, -0.030248722116587017], "aligned_model": [[0.3898980647921686, 0.10747768506437604, -0.4519217307040002, -0.5457900016529134, -0.3763010200509202, -0.5472172832368389, -0.1019800009187886, -0.04917277244273825, 0.5887266294480833, 0.33451738312469526, 0.03165775053495126], [-0.015908749453704935, 0.7138427255740232, 0.39075406218561104, -0.3001507699488576, 0.48192518535854334, -0.20168966819988512, -0.7619513305744412, 0.21506760042742593, -0.07580830961263658, 0.4995651651451448, -0.03005937965773963], [-0.7435475584222087, -0.14773156758212125, -0.49411724011971414, -0.26672583569666, 0.20020190217197056, 0.35194368708392476, 0.1505322074264974, 0.6113585075815255, 0.3534984159915533, 0.3533562571801376, 0.01079765840667226]], "inverted": false, "swapped": true, "error_lsq": 0.05087324894899838, "error_max": 0.22640656065355155, "target": "760.xyz", "model": "24.xyz", "model_rescale": 3.7841303162186577, "target_rescale": 4.07896312523305},
{"mapping": [4, 3, 6, 1, 13, 11, 14, 2, 12, 0, 7, 10, 10, 8, 9, 15], "R": [[-0.13410191495321072, -0.6081040173734084, -0.7824488356820549], [0.9073210167508589, 0.24215376389411453, -0.3437006360106146], [0.3984786681468273, -0.7560231866062278, 0.5192722718821944]], "T": [0.026568558595693355, -0.005912951528483094, 0.00040324329013116363], "aligned_model": [[-0.33529326968042256, 0.3453424004414109, -0.039502326880983575, -0.7046886912852666, 0.7797571649213108, 0.5460638837684152, 0.6380777444070209, -0.24732494751478257, 0.4765203280264264, -0.5101087494425294, -0.02398147645407319, 0.2850345337777988, 0.2850345337777988, -0.4912346897024326, 0.1479038974815117, 0.031101775627422466], [0.1641141582598582, 0.015219206669856818, -0.43358481266033033, -0.07764424516072772, 0.03904056166133138, -0.5471392871127784, 0.2984690251842061, 0.6890174573711756, 0.5905503052729718, -0.4168149775760553, -0.6355945871521335, -0.28974476832219126, -0.28974476832219126, 0.21233484770418795, 0.43988270635198395, -0.03968310059365744], [-0.6295579793514258, -0.7391497009119407, -0.5781793951733633, -0.1142869908781873, -0.20620290914538517, -0.16277221428964656, 0.40377291273914256, -0.10374617833229338, -0.12977699676222718, 0.2910352122447525, 0.15451778450883355, 0.6770789002528631, 0.6770789002528631, 0.18399375998657722, 0.3591297065995847, -0.059984641040922534]], "inverted": true, "swapped": false, "error_lsq": 0.0494712436733097, "error_max": 0.3914538023732006, "target": "760.xyz", "model": "25.xyz", "model_rescale": 4.19342608120988, "target_rescale": 4.07896312523305},
{"mapping": [11, 14, 12, 2, 10, 5, 3, 1, 13, 4, 7, 15], "R": [[0.05585504438120595, -0.9499623645094072, -0.3073299855739257], [0.40353918299548386, -0.2600704213844049, 0.8772226078415188], [-0.9132559015985118, -0.1730169989817011, 0.3688207915219194]], "T": [0.013786736585116317, 0.051205211144964256, -0.08866060120575289], "aligned_model": [[-0.18184643064344427, 0.5122091731184847, 0.11079214412042873, -0.64986997688442, -0.5630231259411079, -0.3825821624275251, -0.04198098859375614, -0.29866574995937145, 0.5106161323020187, 0.05714226302483017, 0.5185646374862242, 0.006452639029419113], [-0.6459118971508448, -0.4308102471863407, -0.5498825451571628, 0.4252665485739212, -0.25620380871436793, -0.09745828291628936, 0.48379217601179736, 0.4482209936723798, 0.00018845589762341713, 0.14193300470913803, 0.4791633086492283, 0.014478721351898066], [0.023512343672135394, -0.008865530056431037, -0.42354826646668786, 0.029324607214818263, -0.29034897817146943, 0.41164064588460336, -0.7026403920576667, 0.5345943537939732, -0.5866239453792312, 0.7557964587082746, -0.1829303538957739, -0.11065248203712341]], "inverted": true, "swapped": true, "error_lsq": 0.04688033932910257, "error_max": 0.2614807002260391, "target": "760.xyz", "model": "26.xyz", "model_rescale": 3.795458400668931, "target_rescale": 4.07896312523305},
