[{"mapping": [1, 6, 12, 13, 10, 8, 11, 3, 7, 0, 2, 4, 5, 14], "R": [[0.11828406640545144, -0.8032021452111067, 0.5838451794464581], [0.672807569893344, -0.3676048771678895, -0.642025410849597], [0.7303005227499182, 0.46875683270823576, 0.496918683750711]], "T": [-0.06183418706509432, 0.08237224977497713, 0.09004130301902988], "aligned_model": [[0.05799063218977961, 0.22897541209556632, -0.43006100496263977, -0.3585597231746643, -0.5049126037086118, -0.14589938387865736, -0.7655442377406451, -0.05508636532971623, -0.4140975588312976, 0.3079744428734061, 0.6156300656365307, 0.2734574063559125, 0.5744186381704933, -0.012793618567152366], [-0.6915068338057664, -0.27006610462213543, -0.26119232099020173, -0.40517584511075094, 0.33721276880502876, 0.19703969351680378, -0.015028184750847953, 0.5288447875092038, 0.8480757331682323, -0.14489831018814764, 0.49603458253728305, 0.730544476240774, -0.1976378210467432, 0.0830267105473023], [0.23559488439876267, -0.3939633135257091, 0.44145843197075196, -0.3833161847202511, 0.45178572261523753, -0.6411842863580032, -0.09594826386901725, 0.5763086636848952, 0.24944434330083595, 0.7313599919157894, 0.5698010543221801, -0.0789323692441587, 0.12416513434310192, 0.11101427834541835]], "inverted": true, "swapped": true, "error_lsq": 0.043930584562506134, "error_max": 0.2487354370025999, "target": "761.xyz", "model": "0.xyz", "model_rescale": 3.8414455957264533, "target_rescale": 4.184154129274993},
{"mapping": [13, 8, 11, 0, 1, 12, 10, 4, 5, 3, 7, 2, 9, 6, 14], "R": [[-0.9228220407636977, 0.2972854186758169, 0.2449915527594137], [0.14507373536948917, -0.3209534019312129, 0.9359180119512205], [0.35686565033170087, 0.8992276094691074, 0.25305456720202996]], "T": [-0.035903795842848266, -0.07077499808782739, 0.02222232138585232], "aligned_model": [[-0.40324524831792297, 0.32657718750137865, -0.4898510545832387, -0.754115014982274, -0.4449620897836017, 0.0691825865965321, 0.4796955013121436, -0.25747967713358444, 0.4364999163345677, -0.055712108913121214, -0.36458109249141907, 0.24135476321704313, 0.009903886400494707, 0.6952223599827567, -0.04377519579995394], [-0.20314761455498356, -0.08745821956766944, 0.5161394773519824, -0.12593114585727966, 0.6407391894758958, 0.4545522713115605, 0.3738187178423492, -0.13230186545843448, 0.0977178773581392, 0.4178702236622167, -0.6109801629159112, -0.49673420605666385, -0.6780165828488586, -0.3333003241097814, 0.01667694949435955], [-0.6276890174462004, -0.6796548789386972, -0.3969777345913286, 0.10375644658911318, 0.29593159090838234, -0.5211722462335341, -0.04759954438029453, 0.515107509102002, 0.4497356762970652, 0.633949678984167, 0.13669771916184556, 0.5572841609829449, -0.2854609475415394, 0.10322955099150233, 0.0410424434414121]], "inverted": true, "swapped": false, "error_lsq": 0.055168578102621844, "error_max": 0.4949127150722845, "target": "761.xyz", "model": "1.xyz", "model_rescale": 4.316132596720782, "target_rescale": 4.184154129274993},
{"mapping": [1, 6, 13, 3, 12, 0, 9, 2, 8, 5, 4, 14], "R": [[-0.5687477013863758, -0.7846975251089351, -0.2465275770692327], [0.77666396947869, -0.4136834937309324, -0.4750358360462652], [0.2707750555005362, -0.46164462642002246, 0.8447278308521624]], "T": [-0.07579701596060451, 0.020151610649194292, -0.14843772068905398], "aligned_model": [[-0.20699826586875833, 0.4618467421993083, 0.19733192779416125, -0.4847693104942585, -0.5703982460661441, -0.5162249020148633, 0.031269059529059465, -0.1999053755532364, 0.5585880781803346, 0.14198484071153442, 0.25928307938046513, -0.07419907316582214], [-0.7003792225559821, -0.3488281297558989, -0.5659658072252788, 0.5252367549037321, -0.3222336191033835, -0.060192396274586335, 0.3187503441991521, 0.5906579504919427, 0.01979624918517758, -0.15606803188454027, 0.6811328391112629, 0.03086949664938299], [0.1646983819706263, -0.014883889096605984, -0.5113198673325952, -0.032377971183850246, -0.27198358201207384, 0.4834389355251237, -0.7548672017269054, 0.5722309892490429, -0.5389013791508874, 0.48866936115496756, -0.03923636984792239, -0.0962089463394992]], "inverted": true, "swapped": true, "error_lsq": 0.043019832411685645, "error_max": 0.25971373922584984, "target": "761.xyz", "model": "2.xyz", "model_rescale": 3.795458400668931, "target_rescale": 4.184154129274993},
{"mapping": [7, 10, 11, 1, 4, 6, 12, 2, 0, 5, 8, 14], "R": [[-0.4072148245831272, 0.610310812759201, -0.6794827433194585], [0.6618870306732516, 0.7098378824813688, 0.2409060796678096], [0.6293501769812092, -0.35164028839649547, -0.6930133204420754]], "T": [-0.010420662632259, 0.040695307450385534, 0.06295879677597084], "aligned_model": [[-0.23665353629493144, -0.2826832498068224, -0.7393958582371701, 0.10436981918363775, 0.2843833690600398, 0.07073596463829154, -0.2534466533162802, 0.8161587043454058, 0.5450586787324604, 0.579051345277006, -0.33707022433359196, 0.04279546649551965], [-0.25494658430497735, -0.4610174859442304, -0.029499613107639072, -0.03043956970836588, 0.2973199754379809, 0.6062458673296653, -0.4072834190273427, -0.1826435319653099, -0.42283862174754994, 0.24053420742727083, 0.6920659841701713, 0.03827183673003615], [-0.7098381982579012, -0.19448742112791412, 0.11731536380741343, 0.8479400977645901, -0.5760514945157708, 0.4044403504813662, 0.4055591918430637, -0.2935942443001611, 0.33914530754458694, 0.37436672730044235, -0.09171100596300323, 0.06568675606238793]], "inverted": false, "swapped": true, "error_lsq": 0.05626858471534005, "error_max": 0.29904642581473134, "target": "761.xyz", "model": "3.xyz", "model_rescale": 3.7530521520055578, "target_rescale": 4.184154129274993},
{"mapping": [9, 12, 13, 1, 8, 0, 4, 3, 2, 5, 14], "R": [[0.878860716539688, 0.3088223109376005, -0.36363803595128286], [-0.32303798777403436, -0.17568317041244405, -0.9299364935783171], [-0.35107022001054056, 0.9347535524944489, -0.05463969912763507]], "T": [-0.07023040207747268, -0.12557132522164088, -0.05530231794623963], "aligned_model": [[-0.3460384702100948, -0.17003039777550655, 0.45758815760356597, 0.43470191805405856, 0.26129920345512314, -0.16535848287969585, -0.30936085610511366, -0.680004257969795, -0.41368201827184437, 0.33501009135876086, -0.06592528481425354], [-0.7434778476001171, 0.13926931794932867, -0.40892752798005255, 0.38456298516205994, -0.7841348584972752, 0.6385976846122823, -0.3978631638027059, 0.058506689670249745, 0.3631474588559375, 0.3054382072119854, -0.08791558726734648], [-0.15778403741524255, -0.6002986452807867, -0.49226150393461793, -0.40061233202291857, 0.050945674149100825, 0.026528993808668827, 0.6002688607195182, 0.11827860036458762, 0.6542318219149739, 0.31130190826643095, -0.017768563324398315]], "inverted": false, "swapped": true, "error_lsq": 0.042541353554621374, "error_max": 0.18442390660659783, "target": "761.xyz", "model": "4.xyz", "model_rescale": 3.7855080009869324, "target_rescale": 4.184154129274993},
{"mapping": [13, 8, 11, 12, 1, 6, 7, 2, 5, 3, 14, 9, 15, 10, 16], "R": [[0.0780523680839429, -0.8610289904634592, 0.5025305019777061], [0.9932279999419256, 0.11067120172912069, 0.03535569599364388], [-0.08605793378795114, 0.4963677695915689, 0.8638362514636904]], "T": [-0.03472003273724699, 0.05727236572808245, 0.020973402402383223], "aligned_model": [[-0.3406872199229867, 0.3015314473439892, -0.5728965538395507, -0.7075369478433966, -0.5086823059070437, 0.027895915539902984, 0.5915991288382485, -0.37053828205164563, 0.5466480202015748, 0.16693006327144305, -0.4455162893780957, 0.08705505327129881, 0.10482684421896105, 0.6225983121894288, -0.05851246659232801], [-0.13419808279629783, -0.22943129831459316, 0.41980604028664126, 0.03097913510110433, 0.5898610918239631, 0.4589147893918262, 0.4217899995394756, -0.09968835602919085, 0.37831835188599316, -0.07562782745905716, -0.4610171086928133, -0.5012497839581207, -0.7127574754458321, -0.25167589647500854, 0.015621006268831977], [-0.6071912150212009, -0.5267909859356165, -0.43877826452839647, -0.07747113924616959, 0.2755572813826833, -0.48975125394566266, -0.1693438967583081, 0.6600157506325611, 0.4836221962118143, 0.6721963924985157, 0.1635211304349508, 0.4453999048578216, -0.23767465871407062, 0.07969170260624016, 0.04517746285167683]], "inverted": true, "swapped": false, "error_lsq": 0.03760003981991133, "error_max": 0.22458749270358205, "target": "761.xyz", "model": "5.xyz", "model_rescale": 4.2253639853439635, "target_rescale": 4.184154129274993},
{"mapping": [0, 1, 11, 10, 12, 8, 7, 3, 6, 5, 13, 4, 2, 14], "R": [[0.8506609889439701, -0.19193038784027588, 0.48942681589012665], [-0.39737155225803494, -0.8442751525835334, 0.35957657902885054], [0.3441972273928227, -0.5003620618647387, -0.7944596123791069]], "T": [-0.01960384960122924, -0.029701233490130693, 0.04581472662137255], "aligned_model": [[0.6022782258837553, -0.09645165819186108, -0.576034838440284, 0.10481799249564269, -0.05939340993295765, -0.593672501412474, 0.16509862642157008, 0.5073835815035364, -0.3530953247062985, 0.2587082237699221, -0.7068339350212867, 0.2437938928093903, 0.8541011883878347, 0.023362089191293955], [-0.0013056622339306517, 0.1426168584757353, -0.5089164706605525, -0.6337339513579346, -0.4531288629898364, 0.2489907048383428, -0.5506762305574261, -0.3545705291401184, 0.5266187188520901, 0.5407144340369926, 0.052447215686275764, 0.21625480680104797, 0.2190055031944383, 0.0007826116898662083], [-0.4147896227444618, -0.7280286411616447, 0.040904514599761146, 0.1543729114730214, -0.39718350778769684, 0.4301094430145539, 0.7017649416541303, 0.27512542043969523, -0.10363436875542369, -0.23976554108198816, -0.22023591103339835, 0.7024935257582158, 0.23297301237336693, 0.03745203218331737]], "inverted": true, "swapped": true, "error_lsq": 0.045734334036018835, "error_max": 0.27901101053399774, "target": "761.xyz", "model": "6.xyz", "model_rescale": 3.89814844738969, "target_rescale": 4.184154129274993},
{"mapping": [3, 7, 10, 2, 12, 9, 4, 0, 5, 8, 11, 1, 14], "R": [[0.19974833894653626, 0.9414820627030164, 0.2714997729217715], [-0.5897569153720107, 0.3367924948543291, -0.7340010873157394], [-0.7824879435869863, -0.01350337062627488, 0.6225192985946209]], "T": [-0.10707713277516213, 0.13021731631637606, 0.09546785937583989], "aligned_model": [[0.06784725682418417, -0.08531947018078136, 0.3101263758393731, -0.3092180530911029, 0.4906905237599149, -0.22229678981776907, -0.671774604052244, 0.23146596675329462, -0.33959582023449275, -0.6311111286586077, 0.20018596480532086, 0.22796863026067077, -0.12033705130353832], [-0.2070318558301138, 0.2616235579455078, 0.22764988674837972, -0.7169199606595964, 0.20621979148506542, 0.6500825347775503, -0.051816660298011324, -0.5517628157158629, -0.3668800140831662, 0.6553924953659609, 0.7946269944302502, -0.016512983817397242, 0.07911029512191922], [-0.4444429294659492, -0.7519161389384295, -0.3612260481405226, -0.22350116811263532, 0.21386994885689647, -0.3344689370670028, -0.3617850104782, 0.2368597269148075, 0.5235064526567781, 0.1624443104466673, 0.03685073258960107, 0.8030321490768468, 0.10305194249743839]], "inverted": true, "swapped": true, "error_lsq": 0.0470358675546429, "error_max": 0.24100865424357815, "target": "761.xyz", "model": "7.xyz", "model_rescale": 3.7474275329858107, "target_rescale": 4.184154129274993},
{"mapping": [13, 12, 2, 4, 3, 1, 0, 8, 6, 5, 9, 7, 11, 10, 14], "R": [[-0.8551107134679007, 0.5088732840242738, -0.09916475441793268], [-0.08022047013437562, -0.31884032104278603, -0.9444074998901444], [-0.5122014680609943, -0.7996179278153313, 0.31346582849248217]], "T": [-0.012702653077107037, -0.020178822736157676, -0.04621096978933309], "aligned_model": [[-0.4467215841785961, 0.19617451090458604, -0.5734654050850577, -0.7711761262815392, -0.07594467978953347, 0.03997442838754707, 0.42399240553105444, -0.6051749863663577, 0.4938521811543528, -0.0834707652167046, -0.24566504048495308, 0.3059043316246911, 0.12335170776679154, 0.716949427569863, -0.0538656861963438], [-0.4028584745275068, -0.26882299173360585, 0.5833207275985752, -0.044583169513874074, 0.5219712939694696, 0.5622450441837278, 0.4726680718147459, 0.03851477430171793, 0.23757269273639248, -0.022997146668414042, -0.5924294626519878, -0.37842292915241527, -0.6264660975977494, -0.2252483930360305, -0.004819354596123341], [-0.7341758527905959, -0.5707955925051433, -0.21919340981169802, -0.23686317709122645, 0.41877100190203437, -0.5182378592567727, -0.021460172919201242, 0.2865681037866224, 0.5402227047094001, 0.66653400239658, 0.39943257751900424, 0.4375538299235672, -0.06583001222595353, -0.017616001126377373, -0.0867297351834006]], "inverted": false, "swapped": false, "error_lsq": 0.0580206132705878, "error_max": 0.3511041427029503, "target": "761.xyz", "model": "8.xyz", "model_rescale": 4.019505241142653, "target_rescale": 4.184154129274993},
{"mapping": [4, 8, 5, 2, 3, 0, 1, 7, 10, 11, 13, 12, 14], "R": [[-0.5088467301082602, -0.4107481137567995, -0.7565454330728345], [0.860693469792893, -0.25988023454284903, -0.43780019957718685], [-0.01678559841060967, -0.87392691384302, 0.48576742680712204]], "T": [-0.045925699551830484, -0.015394604238700538, -0.0060969979897476795], "aligned_model": [[-0.33790826774695226, -0.7815570548400658, 0.17800005483084758, 0.3998387192439796, 0.28094864144722187, 0.6874726207359666, 0.3393136352315992, -0.1820455205211889, 0.14293277131698987, -0.31312677793313637, -0.3984430095968998, 0.32224274396958796, -0.017967784396773205], [-0.6044016424219474, 0.0911020725575202, 0.20738808734988173, -0.5866887097189598, -0.5830812475270358, -0.003974149046403586, 0.6755206614430685, -0.7739188259880074, -0.339217380897364, 0.1701356530515795, 0.6037441908846184, 0.23154887824722392, -0.02477935982011564], [-0.3651466861100882, -0.05520310226948984, -0.6262686372145524, -0.5850278109411131, 0.07590450398684716, -0.25448473507320396, -0.09915299698611742, 0.37061646895644573, 0.4954929598861992, 0.6522865576983321, 0.1993663765977728, 0.4188647836770573, -0.050544188164210524]], "inverted": false, "swapped": true, "error_lsq": 0.04386510730606277, "error_max": 0.24806300764405326, "target": "761.xyz", "model": "9.xyz", "model_rescale": 3.877068213659057, "target_rescale": 4.184154129274993},
{"mapping": [10, 12, 14, 9, 2, 6, 3, 8, 4, 7, 8, 1, 0, 5, 15], "R": [[0.5520012420578918, -0.7971594564006739, -0.24460463985281927], [-0.13270947855092474, -0.37359521035735976, 0.9180494611407287], [-0.8232149312720749, -0.47430308861425596, -0.3120156359250139]], "T": [-0.025759722395450817, 0.09789733206297546, -0.06793452219169517], "aligned_model": [[-0.4699858472542549, 0.3237957952289364, -0.6040452725780242, -0.6802078460124831, -0.3661796903496713, 0.14283345520534596, 0.5598651353949745, -0.46691533182175776, 0.33414709436013457, -0.05244909974532851, -0.46691533182175776, 0.3919370533708042, 0.1367953566621733, 0.6680697874110856, -0.006030538710375951], [0.061980907679627134, -0.3142606217506678, 0.5584422963142905, 0.10933100387669352, 0.4860373071046532, 0.3158181031804802, 0.3268863435298538, -0.38685132261051536, 0.3832927419857573, 0.017206447635159494, -0.38685132261051536, -0.39975887424994816, -0.6809506448171083, -0.2510791054593723, 0.010401325318533938], [-0.6198257613976856, -0.5838143307905855, -0.3189438945095011, 0.016990318359553905, 0.348979093731554, -0.6196513454868221, -0.15377682699294865, 0.33915687525124094, 0.4291642838749056, 0.7438925700660968, 0.33915687525124094, 0.5071953014447934, -0.09509535458248332, 0.020448166262335823, -0.07569556315485518]], "inverted": false, "swapped": false, "error_lsq": 0.044379405178444235, "error_max": 0.4352349348121732, "target": "761.xyz", "model": "10.xyz", "model_rescale": 4.260839863003843, "target_rescale": 4.184154129274993},
{"mapping": [0, 12, 13, 1, 6, 5, 2, 3, 9, 8, 4, 14], "R": [[0.9085676552215276, 0.2952644025021938, -0.29550591956892813], [0.35283712001012585, -0.9211152924961962, 0.16447669948234955], [-0.22363090713990183, -0.25370366679389866, -0.9410758029123452]], "T": [0.05330307902941858, -0.06257387734241503, 0.019013981202667292], "aligned_model": [[0.20428458185880777, 0.15688920058908068, -0.5047278722803678, -0.4234493451929897, -0.5957063705469239, -0.3105288637484994, 0.44929826453676824, 0.6789838567082109, 0.2819672640248076, -0.3209070421722856, 0.29012039129007905, 0.05267458402744252], [0.09582540873461305, -0.5798050658433428, -0.5086001757718213, -0.3348922935087111, 0.07156308377347852, 0.3609365427525018, 0.6822436723164433, 0.10845189973943735, -0.23880087089559776, -0.014866832379214434, 0.5521881548391387, -0.02116501822399127], [-0.7238280227960758, -0.2954115509775769, 0.2177059495725922, -0.5580323553946965, 0.08096150313821349, -0.39650133106820307, -0.3665743860759089, -0.10392077431736368, 0.6395281235989836, 0.6613513268244695, 0.3755038044798215, -0.01460420958875059]], "inverted": true, "swapped": true, "error_lsq": 0.04416344706711844, "error_max": 0.25890536059272634, "target": "761.xyz", "model": "11.xyz", "model_rescale": 3.890672605050136, "target_rescale": 4.184154129274993},
{"mapping": [3, 10, 9, 2, 4, 1, 12, 5, 0, 13, 8, 11, 6, 14], "R": [[-0.655803924801971, 0.6967682156353479, 0.2905774696955431], [0.3949810495857673, -0.011337987916193837, 0.9186193011787516], [0.6433592951706352, 0.7172067370781912, -0.2677747441548547]], "T": [0.09878772640585987, 0.01641794165073207, 0.0924783040390453], "aligned_model": [[0.5004442900098264, 0.11974650254460185, 0.2505383084178147, 0.7849942828913736, 0.8271535492416124, -0.528082609625019, -0.3742816256723909, 0.14904005385154498, 0.07589031146043082, -0.4746574831247631, 0.15504356165258748, -0.31781081917679754, -0.08060456808673183, 0.12246208040960338], [-0.20442055925626607, 0.09275130188813577, 0.6396761487674855, -0.6072723454806056, 0.15017465708040612, -0.4097266469703882, -0.13534194126603533, -0.4751477744917482, -0.7495942514513906, 0.38628216592049724, 0.643704165515028, 0.5395322362258281, 0.08945986974882386, -0.027924506402005597], [-0.3826443827787517, -0.5286940926122086, -0.14606316361569602, 0.07311995236057006, 0.2051377861113318, 0.3371557238373799, -0.268486968925042, 0.5826064337619864, -0.018881560090248994, 0.3826119750887239, 0.4902894613488208, -0.21097496367844557, 0.7292881397570131, 0.11032609479142819]], "inverted": false, "swapped": true, "error_lsq": 0.04650044784420265, "error_max": 0.3500436666407051, "target": "761.xyz", "model": "12.xyz", "model_rescale": 4.124412569039231, "target_rescale": 4.184154129274993},
{"mapping": [12, 3, 2, 11, 0, 1, 9, 6, 4, 8, 5, 4, 14], "R": [[0.21856676702202318, -0.6000245665691574, 0.7695447276585268], [0.731754266319412, -0.4209398282365043, -0.5360460378806673], [0.645572817021349, 0.6802794870622793, 0.3470670791149784]], "T": [0.0196304962465306, 0.045928534330824694, 0.014024166419679398], "aligned_model": [[-0.19772059757091007, 0.09643253641599275, 0.7408195253526447, -0.6900648303575548, 0.5695338152728066, 0.2701180977231671, -0.5460127030042273, 0.21631753739225043, 0.2145175046291508, -0.26599685045389265, 0.6728840282092905, 0.2145175046291508, 0.07195273927188846], [-0.3108981585065085, 0.5236210634947446, 0.5655487625132383, -0.14236372502518427, -0.09269672976401352, -0.6974843336021899, 0.38521381784696396, -0.3051617852909212, 0.7139121015203973, 0.09849519344723923, -0.15815038125694666, 0.7139121015203973, 0.053537449611260196], [0.4640850684316392, 0.46319061697531233, 0.2788353462554669, 0.026883696805330003, 0.5413659595763798, 0.15195870764773267, -0.16849797251413756, -0.5161581425684564, -0.2633146112997371, -0.6719497453988335, -0.1124643802427953, -0.2633146112997371, 0.02107814859967509]], "inverted": true, "swapped": true, "error_lsq": 0.05186907328954604, "error_max": 0.4708878086889683, "target": "761.xyz", "model": "13.xyz", "model_rescale": 3.9028299243045295, "target_rescale": 4.184154129274993},
{"mapping": [6, 2, 7, 9, 10, 3, 0, 14, 5, 13, 11, 12, 1, 8, 15], "R": [[-0.6053617494473841, 0.49844152568269806, 0.6205587786673451], [0.1269936121303456, 0.8301414299705733, -0.542897622691884], [-0.7857542712477547, -0.24984245380142295, -0.5658347581179456]], "T": [0.038374921188077525, 0.018560158793423577, -0.02109120700205586], "aligned_model": [[-0.3277613834338112, 0.5150760066910347, -0.6500462485218494, -0.7301981714205658, -0.3366462194143385, 0.059515733273119605, 0.6716122000315753, -0.5888993705356863, 0.32815817793203006, 0.05131722013002984, -0.3884136076156375, 0.23149304991834108, -0.10576845885363784, 0.7870375963205555, -0.07176180516135902], [-0.13591149715594755, -0.3257373134690211, 0.5780502586924116, -0.03437483541794164, 0.5206843247643004, 0.33210870960878003, 0.4158022164351081, -0.1131344821925305, 0.20961667145026427, 0.02432608442854054, -0.5497759030542563, -0.4636905996418605, -0.5635313444090497, -0.08430169650589553, 0.039513991594019984], [-0.5563397251647161, -0.4642222206196743, -0.20459890996682717, -0.1067576775111812, 0.382124700544123, -0.5595425210352988, -0.3794565311730917, 0.5890187316655451, 0.35523964044129097, 0.7741764226641474, 0.18065705401388688, 0.44192054587814994, -0.2712729881781453, 0.13837915747199747, -0.04114527170336639]], "inverted": true, "swapped": false, "error_lsq": 0.04026034028485755, "error_max": 0.2658253943573374, "target": "761.xyz", "model": "14.xyz", "model_rescale": 3.942246331269136, "target_rescale": 4.184154129274993},
{"mapping": [0, 7, 1, 12, 3, 2, 9, 13, 10, 4, 13, 11, 8, 6, 14], "R": [[-0.44710461743211494, -0.8939854979989577, 0.02978909932236845], [-0.5788851693962931, 0.314582361267022, 0.7522831239850392], [-0.6819013284368254, 0.319104790542575, -0.6581661727321393]], "T": [0.014963039818815124, 0.06868207640111562, 0.042682570461165595], "aligned_model": [[-0.1921727760843599, 0.4787405232436702, -0.6311912654937764, -0.7944215702679944, -0.44242853792989817, 0.09128895744950524, 0.7352705436611764, -0.47337866756299646, 0.5162471943204513, -0.04741064199881604, -0.47337866756299646, 0.2223128564477267, 0.03004082760054316, 0.4644768294712078, -0.03928088595364218], [-0.09495487659949292, -0.14956686366554786, 0.4523727417224964, -0.03893318385190042, 0.5699913854905876, 0.34857721648207435, 0.3571044164339084, -0.3600872787517803, 0.25939018044072243, 0.1739967493847892, -0.3600872787517803, -0.48370504810613196, -0.6387196389878249, -0.25551517756839365, 0.06978124145519587], [-0.6436374600282994, -0.6416107541861856, -0.2604799649086538, 0.0799889623806107, 0.2793888266637122, -0.6633492868203453, -0.17210094801908565, 0.5311588374573248, 0.5131558763376627, 0.6159907950606908, 0.5311588374573248, 0.4500958040203139, -0.2706804772457787, -0.03230331333968642, -0.03859532750276519]], "inverted": true, "swapped": false, "error_lsq": 0.047501881912781714, "error_max": 0.3189572386992194, "target": "761.xyz", "model": "15.xyz", "model_rescale": 4.355366556412066, "target_rescale": 4.184154129274993},
{"mapping": [1, 6, 13, 3, 12, 0, 9, 2, 8, 5, 4, 14], "R": [[-0.5687477013863758, -0.7846975251089351, -0.2465275770692327], [0.77666396947869, -0.4136834937309324, -0.4750358360462652], [0.2707750555005362, -0.46164462642002246, 0.8447278308521624]], "T": [-0.07579701596060451, 0.020151610649194292, -0.14843772068905398], "aligned_model": [[-0.20699826586875833, 0.4618467421993083, 0.19733192779416125, -0.4847693104942585, -0.5703982460661441, -0.5162249020148633, 0.031269059529059465, -0.1999053755532364, 0.5585880781803346, 0.14198484071153442, 0.25928307938046513, -0.07419907316582214], [-0.7003792225559821, -0.3488281297558989, -0.5659658072252788, 0.5252367549037321, -0.3222336191033835, -0.060192396274586335, 0.3187503441991521, 0.5906579504919427, 0.01979624918517758, -0.15606803188454027, 0.6811328391112629, 0.03086949664938299], [0.1646983819706263, -0.014883889096605984, -0.5113198673325952, -0.032377971183850246, -0.27198358201207384, 0.4834389355251237, -0.7548672017269054, 0.5722309892490429, -0.5389013791508874, 0.48866936115496756, -0.03923636984792239, -0.0962089463394992]], "inverted": true, "swapped": true, "error_lsq": 0.043019832411685645, "error_max": 0.25971373922584984, "target": "761.xyz", "model": "16.xyz", "model_rescale": 3.795458400668931, "target_rescale": 4.184154129274993},
{"mapping": [3, 7, 10, 2, 12, 9, 4, 0, 5, 8, 11, 1, 14], "R": [[0.19974833894653626, 0.9414820627030164, 0.2714997729217715], [-0.5897569153720107, 0.3367924948543291, -0.7340010873157394], [-0.7824879435869863, -0.01350337062627488, 0.6225192985946209]], "T": [-0.10707713277516213, 0.13021731631637606, 0.09546785937583989], "aligned_model": [[0.06784725682418417, -0.08531947018078136, 0.3101263758393731, -0.3092180530911029, 0.4906905237599149, -0.22229678981776907, -0.671774604052244, 0.23146596675329462, -0.33959582023449275, -0.6311111286586077, 0.20018596480532086, 0.22796863026067077, -0.12033705130353832], [-0.2070318558301138, 0.2616235579455078, 0.22764988674837972, -0.7169199606595964, 0.20621979148506542, 0.6500825347775503, -0.051816660298011324, -0.5517628157158629, -0.3668800140831662, 0.6553924953659609, 0.7946269944302502, -0.016512983817397242, 0.07911029512191922], [-0.4444429294659492, -0.7519161389384295, -0.3612260481405226, -0.22350116811263532, 0.21386994885689647, -0.3344689370670028, -0.3617850104782, 0.2368597269148075, 0.5235064526567781, 0.1624443104466673, 0.03685073258960107, 0.8030321490768468, 0.10305194249743839]], "inverted": true, "swapped": true, "error_lsq": 0.0470358675546429, "error_max": 0.24100865424357815, "target": "761.xyz", "model": "17.xyz", "model_rescale": 3.7474275329858107, "target_rescale": 4.184154129274993},
{"mapping": [0, 3, 2, 10, 1, 13, 5, 4, 12, 6, 11, 7, 8, 14], "R": [[-0.22449441107502, 0.6196821718117571, -0.7520613441300812], [-0.3887504450183379, 0.6507374308018719, 0.6522376006114825], [0.8935744797688241, 0.43878787824191723, 0.09481480376941284]], "T": [0.002674410939989977, -0.038548540124099924, 0.0633744944189128], "aligned_model": [[0.5410963857218439, 0.08293697122418084, 0.7308898919019026, -0.3612623334717438, 0.23457394573611107, -0.34948137721432426, 0.6531788830976252, 0.21650592934141422, -0.22946936316453365, 0.19984969831211452, -0.711103092129964, -0.37691990283618204, -0.27098275323500975, 0.05503476459944209], [-0.39947000095964635, 0.20538026775810123, 0.3034519639205041, -0.012339229403042891, -0.7778890910755192, -0.3791768169745857, -0.18828416228632414, 0.6787814685892244, -0.5449592852491625, -0.14089564801054796, -0.19609150157585414, 0.54432673919988, 0.303548723948323, -0.035975186370116416], [-0.36034412342970806, -0.5448161534866225, -0.39812483031085555, -0.44553052289015777, 0.2478489475171558, 0.619948997683607, 0.2603793380261051, 0.03485204648720053, -0.19504188971930714, 0.6908220707213069, 0.13400515679045072, -0.4385868611868073, 0.6658590676149723, 0.053523474844314974]], "inverted": false, "swapped": true, "error_lsq": 0.039969895779884856, "error_max": 0.2881460657918532, "target": "761.xyz", "model": "18.xyz", "model_rescale": 3.922800546911778, "target_rescale": 4.184154129274993},
{"mapping": [9, 10, 7, 3, 12, 11, 4, 5, 8, 5, 0, 1, 2, 6, 14], "R": [[0.020673048429031837, -0.9951627144783818, -0.09604059964759754], [-0.08474804079436699, -0.09745966353522928, 0.9916246182730221], [-0.996187931391546, -0.012360651100128323, -0.08635287866778782]], "T": [0.03352957808822853, 0.05428897704990114, 0.03825829044839464], "aligned_model": [[-0.30575863073361287, 0.4364051475155334, -0.5240900991172377, -0.5982310210063639, -0.5052163432882585, 0.10567458315872966, 0.6279802399143849, -0.24961625211326793, 0.3729794191479274, -0.24961625211326793, -0.5177899164988465, 0.28212063927111053, -0.08651806529212139, 0.6936923378731709, -0.0373010673780794], [-0.21507336852533598, -0.19952862030154184, 0.44762292546370075, -0.04224364404749674, 0.5303215688313175, 0.4031604125113198, 0.3287652765881954, -0.016267553804048082, 0.2953502567692165, -0.016267553804048082, -0.495872742980254, -0.5683845492494484, -0.5482250745783632, -0.14113824678380033, 0.0874254990375087], [-0.6509953813268502, -0.6127935892790751, -0.3771447905189204, 0.011626691157078515, 0.35725648531567095, -0.5784486355150418, -0.27021911672816756, 0.7435128083205429, 0.48664865480321673, 0.7435128083205429, 0.3412624692621391, 0.3520467349165552, -0.3301088412247555, 0.08022378449877712, -0.018199674674873142]], "inverted": false, "swapped": false, "error_lsq": 0.04260505775985601, "error_max": 0.3676041526431186, "target": "761.xyz", "model": "19.xyz", "model_rescale": 3.9282355846067225, "target_rescale": 4.184154129274993},
{"mapping": [6, 5, 2, 1, 13, 0, 12, 3, 11, 9, 4, 8, 7, 14], "R": [[-0.9971647970072715, -0.057693603263051174, 0.04830958240321098], [0.07298512281536379, -0.897814987046996, 0.43428265091001367], [0.018317736133956174, 0.43657725224332083, 0.8994802740286185]], "T": [-0.044609186782468356, -0.08766977676631557, 0.01860160120611114], "aligned_model": [[-0.6258316429811884, -0.18264471289095827, 0.6172114886070179, -0.45975495483405787, -0.7355171925523356, 0.2857131462722754, -0.03747840552139968, 0.6151928335379703, -0.2774623395806401, -0.000764252799957732, 0.2875943693844317, -0.5049250380449349, 0.5778877933960745, -0.02669827290762107], [-0.41171724941643595, -0.6800353526193279, -0.7225257827765487, -0.10576712798980945, 0.1811848155920103, -0.33118479739834683, 0.36220952523478867, -0.06530526211897102, 0.5858453245240781, 0.2723811117001058, -0.5080370880232837, -0.12747683375783428, 0.20608579982765177, -0.13277499535324105], [0.033338538816929955, -0.3196837093268287, -0.11994443253402763, -0.6609270188778782, 0.03201187845909104, -0.6381232894011004, -0.39934500760210867, 0.01802839651688522, 0.19592508139007087, 0.5989653174641528, 0.5420821744800256, 0.6029227096897617, 0.5304666300059724, -0.0035341118372634907]], "inverted": false, "swapped": true, "error_lsq": 0.03544170644300653, "error_max": 0.18193134990325222, "target": "761.xyz", "model": "20.xyz", "model_rescale": 4.067790424073018, "target_rescale": 4.184154129274993},
{"mapping": [6, 4, 3, 11, 12, 2, 0, 10, 7, 9, 13, 1, 5, 8, 14], "R": [[0.19426979636292152, -0.5358653765111837, 0.8216492831358383], [-0.6650663243836208, 0.5437556869466614, 0.511875509361432], [-0.7210728329315771, -0.6458932196344007, -0.25075070974642943]], "T": [-0.035408837011161126, -0.023496761781467795, -0.03964058396626366], "aligned_model": [[-0.37634983984605075, 0.36881247980985754, -0.4606111607259086, -0.6761639286388075, -0.4011507891342416, 0.13970495529898966, 0.38115606959882486, -0.45968016088454744, 0.5316416381148147, -0.03019918901217193, -0.4246660487246443, 0.2667527903479999, 0.15096828803498244, 0.5115175962513967, -0.07701798115069317], [-0.16435356014781496, -0.30161530518729457, 0.6319235064288268, 0.05198007069579842, 0.5150771374117066, 0.34484823783396407, 0.5484362941925548, -0.2430885485937325, 0.14029546766299048, 0.1236314746902384, -0.564130306441372, -0.4441079197766511, -0.576768934340437, -0.1846843901834458, -0.02779863911840937], [-0.6811041430522758, -0.6734605091639352, -0.3763485770070364, 0.0024119342888107437, 0.3643208578357312, -0.6620384089463941, -0.10148140855802024, 0.6259870239775398, 0.4167472132433083, 0.7234950796410289, 0.17557488619029796, 0.5968259948895578, -0.12693085369490142, -0.03202994838858095, 0.026211266071708733]], "inverted": true, "swapped": false, "error_lsq": 0.04635770063540572, "error_max": 0.2957455505192519, "target": "761.xyz", "model": "21.xyz", "model_rescale": 4.186013935880536, "target_rescale": 4.184154129274993},
{"mapping": [6, 8, 13, 0, 3, 1, 14, 4, 11, 9, 7, 12, 14], "R": [[0.37796348611450864, -0.6581848683349764, -0.6511038951342848], [0.2822676655814661, -0.5878662829542934, 0.7581148978437848], [-0.8817417808697495, -0.4703253261949357, -0.036407683368624544]], "T": [0.010890264218788824, -0.12568769698005886, 0.01951127104612484], "aligned_model": [[0.10459701554080389, -0.33805520047281745, 0.3454379753562909, 0.3755637300639594, -0.22547749701516465, 0.7470993003717571, 0.00828372722905548, -0.7066639303263408, 0.1696897671197474, -0.38710288219788197, -0.5643535460510155, 0.5212718485757761, 0.00828372722905548], [-0.2811435725291419, 0.18797922459614905, 0.2617712490720776, -0.6917529971017828, -0.24547668171424653, -0.3464951390866713, -0.17857929930361882, -0.33936429595138773, 0.5908516677500395, 0.43086308523846606, 0.22114284264320508, 0.08773987523662377, -0.17857929930361882], [-0.6208761124684872, -0.559070242233933, -0.516930612014738, 0.4019813093991645, 0.6241765393421971, -0.18946958205471243, 0.025910938233775015, 0.043134959184725666, -0.005803857422928403, 0.03480002140517599, 0.5529939533804771, 0.2861213083508545, 0.025910938233775015]], "inverted": false, "swapped": true, "error_lsq": 0.05220998501358108, "error_max": 0.38086207212936724, "target": "761.xyz", "model": "22.xyz", "model_rescale": 4.166573947596378, "target_rescale": 4.184154129274993},
{"mapping": [8, 7, 4, 3, 2, 0, 5, 11, 6, 12, 9, 14, 10, 13, 15], "R": [[0.352771414063041, -0.9161671827941871, -0.19023675404854185], [0.15393660388382058, -0.1437139067435778, 0.977573442250358], [-0.9229603736914593, -0.37414436542524754, 0.09033350660668862]], "T": [-0.09836257711714433, -0.004467330779086889, 0.06002336599021836], "aligned_model": [[-0.5168162794921455, 0.3186311206805881, -0.5078563181330458, -0.6854850800856093, -0.3209875512253315, 0.049901177031480254, 0.661598079437713, -0.5866741244937848, 0.2631768222366322, 0.027399626260402904, -0.44986042648206637, 0.2467429652211933, 0.3164874137081214, 0.6872816162760831, -0.05882432160043046], [-0.20781026610893924, -0.11055216415154864, 0.42178702702121573, 0.11762301119007522, 0.5960860366693082, 0.4077619807354861, 0.2397081824620833, -0.09671100984809075, 0.5187131080290306, -0.09191942474048949, -0.4891622022787337, -0.6275206723054734, -0.5606222381663224, -0.3175766297116732, 0.0498398463309933], [-0.6015106768535944, -0.511161290469955, -0.37641175162710544, 0.10254120838564539, 0.26637988500237264, -0.6290634331664566, -0.17214058561180573, 0.6725070505050382, 0.4779696820767704, 0.6971398033018039, 0.10440027119855355, 0.4045294783894205, -0.22199159319714656, 0.020794458215543828, 0.04419790117775523]], "inverted": true, "swapped": false, "error_lsq": 0.044568016367291484, "error_max": 0.3024629952324444, "target": "761.xyz", "model": "23.xyz", "model_rescale": 4.274766983524099, "target_rescale": 4.184154129274993},
{"mapping": [4, 6, 8, 9, 13, 11, 10, 12, 0, 1, 14], "R": [[-0.5123248991403757, 0.3572197468697561, -0.7809719906418613], [0.8517094006465644, 0.3278963639683331, -0.408748175955094], [0.11006495614442421, -0.8745730540913401, -0.47223688810412956]], "T": [0.0727103458654128, 0.02853845636790249, -0.02466686266967333], "aligned_model": [[0.22515168519584686, 0.027444005682115732, -0.4326659957950507, -0.48112558862663657, -0.4348689778380427, -0.6008609770547486, -0.07460911269195411, -0.00541461743047425, 0.7570618768139823, 0.27521091631706973, 0.12457148938596696], [-0.2035620686510683, 0.6743366233800652, 0.3315214114945912, -0.27916372181904725, 0.5290740736297138, -0.0777081207271426, -0.538579836403039, -0.0748149496176894, -0.02780144626195545, 0.5465445147431824, 0.03574005147587285], [-0.720361317188031, -0.17938974843932787, -0.4804107871732952, -0.28344512851624704, 0.1794013264391113, 0.24791365177326985, 0.19622908043197507, 0.5756132101345793, 0.3333677563145933, 0.5455049630275992, -0.03485657278264964]], "inverted": false, "swapped": true, "error_lsq": 0.04950513598266421, "error_max": 0.2635065845724916, "target": "761.xyz", "model": "24.xyz", "model_rescale": 3.7841303162186577, "target_rescale": 4.184154129274993},
{"mapping": [10, 14, 7, 0, 6, 11, 13, 1, 5, 4, 8, 2, 9, 12, 15], "R": [[0.3671301611494622, -0.024523205836543605, -0.9298462545764586], [-0.9194656538609758, 0.14164956719418306, -0.36676738061570946], [0.14070663148685647, 0.9896130620041346, 0.02945558294148709]], "T": [-0.09160994796250638, -0.0071080253163453965, -0.009686212309402718], "aligned_model": [[-0.3111909564145342, 0.4008959676030972, -0.5829129403850428, -0.8218313183273014, -0.2300168497254313, -0.02962621194187906, 0.5253048907732174, -0.6084644551186822, 0.578316824282415, -0.032166201346887524, -0.36780093284193177, 0.2010873969109156, 0.1667463767732122, 0.6474775710140832, -0.09110444191544999], [-0.18132198759708631, -0.28182232007583946, 0.29852238088214006, -0.09712316408604053, 0.6438183867730987, 0.6343466031547456, 0.3439096171276286, -0.11965320825455064, -0.005401711308112301, 0.1792679835157085, -0.44391590776821094, -0.4950478549992319, -0.5063653276008204, -0.17678101721457462, 0.057212112578067784], [-0.7354194838016457, -0.5676010281175525, -0.3063627778548953, -0.0076926209704862025, 0.2716761658291467, -0.4269649503786046, -0.3386279909143572, 0.5130291921249379, 0.5564709688388094, 0.7103379311597503, 0.2773245842438161, 0.48532491366687924, -0.1713490222280843, 0.0018299303376931725, 0.01620459539143272]], "inverted": true, "swapped": false, "error_lsq": 0.0475156018304069, "error_max": 0.3486994888215426, "target": "761.xyz", "model": "25.xyz", "model_rescale": 4.19342608120988, "target_rescale": 4.184154129274993},
{"mapping": [1, 6, 13, 3, 12, 0, 9, 2, 8, 5, 4, 14], "R": [[-0.5687477013863758, -0.7846975251089351, -0.2465275770692327], [0.77666396947869, -0.4136834937309324, -0.4750358360462652], [0.2707750555005362, -0.46164462642002246, 0.8447278308521624]], "T": [-0.07579701596060451, 0.020151610649194292, -0.14843772068905398], "aligned_model": [[-0.20699826586875833, 0.4618467421993083, 0.19733192779416125, -0.4847693104942585, -0.5703982460661441, -0.5162249020148633, 0.031269059529059465, -0.1999053755532364, 0.5585880781803346, 0.14198484071153442, 0.25928307938046513, -0.07419907316582214], [-0.7003792225559821, -0.3488281297558989, -0.5659658072252788, 0.5252367549037321, -0.3222336191033835, -0.060192396274586335, 0.3187503441991521, 0.5906579504919427, 0.01979624918517758, -0.15606803188454027, 0.6811328391112629, 0.03086949664938299], [0.1646983819706263, -0.014883889096605984, -0.5113198673325952, -0.032377971183850246, -0.27198358201207384, 0.4834389355251237, -0.7548672017269054, 0.5722309892490429, -0.5389013791508874, 0.48866936115496756, -0.03923636984792239, -0.0962089463394992]], "inverted": true, "swapped": true, "error_lsq": 0.043019832411685645, "error_max": 0.25971373922584984, "target": "761.xyz", "model": "26.xyz", "model_rescale": 3.795458400668931, "target_rescale": 4.184154129274993},
