[{"mapping": [13, 13, 11, 4, 1, 3, 2, 6, 0, 7, 10, 8, 5, 14], "R": [[0.6083450544470277, 0.7779169190331524, -0.15735806878521214], [-0.3598938482618975, 0.09366991636772327, -0.9282792493376694], [-0.7073844165042695, 0.6213462914105404, 0.33695114399165116]], "T": [-0.16365218198648254, 0.21886381782775477, 0.16367644232585682], "aligned_model": [[0.259933716098279, 0.259933716098279, -0.6497834438211071, -0.22897533986935664, -0.7107515299507231, -0.1587553654292439, -0.7700538683102891, 0.029664722014514172, -0.2885695106700604, 0.3676980771913435, 0.6278611933134787, 0.1684786492108292, 0.5113746643837084, -0.046563579131348135], [-0.5934911249796476, -0.5934911249796476, -0.3845854781605027, -0.2746179302942804, 0.3913109063585156, 0.28411546512618135, 0.13088064820019252, 0.36462105092630265, 0.6648885856851514, -0.13799922948671828, 0.37529737722029466, 0.8635815220007845, -0.011635071375124512, 0.15639773556853265], [0.12200340041751848, 0.12200340041751848, 0.25791835316880185, -0.15111074948758435, 0.5321035569268271, -0.6753383734332994, -0.20771885183647976, 0.6895650865496152, 0.01995397956532663, 0.6113551320498454, 0.292995362766676, 0.2358624890466296, -0.06519918566858679, 0.11319448669702545]], "inverted": false, "swapped": true, "error_lsq": 0.06088146427860155, "error_max": 0.5029083321988027, "target": "762.xyz", "model": "0.xyz", "model_rescale": 3.8414455957264533, "target_rescale": 3.999724391074551},
{"mapping": [9, 13, 8, 6, 10, 4, 0, 1, 7, 2, 4, 12, 11, 3, 14], "R": [[0.2649656444178591, -0.8111512075651302, -0.521370238644152], [-0.9534862602200678, -0.30099659099518644, -0.01627893672282381], [-0.1437259852976416, 0.5014327179940573, -0.8531752870748862]], "T": [0.14421110269970647, 0.03423083980296495, -0.005845759700812275], "aligned_model": [[-0.17849563488753203, -0.604498762307302, -0.17479317425207255, 0.6051283963698139, 0.49104403895355986, 0.3745971428341931, -0.24424810573783987, 0.23777852770954702, -0.07181344403944298, 0.6439753999687278, 0.3745971428341931, -0.10861743031871843, -0.34464178040033755, 0.6935669537435353, 0.1703579214613165], [-0.22562018261084274, -0.08414914371156906, -0.6834744244692714, -0.5058760482339607, -0.3888727306434338, 0.5081292515355617, 0.6460584190800611, 0.5647955231916111, 0.3323522655566778, 0.12101613530620778, 0.5081292515355617, -0.35270670929746845, 0.16682664503060404, 0.4538829303535963, 0.056977338451229646], [-0.5479227723657485, 0.010485749219543677, 0.08039705114718337, -0.33121781085845925, 0.40533739099414245, -0.14060407193669522, -0.022692899611502726, 0.6710915674473332, -0.5325449270134636, -0.5418575947175838, -0.14060407193669522, 0.6013169943075128, 0.6795056926583277, 0.362226453133098, 0.07699710200302115]], "inverted": false, "swapped": false, "error_lsq": 0.05466106769387697, "error_max": 0.40133285672288144, "target": "762.xyz", "model": "1.xyz", "model_rescale": 4.316132596720782, "target_rescale": 3.999724391074551},
{"mapping": [8, 0, 9, 7, 10, 6, 5, 12, 3, 1, 4, 14], "R": [[0.04809876129283369, -0.986957872609629, -0.1536250853733555], [0.2739019048631489, -0.1348747222932036, 0.9522534094444975], [-0.9605541398976082, -0.08788041294968385, 0.26384233425544035]], "T": [0.11326220217762975, 0.049566124865167004, 0.10577816298739548], "aligned_model": [[-0.15327338165781348, 0.31761281119798734, 0.08025652990539307, -0.5909642986628088, -0.5374040147781601, -0.387655738460266, -0.21651438323024277, -0.2914708400017417, 0.6984050611214913, 0.2521977870870323, 0.3637609222375576, 0.06285809987335193], [-0.6181830008860661, -0.38951652506102136, -0.49531207014881506, 0.3772581796123819, -0.17027450586799767, -0.08975175330557753, 0.2095430704270639, 0.667007793105178, -0.05213528341048943, -0.05787176798404387, 0.5327882407693199, 0.09922405049104788], [-0.01360575575837164, 0.13119142677705276, -0.6712309843749253, 0.023416190758204974, -0.3369314892207086, 0.36042931273086076, -0.547543974200307, 0.36601481231887645, -0.4904535667391233, 0.7645256381892616, -0.11923095852685342, -0.01732219074454537]], "inverted": false, "swapped": true, "error_lsq": 0.04540332538316613, "error_max": 0.2458480014912107, "target": "762.xyz", "model": "2.xyz", "model_rescale": 3.795458400668931, "target_rescale": 3.999724391074551},
{"mapping": [2, 4, 11, 7, 0, 6, 12, 3, 13, 10, 1, 14], "R": [[0.6621763400095688, 0.3724769822928744, -0.6502179576061595], [-0.7492337798465032, 0.34424927874306666, -0.5658101954028397], [0.013085788797519038, 0.8618313824332878, 0.5070260647981271]], "T": [0.10973923602176222, 0.13590030410894852, -0.04118913335259409], "aligned_model": [[-0.23811841810611417, 0.003905894365476975, -0.5611461670152988, 0.18513784985733028, 0.25447052539594606, 0.08189324726508779, -0.31481643405721405, 0.5223904450185437, 0.14038307908383119, 0.7425374405757805, -0.42417390506649283, 0.2008402684266884], [-0.08233471917968074, -0.43995814985951565, -0.26297828443318005, 0.03582444771758378, 0.43766474664363786, 0.5282730219423709, -0.09466969910220427, -0.2747931716107429, -0.6009885947384592, 0.25850600160627135, 0.5365060912839117, 0.04471735501971623], [-0.6283577930363845, -0.10497527292912609, -0.028350055682600163, 0.7297845456398286, -0.3921729705124436, 0.3835975351137717, 0.5747297893872848, -0.6488711769129561, 0.5039144478314111, 0.46102848901976, -0.17991906780810485, 0.018362960528659482]], "inverted": false, "swapped": true, "error_lsq": 0.05556242682297649, "error_max": 0.35521879744876134, "target": "762.xyz", "model": "3.xyz", "model_rescale": 3.7530521520055578, "target_rescale": 3.999724391074551},
{"mapping": [12, 5, 10, 9, 6, 3, 1, 4, 2, 0, 14], "R": [[-0.22238726797862207, 0.45989924510049834, -0.859672372126147], [0.5767034641719362, -0.6488998141135489, -0.49632866696926775], [-0.7861024217321131, -0.6061532113248216, -0.12091843096696786]], "T": [-0.08039345488999305, -0.12798118622861732, 0.1148969811208739], "aligned_model": [[-0.5411237456203146, -0.0863311634684535, 0.3667052794933522, 0.485283802897282, 0.20369999130619448, -0.14724320176607925, -0.06075523602360915, -0.6066131438357055, -0.43535153590393305, 0.2637168457964049, -0.10378829042993384], [-0.7329241184934057, 0.0003954842904862199, -0.2844465443968219, 0.45908777228643116, -0.6291212727906444, 0.7050777983647806, -0.4137652176547916, 0.0900111697329933, 0.2644552855252157, 0.10792355051569108, -0.09949054906558763], [-0.07094653012578178, -0.6231133226129993, -0.5509179919557621, -0.37201586001076337, 0.05723425515725437, 0.016046301397644527, 0.733553639858488, -0.03495127053174568, 0.5980086495789035, 0.36215319437496535, -0.022220287884887335]], "inverted": false, "swapped": true, "error_lsq": 0.043823653001355, "error_max": 0.22531966710811474, "target": "762.xyz", "model": "4.xyz", "model_rescale": 3.7855080009869324, "target_rescale": 3.999724391074551},
{"mapping": [6, 4, 7, 8, 10, 14, 1, 2, 11, 13, 12, 5, 3, 9, 16], "R": [[0.9440482800541289, 0.22474985848001033, 0.24137180042427533], [0.2027291404712694, -0.9727141507844251, 0.11281877710520855], [0.2601417700612902, -0.057573274849966154, -0.9638524666630413]], "T": [0.1595990909898661, 0.06887970187848899, 0.03632025152131335], "aligned_model": [[-0.10854053585497339, -0.550115566673796, -0.1498364484308302, 0.5683312619471831, 0.4446204733388318, 0.6294491766883349, -0.41768317089505835, 0.15989294884595273, -0.08185633103446699, 0.49599650097682346, 0.20962830964710694, -0.2634991901860343, 0.1328318805144334, 0.6004182984679669, 0.1942995845801673], [-0.23306881589642905, -0.1181305520696192, -0.6133776206822469, -0.4297648698061972, -0.4754803356450077, 0.5507799602402763, 0.5507300047828749, 0.6472411723194985, 0.33803772377135854, 0.11299847381539088, 0.644092950760816, -0.3051992795555649, 0.1606722174439545, 0.18358661070770366, 0.104350880887757], [-0.47652017316847506, -0.05496530856878369, 0.04832294420199773, -0.2458170865208792, 0.4279823957548176, 0.10495287126479391, -0.051254942988014654, 0.49597622149838777, -0.6719801555985108, -0.6038031392341291, -0.3238075849492057, 0.6161098726206934, 0.7242695635558323, 0.5835265843010681, 0.05692179030042126]], "inverted": false, "swapped": false, "error_lsq": 0.03973669304939054, "error_max": 0.2682943929593274, "target": "762.xyz", "model": "5.xyz", "model_rescale": 4.2253639853439635, "target_rescale": 3.999724391074551},
{"mapping": [1, 8, 3, 2, 0, 5, 4, 11, 10, 6, 9, 13, 12, 14], "R": [[0.7389792339358996, 0.05487427482189886, -0.6714897659490292], [-0.028958032923323558, -0.9931694386064434, -0.11303052042423894], [-0.6731055817185913, 0.10297223014450696, -0.7323425398530007]], "T": [0.10868082425653619, -0.07766945046917553, -0.05816930412064944], "aligned_model": [[0.6366708022485672, -0.27201656832280674, -0.5177182639015616, 0.23763491605555498, -0.08106944143276554, -0.374986952077728, 0.10158982340403194, 0.6854758869240878, -0.32882886070974054, 0.31621689104499373, -0.823636300480606, 0.12011551019438849, 0.6493867853019297, 0.025227924509438157], [-0.2702736272699835, 0.21030900344510564, -0.6078687129108818, -0.7798369169656486, -0.27533423854303357, 0.30361948545940676, -0.31691141939458045, -0.37989153014210186, 0.6123102684484936, 0.4021856818857633, 0.03148808691887467, 0.24120066607115873, 0.29197579114359995, -0.01787339151118214], [-0.4440766088943311, -0.6089147424236486, 0.1282188441396371, 0.0029060513200822938, -0.45832183388423053, 0.36828029877330914, 0.4799713139586479, 0.3723251378428718, -0.07236536026095802, -0.30685242665046386, -0.2016762650730811, 0.8016407361305924, 0.3705096221272628, 0.03991344182575833]], "inverted": true, "swapped": true, "error_lsq": 0.039657972558413114, "error_max": 0.2518209802646616, "target": "762.xyz", "model": "6.xyz", "model_rescale": 3.89814844738969, "target_rescale": 3.999724391074551},
{"mapping": [12, 11, 1, 13, 6, 2, 4, 7, 5, 3, 0, 10, 14], "R": [[0.8277521714863177, -0.5541892652539421, 0.08775306762148961], [0.34688873319147384, 0.6283756062568483, 0.6962846431210105], [-0.4410153618463878, -0.545910574855108, 0.7123812847603911]], "T": [0.009062408374572381, 0.24394553897576596, 0.007525746548813637], "aligned_model": [[0.1915735846713411, -0.13783643358796538, 0.44721457768853073, -0.40364110994929114, 0.5340529220049418, -0.3276971024864084, -0.4833399449507935, 0.22705150028758941, -0.3359870896322878, -0.7184601749130526, 0.07935035679050308, 0.14654359129843403, -0.07019287631731885], [-0.406050889173007, 0.06526637789525588, 0.5498494752412719, -0.5689339914083501, 0.03399683425816763, 0.6802302705138978, 0.050498087107872014, -0.49387705211186506, -0.23180762795874557, 0.6060836898125815, 0.6899662116050795, -0.16093987443591531, 0.1494997541242422], [-0.3886566315129314, -0.7380281964671209, -0.4158413423487186, -0.09239864300343162, 0.13195228906326736, -0.45034669497979596, -0.25131847807407226, 0.14242986652879866, 0.4720414108822069, 0.2261452055773201, 0.18451089492124512, 0.7038410424566679, 0.07794430779286024]], "inverted": true, "swapped": true, "error_lsq": 0.046863107151699376, "error_max": 0.2826575504694611, "target": "762.xyz", "model": "7.xyz", "model_rescale": 3.7474275329858107, "target_rescale": 3.999724391074551},
{"mapping": [0, 1, 12, 10, 11, 5, 2, 8, 3, 6, 3, 13, 4, 9, 14], "R": [[-0.5741339367525631, -0.23203904554101257, 0.7851930361467937], [0.1805851873979219, -0.971271715168254, -0.15498466184295712], [0.7985982799640013, 0.052812277535950275, 0.5995428680086223]], "T": [0.1364757834345301, -0.028374275086822068, 0.06852169574091611], "aligned_model": [[-0.023038784556989905, -0.552533090288619, -0.028086646994462255, 0.4999313521123815, 0.5391826598947722, 0.6346221696363421, -0.5295698565882399, 0.16672773771087174, 0.11833070147371477, 0.5513215154076894, 0.11833070147371477, -0.25301425839031205, -0.21047628513345035, 0.7468291048056368, 0.0853801713685912], [-0.07158209053210132, -0.10456347661953923, -0.6038584523084115, -0.5628439958469696, -0.39472129476307016, 0.4681969087205844, 0.48330065015237217, 0.5842623263140007, 0.5465980915098287, 0.13735358904147577, 0.5465980915098287, -0.3597331006409762, 0.3200227099805126, 0.14971432145563413, -0.021275756898604427], [-0.5693665585089068, -0.22176057645361097, 0.21812044927265156, -0.3283479640667994, 0.36868329957430607, -0.06671402937664965, 0.12474866558608912, 0.36680265346875346, -0.3595110958013839, -0.6151268924334987, -0.3595110958013839, 0.8078529237701554, 0.677183875244388, 0.488156912281658, 0.09870328571424619]], "inverted": false, "swapped": false, "error_lsq": 0.055159198167327686, "error_max": 0.38009577084299745, "target": "762.xyz", "model": "8.xyz", "model_rescale": 4.019505241142653, "target_rescale": 3.999724391074551},
{"mapping": [13, 5, 4, 11, 12, 2, 3, 7, 6, 8, 9, 0, 14], "R": [[0.7240023807627071, 0.6861338126887645, -0.07099960376728892], [-0.3606598933773707, 0.4642719636510543, 0.8089350932408719], [0.5880008452025864, -0.5600642238643476, 0.5835949547316788]], "T": [0.172913321464154, -0.06156235409268265, 0.12333464738142765], "aligned_model": [[-0.35496929443902875, -0.5474101930965354, 0.138391291562249, 0.5835937781579192, 0.09533161148201008, 0.7182133158849648, 0.08451864343586829, -0.34806341287948134, 0.059142761654233086, -0.062374191180479155, -0.428912327841313, 0.3383860071796232, 0.04385278182114635], [-0.502918659646176, -0.01766945596132541, -0.08874722109520686, -0.48001746840717296, -0.8153803946908078, 0.19951053418977235, 0.6608372225658136, -0.6407662860741881, -0.4093800624343623, 0.24712495875806798, 0.6537375733380625, 0.3151841560907933, -0.058136668519211177], [-0.48298767940290743, -0.07761928315655371, -0.4639911048827394, -0.39202258223199726, -0.07289379783256932, -0.26122662332652813, -0.29922049681968793, 0.17996140033183627, 0.5719486952901586, 0.7402094821134153, 0.29029793239996704, 0.38000454471323214, 0.06424300684825286]], "inverted": true, "swapped": true, "error_lsq": 0.06103279767300965, "error_max": 0.29223181639217105, "target": "762.xyz", "model": "9.xyz", "model_rescale": 3.877068213659057, "target_rescale": 3.999724391074551},
{"mapping": [0, 8, 1, 5, 4, 6, 9, 14, 11, 12, 10, 7, 2, 13, 15], "R": [[0.7454816260258582, -0.49850222062509236, 0.4424394662433433], [0.10310406415010483, 0.7420563881874399, 0.6623608296887301], [-0.6585033767670244, -0.44816052122209926, 0.6045870078031473]], "T": [0.21259304693803266, 0.09217419118218448, 0.07914262695002335], "aligned_model": [[-0.043864839192432004, -0.5455020481970452, -0.03668977763278769, 0.48097966951725923, 0.3494535065610075, 0.7225610834602101, -0.2840782620343914, 0.1640234762126162, -0.1289762373098287, 0.5199535870329453, 0.16800165877729578, -0.2642605643220845, -0.04922191673656995, 0.62432004419982, 0.18723781159562686], [-0.25061609832489595, -0.01621071078342881, -0.7267489943504705, -0.5587342147095262, -0.3879177296230194, 0.3988746238252818, 0.4970660587881385, 0.8026268585806966, 0.32580406062976597, 0.04990667464322096, 0.745392301381663, -0.4372389896566824, 0.18414485156653757, 0.43544649366197774, 0.05567333544530656], [-0.5920430446006556, -0.015024647440497793, -0.06273584137578402, -0.26038986074821974, 0.5361673986138019, -0.08263506455007132, 0.2373370967959526, 0.3991731736552926, -0.5319242960821547, -0.6005177081819616, -0.19385643544616654, 0.47741249374773465, 0.6819275640329249, 0.6361735973993198, 0.0008494266504988079]], "inverted": false, "swapped": false, "error_lsq": 0.044592590810850846, "error_max": 0.23321133186927442, "target": "762.xyz", "model": "10.xyz", "model_rescale": 4.260839863003843, "target_rescale": 3.999724391074551},
{"mapping": [11, 2, 0, 1, 8, 6, 12, 4, 3, 9, 5, 14], "R": [[-0.5910742651927886, 0.4429828714939552, -0.6740900448677278], [-0.22470011030935247, -0.893046322104306, -0.38984372125627137], [-0.7746877264122429, -0.07895848364135813, 0.6273949987107704]], "T": [-0.04915824684577759, 0.04179848753922182, -0.10110785000649802], "aligned_model": [[0.4822027388463031, 0.2566614966637717, -0.3632557700199309, -0.32283492222169935, -0.6803976009451405, -0.4402138154348361, 0.24615053749423815, 0.5378001897936947, 0.2841481092298112, -0.25892598805626676, 0.19888489331886894, 0.018678780425315913], [-0.06616199468065137, -0.5894127517581924, -0.2903486412766043, -0.24715834038200818, 0.10410642584543409, 0.4156248291598523, 0.5614132027675055, 0.0027175921290202507, -0.42027500833770076, 0.0510964373014332, 0.5236998509619607, 0.12777690380288476], [-0.6626737245788139, -0.24754952339345832, 0.060816853497638906, -0.6546412840569739, 0.25783118535658606, -0.30727494505951924, -0.6066367140448481, -0.07221487357889303, 0.5182648768378609, 0.8249784741373297, 0.41601951426913575, -0.010741761990540402]], "inverted": true, "swapped": true, "error_lsq": 0.039523148474298296, "error_max": 0.2574585042701522, "target": "762.xyz", "model": "11.xyz", "model_rescale": 3.890672605050136, "target_rescale": 3.999724391074551},
{"mapping": [8, 6, 7, 9, 10, 2, 1, 3, 0, 11, 13, 12, 4, 14], "R": [[0.596482025376839, 0.6391684870196774, -0.4854614697412357], [0.11261115906347868, 0.5322134260390761, 0.8390873589788664], [0.7946873097368072, -0.5551689061400374, 0.24547823813639866]], "T": [0.021192094037907727, -0.07923005186181012, 0.047653477620865525], "aligned_model": [[0.5093635502548077, 0.1462869155435846, 0.3288830587180131, 0.8368023361805756, 0.7843467647553626, -0.5027579813884588, -0.5095390350785818, 0.20313070200516686, 0.06323726339726304, -0.6303390571957337, 0.18539044024802848, -0.20012361591298936, -0.1266777585813699, 0.12187225184802536], [-0.4204562126824569, 0.15705153116737933, 0.6205905002062486, -0.5225113923143717, 0.14682194549923128, -0.4222919541640029, -0.20704168589896288, -0.5755636505568448, -0.542978502106345, 0.26509421340162953, 0.6721625049858757, 0.6687105633092489, 0.1096291211074776, -0.017064462126341592], [-0.3723893403796403, -0.46586162600342, -0.11259010838895112, 0.24766953449410006, -0.13723488874692955, 0.39576747832968884, -0.3607371300702499, 0.7024656026523868, -0.08787569812728346, 0.3051494069943903, 0.5471835940278187, -0.018455186505108856, 0.5855652234369171, 0.12613357364314243]], "inverted": false, "swapped": true, "error_lsq": 0.050999760689874586, "error_max": 0.3279968617657126, "target": "762.xyz", "model": "12.xyz", "model_rescale": 4.124412569039231, "target_rescale": 3.999724391074551},
{"mapping": [5, 3, 2, 10, 4, 13, 8, 12, 0, 6, 11, 1, 14], "R": [[-0.23281506243365346, -0.7321688425344315, 0.6400983773810127], [-0.4374029606004332, -0.5090239451743886, -0.7413320937994505], [0.8686056624049778, -0.4525742030439784, -0.20174437780795285]], "T": [0.09474154179020913, 0.20713506413311505, -0.054776178451073076], "aligned_model": [[-0.30280858081313267, 0.1155419850691067, 0.6657246396846732, -0.6481207383056504, 0.4569668683766307, 0.22426960087877598, -0.5535861739502708, 0.3634493814464531, -0.051360421087966485, -0.18581755767716576, 0.8318033675328733, 0.4116306270553337, 0.03960530930009668], [-0.28620719428298597, 0.4718708711201221, 0.5629967534890521, -0.13294125159540088, -0.07019300723203065, -0.6613788022303031, 0.5218796625995807, -0.4311543184381332, 0.6680387338174296, 0.08302192354616726, -0.03340268825502579, 0.54856663795938, 0.10638805601062529], [0.3449016298058604, 0.7437912334868697, 0.19167720011691547, -0.04091987092581621, 0.31773460049017005, 0.20977694367187844, -0.16335630179806374, -0.4196719495558394, -0.017085296737933187, -0.5457527385191457, -0.1455376737556863, -0.5525713388264848, 0.0287116435151145]], "inverted": false, "swapped": true, "error_lsq": 0.051033582407537754, "error_max": 0.2997285755102774, "target": "762.xyz", "model": "13.xyz", "model_rescale": 3.9028299243045295, "target_rescale": 3.999724391074551},
{"mapping": [5, 8, 0, 4, 3, 9, 12, 11, 13, 10, 14, 2, 1, 6, 15], "R": [[-0.8152101755124003, -0.11393518663668556, 0.5678478167494397], [0.09493058666056653, 0.9409125250609384, 0.32507199802463754], [-0.5713322618733537, 0.31890812694177756, -0.7562255305880413]], "T": [0.13650424346054998, 0.022741728780148546, 0.06958286507613934], "aligned_model": [[-0.12626633614553898, -0.5617962637082871, -0.037408561715876365, 0.3746958767403339, 0.4658270846142101, 0.7459590274451426, -0.4210863415178753, 0.11532750908410021, -0.14731322443549746, 0.5464980555772673, 0.35264801395057677, -0.2599230247527379, 0.04247122065930131, 0.5333082189509402, 0.24099593718558224], [-0.08702510788199012, -0.29422742233209753, -0.7874480098497353, -0.4657445806852717, -0.4493617770114854, 0.484425689605937, 0.4302463303808943, 0.7345271421119534, 0.40380052739374817, 0.14211150019748686, 0.7897842316383765, -0.2760118399554168, 0.3466010874496208, 0.0783281726599995, 0.06746257735254556], [-0.35586360361036895, -0.02214563915537407, 0.0933174992472334, -0.3353975606027707, 0.3090702162074275, 0.19709068075097388, -0.015699185664454038, 0.2664832450329775, -0.5682989333093219, -0.5411613806984307, -0.3150966405779736, 0.6134040633945737, 0.624985117653372, 0.6023727059524937, 0.07685326784965649]], "inverted": false, "swapped": false, "error_lsq": 0.04115840382635715, "error_max": 0.22593926948036192, "target": "762.xyz", "model": "14.xyz", "model_rescale": 3.942246331269136, "target_rescale": 3.999724391074551},
{"mapping": [6, 8, 11, 10, 4, 5, 0, 1, 7, 9, 2, 13, 12, 3, 14], "R": [[-0.8735140191910366, 0.19953310977298938, 0.4440267969177557], [0.4782880042248424, 0.18196538622903768, 0.8591444484073296], [0.09063025593773225, 0.9628474107140952, -0.2543836087286754]], "T": [0.1678153306522286, 0.009153443551156201, 0.0521133815138934], "aligned_model": [[-0.050967751075653794, -0.5822223634746195, -0.13440687012529168, 0.6256133330454117, 0.4592487920644459, 0.5709056244024566, -0.2784836948949691, 0.257156289929447, -0.17580170081786234, 0.5116217205034765, 0.1784460918197308, -0.14989787942794452, -0.09804455345538493, 0.6040248244045172, 0.1267453290338811], [-0.2244204434426162, -0.036778047921934856, -0.6389034194569908, -0.477545004063445, -0.40189615082627306, 0.4989028779627713, 0.5840952076940685, 0.6523202627036402, 0.32366257206546867, 0.05847589637077098, 0.6903020037401071, -0.4095899807097292, 0.21617299381428878, 0.1862634022713937, 0.096406350873045], [-0.4065439980219559, -0.1327505732412983, -0.0007550241910467687, -0.19797885374644092, 0.3517277093656322, 0.031059527544315027, -0.052656034386527314, 0.5368773153180918, -0.6648181716304004, -0.674196998473664, -0.2922288094952901, 0.6723085985900461, 0.7967862533132395, 0.5951615106729344, 0.06792140085237905]], "inverted": true, "swapped": false, "error_lsq": 0.03623810824587537, "error_max": 0.2439004530041128, "target": "762.xyz", "model": "15.xyz", "model_rescale": 4.355366556412066, "target_rescale": 3.999724391074551},
{"mapping": [8, 0, 9, 7, 10, 6, 5, 12, 3, 1, 4, 14], "R": [[0.04809876129283369, -0.986957872609629, -0.1536250853733555], [0.2739019048631489, -0.1348747222932036, 0.9522534094444975], [-0.9605541398976082, -0.08788041294968385, 0.26384233425544035]], "T": [0.11326220217762975, 0.049566124865167004, 0.10577816298739548], "aligned_model": [[-0.15327338165781348, 0.31761281119798734, 0.08025652990539307, -0.5909642986628088, -0.5374040147781601, -0.387655738460266, -0.21651438323024277, -0.2914708400017417, 0.6984050611214913, 0.2521977870870323, 0.3637609222375576, 0.06285809987335193], [-0.6181830008860661, -0.38951652506102136, -0.49531207014881506, 0.3772581796123819, -0.17027450586799767, -0.08975175330557753, 0.2095430704270639, 0.667007793105178, -0.05213528341048943, -0.05787176798404387, 0.5327882407693199, 0.09922405049104788], [-0.01360575575837164, 0.13119142677705276, -0.6712309843749253, 0.023416190758204974, -0.3369314892207086, 0.36042931273086076, -0.547543974200307, 0.36601481231887645, -0.4904535667391233, 0.7645256381892616, -0.11923095852685342, -0.01732219074454537]], "inverted": false, "swapped": true, "error_lsq": 0.04540332538316613, "error_max": 0.2458480014912107, "target": "762.xyz", "model": "16.xyz", "model_rescale": 3.795458400668931, "target_rescale": 3.999724391074551},
{"mapping": [12, 11, 1, 13, 6, 2, 4, 7, 5, 3, 0, 10, 14], "R": [[0.8277521714863177, -0.5541892652539421, 0.08775306762148961], [0.34688873319147384, 0.6283756062568483, 0.6962846431210105], [-0.4410153618463878, -0.545910574855108, 0.7123812847603911]], "T": [0.009062408374572381, 0.24394553897576596, 0.007525746548813637], "aligned_model": [[0.1915735846713411, -0.13783643358796538, 0.44721457768853073, -0.40364110994929114, 0.5340529220049418, -0.3276971024864084, -0.4833399449507935, 0.22705150028758941, -0.3359870896322878, -0.7184601749130526, 0.07935035679050308, 0.14654359129843403, -0.07019287631731885], [-0.406050889173007, 0.06526637789525588, 0.5498494752412719, -0.5689339914083501, 0.03399683425816763, 0.6802302705138978, 0.050498087107872014, -0.49387705211186506, -0.23180762795874557, 0.6060836898125815, 0.6899662116050795, -0.16093987443591531, 0.1494997541242422], [-0.3886566315129314, -0.7380281964671209, -0.4158413423487186, -0.09239864300343162, 0.13195228906326736, -0.45034669497979596, -0.25131847807407226, 0.14242986652879866, 0.4720414108822069, 0.2261452055773201, 0.18451089492124512, 0.7038410424566679, 0.07794430779286024]], "inverted": true, "swapped": true, "error_lsq": 0.046863107151699376, "error_max": 0.2826575504694611, "target": "762.xyz", "model": "17.xyz", "model_rescale": 3.7474275329858107, "target_rescale": 3.999724391074551},
{"mapping": [1, 0, 2, 8, 12, 7, 11, 3, 6, 4, 10, 9, 5, 14], "R": [[-0.313911244119301, -0.8499613253834511, 0.42311402265569026], [0.6820979023194157, -0.5118813260983676, -0.5222259660752517], [0.6604560412827836, 0.12467258457328988, 0.7404421410136584]], "T": [0.11377509549240912, -0.07734634844911714, -0.04301837178353083], "aligned_model": [[0.4942051913100697, 0.09173505730796878, 0.7632477108569349, -0.4348882752913891, 0.20010084382546822, -0.3193345646955806, 0.7618832693041788, 0.22299939740110258, -0.20220101664841966, 0.40261862804388343, -0.6907914111425478, -0.5254924388673007, -0.38613960203718617, 0.036904858515694264], [-0.4582511677746479, 0.13598746098471656, 0.20850688215803492, 0.008379378002429466, -0.6712888795548984, -0.5302340575435228, -0.3329315890220567, 0.7549428469309944, -0.5438766709058318, 0.12916604256884723, -0.09539604558403114, 0.6149920729695025, 0.16883057218081135, -0.02841860389911407], [-0.46132291929596203, -0.47799136096666917, -0.1423751042328935, -0.5150376911250676, 0.45952147507883323, 0.42325331607985084, 0.30910117348571803, 0.01691796508325879, -0.17599963843931893, 0.42687988621961553, 0.09852741516011038, -0.16019075176187378, 0.4576384500786669, 0.06587250329738642]], "inverted": false, "swapped": true, "error_lsq": 0.04180420728944873, "error_max": 0.25610356710616, "target": "762.xyz", "model": "18.xyz", "model_rescale": 3.922800546911778, "target_rescale": 3.999724391074551},
{"mapping": [3, 9, 7, 12, 13, 8, 2, 6, 0, 5, 1, 11, 10, 4, 14], "R": [[-0.7660159339434314, -0.4511066047154044, 0.45795460487575945], [-0.19653843193533307, -0.5139433413438074, -0.8350059201351591], [0.6120394053630644, -0.7296335197004747, 0.30502900388704657]], "T": [0.20356722569236096, 0.11025442357853305, 0.03334477168878568], "aligned_model": [[-0.11602070087878541, -0.5826563831729824, -0.09483952075709423, 0.4945350273201022, 0.5488025210650112, 0.7983004426090018, -0.4509468468140846, 0.3810129482771175, -0.09976864502203875, 0.5678893857202434, 0.1785204245895532, -0.02160245766100477, -0.25727009169507215, 0.3644835611506673, 0.15349752720100696], [-0.19477744430270766, -0.07307649084723175, -0.6307519784111761, -0.48121037163098074, -0.37683092576378713, 0.24916893879755955, 0.397366514363437, 0.6584398769449769, 0.288223538613786, 0.1910075039047828, 0.8164003491473946, -0.2820685085591392, 0.3616535558812635, 0.16599800987324204, 0.027925953063144826], [-0.42922236976415223, 0.1381560239165523, 0.024745647176850197, -0.3957486668653371, 0.3730125507100144, 0.07057127003426132, -0.01468583317868101, 0.41251952845261863, -0.7247825126826345, -0.6324495087884165, -0.18736683537540627, 0.5834583448591352, 0.6457401427064762, 0.736811703862459, 0.029154367406274723]], "inverted": false, "swapped": false, "error_lsq": 0.04191798184880722, "error_max": 0.2464160307579784, "target": "762.xyz", "model": "19.xyz", "model_rescale": 3.9282355846067225, "target_rescale": 3.999724391074551},
{"mapping": [6, 1, 11, 0, 8, 2, 3, 4, 9, 5, 12, 10, 13, 14], "R": [[0.4049767918044498, -0.525155624429023, 0.7484686821974172], [0.8507941567458648, -0.0833763829359054, -0.5188426366593422], [0.3348777402976618, 0.8469120077665024, 0.4130338365727964]], "T": [-0.078543816043718, -0.1992659012887179, -0.04653150578148113], "aligned_model": [[-0.4519702434123664, -0.21166772814716606, 0.5604673605029714, -0.3885917053407549, -0.7711725157658988, 0.3034108506346461, 0.1645614534362902, 0.4923132714845448, -0.46692803207212175, 0.020098924563056605, 0.2647957312574605, -0.48593276519829537, 0.5406791281137795, -0.03754091097146961], [-0.5072146595421465, -0.7679380724239909, -0.6382652060566623, -0.07218214436583653, 0.02647891308014308, -0.2303618848242949, 0.509386158099363, -0.05610075102717796, 0.6658136111103992, 0.31242068062747197, -0.6820164148953788, 0.1427732108762741, -0.07456480748434169, -0.10534654574898629], [0.2711093734035453, -0.39821917895385356, -0.1376387007918331, -0.3971290013778641, -0.02445446898162651, -0.6519587765998442, -0.42985865591176925, -0.023987056697445386, 0.003667845368368561, 0.491633418704134, 0.46516768284165877, 0.5737359807298207, 0.6183705856686047, 0.0517441098417865]], "inverted": false, "swapped": true, "error_lsq": 0.04983485920826109, "error_max": 0.2798611051089785, "target": "762.xyz", "model": "20.xyz", "model_rescale": 4.067790424073018, "target_rescale": 3.999724391074551},
{"mapping": [11, 6, 3, 12, 0, 7, 5, 8, 13, 9, 1, 2, 4, 8, 14], "R": [[-0.738718663324859, -0.44595068820685196, 0.5053936289105443], [0.4416820723575709, -0.8866809283800461, -0.13679867764354206], [0.5091283565206866, 0.12216756908007663, 0.8519761743450398]], "T": [0.07326759407013748, 0.056737902473362536, 0.0022839083853427172], "aligned_model": [[-0.18648712608597673, -0.6175040160000017, -0.04492725540868549, 0.440148461967129, 0.5333575813837582, 0.7627179978741139, -0.1729140444000022, 0.27606891414570883, -0.25055247674213904, 0.6801967706833325, 0.4558171038022467, -0.08229218345874804, -0.3012951703125929, 0.27606891414570883, 0.09553372033778922], [-0.2823842296375986, -0.1621120810575994, -0.7855579357935188, -0.446348805070775, -0.2580592121603176, 0.30420940782209327, 0.5831700739556704, 0.4406058392010367, 0.40155867518369415, 0.15479634004920445, 0.7317029220072105, -0.3558753285699659, 0.29044426775191684, 0.4406058392010367, 0.06071274819247745], [-0.483057125165585, 0.1522711415919628, 0.01996765928243508, -0.4441643644988037, 0.44237254685834504, 0.14398765549089182, 0.1058690934576563, 0.371993156921402, -0.5138194742075055, -0.4731857718937516, -0.26489243092675663, 0.6016781098271657, 0.6712805938050337, 0.371993156921402, -0.07238009499387793]], "inverted": true, "swapped": false, "error_lsq": 0.05419361686080534, "error_max": 0.47784138650795444, "target": "762.xyz", "model": "21.xyz", "model_rescale": 4.186013935880536, "target_rescale": 3.999724391074551},
{"mapping": [8, 6, 10, 3, 2, 9, 0, 1, 7, 12, 11, 4, 14], "R": [[0.9456111181159279, 0.15834496964312422, -0.2841592579597975], [0.1448871432512544, 0.5770896671080437, 0.8037258437039448], [0.29125131590438375, -0.801183116837746, 0.522760255067387]], "T": [-0.04929905527986062, -0.06289737656289965, 0.029383011242808357], "aligned_model": [[0.10964464145246414, -0.2650141872425721, 0.4431008209887739, 0.5093249422885703, -0.247068260415615, 0.7457003420434967, -0.07389688489907065, -0.7119907686468887, 0.06932082094582812, -0.30197263244879596, -0.4361212291282935, 0.1423415211555049, 0.07520490932982299], [-0.36827057817462894, 0.18509934000825712, 0.2138199044566421, -0.5515202788151583, -0.4420967349067979, -0.4537154582431202, -0.5218333444948753, -0.2217408921928099, 0.656720939968736, 0.6695500055877687, 0.2362236324196024, 0.1116547866527311, 0.0050653372797463125], [-0.6130084126208648, -0.4472091340017527, -0.561089827423561, 0.42613798107452877, 0.604268822488437, -0.3126140971891916, -0.1254436756235145, 0.00931651588780387, -0.25022268465103126, 0.1409314695348876, 0.6378658968899231, 0.5582381507615874, 0.03570855620809387]], "inverted": false, "swapped": true, "error_lsq": 0.05251034413007583, "error_max": 0.38816321664893516, "target": "762.xyz", "model": "22.xyz", "model_rescale": 4.166573947596378, "target_rescale": 3.999724391074551},
{"mapping": [6, 1, 5, 13, 7, 9, 2, 3, 12, 14, 11, 0, 4, 8, 15], "R": [[0.009912082101892553, 0.2658424538525058, -0.9639655286150454], [-0.7414552147144471, 0.6487700806611794, 0.17129374481177156], [0.6709291432045256, 0.7130393903344789, 0.2035409360061902]], "T": [0.19420168477729555, 0.1364403837414609, 0.0208068723534581], "aligned_model": [[-0.4202851262138047, -0.42991899272604167, -0.04249325322356268, 0.46389215783616805, 0.3862025797445907, 0.6799688013382893, -0.4215200765491735, 0.09962846018046806, 0.14801417673155698, 0.7172111188351962, 0.19232998090709638, -0.08293739956477292, -0.11449733043604782, 0.5464526269627972, 0.1418894681088816], [-0.014653332864075913, -0.1693668779247302, -0.6546733493389734, -0.5670604587464301, -0.4909103735850398, 0.4883912049050457, 0.4045946347538891, 0.6726774424162605, 0.31939701716318536, 0.012141231982094672, 0.8539537652379476, -0.3267172929211312, 0.28378885104896134, 0.2139981608244932, 0.09190789812306874], [-0.4019037613987311, 0.17909256182708833, -0.074987432579847, -0.36541424599178896, 0.30533513327641015, 0.04550695802922733, 0.06310639341559297, 0.2756251882360139, -0.6067080195947174, -0.559700333440391, -0.3067055266858809, 0.6335341014828352, 0.6710736334238947, 0.7446737145036917, 0.027385487966616447]], "inverted": true, "swapped": false, "error_lsq": 0.046655083562956244, "error_max": 0.31632141351035725, "target": "762.xyz", "model": "23.xyz", "model_rescale": 4.274766983524099, "target_rescale": 3.999724391074551},
{"mapping": [6, 5, 9, 0, 3, 2, 1, 11, 12, 13, 14], "R": [[0.15119420356678354, -0.732239338082191, -0.6640526067810897], [-0.9851837019858762, -0.16663632253503718, -0.040563645711436336], [-0.08095298727786326, 0.6603467935690712, -0.7465847079024832]], "T": [-0.06315026466531445, -0.014468829999024851, -0.04203910699077452], "aligned_model": [[0.3502458445980574, 0.12264599591094402, -0.502845963036798, -0.44276204698444055, -0.752716806051572, -0.5378133490248594, -0.06292356884281075, 0.12725039438938043, 0.6441095308418936, 0.46300385078818584, -0.028299178629905865], [-0.23453148332676405, 0.6927765925759878, 0.5721320973785876, -0.1893919843573838, 0.4508694441657394, -0.20420950302247579, -0.6883115021237303, -0.19310492401306298, -0.03526974734047993, 0.6217013438323208, 0.12292619747474468], [-0.3824088294292415, -0.20470039967181675, -0.645605078299542, -0.28799715960027017, 0.08518468382241223, 0.46004847619256617, 0.06154774300317959, 0.6936190536163939, 0.29279975912680833, 0.3573749204300527, -0.05029673516896477]], "inverted": true, "swapped": true, "error_lsq": 0.0503424429678414, "error_max": 0.25708563250489735, "target": "762.xyz", "model": "24.xyz", "model_rescale": 3.7841303162186577, "target_rescale": 3.999724391074551},
{"mapping": [11, 6, 0, 10, 8, 9, 3, 5, 13, 14, 12, 1, 4, 2, 15], "R": [[0.8838531610395441, -0.4296306833479464, 0.18498936630623555], [0.32693872284102254, 0.28456064910082285, -0.9011860565334995], [0.3345364871392762, 0.8569963319112255, 0.3919727361223201]], "T": [0.13954255212599187, -0.05996961864297892, 0.01640040911425201], "aligned_model": [[-0.33095891383423537, -0.578889062420411, 0.10465610553365454, 0.4820981120001845, 0.42095079323957646, 0.699395728573533, -0.4194180746776006, 0.07992586301770561, 0.006822416973063294, 0.6432205497816867, 0.41634874273027095, 0.006849168263314276, -0.23888038702451242, 0.5003877200299258, 0.07142842974548544], [-0.0816031855757284, -0.061177990994162074, -0.7601423286733621, -0.499519620907225, -0.2668979453854632, 0.10200042564657757, 0.5187784120308728, 0.7477094055445818, 0.452343844554041, 0.22115210515616165, 0.6344657076003317, -0.40203959126218547, 0.22642268371101734, 0.3331538681253191, -0.047177268496211275], [-0.5898898913802633, 0.0930881349870325, 0.2397187051055618, -0.5264684417014662, 0.4933153418473102, -0.0333070762431995, -0.023794395371212966, 0.3532077571796991, -0.5597248189595625, -0.5281893570366656, -0.11130948453784567, 0.6632520099583491, 0.5921432954232592, 0.5493522989492909, 0.018519774249726728]], "inverted": true, "swapped": false, "error_lsq": 0.04791997051934467, "error_max": 0.2706597165610938, "target": "762.xyz", "model": "25.xyz", "model_rescale": 4.19342608120988, "target_rescale": 3.999724391074551},
{"mapping": [8, 0, 9, 7, 10, 6, 5, 12, 3, 1, 4, 14], "R": [[0.04809876129283369, -0.986957872609629, -0.1536250853733555], [0.2739019048631489, -0.1348747222932036, 0.9522534094444975], [-0.9605541398976082, -0.08788041294968385, 0.26384233425544035]], "T": [0.11326220217762975, 0.049566124865167004, 0.10577816298739548], "aligned_model": [[-0.15327338165781348, 0.31761281119798734, 0.08025652990539307, -0.5909642986628088, -0.5374040147781601, -0.387655738460266, -0.21651438323024277, -0.2914708400017417, 0.6984050611214913, 0.2521977870870323, 0.3637609222375576, 0.06285809987335193], [-0.6181830008860661, -0.38951652506102136, -0.49531207014881506, 0.3772581796123819, -0.17027450586799767, -0.08975175330557753, 0.2095430704270639, 0.667007793105178, -0.05213528341048943, -0.05787176798404387, 0.5327882407693199, 0.09922405049104788], [-0.01360575575837164, 0.13119142677705276, -0.6712309843749253, 0.023416190758204974, -0.3369314892207086, 0.36042931273086076, -0.547543974200307, 0.36601481231887645, -0.4904535667391233, 0.7645256381892616, -0.11923095852685342, -0.01732219074454537]], "inverted": false, "swapped": true, "error_lsq": 0.04540332538316613, "error_max": 0.2458480014912107, "target": "762.xyz", "model": "26.xyz", "model_rescale": 3.795458400668931, "target_rescale": 3.999724391074551},
{"mapping": [12, 5, 13, 11, 2, 8, 10, 6, 9, 4, 0, 3, 14], "R": [[0.8225748891657821, -0.1225611661860535, 0.5552920963394096], [0.09121643957518932, -0.9354149640030335, -0.34158221011994994], [0.5612932503292084, 0.3316287165827446, -0.7582692671291343]], "T": [-0.25261032499399894, -0.03347103586289985, -0.16315446487743854], "aligned_model": [[0.02806446882832514, 0.2593173453670984, 0.5701391269302094, 0.04520161522052457, -0.19794880896757275, -0.7116843655449899, -0.1907985319386861, -0.5588053813489819, -0.18325557567899803, 0.28100655825685816, -0.5916848862952413, 0.09035574118355294, -0.14023092319084224], [-0.5625152193042025, -0.32211701226004624, -0.4234618116401521, 0.07680652265725776, 0.6068191318768857, -0.16701952349503443, -0.5905997295081084, -0.5244798333544278, 0.10329107133853907, 0.14939322796316842, 0.24083571787302854, 0.6146859219110462, -0.07975696080104015], [-0.6672378655620614, 0.3013760453826464, -0.2730304984282428, -0.8762484998219691, -0.48007579202574946, 0.38693503619533176, 0.43138332696039383, -0.18133166890528546, 0.7739745986297358, -0.33255343104947244, 0.04893708512600728, 0.24975527452191562, -0.0897469489238246]], "inverted": false, "swapped": true, "error_lsq": 0.05044244016212673, "error_max": 0.29853815100108977, "target": "762.xyz", "model": "27.xyz", "model_rescale": 3.6321398670334006, "target_rescale": 3.999724391074551},
