[{"mapping": [8, 5, 1, 11, 6, 4, 2, 9, 3, 0, 12, 7, 10, 13], "R": [[-0.7248140215664256, 0.6610245915260755, 0.19414201899251543], [-0.03454993735438955, 0.24656601020996777, -0.968509940288661], [-0.6880777107053482, -0.7086971793417293, -0.1558761432149382]], "T": [0.06651019872135766, -0.052173515003167366, -0.017510641578206337], "aligned_model": [[-0.6546270944948352, -0.06239529405005806, 0.5813315067599882, -0.17482655233613853, -0.566061412599406, -0.7452279096532323, -0.07584124071130721, 0.16170031547996463, -0.006568541567247704, 0.5814267361823663, 0.5279935948242773, -0.4036582936208024, 0.1502053776033127, -0.022807379529354202], [-0.09445429199341057, -0.7949541287056217, -0.27279155390484594, -0.28045057885939456, -0.24178918589795312, 0.40806350136151587, 0.3939837394534602, 0.6363006997756693, -0.1926767568869045, 0.4073783968819824, 0.09401007564990188, 0.4370201146240076, 0.2494197464998697, 0.032052611488465534], [0.28040288925351653, 0.04621999691507553, -0.15654594329522586, 0.5962547823008786, -0.40279668867805407, -0.22407142873602384, -0.6273778544999012, 0.21419017633224793, -0.5156257312268968, -0.3625982164233402, 0.29995312158020127, 0.3156944964619498, 0.9403335765958677, 0.08957900351898611]], "inverted": true, "swapped": false, "error_lsq": 0.04865477239858386, "error_max": 0.2952082730462045, "target": "763.xyz", "model": "0.xyz", "model_rescale": 3.8414455957264533, "target_rescale": 4.041419317486809},
{"mapping": [9, 8, 12, 13, 6, 2, 5, 4, 10, 1, 11, 7, 0, 14], "R": [[-0.4464587005584436, 0.5403513936805048, -0.7132285748925112], [-0.6832417242392766, -0.7205591110067874, -0.11821723141593449], [-0.5778021936218366, 0.43452840976470647, 0.6908905022890018]], "T": [-0.08488094185103565, 0.10043214639644221, 0.031101589699820888], "aligned_model": [[-0.6081505967459282, -0.14168907686906532, 0.42848737407625426, 0.036337501168698244, -0.6254087998723007, -0.6591694309892688, -0.18269984431585565, -0.12444511702951935, 0.12283698356922287, 0.6823331532455494, 0.6885675056349302, -0.46009673562394127, 0.13903212295276812, -0.0052912269140169416], [-0.18784066447802644, -0.6865227294127834, -0.4524082163644469, -0.3534517480541878, -0.10245110353207237, 0.49535936037018896, 0.3078634052209028, 0.6418658001762545, -0.17319273708327448, 0.4958495344936153, -0.12272986108715223, 0.3448679185971851, 0.45495668276879614, 0.11894674787174256], [0.36064268693983786, -0.011055933192668628, -0.083397534189665, 0.626200321062551, -0.49491665654742656, -0.21144728068445956, -0.5867386163126814, 0.06429058554602546, -0.5608139338423527, -0.02827443782206398, 0.3108186246251454, 0.49199123322321, 0.6224497629677376, -0.006136641673908073]], "inverted": false, "swapped": false, "error_lsq": 0.042107105345982936, "error_max": 0.26036907377475593, "target": "763.xyz", "model": "1.xyz", "model_rescale": 4.316132596720782, "target_rescale": 4.041419317486809},
{"mapping": [3, 1, 0, 7, 11, 10, 5, 9, 4, 2, 6, 13], "R": [[-0.18910974813472692, -0.631386200505958, -0.7520564932045136], [0.21242613375639124, 0.7214356739418291, -0.6590946108575088], [0.9587036251406021, -0.28439766907404385, -0.002307589113927991]], "T": [0.005421203661577063, -0.009812153967479155, 0.03476344548425941], "aligned_model": [[-0.26545031957491094, 0.4078211841500419, 0.13999227841474476, -0.5200542833928381, -0.4618189180954827, -0.3513096150446487, -0.20913691465099732, -0.1652269024576914, 0.5191929125549541, 0.26198687536990795, 0.3042243632089509, -0.06241210585024976], [-0.6342186035455698, -0.5964837763177789, -0.4860326936608784, 0.4135469625251064, -0.23104362245523657, -0.12388131828730888, 0.3442226322258956, 0.5474046206849978, 0.02698831870989825, -0.0209763444889062, 0.7045283799279467, 0.06872187242281422], [0.1580904727128126, 0.10008828036551654, -0.5081974514692017, -0.17160084091980352, -0.5701548334114124, 0.5315445728138184, -0.8188178914817112, 0.6104487872273858, -0.4177396335762376, 0.6554253513381718, -0.15795599532776528, 0.038127642937847483]], "inverted": false, "swapped": true, "error_lsq": 0.04700481443987387, "error_max": 0.3023666704598351, "target": "763.xyz", "model": "2.xyz", "model_rescale": 3.795458400668931, "target_rescale": 4.041419317486809},
{"mapping": [9, 7, 12, 0, 2, 1, 11, 6, 5, 4, 10, 13], "R": [[-0.3776410153747697, -0.20855556226936245, -0.9021595429596826], [0.3440954260423281, -0.9361411965361274, 0.07237401415326486], [-0.8596427172281879, -0.28309757610127706, 0.42528832704662844]], "T": [0.07454412493394827, 0.13423112971906165, 0.020885038856951137], "aligned_model": [[-0.04618767531168008, -0.1725830836497894, -0.6563834289296678, 0.1831096812474024, 0.11005887123866251, 0.19614136048604774, -0.23600350817866497, 0.6558699665643986, 0.2708697835294973, 0.6769080292378362, -0.4308098094083139, 0.04231363891783656], [0.03466650461215395, -0.5117204021653934, -0.15716357702559514, 0.18364007081869152, 0.6323615603033446, 0.7442399237679447, -0.30281291042544556, -0.3040171363483172, -0.7057557909343346, 0.08291742858596193, 0.33621010940866336, 0.053203264692035485], [-0.783189361065639, -0.11918069195987377, 0.15436218445746802, 0.7457810236219145, -0.4283104212138129, 0.3722823272779461, 0.6088778047250557, -0.30577262985752973, 0.41566994699514764, 0.34430320636695555, -0.2805814311568964, -0.03547052755163518]], "inverted": false, "swapped": true, "error_lsq": 0.04457804834006964, "error_max": 0.26952737220394285, "target": "763.xyz", "model": "3.xyz", "model_rescale": 3.7530521520055578, "target_rescale": 4.041419317486809},
{"mapping": [12, 5, 0, 4, 3, 6, 10, 7, 9, 8, 13], "R": [[-0.3019975359624244, -0.9319809202917276, -0.20052195013217103], [-0.04566064974798412, 0.22424290003872627, -0.9734630074362426], [0.9522145731594409, -0.28482746706454865, -0.11027565764200795]], "T": [0.054243535744435016, -0.07305226785568052, 0.09861384120224428], "aligned_model": [[-0.4646499009098131, -0.3100882683383894, 0.46225196580589045, 0.45201209759434, 0.21293493036716313, -0.13489023095375857, -0.17283034121916158, -0.6151249037780081, -0.4322310772612312, 0.38813424024298065, -0.04731890910480676], [-0.6656025802459095, 0.1692706053943207, -0.3132161110850251, 0.31163185554059675, -0.7439115436952156, 0.6932284928056578, -0.4296346519068193, -0.030147941111873147, 0.20633525485811388, 0.3209678379710177, -0.05171786021051801], [-0.03028860717210316, -0.7431217921287043, -0.4631266341159398, -0.3061984321028345, 0.15544011428919258, -0.018641109751773202, 0.5550638357464368, -0.12058642940312161, 0.6955309089988846, 0.26695418030880236, 0.10180474257647659]], "inverted": false, "swapped": true, "error_lsq": 0.03957568016556563, "error_max": 0.24733893751081193, "target": "763.xyz", "model": "4.xyz", "model_rescale": 3.7855080009869324, "target_rescale": 4.041419317486809},
{"mapping": [0, 1, 11, 4, 2, 3, 14, 10, 12, 13, 6, 5, 7, 16], "R": [[-0.07232228599116568, 0.3671562549786038, 0.927343394530364], [0.651512723672723, 0.7213867512893337, -0.2348027383928292], [-0.7551825327969142, 0.5871945499528308, -0.291379310631572]], "T": [0.010589050895289963, 0.18253074199061659, -0.024358366283607033], "aligned_model": [[-0.5615079141596295, -0.17381304015823604, 0.5425838558128164, -0.023172578867798797, -0.5730816428504935, -0.6626981969268241, -0.07039101932573405, -0.1418369394321061, 0.2050936852621287, 0.6766210059913279, 0.5063025807000707, -0.5315880884556728, 0.10799597933361604, -0.00986387463593777], [-0.2549025772778541, -0.5516726953096318, -0.40281868263357035, -0.24969062150433258, 0.0008154128691334195, 0.3522444673536072, 0.25811289871947035, 0.851146660566518, -0.25189614964997925, 0.17183538472974746, -0.012355986271072594, 0.3060758229706264, 0.3705317892268506, 0.19368666569722973], [0.2753598965720818, -0.017641189722191628, -0.10672223538429952, 0.5748457968858882, -0.4392002012078085, -0.041625060894291674, -0.6917615160694633, 0.221981530959817, -0.5106776914594273, -0.3092349764140457, 0.35295361018003724, 0.5637605053317772, 0.6943466972899, -0.07277298596869221]], "inverted": false, "swapped": false, "error_lsq": 0.041234506061391674, "error_max": 0.28561667020773196, "target": "763.xyz", "model": "5.xyz", "model_rescale": 4.2253639853439635, "target_rescale": 4.041419317486809},
{"mapping": [3, 2, 10, 4, 6, 12, 11, 9, 5, 8, 1, 0, 0, 13], "R": [[-0.6456816347554266, 0.5780840551499904, -0.498912869868981], [0.6881511558296427, 0.7236980115702906, -0.05204973371242427], [0.33097313073705337, -0.37693502521064615, -0.8650877258981097]], "T": [-0.02953185936933702, 0.054425692962938046, 0.004593597419978012], "aligned_model": [[-0.5810358607935742, -0.05994396760780068, 0.5915351959820295, 0.04160973202405114, -0.5527554440314157, -0.629800848195179, -0.24772263730170158, 0.17269822978371888, 0.12119697108136204, 0.5702550203857423, 0.5077231865468697, -0.284200551084953, -0.284200551084953, -0.07471466341666899], [-0.30280652932253727, -0.6059005176968244, -0.3981344986029204, -0.41497049771941, -0.1621038488091059, 0.7183918473910056, 0.3144905108343061, 0.6089701810556196, -0.24010993999230618, 0.3469455074698922, 0.06445311304504217, 0.41641572128677395, 0.41641572128677395, 0.01905561926043258], [0.27149797818653215, -0.11036731430850218, -0.12948645387847274, 0.5294911134680564, -0.3004801741770937, -0.2603023279866542, -0.6956298410223453, 0.1600922445284202, -0.5351015452682835, -0.3125069112411942, 0.5045558444370285, 0.6733011016253401, 0.6733011016253401, 0.025247364111109765]], "inverted": false, "swapped": false, "error_lsq": 0.05201686293934551, "error_max": 0.3471170903395861, "target": "763.xyz", "model": "6.xyz", "model_rescale": 3.89814844738969, "target_rescale": 4.041419317486809},
{"mapping": [11, 0, 4, 12, 6, 1, 3, 7, 10, 2, 8, 9, 13], "R": [[0.46603236453470825, -0.5605271080288616, 0.6845605863406029], [-0.013516307984508258, 0.7691172400737658, 0.6389647724560263], [-0.8846644248666592, -0.30703099548109886, 0.3508572689702021]], "T": [-0.04241287486124257, 0.11057186272796696, -0.018402383119557636], "aligned_model": [[0.0395877299349402, -0.04091046774214882, 0.3869769112176983, -0.3295107353246971, 0.6889797852324827, -0.4255539344669135, -0.6568510606367094, 0.2717929442393443, -0.5179226624627855, -0.36222615683123316, 0.10759950192094289, -0.011406242290940727, -0.0019238118857577147], [-0.45175404275631426, 0.17596026130660605, 0.4953131366775627, -0.630727170149065, 0.2600821025902479, 0.5903240848158631, -0.039972460085993644, -0.49928979241669313, -0.1024106070483218, 0.5039756545121874, 0.6191131861308512, 0.007451127498197596, 0.035715784395357136], [-0.57540175026933, -0.7501291164775591, -0.3894458360175347, -0.0893437313334127, 0.26340956539530325, -0.38366585606269654, -0.29816384356334924, 0.1467857294765391, 0.32158151237755794, 0.4221934699166887, 0.09973027671899536, 0.7936503402158331, 0.04107427045926039]], "inverted": true, "swapped": true, "error_lsq": 0.04022914018615162, "error_max": 0.28582024897839664, "target": "763.xyz", "model": "7.xyz", "model_rescale": 3.7474275329858107, "target_rescale": 4.041419317486809},
{"mapping": [8, 5, 6, 3, 9, 13, 11, 12, 7, 10, 0, 2, 1, 14], "R": [[-0.8805877568802458, 0.3413916534084639, -0.3286593090354396], [0.4050349544873335, 0.9022377459219587, -0.14803288647157792], [0.24599164228904405, -0.2634744557195226, -0.9327750656547593]], "T": [-0.08731111775106698, 0.13543645169635604, 0.047651278603190655], "aligned_model": [[-0.6147353209553383, -0.10248855395820362, 0.5127914204811774, 0.03447073319153683, -0.4331134760927208, -0.6594498006387954, -0.1232832797025715, 0.0060315863452031215, 0.15712476738951983, 0.558985879515888, 0.46761787028463414, -0.4739787747024292, 0.08632992006151777, -0.12565915893189072], [-0.2752249300618887, -0.5682209958697007, -0.4184420676279402, -0.42390615891208555, -0.22568522776930788, 0.8201160796134259, 0.2812608821592838, 0.7185355943085603, -0.23116304190571912, 0.2375310979356774, 0.07806646415101129, 0.12382958292944753, 0.4974770021878716, 0.16693810834810646], [0.1832656409077533, -0.08522951736405229, 0.04185232731113768, 0.4794377556069743, -0.5271115435014123, -0.06181544397224134, -0.5556075337108646, -0.1310248201796738, -0.47170750034471276, -0.3359373476896752, 0.3983302491641316, 0.795276117352558, 0.6829285801314458, 0.08095521638791323]], "inverted": false, "swapped": false, "error_lsq": 0.052243097831360386, "error_max": 0.35482821647116913, "target": "763.xyz", "model": "8.xyz", "model_rescale": 4.019505241142653, "target_rescale": 4.041419317486809},
{"mapping": [4, 6, 8, 1, 0, 3, 2, 5, 11, 7, 9, 12, 13], "R": [[0.08513767270550625, -0.5588126906200195, 0.8249120883392995], [0.9939888057055764, 0.10483014510849038, -0.03157364104018673], [-0.06883190262001923, 0.8226414878174739, 0.5643785535464303]], "T": [0.056545137433146576, 0.015993078003006686, -0.048806125091699556], "aligned_model": [[-0.23135389382859814, -0.7376516512128714, -0.17556355769896764, 0.5028674191331336, 0.3310927076651373, 0.742732051767171, 0.14225480192567208, -0.41510828552504525, 0.25019039127785503, -0.23684672867457465, -0.2751853864298668, 0.4186227484417383, 0.003650154900392777], [-0.5088197216012009, -0.011052426232830277, 0.04364008455317007, -0.1968712823824948, -0.6627552590471841, 0.00020219430765567453, 0.5264373693840864, -0.613698985916851, -0.5028558884016098, 0.07677551303046685, 0.7581787777687305, 0.09531298072081147, 0.058884871931308515], [-0.3831119033514724, -0.12110073756992083, -0.5391473458651636, -0.5644240609282081, -0.10902438509572722, 0.03699899485503834, -0.4769092239316899, 0.48129562743662924, 0.5225782323203516, 0.590075989393811, 0.05189228291426583, 0.658010873255584, 0.02956915061038061]], "inverted": false, "swapped": true, "error_lsq": 0.05379896346662269, "error_max": 0.3211280108643134, "target": "763.xyz", "model": "9.xyz", "model_rescale": 3.877068213659057, "target_rescale": 4.041419317486809},
{"mapping": [0, 12, 6, 11, 5, 7, 4, 2, 3, 13, 10, 8, 9, 15], "R": [[-0.29027857464831663, -0.24115954480422438, -0.9260563822197658], [0.9271422404608111, 0.168745271184228, -0.3345628482158005], [0.23695065953368677, -0.9557024157146305, 0.17460606388029665]], "T": [0.004414560831383113, 0.08446017738554931, 0.010451963785484568], "aligned_model": [[-0.5821403520536975, -0.05200229687751967, 0.47243018711966, -0.13555733695583655, -0.48352853105358284, -0.5683349462589128, -0.20198544468681945, 0.1047043863262069, 0.07337701920940011, 0.6401619891691515, 0.4478166225122293, -0.49277410898211194, 0.1273102103826121, -0.058833585563251814], [-0.3943877889634405, -0.6604853401075986, -0.2931119088310076, -0.30145294774876286, -0.34089901602827, 0.6567610917852595, 0.42728996672941044, 0.7402405715760743, -0.13488534076287687, 0.3906185743828853, -0.13709363760900045, 0.34869774330683767, 0.45330797662893596, 0.02651244512829601], [0.2562648904748718, 0.018730239369763188, -0.12631524129276747, 0.6237497739418691, -0.4276993090674128, -0.09306728525490876, -0.5354028273499424, 0.026243842934035762, -0.5810656316678406, -0.3053497766682484, 0.517915556783459, 0.5379980481925039, 0.5438310636894317, 0.03777883601446712]], "inverted": true, "swapped": false, "error_lsq": 0.04153391642556175, "error_max": 0.23499896889843735, "target": "763.xyz", "model": "10.xyz", "model_rescale": 4.260839863003843, "target_rescale": 4.041419317486809},
{"mapping": [0, 5, 7, 11, 10, 3, 1, 4, 6, 9, 2, 13], "R": [[0.5160881694390501, 0.38915822676942446, 0.7630261305504078], [-0.4571984887592322, 0.8784669301888895, -0.13879983588168762], [-0.724308320566128, -0.27722144055283027, 0.6312889430811292]], "T": [0.0002230849426493784, 0.09090024073970929, 0.007411664483500217], "aligned_model": [[0.2776536662055196, 0.1696368213803852, -0.35517537633015045, -0.22191366899712917, -0.5297251714589717, -0.3656183743292744, 0.27829190106457197, 0.6485768894327405, 0.4283330151472749, -0.3136932558419638, -0.003028521385819919, -0.0544392757930523], [0.06551540588200432, -0.7966532690228262, -0.5081344701081891, -0.35620669375953506, 0.3744701527394777, 0.46938516638718863, 0.6507276182649178, -0.05654752418433259, -0.3816425592438639, 0.07479369351999654, 0.6181635911893852, 0.019207393868710232], [-0.6723602052978223, -0.28159468146732064, 0.12051779446687827, -0.6122119872944886, 0.16804506785774015, -0.44133496754354434, -0.33848963891721484, -0.1598342055099286, 0.4871321031061115, 0.7638652538722747, 0.4235301220844861, 0.05891342203833348]], "inverted": true, "swapped": true, "error_lsq": 0.044481455770554484, "error_max": 0.20677172883119668, "target": "763.xyz", "model": "11.xyz", "model_rescale": 3.890672605050136, "target_rescale": 4.041419317486809},
{"mapping": [9, 9, 10, 11, 5, 8, 7, 0, 12, 4, 2, 6, 1, 13], "R": [[0.7428374635652708, 0.6609164883287708, 0.10668597929944174], [0.6250806962714881, -0.6276557450331071, -0.464028435417149], [-0.23972197619881813, 0.4113850522103366, -0.8793723403344184]], "T": [-0.08269807062094646, 0.14707494413446107, 0.10937161295363505], "aligned_model": [[-0.48017467588165375, -0.48017467588165375, 0.5687592566621631, 0.13177966400447721, -0.5679141908973385, -0.584730594815312, -0.14078633720705241, 0.04016662883066992, 0.08837008865016192, 0.5415409505990585, 0.5858059887630457, -0.4809342625020103, 0.08510073798848695, -0.016164766025515198], [-0.522127887762457, -0.522127887762457, -0.4325621873755251, -0.22555784709628865, -0.1332490292280847, 0.6244246206528298, 0.26325991886582756, 0.7123657279096126, -0.2647837247806898, 0.36969797935019544, 0.020492083373154224, 0.1701498501239375, 0.5622208017906671, 0.1589099714260203], [0.10879362249473722, 0.10879362249473722, -0.0885289958038535, 0.45274643460597896, -0.4300317318795429, -0.08884966949851604, -0.7332973464889769, 0.2278837859771461, -0.48748705412602433, -0.11827212713768732, 0.3158739994175587, 0.5252247458397571, 0.7456072352590717, -0.04484434105510447]], "inverted": false, "swapped": false, "error_lsq": 0.04919140711848651, "error_max": 0.38449073629079994, "target": "763.xyz", "model": "12.xyz", "model_rescale": 4.124412569039231, "target_rescale": 4.041419317486809},
{"mapping": [7, 5, 4, 12, 6, 9, 11, 10, 0, 3, 8, 1, 13], "R": [[0.14749625218479745, -0.49460762363649047, -0.8565092843817297], [-0.9265263831667907, -0.37213694925798874, 0.055343945403472594], [-0.3461122894196392, 0.7854154248788479, -0.5131558179296762]], "T": [0.20714715459764727, 0.043697514126101865, -0.07835162918939126], "aligned_model": [[-0.23820090571556968, -0.14991232534600318, 0.5644682623584759, -0.5708341316966645, 0.6006014612715362, 0.34540422193346293, -0.45140848880111745, -0.010247506349647634, 0.06404657631367505, -0.15858573875788856, 0.7489611777566298, 0.459117215362926, 0.1638884891799428], [-0.20090569514844922, 0.45495361886908203, 0.5686950799582303, -0.11854842159092036, -0.0537963274628195, -0.7492960513714593, 0.4558835480005106, -0.419300889834731, 0.7571446119803545, 0.1606631738442348, 0.08007711001254161, 0.43525699880194846, -0.02334137955004554], [0.4113197125321363, 0.6984069297460322, 0.18005476010205795, -0.15186004389594793, 0.6089584673466617, 0.07354014539128687, 0.09366568446660994, -0.4325156858857166, -0.17943266234962016, -0.6536974705619474, -0.06466201896319007, -0.6201716447469936, -0.011908092213530133]], "inverted": false, "swapped": true, "error_lsq": 0.04168282729309892, "error_max": 0.28151934238516446, "target": "763.xyz", "model": "13.xyz", "model_rescale": 3.9028299243045295, "target_rescale": 4.041419317486809},
{"mapping": [6, 9, 14, 7, 1, 2, 12, 5, 11, 13, 10, 3, 4, 15], "R": [[-0.5311408488553147, -0.04614013198036315, -0.8460262920844075], [-0.6947608784812518, 0.5952512016550198, 0.4037119377231925], [0.4849708449063878, 0.8022138712021192, -0.3482185871571112]], "T": [-0.1391996279940208, 0.2120034735542212, 0.04203870594887946], "aligned_model": [[-0.5966761703228329, -0.06160199908418812, 0.5100280564494497, 0.047970076050631916, -0.5394152458036081, -0.7710663407453027, 0.0667861138331336, 0.2042722839808364, -0.060375030448256775, 0.5816808184302849, 0.48921261968081303, -0.5218223378305928, 0.06669991139758319, -0.1250489433004245], [-0.2615189124284747, -0.5561685061242291, -0.31670815954331744, -0.3807452619798819, -0.07841837028134188, 0.5342824796723744, 0.38698677428741224, 0.5916440324045186, -0.2731286966117332, 0.3598136568225393, 0.010867268604936253, 0.2001471951761113, 0.45811786596180737, 0.10594102352602122], [0.14644189287996168, 0.11085639326925373, -0.2443492748786267, 0.7010109316517005, -0.37948397152796565, -0.15552259868380683, -0.59920306404846, 0.04065111259250392, -0.5095863013067254, -0.2598468410395681, 0.3884414716419916, 0.5341248120507388, 0.639028119096951, 0.08104949840133266]], "inverted": true, "swapped": false, "error_lsq": 0.03646933529278412, "error_max": 0.24885461345338716, "target": "763.xyz", "model": "14.xyz", "model_rescale": 3.942246331269136, "target_rescale": 4.041419317486809},
{"mapping": [6, 10, 3, 9, 11, 8, 13, 0, 4, 1, 5, 7, 2, 14], "R": [[0.20379763537437984, -0.749870195511632, -0.6294133885604581], [-0.9789639218224853, -0.14965027961779614, -0.13868826042695417], [0.009806303368271152, 0.6444373388419252, -0.7645942405750825]], "T": [-0.031085422618116403, 0.013366243983789515, -0.0404535463825515], "aligned_model": [[-0.5485709175277548, -0.17120937931603256, 0.6315303481663158, -0.18845698190545515, -0.6190011194287284, -0.6135368862783764, -0.12970380345061597, -0.02566431779661386, 0.07036936128940662, 0.6594548779882351, 0.4861218211071662, -0.44697147923809066, 0.18312819876991282, 0.003154089908158266], [-0.05370731250651473, -0.6847848443585888, -0.10364145218814869, -0.3623546902960176, -0.1645737697004939, 0.521421002987694, 0.12114828750168072, 0.6868736371461455, -0.40265228104591333, 0.43619169557142723, 0.002373901273966479, 0.3274679838191215, 0.35586971099872583, 0.10148052028365795], [0.16079080736753404, 0.003714888600309385, -0.29303515664928237, 0.653974475808188, -0.4103231310070237, -0.07881473277318066, -0.8401955626367932, 0.25463268821069346, -0.44082773458278135, -0.07229952742912343, 0.3271813181623664, 0.6373062879765997, 0.6071974538745784, -0.01568989482280296]], "inverted": false, "swapped": false, "error_lsq": 0.04803382917404037, "error_max": 0.3007538146075329, "target": "763.xyz", "model": "15.xyz", "model_rescale": 4.355366556412066, "target_rescale": 4.041419317486809},
{"mapping": [3, 1, 0, 7, 11, 10, 5, 9, 4, 2, 6, 13], "R": [[-0.18910974813472692, -0.631386200505958, -0.7520564932045136], [0.21242613375639124, 0.7214356739418291, -0.6590946108575088], [0.9587036251406021, -0.28439766907404385, -0.002307589113927991]], "T": [0.005421203661577063, -0.009812153967479155, 0.03476344548425941], "aligned_model": [[-0.26545031957491094, 0.4078211841500419, 0.13999227841474476, -0.5200542833928381, -0.4618189180954827, -0.3513096150446487, -0.20913691465099732, -0.1652269024576914, 0.5191929125549541, 0.26198687536990795, 0.3042243632089509, -0.06241210585024976], [-0.6342186035455698, -0.5964837763177789, -0.4860326936608784, 0.4135469625251064, -0.23104362245523657, -0.12388131828730888, 0.3442226322258956, 0.5474046206849978, 0.02698831870989825, -0.0209763444889062, 0.7045283799279467, 0.06872187242281422], [0.1580904727128126, 0.10008828036551654, -0.5081974514692017, -0.17160084091980352, -0.5701548334114124, 0.5315445728138184, -0.8188178914817112, 0.6104487872273858, -0.4177396335762376, 0.6554253513381718, -0.15795599532776528, 0.038127642937847483]], "inverted": false, "swapped": true, "error_lsq": 0.04700481443987387, "error_max": 0.3023666704598351, "target": "763.xyz", "model": "16.xyz", "model_rescale": 3.795458400668931, "target_rescale": 4.041419317486809},
{"mapping": [11, 0, 4, 12, 6, 1, 3, 7, 10, 2, 8, 9, 13], "R": [[0.46603236453470825, -0.5605271080288616, 0.6845605863406029], [-0.013516307984508258, 0.7691172400737658, 0.6389647724560263], [-0.8846644248666592, -0.30703099548109886, 0.3508572689702021]], "T": [-0.04241287486124257, 0.11057186272796696, -0.018402383119557636], "aligned_model": [[0.0395877299349402, -0.04091046774214882, 0.3869769112176983, -0.3295107353246971, 0.6889797852324827, -0.4255539344669135, -0.6568510606367094, 0.2717929442393443, -0.5179226624627855, -0.36222615683123316, 0.10759950192094289, -0.011406242290940727, -0.0019238118857577147], [-0.45175404275631426, 0.17596026130660605, 0.4953131366775627, -0.630727170149065, 0.2600821025902479, 0.5903240848158631, -0.039972460085993644, -0.49928979241669313, -0.1024106070483218, 0.5039756545121874, 0.6191131861308512, 0.007451127498197596, 0.035715784395357136], [-0.57540175026933, -0.7501291164775591, -0.3894458360175347, -0.0893437313334127, 0.26340956539530325, -0.38366585606269654, -0.29816384356334924, 0.1467857294765391, 0.32158151237755794, 0.4221934699166887, 0.09973027671899536, 0.7936503402158331, 0.04107427045926039]], "inverted": true, "swapped": true, "error_lsq": 0.04022914018615162, "error_max": 0.28582024897839664, "target": "763.xyz", "model": "17.xyz", "model_rescale": 3.7474275329858107, "target_rescale": 4.041419317486809},
{"mapping": [12, 5, 4, 10, 9, 7, 2, 1, 6, 0, 8, 11, 3, 13], "R": [[-0.15290367152551881, 0.8595021828052978, 0.48772580922783365], [-0.25949258220959126, -0.5111304903572726, 0.8193956441215274], [0.9535638767341259, -0.0012726272285941143, 0.3011881694351926]], "T": [-0.0831505472664773, 0.09046519492599356, 0.07055958572224787], "aligned_model": [[-0.7079688384454202, -0.10770938950884049, 0.4345287744144213, -0.1256151226474945, -0.3393097071356839, -0.7587943830739229, -0.0395461345688167, -0.0010133567457988324, 0.08890862648616651, 0.6309561604795718, 0.5289540437404208, -0.48043567342861737, 0.20100876777694365, -0.03331995505540235], [-0.3147159060759791, -0.6169176174178397, -0.46747698167346186, -0.21673333001071146, -0.29054567222835415, 0.3839961863766297, 0.4739401781633058, 0.7755789704004108, -0.10266918255309748, 0.3616890238441579, -0.1395949730101943, 0.41631951865236827, 0.3886080878147855, 0.12963408720472222], [0.13887723873049146, 0.21964465116656895, -0.2610040876439287, 0.6872160513316496, -0.41620254281844854, -0.08680701247986573, -0.5251570551684679, 0.11945757543794376, -0.6561408783092908, -0.26948693368346277, 0.3693149036935791, 0.5782210379177183, 0.60996062428557, -0.014281392360775469]], "inverted": true, "swapped": false, "error_lsq": 0.04612295045988883, "error_max": 0.2564506406610001, "target": "763.xyz", "model": "18.xyz", "model_rescale": 3.922800546911778, "target_rescale": 4.041419317486809},
{"mapping": [8, 6, 10, 1, 13, 12, 7, 3, 11, 9, 2, 5, 0, 14], "R": [[-0.7905474791441407, -0.14598837294438202, 0.5947453893759048], [0.08852847666632499, -0.9882123270226404, -0.1248963792094798], [0.6059681444085857, -0.04608461441251575, 0.794152892254675]], "T": [-0.12242257890937155, -0.03051133919023969, 0.04852317048389677], "aligned_model": [[-0.6394545657594819, -0.06967520583684189, 0.499415581149101, 0.04596142343830745, -0.5113768260136031, -0.6385574229394204, -0.03973825690279173, 0.007376096248839253, 0.09342455644464373, 0.5913399157807128, 0.5623274986807014, -0.5752085145536784, 0.06271448003721103, -0.09790494748617233], [-0.33135192405773306, -0.6929759080653329, -0.48361891023990505, -0.27978423814159964, -0.10192447107512556, 0.5442339417594501, 0.512281726202522, 0.5943977111402755, -0.13043696135773383, 0.25347423453813406, 0.04407951614593877, 0.29536163889917966, 0.5197703636987382, 0.03760567003993371], [0.1772225142741073, 0.23325590048103562, -0.19357490678205747, 0.7249053653542287, -0.513107050457033, -0.09941847128965031, -0.5317784839291307, 0.0908342367348434, -0.6227953060700481, -0.22099209996091018, 0.24520183818426664, 0.5694122362354804, 0.6496529006978452, -0.015206493373695888]], "inverted": true, "swapped": false, "error_lsq": 0.03773856858058446, "error_max": 0.21506553760031366, "target": "763.xyz", "model": "19.xyz", "model_rescale": 3.9282355846067225, "target_rescale": 4.041419317486809},
{"mapping": [10, 0, 3, 1, 11, 12, 8, 7, 4, 6, 5, 10, 2, 13], "R": [[-0.04444822062543624, 0.20847996551915565, -0.9770161000005909], [0.8539755502691817, 0.5154277556352298, 0.07113359447742315], [0.5184111449666965, -0.8311860999186415, -0.200946639873269]], "T": [0.009312655157690926, 0.16289854351853875, -0.09141297757956014], "aligned_model": [[-0.6768985515349727, -0.15325076094507467, 0.5141448098236523, 0.1372583031820573, -0.5159781264397678, -0.620657292578802, -0.00016393038109590446, 0.04750027397662213, 0.08565415448949157, 0.6077113726441012, 0.5797647043121035, -0.6768985515349727, -0.011589560552144905, -0.025953032173670176], [0.03206216680076382, -0.615434943658701, -0.3932289627748349, -0.3220397051640955, -0.26324865998544256, 0.7267107843149909, 0.2878135532079238, 0.7370810534999471, -0.2812638080280546, 0.3697268456620994, 0.17267219760396946, 0.03206216680076382, 0.24477590741022243, 0.05342379379718974], [0.4127996475382848, -0.0021543271284399923, -0.04427741244246165, 0.4653325679103496, -0.32769951346432424, -0.0017025136161551574, -0.8416982658593003, 0.14723724215638007, -0.5344249705190124, -0.2526118683948992, 0.3113016702170431, 0.4127996475382848, 0.7280840663568083, 0.020626209806724694]], "inverted": false, "swapped": false, "error_lsq": 0.048907273164407364, "error_max": 0.3663056973392634, "target": "763.xyz", "model": "20.xyz", "model_rescale": 4.067790424073018, "target_rescale": 4.041419317486809},
{"mapping": [0, 7, 1, 8, 12, 3, 11, 6, 9, 13, 5, 2, 4, 14], "R": [[0.47564144666862085, -0.6683433624598303, -0.5719111505005559], [0.4935066834099868, 0.7409538448001126, -0.45545422745387454], [0.7281595756705095, -0.06560906745121922, 0.682260274842032]], "T": [-0.024257356300882982, 0.09052670316699019, 0.02900494309907489], "aligned_model": [[-0.6028810186894584, -0.08859213239317586, 0.5266662057336541, 0.12367195379624278, -0.4471706003174982, -0.7315710711427522, -0.07548873704448532, -0.029564501433363925, 0.009694195605953925, 0.5589991480794476, 0.48992703512804725, -0.5303294474553734, 0.0912656965389493, -0.003982914118660766], [-0.23690690721735425, -0.6471157646106563, -0.5053064998302929, -0.2588091096221864, -0.03873250735458031, 0.5163617872128916, 0.4810469693502999, 0.8051166158759855, -0.48593480093905994, 0.28409277315513415, 0.11518343895137685, 0.3621563049567942, 0.3180770604770954, 0.07188302908129521], [0.2788847494773897, 0.12070327200884509, -0.09253157108491428, 0.4547387869994245, -0.5966549576684032, -0.17621885338426424, -0.48373429014368075, 0.22107262273431386, -0.4911770691579791, -0.3063568491858842, 0.3179211556057555, 0.5021120446363121, 0.7888389735865803, -0.043985834324214435]], "inverted": true, "swapped": false, "error_lsq": 0.042779092136242404, "error_max": 0.2403609990084277, "target": "763.xyz", "model": "21.xyz", "model_rescale": 4.186013935880536, "target_rescale": 4.041419317486809},
{"mapping": [12, 11, 3, 9, 6, 10, 7, 5, 1, 0, 4, 8, 13], "R": [[0.8888919743001144, -0.44328296202280154, 0.11563422333001677], [-0.45300523271077237, -0.8881136836890812, 0.0777196499018725], [0.06824453942626992, -0.12146728129213283, -0.9902466270651944]], "T": [0.12261309848833937, -0.007713882784263312, 0.07687683006201383], "aligned_model": [[0.0854827970286891, -0.43474881693416556, 0.36587270173895126, 0.5659396588882959, -0.2064514587317585, 0.6232375103206673, -0.1799669748923349, -0.7908553941669696, 0.3180404646310351, -0.30638651593308375, -0.31480076687096914, 0.2252627714091101, 0.10794805893575782], [-0.3254226548123224, 0.0019700015821476624, 0.3027305801012028, -0.6519477109148889, -0.3599966767966176, -0.21791587093098846, -0.6128149653782494, -0.25763969954824006, 0.6793969312395316, 0.5455165621996179, 0.3476688333710216, 0.17751878258184967, -0.11010745314797117], [-0.6543307939432706, -0.4909583007559356, -0.49137782492139537, 0.32069901590695643, 0.7127383398365754, -0.22685078177294166, -0.1237263273210323, 0.02129523395024542, 0.06890534120485227, -0.14582772259870108, 0.4673213404053539, 0.5771019998079523, 0.06789004153668711]], "inverted": false, "swapped": true, "error_lsq": 0.04287054471666606, "error_max": 0.34728325192474957, "target": "763.xyz", "model": "22.xyz", "model_rescale": 4.166573947596378, "target_rescale": 4.041419317486809},
{"mapping": [0, 4, 3, 8, 1, 5, 6, 13, 2, 11, 9, 7, 10, 15], "R": [[0.8445969765888316, -0.42407113120913686, 0.32683271380326695], [0.2043997487290673, 0.8195989636920332, 0.5352366592774076], [-0.494850169098182, -0.38525473960737805, 0.7789108394120295]], "T": [0.10087949102020594, 0.1137962626427296, 0.02023261293195732], "aligned_model": [[-0.6095940273796294, -0.1191450621433223, 0.43023668314058167, 0.07472386808661939, -0.4717720922027849, -0.6354901191378219, -0.14474220329329074, -0.2529607681709763, 0.05533033743213364, 0.8150036298875694, 0.5939779065965252, -0.44306026596676146, -0.040980040393634926, 0.03911596583231987], [-0.2585637217156367, -0.5871566547405374, -0.378853560571062, -0.41968178529845734, -0.05812380742842277, 0.4965766072576925, 0.35423465122943276, 0.8463411861612872, -0.23014232212796135, 0.046670464908932285, 0.07101763977987344, 0.23036135680964392, 0.5545728749808485, 0.11385946024110913], [0.17297810235541136, 0.009853933744767833, -0.0809930937934897, 0.6275185389791553, -0.36785592671598655, -0.027735983185818214, -0.658712890435773, 0.2547281243995588, -0.5563441501295072, -0.30781337316138313, 0.36004595620172236, 0.46960079965753465, 0.6089032207143197, -0.010561078531230506]], "inverted": false, "swapped": false, "error_lsq": 0.04496273582924714, "error_max": 0.326831958491322, "target": "763.xyz", "model": "23.xyz", "model_rescale": 4.274766983524099, "target_rescale": 4.041419317486809},
{"mapping": [9, 10, 12, 7, 11, 5, 6, 4, 8, 1, 13], "R": [[0.5775505666788194, -0.6647469945692206, -0.47386366830573046], [0.017993143182778837, -0.569956178224298, 0.821478059172828], [-0.8161565963265742, -0.4829714154224255, -0.31721762586193164]], "T": [0.07472831219383272, 0.18428762965963838, 0.05786724691209171], "aligned_model": [[0.3643183612250914, 0.21144938826143986, -0.4769572842474952, -0.4480622538800042, -0.6769641308018843, -0.7190629790075024, 0.09880166419416711, 0.07911160533717598, 0.5009543971669956, 0.4178105832954154, 0.02849535241467606], [-0.19764611470377172, 0.4738965374992381, 0.5355638406278534, -0.11668621064473197, 0.40895693502637215, -0.24701390831313572, -0.6057624667164896, -0.06519272256649869, -0.04597742459470472, 0.6473488250507957, 0.12809924057855676], [-0.6064287271783141, -0.4755126998361298, -0.3995495638857906, -0.30825898704574994, 0.19077696265952457, 0.34743810894878163, 0.16717336900931723, 0.6964712093192097, 0.3035960514801013, 0.4800586198689604, -0.01619790931833278]], "inverted": false, "swapped": true, "error_lsq": 0.044494221655816873, "error_max": 0.24980192024137296, "target": "763.xyz", "model": "24.xyz", "model_rescale": 3.7841303162186577, "target_rescale": 4.041419317486809},
{"mapping": [13, 10, 0, 9, 11, 3, 6, 4, 7, 1, 8, 12, 2, 15], "R": [[-0.23482230836895468, -0.3096902833702466, -0.9213850508220395], [0.0015367621590081926, -0.948006737758434, 0.31824654519205503], [-0.97203709901132, 0.07331543869246404, 0.2230890508182536]], "T": [-0.032974422234387915, -0.008883570258676123, 0.07473530653363737], "aligned_model": [[-0.8126338965199188, -0.03935989312614756, 0.5818698908578849, -0.03867380131413325, -0.5613304625320279, -0.5833524474006163, -0.15407081844079074, 0.08972311771490075, 0.08468106143267175, 0.6182574203002106, 0.5099342763506929, -0.5173292397560033, 0.1696052198810737, -0.05667661516026973], [-0.05785746048082333, -0.7865022090590745, -0.22845309923614263, -0.21472052439068895, -0.21757349771816825, 0.5466424424789821, 0.3790262939729096, 0.7229290623125518, -0.3409085632084887, 0.3074450768656741, 0.07221298765574805, 0.16009270655618243, 0.40724807609466596, 0.03153109764341474], [0.11636053331211173, 0.051853356684360585, -0.26450744129496095, 0.6222198943695734, -0.44171021626681906, -0.1188538621175891, -0.5226657750695715, -0.0033667251807613513, -0.4718194952200445, -0.09517545851871005, 0.2941237222121992, 0.633322215658374, 0.6702090418325592, 0.023622389698559725]], "inverted": false, "swapped": false, "error_lsq": 0.0414928622209088, "error_max": 0.2892569376395532, "target": "763.xyz", "model": "25.xyz", "model_rescale": 4.19342608120988, "target_rescale": 4.041419317486809},
{"mapping": [3, 1, 0, 7, 11, 10, 5, 9, 4, 2, 6, 13], "R": [[-0.18910974813472692, -0.631386200505958, -0.7520564932045136], [0.21242613375639124, 0.7214356739418291, -0.6590946108575088], [0.9587036251406021, -0.28439766907404385, -0.002307589113927991]], "T": [0.005421203661577063, -0.009812153967479155, 0.03476344548425941], "aligned_model": [[-0.26545031957491094, 0.4078211841500419, 0.13999227841474476, -0.5200542833928381, -0.4618189180954827, -0.3513096150446487, -0.20913691465099732, -0.1652269024576914, 0.5191929125549541, 0.26198687536990795, 0.3042243632089509, -0.06241210585024976], [-0.6342186035455698, -0.5964837763177789, -0.4860326936608784, 0.4135469625251064, -0.23104362245523657, -0.12388131828730888, 0.3442226322258956, 0.5474046206849978, 0.02698831870989825, -0.0209763444889062, 0.7045283799279467, 0.06872187242281422], [0.1580904727128126, 0.10008828036551654, -0.5081974514692017, -0.17160084091980352, -0.5701548334114124, 0.5315445728138184, -0.8188178914817112, 0.6104487872273858, -0.4177396335762376, 0.6554253513381718, -0.15795599532776528, 0.038127642937847483]], "inverted": false, "swapped": true, "error_lsq": 0.04700481443987387, "error_max": 0.3023666704598351, "target": "763.xyz", "model": "26.xyz", "model_rescale": 3.795458400668931, "target_rescale": 4.041419317486809},
{"mapping": [6, 4, 5, 7, 12, 2, 8, 9, 1, 11, 10, 3, 13], "R": [[0.9928848569265063, -0.10551355330754048, -0.05519557006181307], [-0.0444467635703318, 0.10163980822237051, -0.9938278697001021], [0.11047237706392819, 0.9892099066694272, 0.09622689048758003]], "T": [-0.11452817994574865, -0.08046649304943204, 0.02738589116613504], "aligned_model": [[-0.023754855722306414, 0.3644523343346976, 0.6460164154018804, -0.02618813117122068, -0.09586609668062031, -0.7016866169236269, -0.21016506564801665, -0.7888308997348865, -0.04621142373928984, 0.4801726033835297, -0.6112584045076905, -0.1503268732361587, -0.1366766029350345], [-0.8140209782873393, -0.4935950445934884, -0.24567626437646956, -0.03566656888627277, 0.573666328217578, -0.20692832858669297, -0.5172871183617019, -0.32317669314736097, 0.06750219028015728, 0.35986924762610684, 0.2826598063038833, 0.564310912873109, -0.08977598580459412], [-0.27322104518958085, 0.29191783072444083, -0.515066470549633, -0.6712790144166522, -0.42949931466021085, 0.32809199098055286, 0.3357925115744807, -0.36939178414775864, 0.7229538320573525, -0.26522004172342684, -0.06458429127836768, 0.2752667141248753, -0.07362425539664638]], "inverted": true, "swapped": true, "error_lsq": 0.040326600304013485, "error_max": 0.25688708113148295, "target": "763.xyz", "model": "27.xyz", "model_rescale": 3.6321398670334006, "target_rescale": 4.041419317486809},
