[{"mapping": [3, 6, 0, 4, 2, 8, 5, 12, 10, 13, 14, 9, 11, 16], "R": [[-0.18403137307128534, -0.8842706180640193, -0.4291828605084028], [-0.485077869414556, 0.4614701807249737, -0.7427952159955633], [0.854887076946267, 0.07148948405421524, -0.5138650983866582]], "T": [0.03229003596931817, 0.18049544560845843, 0.060729002881947575], "aligned_model": [[0.15395655489423973, 0.20250268878543662, -0.3867257452371442, -0.32003328408163934, -0.6772571641635516, -0.1778123759404837, -0.607904244189672, -0.10563217738146219, -0.46069643195747534, 0.3639300643440223, 0.6508675506002325, 0.14317173871635672, 0.5983671405201579, -0.005242213780713684], [-0.6217578893756767, -0.47081162390335796, -0.3326907683849918, -0.3112126763799204, 0.19819685978674512, 0.2867655992781474, 0.31241214103123033, 0.5121885374530717, 0.6947401931393022, -0.12617757233123583, 0.3483496491514383, 0.7522615423507948, -0.200955127698782, 0.19396446769326942], [0.25201725840536526, -0.26420666453567876, 0.5146498594342708, -0.07750828391154582, 0.33675104290621216, -0.7595132883028595, -0.29285001632979923, 0.6703249476481019, 0.14224781388806226, 0.6877209037230754, 0.32238289468619763, 0.284895307718057, 0.026089126426634884, 0.054587185423739304]], "inverted": true, "swapped": true, "error_lsq": 0.05132271161127052, "error_max": 0.3894606808052319, "target": "764.xyz", "model": "0.xyz", "model_rescale": 3.8414455957264533, "target_rescale": 4.25508774972904},
{"mapping": [7, 15, 3, 14, 11, 13, 0, 6, 2, 4, 12, 1, 10, 5, 16], "R": [[0.821319061050256, 0.5701095735431198, 0.020250286664838087], [-0.5700149476384776, 0.8215641519311344, -0.010737957458451231], [-0.022758721937521854, -0.0027236769555490856, 0.9997372765680053]], "T": [-0.04526520883831222, 0.07135701710152836, -0.09725142599990697], "aligned_model": [[-0.6938578191223529, -0.6478651373178819, 0.13469211560608244, -0.28956279116799777, -0.38914329715358154, 0.2399087238468113, 0.642600765105486, -0.2983636980630129, 0.6253740815978872, 0.16134200990218084, 0.44295921798918425, -0.39460440874845315, 0.2644544739338614, 0.10097876817384974, -0.02686885107751864], [-0.010519354835124686, 0.15151191950564208, -0.6170116807824539, -0.30959345809548583, -0.5163771278980465, -0.6020139167560512, -0.20270336569286818, -0.3284075978531408, 0.40410686598876, 0.020912902487395787, 0.11867696864033549, 0.7466628940997726, 0.6822868854672455, 0.703462693278063, 0.10604990048897145], [0.13350873289372198, -0.45268737836138795, 0.3372232558562317, -0.621151570173734, -0.03839410366717935, -0.3470507567148964, 0.21373051498562093, 0.4814417926550445, 0.04231653611252728, 0.48566108459341395, -0.6072002383562892, -0.330055911539474, -0.3093057787305188, 0.26513506248906094, -0.08798945470260697]], "inverted": true, "swapped": true, "error_lsq": 0.03967516658725975, "error_max": 0.24353248109585898, "target": "764.xyz", "model": "1.xyz", "model_rescale": 4.316132596720782, "target_rescale": 4.25508774972904},
{"mapping": [14, 11, 13, 10, 12, 15, 2, 8, 3, 7, 4, 16], "R": [[0.2804044999040296, -0.6283056748429238, 0.7256757508651844], [-0.24779320169346125, 0.6829987780928957, 0.6871034844316504], [-0.9273466696053178, -0.37248442663256376, 0.035826055994702746]], "T": [-0.08433801831000748, 0.047536256178175196, -0.04396800262133393], "aligned_model": [[-0.17381520106613024, 0.3989210285499037, 0.16378424638848543, -0.6900185053590342, -0.5395451147580498, -0.3271349026583358, -0.28719716871011886, -0.0812539522489964, 0.6791860182480796, 0.21141086612307242, 0.34693938106106287, -0.10346814093815815], [-0.6278873899791628, -0.3889834632507339, -0.5360178412175822, 0.3875391724206061, -0.17426143735048938, -0.2626448203759349, 0.5091765714408509, 0.6421517868369484, -0.09483194727358302, 0.020442703142498547, 0.45637295031512576, 0.0817201430324368], [0.07880278514135644, 0.16353856930273944, -0.48561520259717306, -0.221950583298611, -0.5381768071534511, 0.5397473142177792, -0.6146650503468192, 0.5681240203092982, -0.34689817983323024, 0.5824702641453755, -0.22249113518400804, -0.05362753349383507]], "inverted": true, "swapped": true, "error_lsq": 0.04686001410488649, "error_max": 0.265004290164872, "target": "764.xyz", "model": "2.xyz", "model_rescale": 3.795458400668931, "target_rescale": 4.25508774972904},
{"mapping": [3, 14, 12, 1, 4, 5, 9, 7, 15, 8, 2, 16], "R": [[-0.7556476488920817, -0.35888944928913447, 0.5479005328641428], [0.11943734922970489, 0.7469878632146792, 0.654021293092931], [-0.6439963899998594, 0.5596494397378682, -0.5215948180994894]], "T": [-0.00655849158827531, -0.026893863163609696, -0.04837627865881614], "aligned_model": [[0.003328749013788858, -0.15368018070884124, -0.6864857850154726, 0.23388808517579832, 0.14856560769538094, 0.1616360450609365, -0.3135090581409176, 0.6414368830472356, 0.29330899429838625, 0.7069084423757067, -0.4303098667324737, -0.011784090325962785], [-0.01895538949914027, -0.7033714794189204, -0.07013696131327896, -0.001957275548289835, 0.43529426015870565, 0.6273416836775457, -0.28797203551228373, -0.269633715063365, -0.5381549938284436, 0.30244147183324077, 0.6031874117826141, 0.007686068021325081], [-0.8819490560039156, -0.04534681564345692, 0.14261840740218756, 0.709144310440985, -0.43222103767256775, 0.26139024761073465, 0.42815419384846526, -0.09087009091256118, 0.33185752519538764, 0.2843953495818507, 0.009856829492859619, -0.028258432700868787]], "inverted": true, "swapped": true, "error_lsq": 0.041807707546251995, "error_max": 0.23502388364960236, "target": "764.xyz", "model": "3.xyz", "model_rescale": 3.7530521520055578, "target_rescale": 4.25508774972904},
{"mapping": [2, 13, 3, 11, 4, 14, 5, 9, 1, 7, 16], "R": [[0.14319501433485046, 0.6739035659299486, -0.7248097486213481], [0.41394039221223483, 0.6244417822332269, 0.6623638066022123], [0.8989708224212973, -0.39487522640486195, -0.18953895643610005]], "T": [-0.10341232455026547, -0.05387522107368356, 0.04408067087641676], "aligned_model": [[-0.48791448870376186, -0.10151786294103671, 0.4562566169922072, 0.3890535045205452, 0.2455061920008411, -0.18391913529889473, -0.2135073456871965, -0.6365665384759949, -0.42714101261798076, 0.42021098334851603, -0.12226131069203952], [-0.7103158501256895, 0.08824093959638699, -0.27857978212821555, 0.31040985140725685, -0.5663386288809588, 0.5633611323071638, -0.5641973071122406, 0.265639134061856, 0.16321252348245865, 0.2780924367761558, -0.08232109106982778], [0.00940326972599842, -0.715492696195254, -0.5314911214620246, -0.2591049857418987, 0.018482409071676253, -0.25892736835441843, 0.5729656380747739, 0.09992791474290305, 0.737150999396583, 0.3543103775391047, 0.06560634044787297]], "inverted": false, "swapped": true, "error_lsq": 0.044187557012031926, "error_max": 0.2175827586331956, "target": "764.xyz", "model": "4.xyz", "model_rescale": 3.7855080009869324, "target_rescale": 4.25508774972904},
{"mapping": [3, 13, 9, 5, 10, 15, 7, 6, 8, 12, 14, 4, 2, 0, 1, 11, 16], "R": [[-0.016958860934870035, 0.32607123237028857, 0.9451930746976055], [-0.9929057751266797, 0.10577795204856616, -0.05430604552440865], [-0.11768822692130099, -0.9394086311509666, 0.32196413614436603]], "T": [0.03201626257403436, -0.016461988633908888, -0.03220996373067368], "aligned_model": [[-0.6379550906893352, 0.7166001139499282, -0.3779172278193089, -0.5503452613908504, -0.1360485689301558, 0.2990709109004446, 0.07847203583562071, 0.4991958221361834, 0.5189497452470957, 0.25964880172024557, -0.0011130989967411617, -0.04525284146318254, -0.521071538814182, -0.5609306620057088, -0.15404112074971327, 0.567209445073436, 0.015084193218984746], [-0.16601628212038735, -0.20615317852719572, -0.5765887239774067, 0.36875674692907806, -0.19471640809855548, -0.7174353715025467, 0.4794531564809941, 0.4344608783979188, -0.18066870200984797, -0.16495473280774242, -0.615956439521667, 0.7186077151394221, -0.29367223360041544, 0.4411583383966233, 0.387544085945489, 0.2739592629902503, -0.06399388463730007], [-0.13798569112335035, 0.11002168460265484, -0.19072366363200233, -0.4415567919776433, -0.7184634507360765, -0.37373044335497324, -0.5919237315193904, -0.09920918150279108, -0.5130860524456106, 0.5916478686796649, 0.2795692005660568, -0.005699588003024461, 0.37156478983850383, 0.18566950808896915, 0.5803793610237136, 0.47931714435995226, -0.013749842239639227]], "inverted": false, "swapped": false, "error_lsq": 0.03463712505300545, "error_max": 0.2110930463869559, "target": "764.xyz", "model": "5.xyz", "model_rescale": 4.2253639853439635, "target_rescale": 4.25508774972904},
{"mapping": [5, 0, 14, 9, 12, 11, 15, 1, 3, 4, 13, 7, 8, 16], "R": [[0.6460570558442018, -0.6749360353375105, -0.356471077083127], [-0.16137986936718973, 0.33567949816368775, -0.9280494665025154], [0.7460340597834327, 0.6571001618592538, 0.10794701907691491]], "T": [0.053876890532432324, -0.05381344537279283, -0.01638968827300214], "aligned_model": [[0.7482798189468429, -0.17848680613138762, -0.45577629086132937, 0.03573805522371747, -0.15860799652267407, -0.41681560346121843, 0.0798202579702516, 0.6369024684819833, -0.4432088857130673, 0.19411958227399484, -0.696674328767104, 0.15374734046916816, 0.7883971107323076, 0.08662743011629848], [0.03678663523810436, 0.30984240389982326, -0.38476604528843367, -0.6771904031864583, -0.5629613849868106, 0.23640867458367562, -0.38875991687583117, -0.5102699622231575, 0.6009132638471163, 0.4961908614826391, -0.041950151483816554, 0.21654562957381154, 0.17339652218734147, -0.059086980133013695], [-0.26511655073277457, -0.6936931615467808, 0.3152727088337732, 0.006716690338708219, -0.4594118190388775, 0.3853159830834454, 0.602499640547393, 0.27344208408985066, -0.1551088985870196, -0.2670795293010167, -0.19992285023309084, 0.6141324994037184, 0.3538662530138954, -0.03935484093977538]], "inverted": false, "swapped": true, "error_lsq": 0.04372338965937402, "error_max": 0.2919967027572116, "target": "764.xyz", "model": "6.xyz", "model_rescale": 3.89814844738969, "target_rescale": 4.25508774972904},
{"mapping": [1, 15, 7, 10, 4, 14, 9, 5, 12, 13, 11, 0, 16], "R": [[-0.37233624874134735, -0.0921752468636226, 0.9235093078788389], [0.21214722072321074, -0.9771640626932594, -0.011997971504454363], [0.9035260232072119, 0.19145265327603747, 0.38338832394965616]], "T": [0.010877115549664362, 0.0893270787051738, 0.010125774929454292], "aligned_model": [[-0.0019509044977961687, -0.10556279655546394, 0.435876758951585, -0.21461447793840358, 0.477585556846218, -0.44264197929339205, -0.5089184983996093, 0.3789657093829642, -0.6242286702037738, -0.40403854623833474, 0.10812885980901923, 0.032378150864964594, 0.01765263817624492], [-0.3972599818499356, 0.2511812439629623, 0.4101515608716849, -0.5905769158442348, 0.048512607849022976, 0.542181326241255, -0.10381420695813827, -0.5556434870639484, -0.1341913828673449, 0.6055427008208115, 0.7630628265661147, 0.07452896391293558, 0.05010600982930028], [-0.6186367454163184, -0.6652490650459204, -0.4338036339634664, -0.021697705895513886, 0.41698638537530225, -0.2516363221197208, -0.27617951161507565, 0.03827910666080532, 0.22768082135936274, 0.40826986588118147, -0.05127446535261462, 0.8128070195248128, 0.01672928144346071]], "inverted": true, "swapped": true, "error_lsq": 0.0509449716482608, "error_max": 0.30048763775927134, "target": "764.xyz", "model": "7.xyz", "model_rescale": 3.7474275329858107, "target_rescale": 4.25508774972904},
{"mapping": [14, 9, 10, 12, 5, 0, 13, 3, 2, 4, 11, 6, 7, 8, 16], "R": [[-0.6159940661433694, 0.7405526842784641, 0.26857593392580725], [-0.7662046718596079, -0.6424420802439934, 0.014091641220278797], [0.18298008442633543, -0.19710376794909779, 0.9631554357234346]], "T": [0.01770997396404387, -0.005767047346258339, -0.07277467773422364], "aligned_model": [[-0.4745588292192331, 0.05994894167051094, 0.5184264527071246, -0.11829017720986759, 0.71261833708269, -0.21109295286301047, -0.7188702828440674, -0.5330361967891206, 0.3226799257133698, 0.1167879719686673, -0.5011148102778894, -0.18258259240002325, 0.05489273978533476, 0.7042884042867052, 0.05205679072755592], [0.2546899885748516, -0.04955076790045445, -0.37680296761802895, -0.5129697930042817, -0.1969162031854732, -0.6550379013894709, -0.23648734543113648, -0.10763025937155324, -0.6989440196178249, -0.18740036431620977, 0.39205248193990927, 0.30185480114181007, 0.6549079719384161, 0.4342849927485, -0.02693265252946007], [-0.484003923048818, -0.6938709738376933, -0.42737866566027216, -0.5470102665147293, 0.10842471739725043, 0.34083750524828804, -0.1097876674149671, 0.5447258432844094, 0.007585446095324452, 0.5122133862627978, 0.12649452357086352, 0.578384381272858, 0.1339916786883379, 0.17861753838136862, -0.07242886802875682]], "inverted": true, "swapped": true, "error_lsq": 0.04075409787977423, "error_max": 0.2829739587966298, "target": "764.xyz", "model": "8.xyz", "model_rescale": 4.019505241142653, "target_rescale": 4.25508774972904},
{"mapping": [11, 7, 15, 14, 13, 12, 1, 3, 0, 4, 8, 2, 16], "R": [[0.44625536801931603, 0.5477299321113652, -0.7077062017413898], [-0.7370573828012897, 0.6734670449242355, 0.05646728131520981], [0.5075456245226215, 0.49642125344338095, 0.7042466742254768]], "T": [0.0661213822986107, 0.00016541626293421763, 0.011135794577204088], "aligned_model": [[-0.3241384431714572, -0.5474323394019089, -0.062370323482416945, 0.20315187937362142, 0.2984097473410477, 0.7668790002591823, 0.13866481726110594, -0.266657797021389, 0.24383234203794182, -0.2260614379941503, -0.4622899576254826, 0.4789789356752174, 0.07873434848986464], [-0.4916497696500062, 0.07985147222118216, 0.18549865382174563, -0.3540244647702312, -0.7355537209326689, -0.09774633255619532, 0.7174459728478337, -0.6781161660558641, -0.39575856183997365, -0.052800665922429435, 0.6695895780582519, 0.18611760706622166, 0.030524625826192458], [-0.2589805521021781, -0.30163940968689323, -0.6559681486097327, -0.5676976058027369, -0.03258786838753459, 0.012588482349132506, -0.3243040447064843, 0.3635509828422419, 0.6868883213929621, 0.5559678239264301, 0.04091049430126325, 0.6234503862821567, 0.03452463224525204]], "inverted": true, "swapped": true, "error_lsq": 0.046429151948591305, "error_max": 0.2588053715455626, "target": "764.xyz", "model": "9.xyz", "model_rescale": 3.877068213659057, "target_rescale": 4.25508774972904},
{"mapping": [13, 0, 5, 6, 4, 3, 7, 2, 12, 9, 15, 14, 11, 8, 1, 16], "R": [[0.16743114103022333, 0.9723658519451646, -0.16270053160414624], [0.26949550875500744, 0.11360423861015817, 0.9562772860058353], [0.9483348479172308, -0.20395765967661175, -0.2430273426695897]], "T": [-0.060294502629179944, 0.05219626180540527, -0.05868012445030398], "aligned_model": [[0.17593749909357886, -0.2880902995854425, -0.5454505961926951, 0.493751330849689, -0.06840710108614098, 0.3746851403821961, 0.483072123444437, -0.733121625876707, -0.516082975020429, -0.3149152409960146, 0.2380076112812507, 0.28795711840065197, 0.6008973554509552, -0.04164726934790727, -0.33532475809730267, -0.09585978738302492], [0.15478092271042032, -0.4725672871260742, -0.29199737654882574, -0.4482103324709211, -0.5679996594445454, -0.46391144914182436, 0.025421644685071333, -0.26172161517233233, 0.3906339713742209, 0.6219369994106863, 0.5794457003015494, 0.5974327883506136, 0.059886314765658664, -0.18918244617089705, 0.4276214093026335, 0.04022929230811472], [-0.7872562157283849, -0.6223384888414375, 0.3867670193287973, -0.021492912342082456, -0.0762685169946909, -0.5479958639152982, 0.3710432689978781, -0.22814388044464465, -0.48101511609251046, -0.0637323634037836, 0.3003603702799949, -0.30508197696226835, -0.23163659038300885, 0.7596244553523767, 0.586058698479874, -0.04385756022076924]], "inverted": false, "swapped": true, "error_lsq": 0.03726994253876941, "error_max": 0.2793197401360085, "target": "764.xyz", "model": "10.xyz", "model_rescale": 4.260839863003843, "target_rescale": 4.25508774972904},
{"mapping": [1, 14, 13, 12, 0, 2, 5, 7, 11, 3, 4, 16], "R": [[0.9277710942241314, 0.34196189016160117, -0.149341428944761], [0.10380449167649766, -0.6209410220306893, -0.7769535859157013], [-0.3584207363280506, 0.7053327674485201, -0.6115883116390225]], "T": [0.09585533966199677, -0.003848746386381505, -0.1293301154150972], "aligned_model": [[0.5555341905362997, 0.14530143175007862, -0.38483134750923903, -0.44559965626155096, -0.5745327489163814, -0.4380162454439568, 0.17412872876217766, 0.7339403139139739, 0.2892186088539951, -0.17090690356293664, -0.01377601670189249, 0.08843829367356258], [0.0946101532980619, -0.6943394829497148, -0.4946622079024712, -0.2348576768877313, 0.27986040235576976, 0.4821013580226055, 0.674074071578521, -0.054893723236936455, -0.38562003158286334, -0.0010389015155207269, 0.4797977518039776, 0.028046792549236345], [-0.7706373987991058, -0.12201157404679652, 0.2244985816176922, -0.5219003911701661, 0.20988572849320292, -0.371801479705427, -0.4235456540047341, 0.13688096869179645, 0.40359490852423086, 0.6605017416171894, 0.24361113603224704, -0.1528984898546249]], "inverted": false, "swapped": true, "error_lsq": 0.04209993753666643, "error_max": 0.24091485831595275, "target": "764.xyz", "model": "11.xyz", "model_rescale": 3.890672605050136, "target_rescale": 4.25508774972904},
{"mapping": [4, 3, 11, 8, 7, 10, 0, 1, 5, 12, 14, 13, 9, 16], "R": [[0.7171255112042135, 0.5647579478422624, -0.4083864120279865], [-0.3610272711744244, 0.802244246178517, 0.4754613327514783], [0.596146215830013, -0.19352681938806238, 0.7792028359349676]], "T": [0.09973986055654496, 0.004279197350086978, 0.11001974568591111], "aligned_model": [[0.16464465506422654, 0.1634652343511066, 0.47026519301252157, 0.6890545471326865, 0.7884351292509962, -0.3066164462775688, -0.3723371208280306, 0.27563218013618673, 0.08448105186672894, -0.5611056608901848, 0.11971550442409198, -0.22400217176381618, -0.16676911929267405, 0.08501285860742253], [-0.26816702631686723, 0.3563045276970553, 0.5398927987746123, -0.6006226089850751, 0.07416435783994632, -0.47171029137089926, -0.0270509009298023, -0.4047168531646014, -0.7385654002288832, 0.12583647737813566, 0.6256487815837708, 0.6548602864759848, 0.09942200806199947, -0.03314363698761127], [-0.44367563031123947, -0.6429886178470038, -0.09728871335848438, 0.2326402585600596, 0.1479836305025584, 0.4599300098867787, -0.5389334172887272, 0.7688504941834653, 0.09525741824751394, 0.331733715575812, 0.41461250297283864, -0.15282552258770293, 0.6662414306654618, 0.11325287615553048]], "inverted": false, "swapped": true, "error_lsq": 0.047646597590550455, "error_max": 0.27075463859446447, "target": "764.xyz", "model": "12.xyz", "model_rescale": 4.124412569039231, "target_rescale": 4.25508774972904},
{"mapping": [12, 13, 3, 9, 0, 2, 14, 5, 11, 15, 4, 6, 16], "R": [[0.30153228272821936, 0.045946219401319814, 0.9523482700123076], [0.07572859312410979, -0.9968368107527508, 0.02411540818082406], [0.9504438240401967, 0.06484842057452524, -0.3040579216084285]], "T": [0.03975753885162471, 0.0380065295294382, -0.1389033604433733], "aligned_model": [[-0.3059162047485737, -0.015530848050070337, 0.6025061278244266, -0.5433768980841986, 0.5748690376979524, 0.32021722185608026, -0.4720052151519598, 0.3338733494626545, 0.07942507271093148, -0.48438203978690897, 0.6585197493968371, 0.5702033737573224, 0.04889558062526381], [-0.26245809804003206, 0.468255487694612, 0.5515648190731197, -0.1654511659832473, -0.065639634930495, -0.5845396145812874, 0.4769063424234231, -0.5719633920580717, 0.7202122085440911, 0.26464690296690074, -0.008324301002277497, 0.5252572099124396, -0.000981387510697887], [0.4004302381329819, 0.5006131134215117, 0.19958779287049971, -0.04934361385969606, 0.45092001612063576, 0.1983463994103149, 0.01839181496454831, -0.4450102672805706, -0.1519282401587929, -0.5509689397470279, -0.13668356663808803, -0.33882940835211317, -0.14382725791636533]], "inverted": true, "swapped": true, "error_lsq": 0.043587582737539, "error_max": 0.2852434282138592, "target": "764.xyz", "model": "13.xyz", "model_rescale": 3.9028299243045295, "target_rescale": 4.25508774972904},
{"mapping": [1, 2, 5, 9, 15, 7, 12, 14, 8, 13, 11, 0, 4, 6, 3, 16], "R": [[0.44639386896393557, 0.206111800975308, -0.8707757686397368], [-0.8651099759272234, -0.1493332727460318, -0.47883640546867245], [-0.2287296292626041, 0.9670664398838762, 0.11164791779391756]], "T": [-0.05330240702346125, 0.006475815362748855, 0.03475080384496071], "aligned_model": [[-0.04433139152040599, -0.21795063283864125, 0.24572621454340696, -0.5549758569575115, -0.07934789941340228, 0.44642703308243004, -0.7268775237680171, -0.4298961238829648, 0.6059622368642096, -0.45749659321642366, 0.11445666696636034, -0.12090139623832927, 0.36019436444562025, 0.5444640051512805, 0.19347971801622457, -0.05109354965323973], [-0.6352688259167172, 0.4856183249705569, 0.053044833750182985, -0.33948559828424385, -0.6719495047771764, -0.379296210122262, 0.14803163730988272, -0.2874636553503509, -0.3777803917963677, 0.3744879362049399, -0.022736964888202957, 0.8060111909890215, 0.459148163243532, 0.2181805661055622, 0.6092014872108199, 0.012509293471922887], [-0.4346713610125388, -0.533819467170072, -0.6439848322583328, -0.0997713263439689, 0.22169174567770714, 0.3212412860146696, -0.12928751900609411, 0.5358023923357709, -0.3472846419958017, 0.5809617803311777, 0.6966807516324975, 0.0008093995506267548, -0.06078092904961184, 0.4304942168331858, 0.5551590083131992, -0.005080394228082236]], "inverted": false, "swapped": true, "error_lsq": 0.04340246698613997, "error_max": 0.2996746019692203, "target": "764.xyz", "model": "14.xyz", "model_rescale": 3.942246331269136, "target_rescale": 4.25508774972904},
{"mapping": [14, 11, 15, 6, 4, 7, 10, 9, 12, 1, 5, 2, 3, 0, 16], "R": [[0.5389520435434805, -0.39028361013830826, -0.7464645995743637], [0.37762549565016124, -0.6801921554149413, 0.6282814789144642], [-0.7529473286992101, -0.620497651381039, -0.21920991044051433]], "T": [-0.08611389864622282, 0.008663466339042344, -0.06170220328430945], "aligned_model": [[-0.6689923262668491, -0.33532557862607204, -0.18211168082186746, 0.15633328056159948, 0.28179753685791314, 0.1709118202387812, 0.06843655137221274, -0.39649210551789715, -0.5431559557738346, 0.22774916156071562, 0.5502021942431539, 0.08835404052953355, -0.22058585872498815, -0.16146097360248157, -0.06136606949771027], [0.020890600588860594, -0.5091448213919482, 0.2529940997483257, -0.6794948181044818, -0.3795205297549813, -0.2407560437874825, 0.6375589828385657, 0.5415216573617081, 0.3941718869293388, 0.6579390561502497, 0.2865392027077006, 0.22528854144107546, -0.7871192127235362, -0.35391523544472836, 0.031191323322984403], [-0.4350374014010425, -0.4317236417613859, -0.715134040440477, -0.22422597010265588, 0.25289675943307655, -0.6552963854736893, 0.246085421866124, -0.157562886419269, 0.3166440345176451, -0.39667238181131237, 0.2031671206734992, 0.6472359117132308, 0.1472273821702809, 0.6509253028186469, -0.03916674542215521]], "inverted": false, "swapped": true, "error_lsq": 0.03480506910527364, "error_max": 0.2145782552808108, "target": "764.xyz", "model": "15.xyz", "model_rescale": 4.355366556412066, "target_rescale": 4.25508774972904},
{"mapping": [14, 11, 13, 10, 12, 15, 2, 8, 3, 7, 4, 16], "R": [[0.2804044999040296, -0.6283056748429238, 0.7256757508651844], [-0.24779320169346125, 0.6829987780928957, 0.6871034844316504], [-0.9273466696053178, -0.37248442663256376, 0.035826055994702746]], "T": [-0.08433801831000748, 0.047536256178175196, -0.04396800262133393], "aligned_model": [[-0.17381520106613024, 0.3989210285499037, 0.16378424638848543, -0.6900185053590342, -0.5395451147580498, -0.3271349026583358, -0.28719716871011886, -0.0812539522489964, 0.6791860182480796, 0.21141086612307242, 0.34693938106106287, -0.10346814093815815], [-0.6278873899791628, -0.3889834632507339, -0.5360178412175822, 0.3875391724206061, -0.17426143735048938, -0.2626448203759349, 0.5091765714408509, 0.6421517868369484, -0.09483194727358302, 0.020442703142498547, 0.45637295031512576, 0.0817201430324368], [0.07880278514135644, 0.16353856930273944, -0.48561520259717306, -0.221950583298611, -0.5381768071534511, 0.5397473142177792, -0.6146650503468192, 0.5681240203092982, -0.34689817983323024, 0.5824702641453755, -0.22249113518400804, -0.05362753349383507]], "inverted": true, "swapped": true, "error_lsq": 0.04686001410488649, "error_max": 0.265004290164872, "target": "764.xyz", "model": "16.xyz", "model_rescale": 3.795458400668931, "target_rescale": 4.25508774972904},
{"mapping": [1, 15, 7, 10, 4, 14, 9, 5, 12, 13, 11, 0, 16], "R": [[-0.37233624874134735, -0.0921752468636226, 0.9235093078788389], [0.21214722072321074, -0.9771640626932594, -0.011997971504454363], [0.9035260232072119, 0.19145265327603747, 0.38338832394965616]], "T": [0.010877115549664362, 0.0893270787051738, 0.010125774929454292], "aligned_model": [[-0.0019509044977961687, -0.10556279655546394, 0.435876758951585, -0.21461447793840358, 0.477585556846218, -0.44264197929339205, -0.5089184983996093, 0.3789657093829642, -0.6242286702037738, -0.40403854623833474, 0.10812885980901923, 0.032378150864964594, 0.01765263817624492], [-0.3972599818499356, 0.2511812439629623, 0.4101515608716849, -0.5905769158442348, 0.048512607849022976, 0.542181326241255, -0.10381420695813827, -0.5556434870639484, -0.1341913828673449, 0.6055427008208115, 0.7630628265661147, 0.07452896391293558, 0.05010600982930028], [-0.6186367454163184, -0.6652490650459204, -0.4338036339634664, -0.021697705895513886, 0.41698638537530225, -0.2516363221197208, -0.27617951161507565, 0.03827910666080532, 0.22768082135936274, 0.40826986588118147, -0.05127446535261462, 0.8128070195248128, 0.01672928144346071]], "inverted": true, "swapped": true, "error_lsq": 0.0509449716482608, "error_max": 0.30048763775927134, "target": "764.xyz", "model": "17.xyz", "model_rescale": 3.7474275329858107, "target_rescale": 4.25508774972904},
{"mapping": [13, 15, 11, 9, 0, 2, 3, 8, 12, 4, 10, 1, 5, 16], "R": [[-0.2375574982555298, 0.8735641526504716, -0.4247965468628929], [0.9500207275894961, 0.11775197725659647, -0.2891281532512649], [-0.20255135687745676, -0.4722500852898028, -0.8578769170288216]], "T": [0.10460071838532757, -0.005039896906159816, -0.045641321839616715], "aligned_model": [[0.49286456638752996, 0.06333651812448012, 0.7347037870262774, -0.32900980347319664, 0.2683308205469256, -0.3193150817850351, 0.8252237887567175, -0.03512937562129735, -0.29469920501326646, 0.33284677395219253, -0.5999398343802783, -0.46993152227140533, -0.3277708096509637, 0.073337025284197], [-0.6201280788659692, 0.42694045875946596, 0.04306311914846469, -0.09549293555555714, -0.6082448352714442, -0.37904023717895874, -0.32540237927688337, 0.7777359742842761, -0.553594372379939, -0.019907320558890093, -0.0617953012001294, 0.5148140103557304, 0.2637778395017961, -0.0023177002507284686], [-0.3065436116357861, -0.6002370633576533, -0.3060332801440761, -0.4852569684499186, 0.4586549354576928, 0.4646310325959479, 0.2246818594812719, 0.2641509014493989, -0.2463839894514661, 0.5311609357610209, 0.07489941012269477, -0.2243546457415237, 0.49570952561733356, -0.020284323043281923]], "inverted": false, "swapped": true, "error_lsq": 0.03903300645039976, "error_max": 0.2170679058154317, "target": "764.xyz", "model": "18.xyz", "model_rescale": 3.922800546911778, "target_rescale": 4.25508774972904},
{"mapping": [6, 7, 8, 4, 9, 3, 15, 2, 14, 5, 1, 10, 0, 12, 16], "R": [[-0.5190968116340442, 0.8547085976144086, -0.0034224721153751636], [0.40757675001807403, 0.2510524216451848, 0.8779828440412677], [0.7512787052726, 0.45436317494940026, -0.47867986405720764]], "T": [-0.014339508101209889, 0.007174638264549921, 0.015037859133863752], "aligned_model": [[-0.4252507806642701, -0.13413917546704396, 0.5054561128935271, -0.0485791540512951, 0.19816855193109362, -0.6878315283318107, 0.02683306146686533, 0.35945160106591856, -0.41262283813101885, 0.6276813278759195, 0.6370278872725027, 0.6130113057241474, -0.24413444122628264, 0.05951464157548282, 0.021464264953882345], [0.3981005372177304, -0.11114676851577579, 0.14028634076441424, 0.6172187193712227, -0.5062303872545864, 0.4978406270870561, -0.6027983366236159, 0.4488863634783393, -0.5550272855477161, 0.37170000452552265, -0.39197515483308765, -0.04501581910638436, 0.6277165447331059, -0.19504278707587408, 0.023098906814227667], [-0.4718762005760225, -0.6574756721246141, -0.6485339699484749, -0.09309174963738052, 0.29914586290166817, -0.010647508689148643, -0.33442456779548674, 0.5101435997345238, 0.0826789726113231, -0.06981116696440313, -0.20558351676554112, 0.35830997717132057, 0.4701208078065218, 0.689058435565014, 0.024645863874029096]], "inverted": true, "swapped": true, "error_lsq": 0.03792242423313665, "error_max": 0.25987038647884747, "target": "764.xyz", "model": "19.xyz", "model_rescale": 3.9282355846067225, "target_rescale": 4.25508774972904},
{"mapping": [9, 10, 2, 1, 15, 5, 8, 4, 7, 11, 13, 14, 3, 16], "R": [[0.5739484568372908, 0.16932793464434331, 0.801193621694016], [-0.5706609851890143, -0.6189932250812697, 0.5396234124707642], [0.5873067417263286, -0.7669259663439294, -0.25864136032397045]], "T": [0.005184635382251994, -0.14966042962109016, 0.07971865170268355], "aligned_model": [[-0.4956231242027913, -0.10101391353060138, 0.44141105139507136, -0.5150055920686996, -0.6424807403385373, 0.25167574955485256, -0.02813734821657444, 0.5948150289834248, -0.17587859800264707, -0.03376848785085214, 0.10748090868700463, -0.475159754700498, 0.5878055648946805, 0.016402074480843718], [-0.5186735189698124, -0.6337465472300436, -0.6788863304437512, -0.12314228860618257, 0.12672386677978342, -0.1868971457109133, 0.3822985958372004, 0.015411606263589506, 0.5194842140016777, 0.2728364732921258, -0.39196544661969424, -0.1699204213470646, 0.07535885655898994, -0.16599982638106875], [0.029892138272117758, -0.43846194752594647, -0.25131789572148866, -0.5210914248200132, 0.07447649474665943, -0.6203702078823613, -0.5867219127454167, -0.020806810005818493, 0.07034225813413483, 0.6155607650467649, 0.8063382518224784, 0.5778498934468767, 0.6319174613380798, 0.04457609313761558]], "inverted": true, "swapped": true, "error_lsq": 0.03906339539310461, "error_max": 0.35003372730261223, "target": "764.xyz", "model": "20.xyz", "model_rescale": 4.067790424073018, "target_rescale": 4.25508774972904},
{"mapping": [14, 1, 13, 3, 12, 10, 0, 15, 9, 7, 8, 4, 6, 5, 16], "R": [[0.5215252133494463, 0.7573570748031975, -0.392965282291399], [0.8335866841478969, -0.353989936255675, 0.42405703041102605], [0.18205683687279955, -0.5487270599079724, -0.8159374497304458]], "T": [0.03576599627080235, 0.013907841918579677, -0.014480240194558307], "aligned_model": [[0.156220143896206, 0.01647089819202023, -0.0872172779153968, 0.2857391224405115, -0.6032980809140565, -0.515520012003266, -0.333688821235563, 0.3783029969439651, -0.2774605168747229, 0.7092913122120226, 0.44479576314953106, 0.11343365475299677, 0.6184412202372916, -0.14950406088279777, 0.012437611908773277], [0.05309450757223631, 0.8004299636665442, -0.5436841466189598, -0.7813085593105943, 0.01745663105809682, 0.418531340358198, -0.6615325728350153, 0.516081727670875, 0.41586076045056747, 0.17587279848484638, 0.48803806906565256, -0.3631175883649404, -0.4046625582747583, 0.281994849204579, 0.027839917800519524], [-0.695091096635376, 0.10077809477857143, -0.5351707247073636, -0.0022874787874092185, -0.31818169118856554, 0.2011402506257146, 0.21412825283450213, -0.3699742486565618, -0.3747367548590932, 0.013040060675064009, 0.5652860599747387, 0.4721795036578732, 0.19538837916645804, 0.6534068881085938, 0.015344078633994207]], "inverted": false, "swapped": true, "error_lsq": 0.039168655726253734, "error_max": 0.2666960671993685, "target": "764.xyz", "model": "21.xyz", "model_rescale": 4.186013935880536, "target_rescale": 4.25508774972904},
{"mapping": [6, 7, 11, 0, 5, 3, 4, 8, 14, 15, 1, 12, 16], "R": [[0.9420045250514895, -0.2629510441753955, -0.20852871061220224], [-0.2951680644493986, -0.353483328026097, -0.8876515929894966], [0.15969749062434913, 0.897722833158801, -0.410597645285043]], "T": [0.060108975146563146, 0.01115787588459851, 0.1331405906192015], "aligned_model": [[0.07078939966630309, -0.3331491193410267, 0.274809126386778, 0.6207525977889827, -0.4068953982891633, 0.588813767881588, 0.09238232800551928, -0.7491405602172599, 0.3148279300355854, -0.2919448658860299, -0.6099520169675637, 0.44394280683113874, 0.04333803952837365], [-0.3360031249935236, 0.11697310138525574, 0.18442028837581675, -0.5493016008255782, -0.44639371137666184, -0.37666385283646653, -0.5914083641594423, -0.22445585906664858, 0.6278057533516854, 0.5931776618591806, 0.3012759005207401, 0.22892583715916742, -0.00939536984743217], [-0.5287669572576054, -0.4279098300217803, -0.49218470927604185, 0.26175770651878666, 0.4864426057463428, -0.3817088057021757, -0.011394884595443272, -0.0004076879738129924, -0.051628409989391444, -0.04906056240241957, 0.4479796466745506, 0.686221746223885, 0.1635397033904511]], "inverted": true, "swapped": true, "error_lsq": 0.04602918836884578, "error_max": 0.2555690586514171, "target": "764.xyz", "model": "22.xyz", "model_rescale": 4.166573947596378, "target_rescale": 4.25508774972904},
{"mapping": [12, 9, 1, 5, 10, 14, 15, 13, 2, 4, 3, 8, 7, 11, 6, 16], "R": [[-0.8109198835975778, -0.071870293030357, 0.5807267889169755], [-0.2078475898013274, -0.8923353919947509, -0.4006705973831288], [0.5469993800726559, -0.44561441760035636, 0.7086744450217075]], "T": [-0.1166652361346332, 0.04322116684537039, -0.003023671042279189], "aligned_model": [[-0.742887863090188, -0.38484681071539706, 0.2547720388614547, 0.2497288480117067, -0.21655109418663712, -0.41197461544889075, 0.12111672225005271, -0.731912792151178, -0.36719991166358296, 0.06896557194867312, -0.25468122055904985, 0.7010460693125413, 0.44003716704336426, -0.07562306993401473, 0.24737777671323502, -0.11013357537133299], [-0.12072313534208756, 0.13841331014629157, -0.03716457151121459, -0.5856880599966092, -0.45917416218223295, 0.6497994426484025, 0.5484488591752656, 0.3564014327929589, -0.6758727089293511, -0.29736477540305084, 0.1687004100678663, -0.13895695784221967, 0.4483518891541608, 0.6152134836528007, 0.23356814769714376, 0.005754833493554136], [-0.28871152037701847, -0.5584323966859116, -0.7014836315281433, -0.153015048134034, -0.5047710010823185, -0.15836555259122181, -0.4320818460999986, 0.3441662739585104, 0.006728766619947462, 0.48129086061477117, 0.8095099587757955, -0.16548331873544553, 0.07808056723530757, 0.3688473809646672, 0.6214738434541115, -0.016492803224925152]], "inverted": true, "swapped": true, "error_lsq": 0.03786160508427876, "error_max": 0.2424990407558203, "target": "764.xyz", "model": "23.xyz", "model_rescale": 4.274766983524099, "target_rescale": 4.25508774972904},
{"mapping": [5, 15, 7, 4, 11, 3, 0, 13, 12, 14, 16], "R": [[0.03565603447114476, -0.6754951499935525, 0.7365018326799875], [0.643973024100332, 0.5790937402164682, 0.4999491816906745], [-0.7642168484382335, 0.45646110719018496, 0.45564884086963797]], "T": [0.06474848258694348, 0.09407825592931317, -0.09838696941273276], "aligned_model": [[0.2160444602176383, 0.16813996202520054, -0.3742590815895711, -0.32403925296221875, -0.4386435586313256, -0.5957105385756002, -0.08988246317551953, -0.04655451163844575, 0.634788309730837, 0.14558790501714008, 0.08442347353994001], [-0.27358749356296874, 0.7814467870855433, 0.5546883040561805, -0.3621758679824477, 0.4252318191153022, -0.2013197627201871, -0.6258700901228395, 0.0365830254284613, -0.08856155175449272, 0.5991262352981004, 0.07002512640283162], [-0.7262406765048735, -0.21117394902387274, -0.3735907257271328, -0.25868175298712254, 0.22422970659960786, 0.3157847871866658, 0.2221471298272136, 0.6641471177067231, 0.2789025164033173, 0.36816148537730786, -0.12411920483625649]], "inverted": false, "swapped": true, "error_lsq": 0.04941086352152016, "error_max": 0.26626772265313453, "target": "764.xyz", "model": "24.xyz", "model_rescale": 3.7841303162186577, "target_rescale": 4.25508774972904},
{"mapping": [14, 15, 10, 8, 1, 5, 7, 11, 9, 12, 13, 6, 2, 4, 0, 16], "R": [[-0.39527138365724035, -0.7864255956243131, 0.47465283714377526], [0.9182737351445895, -0.35130116573036685, 0.18264949575646258], [0.023105856515077655, 0.5080573525729452, 0.8610132669658901]], "T": [0.007812686887021861, -0.007633687730468852, 0.06712484348957812], "aligned_model": [[0.10210550336335447, 0.2610659766237443, -0.5917950041845311, 0.3569118333590624, -0.12617651764805193, -0.197032878160706, 0.6498781493238772, 0.5492149474081032, -0.37208757907982004, -0.6327061379729146, -0.044423890853081696, 0.6523286933108032, -0.578070341911385, 0.15467687655162207, -0.24953937763529893, -0.01650770402199934], [0.08102164170706322, -0.4667137676636974, -0.36672373402002023, -0.6462291782809189, -0.7900021320460242, -0.38167906654074063, -0.2651148465161858, 0.28860868360216035, -0.27626141371519536, 0.14314035270622044, 0.6588800843084641, 0.27077638045895164, 0.11816555266578319, 0.24345165017925002, 0.6496015957356926, -0.024109334212842587], [-0.6129670853506344, -0.4029756243469652, 0.22729222448039088, 0.5127248554740037, 0.020004327820880685, 0.67572750761228, 0.02149853369688426, -0.22659577026405, -0.34877981669412605, -0.19297683608746527, -0.3204097016821016, 0.3237245031331776, 0.5370975698697308, 0.6152171800734945, 0.45025687843241835, 0.09478126964933507]], "inverted": true, "swapped": true, "error_lsq": 0.04599436953443175, "error_max": 0.30653384282482893, "target": "764.xyz", "model": "25.xyz", "model_rescale": 4.19342608120988, "target_rescale": 4.25508774972904},
{"mapping": [14, 11, 13, 10, 12, 15, 2, 8, 3, 7, 4, 16], "R": [[0.2804044999040296, -0.6283056748429238, 0.7256757508651844], [-0.24779320169346125, 0.6829987780928957, 0.6871034844316504], [-0.9273466696053178, -0.37248442663256376, 0.035826055994702746]], "T": [-0.08433801831000748, 0.047536256178175196, -0.04396800262133393], "aligned_model": [[-0.17381520106613024, 0.3989210285499037, 0.16378424638848543, -0.6900185053590342, -0.5395451147580498, -0.3271349026583358, -0.28719716871011886, -0.0812539522489964, 0.6791860182480796, 0.21141086612307242, 0.34693938106106287, -0.10346814093815815], [-0.6278873899791628, -0.3889834632507339, -0.5360178412175822, 0.3875391724206061, -0.17426143735048938, -0.2626448203759349, 0.5091765714408509, 0.6421517868369484, -0.09483194727358302, 0.020442703142498547, 0.45637295031512576, 0.0817201430324368], [0.07880278514135644, 0.16353856930273944, -0.48561520259717306, -0.221950583298611, -0.5381768071534511, 0.5397473142177792, -0.6146650503468192, 0.5681240203092982, -0.34689817983323024, 0.5824702641453755, -0.22249113518400804, -0.05362753349383507]], "inverted": true, "swapped": true, "error_lsq": 0.04686001410488649, "error_max": 0.265004290164872, "target": "764.xyz", "model": "26.xyz", "model_rescale": 3.795458400668931, "target_rescale": 4.25508774972904},
