[{"mapping": [2, 3, 5, 11, 6, 0, 9, 12, 7, 8, 10, 13], "R": [[-0.11561627539611241, -0.8152408841113585, 0.5674638118302001], [0.9903372668535892, -0.05056207102224752, 0.12913394152934352], [-0.0765831231048526, 0.5769105457930819, 0.8132092273260525]], "T": [-0.018997897907292966, -0.015851372337263366, -0.1934723577958127], "aligned_model": [[0.6119349022235908, 0.13425085976948992, -0.6542821547726115, -0.6218203922992693, -0.15958398432605028, 0.6980219475763408, 0.3960528453664759, 0.06872990654921374, -0.005480205902088104, -0.46877418639146, -0.3098337891225073, -0.04784047213513262], [-0.44859763462902486, -0.42465745396233723, -0.1946036140152153, 0.17829096852055365, -0.764262358190952, 0.20725679500510388, 0.3257668862391719, 0.5557112679520141, -0.05142809974890065, -0.34844778486186956, 0.7343842984202473, 0.005047626490288063], [-0.11657814734264732, -0.48086183515120995, -0.5634220969709938, 0.09974365913464664, -0.12518741987667228, -0.3710046687377446, 0.30429567822028414, -0.22067141153664338, 0.5614753562513254, 0.35210994425940345, 0.4131493095931005, -0.034503178344836155]], "inverted": false, "swapped": false, "error_lsq": 0.049889293277765034, "error_max": 0.24617899056342119, "target": "767.xyz", "model": "0.xyz", "model_rescale": 3.8414455957264533, "target_rescale": 3.8582812881245494},
{"mapping": [6, 5, 3, 11, 10, 2, 9, 0, 8, 12, 13, 14], "R": [[-0.4742795122189502, 0.6042390399846109, -0.6402766018275468], [0.7082656176431525, -0.17008214999751192, -0.685150988554193], [-0.5228945966004226, -0.7784389795036603, -0.34729525772083564]], "T": [0.008065178724549395, 0.0762819376555781, -0.09410178978349737], "aligned_model": [[0.5881802455586712, 0.17100523211508403, -0.2925313714917225, -0.7957631148018729, -0.152569832859905, 0.6163679009775365, 0.48733968499089664, -0.25779671960567685, 0.04050159211438206, -0.5116096913500461, -0.18479843478094266, -0.06695021433041276], [-0.4401982786668671, -0.44865040887297924, -0.18790635231814173, 0.2189621321790668, -0.5833370655548433, 0.0012673500715485592, 0.35281992854256017, 0.7232702443901066, -0.18010110383632472, -0.22958855882960494, 0.5084801047020477, 0.03944290541251061], [-0.011992903764959068, -0.45772158510768757, -0.7673202858743982, 0.15037282801375673, -0.007612113709746848, -0.5051313962203501, 0.3050627968631413, -0.2844723533488847, 0.6525694984165622, 0.3735207210732117, 0.49822866834490753, -0.12695868518754053]], "inverted": true, "swapped": false, "error_lsq": 0.05131025613695112, "error_max": 0.3040199579419373, "target": "767.xyz", "model": "1.xyz", "model_rescale": 4.316132596720782, "target_rescale": 3.8582812881245494},
{"mapping": [1, 0, 5, 3, 9, 2, 8, 4, 10, 7, 6, 11], "R": [[0.744810528624626, -0.5452197729835352, -0.3846981616770317], [-0.40470866800739064, 0.0892738496484446, -0.9100775097806948], [0.5305357391256398, 0.8335259917463458, -0.154163064946445]], "T": [-0.02199763307753662, -0.07422229633036422, -0.005302613581716912], "aligned_model": [[0.4374340203911698, 0.13343028915914368, -0.4664318572552829, -0.6178739360433578, -0.09391077020991216, 0.6478256233114772, 0.5876971976038362, -0.1368382290940215, 0.040189600731956064, -0.753039496382593, -0.09141633885499707, -0.04569082682142636], [-0.36217186302181237, -0.1644057732076457, -0.27567695842931145, 0.19239072096847742, -0.8121074900889986, 0.31074984475207296, 0.16249637328333882, 0.5508064694639767, -0.10041019780030917, -0.44408116514075113, 0.6673606586889396, 0.04951027775110224], [-0.02989664208509746, -0.6920508644524114, -0.42679297102198155, 0.06445367222611367, -0.022779649130550462, -0.327573706818177, 0.3937871015320932, -0.44174322875510397, 0.6213414164361339, 0.35420167156315996, 0.3430244268738435, -0.017426036870009935]], "inverted": false, "swapped": false, "error_lsq": 0.046501921536779706, "error_max": 0.2424213002037029, "target": "767.xyz", "model": "2.xyz", "model_rescale": 3.795458400668931, "target_rescale": 3.8582812881245494},
{"mapping": [8, 3, 5, 10, 6, 9, 7, 4, 1, 2, 0, 11], "R": [[-0.8461078752501174, 0.5189819294164932, -0.12148753178357813], [-0.3747225099809641, -0.4170883657370932, 0.8280219415452269], [0.3790573887332868, 0.7461199984626433, 0.5473759621510677]], "T": [-0.07498235994203219, 0.007223432066924846, 0.04037102607481524], "aligned_model": [[0.5196268807341637, 0.17058245244489206, -0.2387882685193924, -0.7598685961292412, -0.05707971697053288, 0.5128116581209174, 0.5577134173022715, -0.23055224553721115, 0.07072886901941465, -0.6523771213187208, -0.2024059624571437, -0.049016090153425285], [-0.49943142033435367, -0.5308412363993087, -0.004661329356178894, 0.20219634894699146, -0.5816606547232008, 0.05170069841658621, 0.42333804823480137, 0.5891012538299436, -0.1863205852758278, -0.38314483850653164, 0.5621348705874838, 0.13204974179867482], [0.05779653817781516, -0.49559013016849496, -0.6428939242265195, -0.13831064776097646, 0.02653902257212082, -0.5976529608682677, 0.13960295785415364, -0.17910777599915242, 0.621385477758269, 0.35967216024007903, 0.5770687669838447, 0.09003570493514143]], "inverted": true, "swapped": false, "error_lsq": 0.06230491777820085, "error_max": 0.3422650536779994, "target": "767.xyz", "model": "3.xyz", "model_rescale": 3.7530521520055578, "target_rescale": 3.8582812881245494},
{"mapping": [2, 7, 3, 10, 9, 6, 4, 1, 0, 8, 11], "R": [[0.4358321722610247, -0.19451618422667288, -0.878756946883569], [-0.819363587696733, -0.4897545077174007, -0.2979661613794843], [-0.372415935184002, 0.8498846840862481, -0.37283024954614885]], "T": [-0.11299324676384824, 0.040893542504300995, 0.007958274649131248], "aligned_model": [[-0.49305803694105393, -0.30669992407651536, 0.36420855621973425, 0.5053509790818448, 0.4159684922536925, -0.12648927302287494, -0.16574160470328475, -0.6795303351894643, -0.4850091754723947, 0.40788355065693593, -0.09868362636141464], [-0.6467717488482253, 0.1685207166973084, -0.3839198278739548, 0.3013288884942777, -0.6338412474153629, 0.7126804683554921, -0.36413318982080856, -0.04873989221270614, 0.2117165742861799, 0.14646836074487335, 0.0038942559072721733], [-0.16985279226629202, -0.6890357013409736, -0.37266328786465375, -0.4051481425946208, 0.31676215707464944, 0.03430269606581894, 0.48869093835036864, 0.07652703359573342, 0.6003749299917852, 0.31908399170178914, -0.10621104546828819]], "inverted": true, "swapped": true, "error_lsq": 0.04500950025168322, "error_max": 0.2188280159258839, "target": "767.xyz", "model": "4.xyz", "model_rescale": 3.7855080009869324, "target_rescale": 3.8582812881245494},
{"mapping": [7, 6, 13, 14, 8, 4, 5, 1, 10, 15, 3, 16], "R": [[0.8108217881639637, -0.4042207228602997, 0.42328906795343735], [0.16132452358024074, 0.8495410478534133, 0.5022493465438588], [-0.5626210322501295, -0.33894780604456126, 0.7540371070758902]], "T": [-0.11122321300952968, 0.07529166347452544, -0.06672159980500404], "aligned_model": [[0.544211235463744, 0.19071267392087726, -0.5104802160111662, -0.7559696899411161, -0.17590738749960932, 0.5374037985549666, 0.5446283673250987, 0.030301321537878248, 0.0649586582669235, -0.6459761121777816, -0.026438386778948317, -0.15606898612487427], [-0.2779121242004322, -0.27452568190458415, -0.3627615229783518, 0.24592250647963798, -0.6205858818460988, 0.22227680584873072, 0.28080975337611447, 0.6555340799847081, -0.26595789273075543, -0.41695543840282306, 0.4931835425538209, 0.09543275103911246], [0.017077206884040033, -0.5277417871313552, -0.4833399986642364, 0.04678828713239533, 0.01622581397444957, -0.39026317619897166, 0.36074098793230486, -0.5319027292513017, 0.552530338179457, 0.32193021636257374, 0.48154340549796615, -0.045043375219309]], "inverted": true, "swapped": false, "error_lsq": 0.04463547579490177, "error_max": 0.22713655675078487, "target": "767.xyz", "model": "5.xyz", "model_rescale": 4.2253639853439635, "target_rescale": 3.8582812881245494},
{"mapping": [8, 5, 6, 7, 11, 10, 1, 4, 9, 12, 0, 13], "R": [[0.7135418544205197, -0.5075109381301464, 0.4830017284320888], [-0.051809536927843014, 0.6492891247259482, 0.7587749365891936], [-0.6986943493928149, -0.5664417712270795, 0.4370010594216911]], "T": [-0.005209874272078783, 0.02594933933840523, -0.07055896839071009], "aligned_model": [[0.5658354590191282, 0.17901211087647625, -0.5015740276528919, -0.7765694901625488, -0.24123142783377896, 0.6587145524738223, 0.5236023950476052, 0.10681308587265778, 0.1398509906236571, -0.6654438202097824, -0.3007528788243871, -0.046881672693965426], [-0.3988459201937886, -0.3579409754482955, -0.1529058389036271, 0.13107941589746547, -0.713123754847753, 0.06269202622745493, 0.4648604127101417, 0.6910994409457902, -0.0562735185496838, -0.4612503992751827, 0.504826327595245, 0.06024368106131264], [0.12773649399812437, -0.5389943992150431, -0.43846034182884863, 0.08222593270525712, -0.1307135735145739, -0.47843983938056084, 0.18716265555051614, -0.28488934640237246, 0.5166319499670242, 0.37449306878630684, 0.5007498902005537, -0.09895730136837043]], "inverted": true, "swapped": false, "error_lsq": 0.04709737846629004, "error_max": 0.22002947262780656, "target": "767.xyz", "model": "6.xyz", "model_rescale": 3.89814844738969, "target_rescale": 3.8582812881245494},
{"mapping": [9, 10, 2, 0, 5, 11, 8, 7, 6, 1, 3, 12], "R": [[0.4463845253631743, -0.17564968218266352, -0.8774326439479121], [-0.26728686975898663, 0.9096092506507745, -0.3180703387381159], [0.8539898036690698, 0.37650790201490675, 0.3590866398929334]], "T": [-0.05724599812887159, 0.09581062725229664, -0.10862181729231958], "aligned_model": [[0.569556671166906, 0.11725219721195335, -0.4858843814002132, -0.5882825361547653, -0.09046572566990113, 0.6406586232040462, 0.498115747665492, -0.11697385118770642, -0.017788491673513505, -0.6829064342696628, -0.14945680191690006, -0.05244974043974269], [-0.5139046972350493, -0.4562861722061593, -0.28701954634971616, 0.22106246654410697, -0.6295878581153099, 0.287203865761696, 0.3001537649096957, 0.7454088360283487, -0.07255771873003036, -0.40901539179846924, 0.5883944976688198, 0.0006088507411461525], [0.07389260921581446, -0.559890215147356, -0.5224551642900571, 0.12229496318021559, 0.1657321350271438, -0.4714415204481031, 0.21925618702529248, -0.1843148174302649, 0.5451908900507537, 0.1530962011384172, 0.5248134477033667, -0.2476295265272102]], "inverted": true, "swapped": false, "error_lsq": 0.0493123125130725, "error_max": 0.26435896559421446, "target": "767.xyz", "model": "7.xyz", "model_rescale": 3.7474275329858107, "target_rescale": 3.8582812881245494},
{"mapping": [10, 0, 1, 4, 12, 6, 7, 3, 11, 13, 8, 14], "R": [[-0.9489699951658067, -0.015197250119063203, 0.3149999870854404], [0.028315865625761705, -0.998909867980989, 0.03711182296879389], [0.3140925978574993, 0.04413750376971861, 0.9483658158812481]], "T": [-0.059121871058457925, 0.0015655229986108882, 0.008816451958466398], "aligned_model": [[0.5660081407830504, 0.18629274498463913, -0.4263127348255771, -0.753573034565667, -0.15708271996681122, 0.6264624577657649, 0.5533559545952277, 0.05221371297317873, 0.1655398534913051, -0.7222327985294997, -0.3308622657117831, -0.11843403445783546], [-0.4245845085513513, -0.07432199284091223, -0.23859387387526393, 0.24967068041841795, -0.5978531816667356, 0.26914597310926824, 0.11501309070201976, 0.5579824191410635, -0.25747411264110825, -0.4208421681522144, 0.6006101953153459, -0.004291623739449949], [-0.04477439234598859, -0.5979998207296405, -0.6013443085866429, 0.27036426443393347, 0.11718391653076507, -0.3451792107084124, 0.2842764207175063, -0.4295203619188827, 0.5273774727456395, 0.44466902911924494, 0.18912994102435718, 0.004362239216133606]], "inverted": false, "swapped": false, "error_lsq": 0.04812334906901484, "error_max": 0.3030019609370243, "target": "767.xyz", "model": "8.xyz", "model_rescale": 4.019505241142653, "target_rescale": 3.8582812881245494},
{"mapping": [8, 9, 1, 2, 11, 7, 4, 0, 5, 6, 3, 12], "R": [[0.2324414103346274, -0.7344245867837438, 0.6376452909644805], [-0.15785515520593885, -0.6753962562663927, -0.7203621637733695], [0.9597149268072049, 0.06678640092765165, -0.27292276547509303]], "T": [-0.15487121718002783, -0.10214725864734613, -0.06374823036138236], "aligned_model": [[0.4796117837698153, 0.1303171152920155, -0.4382360667287195, -0.5680724980192781, 0.05805859372261016, 0.5756039177643565, 0.44284594289009516, 0.017590962527963355, -0.05342216336191122, -0.6994262073494327, -0.16382281808359062, -0.13967328588793176], [-0.32895949322633716, -0.5590455557030933, -0.022611108112446834, 0.2914582646225839, -0.6375505937056133, 0.25044021628777763, 0.4080955327968568, 0.48934654501544556, -0.11273950485921692, -0.4334448663830099, 0.5442885116111584, -0.11481705112502535], [-0.10984012918393139, -0.4847608460866315, -0.6717644019957344, 0.0921734030987181, 0.1713128009271773, -0.4658329724525905, 0.20079129708216606, -0.27120414102671253, 0.5996676369055634, 0.28519817778336853, 0.5023802634572248, -0.029575899010604832]], "inverted": false, "swapped": false, "error_lsq": 0.056716628444401423, "error_max": 0.35369740089367463, "target": "767.xyz", "model": "9.xyz", "model_rescale": 3.877068213659057, "target_rescale": 3.8582812881245494},
{"mapping": [9, 2, 4, 5, 7, 14, 10, 6, 0, 1, 12, 15], "R": [[-0.2549220051916406, 0.864918351331537, 0.43235519749276596], [0.933286539348597, 0.1031072469040597, 0.344013271701231], [0.2529644376978568, 0.49120783907201715, -0.8335009610638766]], "T": [0.0038533969828795887, 0.0325485493834192, -0.0779167878200818], "aligned_model": [[0.5891418927825416, 0.224460750707942, -0.4689532337518934, -0.7127285315843722, -0.25203989994312437, 0.6788247256616092, 0.6007996535891063, 0.054491362056745735, -0.22300701074452636, -0.6334796807244392, -0.19470798406952589, -0.02142676744407147], [-0.27250769367989247, -0.4120958975857195, -0.25769708650412526, 0.1393189778232434, -0.7397074455900237, 0.13355792374757353, 0.3823195447643808, 0.6348812277944835, -0.005145541999940599, -0.42983572260309255, 0.5681922709299078, 0.033180340122284394], [-0.07308262270915594, -0.5183473376363256, -0.4656048589886924, 0.2155212081929497, -0.14444398701504377, -0.4570372942435904, 0.07869163141050156, -0.20012855540479124, 0.6842377545886923, 0.2866568580774991, 0.40359582596684596, 0.008486567259123445]], "inverted": false, "swapped": false, "error_lsq": 0.04849442073959129, "error_max": 0.23851202588264458, "target": "767.xyz", "model": "10.xyz", "model_rescale": 4.260839863003843, "target_rescale": 3.8582812881245494},
{"mapping": [7, 1, 2, 4, 8, 0, 6, 3, 10, 9, 5, 11], "R": [[0.8261956554050864, 0.19461461662229634, -0.5287020805583393], [-0.560506677883198, 0.37865528207994203, -0.7365137075447414], [0.05685950261918421, 0.9048454720834473, 0.421926141181111]], "T": [-0.05117901916790692, -0.055871271064757574, -0.010965832779633944], "aligned_model": [[0.5305564214831859, 0.12567709675454058, -0.5510696325656849, -0.6728161770146859, -0.19841511705903864, 0.731928136325669, 0.5435278404559831, -0.1164583615302597, -0.0025083166755997394, -0.6521291593558267, -0.09341802697653713, -0.003499427305753769], [-0.35540610717282256, -0.21327681138184423, -0.1085790768979409, 0.2165961980452869, -0.7565329395835394, 0.2563876809494135, 0.3776708390254974, 0.45971264593723665, -0.18559086018437576, -0.42567290686436604, 0.5815673189123551, -0.07241508356582146], [0.02735372267758645, -0.6944905604081255, -0.4775367148356127, 0.26368227091337754, -0.06581257201737606, -0.2544238360508351, 0.39105447087306466, -0.4944375521204723, 0.6007022005192656, 0.3603008373178375, 0.20925862652321203, -0.04710570389390924]], "inverted": false, "swapped": false, "error_lsq": 0.052390278049829535, "error_max": 0.2833534855586026, "target": "767.xyz", "model": "11.xyz", "model_rescale": 3.890672605050136, "target_rescale": 3.8582812881245494},
{"mapping": [9, 12, 7, 3, 5, 10, 11, 4, 6, 8, 1, 13], "R": [[-0.4998730598370938, 0.8616915287757956, 0.08726186615660747], [0.7560182849311752, 0.4832763570473392, -0.4414525065834116], [-0.42256748206508465, -0.15469864884699258, -0.8930313830689767]], "T": [0.0073089321744083564, 0.0372137525902389, 0.12503714269032198], "aligned_model": [[0.5227387594023083, 0.17362259951054515, -0.4436197764469627, -0.845021245127811, -0.057273026523617335, 0.5818778450959766, 0.5213894917532849, -0.15265408258861307, 0.06938973842963879, -0.6023221387095816, -0.07597530042717478, -0.050777587832001286], [-0.5448199920620835, -0.21639563316632937, -0.30970096437167827, 0.26415908677325284, -0.6911561171607961, 0.28332953363384383, 0.21600541160077336, 0.5486785524234792, -0.11750152872379771, -0.28329827244838857, 0.5906148132623217, 0.034546007458481465], [0.16230950928024568, -0.555517183031331, -0.5100043119980289, -0.1489924910257466, -0.14006413094797351, -0.5143673388923342, 0.20576436750687319, -0.3264854328965585, 0.6766416197970405, 0.33672806138219846, 0.6655085045932606, -0.03297598426963347]], "inverted": false, "swapped": false, "error_lsq": 0.05324266018827861, "error_max": 0.33868502564906067, "target": "767.xyz", "model": "12.xyz", "model_rescale": 4.124412569039231, "target_rescale": 3.8582812881245494},
{"mapping": [9, 6, 1, 4, 8, 3, 7, 0, 10, 2, 5, 12], "R": [[0.5484051424537921, 0.2971778132103878, 0.7816246842735507], [0.07001618409596201, 0.9151189672775863, -0.3970579424888058], [-0.8332763849377206, 0.2724749953010283, 0.481048691133058]], "T": [0.050190149007607224, 0.02736530516776041, -0.0330314684282066], "aligned_model": [[0.5862689094989408, 0.19670425709876616, -0.5033837132260025, -0.6563722279919709, -0.04599966615847191, 0.498839944531933, 0.44472503150828474, -0.11467963773783939, -0.11313744072000002, -0.6370758569046354, 0.0005923220537956408, -0.015106645416808062], [-0.3172625856542039, -0.36383393930915336, -0.24537039069618305, 0.3048876141863803, -0.6822505792178293, 0.24614077668576173, 0.21000871608173688, 0.5011350674738083, -0.12861631855146383, -0.43071410211203714, 0.6892879876785678, -0.008951349346305155], [0.016892988685232688, -0.5556303414034777, -0.5641016315536712, 0.17197397334153391, -0.07873635858686609, -0.5425449911182169, 0.41869996224263895, -0.3247977432733419, 0.6695377479435296, 0.2123747405245075, 0.3318579627853717, 0.06301887991077192]], "inverted": true, "swapped": false, "error_lsq": 0.05272574275953885, "error_max": 0.26874363211417573, "target": "767.xyz", "model": "13.xyz", "model_rescale": 3.9028299243045295, "target_rescale": 3.8582812881245494},
{"mapping": [4, 3, 6, 11, 10, 0, 8, 2, 13, 14, 12, 15], "R": [[0.3746739809755888, -0.9112732888311597, -0.17088124836489904], [0.3502799863801773, 0.3097742299267717, -0.8839365687733359], [0.8584423912653705, 0.2713317518023236, 0.4352651391307089]], "T": [-0.05439311944032392, -0.01729661406214485, -0.07771959291140579], "aligned_model": [[0.45512445397630924, 0.1715679273384294, -0.42170578260105873, -0.7465222388663233, -0.0522679072094623, 0.6995020183578716, 0.4667030695829099, 0.12194937772373633, -0.0644831234535149, -0.6475254849009603, -0.21339967460910503, -0.1275673588028397], [-0.461209134038788, -0.17008865912415397, -0.039549075502216716, 0.13839955038111693, -0.696536827742052, 0.10897235425691142, 0.49338711384521067, 0.606122593921081, -0.13128596999260403, -0.38462409464174796, 0.40834928008538196, -0.09747623422906025], [-0.1296502280925872, -0.6383314386144467, -0.6335923280683515, 0.12861187526098336, 0.22884331685104792, -0.39852276946770165, 0.17559454288391868, -0.427578970901042, 0.7093991848780756, 0.46662879905559923, 0.44933142660150255, -0.11218822088898558]], "inverted": false, "swapped": false, "error_lsq": 0.04898109290081872, "error_max": 0.2434136588981881, "target": "767.xyz", "model": "14.xyz", "model_rescale": 3.942246331269136, "target_rescale": 3.8582812881245494},
{"mapping": [8, 6, 10, 3, 11, 7, 0, 5, 12, 13, 1, 14], "R": [[-0.7725467509613938, 0.6075128869388059, -0.18466079654943574], [0.027252542143278435, -0.2588310041783254, -0.9655380936155593], [-0.6343727741050393, -0.7509557932923332, 0.18340278077215572]], "T": [-0.10118923687040712, -0.01182091916265658, -0.12594981573760305], "aligned_model": [[0.5190729709506859, 0.2152125097971104, -0.49080230561744187, -0.643844183031714, -0.12631018621783793, 0.6783568403816188, 0.5164607149877612, -0.17266646704460914, -0.24333076607975213, -0.3976815590847351, -0.16878390551183808, -0.04430838699325643], [-0.42984658167405304, -0.324357790596568, -0.20160535988589207, 0.36166995183695994, -0.7239157833809059, 0.08573741397410946, 0.25956777951509546, 0.6143314487246349, 0.033761014618337734, -0.5329317160632334, 0.5892084579099766, 0.042842062240617824], [0.07246960195784954, -0.4650663562343291, -0.6926808266802273, 0.16141425506329504, -0.2059552337693013, -0.46324759694227274, 0.16658085627450597, -0.20080818831459907, 0.6776634812837705, 0.42310909433208804, 0.4133423911850969, -0.06827628865786364]], "inverted": false, "swapped": false, "error_lsq": 0.049385670018951416, "error_max": 0.2776286721255952, "target": "767.xyz", "model": "15.xyz", "model_rescale": 4.355366556412066, "target_rescale": 3.8582812881245494},
{"mapping": [1, 0, 5, 3, 9, 2, 8, 4, 10, 7, 6, 11], "R": [[0.744810528624626, -0.5452197729835352, -0.3846981616770317], [-0.40470866800739064, 0.0892738496484446, -0.9100775097806948], [0.5305357391256398, 0.8335259917463458, -0.154163064946445]], "T": [-0.02199763307753662, -0.07422229633036422, -0.005302613581716912], "aligned_model": [[0.4374340203911698, 0.13343028915914368, -0.4664318572552829, -0.6178739360433578, -0.09391077020991216, 0.6478256233114772, 0.5876971976038362, -0.1368382290940215, 0.040189600731956064, -0.753039496382593, -0.09141633885499707, -0.04569082682142636], [-0.36217186302181237, -0.1644057732076457, -0.27567695842931145, 0.19239072096847742, -0.8121074900889986, 0.31074984475207296, 0.16249637328333882, 0.5508064694639767, -0.10041019780030917, -0.44408116514075113, 0.6673606586889396, 0.04951027775110224], [-0.02989664208509746, -0.6920508644524114, -0.42679297102198155, 0.06445367222611367, -0.022779649130550462, -0.327573706818177, 0.3937871015320932, -0.44174322875510397, 0.6213414164361339, 0.35420167156315996, 0.3430244268738435, -0.017426036870009935]], "inverted": false, "swapped": false, "error_lsq": 0.046501921536779706, "error_max": 0.2424213002037029, "target": "767.xyz", "model": "16.xyz", "model_rescale": 3.795458400668931, "target_rescale": 3.8582812881245494},
{"mapping": [9, 10, 2, 0, 5, 11, 8, 7, 6, 1, 3, 12], "R": [[0.4463845253631743, -0.17564968218266352, -0.8774326439479121], [-0.26728686975898663, 0.9096092506507745, -0.3180703387381159], [0.8539898036690698, 0.37650790201490675, 0.3590866398929334]], "T": [-0.05724599812887159, 0.09581062725229664, -0.10862181729231958], "aligned_model": [[0.569556671166906, 0.11725219721195335, -0.4858843814002132, -0.5882825361547653, -0.09046572566990113, 0.6406586232040462, 0.498115747665492, -0.11697385118770642, -0.017788491673513505, -0.6829064342696628, -0.14945680191690006, -0.05244974043974269], [-0.5139046972350493, -0.4562861722061593, -0.28701954634971616, 0.22106246654410697, -0.6295878581153099, 0.287203865761696, 0.3001537649096957, 0.7454088360283487, -0.07255771873003036, -0.40901539179846924, 0.5883944976688198, 0.0006088507411461525], [0.07389260921581446, -0.559890215147356, -0.5224551642900571, 0.12229496318021559, 0.1657321350271438, -0.4714415204481031, 0.21925618702529248, -0.1843148174302649, 0.5451908900507537, 0.1530962011384172, 0.5248134477033667, -0.2476295265272102]], "inverted": true, "swapped": false, "error_lsq": 0.0493123125130725, "error_max": 0.26435896559421446, "target": "767.xyz", "model": "17.xyz", "model_rescale": 3.7474275329858107, "target_rescale": 3.8582812881245494},
{"mapping": [3, 10, 5, 6, 8, 11, 1, 7, 0, 4, 2, 13], "R": [[-0.4527442715001214, 0.40455547611290044, -0.7945800723469528], [0.5372271093956736, 0.8349968475546433, 0.11902645716048452], [0.7116246605860376, -0.3729814088139948, -0.595378208473349]], "T": [-0.040929686455125555, 0.04320682107688097, -0.11047357120796333], "aligned_model": [[0.5336879280037289, 0.14699555643285678, -0.46381556605849655, -0.6769987699659037, -0.028628830656345097, 0.5529279963266595, 0.4967319256490626, 0.09057998921578149, -0.08948109083102505, -0.6918999360520458, -0.1583532555312666, -0.07037066999701423], [-0.30924141900337426, -0.40866707150548753, -0.35284736832826935, 0.23090612011159792, -0.6526040140799761, 0.19375272918998918, 0.2805784290215185, 0.735485528920154, -0.13894790299319898, -0.39595297330797463, 0.5185830594182834, 0.0734157797758169], [-0.031835053119304874, -0.5972316823385406, -0.5435192368796176, 0.2834603136051691, 0.06994378339971954, -0.49310347589067716, 0.2543457366979909, -0.37669655651929623, 0.7041458542987883, 0.15897444076499653, 0.4033959270651696, -0.013334861586384777]], "inverted": false, "swapped": false, "error_lsq": 0.04547501094406109, "error_max": 0.24035845915667473, "target": "767.xyz", "model": "18.xyz", "model_rescale": 3.922800546911778, "target_rescale": 3.8582812881245494},
{"mapping": [5, 3, 7, 4, 12, 0, 1, 2, 8, 13, 6, 14], "R": [[-0.6619055982235776, 0.3363826194542001, -0.669871414802437], [0.5162325075860549, -0.4433850700157679, -0.7327439374014134], [-0.5434933092060119, -0.8308167144540627, 0.11982741686298232]], "T": [-0.10293926741117285, 0.046192675770046265, 0.002015143892686368], "aligned_model": [[0.5256225130610466, 0.11942891729129335, -0.4928357693864963, -0.6677165651137952, -0.027524178165945018, 0.6223819289862088, 0.4492903260638115, 0.05467639243373823, -0.03415288184988534, -0.62817115040479, -0.1353109655151714, -0.14431329086402284], [-0.3645831110357938, -0.20170896867480292, -0.3459886035413957, 0.2945113704371023, -0.7234477318939496, 0.02330226863155771, 0.489006063789163, 0.5857193439469034, -0.15156612420382654, -0.3554339318534131, 0.5143939465683856, 0.01025637504914896], [0.13878890339849062, -0.544104264935433, -0.5745137634170016, 0.38047461196124716, -0.14144304434153648, -0.4125060582123243, 0.21867571579567557, -0.44205381571316027, 0.576950396087163, 0.1881368351488008, 0.5074925569368256, -0.0773528832107347]], "inverted": false, "swapped": false, "error_lsq": 0.04932533210779657, "error_max": 0.24712334273451966, "target": "767.xyz", "model": "19.xyz", "model_rescale": 3.9282355846067225, "target_rescale": 3.8582812881245494},
{"mapping": [6, 5, 2, 10, 7, 3, 4, 0, 9, 12, 11, 13], "R": [[-0.5273768205797604, 0.564437600752947, -0.6350463636392545], [-0.8407643024166507, -0.4544009120329886, 0.29433857872428315], [-0.12242988563674334, 0.6891516567489664, 0.7141994939112803]], "T": [0.0644364830206651, -0.09116533728681074, 0.03852321984815411], "aligned_model": [[0.5769641326724109, 0.2492277583593481, -0.4721768526324913, -0.7414480356797349, -0.17072212035796672, 0.533704682909622, 0.4858829417579732, 0.04500240145378982, -0.167175352599886, -0.585856865454984, -0.10310934298688021, -0.0089180709052087], [-0.47127576798941506, -0.3442819179688399, -0.2563452631917362, 0.20822508889538238, -0.6670516239828003, 0.2470722778136224, 0.3481073147376786, 0.6792724704870499, -0.08422082237666907, -0.4094491419161097, 0.5146031360638561, 0.009805146647059573], [-0.10174624536292542, -0.5855555679592291, -0.5643680891264522, -0.017600431324366055, 0.004564532710124088, -0.44286824397905805, 0.20820016153725476, -0.17652302871967915, 0.6902383083269513, 0.48417816025226507, 0.3825234003827088, -0.06249776723958165]], "inverted": false, "swapped": false, "error_lsq": 0.043210796586701135, "error_max": 0.25231991720754365, "target": "767.xyz", "model": "20.xyz", "model_rescale": 4.067790424073018, "target_rescale": 3.8582812881245494},
{"mapping": [10, 13, 6, 2, 11, 1, 7, 8, 12, 3, 0, 14], "R": [[-0.43357632934336965, -0.8530913280077395, -0.2902529116324622], [0.23946391124563116, -0.41960054426923193, 0.8755526360304726], [-0.8687166407086231, 0.3101138006070616, 0.38621344982919653]], "T": [-0.06383137126357903, 0.036294623906696855, -0.10855852985998883], "aligned_model": [[0.5736150333190982, 0.26058995873676855, -0.6646961042273823, -0.7424986603221331, -0.13504715501266013, 0.7091070542958778, 0.3866850769450689, 0.06905537698184368, 0.09073794185354923, -0.6487066858606549, -0.2511015237229778, -0.006365036450406231], [-0.4780742002669344, -0.4082984616898355, -0.23231132617991695, 0.30760433119044617, -0.599055690854861, 0.23297322966867295, 0.5527468896815537, 0.5674561388458343, -0.3423095923854778, -0.30435349187793326, 0.49125597333693377, -0.013172902249402985], [-0.08922939235925449, -0.541237734303371, -0.44674386211698763, 0.03116865086892913, -0.012171063576547, -0.30140255390017584, 0.1863583131284503, -0.26785841659369475, 0.5393465879975374, 0.4068294252167407, 0.4036895448493366, -0.0902043097129504]], "inverted": true, "swapped": false, "error_lsq": 0.05469937676487239, "error_max": 0.3069471029364999, "target": "767.xyz", "model": "21.xyz", "model_rescale": 4.186013935880536, "target_rescale": 3.8582812881245494},
{"mapping": [7, 9, 8, 5, 1, 10, 4, 11, 6, 0, 3, 12], "R": [[0.8021065138536017, 0.08472375881173505, -0.5911404445023476], [-0.5968166727459612, 0.14829958895467443, -0.7885537971808361], [0.020856643211754677, 0.9853066104562, 0.16951661813890695]], "T": [-0.09156341343981632, -0.05248586570869771, -0.06813166253317894], "aligned_model": [[0.49022038003214063, 0.10617068906667311, -0.4525926855851526, -0.7754705069685, -0.08375414558969484, 0.6975295754167788, 0.47220255472512407, -0.08188934189368623, 0.0227715450052329, -0.41216693248171105, -0.25683462884579017, -0.08481122634542268], [-0.4224993145920085, -0.24985617547950997, 0.06388954479019399, 0.19815602552433934, -0.7834063593358058, -0.049610999151902736, 0.3474360030465528, 0.5174869891680538, 0.009963375676748452, -0.4827351896209375, 0.6381433591247403, -0.01250636193138506], [0.18274959459797901, -0.622565559192879, -0.7343018804122426, 0.1926143938035007, -0.03953999829522885, -0.3394680270653064, 0.1551318158926966, -0.340167203878837, 0.47305264853371254, 0.4154873443900246, 0.5218305005762741, -0.04627843945168046]], "inverted": true, "swapped": false, "error_lsq": 0.054935028654456146, "error_max": 0.3484924087245288, "target": "767.xyz", "model": "22.xyz", "model_rescale": 4.166573947596378, "target_rescale": 3.8582812881245494},
{"mapping": [1, 2, 3, 9, 4, 6, 5, 12, 7, 8, 10, 15], "R": [[0.27865619793420104, -0.7960382150186286, 0.5372838017126623], [-0.4681190877529041, -0.6010660548539923, -0.6477531299682363], [0.8385793003850289, -0.07101237872521649, -0.5401314645838937]], "T": [-0.11199622731358208, 0.07716731050990393, -0.057465636641609634], "aligned_model": [[0.49163373226842066, 0.15481209029107487, -0.45076967919052024, -0.6938330041485831, -0.157029847129215, 0.5446219194536902, 0.5852286234502152, -0.02364017021996087, 0.0671447767212543, -0.6133235264732462, -0.21580931658649408, -0.04766032190064333], [-0.30129933664055425, -0.28429273768918323, -0.2716582677185871, 0.22487431086978876, -0.656154216364749, 0.18741688338616636, 0.1737535279379623, 0.5765429147397287, 0.013162997975169802, -0.4057568632958103, 0.4636701055320405, 0.05420157848710683], [-0.07966765810052145, -0.5584338935222006, -0.41099062344311865, -0.06735368240588188, -0.06552942440683512, -0.425983306480355, 0.3848132248040693, -0.472433790003025, 0.6318830387763987, 0.3542798207620285, 0.5756059746629641, -0.04764449114551027]], "inverted": true, "swapped": false, "error_lsq": 0.04552161288711454, "error_max": 0.22842422939645224, "target": "767.xyz", "model": "23.xyz", "model_rescale": 4.274766983524099, "target_rescale": 3.8582812881245494},
{"mapping": [10, 3, 9, 8, 4, 0, 6, 1, 7, 2, 11], "R": [[0.2648783267977201, -0.859982025595282, 0.43619993998839135], [0.8475655957781877, 0.42336207224680494, 0.31999549471212446], [-0.4598608842313143, 0.2849481907925144, 0.8410306152085469]], "T": [-0.043955846486528574, -0.006113157850265644, 0.0858252725287158], "aligned_model": [[0.3230296021597905, 0.25416836007155424, -0.45359594010722093, -0.39720636836179807, -0.5456561818501477, -0.5816350762106262, -0.018905929521046902, -0.061647146877121514, 0.676524928860089, 0.11968404485664709, 0.06513441093795548], [-0.23115045393873404, 0.44888292834062415, 0.646591351025035, -0.131720564899076, 0.36132991006936477, -0.2231409805637438, -0.6780478079180484, 0.07480021790952264, -0.08213646966174132, 0.6907349260729662, 0.039443474807314347], [-0.5741087839471175, -0.4212854188281479, -0.4005893794563475, -0.4027386846342307, 0.19172759755697943, 0.512830920054554, 0.09290854207512861, 0.6575246195618085, 0.207231546714414, 0.4553848848711816, 0.06068059005335461]], "inverted": true, "swapped": true, "error_lsq": 0.04102559595542074, "error_max": 0.2264518563416649, "target": "767.xyz", "model": "24.xyz", "model_rescale": 3.7841303162186577, "target_rescale": 3.8582812881245494},
{"mapping": [14, 9, 2, 4, 12, 10, 11, 0, 3, 5, 6, 15], "R": [[-0.27307633406613074, -0.9596037129342037, -0.06774975937885974], [-0.7050538089532778, 0.15173046124082734, 0.692731545125614], [-0.6544680605296775, 0.23693581674060218, -0.7180062510117765]], "T": [0.012084263133780509, 0.11091991626415851, -0.12144944668587336], "aligned_model": [[0.5192298078845611, 0.09869481246869005, -0.5503357433788736, -0.675501944604009, -0.03321654930824276, 0.7092234819106932, 0.5141697138046063, 0.007530293709552025, -0.21302158627278744, -0.5573987858692976, -0.17344736662103505, -0.004550857187864989], [-0.4896420821873302, -0.34240555594341204, -0.3219820060766333, 0.18587383184052647, -0.6289219990344217, 0.18581098234913485, 0.2915937093742924, 0.7357360573815759, -0.052327592516824256, -0.4553969306106802, 0.5270760151094399, 0.13904646753341132], [-0.22834960929542913, -0.4808035026220933, -0.3765429390277495, 0.15839240209105837, 0.039030094650574845, -0.458559730036842, 0.4305421745100975, -0.5099259588628852, 0.6346454515067423, 0.23113108494850582, 0.4392809412880862, -0.06029521965205297]], "inverted": true, "swapped": false, "error_lsq": 0.04711680571770794, "error_max": 0.25222244454440307, "target": "767.xyz", "model": "25.xyz", "model_rescale": 4.19342608120988, "target_rescale": 3.8582812881245494},
{"mapping": [1, 0, 5, 3, 9, 2, 8, 4, 10, 7, 6, 11], "R": [[0.744810528624626, -0.5452197729835352, -0.3846981616770317], [-0.40470866800739064, 0.0892738496484446, -0.9100775097806948], [0.5305357391256398, 0.8335259917463458, -0.154163064946445]], "T": [-0.02199763307753662, -0.07422229633036422, -0.005302613581716912], "aligned_model": [[0.4374340203911698, 0.13343028915914368, -0.4664318572552829, -0.6178739360433578, -0.09391077020991216, 0.6478256233114772, 0.5876971976038362, -0.1368382290940215, 0.040189600731956064, -0.753039496382593, -0.09141633885499707, -0.04569082682142636], [-0.36217186302181237, -0.1644057732076457, -0.27567695842931145, 0.19239072096847742, -0.8121074900889986, 0.31074984475207296, 0.16249637328333882, 0.5508064694639767, -0.10041019780030917, -0.44408116514075113, 0.6673606586889396, 0.04951027775110224], [-0.02989664208509746, -0.6920508644524114, -0.42679297102198155, 0.06445367222611367, -0.022779649130550462, -0.327573706818177, 0.3937871015320932, -0.44174322875510397, 0.6213414164361339, 0.35420167156315996, 0.3430244268738435, -0.017426036870009935]], "inverted": false, "swapped": false, "error_lsq": 0.046501921536779706, "error_max": 0.2424213002037029, "target": "767.xyz", "model": "26.xyz", "model_rescale": 3.795458400668931, "target_rescale": 3.8582812881245494},
{"mapping": [8, 5, 7, 3, 10, 6, 1, 0, 9, 4, 2, 12], "R": [[0.26111760431194164, -0.25332650258741946, 0.931473713963641], [0.544066713238499, -0.7584597693261033, -0.35878989654065196], [0.7973763278805369, 0.6004702002602802, -0.060220680294478524]], "T": [0.039130212623813165, -0.08898548725731262, 0.1395969758621964], "aligned_model": [[0.6923514252037144, 0.2294380569555711, -0.3809512204394892, -0.6406960998535693, -0.33891422451806846, 0.5951337955848539, 0.49591875380673167, -0.20004598004875734, -0.09192620389892159, -0.5856359329847833, -0.11991953373823033, -0.013377559533059205], [-0.394446368669634, -0.4091837300489276, -0.10186333668333755, 0.18141662025916686, -0.6147424274597526, 0.08681623362097621, 0.28294881061122545, 0.6276986906668434, 0.060584599091173, -0.5642606213067165, 0.7006105001714307, -0.08111807303336813], [0.03592727214590437, -0.5147091280212962, -0.5557977675886431, 0.040625040638579746, -0.15763773254898142, -0.444475562737748, 0.19758212279007814, -0.2074357748469325, 0.5201587909111242, 0.42707565836280326, 0.4946691779814274, -0.017436907588303324]], "inverted": false, "swapped": false, "error_lsq": 0.05193626687250038, "error_max": 0.2693697543364054, "target": "767.xyz", "model": "27.xyz", "model_rescale": 3.6321398670334006, "target_rescale": 3.8582812881245494},
{"mapping": [7, 8, 0, 2, 3, 12, 6, 9, 1, 5, 13, 14], "R": [[-0.9343479653596175, -0.1341479134605168, -0.3301487800106684], [-0.3325389226274759, -0.004835703447181594, 0.9430771341252678], [-0.12810833136880903, 0.9909495210586463, -0.04009117293792752]], "T": [-0.02739356457364575, 0.0039006094074154236, -0.11291220363918132], "aligned_model": [[0.5629775036957243, 0.19024098166052758, -0.5436473675256753, -0.679530863871013, -0.1015002291801114, 0.7437689374023683, 0.4830524002267542, 0.0657070881905302, -0.18843361286441526, -0.6885687348203757, -0.15641815525723232, -0.04627267112108926], [-0.49834073030987425, -0.21092161357605776, -0.2543388158562008, 0.10046481165186479, -0.6742212118116465, 0.11935140147666858, 0.47715527088418097, 0.618306024589798, -0.1669755058807172, -0.4520087845112446, 0.6863215387237314, 0.029668511838576793], [-0.1027622069238424, -0.5294650005238589, -0.34999047003433315, 0.3329980580082093, -0.03405107373540549, -0.3876652582475433, 0.23260534953325468, -0.3586975072471824, 0.5132943535101734, 0.24340695154999686, 0.31619345018518685, -0.057321456576642386]], "inverted": true, "swapped": false, "error_lsq": 0.04444350227841975, "error_max": 0.2673739120485133, "target": "767.xyz", "model": "28.xyz", "model_rescale": 4.156811204709835, "target_rescale": 3.8582812881245494},
{"mapping": [1, 4, 0, 8, 3, 2, 5, 7, 10, 11], "R": [[-0.020340553994052123, -0.1179084015268329, 0.9928161313720695], [0.7036420353099481, 0.7037646103669427, 0.09799622104927896], [-0.7102634356406704, 0.7005804607926576, 0.06865034557421143]], "T": [-0.06138995459206659, 0.020125708966926406, -0.03435404205016301], "aligned_model": [[-0.5358040953151213, 0.026129989243077814, -0.068734600674161, 0.5530772249225997, 0.07802237223367511, -0.6221741774909821, -0.4913583358567399, -0.5219629622755191, 0.3358649162765414, -0.11013495695278241], [-0.03820430847013292, -0.5043991959190602, 0.036151306397273264, -0.016305318316573815, -0.30953497558845466, -0.5483809040558228, 0.575373477005844, 0.3664039324013487, 0.3396545250104449, 0.017961792161337895], [-0.3587441344269453, -0.37368694746605347, -0.7542311769338466, -0.05334766465757657, 0.6175269060230723, 0.07181026211117195, -0.45442997607661173, 0.42125047017839196, 0.5664146042144286, 0.07622438400906842]], "inverted": false, "swapped": true, "error_lsq": 0.05962125196946468, "error_max": 0.2611755430223113, "target": "767.xyz", "model": "29.xyz", "model_rescale": 4.117894457231895, "target_rescale": 3.8582812881245494},
