[{"mapping": [7, 2, 9, 12, 11, 0, 1, 8, 3, 6, 4, 5, 13], "R": [[-0.6466915671107434, -0.6901805688589495, -0.3247164907998793], [-0.6145666676828654, 0.7236283478449923, -0.31411753400328624], [0.4517718760624988, -0.003577228628991763, -0.8921263225767451]], "T": [-0.047530275685268096, -0.02250490752031563, 0.20253732326875512], "aligned_model": [[-0.4809328070040952, 0.47146718556284445, -0.3856204132125569, -0.36118392621406925, -0.6260683156946334, 0.24171731010195543, 0.15216558787513298, -0.3702884286234834, 0.4626959641234412, 0.3315014283225771, 0.03814896790170023, 0.006989814424394121, -0.17153428835281265], [0.15032208846285872, -0.14949925708483114, -0.4420443793209465, -0.48131551056806876, 0.3259093919840922, -0.7124828502051945, -0.3612275264697872, 0.6332108575975844, 0.09092146358472808, 0.6030243610519634, 0.43748822515921615, 0.4656009295730469, 0.01650896760712501], [-0.3921790442387602, -0.35042950738784345, -0.2938746651765817, 0.3645065364375536, 0.37850053819237434, 0.013649241841599963, 0.6249502289805109, -0.0739462055543173, 0.20055027864449562, -0.020160646421119033, -0.6308111102913712, 0.7780210432916761, 0.10434982587073025]], "inverted": false, "swapped": false, "error_lsq": 0.04503468222256743, "error_max": 0.27788975777250075, "target": "768.xyz", "model": "0.xyz", "model_rescale": 3.8414455957264533, "target_rescale": 4.0175530192577185},
{"mapping": [13, 10, 11, 0, 7, 1, 3, 9, 5, 6, 8, 2, 14], "R": [[0.55364320172042, -0.38785542348490964, -0.7369174822611446], [0.687623803433711, -0.2862399018401342, 0.6672632340732615], [-0.46973685201410387, -0.8761477552718447, 0.10822384576417549]], "T": [-0.07591003589471529, 0.06810740487733355, 0.06676943561992334], "aligned_model": [[-0.6559099379800386, 0.5320557967170252, -0.29909806923160354, -0.6545443571446565, -0.5643581825688069, 0.031511504505211396, 0.351614178782576, -0.43729758332419066, 0.5312658336604963, 0.4139884257139869, -0.02857167531774825, 0.1219026837052187, -0.03350053830707498], [0.07377190848305956, 0.0029765055357041936, -0.597614254936998, -0.2991180212164335, 0.3082272250467875, -0.7830194036651443, -0.4376557953254355, 0.637431948086991, 0.12627993715691957, 0.6762906577091717, 0.39341450189471305, 0.48602604999871035, -0.010594497396258507], [-0.42150817764864157, -0.24066643206316585, -0.41620797126288067, 0.3030852797968175, 0.4084064975841604, 0.17875898695014936, 0.48486453631505866, -0.03704908418971897, 0.31632144402808443, 0.07859322824134538, -0.6517267506946469, 0.6419379862577529, 0.05831697087463385]], "inverted": false, "swapped": false, "error_lsq": 0.047250461120201585, "error_max": 0.3009655696218367, "target": "768.xyz", "model": "1.xyz", "model_rescale": 4.316132596720782, "target_rescale": 4.0175530192577185},
{"mapping": [4, 0, 7, 6, 11, 3, 8, 5, 10, 2, 1, 12], "R": [[-0.022597512129595265, 0.15470199846304478, -0.9877027103927035], [0.8274068819536025, -0.5516366881475788, -0.10533193241077449], [-0.5611481124813394, -0.8196122595234352, -0.1155358814287542]], "T": [0.019445701213736705, 0.06770959268076332, -0.08918897341614185], "aligned_model": [[-0.21407143109939625, 0.4323551421559978, 0.25467246821408374, -0.5542956800394846, -0.572359411919266, -0.37372317658556686, -0.3454281638287281, -0.1590377566360569, 0.7123656808467855, 0.213364215349614, 0.29550094345215394, -0.09153427527835553], [-0.7048649935993172, -0.4947345783914648, -0.5653598352482112, 0.4795433098424799, -0.12638197708984442, -0.052222940335562906, 0.49730640742198245, 0.4864644233930854, -0.04532900921701155, 0.014182398470635474, 0.6314826558603595, -0.10730943336615037], [-0.028399813075977984, 0.21539347343369047, -0.46785177956430074, -0.028515139159171157, -0.39736352988766444, 0.4297062575463465, -0.6315978963396967, 0.44442771059265207, -0.36542864726531366, 0.6975961243670491, -0.3342589163059323, -0.08444938313226047]], "inverted": false, "swapped": true, "error_lsq": 0.05166504891746513, "error_max": 0.29392192805498046, "target": "768.xyz", "model": "2.xyz", "model_rescale": 3.795458400668931, "target_rescale": 4.0175530192577185},
{"mapping": [5, 1, 8, 7, 3, 4, 9, 2, 10, 0, 11, 12], "R": [[-0.7642053636550619, -0.23186067242738412, -0.6018561212967399], [-0.6331831770992169, 0.09209660914314349, 0.7685032718361563], [-0.12275677740710172, 0.9683794933629359, -0.21719099989356594]], "T": [0.012655399691889134, -0.06537309907302319, -0.025584047176457313], "aligned_model": [[0.09254323810641943, -0.2457143273255463, -0.7603125741818151, 0.16662951922291283, 0.19634849872502425, 0.2607450521213846, -0.3605115561933968, 0.6895565778900526, 0.2713634006021714, 0.7081513168264971, -0.4546904871722416, 0.029195167122102246], [-0.10760872708871248, -0.6834867446785267, -0.18411967055316497, 0.10552931707344876, 0.3995973730119714, 0.623363385434919, -0.12229769500290232, -0.02163021999855297, -0.5502068132038995, 0.059951761358939926, 0.435322657836615, 0.13135442109957413], [-0.7211362044033902, -0.09829199529378199, -0.04329176925501669, 0.7137253521427298, -0.45949319102796715, 0.3196559327353466, 0.5713933452016421, -0.4721170204523341, 0.4913594903680511, 0.257589446512848, 0.09175293628003084, 0.037625107830942174]], "inverted": false, "swapped": true, "error_lsq": 0.05236108210756682, "error_max": 0.27448690799717446, "target": "768.xyz", "model": "3.xyz", "model_rescale": 3.7530521520055578, "target_rescale": 4.0175530192577185},
{"mapping": [3, 2, 0, 10, 4, 1, 11, 6, 8, 9, 12], "R": [[0.33075865256613773, -0.8160024895181068, 0.4740660827910866], [-0.819223007558826, 0.0011023041785255816, 0.5734740175559567], [-0.468478791023569, -0.5780473354542432, -0.6681234169937056]], "T": [-0.08319760141870845, 0.022637102763349848, -0.04956203336082314], "aligned_model": [[-0.4613552680639156, -0.2674800173630203, 0.41387712997223036, 0.5284271631361045, 0.27081177876239027, -0.19194390659924404, -0.1766090209501593, -0.7320787533915004, -0.3599431036973849, 0.34858506887092433, -0.03409146823121989], [-0.48501802641096425, -0.21954310437464217, -0.28631716816653285, 0.4270949963625128, -0.6999438681187279, 0.6865846376846881, -0.3239485384756908, -0.011159745099780516, 0.35310649315238307, 0.1956708825829927, -0.16932320082189245], [-0.24321349512074147, -0.8024824004533249, -0.5364625250510845, -0.22719407098513011, 0.03790889739538704, -0.011433927930817003, 0.5454414007728353, 0.23377261154871237, 0.6031980368627952, 0.48194434503543654, 0.01135190517124781]], "inverted": true, "swapped": true, "error_lsq": 0.054467892466669124, "error_max": 0.2941016110189026, "target": "768.xyz", "model": "4.xyz", "model_rescale": 3.7855080009869324, "target_rescale": 4.0175530192577185},
{"mapping": [5, 6, 0, 2, 9, 1, 12, 10, 13, 8, 7, 14, 16], "R": [[0.24435251096224192, -0.13772991534203635, -0.9598553645244281], [-0.5563219034246293, -0.830664041759677, -0.022431885731592438], [-0.794227794877795, 0.5394698510087039, -0.27959701303161627]], "T": [-0.006778728022110839, 0.057049356642152244, 0.060818895019170593], "aligned_model": [[-0.5700114372808311, 0.5184898383756044, -0.43456614762406537, -0.5083917371947129, -0.5466958331983832, 0.025811206818309985, 0.3104759052275961, -0.3470759906216656, 0.6386347337731761, 0.3249841451790331, 0.022689394829718226, -0.09641542060383172, -0.028870578469553314], [0.05632473227295654, 0.03526254312515885, -0.506367828215489, -0.30876058311896437, 0.3349858525859799, -0.6973987110122782, -0.3326159079164732, 0.6680489392842269, 0.21960017973543486, 0.674398423682161, 0.30858413020025155, 0.06543447385530093, 0.058920516893521714], [-0.5204483711845169, -0.32608592012045406, -0.26786466519932434, 0.461260107408039, 0.4325107606950058, 0.007433987517492649, 0.5197042208776068, -0.1437331940748907, 0.34697677472986144, -0.003394805651111929, -0.6443274439081288, 0.7313353763119133, 0.10975968678745615]], "inverted": true, "swapped": false, "error_lsq": 0.037671024027382254, "error_max": 0.25342628287047453, "target": "768.xyz", "model": "5.xyz", "model_rescale": 4.2253639853439635, "target_rescale": 4.0175530192577185},
{"mapping": [2, 11, 10, 1, 4, 8, 9, 3, 12, 7, 6, 0, 13], "R": [[0.607336815714332, 0.5406334571735572, 0.5821146427144255], [0.5446132571391178, -0.8167938723611003, 0.19037901728310205], [0.5783929394678817, 0.2014031654615341, -0.7905051375644419]], "T": [-0.0695799395530646, -0.03205591189835576, 0.029869695564903695], "aligned_model": [[-0.514441039747101, 0.5682819915659493, -0.5840046987532315, -0.5137317733716981, -0.727298693522414, 0.09688234769623874, 0.20878247233109218, -0.27889611813622195, 0.8038341596252637, 0.2626549288412031, 0.10985391179141185, -0.03199119616681559, -0.09086821294328194], [0.10809990747523089, -0.11689702829139177, -0.5436721462274591, -0.3662512986223915, 0.17854817293355252, -0.7518858796322895, -0.29303496917641597, 0.6418171389054346, 0.2835782056959846, 0.6766520205113318, 0.3990013336883859, 0.3363205614885513, 0.02414074262326358], [-0.45244406109884994, -0.407723643748544, -0.2567109567511545, 0.5091904378306477, 0.1846704460012195, 0.029878331839801785, 0.5063156282767625, -0.04148380107035589, 0.12403274371003768, 0.1592693663123248, -0.41252279096936023, 0.7411702716593332, 0.019484542197085897]], "inverted": false, "swapped": false, "error_lsq": 0.04738323071018251, "error_max": 0.31681709327205826, "target": "768.xyz", "model": "6.xyz", "model_rescale": 3.89814844738969, "target_rescale": 4.0175530192577185},
{"mapping": [10, 8, 9, 5, 2, 6, 6, 4, 3, 7, 11, 0, 12], "R": [[0.40045910345897934, 0.8847883157647687, -0.2382900391182453], [-0.9152820902122245, 0.3739033542292817, -0.14984984829099438], [-0.04348794998125634, 0.2781113409809759, 0.9595639010634944]], "T": [-0.05618378262830948, 0.15870715536866697, 0.08338568388186171], "aligned_model": [[-0.7087549688029047, 0.42427257821009395, -0.27455059501066625, -0.46330382731576036, -0.6959326766382623, 0.20819902244057087, 0.20819902244057087, -0.33669409906187314, 0.6768728273562741, 0.38781667024199207, 0.04018458525017426, 0.05341563614115081, -0.2106660960409657], [0.06322762048058544, -0.1301880281322061, -0.5685150346725063, -0.47924317247108605, 0.351000146997305, -0.4154815129944178, -0.4154815129944178, 0.7212053358470789, 0.06179872547340565, 0.642574860930343, 0.2925733272163771, 0.25952461490629125, 0.19342139078503573], [-0.23900874603956837, -0.2952804363278143, -0.3871562383698143, 0.25615504588701543, 0.31852947500660567, 0.32377070116687523, 0.32377070116687523, -0.059462304263200594, 0.4083759905727795, 0.08017306635055554, -0.7091629612688867, 0.6568263475307565, 0.025595872776769453]], "inverted": true, "swapped": false, "error_lsq": 0.050994001112231686, "error_max": 0.40925991960704505, "target": "768.xyz", "model": "7.xyz", "model_rescale": 3.7474275329858107, "target_rescale": 4.0175530192577185},
{"mapping": [8, 13, 9, 7, 3, 11, 10, 2, 12, 1, 4, 0, 14], "R": [[0.27967545495621327, 0.9579023293663409, -0.06484417699048473], [0.3277824344881873, -0.15874627595221968, -0.931320726448359], [-0.9024080648664619, 0.23921276568327188, -0.35838099447114624]], "T": [-0.06300865903013532, 0.02653144396400798, 0.11792961711130229], "aligned_model": [[-0.5389052737129963, 0.5679482640064241, -0.38402060510653924, -0.3360127520563236, -0.6558789527683268, 0.15152952090632732, 0.15094844347403885, -0.20595924120569864, 0.5441086665367286, 0.23389147508419084, -0.0724888822791323, -0.10617701621864613, -0.03992556744965156], [0.12801114706838623, 0.026286549296039276, -0.576456331987649, -0.5439298340420834, 0.3787682865297867, -0.5515003083886013, -0.3644135329926681, 0.7802855753569509, -0.07970885370862268, 0.695943119795622, 0.2717550180723339, 0.3464119863224783, 0.06496394004981457], [-0.3600187042036326, -0.5223868124697348, -0.2192610005184189, 0.37075431410631965, 0.3143184114115209, 0.0383518676357823, 0.7316459546554681, -0.2284940199482723, 0.14557325917100505, 0.28686788593473356, -0.6250383296496689, 0.6924086586655243, 0.0784050293983222]], "inverted": false, "swapped": false, "error_lsq": 0.05389083770942539, "error_max": 0.35012433152525496, "target": "768.xyz", "model": "8.xyz", "model_rescale": 4.019505241142653, "target_rescale": 4.0175530192577185},
{"mapping": [9, 0, 10, 6, 11, 6, 2, 8, 3, 4, 7, 5, 12], "R": [[0.08745970538911726, 0.5883784842155622, 0.8038417501258855], [-0.4099148106468393, 0.7567070297217264, -0.50927823356402], [-0.9079210582124501, -0.2849653145242771, 0.3073664288312327]], "T": [-0.060272042835244614, -0.020072722094061718, -0.022767198817920935], "aligned_model": [[-0.5819387191762764, 0.48812792614538364, -0.5746264528360421, -0.29990944504948014, -0.5893120506679277, -0.29990944504948014, 0.38612969595233954, -0.35324557688005004, 0.635200113086561, 0.41019822235043063, 0.17660198760719986, -0.017194097724207165, -0.07106407854805609], [0.13604625580830362, 0.15294248681344755, -0.752249875784948, -0.506630201183055, 0.19305114929289874, -0.506630201183055, -0.3601783643418124, 0.5716036358756015, 0.1380042196053692, 0.6576569466669353, 0.6387583375348566, 0.2133260963823876, 0.0007162758848569366], [-0.43608403245098837, -0.3260315877260596, -0.2165090754053862, 0.4608623835790557, 0.226119139799566, 0.4608623835790557, 0.16438461638921198, -0.16497313102594852, 0.45659797365729926, 0.06050882954769362, -0.5967152092212021, 0.6050815101245802, 0.009022713342070644]], "inverted": true, "swapped": false, "error_lsq": 0.06752842434004681, "error_max": 0.5580333760207299, "target": "768.xyz", "model": "9.xyz", "model_rescale": 3.877068213659057, "target_rescale": 4.0175530192577185},
{"mapping": [2, 3, 7, 8, 9, 1, 0, 14, 12, 6, 13, 11, 15], "R": [[-0.9130674281254167, 0.37325642365189127, 0.16427876886267673], [-0.34938238481658745, -0.5082093952077298, -0.7871817832003404], [-0.21033264339210606, -0.7761461542938891, 0.5944386648751036]], "T": [-0.0009387623047321034, 0.08024902924961169, -0.010367421914300713], "aligned_model": [[-0.5571240274407163, 0.5065821085286831, -0.4375844254064499, -0.5210826456034713, -0.5977770317061996, 0.1156167722572948, 0.25333558035361986, -0.41738046427568865, 0.6179142755263134, 0.40083425449621685, -0.07118187630355699, -0.014421253705064245, 0.03132681248941327], [0.08405667597349764, 0.021035802755711333, -0.5767756225984269, -0.29216785195054956, 0.2849845769676139, -0.7762289627563059, -0.3433888610652005, 0.7327245801626505, 0.13768692877908284, 0.54518653430066, 0.557454060532015, 0.16613894787176015, 0.035709952399278246], [-0.3723050002638637, -0.3867684078387519, -0.21999981725250534, 0.4210012638663786, 0.18331463605216144, 0.0655724673133388, 0.6138453080016056, -0.11221785617378163, 0.40426135298978005, -0.06248396911783866, -0.6145029688060392, 0.7225012024437247, 0.06090830297473935]], "inverted": true, "swapped": false, "error_lsq": 0.04137710626939207, "error_max": 0.22212442445599223, "target": "768.xyz", "model": "10.xyz", "model_rescale": 4.260839863003843, "target_rescale": 4.0175530192577185},
{"mapping": [7, 10, 1, 9, 6, 11, 4, 0, 2, 5, 3, 12], "R": [[0.8653304779159914, -0.07934870201755595, 0.4948807406616378], [0.49983640820537134, 0.06379218488534369, -0.8637674005077453], [0.03696929837088492, 0.9948036693919476, 0.09486269204635317]], "T": [-0.09082033975377445, -0.06333978892651253, -0.0066777247466745585], "aligned_model": [[0.29872573739887726, 0.21795475526335345, -0.46311401131304764, -0.2783785878110637, -0.6519631752603441, -0.40880574488997773, 0.3633383735092599, 0.6676553583353307, 0.423878519538721, -0.22514546533743507, 0.037240066047107376, -0.022487176386651528], [-0.054766737866825815, -0.6648129866049997, -0.6201681772999221, -0.185116513021084, 0.24616357729954502, 0.4600150824866938, 0.5123291402098811, -0.08007483791030644, -0.0200822576183642, 0.016448312156215478, 0.44870876124611153, 0.11443514245598953], [-0.6757624800820966, -0.3415091961969319, 0.06711528617311907, -0.6766540875024821, 0.2962973266542938, -0.33510023818208956, -0.34937615144086315, -0.07025973843892866, 0.6199914152039926, 0.6770980703689554, 0.3928528177572964, -0.08851494691876102]], "inverted": true, "swapped": true, "error_lsq": 0.04842858784390011, "error_max": 0.3624818776267824, "target": "768.xyz", "model": "11.xyz", "model_rescale": 3.890672605050136, "target_rescale": 4.0175530192577185},
{"mapping": [12, 3, 10, 11, 9, 2, 1, 5, 0, 8, 7, 6, 13], "R": [[0.6734817184297652, -0.5267414008330132, -0.518619197089122], [-0.5227317260769563, -0.8354364635295675, 0.16969813775588657], [-0.522660422734969, 0.15681011464087632, -0.8379956267504138]], "T": [-0.0442528319458176, 0.035126658217279054, 0.15607056843926623], "aligned_model": [[-0.48286013000885614, 0.7066054256324685, -0.5717378096148156, -0.36647459149952083, -0.7467982583970633, -0.08903556058448203, 0.4334954466220954, -0.4114138504692459, 0.5377857701215559, 0.3653411388116797, -0.00025175575428050545, -0.02751421628555835, -0.03808352936358218], [0.04779011442484584, 0.16063906813038786, -0.5619014042843519, -0.3332192673733109, 0.3224036503284787, -0.6724289707171038, -0.3041764684711365, 0.647631601429206, -0.05456622645027199, 0.6277888628605218, 0.4122839475606137, 0.25231525547840544, 0.031856598455502955], [-0.44608839870129935, -0.3669224219404701, -0.2499560259626861, 0.4075791779662148, 0.3284720463835705, 0.10199957024583842, 0.6678598423939861, -0.15215445139665243, 0.19943866605360314, 0.14282911290558784, -0.6073300175348185, 0.6895565344281381, -0.012157120652064063]], "inverted": false, "swapped": false, "error_lsq": 0.04618550659529766, "error_max": 0.3018304942291174, "target": "768.xyz", "model": "12.xyz", "model_rescale": 4.124412569039231, "target_rescale": 4.0175530192577185},
{"mapping": [9, 1, 11, 10, 7, 2, 4, 3, 4, 0, 6, 5, 12], "R": [[-0.011008728268617707, 0.17038874911283922, 0.9853154226326055], [-0.8022120539236347, -0.5897481638997678, 0.09302109285789142], [0.596937709012868, -0.7894078650182141, 0.1431802856745784]], "T": [-0.11195808518352766, 0.17826461573622826, -0.004361860136186849], "aligned_model": [[-0.6565220396692478, 0.5559249825001543, -0.4833151551563854, -0.38778049616646915, -0.6295165807034071, 0.20988556108641387, 0.4206578795887159, -0.15601608076135434, 0.4206578795887159, 0.2887275954054195, -0.04692065650495024, -0.10852684265955657, -0.11819796733765406], [0.22341965895569627, -0.001201455807500862, -0.7272194927395506, -0.3972267230639322, 0.25828024101343294, -0.6200311856649185, -0.1426939023557146, 0.84160856749702, -0.1426939023557146, 0.5498291426614522, 0.29894567473762035, 0.36860903904698883, 0.06679109944690777], [-0.3361033160127696, -0.43399942364155386, -0.1853185323411467, 0.3662341312925755, 0.3403240518804505, -0.043553625468848084, 0.4768679389031944, -0.26279380563435395, 0.4768679389031944, 0.19097933136174633, -0.6592046119883098, 0.7287841731760368, 0.04404226375873227]], "inverted": false, "swapped": false, "error_lsq": 0.0543599226251895, "error_max": 0.39668890836275483, "target": "768.xyz", "model": "13.xyz", "model_rescale": 3.9028299243045295, "target_rescale": 4.0175530192577185},
{"mapping": [4, 12, 0, 3, 7, 2, 1, 10, 11, 14, 13, 9, 15], "R": [[-0.4182515242073701, -0.8647713034986393, 0.2779141146891906], [-0.04664376082136218, -0.2851098580631832, -0.9573592473108679], [0.9071328580062854, -0.4133799238962343, 0.07891144685590512]], "T": [-0.04999388184024348, -0.08309540570312361, -0.0008724496592326311], "aligned_model": [[-0.6650249201669245, 0.5729344709764497, -0.5584576357044113, -0.5477815938750101, -0.6331687202544485, 0.09315076840350725, 0.39046659337034456, -0.3546475119280523, 0.5544055902246413, 0.31117326248069227, 0.2527442790743422, -0.03024870498152, -0.07648779840921537], [0.011538565925703279, -0.0527021814452677, -0.6541073399603251, -0.360937398562762, 0.4401414666189703, -0.8038596319340315, -0.30488421733443327, 0.5834943895646968, 0.19260217457538098, 0.7208203730983919, 0.4259378701122292, 0.3907140999987708, -0.012341409285536453], [-0.26946974523621303, -0.3095418652759721, -0.32122599059008794, 0.2515174589922981, 0.4538343120238647, 0.04558515303547325, 0.42221506913001344, -0.13576801136568828, 0.3224676355980588, 0.07867858578321799, -0.531801900560178, 0.6122834332620737, 0.08435237939208784]], "inverted": true, "swapped": false, "error_lsq": 0.04010429192530341, "error_max": 0.23568297391970053, "target": "768.xyz", "model": "14.xyz", "model_rescale": 3.942246331269136, "target_rescale": 4.0175530192577185},
{"mapping": [7, 12, 2, 5, 9, 1, 3, 6, 13, 11, 8, 4, 14], "R": [[0.24027533135284543, 0.738880950698479, -0.6295416633060851], [-0.20024964251429025, -0.5968613618190877, -0.7769534062222542], [-0.9498251659206443, 0.3127482301506692, 0.0045495847551974555]], "T": [-0.06459358485176857, 0.09554667173557638, 0.12346419201296696], "aligned_model": [[-0.679230859731084, 0.6312356639444937, -0.5743994129144911, -0.3640131455958714, -0.8453978816842085, 0.15043701900357492, 0.21973461800231187, -0.331429039517781, 0.7201737417650392, 0.18043790834512297, 0.04014927370269521, 0.22322014746637364, -0.06185995357578084], [0.20401147434589217, -0.30236539410347185, -0.3653400789279573, -0.4397036620007979, 0.24015829572981698, -0.6826388765743117, -0.3996179411523093, 0.543720537184267, 0.307423927727036, 0.7688716003321707, 0.42553245202422707, 0.25126494036642855, 0.02509948642079636], [-0.46086098719179136, -0.036422963637756045, -0.2086944137397335, 0.2866651879291151, 0.25610820577200943, 0.053962195006666894, 0.5599471924906553, -0.07834863166378103, 0.13681027659062997, 0.09692869637706494, -0.5686190722529167, 0.6098581200448815, 0.05579270846390401]], "inverted": true, "swapped": false, "error_lsq": 0.052297623294049043, "error_max": 0.35744773558702125, "target": "768.xyz", "model": "15.xyz", "model_rescale": 4.355366556412066, "target_rescale": 4.0175530192577185},
{"mapping": [4, 0, 7, 6, 11, 3, 8, 5, 10, 2, 1, 12], "R": [[-0.022597512129595265, 0.15470199846304478, -0.9877027103927035], [0.8274068819536025, -0.5516366881475788, -0.10533193241077449], [-0.5611481124813394, -0.8196122595234352, -0.1155358814287542]], "T": [0.019445701213736705, 0.06770959268076332, -0.08918897341614185], "aligned_model": [[-0.21407143109939625, 0.4323551421559978, 0.25467246821408374, -0.5542956800394846, -0.572359411919266, -0.37372317658556686, -0.3454281638287281, -0.1590377566360569, 0.7123656808467855, 0.213364215349614, 0.29550094345215394, -0.09153427527835553], [-0.7048649935993172, -0.4947345783914648, -0.5653598352482112, 0.4795433098424799, -0.12638197708984442, -0.052222940335562906, 0.49730640742198245, 0.4864644233930854, -0.04532900921701155, 0.014182398470635474, 0.6314826558603595, -0.10730943336615037], [-0.028399813075977984, 0.21539347343369047, -0.46785177956430074, -0.028515139159171157, -0.39736352988766444, 0.4297062575463465, -0.6315978963396967, 0.44442771059265207, -0.36542864726531366, 0.6975961243670491, -0.3342589163059323, -0.08444938313226047]], "inverted": false, "swapped": true, "error_lsq": 0.05166504891746513, "error_max": 0.29392192805498046, "target": "768.xyz", "model": "16.xyz", "model_rescale": 3.795458400668931, "target_rescale": 4.0175530192577185},
{"mapping": [10, 8, 9, 5, 2, 6, 6, 4, 3, 7, 11, 0, 12], "R": [[0.40045910345897934, 0.8847883157647687, -0.2382900391182453], [-0.9152820902122245, 0.3739033542292817, -0.14984984829099438], [-0.04348794998125634, 0.2781113409809759, 0.9595639010634944]], "T": [-0.05618378262830948, 0.15870715536866697, 0.08338568388186171], "aligned_model": [[-0.7087549688029047, 0.42427257821009395, -0.27455059501066625, -0.46330382731576036, -0.6959326766382623, 0.20819902244057087, 0.20819902244057087, -0.33669409906187314, 0.6768728273562741, 0.38781667024199207, 0.04018458525017426, 0.05341563614115081, -0.2106660960409657], [0.06322762048058544, -0.1301880281322061, -0.5685150346725063, -0.47924317247108605, 0.351000146997305, -0.4154815129944178, -0.4154815129944178, 0.7212053358470789, 0.06179872547340565, 0.642574860930343, 0.2925733272163771, 0.25952461490629125, 0.19342139078503573], [-0.23900874603956837, -0.2952804363278143, -0.3871562383698143, 0.25615504588701543, 0.31852947500660567, 0.32377070116687523, 0.32377070116687523, -0.059462304263200594, 0.4083759905727795, 0.08017306635055554, -0.7091629612688867, 0.6568263475307565, 0.025595872776769453]], "inverted": true, "swapped": false, "error_lsq": 0.050994001112231686, "error_max": 0.40925991960704505, "target": "768.xyz", "model": "17.xyz", "model_rescale": 3.7474275329858107, "target_rescale": 4.0175530192577185},
{"mapping": [11, 5, 7, 2, 1, 9, 6, 3, 4, 8, 10, 0, 13], "R": [[-0.04777903215531315, -0.7838632724101839, 0.6190925086388135], [-0.5235109232657409, -0.5082020201332182, -0.6838618427386978], [0.8506782454652011, -0.3567759477584129, -0.38607958479222027]], "T": [-0.09523661765508465, 0.018518378283394372, -0.02571789700047606], "aligned_model": [[-0.6119718280033742, 0.5256871135752594, -0.5893116068097437, -0.3477371955252325, -0.7027731357997704, 0.2311286866248546, 0.2483431697164988, -0.3425995221448972, 0.6539903084555793, 0.297201990248369, 0.08450803147659341, -0.03632395250483686, -0.10108398009890432], [0.15562048025173117, -0.009940523173362185, -0.5103824649562028, -0.3079024275772071, 0.22253840658904156, -0.5640133432403396, -0.4065083126170972, 0.6438114205628522, 0.0503525176033817, 0.6136273329643039, 0.37304508786742907, 0.3165722013341064, -0.0004036142368498419], [-0.5114383905234763, -0.3956689040178319, -0.23445956784883232, 0.5517988901895061, 0.23465419055975262, 0.01748681844740662, 0.5186202820685721, -0.11742060180517733, 0.33047225275822645, 0.06751150986288648, -0.5900245899995082, 0.7532786416507675, 0.07831598284665625]], "inverted": false, "swapped": false, "error_lsq": 0.03803648320864352, "error_max": 0.24109665752995585, "target": "768.xyz", "model": "18.xyz", "model_rescale": 3.922800546911778, "target_rescale": 4.0175530192577185},
{"mapping": [3, 8, 0, 2, 9, 1, 6, 7, 4, 13, 12, 10, 14], "R": [[0.4233016999347402, 0.8306611339652689, -0.3616873668679812], [-0.45454127105560904, -0.15062284411848778, -0.8778980531569767], [-0.783714172220658, 0.5360175737316755, 0.3138108616847055]], "T": [0.030186286186386788, 0.019108378426512442, -0.005248829426607961], "aligned_model": [[-0.5211524226367706, 0.5903302591355161, -0.5417571746859529, -0.4979310108775928, -0.639807343829945, 0.054540085693259674, 0.4710895265519353, -0.38595246635773467, 0.5026297846491233, 0.3826578697765784, -0.03755782259534214, -0.0358781160792581, -0.03215308953342223], [0.09636246202352924, -0.09803558793698278, -0.46735769097226737, -0.2509537520247231, 0.24085730686675827, -0.7121745886598099, -0.31129682985904594, 0.6863195779988829, 0.27345163079200563, 0.6006428846172733, 0.36008508842950954, 0.0664506210963792, 0.092065639000278], [-0.3202197460298784, -0.2218283176867211, -0.3722284972093758, 0.39635735706180103, 0.4005579403396512, 0.10706830388282945, 0.4097264745205643, -0.14620546408733187, 0.48052250549199194, -0.10217739947216323, -0.7107696749920774, 0.7972440702775432, -0.014921037907885256]], "inverted": true, "swapped": false, "error_lsq": 0.04719861616803895, "error_max": 0.262678074806065, "target": "768.xyz", "model": "19.xyz", "model_rescale": 3.9282355846067225, "target_rescale": 4.0175530192577185},
{"mapping": [6, 12, 8, 4, 3, 9, 11, 5, 10, 2, 7, 0, 13], "R": [[-0.4859134065947255, 0.42963017846052287, -0.7611215875584457], [-0.3905037474652874, 0.6723648304150946, 0.6288341260113421], [0.7819175049243215, 0.6027797645714899, -0.15893889050846918]], "T": [-0.10674460991035059, 0.04659140217777996, -0.011178112541802517], "aligned_model": [[-0.6405472110159764, 0.6122957477074984, -0.40988375483776585, -0.4840408843117252, -0.6545044960088837, 0.24333401339099206, 0.1289724973062774, -0.4082815067535541, 0.6773746593298193, 0.30514036209730233, 0.11165162452102606, -0.11983788388369955, -0.052615088330915744], [0.16492305214455902, -0.19416894188529848, -0.6309599809610744, -0.2861025110755007, 0.3512116922206709, -0.5375779532083056, -0.37849644003189137, 0.6641122840412252, 0.1882307948926354, 0.7597471737039867, 0.24268733596076045, 0.09654850932897369, 0.13626174624104626], [-0.36880425493923996, -0.3956384695501547, -0.17746810366419963, 0.3713530970958862, 0.4053799929093627, -0.13207454331222204, 0.5152256707813275, -0.13541020402124385, 0.31643385767463256, -0.03299154264790407, -0.5606753790678507, 0.7872765460447584, 0.11051984688579561]], "inverted": true, "swapped": false, "error_lsq": 0.04732312156229309, "error_max": 0.3210911536257319, "target": "768.xyz", "model": "20.xyz", "model_rescale": 4.067790424073018, "target_rescale": 4.0175530192577185},
{"mapping": [1, 12, 7, 8, 5, 0, 2, 13, 3, 11, 10, 6, 14], "R": [[0.5376996158299282, -0.8424813716183637, 0.033230432022305245], [-0.24784380454169092, -0.12026484861688835, 0.961306306406786], [-0.8058862026903355, -0.5251299883487882, -0.2734701512965426]], "T": [-0.08459569187314975, 0.033485534391583284, 0.11679969290037828], "aligned_model": [[-0.6910249290801863, 0.49904441128106136, -0.3520804912227681, -0.5334413719888144, -0.6222652630460113, 0.13841728285319665, 0.19964881288622272, -0.3212508789211938, 0.736741089423091, 0.3431603312138977, -0.11111987128304852, 0.09674595918903628, -0.07351700209408847], [0.028925643509603173, 0.0035614067216249504, -0.5275312002123046, -0.3121944685959162, 0.2118406112446655, -0.6396834356737199, -0.3160120504170606, 0.6637731248452733, -0.0062554134034428985, 0.5047424049145023, 0.4951905555096935, 0.40149648081240863, 0.06856310211646027], [-0.4359460795252963, -0.3786623575848447, -0.2959666608883864, 0.18169027543068444, 0.2828328813098301, 0.15638226944466108, 0.7090652003089698, -0.07517786005968774, 0.33490876059153274, 0.002896222027686246, -0.5595225401621065, 0.7326243851626006, 0.048002018133304625]], "inverted": false, "swapped": false, "error_lsq": 0.04629204489218603, "error_max": 0.245103957015769, "target": "768.xyz", "model": "21.xyz", "model_rescale": 4.186013935880536, "target_rescale": 4.0175530192577185},
{"mapping": [11, 5, 8, 9, 10, 2, 1, 4, 0, 6, 3, 7, 12], "R": [[0.2258371336809702, -0.6219994226094047, -0.749742827457743], [-0.32215018812707924, -0.7740101364700517, 0.5450940881456151], [-0.9193567562923826, 0.11842730645919239, -0.3751774616689673]], "T": [-0.0712496599897668, 0.012836533510391733, 0.06558028532139232], "aligned_model": [[-0.48436895907443583, 0.42013767344414904, -0.3970469847211983, -0.5200488833579355, -0.7228805229530082, 0.2666838666849518, 0.21149970055156941, -0.37502004957890006, 0.6242925982214311, 0.23854990637415885, 0.20547562284065812, -0.08461377158800487, -0.07360211763304053], [0.035766270469187365, -0.16427786523180696, -0.6304224291319451, -0.3042579872055948, 0.34008157376897585, -0.6289819714892426, -0.2203066618301762, 0.6691980198361438, -0.018551977097169527, 0.47508129741007454, 0.5487627925751283, 0.42824521086769496, 0.04608048843051758], [-0.4116750452917413, -0.5051278313317276, -0.19469291898854602, 0.3545112152585652, 0.4712739316825408, -0.08794215946832903, 0.6986839778648817, -0.0017197774243536135, 0.25799694117705807, 0.05119779787155454, -0.6333795257005908, 0.6702130426032809, 0.03378686593635553]], "inverted": false, "swapped": false, "error_lsq": 0.056484580822487786, "error_max": 0.28546074765599916, "target": "768.xyz", "model": "22.xyz", "model_rescale": 4.166573947596378, "target_rescale": 4.0175530192577185},
{"mapping": [14, 8, 13, 5, 12, 7, 0, 11, 4, 3, 9, 2, 15], "R": [[0.5056516740477668, 0.8309785975511406, 0.23192877127392147], [-0.8551667875737081, 0.4472273828759379, 0.2620637965015464], [0.11404450869531463, -0.33085077968455695, 0.9367665726415335]], "T": [-0.08962203355882073, 0.09064223753441086, 0.06207613206457029], "aligned_model": [[-0.6820476930784418, 0.6356756773848856, -0.6105531501316837, -0.34528639715231524, -0.6667483301475149, 0.06144594949311474, 0.41512782834660944, -0.2639376554403188, 0.5763010685753004, 0.26897030964781965, 0.00747175335292144, 0.0050245719287097396, -0.09238585356869133], [0.012795366444133704, -0.030165082859879233, -0.5516424571457623, -0.6230663184024021, 0.4009744664262017, -0.6019698304886112, -0.4422756503126312, 0.8522564668167274, 0.14629204507241333, 0.5724090754195605, 0.35766355928541554, 0.4295462605215806, 0.053598860595040196], [-0.45652724800968425, -0.2747145478245225, -0.11934680381039414, 0.4031301037058169, 0.062783752081769, -0.03203356656266316, 0.4198216625147933, -0.0458643939169785, 0.36753158598485336, 0.08925879793418928, -0.4668109792886729, 0.6356572705810765, 0.12024088079936518]], "inverted": true, "swapped": false, "error_lsq": 0.04416582900678498, "error_max": 0.24971917635403243, "target": "768.xyz", "model": "23.xyz", "model_rescale": 4.274766983524099, "target_rescale": 4.0175530192577185},
{"mapping": [2, 0, 10, 1, 9, 8, 6, 11, 3, 4, 12], "R": [[0.8261223523724535, 0.5046007207966356, -0.2507986672255654], [0.5620097241023208, -0.7700889629086335, 0.301841115855244], [-0.0408280409159862, -0.3903089824457301, -0.9197782174508927]], "T": [-0.07908095295337669, 0.04185133693575416, -0.047456354267856986], "aligned_model": [[0.5518008477767097, 0.29520188994757096, -0.47739573293859566, -0.6150473905350131, -0.603793315503007, -0.612498122612045, -0.02916514238520934, -0.0749491355372334, 0.5335429884118849, 0.377637571905585, 0.03456024542742808], [-0.04987468456865818, 0.6164129905162049, 0.5143758943647698, -0.2543396564852107, 0.39483968664206137, -0.33125757606218625, -0.5752459459729963, 0.040507923009319796, -0.1700650089017235, 0.5872594495040272, 0.14297345919787527], [-0.5505217886050975, -0.3782121231764134, -0.48022657017209974, -0.328733288346308, 0.26711026054723985, 0.38630586452113597, 0.297749167992425, 0.6474231388578694, 0.0867122280987814, 0.33859447691868183, 0.09336506738536265]], "inverted": true, "swapped": true, "error_lsq": 0.05567655969775304, "error_max": 0.26126370329348814, "target": "768.xyz", "model": "24.xyz", "model_rescale": 3.7841303162186577, "target_rescale": 4.0175530192577185},
{"mapping": [12, 6, 2, 8, 14, 1, 0, 13, 7, 11, 3, 10, 15], "R": [[-0.913374682942557, 0.19535913260967985, 0.3571855230347076], [-0.3915409222748517, -0.6618983594221635, -0.6392075312278536], [0.11154548284777198, -0.7236887252819699, 0.681052299134226]], "T": [-0.0832936406949719, -0.02143723346485031, 0.07620440104423955], "aligned_model": [[-0.7042362539566863, 0.510343408574362, -0.6021279091694087, -0.19770649674241458, -0.658731204860873, 0.2206496101599621, 0.34145001050168056, -0.2642730159142517, 0.4497254332132953, 0.31602494753725585, 0.0509107682766403, -0.11865901915711803, -0.034312199252049105], [0.2302574505783458, 0.03476328221559362, -0.4899340038132753, -0.5782976958089197, 0.47763075715061193, -0.70011141666277, -0.4088641772025932, 0.6821011076638488, 0.11848496011697647, 0.6328434131129391, 0.2675699622551268, 0.3178427733837076, -0.007869651617804745], [-0.2791151220448312, -0.33179438328615485, -0.2068411888470592, 0.23829668182244157, 0.2977934639521845, 0.06870459280836301, 0.535359215225428, -0.2141062353061327, 0.4213391670320814, 0.032740970799302035, -0.663704988724404, 0.7754135773543552, 0.029040763403374463]], "inverted": true, "swapped": false, "error_lsq": 0.045251832643075335, "error_max": 0.2634618476102596, "target": "768.xyz", "model": "25.xyz", "model_rescale": 4.19342608120988, "target_rescale": 4.0175530192577185},
{"mapping": [4, 0, 7, 6, 11, 3, 8, 5, 10, 2, 1, 12], "R": [[-0.022597512129595265, 0.15470199846304478, -0.9877027103927035], [0.8274068819536025, -0.5516366881475788, -0.10533193241077449], [-0.5611481124813394, -0.8196122595234352, -0.1155358814287542]], "T": [0.019445701213736705, 0.06770959268076332, -0.08918897341614185], "aligned_model": [[-0.21407143109939625, 0.4323551421559978, 0.25467246821408374, -0.5542956800394846, -0.572359411919266, -0.37372317658556686, -0.3454281638287281, -0.1590377566360569, 0.7123656808467855, 0.213364215349614, 0.29550094345215394, -0.09153427527835553], [-0.7048649935993172, -0.4947345783914648, -0.5653598352482112, 0.4795433098424799, -0.12638197708984442, -0.052222940335562906, 0.49730640742198245, 0.4864644233930854, -0.04532900921701155, 0.014182398470635474, 0.6314826558603595, -0.10730943336615037], [-0.028399813075977984, 0.21539347343369047, -0.46785177956430074, -0.028515139159171157, -0.39736352988766444, 0.4297062575463465, -0.6315978963396967, 0.44442771059265207, -0.36542864726531366, 0.6975961243670491, -0.3342589163059323, -0.08444938313226047]], "inverted": false, "swapped": true, "error_lsq": 0.05166504891746513, "error_max": 0.29392192805498046, "target": "768.xyz", "model": "26.xyz", "model_rescale": 3.795458400668931, "target_rescale": 4.0175530192577185},
{"mapping": [8, 2, 11, 10, 5, 4, 3, 6, 0, 1, 1, 7, 12], "R": [[0.6046905137030822, -0.3722540718685918, -0.7041138321427551], [-0.021803033202647842, -0.8914591200673432, 0.4525762532346592], [-0.7961620503268583, -0.2583167497976302, -0.5471731411475912]], "T": [-0.045204624799541224, -0.04540580117251983, -0.061387520491860366], "aligned_model": [[-0.6040030322468367, 0.808069430645761, -0.5092947508812595, -0.4363138331416736, -0.5956369087636115, -0.11708379143114676, 0.43304059735169864, -0.29358837186338527, 0.5660587248488257, 0.1091976869866826, 0.1091976869866826, -0.09609991183556972, -0.06448544744577248], [0.2805789169046291, 0.04290675288193202, -0.5226177273917102, -0.37949443364515223, 0.2954637822241575, -0.8515745926425995, -0.2885399524800967, 0.7383391648830144, 0.36207038270457914, 0.4007593194171568, 0.4007593194171568, 0.08184792200467986, 0.015917907094040035], [-0.3963950032750071, -0.25876835289336086, -0.3230432562993506, 0.4316690698827017, 0.3229205535389974, 0.14786937354177018, 0.4458046036635849, 0.010974776686986591, 0.3279625392776599, -0.4183886154978814, -0.4183886154978814, 0.7395021462690967, 0.09140729479163251]], "inverted": false, "swapped": false, "error_lsq": 0.06444293114163131, "error_max": 0.5537470669944689, "target": "768.xyz", "model": "27.xyz", "model_rescale": 3.6321398670334006, "target_rescale": 4.0175530192577185},
{"mapping": [2, 6, 1, 3, 0, 4, 7, 11, 12, 9, 13, 8, 14], "R": [[0.9716766002680974, 0.20945855762350837, -0.10941525090092263], [-0.22013624117054395, 0.6339195627074767, -0.7414081354693015], [-0.08593381066109287, 0.7444951985439808, 0.6620742250912828]], "T": [-0.09762548881698627, 0.11595361501629893, 0.1459200402414435], "aligned_model": [[-0.6821969664131698, 0.5337129925657476, -0.3703316889090045, -0.4609841459868472, -0.6517949932748924, 0.18113238202030682, 0.21811965056835533, -0.3732133612532371, 0.6696791485940223, 0.27019856259676867, 0.04034910219595306, 0.04285277655160605, -0.10846538004521397], [0.10906047689098593, -0.009926938943735877, -0.3623366299696665, -0.33765736509333905, 0.3048143726929306, -0.6074417494583514, -0.42268695439300236, 0.5842433305569863, 0.09529189805620916, 0.6370698761443316, 0.2979773965067014, 0.1870881334882471, 0.10092091489349037], [-0.39414693334629197, -0.2893652055466773, -0.23373370480651734, 0.5116626340775214, 0.361881770088502, -0.14641615057638563, 0.6053313243266429, -0.19654441529167604, 0.45304610185095817, -0.05336736731292441, -0.6378577899635174, 0.638094148698358, 0.08454210199095594]], "inverted": false, "swapped": false, "error_lsq": 0.04054365242833344, "error_max": 0.2679871046109149, "target": "768.xyz", "model": "28.xyz", "model_rescale": 4.156811204709835, "target_rescale": 4.0175530192577185},
