[{"mapping": [14, 5, 12, 9, 11, 10, 0, 4, 3, 13, 6, 7, 8, 15], "R": [[-0.17090192156590292, 0.8597933611631835, -0.48119425319178316], [0.5916416753260433, 0.4800806122890635, 0.6476748672918774], [0.7878785827920918, -0.17400569474552777, -0.5907362837795318]], "T": [-0.06838041849864286, 0.19573503107500953, -0.06234121804343748], "aligned_model": [[0.04088067445797437, 0.24549242171064034, -0.410849738023643, -0.26602881338246936, -0.6566638143542466, -0.1582874792603251, -0.7174460785277837, -0.10357787243317287, -0.3284119710886549, 0.28807956957723857, 0.6144098300731301, 0.27534098525061024, 0.613532962209561, -0.06497857508055549], [-0.670658465641834, -0.34211980243873963, -0.2666808701055292, -0.35063951743159183, 0.1978594028197711, 0.23938428630476957, 0.26136590544279026, 0.41366527017309596, 0.6467474495852047, -0.029598565520884773, 0.4800562964638482, 0.6254673311458463, -0.128850859963382, 0.15927547097666972], [0.2808102286657661, -0.4450562586724811, 0.3543564169129916, -0.21784315825817152, 0.663146405271155, -0.7271768407542065, -0.11762027102978068, 0.5688601271486886, 0.17323883535579254, 0.6830774900543121, 0.4694481789852456, -0.08533208934675107, 0.26916545164248495, 0.02851357120478787]], "inverted": true, "swapped": true, "error_lsq": 0.03273072909952353, "error_max": 0.20578833810820762, "target": "769.xyz", "model": "0.xyz", "model_rescale": 3.8414455957264533, "target_rescale": 4.072366474039159},
{"mapping": [6, 8, 11, 14, 4, 12, 0, 3, 10, 1, 9, 2, 5, 7, 15], "R": [[0.5056734597335348, 0.6133484261097911, -0.6067108539574344], [0.6159531695281592, -0.7490771711785138, -0.2438956427806991], [-0.604066258840313, -0.2503739199833673, -0.7565823518446821]], "T": [0.05723529186008273, 0.09661190402415014, -0.004818271645788727], "aligned_model": [[-0.8459357176552122, -0.5928942267899688, 0.016317262994233202, -0.07204857001024292, -0.37104134818024304, 0.13013181566979343, 0.5556866412082648, 0.004148218484293538, 0.5465690685508483, 0.46185779518477815, 0.4128255992684631, -0.2945451760423689, 0.18394192227853715, -0.2659643686792364, 0.002995237222605397], [0.16764300988798503, 0.2259876866142605, -0.8259991275193805, -0.2277339202318378, -0.3717884729447407, -0.5072101414743182, -0.2615218704155158, -0.1776149353392807, 0.5515672893508036, 0.17643871089186813, 0.006161902010953985, 0.6665029066788275, 0.5033445820153121, 0.39711330962480784, 0.024153598893269887], [0.09045910163888894, -0.4955850669318779, 0.1349270601734976, -0.8756879876846064, 0.20572339762740322, -0.3720180178947662, 0.2230761520178574, 0.4936874703126247, 0.06976721376499075, 0.7240790350388463, -0.48141581578499054, -0.2354758405602595, -0.598778491307825, 0.32470216465841384, -0.042278587728662415]], "inverted": false, "swapped": true, "error_lsq": 0.05664981982764155, "error_max": 0.3910868806314499, "target": "769.xyz", "model": "1.xyz", "model_rescale": 4.316132596720782, "target_rescale": 4.072366474039159},
{"mapping": [14, 8, 13, 0, 11, 9, 3, 10, 6, 5, 7, 15], "R": [[0.047141079365923655, -0.9474001420432137, 0.3165607200723343], [-0.010813477610443267, -0.3173785019572981, -0.9482372884448862], [0.9988297088784377, 0.041277807013460704, -0.02520625537392196]], "T": [-0.06545297370378247, 0.18027014475498676, -0.0015188433805694151], "aligned_model": [[-0.1563335333306374, 0.522381747610782, 0.22090053591865003, -0.6828680998782277, -0.6494051282777973, -0.37706526352191305, -0.2224188564092149, -0.13345560700036876, 0.6553565169210896, 0.1269400718368325, 0.3653651934848212, -0.07158902272223505], [-0.7178652986540914, -0.39811396875373656, -0.5122971188855161, 0.3847863702582861, -0.14937819755444137, -0.11104683335907334, 0.43407106846754323, 0.6341278595515312, -0.04918768832111137, -0.06133592647992431, 0.4626928561836469, 0.09632330528786756], [0.25425848583416255, 0.011923223204825785, -0.41605503733284466, -0.07649278468878641, -0.6517080542710447, 0.42251309853334573, -0.48883124250615007, 0.489789368301794, -0.5090854393601298, 0.6609660292383257, -0.19639303913862888, -0.0516261466054482]], "inverted": false, "swapped": true, "error_lsq": 0.04379832306974724, "error_max": 0.23083424172053685, "target": "769.xyz", "model": "2.xyz", "model_rescale": 3.795458400668931, "target_rescale": 4.072366474039159},
{"mapping": [1, 0, 11, 14, 7, 8, 12, 10, 9, 5, 4, 15], "R": [[-0.9015979465014805, 0.42376942375987525, 0.08683673387764423], [0.3396046127184523, 0.8177553960353037, -0.4646986327454535], [-0.267936279523068, -0.38948117764709383, -0.8812006368438289]], "T": [0.11722771275199836, 0.07371543877387456, -0.06699576018836578], "aligned_model": [[0.01746014357681623, -0.16393808816648694, -0.7698231426834828, 0.1198079856160315, 0.18263617731582416, 0.25417961110535425, -0.26753418202078294, 0.6178188655876659, 0.3024851573468034, 0.7337819968931358, -0.4865014761477696, 0.052930777320456465], [-0.24714245349509778, -0.49300992844880454, -0.14664750354600886, 0.05236112237905345, 0.48881861116111197, 0.7036525569828973, -0.19246229289367195, -0.25740811997672886, -0.31997982408593895, 0.036019698907222716, 0.35923989731131606, 0.10232728099435845], [-0.8341200122447989, -0.23557086789587006, 0.12534537399949142, 0.8710159286136394, -0.4230209310966436, 0.44747672317323567, 0.46766143741958416, -0.3699159292513163, 0.3482807836838318, 0.32379143251624515, -0.03331433954580523, 0.0011418312675064157]], "inverted": true, "swapped": true, "error_lsq": 0.0465441574449612, "error_max": 0.25159021183337354, "target": "769.xyz", "model": "3.xyz", "model_rescale": 3.7530521520055578, "target_rescale": 4.072366474039159},
{"mapping": [3, 10, 9, 5, 12, 2, 4, 7, 6, 8, 15], "R": [[-0.5109848372890147, -0.5145737097721641, -0.6885552942734755], [-0.5223631039020542, 0.8220420032940912, -0.22667980170727567], [0.6826648399782514, 0.24384593913278654, -0.6888453195209491]], "T": [-0.11266594384244169, -0.16665518484955785, -0.12289813043930167], "aligned_model": [[-0.5333115317154186, -0.2162683555076253, 0.4212774504055874, 0.37934909940171124, 0.394769108095132, -0.08256082952103583, -0.26959576879681924, -0.550710157470867, -0.362057212200636, 0.22525276044728434, -0.06794496069210798], [-0.5287365326548287, 0.028984640235758002, -0.24668652781353845, 0.311374686718604, -0.6236281862386814, 0.5338171641938432, -0.4773959381535918, 0.127823241401155, 0.21023788788580458, 0.33097868157358934, -0.19956575883376768], [0.013046558779836404, -0.7577103400098789, -0.38798363466155783, -0.3752538777263742, 0.07315279030665148, -0.022099633827148385, 0.4480316396068943, 0.03439953852744512, 0.6680485651603022, 0.44139790514506405, -0.04219873405591783]], "inverted": true, "swapped": true, "error_lsq": 0.04541262861335196, "error_max": 0.2096996078516715, "target": "769.xyz", "model": "4.xyz", "model_rescale": 3.7855080009869324, "target_rescale": 4.072366474039159},
{"mapping": [8, 15, 12, 9, 3, 11, 2, 14, 1, 6, 13, 10, 7, 0, 4, 16], "R": [[-0.4352123138634577, -0.05893620828538251, 0.898396774935528], [-0.35009309474216344, 0.9304028380715135, -0.10856050811564971], [-0.8294727643964389, -0.3617693771747624, -0.42555593153322957]], "T": [-0.07710572691634685, 0.051892569142819034, 0.1382388734026926], "aligned_model": [[0.07834341224808625, -0.25301987206504084, 0.30444443150233014, -0.6943224583425918, -0.7363544053447612, 0.6830225554970901, -0.48492615141674067, -0.20750294703568564, 0.16194096597055657, 0.45759720060134423, 0.4808786332365489, -0.5566941066698573, -0.07275147055729905, -0.31477882904982113, 0.14588540826504784, -0.10190052086343869], [0.4956295376564164, 0.08667361266002531, -0.5095326978857397, -0.14842055161954995, -0.06239003973998958, -0.1501258966441531, -0.5380974523079122, -0.4964350485760056, -0.33557969204785315, 0.4103825838890324, -0.015752224951696925, 0.5321124571786972, 0.7713176368973856, -0.05293503029777044, 0.3451090480385477, 0.01089266609431435], [-0.38544322660743735, -0.666225295615614, 0.0904224623835981, -0.1547324210051144, 0.3246450715200533, 0.2558388821468094, 0.31538277966981776, -0.23596800409265303, 0.7430742761504088, 0.24619607185760436, -0.31886644764714245, -0.1269933252732903, 0.3474710033775261, 0.8737635529602775, 0.7795654937763145, 0.11392882735338139]], "inverted": false, "swapped": false, "error_lsq": 0.0437989068776714, "error_max": 0.31129136113276806, "target": "769.xyz", "model": "5.xyz", "model_rescale": 4.2253639853439635, "target_rescale": 4.072366474039159},
{"mapping": [10, 5, 6, 7, 2, 13, 4, 3, 14, 9, 8, 11, 0, 15], "R": [[-0.07928109041339426, -0.39278074459790624, 0.9162083798874454], [-0.34532863873835384, -0.851368968051313, -0.39486581455775327], [0.9351270715629929, -0.34769838497231587, -0.06814097972339761]], "T": [0.21099310649127692, -0.07871666796018509, -0.02702475131134508], "aligned_model": [[0.6513219566238884, -0.01675797456158573, -0.49429386128559694, 0.11415767376742583, -0.2220603295050668, -0.541429468424494, -0.021992236902693002, 0.4452394637913908, -0.3664140112819332, 0.24988454532598287, -0.6043483996215008, 0.2734173309975543, 0.7606365517168706, 0.1467009121175408], [-0.14590015344350604, 0.19512686948033334, -0.5973623134952831, -0.6205830507844312, -0.37048101853658166, 0.026381807426321152, -0.18204309662450607, -0.3192031559836489, 0.6587350573033927, 0.4744222342626383, -0.08982813280824617, 0.28288080936887205, 0.17170465562185308, -0.03875136515221697], [-0.5306037672575399, -0.6653146119233959, 0.22480466663010285, -0.04564075026295162, -0.50563362284054, 0.368326462756058, 0.5911896669548766, 0.43538357984428994, -0.08265357672173712, -0.260039127476397, -0.15093316609826302, 0.8319075154951935, 0.22562255268054449, 0.03514238715120784]], "inverted": true, "swapped": true, "error_lsq": 0.04835743599059585, "error_max": 0.3065715800504126, "target": "769.xyz", "model": "6.xyz", "model_rescale": 3.89814844738969, "target_rescale": 4.072366474039159},
{"mapping": [0, 11, 12, 1, 9, 4, 3, 10, 7, 6, 13, 2, 15], "R": [[0.7497820148650481, 0.579631477583028, 0.319146174001545], [-0.38211805450672204, -0.014467645585598229, 0.9240002595514827], [0.5401969294663813, -0.8147502914550724, 0.2106400720873601]], "T": [0.027496395302741533, -0.013767377262914784, 0.07603453487420196], "aligned_model": [[0.1238332615903307, -0.0656463612548293, 0.40551072121032683, -0.36950858371130657, 0.6245272736023088, -0.3574530646311438, -0.4059572238044489, 0.20678948136440117, -0.4390822895563452, -0.5446986949941918, -0.06512203252268536, 0.0022032973257575805, 0.033236016286048276], [-0.3387043747013549, 0.3675828796730839, 0.372901249364135, -0.6969582894566126, -0.022840159957205827, 0.425783038023226, -0.08152950516387804, -0.6263175704599585, -0.05556160469800539, 0.5988572903604509, 0.8376430366225823, 0.10532008662211079, 0.07760518924191201], [-0.4841302375704679, -0.7714975098374252, -0.38477254194840155, -0.20149059392957386, 0.003628018333757768, -0.24916837680950843, -0.29009771672019635, 0.2872954929021442, 0.3656902040248041, 0.43258027324249215, 0.07921843036388505, 0.7738214663526545, 0.041198122432131085]], "inverted": false, "swapped": true, "error_lsq": 0.04169207326420037, "error_max": 0.26921888659553095, "target": "769.xyz", "model": "7.xyz", "model_rescale": 3.7474275329858107, "target_rescale": 4.072366474039159},
{"mapping": [9, 0, 11, 12, 3, 13, 14, 8, 4, 6, 5, 2, 10, 1, 15], "R": [[-0.6711221912962729, -0.06930893758802553, -0.7380997734182745], [0.734512535401128, -0.19704256215096022, -0.6493578089463402], [-0.10043077062482109, -0.9779419716278693, 0.1831479195631237]], "T": [0.0635803812770146, 0.0902357029246642, 0.03377398671995083], "aligned_model": [[-0.36419476773486054, 0.385033457561061, 0.36540014260897147, -0.18234634973421182, 0.5989648144959988, -0.22721525734520898, -0.7405811155268557, -0.48429434425959916, 0.3269113864991777, 0.08462776129410093, -0.584651105813699, -0.2893350934193092, 0.08647814775573731, 0.7909605269347828, 0.03639551902266085], [0.20463267169919308, 0.16198906135406943, -0.6223007955424468, -0.3563124477695439, -0.10363341798211777, -0.6770508251823065, -0.32349290751597237, -0.2782515469675778, -0.520632710164426, -0.42878874773196685, 0.4227954763958794, 0.2733466645923703, 0.7578993551372059, 0.48222590173561414, -0.0033077700783810393], [-0.37327962656650504, -0.5320606107553493, -0.4893041416692183, -0.46106478656335037, -0.014234805995448838, 0.2791253339342277, -0.21618904440055675, 0.5280501881310262, 0.10192199936796348, 0.7821132785549733, 0.09272074483073672, 0.619989996428788, -0.04169708115794217, -0.10277190564810992, 0.023475117205026385]], "inverted": false, "swapped": true, "error_lsq": 0.052490532489765415, "error_max": 0.33180148258964764, "target": "769.xyz", "model": "8.xyz", "model_rescale": 4.019505241142653, "target_rescale": 4.072366474039159},
{"mapping": [12, 0, 4, 13, 14, 8, 7, 9, 5, 10, 1, 2, 15], "R": [[0.06226199934065474, -0.736838815433887, 0.6731953680084937], [-0.34963033771345664, -0.6478657024342891, -0.676778145746226], [0.9348165971935238, -0.19323196339972323, -0.2979586178183296]], "T": [-0.05846231721931831, 0.05465589384516285, 0.022847097419642], "aligned_model": [[-0.24308761108921173, -0.7068289122184591, 0.02063013467090956, 0.4777671263598073, 0.22614191338863482, 0.7134314756286603, 0.21804560726655564, -0.21900494632400647, 0.22510740731704088, -0.2972386039912859, -0.6240256273693228, 0.55956372967708, -0.03080092157522615], [-0.5450706476349507, 0.019127521412824214, 0.10736899704004858, -0.27634883568789953, -0.836400970041387, -0.2172788932812793, 0.530011243568423, -0.46485197444484144, -0.3150559391420209, 0.23857272077278763, 0.6686020981849394, 0.15586476218825812, -0.001161854820843404], [-0.31030781514591654, -0.06086616102810842, -0.6390541798526788, -0.5571372610777079, -0.05027396799009182, -0.07957348454310781, -0.007541921465566634, 0.2799628839661361, 0.5860310424628807, 0.6238091826882541, 0.09060529524474309, 0.3537983580733465, -0.05274847728830395]], "inverted": false, "swapped": true, "error_lsq": 0.04990283842318155, "error_max": 0.34325087869194804, "target": "769.xyz", "model": "9.xyz", "model_rescale": 3.877068213659057, "target_rescale": 4.072366474039159},
{"mapping": [9, 14, 3, 10, 11, 4, 12, 6, 5, 7, 2, 8, 8, 0, 1, 15], "R": [[-0.41492749407028123, -0.8760426469330728, 0.24573248751244203], [-0.8781777772079796, 0.31495494009819797, -0.3600099683700339], [0.23798942472851387, -0.3651748436875633, -0.9000046484630814]], "T": [-0.014834910984706115, -0.08552412360023985, 0.04145733497030624], "aligned_model": [[-0.2178987872462811, -0.14227200562687992, 0.3056060794730099, -0.5939598474103788, -0.7169840756261391, 0.644174755191601, -0.4733775298706481, -0.18875782814959907, 0.1170568995803246, 0.4775650392778993, 0.36550658037970957, -0.21306542357528896, -0.21306542357528896, -0.44029478954692364, 0.24486341371433945, -0.06523521101368832], [0.3928600528206162, -0.035822615848720415, -0.599687699896754, -0.16438696083190152, 0.08974812482003504, -0.07235766784697047, -0.529098160268534, -0.6454099304350326, -0.3586117443092317, 0.515334680573403, 0.2922190052574843, 0.640211312006692, 0.640211312006692, 0.04883901093903843, 0.20341096068075365, -0.07461077132382198], [-0.3654320183033032, -0.7271850354952911, 0.23044075004338016, -0.3605448296676608, 0.18609987985507848, 0.19515699038325862, 0.4302708588767499, -0.1498102192950601, 0.7618899438685358, 0.29205174002598966, -0.3497022699187643, 0.2127339451381562, 0.2127339451381562, 0.7007724913594134, 0.8173309763730019, 0.1152525525728989]], "inverted": false, "swapped": false, "error_lsq": 0.05081713680413282, "error_max": 0.4655030127981358, "target": "769.xyz", "model": "10.xyz", "model_rescale": 4.260839863003843, "target_rescale": 4.072366474039159},
{"mapping": [8, 9, 0, 12, 3, 4, 6, 2, 10, 1, 7, 15], "R": [[0.6977026479055135, -0.6656122709133885, 0.26489869745840033], [-0.6980942190401824, -0.7147270409875941, 0.04277520571307201], [0.1608585603824452, -0.21476862361769694, -0.963327027473561]], "T": [0.019780538810555554, -0.07437266766910765, -0.01968000643651084], "aligned_model": [[0.4954681409384639, 0.08174990838018903, -0.5010417973161643, -0.35036340302232305, -0.43253669018216456, -0.38806301346094596, 0.23298926958779095, 0.6930595074726222, 0.2730162195571727, -0.33054467716050306, 0.1991923958736806, -0.014027211573688143], [0.19039392174050007, -0.6444401740277409, -0.38627535094538024, -0.3999651269236696, 0.22626829411564037, 0.3508412336229859, 0.7247114917886066, 0.13618868958042718, -0.38873512985545416, 0.01671351871874266, 0.40558603414331484, -0.05820889642503877], [-0.6392592909599155, -0.20121161276357385, 0.2254938640207173, -0.531279099731048, 0.15794518323505702, -0.3359146709938497, -0.40158000841773955, -0.08361365792406965, 0.5179470712363576, 0.7355408372163261, 0.18229490136767407, -0.11018543889043131]], "inverted": false, "swapped": true, "error_lsq": 0.04275367997220613, "error_max": 0.23451264492742932, "target": "769.xyz", "model": "11.xyz", "model_rescale": 3.890672605050136, "target_rescale": 4.072366474039159},
{"mapping": [12, 11, 4, 14, 13, 10, 0, 5, 9, 1, 6, 3, 2, 15], "R": [[-0.11234932341620552, 0.0341431755272078, 0.9930820072344675], [-0.8492374095109462, -0.5221999182128867, -0.07812213326319245], [0.5159200052479631, -0.8521393600716802, 0.08766446943641926]], "T": [-0.0375211940735231, -0.009843299410498798, 0.197254499416878], "aligned_model": [[0.3735359108844454, 0.20279935587695447, 0.24802698161674852, 0.7569799748866269, 0.7568697852733244, -0.5548331671140129, -0.3927483313193147, 0.15556658358504338, 0.09577603930520225, -0.8271454007180414, 0.4491774210714191, -0.2562017522938046, 0.15462651661506377, 0.04744591712403946], [-0.25097317733268293, 0.22124818981447958, 0.4917944425028228, -0.4945228085667609, 0.30057945864525365, -0.3524450771222918, -0.159323544976992, -0.5622035625050643, -0.5843510030438055, 0.20927140605526187, 0.683428784304045, 0.4087661157948453, 0.01078277016644083, 0.010100526092214061], [-0.3296601596082944, -0.6752458818189401, -0.14033904805883063, 0.0781652098441688, 0.11935272505048243, 0.456112156711013, -0.33200796245619946, 0.6353070464381385, 0.07917133081925644, 0.024438611509481456, 0.532425119023123, -0.12441542847548415, 0.8787102860478945, 0.15277643033105265]], "inverted": false, "swapped": true, "error_lsq": 0.04795856682197379, "error_max": 0.2823854509547298, "target": "769.xyz", "model": "12.xyz", "model_rescale": 4.124412569039231, "target_rescale": 4.072366474039159},
{"mapping": [9, 11, 13, 10, 14, 5, 3, 2, 4, 7, 8, 6, 15], "R": [[0.00584273768678667, 0.23929121328488634, -0.9709302640565751], [0.995680814842655, -0.09136003164735573, -0.01652451426399737], [-0.09265839071875948, -0.9666400880689987, -0.23879146292815515]], "T": [-0.1352301947895302, 0.05127919158545802, 0.0029111974899837783], "aligned_model": [[-0.07254069947034361, -0.1423656705795933, 0.6192667108170771, -0.574630185915658, 0.5646019895734034, 0.1449193960163349, -0.4138093797903614, 0.24461663515105347, 0.06852095981733794, -0.13598554934522566, 0.666548209784054, 0.46374097136509135, -0.06558507991341236], [-0.3191619300947807, 0.781794070314073, 0.4489000189213136, -0.44234915630428623, -0.16013579929105484, -0.6218364802352081, 0.5458134424632517, -0.3091670416108132, 0.6876002003935656, 0.17960014018289236, -0.01783418594674653, 0.4696858496936448, 0.10457624802262606], [0.4726071536269346, 0.584900248348102, 0.08114226762724272, -0.12059444707792194, 0.5910159571446069, 0.05493314669947758, -0.06308943845682902, -0.4740825816735016, 0.02990432244750941, -0.5326968652512002, -0.17773559185834192, -0.5411572530337125, 0.0465511624254733]], "inverted": true, "swapped": true, "error_lsq": 0.049499394273803024, "error_max": 0.289991655277854, "target": "769.xyz", "model": "13.xyz", "model_rescale": 3.9028299243045295, "target_rescale": 4.072366474039159},
{"mapping": [3, 0, 12, 4, 10, 1, 13, 5, 14, 6, 2, 7, 9, 14, 11, 15], "R": [[-0.08416338318484679, 0.5363717538815228, -0.839774890413461], [-0.9964488573049354, -0.043197568475959625, 0.072274787121472], [0.002489920996730677, 0.8428756205489778, 0.538102674754183]], "T": [-0.0010276720888441754, -0.025299724821242233, -0.0027778340877136487], "aligned_model": [[-0.05664122019599663, -0.08036599823532474, 0.278997716417043, -0.5680352195844072, -0.688457593317375, 0.5899794791674303, -0.32744728646311766, -0.26566281174717365, -0.2594815147799825, 0.2802690805454001, 0.5827405683051279, -0.5641374925587161, -0.07488800064098854, -0.2594815147799825, 0.3363315793845588, -0.033857925540727904], [0.43005795921838896, -0.07214334972031716, -0.5921190499231194, 0.030877322117890623, 0.007345842724281435, 0.1359894633238937, -0.6309717756496569, -0.4516580688361411, -0.11817566181192322, 0.57591609283834, -0.059776177560943, 0.6569893652656452, 0.5100564848163496, -0.11817566181192322, -0.024391324131150943, 0.06302744748413386], [-0.42496968395119467, -0.8266270399836217, 0.2879831045613179, -0.3698062449266759, 0.28310146276384396, 0.21377493244791002, 0.39629979494238765, -0.1042107626762268, 0.8384274466311132, 0.05902782748617512, -0.4501879203280637, 0.19220135320151108, 0.5529053824415449, 0.8384274466311132, 0.6545231613408784, 0.06118944037252784]], "inverted": false, "swapped": false, "error_lsq": 0.05083717620902676, "error_max": 0.44364230306361757, "target": "769.xyz", "model": "14.xyz", "model_rescale": 3.942246331269136, "target_rescale": 4.072366474039159},
{"mapping": [10, 5, 10, 14, 12, 9, 3, 1, 7, 0, 11, 4, 8, 13, 15], "R": [[-0.26423549563440846, 0.9368961707996434, 0.22892175079665156], [-0.463961142500522, 0.08460865052009542, -0.8818057804906809], [-0.845529219540312, -0.33921518450407556, 0.4123268091034307]], "T": [-0.18602867197280337, 0.04413124736680857, -0.060251837505706625], "aligned_model": [[-0.47543111277345984, -0.3747062160065108, -0.47543111277345984, 0.28954903511245855, 0.48287535957394323, 0.12292937385945729, -0.07337822434329318, -0.3181301771343737, -0.6420328369668751, 0.23764401697176896, 0.6160983505912978, 0.06343992348858105, -0.3797472544527619, 0.02704508801575578, -0.12643017663031836], [0.22459495555565884, -0.5159188336149092, 0.22459495555565884, -0.7645550768793941, -0.18933758814073198, -0.25991493325728693, 0.5239351944332099, 0.8511015032279672, 0.19519426264282413, 0.47883313682872886, 0.2828651986501144, 0.1510753896404574, -0.6568129502317153, -0.44755255522710835, 4.203069817682731e-05], [-0.6396256542833423, -0.4903907397786995, -0.6396256542833423, -0.07370049790827865, -0.00723939664443516, -0.4772311351092001, 0.2289273812855901, -0.24116941949534632, 0.20916048627810258, -0.3055784286839208, 0.3544920576325787, 0.5508749565076552, 0.3288610948818542, 0.6078309525039902, 0.0037764774573104468]], "inverted": false, "swapped": true, "error_lsq": 0.05269846948717768, "error_max": 0.39035151272078894, "target": "769.xyz", "model": "15.xyz", "model_rescale": 4.355366556412066, "target_rescale": 4.072366474039159},
{"mapping": [14, 8, 13, 0, 11, 9, 3, 10, 6, 5, 7, 15], "R": [[0.047141079365923655, -0.9474001420432137, 0.3165607200723343], [-0.010813477610443267, -0.3173785019572981, -0.9482372884448862], [0.9988297088784377, 0.041277807013460704, -0.02520625537392196]], "T": [-0.06545297370378247, 0.18027014475498676, -0.0015188433805694151], "aligned_model": [[-0.1563335333306374, 0.522381747610782, 0.22090053591865003, -0.6828680998782277, -0.6494051282777973, -0.37706526352191305, -0.2224188564092149, -0.13345560700036876, 0.6553565169210896, 0.1269400718368325, 0.3653651934848212, -0.07158902272223505], [-0.7178652986540914, -0.39811396875373656, -0.5122971188855161, 0.3847863702582861, -0.14937819755444137, -0.11104683335907334, 0.43407106846754323, 0.6341278595515312, -0.04918768832111137, -0.06133592647992431, 0.4626928561836469, 0.09632330528786756], [0.25425848583416255, 0.011923223204825785, -0.41605503733284466, -0.07649278468878641, -0.6517080542710447, 0.42251309853334573, -0.48883124250615007, 0.489789368301794, -0.5090854393601298, 0.6609660292383257, -0.19639303913862888, -0.0516261466054482]], "inverted": false, "swapped": true, "error_lsq": 0.04379832306974724, "error_max": 0.23083424172053685, "target": "769.xyz", "model": "16.xyz", "model_rescale": 3.795458400668931, "target_rescale": 4.072366474039159},
{"mapping": [0, 11, 12, 1, 9, 4, 3, 10, 7, 6, 13, 2, 15], "R": [[0.7497820148650481, 0.579631477583028, 0.319146174001545], [-0.38211805450672204, -0.014467645585598229, 0.9240002595514827], [0.5401969294663813, -0.8147502914550724, 0.2106400720873601]], "T": [0.027496395302741533, -0.013767377262914784, 0.07603453487420196], "aligned_model": [[0.1238332615903307, -0.0656463612548293, 0.40551072121032683, -0.36950858371130657, 0.6245272736023088, -0.3574530646311438, -0.4059572238044489, 0.20678948136440117, -0.4390822895563452, -0.5446986949941918, -0.06512203252268536, 0.0022032973257575805, 0.033236016286048276], [-0.3387043747013549, 0.3675828796730839, 0.372901249364135, -0.6969582894566126, -0.022840159957205827, 0.425783038023226, -0.08152950516387804, -0.6263175704599585, -0.05556160469800539, 0.5988572903604509, 0.8376430366225823, 0.10532008662211079, 0.07760518924191201], [-0.4841302375704679, -0.7714975098374252, -0.38477254194840155, -0.20149059392957386, 0.003628018333757768, -0.24916837680950843, -0.29009771672019635, 0.2872954929021442, 0.3656902040248041, 0.43258027324249215, 0.07921843036388505, 0.7738214663526545, 0.041198122432131085]], "inverted": false, "swapped": true, "error_lsq": 0.04169207326420037, "error_max": 0.26921888659553095, "target": "769.xyz", "model": "17.xyz", "model_rescale": 3.7474275329858107, "target_rescale": 4.072366474039159},
{"mapping": [10, 3, 7, 0, 5, 14, 2, 4, 9, 8, 12, 11, 13, 15], "R": [[-0.15376886866730322, 0.9431539041370902, 0.2946452920712336], [0.9830394698084501, 0.17618138201396988, -0.05092662791084137], [-0.09994266269966665, 0.28181702174037054, -0.9542487256632248]], "T": [0.1536968290296555, -0.07463105988205244, -0.1285671205794313], "aligned_model": [[0.42067107219323774, 0.11391077829990479, 0.6407769423984793, -0.23601159750838321, 0.2505141145263141, -0.4067494903329969, 0.6800505488007504, -0.040266570147558134, -0.21427815853546958, 0.29625934029570583, -0.5314136757915136, -0.5874635406493212, -0.06533363321175487, 0.09418151754548154], [-0.5622549140988953, 0.39120211945469086, 0.18242726049634794, -0.08103689727741335, -0.7088976435169657, -0.35678341142655784, -0.26607643521845287, 0.5515965119946369, -0.5425251739041326, -0.018149978213367696, -0.047668042887284164, 0.48350486137694304, 0.36244378532795424, -0.02737380059627012], [-0.5066447218309167, -0.4571140590048608, -0.12446634410860286, -0.6546238893134918, 0.22158584341200718, 0.5690133884635713, 0.3050555224494952, 0.003208507099661889, -0.042309394801209044, 0.6818305282889389, 0.057570493451238214, -0.23617640547186985, 0.5746250576556365, -0.06675980762794331]], "inverted": true, "swapped": true, "error_lsq": 0.040507387285988065, "error_max": 0.2763984692904626, "target": "769.xyz", "model": "18.xyz", "model_rescale": 3.922800546911778, "target_rescale": 4.072366474039159},
{"mapping": [11, 3, 4, 12, 2, 0, 7, 14, 10, 13, 6, 8, 9, 5, 15], "R": [[0.27166170324476735, 0.4677967471371988, -0.8410506063002439], [0.16992100074706867, -0.8835012565835382, -0.4365230613844173], [-0.9472733356826142, -0.024325562340155343, -0.31950194760215245]], "T": [-0.10239524916184835, -0.07031206284697734, -0.010335832761108282], "aligned_model": [[-0.09344018207628363, -0.223755294022486, 0.23342108899934239, -0.02681967599089742, 0.2957115402413907, -0.6412628077705129, 0.0760208778584953, 0.3348235270178279, -0.5962254809153161, 0.6738351537982491, 0.7062818053759913, 0.6766142058613359, -0.26348613465914705, -0.018862949141373417, -0.036804837688998546], [0.6645299818768954, -0.06481802319091219, 0.16222152455276923, 0.6355302846037033, -0.531501727578946, 0.23529906859026473, -0.5423016565328556, 0.5789833767633119, -0.40741234069754406, 0.2666763118153109, -0.34770081324152546, -0.08723643969397905, 0.2905182380782369, -0.13456250579595885, -0.0006137745141922973], [-0.5868261921400815, -0.5686978359383063, -0.5397724255691472, 0.0183962528576277, 0.35097185325928987, -0.22216833031329403, -0.23109892377524122, 0.5069491629841388, 0.2970565014984182, -0.14221911486650013, -0.32487990106903064, 0.2600645480617585, 0.44311990842033017, 0.7129684044122852, -0.031204740658918664]], "inverted": true, "swapped": true, "error_lsq": 0.03814605039400263, "error_max": 0.22835616787591118, "target": "769.xyz", "model": "19.xyz", "model_rescale": 3.9282355846067225, "target_rescale": 4.072366474039159},
{"mapping": [5, 8, 13, 2, 10, 6, 7, 4, 1, 0, 12, 9, 11, 15], "R": [[0.9444557596593619, -0.15111614272288612, -0.29183424996873475], [0.30722956875342106, 0.09072402952792455, 0.947300977804733], [-0.1166760906520464, -0.984343975383998, 0.13211217958758711]], "T": [-0.12610521187064658, -0.012681746735421995, 0.05853660595419412], "aligned_model": [[-0.6941584872745573, -0.012937419395774197, 0.45591580469234017, -0.4369593032260112, -0.7263768469363067, 0.35673654821838097, -0.0719277888368666, 0.5390812017032981, -0.18731303880321837, -0.06076627115621147, 0.18100439659834447, -0.4052790729795194, 0.6472994274606867, -0.051796330979908836], [-0.4713710468242893, -0.6889213692683631, -0.6035769768598755, -0.29144486267978226, 0.2842355886468212, -0.2452668073269082, 0.2075540127383777, -0.02511988819614977, 0.8174950303606389, 0.34011776170324637, -0.39210859001548626, -0.33412832745388554, 0.00043280406449136555, -0.07501524146399974], [0.023976710617124405, -0.39988629395286635, -0.1549636669523602, -0.5136425842288962, 0.11777343881383406, -0.6780834403335301, -0.4433636335010503, -0.00869371371489526, 0.1504229143801155, 0.6061795060909163, 0.5747435203241551, 0.4833953350447757, 0.5820702063997178, 0.07225485825664153]], "inverted": true, "swapped": true, "error_lsq": 0.04387749282520265, "error_max": 0.2379543187545525, "target": "769.xyz", "model": "20.xyz", "model_rescale": 4.067790424073018, "target_rescale": 4.072366474039159},
{"mapping": [11, 6, 0, 9, 1, 7, 10, 4, 3, 13, 8, 5, 14, 2, 15], "R": [[-0.0747177106153703, 0.3942624330454294, 0.9159554561273688], [-0.7185237309865211, -0.6582035689925945, 0.22470360427599023], [0.6914773399972032, -0.6413463928755736, 0.33246637817361796]], "T": [-0.058476547602698326, -0.056440772608528506, 0.004083032135805522], "aligned_model": [[0.3726308174197365, 0.1479063349447359, -0.20165618137219526, 0.22336592379112247, -0.790033705105786, -0.36053344637812623, -0.5431878325257142, 0.1994864932464508, -0.25710785946258335, 0.6379722232373273, 0.46349122084509603, 0.11069481679254742, 0.8203346284156066, -0.08440618326005331, 0.029486703319350605], [0.044450451846968414, 0.8000122458449856, -0.4074501314852027, -0.5816580561712503, -0.10974316633976675, 0.37553427667097716, -0.4684819133646747, 0.4227710602484871, 0.20647818444863628, 0.4414186276207476, 0.31985642532251335, -0.42737383047990785, -0.31169413656136513, 0.15996646725651714, -0.02319136492981827], [-0.8183411643885007, 0.23589200793791018, -0.5297160301086213, 0.08459709942911131, -0.400102510792287, 0.16377655105549688, 0.22150430725575784, -0.38445097777175985, -0.46276361883340256, 0.02823112594835439, 0.5200370989161784, 0.6107662279849032, 0.21112223147259207, 0.6780442529271985, -0.023347027411790483]], "inverted": false, "swapped": true, "error_lsq": 0.040278566495703265, "error_max": 0.2742964157428305, "target": "769.xyz", "model": "21.xyz", "model_rescale": 4.186013935880536, "target_rescale": 4.072366474039159},
{"mapping": [12, 11, 13, 5, 10, 8, 9, 0, 6, 3, 1, 7, 15], "R": [[0.26310270931162094, -0.6450948781439776, 0.7173768622873835], [-0.8499297502337699, -0.5068251142635414, -0.14404069987093843], [0.4565045279298401, -0.5718224390002156, -0.6816323893679046]], "T": [0.0002450678701753058, -0.07561326462271827, 0.11562575107033154], "aligned_model": [[-0.13626548054720816, -0.48060825613184455, 0.4847195560109332, 0.42395564931825913, -0.16755790661781095, 0.7798932571493009, -0.03300482363811856, -0.6391456610920206, 0.6124770162308342, -0.3609600994558083, -0.6383117112310283, 0.18912881955705285, 0.024253675870684586], [-0.3327153269177205, 0.15614625890109934, 0.18407287141740497, -0.6476586592892318, -0.3888571068313146, -0.03270558867475283, -0.6551787587026159, -0.19152945057892795, 0.5780555031466995, 0.3624087592867627, 0.19753884040242958, 0.3497497583286801, -0.060370440942419376], [-0.5324591347226098, -0.6508478377959699, -0.5411356853168223, 0.2814816936488076, 0.6863405654509586, -0.15001717429161812, -0.041756495238148145, 0.03567357818573971, -0.05089827644061565, 0.05086383927318147, 0.5836173539520302, 0.4101288246318011, 0.021888309998611022]], "inverted": false, "swapped": true, "error_lsq": 0.04474751408792223, "error_max": 0.2599247923238536, "target": "769.xyz", "model": "22.xyz", "model_rescale": 4.166573947596378, "target_rescale": 4.072366474039159},
{"mapping": [12, 14, 7, 9, 3, 5, 8, 10, 0, 6, 13, 11, 2, 4, 1, 15], "R": [[-0.4367017731672891, 0.8869548541203358, -0.15034177085866574], [0.7632968726067493, 0.2768766922213561, -0.5837098436494939], [-0.47609814700469233, -0.3696625272555151, -0.7979224087351878]], "T": [-0.15211315323957741, 0.054776245363763645, 0.10777096564842233], "aligned_model": [[-0.1007364398803943, -0.061112552164326275, 0.2357208365199166, -0.6499965355873332, -0.6636025148226756, 0.6575759971301426, -0.575996925595188, 0.06327358674871311, 0.1675204462376162, 0.34169587979822097, 0.4801468299822378, -0.6769885215872132, -0.16765303865542458, -0.3654544472577556, 0.3010266591930074, -0.09555741408377619], [0.5441809651070912, 0.0005152393695651708, -0.5420084285843664, -0.10141877287655642, 0.22591315955544322, -0.12096353162435493, -0.5619150102360566, -0.5146603133296948, -0.3539835793459089, 0.6266434097271913, -0.2328270302061261, 0.5983855674593543, 0.5566247784333354, -0.058946245588771914, 0.2143940250332636, 0.0629146754503399], [-0.32492385619092007, -0.676290509653538, 0.17721516611233773, -0.1891539745990392, 0.3733221690053808, 0.17545398980568744, 0.4145177390975981, -0.32845350748971636, 0.738251362351274, 0.19848048653829786, -0.3763207698662055, -0.11825575856601601, 0.555784136220754, 0.8016053844277112, 0.6343500534112031, 0.14647759034973107]], "inverted": false, "swapped": false, "error_lsq": 0.0477102724584901, "error_max": 0.3142893395895726, "target": "769.xyz", "model": "23.xyz", "model_rescale": 4.274766983524099, "target_rescale": 4.072366474039159},
{"mapping": [9, 13, 11, 0, 3, 1, 10, 7, 2, 6, 15], "R": [[0.5590932060117259, -0.4387732703955647, 0.7034861790951624], [-0.8080195991476387, -0.09821799497268371, 0.5809109680982408], [-0.18579320327939752, -0.8932139959997979, -0.40945041575904395]], "T": [0.017500015272822148, -0.006068330670248895, -0.01356481594542517], "aligned_model": [[0.18747651127214227, 0.3609520727957318, -0.5344794456826599, -0.5412884659638939, -0.47700376314818616, -0.6637124484862881, -0.013245881632038922, 0.051270175229002166, 0.6239727474224741, 0.35390204060005054, 0.03205116155174146], [-0.2818084302627615, 0.7584948944340764, 0.5597871515871045, -0.19612318631233125, 0.22917309433503447, -0.33020207396306767, -0.6599093079156055, 0.11345720799996772, -0.05648825645755065, 0.7024711453224934, 0.07673429247612351], [-0.5203648524006296, -0.18955277643525373, -0.5110991426606382, -0.2969091320741275, 0.14969588551454543, 0.3501244314372576, 0.13986793342864448, 0.5230132819908798, 0.348894592601925, 0.44973482424957095, -0.06383861163059705]], "inverted": false, "swapped": true, "error_lsq": 0.04620840297129458, "error_max": 0.26605150411712697, "target": "769.xyz", "model": "24.xyz", "model_rescale": 3.7841303162186577, "target_rescale": 4.072366474039159},
{"mapping": [9, 14, 11, 12, 5, 7, 3, 13, 6, 8, 10, 2, 8, 4, 1, 15], "R": [[-0.47141482923219497, -0.4938196999551787, 0.7306915646948157], [0.76012820595291, 0.19260247112546663, 0.6205718319672384], [-0.44718359685345244, 0.8479660323695408, 0.28457062155582363]], "T": [0.05474388674687111, 0.04508761697012832, 0.13194223078941428], "aligned_model": [[-0.12381199636468362, -0.08774404236072117, 0.28653407118391905, -0.5887276210359143, -0.8101379344706355, 0.6550969483333258, -0.4462901775427309, -0.2546915309222987, 0.08312114457594028, 0.09201450846445716, 0.6098170315669004, -0.5019256732901617, 0.09201450846445716, -0.36154391692557586, 0.1994871784919563, 0.046649347807533006], [0.36477557111225856, -0.03316777106234696, -0.6822848384554207, -0.0224163219626458, 0.01958366330320145, -0.1747329533529129, -0.523111790431073, -0.5611877621241325, -0.4094890006823302, 0.6121303343529033, 0.03899980664252305, 0.5516051628426557, 0.6121303343529033, 0.08690826626473287, 0.46783328075079295, -0.00472707320736112], [-0.3241916498956272, -0.644506252120481, 0.05051624814546252, -0.26373382778431953, 0.2757049836794706, 0.25051996228602685, 0.40601555580211535, -0.2536480754516237, 0.6928176912659644, 0.29482636463555056, -0.4131374402149415, 0.18043970060661516, 0.29482636463555056, 0.7497284726761231, 0.7263931346096086, 0.17948846807904484]], "inverted": true, "swapped": false, "error_lsq": 0.04693742157346672, "error_max": 0.4019695475338986, "target": "769.xyz", "model": "25.xyz", "model_rescale": 4.19342608120988, "target_rescale": 4.072366474039159},
{"mapping": [14, 8, 13, 0, 11, 9, 3, 10, 6, 5, 7, 15], "R": [[0.047141079365923655, -0.9474001420432137, 0.3165607200723343], [-0.010813477610443267, -0.3173785019572981, -0.9482372884448862], [0.9988297088784377, 0.041277807013460704, -0.02520625537392196]], "T": [-0.06545297370378247, 0.18027014475498676, -0.0015188433805694151], "aligned_model": [[-0.1563335333306374, 0.522381747610782, 0.22090053591865003, -0.6828680998782277, -0.6494051282777973, -0.37706526352191305, -0.2224188564092149, -0.13345560700036876, 0.6553565169210896, 0.1269400718368325, 0.3653651934848212, -0.07158902272223505], [-0.7178652986540914, -0.39811396875373656, -0.5122971188855161, 0.3847863702582861, -0.14937819755444137, -0.11104683335907334, 0.43407106846754323, 0.6341278595515312, -0.04918768832111137, -0.06133592647992431, 0.4626928561836469, 0.09632330528786756], [0.25425848583416255, 0.011923223204825785, -0.41605503733284466, -0.07649278468878641, -0.6517080542710447, 0.42251309853334573, -0.48883124250615007, 0.489789368301794, -0.5090854393601298, 0.6609660292383257, -0.19639303913862888, -0.0516261466054482]], "inverted": false, "swapped": true, "error_lsq": 0.04379832306974724, "error_max": 0.23083424172053685, "target": "769.xyz", "model": "26.xyz", "model_rescale": 3.795458400668931, "target_rescale": 4.072366474039159},
