[{"mapping": [12, 5, 11, 3, 0, 6, 8, 10, 9, 4, 13], "R": [[0.0582065572899465, -0.9240999073924396, 0.3776921469209239], [0.07126722493163015, 0.3812147105404323, 0.921735497373362], [-0.9957574902249025, -0.0267339788445162, 0.08804723184827756]], "T": [-0.012423464107282373, -0.0529928236243294, -0.08496509149680592], "aligned_model": [[0.16567713418693786, -0.5650308096053457, -0.6295492341355308, 0.1384629048172212, 0.7516819297331696, -0.2778693592808015, -0.621298059652055, -0.31680188949025023, 0.3240354110194117, -0.09401117078548082, -0.07357207296376939], [0.0360402994961984, -0.5697006067238404, 0.13975154215809382, -0.3684106482873493, -0.039843953287422365, -0.14332523019187593, 0.32454703235429144, 0.6002593852185055, 0.5697428408343027, 0.5280056002453144, 0.09793366197854407], [-0.6285394542552527, -0.07868424540966146, -0.34777154931216026, 0.3035515817044344, -0.19165383923253343, 0.6263188301877052, 0.226987654396754, -0.7892691809673753, -0.2740124118268549, 0.6694807343853857, -0.08964545835007803]], "inverted": false, "swapped": false, "error_lsq": 0.04784838594317766, "error_max": 0.2097847153231837, "target": "77.xyz", "model": "0.xyz", "model_rescale": 3.8414455957264533, "target_rescale": 3.8342525890980035},
{"mapping": [3, 10, 6, 12, 1, 8, 9, 2, 0, 13, 14], "R": [[-0.8632199464567515, 0.29283463152452, -0.41121673436170136], [-0.4793728824909535, -0.2200824325642366, 0.8495677503347941], [0.1582812799149601, 0.9304899792348692, 0.3303565270612573]], "T": [-0.10480551615218366, 0.19844262806579344, -0.09947190766032302], "aligned_model": [[0.29690255984672714, -0.25029063603188967, -0.8237447762516487, 0.049411067846918635, 0.6859877682507676, -0.5031047484290664, -0.553272296308332, -0.49957684821029236, 0.4363012116351295, 0.006126037864447195, -0.04301455636925346], [-0.08483648448532977, -0.4679721501959419, -0.007827186561202598, -0.3649934211252713, -0.08659519126426823, -0.10843756958172052, 0.6077578123167765, 0.4577724591286872, 0.6751292326369067, 0.4186870383041784, 0.1363153846219478], [-0.7091935229156439, -0.15520989845959596, -0.3244302985796691, 0.39149306823784125, -0.30416024163052846, 0.5100235093528322, 0.2117326987185065, -0.6664889812342925, -0.025372247249922986, 0.6174894516342567, -0.11912087655342035]], "inverted": false, "swapped": false, "error_lsq": 0.048857661370568135, "error_max": 0.25656766278832444, "target": "77.xyz", "model": "1.xyz", "model_rescale": 4.316132596720782, "target_rescale": 3.8342525890980035},
{"mapping": [1, 8, 2, 10, 9, 6, 4, 0, 5, 3, 11], "R": [[-0.15626820270952863, -0.38611257150558537, -0.9091189861328812], [0.8977169497773361, 0.3283438211366025, -0.293759447854687], [0.4119278175899384, -0.8620367841610699, 0.29531010116288176]], "T": [0.008780480973492238, 0.10090174744445717, -0.03828595814436958], "aligned_model": [[0.04487449385992448, -0.35891053622709523, -0.7033888498917477, 0.16940106175375083, 0.6678103697083286, -0.5031443301462644, -0.5908365451180055, -0.16470371808058107, 0.26700058169067964, 0.06346563532527409, -0.08984337903075615], [-0.17559593995530348, -0.5681048597799241, -0.020801533904370187, -0.436651987916378, 0.10895082347152156, -0.08483715564439763, 0.5588450279577355, 0.5473569417474022, 0.6904838189814126, 0.42228635186676466, 0.1330684369702988], [-0.5039505525695263, -0.10362806687228912, -0.46104896176328397, 0.24889483720712108, -0.3782364300682545, 0.5777741124971714, 0.12007156453980183, -0.5622087107949212, -0.0766948428560616, 0.531572338954962, 0.03421737304564357]], "inverted": true, "swapped": false, "error_lsq": 0.04635681216936955, "error_max": 0.2186200313393656, "target": "77.xyz", "model": "2.xyz", "model_rescale": 3.795458400668931, "target_rescale": 3.8342525890980035},
{"mapping": [6, 5, 9, 10, 2, 4, 7, 8, 1, 0, 11], "R": [[0.9629184677776336, 0.2615093253033868, 0.06633925830262209], [-0.26644669875960647, 0.8831746093715839, 0.38601653602074826], [0.042357775353317494, -0.38937832777482306, 0.9201034380581351]], "T": [-0.07490497671224383, 0.09774104142175541, -0.05865841141806226], "aligned_model": [[0.1489136030091756, -0.3649469797818235, -0.8777568972782953, 0.20818321405047635, 0.6742397996570624, -0.3403824791775478, -0.6231033859158115, -0.2628059747266054, 0.25183066454843384, 0.10247646596224441, -0.11492324650380142], [0.06840393265897349, -0.5327968931301978, -0.01642185248882938, -0.4659474827023181, -0.044330073099194706, -0.14043472285689446, 0.5983065361841153, 0.4639550704548048, 0.627598274650278, 0.4578034719929025, 0.15886366213112257], [-0.6030304111037837, -0.1687591157553489, -0.37002679469522826, 0.31701040472413017, -0.13817704993970414, 0.4740222943698065, 0.12082692563196935, -0.7228447082624966, -0.15227451625606653, 0.6129804901217875, 0.0570351424852982]], "inverted": true, "swapped": false, "error_lsq": 0.049515528470486264, "error_max": 0.2281510698872913, "target": "77.xyz", "model": "3.xyz", "model_rescale": 3.7530521520055578, "target_rescale": 3.8342525890980035},
{"mapping": [5, 8, 7, 9, 3, 6, 0, 1, 2, 4, 10], "R": [[-0.9257982587758078, -0.32085679803874023, 0.19987120653062906], [-0.04421962391192383, 0.6170263145869934, 0.7856991485093264], [-0.3754227069701169, 0.7185606740279623, -0.5854300546023494]], "T": [-0.03600690332135234, 0.08622290935207953, -0.06927046208333623], "aligned_model": [[-0.0006157138750807131, -0.5492758114243418, -0.5587632878411551, 0.25969475142080634, 0.683882788753835, -0.4627873557415306, -0.657159952482132, -0.06148797491330449, 0.2712595286946935, -0.020352288556953056, -0.10266990019132975], [-0.2726188923051473, -0.6660572190998152, -0.07070558543875739, -0.3470008118228187, 0.17824106919263044, -0.0709335907060031, 0.5622692124569172, 0.6314927658238263, 0.6881443853932089, 0.3908841874444302, 0.15128440285629063], [-0.6917973828531003, 0.0407710226633978, -0.31675813959450727, 0.07986540763729469, -0.30027105645043206, 0.5133922384230891, 0.19105470494515367, -0.6410723241155949, -0.0011980046309520154, 0.5990463363583038, -0.04627014106228932]], "inverted": true, "swapped": false, "error_lsq": 0.058678962586276244, "error_max": 0.2635803927216094, "target": "77.xyz", "model": "4.xyz", "model_rescale": 3.7855080009869324, "target_rescale": 3.8342525890980035},
{"mapping": [12, 8, 9, 6, 11, 7, 5, 2, 1, 4, 16], "R": [[0.5121231956224925, 0.45860026539596066, -0.726233866660156], [0.38269644951849136, 0.6351273415204788, 0.6709371711114763], [0.7689429497897404, -0.6215296104224514, 0.14975875045141376]], "T": [-0.19999149725217097, 0.03226846199960978, -0.14508477610016252], "aligned_model": [[0.31399066690895755, -0.3519756660291428, -0.7741068463018295, 0.1959559276041627, 0.5849419491750192, -0.3718327243044314, -0.652453447622017, -0.3256250539261233, 0.31246978585183033, 0.0861967784037509, -0.21583658591666915], [0.055942979868870896, -0.6362488691517166, 0.11137975956342022, -0.2287610693272258, -0.0953311430196492, -0.07157129807022733, 0.47869458975164636, 0.5690319472689441, 0.5894349792622101, 0.3647671398720539, 0.03766090777643541], [-0.5904241019383978, 0.013960074036838854, -0.5586630490212646, 0.3034308742308969, -0.13924921449887512, 0.5767582600162224, 0.35599918946563053, -0.6369047206913327, -0.15235418805955547, 0.4503492537935904, -0.19613971601339072]], "inverted": true, "swapped": false, "error_lsq": 0.045170019303942606, "error_max": 0.2577134513449654, "target": "77.xyz", "model": "5.xyz", "model_rescale": 4.2253639853439635, "target_rescale": 3.8342525890980035},
{"mapping": [11, 8, 5, 9, 12, 1, 4, 6, 7, 0, 13], "R": [[0.9320289529456465, 0.25959579717636316, 0.25284788502063976], [0.25927672212796826, -0.965161658880763, 0.03519309007618107], [0.2531750624244388, 0.03275659193051601, -0.9668657577200049]], "T": [-0.24950960520621987, 0.11559095506047373, -0.04812255170770306], "aligned_model": [[0.09449105935558386, -0.3548186724734135, -0.5726013217024761, 0.0849211408796893, 0.6413718871575861, -0.5558471552887414, -0.6779445971428808, -0.1213842964477182, 0.3283202224700701, 0.18764860428923882, -0.25243208725343086], [-0.15155288338784206, -0.6155829916296642, -0.06889551533341726, -0.25888221348963036, 0.10398060293002903, -0.07920605702836578, 0.5277370436780665, 0.4894281425642265, 0.6555290971420618, 0.39616987959152566, 0.1762748187577721], [-0.6929880424678507, -0.060753293236694206, -0.5602922027255973, 0.2990407378173424, -0.3265810418926436, 0.5897780764852512, 0.33592220027828423, -0.5556140596346159, -0.11113611373988418, 0.5628036437581015, -0.05341724332133036]], "inverted": false, "swapped": false, "error_lsq": 0.04799938415026124, "error_max": 0.22161533864520017, "target": "77.xyz", "model": "6.xyz", "model_rescale": 3.89814844738969, "target_rescale": 3.8342525890980035},
{"mapping": [0, 3, 7, 6, 1, 8, 11, 4, 2, 9, 12], "R": [[0.16624899592812603, -0.5506547490365751, 0.8180101580765098], [-0.5506024182299819, -0.7400282102069825, -0.38625797744143253], [0.8180453828438774, -0.38618337025474914, -0.42622078333476104]], "T": [-0.11677287263502296, 0.16251601618742076, -0.0794784951054609], "aligned_model": [[0.1254536516438794, -0.3184601744757917, -0.6246523414776969, 0.14659353122308244, 0.6917587456937216, -0.5101693940537826, -0.7354282959301096, -0.30367524346456815, 0.3314699788335731, 0.07329204306744617, -0.07445771721624644], [-0.21140636574250368, -0.6188200735956075, -0.04549014666242143, -0.3410910716882719, -0.0058651006701250785, -0.08694749436732857, 0.563095674694801, 0.6215314145839925, 0.5884925377023619, 0.38616329034602825, 0.3253372591938367], [-0.4700149859688921, -0.11437955166066319, -0.4401259141874839, 0.28711922636589793, -0.26036805722098777, 0.4111271572794802, 0.25539726340909275, -0.49162914256025436, -0.4246888566914065, 0.764205748918956, -0.08988022636337578]], "inverted": true, "swapped": false, "error_lsq": 0.05538476266259013, "error_max": 0.35860228510957504, "target": "77.xyz", "model": "7.xyz", "model_rescale": 3.7474275329858107, "target_rescale": 3.8342525890980035},
{"mapping": [5, 10, 0, 11, 9, 12, 1, 3, 8, 13, 14], "R": [[0.3282212227265191, -0.42619021923537337, 0.8429903475010929], [0.7264875376620011, -0.4564890208287935, -0.5136473804903243], [0.6037273279997448, 0.7810119531037114, 0.15979249837027687]], "T": [-0.13298338849737062, 0.13727773806127108, -0.04255779057236439], "aligned_model": [[0.2214919699105608, -0.40372300761999647, -0.7143227768560445, 0.19563691150477258, 0.5900015034268291, -0.31286098308563287, -0.7697098866069065, -0.2652938723719584, 0.31642579247078884, 0.08139006302556717, -0.1373109299544724], [0.07264826918028437, -0.5705118339378041, 0.06471749549067857, -0.31563448124090354, -0.07819696185072583, -0.08449458347482575, 0.507704860346174, 0.4201757491342376, 0.5904411444895737, 0.3822331880169473, 0.185917077641126], [-0.6615826011055269, -0.07413848237865026, -0.3442078599703696, 0.22829119986907578, -0.1484064553517871, 0.5043459552229871, 0.10632113248508304, -0.6880011948863635, -0.2831500410551046, 0.7953877204912868, -0.008096712000267736]], "inverted": false, "swapped": false, "error_lsq": 0.04809997229344873, "error_max": 0.21958454622904733, "target": "77.xyz", "model": "8.xyz", "model_rescale": 4.019505241142653, "target_rescale": 3.8342525890980035},
{"mapping": [2, 6, 10, 5, 3, 11, 9, 1, 0, 8, 12], "R": [[-0.38086247573275944, 0.7451898237651642, 0.5473900813273451], [0.7071532771941649, 0.6161689853764698, -0.3467996886009053], [-0.5957163898469358, 0.2550057019303216, -0.7616390712475025]], "T": [-0.08015853463795158, 0.16281644580407809, -0.04664042167859311], "aligned_model": [[0.2035159487770586, -0.35147183701382295, -0.8963835366756487, 0.24864865455960666, 0.7219944710513215, -0.35815662326586545, -0.5768572051063674, -0.37762508096102226, 0.36817564041893686, -0.10959969307213957, -0.07051595486854989], [-0.06520870478368673, -0.4908159562632226, 0.008516802739421625, -0.3287907123126873, -0.12314911521916413, -0.06901246426822635, 0.5239601298960369, 0.5358178930429013, 0.5840305641921937, 0.4604488223959612, 0.13920266437523426], [-0.5130152498750906, -0.21161197343381896, -0.431540570309988, 0.2707441298709684, -0.16168415733636088, 0.45954328328127964, 0.25370226863671724, -0.524854679461571, -0.2569288236832495, 0.5589048846201368, -0.016496450988659456]], "inverted": true, "swapped": false, "error_lsq": 0.0456759527193806, "error_max": 0.20207919366053848, "target": "77.xyz", "model": "9.xyz", "model_rescale": 3.877068213659057, "target_rescale": 3.8342525890980035},
{"mapping": [11, 8, 1, 9, 10, 2, 4, 5, 6, 13, 15], "R": [[-0.49349983902416517, -0.7196965824511269, -0.48835923057856917], [-0.6669541239462061, 0.6735378949947672, -0.31862030782291195], [0.5582383948048292, 0.16847413218113583, -0.8123954464123623]], "T": [-0.08406385236756078, 0.1805142457884069, -0.054426208417574395], "aligned_model": [[0.26649937414858405, -0.3200691261715173, -0.8341392494422826, 0.11617059015373693, 0.5954478919694921, -0.2718103859280448, -0.6503520727253796, -0.49531261418543837, 0.3663739064217083, 0.1242686243330142, -0.09535215473036528], [-0.23733782966248224, -0.5391818936888556, 0.11004409158738676, -0.3835371340632807, -0.021715546659045987, -0.06137784072631841, 0.4446965867048337, 0.5663272531774824, 0.6007702827738391, 0.5367912001817039, 0.15952075416949868], [-0.5515784421646218, -0.2016060758123457, -0.484922975273631, 0.22377787641089386, -0.07846117907605674, 0.5342968296632193, 0.20560460125093832, -0.5957377836449933, -0.08262663322017677, 0.5992578183749674, -0.1412413751878304]], "inverted": true, "swapped": false, "error_lsq": 0.04499869553158263, "error_max": 0.2527939847557867, "target": "77.xyz", "model": "10.xyz", "model_rescale": 4.260839863003843, "target_rescale": 3.8342525890980035},
{"mapping": [2, 8, 1, 10, 4, 7, 0, 3, 5, 6, 11], "R": [[0.7007440046012199, -0.6141986527164924, -0.36292954552735335], [0.2542400707566297, -0.26032645813542243, 0.9314462526717955], [-0.6665731966086768, -0.7449766105025792, -0.02626829585220017]], "T": [-0.05912721716359924, 0.005637886901440112, -0.06930475089669563], "aligned_model": [[-0.06457404114280547, -0.2507908237103391, -0.6879767339158561, 0.27195947682363203, 0.6270503856881948, -0.519619946324837, -0.6202483184658679, -0.15547382156377954, 0.3439498224155998, -0.02226786465365828, -0.12028335130677585], [-0.1295209340567437, -0.6835571521022984, 0.03611190028681609, -0.2035615953080594, 0.003981911931360202, -0.08489016961487893, 0.5978128110188913, 0.5450031982842856, 0.5446817348194298, 0.5365449897924577, 0.012393228743502065], [-0.7416584906551521, -0.1316639298271058, -0.42550730974479345, 0.42054315381463764, -0.32476592934204246, 0.3882504333764786, 0.25396949548684794, -0.5205646140689126, -0.009542451461904779, 0.5787958361163404, -0.061093532374030236]], "inverted": true, "swapped": false, "error_lsq": 0.04993934722073858, "error_max": 0.26187389053020965, "target": "77.xyz", "model": "11.xyz", "model_rescale": 3.890672605050136, "target_rescale": 3.8342525890980035},
{"mapping": [12, 9, 5, 11, 10, 6, 8, 7, 4, 1, 13], "R": [[0.5346562332214609, 0.8428400372163127, 0.061346425671290755], [0.8405225998476411, -0.5228559080234891, -0.14192765266252705], [-0.08754696695375, 0.1274455613591039, -0.9879742696381631]], "T": [-0.11457427499507986, 0.15693252259695262, 0.09580670760116125], "aligned_model": [[0.04348576211505187, -0.3471294795806047, -0.6069527401297916, 0.2312115153380143, 0.6081578695841212, -0.4338771930841756, -0.7361157310241672, -0.33504150902562757, 0.3979856385222337, 0.0586817531495985, -0.07868110202114546], [-0.0024852068485042844, -0.5629826291245108, -0.07135280322711546, -0.22931521687910988, -0.1464907397024801, -0.04819055809318426, 0.5212885030808677, 0.49431376954931283, 0.5926303634546398, 0.3972308506824975, 0.23035359090234908], [-0.6146404466279705, -0.0871158638968591, -0.46134806346343615, 0.2802166716719816, -0.3344642251029667, 0.5294292533820895, 0.10685133348798324, -0.6555469130064667, -0.10042471279887283, 0.815207397495924, -0.051401769821042886]], "inverted": false, "swapped": false, "error_lsq": 0.040877489408391504, "error_max": 0.20578142452565149, "target": "77.xyz", "model": "12.xyz", "model_rescale": 4.124412569039231, "target_rescale": 3.8342525890980035},
{"mapping": [0, 5, 4, 7, 3, 10, 2, 1, 6, 11, 12], "R": [[-0.8601406727065555, -0.04839450560415219, -0.5077558418996715], [-0.12471679162449273, 0.9852260635351506, 0.11736833311385358], [0.49457430689716114, 0.1642789565293173, -0.8534686165283593]], "T": [0.04611918771096857, 0.07044674953022419, -0.07307794355794589], "aligned_model": [[-0.011450330166285744, -0.2295364479143629, -0.6988529214641863, 0.16926689039186954, 0.6550333429334342, -0.4056326972004243, -0.6289453154899608, -0.17226633436228567, 0.45349639446978046, -0.27726339671522326, -0.052124400638847976], [-0.1532486773741949, -0.6305123756521552, -0.028958148564069905, -0.402559555133287, -0.03803072600487527, -0.04720353879913537, 0.5701303766522564, 0.7039950362034811, 0.5792950051329477, 0.541459545742563, 0.08063298159123143], [-0.6054438891136844, -0.15317884519931485, -0.30418717862982936, 0.3195762982235866, -0.42833779864597843, 0.49848860237746245, 0.11927512492075867, -0.5354507705178633, -0.2238429228055587, 0.7418597910148039, -0.0019957503040193003]], "inverted": false, "swapped": false, "error_lsq": 0.05595925135347442, "error_max": 0.3332237496060092, "target": "77.xyz", "model": "13.xyz", "model_rescale": 3.9028299243045295, "target_rescale": 3.8342525890980035},
{"mapping": [11, 10, 7, 5, 12, 4, 3, 6, 2, 0, 15], "R": [[-0.7498692994753036, -0.41123454406537285, 0.5182491519257536], [0.5160875898938899, 0.1265240644914148, 0.8471394576231759], [-0.41394399773632895, 0.902705827427694, 0.11735653312086558]], "T": [-0.00228480953570806, 0.08851674052390762, -0.0976287949190819], "aligned_model": [[0.24268918207898685, -0.4160018832903778, -0.8699399920734614, 0.17593256526894804, 0.6387520560959812, -0.40896521946677966, -0.43002801459470374, -0.31369629389062936, 0.34021862310047235, -0.06907073096828145, -0.08816550841664784], [-0.04987954858368593, -0.5299370314209353, -0.09542704041271327, -0.23157883938530194, -0.14291930814098064, -0.06832605712284223, 0.4971121146547905, 0.5225704618964434, 0.7259851055455486, 0.47700283419498274, 0.07039723256945617], [-0.7807765819546084, -0.056328469253976, -0.2819305190219483, 0.2599732474345326, -0.23816128667941922, 0.42138435991164586, 0.0992849323902477, -0.49641259176112346, 0.038294903474000816, 0.6316411173680765, -0.17020645058706482]], "inverted": true, "swapped": false, "error_lsq": 0.04589180071277647, "error_max": 0.251515698570283, "target": "77.xyz", "model": "14.xyz", "model_rescale": 3.942246331269136, "target_rescale": 3.8342525890980035},
{"mapping": [4, 13, 12, 11, 10, 8, 0, 5, 9, 7, 14], "R": [[0.8039440575701761, 0.5781100683552786, 0.13950878525690452], [-0.04918022160880681, 0.2984098237516043, -0.9531699129174427], [-0.5926679155312109, 0.7594342143693502, 0.2683363858016609]], "T": [-0.09888805346251382, 0.13774749805365277, -0.14477142725810585], "aligned_model": [[0.12669407192894178, -0.3788193681855571, -0.8069858000917918, 0.16889854644828728, 0.5866702045574664, -0.35481827875171146, -0.6214109072670904, -0.17331328432692916, 0.48296232455848986, -0.045127737041532445, -0.18302498798506547], [-0.2501408636542196, -0.6199895895905141, -0.17556705977948395, -0.4421655335430779, 0.03237706139527771, -0.041896926993505085, 0.50277530552734, 0.6640788440300289, 0.6684469170338225, 0.652044347247376, 0.18503742212171734], [-0.5220237307342558, -0.23643827814369647, -0.4065114265534251, 0.18096195658372863, -0.3118266935091155, 0.5630905131092854, 0.22189197409404912, -0.4914928679602768, 0.022472617249574972, 0.5361016059990235, -0.1294630088145285]], "inverted": false, "swapped": false, "error_lsq": 0.05040098961518085, "error_max": 0.21801533176140467, "target": "77.xyz", "model": "15.xyz", "model_rescale": 4.355366556412066, "target_rescale": 3.8342525890980035},
{"mapping": [1, 8, 2, 10, 9, 6, 4, 0, 5, 3, 11], "R": [[-0.15626820270952863, -0.38611257150558537, -0.9091189861328812], [0.8977169497773361, 0.3283438211366025, -0.293759447854687], [0.4119278175899384, -0.8620367841610699, 0.29531010116288176]], "T": [0.008780480973492238, 0.10090174744445717, -0.03828595814436958], "aligned_model": [[0.04487449385992448, -0.35891053622709523, -0.7033888498917477, 0.16940106175375083, 0.6678103697083286, -0.5031443301462644, -0.5908365451180055, -0.16470371808058107, 0.26700058169067964, 0.06346563532527409, -0.08984337903075615], [-0.17559593995530348, -0.5681048597799241, -0.020801533904370187, -0.436651987916378, 0.10895082347152156, -0.08483715564439763, 0.5588450279577355, 0.5473569417474022, 0.6904838189814126, 0.42228635186676466, 0.1330684369702988], [-0.5039505525695263, -0.10362806687228912, -0.46104896176328397, 0.24889483720712108, -0.3782364300682545, 0.5777741124971714, 0.12007156453980183, -0.5622087107949212, -0.0766948428560616, 0.531572338954962, 0.03421737304564357]], "inverted": true, "swapped": false, "error_lsq": 0.04635681216936955, "error_max": 0.2186200313393656, "target": "77.xyz", "model": "16.xyz", "model_rescale": 3.795458400668931, "target_rescale": 3.8342525890980035},
{"mapping": [0, 3, 7, 6, 1, 8, 11, 4, 2, 9, 12], "R": [[0.16624899592812603, -0.5506547490365751, 0.8180101580765098], [-0.5506024182299819, -0.7400282102069825, -0.38625797744143253], [0.8180453828438774, -0.38618337025474914, -0.42622078333476104]], "T": [-0.11677287263502296, 0.16251601618742076, -0.0794784951054609], "aligned_model": [[0.1254536516438794, -0.3184601744757917, -0.6246523414776969, 0.14659353122308244, 0.6917587456937216, -0.5101693940537826, -0.7354282959301096, -0.30367524346456815, 0.3314699788335731, 0.07329204306744617, -0.07445771721624644], [-0.21140636574250368, -0.6188200735956075, -0.04549014666242143, -0.3410910716882719, -0.0058651006701250785, -0.08694749436732857, 0.563095674694801, 0.6215314145839925, 0.5884925377023619, 0.38616329034602825, 0.3253372591938367], [-0.4700149859688921, -0.11437955166066319, -0.4401259141874839, 0.28711922636589793, -0.26036805722098777, 0.4111271572794802, 0.25539726340909275, -0.49162914256025436, -0.4246888566914065, 0.764205748918956, -0.08988022636337578]], "inverted": true, "swapped": false, "error_lsq": 0.05538476266259013, "error_max": 0.35860228510957504, "target": "77.xyz", "model": "17.xyz", "model_rescale": 3.7474275329858107, "target_rescale": 3.8342525890980035},
{"mapping": [7, 3, 1, 10, 12, 8, 0, 2, 9, 4, 13], "R": [[0.2739690424465677, -0.2330023086119974, -0.9330867526454282], [-0.9126052281956285, 0.24315625227438997, -0.32867420715638473], [0.3034677268687985, 0.9415864066358184, -0.14602183942044944]], "T": [-0.05921329078530422, 0.05863988996773269, -0.08147941407070855], "aligned_model": [[0.20461064674915777, -0.48149511902345093, -0.6083652530026007, 0.17850354408335392, 0.6654468462068048, -0.326971498205906, -0.7448440538641774, -0.35279010005409106, 0.4018998458781159, -0.01389910686426047, -0.1203709680594384], [0.03801315647462227, -0.4575819450945043, -0.08072260441613446, -0.4990559996788542, -0.061680231239873796, -0.07972523177014204, 0.4802184761106065, 0.5842895859479624, 0.5420896578819125, 0.5650207360185342, 0.14413432356063338], [-0.786738763449016, 0.044148034578299855, -0.47837818499558327, 0.24852872454830435, -0.22157822777255434, 0.5712188980644377, 0.14506935155498793, -0.45742858348744364, -0.11856260374234723, 0.5748367334596184, -0.0943527174383405]], "inverted": true, "swapped": false, "error_lsq": 0.042423744467508503, "error_max": 0.23747775889094327, "target": "77.xyz", "model": "18.xyz", "model_rescale": 3.922800546911778, "target_rescale": 3.8342525890980035},
{"mapping": [13, 10, 6, 9, 7, 2, 1, 8, 12, 0, 14], "R": [[-0.13689971740542484, -0.7431948436634525, -0.6549197597617374], [0.9755402104998222, -0.21593972487776444, 0.04112581813992516], [-0.17198768872299444, -0.6332704474170356, 0.7545785415421977]], "T": [-0.12161143597597203, 0.17399922097110765, -0.13363154310417913], "aligned_model": [[0.20763346214884276, -0.45569751507231115, -0.7684995908375887, 0.13671978632119564, 0.6306515284118889, -0.291821406751724, -0.7358845839868179, -0.34739045063270274, 0.5138806504316122, -0.05304331923119922, -0.03482377695768828], [0.0752122768855702, -0.5576826381562304, 0.05817280740358126, -0.423642187223254, -0.09299142997072046, -0.16912966713241834, 0.40878807490065827, 0.5367246468303074, 0.6187254689555639, 0.5846795036492409, 0.13614306765246334], [-0.7283185898415421, -0.0733920540517057, -0.3431255261512569, 0.3550738003420489, -0.10157777922686578, 0.4716948934448467, 0.20625920057552072, -0.571632406114193, -0.2639481461657876, 0.5909943979594582, -0.1152651294501601]], "inverted": true, "swapped": false, "error_lsq": 0.04802367062149782, "error_max": 0.25661795409475435, "target": "77.xyz", "model": "19.xyz", "model_rescale": 3.9282355846067225, "target_rescale": 3.8342525890980035},
{"mapping": [9, 6, 4, 7, 12, 5, 1, 11, 10, 2, 13], "R": [[0.7674003272512792, 0.04485203950531964, 0.639597554941264], [-0.28242037735755526, -0.8719182904034646, 0.39999653162635807], [0.5756174668891192, -0.48759285209292513, -0.6564432514696461]], "T": [-0.20647347872345895, -0.009180888442205312, -0.12088951051771771], "aligned_model": [[0.22877598009801753, -0.48289410498423796, -0.6804123736121371, 0.23977302926137073, 0.6317804152203319, -0.47655607693557833, -0.5114900153553257, -0.22855105052012847, 0.26159711189073465, 0.05652395803560695, -0.23682208925514678], [-0.04853092234709623, -0.5615165790523652, 0.02156971290912113, -0.2919218036912825, 0.014968486990393146, -0.13459406720131406, 0.5174870370974683, 0.4495083734467452, 0.7128148375848614, 0.35636998523587404, 0.1388448628223563], [-0.6570185142706211, 0.09209165370311378, -0.5377877827233513, 0.20929135709135857, -0.2606806483693448, 0.5107884746813225, 0.3162450281490987, -0.6708712494666462, -0.0776871634495995, 0.5689808522108402, -0.06658934623580753]], "inverted": false, "swapped": false, "error_lsq": 0.04466630142173382, "error_max": 0.201561768618626, "target": "77.xyz", "model": "20.xyz", "model_rescale": 4.067790424073018, "target_rescale": 3.8342525890980035},
{"mapping": [8, 2, 6, 0, 7, 3, 11, 13, 9, 12, 14], "R": [[0.4919305442062333, 0.7143247200210447, -0.4977394238392368], [0.40638853778159206, 0.31720120165982724, 0.8568732426825459], [0.7699692825280104, -0.6237977172388641, -0.13425241871520754]], "T": [-0.1255395972736502, 0.11231188231691475, -0.21196950602932937], "aligned_model": [[0.22928733675631116, -0.36259849176215664, -0.8335916575107152, 0.23240119377804405, 0.6164240314057634, -0.5274767337413805, -0.527944382485088, -0.3523860477165577, 0.4341063935058167, 0.00332029865175848, -0.109817157038288], [-0.16260542918231258, -0.564204702782932, -0.08789712218667137, -0.3820543794813332, 0.034176756490526816, -0.09040567853585071, 0.5093585230093027, 0.688592218403671, 0.602918783860054, 0.4408980531708618, 0.1862229010294456], [-0.5636600169192136, -0.01234405132061489, -0.2902991760471606, 0.15126377826311058, -0.21895756997851915, 0.5099010817499806, 0.10180845357423221, -0.538412712787238, 0.011974979572794336, 0.46805999512729024, -0.1925720999142988]], "inverted": false, "swapped": false, "error_lsq": 0.04582402000476464, "error_max": 0.2113756059626118, "target": "77.xyz", "model": "21.xyz", "model_rescale": 4.186013935880536, "target_rescale": 3.8342525890980035},
{"mapping": [2, 1, 0, 9, 8, 7, 6, 5, 11, 4, 12], "R": [[-0.299254772556594, -0.8322842194916585, -0.4666364313759289], [-0.5888811289912389, 0.5458963171329358, -0.5960001903176719], [0.7507766625435991, 0.09643748713989814, -0.6534785490389389]], "T": [-0.08001155926116017, 0.13924131428949216, 0.0032157533871263327], "aligned_model": [[0.015717962664441296, -0.4154516706369162, -0.6888106652769407, 0.33159550907119956, 0.5849096162353135, -0.48391537927188794, -0.5475421070646714, -0.18630192453673824, 0.4071322575772695, -0.13249401589116083, -0.08311479902640084], [-0.08264770221666184, -0.5087701433516895, -0.020032258982112916, -0.28884238798284884, -0.011937900727001932, -0.13106131410238842, 0.4169255847909607, 0.5265757097584769, 0.5373688070499367, 0.5533232838599883, 0.18409824569810315], [-0.6977124354102846, -0.04859465462436617, -0.35144467346939867, 0.184253664847621, -0.34705957550002275, 0.5528719487911588, 0.12220937424055912, -0.6580052387562844, 0.05935290629166813, 0.5976885138994684, 0.013202831010244434]], "inverted": true, "swapped": false, "error_lsq": 0.047452146401264314, "error_max": 0.21210299836557361, "target": "77.xyz", "model": "22.xyz", "model_rescale": 4.166573947596378, "target_rescale": 3.8342525890980035},
{"mapping": [9, 4, 7, 2, 11, 1, 5, 10, 12, 6, 15], "R": [[-0.9837292443810357, 0.17239487768070033, 0.05056461113242282], [-0.17530799251975743, -0.8595550591976069, -0.480033548792677], [-0.03929225761151238, -0.4810874207015343, 0.8757916488152508]], "T": [-0.0715215035718609, 0.07217447136904975, -0.17737064756285162], "aligned_model": [[0.20843710908249505, -0.28493938216422304, -0.7570250033340556, 0.14189599070238343, 0.7108471498510915, -0.406907028774132, -0.6904253989765733, -0.45364453762160095, 0.41513025538151516, 0.030528305192429828, -0.11217267549582265], [-0.014804553158229539, -0.6132935933166654, 0.20104493622584102, -0.24274039404777042, -0.02286575413891953, -0.04809396976316155, 0.4998705738379514, 0.4942909991662438, 0.4878690007495636, 0.35645193465972186, 0.07727074358018701], [-0.7013047949277903, -0.021038134125148072, -0.3350633954988078, 0.37768866446271987, -0.2083540802802626, 0.44000372218338757, 0.17631847212720783, -0.6639308770444037, -0.03683780805579798, 0.5211132766351618, -0.12183238415590328]], "inverted": true, "swapped": false, "error_lsq": 0.04224038222659648, "error_max": 0.2322161176871782, "target": "77.xyz", "model": "23.xyz", "model_rescale": 4.274766983524099, "target_rescale": 3.8342525890980035},
{"mapping": [4, 5, 7, 3, 2, 6, 8, 9, 1, 0, 10], "R": [[-0.3873322551175271, 0.4407344760124711, -0.8097696251401281], [0.8810488069084641, 0.4356352039636171, -0.18432300158349668], [0.2715266542915131, -0.7848408059737914, -0.5570441502140264]], "T": [-0.13951192545281618, 0.12658582310588418, 0.04774206458838878], "aligned_model": [[0.12854193651929982, -0.33676024784885716, -0.6618980074694889, 0.18036008483039803, 0.7709716710987948, -0.5260291546936495, -0.7093031664813515, -0.3239776184297799, 0.2475553889352626, 0.16366046976714957, -0.13139657238427055], [-0.15670597022980665, -0.6150527753729068, 0.04003291119890971, -0.2836063003443666, -0.03363660015006914, -0.18202383132073968, 0.5833697639018776, 0.576361360034423, 0.5797400059979527, 0.4657312839038175, 0.20079007617567066], [-0.5315449919051948, -0.23029792744634128, -0.29961056781489614, 0.26090538856479195, -0.2239561434774113, 0.5064135906409412, 0.15589704959786713, -0.6532143039085745, -0.21648049531827632, 0.6301819304603893, 0.028469131927068216]], "inverted": false, "swapped": false, "error_lsq": 0.04441767722851933, "error_max": 0.18764016633299124, "target": "77.xyz", "model": "24.xyz", "model_rescale": 3.7841303162186577, "target_rescale": 3.8342525890980035},
{"mapping": [8, 14, 10, 12, 2, 13, 11, 0, 4, 3, 15], "R": [[-0.5390740808537615, -0.836938348850291, 0.09451632438590192], [0.7881477630083668, -0.5408287913955949, -0.2938151154424964], [0.2970222870704819, -0.0838952836655838, 0.9511778710431038]], "T": [-0.1241616851088662, 0.1810344180444809, -0.16877949231800513], "aligned_model": [[0.21084072400357717, -0.4022955014823674, -0.7768643864388997, 0.14038014816025018, 0.5667336699601109, -0.3771944117461378, -0.7034790741514733, -0.2852468007038987, 0.47675063850968863, 0.07481761875896291, -0.12271784102630541], [0.16140132529053128, -0.5346391299719906, -0.12756719891294815, -0.35723157759347585, -0.11157870800779685, -0.07317973181631188, 0.4095370035126648, 0.5399451906601402, 0.5878088080791048, 0.4439433332823396, 0.23656060927250472], [-0.6554474604406636, 0.030599330954648812, -0.4586058730443564, 0.2953963825598581, -0.24516139287859467, 0.5264539954629723, 0.280225519179526, -0.7905226806086036, 0.004838818334022416, 0.5662633816382544, -0.12727735983670047]], "inverted": false, "swapped": false, "error_lsq": 0.045574178501647994, "error_max": 0.24550775403394343, "target": "77.xyz", "model": "25.xyz", "model_rescale": 4.19342608120988, "target_rescale": 3.8342525890980035},
{"mapping": [1, 8, 2, 10, 9, 6, 4, 0, 5, 3, 11], "R": [[-0.15626820270952863, -0.38611257150558537, -0.9091189861328812], [0.8977169497773361, 0.3283438211366025, -0.293759447854687], [0.4119278175899384, -0.8620367841610699, 0.29531010116288176]], "T": [0.008780480973492238, 0.10090174744445717, -0.03828595814436958], "aligned_model": [[0.04487449385992448, -0.35891053622709523, -0.7033888498917477, 0.16940106175375083, 0.6678103697083286, -0.5031443301462644, -0.5908365451180055, -0.16470371808058107, 0.26700058169067964, 0.06346563532527409, -0.08984337903075615], [-0.17559593995530348, -0.5681048597799241, -0.020801533904370187, -0.436651987916378, 0.10895082347152156, -0.08483715564439763, 0.5588450279577355, 0.5473569417474022, 0.6904838189814126, 0.42228635186676466, 0.1330684369702988], [-0.5039505525695263, -0.10362806687228912, -0.46104896176328397, 0.24889483720712108, -0.3782364300682545, 0.5777741124971714, 0.12007156453980183, -0.5622087107949212, -0.0766948428560616, 0.531572338954962, 0.03421737304564357]], "inverted": true, "swapped": false, "error_lsq": 0.04635681216936955, "error_max": 0.2186200313393656, "target": "77.xyz", "model": "26.xyz", "model_rescale": 3.795458400668931, "target_rescale": 3.8342525890980035},
{"mapping": [3, 2, 0, 9, 4, 1, 6, 7, 10, 8, 12], "R": [[-0.1392011090082592, 0.9825800577625486, -0.12312384553049821], [-0.888625588045049, -0.06907642603630508, 0.453401600832686], [0.43699841592671956, 0.17252500529893658, 0.8827612967411634]], "T": [-0.01070498335373632, 0.10384097893384203, 0.09631346973687677], "aligned_model": [[0.0029972850160448067, -0.38773926726246954, -0.6405786739776715, 0.11064004825584575, 0.7482038163376148, -0.4541120121943887, -0.6537512692302401, -0.17095078687188453, 0.40432100972446866, -0.08510347389827863, -0.07220189205553376], [-0.12104022342027893, -0.6740518533901042, -0.10162756303028611, -0.30803026665322836, 0.03274323242251076, -0.06715374474951416, 0.569021985793168, 0.5647626934922548, 0.568512410969539, 0.5015339130090143, 0.21032933935168696], [-0.6067635185916738, -0.06970702320197822, -0.4059961999051008, 0.09974136670630379, -0.24700231322194505, 0.4491649707941726, 0.322775530033175, -0.5533637994766709, -0.24940363112534064, 0.7021656834800858, -0.014848404170665075]], "inverted": false, "swapped": false, "error_lsq": 0.04492334063323719, "error_max": 0.1902525778767267, "target": "77.xyz", "model": "27.xyz", "model_rescale": 3.6321398670334006, "target_rescale": 3.8342525890980035},
{"mapping": [0, 13, 1, 9, 10, 6, 4, 3, 8, 12, 14], "R": [[-0.2036486833235652, 0.9606847451984746, -0.18871151031010416], [0.20916666655830002, 0.23099288465815912, 0.9502060791418838], [0.9564395011611909, 0.15403605935054526, -0.24798462258432086]], "T": [-0.07438363473615928, 0.11847444339309778, -0.14526987906776845], "aligned_model": [[0.19348577902436825, -0.4029620102057837, -0.6913116357779818, 0.2269475959859651, 0.6647009991021167, -0.42371324118592935, -0.8195608941466179, -0.2208572491049222, 0.2845846212813104, 0.11429111817663717, -0.1238802993056551], [0.09167561004797631, -0.5848946107156365, 0.06983544709335003, -0.2980850120698987, -0.08770259468918883, -0.05313215423978916, 0.3677119799903563, 0.6252649725518158, 0.48166886709019685, 0.4847676589001827, 0.07788975983539712], [-0.7082436741264535, 0.10728814755181282, -0.3988468609012914, 0.28163745358896974, -0.2714307525126023, 0.5273573868435085, 0.11752044565420361, -0.5848934905936174, -0.06614202327935732, 0.5714872965131428, -0.1489712674179525]], "inverted": false, "swapped": false, "error_lsq": 0.03702910796219382, "error_max": 0.19989145407263642, "target": "77.xyz", "model": "28.xyz", "model_rescale": 4.156811204709835, "target_rescale": 3.8342525890980035},
{"mapping": [5, 3, 9, 8, 0, 1, 6, 2, 7, 10], "R": [[-0.7758318005356274, -0.5980644625668445, 0.20100725333250638], [0.6214307491069453, -0.7794257584709069, 0.07949409472679429], [0.10912763784682447, 0.18658613465818746, 0.9763589365654873]], "T": [-0.0659837591631997, -0.22775286410385037, -0.05035382346282693], "aligned_model": [[-0.5261966213024256, -0.17469971924687946, 0.14746175350500476, 0.5708958385232661, 0.1529548981397969, -0.7138813379001976, -0.34011393070579704, -0.5439881696972289, 0.17415191663500698, -0.10365925383995796], [-0.08202992690644345, -0.534452954596386, 0.09956219053223153, 0.013266644251123227, -0.3492758150821478, -0.45973601360657373, 0.529757397465509, 0.26809521219789173, 0.4822129045030538, -0.04867930813205448], [-0.5306069396660343, -0.24761748201199912, -0.7878304405888188, -0.13269792068506348, 0.5813506155174507, 0.15113668433095076, -0.2526637299662712, 0.473076645349398, 0.43783211405164313, 0.06680718064384406]], "inverted": true, "swapped": true, "error_lsq": 0.04962305915421328, "error_max": 0.2618542507057786, "target": "77.xyz", "model": "29.xyz", "model_rescale": 4.117894457231895, "target_rescale": 3.8342525890980035},
{"mapping": [9, 12, 10, 3, 2, 4, 7, 6, 8, 1, 14], "R": [[0.7696655871216824, 0.0980209627433464, 0.6308777812409498], [0.15641774468461386, 0.92907851581816, -0.3351814442848895], [-0.6189898005205055, 0.3566581028211655, 0.6997475434351965]], "T": [-0.08802104629537119, 0.055078517026984686, -0.10924655456174047], "aligned_model": [[0.07672601338000587, -0.3810539203937703, -0.6741314765218669, 0.20396205530495368, 0.695150392290808, -0.35101373624700316, -0.6369305169464701, -0.18133309915253357, 0.0372159292460324, 0.15180895763175647, -0.13867581474840535], [0.04872944741690392, -0.6337205264731982, 0.1420616907533304, -0.3024361405527896, -0.23670982028850468, -0.04694913888698747, 0.35881351325306027, 0.5235373573449704, 0.743851679084458, 0.5088308015174803, 0.06899106062603898], [-0.7114442864187829, 0.056480737192688715, -0.513263207388524, 0.1851771860864746, -0.19446930406254143, 0.6118313154477439, 0.07363894500336164, -0.5377656544383713, -0.0010942645086060437, 0.5812741630092366, -0.12360296860231682]], "inverted": true, "swapped": false, "error_lsq": 0.05145933597617274, "error_max": 0.3602112321571102, "target": "77.xyz", "model": "30.xyz", "model_rescale": 4.100398675895297, "target_rescale": 3.8342525890980035},
