[{"mapping": [1, 12, 3, 6, 0, 2, 9, 8, 11, 5, 13], "R": [[0.4715569951467, 0.7435399299686071, 0.47411219439125823], [0.02780627440767619, 0.524837683072742, -0.8507480341031658], [-0.8813970793188394, 0.41435948036591996, 0.22681580544376684]], "T": [0.09080329101563998, -0.08612561765533318, -0.018290099500310814], "aligned_model": [[-0.22675936783440043, 0.31569926668090104, -0.3934903077117813, -0.16817711282686304, -0.21873884314972253, -0.3087606955383334, 0.48332008203085186, 0.5284516991732405, 0.6503839633277348, -0.03606072403073603, 0.23609376417654726], [0.004854731712929952, -0.21787630918225775, -0.06924851399231698, 0.09710939542509507, -0.6962163370052828, -0.6456762001126863, -0.6973268628110953, 0.14768845757035526, 0.32893046486445976, 0.6586069494991671, -0.12422857446185706], [-0.49149264298026024, -0.5351879263339641, 0.17760573864160495, 0.6773393741382367, -0.3752010350571252, 0.32596273161431766, -0.11371954178828138, 0.5853438795682756, 0.022450057364231984, 0.022699966947284083, 0.044786880030093804]], "inverted": false, "swapped": false, "error_lsq": 0.04452317508001527, "error_max": 0.20720178458932267, "target": "770.xyz", "model": "0.xyz", "model_rescale": 3.8414455957264533, "target_rescale": 3.626387241901913},
{"mapping": [9, 7, 8, 10, 13, 11, 0, 3, 2, 6, 14], "R": [[0.6703919441842877, 0.7397656014873967, 0.05763242168086672], [-0.7414020411238434, 0.670957859085984, 0.011771352859861929], [-0.029960884336238842, -0.050620215198506756, 0.9982684705143439]], "T": [0.13521723610152764, -0.10357682858581152, 0.07992045775424932], "aligned_model": [[-0.11280930848290119, 0.41342244176501947, -0.647812822661709, -0.16559682623181748, -0.309379492699646, -0.1260642050550564, 0.4911391523978762, 0.6629004420406774, 0.5570570395646137, -0.04889443806737867, 0.14799974172776054], [0.02127579050059729, -0.18735570782741962, -0.016883260684287263, 0.19099434478702948, -0.6100532773169078, -0.8323248310929486, -0.6952279629976033, -0.06448694773273209, 0.4579259088550457, 0.6541517397433458, -0.1313985947276088], [-0.5433004795402336, -0.49326185623483026, 0.019500677397837105, 0.6194758526217716, -0.26744441706668376, 0.43618406728933773, -0.14095483320501967, 0.6573278506968134, -0.1467303390214938, 0.035451570246123026, 0.16433938896079164]], "inverted": true, "swapped": false, "error_lsq": 0.048014616406051674, "error_max": 0.22181142065727372, "target": "770.xyz", "model": "1.xyz", "model_rescale": 4.316132596720782, "target_rescale": 3.626387241901913},
{"mapping": [1, 8, 0, 5, 2, 4, 6, 3, 10, 9, 11], "R": [[-0.1157459945195487, -0.9509215492181782, 0.28696876482499084], [-0.3446936494770399, -0.23250236538468566, -0.9094662929986608], [0.9315520129133319, -0.20418339139858177, -0.30086540165677644]], "T": [0.10780660711598948, 0.0017248689533855, 0.0567413815043287], "aligned_model": [[-0.14831441254718103, 0.3408903109229034, -0.5860849163836402, -0.18803749461340907, -0.28207635362585864, -0.06025403779748355, 0.664930636294005, 0.44202667578472393, 0.6428480379779432, -0.10553145187698067, 0.14156473016241605], [0.16740249674481078, -0.26201658894588753, -0.10949253243896437, 0.1904531517143494, -0.5861255205656367, -0.6677686418660774, -0.6024988524085927, -0.10307538253307963, 0.1610127685688603, 0.7117620496225774, -0.11303574638584866], [-0.39220205629258487, -0.6238087975550175, 0.15703745236127215, 0.5976829538344847, -0.39397870703234417, 0.4000543433025111, 0.08169080345046431, 0.6120168643293419, -0.23582285227446545, 0.03984227251983552, 0.09807520550091611]], "inverted": true, "swapped": false, "error_lsq": 0.03797399258903645, "error_max": 0.1776233472075273, "target": "770.xyz", "model": "2.xyz", "model_rescale": 3.795458400668931, "target_rescale": 3.626387241901913},
{"mapping": [6, 2, 5, 9, 10, 4, 0, 7, 1, 8, 11], "R": [[0.051839891345988376, 0.7252269232664771, 0.686555558884112], [-0.30187679934344913, 0.6666982009094224, -0.6814571937563607], [-0.9519364598981336, -0.1719285278061169, 0.2534907446890917]], "T": [0.07766729139927019, -0.11360434615151972, -0.004700877412459999], "aligned_model": [[-0.07603087381125516, 0.13662300681906542, -0.6059878430437395, -0.362488792806816, -0.21221544526626968, -0.023166046040787494, 0.685401427500954, 0.43081754834470753, 0.6103977272800434, 0.11718239993975958, 0.16142861538177672], [0.3279288779930539, -0.2208122435596585, -0.22384517719756641, 0.2497616470877726, -0.7261753590983264, -0.6465541807748447, -0.6000739294580035, 0.01684986677405441, 0.13303532520103617, 0.6628688955044879, -0.1863665209654944], [-0.36347877891744335, -0.7615073267557806, 0.11482833185963073, 0.6501139202982058, -0.2870756080113279, 0.33698881391472424, 0.07413127662443492, 0.6598056244107444, -0.2319364317630854, 0.07334268875785138, 0.07537497172645947]], "inverted": true, "swapped": false, "error_lsq": 0.049220372670101, "error_max": 0.24103125112255988, "target": "770.xyz", "model": "3.xyz", "model_rescale": 3.7530521520055578, "target_rescale": 3.626387241901913},
{"mapping": [7, 8, 1, 2, 5, 3, 9, 4, 6, 0, 10], "R": [[0.32652532531177236, -0.3235940451063759, 0.8880698766998766], [-0.5475143824473875, -0.8306352622749065, -0.10135611515223644], [0.7704603902494257, -0.453135691639039, -0.44839584299981267]], "T": [0.07483693427237485, -0.1826253405201584, 0.05915220314525103], "aligned_model": [[-0.07678060634637286, 0.5242021938812887, -0.6897498566507895, -0.1502755868149772, -0.295583912885243, -0.15669968617817037, 0.4210620653173707, 0.5125992413457311, 0.6517319423560515, 0.059358437191564556, 0.06209749308098506], [0.0397986945719305, -0.18678477116860598, -0.0435735516843396, -0.049582712179155025, -0.619747373944666, -0.7492314163070304, -0.6018706927098711, 0.2004812005088009, 0.2429750967656684, 0.6419840750217292, -0.08783134736794967], [-0.476282770071369, -0.7405559027580181, 0.20405737895732548, 0.6860333680567708, -0.37590235191189014, 0.5123829758937954, 0.01761592811480254, 0.5078218423434133, -0.12082546233068084, 0.05948939406195722, 0.0667530817883069]], "inverted": false, "swapped": false, "error_lsq": 0.04796500479578522, "error_max": 0.25360944835691923, "target": "770.xyz", "model": "4.xyz", "model_rescale": 3.7855080009869324, "target_rescale": 3.626387241901913},
{"mapping": [10, 8, 9, 2, 15, 14, 13, 1, 4, 5, 16], "R": [[-0.7855749939826836, -0.015575869859815628, 0.6185703849257713], [-0.6137001172257609, 0.1472774955032915, -0.7756813169307131], [-0.07901958583917135, -0.9889725636216549, -0.12525643080264504]], "T": [0.2064771977154019, -0.0901493008415716, 0.05117083818036689], "aligned_model": [[-0.2360876238567105, 0.22562626670148062, -0.5022821952571601, -0.20425795976977928, -0.26182948759730584, -0.16416640307073438, 0.5146577575434381, 0.5846509011610266, 0.7162341871944411, 0.022724999567990456, 0.16669128168075203], [0.1211128581650889, -0.37634144808525993, -0.1371140089919526, -0.0294131868377058, -0.6300489290090374, -0.566169704065923, -0.7235241282775706, 0.11138403728851398, 0.44394098854142006, 0.6890524296286381, -0.11626170684970061], [-0.48778087853734914, -0.5915088969728691, 0.09983764730689162, 0.662230117170568, -0.35933536966783663, 0.35731671099801965, -0.11832461718612661, 0.6752484796912092, 0.09471573833419591, -0.06792172047687481, 0.07611027148458564]], "inverted": false, "swapped": false, "error_lsq": 0.046335643476707045, "error_max": 0.29240725571603116, "target": "770.xyz", "model": "5.xyz", "model_rescale": 4.2253639853439635, "target_rescale": 3.626387241901913},
{"mapping": [5, 2, 8, 9, 10, 1, 4, 0, 3, 11, 13], "R": [[-0.42399592239365336, 0.9016841803418771, 0.08481212598887411], [-0.5388775169170581, -0.17590698238823047, -0.8238129370848535], [-0.7279000477777571, -0.3949966739964583, 0.5604811753992054]], "T": [0.1101781591650565, 0.005114739658489381, 0.06850873082936988], "aligned_model": [[-0.1970782886096936, 0.30474302507246653, -0.6210643640705669, -0.15357732255262282, -0.2702497748172086, -0.021020158600136646, 0.5144749367168215, 0.5430506671939962, 0.8003514951305147, -0.20589374329842633, 0.16822525213229422], [0.09611032608988601, -0.20646419225974222, -0.06547608750613562, 0.031258345061459664, -0.5285891783077549, -0.6437275890108021, -0.5706033854033895, -0.06434360872641917, 0.044659261930872066, 0.6874889418650134, 0.006304367773523078], [-0.47743498879888385, -0.5377506860541985, 0.14703377734896214, 0.6183686995903189, -0.35451276907649176, 0.3855204276180864, -0.00897719268593243, 0.7399695107405839, -0.08994148147374388, -0.13153573785025374, 0.04984792278596633]], "inverted": true, "swapped": false, "error_lsq": 0.05093518949620637, "error_max": 0.28979354390556566, "target": "770.xyz", "model": "6.xyz", "model_rescale": 3.89814844738969, "target_rescale": 3.626387241901913},
{"mapping": [10, 2, 11, 8, 4, 7, 0, 6, 5, 9, 12], "R": [[0.30982023285707966, 0.0022631437115143704, 0.9507924597371005], [0.696022364155465, -0.681796992668388, -0.22517932716788047], [0.6477378265222915, 0.7315379272251596, -0.21280970166628843]], "T": [0.11545706487641197, -0.23504030126579, 0.0905358202652147], "aligned_model": [[-0.06836128179198137, 0.3094952855542322, -0.6640465793236932, -0.15059669778991566, -0.22402186902637675, -0.137792935947421, 0.5773864421271419, 0.5492622678738371, 0.5830339029824746, 0.023364590365668625, 0.06423859927347228], [0.1642096058178198, -0.32930455452515517, -0.03051394753514272, 0.04784741780361601, -0.5795440647948199, -0.7691760596128218, -0.6012479682179341, 0.08134294591316887, 0.34742627939052395, 0.6533740522306964, -0.19779650496344095], [-0.49743866062145903, -0.584009407273018, 0.16723920044765475, 0.6445003553083273, -0.335570972375825, 0.3766094266739951, 0.14989559255697057, 0.5017420188865862, -0.12084342874023143, 0.10412963041990775, -0.06566627313849441]], "inverted": true, "swapped": false, "error_lsq": 0.04166176673149474, "error_max": 0.20987957438623409, "target": "770.xyz", "model": "7.xyz", "model_rescale": 3.7474275329858107, "target_rescale": 3.626387241901913},
{"mapping": [0, 10, 1, 2, 12, 13, 11, 8, 5, 3, 14], "R": [[-0.23626273132691322, -0.45059660656423617, 0.8608964048819938], [-0.3934938591105581, -0.7657141649399939, -0.5087675308552307], [0.888449494697491, -0.45896025510172767, 0.0036027224053463702]], "T": [0.15071995718477238, -0.14770456988174477, 0.004703771569710774], "aligned_model": [[-0.20043074395260585, 0.22339503033066, -0.5886084947001722, -0.3085843522805931, -0.10514309502090347, -0.06827897770852329, 0.5149965096279696, 0.4292559243124799, 0.6959244738671708, 0.15450599570949486, 0.11492945411246144], [0.2399899247117779, -0.2860490964129795, -0.01629304048743707, 0.19699049274043753, -0.679554558686875, -0.8860701637374298, -0.6193809074183646, 0.1160423767487462, 0.316738235193036, 0.5666951842075959, -0.16249124535199655], [-0.3960447799929395, -0.7374838633383026, 0.035138459435906245, 0.6201827403089194, -0.17505247094590815, 0.46834969791686665, -0.17222554069370735, 0.5686768019673089, 0.012851153067420882, 0.06596709056232701, 0.05022819385652239]], "inverted": false, "swapped": false, "error_lsq": 0.04785387884927875, "error_max": 0.22310177913096088, "target": "770.xyz", "model": "8.xyz", "model_rescale": 4.019505241142653, "target_rescale": 3.626387241901913},
{"mapping": [4, 3, 8, 9, 5, 11, 2, 1, 0, 7, 12], "R": [[-0.5559065529746197, 0.14946978675204253, -0.8176959625729942], [-0.5709433550592595, -0.7836074415535419, 0.2449143990368651], [-0.6041453382039398, 0.6030075956322701, 0.5209512932474935]], "T": [0.15638233277931463, -0.2610168104334177, 0.1753508083003481], "aligned_model": [[-0.08375576791518469, 0.36538855739188364, -0.44283519133822186, -0.19711574774840984, -0.12612246931436916, -0.38443654003054845, 0.6503968570961454, 0.6002747120512337, 0.42816054592571706, -0.07525940423637495, 0.12726617241556798], [0.1465206057650369, -0.3577186526618784, 0.04929550837822089, -0.011715758982514007, -0.6475227721425368, -0.5274487764001514, -0.4381800054099434, 0.010109298570492198, 0.24267790804816963, 0.6009227921738689, -0.2803229458322537], [-0.5057083801966921, -0.6525537511294144, 0.20330711296129034, 0.7047166121063089, -0.2951052443754304, 0.3295535265538204, -0.09766020672722037, 0.6063444170827419, -0.132990417460647, 0.023738746757596796, 0.15694506657205956]], "inverted": false, "swapped": false, "error_lsq": 0.04809834174998782, "error_max": 0.2876005996449177, "target": "770.xyz", "model": "9.xyz", "model_rescale": 3.877068213659057, "target_rescale": 3.626387241901913},
{"mapping": [4, 2, 3, 12, 13, 6, 9, 11, 8, 1, 15], "R": [[0.5830617387643643, -0.7801998676760638, 0.2265550159836004], [0.14404880362029948, 0.3737230311469283, 0.9162865480655673], [-0.7995554708490447, -0.5016166489148912, 0.33029045788026945]], "T": [0.07506716162186608, -0.14630421606033775, 0.04759450130298917], "aligned_model": [[-0.275341376832824, 0.2889629049775839, -0.5573481303977592, -0.1546821934908468, -0.23590365306593172, -0.26634200838983957, 0.6669778526071444, 0.5395196747651322, 0.7451175363600696, 0.01793157630349701, 0.09306954146121298], [0.10737536901810882, -0.3193056036273588, -0.09336099110881385, -0.010441081222394039, -0.7518061743876508, -0.5413726395945507, -0.3943160277419486, -0.06663495425143326, 0.22611228811728648, 0.7127429647892597, -0.08237594848399361], [-0.4729352327540063, -0.5562883423212485, 0.05063688189877023, 0.7454137172399177, -0.3188792724351429, 0.37571840241803767, -0.10660400408337639, 0.61556628583232, -0.03993479971906255, -0.06047989977386925, 0.10837374584207385]], "inverted": true, "swapped": false, "error_lsq": 0.04334379945912309, "error_max": 0.20929796497201789, "target": "770.xyz", "model": "10.xyz", "model_rescale": 4.260839863003843, "target_rescale": 3.626387241901913},
{"mapping": [5, 6, 3, 2, 0, 1, 7, 8, 10, 4, 11], "R": [[0.62586346412929, 0.3742836225621211, 0.6842563073511714], [-0.7774589212387024, 0.36921423262176134, 0.5091546682648376], [-0.06206891375268436, -0.8506424750218506, 0.5220678400689533]], "T": [0.13878816677716968, -0.040463199480745934, 0.09792500132848933], "aligned_model": [[-0.17936829328275025, 0.23186656490381927, -0.5642608030388657, -0.24700176885504202, -0.06659521021743695, -0.16177408519198258, 0.510501125951956, 0.5684337172792224, 0.6479000224762155, -0.015243330237140251, 0.13750378450944317], [0.23400641562487612, -0.2499619960401866, -0.12624504918616264, 0.13322886850916327, -0.7582564955546277, -0.565511786389117, -0.5696685902649601, -0.08505095136204559, 0.20136059890538338, 0.6747726500339158, -0.1020564627697281], [-0.43127609424275937, -0.7087360183672381, 0.0510561234403267, 0.6376974693404581, -0.36318748171736315, 0.4944687658968483, -0.008736892657583345, 0.6715364032154312, -0.1771389202660724, 0.06937966724756106, 0.10552446025480493]], "inverted": false, "swapped": false, "error_lsq": 0.03394395426290189, "error_max": 0.1648367126692167, "target": "770.xyz", "model": "11.xyz", "model_rescale": 3.890672605050136, "target_rescale": 3.626387241901913},
{"mapping": [6, 9, 8, 3, 5, 7, 12, 4, 11, 1, 13], "R": [[-0.13351912423485246, -0.9504777933347939, -0.28065033019930596], [-0.20927625775298497, -0.24975938904083467, 0.945422495779985], [-0.9686981425627206, 0.1849654345097223, -0.16556478077225661]], "T": [0.14384384206855338, 0.01839512697413577, -0.029954289814247904], "aligned_model": [[-0.1259274739761066, 0.2732921426912839, -0.5656922918501825, -0.2947465353114799, -0.10379710920965654, -0.06944858213848759, 0.4713889853844461, 0.4478204150363927, 0.5845302869103068, 0.07523000120049697, 0.16931188556042504], [0.30803735740971316, -0.3456440148142384, -0.07007480314704063, -0.0440819922384619, -0.6807045390000066, -0.6912925477752657, -0.6416214517596451, 0.04617987099246311, 0.21523126791305047, 0.7890132834600143, -0.09842522953407179], [-0.448749179144805, -0.7056310296338697, 0.05905465336642941, 0.7804766118958057, -0.264274152651195, 0.39172558445185096, 0.08060990706611286, 0.6008256202270482, -0.2941760808313102, 0.05213156844329729, 0.08859397895504911]], "inverted": true, "swapped": false, "error_lsq": 0.04347309126872604, "error_max": 0.2036949676512727, "target": "770.xyz", "model": "12.xyz", "model_rescale": 4.124412569039231, "target_rescale": 3.626387241901913},
{"mapping": [1, 2, 0, 3, 4, 5, 10, 9, 8, 6, 12], "R": [[-0.3983137097899301, -0.4428747817202708, 0.8032484773154605], [0.7717983109073041, -0.6350316694130866, 0.03259058334950221], [0.4956546740161096, 0.6329270941890945, 0.5947518285531649]], "T": [0.07509421649372544, -0.13166150147357944, 0.1711914651429475], "aligned_model": [[-0.19094186473703806, 0.3753676123457549, -0.5014003443971187, -0.2693215053660156, -0.20738932865198473, -0.21845006683309193, 0.5669183572150205, 0.5130448769567073, 0.5547664903136795, 0.0976949516326939, 0.14167254581883157], [0.29679497081725414, -0.25942454448372143, -0.19682933624648785, 0.27470055574649066, -0.6293502203654122, -0.7941012199953398, -0.6522823639810555, 0.15387341240493643, 0.26312826136523393, 0.5360209568542373, -0.2059132706096249], [-0.467959654502638, -0.6262469376401137, 0.18440388234455055, 0.6455342365157521, -0.3680536011851966, 0.3919883222835524, -0.006776521931252055, 0.5390369543864866, -0.1879069528214192, 0.13510606093873856, 0.1014616937559525]], "inverted": true, "swapped": false, "error_lsq": 0.04220015277012363, "error_max": 0.2529051962579416, "target": "770.xyz", "model": "13.xyz", "model_rescale": 3.9028299243045295, "target_rescale": 3.626387241901913},
{"mapping": [10, 7, 13, 12, 4, 8, 3, 1, 9, 14, 15], "R": [[-0.9111262718579339, 0.2150605363393065, -0.35156490501714205], [-0.0016741584585723973, 0.8511108450087431, 0.5249833585000183], [0.41212390603278265, 0.47891470557705057, -0.7751094057346544]], "T": [0.13616529657881754, -0.25541236454509914, 0.15908950074808717], "aligned_model": [[-0.17320320823291763, 0.45556263776150635, -0.5558187571646362, -0.22528730187327028, -0.0873324834314678, -0.304915573907757, 0.5109776104210113, 0.5627784769023609, 0.5619883088389148, -0.07943154861884996, 0.1966435636025444], [0.019672048867332592, -0.0674055237299003, 0.13673808278088811, 0.038118535654323105, -0.6311838626431685, -0.6932677541452945, -0.677132103592805, -0.029099554561152152, 0.30055677242304984, 0.5813407785051101, -0.19172021805187242], [-0.4605654804931386, -0.667509992410049, 0.16432856765343737, 0.6762277014848308, -0.35879832246299703, 0.617606112275402, -0.10616063841859971, 0.5938106322268868, -0.17320334815524205, -0.031731962194008284, 0.08658421263789129]], "inverted": false, "swapped": false, "error_lsq": 0.04707107974757121, "error_max": 0.25257302844828644, "target": "770.xyz", "model": "14.xyz", "model_rescale": 3.942246331269136, "target_rescale": 3.626387241901913},
{"mapping": [6, 9, 11, 13, 10, 4, 5, 12, 0, 8, 14], "R": [[0.3713474747809979, 0.3096562270599982, 0.8753365490008649], [0.9098894720296916, -0.3091419028804089, -0.27664495761356156], [0.18493837260910895, 0.8991909168393813, -0.39655200593396034]], "T": [0.1641443884123137, -0.1764387975368749, 0.022642199635116825], "aligned_model": [[-0.14379966002582645, 0.1768577301280847, -0.518713284622961, -0.22110846921978589, -0.2853132143082419, -0.17170656866495015, 0.6955613302434552, 0.41601550559620076, 0.6633314785386023, 0.0041142519590897375, 0.24672262467377115], [0.07124861929550289, -0.4009855569333286, 0.03564742403026783, -0.014261905685692966, -0.6573029160575109, -0.5633002424891629, -0.4989643249610294, 0.005324303602080832, 0.3570199100341558, 0.578374010550468, -0.1261821198792395], [-0.37309861947867295, -0.7503904192881282, 0.07589497096932013, 0.7199288967268567, -0.2525996556834829, 0.3076094503189781, -0.10523616555510029, 0.7786841122005771, -0.06073369158142197, -0.0364247662752297, 0.03695336979071785]], "inverted": true, "swapped": false, "error_lsq": 0.046614826589630676, "error_max": 0.22920513281268198, "target": "770.xyz", "model": "15.xyz", "model_rescale": 4.355366556412066, "target_rescale": 3.626387241901913},
{"mapping": [1, 8, 0, 5, 2, 4, 6, 3, 10, 9, 11], "R": [[-0.1157459945195487, -0.9509215492181782, 0.28696876482499084], [-0.3446936494770399, -0.23250236538468566, -0.9094662929986608], [0.9315520129133319, -0.20418339139858177, -0.30086540165677644]], "T": [0.10780660711598948, 0.0017248689533855, 0.0567413815043287], "aligned_model": [[-0.14831441254718103, 0.3408903109229034, -0.5860849163836402, -0.18803749461340907, -0.28207635362585864, -0.06025403779748355, 0.664930636294005, 0.44202667578472393, 0.6428480379779432, -0.10553145187698067, 0.14156473016241605], [0.16740249674481078, -0.26201658894588753, -0.10949253243896437, 0.1904531517143494, -0.5861255205656367, -0.6677686418660774, -0.6024988524085927, -0.10307538253307963, 0.1610127685688603, 0.7117620496225774, -0.11303574638584866], [-0.39220205629258487, -0.6238087975550175, 0.15703745236127215, 0.5976829538344847, -0.39397870703234417, 0.4000543433025111, 0.08169080345046431, 0.6120168643293419, -0.23582285227446545, 0.03984227251983552, 0.09807520550091611]], "inverted": true, "swapped": false, "error_lsq": 0.03797399258903645, "error_max": 0.1776233472075273, "target": "770.xyz", "model": "16.xyz", "model_rescale": 3.795458400668931, "target_rescale": 3.626387241901913},
{"mapping": [10, 2, 11, 8, 4, 7, 0, 6, 5, 9, 12], "R": [[0.30982023285707966, 0.0022631437115143704, 0.9507924597371005], [0.696022364155465, -0.681796992668388, -0.22517932716788047], [0.6477378265222915, 0.7315379272251596, -0.21280970166628843]], "T": [0.11545706487641197, -0.23504030126579, 0.0905358202652147], "aligned_model": [[-0.06836128179198137, 0.3094952855542322, -0.6640465793236932, -0.15059669778991566, -0.22402186902637675, -0.137792935947421, 0.5773864421271419, 0.5492622678738371, 0.5830339029824746, 0.023364590365668625, 0.06423859927347228], [0.1642096058178198, -0.32930455452515517, -0.03051394753514272, 0.04784741780361601, -0.5795440647948199, -0.7691760596128218, -0.6012479682179341, 0.08134294591316887, 0.34742627939052395, 0.6533740522306964, -0.19779650496344095], [-0.49743866062145903, -0.584009407273018, 0.16723920044765475, 0.6445003553083273, -0.335570972375825, 0.3766094266739951, 0.14989559255697057, 0.5017420188865862, -0.12084342874023143, 0.10412963041990775, -0.06566627313849441]], "inverted": true, "swapped": false, "error_lsq": 0.04166176673149474, "error_max": 0.20987957438623409, "target": "770.xyz", "model": "17.xyz", "model_rescale": 3.7474275329858107, "target_rescale": 3.626387241901913},
{"mapping": [8, 0, 5, 12, 4, 9, 2, 7, 1, 3, 13], "R": [[0.5549010265588304, 0.571388391557824, -0.6046487879065991], [-0.8127086092071736, 0.21704516623499087, -0.5407366386093762], [-0.17773454150642212, 0.7914585913406895, 0.5848108505735113]], "T": [0.08392696173357919, -0.021458052211655185, 0.09228544747122207], "aligned_model": [[-0.3019937044889054, 0.37480282202166226, -0.6238876823123753, -0.24757449165667852, -0.3786230981562586, -0.07389365292634437, 0.6425682515502887, 0.4870840547117309, 0.6960259870427374, 0.14321000121996433, 0.1442432372916172], [0.15104658390599474, -0.2810197158456408, -0.12316347372718321, -0.06697589227551769, -0.5483195412754481, -0.5967665743401338, -0.4507791080822625, -0.036554479784317986, 0.25562495446039707, 0.573479138441506, -0.08995468997088278], [-0.48923139761498086, -0.6474181198137375, 0.20125504680397793, 0.7610692959226983, -0.352338253491734, 0.39533152286370254, 0.006052831207115278, 0.7284110154939565, -0.07226912535746184, -0.2288444977475541, 0.03856916387843132]], "inverted": false, "swapped": false, "error_lsq": 0.04769164592502633, "error_max": 0.2721210402152812, "target": "770.xyz", "model": "18.xyz", "model_rescale": 3.922800546911778, "target_rescale": 3.626387241901913},
{"mapping": [8, 5, 13, 11, 12, 7, 0, 2, 1, 6, 14], "R": [[0.06513587312215559, -0.2918229743955818, 0.9542518900413719], [-0.07783248359210447, 0.9518835839277526, 0.29641144908174893], [-0.994836379778353, -0.09357881311372279, 0.03928846148333766]], "T": [0.06889366833345269, -0.042535474348281754, 0.08012289219711716], "aligned_model": [[-0.16823985803396885, 0.2952692472025559, -0.6162257424224485, -0.37227293699022457, -0.2388242946333694, -0.26041840232495933, 0.755961263244603, 0.62393334977825, 0.6677169231370291, 0.13222182935978377, 0.04284034598018795], [0.22113251172566672, -0.3329440086526232, -0.09175392757274373, -0.01972833773547432, -0.6807952785031841, -0.652556848815051, -0.47924480857269375, -0.019890791293382393, 0.31718369687519854, 0.6415933322846974, -0.11637833823389895], [-0.41851278423797156, -0.5884208241600091, 0.0784846956693406, 0.6387779500239594, -0.26126855795096215, 0.4771600464673418, -0.1087307895280652, 0.532391764814709, -0.1648176134294315, 0.019089361502337372, 0.13643423297316526]], "inverted": true, "swapped": false, "error_lsq": 0.041884637138499846, "error_max": 0.2216727607467765, "target": "770.xyz", "model": "19.xyz", "model_rescale": 3.9282355846067225, "target_rescale": 3.626387241901913},
{"mapping": [7, 2, 6, 8, 5, 3, 1, 11, 10, 12, 13], "R": [[-0.23223962945206011, -0.7984057502581267, 0.5555294883862852], [0.4495926023809638, 0.4183520388138049, 0.789207237362054], [-0.8625144905427865, 0.43304714474880274, 0.2617993965398452]], "T": [0.002829846281931822, -0.06558845469198446, 0.15044976426472437], "aligned_model": [[-0.2483324179166142, 0.3244329767205565, -0.6029185378490156, -0.3856103216668118, -0.22761754746414775, -0.012472313783809988, 0.43027437991712725, 0.5110148329562194, 0.7746524778081822, 0.16026899521379862, 0.13826920036195445], [0.21882177322052962, -0.22111085769263414, -0.30709569160424555, 0.22799986602678188, -0.5707221813215194, -0.7984444719235797, -0.625746909965629, 0.08926340592894913, 0.19382673331057468, 0.7229904888816993, -0.14316495335441598], [-0.34364143751996057, -0.5919116160729506, 0.11061003912993628, 0.7348654664747798, -0.27313501967538567, 0.3208697485574217, -0.10452959167894268, 0.6312117551781531, -0.13102480774659606, -0.12550405325441757, 0.11277699875237604]], "inverted": false, "swapped": false, "error_lsq": 0.048319623826205006, "error_max": 0.2482590122969538, "target": "770.xyz", "model": "20.xyz", "model_rescale": 4.067790424073018, "target_rescale": 3.626387241901913},
{"mapping": [2, 4, 3, 12, 6, 11, 5, 9, 8, 0, 14], "R": [[0.22660836280091673, -0.9735651083721332, 0.028629175137347418], [-0.47287946834208366, -0.08427597535074344, 0.8770875488793518], [-0.8514890829183874, -0.2122935226026402, -0.47947659164109974]], "T": [0.202249527215575, -0.1673888803196838, 0.09216573634554046], "aligned_model": [[-0.22488265521822248, 0.3350645044556608, -0.6387327168434009, -0.18653831817765432, -0.1988611113555936, -0.20626786787597756, 0.6402392492028894, 0.45711344386896696, 0.6352714500531959, 0.03878572187928525, 0.21077002430828923], [0.10574452861594152, -0.20577404812969885, -0.04269239736505681, 0.04350384725941908, -0.6108163751416218, -0.5376835416891999, -0.4541423864929436, 0.07562356968319286, 0.08687609924672568, 0.5129406271785358, -0.18696272165878297], [-0.45251597914661523, -0.6973652987944285, 0.12290120392121531, 0.7177711516245517, -0.3437691385570545, 0.4298455486648377, -0.18060440679461906, 0.7850143724851973, -0.17803646799993925, -0.02985629073632881, 0.167202787477597]], "inverted": true, "swapped": false, "error_lsq": 0.04313195984782726, "error_max": 0.19418329638616325, "target": "770.xyz", "model": "21.xyz", "model_rescale": 4.186013935880536, "target_rescale": 3.626387241901913},
{"mapping": [6, 3, 0, 1, 5, 2, 11, 9, 4, 7, 12], "R": [[0.01777199086755306, -0.4223806768548731, -0.9062442938635382], [0.9254072496802156, 0.35012252785071557, -0.14503667719140662], [0.3785572328986768, -0.8360674490201401, 0.39709651485382347]], "T": [0.1639439172052119, -0.12180718412888916, 0.129790482593781], "aligned_model": [[-0.04537814192642059, 0.18597667382418165, -0.5522440685174055, -0.31711703643237427, -0.17543222657411434, -0.2246909687429059, 0.689390066744124, 0.45473725421650113, 0.5831933773544609, 0.08291288227991414, 0.18061391207147773], [0.13598577671040954, -0.329737606683816, -0.06642029012060528, 0.17674288086125958, -0.7165536052552471, -0.6874918120474754, -0.42593155215530987, -0.06436644076560029, 0.2831899797617716, 0.605224821791368, -0.12402495059024386], [-0.31695319550339796, -0.76944149623509, 0.05366228752082114, 0.5930090633005788, -0.23026410174825873, 0.4102597857727483, -0.04451009519964108, 0.6753090949160773, -0.30359541493121966, 0.18620124067551252, 0.08691031357628352]], "inverted": true, "swapped": false, "error_lsq": 0.047872267836359075, "error_max": 0.25061369045855614, "target": "770.xyz", "model": "22.xyz", "model_rescale": 4.166573947596378, "target_rescale": 3.626387241901913},
{"mapping": [8, 4, 10, 14, 0, 5, 1, 12, 3, 9, 15], "R": [[-0.611901337278643, 0.08626819317028228, 0.7862153345513834], [-0.5997690647863234, 0.597401067124474, -0.5323429664453914], [-0.5156101457127737, -0.7972890089833642, -0.31380951832660786]], "T": [0.17001726568192232, -0.05887001286498681, 0.10842365598942398], "aligned_model": [[-0.17784563747035986, 0.3708083382517233, -0.5527360850972873, -0.1879144147275582, -0.0388561768247529, -0.14622838798976923, 0.40554052439954447, 0.44073119949848394, 0.5374548345808647, 0.032163490353371016, 0.17884403932317855], [0.17184348262504137, -0.21040746493908213, -0.022682827588546818, 0.24657160832154554, -0.6386452932073631, -0.7946810558179529, -0.7146043364720094, 0.09915945855108518, 0.2539368217852463, 0.5233987085717765, -0.1272719003232297], [-0.5842825038145906, -0.5819189105380604, 0.30145037606535546, 0.7444803291141027, -0.4272892075460191, 0.331207804446128, -0.04204345773917194, 0.6838556740686548, -0.25014038176924636, 0.05934576946039362, 0.10592199039686727]], "inverted": true, "swapped": false, "error_lsq": 0.04887218035632439, "error_max": 0.21382073127574297, "target": "770.xyz", "model": "23.xyz", "model_rescale": 4.274766983524099, "target_rescale": 3.626387241901913},
{"mapping": [7, 9, 6, 3, 8, 0, 1, 2, 4, 5, 10], "R": [[0.24081949681586148, -0.9548720998450748, 0.1738540850564428], [0.8743369720078085, 0.13566891208209506, -0.46597082062579537], [0.42135594137685034, 0.2642219128534163, 0.8675516995744461]], "T": [-0.008695507240145783, -0.16438309449936453, 0.05913763281660968], "aligned_model": [[-0.1218337505510683, 0.47983921507871613, -0.6639230494497363, -0.04899708905350219, -0.35177443370805944, -0.1483327612828051, 0.5413747902245332, 0.7448661352594901, 0.5159494240020156, -0.11316424346861342, 0.027957487246468737], [0.10191618169121333, -0.28419158698537655, -0.022955253240186768, 0.09634112786074286, -0.5686186471739526, -0.7321019963212796, -0.514101376421063, -0.0012810381188088915, 0.2947351425167447, 0.6424518518860727, -0.2255772041875949], [-0.5041712610264494, -0.6298073622725041, 0.1345703164720135, 0.5555376188862892, -0.454575902017592, 0.5112062426069732, 0.048980288642843275, 0.6370771546763095, 0.01865618679938251, -0.006775954965773032, 0.029890154342920694]], "inverted": true, "swapped": false, "error_lsq": 0.04772019151556326, "error_max": 0.25684428538912424, "target": "770.xyz", "model": "24.xyz", "model_rescale": 3.7841303162186577, "target_rescale": 3.626387241901913},
{"mapping": [6, 1, 11, 13, 7, 10, 8, 12, 4, 3, 15], "R": [[-0.831496124921492, -0.5391801565181598, -0.13378696893791867], [0.25463814503913923, -0.5839529753519768, 0.7708166692986081], [-0.4937343509738502, 0.6068638079459233, 0.6228504710392411]], "T": [0.17736933758546922, -0.24811694337864093, 0.08197712076237046], "aligned_model": [[-0.14155708181498847, 0.515819648869047, -0.5582528824004637, -0.19328641248306147, -0.32449319791745146, -0.20601205016018123, 0.6409474997216891, 0.433897496837475, 0.5212018397979238, 0.026715284343647422, 0.14698157950380325], [0.20399693169482125, -0.35885124849176736, -0.04249864244133053, 0.16716270967532493, -0.5181254325495555, -0.8631909709501331, -0.5291310630588789, 0.10619162669513438, 0.27377065951317553, 0.5430916150150973, -0.195798983595377], [-0.38267913413741045, -0.5708825075394306, 0.15949249307849556, 0.6316653250851056, -0.23112824702055185, 0.3647451483298469, -0.15378575962724583, 0.7015177950616371, -0.3255972690470375, 0.09913115817238033, 0.0481084797886245]], "inverted": false, "swapped": false, "error_lsq": 0.04949101208379291, "error_max": 0.24467934159211038, "target": "770.xyz", "model": "25.xyz", "model_rescale": 4.19342608120988, "target_rescale": 3.626387241901913},
{"mapping": [1, 8, 0, 5, 2, 4, 6, 3, 10, 9, 11], "R": [[-0.1157459945195487, -0.9509215492181782, 0.28696876482499084], [-0.3446936494770399, -0.23250236538468566, -0.9094662929986608], [0.9315520129133319, -0.20418339139858177, -0.30086540165677644]], "T": [0.10780660711598948, 0.0017248689533855, 0.0567413815043287], "aligned_model": [[-0.14831441254718103, 0.3408903109229034, -0.5860849163836402, -0.18803749461340907, -0.28207635362585864, -0.06025403779748355, 0.664930636294005, 0.44202667578472393, 0.6428480379779432, -0.10553145187698067, 0.14156473016241605], [0.16740249674481078, -0.26201658894588753, -0.10949253243896437, 0.1904531517143494, -0.5861255205656367, -0.6677686418660774, -0.6024988524085927, -0.10307538253307963, 0.1610127685688603, 0.7117620496225774, -0.11303574638584866], [-0.39220205629258487, -0.6238087975550175, 0.15703745236127215, 0.5976829538344847, -0.39397870703234417, 0.4000543433025111, 0.08169080345046431, 0.6120168643293419, -0.23582285227446545, 0.03984227251983552, 0.09807520550091611]], "inverted": true, "swapped": false, "error_lsq": 0.03797399258903645, "error_max": 0.1776233472075273, "target": "770.xyz", "model": "26.xyz", "model_rescale": 3.795458400668931, "target_rescale": 3.626387241901913},
{"mapping": [9, 3, 1, 8, 0, 6, 7, 5, 10, 11, 12], "R": [[0.9114961321092903, -0.23738133219083107, 0.33589418613174854], [-0.15455410176346743, -0.9544730371465391, -0.25513575011814615], [0.3811664082495874, 0.1806414251703293, -0.9066867401338465]], "T": [-0.03733453994500675, 0.01687592630327449, -0.06510385730181198], "aligned_model": [[-0.25498530714653866, 0.2836832169897387, -0.5557353967798422, -0.2083254695587497, -0.09353141511488682, -0.14527269454202574, 0.618724765648952, 0.39328873040911566, 0.6533375953188527, 0.09182592274358377, 0.07895177632923868], [0.1619016463088136, -0.2729121298814308, -0.19911888672644273, 0.19334164647358176, -0.7522871354759522, -0.48932305115665686, -0.46248696041628956, -0.18763112365803408, 0.18529521839627094, 0.7075587507532018, -0.09772077311055104], [-0.40564750235904656, -0.663474178318097, 0.12187197784378964, 0.6207340693986404, -0.37575364035092407, 0.5777794211217102, -0.06745098509442363, 0.517649034948306, -0.017214692241363544, 0.06849779920466334, -0.03640382200884149]], "inverted": true, "swapped": false, "error_lsq": 0.04985090239166072, "error_max": 0.29008299741702687, "target": "770.xyz", "model": "27.xyz", "model_rescale": 3.6321398670334006, "target_rescale": 3.626387241901913},
{"mapping": [9, 10, 13, 4, 11, 2, 0, 3, 8, 12, 14], "R": [[0.4288178677642253, -0.5539247355767205, -0.7136404021651267], [-0.9027791096504338, -0.29182572061407175, -0.31595510435320984], [-0.03324327698818719, 0.7797468410351773, -0.6252117628697884]], "T": [0.12200031444300374, -0.05356961245036686, 0.09870365351200411], "aligned_model": [[-0.2445374985025368, 0.39591880762539067, -0.667893597832073, -0.19258364346731804, -0.128413520356351, -0.15382269267974208, 0.515158780965487, 0.6346326923181907, 0.5165033025749386, 0.1162110052345943, 0.07078808841685857], [0.08009872444936368, -0.2457635982474337, -0.24744958290284624, 0.2757710035104427, -0.5382435993543768, -0.768587876484687, -0.5259018380163386, -0.14187194876844317, 0.22745330217917464, 0.7521638256678101, -0.08105121052615459], [-0.44384124657626417, -0.6032235249849778, 0.028308367290774072, 0.7908300469280207, -0.2402799363243861, 0.31344585842647466, -0.00964939496117842, 0.5470013475915674, -0.0813605839219046, -0.08641749994459191, 0.12577404862087976]], "inverted": true, "swapped": false, "error_lsq": 0.04588850251773717, "error_max": 0.23662896807842693, "target": "770.xyz", "model": "28.xyz", "model_rescale": 4.156811204709835, "target_rescale": 3.626387241901913},
{"mapping": [4, 5, 2, 3, 7, 6, 0, 8, 9, 10], "R": [[0.42759666827530785, -0.44339142424215106, -0.7877595662309493], [0.258516886620477, -0.7750699495420961, 0.5765722787724606], [-0.8662159711133892, -0.4501895358905287, -0.21679315755521128]], "T": [-0.15379881846845708, 0.13680133952006523, -0.04780466350088089], "aligned_model": [[-0.6273351136055832, -0.07446459852492723, 0.20169897500624515, 0.5603606507145974, 0.11217103869962855, -0.688284913738983, -0.3455822354978405, -0.37242717626842425, 0.12971116283678294, -0.2529224155109081], [-0.152031461059707, -0.5977843394975205, 0.14894716925726897, -0.0906370266352286, -0.3865700594038458, -0.41428133085040175, 0.5627466088645112, 0.23321581900129307, 0.6983210167433576, -0.08320606579352299], [-0.610339816772334, -0.42375309222317503, -0.5613820611349221, -0.07006389485832687, 0.5883052671289112, 0.169237284718474, -0.20684043635733487, 0.5657357811336049, 0.2687382309753986, 0.039149464364804015]], "inverted": true, "swapped": true, "error_lsq": 0.059881188115095074, "error_max": 0.2865068937892701, "target": "770.xyz", "model": "29.xyz", "model_rescale": 4.117894457231895, "target_rescale": 3.626387241901913},
{"mapping": [9, 2, 6, 7, 5, 8, 0, 4, 3, 11, 14], "R": [[0.3031173022451996, 0.2141313873608904, -0.9285836796037784], [0.3556604952579, 0.8785978237934216, 0.31870280221292246], [0.884095873303624, -0.4268648650010495, 0.1901601268277296]], "T": [0.07163203755318533, 0.016400377977295474, 0.13621351236521517], "aligned_model": [[-0.32849829851418555, 0.4291251063351739, -0.5466330764369869, -0.1405324054189756, -0.21231616684519833, -0.18860172482645066, 0.5734868994124465, 0.5900928469577343, 0.5918503252662517, 0.057833290251906935, 0.03615492811572252], [0.11927473297907513, -0.1727037463182518, -0.15416766459605968, 0.03407826643709766, -0.5860426223742009, -0.6150245962561455, -0.5183393877682665, 0.013960417207505543, 0.03305009682688702, 0.5938225180398393, 0.03870918732903042], [-0.33190676475589265, -0.6001282486331746, 0.11513663131082011, 0.7540139674087641, -0.3661684340424711, 0.32428418389372093, -0.10143650716191424, 0.7112965740699847, -0.03364502010498793, -0.30184686823016377, 0.17098796838972802]], "inverted": false, "swapped": false, "error_lsq": 0.05424883387108341, "error_max": 0.2957098179897809, "target": "770.xyz", "model": "30.xyz", "model_rescale": 4.100398675895297, "target_rescale": 3.626387241901913},
