[{"mapping": [7, 11, 1, 5, 8, 6, 12, 4, 2, 9, 0, 3, 13], "R": [[-0.8870628535554719, 0.45939023266084555, -0.045608200773957955], [0.16970796940026303, 0.4163768853576022, 0.89321301740511], [0.4293235364664542, 0.7845960129109224, -0.4473146516270406]], "T": [0.1270702388206538, 0.1390194278655355, -0.15743212236143236], "aligned_model": [[-0.12456142399908696, 0.036978955002680045, 0.5277722142902276, -0.11491943616188569, -0.47017921963598996, -0.6142692535183355, 0.6800013802035465, -0.6078838436338616, -0.10053050622177578, 0.41346723303830346, 0.5956461877947404, -0.1132922178860492, 0.09041345503917164], [-0.5735510186171382, -0.10242616975175525, 0.5527833820828298, 0.632588584903902, -0.22750376831288638, 0.29103488659447985, 0.0020352532227068676, -0.36507390183573935, 0.08597898078767918, -0.4866147183381058, 0.14380316107754454, 0.49767388997253276, -0.013791305273231746], [-0.17530242010725608, -0.8060070407899353, -0.12163504890253685, -0.6772703134015661, -0.5031675163538609, -0.04855906970995463, -0.260496649527865, 0.18772963427623948, 0.5751269928228752, 0.09416646382569746, 0.45561447498677665, 0.13717468681715925, -0.20038584508472307]], "inverted": true, "swapped": false, "error_lsq": 0.04577878201930172, "error_max": 0.27300729729838924, "target": "771.xyz", "model": "0.xyz", "model_rescale": 3.8414455957264533, "target_rescale": 3.93543838244319},
{"mapping": [0, 7, 6, 2, 4, 3, 9, 1, 12, 13, 8, 10, 14], "R": [[0.5876444054071244, 0.34618221049042186, 0.731322042559687], [0.7566755506447701, -0.5552367531007099, -0.3451872811425929], [0.28655918036269823, 0.7562208838336499, -0.5882293863823127]], "T": [0.02043362916484921, 0.03730111106097641, -0.11491586724286687], "aligned_model": [[-0.18769408112463357, 0.2098608119754845, 0.32638146457667566, -0.004675903974721524, -0.34471264386262773, -0.7384658386303157, 0.6495292845376568, -0.7478689155619636, 0.08547219554808184, 0.47091256542190474, 0.6213170675418889, -0.08891363168472997, -0.05249885045101563], [-0.6196188065244438, -0.2569663602113837, 0.74677759350241, 0.4545734629972049, -0.01884205775394996, 0.22934556418506324, -0.03799808755048082, -0.2388256534862305, -0.01669470535939644, -0.5213142098136012, 0.1580975065031835, 0.5195362179818732, 0.03886679204257016], [-0.3399857399410774, -0.65387690470153, -0.22922342015600852, -0.7230754049248402, -0.5140817209149373, -0.1387361914333954, -0.36805291919886063, 0.1713761180374361, 0.643466609189035, 0.129756672925077, 0.3837320263984555, 0.35823715093209463, -0.06254792736039873]], "inverted": false, "swapped": false, "error_lsq": 0.04718258454305316, "error_max": 0.29964632193049495, "target": "771.xyz", "model": "1.xyz", "model_rescale": 4.316132596720782, "target_rescale": 3.93543838244319},
{"mapping": [11, 10, 2, 4, 3, 5, 1, 7, 6, 8, 9, 12], "R": [[-0.8185975069803076, 0.2602518666447754, -0.512022545864472], [0.17536150410143952, 0.962134443708628, 0.2086759571890591], [0.5469428347139271, 0.08103257454505106, -0.8332390157798031]], "T": [0.0034851177203693504, 0.07047949941986635, 0.04695785014364621], "aligned_model": [[-0.23839255448929736, 0.5532644648438021, 0.12728967922724654, -0.6129718412013663, -0.5345921351198141, -0.6283948609104846, -0.09758889502053247, -0.1609634329552347, 0.40918282755904434, 0.32019559018795224, 0.4900537372015005, -0.029274024691035974], [-0.5458515875720141, -0.23986929653244837, -0.5707069905207066, 0.3108050973212191, -0.26477820278577985, -0.02939356338110767, 0.3528552892158328, 0.40422568273917475, -0.008028775770742805, -0.1206964048436651, 0.6044347233327381, 0.11978045653848], [0.29522030497771273, 0.011448248689929531, -0.48439253600808746, -0.15199712415881436, -0.5009352334839682, 0.38213276095879445, -0.7323535365223813, 0.5865483512838645, -0.5695463182402146, 0.716601417671459, -0.00909326860108179, -0.0943746053577916]], "inverted": true, "swapped": true, "error_lsq": 0.04659682883285688, "error_max": 0.2656257711909371, "target": "771.xyz", "model": "2.xyz", "model_rescale": 3.795458400668931, "target_rescale": 3.93543838244319},
{"mapping": [6, 1, 3, 5, 10, 11, 4, 9, 0, 7, 2, 12], "R": [[-0.12926361290036475, -0.6838242185047279, 0.7181053937733256], [0.06363005562004964, 0.7169685383010835, 0.6941954559835415], [-0.9895666396972637, 0.135427298846303, -0.04916617053889878]], "T": [0.2004301698833876, 0.1040818517596754, 0.06682303788266018], "aligned_model": [[-0.10943256022427691, -0.2587398344168813, -0.6111032064257461, 0.11232068303089857, 0.2518016349408001, -0.053215348577933, -0.08729470123077385, 0.6572296849528085, 0.3561599954159239, 0.6961489679466739, -0.470368846898646, 0.10979735723071701], [-0.03921019119651102, -0.5354739134263976, 0.002755181252019248, 0.21168953843513716, 0.4708139076040177, 0.6924984714775099, -0.3319932320856804, -0.26727168859794875, -0.567791203167337, 0.04744070700540855, 0.41578939376864127, -0.013477925779149594], [-0.5921792759160798, -0.2114027885064763, 0.24919127245040268, 0.7755165266369064, -0.4457227739839069, 0.36587637123763533, 0.5189420231077609, -0.35558633892656094, 0.19870156457023636, 0.4918435121987583, -0.3352316904004488, 0.028823028170873205]], "inverted": false, "swapped": true, "error_lsq": 0.054671718003228335, "error_max": 0.28991631200216045, "target": "771.xyz", "model": "3.xyz", "model_rescale": 3.7530521520055578, "target_rescale": 3.93543838244319},
{"mapping": [9, 4, 1, 3, 6, 5, 10, 7, 8, 11, 12], "R": [[0.39731718786763665, 0.7573711227130481, -0.5181969072710976], [-0.8535023157025726, 0.5124393251225682, 0.09455017270356256], [0.337154043895813, 0.40471585161481405, 0.8500189586923319]], "T": [-0.11692726459702685, -0.06850666522536394, 0.0548240659946868], "aligned_model": [[-0.5124115980203741, -0.05688388327058455, 0.25570685519817715, 0.577556601940136, 0.31960644746290134, -0.19943177371954202, 0.047087782763759606, -0.7080876074556021, -0.504179257731783, 0.1652865271565268, -0.04605049187841047], [-0.6719248157131311, 0.22701601384846296, -0.4846633289697674, 0.19869551428610485, -0.6686808623299347, 0.6318679722360344, -0.404541848405396, 0.2111725733490468, 0.0902765485545996, 0.46996447347368586, -0.13197888201535923], [-0.012090866559771145, -0.5668026672796191, -0.5658495391210386, -0.330412020558919, 0.04702521726620667, -0.10092422479203766, 0.5647398015553013, 0.011272692169815184, 0.695214604734806, 0.4159435366946578, -0.06528575686408461]], "inverted": false, "swapped": true, "error_lsq": 0.05418413052926993, "error_max": 0.29523109745920684, "target": "771.xyz", "model": "4.xyz", "model_rescale": 3.7855080009869324, "target_rescale": 3.93543838244319},
{"mapping": [2, 5, 7, 10, 9, 15, 4, 14, 13, 1, 6, 8, 16], "R": [[0.9980731136251108, -0.062024374198944826, -0.0017426600088060195], [-0.06143503172054812, -0.983869177518233, -0.16800945927861083], [0.008706132101701042, 0.16779278451359342, -0.985783842801759]], "T": [0.03986558296731962, -0.04317074033574413, -0.05596192727873498], "aligned_model": [[-0.23397064592876465, 0.37705003809623644, 0.5028764302950707, -0.1854643398151819, -0.5442143878927415, -0.6693733328948879, 0.7716535767858164, -0.5407599670682747, -0.11428403722339392, 0.47223244151412824, 0.5037644005883697, -0.13376731354774365, -0.007099338596948827], [-0.6715422574252188, 0.050363347005364885, 0.4869858197278683, 0.47246040165350395, -0.11928977387230894, 0.3604842908398297, -0.07845494656219054, -0.3529301070343792, 0.15321849995779885, -0.6559781732001123, 0.2545005970765426, 0.6062039030577858, -0.06908434471166532], [-0.33154974238189777, -0.7857983900181522, -0.31271949572466023, -0.5189038516968852, -0.455925050107093, 0.0596273573418702, -0.15716538946959732, 0.1009472946337879, 0.6241386533469416, 0.04713942502043101, 0.2937046710116004, 0.15254242214576827, -0.05904955525106405]], "inverted": true, "swapped": false, "error_lsq": 0.04480084159923915, "error_max": 0.24832155025825378, "target": "771.xyz", "model": "5.xyz", "model_rescale": 4.2253639853439635, "target_rescale": 3.93543838244319},
{"mapping": [3, 4, 8, 10, 2, 6, 1, 7, 12, 0, 9, 11, 13], "R": [[0.05964676676900786, 0.56621256954732, -0.8220982844530362], [-0.5562943772506034, 0.7026770015037611, 0.44360071843612586], [0.8288418600996015, 0.43086930459746714, 0.3568932799904309]], "T": [0.042989761602788085, 0.10207416076155548, -0.13848871087900103], "aligned_model": [[-0.3806970272542839, 0.13265582004716983, 0.44250550976261993, 0.1843195566199503, -0.36369869636524643, -0.5874794268358643, 0.6821917710434273, -0.314612765578381, -0.18592376877933714, 0.3897239082518159, 0.5385365414872991, -0.3435162602399271, 0.004638362152442246], [-0.45690733777025094, -0.34449055160394904, 0.7224844626796032, 0.5051932496989388, 0.11349564949640312, 0.049225161407797646, -0.020924878893996662, -0.428487448691214, 0.06420723748059509, -0.5561936940145552, 0.1395221889688472, 0.5931508718202019, 0.05666234593439813], [-0.24355374762035015, -0.6802001357534345, -0.10184038424683667, -0.791201023895877, -0.6720106502478472, -0.022585502036782945, -0.4776019800518949, 0.33056994979729426, 0.7656730313984841, 0.16071274674215982, 0.21595093365143384, 0.325203587685823, -0.1521284765711219]], "inverted": false, "swapped": false, "error_lsq": 0.05399967398748006, "error_max": 0.2959886466569199, "target": "771.xyz", "model": "6.xyz", "model_rescale": 3.89814844738969, "target_rescale": 3.93543838244319},
{"mapping": [2, 1, 3, 6, 5, 9, 0, 10, 11, 4, 7, 8, 12], "R": [[-0.464058070748416, 0.8366389478565316, 0.29100752207249636], [0.8203635078892993, 0.5298469623989771, -0.21509512165584066], [-0.33414640787658056, 0.13891532444656052, -0.9322278212631744]], "T": [0.09879413803423065, 0.02574701005781714, -0.04260582746053463], "aligned_model": [[0.04703590542888002, 0.08610005234225526, 0.560053264441486, -0.04351660914536737, -0.4494673328743366, -0.7621661388817497, 0.5270482446087635, -0.455552132518959, -0.18327821946360162, 0.2770686871268656, 0.6482392802960508, -0.07012149105789214, 0.01720001400928986], [-0.6394953182220378, -0.21501677445926837, 0.6674645132154536, 0.5262052544435188, -0.004024669817765211, 0.26354779034768466, 0.011958696754446246, -0.4477762098407471, 0.11291096495482973, -0.4915499846628097, 0.15095790537676118, 0.61969439070681, -0.11793930228405765], [-0.27992749638972186, -0.8529565368989209, -0.2094009146695285, -0.47465333398191734, -0.5913312693888166, -0.05460872298215728, -0.45177411812661944, 0.043298977950992294, 0.7111700008368026, 0.2981547817405575, 0.2945987793945212, 0.233764922770648, -0.009346721404790363]], "inverted": true, "swapped": false, "error_lsq": 0.052441737241816486, "error_max": 0.28393418403436044, "target": "771.xyz", "model": "7.xyz", "model_rescale": 3.7474275329858107, "target_rescale": 3.93543838244319},
{"mapping": [12, 11, 5, 7, 10, 0, 9, 1, 2, 13, 8, 3, 14], "R": [[0.5173759861415006, -0.4311111548827311, 0.7392328869170983], [-0.5993908282397187, -0.7991033524332098, -0.046523834236970096], [0.6107804220718063, -0.4190190977338417, -0.6718409571826529]], "T": [-0.008641746924588491, -0.004505877907930188, -0.0962915889543273], "aligned_model": [[-0.17583820758807053, 0.2503317836749162, 0.26705988014966403, 0.12354697293015779, -0.4126136077392439, -0.6187332505539214, 0.6460047967500481, -0.5451036664579807, -0.0137184721144212, 0.3265848921180727, 0.49518383209940736, -0.14380992244669827, -0.0002515065102452717], [-0.5562525419850205, -0.21800764384110613, 0.6505481668800872, 0.35704365374802927, 0.03164667546975449, 0.2377320456262798, 0.18636078002987763, -0.2363424368260778, -0.01829780413875001, -0.8259605691066022, 0.2603226949932772, 0.6096118245224916, -0.041467588859421735], [-0.3159813270413909, -0.6195789497630034, -0.18525380147939582, -0.6581507442828997, -0.7371996075049462, -0.038651470737105315, -0.4359211840000219, 0.37621474845226566, 0.7453576880500771, 0.0484396083613316, 0.2795220999298985, 0.24827124838048456, -0.050079959514244723]], "inverted": false, "swapped": false, "error_lsq": 0.04559909710112074, "error_max": 0.25447041482857063, "target": "771.xyz", "model": "8.xyz", "model_rescale": 4.019505241142653, "target_rescale": 3.93543838244319},
{"mapping": [5, 4, 7, 0, 3, 2, 8, 6, 10, 11, 9, 1, 12], "R": [[0.037396792107998456, 0.346414035576425, -0.9373360101349392], [0.9118754934013642, 0.37185217109014584, 0.17380750095885952], [0.40875978823026393, -0.8612335797048327, -0.3019803912752442]], "T": [-0.021499243714037483, 0.03160708529457534, -0.03531090001809507], "aligned_model": [[-0.14019877558033816, 0.1771973697735803, 0.5676864872980999, -0.06823376984991304, -0.4887193047206075, -0.5904455286852297, 0.6268851482819463, -0.4464161698299439, -0.1891665242072454, 0.31716842850753185, 0.5504971225737283, -0.10368658562063582, -0.013924373629288441], [-0.544532809016316, 0.041854901023233235, 0.5215542951874976, 0.5076540653913846, -0.11425679543859313, 0.1240002834830845, -0.07863335397982515, -0.41119853735580014, 0.10923769306983769, -0.45793995961219436, 0.13864402475546886, 0.6054268104859436, -0.004873361480902644], [-0.35857234600278665, -0.8403011541854761, -0.5173854751260655, -0.47558494522023187, -0.7416323216331018, -0.1684866634386063, -0.1888741024810795, 0.3538299798908653, 0.8613723941310956, 0.14606556650406, 0.32344153826613464, 0.3115052846996703, -0.0483894065534283]], "inverted": true, "swapped": false, "error_lsq": 0.05033723368595739, "error_max": 0.29862174729892166, "target": "771.xyz", "model": "9.xyz", "model_rescale": 3.877068213659057, "target_rescale": 3.93543838244319},
{"mapping": [7, 1, 12, 0, 8, 9, 5, 2, 13, 4, 3, 10, 15], "R": [[0.6916068621433891, -0.6960467837920027, -0.1928699639886544], [0.7085741615841034, 0.705613902559012, -0.005628325756949673], [0.140009306017709, -0.13277008431213222, 0.9812081832823192]], "T": [-0.012586404044061313, 0.1237722918554526, 0.01815968010533621], "aligned_model": [[-0.18347064638028873, 0.2997658276973513, 0.4272936732326559, 0.1590580552631779, -0.5152079666542682, -0.6717401591210255, 0.6572572963709229, -0.4255498771658553, -0.034136902873769685, 0.24998482088358487, 0.5769054741954721, -0.350499356715001, 0.008983285578728635], [-0.58623359263702, -0.29361862191107946, 0.6865567683603795, 0.4036054575313005, 0.0016442732590558479, 0.15305414500549874, 0.051473172530971986, -0.3411753617622285, -0.039008193519463774, -0.49640484522548445, 0.01980027501390115, 0.7179691883515964, 0.1592745915153906], [-0.3465001464783495, -0.6754738821123042, -0.20087083451222765, -0.707097249962036, -0.5543604048533403, 0.035601129118816396, -0.3781706071574408, 0.24976323623542507, 0.7735910704678024, 0.08544526717314109, 0.22899252368468076, 0.20777946829063226, -0.06171122104375]], "inverted": false, "swapped": false, "error_lsq": 0.03988554881617426, "error_max": 0.26614112535542805, "target": "771.xyz", "model": "10.xyz", "model_rescale": 4.260839863003843, "target_rescale": 3.93543838244319},
{"mapping": [6, 2, 3, 1, 4, 0, 9, 10, 11, 5, 7, 12], "R": [[-0.5541057267843491, -0.17500630683919036, -0.81384251308917], [0.2685490132090268, 0.8878011060480369, -0.37375208842806595], [0.7879392559387091, -0.4256547763932528, -0.4449379060996756]], "T": [0.12095532068138878, 0.11484472012760669, 0.04170334626264743], "aligned_model": [[0.2672510847785119, 0.31046771669108375, -0.37458354406179883, -0.3665834370432627, -0.5638985758271243, -0.3798635181421176, 0.26955261440885336, 0.6966898619387546, 0.2793966194392855, -0.23574699391503404, 0.03474818131612181, 0.021468639510857798], [-0.19449970624607418, -0.669699358863541, -0.56069396476431, -0.08638335101678743, 0.0823190861141721, 0.5381809070620739, 0.6232935401806515, -0.04811074699853127, -0.309932023247403, 0.08233496947418839, 0.6424133956872967, 0.07385575815119871], [-0.6168823702201832, -0.1977889439565062, 0.027546837414883167, -0.605669423632396, 0.12700211869520173, -0.2093426451610298, -0.4526624820504496, -0.16277132504114558, 0.5843488444675333, 0.668836292121598, 0.42094913900254854, -0.06738796424454976]], "inverted": true, "swapped": true, "error_lsq": 0.04743867802334115, "error_max": 0.3365256183613847, "target": "771.xyz", "model": "11.xyz", "model_rescale": 3.890672605050136, "target_rescale": 3.93543838244319},
{"mapping": [3, 4, 10, 12, 7, 5, 2, 8, 6, 0, 11, 9, 13], "R": [[-0.37284191391855204, -0.8298541948014678, 0.41512759796953846], [0.6305273907352386, -0.554812213711586, -0.5427878195474375], [0.680752610540836, 0.05937527167817602, 0.7301030477644782]], "T": [0.06541731497889558, 0.0015136741484897062, 0.06441907917794118], "aligned_model": [[-0.1809979015840749, 0.3913747261554521, 0.5073448156131541, -0.13005554638344058, -0.5109953198934644, -0.6197687835671608, 0.7270831000732572, -0.4944858305890467, 0.008751694923181341, 0.1807191330662298, 0.48030317587683535, -0.18173132428763197, 0.021101584908393936], [-0.7333519898621055, -0.22486764428288034, 0.5686596767320791, 0.4619499140574618, -0.028943432057356423, 0.3542847877784471, 0.07787376281769978, -0.4316896709529918, -0.04471082860615492, -0.5775002669515169, 0.3289820313405439, 0.6843164740351461, 0.0019344424644467326], [-0.43789073847101423, -0.5131277228991662, -0.4671691076539095, -0.4877774222546387, -0.5631038361944543, -0.04067484825163617, -0.18444164363821683, 0.19871120558207286, 0.6360051591259616, 0.05246556484912626, 0.21737777085698476, 0.3446302541818085, -0.0980162863818678]], "inverted": true, "swapped": false, "error_lsq": 0.047523252480862116, "error_max": 0.2688197357288441, "target": "771.xyz", "model": "12.xyz", "model_rescale": 4.124412569039231, "target_rescale": 3.93543838244319},
{"mapping": [6, 1, 4, 2, 8, 11, 0, 9, 7, 3, 5, 10, 12], "R": [[0.18368645475516804, 0.6410137704933843, -0.7452252225853154], [-0.9820110702874536, 0.08592749698908723, -0.16813899932520324], [-0.04374407585454154, 0.7627042751283395, 0.6452663361191151]], "T": [0.10381155332717924, -0.06014287199097971, -0.03125058438568554], "aligned_model": [[-0.11306795047537789, 0.19975912279334335, 0.48902120199777793, -0.18883982599962473, -0.48813838392982273, -0.7585984198410995, 0.6743200878589859, -0.37771099232369787, 0.000248413933607014, 0.3406731240885287, 0.5879900313601967, -0.22496750577621777, 0.05795462062508559], [-0.5821430621240214, -0.12835460743343843, 0.5724244838293847, 0.5343518357909716, -0.0873123606453731, 0.41835355436714483, -0.1395683495284308, -0.39403411917043835, 0.04329094363124177, -0.7201442041780712, 0.30016173548708674, 0.5676818749888946, 0.05222953149786825], [-0.3891498678656954, -0.8368593740411837, -0.2953496617620244, -0.5820016408951512, -0.4359149039965612, -0.16482853720308535, -0.1018126063120994, 0.2242762147709527, 0.5783835652982213, 0.09931822342712102, 0.42645857033149936, 0.17454078975874504, -0.04007242265968909]], "inverted": true, "swapped": false, "error_lsq": 0.042888533840333316, "error_max": 0.24651232017865476, "target": "771.xyz", "model": "13.xyz", "model_rescale": 3.9028299243045295, "target_rescale": 3.93543838244319},
{"mapping": [13, 12, 2, 8, 5, 4, 1, 10, 7, 14, 6, 3, 15], "R": [[-0.34184338208086285, 0.7979208262823961, -0.49645287501668833], [-0.3222553528242712, -0.595777334442624, -0.7356635476497027], [-0.8827766363603093, -0.0914971188030535, 0.4607967963724556]], "T": [0.05921163508534469, 0.10040782796164499, -0.115944557175539], "aligned_model": [[-0.22822124006807468, 0.26828758616823345, 0.37890755501086604, -0.12727260857386802, -0.3282612415327737, -0.5694604093670912, 0.7067524658934743, -0.41689232520406305, -0.1694668877725392, 0.148621079288599, 0.49247025364782726, -0.037101123824515234, 0.08028042064560983], [-0.542370115904697, -0.236291182547473, 0.6823613310057708, 0.37396225786466947, -0.019733380973575326, 0.2623231350964565, 0.14541799067598177, -0.3706213896963775, -0.05768380497730874, -0.7670586282348324, 0.3129398589506099, 0.5955209694282924, 0.05817021582530203], [-0.4859042968165309, -0.6879247246305412, -0.4341809608653584, -0.8137258698408371, -0.4282468041351418, 0.07878132123342543, -0.14533355905638337, 0.21087205372144038, 0.7462277716633086, 0.03425048749685619, 0.34397431338129303, 0.25049271556885566, -0.012294098869336634]], "inverted": false, "swapped": false, "error_lsq": 0.04802229181830685, "error_max": 0.23516374666482542, "target": "771.xyz", "model": "14.xyz", "model_rescale": 3.942246331269136, "target_rescale": 3.93543838244319},
{"mapping": [13, 11, 9, 10, 4, 3, 6, 12, 1, 8, 0, 5, 14], "R": [[-0.41707250270451585, 0.9074401422336487, -0.05101877841312724], [0.6185282978149166, 0.2422588308986634, -0.7474847180068601], [-0.6659378892133816, -0.34331188024096837, -0.66231690344988]], "T": [0.06188380221892945, 0.08781327596464715, -0.12313660380815228], "aligned_model": [[-0.3312670107075521, 0.2140725404840786, 0.5025914340588458, -0.0031712377785149196, -0.376941425006288, -0.6132838218071479, 0.5473415585922863, -0.4151132418434194, -0.34604644545692376, 0.6072910905050615, 0.42907173809492605, -0.09265679460066797, 0.07675513977700082], [-0.5978759376758941, -0.3317209489897857, 0.7342093514830809, 0.4377646156642361, 0.06000678836448943, 0.24035285803819356, 0.05687192310636914, -0.4256830634520836, 0.12340733023029159, -0.45535971934812214, -0.05584713820293215, 0.5780383229474855, 0.0727728743474905], [-0.3133800980400952, -0.6843323332053881, -0.31316608290227094, -0.741442691160166, -0.5108519583154034, 0.0703273097996732, -0.39911266943462487, 0.2974244351911209, 0.5761254444346151, -0.04354443500296179, 0.4975502641184879, 0.24912159346147256, -0.02773043009340964]], "inverted": false, "swapped": false, "error_lsq": 0.0566415399900713, "error_max": 0.3530397229697653, "target": "771.xyz", "model": "15.xyz", "model_rescale": 4.355366556412066, "target_rescale": 3.93543838244319},
{"mapping": [11, 10, 2, 4, 3, 5, 1, 7, 6, 8, 9, 12], "R": [[-0.8185975069803076, 0.2602518666447754, -0.512022545864472], [0.17536150410143952, 0.962134443708628, 0.2086759571890591], [0.5469428347139271, 0.08103257454505106, -0.8332390157798031]], "T": [0.0034851177203693504, 0.07047949941986635, 0.04695785014364621], "aligned_model": [[-0.23839255448929736, 0.5532644648438021, 0.12728967922724654, -0.6129718412013663, -0.5345921351198141, -0.6283948609104846, -0.09758889502053247, -0.1609634329552347, 0.40918282755904434, 0.32019559018795224, 0.4900537372015005, -0.029274024691035974], [-0.5458515875720141, -0.23986929653244837, -0.5707069905207066, 0.3108050973212191, -0.26477820278577985, -0.02939356338110767, 0.3528552892158328, 0.40422568273917475, -0.008028775770742805, -0.1206964048436651, 0.6044347233327381, 0.11978045653848], [0.29522030497771273, 0.011448248689929531, -0.48439253600808746, -0.15199712415881436, -0.5009352334839682, 0.38213276095879445, -0.7323535365223813, 0.5865483512838645, -0.5695463182402146, 0.716601417671459, -0.00909326860108179, -0.0943746053577916]], "inverted": true, "swapped": true, "error_lsq": 0.04659682883285688, "error_max": 0.2656257711909371, "target": "771.xyz", "model": "16.xyz", "model_rescale": 3.795458400668931, "target_rescale": 3.93543838244319},
{"mapping": [2, 1, 3, 6, 5, 9, 0, 10, 11, 4, 7, 8, 12], "R": [[-0.464058070748416, 0.8366389478565316, 0.29100752207249636], [0.8203635078892993, 0.5298469623989771, -0.21509512165584066], [-0.33414640787658056, 0.13891532444656052, -0.9322278212631744]], "T": [0.09879413803423065, 0.02574701005781714, -0.04260582746053463], "aligned_model": [[0.04703590542888002, 0.08610005234225526, 0.560053264441486, -0.04351660914536737, -0.4494673328743366, -0.7621661388817497, 0.5270482446087635, -0.455552132518959, -0.18327821946360162, 0.2770686871268656, 0.6482392802960508, -0.07012149105789214, 0.01720001400928986], [-0.6394953182220378, -0.21501677445926837, 0.6674645132154536, 0.5262052544435188, -0.004024669817765211, 0.26354779034768466, 0.011958696754446246, -0.4477762098407471, 0.11291096495482973, -0.4915499846628097, 0.15095790537676118, 0.61969439070681, -0.11793930228405765], [-0.27992749638972186, -0.8529565368989209, -0.2094009146695285, -0.47465333398191734, -0.5913312693888166, -0.05460872298215728, -0.45177411812661944, 0.043298977950992294, 0.7111700008368026, 0.2981547817405575, 0.2945987793945212, 0.233764922770648, -0.009346721404790363]], "inverted": true, "swapped": false, "error_lsq": 0.052441737241816486, "error_max": 0.28393418403436044, "target": "771.xyz", "model": "17.xyz", "model_rescale": 3.7474275329858107, "target_rescale": 3.93543838244319},
{"mapping": [8, 0, 2, 1, 3, 11, 6, 10, 12, 4, 9, 7, 13], "R": [[0.8751174537058795, -0.2940111408402344, 0.3843525611741939], [0.3785394685637411, 0.9107184932694778, -0.1652261987593159], [-0.30145864220290475, 0.29008494459174616, 0.9082804698783218]], "T": [-0.035034081962039755, 0.03008589110099727, -0.06386498768213325], "aligned_model": [[-0.14241071763732174, 0.36577907189358344, 0.44862760607671087, -0.2283127067565073, -0.5622313380227021, -0.6743017395775656, 0.7360194458636836, -0.5565382249626445, -0.12786497913794959, 0.5160635915021575, 0.46743046931862914, -0.08982586359196702, 0.046208909343577735], [-0.6177556491303023, -0.13496990586134275, 0.4547777379447866, 0.44097445259623735, -0.11179818480825696, 0.3564698669157481, 0.009511172126974651, -0.3485068819412581, 0.12820875296245882, -0.5907199530337676, 0.07967558894401783, 0.7194028721470775, 0.051667387650445644], [-0.3564842763158378, -0.7788809248236103, -0.36309889377835136, -0.5857197376266062, -0.4670040995464124, 0.017048695117314216, -0.07107259664617574, 0.18340068218903335, 0.6716560873545595, -0.07469458652406866, 0.3752186062156908, 0.2348978653361655, -0.12827847210065116]], "inverted": false, "swapped": false, "error_lsq": 0.04380387953804638, "error_max": 0.24931428889699705, "target": "771.xyz", "model": "18.xyz", "model_rescale": 3.922800546911778, "target_rescale": 3.93543838244319},
{"mapping": [13, 11, 9, 10, 4, 6, 7, 8, 5, 12, 3, 1, 14], "R": [[0.34867230052444076, 0.9216188254361393, 0.1704299488021547], [0.3918428470598808, 0.021844264075730813, -0.9197728041940557], [-0.8514028482774775, 0.3874810559610634, -0.3535132546543317]], "T": [-0.018923825988092655, 0.07702189414539501, -0.011764971900645141], "aligned_model": [[-0.032573291687263806, 0.16187262018998655, 0.5393999461003988, -0.16157678645857526, -0.4407513285907306, -0.6558179573397822, 0.6722661766964038, -0.48885107711904213, -0.023520620656864225, 0.38462389987966644, 0.571443599689883, -0.3972887228225641, 0.06941706643016873], [-0.5257823195253883, -0.056196461392875596, 0.5213651362499252, 0.5501875674002183, -0.04261831668760252, 0.29842396589673026, -0.20800695029248273, -0.2655414300366025, -0.09675374387145447, -0.5134876758735403, 0.1295741443013428, 0.5878666809419035, 0.057906659402645014], [-0.34078551668023954, -0.6876415342741756, -0.4036537758130519, -0.6492326383635199, -0.5876251260110181, -0.15707415945292924, -0.29323603095657974, 0.1785227092337574, 0.731413753101844, 0.31543790893863705, 0.2287632120758108, 0.3675246701700491, -0.045425123117534494]], "inverted": false, "swapped": false, "error_lsq": 0.047697788353117256, "error_max": 0.2603195119706071, "target": "771.xyz", "model": "19.xyz", "model_rescale": 3.9282355846067225, "target_rescale": 3.93543838244319},
{"mapping": [6, 3, 0, 1, 5, 2, 4, 7, 12, 8, 11, 10, 13], "R": [[-0.900387356419639, 0.27302248229061005, 0.33876442045103805], [-0.14601489423787045, -0.9230671432773989, 0.35584645517751834], [0.4098563883366436, 0.27093499804487353, 0.8709833338095896]], "T": [0.023290242247749185, -0.09377702102696253, -0.036503481755006895], "aligned_model": [[-0.11890265342682306, 0.20518346299847112, 0.4635229094761223, -0.13782447003503923, -0.42290005515882917, -0.6455528914522494, 0.6112128368478417, -0.5143020378600347, -0.2382043842990091, 0.5215984825826344, 0.5836562165608925, -0.12117114908864259, 0.012327257166349852], [-0.6320015856853393, -0.014079503506808255, 0.4959760092777925, 0.46206720087160635, -0.15410356261401295, 0.378404486346519, -0.15373666837177302, -0.29642618408666543, -0.02626876376502979, -0.625771523575754, 0.28512179732946985, 0.6602805750667587, 0.05747497922605538], [-0.37846773789158794, -0.7623948173470574, -0.35048365652435404, -0.5125077325497046, -0.5703246869623002, -0.12820788163173247, -0.26037779557593965, 0.20438162251534575, 0.7696339387609952, 0.18096450669478747, 0.19969311349169758, 0.3543448228056979, -0.08926534693479801]], "inverted": false, "swapped": false, "error_lsq": 0.045257965183139626, "error_max": 0.2071018317089292, "target": "771.xyz", "model": "20.xyz", "model_rescale": 4.067790424073018, "target_rescale": 3.93543838244319},
{"mapping": [8, 1, 10, 13, 5, 6, 9, 2, 3, 0, 12, 11, 14], "R": [[0.9206949577219202, 0.38997207518947485, -0.015574832193195276], [0.10937564987632736, -0.2195091337037136, 0.9694600081668022], [0.37464351327570405, -0.8942804486250718, -0.24475440173238477]], "T": [-0.0650371216078799, -0.045169805036182654, -0.12132995836070332], "aligned_model": [[-0.10043485458926045, 0.35658503879751285, 0.43407267409358835, -0.10620320965423764, -0.3625083088634122, -0.722096802504926, 0.691126133709733, -0.47468980690069, -0.12273984261553746, 0.1299352128246728, 0.5074983993798959, -0.023370334562236104, -0.008530774803418233], [-0.5063870811828196, -0.0852168646696797, 0.5384276026168717, 0.5221606179436993, -0.06696797168354673, 0.20101802553599624, 0.04271178048730078, -0.43315014604863644, 0.0925691031592635, -0.619928976327902, 0.2059404584705916, 0.5388343544049605, 0.006926353806719326], [-0.45478688422776203, -0.8241358263986838, -0.40697011514742304, -0.5294537746635817, -0.6307432027325823, 0.1136615957705199, -0.2779947524346742, 0.36382760775486495, 0.7161922239176282, 0.24758156672754278, 0.3215702331796728, 0.1529605347153139, -0.1347208576097858]], "inverted": false, "swapped": false, "error_lsq": 0.04104987382379087, "error_max": 0.2587538922785865, "target": "771.xyz", "model": "21.xyz", "model_rescale": 4.186013935880536, "target_rescale": 3.93543838244319},
{"mapping": [1, 0, 3, 5, 2, 8, 6, 9, 10, 7, 4, 11, 12], "R": [[-0.2521210095112087, -0.9396753060200205, 0.23118242973727537], [0.8326628274220342, -0.08893414087198691, 0.5465924756314394], [-0.4930594410338303, 0.3303044623427646, 0.8048548625459528]], "T": [-0.020184401988922622, 0.022242343402782715, -0.09523411717301783], "aligned_model": [[-0.11653555773377616, 0.20334880614762893, 0.5550827305977964, -0.030926044160517155, -0.5054838610344594, -0.7455365098273199, 0.5210578114258144, -0.4657391099414433, 0.06852967235408422, 0.3837235742309284, 0.48334975638827976, -0.16120467384285136, 0.008976929707520058], [-0.6689399566575387, -0.28540007698654873, 0.7147533707881266, 0.4829337135936202, 0.053376382358256445, 0.26844105166172433, 0.030338562000830946, -0.21777966667588838, -0.2350861848158112, -0.5278145152279892, 0.20350761167170897, 0.5615042719319703, 0.05710269287035705], [-0.3145665561835316, -0.7093818901426401, -0.299769830073572, -0.7166734582755927, -0.6548896447374475, -0.06492493688653003, -0.22501919597456388, 0.2643784481489833, 0.6935695809776576, 0.17424600992373995, 0.3958996758357943, 0.20187837680373322, -0.08775823056498078]], "inverted": false, "swapped": false, "error_lsq": 0.041857621651231414, "error_max": 0.32294781224444424, "target": "771.xyz", "model": "22.xyz", "model_rescale": 4.166573947596378, "target_rescale": 3.93543838244319},
{"mapping": [7, 8, 3, 9, 10, 14, 4, 5, 6, 0, 2, 12, 15], "R": [[0.07746925065889282, 0.6686190863460226, 0.7395586741943867], [-0.9712889427616183, 0.21797195187845647, -0.09532060565960304], [-0.2249362240088673, -0.7109407468756488, 0.6663084492639479]], "T": [0.01080054747560991, 0.13965626431381442, -0.0933614766449921], "aligned_model": [[-0.21410642549609168, 0.3532658371732604, 0.5041663856286788, -0.05497371150277999, -0.5737549022035335, -0.7255321714946351, 0.6915861835013251, -0.32572773447377346, -0.023954750754486356, 0.3421237690001444, 0.5034582302286447, -0.29873082723853434, 0.020823641943465903], [-0.51041013594129, -0.11865902465123548, 0.4482568954149937, 0.4925140379304973, -0.15279892035005374, 0.40725599137772694, -0.11438485007118729, -0.512824903510093, 0.1437586999884003, -0.6066351462506365, 0.2581759873264831, 0.6114002210405992, 0.09128840420861403], [-0.28886128845639053, -0.7789778978751087, -0.24430004773779745, -0.5746247151498829, -0.45901995708502713, -0.20373482609788868, -0.2022078975676962, 0.2966116279208119, 0.6668246000713186, -0.09882190101867473, 0.3494146768123749, 0.23984915131958257, -0.04516317628457192]], "inverted": true, "swapped": false, "error_lsq": 0.045145155759630705, "error_max": 0.25407098114720705, "target": "771.xyz", "model": "23.xyz", "model_rescale": 4.274766983524099, "target_rescale": 3.93543838244319},
{"mapping": [9, 10, 8, 7, 11, 5, 0, 3, 1, 2, 12], "R": [[-0.8141659064721412, 0.2675000805026524, 0.515342200551703], [-0.5223975943618873, -0.7248866690316935, -0.4490435062051886], [0.25344551711030566, -0.6348094391163467, 0.7299194105279565]], "T": [-0.06591213828431985, 0.07566072120552084, -0.028414747210911577], "aligned_model": [[0.33028217263896764, 0.15505798884645858, -0.5300464240834792, -0.5297178305797139, -0.5288179573959222, -0.6724010190289887, 0.11528000815973188, 0.07289006217391683, 0.6138597630142439, 0.3033774655008231, 0.050130474712036965], [-0.16920136818132292, 0.6063588489867916, 0.41281536504930283, -0.2800386614458351, 0.5136845524969511, -0.12251059449917498, -0.6009310131386368, 0.10303300448078076, -0.2441457562170893, 0.6839402124095165, 0.012581941302199473], [-0.5834566876922459, -0.2917896464575614, -0.5345593591088075, -0.32497836365112626, 0.277945154603588, 0.30994678144249044, -0.07791381167478367, 0.7974765260542047, 0.3361565891627092, 0.4214765355593142, 0.049262715783795714]], "inverted": true, "swapped": true, "error_lsq": 0.04052841493296299, "error_max": 0.23195566994472863, "target": "771.xyz", "model": "24.xyz", "model_rescale": 3.7841303162186577, "target_rescale": 3.93543838244319},
{"mapping": [3, 13, 10, 14, 12, 2, 11, 4, 1, 6, 7, 8, 15], "R": [[-0.7850136743689067, -0.5859109427106641, 0.20115143117991785], [0.5883413114733334, -0.6035060923047759, 0.5381773850366232], [-0.19392790481946265, 0.5408223033149802, 0.8184761474651618]], "T": [0.021934696060290363, 0.139724465514703, -0.04155029136629778], "aligned_model": [[-0.07411443063186807, 0.16106154161207545, 0.5213592984681765, 0.021544455421220205, -0.42244163663039896, -0.7274233696161608, 0.641372339969116, -0.3929079363001379, -0.16117511109492924, 0.26095914826079414, 0.624084218276501, -0.2940005431710807, 0.040325549748377626], [-0.6158783822861096, -0.15177949784849623, 0.7043037165288729, 0.5114284700349666, 0.07448843472895486, 0.21597313142178706, -0.19738279109472465, -0.388850760761414, 0.11117263948986308, -0.4994993467469666, 0.16832712488252716, 0.4309445315231194, 0.07368998664043858], [-0.30392557467272346, -0.7540593491763701, -0.23411311516986222, -0.7423604960910899, -0.6526524445778786, -0.003581115970205072, -0.34500254792840446, 0.28282320231309876, 0.6786524478380387, 0.1956978515788808, 0.2021778376466189, 0.3644467300571764, -0.03111507699622986]], "inverted": true, "swapped": false, "error_lsq": 0.0442919331335005, "error_max": 0.2645632376187352, "target": "771.xyz", "model": "25.xyz", "model_rescale": 4.19342608120988, "target_rescale": 3.93543838244319},
{"mapping": [11, 10, 2, 4, 3, 5, 1, 7, 6, 8, 9, 12], "R": [[-0.8185975069803076, 0.2602518666447754, -0.512022545864472], [0.17536150410143952, 0.962134443708628, 0.2086759571890591], [0.5469428347139271, 0.08103257454505106, -0.8332390157798031]], "T": [0.0034851177203693504, 0.07047949941986635, 0.04695785014364621], "aligned_model": [[-0.23839255448929736, 0.5532644648438021, 0.12728967922724654, -0.6129718412013663, -0.5345921351198141, -0.6283948609104846, -0.09758889502053247, -0.1609634329552347, 0.40918282755904434, 0.32019559018795224, 0.4900537372015005, -0.029274024691035974], [-0.5458515875720141, -0.23986929653244837, -0.5707069905207066, 0.3108050973212191, -0.26477820278577985, -0.02939356338110767, 0.3528552892158328, 0.40422568273917475, -0.008028775770742805, -0.1206964048436651, 0.6044347233327381, 0.11978045653848], [0.29522030497771273, 0.011448248689929531, -0.48439253600808746, -0.15199712415881436, -0.5009352334839682, 0.38213276095879445, -0.7323535365223813, 0.5865483512838645, -0.5695463182402146, 0.716601417671459, -0.00909326860108179, -0.0943746053577916]], "inverted": true, "swapped": true, "error_lsq": 0.04659682883285688, "error_max": 0.2656257711909371, "target": "771.xyz", "model": "26.xyz", "model_rescale": 3.795458400668931, "target_rescale": 3.93543838244319},
{"mapping": [7, 10, 11, 8, 5, 6, 4, 0, 2, 3, 9, 1, 12], "R": [[0.17828353775086964, 0.8994676510942121, -0.3989648164965116], [0.5113457105158107, 0.2617204426637528, 0.8185523649889297], [0.8406786214149347, -0.3499433590267862, -0.41327847871493967]], "T": [0.07214587953393017, 0.14700745626506725, -0.06536106192809993], "aligned_model": [[-0.18103441455903044, 0.30366497760593625, 0.558618155467027, -0.2272269925998384, -0.3536609842613273, -0.7255258160536047, 0.8307451245584085, -0.3575340467065852, 0.0618182783267211, 0.25860441775644855, 0.3472774621114775, -0.3038925486972822, -0.01321008863666609], [-0.5573133987696152, -0.20739695667896477, 0.4974828204055406, 0.7008852462793881, 0.0360623705980834, 0.26954790302214604, -0.12142342895513128, -0.3837220645850371, 0.0291580143624853, -0.5259232859130286, 0.20248283807086806, 0.47630406855674823, 0.020793130119336062], [-0.3816520205020555, -0.6384952938694075, -0.45534354308899766, -0.4318948083490842, -0.6762949131684997, -0.2382502305967851, -0.2919338492278488, 0.4089537373108421, 0.8069002312609062, 0.17437627059108812, 0.25959952706275463, 0.2516752328046181, -0.13065199137648065]], "inverted": false, "swapped": false, "error_lsq": 0.0529450369458521, "error_max": 0.3341600125895779, "target": "771.xyz", "model": "27.xyz", "model_rescale": 3.6321398670334006, "target_rescale": 3.93543838244319},
{"mapping": [6, 4, 3, 1, 13, 11, 7, 9, 10, 12, 8, 0, 14], "R": [[-0.2803516190195256, -0.2309388754271514, -0.9317028525928069], [0.9280141164717947, 0.18287606721503663, -0.3245707067328105], [0.24534214750467453, -0.9556273226820193, 0.16304493491485866]], "T": [0.008230465434903852, 0.11221286510684131, -0.07159058207700983], "aligned_model": [[-0.11017349734535356, 0.2841286324181444, 0.4833248040567612, -0.051881691812972835, -0.6712511029748071, -0.5977873096602222, 0.7551042667952391, -0.37951311435301005, -0.21472822642464137, 0.42352942857386305, 0.3722232250910828, -0.062365764511772004, -0.031966125540626916], [-0.5535061314486793, -0.09590268517358641, 0.5937272972758261, 0.3909137588728425, -0.17432508315647582, 0.2554751845110921, -0.04097726101790422, -0.3575563382709947, 0.18760658829675972, -0.5845073626628909, 0.04234074029261836, 0.6582993228305742, 0.11534922616363716], [-0.4546129787639511, -0.8246080928599888, -0.18986695750631127, -0.6765530077790888, -0.42184496721812115, 0.08571231213152294, -0.21158948958454557, 0.2032620568247044, 0.6695415527170826, 0.0884638658216585, 0.28848826052053567, 0.22203749428475147, -0.12144169973719927]], "inverted": true, "swapped": false, "error_lsq": 0.04440658759429449, "error_max": 0.284222648044988, "target": "771.xyz", "model": "28.xyz", "model_rescale": 4.156811204709835, "target_rescale": 3.93543838244319},
