[{"mapping": [6, 7, 5, 1, 11, 10, 3, 2, 12, 0, 9, 13], "R": [[0.2828578302984291, 0.9561861365443814, 0.07549516619754423], [-0.4777453983038914, 0.2087017094713512, -0.8533480713420474], [-0.8317155657064027, 0.20530871570409637, 0.515846439376694]], "T": [0.10164461487919738, -0.1388139174652313, 0.0023999122203870633], "aligned_model": [[0.13385994489756495, -0.3258120770107027, -0.12518423549279642, 0.41822788373554753, -0.5824458162282342, -0.6620568988660344, 0.488241557879759, 0.6461216642884069, 0.047177829193939896, 0.7044081640432226, 0.044105472506696074, -0.01960290090159665], [-0.6308444492606051, 0.2535345351465764, -0.8242507972467318, -0.21577511372549812, -0.2272533345223584, 0.4582118460284431, -0.4440925073227133, 0.0235010682503545, 0.23858175113555924, 0.3279603798786025, 0.5800257339161444, -0.058323269716788806], [-0.581906867203421, -0.4820977149844653, 0.22851098429762526, 0.4787360556877796, 0.10851585080232064, 0.27762556558442586, -0.17238021260786704, -0.5157282895680257, 0.4379750338149111, 0.12160684875926749, -0.12683620680663163, -0.0708131863168383]], "inverted": true, "swapped": false, "error_lsq": 0.04843159144905957, "error_max": 0.2554329045291026, "target": "772.xyz", "model": "0.xyz", "model_rescale": 3.8414455957264533, "target_rescale": 3.8600405847406463},
{"mapping": [1, 3, 0, 13, 4, 2, 11, 12, 9, 8, 10, 14], "R": [[-0.3193615029139035, -0.9465048279945243, 0.0462259779737426], [-0.94131110614871, 0.32247851609345457, 0.0997046042028932], [-0.10927777403326278, -0.011671214213597673, -0.9939427301716711]], "T": [-0.026856731906242687, 0.04798021675270086, 0.06876697236523141], "aligned_model": [[-0.08393154313282018, -0.4636189982011806, -0.13888604783124348, 0.5439012194540718, -0.5207363641551787, -0.6582386308872488, 0.5381085262277524, 0.6517785556046846, 0.08500865465056032, 0.6462299617331447, 0.18612081318756712, -0.01869555860433683], [-0.4666403934676418, -0.05598394167641894, -0.6558948539648728, -0.2824206951230406, -0.17232749762298305, 0.37360369162282775, -0.47839964705100696, 0.08607049358792088, 0.188763500186707, 0.4234421012035413, 0.4940902155901545, 0.026972869275797257], [-0.6243462829030793, -0.5729549756333472, 0.201155365749523, 0.44282258190742907, 0.010761328808688991, 0.26859434254027315, -0.2917935609901985, -0.27806558265613646, 0.7269279575272802, 0.2427930441786018, -0.40452758141016476, -0.018158775659789073]], "inverted": true, "swapped": false, "error_lsq": 0.04806401075496381, "error_max": 0.30182272001744714, "target": "772.xyz", "model": "1.xyz", "model_rescale": 4.316132596720782, "target_rescale": 3.8600405847406463},
{"mapping": [0, 5, 1, 8, 9, 7, 2, 4, 10, 6, 3, 11], "R": [[-0.05703067301306175, -0.13314351328626875, -0.9894545503485578], [-0.5985545711277992, 0.7977627594152888, -0.0728491940389226], [0.7990493900364944, 0.5880879054698314, -0.1251906055677222]], "T": [0.01673922634089199, -0.06748094341728535, -0.00432355323530156], "aligned_model": [[-0.00939731328848939, -0.3542399693236471, -0.05734046351750145, 0.4874964757662544, -0.6857085221476618, -0.6166691211231565, 0.6392008151605213, 0.5344580821338221, 0.025490505245539363, 0.6682443712005511, 0.01583177694209714, 0.1196739509974434], [-0.480558512885928, 0.0838422922006301, -0.5774284265613587, -0.35437044503711895, -0.2926432979450105, 0.544381200591878, -0.6080470798515085, 0.11128639222116694, 0.09427903705641798, 0.39825851626443476, 0.5669123710673255, -0.004636204559944471], [-0.5810365333948654, -0.509532021754204, 0.16615526477537293, 0.5277649185310789, 0.07196917236095046, 0.15340945494982633, -0.14942773763300063, -0.5468538816059203, 0.6047683301648711, 0.18201958432625207, -0.17332446421488648, -0.042704225046394]], "inverted": false, "swapped": false, "error_lsq": 0.043451485431463654, "error_max": 0.2566605880864674, "target": "772.xyz", "model": "2.xyz", "model_rescale": 3.795458400668931, "target_rescale": 3.8600405847406463},
{"mapping": [5, 9, 6, 2, 3, 8, 10, 4, 1, 0, 7, 11], "R": [[-0.47966136807817905, 0.33335425086157155, -0.8116649033966482], [0.6470913943847547, -0.49035980282098396, -0.5837979026089077], [-0.5926193544650425, -0.8052466747586644, 0.019495986857559544]], "T": [0.13184046947169514, -0.03820707905106493, 0.009204012619169515], "aligned_model": [[-0.022544184946132695, -0.4790622973584776, -0.25731423058079306, 0.39703087098638995, -0.5765020750089355, -0.5842948023242448, 0.6514911875114979, 0.5217877864003626, 0.13019340300994342, 0.7710619910887884, 0.0033887501640067486, 0.21180418910336724], [-0.4648891335145736, 0.133882045322515, -0.338223918626984, -0.5233076756342987, -0.3751010156552044, 0.14001879866671765, -0.5159037755840112, 0.05482295356601378, 0.22314089393242728, 0.39416401459296724, 0.6849584442861749, 0.06771421120924068], [-0.5273893328747076, -0.5838708440042145, 0.33454200919940147, 0.5403130160770699, -0.13852323840121972, 0.2660088919201994, -0.19273591102742046, -0.4910371655888975, 0.5818848715180346, 0.13827386912460035, -0.20016188307362692, -0.024096421410137816]], "inverted": false, "swapped": false, "error_lsq": 0.055571155924645926, "error_max": 0.3148086506778576, "target": "772.xyz", "model": "3.xyz", "model_rescale": 3.7530521520055578, "target_rescale": 3.8600405847406463},
{"mapping": [2, 0, 6, 7, 3, 1, 8, 4, 5, 10, 11], "R": [[0.9268030347068329, 0.35736176476689785, -0.11545000624033641], [-0.31630669730375094, 0.5770799162292123, -0.7529467733682633], [-0.20245050777658863, 0.7343509647080024, 0.6478753371856563]], "T": [-0.0483095083926498, -0.020839375016641813, 0.1043208119873672], "aligned_model": [[-0.4711180836600814, -0.22661796270350137, 0.30477018753773355, 0.5951733203852648, 0.2681364093462393, -0.15921837655022447, 0.011614518857620604, -0.6695281222573023, -0.5023671091895341, 0.2524683410493239, -0.0651135203703333], [-0.6305546350798956, 0.1288312646880481, -0.3323144432705347, 0.18451130923628623, -0.7855114707479887, 0.5837767651389083, -0.4044692360132431, 0.10336442473452709, 0.16727877263485255, 0.5050443077694305, -0.05275370077604478], [-0.07254262823020252, -0.6767642494815409, -0.5342383345782432, -0.23544872526049954, 0.030054590015183458, -0.09880064310167735, 0.592407648768488, 0.031121523480234364, 0.6730914515316765, 0.4064467486814357, -0.022496604579538115]], "inverted": false, "swapped": true, "error_lsq": 0.04346583439069703, "error_max": 0.25946308004645974, "target": "772.xyz", "model": "4.xyz", "model_rescale": 3.7855080009869324, "target_rescale": 3.8600405847406463},
{"mapping": [9, 3, 8, 13, 10, 7, 14, 2, 6, 1, 0, 16], "R": [[-0.08125736804916578, 0.8633574184437469, -0.4980072370517033], [0.8804649220709011, 0.2963421810689169, 0.3700848993433797], [0.4670960941181211, -0.4084057782860892, -0.7842359078250174]], "T": [0.10094533314459964, -0.043791981093056376, 0.05635771338220505], "aligned_model": [[-0.017016872125605043, -0.09685672234672765, -0.23743161435537158, 0.4040828074334301, -0.5551931837186819, -0.5273867378988151, 0.513928640798748, 0.4406034194487353, 0.03449297683309163, 0.5747852733806083, 0.10805084540176774, 0.12498175519459286], [-0.3919445974690565, 0.0884354452793557, -0.5220081836566385, -0.4655008472307896, -0.3054840399183242, 0.21700007814884853, -0.46489048967124996, 0.06177379812733927, 0.12614268381025545, 0.5461574409840005, 0.6642466816281529, -0.07265212747090935], [-0.5533870636248457, -0.5961810670420502, 0.4463835829984254, 0.5614685356559062, -0.12242647806248147, 0.3702936657842334, -0.27503062709634796, -0.59115594534979, 0.6830820244407518, 0.03313424642629825, -0.2709107499747738, 0.017937737303755225]], "inverted": true, "swapped": false, "error_lsq": 0.043149003172324084, "error_max": 0.21692325638312043, "target": "772.xyz", "model": "5.xyz", "model_rescale": 4.2253639853439635, "target_rescale": 3.8600405847406463},
{"mapping": [3, 6, 0, 1, 7, 12, 4, 2, 9, 8, 11, 13], "R": [[-0.8943909308708407, 0.1504935083214221, -0.42120845994483674], [-0.2128747916845654, 0.684991646271484, 0.6967573233225001], [0.3933817304365366, 0.7128380941640199, -0.5806140419137]], "T": [0.20108371497657196, 0.012466194941352864, -0.023696681756935508], "aligned_model": [[-0.10504647440313075, -0.1551575193525529, -0.1893122275687651, 0.6719445093384018, -0.5429030838491311, -0.6488005551358644, 0.4969031603825088, 0.49316726517162846, 0.11101619006171391, 0.5802219895445959, -0.12393998415363111, 0.17894731800999913], [-0.4504098387179183, 0.13162665391851763, -0.5444020799117831, -0.3502372020167798, -0.22672645942168443, 0.3554583959585789, -0.6101168034596846, -0.0927720048652442, 0.07876620631859191, 0.5108137496559709, 0.705511407904962, -0.02623618280254235], [-0.46532951263859734, -0.5458182539057235, 0.4012166998078599, 0.4069332523236441, -0.1603046364988132, 0.15349485846392663, -0.18429736054822715, -0.6184939018615281, 0.576377127813581, 0.3684369167349986, -0.16370281235532425, -0.06530451587671542]], "inverted": false, "swapped": false, "error_lsq": 0.047700642623485355, "error_max": 0.2773665135233025, "target": "772.xyz", "model": "6.xyz", "model_rescale": 3.89814844738969, "target_rescale": 3.8600405847406463},
{"mapping": [11, 8, 4, 2, 7, 3, 10, 9, 0, 5, 6, 12], "R": [[0.11338868921979688, -0.958146581746482, 0.26286523742128437], [0.8404177303235028, 0.23361300680861005, 0.48900204662939006], [-0.5299443779444293, 0.16546930512143998, 0.8317324481753248]], "T": [0.008580859945088413, -0.06689162516358768, 0.047328261511502365], "aligned_model": [[-0.1267103456912779, -0.254890311681332, -0.028095192340752397, 0.46102786901264586, -0.6180368386362284, -0.5831403703359546, 0.6271020013814964, 0.5711330299750883, -0.14776472372489288, 0.6773088729835067, 0.06319949534152977, 0.12590710176194328], [-0.5212700763789353, 0.16784678362862174, -0.6824504072857558, -0.3680795477414385, -0.24441503637257259, 0.48083512247265847, -0.4336999655738014, 0.1549197425321508, 0.1891186919116821, 0.3271048451368377, 0.5991525695493558, -0.18778687931781857], [-0.6088553118668703, -0.5298784549031946, 0.23504624500075966, 0.5013385959754068, 0.131651317927501, 0.09469208978181656, -0.10027560718384641, -0.6101522721851976, 0.5582344794088984, 0.035235702091644824, -0.05648785662241419, 0.05265893403457724]], "inverted": true, "swapped": false, "error_lsq": 0.05058061323691824, "error_max": 0.23137551697514996, "target": "772.xyz", "model": "7.xyz", "model_rescale": 3.7474275329858107, "target_rescale": 3.8600405847406463},
{"mapping": [12, 10, 4, 2, 11, 9, 1, 0, 8, 3, 6, 14], "R": [[0.049872089941627534, 0.238037361284401, 0.9699747364120439], [0.786166799886827, 0.5896369292046234, -0.18512172879985686], [-0.6159988128239859, 0.7717943420049811, -0.15773064460826394]], "T": [-0.006785939094865329, -0.07960573579794536, -0.05574941162236749], "aligned_model": [[-0.20447209788718648, -0.20062906907640646, -0.02770847449786147, 0.5995932555840129, -0.6064782536868562, -0.620134497218306, 0.6158293350862745, 0.4896123369985076, 0.011840253526683941, 0.49105022071450966, 0.20718242068189424, 0.011355157820506324], [-0.513662152843803, 0.18960500722019888, -0.5275772665120012, -0.3932763370204261, -0.09597247094785305, 0.20975803020443243, -0.45658245150858034, 0.1355647969110049, 0.025434673537717944, 0.372798774057001, 0.6659567944947267, -0.13077155503143362], [-0.4471032518266068, -0.7378152269883338, 0.5854288795163312, 0.4366980698811618, -0.21878687170348082, 0.29125577171242956, -0.24294074747480454, -0.4319190953719164, 0.6179195673365465, 0.1924921127722682, -0.3112727037813725, -0.030748642613141166]], "inverted": true, "swapped": false, "error_lsq": 0.04607684651766162, "error_max": 0.257574463331563, "target": "772.xyz", "model": "8.xyz", "model_rescale": 4.019505241142653, "target_rescale": 3.8600405847406463},
{"mapping": [7, 0, 8, 11, 4, 3, 9, 1, 5, 6, 2, 12], "R": [[0.3645688222966126, -0.8669910281852711, -0.3397294965932568], [-0.055135337882885826, -0.38429725383018, 0.9215615634427916], [-0.9295427200111896, -0.3172415132747116, -0.18790464052111658]], "T": [0.2101361533026106, 0.014866346787715895, -0.0381365847125472], "aligned_model": [[-0.2764242889930588, -0.2541958621280294, 0.08281395867399152, 0.4259385692634394, -0.5876773834542507, -0.5026614539593844, 0.581185258233711, 0.5256361088162108, -0.08811100392202648, 0.6068248462579219, 0.05460399420119125, 0.19910784505605642], [-0.6044301089206092, 0.03257325691137289, -0.6338599801782346, -0.3018393522272135, -0.2082315824045792, 0.4651457326320456, -0.5492786004054019, 0.08848591741005628, 0.14271939373638937, 0.4657013567565914, 0.5761809355182606, 0.00810887373230707], [-0.48458347518872136, -0.4928104489835018, 0.09999430554130002, 0.4521453152898124, -0.0018661311623238558, 0.12808270871332078, -0.14492189136447498, -0.6308804071711663, 0.5494235830450368, 0.371067169711417, -0.1416152887060192, -0.0008275782655983652]], "inverted": true, "swapped": false, "error_lsq": 0.05870012789809446, "error_max": 0.3828278621737782, "target": "772.xyz", "model": "9.xyz", "model_rescale": 3.877068213659057, "target_rescale": 3.8600405847406463},
{"mapping": [12, 3, 10, 8, 6, 13, 0, 1, 2, 7, 4, 15], "R": [[-0.5262450864402083, 0.010983395443988353, -0.8502620031625893], [-0.4844444458109857, -0.825648698337159, 0.2891674356787812], [-0.698841675861153, 0.5640776471007126, 0.43981441554466955]], "T": [-0.00872062174969676, -0.08721741102652511, 0.03582595221236781], "aligned_model": [[-0.10365122417886294, -0.28537464119816436, -0.32512865260335977, 0.660299152217145, -0.5623920101580574, -0.6325944505829548, 0.5143712375472335, 0.7076433329859421, 0.033932327452657035, 0.6142353489162686, 0.09905573550274194, 0.04664443214518367], [-0.5996080263511396, 0.1862385657525877, -0.6387306556806275, -0.2527360315098065, -0.2804855103677425, 0.30571012242886997, -0.5512882358894902, 0.13154093128804267, 0.3434734807502814, 0.4211718474443229, 0.5581686317231601, -0.14217927702747382], [-0.49956106085689655, -0.46561768870355136, 0.35035715645495136, 0.3827251654181134, -0.15496191574531842, 0.26826496596277394, -0.3446726836354864, -0.4022083868830194, 0.5388581973163429, 0.17637057110578017, -0.13723990919960202, -0.00910654977500621]], "inverted": false, "swapped": false, "error_lsq": 0.038678929489690046, "error_max": 0.20191394074699207, "target": "772.xyz", "model": "10.xyz", "model_rescale": 4.260839863003843, "target_rescale": 3.8600405847406463},
{"mapping": [4, 2, 10, 6, 9, 8, 5, 3, 7, 0, 1, 11], "R": [[0.009874760724441767, -0.27614080660831, 0.9610664618153875], [-0.45220815800798253, 0.8559849611697781, 0.25059434966136357], [-0.8918577638455938, -0.43707665366258835, -0.11642047883191023]], "T": [0.021154638384123313, -0.03943568612194039, -0.023288114479270226], "aligned_model": [[-0.14308411216716768, -0.2258701814726243, -0.1535386183456152, 0.6422597395065012, -0.6720559235978155, -0.6248993867963742, 0.4847525107344693, 0.48224015811775334, 0.0922762002852841, 0.7481962231576993, 0.09709601058852232, 0.03966796803513986], [-0.5922783898998125, 0.2102693832080479, -0.4946319252127423, -0.3514638020776482, -0.4153942616267683, 0.23282093063922762, -0.4924980399875648, 0.14891752852917345, 0.24305008377581286, 0.311764089916851, 0.6665824261578313, 0.01413781913857702], [-0.4743905821051347, -0.6123409498574699, 0.37118931454924603, 0.4458837547404436, -0.14096363197665124, 0.13196631617113916, -0.2141346981790313, -0.5290116372022367, 0.5638653088440195, 0.32037381354776356, -0.16124454333241472, 0.0020153962594077757]], "inverted": true, "swapped": false, "error_lsq": 0.04642343504914854, "error_max": 0.29637497759106757, "target": "772.xyz", "model": "11.xyz", "model_rescale": 3.890672605050136, "target_rescale": 3.8600405847406463},
{"mapping": [5, 9, 7, 3, 12, 10, 8, 6, 4, 1, 11, 13], "R": [[0.13667901922298314, -0.507162954306228, -0.8509433491623413], [-0.02630439123680528, 0.856843790528721, -0.5149046490701308], [0.9902660878298843, 0.0927602092049834, 0.1037719561458838]], "T": [0.16487237334863283, 0.06529080042903679, -0.07160775506139584], "aligned_model": [[-0.17499307579703113, -0.24090047638582388, -0.15063536819972598, 0.4980442910251437, -0.522091757761399, -0.6097148379728312, 0.608499473156163, 0.5232990862387126, 0.02474134902323996, 0.7644776190042707, -0.028252533572567406, 0.07456681928762109], [-0.5227374308997313, 0.0803407310135063, -0.6838164172230918, -0.48860447489120573, -0.20511305701890375, 0.40785032823476747, -0.4930135986317834, 0.19965356882607802, 0.1173597206249991, 0.5332808235669234, 0.5669539253638674, -0.03087827640444117], [-0.45066772059776894, -0.7356426261556643, 0.18579739593784428, 0.5881343561091007, 0.028862057273382494, 0.21511184037866887, -0.1749626782331008, -0.5023458215206451, 0.6130156212531176, 0.09196845963952187, -0.18907708426076797, 0.03301406163539232]], "inverted": false, "swapped": false, "error_lsq": 0.04263595691947686, "error_max": 0.21405441202807404, "target": "772.xyz", "model": "12.xyz", "model_rescale": 4.124412569039231, "target_rescale": 3.8600405847406463},
{"mapping": [8, 9, 1, 4, 6, 3, 2, 10, 0, 5, 7, 12], "R": [[-0.9469573122811993, 0.27404516798361345, -0.1678424696612887], [0.17350211758347012, 0.8756145387807827, 0.4507728859079361], [0.27049743790139535, 0.3977416565819459, -0.8767170071968665]], "T": [0.015919920538030125, 0.03716151162943603, -0.014868163846762102], "aligned_model": [[-0.14333112389536096, -0.3365976322220199, -0.1533825170793436, 0.648213969000731, -0.574894782476964, -0.5834042197629263, 0.48413933539443443, 0.6198100069400027, 0.00026192643970819607, 0.4960806014109952, 0.1909788179776132, 0.11916620631890253], [-0.4953396450348252, 0.21341101374884566, -0.6927244531140285, -0.22306909968800592, -0.2698003309374819, 0.3350904642144323, -0.663561728600314, 0.04100610596470051, 0.13037380490195213, 0.53544881353623, 0.5726737253164179, -0.0022328277469385108], [-0.46871587387352925, -0.518166047807263, 0.3036714129659945, 0.37341075775667104, -0.08063463473662003, 0.2317130394718476, -0.19418083434822792, -0.4390281041255755, 0.5576994644712565, 0.2931924866334163, -0.28992947689414433, -0.065824328054745]], "inverted": true, "swapped": false, "error_lsq": 0.0399372823949018, "error_max": 0.22125279138584403, "target": "772.xyz", "model": "13.xyz", "model_rescale": 3.9028299243045295, "target_rescale": 3.8600405847406463},
{"mapping": [6, 3, 11, 14, 2, 8, 9, 7, 13, 10, 4, 15], "R": [[-0.2966956909151027, 0.13709761649743166, 0.9450798434752129], [0.4025888225494496, -0.879445577895254, 0.25396400429732296], [0.8659641487675213, 0.4558286071224645, 0.20573374535582722]], "T": [-0.10966499844618058, -0.012636268306534047, -0.001967742532336985], "aligned_model": [[-0.051429828354210866, -0.17115646966869538, 0.0658856485857415, 0.5611267916240522, -0.8067147321576085, -0.7257470659247018, 0.4797447542604425, 0.6476001367007762, 0.14917111607382663, 0.5580964133344519, 0.07580845695715172, -0.015344633385453652], [-0.4594645259899932, 0.1251645557295926, -0.6522137274007511, -0.3025710472436046, -0.15034153443561296, 0.33431473378201904, -0.47955053468629266, 0.039211284062582764, 0.18997570627929036, 0.29771945476841705, 0.5971344397630107, -0.0581029620676736], [-0.49325323524422293, -0.6068802792680259, 0.3235769279557311, 0.49705815972128103, -0.19512233856601005, 0.30879751910216957, -0.19020341324602358, -0.4964263376051329, 0.7223275048425528, 0.11260373795183502, -0.23249443253551802, -0.04677595164955488]], "inverted": false, "swapped": false, "error_lsq": 0.0417612151398579, "error_max": 0.24775099413747356, "target": "772.xyz", "model": "14.xyz", "model_rescale": 3.942246331269136, "target_rescale": 3.8600405847406463},
{"mapping": [2, 0, 3, 10, 1, 12, 9, 6, 4, 11, 8, 14], "R": [[0.5014283275082176, 0.8005203306735775, 0.32823289376687725], [-0.577211971874708, 0.026911114422697294, 0.8161508019018544], [0.6445121968565244, -0.5987010874374581, 0.4755639136902443]], "T": [0.09928441396303894, -0.04996097183608592, 0.022716959898413113], "aligned_model": [[-0.10166037659189575, -0.2668663032292379, -0.3590301583607207, 0.6680737555640932, -0.6733843086274773, -0.6197757675758775, 0.6441135253815422, 0.5622685221589465, 0.19274577802298415, 0.530542752559837, 0.16599548085660346, 0.024017687886974642], [-0.43271647259215007, 0.06744499787059935, -0.3793979102550148, -0.29838322231291114, -0.2909914263555828, 0.26710422237067044, -0.540926519583801, 0.13391688337893978, -0.05720859205167806, 0.4798681930445481, 0.5805357406880857, -0.04797005164072093], [-0.6063834585001875, -0.6040740526768087, 0.4676517718669742, 0.37452029472091103, -0.016382923798131766, 0.24743539730531808, -0.3093619108658557, -0.231495626843438, 0.6014020403626236, 0.24045149112662562, -0.42097714118692436, -0.03957802005202517]], "inverted": false, "swapped": false, "error_lsq": 0.051956721199210555, "error_max": 0.3287930845270642, "target": "772.xyz", "model": "15.xyz", "model_rescale": 4.355366556412066, "target_rescale": 3.8600405847406463},
{"mapping": [0, 5, 1, 8, 9, 7, 2, 4, 10, 6, 3, 11], "R": [[-0.05703067301306175, -0.13314351328626875, -0.9894545503485578], [-0.5985545711277992, 0.7977627594152888, -0.0728491940389226], [0.7990493900364944, 0.5880879054698314, -0.1251906055677222]], "T": [0.01673922634089199, -0.06748094341728535, -0.00432355323530156], "aligned_model": [[-0.00939731328848939, -0.3542399693236471, -0.05734046351750145, 0.4874964757662544, -0.6857085221476618, -0.6166691211231565, 0.6392008151605213, 0.5344580821338221, 0.025490505245539363, 0.6682443712005511, 0.01583177694209714, 0.1196739509974434], [-0.480558512885928, 0.0838422922006301, -0.5774284265613587, -0.35437044503711895, -0.2926432979450105, 0.544381200591878, -0.6080470798515085, 0.11128639222116694, 0.09427903705641798, 0.39825851626443476, 0.5669123710673255, -0.004636204559944471], [-0.5810365333948654, -0.509532021754204, 0.16615526477537293, 0.5277649185310789, 0.07196917236095046, 0.15340945494982633, -0.14942773763300063, -0.5468538816059203, 0.6047683301648711, 0.18201958432625207, -0.17332446421488648, -0.042704225046394]], "inverted": false, "swapped": false, "error_lsq": 0.043451485431463654, "error_max": 0.2566605880864674, "target": "772.xyz", "model": "16.xyz", "model_rescale": 3.795458400668931, "target_rescale": 3.8600405847406463},
{"mapping": [11, 8, 4, 2, 7, 3, 10, 9, 0, 5, 6, 12], "R": [[0.11338868921979688, -0.958146581746482, 0.26286523742128437], [0.8404177303235028, 0.23361300680861005, 0.48900204662939006], [-0.5299443779444293, 0.16546930512143998, 0.8317324481753248]], "T": [0.008580859945088413, -0.06689162516358768, 0.047328261511502365], "aligned_model": [[-0.1267103456912779, -0.254890311681332, -0.028095192340752397, 0.46102786901264586, -0.6180368386362284, -0.5831403703359546, 0.6271020013814964, 0.5711330299750883, -0.14776472372489288, 0.6773088729835067, 0.06319949534152977, 0.12590710176194328], [-0.5212700763789353, 0.16784678362862174, -0.6824504072857558, -0.3680795477414385, -0.24441503637257259, 0.48083512247265847, -0.4336999655738014, 0.1549197425321508, 0.1891186919116821, 0.3271048451368377, 0.5991525695493558, -0.18778687931781857], [-0.6088553118668703, -0.5298784549031946, 0.23504624500075966, 0.5013385959754068, 0.131651317927501, 0.09469208978181656, -0.10027560718384641, -0.6101522721851976, 0.5582344794088984, 0.035235702091644824, -0.05648785662241419, 0.05265893403457724]], "inverted": true, "swapped": false, "error_lsq": 0.05058061323691824, "error_max": 0.23137551697514996, "target": "772.xyz", "model": "17.xyz", "model_rescale": 3.7474275329858107, "target_rescale": 3.8600405847406463},
{"mapping": [3, 1, 10, 5, 11, 7, 8, 0, 9, 6, 2, 13], "R": [[0.3537773186897087, -0.9208468324082792, 0.16395950727041986], [0.9230992653126777, 0.37200032851020365, 0.09748590650702049], [-0.15076257877840682, 0.11686259808826388, 0.9816383132336195]], "T": [0.041036567557375676, -0.06406271838581387, 0.03174799817948626], "aligned_model": [[-0.10366010602691356, -0.26665993796325393, -0.07301774926633489, 0.3274453363397455, -0.6272816357370498, -0.5658362259908548, 0.5118443465035616, 0.5804625074786486, 0.2292805619442591, 0.5537743907870674, 0.1086944494802641, 0.09199465049663332], [-0.5144129784540477, 0.11256067122369193, -0.7225336953819452, -0.441487145926322, -0.32176512300409377, 0.33446703664596666, -0.5545615816990752, 0.17846947742725697, 0.30311338460066883, 0.49012993233382485, 0.6017950364969493, 0.015500828298109573], [-0.4549107089442537, -0.5620915892032669, 0.20451071328634507, 0.5783198190142055, -0.061401943341277354, 0.23249343110779183, -0.20192988179818272, -0.5593020674790931, 0.5585022803917962, 0.1897645858478378, -0.20465966896749369, -0.016087108455327605]], "inverted": false, "swapped": false, "error_lsq": 0.04232820946261139, "error_max": 0.24631929478094092, "target": "772.xyz", "model": "18.xyz", "model_rescale": 3.922800546911778, "target_rescale": 3.8600405847406463},
{"mapping": [13, 8, 10, 9, 6, 1, 7, 12, 2, 0, 5, 14], "R": [[-0.17336203592671323, -0.9432603765572569, -0.2832056964759126], [0.7937601584940968, -0.3040472799866532, 0.5267827467942967], [-0.5830012137952814, -0.1334732690458259, 0.8014327614737553]], "T": [0.014448451091406675, -0.07951539922938083, -0.08684275929348236], "aligned_model": [[0.06599929105373546, -0.3638439120022604, -0.2815118018227133, 0.43795103182303896, -0.6636434767869593, -0.3987750918135695, 0.7063193216230454, 0.5492091277766163, 0.10192777230617102, 0.3858734801153533, 0.12736304630587403, 0.10017179946744058], [-0.5093117239991634, 0.08579743214599983, -0.6065887520266853, -0.43166347719724146, -0.1270338128455495, 0.41681307485996744, -0.4663247112262444, 0.09988645633523718, -0.061889520667067766, 0.5873773848927586, 0.6177800884321263, -0.12356659614315295], [-0.6201638416948357, -0.5384589789194861, 0.4472001759929272, 0.5126407527501536, 0.03020897980814355, 0.2749408408503662, -0.1863629769427656, -0.6349851107476112, 0.6239073089812219, 0.2533632047595599, -0.3759154443748802, -0.08316704900371215]], "inverted": true, "swapped": false, "error_lsq": 0.04849889700481619, "error_max": 0.2476000770092112, "target": "772.xyz", "model": "19.xyz", "model_rescale": 3.9282355846067225, "target_rescale": 3.8600405847406463},
{"mapping": [10, 11, 7, 5, 9, 8, 2, 1, 6, 3, 4, 13], "R": [[-0.03837892008262711, -0.6818628170421405, -0.7304725574781354], [-0.9299235717379801, 0.2919318058753776, -0.22364697951105594], [0.3657447323193721, 0.670700320153269, -0.6452843337064162]], "T": [-0.016133264156810503, -0.055364810816625615, 0.029944016321848125], "aligned_model": [[-0.002679672555360349, -0.2952672520220744, -0.07915514921928662, 0.5859473798618023, -0.6814242461683463, -0.5964833715020833, 0.5046109331475516, 0.6549169546742794, 0.12485901936728504, 0.5485248175520265, -0.0859268964948758, 0.08911807140485438], [-0.5318976386291021, 0.21787323180189364, -0.5840644657255164, -0.15262798248173562, -0.13474403197300666, 0.3692431108853417, -0.6731590895742361, -0.07295191910240056, 0.1097065446240292, 0.44129916907005384, 0.5632303920854225, -0.07063147841975859], [-0.687669956425012, -0.5707125912422321, 0.3533674126338873, 0.370133560229899, -0.1418456042625093, 0.2779832165714297, -0.13090349055369271, -0.3030471152950515, 0.646155569002184, 0.05894765377609423, -0.0788524393715473, -0.09034835360436803]], "inverted": false, "swapped": false, "error_lsq": 0.043469199978397655, "error_max": 0.26241173287107383, "target": "772.xyz", "model": "20.xyz", "model_rescale": 4.067790424073018, "target_rescale": 3.8600405847406463},
{"mapping": [3, 12, 6, 4, 11, 10, 2, 0, 5, 7, 9, 14], "R": [[0.24771886274782068, -0.18690242977279342, 0.9506328664547385], [-0.5507282720853216, -0.8344316866876239, -0.02054581654652779], [0.7970782492107301, -0.5184508096210032, -0.30963692066432263]], "T": [0.07742834541745641, -0.020433420353779916, 0.08976217934699339], "aligned_model": [[-0.07364031729677473, -0.2635553326859427, -0.08040059028953817, 0.5796343089154876, -0.5139045525102024, -0.5624444931701886, 0.5056942441618039, 0.60884649628859, 0.15465742877108712, 0.5052801999043368, -0.11142731533571051, 0.01830051129282432], [-0.5390194110487553, 0.18878374991343505, -0.7206087079819847, -0.4590765002985773, -0.1953854129511095, 0.4904283110648714, -0.5857257697446697, -9.66186574845318e-06, 0.011863374161323555, 0.576392447952274, 0.6851153017467692, 0.02851812161315604], [-0.5674986867111229, -0.5636688987554674, 0.26976633580936477, 0.5345699056511071, -0.10453001837038566, 0.11925562545618808, -0.1355261053722897, -0.38101977499587103, 0.6741068606835254, -0.04216822178045122, -0.17591514300600186, 0.07583598285048546]], "inverted": true, "swapped": false, "error_lsq": 0.04364831941657477, "error_max": 0.22215809649226348, "target": "772.xyz", "model": "21.xyz", "model_rescale": 4.186013935880536, "target_rescale": 3.8600405847406463},
{"mapping": [7, 4, 0, 2, 6, 3, 1, 9, 5, 8, 11, 12], "R": [[-0.05205022394688319, 0.9324207588145623, -0.3576063516197041], [0.5743571275485588, 0.32089040359912857, 0.7530891307887515], [0.8169483852859054, -0.16619529899989502, -0.5522449260691198]], "T": [0.10753775396511916, -0.03191181598491503, -0.09969452961434024], "aligned_model": [[-0.08512853115889774, -0.40447758260812844, -0.03302852896121378, 0.5308330242159163, -0.41287921640552866, -0.668679085710661, 0.4109817545667666, 0.6226101814881306, -0.058999228688017935, 0.7156988812616685, 0.08102269160892192, 0.06908622843681614], [-0.5000704912198644, 0.19779795546628468, -0.6211756651829524, -0.11302845587386337, -0.22795391775400142, 0.32023485448278804, -0.6951021559141848, 0.036892454769349485, 0.10127267501953646, 0.39061889743769845, 0.5984071269718731, -0.006617435641679235], [-0.6307603421645567, -0.5608776437697561, 0.29374882989113954, 0.5035802069538529, -0.07547634839877301, 0.2550149219355774, -0.15647082269263934, -0.439425492244858, 0.6439896109181374, 0.09848712988921694, -0.13069388976811758, -0.09790829909014198]], "inverted": false, "swapped": false, "error_lsq": 0.04669143091422017, "error_max": 0.2706814214489507, "target": "772.xyz", "model": "22.xyz", "model_rescale": 4.166573947596378, "target_rescale": 3.8600405847406463},
{"mapping": [2, 3, 0, 5, 4, 8, 6, 12, 7, 14, 9, 15], "R": [[-0.37217946987587913, -0.8929509585387037, -0.25322130212073457], [-0.31145270497208494, 0.37715269159104214, -0.8722115911814083], [0.8743452720570297, -0.24575278812343715, -0.4184804802629101]], "T": [0.11393506349569457, 0.036804588460684386, -0.0751609995857386], "aligned_model": [[-0.02058150699179584, -0.31129446841336583, -0.30101847057502074, 0.47738164704909314, -0.5480116362492604, -0.5908477913776876, 0.5609516922265585, 0.6389383777726063, 0.06516852596094092, 0.7031061390917372, -0.029799601948696908, 0.12304768150066367], [-0.45821524945295194, 0.09306568778901944, -0.4462640934240166, -0.43201149492523566, -0.2811267211976687, 0.3073971169970431, -0.5391488168034426, 0.1269409211497183, -0.021205875633284153, 0.5550674180329602, 0.6043393687070425, -0.027562418678199717], [-0.510672068934536, -0.49639868297936973, 0.4359299668599773, 0.5072306573457409, -0.09965104654936585, 0.21490787361166455, -0.29324685554529695, -0.4567737833821507, 0.6359270811206459, 0.026124963829664394, -0.2081789887541249, -0.051991255163767985]], "inverted": true, "swapped": false, "error_lsq": 0.0387109386187649, "error_max": 0.2358344597320018, "target": "772.xyz", "model": "23.xyz", "model_rescale": 4.274766983524099, "target_rescale": 3.8600405847406463},
{"mapping": [2, 4, 5, 8, 10, 9, 3, 7, 6, 1, 11], "R": [[-0.05043177653867792, -0.896682521771903, -0.43979209981982836], [-0.7264036152118645, 0.3351416247283363, -0.6000148991330005], [0.6854155117315968, 0.2892067539377876, -0.6682552130395105]], "T": [-0.037931987015239435, 0.15294164074744437, 0.0007783493439588035], "aligned_model": [[0.36477079562489395, 0.20577508504980724, -0.4570909853804538, -0.4470177583399287, -0.5046364456230259, -0.5581768234941271, 0.06152152276810384, 0.04055426643684948, 0.49931947823611383, 0.08370752105715397, 0.09116804762268808], [-0.17659140869799678, 0.5620794894328978, 0.5399115823113871, -0.20956396671099548, 0.4687687908263365, -0.19285985209023, -0.6696584747180034, 0.019534433904093707, -0.29337606438839775, 0.7347501130208614, 0.13259188835353022], [-0.5569302702203729, -0.42338007591837196, -0.4887283218469083, -0.29960479896838377, 0.37593325567933816, 0.4398115120593748, -0.060986964528842794, 0.7408626810779255, 0.3770776220674249, 0.2573373311724257, 0.01817446344796826]], "inverted": false, "swapped": true, "error_lsq": 0.04982441937601148, "error_max": 0.2867930063334163, "target": "772.xyz", "model": "24.xyz", "model_rescale": 3.7841303162186577, "target_rescale": 3.8600405847406463},
{"mapping": [6, 11, 8, 2, 7, 10, 4, 3, 9, 12, 13, 15], "R": [[-0.424330818974985, -0.6433194555271057, 0.6372467608456922], [-0.10609950028939608, 0.7342212862250653, 0.6705684147738776], [-0.899269843876886, 0.2169312817329927, -0.3798085924506211]], "T": [-0.02533016664710018, -0.11305963507179556, 0.06259704811028007], "aligned_model": [[0.021411185635092173, -0.3045544390849119, -0.004654989685038677, 0.5563589574750301, -0.6062149954825757, -0.6665435204623881, 0.49391199313034884, 0.4861907358979608, 0.08699705193408468, 0.5349727545252867, 0.1807835713602035, -0.011617717197319943], [-0.38414495588706704, 0.26279584514184895, -0.5303158714006144, -0.2976015758070857, -0.21682292409711246, 0.2606009711204566, -0.5909753964746103, 0.01086908609607673, 0.15883077291700193, 0.37392292991051596, 0.5629147209595895, -0.12879775991801531], [-0.6055005847760685, -0.5458386780248896, 0.48084046281176623, 0.5057393084679481, -0.2105541107371392, 0.2960028996782898, -0.17965993810636788, -0.5473127205951679, 0.5681649570360975, 0.2177760555728695, -0.2729261169076532, -0.003523672960603602]], "inverted": false, "swapped": false, "error_lsq": 0.039204698132571485, "error_max": 0.20810132540969006, "target": "772.xyz", "model": "25.xyz", "model_rescale": 4.19342608120988, "target_rescale": 3.8600405847406463},
{"mapping": [0, 5, 1, 8, 9, 7, 2, 4, 10, 6, 3, 11], "R": [[-0.05703067301306175, -0.13314351328626875, -0.9894545503485578], [-0.5985545711277992, 0.7977627594152888, -0.0728491940389226], [0.7990493900364944, 0.5880879054698314, -0.1251906055677222]], "T": [0.01673922634089199, -0.06748094341728535, -0.00432355323530156], "aligned_model": [[-0.00939731328848939, -0.3542399693236471, -0.05734046351750145, 0.4874964757662544, -0.6857085221476618, -0.6166691211231565, 0.6392008151605213, 0.5344580821338221, 0.025490505245539363, 0.6682443712005511, 0.01583177694209714, 0.1196739509974434], [-0.480558512885928, 0.0838422922006301, -0.5774284265613587, -0.35437044503711895, -0.2926432979450105, 0.544381200591878, -0.6080470798515085, 0.11128639222116694, 0.09427903705641798, 0.39825851626443476, 0.5669123710673255, -0.004636204559944471], [-0.5810365333948654, -0.509532021754204, 0.16615526477537293, 0.5277649185310789, 0.07196917236095046, 0.15340945494982633, -0.14942773763300063, -0.5468538816059203, 0.6047683301648711, 0.18201958432625207, -0.17332446421488648, -0.042704225046394]], "inverted": false, "swapped": false, "error_lsq": 0.043451485431463654, "error_max": 0.2566605880864674, "target": "772.xyz", "model": "26.xyz", "model_rescale": 3.795458400668931, "target_rescale": 3.8600405847406463},
{"mapping": [0, 6, 9, 4, 1, 8, 3, 7, 11, 10, 5, 12], "R": [[-0.6194724326236144, 0.3272883877467915, -0.7135378171235827], [-0.7298065468452776, 0.09474872716503069, 0.6770561888664619], [0.2891994284246654, 0.9401622146984596, 0.18016298357913152]], "T": [-0.03848918263178977, -0.14453328992561215, 0.06834837021965715], "aligned_model": [[0.03132524385011484, -0.4533311041205905, -0.06540214378011813, 0.6129535421396305, -0.5910679955270502, -0.5055130642301158, 0.5158337269158549, 0.5246816131617079, 0.036540640199155816, 0.554013022993743, 0.060382772995135836, 0.04662433344830405], [-0.5578680749404672, 0.2921453019232156, -0.5208614239508353, -0.2288284569202809, -0.25203610859077946, 0.40336590818262225, -0.5638896103608384, 0.08330203257565408, 0.13567727797869805, 0.2406022712611645, 0.5327972390726001, -0.08313051366976892], [-0.6496721680970684, -0.49592545273536026, 0.2733535364441462, 0.585436258107503, -0.11455316085523007, 0.1799139242018728, -0.18053503081287153, -0.47122351490361214, 0.7221275034550603, 0.15944263100186679, -0.24519294884011758, -0.05996371550710802]], "inverted": false, "swapped": false, "error_lsq": 0.043197152905228846, "error_max": 0.25239043518921045, "target": "772.xyz", "model": "27.xyz", "model_rescale": 3.6321398670334006, "target_rescale": 3.8600405847406463},
{"mapping": [0, 3, 13, 9, 1, 4, 10, 8, 6, 12, 7, 14], "R": [[0.23704719145650782, 0.9414235526193654, -0.23985479690036393], [0.668638534755435, 0.021013847612730896, 0.7432906080723837], [0.7047915570313585, -0.33657111103308035, -0.6244907912493758]], "T": [0.05657815316704148, -0.14445231053146879, -0.09372323315184698], "aligned_model": [[0.054224375189818506, -0.24519314916166815, -0.1582206872960309, 0.495985718601569, -0.6107704381610527, -0.49205233151892697, 0.6603184690576877, 0.42848622937582925, 0.02502368390554611, 0.5500600692187763, 0.05040109674440673, 0.008777552089817564], [-0.49397964561404356, 0.12282065165026645, -0.5430364012333644, -0.38045079359704126, -0.1440034819887537, 0.3790654898982946, -0.5671305352583986, 0.10891213695371577, 0.10737573508166298, 0.4474913440640653, 0.6122142482033177, -0.16800290559873693], [-0.6106727432388126, -0.6496542763035027, 0.5855922404604599, 0.35102148986336673, -0.04998706560538445, 0.24004458474774154, -0.34174013238768575, -0.3477320034645446, 0.6407795837611056, 0.20558937796559473, -0.26196397396769106, -0.05806922037156621]], "inverted": false, "swapped": false, "error_lsq": 0.03642316791979724, "error_max": 0.21227279158962795, "target": "772.xyz", "model": "28.xyz", "model_rescale": 4.156811204709835, "target_rescale": 3.8600405847406463},
{"mapping": [10, 7, 9, 3, 0, 1, 8, 4, 2, 11], "R": [[0.689188058274324, -0.6555884108328632, 0.3085833046580906], [-0.40273085060973013, 0.007451837144211659, 0.9152881142516489], [-0.6023517928081814, -0.7550816549915758, -0.2588899611726045]], "T": [-0.20398329160460224, 0.057255119883370995, -0.01190036991633877], "aligned_model": [[-0.6560351949280779, 0.0062418754442563895, -0.07438760392498486, 0.5776608932608712, -0.06491264871975827, -0.6603953117628526, -0.06948093703676769, -0.5052137892299358, 0.2197883033334639, -0.13034021232562637], [-0.1737158601816024, -0.5947302448064743, -0.04131071286516934, 0.28233066033184323, -0.4723979192393419, -0.3651049465541725, 0.5744784046188357, 0.2341001355087332, 0.4782567234522961, -0.003185909638743656], [-0.45978710473698264, -0.33190483280136024, -0.7578716928537848, -0.1814594272610202, 0.5917684904316952, 0.16815468173181522, -0.33342907761182283, 0.5216568563221954, 0.4624157180200832, 0.07924311573428111]], "inverted": false, "swapped": true, "error_lsq": 0.05489683793387947, "error_max": 0.38527582580723635, "target": "772.xyz", "model": "29.xyz", "model_rescale": 4.117894457231895, "target_rescale": 3.8600405847406463},
