[{"mapping": [3, 2, 0, 5, 12, 4, 9, 6, 7, 8, 11, 0, 1, 13], "R": [[0.5826197900542202, -0.7429628485148401, 0.3294850314716763], [0.1501650426364263, -0.3000141996133662, -0.942041368518576], [0.798751926574939, 0.5983290781476915, -0.06322716216751256]], "T": [0.06128730821918394, 0.0893935622804315, 0.13369709229409416], "aligned_model": [[-0.03718710365281435, 0.21875990492565162, 0.764397653353763, -0.4409944531191382, 0.5060764933127805, -0.37245006947459824, 0.48461130318869095, -0.5464828837048218, -0.10727787859780477, -0.5954965581554328, -0.30856849595525193, 0.764397653353763, 0.39366922515489466, 0.02146383493887119], [0.29823594244378127, -0.1959015957370709, 0.0472112965727815, 0.6287958465419351, 0.11242654136681035, -0.638966069754967, -0.4969525469609365, 0.036079064211599066, -0.63396090356678, -0.3050758841841782, 0.004123473127792973, 0.0472112965727815, 0.5611150308580855, -0.05198432097794334], [-0.33522502944031846, -0.5627706381198814, -0.18137263586957614, 0.30445852939844276, 0.5034968633483589, -0.3076285926865793, 0.2509071909408963, -0.3270840295978287, 0.27419113845875537, 0.2873458485487876, 0.7193570079940361, -0.18137263586957614, 0.14042247704558108, 0.20416869903519785]], "inverted": false, "swapped": false, "error_lsq": 0.05999799576355435, "error_max": 0.4832396889378678, "target": "773.xyz", "model": "0.xyz", "model_rescale": 3.8414455957264533, "target_rescale": 3.9957255703308543},
{"mapping": [10, 8, 6, 3, 2, 13, 7, 11, 0, 1, 4, 9, 5, 14], "R": [[-0.6139466391660082, 0.444455754840297, -0.6523255370182174], [-0.4762974640757447, 0.4504144855841672, 0.7551605901336252], [0.6294523413029603, 0.7743293053767838, -0.06483731073178162]], "T": [0.08057516043301005, -0.06383046295301073, 0.02762221098558517], "aligned_model": [[-0.017115722804723565, 0.279083384940557, 0.6969287730364253, -0.33217623933201335, 0.5970356962946775, -0.015959372503439873, 0.360214261143984, -0.6648668575371173, -0.25873588997300345, -0.7348823765588408, 0.02063085590228917, 0.61193533505654, 0.19985726583915678, 0.002969512064061222], [0.5167028179531077, -0.09623773285559922, 0.3957579751553464, 0.4227871336050836, 0.164427058800185, -0.6846719178411806, -0.5307110096002237, -0.2973544888029107, -0.6010082672547618, 0.0934143222934268, -0.05218158949927837, -0.4596420190426377, 0.5597319780975244, -0.01865709049439039], [-0.3214034349245677, -0.7364763763451948, -0.10990547921345334, 0.48173285692123574, 0.5027766556443714, -0.3967408087067674, 0.3693524125351104, -0.3130361652881443, 0.37665714784017074, 0.2701113324832886, 0.5680740765108862, -0.1351637124949214, 0.20443976221698432, 0.02847592600729747]], "inverted": true, "swapped": false, "error_lsq": 0.039700372105793136, "error_max": 0.28009220474815044, "target": "773.xyz", "model": "1.xyz", "model_rescale": 4.316132596720782, "target_rescale": 3.9957255703308543},
{"mapping": [4, 12, 2, 8, 6, 10, 5, 9, 1, 3, 7, 13], "R": [[-0.12179986445135271, 0.7025300853971468, -0.7011535296434797], [-0.834647750056025, -0.45478927453480733, -0.3106925314430955], [-0.5371479557310512, 0.5473739077449541, 0.6417584271156641]], "T": [0.07816682651495968, 0.020330682338730588, -0.08359511009480915], "aligned_model": [[-0.2564284289583936, 0.3633396631249215, 0.2891595094896109, -0.5010230295092645, -0.6218197726880377, -0.42496565709799594, -0.06603762375950648, -0.16319155414323863, 0.48332060270508836, 0.33568952064028124, 0.1873068640661678, -0.027541539237852353], [-0.731582214910037, -0.5239361821656874, -0.6520918138126931, 0.40272237316009946, -0.18647688064859694, -0.07451976160691791, 0.5239824401928902, 0.5873811189731352, 0.06450518826440527, 0.05628170367726619, 0.6448183979758593, -0.0983079413587428], [0.07800379427657196, 0.25280188841004453, -0.499656672120819, -0.0963863698315257, -0.3678387496296661, 0.3405043158348511, -0.6346641010285563, 0.5030844153408276, -0.6392748136464115, 0.6784719793191369, -0.07658163792031668, -0.08920558779471582]], "inverted": false, "swapped": true, "error_lsq": 0.046750193496752024, "error_max": 0.2919135099897627, "target": "773.xyz", "model": "2.xyz", "model_rescale": 3.795458400668931, "target_rescale": 3.9957255703308543},
{"mapping": [3, 10, 8, 11, 0, 1, 6, 12, 4, 2, 7, 13], "R": [[-0.6688322558759393, -0.7248654719543092, 0.16502563760930944], [0.21887083053258563, 0.020144715006619962, 0.9755458728318616], [-0.710463913961771, 0.6885958451993149, 0.14517847268917872]], "T": [-0.03804455188564688, 0.10412115023734916, -0.019298976307226774], "aligned_model": [[0.019715025997758935, -0.26114138852112573, -0.6718700020727554, 0.12133955550288006, 0.31054222404521753, 0.18319886686036596, -0.22601420757714805, 0.5492832052852158, 0.39812690634109743, 0.6676512309284606, -0.5016723342675485, 0.004144743221146538], [-0.09463057230844032, -0.5135928591963351, -0.10338748603093903, 0.1905497483477162, 0.3798083588149901, 0.6968695916606802, -0.3381138338254911, -0.14139641182564386, -0.5850328508711136, 0.13442858475971536, 0.4855767348727634, -0.025309959108193253], [-0.797449505858228, -0.12252896172667685, 0.17319355712049797, 0.7508404907723847, -0.266914414398668, 0.2537972285838031, 0.5992805910878779, -0.3116688439680472, 0.17630883977612366, 0.3940435820217374, -0.222981474142449, 0.06285034137074472]], "inverted": true, "swapped": true, "error_lsq": 0.04981543740473599, "error_max": 0.32352399169037155, "target": "773.xyz", "model": "3.xyz", "model_rescale": 3.7530521520055578, "target_rescale": 3.9957255703308543},
{"mapping": [2, 5, 6, 8, 4, 7, 12, 0, 3, 10, 13], "R": [[-0.03925946398090263, 0.5361375840778366, -0.8432171638594135], [0.9680687992924857, 0.22950341212537842, 0.10085129478204008], [0.24759138580398446, -0.8123328595852746, -0.528028248215636]], "T": [-0.16309485486137154, 0.02072806449233995, -0.037136705439365716], "aligned_model": [[-0.4283531081382193, -0.17334318152951805, 0.4638785447172924, 0.37789002527588533, 0.23725535873469544, -0.29946035758523354, -0.33653427317770745, -0.6320991459205175, -0.2427336745047901, 0.42720628587184584, -0.055506871298528035], [-0.7452165659254326, 0.3104176546422328, -0.2873108353657093, 0.36151279845558404, -0.6447500163332605, 0.6153621113437546, -0.3741957248532953, -0.04280410715337664, 0.31292404509423816, 0.05724072868770495, -0.09597673027809438], [-0.1500261699503378, -0.740067685405802, -0.39148321125475044, -0.3074125560378194, 0.27956477283726694, -0.20964886026411667, 0.5148296666556129, 0.14948649955537685, 0.7089436052635701, 0.2665253015017626, -0.027880585655447085]], "inverted": true, "swapped": true, "error_lsq": 0.055494695932515097, "error_max": 0.2512662526847039, "target": "773.xyz", "model": "4.xyz", "model_rescale": 3.7855080009869324, "target_rescale": 3.9957255703308543},
{"mapping": [6, 4, 7, 13, 10, 0, 3, 1, 2, 12, 14, 5, 8, 16], "R": [[0.011700167467090739, 0.7789984883545875, -0.6269166302009461], [0.011216984175094369, 0.6268178460266705, 0.7790850833949403], [0.9998686340451219, -0.01614753986690065, -0.001404139946422689]], "T": [0.02423050075586413, 0.023083062687860388, 0.13848746512516386], "aligned_model": [[-0.024109624484751686, 0.10267410283598188, 0.5838233957102884, -0.36054452847975565, 0.7041360852433138, 0.069339649390522, 0.3344058095917779, -0.44317459224948247, -0.19500981945989876, -0.6517648896607703, -0.3189110930004487, 0.6446329398591, 0.29169830580647965, 0.007722884466196886], [0.4910359228759347, -0.04913961067380277, 0.26307707575069994, 0.6162898815688399, 0.09557237740360028, -0.6026800232728482, -0.5731114439483528, -0.35458925641197586, -0.637715108481294, 0.023593242129096935, -0.12157872765424413, -0.3808235531875399, 0.6421443691353768, 0.00028202528020054157], [-0.3140171436916797, -0.5933808772770325, -0.29812235781338253, 0.2963528691414813, 0.39035641817239086, -0.3250420466417792, 0.3138727365837104, -0.32194715282594627, 0.3856010959711419, 0.21655945025781428, 0.7033097483101174, -0.1887181335832644, 0.33981790515975063, 0.18425168142297416]], "inverted": false, "swapped": false, "error_lsq": 0.04464302256445267, "error_max": 0.24073724452650894, "target": "773.xyz", "model": "5.xyz", "model_rescale": 4.2253639853439635, "target_rescale": 3.9957255703308543},
{"mapping": [9, 8, 10, 0, 4, 11, 2, 12, 6, 7, 3, 5, 1, 13], "R": [[-0.9737109613860242, -0.021389408496325993, -0.22678063603597645], [0.2151003585824563, 0.24127936465400457, -0.946317126511963], [0.07495865136462523, -0.9702199551629194, -0.23033549268243353]], "T": [0.0860155938193097, -0.0062838570051159046, 0.0236496935714307], "aligned_model": [[-0.15842955883933305, 0.36389639210725155, 0.859806235872128, -0.42257132337023307, 0.3922106572786084, -0.16572298169192975, 0.5222840867588332, -0.7679459563406809, -0.11377884221250714, -0.6024366088518287, -0.10712005969578098, 0.45810673570300353, 0.41217204981397493, 0.07444779903704671], [0.41977163058934847, 0.1327052401144766, 0.011890473770479061, 0.5421748307395434, 0.27211945186736697, -0.5721157528554534, -0.3580709002920918, -0.25474575318689047, -0.5778704032927728, -0.16769937898684428, -0.1866157895520915, -0.4757245896852933, 0.650834570355379, -0.02429645907146451], [-0.33873092996923143, -0.6466705048587135, -0.07345957664251784, 0.31277780501624164, 0.5977990582218975, -0.44753577315178367, 0.3925498023826328, -0.2598289149039436, 0.24064962803406037, 0.3833298430480672, 0.6818202536419293, -0.1810814644946339, 0.046521523286970005, 0.08075344357532094]], "inverted": false, "swapped": false, "error_lsq": 0.048554497243044566, "error_max": 0.27148357398754286, "target": "773.xyz", "model": "6.xyz", "model_rescale": 3.89814844738969, "target_rescale": 3.9957255703308543},
{"mapping": [10, 8, 6, 3, 4, 5, 7, 12, 0, 1, 11, 2, 13], "R": [[0.662523925572442, -0.04970237412450629, 0.7473899397573324], [0.4366585160164803, -0.7850846556914848, -0.4392851281207547], [0.6085978873068544, 0.617391089508239, -0.49843440306770875]], "T": [-0.16808438708868229, 0.008722988750080193, -0.06206483769584513], "aligned_model": [[0.26702712871139667, -0.09044570521272094, 0.4099196342896399, -0.2866349628403716, 0.6349360685590915, -0.5131320869949303, -0.7134392084970727, 0.0970356729584923, -0.4080397179745986, -0.5145856576407604, 0.10697672440497691, 0.1695526849359748, -0.010538773794894957], [-0.2555110889132872, 0.24204280772757064, 0.4586836913085193, -0.7841177603716146, -0.14195226891704338, 0.6379421010599837, 0.05030787677255044, -0.46444459529465665, -0.1928914676926044, 0.419990004486117, 0.7106462336403075, 0.2530011142490996, 0.030084617415543413], [-0.4896832971625082, -0.7112042741847348, -0.33953874856344457, -0.13760271040737865, 0.12739837896251555, -0.3133862313944894, -0.38269618274040257, 0.3812597593101933, 0.3386877451294861, 0.3688379512803519, 0.1780041903766556, 0.6422834809591924, -0.06008503072914111]], "inverted": false, "swapped": true, "error_lsq": 0.04963633270189925, "error_max": 0.28265388038247424, "target": "773.xyz", "model": "7.xyz", "model_rescale": 3.7474275329858107, "target_rescale": 3.9957255703308543},
{"mapping": [11, 9, 13, 10, 1, 8, 2, 5, 3, 6, 0, 4, 12, 14], "R": [[-0.9131599717361948, -0.3523686798401018, 0.2048784505176079], [0.2715263482739878, -0.9007558732522543, -0.33898716641572435], [0.3039939279192023, -0.2539196137940366, 0.9182115886433487]], "T": [0.05288979987551459, 0.027986477610467735, 0.06190022827689849], "aligned_model": [[-0.015005056059232413, -0.17884115660337407, 0.8619351600199238, -0.39608722561501253, 0.4109555749213136, 0.12692857604577842, 0.5243345800002617, -0.48596406881180254, -0.28443530069829737, -0.7166839346471007, -0.21718195064077508, 0.6486757954905216, 0.35638142345567325, 0.1099062087106753], [0.4816995534641984, -0.0016168689438915765, 0.29367357448136416, 0.6138237667418779, -0.0542737641730437, -0.5536454169485143, -0.611631240721799, -0.3553529500870078, -0.5518505738490348, -0.06867673495714963, 0.014524125258226182, -0.3654498190609579, 0.5599392263784262, 0.011194292930996858], [-0.35764081730364267, -0.6631962106679914, -0.2261410890331132, 0.23647875196495532, 0.717509847953442, -0.2865720298893195, 0.3397823787263295, -0.21325219383704747, 0.315149724351876, 0.3175378406635884, 0.6628105812158144, -0.2582134604901309, 0.13647721061225407, 0.06816365891928174]], "inverted": true, "swapped": false, "error_lsq": 0.04987317977194282, "error_max": 0.3930459257453915, "target": "773.xyz", "model": "8.xyz", "model_rescale": 4.019505241142653, "target_rescale": 3.9957255703308543},
{"mapping": [10, 8, 6, 4, 12, 2, 11, 3, 0, 7, 5, 1, 13], "R": [[0.7915029129900164, 0.4993395674804845, -0.35239627562833464], [0.2389953331527111, -0.7835662794953926, -0.5735024990084814], [-0.5624983284059991, 0.36970783327669854, -0.7395348190276816]], "T": [-0.03711970442424876, -0.11020900451602333, 0.1162101985524269], "aligned_model": [[-0.37591674460644886, -0.6203270049020736, -0.11976543784773941, 0.3191698013606586, 0.40230347768807306, 0.7492544130852457, 0.335753621220458, -0.22400315312563535, 0.2713335256644374, -0.4710363926207975, -0.2930998717778663, 0.34171566213533155, 0.00431887546753211], [-0.44512817741249683, 0.13254447660278146, 0.20774663401664883, -0.45229752499758086, -0.6544622201143513, 0.012034851802112057, 0.495450465998577, -0.8490302895747067, -0.2715802789357207, 0.0731746544494282, 0.5940595386615465, 0.34687442950808167, -0.12600833189026073], [-0.34751918271127724, -0.17151867196686807, -0.5948586788854278, -0.5616352323170528, 0.07867872544147236, -0.07470689313533019, -0.2303876719137071, 0.3761608631763188, 0.48721626204525104, 0.5405124315176599, 0.24511722880850684, 0.4661236187844825, -0.03647930480014905]], "inverted": false, "swapped": true, "error_lsq": 0.04781195021614924, "error_max": 0.288219025045679, "target": "773.xyz", "model": "9.xyz", "model_rescale": 3.877068213659057, "target_rescale": 3.9957255703308543},
{"mapping": [6, 12, 5, 13, 4, 11, 8, 10, 9, 14, 2, 0, 3, 15], "R": [[-0.002669718054680803, -0.5795140030154443, -0.814957908676592], [0.4598342103765781, -0.7243998428042567, 0.5136120780438458], [-0.8880007722816786, -0.3733743269885923, 0.26841430731791915]], "T": [0.0960237441293538, -0.013085321409344965, 0.11659425368519644], "aligned_model": [[-0.20166773780504613, 0.2715485454938734, 0.7862134108995197, -0.39612580809900466, 0.44599774814992943, 0.03584515001883645, 0.2787929613413111, -0.4712521580833615, -0.2967539685576913, -0.6636144857429696, -0.11329698905045324, 0.6026639947709419, 0.3151621780940317, 0.15140578413863556], [0.36201815211327054, 0.05355504571668889, 0.22157050886814741, 0.5039661377206747, 0.33823764306814424, -0.5692685911349088, -0.7340366336526779, -0.24328540327324227, -0.4836933197784246, -0.05846716103023079, -0.07031903179214713, -0.423570816830311, 0.5728949174474666, -0.057244276928758435], [-0.2719694358945393, -0.6065553306255349, -0.16548783976101616, 0.41338559927434154, 0.5772253977533391, -0.36475175860945896, 0.32189294930317286, -0.24175857878370305, 0.3613371477332864, 0.29098403259340255, 0.7437022914317959, -0.3401150084418412, 0.009978827235512869, 0.06102589997753828]], "inverted": false, "swapped": false, "error_lsq": 0.04012647768251336, "error_max": 0.22935201333625954, "target": "773.xyz", "model": "10.xyz", "model_rescale": 4.260839863003843, "target_rescale": 3.9957255703308543},
{"mapping": [12, 2, 11, 4, 8, 10, 3, 0, 1, 5, 7, 13], "R": [[0.16587101287035086, -0.779585341378783, 0.603931703586333], [0.9413005020033092, -0.057419867461046964, -0.33265045280154704], [0.2940070951825524, 0.6236582832995023, 0.7242997816196244]], "T": [0.009363202989905778, 0.09855175781232048, -0.006970607560373092], "aligned_model": [[0.3506987066694579, 0.18431142359619457, -0.28632477201287415, -0.2802043947639364, -0.5773330376335726, -0.43232107031706396, 0.36136113292249006, 0.5109156129397836, 0.33848605230370865, -0.2185997108527358, 0.1006801353337753, -0.09277142909109692], [-0.028428791568206185, -0.671460441590303, -0.5969308258464912, -0.24737815525101794, 0.3851938998318005, 0.3939808252078072, 0.6739448152406161, 0.028822322903885617, -0.32121829456243256, 0.026732870623653704, 0.5050570017202691, 0.024763278823351914], [-0.6053675670676579, -0.22203218449289772, 0.22725277359327717, -0.7140238569747335, 0.22855373197378367, -0.40651521671962837, -0.4467170680113754, -0.05608851151852939, 0.4293230498115351, 0.7148410069157577, 0.4709000319572115, -0.10394811207123836]], "inverted": true, "swapped": true, "error_lsq": 0.04227019538854654, "error_max": 0.1942501710377805, "target": "773.xyz", "model": "11.xyz", "model_rescale": 3.890672605050136, "target_rescale": 3.9957255703308543},
{"mapping": [12, 10, 9, 7, 6, 2, 6, 4, 0, 3, 8, 11, 5, 13], "R": [[0.9076866492046696, -0.3450295215295027, 0.23887146361322015], [0.368449942852088, 0.3827721343972867, -0.8471895494759359], [0.200872064926641, 0.8569948205223111, 0.4745632635698211]], "T": [0.12748273109647917, -0.13515807090350856, 0.10399136734792072], "aligned_model": [[-0.01595695989195306, 0.09761056916607572, 0.765084490949606, -0.4032950293361624, 0.5366695434468343, 0.014964953476099399, 0.5366695434468343, -0.44648811077854794, -0.24346461107136608, -0.7377812916487456, -0.0699083573648964, 0.47271052384562423, 0.23781105679209838, 0.00029230453705247905], [0.4339466888212395, -0.03616153777632053, 0.29515616676664286, 0.5317129496535509, -0.30881236951410945, -0.5464402645351663, -0.30881236951410945, -0.30748289160474646, -0.501857625892902, -0.11566797991918734, 0.06234389884054531, -0.36550152211391257, 0.6231024558981446, -0.043168428595978026], [-0.35500424728565394, -0.7841796999656704, -0.014811278716692161, 0.12684265281935317, 0.4706910825293932, -0.4649997051546192, 0.4706910825293932, -0.25921473484847735, 0.38080185388412147, 0.4264839460194455, 0.7682358825540194, -0.2572866827648501, 0.2375608843746014, 0.04308315721193219]], "inverted": true, "swapped": false, "error_lsq": 0.0559463113713499, "error_max": 0.5161824132326642, "target": "773.xyz", "model": "12.xyz", "model_rescale": 4.124412569039231, "target_rescale": 3.9957255703308543},
{"mapping": [11, 2, 0, 6, 1, 5, 4, 8, 12, 10, 7, 3, 13], "R": [[-0.708988579654859, 0.28446470240846966, -0.6453022756837656], [0.1809979665068297, 0.9577853955743856, 0.22335369292852641], [0.6815973371715724, 0.04155681782907229, -0.7305464399013544]], "T": [0.2185457988216127, 0.11097087743110534, -0.05746443510223587], "aligned_model": [[-0.20650395722041218, -0.12226618877295184, 0.5270313215957473, -0.47038568929566305, 0.47907516356427593, 0.37842889226062054, -0.5072473523564419, 0.04263593388154058, 0.10958861493970969, -0.16405492395825547, 0.7139784281448027, 0.5258836995742382, 0.06113436515254694], [-0.2227442016870732, 0.4190793906993916, 0.4455192794431678, -0.26142888326071584, -0.03472431731115963, -0.6050415999943971, 0.5310754963298079, -0.433443332617771, 0.8008535041152344, 0.1664378073431282, -0.24078722645308587, 0.649328745407582, 0.1333607144943681], [0.5204239155943251, 0.6198047005877977, 0.17000783014864485, -0.07285523448846093, 0.5636460724645681, 0.14228685535830732, -0.07079135565241446, -0.4505506828518392, -0.003583078209068835, -0.5983334880823008, -0.23845722425144472, -0.5713427119747682, -0.05855751767550686]], "inverted": false, "swapped": true, "error_lsq": 0.0423763639674057, "error_max": 0.2446079651598748, "target": "773.xyz", "model": "13.xyz", "model_rescale": 3.9028299243045295, "target_rescale": 3.9957255703308543},
{"mapping": [3, 6, 7, 0, 10, 1, 14, 2, 12, 8, 5, 9, 4, 15], "R": [[-0.456829284354545, 0.1919455055689527, 0.8685988302133464], [-0.2635549019882591, -0.9618072872094026, 0.07392939813666388], [0.8496151002625093, -0.19515036552046056, 0.48996991361016984]], "T": [-0.0012097297659194872, -0.0919144681570096, 0.0768783587700146], "aligned_model": [[-0.001569928442551799, 0.17863304978109992, 0.8001266021582047, -0.49584629599752994, 0.5992003011034508, -0.13052404526354783, 0.6317433551339406, -0.6430457409589485, -0.27216496200790574, -0.6927199988359707, -0.12661395375163315, 0.6640829814035172, 0.13032795014373263, 0.10328931110269474], [0.40567837003345675, -0.10986041725076509, 0.2817929785011908, 0.5733301933028216, 0.07968278951500729, -0.5375520575300335, -0.6260539011064683, -0.08183395852728811, -0.6473247033521983, -0.04116935993331263, 0.001466029577499292, -0.31390779373606337, 0.5237931454163525, -0.09568414439650796], [-0.29874203854171416, -0.5647935042605874, -0.12017692100641884, 0.07766384621414173, 0.48359051501796796, -0.3779663427358797, 0.38851293847376633, -0.28380805297460815, 0.39678931782269034, 0.417092469764333, 0.5643777914922989, -0.2531974330215604, 0.3278071280143758, 0.03174447892749017]], "inverted": false, "swapped": false, "error_lsq": 0.03914970397720025, "error_max": 0.2333926118046876, "target": "773.xyz", "model": "14.xyz", "model_rescale": 3.942246331269136, "target_rescale": 3.9957255703308543},
{"mapping": [8, 0, 7, 11, 9, 1, 5, 12, 3, 13, 4, 2, 6, 14], "R": [[0.103243779555833, 0.6733978829943951, -0.732035527253762], [-0.1713432592944504, 0.7370072182211393, 0.6538056651515742], [0.9797868183831528, 0.057927985193727105, 0.19147359884332368]], "T": [0.03354126917344692, -0.02053867512538042, 0.18472258833342634], "aligned_model": [[-0.04209102524983303, 0.25936643212840305, 0.6858228274820658, -0.3028910296294526, 0.7656173363782124, -0.056551781804179954, 0.38834279702013663, -0.5749890286653574, -0.22131053226768715, -0.7704785119133313, -0.32531993108817026, 0.6384270647230799, 0.25243367818911644, 0.04854033026555048], [0.5455233347982732, -0.056190855266919096, 0.3664898817191621, 0.5826031613112957, 0.1306886498797828, -0.7236553047913306, -0.5466985364305603, -0.38457584105270803, -0.6719413651231723, 0.09569890191953874, -0.09741881942907867, -0.26318062445056656, 0.4933489710835046, -0.05833438365353053], [-0.3374789850549108, -0.5141689631220053, -0.20988756486381396, 0.3774510452839768, 0.4836493923007985, -0.20789896358821272, 0.17756476896698903, -0.22177965839906535, 0.3498680553208553, 0.15356390079348578, 0.6418572066694682, -0.2126260965888315, 0.2129181498215294, 0.09586190564603315]], "inverted": false, "swapped": false, "error_lsq": 0.04951817259630391, "error_max": 0.29596423456708726, "target": "773.xyz", "model": "15.xyz", "model_rescale": 4.355366556412066, "target_rescale": 3.9957255703308543},
{"mapping": [4, 12, 2, 8, 6, 10, 5, 9, 1, 3, 7, 13], "R": [[-0.12179986445135271, 0.7025300853971468, -0.7011535296434797], [-0.834647750056025, -0.45478927453480733, -0.3106925314430955], [-0.5371479557310512, 0.5473739077449541, 0.6417584271156641]], "T": [0.07816682651495968, 0.020330682338730588, -0.08359511009480915], "aligned_model": [[-0.2564284289583936, 0.3633396631249215, 0.2891595094896109, -0.5010230295092645, -0.6218197726880377, -0.42496565709799594, -0.06603762375950648, -0.16319155414323863, 0.48332060270508836, 0.33568952064028124, 0.1873068640661678, -0.027541539237852353], [-0.731582214910037, -0.5239361821656874, -0.6520918138126931, 0.40272237316009946, -0.18647688064859694, -0.07451976160691791, 0.5239824401928902, 0.5873811189731352, 0.06450518826440527, 0.05628170367726619, 0.6448183979758593, -0.0983079413587428], [0.07800379427657196, 0.25280188841004453, -0.499656672120819, -0.0963863698315257, -0.3678387496296661, 0.3405043158348511, -0.6346641010285563, 0.5030844153408276, -0.6392748136464115, 0.6784719793191369, -0.07658163792031668, -0.08920558779471582]], "inverted": false, "swapped": true, "error_lsq": 0.046750193496752024, "error_max": 0.2919135099897627, "target": "773.xyz", "model": "16.xyz", "model_rescale": 3.795458400668931, "target_rescale": 3.9957255703308543},
{"mapping": [10, 8, 6, 3, 4, 5, 7, 12, 0, 1, 11, 2, 13], "R": [[0.662523925572442, -0.04970237412450629, 0.7473899397573324], [0.4366585160164803, -0.7850846556914848, -0.4392851281207547], [0.6085978873068544, 0.617391089508239, -0.49843440306770875]], "T": [-0.16808438708868229, 0.008722988750080193, -0.06206483769584513], "aligned_model": [[0.26702712871139667, -0.09044570521272094, 0.4099196342896399, -0.2866349628403716, 0.6349360685590915, -0.5131320869949303, -0.7134392084970727, 0.0970356729584923, -0.4080397179745986, -0.5145856576407604, 0.10697672440497691, 0.1695526849359748, -0.010538773794894957], [-0.2555110889132872, 0.24204280772757064, 0.4586836913085193, -0.7841177603716146, -0.14195226891704338, 0.6379421010599837, 0.05030787677255044, -0.46444459529465665, -0.1928914676926044, 0.419990004486117, 0.7106462336403075, 0.2530011142490996, 0.030084617415543413], [-0.4896832971625082, -0.7112042741847348, -0.33953874856344457, -0.13760271040737865, 0.12739837896251555, -0.3133862313944894, -0.38269618274040257, 0.3812597593101933, 0.3386877451294861, 0.3688379512803519, 0.1780041903766556, 0.6422834809591924, -0.06008503072914111]], "inverted": false, "swapped": true, "error_lsq": 0.04963633270189925, "error_max": 0.28265388038247424, "target": "773.xyz", "model": "17.xyz", "model_rescale": 3.7474275329858107, "target_rescale": 3.9957255703308543},
{"mapping": [1, 3, 0, 7, 6, 10, 4, 11, 5, 12, 9, 8, 2, 13], "R": [[0.5061660792770594, -0.7847427266804947, -0.35773559106042574], [0.6659980493606861, 0.619202409069295, -0.4159747286200726], [0.5479438825619384, -0.027698908369174685, 0.8360563808967102]], "T": [0.010658033448375133, -0.023770528652039092, 0.019451305128784055], "aligned_model": [[0.08437446253132452, 0.07808982008165977, 0.806343912064409, -0.5492156697506639, 0.4387110048122775, -0.2676680601397412, 0.6018172392967102, -0.5405938736248429, -0.08466523828854133, -0.603298033258156, -0.05255968587637027, 0.4600046031967923, 0.2839508215043195, 0.08962732301937587], [0.5014109750591726, -0.11546053229198035, 0.21201941743353325, 0.4537097329705119, 0.14664302287525804, -0.5830112720357046, -0.4359555903345957, 0.07872206572815173, -0.6813102733663847, -0.25276990387057935, -0.034037244622270826, -0.5060715315967703, 0.587874472319762, 0.040593832245587214], [-0.4246980988475871, -0.6496040578219848, -0.08267349439054085, 0.1806137023042781, 0.6381020035222469, -0.27418749855887764, 0.4315921673192718, -0.4359092825941899, 0.30541440529497155, 0.3798041289241074, 0.68550106330203, -0.2674770030468597, 0.2540449294933367, 0.048371228286093575]], "inverted": false, "swapped": false, "error_lsq": 0.049889689858239786, "error_max": 0.3294029900492963, "target": "773.xyz", "model": "18.xyz", "model_rescale": 3.922800546911778, "target_rescale": 3.9957255703308543},
{"mapping": [13, 4, 11, 12, 9, 6, 2, 8, 1, 5, 3, 10, 7, 14], "R": [[-0.9973120031879804, 0.012519434203044346, 0.07219440466139712], [-0.0702873841302537, -0.4418053845711739, -0.8943532220526985], [0.020699080397546036, -0.8970235592954919, 0.4414977713868363]], "T": [-0.041377663338490855, -0.08205106882910154, 0.06528554483738708], "aligned_model": [[-0.048656073564078035, 0.24439728438311487, 0.5162367155766854, -0.45155536798595447, 0.6671458639375121, -0.02611992362596312, 0.4107655655065609, -0.5077498896421029, -0.24473297845560618, -0.7379495358628816, -0.025413831437314554, 0.6567222736975615, 0.2854417711641534, 0.00638675187686534], [0.4508132998142276, -0.11653119022817982, 0.266615776834606, 0.5504392260332633, -0.02465534217452564, -0.5981954121337225, -0.46769451191390865, -0.1264611556684406, -0.7819643621555608, -0.10046701970036116, 0.17224789001332377, -0.40644004230947195, 0.6031929950182122, -0.008542980915770104], [-0.36809227669380257, -0.5988010004074202, -0.2081029112663177, 0.289616376605047, 0.4620768347785199, -0.392021780892934, 0.4652537913308463, -0.328307321893139, 0.19471128251878608, 0.3767051963481524, 0.6519936828308828, -0.17560637918232225, 0.3139633469268493, 0.10550535218314788]], "inverted": true, "swapped": false, "error_lsq": 0.04102728126051428, "error_max": 0.26038397459599905, "target": "773.xyz", "model": "19.xyz", "model_rescale": 3.9282355846067225, "target_rescale": 3.9957255703308543},
{"mapping": [7, 5, 2, 9, 10, 3, 0, 6, 4, 8, 11, 1, 12, 13], "R": [[0.22623053879286145, -0.9718219848561233, 0.0661949625560489], [0.8547451705688959, 0.23064840744878415, 0.46498602724220534], [-0.467151406619568, -0.04861421491338462, 0.8828398616973038]], "T": [-0.04372170501749392, -0.0027881058129377925, 0.009629351526417328], "aligned_model": [[-0.010701909112111573, 0.16228338651541496, 0.6844376293713043, -0.30113933531006254, 0.6459444455508722, 0.027753103860401154, 0.3185787905240953, -0.41931936298104944, -0.33422604349189255, -0.763010654424284, 0.015649390087921447, 0.5753400819444255, 0.041948544546508454, 0.10138055848700955], [0.5243119413898484, -0.1839536390193615, 0.2081516036256939, 0.38690909484979086, 0.2662927121983562, -0.7100350040572965, -0.6028819456976344, -0.11166307877728943, -0.4983801213035776, -0.006932518825839236, -0.18259015871198261, -0.39934082136223115, 0.7884389772264113, -0.065969871021197], [-0.32078404060049126, -0.632578639773241, -0.31286814161777066, 0.5198225312612862, 0.45029982152645026, -0.23745008056204894, 0.3954048334580681, -0.5137411612571822, 0.2729991076665058, 0.2570718907759176, 0.7006499490235016, -0.1353163073275435, 0.3086521878989091, 0.036732242713934854]], "inverted": false, "swapped": false, "error_lsq": 0.05062684703241061, "error_max": 0.3408863244680865, "target": "773.xyz", "model": "20.xyz", "model_rescale": 4.067790424073018, "target_rescale": 3.9957255703308543},
{"mapping": [12, 9, 10, 3, 13, 7, 5, 0, 8, 2, 6, 1, 11, 14], "R": [[0.019377817581141932, -0.5986370507758443, -0.8007859774148093], [-0.4760172987070104, 0.6988094393202546, -0.5339221842633929], [0.8792224016239992, 0.39153422450063136, -0.2714201899771207]], "T": [0.00695918430888582, -0.08697681035167554, 0.1539691342839427], "aligned_model": [[-0.04245036383232063, 0.3327691704273985, 0.6944617783181924, -0.534821448282598, 0.6647214759840693, -0.042938820541017934, 0.30877456867233166, -0.5953719602957867, -0.050410892798996486, -0.6839923163156456, -0.14183035646067788, 0.5859604689880858, 0.18823130225595885, 0.06181601944955961], [0.48262162936382563, -0.009756284848425723, 0.22146738727146503, 0.5668423442505075, 0.042265776040909725, -0.5194331045326848, -0.492196405380989, -0.22375022906539047, -0.650324100369672, -0.10569820974784153, 0.14564426725931098, -0.5222550912971811, 0.526347022036062, -0.049417830466205084], [-0.35606045399877234, -0.5474114634341198, -0.1677282106487753, 0.20630722629041606, 0.3558815573538564, -0.4519646079222605, 0.45920785139517445, -0.1966706433990047, 0.08676495430182847, 0.4295729523422009, 0.8404864388757916, -0.2315116457243222, 0.24887197860037422, 0.11314825915390891]], "inverted": true, "swapped": false, "error_lsq": 0.04462462917266158, "error_max": 0.29612836589325264, "target": "773.xyz", "model": "21.xyz", "model_rescale": 4.186013935880536, "target_rescale": 3.9957255703308543},
{"mapping": [1, 5, 11, 12, 3, 2, 0, 7, 6, 8, 9, 10, 13], "R": [[-0.9128757815407902, -0.26581103983404275, -0.3098423769897147], [-0.07162846654176866, 0.8514923452889729, -0.519451777064204], [0.4019044292579596, -0.45200141262680765, -0.796346377354857]], "T": [0.0038712508430379282, -0.09785904368237877, 0.026898209613835516], "aligned_model": [[-0.01565419331040836, -0.38835266205492297, 0.4037686747779211, 0.44722992502690867, -0.17908488515162216, 0.6930804361283335, 0.022021922282762705, -0.6240429427867337, 0.3470393591464083, -0.286586213413286, -0.602778710446773, 0.10610744776533627, 0.13582587745930083], [-0.38885247158685743, 0.22016906611705098, 0.18674136335763783, -0.5227809352109234, -0.4724425102982126, -0.34320637676058896, -0.6046051335450122, -0.10133789322993841, 0.59624118596638, 0.5303103109081078, 0.13026858239444483, 0.3023954644208984, -0.013943992986893361], [-0.5974594476797279, -0.5415695317450732, -0.5936440159082718, 0.36392547745197523, 0.7157893051671597, -0.3399430831336757, -0.014436231759450552, -0.06060782797443612, -0.09144693998505346, 0.08061630961185162, 0.5781935404975864, 0.5478044532306344, 0.05565755356182717]], "inverted": true, "swapped": true, "error_lsq": 0.039702756916345165, "error_max": 0.265151993038897, "target": "773.xyz", "model": "22.xyz", "model_rescale": 4.166573947596378, "target_rescale": 3.9957255703308543},
{"mapping": [7, 10, 13, 0, 6, 9, 12, 8, 3, 4, 2, 14, 5, 15], "R": [[-0.4177976087105378, -0.8557338002095924, -0.3052291292367193], [0.8422070219233169, -0.490796359246997, 0.2231731748507217], [-0.34078217438536085, -0.1638248971577343, 0.9257585606908767]], "T": [0.043284114493423, -0.16367626295668972, 0.11102389036083873], "aligned_model": [[-0.0289918134835958, 0.2735253129296468, 0.6375031405946141, -0.4198823874731488, 0.4524744587961647, -0.05460581138385651, 0.5837079485607719, -0.6473164319045491, -0.36500591941813065, -0.639354112047411, -0.11537847436594337, 0.666022852518322, 0.3552208537902016, 0.04699900845546671], [0.41322729035321026, 0.057582200995594385, 0.28116499509682824, 0.5084173303188868, 0.07012191286289635, -0.639460304767997, -0.47709571370106185, -0.16404955466436283, -0.550497123411945, -0.023449797544051548, -0.18758338665706262, -0.37885762757553365, 0.606870519472863, -0.10403357026457288], [-0.3053270770496961, -0.5664529843560817, -0.296202266766205, 0.13388775206415301, 0.7085264485810538, -0.24181640531346646, 0.3087400573686473, -0.3098678845520354, 0.32338095320835203, 0.343822308370191, 0.764525131003816, -0.32700716756105574, 0.1071369936934383, 0.1455483344951846]], "inverted": true, "swapped": false, "error_lsq": 0.04108343921305284, "error_max": 0.2258307499551388, "target": "773.xyz", "model": "23.xyz", "model_rescale": 4.274766983524099, "target_rescale": 3.9957255703308543},
{"mapping": [3, 7, 9, 10, 8, 6, 4, 11, 2, 1, 13], "R": [[-0.23272735321929652, -0.7460940450781652, 0.6238442553734401], [0.6098524433672099, 0.3877148060315738, 0.6911998455605608], [-0.7575737431977067, 0.5413140540229859, 0.36477543576098315]], "T": [0.0726989040524765, 0.16385513438669913, -0.014164851563334642], "aligned_model": [[0.21166783478608572, -0.038431742285634146, -0.41381538892053904, -0.4142177119844247, -0.5962278998434682, -0.47703184814577926, -0.0030014852200201114, 0.04843642582620494, 0.5467163376121513, 0.5007879919225456, 0.015012190210952424], [0.01987258772133746, 0.754921510400129, 0.41253014178768566, -0.20488540834089314, 0.3462822937541361, -0.12956524564166688, -0.6618497035800315, 0.09192863900619505, -0.24436666397376544, 0.5020965426445325, 0.028621837465824362], [-0.7941092888402509, -0.2147543880828781, -0.666435895373871, -0.2767326466815264, 0.01907929695821913, 0.46043564828902117, 0.11201822000600387, 0.773379373496837, 0.5135088970917636, 0.4068023500811937, 0.04637486707706508]], "inverted": true, "swapped": true, "error_lsq": 0.06167692182078725, "error_max": 0.2841667793957344, "target": "773.xyz", "model": "24.xyz", "model_rescale": 3.7841303162186577, "target_rescale": 3.9957255703308543},
{"mapping": [7, 6, 1, 10, 8, 3, 2, 13, 12, 14, 9, 4, 0, 15], "R": [[0.10637039090939862, 0.8323446014493431, 0.5439557007476953], [-0.3594469684830254, -0.47787487914742727, 0.8015194799430612], [0.9270831768434508, -0.28078116802586006, 0.2483520060234849]], "T": [0.03595968026853129, 0.012830141320129267, 0.0500017513637943], "aligned_model": [[-0.0330981293937949, 0.2270812189514489, 0.7546984263966513, -0.44609092741266293, 0.4941791831701047, -0.03812530952356126, 0.40399129642784765, -0.6086916921820674, -0.2838072236646356, -0.6315246607893571, -0.13850060909857803, 0.5889604859837312, 0.40954410637663147, 0.046302460326794824], [0.5768478723542767, -0.02830561583486369, 0.2023986415601689, 0.5710926309354522, 0.12202464074008801, -0.5633148471046888, -0.47274943239025374, -0.3676388060143, -0.6273449248760815, -0.1260002763664867, -0.11441617515959093, -0.4043531266890854, 0.6466706384113109, -0.002554049052254776], [-0.26610041266548495, -0.6455605098161727, 0.027312715815237573, 0.2974392376101021, 0.4071701039594893, -0.5081830336614008, 0.4944769869277414, -0.1773041776896105, 0.3011927508000993, 0.4555750886013869, 0.5936125412699651, -0.22722121418892965, 0.053295710725812837, -0.016811594501939822]], "inverted": true, "swapped": false, "error_lsq": 0.039682209702486856, "error_max": 0.23460592023713428, "target": "773.xyz", "model": "25.xyz", "model_rescale": 4.19342608120988, "target_rescale": 3.9957255703308543},
{"mapping": [4, 12, 2, 8, 6, 10, 5, 9, 1, 3, 7, 13], "R": [[-0.12179986445135271, 0.7025300853971468, -0.7011535296434797], [-0.834647750056025, -0.45478927453480733, -0.3106925314430955], [-0.5371479557310512, 0.5473739077449541, 0.6417584271156641]], "T": [0.07816682651495968, 0.020330682338730588, -0.08359511009480915], "aligned_model": [[-0.2564284289583936, 0.3633396631249215, 0.2891595094896109, -0.5010230295092645, -0.6218197726880377, -0.42496565709799594, -0.06603762375950648, -0.16319155414323863, 0.48332060270508836, 0.33568952064028124, 0.1873068640661678, -0.027541539237852353], [-0.731582214910037, -0.5239361821656874, -0.6520918138126931, 0.40272237316009946, -0.18647688064859694, -0.07451976160691791, 0.5239824401928902, 0.5873811189731352, 0.06450518826440527, 0.05628170367726619, 0.6448183979758593, -0.0983079413587428], [0.07800379427657196, 0.25280188841004453, -0.499656672120819, -0.0963863698315257, -0.3678387496296661, 0.3405043158348511, -0.6346641010285563, 0.5030844153408276, -0.6392748136464115, 0.6784719793191369, -0.07658163792031668, -0.08920558779471582]], "inverted": false, "swapped": true, "error_lsq": 0.046750193496752024, "error_max": 0.2919135099897627, "target": "773.xyz", "model": "26.xyz", "model_rescale": 3.795458400668931, "target_rescale": 3.9957255703308543},
{"mapping": [7, 8, 9, 3, 12, 11, 5, 1, 6, 10, 2, 4, 13], "R": [[0.5992433264184617, 0.19335195536132516, -0.7768670781420006], [-0.5886945251266169, -0.5512028006762651, -0.5912818520913596], [-0.5425368114965878, 0.8116590995514026, -0.2164793622646792]], "T": [-0.1450003427609245, -0.10789320504485916, -0.16640856218091019], "aligned_model": [[0.010228718608138843, 0.3303308881090374, 0.617493139490982, 0.2555854810355382, -0.26657629720475456, -0.6176835820517563, -0.27655833634434673, -0.7729283811099505, 0.005449221375545432, 0.43085589479551617, -0.8036553352682128, -0.08694366942669757, -0.12592135918778288], [-0.6942570292619745, -0.40919069179335293, -0.39481583259810543, 0.11144149939261577, 0.49048234920304506, -0.09527099460049177, -0.7609783025114303, -0.39171588214982217, 0.049150603153382294, 0.18452532814729922, 0.3418526066070332, 0.6803000993150119, 0.010357750353704454], [-0.35087278019150436, 0.23995083083828297, -0.4119121802558857, -0.8295676289931841, -0.5097435160092414, 0.4679408920712811, 0.200073905651683, -0.1607544583428917, 0.58608544094888, -0.008673908505245936, 0.01711106821780542, 0.11434387961074335, -0.061844882941296406]], "inverted": true, "swapped": true, "error_lsq": 0.060302216403447025, "error_max": 0.4309820815646873, "target": "773.xyz", "model": "27.xyz", "model_rescale": 3.6321398670334006, "target_rescale": 3.9957255703308543},
