[{"mapping": [2, 4, 0, 9, 12, 7, 3, 6, 1, 5, 11, 13], "R": [[0.03846611998969027, -0.6840705666155922, -0.7284008631949593], [0.7028888800836206, -0.49959686135431175, 0.5063103775153285], [-0.7102588118902381, -0.5314606627165773, 0.4616080416512736]], "T": [-0.13284115297999155, -0.09056029944855294, 0.11571517648144997], "aligned_model": [[-0.1542360545335173, 0.49995404345673033, -0.4041236028748785, 0.309157534142975, -0.15981971392020716, 0.6118568973232255, -0.4475166014411237, -0.061576469028953515, -0.6504368245173762, -0.41401674934841637, 0.24590554043843016, 0.02900980495164268], [-0.14243582817250106, 0.26078606777907887, -0.6934935181057267, -0.6485783334580304, -0.5921427984155775, -0.12346949884344756, 0.15709663575059513, 0.5797128109959037, -0.3025488134693008, 0.4654955363259915, 0.1060024049200655, -0.10038971861296977], [-0.651167756642524, -0.5084083659471603, -0.28214133131923386, -0.057478951785065346, 0.40347716485586305, -0.00972915756853271, -0.2202099794406434, -0.24511939284932416, 0.2578408397235645, 0.5448345677346664, 0.667961395408468, 0.13144769665152395]], "inverted": true, "swapped": false, "error_lsq": 0.0452239805235038, "error_max": 0.25902245935480755, "target": "774.xyz", "model": "0.xyz", "model_rescale": 3.8414455957264533, "target_rescale": 4.021697722475801},
{"mapping": [0, 1, 7, 4, 2, 3, 13, 11, 9, 8, 10, 14], "R": [[-0.2460149651099522, -0.42794966107598653, -0.8696756432871382], [0.14873755045734322, 0.8699563384224374, -0.47016285510722255], [0.9577858727429103, -0.24502052327014198, -0.15037009393668516]], "T": [-0.0644638181109419, -0.11596254510403156, 0.11527458282859829], "aligned_model": [[-0.12861586313872128, 0.5856034612471159, -0.40717209420869105, 0.20803482130793063, 0.03416834627233348, 0.705086427653242, -0.6505447136116037, 0.01179507320333148, -0.7049341862132655, -0.5214790136169194, 0.2622437029711179, 0.009971842782659932], [-0.20841439745173843, 0.1868860862734195, -0.572825826571382, -0.5106171182497489, -0.798169483471334, -0.21316241248473886, 0.2595462231839891, 0.596628051636931, -0.3194791923698421, 0.37297617711549336, 0.24105057605027239, -0.0683837369672397], [-0.6008640487389204, -0.3686604644138589, -0.1793132337492688, -0.14125902950753547, 0.3788464269451748, 0.007008766129545346, -0.18530710242066292, -0.3458811664165462, 0.23312347701941843, 0.5352489088195361, 0.5992013617967266, 0.0991628333579937]], "inverted": false, "swapped": false, "error_lsq": 0.04478102597042111, "error_max": 0.2647998263618422, "target": "774.xyz", "model": "1.xyz", "model_rescale": 4.316132596720782, "target_rescale": 4.021697722475801},
{"mapping": [2, 8, 0, 1, 9, 10, 4, 6, 5, 3, 7, 11], "R": [[0.8845337902737708, 0.4644039434463343, -0.043919826677837545], [-0.37649633191339427, 0.6551544324095145, -0.6549986120213741], [-0.2754096692559586, 0.5959040585578027, 0.7543526145475089]], "T": [-0.02251768067652233, -0.1295411778307673, 0.027364925871419643], "aligned_model": [[-0.12414366379263567, 0.5140868167271289, -0.5246687917528039, 0.22999795537294293, 0.13607496664046156, 0.5518806484206268, -0.6205988012496416, 0.04372381998755726, -0.5183860747298449, -0.28779972526298153, 0.08120112343019817, -0.0772104691424774], [-0.22135664810859818, 0.004876271647242636, -0.5694518025569842, -0.5500835108004688, -0.7050691708377168, 0.10565453372332645, 0.22389043501556544, 0.6514705014114284, -0.3092541734802476, 0.34660459178673475, 0.014733876576905669, -0.025979957683106278], [-0.7984482979984491, -0.5027517390759229, -0.2139584308189154, -0.20496514780769337, 0.4673278864878745, 0.13684248241273134, -0.30687271322924364, -0.22108785329711117, 0.39827954797557336, 0.39332619668364077, 0.9042276506636711, -0.020612853174553233]], "inverted": false, "swapped": false, "error_lsq": 0.04980079008343336, "error_max": 0.33574074544065374, "target": "774.xyz", "model": "2.xyz", "model_rescale": 3.795458400668931, "target_rescale": 4.021697722475801},
{"mapping": [7, 0, 9, 4, 5, 10, 8, 1, 3, 6, 2, 11], "R": [[-0.5096720617759262, 0.3984493600878306, -0.7625434393466872], [-0.5079087877938934, -0.8547223611336795, -0.1071370554934461], [-0.6944516201484552, 0.33269774995281565, 0.6380040395244527]], "T": [0.016465975267253935, -0.048793263540845136, -0.0020538826325643455], "aligned_model": [[-0.16231569042299504, 0.6143308003701338, -0.585928537289569, 0.4143427405830744, -0.0851243200607302, 0.5791788130505489, -0.719874509534685, -0.02537211921635321, -0.6572703867306172, -0.3581688955799882, 0.30158619328532543, 0.08877371619438598], [-0.15069035743391357, 0.173961114548006, -0.6358214370046819, -0.5105781002216795, -0.6508354097685716, -0.2975057058885964, 0.199288705768702, 0.5564524059979399, -0.278513180093817, 0.20869865142768224, 0.41338728133120156, -0.061809021968190186], [-0.7375512618835982, -0.45498443152796936, -0.21901797553369967, -0.20055722657686942, 0.34586749010833195, 0.3985795141473978, -0.08464301010390668, -0.16997081243471346, 0.35902519457454596, 0.37297001512865124, 0.5390754148870613, -0.11748618196362928]], "inverted": false, "swapped": false, "error_lsq": 0.05168115425244937, "error_max": 0.2872955776244168, "target": "774.xyz", "model": "3.xyz", "model_rescale": 3.7530521520055578, "target_rescale": 4.021697722475801},
{"mapping": [9, 4, 8, 2, 6, 3, 7, 5, 1, 0, 11], "R": [[0.789656493539393, 0.26395884421592286, 0.5538667265428254], [-0.5367680570751243, 0.7344720987155868, 0.41524786466894364], [-0.2971913106314967, -0.6252011394491499, 0.7216653380318454]], "T": [-0.18449525788050739, -0.11318120089365145, 0.05840823767184454], "aligned_model": [[-0.22798739765280995, -0.2851990768304825, 0.24294276616088287, 0.5608687085384082, 0.26314217822956687, -0.18785298501147885, -0.12031686406382873, -0.7342050355499138, -0.41976673228342654, 0.3754422367391207, -0.1288681958308328], [-0.7773371461504809, 0.19744634500972214, -0.33255052042294453, 0.22377691609503675, -0.5389538493212057, 0.5260832863045796, -0.5341886594027037, 0.17771313088939056, 0.4063213605295637, 0.19774815331160467, -0.07885565852821619], [-0.18752655430880538, -0.6913480945102074, -0.5484736947624858, -0.20083544856763125, 0.09887103896704404, -0.11328002354190798, 0.6630717839544014, 0.030249711048063385, 0.6338075088799803, 0.4029242899964869, 0.005370260090378394]], "inverted": true, "swapped": true, "error_lsq": 0.05054373878972454, "error_max": 0.2639749245347465, "target": "774.xyz", "model": "4.xyz", "model_rescale": 3.7855080009869324, "target_rescale": 4.021697722475801},
{"mapping": [12, 13, 1, 6, 7, 8, 2, 14, 0, 3, 10, 16], "R": [[0.24724763514436077, 0.7365771164633751, 0.6295417050664878], [0.9682233489828044, -0.16261334943187056, -0.19000117123605065], [-0.03757862956580177, 0.6565143182665919, -0.7533769285761998]], "T": [-0.008841150289219293, -0.08738076481424409, 0.019903566373965842], "aligned_model": [[-0.11309236777123767, 0.5246101932093769, -0.5625132473901777, 0.323142984640709, 0.2198353939088501, 0.6782075596440208, -0.621835904031993, -0.07702598579512605, -0.7068651563558784, -0.4805974506597155, 0.24318234673259442, -0.02289056148289161], [-0.0142426856759785, -0.0773780264814255, -0.44591890402583334, -0.6388251962478639, -0.56659708864731, -0.038898190875353386, 0.30973161284513384, 0.4943504389758653, -0.38767562160133273, 0.2266324261481318, 0.1424109788477285, -0.037554796567680654], [-0.648563162823258, -0.4701956564582952, -0.35158203309374925, -0.08859823666469974, 0.5485132758775456, 0.16455274254497157, -0.09111390509896639, -0.31867734460125696, 0.19614025172178914, 0.4214733789366245, 0.6638322779313638, 0.005525140549532747]], "inverted": false, "swapped": false, "error_lsq": 0.041843371423323804, "error_max": 0.23629390499517117, "target": "774.xyz", "model": "5.xyz", "model_rescale": 4.2253639853439635, "target_rescale": 4.021697722475801},
{"mapping": [11, 8, 12, 9, 0, 1, 6, 5, 7, 3, 4, 13], "R": [[0.47057697926854514, -0.5201499098876458, 0.7127421538160668], [0.8697368360266858, 0.40957680803041463, -0.27532648688767136], [-0.14871160896440314, 0.7494604122750523, 0.645130953986652]], "T": [0.050521019268793654, 0.01245221068391815, -0.002311099468453622], "aligned_model": [[-0.32104277180737756, 0.568673752969449, -0.5363936627191304, 0.3356034259667905, 0.015533086766302384, 0.6996316408284124, -0.552039821360377, 0.02592302289704912, -0.6164966570239248, -0.44036929271161357, 0.21569958185054453, 0.009435498992405728], [-0.004666410381566191, -0.023245358216462855, -0.6053232207819436, -0.5116542417654241, -0.6129525072139778, -0.08177708382156362, 0.22464210046133598, 0.5090931531494631, -0.3487482166477795, 0.1346954670936145, 0.2575039367412868, 0.028467328077098328], [-0.6858321970119812, -0.5277711871362343, -0.38339958894722853, -0.13129511156928192, 0.4983958335141587, 0.32705499319099307, -0.07723674354058488, -0.39408141392849017, 0.23009562770477876, 0.494773159550552, 0.6407884311069131, 0.039814925888006815]], "inverted": true, "swapped": false, "error_lsq": 0.039462862771317365, "error_max": 0.22472297895951762, "target": "774.xyz", "model": "6.xyz", "model_rescale": 3.89814844738969, "target_rescale": 4.021697722475801},
{"mapping": [5, 2, 9, 10, 11, 4, 6, 0, 8, 3, 7, 12], "R": [[-0.9748601866059656, -0.21760250062722036, 0.047924610497766085], [-0.10416047356659473, 0.6351887413533979, 0.765301155496494], [-0.1969726181908662, 0.7410697771321314, -0.6418857944403884]], "T": [0.001771011839011162, -0.01583898362935597, 0.03761122628488923], "aligned_model": [[-0.2641844600585417, 0.5431050477112175, -0.46604409793303686, 0.3038999190722536, 0.030003784779779177, 0.61660598246051, -0.6101569089086862, 0.033639288904173066, -0.5265294753502284, -0.5027492186970985, 0.12669075846780795, 0.11987718420038138], [-0.134413031823771, 0.025202290945002745, -0.6790785126187212, -0.5523574151429888, -0.6796780638367262, -0.11870329844643447, 0.1683238739692935, 0.5681988864633635, -0.26318474299129846, 0.5082842403476386, 0.2368199038105151, -0.11337918398179214], [-0.6819612065440558, -0.41716445458270895, -0.33549496408126567, -0.3621008689941059, 0.5000622564972974, 0.20160110408942758, -0.18375749941564362, -0.05669978411562839, 0.38025600280426064, 0.388518792087713, 0.6307665373508863, -0.032719186274574506]], "inverted": true, "swapped": false, "error_lsq": 0.045961208064194604, "error_max": 0.2920117163959232, "target": "774.xyz", "model": "7.xyz", "model_rescale": 3.7474275329858107, "target_rescale": 4.021697722475801},
{"mapping": [5, 10, 3, 0, 1, 12, 8, 9, 2, 4, 13, 14], "R": [[-0.41278878108044426, 0.8937611600542269, 0.17548906231627065], [0.35785611745183654, -0.01803395735516322, 0.9336025790369313], [0.837582486335775, 0.44818050510997803, -0.3123936833915605]], "T": [0.0646182813161621, -0.06563655179491736, -0.059834519766340195], "aligned_model": [[-0.3096104173886133, 0.7141444187079388, -0.42017919941337517, 0.1928772192343327, 0.07461652092153326, 0.5686756348508236, -0.5773353757603545, -0.08029795612545007, -0.5530801402260165, -0.43922446637446466, 0.18974040461690359, 0.04383116160527299], [0.05399216153272271, -0.17410504230225135, -0.47275484870690243, -0.6864997293926096, -0.6724379083462263, 0.009196738653405714, 0.1640455496392434, 0.6022096897167978, -0.4043502566773264, 0.2421206669522069, 0.37238009420731844, -0.06776216858229744], [-0.6587195805544612, -0.43615053470623305, -0.39652522647264504, -0.23953370500200247, 0.3834418826533436, 0.28797114693227155, -0.0785948583400054, -0.3964665472278412, 0.4009378557066037, 0.4536378025199929, 0.7151478676323895, -0.0038393743198109065]], "inverted": false, "swapped": false, "error_lsq": 0.04600485747622598, "error_max": 0.25626649260166046, "target": "774.xyz", "model": "8.xyz", "model_rescale": 4.019505241142653, "target_rescale": 4.021697722475801},
{"mapping": [6, 5, 10, 11, 9, 8, 2, 3, 1, 0, 7, 12], "R": [[-0.7266056798468076, 0.3217519952212523, -0.6070583494076185], [-0.2846240076251122, 0.663218404077815, 0.6921925474720864], [0.6253266029026583, 0.6757344168115308, -0.3903199170406265]], "T": [-0.06658504787013411, -0.08219946549898324, -0.014270566482364078], "aligned_model": [[-0.20912457269497028, 0.3557884717585569, -0.5768775211834428, 0.4012300940898882, 0.09749825971418982, 0.48850284226942386, -0.44614776219575225, -0.00121369771228666, -0.6278993224623067, -0.2337501369386321, 0.18902112012851366, -0.032869970124650635], [-0.2960453644718752, 0.19676044177131255, -0.8057422834162943, -0.44291413323764695, -0.6381415614291427, -0.2349786128225749, 0.2916055028358422, 0.7361649812223761, -0.2962030275630768, 0.38373459560709167, 0.14944074323879156, -0.07764633504072183], [-0.6939868700400196, -0.45507290222274693, -0.24722365304240893, -0.20993212485318774, 0.3481451003636103, 0.3388199286454321, -0.27151394104938287, -0.26817414397340805, 0.2946534739118715, 0.40716431789363466, 0.8227433465756349, -0.034315803387427554]], "inverted": true, "swapped": false, "error_lsq": 0.053708012420392436, "error_max": 0.32385221848634005, "target": "774.xyz", "model": "9.xyz", "model_rescale": 3.877068213659057, "target_rescale": 4.021697722475801},
{"mapping": [6, 13, 12, 3, 5, 4, 11, 9, 0, 8, 7, 15], "R": [[-0.33322424195566713, -0.738794186350595, 0.5857855877261182], [-0.7755586696802069, 0.5680859229371408, 0.2752946313398159], [-0.5361626194140534, -0.3625762462920312, -0.7622782373699525]], "T": [0.012807638570033135, -0.008129010729358385, -0.08152387958133134], "aligned_model": [[7.588636505783536e-05, 0.6060172773815562, -0.4773412339049806, 0.32460899371113666, -0.06597474941101586, 0.5715662723330612, -0.7149490507798753, -0.11112540013559216, -0.624914786094604, -0.33865235561943013, 0.2953786260811629, -0.060531675277945916], [-0.29294807763201125, 0.10260322868903439, -0.5447776791869351, -0.5549390270865282, -0.6911189557782091, -0.16776330485727647, 0.10867815566454866, 0.6381689124669637, -0.28167536334569215, 0.45594731445752973, 0.23544424234828742, -0.04158449904562968], [-0.6283516191294829, -0.5647207251196291, -0.25460624485206806, -0.16239453972373594, 0.2903813671532382, 0.2654579082383272, -0.11869326549489567, -0.13236579426758538, 0.3086665068762889, 0.42486724661804653, 0.6445011040238932, -0.0414352155007949]], "inverted": false, "swapped": false, "error_lsq": 0.03894694879842256, "error_max": 0.22566137567176925, "target": "774.xyz", "model": "10.xyz", "model_rescale": 4.260839863003843, "target_rescale": 4.021697722475801},
{"mapping": [1, 0, 8, 7, 10, 6, 2, 3, 9, 4, 5, 11], "R": [[0.4731849120744922, 0.5180107884853659, -0.7125734081467149], [-0.7551813827728778, -0.17800861315677863, -0.630883517580896], [-0.453648672541097, 0.836646733487181, 0.3069611135745547]], "T": [-0.0842340688070248, -0.1116191533329298, 0.0013641754489161686], "aligned_model": [[-0.1356399152616426, 0.6907333329438851, -0.5421239683301898, 0.2919600795055919, 0.01817501054797238, 0.7082325839936184, -0.6333757563040723, -0.00021757948725989462, -0.702304756034372, -0.44639869953710565, 0.2125280527444062, -0.05741058013230066], [0.023132590578813117, 0.004546616741941095, -0.6128927785837275, -0.5644919295544454, -0.5214813084430933, -0.13820342423453744, 0.226986982270554, 0.5599788542959028, -0.39430068178255895, 0.18485674448255154, 0.3216012707076632, -0.12369798978498245], [-0.7074799890924306, -0.3935602597806404, -0.23246268272039625, -0.286715397959209, 0.4648932320530464, 0.2743938723571507, -0.23132965370437128, -0.21248253854064017, 0.41827308662845347, 0.5644287195856161, 0.42664432976402195, -0.05329598976899912]], "inverted": false, "swapped": false, "error_lsq": 0.04877715231881086, "error_max": 0.29555417835388015, "target": "774.xyz", "model": "11.xyz", "model_rescale": 3.890672605050136, "target_rescale": 4.021697722475801},
{"mapping": [12, 10, 7, 4, 0, 2, 5, 9, 8, 6, 1, 13], "R": [[-0.4267735324325879, -0.8879148809851705, 0.17167270062564144], [0.9007011691372511, -0.40026417728422864, 0.1688963951591886], [-0.08125119032851125, 0.22670631333968166, 0.9705681282435201]], "T": [-0.052782597730844344, -0.017544191953283023, 0.11063550241604837], "aligned_model": [[-0.06150178452729327, 0.5644268734050113, -0.47753080706178774, 0.3588347899538896, -0.01413051093567258, 0.6513796775228655, -0.6466265278584249, -0.2638868252930013, -0.680067165866752, -0.23816998400962713, 0.27162503566908924, -0.060194966349766024], [-0.10255645520342804, 0.029006592152881108, -0.5243544670808546, -0.5655856586191653, -0.42273419047078886, -0.0976129178301292, 0.10836580321233796, 0.6425484351880024, -0.26155430537855806, 0.3537806623155981, -0.057305381265417524, -0.13596317032639654], [-0.6295192365566676, -0.5346752736305478, -0.42759908767610977, -0.035236773206996044, 0.5384457653071784, 0.05311487209383467, -0.375644500877406, -0.24367106642018188, 0.36785949228259424, 0.5103950720982172, 0.8166645567803692, -0.008827091372682602]], "inverted": true, "swapped": false, "error_lsq": 0.052349846528804006, "error_max": 0.30675769897093547, "target": "774.xyz", "model": "12.xyz", "model_rescale": 4.124412569039231, "target_rescale": 4.021697722475801},
{"mapping": [4, 5, 2, 10, 11, 7, 1, 0, 8, 6, 9, 12], "R": [[0.15797769302804054, -0.8362454529748172, -0.5251062662780566], [-0.8707130529668371, -0.3687883774678112, 0.3253519817641033], [-0.4657272033054419, 0.40581852474178925, -0.7863901684772576]], "T": [0.029491995108859387, 0.11101446500908212, 0.02820228898980187], "aligned_model": [[-0.09795482534710201, 0.5856689296318963, -0.463603945038203, 0.28093765729327325, -0.1353050310314058, 0.6314626102145865, -0.7612256602429979, 0.01508429886947521, -0.44077584830546945, -0.42001658582762713, 0.17879056007689784, 0.03109564435520642], [-0.137922786538282, 0.1585743161081532, -0.5512046406604834, -0.5747477771344998, -0.8121312725290408, -0.01437655890603938, 0.19795099565364063, 0.5341584469103965, -0.25969223715552653, 0.36181138452079575, 0.06856297914928892, -0.004947902724321759], [-0.7066880487458613, -0.48380470035722284, -0.2182074582719623, -0.07722493005898087, 0.36166405407991614, 0.15062019693955447, -0.14521030589039197, -0.368671724097222, 0.42357656397379606, 0.45558473553151557, 0.6483225046312309, -0.008654158912769695]], "inverted": false, "swapped": false, "error_lsq": 0.044966118322113606, "error_max": 0.2455703288363817, "target": "774.xyz", "model": "13.xyz", "model_rescale": 3.9028299243045295, "target_rescale": 4.021697722475801},
{"mapping": [9, 14, 7, 10, 4, 13, 6, 1, 3, 2, 8, 15], "R": [[-0.8460845957253055, -0.29457236701750494, -0.4442611590788135], [-0.14949140441868408, -0.6688627885525232, 0.7281997597463707], [-0.5116572845970981, 0.6825318239316369, 0.5218784651997792]], "T": [-0.02316997322904044, -0.0010879221217349605, 0.12689847151796613], "aligned_model": [[-0.17101472990099267, 0.5390540699660791, -0.3285238395750783, 0.2866676093092123, -0.0867581249559764, 0.7644994100303515, -0.5686700664254192, -0.2192293943846478, -0.5889676701526182, -0.38088400103892983, 0.2132013755323406, -0.055216833755790534], [-0.0994742856872695, -0.08226833060366577, -0.664042050531217, -0.6177094037711075, -0.620296538105975, -0.10534379540252443, 0.14038830200382785, 0.5650565301765504, -0.23204304441461332, 0.488847820120358, 0.23478607901773785, -0.04186633610802004], [-0.6276262185039203, -0.5516032007828409, -0.409644905823997, -0.15440425307665656, 0.3950411774294688, 0.09003375454546148, -0.22922284008687538, -0.12457701088699652, 0.25027652013605683, 0.544215392259864, 0.8233173114618646, 0.025501002150172994]], "inverted": true, "swapped": false, "error_lsq": 0.043727027378021144, "error_max": 0.23619659481282904, "target": "774.xyz", "model": "14.xyz", "model_rescale": 3.942246331269136, "target_rescale": 4.021697722475801},
{"mapping": [5, 10, 2, 6, 8, 11, 1, 3, 0, 12, 13, 14], "R": [[-0.6127010396129775, -0.3695706753080349, -0.6985806696506424], [-0.40951282566671665, 0.9044675795419568, -0.11932159558091594], [0.6759413300513871, 0.21296927832407525, -0.7055121578105402]], "T": [0.0638028508044263, -0.10792325326500585, -0.0811539444939272], "aligned_model": [[-0.3406947773861493, 0.6589555997770808, -0.5083577698287488, 0.3622203503306206, 0.03765440452115254, 0.6528827545072248, -0.6537009688680534, -0.16721046857337293, -0.5314485442340907, -0.3492540310495349, 0.27301943928892425, -0.029908183836522065], [0.003937857265777875, -0.03678403515969425, -0.4914485996133496, -0.5791535455503292, -0.6254409248962892, -0.21353801852574, 0.2682572917352569, 0.5492803861981304, -0.4919270605773928, 0.37885601264484386, 0.32986066313132634, -0.12586507995845875], [-0.5572299036938566, -0.46810734360138984, -0.4100740739243548, -0.04018570133360237, 0.4935917771901034, 0.31374023508963134, -0.09898375378414924, -0.25797066612145225, 0.11616390959573218, 0.42924415189368603, 0.5711523548416791, -0.06003425733042517]], "inverted": true, "swapped": false, "error_lsq": 0.04472018002663088, "error_max": 0.2690008340629409, "target": "774.xyz", "model": "15.xyz", "model_rescale": 4.355366556412066, "target_rescale": 4.021697722475801},
{"mapping": [2, 8, 0, 1, 9, 10, 4, 6, 5, 3, 7, 11], "R": [[0.8845337902737708, 0.4644039434463343, -0.043919826677837545], [-0.37649633191339427, 0.6551544324095145, -0.6549986120213741], [-0.2754096692559586, 0.5959040585578027, 0.7543526145475089]], "T": [-0.02251768067652233, -0.1295411778307673, 0.027364925871419643], "aligned_model": [[-0.12414366379263567, 0.5140868167271289, -0.5246687917528039, 0.22999795537294293, 0.13607496664046156, 0.5518806484206268, -0.6205988012496416, 0.04372381998755726, -0.5183860747298449, -0.28779972526298153, 0.08120112343019817, -0.0772104691424774], [-0.22135664810859818, 0.004876271647242636, -0.5694518025569842, -0.5500835108004688, -0.7050691708377168, 0.10565453372332645, 0.22389043501556544, 0.6514705014114284, -0.3092541734802476, 0.34660459178673475, 0.014733876576905669, -0.025979957683106278], [-0.7984482979984491, -0.5027517390759229, -0.2139584308189154, -0.20496514780769337, 0.4673278864878745, 0.13684248241273134, -0.30687271322924364, -0.22108785329711117, 0.39827954797557336, 0.39332619668364077, 0.9042276506636711, -0.020612853174553233]], "inverted": false, "swapped": false, "error_lsq": 0.04980079008343336, "error_max": 0.33574074544065374, "target": "774.xyz", "model": "16.xyz", "model_rescale": 3.795458400668931, "target_rescale": 4.021697722475801},
{"mapping": [5, 2, 9, 10, 11, 4, 6, 0, 8, 3, 7, 12], "R": [[-0.9748601866059656, -0.21760250062722036, 0.047924610497766085], [-0.10416047356659473, 0.6351887413533979, 0.765301155496494], [-0.1969726181908662, 0.7410697771321314, -0.6418857944403884]], "T": [0.001771011839011162, -0.01583898362935597, 0.03761122628488923], "aligned_model": [[-0.2641844600585417, 0.5431050477112175, -0.46604409793303686, 0.3038999190722536, 0.030003784779779177, 0.61660598246051, -0.6101569089086862, 0.033639288904173066, -0.5265294753502284, -0.5027492186970985, 0.12669075846780795, 0.11987718420038138], [-0.134413031823771, 0.025202290945002745, -0.6790785126187212, -0.5523574151429888, -0.6796780638367262, -0.11870329844643447, 0.1683238739692935, 0.5681988864633635, -0.26318474299129846, 0.5082842403476386, 0.2368199038105151, -0.11337918398179214], [-0.6819612065440558, -0.41716445458270895, -0.33549496408126567, -0.3621008689941059, 0.5000622564972974, 0.20160110408942758, -0.18375749941564362, -0.05669978411562839, 0.38025600280426064, 0.388518792087713, 0.6307665373508863, -0.032719186274574506]], "inverted": true, "swapped": false, "error_lsq": 0.045961208064194604, "error_max": 0.2920117163959232, "target": "774.xyz", "model": "17.xyz", "model_rescale": 3.7474275329858107, "target_rescale": 4.021697722475801},
{"mapping": [6, 0, 9, 2, 7, 1, 5, 8, 12, 10, 11, 13], "R": [[0.3558960833982948, 0.13823217904856175, -0.9242455531390132], [-0.650667255346468, -0.6732465172243111, -0.35124243744916384], [-0.6707981072138236, 0.7263821251385678, -0.14966264609958574]], "T": [-0.024733833004198933, -0.029143623704603258, 0.02982249644280698], "aligned_model": [[-0.09180071308390089, 0.5214842147130333, -0.444759860902244, 0.38127037073315284, -0.006076054321796035, 0.6345593687248706, -0.6943161694121224, -0.018127683613496235, -0.6432099526195293, -0.36137171845914295, 0.0907775333036534, 0.03572846958605243], [-0.4008764977117072, 0.1276346449127566, -0.4630738655977458, -0.519245269889133, -0.6488758013654936, -0.09450116424449069, 0.22229543725537854, 0.6375284297018086, -0.2947891593959037, 0.4597149968801521, 0.007314625130914076, -0.06709142898245468], [-0.6427215656372365, -0.5835361340648165, -0.25828659212404925, -0.2844921337679033, 0.45761122619456907, 0.22876792327661516, -0.0781489352618926, -0.23917412661370263, 0.355639411513749, 0.38214557774724095, 0.7419071698852249, -0.04840509232619632]], "inverted": false, "swapped": false, "error_lsq": 0.045265036751674315, "error_max": 0.2609793029093681, "target": "774.xyz", "model": "18.xyz", "model_rescale": 3.922800546911778, "target_rescale": 4.021697722475801},
{"mapping": [1, 5, 6, 8, 13, 12, 2, 0, 10, 9, 7, 14], "R": [[0.729838624691876, -0.38844775648883034, -0.5625334855692282], [-0.13713463475379106, -0.8893399041225372, 0.4361979216895244], [-0.6697235801872404, -0.24121126717902408, -0.7023442537154228]], "T": [-0.03274853661043724, -0.17098092080126986, 0.014534416766587056], "aligned_model": [[-0.2969163524198201, 0.530340047492321, -0.4190048502065531, 0.2548944234094856, 0.25515679620057424, 0.7046145418951415, -0.5767585312673171, 0.10251253602402395, -0.8026069499619701, -0.49919562571009163, 0.17034914905114346, -0.019227379858406526], [-0.08383092385207036, 0.02686964002735967, -0.6265951880505529, -0.6334843857815371, -0.593457139661548, -0.006034902014037474, 0.2902331071714191, 0.5510354244121944, -0.3032093498943982, 0.33289006452380304, 0.13446317766683386, -0.12284457785338489], [-0.6714708799025422, -0.4611967281237413, -0.3304140889544108, -0.2642894101453943, 0.47326975512269, 0.23294354182671556, -0.052276577107290015, -0.3840122870853509, 0.21561726833461525, 0.45189505643707994, 0.7242288945868476, 0.09701218383238329]], "inverted": true, "swapped": false, "error_lsq": 0.04451663935532843, "error_max": 0.2481391315562915, "target": "774.xyz", "model": "19.xyz", "model_rescale": 3.9282355846067225, "target_rescale": 4.021697722475801},
{"mapping": [9, 6, 12, 7, 2, 5, 11, 4, 10, 0, 1, 13], "R": [[-0.23298973961222288, -0.25757440156586586, 0.9377479452888259], [0.9707272461071359, -0.11945494930909825, 0.2083725719734172], [0.05834719274039446, 0.9588461517592628, 0.2778662670346447]], "T": [0.04785064572426302, -0.029944607675550294, -0.13302428600679578], "aligned_model": [[-0.43876580887948136, 0.6615164493144505, -0.398672023286603, 0.25936745533249417, 0.12745192907331718, 0.6361213365153627, -0.5916025005805375, -0.038753610723766735, -0.597304225241451, -0.30592038763718116, 0.0950624209180052, -0.0043432301560782025], [-0.15579891509876573, 0.061190635777040814, -0.6923930148578576, -0.6025139221436359, -0.5591229976998132, -0.10841874969791596, 0.29318797089291054, 0.5866053016855333, -0.39668764952566804, 0.4846896144326507, 0.07200145175458819, -0.0167047788249854], [-0.6081978802328318, -0.33784787586380055, -0.42384030886076784, -0.257614798335482, 0.49335425575560393, 0.2350376050368274, -0.12608298392841244, -0.24134675353655427, 0.3045932213157529, 0.3671703377011179, 0.607839294928544, 0.018242614841604166]], "inverted": true, "swapped": false, "error_lsq": 0.04470192967180988, "error_max": 0.2776159432198073, "target": "774.xyz", "model": "20.xyz", "model_rescale": 4.067790424073018, "target_rescale": 4.021697722475801},
{"mapping": [12, 10, 3, 11, 6, 13, 0, 7, 2, 8, 5, 14], "R": [[-0.04794016388309735, 0.43223008489013914, 0.9004881422887951], [0.1584157680466069, 0.8934044311164775, -0.4203962022849959], [-0.9862079826897903, 0.12249765784416726, -0.1113020157123307]], "T": [-0.038725388250173416, -0.03236493686625923, 0.07167274496730587], "aligned_model": [[-0.058211831039637514, 0.6459105173380646, -0.4620042626021629, 0.245828510994947, -0.06783586459079488, 0.6502341554851685, -0.6919434801729472, -0.22618729379580094, -0.6869772787352487, -0.19071675857583506, 0.22991758799818796, 0.016143802344589682], [-0.17487302235982066, 0.057273888509535534, -0.6752840527519982, -0.5285673508139861, -0.6553940526086166, -0.125773209504355, 0.16739263267572208, 0.6578383655688592, -0.31893656407073384, 0.4326539750280611, 0.15579070538957657, -0.026086368368162794], [-0.6808733273857828, -0.36937756884993844, -0.2905910009510962, -0.22973146335765193, 0.4698488414370589, 0.15372849903705144, -0.12290646079839378, -0.14079229329933463, 0.29831810782045975, 0.3646299630934402, 0.5624828166422892, 0.01657061543350001]], "inverted": false, "swapped": false, "error_lsq": 0.03916113089438967, "error_max": 0.24926055546825568, "target": "774.xyz", "model": "21.xyz", "model_rescale": 4.186013935880536, "target_rescale": 4.021697722475801},
{"mapping": [11, 5, 4, 6, 7, 0, 9, 8, 10, 9, 1, 12], "R": [[-0.40467028563049523, 0.5463495043998392, 0.7333104246973333], [-0.36441229398043995, -0.8318263531314091, 0.41865092646740154], [0.838716662481226, -0.09781174407069115, 0.5357118841300824]], "T": [0.03318128156964932, -0.07160803993834933, -0.06664578093627092], "aligned_model": [[-0.2974194971145542, 0.6264630491275973, -0.3243115415579066, 0.28986689730621273, -0.1221833513261195, 0.687784387611016, -0.419797854712829, -0.17540304854726835, -0.7067273896194588, -0.419797854712829, 0.23323615335892928, 0.032447854835741], [-0.0063027151422596905, 0.08941197610541937, -0.6788705674464592, -0.5653826649551373, -0.5290461198884053, -0.14014924151016536, 0.2735863756291087, 0.625028952423893, -0.3486396363081161, 0.2735863756291087, 0.07450220197205945, -0.1016899898149645], [-0.6008782382042047, -0.5363564097615483, -0.24284808757616028, -0.07897312374266373, 0.48556430022634467, 0.23098707722031475, 0.1805413501853817, -0.309251652270379, 0.2018464639235243, 0.1805413501853817, 0.6216514523972668, -0.10151775376165594]], "inverted": true, "swapped": false, "error_lsq": 0.05348540755952716, "error_max": 0.32300992250871724, "target": "774.xyz", "model": "22.xyz", "model_rescale": 4.166573947596378, "target_rescale": 4.021697722475801},
{"mapping": [14, 11, 10, 9, 8, 3, 5, 6, 7, 1, 4, 15], "R": [[-0.7089899552070238, 0.6661022232855254, 0.23160542210756352], [-0.22352690017887397, -0.5237404755245415, 0.8220289771010212], [0.6688564631607938, 0.5310402455854053, 0.5202185014555196]], "T": [0.006079330898278078, -0.05435073999208981, -0.0434924696119783], "aligned_model": [[-0.17268335247116845, 0.7066995195427098, -0.5012649383505372, 0.33245102435856666, 0.09829983069245715, 0.557837832486931, -0.774911948128292, -0.13156171644990364, -0.6167150152870046, -0.2584088060539069, 0.1996685447399924, -0.0352531704313136], [-0.33191428608394935, 0.040172213967681586, -0.5569106189917741, -0.5284829510039115, -0.6436508259062833, -0.07460066701421617, 0.22710011269380506, 0.6750421395207012, -0.3141175147507448, 0.48228819723341043, -0.002529934043285137, -0.006360918927353014], [-0.7625057825177362, -0.39319246941890373, -0.2692724368019108, -0.21416563818571432, 0.5026759369994096, 0.1943712485047354, 9.675850886098347e-05, -0.21126791885232005, 0.1932311513922391, 0.3440171913413833, 0.663396017859389, -0.016077330007830223]], "inverted": true, "swapped": false, "error_lsq": 0.042114282177902085, "error_max": 0.23496449378564863, "target": "774.xyz", "model": "23.xyz", "model_rescale": 4.274766983524099, "target_rescale": 4.021697722475801},
{"mapping": [9, 5, 4, 8, 3, 2, 6, 0, 7, 1, 11], "R": [[0.31199420438327846, 0.9496867484507721, -0.027471735442915396], [0.9483089741803508, -0.30951441880447766, 0.07007791407524763], [0.058049168127170175, -0.04791559630357171, -0.9971631710560802]], "T": [0.07240593631722955, 0.12710249105097027, -0.025816198699712807], "aligned_model": [[0.26411924201069326, 0.16651476115654765, -0.5697238050387853, -0.44840887030894394, -0.3787879710324371, -0.6445960057377629, 0.10612272883999224, -0.11532116795704508, 0.6869044841442307, 0.32273121264479754, -0.009659904763211838], [-0.3212031489412105, 0.7198444812658878, 0.3895850907332571, -0.352706435295796, 0.5751131314720377, -0.17056104955736723, -0.4885097112066743, -0.035277059362981145, -0.19313818895724322, 0.682332276708557, 0.11010714438501597], [-0.5413224249664941, -0.19132667170336948, -0.45887227959713156, -0.33833367670580017, 0.1581885349430679, 0.33972468215660184, 0.030607687893993277, 0.6577697779154589, 0.2326825288455539, 0.5083907279214385, -0.0179424526817415]], "inverted": false, "swapped": true, "error_lsq": 0.04635974242134778, "error_max": 0.22103206871613731, "target": "774.xyz", "model": "24.xyz", "model_rescale": 3.7841303162186577, "target_rescale": 4.021697722475801},
{"mapping": [0, 10, 1, 8, 2, 9, 6, 11, 4, 3, 12, 15], "R": [[0.6031833398486681, -0.7974661619300197, 0.014750562891291397], [-0.6335484188320218, -0.49027115817972855, -0.5985403849804563], [0.48454747912299717, 0.3516843926501592, -0.8009568205851284]], "T": [0.03771763016679669, -0.029220212432575894, -0.0401083097937672], "aligned_model": [[-0.06907764894580111, 0.6158782602983606, -0.3719437027642882, 0.06688442516358907, 0.08418969020906412, 0.5462181900424516, -0.6298434895724905, -0.08616581802400873, -0.581006450539588, -0.4590813233350765, 0.3117830606521084, -0.023677388535790142], [-0.341684729188029, 0.19897569810460475, -0.594746723286284, -0.6119189756251252, -0.5813705699525172, -0.21247918035809724, 0.23459609327212522, 0.7085471306700387, -0.2989293441363166, 0.3743235205094151, 0.08797733940641728, 0.0027446872778495376], [-0.6975964416103323, -0.5079886550287204, -0.2958303300148687, -0.13534083093203933, 0.4715198347147719, 0.1834627970316494, -0.12250709922529893, -0.2126765799895104, 0.2779197378498467, 0.44912082163223244, 0.6572615921119452, -0.03603811771807399]], "inverted": true, "swapped": false, "error_lsq": 0.03851415627047406, "error_max": 0.2307378511862796, "target": "774.xyz", "model": "25.xyz", "model_rescale": 4.19342608120988, "target_rescale": 4.021697722475801},
{"mapping": [2, 8, 0, 1, 9, 10, 4, 6, 5, 3, 7, 11], "R": [[0.8845337902737708, 0.4644039434463343, -0.043919826677837545], [-0.37649633191339427, 0.6551544324095145, -0.6549986120213741], [-0.2754096692559586, 0.5959040585578027, 0.7543526145475089]], "T": [-0.02251768067652233, -0.1295411778307673, 0.027364925871419643], "aligned_model": [[-0.12414366379263567, 0.5140868167271289, -0.5246687917528039, 0.22999795537294293, 0.13607496664046156, 0.5518806484206268, -0.6205988012496416, 0.04372381998755726, -0.5183860747298449, -0.28779972526298153, 0.08120112343019817, -0.0772104691424774], [-0.22135664810859818, 0.004876271647242636, -0.5694518025569842, -0.5500835108004688, -0.7050691708377168, 0.10565453372332645, 0.22389043501556544, 0.6514705014114284, -0.3092541734802476, 0.34660459178673475, 0.014733876576905669, -0.025979957683106278], [-0.7984482979984491, -0.5027517390759229, -0.2139584308189154, -0.20496514780769337, 0.4673278864878745, 0.13684248241273134, -0.30687271322924364, -0.22108785329711117, 0.39827954797557336, 0.39332619668364077, 0.9042276506636711, -0.020612853174553233]], "inverted": false, "swapped": false, "error_lsq": 0.04980079008343336, "error_max": 0.33574074544065374, "target": "774.xyz", "model": "26.xyz", "model_rescale": 3.795458400668931, "target_rescale": 4.021697722475801},
{"mapping": [9, 11, 2, 1, 6, 8, 3, 4, 0, 7, 5, 12], "R": [[-0.06122364110384057, 0.4398625085358353, 0.8959758028845148], [-0.6713187500620913, 0.646143134578187, -0.3630842677017923], [-0.738635770583215, -0.6237146969745364, 0.25572871405632736]], "T": [0.03263815321290735, -0.07683613187723379, -0.0892445452771184], "aligned_model": [[-0.10159974181425842, 0.5568226793042604, -0.5660988382324424, 0.10898012682767304, 0.21056207354326306, 0.6881223112595318, -0.6502220380380747, -0.0356114763866492, -0.6858536199023652, -0.36776442609958204, 0.28206739766423555, -0.035246643477061176], [-0.1442693448526764, 0.30268958434019655, -0.5861628317939482, -0.6631076200995438, -0.5075503887134142, -0.28470860793129654, 0.19989113855328564, 0.6547788953522294, -0.3909671315942934, 0.304201859142074, 0.10852430548385192, -0.02728491119238352], [-0.49149725122437804, -0.39381868250706226, -0.4853950744022513, -0.060769719317519094, 0.5919421157844443, 0.15134070438551878, -0.13615441473551576, -0.48792314092546846, 0.1870966913766734, 0.5063189882852477, 0.5965302196085407, 0.05363629249337194]], "inverted": false, "swapped": false, "error_lsq": 0.05408176115674034, "error_max": 0.2940827204897356, "target": "774.xyz", "model": "27.xyz", "model_rescale": 3.6321398670334006, "target_rescale": 4.021697722475801},
{"mapping": [11, 5, 13, 1, 4, 3, 9, 10, 6, 12, 7, 14], "R": [[0.6331930590171574, 0.2023348894800323, -0.7470790738011593], [0.18196142518524067, -0.977087759533764, -0.11040629472021002], [-0.7523008638550478, -0.06603107350628894, -0.6555023322418895]], "T": [-0.007415089672262995, 0.03016398085768711, -0.030236529155963428], "aligned_model": [[-0.19425902049510763, 0.7094874732643103, -0.5204820782445888, 0.3025654547865475, 0.06264486616962849, 0.6531609108851645, -0.641617008746022, -0.1656804389978021, -0.5793078167419639, -0.4411733240487048, 0.23451262076644236, -0.015693833949373345], [0.016789883375747418, -0.24701972270770461, -0.5022205652939745, -0.5602575502826804, -0.621865574417007, 0.060938176044710364, 0.17430682691005783, 0.682017566204812, -0.3878539780302225, 0.280998862974042, 0.09898570923951817, -0.028784687323217678], [-0.6445949875903898, -0.45589981310414246, -0.376366984577419, -0.08104670303077186, 0.47613913573597066, 0.15483744621712264, -0.18380386616261002, -0.423569232435986, 0.2893055367958187, 0.6273692698484673, 0.7029905411491912, -0.0540536140236494]], "inverted": true, "swapped": false, "error_lsq": 0.042338802460981456, "error_max": 0.2999987232419635, "target": "774.xyz", "model": "28.xyz", "model_rescale": 4.156811204709835, "target_rescale": 4.021697722475801},
{"mapping": [6, 7, 9, 10, 1, 0, 8, 3, 4, 11], "R": [[0.5990138658009888, 0.3490515302340807, 0.7206562410882197], [-0.312471768561887, -0.7267404236950844, 0.6117268593247287], [0.7372542183195442, -0.5916176009964009, -0.32625884165996466]], "T": [-0.09618657436712619, -0.06640335599859834, 0.013058596185445314], "aligned_model": [[-0.43318438181228813, -0.13439240182049803, 0.13167629401744355, 0.6260255160954262, -0.06217207758096582, -0.7515771818077372, -0.3818661961638682, -0.22133387136242816, 0.02104516213209584, -0.151295487586592], [-0.10945032383393521, -0.704987038424326, 0.09800621250441252, 0.13069374779857582, -0.6005640228724223, -0.31632932517995316, 0.5516773888300684, 0.17462242665856545, 0.6996220281004004, -0.004570762955182141], [-0.5045110097442369, -0.3580685327668033, -0.638498473260311, -0.13048555440712978, 0.6211994476936753, 0.2051485050930888, -0.35503811559624315, 0.6167074544732555, 0.2742618119878246, 0.028071193501979546]], "inverted": false, "swapped": true, "error_lsq": 0.054812492707770846, "error_max": 0.31103691054129184, "target": "774.xyz", "model": "29.xyz", "model_rescale": 4.117894457231895, "target_rescale": 4.021697722475801},
