[{"mapping": [12, 10, 11, 5, 0, 9, 8, 7, 4, 3, 2, 6, 13], "R": [[-0.6797291157268809, 0.3821584660033334, -0.6260377273736238], [-0.2898757217421703, -0.9240188620737361, -0.24932149621806332], [-0.6737509889993546, 0.012002057904250185, 0.7388609851849363]], "T": [-0.0238400150830664, 0.09471057367116247, -0.19024013085507765], "aligned_model": [[-0.5110130141270303, -0.5764525590293448, 0.111248247729971, 0.575598950299033, -0.5761396062406845, -0.6499207572237713, 0.3688619254220383, -0.18287889280067168, 0.21007924642080902, 0.27014549547105765, -0.07850245339854886, 0.6214668547829506, -0.060643823141909386], [0.014954499204011637, -0.7303536121289044, -0.5564701681656299, -0.0025331275130784786, 0.6233096656545529, -0.08577311290754168, -0.49423728920830406, -0.4256207957900801, -0.09623108839913393, 0.5101159639962524, 0.5649426283110065, 0.1592356044316579, -0.043043199835812826], [-0.49259959500612094, -0.36146334839557526, -0.4018450541303199, -0.6414804767941635, -0.08554726509007095, 0.14471018630215518, 0.14067486178794894, 0.3345039818364145, 0.7165273627144672, -0.07102944731193614, 0.4156906226442809, 0.214681896573332, -0.11144140083767186]], "inverted": false, "swapped": false, "error_lsq": 0.04622480950689562, "error_max": 0.2569375101871124, "target": "775.xyz", "model": "0.xyz", "model_rescale": 3.8414455957264533, "target_rescale": 3.7659571200622963},
{"mapping": [14, 1, 0, 13, 10, 3, 7, 4, 2, 8, 6, 9, 14], "R": [[-0.0924611520842577, -0.2134727789154905, -0.9725637809508176], [-0.9568509841945461, -0.25117924278454223, 0.14609990431246994], [-0.2754761866317679, 0.9441071764668894, -0.1810373164365215]], "T": [-0.039725065111185856, -0.011537440524862025, -0.047845919984763806], "aligned_model": [[-0.12167076199433977, -0.6885811939298344, 0.12445892075883068, 0.4591199660036998, -0.49860286279665084, -0.7414634182663402, 0.4394276796210813, -0.17134316735474076, 0.01247768687762145, 0.22673022197161558, -0.011610288064633392, 0.6145775933319295, -0.12167076199433977], [-0.021294871755520386, -0.4461162985809831, -0.6653718179486091, 0.012673170493869068, 0.4956420874670482, -0.31431746944752237, -0.3921234876545945, -0.4648156350495395, -0.0947288825831704, 0.6653812446267727, 0.542041944488971, 0.14262085534779453, -0.021294871755520386], [-0.08325346671567546, -0.42016947738324073, -0.3144197281315926, -0.6182970413662703, -0.0719580245720984, 0.12322254536388186, 0.14842407283334783, 0.222399872542048, 0.6835628468969879, -0.35620459292712653, 0.5024145615900734, 0.06891422287808, -0.08325346671567546]], "inverted": true, "swapped": false, "error_lsq": 0.04968515729286311, "error_max": 0.39934679158275704, "target": "775.xyz", "model": "1.xyz", "model_rescale": 4.316132596720782, "target_rescale": 3.7659571200622963},
{"mapping": [11, 9, 10, 7, 8, 6, 5, 2, 4, 3, 0, 12], "R": [[0.1946089597768689, -0.7328824784755111, 0.6519283898697442], [0.6470715148981275, 0.5954239702532638, 0.4762024257133543], [-0.7371742042299142, 0.3291710321268149, 0.5901022150666444]], "T": [-0.030038083513330607, 0.016102628961785798, -0.050611274551349485], "aligned_model": [[-0.16697334753345505, 0.5285025104935767, 0.08867632772857652, -0.5433764720183557, -0.5359579143320298, -0.6250624772747393, -0.07078629189058686, -0.21735285964766166, 0.48108248431917555, 0.43709861806363487, 0.33261343055523174, -0.11065545383158608], [-0.5730686053768266, -0.36940046904398416, -0.5914815567951046, 0.3903891097199529, -0.3183223302229935, -0.04471511233428527, 0.48132244695565785, 0.46153302906481575, 0.03302862278276654, 0.08703086342190261, 0.39509504332854184, 0.061365386240537195], [0.27071623974100345, 0.0472837049932622, -0.5705901069768923, -0.2030290450490756, -0.518079442853113, 0.3422846913201263, -0.5200179416628694, 0.5367809640330546, -0.5381808917561509, 0.6723407720223425, 0.004275162956535454, -0.0745256455588027]], "inverted": true, "swapped": true, "error_lsq": 0.0468309377702129, "error_max": 0.24051642295043293, "target": "775.xyz", "model": "2.xyz", "model_rescale": 3.795458400668931, "target_rescale": 3.7659571200622963},
{"mapping": [6, 7, 2, 4, 11, 9, 0, 8, 5, 10, 3, 12], "R": [[-0.10115373796752325, 0.5210261182578233, 0.8475256370095139], [0.6813473931828509, 0.6570350811798087, -0.3225998014599141], [-0.7249369980199185, 0.5448272076468161, -0.4214613418922805]], "T": [0.042685894775401106, -0.003357002703923961, 0.0676196145454439], "aligned_model": [[-0.12121858256072904, -0.00874763828875158, -0.6561487863774093, 0.3183627527215316, 0.20558850853133168, 0.13525187817400156, -0.29875496055612694, 0.6847315804311124, 0.09747508814100185, 0.8067104398905673, -0.6133025955839498, 0.04335614122098553], [-0.10769779740714558, -0.6169879364537312, -0.13051284776731226, 0.038741412216595925, 0.4728669785225467, 0.6171906403575973, -0.031535890110695616, -0.2820761236277058, -0.5653912575562059, 0.22756440509974257, 0.5541507473053311, -0.09054328528930776], [-0.6211244509066207, -0.15066807722082556, -0.20438440771831373, 0.7168382596902183, -0.3969219223292944, 0.34423454934455394, 0.4686033853405493, -0.2428870779414175, 0.4133769793721965, 0.19634971307932533, 0.1366948144699019, 0.028659665458826755]], "inverted": false, "swapped": true, "error_lsq": 0.05628374114129178, "error_max": 0.3333672238018555, "target": "775.xyz", "model": "3.xyz", "model_rescale": 3.7530521520055578, "target_rescale": 3.7659571200622963},
{"mapping": [8, 11, 9, 3, 4, 2, 5, 7, 1, 0, 12], "R": [[-0.033602936656558835, 0.6905122738571796, -0.7225397167634754], [0.35633348900188133, -0.6671598796457423, -0.6541591087853363], [-0.9337544041469373, -0.27944676531258483, -0.22363411656661797]], "T": [-0.08126252764423919, -0.1122056762413753, -0.10370081324351309], "aligned_model": [[-0.6452321845333899, -0.1332433289707019, 0.5026827298998533, 0.5010341706712687, 0.3357473812198213, -0.1833201158629057, -0.22425197906766497, -0.6297398564178383, -0.28654201399391177, 0.2678465282710089, -0.1667817287703346], [-0.6113333554682199, -0.0968724432947516, -0.2851757875137056, 0.48787472745621, -0.5948550154081593, 0.6355236211248821, -0.29196476988180886, 0.0020991177414079326, 0.2537348376884541, 0.06887153128149391, -0.10069910541145684], [-0.24201640475338765, -0.786480623728937, -0.4187451554302543, -0.31989803403491845, 0.20028472434099598, -0.00878055623506456, 0.5173251119030551, 0.23237191913550392, 0.733836292092213, 0.24772172988619923, -0.0627882259300892]], "inverted": false, "swapped": true, "error_lsq": 0.05353039966636592, "error_max": 0.24763438460867582, "target": "775.xyz", "model": "4.xyz", "model_rescale": 3.7855080009869324, "target_rescale": 3.7659571200622963},
{"mapping": [2, 12, 1, 0, 9, 14, 6, 13, 8, 5, 10, 7, 16], "R": [[0.8844606795992984, -0.44450832108535365, 0.14192131174925005], [-0.33016762723294335, -0.3812551847613586, 0.863500910260059], [-0.32972510394283877, -0.8105904246772613, -0.4839674774728378]], "T": [-0.03844902457667759, -0.07807906683368421, 0.018460719278397764], "aligned_model": [[-0.45635733483373714, -0.3951833013745031, 0.11362485999055585, 0.29491648087002015, -0.5146390011038007, -0.7105637352862693, 0.41833938167325496, -0.2488400263855185, -0.006357642072583186, 0.45293104816887, 0.03740660078583638, 0.6264316851641147, -0.08985940143234131], [0.10181514201282144, -0.6222365506144545, -0.45903187368016757, 0.07829674410370391, 0.4496019708212819, -0.12119172098286644, -0.46718454733729337, -0.6059174461908987, -0.053581366182460066, 0.5117290081061405, 0.545267784517933, 0.14802322701357498, -0.06729440393831942], [-0.5635843008190778, -0.18078423451734085, -0.6178194325240828, -0.66920775379017, -0.02288958910641073, -0.045574530645721714, 0.2754010723268525, 0.46789359581372647, 0.7210842883361112, -0.2380062444102261, 0.3881212406830661, 0.27957538069651205, 0.007172832249500896]], "inverted": true, "swapped": false, "error_lsq": 0.049053532194868125, "error_max": 0.26798305007343304, "target": "775.xyz", "model": "5.xyz", "model_rescale": 4.2253639853439635, "target_rescale": 3.7659571200622963},
{"mapping": [9, 12, 7, 0, 8, 11, 3, 6, 2, 1, 10, 4, 13], "R": [[-0.02232579273579699, 0.7607866792741493, 0.6486179057177891], [0.5808668486489557, -0.5181675932915903, 0.6277706981080211], [0.8136923639308343, 0.39077611736314394, -0.43034725859384415]], "T": [-0.07202889630713029, 0.02321228776653557, 0.01694963092971913], "aligned_model": [[-0.2435288276084322, -0.553134346402784, 0.08007402549390778, 0.35163537102168796, -0.5682588018945123, -0.772820536318742, 0.4074140617745424, -0.15603031796958217, 0.16474534449335781, 0.2803734127412192, -0.040881947301182775, 0.6029887050771157, -0.030726528942696216], [0.25156472306852135, -0.6056515956567424, -0.6969368550772476, -0.12148233302827365, 0.5686958539718429, -0.2991417634455064, -0.4828976633546724, -0.5427921617753546, -0.029954670609159018, 0.6317428626180955, 0.612256086032293, 0.17138213259888568, -0.01848864769368585], [-0.522531014080539, -0.4774303104949745, -0.279092814114675, -0.648358346347257, -0.028530424032528777, 0.11957872899750929, 0.14732079346317908, 0.31071942580417167, 0.6424756859167693, -0.19330957578068397, 0.5274099581652543, 0.16962001807255156, 0.0335101987239631]], "inverted": true, "swapped": false, "error_lsq": 0.04492559262358219, "error_max": 0.24300775169156544, "target": "775.xyz", "model": "6.xyz", "model_rescale": 3.89814844738969, "target_rescale": 3.7659571200622963},
{"mapping": [6, 3, 8, 9, 1, 0, 11, 7, 4, 5, 2, 10, 12], "R": [[0.002961579538606429, -0.6873923508977076, -0.7262802385952405], [-0.049419634938200674, -0.7254965803629438, 0.6864491325395126], [-0.9987737124740574, 0.03385953054898294, -0.036119294868408036]], "T": [-0.06571598959982983, -0.11475905378016422, 0.05374655598649759], "aligned_model": [[-0.3073139375151629, -0.65785994382984, 0.10572137678701532, 0.5567195134237686, -0.47669610464744117, -0.637826383403119, 0.5762173043047893, -0.3285481509025585, 0.09801083724225787, 0.053760086772056515, -0.02597385663698404, 0.5182265707712336, 0.047412301797883666], [-0.033744694548822965, -0.5386657765083492, -0.5900861916629457, 0.08862221859410067, 0.6148323580736408, 0.02488331125316083, -0.6021546839525866, -0.6417991770473191, -0.13384227514441763, 0.5103606638281529, 0.45791336615007755, 0.3071925446210535, -0.025215696006749222], [-0.5727061207491146, -0.29561080341016444, -0.3960979879542281, -0.5538355221377662, -0.06282243139206602, 0.11855469327228632, 0.12929465383550198, 0.3443023045054942, 0.67690395602188, -0.3906940023077526, 0.46849311334384375, 0.1947132110722689, 0.14088726019255546]], "inverted": true, "swapped": false, "error_lsq": 0.0474374010521807, "error_max": 0.2665503399401668, "target": "775.xyz", "model": "7.xyz", "model_rescale": 3.7474275329858107, "target_rescale": 3.7659571200622963},
{"mapping": [7, 10, 0, 3, 9, 11, 1, 12, 13, 8, 4, 2, 14], "R": [[-0.3118490801825053, 0.3672912442709473, 0.8762689616043837], [-0.46147975884706116, 0.7476193257325576, -0.47760001671446217], [-0.8305339146379178, -0.5533195149939097, -0.06364692422356916]], "T": [-0.055650473412330835, -0.08293281957829578, -0.06583655919726376], "aligned_model": [[-0.5700074140864815, -0.5158109174111702, 0.23398587357913694, 0.4006937622486047, -0.559206446474227, -0.6603468935979259, 0.5270800041927808, -0.28708693814876696, -0.1516275995667625, 0.16874397811455705, 0.2268476439255994, 0.7293146149606531, -0.02073005357209875], [-0.00823241206782109, -0.6171921339613142, -0.5524914417251334, 0.07138072020100929, 0.47934105513840286, -0.05346634447140024, -0.5129623875890074, -0.4607735016439344, 0.017914156234764972, 0.5597733101099596, 0.4494933450446682, 0.13913749913238205, -0.07362589675358042], [-0.5059892811269533, -0.34526939631924636, -0.4261679684526367, -0.5969408869940063, -0.16888951593871754, 0.07542179223502489, 0.13491597791370752, 0.36348406756766233, 0.8222682248327882, -0.10810092766072384, 0.43310536003876443, 0.14177866045962412, -0.018233782262547925]], "inverted": true, "swapped": false, "error_lsq": 0.046042326798713, "error_max": 0.3066694148833177, "target": "775.xyz", "model": "8.xyz", "model_rescale": 4.019505241142653, "target_rescale": 3.7659571200622963},
{"mapping": [5, 3, 4, 8, 6, 2, 7, 0, 1, 11, 10, 9, 12], "R": [[-0.2918217499748264, -0.30161916879327405, 0.9076706138561965], [0.14880646250179236, 0.9231047932914975, 0.3545901540087716], [-0.9448262818948956, 0.23854437243145385, -0.22449917465761715]], "T": [-0.06367279972135015, 0.014820396516098407, 0.02819535824061689], "aligned_model": [[-0.3485936125494486, -0.6416379466254283, 0.02300355829893143, 0.5179628234925493, -0.5198668025051068, -0.6108052556919805, 0.5492133214560411, -0.06268658184557604, 0.029788752045454364, 0.17983358009605077, -0.08873951246437288, 0.5605229043071112, -0.06614561385032579], [0.05348931461307028, -0.5038136004799565, -0.6665305207784749, -0.050215154898034624, 0.5785759044612108, -0.15116040528526214, -0.6514459800909483, -0.613236312005631, -0.004190562471785061, 0.4344262293028595, 0.7260217976639199, 0.2627834000197428, 0.023591857598285457], [-0.57831067168204, -0.3398207743756181, -0.4363935005423982, -0.30886147709571066, -0.017941363062262433, 0.18007890334535107, 0.021584159654499904, 0.19609376897235306, 0.6969320956420091, -0.3615290470415541, 0.6041675668891096, 0.15560859694173398, -0.010225933352733765]], "inverted": false, "swapped": false, "error_lsq": 0.056197497950624425, "error_max": 0.48524952540245553, "target": "775.xyz", "model": "9.xyz", "model_rescale": 3.877068213659057, "target_rescale": 3.7659571200622963},
{"mapping": [4, 7, 2, 13, 5, 1, 9, 8, 11, 3, 12, 10, 15], "R": [[0.1929880866577841, 0.5669458547560721, 0.8008295675005228], [0.9409667519937517, -0.3382602335892984, 0.012711648769640316], [0.27809561314500636, 0.751100800257209, -0.5987573947789562]], "T": [0.07025747183990097, 0.008042610343269634, -0.02933006018213482], "aligned_model": [[-0.31935378820119753, -0.5055934528673021, 0.16521688850606697, 0.5497197318388521, -0.5389208953721203, -0.7933017468312629, 0.37265482053326004, -0.20810645001574088, 0.1605488198653243, -0.074585930098826, 0.025461309637428653, 0.6668269637566236, 0.021283343412792866], [-0.012609530518555286, -0.5158243121530777, -0.5121143263098237, 0.06220113411617633, 0.4941314375450431, -0.02573446206501582, -0.5586681678140282, -0.5967096495069094, -0.043782109171559745, 0.5243943488728809, 0.5962389904156632, -0.00042159188954791343, 0.027194206127749802], [-0.5823827112669855, -0.2747801150708506, -0.43029742592103903, -0.6333344405496192, 0.03079324006851631, 0.04833071132452064, 0.12245940362622729, 0.3606842562516924, 0.7012977158999582, -0.3686862355502708, 0.4291604392125551, 0.35439377026713925, 0.04374371600089561]], "inverted": false, "swapped": false, "error_lsq": 0.0488782690896626, "error_max": 0.32622190816763386, "target": "775.xyz", "model": "10.xyz", "model_rescale": 4.260839863003843, "target_rescale": 3.7659571200622963},
{"mapping": [10, 11, 6, 8, 7, 5, 4, 9, 3, 2, 0, 12], "R": [[-0.2612663588888123, -0.8579254324792233, 0.4423842696325446], [0.9444257899189673, -0.13247804250574324, 0.3008479609200988], [-0.1994989149066159, 0.49640056462415927, 0.8448589600589549]], "T": [-0.008275939532328677, 0.028892061632121817, -0.03506505362740348], "aligned_model": [[0.2906161693756594, 0.20457364678180862, -0.4279362937667079, -0.3696951486009134, -0.6547143260455269, -0.34225286808602584, 0.3430796140498525, 0.6732481219857854, 0.48693423875443176, -0.2789670967306898, 0.1374622746827613, -0.10344968330630451], [-0.03252395966070499, -0.6150874978646037, -0.5169449097914568, -0.17549260057096422, 0.12255207974172114, 0.5876476486385329, 0.5582903266342522, -0.020125304588169697, -0.10686844929652503, -0.08985487142493007, 0.4270283346547522, 0.03445770906102984], [-0.783744704713301, -0.1305153647947945, 0.16004326125583884, -0.6784346846243424, -0.02153504975860652, -0.15624310383416581, -0.344163108828631, -0.09238792974466267, 0.6593722272284801, 0.66575601622392, 0.2786414538714315, -0.04061093488566183]], "inverted": true, "swapped": true, "error_lsq": 0.05551437202564614, "error_max": 0.3344262275516352, "target": "775.xyz", "model": "11.xyz", "model_rescale": 3.890672605050136, "target_rescale": 3.7659571200622963},
{"mapping": [0, 3, 8, 6, 2, 4, 5, 7, 12, 11, 10, 9, 13], "R": [[0.9971455091369933, 0.069037958405843, -0.030571128652368336], [0.07491962392337027, -0.9549702355496342, 0.2870869191820779], [-0.009374623144816463, -0.2885578096559322, -0.9574165796180174]], "T": [0.03238623678642411, 0.02177932056174771, -0.16584080355218925], "aligned_model": [[-0.3779177845882432, -0.6366542089091115, 0.10547861448913481, 0.40694291241582625, -0.37795381145369433, -0.6305470293534917, 0.4797886563334977, -0.14600014276880327, 0.03345680606202416, 0.1489282259862299, -0.16973280545156236, 0.7411445452998159, -0.055084363897723566], [-0.12266655817730747, -0.6079632530239181, -0.6281245242905765, 0.06877873576053255, 0.5879361065141195, 0.09671320841593413, -0.45656800651701, -0.6283978246728169, -0.06960612603874719, 0.5575584168605393, 0.5428366673870739, 0.14812680831681435, -0.05032768288564199], [-0.5651909480448317, -0.2600338449048105, -0.46828673691229095, -0.601221895991882, -0.03679944507722002, 0.04854539218172724, 0.2536673507131266, 0.35609036976495567, 0.5736047324923034, -0.11978769705702806, 0.5321474760963394, 0.12999426616169776, -0.041346695129346356]], "inverted": true, "swapped": false, "error_lsq": 0.043005903442228065, "error_max": 0.25145149006831674, "target": "775.xyz", "model": "12.xyz", "model_rescale": 4.124412569039231, "target_rescale": 3.7659571200622963},
{"mapping": [10, 11, 9, 7, 4, 2, 6, 8, 1, 5, 0, 3, 12], "R": [[-0.8707167350831555, -0.4232031245125292, -0.2505024603650883], [0.2043761062742278, -0.7746951106261806, 0.5983961002179703], [-0.44730613055302015, 0.469836781206753, 0.76103260416027]], "T": [0.09773380033684134, 0.017818990480622646, -0.014104278250638936], "aligned_model": [[-0.43125035134156564, -0.5846709625510752, 0.3814493961287978, 0.25547069972121184, -0.47046270972085014, -0.7313933226499233, 0.3342990801415, -0.20424644400586853, -0.17965437932956405, 0.1102701213655056, 0.2741203975246671, 0.7820665264744452, -0.014148437593381927], [-0.004784456642000737, -0.6151655764042588, -0.48618520602965365, 0.09241262596870294, 0.5427066090960561, -0.1460077614825271, -0.44696392506484117, -0.6143524439041506, -0.09258471815184537, 0.6863470492760089, 0.4898262094982011, 0.017273963705772857, 0.01577359778353111], [-0.5281806575453522, -0.3665346103872754, -0.2863661055508281, -0.6162940611541025, 0.12704092900772196, 0.153539758081751, 0.4049739060921889, 0.1410193191581947, 0.7433461279214667, -0.36999605158988175, 0.273757401939373, 0.18699718531642887, -0.061920816996945696]], "inverted": false, "swapped": false, "error_lsq": 0.05807681273062751, "error_max": 0.3994453435625872, "target": "775.xyz", "model": "13.xyz", "model_rescale": 3.9028299243045295, "target_rescale": 3.7659571200622963},
{"mapping": [5, 2, 12, 13, 4, 3, 11, 1, 9, 10, 7, 14, 15], "R": [[-0.3233599346193531, -0.731745398586424, -0.5999891868446993], [0.11218985867646239, 0.5999351633903003, -0.7921434436628312], [0.9396019307627689, -0.3234601542314747, -0.11190058235517591]], "T": [-0.19779151673979825, -0.11220748581466941, -0.07820551785751909], "aligned_model": [[-0.12414218572288582, -0.6887470590554259, 0.21281543049776006, 0.410785126180473, -0.48181927398461066, -0.7284958852307111, 0.3733205052317108, -0.12611566011290254, 0.1688210032646433, 0.15618961306927928, -0.14821087914157746, 0.6579556469514638, -0.16050676778331732], [0.07145267813686193, -0.6539456406430311, -0.5196303886004212, 0.05700388829947148, 0.48228381257617947, 0.06458153287945378, -0.4942060229945444, -0.6757707497985331, 0.020083150674475664, 0.5433833677898885, 0.5557503080189348, 0.055301419672586366, -0.06799138836232635], [-0.5503776833577849, -0.1655679618967874, -0.46505019227707334, -0.5615825263690232, -0.2371759652203957, 0.19709061610004555, 0.19339136041978452, 0.237163749521946, 0.5918242606873991, -0.062375342302262854, 0.5317142324944992, 0.07242054628735153, 0.0199072302050414]], "inverted": true, "swapped": false, "error_lsq": 0.049396132669044204, "error_max": 0.26614067097507765, "target": "775.xyz", "model": "14.xyz", "model_rescale": 3.942246331269136, "target_rescale": 3.7659571200622963},
{"mapping": [6, 7, 9, 10, 11, 8, 5, 0, 12, 4, 13, 3, 14], "R": [[0.6920184638509514, -0.5553326455196974, -0.4612115550476413], [0.3226358634792042, -0.3336080543521515, 0.8857831369293503], [-0.6457681823118863, -0.7617816740323082, -0.051692705695642216]], "T": [0.02890679300567784, -0.05680746069516714, -0.007297382227890068], "aligned_model": [[-0.37390562053626053, -0.48920837391989375, 0.09584918207123494, 0.2804777658570383, -0.3756949187224942, -0.734394494630014, 0.47376980431936594, -0.32326256266810954, 0.08282765184282911, 0.33494759123660794, -0.11310232593246763, 0.6523091604271202, 0.011236754818942582], [-0.0846265931646697, -0.6810294890804818, -0.49012456189092224, 0.20919959790776946, 0.48326359630686805, -0.07949310962932923, -0.5043562589240688, -0.5823164096341409, 0.16343146222019359, 0.43638537690100415, 0.6361598164149854, 0.05315605243539246, -0.12135351221360455], [-0.3942827110241941, -0.2772659752331683, -0.6825138752802036, -0.6196312833269519, -0.2496436900435602, 0.11799201043534331, 0.06035269210981856, 0.367582028219819, 0.7779819413112529, -0.08953989972715173, 0.3934015190661721, 0.3330339924262445, 0.0639155753593191]], "inverted": false, "swapped": false, "error_lsq": 0.052330589004244116, "error_max": 0.2809503116228637, "target": "775.xyz", "model": "15.xyz", "model_rescale": 4.355366556412066, "target_rescale": 3.7659571200622963},
{"mapping": [11, 9, 10, 7, 8, 6, 5, 2, 4, 3, 0, 12], "R": [[0.1946089597768689, -0.7328824784755111, 0.6519283898697442], [0.6470715148981275, 0.5954239702532638, 0.4762024257133543], [-0.7371742042299142, 0.3291710321268149, 0.5901022150666444]], "T": [-0.030038083513330607, 0.016102628961785798, -0.050611274551349485], "aligned_model": [[-0.16697334753345505, 0.5285025104935767, 0.08867632772857652, -0.5433764720183557, -0.5359579143320298, -0.6250624772747393, -0.07078629189058686, -0.21735285964766166, 0.48108248431917555, 0.43709861806363487, 0.33261343055523174, -0.11065545383158608], [-0.5730686053768266, -0.36940046904398416, -0.5914815567951046, 0.3903891097199529, -0.3183223302229935, -0.04471511233428527, 0.48132244695565785, 0.46153302906481575, 0.03302862278276654, 0.08703086342190261, 0.39509504332854184, 0.061365386240537195], [0.27071623974100345, 0.0472837049932622, -0.5705901069768923, -0.2030290450490756, -0.518079442853113, 0.3422846913201263, -0.5200179416628694, 0.5367809640330546, -0.5381808917561509, 0.6723407720223425, 0.004275162956535454, -0.0745256455588027]], "inverted": true, "swapped": true, "error_lsq": 0.0468309377702129, "error_max": 0.24051642295043293, "target": "775.xyz", "model": "16.xyz", "model_rescale": 3.795458400668931, "target_rescale": 3.7659571200622963},
{"mapping": [6, 3, 8, 9, 1, 0, 11, 7, 4, 5, 2, 10, 12], "R": [[0.002961579538606429, -0.6873923508977076, -0.7262802385952405], [-0.049419634938200674, -0.7254965803629438, 0.6864491325395126], [-0.9987737124740574, 0.03385953054898294, -0.036119294868408036]], "T": [-0.06571598959982983, -0.11475905378016422, 0.05374655598649759], "aligned_model": [[-0.3073139375151629, -0.65785994382984, 0.10572137678701532, 0.5567195134237686, -0.47669610464744117, -0.637826383403119, 0.5762173043047893, -0.3285481509025585, 0.09801083724225787, 0.053760086772056515, -0.02597385663698404, 0.5182265707712336, 0.047412301797883666], [-0.033744694548822965, -0.5386657765083492, -0.5900861916629457, 0.08862221859410067, 0.6148323580736408, 0.02488331125316083, -0.6021546839525866, -0.6417991770473191, -0.13384227514441763, 0.5103606638281529, 0.45791336615007755, 0.3071925446210535, -0.025215696006749222], [-0.5727061207491146, -0.29561080341016444, -0.3960979879542281, -0.5538355221377662, -0.06282243139206602, 0.11855469327228632, 0.12929465383550198, 0.3443023045054942, 0.67690395602188, -0.3906940023077526, 0.46849311334384375, 0.1947132110722689, 0.14088726019255546]], "inverted": true, "swapped": false, "error_lsq": 0.0474374010521807, "error_max": 0.2665503399401668, "target": "775.xyz", "model": "17.xyz", "model_rescale": 3.7474275329858107, "target_rescale": 3.7659571200622963},
{"mapping": [8, 0, 4, 5, 3, 1, 9, 2, 7, 10, 11, 12, 13], "R": [[0.19111557661960882, -0.10160135247574886, -0.9762950381664617], [0.9447130912209143, -0.250949130371483, 0.21104906832682493], [-0.26644326159461945, -0.9626534678381911, 0.048023840016455044]], "T": [-0.039827172756555604, -0.05360687909970369, 0.019082927520942504], "aligned_model": [[-0.2524904172558747, -0.641448978834911, 0.13539928762942482, 0.5223117853446584, -0.5063002649609312, -0.6404414584977826, 0.4702695014878749, -0.30501592193699706, 0.14408011438063711, 0.16150680290521174, -0.12095812734599189, 0.6460672322269317, -0.09112994097835085], [0.0642773942492123, -0.5501298636392641, -0.5379020508031158, 0.05688462128944912, 0.4103933699460164, 0.01084378831033566, -0.4786717987601957, -0.6180319880625915, -0.015188756991396636, 0.5350019451998479, 0.556599131636896, 0.15029682263230443, -0.1460766473585021], [-0.6574760822887863, -0.2820126039235049, -0.6320543055305615, -0.42251797464857177, -0.1473376374463474, 0.3561689818804082, 0.10181963554625464, 0.3580990738768758, 0.7485494721052754, -0.27998838949956845, 0.3969758415513405, 0.2363594079458422, 0.02479690472408288]], "inverted": true, "swapped": false, "error_lsq": 0.05243304716104535, "error_max": 0.3649586358523614, "target": "775.xyz", "model": "18.xyz", "model_rescale": 3.922800546911778, "target_rescale": 3.7659571200622963},
{"mapping": [3, 12, 5, 0, 9, 7, 8, 13, 4, 2, 10, 1, 14], "R": [[-0.5171425371339081, -0.4911180784757662, -0.700975484079847], [0.7775208185373381, 0.07281259449621913, -0.6246276513441884], [0.3578057755650854, -0.8680445605364973, 0.34420004052188513]], "T": [0.028717198393100905, -0.09160705857809007, 0.07247335223771988], "aligned_model": [[-0.2730728041287229, -0.36676058679729656, 0.32716970217317437, 0.2362967619753113, -0.3947738862214899, -0.7544071473801337, 0.3292459233698441, -0.3848324465097554, 0.00782837029218874, 0.11250548207678121, 0.02282749796577096, 0.7225754548053381, -0.06275270745711126], [-0.00783025891171621, -0.653309441959682, -0.552629042315542, 0.06870761718616936, 0.5909824215896433, -0.06623399017877499, -0.5808133745714994, -0.48983248149418834, -0.05693662499627147, 0.5909162858381278, 0.5553301466630364, 0.11401476244769901, -0.07407005164800533], [-0.4852483398279942, -0.3105433556104499, -0.45754415094864187, -0.7210331475431563, -0.059701110996616055, -0.08335824120822484, 0.2840160663113283, 0.44957672077770194, 0.7951273199068835, -0.12820143599445982, 0.5541767995649972, -0.08329381587691918, 0.047409015738290844]], "inverted": false, "swapped": false, "error_lsq": 0.04796846298871778, "error_max": 0.28183784892140573, "target": "775.xyz", "model": "19.xyz", "model_rescale": 3.9282355846067225, "target_rescale": 3.7659571200622963},
{"mapping": [4, 11, 9, 8, 3, 0, 12, 10, 2, 6, 5, 7, 13], "R": [[-0.7907939748238765, -0.6102847057619746, -0.04687715110024265], [0.08005433050772609, -0.17905272978146003, 0.9805770872933793], [-0.6068246810646503, 0.7716817335345111, 0.1904497534258257]], "T": [0.01834816327197015, 0.017177156833802977, -0.036525369548814725], "aligned_model": [[-0.3719856095333034, -0.4040006019929831, 0.26842565728681617, 0.22204962937471381, -0.5156690775595913, -0.7717510947348984, 0.5396015162582735, -0.19717124917973108, 0.011242596544780456, 0.26867171307827736, 0.011478564779622745, 0.5649303486712361, -0.10397277882931344], [0.11081617111107547, -0.4896075528005513, -0.5319468152843397, -0.0030530930319820834, 0.5472701271084904, -0.10894308176368078, -0.6373523569820387, -0.658915138306312, -0.001950744589293306, 0.6043725147998505, 0.5892739045514861, 0.030613234897644708, -0.012281202061353271], [-0.5246228247282021, -0.31608564906997183, -0.3746805639052417, -0.7691357904589644, -0.05001975732901228, -0.03070848808636164, 0.11407477258956408, 0.4520285581808789, 0.7870642398249993, -0.17575103547488866, 0.3639097339523589, 0.26207999341382127, 0.06322913538375949]], "inverted": true, "swapped": false, "error_lsq": 0.04476151604693113, "error_max": 0.2763569349959501, "target": "775.xyz", "model": "20.xyz", "model_rescale": 4.067790424073018, "target_rescale": 3.7659571200622963},
{"mapping": [6, 4, 2, 3, 13, 5, 0, 8, 1, 11, 10, 12, 14], "R": [[-0.8786533433985892, 0.3723717976225436, 0.2988436823321458], [-0.29187726238409817, 0.07642345242395154, -0.9533976712908252], [-0.3778570706466206, -0.9249317273480024, 0.04153713889274535]], "T": [-0.026149143314145033, -0.0750662777000565, 0.02665338851091162], "aligned_model": [[-0.3200812922001778, -0.5395659778803252, 0.10019032625636035, 0.5357272948869943, -0.4172406020013116, -0.5971304445570566, 0.43974530429268127, -0.2434116967533852, -0.25664594149801034, 0.1380601244157851, 0.03213206669739915, 0.6541250726560951, -0.00405462015114922], [0.004158902427999822, -0.6146432325397785, -0.5713589557175521, -0.0005906221029336745, 0.4904248022652198, -0.1345811304296583, -0.611138471472169, -0.5131953635508402, 0.01955911737901128, 0.48722971729335274, 0.6204994043486213, 0.272902428291518, -0.010970628543794853], [-0.6477976218525452, -0.2695430978393062, -0.5132112683372635, -0.6077701778614292, 0.15852762594509592, 0.16414686760505373, 0.03184918242943256, 0.3199242253318806, 0.8084605014946292, -0.24700841807729298, 0.45569709732088415, 0.0828551467957871, 0.06525226133781298]], "inverted": true, "swapped": false, "error_lsq": 0.04359970034266348, "error_max": 0.23402921526707723, "target": "775.xyz", "model": "21.xyz", "model_rescale": 4.186013935880536, "target_rescale": 3.7659571200622963},
{"mapping": [7, 1, 9, 10, 6, 0, 8, 2, 5, 4, 3, 11, 12], "R": [[0.28165376314665913, 0.5768667885350238, 0.7667436768507542], [-0.003848624311123816, -0.7984084991797114, 0.6021038585896229], [0.9595083875590861, -0.17253572593201955, -0.22265461477560616]], "T": [-0.022771716116383733, -0.07749937501819165, -0.024223885141661683], "aligned_model": [[-0.3498862742700324, -0.5437765922568296, 0.2673453855913432, 0.3111134851783498, -0.3405783381865903, -0.7162240390820079, 0.46191146003172673, -0.16680601510097787, -0.15621915481005544, 0.19542053570054368, 0.006834494059190815, 0.5621987789235824, -0.009484111614344069], [0.12385987019407546, -0.48649049672105915, -0.4893758468269293, 0.07509157576691555, 0.3787277461914084, -0.137391760395841, -0.6188904475980437, -0.6219413752895511, -0.042660342904905724, 0.5522160102569638, 0.6640192747242064, 0.07716374224676992, -0.03603198199501347], [-0.6493432818110838, -0.3347128822711167, -0.38704698185054903, -0.7735810141080428, 0.0023959168546031535, 0.16897347238096644, 0.22000153530722033, 0.45799622219681185, 0.7370361223868858, -0.31313013907758264, 0.524968448326167, 0.1570350975390345, -0.009210191580574258]], "inverted": false, "swapped": false, "error_lsq": 0.040987936047243566, "error_max": 0.2404955581473271, "target": "775.xyz", "model": "22.xyz", "model_rescale": 4.166573947596378, "target_rescale": 3.7659571200622963},
{"mapping": [9, 11, 12, 14, 8, 3, 6, 2, 1, 7, 0, 5, 15], "R": [[0.23389515533827118, -0.9609198608443336, -0.14807456683776854], [0.8621113701228843, 0.27538977967524236, -0.42535215381524105], [0.44950755479093896, -0.02816895960677726, 0.8928322731065129]], "T": [-0.06663899016359712, -0.023147905949858744, -0.09000051970807933], "aligned_model": [[-0.4234330286941519, -0.47349578096179157, 0.13842787321259933, 0.3019689616718165, -0.573491391264737, -0.6393811838766871, 0.36146333986673806, -0.242762399438076, 0.16531269723128902, 0.2690980218279192, 0.002627534488749486, 0.6634375530532851, -0.0279225829530537], [0.04500656097283204, -0.632193928171222, -0.5753108940712715, -0.0991460843002536, 0.6068791341746007, -0.1803260230256092, -0.5356558711773428, -0.4398739921323688, -0.05802416897584142, 0.6017242563056762, 0.509295215753419, 0.21651418683575102, -0.020592424539373353], [-0.5680195036298844, -0.382616004643741, -0.37713284342503356, -0.7859388919447083, -0.07432530260566801, 0.003209303107455236, 0.27492633949502976, 0.40812512005525714, 0.5831124885298754, 0.0005814170526053236, 0.5251923228636373, 0.22719390572757547, -0.03292602628966057]], "inverted": true, "swapped": false, "error_lsq": 0.04607700435540671, "error_max": 0.2696815767707924, "target": "775.xyz", "model": "23.xyz", "model_rescale": 4.274766983524099, "target_rescale": 3.7659571200622963},
{"mapping": [8, 7, 6, 11, 2, 3, 9, 0, 4, 1, 12], "R": [[0.8479725346436187, -0.2962272672445388, -0.43953610389922426], [0.32816746495086285, 0.9446130366148995, -0.0035108410534507584], [0.41623154065712187, -0.14126435218416197, 0.8982180622567038]], "T": [0.016721256949722235, 0.0002998083193481299, -0.01095981856829547], "aligned_model": [[0.37289882733222546, 0.17834227060399285, -0.43588074988604797, -0.4079458386264626, -0.5053819822772976, -0.6369967706794925, -0.08886737978676586, 0.05926421807976967, 0.5471172427800551, 0.2574669461442304, 0.03987792027386799], [0.029542509829519177, 0.6032342463389009, 0.35487577369523565, -0.3473206895205595, 0.5021401387498351, -0.19109182391602614, -0.6434664857292893, 0.06825188357989752, -0.34162889624385995, 0.7965109868769267, 0.08453888758290355], [-0.6881627568973995, -0.2037979863416373, -0.43704358382057346, -0.4207685895360115, 0.22161102867071314, 0.5200101970745602, 0.20017913848295069, 0.5103236971428217, 0.30687616894772424, 0.41986474240701943, -0.049525622108590135]], "inverted": true, "swapped": true, "error_lsq": 0.04763002820456708, "error_max": 0.2600717024435981, "target": "775.xyz", "model": "24.xyz", "model_rescale": 3.7841303162186577, "target_rescale": 3.7659571200622963},
{"mapping": [4, 5, 2, 1, 6, 3, 9, 12, 13, 7, 11, 10, 15], "R": [[0.35013215220116245, -0.6328521373445297, 0.6905835563155573], [-0.9280234354057166, -0.1342484249851939, 0.347490810996157], [-0.12720054769046435, -0.7625454298908725, -0.6343063045720031]], "T": [0.14332589095741077, -0.00497617955121131, -0.057468502392518606], "aligned_model": [[-0.41101237756989073, -0.5066443843290315, 0.04639507824159134, 0.18460338692552652, -0.3771394815888218, -0.6449806072968657, 0.43657548189377066, -0.11839528032711949, -0.2142082529191761, 0.34998010898194004, -0.08173775762404481, 0.7725162236035564, 0.08589747617246392], [-0.09481414268351164, -0.5896239037993147, -0.6685322222243807, 0.12452022452599286, 0.475293511386375, 0.0180191288808952, -0.48758030673407826, -0.6160071828936523, -0.08107067648269732, 0.6106861294620921, 0.5131295692139208, 0.20067857261289573, 0.033597266384459146], [-0.5487347919796915, -0.12863327752223752, -0.4025638858814834, -0.7886068227265575, -0.20058828505744491, 0.10698808225322864, 0.09497375673481301, 0.30765483003629146, 0.6341809469459601, -0.024918302188260133, 0.46247414477773513, 0.35128662417368245, -0.06213069527329748]], "inverted": true, "swapped": false, "error_lsq": 0.05342989382685394, "error_max": 0.25365814669807574, "target": "775.xyz", "model": "25.xyz", "model_rescale": 4.19342608120988, "target_rescale": 3.7659571200622963},
{"mapping": [11, 9, 10, 7, 8, 6, 5, 2, 4, 3, 0, 12], "R": [[0.1946089597768689, -0.7328824784755111, 0.6519283898697442], [0.6470715148981275, 0.5954239702532638, 0.4762024257133543], [-0.7371742042299142, 0.3291710321268149, 0.5901022150666444]], "T": [-0.030038083513330607, 0.016102628961785798, -0.050611274551349485], "aligned_model": [[-0.16697334753345505, 0.5285025104935767, 0.08867632772857652, -0.5433764720183557, -0.5359579143320298, -0.6250624772747393, -0.07078629189058686, -0.21735285964766166, 0.48108248431917555, 0.43709861806363487, 0.33261343055523174, -0.11065545383158608], [-0.5730686053768266, -0.36940046904398416, -0.5914815567951046, 0.3903891097199529, -0.3183223302229935, -0.04471511233428527, 0.48132244695565785, 0.46153302906481575, 0.03302862278276654, 0.08703086342190261, 0.39509504332854184, 0.061365386240537195], [0.27071623974100345, 0.0472837049932622, -0.5705901069768923, -0.2030290450490756, -0.518079442853113, 0.3422846913201263, -0.5200179416628694, 0.5367809640330546, -0.5381808917561509, 0.6723407720223425, 0.004275162956535454, -0.0745256455588027]], "inverted": true, "swapped": true, "error_lsq": 0.0468309377702129, "error_max": 0.24051642295043293, "target": "775.xyz", "model": "26.xyz", "model_rescale": 3.795458400668931, "target_rescale": 3.7659571200622963},
{"mapping": [3, 2, 0, 7, 4, 9, 6, 1, 8, 10, 11, 5, 12], "R": [[0.8059319149682486, 0.44317502729559843, -0.39251706156186045], [0.5169499480260704, -0.8499424221031661, 0.10178718163524533], [-0.2885073650211633, -0.2849452127882639, -0.9140950311852681]], "T": [-0.125956495391553, -0.04304673160007958, 0.08260040666158985], "aligned_model": [[-0.2812492833764132, -0.6915714993854335, -0.040639989121352915, 0.4132003687757314, -0.4455085073219909, -0.5522084713222862, 0.5245705361847705, -0.14830284171303448, 0.21968598542147663, 0.17792832825241403, -0.27142778888081365, 0.6128698075892928, 0.004502969061538686], [0.008737881632294262, -0.6374738541547199, -0.6101856518498265, 0.08286543342134828, 0.6877254898181354, -0.07804798638380259, -0.5077978592567337, -0.5711121680261468, -0.0729422337411349, 0.5618244436401759, 0.5289661901542264, 0.08878567277464686, -0.0430493903794666], [-0.6373156041897592, -0.2361016126724822, -0.5193528564649689, -0.5120962396635202, -0.16784251040990894, 0.04441067906215848, 0.2875587687896851, 0.3490599837262105, 0.7232167071998457, -0.1398210487593725, 0.48659782230926185, 0.14273674393505908, -0.019668508569469834]], "inverted": true, "swapped": false, "error_lsq": 0.05004343041621825, "error_max": 0.2756047222253209, "target": "775.xyz", "model": "27.xyz", "model_rescale": 3.6321398670334006, "target_rescale": 3.7659571200622963},
{"mapping": [1, 5, 2, 13, 7, 3, 11, 0, 8, 6, 12, 9, 14], "R": [[-0.21677570990429548, -0.2097802281789174, 0.9534152020293625], [-0.9756062221128485, 0.011886349992661138, -0.21920587140527792], [0.03465243094191289, -0.9776763117458933, -0.20723956784543499]], "T": [-0.03082864566850231, -0.016843897500964756, 0.07692386208515381], "aligned_model": [[-0.3201437048899109, -0.4962871183059908, 0.02053174996298328, 0.5498119073588398, -0.5709866787748733, -0.7011160687084924, 0.4102800759087091, -0.18672992210228012, -0.16704009556214267, 0.31093241009345274, 0.07656391093069127, 0.6123590355974002, -0.016325887344486978], [-0.10399623042718713, -0.668108754451676, -0.5811967241291186, -0.0008513627989952983, 0.5054892250369933, -0.1579382452323383, -0.468966418284584, -0.5888628645938846, 0.11104403053382529, 0.590547933213803, 0.7142849050362267, 0.1111172923962064, -0.024266818650275197], [-0.5197070653059213, -0.2852526389744102, -0.4819246509931271, -0.4967294469159872, 0.2674095370695463, 0.1255781066576515, -0.039412539644902225, 0.27160510800297255, 0.5587129596946823, -0.2668522014885091, 0.44763566894807394, 0.20540616346600898, 0.014913323776660783]], "inverted": true, "swapped": false, "error_lsq": 0.05295123160701465, "error_max": 0.33709195975544465, "target": "775.xyz", "model": "28.xyz", "model_rescale": 4.156811204709835, "target_rescale": 3.7659571200622963},
