[{"mapping": [10, 4, 8, 7, 9, 13, 15, 1, 12, 3, 6, 0, 5, 16], "R": [[0.3208308805417463, -0.8670381291483045, -0.38119867352053616], [-0.9015770079758509, -0.40289576448069375, 0.15758775857543766], [-0.2902179263590049, 0.2931209401706503, -0.9109630451633886]], "T": [0.042120572475004385, 0.1719601853305339, 0.05803185218609991], "aligned_model": [[0.20300163831311005, 0.17676528543826292, -0.410558208784636, -0.3958243315903937, -0.5365012042319649, -0.024195011742908674, -0.7821438578040322, 0.007159996630297642, -0.36633307036000673, 0.16755301098927286, 0.4909661136324142, 0.2231514181461054, 0.6548603304748185, -0.03641000798203654], [-0.6032438396817249, -0.2839032506156862, -0.37504181313611706, -0.26267580773627763, 0.2457257522923691, 0.16793654348008857, 0.16414471524154248, 0.4727417006037715, 0.7387445867370224, -0.08635566392468205, 0.37743025401865116, 0.757967957225712, -0.2338972666501822, 0.15569946395554735], [0.31243502082291036, -0.30732937704939756, 0.36668098460993104, -0.28268813113010266, 0.5431105662971465, -0.6663171658996114, -0.17420344550543992, 0.688448698145324, 0.1774078437099491, 0.751543274703937, 0.32063504251463937, 0.03726639953117778, 0.10956729015076816, 0.021031086278601924]], "inverted": false, "swapped": true, "error_lsq": 0.03982652114227235, "error_max": 0.312437733826479, "target": "776.xyz", "model": "0.xyz", "model_rescale": 3.8414455957264533, "target_rescale": 4.169638959782924},
{"mapping": [4, 10, 15, 8, 7, 9, 12, 13, 0, 11, 1, 5, 6, 2, 16], "R": [[-0.9820663647774788, -0.11723956801130762, -0.14765005541912124], [0.16960563642768942, -0.89139259443264, -0.42030128560665303], [-0.08233822480905231, -0.43780603728497036, 0.8952911763510936]], "T": [0.0029123587968592837, 0.06844074731330559, -0.08208441770876593], "aligned_model": [[-0.5735167005825307, -0.6293369109362739, 0.03588594401924839, -0.30450651378865917, -0.454744460642025, 0.3477476544845694, 0.6284955512369863, -0.2693098874803244, 0.49936832291106625, 0.3282272319223582, 0.524735687053854, -0.4426028572790099, 0.22037144170210524, -0.024985148905666617, -0.013785200211153582], [0.11114464406337655, 0.13720087878608672, -0.7634250776543291, -0.4328200271665365, -0.4495351545594483, -0.4575188555168879, -0.2469247614466718, -0.050030964381574936, 0.32774275572705475, 0.19638340483983285, 0.12164744421403241, 0.6204370299609826, 0.5594464607552972, 0.6873594214189713, -0.01406267099717104], [0.07708660822081762, -0.6178809044410197, 0.11870940196283777, -0.5856961977748444, 0.05592099232000397, -0.5063496570002161, 0.025246046727867774, 0.5819599697876776, 0.16871913880098036, 0.6947672791118494, -0.5446712992287036, -0.28118861132652284, -0.23785874532292972, 0.27176461984813505, -0.05534685434639837]], "inverted": false, "swapped": true, "error_lsq": 0.03511777411995682, "error_max": 0.21930366167578055, "target": "776.xyz", "model": "1.xyz", "model_rescale": 4.316132596720782, "target_rescale": 4.169638959782924},
{"mapping": [9, 1, 12, 7, 15, 8, 13, 10, 0, 3, 2, 16], "R": [[0.3940645070138936, 0.7901869751125173, 0.4693801323814492], [-0.8249622702111089, 0.5292355034438341, -0.1983608696862478], [-0.4051548062654942, -0.3090539212776327, 0.8604273686389157]], "T": [0.07074248170357589, 0.1253159795891321, -0.08723224677404273], "aligned_model": [[-0.1612904145569622, 0.4209642888613251, 0.1463904295456155, -0.618671238168189, -0.6140093060587649, -0.49540208266236696, -0.20537499294577755, -0.1965083695142701, 0.5492440720394892, 0.2235777547799917, 0.5573054163903848, -0.008417003078695279], [-0.5654584554669253, -0.41015658442754355, -0.49098721771997156, 0.2545642493855475, -0.2712511680653801, -0.072428455773487, 0.5010378468042297, 0.47025465774071157, -0.038026730992013424, -0.06338214641491066, 0.594773148515891, 0.10383728415483193], [0.12380635907400556, 0.195134501337702, -0.4289592143213348, -0.15649912272659222, -0.4147313347838517, 0.402431947135643, -0.6455221939299105, 0.6206796550832706, -0.4350308476566717, 0.6230162057529675, -0.31507915723127405, -0.11998833652453239]], "inverted": true, "swapped": true, "error_lsq": 0.04570030039535485, "error_max": 0.29615311423885005, "target": "776.xyz", "model": "2.xyz", "model_rescale": 3.795458400668931, "target_rescale": 4.169638959782924},
{"mapping": [7, 5, 3, 0, 15, 12, 6, 13, 2, 11, 9, 16], "R": [[-0.08762433965019262, -0.41810918933049246, 0.9041607605388913], [-0.7757270628294557, 0.5980722993446812, 0.20138780685670055], [-0.6249555976986312, -0.6837354975090619, -0.3767443036744976]], "T": [-0.03448761620103901, -0.05025267599286081, 0.015418448635662572], "aligned_model": [[0.1142537957794425, -0.2464875572786819, -0.775075968270126, 0.21128272483841734, 0.18476091104766995, 0.08079547999867984, -0.20077300089732908, 0.6315924473262939, 0.3055011486662118, 0.739845487951996, -0.44643881941249675, -0.005952824006512654], [0.03249148325249852, -0.7552761331104025, -0.13227824559656973, 0.07964939639209101, 0.5913679301388939, 0.598276272040565, -0.2714753487774471, -0.15341108848184573, -0.5387445944117859, 0.055497995492303574, 0.5796274293870066, 4.3948964402018564e-05], [-0.6685579317824397, 0.044126176258474, 0.10607806743904352, 0.5625298366412061, -0.5077060558335947, 0.2770471448225843, 0.5012686358299924, -0.2580612349055725, 0.40890418265420664, 0.35442093894781534, -0.07993949414644791, -0.05133883528616746]], "inverted": false, "swapped": true, "error_lsq": 0.043594992967676084, "error_max": 0.2751230761494785, "target": "776.xyz", "model": "3.xyz", "model_rescale": 3.7530521520055578, "target_rescale": 4.169638959782924},
{"mapping": [13, 5, 6, 3, 0, 8, 14, 7, 15, 9, 16], "R": [[0.6618529698769563, 0.16894514489257637, 0.7303479884837633], [-0.3188869090991824, -0.818274898562979, 0.4782649156972696], [0.6784259616717382, -0.5494394674565826, -0.48770327672756564]], "T": [-0.00973698676532489, -0.12946694451821267, -0.10628348451440303], "aligned_model": [[-0.6112311560680148, -0.060960385431406056, 0.41075935854320267, 0.435205158720416, 0.3340840874645463, -0.157279507954652, -0.25299078289854493, -0.6169944786172256, -0.3768460265906389, 0.299712197366071, -0.06525886208854867], [-0.5207931401338777, -0.07867029986222118, -0.3093637549078713, 0.4004483550804849, -0.6243236966733106, 0.6216196449431792, -0.5130846570960912, 0.15896620828307023, 0.09074621781750969, 0.3480711559606273, -0.10641267509715321], [0.01272920105093825, -0.8395106307992012, -0.42793650518747794, -0.3972039722641686, 0.009959122097087825, 0.009878866734004038, 0.6301367440435827, 0.10546860509008685, 0.6354329586783115, 0.3954579262380201, -0.041581538435867024]], "inverted": true, "swapped": true, "error_lsq": 0.046409035757741066, "error_max": 0.24805614315585, "target": "776.xyz", "model": "4.xyz", "model_rescale": 3.7855080009869324, "target_rescale": 4.169638959782924},
{"mapping": [8, 7, 13, 4, 12, 11, 6, 2, 0, 5, 1, 15, 10, 14, 9, 3, 16], "R": [[-0.2104515860018451, -0.9085582074012437, 0.3608768678000108], [-0.2437398216846125, -0.3087219627609153, -0.9193919996574917], [0.9467317620500862, -0.2814475678930031, -0.1564807887654332]], "T": [-0.02463879106188371, 0.010215506131951636, 0.04168039758331664], "aligned_model": [[-0.4945924149470499, -0.5327584675343962, 0.13225832429623302, 0.06653323463187577, 0.5929382255659937, 0.5370502188527633, -0.026598758492199445, 0.3242730833427523, 0.20600403767918457, -0.4239896245212513, 0.6132277563802465, -0.41670949921693345, -0.7318531700251479, 0.22790456268044396, -0.2543558297382311, -0.17621082152067571, -0.011533186370592047], [-0.513422884974173, 0.08124335008516803, -0.6967304850653219, 0.27601429220999363, -0.2339178843051904, -0.4196241285153746, -0.3254660717816727, 0.4815267307683492, 0.7063233647956272, 0.6630984250423217, 0.3085121142046083, -0.43713483487123694, 0.11069837468068336, -0.10616149889278154, 0.25719236359182374, 0.615919143041361, 0.014658645969949988], [0.025671002822457004, -0.504340583369554, 0.06355045926143187, -0.6424536908201801, 0.19021584526106472, -0.32188469002507347, -0.5181330578141522, 0.49102650139403653, -0.22423616447610784, -0.22169395695730076, -0.23625725775682305, 0.6121857340149616, 0.18560846777849144, 0.6584264115265929, 0.6686943793014741, 0.34592639873461145, 0.09359623167890585]], "inverted": false, "swapped": false, "error_lsq": 0.031145336507928088, "error_max": 0.2471010869015018, "target": "776.xyz", "model": "5.xyz", "model_rescale": 4.2253639853439635, "target_rescale": 4.169638959782924},
{"mapping": [8, 15, 0, 1, 12, 2, 6, 3, 13, 7, 11, 5, 10, 16], "R": [[0.4642308798740701, 0.6618497136224026, -0.5885954865179401], [0.7904129244070226, -0.009701253568266843, 0.6124975874316102], [0.3996712387721758, -0.7495737737255407, -0.5276381891421116]], "T": [0.023275943334033617, -0.03298262009683292, 0.037888209039934916], "aligned_model": [[0.723385221236729, 0.05636450453037668, -0.4812783715935952, 0.17168300512965343, -0.2646607687803142, -0.43008663130261693, -0.07020984734853837, 0.6120394389252809, -0.39161786158444545, 0.24634015501253811, -0.8199342147602072, 0.24682358708300386, 0.7455721813296031, 0.029641754880315885], [0.04508206667288789, 0.13180833290673877, -0.3701579208776704, -0.7162685693497414, -0.4859394552510147, 0.09266867171350787, -0.35347769271459883, -0.4192795113410904, 0.5399688520612728, 0.4898435554501269, 0.04950547342961112, 0.19222846102420937, 0.24514640528920248, 0.0039704776215485], [-0.28327601055701607, -0.801847020074543, 0.12924596547676723, 0.05247645860516078, -0.4249855520214271, 0.5742853252308157, 0.4864236255707837, 0.29779343377578144, -0.13147881135590286, -0.37887244184760305, -0.0509374227210456, 0.7028187344655128, 0.34198911296513296, -0.042077188580968324]], "inverted": false, "swapped": true, "error_lsq": 0.043491548112720047, "error_max": 0.27580920405039844, "target": "776.xyz", "model": "6.xyz", "model_rescale": 3.89814844738969, "target_rescale": 4.169638959782924},
{"mapping": [9, 15, 7, 1, 4, 14, 12, 3, 0, 11, 13, 2, 16], "R": [[0.9468876442122196, 0.2782887069792427, -0.16111854271329096], [0.2075295682241937, -0.14612422489098664, 0.9672534255368076], [0.2456323829443363, -0.9493171790649476, -0.19611635827043428]], "T": [0.07313711076855813, -0.04036148180554479, 0.07463249514201149], "aligned_model": [[-0.09421961685495521, -0.010471405366989955, 0.46550825276652197, -0.2586192607988257, 0.5586502493482965, -0.4426904086859298, -0.5448241714887005, 0.31250511368939465, -0.48431756292582073, -0.5020523694725694, 0.1025595529816796, -0.03463870036527594, 0.08124212807739709], [-0.4144751377933905, 0.332621526680172, 0.36128860220114656, -0.647402111218891, 0.2845724250023125, 0.5414178810811271, -0.07247792683391006, -0.7511665260729424, -0.0375048718388228, 0.5307617350961858, 0.6840747024429767, 0.14263271072190864, 0.009438256002613214], [-0.5637847480108611, -0.6917221600277538, -0.35141490766857836, -0.028112556459156973, 0.2092595624916342, -0.3049784304893646, -0.27094231725742957, 0.04500791088321539, 0.33123453407720826, 0.33668779861904424, 0.13313019809943982, 0.755767751539992, 0.002142395038905523]], "inverted": false, "swapped": true, "error_lsq": 0.04269814195570662, "error_max": 0.22946086616890782, "target": "776.xyz", "model": "7.xyz", "model_rescale": 3.7474275329858107, "target_rescale": 4.169638959782924},
{"mapping": [8, 7, 15, 9, 14, 1, 3, 6, 12, 0, 5, 2, 4, 13, 16], "R": [[0.2919024222790574, -0.012322244788267211, -0.9563687249962729], [-0.899596153844163, 0.3360641969828265, -0.278904312435425], [0.32483801479569474, 0.9417584710474688, 0.08701290912230182]], "T": [-0.058410492043518204, -0.012449433222404077, 0.06566648909710013], "aligned_model": [[-0.31146680011116334, 0.2359573201668739, 0.5067071027469517, -0.13669252695502734, 0.7666213245558872, -0.41256849207603097, -0.7657991722905407, -0.3904433414880793, 0.27142534738567503, 0.11259115668142583, -0.5520349280662227, -0.03907898628632228, -0.021919855584261218, 0.5381247742889219, 0.0007307993706588689], [-0.07073603261711936, 0.2637515057890445, -0.255437528831282, -0.6308018528670922, -0.2705143764290766, -0.6058748913069799, -0.2154339947637271, -0.0907848258568676, -0.6372223151449207, -0.2841394473514861, 0.5025504260846669, 0.333742016544202, 0.563506947817652, 0.4031824052282176, -0.01667007431563891], [-0.6636885201771076, -0.5121353150889709, -0.5301565177937207, -0.36683563385957374, 0.02858956294991899, 0.17306992560038978, -0.08203926774753154, 0.5086771635337829, 0.12220610721994107, 0.5886879534614211, 0.2498844165719363, 0.6892252357010813, -0.09672864438960721, 0.0878317162215499, 0.00020647349275074167]], "inverted": true, "swapped": true, "error_lsq": 0.03877707634577705, "error_max": 0.2433046978014539, "target": "776.xyz", "model": "8.xyz", "model_rescale": 4.019505241142653, "target_rescale": 4.169638959782924},
{"mapping": [13, 4, 7, 15, 14, 9, 8, 11, 0, 6, 10, 1, 16], "R": [[-0.7633136721959979, 0.620637406588708, -0.1793361296044479], [0.4895170299209778, 0.37450548532256533, -0.787476170357335], [-0.4215748038675997, -0.6888794168837915, -0.5896777371902744]], "T": [-0.049206718278068176, -0.006163226355228826, 0.14811063378664166], "aligned_model": [[-0.4140374438392473, -0.5393695133891562, -0.10750173094316724, 0.4050139428525706, 0.25526745182438065, 0.6694899937429876, 0.22504597062243742, -0.1850915527570875, 0.04983827258950896, -0.13690866378500288, -0.33771482210301607, 0.4563913627312424, -0.020722495805274216], [-0.5082997064934521, 0.08792693805992076, 0.013718966881550373, -0.2688992826695228, -0.7496446724357447, 0.19662735598037584, 0.5371200264775148, -0.8351374669425552, -0.41616706321590236, 0.08603996288273368, 0.7447364747640678, 0.20562754827013696, -0.030270853445063913], [-0.23116887186392313, -0.1840293578424018, -0.5540294394092191, -0.5286903131721166, -0.17310663044514255, 0.014331360061348414, -0.3304521333584032, 0.2896545115982734, 0.5938632819823381, 0.6925806928008743, -0.06273927216340835, 0.5824289614288495, 0.06806070442681017]], "inverted": false, "swapped": true, "error_lsq": 0.04380675613762485, "error_max": 0.2519133313500474, "target": "776.xyz", "model": "9.xyz", "model_rescale": 3.877068213659057, "target_rescale": 4.169638959782924},
{"mapping": [2, 5, 8, 1, 3, 6, 12, 10, 4, 7, 14, 13, 0, 9, 15, 16], "R": [[-0.845175509692395, -0.5303767373349115, 0.06617306332772327], [0.0858313047255203, -0.01247947829352336, 0.9962315241702786], [-0.527552220112204, 0.8476702065753496, 0.05607027678894372]], "T": [0.023827531075722223, 0.00914712865254662, -0.13083330277443245], "aligned_model": [[0.3136373892861224, -0.2747017449634496, -0.5804577332799828, 0.33333678634610203, -0.1899083929090753, 0.30757409505684863, 0.5194916930880848, -0.7067906827808371, -0.41448357593058227, -0.4864263461257242, 0.3911563599925052, -0.012377828182863222, 0.6306732911312826, 0.016307811201649727, -0.12548470568207196, -0.0061378909309145885], [0.08734083912973302, -0.28263835040895624, -0.1715293581645751, -0.5435914105452687, -0.7047340714293935, -0.37252246727422755, 0.08481913911697615, -0.349536621642312, 0.2666091726836229, 0.4408239490549244, 0.6855102034499179, 0.7095086033584576, 0.016379554332176256, -0.24114648982519393, 0.507288294793678, 0.0692178905039897], [-0.7780919274358198, -0.7379310620229222, 0.3181531988814469, 0.1654795211972515, -0.0407830127208908, -0.42486886437933796, 0.3700862004434576, -0.3013852385838136, -0.4486794418863831, 0.09297553535579423, 0.2644542308809714, -0.32390951341250146, -0.22190687386553679, 0.5852968785436654, 0.5495837756706581, -0.07343907955599731]], "inverted": false, "swapped": true, "error_lsq": 0.03277687247613384, "error_max": 0.2101442138150995, "target": "776.xyz", "model": "10.xyz", "model_rescale": 4.260839863003843, "target_rescale": 4.169638959782924},
{"mapping": [13, 15, 9, 12, 1, 0, 2, 4, 8, 3, 5, 16], "R": [[0.8804027248042495, 0.010656873500881472, 0.4741070271620525], [0.19211709749467898, -0.9220492182457934, -0.33603014743106185], [0.4335689829859523, 0.38692592337488496, -0.813822011752582]], "T": [0.03964880546629679, 0.07854841291779835, -0.06870831133050168], "aligned_model": [[0.5320823387254181, 0.1279782368469565, -0.39915482950000547, -0.4897888807334312, -0.6125302789626546, -0.35327560769054095, 0.1518592701037437, 0.6318514246371516, 0.1822412871898612, -0.23645711968449856, 0.3546266869929585, 0.06946612116917165], [0.026792060089274816, -0.7333105278265089, -0.4927555477179487, -0.2454954851567933, 0.07512188223107255, 0.3431974858984834, 0.7264756449726161, 0.1527641677349409, -0.4548753265453589, 0.1512713017472243, 0.6246517562737526, -0.0007589061678205944], [-0.6015553265886007, -0.32656318907244963, 0.16921821668734216, -0.41079141808572583, 0.18381468204535276, -0.4588105460661247, -0.34555998833518176, -0.01198460928077133, 0.4739887041470696, 0.6254785275736361, 0.31258718595813006, -0.09364416158717218]], "inverted": false, "swapped": true, "error_lsq": 0.04533405772898167, "error_max": 0.23523838794485877, "target": "776.xyz", "model": "11.xyz", "model_rescale": 3.890672605050136, "target_rescale": 4.169638959782924},
{"mapping": [3, 1, 0, 10, 6, 7, 9, 4, 8, 15, 11, 12, 13, 16], "R": [[-0.32385760449987594, 0.7567334000484288, 0.5678651365057963], [0.769797498541864, 0.5597011116319164, -0.30683297879577087], [-0.5500255114504151, 0.3377709680969365, -0.7637949396693902]], "T": [0.20089733920694042, 0.02767233458821133, 0.14737413483490366], "aligned_model": [[0.48290719651195685, 0.2707521880337731, 0.32860756742258435, 0.4686285442939735, 0.6763688083621864, -0.2621193285961889, -0.27202670620057257, 0.2936690294491173, -0.13705291099944922, -0.6501853225074177, 0.11913883092378785, -0.21730712880703484, -0.00950765169372611, 0.11800271860070384], [-0.35981427212493894, 0.1757568803750995, 0.6213997406621586, -0.759125596302072, 0.22319232198477518, -0.3711328868458799, -0.07793989992493591, -0.31677372054239056, -0.6246463135337084, -0.028780938715344682, 0.7638496383688934, 0.5004096671821854, 0.17520697355125608, 0.010550925692667485], [-0.43033083984639997, -0.5325585301085489, 0.05913386786047377, 0.11884366476736505, -0.07248837006785197, 0.498606612248951, -0.43635078447974185, 0.6292245549703449, -0.09688712278291123, 0.22403897000939457, 0.568154567918713, -0.1750448482915343, 0.8278583128403677, 0.17259038031823987]], "inverted": true, "swapped": true, "error_lsq": 0.04494650209350065, "error_max": 0.30583895004825473, "target": "776.xyz", "model": "12.xyz", "model_rescale": 4.124412569039231, "target_rescale": 4.169638959782924},
{"mapping": [12, 15, 8, 11, 9, 1, 13, 6, 4, 2, 3, 10, 16], "R": [[-0.22064484360152992, -0.5345385295753492, 0.8158335696644753], [-0.8113324647232657, -0.3636616694552954, -0.45770058100799765], [0.5413459934996542, -0.7629015339926977, -0.3534483905090833]], "T": [0.06189147976238302, 0.10409183359923585, -0.06915811696963713], "aligned_model": [[-0.11264887565805543, -0.060651532826020815, 0.6537929706305512, -0.7654390885278721, 0.4745596200643245, 0.4283956114762844, -0.5359500159780983, 0.13318368082729892, -0.0070226016409788705, -0.3408862266287049, 0.7715416814445926, 0.6822167595621944, 0.04620632476424235], [-0.3240858762009831, 0.4263020856360435, 0.48032027666439664, -0.09669634984973452, -0.08733280526183823, -0.47436641681295816, 0.5179129855567977, -0.30782505469551746, 0.6399786564603411, -0.040109899339415306, -0.09505289680875786, 0.553027850241038, 0.1554128209190654], [0.46799090940493493, 0.7147869892960692, 0.2587112716777504, -0.03906018839531107, 0.5379724224113115, 0.07289094296860042, -0.0483483459728566, -0.44048358568839074, -0.32897663297318674, -0.6401429827274764, -0.21113147846368668, -0.39350048262040793, 0.0009892420504883925]], "inverted": true, "swapped": true, "error_lsq": 0.04183519692890182, "error_max": 0.2647554542349322, "target": "776.xyz", "model": "13.xyz", "model_rescale": 3.9028299243045295, "target_rescale": 4.169638959782924},
{"mapping": [10, 1, 3, 5, 4, 7, 6, 2, 8, 0, 13, 12, 9, 15, 14, 16], "R": [[0.07849199940330534, 0.9398268863696951, 0.33251230005266796], [-0.9966711819992443, 0.08135159261080879, 0.005336042720413492], [-0.02203544875650576, -0.3318242637848068, 0.9430838228714191]], "T": [-0.0871218175547562, 0.021343565518989777, 0.09018790465937697], "aligned_model": [[0.060439774785172484, -0.20614762986798804, -0.13433290117675145, -0.4901129292684916, -0.01118636035277587, 0.5038908013686892, -0.593219235682251, -0.719830674966693, 0.529404451323635, -0.4846387801994687, 0.011614339319326594, 0.056182709792707314, 0.3895093388068731, 0.6830259161295141, 0.2400806174688779, -0.006840165899779843], [-0.6351820106554606, 0.49004680647985344, -0.037968846949103546, -0.5549011896719364, -0.5391693333586673, -0.2885322510280295, 0.10425977447632404, -0.13844075908355027, -0.17997317929156892, 0.4517767821851896, -0.17939676051295705, 0.7095873555565921, 0.4618026769889505, 0.266372151426068, 0.4953146428225792, 0.026656422736816125], [-0.39842719360076817, -0.41505192886386355, -0.6565862372880024, -0.12973555867011205, 0.2889052801488316, 0.31706971329459005, -0.13259227886497066, 0.3786254348742653, -0.33261285257383405, 0.2727145882703462, 0.782322240779152, 0.18026487891806786, -0.30270443446271067, 0.37345390417074376, 0.7358965821296283, 0.1266179713629695]], "inverted": false, "swapped": true, "error_lsq": 0.03720152121836059, "error_max": 0.26512156466063674, "target": "776.xyz", "model": "14.xyz", "model_rescale": 3.942246331269136, "target_rescale": 4.169638959782924},
{"mapping": [12, 0, 1, 2, 4, 6, 8, 9, 15, 3, 10, 7, 11, 13, 16], "R": [[0.831951207162509, -0.2757158601326483, -0.48149553826817343], [0.03722154931280084, 0.8935745869682632, -0.44736899064558855], [0.5535989027875678, 0.35426716189312824, 0.7536730278022357]], "T": [-0.015385156377348497, -0.04345980336146988, -0.06086067060599182], "aligned_model": [[-0.6883026137519814, -0.31189169709225534, -0.18115316789424962, 0.23515661122226378, 0.36082053693146704, 0.17777537528230442, 0.09942970310307404, -0.4106435304876987, -0.6051654928979878, 0.3364592051416692, 0.6793105403262752, -0.04629732161818592, -0.4664701702725457, -0.14251936514393398, -0.06221457631600552], [0.014058604620603432, -0.4363107980008121, 0.25289167994482037, -0.6953026320266067, -0.15230155089375405, -0.23169173026376824, 0.681799928296252, 0.5845181734240822, 0.2954025538071687, 0.45891449028611425, 0.38857097937262985, 0.1932137231472019, -0.7624323969283722, -0.4794143003597913, -0.013772034544117767], [-0.27581018020969156, -0.427412777616806, -0.6722639141061619, -0.20707109047601369, 0.3930691137288516, -0.5506549694886175, 0.18451541207825567, -0.21884914043947049, 0.4594638662337866, -0.49357776308115486, 0.08844526264680502, 0.6023318899577481, 0.011929226244677127, 0.5073611310822859, 0.007886413806021994]], "inverted": false, "swapped": true, "error_lsq": 0.0371728290289096, "error_max": 0.20633608957980204, "target": "776.xyz", "model": "15.xyz", "model_rescale": 4.355366556412066, "target_rescale": 4.169638959782924},
{"mapping": [9, 1, 12, 7, 15, 8, 13, 10, 0, 3, 2, 16], "R": [[0.3940645070138936, 0.7901869751125173, 0.4693801323814492], [-0.8249622702111089, 0.5292355034438341, -0.1983608696862478], [-0.4051548062654942, -0.3090539212776327, 0.8604273686389157]], "T": [0.07074248170357589, 0.1253159795891321, -0.08723224677404273], "aligned_model": [[-0.1612904145569622, 0.4209642888613251, 0.1463904295456155, -0.618671238168189, -0.6140093060587649, -0.49540208266236696, -0.20537499294577755, -0.1965083695142701, 0.5492440720394892, 0.2235777547799917, 0.5573054163903848, -0.008417003078695279], [-0.5654584554669253, -0.41015658442754355, -0.49098721771997156, 0.2545642493855475, -0.2712511680653801, -0.072428455773487, 0.5010378468042297, 0.47025465774071157, -0.038026730992013424, -0.06338214641491066, 0.594773148515891, 0.10383728415483193], [0.12380635907400556, 0.195134501337702, -0.4289592143213348, -0.15649912272659222, -0.4147313347838517, 0.402431947135643, -0.6455221939299105, 0.6206796550832706, -0.4350308476566717, 0.6230162057529675, -0.31507915723127405, -0.11998833652453239]], "inverted": true, "swapped": true, "error_lsq": 0.04570030039535485, "error_max": 0.29615311423885005, "target": "776.xyz", "model": "16.xyz", "model_rescale": 3.795458400668931, "target_rescale": 4.169638959782924},
{"mapping": [9, 15, 7, 1, 4, 14, 12, 3, 0, 11, 13, 2, 16], "R": [[0.9468876442122196, 0.2782887069792427, -0.16111854271329096], [0.2075295682241937, -0.14612422489098664, 0.9672534255368076], [0.2456323829443363, -0.9493171790649476, -0.19611635827043428]], "T": [0.07313711076855813, -0.04036148180554479, 0.07463249514201149], "aligned_model": [[-0.09421961685495521, -0.010471405366989955, 0.46550825276652197, -0.2586192607988257, 0.5586502493482965, -0.4426904086859298, -0.5448241714887005, 0.31250511368939465, -0.48431756292582073, -0.5020523694725694, 0.1025595529816796, -0.03463870036527594, 0.08124212807739709], [-0.4144751377933905, 0.332621526680172, 0.36128860220114656, -0.647402111218891, 0.2845724250023125, 0.5414178810811271, -0.07247792683391006, -0.7511665260729424, -0.0375048718388228, 0.5307617350961858, 0.6840747024429767, 0.14263271072190864, 0.009438256002613214], [-0.5637847480108611, -0.6917221600277538, -0.35141490766857836, -0.028112556459156973, 0.2092595624916342, -0.3049784304893646, -0.27094231725742957, 0.04500791088321539, 0.33123453407720826, 0.33668779861904424, 0.13313019809943982, 0.755767751539992, 0.002142395038905523]], "inverted": false, "swapped": true, "error_lsq": 0.04269814195570662, "error_max": 0.22946086616890782, "target": "776.xyz", "model": "17.xyz", "model_rescale": 3.7474275329858107, "target_rescale": 4.169638959782924},
{"mapping": [9, 15, 12, 7, 3, 5, 1, 11, 8, 6, 4, 13, 2, 16], "R": [[0.931228578217525, -0.10738352394370787, 0.3482558167445282], [0.3490591589192044, 0.5374663094494158, -0.7676507472682109], [-0.10474272617029243, 0.8364201964277623, 0.5379871897379706]], "T": [0.023422910616625443, -0.03533080306911336, 0.08429444054005189], "aligned_model": [[0.5283019187545905, 0.08746003288858362, 0.6233827596533557, -0.39624964405840896, 0.22867056416430842, -0.4043637988982298, 0.6457077673407429, 0.100666211861901, -0.07379431418508567, 0.22200761437981176, -0.5756090023848196, -0.4107370664123359, -0.16940793544969499, 0.008812540228157705], [-0.38923636762413333, 0.08443562382102814, 0.2190693978418916, -0.0882650622525425, -0.7200855535594142, -0.3013613747350691, -0.3176072207836761, 0.8112882136223026, -0.65308168165069, -0.07217331653655908, -0.048342758796062715, 0.5052492465845224, 0.35332064542664054, -0.0228015498470052], [-0.35773940064292176, -0.7612594702491474, -0.19437791312185762, -0.479502689245343, 0.31321101959218034, 0.6219304231804419, 0.2332868650344292, 0.1387679399124134, -0.3721332267729087, 0.6056843609901921, 0.06377725252330396, -0.13564593926393514, 0.6506989372208009, -0.001903440495993669]], "inverted": true, "swapped": true, "error_lsq": 0.035859087018160554, "error_max": 0.2496477361079671, "target": "776.xyz", "model": "18.xyz", "model_rescale": 3.922800546911778, "target_rescale": 4.169638959782924},
{"mapping": [12, 9, 1, 0, 10, 14, 8, 2, 7, 6, 3, 5, 13, 4, 16], "R": [[-0.17099255919116646, 0.4891917559366992, 0.8552502385996889], [0.6187098958331825, 0.7288578792439844, -0.29319661775343564], [-0.7667852434021852, 0.47901734601946366, -0.42729705441662175]], "T": [0.06558170102738245, 0.09462724394849771, 0.01965868868804543], "aligned_model": [[-0.24532775486770578, -0.12270323750368575, 0.37928886061577805, 0.14532343093363703, 0.4153969298939787, -0.6937401126376623, -0.06770274079187757, 0.375318940412675, -0.4467467887809522, 0.5619506324951562, 0.5967396361204019, 0.6263350086933404, -0.41196393701015366, 0.0017116338470521408, -0.017829664532363912], [0.43606966005171044, -0.1713797205823962, 0.16351921652169832, 0.6851583941961527, -0.6261195367485158, 0.49492915257972814, -0.634976352107499, 0.5612165381991365, -0.3337957245584961, 0.3443675214989577, -0.3057743493411103, -0.08811476603157027, 0.2878380772657904, -0.16123898783259755, 0.06591238192359], [-0.5180047284195584, -0.6654215657170633, -0.6015971970793158, -0.12704746976703796, 0.24258996446774153, -0.08914607685429204, -0.2023940133137384, 0.46170507822351253, 0.24497529056945125, -0.042698204731002554, -0.3281462564315664, 0.4612323172691605, 0.5331907557352724, 0.5580661410349167, 0.01535513217684949]], "inverted": true, "swapped": true, "error_lsq": 0.03509560042294283, "error_max": 0.21565973655967013, "target": "776.xyz", "model": "19.xyz", "model_rescale": 3.9282355846067225, "target_rescale": 4.169638959782924},
{"mapping": [4, 5, 3, 2, 13, 6, 0, 1, 14, 15, 8, 7, 9, 16], "R": [[-0.5688237957971221, 0.3212597620342975, -0.7571206341347598], [-0.8081342309274887, -0.04725335418689314, 0.5870998086537964], [0.1528350553315253, 0.9458114430560431, 0.2864998430122695]], "T": [-0.03456224866913389, -0.11769402081434321, -0.03623377867440805], "aligned_model": [[-0.5248813486523044, -0.19849369560584518, 0.5337052219994686, -0.3652623280680204, -0.7115682980696836, 0.1915072341264471, 0.06927707190444031, 0.6491399045860091, -0.27536678826905303, -0.11488248775378364, 0.19192906567424078, -0.3971617212869842, 0.5450089722169609, -0.06042798371721628], [-0.4454409554885719, -0.7457615885492749, -0.6080344446894984, -0.13219881595254046, 0.13579254463362378, -0.22599955899324187, 0.30113080961096933, -0.0475757075085701, 0.6714575133125301, 0.31310662127185285, -0.4740873411406712, -0.1822024151662865, 0.047708632329750755, -0.08501320624523606], [0.0714631376856526, -0.3847790336886219, -0.04377156778231242, -0.6682739719186686, 0.04440626484053367, -0.5360369437930699, -0.4725955972973659, -0.16566310006669752, 0.22434776644990598, 0.6995417523548049, 0.6126722530659301, 0.5647276027906646, 0.4245102288675815, 0.041634365735345416]], "inverted": false, "swapped": true, "error_lsq": 0.03743851153431844, "error_max": 0.2165259124711617, "target": "776.xyz", "model": "20.xyz", "model_rescale": 4.067790424073018, "target_rescale": 4.169638959782924},
{"mapping": [7, 2, 8, 9, 10, 5, 3, 13, 4, 11, 0, 1, 12, 6, 16], "R": [[0.7316760920086461, -0.037230959556596915, -0.6806349623942711], [-0.3565539060105026, 0.8301120937913329, -0.4286994563211196], [0.5809642058609199, 0.5563521972562568, 0.5940983286599333]], "T": [0.0912768865616852, 0.03928761937692262, -0.0029260547628821697], "aligned_model": [[0.13022375781328963, 0.03092896418500156, -0.20416275319489574, 0.25890991803288993, -0.6772577014172116, -0.5569406756386267, -0.44416210740403395, 0.41056868586574147, -0.17741877936791095, 0.7417226111475548, 0.4448386605707898, 0.0857138116699771, 0.6851326475694606, -0.09472908876852501, 0.1350760028440142], [-0.03823222507957067, 0.6860105454869149, -0.5359649510446008, -0.7005233887754222, -0.10282603255987008, 0.3795712258300674, -0.4087368921887947, 0.5285697682709901, 0.36226986453512844, 0.5734871407574184, 0.22321867774986057, -0.4247600879351152, -0.2770350217008134, 0.16325827371693497, 0.012588242864719872], [-0.7024030789975382, 0.29229474833408886, -0.42859429618939354, 0.008241631154198516, -0.2870092590642917, 0.07982201447432906, 0.2727505466164738, -0.43622868812254634, -0.4306112277737559, 0.1284089362695609, 0.46373433305169803, 0.5202813027912951, 0.219795487155914, 0.5095910264337167, -0.07482390251260863]], "inverted": true, "swapped": true, "error_lsq": 0.036657097617617686, "error_max": 0.22103931300125323, "target": "776.xyz", "model": "21.xyz", "model_rescale": 4.186013935880536, "target_rescale": 4.169638959782924},
{"mapping": [12, 9, 15, 11, 6, 14, 0, 1, 7, 8, 3, 4, 16], "R": [[-0.21649483102281042, 0.167498330986973, -0.9618078276126596], [-0.7019626820833172, -0.7113961269759285, 0.03411661598172866], [-0.6785118872229143, 0.6825392733317457, 0.2715911619640302]], "T": [0.008096956759379867, -0.028711839979128385, 0.21228366555337352], "aligned_model": [[-0.034264834971285865, -0.3815244449423301, 0.3626324136582399, 0.5832663853130097, -0.31468114520410095, 0.5790041717188946, 0.015092987753805936, -0.6023264282094515, 0.4009363675808099, -0.2411477612993389, -0.7023863645454447, 0.33777033843723087, 0.056202350133186606], [-0.39399240935094254, 0.13953131349863862, 0.2822425294552742, -0.6531171962370286, -0.3792507836036755, -0.2830783069306664, -0.6399735924008533, -0.2710387867177623, 0.5268455293551514, 0.6596480088149622, 0.18759321577666377, 0.32881663627973157, 0.014730501606599868], [-0.3936083608143409, -0.41655278605881496, -0.5025716736733711, 0.1416031966923425, 0.504819903325302, -0.38605767863392604, 0.1582595468048414, -0.02808709687450464, 0.028361129737710378, -0.0395721292245374, 0.3211139957602713, 0.5628807974116266, 0.15229071688274723]], "inverted": true, "swapped": true, "error_lsq": 0.046126443840979234, "error_max": 0.2187166958245903, "target": "776.xyz", "model": "22.xyz", "model_rescale": 4.166573947596378, "target_rescale": 4.169638959782924},
{"mapping": [5, 4, 7, 8, 10, 2, 13, 6, 3, 9, 0, 15, 14, 0, 12, 16], "R": [[0.33961412434395016, -0.6817742978054085, -0.6479552865731046], [0.1883881950926381, 0.7242466953258166, -0.6633073286640001], [0.9215053632485435, 0.10320141065690891, 0.37440263666618845]], "T": [-0.1346684858681273, 0.06240184339751437, 0.0026241963904183527], "aligned_model": [[-0.7842530802269456, -0.21646403841810194, 0.32147020510550706, 0.13088656938054977, -0.46486419939918855, -0.6098657350047909, 0.13900794271701478, -0.6089517068666213, -0.4903855013331846, 0.2816157787355387, -0.22176016819498276, 0.7127137803680001, 0.5784503973191755, -0.22176016819498276, 0.2930603559078784, -0.05166719087410973], [-0.013843438196356528, 0.12502839563828644, -0.061895835674152355, -0.6248830904676312, -0.5196955575508069, 0.5926687684864993, 0.5911145171277292, 0.11989684992183625, -0.5727443132267409, -0.44746683628682266, 0.4669658536325563, -0.02445118220868736, 0.5315448205380888, 0.4669658536325563, 0.1638276814443068, 0.05667495081101707], [-0.33656998919435954, -0.5879830346249185, -0.5201394921642417, -0.2351014534437156, -0.49101370382367926, -0.042678121897872484, -0.41529872410996127, 0.29312454926176446, 0.18558111045726158, 0.3798339772189287, 0.45578143215073086, -0.08572744706564553, 0.14410224135667535, 0.45578143215073086, 0.5585831882816068, -0.027015431389211038]], "inverted": true, "swapped": true, "error_lsq": 0.04220974866756656, "error_max": 0.34784690231385074, "target": "776.xyz", "model": "23.xyz", "model_rescale": 4.274766983524099, "target_rescale": 4.169638959782924},
{"mapping": [13, 4, 5, 0, 3, 1, 12, 9, 15, 8, 16], "R": [[0.22014685672139422, 0.5437955531555589, 0.8098282273691931], [0.8915876696217555, 0.22462819807654266, -0.3932093590027236], [-0.39573575635029135, 0.8085966664518999, -0.43539021825109675]], "T": [-0.09739632137606816, 0.08546634955489787, -0.11157161598655146], "aligned_model": [[0.4160144358118948, 0.17388425092015106, -0.4475934512625581, -0.38242878678756365, -0.5568838530591194, -0.5646659961471203, -0.048577277081250286, -0.01973941195430587, 0.6388859420920836, 0.18419511959071747, -0.013196268164854086], [-0.046405712654043085, 0.49349301389013844, 0.6298863589740942, -0.4347053846065717, 0.47737474727160867, -0.10640310761791477, -0.5353293891056972, -0.044449391026147866, -0.14424022540205994, 0.5504047783424849, 0.07596084317759172], [-0.6096826478038374, -0.45704316485305074, -0.4634167627364063, -0.2690083984447892, 0.3341833433775934, 0.3721249044745735, 0.22689391423800592, 0.6318240949243303, 0.2606238756755222, 0.43972872873126717, -0.08666145356163152]], "inverted": false, "swapped": true, "error_lsq": 0.048812715516984115, "error_max": 0.23639044622916655, "target": "776.xyz", "model": "24.xyz", "model_rescale": 3.7841303162186577, "target_rescale": 4.169638959782924},
{"mapping": [10, 5, 13, 0, 2, 11, 6, 3, 4, 7, 8, 1, 14, 12, 15, 16], "R": [[0.3813297344978377, 0.18823799978360933, 0.9050713170934515], [0.18310445443415285, -0.9750317328189904, 0.12564186707610026], [0.906123828377877, 0.11781160992645465, -0.4062758080569861]], "T": [0.046962427590686195, -0.05081586204927598, 0.06624729527236334], "aligned_model": [[0.11817299550301114, 0.21632934160838763, -0.6171537063769383, 0.26087546172287907, 0.08497822694546248, -0.25976613826908795, 0.508165107990411, 0.6340833655539886, -0.34886994772926766, -0.542256352764122, -0.007637362750554433, 0.6715448611107502, -0.45398912572601197, 0.15140210780804395, -0.4776311255520937, -0.020405160602080447], [0.1186810679175726, -0.451631332776996, -0.3214557344975169, -0.36030483929796625, -0.7631403101062163, -0.5391778322119691, -0.36693680119165784, 0.22016699277901444, -0.21890765722271804, 0.2772842622459691, 0.6121388918261765, 0.19048886691765446, 0.07160519729566417, 0.21273438043107948, 0.5515927606649473, 0.0036745555949238076], [-0.7447673875184468, -0.5283012650568975, 0.18789953097205733, 0.5510836249959388, 0.0802621863695454, 0.6932383814363521, 0.06566082944845175, -0.31490328437430964, -0.35147435587114423, -0.13860833636039074, -0.3298630548623402, 0.26820266900375317, 0.7610208822951805, 0.7158342303779319, 0.37497309816288993, 0.08336226679868126]], "inverted": true, "swapped": true, "error_lsq": 0.0336785377175304, "error_max": 0.21313993750064478, "target": "776.xyz", "model": "25.xyz", "model_rescale": 4.19342608120988, "target_rescale": 4.169638959782924},
{"mapping": [9, 1, 12, 7, 15, 8, 13, 10, 0, 3, 2, 16], "R": [[0.3940645070138936, 0.7901869751125173, 0.4693801323814492], [-0.8249622702111089, 0.5292355034438341, -0.1983608696862478], [-0.4051548062654942, -0.3090539212776327, 0.8604273686389157]], "T": [0.07074248170357589, 0.1253159795891321, -0.08723224677404273], "aligned_model": [[-0.1612904145569622, 0.4209642888613251, 0.1463904295456155, -0.618671238168189, -0.6140093060587649, -0.49540208266236696, -0.20537499294577755, -0.1965083695142701, 0.5492440720394892, 0.2235777547799917, 0.5573054163903848, -0.008417003078695279], [-0.5654584554669253, -0.41015658442754355, -0.49098721771997156, 0.2545642493855475, -0.2712511680653801, -0.072428455773487, 0.5010378468042297, 0.47025465774071157, -0.038026730992013424, -0.06338214641491066, 0.594773148515891, 0.10383728415483193], [0.12380635907400556, 0.195134501337702, -0.4289592143213348, -0.15649912272659222, -0.4147313347838517, 0.402431947135643, -0.6455221939299105, 0.6206796550832706, -0.4350308476566717, 0.6230162057529675, -0.31507915723127405, -0.11998833652453239]], "inverted": true, "swapped": true, "error_lsq": 0.04570030039535485, "error_max": 0.29615311423885005, "target": "776.xyz", "model": "26.xyz", "model_rescale": 3.795458400668931, "target_rescale": 4.169638959782924},
