[{"mapping": [8, 11, 6, 4, 2, 3, 7, 5, 0, 1, 12, 9, 10, 13], "R": [[-0.00783439548628595, 0.8476787991632129, -0.530451954183014], [-0.4932452733240988, -0.46472047557661583, -0.7353529628166868], [-0.8698550009000351, 0.25588187319358496, 0.42175436498054475]], "T": [0.03554425377145312, -0.13724373743437515, 0.19397802122723073], "aligned_model": [[-0.4816675047885012, -0.5559133736782895, -0.19692857264524155, 0.09834548243747127, 0.6048768258069139, 0.15548846542791012, 0.0007166421270134726, -0.5938668055670472, 0.7831525034386061, 0.1856896147803461, 0.1921657683628402, 0.4586195341116478, -0.19870199739299574, 0.00018328546553341568], [0.13680654364982822, 0.2255548573264791, -0.4971327630566008, 0.058870973911618246, -0.32759822814659756, -0.6070529709259346, 0.4679250441506193, -0.5319562144457756, -0.17270720619005553, -0.4293542198698601, 0.1586362351767399, 0.45863538856121633, 0.7907326361644891, 0.006672881586466978], [-0.3236778218458375, 0.26892397118019296, -0.4392538149924684, -0.7392953858099551, -0.2865257099704377, -0.0011961984174673201, -0.257632724589946, 0.3369641720094285, 0.3816923840076466, 0.6685008868952502, 0.6662539479357088, 0.14222334866501196, 0.509283378776589, 0.1263210116459852]], "inverted": true, "swapped": false, "error_lsq": 0.04423857166237827, "error_max": 0.2777690857586097, "target": "778.xyz", "model": "0.xyz", "model_rescale": 3.8414455957264533, "target_rescale": 3.936708952790057},
{"mapping": [13, 8, 7, 0, 4, 2, 11, 9, 5, 6, 10, 1, 12, 14], "R": [[-0.3610774618877257, -0.6504914969038637, -0.6681944918752987], [-0.20193737290029226, 0.7540747788084361, -0.6249740197729313], [0.9104088993100001, -0.09073059252963589, -0.4036379511844431]], "T": [0.06019029256845866, -0.06583701966554958, 0.061709758758176504], "aligned_model": [[-0.5844570381844266, -0.5586575219015733, -0.09993343190015648, 0.0891622955753885, 0.4612069078350045, 0.3394412284700415, -0.04550118181313863, -0.49514984594089917, 0.5279335145252333, 0.02604558839542849, 0.21936052704781234, 0.6257650776375416, -0.1706879163275346, 0.11763166446748591], [0.20645316963810076, 0.1409184946368254, -0.49504757116066145, 0.035297264153742236, -0.2822295811418576, -0.741568967263242, 0.7413032083944845, -0.45977356652727697, -0.2346391180734051, -0.5151054106378246, 0.21339160358433648, 0.5261040028419011, 0.600289036749334, 0.002640392698176258], [-0.2300690485625266, 0.5073350916689034, -0.38894942231182283, -0.6555418353043895, -0.23523664796545454, 0.16175963338253554, -0.19051903939979312, 0.01788045805069844, 0.4941966543620705, 0.699690342971961, 0.6659262041021862, -0.21798450206180522, 0.3537044050947251, 0.07038915146241279]], "inverted": false, "swapped": false, "error_lsq": 0.04741061587018861, "error_max": 0.26617454101912463, "target": "778.xyz", "model": "1.xyz", "model_rescale": 4.316132596720782, "target_rescale": 3.936708952790057},
{"mapping": [2, 5, 7, 6, 0, 3, 1, 11, 9, 4, 10, 13], "R": [[-0.4580023300032523, 0.5492310523340254, -0.6989843466513761], [-0.31185274630777604, -0.8356000551919085, -0.45223933086760304], [-0.8324552422394191, 0.010853520872904199, 0.5539859842566159]], "T": [-0.07107407292207285, 0.05035409107472348, -0.04347481199319754], "aligned_model": [[-0.2585577182594309, 0.4476532745974779, 0.17368276836295676, -0.4567164306170735, -0.5987404256147839, -0.46770220266408524, -0.2066378861714181, -0.10573571717624301, 0.5771129669097228, 0.11751812044228335, 0.36460316039509333, 0.011328644427281445], [-0.6392500871016205, -0.4618022704538877, -0.3769989625168663, 0.4006307030598169, -0.26828758701136884, -0.16605851489724693, 0.21594834446307098, 0.6210180026589021, 0.07281657851926647, -0.03830776343916677, 0.5980174715190717, 0.055050512941009086], [0.07687757111327918, 0.1396942428863851, -0.5930851170188133, -0.06344909668077353, -0.387770431013362, 0.5036490199000812, -0.7764891325214803, 0.5157917725521828, -0.43152626463277527, 0.635562803209809, -0.14069473004070876, -0.029302176544403667]], "inverted": true, "swapped": true, "error_lsq": 0.03867309140310276, "error_max": 0.2251559879995908, "target": "778.xyz", "model": "2.xyz", "model_rescale": 3.795458400668931, "target_rescale": 3.936708952790057},
{"mapping": [11, 8, 4, 7, 6, 0, 5, 12, 9, 1, 3, 13], "R": [[-0.6263170752069518, 0.47874539109428305, 0.6152477320642404], [-0.5577968312525358, 0.27612861578665426, -0.7826976955302579], [-0.5446004189760045, -0.8334001668164749, 0.09409859510870561]], "T": [0.019664878349357925, 0.08656182827176481, 0.06592499962527985], "aligned_model": [[-0.18569307862673085, -0.17932855828915378, -0.6347466408970781, 0.26070179232400303, 0.2523404404624432, 0.22760801057072053, -0.44868651219159245, 0.7720805231575202, 0.289496170338268, 0.7517018803875964, -0.5119421402190584, -0.00022806127337251028], [-0.06882189172506176, -0.647422578124871, -0.08995536215202346, -0.0014478030555737653, 0.3511282482277489, 0.696383582545208, -0.2623946761798519, -0.07454645378377753, -0.5255387089517817, 0.19143584421914636, 0.5108914803141894, 0.006057363956357614], [-0.691255197700672, -0.009169243114985196, -0.14645971655474804, 0.7578524105980184, -0.31836577209338696, 0.35468243040560915, 0.5390100187958732, -0.41297839005656245, 0.41771888535672574, 0.2562727517617944, -0.13614207081957258, 0.07760532406100679]], "inverted": false, "swapped": true, "error_lsq": 0.048759584768138964, "error_max": 0.2555748272272684, "target": "778.xyz", "model": "3.xyz", "model_rescale": 3.7530521520055578, "target_rescale": 3.936708952790057},
{"mapping": [0, 3, 5, 4, 7, 11, 1, 6, 12, 10, 13], "R": [[0.4682746056371321, -0.7467468465874816, 0.47232196733482634], [0.8386639364270223, 0.543905968404601, 0.02844467033707443], [-0.27813970491844586, 0.38279948360140914, 0.8809670027318699]], "T": [-0.030128672023511348, -0.09559151539830926, -0.051439806307059806], "aligned_model": [[-0.496602623719239, -0.27705011511153727, 0.6254736735108415, 0.26589526960436083, 0.24163152077786929, -0.13786774901998758, -0.30321542161936, -0.4936380171588198, -0.363477435986898, 0.22781520535981145, 0.04923529580816397], [-0.6163022558200459, 0.0750404255788644, -0.2903835250577913, 0.3189967317503547, -0.7531270530081318, 0.6950495453959992, -0.4850371573591834, 0.10561605144185643, 0.20756961342732702, 0.28368777982756777, -0.07390679786247077], [-0.15026363568462583, -0.6944073936810268, -0.3631684381121109, -0.5464210524302883, 0.1445230614739304, -0.10544764305332455, 0.5459417446889051, 0.07696310261478911, 0.7349478648074979, 0.4859741074588715, -0.035810940837301186]], "inverted": false, "swapped": true, "error_lsq": 0.05302169524378872, "error_max": 0.373564685674928, "target": "778.xyz", "model": "4.xyz", "model_rescale": 3.7855080009869324, "target_rescale": 3.936708952790057},
{"mapping": [5, 4, 10, 9, 15, 8, 2, 7, 13, 6, 12, 14, 1, 16], "R": [[-0.7553049229505359, 0.19430777490970597, -0.6259065121696088], [0.01867564772909476, 0.9610312946263485, 0.2758080327523179], [0.6551073908517475, 0.19662995539450231, -0.7295004914960456]], "T": [0.01586583526522678, 0.018519095602576585, 0.10487946824686557], "aligned_model": [[-0.7150328378898989, -0.6074931619665924, -0.12991357153173055, 0.20840094052176694, 0.6166373766999192, 0.25701425862585314, 0.0729774541930763, -0.5243552914551861, 0.5633108097201516, -0.12587229285061136, 0.43679664925098094, 0.5731032333825965, -0.22423986446943345, 0.05082616565531535], [-0.007712050346089405, 0.0344054203238344, -0.4330293146208489, 0.16249964984788862, -0.3656887273361562, -0.6421562761596041, 0.6842956431163848, -0.4987611199779445, -0.24524005212331856, -0.3349285816149566, 0.4072267164151434, 0.33284686412565584, 0.5977353892078322, 0.046539397034811844], [-0.24182256690954945, 0.5025878653449652, -0.44812746828549754, -0.5652801041626526, -0.3083710737742176, 0.07908479784368598, -0.21018487334501557, 0.14905847558978755, 0.49934461348831094, 0.6350323806926158, 0.4720155443408354, -0.11507947021109959, 0.5290983706622218, 0.07522495421531075]], "inverted": true, "swapped": false, "error_lsq": 0.04452738461729851, "error_max": 0.27381670464719116, "target": "778.xyz", "model": "5.xyz", "model_rescale": 4.2253639853439635, "target_rescale": 3.936708952790057},
{"mapping": [8, 11, 10, 1, 4, 2, 9, 5, 3, 6, 7, 0, 12, 13], "R": [[0.34429826725242335, -0.7701163036700339, -0.5370098527853872], [0.8329867292673324, 0.5144372604515679, -0.2036845942225334], [0.4331187043196024, -0.3771938279992001, 0.8186165183331076]], "T": [0.010661723364871444, -0.013717502429280746, 0.02108840102318712], "aligned_model": [[-0.5900438790094967, -0.5865629881050588, -0.2216396573962969, 0.2274201095870959, 0.5755404478553163, 0.11604910014705144, -0.09722523263964203, -0.4323149113628017, 0.5673894826339452, 0.018007163204531627, 0.40481026882893695, 0.5875289834462344, -0.17380276129100458, 0.05700374198739628], [0.10088547312868253, 0.08457626552992176, -0.5672368782839471, 0.050266081149445, -0.3369741537040674, -0.6705051228918789, 0.528534114622446, -0.45549227511744533, -0.20984685191945662, -0.226810265027462, 0.3001929759930469, 0.5402664171946352, 0.6361112294105103, -0.03593405219179675], [-0.39350032635371524, 0.5101842689297045, -0.47707306219838186, -0.6772150323014872, -0.2569915806928381, 0.10881031652485468, -0.23760063240160054, 0.11777354855035957, 0.4142765913673768, 0.6279289790706232, 0.6338676040581291, -0.03712354251886855, 0.6653237909585452, 0.053920522496999676]], "inverted": false, "swapped": false, "error_lsq": 0.033665309266630035, "error_max": 0.18730541359209105, "target": "778.xyz", "model": "6.xyz", "model_rescale": 3.89814844738969, "target_rescale": 3.936708952790057},
{"mapping": [3, 4, 11, 2, 6, 8, 5, 0, 7, 9, 10, 1, 13], "R": [[0.02792630650621092, -0.9483111398217139, 0.316110903790052], [-0.5787949279166319, -0.2731699140305671, -0.7683583991123633], [0.8149948176662858, -0.16150597561259106, -0.5565063045631405]], "T": [0.0193639694694661, 0.039101237919201455, -0.004326244178650827], "aligned_model": [[0.2574528291298277, -0.08361608882948433, 0.490349262333653, -0.2639818189702751, 0.5319743906076657, -0.36055106816733445, -0.674288782452714, 0.1646221873653887, -0.5169643529980997, -0.5102988059283107, 0.027753319295748966, 0.1239811559133784, -0.037800426395222034], [-0.35410574494783026, 0.13115968023596464, 0.47780805191710246, -0.5982668042249767, 0.05144477302763167, 0.6494958431386874, -0.00019287895972932428, -0.5642892655810016, -0.15370563460765893, 0.4581453856347921, 0.732211943107309, 0.03693212172791067, 0.09714379500228484], [-0.5448766491198045, -0.7010617560447846, -0.47903355127794156, -0.20096265732082966, 0.08996531579698827, -0.2632734049040346, -0.29109258549831424, 0.3323096458769103, 0.46448658796843273, 0.33492923251557627, 0.1325266386515366, 0.7520860359655812, -0.023727821773020418]], "inverted": true, "swapped": true, "error_lsq": 0.040176573751943064, "error_max": 0.19693476382272493, "target": "778.xyz", "model": "7.xyz", "model_rescale": 3.7474275329858107, "target_rescale": 3.936708952790057},
{"mapping": [4, 2, 9, 11, 7, 5, 12, 8, 6, 3, 0, 10, 1, 14], "R": [[-0.9559652667072491, 0.2433777775075866, 0.16400507999694974], [0.15418659926919415, 0.8919900505995788, -0.42494734054605166], [-0.24971363890492476, -0.38094751219404066, -0.8902370984732283]], "T": [-0.007387975689165667, 0.08517472893513493, 0.018926049650169724], "aligned_model": [[-0.7712559242148685, -0.6800700953350007, 0.020660044714943114, 0.20612944845643796, 0.5107495275499823, 0.17451646605770893, 0.042829249702433916, -0.4493030766456548, 0.6242073221711081, 0.010736362516295388, 0.3283630355430824, 0.7094263096572497, -0.21293272391816273, -0.06189607836934747], [-0.017179469641385378, 0.10412390892619548, -0.4719138586446227, 0.08949361161151999, -0.2839343853925413, -0.600491123154722, 0.6207197164284796, -0.4324334919791157, -0.24609263081640437, -0.31148459740614337, 0.2728434299713215, 0.3030131026169842, 0.6020824805207743, 0.10928626485229273], [-0.11618583396640247, 0.5246227871681204, -0.49992465549361254, -0.5649160629355199, -0.22432201587421943, 0.11789360682188227, -0.28325339280758277, 0.06368193244924758, 0.41677955847192305, 0.6159749791155107, 0.5539633892208532, -0.0993409489725108, 0.5242571815587529, 0.023350920733259256]], "inverted": false, "swapped": false, "error_lsq": 0.04776744774969888, "error_max": 0.2550304248817247, "target": "778.xyz", "model": "8.xyz", "model_rescale": 4.019505241142653, "target_rescale": 3.936708952790057},
{"mapping": [0, 6, 3, 2, 7, 5, 4, 1, 9, 10, 11, 8, 13], "R": [[0.255700927602657, -0.9651740598855456, 0.05528173068197146], [0.9505502842211859, 0.2405770314644337, -0.19640990071476444], [0.17627022661290115, 0.10277025861509807, 0.9789622470524706]], "T": [-0.061358548173184466, -0.08816432867054091, -0.024753013530607673], "aligned_model": [[-0.266001646222853, -0.5755123854858106, -0.07608304642619079, 0.31718287875285645, 0.30049253980945284, 0.6891220855719896, 0.2610649521878369, -0.4118019610536274, 0.29266003438302923, -0.16560892422809514, -0.37782319753703403, 0.3374161166832618, -0.00540667469363991], [-0.6149311558990398, -0.026947548980931824, 0.2486249055556805, -0.2930549730875284, -0.7154501056419231, -0.04698192083731413, 0.5163273634803707, -0.7008630569453543, -0.3197003001745473, 0.12066949911503927, 0.6412115005242157, 0.31432601921164566, -0.05985199820625404], [-0.4480043386393213, -0.08567133969138055, -0.6491318869819147, -0.6077752668604883, 0.11731871235256207, -0.028744259310239974, -0.21224408862454752, 0.266620768846293, 0.601583053567858, 0.6421216627322032, 0.06184298894924099, 0.48803439708091123, 0.030753090622702914]], "inverted": false, "swapped": true, "error_lsq": 0.04326039270412701, "error_max": 0.2198747126861216, "target": "778.xyz", "model": "9.xyz", "model_rescale": 3.877068213659057, "target_rescale": 3.936708952790057},
{"mapping": [8, 11, 1, 7, 4, 5, 9, 0, 3, 12, 6, 13, 10, 15], "R": [[-0.1414569687349565, 0.7427579812498538, -0.6544467184469336], [0.3549927824984792, -0.5790661556276648, -0.7339363131638774], [-0.9241049996457684, -0.3361442676831474, -0.18176077941474472]], "T": [0.11186371873386296, 0.10142215728827347, 0.0726910353521774], "aligned_model": [[-0.516944615267781, -0.561886971811365, -0.08462061803219519, 0.054583531834286506, 0.5564897852973332, 0.16862660932706625, -0.20945535764974138, -0.4755216321656541, 0.6046981296733412, -0.08041629117038342, 0.36771390273352705, 0.7454893367450464, -0.16307225146122023, 0.04647630983394728], [0.14005555059893965, 0.12950126883950236, -0.6209190056765665, -0.08858435285001154, -0.1609466187150863, -0.6741414173714928, 0.6370677757806107, -0.42188756870508864, -0.25510958492623453, -0.29008124449405326, 0.18689214683934677, 0.5419495320755345, 0.5718359502629258, 0.042400526234306915], [-0.3727643224778508, 0.37256908848048903, -0.366084260096005, -0.7190810756182887, -0.3649857472805852, 0.1519031439909399, -0.14057669882625462, 0.1947214244492952, 0.2536902146753179, 0.6792787865453738, 0.6272540519321919, 0.1184371196289935, 0.5269286990613502, 0.09129102102473391]], "inverted": true, "swapped": false, "error_lsq": 0.04221960628148392, "error_max": 0.2355727169577514, "target": "778.xyz", "model": "10.xyz", "model_rescale": 4.260839863003843, "target_rescale": 3.936708952790057},
{"mapping": [2, 7, 9, 5, 10, 4, 3, 0, 1, 12, 6, 13], "R": [[0.7988387922587421, -0.10217310055494194, 0.5928045559082554], [-0.5233351454931012, -0.6039566935118557, 0.6011294684624443], [0.2966090178573618, -0.7904409970928988, -0.5359348100659957]], "T": [-0.015216037765151182, 0.10738481524255414, -0.0553794411520174], "aligned_model": [[0.3987367278895194, 0.15023158259292577, -0.43598049733775796, -0.2897424775930987, -0.5832619878458422, -0.3639692411544854, 0.22519298470009189, 0.6799657710580843, 0.27419298181763446, -0.1683188011128609, 0.16279916054042276, -0.09094755446050316], [0.022043076685919233, -0.6060852200430039, -0.5114630943110136, -0.2215348040440935, 0.027019888015000187, 0.4931808202895446, 0.6418077329694137, -0.010922788284117135, -0.3162425556572057, 0.14903227448238673, 0.42840425308907615, 0.07783892234102706], [-0.6440632539188059, -0.14590913146246567, 0.05054254072870304, -0.6729393332014386, 0.35701214392754177, -0.5391693421626395, -0.45548995548202986, -0.020317557530945246, 0.5102098695020786, 0.8369538322060317, 0.31484996705055224, -0.0755017022610783]], "inverted": true, "swapped": true, "error_lsq": 0.04020291937600467, "error_max": 0.24256435982133454, "target": "778.xyz", "model": "11.xyz", "model_rescale": 3.890672605050136, "target_rescale": 3.936708952790057},
{"mapping": [10, 2, 12, 5, 5, 7, 11, 4, 8, 3, 0, 6, 1, 13], "R": [[-0.5263600684716356, -0.8280738881496879, -0.19297335070727645], [-0.45334530058442124, 0.46532884972816063, -0.760228320998822], [0.7193212889638092, -0.31267026941384335, -0.6203339309340726]], "T": [0.07692806625413301, 0.1390630402246718, 0.05664609807813678], "aligned_model": [[-0.701332490999548, -0.6088091892070462, -0.17580943477719574, 0.487777962565954, 0.487777962565954, 0.2029271322595246, -0.2485451186266921, -0.4490497701597151, 0.7009794962092513, 0.17012070690060527, 0.11224468083299839, 0.44663153490999996, 0.00389237287835989, 0.023354022533756666], [0.004570539969930454, 0.29352233007109796, -0.366233950784208, -0.2674666971279601, -0.2674666971279601, -0.6966344191448397, 0.530980551519475, -0.1998809289813256, -0.10384815012990489, -0.5086968310705209, 0.1144257607824708, 0.5806676327392328, 0.6443845677221678, -0.020290750545022607], [-0.36259461659659575, 0.1637482825535029, -0.42908104054485996, -0.4638422468284764, -0.4638422468284764, -0.05604002371826691, -0.15127223723472658, 0.37211613653731057, 0.3226254435349365, 0.708401755415308, 0.6455775719726727, 0.075700574597482, 0.6436846246936868, 0.04739946793620352]], "inverted": false, "swapped": false, "error_lsq": 0.06135736962562937, "error_max": 0.46292397511734185, "target": "778.xyz", "model": "12.xyz", "model_rescale": 4.124412569039231, "target_rescale": 3.936708952790057},
{"mapping": [1, 10, 11, 7, 6, 0, 9, 2, 8, 5, 3, 4, 13], "R": [[-0.3891853399246381, -0.5394469497637144, 0.7466804936372509], [-0.8754572164587864, -0.03554557000673403, -0.4819866954627796], [0.2865474364533344, -0.8412689824565751, -0.4584289103214384]], "T": [0.15777830961645553, 0.04889634473517377, 0.05418529109166338], "aligned_model": [[-0.25304509845079104, -0.06377611818012754, 0.7230107489668763, -0.5012390431830145, 0.472077015268074, 0.16880587626793334, -0.5357297405996025, 0.20415039006484, -0.07769149664017086, -0.16021949340033872, 0.7612341059645178, 0.5132043031951266, 0.11651685823643465], [-0.3004590678899147, 0.6021676907943604, 0.5791699158003969, -0.2513818812638172, -0.054956493137910976, -0.6549115026689263, 0.3471720074580162, -0.3893218177062764, 0.7583487977979706, 0.23935512439638143, -0.09626950854922361, 0.45149827415239085, 0.11707383732503057], [0.5948181807414279, 0.43366651003323486, 0.25156834885428314, -0.08772012409855924, 0.4569800486202575, 0.10929135936169719, 0.09042263586965817, -0.5211434916126183, -0.10456554870456665, -0.5996770437394765, -0.2897053218159147, -0.4106846608546377, 0.02844718831305311]], "inverted": true, "swapped": true, "error_lsq": 0.04105248610069337, "error_max": 0.20610430905909932, "target": "778.xyz", "model": "13.xyz", "model_rescale": 3.9028299243045295, "target_rescale": 3.936708952790057},
{"mapping": [4, 8, 10, 7, 9, 14, 3, 13, 11, 12, 1, 6, 2, 15], "R": [[0.6808723820810401, -0.7323535973386378, -0.008426611682434026], [0.48490136271855216, 0.44213260244065816, 0.7545789755173027], [-0.5488929474432891, -0.5178580600166491, 0.6561551355607997]], "T": [-0.07414173160251526, 0.07392446866348786, 0.11222044829875477], "aligned_model": [[-0.5165816441081871, -0.6621307438176854, -0.18028625507803042, 0.23902076466429906, 0.5843308804010954, 0.27287189954086843, -0.06578018652029129, -0.36341127016839814, 0.4835175040534332, -0.13674599444687474, 0.42641139595181576, 0.47805529634125454, -0.11527784197075273, 0.00816606304366091], [0.13735173247349103, 0.22130483984085242, -0.43505978713649623, -0.018923312673420387, -0.15205997354426837, -0.7367574883203148, 0.5827570599061072, -0.6512614279986919, -0.29076447303033126, -0.28416541835879827, 0.2357194621840752, 0.41793308920317046, 0.6627332235932184, 0.04922543175404012], [-0.39727653884666336, 0.5908174679964064, -0.42165310370852205, -0.7327271810072997, -0.22864654568108744, 0.0385525638133975, -0.2479308031100257, 0.2641411550354778, 0.43139883264172946, 0.7055943844022601, 0.4936227323900497, -0.033191977489721525, 0.5524043190819278, 0.03747613997177243]], "inverted": true, "swapped": false, "error_lsq": 0.037125861419945345, "error_max": 0.20876982640031239, "target": "778.xyz", "model": "14.xyz", "model_rescale": 3.942246331269136, "target_rescale": 3.936708952790057},
{"mapping": [12, 1, 8, 11, 6, 7, 4, 0, 9, 2, 5, 10, 3, 14], "R": [[0.6761779969659734, 0.7365221544812195, 0.017844673643044068], [0.7199137012642278, -0.6656892905448046, 0.19642309229312793], [0.1565489672630396, -0.11997034805441374, -0.9803568413779641]], "T": [0.04774870282099841, 0.07112028106796875, 0.00244502995197754], "aligned_model": [[-0.7363207787379539, -0.588664640866631, -0.11579076291895224, 0.2629179481689796, 0.41412104729852384, 0.29842304664825314, 0.1395987883985294, -0.3383003747599139, 0.730532458079598, -0.005906796024550007, 0.007993084709748022, 0.6688796772957085, -0.2618174742559897, -0.023505355149142093], [0.27659146020829545, 0.18259485294535877, -0.5324161249647559, 0.08820904458842306, -0.27186386811698765, -0.7324772957051977, 0.616254638080287, -0.5207926893485203, -0.17076284400559621, -0.40413283029426306, 0.13786045981107353, 0.41417283203956995, 0.6356833072240876, 0.019112015430858748], [-0.10287781084387157, 0.49151855364928676, -0.45344922974689705, -0.6813101855120598, -0.24437994436855962, 0.1520204827512548, -0.19263462430948353, 0.20572470926083686, 0.35381549469250245, 0.5973429087712248, 0.6323218413675471, -0.07179630532114234, 0.3217964069773958, 0.044489148121666516]], "inverted": false, "swapped": false, "error_lsq": 0.05316911499143358, "error_max": 0.3493723588312316, "target": "778.xyz", "model": "15.xyz", "model_rescale": 4.355366556412066, "target_rescale": 3.936708952790057},
{"mapping": [2, 5, 7, 6, 0, 3, 1, 11, 9, 4, 10, 13], "R": [[-0.4580023300032523, 0.5492310523340254, -0.6989843466513761], [-0.31185274630777604, -0.8356000551919085, -0.45223933086760304], [-0.8324552422394191, 0.010853520872904199, 0.5539859842566159]], "T": [-0.07107407292207285, 0.05035409107472348, -0.04347481199319754], "aligned_model": [[-0.2585577182594309, 0.4476532745974779, 0.17368276836295676, -0.4567164306170735, -0.5987404256147839, -0.46770220266408524, -0.2066378861714181, -0.10573571717624301, 0.5771129669097228, 0.11751812044228335, 0.36460316039509333, 0.011328644427281445], [-0.6392500871016205, -0.4618022704538877, -0.3769989625168663, 0.4006307030598169, -0.26828758701136884, -0.16605851489724693, 0.21594834446307098, 0.6210180026589021, 0.07281657851926647, -0.03830776343916677, 0.5980174715190717, 0.055050512941009086], [0.07687757111327918, 0.1396942428863851, -0.5930851170188133, -0.06344909668077353, -0.387770431013362, 0.5036490199000812, -0.7764891325214803, 0.5157917725521828, -0.43152626463277527, 0.635562803209809, -0.14069473004070876, -0.029302176544403667]], "inverted": true, "swapped": true, "error_lsq": 0.03867309140310276, "error_max": 0.2251559879995908, "target": "778.xyz", "model": "16.xyz", "model_rescale": 3.795458400668931, "target_rescale": 3.936708952790057},
{"mapping": [3, 4, 11, 2, 6, 8, 5, 0, 7, 9, 10, 1, 13], "R": [[0.02792630650621092, -0.9483111398217139, 0.316110903790052], [-0.5787949279166319, -0.2731699140305671, -0.7683583991123633], [0.8149948176662858, -0.16150597561259106, -0.5565063045631405]], "T": [0.0193639694694661, 0.039101237919201455, -0.004326244178650827], "aligned_model": [[0.2574528291298277, -0.08361608882948433, 0.490349262333653, -0.2639818189702751, 0.5319743906076657, -0.36055106816733445, -0.674288782452714, 0.1646221873653887, -0.5169643529980997, -0.5102988059283107, 0.027753319295748966, 0.1239811559133784, -0.037800426395222034], [-0.35410574494783026, 0.13115968023596464, 0.47780805191710246, -0.5982668042249767, 0.05144477302763167, 0.6494958431386874, -0.00019287895972932428, -0.5642892655810016, -0.15370563460765893, 0.4581453856347921, 0.732211943107309, 0.03693212172791067, 0.09714379500228484], [-0.5448766491198045, -0.7010617560447846, -0.47903355127794156, -0.20096265732082966, 0.08996531579698827, -0.2632734049040346, -0.29109258549831424, 0.3323096458769103, 0.46448658796843273, 0.33492923251557627, 0.1325266386515366, 0.7520860359655812, -0.023727821773020418]], "inverted": true, "swapped": true, "error_lsq": 0.040176573751943064, "error_max": 0.19693476382272493, "target": "778.xyz", "model": "17.xyz", "model_rescale": 3.7474275329858107, "target_rescale": 3.936708952790057},
{"mapping": [11, 7, 10, 3, 8, 5, 1, 12, 4, 9, 6, 0, 2, 13], "R": [[0.2542386103478244, -0.9560625296065756, -0.14596975197171058], [0.6208413430951317, 0.2770612198814188, -0.7333437850978577], [0.7415650717989892, 0.09582024796511276, 0.6640028044878006]], "T": [-0.01552785225922313, -0.007437810843049798, 0.04218329689446178], "aligned_model": [[-0.5858566400419432, -0.7026395339706547, -0.0851240394312632, 0.05117795046109729, 0.56490687515852, 0.14622059193042147, -0.1564091844337165, -0.4885712846208491, 0.7021648865891463, -0.04153749699163405, 0.34844663396971703, 0.6355766565344283, 0.027830232551037525, 0.03597422018190003], [0.013572785689435362, 0.17124900729436254, -0.522781589375022, 0.12290961911204, -0.19482304917309595, -0.7071863361372348, 0.6111274617355135, -0.5328990197054038, -0.2776409588240705, -0.2261787978939006, 0.12439285381264979, 0.5168795144002266, 0.5693109478555477, 0.07010051910158441], [-0.4005584906812046, 0.2939129930288523, -0.41170714266442615, -0.6204999341418871, -0.3383909414378007, 0.12826104559374157, -0.23358448696403078, 0.28581694069996133, 0.36019778311494555, 0.6740060923213032, 0.7093729705938884, 0.05940688128282197, 0.4536607198849529, 0.09268701485858274]], "inverted": false, "swapped": false, "error_lsq": 0.038604790576551105, "error_max": 0.22662308015896898, "target": "778.xyz", "model": "18.xyz", "model_rescale": 3.922800546911778, "target_rescale": 3.936708952790057},
{"mapping": [4, 13, 6, 10, 2, 1, 11, 8, 0, 5, 3, 9, 7, 14], "R": [[-0.27732239068290304, -0.6075238830331434, 0.7443164805176966], [-0.7058068948308024, -0.3967968040188419, -0.5868465928415478], [0.6518657214758418, -0.6880894039765213, -0.3187539071133339]], "T": [-0.0362195347203096, -0.07595062803270808, 0.1446228701946204], "aligned_model": [[-0.5072909660922178, -0.6159763299786056, -0.23317379882165612, 0.10255538438116653, 0.6024865462073262, 0.2748916310200342, -0.22525046657506692, -0.5115180243424733, 0.6395882820274381, 0.016210850160176232, 0.38202948633592754, 0.5150927384837354, 0.026185993605551447, -0.013671458525128397], [0.03121888289880273, 0.2831544442028906, -0.49052614289801594, 0.11937924601987604, -0.03533501835146435, -0.7235953939767223, 0.5291008995744542, -0.4478231996670294, -0.33107921395466694, -0.5215002982850252, 0.1734431192635129, 0.46491162161516003, 0.6728524918816381, 0.01383151956922292], [-0.3943331034842019, 0.2267164282042526, -0.3702595748737404, -0.6255643858634672, -0.1771439354644891, -0.03355996745494921, -0.1800670873204931, 0.24558221969027294, 0.5649035325441775, 0.7620937328796952, 0.5593755179018451, -0.11279894363516962, 0.41593534078815353, 0.17170167157781505]], "inverted": true, "swapped": false, "error_lsq": 0.04057411640598293, "error_max": 0.20931280804118413, "target": "778.xyz", "model": "19.xyz", "model_rescale": 3.9282355846067225, "target_rescale": 3.936708952790057},
{"mapping": [3, 6, 1, 0, 10, 2, 4, 5, 12, 7, 9, 11, 8, 13], "R": [[-0.15828947293181633, 0.2525892954315765, -0.9545381556503374], [0.7321214905746696, -0.6186361150747386, -0.2851095932513652], [-0.6625274075822765, -0.7439677445686841, -0.08700246688280444]], "T": [-0.01717086707509244, 0.013718855859089898, 0.17324035861844328], "aligned_model": [[-0.5539228282450905, -0.6120358936556349, -0.12369070525452586, 0.09635564702918122, 0.7047373587827034, 0.09164853955279623, -0.169684503013901, -0.5421644393604725, 0.6580262395377209, 0.010696132746686994, 0.49562506345946844, 0.4493381597155264, -0.07383901673759807, 0.02107011332934712], [0.06889664262424118, 0.03781913067167193, -0.3920131589286373, 0.17051607629939275, -0.34806029398280086, -0.7866265656487405, 0.5531648040133521, -0.43883902809683345, -0.15915609728256402, -0.38197187521244963, 0.3572279108080621, 0.4218245660321945, 0.6926399219123194, -0.05738907531657583], [-0.35136217013014864, 0.44231066720404827, -0.447674975833148, -0.6031122355385969, -0.12709064073059811, 0.011000556558389857, -0.11848811927236147, 0.08801557949309519, 0.6600847516903174, 0.6536048577694799, 0.4854369121436905, -0.18617893492731247, 0.5115840980479767, 0.034451099014868675]], "inverted": true, "swapped": false, "error_lsq": 0.04671484009411181, "error_max": 0.2758217227055765, "target": "778.xyz", "model": "20.xyz", "model_rescale": 4.067790424073018, "target_rescale": 3.936708952790057},
{"mapping": [1, 8, 9, 10, 11, 12, 5, 7, 3, 0, 2, 6, 4, 14], "R": [[0.023784848422850502, -0.9104123650033367, 0.41301768319835086], [-0.9832683363603452, 0.05333093772417724, 0.17418148521762938], [-0.18060359823841088, -0.4102500904698148, -0.8939111832687002]], "T": [0.06005371312037797, 0.04988731221867801, 0.060201407269523416], "aligned_model": [[-0.614675301484328, -0.4467224124039154, -0.2568468259213143, 0.036164166729449033, 0.596005672240127, 0.3367879454057349, -0.21986486000922909, -0.5758680140935966, 0.767363682276655, -0.08629689100383389, 0.31554295320271225, 0.6012461584552786, -0.06328037326769298, 0.06260396776016065], [-0.0037881257705649762, 0.21136806398469657, -0.5447630024708681, -0.23295048465062576, -0.08392433360123486, -0.6487699608922367, 0.5463916289139271, -0.3211359262364646, -0.27625641971082604, -0.3208264346632238, 0.17154422706761308, 0.5372570375479396, 0.6954052389202487, 0.008481449454252547], [-0.40365719778814313, 0.2657976672858977, -0.32711622861038203, -0.70838098375243, -0.2757780488551287, -0.08916407170183063, -0.09340580863505091, 0.18107022290134775, 0.40238248551036104, 0.6480881719327692, 0.748421411926844, 0.19111508356150703, 0.5190780837066724, -0.005869341992732424]], "inverted": false, "swapped": false, "error_lsq": 0.048192345603439816, "error_max": 0.3155408690891244, "target": "778.xyz", "model": "21.xyz", "model_rescale": 4.186013935880536, "target_rescale": 3.936708952790057},
{"mapping": [0, 2, 7, 12, 11, 1, 6, 3, 9, 5, 4, 10, 13], "R": [[-0.45039880699318163, 0.22176033952814966, 0.8648486957101104], [0.2771016293377036, -0.8861075417598147, 0.3715213472396555], [0.8487376518556892, 0.40698375428109973, 0.33765162827054873]], "T": [-0.039715397012872744, -0.05356393680783073, 0.0009820346489850546], "aligned_model": [[-0.029621953050130878, -0.4952612602942145, 0.312351512822958, 0.6435562313268726, -0.27949668198777994, 0.6227989723580203, 0.023494744318881308, -0.7122934789910377, 0.48160826560814485, -0.27647936215454955, -0.6078024186004224, 0.40274671659531724, -0.027027252528833964], [-0.371373198537935, 0.12200735623160927, 0.3489230458254405, -0.5183149783951561, -0.34189547277502097, -0.27769800579540815, -0.5612601964284907, -0.2758924446853923, 0.4881892795697506, 0.6546522115678243, 0.17762871302798836, 0.05738762621294143, 0.01660272372794177], [-0.6294140056316981, -0.5345937521957709, -0.5076053727547432, 0.3732453675158939, 0.7073868073527065, -0.30552673816779374, 0.10129001539381956, -0.04026763176567821, 0.07818322103715969, -0.08449202208589192, 0.35923769373909187, 0.5405360829707611, 0.04489989592748923]], "inverted": false, "swapped": true, "error_lsq": 0.03738675585546881, "error_max": 0.22872126474957485, "target": "778.xyz", "model": "22.xyz", "model_rescale": 4.166573947596378, "target_rescale": 3.936708952790057},
{"mapping": [4, 2, 8, 7, 10, 9, 1, 3, 14, 11, 12, 13, 6, 15], "R": [[-0.021441894568385633, -0.5501581753976339, -0.8347851383442717], [0.27232400032013765, -0.8066187828347827, 0.5246005890463443], [-0.9619666751020828, -0.21608359776086683, 0.1671167100315345]], "T": [0.014703233864348096, -0.028622210582261633, 0.06839373485869212], "aligned_model": [[-0.6347464515772899, -0.5447687021647807, -0.20834168150344717, 0.280682108887234, 0.6559027854968171, 0.14985931775652817, -0.33936319761169703, -0.45402252010078575, 0.7538412237063894, -0.14498243410291897, 0.25756067798025467, 0.755421423171505, -0.07291368004062035, -0.001969002010981137], [-0.08652931021205373, 0.23065638821464238, -0.5373976102933796, 0.1509480874190704, -0.12418907863194392, -0.6077999217765444, 0.568224332911285, -0.3742711080485061, -0.15904054344668364, -0.3896043293062043, 0.0675277209372793, 0.3352026843919051, 0.6289823133543013, 0.035323332379464986], [-0.27030286573956697, 0.3377912110733446, -0.5193797747507075, -0.5706676031734945, -0.3066680491470555, 0.15046186585225185, -0.09442587848308669, 0.21755693161396, 0.31868127678872354, 0.7512449081269417, 0.6693569681230024, -0.12076532181665663, 0.4412036039110008, 0.04849417311104444]], "inverted": true, "swapped": false, "error_lsq": 0.042922046094245506, "error_max": 0.2631855157174113, "target": "778.xyz", "model": "23.xyz", "model_rescale": 4.274766983524099, "target_rescale": 3.936708952790057},
{"mapping": [3, 7, 0, 6, 1, 12, 11, 10, 8, 9, 13], "R": [[-0.6462617952025815, 0.7624572222776547, 0.03169662849862274], [0.7169365622058155, 0.620859564295682, -0.31707312594271175], [-0.26143384982447, -0.1821877757129136, -0.947871276359157]], "T": [0.03780879010079018, 0.08051820330112351, -0.1357140516180804], "aligned_model": [[0.16894838448865324, 0.08971489676072769, -0.3784142728934155, -0.3981399391418179, -0.5438716068391081, -0.6023955586590393, 0.07238252292388528, 0.03834741955922505, 0.574718298988606, 0.2578458629869184, 0.10075869578344043], [-0.3017231420487491, 0.814685430595094, 0.4114012600138693, -0.20433695215628384, 0.5108666138056809, -0.10438333477370552, -0.6976647816931735, -0.07101018036963382, -0.04446091860524669, 0.5160556882133651, 0.08615684826226644], [-0.7189693451566104, -0.0817486032356006, -0.6002337354487861, -0.1605927751019377, 0.10832930459046503, 0.4786013810338222, 0.045597120183483025, 0.5543876808795497, 0.39351089139265694, 0.4414563890974955, -0.08077187421295998]], "inverted": true, "swapped": true, "error_lsq": 0.05096703065663532, "error_max": 0.30532566284291607, "target": "778.xyz", "model": "24.xyz", "model_rescale": 3.7841303162186577, "target_rescale": 3.936708952790057},
{"mapping": [2, 5, 1, 0, 7, 6, 9, 4, 11, 3, 13, 10, 12, 15], "R": [[0.6383167634727438, 0.7548326561564641, -0.15092836270714213], [-0.7368081900465503, 0.6558856117860956, 0.16409678647769338], [0.2228573547137451, 0.0064595241122195335, 0.9748296640943153]], "T": [0.08102199633117009, 0.05014514767599795, -0.033310575755633356], "aligned_model": [[-0.6424531635194641, -0.6281120508304888, -0.21776638760271572, 0.30122550535592274, 0.6327346940938816, 0.1725285222464693, -0.08843712312679365, -0.46032966622671007, 0.6786547356263024, -0.09210438880179538, 0.2841449154809591, 0.6893269504982006, -0.2638565538648625, 0.08660387855730192], [0.2528489772514436, 0.03162935051609986, -0.3845303838529448, -0.20771793327736418, -0.21943682852445687, -0.6277359977631153, 0.6071283611333363, -0.4522920266701067, -0.14858771499074508, -0.3221523417543689, 0.25278310507445123, 0.47675822724730843, 0.48889652457018984, -0.009558361067094755], [-0.09879247006062286, 0.482562290225262, -0.5575424688329351, -0.6862630973420184, -0.24718955400152726, 0.19934831751109178, -0.08982619559114563, 0.07251761585357897, 0.4057428690339092, 0.6598154746621743, 0.6944798715631614, -0.26400836150948154, 0.4802338929286949, 0.001503261049559848]], "inverted": false, "swapped": false, "error_lsq": 0.049268393053616535, "error_max": 0.3178138375782411, "target": "778.xyz", "model": "25.xyz", "model_rescale": 4.19342608120988, "target_rescale": 3.936708952790057},
{"mapping": [2, 5, 7, 6, 0, 3, 1, 11, 9, 4, 10, 13], "R": [[-0.4580023300032523, 0.5492310523340254, -0.6989843466513761], [-0.31185274630777604, -0.8356000551919085, -0.45223933086760304], [-0.8324552422394191, 0.010853520872904199, 0.5539859842566159]], "T": [-0.07107407292207285, 0.05035409107472348, -0.04347481199319754], "aligned_model": [[-0.2585577182594309, 0.4476532745974779, 0.17368276836295676, -0.4567164306170735, -0.5987404256147839, -0.46770220266408524, -0.2066378861714181, -0.10573571717624301, 0.5771129669097228, 0.11751812044228335, 0.36460316039509333, 0.011328644427281445], [-0.6392500871016205, -0.4618022704538877, -0.3769989625168663, 0.4006307030598169, -0.26828758701136884, -0.16605851489724693, 0.21594834446307098, 0.6210180026589021, 0.07281657851926647, -0.03830776343916677, 0.5980174715190717, 0.055050512941009086], [0.07687757111327918, 0.1396942428863851, -0.5930851170188133, -0.06344909668077353, -0.387770431013362, 0.5036490199000812, -0.7764891325214803, 0.5157917725521828, -0.43152626463277527, 0.635562803209809, -0.14069473004070876, -0.029302176544403667]], "inverted": true, "swapped": true, "error_lsq": 0.03867309140310276, "error_max": 0.2251559879995908, "target": "778.xyz", "model": "26.xyz", "model_rescale": 3.795458400668931, "target_rescale": 3.936708952790057},
{"mapping": [1, 6, 12, 9, 8, 2, 0, 7, 3, 10, 5, 4, 13], "R": [[0.26333038290212574, 0.9406787948147572, 0.2139638156943267], [0.960663576256283, -0.2759781161295437, 0.031009235270755164], [0.08821906083783039, 0.19738157057700204, -0.9763492781281949]], "T": [-0.06064594490843903, -0.0732307755931691, 0.042913348375997744], "aligned_model": [[0.06623858383981898, 0.3705896878534133, 0.6964318311205243, -0.2338473505158045, -0.03542982408621951, -0.6689546699424079, -0.2691929234556043, -0.583056588538132, -0.12220475326597252, 0.3516183871404689, -0.6661214378058267, -0.13125125619335484, -0.0751433033296467], [-0.7184207448905733, -0.2963376087012852, -0.36947637320585597, 0.0213013111086532, 0.557848948404474, -0.15090114134188756, -0.6937162769206109, -0.39034117469090496, 0.0953596242018678, 0.1630308581524257, 0.3462461123670192, 0.5684635728175425, -0.01117560404394962], [-0.3453381399660749, 0.23283932094964793, -0.3577179343340152, -0.6866755012668821, -0.38728796631411233, 0.4290694635401508, 0.30750675803562794, -0.3707726984840775, 0.7294121225645326, -0.4799825335316021, -0.10665827444155068, 0.3391620208464748, -0.011419975498693481]], "inverted": false, "swapped": true, "error_lsq": 0.04214798981632035, "error_max": 0.28171362895017993, "target": "778.xyz", "model": "27.xyz", "model_rescale": 3.6321398670334006, "target_rescale": 3.936708952790057},
