[{"mapping": [11, 5, 9, 8, 7, 1, 12, 0, 2, 4, 6, 13], "R": [[0.06155320683474335, 0.10759479559125756, 0.9922875403279208], [-0.686855154384064, 0.7258970770143773, -0.0361030535831402], [-0.7241831257523219, -0.6793355529807483, 0.11858333285895656]], "T": [-0.07179662751006267, -0.05985890341944042, 0.024099888561372698], "aligned_model": [[-0.0649904147550694, -0.7218467314171647, 0.6155122256185729, 0.12805456992227293, 0.5804975167332568, -0.42925588790036406, 0.0507453593953652, 0.15148626286449002, 0.21062365405020267, 0.4807246780071027, -0.21605870395310067, 0.05593235183876068], [0.25087643205340016, 0.24411594518160665, -0.3075040531022708, 0.6609615319571824, 0.29231155615286186, -0.5121774098481467, -0.5310577824905299, -0.6813915224885768, -0.049804337273276524, 0.6112033171523632, 0.5852774353857279, 0.010697216528613135], [-0.6007673514182857, -0.21555697920989292, -0.030869121014886675, -0.2018570331095904, -0.12382846999768803, 0.05007986789729337, -0.2890692123745667, 0.4231667863112013, 0.739219414006411, 0.42134028137399643, 0.40820123175228046, -0.048336318046807464]], "inverted": false, "swapped": false, "error_lsq": 0.045786428766606706, "error_max": 0.27615941568971847, "target": "779.xyz", "model": "0.xyz", "model_rescale": 3.8414455957264533, "target_rescale": 3.631940974376138},
{"mapping": [6, 8, 4, 10, 3, 9, 2, 7, 0, 1, 12, 14], "R": [[0.6252357843730831, 0.6123002103517308, 0.4839097708691176], [-0.20759342614152027, -0.4672316080907464, 0.8594181716857985], [0.7523198677173166, -0.6377954819565292, -0.1650204224744254]], "T": [0.025636075037573487, 0.03183277712837653, 0.0830142279209401], "aligned_model": [[-0.19496871611314986, -0.7093509471609323, 0.5072373594001105, -0.025136246626049123, 0.7489292756100614, -0.4735287735301581, 0.28066837379107534, 0.03157540697223355, 0.2780745919560246, 0.630947998238647, -0.3080546364242429, 0.07503119429070437], [-0.040761201983389485, 0.30607198802297375, -0.2197594002055888, 0.5977607666318708, 0.30892289328740496, -0.43216357302314345, -0.4369322614907367, -0.5856143187137388, -0.23075467737582425, 0.5059838353664898, 0.6953798473423506, 0.10537443135028601], [-0.662700740483013, -0.011269015066627738, 0.10707278259282631, -0.29846838303244067, -0.032937898289141815, 0.05058706347717276, -0.42671373166079235, 0.26099964953582766, 0.7097837177815938, 0.479594788174512, 0.2580723284522525, 0.0977025346872949]], "inverted": true, "swapped": false, "error_lsq": 0.04784661799332515, "error_max": 0.25846922874502815, "target": "779.xyz", "model": "1.xyz", "model_rescale": 4.316132596720782, "target_rescale": 3.631940974376138},
{"mapping": [0, 1, 3, 2, 4, 9, 5, 7, 10, 6, 8, 11], "R": [[0.8234826019966256, -0.33553790581105547, 0.4574830247919569], [-0.3260161605555314, 0.38006992267886625, 0.8655982422183578], [-0.46431655932725147, -0.8619519520476834, 0.20359018909488535]], "T": [0.02116544513493948, 0.019397022337170767, 0.049610750284781166], "aligned_model": [[-0.0860213063545855, -0.48615939785688067, 0.5925771801800533, -0.06627012871652957, 0.6174843569975622, -0.5079462121750081, 0.17632933166370665, 0.15512862825231552, -0.09214158664477126, 0.6121479369857552, -0.20707506527857203, 0.13337114335127864], [0.09215495800184885, 0.20033125306666816, -0.2821165645675526, 0.7866518274622194, 0.3227069497318373, -0.4956150784450044, -0.44951353688498874, -0.7867822806920338, 0.04529400892426336, 0.42260272780617825, 0.6398756790220238, 0.07791838578349525], [-0.6483372002741288, -0.01733378824120535, 0.16620918425235903, -0.2734998904913926, -0.33345135229855016, -0.01934499913949629, -0.3648852541401684, 0.4137397339103132, 0.6690674971398533, 0.4549017770822548, 0.43684275027655817, 0.047814638093067546]], "inverted": true, "swapped": false, "error_lsq": 0.03376401183834394, "error_max": 0.20551189047073448, "target": "779.xyz", "model": "2.xyz", "model_rescale": 3.795458400668931, "target_rescale": 3.631940974376138},
{"mapping": [1, 6, 4, 8, 7, 2, 0, 10, 5, 9, 3, 11], "R": [[-0.7641539458454059, -0.29378399651609544, 0.5742470813508134], [-0.6410809298369572, 0.44431419755650964, -0.6257796219509688], [-0.07130209287446737, -0.8463308202120172, -0.5278637649156979]], "T": [0.06319806931141257, -0.016646513334786076, 0.004437735390929315], "aligned_model": [[-0.15916056051574723, -0.4473053903170513, 0.5544751740050414, -0.13595428326857179, 0.6803616636301867, -0.5891467935889342, 0.3954731417402561, -0.020229339318616577, 0.11609440485237425, 0.4760606771013275, -0.20419135447342196, 0.1749475405574818], [0.04913133799337745, 0.27486789778425086, -0.3625318525904412, 0.7184812469137295, 0.30256376469524776, -0.4071516373785493, -0.5182350232998233, -0.6430721470879436, 0.02335228957204645, 0.62388766037892, 0.5772571179676321, -0.06504232573949176], [-0.5807961973023907, 0.045691370845205165, 0.22796597033104163, -0.17017169621341974, -0.3126051526597132, -0.09393522511179776, -0.4957724075382215, 0.37812413903226605, 0.7040281076814451, 0.4213490955156971, 0.4657959457977505, -0.05795085420839816]], "inverted": true, "swapped": false, "error_lsq": 0.04706201538537939, "error_max": 0.21183127399136797, "target": "779.xyz", "model": "3.xyz", "model_rescale": 3.7530521520055578, "target_rescale": 3.631940974376138},
{"mapping": [9, 4, 3, 0, 10, 6, 8, 2, 7, 5, 11], "R": [[-0.8622610397782431, 0.3248982551381272, -0.38851901251900633], [0.009830594957455807, -0.7562393475660178, -0.6542212229786698], [-0.5063686983644683, -0.5679288450159267, 0.6488817830048474]], "T": [0.06335335505631923, 0.003117384140244858, 0.06690037840067341], "aligned_model": [[-0.41878690323728124, -0.3050840341403602, 0.3903374756874266, 0.4892255682793084, 0.2744665482245926, -0.14922361430731804, -0.2941794559452489, -0.5912743300812813, -0.4202282186607897, 0.2903502448048032, 0.07259632182135356], [-0.6889609798879357, -0.08055526193711258, -0.38376190451169867, 0.3908078146682171, -0.702020031700834, 0.6078891513978099, -0.3958301395241633, 0.13181607009938467, 0.2897916132652793, 0.3356656071290929, -0.03763858068369348], [-0.17658922637132968, -0.591333463661164, -0.558852653176535, -0.35904349592745954, 0.03867181049404049, -0.016827419215673003, 0.5224128557175552, 0.014037622627564403, 0.736498285601392, 0.5146138569131596, -0.03075739575623372]], "inverted": false, "swapped": true, "error_lsq": 0.03977274550169991, "error_max": 0.24005221879930538, "target": "779.xyz", "model": "4.xyz", "model_rescale": 3.7855080009869324, "target_rescale": 3.631940974376138},
{"mapping": [12, 9, 4, 8, 6, 2, 1, 0, 5, 7, 10, 16], "R": [[-0.882689280779201, 0.2999274878936401, 0.36180538360188585], [0.4259967155852675, 0.8357503023232663, 0.346479769217676], [-0.1984601519400357, 0.45996188339076505, -0.8654759580251542]], "T": [0.004269415866833964, 0.13297069929716396, -0.09508706015783638], "aligned_model": [[-0.06244765137426811, -0.6700900800982489, 0.6206174594146031, 0.1093186811065196, 0.6214758859173464, -0.5183313586253497, 0.2410192692751993, 0.12785444878549107, 0.1068405708511583, 0.5003752909177485, -0.1884118378920959, -0.04679579787377928], [-0.1310987308351658, 0.20262666826769457, -0.19178199649440167, 0.8276496504288394, 0.29904208343775784, -0.3891347717163478, -0.563416586089283, -0.5379108438365908, -0.05213175731457162, 0.3903192464364259, 0.5929739631930926, 0.1263714037315052], [-0.7186906457941651, 0.12240164170398099, 0.15321026092375753, -0.13626570378311492, -0.22757682113722613, -0.08614305565087457, -0.2742467505253484, 0.2832231010082097, 0.6861424089104943, 0.4039321357667153, 0.4361710745838955, -0.11043454983685946]], "inverted": false, "swapped": false, "error_lsq": 0.04171221275125309, "error_max": 0.26829305582836177, "target": "779.xyz", "model": "5.xyz", "model_rescale": 4.2253639853439635, "target_rescale": 3.631940974376138},
{"mapping": [0, 3, 8, 7, 9, 4, 1, 10, 5, 11, 6, 13], "R": [[-0.07382444439019853, -0.9943305928234324, -0.07652858018988884], [-0.7382320731320829, 0.10608075732249383, -0.6661533450527688], [0.6704948602409907, 0.0073174518302436264, -0.7418780878885202]], "T": [0.09851051849303823, 0.048801859277616697, 0.05974109261624069], "aligned_model": [[-0.02713979969378634, -0.5561237110182089, 0.7480666686761533, -0.20634977174437075, 0.5576276130395257, -0.4451116204238567, 0.16062278488652204, 0.11119144999847348, 0.17129413521156323, 0.482832361485417, -0.1961914086761558, 0.0407061786630482], [0.21876874146423742, 0.30920353484289376, -0.2646301081699981, 0.7281094416961708, 0.04731032256984084, -0.3525140598774381, -0.5607848013371515, -0.6320634846805883, -0.04161812630814722, 0.5462737656111324, 0.5073837452070631, 0.06806935819093957], [-0.7138129816577616, -0.021833815372393317, 0.22005979127581343, -0.21410672631232744, -0.34250969520004715, -0.15081012518759795, -0.3443033993920863, 0.44023294766962917, 0.682049728097644, 0.5184045991447497, 0.40116662789921353, 0.057186145204628606]], "inverted": true, "swapped": false, "error_lsq": 0.048251261300339666, "error_max": 0.3071591434845307, "target": "779.xyz", "model": "6.xyz", "model_rescale": 3.89814844738969, "target_rescale": 3.631940974376138},
{"mapping": [11, 4, 6, 10, 9, 7, 8, 3, 0, 5, 2, 12], "R": [[-0.9343651811142613, 0.3170863051265723, -0.16253609882882122], [0.3402635103674202, 0.9294069297091356, -0.14291082016795806], [0.1057471126497295, -0.18883599791834235, -0.9762983734783283]], "T": [-0.0033532533910882734, 0.019297489762686745, 0.09535070522282962], "aligned_model": [[-0.15319215530073615, -0.5840706394421802, 0.59079506971813, 0.04737608643427577, 0.6977452463976097, -0.4620289111720697, 0.30109321715133874, 0.14243264213084406, -0.08239963660879694, 0.6157428286489894, -0.22401828705586854, -0.04805058049721167], [0.0003879045667585061, 0.28062875922552144, -0.23574534456105095, 0.7069081577289202, 0.32799931610240574, -0.4489105293196246, -0.4006706285819457, -0.7374234604113464, -0.15639101115186088, 0.441687912787275, 0.6182319255393539, 0.1768053272845485], [-0.6999675331479742, -0.004494542652090691, 0.29363528312639947, -0.15668454316921443, -0.3641163284620401, 0.05445362253765543, -0.3389601263978678, 0.33722218536153487, 0.6556145782459856, 0.29754609529036513, 0.4021606285948958, 0.05531377684181558]], "inverted": false, "swapped": false, "error_lsq": 0.039332150259492875, "error_max": 0.21223806209514104, "target": "779.xyz", "model": "7.xyz", "model_rescale": 3.7474275329858107, "target_rescale": 3.631940974376138},
{"mapping": [2, 13, 5, 1, 0, 4, 8, 9, 11, 10, 12, 14], "R": [[0.9172755398117698, 0.37422807122252066, 0.1362311813503014], [0.22731256671072575, -0.7728504803362196, 0.5924788030465366], [0.3270085336476841, -0.5124992543927717, -0.7939835849489868]], "T": [0.16903351786443693, 0.08418011552451343, 0.06658010243568127], "aligned_model": [[-0.10318657395592512, -0.71737873433891, 0.6428527725847677, 0.04545279399453947, 0.6107610133868348, -0.43802944923544435, 0.06973091392847634, 0.16720787148132274, 0.04247035228376153, 0.5670863621553973, -0.16507917844783299, 0.11953673656733727], [0.04055844344169307, 0.14964201831076265, -0.45235253880280835, 0.6356369227966712, 0.5127650590659991, -0.28316303080088523, -0.508064630245957, -0.5623118524360122, -0.015288550960548791, 0.4682323348839573, 0.4973452300616605, 0.0905089238944227], [-0.7287706800394848, 0.2011159233904092, 0.04109503389277455, -0.4288237877901052, -0.1688025721519213, -0.2632068176645116, -0.2568321264848299, 0.4695506255092793, 0.6670530036525048, 0.5855417442216849, 0.3801178403426303, 0.03368490929103402]], "inverted": true, "swapped": false, "error_lsq": 0.05085806804231657, "error_max": 0.2898227761576902, "target": "779.xyz", "model": "8.xyz", "model_rescale": 4.019505241142653, "target_rescale": 3.631940974376138},
{"mapping": [5, 2, 9, 4, 8, 6, 11, 10, 1, 7, 0, 12], "R": [[0.15630520573588358, 0.2682634375228139, -0.9505805651013], [-0.04800299500454891, 0.9633356755336238, 0.26396986326997673], [0.9865416337542257, 0.0043708503314921765, 0.1634518294083102]], "T": [-0.007185201787413539, 0.022221549968514907, 0.04521992934118801], "aligned_model": [[-0.20783660957658046, -0.5791706217590349, 0.6102376866968575, 0.09374549820716534, 0.6076687293004941, -0.4152269831446761, 0.3120452338671722, -0.059635910241769105, -0.002723745923880555, 0.5559373684954311, -0.06954839036358447, -0.004067375153270493], [0.10490216030053126, 0.13116254745576503, -0.22416098167557877, 0.7905317226252566, 0.1799397444779623, -0.5347425815401662, -0.2940583524801119, -0.7969842652041437, -0.100150059150934, 0.6963856755267612, 0.5988161796885654, 0.021866539185047176], [-0.5899396162607877, 0.14979861083521512, 0.2046711328701339, -0.24991926431816486, -0.18546718762143843, -0.18139582219976277, -0.38525478100990795, 0.4505969313870919, 0.7095320448890314, 0.2642626026357403, 0.33898096106544606, 0.005857483896867452]], "inverted": true, "swapped": false, "error_lsq": 0.044717100209642806, "error_max": 0.29092423732868816, "target": "779.xyz", "model": "9.xyz", "model_rescale": 3.877068213659057, "target_rescale": 3.631940974376138},
{"mapping": [5, 4, 11, 1, 0, 6, 12, 10, 9, 8, 7, 15], "R": [[0.061024967601925384, 0.7319640880114816, -0.6786048387616345], [-0.6799301114966964, -0.46724795678183323, -0.5651321883978052], [-0.7307331912601714, 0.49589103716917704, 0.46917063254854713]], "T": [-0.12393136584263177, -0.05395107140829933, 0.1379049015029076], "aligned_model": [[-0.09097833106639054, -0.6125222192130507, 0.5867870014931611, 0.05911779086322198, 0.5232270878528498, -0.2833207814960558, 0.21050641290347172, 0.18153002033340665, 0.10114584699246663, 0.4082842477126811, -0.19143395634106664, -0.050918239630371606], [0.21327206413556413, 0.3983362125137824, -0.2525802776436468, 0.6798027210469666, 0.13989131250285838, -0.6148495507316749, -0.3959746629111939, -0.6335009131266058, -0.06412606611385195, 0.39932368901108906, 0.7404003088190747, -0.03648650829340766], [-0.5959216008610173, 0.01622552547671771, 0.1469114005766201, -0.28754190890965736, -0.2832567083856278, -0.06282497966886189, -0.4359996643583194, 0.40998228384031743, 0.7582935068502165, 0.4644190176798132, 0.31322134232827537, 0.0882148816009881]], "inverted": false, "swapped": false, "error_lsq": 0.04583025618084353, "error_max": 0.23270483530118738, "target": "779.xyz", "model": "10.xyz", "model_rescale": 4.260839863003843, "target_rescale": 3.631940974376138},
{"mapping": [1, 7, 4, 0, 3, 8, 2, 9, 10, 5, 6, 11], "R": [[0.9515765193559883, -0.09170040458677646, 0.29341636561201634], [-0.306240944118095, -0.366004081830801, 0.8787818251584696], [0.026806938579419126, -0.9260842552823227, -0.3763633087353035]], "T": [0.05370676340431786, 0.008131157834550873, 0.0460357362923716], "aligned_model": [[-0.11329187540072332, -0.5415514247918188, 0.622496644091893, -0.1585210567268126, 0.5439508626046304, -0.400253550042433, 0.3632050220000937, 0.09697602069881685, -0.13593047339950032, 0.5585768904897057, -0.009158500410463524, 0.014926321290936725], [0.06613940871233379, 0.28222117423680304, -0.32100486456206756, 0.823075858548554, 0.2840221157547571, -0.5371284509083059, -0.40822979501289136, -0.7012948939318295, -0.04671860012285309, 0.3614218192874866, 0.7346197454115742, 0.03638481179539338], [-0.6553964704166271, 0.03387096846428572, 0.36891405546163436, -0.20065993978562693, -0.3868360391214478, -0.06453279425614333, -0.4025303246302105, 0.4073883474709251, 0.6413197143327919, 0.32334921514767256, 0.4601826007982711, 0.00665376270393965]], "inverted": true, "swapped": false, "error_lsq": 0.04944378358763787, "error_max": 0.2385530023199326, "target": "779.xyz", "model": "11.xyz", "model_rescale": 3.890672605050136, "target_rescale": 3.631940974376138},
{"mapping": [5, 12, 0, 9, 6, 7, 8, 3, 4, 11, 10, 13], "R": [[-0.11057771680129733, 0.006010402038577722, -0.9938493062906202], [-0.5923909921902226, 0.8025368278933258, 0.0707640604177151], [0.7980259901274491, 0.5965723048736449, -0.08518218205030448]], "T": [0.2534182259726589, 0.11787275861087054, 0.05800233768830769], "aligned_model": [[-0.2531013843146644, -0.47693956687428624, 0.55728874391621, 0.0662716672292159, 0.7112245041834395, -0.4516524272087365, 0.35225545005462644, 0.10130465158741747, 0.019325141122458978, 0.379273414702833, -0.270335135429321, 0.10650982143513202], [0.10345707643998342, 0.26344213279575834, -0.334147071694095, 0.6855828488464647, 0.22842827668910431, -0.33861411875765063, -0.44542065828468247, -0.7671693900336736, -0.11621189534991971, 0.6175530948868828, 0.6261717823476205, 0.050436251323161915], [-0.5320843121665977, 0.08078826475375196, 0.2861148561589163, -0.440497246079404, -0.2740356616352696, -0.08848750868030049, -0.38031578360721485, 0.27393059339475656, 0.6756283136887634, 0.2509847122825584, 0.5745824605453101, 0.1051144075141944]], "inverted": false, "swapped": false, "error_lsq": 0.05115782386332656, "error_max": 0.29911736134617567, "target": "779.xyz", "model": "12.xyz", "model_rescale": 4.124412569039231, "target_rescale": 3.631940974376138},
{"mapping": [11, 9, 4, 8, 2, 7, 10, 5, 0, 1, 6, 12], "R": [[0.5298374403591459, 0.22729876700113394, 0.8170725532738403], [-0.4827066628375736, 0.8729666781220646, 0.0701673466844866], [-0.6973281612310531, -0.4315836528510922, 0.5722490595412337]], "T": [-0.047733973702046004, 0.01836741820720006, 0.22050104858758834], "aligned_model": [[0.03257294411710372, -0.610084596469726, 0.6757870935300451, -0.0075282783332728115, 0.5976587304999935, -0.4325930528920746, 0.0932178545243393, 0.04928830718153618, 0.15811603608580382, 0.4895718953721827, -0.21775730777609026, 0.013175254564483846], [0.2201357782301357, 0.2122256752615277, -0.28935495413209283, 0.5770681067190935, 0.2247584452105407, -0.440225564234978, -0.33196980748873695, -0.7130297106411465, -0.12612620358604348, 0.604719987230655, 0.6516534559448188, -0.01634687930481906], [-0.7507832502562353, -0.013639988492742394, 0.21047794613674203, -0.22797767288612025, -0.31172683022392766, 0.03434616647101424, -0.41353844758660474, 0.39193848906298423, 0.7434874347635945, 0.39473470425352186, 0.3533681816981237, 0.12103636322911426]], "inverted": false, "swapped": false, "error_lsq": 0.04150563773297238, "error_max": 0.23079313425306616, "target": "779.xyz", "model": "13.xyz", "model_rescale": 3.9028299243045295, "target_rescale": 3.631940974376138},
{"mapping": [8, 1, 10, 12, 13, 3, 4, 7, 9, 14, 11, 15], "R": [[0.487197141910874, -0.10445364110402355, 0.8670227112215618], [0.549964440910553, 0.807911320458204, -0.2117035947012335], [-0.6783642521889097, 0.579973046904417, 0.4510578745755231]], "T": [-0.07814863687802721, 0.0022017555163865304, -0.10304647932713606], "aligned_model": [[-0.13702769474540427, -0.5510453983107632, 0.5839716177121358, 0.03829573202206338, 0.5960757900016476, -0.38304625324792474, 0.22684261793602634, 0.17513433571570824, -0.03013523810556608, 0.49338113672014394, -0.1073056088711369, -0.06371615642260614], [0.21831659281667953, 0.362632394973072, -0.2431138147585205, 0.6647229967836307, 0.4069917614385626, -0.5415935457552616, -0.5602972838496172, -0.613187210732875, -0.04391249060499487, 0.3899346720917623, 0.5658343655614597, -0.03282010875494287], [-0.8421911155120587, 0.1589786395261542, 0.1352173271797044, -0.28122224306074783, -0.22228500120464312, -0.09936421304355107, -0.3265155802829069, 0.5115852086372225, 0.6692317388731673, 0.4501872471192262, 0.3737394686787774, 0.004361619259119737]], "inverted": false, "swapped": false, "error_lsq": 0.03978445303494312, "error_max": 0.20438368875252413, "target": "779.xyz", "model": "14.xyz", "model_rescale": 3.942246331269136, "target_rescale": 3.631940974376138},
{"mapping": [12, 8, 5, 13, 4, 0, 1, 2, 9, 10, 11, 14], "R": [[-0.8709042968824074, 0.3843310703592012, 0.3062928892878683], [-0.3436469634217584, -0.030697528749940084, -0.9385970521260182], [-0.35132957490476696, -0.9226848270591629, 0.15880881496956772]], "T": [0.1093577144742504, 0.09402170880727864, 0.1032920325120692], "aligned_model": [[-0.007948673061753495, -0.656336822717005, 0.45637791393627075, -0.03273884960311975, 0.49123464817639123, -0.39540701061658806, 0.24600241145659996, -0.010557236444356563, 0.2850611755117646, 0.5422926874086628, -0.1420224405412383, 0.06546707689869613], [0.05712123706996143, 0.1979840329376425, -0.4373504253631564, 0.6522757976036802, 0.5129342405280153, -0.43120753517930566, -0.458571646464907, -0.6336285704195498, -0.12564932083266064, 0.46849727144481645, 0.754415535522206, 0.01668771236221231], [-0.7047635502243936, 0.14506088651446725, 0.10373291981171245, -0.4703723164977167, -0.046194673238570294, 0.0029710654438191986, -0.47343168494391363, 0.3002524202218643, 0.8576362766398609, 0.5291275385948064, 0.22494332086428231, 0.06276089298324611]], "inverted": true, "swapped": false, "error_lsq": 0.05322450679178068, "error_max": 0.31144390528778176, "target": "779.xyz", "model": "15.xyz", "model_rescale": 4.355366556412066, "target_rescale": 3.631940974376138},
{"mapping": [0, 1, 3, 2, 4, 9, 5, 7, 10, 6, 8, 11], "R": [[0.8234826019966256, -0.33553790581105547, 0.4574830247919569], [-0.3260161605555314, 0.38006992267886625, 0.8655982422183578], [-0.46431655932725147, -0.8619519520476834, 0.20359018909488535]], "T": [0.02116544513493948, 0.019397022337170767, 0.049610750284781166], "aligned_model": [[-0.0860213063545855, -0.48615939785688067, 0.5925771801800533, -0.06627012871652957, 0.6174843569975622, -0.5079462121750081, 0.17632933166370665, 0.15512862825231552, -0.09214158664477126, 0.6121479369857552, -0.20707506527857203, 0.13337114335127864], [0.09215495800184885, 0.20033125306666816, -0.2821165645675526, 0.7866518274622194, 0.3227069497318373, -0.4956150784450044, -0.44951353688498874, -0.7867822806920338, 0.04529400892426336, 0.42260272780617825, 0.6398756790220238, 0.07791838578349525], [-0.6483372002741288, -0.01733378824120535, 0.16620918425235903, -0.2734998904913926, -0.33345135229855016, -0.01934499913949629, -0.3648852541401684, 0.4137397339103132, 0.6690674971398533, 0.4549017770822548, 0.43684275027655817, 0.047814638093067546]], "inverted": true, "swapped": false, "error_lsq": 0.03376401183834394, "error_max": 0.20551189047073448, "target": "779.xyz", "model": "16.xyz", "model_rescale": 3.795458400668931, "target_rescale": 3.631940974376138},
{"mapping": [11, 4, 6, 10, 9, 7, 8, 3, 0, 5, 2, 12], "R": [[-0.9343651811142613, 0.3170863051265723, -0.16253609882882122], [0.3402635103674202, 0.9294069297091356, -0.14291082016795806], [0.1057471126497295, -0.18883599791834235, -0.9762983734783283]], "T": [-0.0033532533910882734, 0.019297489762686745, 0.09535070522282962], "aligned_model": [[-0.15319215530073615, -0.5840706394421802, 0.59079506971813, 0.04737608643427577, 0.6977452463976097, -0.4620289111720697, 0.30109321715133874, 0.14243264213084406, -0.08239963660879694, 0.6157428286489894, -0.22401828705586854, -0.04805058049721167], [0.0003879045667585061, 0.28062875922552144, -0.23574534456105095, 0.7069081577289202, 0.32799931610240574, -0.4489105293196246, -0.4006706285819457, -0.7374234604113464, -0.15639101115186088, 0.441687912787275, 0.6182319255393539, 0.1768053272845485], [-0.6999675331479742, -0.004494542652090691, 0.29363528312639947, -0.15668454316921443, -0.3641163284620401, 0.05445362253765543, -0.3389601263978678, 0.33722218536153487, 0.6556145782459856, 0.29754609529036513, 0.4021606285948958, 0.05531377684181558]], "inverted": false, "swapped": false, "error_lsq": 0.039332150259492875, "error_max": 0.21223806209514104, "target": "779.xyz", "model": "17.xyz", "model_rescale": 3.7474275329858107, "target_rescale": 3.631940974376138},
{"mapping": [7, 11, 6, 12, 9, 1, 2, 0, 8, 5, 10, 13], "R": [[0.5385513905026076, -0.47062266872253206, 0.6989110840959598], [-0.7236790377415518, 0.1664990226422237, 0.6697512417253482], [-0.4315681291768074, -0.8664827633275034, -0.25091147987918844]], "T": [0.019283857650482766, 0.04734011951840158, 0.0893488668845718], "aligned_model": [[-0.1629937974495861, -0.6260406321956897, 0.7010728718070638, 0.15145564897496924, 0.591227066293244, -0.46557354627716385, 0.19906806110363337, 0.18727085714407957, 0.04708330032179897, 0.38407626404374384, -0.22687890924931572, 0.06165769588754747], [0.1713808010663623, 0.3136688386253922, -0.28174309530572517, 0.707337794645241, 0.20642383150473503, -0.42278010739579064, -0.5188402325368093, -0.7099688370629386, -0.012093734715124878, 0.5952764046968337, 0.573396933322883, -0.048550267636103976], [-0.6309344439096148, -0.0960209742160266, -0.058525368047504855, -0.23648945148627745, -0.2193540720780293, -0.06037984416433825, -0.2991741992840098, 0.40144805474588163, 0.8052743233231677, 0.3892026050519777, 0.46232003374009323, 0.07435643249414531]], "inverted": false, "swapped": false, "error_lsq": 0.042069114467208076, "error_max": 0.22264105459306383, "target": "779.xyz", "model": "18.xyz", "model_rescale": 3.922800546911778, "target_rescale": 3.631940974376138},
{"mapping": [1, 4, 3, 8, 5, 10, 2, 9, 7, 12, 13, 14], "R": [[-0.5139996574913619, 0.8455887865904628, -0.14416641804259145], [-0.7449463846811746, -0.35670807271193106, 0.5637501528271076], [0.42527548253950664, 0.39716363737709964, 0.8132661366958429]], "T": [0.04753741724709903, 0.10664422859697573, -0.03429967494480173], "aligned_model": [[0.11365570528879582, -0.6592490905501451, 0.5809896618878135, -0.050353861529531925, 0.6602475326562588, -0.5787031511413415, 0.06835895383285412, 0.026625848893007495, 0.2299335312963074, 0.576586415741932, -0.1985338591634856, 0.07186719319185966], [-0.012476143449199534, 0.24136832777627235, -0.15568433625860742, 0.6747981508344318, 0.4716236383086354, -0.3994249158259091, -0.5804884117349007, -0.6481379372656386, -0.08401362178022007, 0.4881909692256914, 0.5089562986135284, 0.06879631076487096], [-0.7619133999980483, 0.044245780609724956, 0.2018394161301376, -0.23926082298825285, -0.3061637313177206, -0.0824392515000463, -0.23565548189493202, 0.2700188659292249, 0.7197508941339241, 0.4051810259667751, 0.4651076458514069, 0.05101215524727138]], "inverted": false, "swapped": false, "error_lsq": 0.048626171719969385, "error_max": 0.2874737568432451, "target": "779.xyz", "model": "19.xyz", "model_rescale": 3.9282355846067225, "target_rescale": 3.631940974376138},
{"mapping": [0, 2, 9, 3, 4, 10, 11, 12, 7, 6, 5, 13], "R": [[0.41941714132985475, -0.9019730525572275, -0.10263466285466066], [0.23807490203346013, 0.00018748798913792442, 0.971246779078321], [-0.8760191793450938, -0.4317922849112189, 0.21481578180082084]], "T": [0.17484141666060654, 0.08834364725834117, 0.11064708466023584], "aligned_model": [[-0.019377195487746524, -0.6275143513544743, 0.5069444456478337, 0.11858622352536252, 0.5699071970445513, -0.4111397525511559, 0.30374625720459614, 0.08348568320821458, 0.008649775993470304, 0.4213279214664148, -0.16112857500752187, 0.04793725071477972], [0.1508795450772083, 0.10490255069173175, -0.5173212633851695, 0.7276444965085533, 0.25076851156988983, -0.4981459902861736, -0.31652226832700353, -0.6632770268092005, -0.014318612140435491, 0.5945367412857632, 0.6619668627718214, 0.09239478225196959], [-0.6630229873833935, 0.29683847707645705, 0.14673613272862096, -0.28239851897225754, -0.35508785880311655, -0.12363975528939744, -0.466267383703597, 0.49731856996422785, 0.7022031474701158, 0.4420939258951859, 0.3245880194321614, 0.012361327754457183]], "inverted": true, "swapped": false, "error_lsq": 0.04571235514358937, "error_max": 0.27354965411155907, "target": "779.xyz", "model": "20.xyz", "model_rescale": 4.067790424073018, "target_rescale": 3.631940974376138},
{"mapping": [12, 0, 13, 3, 11, 7, 9, 1, 5, 6, 2, 14], "R": [[0.22564672630154495, 0.12561965419743643, -0.9660762171737344], [0.23714422557907383, 0.9547405988497333, 0.17953552624078156], [0.9449053768414578, -0.26961100012308387, 0.18564411498545674]], "T": [0.07404967832126275, 0.0584901443915423, 0.1536245937586147], "aligned_model": [[0.061941201216001246, -0.5958813643792971, 0.7033808248574905, 0.04438520027464093, 0.5541471326602495, -0.4844946234377525, -0.01621541984752714, 0.06847556094417159, 0.2407083718849411, 0.4348840255985502, -0.28033465513937333, 0.11042862577222934], [0.082587559149385, 0.2367783599444393, -0.24200529182434097, 0.7712061026163782, 0.2614673563242106, -0.42761941337521664, -0.5119150132171568, -0.7582519815936829, -0.17891244941683168, 0.6371964282625067, 0.6880371991414818, 0.014939473197782056], [-0.6120689260532401, -0.0008543360087274743, 0.21501112232979946, -0.30994956242860805, -0.2289181355572268, 0.062029189784799585, -0.36651006928054886, 0.23240485864405375, 0.6677559088626357, 0.4407735333850816, 0.33196186297699637, 0.10008764951444962]], "inverted": true, "swapped": false, "error_lsq": 0.047129190739190974, "error_max": 0.2500498096037945, "target": "779.xyz", "model": "21.xyz", "model_rescale": 4.186013935880536, "target_rescale": 3.631940974376138},
{"mapping": [3, 4, 2, 6, 0, 11, 5, 8, 9, 1, 7, 12], "R": [[0.14013961394618651, 0.04956038383210337, -0.9888906193090459], [-0.7711071483175731, -0.621032459344149, -0.14040103366606033], [-0.6210915024507694, 0.7822163721090045, -0.04881488285424229]], "T": [0.03100280545491487, 0.051686163117871976, 0.12244219132749079], "aligned_model": [[-0.2706101303535834, -0.6197739533917569, 0.6433100942591965, -0.030388305159459963, 0.6145270716431015, -0.40828257179928146, 0.36443101286421914, 0.1250835034195286, -0.033039996929812625, 0.5430469111645362, -0.08755358051106574, 0.000674825198702534], [0.008326752988692336, 0.3372821821216553, -0.3655132316827443, 0.4417664422199477, 0.38436191243076445, -0.39285135892880796, -0.30060150647291906, -0.6505725708210167, -0.0988895202333333, 0.42489744552115855, 0.7345439035793182, 0.05075787848623998], [-0.7490440410610744, -0.027693323600447073, 0.09554141215400166, -0.26988593207226613, -0.14329210754078697, 0.030895877720141657, -0.48026653141755427, 0.4151017607604007, 0.7213380447814618, 0.48802037506836204, 0.36321891262634676, 0.0877886487508788]], "inverted": false, "swapped": false, "error_lsq": 0.046391468859880304, "error_max": 0.318582159974409, "target": "779.xyz", "model": "22.xyz", "model_rescale": 4.166573947596378, "target_rescale": 3.631940974376138},
{"mapping": [14, 11, 7, 6, 5, 9, 10, 8, 4, 1, 2, 15], "R": [[-0.8849207598709352, 0.4598921334354521, -0.07358311187789729], [0.36012886880335815, 0.575475130530129, -0.7342585185040381], [-0.2953344656552304, -0.6762600089799186, -0.6748703235812198]], "T": [-0.019548154623524674, 0.043068187147471494, 0.030545436828203452], "aligned_model": [[-0.16191700444473955, -0.7869782935014747, 0.6158264801807297, 0.11740180369135443, 0.7423475968642369, -0.43369630751041494, 0.3063534457313732, 0.045683030461061216, 0.08117462388250245, 0.4280307632747121, -0.1466922434607933, 0.03389098523577756], [-0.11970622679070017, 0.22321294970209912, -0.27806299795566614, 0.7836799951459129, 0.28041283712193615, -0.3823763804479658, -0.4363929120521635, -0.6236410953934787, -0.014004179016503214, 0.49704511763022896, 0.5592282997752982, 0.08411292148995704], [-0.7305152466839033, 0.004236238962991058, -0.03700812008651782, -0.07829614868807175, -0.2023587541919319, -0.05849047528596749, -0.4436343121536282, 0.4836709881794575, 0.7561149926083952, 0.3494139359146427, 0.4431255599495939, 0.04546443764440439]], "inverted": false, "swapped": false, "error_lsq": 0.04146432128319746, "error_max": 0.22133567638136492, "target": "779.xyz", "model": "23.xyz", "model_rescale": 4.274766983524099, "target_rescale": 3.631940974376138},
{"mapping": [4, 10, 9, 2, 8, 7, 6, 5, 0, 1, 11], "R": [[0.3468601443676953, -0.46830984611681903, 0.8126339448234137], [0.4783721421049584, -0.6569236816234063, -0.5827618468810936], [0.8067515936811871, 0.5908782992735397, -0.003834258790706535]], "T": [0.036835387402628844, 0.08626244334690503, 0.08394654554467632], "aligned_model": [[0.14623834605047625, 0.09343671104033116, -0.3030363287070822, -0.41018506393723564, -0.5881649094547419, -0.6977133461739176, 0.030787645754835474, -0.0076991901626948245, 0.6940272276143489, 0.32505749626940783, 0.09714611566434736], [-0.14984152649983903, 0.7860813372577169, 0.4443660768585818, -0.3019430799868742, 0.4082422488636148, -0.19440528131202373, -0.5532292409338881, -0.005893612869774495, -0.1911664840000707, 0.5715935954041811, 0.10178249846185873], [-0.6290085164030212, -0.1388408272633591, -0.6419789895549946, -0.22808617165209524, 0.07037862972721656, 0.4661224157230561, 0.17861445471154672, 0.6773159078426826, 0.14899476939676573, 0.4781620706123374, -0.0021073091185579845]], "inverted": true, "swapped": true, "error_lsq": 0.04908898645025279, "error_max": 0.2956132892515316, "target": "779.xyz", "model": "24.xyz", "model_rescale": 3.7841303162186577, "target_rescale": 3.631940974376138},
{"mapping": [10, 0, 12, 11, 13, 8, 9, 2, 4, 3, 6, 15], "R": [[0.2024269600305516, -0.11195273448759485, -0.972877130522421], [-0.9749302861065589, -0.1167537306308325, -0.18941885760389957], [-0.09238107536163909, 0.9868308627239692, -0.13278021422822783]], "T": [-0.026087506791990525, 0.026543943616922038, -0.015262661820110685], "aligned_model": [[-0.18809236348198322, -0.7570964112645794, 0.6719167985181214, 0.18038487849853913, 0.6703818745857649, -0.3967028286942416, 0.1681732165500297, 0.1307707751848547, -0.018770940830796154, 0.49135852875074976, -0.09239358038957848, -0.018505067022555943], [0.08790086638437687, 0.07123367418789155, -0.2697565756937479, 0.7322005653858338, 0.3343616352979716, -0.41285455577504493, -0.45189666328528905, -0.6169157846710759, 0.006861514854383119, 0.41495515017670914, 0.5965903080881447, 0.0808281942588017], [-0.7737116447547326, -0.08568111760318674, -0.002305098279413595, -0.23627274174591886, -0.19464679367819224, 0.12269032126558196, -0.29003177500389377, 0.3454977647430454, 0.730568024541679, 0.4647250698491715, 0.4236873344211949, 0.027203752414129326]], "inverted": true, "swapped": false, "error_lsq": 0.03887728110505346, "error_max": 0.228617963368336, "target": "779.xyz", "model": "25.xyz", "model_rescale": 4.19342608120988, "target_rescale": 3.631940974376138},
{"mapping": [0, 1, 3, 2, 4, 9, 5, 7, 10, 6, 8, 11], "R": [[0.8234826019966256, -0.33553790581105547, 0.4574830247919569], [-0.3260161605555314, 0.38006992267886625, 0.8655982422183578], [-0.46431655932725147, -0.8619519520476834, 0.20359018909488535]], "T": [0.02116544513493948, 0.019397022337170767, 0.049610750284781166], "aligned_model": [[-0.0860213063545855, -0.48615939785688067, 0.5925771801800533, -0.06627012871652957, 0.6174843569975622, -0.5079462121750081, 0.17632933166370665, 0.15512862825231552, -0.09214158664477126, 0.6121479369857552, -0.20707506527857203, 0.13337114335127864], [0.09215495800184885, 0.20033125306666816, -0.2821165645675526, 0.7866518274622194, 0.3227069497318373, -0.4956150784450044, -0.44951353688498874, -0.7867822806920338, 0.04529400892426336, 0.42260272780617825, 0.6398756790220238, 0.07791838578349525], [-0.6483372002741288, -0.01733378824120535, 0.16620918425235903, -0.2734998904913926, -0.33345135229855016, -0.01934499913949629, -0.3648852541401684, 0.4137397339103132, 0.6690674971398533, 0.4549017770822548, 0.43684275027655817, 0.047814638093067546]], "inverted": true, "swapped": false, "error_lsq": 0.03376401183834394, "error_max": 0.20551189047073448, "target": "779.xyz", "model": "26.xyz", "model_rescale": 3.795458400668931, "target_rescale": 3.631940974376138},
{"mapping": [1, 8, 3, 6, 0, 11, 9, 4, 10, 7, 5, 12], "R": [[-0.00705294048815186, -0.44721578225422753, -0.8943982894288262], [-0.4468500897378087, -0.7987420442017314, 0.4029095979568517], [-0.894581049056922, 0.40250365330910837, -0.19420493232932623]], "T": [0.030097449807161163, -0.05251935027408794, -0.08892093569833237], "aligned_model": [[-0.06823693908929215, -0.6189279817164273, 0.7199574676868535, -0.12710328457729503, 0.7494835385385732, -0.4943552649647482, 0.13899349070031072, 0.10572947402785499, 0.023365228497714934, 0.4779986749032869, -0.17322764605198537, 0.10774812244947793], [0.18929719963077007, 0.27113403482271065, -0.22177359497833754, 0.7445405283115589, 0.2920800793644518, -0.45430440661913307, -0.40766071657971503, -0.6914748884978691, -0.08579181956317497, 0.34920298586802845, 0.5281868911607495, 0.06007203628891483], [-0.6201537233759206, -0.15795850269758122, 0.1123816108043923, -0.23442158426694765, -0.32345895079487946, 0.185109555669905, -0.3043055970179775, 0.4448194503715469, 0.6227911187821853, 0.45716674575156646, 0.3450141221533324, 0.004738850789842583]], "inverted": false, "swapped": false, "error_lsq": 0.042166699114282065, "error_max": 0.21633693607737967, "target": "779.xyz", "model": "27.xyz", "model_rescale": 3.6321398670334006, "target_rescale": 3.631940974376138},
{"mapping": [1, 3, 9, 4, 6, 0, 11, 10, 8, 12, 7, 14], "R": [[-0.6888772154293209, -0.11070008111532009, 0.7163753723456765], [-0.6916137262550694, 0.3963168598227217, -0.6038239812029953], [-0.21706827432382447, -0.9114156234459221, -0.3495753504192739]], "T": [0.044573763989872894, -0.021162353420428964, -0.005724265067164357], "aligned_model": [[-0.20947787907054094, -0.6044981920005033, 0.6523584006138357, 0.06606577078150389, 0.6710387925547616, -0.39514809443802956, 0.1971594149825748, 0.11708209591747454, -0.03714845748347237, 0.4882882449217558, -0.16143870656990567, 0.05714349019487003], [0.22613632337438294, 0.19148096393808425, -0.28139015703257364, 0.7271005078153225, 0.3964250662942512, -0.46193355563130745, -0.5793795781799224, -0.6769807189052526, 0.014042318746018606, 0.41159143106713914, 0.6232311254925299, -0.01681539776971757], [-0.5727942107177374, 0.06532850047962321, 0.09149449305751883, -0.36084119862340325, -0.19825933206015442, 0.03643173974988439, -0.2843584078272641, 0.4057565319215862, 0.5033059161300585, 0.5414058403766748, 0.3726978409363923, -0.06844461725371473]], "inverted": true, "swapped": false, "error_lsq": 0.03507701775225997, "error_max": 0.23838001484173, "target": "779.xyz", "model": "28.xyz", "model_rescale": 4.156811204709835, "target_rescale": 3.631940974376138},
{"mapping": [7, 6, 2, 4, 0, 5, 8, 1, 10, 11], "R": [[-0.7007544719277958, -0.5940820158844474, 0.3949806684837469], [0.021824987928929174, -0.5712507760493959, -0.8204853568253765], [0.7130686081823392, -0.5663383346248376, 0.41327236873430984]], "T": [-0.1014399070153432, 0.004606368177471343, 0.048163650079807635], "aligned_model": [[-0.6646680911255379, -0.07849030659280945, 0.09376137707687299, 0.633277996345166, 0.12148373384008876, -0.6458016151384265, -0.36795443543296924, -0.4456372675100595, 0.0006467456895677959, -0.0036927630413048917], [-0.0712237134621832, -0.5754433190068473, -0.056818881693090614, -0.01634799314303198, -0.5130555744028864, -0.24553206270809763, 0.5318374080889634, 0.18609502281909437, 0.6575566908858959, 0.02165275324838751], [-0.6162296225781766, -0.23637787361606913, -0.5890322587514081, -0.14096469131388012, 0.49023871106805306, 0.1086976366799061, -0.3332519910103112, 0.6161550555306929, 0.3734613583552733, 0.08609040261101947]], "inverted": true, "swapped": true, "error_lsq": 0.05582400691126721, "error_max": 0.2734075555578274, "target": "779.xyz", "model": "29.xyz", "model_rescale": 4.117894457231895, "target_rescale": 3.631940974376138},
