[{"mapping": [0, 9, 12, 2, 1, 6, 5, 7, 4, 11, 8, 13], "R": [[-0.06994216810942547, 0.9295569645374682, -0.3619833460258097], [-0.7731278284608238, -0.27982172722307047, -0.5691864034157426], [-0.6303819905260649, 0.24004926713861413, 0.7382376957095936]], "T": [0.06358294647764468, -0.032965849326928684, -0.15095638028373065], "aligned_model": [[-0.7015361745290145, -0.2654578410610895, -0.12010550456515542, -0.4494902583992833, -0.19128670609141252, 0.3367454920898824, 0.6080326409118493, 0.24313899672613543, 0.16403871025207356, 0.6802152055705368, 0.6822989780386866, 0.12703146792196257], [-0.12064285466328842, -0.598365048781719, -0.4896220576938166, 0.27714170092918217, 0.0568175281930339, 0.5466646764371916, 0.32704607935663926, -0.43030312973184837, 0.11698779044479342, -0.3555229262639688, -0.06440740726296114, -0.13988163620458977], [-0.19910103716143698, 0.17889067087179839, -0.4556586419869876, 0.33054900818162725, -0.660882373682192, 0.2661251003225231, -0.5335360476441857, 0.46652009124781896, 0.7875673392113012, -0.20371460245913497, 0.32525894112729986, -0.04567978317753757]], "inverted": false, "swapped": false, "error_lsq": 0.05104227711841985, "error_max": 0.2745155479581209, "target": "78.xyz", "model": "0.xyz", "model_rescale": 3.8414455957264533, "target_rescale": 3.601928724006854},
{"mapping": [8, 9, 13, 10, 11, 5, 1, 7, 2, 0, 4, 14], "R": [[-0.8732732499547246, -0.48096726476740215, -0.07787375126239292], [0.23534110532813177, -0.27643578351382925, -0.9317713355410913], [0.42662441919848726, -0.8320178771007622, 0.3545953427899109]], "T": [0.06051843881445636, -0.039363359029855736, 0.07726355444678815], "aligned_model": [[-0.7097321239419819, -0.2314459259766362, -0.20539879297339309, -0.30466661774647524, 0.059102087152226174, 0.09055009395981263, 0.5651108654287779, 0.3351471034463437, 0.2714657533379083, 0.5826983043480446, 0.5768792158611769, 0.08391504396936789], [-0.141624305993405, -0.5933280806597415, -0.5925716207603363, 0.5378172787335117, -0.007007499959014472, 0.5072962790557741, 0.3874559468588345, -0.5716708141498175, 0.0020299449776018177, -0.42699426792837164, -0.00502752859543041, 0.029537383179042982], [-0.06612112674363538, 0.3481686612186953, -0.3678158155882172, 0.03386209979315152, -0.7743328842856261, 0.44412064482369784, -0.4810460857108123, 0.3100357003778208, 0.7832327835900423, -0.24302980484278738, 0.24462494044808822, 0.024639551770475956]], "inverted": false, "swapped": false, "error_lsq": 0.04905912055482234, "error_max": 0.2356680931516637, "target": "78.xyz", "model": "1.xyz", "model_rescale": 4.316132596720782, "target_rescale": 3.601928724006854},
{"mapping": [8, 1, 2, 10, 6, 7, 3, 0, 9, 4, 5, 11], "R": [[0.9412934731244346, 0.1528525829846137, -0.3010027995356048], [0.07823650992694897, -0.9661208161189233, -0.24594637052852883], [-0.32839860835239565, 0.20795830480324115, -0.9213618710884298]], "T": [0.07523103994763503, -0.06520366920673305, 0.07487558289347666], "aligned_model": [[-0.6185711078052487, -0.2721100742368164, -0.1632156620891178, -0.3946877620767259, -0.039101024031701404, 0.3349298908835592, 0.4902646907691669, 0.4151167220335341, 0.07085303173635826, 0.5116409606724045, 0.6661801899154453, 0.11232515109431346], [-0.2149614281231111, -0.36480223405812773, -0.795139118946599, 0.35016365413053635, 0.15626670361540818, 0.7317635236946408, 0.36216897590776126, -0.6597714514500878, 0.04914032728124164, -0.3701521798875079, -0.04775765146707274, -0.0710064059384331], [-0.2136505151127892, 0.3650343562243824, -0.2583852927668044, 0.012569043935585333, -0.7086899957964993, 0.38770288355827154, -0.2010169681707062, 0.2616399639131641, 0.8075813824769605, -0.48269281476130516, 0.3322364589689757, -0.04598983761834159]], "inverted": true, "swapped": false, "error_lsq": 0.04751369863370364, "error_max": 0.2635289661785027, "target": "78.xyz", "model": "2.xyz", "model_rescale": 3.795458400668931, "target_rescale": 3.601928724006854},
{"mapping": [3, 5, 9, 6, 8, 2, 1, 4, 10, 7, 0, 11], "R": [[0.024233944617713832, -0.28965400184666706, -0.9568245790856735], [-0.7929062649312217, -0.5884850645972771, 0.1580663904147805], [-0.6088615367725939, 0.7548416310459762, -0.24392978719042407]], "T": [0.14859364135173758, -0.03850423137548353, 0.06007069720208995], "aligned_model": [[-0.5957894395826937, -0.36767967952502467, -0.2552386807069509, -0.2612957972637715, -0.15101540923382273, 0.08471817332912135, 0.4493647077803821, 0.375726129392938, 0.11333664551858383, 0.538820269292068, 0.9114288796390961, 0.27124920822524556], [-0.1112191085981785, -0.4200307341268076, -0.6886953232216422, 0.34284824048287965, 0.1081904736203822, 0.6328642027611744, 0.4208530058892849, -0.5198475047493815, -0.04935484130557094, -0.47301005983563665, -0.01756230264169585, -0.09912333351615957], [-0.21863416638127353, 0.3459447978101159, -0.3506915729151407, -0.12393266401689125, -0.6465253807411224, 0.4246384709352628, -0.24781976405240624, 0.41738599127374226, 0.7933168658992942, -0.4320981361228643, 0.2328473710435507, 0.06190685211862649]], "inverted": false, "swapped": false, "error_lsq": 0.04994244625203456, "error_max": 0.25794933698804917, "target": "78.xyz", "model": "3.xyz", "model_rescale": 3.7530521520055578, "target_rescale": 3.601928724006854},
{"mapping": [7, 9, 2, 4, 1, 6, 8, 10, 5, 3, 11], "R": [[0.8976988006314489, 0.018532331311316243, 0.4402197360875887], [-0.26661307664760464, -0.7725973649058555, 0.5762037652610641], [0.35079100716146805, -0.6346257672334905, -0.6886187659786414]], "T": [0.10228907889476982, -0.01976291356275347, 0.07904122661716984], "aligned_model": [[-0.3304905598715453, -0.339675222104976, 0.33466360021882574, 0.5542228502795206, 0.2637603262438457, -0.19640836094089684, -0.3439877126670414, -0.6014375917680471, -0.31515618281883406, 0.3423931972289013, -0.029684741354548044], [-0.6649960580036973, 0.12730876955872217, -0.3553506912696818, 0.40161350728835565, -0.6148621945626379, 0.6615950016022898, -0.41289749696518124, -0.05708872391713691, 0.30399874262000626, 0.13596624195006016, -0.05808373998675249], [-0.06322709302681279, -0.6134629941198193, -0.583899624421887, -0.31378645861577964, 0.17053575380055705, -0.1973732743803256, 0.4991167420974732, -0.06965597339456667, 0.7509748389722035, 0.5318908504572119, -0.018281990122938102]], "inverted": true, "swapped": true, "error_lsq": 0.04472571391021939, "error_max": 0.22469071655631245, "target": "78.xyz", "model": "4.xyz", "model_rescale": 3.7855080009869324, "target_rescale": 3.601928724006854},
{"mapping": [5, 3, 1, 10, 6, 15, 13, 2, 9, 12, 14, 16], "R": [[-0.4815483854734881, 0.5270202318065806, -0.7002576866514321], [-0.39027273949084546, -0.8443538485736248, -0.3670882280994847], [-0.7847281957838574, 0.09652074215134601, 0.6122788621832097]], "T": [0.036042955495097714, -0.044944843097722176, -0.12501526489369538], "aligned_model": [[-0.736640952943533, -0.2714838921123464, 0.12201539618144576, -0.39858165519674915, -0.04120419336998955, 0.33889337488703697, 0.5688302015036016, 0.19612234697000924, 0.05361770001351927, 0.6448176151453812, 0.5699160816309262, 0.06732298415586996], [-0.23092295427903378, -0.33359186148079945, -0.7296561279554646, 0.4030337194330162, 0.14753582405058974, 0.5886839125850208, 0.33433884026079647, -0.5883721265728834, -0.004860261484575412, -0.3073196722827842, -0.09939971627625271, -0.05355686123898119], [0.028200153458168925, 0.42682415212762226, -0.4362758226588287, 0.25099129005998966, -0.743934596336266, 0.3063944361237032, -0.43670305243768537, 0.3491651475850578, 0.5856171111778243, -0.2786971629426979, 0.2869453527749566, -0.08218834408095133]], "inverted": true, "swapped": false, "error_lsq": 0.04424947056670694, "error_max": 0.22177371997530915, "target": "78.xyz", "model": "5.xyz", "model_rescale": 4.2253639853439635, "target_rescale": 3.601928724006854},
{"mapping": [10, 2, 4, 5, 1, 11, 9, 3, 6, 0, 7, 13], "R": [[0.9997892751180681, -0.004561701501973006, -0.020014900406807746], [0.012841755986604683, 0.8996458079590652, 0.43643156339208683], [0.01601545072946867, -0.4365966228695402, 0.8995148104599748]], "T": [0.09992507532005002, 0.036538695626825435, -0.033181989402159454], "aligned_model": [[-0.6536992718455509, -0.3737116120502588, -0.0836827990624632, -0.38710598346404934, -0.061117638749265374, 0.1724778930565285, 0.4055542696987327, 0.3003222967198165, 0.1786036068182596, 0.7446931208492269, 0.7595579039138501, 0.11173322098034533], [0.026307721678004464, -0.31125950089473914, -0.6155807430839131, 0.27766655016885095, -0.15527633425089596, 0.636939480155914, 0.3385750748945183, -0.5433953478741538, -0.037942527185087976, -0.28407957046304855, -0.192043835262315, -0.013998253124485847], [-0.2343240907146874, 0.29066413904537947, -0.23797383085794677, 0.2914707050180219, -0.7230935928097728, 0.4565207524612497, -0.46672696818484904, 0.32252425392539186, 0.6008370988379632, -0.38608529661336605, 0.34368108127546615, -0.0011555865319562986]], "inverted": false, "swapped": false, "error_lsq": 0.04454272470574327, "error_max": 0.24255895251705106, "target": "78.xyz", "model": "6.xyz", "model_rescale": 3.89814844738969, "target_rescale": 3.601928724006854},
{"mapping": [3, 6, 8, 0, 7, 2, 4, 9, 5, 11, 10, 12], "R": [[0.42083538126451386, 0.7183907300406704, 0.5539064369255731], [0.8061908534235829, -0.01625226179941147, -0.5914323053761595], [-0.41587725320352237, 0.6954499428269701, -0.5859995625338448]], "T": [0.05846638611023843, 4.745281143012092e-06, -0.02690679069891766], "aligned_model": [[-0.6853242434818507, -0.40523080762994734, -0.052145452552151174, -0.40394434320283573, -0.14111371975913253, 0.35920022721957995, 0.4611268063944754, 0.39560339451895804, 0.08161160348262428, 0.5854951442060586, 0.7079107697429655, 0.21043562792642706], [-0.19563794721902855, -0.3491621142618053, -0.6351241961616264, 0.3649547479974123, 0.11562018898394763, 0.5562801353245445, 0.4079724170851755, -0.6641056324993104, -0.1302243287787037, -0.4367284816183451, 0.034973245858262, 0.057094680048126054], [-0.2736483009321943, 0.32014258293856634, -0.2319995043779917, 0.036324533831371436, -0.6417852584179705, 0.291942220221062, -0.3217334399075548, 0.46628883247725805, 0.7379992762185359, -0.45916267080345435, 0.31353829971570624, 0.01843209388755916]], "inverted": false, "swapped": false, "error_lsq": 0.043620521288501156, "error_max": 0.2500432214511583, "target": "78.xyz", "model": "7.xyz", "model_rescale": 3.7474275329858107, "target_rescale": 3.601928724006854},
{"mapping": [8, 5, 3, 4, 2, 13, 1, 7, 11, 0, 12, 14], "R": [[0.4377839063536877, -0.8399600064946556, 0.3206437880689466], [-0.8957867368134801, -0.43799652917403953, 0.07566480410700585], [0.07688545692627746, -0.32035328610924635, -0.9441728647828451]], "T": [0.1798248296267682, -0.13225691635198653, 0.0926566618980024], "aligned_model": [[-0.4922722299904349, -0.2698942878235297, -0.08964963084778849, -0.3496744744121703, -0.15051632660767172, 0.16815133566838913, 0.5232128091480422, 0.1552221220272647, 0.26147165019711127, 0.5648456975151326, 0.6239380416317784, 0.16879030035904843], [-0.10027264579323639, -0.6875118684538709, -0.5615373966976092, 0.4361757909953897, 0.22762549505381283, 0.7267204171983344, 0.15104911239741373, -0.6555980065162171, -0.1038783142936067, -0.4557910757233249, 0.2275491059412, -0.0786178993496372], [-0.019025318507337602, 0.1423166819135722, -0.41452803949862904, -0.0008344611326761842, -0.5928715040501856, 0.3574839616202037, -0.5128383501742636, 0.527842187907893, 0.7082932488759314, -0.333134151339359, 0.3249187983806915, 0.06871561085505296]], "inverted": true, "swapped": false, "error_lsq": 0.06035604018962923, "error_max": 0.3546388751121681, "target": "78.xyz", "model": "8.xyz", "model_rescale": 4.019505241142653, "target_rescale": 3.601928724006854},
{"mapping": [3, 5, 6, 0, 2, 7, 1, 11, 8, 10, 9, 12], "R": [[-0.6203680132319902, 0.45643256928848186, 0.6378188127135395], [-0.6641937999318952, -0.7382315179560508, -0.11773199237392981], [0.4171212345237575, -0.496672463087114, 0.7611349027080261]], "T": [0.08717050473480542, -0.0806216642098216, -0.0008881413055148689], "aligned_model": [[-0.7635155486761158, -0.403354602227341, 0.09081089848569396, -0.1682518657638467, -0.2616447771034748, 0.09501889835034924, 0.5038055439277822, 0.25660112717172084, 0.2270161919430549, 0.7842581433687197, 0.6835815455591221, 0.06929945182950734], [-0.00910109770131945, -0.49046474361101317, -0.7073543874556576, 0.5162113270919767, -0.041003880430293765, 0.6536893074748842, 0.2835189261157965, -0.5364016645871118, -0.008139887497902148, -0.3977805584898004, -0.03030207326549883, -0.10695855288541184], [-0.09926931247267248, 0.20390074718378068, -0.3686580137979396, -0.03546951221077024, -0.477050395774659, 0.5285547636963511, -0.3883441733459696, 0.3874511168563484, 0.6558663845258934, -0.5025442167802202, 0.3294175815944894, 0.022483695376262342]], "inverted": false, "swapped": false, "error_lsq": 0.04891316980947838, "error_max": 0.2800589647467761, "target": "78.xyz", "model": "9.xyz", "model_rescale": 3.877068213659057, "target_rescale": 3.601928724006854},
{"mapping": [7, 4, 1, 2, 8, 14, 11, 3, 13, 12, 6, 15], "R": [[0.9124909904817976, 0.40082332866085596, 0.08185872886124772], [-0.3916919660327433, 0.7982566210283023, 0.45756285986723366], [0.11805759626111384, -0.44958539365253936, 0.8854012524157276]], "T": [0.16272512399122185, -0.04772571788789234, 0.014431467230627382], "aligned_model": [[-0.6107635974214854, -0.3146541610987527, -0.2273738680468193, -0.3721957839936152, -0.2084185369609401, 0.22035623586333022, 0.5370925423408901, 0.29704085374164413, 0.1212517231391127, 0.7995291751835354, 0.6811708678811743, 0.190589556237097], [-0.19751169756536976, -0.444129343629417, -0.6515008061330508, 0.26512874898787836, 0.2125126665109385, 0.6400032503784431, 0.21049883254075333, -0.5556654605861204, 0.14356739599708723, -0.3538781276602081, -0.06269397750732081, -0.08041876657496508], [-0.19903030348301098, 0.2847347476600903, -0.4715572460425206, 0.25178576507682116, -0.609949267600782, 0.3794370395035608, -0.566795161458933, 0.37040596808355986, 0.7623120710475867, -0.22835757306812943, 0.3480398258957048, -0.06468720076305377]], "inverted": false, "swapped": false, "error_lsq": 0.043190788352537264, "error_max": 0.19736168104147658, "target": "78.xyz", "model": "10.xyz", "model_rescale": 4.260839863003843, "target_rescale": 3.601928724006854},
{"mapping": [6, 5, 0, 10, 7, 9, 8, 3, 4, 1, 2, 11], "R": [[-0.2064591380732081, -0.9495808486492117, 0.2359466808088454], [0.1557813994393318, 0.2061654755671118, 0.9660372416594042], [-0.9659745234191175, 0.2362033203890873, 0.10536228709732359]], "T": [0.11530395569095724, -0.03633143967623617, 0.018894222801357365], "aligned_model": [[-0.6614075257916011, -0.3005068126906571, -0.2032835685621322, -0.3257379528960711, -0.0684692512647737, 0.2718715877942382, 0.5209151954250109, 0.30428333495030235, 0.08811208601868602, 0.6234054036356877, 0.7372429223923302, 0.12719958785415122], [-0.30972862186399974, -0.3485276340938729, -0.6759556716925965, 0.4093596710340578, 0.003759885127627899, 0.6595529725909626, 0.48594069642739457, -0.6771530706176161, 0.14544923503539864, -0.3955181742775131, -0.10876421242308294, -0.06250236048811178], [-0.13994088024324064, 0.4504563195347641, -0.490435828013236, 0.03213283095843133, -0.6089797481218864, 0.37521531745941716, -0.26097136120263853, 0.2586180283467166, 0.7276390620251292, -0.34999390580165374, 0.2987201352399325, -0.03612130533084189]], "inverted": false, "swapped": false, "error_lsq": 0.04375283918861784, "error_max": 0.23172847489599893, "target": "78.xyz", "model": "11.xyz", "model_rescale": 3.890672605050136, "target_rescale": 3.601928724006854},
{"mapping": [3, 7, 8, 4, 0, 10, 11, 5, 12, 6, 9, 13], "R": [[0.8842508580365821, -0.426712136245848, 0.18978190862691185], [-0.44481558679962147, -0.8933385710056022, 0.06391628347907377], [0.14226564519123042, -0.1409359795587123, -0.9797436072075948]], "T": [0.1995805705066876, -0.025536842690064232, -0.13693609279262556], "aligned_model": [[-0.6930898282895925, -0.32975547042792214, -0.06162617178919305, -0.3363209646314695, -0.19732812268267175, 0.2570647549423788, 0.5781643759965233, 0.2975665881844106, 0.10277592380134074, 0.5705653971495084, 0.8464813403954445, 0.07912718421641418], [-0.23293642110990745, -0.375220221304475, -0.668032743459396, 0.41652970037450443, -0.01867818281263584, 0.6538143926431068, 0.37365715281305156, -0.5691493411574817, 0.04577437583507804, -0.26351546076705007, -0.21971390498008536, -0.016616631316060313], [-0.25177567650049565, 0.43270332013882307, -0.3322847582907835, -0.045046158824589844, -0.5740985200466344, 0.4416120659924665, -0.14591496078056482, 0.41065533672826526, 0.5983704536448351, -0.5081432851805449, 0.2498908432125502, -0.019629995242432863]], "inverted": true, "swapped": false, "error_lsq": 0.044463443219730614, "error_max": 0.30762421667733575, "target": "78.xyz", "model": "12.xyz", "model_rescale": 4.124412569039231, "target_rescale": 3.601928724006854},
{"mapping": [6, 8, 9, 1, 3, 4, 5, 11, 2, 7, 10, 12], "R": [[-0.7008949464753144, 0.6534368617939441, 0.2859484947577946], [-0.04105462600913168, 0.36327764217658787, -0.9307759517616845], [-0.7120820119119826, -0.6641156694006709, -0.2277928575875069]], "T": [0.08002170150183258, 0.011092889737962436, -0.15266266464990239], "aligned_model": [[-0.5555601592379644, -0.2732396005426147, -0.00724109538960685, -0.5349317278960151, -0.2681630126288663, 0.3617344175112363, 0.694813115905486, 0.25148684038236274, 0.07847161742312614, 0.5790775659608143, 0.6387309719828766, 0.1484460733943369], [-0.19209705559274487, -0.40889012562501115, -0.5897563582747898, 0.3428984684753056, 0.03625100054397361, 0.594299670646918, 0.3909371670687236, -0.6293414333906543, 0.05491331963030088, -0.25662863218102094, -0.21408806973963598, -0.0025852368027163026], [-0.20126677146322794, 0.3096325226308312, -0.35267930756140065, 0.2651909418911159, -0.7746657595556456, 0.293189387145248, -0.37958935066730254, 0.5896286833018071, 0.7078446745473415, -0.4216349780327595, 0.2736554781317516, -0.052966855516865544]], "inverted": true, "swapped": false, "error_lsq": 0.04354382592768038, "error_max": 0.2580788289422566, "target": "78.xyz", "model": "13.xyz", "model_rescale": 3.9028299243045295, "target_rescale": 3.601928724006854},
{"mapping": [0, 4, 3, 5, 2, 13, 1, 7, 10, 6, 9, 15], "R": [[0.49582979162055163, -0.8401666192635431, -0.21971087732925146], [-0.8441573060790073, -0.5256824343518742, 0.10514951643883608], [-0.20384126259164012, 0.13333427949764626, -0.9698818018582935]], "T": [0.09066196426554426, 0.0782531314697026, -0.03949572885743953], "aligned_model": [[-0.6357490907234837, -0.36014397222656513, -0.05914776968829347, -0.2764540111713504, -0.1151260877666491, 0.03258730328041158, 0.5276958580855797, 0.4013570371591545, 0.13038216609760264, 0.513031278126382, 0.7800184681459602, 0.17517382754642302], [-0.22481585043641267, -0.2829903453923112, -0.49928282824791737, 0.3312100809740582, 0.10910498858899219, 0.6634904196544464, 0.19868725791204633, -0.6090610698511647, -0.044792164492156006, -0.3375003688278591, -0.19445098269623207, 0.01631357757315821], [-0.29967370763513523, 0.3149622121324959, -0.22032355880592736, 0.21217960948865472, -0.7457883099517555, 0.49601897875091666, -0.5050016392209641, 0.4621971215794222, 0.6944216798181236, -0.34471933860656695, 0.18692320396047962, 0.005142413341150086]], "inverted": true, "swapped": false, "error_lsq": 0.04254168239820424, "error_max": 0.23522640157144573, "target": "78.xyz", "model": "14.xyz", "model_rescale": 3.942246331269136, "target_rescale": 3.601928724006854},
{"mapping": [1, 0, 13, 5, 3, 9, 10, 8, 7, 11, 6, 14], "R": [[0.3617587182001429, 0.6466339137892032, 0.6715617703114487], [0.7358644351457408, 0.24422114468838324, -0.6315532959099616], [-0.5723933637751484, 0.7226483335791712, -0.38748577145673063]], "T": [0.08839166873907192, -0.061550126981611636, -0.07838651795617557], "aligned_model": [[-0.714491554586861, -0.310058996176544, 0.18652950232467339, -0.3711713362753847, -0.37693267101488803, 0.35930244692812974, 0.580950808371089, 0.30123794982388763, 0.20111816200924587, 0.7099133031956718, 0.5376338046944269, 0.009593587571725098], [-0.11359292132300322, -0.31931934557978203, -0.6874437277094366, 0.37228497643313807, 0.09464416431406772, 0.5822298361129814, 0.383298114815968, -0.6386626574253879, 0.015521633835767878, -0.3961335507678152, -0.07489388873987102, -0.09201991920797851], [-0.17488269943253487, 0.48331587694689915, -0.5878529179202939, -0.020347689088683035, -0.6033860729082045, 0.3220095553403606, -0.34010402172260495, 0.3911648787204144, 0.7656112246525101, -0.20438578417010353, 0.25446906130130076, -0.029272746868166374]], "inverted": false, "swapped": false, "error_lsq": 0.0515672192766713, "error_max": 0.3361631034550604, "target": "78.xyz", "model": "15.xyz", "model_rescale": 4.355366556412066, "target_rescale": 3.601928724006854},
{"mapping": [8, 1, 2, 10, 6, 7, 3, 0, 9, 4, 5, 11], "R": [[0.9412934731244346, 0.1528525829846137, -0.3010027995356048], [0.07823650992694897, -0.9661208161189233, -0.24594637052852883], [-0.32839860835239565, 0.20795830480324115, -0.9213618710884298]], "T": [0.07523103994763503, -0.06520366920673305, 0.07487558289347666], "aligned_model": [[-0.6185711078052487, -0.2721100742368164, -0.1632156620891178, -0.3946877620767259, -0.039101024031701404, 0.3349298908835592, 0.4902646907691669, 0.4151167220335341, 0.07085303173635826, 0.5116409606724045, 0.6661801899154453, 0.11232515109431346], [-0.2149614281231111, -0.36480223405812773, -0.795139118946599, 0.35016365413053635, 0.15626670361540818, 0.7317635236946408, 0.36216897590776126, -0.6597714514500878, 0.04914032728124164, -0.3701521798875079, -0.04775765146707274, -0.0710064059384331], [-0.2136505151127892, 0.3650343562243824, -0.2583852927668044, 0.012569043935585333, -0.7086899957964993, 0.38770288355827154, -0.2010169681707062, 0.2616399639131641, 0.8075813824769605, -0.48269281476130516, 0.3322364589689757, -0.04598983761834159]], "inverted": true, "swapped": false, "error_lsq": 0.04751369863370364, "error_max": 0.2635289661785027, "target": "78.xyz", "model": "16.xyz", "model_rescale": 3.795458400668931, "target_rescale": 3.601928724006854},
{"mapping": [3, 6, 8, 0, 7, 2, 4, 9, 5, 11, 10, 12], "R": [[0.42083538126451386, 0.7183907300406704, 0.5539064369255731], [0.8061908534235829, -0.01625226179941147, -0.5914323053761595], [-0.41587725320352237, 0.6954499428269701, -0.5859995625338448]], "T": [0.05846638611023843, 4.745281143012092e-06, -0.02690679069891766], "aligned_model": [[-0.6853242434818507, -0.40523080762994734, -0.052145452552151174, -0.40394434320283573, -0.14111371975913253, 0.35920022721957995, 0.4611268063944754, 0.39560339451895804, 0.08161160348262428, 0.5854951442060586, 0.7079107697429655, 0.21043562792642706], [-0.19563794721902855, -0.3491621142618053, -0.6351241961616264, 0.3649547479974123, 0.11562018898394763, 0.5562801353245445, 0.4079724170851755, -0.6641056324993104, -0.1302243287787037, -0.4367284816183451, 0.034973245858262, 0.057094680048126054], [-0.2736483009321943, 0.32014258293856634, -0.2319995043779917, 0.036324533831371436, -0.6417852584179705, 0.291942220221062, -0.3217334399075548, 0.46628883247725805, 0.7379992762185359, -0.45916267080345435, 0.31353829971570624, 0.01843209388755916]], "inverted": false, "swapped": false, "error_lsq": 0.043620521288501156, "error_max": 0.2500432214511583, "target": "78.xyz", "model": "17.xyz", "model_rescale": 3.7474275329858107, "target_rescale": 3.601928724006854},
{"mapping": [5, 10, 8, 12, 4, 7, 2, 3, 11, 0, 1, 13], "R": [[-0.5781987816890086, -0.22746188646853222, 0.7835478664749989], [-0.5074317162340769, -0.6517724721009608, -0.5636538813590674], [0.6389047051110872, -0.7235010261330518, 0.2614326738786409]], "T": [0.09261707308768787, 0.00028039460054850307, 0.0035631904800162047], "aligned_model": [[-0.6036513225425868, -0.3923896366657713, -0.04211601104634986, -0.4688115699068778, -0.16732477561689374, 0.2229792648319711, 0.6406246164898122, 0.2716462230802695, 0.1193785976278375, 0.6425393516844791, 0.7221177952795494, 0.16863247364973255], [-0.08053312072268194, -0.3710175489916431, -0.6591111576272436, 0.4277954481712332, -0.17707726946694968, 0.6156928258340543, 0.3572710460917299, -0.5662172091490163, -0.029207469606158956, -0.3178830017901091, -0.09183309343703379, 0.018033265452467338], [-0.17504093505419108, 0.32503744923457034, -0.2492296656473932, 0.25108224249265393, -0.7646817680515516, 0.41792115225122356, -0.2722594534996851, 0.3316153352804564, 0.7247781019140963, -0.5400358634935384, 0.27515546373378813, -0.06800339430953571]], "inverted": true, "swapped": false, "error_lsq": 0.04200158615236404, "error_max": 0.25078092321999734, "target": "78.xyz", "model": "18.xyz", "model_rescale": 3.922800546911778, "target_rescale": 3.601928724006854},
{"mapping": [2, 9, 10, 3, 1, 12, 8, 11, 7, 4, 13, 14], "R": [[0.25678094689598485, 0.5972481484150534, -0.7598409007983131], [0.8947293615113736, -0.44415531044674517, -0.04674858127692416], [-0.3654078747928828, -0.6678478190551692, -0.648426075680646]], "T": [0.10871318799970488, 0.06110573129501469, -0.11308442822899148], "aligned_model": [[-0.5281817687802095, -0.4270598814264992, -0.023544419062064406, -0.3030390603586496, -0.21996488036187645, 0.29045189417842643, 0.5733948898049033, 0.3148682168761279, 0.06669108156455973, 0.5833097068989942, 0.698076860983098, 0.08862236654836135], [-0.2554321565161587, -0.4101573664648606, -0.7203461413923057, 0.32377061193465934, 0.17308189153543663, 0.6304661993324683, 0.3176695618592329, -0.4887235530028256, -0.014871179398536188, -0.4656674949455873, -0.010749356850112593, 0.046871698667238865], [-0.19851008243273857, 0.27883584004297957, -0.2628894458721952, 0.29997306175939564, -0.7668543348871036, 0.39820193446726637, -0.4174469930678011, 0.28994345537993527, 0.6810645947326142, -0.2584641085729419, 0.23231541846374412, -0.019830675162260836]], "inverted": true, "swapped": false, "error_lsq": 0.04197202304437889, "error_max": 0.20695835503645021, "target": "78.xyz", "model": "19.xyz", "model_rescale": 3.9282355846067225, "target_rescale": 3.601928724006854},
{"mapping": [5, 2, 3, 7, 6, 12, 8, 0, 10, 4, 11, 13], "R": [[0.7042762024985039, -0.2901522883977863, -0.6479249031576226], [-0.6470015350474834, -0.6379829958736627, -0.4175724016530148], [-0.292205482906271, 0.7132947122428389, -0.6370452175834294]], "T": [0.09394814195330652, 0.0036778292140357965, -0.03898363048883987], "aligned_model": [[-0.5153571056953157, -0.5315018976706464, 0.011672136646326811, -0.33547920441197326, -0.1951389023592509, 0.14005162701945023, 0.6009528530319448, 0.43203924998502313, 0.14710515556385662, 0.5591337208914656, 0.7252019105011077, 0.07494546336318293], [-0.2729477091180409, -0.14383736642577744, -0.6694595486066872, 0.448663766174899, 0.05530053768849634, 0.6836742388257927, 0.32952552379175626, -0.6809401977865039, -0.04766584670551745, -0.3006654298483397, -0.15915178371508615, -0.11658346951634271], [-0.2387724664605529, 0.4765430180460552, -0.3652837970118192, 0.03636520148856751, -0.6225997978775223, 0.46922272213521116, -0.503086078242175, 0.20015973231392156, 0.8193709045597851, -0.3395587504689769, 0.2582845450253009, 0.06569343134309871]], "inverted": true, "swapped": false, "error_lsq": 0.04958247022929365, "error_max": 0.35562514844240717, "target": "78.xyz", "model": "20.xyz", "model_rescale": 4.067790424073018, "target_rescale": 3.601928724006854},
{"mapping": [7, 0, 12, 8, 9, 4, 13, 3, 2, 11, 6, 14], "R": [[-0.39682285842475107, -0.539763960767834, 0.7424193462510457], [-0.7749962492723745, 0.6304249052837376, 0.04410501572091291], [-0.49184594401637755, -0.5578703303225674, -0.6684820580243181]], "T": [0.11471365457149235, 0.028918777127871678, -0.038276132143288163], "aligned_model": [[-0.6136292970043289, -0.40045480817735274, 0.04545412947301625, -0.2818741026811003, -0.283476283535144, 0.1641789187577718, 0.5276574932101398, 0.38566099444633894, 0.12087084942811255, 0.5962007505503115, 0.7321473759284558, 0.12088898646895099], [0.07687857486483465, -0.27779794986132333, -0.6676128954491789, 0.41711111068900225, -0.2055991697816716, 0.5457542368218758, 0.2988521991894808, -0.6932904751314664, -0.12884408133665065, -0.33318538715254853, 0.08900954887991822, 0.004637003026375923], [-0.19280884680150057, 0.3424919519905927, -0.34982165719193575, 0.09284503200184875, -0.6631729278118658, 0.5723848130449134, -0.5350022527184856, 0.3205362862825127, 0.688906720363241, -0.27297381980937846, 0.3651115245554594, -0.11215815905450797]], "inverted": false, "swapped": false, "error_lsq": 0.05293220729911025, "error_max": 0.305882417751133, "target": "78.xyz", "model": "21.xyz", "model_rescale": 4.186013935880536, "target_rescale": 3.601928724006854},
{"mapping": [3, 4, 11, 6, 5, 1, 2, 10, 7, 8, 9, 12], "R": [[-0.18859327764614942, 0.9301606100971005, -0.31501399183285933], [-0.08252038352932778, -0.33464542923685164, -0.9387240398504006], [-0.9785821181325844, -0.15104196805746956, 0.1398690886381666]], "T": [0.1200120000918952, -0.019206952379875047, 0.01740964544953439], "aligned_model": [[-0.7126171874735315, -0.335459137582355, 0.06827210382056158, -0.38911385490624695, -0.15126065413047032, 0.45921768026275944, 0.46153701546302106, 0.2619378778348845, 0.02288665222679577, 0.6753665306353279, 0.6723353853109204, 0.08052259540350462], [-0.16466356031212764, -0.46510715427419513, -0.5788134497670916, 0.14744615009914472, 0.23812443827721527, 0.5320003530896408, 0.36815120322002126, -0.5177246368157026, 0.10978797519891409, -0.2659080680039221, -0.23620668915997997, -0.04117384679326868], [-0.35395226153551, 0.36574167306800465, -0.2709122752011547, 0.1686394580650465, -0.6598868026206567, 0.3583396219391404, -0.5145805105035531, 0.6713489363393604, 0.7331265694787764, -0.44991041153320444, 0.19989458350167505, 0.008490083852969035]], "inverted": false, "swapped": false, "error_lsq": 0.0521962872124856, "error_max": 0.2969976953708616, "target": "78.xyz", "model": "22.xyz", "model_rescale": 4.166573947596378, "target_rescale": 3.601928724006854},
{"mapping": [1, 2, 6, 0, 5, 8, 10, 11, 3, 14, 9, 15], "R": [[0.4150167840070734, -0.14305324014866472, 0.898496989129844], [-0.8513290299136558, -0.4094213506254067, 0.3280442660348476], [0.3209360556539265, -0.9010604464379938, -0.2917021084021567]], "T": [0.15480828206348507, -0.08875362705886819, 0.03471871917024717], "aligned_model": [[-0.5392164806631223, -0.3484311008377866, -0.28362388427196816, -0.42901828026652067, -0.21890736496913465, 0.23087040539586912, 0.5760313059398586, 0.44775892406421414, 0.11037210021048546, 0.8034720709178005, 0.6699382906611618, 0.09437902068431436], [-0.10427444860358528, -0.43509194289529035, -0.6280286403446527, 0.47440475282897804, 0.0660400335121728, 0.6076823758242207, 0.3174549967571784, -0.6530205458037521, -0.15300980855469776, -0.2718823975737405, -0.006952888511223193, -0.08740877187696003], [-0.12710771157576783, 0.3168696250164446, -0.2752285788255288, -0.058849155220693256, -0.6915302181861895, 0.4387862723140024, -0.4327285518646754, 0.5014907118903752, 0.6308086628012117, -0.37962039998110864, 0.332038210117799, 0.001409798365023772]], "inverted": false, "swapped": false, "error_lsq": 0.04164815299898349, "error_max": 0.24263963243263284, "target": "78.xyz", "model": "23.xyz", "model_rescale": 4.274766983524099, "target_rescale": 3.601928724006854},
{"mapping": [2, 4, 0, 1, 3, 8, 7, 10, 9, 6, 11], "R": [[0.6233324005413398, -0.32738001219272606, -0.7101260775750047], [-0.25631166509196024, 0.7724268011849463, -0.5810861959718012], [0.7387564204615467, 0.5442234508250101, 0.3975673361821369]], "T": [-0.16623175674778365, 0.2026093404071886, 0.05930880763617113], "aligned_model": [[0.27646339069637493, 0.22037530188771284, -0.4076523951022722, -0.4807643321811482, -0.588409124447228, -0.5700388673517323, -0.1397889846976215, 0.1273729374827847, 0.6215907441552863, 0.37845049855051893, -0.05770446503460078], [-0.09681506234677706, 0.7087955613005129, 0.3478011287970207, -0.2185049769745962, 0.5317711384886845, -0.2716253146952492, -0.5840909366859193, -0.18823764513672536, -0.003479130866556407, 0.6001947382331253, 0.08977703112996385], [-0.5067951405465575, -0.3018370133887394, -0.6055742867368895, -0.2758319943544035, 0.07913606705185541, 0.4364328235584001, 0.12463686453443643, 0.5882419015423136, 0.24203228218666561, 0.4777832246354385, 0.1213417055390577]], "inverted": false, "swapped": true, "error_lsq": 0.04957599618812665, "error_max": 0.25841502104095426, "target": "78.xyz", "model": "24.xyz", "model_rescale": 3.7841303162186577, "target_rescale": 3.601928724006854},
{"mapping": [9, 12, 13, 8, 10, 1, 7, 3, 4, 11, 6, 15], "R": [[-0.9791940044531189, 0.19901306874088642, 0.03965980475747159], [0.07287749210775038, 0.16247815335483923, 0.984017134417123], [0.18938841777455748, 0.9664339854085932, -0.1736012069661761]], "T": [0.004876536605315646, 0.012202874872085559, -0.009450735044614009], "aligned_model": [[-0.564853684883255, -0.44606484410086045, 0.0583158909294204, -0.2662185557716391, -0.1100317996522675, 0.14093828038435088, 0.46345158766397665, 0.36482670643490545, 0.19481128713915447, 0.5411054022977176, 0.6723216267521124, 0.06502310967155618], [-0.048494836865336496, -0.5762171090827529, -0.7461416608256423, 0.49289787580260075, 0.13348688821764898, 0.6234754839664339, 0.2674566029470607, -0.5812880144998424, 0.02772911281972902, -0.38629217174103564, -0.0715870954041038, -0.009112360576111353], [-0.12719610029755593, 0.15050457145545437, -0.19399828408783715, 0.2024396861839195, -0.769280563126209, 0.3916345340117301, -0.39332573677125987, 0.39945796760833596, 0.7119285475336956, -0.3877203090070624, 0.25422092585787787, 0.017673425489804318]], "inverted": true, "swapped": false, "error_lsq": 0.043755108434159855, "error_max": 0.27489797330315213, "target": "78.xyz", "model": "25.xyz", "model_rescale": 4.19342608120988, "target_rescale": 3.601928724006854},
{"mapping": [8, 1, 2, 10, 6, 7, 3, 0, 9, 4, 5, 11], "R": [[0.9412934731244346, 0.1528525829846137, -0.3010027995356048], [0.07823650992694897, -0.9661208161189233, -0.24594637052852883], [-0.32839860835239565, 0.20795830480324115, -0.9213618710884298]], "T": [0.07523103994763503, -0.06520366920673305, 0.07487558289347666], "aligned_model": [[-0.6185711078052487, -0.2721100742368164, -0.1632156620891178, -0.3946877620767259, -0.039101024031701404, 0.3349298908835592, 0.4902646907691669, 0.4151167220335341, 0.07085303173635826, 0.5116409606724045, 0.6661801899154453, 0.11232515109431346], [-0.2149614281231111, -0.36480223405812773, -0.795139118946599, 0.35016365413053635, 0.15626670361540818, 0.7317635236946408, 0.36216897590776126, -0.6597714514500878, 0.04914032728124164, -0.3701521798875079, -0.04775765146707274, -0.0710064059384331], [-0.2136505151127892, 0.3650343562243824, -0.2583852927668044, 0.012569043935585333, -0.7086899957964993, 0.38770288355827154, -0.2010169681707062, 0.2616399639131641, 0.8075813824769605, -0.48269281476130516, 0.3322364589689757, -0.04598983761834159]], "inverted": true, "swapped": false, "error_lsq": 0.04751369863370364, "error_max": 0.2635289661785027, "target": "78.xyz", "model": "26.xyz", "model_rescale": 3.795458400668931, "target_rescale": 3.601928724006854},
{"mapping": [2, 1, 0, 9, 3, 11, 10, 6, 8, 7, 5, 12], "R": [[0.9690976518656204, -0.06104199919860265, -0.23900547165782443], [-0.0434496224735126, -0.9959903775526895, 0.07820037167022158], [-0.24282065697845923, -0.06539909904799422, -0.9678641879872716]], "T": [0.016878540810247575, 0.05961791216274352, 0.07484488756350706], "aligned_model": [[-0.7628803401270022, -0.29281537730256596, -0.1842206815652631, -0.36132220756417066, -0.0559292058586993, 0.17821081473517641, 0.6039260002184859, 0.3137912933359012, 0.2660988818947848, 0.5665204338372498, 0.7102946159291691, 0.1319507793321058], [-0.21979771846180796, -0.30850294228148467, -0.590877868687954, 0.23806538154966167, 0.019577832861490146, 0.700162654352657, 0.3587747832907925, -0.6108733865099997, 0.0035111415394724135, -0.2427520130614274, -0.19183774420625616, -0.02953740562649554], [-0.2230441972673653, 0.4197070109670703, -0.4023212616427423, -0.022597324612957853, -0.6587574453951587, 0.3491602578518002, -0.1963872553850028, 0.4536208047858729, 0.7571153339307134, -0.44156029867985247, 0.22585703120414397, -0.004453990905627994]], "inverted": true, "swapped": false, "error_lsq": 0.04212774310708195, "error_max": 0.26140203845412996, "target": "78.xyz", "model": "27.xyz", "model_rescale": 3.6321398670334006, "target_rescale": 3.601928724006854},
{"mapping": [10, 0, 11, 8, 9, 7, 6, 5, 3, 13, 1, 14], "R": [[0.33981154584878337, -0.9403811901796675, 0.01453720964052746], [0.8283878404263292, 0.3065893362771396, 0.46880333266194457], [-0.44531078938384494, -0.14726233747097545, 0.8831829396115631]], "T": [0.08628070903680371, 0.009841385392859184, 0.015329147697177848], "aligned_model": [[-0.6295797961844006, -0.2708347600115957, -0.022764093361275856, -0.2979325604682235, -0.07712953429559316, 0.16440505103001518, 0.5684634508029733, 0.2611582159558835, 0.08446431714539424, 0.5444282787707112, 0.6496717739961818, 0.1392746634851014], [-0.19595948593573254, -0.405811839000648, -0.5327814826304806, 0.33092699878935167, 0.04263270415901034, 0.6635819826164037, 0.3649494068151691, -0.6198805461197949, 0.03585821166527649, -0.30477702931250616, -0.23015573259913558, -0.022670473688265164], [-0.20796745196667954, 0.31384653921309774, -0.31054734821316243, 0.1430546666846483, -0.631813790924463, 0.42448340067982476, -0.479954138720967, 0.6025577812927663, 0.7015360446557123, -0.5826619804888908, 0.28413965237617883, -0.00033470973717153116]], "inverted": false, "swapped": false, "error_lsq": 0.03536041294636321, "error_max": 0.25442511569038345, "target": "78.xyz", "model": "28.xyz", "model_rescale": 4.156811204709835, "target_rescale": 3.601928724006854},
{"mapping": [0, 3, 4, 6, 8, 1, 2, 7, 10, 11], "R": [[-0.6356096393866877, -0.7347556067126031, 0.23692738280561687], [-0.5775648609025128, 0.6562135365170616, 0.4855951255340524], [-0.5122686968470609, 0.17180801173450985, -0.8414646690945786]], "T": [-0.05398037887502377, -0.09370139834329543, -0.06991973680984435], "aligned_model": [[-0.5688803753592839, 0.003153577832095536, 0.06577577630640517, 0.6624721945510077, -0.14959321363917982, -0.6440439924540149, -0.5118359471842859, -0.4214030852925573, 0.23920823607363512, -0.031927796723233724], [-0.28773442066274285, -0.6071102260541608, 0.11777989392966688, 0.2073523693467626, -0.33488425540216266, -0.18461297109353952, 0.4949601246759004, 0.21578459958826085, 0.25668033284039266, 0.0405048834578262], [-0.5375342031092869, -0.21176974896830736, -0.7606077549247756, -0.23096657619195582, 0.6104259322063047, 0.10937717990022473, -0.29342261501988176, 0.5570437972838826, 0.4868642239229726, 0.02937649187592206]], "inverted": true, "swapped": true, "error_lsq": 0.05553400312307022, "error_max": 0.28491889698659656, "target": "78.xyz", "model": "29.xyz", "model_rescale": 4.117894457231895, "target_rescale": 3.601928724006854},
