[{"mapping": [0, 2, 9, 10, 3, 7, 11, 12, 5, 2, 4, 6, 8, 13], "R": [[0.6535838603446067, 0.7454896512374687, 0.13066490498553743], [0.3124063152836914, -0.10848008030812337, -0.943734266807776], [-0.6893695900370925, 0.6576300267431383, -0.30379650468349784]], "T": [-0.03551394421617189, 0.07075108226757149, -0.02862172666489203], "aligned_model": [[-0.4188672473155797, -0.6535604976030565, 0.16771260110569391, 0.9066298155945256, -0.5247177488194406, 0.30108443388229694, 0.5959147695634921, 0.2558727282347679, 0.05960265395843713, -0.6535604976030565, -0.22164407630085986, -0.38550775877576476, 0.29543090890828466, 0.07245262337137291], [-0.0810583471620322, -0.38331298918042034, -0.4889494737385876, -0.16194497384047504, 0.16321691791364276, -0.587343846646712, 0.14912017188933446, 0.16190061985341653, 0.6591541248199257, -0.38331298918042034, -0.721511478385259, -0.06407473522577015, -0.24200843361054308, -0.047031699669865965], [-0.6808537227519121, -0.08432201639815852, -0.45544420808680897, -0.3000008083258584, 0.13053232637081663, 0.12951454012503072, 0.2581149226314546, -0.5204604978993904, 0.43735676286914216, -0.08432201639815852, 0.472456945330871, 0.63761592830136, 0.6063870299997854, 0.003163471428582372]], "inverted": false, "swapped": false, "error_lsq": 0.055806507564280086, "error_max": 0.3870903540673893, "target": "780.xyz", "model": "0.xyz", "model_rescale": 3.8414455957264533, "target_rescale": 4.276928444489011},
{"mapping": [0, 4, 1, 1, 7, 3, 12, 11, 8, 2, 5, 6, 10, 14], "R": [[0.02432958041141861, 0.573508568866796, -0.8188381970532174], [0.23159353435486638, 0.7935652481560733, 0.5626887521214646], [0.9725083579908326, -0.2033276133616611, -0.11351376692994207]], "T": [-0.14725614034616683, -0.01557728484488316, 0.07488192735042679], "aligned_model": [[-0.26309777744429425, -0.3734997749748349, 0.41816162699287274, 0.41816162699287274, -0.7123661282331669, 0.12037183453056158, 0.528060247339869, 0.5175993264398939, 0.07862598036976967, -0.7057395490772899, -0.09847904666919818, -0.38310583033369294, 0.32298083796831434, -0.07083066570056369], [0.03969342174442435, -0.42395479217194276, -0.42441036666887444, -0.42441036666887444, 0.09462641302880226, -0.7358917485851968, 0.31714868644180716, 0.27123181193136514, 0.5903111360865047, -0.432036126519438, -0.5439440046518026, -0.12842034438383962, -0.1683988668485438, -0.05870198489815743], [-0.6385907305802826, -0.20415008541430577, -0.4366414355103274, -0.4366414355103274, -0.21053154237453495, -0.07644296296819028, 0.1995043507784956, -0.3745323052024101, 0.5289511802433214, 0.31832194661920643, 0.46574275874108684, 0.8108632731944078, 0.5480669320895399, 0.05581871309107747]], "inverted": false, "swapped": false, "error_lsq": 0.04829991854826321, "error_max": 0.3096191914534198, "target": "780.xyz", "model": "1.xyz", "model_rescale": 4.316132596720782, "target_rescale": 4.276928444489011},
{"mapping": [4, 1, 0, 6, 7, 8, 3, 12, 2, 11, 5, 13], "R": [[-0.4595153005491801, -0.8750401788889378, -0.15215246922482856], [0.7528984728063982, -0.47464800214552816, 0.4559091616814167], [-0.47115769993388645, 0.09494187374006499, 0.876924433690689]], "T": [-0.08020878897053246, -0.05816928882642004, 0.008032181039118215], "aligned_model": [[0.05704618728012381, 0.5328693779113107, 0.15662594942039929, -0.5401907219567939, -0.5157662054977195, -0.7652121478983, -0.09844959474653203, -0.07615923803979154, 0.3774637647762232, 0.043457151108820646, 0.4628255928645905, -0.03670156059055081], [-0.6032445573213481, -0.31632229543248164, -0.5666172474993267, 0.3698776933202693, -0.14165671440452243, -0.16055345628570683, 0.41698663633533783, 0.5712587700251504, 0.06514093162191996, 0.07472592568922785, 0.3310758257779871, -0.02789508408552622], [0.2220424306468213, 0.0016939328417596225, -0.50807026573468, 0.15068477764043064, -0.510117874068501, 0.3042757176568524, -0.647865652445301, 0.43424180796734835, -0.6344650144189208, 0.7819322172710188, -0.15197406421080503, 0.006880448063397517]], "inverted": false, "swapped": true, "error_lsq": 0.056606849442854136, "error_max": 0.3157238627408665, "target": "780.xyz", "model": "2.xyz", "model_rescale": 3.795458400668931, "target_rescale": 4.276928444489011},
{"mapping": [0, 7, 3, 12, 1, 10, 6, 4, 8, 11, 5, 13], "R": [[-0.8199822580243076, 0.3412173308735109, 0.45956482637046475], [-0.27117196717047976, -0.9386480525966249, 0.2130858924881145], [0.5040782287961371, 0.05010555326629006, 0.8622033245039297]], "T": [0.06687537536522292, -0.08291450238072033, -0.010097933940271288], "aligned_model": [[-0.0655486028309549, -0.3149496436348235, -0.742998266849472, 0.05849344111703869, 0.2138463994057944, 0.1953858895938383, -0.06361710632097606, 0.5544591190730842, 0.36296955666732783, 0.6281217639002061, -0.2818981253017969, 0.04903940092429879], [-0.15505636466401293, -0.6259223334121267, -0.08664325819458861, 0.22996646479865407, 0.38834069719839687, 0.7062316138730684, -0.3260592036104715, -0.09377902908803695, -0.6765458865530514, 0.24956641985121036, 0.5088503912834966, -0.03318046619282873], [-0.7572466455487735, -0.16666115833766043, 0.009867741786430982, 0.6826400899719839, -0.45604192356147283, 0.4040803458566698, 0.5721474845930432, -0.3620786417905599, 0.3468367491617169, 0.4441427473784005, -0.023191958397302766, -0.0057234004733755055]], "inverted": false, "swapped": true, "error_lsq": 0.04718339446427764, "error_max": 0.25151472749010517, "target": "780.xyz", "model": "3.xyz", "model_rescale": 3.7530521520055578, "target_rescale": 4.276928444489011},
{"mapping": [9, 2, 5, 3, 10, 7, 11, 4, 8, 6, 13], "R": [[0.8453728754298917, -0.4351170126186041, 0.30986753107942533], [0.53382372408044, 0.6670656270351156, -0.5196688184191337], [0.019414764904253257, 0.6047285627106677, 0.7961949713139383]], "T": [-0.15528781373991157, 0.05962937849961282, 0.02161300354999881], "aligned_model": [[-0.43393437742076274, 0.048839298288642974, 0.22490740620934863, 0.423513845116717, 0.2264771085469322, -0.12657700277305933, -0.16119238757553384, -0.7352531839129339, -0.26821500292333766, 0.26731707746195016, -0.12768317857275818], [-0.7617383440163523, 0.11140433786984531, -0.3036076871563192, 0.42358993055955485, -0.7540823428515727, 0.7325637472335439, -0.5515721661219208, -0.09845467067082024, 0.3981163206836935, 0.24783151355632616, 0.023152719228367306], [-0.03667207632883502, -0.7485322417178231, -0.42055271931738125, -0.4129318208700787, 0.07582528230956889, -0.08560135015237119, 0.5298191395978418, 0.041511912200642535, 0.6850482998603774, 0.4701020482413042, -0.005185696577929402]], "inverted": false, "swapped": true, "error_lsq": 0.05345771855128013, "error_max": 0.27654849663347536, "target": "780.xyz", "model": "4.xyz", "model_rescale": 3.7855080009869324, "target_rescale": 4.276928444489011},
{"mapping": [6, 13, 11, 1, 8, 12, 3, 4, 5, 15, 14, 9, 2, 16], "R": [[-0.530523754648254, -0.7547297608231407, -0.3859113031277578], [-0.42445442372319614, 0.6305986904759482, -0.6497566727258974], [0.7337458605918871, -0.1809095898449397, -0.6548959706445039]], "T": [-0.039676954884123046, -0.06101921406466329, 0.026973617794774717], "aligned_model": [[-0.1532348562482531, -0.44840310598136063, 0.10514883288297999, 0.6577907548975928, -0.7207885140377785, 0.15759530031118724, 0.2251208924245453, 0.36791242279385156, 0.2261365560398771, -0.7494076833360418, -0.09845214085786826, -0.15761674066506778, 0.4248194782338246, -0.03977848825637512], [0.03787553446218281, -0.5419580885459121, -0.5082725080240648, -0.23532298623764805, 0.019053299512520605, -0.6990135720621272, 0.20908164705664853, 0.33482415224037343, 0.682013612022953, -0.27840896205598364, -0.5958624262884081, -0.0705458260169097, -0.287642087073161, -0.09297892115422987], [-0.6081653432354465, -0.328706535288506, -0.614451522451882, -0.21022024344005213, -0.13109380617464458, -0.1038396823841943, 0.6095062179824905, -0.44650258268601606, 0.2068308983975077, 0.38522227061182984, 0.437078012290624, 0.7290515834394021, 0.5548664332684936, 0.0701629568671498]], "inverted": false, "swapped": false, "error_lsq": 0.04611692120775294, "error_max": 0.32607721973277104, "target": "780.xyz", "model": "5.xyz", "model_rescale": 4.2253639853439635, "target_rescale": 4.276928444489011},
{"mapping": [8, 11, 5, 2, 9, 6, 4, 10, 1, 12, 7, 0, 3, 13], "R": [[-0.6510396001612745, -0.754071841923811, -0.08673578407715515], [-0.2560048333811012, 0.32571406314143236, -0.9101493692561753], [0.7145690759523271, -0.5703385014967253, -0.4050987896835876]], "T": [-0.02408301107316808, -0.09439057107543847, 0.011213696347708926], "aligned_model": [[-0.34241958709873943, -0.3880802385568613, 0.19385102408316235, 0.61175077779079, -0.5446834395655281, 0.13174028661082143, 0.5177017799804726, 0.42153505479834286, 0.05278225951441069, -0.7356215739325742, -0.19365124086407032, -0.29307441444814825, 0.3523889034291718, 0.012623116459863064], [0.23744536177222542, -0.6488390719339334, -0.31708828305543046, -0.2562174560337158, 0.21840471705636383, -0.7170344435871719, 0.21724456318832525, 0.28109299539800037, 0.6305137028918109, -0.6618205614229954, -0.5912927106996145, 0.1263785595316706, -0.4232553750264062, -0.12268913024289467], [-0.5670696370055248, -0.39578343766325735, -0.5398323560381517, -0.12913965872738908, 0.07229339069449613, 0.053066725456581185, 0.3432740756191521, -0.5073893359095847, 0.09671986992470823, 0.21877054178330058, 0.6059624627267637, 0.7336867167491212, 0.5143302941772543, 0.050849005409286906]], "inverted": false, "swapped": false, "error_lsq": 0.05432010046621662, "error_max": 0.30987833154444766, "target": "780.xyz", "model": "6.xyz", "model_rescale": 3.89814844738969, "target_rescale": 4.276928444489011},
{"mapping": [5, 10, 12, 2, 6, 9, 1, 3, 0, 4, 8, 7, 13], "R": [[-0.8493358260981424, -0.17536687000351772, -0.49787058098601855], [0.505298999317081, -0.5428772574614614, -0.6707884946987978], [-0.1526485368267347, -0.8212982066437816, 0.5496978078620703]], "T": [-0.04065178058679299, 0.16810906979916973, 0.08268962122769984], "aligned_model": [[-0.08068658260754152, 0.03776380851259163, 0.4724342431009646, -0.26169622574540036, 0.5871232376629384, -0.5486722383606559, -0.62297078669295, 0.30798424982216105, -0.6129808666136337, -0.5412296798764488, 0.31923401844898847, 0.13628268463186521, -0.04395406137865628], [-0.28899404058003597, 0.24889248631402172, 0.33170334353025405, -0.5947367016271645, 0.3097500263174372, 0.45577733736337533, 0.03687209179191325, -0.5592705257957123, -0.19768176888620392, 0.48976333863272736, 0.6984514996608652, -0.10877782141232128, 0.14203200016132933], [-0.4286361640855836, -0.8106945220856226, -0.4538086286458507, 0.0009711693760818124, 0.11421305400241742, -0.5613974659728864, -0.21095883807052684, 0.15805334190384102, 0.4285338566499204, 0.17047721631631219, 0.47853235668865024, 0.6803414742513049, 0.036648180508238044]], "inverted": true, "swapped": true, "error_lsq": 0.055681039729755695, "error_max": 0.37457962973314013, "target": "780.xyz", "model": "7.xyz", "model_rescale": 3.7474275329858107, "target_rescale": 4.276928444489011},
{"mapping": [1, 3, 2, 4, 0, 8, 11, 12, 10, 6, 5, 7, 9, 14], "R": [[0.7926549318760696, 0.22655010927879965, 0.5660152002890978], [-0.2924738818220232, 0.955892724537909, 0.026983840116823136], [-0.5349366200069879, -0.1869335367483776, 0.8239530723374009]], "T": [0.06272953350677288, -0.06486940053615925, -0.01710492547160118], "aligned_model": [[-0.16689663080273828, -0.4521018547652883, 0.07595383082369953, 0.6264351650794813, -0.547962936974229, 0.25356856900196023, 0.39303424994204106, 0.31512691085221933, -0.2629143188827672, -0.6637171562751243, -0.18363060736228834, -0.09243222323741554, 0.4078795397400685, 0.09450017106149437], [0.08118927861800773, -0.559428948379743, -0.5566958390753298, -0.49843649891224157, 0.0893934886620305, -0.7193546840995708, 0.23287291545913485, 0.4826415734255562, 0.5161698160008399, -0.12764051765385726, -0.5479218827071632, -0.014353460005520985, -0.33036103224000435, -0.07523134125590411], [-0.7176336593277464, -0.0841424692155681, -0.7001286206419772, -0.34341977034459187, -0.21067895560219246, 0.0038662925834269946, 0.41732373743664014, -0.14813895196849824, 0.34567995560151044, 0.3506899795481186, 0.45085708632133875, 0.6441443474356583, 0.607975954719742, -0.06665626934910474]], "inverted": false, "swapped": false, "error_lsq": 0.05973005875130557, "error_max": 0.3958873795576909, "target": "780.xyz", "model": "8.xyz", "model_rescale": 4.019505241142653, "target_rescale": 4.276928444489011},
{"mapping": [11, 8, 4, 9, 10, 1, 0, 12, 5, 3, 7, 2, 13], "R": [[-0.4912642079521186, -0.7647418023550995, -0.4169285954643211], [0.03570016408688825, 0.46059117728288596, -0.8868941682598517], [0.8702786773610777, -0.45058378037812113, -0.19897055206943115]], "T": [-0.12736835398187968, 0.020037371796359435, -0.016780902340758852], "aligned_model": [[-0.19503831055163542, -0.8249321882758236, 0.06728672190054841, 0.43493914077387613, 0.2004049254961337, 0.512340202976465, 0.306462102943418, -0.3355884075928537, 0.34946681771879756, -0.1028291875398952, -0.4212129180749798, 0.41979963555972327, -0.09139776359259824], [-0.6754293884374524, 0.053519959381181134, 0.1452135729494587, -0.47764321289256784, -0.8135599297068304, 0.004257848741069867, 0.6432411114803807, -0.6763172967756971, -0.2463394871087895, 0.23446223221004198, 0.5827604911592431, 0.2987338403184765, -0.00952151320445601], [-0.39575640450988364, -0.2991918898929322, -0.5719265443714086, -0.4547424423689728, 0.07536251146686097, -0.19863786735332542, -0.08296238797749922, 0.20589669206613698, 0.39995844747689724, 0.7640696958713087, 0.2325340711705947, 0.493520668052515, 0.00857894441358693]], "inverted": false, "swapped": true, "error_lsq": 0.05627876895758862, "error_max": 0.2859989441596393, "target": "780.xyz", "model": "9.xyz", "model_rescale": 3.877068213659057, "target_rescale": 4.276928444489011},
{"mapping": [13, 2, 14, 10, 4, 9, 12, 6, 5, 7, 8, 1, 0, 15], "R": [[0.6728572532723038, 0.7383892003294312, -0.045216208993164045], [0.7389508822402904, -0.6737330789201114, -0.005944073108822345], [-0.03485269509158266, -0.029413044821807968, -0.9989595399410143]], "T": [0.017469029157869378, -0.09720920336398164, -0.01486866433043011], "aligned_model": [[-0.1805421573306508, -0.44126147991962256, 0.17279028550748074, 0.6148391263032456, -0.6152076767070556, 0.07213989644060838, 0.572165337576383, 0.38513346709891655, -0.062300151290821365, -0.6667561925925485, -0.05678199219843123, -0.37813044600633167, 0.3248636160059191, 0.05589107531402178], [0.015119380912607866, -0.4814929537162615, -0.5042548532136251, -0.3646180648732437, 0.14308577673674122, -0.7392688130844164, 0.32055579082522834, 0.2529352914264929, 0.4823815868566341, -0.36734455909792196, -0.703359225137945, 0.05935904085781296, -0.05098006497334668, -0.08927546568252281], [-0.7536598087978611, -0.3016572226904115, -0.66271949044941, -0.288460051772948, -0.006550723523291033, -0.157752735296542, 0.2607753647550778, -0.3649061894134773, 0.5035007367577472, 0.33889581229193655, 0.45671576367697064, 0.7413681043832759, 0.7180279657436657, 0.06616113153202358]], "inverted": false, "swapped": false, "error_lsq": 0.041857811796576126, "error_max": 0.3129338105471708, "target": "780.xyz", "model": "10.xyz", "model_rescale": 4.260839863003843, "target_rescale": 4.276928444489011},
{"mapping": [11, 6, 7, 8, 0, 4, 9, 12, 3, 2, 5, 13], "R": [[0.34107541773147837, -0.5771621560870069, 0.7419915127548936], [-0.7953714705454752, -0.5979045532520897, -0.09947044306098071], [0.5010506793345623, -0.556231957713162, -0.6629888580941292]], "T": [-0.07053375175043727, -0.005507660341966364, -0.08956345216793768], "aligned_model": [[0.41084892870229495, 0.2552416923827129, -0.4711081608963962, -0.19185081545202282, -0.6812272124630075, -0.4187742404000544, 0.18399485309018562, 0.662883195614942, 0.05266511383218467, -0.1352288349354708, 0.3259378033236259, -0.034483673704863826], [0.23694723814467233, -0.5425904599861682, -0.4886447961319623, -0.5193642261168931, 0.2726940170701527, 0.364367212942363, 0.7784175584780775, -0.13033837720800215, -0.344584161177329, 0.21544497215239844, 0.30809115773940254, 0.02263836962622221], [-0.6738253848801282, -0.232985163362434, 0.17741696600450138, -0.6268770964589254, 0.2718629985536941, -0.4115378361575879, -0.36590098887716704, -0.2456647002816477, 0.6358033614385578, 0.6749407685509755, 0.375695814190674, -0.06275066132500795]], "inverted": false, "swapped": true, "error_lsq": 0.056616950731592286, "error_max": 0.3283819171588163, "target": "780.xyz", "model": "11.xyz", "model_rescale": 3.890672605050136, "target_rescale": 4.276928444489011},
{"mapping": [8, 0, 3, 7, 6, 4, 12, 5, 9, 1, 2, 11, 10, 13], "R": [[-0.1908711031826197, 0.022133931385647676, -0.981365533861499], [0.9717797576828388, 0.14542939014212988, -0.18572666755415435], [0.1386085297798549, -0.9891210146207104, -0.049267574610117215]], "T": [-0.12608099981680088, -0.079493715504202, 0.051271421246149036], "aligned_model": [[-0.21433525094630196, -0.38849514440587946, 0.09183025925631949, 0.5964599440786913, -0.6075381570954291, 0.1558699098442703, 0.5940994773525222, 0.3468234264847894, -0.002104396613306664, -0.8048944119705804, -0.11983996732312693, -0.27146427981580823, 0.39335249523289406, 0.027078804122059097], [0.03174451586017349, -0.5168985533378094, -0.675063943587863, -0.11137600730930597, 0.2285481978465608, -0.7140747095652584, 0.026190968515115515, 0.47135611817209233, 0.6408472290667704, -0.45724796784039023, -0.5348065887174355, -0.022864512390453125, -0.25227174617797965, -0.14124013269798288], [-0.6551479222592717, -0.24623549347442247, -0.6202000543889509, -0.4002618268544382, -0.021992002547314253, 0.14543983603007368, 0.2103405087929625, -0.22783079328863765, 0.31877682577870037, 0.09384332174763813, 0.5973624124430473, 0.578925663289823, 0.7582912942196826, 0.01842688770786329]], "inverted": true, "swapped": false, "error_lsq": 0.046695729295582564, "error_max": 0.28898285640040877, "target": "780.xyz", "model": "12.xyz", "model_rescale": 4.124412569039231, "target_rescale": 4.276928444489011},
{"mapping": [7, 3, 12, 0, 6, 8, 2, 4, 5, 1, 11, 10, 13], "R": [[0.055155208968317826, 0.09022576050762954, 0.9943928876779444], [0.36131712749962, -0.9302190363298048, 0.0643620837533436], [0.9308103116634905, 0.3557412776027951, -0.08390653794816294]], "T": [0.09448268683115249, -0.02273339320539844, 0.006971502097800583], "aligned_model": [[-0.2747359468177367, -0.24658073839598735, 0.7422160061702001, -0.6369512178034474, 0.5274610615329196, 0.4764489192281911, -0.5158230073310717, -0.004111932199618695, -0.00509383762299663, -0.1843327115271383, 0.7843148061258616, 0.60842314824699, 0.09606375790359173], [-0.25798487980883306, 0.4511875845544602, 0.36131341458050437, -0.1450133199187936, -0.02710712801569095, -0.5958085057911887, 0.49079790457050343, -0.3833368575466237, 0.6453184903586835, 0.1780036597651494, -0.0015023528505479292, 0.6038627473602836, 0.027754619250571023], [0.5299382616025005, 0.5685607603575267, 0.11089610296869505, -0.16916429275150816, 0.4841171385655227, 0.312191201854604, 0.04281545513460277, -0.4641872889385348, -0.11869191446225176, -0.5626903240062213, -0.3874350888352469, -0.3855239389829369, -0.009127991538912623]], "inverted": false, "swapped": true, "error_lsq": 0.04277957380009008, "error_max": 0.28334566726580424, "target": "780.xyz", "model": "13.xyz", "model_rescale": 3.9028299243045295, "target_rescale": 4.276928444489011},
{"mapping": [14, 5, 10, 7, 12, 4, 6, 9, 1, 8, 0, 2, 3, 15], "R": [[-0.933396264596757, -0.18338198196288077, 0.30845171733706883], [-0.2718517418361046, 0.9224395529193506, -0.2742296513337404], [-0.23423928726304052, -0.3398180688270042, -0.9108543442291904]], "T": [-0.08505467974971573, -0.11768188682094342, 0.05211887245816277], "aligned_model": [[-0.0945340936262998, -0.4216177545235523, 0.14057060338790608, 0.7289305367503275, -0.7048077227042523, 0.1236574678817268, 0.4144175494649063, 0.45468992914015816, -0.09299391379020226, -0.7244616208065485, -0.11540212940805238, -0.285001579107722, 0.3638944385467804, 0.00950099699593776], [0.19873037974258861, -0.4694964600944171, -0.4450512346833175, -0.2720497010470939, 0.15500215386301497, -0.7608615173116966, 0.2585919758570817, 0.2898223667266066, 0.49469263149927584, -0.3892329036230794, -0.7053329548542892, 0.030122792856979566, -0.32876619018990644, -0.08332847090551332], [-0.7742249246769266, -0.10616453281964008, -0.5781787903474409, -0.31425061465503723, -0.1084733710212405, 0.006048532373053389, 0.283103146290759, -0.3266442421380628, 0.26922063112846006, 0.3896480838750325, 0.6360380995634463, 0.7451735482653536, 0.42971329944324094, -0.001270208084241553]], "inverted": false, "swapped": false, "error_lsq": 0.0420142775703212, "error_max": 0.268760564486992, "target": "780.xyz", "model": "14.xyz", "model_rescale": 3.942246331269136, "target_rescale": 4.276928444489011},
{"mapping": [0, 2, 1, 3, 8, 5, 4, 12, 11, 7, 9, 6, 10, 14], "R": [[-0.6552604861111171, 0.748226786919347, -0.10387670902455909], [0.3252265726351323, 0.15531731501901985, -0.9327937650452471], [-0.681807430139499, -0.645006361977642, -0.345116532804413]], "T": [0.06621863582694927, -0.0761247991447236, 0.0879128797998726], "aligned_model": [[-0.4605248782127785, -0.3448474183819515, 0.28842991389986794, 0.68702852182685, -0.5553173677697562, 0.19353621875603222, 0.5786150858505412, 0.3433841209697153, -0.001588003722112083, -0.7425942892064893, -0.21398076168754193, -0.3346453136941743, 0.3332582852407312, 0.026088594332179492], [-0.17701134416196646, -0.6472422338583159, -0.33114226191005425, -0.25050579772902576, 0.37576987801525974, -0.6563300793425579, 0.10799874839268249, 0.28344064343420533, 0.5037673412426913, -0.33953781530401816, -0.6383725693534756, 0.023175192948158854, -0.1851418963867058, -0.09602493815064331], [-0.4151583460914722, -0.20788687253737503, -0.6484495835037316, -0.22947376654521007, -0.003329233696592812, -0.1355409724756314, 0.30519696612021485, -0.5917695787874758, 0.5041320405872113, 0.17402178378636862, 0.5914285683937477, 0.46505608189040554, 0.7404507056713377, 0.0010608643849598504]], "inverted": true, "swapped": false, "error_lsq": 0.05791424564940989, "error_max": 0.40550112722628856, "target": "780.xyz", "model": "15.xyz", "model_rescale": 4.355366556412066, "target_rescale": 4.276928444489011},
{"mapping": [4, 1, 0, 6, 7, 8, 3, 12, 2, 11, 5, 13], "R": [[-0.4595153005491801, -0.8750401788889378, -0.15215246922482856], [0.7528984728063982, -0.47464800214552816, 0.4559091616814167], [-0.47115769993388645, 0.09494187374006499, 0.876924433690689]], "T": [-0.08020878897053246, -0.05816928882642004, 0.008032181039118215], "aligned_model": [[0.05704618728012381, 0.5328693779113107, 0.15662594942039929, -0.5401907219567939, -0.5157662054977195, -0.7652121478983, -0.09844959474653203, -0.07615923803979154, 0.3774637647762232, 0.043457151108820646, 0.4628255928645905, -0.03670156059055081], [-0.6032445573213481, -0.31632229543248164, -0.5666172474993267, 0.3698776933202693, -0.14165671440452243, -0.16055345628570683, 0.41698663633533783, 0.5712587700251504, 0.06514093162191996, 0.07472592568922785, 0.3310758257779871, -0.02789508408552622], [0.2220424306468213, 0.0016939328417596225, -0.50807026573468, 0.15068477764043064, -0.510117874068501, 0.3042757176568524, -0.647865652445301, 0.43424180796734835, -0.6344650144189208, 0.7819322172710188, -0.15197406421080503, 0.006880448063397517]], "inverted": false, "swapped": true, "error_lsq": 0.056606849442854136, "error_max": 0.3157238627408665, "target": "780.xyz", "model": "16.xyz", "model_rescale": 3.795458400668931, "target_rescale": 4.276928444489011},
{"mapping": [5, 10, 12, 2, 6, 9, 1, 3, 0, 4, 8, 7, 13], "R": [[-0.8493358260981424, -0.17536687000351772, -0.49787058098601855], [0.505298999317081, -0.5428772574614614, -0.6707884946987978], [-0.1526485368267347, -0.8212982066437816, 0.5496978078620703]], "T": [-0.04065178058679299, 0.16810906979916973, 0.08268962122769984], "aligned_model": [[-0.08068658260754152, 0.03776380851259163, 0.4724342431009646, -0.26169622574540036, 0.5871232376629384, -0.5486722383606559, -0.62297078669295, 0.30798424982216105, -0.6129808666136337, -0.5412296798764488, 0.31923401844898847, 0.13628268463186521, -0.04395406137865628], [-0.28899404058003597, 0.24889248631402172, 0.33170334353025405, -0.5947367016271645, 0.3097500263174372, 0.45577733736337533, 0.03687209179191325, -0.5592705257957123, -0.19768176888620392, 0.48976333863272736, 0.6984514996608652, -0.10877782141232128, 0.14203200016132933], [-0.4286361640855836, -0.8106945220856226, -0.4538086286458507, 0.0009711693760818124, 0.11421305400241742, -0.5613974659728864, -0.21095883807052684, 0.15805334190384102, 0.4285338566499204, 0.17047721631631219, 0.47853235668865024, 0.6803414742513049, 0.036648180508238044]], "inverted": true, "swapped": true, "error_lsq": 0.055681039729755695, "error_max": 0.37457962973314013, "target": "780.xyz", "model": "17.xyz", "model_rescale": 3.7474275329858107, "target_rescale": 4.276928444489011},
{"mapping": [7, 9, 12, 10, 2, 5, 3, 11, 1, 6, 4, 0, 8, 13], "R": [[-0.9698201118067886, -0.13730819562553753, -0.20148302695047923], [0.09732155198753098, 0.539674281044134, -0.8362297446863725], [0.22355640508338545, -0.8306010653698661, -0.5100239248825853]], "T": [0.012627838086577886, -0.10362546585771483, 0.006528877826368518], "aligned_model": [[-0.23437658789558516, -0.4246711191271968, 0.10096748547953861, 0.6654820645604189, -0.6314732545725471, 0.26873240113360586, 0.5166850411150712, 0.43473286924920274, -0.04099925531660452, -0.6614134697189095, -0.1914030083462184, -0.3163759369346375, 0.38467243762375825, -0.07371695904878314], [0.1885278501793764, -0.5466425775112455, -0.46665027666725856, -0.3063606013062656, 0.17763943721283793, -0.7764922502384624, 0.2649164156878628, 0.31519863306865825, 0.5765369413969018, -0.41727735019798873, -0.7281775620222772, 0.08019775434680763, -0.307978302367634, -0.08059524374507865], [-0.6423582737724676, -0.2388883722967305, -0.6412720304384179, -0.08896559475376159, 0.10580909008297328, -0.0633329854031302, 0.2724093000675934, -0.4035325549270246, 0.12064132859493362, 0.212173285195, 0.5140049017929926, 0.7529255086576567, 0.5867677815412689, 0.06335727285587053]], "inverted": false, "swapped": false, "error_lsq": 0.04552377185872312, "error_max": 0.26920148519186426, "target": "780.xyz", "model": "18.xyz", "model_rescale": 3.922800546911778, "target_rescale": 4.276928444489011},
{"mapping": [6, 4, 10, 2, 8, 11, 0, 1, 5, 13, 7, 12, 3, 14], "R": [[0.3421140516440002, 0.5475688280229106, -0.7636271041845901], [-0.9014791224843249, -0.038036562275237086, -0.43114801594716146], [-0.2651289636999665, 0.8358956863795257, 0.48060902415527296]], "T": [-0.031213203027459925, -0.11489042227438145, 0.022071575135961086], "aligned_model": [[-0.18560443518858732, -0.45090967882172106, 0.1781108242504731, 0.6341609251225393, -0.5175665441819193, -0.18394704471672035, 0.6014528926850505, 0.28773077130188424, -0.0390766142474172, -0.6121528963009116, 0.014559012493859567, -0.2704754487291704, 0.3507932009589072, -0.010232256425153477], [0.032297751223941074, -0.4628699197259055, -0.6114999777810919, -0.25753311027227477, 0.241514558478983, -0.8088051765584705, 0.3263640811127243, 0.4101420115198006, 0.5523951454877438, -0.4325607126808266, -0.6740628828175026, -0.014439452372940531, -0.14457214166892124, -0.18352730610902507], [-0.6338756490575013, -0.4539875353234725, -0.5780642830219072, -0.20166777307340178, -0.08197923583496274, -0.026900867712001342, 0.3437402093752438, -0.39096439017336426, 0.39247926674897204, 0.20485124083381187, 0.5907912624293383, 0.7645520294202119, 0.534262307610001, 0.08650207497578795]], "inverted": false, "swapped": false, "error_lsq": 0.04580225175222629, "error_max": 0.3315766964563791, "target": "780.xyz", "model": "19.xyz", "model_rescale": 3.9282355846067225, "target_rescale": 4.276928444489011},
{"mapping": [2, 5, 1, 0, 7, 3, 11, 10, 9, 6, 4, 8, 4, 13], "R": [[-0.6942771335666765, -0.5154615146051287, 0.5022735198748047], [0.528072053180545, 0.10932485034324779, 0.8421329964721193], [-0.48899812725216335, 0.8499102917710865, 0.1962990766291677]], "T": [-0.13872172453255252, -0.0575206246115816, 0.07092349301376237], "aligned_model": [[-0.22079324083871688, -0.4834511068959674, 0.16967974667951688, 0.5910653192057065, -0.6405869857716634, 0.030952369819519404, 0.5176058939295125, 0.341907638944416, -0.017883466882960913, -0.6431780730699483, 0.19780291559459953, -0.21181740520674847, 0.19780291559459953, -0.03226381290075121], [0.01733212524789808, -0.5162165543167032, -0.430333869493684, -0.36391820345181874, 0.23997888562192504, -0.7880273353609393, 0.13008847349748637, 0.4402230787167216, 0.5137884128605036, -0.4351634338240464, -0.3783734433660018, 0.01088352748877569, -0.3783734433660018, -0.08904535241788106], [-0.7453960169880255, -0.3271341023865573, -0.5012649491111387, -0.04624468811683129, -0.1475326292438784, 0.008267955369308896, 0.2886390296127164, -0.44238048101353417, 0.44163756669955495, 0.24341626134768252, 0.49891003512045773, 0.8249788441454899, 0.49891003512045773, -0.04506820335894646]], "inverted": false, "swapped": false, "error_lsq": 0.05302193081437833, "error_max": 0.4371044691851889, "target": "780.xyz", "model": "20.xyz", "model_rescale": 4.067790424073018, "target_rescale": 4.276928444489011},
{"mapping": [2, 8, 4, 6, 0, 5, 11, 3, 12, 7, 1, 9, 10, 14], "R": [[-0.34216656746090274, -0.4405994668810806, 0.8299362324276074], [0.7040748300272242, -0.7051322023521178, -0.08406670522976266], [0.6222545088901801, 0.555572395813687, 0.5514876600393531]], "T": [0.04477709257439093, -0.18210729419205302, 0.01109604719821436], "aligned_model": [[-0.055237421977250414, -0.3568759087511015, 0.02022461997449425, 0.6005720593718302, -0.5260592037700144, 0.14267639303322788, 0.5456605541442842, 0.2451170416820399, 0.003334589194578033, -0.6532119074511786, -0.2446013912497877, -0.26704056780076124, 0.2815821363211149, 0.06070171547963753], [0.0500298820570694, -0.5697761173965012, -0.6308039558176931, -0.17621624750295142, 0.142072195892604, -0.7628877598873525, 0.1722299636961802, 0.5832618095736033, 0.4753112835461805, -0.2739925490447709, -0.6732251917667067, -0.029005307991486623, -0.16879097625729408, -0.1653641612646467], [-0.6887834851650457, -0.1053326724827808, -0.6526365621193602, -0.47738542957128605, -0.26003419918756443, -0.028601540818027606, 0.21503996002023765, -0.301664334633182, 0.40237241941603674, 0.2581434373741538, 0.6013234652840659, 0.7063509845906059, 0.7953363601676774, 0.08561025432122513]], "inverted": false, "swapped": false, "error_lsq": 0.05035132524556545, "error_max": 0.2808841899565155, "target": "780.xyz", "model": "21.xyz", "model_rescale": 4.186013935880536, "target_rescale": 4.276928444489011},
{"mapping": [6, 8, 7, 5, 10, 3, 12, 11, 0, 4, 9, 1, 13], "R": [[-0.5252200383596086, 0.3410280919837809, 0.7796433490920276], [0.6435349595103026, -0.4402786254116088, 0.6261129993010348], [0.5567824235674153, 0.8305748446007537, 0.011779657160942703]], "T": [0.04822484945660179, 0.049071721978255, -0.10399277043132285], "aligned_model": [[-0.08363450226566319, -0.37823028685599447, 0.45410038866085084, 0.3763743782637229, -0.23484366381232544, 0.7729103305725464, -0.23467262935820857, -0.6488960646843935, 0.4844787530405087, -0.24389384541508144, -0.378142251879368, 0.10993388730564149, 0.06308954185098917], [-0.4017001389059122, 0.08493631829713325, 0.23403774492661475, -0.296224241644462, -0.543293623756627, -0.2823502211575373, -0.6540468334981027, -0.2382298435016884, 0.6534769946391263, 0.5397868600858876, 0.09605729017272366, 0.30658764702435054, 0.019918706864587004], [-0.545099562165673, -0.7239299446029698, -0.6199506271985711, 0.39107155050784004, 0.5122747903646413, -0.2499321319794882, -0.045306829663864186, 0.14771322949041973, 0.05521952036555397, 0.08471781513824447, 0.6521087074527625, 0.5062739990331152, -0.062280955406664805]], "inverted": true, "swapped": true, "error_lsq": 0.055977249381376375, "error_max": 0.4071863956838069, "target": "780.xyz", "model": "22.xyz", "model_rescale": 4.166573947596378, "target_rescale": 4.276928444489011},
{"mapping": [1, 5, 6, 2, 7, 12, 3, 4, 8, 13, 14, 10, 9, 15], "R": [[-0.7139740393054644, 0.570565966291916, 0.4058269943057159], [0.6568217885027317, 0.7465689666012334, 0.10592410611395181], [-0.24254114979918862, 0.34218307412456694, -0.9077910191430344]], "T": [0.09690993889757964, -0.1399231847465462, 0.08163329585024381], "aligned_model": [[-0.04388010000993027, -0.6123565310157484, 0.0976215569024698, 0.5090450544434416, -0.5554162491500012, 0.2790620407034432, 0.6425316331729584, 0.32259556034856224, 0.09274048341133324, -0.6553527090354542, -0.1585619634500866, -0.5063491336201649, 0.318439176959739, 0.06672388854055104], [-0.051439056422889914, -0.27180299638911604, -0.625894950817089, -0.1570401449784095, 0.1530940981466043, -0.765950207669874, 0.11209069706427144, 0.47734102952350443, 0.6174544738849908, -0.5072032374125943, -0.6654025358933211, -0.14302018564203928, -0.059932446069491524, -0.13945166948831206], [-0.6115101127214356, -0.33141727144043576, -0.5039762738708774, -0.4500253308977019, 0.0826647818867784, 0.14714767294930933, 0.09621486389941916, -0.24685476088310954, 0.3652542366637625, 0.20820110508367273, 0.615096810862728, 0.5254915312301482, 0.6338791149304722, 0.019572289504026154]], "inverted": true, "swapped": false, "error_lsq": 0.055482012654295074, "error_max": 0.35723265474267185, "target": "780.xyz", "model": "23.xyz", "model_rescale": 4.274766983524099, "target_rescale": 4.276928444489011},
{"mapping": [11, 6, 8, 4, 7, 0, 1, 2, 5, 3, 13], "R": [[-0.3256884146285549, 0.7769322645719823, -0.5387980260206878], [-0.8917650474227494, -0.44176622605665994, -0.09796786060110596], [-0.31413716235402683, 0.448574250021897, 0.8367191795611313]], "T": [-0.061465921252303574, 0.09199081386487823, -0.07517763706902067], "aligned_model": [[0.2980173067723719, 0.13531361121887645, -0.38384213233744613, -0.4160155364358378, -0.4555414754824828, -0.5189729347897221, -0.010147712069053266, 0.09208112506288149, 0.4772857943640091, 0.1779403570208031, -0.016223699366324916], [-0.16725459259301956, 0.6402104754640205, 0.5092580037912758, -0.3579347659237821, 0.5545192999520944, -0.20675221864453297, -0.5342414450622981, -0.029044553990513602, -0.1046642613836467, 0.5391277656134345, 0.07236282402045138], [-0.7350558810322885, -0.3506597220624156, -0.6131683648829426, -0.25850223114352855, 0.23455087315496612, 0.456246570739018, 0.14333457357915336, 0.6989321531981825, 0.3030728988419116, 0.5565351366546611, -0.05571957302514025]], "inverted": true, "swapped": true, "error_lsq": 0.04387659525146109, "error_max": 0.19556584841309943, "target": "780.xyz", "model": "24.xyz", "model_rescale": 3.7841303162186577, "target_rescale": 4.276928444489011},
{"mapping": [11, 3, 13, 14, 6, 12, 8, 10, 0, 4, 5, 4, 2, 15], "R": [[-0.7549649403329716, 0.6303774282177931, -0.1806992995602194], [0.3747763451981555, 0.1886468004594254, -0.9077197121118031], [-0.5381176729563393, -0.7530183813625954, -0.3786722690957331]], "T": [0.0798354211998752, 0.023711653173198233, 0.021787594542699698], "aligned_model": [[-0.24374232612455643, -0.5097094925809457, 0.02694617564583554, 0.6604461866631594, -0.6346596831456375, 0.3102077196013737, 0.26956016845856606, 0.5722868641174047, 0.06431237618765274, -0.4399800106317461, -0.1281673031565876, -0.4399800106317461, 0.27734179453213825, 0.011980249266201698], [0.04224776946260855, -0.5084718801344605, -0.5143396383958623, -0.3346755897868415, 0.08929852968908264, -0.6982764914121449, 0.23908309716555493, 0.3952167762847265, 0.7380724665309341, -0.19030732303095887, -0.7512482579561598, -0.19030732303095887, -0.3601924911230772, 0.01674322357379147], [-0.6741875652094553, -0.11319154882579106, -0.5436357270638916, -0.382871132562255, -0.06319216621369524, -0.007085050565779863, 0.5385829554246797, -0.4522700234190099, 0.19722308913833686, 0.512391444418121, 0.3760625559023056, 0.512391444418121, 0.64017409860994, 0.00934628314513004]], "inverted": false, "swapped": false, "error_lsq": 0.052014338655679615, "error_max": 0.4203946408066252, "target": "780.xyz", "model": "25.xyz", "model_rescale": 4.19342608120988, "target_rescale": 4.276928444489011},
{"mapping": [4, 1, 0, 6, 7, 8, 3, 12, 2, 11, 5, 13], "R": [[-0.4595153005491801, -0.8750401788889378, -0.15215246922482856], [0.7528984728063982, -0.47464800214552816, 0.4559091616814167], [-0.47115769993388645, 0.09494187374006499, 0.876924433690689]], "T": [-0.08020878897053246, -0.05816928882642004, 0.008032181039118215], "aligned_model": [[0.05704618728012381, 0.5328693779113107, 0.15662594942039929, -0.5401907219567939, -0.5157662054977195, -0.7652121478983, -0.09844959474653203, -0.07615923803979154, 0.3774637647762232, 0.043457151108820646, 0.4628255928645905, -0.03670156059055081], [-0.6032445573213481, -0.31632229543248164, -0.5666172474993267, 0.3698776933202693, -0.14165671440452243, -0.16055345628570683, 0.41698663633533783, 0.5712587700251504, 0.06514093162191996, 0.07472592568922785, 0.3310758257779871, -0.02789508408552622], [0.2220424306468213, 0.0016939328417596225, -0.50807026573468, 0.15068477764043064, -0.510117874068501, 0.3042757176568524, -0.647865652445301, 0.43424180796734835, -0.6344650144189208, 0.7819322172710188, -0.15197406421080503, 0.006880448063397517]], "inverted": false, "swapped": true, "error_lsq": 0.056606849442854136, "error_max": 0.3157238627408665, "target": "780.xyz", "model": "26.xyz", "model_rescale": 3.795458400668931, "target_rescale": 4.276928444489011},
{"mapping": [0, 3, 2, 1, 10, 8, 7, 4, 6, 5, 11, 12, 13], "R": [[-0.5962038716808733, 0.6748448204662113, 0.4348855156045832], [-0.03997832354984038, 0.5160606878383796, -0.8556185482526215], [-0.8018370638969501, -0.52750908500016, -0.2806982155330042]], "T": [-0.19437333603781534, -0.14796073656943604, -0.025569861374154873], "aligned_model": [[-0.01915298673700941, 0.5463286679178292, 0.5178590175448907, -0.1025184538293981, -0.0581402039859473, -0.7301651267075308, -0.03238274408866182, -0.6084848841802555, -0.22964860005647866, 0.3519060927175368, -0.6332840941023188, -0.14303896333480018, -0.15960133833659965], [-0.766610030728009, -0.285084820098385, -0.36575201804656055, -0.13821791524285076, 0.6964965867125765, -0.22144789835211243, -0.6891004092305952, -0.32285852112096114, 0.09472118272659683, 0.1662866699493461, 0.5060771308868175, 0.5627984979887659, -0.11542695218771372], [-0.434889584306304, 0.27253309941905324, -0.3132576353829438, -0.6843685749158848, -0.30689272821581803, 0.4988337490067283, 0.3566431626342662, -0.4251555898750329, 0.5702644299443038, -0.2991159284860335, -0.13265619684757918, 0.23907484174329804, -0.04887638261862748]], "inverted": true, "swapped": true, "error_lsq": 0.04585482515097218, "error_max": 0.2428291164315832, "target": "780.xyz", "model": "27.xyz", "model_rescale": 3.6321398670334006, "target_rescale": 4.276928444489011},
