[{"mapping": [9, 12, 0, 5, 3, 6, 8, 4, 2, 7, 10, 13], "R": [[-0.505062116784894, -0.5316886973165548, 0.6798671835988171], [0.6063958030616142, 0.3419334050449617, 0.7178897384303655], [-0.6141631609092347, 0.7748475176834366, 0.1497161852365808]], "T": [-0.09844664485155905, -0.11382540895161292, -0.13588386691905593], "aligned_model": [[0.275898944847779, -0.24953931724400782, 0.3942708417485016, -0.6924605098941785, 0.11179510556770073, 0.08613287385165672, -0.2095834115396609, 0.5036389702801107, 0.6440165714490544, 0.14215382569811444, -0.4701414705425965, -0.0865398523688743], [0.5070464871244922, 0.25767508915166853, -0.051481676765747636, -0.5435955996249504, -0.592314032033618, -0.5777769852048232, 0.03583514500891366, -0.042517150652831015, -0.31293752022621485, 0.417516945412936, 0.8219172378235058, 0.015395662000422305], [-0.2413667560515767, -0.5533502634492771, -0.7264388364488052, 0.05078796220180923, -0.12900275076940473, 0.4431028517154082, 0.6229504162423225, 0.6029072205752326, -0.11688426181729705, 0.3449291929130195, -0.09517047597172286, -0.03739526163812716]], "inverted": false, "swapped": false, "error_lsq": 0.04328429439596718, "error_max": 0.23869911256328338, "target": "782.xyz", "model": "0.xyz", "model_rescale": 3.8414455957264533, "target_rescale": 3.8584104544373012},
{"mapping": [8, 10, 12, 3, 1, 0, 7, 13, 11, 9, 6, 14], "R": [[0.07205885731692646, -0.9721920484133322, -0.222823118378835], [-0.88006474826856, 0.043154111267936945, -0.4728887411809155], [0.4693544076038652, 0.23017459391202144, -0.8524823144090796]], "T": [-0.10674229876921296, 0.03692742175641221, 0.09009051101202586], "aligned_model": [[0.37782506433008634, -0.20435511574837173, 0.4017298614200844, -0.5964913331194703, -0.10559420292761307, 0.10773624818902425, -0.13708772740356906, 0.6169245152326736, 0.5256271813357506, 0.0837042381698371, -0.5097958708008404, -0.11058028682399172], [0.5809038941001352, 0.1704313378419769, 0.019198029795444146, -0.504128636599439, -0.7768407605726849, -0.47235214345628834, 0.07418609098899541, 0.11042594622366743, -0.4622444153820164, 0.5456184485985821, 0.6767342448176136, -0.02716843434223322], [-0.21582853981031463, -0.5740101912625628, -0.4786196742670818, -0.19412966263769288, -0.20364051981971587, 0.5592926496032867, 0.7309071374061418, 0.30398606929415817, -0.18776146355284568, 0.5029745574120087, -0.10541452989618427, 0.027313205032384033]], "inverted": true, "swapped": false, "error_lsq": 0.053790329622289634, "error_max": 0.2836659068074041, "target": "782.xyz", "model": "1.xyz", "model_rescale": 4.316132596720782, "target_rescale": 3.8584104544373012},
{"mapping": [7, 5, 3, 0, 4, 2, 1, 8, 6, 10, 9, 11], "R": [[0.038906908201646245, 0.7605177185983586, -0.6481504857609353], [0.4272769610086665, 0.5736890393350448, 0.6987955958204315], [0.9032832618206688, -0.3041277459305236, -0.30263123280625176]], "T": [0.008217541827065224, 0.04034473380997804, 0.030464659456521652], "aligned_model": [[0.14166090841238396, -0.37853370719423163, 0.3132515830883071, -0.5890044076612572, 0.09586886090887792, -0.07908555185313251, -0.25783983799567606, 0.37817837052305076, 0.7565926784147732, 0.4557130079770185, -0.4688983719629609, 0.08173903919644684], [0.7277847708797601, 0.058341746083116805, 0.036932576866483366, -0.3423478584181172, -0.6635891949584958, -0.6201893630112939, 0.12282678183257362, -0.06127191266093053, -0.2952434191146149, 0.4180034891088908, 0.6079184339449145, -0.05440244853853361], [-0.5263837787451396, -0.48515095400636166, -0.5508782683373401, 0.002422165103245083, -0.2714028633552946, 0.5372173392870034, 0.49630523926968373, 0.6936683673800204, -0.027940901524427887, 0.2636115464411031, 0.04357972542883023, -0.009978579439740114]], "inverted": false, "swapped": false, "error_lsq": 0.054081395150994575, "error_max": 0.33329614407343644, "target": "782.xyz", "model": "2.xyz", "model_rescale": 3.795458400668931, "target_rescale": 3.8584104544373012},
{"mapping": [5, 4, 10, 7, 0, 1, 8, 6, 2, 3, 9, 11], "R": [[0.9286031299223405, -0.13751887754370687, -0.3446516870951778], [-0.36252628001516674, -0.5344187900716257, -0.7635255418889045], [-0.07918916211703672, 0.8339575019972535, -0.5461171682576029]], "T": [0.06261710525041767, -0.07100464967312235, -0.015544696654895966], "aligned_model": [[0.16149917300485025, -0.15904849796409, 0.4977799783102689, -0.6868059520771485, -0.12053509203610502, 0.09060061480215828, -0.12922025249358796, 0.3863742640466936, 0.7775485693544112, 0.13980206385218322, -0.48091939210767176, -0.027432904838362637], [0.5641371933416751, -0.039728414265675346, -0.03749759804536569, -0.20219744223359354, -0.75037986778712, -0.5546215205338485, 0.1235507599477569, 0.10542075160291021, -0.33941817325070184, 0.6174906651663232, 0.5973612897195656, -0.14935404164817312], [-0.29951968054889766, -0.616245030243852, -0.6059016114121247, 0.05120729913519992, -0.3577617766164578, 0.38645093438068995, 0.7165137421274089, 0.4441853072970517, 0.051927471012719106, 0.3807969604362378, 0.09585409107056722, -0.08243866913696085]], "inverted": true, "swapped": false, "error_lsq": 0.05671498039207363, "error_max": 0.3130230211337591, "target": "782.xyz", "model": "3.xyz", "model_rescale": 3.7530521520055578, "target_rescale": 3.8584104544373012},
{"mapping": [4, 3, 1, 10, 2, 6, 8, 5, 7, 9, 11], "R": [[-0.03999170187702509, 0.8792299713063119, -0.4747160428484395], [-0.3617940092671783, 0.4301170068803779, 0.8271060725509431], [0.9313998919043099, 0.2048267998797208, 0.30089902527537815]], "T": [0.008363717181703263, -0.05968528121268968, -0.005933810538093156], "aligned_model": [[-0.523263087437085, -0.27020212880420924, 0.3199444908957002, 0.6276877090551639, 0.2859459346196889, -0.20903111161009277, -0.16715064536624027, -0.6826085667971595, -0.2870759417270817, 0.3106746645171439, -0.06672171490062323], [-0.522050863877553, -0.136521566085433, -0.3241002395524153, 0.47991060214252457, -0.7469524092718428, 0.6407050769251305, -0.5090778880609494, 0.10199984154232913, 0.18941763767577433, 0.331943491555161, -0.03807032467837961], [-0.22871675027432, -0.7631967578301344, -0.36933989144392665, -0.32177209259393635, 0.14563381000900352, -0.09861916763572655, 0.5274232691791488, 0.09522421988178943, 0.6619801532532015, 0.42832138300703293, 0.015892601693184218]], "inverted": false, "swapped": true, "error_lsq": 0.041346469288826626, "error_max": 0.21607481579243837, "target": "782.xyz", "model": "4.xyz", "model_rescale": 3.7855080009869324, "target_rescale": 3.8584104544373012},
{"mapping": [5, 10, 3, 15, 14, 12, 6, 1, 2, 4, 7, 16], "R": [[0.28471602393501194, 0.8147312259743165, 0.5051235642266406], [0.7562759386502467, -0.5146988002748769, 0.40389584005568957], [0.5890530454325199, 0.26701718000531327, -0.762704618609776]], "T": [-0.0389342373558146, -0.05989167806089271, 0.07462223854799653], "aligned_model": [[0.21683157426824784, -0.3913993343675911, 0.354895220923049, -0.6103633211180934, 0.049636199312073345, 0.15668102557389674, -0.32548440985434285, 0.5786572770420447, 0.564212519251319, 0.19959486709656415, -0.3182857478726473, -0.025333298400920114], [0.5906334002085453, 0.18641193520612748, 0.006603110474471902, -0.5143612869278313, -0.7127270994400123, -0.5557593648524296, 0.25434353858902814, -0.0095772473298254, -0.38979464859169166, 0.5498563330868914, 0.6346272833756168, -0.1054923517851373], [-0.333427043728213, -0.5136524928100431, -0.49361486538719546, -0.3077967509553886, -0.07919124874774207, 0.497605889668348, 0.5698214866542547, 0.509539608163579, -0.1958656680355358, 0.418587372094721, 0.043387359758013055, 0.04967539082678372]], "inverted": true, "swapped": false, "error_lsq": 0.04352755237666128, "error_max": 0.21103349189357584, "target": "782.xyz", "model": "5.xyz", "model_rescale": 4.2253639853439635, "target_rescale": 3.8584104544373012},
{"mapping": [1, 9, 8, 12, 11, 6, 3, 2, 5, 4, 0, 13], "R": [[-0.9997256535460478, 0.018496393295778436, -0.014370145335931622], [0.01020459662120548, -0.20828029335581993, -0.9780159434321164], [-0.021082785625395818, -0.9778942697626681, 0.20803440416337893]], "T": [0.07738790237826054, 0.02347880047484805, -0.014124934734203934], "aligned_model": [[0.2643289634924444, -0.2127301938000416, 0.3813499031452844, -0.682006585960582, -0.01472294945785911, -0.024519282808910664, -0.13460482136980031, 0.5395711218052971, 0.5514720005742741, 0.2700597862621617, -0.5530826776367149, 0.0645273076080467], [0.680414213361276, 0.18930590037293232, -0.08142888575683724, -0.5006201058435471, -0.7291887486017565, -0.4283798786153766, 0.10524013342037966, -0.03289600764113885, -0.395594019188607, 0.579800853282495, 0.5184919208090477, 0.029618226414885717], [-0.28281562106982705, -0.5249373178012664, -0.6793063799489012, -0.15549010705568297, -0.18894181136295002, 0.4321447459087614, 0.6577259729910073, 0.46896942947136006, 0.004940901404785194, 0.3786786178554338, 0.008929517312620585, 0.04517108979624089]], "inverted": false, "swapped": false, "error_lsq": 0.04065238952124956, "error_max": 0.235729104494807, "target": "782.xyz", "model": "6.xyz", "model_rescale": 3.89814844738969, "target_rescale": 3.8584104544373012},
{"mapping": [6, 8, 3, 11, 7, 4, 10, 2, 0, 5, 9, 12], "R": [[0.1413542765119099, -0.3006629018613468, -0.9431971098111512], [-0.7974442026593365, 0.5299793201080087, -0.28845218651081184], [0.5866018344301439, 0.7929210173164583, -0.16484704468392258]], "T": [0.09632724963182068, -0.07848905897985187, 0.009964676976424293], "aligned_model": [[0.2737296712300813, -0.31677013404193144, 0.3986559550858735, -0.6801481805176641, 0.13493048944177333, 0.015029833949644134, -0.223980796052649, 0.3593839242110164, 0.6752462112402591, 0.2103581285545708, -0.4414860050297825, 0.04469347378240834], [0.44425488529228835, 0.061352145201976266, -0.11361721440407493, -0.30461469748049197, -0.6456906626758716, -0.5771192461164247, 0.1261751488685708, -0.10332178734002778, -0.146023079563804, 0.6463769843301859, 0.6309455696706661, -0.0839544437692395], [-0.38073085737949464, -0.5072217125676268, -0.7381966045831598, -0.026000183788777165, -0.31877049027343757, 0.41028261944693084, 0.6379925274318795, 0.6670281184206209, -0.09634797242280128, 0.2632289301448955, 0.08348535309144096, 0.17031930998111183]], "inverted": false, "swapped": false, "error_lsq": 0.04111591257774134, "error_max": 0.2366584729067628, "target": "782.xyz", "model": "7.xyz", "model_rescale": 3.7474275329858107, "target_rescale": 3.8584104544373012},
{"mapping": [11, 12, 10, 1, 0, 3, 8, 5, 7, 9, 13, 14], "R": [[0.7569925855210626, 0.2596711081196171, -0.5996108246805316], [-0.5529611121042433, -0.23432738606893191, -0.7995778164997706], [-0.3481324948443848, 0.9368359470825361, -0.033796069111548394]], "T": [-0.052519157680569264, -0.025423850524924484, 0.020147185568000412], "aligned_model": [[0.25042658811029406, -0.2631369122903523, 0.3890862717116885, -0.6444891694996727, -0.04247825641986104, 0.05369622797730737, -0.08665421926738605, 0.47473540970714234, 0.6230707122905614, 0.43232497192130326, -0.6274285828314872, -0.10951046955593781], [0.450010771742054, 0.21690722939883428, -0.16830101369096773, -0.4535548321328916, -0.6507552467912593, -0.5742713843754361, 0.10654365037013033, -0.14910033191007196, 0.043422373961145434, 0.4776606725026198, 0.6483212435358306, -0.012119530596234447], [-0.24189432001258546, -0.5066909565074134, -0.5797145657257172, -0.15614004523486222, -0.18739332318253377, 0.4691674673152423, 0.6884507783568635, 0.4888989462504264, -0.03196957651889194, 0.32374654783536383, -0.13366610967748263, 0.03227419460317206]], "inverted": true, "swapped": false, "error_lsq": 0.04982252213259825, "error_max": 0.3007971298845063, "target": "782.xyz", "model": "8.xyz", "model_rescale": 4.019505241142653, "target_rescale": 3.8584104544373012},
{"mapping": [2, 0, 3, 7, 4, 8, 9, 11, 5, 6, 1, 12], "R": [[0.8810410930173503, 0.4058475638555027, -0.24301100248208246], [-0.47299708497627624, 0.7489283984111786, -0.4640905209732393], [-0.006352166460219258, 0.5238263156484418, 0.8518014093762941]], "T": [0.04268428199581426, 0.1355924158637589, 0.0845889965547481], "aligned_model": [[0.19793067613779233, -0.33577380313852623, 0.42255272660932236, -0.6001501265137504, 0.021206549885892517, -0.10408135624982379, -0.3146280074324426, 0.3380407722547104, 0.6429560124702137, 0.5844025676743679, -0.47682922095982466, 0.07401578111566814], [0.44922166968192034, -0.029027705387613706, -0.07542154900399042, -0.48533232012303573, -0.5585274557569436, -0.4361650560486272, 0.023960414780346634, -0.08126990258767361, -0.14429784283172034, 0.5914674473828841, 0.5673389228449609, 0.11281697906324586], [-0.392388372375933, -0.4177214368892744, -0.6567839724422835, -0.059634391117237076, -0.36854562150901776, 0.41275080440083106, 0.6566084766322132, 0.5875649427895612, -0.024314684845861023, 0.24823829403513137, 0.08703360835399232, 0.09226139046945908]], "inverted": false, "swapped": false, "error_lsq": 0.05329941598336896, "error_max": 0.34637555887710314, "target": "782.xyz", "model": "9.xyz", "model_rescale": 3.877068213659057, "target_rescale": 3.8584104544373012},
{"mapping": [13, 4, 2, 1, 8, 11, 12, 10, 9, 6, 3, 15], "R": [[-0.27429446179796857, 0.6863785701228472, 0.6735332261314797], [0.5185357969510885, -0.4842833520646572, 0.7046916078635528], [0.809866146660831, 0.5425440934976027, -0.22307561745650784]], "T": [0.01685062646867599, 0.015564076052254655, -0.005587302731567026], "aligned_model": [[0.3888437529087353, -0.3342372069511763, 0.33613801364755747, -0.7202076648100193, 0.07846761427624124, 0.14715885761672726, -0.2892204876724954, 0.5570827932592011, 0.5600803160621203, 0.12907965518108408, -0.37091580232310495, -0.032627269341271026], [0.6257213655667662, 0.20480416531870885, -0.03386869259123282, -0.39322602026215514, -0.7427002124139601, -0.45216141050645864, 0.09260616942535346, -0.003609645910313014, -0.3383414422445187, 0.4953496226229376, 0.5179401756249736, -0.03775047261634832], [-0.30049015435787124, -0.5524110417772942, -0.5852141859264612, -0.21184525437469837, -0.1342789942211328, 0.5502075428564297, 0.671598199660948, 0.45375173742373553, -0.12927114307845936, 0.36524291386490776, -0.009685352071862293, 0.047464769503340255]], "inverted": false, "swapped": false, "error_lsq": 0.037771050462953835, "error_max": 0.2502640223101662, "target": "782.xyz", "model": "10.xyz", "model_rescale": 4.260839863003843, "target_rescale": 3.8584104544373012},
{"mapping": [8, 7, 10, 0, 6, 5, 3, 4, 10, 2, 1, 11], "R": [[0.4035843075996568, -0.417891163300472, -0.8139328487625278], [-0.0025680329065581042, 0.889079153778215, -0.45774628728587646], [0.914938856900447, 0.18682942474993475, 0.3577452364201542]], "T": [0.09012765024867703, 0.0739583911531293, 0.02488037272586279], "aligned_model": [[0.30295085058659105, -0.21569453660779114, 0.512116283964626, -0.681518640007424, -0.12809517866207604, 0.13573700203504196, -0.3139389941350003, 0.6476393543316825, 0.512116283964626, 0.1166605005571943, -0.47422959890856714, 0.035899244734695926], [0.6413849893862286, 0.012583805640634868, -0.232398335888383, -0.3114459156284056, -0.7100613186518241, -0.4736190259398124, 0.048272473933060944, -0.021199438359052206, -0.232398335888383, 0.6011291294304618, 0.5249854166840795, 0.08753015729514779], [-0.3602777092019141, -0.5515843526145021, -0.32355174527298003, -0.13655008444771227, -0.177473837098822, 0.4181864387448703, 0.6078927670759704, 0.48988418549970997, -0.32355174527298003, 0.46276637010427535, 0.06143390478041829, -0.002105154794752241]], "inverted": true, "swapped": false, "error_lsq": 0.054684784295351986, "error_max": 0.4150833558888106, "target": "782.xyz", "model": "11.xyz", "model_rescale": 3.890672605050136, "target_rescale": 3.8584104544373012},
{"mapping": [12, 4, 10, 1, 11, 6, 8, 5, 9, 7, 3, 13], "R": [[0.6748244037402624, -0.20479158181177803, -0.7089939577567844], [-0.571972202186611, 0.4619373053172079, -0.6778360612139747], [0.4663258775174265, 0.8629451511975175, 0.19459147458790627]], "T": [-0.03489445171171314, -0.1424215256471781, 0.02653001477858389], "aligned_model": [[0.5028989728763277, -0.3259474462078446, 0.3603934575531814, -0.6888127384955955, 0.1009117519523456, -0.09654371438870891, -0.2340962898036199, 0.5560631803159761, 0.6691738159966599, 0.19786727342224325, -0.5858588060229216, -0.006406885344443558], [0.3043162563177112, 0.261650552655035, -0.027683201191769508, -0.5593912246847311, -0.5423352342319793, -0.5950824888245068, 0.10316662378168898, 0.16912610051693924, -0.44096057337372596, 0.6630809038791745, 0.5822146366195177, 0.016661250550398993], [-0.23102722814040458, -0.4664922501917786, -0.7672729142489649, -0.035320083720955985, -0.3261566232268259, 0.37775040821881856, 0.673983591800939, 0.42487576361342333, 0.17138417388372632, 0.1812943052858226, 0.18274739094353845, -0.02069749671575649]], "inverted": true, "swapped": false, "error_lsq": 0.06202900111180352, "error_max": 0.3614113445413581, "target": "782.xyz", "model": "12.xyz", "model_rescale": 4.124412569039231, "target_rescale": 3.8584104544373012},
{"mapping": [2, 8, 11, 6, 9, 7, 0, 5, 10, 4, 1, 12], "R": [[0.8965652225998841, -0.3562348611589207, -0.26318724383887776], [0.37995694869330204, 0.3132534258136826, 0.8703476364968582], [-0.22760386368446353, -0.8803232445591086, 0.4162060383089462]], "T": [-0.07080108849928016, -0.10855938542798958, 0.16686111558825564], "aligned_model": [[0.2184994351622531, -0.2104775474741739, 0.39398291457202994, -0.6665976018133882, -0.17358576614469357, 0.32565365641522015, -0.24914402322781756, 0.3974128795336743, 0.6158811694607459, 0.2995120324981356, -0.5299309183322534, 0.0284363412038674], [0.5053661758365102, -0.02848758167522837, -0.09416790521499162, -0.1670916882686831, -0.6553457480089954, -0.5746569900892422, 0.12329321537039427, -0.10686845298742698, -0.08493132573487282, 0.5556505609022786, 0.5256333513472469, -0.06363000946323598], [-0.36398361301338766, -0.5324064397512269, -0.7130943248306225, -0.13182483826795896, -0.14794240366963543, 0.30344198057257654, 0.6680652282304638, 0.762275844964788, -0.10243215149350746, 0.3667850895449132, -0.05644063292216986, 0.11262529813734842]], "inverted": false, "swapped": false, "error_lsq": 0.05364259080646273, "error_max": 0.32820541335424375, "target": "782.xyz", "model": "13.xyz", "model_rescale": 3.9028299243045295, "target_rescale": 3.8584104544373012},
{"mapping": [12, 5, 13, 4, 10, 7, 6, 9, 14, 1, 2, 15], "R": [[0.10200359901315906, 0.8900629880733886, 0.4442782270719939], [0.21483356963928696, 0.4163590296054128, -0.8834544107208256], [-0.9713093241313011, 0.18556140689246395, -0.14874528943023746]], "T": [-0.11480392912908396, 0.1076854187750934, -0.006151387050477125], "aligned_model": [[0.2609245601555482, -0.1944695916389818, 0.31425034172963073, -0.5383342412358743, 0.09875329841638394, -0.049443143513219684, -0.09163690981458993, 0.370185311923096, 0.7028850043400047, 0.1386410877429544, -0.4979267297816249, -0.06418641646972767], [0.5046065758787407, -0.004230534881590559, -0.07171001467973177, -0.4004956683292408, -0.5884952717572428, -0.6517168087716079, 0.1885510651866663, -0.18954481902365777, -0.21386338908019215, 0.592893892387852, 0.7262413970953437, 0.04252717798841511], [-0.4368740197786357, -0.49933495854199267, -0.6514273457756463, -0.15358724198031018, -0.16451286829508793, 0.48340369701867636, 0.6551596582948713, 0.5204272663958914, -0.1112314757066162, 0.3439016322193408, 0.10678749403223917, 0.07235719961885184]], "inverted": false, "swapped": false, "error_lsq": 0.04383301020597339, "error_max": 0.2584593156563033, "target": "782.xyz", "model": "14.xyz", "model_rescale": 3.942246331269136, "target_rescale": 3.8584104544373012},
{"mapping": [3, 5, 1, 7, 0, 8, 11, 13, 12, 4, 10, 14], "R": [[-0.28420211601985607, -0.9220309881811684, 0.2628459892855417], [0.9586203318854083, -0.2685200516016944, 0.09457294107583553], [-0.016619763709099983, 0.278847339455628, 0.9601916187578248]], "T": [-0.09010888138421635, 0.04768024881817162, 0.01866699466269061], "aligned_model": [[0.3771383941037293, -0.14556071681371133, 0.4190754282454878, -0.7062990561479826, -0.06726934929285708, -0.13917725677625267, -0.13771606616114537, 0.5428168378350744, 0.7042072188920159, 0.11887065699362798, -0.4560617353618443, -0.06038178366254231], [0.43734733221181327, 0.14535301550739982, -0.09731686818905314, -0.5387422919840268, -0.6339442212090685, -0.6027019671975657, 0.09888273892312868, 0.1048976964314531, -0.13389719542834486, 0.555513794015823, 0.6262952154953818, -0.026923646563187353], [-0.36393917121709674, -0.605964643011776, -0.5948055888054978, -0.06734335525365773, -0.25625830519563336, 0.4351237077970046, 0.7322655412007405, 0.5256788723782738, -0.04589168210202171, 0.22384160282357632, 0.21937510373136224, -0.03701304484369266]], "inverted": false, "swapped": false, "error_lsq": 0.04520909624638406, "error_max": 0.22710260056527123, "target": "782.xyz", "model": "15.xyz", "model_rescale": 4.355366556412066, "target_rescale": 3.8584104544373012},
{"mapping": [7, 5, 3, 0, 4, 2, 1, 8, 6, 10, 9, 11], "R": [[0.038906908201646245, 0.7605177185983586, -0.6481504857609353], [0.4272769610086665, 0.5736890393350448, 0.6987955958204315], [0.9032832618206688, -0.3041277459305236, -0.30263123280625176]], "T": [0.008217541827065224, 0.04034473380997804, 0.030464659456521652], "aligned_model": [[0.14166090841238396, -0.37853370719423163, 0.3132515830883071, -0.5890044076612572, 0.09586886090887792, -0.07908555185313251, -0.25783983799567606, 0.37817837052305076, 0.7565926784147732, 0.4557130079770185, -0.4688983719629609, 0.08173903919644684], [0.7277847708797601, 0.058341746083116805, 0.036932576866483366, -0.3423478584181172, -0.6635891949584958, -0.6201893630112939, 0.12282678183257362, -0.06127191266093053, -0.2952434191146149, 0.4180034891088908, 0.6079184339449145, -0.05440244853853361], [-0.5263837787451396, -0.48515095400636166, -0.5508782683373401, 0.002422165103245083, -0.2714028633552946, 0.5372173392870034, 0.49630523926968373, 0.6936683673800204, -0.027940901524427887, 0.2636115464411031, 0.04357972542883023, -0.009978579439740114]], "inverted": false, "swapped": false, "error_lsq": 0.054081395150994575, "error_max": 0.33329614407343644, "target": "782.xyz", "model": "16.xyz", "model_rescale": 3.795458400668931, "target_rescale": 3.8584104544373012},
{"mapping": [6, 8, 3, 11, 7, 4, 10, 2, 0, 5, 9, 12], "R": [[0.1413542765119099, -0.3006629018613468, -0.9431971098111512], [-0.7974442026593365, 0.5299793201080087, -0.28845218651081184], [0.5866018344301439, 0.7929210173164583, -0.16484704468392258]], "T": [0.09632724963182068, -0.07848905897985187, 0.009964676976424293], "aligned_model": [[0.2737296712300813, -0.31677013404193144, 0.3986559550858735, -0.6801481805176641, 0.13493048944177333, 0.015029833949644134, -0.223980796052649, 0.3593839242110164, 0.6752462112402591, 0.2103581285545708, -0.4414860050297825, 0.04469347378240834], [0.44425488529228835, 0.061352145201976266, -0.11361721440407493, -0.30461469748049197, -0.6456906626758716, -0.5771192461164247, 0.1261751488685708, -0.10332178734002778, -0.146023079563804, 0.6463769843301859, 0.6309455696706661, -0.0839544437692395], [-0.38073085737949464, -0.5072217125676268, -0.7381966045831598, -0.026000183788777165, -0.31877049027343757, 0.41028261944693084, 0.6379925274318795, 0.6670281184206209, -0.09634797242280128, 0.2632289301448955, 0.08348535309144096, 0.17031930998111183]], "inverted": false, "swapped": false, "error_lsq": 0.04111591257774134, "error_max": 0.2366584729067628, "target": "782.xyz", "model": "17.xyz", "model_rescale": 3.7474275329858107, "target_rescale": 3.8584104544373012},
{"mapping": [5, 9, 12, 2, 7, 1, 0, 3, 11, 8, 4, 13], "R": [[0.9651838566026558, -0.22549294068636044, 0.13256340616565776], [0.2587713097800144, 0.8971118225426371, -0.35808907703107], [-0.03817763990033246, 0.379925402618521, 0.9242289522930967]], "T": [0.07575461930550895, -0.015095407830202974, -0.00044708605905764524], "aligned_model": [[0.244560926694342, -0.3108023603633354, 0.3250591930139459, -0.518737329829473, 0.10376552948098186, 0.08178430566223438, -0.4557155785805499, 0.5073293089958225, 0.6646854469214708, 0.19945522645738512, -0.3711692585459344, -0.020572838053290077], [0.5711893070212881, 0.08729335755886203, -0.021729254320856824, -0.38698779562598956, -0.6534421457542147, -0.5238023479023687, 0.11355066302719297, -0.026762859819581132, -0.4332984875198823, 0.5553577621230423, 0.6845137885691754, -0.031118385342914577], [-0.3890273228024438, -0.5369304577002285, -0.7054578270568758, 0.1095897174337769, -0.3993808062798627, 0.4682738424416123, 0.6321127988473251, 0.5231905167656624, -0.002270880921431224, 0.4192382626240368, 0.005195762534466618, 0.04053543161554386]], "inverted": true, "swapped": false, "error_lsq": 0.04514293362597849, "error_max": 0.3100874137273105, "target": "782.xyz", "model": "18.xyz", "model_rescale": 3.922800546911778, "target_rescale": 3.8584104544373012},
{"mapping": [13, 5, 8, 0, 1, 2, 9, 10, 6, 11, 7, 14], "R": [[-0.16381482799727676, 0.9807807418357903, -0.10598980409576958], [-0.2533295537303064, -0.14566207962874922, -0.9563507179717239], [-0.9534090619115314, -0.12981407859806615, 0.2723223561566488]], "T": [0.045533295399752594, 0.02859172827680214, -0.09695464577783058], "aligned_model": [[0.2730874479720724, -0.3550800949874045, 0.3477335038888633, -0.6401502227131873, 0.1198845366828083, -0.12435545997807754, -0.22320598304283007, 0.4929147124720279, 0.642161243170514, 0.2794392020779515, -0.3549032292376687, -0.007883084451469652], [0.6554459808098344, -0.20772875192427995, 0.019001908086046203, -0.4478950299687218, -0.7029407482415414, -0.3694619407042127, 0.09342465583685564, -0.07711443758381767, -0.3167748623867874, 0.5379664208417394, 0.6565915080743704, 0.09424889917426754], [-0.2615347191419294, -0.7020953420342897, -0.6289073911974457, -0.13218414878044657, -0.18248331146632238, 0.47385184524580043, 0.6687601037478244, 0.5658248963179979, -0.11986276454323255, 0.34244160154823605, 0.19197075180632944, -0.05071248400094035]], "inverted": true, "swapped": false, "error_lsq": 0.05044085828959705, "error_max": 0.38373131011010914, "target": "782.xyz", "model": "19.xyz", "model_rescale": 3.9282355846067225, "target_rescale": 3.8584104544373012},
{"mapping": [5, 7, 6, 12, 9, 11, 10, 0, 4, 1, 2, 13], "R": [[-0.8437166758367445, 0.16821951551382414, -0.5097493163460728], [0.29838634794080215, -0.6424186146393098, -0.7058781133648081], [-0.4462149238624195, -0.7476633722238938, 0.49182489115258377]], "T": [0.11827095141438787, -0.07036866088799254, -0.1287891578294797], "aligned_model": [[0.2460235073771675, -0.3579874136827496, 0.3976655550892417, -0.6615791000073477, -0.17279333202172648, 0.2162695654661677, -0.4250062975766668, 0.5046699518935054, 0.6697849862914855, 0.25188692204167173, -0.33760141040667485, 0.11830963738952571], [0.5722968354807726, 0.07590155245513902, 0.09419571859153553, -0.4089297446493334, -0.6958115510465224, -0.49763891901746016, -0.0073091853269552365, 0.01404920125272123, -0.3406836708777286, 0.5227670839795916, 0.5885261595848008, 0.017400121587192077], [-0.3703476320560274, -0.5027955357739999, -0.6959763178577667, -0.12663622322092938, -0.07851392241728755, 0.43795555497149835, 0.5368741822022094, 0.5667440370484997, 0.019972092661515922, 0.309203486926477, 0.06292473222987272, 0.005664582787519995]], "inverted": false, "swapped": false, "error_lsq": 0.040375628946579284, "error_max": 0.2154834180975109, "target": "782.xyz", "model": "20.xyz", "model_rescale": 4.067790424073018, "target_rescale": 3.8584104544373012},
{"mapping": [8, 0, 7, 3, 12, 11, 6, 13, 9, 5, 4, 14], "R": [[0.26506116968743976, 0.8767728161284553, 0.40126301252682683], [-0.8244610025981477, 0.42187764476721146, -0.3772045970564617], [-0.5000066314748068, -0.23084341390615562, 0.8346883770230469]], "T": [0.04421293616103616, 0.028834179459997875, 0.039059432973759196], "aligned_model": [[0.18076247921933383, -0.26124466986244305, 0.4032227044843253, -0.6139421515211323, 0.08596602202519056, -0.014682408488147676, -0.46516008874465276, 0.4678605040398223, 0.6250541737875079, 0.2657147849383686, -0.32311356998958773, 0.09920479196501478], [0.5006523696843043, 0.010221828126605562, 0.13770920223687128, -0.5100911471864564, -0.7089415534198947, -0.4788840034072118, 0.14106151274432288, -0.015736400220260446, -0.37147261937518933, 0.5184121937712934, 0.7368833375851608, -0.025051118525792428], [-0.25061230259787676, -0.6018830455851253, -0.6058608511486892, 0.027380841110451713, -0.16332019715745047, 0.43502134925336855, 0.5639413719445043, 0.594630946583441, -0.2871733412040717, 0.28342886590087163, 0.11786376212960165, 0.05165163827255622]], "inverted": false, "swapped": false, "error_lsq": 0.04365132487606862, "error_max": 0.21165306454187677, "target": "782.xyz", "model": "21.xyz", "model_rescale": 4.186013935880536, "target_rescale": 3.8584104544373012},
{"mapping": [0, 1, 2, 9, 8, 11, 4, 3, 5, 6, 7, 12], "R": [[-0.8378289137840846, 0.47596027837929317, 0.26740329959162235], [0.5440440204360291, 0.7686261517585917, 0.33649657154357504], [-0.04537416726710076, 0.42740572321610804, -0.9029205572512641]], "T": [-0.046488146531739355, -0.029595178520466912, 0.017898515802818572], "aligned_model": [[0.2922056988343229, -0.3014016616394518, 0.32708985958217573, -0.549113186394325, -0.0504574493240184, 0.01576781148070719, -0.2369415653023201, 0.6256011281161371, 0.7133586426167343, 0.15455134940506693, -0.5144371030582571, -0.026580952463172318], [0.4775508892778224, 0.3443336088220524, -0.28309037565998607, -0.33361272430504585, -0.7443090826278619, -0.5226308671319243, 0.13496144649256767, 0.07876409438376286, -0.140550851896086, 0.42213906431783405, 0.5297481703190431, -0.02853976997842523], [-0.3692420091157882, -0.5568358556631041, -0.5702161509418049, -0.18307949641888632, -0.25929529836792514, 0.40777796404193506, 0.6992682841455174, 0.6415113200456003, -0.0762315627128925, 0.273578284141998, 0.09841268893773197, 0.0594208694092001]], "inverted": true, "swapped": false, "error_lsq": 0.04610606284401303, "error_max": 0.28060741788673244, "target": "782.xyz", "model": "22.xyz", "model_rescale": 4.166573947596378, "target_rescale": 3.8584104544373012},
{"mapping": [9, 10, 14, 7, 5, 1, 4, 2, 12, 3, 8, 15], "R": [[0.9458468692881045, 0.2588334007740889, -0.19590551421951236], [0.30875848889535373, -0.9036486312689777, 0.29679512587096407], [-0.10020925802015213, -0.34121023116170407, -0.9346302385208961]], "T": [0.12987948479456965, 0.014523283898989322, 0.011706761110311442], "aligned_model": [[0.18045061133596713, -0.25034442642090415, 0.37212784097656915, -0.49878615661414083, -0.18077694296478783, -0.00018366819614187846, -0.21089096729242532, 0.4133593346603842, 0.7349475685576927, 0.2605713222217523, -0.484306678782757, 0.1134747343723913], [0.5470301602522415, -0.0681266970716971, -0.025529761524478087, -0.2573230768413586, -0.7501132971440594, -0.48616575399685663, 0.21061934593550652, -0.08676279288733449, -0.10623202638946146, 0.470918233666664, 0.5308591330370268, -0.04440986502244003], [-0.2609251410561999, -0.6282463552112135, -0.7404164008117707, -0.1938868066748191, -0.08771890973951563, 0.5021077444211001, 0.6324122845292587, 0.6135286156141021, -0.2089561589228904, 0.3805562500248726, 0.11295787264126261, 0.04365604268739471]], "inverted": false, "swapped": false, "error_lsq": 0.04747309297931999, "error_max": 0.24531960057877694, "target": "782.xyz", "model": "23.xyz", "model_rescale": 4.274766983524099, "target_rescale": 3.8584104544373012},
{"mapping": [3, 1, 10, 6, 9, 7, 5, 8, 4, 2, 11], "R": [[-0.17690221301739417, -0.692862538515268, -0.6990329818769119], [0.07028784355239298, 0.6995276677435385, -0.7111403947955988], [0.9817154506669958, -0.17493583047353195, -0.07504817878025331]], "T": [-0.058326436358117725, 0.15191742912033704, 0.016954445983103587], "aligned_model": [[0.4708879148940984, 0.26010557360780384, -0.5006663054537589, -0.5204970586760053, -0.6826257682848429, -0.5261219202925023, -0.055197262016659074, 0.07834192118457699, 0.5760653411845884, 0.3464755196691268, -0.06687325185835113], [-0.08467847746357829, 0.5324593221977477, 0.5730664771534097, -0.27312419345738914, 0.3143093777337421, -0.21009815341577245, -0.5554797070468113, 0.12296116660061028, -0.20726885483623617, 0.6297142049535703, 0.07372536882419045], [-0.5495298556358844, -0.21293846609439548, -0.6166453205929628, -0.37309128943896763, 0.1481862136341002, 0.512492560050959, 0.132700820769355, 0.7224415655979557, 0.1376752630089614, 0.4414616352586893, 0.036813307463767084]], "inverted": false, "swapped": true, "error_lsq": 0.044965508328540925, "error_max": 0.21883997951377807, "target": "782.xyz", "model": "24.xyz", "model_rescale": 3.7841303162186577, "target_rescale": 3.8584104544373012},
{"mapping": [12, 9, 14, 0, 7, 6, 4, 3, 13, 5, 2, 15], "R": [[0.29235932790458313, 0.31557158066384927, 0.9027406055254743], [-0.8389997938825582, -0.36836260574795937, 0.400485126504841], [0.45891760616934874, -0.874484744386026, 0.1570702472905084]], "T": [-0.09564614199220875, -0.14279679588214883, -0.07946499052153147], "aligned_model": [[0.35256134221079427, -0.12026740497709548, 0.32821261950698644, -0.6866096462670023, -0.17668702387676888, 0.05643523398108635, -0.22181561361804034, 0.45892005137711744, 0.680649907873108, 0.18577116065106578, -0.3381279901731291, -0.06940006483452259], [0.4559476637055883, 0.24030736030749417, 0.08243645880338887, -0.5805912004315288, -0.7872532669578229, -0.47582640025333917, 0.1294188951766898, -0.016790894418731855, -0.0843883116377811, 0.5725435574855315, 0.5660427477274599, -0.1670830074931953], [-0.2051114375287549, -0.5207876700264197, -0.7110603464217229, -0.10015666305187972, -0.10969399070878211, 0.5434226317165948, 0.6036779116807622, 0.49113183526827087, -0.15661995927158395, 0.3429462144203703, 0.007380174256413519, -0.020059662831686725]], "inverted": false, "swapped": false, "error_lsq": 0.045056116030376965, "error_max": 0.23400475763641942, "target": "782.xyz", "model": "25.xyz", "model_rescale": 4.19342608120988, "target_rescale": 3.8584104544373012},
{"mapping": [7, 5, 3, 0, 4, 2, 1, 8, 6, 10, 9, 11], "R": [[0.038906908201646245, 0.7605177185983586, -0.6481504857609353], [0.4272769610086665, 0.5736890393350448, 0.6987955958204315], [0.9032832618206688, -0.3041277459305236, -0.30263123280625176]], "T": [0.008217541827065224, 0.04034473380997804, 0.030464659456521652], "aligned_model": [[0.14166090841238396, -0.37853370719423163, 0.3132515830883071, -0.5890044076612572, 0.09586886090887792, -0.07908555185313251, -0.25783983799567606, 0.37817837052305076, 0.7565926784147732, 0.4557130079770185, -0.4688983719629609, 0.08173903919644684], [0.7277847708797601, 0.058341746083116805, 0.036932576866483366, -0.3423478584181172, -0.6635891949584958, -0.6201893630112939, 0.12282678183257362, -0.06127191266093053, -0.2952434191146149, 0.4180034891088908, 0.6079184339449145, -0.05440244853853361], [-0.5263837787451396, -0.48515095400636166, -0.5508782683373401, 0.002422165103245083, -0.2714028633552946, 0.5372173392870034, 0.49630523926968373, 0.6936683673800204, -0.027940901524427887, 0.2636115464411031, 0.04357972542883023, -0.009978579439740114]], "inverted": false, "swapped": false, "error_lsq": 0.054081395150994575, "error_max": 0.33329614407343644, "target": "782.xyz", "model": "26.xyz", "model_rescale": 3.795458400668931, "target_rescale": 3.8584104544373012},
{"mapping": [9, 3, 4, 7, 10, 5, 6, 8, 11, 1, 2, 12], "R": [[-0.2521384246359602, -0.7819111139819643, -0.5701238678160917], [-0.9667417802866536, 0.229623647062422, 0.11262020670352368], [0.04285493052483391, 0.5795584444568438, -0.8138030869863273]], "T": [0.08984919829733276, 0.0975001564077646, 0.016786706474443684], "aligned_model": [[0.18092749128766328, -0.4228239323409879, 0.3374686052423561, -0.5116116872971594, 0.09719172923225929, -0.039076476505348984, -0.17611666607058638, 0.4861386941495397, 0.7396024462672552, 0.06328109252007508, -0.2691415372764949, -0.03619718735497099], [0.42477139674140457, 0.09458509696032796, -0.1990578668669894, -0.4433308688283398, -0.559765339160267, -0.5190697086431921, -0.031606106842818116, -0.06066125185956367, -0.14382406470113845, 0.5039900608017484, 0.8766703459202345, -0.007938091507653303], [-0.24583958678625928, -0.514470596908558, -0.7245641893718829, -0.06038002127378806, -0.25823071858151825, 0.42919456256832667, 0.7873583718348846, 0.6072876078440114, -0.1597293800220914, 0.44622036134141807, -0.1803284412095093, 0.03855106806654814]], "inverted": true, "swapped": false, "error_lsq": 0.057474890152102415, "error_max": 0.3789807489246502, "target": "782.xyz", "model": "27.xyz", "model_rescale": 3.6321398670334006, "target_rescale": 3.8584104544373012},
{"mapping": [9, 6, 12, 4, 7, 3, 2, 0, 8, 11, 13, 14], "R": [[-0.26817720827673736, 0.9610810866883238, 0.06636361782547759], [-0.07379437546972734, 0.04819092881552661, -0.9961084401454141], [-0.960539106496934, -0.27203084235043545, 0.05799866981392082]], "T": [0.11863403630823793, -0.021051826725027277, 0.07874070169801983], "aligned_model": [[0.2608306327103332, -0.34191518334397586, 0.2951165195787709, -0.5765078675926327, 0.12365429068141973, 0.14818332041319943, -0.26934253196155816, 0.44141719705353794, 0.5384531087716049, 0.15890028121695576, -0.3911675706090029, 0.062020374934947525], [0.5286325877804406, 0.1786965235013652, -0.19050582696564436, -0.39548629353401493, -0.7126802665316001, -0.620260824269356, 0.2792100174004756, -0.032300891767566176, -0.2623413762131638, 0.545042769573155, 0.6122407542551715, 0.004516428784490691], [-0.2736785566316998, -0.5144729613276539, -0.7109738073247462, -0.17234457438477369, -0.271276844005922, 0.41285968803830236, 0.705446909716067, 0.6126846911714372, -0.1017057321774476, 0.37947542530283124, 0.004442919940503581, 0.09461187918468317]], "inverted": false, "swapped": false, "error_lsq": 0.04140975614637065, "error_max": 0.204366621620352, "target": "782.xyz", "model": "28.xyz", "model_rescale": 4.156811204709835, "target_rescale": 3.8584104544373012},
{"mapping": [2, 0, 1, 10, 7, 8, 3, 5, 6, 11], "R": [[-0.39772760166062054, 0.8552826659090234, 0.3321209362157778], [-0.8641655256838674, -0.47082425243808795, 0.17760199192475595], [0.30827049663698963, -0.2163702491371437, 0.926365595319426]], "T": [-0.13929932006164195, 0.015610622945144193, -0.03289918664610601], "aligned_model": [[-0.5248699910626383, 0.058639486025659354, -0.12247472982877541, 0.6931133940759584, -0.1873433144116748, -0.6506777039454236, -0.2975333354882226, -0.44343614603755765, 0.28770777024786387, -0.17020005546460135], [-0.41827182614545716, -0.56022539541148, 0.11128716785905168, 0.13491034104821298, -0.3496729254399283, -0.4707342944638986, 0.7671045097105886, 0.2918130014349625, 0.3750313466396705, 0.03747840539448176], [-0.518122861235215, -0.3633980501152239, -0.5710671532682213, -0.2923917592923388, 0.6451167594557502, 0.10562716767606979, -0.2920687278357829, 0.5544940040426899, 0.45174442363104056, 0.0388529239163309]], "inverted": false, "swapped": true, "error_lsq": 0.061749248638448086, "error_max": 0.34311482419670797, "target": "782.xyz", "model": "29.xyz", "model_rescale": 4.117894457231895, "target_rescale": 3.8584104544373012},
