[{"mapping": [9, 0, 10, 4, 2, 12, 11, 1, 7, 6, 11, 5, 3, 13], "R": [[0.5764630992362102, -0.8164661726162583, -0.0327610163508682], [0.6984397492104328, 0.4715286373234518, 0.5383703752127863], [-0.4241134423027063, -0.3332322510761034, 0.8420712884910053]], "T": [-0.00031949435608666366, 0.10563381993617103, 0.03213195408635181], "aligned_model": [[-0.17919141369938493, -0.6482889980341373, 0.04105123593685532, 0.6562503024248719, -0.06175031911494259, -0.41345002781421014, 0.39038665611505297, -0.48075608542057713, 0.4225072130977916, 0.5732638036931897, 0.39038665611505297, 0.27661157771081146, 0.0035573590800351334, 0.08984683146449989], [-0.4067103860309378, 0.1721189928270197, -0.8921572480466616, 0.1667690794235585, 0.4749904787172968, -0.2839618608021399, -0.32621664518288995, 0.27894125288114546, -0.36148386167596525, 0.5902266523507729, -0.32621664518288995, 0.37883057443876944, 0.6201703624251989, -0.018720602432366507], [-0.4600584794316146, -0.3815438594071632, 0.16678102378359147, -0.6596648431117134, -0.639478169268853, 0.14464051308638606, 0.4167300827918288, 0.300812673668771, -0.385496025656965, -0.11180647427439466, 0.4167300827918288, 0.6810340846844283, -0.05972348804204946, -0.022143948308748156]], "inverted": true, "swapped": false, "error_lsq": 0.05717058262177433, "error_max": 0.40676464047696126, "target": "785.xyz", "model": "0.xyz", "model_rescale": 3.8414455957264533, "target_rescale": 3.9619905470518875},
{"mapping": [13, 7, 8, 11, 0, 9, 6, 2, 12, 1, 10, 5, 3, 14], "R": [[-0.13426430960723548, -0.39118328212094455, 0.910466218458861], [0.7244869773072655, 0.5881032945954555, 0.3595179197177146], [-0.6760855825099916, 0.7078913438339651, 0.20444591081033894]], "T": [-0.0008376511394224129, 0.027507376302653028, -0.028505963270229293], "aligned_model": [[-0.10239278732745752, -0.6136524541724488, 0.18560184538966623, 0.527792927721948, -0.2331566156348507, -0.5200428501164485, -0.09745541009785916, -0.4356106924168959, 0.618753732304806, 0.5402427597328496, 0.5559202602803652, 0.19720939846598012, 0.3592578209476529, 0.07795685647760159], [-0.4278016103112322, 0.12480920290202503, -0.7402558486076364, -0.008164354014584346, 0.3765276197182688, -0.41486051112281147, -0.26430123304173664, 0.2773172077746516, -0.35960014182941563, 0.6137529685983772, -0.13057255867219364, 0.2539834737356892, 0.696404148848862, 0.06934177973164675], [-0.6261908983838697, -0.19567466207218986, -0.01943170793419051, -0.6959957690941392, -0.6198858225223375, -0.04419970480626599, 0.6895051215675926, 0.5129478004960769, -0.248832609035943, -0.36323867104296975, 0.33675101837449467, 0.5578460883306763, 0.16198088850623232, -0.03876789907783452]], "inverted": true, "swapped": false, "error_lsq": 0.05092068085631131, "error_max": 0.37690395846189173, "target": "785.xyz", "model": "1.xyz", "model_rescale": 4.316132596720782, "target_rescale": 3.9619905470518875},
{"mapping": [2, 5, 0, 9, 8, 10, 4, 11, 1, 6, 7, 13], "R": [[0.9753906055508365, 0.0855573698243054, -0.20320704483831242], [0.03328891221702715, -0.9682213945575889, -0.2478692789442954], [-0.21795645190399832, 0.23500482460942135, -0.947242164118403]], "T": [-0.01570888399331619, 0.06578263100011375, -0.07673560916254088], "aligned_model": [[-0.1756704922796992, 0.5341822687451072, 0.037070707932445185, -0.7248830960080103, -0.5007592571334887, -0.3301511274872745, -0.06840888148215135, -0.14511877676327914, 0.5570244833434099, 0.07589394993089309, 0.41682560579155997, -0.07819682995773149], [-0.633534836116512, -0.20235873476522567, -0.5293233857966249, 0.32990234720314804, -0.3330604905882789, 0.06535064292790366, 0.3077070425930917, 0.6281303833115145, 0.024770658354548336, -0.14879016017948404, 0.40674279332601526, 0.09724016747088424], [0.19325179037229281, 0.0025113130777100062, -0.6288501046354502, -0.1479652494829544, -0.23738115694321568, 0.33035099323825023, -0.7472332005189973, 0.5875210430896148, -0.58202528233065, 0.6692008358642706, 0.1674244937569546, -0.15754701427840423]], "inverted": true, "swapped": true, "error_lsq": 0.05307270366327114, "error_max": 0.27714176282416053, "target": "785.xyz", "model": "2.xyz", "model_rescale": 3.795458400668931, "target_rescale": 3.9619905470518875},
{"mapping": [1, 7, 6, 9, 0, 8, 10, 4, 12, 3, 2, 13], "R": [[-0.1137220735991586, -0.5554126427749585, 0.8237621539146137], [-0.35263965746189874, 0.797719754167215, 0.48917120295102495], [-0.9288232135134556, -0.23486164024193995, -0.2865788686930761]], "T": [-0.0626391828933743, -0.09144255234319207, -0.00972554404998311], "aligned_model": [[0.18492457581537233, -0.30746507803992734, -0.8241809204690599, 0.31865301965503623, 0.21309818326813398, 0.10621177466922391, -0.3210198091830968, 0.6284050111979973, 0.34124632010098477, 0.6940987733894282, -0.4803663463985641, 0.03969832173803649], [-0.1685815109056752, -0.6109799654826479, -0.08000649249457989, -0.050367523866372874, 0.5374339838574191, 0.4835767715774666, -0.054124563029095324, -0.15724963867194194, -0.5995084192802247, 0.3180174968216194, 0.5479573977074371, -0.08039849094369529], [-0.7292982729783196, -0.19164648956884917, 0.16570860422831354, 0.6465442537050402, -0.44590266378630167, 0.23725385466895704, 0.4334904671602525, -0.18001670611151915, 0.40430242184604753, 0.274191114528984, 0.05506297802547596, 0.019081868921018718]], "inverted": true, "swapped": true, "error_lsq": 0.05222289247905263, "error_max": 0.29825574190427984, "target": "785.xyz", "model": "3.xyz", "model_rescale": 3.7530521520055578, "target_rescale": 3.9619905470518875},
{"mapping": [10, 5, 7, 1, 12, 0, 9, 8, 3, 4, 13], "R": [[0.6606611105446738, -0.747600568151767, 0.06797269682036433], [0.4140488011970713, 0.43842743529483286, 0.7977123380066671], [-0.6261712922524844, -0.49887350549006926, 0.5991950753126261]], "T": [-0.09681415849139842, -0.14792476231524693, -0.16709928098991572], "aligned_model": [[-0.4316510961679077, -0.01113890623475354, 0.30305233544085985, 0.3918825024228951, 0.27819986314763345, -0.2886809216188617, -0.2787544941218104, -0.6007091032785002, -0.2529520831904783, 0.3072035298830838, -0.07825202383695519], [-0.5378756964606969, 0.10992315884428039, -0.4159565736794198, 0.41232415240633363, -0.5981625117496704, 0.6390333145817271, -0.45376415854303437, 0.0786214316658248, 0.16931324178391505, 0.18823289794354808, -0.12448589847846118], [-0.14670057789544735, -0.7209353102291809, -0.5293420285109536, -0.34687656803138645, 0.33222429523880054, -0.09192346655175127, 0.5045560823622459, 0.17190425697722866, 0.6671066483738193, 0.31729669917983505, -0.06447925366789314]], "inverted": true, "swapped": true, "error_lsq": 0.04585302709315885, "error_max": 0.23824828743319157, "target": "785.xyz", "model": "4.xyz", "model_rescale": 3.7855080009869324, "target_rescale": 3.9619905470518875},
{"mapping": [4, 0, 7, 11, 1, 5, 10, 9, 6, 13, 8, 15, 14, 16], "R": [[0.10270997631981849, 0.3731382024101723, 0.922072959513773], [0.6203405635344725, -0.7486564556039952, 0.233861276649634], [0.7775784500602597, 0.5479793731378664, -0.308367249586132]], "T": [0.048165425528531, 0.08860175794415034, -0.04324297691680261], "aligned_model": [[-0.11294534403179404, -0.6055660071848218, 0.07518877567268545, 0.512464225923085, -0.2220624109778592, -0.5456840991396369, -0.05327996577620812, -0.2847858430179459, 0.46499474608315705, 0.7389120271506856, 0.5810441736137472, 0.41431269469567, 0.062316148824219465, 0.035515669719924925], [-0.4104026345148668, -0.06166622256490217, -0.658907192597075, 0.22597915800737517, 0.2411159325066879, -0.45333360061316164, -0.26378710357170077, 0.38700271854839474, -0.2935422541629029, 0.30023102592294265, -0.1508222139182501, 0.3348309064950672, 0.7340413963431148, 0.1358402278291874], [-0.5648162892168427, -0.44139951803699023, -4.345073842830505e-06, -0.6741077026737488, -0.7337647230797699, 0.050309435216997586, 0.5864356688517159, 0.5108457693439373, -0.3692741711354782, -0.09755526058821158, 0.34921883714971963, 0.6529075027721748, 0.15900644519978185, -0.020988475424110337]], "inverted": false, "swapped": false, "error_lsq": 0.04465364550981981, "error_max": 0.24532964560303158, "target": "785.xyz", "model": "5.xyz", "model_rescale": 4.2253639853439635, "target_rescale": 3.9619905470518875},
{"mapping": [9, 0, 8, 12, 7, 1, 10, 4, 11, 6, 5, 2, 3, 13], "R": [[0.22407221105759645, -0.12060274172560351, -0.9670814975585191], [-0.296020893879009, 0.9370077756176, -0.18544017584986988], [0.9285274765018174, 0.32782831958271325, 0.17425647265092337]], "T": [0.05393779075846922, -0.04653873718595061, -0.024685713149666312], "aligned_model": [[-0.21399252027728083, -0.5596709604440211, 0.16206300383163424, 0.3903153981530496, 0.07905139880900172, -0.5693511987237498, 0.06871008317089261, -0.4120206631940706, 0.751515587294826, 0.511319313167248, 0.5641370868541866, 0.24944479535572317, -0.011544876626325792, 0.05044834418379523], [-0.43666397935699286, 0.18284455984756243, -0.7753475821008362, 0.05046359443432098, 0.5411996094734403, -0.3494404933475753, -0.3790383113838537, 0.27457115094953555, -0.19593247319505294, 0.4014037044139598, -0.18528018876451635, 0.26477151763751816, 0.6591513221395928, 0.013877712962807744], [-0.4101880754441862, -0.4872116614124154, 0.030191253515814177, -0.8900090153741935, -0.5569677423256304, 0.2171140876416183, 0.6808199827339563, 0.4003818945767994, -0.33552412492323197, -0.08687638846074555, 0.32343603901183243, 0.5365936722123734, 0.002203562400737512, -0.01715031084739561]], "inverted": true, "swapped": false, "error_lsq": 0.05331127501283522, "error_max": 0.32031030474882977, "target": "785.xyz", "model": "6.xyz", "model_rescale": 3.89814844738969, "target_rescale": 3.9619905470518875},
{"mapping": [4, 12, 9, 1, 8, 11, 7, 0, 5, 6, 10, 2, 13], "R": [[0.7094634236773585, -0.10380701567717013, -0.6970550580551017], [0.7045363250363512, 0.08056253346419984, 0.7050803109618811], [-0.017035761452730114, -0.9913293003326544, 0.13029198414981724]], "T": [-0.0891465337593988, 0.03594158982337532, -0.03849710138917599], "aligned_model": [[0.20516922185200354, -0.01032578403516736, 0.451619633780815, -0.3061706436003515, 0.5066371833857575, -0.4690518298698159, -0.6646226995459588, 0.30971840654385757, -0.501205266048407, -0.459974096845251, -0.025587570453939695, 0.12048282247416175, -0.008057576733481425], [-0.4176325036068094, 0.295876048332659, 0.42996914052062135, -0.6944311723843997, 0.08273320002054323, 0.7692490516748426, 0.07182395346757077, -0.5726739703857068, -0.26483899795504345, 0.5348999042991739, 0.5357316069858247, 0.18035221879757862, 0.012722785703630703], [-0.505958873561636, -0.7588407332149077, -0.399156484283075, -0.10542474697907712, 0.21251883384881648, -0.3420608464541533, -0.21312158877663379, 0.3251801345372706, 0.30834405207893617, 0.43519189023725546, 0.06525168120475085, 0.6845014705955406, -0.10414975839679137]], "inverted": false, "swapped": true, "error_lsq": 0.046833672067065193, "error_max": 0.26043603142303146, "target": "785.xyz", "model": "7.xyz", "model_rescale": 3.7474275329858107, "target_rescale": 3.9619905470518875},
{"mapping": [11, 9, 10, 13, 4, 7, 6, 5, 12, 1, 0, 3, 2, 14], "R": [[0.08331281748840003, 0.5952451835419645, -0.7992134545365446], [0.6841837939472606, -0.6172726629323316, -0.38841600854800085], [-0.7245353756319128, -0.514448861468777, -0.4586838327120348]], "T": [0.1020363199968473, 0.014377150574086592, -0.08244461662225477], "aligned_model": [[-0.1790690314709757, -0.6326643674779867, 0.19241013432951581, 0.2825985969666236, -0.0007672897356156699, -0.37101165597008584, -0.047627644859951204, -0.4697606209691711, 0.4316523336006132, 0.8066563795992177, 0.49393665034767636, 0.027412892873056302, 0.39767926208389204, 0.1289791522381004], [-0.4115854935325771, -0.06672473202737708, -0.7173147320139782, 0.17851375388963195, 0.6506635999913517, -0.4317416289547765, -0.27791594062385644, 0.08909347419603016, -0.30310966319030846, 0.25525280402541717, -0.1101994917927964, 0.35456927071670485, 0.8003273085393323, 0.05675161448711259], [-0.43743132453070355, -0.2667753643311033, 0.09566468219720653, -0.9476430148408909, -0.5260624904274829, 0.12024055528058222, 0.6652876515453283, 0.3423932269230349, -0.4962054478533535, 0.019001483500908634, 0.43244180665424437, 0.5443210513125665, -0.023562566400069346, -0.11485707572493542]], "inverted": false, "swapped": false, "error_lsq": 0.05372550318096693, "error_max": 0.30294904665602096, "target": "785.xyz", "model": "8.xyz", "model_rescale": 4.019505241142653, "target_rescale": 3.9619905470518875},
{"mapping": [5, 6, 7, 1, 0, 4, 12, 2, 8, 10, 11, 9, 13], "R": [[0.017231771985225228, 0.481981689805128, -0.8760118245359722], [0.30364223315013894, 0.8322406449902278, 0.46387164504186557], [0.9526302852008467, -0.273987517085803, -0.13200901559859815]], "T": [0.03736659672125692, -0.08459210922003006, -0.028365075331714416], "aligned_model": [[-0.2336311737145153, -0.7383395690399466, -0.20919373082215278, 0.36658141203423483, 0.3953583784053589, 0.7398385260598921, 0.36182644768406685, -0.35257316308006187, 0.20346754002071848, -0.27089432451215123, -0.41602740905266317, 0.3374322762996771, 0.13585556145871877], [-0.4543944845959064, -0.07377429235694725, 0.18346728911333776, -0.43499998369899034, -0.8121039023664461, -0.057740634861057724, 0.6126334839914344, -0.594052639805749, -0.36513132912481666, 0.12708891977071618, 0.6687805051217601, 0.32753537417220446, -0.06393007724548033], [-0.4411199155992102, 0.06659102586855536, -0.5082673954462, -0.6232222621026734, 0.03748131972802813, -0.15753131508013526, 0.007354086243025672, 0.39106642485510823, 0.5318714058740261, 0.3248486834138609, 0.004534687976766767, 0.5354367289452262, 0.0076600193675005895]], "inverted": false, "swapped": true, "error_lsq": 0.052891920534289, "error_max": 0.30625854023528615, "target": "785.xyz", "model": "9.xyz", "model_rescale": 3.877068213659057, "target_rescale": 3.9619905470518875},
{"mapping": [4, 7, 13, 5, 1, 2, 14, 9, 3, 12, 6, 10, 11, 15], "R": [[0.9943561916851356, -0.04202798189636747, 0.09741361709305701], [0.1032676722081532, 0.5939104113080256, -0.7978760625665126], [-0.024321840681649647, 0.8034326804889448, 0.5948986266484452]], "T": [0.07236428812163966, 0.029603343507394603, -0.03316258834783607], "aligned_model": [[-0.14637206681471737, -0.6134070958912922, 0.12913618614703026, 0.39600108731678424, -0.1577747417660899, -0.4738279211978099, -0.05490506838490693, -0.3638968730657222, 0.4644938748664527, 0.7063495130404815, 0.6180768615677555, 0.28273455100850586, 0.18165072359248485, 0.09216576113595251], [-0.38485493564786133, 0.018027045034941153, -0.6872622543260174, 0.2035057671661348, 0.3512229021325266, -0.31991372653836103, -0.2587225783136058, 0.15334618267668337, -0.3115502323809276, 0.41200398504231794, -0.15369822458042454, 0.227656612117505, 0.7059650780158795, 0.1108545233111195], [-0.5214958983050731, -0.4757348057310258, 0.25059639776751286, -0.7230992604380124, -0.805498976611101, 0.10778863078443669, 0.6811148229841096, 0.4464301689926302, -0.3973191035801988, -0.13330099083067298, 0.1879774067779033, 0.6147031652968835, 0.2411484675329919, -0.0664968513350514]], "inverted": false, "swapped": false, "error_lsq": 0.044486689571441994, "error_max": 0.27306423875179864, "target": "785.xyz", "model": "10.xyz", "model_rescale": 4.260839863003843, "target_rescale": 3.9619905470518875},
{"mapping": [4, 1, 5, 0, 2, 8, 3, 12, 7, 6, 10, 13], "R": [[-0.011938203934641511, -0.9981192441531912, -0.06012864323995225], [-0.9994604633403674, 0.010070917706540672, 0.03126273877968042], [-0.030598390583057782, 0.06046942258373757, -0.9977009508996754]], "T": [0.05779064261071294, -0.0009559918907757255, 0.05485342133094943], "aligned_model": [[0.41690619403783774, 0.057409083240641756, -0.26574270959372803, -0.43380743569373326, -0.6618554663096547, -0.264180607755228, 0.17910330544785785, 0.7883536270888221, 0.3128231908064241, -0.2909974746471729, 0.012796654282103442, 0.1080902881899603], [-0.08936558124324864, -0.656660355347979, -0.511327192420085, -0.12771339531937653, 0.24282572027537094, 0.4641976549485414, 0.5145270232569641, 0.24183575172241753, -0.3957694111919821, 0.06230437685970507, 0.3849186533789903, 0.043305260613615684], [-0.5567767740554955, -0.3389419416776969, 0.17898059104280115, -0.5807810355279043, 0.15587711447605945, -0.26156922468766847, -0.6803193707998019, 0.05298897417604185, 0.4317285151019745, 0.7514154910146491, 0.39200310932375376, -0.028427370991208116]], "inverted": true, "swapped": true, "error_lsq": 0.05157190771553791, "error_max": 0.2779767308402787, "target": "785.xyz", "model": "11.xyz", "model_rescale": 3.890672605050136, "target_rescale": 3.9619905470518875},
{"mapping": [8, 3, 5, 6, 0, 7, 12, 4, 6, 11, 12, 10, 2, 13], "R": [[0.8144723197410405, -0.5463391149781016, 0.19531618422597075], [-0.5628017826303373, -0.66211014265633, 0.4948376627336781], [-0.14102834411480242, -0.5129558757208651, -0.8467510116437286]], "T": [0.19491909253852407, 0.04206737795679256, -0.1732377208647636], "aligned_model": [[-0.15290508724981672, -0.7180255474030224, 0.21763136517018838, 0.5288769998860765, -0.19788928698275576, -0.376819288897743, 0.11001440633948542, -0.2745762428453625, 0.5288769998860765, 0.6250454283286953, 0.11001440633948542, 0.34665192384158616, 0.23649554189034047, 0.07703317325167512], [-0.39534455994903367, 0.0232728665830082, -0.702859382338815, -0.03571797782881208, 0.3023209883659435, -0.46782554051061304, -0.2306565986470755, 0.44982249989606576, -0.03571797782881208, 0.34909085967922276, -0.2306565986470755, 0.3556615090671205, 0.6760479170076847, 0.009142138861101462], [-0.6280785527721141, -0.31195328144199796, 0.049339133957239545, -0.6363574661649483, -0.5291368287508103, 0.2010464027176169, 0.5149083200247329, 0.14982099579553929, -0.6363574661649483, -0.0199729798901688, 0.5149083200247329, 0.6502769258055171, 0.14598666515661232, -0.057617014991671114]], "inverted": true, "swapped": false, "error_lsq": 0.05818748556533626, "error_max": 0.4022268831517888, "target": "785.xyz", "model": "12.xyz", "model_rescale": 4.124412569039231, "target_rescale": 3.9619905470518875},
{"mapping": [7, 2, 0, 11, 1, 7, 10, 12, 8, 9, 4, 3, 13], "R": [[-0.48944981982200175, 0.11776835983096781, -0.8640425263254894], [0.544977446552114, -0.7322020178587293, -0.40850922608081086], [-0.6807631428226326, -0.6708284568101811, 0.29419504568894966]], "T": [0.07248972860697074, 0.08362391788289247, 0.12919746893838865], "aligned_model": [[-0.06254709861487022, -0.17278817520895368, 0.6638496063637612, -0.6453306236997236, 0.7244694104930107, -0.06254709861487022, -0.4070895051959445, 0.005289484918443194, 0.1174848969434928, -0.08868942117019411, 0.6756874729533398, 0.49089006478052044, 0.12861929356174617], [-0.46099920695688756, 0.7252320632249386, 0.6004995066803535, -0.3745995863575331, -0.1499539674315408, -0.46099920695688756, 0.21840967957493532, -0.32569959255448305, 0.6971524403328192, 0.263106884247286, -0.02324498970608052, 0.5387592304655904, 0.09982212194596696], [0.3485254885529352, 0.46934974304215993, 0.3410945981015445, -0.09212577185113402, 0.4538311265761882, 0.3485254885529352, 0.0010172445996372848, -0.5193485758964527, -0.07504473803736114, -0.5916132521223884, -0.23904599465727863, -0.5331555647905126, 0.039688288897566204]], "inverted": false, "swapped": true, "error_lsq": 0.0596132158771803, "error_max": 0.47207125012881174, "target": "785.xyz", "model": "13.xyz", "model_rescale": 3.9028299243045295, "target_rescale": 3.9619905470518875},
{"mapping": [7, 6, 4, 14, 11, 3, 0, 2, 10, 13, 5, 8, 12, 15], "R": [[-0.7893956266537189, 0.10127515891814289, -0.6054732750552145], [-0.42916358104226116, -0.7962747603902126, 0.42633921549922194], [-0.4389455152145482, 0.596397391134145, 0.672039423338706]], "T": [-0.004954763467298617, 0.04501689606695663, -0.028320769272169293], "aligned_model": [[-0.1072107781322072, -0.6109422411109147, 0.221362382642446, 0.43017114777634446, -0.058562659700185524, -0.40856718729499875, -0.12015070071417974, -0.4552710428847621, 0.47278293846109404, 0.7444383846221885, 0.45181810101740877, 0.22667067524158763, 0.3079025846402232, -0.034016813009135775], [-0.6266837626899842, -0.013230383895689903, -0.5698890387805445, 0.26970495495177643, 0.588316773937965, -0.4080141150740281, -0.3561339821868364, 0.3011360902218278, -0.359371654790645, 0.27574901479451686, 0.012017767042715219, 0.28488953321142074, 0.6628685952845401, 0.005220351682875622], [-0.6274784182490577, -0.299972556612724, 0.1449839177641879, -0.7653630817223526, -0.5261240682816851, 0.11502970862957008, 0.6879363620450357, 0.49490764780096386, -0.4327823745457, -0.1618271390799542, 0.20052730567981547, 0.6683268702486288, 0.0396486832043635, -0.1309996835757596]], "inverted": true, "swapped": false, "error_lsq": 0.03883789145780726, "error_max": 0.20588771445639095, "target": "785.xyz", "model": "14.xyz", "model_rescale": 3.942246331269136, "target_rescale": 3.9619905470518875},
{"mapping": [10, 11, 9, 3, 4, 6, 7, 8, 5, 1, 2, 0, 12, 14], "R": [[-0.004017931097579419, -0.45445579082682463, -0.8907602317198835], [-0.5473966697472171, -0.7444573320087544, 0.38228283608875674], [-0.8368636341599216, 0.4891351704819155, -0.24577640818084273]], "T": [0.014043667903543916, 0.033530572579538974, -0.137052013926018], "aligned_model": [[-0.23148545704496928, -0.6937985664771092, 0.06841627673842857, 0.4898935027103537, -0.1313179597096349, -0.38701042876759273, -0.03603001341208498, -0.42609942124322453, 0.6204043364989635, 0.7062512230161305, 0.52531549969691, 0.2651252108470358, 0.21904314446848747, 0.07171744423321497], [-0.4445740202258485, 0.09417382508090438, -0.7620389412223125, 0.2969050871726364, 0.11846677699925101, -0.2694202344882025, -0.39241193557910464, 0.24524744166037662, -0.15222372016941205, 0.45186392124617214, -0.2222791855112983, 0.20548955236988317, 0.8236829417697918, 0.07369863460707288], [-0.6062342420459392, -0.23396843054162525, -0.026259079810453945, -0.6068910611303011, -0.6985854637925641, 0.10823518382128294, 0.6025729682859564, 0.4631903993627618, -0.16158037495905284, -0.0871787162705082, 0.36872501236091165, 0.5323549257831821, -0.17841269856587416, -0.06915524919244342]], "inverted": false, "swapped": false, "error_lsq": 0.051890863512726745, "error_max": 0.3011962849558212, "target": "785.xyz", "model": "15.xyz", "model_rescale": 4.355366556412066, "target_rescale": 3.9619905470518875},
{"mapping": [2, 5, 0, 9, 8, 10, 4, 11, 1, 6, 7, 13], "R": [[0.9753906055508365, 0.0855573698243054, -0.20320704483831242], [0.03328891221702715, -0.9682213945575889, -0.2478692789442954], [-0.21795645190399832, 0.23500482460942135, -0.947242164118403]], "T": [-0.01570888399331619, 0.06578263100011375, -0.07673560916254088], "aligned_model": [[-0.1756704922796992, 0.5341822687451072, 0.037070707932445185, -0.7248830960080103, -0.5007592571334887, -0.3301511274872745, -0.06840888148215135, -0.14511877676327914, 0.5570244833434099, 0.07589394993089309, 0.41682560579155997, -0.07819682995773149], [-0.633534836116512, -0.20235873476522567, -0.5293233857966249, 0.32990234720314804, -0.3330604905882789, 0.06535064292790366, 0.3077070425930917, 0.6281303833115145, 0.024770658354548336, -0.14879016017948404, 0.40674279332601526, 0.09724016747088424], [0.19325179037229281, 0.0025113130777100062, -0.6288501046354502, -0.1479652494829544, -0.23738115694321568, 0.33035099323825023, -0.7472332005189973, 0.5875210430896148, -0.58202528233065, 0.6692008358642706, 0.1674244937569546, -0.15754701427840423]], "inverted": true, "swapped": true, "error_lsq": 0.05307270366327114, "error_max": 0.27714176282416053, "target": "785.xyz", "model": "16.xyz", "model_rescale": 3.795458400668931, "target_rescale": 3.9619905470518875},
{"mapping": [4, 12, 9, 1, 8, 11, 7, 0, 5, 6, 10, 2, 13], "R": [[0.7094634236773585, -0.10380701567717013, -0.6970550580551017], [0.7045363250363512, 0.08056253346419984, 0.7050803109618811], [-0.017035761452730114, -0.9913293003326544, 0.13029198414981724]], "T": [-0.0891465337593988, 0.03594158982337532, -0.03849710138917599], "aligned_model": [[0.20516922185200354, -0.01032578403516736, 0.451619633780815, -0.3061706436003515, 0.5066371833857575, -0.4690518298698159, -0.6646226995459588, 0.30971840654385757, -0.501205266048407, -0.459974096845251, -0.025587570453939695, 0.12048282247416175, -0.008057576733481425], [-0.4176325036068094, 0.295876048332659, 0.42996914052062135, -0.6944311723843997, 0.08273320002054323, 0.7692490516748426, 0.07182395346757077, -0.5726739703857068, -0.26483899795504345, 0.5348999042991739, 0.5357316069858247, 0.18035221879757862, 0.012722785703630703], [-0.505958873561636, -0.7588407332149077, -0.399156484283075, -0.10542474697907712, 0.21251883384881648, -0.3420608464541533, -0.21312158877663379, 0.3251801345372706, 0.30834405207893617, 0.43519189023725546, 0.06525168120475085, 0.6845014705955406, -0.10414975839679137]], "inverted": false, "swapped": true, "error_lsq": 0.046833672067065193, "error_max": 0.26043603142303146, "target": "785.xyz", "model": "17.xyz", "model_rescale": 3.7474275329858107, "target_rescale": 3.9619905470518875},
{"mapping": [0, 2, 3, 4, 6, 1, 11, 7, 8, 5, 10, 12, 9, 13], "R": [[-0.6869235360985011, -0.6076218435407545, 0.3986624522149861], [0.38131760289317773, 0.16563178606511986, 0.9094850175614105], [-0.6186541370408285, 0.776763674934026, 0.11792053267033142]], "T": [0.059091430169015066, -0.020076269431534628, 0.008712290389849213], "aligned_model": [[-0.1846447411780922, -0.5621333152448971, 0.16740199363118585, 0.45230113043408493, -0.13326696802478472, -0.45519161738742775, -0.023964000273661745, -0.4148623399630057, 0.5426571581651086, 0.7101205261151018, 0.6295532128459527, 0.2868078494952561, 0.052715245793014856, -0.007069342852926416], [-0.33246829915279874, 0.12121518976984191, -0.6812259559189341, 0.2314432031367536, 0.4607523892204145, -0.4793519825401663, -0.317006604744624, 0.2718583892285573, -0.40424254219618627, 0.2951460433387726, -0.21815299009056838, 0.49361693506823656, 0.639291669750622, -0.014295301160010411], [-0.727593549139182, -0.30425617935087124, 0.11705939560893056, -0.6778369857419007, -0.5629526981511798, 0.06436463224795896, 0.6619127445009072, 0.5162172272002771, -0.3593025364805138, 0.012705588982892833, 0.34304496558249337, 0.5021709485705438, -0.1049425859136078, -0.07377779461141568]], "inverted": false, "swapped": false, "error_lsq": 0.04510900351965413, "error_max": 0.2783131083366447, "target": "785.xyz", "model": "18.xyz", "model_rescale": 3.922800546911778, "target_rescale": 3.9619905470518875},
{"mapping": [10, 2, 11, 6, 1, 9, 7, 3, 4, 8, 13, 12, 5, 14], "R": [[0.4273452704714841, 0.6360818759832345, -0.6424763550912231], [0.8986874239205809, -0.22130597308919475, 0.3786615644108008], [0.09867590330290632, -0.7392046491471046, -0.6662128434567002]], "T": [0.10157479652694754, 0.10282626786198128, -0.06101162176070047], "aligned_model": [[-0.10461633370333617, -0.5482584202630654, 0.1655044320252497, 0.34506292983958475, -0.09781252707240681, -0.5479328643911143, -0.07991093842483335, -0.33481969054133887, 0.5211221054432772, 0.6392933201314669, 0.6117590575203304, 0.2691899109339744, 0.15709015277179877, 0.06475365728532186], [-0.499654778704749, -0.02034808377043114, -0.5943233365560836, 0.07071760677050692, 0.542638273800206, -0.37976279805390845, -0.29484585167499894, 0.23706119128920433, -0.3910079692882174, 0.3716116694972533, -0.21939195873155753, 0.3542816252383994, 0.8353085148626855, 0.05429603903160053], [-0.5560898515441577, -0.33610039333101543, 0.06990454810992625, -0.705565990865396, -0.6220758948670239, 0.02837952870823953, 0.6076668005101494, 0.38697284289627865, -0.38346307685357545, -0.17504605192089542, 0.2671669593589941, 0.6651353476852447, 0.14616348107629967, 0.013764924342264333]], "inverted": true, "swapped": false, "error_lsq": 0.03943015145161193, "error_max": 0.26891991521741665, "target": "785.xyz", "model": "19.xyz", "model_rescale": 3.9282355846067225, "target_rescale": 3.9619905470518875},
{"mapping": [3, 5, 8, 0, 1, 6, 9, 7, 4, 11, 9, 12, 10, 13], "R": [[-0.6118206859706562, -0.027657049934451894, 0.7905128308935403], [0.4399218290781128, -0.8424635605876737, 0.31100471601328983], [0.6573767812441837, 0.5380429691677632, 0.5276035735381007]], "T": [-0.031568545677379975, -0.023215714708925455, -0.02284169079904795], "aligned_model": [[-0.16478795021651316, -0.6470708229239733, 0.2554328179889832, 0.4240569662995798, -0.14685712371360796, -0.5072678489694782, 0.42320553194791477, -0.44425816677796814, 0.3252278392392873, 0.6746920630111417, 0.42320553194791477, 0.12992984165775084, 0.31815809743315, -0.003241985369272539], [-0.2140841157556414, 0.04041981129592208, -0.6726400987550789, 0.1635418480981814, 0.41263195730025415, -0.46894579178391704, -0.08159422002794185, 0.14343850803854785, -0.4286994529868907, 0.049871998940518414, -0.08159422002794185, 0.34830496366913244, 0.7605534113885711, 0.09537554431619467], [-0.7385070545534117, -0.3465662941008918, 0.25010476143674853, -0.6534953150389482, -0.6213783620942793, -0.06618826269578111, 0.4950360106658488, 0.41306130650185524, -0.3509379002290505, -0.118848513756431, 0.4950360106658488, 0.724610649951334, 0.05220217015221114, -0.12731603359972024]], "inverted": false, "swapped": false, "error_lsq": 0.05571330024946123, "error_max": 0.4944855786268772, "target": "785.xyz", "model": "20.xyz", "model_rescale": 4.067790424073018, "target_rescale": 3.9619905470518875},
{"mapping": [6, 3, 13, 4, 2, 11, 10, 12, 5, 8, 1, 9, 0, 14], "R": [[0.4420036526748711, -0.8644323780569336, 0.23956092082997746], [-0.40294943376736414, 0.04726088986721974, 0.9140011827757769], [-0.8014140782695502, -0.5005227987372737, -0.32743305131824146]], "T": [0.10365865918577259, 0.029092935618127286, -0.07848014773089998], "aligned_model": [[-0.1754856529825587, -0.6943343079644051, 0.19869325204720417, 0.4697564261074634, -0.11371569615392917, -0.41515369346589287, 0.047535683880565324, -0.44205614350338435, 0.5818647904780029, 0.6163717223248191, 0.7130916834737177, 0.15019659126478507, 0.03645623481016495, 0.08720390123835653], [-0.31867968836361416, 0.24256878375367066, -0.6279818657905004, 0.05943028499862954, 0.40377117701199994, -0.3269446102595188, -0.39227032404179163, 0.21492420036055024, -0.2742818467877257, 0.26064699085909004, -0.07597467411885288, 0.16804791917596942, 0.7324127994861676, 0.0009109974258368868], [-0.6689795615225608, -0.2819016394481858, 0.1436563791859313, -0.7908877312277318, -0.683531002292379, 0.07019151278520142, 0.6219411801891794, 0.42617415183252727, -0.24505973307257783, -0.17162482612475555, 0.46083171712117754, 0.6847862755389433, -0.1511646217789452, -0.007618927880491538]], "inverted": true, "swapped": false, "error_lsq": 0.047984210978924045, "error_max": 0.3468848549588933, "target": "785.xyz", "model": "21.xyz", "model_rescale": 4.186013935880536, "target_rescale": 3.9619905470518875},
{"mapping": [3, 9, 8, 1, 7, 0, 4, 12, 2, 10, 11, 5, 13], "R": [[-0.4400638016423436, -0.7758736878843971, -0.45206622405655705], [0.5037653017045519, -0.6300593925259025, 0.590970119962433], [-0.7433467369152903, 0.03232927989541112, 0.668124573997121]], "T": [0.020987993020754526, 0.004705337975350089, 0.12783965882251994], "aligned_model": [[0.014687076264331057, -0.46513468305841077, 0.21852259104507876, 0.4597407514604112, -0.17717432332427635, 0.7360287205188264, 0.023581925100540614, -0.6691460807836611, 0.4575781011574609, -0.24474326679027078, -0.7355228987264788, 0.44347226967811165, -0.0033161471184378136], [-0.2860633918125277, 0.044673321898690034, 0.2188675833673434, -0.570519425723123, -0.09670095175989885, -0.17764275112004482, -0.6430086279754901, -0.3062734733937248, 0.6121285956361334, 0.43756562895691, 0.31880223317350265, 0.023776490033624177, -0.05664857173530077], [-0.7302584588687737, -0.4551253943296769, -0.45118651275832955, 0.3761049080240708, 0.6876633219409428, -0.21455368966007146, -0.1743715595386465, -0.012448331658092393, -0.03934854464142626, 0.04652250803603081, 0.44917005892861883, 0.5769537575942305, 0.043757498266469005]], "inverted": false, "swapped": true, "error_lsq": 0.04485203246729149, "error_max": 0.24628406163480737, "target": "785.xyz", "model": "22.xyz", "model_rescale": 4.166573947596378, "target_rescale": 3.9619905470518875},
{"mapping": [12, 14, 6, 11, 9, 13, 5, 7, 2, 3, 1, 0, 8, 15], "R": [[0.11588916030802066, -0.441738663347535, -0.8896272566794675], [-0.3249490083901134, -0.8632364261514872, 0.38630430299375373], [-0.9386042001127973, 0.24431501359748853, -0.24358228519634817]], "T": [0.08683567261628458, 0.07413127517040187, -0.10822719184390389], "aligned_model": [[-0.04538104410470517, -0.6089342681560763, 0.2862172578631409, 0.32784847659431815, -0.0781852266848006, -0.6439063626880378, -0.19303282568071786, -0.26577098153593626, 0.7017097845777992, 0.5450031520082992, 0.4551797135229366, 0.3054663226407718, 0.16922013410351905, 0.10499065909439778], [-0.3812577631845898, -0.07907171453025393, -0.6550141261291281, 0.007240621576641446, 0.47573117268153575, -0.23218438286393595, -0.3415071673183031, 0.2464233018421375, -0.1986776710483239, 0.3449043152780523, -0.26137572038855317, 0.2518425731906136, 0.853346592184483, 0.0361801124195345], [-0.5604670826041667, -0.4523358907816845, -0.020468436183504357, -0.8562457719653134, -0.5228773955035692, 0.19010137597693239, 0.5550829090801586, 0.48958017900655487, -0.1259569547204553, -0.38785403889992764, 0.40153430564948606, 0.6581768114493045, 0.09206117640869604, -0.05351801360717851]], "inverted": false, "swapped": false, "error_lsq": 0.05466390958040919, "error_max": 0.3526995363557587, "target": "785.xyz", "model": "23.xyz", "model_rescale": 4.274766983524099, "target_rescale": 3.9619905470518875},
{"mapping": [2, 10, 6, 5, 7, 1, 0, 4, 3, 12, 13], "R": [[-0.909080302056428, -0.03836450755704365, 0.41485077916390506], [-0.31546712226196155, -0.5870154532005012, -0.7455825591278049], [0.2721277258655394, -0.8086661995308793, 0.5215414447112848]], "T": [-0.06111951705595568, 0.1682272797067635, 0.013403292631042996], "aligned_model": [[0.10679196096420905, 0.16229972497032935, -0.28183176743243277, -0.5873003946741818, -0.565017413329955, -0.5121954755426189, 0.05709871997310774, 0.10368830346820314, 0.7022067647085556, 0.18093794541955727, 0.013216335433301585], [-0.1461165700776273, 0.4921495736617653, 0.46516436568688985, -0.09393601519616929, 0.4877064961602742, -0.30235103060170454, -0.636359362140436, -0.06836836946914635, -0.1352036502560311, 0.6998938445172624, 0.1530072489584059], [-0.6652125865667349, -0.3178848036428159, -0.6750501999304874, -0.17358397274710247, 0.09691385118093689, 0.4135403682864305, 0.034189270058668994, 0.6674159926299406, 0.39573978535603516, 0.5148137332303674, 0.08868499616633874]], "inverted": true, "swapped": true, "error_lsq": 0.052410840704900784, "error_max": 0.3194819428347865, "target": "785.xyz", "model": "24.xyz", "model_rescale": 3.7841303162186577, "target_rescale": 3.9619905470518875},
{"mapping": [1, 6, 2, 0, 7, 3, 12, 13, 8, 10, 9, 14, 10, 15], "R": [[0.7184710938148469, -0.3986499938850945, 0.5699802362607952], [-0.527298751956648, -0.8465755131329105, 0.07256670551093629], [0.4536025942799039, -0.3526869475032549, -0.818447679160603]], "T": [0.032757692679310314, -0.0356104124748297, -0.08569873582111376], "aligned_model": [[0.1249369993682933, -0.6124221214498795, 0.2726584731557894, 0.302833689577463, -0.04223426877963623, -0.7087618627296501, -0.002824623252581225, -0.3595406267103671, 0.42873093136727736, 0.4511697554169089, 0.47359990933402485, 0.3152115030514125, 0.4511697554169089, -0.03410272221105496], [-0.42507009457699324, -0.038136385049559324, -0.7213972793151647, 0.10759748920896979, 0.4557738789841273, -0.22784346735844713, -0.2810932932751088, 0.2341771615060707, -0.3781472201299651, 0.6185192091854524, -0.11950612351419046, 0.2607158525430418, 0.6185192091854524, -0.03752879368377538], [-0.712484604550159, -0.4109110958965033, 0.11663024560101101, -0.7549374093497626, -0.5048922996125655, 0.1636947067337401, 0.6309908486260545, 0.5350400907400862, -0.36016460488911684, -0.03773115198116192, 0.289481698383925, 0.5937933921519779, -0.03773115198116192, -0.1039654906710307]], "inverted": true, "swapped": false, "error_lsq": 0.05099852230149885, "error_max": 0.3740924767059088, "target": "785.xyz", "model": "25.xyz", "model_rescale": 4.19342608120988, "target_rescale": 3.9619905470518875},
{"mapping": [2, 5, 0, 9, 8, 10, 4, 11, 1, 6, 7, 13], "R": [[0.9753906055508365, 0.0855573698243054, -0.20320704483831242], [0.03328891221702715, -0.9682213945575889, -0.2478692789442954], [-0.21795645190399832, 0.23500482460942135, -0.947242164118403]], "T": [-0.01570888399331619, 0.06578263100011375, -0.07673560916254088], "aligned_model": [[-0.1756704922796992, 0.5341822687451072, 0.037070707932445185, -0.7248830960080103, -0.5007592571334887, -0.3301511274872745, -0.06840888148215135, -0.14511877676327914, 0.5570244833434099, 0.07589394993089309, 0.41682560579155997, -0.07819682995773149], [-0.633534836116512, -0.20235873476522567, -0.5293233857966249, 0.32990234720314804, -0.3330604905882789, 0.06535064292790366, 0.3077070425930917, 0.6281303833115145, 0.024770658354548336, -0.14879016017948404, 0.40674279332601526, 0.09724016747088424], [0.19325179037229281, 0.0025113130777100062, -0.6288501046354502, -0.1479652494829544, -0.23738115694321568, 0.33035099323825023, -0.7472332005189973, 0.5875210430896148, -0.58202528233065, 0.6692008358642706, 0.1674244937569546, -0.15754701427840423]], "inverted": true, "swapped": true, "error_lsq": 0.05307270366327114, "error_max": 0.27714176282416053, "target": "785.xyz", "model": "26.xyz", "model_rescale": 3.795458400668931, "target_rescale": 3.9619905470518875},
{"mapping": [4, 9, 3, 0, 2, 7, 12, 1, 11, 8, 5, 6, 13], "R": [[-0.9518383315543444, 0.01660760968371884, 0.3061502537716332], [-0.14404846602039784, 0.8572403710450682, -0.49435714386229346], [-0.27065444762835955, -0.5146485534334156, -0.8135619438173596]], "T": [-0.17008350808419626, -0.031176318136115877, -0.016420981287879464], "aligned_model": [[-0.09514111404537785, 0.5043779073863293, 0.5248685008540017, -0.10529183175235737, 0.053391669010882326, -0.6593086689323089, 0.046510981110794464, -0.6918290568207343, -0.1638399513754919, 0.37168063449106004, -0.6871144698126328, -0.2928230656002682, -0.10580515169264018], [-0.6753481128434115, -0.2928517788365783, -0.46441400191383664, 0.007347077703625804, 0.6508874692332682, -0.08843847124131338, -0.6010200148941615, -0.3371678297915046, 0.029707076365575902, 0.12411920210664501, 0.23368115440410397, 0.6477016851947263, -0.11232195223022494], [-0.3169173492427247, 0.21679287216578, -0.404061729903717, -0.8264118820478326, -0.2854445249215475, 0.3304707321030893, 0.45372641021288745, -0.4845811279684135, 0.8613449585908763, -0.3366265517512534, -0.2240014486561282, 0.3508846129127465, -0.04303830939433665]], "inverted": true, "swapped": true, "error_lsq": 0.051542675378685926, "error_max": 0.2874554776977436, "target": "785.xyz", "model": "27.xyz", "model_rescale": 3.6321398670334006, "target_rescale": 3.9619905470518875},
